{"test": {"ids": ["110115980", "108116070", "113121010", "111120540", "108116120", "109120621", "98108970", "105112130", "100120780", "113122170", "103110760", "106118301", "113119340", "109116170", "100116790", "98112300", "104118340", "109116810", "112116900", "111119430", "99111620", "109119460", "102110890", "108118630", "106119260", "112116850", "112118620", "106113170", "102107961", "105112100", "106118161", "104111711", "110114651", "110119300", "104111620", "112118530", "111119290", "101108080", "107118120", "98109230", "112120290", "113121680", "107117630", "112118511", "98107380", "99109311", "107121700", "102109010", "102110050", "101115190", "99111930", "103117461", "102116500", "105113260", "103112470", "105113620", "109115220", "113121190", "112117461", "106118520", "104114740", "112117571", "113118620", "99108310", "106115120", "113122230", "112116990", "103113640", "102117351", "111120190", "101114990", "110116290", "104113380", "110117200", "99110050", "111119930", "109113881", "108113740", "107121230", "97105451", "108121190", "113118690", "102110240", "105113480", "104116800", "107114200", "112119320", "107121540", "103109641", "99119830", "107116340", "110113931", "109119340", "99108330", "97106591", "110121170", "100109890", "108113760", "113120591", "99109141", "112116451", "104112201", "103113170", "101119591", "105115900", "99111440", "105117351", "112117030", "112116800", "97109080", "108113620", "112121430", "111115770", "107119130", "108118060", "97112300", "97107920", "107118820", "107114140", "112117660", "99107660", "106115250", "98113881", "107116300", "98107010", "108120621", "100116500", "106113260", "112120700", "97106600", "111119340", "103113210", "101111310", "112120670", "105118230", "110114321", "107113840", "113122120", "99109780", "100108580", "104116441", "104117630"], "labels": [1, 1, 2, 1, 1, 1, 3, 1, 1, 1, 1, 1, 0, 0, 2, 2, 2, 3, 3, 3, 3, 1, 0, 1, 1, 0, 3, 0, 3, 1, 3, 1, 3, 1, 0, 1, 3, 0, 3, 1, 1, 1, 0, 1, 1, 1, 3, 1, 3, 1, 1, 0, 1, 3, 1, 0, 3, 1, 0, 2, 2, 3, 3, 2, 1, 1, 0, 1, 1, 3, 3, 2, 1, 3, 3, 1, 0, 3, 0, 0, 1, 3, 3, 0, 1, 2, 1, 2, 1, 1, 3, 1, 3, 1, 1, 2, 3, 1, 0, 3, 0, 0, 3, 0, 3, 3, 0, 2, 0, 2, 3, 2, 3, 1, 1, 2, 0, 3, 2, 0, 3, 2, 3, 0, 3, 1, 2, 3, 2, 3, 3, 3, 3, 2, 1, 1, 3, 1, 2, 0, 1, 0], "predicted_labels": [3, 2, 3, 1, 0, 3, 1, 1, 3, 3, 1, 0, 0, 3, 0, 2, 1, 1, 3, 2, 3, 0, 2, 1, 0, 3, 0, 1, 1, 1, 2, 2, 3, 3, 1, 2, 3, 0, 1, 2, 2, 2, 3, 1, 3, 3, 1, 1, 2, 1, 1, 1, 2, 3, 1, 1, 3, 1, 3, 3, 0, 1, 1, 3, 1, 1, 0, 0, 0, 1, 1, 2, 0, 0, 3, 0, 1, 0, 1, 0, 1, 1, 2, 1, 0, 1, 2, 0, 3, 1, 0, 1, 3, 1, 2, 3, 1, 0, 0, 0, 0, 0, 3, 3, 0, 2, 0, 3, 3, 1, 0, 0, 3, 1, 0, 0, 0, 3, 1, 3, 0, 1, 1, 1, 0, 0, 1, 1, 2, 2, 3, 2, 0, 2, 3, 0, 1, 0, 3, 2, 3, 3], "confidence_scores": [[0.09691049155874688, 0.002923382728739953, 0.0016436652477896398, 0.8985224604647234], [0.023965491393955315, 0.0036434405549106716, 0.9723788509733196, 1.2217077814394036e-05], [0.0106824883259684, 0.11936053376006056, 0.0028537593910222315, 0.8671032185229488], [0.05529373380280587, 0.8685946197149118, 0.07592108237920625, 0.00019056410307611747], [0.9861028577116506, 0.00019153455725583375, 6.82124632028866e-05, 0.013637395267890828], [0.16631508776598974, 0.025477270861140554, 0.016745108196996754, 0.7914625331758729], [4.4420682191617396e-05, 0.9994162545537243, 0.00041007975736104843, 0.00012924500672318253], [0.006302070442765023, 0.9924352163806545, 0.0012349958342157583, 2.7717342364694407e-05], [0.000372464967682777, 8.326724824058564e-06, 0.0021383584326955187, 0.9974808498747976], [0.0037201080595947243, 0.10389036280051464, 0.1832122101243131, 0.7091773190155775], [0.0003804242590530653, 0.9985250592091931, 0.0002015683894294214, 0.0008929481423243487], [0.959032896465932, 0.04036752013980928, 2.1734639739836184e-06, 0.0005974099302846805], [0.9987563232282629, 9.464119281833778e-05, 3.1842560048158176e-05, 0.0011171930188705352], [3.624650671816356e-05, 0.0828062484850773, 8.7707738857907e-06, 0.9171487342343188], [0.6117960258062904, 0.3266614719351525, 0.05995544256600736, 0.0015870596925496713], [0.17175101419245908, 0.10816983042329023, 0.44743878166695095, 0.27264037371729977], [0.0014696658614156638, 0.9945128617455966, 0.0020462463269932756, 0.0019712260659942742], [0.1933993545652608, 0.7541756383771866, 0.0066976243648126, 0.04572738269273991], [0.020889659493795364, 0.21718040995879936, 1.77752569829996e-05, 0.7619121552904222], [5.6195679472529605e-05, 0.005138393049939189, 0.9876556694759185, 0.0071497417946697886], [0.0058614815540399086, 0.02986013940206063, 0.0032747147065199846, 0.9610036643373794], [0.3375015452615549, 0.06672309513262265, 0.3064897350491684, 0.28928562455665396], [0.32410097930326137, 4.607221436434955e-05, 0.673200581328806, 0.0026523671535681726], [0.020441006184134823, 0.895905183616717, 0.00769140061872024, 0.075962409580428], [0.9969662828256793, 0.000403982284667786, 0.0014564037352572802, 0.0011733311543956615], [0.0003310029480862133, 0.06950921660103289, 0.0001939139483705131, 0.9299658665025103], [0.8830269051214863, 0.044833958905482016, 0.05356132479165155, 0.01857781118138019], [0.00982523829205034, 0.9875550369951264, 1.5459627235609402e-06, 0.0026181787500998677], [0.1353044163795714, 0.8044899392488598, 0.05717017015334587, 0.0030354742182228758], [0.12391384894334388, 0.47659042323187123, 0.053306299740089706, 0.34618942808469505], [0.049160045970630215, 0.006118258563575762, 0.7013645394443611, 0.24335715602143293], [0.06260294739013722, 0.0016442917806678337, 0.5684881430444098, 0.3672646177847852], [0.00017517984404256858, 0.027703266026300646, 3.894820899296143e-05, 0.9720826059206639], [0.1361079610291633, 0.0439933399536003, 0.005357286231283629, 0.8145414127859527], [0.15347085197048674, 0.6484312858427301, 0.0019510222309516026, 0.19614683995583138], [4.155056335266016e-05, 0.21433370337599153, 0.7854689276894116, 0.00015581837124421628], [1.6364210233021968e-05, 0.01646700497757583, 0.0003719923912023366, 0.9831446384209889], [0.6135669549801632, 0.0003947070036478953, 0.0034257208715206965, 0.38261261714466827], [0.0006102749737043037, 0.9227745601042514, 0.000123036185424216, 0.07649212873662027], [0.0018861489319586778, 0.0015051721010180344, 0.9965813544062987, 2.7324560724683615e-05], [0.05098073778434084, 0.3054647134253864, 0.6408833775639066, 0.0026711712263662937], [0.05798766537882995, 0.19040647498211669, 0.584593463803645, 0.1670123958354083], [0.015480854634338407, 0.2113646524172751, 0.2274914136334904, 0.5456630793148961], [0.0010931495394097734, 0.9955421220076613, 0.0011531744561514112, 0.002211553996777485], [0.00019737701526511257, 0.002063468036562318, 0.0005394689494940779, 0.9971996859986785], [0.10295920296632108, 0.00027358596971711164, 0.07796175175301946, 0.8188054593109423], [0.0010236723283989502, 0.8453337513742156, 0.0022037590566278634, 0.1514388172407575], [0.21591000616656564, 0.4253103929649805, 0.35538394278896146, 0.0033956580794924558], [0.007548157418745498, 0.0069347078970851085, 0.9854492481571742, 6.788652699521059e-05], [0.005687249403087399, 0.9283297509441831, 0.0658132319935033, 0.00016976765922627784], [2.0582836745492512e-05, 0.9985823374798302, 0.0012050272322635734, 0.0001920524511608745], [0.025744276442870927, 0.8560378872324802, 0.006951774303931672, 0.11126606202071733], [0.043022017238190206, 0.0005228373955410296, 0.9564204043101218, 3.474105614709495e-05], [0.03680591532346889, 0.009724549857251134, 0.0004391367380423825, 0.9530303980812375], [0.009586327008166234, 0.9765500643084303, 0.01385330558755409, 1.0303095849325252e-05], [0.017459068356061657, 0.9614765351448266, 0.0205868681718221, 0.0004775283272896311], [0.0031556357554890263, 0.06766519883003548, 0.0005141658613803212, 0.9286649995530952], [0.002252506828934901, 0.9977299630171078, 5.536616586542049e-06, 1.1993537370811294e-05], [0.08621834439046398, 5.9458817643644345e-05, 0.00040596034309069834, 0.9133162364488017], [0.046959700142709906, 0.21968092757973012, 0.038886747570524384, 0.6944726247070355], [0.9330695303371094, 0.006918546187883117, 0.03095183073900697, 0.029060092736000465], [0.31994200368248116, 0.6736678400817495, 4.956188332980877e-05, 0.006340594352439384], [0.0036759274287768754, 0.99627603596053, 2.436400530892226e-05, 2.3672605383896648e-05], [0.0406044485193032, 6.794785530837255e-06, 0.0009556812379547041, 0.9584330754572112], [0.031120376821023667, 0.9623837189160156, 4.499591607048894e-06, 0.006491404671353571], [0.020147174146157902, 0.9707194195975997, 0.007592804346426088, 0.0015406019098163993], [0.6513866648561774, 0.00034846103853983614, 0.05725341589202496, 0.29101145821325797], [0.9985215235251371, 2.302239898047652e-05, 0.0013674796977351837, 8.797437814739112e-05], [0.8145887658181963, 0.0001631390865788463, 0.0022177242903093472, 0.1830303708049155], [0.06362901795834612, 0.9214977843217836, 0.01433153365458279, 0.0005416640652874182], [1.9770967463624792e-06, 0.7019046140271737, 0.29014254677832074, 0.007950862097759097], [0.26806688262084516, 0.000883701435498278, 0.7275230826727591, 0.0035263332708973688], [0.8642906938821103, 0.019623568547251592, 0.032476982553965986, 0.08360875501667198], [0.9975859190726304, 0.0002665304721498873, 0.0019604198785995387, 0.00018713057662037998], [0.00458354953470833, 0.2416167317039281, 0.3543317949641113, 0.3994679237972522], [0.9763955074985732, 0.02310904219351691, 0.00025752359094971945, 0.0002379267169603002], [0.0012335459112962012, 0.9978778685679707, 0.0008347391980534893, 5.3846322679430314e-05], [0.9572064687340611, 0.009131766870655995, 0.005227610597277294, 0.028434153798005575], [0.0055414311967107175, 0.9871009647701545, 3.951417931043621e-05, 0.0073180898538244], [0.9999579007159781, 4.181720889002991e-05, 8.724445716153802e-09, 2.733506861142629e-07], [0.002732815103962704, 0.996821441086409, 0.0001382510482767832, 0.00030749276135169163], [2.5718197375501146e-05, 0.9942824986987345, 0.0047777411107337965, 0.0009140419931561805], [0.3195308289859032, 0.014779084314107424, 0.6249247096675516, 0.040765377032437836], [0.0072682794180682995, 0.6984693651039966, 0.19991247323687092, 0.09434988224106429], [0.6716768247352205, 0.19751845173308621, 0.011885929614866036, 0.11891879391682732], [0.23183095630290998, 0.7651824387904195, 0.00033915935658215807, 0.002647445550088311], [0.00035863880527222785, 0.06025540313466113, 0.9145560786007012, 0.024829879459365385], [0.9281288802470518, 0.05225162513716319, 0.0005995619658549865, 0.01901993264993013], [8.455686329263771e-06, 0.0004965261262541338, 0.000316481477798953, 0.9991785367096176], [0.00048801812678937956, 0.9555120103695596, 0.026263784092816402, 0.017736187410834853], [0.816378848492997, 0.13998165957325118, 0.0006130865726940478, 0.043026405361057625], [0.10574986826986954, 0.7713781522578219, 7.503369485836487e-05, 0.1227969457774501], [0.0491939451664952, 0.0020415123707767887, 0.038666882272341725, 0.9100976601903863], [0.24809699577168023, 0.651559348035758, 0.08767130090687347, 0.012672355285688337], [0.0010555094186631407, 0.10132530957070114, 0.8718096848114983, 0.02580949619913732], [2.254954525955407e-05, 0.2648681242108922, 0.0022357112917577512, 0.7328736149520905], [0.00823607657070699, 0.9226286321427646, 0.054763829390714024, 0.014371461895814302], [0.9989245160142833, 0.00034032885910027723, 0.0005406333346205124, 0.00019452179199588333], [0.8680858354946083, 0.01710777384160023, 3.934410145621779e-07, 0.11480599722277691], [0.9946712374447095, 0.002791774072957123, 0.00020874764659799524, 0.0023282408357352367], [0.9998841594984529, 0.00011040812371376275, 1.529192027724312e-07, 5.2794586305067824e-06], [0.87946839192396, 0.07176754436082046, 0.014851764699599123, 0.03391229901562047], [0.12245042193855321, 0.2815485239530972, 0.029887742465879788, 0.5661133116424698], [0.15897186639016028, 0.21006623001807367, 0.035937144076625745, 0.5950247595151403], [0.6486627708407933, 0.000366289785805482, 0.3360211376781402, 0.014949801695261083], [0.05133312606230537, 0.08883007034061886, 0.7345277139276554, 0.12530908966942036], [0.9307939198046955, 6.656543652488508e-05, 0.001449870441897591, 0.06768964431688225], [0.020235215517212874, 0.016858107141714238, 0.007579128867523663, 0.9553275484735492], [6.492582641282393e-06, 0.009180227499981708, 1.0662188052723223e-05, 0.9908026177293242], [3.2476401988210176e-06, 0.999475054408359, 0.000369847439528552, 0.00015185051191376076], [0.9286149088935884, 0.016555164260722035, 0.00048379158781883177, 0.05434613525787075], [0.9348640303107029, 0.005480046399299832, 0.0015300833001463795, 0.058125839989851075], [0.09984230304396045, 0.2783625520969885, 0.004249219724436241, 0.6175459251346147], [0.014113237647463904, 0.881252751408704, 0.020286340503576694, 0.08434767044025536], [0.7346155770264162, 0.26162276190540257, 0.0033109344614029304, 0.0004507266067782442], [0.8428014812070714, 0.00013954134448551541, 0.12500046763939293, 0.03205850980905009], [0.6885488386943188, 0.13139332606012905, 0.04419784564694288, 0.13585998959860926], [0.03296962851306682, 0.21805571235595125, 0.0008075256681127196, 0.7481671334628692], [0.0012746530097572965, 0.9954015113784199, 0.00038880882765366314, 0.002935026784169188], [0.3030580849998702, 0.008350040471934965, 0.0018906265884991607, 0.6867012479396957], [0.9408234941014316, 0.015321580652210542, 0.009844490174537751, 0.03401043507182008], [0.0006312174658360223, 0.979475869058128, 0.0036199918772952225, 0.016272921598740584], [0.023521961996651578, 0.9741056103036138, 0.002320720392035803, 5.170730769901351e-05], [0.0054356470636994164, 0.971084821710862, 5.0448753807367935e-05, 0.02342908247163132], [0.7403847295753546, 0.0251638749682533, 0.17206166999295955, 0.062389725463432674], [0.785101695754606, 0.15670732791982547, 0.004020214205905163, 0.05417076211966341], [0.000742649161816974, 0.6536258654873697, 0.29458593797493776, 0.051045547375875806], [0.1388628548298422, 0.4696405384459503, 0.3386653882131202, 0.052831218511087366], [0.19433961960484808, 0.09051402931661724, 0.6105779896603823, 0.10456836141815229], [0.005044336479715531, 0.20011546973399807, 0.7906958299643175, 0.004144363821968937], [0.05662396907582782, 0.08281413070768635, 1.3786537197286229e-05, 0.8605481136792885], [0.13488676347432227, 0.09377428964624242, 0.7677501204089433, 0.003588826470491923], [0.9996671637165424, 7.66275952300545e-06, 0.000308029130388864, 1.7144393545787013e-05], [0.004364113511298993, 0.2947282096168907, 0.6820782885205742, 0.01882938835123619], [0.10893467776426513, 0.3525637496545429, 0.056041596363980456, 0.48245997621721154], [0.9807730492375833, 0.012305777864282023, 0.0016411886452826609, 0.005279984252852029], [0.0001099559908525459, 0.9782844502371574, 0.0015679715956936741, 0.020037622176296573], [0.9397077249164271, 0.002360852310160744, 0.025304279970229184, 0.032627142803182914], [0.05545370565492281, 0.3770048619312693, 0.09461519643829339, 0.47292623597551464], [0.04145628602749939, 0.00639482988378315, 0.903615999125558, 0.04853288496315949], [0.05577726883870429, 0.00020204250297788467, 5.845867393238947e-07, 0.9440201040715784], [0.20593175684703302, 0.1372846706393047, 0.0026051875036142897, 0.6541783850100479]]}, "rewritten": {"ids": ["97105451", "97106591", "97106600", "97107920", "97109080", "97112300", "98107010", "98107380", "98108970", "98109230", "98112300", "98113881", "99107660", "99108310", "99108330", "99109141", "99109311", "99109780", "99110050", "99111440", "99111620", "99111930", "99119830", "100108580", "100109890", "100116500", "100116790", "100120780", "101108080", "101111310", "101114990", "101115190", "101119591", "102107961", "102109010", "102110050", "102110240", "102110890", "102116500", "102117351", "103109641", "103110760", "103112470", "103113170", "103113210", "103113640", "103117461", "104111620", "104111711", "104112201", "104113380", "104114740", "104116441", "104116800", "104117630", "104118340", "105112100", "105112130", "105113260", "105113480", "105113620", "105115900", "105117351", "105118230", "106113170", "106113260", "106115120", "106115250", "106118161", "106118301", "106118520", "106119260", "107113840", "107114140", "107114200", "107116300", "107116340", "107117630", "107118120", "107118820", "107119130", "107121230", "107121540", "107121700", "108113620", "108113740", "108113760", "108116070", "108116120", "108118060", "108118630", "108120621", "108121190", "109113881", "109115220", "109116170", "109116810", "109119340", "109119460", "109120621", "110113931", "110114321", "110114651", "110115980", "110116290", "110117200", "110119300", "110121170", "111115770", "111119290", "111119340", "111119430", "111119930", "111120190", "111120540", "112116451", "112116800", "112116850", "112116900", "112116990", "112117030", "112117461", "112117571", "112117660", "112118511", "112118530", "112118620", "112119320", "112120290", "112120670", "112120700", "112121430", "113118620", "113118690", "113119340", "113120591", "113121010", "113121190", "113121680", "113122120", "113122170", "113122230"], "labels": [0, 1, 3, 0, 2, 2, 3, 1, 3, 1, 2, 3, 3, 2, 1, 3, 1, 2, 3, 3, 3, 1, 1, 0, 3, 2, 2, 1, 0, 3, 3, 1, 0, 3, 1, 3, 3, 0, 1, 1, 1, 1, 1, 3, 3, 1, 0, 0, 1, 0, 1, 2, 1, 1, 0, 2, 1, 1, 3, 0, 0, 3, 0, 1, 0, 3, 1, 2, 3, 1, 2, 1, 3, 2, 2, 0, 3, 0, 3, 3, 1, 0, 2, 3, 3, 3, 1, 1, 1, 1, 1, 1, 1, 0, 3, 0, 3, 3, 1, 1, 1, 1, 3, 1, 2, 3, 1, 2, 3, 3, 3, 3, 1, 3, 1, 0, 0, 0, 3, 0, 2, 0, 3, 0, 1, 1, 3, 1, 1, 2, 2, 2, 3, 3, 0, 0, 2, 1, 1, 1, 1, 1], "predicted_labels": [0, 2, 2, 1, 1, 0, 0, 3, 1, 2, 0, 0, 0, 3, 2, 0, 0, 1, 2, 0, 3, 1, 1, 2, 1, 2, 2, 3, 3, 0, 1, 1, 0, 1, 1, 2, 0, 0, 2, 0, 3, 1, 1, 0, 2, 0, 1, 1, 2, 0, 2, 0, 0, 0, 1, 1, 0, 1, 3, 2, 1, 0, 0, 1, 1, 0, 1, 1, 2, 0, 3, 0, 1, 1, 1, 1, 1, 3, 1, 1, 1, 1, 0, 1, 0, 0, 0, 2, 0, 0, 1, 0, 1, 1, 3, 1, 1, 3, 0, 0, 1, 0, 3, 3, 2, 0, 1, 1, 1, 3, 1, 2, 0, 1, 1, 0, 3, 3, 3, 0, 2, 3, 0, 3, 1, 2, 0, 2, 2, 1, 0, 0, 1, 1, 0, 0, 3, 1, 2, 0, 2, 1], "confidence_scores": [[0.9999990531548552, 9.359850983665993e-07, 2.710014118566233e-09, 8.150032408813564e-09], [0.2720621753332964, 0.3179137011871503, 0.3630141608362897, 0.04700996264326369], [0.08878801275603636, 0.0634420138092914, 0.8472951952936194, 0.0004747781410528702], [0.30473918509048564, 0.647738444389916, 0.03100198305639439, 0.016520387463203823], [0.0001415071037415244, 0.9039668680967113, 0.09340234817980317, 0.0024892766197440043], [0.8609575222559855, 0.0047290635432479244, 0.05740704015712091, 0.07690637404364561], [0.571120304948446, 0.2724689011885146, 0.04009723123815371, 0.1163135626248857], [6.404469686430575e-05, 0.015479749223605056, 0.000730152969136923, 0.9837260531103937], [7.417796649290819e-07, 0.9999849226907983, 1.3984969878759614e-05, 3.5055965787796374e-07], [0.009737962214225787, 0.0023277145044208326, 0.987910224503898, 2.4098777455478e-05], [0.5595683990173895, 0.10177579171275172, 0.24429039766344243, 0.09436541160641629], [0.8254257087885483, 0.17257394980496754, 0.001990069385811645, 1.0272020672344305e-05], [0.4826252413020695, 0.4006548645991365, 0.07925815478685751, 0.03746173931193647], [0.28834322698942977, 0.0018046370454833194, 0.07650819204950698, 0.6333439439155798], [0.1030855776340722, 0.07895463675270857, 0.7997846653719974, 0.01817512024122174], [0.9995538940475616, 0.00041925566040171974, 8.867068474852136e-06, 1.7983223561972754e-05], [0.7611773139336304, 0.0001927535622343505, 0.04599676705574701, 0.19263316544838835], [0.003538835241063356, 0.6773379119254291, 0.2859976620654391, 0.03312559076806846], [0.0025602412146755018, 0.2195564862302232, 0.467997297928559, 0.3098859746265424], [0.9539901536384634, 0.0048117629114190754, 0.03810653279091565, 0.003091550659201902], [0.01851693091514112, 0.011022794139726975, 0.007976590115346877, 0.9624836848297851], [1.9686443835602576e-05, 0.9952084401395558, 0.004716444035261352, 5.542938134737249e-05], [3.3739607439468805e-05, 0.9990888360861855, 0.00032930166588720627, 0.000548122640487702], [0.007161767312710367, 0.39379706606297593, 0.5199578680060859, 0.07908329861822787], [0.013138848470320695, 0.9682335733612946, 0.014581260915365605, 0.004046317253019278], [0.0005043953734114116, 0.030755012892211425, 0.5294265017279274, 0.4393140900064497], [0.4211737918285882, 0.10111507076842616, 0.47675672916535633, 0.000954408237629336], [0.000422165468257936, 0.0006969082130173432, 0.25652602279788744, 0.7423549035208373], [0.4341017490319336, 0.027149702123163238, 0.0078034588488287105, 0.5309450899960745], [0.9994124179864294, 9.527851578135009e-05, 0.0004918583521665136, 4.451456225489348e-07], [3.7111780905611487e-07, 0.9996566106358508, 0.00033912348524831184, 3.894761091895532e-06], [0.03327939557359252, 0.8359656772795749, 0.13070557282292575, 4.935432390674834e-05], [0.3634456712099635, 0.34074810289114343, 0.02114115988790413, 0.2746650660109889], [0.08486002439629345, 0.5291503935647685, 0.38363963531599504, 0.002349946722943022], [0.28587540719260024, 0.5878587121481936, 0.12602363251383322, 0.00024224814537278608], [0.0025323390012787408, 0.0300106812143292, 0.9672932059485441, 0.00016377383584784716], [0.8827172934433256, 0.014193772995758957, 0.0983167463889689, 0.004772187171946486], [0.9984670844945965, 4.6004214768003405e-05, 0.00142055854210084, 6.63527485345448e-05], [0.028333061913502097, 0.0009911492509448745, 0.9706655475669819, 1.0241268570986301e-05], [0.5572758752118238, 8.897704668939568e-05, 6.650660970390327e-05, 0.44256864113178296], [1.865136312584781e-05, 0.0018807562068048173, 0.0007123217710292843, 0.99738827065904], [0.001205524227204015, 0.9975035156236195, 7.293320587047043e-05, 0.0012180269433063277], [0.04097948777413849, 0.7731853969668421, 0.18579504142179126, 4.007383722825388e-05], [0.35308835439351915, 0.285091866914562, 0.03863895574877319, 0.32318082294314565], [0.48058212854269233, 0.030387531600545213, 0.48843466406249086, 0.0005956757942716382], [0.9999819837442309, 3.177494669141384e-06, 1.3580290609776964e-05, 1.258470490446892e-06], [0.09718705536103478, 0.5415659314572382, 0.055397033996186076, 0.30584997918554097], [0.025560386199703623, 0.9384565926412359, 0.0008010672747114603, 0.03518195388434876], [0.01721834427173076, 0.018838716537504033, 0.720907204312493, 0.24303573487827232], [0.8784903662902368, 0.08061815689080243, 0.027495399525642332, 0.013396077293318395], [0.10260526752934228, 0.17011517248251035, 0.6885109362277257, 0.03876862376042162], [0.8226087174999003, 0.002125767972683348, 0.15945076151082543, 0.015814753016590896], [0.5087616632973126, 4.129519532937092e-05, 2.0795348409355219e-07, 0.4911968335538739], [0.883710279490793, 0.021437717498240413, 0.06899387097653462, 0.025858132034432112], [0.007578847283312852, 0.9168708088954809, 0.0009421770721395997, 0.07460816674906684], [0.10477299080593329, 0.8604173050636099, 0.03459219765948682, 0.00021750647097002057], [0.36696166175360595, 0.06028352697409537, 0.25041138133159574, 0.3223434299407029], [0.010512588951973358, 0.9859872038295565, 0.0034854388669116015, 1.4768351558359874e-05], [0.00041757775409277984, 0.00022281545308378586, 0.001367164586285222, 0.9979924422065382], [0.002527180539685012, 0.21390935071089365, 0.783340477735851, 0.00022299101357034192], [0.003705764145008267, 0.9911463726334226, 0.005086682879479885, 6.118034208914458e-05], [0.9819041361803963, 1.667434081572787e-05, 0.018073388886858627, 5.800591929345956e-06], [0.998091141591718, 3.4608547310654244e-06, 0.0003023546034418855, 0.0016030429501092014], [0.046708602627271875, 0.9221518071042113, 0.02176134255838536, 0.009378247710131616], [0.3163534542205372, 0.6776878645635955, 5.613952933374487e-05, 0.00590254168653362], [0.4474741080006103, 0.22223801064231535, 0.32722870211816996, 0.0030591792389044387], [0.008002186366813588, 0.9916358822786303, 5.737870239695513e-07, 0.0003613575675321598], [0.014527440195141744, 0.9502758076659633, 0.03456810787474896, 0.0006286442641459491], [0.05832274581617702, 0.009189096949988556, 0.7587318085223609, 0.17375634871147355], [0.9619809545995383, 0.03651844450953965, 5.464583204050501e-06, 0.0014951363077180793], [0.16401685210317593, 0.2410423302993411, 0.009776495865616392, 0.5851643217318665], [0.9906985378468272, 0.005061933882901967, 0.001163982193129918, 0.003075546077140855], [0.00014813237142033398, 0.989012238210161, 0.004910874618934594, 0.0059287547994840055], [0.0009623091596690457, 0.997838509699419, 0.0008892269970736208, 0.0003099541438381596], [0.04763973693680732, 0.9518652103638338, 7.970915701573905e-05, 0.00041534354234335527], [0.00454689739846432, 0.9457087053714618, 0.0008604447862453744, 0.048883952443828434], [0.2539355104451387, 0.7299575544622948, 0.007605760921909097, 0.008501174170657457], [0.010735161966290074, 0.16610947685246166, 0.2270953242237954, 0.5960600369574529], [0.005464003449958402, 0.9056130613037716, 0.0021757512196685248, 0.08674718402660139], [0.012753253199923544, 0.6087518954013955, 0.01400853225147704, 0.36448631914720403], [0.001168478251812396, 0.9898083674427239, 0.004703597330066709, 0.004319556975396953], [0.0006916798616169382, 0.9509440555591725, 0.0001255721554339766, 0.04823869242377663], [0.9834051169816217, 0.0020401964409418986, 4.7987070517973114e-05, 0.014506699506918304], [0.00029501225272445794, 0.9314482872668822, 0.0408336651927882, 0.027423035287605233], [0.9734180664028643, 0.0021612630133387573, 0.023982903069500967, 0.0004377675142961552], [0.7888028461744911, 0.002920223965866632, 0.023004880303060433, 0.18527204955658175], [0.9989518860025659, 0.00010472519474531494, 0.0008544041917271697, 8.898461096163168e-05], [0.0016020863687347619, 0.00037724942916467875, 0.998020497759501, 1.664425995703977e-07], [0.9991748316061029, 6.369886308773831e-05, 0.00010931652433080993, 0.000652153006478404], [0.8498271190036591, 0.14319242374660815, 0.006812135025691583, 0.00016832222404118992], [0.010047818244172654, 0.7857784789155848, 0.16747000202067747, 0.03670370081956506], [0.9590447665277002, 0.009569164822351874, 0.0004832558420911052, 0.030902812807856814], [0.020622664165056703, 0.9785100698010006, 0.0004510872341142472, 0.0004161787998281783], [6.744455085714934e-05, 0.999667178740944, 0.00026020872846061393, 5.167979738085428e-06], [0.0016779746519165006, 0.17547247429107465, 0.017961390894980344, 0.8048881601620286], [4.0084575850655244e-05, 0.7692175220617653, 3.1061079630751513e-06, 0.23073928725442094], [0.051765178778564486, 0.9467757350320273, 0.0012573621056119557, 0.00020172408379647033], [0.03787826312132355, 0.03169827063705258, 7.30074967472101e-05, 0.9303504587448767], [0.4106649098787228, 0.11091802840654652, 0.4058224800202484, 0.07259458169448221], [0.877680149070886, 0.0402875484435276, 0.01371144530891274, 0.06832085717667373], [0.0005787829797282848, 0.9991380929253993, 4.2706312340468186e-07, 0.0002826970317489663], [0.8441090428401042, 0.1534504584473321, 0.00023315829276682643, 0.002207340419796763], [0.00011514193418998229, 0.015906086609524826, 5.0070246284659194e-06, 0.9839737644316567], [0.029616797674996958, 0.07461809321532989, 0.023378343635953373, 0.8723867654737197], [0.004013770871913591, 0.002153554152613855, 0.9937052884529115, 0.00012738652256106536], [0.9956342714306148, 0.002474248751319088, 0.0018822964785618415, 9.18333950411683e-06], [0.07744003900589937, 0.5280487697419401, 0.14762710755338335, 0.24688408369877704], [0.24096526742457183, 0.4021348463085591, 0.15126326728597012, 0.20563661898089902], [0.389756406363346, 0.4614654855237727, 0.09683704051613087, 0.05194106759675034], [0.0006738056533917924, 0.13516191858876733, 0.038285330418379365, 0.8258789453394615], [0.07672911499862768, 0.7488882808097213, 0.00021018156115580977, 0.17417242263049526], [2.4220944602915787e-06, 0.0026300713556712796, 0.997259768925587, 0.00010773762428126525], [0.9896338960497567, 0.00965233389360407, 0.0001479545217808753, 0.0005658155348581937], [0.10489243775243824, 0.8938013459984469, 0.0002958808785054317, 0.001010335370609536], [0.021657302419863418, 0.9753698013033794, 0.002961655730133767, 1.1240546623242578e-05], [0.9997457036867314, 0.00022573305479932113, 2.939205200373676e-06, 2.5624053268704766e-05], [0.00021563654278781684, 0.009765628552191987, 0.00045824780359575364, 0.9895604871014244], [0.0019759060782802485, 0.3831964335795222, 0.08188520233047603, 0.5329424580117215], [0.07349786124520999, 0.07014637557929114, 8.830014541571035e-05, 0.8562674630300832], [0.8844232920651126, 0.00933861789275527, 0.07438725476902742, 0.03185083527310476], [0.013630349478448014, 0.035666577780888546, 0.5149799408477856, 0.4357231318928778], [0.46846708818288507, 0.0013249306821146022, 0.003190954796774552, 0.5270170263382258], [0.6257188646374852, 0.22208956686148024, 0.11012204672753224, 0.042069521773502296], [0.2481623824920979, 0.00015293706556989241, 0.01672102469674922, 0.734963655745583], [0.0009455451810927178, 0.9976198614866342, 0.0004616026355430936, 0.0009729906967301467], [4.348605370261989e-06, 0.18223806234878062, 0.8177497133683816, 7.875677467625376e-06], [0.7676140510628816, 0.002502497633382495, 0.2283940843953083, 0.001489366908427485], [7.102741600909697e-05, 0.42434881015131665, 0.5712464395996495, 0.004333722833024728], [0.014330190640667848, 0.46971159321462935, 0.5150838449898428, 0.0008743711548599002], [0.00023098176209851247, 0.7599780374359025, 0.2394955702136723, 0.0002954105883267457], [0.5227332468945838, 0.25147193808607543, 0.21887182378371572, 0.006922991235625137], [0.8770816031329052, 0.09180297885303217, 0.007161519059536545, 0.023953898954526185], [0.20193082290794775, 0.7966018283586425, 0.0014059224579224003, 6.142627548743774e-05], [0.00048606080184490885, 0.9572585747750323, 0.03369101154311066, 0.00856435288001216], [0.999280396522145, 0.0006553832733756315, 4.033076822445229e-05, 2.3889436254995607e-05], [0.6647025265376346, 0.007829037611400497, 6.167309683932195e-07, 0.3274678191199967], [0.004975938624709372, 0.1968405614187342, 0.008672070939430239, 0.7895114290171262], [0.3061709368037921, 0.6924127715289554, 0.001304625236871098, 0.00011166643038134822], [0.025675264920671632, 0.0072263741873265465, 0.9652283469735469, 0.0018700139184549263], [0.8848671996801908, 0.000592153199601911, 0.0741620127639888, 0.04037863435621852], [0.003820129466780784, 0.39992048329389873, 0.475940485748211, 0.12031890149110958], [0.015538521576089188, 0.9530972657490235, 0.030675087466802423, 0.0006891252080847714]]}}