{"test": {"ids": ["104113240", "101117580", "112117660", "107116501", "112117030", "107114490", "106116370", "108114180", "102110750", "104109311", "103112470", "98116090", "104113210", "97113900", "113121220", "104113000", "111120220", "101112160", "104111550", "101116130", "106114011", "103111480", "113121010", "110118161", "97112830", "113118490", "99109161", "107117630", "104119290", "110120560", "104111531", "98108580", "100108490", "111117480", "97118210", "109120540", "112117571", "108115970", "105119550", "107121700", "113120531", "100120010", "109119010", "102121440", "107118780", "111121410", "108120260", "100116500", "98108970", "103120780", "109115070", "112118530", "102110050", "99108890", "109113281", "107113840", "113122650", "98108520", "112119320", "111116100", "97113260", "110113931", "100108580", "99110730", "104111780", "113121950", "111117000", "107112850", "110118121", "106117650", "104111880", "106113360", "102110500", "110120700", "111119150", "103109791", "112121360", "113118111", "108118630", "104114740", "101108460", "102112250", "110118111", "103113260", "112116501", "99109840", "97105451", "102110890", "99117740", "99107500", "113122220", "104116980", "108121410", "112118421", "112117780", "105116501", "107113360", "108114270", "111120540", "98111860", "112116990", "99107300", "102114270", "113118690", "98117740", "111120190", "112120670", "102112030", "111121930", "104118070", "112116900", "98111620", "97107681", "107113170", "108117360", "104117200", "108118291", "112118860", "107114321", "110119300", "100109910", "113122430", "110120640", "112116451", "113119120", "98110680", "101108580", "110117110", "109120150", "112121430", "107115250", "101109370", "111116090", "112120990", "111117571", "103111930", "107120130", "109115380", "103120340", "110118301", "100117420", "102109910"], "labels": [2, 3, 0, 1, 2, 3, 2, 1, 1, 3, 1, 0, 3, 2, 3, 1, 3, 3, 1, 2, 1, 0, 2, 0, 2, 1, 3, 0, 1, 0, 0, 0, 2, 1, 2, 1, 3, 2, 1, 3, 0, 0, 3, 2, 1, 0, 1, 2, 3, 1, 0, 1, 3, 0, 0, 3, 2, 2, 1, 3, 1, 1, 0, 3, 3, 3, 0, 1, 3, 1, 3, 0, 3, 2, 3, 3, 3, 1, 1, 2, 0, 0, 1, 3, 3, 2, 0, 0, 2, 0, 1, 1, 0, 3, 0, 1, 0, 3, 1, 0, 0, 3, 3, 3, 2, 3, 2, 2, 1, 2, 3, 3, 3, 0, 1, 3, 3, 3, 0, 1, 2, 2, 0, 0, 3, 2, 0, 0, 2, 2, 2, 1, 3, 2, 3, 3, 2, 3, 1, 1, 2, 2], "predicted_labels": [1, 3, 0, 1, 1, 0, 0, 3, 2, 3, 3, 3, 0, 0, 3, 0, 0, 1, 3, 1, 1, 1, 1, 1, 3, 3, 0, 0, 0, 1, 3, 3, 0, 1, 0, 1, 3, 1, 2, 3, 3, 3, 3, 2, 1, 1, 3, 2, 1, 0, 1, 3, 3, 1, 0, 1, 1, 1, 1, 1, 2, 1, 3, 2, 1, 1, 1, 1, 3, 2, 1, 3, 0, 3, 0, 2, 0, 3, 3, 3, 0, 3, 0, 1, 3, 1, 1, 3, 0, 1, 1, 3, 3, 3, 3, 0, 0, 0, 0, 2, 3, 0, 2, 1, 1, 3, 1, 0, 2, 3, 0, 2, 1, 3, 0, 1, 3, 2, 1, 3, 2, 1, 0, 0, 1, 1, 0, 1, 2, 2, 1, 2, 0, 2, 1, 2, 1, 1, 2, 3, 3, 0], "confidence_scores": [[0.06345433276891338, 0.8746340420684643, 0.029826168103349603, 0.03208545705927278], [0.11666851792233901, 0.09711582481476136, 0.018422461651594252, 0.7677931956113053], [0.5226745556926935, 0.019765096329813416, 0.006577783290689685, 0.4509825646868034], [0.0358825150050662, 0.9313146379365229, 0.007649004853792374, 0.0251538422046185], [0.022758871629100313, 0.6858763470421102, 0.17388006041740342, 0.11748472091138619], [0.33002888160546695, 0.26975333653597866, 0.12610913193897483, 0.2741086499195796], [0.7122750640306947, 0.04012776212237398, 0.05572948055912852, 0.1918676932878028], [0.3271412121173089, 0.19283176416518755, 0.054353574883299165, 0.42567344883420427], [0.025022532521158637, 0.18875197566043758, 0.782130136183223, 0.004095355635180776], [0.46903220629867903, 0.010017329792681027, 0.044643773394717264, 0.4763066905139226], [0.2663697027037591, 0.07459816196887734, 0.23553219088674174, 0.42349994444062183], [0.022508498656652217, 0.15853264599925554, 0.16982164443995654, 0.6491372109041358], [0.5240174484613188, 0.1068723094248172, 0.01384598075766396, 0.3552642613562001], [0.5638469757132274, 0.24954794529091065, 0.1288894152972741, 0.05771566369858791], [0.40243505064132423, 0.0283932518235826, 0.08271678793385256, 0.4864549096012405], [0.5635094732652691, 0.02269570554962912, 0.014532108296707149, 0.3992627128883947], [0.6002486984857022, 0.15679658400567834, 0.03378710950908839, 0.20916760799953107], [0.08688338087777966, 0.6455529392354699, 0.17279998933004148, 0.09476369055670891], [0.022619159174241375, 0.009574064733771186, 0.12688681653716008, 0.8409199595548273], [0.09546190495020933, 0.5420357316375383, 0.27499697590432753, 0.08750538750792494], [0.22332298365848477, 0.6609261791780461, 0.08449856522533179, 0.031252271938137406], [0.15027447203426544, 0.7071755044409104, 0.005938207655703843, 0.13661181586912027], [0.017139324757359527, 0.72037943826716, 0.21576372466716842, 0.046717512308312024], [0.10944065142978712, 0.5668613595322606, 0.032488570958576685, 0.29120941807937556], [0.015674366364623372, 0.04048698013402944, 0.09233157291442647, 0.8515070805869207], [0.003903169832900684, 0.0010302411656038248, 0.0003305184564333155, 0.9947360705450622], [0.32919246840442773, 0.24128979329752742, 0.22937150537529538, 0.2001462329227495], [0.9367630309320384, 0.0033081656427539725, 0.04760015500448351, 0.01232864842072421], [0.4428237636260217, 0.21816716641678024, 0.22956581287822586, 0.10944325707897228], [0.19415949735806473, 0.3910208903882123, 0.28133669659347216, 0.13348291566025086], [0.22744185829731495, 0.17684800877857312, 0.18902269755059203, 0.4066874353735199], [0.07793355498066544, 0.1380924285347234, 0.22683498917432912, 0.5571390273102821], [0.45686755179993976, 0.2788899838235537, 0.23467141753816814, 0.029571046838338524], [0.0830725585847617, 0.5463689884203267, 0.0647254798378825, 0.30583297315702923], [0.5453028482449753, 0.06963915739737643, 0.3467528879089673, 0.03830510644868088], [0.00810600617645158, 0.956424724375968, 0.01464436515826487, 0.020824904289315504], [0.08802638048806502, 0.21608288523876776, 0.26371806456919367, 0.43217266970397344], [0.3407721131051603, 0.4300997387280316, 0.07107256244735657, 0.15805558571945158], [0.1494464098332501, 0.29459292937896914, 0.4558923497737086, 0.10006831101407206], [0.014825016164608316, 0.07317142128048196, 0.003958098066361012, 0.9080454644885487], [0.22849293470018195, 0.033835040722690876, 0.050686751204227144, 0.6869852733728999], [0.05816226418546542, 0.018995309051903293, 0.3132487787006534, 0.6095936480619779], [0.02376116323665962, 0.18609000876801476, 0.2949696974223003, 0.4951791305730253], [0.19453680366459777, 0.09114656169511398, 0.5962897882172794, 0.11802684642300881], [0.10329148177052055, 0.7159079980125376, 0.09680702696224755, 0.0839934932546942], [0.29398356300375833, 0.6377942867552401, 0.026889188517081154, 0.04133296172392035], [0.04555681819313191, 0.1458283918945501, 0.03815583521488435, 0.7704589546974336], [0.11025936632199149, 0.25333068526215397, 0.508563957359863, 0.12784599105599148], [0.014042025007229515, 0.8475835944910849, 0.1317854015102916, 0.006588978991393864], [0.4364657607756973, 0.17278401624358394, 0.06784853401272727, 0.32290168896799143], [0.13343584106420694, 0.8189635482036517, 0.014844940911282764, 0.03275566982085859], [0.022655347775834934, 0.40189051635991546, 0.16199383079670981, 0.4134603050675398], [0.014573621692634783, 0.06169738560813853, 0.36143834168809086, 0.5622906510111358], [0.055008996048867644, 0.863096112200593, 0.07556334519474373, 0.006331546555795739], [0.6067261371798727, 0.30877088128545177, 0.02250491824652785, 0.061998063288147706], [0.03964232489241034, 0.8917520460553873, 0.049772012431241505, 0.018833616620960954], [0.07640827332446366, 0.4914695044242377, 0.4047527927752775, 0.027369429476021195], [0.020251521196255527, 0.7617702002817303, 0.211964517520893, 0.006013761001121173], [0.004285270406458112, 0.5122068308899571, 0.035747715944310886, 0.4477601827592738], [0.16971572381333094, 0.5016425700659567, 0.03160077992433705, 0.29704092619637534], [0.07023518994660555, 0.19173434101632644, 0.682657941570541, 0.05537252746652683], [0.39894754933784343, 0.4232471065405698, 0.12604342818442274, 0.05176191593716398], [0.361834895582155, 0.152193122507043, 0.11827172211950812, 0.3677002597912939], [0.004238463048828491, 0.0727916859792121, 0.8502176516534452, 0.0727521993185142], [0.26874178707139085, 0.5712611720005193, 0.031011148892990333, 0.1289858920350995], [0.20108557488431056, 0.6288577563363895, 0.027066202642214512, 0.14299046613708533], [0.1709044733280476, 0.6392642846923995, 0.016991298494389403, 0.17283994348516354], [0.22761224533919738, 0.6656384252654385, 0.03335527178382981, 0.07339405761153435], [0.04222499099501089, 0.4176558961108884, 0.03002778201053865, 0.5100913308835621], [0.23143657588982458, 0.287816871231306, 0.40306923252505855, 0.07767732035381096], [0.0026230241443766164, 0.5361776318374154, 0.07130086900537219, 0.3898984750128358], [0.3157194429067275, 0.14111455213047186, 0.003357032898059313, 0.5398089720647412], [0.39039031546751995, 0.049936807772658826, 0.2365641208959984, 0.32310875586382287], [0.00847965783263396, 0.032287401459987, 0.007736324144312616, 0.9514966165630663], [0.47858791779360577, 0.44334688887668516, 0.03578188710951635, 0.042283306220192746], [0.36955568170727343, 0.03169426857812047, 0.39558130669034863, 0.20316874302425758], [0.536385604753421, 0.2252527443452322, 0.026109915254034385, 0.21225173564731242], [0.43854541188038093, 0.03637371062663968, 0.041927547947423704, 0.4831533295455558], [0.006529358174023871, 0.008767207984286226, 0.04824932320879844, 0.9364541106328915], [0.014436221410242757, 0.15900933877529036, 0.2841003531058579, 0.542454086708609], [0.49340459943896514, 0.003000410011965386, 0.018752199665968146, 0.4848427908831014], [0.4160837863628469, 0.004453147883683064, 0.018448972048880557, 0.5610140937045895], [0.7388035002871254, 0.0728797899650337, 0.07123865310981585, 0.11707805663802504], [0.045746242348357925, 0.4764897202346095, 0.02742336543115973, 0.4503406719858727], [0.10024248512528827, 0.1754052046310324, 0.016601696833694588, 0.7077506134099847], [0.004026810994782486, 0.5795496167512274, 0.3985810152977778, 0.017842556956212376], [0.11032717423314094, 0.5370211667335042, 0.03098008009769843, 0.3216715789356564], [0.34157558269481614, 0.008897934286560522, 0.011548502943090755, 0.6379779800755326], [0.5889142841072574, 0.11618843491040401, 0.19669270932247626, 0.09820457165986224], [0.01913590979371787, 0.8083240425822776, 0.0071209800427584615, 0.16541906758124617], [0.27332680454605873, 0.646354132111864, 0.00366673728981689, 0.07665232605226037], [0.0008841513298892686, 0.39063973634714094, 0.047773580466383976, 0.5607025318565859], [0.008588507878974963, 0.0926117325788625, 0.004680341051044037, 0.8941194184911185], [0.4028316330901966, 0.08840924991423833, 0.0023899779993888236, 0.5063691389961762], [0.09054954770542693, 0.0882366696120913, 0.006825088800822155, 0.8143886938816597], [0.6387244030896377, 0.1436226680108665, 0.09909635536293297, 0.11855657353656282], [0.599011555778456, 0.2207692985183318, 0.02886901872776319, 0.15135012697544892], [0.506420465736879, 0.27987259355165894, 0.08469528613330793, 0.1290116545781541], [0.6393934606974842, 0.3131083519944832, 0.0422033774051016, 0.0052948099029309845], [0.01316174441212872, 0.09357879601383473, 0.8879095300169721, 0.005349929557064516], [0.061311986700674496, 0.010163009319779885, 0.07511324906247778, 0.8534117549170678], [0.49640612989019245, 0.0442704267837351, 0.009246105120692467, 0.45007733820537993], [0.02877740515919886, 0.27389419107450325, 0.4880129603356755, 0.20931544343062242], [0.20423631032270592, 0.5341518504899666, 0.022534147709039352, 0.23907769147828825], [0.19044205192638994, 0.6551321682502352, 0.08908472514720524, 0.0653410546761695], [0.14565296232022257, 0.026643211129082054, 0.10713314399344404, 0.7205706825572513], [0.07945651367842099, 0.5798758898023983, 0.11255785586360799, 0.2281097406555727], [0.48489951498997297, 0.0790724130830346, 0.1817901236959071, 0.2542379482310851], [0.046584657029001275, 0.06757769670559856, 0.8613167032263606, 0.02452094303903975], [0.016902162218937224, 0.02237474877553977, 0.10494590659101126, 0.8557771824145117], [0.6598098145259772, 0.08142697913259354, 0.09480221767291527, 0.163960988668514], [0.002266377151233336, 0.15762012086959187, 0.8036258418051406, 0.03648766017403411], [0.05767646553797897, 0.8734014472790735, 0.03640259236630391, 0.03251949481664367], [0.05330228803109458, 0.04073575365624374, 0.037576015234871425, 0.8683859430777903], [0.7846838608201028, 0.07344670322287392, 0.08484511545541583, 0.05702432050160755], [0.02885487855838347, 0.6307861794655683, 0.020449684968037125, 0.31990925700801115], [0.271790254678355, 0.2394687762086662, 0.005839451534238061, 0.4829015175787408], [0.18028299117718583, 0.16421841382563357, 0.6199974889100198, 0.03550110608716078], [0.21744422481841733, 0.6250312821535804, 0.017374945297044572, 0.14014954773095772], [0.03177620953019319, 0.34120657472204186, 0.06982486965737096, 0.5571923460903939], [0.13354265177734026, 0.09284020970049472, 0.6644651298914678, 0.10915200863069723], [0.03342333388245937, 0.8422414000556803, 0.03852531178893968, 0.08580995427292068], [0.6507512601021518, 0.016936422064938898, 0.00967501513848067, 0.32263730269442864], [0.6466222030356465, 0.03138210625737725, 0.008015726571361946, 0.31397996413561435], [0.06798489766735663, 0.840339941967228, 0.012238595568481565, 0.07943656479693366], [0.0667555528369129, 0.8437634018606888, 0.0801875822622904, 0.009293463040107957], [0.7545518749640706, 0.022636576506196104, 0.09637978357501238, 0.12643176495472072], [0.012338348588821832, 0.9716659420124988, 0.01014679778853294, 0.00584891161014648], [0.08801528961248732, 0.1469530180611444, 0.7177312344339638, 0.04730045789240442], [0.11161320612461854, 0.024064826773173637, 0.4410587544240896, 0.4232632126781183], [0.11569864363064268, 0.7814787614731693, 0.03727713660108147, 0.06554545829510641], [0.38510096547473355, 0.21570249515340273, 0.3898094050575181, 0.009387134314345635], [0.5825752328145339, 0.2438113062134525, 0.012261444925179185, 0.16135201604683436], [0.16413161697444656, 0.17146785879808987, 0.6386526709423953, 0.025747853285068338], [0.30663522049917824, 0.3882716076172203, 0.030785268266280922, 0.2743079036173206], [0.285965962192729, 0.18748897398076875, 0.4067387055851473, 0.11980635824135485], [0.006356536971323122, 0.9623057122014215, 0.015838044441748352, 0.015499706385507133], [0.045007131217190834, 0.631301591862384, 0.11225606024657023, 0.21143521667385481], [0.22557803874108126, 0.13352873307622753, 0.5750255595186716, 0.06586766866401954], [0.27802991139178856, 0.11596151543346207, 0.013471279032339155, 0.5925372941424103], [0.02547348273632624, 0.19212934735438886, 0.1608739042665872, 0.6215232656426977], [0.8198850218976731, 0.09037344015580509, 0.018175535470490226, 0.0715660024760316]]}, "rewritten": {"ids": ["97105451", "97107681", "97112830", "97113260", "97113900", "97118210", "98108520", "98108580", "98108970", "98110680", "98111620", "98111860", "98116090", "98117740", "99107300", "99107500", "99108890", "99109161", "99109840", "99110730", "99117740", "100108490", "100108580", "100109910", "100116500", "100117420", "100120010", "101108460", "101108580", "101109370", "101112160", "101116130", "101117580", "102109910", "102110050", "102110500", "102110750", "102110890", "102112030", "102112250", "102114270", "102121440", "103109791", "103111480", "103111930", "103112470", "103113260", "103120340", "103120780", "104109311", "104111531", "104111550", "104111780", "104111880", "104113000", "104113210", "104113240", "104114740", "104116980", "104117200", "104118070", "104119290", "105116501", "105119550", "106113360", "106114011", "106116370", "106117650", "107112850", "107113170", "107113360", "107113840", "107114321", "107114490", "107115250", "107116501", "107117630", "107118780", "107120130", "107121700", "108114180", "108114270", "108115970", "108117360", "108118291", "108118630", "108120260", "108121410", "109113281", "109115070", "109115380", "109119010", "109120150", "109120540", "110113931", "110117110", "110118111", "110118121", "110118161", "110118301", "110119300", "110120560", "110120640", "110120700", "111116090", "111116100", "111117000", "111117480", "111117571", "111119150", "111120190", "111120220", "111120540", "111121410", "111121930", "112116451", "112116501", "112116900", "112116990", "112117030", "112117571", "112117660", "112117780", "112118421", "112118530", "112118860", "112119320", "112120670", "112120990", "112121360", "112121430", "113118111", "113118490", "113118690", "113119120", "113120531", "113121010", "113121220", "113121950", "113122220", "113122430", "113122650"], "labels": [0, 3, 2, 1, 2, 2, 2, 0, 3, 2, 3, 0, 0, 2, 3, 0, 0, 3, 2, 3, 2, 2, 0, 2, 2, 2, 0, 0, 0, 1, 3, 2, 3, 2, 3, 3, 1, 0, 2, 0, 3, 2, 3, 0, 3, 1, 3, 1, 1, 3, 0, 1, 3, 3, 1, 3, 2, 2, 1, 3, 2, 1, 1, 1, 0, 1, 2, 1, 1, 0, 0, 3, 0, 3, 2, 1, 0, 1, 2, 3, 1, 3, 2, 1, 3, 1, 1, 0, 0, 0, 3, 3, 2, 1, 1, 0, 1, 3, 0, 1, 1, 0, 0, 2, 3, 3, 0, 1, 3, 3, 3, 3, 1, 0, 1, 0, 3, 3, 0, 2, 3, 0, 0, 3, 1, 3, 1, 2, 2, 3, 2, 1, 1, 3, 3, 0, 2, 3, 3, 1, 2, 2], "predicted_labels": [1, 1, 3, 1, 0, 0, 1, 3, 1, 1, 2, 2, 3, 1, 0, 1, 1, 1, 1, 2, 1, 0, 3, 2, 2, 1, 2, 0, 0, 2, 1, 0, 3, 0, 1, 3, 2, 0, 0, 3, 1, 3, 2, 1, 2, 3, 1, 1, 1, 3, 3, 3, 1, 3, 3, 0, 1, 3, 1, 1, 3, 0, 0, 3, 0, 1, 0, 1, 1, 3, 0, 1, 0, 1, 1, 1, 0, 1, 1, 3, 1, 0, 1, 0, 1, 3, 3, 3, 0, 1, 2, 3, 2, 1, 0, 1, 0, 0, 1, 0, 3, 0, 3, 3, 1, 1, 3, 3, 3, 0, 3, 0, 0, 1, 2, 0, 3, 1, 3, 1, 1, 0, 3, 3, 3, 0, 1, 3, 1, 1, 1, 1, 3, 1, 1, 0, 1, 3, 1, 1, 1, 2], "confidence_scores": [[0.03166793859817099, 0.826117750918029, 0.007769189487807355, 0.1344451209959926], [0.04810852659852249, 0.7751370663012705, 0.11756459649766912, 0.059189810602538084], [0.01594493103519345, 0.04040576070104434, 0.14313274363259879, 0.8005165646311634], [0.19333236723732508, 0.45200413724105903, 0.2654460387471285, 0.0892174567744873], [0.6047790663697188, 0.3049158699081895, 0.020222145047128874, 0.0700829186749627], [0.5434710854501965, 0.07469235555938604, 0.32569120510150146, 0.056145353888916005], [0.009413818862817239, 0.8272168870449411, 0.15373308596601232, 0.00963620812622932], [0.20403957320517968, 0.16904471822201317, 0.21588234693986053, 0.4110333616329466], [0.02226926365936361, 0.9077640770230097, 0.05696376752592449, 0.013002891791702354], [0.042185009670210306, 0.907943095772114, 0.044786662174978904, 0.005085232382696624], [0.007473549215409014, 0.3507204105255479, 0.6080931998995758, 0.03371284035946712], [0.23196676305562847, 0.2883082233300741, 0.3848883997917252, 0.09483661382257226], [0.021636622327415228, 0.4589594302730137, 0.048655249563405785, 0.4707486978361654], [0.3111968941156238, 0.43133135573660053, 0.17789042954947826, 0.0795813205982973], [0.6693117750091401, 0.03259206966814932, 0.00490103155348511, 0.29319512376922563], [0.05555312855269523, 0.7279341271210195, 0.007015519240492012, 0.20949722508579327], [0.008783240139247448, 0.8424221289187503, 0.14847181723532418, 0.00032281370667797295], [0.32410603836092533, 0.3495528240349341, 0.21659188679068467, 0.10974925081345595], [0.0025833088517434495, 0.6552274306166702, 0.3222524007935508, 0.019936859738035526], [0.0021247300107523526, 0.08881015496282792, 0.8416221102078353, 0.06744300481858459], [0.24652321587168283, 0.45649363895325606, 0.19672849140332782, 0.10025465377173337], [0.5275640076205823, 0.3432044696486946, 0.10788116810990823, 0.0213503546208149], [0.16932909111421202, 0.1579865496115563, 0.20345193630580038, 0.4692324229684313], [0.3174744450943475, 0.0635715501027917, 0.46382269564731626, 0.15513130915554457], [0.0804924624717241, 0.3007416713376362, 0.37906714230858346, 0.2396987238820564], [0.01771254952808056, 0.4993688733589459, 0.0680469695696235, 0.41487160754334995], [0.13172168771088558, 0.008325567963606586, 0.43229360536901457, 0.4276591389564932], [0.6184756160094668, 0.00814408060550148, 0.025321755633794255, 0.34805854775123746], [0.4621364587629424, 0.01676028732859815, 0.06139265557883486, 0.45971059832962474], [0.13369485845964874, 0.22125297091953758, 0.6231717510627051, 0.021880419558108613], [0.041873673440672846, 0.7307203476840436, 0.14667015870148312, 0.08073582017380058], [0.40205753713713044, 0.33015407100035093, 0.21365744114109142, 0.05413095072142715], [0.07725684942003438, 0.09468663409601252, 0.03590928255962323, 0.7921472339243297], [0.8783558509343776, 0.04798814049226755, 0.012470160597777093, 0.06118584797557768], [0.03222741109858049, 0.45925389191555455, 0.36301210265337663, 0.14550659433248836], [0.1471186934429779, 0.030147011031741222, 0.04751263198352857, 0.7752216635417523], [0.008433288795529235, 0.13375600468208124, 0.8554342129127869, 0.002376493609602615], [0.6446717071856927, 0.04295926611180482, 0.0164524303564845, 0.2959165963460181], [0.35232716122100594, 0.060849210369801905, 0.2917116176174655, 0.2951120107917267], [0.4536590987457486, 0.008073283996759485, 0.006417321881883728, 0.5318502953756081], [0.020175759302303045, 0.41665489839564357, 0.41408510490103456, 0.14908423740101878], [0.24032881113231447, 0.08949952852168346, 0.3111651106929923, 0.3590065496530098], [0.26182845838487107, 0.09760041189703071, 0.40673565988068827, 0.23383546983741008], [0.2004923001049999, 0.7141832823165285, 0.008668305844322195, 0.07665611173414938], [0.15176105281923574, 0.2395876545194886, 0.47543421910147604, 0.13321707355979961], [0.05806767679043708, 0.199280159197636, 0.19946164435826855, 0.5431905196536584], [0.02314506325772221, 0.6697630591888807, 0.0455852438517786, 0.26150663370161864], [0.21037722015555335, 0.34894363137909135, 0.3316773925020749, 0.10900175596328034], [0.22616164221842314, 0.34766719469707125, 0.11768145992100386, 0.3084897031635017], [0.04381597452151901, 0.016941207263514228, 0.0032718943798103733, 0.9359709238351563], [0.21289059796255702, 0.1440373028409096, 0.17043518004280206, 0.4726369191537314], [0.05038556473397013, 0.018815644232551144, 0.23284155175964016, 0.6979572392738386], [0.20722451511180856, 0.6585686694238918, 0.027550904612858126, 0.10665591085144156], [0.000797426887941313, 0.48297485126820167, 0.013790912852666379, 0.5024368089911906], [0.38186413505311345, 0.015639907739424024, 0.01161135948988024, 0.5908845977175822], [0.7260269942940859, 0.10776505201544673, 0.03630078400094432, 0.129907169689523], [0.3904780176524257, 0.5821227987599993, 0.015318309798800734, 0.01208087378877424], [0.040469651875606985, 0.18574562946115028, 0.3003968468692681, 0.4733878717939746], [0.0023620295978814673, 0.829166737250913, 0.07001972255235799, 0.09845151059884749], [0.00856792117948101, 0.947837752977249, 0.005501311551185204, 0.03809301429208476], [0.13640843864102623, 0.0526533226790777, 0.202226356981277, 0.6087118816986191], [0.5076857707485427, 0.2642958325706309, 0.09624283095767737, 0.13177556572314914], [0.5718870093801925, 0.3381869479296581, 0.029177175192080452, 0.06074886749806884], [0.0722276207315159, 0.35318211209873085, 0.20515951031599972, 0.3694307568537535], [0.8908412559443017, 0.08320332118615871, 0.015843422722498283, 0.010112000147041411], [0.042610723654621846, 0.9419973117567926, 0.0062171213873247625, 0.009174843201260887], [0.5327231091490954, 0.01701434679731434, 0.037053437824102614, 0.4132091062294877], [0.03870308623337484, 0.6880657455982768, 0.2645738532344855, 0.008657314933862776], [0.2004398685468786, 0.6831613835243364, 0.08594148583818091, 0.03045726209060421], [0.01438319477911535, 0.03801800410618462, 0.012886510989921296, 0.9347122901247787], [0.77333324586909, 0.03219807480188926, 0.12088884876366741, 0.07357983056535342], [0.09710713734635051, 0.8485851634510101, 0.008747724190126076, 0.04555997501251336], [0.47335718971891966, 0.35467530129798597, 0.007295989513563306, 0.16467151946953104], [0.14279631214180344, 0.5495553181850462, 0.07684293298978863, 0.23080543668336168], [0.05461569595625883, 0.7207274489106612, 0.14083521880110647, 0.08382163633197336], [0.06196561487669383, 0.8953532564920821, 0.008880681995239116, 0.03380044663598512], [0.9232649364926832, 0.0055159218325432245, 0.0608110981233374, 0.010408043551436251], [0.04045971102360917, 0.6975061620381752, 0.06511774294231014, 0.1969163839959056], [0.03542383631745661, 0.8275678564697628, 0.07383209536647467, 0.06317621184630567], [0.036523031986188864, 0.1060350087828951, 0.006900710131588857, 0.8505412490993273], [0.2910145593313083, 0.6192784051749971, 0.015085804604240513, 0.07462123088945401], [0.7299579104029532, 0.1431095148684605, 0.047025794845494295, 0.07990677988309193], [0.3597829913899156, 0.3905751504640623, 0.08046716019612195, 0.16917469794990012], [0.7673358336301748, 0.12739682783514955, 0.07719810611166689, 0.028069232423008853], [0.23104594112486246, 0.6141649447750466, 0.0003109294910707437, 0.15447818460902024], [0.018536744908283588, 0.012353205067869256, 0.009088531872372576, 0.9600215181514745], [0.15359841206596664, 0.27934511801973744, 0.0719926664639353, 0.4950638034503606], [0.00557730658879408, 0.3043573412410201, 0.004590464281414005, 0.6854748878887718], [0.8592592970291298, 0.03699141501160956, 0.01164667579426499, 0.09210261216499571], [0.2668747363171698, 0.6606447241239293, 0.023575911442730583, 0.0489046281161703], [0.026922965662688397, 0.14102824505683012, 0.6222320788656069, 0.2098167104148745], [0.05763420326854709, 0.022668245240364385, 0.2502025312147439, 0.6694950202763447], [0.14111787641075713, 0.053062172767663555, 0.7361518871467185, 0.06966806367486089], [0.008890183895008626, 0.9691107718849988, 0.00728991344965676, 0.014709130770335702], [0.564178733111636, 0.27650684946001397, 0.05956458868611046, 0.09974982874223957], [0.003816838588165202, 0.9937086621617814, 0.0015141628481379306, 0.0009603364019154467], [0.75897005937227, 0.09494627454938939, 0.016236903456520332, 0.12984676262182027], [0.7835063295207358, 0.13918067930253605, 0.010266909507792563, 0.06704608166893564], [0.3635179319616945, 0.6281512767995635, 0.0018348575906189089, 0.006495933648123043], [0.47584360347954135, 0.1749035381428293, 0.02203071140061151, 0.32722214697701785], [0.054799680799175327, 0.38009392663269115, 0.053761950157872065, 0.5113444424102616], [0.8631407963440331, 0.02891576751611242, 0.07583365657915632, 0.03210977956069826], [0.3556183832380847, 0.05776564710241504, 0.06895608846661945, 0.5176598811928808], [0.017715958844485614, 0.21117284383256693, 0.016018255688717963, 0.7550929416342296], [0.2934003896736696, 0.5284866153635578, 0.005697601792406758, 0.17241539317036597], [0.17206184803823893, 0.6314300182835811, 0.014100071164606395, 0.18240806251357355], [0.06513505503032416, 0.29423942646255047, 0.01936898921708275, 0.6212565292900426], [0.006448866704585132, 0.036092828909320175, 0.01388625194755797, 0.9435720524385367], [0.1227764084373981, 0.3011914425345627, 0.05249071804254325, 0.5235414309854959], [0.45320298862495334, 0.4241273696716803, 0.05637360500009932, 0.0662960367032672], [0.11047083050414812, 0.08231037198985412, 0.20532710907980517, 0.6018916884261926], [0.7315607586227573, 0.06126220009883241, 0.199955003684973, 0.007222037593437255], [0.6898067272277351, 0.2825657319073381, 0.026144404471493524, 0.0014831363934334262], [0.20224807286347254, 0.6539190578759135, 0.04296002150793784, 0.10087284775267599], [0.22077901316993329, 0.09986505646698188, 0.5987691015101408, 0.08058682885294403], [0.9164012006849024, 0.027937174774442478, 0.025298862625857687, 0.03036276191479731], [0.2010526038910097, 0.3115931576515438, 0.03637242679356646, 0.45098181166387996], [0.1062925926885731, 0.603821080845993, 0.09527361491089234, 0.19461271155454166], [0.0074241534438867, 0.02530810191404813, 0.015088580464551587, 0.9521791641775136], [0.06139998163831255, 0.6980712554732024, 0.12076153285292338, 0.11976723003556167], [0.1366196663190415, 0.5973477157529351, 0.12129061847200899, 0.14474199945601432], [0.8075449353828505, 0.02264007130932193, 0.002425664000348844, 0.16738932930747882], [0.054074554484238944, 0.1406443725276764, 0.021223172425988132, 0.7840579005620966], [0.4650106826325257, 0.013944378008043363, 0.0006092633401974678, 0.5204356760192335], [0.018681360126800634, 0.3695012601313494, 0.08655635032917619, 0.5252610294126738], [0.40008107985496993, 0.2728741373538154, 0.25222011312134685, 0.07482466966986777], [0.0013005472315911419, 0.6823196258113223, 0.047924016734198834, 0.2684558102228877], [0.0919284157237961, 0.36109405621583185, 0.1378837413203761, 0.40909378673999597], [0.12357526660587816, 0.7162116312293154, 0.1517116118527449, 0.008501490312061414], [0.26661776703945256, 0.3823901257584117, 0.016686831697762673, 0.33430527550437317], [0.008484658412307127, 0.5366037659290978, 0.2501320848462359, 0.2047794908123591], [0.41115809744382653, 0.41390282916750915, 0.025245064631324005, 0.1496940087573404], [0.004843800275304792, 0.0030776241258955355, 0.00030712168716740733, 0.9917714539116321], [0.27695550870169505, 0.5524512016496307, 0.0033960708889297945, 0.1671972187597446], [0.02071144384916565, 0.9216931563752883, 0.019799564250919173, 0.037795835524626786], [0.7085776456920387, 0.16172437786049024, 0.011023115291333523, 0.1186748611561376], [0.00270525511388679, 0.9588485146989121, 0.03722610037838083, 0.0012201298088204088], [0.1434312101094191, 0.053473338126504, 0.07930803833203946, 0.7237874134320375], [0.17370513330577453, 0.6651757999312645, 0.04100971123928033, 0.12010935552368068], [0.35643535757067824, 0.6224244338937919, 0.012367836515889153, 0.008772372019640881], [0.021436362238353605, 0.863846716553455, 0.03242445770444072, 0.08229246350375054], [0.0032567965599585957, 0.2850567957790866, 0.6955738160471138, 0.016112591613840977]]}}