{"test": {"ids": ["111119580", "107114780", "107115250", "105120280", "109117150", "111120320", "97106000", "106114280", "108120621", "112118880", "98120010", "103120290", "99110050", "99108080", "101113210", "108120280", "110118930", "101119030", "97112830", "105110091", "109121410", "98110810", "110120531", "108114200", "103120730", "99119830", "101108950", "98121790", "111119290", "112121030", "103113270", "112116850", "103113101", "109117431", "111119930", "111120591", "99107950", "108116481", "100107920", "112116290", "98116500", "111117480", "98109230", "103111540", "98108150", "105113440", "113120260", "113122320", "111119340", "102117351", "97116500", "109118701", "112119500", "113119450", "101117580", "107112850", "107114110", "100108990", "106115240", "110117110", "97106770", "108121410", "105117431", "103111110", "105110251", "105118740", "98111670", "102113981", "109121351", "102118380", "97105760", "99109141", "106119580", "110118740", "108120700", "108118520", "108115880", "110117200", "107114280", "101111990", "110114321", "113122650", "102112170", "100111380", "113122220", "110119300", "113120070", "110117140", "105112100", "99109780", "107114621", "106116120", "105116090", "97116800", "110118111", "111118301", "101112690", "100111270", "108118810", "113117630", "102109840", "108121190", "105119550", "106113260", "104111380", "109114270", "113122160", "112120540", "97110950", "110119030", "107114140", "99108330", "105116441", "99117740", "113118810", "109113931", "97107040", "113121220", "105115250", "104111531", "106118161", "110114651", "110121450", "101115190", "101112201", "98110230", "112119980", "113119480", "108115870", "100113210", "107113260", "97111790", "100116790", "105112130", "97107260", "113120640", "99113260", "105118230", "101114020", "111116170", "110114950", "107120260"], "labels": [3, 2, 2, 3, 2, 1, 0, 3, 1, 1, 2, 2, 3, 3, 3, 3, 1, 3, 2, 0, 0, 1, 0, 0, 1, 1, 2, 2, 3, 0, 2, 0, 3, 1, 1, 1, 1, 0, 0, 0, 2, 1, 1, 1, 0, 0, 3, 1, 3, 1, 2, 3, 2, 3, 3, 1, 1, 2, 1, 0, 3, 0, 1, 3, 0, 1, 1, 1, 0, 1, 0, 3, 3, 3, 2, 0, 3, 3, 3, 2, 1, 2, 3, 3, 1, 1, 2, 3, 1, 2, 0, 1, 1, 0, 1, 3, 1, 2, 1, 0, 2, 1, 1, 3, 3, 3, 3, 3, 3, 0, 2, 1, 1, 2, 3, 1, 2, 3, 2, 0, 3, 3, 3, 1, 0, 3, 0, 3, 3, 0, 0, 2, 2, 1, 2, 0, 0, 1, 3, 0, 0, 1], "predicted_labels": [0, 1, 1, 1, 1, 3, 3, 1, 3, 0, 3, 3, 1, 0, 3, 3, 1, 3, 3, 0, 3, 2, 0, 1, 1, 1, 3, 0, 3, 0, 2, 3, 1, 0, 3, 0, 1, 0, 3, 1, 0, 1, 2, 0, 1, 1, 3, 1, 3, 1, 1, 1, 1, 1, 3, 1, 0, 1, 0, 1, 2, 1, 1, 3, 0, 1, 0, 3, 0, 2, 0, 0, 1, 3, 1, 0, 3, 1, 1, 3, 1, 2, 0, 3, 1, 1, 1, 3, 3, 1, 0, 1, 3, 0, 0, 0, 3, 1, 1, 3, 1, 1, 1, 1, 1, 3, 1, 1, 0, 3, 3, 3, 1, 0, 1, 1, 2, 3, 1, 1, 0, 3, 3, 3, 0, 1, 1, 3, 3, 3, 1, 1, 1, 1, 0, 0, 2, 1, 0, 0, 3, 3], "confidence_scores": [[0.7852620925794564, 0.08511120187314394, 0.010839861575567374, 0.11878684397183256], [0.037308988887180435, 0.7263070272698532, 0.19733949129658115, 0.03904449254638515], [0.09387657200001452, 0.5084598785725992, 0.08521536841582389, 0.3124481810115624], [0.10276784202636204, 0.8125255966145208, 0.021081144378465786, 0.06362541698065116], [0.035644829662736834, 0.7601072259900229, 0.16313328034689525, 0.041114664000344976], [0.23283845262226954, 0.19166302141540775, 0.14054163752587367, 0.4349568884364491], [0.21678562162595044, 0.12179270588882697, 0.42373245959141403, 0.23768921289380804], [0.38202873152038974, 0.3576596783769811, 0.10932468844991992, 0.1509869016527092], [0.4087111503367467, 0.21225708348041444, 0.07563265354756778, 0.3033991126352711], [0.832506003083246, 0.05117417176941191, 0.03963027564786776, 0.07668954949947443], [0.0950391536345786, 0.15287851165032842, 0.4680721736636877, 0.2840101610514053], [0.08530694907985654, 0.2975401459466382, 0.22602325917126156, 0.3911296458022437], [0.2098131756681706, 0.4966822212502896, 0.07302797283502001, 0.2204766302465198], [0.7450451138714569, 0.15537996657922393, 0.02623708596999094, 0.0733378335793283], [0.43265242831122447, 0.10121280787524085, 0.1295746212036193, 0.3365601426099157], [0.4105728871008426, 0.056537759306574675, 0.047968048260121646, 0.4849213053324611], [0.02726344574369625, 0.5850948609822948, 0.16273857892647822, 0.2249031143475308], [0.13778590676664987, 0.26001417440827856, 0.11577940150332833, 0.4864205173217435], [0.23146127173317396, 0.19543965714636105, 0.3049150647341891, 0.26818400638627593], [0.7999231382807044, 0.06393340397544951, 0.020708123362445423, 0.11543533438140047], [0.024687807978862265, 0.46004274250303295, 0.05313301324014453, 0.46213643627796036], [0.07949233973206386, 0.24669501017707401, 0.6202899246201096, 0.053522725470752416], [0.815798518524115, 0.09578225900497353, 0.008583007880214199, 0.07983621459069745], [0.16931572204619733, 0.6694394468938344, 0.09427144550321832, 0.06697338555675011], [0.07333633838473949, 0.4668711254269624, 0.17132780353569402, 0.28846473265260403], [0.33851566715599685, 0.27910151223074464, 0.3137628339040149, 0.06861998670924382], [0.08304554620541399, 0.3070806921305371, 0.19893833901822205, 0.4109354226458268], [0.46604354821741956, 0.19366559416822984, 0.14691062813538744, 0.19338022947896294], [0.1230201752826226, 0.12373944129631624, 0.09292192349190169, 0.6603184599291594], [0.6012848900629068, 0.0740151097581028, 0.04340449349126143, 0.281295506687729], [0.09752464711179473, 0.11527844269996362, 0.6756227196989849, 0.11157419048925635], [0.11038491791312573, 0.23450825931505012, 0.04874713172852448, 0.6063596910432995], [0.2868448379388318, 0.29353229607325454, 0.25119349301140814, 0.16842937297650587], [0.7885315970754505, 0.07676318524672558, 0.007203811672084838, 0.127501406005739], [0.2235833705684969, 0.14427181239395406, 0.07746535465046124, 0.554679462387088], [0.8316239916156205, 0.019546746195952314, 0.00509897436389147, 0.14373028782453562], [0.037872617978256924, 0.6097559377705866, 0.3101057190082325, 0.042265725242924074], [0.574736012940854, 0.23854288744196833, 0.011202301283744342, 0.17551879833343356], [0.2945957659514761, 0.1848050117125681, 0.07427652459647158, 0.4463226977394842], [0.10217154865354897, 0.5966244724568568, 0.09966915290438225, 0.20153482598521208], [0.7193308407161914, 0.04626051774431879, 0.12618896658421944, 0.10821967495527039], [0.20800686036780539, 0.5303989293339535, 0.10846054316517695, 0.15313366713306373], [0.13950473531559562, 0.08464281329879879, 0.6746164779523905, 0.10123597343321496], [0.5755199616164632, 0.14809574696930738, 0.07255571807014438, 0.203828573344085], [0.19268449668399282, 0.23276417313481806, 0.4063456571971767, 0.16820567298401232], [0.07614547068068549, 0.7225350086663821, 0.15819006077967987, 0.04312945987325223], [0.4441067914260635, 0.16703217850342356, 0.14665464894290725, 0.2422063811276058], [0.16743443875872194, 0.45456806480997747, 0.21223095625951705, 0.16576654017178324], [0.19597392259011334, 0.30132611552172367, 0.18453882162299426, 0.31816114026516873], [0.41862835184265285, 0.4808724682768692, 0.033881979694041484, 0.06661720018643613], [0.17752035117977918, 0.4339645477081273, 0.32280854364970385, 0.06570655746238954], [0.19593030743753725, 0.4262946812226927, 0.12017631120817933, 0.2575987001315906], [0.06200352851413291, 0.43882298500224187, 0.48265034986218813, 0.016523136621436986], [0.31016665009839955, 0.4113477986982228, 0.03695555161038142, 0.24152999959299595], [0.29062997083530173, 0.270299865022217, 0.04939201608653498, 0.38967814805594647], [0.04966045419839839, 0.7087602330677094, 0.06974083288674814, 0.17183847984714398], [0.6245007895185707, 0.2964202541097136, 0.019389495002089027, 0.05968946136962675], [0.24944243820617154, 0.3803120941593924, 0.22921057767423686, 0.1410348899601993], [0.7349785449709054, 0.1931010347780176, 0.0288678111076709, 0.043052609143405765], [0.15248190383546442, 0.6810531565156259, 0.04738249081122466, 0.11908244883768498], [0.19004122699353757, 0.12449665014439851, 0.5441749517923216, 0.14128717106974267], [0.2529997343771401, 0.48059026585386483, 0.01987746670082093, 0.2465325330681742], [0.18004358529003725, 0.27364254698235996, 0.45262356169823825, 0.09369030602936496], [0.2704527862592351, 0.05424714288559987, 0.05845878305404232, 0.6168412878011229], [0.5356278650845548, 0.3166075592540912, 0.07109859607394654, 0.07666597958740752], [0.09041723503931047, 0.3370083430166328, 0.42594476683852545, 0.14662965510553164], [0.537306273487556, 0.15288318242016088, 0.10252245239411821, 0.20728809169816437], [0.3659080488522951, 0.16820773832697733, 0.08171010715910497, 0.3841741056616223], [0.6445031697530875, 0.19099530578100066, 0.06342803119292706, 0.10107349327298479], [0.07511268140995027, 0.23692769557900464, 0.6000432220001387, 0.08791640101090659], [0.7313624287143745, 0.09520154948828423, 0.014426404697463157, 0.15900961709987826], [0.48496778970914295, 0.27135345597045524, 0.013296728900227426, 0.2303820254201747], [0.0674925875053461, 0.7376501033796496, 0.16227174083210202, 0.03258556828290233], [0.31557573644151815, 0.12060967847267946, 0.04183704586919847, 0.5219775392166038], [0.3893015239179744, 0.32451094437108713, 0.06953729174522462, 0.21665023996571403], [0.9179464622839949, 0.054448939606860605, 0.012743174066604822, 0.014861424042539755], [0.17312460293508844, 0.07929303626881222, 0.012569577249664413, 0.7350127835464351], [0.5041577662852439, 0.3364144741845644, 0.021494658075381753, 0.13793310145480983], [0.1505772780730685, 0.6562010278001962, 0.15121451773837888, 0.042007176388356694], [0.06347586549672547, 0.2773352778242131, 0.3828376416598546, 0.27635121501920684], [0.2608670579603344, 0.3231260017309109, 0.15907665845802724, 0.2569302818507278], [0.06728915644827527, 0.21103492762699, 0.6044366936601056, 0.11723922226462886], [0.6798186194769407, 0.06330463542741006, 0.1604140628308781, 0.09646268226477092], [0.28165273168518257, 0.20159804083142274, 0.2920792883481575, 0.22466993913523706], [0.11568971148104536, 0.8369670332757114, 0.016551900412523912, 0.03079135483071956], [0.17986895312170348, 0.41753519516769944, 0.1072168069037497, 0.29537904480684724], [0.10977045632507314, 0.5619322245159029, 0.20553015459232848, 0.1227671645666954], [0.22177443564149105, 0.21359285043344167, 0.05407621206466051, 0.5105565018604067], [0.5244711934626837, 0.057377895377991504, 0.09144398588996135, 0.3267069252693634], [0.1829962649139227, 0.2330769503010009, 0.5228036255415441, 0.06112315924353214], [0.9197263867621444, 0.0028057635619249013, 0.0002058480399010476, 0.07726200163602975], [0.43866484697110775, 0.36511826205602965, 0.1453429680575232, 0.05087392291533909], [0.3565272495453959, 0.26219633270315357, 0.012400077570731161, 0.3688763401807195], [0.9142987493926161, 0.02544582067358235, 0.015732647517513465, 0.04452278241628799], [0.949096334698065, 0.02900604821416931, 0.016724646872543273, 0.005172970215222381], [0.5152033826576483, 0.16447709130733842, 0.11322344493305331, 0.20709608110196], [0.28416630962638845, 0.08629353667035378, 0.04990656454869895, 0.5796335891545586], [0.22753925123623053, 0.38883606506815843, 0.14682326057927714, 0.23680142311633376], [0.06890479212185945, 0.8075720042802315, 0.03473998263725237, 0.08878322096065695], [0.47738597831364277, 0.12405493748291195, 0.09857389098652582, 0.29998519321691897], [0.1991413981560734, 0.3495853643256641, 0.317927187732294, 0.1333460497859685], [0.0301760473821509, 0.44702305764114936, 0.2617173211583979, 0.2610835738183019], [0.1011094553723499, 0.5726766737660386, 0.2622899515112155, 0.0639239193503961], [0.06005208484700811, 0.698759721089114, 0.10728825776328395, 0.13389993630059413], [0.22136825892626627, 0.48019085657001986, 0.2312427073617018, 0.06719817714201196], [0.22857001873999575, 0.09668506135061652, 0.0017748903340652684, 0.6729700295753227], [0.14327917920641547, 0.4696918742237612, 0.08082130551344044, 0.30620764105638254], [0.10802025084146764, 0.8071067411976728, 0.06030629501086841, 0.024566712949991232], [0.9499555183921298, 0.004594095466377769, 0.024591372729222485, 0.02085901341227017], [0.05684193086527179, 0.4844223761247049, 0.014587702062966374, 0.4441479909470567], [0.054915941993422965, 0.4476452445807469, 0.14144715238088176, 0.3559916610449482], [0.0695901718112701, 0.07266543614166213, 0.41394451252324155, 0.4437998795238258], [0.24464206911192543, 0.512941963342055, 0.02791676372249193, 0.2144992038235278], [0.806113833540488, 0.10353760905626908, 0.06864549535723824, 0.021703062046004393], [0.34963551645666685, 0.31513279822810664, 0.26257099994068256, 0.07266068537454376], [0.10343633948743827, 0.42897103296435385, 0.14392790866892552, 0.32366471887928266], [0.0369547008919941, 0.19892837381893358, 0.72738001422146, 0.03673691106761258], [0.19670667925573537, 0.04632159520290368, 0.056141363072630714, 0.7008303624687304], [0.1303448126620154, 0.4182925788332817, 0.12668968569920677, 0.32467292280549614], [0.22555515789149488, 0.49109300206418693, 0.07150658487107438, 0.21184525517324393], [0.7938934342234367, 0.121156597755883, 0.014373480520937022, 0.07057648749974327], [0.257429375998724, 0.08268653052635905, 0.01357060585598739, 0.6463134876189296], [0.08362323591692125, 0.2939805884066196, 0.009832424404323564, 0.6125637512721356], [0.29017244924725516, 0.2025859769550422, 0.13955128626055907, 0.3676902875371439], [0.703941275995537, 0.2445656578789371, 0.015661831758940505, 0.035831234366585724], [0.259237815993191, 0.4605399006485974, 0.1621934839968198, 0.11802879936139142], [0.1902749584482471, 0.4776853234605596, 0.11192046924117667, 0.22011924885001646], [0.5152299569949892, 0.05341638055426812, 0.01769538985070163, 0.4136582726000412], [0.440901373436375, 0.10716096840064414, 0.0512030915518535, 0.400734566611127], [0.19217734704267436, 0.2730640395757344, 0.06448756764273579, 0.47027104573885564], [0.3382954727734864, 0.372094718742463, 0.16255963725294345, 0.12705017123110685], [0.2188526673408409, 0.3652059149557241, 0.31222665322578297, 0.1037147644776521], [0.11218513305307168, 0.4835965910711196, 0.2478963660399549, 0.15632190983585376], [0.06792763034995741, 0.46954034638157816, 0.1447092573759645, 0.3178227658924999], [0.42036408423143545, 0.18649488799284802, 0.34227632483858855, 0.05086470293712806], [0.9339642812664819, 0.03489295117581365, 0.002983036128246785, 0.02815973142945789], [0.07217249958420315, 0.1221646281030354, 0.7192366442704909, 0.08642622804227025], [0.025055449348319415, 0.7868141844237475, 0.1475570944457756, 0.04057327178215709], [0.5076654656160361, 0.18877505169955375, 0.07698608427561518, 0.2265733984087953], [0.5589811479862391, 0.21760617689346823, 0.02771223849942248, 0.1957004366208703], [0.20363466149068477, 0.2612445365047972, 0.05666261145957021, 0.4784581905449481], [0.11010520823038451, 0.21060252698249884, 0.07979008023520864, 0.5995021845519082]]}, "rewritten": {"ids": ["97105760", "97106000", "97106770", "97107040", "97107260", "97110950", "97111790", "97112830", "97116500", "97116800", "98108150", "98109230", "98110230", "98110810", "98111670", "98116500", "98120010", "98121790", "99107950", "99108080", "99108330", "99109141", "99109780", "99110050", "99113260", "99117740", "99119830", "100107920", "100108990", "100111270", "100111380", "100113210", "100116790", "101108950", "101111990", "101112201", "101112690", "101113210", "101114020", "101115190", "101117580", "101119030", "102109840", "102112170", "102113981", "102117351", "102118380", "103111110", "103111540", "103113101", "103113270", "103120290", "103120730", "104111380", "104111531", "105110091", "105110251", "105112100", "105112130", "105113440", "105115250", "105116090", "105116441", "105117431", "105118230", "105118740", "105119550", "105120280", "106113260", "106114280", "106115240", "106116120", "106118161", "106119580", "107112850", "107113260", "107114110", "107114140", "107114280", "107114621", "107114780", "107115250", "107120260", "108114200", "108115870", "108115880", "108116481", "108118520", "108118810", "108120280", "108120621", "108120700", "108121190", "108121410", "109113931", "109114270", "109117150", "109117431", "109118701", "109121351", "109121410", "110114321", "110114651", "110114950", "110117110", "110117140", "110117200", "110118111", "110118740", "110118930", "110119030", "110119300", "110120531", "110121450", "111116170", "111117480", "111118301", "111119290", "111119340", "111119580", "111119930", "111120320", "111120591", "112116290", "112116850", "112118880", "112119500", "112119980", "112120540", "112121030", "113117630", "113118810", "113119450", "113119480", "113120070", "113120260", "113120640", "113121220", "113122160", "113122220", "113122320", "113122650"], "labels": [0, 0, 3, 2, 2, 3, 2, 2, 2, 0, 0, 1, 3, 1, 1, 2, 2, 2, 1, 3, 1, 3, 2, 3, 0, 2, 1, 0, 2, 2, 3, 0, 2, 2, 2, 0, 1, 3, 3, 1, 3, 3, 2, 3, 1, 1, 1, 3, 1, 3, 2, 2, 1, 3, 0, 0, 0, 1, 1, 0, 2, 1, 1, 1, 1, 1, 1, 3, 3, 3, 1, 1, 3, 3, 1, 0, 1, 2, 3, 0, 2, 2, 1, 0, 3, 3, 0, 0, 1, 3, 1, 2, 1, 0, 1, 3, 2, 1, 3, 0, 0, 1, 3, 0, 0, 3, 3, 1, 3, 1, 0, 1, 0, 3, 0, 1, 3, 3, 3, 3, 1, 1, 1, 0, 0, 1, 2, 0, 3, 0, 0, 3, 3, 3, 2, 3, 0, 3, 3, 1, 1, 2], "predicted_labels": [3, 2, 1, 1, 1, 0, 1, 3, 1, 0, 3, 2, 1, 2, 0, 0, 3, 0, 1, 0, 3, 3, 1, 1, 3, 0, 1, 3, 1, 1, 3, 3, 1, 3, 1, 0, 3, 3, 0, 3, 3, 1, 1, 0, 3, 0, 3, 3, 0, 1, 2, 3, 1, 1, 1, 3, 0, 3, 1, 1, 3, 3, 1, 2, 1, 3, 1, 1, 1, 1, 1, 0, 0, 1, 1, 1, 0, 1, 1, 3, 1, 1, 3, 1, 3, 3, 3, 0, 1, 3, 0, 1, 1, 1, 3, 3, 1, 3, 3, 0, 1, 1, 3, 3, 1, 3, 0, 0, 0, 1, 1, 1, 0, 3, 3, 3, 1, 3, 0, 0, 3, 3, 0, 1, 3, 0, 1, 1, 1, 3, 0, 1, 1, 3, 1, 3, 0, 3, 1, 1, 1, 2], "confidence_scores": [[0.5048806956934947, 0.1255665023002785, 0.04412699326235772, 0.3254258087438688], [0.2093821731609851, 0.119369936531151, 0.5269453619165175, 0.14430252839134627], [0.267317350372773, 0.21121968223898896, 0.38469353147789503, 0.13676943591034327], [0.05768488192320854, 0.2798679763751372, 0.5533532798331562, 0.10909386186849779], [0.2966128600591006, 0.28346258581221856, 0.35168195136575625, 0.06824260276292486], [0.9576142068701845, 0.005155360743655282, 0.01261063632154665, 0.02461979606461364], [0.3037504295663493, 0.30454687017125776, 0.27325459986673056, 0.11844810039566207], [0.32722608702521566, 0.1663241959165316, 0.35250034470975283, 0.15394937234849945], [0.28985262943347645, 0.41461359068613574, 0.24932240224900273, 0.04621137763138502], [0.759262455417567, 0.055736365915744684, 0.018310174346869875, 0.16669100431981884], [0.19274809428421624, 0.1893220150125408, 0.20439177161769295, 0.41353811908555016], [0.04706380373170185, 0.08103934846476825, 0.786144793281052, 0.08575205452247794], [0.12048036365722671, 0.6293717271185436, 0.029679026742516042, 0.22046888248171348], [0.05456321756890148, 0.13022657582051, 0.7861237412168983, 0.029086465393690464], [0.3769966550466382, 0.22971406003644834, 0.22233167221601746, 0.17095761270089602], [0.6516282279902649, 0.07007665947240796, 0.12406993090304078, 0.1542251816342858], [0.11886844766595547, 0.1393454496522216, 0.4875086742676729, 0.25427742841415], [0.4870200864548724, 0.25324678964603786, 0.11613285610076339, 0.14360026779832646], [0.02925493219632849, 0.43512091072650605, 0.4811938678784805, 0.05443028919868523], [0.6468278545065486, 0.20212169163289734, 0.04413372756121247, 0.10691672629934149], [0.09199701654245002, 0.17067504481700885, 0.42954944513964993, 0.30777849350089137], [0.16991032885562446, 0.24151369034184275, 0.04961655136064586, 0.5389594294418869], [0.14770141497634076, 0.4867260617358629, 0.299075612971858, 0.06649691031593821], [0.04825149182982256, 0.47328183060020207, 0.32715410795567473, 0.1513125696143008], [0.12334576824749023, 0.2028755574591072, 0.34057002600901565, 0.33320864828438695], [0.825255805843784, 0.07910194956277487, 0.07261640357027115, 0.023025841023170176], [0.36775596876827893, 0.27145686917897377, 0.320609280288211, 0.04017788176453655], [0.09252204239957784, 0.24898336904559695, 0.11588952092296051, 0.5426050676318646], [0.27578321250564963, 0.37441907408737063, 0.1436582206597935, 0.2061394927471861], [0.2205205165182439, 0.39092328918212876, 0.29443102279548505, 0.09412517150414255], [0.18123227553371307, 0.17221890998574663, 0.4593675842998588, 0.18718123018068122], [0.08930588427009749, 0.3031683337494403, 0.12238988595931698, 0.48513589602114526], [0.06467311048517678, 0.36486197132143927, 0.3878543462340593, 0.18261057195932456], [0.09031110779664916, 0.3748507623514781, 0.22302630692015848, 0.31181182293171433], [0.13381671877704482, 0.3223207179215632, 0.3468513381722544, 0.1970112251291375], [0.5983960387999473, 0.3279622646689129, 0.018128970774957603, 0.05551272575618225], [0.28521860151160955, 0.14631613705163155, 0.11252489495356836, 0.45594036648319053], [0.3086669881142757, 0.09052808825359454, 0.1417798166239947, 0.4590251070081352], [0.525253390292475, 0.17360752239147756, 0.06258058220530725, 0.23855850511074014], [0.17852936489392396, 0.19226520036750278, 0.20472657798614885, 0.42447885675242436], [0.21096634974771483, 0.17507950374531722, 0.12559158268073234, 0.48836256382623555], [0.3281715238394966, 0.3158391113507323, 0.263293237967576, 0.0926961268421955], [0.16071481124614542, 0.301709874873257, 0.2864936637409393, 0.25108165013965794], [0.7908594561477934, 0.02526114065187901, 0.05582067328846527, 0.12805872991186246], [0.4145306685629656, 0.1937443268131631, 0.09673058172151078, 0.29499442290236083], [0.5354613044682707, 0.27944522164082575, 0.049202764459538736, 0.13589070943136478], [0.22658796662091876, 0.17233236402341315, 0.3703762069554504, 0.23070346240021747], [0.4153491711834086, 0.0691700229561973, 0.11105291965876617, 0.4044278862016279], [0.6929683419899922, 0.12220556545790504, 0.045950740839062476, 0.1388753517130403], [0.30647145170721907, 0.4211167041360663, 0.17473428139522842, 0.09767756276148575], [0.10847839895714685, 0.056238122933824894, 0.7592614884908835, 0.07602198961814458], [0.12567409947769803, 0.31420099852801786, 0.15468914793913796, 0.4054357540551462], [0.044533462222843705, 0.49657086603562184, 0.12816641198366974, 0.3307292597578644], [0.11188915001145772, 0.6442981886640716, 0.1485925681076797, 0.09522009321679098], [0.22069117997557558, 0.5307902505607442, 0.11115482085830745, 0.1373637486053727], [0.31864651760415086, 0.1930241343202628, 0.2544751586736967, 0.23385418940188987], [0.85188360273657, 0.09076954605370911, 0.03483171720071526, 0.022515134009005497], [0.436225893774576, 0.07449874394630379, 0.055982749565046994, 0.4332926127140731], [0.06805344338482892, 0.3405843731733079, 0.3654222684297256, 0.2259399150121377], [0.2174438220775006, 0.6088527980587229, 0.12064025586175837, 0.0530631240020181], [0.1723512196832672, 0.3348670771909694, 0.20526493168916768, 0.2875167714365955], [0.4667074054894337, 0.07548900708166091, 0.014628292397957123, 0.4431752950309481], [0.11987559479676621, 0.4270447367148326, 0.2141146803811337, 0.23896498810726752], [0.35211892535602796, 0.15779227127522102, 0.4171973896922888, 0.07289141367646228], [0.03660791961258164, 0.5504160646182353, 0.2205497964208826, 0.1924262193483004], [0.17333095728493103, 0.2397496665052438, 0.17199144879865386, 0.41492792741117124], [0.12057219962439948, 0.6088747699348721, 0.1926689305275336, 0.07788409991319496], [0.10363736372453196, 0.828592611244942, 0.034363678851345295, 0.03340634617918076], [0.12940497495948203, 0.6739903242952201, 0.06684794451961423, 0.12975675622568353], [0.28522833493350325, 0.5201701772335399, 0.1007431136846852, 0.09385837414827158], [0.38063508492359294, 0.298453774354801, 0.10250226322436527, 0.21840887749724108], [0.6124620787238843, 0.24766357053772403, 0.10077842788737311, 0.039095922851018795], [0.8364191122001682, 0.09931314361455112, 0.012935703679920443, 0.05133204050536034], [0.07697634478612102, 0.7877682668957987, 0.1129295059531411, 0.02232588236493935], [0.027905350058794864, 0.6040788529535996, 0.2075099532776789, 0.16050584370992677], [0.10485642583535312, 0.5914015140467347, 0.14480483539662228, 0.15893722472129002], [0.6585597219424766, 0.2299761523942028, 0.042963220171762295, 0.0685009054915584], [0.4548835533878334, 0.4897651166148165, 0.03788815460089762, 0.017463175396452344], [0.14242207130883897, 0.6982552029412974, 0.12221916036354778, 0.03710356538631592], [0.6148335098860465, 0.031418952480454135, 0.005043921956485403, 0.3487036156770138], [0.01949864410811774, 0.30675674478812287, 0.6400598294249813, 0.03368478167877789], [0.12168335067965202, 0.5053955136154342, 0.06344328794328162, 0.3094778477616321], [0.11880900765253564, 0.12298264518116894, 0.0614474014815053, 0.6967609456847903], [0.19011259205986042, 0.4399799620296442, 0.2710878414272047, 0.09881960448329055], [0.3692786533549738, 0.09879435095842017, 0.07549187630661319, 0.456435119379993], [0.32153689538291086, 0.11024359255418763, 0.022475170911981496, 0.5457443411509201], [0.38456424582851867, 0.1638675094914284, 0.03298100747151746, 0.41858723720853525], [0.76713904379018, 0.08154678136072557, 0.029695680778105134, 0.12161849407098906], [0.19360629148858038, 0.6319183081291658, 0.04081717204306202, 0.1336582283391919], [0.48118875163755676, 0.05463261239900187, 0.039549125747257934, 0.42462951021618334], [0.5306772373612791, 0.16928537045364525, 0.061937883167293234, 0.23809950901778262], [0.22915947356787553, 0.40972299915273486, 0.09561316724638227, 0.265504360033007], [0.08999153036949352, 0.3038611029246608, 0.4681333619100031, 0.13801400479584275], [0.318834482680829, 0.48051740220069467, 0.010474364981519105, 0.1901737501369573], [0.1471800454212577, 0.32805700924893755, 0.24949681892176723, 0.2752661264080376], [0.14560011009132875, 0.11090008509869323, 0.0029751177712371538, 0.7405246870387411], [0.032026570666269905, 0.4264273034684902, 0.5147269452636622, 0.026819180601577588], [0.3867236291377299, 0.1990492335523763, 0.10634262487484927, 0.3078845124350444], [0.22687058812296054, 0.26651416158986224, 0.17767704369981482, 0.3289382065873621], [0.7007796752766534, 0.18389120504389883, 0.04560738263836124, 0.06972173704108608], [0.03386108719471969, 0.520582847731622, 0.0695577760835186, 0.3759982889901398], [0.3605701779388068, 0.40335566657489874, 0.07135735954821541, 0.16471679593807936], [0.4520210034519956, 0.10386384769727165, 0.021861824819012585, 0.42225332403172033], [0.2700848336492065, 0.22732860503739835, 0.058324944661023566, 0.4442616166523719], [0.10150087953197488, 0.7680710633286914, 0.05015915715963739, 0.08026889997969625], [0.2824351366256903, 0.18205060786907765, 0.05000101701905666, 0.48551323848617556], [0.7805532974726435, 0.1241296544784075, 0.0055215133064522946, 0.08979553474249696], [0.9499442852741072, 0.030793894736607645, 0.006075130513918461, 0.013186689475366822], [0.5243288504066436, 0.15941395257718086, 0.046864227851440045, 0.2693929691647357], [0.057030005620736644, 0.4427336344568169, 0.3292237814447822, 0.1710125784776641], [0.13461708860590652, 0.6104484911001545, 0.08902319044643602, 0.1659112298475033], [0.20048127592406892, 0.397483075067825, 0.0933854724619373, 0.3086501765461691], [0.9703513821443336, 0.02118126304594207, 0.002448718500673108, 0.006018636309051218], [0.07209641909337813, 0.31892217874453177, 0.0071404676580633444, 0.6018409345040265], [0.4986564375841954, 0.18780025498206268, 0.06139105498907702, 0.2521522524446647], [0.09783672708433754, 0.3860818434332043, 0.13001515231829017, 0.3860662771641679], [0.3356240392585023, 0.45803221037002506, 0.08941142374793545, 0.11693232662353716], [0.1649823150159488, 0.24695429632273705, 0.22992140639167608, 0.3581419822696383], [0.430090899756882, 0.246778399280543, 0.1624363086101185, 0.16069439235245644], [0.8494153193390006, 0.070540092215063, 0.024492368641530683, 0.055552219804405674], [0.2545552332645318, 0.16039664706430817, 0.1272003270203506, 0.45784779265080927], [0.11277234149240237, 0.07341947712471622, 0.5667359067166651, 0.2470722746662166], [0.8875996532431943, 0.012827032793562293, 0.002847447836590186, 0.09672586612665325], [0.05745281065135836, 0.5670983917096991, 0.10668731790307845, 0.2687614797358642], [0.08660084924636617, 0.22216739228952226, 0.027873041945135884, 0.6633587165189757], [0.7252944977143506, 0.11856149614200559, 0.09413327583485627, 0.06201073030878748], [0.09198228446433021, 0.42094421074864236, 0.40003374445920403, 0.08703976032782358], [0.12159415099862092, 0.4853056144517765, 0.3379500585703568, 0.05515017597924593], [0.35037960909413346, 0.5406636690302098, 0.03642690043760867, 0.07252982143804827], [0.5432070208418603, 0.09786145604998325, 0.05150520518658376, 0.3074263179215724], [0.44748272794099403, 0.23872717911017732, 0.09451326564695238, 0.2192768273018762], [0.15043000798266323, 0.5478365423514657, 0.19328874947285324, 0.10844470019301801], [0.1928792497416677, 0.600699069339164, 0.04105090240722311, 0.1653707785119453], [0.5657046331956002, 0.03405091285710946, 0.01598716823307895, 0.38425728571421136], [0.13143176607627377, 0.6831188170906495, 0.06598520070770358, 0.11946421612537327], [0.31367930272408096, 0.2692250601963967, 0.20079667676530008, 0.21629896031422238], [0.834015969215384, 0.07256867954604583, 0.006785845770508968, 0.08662950546806115], [0.25763457088923036, 0.2359324253380526, 0.10812030141814154, 0.39831270235457544], [0.05190118430830777, 0.6129773900445399, 0.04558454579313202, 0.2895368798540204], [0.05910634746515287, 0.861834340051677, 0.012686458986211275, 0.06637285349695865], [0.1655288768635543, 0.5388344558664367, 0.1544271137883032, 0.14120955348170586], [0.09395754201549365, 0.20837867220425718, 0.6516836064508402, 0.04598017932940873]]}}