{"test": {"ids": ["106114011", "98108150", "99114890", "99119830", "113122120", "112120670", "111119340", "110120560", "111116110", "110117500", "107112840", "99107560", "113117401", "105115900", "110115980", "100109311", "107121230", "101111620", "106118301", "100116790", "100112060", "109121640", "98117740", "104113240", "106116441", "97112290", "112118581", "111116010", "108114670", "111120320", "111121930", "99108010", "105115250", "100108520", "105117200", "98107010", "112119320", "113122650", "110117870", "97116500", "112116990", "101111140", "97112300", "112121430", "104113000", "110121720", "98106680", "104119290", "110120540", "98116500", "112120700", "111120640", "102114270", "103113610", "100109360", "98112170", "104114740", "98116940", "112118421", "103111540", "103120290", "113122150", "112120640", "106113360", "108115880", "100111380", "107114280", "107114950", "104111780", "106116640", "105116980", "106114880", "99107640", "106115120", "103113210", "108119550", "112116850", "110113931", "103111830", "108116481", "108115870", "110114950", "111117000", "104113380", "112119500", "112121360", "108120260", "113122180", "107119390", "97113900", "112118161", "107112850", "107118520", "99109910", "112118880", "104116800", "106118820", "113121190", "99107660", "97111790", "110116170", "106116850", "112117571", "112116800", "111115910", "109114220", "98108970", "99116500", "113120601", "109117600", "107113200", "105113170", "108113740", "98109090", "102109010", "110116501", "109115380", "107113180", "107114621", "105120280", "103120340", "108114200", "100111080", "111119150", "111115780", "101112160", "100109801", "101114990", "99112300", "113117630", "110118121", "110118880", "100115700", "110121450", "108115070", "105117431", "112119930", "103111110", "97108520", "113120531", "110116290", "106119260"], "labels": [1, 0, 2, 1, 1, 2, 3, 0, 3, 1, 1, 1, 3, 3, 1, 1, 0, 3, 1, 2, 2, 0, 2, 2, 0, 1, 1, 1, 3, 1, 1, 2, 2, 2, 3, 3, 1, 2, 3, 2, 0, 2, 2, 2, 1, 3, 1, 1, 1, 2, 2, 0, 3, 2, 0, 3, 2, 2, 3, 1, 2, 2, 0, 0, 3, 3, 3, 3, 3, 3, 0, 0, 1, 1, 3, 1, 0, 1, 3, 0, 3, 0, 0, 1, 2, 3, 1, 2, 2, 2, 0, 1, 2, 2, 1, 1, 3, 1, 3, 2, 0, 3, 3, 0, 2, 3, 3, 2, 2, 1, 0, 0, 3, 1, 1, 3, 3, 3, 0, 3, 1, 0, 0, 3, 1, 3, 0, 3, 0, 0, 3, 0, 1, 3, 1, 1, 1, 3, 2, 0, 2, 1], "predicted_labels": [1, 1, 3, 1, 3, 3, 0, 0, 3, 0, 0, 1, 1, 1, 2, 1, 2, 3, 0, 0, 0, 1, 3, 1, 1, 3, 2, 2, 1, 2, 0, 1, 0, 2, 1, 3, 3, 3, 0, 3, 3, 0, 3, 0, 2, 0, 2, 3, 1, 2, 1, 0, 0, 3, 2, 2, 3, 3, 3, 0, 1, 1, 1, 1, 1, 1, 1, 3, 3, 0, 0, 0, 2, 0, 3, 3, 3, 1, 3, 3, 0, 3, 1, 2, 1, 1, 0, 1, 2, 1, 3, 1, 3, 2, 2, 3, 1, 2, 3, 0, 3, 1, 0, 1, 2, 0, 2, 1, 3, 3, 3, 3, 3, 2, 0, 3, 3, 2, 1, 1, 3, 0, 0, 1, 1, 3, 1, 1, 1, 3, 0, 3, 0, 0, 1, 1, 3, 3, 3, 0, 2, 2], "confidence_scores": [[0.1541293722389776, 0.3902233441467616, 0.09311074187337696, 0.3625365417408839], [0.14887194826425865, 0.44054901351527975, 0.2301872373193042, 0.18039180090115733], [0.18716706424556756, 0.2178741734621928, 0.2038127931989127, 0.391145969093327], [0.12769922560764999, 0.3994094460927921, 0.25620579542249217, 0.2166855328770657], [0.3140327394839545, 0.2187824240885818, 0.1372355237893914, 0.3299493126380725], [0.20981368595989386, 0.2550158258440131, 0.23093716943238224, 0.3042333187637108], [0.6420347852719512, 0.22996621839381962, 0.04096647334422622, 0.08703252299000283], [0.44315178700980823, 0.19693467657503122, 0.15129129298191593, 0.20862224343324454], [0.12199083951873055, 0.21532811587162115, 0.3119648345436652, 0.35071621006598325], [0.32464146713648023, 0.2779417686345793, 0.17899965375397414, 0.21841711047496634], [0.36617011718354864, 0.1975781493199034, 0.13517876736248596, 0.30107296613406204], [0.1681080231728344, 0.42874116751684904, 0.16552402690297174, 0.2376267824073449], [0.12241335637546306, 0.3730673183696559, 0.18732420556367133, 0.3171951196912096], [0.16069062628554723, 0.45600427954216, 0.12630959025790806, 0.25699550391438464], [0.13096199487417284, 0.15687356460533766, 0.5416052018149842, 0.17055923870550535], [0.28848536564390215, 0.3381465599259815, 0.1314921389133688, 0.2418759355167474], [0.1969218175088187, 0.24652335808374728, 0.2921328004658803, 0.2644220239415536], [0.1397647368528788, 0.2501177216837452, 0.16584342071689723, 0.4442741207464788], [0.38808839608940193, 0.18289212508913452, 0.04654018399468225, 0.3824792948267814], [0.4450384953062326, 0.25360996032882877, 0.1420704318551052, 0.15928111250983348], [0.5201744133353309, 0.14737511996356745, 0.09187135270140187, 0.24057911399969975], [0.28535916313822673, 0.37868120055858806, 0.1178670192321871, 0.21809261707099817], [0.24773084636409853, 0.23474608082545131, 0.22455993309601335, 0.29296313971443694], [0.261343689806035, 0.2654149696505785, 0.226264942399013, 0.24697639814437344], [0.27091693855207816, 0.3002813718834679, 0.22471255830786893, 0.20408913125658523], [0.14375574595435783, 0.2945093624548782, 0.09531957588184199, 0.466415315708922], [0.30183497063445536, 0.21677983427594208, 0.32928061539445697, 0.15210457969514554], [0.11683002750014376, 0.12816497328827833, 0.5531386392287911, 0.20186635998278676], [0.15910432890845297, 0.34215676073069495, 0.18885930062929235, 0.3098796097315598], [0.23574771387087662, 0.15542840053233725, 0.4176863524976544, 0.19113753309913173], [0.4488062642845934, 0.15551611560839404, 0.07116526080986124, 0.32451235929715133], [0.19860467828567774, 0.39486174565609916, 0.15366315916088977, 0.2528704168973334], [0.4010375171184992, 0.31057010986539163, 0.10563961728081948, 0.18275275573528962], [0.18252004275981754, 0.23702662612445552, 0.31318049743003135, 0.2672728336856957], [0.19369384733806905, 0.338427961753521, 0.2724501992263367, 0.19542799168207325], [0.1873688820421997, 0.32445123873292336, 0.0958096450681483, 0.3923702341567286], [0.10033129459700002, 0.15134839746544254, 0.07253491902277805, 0.6757853889147795], [0.19401494458894417, 0.23694487823454397, 0.11063174750111618, 0.45840842967539563], [0.414559496854097, 0.2035035386652547, 0.18468011561880915, 0.1972568488618392], [0.2828440204545729, 0.1974431794905901, 0.2039396728426802, 0.31577312721215695], [0.31475419646851305, 0.15551815437031644, 0.15604609799867927, 0.37368155116249135], [0.4838819424971692, 0.144841536704864, 0.11876023053971646, 0.25251629025825034], [0.19390381633089915, 0.3376706917631283, 0.11379147346737027, 0.3546340184386023], [0.38498776016198133, 0.20172751623323193, 0.08840109221155429, 0.32488363139323245], [0.2110024374774813, 0.16186977913764605, 0.3815750143339606, 0.2455527690509121], [0.4719083650736657, 0.17398365551837525, 0.12972356500974686, 0.22438441439821225], [0.20868635724861848, 0.28876903235296997, 0.32200668893270784, 0.18053792146570388], [0.14462417031891048, 0.24264665612735242, 0.20822403804273648, 0.40450513551100065], [0.17629348375956633, 0.4007575480636297, 0.1654316234892253, 0.2575173446875789], [0.2124477495084913, 0.2623887406239508, 0.26453625412824866, 0.2606272557393092], [0.23809684840459938, 0.3069002675352792, 0.1489788380325653, 0.3060240460275561], [0.3251782845725049, 0.24252642313784495, 0.12879941678324763, 0.3034958755064025], [0.339416217133121, 0.2597263578375178, 0.10018769475708669, 0.30066973027227467], [0.28500675619703225, 0.21345997444216225, 0.1324377421862581, 0.3690955271745476], [0.22610107527698345, 0.1470518686391332, 0.4541575421313516, 0.17268951395253163], [0.11621492206212898, 0.2239137400549809, 0.43396077237369274, 0.22591056550919733], [0.1834188305046979, 0.34401812545507393, 0.12223004154753171, 0.3503330024926964], [0.23778343386548703, 0.18914505618166566, 0.2677490698795203, 0.30532244007332715], [0.30899993552539473, 0.14968218330706284, 0.09923969919726496, 0.44207818197027754], [0.33761548116512563, 0.2284090427622166, 0.10491096141841662, 0.32906451465424114], [0.1653930184521998, 0.4258833410578633, 0.2101429244463467, 0.19858071604359015], [0.30487360692005655, 0.42654329019914844, 0.08276338562713509, 0.18581971725365992], [0.1802594039313034, 0.4244930449146669, 0.17460228466897065, 0.22064526648505892], [0.2141085259515867, 0.5466373750149167, 0.07642429088208275, 0.16282980815141387], [0.19553519901608402, 0.5134543367201965, 0.07841887161345688, 0.21259159265026248], [0.17106762079056032, 0.3640176373636311, 0.11059413985783646, 0.35432060198797244], [0.312878702843806, 0.31612568978326633, 0.12351785189376407, 0.24747775547916354], [0.2634917037286149, 0.17213079320969366, 0.2705808459781879, 0.29379665708350355], [0.24023968101178148, 0.21850640348813957, 0.08466842403440528, 0.45658549146567373], [0.32505018215422293, 0.23530998758559823, 0.1434290984679969, 0.2962107317921818], [0.46641681632437354, 0.24526119267961238, 0.12006599676759659, 0.16825599422841753], [0.35542891939609117, 0.34704843981963096, 0.13805475772317521, 0.15946788306110288], [0.22242440643247158, 0.167298953738438, 0.31478850593305197, 0.29548813389603856], [0.4532675810791863, 0.13903225997247645, 0.1301674870739177, 0.27753267187441966], [0.22629656281032248, 0.28416726409300214, 0.13625453499899737, 0.35328163809767793], [0.29783634087516214, 0.24485276272564857, 0.14079738239670847, 0.316513514002481], [0.17168934441221737, 0.18989549257682944, 0.08695764836429115, 0.5514575146466622], [0.3069642674470705, 0.3785241332701677, 0.0851954257195276, 0.22931617356323428], [0.203882976215296, 0.2772336220613816, 0.14655957049962834, 0.37232383122369406], [0.2547819590055916, 0.19024277430710293, 0.07332265500162541, 0.4816526116856802], [0.506583148162197, 0.12940407195602513, 0.10060179342045816, 0.26341098646131944], [0.15606551175546632, 0.18636770395591573, 0.11396687992393566, 0.5435999043646822], [0.2320453331390382, 0.41484486550915517, 0.11729003029343227, 0.23581977105837437], [0.31088581387266606, 0.16241268814538914, 0.41319658829696604, 0.11350490968497864], [0.12880254578344966, 0.4532811420167226, 0.14775705273178288, 0.2701592594680448], [0.16945458188151932, 0.392997773438131, 0.08875859574934294, 0.3487890489310068], [0.4243902619589972, 0.23078427571810622, 0.0955320358105617, 0.24929342651233494], [0.24094264185873368, 0.36653826877329315, 0.12493903604580624, 0.26758005332216694], [0.26442639095668347, 0.15664082100425336, 0.293048398933089, 0.2858843891059742], [0.1997748108729962, 0.30787839468255884, 0.22666411126539246, 0.26568268317905247], [0.2766480205347567, 0.26263417948399886, 0.16263964867652733, 0.2980781513047172], [0.15905441885216112, 0.39323595144486534, 0.1868668293259473, 0.2608428003770263], [0.15853298482578762, 0.3115408801743657, 0.10734512196174548, 0.42258101303810097], [0.10745352693621153, 0.2364972657105235, 0.40218622348949873, 0.2538629838637662], [0.11503888909701322, 0.2115431554862153, 0.3374988855337498, 0.3359190698830216], [0.22316103045285204, 0.14259008183611555, 0.3130270171515388, 0.3212218705594937], [0.10063456232344001, 0.4279298197962462, 0.25177390349445666, 0.2196617143858571], [0.25466113077495905, 0.23845363410436118, 0.2979688443302611, 0.20891639079041885], [0.1912984265565256, 0.31433667760124134, 0.13768215724833058, 0.3566827385939026], [0.3892793295000094, 0.18081034915230812, 0.1391572773850152, 0.2907530439626674], [0.16865613897315682, 0.14438169580233193, 0.22220755253924385, 0.46475461268526735], [0.12329291205115332, 0.3833863129813367, 0.315046203478007, 0.17827457148950288], [0.38047461691325446, 0.2564709569148226, 0.1117253001763139, 0.25132912599560914], [0.19283614586374312, 0.34847136917600086, 0.1992909945580148, 0.2594014904022412], [0.1697926927144282, 0.14910334759519317, 0.4091038394782731, 0.2720001202121056], [0.3901241800288904, 0.1839042495665537, 0.11669598008709411, 0.30927559031746193], [0.13148748852081438, 0.3215519941763859, 0.3509143674113936, 0.19604614989140604], [0.13209392643879145, 0.4031187114224748, 0.269113264320106, 0.19567409781862768], [0.09325872488478816, 0.2738562039894364, 0.08738775534559697, 0.5454973157801787], [0.2831872925600518, 0.2883775687320416, 0.08277219966941228, 0.3456629390384944], [0.2367987086002694, 0.2060669879097342, 0.12169832401062558, 0.4354359794793708], [0.18907909661182018, 0.14011202974174602, 0.19093991599857524, 0.4798689576478585], [0.2960974196488688, 0.08939771585592104, 0.07504403999544186, 0.5394608244997682], [0.16493979437145986, 0.21997274055583432, 0.3287080964013479, 0.286379368671358], [0.3398274474001334, 0.2084622110806688, 0.1543445071072856, 0.29736583441191233], [0.24882395895333984, 0.2840818271843064, 0.07609188884798955, 0.3910023250143642], [0.14860537084028017, 0.2680809697350039, 0.13216087729974998, 0.45115278212496585], [0.1282058583873056, 0.162569394652967, 0.4436218995833664, 0.26560284737636086], [0.16318492067901605, 0.35173583308372663, 0.18059127355796645, 0.304487972679291], [0.1354297771314093, 0.45047006176897314, 0.18769653699757402, 0.22640362410204343], [0.2337329557117933, 0.23655392033823636, 0.10205198520722233, 0.42766113874274797], [0.4111736683017291, 0.34444458742114353, 0.10389266916127841, 0.140489075115849], [0.3702742481180466, 0.21078613793979273, 0.20236431202781183, 0.21657530191434898], [0.11521292069379607, 0.4365417471378257, 0.27188144461628183, 0.17636388755209656], [0.26575915213946266, 0.36784791512754067, 0.16082322983017458, 0.2055697029028221], [0.15668135613927128, 0.19387272386854698, 0.2762151035289122, 0.3732308164632695], [0.28384933462042694, 0.34900947849141134, 0.16170451405427724, 0.2054366728338845], [0.11337638989561816, 0.6205915199121425, 0.11327455006234922, 0.15275754012989023], [0.19139813442368872, 0.36234454070899175, 0.2048897776930605, 0.24136754717425932], [0.11351491051034591, 0.2910593193304515, 0.09897098975995089, 0.4964547803992516], [0.41868390095366886, 0.16453443822384275, 0.06936261456503671, 0.3474190462574516], [0.13638999899146015, 0.17084675205459848, 0.12166266479971577, 0.5711005841542256], [0.46679301850791666, 0.1347187729809856, 0.13429552261350403, 0.2641926858975936], [0.34050710548065005, 0.22387996927344583, 0.1689960754878268, 0.2666168497580772], [0.21832521352763853, 0.5294817733616589, 0.1530034283737356, 0.09918958473696693], [0.17151280452485207, 0.38486294442561636, 0.08959301879240049, 0.35403123225713123], [0.2377493223553991, 0.31356716096918386, 0.12707765445113658, 0.3216058622242805], [0.24278142728456828, 0.2695024359337773, 0.1608876832626856, 0.3268284535189688], [0.26952481626496183, 0.23561688402607725, 0.11110028900733841, 0.3837580107016226], [0.7261877986579481, 0.12763483856598035, 0.06774817728344362, 0.07842918549262805], [0.1712787065837769, 0.10568764710231561, 0.45563491663776545, 0.2673987296761421], [0.2775467320070074, 0.16986226039194427, 0.4547770628178901, 0.09781394478315819]]}, "rewritten": {"ids": ["97108520", "97111790", "97112290", "97112300", "97113900", "97116500", "98106680", "98107010", "98108150", "98108970", "98109090", "98112170", "98116500", "98116940", "98117740", "99107560", "99107640", "99107660", "99108010", "99109910", "99112300", "99114890", "99116500", "99119830", "100108520", "100109311", "100109360", "100109801", "100111080", "100111380", "100112060", "100115700", "100116790", "101111140", "101111620", "101112160", "101114990", "102109010", "102114270", "103111110", "103111540", "103111830", "103113210", "103113610", "103120290", "103120340", "104111780", "104113000", "104113240", "104113380", "104114740", "104116800", "104119290", "105113170", "105115250", "105115900", "105116980", "105117200", "105117431", "105120280", "106113360", "106114011", "106114880", "106115120", "106116441", "106116640", "106116850", "106118301", "106118820", "106119260", "107112840", "107112850", "107113180", "107113200", "107114280", "107114621", "107114950", "107118520", "107119390", "107121230", "108113740", "108114200", "108114670", "108115070", "108115870", "108115880", "108116481", "108119550", "108120260", "109114220", "109115380", "109117600", "109121640", "110113931", "110114950", "110115980", "110116170", "110116290", "110116501", "110117500", "110117870", "110118121", "110118880", "110120540", "110120560", "110121450", "110121720", "111115780", "111115910", "111116010", "111116110", "111117000", "111119150", "111119340", "111120320", "111120640", "111121930", "112116800", "112116850", "112116990", "112117571", "112118161", "112118421", "112118581", "112118880", "112119320", "112119500", "112119930", "112120640", "112120670", "112120700", "112121360", "112121430", "113117401", "113117630", "113120531", "113120601", "113121190", "113122120", "113122150", "113122180", "113122650"], "labels": [2, 2, 1, 2, 2, 2, 1, 3, 0, 3, 1, 3, 2, 2, 2, 1, 1, 3, 2, 2, 0, 2, 2, 1, 2, 1, 0, 0, 0, 3, 2, 1, 2, 2, 3, 3, 3, 1, 3, 3, 1, 3, 3, 2, 2, 1, 3, 1, 2, 1, 2, 1, 1, 0, 2, 3, 0, 3, 1, 3, 0, 1, 0, 1, 0, 3, 3, 1, 3, 1, 1, 1, 3, 0, 3, 0, 3, 2, 2, 0, 3, 0, 3, 1, 3, 3, 0, 1, 1, 3, 3, 1, 0, 1, 0, 1, 0, 2, 3, 1, 3, 3, 0, 1, 0, 3, 3, 1, 2, 1, 3, 0, 3, 3, 1, 0, 1, 0, 0, 0, 3, 0, 3, 1, 1, 1, 2, 1, 0, 2, 2, 3, 2, 3, 0, 0, 2, 1, 1, 2, 2, 2], "predicted_labels": [3, 3, 1, 1, 1, 0, 2, 1, 1, 1, 3, 3, 1, 1, 1, 3, 3, 3, 1, 1, 3, 1, 1, 1, 2, 1, 3, 1, 0, 3, 3, 3, 1, 0, 3, 3, 1, 3, 0, 3, 0, 3, 3, 3, 1, 0, 3, 3, 1, 2, 0, 1, 3, 3, 1, 1, 0, 3, 1, 1, 1, 1, 1, 0, 3, 3, 1, 0, 3, 2, 0, 1, 3, 3, 0, 3, 0, 1, 0, 3, 3, 0, 1, 1, 0, 1, 3, 3, 0, 1, 3, 1, 1, 1, 0, 2, 3, 0, 3, 3, 1, 0, 3, 3, 0, 0, 0, 0, 3, 1, 3, 1, 0, 0, 1, 0, 3, 3, 3, 3, 0, 0, 0, 0, 3, 3, 1, 1, 0, 3, 1, 1, 0, 2, 1, 0, 1, 0, 1, 0, 3, 3], "confidence_scores": [[0.24340316421601307, 0.16616577387293568, 0.09365708567190974, 0.4967739762391414], [0.3089493114494675, 0.1852011736508489, 0.12667599540524316, 0.37917351949444045], [0.1841141307798132, 0.3838931179041413, 0.13940494232600745, 0.2925878089900381], [0.23507601572390527, 0.5318929627505198, 0.08727537755278837, 0.14575564397278654], [0.14786683097332595, 0.3758884472363739, 0.24210664342794516, 0.23413807836235515], [0.34186681526971724, 0.248531753893225, 0.15435352389533596, 0.2552479069417219], [0.1925793513249068, 0.20741597408321438, 0.388283908735769, 0.21172076585610985], [0.1878489660839386, 0.4434588008392327, 0.16855067092544662, 0.20014156215138207], [0.1915205294486433, 0.3764864204252883, 0.2892253028239865, 0.14276774730208192], [0.214033819789059, 0.33335576270496725, 0.19056750998963726, 0.26204290751633663], [0.3218434138178063, 0.165573142982905, 0.17331102881940053, 0.33927241437988825], [0.171198634334373, 0.32210130572656753, 0.11975275998821137, 0.38694729995084814], [0.2886899418872552, 0.3799557110350431, 0.11375263724447285, 0.2176017098332289], [0.09833187085997462, 0.539597818136893, 0.19458776410442108, 0.16748254689871128], [0.23747622441597638, 0.44716557891664505, 0.11858303128207566, 0.19677516538530304], [0.1476787229049999, 0.2831850716162678, 0.13247840230936664, 0.4366578031693655], [0.17552992186214317, 0.1702103925187496, 0.3168467637631322, 0.33741292185597505], [0.23528954603002497, 0.29555138219214694, 0.11486986212553622, 0.354289209652292], [0.1858624386035182, 0.35975206143814487, 0.10116332429994755, 0.3532221756583895], [0.1878344221659415, 0.3146131865285057, 0.18883467452745364, 0.3087177167780993], [0.1857749946121257, 0.26864357440257197, 0.22134601165806297, 0.3242354193272393], [0.21796044343490598, 0.4056444128072143, 0.26407776777491926, 0.11231737598296039], [0.11829600299630996, 0.420305401337578, 0.26478538653086786, 0.19661320913524413], [0.07666027973639869, 0.65090626863538, 0.13176838107426952, 0.14066507055395192], [0.21512689055460543, 0.21384217248373777, 0.3410325774564327, 0.22999835950522418], [0.24794276197615694, 0.42036544955874394, 0.14288935055854465, 0.18880243790655452], [0.2170623048009678, 0.10124399123701848, 0.21159323570240712, 0.47010046825960655], [0.3322310883032873, 0.35989255863314223, 0.08626459412554187, 0.2216117589380287], [0.4051970051606844, 0.16312856858791644, 0.23388527598744271, 0.19778915026395646], [0.2002781797059685, 0.23486302603999193, 0.1401135970983475, 0.42474519715569187], [0.29627908165613676, 0.2129139824690477, 0.13756806757835147, 0.353238868296464], [0.2822708322781993, 0.23268072729042433, 0.17896958798622054, 0.3060788524451559], [0.1939070953025228, 0.3852883781772429, 0.21554756819743698, 0.20525695832279742], [0.549542752942409, 0.1528229004384945, 0.14951498757706938, 0.14811935904202714], [0.1412580238348904, 0.22065410386659073, 0.11480097069216941, 0.5232869016063496], [0.1662329907026591, 0.2219762113578536, 0.21108232091746176, 0.40070847702202544], [0.104211472172376, 0.5685726551195633, 0.11507960233944876, 0.2121362703686119], [0.24035445665109706, 0.29943946335277005, 0.11504868136183188, 0.345157398634301], [0.30970096103957967, 0.3091455696407418, 0.10003169463664247, 0.28112177468303595], [0.1691609067300191, 0.33323350992169853, 0.13280498447531328, 0.36480059887296923], [0.3762758145846133, 0.14134494982786247, 0.15787363191666426, 0.32450560367086], [0.23686089056525117, 0.18175120362846092, 0.2130835015216057, 0.36830440428468225], [0.24168982750756662, 0.3074951520388668, 0.1254283437995072, 0.32538667665405935], [0.2612907002409069, 0.16802940189968335, 0.24249302414996712, 0.3281868737094428], [0.1867274660522344, 0.3770528143828688, 0.06109317529931365, 0.3751265442655831], [0.33391054161271727, 0.2690159369844699, 0.16722667422060902, 0.2298468471822038], [0.2911212329761044, 0.27083826717228177, 0.14437698616516623, 0.29366351368644744], [0.1722247488675872, 0.22316306602394967, 0.2252637091800304, 0.37934847592843274], [0.26882120867214604, 0.4451710070921214, 0.1596854340551796, 0.1263223501805528], [0.2373172425582781, 0.22716472670630003, 0.30823903900710115, 0.22727899172832064], [0.3281790175847907, 0.19556950535478793, 0.29193396728242255, 0.18431750977799896], [0.20048990098524633, 0.3415866011736528, 0.22247777041136216, 0.23544572742973882], [0.13394231310377006, 0.18184335001247423, 0.16109248284378588, 0.5231218540399698], [0.13636997113896943, 0.1423868388926057, 0.12094975995502928, 0.6002934300133957], [0.32059363084890896, 0.36555923636897114, 0.12409540262710021, 0.1897517301550197], [0.18440977145512016, 0.35356354270503026, 0.10955956443031581, 0.35246712140953373], [0.3701960700615153, 0.16371827880117656, 0.10688213099563251, 0.3592035201416756], [0.24701857398117782, 0.23409737345497114, 0.13919382597038976, 0.3796902265934613], [0.1897035935099244, 0.3602093622434497, 0.12149348189149874, 0.32859356235512727], [0.29842319994321576, 0.4268146720309347, 0.13104896498210666, 0.14371316304374274], [0.3317760044377767, 0.3563350044563554, 0.09351307230139219, 0.21837591880447568], [0.281020872081427, 0.35375728058020495, 0.08220787787532105, 0.28301396946304713], [0.23563969102464544, 0.4336859169662659, 0.13163274644529493, 0.19904164556379364], [0.5996318816214118, 0.10379593858473903, 0.10791019468544742, 0.18866198510840174], [0.2216657352430341, 0.32259126654152204, 0.10629351730044928, 0.34944948091499467], [0.31974715527025677, 0.19011140144399957, 0.13102109627673583, 0.3591203470090078], [0.34204292701974637, 0.3636836869923416, 0.22561334615189088, 0.06866003983602134], [0.4070009075542733, 0.2545605553928052, 0.031638546007223635, 0.3067999910456979], [0.062257752724744035, 0.3372126763205244, 0.1241413797843466, 0.476388191170385], [0.21219806570103744, 0.14800571951355304, 0.4651402602974155, 0.17465595448799384], [0.4602291014256941, 0.20065083044496132, 0.11806958342241315, 0.22105048470693142], [0.18575881070537553, 0.39878005813844547, 0.1659209376801205, 0.24954019347605855], [0.1870656477476525, 0.19104391225142864, 0.12502319218358587, 0.49686724781733316], [0.1975878153249008, 0.19532567620244753, 0.06081188403886287, 0.5462746244337888], [0.36868493374368194, 0.25864134404003997, 0.15100300706868278, 0.22167071514759548], [0.18949595770565394, 0.2734434214943425, 0.23153833450203912, 0.3055222862979646], [0.3398197063361034, 0.11344508830027332, 0.23252129273552163, 0.3142139126281017], [0.195801324103693, 0.43482386440422494, 0.10249495982438273, 0.26687985166769934], [0.689784860837239, 0.1715782025629354, 0.061601096749263666, 0.07703583985056182], [0.08155167674269459, 0.36044796384803046, 0.19198941431621327, 0.36601094509306176], [0.22743978288180355, 0.07840343415259428, 0.05228850827556187, 0.6418682746900403], [0.5009434912486329, 0.22244599078608474, 0.07316200834953113, 0.20344850961575128], [0.16850624216091314, 0.4536337024844199, 0.19758078919021826, 0.1802792661644488], [0.17352449647705673, 0.5533387983519271, 0.13566623362266542, 0.1374704715483508], [0.4794718066478881, 0.2048225615145976, 0.09181304923425303, 0.22389258260326145], [0.24838235050876065, 0.468860499466277, 0.07229040995415822, 0.21046674007080424], [0.26835703657899856, 0.2363595122940697, 0.0477792333336601, 0.44750421779327176], [0.25775673964604845, 0.22207900452701032, 0.10995756789313027, 0.41020668793381104], [0.343470377835085, 0.266781495710929, 0.09538333483653785, 0.29436479161744816], [0.3215701595031738, 0.3261453347830473, 0.10724552924544745, 0.24503897646833153], [0.08103848087673704, 0.24148470439465436, 0.20853496997423487, 0.4689418447543738], [0.33484367503932166, 0.34385810761695584, 0.08023985889029295, 0.24105835845342968], [0.3311071147339005, 0.4196495817828934, 0.07445971397708921, 0.17478358950611692], [0.2089539993910367, 0.39690857913029426, 0.09997862769096502, 0.29415879378770404], [0.32664201549138083, 0.23670615540955464, 0.15415353947361293, 0.2824982896254516], [0.18792884844714072, 0.2999354854582145, 0.3585411178952384, 0.15359454819940646], [0.1418975611271798, 0.17573377537825186, 0.28926186615363436, 0.39310679734093407], [0.3162312995279105, 0.16362469749860128, 0.26435758086058697, 0.2557864221129013], [0.31907133705533874, 0.2361174021863389, 0.07724580857898074, 0.36756545217934183], [0.20515729084048678, 0.2566019007607159, 0.19268168886729206, 0.3455591195315052], [0.20274793944954786, 0.43150155313067085, 0.18540143252525584, 0.18034907489452548], [0.3312978706825896, 0.23075611594271495, 0.13353380076824103, 0.30441221260645457], [0.05305758824217204, 0.09013912741898963, 0.05335031250613312, 0.8034529718327054], [0.13807250616297226, 0.3067495818361941, 0.1363832492214784, 0.4187946627793553], [0.3609445165364104, 0.2803543795462208, 0.12596612046073816, 0.23273498345663066], [0.5221295318690543, 0.20070227223547962, 0.15844138554882115, 0.11872681034664498], [0.4367662608276278, 0.21233060104003085, 0.14490059144353246, 0.20600254668880869], [0.5249370728612511, 0.293797219141409, 0.07274008945343675, 0.10852561854390298], [0.2510077832938218, 0.20635004505986274, 0.2450403660322701, 0.2976018056140456], [0.28343954152312223, 0.36061942741172065, 0.14930727944493696, 0.20663375162022024], [0.18821205437566066, 0.24802212402603327, 0.15848561315083848, 0.40528020844746754], [0.19457410408054068, 0.40253359902036473, 0.1052581244304654, 0.2976341724686291], [0.4828483499425113, 0.2641235551916182, 0.06535592390429952, 0.187672170961571], [0.6486366498642907, 0.15217406781094475, 0.06683981762632914, 0.13234946469843553], [0.2909011636221377, 0.33685609224827434, 0.11318676313628791, 0.2590559809933001], [0.3712484132717013, 0.26099303888887404, 0.12195756134763398, 0.24580098649179058], [0.3586026100269881, 0.11370537762550065, 0.04441938066553252, 0.48327263168197876], [0.22959544451019592, 0.32681767972395787, 0.11458895159218048, 0.3289979241736657], [0.1535272788212828, 0.24978170450900025, 0.217528405856194, 0.3791626108135229], [0.15851381900751, 0.16180046139882673, 0.09834212912666238, 0.5813435904670008], [0.46568969803088145, 0.2759954798125288, 0.09789957632888446, 0.1604152458277053], [0.5806850392423983, 0.27279276889323295, 0.047299972637008025, 0.09922221922736084], [0.39155662402832975, 0.14463244002721568, 0.1577219625794784, 0.30608897336497626], [0.34825040407919167, 0.30503966040400443, 0.1127565756591296, 0.23395335985767451], [0.22664118300021074, 0.1585211532585466, 0.10247274177310363, 0.5123649219681392], [0.1590087111762199, 0.25065994560299637, 0.13471728107742936, 0.45561406214335437], [0.19939510346572994, 0.33942658103084655, 0.15921694823189145, 0.301961367271532], [0.19598866618623403, 0.389036990066139, 0.10584495574565268, 0.3091293880019743], [0.34832406754090867, 0.3009656480281223, 0.17567208623858163, 0.17503819819238722], [0.17239935552459332, 0.24674544693926914, 0.1492528920605869, 0.43160230547555056], [0.29426502053469655, 0.47876436740464273, 0.1011291254813251, 0.12584148657933547], [0.24260392904428205, 0.3491163972461035, 0.1050559867824404, 0.3032236869271742], [0.5633876543029036, 0.17969151649101442, 0.057866308673172585, 0.1990545205329094], [0.16494517588934907, 0.30189912803889296, 0.30436273465305236, 0.2287929614187056], [0.1468582555537677, 0.3729779309959999, 0.14057969230996153, 0.3395841211402708], [0.5987127655956205, 0.21230965715119593, 0.07028179030493929, 0.11869578694824426], [0.1518469805372973, 0.3625726203394589, 0.27646783251991275, 0.209112566603331], [0.36924780412807917, 0.3438050386152171, 0.10387041297418924, 0.18307674428251441], [0.2494545674592846, 0.34185564774479843, 0.16976430630250142, 0.2389254784934156], [0.6795342841014641, 0.1486013164256388, 0.04132711063138389, 0.1305372888415131], [0.1785477556833002, 0.2613378594954361, 0.15080306076505515, 0.40931132405620857], [0.16366333218214824, 0.2032131131659616, 0.18113981749942693, 0.45198373715246326]]}}