{"test": {"ids": ["107114621", "98119591", "99109840", "101113210", "101111310", "112118471", "113117550", "107113360", "104114740", "105112130", "100109910", "106114150", "105120280", "112120990", "101108080", "104118340", "107113200", "112116501", "98108520", "109121351", "112116850", "112116640", "102113350", "110114950", "107112840", "103110760", "106114011", "111116100", "97116401", "110116170", "105113620", "109114270", "107113550", "111119610", "97105451", "97114170", "107120260", "108118291", "113118511", "113119340", "100116500", "109117600", "110119030", "102110500", "113121190", "97112290", "103112641", "108113760", "103109641", "111114941", "109119591", "104116980", "100113210", "102113981", "105115720", "102110050", "97105580", "103111990", "98109090", "108118810", "105114220", "110120640", "110117140", "98107340", "109113591", "108120260", "113120780", "105116650", "99108010", "101114990", "110115710", "101109000", "100108990", "103110840", "101112201", "105115570", "110114651", "111116170", "113121410", "102121700", "101115190", "109119010", "106115240", "104111531", "113122320", "98121790", "113122180", "112120540", "101108290", "98107410", "105115380", "102109850", "97107950", "107114200", "113117630", "106118520", "103109791", "112119450", "111120320", "111119250", "111120190", "106119580", "100111620", "100110260", "99108460", "106116850", "106119260", "111118820", "106114280", "102112170", "106121190", "97116500", "97106000", "112116900", "108121190", "100109000", "100109980", "107118490", "111116750", "112119580", "113119950", "112117431", "110117500", "112117461", "113121680", "105111990", "112121351", "108115500", "110118161", "107120010", "104114320", "112120670", "111120280", "102114270", "106111321", "109118701", "109120621", "106115120", "108113480", "106113830", "100110050", "105115250"], "labels": [0, 1, 2, 3, 3, 1, 3, 0, 2, 1, 2, 1, 3, 2, 0, 2, 0, 3, 2, 0, 0, 0, 3, 0, 1, 1, 1, 3, 3, 0, 0, 3, 0, 2, 0, 2, 1, 3, 1, 0, 2, 1, 0, 3, 1, 1, 3, 1, 1, 0, 0, 1, 0, 1, 1, 3, 1, 2, 1, 1, 3, 0, 3, 0, 3, 1, 0, 1, 2, 3, 2, 1, 2, 1, 0, 0, 3, 0, 0, 1, 1, 3, 1, 0, 1, 2, 2, 3, 0, 3, 1, 1, 2, 2, 0, 2, 3, 3, 1, 1, 3, 3, 3, 3, 0, 3, 1, 0, 3, 3, 2, 2, 0, 3, 1, 1, 1, 2, 3, 3, 0, 0, 1, 0, 1, 2, 0, 3, 0, 1, 2, 2, 0, 3, 0, 3, 1, 1, 0, 1, 3, 2], "predicted_labels": [3, 1, 2, 1, 1, 1, 3, 3, 3, 1, 2, 0, 2, 1, 0, 1, 3, 3, 1, 1, 3, 3, 3, 0, 2, 1, 1, 0, 1, 0, 1, 3, 0, 2, 0, 3, 1, 0, 3, 0, 2, 3, 0, 3, 3, 3, 1, 0, 3, 3, 0, 1, 0, 1, 3, 1, 0, 1, 2, 3, 0, 0, 3, 2, 1, 0, 3, 2, 1, 1, 1, 2, 1, 1, 3, 1, 1, 3, 3, 1, 1, 3, 0, 0, 1, 2, 3, 3, 3, 0, 1, 2, 3, 1, 1, 1, 2, 3, 3, 1, 1, 1, 2, 0, 3, 3, 0, 0, 3, 0, 2, 2, 3, 0, 3, 3, 0, 1, 3, 3, 0, 0, 1, 3, 1, 3, 3, 1, 3, 1, 1, 2, 3, 1, 0, 3, 1, 0, 3, 3, 1, 0], "confidence_scores": [[0.10537065669726953, 0.1944404456156936, 0.03380079142097228, 0.6663881062660646], [0.30082211884166193, 0.3738085037231684, 0.22652942889198266, 0.09883994854318714], [0.030048708719297906, 0.24739808836729263, 0.5141920974065444, 0.20836110550686487], [0.09067406040593126, 0.6350005412590476, 0.08745629972068329, 0.18686909861433815], [0.4076003140184513, 0.4455117543497505, 0.0743301874756234, 0.07255774415617465], [0.23029242392069815, 0.5279973528858645, 0.0884423909395656, 0.1532678322538716], [0.11533255041415268, 0.305657604984055, 0.08531359558796668, 0.4936962490138258], [0.22270111141860494, 0.29661648064990753, 0.04638741454963666, 0.4342949933818506], [0.13172715815603114, 0.2636612163267859, 0.21434001622655832, 0.3902716092906249], [0.02784488548092364, 0.4941819693925677, 0.06435624824151102, 0.41361689688499786], [0.06478496416042381, 0.05145795819122123, 0.8732574590241149, 0.010499618624239919], [0.5383003873444931, 0.22089920172127012, 0.05404790349340856, 0.18675250744082814], [0.044496927157139356, 0.2481363454872013, 0.4720076361942633, 0.23535909116139603], [0.1465212761587603, 0.695189744036665, 0.02508472618134381, 0.13320425362323146], [0.5426099928669731, 0.21381727120250518, 0.013025291172386213, 0.2305474447581352], [0.050383321892176744, 0.598074807831206, 0.17304129444553235, 0.1785005758310848], [0.23921095327539063, 0.014665780500116994, 0.01721189963425358, 0.7289113665902389], [0.0331816522662445, 0.45980167738846206, 0.014280997889026956, 0.49273567245626637], [0.2625314556085221, 0.37308514114184593, 0.031405091268737376, 0.3329783119808946], [0.30976623257779534, 0.3159268908109674, 0.02888116451269062, 0.34542571209854667], [0.1423533075226722, 0.10742355994066002, 0.06081262371474152, 0.6894105088219262], [0.12263641704477854, 0.3649771286215424, 0.03747613300673805, 0.474910321326941], [0.28208238020408216, 0.17342177473057954, 0.18663872288062414, 0.3578571221847141], [0.8863641214549622, 0.01602364458568263, 0.007145075574718939, 0.09046715838463629], [0.19576835416100627, 0.1941901695546602, 0.47146505500724045, 0.13857642127709313], [0.3757422686314687, 0.3756589090471033, 0.06263108016918731, 0.18596774215224082], [0.48516422576727136, 0.45003265088413663, 0.028853802597555257, 0.03594932075103672], [0.693233979244645, 0.22745405600935756, 0.02406566140684449, 0.05524630333915293], [0.048504135010507744, 0.5965529346985862, 0.12005836113830626, 0.2348845691526], [0.5143476238610233, 0.09985175342868478, 0.09922967758609504, 0.2865709451241967], [0.08898550539931048, 0.5975571245312143, 0.14116947656477982, 0.1722878935046955], [0.24081499714527968, 0.19717232303626872, 0.1642702378058532, 0.39774244201259845], [0.3814663360251645, 0.19568767756283026, 0.2382484250043972, 0.1845975614076079], [0.06644033980306202, 0.3219221050239944, 0.5744394293459992, 0.037198125826944144], [0.7247640687338794, 0.12160310819611847, 0.0061265572543963585, 0.14750626581560614], [0.03951303091956656, 0.35382791639753464, 0.0829212024015911, 0.5237378502813076], [0.3924291160526675, 0.40458396951542513, 0.12057245274622438, 0.08241446168568305], [0.4668432250476354, 0.05086796348139132, 0.054941346604908216, 0.42734746486606534], [0.15919369772419942, 0.2470069576919393, 0.28693503414312094, 0.3068643104407403], [0.6997619881583482, 0.11366994935819683, 0.004012045258754067, 0.18255601722470097], [0.10521517717643969, 0.26094920372238706, 0.46239033949121505, 0.17144527960995806], [0.29540519602415244, 0.25881597126509387, 0.08548328252253294, 0.3602955501882205], [0.3741429652220304, 0.29666418575733744, 0.0479624395491749, 0.281230409471457], [0.30013793053950444, 0.06832073420656591, 0.12133389386534858, 0.5102074413885812], [0.154562742152073, 0.38965297466853577, 0.012081845344777763, 0.44370243783461333], [0.13340245893051628, 0.2665236777697012, 0.039273358799253574, 0.5608005045005291], [0.22926520527165514, 0.4156500182883647, 0.2112136712630198, 0.14387110517696047], [0.30284718083094825, 0.2940189892821423, 0.14394962865874308, 0.2591842012281661], [0.0728703819000051, 0.27806001424089327, 0.34184671440166087, 0.3072228894574408], [0.17016300903227813, 0.34789841438448915, 0.026853536079912286, 0.45508504050332077], [0.4177470390566243, 0.25752598420530876, 0.1799635067782897, 0.14476346995977715], [0.014836969849846265, 0.3427530984768765, 0.43144265217183697, 0.21096727950144054], [0.4861832367040597, 0.06172691877831856, 0.005715756139253347, 0.44637408837836834], [0.21652709759280458, 0.6069601263790856, 0.07966395137554783, 0.096848824652562], [0.016360955249690334, 0.30299369249704683, 0.12512005637878468, 0.5555252958744782], [0.059483788481534385, 0.41273142922814104, 0.41303583069579775, 0.11474895159452672], [0.36844893226974657, 0.1429790137022348, 0.3179433362451983, 0.17062871778282032], [0.20441915375497305, 0.5216464866411613, 0.13307453608734857, 0.14085982351651663], [0.04617004125885761, 0.06987475252421851, 0.7978085022664188, 0.08614670395050526], [0.05250027632920869, 0.1460572678958466, 0.003724310823510135, 0.7977181449514343], [0.6263079596432253, 0.2355493700965635, 0.02422589005501082, 0.1139167802052], [0.37669253388443963, 0.1576599399034539, 0.2994590936484356, 0.1661884325636704], [0.10423647284658817, 0.38617887526874733, 0.08612028396440717, 0.4234643679202572], [0.10992671160800552, 0.10131813279861021, 0.6236355354246399, 0.16511962016874446], [0.0865999829936138, 0.5438793074279767, 0.03847620758975257, 0.3310445019886571], [0.4087129030166562, 0.33890084326386655, 0.05585037709978056, 0.19653587661969618], [0.1211679108744231, 0.3581577883622384, 0.03398480642247613, 0.48668949434086256], [0.17415848452038024, 0.1722520845213861, 0.3889136155084933, 0.26467581544974006], [0.022767915630628285, 0.6831742848262754, 0.21086136211556142, 0.08319643742753498], [0.018929141944719327, 0.575292228578838, 0.24432140920449044, 0.1614572202719521], [0.30521379989520336, 0.35972824897410516, 0.15166506909226213, 0.18339288203842916], [0.01726137714339144, 0.1524885845285208, 0.5651080889413547, 0.265141949386733], [0.07828164970488369, 0.5967902989757827, 0.09339510847776605, 0.23153294284156753], [0.35611835666081926, 0.32816951613499307, 0.2396299211610768, 0.07608220604311079], [0.1542745764977135, 0.24534829034849004, 0.06447811013225457, 0.5358990230215416], [0.2355707688160098, 0.25770001675126675, 0.2562225090341405, 0.2505067053985828], [0.16125420903853266, 0.4121537995883853, 0.004366454916153218, 0.4222255364569289], [0.11629521946976694, 0.3370280429375713, 0.006814929384477671, 0.5398618082081835], [0.037846410935961576, 0.029251720136926354, 0.001364483135334813, 0.9315373857917773], [0.43074534357614896, 0.3979078087064619, 0.055980767522247614, 0.11536608019514114], [0.037313156888753946, 0.707529783637484, 0.18656345824170598, 0.0685936012320561], [0.20747090721841338, 0.2877054593408204, 0.08305619730015654, 0.42176743614061], [0.6389007891033973, 0.12907221307051797, 0.07429999537748593, 0.15772700244859872], [0.3028640581605169, 0.3083745942158453, 0.03285302800233528, 0.3559083196213024], [0.25968171309054067, 0.5554045246357288, 0.01861786065433583, 0.16629590161939473], [0.28645479469195334, 0.12068598630897225, 0.5338949630169636, 0.0589642559821109], [0.14918285912496143, 0.21388386176650728, 0.03389605254090478, 0.6030372265676267], [0.24838669707596836, 0.27520225738265836, 0.027784378586790445, 0.44862666695458253], [0.25325690393159156, 0.06421804504838699, 0.030161869386947846, 0.6523631816330736], [0.4564536435591516, 0.08064628666842444, 0.3415327003032639, 0.12136736946916052], [0.03930409767314662, 0.566072693805717, 0.11621797914176453, 0.2784052293793717], [0.14261745138176207, 0.12675524328411777, 0.6758595890042112, 0.054767716329908865], [0.1462525169993809, 0.23352733412273585, 0.21482039896557698, 0.40539974991230615], [0.20653407597117177, 0.37173483902703763, 0.0064305729684184755, 0.41530051203337215], [0.05563402302413365, 0.5908015917676555, 0.06453516521091512, 0.28902921999729575], [0.14659514108786356, 0.47240778406938094, 0.023497743728271413, 0.35749933111448384], [0.10875039719324832, 0.09615469953470597, 0.6395856586905629, 0.15550924458148244], [0.017612730073295127, 0.013797987430478432, 0.0024637578230862186, 0.9661255246731402], [0.07664960179064713, 0.33067201411221175, 0.03451026260360274, 0.5581681214935383], [0.018849209803999588, 0.384004345683033, 0.46165998074066134, 0.13548646377230605], [0.09478880014756087, 0.6532035852007362, 0.07907168562033666, 0.17293592903136637], [0.1855871166031632, 0.35340746452789423, 0.31746548045241463, 0.14353993841652807], [0.2579459503676756, 0.11279735811369512, 0.44243862326225386, 0.18681806825637537], [0.5110161270792956, 0.07495589639630147, 0.09101913011302788, 0.32300884641137484], [0.09536744257767618, 0.15941030697597025, 0.01184389236929877, 0.7333783580770546], [0.21950974115770924, 0.21446057032837954, 0.2560826210665067, 0.30994706744740436], [0.4563076500742705, 0.09888070435356308, 0.39148117265947835, 0.05333047291268791], [0.6333309630042148, 0.0226026050016851, 0.011109099998154284, 0.33295733199594574], [0.15839386549008017, 0.20315413166647484, 0.037941547047662054, 0.600510455795783], [0.48040461119726874, 0.01983702549223088, 0.3998421322730514, 0.09991623103744901], [0.02794296899186241, 0.10581084762783222, 0.7094076858172723, 0.15683849756303317], [0.25736431404107585, 0.17140696417226126, 0.47283218632694995, 0.09839653545971304], [0.018665593909212127, 0.1569057968399971, 0.1120362711462622, 0.7123923381045285], [0.5261351343753127, 0.29954925933854243, 0.009012286522335735, 0.16530331976380896], [0.120805149099605, 0.36033303151053536, 0.038693465440816685, 0.4801683539490428], [0.20324317615669676, 0.13209453027423365, 0.19259588739517414, 0.4720664061738952], [0.7014905206975344, 0.17107655989808299, 0.033077880286188424, 0.09435503911819416], [0.15572489388186223, 0.6138358049593599, 0.11125433938308263, 0.11918496177569503], [0.2696273520929379, 0.011567327491205872, 0.01725624758627176, 0.7015490728295842], [0.025433414268620985, 0.2700111440768742, 0.032248602567621056, 0.6723068390868836], [0.720187222463898, 0.131995274775459, 0.01599462898909547, 0.13182287377154764], [0.46241196289008873, 0.1543197522158584, 0.05541881465383828, 0.3278494702402147], [0.18479975902840293, 0.6731924813721917, 0.021459419910516097, 0.12054833968888916], [0.3035540684314821, 0.05080852549769704, 0.008696979237236464, 0.6369404268335846], [0.03964774109194009, 0.5817662924696612, 0.027418674516506713, 0.351167291921892], [0.11752965067784488, 0.18585839750083993, 0.01117615162877195, 0.6854358001925432], [0.41301814564675887, 0.09450428430679987, 0.014888444479171472, 0.4775891255672697], [0.04491206365693348, 0.515451817468735, 0.10574814651108466, 0.333887972363247], [0.20031909221346303, 0.3051388097476815, 0.02644384387387996, 0.4680982541649753], [0.060330769030549035, 0.3221412955378554, 0.3492649014405413, 0.2682630339910543], [0.33125003984752943, 0.3119282134942157, 0.24426781681176193, 0.11255392984649266], [0.1014603460500238, 0.12606758097746007, 0.7281979959015229, 0.04427407707099349], [0.09994455814007772, 0.24039549834226828, 0.0022758205352226826, 0.6573841229824315], [0.17727129964718047, 0.44139007860235474, 0.03991929733934323, 0.3414193244111216], [0.5231987966021084, 0.2185047583369311, 0.05989528506345359, 0.19840115999750682], [0.16808795877119093, 0.25279682413810917, 0.03536755218227987, 0.54374766490842], [0.28603578855285133, 0.3873353562418562, 0.029501350031332994, 0.2971275051739596], [0.6059192889430743, 0.09988187562554697, 0.014052276065273367, 0.28014655936610516], [0.18634099491937567, 0.0327518128380536, 0.2686218606399074, 0.5122853316026633], [0.2830436636110591, 0.06020865845473102, 0.032777328728811186, 0.6239703492053991], [0.05641863965090121, 0.35112099699810434, 0.2501076332520763, 0.34235273009891826], [0.4235015229434001, 0.15751404812865638, 0.11589240856665621, 0.30309202036128763]]}, "rewritten": {"ids": ["97105451", "97105580", "97106000", "97107950", "97112290", "97114170", "97116401", "97116500", "98107340", "98107410", "98108520", "98109090", "98119591", "98121790", "99108010", "99108460", "99109840", "100108990", "100109000", "100109910", "100109980", "100110050", "100110260", "100111620", "100113210", "100116500", "101108080", "101108290", "101109000", "101111310", "101112201", "101113210", "101114990", "101115190", "102109850", "102110050", "102110500", "102112170", "102113350", "102113981", "102114270", "102121700", "103109641", "103109791", "103110760", "103110840", "103111990", "103112641", "104111531", "104114320", "104114740", "104116980", "104118340", "105111990", "105112130", "105113620", "105114220", "105115250", "105115380", "105115570", "105115720", "105116650", "105120280", "106111321", "106113830", "106114011", "106114150", "106114280", "106115120", "106115240", "106116850", "106118520", "106119260", "106119580", "106121190", "107112840", "107113200", "107113360", "107113550", "107114200", "107114621", "107118490", "107120010", "107120260", "108113480", "108113760", "108115500", "108118291", "108118810", "108120260", "108121190", "109113591", "109114270", "109117600", "109118701", "109119010", "109119591", "109120621", "109121351", "110114651", "110114950", "110115710", "110116170", "110117140", "110117500", "110118161", "110119030", "110120640", "111114941", "111116100", "111116170", "111116750", "111118820", "111119250", "111119610", "111120190", "111120280", "111120320", "112116501", "112116640", "112116850", "112116900", "112117431", "112117461", "112118471", "112119450", "112119580", "112120540", "112120670", "112120990", "112121351", "113117550", "113117630", "113118511", "113119340", "113119950", "113120780", "113121190", "113121410", "113121680", "113122180", "113122320"], "labels": [0, 1, 0, 2, 1, 2, 3, 2, 0, 3, 2, 1, 1, 2, 2, 0, 2, 2, 1, 2, 1, 3, 3, 3, 0, 2, 0, 0, 1, 3, 0, 3, 3, 1, 1, 3, 3, 3, 3, 1, 3, 1, 1, 3, 1, 1, 2, 3, 0, 2, 2, 1, 2, 2, 1, 0, 3, 2, 1, 0, 1, 1, 3, 0, 1, 1, 1, 3, 1, 1, 3, 2, 1, 3, 2, 1, 0, 0, 0, 2, 0, 2, 1, 1, 0, 1, 3, 3, 1, 1, 1, 3, 3, 1, 3, 3, 0, 1, 0, 3, 0, 2, 0, 3, 1, 0, 0, 0, 0, 3, 0, 3, 0, 1, 2, 3, 0, 1, 3, 0, 0, 3, 0, 0, 1, 3, 3, 3, 2, 2, 0, 3, 0, 1, 0, 0, 0, 1, 0, 1, 2, 1], "predicted_labels": [0, 0, 3, 3, 3, 3, 1, 1, 2, 0, 1, 2, 0, 1, 1, 3, 2, 1, 3, 2, 0, 1, 3, 2, 3, 2, 0, 3, 2, 1, 3, 1, 1, 1, 2, 1, 3, 0, 3, 1, 3, 1, 3, 2, 0, 2, 1, 1, 1, 1, 3, 3, 1, 3, 1, 1, 0, 0, 1, 0, 1, 2, 3, 0, 3, 1, 0, 3, 0, 0, 1, 1, 0, 1, 2, 2, 3, 1, 0, 3, 3, 1, 2, 1, 3, 3, 1, 0, 3, 1, 3, 1, 3, 3, 3, 3, 0, 0, 0, 3, 0, 1, 3, 3, 1, 0, 0, 2, 3, 0, 3, 3, 0, 2, 2, 1, 3, 3, 1, 3, 3, 0, 0, 3, 1, 3, 3, 0, 2, 1, 3, 1, 1, 3, 0, 0, 3, 1, 3, 1, 3, 1], "confidence_scores": [[0.7781459429577353, 0.09492530261659343, 0.004940328040801702, 0.12198842638486934], [0.3382221711825629, 0.18161579938659903, 0.3182058402097496, 0.16195618922108843], [0.021384207628269796, 0.1731039398004269, 0.07268221951811722, 0.7328296330531859], [0.08159746353689276, 0.18138241998981314, 0.178344444319631, 0.558675672153663], [0.30286563403116395, 0.2673219101909186, 0.02095073641780745, 0.4088617193601102], [0.03846493458076798, 0.26990312788797916, 0.055044716614918894, 0.636587220916334], [0.1094214505559101, 0.4972733124796254, 0.09689329452043592, 0.29641194244402846], [0.2150254304279078, 0.3338062488492831, 0.38441504288193856, 0.06675327784087065], [0.15795807754506197, 0.13045194088598006, 0.5360632786007317, 0.175526702968226], [0.7002096015988769, 0.04446726082011439, 0.13177262740827955, 0.12355051017272897], [0.25829213528678563, 0.45708210490974477, 0.03751902020713272, 0.2471067395963367], [0.03321936829947197, 0.0535565020527968, 0.8019530177060933, 0.11127111194163804], [0.3088702666404056, 0.27114783768126915, 0.35155934597748406, 0.06842254970084082], [0.3957139954206125, 0.345429569521171, 0.2008734857326951, 0.05798294932552163], [0.013800753095596162, 0.7758449642599741, 0.1562475896281294, 0.05410669301630034], [0.11021042377480979, 0.11258163424830131, 0.011311065184057037, 0.765896876792832], [0.016520843618148345, 0.20833024235485997, 0.528478424204388, 0.24667048982260367], [0.10723390262124002, 0.5145280474434811, 0.10151954103843991, 0.27671850889683924], [0.31518469364243906, 0.19710933574654152, 0.15162782786162873, 0.3360781427493905], [0.10164426141523758, 0.06087659613320889, 0.8042284726855566, 0.03325066976599699], [0.7498171034494437, 0.10561120303244192, 0.05235992086269139, 0.09221177265542313], [0.11148310597612258, 0.3366707329757329, 0.25885008110607655, 0.2929960799420677], [0.4052433392004651, 0.07115073506596953, 0.07717681376088549, 0.44642911197267987], [0.24870677645572375, 0.11554021428347605, 0.3830698657935942, 0.2526831434672059], [0.34035916768726304, 0.06926329214625881, 0.005981927817788794, 0.5843956123486894], [0.0930517285687845, 0.10111240696435345, 0.6046465172619694, 0.20118934720489237], [0.5617875791442898, 0.20804054316772433, 0.011587301675666085, 0.21858457601231981], [0.2386430448519974, 0.07079934201627194, 0.0258354900007453, 0.6647221231309852], [0.031300754381541104, 0.09207178206119664, 0.6464149195384847, 0.230212544018778], [0.24769114423039285, 0.6242384912877322, 0.08738473678662616, 0.04068562769524879], [0.20558676396926606, 0.26877859667553833, 0.06549374193670167, 0.46014089741849395], [0.1037111273025791, 0.6084877401174451, 0.08323085881584505, 0.20457027376413062], [0.019573655988140554, 0.6258815157109573, 0.18496885925299597, 0.16957596904790595], [0.043769502912731795, 0.5989692068262575, 0.26940062831371825, 0.08786066194729242], [0.16319275216305754, 0.28205888389019657, 0.5016253295873371, 0.053123034359408745], [0.05547276585130671, 0.3788161055157679, 0.36668823900282366, 0.19902288963010167], [0.17622059472175125, 0.06703583780471331, 0.1201839818430679, 0.6365595856304672], [0.3882434996447525, 0.031386440857117774, 0.3421340071702375, 0.23823605232789224], [0.31924826699702646, 0.1487318686431973, 0.12740428154093686, 0.40461558281883897], [0.11752500190396643, 0.6983628584967362, 0.12208677612700093, 0.06202536347229644], [0.16363194105021245, 0.3246742350698069, 0.031175060481676366, 0.4805187633983043], [0.4250534868913512, 0.3847178046824093, 0.07750133623169671, 0.11272737219454296], [0.07197169034477711, 0.30053388114148877, 0.2879336039743163, 0.33956082453941766], [0.12337201551269154, 0.1503193809993473, 0.5635533600444305, 0.16275524344353057], [0.44144501374148243, 0.272553563066662, 0.04735175906329083, 0.23864966412856492], [0.21474343230289872, 0.19066355418810366, 0.5586192279086981, 0.03597378560029942], [0.08550664248340076, 0.48604872325348747, 0.21535450218330732, 0.21309013207980457], [0.16042391495675967, 0.42416084216807093, 0.17903807886121006, 0.2363771640139591], [0.2704399048361764, 0.3658582734346496, 0.03404413857853453, 0.32965768315063937], [0.1543817281088492, 0.5000947605141828, 0.16348978735090217, 0.18203372402606563], [0.09694750292315915, 0.19272142570184825, 0.25456319523267584, 0.45576787614231673], [0.022264836739790888, 0.23513885915947225, 0.3928024782974535, 0.34979382580328333], [0.08455682828069108, 0.5449266501955736, 0.20189505688189063, 0.16862146464184477], [0.12606850168078962, 0.219538831039804, 0.012401311770791111, 0.6419913555086153], [0.035936782960569714, 0.5913383762061265, 0.054877934192223726, 0.3178469066410802], [0.0668428528462193, 0.660765364062686, 0.14591863220072446, 0.12647315089037034], [0.6518266475181792, 0.19625510421059772, 0.025627638042566618, 0.12629061022865637], [0.4121005187587937, 0.18149787003218215, 0.12920671659850136, 0.27719489461052244], [0.04905148264830428, 0.5087804614821809, 0.0773775611913302, 0.36479049467818464], [0.3807986024231, 0.20488332607533188, 0.19030110673945438, 0.22401696476211364], [0.02462479494832355, 0.5334212713053191, 0.23195830996339942, 0.20999562378295838], [0.13737366843197682, 0.14446802789736196, 0.4904542748495502, 0.22770402882111127], [0.08389323769203501, 0.26162283152001803, 0.38816557205001756, 0.26631835873792953], [0.44205127461750426, 0.2526650059939231, 0.043611732322139725, 0.2616719870664328], [0.21000022851444414, 0.107274284277704, 0.08195508274277204, 0.6007704044650801], [0.4434923036055333, 0.47858709286956497, 0.0424234994129426, 0.035497104111959214], [0.6576061960054096, 0.15865287187460436, 0.06472082971561857, 0.1190201024043676], [0.22057996755078163, 0.2733207624593916, 0.07807136711885762, 0.4280279028709695], [0.6339854169237731, 0.10287993023232811, 0.010205623016262542, 0.2529290298276363], [0.5407758793526328, 0.1727940147161561, 0.06111926804124447, 0.2253108378899667], [0.24714993604591814, 0.4157244159540499, 0.11125986984408158, 0.2258657781559505], [0.12710755937829024, 0.4344336116920317, 0.014263952241855128, 0.4241948766878229], [0.48305645965431543, 0.12816020404048634, 0.32492549480338523, 0.06385784150181302], [0.14564438229096732, 0.3254213726504626, 0.40672155389704806, 0.12221269116152161], [0.004148333072257132, 0.05417745942157083, 0.8854692472812398, 0.05620496022493217], [0.14768077992077644, 0.3188769959098541, 0.4127564896876854, 0.12068573448168407], [0.2989199412692446, 0.047075877347192235, 0.052869990739313075, 0.6011341906442504], [0.22665698392785538, 0.34461254649493267, 0.05366515146202012, 0.375065318115192], [0.36249459083355856, 0.17832831214778863, 0.23139067816129402, 0.2277864188573587], [0.13980406836186557, 0.40935103081325924, 0.00586515249444589, 0.44497974833042936], [0.18593523709276805, 0.35225819764333155, 0.07069437114674808, 0.39111219411715215], [0.1442244373379715, 0.6153355042826362, 0.0993884135589506, 0.14105164482044183], [0.0740673975446787, 0.27063611973811363, 0.43968018802714814, 0.2156162946900595], [0.2845654842608429, 0.520226327229041, 0.13099494076775736, 0.06421324774235852], [0.18555678358302385, 0.036609002824140424, 0.3266876557022042, 0.4511465578906312], [0.3323869026707453, 0.22990744287557688, 0.1356417904223853, 0.30206386403129226], [0.039583615067249216, 0.5804423678854647, 0.12354879988564196, 0.2564252171616439], [0.5455367206881895, 0.05625309779840295, 0.05880143944477168, 0.3394087420686358], [0.048930337965744405, 0.10970045696108499, 0.0036346224891649244, 0.8377345825840057], [0.22356131967182835, 0.44672426798122583, 0.050599453835057054, 0.27911495851188833], [0.09724891259955876, 0.20820940252503847, 0.05432047265278175, 0.6402212122226212], [0.06458624758245406, 0.5695556351377831, 0.03667134703316183, 0.3291867702466006], [0.20605173751157915, 0.1425426521198927, 0.1355318670918535, 0.515873743276675], [0.2992926450977123, 0.20996755693174232, 0.07962122879320815, 0.411118569177337], [0.2416618909754113, 0.2915779205185688, 0.031161184788528893, 0.4355990037174909], [0.17396243431610076, 0.20993312574071385, 0.2343948333503929, 0.3817096065927923], [0.4353625364116138, 0.18127655098529666, 0.2380773564380514, 0.14528355616503816], [0.3804804200725737, 0.28847868674482713, 0.014656301621239402, 0.3163845915613599], [0.3109433099842351, 0.29240431457671784, 0.0375029946866256, 0.35914938075242164], [0.15378093668777723, 0.3834803164995801, 0.00334964252785298, 0.4593891042847899], [0.891883843137439, 0.012959943618513693, 0.013728355951788349, 0.08142785729225903], [0.19354376430436213, 0.35076089269099275, 0.23488313648884243, 0.2208122065158027], [0.3798510792212911, 0.1816323252129919, 0.022982396024382006, 0.4155341995413348], [0.06412173565670425, 0.2918515913582351, 0.050502232772980986, 0.5935244402120795], [0.323855926737526, 0.560750496809396, 0.024902639459930643, 0.09049093699314759], [0.29895713476554137, 0.34789539371233813, 0.03209848193361148, 0.3210489895885089], [0.36558750170319965, 0.2728263502151752, 0.0587505192195884, 0.3028356288620367], [0.1815680339353319, 0.1503789794661981, 0.5593653691805855, 0.1086876174178844], [0.22658965662398523, 0.26222833523242156, 0.02666453751598176, 0.48451747062761125], [0.7288816253690795, 0.18477936902763656, 0.02568484680962787, 0.06065415879365597], [0.07523262918899407, 0.37469626991838056, 0.008103339923911747, 0.5419677609687136], [0.31171059320322586, 0.015220327524947634, 0.024487006538207807, 0.6485820727336187], [0.48453949422522846, 0.025969084612590832, 0.01094402938523568, 0.4785473917769448], [0.014458969625062925, 0.29103701546820476, 0.6319195889533645, 0.06258442595336772], [0.023152897966982805, 0.30172224726493463, 0.6651536772323821, 0.009971177535700626], [0.25436843767502104, 0.36773799467122753, 0.03797874673858657, 0.3399148209151647], [0.11146725453103923, 0.29246694407891327, 0.0020231636447868534, 0.5940426377452608], [0.0743869077321567, 0.19404205192309143, 0.061688795346995645, 0.669882244997756], [0.03507008426698427, 0.47759834798829737, 0.02690109795446667, 0.4604304697902515], [0.14071971914219109, 0.3022432043113144, 0.02414629344118949, 0.5328907831053047], [0.1071618383195692, 0.2182347223833102, 0.17971524508203346, 0.4948881942150873], [0.5131295448615906, 0.26782363257460445, 0.009526978456228635, 0.20951984410757632], [0.40465259276273213, 0.22304124207122486, 0.0882601562888737, 0.2840460088771692], [0.35319374497162126, 0.07425370626265587, 0.01490619607800505, 0.5576463526877176], [0.15827245663424966, 0.6635521842303582, 0.04376579842164388, 0.13440956071374813], [0.02104183556997706, 0.011425331044528631, 0.002452955686223863, 0.9650798776992704], [0.020166716226685855, 0.2022149487993186, 0.03643581261839511, 0.7411825223556006], [0.2790122218915003, 0.35779186637997473, 0.03377108312511456, 0.3294248286034103], [0.10999363441712307, 0.19403007887578286, 0.6190477587291795, 0.07692852797791438], [0.08955254459413779, 0.7227678135671729, 0.03079858840826642, 0.15688105343042302], [0.34360816960211366, 0.10236873513965088, 0.02025561158174601, 0.5337674836764894], [0.14751991764303496, 0.3539460690691394, 0.09854750195489258, 0.3999865113329327], [0.06441731972728934, 0.49716628819580916, 0.074472029671504, 0.36394436240539774], [0.18864181031655905, 0.1577111618359268, 0.23966278443569092, 0.4139842434118233], [0.5477950844460472, 0.1218331567260363, 0.010300493363591708, 0.3200712654643248], [0.645340268511068, 0.1476212689730776, 0.02302321813807766, 0.18401524437777703], [0.143142957819244, 0.30304300409675916, 0.04673545966174205, 0.507078578422255], [0.16709210489929566, 0.43935361844107546, 0.015706622840760905, 0.377847653818868], [0.11650051403477381, 0.04636226331049819, 0.004515342747378907, 0.832621879907349], [0.07321308961001319, 0.4921807143038232, 0.049160991271240025, 0.38544520481492345], [0.1952827033074401, 0.24478861835227195, 0.038842612261140136, 0.5210860660791481], [0.28737933991998327, 0.539600403489644, 0.02462747071891561, 0.14839278587145688]]}}