{"test": {"ids": ["103120730", "101111140", "112118880", "110116290", "110117080", "110115980", "110113931", "112116501", "105110251", "98107010", "107120010", "108114040", "97112290", "97106970", "106115120", "106117790", "107116300", "111120220", "99107950", "102109010", "99109311", "104112201", "111119430", "98109090", "102108621", "104119340", "112116810", "106120290", "104113240", "107120260", "103112470", "104111711", "98108520", "98112300", "98106880", "102110500", "112118421", "113118490", "100111080", "110118630", "106119580", "99109370", "110118810", "98119591", "104116980", "111116640", "103117461", "104109311", "110118740", "111120260", "110121140", "111116040", "99105921", "104112470", "103110760", "112118860", "99109910", "98109230", "111117000", "97111790", "98112170", "110121170", "110115890", "99113260", "110121450", "98111670", "110114920", "103120340", "111116100", "99111340", "107113130", "110118181", "100116500", "107118820", "109120621", "113122230", "97107260", "105119950", "110119891", "112117571", "97112170", "98121790", "107116980", "103120780", "105112240", "107114621", "110115250", "110121720", "111115770", "110116300", "111114941", "98108150", "98116090", "109116810", "110114720", "97106000", "105116090", "112116451", "107119390", "98107210", "111119930", "108114180", "106113190", "101111310", "101108460", "111120540", "102117351", "102116340", "99108890", "105111990", "105115250", "103111480", "110116441", "100108080", "110117870", "109117271", "108117360", "104114230", "104113000", "97109570", "111120591", "99108580", "104116441", "111121410", "113122320", "99108460", "112118581", "112117471", "101108121", "111119300", "111119950", "100112060", "99112300", "100110260", "98110230", "108120621", "103110220", "106115250", "112120670", "105113620", "101111210", "112117660"], "labels": [1, 2, 1, 2, 1, 1, 1, 3, 0, 3, 1, 0, 1, 2, 1, 1, 0, 3, 1, 1, 1, 0, 3, 1, 3, 1, 3, 2, 2, 1, 1, 1, 2, 2, 0, 3, 3, 1, 0, 1, 3, 1, 1, 1, 1, 0, 0, 3, 3, 3, 3, 0, 1, 1, 1, 3, 2, 1, 0, 2, 3, 2, 2, 0, 3, 1, 3, 1, 3, 1, 1, 1, 2, 3, 1, 1, 2, 3, 3, 3, 0, 2, 3, 1, 1, 0, 1, 3, 3, 3, 0, 0, 0, 3, 3, 0, 1, 0, 2, 1, 1, 1, 0, 3, 0, 1, 1, 3, 0, 2, 2, 0, 3, 0, 3, 0, 1, 2, 1, 0, 1, 0, 1, 0, 1, 0, 1, 3, 0, 1, 0, 2, 0, 3, 3, 1, 2, 2, 2, 0, 2, 0], "predicted_labels": [3, 3, 0, 0, 1, 0, 1, 3, 3, 3, 3, 3, 3, 2, 0, 1, 1, 1, 2, 1, 3, 3, 1, 2, 0, 3, 1, 1, 1, 1, 1, 2, 1, 3, 2, 3, 0, 3, 1, 1, 1, 3, 3, 2, 1, 0, 3, 3, 3, 0, 0, 0, 0, 3, 3, 0, 2, 2, 3, 3, 3, 3, 1, 2, 0, 3, 1, 3, 0, 3, 2, 0, 3, 0, 0, 1, 2, 1, 3, 3, 3, 2, 0, 1, 0, 3, 1, 1, 3, 1, 3, 3, 1, 3, 2, 3, 0, 0, 2, 2, 0, 3, 0, 0, 1, 1, 3, 3, 1, 0, 0, 1, 0, 1, 1, 3, 3, 2, 0, 1, 3, 1, 3, 1, 1, 3, 1, 1, 3, 3, 0, 0, 2, 3, 1, 1, 3, 1, 1, 1, 3, 3], "confidence_scores": [[0.2657160157837016, 0.23319506362983647, 0.057839039955791316, 0.44324988063067067], [0.31812043472546553, 0.08760468365614572, 0.14803496736374472, 0.4462399142546441], [0.21099587407061862, 0.1456664864853321, 0.38840468385525434, 0.25493295558879525], [0.42262459992032997, 0.03817309665740533, 0.45078862711922907, 0.08841367630303582], [0.029291387515808787, 0.7201358303538157, 0.041667199826208846, 0.20890558230416667], [0.30326147891130173, 0.3775952932004011, 0.0647450363068405, 0.25439819158145666], [0.20227191419625362, 0.6134742990494049, 0.0191766254388243, 0.1650771613155172], [0.23469374933986886, 0.17361020008489056, 0.027745947867454393, 0.563950102707786], [0.08744566908113255, 0.22496292650441885, 0.1351882761747744, 0.5524031282396743], [0.15278727465505149, 0.3943169810563988, 0.06407537430266873, 0.38882036998588115], [0.02516632213180584, 0.34847087924167697, 0.2283654700977356, 0.3979973285287815], [0.02718828439251509, 0.11439395840756128, 0.2132032001188221, 0.645214557081102], [0.17566325047114537, 0.24862346404473032, 0.09279879647758803, 0.48291448900653644], [0.15711331715198082, 0.23065457067995468, 0.38846306182076357, 0.22376905034730105], [0.6559865279636554, 0.3085180115006855, 0.01016849134218211, 0.025326969193476916], [0.1549778152175643, 0.4747774570136524, 0.3025511669132654, 0.06769356085551792], [0.141196741750389, 0.420377129011588, 0.2203223289007114, 0.21810380033731194], [0.20617463729013297, 0.731956953749199, 0.009993808628232898, 0.05187460033243512], [0.001849980705788593, 0.1330052363384237, 0.7296905559537052, 0.13545422700208262], [0.15078848221136756, 0.4569130770627772, 0.11495737200403795, 0.27734106872181746], [0.017515532682456817, 0.08811408269386764, 0.45646085201506315, 0.43790953260861226], [0.3721842892923394, 0.11841337164535741, 0.08716211545349845, 0.4222402236088047], [0.16209502081897473, 0.546852959713313, 0.1775325461166214, 0.11351947335109089], [0.008872532998739862, 0.06865736171009271, 0.876652814070341, 0.04581729122082662], [0.8035047812838573, 0.05898677645905402, 0.013155847801532533, 0.12435259445555585], [0.10680886016062265, 0.28053558024096004, 0.03474257032892246, 0.5779129892694949], [0.12479203541386515, 0.321158912612837, 0.3109293041201549, 0.2431197478531429], [0.05042901913480529, 0.43911221502658504, 0.3872989105717738, 0.123159855266836], [0.05006110105065151, 0.4985920599998729, 0.40036404332096887, 0.05098279562850647], [0.38083262548628993, 0.5401543340653584, 0.06105038241869588, 0.017962658029655736], [0.20034657918220133, 0.39129667039463345, 0.16814705080511988, 0.24020969961804553], [0.010203774925777898, 0.05983523143312331, 0.8688218238440959, 0.0611391697970027], [0.12491359234154745, 0.6319722414967471, 0.051356796644762795, 0.1917573695169429], [0.10188846892607828, 0.05311977947498948, 0.07811928648930475, 0.7668724651096275], [0.0397327397208208, 0.12428776257130286, 0.5940208925415684, 0.2419586051663079], [0.1827156396432044, 0.09759261219081558, 0.08262299661284361, 0.6370687515531369], [0.286056967657542, 0.3581268389513905, 0.03325581887007363, 0.32256037452099384], [0.3126900715891833, 0.2938106098721592, 0.07390525033628628, 0.31959406820237124], [0.10071890494399212, 0.3437981341745458, 0.4147247178955417, 0.1407582429859201], [0.10959784784430797, 0.5017651412172434, 0.1457339658739559, 0.24290304506449284], [0.29634288125414787, 0.40850218484821105, 0.1845877799582061, 0.1105671539394352], [0.02369491100068042, 0.190212858564593, 0.16802518855548393, 0.6180670418792427], [0.28782806312138065, 0.15061225045715299, 0.2175561981662229, 0.34400348825524346], [0.11453013452981098, 0.21778274601312808, 0.5014994024001808, 0.16618771705688032], [0.0160923163599175, 0.3434116424126631, 0.42581150325110084, 0.21468453797631862], [0.48037311988510306, 0.19355751851959035, 0.2485779627975942, 0.07749139879771227], [0.3430324732644039, 0.19937858583977291, 0.07486278919482077, 0.38272615170100227], [0.2982269098622553, 0.06416437569005248, 0.024921675070067362, 0.6126870393776249], [0.38721563209411297, 0.05765713965627837, 0.10517276553093732, 0.4499544627186711], [0.754480102431132, 0.171370299084508, 0.012337543705852275, 0.06181205477850765], [0.5844427145169896, 0.10054914343503361, 0.19476488114714677, 0.12024326090082979], [0.43982563625770893, 0.21923051020207587, 0.07788435411858964, 0.26305949942162554], [0.5237524227186038, 0.17418012238251535, 0.13747489968236146, 0.16459255521651955], [0.035669527304976974, 0.055024018008884616, 0.1691991266533992, 0.7401073280327397], [0.27843620610302433, 0.3471806277991484, 0.04465963137178151, 0.3297235347260458], [0.36351571270434263, 0.32544556088958543, 0.13592316975700086, 0.17511555664907125], [0.009176341124438363, 0.018044126012765564, 0.9581534331411151, 0.01462609972168089], [0.07114647545140146, 0.16783712557091207, 0.6924591595487912, 0.06855723942889526], [0.09871986493682079, 0.22654194294038613, 0.12445710106091759, 0.5502810910618756], [0.21612215043031804, 0.12201390801427317, 0.30455734516341715, 0.3573065963919915], [0.09039533757248759, 0.27509954019832905, 0.11479260611638278, 0.5197125161128006], [0.18942087347815906, 0.19455339078373818, 0.3229202925548619, 0.29310544318324067], [0.08949239896945779, 0.5298607592321093, 0.2056722550949475, 0.17497458670348504], [0.06298702987468938, 0.13402101124149302, 0.6999702031361017, 0.10302175574771553], [0.6344078096972005, 0.2539977396663936, 0.026696403874500518, 0.08489804676190554], [0.12574605176858597, 0.07066349915681716, 0.21812799613369052, 0.5854624529409066], [0.13701701963898374, 0.5487349434482436, 0.045626114195447556, 0.26862192271732543], [0.03834043020988618, 0.13224685462204966, 0.13819784811243654, 0.6912148670556274], [0.741867937786549, 0.17744759047284067, 0.02186794764873313, 0.05881652409187709], [0.007426885719945433, 0.19981090010581498, 0.2738939158881019, 0.5188682982861376], [0.06523647490183891, 0.20336922428085216, 0.7179732156126833, 0.013421085204625679], [0.4442337434088725, 0.30522725706589354, 0.11653100779670619, 0.13400799172852804], [0.022630661496773178, 0.046612996993955415, 0.4738369394554036, 0.45691940205386783], [0.41386146564581394, 0.3161965210268734, 0.0265360755466343, 0.24340593778067832], [0.4302722251429276, 0.1930758041572791, 0.08242882591070774, 0.29422314478908534], [0.2707347261193607, 0.4233316002382947, 0.22434734356556488, 0.08158633007677954], [0.0020033956060141076, 0.005266887706931822, 0.8544991175769033, 0.13823059911015065], [0.2452458708388727, 0.49777425916572066, 0.11499203094033879, 0.14198783905506776], [0.052932335924476714, 0.4054266963004916, 0.054912400247507466, 0.4867285675275239], [0.4336635830731636, 0.10802245920806693, 0.010535328670621753, 0.4477786290481477], [0.21052902781851693, 0.2258088687343271, 0.24938287995163708, 0.31427922349551896], [0.06237461363395656, 0.12027911641339208, 0.6932407275561505, 0.12410554239650047], [0.6104479530847872, 0.32615189362952235, 0.03830277243204372, 0.025097380853646926], [0.03893887842663009, 0.5574335664763803, 0.1564097157665164, 0.24721783933047328], [0.4899354878362611, 0.40220764109195195, 0.03974746727362665, 0.06810940379816045], [0.22120305449329875, 0.3670936762824732, 0.0703348859612934, 0.3413683832629347], [0.16987479424945548, 0.28937631905104777, 0.2544043282818037, 0.2863445584176929], [0.08105501876505088, 0.4353329590266299, 0.371953250629094, 0.11165877157922524], [0.14252314620247275, 0.2375729863697379, 0.07780778154768299, 0.5420960858801062], [0.18842120754144134, 0.6596240103019831, 0.11065529980672469, 0.04129948234985079], [0.18153396575334074, 0.19493339835357656, 0.022112933947012504, 0.6014197019460703], [0.117481945089713, 0.397680189612889, 0.09898205496353939, 0.38585581033385885], [0.10577227922965204, 0.3369466347929412, 0.25290053497649817, 0.3043805510009086], [0.15011632691315552, 0.2909148878977214, 0.060059058771485416, 0.4989097264176374], [0.028417543279514377, 0.015704316744841226, 0.9460509885675193, 0.009827151408125165], [0.005411807656330195, 0.020797174404518108, 0.03808426681543825, 0.9357067511237134], [0.28257438179493255, 0.279620251552766, 0.13023500687041487, 0.30757035978188657], [0.7378707531059636, 0.13671835863927298, 0.01741213045611067, 0.1079987577986528], [0.15283037841405792, 0.06425616685907272, 0.6578702725444004, 0.12504318218246854], [0.03535830791513917, 0.10576713150876414, 0.718822561283574, 0.1400519992925225], [0.3978431502640611, 0.25642204879104263, 0.065136304501697, 0.2805984964431993], [0.014637395992956019, 0.053596556526046536, 0.09681690659536804, 0.8349491408856288], [0.6211804214953418, 0.25830351906555754, 0.023288859695550532, 0.09722719974355015], [0.42310878841785515, 0.3660823210806062, 0.14353446996344807, 0.0672744205380903], [0.27631678324978454, 0.34843632469930685, 0.25895249685895927, 0.11629439519194905], [0.023772950988782023, 0.6291735285672546, 0.17637961726533097, 0.17067390317863268], [0.42537454278885, 0.15647610235517598, 0.010530308069566797, 0.40761904678640715], [0.010218584125831145, 0.27117028717094876, 0.3838123355664707, 0.3347987931367495], [0.036191559447127736, 0.5903475206353348, 0.05582952299065499, 0.31763139692688264], [0.5662130687123383, 0.10850658293835558, 0.012097858671845273, 0.313182489677461], [0.6154870069513146, 0.2201421606419411, 0.08255952165959834, 0.08181131074714579], [0.29138721724147904, 0.40877571248744704, 0.032798460754344706, 0.26703860951672903], [0.2639249306707975, 0.23566329353073237, 0.3892056024857068, 0.11120617331276346], [0.034722632911720154, 0.8736150103288682, 0.014124415146265806, 0.0775379416131457], [0.08995786438317312, 0.22749671892414333, 0.3764674338545395, 0.30607798283814375], [0.10247659961841532, 0.09409404499752408, 0.03310924036008338, 0.7703201150239773], [0.012790037800311928, 0.21798598008998107, 0.37321626273428277, 0.3960077193754244], [0.03721627122304369, 0.0864391594654654, 0.728919252942932, 0.1474253163685589], [0.5125919064564504, 0.055860045835235746, 0.04434466465704576, 0.387203383051268], [0.09264193097990749, 0.3739742373284938, 0.23996435668130758, 0.29341947501029114], [0.259519814817246, 0.09732902676928737, 0.01348233496652343, 0.629668823446943], [0.1179218229507254, 0.30503734981903674, 0.46781977314667306, 0.10922105408356496], [0.2652261099758622, 0.18015254507140335, 0.007929975676891068, 0.5466913692758436], [0.2809939602535066, 0.5653288818343148, 0.03127340624941053, 0.12240375166276807], [0.14744662182835291, 0.5350866769280282, 0.0671526403266089, 0.2503140609170097], [0.04045380407977896, 0.1981057726704752, 0.015200392511287995, 0.7462400307384578], [0.03600057204801065, 0.4284240517376761, 0.47416476454493295, 0.06141061166938042], [0.3335335314413582, 0.5674636863125231, 0.024763051111574192, 0.07423973113454455], [0.25052034775195325, 0.28257869743969705, 0.04555097598172158, 0.4213499788266278], [0.0961030739695153, 0.19429928918000056, 0.05428536857340551, 0.6553122682770783], [0.3593681587626407, 0.2655165286012605, 0.13149157815469908, 0.24362373448139968], [0.31317382003408034, 0.19566795963658332, 0.1968880280367478, 0.2942701922925885], [0.038965946327106864, 0.07749681518004246, 0.5203909716448163, 0.3631462668480345], [0.36616851564213637, 0.09995221813089535, 0.10955564804058557, 0.4243236181863828], [0.1627099076501802, 0.6214123789017588, 0.03823953375294839, 0.17763817969511264], [0.3376735376902723, 0.5162928907583226, 0.07089339482167734, 0.07514017672972775], [0.04294599572700713, 0.1754182706320303, 0.2968968411924634, 0.48473889244849916], [0.12345350801946665, 0.41184054760110733, 0.24216836847522263, 0.2225375759042035], [0.15930937973772982, 0.3181080698661394, 0.4295953465224513, 0.09298720387367879], [0.07550825761134436, 0.4326618748000179, 0.36945954240174994, 0.12237032518688776], [0.06634948148545637, 0.21175733977414227, 0.34121757756241516, 0.38067560117798616], [0.26593726868784745, 0.07550999859706728, 0.023737801294960247, 0.634814931420125]]}, "rewritten": {"ids": ["97106000", "97106970", "97107260", "97109570", "97111790", "97112170", "97112290", "98106880", "98107010", "98107210", "98108150", "98108520", "98109090", "98109230", "98110230", "98111670", "98112170", "98112300", "98116090", "98119591", "98121790", "99105921", "99107950", "99108460", "99108580", "99108890", "99109311", "99109370", "99109910", "99111340", "99112300", "99113260", "100108080", "100110260", "100111080", "100112060", "100116500", "101108121", "101108460", "101111140", "101111210", "101111310", "102108621", "102109010", "102110500", "102116340", "102117351", "103110220", "103110760", "103111480", "103112470", "103117461", "103120340", "103120730", "103120780", "104109311", "104111711", "104112201", "104112470", "104113000", "104113240", "104114230", "104116441", "104116980", "104119340", "105110251", "105111990", "105112240", "105113620", "105115250", "105116090", "105119950", "106113190", "106115120", "106115250", "106117790", "106119580", "106120290", "107113130", "107114621", "107116300", "107116980", "107118820", "107119390", "107120010", "107120260", "108114040", "108114180", "108117360", "108120621", "109116810", "109117271", "109120621", "110113931", "110114720", "110114920", "110115250", "110115890", "110115980", "110116290", "110116300", "110116441", "110117080", "110117870", "110118181", "110118630", "110118740", "110118810", "110119891", "110121140", "110121170", "110121450", "110121720", "111114941", "111115770", "111116040", "111116100", "111116640", "111117000", "111119300", "111119430", "111119930", "111119950", "111120220", "111120260", "111120540", "111120591", "111121410", "112116451", "112116501", "112116810", "112117471", "112117571", "112117660", "112118421", "112118581", "112118860", "112118880", "112120670", "113118490", "113122230", "113122320"], "labels": [0, 2, 2, 0, 2, 0, 1, 0, 3, 1, 0, 2, 1, 1, 3, 1, 3, 2, 0, 1, 2, 1, 1, 0, 0, 0, 1, 1, 2, 1, 0, 0, 0, 3, 0, 2, 2, 0, 0, 2, 2, 3, 3, 1, 3, 3, 1, 2, 1, 0, 1, 0, 1, 1, 1, 3, 1, 0, 1, 1, 2, 2, 1, 1, 1, 0, 2, 1, 0, 2, 1, 3, 0, 1, 2, 1, 3, 2, 1, 0, 0, 3, 3, 2, 1, 1, 0, 1, 1, 1, 3, 0, 1, 1, 3, 3, 1, 2, 1, 2, 3, 3, 1, 3, 1, 1, 3, 1, 3, 3, 2, 3, 3, 0, 3, 0, 3, 0, 0, 1, 3, 1, 0, 3, 3, 1, 1, 0, 0, 3, 3, 3, 3, 0, 3, 1, 3, 1, 2, 1, 1, 1], "predicted_labels": [3, 1, 2, 3, 0, 0, 0, 2, 1, 2, 3, 1, 2, 2, 1, 3, 3, 3, 3, 2, 2, 0, 2, 3, 1, 1, 2, 3, 2, 2, 2, 2, 1, 3, 1, 0, 2, 3, 1, 3, 1, 1, 0, 1, 3, 1, 3, 3, 3, 3, 3, 3, 3, 3, 1, 3, 2, 3, 3, 0, 1, 2, 3, 3, 3, 3, 0, 1, 1, 0, 0, 1, 0, 0, 1, 1, 1, 1, 2, 1, 1, 1, 0, 2, 3, 1, 3, 3, 3, 0, 3, 3, 0, 1, 2, 3, 1, 3, 0, 2, 1, 0, 1, 1, 0, 1, 3, 3, 3, 0, 0, 0, 1, 3, 3, 0, 0, 0, 3, 3, 1, 3, 0, 1, 0, 1, 3, 1, 0, 3, 2, 1, 3, 3, 0, 1, 0, 3, 1, 3, 0, 1], "confidence_scores": [[0.004075905366746813, 0.01847765407836209, 0.033948966289316006, 0.9434974742655753], [0.2404815551203603, 0.3653160989993924, 0.16220779439180308, 0.23199455148844414], [0.002262704090857992, 0.003172324643530235, 0.8567756408013556, 0.13778933046425618], [0.15044295747547795, 0.325898158890011, 0.15184566979532546, 0.3718132138391856], [0.3674797143362742, 0.14596115188563913, 0.31010933868809515, 0.17644979508999142], [0.3108914380632334, 0.18879505488100934, 0.23142260842822368, 0.26889089862753346], [0.3062940360889422, 0.3047800066383567, 0.07476077046130467, 0.3141651868113965], [0.053892314683911854, 0.22103510916597296, 0.4506864005927153, 0.2743861755574001], [0.13947281267598594, 0.5055896446079995, 0.04987560415481773, 0.3050619385611968], [0.0576323102193682, 0.09657610585272552, 0.7140843077142682, 0.13170727621363806], [0.09159950500579866, 0.4071497065223673, 0.1187374339012161, 0.3825133545706177], [0.16195361335464514, 0.5587108164831457, 0.058008717028371126, 0.22132685313383793], [0.008482496335725604, 0.06701552489345308, 0.8432576584560456, 0.08124432031477577], [0.06817011198763383, 0.17385720011618674, 0.6980154574913386, 0.059957230404840606], [0.1380959577193582, 0.6461533909318815, 0.02995959797994412, 0.18579105336881604], [0.11022936321657217, 0.1373219296666386, 0.3513295706270589, 0.4011191364897304], [0.10378810435201234, 0.287769106904088, 0.0979169137888061, 0.5105258749550937], [0.24118245644853112, 0.0647700960874563, 0.061071487235817026, 0.632975960228196], [0.15247983065502463, 0.3303957551320305, 0.12206443165464129, 0.39505998255830355], [0.08677785007399656, 0.19257534747684193, 0.6212289963359956, 0.09941780611316554], [0.13353202852115387, 0.2832980686368939, 0.44485604748326063, 0.13831385535869153], [0.5472431530816979, 0.21238593496576552, 0.11311063224344921, 0.12726027970908718], [0.0020505930786449598, 0.10662406063176286, 0.7323629461402016, 0.15896240014939053], [0.0934550313808523, 0.16592062251071893, 0.015444488377804185, 0.7251798577306243], [0.1350547639487106, 0.36885073237681715, 0.4114370404693878, 0.0846574632050843], [0.06390132229616645, 0.48900481503551074, 0.057400247043894376, 0.38969361562442806], [0.044870668410863075, 0.18055291440605462, 0.49570861518246956, 0.27886780200061295], [0.016259575391204345, 0.22124099568733802, 0.20406480585393338, 0.558434623067524], [0.011270564445130315, 0.031483630295698915, 0.9490726633117489, 0.008173141947421641], [0.006039790276006775, 0.16137999964599575, 0.5532694361324089, 0.27931077394558845], [0.04179891983643049, 0.045709943392884, 0.6569790469442096, 0.2555120898264755], [0.06415013985703923, 0.1672181283297346, 0.6829080149621758, 0.08572371685105017], [0.03619813772231266, 0.8826732028421371, 0.006281873564578463, 0.07484678587097203], [0.2803757942358006, 0.08060362125041852, 0.08339462884155117, 0.5556259556722298], [0.04861911298575636, 0.27806491007139517, 0.42192998579992863, 0.25138599114292004], [0.43273253337507767, 0.16568230904135783, 0.1207635911377864, 0.2808215664457778], [0.01860965274219749, 0.02120096546232131, 0.580286092869643, 0.37990328892583813], [0.2737759117447212, 0.13154317976709712, 0.019024951164391523, 0.5756559573237904], [0.16940450177026162, 0.5460971013412715, 0.20096482003104213, 0.08353357685742445], [0.42591600497638893, 0.09595980209385706, 0.08693232866709875, 0.3911918642626552], [0.09428015510448545, 0.37748488941116165, 0.20889165987223413, 0.31934329561211916], [0.2554058842821098, 0.5411224464929616, 0.1726418106660141, 0.03082985855891441], [0.8071929602021767, 0.06380311904619694, 0.0138193602392055, 0.11518456051242092], [0.1255831524954257, 0.5010807749765874, 0.10674868656978832, 0.2665873859581987], [0.09862549043671878, 0.07946996082864274, 0.052827189927914665, 0.769077358806724], [0.013205095615050923, 0.35488191804908936, 0.39602604214662784, 0.23588694418923206], [0.41402560731985044, 0.13646387277188401, 0.007332174680592757, 0.44217834522767274], [0.06633053145881881, 0.2596295469432748, 0.21878971031455735, 0.4552502112833491], [0.34417369863581493, 0.2746491506720596, 0.03688194283403833, 0.34429520785808715], [0.17577684502143462, 0.33605495923756507, 0.13103914827427193, 0.35712904746672813], [0.18042487451512698, 0.18153073795524693, 0.18174827579364236, 0.4562961117359837], [0.16453466823437576, 0.17666951180982976, 0.07067546953414158, 0.5881203504216528], [0.045024268591547956, 0.1498627429128737, 0.1443709917441755, 0.660741996751403], [0.18075515482922308, 0.22698859929076748, 0.05101100516600324, 0.5412452407140063], [0.05096562945586314, 0.5260453567588875, 0.3058560216643933, 0.11713299212085593], [0.3337180923559509, 0.08714148015942097, 0.030558307325785856, 0.5485821201588427], [0.004726347714451056, 0.06897815624973395, 0.8705162407571349, 0.05577925527868026], [0.3795689238570035, 0.1279999937682975, 0.10964353888696755, 0.3827875434877313], [0.04826556510702223, 0.09452292414382499, 0.13518442305036707, 0.7220270876987858], [0.5721953689717557, 0.055762075057444, 0.04412198815637303, 0.3279205678144272], [0.0439887973739393, 0.5016493938386045, 0.4305085374304777, 0.023853271356978466], [0.03652352672569259, 0.04987087475431481, 0.7355874493190754, 0.17801814920091727], [0.25973277506191494, 0.14135800262577053, 0.006230756113020539, 0.5926784661992939], [0.015270374335841616, 0.2100456097512532, 0.40433156228727996, 0.3703524536256253], [0.1673731960971657, 0.2509588393309503, 0.024967607582383373, 0.5567003569895007], [0.11997299822719132, 0.23879864270225132, 0.13485303229313733, 0.5063753267774201], [0.5540553657451236, 0.13279267843042425, 0.01311582276601861, 0.3000361330584334], [0.33250059521065806, 0.5163330723862039, 0.043940310316574645, 0.10722602208656354], [0.0585936471899156, 0.46442322296871774, 0.393823398406256, 0.08315973143511049], [0.5575546341375236, 0.2636944723524025, 0.08220271175014365, 0.09654818175993055], [0.38807561998984796, 0.29047180157325675, 0.089928827870126, 0.23152375056676916], [0.2887079790295168, 0.4343046552780248, 0.09259415756254596, 0.1843932081299125], [0.5442018162516621, 0.2486660443775183, 0.0425873733219213, 0.1645447660488986], [0.6686167937814207, 0.30460858387958883, 0.005420410508570781, 0.021354211830419627], [0.13604293615345206, 0.474139954553285, 0.23255835192731433, 0.15725875736594844], [0.10276700635215828, 0.48893332826297314, 0.3693805445537313, 0.03891912083113733], [0.22668340857580419, 0.31530458760811, 0.343104990655993, 0.1149070131600928], [0.05446953410045968, 0.4315118393199663, 0.3942691946444688, 0.11974943193510541], [0.02075275104562695, 0.12215984635576863, 0.8288205905262878, 0.028266812072316558], [0.2893040102609154, 0.44201741224530783, 0.1219975281134298, 0.14668104938034687], [0.11881005549838207, 0.31415533930318895, 0.3183757404560627, 0.24865886474236637], [0.4082502882411943, 0.4743256666656413, 0.08295930903063765, 0.03446473606252688], [0.43016344913757043, 0.3069756755608794, 0.040292676967306616, 0.2225681983342435], [0.1060823597565796, 0.05763148419641445, 0.6831247255823515, 0.1531614304646547], [0.02885706319999472, 0.2893416053709231, 0.23433401853962707, 0.4474673128894551], [0.2583927510093553, 0.628138606606225, 0.09556623791507683, 0.017902404469342853], [0.17362845374188424, 0.19363072284385774, 0.10838946345909217, 0.5243513599551655], [0.014199918209615246, 0.07235685261352842, 0.10292458887643577, 0.8105186403004205], [0.010808423717241635, 0.1257615893644523, 0.36471945467312755, 0.4987105322451787], [0.43999866389845216, 0.4082226539844384, 0.06279773314525375, 0.08898094897185566], [0.10614233641867579, 0.4445376597917239, 0.08308211519204563, 0.3662378885975546], [0.1698048689085335, 0.1305444058179727, 0.048750711785240874, 0.650900013488253], [0.45558694240996067, 0.1391749765999757, 0.04175174114604786, 0.36348633984401596], [0.16983424264129396, 0.6476451709490045, 0.009675264458879736, 0.1728453219508217], [0.018671504580063638, 0.01711568860854982, 0.9541404354036777, 0.010072371407709035], [0.13191339309262556, 0.3975883161241372, 0.014754326339881937, 0.45574396444335574], [0.3183329816674669, 0.27123449595394494, 0.19083098443126506, 0.21960153794732296], [0.12182156325487628, 0.3183396519702717, 0.11114873210073367, 0.4486900526741183], [0.2317623838571482, 0.2937495976349834, 0.09793465269586416, 0.3765533658120042], [0.30736515104983436, 0.02812501991526751, 0.6157548741345592, 0.048754954900338786], [0.11328832554704803, 0.7282515436119731, 0.10424040263261844, 0.05421972820836031], [0.303982919653344, 0.13353845900942474, 0.39979418965875624, 0.16268443167847474], [0.024379303007250427, 0.7334079245025302, 0.06660360590735309, 0.17560916658286624], [0.06854585169111115, 0.33389301590535564, 0.3777386831771354, 0.21982244922639807], [0.40226312588807284, 0.28816745613604344, 0.047219805082250106, 0.2623496128936336], [0.09102138612293355, 0.4251948932326776, 0.12707372201130493, 0.35670999863308384], [0.38006156536122415, 0.056201661922921725, 0.09299869260700397, 0.47073808010885027], [0.23116171793821516, 0.15936879166443751, 0.2592119230438665, 0.35025756735348135], [0.06814449021603558, 0.31602750119270734, 0.06000864343128619, 0.5558193651599711], [0.4410633537623216, 0.09033375001329969, 0.3906681039328861, 0.0779347922914926], [0.46953379082882923, 0.10880970469150851, 0.2679873566360685, 0.15366914784359387], [0.741715188060549, 0.1791351871405064, 0.01220632778322398, 0.06694329701572029], [0.11364049520715008, 0.5401230621163888, 0.2183180776786208, 0.12791836499784012], [0.28783456326907125, 0.1437809694360704, 0.024929565828367223, 0.5434549014664914], [0.14374763864659967, 0.24287845303421796, 0.1504124891148186, 0.46296141920436384], [0.4554653361688533, 0.1895181924063014, 0.07728574026091045, 0.2777307311639349], [0.7374322048150381, 0.17741440647867882, 0.02024352834392091, 0.06490986036236229], [0.41836595282224204, 0.1850765940336408, 0.2536986803436713, 0.1428587728004458], [0.06537411386986743, 0.31400712835965205, 0.1825323963663077, 0.43808636140417306], [0.07532869179318284, 0.28129299680246106, 0.1268363197666451, 0.5165419916377108], [0.17355519255740873, 0.5087967301255488, 0.24081240622977998, 0.07683567108726258], [0.38116167277185675, 0.1847392742919013, 0.055480216884945525, 0.37861883605129665], [0.40134789252547337, 0.28973341978223277, 0.10433550480653289, 0.2045831828857612], [0.19031960698196185, 0.73786993055509, 0.011718589513057123, 0.060091872949891365], [0.6978224438345733, 0.25709555623115754, 0.014001943954110306, 0.03108005598015899], [0.02455663290223906, 0.7869602820106435, 0.08377360432381142, 0.10470948076330625], [0.3160760349950912, 0.10680140408973536, 0.013353527848466743, 0.5637690330667068], [0.06909151962546535, 0.7261304876712643, 0.099273425694929, 0.10550456700834147], [0.6569781376205204, 0.18239318296349968, 0.023466892618674143, 0.1371617867973055], [0.2429370326008111, 0.23710803389108226, 0.06672544683824032, 0.4532294866698664], [0.11655269793873088, 0.2645852750018955, 0.4429413389146113, 0.17592068814476267], [0.2928853961719829, 0.5202435146485339, 0.028521708075231335, 0.15834938110425212], [0.2570759272689418, 0.15789544419387141, 0.03191027962136483, 0.5531183489158218], [0.36962795506991014, 0.06895124099780413, 0.03583757323878974, 0.5255832306934961], [0.3211272125549551, 0.33516031311857863, 0.02422674706567283, 0.3194857272607935], [0.0843946218133475, 0.3146581426445026, 0.4534319275009315, 0.14751530804121818], [0.4026136306568725, 0.24183888126985756, 0.15321546661913338, 0.20233202145413665], [0.21598323367367497, 0.20004591142160308, 0.2817814346695625, 0.30218942023515966], [0.15459548826608807, 0.3411811369605198, 0.33625078601719616, 0.16797258875619628], [0.23081421497639437, 0.30306859966744415, 0.07718783354959322, 0.3889293518065683], [0.2903536962822876, 0.30758237114712106, 0.30281996821047075, 0.09924396436012048], [0.2523292929230951, 0.4743982814477794, 0.07764928913996845, 0.19562313648915697]]}}