{"test": {"ids": ["112116401", "101108950", "100116500", "104113240", "112117471", "110116300", "111119290", "108120700", "110118740", "113120751", "113120531", "101115190", "101108621", "109116810", "98109570", "107114321", "97109570", "113120780", "97109080", "98110230", "110120190", "110118181", "113118231", "108113480", "105116501", "108113760", "109114651", "108117451", "103111620", "110118630", "100110260", "99107500", "111116170", "99110730", "106117650", "97116790", "106119580", "108115880", "97105760", "105115680", "113122170", "105117200", "105114220", "111116110", "97112170", "104118070", "107112850", "99112840", "99114890", "113118820", "103110760", "107118120", "109115211", "97107920", "109119450", "107120130", "101108121", "111120531", "112119610", "100111080", "100109910", "106116441", "103109021", "113120280", "104114740", "108118060", "112119120", "108113700", "112121360", "108114180", "100108490", "107117630", "101108080", "105113210", "110120531", "106120640", "109116750", "109117271", "106118520", "109113281", "112118860", "113121980", "113118111", "98111860", "101117580", "108118301", "106115240", "113118511", "102113981", "110114950", "107113550", "109114720", "113122150", "97107821", "112119950", "106115250", "108114220", "113117550", "102121440", "102110750", "111116411", "107114621", "99109780", "113122430", "107121640", "97116410", "109116441", "105119550", "110116501", "111117480", "105110251", "107118780", "109117730", "109121640", "112116880", "98106880", "112120990", "113120601", "108118630", "101112540", "110120540", "110117870", "113121190", "97107260", "108120260", "99113260", "107119950", "104113000", "107114490", "110118450", "113119360", "112121410", "105116650", "112118161", "111120260", "98112580", "113122160", "111121351", "111116040", "103120780", "101108290", "99109311"], "labels": [0, 2, 2, 2, 3, 3, 3, 2, 3, 1, 0, 1, 0, 3, 1, 0, 0, 0, 2, 3, 3, 1, 3, 0, 1, 1, 3, 2, 0, 1, 3, 0, 0, 3, 1, 2, 3, 3, 0, 2, 1, 3, 3, 3, 0, 2, 1, 2, 2, 0, 1, 3, 0, 0, 3, 2, 0, 0, 0, 0, 2, 0, 0, 0, 2, 1, 1, 0, 3, 1, 2, 0, 0, 3, 0, 3, 0, 0, 2, 0, 3, 2, 1, 0, 3, 1, 1, 1, 1, 0, 0, 0, 2, 2, 0, 2, 3, 3, 2, 1, 0, 0, 2, 2, 1, 3, 3, 1, 3, 1, 0, 1, 3, 0, 0, 0, 2, 2, 1, 2, 1, 3, 1, 2, 1, 0, 3, 1, 3, 0, 0, 0, 1, 0, 3, 2, 3, 0, 0, 1, 0, 1], "predicted_labels": [3, 3, 2, 1, 0, 1, 3, 0, 3, 3, 3, 0, 1, 3, 0, 0, 3, 1, 1, 1, 3, 1, 3, 3, 3, 1, 3, 3, 3, 2, 0, 1, 1, 2, 2, 1, 1, 3, 3, 1, 2, 1, 3, 3, 1, 3, 1, 2, 1, 0, 3, 0, 3, 0, 3, 1, 0, 0, 1, 0, 3, 3, 0, 3, 3, 2, 3, 3, 0, 1, 2, 0, 1, 3, 0, 1, 0, 3, 2, 1, 2, 1, 3, 2, 3, 3, 1, 1, 3, 3, 3, 3, 1, 3, 0, 1, 3, 3, 0, 2, 3, 0, 2, 1, 1, 0, 3, 1, 3, 1, 1, 1, 2, 3, 1, 1, 2, 1, 3, 1, 1, 3, 3, 0, 3, 2, 3, 0, 3, 1, 3, 0, 1, 1, 0, 0, 3, 1, 3, 0, 1, 0], "confidence_scores": [[0.0590478097732109, 0.026816675829433905, 0.001726557282716623, 0.9124089571146387], [0.019329333411503336, 0.1558050696368576, 0.3120901092807962, 0.5127754876708429], [0.23341931062574894, 0.022977615135089384, 0.652382856588523, 0.09122021765063863], [0.02173095461953839, 0.964127373977993, 0.011735163198182253, 0.002406508204286409], [0.43885455112855276, 0.2771676677705004, 0.034124682114289255, 0.24985309898665756], [0.06579141197519137, 0.8812953634843106, 0.02501992472371763, 0.02789329981678032], [0.07379312002649688, 0.060090034780011806, 0.013043371652123995, 0.8530734735413673], [0.7547087936646265, 0.10277955895344414, 0.05481424768394606, 0.08769739969798332], [0.3716933872475681, 0.12273390700770172, 0.017943924606336342, 0.4876287811383939], [0.3790488970955848, 0.007459311436772172, 0.03747862774161227, 0.5760131637260307], [0.1661092651893799, 0.009517351419572842, 0.03241905176542874, 0.7919543316256185], [0.5383104809798847, 0.1762748997886264, 0.1575240126759329, 0.1278906065555562], [0.1812815775198406, 0.6137620564364061, 0.061440589860462004, 0.14351577618329123], [0.18144678517855, 0.16482875256870919, 0.0010228961599034973, 0.6527015660928372], [0.7770483089743901, 0.03394822335256191, 0.08566398426068238, 0.1033394834123657], [0.42534389205380824, 0.29781238953333233, 0.005185663216046746, 0.27165805519681263], [0.08845170382313831, 0.17154642287798325, 0.30617563881735105, 0.43382623448152746], [0.11649463736399582, 0.7687047784530335, 0.026794446063342036, 0.0880061381196286], [0.029818600173385546, 0.6779415629094391, 0.09537462783334207, 0.19686520908383331], [0.1015109963303254, 0.704135887579362, 0.09089556713393082, 0.10345754895638186], [0.0035955279466984287, 0.38795573979997683, 0.031349770085689975, 0.5770989621676348], [0.15477092444050067, 0.7244335711362239, 0.11698894462837132, 0.0038065597949041253], [0.01412740821266287, 0.07699313922301874, 0.2809428269891974, 0.627936625575121], [0.032791162938499846, 0.1931316232339919, 0.014547498204154779, 0.7595297156233535], [0.2131965377458805, 0.25510344515717565, 0.043172036198131855, 0.4885279808988121], [0.14527216079534785, 0.3913278178872061, 0.3222807391719491, 0.14111928214549685], [0.03491477820148932, 0.14134778418753358, 0.029420256260265815, 0.7943171813507113], [0.13889456790493282, 0.035645341322792824, 0.01945692137610723, 0.8060031693961672], [0.34438912761451057, 0.22273300894283898, 0.0880453815056849, 0.3448324819369656], [0.03995018753276883, 0.3248972540634074, 0.5188095651127472, 0.1163429932910766], [0.8388852295181112, 0.023527003187215678, 0.007258083888576868, 0.1303296834060963], [0.09652762143079056, 0.5399098344151435, 0.16931939976646085, 0.19424314438760504], [0.015265559008264443, 0.8938523508396214, 0.006273044119440248, 0.08460904603267394], [0.0382211349574844, 0.014830101525760126, 0.9270410737812089, 0.01990768973554666], [0.343265500949836, 0.0644487233120798, 0.47560826552642066, 0.11667751021166353], [0.1312440943868533, 0.4204300648510805, 0.40116238524775505, 0.047163455514311114], [0.02469942932468874, 0.6830133669220759, 0.265951335560745, 0.026335868192490345], [0.034385227257245056, 0.08002357609647527, 0.005551603706410731, 0.880039592939869], [0.4200203903877624, 0.04744218742431272, 0.0203202870991913, 0.5122171350887336], [0.0023563155766342216, 0.9503486255370031, 0.01742489054992071, 0.029870168336442165], [0.05646428106015786, 0.163384388457385, 0.7453477077782115, 0.03480362270424559], [0.07280311164744711, 0.4482817676822229, 0.10993122444001084, 0.3689838962303192], [0.4176354181018154, 0.06936000817385672, 0.01741520345604901, 0.4955893702682787], [0.02326765612984834, 0.013215671034372916, 0.07503883038148691, 0.8884778424542918], [0.20011823072902504, 0.3459741395778563, 0.15461197296763848, 0.29929565672548025], [0.003933622712176297, 0.018887402774778964, 0.21791473039913686, 0.7592642441139079], [0.03898770525217385, 0.8278676531761757, 0.03183905225504326, 0.10130558931660719], [0.08944987218518781, 0.07307229851154312, 0.7327454020263091, 0.10473242727695999], [0.007425798764476652, 0.38332118003507465, 0.2572128540473655, 0.3520401671530832], [0.8172974034857383, 0.15344678213227414, 0.0009107646999255403, 0.028345049682061862], [0.024824561359628648, 0.20886772846918783, 0.049082449156948295, 0.7172252610142353], [0.3900894766162839, 0.2764647390489902, 0.007598534364526096, 0.32584724997019976], [0.017229234359270464, 0.021551107858384735, 0.11623668197356304, 0.8449829758087819], [0.7928636174937893, 0.015833347248064532, 0.016184561930191355, 0.1751184733279549], [0.01953690623305075, 0.25484176095999217, 0.13418903488420403, 0.5914322979227531], [0.0014062924037589392, 0.9956830447073822, 0.00220080328558222, 0.0007098596032765299], [0.5199721838678604, 0.10926709512651454, 0.007671424165919763, 0.3630892968397054], [0.6488585371387899, 0.09796815905445053, 0.005434736436408517, 0.24773856737035096], [0.001958232004054659, 0.5361216473569744, 0.31252345781146884, 0.14939666282750205], [0.35776668426598324, 0.17641445639206738, 0.13329504703030534, 0.332523812311644], [0.20549973384332107, 0.08162518565128934, 0.28547188571855264, 0.42740319478683697], [0.08805332801827861, 0.1943176409739774, 0.02506031870366054, 0.6925687123040835], [0.5741786668786997, 0.022652202915151368, 0.1342934572246432, 0.26887567298150594], [0.2646054961619222, 0.0011387647372224456, 0.001254082542902034, 0.7330016565579535], [0.007359905983654858, 0.04417947653583885, 0.43535444011704866, 0.5131061773634576], [0.1943700055113351, 0.24565972850088805, 0.29693383038896687, 0.26303643559881], [0.25345618363078654, 0.018006469435922857, 0.009992039705424728, 0.7185453072278658], [0.06766277929190288, 0.09326267093528397, 0.026066229314789163, 0.8130083204580241], [0.4428344622694478, 0.05977142604284487, 0.07985836141538456, 0.41753575027232276], [0.298852310078339, 0.4293437038937198, 0.026775359468271854, 0.24502862655966942], [0.031337211558286414, 0.17768094979793256, 0.6588651948353235, 0.1321166438084576], [0.7085145812471099, 0.018919075280369273, 0.1497925474398246, 0.12277379603269632], [0.30696917212556263, 0.45349662584816597, 0.05161399371130201, 0.18792020831496944], [0.1000851317158132, 0.123754468537983, 0.014566222838664674, 0.7615941769075392], [0.8251439286784045, 0.022999128778929182, 0.010033307760781367, 0.14182363478188503], [0.1091162928445438, 0.5801570028888572, 0.2946910579163202, 0.01603564635027884], [0.6321793445155162, 0.2608852911793434, 0.09655582121812828, 0.010379543087012099], [0.0044084113494780456, 0.055705377041400744, 0.0037438904416442144, 0.936142321167477], [0.02016998524437381, 0.11173303080148593, 0.8539814098863671, 0.014115574067773171], [0.30959952883511244, 0.5603460018533483, 0.03764817615515991, 0.0924062931563794], [0.17969703060307055, 0.06851113667010232, 0.4633209286882896, 0.2884709040385376], [0.187625520463837, 0.6861183621445315, 0.027046922440582263, 0.09920919495104936], [0.021008833153819767, 0.02341875421914825, 0.0024506160805367982, 0.9531217965464952], [0.0019083255795995268, 0.057766527860601984, 0.8323088376867539, 0.10801630887304456], [0.2406357500489611, 0.03859702352894646, 0.016292545418972428, 0.7044746810031199], [0.03138828393984399, 0.3750461974076813, 0.05268897220787393, 0.5408765464446008], [0.44061992144320317, 0.4476102561745885, 0.06720315362073137, 0.044566668761476996], [0.050762251924866976, 0.6623502952858846, 0.029563796336555207, 0.2573236564526933], [0.31813063236187705, 0.11582709583068927, 0.018982303904139367, 0.5470599679032943], [0.1664904348846555, 0.30390576565730093, 0.0236542954926879, 0.5059495039653557], [0.07876861497770841, 0.10672158375351287, 0.31207974207292505, 0.5024300591958537], [0.017391647075413432, 0.3485019603398953, 0.12607069447351502, 0.5080356981111762], [0.00408453504721704, 0.9737647457246575, 0.011833447493834954, 0.010317271734290482], [0.06895748997329529, 0.1911422434456968, 0.0839877261988758, 0.6559125403821321], [0.7678403816853783, 0.0177587108243824, 0.009824120726640425, 0.20457678676359894], [0.020779859360045647, 0.9123022494469608, 0.0335139484452061, 0.03340394274778744], [0.34633908993053086, 0.13387634290084346, 0.02844331248166141, 0.49134125468696443], [0.14427424299807498, 0.05218574562842908, 0.05153339830384717, 0.7520066130696488], [0.5192757463707575, 0.10037156723982348, 0.20416707906758752, 0.17618560732183167], [0.003350657136782572, 0.11769214884736408, 0.8566797532001481, 0.02227744081570535], [0.3756158803906315, 0.021411916157379782, 0.005182163271312777, 0.5977900401806759], [0.509332523996327, 0.0036113085692438315, 0.0014008933708002035, 0.48565527406362896], [0.1780254139393106, 0.14365799869430157, 0.5545372240684528, 0.12377936329793503], [0.012299709715116538, 0.9039448893428839, 0.04496558826351468, 0.03878981267848496], [0.0680111764937119, 0.7562045396087428, 0.14240648767087094, 0.033377796226674326], [0.5024816710159844, 0.021835547310587074, 0.035593387169783275, 0.4400893945036452], [0.0614241259987308, 0.08930978363943981, 0.0005527475716909147, 0.8487133427901383], [0.09466217698973864, 0.5893300951107715, 0.15764244950715017, 0.1583652783923397], [0.041547081138722367, 0.08042246527427888, 0.013990046868526168, 0.8640404067184725], [0.34725822283236635, 0.48811763353287324, 0.08442693435183064, 0.08019720928292981], [0.15407648157885168, 0.7802553918209939, 0.030687538649817943, 0.03498058795033662], [0.2637402575292373, 0.475720234514696, 0.0916093873599992, 0.1689301205960675], [0.3149052319802056, 0.20549343735612813, 0.3551523091274094, 0.1244490215362568], [0.24775128729199708, 0.19303212663011907, 0.006815658451776234, 0.5524009276261076], [0.0646594325666943, 0.8681550514629973, 0.04345850123631023, 0.023727014733998096], [0.051574922807133265, 0.5535337332719875, 0.3499048961791054, 0.044986447741773815], [0.0936608143968796, 0.2763230562760664, 0.6093469706599924, 0.020669158667061528], [0.013465014192773355, 0.5312369615680305, 0.17464530271940792, 0.2806527215197883], [0.01654675869662936, 0.015349610713834425, 0.1285988793192281, 0.839504751270308], [0.0024456403125648653, 0.6440748671002541, 0.038376201166172366, 0.3151032914210088], [0.04282997179327926, 0.6916262968677861, 0.03368688065075725, 0.23185685068817746], [0.08669889496873719, 0.020436305054732987, 0.019188035029339565, 0.8736767649471903], [0.259029329929296, 0.2263739607114299, 0.12967893290975244, 0.3849177764495216], [0.6822537220264441, 0.0866438217706642, 0.21678433021916685, 0.014318125983724759], [0.035905194019013084, 0.12303622220440438, 0.06282600927611973, 0.7782325745004629], [0.03248237437352219, 0.3519067574161407, 0.5798273967888036, 0.03578347142153347], [0.3415057835522354, 0.0697877473283312, 0.0028819109110162855, 0.5858245582084172], [0.7113602215780173, 0.004657213593385386, 0.004230054181410106, 0.2797525106471872], [0.013034136230295304, 0.10470563950206717, 0.1409514348227859, 0.7413087894448517], [0.014633284597674044, 0.9046916528709295, 0.0781054584988698, 0.0025696040325268463], [0.04410179184416717, 0.010435905664604894, 0.049221724637279196, 0.8962405778539488], [0.3536283021435731, 0.3357542784003224, 0.14015840857956696, 0.1704590108765375], [0.04136655899861957, 0.5085171359934288, 0.27770284029278797, 0.17241346471516356], [0.41020464711432847, 0.4924569443531837, 0.06418900025480652, 0.03314940827768137], [0.4066129469794833, 0.2906359051907004, 0.012031499800715691, 0.2907196480291005], [0.6810986154723875, 0.028127484946131612, 0.11882971787028636, 0.17194418171119466], [0.06899439753401357, 0.1290919193472591, 0.05040690756601741, 0.7515067755527098], [0.1884162605521803, 0.7486351477817064, 0.0069007369453234655, 0.05604785472078969], [0.1510697552946768, 0.016507166833253605, 0.007842084424999092, 0.8245809934470706], [0.8862011242287973, 0.013846308404996122, 0.017070923217233584, 0.082881644148973], [0.027260751937582324, 0.9489030319153653, 0.004055616386283169, 0.01978059976076928], [0.4084826691789301, 0.37717288494313417, 0.14829477335970973, 0.06604967251822604]]}, "rewritten": {"ids": ["97105760", "97107260", "97107821", "97107920", "97109080", "97109570", "97112170", "97116410", "97116790", "98106880", "98109570", "98110230", "98111860", "98112580", "99107500", "99109311", "99109780", "99110730", "99112840", "99113260", "99114890", "100108490", "100109910", "100110260", "100111080", "100116500", "101108080", "101108121", "101108290", "101108621", "101108950", "101112540", "101115190", "101117580", "102110750", "102113981", "102121440", "103109021", "103110760", "103111620", "103120780", "104113000", "104113240", "104114740", "104118070", "105110251", "105113210", "105114220", "105115680", "105116501", "105116650", "105117200", "105119550", "106115240", "106115250", "106116441", "106117650", "106118520", "106119580", "106120640", "107112850", "107113550", "107114321", "107114490", "107114621", "107117630", "107118120", "107118780", "107119950", "107120130", "107121640", "108113480", "108113700", "108113760", "108114180", "108114220", "108115880", "108117451", "108118060", "108118301", "108118630", "108120260", "108120700", "109113281", "109114651", "109114720", "109115211", "109116441", "109116750", "109116810", "109117271", "109117730", "109119450", "109121640", "110114950", "110116300", "110116501", "110117870", "110118181", "110118450", "110118630", "110118740", "110120190", "110120531", "110120540", "111116040", "111116110", "111116170", "111116411", "111117480", "111119290", "111120260", "111120531", "111121351", "112116401", "112116880", "112117471", "112118161", "112118860", "112119120", "112119610", "112119950", "112120990", "112121360", "112121410", "113117550", "113118111", "113118231", "113118511", "113118820", "113119360", "113120280", "113120531", "113120601", "113120751", "113120780", "113121190", "113121980", "113122150", "113122160", "113122170", "113122430"], "labels": [0, 2, 2, 0, 2, 0, 0, 3, 2, 0, 1, 3, 0, 2, 0, 1, 2, 3, 2, 0, 2, 2, 2, 3, 0, 2, 0, 0, 0, 0, 2, 2, 1, 3, 1, 1, 2, 0, 1, 0, 1, 1, 2, 2, 2, 0, 3, 3, 2, 1, 1, 3, 1, 1, 2, 0, 1, 2, 3, 3, 1, 0, 0, 3, 0, 0, 3, 1, 3, 2, 1, 0, 0, 1, 1, 3, 3, 2, 1, 1, 1, 1, 2, 0, 3, 0, 0, 3, 0, 3, 0, 3, 3, 0, 0, 3, 3, 3, 1, 0, 1, 3, 3, 0, 1, 0, 3, 0, 0, 1, 3, 3, 0, 0, 0, 0, 3, 0, 3, 1, 0, 0, 2, 3, 0, 3, 1, 3, 1, 0, 0, 0, 0, 2, 1, 0, 1, 2, 2, 3, 1, 2], "predicted_labels": [1, 1, 1, 0, 1, 3, 1, 0, 2, 0, 2, 3, 1, 3, 3, 2, 1, 2, 2, 3, 3, 2, 2, 0, 3, 2, 1, 3, 1, 1, 3, 3, 3, 3, 2, 0, 2, 3, 3, 1, 0, 0, 1, 3, 3, 0, 3, 0, 1, 1, 1, 3, 1, 1, 1, 3, 0, 2, 1, 1, 1, 3, 1, 3, 3, 0, 1, 0, 3, 1, 2, 1, 3, 1, 1, 3, 3, 1, 2, 3, 3, 3, 0, 3, 3, 1, 2, 3, 0, 3, 3, 0, 3, 3, 3, 1, 3, 3, 1, 1, 1, 1, 1, 0, 1, 3, 3, 1, 3, 3, 3, 1, 3, 1, 3, 1, 0, 0, 3, 3, 2, 0, 1, 3, 1, 3, 3, 2, 1, 0, 3, 3, 0, 1, 3, 1, 1, 1, 1, 3, 2, 1], "confidence_scores": [[0.29069206345412735, 0.3968518029318188, 0.0874401697876953, 0.22501596382635844], [0.13926833243754147, 0.5683763838953473, 0.2449522494716017, 0.047403034195509564], [0.008862903203404663, 0.8431797389796979, 0.04617577167016866, 0.10178158614672878], [0.7690384523455414, 0.024499461032287156, 0.024419864701909096, 0.18204222192026237], [0.06477809674738172, 0.5593133714412709, 0.21876877666757283, 0.15713975514377446], [0.273418265854505, 0.12651141413212447, 0.23322547850975736, 0.36684484150361313], [0.04549524723552073, 0.78863600073041, 0.12574852777085352, 0.04012022426321582], [0.7429841742065288, 0.025118319937058525, 0.060001100954608526, 0.17189640490180405], [0.07164017128198127, 0.22667648514637814, 0.3577113917805242, 0.34397195179111645], [0.6416641060703946, 0.12726495584821648, 0.20804884944363, 0.023022088637758956], [0.11364724876655365, 0.11145292311829076, 0.6238466447652532, 0.15105318334990236], [0.15699007558534633, 0.1999398202419621, 0.006616496302275525, 0.636453607870416], [0.03208287453429978, 0.45994931200414285, 0.34473723192902883, 0.16323058153252862], [0.02734433059443783, 0.025974159481279277, 0.10402905975985446, 0.8426524501644285], [0.11894679304383805, 0.2538897837041703, 0.14871498966156463, 0.478448433590427], [0.09619136826965526, 0.21350258368743408, 0.590583090534417, 0.0997229575084937], [0.05042006778041598, 0.6454027381877929, 0.28350429966378643, 0.02067289436800469], [0.022637353258633294, 0.04416204319139572, 0.897351528103152, 0.03584907544681904], [0.048853381180156884, 0.2585583389720577, 0.6037251027084416, 0.08886317713934387], [0.04546439799237051, 0.2246845299731576, 0.24404133488207458, 0.48580973715239734], [0.006571006461568133, 0.09118535007903596, 0.44266511593488, 0.45957852752451595], [0.21173772359702167, 0.029436814303181517, 0.5400886135422533, 0.2187368485575435], [0.28921911840426995, 0.05586968348679752, 0.56151560328701, 0.09339559482192247], [0.9564299366540585, 0.017768250169906696, 0.012763831131215864, 0.01303798204481908], [0.14643187826297976, 0.1220256788975237, 0.08635826680404605, 0.6451841760354504], [0.1929702926078543, 0.014500467451937315, 0.7732433266723512, 0.01928591326785705], [0.4310205235998516, 0.49887322104057835, 0.012757476798254829, 0.05734877856131512], [0.2739415481086413, 0.24052035617128587, 0.0014260568120640516, 0.4841120389080088], [0.033246978170834024, 0.8007791646334569, 0.042000645781545165, 0.123973211414164], [0.13640577388965597, 0.6978142677255466, 0.02263432608205068, 0.14314563230274666], [0.121777551318952, 0.16043596902172313, 0.138445896695922, 0.5793405829634029], [0.012583116523778238, 0.4141192472077257, 0.0641138579019619, 0.5091837783665341], [0.2090802178967895, 0.24625535960684514, 0.25153864441816876, 0.29312577807819656], [0.14529852156324613, 0.028548150580374857, 0.02461784328080599, 0.801535484575573], [0.0070174536849987035, 0.09451618131251258, 0.8867676658653237, 0.011698699137165003], [0.5592682712579349, 0.08481760719336708, 0.025038888098020032, 0.330875233450678], [0.2739421738956305, 0.19499933574456652, 0.3523289715557114, 0.17872951880409155], [0.2651505391850297, 0.009722610082596886, 0.09115622689134738, 0.6339706238410261], [0.036096869986964965, 0.33876880998268477, 0.2723623615034159, 0.35277195852693427], [0.18508915729263023, 0.4931116827147415, 0.27317166506891505, 0.04862749492371322], [0.4156795797799309, 0.2733270297605402, 0.22519280041151654, 0.08580059004801219], [0.94473992746751, 0.003388694906595532, 0.0034717767777192043, 0.04839960084817513], [0.04157901344098009, 0.9533637379698466, 0.0033183768662343096, 0.0017388717229389987], [0.008076204420811032, 0.08866972567866342, 0.18829621352683767, 0.7149578563736878], [0.07040281708236189, 0.1483302633971812, 0.26126376013689756, 0.5200031593835593], [0.656259857201841, 0.24046013411570463, 0.05428331411610458, 0.048996694566349905], [0.06667991068871305, 0.13560830389538547, 0.011698724426365397, 0.7860130609895362], [0.6646099007673679, 0.07037581037209292, 0.012215104438818567, 0.25279918442172045], [0.000657291809998478, 0.8086267747756667, 0.017719613812806644, 0.17299631960152817], [0.04510045512751859, 0.6480662582596697, 0.00643281926266437, 0.30040046735014736], [0.004205881219521707, 0.6097429707531833, 0.05814202867628884, 0.3279091193510062], [0.0641885863202297, 0.21904982466775264, 0.08266509871873472, 0.634096490293283], [0.03855061997734105, 0.8332655400670564, 0.04675290723426841, 0.08143093272133405], [0.21745880376596666, 0.35660201412616965, 0.08957580446085246, 0.33636337764701124], [0.12095371458364118, 0.7214184135185105, 0.10202832977767899, 0.055599542120169355], [0.0258909934726228, 0.010588109615219896, 0.03368050114875433, 0.929840395763403], [0.38714023335294884, 0.11415406569992127, 0.36813387988384016, 0.1305718210632898], [0.035106998572979116, 0.0957214196325478, 0.8588450294570862, 0.010326552337386984], [0.008021850739313439, 0.941267676676078, 0.0454670673378502, 0.005243405246758329], [0.017582962182937523, 0.8949294242616137, 0.08397324079325731, 0.003514372762191314], [0.026547252463630915, 0.6926347217999927, 0.024075108775702576, 0.25674291696067375], [0.35513472022068404, 0.06309664247470638, 0.19481497187087254, 0.38695366543373694], [0.04970996651813424, 0.8480289539590025, 0.002233305623569161, 0.10002777389929397], [0.03567153483613179, 0.039008858483414455, 0.08992988081130214, 0.8353897258691516], [0.08141055930404298, 0.004000406766460506, 0.0010119390604303813, 0.9135770948690662], [0.6453353028897053, 0.011098327229786185, 0.17617907675367953, 0.16738729312682893], [0.4239949371735651, 0.5009171454152501, 0.007609414940741798, 0.06747850247044299], [0.5342775050630438, 0.28978023721686036, 0.03140629382485528, 0.14453596389524054], [0.3509168518799162, 0.04406378913697665, 0.0012062552941020579, 0.603813103689005], [0.005233202910105487, 0.9762014214384279, 0.014144648708405157, 0.004420726943061308], [0.02785747311395771, 0.3740382408285415, 0.510475463247315, 0.08762882281018575], [0.017853166894389268, 0.4682590889126127, 0.15686171650085318, 0.3570260276921449], [0.024171993230887496, 0.04460823556145503, 0.06209773280099386, 0.8691220384066637], [0.3045265859724709, 0.34926166885102633, 0.09948677814992081, 0.2467249670265819], [0.027056330533753503, 0.9037447980488332, 0.010229361995537168, 0.05896950942187634], [0.20702902292603412, 0.036323692386866606, 0.021795984879275566, 0.7348512998078237], [0.05353715686043992, 0.10448907990602163, 0.012799354577147945, 0.8291744086563906], [0.10922080225537593, 0.4872354921165694, 0.11354398336287232, 0.28999972226518245], [0.28468531805758107, 0.14357750889370477, 0.40260441813895376, 0.1691327549097604], [0.009905157389978148, 0.013389905068876787, 0.001980957882146025, 0.9747239796589992], [0.04977569835206444, 0.01899726924201988, 0.04400839472280061, 0.887218637683115], [0.025359508935431388, 0.3332896531248841, 0.03714039445536455, 0.60421044348432], [0.5010114082095508, 0.458221666641372, 0.028114105024685466, 0.012652820124391638], [0.2147561813944338, 0.28480228122336676, 0.20586080314460553, 0.2945807342375939], [0.0756921200800868, 0.21695925664979865, 0.010880106624683031, 0.6964685166454315], [0.19830460617024892, 0.5551760508704222, 0.09429585998508097, 0.15222348297424793], [0.10021611918806654, 0.19768585552228046, 0.5305591638894476, 0.17153886140020544], [0.18260386246549057, 0.040436324665221846, 0.0005389689703149357, 0.7764208438989726], [0.4938211784378276, 0.4227182716855246, 0.02880769061199682, 0.05465285926465095], [0.27289911399176653, 0.09659314319727993, 0.0009833672182379045, 0.6295243755927157], [0.04090017988145896, 0.3321193735517835, 0.001633521901316315, 0.6253469246654413], [0.4999600949562238, 0.16452066518072547, 0.15985544116522735, 0.17566379869782342], [0.004905020355374241, 0.012084264715769033, 0.2889886268630202, 0.6940220880658365], [0.22908786828463817, 0.11415662888903447, 0.002336856053692572, 0.6544186467726347], [0.12042332471958392, 0.25879337674840025, 0.008306730001255173, 0.6124765685307607], [0.09004809500623809, 0.7313485266102562, 0.03409139532972174, 0.14451198305378393], [0.06179646644118155, 0.16454925837575263, 0.02823233108366574, 0.7454219440994001], [0.05361162601111237, 0.18396238659887776, 0.03532016623582319, 0.7271058211541866], [0.046159680681087195, 0.7456447245647803, 0.1420486418349285, 0.06614695291920401], [0.006116613446808199, 0.9760313440239261, 0.016130767793598146, 0.001721274735667577], [0.13361775454268554, 0.6001028512940391, 0.07543298416805685, 0.19084640999521854], [0.4134708462879308, 0.4918666034493679, 0.03326140686108537, 0.06140114340161603], [0.005328807225931994, 0.4929657999593807, 0.13980879288909598, 0.3618965999255913], [0.9938437920490006, 0.0029584114121742836, 0.0019334031316314366, 0.0012643934071935488], [0.044092374210458876, 0.5674555583060173, 0.0634958888081895, 0.32495617867533416], [0.11115852850361706, 0.017126546018947187, 0.006264960585695003, 0.8654499648917408], [0.013554063373365934, 0.008004382609478068, 0.09042032755145232, 0.8880212264657037], [0.09098236982291164, 0.5735008636718907, 0.007335494402850541, 0.3281812721023471], [0.3853456792873113, 0.023210718643301754, 0.0059745914684846725, 0.5854690106009022], [0.06043304311493392, 0.1732001970945141, 0.37950569348908425, 0.38686106630146777], [0.059417245134407236, 0.058524119420100655, 0.35243116621405873, 0.5296274692314333], [0.1327193669048067, 0.5765514407003587, 0.008085436888291657, 0.28264375550654297], [0.09204351612831466, 0.05802046126035126, 0.0028380514006308677, 0.8470979712107032], [0.15340647068597144, 0.7871330250853211, 0.007790557096135215, 0.05166994713257235], [0.1284374724956969, 0.16965422801057786, 0.029132053773783598, 0.6727762457199418], [0.15270390600201056, 0.8341375115970876, 0.0049165910781448436, 0.008241991322756763], [0.7777780665302848, 0.16995602602442014, 0.029330342435029372, 0.022935565010265693], [0.651039787037332, 0.0679767344570165, 0.2311368906770402, 0.04984658782861123], [0.021071796249764515, 0.024805903983990945, 0.1013400584114766, 0.8527822413547679], [0.033029810887642445, 0.0062478034478522905, 0.010839760058021534, 0.9498826256064837], [0.000368469900342645, 0.16334009299678184, 0.8247773933720327, 0.011514043730842758], [0.5307943090506001, 0.09735433217974479, 0.023985239576688397, 0.3478661191929667], [0.03662231406579018, 0.8056381961018657, 0.14867452228970535, 0.009064967542638833], [0.41856995398827934, 0.02665841857374111, 0.0278364820854954, 0.5269351453524841], [0.05337187067365115, 0.9228442247479327, 0.004765256278011302, 0.01901864830040505], [0.05905265992876953, 0.11721449390630023, 0.07381841773888216, 0.749914428426048], [0.025395733921844146, 0.11216508138089237, 0.0011023026737965141, 0.8613368820234669], [0.018089565313980382, 0.028700782147733965, 0.893132975063923, 0.060076677474362655], [0.25388818411818437, 0.45574320103624516, 0.06404969752884172, 0.2263189173167288], [0.876112689167347, 0.10688583242118392, 0.0009659517928753478, 0.016035526618593695], [0.058203299520499005, 0.34043976461424136, 0.02467805327241213, 0.5766788825928476], [0.1676458253445731, 0.0032340179654077325, 0.0035923149589551766, 0.8255278417310641], [0.5060167877304023, 0.07684402595642546, 0.02332719198043872, 0.3938119943327335], [0.01007373456165371, 0.5454071101680489, 0.08022457139972076, 0.3642945838705766], [0.4339195055812254, 0.0026724175662593526, 0.010872589763330078, 0.5525354870891852], [0.05231691341441014, 0.8079450166578758, 0.020827915386848878, 0.11891015454086527], [0.371619362600976, 0.5843351585691973, 0.032746201489664714, 0.01129927734016217], [0.15880521799316272, 0.6659987296944685, 0.03181061039818397, 0.14338544191418479], [0.01636383377191438, 0.8617865672734002, 0.07439148694953615, 0.04745811200514929], [0.0705694587307364, 0.06168410826807338, 0.007834152145546409, 0.8599122808556438], [0.3282159511332136, 0.09715772235392854, 0.5621633945700896, 0.012462931942768204], [0.013958228094399092, 0.9016550429448059, 0.06492511649977682, 0.01946161246101805]]}}