{"test": {"ids": ["107121540", "103110100", "109116810", "106119990", "101108370", "113118231", "99107950", "97113260", "104111780", "113122170", "112118161", "109116170", "99108890", "111115400", "102121440", "109117271", "107113260", "110114651", "110117140", "111119250", "111120280", "111114121", "111117000", "106115240", "98120010", "108115880", "106119260", "105116090", "104111830", "103117461", "112120640", "106116370", "109116750", "102113210", "103112641", "99108080", "99109370", "108115500", "103109791", "112119320", "113118870", "107114280", "112118550", "102114270", "105117351", "99108580", "112119450", "107120010", "113119450", "101111210", "113117401", "107116501", "100111270", "98107010", "111117200", "104118070", "99112531", "101108950", "108121160", "112117660", "99112300", "113119300", "99109860", "110116170", "113117340", "98108410", "108118630", "106120640", "102121700", "107116300", "112120290", "108115250", "109116441", "107112850", "111116411", "99112840", "110117110", "97107920", "102112030", "109119460", "113121190", "110115120", "102113981", "99109161", "107119130", "108119510", "109120540", "100109980", "112118581", "103111170", "103112470", "111116090", "106116120", "113122320", "110116290", "105110091", "107116980", "98107340", "111116990", "97107821", "113121220", "100111620", "110113931", "105112260", "104113190", "111116040", "112117431", "111114321", "103113260", "110121140", "101108460", "97106770", "97106591", "112118810", "110114720", "113118630", "112118530", "112116401", "106114280", "97112170", "108114270", "100109360", "104119290", "110120540", "111116530", "108115570", "98112170", "110117200", "99108710", "107118780", "112118820", "109117080", "101110200", "104111620", "105115680", "99110050", "104114240", "97107040", "110115140", "103111620", "98109311", "112117790"], "labels": [2, 1, 3, 0, 1, 3, 1, 1, 3, 1, 0, 0, 0, 0, 2, 0, 0, 3, 3, 1, 0, 0, 0, 1, 2, 3, 1, 1, 3, 0, 0, 2, 0, 3, 3, 3, 1, 3, 3, 1, 0, 3, 3, 3, 0, 0, 3, 1, 3, 2, 3, 1, 2, 3, 0, 2, 3, 2, 2, 0, 0, 1, 2, 0, 2, 1, 1, 3, 1, 0, 1, 1, 3, 1, 0, 2, 0, 0, 2, 1, 1, 0, 1, 3, 1, 1, 1, 1, 1, 2, 1, 3, 1, 1, 2, 0, 3, 0, 0, 2, 3, 3, 1, 3, 3, 0, 0, 1, 3, 3, 0, 3, 1, 3, 3, 3, 1, 0, 3, 0, 3, 0, 1, 1, 3, 3, 3, 3, 2, 1, 0, 1, 2, 0, 2, 3, 0, 2, 0, 0, 1, 3], "predicted_labels": [3, 1, 3, 0, 3, 1, 1, 1, 1, 2, 1, 1, 1, 1, 1, 3, 1, 3, 0, 3, 3, 1, 3, 0, 3, 3, 3, 3, 1, 3, 0, 0, 1, 1, 1, 0, 1, 1, 0, 1, 1, 1, 3, 3, 3, 0, 0, 3, 3, 3, 1, 1, 3, 1, 0, 3, 3, 3, 3, 3, 3, 3, 1, 1, 3, 1, 3, 3, 1, 1, 1, 3, 0, 1, 3, 1, 1, 0, 1, 0, 3, 3, 1, 0, 1, 3, 1, 3, 1, 0, 1, 0, 1, 1, 3, 0, 0, 2, 3, 3, 3, 3, 3, 1, 1, 3, 1, 1, 1, 0, 3, 3, 1, 0, 1, 1, 1, 3, 3, 3, 1, 3, 1, 1, 1, 1, 0, 1, 1, 3, 1, 1, 1, 0, 1, 3, 3, 2, 3, 3, 1, 3], "confidence_scores": [[0.05464283957734536, 0.13767899369449352, 0.5268533095922241, 0.2808248571359372], [0.18884651381337403, 0.48386189877607233, 0.2163204733441403, 0.11097111406641344], [0.25679210943677205, 0.2943825113194634, 0.011599801150035246, 0.43722557809372903], [0.6534269514859922, 0.138241435931364, 0.11746922198550176, 0.09086239059714198], [0.23109503444133278, 0.1691697585875764, 0.002983306009258289, 0.5967519009618328], [0.16069185323680996, 0.5612669928729382, 0.134499372489911, 0.14354178140034096], [0.10732713342868819, 0.5263454571624727, 0.313041176881802, 0.05328623252703697], [0.18646153932676948, 0.2414519904516944, 0.3515223255319132, 0.22056414468962293], [0.2855125958811039, 0.5890866498998115, 0.021159758186421764, 0.10424099603266283], [0.04902059964223856, 0.060371538542637014, 0.8027541786353456, 0.08785368317977853], [0.48030786893017474, 0.43680440788645386, 0.020459749870624554, 0.06242797331274696], [0.2223198346158194, 0.6143328662674418, 0.03802243614795938, 0.1253248629687795], [0.19037827326756518, 0.5730593729748031, 0.19146665839692734, 0.04509569536070428], [0.17753167650805574, 0.43017601335553074, 0.2095071324528438, 0.1827851776835698], [0.29629584255780944, 0.21891108886326346, 0.29494343986426963, 0.18984962871465755], [0.07670284881650817, 0.14724379044278102, 0.0323221484765961, 0.7437312122641149], [0.1601814976170279, 0.35344075367530264, 0.2189148589757152, 0.2674628897319541], [0.1417591154425851, 0.09717948263032823, 0.04954148763794983, 0.7115199142891372], [0.42573896141140427, 0.2691319875428607, 0.056482170196119806, 0.24864688084961512], [0.32898042364432184, 0.1805936065759076, 0.08169640247253702, 0.40872956730723353], [0.09969009237225962, 0.11427125855467464, 0.05572540639635414, 0.7303132426767118], [0.36727465489638933, 0.4536027330585363, 0.01129091751641836, 0.16783169452865623], [0.07439092721744868, 0.18566092327218855, 0.132159386737656, 0.6077887627727069], [0.5802056662338514, 0.3737267147831276, 0.01428051382195548, 0.0317871051610658], [0.05692569638962363, 0.12884331481444822, 0.5815432042243665, 0.23268778457156203], [0.4511873939789762, 0.08182583999088033, 0.01359181477058954, 0.45339495125955404], [0.14341282987716794, 0.04860283222724287, 0.3196566870192208, 0.4883276508763683], [0.30626955216339913, 0.2639794085327983, 0.019767399021743848, 0.4099836402820588], [0.023783365752780897, 0.5525414508848739, 0.023803507924693657, 0.3998716754376517], [0.10813197351483976, 0.38105275230289837, 0.02166262397204407, 0.4891526502102178], [0.6929512043490237, 0.13824272111420127, 0.010802318633753387, 0.15800375590302154], [0.5215530355620538, 0.11960661522917476, 0.04536844754320333, 0.31347190166556804], [0.3576080049377562, 0.3317660968074949, 0.1317248996561482, 0.17890099859860042], [0.13115148591107076, 0.35554821000093334, 0.13738396558670868, 0.3759163385012871], [0.3656622348512279, 0.3292049301662471, 0.05308282884416031, 0.2520500061383649], [0.5843655943292423, 0.20113537664137712, 0.04710578658792526, 0.1673932424414553], [0.08233030679679196, 0.7143576102170831, 0.15338968378725087, 0.049922399198874], [0.30651090811667636, 0.397991875223639, 0.1648993300135719, 0.13059788664611297], [0.5501969993166657, 0.09554908687329632, 0.09779642374667702, 0.2564574900633614], [0.0434563523063426, 0.7146220470578017, 0.13989705769253621, 0.1020245429433195], [0.11121023923017731, 0.5081861742156877, 0.04471991344556183, 0.33588367310857326], [0.17399402963790894, 0.46779250374305775, 0.26352572071145125, 0.0946877459075818], [0.19845513687441346, 0.354616492030077, 0.04297004016413368, 0.4039583309313755], [0.04728684578087793, 0.36409851884704175, 0.2760256354784206, 0.3125889998936595], [0.1286713511234643, 0.3970514055541445, 0.03839205842812805, 0.4358851848942632], [0.4804201266558198, 0.3246494581134976, 0.08400749182240316, 0.11092292340827932], [0.5280349892179066, 0.33395321281666834, 0.0034341453577651317, 0.13457765260765991], [0.1084566251637019, 0.07134150831844654, 0.10531423877395286, 0.7148876277438985], [0.1873536673466039, 0.22997474002804846, 0.08021899860804581, 0.5024525940173016], [0.11545695100132498, 0.1257900986191673, 0.07959756259651062, 0.6791553877829972], [0.17967479595324812, 0.6893631631712417, 0.0066551317402322235, 0.12430690913527781], [0.10247735606935011, 0.6890195867402158, 0.017762953906570567, 0.19074010328386337], [0.11134431953534374, 0.2127651499442726, 0.4481460498969583, 0.2277444806234255], [0.1257484369329438, 0.21470970679097753, 0.5037191354530539, 0.15582272082302473], [0.5479556807076563, 0.10330726512468404, 0.013446801120918605, 0.33529025304674087], [0.07369511435805719, 0.2421082741794355, 0.37583451310940863, 0.3083620983530984], [0.35298817519109305, 0.09513258938414, 0.18018974347716007, 0.3716894919476067], [0.12215550045064215, 0.20135108929096432, 0.21937378157564433, 0.4571196286827497], [0.23036250057044638, 0.1908775839536689, 0.04717851434625106, 0.5315814011296336], [0.2848210306793836, 0.2109320415717198, 0.021329259297736755, 0.48291766845115985], [0.23727522299203477, 0.07075195490963708, 0.34962136290709916, 0.34235145919122895], [0.2869720671119477, 0.287015767542802, 0.057861907897811184, 0.3681502574474389], [0.2357696635916909, 0.4618333876745728, 0.21228632821291787, 0.09011062052081825], [0.3037062226509471, 0.4749440900395987, 0.07220373786108654, 0.14914594944836776], [0.23075710755710532, 0.3179136608968843, 0.04470393370644799, 0.4066252978395625], [0.09419126736759359, 0.28941535368248555, 0.4801992112082354, 0.1361941677416856], [0.11130330666980048, 0.1148185419603586, 0.2568050466592015, 0.5170731047106395], [0.07146331642484491, 0.2710078910564128, 0.33295166712389473, 0.3245771253948476], [0.17583305896800924, 0.4698485696046398, 0.101224633938851, 0.2530937374884998], [0.13101718423373684, 0.4855999984956339, 0.04664726674008163, 0.3367355505305476], [0.24103247256324428, 0.48146232458565935, 0.03259276634541567, 0.2449124365056809], [0.17111922030987461, 0.07060315177964711, 0.09959634366688286, 0.6586812842435953], [0.7860942724393979, 0.044328212850499656, 0.0003761047246250488, 0.1692014099854774], [0.19572971445076554, 0.4419133909442438, 0.15782263765197813, 0.20453425695301247], [0.4304447176357272, 0.09556874278557799, 0.022041734195683983, 0.4519448053830108], [0.1782869895795874, 0.2623135263771752, 0.44447563349594443, 0.11492385054729291], [0.38716646021600054, 0.42297499997509475, 0.10857811358754034, 0.08128042622136415], [0.7464225711004642, 0.0291664880025051, 0.003973273953246384, 0.22043766694378442], [0.23031057996037696, 0.23844034159167438, 0.34266201055976725, 0.18858706788818178], [0.44994217361409344, 0.17421352428921627, 0.047540467578106364, 0.3283038345185837], [0.1957809546077318, 0.3093675753112675, 0.10702457903214581, 0.387826891048855], [0.16521333333467522, 0.23532990679196616, 0.16266561944201308, 0.43679114043134554], [0.22680331157699388, 0.41794851003497885, 0.05357006822226943, 0.30167811016575796], [0.6891835989605422, 0.174601214691602, 0.050585162666210375, 0.08563002368164567], [0.22071716036100722, 0.4901477629470306, 0.16243851411268276, 0.12669656257927925], [0.19959160259493539, 0.2237622803119577, 0.10000907061442174, 0.47663704647868493], [0.08222522687024915, 0.6954766900962992, 0.051010443920529246, 0.1712876391129224], [0.23097141790933742, 0.24674407372496335, 0.07471151176468241, 0.44757299660101685], [0.10068037133488295, 0.49889746323479583, 0.16248356242890175, 0.2379386030014195], [0.541680479133486, 0.2747422926057928, 0.013376928839787158, 0.1702002994209343], [0.18994435731327888, 0.23376847871389222, 0.4554255941110215, 0.12086156986180721], [0.4562349948280812, 0.13793297614849404, 0.005159843050918607, 0.40067218597250615], [0.23875421078087214, 0.27660968646849005, 0.28073622455348896, 0.20389987819714886], [0.06232561961013958, 0.21792204945895305, 0.4973598652183272, 0.22239246571257995], [0.27816713783346037, 0.25799976556191956, 0.12926126271884583, 0.3345718338857741], [0.4671625620824437, 0.29812092004194746, 0.033249832412310144, 0.20146668546329907], [0.6194226263630024, 0.29693339902564675, 0.0010507939006024597, 0.08259318071074863], [0.27473837739928325, 0.15471219315490872, 0.45985657765443955, 0.11069285179136872], [0.4199033824610428, 0.08825293270798507, 0.020088024985496597, 0.47175565984547563], [0.42460503688099643, 0.13908283145446107, 0.09783966462240934, 0.3384724670421333], [0.23135156899204534, 0.16189136092025816, 0.07521788418676642, 0.53153918590093], [0.08836513931856958, 0.09111063133799774, 0.6094682066497432, 0.21105602269368942], [0.34999591210687464, 0.233148920617287, 0.12662043813469653, 0.29023472914114196], [0.13394162443039823, 0.5183101864542419, 0.014775880510352557, 0.33297230860500715], [0.06514184140862675, 0.6169917134191856, 0.06150181820069905, 0.25636462697148904], [0.1082973659377719, 0.08692185631970312, 0.011978313129632701, 0.7928024646128924], [0.3189885993543549, 0.3443414842320182, 0.006811261054327756, 0.32985865535929904], [0.23087991805685115, 0.4187534061543963, 0.09935719908456213, 0.25100947670419044], [0.1330665218207776, 0.47798074076545405, 0.09701806446612313, 0.2919346729476452], [0.7618576122767898, 0.08114862836351672, 0.012022118151899224, 0.14497164120779438], [0.3378270588754754, 0.0420672928006163, 0.060262257823188795, 0.5598433905007194], [0.2444968185319926, 0.09303482699309594, 0.3895917028903885, 0.27287665158452307], [0.09110363091975271, 0.22523241106532108, 0.5984898126354268, 0.08517414537949945], [0.454456265025691, 0.16203169615532503, 0.04912201720534988, 0.33439002161363446], [0.1269863092081564, 0.3506228296269218, 0.20274665099017314, 0.31964421017474864], [0.05977706688793358, 0.3811729242178823, 0.4110911362534868, 0.14795887264069726], [0.1400805751476515, 0.578564341006298, 0.2093154454053465, 0.07203963844070363], [0.3071340082098631, 0.04392614853764051, 0.003699719962379884, 0.6452401232901165], [0.2007257769208882, 0.30747773716363686, 0.1817277082386724, 0.31006877767680235], [0.20089459330881787, 0.20294388356464674, 0.027599594928113372, 0.5685619281984221], [0.2118369588277867, 0.5122246791929148, 0.02209719640963182, 0.2538411655696669], [0.3315800305637412, 0.17448271597325032, 0.057947689732110494, 0.4359895637308979], [0.1789573821280405, 0.39084809651350516, 0.12730570877096636, 0.3028888125874879], [0.03932172149549715, 0.757634597141366, 0.08930713224113407, 0.11373654912200257], [0.1078164854899064, 0.5027260500962338, 0.06239597041647771, 0.32706149399738216], [0.09969377798435611, 0.4050417011881211, 0.15659110689789776, 0.33867341392962486], [0.544188360311668, 0.05098730344051351, 0.01824860627600412, 0.38657572997181444], [0.4060939070416535, 0.3642273198341829, 0.07801647142341425, 0.1516623017007494], [0.12167591418834882, 0.7352826332705491, 0.09234402550918226, 0.05069742703192037], [0.14820214627783773, 0.3746871780499562, 0.09839579035887927, 0.37871488531332675], [0.2802830730345795, 0.4541123282460951, 0.082978677640331, 0.18262592107899472], [0.01553680022760805, 0.9004040968595652, 0.045938468053892845, 0.038120634858933765], [0.061949804693564585, 0.5960959208949755, 0.039324464156704146, 0.3026298102547555], [0.8853932857738801, 0.10255637865723916, 9.040139645833203e-05, 0.011959934172422443], [0.12022642736148628, 0.3385675389745842, 0.3853765824418851, 0.15582945122204436], [0.205717163328101, 0.25923472335358144, 0.07774491147858265, 0.45730320183973494], [0.28595605551486225, 0.2039168952849866, 0.15023440757435325, 0.35989264162579787], [0.12603030955787853, 0.11173493201362919, 0.7029171822106766, 0.059317576217815575], [0.18855861333323382, 0.06920225226904084, 0.034608378574416655, 0.7076307558233086], [0.12429118999544973, 0.33481321268832387, 0.1322488372806872, 0.4086467600355391], [0.2416589613659604, 0.428454430701165, 0.10191704866140802, 0.22796955927146637], [0.2685500079904573, 0.1199677837413391, 0.01228166212298033, 0.5992005461452233]]}, "rewritten": {"ids": ["97106591", "97106770", "97107040", "97107821", "97107920", "97112170", "97113260", "98107010", "98107340", "98108410", "98109311", "98112170", "98120010", "99107950", "99108080", "99108580", "99108710", "99108890", "99109161", "99109370", "99109860", "99110050", "99112300", "99112531", "99112840", "100109360", "100109980", "100111270", "100111620", "101108370", "101108460", "101108950", "101110200", "101111210", "102112030", "102113210", "102113981", "102114270", "102121440", "102121700", "103109791", "103110100", "103111170", "103111620", "103112470", "103112641", "103113260", "103117461", "104111620", "104111780", "104111830", "104113190", "104114240", "104118070", "104119290", "105110091", "105112260", "105115680", "105116090", "105117351", "106114280", "106115240", "106116120", "106116370", "106119260", "106119990", "106120640", "107112850", "107113260", "107114280", "107116300", "107116501", "107116980", "107118780", "107119130", "107120010", "107121540", "108114270", "108115250", "108115500", "108115570", "108115880", "108118630", "108119510", "108121160", "109116170", "109116441", "109116750", "109116810", "109117080", "109117271", "109119460", "109120540", "110113931", "110114651", "110114720", "110115120", "110115140", "110116170", "110116290", "110117110", "110117140", "110117200", "110120540", "110121140", "111114121", "111114321", "111115400", "111116040", "111116090", "111116411", "111116530", "111116990", "111117000", "111117200", "111119250", "111120280", "112116401", "112117431", "112117660", "112117790", "112118161", "112118530", "112118550", "112118581", "112118810", "112118820", "112119320", "112119450", "112120290", "112120640", "113117340", "113117401", "113118231", "113118630", "113118870", "113119300", "113119450", "113121190", "113121220", "113122170", "113122320"], "labels": [1, 3, 2, 2, 0, 0, 1, 3, 0, 1, 1, 3, 2, 1, 3, 0, 2, 0, 3, 1, 2, 3, 0, 3, 2, 0, 1, 2, 3, 1, 0, 2, 2, 2, 2, 3, 1, 3, 2, 1, 3, 1, 2, 0, 1, 3, 3, 0, 0, 3, 3, 3, 0, 2, 1, 0, 3, 2, 1, 0, 3, 1, 1, 2, 1, 0, 3, 1, 0, 3, 0, 1, 3, 1, 1, 1, 2, 3, 1, 3, 3, 3, 1, 1, 2, 0, 3, 0, 3, 1, 0, 1, 1, 1, 3, 3, 0, 0, 0, 2, 0, 3, 3, 1, 3, 0, 1, 0, 0, 3, 0, 3, 0, 0, 0, 1, 0, 0, 0, 0, 3, 0, 1, 3, 1, 3, 0, 1, 3, 1, 0, 2, 3, 3, 3, 0, 1, 3, 1, 3, 1, 1], "predicted_labels": [1, 3, 2, 3, 0, 1, 1, 3, 1, 1, 1, 0, 3, 1, 0, 0, 1, 1, 0, 1, 1, 3, 3, 3, 1, 3, 1, 3, 2, 3, 3, 3, 3, 3, 1, 1, 3, 1, 3, 1, 0, 1, 1, 1, 2, 1, 3, 3, 3, 1, 1, 1, 3, 1, 1, 0, 1, 1, 3, 3, 3, 1, 1, 3, 3, 0, 1, 1, 1, 1, 1, 1, 0, 3, 1, 3, 3, 1, 3, 1, 1, 1, 3, 3, 3, 1, 0, 1, 3, 1, 1, 3, 1, 3, 3, 1, 1, 3, 1, 1, 1, 3, 1, 1, 0, 1, 1, 1, 3, 0, 3, 1, 3, 3, 0, 0, 3, 3, 1, 0, 3, 1, 1, 1, 1, 3, 1, 1, 0, 1, 0, 1, 1, 1, 1, 1, 3, 3, 3, 3, 3, 3], "confidence_scores": [[0.1334695496641917, 0.5694253411802231, 0.1112194666013271, 0.18588564255425785], [0.4501752477128528, 0.1006662919954822, 0.23610126083090033, 0.2130571994607645], [0.17473644458151696, 0.14306801333295133, 0.6003606612428763, 0.08183488084265539], [0.25040785040561286, 0.1997604703099559, 0.21687897359195005, 0.3329527056924814], [0.6525179240826791, 0.036948352858618444, 0.006171025881771891, 0.3043626971769303], [0.1839308173291865, 0.4067498754484029, 0.047154419720455, 0.3621648875019559], [0.25283621911097076, 0.43035595385517306, 0.11786458482744794, 0.19894324220640852], [0.21273754973204215, 0.21597501733406255, 0.35434083491545354, 0.2169465980184417], [0.2534258022604907, 0.2699535228706765, 0.38979585609422024, 0.08682481877461262], [0.12132231741616416, 0.47293859786232767, 0.15951907037492682, 0.24622001434658164], [0.2963022027153018, 0.38042261073177636, 0.08874746212058358, 0.23452772443233846], [0.7640897726991995, 0.059598372203395596, 0.014089884952983741, 0.1622219701444211], [0.06993992585973839, 0.18545540327394744, 0.5325200885170828, 0.21208458234923133], [0.10200859861649528, 0.30948792498518274, 0.5057617466369199, 0.08274172976140266], [0.4355129836857358, 0.21163341966554322, 0.05568343962374551, 0.29717015702497546], [0.4682097459039332, 0.3095471407242714, 0.0775841749573887, 0.14465893841440722], [0.1732927360504154, 0.5578613685691509, 0.1455116187488937, 0.12333427663153998], [0.05187698984451943, 0.3310153213118025, 0.6022153974027525, 0.014892291440925654], [0.6597052903265008, 0.2347674020472192, 0.03286844347409003, 0.0726588641521896], [0.038376311978709866, 0.8462661591210362, 0.05645800892505294, 0.05889951997520104], [0.21107469821955338, 0.5405989730571937, 0.11895729189086174, 0.12936903683239104], [0.21655570503473467, 0.307970971117084, 0.1281689424504606, 0.34730438139772074], [0.1345691713086434, 0.11546179564180903, 0.32808285954393757, 0.4218861735056102], [0.2522736178058698, 0.081777146304647, 0.12646567270229303, 0.53948356318719], [0.2790643634862231, 0.3089283060530234, 0.2680193248548026, 0.14398800560595082], [0.29646983701657775, 0.27480132425886766, 0.038498884784895944, 0.39022995393965887], [0.1692603058462209, 0.3801135161631683, 0.15113704556345353, 0.29948913242715747], [0.13514213298207683, 0.21702108854975286, 0.45408118109131396, 0.19375559737685621], [0.12062943387277585, 0.12027343572604542, 0.6047208631623632, 0.1543762672388155], [0.265621945324681, 0.1799071173937515, 0.003144190605586279, 0.5513267466759808], [0.2766960995744516, 0.10243791171099301, 0.05792484181811317, 0.562941146896442], [0.1238423355095177, 0.15454833801323703, 0.21267920543156685, 0.5089301210456783], [0.1784305495051525, 0.24656858699802306, 0.024797677062763805, 0.5502031864340607], [0.06842488333004794, 0.10839124530541955, 0.11258235983373041, 0.710601511530802], [0.2736882661227597, 0.22115144936717374, 0.3461210998859808, 0.15903918462408592], [0.266678582647163, 0.2720833384486692, 0.20898100651414195, 0.25225707239002604], [0.21326906790666064, 0.3164239589317541, 0.07884337353072826, 0.39146359963085703], [0.05323482818162142, 0.38300413889903645, 0.26228702855216834, 0.301474004367174], [0.34097162726081065, 0.1968432046719195, 0.2403207792344271, 0.2218643888328429], [0.18252421661466245, 0.5287464207859217, 0.024486825915599364, 0.26424253668381664], [0.4907950483534916, 0.1568373969241046, 0.11730289236098827, 0.23506466236141546], [0.13420566448071572, 0.5436165829394801, 0.16333232856428737, 0.1588454240155167], [0.43907718149910385, 0.39301247773984566, 0.01300815911924683, 0.1549021816418033], [0.10317902699772381, 0.38877058824961513, 0.17915950667479358, 0.3288908780778678], [0.08976931212597293, 0.17231343053121473, 0.5934747930697548, 0.14444246427305754], [0.2963205961748916, 0.4430736751954861, 0.02109752371600312, 0.2395082049136194], [0.07875524179933599, 0.2869444417289636, 0.2817980878127843, 0.3525022286589162], [0.09403582070434258, 0.28581325684945363, 0.041982930024400913, 0.5781679924218028], [0.12696439029298778, 0.030128683362203146, 0.005836227221155467, 0.8370706991236535], [0.2414218909292912, 0.6253524916134077, 0.023967085679685352, 0.10925853177761588], [0.0303178911141419, 0.7123226396422291, 0.032042081188379985, 0.22531738805524917], [0.08546264151932002, 0.6484296149984109, 0.07758548719267046, 0.18852225628959898], [0.24970216082838534, 0.27475920519364344, 0.08817033641711096, 0.38736829756086016], [0.1263853573871073, 0.29664445870323103, 0.42748318830524273, 0.14948699560441925], [0.17147756194888375, 0.3678058671093119, 0.08597918638195026, 0.37473738455985445], [0.6116400491438516, 0.27253782483632766, 0.04083516142134722, 0.07498696459847329], [0.17141871320576488, 0.446246733025601, 0.014173847200289967, 0.3681607065683442], [0.08358736974618065, 0.22731047663686602, 0.5574046177522005, 0.13169753586475275], [0.33775674608532663, 0.27036473914114983, 0.019536935193360222, 0.3723415795801635], [0.1333517517611885, 0.32614024145628706, 0.05788593131747698, 0.48262207546504743], [0.14229889060422363, 0.18066030046256842, 0.13873851548739102, 0.5383022934458168], [0.2029126904011174, 0.3648811759527207, 0.1520420218229431, 0.28016411182321915], [0.24898499500355073, 0.22956306354352576, 0.33914406910295913, 0.18230787234996448], [0.3386915805174739, 0.09908759894761847, 0.04916685229302262, 0.5130539682418848], [0.23129689730745456, 0.07521251304390435, 0.2721253398384319, 0.4213652498102091], [0.6650202997073998, 0.1521996666337238, 0.1006277483392954, 0.08215228531958077], [0.2022440244358992, 0.300801920163272, 0.2905126038701092, 0.20644145153071974], [0.18612695477444807, 0.40735217094502063, 0.20756830633619244, 0.19895256794433905], [0.13377935493392604, 0.43410756949142276, 0.0880816823641416, 0.34403139321050985], [0.09924658998551096, 0.4082130861596468, 0.3724143067320542, 0.12012601712278788], [0.22462481021080455, 0.5174834605923888, 0.03243636048382223, 0.22545536871298452], [0.11582007304937973, 0.6856072792962009, 0.018934175631822474, 0.17963847202259675], [0.7416373384507394, 0.24762609981353081, 0.001696337089728489, 0.00904022464600139], [0.17477860954759766, 0.33942245687817696, 0.10383297594195656, 0.38196595763226887], [0.32599240261888895, 0.2909775773627471, 0.09484432338751121, 0.2881856966308529], [0.16826056040447182, 0.2361800313596688, 0.1596718049062347, 0.43588760332962423], [0.2054117619471829, 0.22184651906481456, 0.26753576104643945, 0.3052059579415631], [0.37151103292454285, 0.409177424971412, 0.02177459894885891, 0.19753694315518647], [0.20289378749050146, 0.08349266883336509, 0.08174037648101379, 0.6318731671951195], [0.26602976450236826, 0.3037787896106595, 0.2896390601052136, 0.14055238578175866], [0.05989153780640709, 0.6225365679470832, 0.17567378850643442, 0.1418981057400753], [0.32930596882866214, 0.3238642807891604, 0.04683976197477632, 0.2999899884074012], [0.17179740298125937, 0.13798637131524202, 0.07894751167414213, 0.6112687140293566], [0.20492315765897107, 0.26251841459771974, 0.07830176581250657, 0.45425666193080266], [0.17080847953610168, 0.35471486890621823, 0.09030400429667215, 0.3841726472610082], [0.2317851106054579, 0.57415280035532, 0.019294867451687042, 0.17476722158753458], [0.5976397923037836, 0.11345114065751871, 0.004579457855086908, 0.28432960918361083], [0.3076209338200801, 0.389338809475614, 0.0725409329000377, 0.2304993238042684], [0.1905559888333702, 0.2699437146790115, 0.021188496205271808, 0.5183118002823465], [0.041697749055933674, 0.9014498904484132, 0.02310709910006185, 0.03374526139559128], [0.20061163339815052, 0.38604329366455403, 0.04764046147666102, 0.3657046114606343], [0.22795212178694638, 0.226552690362494, 0.08100913732337917, 0.464486050527181], [0.08807511820455471, 0.6203423013291646, 0.08603094821126792, 0.20555163225501297], [0.33848530946554484, 0.19114829479614615, 0.09628883766925131, 0.37407755806905774], [0.07657931874846964, 0.07799680436490544, 0.04776916619057486, 0.7976547106960501], [0.1958398107926152, 0.3090131149072987, 0.3758653042657606, 0.11928177003432583], [0.22780499524677797, 0.4245928116201748, 0.14581450090808992, 0.20178769222495718], [0.21023009358705702, 0.09428254425620283, 0.0521551746400683, 0.6433321875166719], [0.19486102181879167, 0.6071554794819674, 0.07405256419035451, 0.12393093450888619], [0.2156344921885642, 0.46665914107532985, 0.09588105857751116, 0.22182530815859508], [0.31387307638639883, 0.4900241794027543, 0.11568275060720125, 0.08041999360364549], [0.27152136306523705, 0.26337371145881844, 0.03014967122611209, 0.43495525424983256], [0.2296027876818981, 0.4624288185631914, 0.07882768207681418, 0.22914071167809633], [0.07087119328349996, 0.6913436949128917, 0.10590366740135171, 0.13188144440225674], [0.5835160167610753, 0.143343206365506, 0.03428517461531217, 0.23885560225810618], [0.41155275900432753, 0.42201770220871027, 0.008936850160347667, 0.15749268862661467], [0.2665859311069275, 0.3275460725581905, 0.10552726150836253, 0.3003407348265193], [0.2273172359504068, 0.39323170904340343, 0.1805435574243398, 0.19890749758184964], [0.19687604724452124, 0.11590315243442063, 0.03279194224552773, 0.6544288580755303], [0.4671103156062367, 0.21199123799547018, 0.0016913575465790634, 0.31920708885171395], [0.434103958818402, 0.09340596112493517, 0.024583996105463378, 0.44790608395119924], [0.09507144277672326, 0.4271769441400669, 0.09893801368074956, 0.37881359940246045], [0.20351686907403804, 0.2532450202131345, 0.14788248370115156, 0.3953556270116757], [0.05550874700110698, 0.11280648256199909, 0.08616590210299056, 0.7455188683339035], [0.4949703698375883, 0.15283834844508296, 0.034995908719353735, 0.317195372997975], [0.4672226044327362, 0.15701780582701202, 0.11388129006757405, 0.26187829967267773], [0.09775157383431823, 0.12105474418886586, 0.0552960219180348, 0.7258976600587812], [0.19110119069406156, 0.029346281918494952, 0.0036826208485844633, 0.775869906538859], [0.2098722856556698, 0.5712861693982311, 0.03869313915863439, 0.18014840578746466], [0.43044985868156654, 0.24665230681427602, 0.02243579568784129, 0.3004620388163161], [0.1900286767546972, 0.24416612019135006, 0.0624717787141075, 0.5033334243398455], [0.21879445531946626, 0.533755665859415, 0.049594344757087766, 0.19785553406403075], [0.11422056074920586, 0.5955372011490365, 0.18010134404922507, 0.11014089405253244], [0.30608632695281646, 0.4068299916025655, 0.05543973585558261, 0.23164394558903564], [0.1303557051589162, 0.5715046647210301, 0.09362268604964051, 0.20451694407041335], [0.31368519342748014, 0.15644245438379983, 0.08699988792440043, 0.4428724642643197], [0.30317067116565327, 0.4698518902504686, 0.05597470366248889, 0.17100273492138884], [0.026330617330279162, 0.7310637016156437, 0.17147893092101357, 0.07112675013306329], [0.6847384525322585, 0.20897196106022703, 0.0027259991476163595, 0.1035635872598983], [0.23129194905432535, 0.5144170384787007, 0.04255316493545129, 0.21173784753152272], [0.7536371759506304, 0.08529834992539136, 0.006062592129284895, 0.15500188199469273], [0.10212232524523969, 0.5242906150249155, 0.0867987298270217, 0.2867883299028231], [0.17743627996048245, 0.6832650417679229, 0.025245344994367928, 0.11405333327722637], [0.21968914591451352, 0.4195520433361706, 0.25965661406657575, 0.10110219668273976], [0.06214063882725464, 0.2738609986374758, 0.48365561266800927, 0.18034274986726018], [0.11881871943206035, 0.7060475295200948, 0.04250563363979739, 0.13262811740804745], [0.19578779142353933, 0.21709622272840715, 0.11379297278491517, 0.4733230130631386], [0.24333027874681468, 0.2551468312315571, 0.07269533685121363, 0.42882755317041465], [0.34359075466174444, 0.19809925116506893, 0.07922908597125862, 0.3790809082019278], [0.14433164865291, 0.37508404071975693, 0.11654443000031282, 0.36403988062701986], [0.032574087900513256, 0.15461083902070408, 0.6251010509477738, 0.18771402213100905], [0.13523221973082963, 0.30089281871183404, 0.17621568089390038, 0.3876592806634361]]}}