{"test": {"ids": ["111119300", "107116501", "101110740", "111117200", "111116290", "99108520", "108113760", "104109311", "105112130", "113118620", "101108950", "97116401", "109116170", "98112170", "98109230", "103111930", "101108580", "102110050", "100110050", "110118740", "99109840", "98112580", "100110260", "110115580", "101111310", "106116441", "112118511", "101114020", "108115570", "110115890", "103111540", "99112641", "110114610", "105113620", "112120290", "106116370", "106114280", "108119510", "99109141", "112118161", "112120630", "113118231", "98111670", "104114240", "97105451", "108115870", "99107630", "104113550", "109117730", "105121190", "113121680", "111117000", "101115190", "105115900", "97109080", "110115140", "111114941", "99109910", "99119830", "109118161", "106118520", "110113931", "99109370", "108118291", "111116100", "98106680", "111119430", "97105760", "113119300", "103109021", "102110750", "107113550", "108118520", "113120531", "112118471", "112116290", "106115240", "112120540", "111114121", "97106600", "104113240", "110118121", "108117360", "102109010", "107114950", "113117340", "102109840", "101111210", "111116530", "110115250", "113118820", "105112240", "97112300", "112117471", "110116441", "113118111", "108118060", "113120260", "113117401", "107118120", "97107920", "98116500", "111116990", "100108260", "104113210", "112119930", "111119250", "101108370", "112116800", "100120010", "107118780", "113119320", "105115380", "109116750", "111120540", "103120780", "105115250", "109120621", "103120730", "113122150", "112117780", "113122320", "111116411", "99111340", "108121410", "98108520", "107113260", "109115211", "99109860", "107113200", "108118301", "98107380", "97106770", "104111780", "112116501", "97106970", "112116540", "105117200", "100109311", "107114780", "112117790", "108115070"], "labels": [1, 1, 3, 0, 2, 2, 1, 3, 1, 3, 2, 3, 0, 3, 1, 3, 0, 3, 3, 3, 2, 2, 3, 1, 3, 0, 1, 3, 3, 2, 1, 1, 1, 0, 1, 2, 3, 1, 3, 0, 3, 3, 1, 0, 0, 3, 2, 1, 3, 2, 1, 0, 1, 3, 2, 0, 0, 2, 1, 0, 2, 1, 1, 3, 3, 1, 3, 0, 1, 0, 1, 0, 0, 0, 1, 0, 1, 3, 0, 3, 2, 3, 1, 1, 3, 2, 2, 2, 3, 1, 0, 1, 2, 3, 3, 1, 1, 3, 3, 3, 0, 2, 0, 3, 3, 1, 1, 1, 0, 0, 1, 1, 1, 0, 1, 1, 2, 1, 1, 2, 0, 1, 0, 1, 0, 2, 0, 0, 2, 0, 1, 1, 3, 3, 3, 2, 1, 3, 1, 2, 3, 1], "predicted_labels": [3, 1, 0, 2, 3, 1, 1, 0, 2, 1, 2, 2, 2, 1, 1, 0, 3, 1, 2, 0, 2, 3, 0, 0, 3, 0, 3, 2, 3, 1, 3, 0, 1, 1, 2, 0, 2, 2, 1, 1, 0, 3, 3, 0, 1, 0, 1, 1, 1, 1, 3, 3, 3, 2, 1, 3, 3, 2, 1, 0, 1, 3, 3, 0, 3, 1, 0, 0, 1, 0, 1, 2, 1, 0, 3, 1, 1, 0, 1, 1, 1, 0, 2, 3, 3, 1, 2, 3, 1, 3, 0, 3, 3, 0, 1, 0, 3, 3, 3, 1, 3, 3, 0, 2, 3, 0, 3, 0, 1, 0, 3, 3, 1, 1, 2, 1, 0, 0, 2, 2, 1, 3, 3, 1, 1, 3, 3, 3, 1, 0, 3, 1, 0, 3, 3, 3, 3, 1, 0, 0, 3, 0], "confidence_scores": [[0.20358962430691538, 0.28622964471211765, 0.12895619773800934, 0.3812245332429577], [0.25912747214162446, 0.2982343916720734, 0.1797306092464008, 0.2629075269399014], [0.596975313545733, 0.16025430359793, 0.10065243789232255, 0.1421179449640145], [0.17034322183999642, 0.2404327298970899, 0.29779299877835996, 0.29143104948455384], [0.17689306845814756, 0.24978214623301936, 0.26172867304002656, 0.31159611226880674], [0.18016602165291795, 0.46348347043495913, 0.2517340458001947, 0.1046164621119281], [0.15873916430107476, 0.3053943326379749, 0.26273052099410504, 0.2731359820668453], [0.5112529500702547, 0.256916091726543, 0.10304559769671792, 0.1287853605064842], [0.2554178549467497, 0.1660363788340381, 0.3056144538710845, 0.27293131234812784], [0.2975278282682749, 0.3371330370234157, 0.14960127821358413, 0.21573785649472552], [0.10158357002430142, 0.15876268141430108, 0.5484907814364159, 0.19116296712498151], [0.14527655553626448, 0.2608304616646177, 0.34743281684622795, 0.24646016595288966], [0.14137562333898032, 0.19388809315568858, 0.44935996616681995, 0.21537631733851104], [0.33569051973656105, 0.33682436448994946, 0.11391083860643772, 0.21357427716705168], [0.10777300985487441, 0.4009466608850916, 0.21565820868021793, 0.2756221205798162], [0.32813151802163715, 0.2824568007131765, 0.15114814591556866, 0.23826353534961764], [0.28042404533659204, 0.12497419580690525, 0.13541891275613394, 0.45918284610036875], [0.12508343447380008, 0.5001638574233613, 0.11876544121164173, 0.2559872668911968], [0.2182930310793664, 0.2285324875328032, 0.2796170775760404, 0.27355740381179006], [0.3495587409176134, 0.2678065224777894, 0.11032847939185615, 0.2723062572127411], [0.15475805115870442, 0.18307871378723473, 0.3471622018969395, 0.3150010331571213], [0.17982398349753964, 0.27010538554079216, 0.2150199137020297, 0.33505071725963853], [0.40631439122547414, 0.16475081021081756, 0.1196687097822984, 0.30926608878140993], [0.35045312687130953, 0.21310399751046152, 0.2246207556040309, 0.21182212001419806], [0.2314188254602794, 0.2309931075753622, 0.14561317466971394, 0.39197489229464455], [0.40096813723344954, 0.26810335594319246, 0.08748914591183395, 0.2434393609115241], [0.16180271784215555, 0.17304559697360022, 0.14058329248993912, 0.524568392694305], [0.22169192752319694, 0.1510157878024205, 0.33931339520275783, 0.2879788894716248], [0.25487299706492395, 0.2816438395807224, 0.16605984957014305, 0.2974233137842106], [0.19346804488659097, 0.41075456576731534, 0.1331046878442582, 0.2626727015018356], [0.2121079756916632, 0.24822250607794355, 0.17307918847004533, 0.36659032976034794], [0.3712971783222394, 0.2810617526358716, 0.18015867478530942, 0.16748239425657957], [0.18777703479638222, 0.36868909343359907, 0.27071063710953963, 0.1728232346604791], [0.18291435226774475, 0.46964776743688325, 0.1733318459279886, 0.17410603436738334], [0.24567565979630268, 0.27376600881805035, 0.2879290197045352, 0.19262931168111203], [0.38697729338159625, 0.18010287025205793, 0.19165218228053316, 0.24126765408581266], [0.21609608948606981, 0.2431717080289274, 0.2782478688158384, 0.2624843336691644], [0.25546097859088684, 0.24512742924717268, 0.2984827763022402, 0.20092881585970032], [0.28393364326250986, 0.3026740764493125, 0.224173972695773, 0.18921830759240474], [0.21335305336209037, 0.3397094562348906, 0.12516728728144252, 0.32177020312157667], [0.47317165040827597, 0.09722482936776262, 0.09127263734789107, 0.3383308828760705], [0.20999294929008394, 0.19321439515801855, 0.1851915006167885, 0.4116011549351091], [0.15437868170358854, 0.2343291536488013, 0.24846862224845034, 0.36282354239915987], [0.3448283016321088, 0.22516264522088436, 0.14391203495028929, 0.2860970181967175], [0.31292681594362715, 0.381644233141441, 0.0730120628701474, 0.2324168880447843], [0.3116092444906962, 0.2514760772702249, 0.1312191384481191, 0.30569553979095987], [0.15900654023613126, 0.5082363934945355, 0.1565474179109568, 0.1762096483583763], [0.21768924368982065, 0.34266078481371326, 0.12764229830452967, 0.31200767319193634], [0.2177488063628713, 0.3154365973397804, 0.1802681247961906, 0.28654647150115764], [0.10414765303314866, 0.6706950132013182, 0.10557722366161794, 0.11958011010391517], [0.12431476803613592, 0.3331404048568503, 0.08226226204986356, 0.46028256505715004], [0.1637157410143227, 0.32332492737176133, 0.16499837307121776, 0.3479609585426981], [0.30529547188316325, 0.1859851261175522, 0.15728051121446288, 0.35143889078482154], [0.24087488399574772, 0.1545201812682945, 0.4062785974448122, 0.19832633729114543], [0.11658833032588674, 0.6886773879682202, 0.08446403281966106, 0.11027024888623195], [0.2152706604376812, 0.2881917826583268, 0.20819051659624307, 0.28834704030774894], [0.1378932729347483, 0.21708783711154764, 0.14344122837732876, 0.5015776615763754], [0.1373278660861752, 0.20005765862306252, 0.4611255825244668, 0.2014888927662955], [0.08117380385486006, 0.629766097661525, 0.10600561874975517, 0.18305447973385972], [0.39124271839967134, 0.34139886505213407, 0.14217316546992892, 0.1251852510782655], [0.3036375251347093, 0.4217590771183031, 0.08720414054344097, 0.18739925720354655], [0.2355735776463457, 0.3148604161131795, 0.13083452090710807, 0.31873148533336687], [0.24368215566053936, 0.25727695760444347, 0.16326739737117898, 0.3357734893638381], [0.8263448443607178, 0.059047661021510586, 0.04220468931604794, 0.07240280530172363], [0.23947275222170092, 0.3022739172469756, 0.11080075033877324, 0.3474525801925502], [0.13276406561161277, 0.5956436332464655, 0.17222305089668682, 0.09936925024523487], [0.32041749203622455, 0.23608231389599446, 0.16061003061760099, 0.2828901634501799], [0.5336335990004778, 0.13283563666513074, 0.1282712119438102, 0.20525955239058127], [0.14786196984526032, 0.4512537685472655, 0.09260032151213814, 0.308283940095336], [0.3347765761605169, 0.31736001993827734, 0.10194162045623066, 0.24592178344497526], [0.182203086408241, 0.5637405717641316, 0.11977884883265756, 0.13427749299496988], [0.15200965700822267, 0.2104444631105462, 0.4930466339532255, 0.1444992459280058], [0.2103469748354851, 0.28765234576635623, 0.2648887632029908, 0.2371119161951678], [0.3331572265649139, 0.26529812580744927, 0.11849738425185413, 0.2830472633757828], [0.15027630428405087, 0.2799932851029367, 0.2332719252679029, 0.3364584853451096], [0.17053985440651084, 0.5923297886959495, 0.08547792942613976, 0.15165242747139976], [0.12004783299144205, 0.5764504228755369, 0.07044833919157874, 0.23305340494144222], [0.6463482943547498, 0.12203129719004217, 0.14052739601950182, 0.09109301243570615], [0.2884388587329397, 0.40934803141463316, 0.1252445952069936, 0.1769685146454335], [0.20035990892006647, 0.32475828579730587, 0.3053809512053064, 0.16950085407732118], [0.09868499064878469, 0.6946237230161949, 0.12156908103232247, 0.08512220530269787], [0.43836567157946055, 0.18432673753342202, 0.09486262921336468, 0.2824449616737529], [0.13571214055231146, 0.17380892581386934, 0.42151978498484793, 0.26895914864897136], [0.15825490790061172, 0.3133036052741642, 0.10898170791235677, 0.4194597789128673], [0.1973867349607265, 0.15988221509000416, 0.19342097407654266, 0.4493100758727266], [0.3024206701588995, 0.3702639115260571, 0.1327030969693107, 0.19461232134573284], [0.19376280710868926, 0.29560992108744777, 0.3233532448081087, 0.18727402699575435], [0.21387227455520533, 0.27092018191277967, 0.22519358507613108, 0.29001395845588396], [0.24306655313283435, 0.3733085486371278, 0.11093179519849611, 0.2726931030315416], [0.25854806517532614, 0.20011662445643533, 0.18268088512366917, 0.35865442524456964], [0.47317175298261754, 0.17850648153331086, 0.1820968387675959, 0.1662249267164757], [0.23804536146875757, 0.2525914360485333, 0.18477032373825494, 0.32459287874445436], [0.2730729975806904, 0.28437144743984666, 0.13257877902062346, 0.3099767759588393], [0.5137389523961232, 0.1753376577350457, 0.08778454089587763, 0.2231388489729535], [0.17323835454463332, 0.45910588214199827, 0.11947472525093063, 0.24818103806243788], [0.4120264164151636, 0.24187029745719787, 0.12001590231942348, 0.22608738380821516], [0.21567125937191794, 0.24160516171778948, 0.11566100338081768, 0.42706257552947496], [0.24914559967321473, 0.28456180187369823, 0.151344542510641, 0.31494805594244607], [0.1623443640270911, 0.2992418643788451, 0.15604215850455283, 0.38237161308951106], [0.2237120705190679, 0.3282209721805361, 0.16571440463089793, 0.2823525526694981], [0.35284016710261207, 0.1442197140026867, 0.12341805225887408, 0.3795220666358271], [0.30675567718621827, 0.2199022019965632, 0.12815837725948465, 0.34518374355773396], [0.3076598311060108, 0.2537785548761663, 0.2570843462897918, 0.18147726772803124], [0.21041757402892572, 0.27941507205314753, 0.3000742209170738, 0.21009313300085314], [0.2012223438033176, 0.17275600963914411, 0.29353928228309467, 0.33248236427444366], [0.30862736967222054, 0.30600727619383333, 0.1270577384229272, 0.258307615711019], [0.17075282632126693, 0.21125163490450075, 0.22339652739972868, 0.3945990113745037], [0.548076462812835, 0.16553765419452293, 0.13145670286611713, 0.15492918012652482], [0.18453114974356724, 0.359105284659942, 0.14485118737732472, 0.31151237821916616], [0.3029511528229792, 0.2629837230678733, 0.24509910764650591, 0.18896601646264158], [0.2992854766075161, 0.207756584792282, 0.18752336579553258, 0.3054345728046695], [0.25040276824766444, 0.30769027004261745, 0.08071674928610273, 0.3611902124236156], [0.22356911705897858, 0.28322983697742204, 0.2518771708626995, 0.24132387510090006], [0.24472810621244953, 0.49842926785257163, 0.10027950193985795, 0.15656312399512093], [0.20551037816511178, 0.255597392442701, 0.2754341306535085, 0.26345809873867865], [0.18939772452452724, 0.3342735368601852, 0.1552633316554511, 0.32106540695983654], [0.494481791466842, 0.21542155574332164, 0.10588911777907563, 0.184207535010761], [0.5607283539962953, 0.13176883153236466, 0.05851360799572543, 0.24898920647561462], [0.15862899597651048, 0.26085170870339436, 0.3423474816957494, 0.23817181362434575], [0.20410561004192793, 0.16341739876493935, 0.39402160940649095, 0.23845538178664183], [0.17629673732350093, 0.39163929910638523, 0.12558584571455877, 0.3064781178555552], [0.19933394794473597, 0.18594150000399023, 0.12680384665982042, 0.48792070539145366], [0.30120882339455074, 0.2582152575428443, 0.08248827410046065, 0.3580876449621444], [0.21005273481608785, 0.296822356283117, 0.21240971763123395, 0.2807151912695612], [0.2839672071908597, 0.38249697109904013, 0.17345625056112993, 0.16007957114897017], [0.18107441983465156, 0.29807067331120035, 0.1108846380525795, 0.4099702688015685], [0.16530827993668973, 0.22661497608710984, 0.23345231011558595, 0.37462443386061434], [0.1397727575343227, 0.27979666077285187, 0.0821772596616581, 0.49825332203116746], [0.3173432279286311, 0.32587154142772334, 0.14847418716213304, 0.2083110434815126], [0.28325440417314734, 0.2228675592641643, 0.21473228827736218, 0.27914574828532623], [0.28304966783078067, 0.1723517342886329, 0.20608527909348415, 0.3385133187871022], [0.3009717901903742, 0.343987550387566, 0.21112270734516753, 0.14391795207689237], [0.49306480902698674, 0.2303767460278171, 0.13394817066010598, 0.1426102742850901], [0.18352528598108098, 0.23025032470392284, 0.10007470893037944, 0.4861496803846168], [0.27298094379382287, 0.23361502947493054, 0.09921750180687855, 0.39418652492436806], [0.15074957096675068, 0.2314527564267292, 0.1299058295103947, 0.48789184309612554], [0.23862066348975552, 0.30353614705019166, 0.10001402714429486, 0.35782916231575795], [0.1895050539169686, 0.3800764913894926, 0.20341272506594235, 0.22700572962759644], [0.3646620047615175, 0.22635369338877534, 0.11209926646778857, 0.2968850353819188], [0.2782733730355897, 0.2293601571655284, 0.24298903799686639, 0.24937743180201563], [0.18196755773107454, 0.19596270636432256, 0.18765269346475966, 0.43441704243984336], [0.335787879842625, 0.3176022268153878, 0.13886039804671285, 0.2077494952952744]]}, "rewritten": {"ids": ["97105451", "97105760", "97106600", "97106770", "97106970", "97107920", "97109080", "97112300", "97116401", "98106680", "98107380", "98108520", "98109230", "98111670", "98112170", "98112580", "98116500", "99107630", "99108520", "99109141", "99109370", "99109840", "99109860", "99109910", "99111340", "99112641", "99119830", "100108260", "100109311", "100110050", "100110260", "100120010", "101108370", "101108580", "101108950", "101110740", "101111210", "101111310", "101114020", "101115190", "102109010", "102109840", "102110050", "102110750", "103109021", "103111540", "103111930", "103120730", "103120780", "104109311", "104111780", "104113210", "104113240", "104113550", "104114240", "105112130", "105112240", "105113620", "105115250", "105115380", "105115900", "105117200", "105121190", "106114280", "106115240", "106116370", "106116441", "106118520", "107113200", "107113260", "107113550", "107114780", "107114950", "107116501", "107118120", "107118780", "108113760", "108115070", "108115570", "108115870", "108117360", "108118060", "108118291", "108118301", "108118520", "108119510", "108121410", "109115211", "109116170", "109116750", "109117730", "109118161", "109120621", "110113931", "110114610", "110115140", "110115250", "110115580", "110115890", "110116441", "110118121", "110118740", "111114121", "111114941", "111116100", "111116290", "111116411", "111116530", "111116990", "111117000", "111117200", "111119250", "111119300", "111119430", "111120540", "112116290", "112116501", "112116540", "112116800", "112117471", "112117780", "112117790", "112118161", "112118471", "112118511", "112119930", "112120290", "112120540", "112120630", "113117340", "113117401", "113118111", "113118231", "113118620", "113118820", "113119300", "113119320", "113120260", "113120531", "113121680", "113122150", "113122320"], "labels": [0, 0, 3, 3, 2, 0, 2, 2, 3, 1, 1, 2, 1, 1, 3, 2, 2, 2, 2, 3, 1, 2, 2, 2, 1, 1, 1, 3, 1, 3, 3, 0, 1, 0, 2, 3, 2, 3, 3, 1, 1, 2, 3, 1, 0, 1, 3, 1, 1, 3, 3, 3, 2, 1, 0, 1, 1, 0, 2, 1, 3, 3, 2, 3, 1, 2, 0, 2, 0, 0, 0, 2, 3, 1, 3, 1, 1, 1, 3, 3, 1, 1, 3, 1, 0, 1, 0, 0, 0, 0, 3, 0, 1, 1, 1, 0, 1, 1, 2, 3, 3, 3, 0, 0, 3, 2, 0, 3, 0, 0, 0, 1, 1, 3, 1, 0, 3, 1, 0, 3, 0, 3, 0, 1, 1, 1, 1, 3, 3, 2, 3, 1, 3, 3, 0, 1, 1, 3, 0, 1, 2, 1], "predicted_labels": [0, 1, 1, 1, 3, 3, 1, 1, 3, 0, 0, 3, 1, 3, 1, 2, 3, 1, 2, 2, 1, 1, 1, 2, 3, 1, 1, 3, 3, 2, 3, 0, 0, 0, 1, 0, 2, 3, 3, 1, 3, 1, 1, 1, 1, 1, 1, 3, 1, 0, 3, 2, 1, 3, 0, 1, 3, 1, 0, 2, 2, 1, 1, 1, 1, 3, 0, 1, 0, 1, 1, 1, 3, 0, 3, 0, 2, 1, 1, 0, 3, 1, 0, 0, 1, 0, 0, 3, 2, 1, 2, 1, 3, 1, 2, 3, 3, 2, 1, 0, 0, 3, 1, 3, 3, 1, 0, 3, 1, 1, 3, 2, 3, 0, 0, 3, 3, 1, 1, 0, 1, 0, 3, 2, 3, 3, 2, 2, 0, 1, 3, 3, 3, 0, 0, 1, 0, 3, 1, 3, 2, 2], "confidence_scores": [[0.44826735054937733, 0.2135179151595357, 0.08862417185036119, 0.24959056244072575], [0.26574899241966543, 0.291529526934267, 0.16980458868819784, 0.27291689195786983], [0.10642765124552876, 0.6429974555439018, 0.13988375534697006, 0.11069113786359955], [0.2903788322917963, 0.30104043749836784, 0.2755655421452155, 0.13301518806462032], [0.1545609462936601, 0.19254097048654845, 0.2576604165033398, 0.3952376667164518], [0.26399381007619566, 0.26056736097939504, 0.097476243550199, 0.3779625853942104], [0.2055222952747447, 0.45845795180415244, 0.16696854259840305, 0.16905121032269987], [0.20031352144827755, 0.4890070736682051, 0.10410927505014766, 0.20657012983336984], [0.20118940858871337, 0.17620064725483955, 0.29554994068173573, 0.3270600034747113], [0.36895965191152785, 0.28351605225894966, 0.20733329823750343, 0.14019099759201908], [0.38984112974966806, 0.15915451941669614, 0.28960205615945306, 0.16140229467418277], [0.26618439044439207, 0.2359463207123504, 0.1475503255066942, 0.35031896333656337], [0.13584631970345853, 0.36842824624610193, 0.27867892155426993, 0.2170465124961698], [0.14696381380884463, 0.19354331531632143, 0.2156678101339943, 0.44382506074083966], [0.210252058294443, 0.3736908172304504, 0.12303155635831264, 0.29302556811679403], [0.2018770498365005, 0.20642265714062363, 0.3251464789410196, 0.2665538140818564], [0.2439947482212994, 0.30210753306784316, 0.10939251926454531, 0.34450519944631225], [0.13832536121513045, 0.6754767540845573, 0.08225300965794174, 0.10394487504237052], [0.20401204029642012, 0.3195586145620524, 0.35584496113232733, 0.1205843840092001], [0.24886088926468955, 0.2447521541402829, 0.2856171199769141, 0.2207698366181137], [0.19084545178669893, 0.36229226031965905, 0.19746837354910504, 0.24939391434453695], [0.15738513740624954, 0.2963156236820189, 0.28476252789579365, 0.2615367110159379], [0.202396910505791, 0.38042321645321975, 0.1491332676990789, 0.26804660534191044], [0.23517146686676638, 0.21603497522287649, 0.39398845402196697, 0.15480510388839022], [0.14663112260514916, 0.2302375920876451, 0.2392568500079433, 0.3838744352992624], [0.30423329726592624, 0.3442888800552322, 0.1629337905167731, 0.18854403216206836], [0.2554910124089651, 0.39397605327250357, 0.10615069486157815, 0.24438223945695323], [0.25540120393278737, 0.16607971169257435, 0.17660673944637184, 0.40191234492826644], [0.3172264853691005, 0.16150817191610345, 0.1654175934980431, 0.35584774921675305], [0.2709242338472381, 0.23179199645091048, 0.29926216125742494, 0.19802160844442657], [0.275799667440489, 0.19820479174449132, 0.12535650591617356, 0.4006390348988461], [0.31197624616410846, 0.2837129610518225, 0.20659738905417302, 0.19771340372989607], [0.4715339029363858, 0.21779370748565693, 0.12783264003288358, 0.18283974954507382], [0.36390765894129823, 0.20338912102882817, 0.1807295480592519, 0.2519736719706218], [0.14256764105083714, 0.4034177978394582, 0.24434321669858095, 0.20967134441112362], [0.588247286986546, 0.17002054757857105, 0.11242344436196816, 0.12930872107291483], [0.241918803998487, 0.16655175419448295, 0.3409137014969533, 0.2506157403100768], [0.24013074281879734, 0.30979776969745776, 0.11301681813713614, 0.33705466934660877], [0.23941814249993149, 0.15843178092531707, 0.2673597325716403, 0.3347903440031112], [0.2091336917736895, 0.3354378283498078, 0.17005428070655373, 0.2853741991699491], [0.2370490218186187, 0.26122102030978595, 0.07412949120732397, 0.42760046666427126], [0.21969527889328408, 0.40084913861201504, 0.2375817016877381, 0.14187388080696306], [0.15345898924406212, 0.4407833975608897, 0.19126572327052468, 0.2144918899245235], [0.07411624653300425, 0.7430853799846532, 0.07078237082861043, 0.11201600265373218], [0.16278420346107358, 0.393794528566284, 0.18921052023721438, 0.2542107477354282], [0.1772280141389291, 0.3555959262688758, 0.2200336759861532, 0.24714238360604207], [0.24125207419450817, 0.35884339018354966, 0.15042036642723391, 0.2494841691947083], [0.18744556357441608, 0.29864399233202904, 0.18379165537216596, 0.33011878872138894], [0.18037109464602927, 0.33436629058650075, 0.25721114599500433, 0.22805146877246557], [0.34121618190605174, 0.2987471488241139, 0.13956449280094915, 0.2204721764688853], [0.15007486077610646, 0.30779632715215033, 0.10892451424341165, 0.43320429782833153], [0.17504414974294683, 0.14692642876663445, 0.4636469772297523, 0.2143824442606664], [0.19170421253515238, 0.4745377363884531, 0.18165612215554966, 0.15210192892084498], [0.18675011551082632, 0.16718989822888783, 0.1723804671246533, 0.47367951913563255], [0.4423782012240771, 0.3560598331532842, 0.08000110882858598, 0.12156085679405283], [0.2727416234221584, 0.33583991571414096, 0.19492509137043348, 0.19649336949326723], [0.25580015018492197, 0.21128322261388355, 0.21189428998573676, 0.32102233721545775], [0.16692069500104992, 0.4518865164869396, 0.15734314213183714, 0.22384964638017338], [0.49143536078473143, 0.2118218874095929, 0.09805499704089486, 0.19868775476478095], [0.21941882159868836, 0.311192499174978, 0.3139605393041104, 0.1554281399222234], [0.22155884810457066, 0.2749626279922916, 0.2864943871478984, 0.21698413675523934], [0.21578719979325794, 0.3433155661799505, 0.12202207178753861, 0.31887516223925305], [0.18075879452925936, 0.33433241658474006, 0.2689065935658579, 0.2160021953201427], [0.17662461813057112, 0.33483087580347726, 0.22156351769635835, 0.2669809883695934], [0.1760209669181318, 0.3910019380423529, 0.18388835313701526, 0.24908874190250002], [0.24667517357646024, 0.16995737365759211, 0.21512381660403584, 0.36824363616191186], [0.3446194266972045, 0.2255119794605683, 0.17089998871004505, 0.25896860513218206], [0.19098242212409258, 0.37058454589915935, 0.21233243387899006, 0.22610059809775815], [0.504657373237785, 0.2638311573452542, 0.1067662561961555, 0.12474521322080533], [0.22789021698255846, 0.31143799290592095, 0.2655833941879629, 0.19508839592355767], [0.17418751373492594, 0.3064284227906412, 0.2941693370368841, 0.2252147264375488], [0.2131699783289998, 0.3483986028319618, 0.22093474873641047, 0.21749667010262808], [0.20186503655225613, 0.23555873680109973, 0.16091643137758935, 0.4016597952690548], [0.31322330796992387, 0.24306572179248404, 0.19562808550776759, 0.24808288472982473], [0.20724827018887254, 0.2108793270284729, 0.16626685492113902, 0.41560554786151543], [0.3021128224816861, 0.24657632029669255, 0.18866288965423852, 0.26264796756738296], [0.21655073511201825, 0.27679347494486817, 0.3458494965258862, 0.16080629341722724], [0.17835332856175742, 0.5041204471679306, 0.15890600998861246, 0.15862021428169956], [0.1480858565402363, 0.46805060475312443, 0.17238946725477075, 0.21147407145186864], [0.3472334736509358, 0.24801801244881366, 0.10901375735184962, 0.295734756548401], [0.1592010819086939, 0.16606998373886722, 0.30409844968807004, 0.37063048466436893], [0.21813983995029343, 0.3295001169920177, 0.19203610603951599, 0.260323937018173], [0.5701244744909357, 0.14500965124965223, 0.10459963528589065, 0.18026623897352134], [0.3164474977715366, 0.2514659879737533, 0.1887606486075629, 0.24332586564714734], [0.20301309687054536, 0.35475249930051866, 0.2196498818526464, 0.22258452197628983], [0.34202613949412297, 0.30496602470807976, 0.14323170622050552, 0.20977612957729164], [0.40141022849244373, 0.26247792345092624, 0.15275736043591437, 0.18335448762071552], [0.1824717258944068, 0.3148876655962826, 0.11133127967092597, 0.3913093288383846], [0.1849550687297065, 0.2518850274364698, 0.36251841183339173, 0.20064149200043221], [0.2760113711577024, 0.41888934707407616, 0.13268693167160067, 0.17241235009662081], [0.19429268296217378, 0.21579423941044873, 0.39762471455390097, 0.19228836307347652], [0.3195985265055426, 0.44294671674914154, 0.0819628131231786, 0.15549194362213725], [0.2973930708004677, 0.17865184796276892, 0.1932051440547844, 0.33074993718197904], [0.20593595777599502, 0.3957097581513416, 0.12473576341152019, 0.27361852066114334], [0.20004672565450035, 0.22165685677631325, 0.3115371528996816, 0.2667592646695048], [0.18548652745605562, 0.2605640564008398, 0.25676542825687637, 0.29718398788622824], [0.21621596170728283, 0.21404474292966003, 0.16022508095167304, 0.40951421441138414], [0.18100499274932025, 0.15820125616287883, 0.34096758262115956, 0.3198261684666414], [0.19041669298389996, 0.38412883602438547, 0.11828561707269462, 0.30716885391901994], [0.30580937945603237, 0.24018371150347467, 0.20532444591411902, 0.24868246312637401], [0.49984440444757566, 0.21613126519374587, 0.08212065160920663, 0.20190367874947207], [0.2941673617855379, 0.19940931180610572, 0.20100995119022944, 0.305413375218127], [0.3105080292783681, 0.4195145787189694, 0.06467635998331107, 0.2053010320193513], [0.18188397163783418, 0.25783329544622624, 0.14945008907287552, 0.4108326438430641], [0.25839681758633487, 0.22378920778402195, 0.11231188232864904, 0.40550209230099427], [0.1728248714811518, 0.3640683656754749, 0.28104020713511685, 0.18206655570825667], [0.37692314073014344, 0.21103790192510688, 0.1016699928238632, 0.3103689645208866], [0.23389218462669265, 0.2375764449460019, 0.24103535041946014, 0.2874960200078454], [0.2454991640788505, 0.33370396878452024, 0.2425723661837773, 0.17822450095285214], [0.17592291347708378, 0.3986152065261322, 0.1627103422175673, 0.2627515377792168], [0.1330920091854089, 0.25979363634894714, 0.28686113956302717, 0.3202532149026169], [0.17060895957680602, 0.19262314329718805, 0.3384986806601507, 0.298269216465855], [0.23336694958617527, 0.22210806099169625, 0.11075489871371452, 0.43377009070841405], [0.3106581501952353, 0.23753355842436874, 0.21301765141042586, 0.23879063996997021], [0.32230772262688734, 0.267653849218932, 0.19587903871006002, 0.21415938944412075], [0.3176297324869535, 0.23424356883936115, 0.045547542316521965, 0.4025791563571635], [0.2738368346043075, 0.2707972185867496, 0.1098528962308197, 0.3455130505781232], [0.21237937286737976, 0.451644414494338, 0.13351601406400979, 0.20246019857427247], [0.18192698013826525, 0.3081839027585317, 0.2518698728083928, 0.25801924429481027], [0.5723988711053959, 0.17079683631135617, 0.07813470519096478, 0.17866958739228334], [0.18844564943959455, 0.35722591036992085, 0.134065502409896, 0.3202629377805885], [0.3029006665351786, 0.22030771976351904, 0.2204511379721717, 0.2563404757291307], [0.25669633041590123, 0.20241000989193225, 0.11989023392441055, 0.4210034257677559], [0.17819338340807905, 0.2667209796889956, 0.3592566793988291, 0.1958289575040963], [0.1783617927331582, 0.17262584125896674, 0.23083988420881155, 0.4181724817990635], [0.23560551607019942, 0.26916556343653036, 0.19789703731638922, 0.2973318831768809], [0.2768225342138747, 0.27437265950986073, 0.2791425936802355, 0.169662212596029], [0.11367167199070384, 0.18835398579735316, 0.5479804120978303, 0.1499939301141127], [0.572767702706937, 0.1341185299792334, 0.1127939630269636, 0.18031980428686592], [0.2265913521734305, 0.3444178920072103, 0.12885887562649603, 0.30013188019286335], [0.14332702837692163, 0.3278476108084487, 0.14159225566716957, 0.38723310514746], [0.30568328548318957, 0.2627319226589236, 0.11769354674321326, 0.3138912451146734], [0.16988742848232619, 0.2248162610542519, 0.20580982950398716, 0.3994864809594348], [0.31985251700058415, 0.27049817455039205, 0.164394148667128, 0.24525515978189572], [0.541764280585691, 0.20979367436402968, 0.09205967359884676, 0.15638237145143263], [0.08833253249532826, 0.4449652353525641, 0.1992609136640675, 0.26744131848804004], [0.32192343300174875, 0.29080948321043765, 0.09959841688469007, 0.28766866690312354], [0.3097291128731316, 0.15013071980131532, 0.2284537426561025, 0.3116864246694506], [0.2621317071546206, 0.4379156557699279, 0.08571479653169799, 0.21423784054375355], [0.11876964323162373, 0.34506898812396225, 0.11632198299311296, 0.4198393856513011], [0.15166833202862556, 0.13141944015672083, 0.5252005046140563, 0.19171172320059723], [0.25966210739062134, 0.17534216058625957, 0.36688080685144275, 0.1981149251716764]]}}