{"test": {"ids": ["99112300", "102113350", "112118421", "106114880", "111116110", "100113370", "100120010", "112118550", "108113480", "97113900", "112121351", "106112770", "108115870", "113121010", "107113840", "109117271", "98110230", "108121190", "99109780", "99108520", "104111380", "110120190", "106121220", "106118820", "105110251", "113117630", "97116500", "112118701", "113120601", "110118121", "99107660", "102109850", "99113260", "112117571", "109114270", "107114950", "108121351", "106121190", "103117200", "110114720", "113122320", "100112060", "98116090", "103111930", "109118231", "104112201", "105116090", "109120150", "110115120", "99109161", "113119300", "107118120", "113119950", "105119550", "103113640", "102116340", "104113380", "101114990", "111120540", "101111140", "112120270", "104113210", "105116441", "110118181", "111114121", "101112540", "102121440", "108118520", "111119610", "101114020", "113121220", "111119580", "108118060", "112116290", "106116370", "107113130", "108114200", "97116790", "103113101", "102113210", "113118620", "110121720", "98106680", "107121540", "102110750", "99117630", "112118810", "111116010", "110120640", "97105580", "110114651", "110115580", "105115570", "106116850", "107119950", "112120290", "99108460", "98106111", "108114270", "112120630", "103111540", "101117580", "104111880", "110118880", "109113881", "111117571", "97107950", "111116100", "108114180", "113119450", "111116411", "113121190", "106116441", "113122170", "108115570", "108120280", "113120260", "101111990", "113120640", "102117351", "112116610", "107118780", "111114941", "99120010", "103120290", "112121010", "102114270", "98116500", "98109311", "110121500", "105114220", "110117110", "99108710", "97114170", "97107821", "112120640", "105117200", "113119120", "107116300", "111116290", "111116530", "111120280"], "labels": [0, 3, 3, 0, 3, 3, 0, 3, 0, 2, 0, 1, 3, 2, 3, 0, 3, 1, 2, 2, 3, 3, 1, 3, 0, 0, 2, 0, 2, 3, 3, 1, 0, 3, 3, 3, 3, 2, 0, 3, 1, 2, 0, 3, 1, 0, 1, 2, 0, 3, 1, 3, 0, 1, 1, 3, 1, 3, 1, 2, 0, 3, 1, 1, 0, 2, 2, 0, 2, 3, 3, 3, 1, 0, 2, 1, 0, 2, 3, 3, 3, 3, 1, 2, 1, 3, 3, 1, 0, 1, 3, 1, 0, 3, 3, 1, 0, 0, 3, 3, 1, 3, 3, 0, 0, 3, 2, 3, 1, 3, 0, 1, 0, 1, 3, 3, 3, 2, 0, 1, 1, 1, 0, 2, 2, 2, 3, 2, 1, 3, 3, 0, 2, 2, 2, 0, 3, 3, 0, 2, 3, 0], "predicted_labels": [1, 1, 1, 1, 0, 1, 1, 3, 1, 1, 3, 1, 1, 1, 1, 3, 0, 0, 1, 1, 1, 1, 1, 1, 3, 1, 1, 3, 1, 1, 3, 1, 1, 1, 3, 0, 1, 1, 1, 1, 0, 1, 3, 1, 1, 0, 1, 1, 1, 0, 3, 1, 0, 1, 0, 1, 3, 1, 1, 1, 1, 0, 1, 3, 1, 3, 3, 0, 1, 3, 1, 1, 3, 1, 0, 1, 0, 1, 1, 0, 1, 3, 1, 1, 1, 3, 1, 1, 1, 0, 3, 1, 1, 1, 1, 1, 0, 1, 3, 3, 0, 1, 3, 3, 0, 0, 1, 0, 3, 0, 0, 1, 1, 1, 1, 0, 1, 1, 1, 0, 1, 0, 3, 1, 1, 3, 1, 1, 0, 1, 1, 1, 1, 1, 0, 1, 1, 3, 0, 0, 1, 3], "confidence_scores": [[0.22002525252525248, 0.32953210678210687, 0.21296484071484073, 0.23747779997779997], [0.26953058746808767, 0.3070564990564991, 0.19713403263403267, 0.2262788808413809], [0.26873731823731817, 0.312408855033855, 0.1278223304473304, 0.2910314962814964], [0.26825659063159074, 0.33519282106782106, 0.15041937229437233, 0.24613121600621607], [0.2916477133977134, 0.24560833610833607, 0.18381980519480526, 0.27892414529914533], [0.20625316350316358, 0.316626887001887, 0.20454686571598338, 0.2725730837789661], [0.18790277777777778, 0.3434911061161061, 0.2036788073038073, 0.2649273088023088], [0.23233830058830054, 0.27004033466533467, 0.18679915223665225, 0.31082221250971265], [0.26346735209235217, 0.3062231240981241, 0.20015313852813862, 0.23015638528138527], [0.23073652736152742, 0.3099362720612723, 0.1986311327561328, 0.2606960678210679], [0.2357446442446443, 0.28211466311466316, 0.19857792207792216, 0.2835627705627706], [0.19989597902097903, 0.2947429514929515, 0.24033603896103903, 0.26502503052503046], [0.2542080835830836, 0.31130844155844145, 0.1936168831168832, 0.2408665917415918], [0.23296663059163067, 0.32857815795315803, 0.19359415584415582, 0.24486105561105564], [0.26028192640692643, 0.3369803391053391, 0.18393596681096683, 0.21880176767676776], [0.2286008297258298, 0.2747916666666666, 0.17287815656565655, 0.323729347041847], [0.29899621212121213, 0.22756186868686865, 0.1966950043420632, 0.2767469148498561], [0.29967095404595406, 0.26191158841158846, 0.19330193417693423, 0.2451155233655234], [0.23936502386502378, 0.3173752097575627, 0.227923436041083, 0.21533633033633023], [0.24509602897102906, 0.28973604173604184, 0.26510804473304467, 0.20005988455988458], [0.25057395382395387, 0.26046049783549785, 0.2516794733044732, 0.23728607503607513], [0.2822817460317461, 0.3003365800865802, 0.1344031385281385, 0.28297853535353545], [0.288510767010767, 0.3385795454545455, 0.1700434704184704, 0.20286621711621725], [0.18420562770562768, 0.30195322732822744, 0.21424603174603182, 0.2995951132201132], [0.19898760961260958, 0.2908293650793651, 0.219119227994228, 0.29106379731379733], [0.20452736152736142, 0.32212752525252525, 0.21892748917748922, 0.2544176240426241], [0.26331379731379745, 0.2730321622821622, 0.20843987956487958, 0.2552141608391609], [0.22746323121323125, 0.2479682400932401, 0.15718470418470415, 0.3673838245088246], [0.25444814213564226, 0.30639069264069274, 0.16589589169000937, 0.27326527353365593], [0.27398296148296153, 0.3395904928404929, 0.17264825452325452, 0.21377829115329117], [0.22137549950049948, 0.26294802419802427, 0.24301642801642803, 0.27266004828504836], [0.24925872738372734, 0.3458459595959597, 0.203279872904873, 0.20161544011544005], [0.2523340548340549, 0.2825474386724386, 0.22554996392496393, 0.2395685425685427], [0.2786985098235099, 0.2815363109113111, 0.16515723165723167, 0.2746079476079475], [0.2252619325119326, 0.24965395715395716, 0.2048567821067821, 0.3202273282273282], [0.30174476911976916, 0.24686278998779, 0.17575288600288602, 0.27563955488955494], [0.23143166555666553, 0.3058277417027417, 0.1786461038961039, 0.284094488844489], [0.1754642857142857, 0.321779761904762, 0.257333152958153, 0.2454227994227994], [0.2759593462093461, 0.3048296564546565, 0.14912190587190582, 0.27008909146409155], [0.22805808080808085, 0.34718500943500935, 0.2070822510822511, 0.21767465867465863], [0.30868204018204026, 0.28366515429015426, 0.16252777777777772, 0.24512502775002779], [0.26097449772449777, 0.3197781573002161, 0.21525097125097123, 0.20399637372431492], [0.24029892411510065, 0.26250400498194626, 0.21039159451659448, 0.2868054763863588], [0.23855389749139744, 0.3162967934842935, 0.18016053391053394, 0.26498877511377505], [0.23496214896214906, 0.37784262959262976, 0.15522835497835494, 0.23196686646686648], [0.34106727994228003, 0.24244540182040178, 0.13263551726051725, 0.28385180097680096], [0.25992682317682325, 0.27466396103896096, 0.1960264041514041, 0.26938281163281175], [0.24526225163725163, 0.28025761738261745, 0.21996610334110336, 0.25451402763902764], [0.28607159303115187, 0.2958205266955266, 0.1489121572871573, 0.2691957229861641], [0.29569678932178933, 0.2806620185370186, 0.20800531413031423, 0.21563587801087802], [0.28296861471861484, 0.2686443417693418, 0.15924512987012981, 0.2891419136419138], [0.2604992507492508, 0.2898685619935619, 0.19244526307026308, 0.25718692418692424], [0.3848859473859475, 0.23045231157731158, 0.14560918248418245, 0.2390525585525585], [0.25470779710485586, 0.33081475468975485, 0.16525396825396826, 0.24922347995142108], [0.29286331805449456, 0.26323431633725763, 0.17604623154623156, 0.26785613406201647], [0.24314026251526247, 0.298679292929293, 0.21800237956487958, 0.24017806499056493], [0.2339747474747475, 0.281328823953824, 0.1994132395382395, 0.28528318903318917], [0.20135198135198137, 0.36012096237096247, 0.18113194444444447, 0.25739511183261193], [0.22817932067932067, 0.3595835553335553, 0.1634698773448773, 0.24876724664224667], [0.24790805028305024, 0.2776298701298702, 0.23909659784659784, 0.23536548174048166], [0.272062715062715, 0.2867836052836053, 0.2094702380952382, 0.2316834415584416], [0.29568686868686883, 0.27454103004838293, 0.1760895060821531, 0.2536825951825951], [0.22633730158730156, 0.3178901515151516, 0.20971879509379512, 0.24605375180375177], [0.2593377386502387, 0.2976104034854036, 0.12981024531024532, 0.31324161255411254], [0.25081565656565663, 0.38166570929070937, 0.11325054112554112, 0.2542680930180931], [0.27145879202496853, 0.23835867808661926, 0.16933585858585856, 0.3208466713025537], [0.21680411255411258, 0.2787033522033524, 0.1852685647685648, 0.3192239704739705], [0.2990914502164502, 0.2955142496392497, 0.19091594516594515, 0.21447835497835502], [0.21561621711621715, 0.3177086940836941, 0.2091519452769454, 0.2575231435231436], [0.24791676379176375, 0.27636530136530146, 0.1893060273060273, 0.28641190753690754], [0.2078167388167389, 0.3065421731046731, 0.19599639249639245, 0.28964469558219574], [0.24959721324427211, 0.30675778388278385, 0.1970055916305916, 0.24663941124235247], [0.29254899267399276, 0.24109226884226886, 0.16025971250971252, 0.30609902597402605], [0.2656112914862916, 0.3213250360750361, 0.1744728882228882, 0.23859078421578425], [0.32292063492063483, 0.22176578976578987, 0.19753607503607504, 0.2577775002775002], [0.2771012182262182, 0.3085353396603396, 0.21247330447330456, 0.2018901376401377], [0.31103120490620495, 0.2835245310245312, 0.1571787518037518, 0.24826551226551227], [0.22871675546675543, 0.3314578685203687, 0.19369676157176163, 0.24612861444111445], [0.2477339466089466, 0.29515233377733385, 0.20721768998974885, 0.24989602962397076], [0.3225800865800867, 0.25757431457431457, 0.16368948412698409, 0.2561561147186148], [0.2527543290043291, 0.29527431065666365, 0.19780572042336747, 0.25416563991563984], [0.24850750638250638, 0.27553001165501173, 0.1945855672105672, 0.2813769147519148], [0.23680307274424928, 0.2844357121636534, 0.2538160173160172, 0.22494519777608019], [0.21066949716949715, 0.30084962259962256, 0.22037896825396824, 0.268101911976912], [0.2239019452769453, 0.35590120990120994, 0.20331006493506493, 0.2168867798867799], [0.24202365689865687, 0.25252380952380965, 0.23154166666666673, 0.2739108669108671], [0.21593668831168839, 0.30706764069264075, 0.21593986568986573, 0.2610558053058053], [0.20718524531024524, 0.31741738816738824, 0.23144200937950943, 0.24395535714285704], [0.2120309967809968, 0.32489550727050726, 0.23714590964590965, 0.22592758630258636], [0.29736417748917743, 0.292913961038961, 0.20861002886002897, 0.20111183261183257], [0.23883026695526696, 0.2915992618492618, 0.1499776473526473, 0.31959282384282384], [0.2515734126984127, 0.2747721167721168, 0.234183621933622, 0.23947084859584858], [0.27682575757575756, 0.2864765512265512, 0.20771699134199129, 0.22898069985569983], [0.23619412531912537, 0.3347798174048174, 0.189211926961927, 0.23981413031413037], [0.22682647907647904, 0.3487563131313132, 0.18143127705627704, 0.24298593073593072], [0.28960414585414584, 0.312916416916417, 0.21119029581529586, 0.18628914141414143], [0.284111575924076, 0.2569576118326119, 0.19354668248418258, 0.2653841297591299], [0.23818777056277063, 0.3200758424581956, 0.171245044987692, 0.27049134199134195], [0.28954100066600075, 0.24608982683982686, 0.1354306665556665, 0.32893850593850593], [0.20574296536796538, 0.28604455266955264, 0.20959199134199127, 0.2986204906204907], [0.2958044733044733, 0.266581696081696, 0.18108212620712621, 0.2565317044067044], [0.28314276695526697, 0.2934002525252526, 0.17941720779220788, 0.24403977272727276], [0.19889898989898977, 0.26419444444444445, 0.23072402597402597, 0.3061825396825396], [0.27235961260961256, 0.270143883893884, 0.1578291847041847, 0.29966731879231884], [0.32785551948051944, 0.2940073953823954, 0.1380768398268398, 0.24006024531024533], [0.31130715118215124, 0.2715599123099122, 0.1627644438894439, 0.2543684926184927], [0.18380189255189255, 0.33856381118881124, 0.23224157786657781, 0.24539271839271845], [0.3157234154734154, 0.2609628427128428, 0.1726061299811299, 0.250707611832612], [0.24665993728493724, 0.25299558774558784, 0.17035869685869687, 0.32998577811077817], [0.3050301226551226, 0.26230386280386275, 0.18588167388167387, 0.24678434065934074], [0.30451760739260736, 0.2625056471306473, 0.14633280608280608, 0.28664393939393945], [0.24796596459096462, 0.3253863636363636, 0.17863708513708518, 0.24801058663558673], [0.25196486846486843, 0.3360625763125764, 0.1778910256410256, 0.23408152958152953], [0.15184181096681093, 0.34219810744810736, 0.24038268675768673, 0.2655773948273949], [0.26945454545454556, 0.30399801587301595, 0.18163654401154403, 0.24491089466089466], [0.33253044871794885, 0.210589362026862, 0.15454148629148623, 0.30233870296370297], [0.2808564213564214, 0.3010339105339106, 0.19277940115440115, 0.22533026695526698], [0.21531142468642472, 0.35134049284049296, 0.17585714285714282, 0.25749093961593966], [0.23515656565656579, 0.3024211760461761, 0.21489303751803743, 0.24752922077922077], [0.3041289682539683, 0.2842123015873016, 0.15390216727716724, 0.2577565628815628], [0.2301144133644134, 0.3442921522921523, 0.15830772005772004, 0.26728571428571424], [0.3018244541406306, 0.21908822631616753, 0.19759698634698633, 0.2814903331962156], [0.2578372460872461, 0.2753828116328117, 0.17425577200577197, 0.2925241702741703], [0.2627363469863469, 0.3037206682206682, 0.20680609668109665, 0.22673688811188825], [0.24961525974025978, 0.27113455988456, 0.21130826118326118, 0.2679419191919193], [0.2626310078810079, 0.28123008935508936, 0.15123433510933507, 0.30490456765456764], [0.26068903318903314, 0.2996212121212122, 0.16688564213564214, 0.27280411255411263], [0.2241978715728716, 0.3135016233766233, 0.18414520202020201, 0.2781553030303031], [0.3252041985791985, 0.2445532106782107, 0.1612107198357198, 0.269031870906871], [0.27702904040404047, 0.3470719696969697, 0.13096230158730157, 0.24493668831168836], [0.2338445165945166, 0.3249073842823844, 0.2042047397047397, 0.23704335941835938], [0.19601465201465204, 0.2960787545787545, 0.2713099816849816, 0.23659661172161178], [0.20042186979686974, 0.335750888000888, 0.17165764790764781, 0.2921695942945943], [0.1781589174714174, 0.3005418470418471, 0.27368957431457436, 0.2476096611721611], [0.33529834054834057, 0.3068385642135644, 0.1463950216450216, 0.21146807359307362], [0.249843142968143, 0.31091973998224, 0.20017091935841935, 0.23906619769119763], [0.24174801587301584, 0.28595256132756136, 0.2330921717171717, 0.2392072510822511], [0.232887445887446, 0.25371169108669117, 0.18609355921855922, 0.32730730380730383], [0.2987474608724609, 0.2777654983904984, 0.17189482739482742, 0.2515922133422133], [0.27493281024531024, 0.2512487373737375, 0.21757624320124322, 0.2562422091797092], [0.26979617604617606, 0.3502181290931292, 0.150541736041736, 0.22944395881895882], [0.20798827561327568, 0.2953982683982684, 0.13993272005772003, 0.356680735930736]]}, "rewritten": {"ids": ["97105580", "97107821", "97107950", "97113900", "97114170", "97116500", "97116790", "98106111", "98106680", "98109311", "98110230", "98116090", "98116500", "99107660", "99108460", "99108520", "99108710", "99109161", "99109780", "99112300", "99113260", "99117630", "99120010", "100112060", "100113370", "100120010", "101111140", "101111990", "101112540", "101114020", "101114990", "101117580", "102109850", "102110750", "102113210", "102113350", "102114270", "102116340", "102117351", "102121440", "103111540", "103111930", "103113101", "103113640", "103117200", "103120290", "104111380", "104111880", "104112201", "104113210", "104113380", "105110251", "105114220", "105115570", "105116090", "105116441", "105117200", "105119550", "106112770", "106114880", "106116370", "106116441", "106116850", "106118820", "106121190", "106121220", "107113130", "107113840", "107114950", "107116300", "107118120", "107118780", "107119950", "107121540", "108113480", "108114180", "108114200", "108114270", "108115570", "108115870", "108118060", "108118520", "108120280", "108121190", "108121351", "109113881", "109114270", "109117271", "109118231", "109120150", "110114651", "110114720", "110115120", "110115580", "110117110", "110118121", "110118181", "110118880", "110120190", "110120640", "110121500", "110121720", "111114121", "111114941", "111116010", "111116100", "111116110", "111116290", "111116411", "111116530", "111117571", "111119580", "111119610", "111120280", "111120540", "112116290", "112116610", "112117571", "112118421", "112118550", "112118701", "112118810", "112120270", "112120290", "112120630", "112120640", "112121010", "112121351", "113117630", "113118620", "113119120", "113119300", "113119450", "113119950", "113120260", "113120601", "113120640", "113121010", "113121190", "113121220", "113122170", "113122320"], "labels": [1, 2, 2, 2, 2, 2, 2, 0, 1, 1, 3, 0, 2, 3, 0, 2, 2, 3, 2, 0, 0, 3, 2, 2, 3, 0, 2, 2, 2, 3, 3, 3, 1, 1, 3, 3, 3, 3, 1, 2, 1, 3, 3, 1, 0, 2, 3, 3, 0, 3, 1, 0, 3, 0, 1, 1, 3, 1, 1, 0, 2, 0, 3, 3, 2, 1, 1, 3, 3, 0, 3, 1, 3, 2, 0, 1, 0, 3, 3, 3, 1, 0, 3, 1, 3, 0, 3, 0, 1, 2, 3, 3, 0, 1, 0, 3, 1, 0, 3, 0, 3, 3, 0, 0, 1, 3, 3, 2, 0, 3, 3, 3, 2, 0, 1, 0, 1, 3, 3, 3, 0, 3, 0, 1, 3, 0, 2, 0, 0, 3, 3, 1, 3, 0, 3, 2, 0, 2, 1, 3, 1, 1], "predicted_labels": [1, 1, 1, 1, 1, 2, 1, 1, 1, 0, 3, 3, 1, 3, 3, 1, 1, 0, 1, 1, 0, 1, 1, 1, 1, 1, 0, 1, 3, 3, 1, 0, 1, 1, 1, 1, 1, 1, 1, 1, 1, 1, 1, 0, 0, 1, 1, 3, 3, 0, 1, 0, 1, 1, 1, 1, 1, 0, 1, 1, 0, 1, 1, 3, 1, 1, 3, 1, 0, 0, 1, 0, 1, 1, 1, 3, 1, 3, 3, 1, 1, 0, 0, 1, 3, 1, 1, 1, 1, 1, 3, 1, 1, 1, 1, 0, 1, 3, 1, 1, 0, 3, 1, 1, 1, 3, 3, 1, 0, 1, 0, 1, 1, 1, 1, 1, 1, 3, 3, 0, 1, 1, 1, 0, 1, 1, 3, 1, 1, 1, 3, 3, 0, 0, 3, 1, 1, 1, 1, 3, 1, 1], "confidence_scores": [[0.2945033855033855, 0.2959574522699522, 0.19482842851592852, 0.21471073371073374], [0.2634770923520924, 0.33075847763347777, 0.1652909451659451, 0.2404734848484848], [0.19258229352347, 0.34817898278192416, 0.18408225108225104, 0.2751564726123551], [0.19682106782106787, 0.3091041666666668, 0.21253210678210674, 0.2815426587301587], [0.20228094128094123, 0.2831297452547454, 0.25190033577533577, 0.26268897768897775], [0.256737914862915, 0.2549499458874459, 0.2611671522921523, 0.22714498695748694], [0.2573394660894661, 0.295136453823954, 0.19712788600288597, 0.25039619408369407], [0.23149747474747479, 0.31216648629148636, 0.21450739538239547, 0.24182864357864356], [0.1997951778613544, 0.32134891007685135, 0.25100430125430123, 0.2278516108074932], [0.27907378732378735, 0.26957665945165943, 0.1901476578976579, 0.26120189532689525], [0.25538922188922186, 0.2651773226773227, 0.21178787878787883, 0.26764557664557675], [0.24217063492063495, 0.273362678987679, 0.18863546176046178, 0.2958312243312243], [0.22287540319157967, 0.28940457663251773, 0.20974152236652238, 0.2779784978093802], [0.25033448495948496, 0.2393451548451549, 0.2549183039183039, 0.2554020562770562], [0.2055399184149185, 0.28588510101010106, 0.18291594516594514, 0.32565903540903535], [0.24803424353424355, 0.27892504717504724, 0.2469180819180819, 0.2261226273726274], [0.22914728327228331, 0.3407691752691754, 0.14215100177600176, 0.2879325396825397], [0.3138320707070707, 0.2538708513708514, 0.21275270562770565, 0.21954437229437235], [0.23418344155844165, 0.3031179653679654, 0.21120851370851368, 0.25149007936507944], [0.22443650793650793, 0.33928722666222677, 0.21926191863691857, 0.21701434676434683], [0.2803538961038962, 0.2669363275613275, 0.22142297979797976, 0.23128679653679649], [0.24299046786546788, 0.2908300865800867, 0.18922673160173162, 0.27695271395271404], [0.2737732822732823, 0.29545093795093796, 0.18574109224109223, 0.24503468753468755], [0.2704355366855367, 0.31419256927712824, 0.23104375485625492, 0.18432813918108035], [0.22064237845487852, 0.30755666555666566, 0.23479473304473306, 0.237006222943723], [0.16029775086025083, 0.3359972943722944, 0.2366653207903208, 0.26703963397713393], [0.29682670107670106, 0.2581138167388168, 0.24041874791874795, 0.2046407342657343], [0.1493966866466866, 0.35365061327561337, 0.19652751415251418, 0.300425185925186], [0.24767686561804214, 0.26146401719195833, 0.2006621572871573, 0.2901969599028423], [0.24488852813852818, 0.2940625, 0.1609772727272727, 0.30007169913419923], [0.20145400432900437, 0.32032720057720054, 0.2075874611499611, 0.2706313339438341], [0.31836237373737386, 0.3001053391053392, 0.17501028138528138, 0.20652200577200575], [0.2243921356421357, 0.30423881673881664, 0.23298665223665221, 0.23838239538239545], [0.2205208125208125, 0.3255866355866356, 0.2138338744588745, 0.24005867743367745], [0.26191555666555677, 0.3038717532467533, 0.17010337579087575, 0.26410931429681433], [0.2614130244755246, 0.29676842193753966, 0.24396388333888336, 0.19785467024805264], [0.3036313547563547, 0.31617205017205025, 0.14319985569985566, 0.23699673937173935], [0.20680790043290043, 0.34157124819624834, 0.20024630230880233, 0.25137454906204904], [0.23122835497835495, 0.3198950216450217, 0.17182099844599846, 0.27705562493062486], [0.2220370324120324, 0.30292508880008895, 0.20297023809523812, 0.2720676406926407], [0.24148647267764925, 0.3347714458743872, 0.17514374514374512, 0.24859833630421868], [0.24150149850149852, 0.402189740814741, 0.15401984126984122, 0.20228891941391935], [0.248986333111333, 0.31613311688311696, 0.18769706682206685, 0.24718348318348327], [0.28616264291264304, 0.25216047841047834, 0.18252548840048838, 0.2791513902763903], [0.28391208791208805, 0.2808603202353202, 0.19613922188922184, 0.23908836996337002], [0.22136976911976913, 0.34457137307137325, 0.19534140859140867, 0.23871744921744922], [0.24921663059163054, 0.29123755411255403, 0.2557997835497836, 0.2037460317460318], [0.2158223304473304, 0.25676190476190486, 0.20734650072150063, 0.32006926406926406], [0.28827940115440115, 0.27854849317349323, 0.14361377511377507, 0.2895583305583306], [0.26892112054612055, 0.24308287709023005, 0.22158889558154266, 0.26640710678210683], [0.24298032523032528, 0.30157750582750587, 0.20426125263625255, 0.2511809163059164], [0.289811618936619, 0.27849138361638365, 0.17525882450882446, 0.25643817293817295], [0.2868017676767676, 0.30999873737373745, 0.19272963147963146, 0.2104698634698635], [0.2864505772005771, 0.2936117424242425, 0.19528986291486294, 0.2246478174603176], [0.27242135642135645, 0.2817380952380953, 0.17527507215007213, 0.2705654761904762], [0.20207828282828286, 0.3398343600843601, 0.18459487734487734, 0.2734924797424798], [0.21910930735930742, 0.33081746031746034, 0.22526533189033188, 0.22480790043290047], [0.29819098956598955, 0.2836686507936508, 0.15404176379176376, 0.2640985958485959], [0.2369906204906205, 0.27185732323232314, 0.26203823953823957, 0.22911381673881684], [0.269090367965368, 0.3168329725829726, 0.20122041847041852, 0.2128562409812411], [0.3247532467532468, 0.22655663780663793, 0.18443333055833055, 0.2642567848817849], [0.27773286435786426, 0.32789375901875906, 0.1634487734487734, 0.23092460317460323], [0.22961913086913083, 0.3650188700188698, 0.19934702797202797, 0.20601497113997116], [0.20492045454545454, 0.2917887251637252, 0.17881619769119772, 0.3244746225996227], [0.18196595071595076, 0.30095039682539687, 0.26867812742812736, 0.24840552503052504], [0.1965211038961039, 0.36682377344877326, 0.15630321067821062, 0.280351911976912], [0.2604036519036519, 0.2622424658674659, 0.2141871184371184, 0.26316676379176385], [0.28677489177489185, 0.3049267676767677, 0.2018636363636364, 0.20643470418470422], [0.31732301726051726, 0.21672402597402587, 0.18085567904317906, 0.28509727772227783], [0.2910955988455989, 0.24317947330447331, 0.21116071428571434, 0.2545642135642135], [0.19650231712731706, 0.3274736235986236, 0.22785891885891893, 0.2481651404151404], [0.3430967374129139, 0.25162370472664597, 0.13650485625485625, 0.268774701605584], [0.22150324675324679, 0.3299049422799423, 0.21683598346098346, 0.2317558275058276], [0.2495252941502942, 0.3106940836940837, 0.17027397602397604, 0.26950664613164615], [0.2591266233766234, 0.3162534271284272, 0.21324073149073147, 0.211379218004218], [0.23711283161283161, 0.22024024586524593, 0.15076524864024862, 0.39188167388167394], [0.2918721564383329, 0.30538574823868947, 0.1687483766233766, 0.23399371869960114], [0.2318458347208348, 0.2297341131091131, 0.16125234487734488, 0.37716770729270754], [0.26879599567099566, 0.28422606560106567, 0.15681035631035628, 0.29016758241758234], [0.29609289321789317, 0.31491563991563987, 0.17358717671217672, 0.21540429015429016], [0.26229105616605614, 0.2860509629259629, 0.18055895493395485, 0.2710990259740261], [0.29966174103674104, 0.2600434704184706, 0.20159385059385063, 0.23870093795093802], [0.3317338217338219, 0.21149691974691975, 0.17780104617604614, 0.2789682123432123], [0.2776039862914863, 0.29855550005550013, 0.17260939754689753, 0.25123111610611604], [0.22796843434343436, 0.29550324675324685, 0.17414141414141418, 0.3023869047619048], [0.28930916305916304, 0.33552200577200586, 0.1506866883116883, 0.22448214285714294], [0.235379329004329, 0.2864305555555556, 0.20958648989898992, 0.26860362554112555], [0.2166756715506715, 0.33364041514041504, 0.18683308358308362, 0.2628508297258298], [0.2581813048063049, 0.33190242396492403, 0.18139375901875898, 0.2285225122100122], [0.2579760656010657, 0.259129995004995, 0.23403595016095013, 0.2488579892329893], [0.24324440836940833, 0.27060250860250873, 0.1391775030525031, 0.34697557997558], [0.20817171717171712, 0.3564537684537685, 0.2105978188478188, 0.22477669552669546], [0.2520193417693418, 0.3054048729048729, 0.16968145743145743, 0.27289432789432794], [0.2480700410700412, 0.279146325896326, 0.22552053502053504, 0.24726309801309804], [0.21576569264069265, 0.28341865079365086, 0.2289289321789321, 0.27188672438672445], [0.32166422466422473, 0.2764886363636364, 0.1296374458874459, 0.27220969308469306], [0.26182242063492067, 0.3148966450216451, 0.15299242424242424, 0.2702885101010102], [0.2680014985014986, 0.26490861915861913, 0.17992622655122653, 0.2871636557886559], [0.23523304473304477, 0.3367447691197692, 0.14624900793650789, 0.28177317821067827], [0.24642987567987576, 0.306974025974026, 0.201666403041403, 0.2449296953046954], [0.3249498418248418, 0.2703273948273949, 0.12352435064935059, 0.2811984126984127], [0.24748748473748475, 0.2753725996225997, 0.19328379953379965, 0.28385611610611616], [0.2769421550671551, 0.33332799145299147, 0.14102182539682537, 0.24870802808302803], [0.23868555056055057, 0.3009089660339661, 0.18167038517038517, 0.27873509823509834], [0.1971069624819625, 0.29906096681096683, 0.2294521103896104, 0.2743799603174602], [0.2779458180708181, 0.26280315517815533, 0.16108261183261177, 0.298168414918415], [0.251596250971251, 0.26099969474969476, 0.20895652958152955, 0.2784475246975247], [0.2577448593073593, 0.3211441891441892, 0.18015241702741705, 0.24095853452103447], [0.35347979797979806, 0.21754094516594516, 0.15853728216228213, 0.2704419746919748], [0.25810073953823953, 0.39281466450216457, 0.1706866883116883, 0.17839790764790758], [0.3149561549561552, 0.2648077200577202, 0.14944261294261293, 0.2707935120435121], [0.2766649045399046, 0.2943821178821178, 0.1564280858030858, 0.2725248917748918], [0.238073828948829, 0.3062276334776336, 0.1925657259407259, 0.26313281163281166], [0.21488888888888882, 0.3924944083694086, 0.12911219336219334, 0.2635045093795094], [0.22211525974025978, 0.3432779581529582, 0.15352002164502157, 0.28108676046176045], [0.26786273448773457, 0.31735203685203695, 0.15882196969696966, 0.25596325896325894], [0.21889682539682542, 0.34156565656565663, 0.19433549783549783, 0.24520202020202017], [0.28744354256854254, 0.2535176767676768, 0.16245274170274165, 0.2965860389610391], [0.2599626623376624, 0.2825562215562215, 0.15174801587301587, 0.3057331002331003], [0.27300166500166495, 0.2509566405816406, 0.20897691197691187, 0.26706478243978243], [0.19531052281052283, 0.3204991536241536, 0.1764572510822511, 0.30773307248307247], [0.21821810134310135, 0.3356492673992675, 0.17379761904761903, 0.27233501221001216], [0.23045634920634914, 0.32662319624819625, 0.23006096681096685, 0.21285948773448785], [0.2869682539682541, 0.2556573426573427, 0.2356018426018426, 0.22177256077256086], [0.22809920634920633, 0.3170443029193029, 0.17303607503607502, 0.2818204156954158], [0.21161002886002891, 0.3323416375291376, 0.24924043317793312, 0.20680790043290045], [0.22236363636363635, 0.29707346819846825, 0.1683452935952936, 0.3122176018426019], [0.23550432900432902, 0.331365800865801, 0.16967929292929296, 0.2634505772005772], [0.21235979298479296, 0.3394846681096682, 0.1902038239538239, 0.257951714951715], [0.22716950410700418, 0.37118061268796576, 0.148688767931415, 0.2529611152736153], [0.2182200993450994, 0.2683264513264514, 0.19706421356421355, 0.3163892357642358], [0.23795418470418478, 0.2715624514374515, 0.1554056637806637, 0.3350777000777001], [0.32803503441003445, 0.2570649587340764, 0.1641651404151404, 0.2507348664407487], [0.3209363275613275, 0.23795292207792212, 0.15383549783549783, 0.28727525252525243], [0.20257034632034623, 0.27062012987013, 0.22984379509379513, 0.29696572871572874], [0.2820658230658231, 0.2949125319125319, 0.14358639971139966, 0.2794352453102453], [0.26687588800088813, 0.2715741023682201, 0.22264249639249645, 0.23890751323839557], [0.20747979797979796, 0.2952152430902431, 0.22647943722943725, 0.2708255217005217], [0.23958483183483192, 0.2962568542568543, 0.18065151515151526, 0.28350679875679874], [0.23143822150072155, 0.2560377539127539, 0.21726551226551227, 0.29525851232101247], [0.2222045454545455, 0.3188212481962483, 0.19401100288600293, 0.2649632034632035], [0.2871112914862915, 0.3155252525252526, 0.14406457431457428, 0.2532988816738817]]}}