{"test": {"ids": ["97110950", "100108990", "104111780", "113120280", "102110500", "110117110", "105116090", "97112290", "105113620", "112116290", "106120290", "113119450", "101111990", "100120010", "109114651", "110118630", "103110050", "109119460", "101121640", "101108950", "97116410", "109118231", "101108621", "110114950", "113119930", "107114200", "100110050", "104111620", "111120591", "108114270", "109121640", "109119591", "105116441", "109118701", "113119360", "105113440", "98117740", "102109840", "100108580", "113121680", "107117630", "113120070", "97105580", "113118630", "102113210", "99108710", "103111620", "112117660", "112118511", "109116930", "107118820", "107113130", "106121220", "108120260", "112117471", "106113830", "99111620", "103120290", "104110960", "108115870", "110117870", "113120830", "106116370", "99117630", "97114170", "107113260", "111118810", "98108970", "110118880", "108116070", "102113350", "101108500", "112118581", "105110251", "111118301", "100116500", "102110240", "104111990", "101110740", "101112160", "99111000", "105112100", "97112830", "109118161", "98112580", "102112030", "106118301", "110119030", "106118520", "113120540", "111120320", "113121980", "113117630", "108119510", "101117580", "105112260", "104113210", "101119591", "105115380", "108118301", "113120780", "99108080", "106117770", "101111620", "105119550", "112119950", "106113360", "113121190", "108120060", "98106680", "110114561", "110120700", "108114220", "98111860", "97112170", "110114920", "110114720", "97113260", "97106770", "111120531", "99120010", "101114990", "99119830", "101111310", "99121440", "111115620", "113118820", "108115500", "112116900", "108114180", "104113380", "111116750", "102112301", "105111990", "100108080", "104113240", "107119130", "104111550", "109113591", "104113190", "111115400", "105121190"], "labels": [3, 2, 3, 0, 3, 0, 1, 1, 0, 0, 2, 3, 2, 0, 3, 1, 3, 1, 2, 2, 3, 1, 0, 0, 1, 2, 3, 0, 1, 3, 0, 0, 1, 3, 0, 0, 2, 2, 0, 1, 0, 2, 1, 3, 3, 2, 0, 0, 1, 0, 3, 1, 1, 1, 3, 1, 3, 2, 2, 3, 3, 3, 2, 3, 2, 0, 0, 3, 0, 1, 3, 3, 1, 0, 3, 2, 3, 2, 3, 3, 2, 1, 2, 0, 2, 2, 1, 0, 2, 3, 1, 2, 0, 1, 3, 3, 3, 0, 1, 1, 0, 3, 0, 3, 1, 0, 0, 1, 1, 1, 0, 2, 3, 0, 0, 3, 3, 1, 3, 0, 2, 3, 1, 3, 2, 1, 0, 3, 3, 1, 1, 3, 1, 2, 0, 2, 1, 1, 3, 3, 0, 2], "predicted_labels": [1, 1, 3, 3, 0, 1, 1, 1, 1, 1, 1, 0, 3, 1, 3, 1, 1, 0, 1, 3, 1, 1, 3, 3, 0, 3, 1, 0, 3, 3, 1, 0, 1, 3, 3, 3, 3, 1, 1, 1, 0, 1, 0, 3, 1, 1, 1, 3, 3, 3, 1, 1, 3, 1, 1, 3, 1, 1, 1, 3, 1, 1, 3, 1, 1, 1, 3, 1, 3, 1, 1, 1, 1, 1, 1, 0, 1, 1, 1, 3, 1, 3, 0, 1, 1, 1, 3, 1, 1, 3, 3, 3, 3, 1, 1, 3, 3, 0, 1, 0, 1, 1, 1, 1, 3, 0, 1, 3, 1, 1, 1, 1, 1, 1, 0, 3, 1, 1, 0, 1, 1, 1, 1, 1, 1, 1, 0, 1, 0, 3, 1, 0, 1, 3, 1, 1, 1, 1, 1, 0, 1, 1], "confidence_scores": [[0.2682526917526918, 0.3250655047566813, 0.16162708957708966, 0.24505471391353764], [0.20072890997891008, 0.3495577367077368, 0.21400124875124873, 0.23571210456210462], [0.23747222222222236, 0.25639076479076495, 0.1730617826617827, 0.3330752303252302], [0.2948716894216894, 0.2251155400155402, 0.16117352092352102, 0.3188392496392496], [0.28524050394050393, 0.26101443556443565, 0.201588999889, 0.2521560606060608], [0.2551966600393073, 0.31923234265734274, 0.18198331668331666, 0.2435876806200336], [0.2478778277278277, 0.28715288045288057, 0.1820578588078588, 0.2829114330114331], [0.2801646853146852, 0.2858759906759908, 0.1608405483405483, 0.27311877566877585], [0.2400438949938951, 0.33702486924839864, 0.20724804509216269, 0.2156831906655437], [0.26141998556998564, 0.2898267454767455, 0.1916309079809081, 0.25712236097236096], [0.22932334054834064, 0.31155622710622705, 0.2122579503829504, 0.2468624819624821], [0.28453073593073586, 0.25481891409244356, 0.18112348076759852, 0.27952686920922204], [0.22999761349761377, 0.28801715506715503, 0.1561993506493507, 0.32578588078588083], [0.2007078477078478, 0.3279762903762903, 0.18890720390720406, 0.28240865800865805], [0.2902421154009388, 0.2214020848432614, 0.17421394716394734, 0.31414185259185273], [0.24960912975912966, 0.2927945146356911, 0.19885398131280488, 0.25874237429237434], [0.21034888444888458, 0.3532965367965365, 0.2079350538350538, 0.22841952491952497], [0.2915746836496837, 0.2899364774114775, 0.1610574481074482, 0.25743139083139094], [0.21531565101565114, 0.329251726051726, 0.18851632811632824, 0.26691629481629486], [0.2343105838605839, 0.2493311188811189, 0.22733883338883348, 0.2890194638694638], [0.1898798423798425, 0.3154292485292485, 0.2580922632922635, 0.23659864579864598], [0.2710030691530691, 0.3637426129426131, 0.1572945221445222, 0.20795979575979584], [0.21912163114663127, 0.2870813242313245, 0.20188316715963783, 0.2919138774624068], [0.2615234987234987, 0.23907652706770352, 0.17691779331779342, 0.3224821808910045], [0.3046852813852814, 0.25437677877677883, 0.1765288789641733, 0.2644090608737667], [0.2704247585747586, 0.2568176656676658, 0.1433081945831947, 0.32944938117438116], [0.20097405927405942, 0.3397345265845267, 0.20406356421356428, 0.2552278499278499], [0.29171264846264844, 0.25213176823176825, 0.16708882228882227, 0.2890667610167611], [0.27977940425587483, 0.2558493336728631, 0.16276267621267618, 0.30160858585858585], [0.23979464701964703, 0.22546067543567552, 0.14450833333333338, 0.3902363442113439], [0.2280149128649128, 0.3467594069329362, 0.16302775982187756, 0.26219792038027334], [0.2862897047397047, 0.25936570374070383, 0.20695986513486528, 0.24738472638472642], [0.18149660894660907, 0.3443911976911977, 0.1986913419913422, 0.2754208513708515], [0.2336004828504829, 0.23611673881673884, 0.18562215007215022, 0.34466062826062843], [0.26718015318015326, 0.270737617937618, 0.1658945720945721, 0.2961876567876567], [0.240741847041847, 0.26863320568320576, 0.18131035076035076, 0.3093145965145967], [0.24421601176601185, 0.2905564657564659, 0.16018320568320565, 0.30504431679431687], [0.20344763014763032, 0.3327712953712954, 0.2295153457653459, 0.2342657287157288], [0.22130762570762602, 0.2953002164502167, 0.25191176046176056, 0.2314803973803973], [0.1968734265734266, 0.33745966810966804, 0.19127116217116227, 0.2743957431457432], [0.288779947829948, 0.288177591852592, 0.17923707958707966, 0.24380538073038088], [0.21642432012432017, 0.29006047645165284, 0.24160953131835494, 0.2519056721056722], [0.2928890831390832, 0.2562800865800866, 0.20177036852036853, 0.2490604617604618], [0.24334089521589533, 0.23816708846708862, 0.17712012987013004, 0.3413718864468864], [0.27038336940836954, 0.2952493228993227, 0.1575291708291709, 0.2768381368631369], [0.21554408369408382, 0.3702888167388166, 0.1690491064491066, 0.24511799311799326], [0.22647822732822737, 0.3255492396492394, 0.21686560106560107, 0.231106931956932], [0.2532737706737709, 0.24428181263181262, 0.192917932067932, 0.30952648462648485], [0.22055218115218114, 0.2464516392104627, 0.20152240537240548, 0.3314737742649506], [0.2420107670107671, 0.23967973692973704, 0.224121855921856, 0.2941876401376404], [0.2425096237096237, 0.2960474858474857, 0.18955981518481532, 0.27188307525807537], [0.245822533022533, 0.3480215728715727, 0.23022634032634048, 0.17592955377955383], [0.2583704961704962, 0.29641593406593425, 0.1467911421911422, 0.29842242757242754], [0.2853817293817293, 0.3003055777555778, 0.14515319680319683, 0.2691594960594962], [0.22765194805194805, 0.30787210012210015, 0.18478621378621385, 0.2796897380397382], [0.25947626262626255, 0.244231734931735, 0.16668228993228995, 0.3296097125097125], [0.20500348540348545, 0.3487152625152624, 0.23214863469863467, 0.21413261738261744], [0.22804533244533257, 0.2723856643356644, 0.26385850815850814, 0.2357104950604951], [0.2648121989121989, 0.3101706071706073, 0.1803355200355202, 0.2446816738816738], [0.2780971306471307, 0.2376268120768121, 0.18907971472971472, 0.29519634254634247], [0.235349433899434, 0.32466889221889217, 0.19037561327561325, 0.24960606060606072], [0.20402323787323795, 0.31913684093684097, 0.1929746253746255, 0.28386529581529585], [0.27243085803085804, 0.2571338217338216, 0.19272813852813844, 0.27770718170718167], [0.27181863691863684, 0.29827027612909973, 0.1940175491175491, 0.2358935378347144], [0.21904554171318888, 0.3494086691086692, 0.22002368905604203, 0.2115221001221002], [0.2228501443001444, 0.3164931679431678, 0.18165801975801973, 0.27899866799866807], [0.27963729603729615, 0.24356365660483323, 0.15170573315573324, 0.32509331420213794], [0.21234161394161413, 0.4137319791319791, 0.18324343434343443, 0.19068297258297268], [0.2492563991563992, 0.2972883061383062, 0.15019521589521595, 0.3032600788100789], [0.2540835969585969, 0.2774786158286158, 0.21510973470973468, 0.2533280525030527], [0.2243810411810412, 0.3033059301809303, 0.22982085137085145, 0.24249217726717734], [0.21864149184149195, 0.31467852147852143, 0.19971305916305931, 0.2669669275169277], [0.20780847763347773, 0.29058848373848367, 0.25329279331779336, 0.24831024531024545], [0.2662036491286492, 0.27713673548673556, 0.19871562604062618, 0.25794398934398943], [0.26091514319014336, 0.27464534354534365, 0.20339249639249646, 0.26104701687201703], [0.2770751970251971, 0.2583639341051107, 0.22111938616938617, 0.24344148270030647], [0.23519566822066826, 0.30896569345686997, 0.19861600344100347, 0.2572226348814585], [0.2984920246420247, 0.3207015096015096, 0.1526296703296704, 0.22817679542679553], [0.22847634032634037, 0.31723566433566447, 0.2295848654613361, 0.2247031298766594], [0.21411999830235134, 0.28479977767330705, 0.21015080377139203, 0.29092942025295004], [0.20312873401108705, 0.3592309820898056, 0.25438806226453287, 0.18325222163457466], [0.2269556637806638, 0.27572683427683436, 0.20026199911199916, 0.29705550283050297], [0.29729571539571537, 0.24659694194694212, 0.17361862581862583, 0.2824887168387168], [0.25644122544122555, 0.2954555555555555, 0.17649120324120326, 0.27161201576201577], [0.20863419913419926, 0.3267572150072148, 0.22940760350760356, 0.2352009823509826], [0.19664383949383965, 0.32910809745809755, 0.21486738816738826, 0.259380674880675], [0.2858182095682095, 0.2717135142635143, 0.13289829059829064, 0.3095699855699857], [0.25373460983461, 0.31493661338661344, 0.18960991981874348, 0.24171885696003345], [0.26695675664205065, 0.2926046897546898, 0.16210465057818005, 0.2783339030250793], [0.2892416167166167, 0.2268829373241139, 0.19307602397602408, 0.2907994219832457], [0.23639656454656466, 0.25844625374625385, 0.22348740148740157, 0.28166978021978023], [0.20596161338661342, 0.2770673937173938, 0.17339386169386167, 0.34357713120213107], [0.2278637584637586, 0.2760496336996337, 0.205367920967921, 0.2907186868686868], [0.25194406149406146, 0.3046310744810745, 0.19815549173049182, 0.24526937229437232], [0.2696914696414696, 0.3001403929403929, 0.16728899433899438, 0.26287914307914323], [0.21704470251970268, 0.289517886035533, 0.1968962054285585, 0.29654120601620604], [0.26336842046842057, 0.2681627705627705, 0.16145316905316914, 0.30701563991564], [0.28463862248862243, 0.2371500000000001, 0.2095084637584638, 0.26870291375291383], [0.23556057831057847, 0.2984627816627816, 0.18896081696081699, 0.27701582306582306], [0.29470120712620734, 0.27624927572427566, 0.14020937950937953, 0.28884013764013783], [0.21999163059163063, 0.32793542568542566, 0.1361023088023089, 0.315970634920635], [0.24039898434898443, 0.3112206610383082, 0.18273933452168753, 0.2656410200910202], [0.25989161394161403, 0.2792403096903096, 0.18687005217005223, 0.27399802419802416], [0.2610200577200579, 0.30794179709179703, 0.18040523920523918, 0.2506329059829061], [0.27401413586413575, 0.26913357475857486, 0.17827435619935625, 0.27857793317793306], [0.31180217005217015, 0.22336715506715518, 0.1669308025308025, 0.2978998723498725], [0.2751776556776558, 0.3015768600680364, 0.1967420710008947, 0.22650341325341325], [0.22560407925407944, 0.2903180097680098, 0.1740396103896104, 0.3100383005883006], [0.27583807303807306, 0.3161416083916083, 0.1895762126762127, 0.2184441058941059], [0.1901211788211788, 0.402247458097458, 0.2119605394605395, 0.19567082362082372], [0.26765248917748935, 0.32956255411255425, 0.15492518037518038, 0.2478597763347765], [0.26178307803307804, 0.29731312576312574, 0.1796591353091355, 0.2612446608946609], [0.2308831723831725, 0.35427077922077954, 0.2098751470751472, 0.20497090132090143], [0.20382181707181707, 0.323064985014985, 0.23915692640692657, 0.23395627150627166], [0.28961370851370855, 0.2845049847211612, 0.18891154401154403, 0.23696976275358636], [0.24414942279942276, 0.28416139971139975, 0.14254379509379508, 0.32914538239538244], [0.22543001443001448, 0.2985743423243425, 0.2759967976467977, 0.19999884559884576], [0.24028266178266178, 0.27306623376623373, 0.22848975468975474, 0.25816134976134986], [0.28260749054866696, 0.28161948051948044, 0.2413588633588633, 0.1944141655729892], [0.23635620490620493, 0.36284430014430014, 0.17237445887445887, 0.22842503607503617], [0.24309947829947834, 0.28987616272616273, 0.20505476190476205, 0.2619695970695972], [0.20729049839049854, 0.36111356976356956, 0.19071755466755466, 0.2408783771783773], [0.19138971028971033, 0.32815033300033297, 0.19887595182595183, 0.28158400488400487], [0.28750167887667877, 0.3132009046509048, 0.16820571928071926, 0.2310916971916973], [0.23460811965811973, 0.326110656010656, 0.1980626651126652, 0.2412185592185593], [0.25165215340215336, 0.32300157620157616, 0.18598234543234549, 0.23936392496392506], [0.2960975524475524, 0.2923888628914945, 0.1424052846276531, 0.26910830003330005], [0.221020584970585, 0.30463345151580457, 0.1833711993888465, 0.29097476412476425], [0.29039340822576115, 0.2810027861027861, 0.16067930435577493, 0.2679245013156779], [0.21572928737928762, 0.24061850371850393, 0.1819638087402795, 0.36168840016192966], [0.18983841158841158, 0.30291092796092783, 0.22324292929292947, 0.28400773115773115], [0.34426885891885917, 0.19714284326784332, 0.19137688977688982, 0.2672114080364081], [0.23911552891552892, 0.2926102786102785, 0.2247948218448219, 0.24347937062937083], [0.28300034997682083, 0.24702847707847705, 0.1577243947229241, 0.3122467782217782], [0.2406399933399933, 0.3167123598623599, 0.17491738816738828, 0.2677302586302588], [0.23517323787323793, 0.3556976745476745, 0.2022863469863471, 0.20684274059274074], [0.22291594516594526, 0.29537912642912645, 0.2012512043512044, 0.2804537240537239], [0.2292022588522589, 0.31131472416472405, 0.21046037296037298, 0.249022644022644], [0.23147540955776275, 0.3351642857142858, 0.16267765045412116, 0.270682654273831], [0.2816915584415585, 0.27305343267843263, 0.17060179542679554, 0.27465321345321336], [0.23240652958152974, 0.31225456765456777, 0.21083766233766252, 0.24450124042624047], [0.19558511766011777, 0.2886107337107337, 0.26703769008769007, 0.24876645854145876]]}, "rewritten": {"ids": ["97105580", "97106770", "97110950", "97112170", "97112290", "97112830", "97113260", "97114170", "97116410", "98106680", "98108970", "98111860", "98112580", "98117740", "99108080", "99108710", "99111000", "99111620", "99117630", "99119830", "99120010", "99121440", "100108080", "100108580", "100108990", "100110050", "100116500", "100120010", "101108500", "101108621", "101108950", "101110740", "101111310", "101111620", "101111990", "101112160", "101114990", "101117580", "101119591", "101121640", "102109840", "102110240", "102110500", "102112030", "102112301", "102113210", "102113350", "103110050", "103111620", "103120290", "104110960", "104111550", "104111620", "104111780", "104111990", "104113190", "104113210", "104113240", "104113380", "105110251", "105111990", "105112100", "105112260", "105113440", "105113620", "105115380", "105116090", "105116441", "105119550", "105121190", "106113360", "106113830", "106116370", "106117770", "106118301", "106118520", "106120290", "106121220", "107113130", "107113260", "107114200", "107117630", "107118820", "107119130", "108114180", "108114220", "108114270", "108115500", "108115870", "108116070", "108118301", "108119510", "108120060", "108120260", "109113591", "109114651", "109116930", "109118161", "109118231", "109118701", "109119460", "109119591", "109121640", "110114561", "110114720", "110114920", "110114950", "110117110", "110117870", "110118630", "110118880", "110119030", "110120700", "111115400", "111115620", "111116750", "111118301", "111118810", "111120320", "111120531", "111120591", "112116290", "112116900", "112117471", "112117660", "112118511", "112118581", "112119950", "113117630", "113118630", "113118820", "113119360", "113119450", "113119930", "113120070", "113120280", "113120540", "113120780", "113120830", "113121190", "113121680", "113121980"], "labels": [1, 3, 3, 0, 1, 2, 1, 2, 3, 1, 3, 0, 2, 2, 3, 2, 2, 3, 3, 1, 2, 2, 0, 0, 2, 3, 2, 0, 3, 0, 2, 3, 3, 3, 2, 3, 3, 3, 0, 2, 2, 3, 3, 2, 1, 3, 3, 3, 0, 2, 2, 1, 0, 3, 2, 3, 3, 2, 1, 0, 2, 1, 3, 0, 0, 1, 1, 1, 1, 2, 0, 1, 2, 0, 1, 2, 2, 1, 1, 0, 2, 0, 3, 1, 1, 3, 3, 3, 3, 1, 1, 1, 1, 1, 3, 3, 0, 0, 1, 3, 1, 0, 0, 0, 3, 3, 0, 0, 3, 1, 0, 0, 2, 0, 1, 3, 3, 0, 1, 0, 1, 0, 3, 3, 0, 1, 1, 0, 0, 3, 0, 0, 3, 1, 2, 0, 3, 0, 3, 1, 1, 2], "predicted_labels": [1, 0, 1, 1, 1, 3, 3, 1, 1, 1, 1, 1, 1, 3, 0, 1, 1, 1, 1, 3, 0, 1, 1, 1, 1, 1, 1, 1, 1, 1, 3, 1, 1, 0, 3, 1, 1, 0, 0, 1, 1, 1, 3, 1, 1, 3, 2, 1, 1, 1, 1, 1, 3, 3, 1, 1, 1, 1, 3, 1, 3, 1, 3, 3, 1, 3, 3, 1, 1, 1, 1, 3, 0, 1, 0, 1, 1, 3, 1, 1, 3, 0, 1, 1, 3, 1, 3, 1, 0, 0, 0, 3, 1, 1, 1, 3, 1, 1, 1, 3, 3, 1, 1, 1, 1, 3, 3, 1, 1, 1, 3, 1, 1, 1, 3, 0, 1, 3, 3, 1, 0, 1, 1, 1, 3, 3, 3, 3, 3, 3, 0, 3, 1, 0, 1, 3, 3, 1, 1, 0, 1, 3], "confidence_scores": [[0.2607935064935067, 0.3156428571428571, 0.18468528138528154, 0.23887835497835497], [0.2909193306693308, 0.2773724886224887, 0.22909518259518252, 0.20261299811299824], [0.2749788822288822, 0.31706019536019553, 0.16268223443223448, 0.2452786879786881], [0.2861950049950051, 0.3038436563436565, 0.1471867354867355, 0.26277460317460327], [0.25714205239205246, 0.3136795926295928, 0.14078059718059716, 0.288397757797758], [0.250469291819292, 0.2504024475524476, 0.20895033855033845, 0.2901779220779224], [0.23819032079032088, 0.25132806637806643, 0.24182514707514718, 0.26865646575646585], [0.23065740370740379, 0.3282943722943723, 0.2082027417027417, 0.23284548229548233], [0.2218941316853084, 0.2777369037395353, 0.2746366338340023, 0.2257323307411544], [0.2022920047272989, 0.3831274281274281, 0.213179317577847, 0.20140124956742614], [0.23528422459893056, 0.34666199584728985, 0.18416436341436349, 0.2338894161394162], [0.1858909312909313, 0.3650191197691199, 0.22184915084915088, 0.22724079809079809], [0.20183871912401335, 0.33853714618714603, 0.23350201432554377, 0.22612212036329699], [0.20996505994005998, 0.26886534021534036, 0.24046922244422247, 0.2807003774003775], [0.30315553890553903, 0.28328882228882246, 0.1695443722943724, 0.24401126651126656], [0.22417451714951717, 0.43798412698412675, 0.1358751942501943, 0.20196616161616177], [0.20156839826839842, 0.33802641247641246, 0.24843855033855045, 0.21196663891663903], [0.21374383949383957, 0.3673310411810414, 0.18804928959928974, 0.23087582972582993], [0.2623495226995227, 0.2839503274503273, 0.2064690642690642, 0.24723108558108564], [0.20290913530913546, 0.2700116439116438, 0.21949519369519377, 0.3075840270840269], [0.29138713786213793, 0.22812787212787233, 0.2148514735264736, 0.26563351648351646], [0.21955974352444957, 0.33489352542881967, 0.2031122544122545, 0.24243447663447676], [0.2651131923631924, 0.3139192640692641, 0.17573727383727403, 0.24523026973026973], [0.25757673437673434, 0.28091378066378087, 0.24881754356754382, 0.2126919413919414], [0.225856118881119, 0.31902588522588526, 0.21168260628260635, 0.2434353896103896], [0.2105761294261295, 0.2966352203352204, 0.2374214757464758, 0.2553671744921745], [0.20273785103785108, 0.3188335775335776, 0.22840367965367975, 0.25002489177489207], [0.19979891774891784, 0.30721495726495734, 0.20012686757686776, 0.29285925740925745], [0.24146983931101593, 0.2815954489954492, 0.19856147937030297, 0.27837323232323236], [0.1926049450549451, 0.2997264846264846, 0.23017533022533027, 0.27749324009324017], [0.2349147075147076, 0.2514869297369298, 0.18772907092907098, 0.32586929181929186], [0.22800531135531152, 0.3326448773448773, 0.21037596325243382, 0.22897384804737758], [0.2681937284937284, 0.35654086469086477, 0.16093665223665235, 0.21432875457875475], [0.30297011877011876, 0.27119299034299044, 0.16139249084249097, 0.26444440004440023], [0.254345892995893, 0.2489953990453991, 0.18718099123099122, 0.3094777167277168], [0.2347137640137641, 0.30465230325230364, 0.19260447885447898, 0.268029453879454], [0.22272736707736712, 0.3706670107670107, 0.15905733155733157, 0.24754829059829064], [0.2965580031080031, 0.27054870684870685, 0.16599733044733048, 0.2668959595959596], [0.28833642468642473, 0.2201148462648463, 0.21354972249972257, 0.27799900654900667], [0.24065429570429572, 0.3127047064047063, 0.16188655233655236, 0.28475444555444573], [0.23224760239760253, 0.3228558164058165, 0.19038030303030315, 0.25451627816627836], [0.2606301365301365, 0.2816226551226552, 0.2088279165279166, 0.2489192918192918], [0.2810437451437452, 0.25114519369519384, 0.18178225108225107, 0.28602881007881015], [0.20698499833499848, 0.3743931901431901, 0.2037558608058609, 0.21486595071595083], [0.2525013431013432, 0.30576454656454666, 0.20277584082584085, 0.23895826950826962], [0.2638794955044955, 0.28980553613053617, 0.14878803973803978, 0.29752692862692864], [0.21669429296194007, 0.25320953768453774, 0.2689796925296928, 0.2611164768238299], [0.2015959512709513, 0.29962080419580417, 0.24210405705405713, 0.25667918747918755], [0.2598033411033412, 0.2992389110889112, 0.2272417415917416, 0.2137160062160063], [0.2041697136197138, 0.3319864468864471, 0.1974197080697081, 0.26642413142413146], [0.25123163503163515, 0.3052259074259074, 0.19777020202020215, 0.24577225552225557], [0.2273787157287159, 0.3078927128427127, 0.22150613275613285, 0.24322243867243876], [0.23039327894327907, 0.2860980574980578, 0.1786930402930404, 0.30481562326562317], [0.26083110223110223, 0.24434663114663122, 0.17411399711399717, 0.32070826950826936], [0.2808300865800866, 0.32453015873015884, 0.14713917748917757, 0.24750057720057725], [0.28115453712953736, 0.28431664724164724, 0.1652106726606727, 0.269318142968143], [0.22624188311688323, 0.2944650432900433, 0.18683811743811743, 0.2924549561549562], [0.22410629925629943, 0.3220036075036075, 0.2391137584637586, 0.2147763347763349], [0.22568722943722944, 0.272459004884005, 0.21074979187479206, 0.2911039738039739], [0.23530112110112122, 0.3001881895881897, 0.20678835053835062, 0.25772233877233897], [0.25341002331002355, 0.25375210704328355, 0.1656764449602686, 0.3271614246864247], [0.2574577922077922, 0.2958589632589631, 0.1782766122766123, 0.26840663225663236], [0.19444358419358432, 0.2791607503607504, 0.217159546009546, 0.3092361194361195], [0.2104298779651721, 0.28235421245421255, 0.21306748219101165, 0.29414842738960384], [0.24749090909090923, 0.3208325896325896, 0.2177192918192918, 0.21395720945720959], [0.2533544233544235, 0.2536613275613277, 0.17772998667998666, 0.3152542624042624], [0.25273778998779006, 0.2722538961038961, 0.19288981018981033, 0.2821185037185037], [0.21180912975912988, 0.31507403707403697, 0.20065661005661012, 0.2724602231102232], [0.2800480463980465, 0.28331913641913625, 0.16351600344100337, 0.27311681374181374], [0.19553298368298372, 0.3138137251637252, 0.2103560606060607, 0.2802972305472306], [0.24002027417027424, 0.2847377622377623, 0.21691238206238217, 0.25832958152958163], [0.19198125012242664, 0.2765065823065822, 0.22273532578532576, 0.3087768417856654], [0.30448379398379405, 0.2123876345876346, 0.18007727272727264, 0.3030512987012987], [0.22823813963813977, 0.30874156399156394, 0.19802282945812352, 0.26499746691217285], [0.3054386724386725, 0.2524195526695527, 0.16514581529581523, 0.27699595959595963], [0.2666680735930736, 0.2974458596958596, 0.1873182817182818, 0.24856778499278517], [0.23851479353979374, 0.278862345987346, 0.22308541181041203, 0.2595374486624487], [0.2789894327894329, 0.25635690420690443, 0.1504551282051282, 0.3141985347985347], [0.20250566655566657, 0.3162419302919302, 0.2714988677988677, 0.20975353535353553], [0.24709417249417256, 0.3174767787767789, 0.18158043623043632, 0.25384861249861246], [0.2676107309357309, 0.2685072649572652, 0.1564075924075925, 0.3074744116994119], [0.2844118326118325, 0.25962590187590195, 0.21879497724497726, 0.2371672882672883], [0.20841172716172723, 0.348727367077367, 0.19491216006216017, 0.2479487456987458], [0.23159189144189163, 0.3301333555333556, 0.1924965645465647, 0.2457781884781886], [0.2289785825285825, 0.25051031191031203, 0.1769301920301921, 0.3435809135309137], [0.26180356865356863, 0.3117608946608948, 0.19013235098235098, 0.2363031857031858], [0.3080300865800867, 0.22117999222999227, 0.13528638583638591, 0.3355035353535353], [0.2684052725052725, 0.29314834054834055, 0.18087645132645133, 0.2575699356199358], [0.285063308913309, 0.27138906093906096, 0.16224967254967262, 0.28129795759795756], [0.30332104007104027, 0.24883054168054164, 0.18216861471861476, 0.2656798035298037], [0.33744365079365085, 0.2551308635808637, 0.14920000000000008, 0.25822548562548564], [0.24105102120102126, 0.27648002553002576, 0.1993257076257076, 0.2831432456432457], [0.23061349206349224, 0.27505421245421263, 0.24190670995671001, 0.25242558552558564], [0.2724246697746698, 0.2932533855033855, 0.1739271561771563, 0.26039478854478854], [0.2173188755688757, 0.33708160173160173, 0.18594978909978932, 0.25964973359973376], [0.2457287157287158, 0.26823455988455985, 0.18337001887001897, 0.30266670551670566], [0.23128658008658018, 0.30732301587301564, 0.21555052725052734, 0.24583987678987684], [0.2513211899211899, 0.3029810245310245, 0.1746429348429349, 0.27105485070485064], [0.22400997335997344, 0.33981223776223796, 0.18645934898434907, 0.24971843989343992], [0.25215083250083253, 0.2263373570873572, 0.18735420135420136, 0.3341576090576092], [0.27596782939282943, 0.25435210067710085, 0.18550958485958496, 0.28417048507048526], [0.270945066045066, 0.2762103896103897, 0.23200415695415688, 0.22084038739038747], [0.22346538624773932, 0.35191700750230176, 0.15271133670251327, 0.2719062695474461], [0.23317758907758915, 0.2942253135753136, 0.20383951048951046, 0.26875758685758694], [0.22045849705849713, 0.3026047674547675, 0.2736162837162837, 0.20332045177045197], [0.23582523587523604, 0.2597693639693641, 0.15622792485292483, 0.34817747530247517], [0.2680523698523699, 0.26295363329481, 0.1646523920523921, 0.30434160480042854], [0.2010937712614184, 0.3395217893217893, 0.20629436674436682, 0.2530900726724258], [0.19862150072150075, 0.32255822510822507, 0.20365670995671004, 0.2751635642135644], [0.2135311022311022, 0.29240375735375734, 0.21829088134088145, 0.275774259074259], [0.28115887445887455, 0.2716944999445, 0.15140375180375187, 0.29574287379287373], [0.2746512732365675, 0.2921076701076702, 0.21048375480728432, 0.22275730184847842], [0.20171382506382518, 0.33140630480630484, 0.21735023865023867, 0.24952963147963153], [0.2509753163503164, 0.30540972915972925, 0.21589957819957825, 0.2277153762903764], [0.23763210678210694, 0.2773321567321568, 0.18449116994117, 0.3005445665445666], [0.31655949605949607, 0.2195623468035234, 0.17165126540126543, 0.29222689173571526], [0.26216738816738816, 0.2801492404654169, 0.17862766955266962, 0.27905570181452555], [0.2549154956154956, 0.27899550449550453, 0.16595970695970708, 0.3001292929292931], [0.20968632478632487, 0.24360306360306366, 0.2253117327117328, 0.32139887889887886], [0.23594365079365096, 0.33963975468975466, 0.17913896103896104, 0.24527763347763362], [0.29882736185383235, 0.24539955012307957, 0.17242712842712848, 0.28334595959595965], [0.2711884615384615, 0.294695598845599, 0.1721270063270063, 0.26198893328893336], [0.30409673104673113, 0.3183847985347983, 0.13685401820401827, 0.24066445221445226], [0.24318270618270627, 0.29609753579753584, 0.17832714507714514, 0.2823926129426131], [0.2342191863691865, 0.24706358641358647, 0.21340450105450115, 0.30531272616272603], [0.20320255300255308, 0.2647608300196536, 0.19184997779997784, 0.3401866391778158], [0.22565780053280066, 0.23165892440892452, 0.26067761405261414, 0.282005661005661], [0.27923726273726285, 0.22510592740592753, 0.1747702797202798, 0.3208865301365302], [0.26677504717504713, 0.22015758685758696, 0.20846040071040084, 0.3046069652569654], [0.2753889749139748, 0.25498816738816754, 0.16201124986124996, 0.307611607836608], [0.33179660339660333, 0.25720932400932417, 0.1494266011766012, 0.26156747141747144], [0.24668495948495966, 0.25514405039405047, 0.18814214151861222, 0.31002884860237795], [0.2560209568209568, 0.30513639693639705, 0.16766855366855382, 0.27117409257409264], [0.31176668886668896, 0.22961589521589532, 0.15651185481185492, 0.3021055611055609], [0.2290978410478411, 0.3189410533910534, 0.21483161838161843, 0.23712948717948723], [0.22098130203130206, 0.26528525363525374, 0.18414673104673104, 0.3295867132867133], [0.24163003108003106, 0.2928638009049773, 0.17109463314463336, 0.2944115348703584], [0.21417753912753917, 0.28590380730380743, 0.2251441502941503, 0.2747745032745034], [0.2510922216672217, 0.30427484182484177, 0.18314004329004338, 0.26149289321789326], [0.3178338383838385, 0.2327671717171718, 0.17709393939393947, 0.2723050505050504], [0.1935999111999113, 0.3147746475746475, 0.21764213564213575, 0.2739833055833057], [0.20872758352758358, 0.30445916305916304, 0.18121443001443008, 0.3055988233988236]]}}