{"test": {"ids": ["112118581", "98112170", "107113550", "107113200", "106117650", "107114780", "108115070", "103111110", "101114990", "101119591", "97108520", "112117580", "106115240", "102110750", "98111860", "111120531", "97116790", "111118301", "109116040", "110120531", "99109740", "113121750", "98108150", "103120780", "103110840", "102113350", "103120531", "107114950", "110117870", "113120531", "103111620", "112118511", "109116441", "99110730", "100113210", "105119550", "108113480", "108113740", "98112580", "107115250", "112116290", "110117140", "97107920", "112118930", "105115900", "98117740", "97107260", "112119950", "100116500", "97107821", "107118520", "112120670", "99108310", "100112060", "113120540", "112116401", "109119450", "101112160", "98109230", "108118301", "109118231", "109117730", "106120290", "99109860", "111119950", "110119300", "109121410", "108116120", "98106560", "97106970", "110114321", "110121720", "112116810", "112116540", "99117630", "113122650", "104111620", "106112770", "110119030", "102112030", "97105760", "108115250", "98108970", "106121220", "97106770", "110113931", "99117740", "105113620", "101112201", "98107210", "105110251", "104112201", "109118161", "103120340", "108121160", "110120190", "111116640", "108118060", "99107950", "101108290", "113122320", "109121640", "104111880", "101111210", "113118231", "101119030", "111116010", "105118230", "113122150", "113121680", "100108260", "108113700", "100108080", "111121410", "104109311", "102113210", "105120621", "103111830", "112119320", "102110690", "99112300", "109114220", "105112100", "103113170", "100108520", "108115870", "112120700", "113122180", "104110960", "113120280", "107117010", "107116340", "106113260", "106116850", "104118340", "109120150", "102110050", "97105960", "97116410", "108116481", "106115120", "109113881"], "labels": [1, 3, 0, 0, 1, 2, 1, 3, 3, 0, 2, 0, 1, 1, 0, 0, 2, 3, 0, 0, 3, 0, 0, 1, 1, 3, 3, 3, 3, 0, 0, 1, 3, 3, 0, 1, 0, 3, 2, 2, 0, 3, 0, 1, 3, 2, 2, 0, 2, 2, 2, 2, 2, 2, 3, 0, 3, 3, 1, 1, 1, 3, 2, 2, 0, 1, 0, 1, 1, 2, 1, 3, 3, 1, 3, 2, 0, 1, 0, 2, 0, 1, 3, 1, 3, 1, 2, 0, 0, 1, 0, 0, 0, 1, 2, 3, 0, 1, 1, 0, 1, 0, 3, 2, 3, 3, 1, 1, 2, 1, 3, 0, 0, 0, 3, 3, 1, 3, 1, 0, 0, 3, 1, 3, 2, 3, 2, 2, 2, 0, 1, 3, 3, 3, 2, 2, 3, 2, 3, 0, 1, 0], "predicted_labels": [3, 0, 1, 3, 1, 1, 1, 3, 1, 0, 0, 1, 1, 2, 1, 1, 1, 3, 3, 0, 1, 1, 1, 1, 1, 1, 3, 3, 3, 3, 1, 3, 0, 2, 3, 1, 1, 0, 1, 1, 1, 0, 3, 0, 1, 1, 3, 0, 3, 1, 0, 1, 1, 3, 1, 3, 1, 1, 2, 3, 1, 3, 1, 1, 0, 3, 3, 0, 1, 2, 1, 1, 1, 1, 2, 2, 3, 0, 1, 1, 3, 3, 1, 3, 3, 3, 1, 1, 1, 1, 0, 3, 1, 1, 3, 3, 1, 3, 2, 1, 3, 1, 1, 3, 3, 3, 1, 1, 3, 1, 1, 1, 0, 3, 3, 1, 0, 3, 1, 1, 3, 3, 3, 1, 1, 3, 1, 1, 3, 0, 1, 3, 1, 2, 3, 1, 1, 3, 1, 1, 3, 1], "confidence_scores": [[0.22458324285129355, 0.3029213122591947, 0.18907104420558685, 0.2834244006839249], [0.25259819911728787, 0.28655526274010795, 0.21482360824863098, 0.24602292989397276], [0.22531030342927602, 0.28004206739066795, 0.24525060743828864, 0.24939702174176762], [0.28317590703700685, 0.3518233541585521, 0.06885286567736518, 0.296147873127076], [0.20763917228514353, 0.284896057142637, 0.26037833871967875, 0.24708643185254064], [0.2137721766568226, 0.2866187568760693, 0.23842432398128213, 0.26118474248582596], [0.2397141734266685, 0.2802649274888768, 0.2347651672371469, 0.24525573184730742], [0.2467123217061242, 0.30190259891825916, 0.16868625571798906, 0.28269882365762783], [0.21379902694712685, 0.28078618959335067, 0.30054157147757143, 0.20487321198195113], [0.25886453576959423, 0.31289755346246584, 0.13042814341499878, 0.29780976735294107], [0.24556684121369035, 0.28994006713430326, 0.18165750718406365, 0.282835584467943], [0.25271175435760534, 0.3010371999904786, 0.12711419885544764, 0.31913684679646825], [0.24117642416755197, 0.2908641486929343, 0.1754088193758633, 0.29255060776365027], [0.1997160363161392, 0.2624466190199874, 0.40147738962587, 0.13635995503800363], [0.22239963410956548, 0.2855195672984063, 0.2329665222230098, 0.25911427636901846], [0.25738658038714274, 0.30460964355754694, 0.11847011127915001, 0.31953366477616046], [0.2196650541447177, 0.2784193706358711, 0.29730416610302457, 0.20461140911638648], [0.23577692732689534, 0.29254447255814325, 0.1972291009419266, 0.27444949917303463], [0.2304130896888627, 0.3009601252230147, 0.17521027849776138, 0.2934165065903613], [0.26255791745527995, 0.3093299167881799, 0.11900785948729066, 0.30910430626924973], [0.2271225988890668, 0.2835487584665719, 0.24625876776795774, 0.2430698748764036], [0.2711982215278859, 0.30057914400395175, 0.06266427886605623, 0.3655583556021058], [0.2239068935308691, 0.2799419008090738, 0.29477973964710646, 0.2013714660129506], [0.22738467508907484, 0.27923281757183044, 0.2638546521723898, 0.22952785516670499], [0.25387164450016364, 0.3179176238730785, 0.106819592869848, 0.3213911387569096], [0.23908809982556023, 0.26801950332176383, 0.20015040777714938, 0.29274198907552657], [0.22546619022478093, 0.28223126597129966, 0.24366252093169047, 0.2486400228722294], [0.25207263219891934, 0.30670901968273423, 0.15729409023049232, 0.2839242578878544], [0.23763642924637754, 0.2899693706007303, 0.22223453496877427, 0.2501596651841179], [0.26554000883562257, 0.31736967132174904, 0.10395548446256808, 0.3131348353800603], [0.23084421900830926, 0.28643894215365506, 0.19805125907077473, 0.2846655797672611], [0.25802668731506734, 0.3184845470699759, 0.1162866225566562, 0.30720214305830046], [0.26202872967498403, 0.3098299480708386, 0.12121829475442339, 0.3069230274997539], [0.19261113524200518, 0.2743352246828521, 0.35902565338302916, 0.17402798669211353], [0.22849895185762492, 0.30456735200000506, 0.18059507490427967, 0.28633862123809034], [0.2375596907134735, 0.2950304752042698, 0.160228720854977, 0.30718111322727953], [0.21012142081286284, 0.2867544576585583, 0.2520906954747469, 0.25103342605383216], [0.24270253832109717, 0.2853740174242049, 0.22164890555696828, 0.2502745386977297], [0.204587127115049, 0.28169686836969454, 0.31190503738141406, 0.20181096713384233], [0.22717149060124378, 0.29711732643534877, 0.18986170112406642, 0.2858494818393413], [0.2391039377261146, 0.29988776645607407, 0.15695854648974208, 0.30404974932806933], [0.2611940981256726, 0.29908723218091804, 0.1091709682220229, 0.3305477014713865], [0.28408191801429633, 0.34194535298162, 0.08122053268565341, 0.29275219631843036], [0.2645709856267475, 0.31400872510685784, 0.10365047753331225, 0.31776981173308216], [0.23869725420201715, 0.2863290304805335, 0.19141458621182467, 0.28355912910562436], [0.21031699374382162, 0.27838206086738065, 0.2945196069818145, 0.21678133840698308], [0.22537522927155576, 0.27718765415210567, 0.29082642751773213, 0.20661068905860663], [0.2711888968005087, 0.3190025968207314, 0.12387114606197769, 0.28593736031678246], [0.22827722400900544, 0.28337888978785053, 0.2649356700063668, 0.22340821619677728], [0.23281275771501894, 0.29070859596494236, 0.1973631101024183, 0.2791155362176207], [0.24831358763666034, 0.2951232719331782, 0.16154733718511222, 0.29501580324504945], [0.23423285336266045, 0.2856806301768685, 0.19630363264921, 0.2837828838112609], [0.2302286585237066, 0.2966170418219613, 0.18751271718708348, 0.28564158246724836], [0.22515734562183115, 0.2914201418002541, 0.22599202955343856, 0.25743048302447635], [0.2680144485169408, 0.32967261487957245, 0.07647316647772065, 0.3258397701257661], [0.28885075069646393, 0.36033916286080336, 0.08519097846837659, 0.2656191079743561], [0.21621370618626407, 0.28391769744936357, 0.2831781870798981, 0.21669040928447444], [0.23716398588377322, 0.2733280964584939, 0.19680180917642223, 0.2927061084813106], [0.19172728365818317, 0.2664953287392763, 0.403443731278361, 0.13833365632417924], [0.25545362684632134, 0.3152651040579024, 0.12886190643393247, 0.3004193626618437], [0.23997924516456956, 0.28374350401735654, 0.2186814782429857, 0.257595772575088], [0.23095672803740133, 0.2909446919521154, 0.22004145303873393, 0.25805712697174954], [0.22450998309406314, 0.28044971833963417, 0.21858787181764833, 0.2764524267486543], [0.22931103344458387, 0.2819360815388724, 0.2953936433695655, 0.19335924164697832], [0.2654835676499893, 0.30942079201491274, 0.10659080036302819, 0.3185048399720698], [0.24263660056796052, 0.3005895817035984, 0.15658548763094055, 0.30018833009750046], [0.2502320602920836, 0.30334541564076517, 0.1426139226474236, 0.30380860141972754], [0.2536887835944353, 0.28871784596879485, 0.1962037414895475, 0.261389628947222], [0.20151864203607, 0.2841897162588948, 0.27170333790850093, 0.24258830379653423], [0.16956032086229209, 0.27862607659365757, 0.36774289775425445, 0.18407070478979598], [0.24696279386843237, 0.2960641455779194, 0.14072516158472484, 0.31624789896892336], [0.263081607568848, 0.3010953427078541, 0.09449301435989746, 0.3413300353634004], [0.23345176526774641, 0.27734159893305943, 0.27430149462673925, 0.21490514117245504], [0.24547725541715207, 0.2871506736704599, 0.1366882898873644, 0.33068378102502355], [0.21337183341278276, 0.2768936407939387, 0.3309576510716549, 0.17877687472162357], [0.19574476276320482, 0.2762327896946142, 0.3443860427518885, 0.18363640479029267], [0.2779057568184869, 0.34345518238790124, 0.08854931824602423, 0.29008974254758746], [0.22805849055742666, 0.2752572816009443, 0.2936088559353445, 0.2030753719062842], [0.24347207299539664, 0.29692430948200615, 0.1422083700701385, 0.31739524745245873], [0.22691238651717752, 0.2812266796873056, 0.2515954066231449, 0.2402655271723722], [0.26055848731296694, 0.31542473247380354, 0.11875384943044527, 0.3052629307827843], [0.2623276906359258, 0.32697986902772436, 0.12675164199619524, 0.2839407983401546], [0.21763480760459902, 0.28049961680076285, 0.25512866162149317, 0.24673691397314504], [0.2147350371268595, 0.2929918575711801, 0.21775600567757616, 0.27451709962438436], [0.2284618060003634, 0.2862860792647548, 0.2532727130394307, 0.2319794016954511], [0.25510314478108054, 0.3155037292093681, 0.14130958391433773, 0.2880835420952136], [0.2555477137835517, 0.29442551454563837, 0.12896947248616458, 0.3210572991846453], [0.23065554318475973, 0.2813648409069647, 0.259733879015174, 0.2282457368931018], [0.2676424458617439, 0.2960110526035466, 0.0751316503779189, 0.36121485115679064], [0.22644425897343406, 0.27799081982351176, 0.26199618385675977, 0.23356873734629455], [0.26002838522821903, 0.29291829174526823, 0.10804005664155139, 0.3390132663849612], [0.2779475446919792, 0.33420842739942286, 0.08916366529137214, 0.2986803626172259], [0.25612635436762154, 0.2842001484117365, 0.1328633146163684, 0.32681018260427347], [0.2271034590919808, 0.28254424036450804, 0.2512868044980337, 0.23906549604547722], [0.2623246977556833, 0.345415035991234, 0.11163232684451378, 0.28062793940856895], [0.22161873594418574, 0.2966779986631061, 0.19729115991411236, 0.28441210547859563], [0.2423612885712228, 0.2800357554998473, 0.2280672156537732, 0.24953574027515693], [0.24509414492157008, 0.2963135186102394, 0.16915979541336085, 0.2894325410548297], [0.1884448201707235, 0.27107539840212125, 0.4047934046594686, 0.1356863767676865], [0.24999962744538617, 0.28560862353631883, 0.163388515372649, 0.30100323364564613], [0.25488004430549915, 0.3214111500900288, 0.12710619792006528, 0.2966026076844064], [0.2519955068617572, 0.28444351959635517, 0.1590475744934403, 0.3045133990484471], [0.22153380615200002, 0.28755569764064015, 0.22392470190462468, 0.266985794302735], [0.23598094358917335, 0.3012082971978041, 0.18151292888323248, 0.2812978303297901], [0.21245812765354516, 0.2880546326073661, 0.25919537996760283, 0.24029185977148565], [0.24132225194048756, 0.3037850510167051, 0.17598318614511646, 0.2789095108976908], [0.23330054838279068, 0.2793380765606552, 0.2753602498926616, 0.2120011251638927], [0.23919225914566633, 0.2786858703315587, 0.2045315680819658, 0.2775903024408089], [0.24760498308739962, 0.31770945070409135, 0.12557088652700096, 0.309114679681508], [0.22771018869137205, 0.28361706146642945, 0.19119544523213633, 0.29747730461006217], [0.24741988389894878, 0.2776366596056818, 0.22957747567796097, 0.2453659808174083], [0.220825006942051, 0.29056633968297496, 0.21945428841633818, 0.2691543649586356], [0.24025397214511188, 0.2819050537834385, 0.24799068901297647, 0.22985028505847319], [0.23715862651851455, 0.31517626298835877, 0.1558766299170154, 0.2917884805761112], [0.25532137407081784, 0.3130893344263467, 0.13032856319680303, 0.3012607283060326], [0.23330243393316183, 0.2815316257333975, 0.22500826847312871, 0.26015767186031175], [0.2803165184691637, 0.34641634119094616, 0.0534303340748499, 0.31983680626504046], [0.23351337831205793, 0.2906408744977313, 0.21517854642123488, 0.26066720076897604], [0.22904935284806086, 0.30834736175003935, 0.15681995621410566, 0.3057833291877941], [0.25069278606881196, 0.3029208416282921, 0.12338667652890392, 0.32299969577399196], [0.2517980675400478, 0.313491038051608, 0.1436670956818472, 0.2910437987264971], [0.2574846997151784, 0.3111394081892991, 0.11253676134558213, 0.31883913074994025], [0.25458599195626536, 0.30540645488845675, 0.15736046201347006, 0.2826470911418079], [0.21767055258224224, 0.2811962986996729, 0.2897784567603919, 0.21135469195769302], [0.21899699198217512, 0.2836704395786085, 0.27295568683690896, 0.22437688160230704], [0.24793182131319205, 0.30964315996353786, 0.15112687566759264, 0.291298143055678], [0.2320380181437354, 0.28067656580666067, 0.18747339515590555, 0.2998120208936982], [0.22346873999140823, 0.28708598009034136, 0.21939684271080304, 0.27004843720744737], [0.18296022215534644, 0.27887237202911164, 0.33143490719018714, 0.20673249862535473], [0.28942264357347736, 0.3590122860842317, 0.06495463148123656, 0.28661043886105453], [0.23631460806493804, 0.291075124232382, 0.18528268784050517, 0.28732757986217444], [0.22694795306287427, 0.29022563279703895, 0.22342914535619166, 0.2593972687838951], [0.2351216820104536, 0.28141711985397727, 0.18450032113720058, 0.2989608769983686], [0.1915278901607261, 0.26468577567949686, 0.4202247342939059, 0.12356159986587134], [0.24339913378687333, 0.307690034002856, 0.16972227206751886, 0.27918856014275184], [0.23687994440534377, 0.2789069153162225, 0.2139211145839527, 0.2702920256944808], [0.23731019010554738, 0.2774607840838443, 0.2170100048423196, 0.26821902096828887], [0.2427370349735725, 0.3076461871335464, 0.17247131869386487, 0.2771454591990161], [0.23426873510968518, 0.28197021023885954, 0.2155662389676896, 0.26819481568376563], [0.23478118709198054, 0.28956084773682667, 0.1898926651483882, 0.2857653000228047], [0.28281652534612683, 0.33844341583167353, 0.06359978958236141, 0.3151402692398381], [0.22788049316374093, 0.28329166217243634, 0.2615784928980628, 0.2272493517657598]]}, "rewritten": {"ids": ["97105760", "97105960", "97106770", "97106970", "97107260", "97107821", "97107920", "97108520", "97116410", "97116790", "98106560", "98107210", "98108150", "98108970", "98109230", "98111860", "98112170", "98112580", "98117740", "99107950", "99108310", "99109740", "99109860", "99110730", "99112300", "99117630", "99117740", "100108080", "100108260", "100108520", "100112060", "100113210", "100116500", "101108290", "101111210", "101112160", "101112201", "101114990", "101119030", "101119591", "102110050", "102110690", "102110750", "102112030", "102113210", "102113350", "103110840", "103111110", "103111620", "103111830", "103113170", "103120340", "103120531", "103120780", "104109311", "104110960", "104111620", "104111880", "104112201", "104118340", "105110251", "105112100", "105113620", "105115900", "105118230", "105119550", "105120621", "106112770", "106113260", "106115120", "106115240", "106116850", "106117650", "106120290", "106121220", "107113200", "107113550", "107114780", "107114950", "107115250", "107116340", "107117010", "107118520", "108113480", "108113700", "108113740", "108115070", "108115250", "108115870", "108116120", "108116481", "108118060", "108118301", "108121160", "109113881", "109114220", "109116040", "109116441", "109117730", "109118161", "109118231", "109119450", "109120150", "109121410", "109121640", "110113931", "110114321", "110117140", "110117870", "110119030", "110119300", "110120190", "110120531", "110121720", "111116010", "111116640", "111118301", "111119950", "111120531", "111121410", "112116290", "112116401", "112116540", "112116810", "112117580", "112118511", "112118581", "112118930", "112119320", "112119950", "112120670", "112120700", "113118231", "113120280", "113120531", "113120540", "113121680", "113121750", "113122150", "113122180", "113122320", "113122650"], "labels": [0, 2, 3, 2, 2, 2, 0, 2, 3, 2, 1, 1, 0, 3, 1, 0, 3, 2, 2, 1, 2, 3, 2, 3, 0, 3, 2, 0, 3, 2, 2, 0, 2, 0, 2, 3, 0, 3, 3, 0, 3, 0, 1, 2, 3, 3, 1, 3, 0, 3, 3, 1, 3, 1, 3, 2, 0, 3, 0, 2, 0, 1, 0, 3, 1, 1, 1, 1, 3, 1, 1, 3, 1, 2, 1, 0, 0, 2, 3, 2, 3, 1, 2, 0, 0, 3, 1, 1, 3, 1, 0, 1, 1, 2, 0, 3, 0, 3, 3, 0, 1, 3, 2, 0, 0, 1, 1, 3, 3, 0, 1, 3, 0, 3, 1, 0, 3, 0, 0, 0, 0, 0, 1, 3, 0, 1, 1, 1, 1, 0, 2, 2, 3, 0, 0, 3, 1, 0, 2, 2, 1, 2], "predicted_labels": [3, 3, 3, 3, 0, 1, 3, 1, 3, 2, 1, 1, 2, 1, 2, 1, 0, 2, 1, 1, 1, 1, 1, 2, 3, 3, 0, 1, 1, 2, 3, 3, 3, 1, 3, 1, 1, 1, 3, 3, 0, 1, 2, 3, 3, 1, 1, 3, 1, 3, 1, 1, 1, 3, 3, 3, 0, 3, 3, 3, 0, 3, 1, 3, 1, 1, 0, 3, 1, 3, 3, 2, 3, 1, 3, 3, 3, 1, 3, 1, 3, 1, 3, 3, 3, 3, 1, 3, 3, 0, 3, 3, 1, 3, 0, 3, 1, 0, 3, 1, 1, 3, 1, 1, 1, 3, 3, 0, 0, 1, 3, 3, 0, 1, 1, 3, 3, 0, 1, 3, 1, 3, 3, 0, 3, 3, 3, 3, 1, 0, 1, 1, 3, 3, 3, 3, 1, 1, 3, 3, 3, 3], "confidence_scores": [[0.27077384726278547, 0.3216568719895179, 0.08865506329135085, 0.31891421745634563], [0.23867603244509725, 0.2970990279158807, 0.19064007976942587, 0.27358485986959646], [0.22684944525252312, 0.29063549266637995, 0.23935150942600697, 0.24316355265509007], [0.17375138336391152, 0.27942356812495134, 0.35024552787428426, 0.1965795206368523], [0.22177673515816618, 0.2730688977147513, 0.3098040538302772, 0.19535031329680533], [0.24663515202147646, 0.2938883819846336, 0.16112405459080484, 0.2983524114030851], [0.2861968657308087, 0.34805024042990923, 0.07661248921220916, 0.2891404046270728], [0.24102666104411466, 0.27957673887736867, 0.22933319799098129, 0.25006340208753547], [0.22910351987087962, 0.28274735782961313, 0.22992586317568153, 0.25822325912382543], [0.20418027320000603, 0.2749459889759471, 0.3451658098193475, 0.17570792800469953], [0.19443263087324464, 0.27896909660011515, 0.31259430079992095, 0.21400397172671956], [0.21405222722919204, 0.28269258280737214, 0.2635544490997625, 0.23970074086367343], [0.22079584539553448, 0.2773130298039515, 0.31800587372421185, 0.18388525107630235], [0.19381649547337168, 0.27848000211794177, 0.34187767556616816, 0.18582582684251878], [0.19001399752647632, 0.2645455349310601, 0.4071476887152508, 0.13829277882721308], [0.19407658666296526, 0.27520959145473006, 0.33449655350916196, 0.19621726837314296], [0.25101785803373283, 0.29266752897303155, 0.19624342420622956, 0.260071188787006], [0.20742030921742186, 0.27591004268576175, 0.3543646058337431, 0.16230504226307338], [0.2125306839704073, 0.27932629017138094, 0.2894587119144988, 0.21868431394371307], [0.19304617850352462, 0.26892710464670955, 0.4044821449199563, 0.1335445719298095], [0.23074656562293533, 0.279351246924997, 0.2870635995408041, 0.20283858791126336], [0.21097566038534243, 0.2781442858901449, 0.31117376563520277, 0.19970628808930976], [0.21658108783703559, 0.27656260620853157, 0.3482791825121145, 0.15857712344231858], [0.19383490361868647, 0.2700916581122428, 0.36998578849533986, 0.16608764977373067], [0.255699858214598, 0.3105781882136138, 0.15479771527402347, 0.2789242382977648], [0.21804404600546232, 0.2780481563632603, 0.3124462558778322, 0.1914615417534452], [0.2482590223837392, 0.29877905572381, 0.16815793524319192, 0.28480398664925904], [0.2234866566757367, 0.2775570379595739, 0.30074834544302376, 0.1982079599216656], [0.24415229649967332, 0.27792342498702977, 0.23903497445569422, 0.23888930405760261], [0.18996510097746958, 0.2636576017133777, 0.4059981398004175, 0.14037915750873517], [0.2168521955091466, 0.28500813992206625, 0.27070888695307765, 0.22743077761570935], [0.24250712296676497, 0.3091963368245006, 0.15121285109319293, 0.29708368911554145], [0.23172815583998832, 0.2857379942352098, 0.25117375863235447, 0.23136009129244728], [0.25348539300637624, 0.2921583784136659, 0.14261429180599478, 0.31174193677396295], [0.22629430608403256, 0.284397854543675, 0.24258575111442277, 0.2467220882578696], [0.24373469621816835, 0.27269957215053214, 0.20222414943582254, 0.2813415821954766], [0.26503623952293537, 0.30016609085661966, 0.08258992480242126, 0.35220774481802375], [0.21953460305359535, 0.2823812417524221, 0.3068126103507407, 0.19127154484324208], [0.24051721818117755, 0.30921461057047744, 0.16440390251789916, 0.2858642687304455], [0.26279196046828496, 0.321782253974186, 0.11876642746308008, 0.296659358094449], [0.22481637852831135, 0.27553365184805645, 0.3012260605243528, 0.198423909099279], [0.25047622627562677, 0.3068101391195248, 0.13065794760082552, 0.3120556870040229], [0.19175105677589682, 0.26617044017338193, 0.4014441993910443, 0.14063430365967702], [0.22024984516485127, 0.28248519947336226, 0.27673511218838065, 0.22052984317340601], [0.23616429772004693, 0.2870707081023078, 0.20858184417867723, 0.26818314999896803], [0.23043926344125484, 0.2834962869909124, 0.1829044298797934, 0.3031600196880393], [0.23812553900948405, 0.30090096705848074, 0.15709764766794904, 0.30387584626408637], [0.24232315964352485, 0.29049404404807766, 0.2144606791570931, 0.25272211715130427], [0.21669751228980866, 0.28694486612421616, 0.23612510846760287, 0.26023251311837253], [0.22971921978872747, 0.29801766636553534, 0.21239390572280642, 0.2598692081229309], [0.2230177177752216, 0.2778339654579795, 0.300103278839546, 0.19904503792725287], [0.22702112968891164, 0.2823168770760904, 0.28845975396817947, 0.20220223926681863], [0.22522182114006378, 0.2818510275021399, 0.2393143391925318, 0.25361281216526466], [0.22270804944662498, 0.28635086506753, 0.2386639995632821, 0.2522770859225628], [0.25044828702152566, 0.3064418454594426, 0.1674888359827099, 0.275621031536322], [0.19286541652967248, 0.2814192840403049, 0.30995222646777876, 0.21576307296224392], [0.2779477429631808, 0.3248322840018112, 0.047149741037222595, 0.35007023199778536], [0.21930022723287126, 0.30655733840190336, 0.1789401681377052, 0.2952022662275201], [0.2571713123916129, 0.3100320315281827, 0.12576596953528552, 0.307030686544919], [0.23837271868640447, 0.2984078137415305, 0.17882820497028476, 0.28439126260178016], [0.25103753679910384, 0.29360780267602965, 0.15860674408069, 0.29674791644417675], [0.23164592425999292, 0.2860458809996908, 0.2369641224719006, 0.2453440722684155], [0.21331706816411258, 0.28100955653967824, 0.2720312594786968, 0.23364211581751246], [0.253771843812935, 0.3161153132099978, 0.11919521629916244, 0.3109176266779047], [0.23297671343479623, 0.276893901045028, 0.2210485552040323, 0.26908083031614344], [0.23228963841792913, 0.29713314888938064, 0.17529901861718195, 0.2952781940755083], [0.28291471157926296, 0.3515551358267022, 0.05441747748753723, 0.31111267510649765], [0.2340329038994908, 0.28909674677183383, 0.21185775822999, 0.26501259109868547], [0.22927045405307714, 0.2808378356219053, 0.20754732589754663, 0.2823443844274708], [0.2829471733723986, 0.33887539876620554, 0.0634686998415745, 0.31470872801982147], [0.2492213128293747, 0.300379888435828, 0.15805331741900316, 0.29234548131579424], [0.1710767951781189, 0.24469250059941602, 0.48293636311899163, 0.10129434110347323], [0.23621398615221356, 0.2894998721676974, 0.21376540139777073, 0.26052074028231825], [0.2238188778683131, 0.2798842252313517, 0.2231399852457499, 0.27315691165458544], [0.21966508441836619, 0.3118376068477768, 0.2001026716805314, 0.2683946370533259], [0.27777575897900303, 0.34853328943018425, 0.07492006738352879, 0.2987708842072842], [0.2383983521333141, 0.2884893043335672, 0.2079356811816938, 0.2651766623514249], [0.20910616286950942, 0.28165833402227325, 0.24956546943249047, 0.25967003367572733], [0.24316131186839565, 0.3031984783146815, 0.1751390050842459, 0.2785012047326769], [0.23688368102483212, 0.29024714278584324, 0.1845475997549181, 0.28832157643440653], [0.22108288746656196, 0.28606735077800827, 0.2557474786468699, 0.2371022831085597], [0.22622910741953853, 0.2838825809957446, 0.21927951035018953, 0.2706088012345274], [0.243132404389587, 0.29967695519848825, 0.1778396798730824, 0.27935096053884256], [0.21234950047880222, 0.28648367917332457, 0.24279887630808794, 0.25836794403978514], [0.22219554282574652, 0.290312230737687, 0.2389217080083441, 0.2485705184282223], [0.24646655315811766, 0.29674247615988636, 0.19228691075420204, 0.26450405992779413], [0.24628666801365476, 0.2750537554716009, 0.207983761725389, 0.27067581478935554], [0.2642745563634553, 0.3278435104853332, 0.13216391795830776, 0.2757180151929039], [0.24498048565830052, 0.30620144982344544, 0.16715588933568437, 0.2816621751825698], [0.2562222141417543, 0.28781478415052364, 0.1908509965289386, 0.2651120051787835], [0.2618228406943933, 0.3098528655905374, 0.11239367499230535, 0.31593061872276407], [0.2554385412526661, 0.31473029148752973, 0.15218067902943772, 0.2776504882303664], [0.23919228561980854, 0.29379430713747734, 0.16918703734901852, 0.29782636989369554], [0.2725336144106983, 0.34749061644516416, 0.10017849398360214, 0.27979727516053554], [0.25772252349402985, 0.28471798717004365, 0.23437967639866497, 0.22317981293726138], [0.25618200888261017, 0.31583239647397865, 0.12049263776290058, 0.30749295688051054], [0.22059108492092985, 0.28178548329625236, 0.2570412603583433, 0.2405821714244746], [0.2739248022501285, 0.3277354375293048, 0.06736585577713831, 0.3309739044434285], [0.24312991494384156, 0.2993106095064253, 0.17108916638230318, 0.2864703091674304], [0.24663063153520332, 0.28686472583149475, 0.17141397953794477, 0.29509066309535725], [0.22974369385431584, 0.28373010555367983, 0.23236511449635253, 0.2541610860956517], [0.21632805035899483, 0.29104742291702695, 0.250814000816575, 0.24181052590740312], [0.22247547272931778, 0.28330727015938867, 0.23843210257597336, 0.25578515453532036], [0.2454523139841214, 0.29757953130539994, 0.151007125105136, 0.30596102960534277], [0.24283214490423413, 0.2774546036237223, 0.2255085880862633, 0.2542046633857802], [0.24098159922887266, 0.29575511768214824, 0.18123705439484786, 0.28202622869413135], [0.23137872251167163, 0.2971300624977972, 0.1926954914228843, 0.27879572356764637], [0.2598266676667937, 0.29174086171965047, 0.11361443568469866, 0.33481803492885687], [0.23430477827569052, 0.285030423550278, 0.2579506170557924, 0.22271418111823904], [0.2477597459900516, 0.30373144350059406, 0.13662219053159766, 0.311886619977757], [0.23175627744811378, 0.2980030744813961, 0.18745727600598266, 0.2827833720645075], [0.21394341064686842, 0.29678532418902875, 0.21721895968791752, 0.2720523054761852], [0.2604071331239432, 0.2982943961833818, 0.12421713796499216, 0.31708133272768274], [0.2529719879558552, 0.2801100142819049, 0.14851754032142916, 0.31840045744081086], [0.2273245005906667, 0.2805715884165939, 0.2823667697508909, 0.2097371412418485], [0.2311133933362046, 0.2853432812694989, 0.22857699223208838, 0.254966333162208], [0.23251359305914443, 0.29541512384345336, 0.19511366081192458, 0.27695762228547777], [0.25928412700094344, 0.3015377703888069, 0.138347167117615, 0.3008309354926347], [0.25302219184675884, 0.2949680914731404, 0.13705290698807807, 0.3149568096920225], [0.2536883124620123, 0.3193540899419592, 0.12787810277055509, 0.2990794948254735], [0.23703191529742845, 0.29975661455210667, 0.1545495027670611, 0.3086619673834039], [0.2915634271391358, 0.36044956092975894, 0.08188801273377105, 0.266098999197334], [0.26027568629421005, 0.31541027322267684, 0.11683118965452158, 0.3074828508285914], [0.23046013224556502, 0.2822046780672763, 0.2475620396504321, 0.2397731500367267], [0.25315091706556014, 0.31204932680694364, 0.12824157365983982, 0.3065581824676561], [0.2542446134282056, 0.320717852167065, 0.12114146189906914, 0.30389607250566036], [0.22191851697970347, 0.3060659873463209, 0.1960364269761811, 0.27597906869779454], [0.26181924939300477, 0.3139723370430069, 0.11907539226752305, 0.3051330212964651], [0.2315241429561621, 0.31055393178515645, 0.1513488990646353, 0.30657302619404625], [0.26805295559949366, 0.3135492172662465, 0.13471235495770736, 0.2836854721765529], [0.23381944511066755, 0.2883339869757552, 0.18981897994446043, 0.28802758796911676], [0.22383333438571032, 0.2837706544072068, 0.2075618625815714, 0.2848341486255113], [0.21922926911550636, 0.2945444210661673, 0.21388603082681332, 0.27234027899151275], [0.29245125671513145, 0.36325474586682976, 0.06788520627610883, 0.27640879114193], [0.24341631560415455, 0.30833870748236986, 0.16144851894536913, 0.2867964579681064], [0.2641285727631376, 0.324867541962649, 0.1008639764909892, 0.3101399087832241], [0.2277767603392062, 0.27985751260048397, 0.2103672174170446, 0.2819985096432651], [0.2634454320921245, 0.3013763026737972, 0.0877194586369096, 0.34745880659716893], [0.255770967169386, 0.3172568735134337, 0.12331943216072908, 0.3036527271564511], [0.2300506718593663, 0.29172941762040294, 0.2125316441780977, 0.2656882663421332], [0.21958214887881047, 0.28319206067471697, 0.274609711969797, 0.22261607847667547], [0.2075696338421645, 0.28542343572181766, 0.27672024271335993, 0.23028668772265803]]}}