{"test": {"ids": ["112116610", "105120621", "106113190", "106118161", "109121410", "102110050", "102113981", "111120320", "99113260", "104111380", "112116900", "104114230", "104114240", "104118070", "111120540", "103118291", "102110850", "111119290", "113122510", "108117610", "97114170", "102117351", "113121980", "111120531", "98120530", "113118231", "98106880", "105116860", "113119950", "110119030", "105115900", "103110760", "105115380", "108114040", "112117030", "102110750", "113119450", "108115870", "110114561", "98111231", "111115400", "109119591", "107114780", "107114321", "102114270", "112117431", "105119950", "106111321", "104116800", "103111540", "113120260", "103120730", "98116090", "104111531", "104113000", "113120830", "102116340", "106121220", "112119500", "112118581", "112120640", "105112260", "106114280", "108113620", "107112850", "103113210", "99117740", "105110251", "107115250", "109121351", "107117010", "97106970", "112117580", "107115140", "98108580", "105112240", "101110150", "113121190", "102110890", "112121430", "107121540", "110118121", "99110730", "113122320", "106115240", "106119990", "97105760", "97106820", "100108490", "97106600", "112116990", "112119980", "97112300", "108115970", "112120540", "111116100", "113122220", "110119300", "110117080", "109118701", "107113130", "106116640", "111121190", "104116980", "107119390", "108114360", "112116401", "113118421", "107113360", "107116340", "98111620", "110116441", "110119891", "101112540", "112121410", "108119510", "101121640", "112118511", "100116500", "104111990", "105117200", "98109311", "112118421", "110121450", "101108950", "103120290", "113118111", "99112840", "104113170", "111116530", "102108621", "108121410", "105115720", "103111990", "99109370", "113119700", "110120560", "113118810", "111117200", "109118161", "99109141", "100111620"], "labels": [1, 1, 0, 3, 0, 3, 1, 1, 0, 3, 3, 2, 0, 2, 1, 0, 3, 3, 2, 3, 2, 1, 2, 0, 1, 3, 0, 2, 0, 0, 3, 1, 1, 0, 2, 1, 3, 3, 0, 1, 0, 0, 2, 0, 3, 0, 3, 0, 1, 1, 3, 1, 0, 0, 1, 3, 3, 1, 2, 1, 0, 3, 3, 3, 1, 3, 2, 0, 2, 0, 1, 2, 0, 0, 0, 1, 1, 1, 0, 2, 2, 3, 3, 1, 1, 0, 0, 1, 2, 3, 0, 0, 2, 2, 3, 3, 1, 1, 1, 3, 1, 3, 1, 1, 2, 1, 0, 3, 0, 3, 3, 3, 3, 2, 0, 1, 2, 1, 2, 2, 3, 1, 3, 3, 2, 2, 1, 2, 3, 3, 3, 0, 1, 2, 1, 0, 0, 3, 0, 0, 3, 3], "predicted_labels": [0, 0, 1, 0, 0, 1, 3, 1, 3, 3, 3, 1, 0, 3, 1, 3, 0, 0, 2, 3, 3, 1, 3, 3, 3, 2, 1, 0, 3, 3, 0, 3, 2, 2, 1, 1, 0, 3, 2, 0, 3, 1, 2, 3, 1, 1, 0, 1, 3, 1, 3, 3, 1, 3, 3, 0, 3, 1, 2, 1, 0, 3, 0, 0, 3, 3, 3, 0, 3, 0, 3, 1, 0, 3, 3, 0, 1, 0, 0, 1, 2, 3, 2, 3, 0, 3, 3, 2, 0, 3, 3, 1, 3, 0, 1, 3, 0, 1, 1, 3, 2, 0, 1, 3, 3, 1, 3, 0, 0, 3, 1, 3, 0, 3, 0, 3, 1, 3, 3, 2, 1, 3, 3, 0, 3, 2, 1, 2, 1, 3, 1, 1, 3, 1, 1, 0, 0, 1, 0, 1, 0, 1], "confidence_scores": [[0.648913486313017, 0.17547120735505514, 0.08939226410779444, 0.08622304222413339], [0.5915706499877305, 0.22141217872839608, 0.003752931281278196, 0.18326424000259525], [0.017168029028246223, 0.9375990919360818, 0.03310445107253539, 0.01212842796313646], [0.8745227743229107, 0.10612527332805156, 0.003557214776048905, 0.01579473757298891], [0.5378956511754496, 0.18168326837331766, 0.013548499740960838, 0.266872580710272], [0.22535542076958537, 0.37521366830768327, 0.2702084386047716, 0.12922247231795964], [0.330643681397063, 0.08999017403968383, 0.07249296991654959, 0.5068731746467036], [0.1673534249823472, 0.6917298952419823, 0.11360932885836773, 0.02730735091730282], [0.01835251540031728, 0.032350913939130685, 0.1977243477222594, 0.7515722229382927], [0.2537270533945697, 0.09750767450156773, 0.2801155993791487, 0.36864967272471383], [0.0709737223915339, 0.304118549612706, 0.10684871400435762, 0.5180590139914024], [0.04083469715886758, 0.3687265888338742, 0.3679902121123253, 0.222448501894933], [0.49648687362189914, 0.08954589945178314, 0.22885491024454754, 0.18511231668177017], [0.2792797027559314, 0.23807123257747018, 0.18681038566014602, 0.2958386790064524], [0.36866208257767547, 0.46938004702337227, 0.15486884306901266, 0.007089027329939523], [0.27284608965876067, 0.16307708786139502, 0.1474003887310524, 0.41667643374879176], [0.33218604165366605, 0.10846521404393596, 0.3266466486936155, 0.23270209560878244], [0.672178086013196, 0.04636148897869822, 0.07338302857377434, 0.20807739643433149], [0.08625664856780467, 0.12930022528318705, 0.6631578911798983, 0.12128523496910991], [0.0050771010251105695, 0.07108378692952456, 0.014221174791897207, 0.9096179372534677], [0.09211760213396826, 0.1433144917822351, 0.31728117024987695, 0.4472867358339197], [0.245165441587043, 0.42207835955897743, 0.0068273077222207965, 0.32592889113175877], [0.20314132730221676, 0.3545485974724381, 0.013216218915900144, 0.42909385630944485], [0.32671925134284824, 0.14387230559158798, 0.09912907339334663, 0.43027936967221714], [0.23229262599253078, 0.034769509092261154, 0.10278517946061426, 0.6301526854545937], [0.1308987669109879, 0.12507575541488983, 0.42827680220506986, 0.31574867546905244], [0.12020790732900932, 0.5537334936037871, 0.22854603190392522, 0.09751256716327829], [0.5636320854757039, 0.25875594710644245, 0.1757868251879114, 0.00182514222994222], [0.13781506826753923, 0.08181822193655156, 0.01144693811748732, 0.7689197716784218], [0.014292700518182043, 0.2838765192910392, 0.006103539429680588, 0.6957272407610982], [0.5390759130143381, 0.25580015553653584, 0.029287972921485435, 0.17583595852764053], [0.21063968956319393, 0.11975052636598062, 0.03473789304081523, 0.6348718910300102], [0.026400925710865733, 0.23089081761808608, 0.651560488719117, 0.09114776795193122], [0.07163285900916398, 0.075988432712649, 0.6710000660389408, 0.18137864223924627], [0.257030809999795, 0.42672248555156167, 0.10556628389806398, 0.21068042055057928], [0.02927925938274255, 0.5284261112441963, 0.4407722659483564, 0.0015223634247047576], [0.5352017427020761, 0.12185761660160252, 0.04744640758407179, 0.29549423311224965], [0.08800121691689129, 0.17568862045181816, 0.01960629123439244, 0.7167038713968981], [0.13831235111314535, 0.06591254705509687, 0.7025593888728731, 0.09321571295888458], [0.8207429261953049, 0.01801763031461191, 0.017967449518501002, 0.14327199397158236], [0.3530828099194557, 0.04812091547489433, 0.12176300536844271, 0.4770332692372073], [0.2986161415481664, 0.5793888592654264, 0.10281062430326929, 0.019184374883137845], [0.06371626207758661, 0.25789281271765047, 0.433313490754871, 0.245077434449892], [0.28948388879556847, 0.16322582029343163, 0.0034380186860370906, 0.5438522722249628], [0.009824625379669594, 0.5098527587935361, 0.31704303474568357, 0.1632795810811107], [0.3276126963940526, 0.4207207705237123, 0.011648234885001394, 0.2400182981972337], [0.5355631723554861, 0.3319174041315463, 0.10256633575613341, 0.0299530877568342], [0.23968143193041216, 0.6289967528869582, 0.024146791503525965, 0.10717502367910356], [0.36374084202499624, 0.11109540103948665, 0.02609456673347725, 0.49906919020203977], [0.14650176692991101, 0.5097176361181377, 0.01703170992372488, 0.32674888702822646], [0.30473598653612793, 0.26894359667591355, 0.011826519160035062, 0.4144938976279234], [0.16957243905836847, 0.24062405972645481, 0.11859060855701485, 0.4712128926581619], [0.06352366996141284, 0.5896811932659355, 0.09473985795404212, 0.25205527881860956], [0.09642860920410506, 0.2934435532287546, 0.09350039746038163, 0.5166274401067588], [0.013182099242357673, 0.009381535371983914, 0.006361702374504517, 0.971074663011154], [0.6368393616758765, 0.05117012413868947, 0.11325268129338453, 0.19873783289204944], [0.11789559643296539, 0.23864563983638515, 0.27336237607433117, 0.37009638765631836], [0.004358751076374896, 0.5289107723750915, 0.10608755883566516, 0.3606429177128684], [0.06083580322531875, 0.3980368463227836, 0.5061272748574379, 0.03500007559445985], [0.24096495309674654, 0.2992833471357052, 0.16828709962820101, 0.2914646001393472], [0.9145385703204106, 0.045721737004551795, 0.010837664797930156, 0.02890202787710766], [0.1957834540964853, 0.11766055369100081, 0.011509524937534819, 0.6750464672749791], [0.522472902800245, 0.11934097079741919, 0.14863389902571122, 0.20955222737662466], [0.7805870738130377, 0.08123237874121732, 0.009110514223099527, 0.1290700332226456], [0.033221840959296645, 0.35498452527517976, 0.09540614216041692, 0.5163874916051067], [0.04328601435739054, 0.29826612782738315, 0.2885966540644648, 0.36985120375076147], [0.21472985109391501, 0.32784396626328144, 0.08343416058091517, 0.37399202206188825], [0.46532482826544985, 0.44765462611009516, 0.034125389556559096, 0.05289515606789592], [0.07248283065947819, 0.3398289208549682, 0.060020682393413884, 0.5276675660921397], [0.8164170917468101, 0.07946354351238508, 0.00924970895828594, 0.09486965578251907], [0.038542542449326776, 0.2682024640036107, 0.2632951170290458, 0.4299598765180168], [0.01794429965256941, 0.5808183979293006, 0.24546977493156918, 0.15576752748656092], [0.5255264819060427, 0.15885881670828253, 0.02190682670718336, 0.29370787467849147], [0.0784606349352424, 0.011236814844187423, 0.03651717209879356, 0.8737853781217767], [0.23598345006683955, 0.2108162371131114, 0.2616369674620303, 0.29156334535801876], [0.4022722056254707, 0.29372190248653557, 0.045130335662694684, 0.25887555622529906], [0.16409089761543974, 0.55818978044556, 0.09332110443125675, 0.18439821750774368], [0.878000415017814, 0.013519304932239717, 0.024882876821630297, 0.08359740322831577], [0.7801681214945595, 0.10055074071989242, 0.0029134417321839403, 0.11636769605336413], [0.001900985594732332, 0.5036166400597388, 0.4014230833208519, 0.09305929102467686], [0.24710570710733815, 0.2663436923935256, 0.3978536312005656, 0.08869696929857057], [0.3915166514527412, 0.16225888720750278, 0.033609141820605655, 0.4126153195191505], [0.05664675257464096, 0.008976934718333336, 0.649887624642448, 0.2844886880645776], [0.09772641852757552, 0.1401260124913259, 0.04880507360905448, 0.7133424953720442], [0.8284944874994985, 0.11903044119658875, 0.030516857005322494, 0.02195821429859032], [0.18339621538903134, 0.11135253661368325, 0.20933563279112888, 0.4959156152061565], [0.15365251663178042, 0.05780422462262287, 0.004667670782852978, 0.7838755879627436], [0.2420302370855902, 0.023971705268870255, 0.4112334532711835, 0.3227646043743562], [0.8082864536309694, 0.09661425830984276, 0.08124547238945959, 0.013853815669728322], [0.19314174983329488, 0.055810907448039314, 0.011262675430999698, 0.739784667287666], [0.008292221652708662, 0.09042676981708983, 0.03269224589958967, 0.8685887626306118], [0.1929109587148061, 0.6649898017191115, 0.07018889014793807, 0.07191034941814427], [0.3002957002706692, 0.06288432142617449, 0.03911842473956956, 0.5977015535635868], [0.6537147228470933, 0.26497772466713676, 0.024781870805409542, 0.05652568168036034], [0.08775926541143136, 0.5137998206512654, 0.17454641798935863, 0.22389449594794464], [0.17512955631703242, 0.35120405478967365, 0.012819731283148951, 0.460846657610145], [0.5209111841061576, 0.4270039351179261, 0.021494249397494086, 0.030590631378422297], [0.23758752305101363, 0.4571248514345024, 0.071738336277157, 0.23354928923732693], [0.08955455045861534, 0.5540055221132439, 0.14826077113977965, 0.20817915628836112], [0.09515856765672305, 0.11964787743299739, 0.13799919855050705, 0.6471943563597725], [0.013389216112243281, 0.07353697335369117, 0.8481253265841627, 0.06494848394990292], [0.7526227863637002, 0.05855017692407691, 0.056933919969479545, 0.13189311674274348], [0.2712569997836753, 0.5294524234621013, 0.12766408496439693, 0.07162649178982661], [0.026430585784858674, 0.2560801188155935, 0.1928727159633009, 0.524616579436247], [0.09945709170313151, 0.3204855434232354, 0.21123808494228583, 0.3688192799313473], [0.16264410468103002, 0.44990056406593465, 0.06194873788053118, 0.32550659337250415], [0.022639329474382287, 0.01987420312871215, 0.00271730879293011, 0.9547691586039754], [0.6562962403672143, 0.025013165797870652, 0.03633991525268266, 0.2823506785822323], [0.427953086905192, 0.20585096887107754, 0.05564988619219607, 0.3105460580315344], [0.06992816891630076, 0.1469488504657326, 0.12614284841972928, 0.6569801321982374], [0.001977229007710146, 0.9227536854930835, 0.023706127169113, 0.051562958330093334], [0.005174369510034335, 0.014358619523061621, 0.010124698174170084, 0.970342312792734], [0.49015535459305964, 0.2852644380236352, 0.11585839556241607, 0.10872181182088897], [0.08486880280481919, 0.2374045449532302, 0.14721169579640933, 0.5305149564455413], [0.39018989952973704, 0.1746093247751238, 0.3110115251091711, 0.12418925058596811], [0.26211014197333776, 0.2651454625137479, 0.01187333630294698, 0.4608710592099675], [0.14014209795281976, 0.5311935476440712, 0.016518598817819242, 0.31214575558528973], [0.34270309605189886, 0.1902116990421543, 0.07491861655892108, 0.3921665883470259], [0.0762118541837419, 0.08968034677644085, 0.3864310738909342, 0.44767672514888307], [0.14336433816475289, 0.3543756098610068, 0.36693637320791794, 0.13532367876632231], [0.23024502787519965, 0.3795446298300154, 0.12894997929873706, 0.2612603629960479], [0.041535369581771356, 0.08384800266239292, 0.06478868865114688, 0.8098279391046888], [0.17069956017800425, 0.01186785375153025, 0.00624999248544562, 0.8111825935850198], [0.8560902353532054, 0.10197122065490109, 0.0022299437007264316, 0.039708600291166976], [0.023400895215548823, 0.12392266678279998, 0.020478247870284867, 0.8321981901313664], [0.21512152775456206, 0.3055498657015586, 0.3492522384444196, 0.13007636809945972], [0.2272060777364452, 0.3726749153496586, 0.06407626685741867, 0.33604274005647755], [0.23282512542931635, 0.20048698095985915, 0.47098718957829083, 0.09570070403253363], [0.20662475221663373, 0.5384632116037505, 0.1129156438049717, 0.141996392374644], [0.058289670880742835, 0.042164543844995614, 0.021694922878454766, 0.8778508623958067], [0.01517061305269275, 0.9616997820873205, 0.0014120044559068822, 0.021717600404079725], [0.0065606736350536455, 0.6582856628516053, 0.006933093472910764, 0.3282205700404303], [0.06478080409563076, 0.40329195651648425, 0.06834974636634243, 0.4635774930215425], [0.037907482894953874, 0.6795394175635208, 0.057933127715523815, 0.22461997182600146], [0.015991881574735647, 0.943365573847306, 0.029296243637589262, 0.011346300940369087], [0.6562920027139066, 0.10205444520431359, 0.003929884931973614, 0.2377236671498062], [0.6547391144825908, 0.10489906830938031, 0.16288051048604837, 0.07748130672198046], [0.03936466225949204, 0.6172877515673876, 0.08340567780839649, 0.2599419083647239], [0.7277195898405742, 0.1612659356600582, 0.09087895557064173, 0.02013551892872602], [0.3372516275348717, 0.6223150381014226, 0.023447562751996425, 0.016985771611709253], [0.60514159507472, 0.0847965228785747, 0.001824221468465281, 0.3082376605782401], [0.05064287392832578, 0.6170239442648429, 0.17700542614100756, 0.1553277556658237]]}, "rewritten": {"ids": ["97105760", "97106600", "97106820", "97106970", "97112300", "97114170", "98106880", "98108580", "98109311", "98111231", "98111620", "98116090", "98120530", "99109141", "99109370", "99110730", "99112840", "99113260", "99117740", "100108490", "100111620", "100116500", "101108950", "101110150", "101112540", "101121640", "102108621", "102110050", "102110750", "102110850", "102110890", "102113981", "102114270", "102116340", "102117351", "103110760", "103111540", "103111990", "103113210", "103118291", "103120290", "103120730", "104111380", "104111531", "104111990", "104113000", "104113170", "104114230", "104114240", "104116800", "104116980", "104118070", "105110251", "105112240", "105112260", "105115380", "105115720", "105115900", "105116860", "105117200", "105119950", "105120621", "106111321", "106113190", "106114280", "106115240", "106116640", "106118161", "106119990", "106121220", "107112850", "107113130", "107113360", "107114321", "107114780", "107115140", "107115250", "107116340", "107117010", "107119390", "107121540", "108113620", "108114040", "108114360", "108115870", "108115970", "108117610", "108119510", "108121410", "109118161", "109118701", "109119591", "109121351", "109121410", "110114561", "110116441", "110117080", "110118121", "110119030", "110119300", "110119891", "110120560", "110121450", "111115400", "111116100", "111116530", "111117200", "111119290", "111120320", "111120531", "111120540", "111121190", "112116401", "112116610", "112116900", "112116990", "112117030", "112117431", "112117580", "112118421", "112118511", "112118581", "112119500", "112119980", "112120540", "112120640", "112121410", "112121430", "113118111", "113118231", "113118421", "113118810", "113119450", "113119700", "113119950", "113120260", "113120830", "113121190", "113121980", "113122220", "113122320", "113122510"], "labels": [0, 3, 1, 2, 2, 2, 0, 0, 1, 1, 3, 0, 1, 3, 1, 3, 2, 0, 2, 2, 3, 2, 2, 1, 2, 2, 3, 3, 1, 3, 0, 1, 3, 3, 1, 1, 1, 2, 3, 0, 2, 1, 3, 0, 2, 1, 3, 2, 0, 1, 1, 2, 0, 1, 3, 1, 1, 3, 2, 3, 3, 1, 0, 0, 3, 1, 3, 3, 0, 1, 1, 1, 0, 0, 2, 0, 2, 3, 1, 2, 2, 3, 0, 1, 3, 2, 3, 1, 0, 0, 3, 0, 0, 0, 0, 3, 1, 3, 0, 1, 3, 0, 3, 0, 3, 3, 0, 3, 1, 0, 1, 1, 0, 1, 3, 0, 2, 0, 0, 3, 1, 1, 2, 0, 3, 0, 0, 2, 1, 3, 3, 3, 3, 0, 0, 3, 3, 1, 2, 1, 1, 2], "predicted_labels": [3, 3, 3, 1, 3, 3, 2, 2, 3, 0, 1, 3, 0, 0, 1, 2, 2, 3, 3, 0, 3, 2, 3, 1, 3, 3, 0, 2, 2, 1, 0, 3, 1, 3, 3, 3, 1, 3, 2, 0, 1, 1, 3, 3, 1, 3, 1, 2, 0, 3, 3, 3, 3, 3, 3, 1, 1, 3, 0, 3, 0, 0, 3, 1, 3, 0, 3, 0, 3, 3, 3, 2, 3, 3, 1, 3, 0, 3, 2, 3, 2, 0, 2, 0, 3, 0, 3, 0, 3, 1, 3, 0, 0, 1, 3, 3, 1, 3, 3, 1, 0, 3, 0, 0, 3, 3, 0, 0, 3, 0, 0, 0, 3, 0, 3, 3, 3, 1, 0, 3, 0, 3, 2, 1, 1, 0, 0, 2, 3, 1, 0, 1, 0, 3, 3, 3, 3, 0, 3, 1, 3, 3], "confidence_scores": [[0.3420616994564208, 0.011861314477848819, 0.002664392086753805, 0.6434125939789767], [0.17384327780991526, 0.06630172439940618, 0.011056313399353245, 0.7487986843913254], [0.2164246335551725, 0.0285291602050706, 0.3401794629895563, 0.4148667432502006], [0.06767464217082307, 0.47125726674908053, 0.23582619752642991, 0.2252418935536665], [0.1949949425295804, 0.049046829223124824, 0.03428195755828442, 0.7216762706890103], [0.05615527137186318, 0.0752208955698832, 0.3070304484234187, 0.5615933846348349], [0.09109197720354799, 0.38933084042017707, 0.430221852877865, 0.08935532949840994], [0.2358936019290196, 0.1278993596722474, 0.3680492096507302, 0.2681578287480028], [0.03281949210627179, 0.09951113132669266, 0.07272575014449749, 0.794943626422538], [0.8569170735280195, 0.04282490966490611, 0.01618302597032404, 0.08407499083675025], [0.0018055603655934436, 0.9182770262776974, 0.06854374942448314, 0.011373663932225993], [0.07998350704002645, 0.15258123266778956, 0.11070701906233288, 0.6567282412298511], [0.34616207981555014, 0.2815223307093027, 0.04711648754611038, 0.3251991019290367], [0.4781049044286827, 0.37454007808935136, 0.010088499114451602, 0.13726651836751433], [0.04908385746155573, 0.8764088663448859, 0.06198038864069381, 0.012526887552864576], [0.15354817658441397, 0.006059377750941942, 0.5713307273100302, 0.26906171835461384], [0.12124731405374337, 0.2097634497905311, 0.538942332348637, 0.13004690380708864], [0.00869364794481986, 0.024738751339064, 0.4254063822453323, 0.5411612184707839], [0.26962654674800046, 0.11378520986974575, 0.16487834520939323, 0.4517098981728606], [0.5375191719788212, 0.1255170181945509, 0.31050503540540625, 0.02645877442122164], [0.09280271753347691, 0.2912287564394204, 0.2773572079744831, 0.33861131805261957], [0.1256986344810818, 0.06515782419698352, 0.41896529524196613, 0.3901782460799685], [0.02625505976592248, 0.10755571549410747, 0.018810729985437504, 0.8473784947545325], [0.1128649224079067, 0.7703996325991029, 0.05141136822099089, 0.06532407677199938], [0.048236199734829184, 0.3259946983903095, 0.04886952419559522, 0.5768995776792661], [0.058119255248666755, 0.3085743881276919, 0.018964960408438952, 0.6143413962152023], [0.6594087104511123, 0.19881612090216763, 0.0027964432990682147, 0.13897872534765193], [0.1816830192015919, 0.06846577411998138, 0.6538895791329037, 0.095961627545523], [0.019490941230791675, 0.420140181000967, 0.5574890746463054, 0.0028798031219360435], [0.29531922202228056, 0.3238110270362774, 0.2732520255214816, 0.10761772541996054], [0.7769394986856583, 0.01624679777967274, 0.0025604884185839246, 0.20425321511608516], [0.35017187530560767, 0.08071600968155017, 0.02659156686872439, 0.5425205481441179], [0.015613400470003203, 0.6620595737322739, 0.1864253923544918, 0.13590163344323106], [0.2165081089472815, 0.15055345847397228, 0.12150889755949941, 0.5114295350192468], [0.28389793127424123, 0.3271146286830466, 0.0056248919592763345, 0.3833625480834359], [0.20673316643271852, 0.0630131275062354, 0.04911051421122318, 0.681143191849823], [0.08473562209916308, 0.7408605860377793, 0.04849211063472616, 0.12591168122833157], [0.043878965237569206, 0.15782254562947448, 0.05981614560757539, 0.738482343525381], [0.04491074366832456, 0.10219946507803129, 0.7664317263601184, 0.08645806489352585], [0.4645365978850305, 0.22462714641360995, 0.1554016859856875, 0.15543456971567213], [0.1649100816425864, 0.48219354957162575, 0.03204618344092274, 0.320850185344865], [0.2093209352657112, 0.2851365988134853, 0.23413508480740017, 0.27140738111340346], [0.1423344802612797, 0.3058789188102103, 0.22539654905292358, 0.32639005187558634], [0.11089942728512464, 0.2869030875359188, 0.09877169239747313, 0.5034257927814835], [0.18006616072671583, 0.3161236523487999, 0.3096619790470768, 0.19414820787740736], [0.016442355311996452, 0.014637093799335425, 0.0028893286062127432, 0.9660312222824554], [0.1940204795254004, 0.3836174978015695, 0.050133771598910866, 0.3722282510741192], [0.04260755108890987, 0.10400121590814228, 0.6731604675217244, 0.18023076548122324], [0.5856339148376363, 0.02451251685680444, 0.16636984903366936, 0.2234837192718899], [0.20406609814099558, 0.15752625377125626, 0.06827047892087683, 0.5701371691668714], [0.014908628934452208, 0.1784250821017412, 0.07632405871221015, 0.7303422302515965], [0.2076010915933732, 0.29967658939583947, 0.14824096992780159, 0.34448134908298583], [0.26272251179032424, 0.29121446590344324, 0.11912851285861226, 0.3269345094476203], [0.23992992447267755, 0.1790563647523311, 0.05956234951912429, 0.5214513612558671], [0.1970801612143426, 0.1535095876696645, 0.012568340603904798, 0.6368419105120882], [0.034578665733499686, 0.4648152827917544, 0.2510887570700955, 0.24951729440465054], [0.16882924740584376, 0.6492638135647879, 0.06309673868281611, 0.11881020034655228], [0.20141993287769555, 0.3027440350480813, 0.0015339669823676528, 0.4943020650918556], [0.5708763592597007, 0.34573118812088316, 0.07641710441730931, 0.006975348202106883], [0.1277786202192505, 0.11094765461377404, 0.19785707235464298, 0.5634166528123326], [0.6120502980294958, 0.11448028467815133, 0.12807436077745382, 0.14539505651489898], [0.5829355186425068, 0.1850833131245545, 0.002904603554971893, 0.22907656467796678], [0.17078719339693843, 0.21148999839709026, 0.07521205308202206, 0.5425107551239493], [0.04072277970846568, 0.884177511124515, 0.0409361421265681, 0.034163567040451114], [0.2764320398662771, 0.07247757628387479, 0.28134177602643046, 0.3697486078234176], [0.6289622696268841, 0.2803652092072559, 0.04374656959056457, 0.0469259515752953], [0.30162700075537846, 0.22375207336516847, 0.15092366629794415, 0.3236972595815089], [0.5568151894257832, 0.41458339958265755, 0.006478970153786037, 0.02212244083777332], [0.17628289953209356, 0.10488256764746515, 0.12808550401802532, 0.5907490288024159], [0.021053971593501666, 0.021521707992932786, 0.050762080516716275, 0.9066622398968494], [0.12480375914756062, 0.2118230927396806, 0.1866800507911679, 0.47669309732159093], [0.011549133373724322, 0.05227404082553846, 0.8563043969974631, 0.07987242880327419], [0.2926079022903445, 0.33709982261554394, 0.0322732538208535, 0.338019021273258], [0.18909269329943207, 0.1890115909602049, 0.02108220856086117, 0.6008135071795019], [0.06947170382355802, 0.4197808381937097, 0.3852914563344344, 0.12545600164829782], [0.4092224359700049, 0.012974525480716374, 0.03518526907114212, 0.5426177694781367], [0.4231226516335503, 0.24289119170192514, 0.11747172794051511, 0.2165144287240096], [0.1763747114038679, 0.06316130518705954, 0.20659509180424346, 0.5538688916048292], [0.032698426657927465, 0.20538838633922107, 0.4319558338827926, 0.32995735312005886], [0.07821034941433405, 0.27293825208949446, 0.31200849895563576, 0.33684289954053576], [0.047398616792194224, 0.3402711575815558, 0.3840900348792567, 0.22824019074699328], [0.5258019699017519, 0.25053831488585837, 0.014524187341877352, 0.20913552787051246], [0.10859823096507093, 0.02495522551811106, 0.49573144510996053, 0.37071509840685746], [0.44882320254258556, 0.03268863909118913, 0.09882871274857993, 0.41965944561764523], [0.10428146403708621, 0.07067320743294714, 0.017888978097726698, 0.80715635043224], [0.6438125727618372, 0.25879200010208775, 0.02315610916180081, 0.07423931797427435], [0.05644370067598112, 0.03417254052226452, 0.016452034048169934, 0.8929317247535844], [0.5906321346798004, 0.05365544424038024, 0.04036843614718959, 0.3153439849326298], [0.020297184461235542, 0.26991986584128647, 0.015538476134768203, 0.6942444735627098], [0.026256939996284236, 0.5949936537530643, 0.024889005312313778, 0.3538604009383377], [0.3176263441873047, 0.2269815805293508, 0.05271836411478827, 0.40267371116855627], [0.5258944381395537, 0.34225855856199633, 0.06323952624276484, 0.068607477055685], [0.5746493132964143, 0.06186361999669701, 0.13578661651460094, 0.22770045019228766], [0.10969236353186179, 0.46739722155347097, 0.07888384065834442, 0.34402657425632294], [0.2133317972975097, 0.20759652314231264, 0.26424246682824526, 0.3148292127319324], [0.09259300232984867, 0.028452242948281616, 0.031977566501030376, 0.8469771882208393], [0.09124260836650991, 0.44163437940198436, 0.2175582784691333, 0.24956473376237234], [0.01574828679264726, 0.19167857433782126, 0.048019602462977456, 0.744553536406554], [0.024740417333495173, 0.04903266851610161, 0.012082136204339379, 0.9141447779460639], [0.15804212923921646, 0.3607846978641486, 0.2280219582368339, 0.25315121465980117], [0.6361355368248018, 0.17446169744522153, 0.12665326814967673, 0.0627494975802999], [0.1881479043298095, 0.05997553493952682, 0.3102044717442342, 0.4416720889864294], [0.6702742935183644, 0.25806372685751694, 0.003541108462550358, 0.06812087116156837], [0.43706872364184657, 0.036785341955898644, 0.13483674592214723, 0.3913091884801076], [0.28105454627759846, 0.32649479648557, 0.015420545004236645, 0.37703011223259486], [0.05110910556703305, 0.18818254727831607, 0.011612465289923801, 0.7490958818647271], [0.8781626347064827, 0.022303842574219784, 0.04864008375919162, 0.050893438960105876], [0.7310700501033304, 0.04521484498210369, 0.06679984906856713, 0.1569152558459989], [0.2953645247976993, 0.31579703804961556, 0.04465001578793203, 0.3441884213647531], [0.4562921904910928, 0.11383156943360284, 0.25352700089209523, 0.1763492391832092], [0.3826473603010029, 0.28629936077819035, 0.31644986925278973, 0.014603409668016968], [0.45517929168245364, 0.3301192506999633, 0.1282987149397335, 0.08640274267784963], [0.09106572132638785, 0.04771700877328742, 0.0068933474578284125, 0.8543239224424963], [0.6672759608951976, 0.2513073693087431, 0.05043260886841849, 0.03098406092764084], [0.15372965799810553, 0.05295719552290754, 0.1509546415989675, 0.6423585048800196], [0.07601344260888641, 0.011521935051086328, 0.29413260925933277, 0.6183320130806945], [0.01734231839301902, 0.10178039871518275, 0.028930363239137134, 0.8519469196526611], [0.10502279001398931, 0.609103046208666, 0.028399639509312458, 0.25747452426803236], [0.6220820206860992, 0.05183995062724145, 0.011960664058619352, 0.31411736462803996], [0.23102123807699176, 0.05255758039825926, 0.0038309499341840428, 0.712590231590565], [0.39613343478004603, 0.38480469595965183, 0.08575051521770734, 0.13331135404259478], [0.10666931542521445, 0.10013798149162223, 0.08433982270380601, 0.7088528803793572], [0.07205497568842942, 0.2345415339533556, 0.6744924564286662, 0.01891103392954875], [0.25658121434724107, 0.537229538987396, 0.059836312350954976, 0.14635293431440802], [0.02417537413084689, 0.8563950664038215, 0.07040914420960216, 0.049020415255729616], [0.830790533215756, 0.12691390830864346, 0.004776955489689352, 0.037518602985911136], [0.47975713540092035, 0.15080462809412742, 0.23610044852877957, 0.1333377879761726], [0.07749941486905838, 0.1504475076043106, 0.5765973651024382, 0.19545571242419285], [0.3037743770324906, 0.02094853960944156, 0.016574816191605904, 0.6587022671664619], [0.1303046242034743, 0.3917329585169894, 0.28036755399010727, 0.19759486328942907], [0.5631283322614914, 0.023141337365481855, 0.057396064115751814, 0.3563342662572748], [0.06458168371768654, 0.5006186545026456, 0.18438648834768465, 0.2504131734319832], [0.6993932842768252, 0.10936213286681803, 0.06008783414747796, 0.13115674870887886], [0.39663888114259466, 0.14131261865603922, 0.01534913344380394, 0.4466993667575622], [0.07285452929273974, 0.025802852455383978, 0.013323096954788378, 0.8880195212970878], [0.2427452132055055, 0.29766183594389756, 0.015397136809437084, 0.44419581404116], [0.25484346627675863, 0.13259705302285665, 0.09748085188651193, 0.5150786288138728], [0.5971769683166422, 0.16065178227503982, 0.02573385143497092, 0.21643739797334702], [0.19853601094338783, 0.19454951252002498, 0.013253978659991, 0.5936604978765961], [0.3070676717500417, 0.3614377280456857, 0.014530802614098675, 0.316963797590174], [0.03341729496787335, 0.03775183509495974, 0.391819585935348, 0.5370112840018189], [0.3090325665302662, 0.09085128074882536, 0.1510666157852263, 0.44904953693568217]]}}