{"test": {"ids": ["104116441", "104113000", "97113260", "99117740", "100108490", "99120010", "108115070", "99110730", "113122320", "97111790", "113121410", "98108580", "107114110", "105116090", "110116170", "105116441", "100109000", "107119390", "107114490", "112119320", "101110740", "109118820", "99108010", "111116090", "104113550", "99112531", "111114941", "110120531", "99109910", "111121220", "107119950", "113122430", "98112580", "110115120", "101108080", "99109840", "98111231", "112118530", "99107560", "112121360", "110114651", "108120700", "108118630", "99107300", "111114171", "99109860", "105115570", "98110810", "110118121", "112120540", "105117200", "105111990", "109113281", "110121720", "101116130", "102121440", "100109360", "110116300", "97116790", "104111550", "107121540", "98110710", "109116040", "98116090", "109117730", "108115970", "107114780", "107116501", "108121190", "106114321", "113119700", "97107260", "110120540", "107121640", "98106880", "108115250", "101114020", "112116401", "111119250", "104114230", "110114950", "104117630", "110118161", "106118301", "108114670", "110118181", "108115870", "100107920", "102113350", "100120010", "105113190", "101119591", "108119510", "113122190", "110114561", "102107961", "105115250", "112116990", "100111380", "112116640", "97108520", "101111620", "112117461", "113120531", "98108410", "103120780", "104111780", "112120270", "106114880", "106118520", "107119130", "100111620", "112117790", "106116820", "110117870", "112118550", "107113260", "99112641", "107113180", "111118820", "111119610", "109117150", "97105760", "110115140", "97114170", "111119930", "113122160", "103111830", "113120780", "105120621", "100115700", "103111110", "111120540", "106117770", "98109230", "98116500", "105113170", "103113170", "112117660", "99108890", "111119580", "108121410"], "labels": [1, 1, 1, 2, 2, 2, 1, 3, 1, 2, 0, 0, 1, 1, 0, 1, 1, 2, 3, 1, 3, 3, 2, 3, 1, 3, 0, 0, 2, 3, 3, 2, 2, 0, 0, 2, 1, 1, 1, 3, 3, 2, 1, 3, 3, 2, 0, 1, 3, 3, 3, 2, 0, 3, 2, 2, 0, 3, 2, 1, 2, 2, 0, 0, 3, 2, 2, 1, 1, 2, 0, 2, 1, 1, 0, 1, 3, 0, 1, 2, 0, 0, 0, 1, 3, 1, 3, 0, 3, 0, 3, 0, 1, 1, 0, 3, 2, 0, 3, 0, 2, 3, 0, 0, 1, 1, 3, 0, 0, 2, 1, 3, 3, 1, 3, 3, 0, 1, 3, 0, 2, 2, 0, 0, 2, 1, 3, 3, 0, 1, 1, 3, 1, 0, 1, 2, 0, 3, 0, 0, 3, 0], "predicted_labels": [1, 3, 3, 0, 1, 1, 1, 2, 1, 1, 3, 0, 3, 0, 3, 1, 3, 1, 3, 1, 1, 1, 1, 0, 0, 3, 1, 0, 1, 1, 3, 1, 3, 3, 0, 1, 0, 1, 1, 1, 3, 3, 3, 0, 3, 1, 1, 1, 3, 1, 1, 1, 1, 1, 1, 0, 0, 1, 1, 3, 1, 2, 3, 3, 1, 3, 1, 1, 3, 0, 1, 2, 1, 3, 1, 3, 0, 0, 3, 1, 3, 1, 1, 0, 3, 1, 3, 3, 3, 3, 0, 3, 3, 1, 0, 3, 1, 3, 3, 1, 1, 0, 3, 3, 1, 3, 1, 0, 1, 1, 3, 3, 3, 1, 3, 0, 1, 0, 1, 0, 3, 1, 0, 3, 3, 3, 3, 3, 3, 0, 3, 3, 1, 3, 2, 3, 3, 1, 3, 1, 1, 1], "confidence_scores": [[0.15326991343398855, 0.7356118879512874, 0.03919582338454341, 0.07192237523018044], [0.31962995653928244, 0.1454656786710598, 0.04623553675229517, 0.4886688280373624], [0.09055618262779205, 0.11590828235039156, 0.5499726307988805, 0.2435629042229355], [0.943190469015832, 0.028573580020461408, 0.002444711798371211, 0.025791239165335426], [0.14089290572301466, 0.21588425206693374, 0.6021723145610477, 0.041050527649003674], [0.26583527043653665, 0.5439207103971534, 0.12224455973396045, 0.0679994594323496], [0.04805745836675515, 0.8024821430919129, 0.061589360564435175, 0.08787103797689652], [0.007770679097141475, 0.018793583699569794, 0.9523346232890025, 0.021101113914286488], [0.07710596778438872, 0.3946746147493116, 0.25002510232774855, 0.278194315138551], [0.2870916599628527, 0.32458307499498307, 0.21250898771537483, 0.17581627732678962], [0.43986906287449334, 0.032809443298692814, 0.0024602101795805167, 0.5248612836472333], [0.42762239179549966, 0.12034896101947148, 0.34481891209527266, 0.10720973508975622], [0.6197278448693534, 0.028878985236645862, 0.010282332296529069, 0.34111083759747174], [0.5786555435551676, 0.20049670508922054, 0.009510572219724307, 0.21133717913588795], [0.23075076956982135, 0.32567539234681486, 0.03585819155782324, 0.40771564652554076], [0.10081005883354015, 0.6057805785272772, 0.04890253535076724, 0.24450682728841538], [0.055828359957586685, 0.13440326650813, 0.09401294587669969, 0.7157554276575837], [0.03469885276961667, 0.4876164894606104, 0.2473611268648293, 0.23032353090494362], [0.28690506346148104, 0.07981388292242447, 0.17718726873223695, 0.45609378488385793], [0.006473977725096332, 0.4920837267686271, 0.06968666843388552, 0.43175562707239085], [0.17013981989126276, 0.24935870840637822, 0.4512501812376005, 0.12925129046475872], [0.4102074927161301, 0.5353405607965328, 0.015654893480122483, 0.03879705300721438], [0.3464169033587842, 0.48885478818075045, 0.12821828193809712, 0.03651002652236837], [0.7857930644632806, 0.029781804028852943, 0.005233547477073838, 0.1791915840307925], [0.962042525279129, 0.0045673622138272625, 0.00015728625125604792, 0.03323282625578756], [0.18287967358125448, 0.06876835360450012, 0.20962052279628152, 0.5387314500179642], [0.018969810514322484, 0.8902414863125122, 0.010469191145877167, 0.08031951202728804], [0.6142106469642904, 0.12653625168544452, 0.014671439449836468, 0.24458166190042843], [0.05613788393616529, 0.2920893576592988, 0.6323074466214044, 0.019465311783131684], [0.23187924222543263, 0.41715645612168734, 0.027159753369884975, 0.3238045482829952], [0.5220760104462091, 0.16107616469915165, 0.011341494976818004, 0.3055063298778216], [0.016026209353122236, 0.8366534565896065, 0.10721211637500033, 0.04010821768227071], [0.11791408488810896, 0.20041348341222062, 0.16897319233863092, 0.5126992393610397], [0.08052234973395704, 0.06283978488180925, 0.214202773734259, 0.6424350916499748], [0.7698343382581114, 0.09242784333352005, 0.006186006040997837, 0.13155181236737046], [0.1146876429405719, 0.20474509386015538, 0.546436621085795, 0.13413064211347783], [0.9336668153000055, 0.03264190255021834, 0.010661247210434004, 0.023030034939341935], [0.04369050138073237, 0.6915762529778798, 0.2271853134960448, 0.0375479321453432], [0.03792393819949511, 0.7836096766897936, 0.11177402565604982, 0.06669235945466118], [0.3879442609612744, 0.35492833560864967, 0.0657682241531999, 0.19135917927687607], [0.12248510478561796, 0.008936381587961912, 0.004571223728407076, 0.8640072898980129], [0.19153763934554502, 0.18942117839765438, 0.05925360099138772, 0.5597875812654127], [0.01094455962436403, 0.02011250187804746, 0.09730872200498693, 0.8716342164926016], [0.7361913152086355, 0.014142184901924587, 0.0029450434457666537, 0.24672145644367358], [0.32216500691629146, 0.1470545976823191, 0.023324759802374997, 0.5074556355990144], [0.011801804718504207, 0.8856965143866532, 0.06028364415032932, 0.04221803674451329], [0.07525692581117412, 0.2349754311998641, 0.616557096185511, 0.0732105468034507], [0.049493512019398424, 0.3122509200833966, 0.604070731052523, 0.034184836844682286], [0.018710950146667318, 0.3982775405309105, 0.05742731255410349, 0.5255841967683189], [0.11442270512030438, 0.7965109902949384, 0.06534026589748053, 0.023726038687276615], [0.06273182980372571, 0.4129361997868458, 0.17839572520484365, 0.34593624520458505], [0.022553166926520717, 0.579006946585591, 0.13442538672414603, 0.264014499763742], [0.5001796907397797, 0.36856426215476906, 0.043850301028503326, 0.08740574607694802], [0.3744761442250504, 0.5735062737046333, 0.011205332239561668, 0.0408122498307549], [0.08080348844909237, 0.5363456382022732, 0.2184429962262027, 0.16440787712243166], [0.7639526664645615, 0.05757937079699653, 0.07874800431573799, 0.09971995842270384], [0.6421706590079793, 0.02586095276483616, 0.07301330498128615, 0.25895508324589844], [0.1499692366654823, 0.6336166074328115, 0.04532333509760611, 0.1710908208041001], [0.21039510164235983, 0.2555920925539137, 0.4197388366884943, 0.11427396911523209], [0.02490461232416584, 0.03865161858314562, 0.7536478342958775, 0.18279593479681105], [0.025713470108037657, 0.3299095489785621, 0.6008211668207319, 0.043555814092668205], [0.0043721523433913985, 0.12661553531984884, 0.7757319964971867, 0.09328031583957308], [0.03158717877222553, 0.04385555901315346, 0.016207884031117444, 0.9083493781835039], [0.1643376332649704, 0.2049978809003458, 0.27836154623050724, 0.35230293960417636], [0.1252919984392421, 0.37692858126777307, 0.2816238082056212, 0.21615561208736386], [0.23722586327525794, 0.35089107880646436, 0.057387383677762444, 0.3544956742405151], [0.01959143613969296, 0.540903858355434, 0.39557831473302063, 0.04392639077185238], [0.162080170375521, 0.6205156648290864, 0.031967884751643, 0.18543628004374987], [0.01146517198085937, 0.4355164148480278, 0.12821927331500974, 0.4247991398561033], [0.7075367222359914, 0.25287321419602155, 0.025820714510011052, 0.013769349057976023], [0.14573987474029812, 0.5630136770647656, 0.1364213271837538, 0.15482512101118254], [0.12559295313173924, 0.12196707384418898, 0.6901244744952214, 0.06231549852885025], [0.014157875002937994, 0.596107016023813, 0.3621772509087254, 0.02755785806452372], [0.020027109099689296, 0.20307953394697573, 0.2827253942371579, 0.4941679627161769], [0.3102244692825243, 0.1403976229798921, 0.49703153107530557, 0.052346376662278205], [0.20655308271264147, 0.1495028782145328, 0.13636658664764145, 0.5075774524251844], [0.778642070815788, 0.05462721062014462, 0.05218350281007295, 0.11454721575399432], [0.7496830052755542, 0.0007666345173945341, 0.00016408581258589008, 0.24938627439446534], [0.3569330474905758, 0.1772773192608892, 0.09360003780772877, 0.3721895954408063], [0.2829462565646421, 0.47584144143905804, 0.13040735146905927, 0.11080495052724072], [0.31849826355097577, 0.17452499584680325, 0.2367706110359731, 0.27020612956624784], [0.07329272234426905, 0.6312608511514, 0.137221090475538, 0.15822533602879277], [0.46939368814721255, 0.40082064061514217, 0.021143176830660724, 0.1086424944069843], [0.985190250264422, 0.00764363035643742, 0.0002761865932064211, 0.006889932785934036], [0.3467956168892964, 0.1287451633155146, 0.01227130736765894, 0.51218791242753], [0.15138184490976997, 0.5503045141846046, 0.27442502676381425, 0.023888614141811305], [0.3793589149834758, 0.032346006961710784, 0.05135514089518624, 0.5369399371596273], [0.4738692091224487, 0.15548702315357354, 0.005944654935640477, 0.36469911278833755], [0.10449450496375715, 0.18931391954020843, 0.4982743704714488, 0.2079172050245856], [0.19902002608617642, 0.021985184245504174, 0.4342298719438346, 0.34476491772448453], [0.6793534515087869, 0.12493737868051169, 0.014104708344089629, 0.1816044614666116], [0.43428069820298437, 0.04682161393393181, 0.014161112529738912, 0.5047365753333446], [0.3166116337431771, 0.22405714605244864, 0.06689403153649, 0.39243718866788435], [0.023964375314859992, 0.799174380471984, 0.08033991659101107, 0.09652132762214521], [0.8213683488052074, 0.08989139681624042, 0.024133740872683808, 0.06460651350586828], [0.19043204678384246, 0.025611909338682414, 0.011052871525384358, 0.7729031723520908], [0.061793228854523916, 0.455512622384636, 0.21325483364901732, 0.2694393151118228], [0.21549426506635044, 0.06834473413674748, 0.44282423524329745, 0.27333676555360464], [0.27858908444414654, 0.14755671094137027, 0.05624736455258461, 0.5176068400618985], [0.21332575986759583, 0.4788722076075519, 0.07615762679787148, 0.23164440572698075], [0.2645548347955533, 0.647855081308119, 0.029533264012628454, 0.05805681988369916], [0.7711072489056588, 0.09519126139593549, 0.07239582653460744, 0.06130566316379846], [0.26644787611704146, 0.07402544673133249, 0.005670108229038617, 0.6538565689225875], [0.4545747138255669, 0.2545426272186451, 0.015793191151799387, 0.27508946780398824], [0.1541209773302837, 0.24783559169171349, 0.4680813218660476, 0.1299621091119551], [0.2071054222926434, 0.16387612519174724, 0.040593041208554934, 0.5884254113070543], [0.3377620866231168, 0.5186604090263204, 0.029706309782770144, 0.11387119456779288], [0.7446364503597763, 0.09731214413172445, 0.04258039673293761, 0.11547100877556155], [0.14287814218142647, 0.5399592021082354, 0.26049450702106364, 0.05666814868927449], [0.04711807278423383, 0.386677954237176, 0.5172410768469722, 0.04896289613161796], [0.0892529915598885, 0.265867954534422, 0.04241048164150092, 0.6024685722641886], [0.0732447837884504, 0.07221166912799613, 0.6349188481318347, 0.21962469895171902], [0.307186111875986, 0.1405580959847022, 0.01060913361476211, 0.5416466585245501], [0.2997550949044666, 0.48640478176615765, 0.0817584704482869, 0.13208165288108892], [0.2511197321557851, 0.08091587484454246, 0.10755444816363367, 0.5604099448360388], [0.8540798782874456, 0.07107797612155167, 0.015281908015726087, 0.059560237575276676], [0.06576527257308361, 0.6141527647974523, 0.14178914620984961, 0.1782928164196147], [0.5629520407287626, 0.15546363476998615, 0.08985209184154971, 0.19173223265970163], [0.026086883791850937, 0.4891754352118419, 0.24599155700240163, 0.23874612399390566], [0.9862583501366752, 0.004081350592754694, 0.00026835897640212274, 0.009391940294167764], [0.2115232887420431, 0.09805849709379329, 0.37341706605327735, 0.31700114811088653], [0.06006605575190341, 0.8399526804374973, 0.04794432279389599, 0.0520369410167033], [0.8016628574873803, 0.04647321903277165, 0.002023787284792876, 0.14984013619505526], [0.39607759343205184, 0.19927082588179468, 0.14488501500366002, 0.2597665656824932], [0.027251629485641075, 0.33672841790139224, 0.4172492245724336, 0.21877072804053327], [0.3905719668998862, 0.20958515335762137, 0.11280827176827175, 0.28703460797422026], [0.10845007735688483, 0.2878842791598117, 0.073499317511315, 0.5301663259719883], [0.1454183444177738, 0.14234172473478568, 0.16861658889870929, 0.5436233419487316], [0.16472462475595165, 0.34492729243779324, 0.09028134765216027, 0.40006673515409463], [0.8804649004581848, 0.017898606443329954, 0.0006560842753614781, 0.10098040882312381], [0.4042480543678786, 0.1873265272400867, 0.07214028149308611, 0.3362851368989487], [0.34463956039862925, 0.04877151804320062, 0.07771298292323316, 0.5288759386349371], [0.44139667650567693, 0.509782497294759, 0.0355782554011396, 0.01324257079842425], [0.31166252458011673, 0.12431127909470582, 0.34556287784929995, 0.21846331847587758], [0.1081925598785522, 0.01861528690805487, 0.8401637134161413, 0.03302843979725165], [0.49395108054134923, 0.03826375261745976, 0.04502313462070496, 0.4227620322204861], [0.02500783505931053, 0.2244639653485161, 0.0567523332492876, 0.6937758663428857], [0.2291829489567885, 0.5584459669220248, 0.13545058604095564, 0.07692049808023133], [0.5351546778392848, 0.1627876023901877, 0.03589525815489657, 0.2661624616156304], [0.14503407886155578, 0.6486211880344868, 0.09293408729439481, 0.11341064580956252], [0.4063850363995126, 0.343441368475037, 0.004380912720546656, 0.24579268240490398], [0.2272858820291461, 0.5758176919880347, 0.007888245215721455, 0.18900818076709813]]}, "rewritten": {"ids": ["97105760", "97107260", "97108520", "97111790", "97113260", "97114170", "97116790", "98106880", "98108410", "98108580", "98109230", "98110710", "98110810", "98111231", "98112580", "98116090", "98116500", "99107300", "99107560", "99108010", "99108890", "99109840", "99109860", "99109910", "99110730", "99112531", "99112641", "99117740", "99120010", "100107920", "100108490", "100109000", "100109360", "100111380", "100111620", "100115700", "100120010", "101108080", "101110740", "101111620", "101114020", "101116130", "101119591", "102107961", "102113350", "102121440", "103111110", "103111830", "103113170", "103120780", "104111550", "104111780", "104113000", "104113550", "104114230", "104116441", "104117630", "105111990", "105113170", "105113190", "105115250", "105115570", "105116090", "105116441", "105117200", "105120621", "106114321", "106114880", "106116820", "106117770", "106118301", "106118520", "107113180", "107113260", "107114110", "107114490", "107114780", "107116501", "107119130", "107119390", "107119950", "107121540", "107121640", "108114670", "108115070", "108115250", "108115870", "108115970", "108118630", "108119510", "108120700", "108121190", "108121410", "109113281", "109116040", "109117150", "109117730", "109118820", "110114561", "110114651", "110114950", "110115120", "110115140", "110116170", "110116300", "110117870", "110118121", "110118161", "110118181", "110120531", "110120540", "110121720", "111114171", "111114941", "111116090", "111118820", "111119250", "111119580", "111119610", "111119930", "111120540", "111121220", "112116401", "112116640", "112116990", "112117461", "112117660", "112117790", "112118530", "112118550", "112119320", "112120270", "112120540", "112121360", "113119700", "113120531", "113120780", "113121410", "113122160", "113122190", "113122320", "113122430"], "labels": [0, 2, 2, 2, 1, 2, 2, 0, 1, 0, 1, 2, 1, 1, 2, 0, 2, 3, 1, 2, 0, 2, 2, 2, 3, 3, 1, 2, 2, 0, 2, 1, 0, 3, 3, 1, 0, 0, 3, 3, 3, 2, 0, 3, 3, 2, 3, 3, 3, 1, 1, 3, 1, 1, 2, 1, 0, 2, 0, 3, 2, 0, 1, 1, 3, 1, 2, 0, 1, 0, 1, 2, 3, 0, 1, 3, 2, 1, 1, 2, 3, 2, 1, 3, 1, 1, 3, 2, 1, 1, 2, 1, 0, 0, 0, 2, 3, 3, 0, 3, 0, 0, 0, 0, 3, 3, 3, 0, 1, 0, 1, 3, 3, 0, 3, 0, 1, 3, 2, 1, 1, 3, 0, 0, 0, 0, 0, 3, 1, 3, 1, 0, 3, 3, 0, 0, 0, 0, 3, 1, 1, 2], "predicted_labels": [0, 0, 1, 1, 3, 3, 0, 0, 3, 0, 2, 2, 1, 0, 3, 1, 3, 0, 1, 1, 1, 1, 1, 2, 2, 3, 1, 0, 1, 0, 1, 3, 0, 3, 3, 3, 2, 0, 3, 0, 3, 1, 3, 0, 3, 1, 3, 3, 1, 3, 3, 1, 1, 0, 1, 1, 0, 1, 3, 3, 1, 1, 1, 1, 3, 0, 0, 1, 1, 3, 0, 0, 1, 3, 0, 3, 2, 3, 1, 1, 3, 3, 2, 0, 1, 3, 3, 3, 3, 3, 1, 1, 1, 3, 3, 1, 3, 1, 0, 3, 1, 3, 0, 3, 3, 1, 1, 1, 1, 0, 1, 1, 1, 1, 3, 0, 3, 0, 0, 1, 1, 1, 3, 0, 0, 0, 3, 3, 1, 0, 3, 3, 1, 0, 1, 3, 3, 3, 3, 1, 1, 1], "confidence_scores": [[0.7811482935444196, 0.14735202326079536, 0.0009855098661735262, 0.07051417332861164], [0.3153802153090843, 0.11687889566054026, 0.5201585541734274, 0.04758233485694802], [0.10624759134583613, 0.8223123648456134, 0.033681158407434214, 0.037758885401116174], [0.3056799341732984, 0.3119239769599978, 0.15778462414643382, 0.22461146472026985], [0.06624973321026965, 0.14705884113891093, 0.5970463318705135, 0.18964509378030606], [0.0831506284417295, 0.19486610528904094, 0.19473673044833356, 0.5272465358208959], [0.34658555853620177, 0.08649325769310338, 0.42670537625768395, 0.14021580751301105], [0.9140356914726346, 0.01499222332518272, 0.04697436204586083, 0.023997723156321857], [0.49383096966777923, 0.13155831277089622, 0.11948823342240515, 0.2551224841389188], [0.6599821122944505, 0.14175411792054513, 0.07470826050552909, 0.12355550927947516], [0.21896322313236796, 0.04656036489942861, 0.6962293666745315, 0.03824704529367179], [0.004668296691137143, 0.054847226788560965, 0.8464491840035732, 0.09403529251672857], [0.008033699472399092, 0.5553660119491665, 0.42044666997149915, 0.016153618606935], [0.8596743446165754, 0.0970175872553876, 0.018187707734197076, 0.02512036039383985], [0.008670383018215669, 0.15985108573009632, 0.20628555975039176, 0.6251929715012959], [0.1681831733602741, 0.4559177453565837, 0.3173188755535708, 0.05858020572957157], [0.43870438713984916, 0.045538386312697104, 0.03709699175685499, 0.47866023479059855], [0.7629460226810677, 0.019202809596824563, 0.004959203477171756, 0.21289196424493603], [0.04755016541502731, 0.5817947459190177, 0.3234743879135536, 0.04718070075240153], [0.11527589060650362, 0.8132293932247173, 0.05658697480621226, 0.01490774136256666], [0.28090627572720145, 0.6124216892799442, 0.018310201722359924, 0.08836183327049418], [0.11247112987322047, 0.3689825911153679, 0.20998436740873014, 0.3085619116026818], [0.011438817751434883, 0.7647420477642555, 0.20176946845459293, 0.022049666029716915], [0.02661206538648353, 0.015068158542731766, 0.9459353131435244, 0.0123844629272603], [0.016761527649968296, 0.17767206538070004, 0.7742692407442279, 0.03129716622510382], [0.4971257460194897, 0.10623329494566244, 0.13906954436547897, 0.2575714146693685], [0.27936895831349173, 0.5548956924225226, 0.074666452753109, 0.09106889651087695], [0.7117913153919099, 0.19707341239839096, 0.0025287588804712457, 0.08860651332922796], [0.44278629210072346, 0.2673051704472855, 0.11397151546538654, 0.17593702198660435], [0.8438996387285148, 0.04770526938250387, 0.0033424552542908846, 0.10505263663469054], [0.1893129015672816, 0.18717644191448402, 0.5994766613130558, 0.024033995205178627], [0.05329254750779423, 0.14492376244264019, 0.10567206647231776, 0.6961116235772479], [0.6397025516676993, 0.03265208547270347, 0.2243242305157897, 0.10332113234380756], [0.3337378856677181, 0.13357814969425758, 0.0501232438399494, 0.48256072079807494], [0.0732603690481248, 0.06472183045950644, 0.43335760861879746, 0.428660191873571], [0.1722155860239331, 0.335553431817684, 0.1288456501256137, 0.36338533203276946], [0.08253485995054699, 0.050664268556891684, 0.7452476687331381, 0.12155320275942325], [0.7180236819499569, 0.12354064359908543, 0.016199621988912078, 0.14223605246204585], [0.16160566246491267, 0.15278023993645462, 0.3906704767378079, 0.2949436208608246], [0.8536626926136717, 0.04163892707476712, 0.03244250272120999, 0.0722558775903512], [0.4471656513279077, 0.1921201551416845, 0.044364295819284603, 0.316349897711123], [0.14196607995912036, 0.5602597680550985, 0.17160956588034723, 0.12616458610543405], [0.5052786731744529, 0.02979950779318725, 0.15100318510102287, 0.3139186339313365], [0.8676191554587378, 0.0065292597656773105, 0.014275058573919716, 0.11157652620166505], [0.07167689039843284, 0.04472863244373082, 0.7091345773076553, 0.1744598998501811], [0.4981421731323453, 0.21323168359618047, 0.18024564082901479, 0.10838050244245959], [0.07124746073371829, 0.0763966884685204, 0.29535506240909737, 0.557000788388664], [0.5722122748449135, 0.022235456779769156, 0.04179872798808517, 0.3637535403872321], [0.012513768208758581, 0.4247093860518625, 0.5379235932222317, 0.024853252517147012], [0.05477805859251697, 0.426418483192829, 0.026534509420451335, 0.4922689487942027], [0.04354619987318091, 0.02319855260125562, 0.47445444961498123, 0.4588007979105821], [0.1737019158061476, 0.7422133929815099, 0.01650866948423448, 0.06757602172810774], [0.34807858380426, 0.3646883809318085, 0.016991361692601285, 0.2702416735713305], [0.98628773287211, 0.00031408803453870324, 6.537403603407178e-05, 0.013332805057317015], [0.1706233623324855, 0.4022779416750653, 0.07217603494177509, 0.3549226610506739], [0.272721020304241, 0.45032551277452765, 0.07775653406574998, 0.19919693285548148], [0.5728476699626902, 0.10490222799564504, 0.09321251481948944, 0.2290375872221755], [0.04340082978974527, 0.4768228987173416, 0.20248228217521197, 0.27729398931770133], [0.025415322760555362, 0.03036183528474935, 0.5461856059972674, 0.3980372359574277], [0.15497277188489034, 0.3093262913171493, 0.025821231120023873, 0.5098797056779363], [0.050635791510100905, 0.5277454547128724, 0.15597207651779968, 0.2656466772592271], [0.027312800030584106, 0.5841650325856346, 0.19496121771247724, 0.1935609496713037], [0.08564445125394865, 0.6326169617229532, 0.012276093813543614, 0.26946249320955473], [0.028792845459329242, 0.4469327254343858, 0.31099081153933006, 0.2132836175669549], [0.19257802178402725, 0.18292781087625495, 0.06322185243467421, 0.5612723149050437], [0.8895072195133157, 0.021663616741369924, 0.00038272968514451523, 0.08844643406016978], [0.6973134344175747, 0.2574006226847517, 0.036823103041070455, 0.008462839856603156], [0.10444561988555376, 0.3507105877998795, 0.3406625723952544, 0.20418121991931257], [0.44086193760815423, 0.3495243872320633, 0.05242525279355028, 0.15718842236623223], [0.17653143651506847, 0.05513226929525275, 0.16666835031248303, 0.6016679438771959], [0.8842305256661012, 0.04217784561218017, 0.0008696604579214991, 0.07272196826379725], [0.5668991205274047, 0.11711256085412645, 0.14568226014387323, 0.1703060584745958], [0.030432459941489742, 0.5502409399081505, 0.22620415119343426, 0.19312244895692557], [0.04971217673208841, 0.1679443157255991, 0.41031869248385733, 0.37202481505845514], [0.887868528924425, 0.026074394332835846, 0.006285520454040917, 0.07977155628869795], [0.11987059751220654, 0.06526079278556822, 0.030428448564885368, 0.7844401611373397], [0.011775184012659336, 0.14996358866266055, 0.8270468540197426, 0.011214373304937558], [0.09495693124640557, 0.02404709451574695, 0.003625051624194089, 0.8773709226136536], [0.3359764839369592, 0.398888796570253, 0.011821974873368873, 0.253312744619419], [0.04325239471902097, 0.42725026330173277, 0.44313842667942394, 0.08635891529982259], [0.4990521219899008, 0.026059144427262218, 0.030531930982258197, 0.44435680260057875], [0.035121281236521466, 0.05499995216414473, 0.1525992605178212, 0.7572795060815127], [0.0035660946098972674, 0.16627866855521883, 0.7519777089013318, 0.07817752793355238], [0.6984123557262514, 0.06176052786185224, 0.014483489310707517, 0.22534362710118908], [0.01567678007338386, 0.9464996766473172, 0.025067958737871245, 0.012755584541428059], [0.3428561649481505, 0.2175689535081812, 0.10770942954078155, 0.3318654520028866], [0.5772655627574903, 0.02464184063054736, 0.05631446629502448, 0.3417781303169378], [0.22866941833216323, 0.06691851933712013, 0.04127887668565391, 0.663133185645063], [0.017054901908991987, 0.01742881325658452, 0.029442355280453514, 0.9360739295539702], [0.5456474141430243, 0.11540497518850079, 0.006539061716913315, 0.3324085489515616], [0.11408075503352523, 0.45041575142663165, 0.14221044411417055, 0.2932930494256729], [0.07801685549902049, 0.4118755403287966, 0.3038310843757843, 0.2062765197963989], [0.058500042321863, 0.7285943501001344, 0.0036665072719898524, 0.2092391003060128], [0.6030396003817425, 0.10018399869282747, 0.014114804051343433, 0.2826615968740867], [0.07359629749534345, 0.030659352664387626, 0.25949108973557705, 0.6362532601046917], [0.09541014955821245, 0.484197982583072, 0.1722550787962258, 0.24813678906248957], [0.4174789252949794, 0.12650926635497367, 0.029861230541227482, 0.42615057780881954], [0.4189296826396403, 0.5216831028742642, 0.018382942127480758, 0.041004272358614965], [0.8851914985515674, 0.08466896137349719, 0.020995062106076153, 0.009144477968859019], [0.09256893927734487, 0.011864876837669654, 0.010434873703354108, 0.885131310181631], [0.4097781061942423, 0.2025196773039666, 0.30712637752668365, 0.08057583897510776], [0.06222761736688243, 0.13114870040256224, 0.6220234691763443, 0.18460021305421098], [0.9340009817302912, 0.019818438608000755, 0.01479162300673095, 0.031388956654977075], [0.05916451628237048, 0.2872778538009878, 0.02217502473290451, 0.6313826051837373], [0.2019104847667846, 0.12121562720595186, 0.04950921224888178, 0.6273646757783818], [0.2324901724671573, 0.5295141191786163, 0.053432882331376115, 0.18456282602285018], [0.08524488094193798, 0.5327091793540716, 0.13730225814988165, 0.24474368155410844], [0.15969170826563836, 0.4968212720301128, 0.01592196070411626, 0.32756505900013255], [0.13713857602724863, 0.6693167128515413, 0.10307481124772312, 0.09046989987348655], [0.724049960207296, 0.042152828666018084, 0.015575677088757858, 0.21822153403792827], [0.07385104881215714, 0.7140863053507979, 0.14612622961467786, 0.06593641622236684], [0.035557854821857325, 0.8761630538423893, 0.04956660502801624, 0.03871248630773654], [0.235025135900309, 0.41173746378823045, 0.05243082938925001, 0.30080657092221047], [0.0797712823064539, 0.7558993828533846, 0.02344440164122034, 0.14088493319894105], [0.43801087832786906, 0.07309205027032517, 0.0683352077453452, 0.4205618636564608], [0.9496202748723886, 0.007276493645004433, 0.0015480577417299928, 0.041555173740877055], [0.5212826830656121, 0.12100367415853057, 0.20563664176062904, 0.15207700101522836], [0.7199973727356274, 0.054655721289438214, 0.017236747641613266, 0.20811015833332117], [0.3427277683948386, 0.041300916522882, 0.5132718998515127, 0.1026994152307668], [0.08207165201362003, 0.2131257273371999, 0.6073950814505242, 0.09740753919865582], [0.42060560877303543, 0.361916809888011, 0.18732555220411057, 0.030152029134842984], [0.4265181785176797, 0.36631127543812825, 0.008522937625237094, 0.19864760841895507], [0.49647008261117476, 0.0009417037090574701, 6.729079796711562e-05, 0.5025209228818012], [0.6400755642771283, 0.1608333050936769, 0.06371289479266687, 0.13537823583652792], [0.6906777753324502, 0.009547014248196739, 0.19221618021077824, 0.10755903020857505], [0.7416700915490204, 0.0058296575758440255, 0.0006183873328950379, 0.25188186354224046], [0.10558515042591768, 0.19267976288004787, 0.04031921512675893, 0.6614158715672754], [0.05616351807631551, 0.0076601082703152456, 0.0021306837223727267, 0.9340456899309962], [0.027302541872144336, 0.7457723658959906, 0.17420638852025558, 0.052718703711609784], [0.8274529995416277, 0.07545528133926507, 0.02320847808246099, 0.0738832410366465], [0.0028750154580584474, 0.19687270492676434, 0.5443800282776927, 0.2558722513374844], [0.5421130830671325, 0.15454039491951846, 0.056681263995210514, 0.2466652580181389], [0.4597674475015144, 0.47292956022917493, 0.006523445599511254, 0.06077954666979917], [0.7515316559014888, 0.16309945021992528, 0.0037288774186794295, 0.0816400164599062], [0.03406350552182276, 0.918337210746793, 0.030748761058981177, 0.016850522672402838], [0.4108334766510522, 0.10892921591861009, 0.005718988964105064, 0.47451831846623277], [0.027914654266146213, 0.2324152412354548, 0.16535016997808308, 0.5743199345203162], [0.42700653941303673, 0.03971565602409816, 0.0007913082342029567, 0.5324864963286622], [0.055198828020147056, 0.19546023670604828, 0.3292807502745543, 0.4200601849992503], [0.047856523153570044, 0.8606527086648638, 0.055029110743425994, 0.036461657438140276], [0.11786995079305694, 0.4729974420986003, 0.029582015964586168, 0.37955059114375644], [0.013741336581421876, 0.7604239100920559, 0.19388316626061933, 0.03195158706590282]]}}