{"test": {"ids": ["103111990", "97116790", "101115190", "98116940", "97105451", "112118810", "111120531", "113118511", "108114040", "111117000", "99108710", "113118490", "104111780", "110120540", "100109890", "106118161", "109116750", "105116980", "113118820", "110119891", "112118701", "106116820", "106119580", "109119591", "98110710", "112118161", "113121950", "102121700", "109115220", "110121500", "106117790", "102108621", "111116530", "104114230", "110114651", "111120280", "99119830", "108118630", "111120591", "99111340", "112119610", "106114150", "101110150", "99109311", "107113840", "108119550", "108116120", "107116300", "105116860", "111120220", "112120640", "104109311", "113121190", "104119340", "111114321", "102112301", "113120780", "106111321", "97112830", "104118070", "98120010", "112118820", "98108370", "104113380", "98110230", "112121030", "110115890", "104112201", "99111440", "107117010", "104114740", "108116070", "108115500", "104111830", "108121190", "98107410", "106116120", "104118340", "101110740", "103118110", "99110050", "112119950", "109119010", "99109740", "108121410", "103109021", "107120260", "112118530", "106113830", "104117630", "113117401", "98116500", "106114280", "111116100", "97116500", "98109090", "105115720", "109117271", "110118301", "98110810", "100111620", "106121220", "100110260", "101112540", "105110251", "99109840", "111115620", "103120730", "97106820", "97107821", "103113270", "111116411", "106118301", "108119330", "113122510", "99108520", "99117740", "101111140", "105119950", "111119930", "108113700", "100109801", "109120540", "105111990", "103109641", "110115250", "110114561", "105113190", "101108080", "105116090", "97107260", "107118820", "113118421", "109119460", "108114200", "106120290", "101108580", "109114651", "97112300", "111120260", "101108290", "101108621"], "labels": [2, 2, 1, 2, 0, 3, 0, 1, 0, 0, 2, 1, 3, 1, 3, 3, 0, 0, 0, 3, 0, 1, 3, 0, 2, 0, 3, 1, 3, 3, 1, 3, 3, 2, 3, 0, 1, 1, 1, 1, 0, 1, 1, 1, 3, 1, 1, 0, 2, 3, 0, 3, 1, 1, 1, 1, 0, 0, 2, 2, 2, 0, 1, 1, 3, 0, 2, 0, 3, 1, 2, 1, 3, 3, 1, 3, 1, 2, 3, 2, 3, 0, 3, 3, 0, 0, 1, 1, 1, 0, 3, 2, 3, 3, 2, 1, 1, 0, 1, 1, 3, 1, 3, 2, 0, 2, 1, 1, 1, 2, 2, 0, 1, 0, 2, 2, 2, 2, 3, 1, 0, 0, 1, 2, 1, 1, 0, 3, 0, 1, 2, 3, 3, 1, 0, 2, 0, 3, 2, 3, 0, 0], "predicted_labels": [3, 1, 3, 1, 1, 0, 1, 1, 3, 3, 1, 3, 1, 1, 3, 0, 0, 3, 1, 1, 3, 0, 1, 1, 2, 0, 3, 1, 3, 0, 3, 3, 1, 1, 3, 3, 0, 3, 0, 2, 1, 0, 1, 1, 1, 3, 0, 1, 1, 0, 0, 3, 3, 1, 1, 3, 3, 1, 3, 3, 3, 1, 0, 3, 3, 0, 1, 3, 3, 3, 3, 3, 0, 3, 3, 0, 1, 3, 3, 1, 3, 0, 3, 3, 3, 0, 3, 1, 0, 1, 1, 0, 1, 0, 1, 3, 1, 3, 3, 1, 3, 3, 0, 3, 0, 2, 3, 3, 1, 0, 3, 0, 0, 3, 3, 2, 0, 0, 0, 3, 3, 3, 1, 1, 2, 1, 1, 3, 0, 3, 1, 3, 3, 3, 1, 1, 0, 3, 0, 3, 0, 1], "confidence_scores": [[0.15061790515987755, 0.1668032758414119, 0.03020998839150713, 0.6523688306072034], [0.18544227491789833, 0.48576607938445765, 0.21952887041191674, 0.1092627752857271], [0.36379121037780704, 0.25175963396022194, 0.14593980384136387, 0.23850935182060756], [0.08409129401060186, 0.5728378792140661, 0.0919023421074492, 0.25116848466788266], [0.3447480204215622, 0.4620823035133144, 0.05479988125193955, 0.1383697948131841], [0.5407856546609173, 0.1511292663988456, 0.0435291292390025, 0.2645559497012343], [0.28011172236825743, 0.4695909219051371, 0.008879783728362426, 0.24141757199824307], [0.07162332013370583, 0.8065010302851321, 0.03545883710622387, 0.08641681247493807], [0.0931246949461005, 0.24019663286428639, 0.32386104841582175, 0.34281762377379166], [0.15675641170175963, 0.2717986439633533, 0.12196370667474246, 0.44948123766014453], [0.09816817411776446, 0.6058455143959495, 0.17270910996541516, 0.12327720152087115], [0.016006690680138137, 0.0221159069122151, 0.012029932774048168, 0.9498474696335987], [0.4361477448001896, 0.4117638836759588, 0.002247081727783818, 0.14984128979606787], [0.06299319323798482, 0.5776843933880055, 0.23550934665853, 0.12381306671547988], [0.4947196605008991, 0.09310565804248777, 0.048924838642086334, 0.3632498428145271], [0.4994352289713794, 0.25263977059284776, 0.03804093589654232, 0.20988406453923067], [0.40009619685996933, 0.3029619182494664, 0.11337656829930849, 0.18356531659125566], [0.3389843593222587, 0.2512583621985814, 0.0009445584416639722, 0.4088127200374961], [0.24229944796625597, 0.6836480523305487, 0.002553427455001804, 0.07149907224819327], [0.18483226006619355, 0.7010072322918098, 0.01880752402005475, 0.09535298362194189], [0.06924989157825427, 0.337755674615402, 0.006795675329078405, 0.5861987584772654], [0.44402663280885735, 0.14379380357395521, 0.28937888383310606, 0.12280067978408164], [0.013759936538052514, 0.8201017287318056, 0.14565139763827772, 0.020486937091864377], [0.41336193316144565, 0.497181452002563, 0.041805327998239245, 0.04765128683775258], [0.019757413182021476, 0.11765944986156385, 0.7171068218408897, 0.1454763151155248], [0.5168145164569817, 0.38928441889679577, 0.020537632069207962, 0.07336343257701458], [0.25253565399151845, 0.23693234822519335, 0.016553519044755785, 0.49397847873853246], [0.29825251775870787, 0.42840648405810655, 0.06372277603213948, 0.20961822215104614], [0.28575434915518444, 0.08181878083577213, 0.1551993036396501, 0.47722756636939356], [0.6234496461605968, 0.1895023835829588, 0.07203652264379533, 0.11501144761264868], [0.3367832017247852, 0.24685042814000627, 0.08882405749550096, 0.3275423126397075], [0.49820536165330837, 0.14895848393972966, 0.006239476192893936, 0.3465966782140681], [0.2086967757266858, 0.4872340066442871, 0.056417657132648055, 0.24765156049637896], [0.24851246450366787, 0.40267034818472675, 0.08631820751640444, 0.26249897979520104], [0.5052236730267686, 0.07923259804088809, 0.03421363320052036, 0.38133009573182314], [0.1337694080428283, 0.15024988741874112, 0.034889410631478705, 0.681091293906952], [0.4026655769239106, 0.06189487012919277, 0.29572533579336246, 0.23971421715353397], [0.031063278463265512, 0.05447106943685284, 0.3830644119056813, 0.5314012401942002], [0.8918459858403222, 0.02364405951617561, 0.005761379855878036, 0.07874857478762426], [0.012723402459642498, 0.04759274095003987, 0.8652670354578078, 0.07441682113250969], [0.008498097549299434, 0.7480033444220532, 0.1556679702085518, 0.08783058782009551], [0.6293354036191946, 0.06444737783086754, 0.1253310274675999, 0.1808861910823379], [0.17336351755028212, 0.7411824249757558, 0.007502373051296367, 0.07795168442266588], [0.22525622247317736, 0.4762645106592156, 0.23039168058816772, 0.06808758627943912], [0.08077101427891216, 0.5502801743994209, 0.23990361767160265, 0.12904519365006448], [0.0411516345036391, 0.3291112623855884, 0.25195208377747236, 0.3777850193333001], [0.8042369674217955, 0.053092759812488184, 0.08153955898775121, 0.061130713777964876], [0.034010463570492686, 0.8013018733443077, 0.08157987250044892, 0.08310779058475076], [0.4244916955638077, 0.354560341168506, 0.11451899334032682, 0.10642896992735955], [0.6226988565022948, 0.12451015826314611, 0.1584907571875132, 0.0943002280470459], [0.9271454030210097, 0.03580101113159999, 0.0050770923537233345, 0.031976493493667116], [0.4749832025488157, 0.035678958624954155, 0.1089786844454379, 0.3803591543807924], [0.16971265042370112, 0.19108564392500385, 0.11687251842565351, 0.5223291872256415], [0.027478106364157533, 0.45140195034278313, 0.1488147463273304, 0.37230519696572884], [0.20846053267778497, 0.42821008058473276, 0.06644641242211159, 0.29688297431537064], [0.10841871011420161, 0.19562137578039748, 0.04204129602285665, 0.6539186180825443], [0.27188092941456227, 0.12883995059109843, 0.05338685395451212, 0.5458922660398272], [0.1730494082502574, 0.4254805756362448, 0.12079350915027837, 0.28067650696321933], [0.1633645136728021, 0.13850655549470028, 0.18614735099357682, 0.5119815798389208], [0.022758491578212584, 0.06980436854016918, 0.3851675948186864, 0.5222695450629316], [0.16750340625467103, 0.07647263479772426, 0.33134753524850474, 0.4246764236991], [0.3757035034572637, 0.39345980787135065, 0.038498203853213384, 0.19233848481817226], [0.38375687290284566, 0.2842512801018586, 0.14669094349737097, 0.18530090349792458], [0.14691356347552642, 0.12015442259212895, 0.0384738330331027, 0.6944581808992415], [0.3143565021639741, 0.2997594091459858, 0.10768784380785017, 0.27819624488219], [0.6382892112163203, 0.052003534676284775, 0.04520101607042339, 0.2645062380369713], [0.4479352046394728, 0.4358391156148415, 0.09559753941085143, 0.020628140334834084], [0.3236420039847555, 0.1328350714121514, 0.02193051019286589, 0.5215924144102274], [0.19689127867320222, 0.14109407465555315, 0.12773282003486008, 0.5342818266363847], [0.20427579310165436, 0.3138634000343445, 0.16616341836231632, 0.3156973885016847], [0.062332097828473265, 0.2181289983723909, 0.262829086501038, 0.4567098172980983], [0.19426106146105976, 0.16689141958641235, 0.29569589419485925, 0.34315162475766847], [0.4371241745616755, 0.2602514670637306, 0.14862507561119812, 0.15399928276339578], [0.026060912535262007, 0.36532563421871683, 0.03142274073036864, 0.5771907125156522], [0.022133754249987377, 0.20948578181581146, 0.35135710020960387, 0.4170233637245973], [0.8070126972362763, 0.07047803009601043, 0.008467800475212959, 0.11404147219250017], [0.14540341054479566, 0.6185777911771011, 0.2037555456597899, 0.03226325261831349], [0.14786593722449817, 0.13134783807044895, 0.12513967844198612, 0.5956465462630667], [0.1016053344691314, 0.25779937541734127, 0.3940944924949835, 0.24650079761854343], [0.07867475352992943, 0.31364113504867697, 0.4592839862283007, 0.14840012519309306], [0.14306278408682047, 0.20454996297500208, 0.26317432526008117, 0.389212927678096], [0.7243718522929261, 0.02011330246805495, 0.038871150712909856, 0.216643694526109], [0.040995905633892, 0.32556077912713194, 0.25536752717773087, 0.3780757880612451], [0.13975025973107352, 0.1912800405827361, 0.19302745533547855, 0.47594224435071203], [0.04091417617061113, 0.4322272615484212, 0.004442053607856814, 0.522416508673111], [0.4430033848588607, 0.2031856298355864, 0.0778079183812741, 0.27600306692427873], [0.14798185630233088, 0.20642676530546802, 0.09898499387347418, 0.5466063845187268], [0.03983298157470244, 0.6680672570850447, 0.22680793537824165, 0.06529182596201084], [0.6126502877611016, 0.0967779478608505, 0.007982293750202022, 0.28258947062784584], [0.03151203011907638, 0.7033527486272684, 0.019532989579252147, 0.24560223167440354], [0.3969358095634799, 0.3482676444885063, 0.007213943547138033, 0.2475826024008757], [0.5829525772463138, 0.07834748374933308, 0.04734738144883687, 0.2913525575555163], [0.3390565757986103, 0.41044324449569536, 0.07276793616903822, 0.1777322435366563], [0.43463198845162265, 0.2375124848398348, 0.09853768611637993, 0.22931784059216279], [0.2656511326773928, 0.46314775956618165, 0.05131163825036689, 0.21988946950605887], [0.4952231664825162, 0.04667536038432389, 0.021078602387794795, 0.4370228707453652], [0.2954469601575197, 0.37461637438839623, 0.26699889070570376, 0.06293777474838044], [0.10894481722765482, 0.15667899901306012, 0.03636971496012276, 0.6980064687991626], [0.37485401951615094, 0.24892316493919417, 0.054354996434352376, 0.3218678191103024], [0.03613263622924581, 0.2379564356870351, 0.6879403497887666, 0.037970578294952345], [0.34818011291601947, 0.10578770606847063, 0.15687739975623535, 0.38915478125927444], [0.0059271106835457965, 0.11408957563663723, 0.06468831829025384, 0.8152949953895634], [0.8960149505036551, 0.022268989918276475, 0.008263484678652296, 0.07345257489941608], [0.059470825043055724, 0.4091982285072894, 0.05024623622317786, 0.4810847102264769], [0.6410947493192158, 0.2741597437125324, 0.028183816949975717, 0.05656169001827584], [0.03172432513915009, 0.07308440707003463, 0.8283596764245305, 0.06683159136628482], [0.15401591368322848, 0.08785758762939395, 0.135689985141687, 0.6224365135456907], [0.10730878312549572, 0.2180081344158702, 0.43984923330389264, 0.23483384915474131], [0.2558081977579227, 0.4295789330611947, 0.030277373052505576, 0.2843354961283773], [0.6087549685624485, 0.1960868464040919, 0.03812714338761819, 0.15703104164584128], [0.1401124967427498, 0.15037329901536492, 0.42179996546167087, 0.2877142387802141], [0.8551983570920385, 0.013957009887627271, 0.014223288837505444, 0.11662134418282862], [0.8715236913474801, 0.09123318433525314, 0.0010052580248423439, 0.03623786629242446], [0.1647915278508566, 0.08454337507859738, 0.009800556769924198, 0.7408645403006217], [0.018253863200903553, 0.2296650159287896, 0.5032319099631913, 0.24884921090711537], [0.04121644089288882, 0.1470061637478719, 0.7327866913127247, 0.07899070404651455], [0.7424142607790677, 0.07288881146787632, 0.14195232165624194, 0.04274460609681414], [0.3430778780691001, 0.217748803768986, 0.23734199987903662, 0.20183131828287704], [0.5188886904378864, 0.20109553388422705, 0.0765085388923685, 0.20350723678551777], [0.07761385945789444, 0.4522130457008185, 0.03690624242090469, 0.4332668524203824], [0.171507407289938, 0.3317385209896469, 0.07424775127181166, 0.4225063204486036], [0.1670722503611293, 0.17995892736075003, 0.040551293291858435, 0.6124175289862621], [0.07454996557270056, 0.7032131945773614, 0.038457533237208574, 0.18377930661272934], [0.11429183598088913, 0.5006963024244144, 0.2464425932738098, 0.13856926832088684], [0.02533455094713889, 0.13554783737652676, 0.6696994412338276, 0.1694181704425066], [0.08423669548121357, 0.4931387109428198, 0.07740761356859445, 0.3452169800073723], [0.32411184781708585, 0.3685185618559858, 0.18923508274667772, 0.11813450758025099], [0.41802193907029506, 0.03499519333496265, 0.018745730165481554, 0.5282371374292608], [0.6164004108358943, 0.20579635635414056, 0.011116509522473351, 0.16668672328749184], [0.379648040788775, 0.1664689724744386, 0.011324591430983398, 0.442558395305803], [0.2765446800794445, 0.2211686699175613, 0.3307651260351857, 0.17152152396780854], [0.03657024571669328, 0.1717507148795234, 0.4012162378717919, 0.3904628015319913], [0.03097495508177575, 0.05522046711418926, 0.02716096425417346, 0.8866436135498614], [0.38899548478994767, 0.14248776267019825, 0.11860783277479688, 0.3499089197650571], [0.2070905208555669, 0.33951570484582555, 0.17041406235608134, 0.28297971194252614], [0.18336817786557275, 0.5573817967073247, 0.08736980228833274, 0.17188022313876974], [0.9941677109816364, 0.0009627847699022063, 0.0004832973354960053, 0.004386206912965547], [0.366214511234306, 0.12589821186785508, 0.09456780597056742, 0.4133194709272718], [0.47471626145722984, 0.1672000194949113, 0.10802094736248542, 0.250062771685373], [0.34184158875936926, 0.3264865384773982, 0.060582235162139016, 0.2710896376010934], [0.4275447419176877, 0.19655531345146307, 0.12921542890930024, 0.24668451572154873], [0.3514999419485967, 0.41205127735184915, 0.06361998895755634, 0.1728287917419977]]}, "rewritten": {"ids": ["97105451", "97106820", "97107260", "97107821", "97112300", "97112830", "97116500", "97116790", "98107410", "98108370", "98109090", "98110230", "98110710", "98110810", "98116500", "98116940", "98120010", "99108520", "99108710", "99109311", "99109740", "99109840", "99110050", "99111340", "99111440", "99117740", "99119830", "100109801", "100109890", "100110260", "100111620", "101108080", "101108290", "101108580", "101108621", "101110150", "101110740", "101111140", "101112540", "101115190", "102108621", "102112301", "102121700", "103109021", "103109641", "103111990", "103113270", "103118110", "103120730", "104109311", "104111780", "104111830", "104112201", "104113380", "104114230", "104114740", "104117630", "104118070", "104118340", "104119340", "105110251", "105111990", "105113190", "105115720", "105116090", "105116860", "105116980", "105119950", "106111321", "106113830", "106114150", "106114280", "106116120", "106116820", "106117790", "106118161", "106118301", "106119580", "106120290", "106121220", "107113840", "107116300", "107117010", "107118820", "107120260", "108113700", "108114040", "108114200", "108115500", "108116070", "108116120", "108118630", "108119330", "108119550", "108121190", "108121410", "109114651", "109115220", "109116750", "109117271", "109119010", "109119460", "109119591", "109120540", "110114561", "110114651", "110115250", "110115890", "110118301", "110119891", "110120540", "110121500", "111114321", "111115620", "111116100", "111116411", "111116530", "111117000", "111119930", "111120220", "111120260", "111120280", "111120531", "111120591", "112118161", "112118530", "112118701", "112118810", "112118820", "112119610", "112119950", "112120640", "112121030", "113117401", "113118421", "113118490", "113118511", "113118820", "113120780", "113121190", "113121950", "113122510"], "labels": [0, 1, 2, 2, 2, 2, 2, 2, 3, 1, 1, 3, 2, 1, 2, 2, 2, 2, 2, 1, 3, 2, 3, 1, 3, 2, 1, 0, 3, 3, 3, 0, 0, 0, 0, 1, 3, 2, 2, 1, 3, 1, 1, 0, 1, 2, 2, 2, 1, 3, 3, 3, 0, 1, 2, 2, 0, 2, 2, 1, 0, 2, 3, 1, 1, 2, 0, 3, 0, 1, 1, 3, 1, 1, 1, 3, 1, 3, 2, 1, 3, 0, 1, 3, 1, 0, 0, 0, 3, 1, 1, 1, 0, 1, 1, 0, 3, 3, 0, 0, 3, 1, 0, 1, 0, 3, 1, 2, 1, 3, 1, 3, 1, 1, 3, 0, 3, 0, 1, 3, 3, 0, 0, 1, 0, 1, 0, 3, 0, 0, 0, 0, 0, 3, 3, 1, 1, 0, 0, 1, 3, 2], "predicted_labels": [1, 1, 1, 0, 3, 3, 1, 1, 0, 0, 3, 3, 3, 1, 3, 1, 0, 2, 3, 1, 1, 2, 1, 3, 3, 3, 3, 3, 3, 0, 3, 0, 0, 0, 1, 3, 1, 0, 1, 0, 0, 0, 1, 0, 1, 3, 3, 1, 3, 0, 1, 1, 3, 3, 3, 0, 1, 3, 3, 1, 0, 1, 3, 3, 1, 3, 3, 3, 3, 3, 3, 3, 0, 0, 1, 3, 0, 2, 1, 3, 1, 1, 1, 3, 3, 3, 2, 3, 3, 3, 0, 3, 1, 1, 1, 3, 3, 3, 0, 3, 3, 1, 3, 1, 0, 3, 3, 0, 1, 1, 2, 3, 1, 3, 1, 0, 1, 3, 3, 0, 1, 3, 1, 0, 1, 1, 1, 3, 3, 1, 3, 0, 0, 3, 3, 3, 1, 0, 3, 0, 0, 3], "confidence_scores": [[0.25655165446433686, 0.4945566022055484, 0.05901940367620406, 0.1898723396539108], [0.06764912132442961, 0.5539016194008095, 0.17122328757148275, 0.20722597170327775], [0.2658741315213949, 0.3314043612610782, 0.2790623250175657, 0.12365918219996098], [0.48048056837012837, 0.23178409092239338, 0.17347566121740904, 0.11425967949006921], [0.3246951060329346, 0.1331524812341467, 0.3356701807435617, 0.20648223198935708], [0.11113053668020972, 0.12016987361378166, 0.08858388438466122, 0.6801157053213472], [0.10078827392996464, 0.18670479945323062, 0.6096966113800489, 0.10281031523675593], [0.08037004788998021, 0.7797114966457186, 0.1108458927780825, 0.029072562686218422], [0.739382102110431, 0.20554843216747917, 0.006908940070881478, 0.04816052565120825], [0.38629853315925533, 0.26708200091972506, 0.10142673089225565, 0.24519273502876374], [0.21039947274715518, 0.3533729236334929, 0.01888747731653549, 0.41734012630281625], [0.0968874679537212, 0.3228401533000557, 0.23161679462550408, 0.3486555841207192], [0.05258123026176411, 0.25728458866280546, 0.24310022913886226, 0.44703395193656786], [0.016221426803061184, 0.21953872935066196, 0.7114869270509485, 0.05275291679532866], [0.19192555080593177, 0.36629517321516747, 0.046552938758243935, 0.3952263372206568], [0.09547765766750928, 0.3628940758498106, 0.25370301269224, 0.28792525379044], [0.41863795343464705, 0.1936189001443053, 0.1639403821424263, 0.2238027642786219], [0.008882614979045092, 0.0179672409811953, 0.924845372902038, 0.04830477113772139], [0.3100835376346452, 0.09843503326174992, 0.06371434566439019, 0.5277670834392149], [0.22154770292355166, 0.557640170799545, 0.10510503140989529, 0.11570709486700809], [0.12448168916167028, 0.1939673185028833, 0.5204311472636248, 0.16111984507182128], [0.0160817146608641, 0.0123413521069626, 0.9476333998229317, 0.023943533409241383], [0.12730121144880047, 0.5545336186981025, 0.25707393667336087, 0.06109123317973603], [0.026342030956766675, 0.18356640474917743, 0.5560168416962596, 0.23407472259779646], [0.1107665638329827, 0.19934692421751712, 0.18583242973397718, 0.5040540822155231], [0.3459041005789669, 0.34340528361877576, 0.03691575246932271, 0.2737748633329347], [0.17994484448431075, 0.17281193290426305, 0.17663980670095036, 0.47060341591047594], [0.20964713126794954, 0.3486876721399519, 0.0390579994868929, 0.40260719710520576], [0.5424342714645554, 0.06844111199163816, 0.045148628235932416, 0.3439759883078739], [0.6080222343071381, 0.31859349955311916, 0.018215911735521877, 0.05516835440422084], [0.06394089210978969, 0.07313057598821947, 0.2668538420930848, 0.5960746898089061], [0.743171770040458, 0.1918027936411005, 0.00564019328909975, 0.05938524302934175], [0.6187876200934744, 0.016298184196770694, 0.021210961554415986, 0.3437032341553385], [0.9111132452641247, 0.015585226378585944, 0.002444465222316968, 0.07085706313497245], [0.08723612409858142, 0.5890714269495272, 0.12084764054048046, 0.2028448084114111], [0.1053161294246489, 0.3196990349737789, 0.005311762143994497, 0.5696730734575779], [0.032705568974465374, 0.4754821142159966, 0.3761283399894007, 0.11568397682013723], [0.5857508178577576, 0.055736155476430495, 0.02924557476563919, 0.3292674519001728], [0.09694314078686446, 0.36168846221931816, 0.2616211288357029, 0.2797472681581143], [0.441640685574026, 0.22299914189184478, 0.1483518246068404, 0.1870083479272888], [0.49634358243125204, 0.3121709262421747, 0.0024781876423213512, 0.18900730368425195], [0.6000127543783378, 0.1557143330552755, 0.030594442594257205, 0.21367846997212928], [0.060097111505759984, 0.5368983983560037, 0.04702556542761361, 0.35597892471062254], [0.3890895914051568, 0.18983146428652733, 0.301614720100935, 0.11946422420738083], [0.30738644287566214, 0.5749890350995776, 0.04055141035267904, 0.07707311167208127], [0.10029707217058441, 0.35858722306512114, 0.1364733802033922, 0.40464232456090216], [0.3117297060254772, 0.14982200604330634, 0.09862876277849933, 0.4398195251527168], [0.02721692377238049, 0.28606334674869643, 0.5133310242266698, 0.17338870525225342], [0.3076175519542032, 0.179268139397526, 0.1802270487931607, 0.3328872598551102], [0.5879698105732397, 0.1018282492828443, 0.2069211209100634, 0.10328081923385277], [0.23677664569230156, 0.3873799123718942, 0.1720047110245909, 0.20383873091121352], [0.05654699434019637, 0.6729242639289671, 0.10007958218317406, 0.17044915954766268], [0.15531987536397363, 0.18333479091303886, 0.007358561186527579, 0.6539867725364601], [0.4465236266691989, 0.1846018342964521, 0.028691905174469984, 0.34018263385987907], [0.5019939875974271, 0.15427709949379512, 0.04288557571255665, 0.30084333719622147], [0.24820957844298644, 0.21556659288955235, 0.33091422391194864, 0.2053096047555124], [0.20846477913801784, 0.5185800673346544, 0.09988419255843843, 0.1730709609688892], [0.0908965802839342, 0.14949432633010576, 0.24791282107307144, 0.5116962723128885], [0.06637597875986688, 0.18885027252314365, 0.11005685768853242, 0.6347168910284569], [0.06588083718499897, 0.3758528855618392, 0.2937870731060698, 0.264479204147092], [0.7440794579579091, 0.16464609881294737, 0.0025146997305026276, 0.08875974349864069], [0.051222857759506316, 0.3857569151804819, 0.24205027999398515, 0.3209699470660265], [0.20340131731867536, 0.01932031565024805, 0.2686019089138342, 0.508676458117242], [0.04425747590499184, 0.08872226810569543, 0.6204358406315156, 0.24658441535779724], [0.2543070318976026, 0.39921138374149223, 0.030467053254092987, 0.3160145311068122], [0.21556993463966795, 0.2943604521056784, 0.18658624669577428, 0.30348336655887925], [0.36980664926436685, 0.12444528566847862, 0.005878386821195805, 0.4998696782459589], [0.2802420774925842, 0.0975978138228739, 0.11740801885802264, 0.5047520898265189], [0.1817477463584001, 0.15324289193557653, 0.41601416350623516, 0.2489951981997883], [0.2488437160823889, 0.06921342619724585, 0.2008124869311856, 0.48113037078917953], [0.3541112582944723, 0.14692845934868554, 0.021113261214486166, 0.4778470211423561], [0.20543578877316954, 0.11293274332140546, 0.1368670184307538, 0.5447644494746707], [0.4323230386163692, 0.2897807747301497, 0.18206614214069755, 0.09583004451278367], [0.3482249371405742, 0.2500362540355989, 0.19354115748972478, 0.20819765133410187], [0.2448494583466004, 0.46110440334556846, 0.1454450568100484, 0.14860108149778262], [0.3425298763905865, 0.2896049363555604, 0.03662119890415657, 0.33124398834969654], [0.5440832066256773, 0.29863489327758147, 0.024185376137188623, 0.13309652395955235], [0.00560169793432507, 0.041152360140793175, 0.9358841990584641, 0.017361742866417534], [0.10409171626113622, 0.5835389046919555, 0.1183951560457248, 0.19397422300118355], [0.02211968201981362, 0.007597505187299298, 0.12854292074900756, 0.8417398920438793], [0.06544586287916472, 0.5964836731752482, 0.2516511955909097, 0.08641926835467734], [0.33147307822950706, 0.5129469254748509, 0.018495706725299103, 0.1370842895703428], [0.24598751309447198, 0.4981370168153385, 0.03560609207893562, 0.22026937801125382], [0.06339949400412517, 0.2107541874144776, 0.34167641062758597, 0.3841699079538114], [0.1483799955916061, 0.029593087698127143, 0.01554749827590906, 0.8064794184343579], [0.09058869718834404, 0.1792901883672519, 0.4447504618983458, 0.28537065254605837], [0.04395306858146185, 0.15777161511438476, 0.7153633175606183, 0.08291199874353476], [0.05877353882440543, 0.23080950122488447, 0.19524203036349277, 0.5151749295872173], [0.14652051738594976, 0.2353744736571295, 0.21202317043812394, 0.4060818385187967], [0.20184181506435767, 0.26273347577483225, 0.2175733184750367, 0.3178513906857735], [0.6935684375209054, 0.07555979661364971, 0.09761895060359739, 0.13325281526184746], [0.038702811826309344, 0.08532016304858653, 0.08927932673017944, 0.7866976983949246], [0.3981049689513262, 0.3383084189107169, 0.05326466495181341, 0.21032194718614325], [0.08346534285839882, 0.47294241283800476, 0.14536256487589572, 0.29822967942770084], [0.03916805569013163, 0.5107061342745767, 0.08859739914740072, 0.3615284108878909], [0.11159834795337117, 0.42459224789967837, 0.03561033164339623, 0.4281990725035541], [0.546749381123011, 0.0645165681959218, 0.015205849710051724, 0.37352820097101536], [0.30912725157648907, 0.07105067672339137, 0.06443335988005028, 0.5553887118200694], [0.7996338118462434, 0.03010235103613237, 0.014982078464306556, 0.1552817586533175], [0.245302762804143, 0.12321148557614749, 0.05501353045749549, 0.576472221162214], [0.048292956185389695, 0.26650114959475896, 0.20372665215127325, 0.48147924206857795], [0.0808175689622375, 0.4583376290993361, 0.2883868763252923, 0.17245792561313436], [0.2634953882993231, 0.19287635015097132, 0.04266718724184103, 0.5009610743078645], [0.02798707464270271, 0.874444382063458, 0.022238933777092487, 0.07532960951674675], [0.7465456144346456, 0.10317306561069652, 0.012285897375781752, 0.137995422578876], [0.28602735768228815, 0.20549277961259077, 0.24480931831387298, 0.2636705443912481], [0.06689111549833604, 0.22968248965776997, 0.029248430067877244, 0.6741779647760169], [0.48160790441978424, 0.15256799521899175, 0.08501301942590452, 0.2808110809353192], [0.419238475844021, 0.5131332210814191, 0.021460527876578695, 0.046167775197980994], [0.20299155001948282, 0.5597372490228785, 0.057575456643745165, 0.17969574431389349], [0.049273164536967694, 0.08546175261944676, 0.7512055966466762, 0.11405948619690896], [0.20919141515304804, 0.1849083957762367, 0.15629207124211736, 0.4496081178285978], [0.22667489901444865, 0.27475383978688633, 0.30511926914315973, 0.19345199205550523], [0.04611458189117937, 0.13166178926112113, 0.30501363747177174, 0.5172099913759274], [0.43641483101183187, 0.37197238985037284, 0.038703514391121026, 0.15290926474667413], [0.8415846294220322, 0.0025714726943702293, 0.022399086990234678, 0.1334448108933633], [0.3846710915738402, 0.3164889398714017, 0.11692067980378004, 0.18191928875097804], [0.06944562115973908, 0.13872391301664405, 0.4547170757946829, 0.33711339002893376], [0.0925493859940656, 0.3003464296812373, 0.07298944902840034, 0.5341147352962968], [0.3264552092270857, 0.23527306658297414, 0.38157439810121146, 0.05669732608872847], [0.0703379017526176, 0.3199421417949388, 0.4524290594980833, 0.15729089695436024], [0.09697638041334984, 0.06975930052338333, 0.029911544701783168, 0.8033527743614836], [0.08001037196987562, 0.7153481257483114, 0.007250652942262672, 0.19739084933955012], [0.814318708093121, 0.10525833311072694, 0.0010436410243418895, 0.07937931777181033], [0.22316590482271675, 0.619454108203573, 0.043285317730189, 0.11409466924352152], [0.02572889237330836, 0.3458636353353734, 0.5720850184122964, 0.05632245387902192], [0.1060059372839706, 0.5359513895611897, 0.027980483723540946, 0.33006218943129856], [0.09437517377919447, 0.2167412375618092, 0.39698076447331754, 0.2919028241856787], [0.20957455366693448, 0.17418012054209103, 0.02835747758346471, 0.5878878482075098], [0.08057632822389497, 0.7020956853505281, 0.060327979199313736, 0.15700000722626298], [0.546046186928846, 0.02365444149491611, 0.09195601145389745, 0.3383433601223402], [0.8996104685526533, 0.03312179439518614, 0.014381534142598419, 0.052886202909562356], [0.8325082283141799, 0.03357770361845328, 0.019432295784265148, 0.11448177228310172], [0.2821214973711394, 0.14883405950585235, 0.0037351559890308832, 0.5653092871339777], [0.4461880609915104, 0.06669595046365798, 0.0006056840000552597, 0.48651030454477634], [0.03212366555470326, 0.16681069735415419, 0.02477941995387639, 0.7762862171372661], [0.035717588372745974, 0.4724598710117384, 0.09856423848312304, 0.39325830213239277], [0.7970781755002037, 0.1689936218741432, 0.004098356277044346, 0.029829846348608663], [0.16428774554611092, 0.06515984062490347, 0.11522879314214175, 0.6553236206868439], [0.4987754298384673, 0.2369080563964838, 0.17160933970133146, 0.09270717406371756], [0.6965411930646082, 0.08383253466309191, 0.07620715100039618, 0.14341912127190357], [0.007441486064207324, 0.16321470603140273, 0.6093855555085353, 0.21995825239585454]]}}