{"test": {"ids": ["97105960", "102110050", "98106560", "102110890", "104117630", "112117030", "102107961", "113122220", "108120621", "99108710", "101121640", "98109230", "112120630", "108113700", "112121351", "98120530", "112116640", "107116300", "113118511", "111119290", "107121230", "104112201", "105120280", "109120150", "99107300", "99117740", "97105580", "111120640", "112119950", "105116650", "113120591", "108117360", "98112300", "113120531", "99108330", "97109570", "109117080", "109116930", "104111531", "101108580", "113121950", "112121360", "109113281", "109120621", "106114150", "106113360", "103110220", "99112531", "104111830", "100109360", "110121450", "107115140", "108114200", "106116441", "97112830", "99108310", "101114020", "103113210", "98110710", "102112170", "101116130", "107116980", "101108370", "106117650", "112121030", "109114270", "98109311", "99109311", "109121410", "113119950", "97106600", "106120640", "112118860", "100108260", "107114950", "105113210", "106121220", "110115250", "106113170", "108121190", "113122510", "107121700", "101110740", "113122650", "103111930", "99107660", "111119950", "99108580", "105112130", "113121410", "100120780", "112120290", "110113931", "110117870", "98108580", "107113130", "97107260", "105116860", "113121010", "103110840", "104114240", "98106680", "103112470", "110116441", "110119891", "108114180", "109117630", "97113900", "112116290", "110120640", "97113260", "97112290", "105119550", "105117200", "111116990", "110118630", "104119290", "108116481", "109115211", "107120130", "112119980", "111118820", "100111080", "103111620", "97106591", "98108410", "112116401", "101115190", "99107630", "102116500", "112119610", "103118291", "103113260", "105116090", "112118530", "111115400", "107112840", "113120751", "101117580", "111119300", "105117351", "100109801"], "labels": [2, 3, 1, 0, 0, 2, 3, 1, 1, 2, 2, 1, 3, 0, 0, 1, 0, 0, 1, 3, 0, 0, 3, 2, 3, 2, 1, 0, 0, 1, 0, 1, 2, 0, 1, 0, 1, 0, 0, 0, 3, 3, 0, 1, 1, 0, 2, 3, 3, 0, 3, 0, 0, 0, 2, 2, 3, 3, 2, 3, 2, 3, 1, 1, 0, 3, 1, 1, 0, 0, 3, 3, 3, 3, 3, 3, 1, 1, 0, 1, 2, 3, 3, 2, 3, 3, 0, 0, 1, 0, 1, 1, 1, 3, 0, 1, 2, 2, 2, 1, 0, 1, 1, 3, 3, 1, 0, 2, 0, 0, 1, 1, 1, 3, 0, 1, 1, 0, 0, 2, 0, 0, 0, 0, 1, 1, 0, 1, 2, 1, 0, 0, 3, 1, 1, 0, 1, 1, 3, 1, 0, 0], "predicted_labels": [1, 1, 2, 3, 3, 2, 0, 3, 0, 3, 1, 3, 0, 2, 0, 1, 0, 1, 1, 3, 3, 3, 1, 3, 3, 0, 1, 3, 3, 2, 0, 3, 3, 0, 2, 3, 1, 0, 3, 0, 1, 0, 3, 3, 3, 3, 3, 0, 1, 1, 3, 3, 3, 1, 1, 1, 3, 3, 2, 3, 3, 0, 0, 0, 3, 3, 0, 3, 3, 3, 2, 1, 1, 3, 2, 0, 1, 3, 0, 1, 2, 1, 2, 2, 1, 1, 3, 2, 2, 3, 0, 1, 0, 1, 1, 2, 1, 1, 1, 1, 0, 3, 3, 3, 3, 0, 1, 3, 1, 3, 2, 0, 1, 3, 3, 3, 0, 3, 0, 3, 1, 0, 1, 0, 3, 0, 3, 1, 3, 1, 2, 0, 1, 3, 1, 3, 1, 3, 3, 1, 1, 3], "confidence_scores": [[0.1183891770153025, 0.3748784631580206, 0.2863671917622773, 0.22036516806439957], [0.026235774531952385, 0.4524296005165011, 0.08238776983108247, 0.4389468551204641], [0.013220415139227771, 0.22120824773787162, 0.5707405406538242, 0.19483079646907647], [0.26173937573513006, 0.19241514612365668, 0.052009789869032416, 0.4938356882721807], [0.23229771247367847, 0.13079310139916994, 0.07582025069357654, 0.5610889354335751], [0.013711946743095005, 0.09346859662538205, 0.5734159522060921, 0.31940350442543086], [0.439039692071886, 0.03413928705477005, 0.16406687775989295, 0.362754143113451], [0.0039571036907234715, 0.18896940320923378, 0.07196092647047928, 0.7351125666295635], [0.5240535239598529, 0.3942376467787193, 0.039512889322068305, 0.04219593993935951], [0.06766526852069876, 0.11797177551861174, 0.3626824249506862, 0.4516805310100033], [0.009569898704451891, 0.5422448781261127, 0.0049328497413862115, 0.44325237342804924], [0.02695695559302973, 0.00423057147520047, 0.36960112294629377, 0.5992113499854761], [0.7394081338337822, 0.07255891292145325, 0.0020803574209664177, 0.1859525958237982], [0.007059287145559428, 0.23745205029334646, 0.6270648272691248, 0.1284238352919692], [0.9082733256799491, 0.015114314120415848, 0.07080804923421587, 0.005804310965419271], [0.3128256997229108, 0.46775875407453893, 0.006838248610567518, 0.2125772975919828], [0.8626338264073613, 0.07327216058708569, 0.014247475219178579, 0.049846537786374226], [0.008692964019948898, 0.9820405579398295, 0.005839579479770181, 0.003426898560451464], [0.15114953691588903, 0.609883894787068, 0.05189487357250679, 0.18707169472453622], [0.020613388607385152, 0.010031797201054087, 0.009596154448113889, 0.9597586597434469], [0.005408965874788444, 0.01736044811295721, 0.03841246157990205, 0.9388181244323524], [0.016647391426596832, 0.04093245890912734, 0.003475569039767677, 0.9389445806245081], [0.25622335356760767, 0.5667864094521277, 0.015038992370237581, 0.16195124461002702], [0.10884180000221098, 0.1287711646763813, 0.2557022698997069, 0.5066847654217008], [0.2982143128373772, 0.16085554194560764, 0.017883286874893375, 0.5230468583421218], [0.5017193124228366, 0.2737185487816752, 0.01772255814710158, 0.2068395806483866], [0.02460408594801128, 0.9564574049704653, 0.014141201620047554, 0.004797307461475912], [0.017735945866474846, 0.013041849982513416, 0.10772745231696373, 0.861494751834048], [0.02564287431401074, 0.06356571996205668, 0.013676273028083994, 0.8971151326958485], [0.0680872460391909, 0.2385240151249298, 0.5903105749994253, 0.10307816383645398], [0.5927076717355544, 0.014337476131077949, 0.05331518840258446, 0.339639663730783], [0.0035005684781964364, 0.06599310691286403, 0.37719016396430555, 0.553316160644634], [0.21566337917458175, 0.16392018052286103, 0.08915902434806702, 0.5312574159544902], [0.6885387061411723, 0.17009308324369857, 0.0007304874224199931, 0.14063772319270923], [0.0372305043872338, 0.3303660372581585, 0.5103245055463123, 0.12207895280829537], [0.07047765644758962, 0.11118454849437048, 0.110787352960005, 0.707550442098035], [0.00022075895241398984, 0.9963878042029999, 0.0030504323780845585, 0.0003410044665014656], [0.754914499297341, 0.16952429846072978, 0.019071565753224853, 0.056489636488704434], [0.056804483163136174, 0.289372217372138, 0.09642693579506276, 0.557396363669663], [0.47700805311043193, 0.14468914923820902, 0.06720821749225651, 0.3110945801591026], [0.19715600557167223, 0.38989273167729666, 0.10479905803276278, 0.3081522047182683], [0.6621927563711506, 0.19806064703847806, 0.033243380209193964, 0.10650321638117732], [0.4109175347880479, 0.019540371418051008, 0.019748712374254136, 0.549793381419647], [0.1422875405586766, 0.023332382987961895, 0.007104934802713544, 0.827275141650648], [0.3479433019238303, 0.16508898433494748, 0.01989574090678857, 0.4670719728344337], [0.0062623649440371855, 0.1848408850048764, 0.0016702957601557895, 0.8072264542909307], [0.13835772104830985, 0.1960250503332814, 0.23318813376531192, 0.4324290948530968], [0.5985091488363384, 0.07814766900272425, 0.1272839710514444, 0.19605921110949293], [0.0024149769379203287, 0.9930591124898065, 0.0014712992462375001, 0.0030546113260357366], [0.2446122150726178, 0.359124111313073, 0.08732130691430894, 0.30894236670000036], [0.28019328128298226, 0.01442225862796662, 0.0005647533733641251, 0.7048197067156869], [0.05957138039197023, 0.15835544580231428, 0.18508158891111462, 0.5969915848946009], [0.3187029057342722, 0.28038647006517475, 0.01745953949914658, 0.38345108470140654], [0.09680810844412513, 0.435004722696643, 0.06848213590652469, 0.39970503295270715], [0.02111878007332075, 0.47517456602654873, 0.45268154497658286, 0.05102510892354751], [0.29559522485190054, 0.5500053487889519, 0.10503731712655279, 0.049362109232594875], [0.17262798789870648, 0.3279096444023429, 0.13192565522187147, 0.3675367124770792], [0.011038036903450637, 0.1339207886614785, 0.1227389781512948, 0.7323021962837761], [0.027748914231524438, 0.08831642739504374, 0.7645226870573252, 0.11941197131610654], [0.21915713266853315, 0.06232533494470586, 0.002610587937117548, 0.7159069444496434], [0.12211593685307874, 0.27823281740671985, 0.12167107483100062, 0.47798017090920064], [0.5872208753000789, 0.3626194263441766, 0.001417071404621142, 0.04874262695112343], [0.5281503450389448, 0.4180218403725453, 0.0006975392250806495, 0.05313027536342929], [0.34678912259539685, 0.09855577590040636, 0.33278589110617307, 0.2218692103980238], [0.17561598017392838, 0.006342037775064521, 0.00820617946829695, 0.80983580258271], [0.025107513531717765, 0.017726928472255134, 0.0007385399867954878, 0.9564270180092316], [0.36212403895359185, 0.2169282664647232, 0.3170074802201687, 0.10394021436151625], [0.3216785553000953, 0.146716236128347, 0.06183792258438408, 0.46976728598717366], [0.29653168631805904, 0.2157789373441262, 0.06577075078178087, 0.4219186255560339], [0.32288532954462434, 0.11073027255370466, 0.03249083639931739, 0.5338935615023537], [0.03147496518345782, 0.007155917505594648, 0.9248618969663097, 0.03650722034463774], [0.004200735185232422, 0.6485740490115884, 0.13243345582873248, 0.2147917599744467], [0.027209430347590397, 0.48431854959350223, 0.06056909953526781, 0.42790292052363965], [0.12947963298027595, 0.05958118662118789, 0.11054929006949982, 0.7003898903290363], [0.029689466211001794, 0.10572848667612321, 0.44910302203983143, 0.4154790250730435], [0.47958266885449785, 0.18051213921231468, 0.040157608274924435, 0.299747583658263], [0.0026162023993119197, 0.9334142468216359, 0.008470381669426952, 0.055499169109625185], [0.10820356147738125, 0.1502643494037349, 0.11461615312446674, 0.6269159359944171], [0.3654356845254377, 0.32415378276957046, 0.020590851093507712, 0.28981968161148414], [0.11233181442122159, 0.7466179078198918, 0.11548934541992568, 0.02556093233896087], [0.025972009540425813, 0.2714445404510117, 0.5454551123485808, 0.15712833765998174], [0.007831710232250148, 0.5517134355420438, 0.07205728675680403, 0.3683975674689022], [0.12444458908216689, 0.11943206678256023, 0.5628716615866061, 0.19325168254866684], [0.013180100206015188, 0.1802920292256217, 0.6021236064045821, 0.204404264163781], [0.17104363532743205, 0.5138078899879021, 0.07169181050011256, 0.24345666418455317], [0.07499062508168759, 0.4457974153748724, 0.05491067093827662, 0.4243012886051634], [0.13106648366128323, 0.011470873311348473, 0.24520626525350322, 0.6122563777738651], [0.12972191640331146, 0.23997152653557283, 0.4948614419942912, 0.1354451150668246], [0.06544144605139514, 0.18839489018645683, 0.6397403545013582, 0.10642330926078984], [0.17245398078680801, 0.08290023383349154, 0.0011608193379064875, 0.743484966041794], [0.6972337097339502, 0.07365502920264053, 0.01178303760450756, 0.21732822345890185], [0.040322921622854085, 0.47582477503865545, 0.3941402332261995, 0.08971207011229103], [0.3603218062820129, 0.22838741488388403, 0.10047668631948481, 0.31081409251461833], [0.020400543127660327, 0.7538506750658134, 0.04469589617638155, 0.18105288563014474], [0.2648936854075517, 0.4249712541075056, 0.11213927856674097, 0.19799578191820183], [0.01696053361822165, 0.0733996562011312, 0.7710910594926129, 0.1385487506880342], [0.10838660029402981, 0.3920580645309598, 0.1952942533870283, 0.3042610817879821], [0.12386513773582646, 0.6380381471258258, 0.21253641643454213, 0.025560298703805436], [0.008475165937509627, 0.9085358181963613, 0.012056325281920088, 0.07093269058420908], [0.16674353387517002, 0.634348734938746, 0.09874944511605453, 0.10015828607002966], [0.3405571173110547, 0.13330206602978317, 0.30138815765777555, 0.22475265900138658], [0.3926030370349759, 0.080145392498717, 0.07007504492792542, 0.4571765255383817], [0.323596338971859, 0.1165408867069703, 0.02600707784422685, 0.5338556964769439], [0.049061331743342255, 0.07174417761465415, 0.014539386297442697, 0.8646551043445609], [0.1655132437160238, 0.20099071158768717, 0.03281304931007446, 0.6006829953862146], [0.3791249856254039, 0.12280068243678623, 0.2959919830591386, 0.20208234887867108], [0.2505216013879591, 0.591452297788657, 0.04608606391639927, 0.11194003690698456], [0.2527597952974952, 0.12226939563063303, 0.16734401871652532, 0.45762679035534637], [0.11925867091928785, 0.5710815423445068, 0.06803899622877653, 0.24162079050742874], [0.017508195418423824, 0.14916858702880353, 0.13811569924412617, 0.6952075183086465], [0.08169012263969554, 0.12080186534911004, 0.676400671715537, 0.12110734029565741], [0.6080646261255045, 0.1895387081903246, 0.16872155629708419, 0.03367510938708685], [0.0051683389015453355, 0.8678305645113853, 0.0024080409102057976, 0.12459305567686352], [0.16723493164794231, 0.12441938945700848, 0.19355956050771558, 0.5147861183873336], [0.11247438844656076, 0.25790935818958405, 0.11629382196799945, 0.5133224313958556], [0.041081267414378966, 0.20435315759753822, 0.022545585384327105, 0.7320199896037558], [0.5304560640361893, 0.06547765472934523, 0.36079402292677626, 0.04327225830768932], [0.24662018705110467, 0.010607351636201487, 0.0006169382482129176, 0.742155523064481], [0.6652962961015265, 0.25441693337654897, 0.009513219003081318, 0.07077355151884325], [0.28367837923347483, 0.21742684809863794, 0.18078065090497955, 0.31811412176290776], [0.01464309061752911, 0.8964704704295097, 0.08487796162830552, 0.004008477324655795], [0.6971488549694753, 0.06736787795136143, 0.04314521720701496, 0.19233804987214828], [0.14581795135372239, 0.8286832717123551, 0.01582861382875394, 0.009670163105168529], [0.9113410718859436, 0.012310416272208597, 0.05873891910288161, 0.017609592738966073], [0.02932517469984842, 0.17196751059500467, 0.15058870779000857, 0.6481186069151383], [0.5695039002186221, 0.3491732949169036, 0.018571643548637787, 0.0627511613158364], [0.0224730008133132, 0.02329762333302006, 0.00240295997509462, 0.9518264158785722], [0.09810245677983137, 0.5057415341488364, 0.026605807387810196, 0.3695502016835221], [0.004047327448547308, 0.04398852893316693, 0.05141341614538106, 0.9005507274729047], [0.022898414252165128, 0.6993014164730816, 0.1530739525762885, 0.12472621669846488], [0.03357994276966983, 0.2832770075948505, 0.6462928307853668, 0.03685021885011277], [0.650043330481686, 0.17754859440997828, 0.012102299865236102, 0.1603057752430996], [0.017902192635405004, 0.5104725499426204, 0.43921891470351804, 0.03240634271845653], [0.2834255196667551, 0.06227209663222546, 0.010626300074840646, 0.6436760836261788], [0.024215475967390883, 0.5124630837921141, 0.19703082531451074, 0.26629061492598427], [0.2647805076267559, 0.17990829339513173, 0.03128620846270111, 0.5240249905154114], [0.0014229554307224493, 0.9019352557221382, 0.03252424241759468, 0.06411754642954458], [0.042861829290506866, 0.34958572430231644, 0.05488805015146768, 0.5526643962557091], [0.12322961301660158, 0.1815260775339803, 0.32462005748605777, 0.3706242519633604], [0.0025064365850695903, 0.5621130803573351, 0.015461356489407212, 0.41991912656818803], [0.0361490367714365, 0.8009335414122845, 0.0707537118439128, 0.09216370997236625], [0.027365529123006386, 0.18354901225202822, 0.01459536518077928, 0.7744900934441862]]}, "rewritten": {"ids": ["97105580", "97105960", "97106591", "97106600", "97107260", "97109570", "97112290", "97112830", "97113260", "97113900", "98106560", "98106680", "98108410", "98108580", "98109230", "98109311", "98110710", "98112300", "98120530", "99107300", "99107630", "99107660", "99108310", "99108330", "99108580", "99108710", "99109311", "99112531", "99117740", "100108260", "100109360", "100109801", "100111080", "100120780", "101108370", "101108580", "101110740", "101114020", "101115190", "101116130", "101117580", "101121640", "102107961", "102110050", "102110890", "102112170", "102116500", "103110220", "103110840", "103111620", "103111930", "103112470", "103113210", "103113260", "103118291", "104111531", "104111830", "104112201", "104114240", "104117630", "104119290", "105112130", "105113210", "105116090", "105116650", "105116860", "105117200", "105117351", "105119550", "105120280", "106113170", "106113360", "106114150", "106116441", "106117650", "106120640", "106121220", "107112840", "107113130", "107114950", "107115140", "107116300", "107116980", "107120130", "107121230", "107121700", "108113700", "108114180", "108114200", "108116481", "108117360", "108120621", "108121190", "109113281", "109114270", "109115211", "109116930", "109117080", "109117630", "109120150", "109120621", "109121410", "110113931", "110115250", "110116441", "110117870", "110118630", "110119891", "110120640", "110121450", "111115400", "111116990", "111118820", "111119290", "111119300", "111119950", "111120640", "112116290", "112116401", "112116640", "112117030", "112118530", "112118860", "112119610", "112119950", "112119980", "112120290", "112120630", "112121030", "112121351", "112121360", "113118511", "113119950", "113120531", "113120591", "113120751", "113121010", "113121410", "113121950", "113122220", "113122510", "113122650"], "labels": [1, 2, 1, 3, 2, 0, 1, 2, 1, 2, 1, 1, 1, 0, 1, 1, 2, 2, 1, 3, 2, 3, 2, 1, 0, 2, 1, 3, 2, 3, 0, 0, 0, 1, 1, 0, 3, 3, 1, 2, 3, 2, 3, 3, 0, 3, 1, 2, 1, 0, 3, 1, 3, 3, 0, 0, 3, 0, 0, 0, 1, 1, 3, 1, 1, 2, 3, 0, 1, 3, 0, 0, 1, 0, 1, 3, 1, 1, 1, 3, 0, 0, 3, 2, 0, 3, 0, 1, 0, 0, 1, 1, 1, 0, 3, 0, 0, 1, 0, 2, 1, 0, 1, 1, 3, 3, 1, 3, 0, 3, 0, 0, 0, 3, 1, 0, 0, 0, 0, 0, 2, 1, 3, 0, 0, 0, 1, 3, 0, 0, 3, 1, 0, 0, 0, 1, 2, 0, 3, 1, 2, 2], "predicted_labels": [1, 3, 2, 3, 2, 3, 1, 1, 3, 3, 2, 2, 3, 2, 3, 2, 2, 3, 1, 3, 3, 3, 0, 3, 1, 1, 1, 3, 3, 3, 3, 3, 2, 1, 1, 0, 2, 0, 3, 1, 1, 1, 3, 1, 3, 2, 3, 1, 3, 0, 1, 0, 3, 3, 1, 3, 1, 3, 2, 3, 2, 3, 0, 3, 2, 2, 2, 3, 1, 1, 0, 3, 3, 1, 3, 1, 3, 1, 2, 3, 3, 1, 1, 2, 2, 3, 2, 1, 1, 3, 2, 1, 1, 3, 3, 2, 3, 2, 3, 3, 3, 3, 3, 3, 3, 1, 3, 3, 3, 3, 3, 3, 0, 1, 1, 3, 2, 1, 3, 1, 2, 1, 2, 3, 3, 1, 1, 0, 3, 2, 2, 1, 0, 3, 3, 3, 3, 3, 1, 2, 2, 2], "confidence_scores": [[0.0019140662422780735, 0.9890768807054683, 0.00784649666587122, 0.0011625563863825413], [0.04963439481988127, 0.03517152461015616, 0.07826989140073898, 0.8369241891692235], [0.0077091630142604225, 0.03322284463355224, 0.8539444949565684, 0.10512349739561894], [0.008185204753835443, 0.04296595506146168, 0.19772884778317726, 0.7511199924015257], [0.0076884481964777695, 0.12081360161337286, 0.4673207012940113, 0.4041772488961381], [0.05628223091922931, 0.1260284348754418, 0.27967247851147836, 0.5380168556938505], [0.10030203675150147, 0.3934917974335087, 0.3392325586651836, 0.1669736071498063], [0.018463784692911833, 0.3939410187776501, 0.3823239816744531, 0.205271214854985], [0.005147334168563906, 0.031052606324192034, 0.2613246923899987, 0.7024753671172455], [0.041925189059907955, 0.03978928756926727, 0.2410151085582381, 0.6772704148125868], [0.0041256801704031235, 0.032916278956238575, 0.5473037973946797, 0.4156542434786785], [0.2662048308031342, 0.2443392345875141, 0.2993907085168929, 0.19006522609245877], [0.05479616811351246, 0.2534739961471309, 0.32190578943641623, 0.36982404630294047], [0.044319218871722195, 0.2037580236853506, 0.497715182883268, 0.25420757455965914], [0.005397603332086708, 0.005238775561288601, 0.33734554576123704, 0.6520180753453877], [0.1122656190795098, 0.17749369573465498, 0.6374785343464843, 0.07276215083935096], [0.005571037050920289, 0.2528063093947331, 0.678833103501542, 0.06278955005280475], [0.11666004644599598, 0.03065026677487023, 0.14204786350893953, 0.7106418232701942], [0.05120413053203183, 0.6527960582123552, 0.03284035283824097, 0.26315945841737204], [0.3177943764867382, 0.1865125519353481, 0.012158603910705787, 0.48353446766720815], [0.006874531152385135, 0.12755055667966841, 0.08839574063492389, 0.7771791715330226], [0.2771014323451563, 0.25286252098135, 0.01902611944749656, 0.4510099272259973], [0.7628226503412681, 0.10557925053127562, 0.12583655950730924, 0.0057615396201471485], [0.03725624258332358, 0.05106859459390403, 0.2744431713914107, 0.6372319914313616], [0.18617164899750452, 0.4337857620756869, 0.29035387925233924, 0.08968870967446953], [0.1622059735326351, 0.5673755621389166, 0.20859578562861705, 0.061822678699831095], [0.03157488497297545, 0.9004473281646436, 0.03962268123395824, 0.02835510562842279], [0.003658795836946918, 0.0032912118833975717, 0.01646630767146184, 0.9765836846081937], [0.2264203966577005, 0.16292191680769413, 0.13305768565786805, 0.4776000008767374], [0.058113965183450335, 0.0333679207494297, 0.22166513450686282, 0.6868529795602571], [0.08893535548929894, 0.26235014443139193, 0.02029955942116586, 0.6284149406581433], [0.007398596581216735, 0.10676422604069528, 0.10099692072488357, 0.7848402566532044], [0.14520420886667923, 0.18441539320264064, 0.4744396455189794, 0.19594075241170067], [0.11277144175650106, 0.7292549960318433, 0.025657392474261048, 0.13231616973739474], [0.3086006345998652, 0.513963245366493, 0.026564937335346425, 0.1508711826982953], [0.38219823326402746, 0.19300028243505615, 0.08672660269171463, 0.3380748816092018], [0.03774973913594335, 0.13828873236988776, 0.7275058161865297, 0.09645571230763926], [0.38648565861194145, 0.20476779717549629, 0.13621825157543868, 0.2725282926371236], [0.172980136839339, 0.09841658968177512, 0.2708288875984058, 0.4577743858804801], [0.014473446467522718, 0.6106110395948997, 0.17792087171550044, 0.19699464222207722], [0.09897719605128431, 0.3283511715935821, 0.24595905589592923, 0.3267125764592043], [0.04259789277302633, 0.8220892186846915, 0.017890914690772884, 0.11742197385150924], [0.03304471935915662, 0.03526674629602586, 0.0073157458327752336, 0.9243727885120424], [0.015887798843396524, 0.386348543969803, 0.21562252909142304, 0.3821411280953775], [0.030075028348964618, 0.1581708053926387, 0.022653818621937, 0.7891003476364596], [0.21881655684353915, 0.19554322363212653, 0.29831010509681777, 0.2873301144275167], [0.02568276000201043, 0.20464524824418026, 0.1310939641695575, 0.6385780275842519], [0.048732751664939705, 0.4514460001101366, 0.2832392681004663, 0.21658198012445737], [0.030251502092944266, 0.3429957037005815, 0.18657178010225903, 0.44018101410421523], [0.5061795792264482, 0.005666669812162133, 0.1776768245820125, 0.31047692637937724], [0.17212528558999632, 0.6622896740633821, 0.12572284154797048, 0.03986219879865104], [0.6048077943957637, 0.17658291199849802, 0.15293778352206897, 0.06567151008366924], [0.011419443781855613, 0.15615545451842738, 0.35297976050092467, 0.4794453411987923], [0.01316166606330363, 0.41327839584002396, 0.12289531229800695, 0.4506646257986654], [0.06683917817963468, 0.5229273636919117, 0.10462170356845883, 0.3056117545599946], [0.01697722636787022, 0.2390378377756198, 0.04705320658345667, 0.6969317292730534], [0.0033608885801953876, 0.5712179564580926, 0.043485693112181, 0.3819354618495311], [0.013930195878695902, 0.009603563049504753, 0.004109390293841416, 0.972356850777958], [0.035599562249599155, 0.04430935623759007, 0.6460347478347139, 0.27405633367809684], [0.0266652329532648, 0.1526300944540655, 0.1640485576517493, 0.6566561149409204], [0.12912229087562063, 0.125454243939248, 0.6984758642220501, 0.046947600963081336], [0.004662264036511197, 0.10910108687980331, 0.27681497503755526, 0.6094216740461302], [0.7846871681265257, 0.02006367932142779, 0.013673340512086471, 0.18157581203995996], [0.15407578974495875, 0.07219402877784961, 0.026222781028187044, 0.7475074004490045], [0.026567460637464325, 0.02601248908114676, 0.9092450525225874, 0.03817499775880148], [0.10633127546108735, 0.33350717505113847, 0.555672485030669, 0.004489064457105131], [0.02106761542533384, 0.2509987041946315, 0.4999773259981143, 0.2279563543819203], [0.0009567814041637623, 0.0072685526040357044, 0.034159434751266586, 0.9576152312405339], [0.0016017965235010645, 0.756425015263234, 0.2118616132089275, 0.030111575004337497], [0.10821993647391155, 0.6389289754320099, 0.21435515152398607, 0.03849593657009254], [0.39138335721195017, 0.3253881912283736, 0.09795908715620212, 0.18526936440347416], [0.010976162800141576, 0.07453372309756008, 0.032628791348635944, 0.8818613227536624], [0.03308308332678474, 0.2799496637352315, 0.2608270160279138, 0.42614023691006997], [0.0440112701046024, 0.38730548727186603, 0.20406138371187607, 0.36462185891165544], [0.0184126463020441, 0.0954897430995031, 0.39637129610271743, 0.4897263144957352], [0.005203519156261751, 0.5864460832989951, 0.3248428856784781, 0.08350751186626514], [0.00451804746187295, 0.06762853972483342, 0.4207746694196996, 0.507078743393594], [0.0023211782763281935, 0.7956163794495582, 0.05614367117729848, 0.14591877109681506], [0.008511822105595576, 0.06306512727221636, 0.6832849941892083, 0.2451380564329797], [0.0143063766902033, 0.0524027149760982, 0.22147485628194089, 0.7118160520517576], [0.004294241459141751, 0.008153233677460675, 0.42579906512288546, 0.561753459740512], [0.009028560868931597, 0.9535338863264562, 0.0223262752533867, 0.015111277551225466], [0.11822745372902164, 0.6404908190277968, 0.013076063935039971, 0.2282056633081415], [0.2544367305740795, 0.28176777158293065, 0.4435813168571933, 0.020214180985796595], [0.035900724665161914, 0.30175364926542175, 0.3879429291743532, 0.27440269689506314], [0.0026490414337542786, 0.145891734170528, 0.34186244830985346, 0.5095967760858643], [0.004600565953060352, 0.331657933048043, 0.4182621494495898, 0.24547935154930692], [0.006452880545702397, 0.4191237242303121, 0.3032527782155806, 0.27117061700840495], [0.018059563270060655, 0.6401678251250384, 0.29312781920125286, 0.04864479240364812], [0.02670964559075823, 0.0032779705090823265, 5.9374127144847294e-05, 0.9699530097730146], [0.03297837552211662, 0.04368106020644932, 0.7538432122119463, 0.16949735205948765], [0.054828563566650786, 0.6949124926067737, 0.20051480805621574, 0.04974413577035973], [0.005038709134768217, 0.6357446834350698, 0.21329471081737736, 0.14592189661278462], [0.13367151373591019, 0.04408682235696304, 0.15604876539101714, 0.6661928985161096], [0.008453648980794449, 0.031747715632101714, 0.008697496104875586, 0.9511011392822282], [0.005748083383191304, 0.15857479266137425, 0.6392479354544836, 0.19642918850095092], [0.1911805842136925, 0.36215926856270486, 0.029702922438175045, 0.4169572247854275], [0.00518208845648506, 0.4135615281320344, 0.5476053254473392, 0.03365105796414135], [0.22354568308873876, 0.1996864652142324, 0.25267836959410295, 0.32408948210292593], [0.019063658689435204, 0.20979510360642895, 0.3646432933909641, 0.4064979443131717], [0.005273212364136023, 0.014312178075042706, 0.38941058379885785, 0.5910040257619634], [0.008751732003685727, 0.40132534330050373, 0.14332189400792175, 0.44660103068788887], [0.012738671826385108, 0.03645586238147592, 0.013030673840865842, 0.9377747919512731], [0.021001018250398962, 0.06796127684238867, 0.24114925919696936, 0.669888445710243], [0.0026164173501747857, 0.0674807917262994, 0.3417210299963775, 0.5881817609271484], [0.0017609688880705894, 0.428527790108943, 0.15237988543372932, 0.4173313555692572], [0.007929231655990267, 0.10843423119889245, 0.21428758984704835, 0.6693489472980689], [0.003119120998864617, 0.07083751256583813, 0.16680731900515794, 0.7592360474301393], [0.07773516853994596, 0.23008521882411626, 0.03168643724751961, 0.6604931753884182], [0.052501296887697536, 0.05675273489024219, 0.0038490441309550994, 0.8868969240911052], [0.1912307101611927, 0.25585236767667213, 0.07522885852031339, 0.4776880636418218], [0.005176167962876732, 0.006382467673709894, 0.1871504149888156, 0.8012909493745978], [0.6576048729938612, 0.1277070444082374, 0.11235032360846055, 0.10233775898944082], [0.01602028388284657, 0.3701474003668271, 0.28472178845532964, 0.32911052729499674], [0.006723172631156743, 0.48225816371113545, 0.3158717678328886, 0.19514689582481914], [0.009022458632011576, 0.31891236332245376, 0.18997258409552856, 0.4820925939500061], [0.005509220262582493, 0.05569541366308303, 0.6342978646810776, 0.3044975013932567], [0.0009234625458404122, 0.8786415452171922, 0.001022407339778195, 0.11941258489718941], [0.04749485958573031, 0.019204683478420356, 0.015235279251383333, 0.9180651776844659], [0.039472318347478066, 0.5338060061521311, 0.015068798880104466, 0.41165287662028643], [0.018059729172681924, 0.0776656768929605, 0.45570608863812445, 0.44856850529623304], [0.020014401003649953, 0.6192932895681023, 0.32850551361996505, 0.03218679580828266], [0.007323179977013817, 0.048018373144773065, 0.6432467152563494, 0.3014117316218638], [0.014977411339624842, 0.3860242052165723, 0.15364607153457327, 0.4453523119092296], [0.009372162645855883, 0.10432483674063679, 0.04095662236770567, 0.8453463782458017], [0.020736117603052932, 0.9071337316611684, 0.058075816828201635, 0.014054333907577043], [0.048244699907907966, 0.5805371253613643, 0.19195982786942037, 0.17925834686130748], [0.6538346222602311, 0.03826694907501843, 0.008205162453329676, 0.2996932662114209], [0.035542218789301146, 0.013363356174403915, 0.0274093668642615, 0.9236850581720334], [0.25301758097194377, 0.08419789739620759, 0.620611179035411, 0.04217334259643755], [0.0401344442536815, 0.011111981567552597, 0.9214775237162228, 0.027276050462542927], [0.027766578945096956, 0.7208510619372568, 0.18592470269260264, 0.06545765642504371], [0.5950301967067914, 0.15197036039606088, 0.050101728550525415, 0.20289771434662227], [0.017702091713546544, 0.3436429523952013, 0.1414926508768994, 0.4971623050143526], [0.009062671019734474, 0.012149390073515605, 0.2684021036922802, 0.7103858352144697], [0.03378373891269014, 0.038389409592646265, 0.14538596846173452, 0.782440883032929], [0.03123944493862333, 0.09328099629276396, 0.30056943733077623, 0.5749101214378365], [0.09454966693637909, 0.026861958676719363, 0.013006632918102888, 0.8655817414687986], [0.03465647710117745, 0.7638193031081905, 0.15483287193590184, 0.04669134785473034], [0.002673176828715403, 0.09484833667491839, 0.5502383997188443, 0.3522400867775219], [0.00817009909265454, 0.1992510374832348, 0.5115346563393968, 0.2810442070847139], [0.013171547482786882, 0.07316277281103391, 0.8949859358267783, 0.018679743879400867]]}}