{"test": {"ids": ["98108370", "99117630", "109118161", "110118450", "112118550", "102121700", "113122430", "100111620", "111119290", "108115870", "112116880", "110120700", "101115190", "97108520", "109119010", "109116930", "107115140", "112119450", "108113700", "113118690", "112117660", "107120010", "112118620", "98116500", "109120621", "112117790", "105116980", "103110100", "106118161", "110118880", "105116650", "98106680", "98110230", "111121351", "99114890", "113122120", "103113610", "113119700", "110121140", "105118171", "110113591", "111116110", "102116500", "111116170", "111119340", "99117740", "110117500", "112116451", "112118421", "102110050", "113119300", "113119360", "110121720", "97107950", "106114321", "110114321", "110120560", "106116850", "107118780", "112118471", "104114230", "105115680", "99108330", "98108150", "109117630", "111119610", "107119950", "107114321", "112119320", "109114651", "112116810", "111116530", "100111380", "113118490", "97114170", "105118230", "98108970", "112119120", "99108460", "99109910", "98110810", "107113840", "99109311", "109119450", "109118820", "104114410", "101111990", "101111140", "102109010", "107112840", "109116170", "98117740", "110117110", "98107210", "104111990", "105113480", "112116900", "109117110", "107116980", "108119330", "109115380", "113118511", "97107260", "111115780", "103109791", "112120990", "99107630", "113122180", "107114780", "111115400", "110116300", "113120601", "97110950", "104113210", "111116010", "107114950", "107121640", "98116940", "107118520", "102111990", "111117200", "102113981", "110117080", "101111210", "106118820", "108118520", "105113210", "112118530", "111117571", "109113881", "111116040", "102112030", "111120640", "113121220", "104111531", "110119030", "103110220", "109116040", "105115570", "103113260", "109118701", "102107961"], "labels": [1, 3, 0, 0, 3, 1, 2, 3, 3, 3, 0, 2, 1, 2, 3, 0, 0, 3, 0, 3, 0, 1, 3, 2, 1, 3, 0, 1, 3, 0, 1, 1, 3, 0, 2, 1, 2, 0, 3, 3, 0, 3, 1, 0, 3, 2, 1, 0, 3, 3, 1, 0, 3, 2, 2, 1, 0, 3, 1, 1, 2, 2, 1, 0, 0, 2, 3, 0, 1, 3, 3, 3, 3, 1, 2, 1, 3, 1, 0, 2, 1, 3, 1, 3, 3, 1, 2, 2, 1, 1, 0, 2, 0, 1, 2, 0, 3, 1, 3, 0, 3, 1, 2, 1, 3, 2, 2, 2, 2, 0, 3, 2, 3, 3, 1, 3, 1, 2, 2, 2, 0, 1, 1, 2, 3, 0, 3, 1, 3, 0, 0, 2, 0, 3, 0, 0, 2, 0, 0, 3, 3, 3], "predicted_labels": [3, 1, 3, 1, 1, 1, 1, 0, 2, 0, 1, 1, 1, 3, 3, 0, 3, 0, 2, 2, 3, 2, 3, 1, 3, 3, 0, 0, 3, 1, 0, 1, 3, 1, 1, 0, 0, 3, 1, 1, 3, 1, 2, 3, 1, 0, 1, 1, 0, 1, 3, 3, 0, 2, 3, 0, 2, 1, 1, 1, 0, 1, 1, 3, 1, 1, 1, 3, 3, 3, 2, 1, 0, 3, 3, 1, 1, 0, 3, 3, 2, 3, 3, 1, 3, 1, 3, 0, 1, 1, 3, 3, 1, 0, 2, 1, 1, 1, 0, 3, 2, 1, 3, 1, 0, 1, 3, 3, 1, 1, 0, 1, 3, 1, 3, 0, 1, 1, 1, 3, 1, 0, 2, 1, 0, 3, 1, 1, 0, 3, 3, 2, 1, 3, 1, 1, 2, 3, 1, 1, 0, 2], "confidence_scores": [[0.14574387026986121, 0.1868782880161078, 0.27506479142286533, 0.39231305029116575], [0.2239932790210289, 0.48672412586478186, 0.10124393032788646, 0.18803866478630274], [0.36155480714212984, 0.12119435365120222, 0.04115284588831391, 0.4760979933183541], [0.15502772697570527, 0.34415423358234604, 0.1976987399429129, 0.3031192994990357], [0.16230058105677647, 0.4618161557571391, 0.11261327938651879, 0.2632699837995657], [0.1249058975160426, 0.42309843066836533, 0.19776945552714434, 0.25422621628844766], [0.12697562667155654, 0.7519546041959132, 0.06362409709947242, 0.05744567203305791], [0.3920483233533027, 0.31027745238462606, 0.09212152515036526, 0.20555269911170607], [0.18232876080585947, 0.08104922270289171, 0.6259505661787543, 0.11067145031249453], [0.3890215102487134, 0.38572082611723274, 0.06446841981286464, 0.16078924382118917], [0.11587388309075376, 0.5280403920507794, 0.1304617066938704, 0.22562401816459635], [0.20461731332723102, 0.37371764314493516, 0.2041231213507957, 0.2175419221770382], [0.2552184351134299, 0.3339788825397651, 0.17630632988728667, 0.23449635245951833], [0.23445642613251838, 0.2781173631560122, 0.10281245321271111, 0.3846137574987585], [0.10856084350507453, 0.2736828019381818, 0.21802194496590704, 0.3997344095908367], [0.3346310035987284, 0.25120301975137416, 0.10484278512652109, 0.30932319152337656], [0.2361804576182708, 0.1616264604716553, 0.12585009274274828, 0.4763429891673257], [0.5049305696712251, 0.2602364278094153, 0.05428869423441602, 0.1805443082849438], [0.32359677285932315, 0.18912961987423074, 0.3348057334289219, 0.15246787383752416], [0.14099778537949165, 0.31712248353709516, 0.4499862099976711, 0.09189352108574199], [0.34934376039448234, 0.18051464014630128, 0.09633032913175413, 0.3738112703274623], [0.24632343298505796, 0.26553168924791964, 0.2707048555314404, 0.217440022235582], [0.22030889605264706, 0.30698645535153146, 0.15458142554374216, 0.3181232230520794], [0.15515958420369358, 0.5125933036731438, 0.12784984878151193, 0.2043972633416507], [0.24600825781661506, 0.12876194129644777, 0.09064335397547524, 0.534586446911462], [0.2697809526358699, 0.2637587143317293, 0.19217637727132708, 0.2742839557610738], [0.41405885926983743, 0.23883835452030416, 0.09225264477269106, 0.2548501414371673], [0.4421206540201123, 0.13282608704871263, 0.12768946969074077, 0.29736378924043433], [0.21193906979823807, 0.11749844838466136, 0.23385969939607257, 0.4367027824210281], [0.25942430262741234, 0.38590477676898943, 0.06412856102303624, 0.290542359580562], [0.43011884792722127, 0.08942456431738412, 0.2929833458921269, 0.18747324186326778], [0.1415373453892557, 0.3543042434264132, 0.30104382129004575, 0.20311458989428557], [0.19484261344312173, 0.3647944131974341, 0.07412566339134967, 0.36623730996809445], [0.283474998729795, 0.3651909590003452, 0.08155895743966392, 0.2697750848301959], [0.14376138838830516, 0.46490996056955475, 0.18894849640698874, 0.2023801546351513], [0.3582838532478264, 0.15443646978633985, 0.23173058929691145, 0.25554908766892215], [0.2976055901985782, 0.22158092172740323, 0.19585735803371376, 0.2849561300403046], [0.2141194074622047, 0.29242734387133834, 0.1349369673565012, 0.3585162813099557], [0.3190180744786458, 0.482937712146877, 0.07841834465893564, 0.11962586871554158], [0.09191229560069236, 0.6766839837952549, 0.06975388992031344, 0.16164983068373948], [0.18153171544158256, 0.20222402133584888, 0.10525737782149504, 0.5109868854010736], [0.167386535115509, 0.306697171079397, 0.2434480228284966, 0.2824682709765974], [0.1584464369500403, 0.09692775160513642, 0.48765381431007726, 0.256971997134746], [0.27972024431567105, 0.2815811959116433, 0.07708274433592983, 0.36161581543675586], [0.2428213286850364, 0.3921911199645413, 0.09178001831575218, 0.27320753303467016], [0.32242977224641317, 0.19059743258066256, 0.2241883456644631, 0.262784449508461], [0.07656631898402329, 0.5315041518469319, 0.19874805493845407, 0.19318147423059068], [0.2727386854093623, 0.38945493386595725, 0.07030642522441968, 0.26749995550026057], [0.48725447103669434, 0.11847272927380324, 0.07189533080630192, 0.3223774688832007], [0.23253246856996646, 0.4428792966997541, 0.19084356851650117, 0.1337446662137784], [0.31334164718879776, 0.11823145194560279, 0.19073595693268205, 0.37769094393291747], [0.24210313083541488, 0.16520510856058587, 0.2775043174032366, 0.3151874432007626], [0.3941352187216256, 0.23531541831839028, 0.16312322246440336, 0.20742614049558078], [0.1624117646789773, 0.17684518299174826, 0.3373311103101866, 0.3234119420190879], [0.19884730493247488, 0.17225306452013028, 0.178087397492058, 0.4508122330553368], [0.3890626364400109, 0.32482633434859576, 0.08056805513605701, 0.20554297407533648], [0.15017341220116398, 0.11581574408873363, 0.43069103418638804, 0.3033198095237143], [0.2728217986369236, 0.3442089664457039, 0.10429574096630623, 0.2786734939510663], [0.26640580801421954, 0.32512018551028754, 0.08556930847978124, 0.32290469799571175], [0.19712274274234093, 0.4913543610866364, 0.14336241871154654, 0.1681604774594763], [0.4218556891836898, 0.29095451079834245, 0.12496945215460706, 0.16222034786336062], [0.1115704319012891, 0.4924860319791931, 0.07432017356491376, 0.32162336255460405], [0.1957954817275411, 0.4543953907348106, 0.105573509739692, 0.2442356177979561], [0.2107239788922608, 0.3270082416187455, 0.0786253271559589, 0.38364245233303496], [0.14803056225204883, 0.4177721830714717, 0.16668000534772648, 0.26751724932875304], [0.13187434252347183, 0.41010981137017327, 0.2643395707429455, 0.1936762753634093], [0.11796783303234064, 0.428991645066373, 0.13163409707015367, 0.32140642483113263], [0.25442638192570516, 0.26112084346825326, 0.1021063705862569, 0.3823464040197847], [0.13378879320231016, 0.29547747588624756, 0.18911004678523607, 0.3816236841262061], [0.32789138540848645, 0.2401813059043398, 0.09524937135410241, 0.3366779373330712], [0.17486094359101437, 0.1817029600138413, 0.42161374018864123, 0.22182235620650304], [0.19130622650696827, 0.4997156010274598, 0.18791478639560114, 0.12106338606997083], [0.3945835775182594, 0.39205043793761807, 0.08417370218848366, 0.12919228235563904], [0.21047383940672723, 0.1813128482946139, 0.16294622690949373, 0.44526708538916526], [0.16367543456352351, 0.1652624564216364, 0.08444843703460767, 0.5866136719802324], [0.18512319187072462, 0.3668095410392263, 0.20423021115727846, 0.2438370559327707], [0.27265985615766736, 0.30663047735616356, 0.11490409086028036, 0.30580557562588867], [0.3696358633948403, 0.22815958985097856, 0.12746913638776147, 0.2747354103664197], [0.17783008279752052, 0.3035514344732372, 0.0798253807073372, 0.43879310202190513], [0.2306452859017911, 0.2288453454793066, 0.071006854425783, 0.46950251419311934], [0.09054981864021189, 0.24325471999416837, 0.3432416340466053, 0.3229538273190144], [0.2315214474299579, 0.22443382923766889, 0.20092345735710818, 0.34312126597526516], [0.15903055695394075, 0.22321935117031141, 0.0853194425771056, 0.5324306492986421], [0.18602382739720155, 0.3363993551114917, 0.17885279846322766, 0.2987240190280791], [0.15839510579247404, 0.23765694879504554, 0.17359641287617172, 0.43035153253630876], [0.2981103584866609, 0.3525845208851344, 0.12406176583763379, 0.22524335479057112], [0.1516521778692056, 0.16156071776281963, 0.3057618294221493, 0.3810252749458255], [0.4397328410834238, 0.1753102831967194, 0.126179417951192, 0.2587774577686648], [0.1300742243237182, 0.42191744660928204, 0.07675431120083669, 0.37125401786616297], [0.13889201821919242, 0.5854736799521666, 0.0861558484225551, 0.18947845340608588], [0.22834049650073537, 0.2017873696599181, 0.04702843833670611, 0.5228436955026404], [0.16992566779124813, 0.17222991543086028, 0.2938583568979378, 0.36398605987995375], [0.1936590087382192, 0.29292509996311084, 0.24970949939213177, 0.26370639190653816], [0.5706324495273104, 0.09629643372568478, 0.09904382264855552, 0.23402729409844922], [0.25056806029477957, 0.1381898368964382, 0.405752623769179, 0.2054894790396033], [0.24343907575126278, 0.2838630745196427, 0.20356442278656062, 0.26913342694253395], [0.22488269272383557, 0.34295274280554333, 0.13702838565208095, 0.29513617881854015], [0.16823107343616714, 0.6031780199239422, 0.10085797935205101, 0.12773292728783972], [0.2986426106661262, 0.27304801980102994, 0.14942087500233805, 0.2788884945305058], [0.18306773202324145, 0.22796125458740854, 0.15017761002344704, 0.438793403365903], [0.10940159366100141, 0.31916448460768077, 0.405418903396998, 0.1660150183343198], [0.2203827512332237, 0.4372015951308099, 0.1286704787781729, 0.21374517485779326], [0.16709188806165126, 0.13150576144628798, 0.12424955899455319, 0.5771527914975075], [0.3009764432019133, 0.5117212911863217, 0.11316245743426574, 0.07413980817749939], [0.40462470175764537, 0.12402061130939102, 0.2544925046313703, 0.2168621823015932], [0.1841470071933652, 0.6066049271353083, 0.09173785714278128, 0.11751020852854525], [0.2919217333880947, 0.20787367641578214, 0.1272576455813291, 0.37294694461479394], [0.14804568383603833, 0.3211077538127978, 0.18826686398503892, 0.34257969836612495], [0.22197139404260635, 0.4244475689180908, 0.14748195180656992, 0.20609908523273285], [0.21513682804391965, 0.3059575061298877, 0.22137027030138332, 0.2575353955248095], [0.4129789054430275, 0.21429129509107567, 0.1260503997297608, 0.2466793997361362], [0.296406192443262, 0.3436292429137462, 0.20473284680294718, 0.15523171784004464], [0.2548735894516718, 0.1977328093247278, 0.06518171946096299, 0.4822118817626375], [0.18147052509128941, 0.4212064600663109, 0.09842249214179379, 0.298900522700606], [0.07897311310686451, 0.24106196411314693, 0.29828586589971917, 0.3816790568802695], [0.4655390359118374, 0.09652958524825131, 0.12291619463959783, 0.3150151842003134], [0.17567054904959928, 0.6898021609072714, 0.07180004427504409, 0.0627272457680852], [0.28261516302506345, 0.33260344437928313, 0.225129477612517, 0.15965191498313652], [0.20126761861365766, 0.41091774021017413, 0.12392599829313346, 0.2638886428830348], [0.15584696660026076, 0.283804267644034, 0.1097977159839942, 0.450551049771711], [0.23196435981782623, 0.42605633982760327, 0.11910405867661043, 0.22287524167796005], [0.2858488732145793, 0.2525467095050496, 0.21644878707423706, 0.24515563020613412], [0.1673097280533371, 0.15521986814530428, 0.4424332832310918, 0.23503712057026693], [0.22793544753965359, 0.4469338073463106, 0.1779667417400171, 0.14716400337401864], [0.44583170247644976, 0.1127447688377731, 0.08853968841966638, 0.35288384026611075], [0.2570240368461936, 0.15164954859450627, 0.20042572452145752, 0.3909006900378428], [0.27126047655698815, 0.2971788807394958, 0.16020705119300624, 0.2713535915105101], [0.17303381142562427, 0.44356124902039074, 0.2360288515623408, 0.1473760879916442], [0.48072895187220843, 0.14706863250671104, 0.08864740469981632, 0.28355501092126445], [0.16092444110927495, 0.2011989637480478, 0.18267332551965826, 0.4552032696230189], [0.26971518693832297, 0.27672236419752094, 0.14473593046029978, 0.3088265184038564], [0.1695567833547639, 0.1933709141902814, 0.4652351437409819, 0.17183715871397273], [0.1645552594879112, 0.46952259232865085, 0.050267847131394365, 0.31565430105204356], [0.12240674637830817, 0.16047789414158264, 0.0680561351222527, 0.6490592243578566], [0.1309238250056948, 0.35535325421061015, 0.1930101126630979, 0.32071280812059727], [0.2736565486057634, 0.2869194783072658, 0.2518089784842063, 0.18761499460276473], [0.18703182704569382, 0.2308885348423655, 0.41228197728342714, 0.16979766082851366], [0.2134458448855187, 0.19240912480265204, 0.24010934557892197, 0.35403568473290753], [0.16558742499095164, 0.30295197832868415, 0.29076570267850216, 0.24069489400186214], [0.20961143441906596, 0.42445284132341854, 0.10825318387231356, 0.257682540385202], [0.47567786273656504, 0.1706343845139087, 0.044386038852176624, 0.3093017138973495], [0.18744782848910654, 0.177655225753479, 0.5477717208915889, 0.08712522486582576]]}, "rewritten": {"ids": ["97107260", "97107950", "97108520", "97110950", "97114170", "98106680", "98107210", "98108150", "98108370", "98108970", "98110230", "98110810", "98116500", "98116940", "98117740", "99107630", "99108330", "99108460", "99109311", "99109910", "99114890", "99117630", "99117740", "100111380", "100111620", "101111140", "101111210", "101111990", "101115190", "102107961", "102109010", "102110050", "102111990", "102112030", "102113981", "102116500", "102121700", "103109791", "103110100", "103110220", "103113260", "103113610", "104111531", "104111990", "104113210", "104114230", "104114410", "105113210", "105113480", "105115570", "105115680", "105116650", "105116980", "105118171", "105118230", "106114321", "106116850", "106118161", "106118820", "107112840", "107113840", "107114321", "107114780", "107114950", "107115140", "107116980", "107118520", "107118780", "107119950", "107120010", "107121640", "108113700", "108115870", "108118520", "108119330", "109113881", "109114651", "109115380", "109116040", "109116170", "109116930", "109117110", "109117630", "109118161", "109118701", "109118820", "109119010", "109119450", "109120621", "110113591", "110114321", "110116300", "110117080", "110117110", "110117500", "110118450", "110118880", "110119030", "110120560", "110120700", "110121140", "110121720", "111115400", "111115780", "111116010", "111116040", "111116110", "111116170", "111116530", "111117200", "111117571", "111119290", "111119340", "111119610", "111120640", "111121351", "112116451", "112116810", "112116880", "112116900", "112117660", "112117790", "112118421", "112118471", "112118530", "112118550", "112118620", "112119120", "112119320", "112119450", "112120990", "113118490", "113118511", "113118690", "113119300", "113119360", "113119700", "113120601", "113121220", "113122120", "113122180", "113122430"], "labels": [2, 2, 2, 3, 2, 1, 1, 0, 1, 3, 3, 1, 2, 2, 2, 2, 1, 0, 1, 2, 2, 3, 2, 3, 3, 2, 2, 2, 1, 3, 1, 3, 2, 2, 1, 1, 1, 3, 1, 2, 3, 2, 0, 2, 3, 2, 1, 3, 0, 0, 2, 1, 0, 3, 1, 2, 3, 3, 3, 1, 3, 0, 2, 3, 0, 3, 2, 1, 3, 1, 1, 0, 3, 0, 0, 0, 3, 3, 0, 0, 0, 1, 0, 0, 3, 3, 3, 3, 1, 0, 1, 3, 1, 0, 1, 0, 0, 0, 0, 2, 3, 3, 0, 1, 1, 0, 3, 0, 3, 0, 3, 3, 3, 2, 0, 0, 0, 3, 0, 3, 0, 3, 3, 1, 1, 3, 3, 1, 1, 3, 2, 1, 1, 3, 1, 0, 0, 2, 3, 1, 2, 2], "predicted_labels": [3, 3, 3, 0, 0, 1, 0, 3, 3, 1, 3, 1, 3, 1, 2, 1, 3, 3, 1, 2, 3, 0, 1, 1, 0, 3, 3, 3, 1, 2, 3, 1, 1, 1, 3, 1, 0, 3, 3, 3, 0, 3, 3, 1, 3, 0, 1, 0, 1, 2, 3, 2, 3, 1, 3, 1, 1, 1, 3, 0, 2, 3, 1, 3, 3, 0, 1, 1, 3, 3, 0, 0, 0, 0, 3, 1, 3, 0, 3, 3, 3, 3, 0, 1, 0, 3, 3, 3, 3, 3, 1, 3, 2, 3, 3, 1, 0, 1, 3, 1, 0, 3, 3, 0, 3, 0, 2, 3, 2, 3, 1, 2, 3, 2, 0, 0, 1, 2, 3, 3, 2, 3, 0, 0, 1, 1, 3, 0, 2, 1, 1, 3, 3, 1, 3, 0, 0, 0, 3, 0, 3, 3], "confidence_scores": [[0.18023366826983336, 0.10324894749278092, 0.31204229743849077, 0.40447508679889504], [0.1682265148318705, 0.26561438075010335, 0.22056007502399524, 0.34559902939403075], [0.23001799410570786, 0.3015486028438286, 0.07987999132289679, 0.38855341172756663], [0.39042328133703214, 0.16067882078863222, 0.11343131586524234, 0.3354665820090933], [0.48249143488092483, 0.19149233691443057, 0.16434790383925296, 0.1616683243653917], [0.08576183315793902, 0.4401712311631263, 0.2849028320063154, 0.18916410367261938], [0.4110958745100528, 0.16450456392869064, 0.14139962444746645, 0.2829999371137903], [0.20210418229262622, 0.13188060807875765, 0.1272179114613614, 0.5387972981672547], [0.16007397956359087, 0.21800378095494222, 0.16524117931702334, 0.45668106016444354], [0.22126436431428192, 0.36497487167004433, 0.07695930244483028, 0.33680146157084356], [0.22876739603466323, 0.28350896282066984, 0.10702397263301397, 0.38069966851165293], [0.10037794204474182, 0.39792255743086213, 0.2137162429585986, 0.2879832575657974], [0.14896526826733872, 0.3176265351689549, 0.12333502612846803, 0.41007317043523855], [0.15853703724514115, 0.3753187287052727, 0.2811589423110375, 0.1849852917385487], [0.29518922843814793, 0.13960374326021396, 0.3169483076285771, 0.24825872067306112], [0.2912590493982407, 0.30223864683378315, 0.2344844878273474, 0.17201781594062884], [0.0917864280478518, 0.2653764535414754, 0.08818683459739989, 0.5546502838132731], [0.09776960043621308, 0.1337002263154715, 0.06022375723323544, 0.70830641601508], [0.12880136862774727, 0.4853408576769968, 0.13859932270002787, 0.24725845099522822], [0.19411158476694962, 0.23303864299054378, 0.3676345925185641, 0.2052151797239426], [0.12982127308096963, 0.23770125238872525, 0.256804294271006, 0.3756731802592992], [0.4576461331129293, 0.17718742661551737, 0.06853161622895838, 0.29663482404259506], [0.20696070791419555, 0.3208173891277141, 0.17343885311052185, 0.29878304984756837], [0.30731710210480734, 0.4786765352895052, 0.09635041521183338, 0.11765594739385431], [0.5831820320574396, 0.13687282550924962, 0.08385112106093212, 0.1960940213723787], [0.24036009221520527, 0.09089489850312739, 0.15031933443461223, 0.5184256748470552], [0.3472797212284798, 0.1530505928810192, 0.11366921593970204, 0.38600046995079906], [0.1310313388013215, 0.23401276076921856, 0.12851898765041259, 0.5064369127790472], [0.291099054982753, 0.3132717555842266, 0.16408316310317336, 0.23154602632984705], [0.04439488274105255, 0.27352571011416144, 0.5410658958926712, 0.1410135112521148], [0.1683399153867245, 0.28628553530701534, 0.08814053962370251, 0.4572340096825576], [0.13290657801967642, 0.5008461503568429, 0.13349196570836355, 0.23275530591511714], [0.20125564663369447, 0.35424925455268713, 0.14899977884164867, 0.29549531997196976], [0.19486685409956878, 0.34478804628352144, 0.1831207191383752, 0.27722438047853465], [0.22550315382675307, 0.2979669236001034, 0.14013629701585462, 0.33639362555728886], [0.15846693995980596, 0.31346946199561154, 0.266709041806057, 0.2613545562385255], [0.32469291375337606, 0.2180880169482421, 0.14235392632660715, 0.31486514297177476], [0.21565661416338786, 0.1235505376755124, 0.13924395752133975, 0.5215488906397601], [0.10112107608335737, 0.07111970126440109, 0.06444884290242486, 0.7633103797498167], [0.18136527772751523, 0.22837025727209273, 0.15045314968757176, 0.4398113153128204], [0.37955435806460897, 0.3065521662259429, 0.1416881176533459, 0.17220535805610235], [0.1816332000685673, 0.18280223980982738, 0.26808710373012334, 0.3674774563914821], [0.09575171357823903, 0.3891087718412799, 0.08776937694567152, 0.4273701376348096], [0.28222123741345156, 0.38096315769364064, 0.13552139059380128, 0.2012942142991066], [0.3092457303885768, 0.17510209428011977, 0.09832711578633817, 0.4173250595449653], [0.34703476414246887, 0.2598632542617066, 0.15579998059680003, 0.23730200099902468], [0.17004666287008577, 0.4468572540689428, 0.22637197082500146, 0.1567241122359701], [0.40984951783029594, 0.2519432428472797, 0.12444700408172232, 0.21376023524070206], [0.22048358736820745, 0.31166693588804795, 0.19948285600074198, 0.26836662074300266], [0.25907353325908505, 0.22973407918368388, 0.276593017187217, 0.234599370370014], [0.23183485822295122, 0.2154471187823691, 0.14780986868863694, 0.4049081543060428], [0.2191235484762903, 0.05073219822798624, 0.6737587741278367, 0.05638547916788689], [0.21424518040548132, 0.24523887229104685, 0.1246975051393364, 0.4158184421641355], [0.2828639460784205, 0.3722185190420463, 0.1578139623781048, 0.18710357250142845], [0.10527414637024558, 0.21506165871324007, 0.10485363080698948, 0.5748105641095248], [0.23934180788622075, 0.3026907749741626, 0.18032559861430814, 0.2776418185253086], [0.24274080261344053, 0.4203076178226257, 0.12059214065353355, 0.21635943891040038], [0.31265513937052797, 0.3172751025181746, 0.15591212742611132, 0.21415763068518612], [0.1425665691452248, 0.2511598844224689, 0.07689958288229282, 0.5293739635500134], [0.4831097569565329, 0.12698388921771447, 0.11383407702379574, 0.27607227680195706], [0.21335979196801627, 0.21493090820783764, 0.34350152191532646, 0.22820777790881977], [0.07298889480674092, 0.23476126975748873, 0.040791006471862096, 0.6514588289639084], [0.3198211502568087, 0.34783600385242164, 0.13317158300759555, 0.19917126288317424], [0.31372516915079773, 0.08277212728197633, 0.12633448848307172, 0.4771682150841544], [0.29874631255554224, 0.25580020468910647, 0.11948716547807384, 0.32596631727727754], [0.5090837977909272, 0.17976645873493163, 0.07905606433761563, 0.2320936791365257], [0.17743502612814782, 0.44236064429363414, 0.1676355128323901, 0.2125688167458278], [0.15407635615367818, 0.41667075492991423, 0.11187128334529985, 0.31738160557110756], [0.13001925677386575, 0.1909485920886519, 0.17428063986873582, 0.5047515112687466], [0.20479734967274738, 0.2341520356651204, 0.13031904920570145, 0.4307315654564307], [0.3334937787376437, 0.3058761639654103, 0.17480000201171494, 0.1858300552852312], [0.4649359090167598, 0.21213175943867327, 0.1439946603864842, 0.17893767115808265], [0.7644049028904275, 0.09994075498388191, 0.046161774280376516, 0.0894925678453141], [0.2713359333418919, 0.24211755401478707, 0.22143886180429337, 0.2651076508390277], [0.18479907084849267, 0.2025866887890395, 0.2925230317737626, 0.32009120858870543], [0.23089000699182136, 0.31936480125160716, 0.18582979772274105, 0.2639153940338305], [0.18521983921443977, 0.18415094972754903, 0.09510494056574631, 0.5355242704922649], [0.2971101767543679, 0.23101154979647642, 0.2259635467292094, 0.2459147267199462], [0.08113719128436393, 0.08402477123474468, 0.1284838499286266, 0.7063541875522648], [0.14220262486698898, 0.141595647335775, 0.12796952015860524, 0.5882322076386308], [0.15867069329017613, 0.2814645528163403, 0.17016526608244997, 0.38969948781103353], [0.1603293917564526, 0.2220351922863711, 0.14948680444793327, 0.4681486115092431], [0.43059822907974377, 0.2817530132337249, 0.15149087509564607, 0.1361578825908852], [0.12878348214894697, 0.41782305026635275, 0.05829435781379294, 0.39509910977090745], [0.48951690000566833, 0.3216445460113264, 0.07961934620373552, 0.10921920777926974], [0.14641992698235298, 0.11507559426392454, 0.27186436861706853, 0.4666401101366541], [0.10581748868436111, 0.20273098533388997, 0.0647573967738047, 0.6266941292079441], [0.24841649432835547, 0.23870834708987146, 0.12985794976436002, 0.38301720881741325], [0.28848081059325836, 0.13271591372994743, 0.10396740168765951, 0.47483587398913474], [0.19467823640943016, 0.2763552031796404, 0.0878636844586424, 0.441102875952287], [0.19285681075206293, 0.31206828476619886, 0.2115981752685409, 0.28347672921319733], [0.34917310946858343, 0.14513809731931757, 0.1100085123628427, 0.3956802808492562], [0.09183673090431393, 0.28940283539329625, 0.387123128474407, 0.23163730522798273], [0.20417242496556598, 0.23452399530236767, 0.17487927389343164, 0.38642430583863463], [0.11831005223403136, 0.32112329504248316, 0.08984584346386953, 0.47072080925961596], [0.13352540376224198, 0.4702586700321423, 0.23867490767143051, 0.1575410185341851], [0.34173161890985115, 0.24348711621329958, 0.09609439707917487, 0.3186868677976744], [0.1853778359890822, 0.34997677314323805, 0.19536153893586913, 0.2692838519318105], [0.17514905358096078, 0.16248803047601912, 0.19676013353492208, 0.46560278240809794], [0.2687109909693755, 0.380984906615069, 0.1526936723407575, 0.19761043007479814], [0.5854445990518982, 0.19088665223503887, 0.1414073523225016, 0.08226139639056147], [0.2577388934465358, 0.20904474465841003, 0.2623322081923235, 0.27088415370273056], [0.3138866990206045, 0.1649884463349163, 0.1628423457036235, 0.3582825089408557], [0.47541421097609915, 0.2613196655625787, 0.11936472629135017, 0.1439013971699718], [0.14959495996311964, 0.32452970826744854, 0.10396809711042945, 0.42190723465900226], [0.33783050250498237, 0.29851549382937165, 0.1923816163484315, 0.17127238731721445], [0.20512550807846322, 0.24901037335066672, 0.3035082751671761, 0.242355843403694], [0.16276890117785994, 0.1528257004804939, 0.05457506543980528, 0.6298303329018409], [0.17203046476908518, 0.24820460013889104, 0.294710880882144, 0.2850540542098797], [0.2226684828976114, 0.21277239513903845, 0.18737815060772356, 0.3771809713556267], [0.2653851648041012, 0.32274747771018714, 0.13210777039261912, 0.2797595870930924], [0.18400878960898795, 0.1179154718338642, 0.4153363636732168, 0.282739374883931], [0.11790040676868088, 0.2059923604521043, 0.2995424661264091, 0.37656476665280575], [0.1671700098398873, 0.28690141017891024, 0.3061757981345502, 0.23975278184665239], [0.4039160628845573, 0.12121313994020787, 0.24498969786856858, 0.22988109930666634], [0.37200994832294065, 0.21339096665300983, 0.16756722670926347, 0.24703185831478608], [0.14979078448216998, 0.6470068496323677, 0.09489935568685534, 0.1083030101986071], [0.26159423993906944, 0.10040614844433995, 0.42964009793408253, 0.20835951368250788], [0.09219609872496966, 0.3154172199926189, 0.07936699976581044, 0.513019681516601], [0.30069909810522616, 0.16187304944583752, 0.15622183384042002, 0.3812060186085163], [0.27220429086691295, 0.2188364357995697, 0.2788323440095636, 0.2301269293239537], [0.3188590312091591, 0.15077102681923987, 0.15777935752862188, 0.37259058444297927], [0.5660166272145126, 0.16299658261958014, 0.08357558332102118, 0.1874112068448862], [0.3469733050952229, 0.2587603277847203, 0.1529120437997346, 0.24135432332032228], [0.20385908336242134, 0.31093714484269175, 0.1761955942531395, 0.3090081775417475], [0.19430282494627318, 0.33482713743991227, 0.18239392585232012, 0.2884761117614945], [0.17459927809549272, 0.3269704029579208, 0.1476315524650761, 0.3507987664815104], [0.44533147880105356, 0.162623833159156, 0.13992117789370065, 0.2521235101460898], [0.09404680519713329, 0.21637182133026883, 0.3586827789555274, 0.3308985945170706], [0.16495194821388678, 0.33803622657003074, 0.1943403606630446, 0.3026714645530378], [0.11728154100260792, 0.42750584799029306, 0.11042887945951141, 0.3447837315475876], [0.19234576721889238, 0.16893397724711898, 0.10537886781158762, 0.533341387722401], [0.22208487277048866, 0.28044745496465023, 0.13753523528296657, 0.3599324369818946], [0.2830535417502477, 0.32278982797937894, 0.18010132426814646, 0.21405530600222708], [0.2502295750493898, 0.14272085213022925, 0.22613124631381742, 0.38091832650656365], [0.48737976364798524, 0.1461747915558992, 0.10138284648882911, 0.2650625983072866], [0.38057255658385974, 0.18821505864301374, 0.12152059345891023, 0.3096917913142162], [0.31834027104480467, 0.24007252247120955, 0.1504666310710533, 0.2911205754129326], [0.1261340992311577, 0.12770222294444328, 0.06642495478972434, 0.6797387230346745], [0.5230843111440743, 0.17257281213965842, 0.13519559713837395, 0.16914727957789322], [0.2397565990274316, 0.21624318637304474, 0.1604846684714883, 0.38351554612803535], [0.07702323061074257, 0.2967915176450143, 0.13537155517445193, 0.4908136965697912]]}}