{"test": {"ids": ["103117461", "113119320", "107113180", "103113640", "102110500", "99108330", "107120010", "101108121", "108114180", "109113591", "107121230", "98111670", "109114030", "97107260", "110120560", "101108500", "112116800", "112116401", "108113760", "97108520", "111115770", "104114320", "100110050", "111119950", "103109791", "98108520", "109117730", "106111321", "112118820", "103113210", "107114140", "105120280", "97109570", "107119390", "113119700", "108120060", "99108460", "111116990", "104113000", "109116930", "101111310", "106117770", "99111930", "103110050", "101109370", "113121410", "101111990", "103113170", "112119930", "104114740", "105121370", "102109010", "110120531", "113120540", "113120640", "98111620", "110119030", "105113260", "110115980", "110119891", "111121190", "111116411", "109116040", "112120630", "109113281", "113122650", "103110760", "112118880", "108116070", "98108970", "110114561", "108115570", "110118701", "97112300", "109117271", "106113830", "110117080", "99109740", "98110710", "113118421", "101108460", "108120700", "98106560", "98117740", "111118301", "104111880", "100120780", "102109850", "105121190", "102111990", "107118120", "110117140", "113119950", "105115250", "113119360", "110121500", "109118231", "99107660", "105118230", "108113700", "101111140", "100109330", "110120190", "107113200", "110114720", "98109090", "98106680", "109120150", "112121410", "104111531", "99110730", "111116100", "109118820", "104113170", "109117110", "102118380", "112119980", "108121160", "110116441", "100113210", "98121790", "111115910", "112120270", "103118110", "111116750", "102110050", "112121351", "111120190", "103110100", "111117571", "99111440", "108117451", "110115580", "113121810", "102112030", "110114610", "107112850", "112116990", "98111231", "113119120", "104111830", "106114880"], "labels": [0, 1, 3, 1, 3, 1, 1, 0, 1, 3, 0, 1, 1, 2, 0, 3, 0, 0, 1, 2, 3, 2, 3, 0, 3, 2, 3, 0, 0, 3, 2, 3, 0, 2, 0, 1, 0, 0, 1, 0, 3, 0, 1, 3, 1, 0, 2, 3, 1, 2, 2, 1, 0, 3, 0, 3, 0, 3, 1, 3, 1, 0, 0, 3, 0, 2, 1, 1, 1, 3, 0, 3, 3, 2, 0, 1, 1, 3, 2, 3, 0, 2, 1, 2, 3, 3, 1, 1, 2, 2, 3, 3, 0, 2, 0, 3, 1, 3, 1, 0, 2, 0, 3, 0, 3, 1, 1, 2, 0, 0, 3, 3, 3, 3, 1, 1, 0, 2, 3, 0, 2, 2, 0, 2, 3, 3, 0, 3, 1, 3, 3, 2, 1, 2, 2, 1, 1, 0, 1, 3, 3, 0], "predicted_labels": [1, 3, 1, 0, 0, 1, 2, 1, 3, 1, 1, 3, 3, 1, 1, 1, 1, 0, 3, 3, 3, 1, 1, 1, 3, 1, 0, 3, 3, 0, 1, 2, 1, 1, 1, 1, 3, 1, 3, 3, 1, 3, 1, 1, 1, 3, 3, 1, 1, 1, 3, 1, 3, 0, 3, 1, 1, 1, 1, 3, 3, 0, 1, 3, 1, 3, 1, 1, 1, 1, 1, 3, 1, 0, 3, 3, 1, 1, 1, 0, 1, 3, 3, 1, 1, 3, 3, 1, 1, 0, 1, 1, 1, 1, 3, 1, 1, 0, 3, 1, 0, 1, 1, 3, 1, 3, 1, 0, 1, 3, 3, 0, 1, 3, 3, 1, 3, 1, 1, 3, 1, 1, 1, 3, 0, 1, 3, 1, 3, 3, 1, 0, 0, 1, 1, 1, 1, 3, 3, 3, 3, 1], "confidence_scores": [[0.22678659673659668, 0.3141401653901654, 0.1628056166056167, 0.2962676212676213], [0.24509376179376174, 0.29453632201132196, 0.1311726051726052, 0.32919731102231115], [0.21498313908313912, 0.29903653013653003, 0.25043706848706854, 0.23554326229326236], [0.3612636863136865, 0.22640868020868044, 0.1624931457431458, 0.24983448773448785], [0.3392191974691976, 0.19352392607392613, 0.1913334776334777, 0.2759233988233989], [0.1978480741480742, 0.30517378732378747, 0.23710054390054394, 0.2598775946275947], [0.17245717615717618, 0.2602054501054501, 0.29359256854256854, 0.2737448051948054], [0.187503934953935, 0.3457597347097347, 0.16071924186924186, 0.3060170884670886], [0.1644146964146965, 0.1991630905042671, 0.19608101343101364, 0.44034119965002316], [0.1968904761904764, 0.4083153624153623, 0.16071948606948616, 0.23407467532467552], [0.168051542901543, 0.32439097014097024, 0.20344241869241866, 0.3041150682650683], [0.23948663836163844, 0.2568693750693753, 0.2272030108780109, 0.2764409756909759], [0.2665451881451882, 0.24627898212898217, 0.18109545454545448, 0.3060803751803751], [0.17770289710289713, 0.31367972582972603, 0.2328271506271507, 0.2757902264402265], [0.2513186147186148, 0.27962919857919855, 0.19167375402375392, 0.2773784326784327], [0.2537051448551449, 0.30577236652236667, 0.17642115662115665, 0.26410133200133207], [0.20123827283827295, 0.3198120768120769, 0.17992572982572996, 0.2990239205239203], [0.32803291708291704, 0.24242424242424257, 0.14063419913419914, 0.2889086413586413], [0.23200276945276965, 0.26624350649350664, 0.2115910533910534, 0.2901626706626707], [0.24619371347606653, 0.2593149850149852, 0.2344789416465889, 0.26001235986235993], [0.16997272727272725, 0.3034434676434677, 0.20724290154290173, 0.3193409035409035], [0.23432122126239785, 0.28831267066267097, 0.24972038843509436, 0.22764571963983737], [0.20608772893772892, 0.32718645798645773, 0.21216191031191042, 0.25456390276390284], [0.22629225774225778, 0.3003533189033188, 0.17419213564213562, 0.2991622877122879], [0.21206138306138309, 0.26248004218004223, 0.2617377067377068, 0.26372086802086814], [0.24560464535464543, 0.3455274586524585, 0.15961177433677443, 0.24925612165612165], [0.2964525252525252, 0.24256933621933638, 0.18392366522366532, 0.2770544733044734], [0.25322582972582997, 0.24893874458874457, 0.18086774891774893, 0.3169676767676769], [0.23180583583083594, 0.2667888528138529, 0.18116015096015103, 0.32024516039516043], [0.2697503274503275, 0.26258017538017553, 0.20598184593184599, 0.2616876512376513], [0.23303737373737374, 0.3270987012987014, 0.21851269841269857, 0.2213512265512267], [0.21678568653568667, 0.2739515262515264, 0.28405286380286393, 0.22520992340992357], [0.24244991119991122, 0.2913863140127848, 0.18587758320111267, 0.28028619158619156], [0.23815603008103017, 0.26953845598845605, 0.24159484126984124, 0.25071067266067265], [0.2043715007215008, 0.36011352813852826, 0.22870953768453786, 0.2068054334554336], [0.21060500806383173, 0.3279213322625088, 0.2413758297258299, 0.22009782994783006], [0.24315584970584983, 0.250712148962149, 0.1495150294150295, 0.3566169719169717], [0.2792632145632147, 0.2839029054279055, 0.1774242507492508, 0.2594096292596294], [0.21852108447108445, 0.2268768176268178, 0.18225781440781455, 0.3723442834942835], [0.26174119769119786, 0.22521998556998574, 0.24885533910533908, 0.26418347763347766], [0.27028682983683, 0.2866515096015097, 0.20041495726495742, 0.24264670329670338], [0.18422079032079028, 0.3057408924408927, 0.19647425352425363, 0.31356406371406365], [0.20880385725385722, 0.322772483072483, 0.2149125041625042, 0.2535111555111557], [0.24945616964734627, 0.31382480297480286, 0.21223785985256566, 0.2244811675252853], [0.26609161949161964, 0.2907408036408038, 0.2208573815073816, 0.22231019536019542], [0.2277512321012321, 0.20802866577866597, 0.14971873681873688, 0.4145013653013653], [0.2091517177267179, 0.28706089466089474, 0.21380119047619053, 0.28998619713619717], [0.16491067821067829, 0.2900021034521034, 0.260258535908536, 0.28482868242868237], [0.18453073593073602, 0.3246334387834386, 0.1847232711732712, 0.3061125541125543], [0.16446897546897551, 0.34522160894660897, 0.22285317460317472, 0.26745624098124093], [0.22338170995670997, 0.28888845598845597, 0.18917090964590966, 0.29855892440892434], [0.23618179320679325, 0.30302261627261634, 0.2074028138528139, 0.25339277666777665], [0.1981922799422801, 0.29518293928293926, 0.14419975579975586, 0.3624250249750247], [0.3209972860472861, 0.24979529914529927, 0.16671649461649463, 0.26249092019092035], [0.2699981815570051, 0.24366386473004126, 0.1982231601731603, 0.2881147935397936], [0.19988225108225105, 0.30142324342324356, 0.21739302919302925, 0.2813014763014764], [0.22788172579054944, 0.3394722943722944, 0.17738535353535356, 0.25526062630180285], [0.24229159451659452, 0.315740526140526, 0.16409900932400937, 0.27786887001887006], [0.2574070707070707, 0.27347138417138417, 0.20471926406926408, 0.2644022810522812], [0.20009679764679764, 0.3141061605061606, 0.16138722943722947, 0.3244098124098123], [0.26817737817737836, 0.26518246753246766, 0.19475270840270842, 0.27188744588744596], [0.31686535686535683, 0.22683834498834504, 0.14775056055056063, 0.30854573759573756], [0.22753840603840622, 0.2855212121212123, 0.23262839382839381, 0.2543119880119881], [0.2508856199356199, 0.2811828837828837, 0.18614504384504393, 0.2817864524364524], [0.26445212842712856, 0.2964164862914865, 0.15384633144633142, 0.285285053835054], [0.22573023088023106, 0.26210377400377416, 0.18622925407925417, 0.3259367410367409], [0.270085705960706, 0.28200311632811625, 0.19223552003551997, 0.2556756576756578], [0.217726406926407, 0.335742821067821, 0.22984681429681436, 0.21668395770895782], [0.1923890997890999, 0.2875450160950163, 0.2522540071040073, 0.26781187701187703], [0.20484891774891786, 0.3327977744477744, 0.22114805194805198, 0.241205255855256], [0.2362256632256632, 0.3301337939837941, 0.17824265179265192, 0.2553978909978911], [0.2562614330114332, 0.2641560641972407, 0.21115379261261616, 0.26842871017871034], [0.21815266563501873, 0.31746113331113307, 0.20523974750739465, 0.2591464535464537], [0.2733329864579864, 0.24325906315906334, 0.21998232927203512, 0.2634256211109153], [0.2222193195693196, 0.2640405852317618, 0.1602062235150471, 0.3535338716838717], [0.1911001803751804, 0.2788479076479076, 0.19871125541125548, 0.33134065656565653], [0.1601660775499011, 0.35202126207126205, 0.17283950493950503, 0.3149731554393321], [0.17002243867243874, 0.3605653346653345, 0.26384779664779673, 0.20556443001443014], [0.2162421217671219, 0.3402294403309109, 0.20068760651113604, 0.24284083139083143], [0.34965073260073265, 0.2597261904761905, 0.11455095460095462, 0.2760721223221223], [0.28472121767121783, 0.31254324009324025, 0.1896791708291709, 0.21305637140637146], [0.25721911976912, 0.24498749583749596, 0.16697651792651802, 0.3308168664668664], [0.21913349194664994, 0.2812007770007771, 0.21081429681429684, 0.28885143423827625], [0.2022775058275058, 0.3362957542457541, 0.19790959595959606, 0.2635171439671441], [0.22873828393828413, 0.3043171661671663, 0.18346277056277066, 0.2834817793317792], [0.18061158008658004, 0.28977640692640705, 0.23775077422577431, 0.2918612387612387], [0.21799040126540137, 0.2534165528915531, 0.2009637140637142, 0.32762933177933173], [0.23325204795204812, 0.2979151015651017, 0.24910983460983474, 0.21972301587301596], [0.20084654789654793, 0.34349116439116434, 0.2437577700077701, 0.21190451770451776], [0.31070834165834166, 0.24453039738039736, 0.16449391164391172, 0.2802673493173494], [0.20181469086469087, 0.31855512265512265, 0.1696732323232324, 0.3099569541569541], [0.19401616161616167, 0.2886630591630592, 0.23911635586635582, 0.27820442335442325], [0.28277301587301595, 0.29178437950937947, 0.1558938172938173, 0.26954878732378734], [0.252504908979909, 0.339790798090798, 0.17913998501498501, 0.2285643079143079], [0.26263457930957934, 0.24963830613830637, 0.18299748862248863, 0.3047296259296259], [0.2907839688089687, 0.30280433455433464, 0.16448560051060057, 0.24192609612609603], [0.25560966810966834, 0.3381775446775449, 0.17527109557109566, 0.2309416916416918], [0.27358700351935644, 0.25508206238206255, 0.21716470588235295, 0.25416622821622825], [0.19180591630591642, 0.3073830669330671, 0.18913222888222886, 0.3116787878787879], [0.2580276307026307, 0.31018127150627167, 0.20258746808746816, 0.22920362970362984], [0.2985721667221669, 0.22876007130124787, 0.22003117438117442, 0.2526365875954112], [0.24200694860694869, 0.3175189754689756, 0.19654211344211353, 0.24393196248196267], [0.279297213897214, 0.29131791541791535, 0.15140497835497843, 0.2779798923298925], [0.2282844044844046, 0.300137667887668, 0.1712665834165835, 0.3003113442113443], [0.2051144744144745, 0.28205149850149863, 0.2751462481962483, 0.23768777888777903], [0.21999211344211336, 0.26101293151293153, 0.24961240981240998, 0.26938254523254535], [0.20568387723387735, 0.30867672882672903, 0.27487228882228887, 0.2107671051171051], [0.27061295371295374, 0.2691482073482073, 0.23465885225885222, 0.22557998667998663], [0.20754918969918976, 0.33201910311910293, 0.18822261627261638, 0.27220909090909107], [0.2546595071595072, 0.2946883560883562, 0.1515214285714286, 0.29913070818070814], [0.24597185592185597, 0.2710389721389724, 0.20597479742479752, 0.2770143745143746], [0.29763556998556995, 0.27585281385281396, 0.18203860028860036, 0.24447301587301598], [0.21480880949116252, 0.2968209956709956, 0.24435487127251834, 0.2440153235653237], [0.18679755799755798, 0.2788789044289046, 0.24765354645354648, 0.28666999111999114], [0.1938762737262739, 0.3152050116550118, 0.1748295815295815, 0.3160891330891332], [0.2257996586746589, 0.3065035492285493, 0.21389045954045965, 0.2538063325563326], [0.1848522866022867, 0.2783429653679654, 0.1637521728271729, 0.37305257520257545], [0.1707437673437675, 0.3462884199134199, 0.20604844599844596, 0.2769193667443667], [0.24701313131313143, 0.3223134920634921, 0.194953490953491, 0.2357198856698857], [0.2431987956487958, 0.24695286412933493, 0.14691808714161664, 0.36293025308025334], [0.25034249639249656, 0.2715899933399934, 0.22428217893217903, 0.2537853313353314], [0.2530899838723369, 0.2953071206571206, 0.20494663783928502, 0.2466562576312577], [0.18550672938172932, 0.2978693306693306, 0.2974800671550672, 0.21914387279387285], [0.23368189033189046, 0.28612070707070714, 0.19272539682539683, 0.28747200577200555], [0.31846132201132205, 0.20449368409368426, 0.17438927183927191, 0.302655722055722], [0.23067532467532476, 0.3248952713952712, 0.20957253302253306, 0.23485687090687102], [0.23981634117516487, 0.25783802308802306, 0.16254116798234455, 0.33980446775446765], [0.21329683649683656, 0.37170614385614364, 0.17188473748473757, 0.24311228216228223], [0.26424650349650364, 0.2404781496281498, 0.2267356587856588, 0.26853968808968803], [0.2720097624597625, 0.28383029193029197, 0.14889861249861258, 0.29526133311133335], [0.21137120657120653, 0.32064642579642577, 0.1989732545232547, 0.26900911310911313], [0.3128608272446508, 0.2406515131926898, 0.1554349733599735, 0.29105268620268615], [0.2686302586302587, 0.2661855699855701, 0.22167911532911538, 0.24350505605505607], [0.18886124986124997, 0.3170343101343102, 0.27502387612387613, 0.21908056388056416], [0.23143364413364428, 0.31769723609723616, 0.2290214119214119, 0.22184770784770796], [0.2434226440226441, 0.32887074592074583, 0.18418732378732383, 0.24351928626928632], [0.21794105339105355, 0.2996500360750362, 0.1961714868464869, 0.2862374236874237], [0.30182481962481966, 0.20568339993340004, 0.18595354645354653, 0.30653823398823404], [0.2536898323898325, 0.282527195027195, 0.1714100566100567, 0.2923729159729159], [0.23545422355422366, 0.27227024642024655, 0.19834845154845163, 0.2939270784770786], [0.19068707403707405, 0.2852785103785103, 0.19678891663891673, 0.3272454989454991], [0.22619388389388395, 0.3019857586857585, 0.22567056277056285, 0.24614979464979472]]}, "rewritten": {"ids": ["97107260", "97108520", "97109570", "97112300", "98106560", "98106680", "98108520", "98108970", "98109090", "98110710", "98111231", "98111620", "98111670", "98117740", "98121790", "99107660", "99108330", "99108460", "99109740", "99110730", "99111440", "99111930", "100109330", "100110050", "100113210", "100120780", "101108121", "101108460", "101108500", "101109370", "101111140", "101111310", "101111990", "102109010", "102109850", "102110050", "102110500", "102111990", "102112030", "102118380", "103109791", "103110050", "103110100", "103110760", "103113170", "103113210", "103113640", "103117461", "103118110", "104111531", "104111830", "104111880", "104113000", "104113170", "104114320", "104114740", "105113260", "105115250", "105118230", "105120280", "105121190", "105121370", "106111321", "106113830", "106114880", "106117770", "107112850", "107113180", "107113200", "107114140", "107118120", "107119390", "107120010", "107121230", "108113700", "108113760", "108114180", "108115570", "108116070", "108117451", "108120060", "108120700", "108121160", "109113281", "109113591", "109114030", "109116040", "109116930", "109117110", "109117271", "109117730", "109118231", "109118820", "109120150", "110114561", "110114610", "110114720", "110115580", "110115980", "110116441", "110117080", "110117140", "110118701", "110119030", "110119891", "110120190", "110120531", "110120560", "110121500", "111115770", "111115910", "111116100", "111116411", "111116750", "111116990", "111117571", "111118301", "111119950", "111120190", "111121190", "112116401", "112116800", "112116990", "112118820", "112118880", "112119930", "112119980", "112120270", "112120630", "112121351", "112121410", "113118421", "113119120", "113119320", "113119360", "113119700", "113119950", "113120540", "113120640", "113121410", "113121810", "113122650"], "labels": [2, 2, 0, 2, 1, 1, 2, 3, 1, 2, 1, 3, 1, 2, 2, 3, 1, 0, 3, 3, 3, 1, 0, 3, 0, 1, 0, 0, 3, 1, 2, 3, 2, 1, 1, 3, 3, 2, 2, 1, 3, 3, 1, 1, 3, 3, 1, 0, 2, 0, 3, 3, 1, 3, 2, 2, 3, 2, 1, 3, 2, 2, 0, 1, 0, 0, 1, 3, 0, 2, 3, 2, 1, 0, 0, 1, 1, 3, 1, 2, 1, 2, 2, 0, 3, 1, 0, 0, 1, 0, 3, 1, 3, 2, 0, 1, 3, 1, 1, 3, 1, 3, 3, 0, 3, 3, 0, 0, 3, 3, 2, 3, 0, 3, 0, 3, 3, 0, 3, 1, 0, 0, 0, 0, 1, 1, 0, 0, 3, 0, 0, 3, 3, 1, 0, 0, 0, 3, 0, 0, 2, 2], "predicted_labels": [3, 3, 0, 3, 3, 1, 1, 1, 1, 1, 0, 1, 3, 1, 1, 0, 3, 3, 1, 3, 1, 1, 1, 1, 3, 3, 1, 1, 1, 1, 0, 1, 3, 1, 1, 1, 0, 0, 1, 1, 1, 1, 0, 1, 1, 0, 0, 1, 1, 1, 3, 3, 3, 3, 1, 1, 1, 1, 3, 1, 1, 1, 0, 3, 1, 3, 1, 1, 3, 1, 1, 1, 1, 1, 1, 1, 3, 1, 1, 0, 1, 3, 1, 1, 1, 1, 2, 0, 3, 3, 0, 1, 1, 1, 1, 1, 1, 0, 3, 1, 3, 3, 1, 1, 3, 1, 3, 3, 1, 1, 1, 0, 3, 0, 1, 0, 1, 1, 1, 1, 0, 1, 3, 3, 1, 1, 3, 1, 1, 3, 1, 0, 3, 3, 0, 1, 1, 0, 3, 3, 1, 3], "confidence_scores": [[0.187699494949495, 0.2601972027972028, 0.26798431013431034, 0.2841189921189921], [0.2393341991341992, 0.2568449494949495, 0.1830388167388168, 0.32078203463203464], [0.28172734487734485, 0.2794789321789322, 0.16058896103896106, 0.278204761904762], [0.23208489843489866, 0.268195670995671, 0.22254164724164724, 0.2771777833277834], [0.22145288366604163, 0.2666158119658121, 0.21886626151626154, 0.29306504285188484], [0.20458135753135773, 0.3023049561549563, 0.2716001498501498, 0.2215135364635365], [0.28772688422688436, 0.3352485680985681, 0.16729008214008212, 0.20973446553446573], [0.22774068709068707, 0.3338314518814519, 0.19326474081474085, 0.24516312021312026], [0.25327430902430903, 0.25798378843378844, 0.24938510656010673, 0.23935679598179613], [0.24783934398934424, 0.327043215118215, 0.207069782994783, 0.21804765789765795], [0.29645894660894667, 0.276069733044733, 0.15119126984126988, 0.2762800505050506], [0.22856609501609518, 0.30320324675324684, 0.23694285714285715, 0.23128780108780117], [0.24158043068043086, 0.2549277000777002, 0.2334272338772339, 0.2700646353646354], [0.2109995115995116, 0.3005117438117439, 0.21872089022089022, 0.2697678543678545], [0.2496063880563881, 0.27776507381507387, 0.21198556443556452, 0.2606429736929737], [0.29333452821688116, 0.2539916083916086, 0.2267486663663135, 0.22592519702519703], [0.19892367632367652, 0.27080834720834734, 0.201445326895327, 0.3288226495726495], [0.24190121545121562, 0.2735826284826285, 0.183702985902986, 0.30081317016317016], [0.19755997890997898, 0.3371971361971361, 0.2423253191253192, 0.22291756576756594], [0.21561959151959154, 0.2762615273615274, 0.20581129426129421, 0.302307586857587], [0.2535303973803974, 0.2929738131149897, 0.20518724804607158, 0.2483085414585416], [0.20895017760017767, 0.3370203213453214, 0.21327204739704755, 0.24075745365745377], [0.2264410034410035, 0.33728275613275616, 0.173743845043845, 0.26253239538239553], [0.22248190143190155, 0.3077874791874791, 0.22412622377622385, 0.24560439560439562], [0.228502813852814, 0.2631935567700275, 0.13139949462302405, 0.3769041347541346], [0.22887485014985032, 0.2672939144189146, 0.2099820401820402, 0.2938491952491954], [0.23285849705849718, 0.2893054501054501, 0.20480939060939057, 0.2730266622266622], [0.2666351287601287, 0.32246438006438005, 0.16779484126984126, 0.24310564990564998], [0.2265072427572428, 0.29760078810078827, 0.19045593295593297, 0.285436036186036], [0.2705850593850594, 0.29021170496170506, 0.21744141691641697, 0.22176181873681888], [0.3324532911532911, 0.22185391830391843, 0.2070060194707255, 0.23868677107206546], [0.23143405483405496, 0.34868877788877783, 0.1799492951492952, 0.23992787212787212], [0.2308806859806861, 0.27866587856587854, 0.19359777999778008, 0.2968556554556555], [0.21942712842712847, 0.3625840048840048, 0.17648676046176054, 0.2415021062271064], [0.21883154623154638, 0.3230868742368741, 0.24786114996115002, 0.21022042957042966], [0.20962259962259963, 0.31792584082584074, 0.2247342934842936, 0.24771726606726618], [0.33716766011766003, 0.20909769119769128, 0.20271938061938055, 0.25101526806526814], [0.3063633200133201, 0.24411858500976152, 0.17725687841570203, 0.27226121656121666], [0.24358919968919973, 0.291689321789322, 0.2238510434010434, 0.24087043512043513], [0.21902201850437159, 0.3364157675657676, 0.19510310637075343, 0.24945910755910766], [0.19974343989343993, 0.2925336441336442, 0.23783458208458227, 0.2698883338883339], [0.235312227478404, 0.34108470418470416, 0.20500012258982864, 0.21860294574706354], [0.27641152181152173, 0.2214247585747589, 0.2319558608058609, 0.2702078588078589], [0.2705638805638807, 0.28725579420579417, 0.1689750360750361, 0.27320528915528924], [0.16859628149628167, 0.2976971250971252, 0.24708056943056944, 0.2866260239760241], [0.2783355866355866, 0.27599030969030974, 0.17373908313908312, 0.2719350205350206], [0.37983217893217874, 0.22120812520812547, 0.1523816294816295, 0.2465780663780664], [0.21721122211122207, 0.3068354367854368, 0.17810999555999554, 0.2978433455433455], [0.23741383061383076, 0.2988432373182372, 0.20718984903984916, 0.2565530830280832], [0.2589628538128539, 0.29374898434898455, 0.17600735930735925, 0.27128080253080245], [0.2127720834720835, 0.2854912753912754, 0.19868690753690765, 0.3030497335997336], [0.1756189948939949, 0.28548580863580875, 0.2379715589965591, 0.3009236374736375], [0.2191804306804307, 0.2249859584859585, 0.1763992562992564, 0.37943435453435453], [0.18671940281940286, 0.27301909201909214, 0.23016251526251522, 0.31009898989899015], [0.2456162115662116, 0.31729802974802984, 0.20383028638028644, 0.23325547230547228], [0.1802082306582307, 0.2938943944943946, 0.24490425685425696, 0.28099311799311805], [0.2597228354978356, 0.3153221056721058, 0.15745854978354978, 0.2674965090465092], [0.24817097347097355, 0.3168088744588746, 0.1930500277500278, 0.24197012432012438], [0.21271566766566774, 0.26898410478410484, 0.20150860250860259, 0.31679162504162506], [0.1913373515373516, 0.3187658008658009, 0.25009230214230216, 0.23980454545454546], [0.1850229825729826, 0.305350444000444, 0.24238220113220119, 0.2672443722943726], [0.1989166749916751, 0.28953272838272825, 0.2235329032079033, 0.2880176934176933], [0.28787555222555244, 0.2788781773781773, 0.1740612665112664, 0.25918500388500393], [0.2164824675324676, 0.2646373293373292, 0.21107007992008003, 0.30781012321012313], [0.24638366078366084, 0.36526849816849827, 0.13742261072261078, 0.2509252303252303], [0.20147142302142296, 0.3132226551226552, 0.17196067821067823, 0.31334524364524374], [0.22765802530802537, 0.34898385225885237, 0.18402469474969482, 0.2393334276834277], [0.20762454489954496, 0.34168184593184586, 0.2224923382173383, 0.22820127095127113], [0.21693416583416594, 0.2856192141192142, 0.18605096015096023, 0.3113956598956598], [0.23930979020979035, 0.324683103008103, 0.20665685425685437, 0.22935025252525268], [0.23053140193140206, 0.30654137529137543, 0.16218262848262854, 0.3007445942945944], [0.2601697358197358, 0.26586262071262085, 0.24707046287046283, 0.22689718059718073], [0.21677982572982588, 0.2811328782328783, 0.2549702380952382, 0.24711705794205807], [0.1757852064602064, 0.33169874847374853, 0.20270946830946845, 0.2898065767565768], [0.2546588966588967, 0.30593588911088904, 0.190599211899212, 0.24880600233100236], [0.2376756576756577, 0.27843266733266747, 0.2243116383616384, 0.25958003663003665], [0.1682484126984128, 0.2078667388167388, 0.19502455322455337, 0.4288602952602952], [0.25300788100788113, 0.28977967392085047, 0.1963879140467376, 0.26082453102453107], [0.22119244089244103, 0.2824781662781664, 0.2255558580308581, 0.27077353479853483], [0.3311208818958818, 0.24696396381396382, 0.13415568598068606, 0.28775946830946847], [0.22585843600843616, 0.2968570041070041, 0.26202141192141193, 0.21526314796314805], [0.2968648462648462, 0.23754632589632604, 0.16232011877011882, 0.30326870906870906], [0.17723515373515386, 0.3398019758019759, 0.1903661227661228, 0.2925967476967477], [0.2312607947607949, 0.33258751803751796, 0.1536534465534466, 0.2824982406482408], [0.19687215007215025, 0.40145386280386286, 0.17301789876789886, 0.2286560883560885], [0.23436924741924753, 0.31615250305250303, 0.17407002442002453, 0.2754082251082251], [0.24925389610389623, 0.23766101676101686, 0.2593045510045511, 0.25378053613053625], [0.27805537240537237, 0.2369722943722945, 0.2398570762570764, 0.24511525696525716], [0.23660228105228112, 0.2660748307248308, 0.20485374625374644, 0.292469141969142], [0.21720522255522262, 0.25784402264402273, 0.15958435453435466, 0.3653664002664001], [0.3129722888222889, 0.2435247835497837, 0.16673398823398833, 0.2767689393939395], [0.25658756243756253, 0.33471219336219327, 0.17122281052281066, 0.23747743367743376], [0.22314380782616083, 0.27555069375069374, 0.24993960320725042, 0.25136589521589525], [0.24269467754467766, 0.32422358197358175, 0.20865238095238095, 0.22442935952935955], [0.24237291042291045, 0.3215271811521811, 0.18258737651237666, 0.2535125319125319], [0.24481357531357537, 0.30027933177933175, 0.24932178932178928, 0.20558530358530372], [0.21951462426462437, 0.2892903318903319, 0.27693455988455995, 0.21426048396048403], [0.28677711177711196, 0.2820117771117772, 0.20387399544899557, 0.2273371156621158], [0.23838492063492064, 0.2762416083916085, 0.1828350066600067, 0.30253846431346454], [0.23999065656565663, 0.34173018093018104, 0.15609595127095133, 0.26218321123321126], [0.16534891219891223, 0.29613011433011427, 0.17366637806637805, 0.3648545954045952], [0.1945711399711401, 0.2763916008827775, 0.20508855784738142, 0.32394870129870135], [0.22520050505050526, 0.3136876068376068, 0.19295482850482848, 0.2681570596070597], [0.24625240315240324, 0.3206762828674595, 0.15484413560295918, 0.2782271783771785], [0.20614538239538246, 0.2941499444999445, 0.19058140748140753, 0.30912326562326564], [0.24839159729159738, 0.31244574037074063, 0.1648063353313354, 0.2743563270063271], [0.23599491619491633, 0.24422538572538577, 0.1527470085470087, 0.3670326895326894], [0.24147982572982582, 0.26864653124653115, 0.1919496114996115, 0.2979240315240316], [0.2688845118933354, 0.33497567155067154, 0.15537115939615945, 0.24076865715983362], [0.2061478576978578, 0.2896247724497725, 0.23003889998890023, 0.2741884698634698], [0.2213814241314243, 0.3029390775890776, 0.21465812520812527, 0.2610213730713732], [0.3047450216450216, 0.2763107503607505, 0.16556320346320347, 0.2533810245310245], [0.30433351648351653, 0.2225771284271285, 0.15488448218448217, 0.31820487290487287], [0.30550649350649356, 0.21429586524586533, 0.18651113331113342, 0.29368650793650786], [0.2536385614385615, 0.3011215784215785, 0.16473520923520932, 0.2805046509046511], [0.30741694416694415, 0.2873184981684983, 0.1564208291708292, 0.24884372849372857], [0.25045100455100466, 0.3228362415362415, 0.15885745365745377, 0.2678553002553003], [0.2306788683538684, 0.314914763014763, 0.15934420301920302, 0.2950621656121657], [0.2297139305139306, 0.30877572427572425, 0.16602834942834943, 0.2954819957819959], [0.26975829170829174, 0.28401000111000124, 0.18391949161949164, 0.2623122155622157], [0.3325373126873126, 0.23746474636474652, 0.15975788655788659, 0.2702400543900544], [0.21451250971250982, 0.3267601370851372, 0.19109010156510162, 0.2676372516372516], [0.25526315906315916, 0.2375910644910647, 0.1948082251082253, 0.31233755133755137], [0.24039716672216685, 0.26785392107892103, 0.15214795759795757, 0.3396009546009546], [0.23070366300366307, 0.30968038628038624, 0.21719829059829063, 0.24241766011766014], [0.2107703740703742, 0.3113088470353176, 0.18412185559538508, 0.29379892329892326], [0.22330792540792546, 0.2782902958152959, 0.1563333000333, 0.34206847874347884], [0.19902545232545238, 0.3122121656121656, 0.26970716505716513, 0.2190552170052172], [0.23167746142746157, 0.29417429792429794, 0.1993611888111889, 0.27478705183705193], [0.2594527769616005, 0.24913770673770688, 0.15740693277310924, 0.3340025835275836], [0.2409200743700745, 0.30463260073260084, 0.16606817071817076, 0.2883791541791543], [0.35684105339105343, 0.2413540764790766, 0.14405944610944618, 0.2577454240204241], [0.22972933177933186, 0.26918914973914987, 0.18609191364191366, 0.314989604839605], [0.25486147741147736, 0.29649026806526807, 0.14117981462981463, 0.30746843989343997], [0.27713569486069506, 0.2590597430347433, 0.19794179154179153, 0.26586277056277074], [0.23656731046731058, 0.29627543290043284, 0.21536071983571994, 0.25179653679653674], [0.274121683871684, 0.2874391885891887, 0.168872732822733, 0.2695663947163948], [0.31403242313242297, 0.2531101232101234, 0.1573151848151848, 0.27554226884226884], [0.25711074481074486, 0.2527974192474193, 0.22549571539571545, 0.26459612054612064], [0.22082323787323796, 0.27877058497058504, 0.16648569208569225, 0.3339204850704851], [0.21639336219336236, 0.34954329004329016, 0.20353803973803983, 0.23052530802530816], [0.2512798423798425, 0.27286751026751027, 0.17550253080253087, 0.3003501165501167]]}}