{"test": {"ids": ["107119390", "101115190", "101110150", "112117660", "106115120", "98110230", "108120260", "98116090", "108116501", "104111990", "104111880", "105121370", "102109010", "112117780", "100111380", "106114321", "100116500", "106118161", "113118820", "99109311", "112116610", "112118161", "109121410", "108119330", "111114321", "98111860", "100111080", "110116290", "99111620", "99109780", "110118930", "112121360", "99109370", "102114270", "109120150", "111120640", "111118910", "99110730", "98109570", "102121700", "98108150", "103112641", "105116441", "99108710", "106121190", "110118630", "107114950", "113121980", "111118820", "105116980", "104114740", "98119591", "101108580", "107115140", "108121190", "105116650", "110115580", "98117740", "109117110", "112119120", "110117080", "103111110", "109116170", "103113270", "113122430", "110120190", "106119990", "110116300", "100109980", "113121220", "112119500", "112117461", "110118121", "106120640", "99112531", "113117630", "110117200", "111114171", "113120601", "111115400", "104113170", "101116130", "101119030", "113117401", "102108621", "97107040", "105115250", "103120531", "103110760", "109113281", "112120290", "98107340", "107114621", "111119340", "111120280", "102110240", "111117120", "113121950", "103111170", "110118810", "101112160", "110113931", "106113170", "97114170", "110118880", "111116170", "113120780", "109117431", "106117770", "97109570", "109120540", "105112100", "112118890", "112116540", "100111270", "109118231", "113122650", "98112300", "105115720", "102107961", "106115240", "109119460", "102117351", "106118520", "113120830", "106120290", "113121190", "100109890", "109120621", "113119320", "112116810", "106111321", "113121680", "109121351", "113118620", "110118740", "99109161", "107112840", "109113931", "98107380", "99109840", "97106591"], "labels": [2, 1, 1, 0, 1, 3, 1, 0, 0, 2, 3, 2, 1, 0, 3, 2, 2, 3, 0, 1, 1, 0, 0, 0, 1, 0, 0, 2, 3, 2, 1, 3, 1, 3, 2, 0, 0, 3, 1, 1, 0, 3, 1, 2, 2, 1, 3, 2, 0, 0, 2, 1, 0, 0, 1, 1, 1, 2, 1, 1, 1, 3, 0, 2, 2, 3, 0, 3, 1, 3, 2, 0, 3, 3, 3, 0, 3, 3, 2, 0, 3, 2, 3, 3, 3, 2, 2, 3, 1, 0, 1, 0, 0, 3, 0, 3, 2, 3, 2, 1, 3, 1, 0, 2, 0, 0, 0, 1, 0, 0, 1, 1, 3, 1, 2, 1, 2, 2, 1, 3, 1, 1, 1, 2, 3, 2, 1, 3, 1, 1, 3, 0, 1, 0, 3, 3, 3, 1, 1, 1, 2, 1], "predicted_labels": [2, 1, 3, 3, 3, 1, 3, 1, 0, 0, 3, 3, 1, 0, 1, 0, 0, 1, 0, 2, 0, 0, 3, 0, 1, 2, 1, 2, 3, 1, 3, 0, 0, 1, 2, 1, 3, 3, 3, 1, 1, 1, 1, 1, 2, 3, 3, 1, 0, 0, 1, 1, 2, 3, 1, 2, 0, 3, 1, 3, 3, 3, 3, 2, 1, 3, 3, 1, 0, 3, 1, 3, 3, 1, 0, 1, 3, 3, 1, 0, 2, 3, 0, 0, 0, 2, 0, 1, 1, 0, 2, 2, 3, 3, 3, 3, 1, 3, 1, 3, 3, 1, 1, 3, 3, 1, 1, 1, 1, 1, 3, 0, 0, 1, 2, 1, 3, 0, 1, 1, 0, 1, 0, 0, 1, 2, 1, 0, 1, 0, 1, 0, 1, 3, 1, 0, 0, 0, 0, 3, 2, 1], "confidence_scores": [[0.1043545887211329, 0.10193819373980015, 0.5535656120929244, 0.24014160544614277], [0.013742982999062561, 0.651198338420565, 0.22360011574364416, 0.11145856283672805], [0.027374525295612028, 0.291767784511186, 0.024081002539140067, 0.656776687654062], [0.04172950114085443, 0.0859407318816542, 0.0607860322597269, 0.8115437347177645], [0.4521097211335584, 0.1718342753889355, 0.005908657918634406, 0.37014734555887147], [0.29077967288620876, 0.2837037930967904, 0.1877282275883965, 0.2377883064286042], [0.27227405211165095, 0.29068458046158463, 0.09278473799444635, 0.3442566294323184], [0.10500640423532408, 0.41113189796026217, 0.11196748342673388, 0.37189421437767983], [0.5485512950873589, 0.14795406453450757, 0.08506107244164088, 0.21843356793649282], [0.7512929448652238, 0.10418136190949513, 0.06690289550511934, 0.07762279772016141], [0.01875948610513428, 0.11864910948294997, 0.174858890534145, 0.6877325138777706], [0.03957016854262337, 0.21532054748648377, 0.1292156828025169, 0.6158936011683758], [0.1106233406412604, 0.6568549487186277, 0.09756772749607823, 0.1349539831440335], [0.7598409550792564, 0.0696644993580541, 0.04756387309342714, 0.12293067246926277], [0.35793768463529513, 0.5278721552205563, 0.023523278838020245, 0.09066688130612818], [0.5067448530081551, 0.08259293854286374, 0.34116853089278204, 0.06949367755619906], [0.2762649462789265, 0.09701943198572453, 0.31981659065524326, 0.30689903108010586], [0.1166848643182267, 0.5310387351081046, 0.1290388546904327, 0.22323754588323624], [0.6604302567168375, 0.17400234205204126, 0.01970843667136494, 0.1458589645597561], [0.05986952968440349, 0.17643751777461678, 0.47258500271924964, 0.2911079498217301], [0.5334652870770042, 0.2389804891175135, 0.11651050587209337, 0.1110437179333888], [0.5805373954797675, 0.15512190047789995, 0.020364677024165202, 0.2439760270181676], [0.15738953611692227, 0.04610932802659145, 0.02701214985401463, 0.7694889860024716], [0.5525528626584743, 0.20394567787817502, 0.052141642807299465, 0.1913598166560514], [0.11728776261145342, 0.5251728663466624, 0.29361522228686293, 0.06392414875502131], [0.020140217982724397, 0.12796658580736767, 0.8171860621762613, 0.034707134033646614], [0.2005347406269301, 0.34352071162955405, 0.3214407344341478, 0.1345038133093679], [0.32999000219281155, 0.06157393364513478, 0.438158806590318, 0.17027725757173573], [0.04572628876529164, 0.35978506687197565, 0.09440192399513003, 0.5000867203676026], [0.09452705413764362, 0.712318575407985, 0.1259566542945659, 0.06719771615980542], [0.12233133870583879, 0.2721687915758136, 0.04623835433766841, 0.5592615153806789], [0.6853176667068264, 0.18862498227825647, 0.02068251971919967, 0.10537483129571754], [0.3345376700517044, 0.19311182808259342, 0.21336970771093805, 0.2589807941547641], [0.2036337188163625, 0.536683626605567, 0.01971722649614335, 0.23996542808192736], [0.2375874821425959, 0.03862463782083951, 0.6177136156675976, 0.10607426436896672], [0.3653688622263978, 0.5711017187864663, 0.02620692136894612, 0.03732249761819004], [0.08909192786774293, 0.23613387395560007, 0.05376501468890609, 0.6210091834877506], [0.13107291193010728, 0.06630281341325248, 0.12053945385397795, 0.6820848208026624], [0.01976448773872204, 0.036030029448292006, 0.022247393125511737, 0.9219580896874745], [0.2773569068110883, 0.6192099485139214, 0.055554271837246705, 0.047878872837743607], [0.1380130474826956, 0.6205723779878273, 0.04512873081275837, 0.19628584371671887], [0.3104728046991566, 0.267188445531118, 0.29100677362453414, 0.13133197614519143], [0.18440566702577116, 0.5835702515471252, 0.06323952944946361, 0.16878455197764006], [0.02142176213886167, 0.8470410553950328, 0.031196913593451905, 0.10034026887265354], [0.07557824506613488, 0.14007273801776904, 0.4761988968662766, 0.30815012004981934], [0.19112283651922896, 0.19805182277611882, 0.15387951822983528, 0.456945822474817], [0.4419479557675044, 0.029099339263458434, 0.031438322368698784, 0.4975143826003384], [0.048685323854612696, 0.5540192476678494, 0.03310369246046064, 0.36419173601707716], [0.8793972133736394, 0.0316660500453867, 0.016543563266816635, 0.0723931733141573], [0.5012879818459915, 0.08577003346004822, 0.012087305385783365, 0.40085467930817675], [0.04184971181724283, 0.38992022658592396, 0.21286759955679746, 0.35536246204003596], [0.29438945595143556, 0.3076786832387247, 0.16888031435404546, 0.22905154645579412], [0.3674072895191896, 0.010958781164809524, 0.4944196561161403, 0.1272142731998607], [0.018604474319519924, 0.00652599735463207, 0.02203525967830513, 0.9528342686475428], [0.056216850537524864, 0.6933273810482273, 0.031214491062352405, 0.21924127735189564], [0.25410812157767876, 0.18791282590325653, 0.3356779084571822, 0.22230114406188256], [0.49044491317323163, 0.0775525957939433, 0.3094104287185809, 0.12259206231424433], [0.082603109925887, 0.1745953190182751, 0.14702763962013862, 0.5957739314356992], [0.21683843251118282, 0.4340852752465011, 0.042110824352622825, 0.3069654678896931], [0.23299485191707298, 0.019157563161160605, 0.22961849315507551, 0.518229091766691], [0.026655994992581814, 0.28281940825503954, 0.10389331042549578, 0.586631286326883], [0.06573270396997591, 0.3641990901488554, 0.04861568004895259, 0.5214525258322162], [0.027407845440271448, 0.4194925488549041, 0.024746417660835147, 0.5283531880439892], [0.05130404508011026, 0.14446584225350403, 0.5004180898451477, 0.3038120228212381], [0.03248174363725986, 0.505920740880026, 0.038381582022317284, 0.4232159334603968], [0.3360877705883259, 0.0695012995685969, 0.006221670895686109, 0.5881892589473914], [0.0812243547550691, 0.3115493770464377, 0.048906521455533154, 0.5583197467429599], [0.12389933373675108, 0.4433209182538472, 0.035105912206816074, 0.3976738358025857], [0.6005158481329502, 0.17132442856333754, 0.14774667594757845, 0.08041304735613389], [0.019859884343021533, 0.03232923779988048, 0.03534082726684313, 0.9124700505902545], [0.20312213166681414, 0.5679928638922467, 0.18414296112967435, 0.04474204331126479], [0.37245080726707336, 0.04335085187872215, 0.005707909139218859, 0.5784904317149856], [0.1348711523262834, 0.23625489973161573, 0.004344645495620311, 0.6245293024464805], [0.015626997110702437, 0.9134712971325811, 0.02859515898169261, 0.042306546775023705], [0.5510168454218535, 0.17627411921250122, 0.05817402766876807, 0.21453500769687694], [0.18659822115251626, 0.39924258426304404, 0.11680519607096024, 0.29735399851347966], [0.4100367306506275, 0.1613024182205274, 0.03580539311252514, 0.39285545801631977], [0.23811211772135848, 0.04046053840272233, 0.0040927305317624806, 0.7173346133441567], [0.1273803363443474, 0.46550020270500153, 0.17941352126978458, 0.22770593968086644], [0.6284370720032992, 0.12907112995799544, 0.15456455978466851, 0.08792723825403678], [0.03010474623670639, 0.2880085382582413, 0.45053192805604875, 0.23135478744900342], [0.03129744971962107, 0.04378940754964946, 0.3244818525780674, 0.6004312901526621], [0.7097561071039672, 0.05377653979022454, 0.019814566804307956, 0.21665278630150048], [0.43565556025248137, 0.1249552114382375, 0.09812122154722137, 0.34126800676206], [0.6768149069231456, 0.02063813430189715, 0.019152630634186138, 0.28339432814077115], [0.04768869888235225, 0.2625729679404767, 0.5943672668974119, 0.09537106627975911], [0.4760368479819879, 0.30020808633410534, 0.07202822376729952, 0.1517268419166072], [0.1502102090123708, 0.6377343379969156, 0.053710532771822354, 0.15834492021889116], [0.4131599321548979, 0.45907773055964574, 0.05216668424480892, 0.07559565304064754], [0.5965286889709599, 0.062008718267590045, 0.007655747722567628, 0.3338068450388826], [0.23054974008447118, 0.0355119448567326, 0.7045665921676911, 0.029371722891104703], [0.05220993449509471, 0.06405200457009425, 0.489583693587673, 0.39415436734713777], [0.04893026073319998, 0.13309688221827728, 0.05041583388424078, 0.7675570231642819], [0.347356779227757, 0.23393868076285207, 0.007585320105415869, 0.41111921990397504], [0.17884875003060904, 0.32181917678026845, 0.006564335034267331, 0.49276773815485525], [0.37286498884377844, 0.16994014195340537, 0.18121625528560364, 0.2759786139172127], [0.05311658903233033, 0.697010950405982, 0.0372719695064517, 0.21260049105523576], [0.1525346257323925, 0.26703798996921463, 0.10786539087759693, 0.47256199342079597], [0.143790363843833, 0.3630089120810614, 0.21665705244384467, 0.27654367163126087], [0.3047969237112147, 0.09969554729120306, 0.1645431024951737, 0.43096442650240874], [0.01773593326413683, 0.0987394378453854, 0.25159169943660686, 0.6319329294538707], [0.44466775100852396, 0.3796343698972076, 0.004542411424246634, 0.1711554676700215], [0.19950347564341867, 0.6854780615425795, 0.015662401138062353, 0.09935606167593965], [0.028810265865651566, 0.4185251231349654, 0.11618082459810221, 0.4364837864012806], [0.0751227020388547, 0.23342057748572642, 0.013036800568574671, 0.6784199199068439], [0.26625139885735294, 0.43148590189148067, 0.01040661116812577, 0.29185608808304053], [0.365655272746889, 0.35259226088609064, 0.03924384485502835, 0.24250862151199193], [0.3922978593322989, 0.35239114965183177, 0.03914273090862897, 0.21616826010724063], [0.17730822465983817, 0.42119732605026194, 0.05456082554703742, 0.34693362374286224], [0.2511811498558271, 0.2973534580783989, 0.17857992731148742, 0.2728854647542867], [0.2918312826227546, 0.28783831674951826, 0.03460579053643109, 0.385724610091296], [0.44277575534277, 0.1417341686241012, 0.06270083025381268, 0.35278924577931603], [0.5050835010878824, 0.12624823045574501, 0.005352222456838965, 0.3633160459995338], [0.06434503501923451, 0.5608230934761907, 0.023489104467548687, 0.35134276703702644], [0.03416579673217115, 0.3138643083840959, 0.6090142639010875, 0.04295563098264544], [0.30047194597484095, 0.5542594154969258, 0.03644218464444587, 0.10882645388378696], [0.15305793351097016, 0.2815328244239074, 0.0746353760731974, 0.4907738659919251], [0.4861783708329917, 0.04382988141553992, 0.34790613791813746, 0.12208560983333074], [0.03396453585708454, 0.6287024106557046, 0.17947292551665803, 0.15786012797055277], [0.246781981145562, 0.32271890437721057, 0.24279317460940703, 0.18770593986782044], [0.800856936571584, 0.06668452542962064, 0.04210623140005969, 0.09035230659873594], [0.26133035173803953, 0.36062509661018577, 0.05517983514104378, 0.322864716510731], [0.6979536019175403, 0.08161365598836602, 0.013101628983694725, 0.20733111311039898], [0.4903491643819369, 0.21028128435373444, 0.027215893706170193, 0.2721536575581586], [0.1773431781979223, 0.5749987561940653, 0.07381189182646879, 0.1738461737815436], [0.040371272526812024, 0.2537471566821866, 0.6626058280922957, 0.04327574269870524], [0.252789018120887, 0.4151483421509928, 0.03165707264733079, 0.30040556708078936], [0.38202295733786046, 0.21524282062265498, 0.23083228032181857, 0.17190194171766604], [0.3792610317844968, 0.3348573161838244, 0.02202284768060358, 0.26385880435107556], [0.6998246231383144, 0.07336578483270406, 0.009591130220758652, 0.21721846180822282], [0.2051471590907112, 0.3496729772814492, 0.24513256531680153, 0.20004729831103793], [0.32794497054034943, 0.2898327073168309, 0.1111292951715322, 0.2710930269712873], [0.03550780380124992, 0.5878525748107879, 0.0584221099706364, 0.3182175114173258], [0.4173081777740057, 0.16200718624003801, 0.019197961912616072, 0.4014866740733401], [0.16094059843587774, 0.7215420171181844, 0.007335452678565889, 0.11018193176737158], [0.6693220067317466, 0.024702179727596977, 0.026741409721325386, 0.27923440381933123], [0.7814435696311393, 0.07447672220939196, 0.11441725416528478, 0.02966245399418416], [0.4821002501729617, 0.16781003776994716, 0.3077193562254611, 0.04237035583163002], [0.6851061629199615, 0.11905568413172193, 0.009487553015268194, 0.18635059993304806], [0.1686981056577831, 0.1917904331428181, 0.3155139858265389, 0.3239974753728595], [0.034855184204896764, 0.08372058666487497, 0.7268900663430763, 0.1545341627871524], [0.030532775506010877, 0.3240028956068071, 0.5231691034396924, 0.12229522544748933]]}, "rewritten": {"ids": ["97106591", "97107040", "97109570", "97114170", "98107340", "98107380", "98108150", "98109570", "98110230", "98111860", "98112300", "98116090", "98117740", "98119591", "99108710", "99109161", "99109311", "99109370", "99109780", "99109840", "99110730", "99111620", "99112531", "100109890", "100109980", "100111080", "100111270", "100111380", "100116500", "101108580", "101110150", "101112160", "101115190", "101116130", "101119030", "102107961", "102108621", "102109010", "102110240", "102114270", "102117351", "102121700", "103110760", "103111110", "103111170", "103112641", "103113270", "103120531", "104111880", "104111990", "104113170", "104114740", "105112100", "105115250", "105115720", "105116441", "105116650", "105116980", "105121370", "106111321", "106113170", "106114321", "106115120", "106115240", "106117770", "106118161", "106118520", "106119990", "106120290", "106120640", "106121190", "107112840", "107114621", "107114950", "107115140", "107119390", "108116501", "108119330", "108120260", "108121190", "109113281", "109113931", "109116170", "109117110", "109117431", "109118231", "109119460", "109120150", "109120540", "109120621", "109121351", "109121410", "110113931", "110115580", "110116290", "110116300", "110117080", "110117200", "110118121", "110118630", "110118740", "110118810", "110118880", "110118930", "110120190", "111114171", "111114321", "111115400", "111116170", "111117120", "111118820", "111118910", "111119340", "111120280", "111120640", "112116540", "112116610", "112116810", "112117461", "112117660", "112117780", "112118161", "112118890", "112119120", "112119500", "112120290", "112121360", "113117401", "113117630", "113118620", "113118820", "113119320", "113120601", "113120780", "113120830", "113121190", "113121220", "113121680", "113121950", "113121980", "113122430", "113122650"], "labels": [1, 2, 0, 2, 0, 1, 0, 1, 3, 0, 2, 0, 2, 1, 2, 3, 1, 1, 2, 2, 3, 3, 3, 3, 1, 0, 2, 3, 2, 0, 1, 3, 1, 2, 3, 3, 3, 1, 3, 3, 1, 1, 1, 3, 2, 3, 2, 3, 3, 2, 3, 2, 1, 2, 1, 1, 1, 0, 2, 0, 0, 2, 1, 1, 0, 3, 2, 0, 2, 3, 2, 1, 0, 3, 0, 2, 0, 0, 1, 1, 0, 1, 0, 1, 1, 1, 1, 2, 1, 1, 0, 0, 1, 1, 2, 3, 1, 3, 3, 1, 3, 1, 0, 1, 3, 3, 1, 0, 0, 2, 0, 0, 3, 0, 0, 1, 1, 3, 0, 0, 0, 0, 3, 1, 2, 1, 3, 3, 0, 3, 0, 1, 2, 0, 3, 1, 3, 1, 3, 2, 2, 2], "predicted_labels": [2, 1, 1, 3, 2, 2, 1, 3, 0, 2, 0, 3, 3, 1, 1, 0, 2, 1, 1, 2, 3, 3, 0, 0, 0, 2, 2, 1, 3, 0, 3, 3, 1, 3, 0, 1, 3, 1, 0, 1, 0, 0, 0, 3, 2, 0, 2, 1, 3, 0, 1, 2, 0, 0, 1, 1, 2, 0, 3, 0, 1, 0, 3, 0, 1, 1, 0, 3, 2, 1, 3, 0, 3, 3, 3, 3, 0, 0, 3, 1, 0, 0, 1, 0, 0, 1, 1, 2, 3, 0, 3, 3, 3, 0, 2, 1, 3, 0, 3, 3, 0, 3, 3, 3, 3, 3, 1, 0, 1, 1, 0, 3, 3, 3, 0, 1, 0, 2, 3, 3, 0, 0, 3, 3, 1, 2, 0, 0, 1, 1, 0, 0, 1, 3, 1, 1, 3, 1, 3, 1, 1, 3], "confidence_scores": [[0.11018995995116729, 0.1995704771616376, 0.5047200002269159, 0.18551956266027902], [0.08333900538032554, 0.408006298323964, 0.37497649027120444, 0.13367820602450603], [0.1731760518019767, 0.4781245207896934, 0.08744177591884204, 0.26125765148948776], [0.01887853800759009, 0.4228750198787271, 0.0756751764045871, 0.48257126570909575], [0.02622135053839934, 0.03936107617999032, 0.5476937745625469, 0.386723798719063], [0.12082078024950749, 0.19379449858333186, 0.39345960302907634, 0.29192511813808386], [0.1345131953646326, 0.6505155837669171, 0.04148223472261454, 0.1734889861458357], [0.059636749557299425, 0.048087216786864395, 0.023039182044084755, 0.8692368516117515], [0.43854886712560676, 0.20695867636598325, 0.08881631281281585, 0.2656761436955945], [0.04786163683787033, 0.17022779883080125, 0.7305209926829608, 0.05138957164836764], [0.5615129103481709, 0.03661110292636606, 0.31970859590226974, 0.08216739082319333], [0.1255011426098851, 0.21756643801735415, 0.09493506576045474, 0.5619973536123058], [0.06596495678293782, 0.24994128528432571, 0.28043913927971226, 0.4036546186530241], [0.2589981594152424, 0.25341967148065, 0.2442634988119871, 0.2433186702921205], [0.006834133277940946, 0.9296421972605975, 0.016049953087931453, 0.047473716373530365], [0.7388144134579849, 0.10216531380421184, 0.11091751059944724, 0.04810276213835595], [0.055914184388955956, 0.12030951603770494, 0.7077808352762659, 0.11599546429707337], [0.2342445637900423, 0.3067362083831887, 0.23455094131570717, 0.22446828651106202], [0.07358840845721491, 0.685231065527491, 0.11535070175405152, 0.1258298242612423], [0.04143341425049254, 0.04611123091655045, 0.6752129894098375, 0.23724236542311972], [0.16465693041446308, 0.13537255882432472, 0.18661899139364097, 0.5133515193675711], [0.03328386921221857, 0.34432327422946457, 0.11210679780308754, 0.5102860587552294], [0.4751599884192733, 0.2543734703937216, 0.10084760796228483, 0.16961893322472021], [0.6026541319827665, 0.10208925615211388, 0.12178879676531253, 0.17346781509980713], [0.5721646038505263, 0.045173611927960634, 0.29496767341848557, 0.08769411080302737], [0.12269483943758727, 0.17768652201658286, 0.45128564381267394, 0.24833299473315598], [0.060148997884989626, 0.28917288321403406, 0.601891051172613, 0.04878706772836309], [0.32181977096820863, 0.5690493672981944, 0.014160224755331406, 0.09497063697826541], [0.13046752857792004, 0.15481071145205155, 0.16100102353235948, 0.5537207364376691], [0.623015441645916, 0.010905564301495427, 0.297709944217791, 0.06836904983479745], [0.09146333454657371, 0.22234727379467076, 0.02293123193526762, 0.6632581597234878], [0.019753382439281122, 0.11533005380509548, 0.2974718946527286, 0.5674446691028951], [0.015247795005165946, 0.6837613146225792, 0.1666738063021312, 0.13431708407012374], [0.04757816518053623, 0.025500257140659264, 0.35251205756436915, 0.5744095201144352], [0.425108421675742, 0.13873846722654623, 0.12047568568653086, 0.31567742541118105], [0.2899135360056253, 0.35777953206385094, 0.18290342957138997, 0.16940350235913404], [0.29876176166141394, 0.23305040197202995, 0.05055005876357586, 0.41763777760298015], [0.06256437087983982, 0.8067266042727514, 0.07067241240034798, 0.060036612447061], [0.4550991324644956, 0.08407331102166471, 0.1589471271806248, 0.30188042933321474], [0.42807757011346714, 0.3561044482082567, 0.01493351272049969, 0.20088446895777695], [0.8279440718796508, 0.03316082249931768, 0.010297647570208774, 0.12859745805082304], [0.5494228811541665, 0.3446985533632837, 0.05451109825988015, 0.05136746722266966], [0.5652113330174315, 0.33431537221266994, 0.037566772107724605, 0.06290652266217384], [0.0594863434258565, 0.24325800158046326, 0.08463465215222103, 0.6126210028414593], [0.06663260330703341, 0.20120902138112867, 0.39667756203639787, 0.3354808132754404], [0.3950111152548456, 0.16663393328318388, 0.2327751167866494, 0.20557983467532098], [0.029528964418360195, 0.16269563117964433, 0.54173737055983, 0.2660380338421657], [0.10665190917916482, 0.6267933357410587, 0.0763328430805928, 0.1902219119991836], [0.020032592460873515, 0.0698389029936854, 0.1773663418699515, 0.7327621626754894], [0.8069851524612635, 0.0938011452045226, 0.04664705472624539, 0.052566647607968586], [0.04635026666921079, 0.2856857570335117, 0.3134925242598221, 0.3544714520374552], [0.11329731545888173, 0.13636573090200738, 0.4459306823479088, 0.30440627129120207], [0.4842839886489213, 0.08705091302250062, 0.06222659742784277, 0.36643850090073543], [0.4509296796627838, 0.25079745954738875, 0.11234389193911785, 0.1859289688507097], [0.037151770247553124, 0.5508518239264919, 0.21933195842301767, 0.19266444740293717], [0.33069572036199585, 0.45729691497083885, 0.08128381964324778, 0.13072354502391742], [0.209749626379044, 0.15880329428224585, 0.34898887534139067, 0.2824582039973194], [0.538160895126073, 0.07887561086141827, 0.007957057505563898, 0.37500643650694515], [0.03844690894987923, 0.2214044053321116, 0.19053679279871297, 0.549611892919296], [0.752253829227839, 0.06560085797224585, 0.10328701475486927, 0.07885829804504581], [0.326530142428663, 0.5586095749174036, 0.021767439137107818, 0.09309284351682587], [0.42175771151748503, 0.08904606003090769, 0.4023666571610975, 0.08682957129050993], [0.41040347016641643, 0.1547003864336011, 0.005607954660422528, 0.42928818873956004], [0.8815406722162946, 0.04055107411678185, 0.032365162769800546, 0.045543090897123044], [0.16904325858625874, 0.38719526952969385, 0.09101578332461262, 0.35274568855943483], [0.16879211235275815, 0.35717108815269544, 0.17557375320297522, 0.29846304629157117], [0.5285910916264135, 0.20511432480101838, 0.04022689473986325, 0.22606768883270534], [0.1348580176992777, 0.358132520447461, 0.03823791949556347, 0.4687715423576978], [0.03324171314329776, 0.21883552878483462, 0.7091953104832055, 0.03872744758866227], [0.02140218797066496, 0.9448883411993455, 0.007630042122406611, 0.026079428707582654], [0.03693889880967082, 0.1787692190082283, 0.21303838540580136, 0.5712534967762994], [0.46565845744367496, 0.2008644910961811, 0.28720400295598364, 0.04627304850416011], [0.0668115100853487, 0.08420363397089171, 0.028184396113500335, 0.8208004598302592], [0.2911129313149335, 0.06621916363756859, 0.04594292402644366, 0.596724981021054], [0.02310211098055024, 0.006499988927380826, 0.02160907118376632, 0.9487888289083025], [0.07243434991476676, 0.11487905148416191, 0.37321593324957425, 0.43947066535149704], [0.6323543479640124, 0.10489503884042033, 0.14668662809680388, 0.11606398509876337], [0.5152437688867645, 0.2539737097523933, 0.047757717387690635, 0.18302480397315146], [0.21519174055087084, 0.22988487382557013, 0.059881749971200215, 0.49504163565235904], [0.041795983647018954, 0.714347579120602, 0.0795897345807666, 0.16426670265161228], [0.6011379633356378, 0.08126129723358856, 0.010158253284640798, 0.3074424861461324], [0.6603056053827461, 0.12222646354859529, 0.012862036641082012, 0.20460589442757643], [0.018095836665881517, 0.505590880739702, 0.03757449947275804, 0.43873878312165837], [0.5471971301301628, 0.13934905712887508, 0.039014585764372514, 0.2744392269765894], [0.4396626701622677, 0.22017491834694344, 0.04962871297447836, 0.29053369851631095], [0.5022185890977787, 0.40180306352866657, 0.021842215795203162, 0.07413613157835151], [0.22973878111017043, 0.37618883868746167, 0.06364892073748979, 0.33042345946487844], [0.3608600232579762, 0.04489687786826249, 0.45640366184196735, 0.13783943703179377], [0.33466115025178167, 0.30890088881323724, 0.022404093857502753, 0.3340338670774781], [0.49610315615572914, 0.13043546171521114, 0.02152700314527097, 0.3519343789837888], [0.25910153302391725, 0.1006977532244028, 0.014649746294159608, 0.6255509674575204], [0.14350715035492662, 0.08396609863647274, 0.02638972955733253, 0.7461370214512683], [0.3225843692065482, 0.3148083083086745, 0.0062715404038176, 0.3563357820809599], [0.5678067384502853, 0.07954122635450243, 0.26707382113615374, 0.08557821405905847], [0.21972412590328283, 0.09663125124000471, 0.5133413592472011, 0.17030326360951106], [0.07247566468920064, 0.5785913406893277, 0.06283975287182605, 0.28609324174964557], [0.02901962025411183, 0.13460118643320307, 0.15744786176273692, 0.6789313315499478], [0.4206752474458019, 0.20628451007610984, 0.07081682376867343, 0.30222341870941466], [0.134749742737335, 0.4044484364189651, 0.007981332521137082, 0.4528204883225629], [0.24708602370578292, 0.2415040383289468, 0.08325400363536743, 0.4281559343299029], [0.6426343213754946, 0.02049591987614963, 0.03569908267230635, 0.3011706760760494], [0.15749424703717196, 0.0919823814011536, 0.14376936490401013, 0.6067540066576644], [0.0899959690806833, 0.06411320655073247, 0.010311426169742403, 0.8355793981988416], [0.11752517338002862, 0.3405555243144123, 0.036073997705852415, 0.5058453045997067], [0.36752280363616574, 0.08663732486214593, 0.008666319478460563, 0.5371735520232279], [0.2520401717866671, 0.05106643954667152, 0.0047066573173608845, 0.6921867313493004], [0.1958448974803493, 0.44187975688135717, 0.2544356939505457, 0.10783965168774792], [0.5327453253086946, 0.19854668100483294, 0.22296426281345108, 0.04574373087302131], [0.1534207336046386, 0.47561953969624804, 0.0074275532744334976, 0.36353217342468025], [0.07117748426505233, 0.593374689601055, 0.0357326337086853, 0.2997151924252074], [0.8419398256254753, 0.04238103049541638, 0.033582568309921124, 0.08209657556918708], [0.10887674423099815, 0.22834086370840428, 0.04994350129315968, 0.6128388907674378], [0.4318564794331672, 0.15208489973181047, 0.010757260795008125, 0.4053013600400143], [0.24384961441158023, 0.2896762491581633, 0.008300510942229722, 0.4581736254880266], [0.5503251378305509, 0.36675448939776367, 0.022658353497249498, 0.06026201927443586], [0.06391998889419459, 0.5444233492154179, 0.04036105422936374, 0.35129560766102363], [0.5086955714265212, 0.27788465007412505, 0.11874041127910397, 0.09467936722024983], [0.1614966775940365, 0.25469123992417064, 0.4147014467076822, 0.16911063577411073], [0.38886542453329925, 0.04299904111133063, 0.00759166199776202, 0.560543872357608], [0.04754870072862738, 0.11265638705956206, 0.09491750311316671, 0.7448774090986438], [0.7488483669993232, 0.05826955424971709, 0.08074886456919154, 0.11213321418176782], [0.4102078796541558, 0.29206961888403976, 0.018232807969231383, 0.2794896934925732], [0.41956350344829835, 0.04677911376825193, 0.006222627198790538, 0.5274347555846594], [0.2576475339676885, 0.029152129829516035, 0.2866262574502919, 0.4265740787525033], [0.12047632399116098, 0.5523869083830847, 0.2849868419682201, 0.0421499256575342], [0.21290613397876076, 0.03220296420869229, 0.7287518074494901, 0.02613909436305688], [0.7183188902955759, 0.16647284310768767, 0.018021360803560708, 0.09718690579317585], [0.49968349538833173, 0.11071806960375846, 0.12081205043946819, 0.26878638456844167], [0.10286057779494653, 0.4172468338580691, 0.13850707082388017, 0.3413855175231041], [0.2447871544479111, 0.556931793580997, 0.017889274850255526, 0.18039177712083612], [0.6484813145258839, 0.18521914505563758, 0.01836020476041681, 0.14793933565806183], [0.714480081071449, 0.05727139656858701, 0.00887868965448026, 0.21936983270548366], [0.1339580027869438, 0.3933867764159678, 0.32710146307971083, 0.14555375771737777], [0.31554148219288963, 0.27873080618815643, 0.042620011388226346, 0.3631077002307274], [0.11621825525874574, 0.7502990756760434, 0.038471433437860636, 0.09501123562735053], [0.4798436649009781, 0.3657623844753464, 0.016662340483975226, 0.13773161013970034], [0.03424227102057118, 0.1194803762876705, 0.08354623925562041, 0.7627311134361382], [0.051820823875318396, 0.5579414151096629, 0.07576029693300017, 0.3144774640820186], [0.050127385176067754, 0.3023808397350778, 0.14927809861394617, 0.49821367647490844], [0.05333458419727122, 0.6485301639424217, 0.03770029008649483, 0.2604349617738123], [0.01081406532197915, 0.6093850391089971, 0.050099687547682015, 0.32970120802134156], [0.3457739897983313, 0.2142052150551112, 0.11226019218143081, 0.32776060296512644]]}}