{"test": {"ids": ["109116441", "113119120", "109118701", "109117150", "103111990", "98111620", "108117451", "109119460", "111117000", "108113760", "109117630", "100113210", "113122430", "110117110", "102111990", "98109311", "104111880", "113119450", "100109910", "108115570", "110118740", "97106000", "103111540", "103113260", "110121450", "97105960", "104111620", "112119950", "109115070", "108116120", "101110200", "113121680", "102112170", "109117080", "104114410", "111116990", "110116170", "111115770", "110120540", "113121810", "104114740", "102113350", "112118701", "101109370", "100110260", "105116501", "110114720", "112119580", "101119591", "103109021", "104113240", "112120640", "103110760", "97105451", "97107681", "97112300", "106117770", "111114171", "112120700", "101111310", "109121410", "101111620", "110120700", "113120591", "97107920", "109118820", "99108080", "111119430", "112119980", "110116300", "105113330", "100111080", "112118421", "112118511", "108113740", "99111620", "109120621", "105118171", "98116940", "111119300", "112118550", "109117271", "101114020", "97116401", "103111170", "104117200", "104119340", "108113700", "98110680", "113121220", "101112690", "111119580", "113120780", "98121790", "99109161", "98107410", "110120531", "111114321", "106118820", "108120060", "105111990", "107118520", "101108500", "104110960", "111119930", "110117500", "98107010", "107121640", "107114321", "98112170", "111120640", "112121360", "111115620", "99109740", "105116441", "107119950", "113120540", "97106820", "101115190", "97106600", "112117461", "108118520", "100108580", "104111780", "112118471", "102116500", "109116930", "102113210", "106119990", "98113881", "97106770", "103113101", "101108121", "105116650", "113122120", "110114321", "110121170", "104112470", "111121220", "109113931", "99109780", "103120290"], "labels": [3, 3, 3, 2, 2, 3, 2, 1, 0, 1, 0, 0, 2, 0, 2, 1, 3, 3, 2, 3, 3, 0, 1, 3, 3, 2, 0, 0, 0, 1, 2, 1, 3, 1, 1, 0, 0, 3, 1, 2, 2, 3, 0, 1, 3, 1, 3, 3, 0, 0, 2, 0, 1, 0, 3, 2, 0, 3, 2, 3, 0, 3, 2, 0, 0, 3, 3, 3, 0, 3, 3, 0, 3, 1, 3, 3, 1, 3, 2, 1, 3, 0, 3, 3, 2, 3, 1, 0, 2, 3, 1, 3, 0, 2, 3, 3, 0, 1, 3, 1, 2, 2, 3, 2, 1, 1, 3, 1, 0, 3, 0, 3, 1, 3, 1, 3, 3, 1, 1, 3, 0, 0, 0, 3, 1, 1, 0, 3, 0, 3, 3, 3, 0, 1, 1, 1, 2, 1, 3, 1, 2, 2], "predicted_labels": [0, 3, 1, 1, 1, 1, 3, 1, 3, 1, 0, 1, 1, 1, 1, 1, 3, 0, 0, 1, 0, 2, 0, 1, 3, 3, 0, 0, 1, 0, 1, 1, 0, 1, 1, 0, 1, 0, 1, 2, 1, 1, 3, 2, 0, 1, 1, 0, 3, 0, 1, 0, 3, 1, 0, 0, 3, 3, 3, 0, 3, 0, 3, 3, 0, 1, 1, 1, 1, 1, 3, 1, 3, 1, 3, 1, 3, 0, 1, 1, 1, 3, 1, 1, 0, 1, 1, 3, 1, 3, 3, 0, 3, 0, 1, 0, 0, 1, 1, 0, 1, 1, 1, 3, 1, 1, 1, 1, 1, 0, 3, 1, 3, 1, 1, 1, 1, 1, 0, 0, 3, 0, 0, 1, 0, 1, 0, 1, 3, 1, 2, 1, 0, 1, 1, 1, 3, 1, 1, 3, 1, 1], "confidence_scores": [[0.7108926651215869, 0.06411040776941178, 0.0005419551596947298, 0.22445497194930647], [0.15428368603735032, 0.1597382451915024, 0.02509005981666685, 0.6608880089544803], [0.11282903365829212, 0.5490904434916701, 0.09664501854627143, 0.24143550430376623], [0.06236017979306964, 0.623163736805494, 0.17404364935368097, 0.14043243404775563], [0.38612721357213287, 0.3223396810918239, 0.08332617347734965, 0.20820693185869407], [0.015467734060128505, 0.5095329645492338, 0.4289808697319752, 0.046018431658662554], [0.3167941909430713, 0.14130451505478347, 0.023932154257592944, 0.5179691397445524], [0.2477571605025184, 0.3550486945473833, 0.14139399944204903, 0.2558001455080493], [0.10783625876100891, 0.31027981584432135, 0.1278986664952007, 0.4539852588994693], [0.2228278968592137, 0.381321665315369, 0.3334492840398719, 0.06240115378554532], [0.41212628627152137, 0.284889128990089, 0.012418691908859176, 0.2905658928295305], [0.14143490440478435, 0.6458201576250105, 0.05617794445088937, 0.15656699351931586], [0.050016413893098265, 0.7650699889846596, 0.07237930282498477, 0.11253429429725743], [0.11834535210043431, 0.7592026726695129, 0.02947583291914005, 0.09297614231091296], [0.33138622648252336, 0.3467565493583874, 0.18203847654742195, 0.1398187476116677], [0.2531056787106921, 0.5725698441353982, 0.0832811670935557, 0.0910433100603541], [0.029396325640281107, 0.26569085280969984, 0.2741840751349282, 0.4307287464150909], [0.4792465074701292, 0.17852984827355386, 0.06730189157070209, 0.2749217526856147], [0.3111075091873255, 0.1178460310226627, 0.31745189236312293, 0.25359456742688874], [0.03335984651826921, 0.3956126647017058, 0.23638067801629808, 0.33464681076372665], [0.5241516721475964, 0.11419519882709737, 0.050601057883300604, 0.3110520711420056], [0.1037602314434481, 0.03688813314976105, 0.8040391834703735, 0.05531245193641767], [0.5123518760800194, 0.1817923531785337, 0.08445851810696813, 0.22139725263447876], [0.14071071680517372, 0.39763708895303596, 0.21591033752139505, 0.24574185672039509], [0.14354268908826334, 0.3080521999068359, 0.0020949763355465165, 0.5463101346693544], [0.270710623349982, 0.156453616348794, 0.17159245344773344, 0.4012433068534906], [0.731905120043432, 0.16501111200782784, 0.0005347740374556569, 0.10254899391128464], [0.7363562856980655, 0.011167625197222444, 0.017224855212055256, 0.2352512338926566], [0.21054941034348634, 0.7220254948270824, 0.023226317401086084, 0.04419877742834521], [0.8531903019208253, 0.04324520771754897, 0.025251962038065363, 0.07831252832356035], [0.07975799873549994, 0.7005305531466365, 0.04359895741547849, 0.1761124907023853], [0.08678270856897066, 0.290564835717714, 0.40416321845598996, 0.2184892372573255], [0.5890986419589465, 0.0817843064171162, 0.0902989838279615, 0.238818067795976], [0.0058777284912562445, 0.9503127374517194, 0.0102235747285036, 0.033585959328520744], [0.24777292189881645, 0.289017820900277, 0.23888055074844255, 0.2243287064524639], [0.6749882720867059, 0.10510441782986063, 0.046075972057563204, 0.17383133802587078], [0.3972261416728508, 0.2836626157863624, 0.06653464153053262, 0.2525766010102544], [0.6766251927437332, 0.10433521805795636, 0.010308958108220655, 0.20873063109008963], [0.1584881771372956, 0.5143437727501867, 0.23583328100385959, 0.09133476910865854], [0.09350654180148749, 0.11780173313745418, 0.6435882289296798, 0.1451034961313787], [0.09264005257434679, 0.587153841260263, 0.09767740362700156, 0.22252870253838877], [0.11821698106871809, 0.25858764539392176, 0.39855135418019644, 0.22464401935716366], [0.06555753801273312, 0.18076260659326907, 0.002475544317486123, 0.7512043110765116], [0.05992089524546328, 0.050468687030247, 0.8682976063921534, 0.021312811332136278], [0.8641025057818504, 0.0494955282994926, 0.009204255275157256, 0.07719771064349984], [0.26790941829131065, 0.4620823425980467, 0.04305934060590898, 0.22694889850473368], [0.10034775194950347, 0.5062165295995212, 0.19795657057838428, 0.19547914787259116], [0.8114382776615444, 0.031399221672008086, 0.07073533005466946, 0.0864271706117782], [0.3117248505411486, 0.06527997030230437, 0.029659204452254288, 0.5933359747042927], [0.493640818556687, 0.13433415007074404, 0.14515282267778196, 0.22687220869478694], [0.07704222949825136, 0.8093750895880228, 0.04289224440952932, 0.07069043650419692], [0.8536660225436368, 0.06751270386781129, 0.003897182041811775, 0.07492409154674029], [0.304988922112961, 0.15655749932693486, 0.14326493317834227, 0.39518864538176174], [0.20404805411989407, 0.5307151058816064, 0.04616802006069657, 0.21906881993780322], [0.5526820117457719, 0.22737614658619018, 0.13429173817163492, 0.08565010349640319], [0.3839147523854986, 0.16447184083329644, 0.2809270984481117, 0.17068630833309337], [0.26216620381518274, 0.19593901610843287, 0.25409037393182277, 0.28780440614456176], [0.3157820377046737, 0.15732529674545445, 0.025952586856562106, 0.5009400786933098], [0.10643623022893124, 0.3679737794442469, 0.012826565975057639, 0.5127634243517641], [0.4985837279895227, 0.15779838296676685, 0.2600066427325115, 0.08361124631119873], [0.04384220648239744, 0.31140740655502686, 0.034307272227940805, 0.6104431147346351], [0.5952826558888922, 0.3012879378478052, 0.07046201428362306, 0.03296739197967944], [0.09467648395751097, 0.12964905780179037, 0.030680236332410717, 0.7449942219082882], [0.21093311834723916, 0.07321083461776183, 0.3106812342047242, 0.40517481283027507], [0.9666042061046286, 0.009184981774248362, 0.005337550819796033, 0.018873261301326955], [0.30557573571643165, 0.468990329375174, 0.016964597720211676, 0.20846933718818225], [0.4486698757899436, 0.26898766345378494, 0.09265522645378894, 0.18968723430248247], [0.07397797376534665, 0.43646335932536395, 0.043709590366427596, 0.4458490765428617], [0.22811745300588518, 0.6227845321722554, 0.045348281564317396, 0.10374973325754173], [0.2712747293603421, 0.31634987264571374, 0.04602584565518755, 0.36634955233875677], [0.32395616817978884, 0.22401162571847, 0.02017473729722652, 0.43185746880451437], [0.0872667490392687, 0.508386623958556, 0.3676289654251765, 0.03671766157699895], [0.14399703209946127, 0.12420284494712444, 0.01674366704784966, 0.7150564559055644], [0.15095904260703705, 0.4344178613163438, 0.2118083557690786, 0.2028147403075406], [0.3753197486720589, 0.20466124270828795, 0.03728930546172239, 0.38272970315793087], [0.20100076252300808, 0.5194880462832945, 0.24958669026939412, 0.0299245009243033], [0.10532464425583075, 0.19852492337318536, 0.0346367244300653, 0.6615137079409188], [0.6072357475044684, 0.1788481516862578, 0.014189491755613263, 0.1997266090536607], [0.12206508294661537, 0.6114696832819991, 0.13789012807307877, 0.12857510569830682], [0.04973174256976917, 0.7543304599203084, 0.0859077902524098, 0.11003000725751251], [0.3480513729626639, 0.3059065385530285, 0.020732045247196445, 0.3253100432371111], [0.175848769734129, 0.3197742908766078, 0.03708281417290669, 0.467294125216357], [0.35512675110496283, 0.3271937038620791, 0.04478682215388562, 0.2728927228790727], [0.11209771216802145, 0.6399284445030163, 0.18093402315942003, 0.06703982016954205], [0.8817816985288709, 0.08941030095985376, 0.010220886382717226, 0.018587114128557892], [0.3112970754223887, 0.5396396613259509, 0.019951048638630658, 0.12911221461302994], [0.042489876375192075, 0.5255192275545683, 0.06326096360589896, 0.3687299324643406], [0.21515202947120965, 0.28593055040744186, 0.05299790986214889, 0.44591951025919935], [0.08258448885223887, 0.19718524023883063, 0.712812382714234, 0.007417888194696038], [0.33387144282055725, 0.18151457026941592, 0.09138014061710736, 0.3932338462929198], [0.19133656728215745, 0.11432576675382633, 0.03492748715303794, 0.6594101788109783], [0.7559918776799933, 0.09039119619053103, 0.004406569669128169, 0.14921035646034728], [0.2247177819991439, 0.1721579654634354, 0.04031748871165587, 0.5628067638257648], [0.464180068306184, 0.26826847332265374, 0.14648989300342116, 0.12106156536774121], [0.3602207876475077, 0.4391138029260625, 0.10438604595529226, 0.09627936347113755], [0.6596299784041579, 0.05667155574782139, 0.06302599261592402, 0.22067247323209677], [0.6349197383592946, 0.2337598014203403, 0.007155098409373817, 0.1241653618109911], [0.21396791122707953, 0.4916986105302021, 0.07714488865903929, 0.21718858958367918], [0.02282068580568674, 0.4663668873175499, 0.03914744290985837, 0.4716649839669053], [0.5297132938203541, 0.19950924887558585, 0.12047008441155918, 0.1503073728925007], [0.16292130308228275, 0.37141488295400765, 0.21606932885360083, 0.2495944851101086], [0.20895201605320873, 0.6552071789584657, 0.035956421669481646, 0.09988438331884399], [0.0509273402402523, 0.22635147741152203, 0.5821200653842722, 0.14060111696395347], [0.1046263490013642, 0.22861065487743756, 0.22484844528179868, 0.4419145508393996], [0.21606358839138884, 0.35385671031922067, 0.08179713742411994, 0.3482825638652706], [0.4046552095805271, 0.40356973186476724, 0.02475325009179844, 0.16702180846290715], [0.2907749022995309, 0.2080279390536876, 0.34019485242566205, 0.16100230622111955], [0.07458592560177926, 0.30490042960382757, 0.34433550487886233, 0.27617813991553075], [0.3276311964715344, 0.4090865143609538, 0.006167185110175874, 0.2571151040573361], [0.8590030561815083, 0.011070474258002873, 0.04621381963812714, 0.08371264992236159], [0.2676898262648592, 0.19561046919296932, 0.2253502314361641, 0.31134947310600736], [0.347244789227066, 0.2968457065382181, 0.10236437651336702, 0.2535451277213487], [0.16897309678986197, 0.26510698754798245, 0.10680571397123063, 0.4591142016909247], [0.11054055625641357, 0.27026162271352755, 0.506656167953919, 0.11254165307613959], [0.22041017059526796, 0.49440184077276417, 0.045803169620120716, 0.23938481901184708], [0.3880557076337209, 0.38023055525439936, 0.008276442335297183, 0.22343729477658253], [0.24159074063398397, 0.4494934360366471, 0.10464781811144663, 0.20426800521792238], [0.3620081324885326, 0.4132543542992047, 0.12672566191549772, 0.09801185129676537], [0.4202350095407374, 0.2348637287179926, 0.1829638376526576, 0.1619374240886124], [0.4934511683106439, 0.26521037649179285, 0.06537882957573546, 0.17595962562182765], [0.3093857380073237, 0.11310198233716508, 0.02827833448861872, 0.5492339451668922], [0.8461122720628728, 0.12516537791605312, 0.009475125704307018, 0.019247224316766814], [0.49162689662590514, 0.23190719271378263, 0.19567209145718184, 0.08079381920313052], [0.24620984954531425, 0.7211687129092117, 0.013210716754525191, 0.01941072079094905], [0.3950660189047583, 0.1908440548125373, 0.22076764586250314, 0.19332228042020125], [0.24781318274451652, 0.39214383616234305, 0.24423395627382616, 0.11580902481931414], [0.7990282761199825, 0.14313770604908735, 0.002909278786905275, 0.05492473904402484], [0.08224724957665325, 0.47038586526127674, 0.07849942786549131, 0.3688674572965786], [0.2859028631649397, 0.1772576766216874, 0.21735765178520747, 0.31948180842816554], [0.1301395039796773, 0.4494146831070409, 0.24921860158216264, 0.17122721133111912], [0.2672437320243163, 0.058161457067645854, 0.5832184245934807, 0.09137638631455705], [0.24214143763878193, 0.40271045887302254, 0.09794923084529364, 0.2571988726429017], [0.8549102918031684, 0.06652327363810086, 0.026660793340164385, 0.05190564121856639], [0.015917985641093764, 0.4412433971298294, 0.4608102805207437, 0.08202833670833323], [0.1015626139624328, 0.6571117258459594, 0.036733705376165784, 0.2045919548154419], [0.20331382123818284, 0.4030492321434779, 0.030311851823105553, 0.3633250947952337], [0.1420717304119381, 0.24677557671292163, 0.07125754156694655, 0.5398951513081938], [0.08701462888611389, 0.7644273957040337, 0.04611870779484516, 0.10243926761500727], [0.08768384209158792, 0.6984854120533087, 0.023661439894883157, 0.19016930596022016], [0.09709908236183655, 0.29532837508230236, 0.21115200950940954, 0.3964205330464517], [0.10752885549677328, 0.25135913984287134, 0.590125666872104, 0.0509863377882519], [0.14484306537555752, 0.23352328742092382, 0.4354303405461358, 0.18620330665738316]]}, "rewritten": {"ids": ["97105451", "97105960", "97106000", "97106600", "97106770", "97106820", "97107681", "97107920", "97112300", "97116401", "98107010", "98107410", "98109311", "98110680", "98111620", "98112170", "98113881", "98116940", "98121790", "99108080", "99109161", "99109740", "99109780", "99111620", "100108580", "100109910", "100110260", "100111080", "100113210", "101108121", "101108500", "101109370", "101110200", "101111310", "101111620", "101112690", "101114020", "101115190", "101119591", "102111990", "102112170", "102113210", "102113350", "102116500", "103109021", "103110760", "103111170", "103111540", "103111990", "103113101", "103113260", "103120290", "104110960", "104111620", "104111780", "104111880", "104112470", "104113240", "104114410", "104114740", "104117200", "104119340", "105111990", "105113330", "105116441", "105116501", "105116650", "105118171", "106117770", "106118820", "106119990", "107114321", "107118520", "107119950", "107121640", "108113700", "108113740", "108113760", "108115570", "108116120", "108117451", "108118520", "108120060", "109113931", "109115070", "109116441", "109116930", "109117080", "109117150", "109117271", "109117630", "109118701", "109118820", "109119460", "109120621", "109121410", "110114321", "110114720", "110116170", "110116300", "110117110", "110117500", "110118740", "110120531", "110120540", "110120700", "110121170", "110121450", "111114171", "111114321", "111115620", "111115770", "111116990", "111117000", "111119300", "111119430", "111119580", "111119930", "111120640", "111121220", "112117461", "112118421", "112118471", "112118511", "112118550", "112118701", "112119580", "112119950", "112119980", "112120640", "112120700", "112121360", "113119120", "113119450", "113120540", "113120591", "113120780", "113121220", "113121680", "113121810", "113122120", "113122430"], "labels": [0, 2, 0, 3, 3, 1, 3, 0, 2, 3, 3, 3, 1, 2, 3, 3, 3, 2, 2, 3, 3, 3, 2, 3, 0, 2, 3, 0, 0, 0, 3, 1, 2, 3, 3, 1, 3, 1, 0, 2, 3, 3, 3, 1, 0, 1, 2, 1, 2, 3, 3, 2, 2, 0, 3, 3, 1, 2, 1, 2, 3, 1, 2, 3, 1, 1, 1, 3, 0, 3, 0, 0, 2, 3, 1, 0, 3, 1, 3, 1, 2, 0, 1, 1, 0, 3, 0, 1, 2, 0, 0, 3, 3, 1, 1, 0, 1, 3, 0, 3, 0, 1, 3, 0, 1, 2, 2, 3, 3, 1, 1, 3, 0, 0, 1, 3, 3, 1, 0, 3, 0, 3, 1, 1, 3, 0, 3, 0, 0, 0, 2, 3, 3, 3, 3, 0, 0, 3, 1, 2, 1, 2], "predicted_labels": [1, 1, 2, 2, 1, 1, 0, 0, 0, 1, 2, 0, 1, 1, 1, 0, 0, 3, 1, 0, 1, 1, 2, 2, 0, 0, 0, 0, 1, 1, 1, 2, 3, 0, 3, 3, 1, 0, 3, 3, 0, 1, 2, 2, 0, 3, 0, 3, 1, 1, 1, 1, 2, 3, 1, 1, 3, 1, 1, 1, 3, 1, 3, 1, 2, 1, 1, 1, 3, 1, 1, 3, 1, 1, 1, 3, 3, 2, 1, 0, 1, 0, 1, 3, 1, 0, 0, 1, 1, 0, 0, 1, 0, 1, 3, 1, 1, 0, 0, 3, 1, 1, 1, 0, 2, 3, 3, 3, 0, 1, 1, 0, 0, 3, 1, 1, 3, 3, 2, 1, 0, 3, 1, 1, 0, 1, 0, 0, 1, 0, 3, 3, 3, 1, 1, 3, 3, 3, 1, 1, 1, 1], "confidence_scores": [[0.19789169106625631, 0.5633712785849624, 0.09927239180567554, 0.13946463854310584], [0.3118158830757231, 0.20257808680316228, 0.2785760784556105, 0.207029951665504], [0.040555218489077303, 0.052082669846813846, 0.8976417944329058, 0.009720317231202879], [0.2154068267166429, 0.10688308730935915, 0.6151628267671035, 0.0625472592068945], [0.11499664987625328, 0.23211223388036623, 0.585706593200982, 0.06718452304239848], [0.11939172324926271, 0.44335521927958566, 0.28744468705827425, 0.14980837041287717], [0.4188850766792632, 0.11674180850441346, 0.4346489254836803, 0.029724189332643047], [0.9079305452988481, 0.008797777531624034, 0.022628734193656564, 0.06064294297587149], [0.3258660932072702, 0.1436445581316776, 0.37379100729751036, 0.15669834136354194], [0.06788541395439167, 0.3312149917707836, 0.3138678972481113, 0.28703169702671344], [0.04730348283435499, 0.05011029927003345, 0.7839758288824668, 0.11861038901314465], [0.5813244095270721, 0.15454300330170892, 0.08688781009163175, 0.17724477707958763], [0.34455184678981443, 0.40887338499600984, 0.03142288683581668, 0.21515188137835883], [0.2807121387426136, 0.6166958771236775, 0.08898785525640164, 0.013604128877307225], [0.005643520468864723, 0.6156606869949899, 0.32278875203010243, 0.05590704050604323], [0.9071982015000112, 0.01460970410987183, 0.005786258664915226, 0.07240583572520176], [0.5305869949448256, 0.046749072828994584, 0.06340292907987938, 0.3592610031463004], [0.15950382500707233, 0.23568977448121078, 0.18781504527444062, 0.4169913552372763], [0.3515282243981687, 0.2227685342673869, 0.36423853726849253, 0.06146470406595192], [0.47427087324545864, 0.21476014924838788, 0.12668465110285415, 0.18428432640329923], [0.23834814793607711, 0.5663667828515774, 0.07836566916001775, 0.1169194000523277], [0.06587338020012427, 0.2882167914611014, 0.5501794196857648, 0.0957304086530102], [0.04159990954294841, 0.0993127057321522, 0.7573405103384814, 0.10174687438641791], [0.06633142533052007, 0.07783018747164622, 0.7483012150580962, 0.10753717213973751], [0.5259043009945505, 0.13756719808414763, 0.04092413651805926, 0.2956043644032424], [0.7533556302134974, 0.008784708812453699, 0.1531628795218807, 0.08469678145216848], [0.6445149784649672, 0.27797409204809775, 0.012163570429260653, 0.06534735905767425], [0.4594426903517917, 0.2475871819327133, 0.15190434602473052, 0.1410657816907647], [0.1758159741384218, 0.4324521740144768, 0.06698289982842198, 0.3247489520186794], [0.4981482206006065, 0.44247429193183785, 0.004975431974566646, 0.05440205549298922], [0.037663566711514454, 0.2655134178815444, 0.43204794539832436, 0.2647750700086166], [0.11625348420149505, 0.14712173812430995, 0.6217123551728253, 0.11491242250136985], [0.10092750875026632, 0.09549032396137017, 0.06588351387087499, 0.7376986534174883], [0.3376863507845745, 0.0679193614074988, 0.514356944441467, 0.08003734336645989], [0.1715319332002694, 0.03389863462735008, 0.21994584417921728, 0.5746235879931632], [0.06596225500661304, 0.21520303738359406, 0.15970552848187405, 0.559129179127919], [0.31994780722036426, 0.40041197962994624, 0.07761193210248996, 0.20202828104719966], [0.4680828414130637, 0.1341150432745858, 0.3490827997850339, 0.048719315527316384], [0.10859408032534544, 0.16372066720694237, 0.025411991500022872, 0.7022732609676893], [0.3419302965058448, 0.0659466264063423, 0.01566307554295765, 0.5764600015448552], [0.5468142868582591, 0.009703046986562004, 0.01623662074615501, 0.4272460454090243], [0.22407235274788134, 0.2718333293125245, 0.34056740222712506, 0.1635269157124688], [0.07999010152651077, 0.12176931207765478, 0.6873556951496204, 0.11088489124621426], [0.2000323942877453, 0.08607969314025742, 0.6317182216173053, 0.0821696909546919], [0.34812511786572314, 0.09628650169516711, 0.473084533620408, 0.08250384681870195], [0.10159589804186697, 0.1722934927063103, 0.45120478238056333, 0.27490582687125925], [0.6389227361488897, 0.14289383908373768, 0.0479328879895467, 0.17025053677782565], [0.4454442442364185, 0.08724003819315715, 0.08976709228263509, 0.37754862528778943], [0.1865565412659362, 0.3896600549703778, 0.19490650895467296, 0.22887689480901333], [0.09449345977920673, 0.7017327396722005, 0.04715533874128512, 0.15661846180730774], [0.06890228859475067, 0.5277338799052113, 0.27935320713599304, 0.12401062436404546], [0.11464714682761858, 0.26496269213958323, 0.4726801377241807, 0.14771002330861796], [0.08130997912284907, 0.15764718820046364, 0.6014567492355288, 0.15958608344115865], [0.03437174021504744, 0.007145787755689238, 0.0031867930043337133, 0.9552956790249297], [0.34291826590731045, 0.4340542732375952, 0.09451568733900133, 0.12851177351609303], [0.29436674406247737, 0.2881734453313253, 0.10163813964877161, 0.31582167095742575], [0.2647506129650601, 0.12218835450734496, 0.10314134228424349, 0.5099196902433515], [0.056631591473897486, 0.743344119872211, 0.11171614564897446, 0.08830814300491692], [0.40742019929962275, 0.4341832355813778, 0.0410550398052165, 0.11734152531378317], [0.38173669906943913, 0.24588568976269917, 0.26901909539828434, 0.1033585157695772], [0.11381581569491993, 0.25221970422935946, 0.26990578492706097, 0.3640586951486598], [0.11079770233220501, 0.2958437922948891, 0.22329913744638621, 0.37005936792651956], [0.04816250569409451, 0.34208047744465525, 0.09288887694334837, 0.5168681399179017], [0.3241089242696172, 0.334252442115515, 0.060293343649976135, 0.2813452899648916], [0.1676329986485507, 0.08477023010345196, 0.5653987489208814, 0.18219802232711613], [0.24715432368568072, 0.4466654943065408, 0.0477862042225795, 0.2583939777851992], [0.05853675454030668, 0.49358320047911697, 0.0952192174417837, 0.35266082753879285], [0.25214320541152135, 0.5691681601281433, 0.05438531071448523, 0.1243033237458505], [0.15291592230312556, 0.10999365603778063, 0.36401370952723594, 0.37307671213185795], [0.23645300961125024, 0.5243476893463767, 0.0755038264026932, 0.16369547463967998], [0.22368364525844814, 0.3607079195295734, 0.14169183752398504, 0.27391659768799365], [0.08131313177411036, 0.2638766099325976, 0.003828529651445254, 0.650981728641847], [0.02582881543568233, 0.8989956521693646, 0.025006638717483425, 0.05016889367746955], [0.1591239388564137, 0.3852454674727528, 0.06286531010769358, 0.39276528356314006], [0.08108520724204736, 0.22114133560816054, 0.5227904004862212, 0.17498305666357103], [0.16984628047503525, 0.10579147949091103, 0.4542351876400869, 0.2701270523939669], [0.04376104604841256, 0.047964365252290066, 0.015665667061053226, 0.8926089216382439], [0.06140543162827508, 0.13344175449287707, 0.7249111647087332, 0.08024164917011453], [0.02446451978102068, 0.3991107538427084, 0.4441529788183312, 0.13227174755793963], [0.8310725038576057, 0.031488044806999134, 0.04502381780740083, 0.09241563352799444], [0.30585013091740193, 0.2444407599642835, 0.14119815426944404, 0.30851095484887037], [0.6970035471713872, 0.22808186311754447, 0.026773207969291814, 0.04814138174177627], [0.2998083630591721, 0.4913113094592404, 0.16512574062355342, 0.04375458685803393], [0.056483970354391545, 0.29808272531821056, 0.10731343249944877, 0.5381198718279491], [0.3187996479446792, 0.6100837046441077, 0.03678518443111014, 0.034331462980103006], [0.572312908581675, 0.19283145082538686, 0.0008719391097113457, 0.2339837014832266], [0.8352023105381146, 0.13477127975105174, 0.0019920933050353393, 0.028034316405798374], [0.10837634015026368, 0.8122164853508121, 0.016264689224495817, 0.06314248527442849], [0.08153124921610512, 0.2532000566230828, 0.5802558391500025, 0.08501285501080968], [0.47415498937665973, 0.2120548940746191, 0.03395311028743814, 0.2798370062612828], [0.6224993926279747, 0.26371238713572615, 0.042089922154126276, 0.07169829808217297], [0.2029612085029576, 0.696218667856563, 0.04719827616641951, 0.05362184747405969], [0.5171984730560149, 0.20833227133009896, 0.01779889252845462, 0.2566703630854313], [0.042612515176835356, 0.6367686357546417, 0.16562837525404275, 0.15499047381448033], [0.4214452309833757, 0.10141943226546493, 0.03077376552364155, 0.4463615712275177], [0.06087754248675905, 0.31426401727740083, 0.2688619567017959, 0.3559964835340445], [0.05172587207533402, 0.41708324594470836, 0.020254886094747803, 0.5109359958852094], [0.5584745074170551, 0.020151364854160338, 0.24180192099610884, 0.17957220673267582], [0.5231947595863901, 0.2188126859112378, 0.02478996028866947, 0.23320259421370257], [0.05161113195086406, 0.2162600540983118, 0.23801383657494213, 0.49411497737588206], [0.31131348662149566, 0.5745755883166241, 0.0490923721004492, 0.06501855296143101], [0.1087464833539172, 0.42186194448897046, 0.22465935988580457, 0.2447322122713078], [0.34626307813534507, 0.25028768596480994, 0.1113005663458482, 0.292148669553997], [0.8068758675985963, 0.07564413790825257, 0.0008566892366670041, 0.1166233052564843], [0.03223271913574355, 0.03428826269223138, 0.8915989528332535, 0.04188006533877175], [0.13882128098763677, 0.12652499824010335, 0.12926176391572794, 0.6053919568565318], [0.07122683189757843, 0.050244753589969854, 0.6078895399172045, 0.2706388745952474], [0.30095519229232337, 0.2651083662020841, 0.006656368560703844, 0.4272800729448888], [0.6315174818432929, 0.22258531154438488, 0.022414179681473644, 0.1234830269308485], [0.3012074087692215, 0.33072504892134086, 0.09519843576655329, 0.272869106542884], [0.029198869839496842, 0.1715457074398369, 0.5706459002995337, 0.22860952242113278], [0.9611962056946172, 0.02013204189445247, 0.0041144646827428345, 0.014557287728187407], [0.7069022793232236, 0.07309787054273283, 0.10526066880676846, 0.11473918132727516], [0.06616621644066442, 0.16636859933658368, 0.30479869338605825, 0.46266649083669364], [0.05268864243570777, 0.6706819428455645, 0.03623841062499078, 0.24039100409373668], [0.23524569231986192, 0.3930092004287811, 0.06143725930021049, 0.3103078479511466], [0.28485594126214486, 0.1048002647929683, 0.12386750928755703, 0.48647628465733], [0.06576281443024665, 0.3247711443689162, 0.06261944741776408, 0.5468465937830729], [0.03129599324105188, 0.017151111892192178, 0.9266661807855633, 0.024886714081192404], [0.12651533239868856, 0.7378845274739059, 0.00931691813611218, 0.12628322199129272], [0.7950561972254145, 0.03466674157807975, 0.003842949849457129, 0.16643411134704875], [0.2690847568234226, 0.1833090248118637, 0.026521537092437257, 0.5210846812722764], [0.5179720073582875, 0.3283119175604334, 0.07197176273963035, 0.08174431234164879], [0.3245525668231864, 0.5725107234339758, 0.04550515008476032, 0.05743155965807748], [0.6889831599977918, 0.1570822842169095, 0.05487826946930148, 0.09905628631599729], [0.3461456283788285, 0.35083884429648876, 0.04200459268783124, 0.2610109346368515], [0.4667972757753391, 0.16487115679483108, 0.23156695392321947, 0.13676461350661026], [0.869187623101295, 0.008087109416581006, 0.02440430486085888, 0.0983209626212651], [0.10433581690878561, 0.7718984343672671, 0.0671668901737822, 0.056598858550164895], [0.8973962596582538, 0.06327125068880289, 0.006873311486318767, 0.03245917816662447], [0.07069736700135859, 0.15399778301341963, 0.2221260040274786, 0.5531788459577431], [0.3895996215448984, 0.1621696981877705, 0.015733942600931083, 0.4324967376664], [0.07585481163954157, 0.2032204840082846, 0.053463683839606584, 0.6674610205125668], [0.2099309266360877, 0.47130448229492905, 0.034762219329467686, 0.2840023717395155], [0.0851657569307544, 0.7432306374545311, 0.048840381642868844, 0.12276322397184564], [0.2758845353313318, 0.08711152419040408, 0.12719932300523515, 0.509804617473029], [0.22978005368911456, 0.09783583953078977, 0.05982668445476599, 0.6125574223253294], [0.16610839356590945, 0.24877089052714527, 0.08431120564756443, 0.5008095102593805], [0.14126848327379252, 0.25125570153696725, 0.39242535795027905, 0.21505045723896118], [0.057409223065748534, 0.19125164494612415, 0.6675082667557659, 0.08383086523236144], [0.08111821468277478, 0.4250369385218753, 0.05859902214751801, 0.43524582464783185], [0.09618318825779357, 0.5809787132512807, 0.07610866054030416, 0.24672943795062152]]}}