{"test": {"ids": ["104116800", "105121370", "100108990", "99108000", "106116850", "98111670", "112119580", "108116481", "113120640", "106115240", "104119290", "106113830", "104111990", "110114651", "109117431", "113119340", "103111170", "101115190", "111120190", "112118550", "106111321", "113120260", "102113981", "108117451", "104114240", "97107681", "104111780", "107120130", "112116290", "113118231", "113119700", "102112250", "101108950", "104116441", "97112290", "105113330", "97114170", "110114561", "113122120", "107121640", "113122160", "103113270", "110115710", "103109641", "112117780", "112118701", "104116980", "107121230", "106121190", "111114121", "110114610", "102109850", "99108310", "110120560", "97116790", "97116410", "97107950", "110121450", "101119030", "104114740", "100110260", "97106600", "104117200", "99109311", "113120280", "111114321", "109116810", "105113620", "107114110", "98112170", "113120780", "105116650", "113117401", "103120780", "100116500", "112119610", "98110680", "108118630", "108113740", "101111140", "100113210", "112121410", "105117200", "108115250", "113121950", "97107821", "110120640", "112119120", "100108580", "103120290", "108119510", "106115120", "109118231", "112118810", "112117461", "110117080", "107114321", "109121640", "105113190", "110120531", "107117630", "105112260", "113119930", "111119300", "110115580", "112118860", "99117630", "108116120", "109113931", "109117150", "111116170", "112117210", "103113260", "113118820", "100109801", "111118810", "111119290", "113118870", "99109910", "105112130", "111121190", "99114890", "108117610", "97105580", "111116750", "108118060", "106118161", "106114150", "107114621", "111115620", "112118930", "112120700", "105117431", "101116130", "98107210", "112119500", "99116500", "97107920", "107113200", "109116170", "111121351", "106112770"], "labels": [1, 2, 2, 2, 3, 1, 3, 0, 0, 1, 1, 1, 2, 3, 1, 0, 2, 1, 3, 3, 0, 3, 1, 2, 0, 3, 3, 2, 0, 3, 0, 0, 2, 1, 1, 3, 2, 0, 1, 1, 3, 2, 2, 1, 0, 0, 1, 0, 2, 0, 1, 1, 2, 0, 2, 3, 2, 3, 3, 2, 3, 3, 3, 1, 0, 1, 3, 0, 1, 3, 0, 1, 3, 1, 2, 0, 2, 1, 3, 2, 0, 0, 3, 1, 3, 2, 0, 1, 0, 2, 1, 1, 1, 3, 0, 1, 0, 0, 3, 0, 0, 3, 1, 1, 1, 3, 3, 1, 1, 2, 0, 1, 3, 0, 0, 0, 3, 0, 2, 1, 1, 2, 3, 1, 3, 1, 3, 1, 0, 1, 1, 2, 1, 2, 1, 2, 2, 0, 0, 0, 0, 1], "predicted_labels": [1, 1, 3, 1, 2, 3, 3, 0, 1, 3, 3, 0, 2, 3, 0, 0, 0, 3, 3, 0, 3, 1, 3, 3, 3, 0, 1, 1, 0, 3, 0, 1, 1, 3, 1, 0, 3, 0, 3, 3, 1, 3, 0, 1, 3, 3, 1, 3, 1, 1, 3, 3, 1, 1, 2, 3, 1, 1, 1, 1, 3, 3, 3, 1, 3, 3, 3, 1, 3, 0, 1, 3, 3, 1, 3, 2, 1, 3, 0, 1, 1, 1, 1, 3, 2, 0, 3, 3, 0, 3, 1, 1, 0, 3, 1, 3, 3, 1, 1, 3, 3, 3, 1, 1, 0, 1, 0, 0, 3, 2, 0, 0, 1, 1, 1, 1, 3, 0, 2, 2, 3, 3, 1, 1, 3, 2, 1, 1, 1, 0, 3, 3, 3, 1, 3, 2, 1, 3, 3, 3, 1, 3], "confidence_scores": [[0.21546670488425299, 0.42664122343207944, 0.18659798532986796, 0.17129408635379959], [0.18423918811729167, 0.5327804671964366, 0.1236206700976783, 0.15935967458859365], [0.10729104097391491, 0.2629031564901497, 0.18137305215942648, 0.448432750376509], [0.09530155890978463, 0.671966335727762, 0.06939879509293904, 0.1633333102695144], [0.1990925183782121, 0.22995983717394408, 0.3218906250499848, 0.24905701939785918], [0.19407064619481115, 0.3174370478285054, 0.148256583280763, 0.3402357226959205], [0.24660250599560407, 0.1609804453051508, 0.24428689128985806, 0.3481301574093871], [0.6819580234093593, 0.20139070100907083, 0.03203318286404949, 0.08461809271752022], [0.2740579345057099, 0.30136871828085177, 0.12856647093922416, 0.29600687627421435], [0.3062144393793149, 0.17510249339511547, 0.12962188270448372, 0.38906118452108596], [0.22223941681840145, 0.2903408903217675, 0.1447640523099177, 0.34265564054991327], [0.44657057047636933, 0.11835003453363403, 0.10991161465219486, 0.32516778033780175], [0.17867482428337841, 0.27335054277958876, 0.31599856385057656, 0.23197606908645632], [0.2612197285420776, 0.2688540629861234, 0.0498642232807048, 0.4200619851910942], [0.36751770900025144, 0.19619991673984624, 0.13550909896450242, 0.3007732752953998], [0.5177253982849359, 0.24435763799184862, 0.04765570409301361, 0.19026125963020185], [0.3142388689198773, 0.24157586422160612, 0.16380405159129302, 0.2803812152672236], [0.12439547691240403, 0.18801451713590792, 0.3388640580948048, 0.3487259478568832], [0.27356097665696755, 0.17728168961014473, 0.15104415144532266, 0.3981131822875652], [0.514186985909119, 0.2549081313506314, 0.06613194957658777, 0.16477293316366187], [0.18457101288494313, 0.2906631157783123, 0.055593863431328217, 0.46917200790541624], [0.220548228144507, 0.40095063007576215, 0.20810425326500775, 0.17039688851472318], [0.2263478290629145, 0.2974186377179903, 0.10363912325996578, 0.3725944099591294], [0.2854610994821394, 0.22745229696358182, 0.0586702794256004, 0.4284163241286784], [0.22608574921937954, 0.17395037397464194, 0.2373364555875972, 0.3626274212183813], [0.3969903103387144, 0.2157095729613085, 0.08395435423601359, 0.3033457624639634], [0.22138923163712879, 0.3797276727207476, 0.1413329363090991, 0.25755015933302466], [0.26495308050507027, 0.32526060492799647, 0.1707492395540216, 0.2390370750129118], [0.3643009382224122, 0.14929891539673432, 0.23166235759284223, 0.2547377887880113], [0.33078717157869575, 0.2456164976628595, 0.0707403683183033, 0.3528559624401415], [0.28903160816087853, 0.28042649427398775, 0.15809001192430414, 0.2724518856408297], [0.1604318990395353, 0.5748277886911902, 0.09484009995575413, 0.16990021231352034], [0.09305164720246908, 0.39507473932221954, 0.23618064981831777, 0.2756929636569936], [0.15308331627498142, 0.3742606714690106, 0.05538891336707005, 0.41726709888893804], [0.25459395018994135, 0.47133270867585036, 0.13606204571351832, 0.13801129542069007], [0.4460835184510088, 0.22580145631162818, 0.06368177736482057, 0.2644332478725426], [0.15218958125492718, 0.21670399757226386, 0.1397431379619572, 0.49136328321085193], [0.39266771725247407, 0.25725918494630906, 0.07388469005297815, 0.27618840774823866], [0.14408185558784142, 0.2805383346033218, 0.13925501936487097, 0.4361247904439657], [0.2360531334998521, 0.20599346250017836, 0.14666192471633677, 0.4112914792836328], [0.13324178066621706, 0.6429874997556658, 0.10663659531364514, 0.11713412426447202], [0.16861779807099664, 0.20136988085153026, 0.29114941019732626, 0.3388629108801468], [0.3325113438630352, 0.17466218589217922, 0.16778023315079427, 0.3250462370939915], [0.2229201203026908, 0.504808031009023, 0.053483660196103226, 0.21878818849218287], [0.19250096057342814, 0.20738432849273694, 0.13111071034906724, 0.4690040005847677], [0.15188265424022612, 0.18009571752492234, 0.04735083016288993, 0.6206707980719617], [0.14418035864608506, 0.5660410619444983, 0.1344471940447382, 0.1553313853646784], [0.11250100347343049, 0.2330821275524898, 0.1913767724135484, 0.4630400965605312], [0.11100572508620284, 0.46315178071140245, 0.1115262601723746, 0.3143162340300202], [0.277054863004537, 0.3359414970905682, 0.08164948718258994, 0.30535415272230493], [0.18168137718316305, 0.31791477839308213, 0.13092335209915248, 0.36948049232460234], [0.1609731587991814, 0.23686958256863253, 0.16481709384005883, 0.43734016479212734], [0.18826628215738883, 0.3725650232941507, 0.2214364917919192, 0.21773220275654137], [0.13365244364170029, 0.35736527738398693, 0.17062005257122165, 0.3383622264030913], [0.18352071955861815, 0.1724433863591903, 0.48272847404309355, 0.16130742003909795], [0.18371996533423132, 0.1985649864583532, 0.22257109105948794, 0.39514395714792766], [0.2204932581881491, 0.3133165532670562, 0.23728229460262765, 0.22890789394216712], [0.07396612353770275, 0.4770912538305359, 0.05768412869068971, 0.3912584939410717], [0.17203580241614408, 0.4324117308176609, 0.15295293188302683, 0.24259953488316793], [0.14376382464280943, 0.38671363385212154, 0.21895003787410042, 0.25057250363096867], [0.3228757343130693, 0.17940593388425893, 0.08181881290960975, 0.41589951889306187], [0.2765708213916662, 0.28436505891368247, 0.12853678463888688, 0.3105273350557646], [0.2651650461777098, 0.2642781132938122, 0.12215635377223635, 0.3484004867562417], [0.20853741555335728, 0.3572402686335155, 0.1435364501761986, 0.2906858656369286], [0.39276781987279924, 0.1054410999543262, 0.04203693708613736, 0.45975414308673723], [0.23004652575334272, 0.27408268335006636, 0.10764363488064961, 0.3882271560159413], [0.31872292128995877, 0.24622583070893167, 0.08792876520337331, 0.3471224827977363], [0.1949236991016234, 0.350544120801118, 0.19476588822209787, 0.25976629187516065], [0.17373744648383038, 0.2601598000743428, 0.1259425860331259, 0.440160167408701], [0.39734202381267125, 0.135543538230891, 0.30166995637083877, 0.16544448158559893], [0.19873999959280192, 0.34325591180505216, 0.16806110307522212, 0.28994298552692366], [0.18284266334405347, 0.1450018044549586, 0.2725904304284069, 0.3995651017725809], [0.29700847872066855, 0.24634908666959965, 0.08206747783615329, 0.3745749567735787], [0.1211830926466122, 0.43469689700995523, 0.2835404273733919, 0.16057958297004074], [0.1685291112658208, 0.2755616580562255, 0.23508752652757564, 0.32082170415037803], [0.07090527911582326, 0.15760126010615094, 0.6251602475193229, 0.14633321325870308], [0.22308728529299734, 0.41239131992230715, 0.18050693984029206, 0.1840144549444036], [0.07806778003315012, 0.12475563387460113, 0.09845120631572774, 0.6987253797765209], [0.530912186396894, 0.14860182151461335, 0.09755832859930905, 0.22292766348918353], [0.29378429419217067, 0.3810910794723105, 0.09702468602834255, 0.22809994030717637], [0.20795078904300188, 0.4105159052908334, 0.15171103143200318, 0.22982227423416168], [0.27790216114587896, 0.29543515497715306, 0.17500092552245444, 0.2516617583545137], [0.32680488756781534, 0.3982196939748761, 0.0888716492107349, 0.18610376924657376], [0.2993580738653436, 0.2449716421192994, 0.1122166344942136, 0.34345364952114343], [0.2442366393321178, 0.07098761956793377, 0.5666994077048555, 0.11807633339509319], [0.4132883115767453, 0.3006761822783215, 0.09474193584969941, 0.19129357029523375], [0.14796418502153866, 0.18308475470105964, 0.08338668413605389, 0.5855643761413478], [0.17545883744341775, 0.3686460548620026, 0.0729069016562563, 0.3829882060383234], [0.39190721615105695, 0.23647836895410218, 0.15090893176433964, 0.22070548313050123], [0.15070770750788962, 0.3675236077339735, 0.11300322886115254, 0.36876545589698445], [0.15111927239751508, 0.4967881352249093, 0.11778814599621305, 0.23430444638136258], [0.29347871467573505, 0.3373841040880138, 0.12087954939471708, 0.24825763184153413], [0.44045833359997677, 0.28802795626029676, 0.057682337817447284, 0.21383137232227917], [0.16916287600662402, 0.24505295079815592, 0.234811914922832, 0.3509722582723881], [0.19419700915854737, 0.4441536507156289, 0.0612779314788992, 0.30037140864692463], [0.16932363590178076, 0.22250732096439585, 0.12233243911939419, 0.4858366040144293], [0.2733270788214752, 0.263235908086811, 0.09215731696488395, 0.37127969612682976], [0.230603830207633, 0.41747778117789036, 0.14195720316666854, 0.2099611854478081], [0.18927995363518227, 0.2934654522653814, 0.25399608457266865, 0.2632585095267676], [0.3162324580260733, 0.21629837362513152, 0.06761352228216364, 0.3998556460666315], [0.302171015564917, 0.2645281511328646, 0.10651803235264999, 0.3267828009495684], [0.21114660788465997, 0.3184399765576631, 0.12662610767182744, 0.3437873078858494], [0.11077564591793712, 0.5613326225280093, 0.09915504252752415, 0.22873668902652955], [0.21143654645151524, 0.3356937416575235, 0.20257204277448312, 0.25029766911647827], [0.38662583577632764, 0.16977713294203792, 0.12295719280913114, 0.3206398384725032], [0.17963086332010247, 0.4881590282053616, 0.08342499697640829, 0.24878511149812788], [0.6235676984648006, 0.15748659111497093, 0.08822392594918373, 0.1307217844710447], [0.3547365832240337, 0.21198084808270312, 0.19713017898236532, 0.23615238971089803], [0.11422524574345627, 0.3818188829036342, 0.09195658878951414, 0.4119992825633954], [0.12200766503743957, 0.3309045640244799, 0.3881095977392387, 0.15897817319884192], [0.388314537376894, 0.19086024717852113, 0.10894755686623239, 0.3118776585783524], [0.3602823991669119, 0.213810117872274, 0.1925881626024132, 0.23331932035840072], [0.20749643712543234, 0.4116975549457504, 0.2032371810115505, 0.17756882691726672], [0.32802066047068706, 0.35766587101604996, 0.10064561003745025, 0.21366785847581274], [0.28134970390572, 0.3083852276153823, 0.10391180392939887, 0.306353264549499], [0.13741747554915648, 0.44510543573110906, 0.13302437093366215, 0.28445271778607245], [0.17720473050989347, 0.22956366800409508, 0.12951168909989608, 0.46371991238611554], [0.2837898985875072, 0.2830154356371726, 0.19749948503864131, 0.23569518073667892], [0.2716589196526414, 0.2496237999781134, 0.2857391394225707, 0.19297814094667465], [0.21334501005674628, 0.2390489413401573, 0.30434021590370264, 0.2432658326993938], [0.23428679967976668, 0.26200796555231104, 0.14396182814946604, 0.35974340661845644], [0.18985497524432665, 0.16430984741005422, 0.20803509730525846, 0.43780008004036075], [0.16274023244347893, 0.3704824170047505, 0.19601453691484436, 0.2707628136369263], [0.17373351977027773, 0.5415758682629108, 0.12140283790314838, 0.16328777406366318], [0.2656245529077869, 0.2130168424383656, 0.10649259613863224, 0.4148660085152152], [0.2121113022691883, 0.20903557938236836, 0.32259782498509565, 0.2562552933633475], [0.23556023684270225, 0.3433347904755075, 0.08697805313223067, 0.3341269195495596], [0.24769680650509368, 0.30193952673964497, 0.15538151458862148, 0.29498215216663976], [0.2865832138991842, 0.3346940636846205, 0.08413172476660447, 0.29459099764959085], [0.4696027385772461, 0.15489595780612433, 0.08238282720468515, 0.2931184764119444], [0.1884856139340661, 0.25989613531913375, 0.10973224843660032, 0.44188600231020003], [0.1500928359923017, 0.27098079790969065, 0.2356366934188055, 0.3432896726792021], [0.25568288309392, 0.30848095532725434, 0.10169739487642616, 0.3341387667023995], [0.24103031065912847, 0.319127783946108, 0.2496721892068465, 0.19016971618791703], [0.1340951801449081, 0.2688992388487339, 0.2327720045330836, 0.3642335764732744], [0.1749087156315432, 0.21899817163372462, 0.3731836745479456, 0.23290943818678667], [0.21114154830961326, 0.4451489888483367, 0.12143166163742813, 0.22227780120462196], [0.2595465653796229, 0.2291185112039683, 0.11702659926238819, 0.3943083241540206], [0.11698031011906973, 0.3391978880441597, 0.08443809610901269, 0.459383705727758], [0.3014678017436437, 0.19148263646703959, 0.07610036028261913, 0.4309492015066977], [0.12767731018996253, 0.4653501200717757, 0.08383430975221642, 0.3231382599860454], [0.2521064495971001, 0.2408204705975401, 0.13513949633141845, 0.37193358347394145]]}, "rewritten": {"ids": ["97105580", "97106600", "97107681", "97107821", "97107920", "97107950", "97112290", "97114170", "97116410", "97116790", "98107210", "98110680", "98111670", "98112170", "99108000", "99108310", "99109311", "99109910", "99114890", "99116500", "99117630", "100108580", "100108990", "100109801", "100110260", "100113210", "100116500", "101108950", "101111140", "101115190", "101116130", "101119030", "102109850", "102112250", "102113981", "103109641", "103111170", "103113260", "103113270", "103120290", "103120780", "104111780", "104111990", "104114240", "104114740", "104116441", "104116800", "104116980", "104117200", "104119290", "105112130", "105112260", "105113190", "105113330", "105113620", "105116650", "105117200", "105117431", "105121370", "106111321", "106112770", "106113830", "106114150", "106115120", "106115240", "106116850", "106118161", "106121190", "107113200", "107114110", "107114321", "107114621", "107117630", "107120130", "107121230", "107121640", "108113740", "108115250", "108116120", "108116481", "108117451", "108117610", "108118060", "108118630", "108119510", "109113931", "109116170", "109116810", "109117150", "109117431", "109118231", "109121640", "110114561", "110114610", "110114651", "110115580", "110115710", "110117080", "110120531", "110120560", "110120640", "110121450", "111114121", "111114321", "111115620", "111116170", "111116750", "111118810", "111119290", "111119300", "111120190", "111121190", "111121351", "112116290", "112117210", "112117461", "112117780", "112118550", "112118701", "112118810", "112118860", "112118930", "112119120", "112119500", "112119580", "112119610", "112120700", "112121410", "113117401", "113118231", "113118820", "113118870", "113119340", "113119700", "113119930", "113120260", "113120280", "113120640", "113120780", "113121950", "113122120", "113122160"], "labels": [1, 3, 3, 2, 0, 2, 1, 2, 3, 2, 1, 2, 1, 3, 2, 2, 1, 2, 2, 2, 3, 0, 2, 0, 3, 0, 2, 2, 2, 1, 2, 3, 1, 0, 1, 1, 2, 3, 2, 2, 1, 3, 2, 0, 2, 1, 1, 1, 3, 1, 1, 3, 3, 3, 0, 1, 3, 1, 2, 0, 1, 1, 1, 1, 1, 3, 3, 2, 0, 1, 0, 0, 0, 2, 0, 1, 3, 1, 1, 0, 2, 3, 1, 1, 1, 1, 0, 3, 2, 1, 1, 0, 0, 1, 3, 1, 2, 1, 0, 0, 0, 3, 0, 1, 1, 0, 3, 0, 3, 1, 3, 1, 0, 0, 1, 0, 0, 3, 0, 3, 3, 1, 1, 2, 3, 0, 2, 0, 3, 3, 0, 0, 0, 0, 1, 3, 0, 0, 0, 3, 1, 3], "predicted_labels": [1, 1, 3, 1, 0, 3, 0, 1, 3, 3, 3, 1, 1, 0, 1, 1, 3, 0, 3, 1, 1, 3, 1, 3, 3, 3, 3, 1, 1, 1, 2, 0, 3, 3, 1, 3, 1, 3, 0, 1, 1, 1, 2, 3, 2, 1, 3, 1, 3, 3, 2, 1, 3, 0, 3, 2, 2, 3, 1, 3, 3, 3, 1, 0, 0, 1, 3, 2, 3, 3, 3, 3, 0, 1, 1, 3, 0, 3, 0, 0, 3, 3, 3, 3, 3, 0, 3, 3, 1, 3, 0, 1, 1, 3, 3, 3, 3, 1, 0, 3, 3, 3, 3, 0, 0, 0, 0, 1, 3, 3, 3, 3, 1, 0, 0, 3, 3, 0, 3, 0, 1, 1, 3, 2, 3, 2, 2, 1, 3, 0, 0, 2, 0, 3, 1, 0, 0, 2, 1, 2, 3, 1], "confidence_scores": [[0.10622090278295293, 0.45920347387444393, 0.08321250704371518, 0.3513631162988879], [0.18015849803587677, 0.49901985797260184, 0.10078241840426512, 0.22003922558725644], [0.3335225853938133, 0.19854830409398902, 0.07665848807793912, 0.39127062243425853], [0.21903223947704092, 0.45883025778335285, 0.15156826507635, 0.17056923766325618], [0.3955654198804947, 0.17643205770081846, 0.08169812100641435, 0.34630440141227253], [0.18913728433899474, 0.22209788706333758, 0.21645727038987558, 0.37230755820779227], [0.39340810173255447, 0.25112395708784413, 0.15761294822916708, 0.1978549929504344], [0.237480498160009, 0.3390797755265751, 0.1823341269184872, 0.24110559939492895], [0.17197972061139513, 0.17877367026628907, 0.28650861655184245, 0.3627379925704735], [0.16890630326357467, 0.20702130022216297, 0.3071378164909574, 0.31693458002330493], [0.15592316172245801, 0.27615524329702856, 0.1415436393866658, 0.42637795559384756], [0.1275854054368048, 0.5095418050692037, 0.21097595722899828, 0.15189683226499323], [0.20191751696410082, 0.35697246283693684, 0.12489341746084986, 0.31621660273811253], [0.42341222487350855, 0.22514951758488475, 0.1414460092154349, 0.2099922483261718], [0.11600020177236005, 0.5849808056110025, 0.08430125766096733, 0.21471773495566995], [0.19613441920857982, 0.37499163489632975, 0.14113267210486777, 0.28774127379022263], [0.1885565962975494, 0.35415018942942555, 0.05903840856985157, 0.3982548057031735], [0.3149238462762543, 0.1868159210450678, 0.220804059717862, 0.2774561729608161], [0.16936719519303858, 0.2231234377751987, 0.14585195610191073, 0.46165741092985196], [0.20266610241148977, 0.40631760696339125, 0.10644928312458195, 0.2845670075005371], [0.17169994410176945, 0.49113094017948455, 0.16893331229351205, 0.16823580342523398], [0.21429822687106304, 0.14269246200693741, 0.13079855767085102, 0.5122107534511485], [0.21500909733051402, 0.31112682589850804, 0.1756441360166768, 0.29821994075430114], [0.21706952732877638, 0.3401800167877322, 0.09180212149185543, 0.350948334391636], [0.3125753412107811, 0.12984792962806557, 0.08837582066840081, 0.46920090849275253], [0.1568906124700133, 0.1441503839016687, 0.09521924123300134, 0.6037397623953167], [0.31020116427825667, 0.22192995367006876, 0.13928511324445927, 0.3285837688072155], [0.1748575564956765, 0.4995778179649691, 0.1860542256853195, 0.13951039985403485], [0.22364564078341453, 0.48140272941531437, 0.09144013648104277, 0.2035114933202284], [0.054997508091397536, 0.557397054570431, 0.1176310702807108, 0.26997436705746086], [0.1424089607564244, 0.26568921567791864, 0.49429344545202786, 0.09760837811362927], [0.4598350977590455, 0.2983405464685942, 0.12679882920846286, 0.11502552656389738], [0.1901155618421383, 0.2803884569592922, 0.17459225484722768, 0.354903726351342], [0.23199558738386025, 0.18962978275259618, 0.12128866118372053, 0.45708596867982326], [0.29532612617333487, 0.30009545289329786, 0.12682482925107424, 0.2777535916822932], [0.27089895679797144, 0.3014626676242865, 0.09514368444391902, 0.3324946911338232], [0.18324800065104208, 0.4569188914241438, 0.1116862885495046, 0.24814681937530955], [0.2752956849432611, 0.21942435512553923, 0.17632312980788625, 0.3289568301233134], [0.2893978259806092, 0.20927452034046348, 0.21838486272658045, 0.28294279095234676], [0.13557231315909196, 0.4058736213966414, 0.10304835303990625, 0.3555057124043606], [0.17399763392342812, 0.48127451005887345, 0.19343153421268366, 0.15129632180501476], [0.17225539907812337, 0.3979562368474502, 0.20435862512601666, 0.22542973894840979], [0.11302617064772864, 0.25500294547428876, 0.4663509315440741, 0.16561995233390844], [0.23900918738511245, 0.2462831606848656, 0.18458508782183164, 0.3301225641081903], [0.16908387494038182, 0.2565183779252711, 0.33795906848750273, 0.23643867864684426], [0.37315053034243445, 0.3786148747963403, 0.05419722391365039, 0.19403737094757478], [0.1294024421039514, 0.32691988825216944, 0.10446669761108045, 0.4392109720327987], [0.24018678447131644, 0.423606492353931, 0.15018268472239577, 0.18602403845235682], [0.19800373807327798, 0.19682668272950554, 0.22231533280734964, 0.38285424638986676], [0.2527482721440453, 0.24544276697174464, 0.1717894629171796, 0.33001949796703045], [0.15234423610691725, 0.1769199224500123, 0.4908580358483901, 0.1798778055946803], [0.2371944943779436, 0.36168536444484606, 0.19624838481779858, 0.20487175635941182], [0.16341732087861294, 0.3135241280950726, 0.14288066863721904, 0.38017788238909545], [0.4849877847931684, 0.19587668619828244, 0.05764843199821465, 0.2614870970103344], [0.1904308973415733, 0.2654046032502862, 0.1596069213907883, 0.38455757801735224], [0.195353850158342, 0.1362345849545414, 0.460569645515658, 0.20784191937145863], [0.11658179775015641, 0.2540436864990082, 0.370338231374081, 0.25903628437675436], [0.22128628696700473, 0.3033474698759505, 0.08084601313570322, 0.3945202300213417], [0.16528365710407333, 0.40564309120784525, 0.11666159277917643, 0.312411658908905], [0.1669098156914696, 0.22038824550357328, 0.11258082641806072, 0.5001211123868964], [0.19785014089030684, 0.22126417025358067, 0.22730688263097865, 0.3535788062251339], [0.1845893474406052, 0.17808294677647685, 0.2470705063074842, 0.39025719947543386], [0.3022648701026306, 0.3080088847454576, 0.13981186323242245, 0.24991438191948942], [0.32761802508508203, 0.2977457487257399, 0.10768604497907498, 0.26695018121010305], [0.3933788265000224, 0.15295301445998907, 0.08517479136868786, 0.3684933676713007], [0.2771439262532958, 0.3253278287289831, 0.14847349743910718, 0.24905474757861412], [0.25378314513221323, 0.27731910628958156, 0.13755282653547585, 0.3313449220427295], [0.10731128382415311, 0.1716319614298031, 0.4176912303720616, 0.30336552437398223], [0.11935094771333477, 0.2857740543017196, 0.12669659621760965, 0.4681784017673358], [0.20676667624950873, 0.243663557913795, 0.21086105365540508, 0.3387087121812912], [0.20351095323107896, 0.27891707185431636, 0.08484666813734461, 0.43272530677726], [0.2539143050951995, 0.2742710287275146, 0.09409811463281952, 0.37771655154446643], [0.4145286243299642, 0.2531014851697657, 0.11951211448309892, 0.21285777601717124], [0.23546550481939738, 0.3281510148334567, 0.138078626360475, 0.2983048539866709], [0.2417585792440341, 0.3379158558347566, 0.15841467647792065, 0.26191088844328864], [0.09023382010148596, 0.19485701252999213, 0.14204256174866683, 0.5728666056198553], [0.47385625428769595, 0.16624281431560944, 0.09549251837639636, 0.26440841302029827], [0.17926223151002285, 0.3413087130489063, 0.10886431248562888, 0.370564742955442], [0.3407841313150853, 0.2238018747948913, 0.13156220998058007, 0.3038517839094433], [0.5364900071681823, 0.1996756498536439, 0.06008018218055046, 0.20375416079762346], [0.3444344845301795, 0.14743704237235014, 0.07259424744489222, 0.43553422565257816], [0.20358792053710073, 0.27895853680155425, 0.17741443589230044, 0.3400391067690448], [0.2630276081730469, 0.2721177408460439, 0.18501456920163245, 0.2798400817792769], [0.1417225865856224, 0.1693666813654947, 0.3437383757594663, 0.34517235628941667], [0.2542094295913714, 0.32503606770369775, 0.07074312487197272, 0.35001137783295827], [0.3665755884127547, 0.23034156345617723, 0.12371570768259074, 0.2793671404484775], [0.22121187349331828, 0.33329756168889263, 0.1099156701272999, 0.33557489469048907], [0.20558916465603624, 0.14792214732124334, 0.11450164167802059, 0.5319870463446998], [0.11095068327253974, 0.5789137965072959, 0.06757242525622023, 0.2425630949639441], [0.1928860320496017, 0.14147221029699625, 0.06225660457023394, 0.6033851530831681], [0.48389642199700744, 0.26474247321115485, 0.0748910061152556, 0.17647009867658192], [0.20871498797404728, 0.4955311860848397, 0.1340438922144579, 0.16170993372665518], [0.18375003630664724, 0.5703792533388812, 0.05140358403322526, 0.19446712632124638], [0.16370317167275614, 0.25121789161680896, 0.19595373780267134, 0.3891251989077637], [0.28617425776623917, 0.3248828906757169, 0.0531507564107333, 0.33579209514731084], [0.3110020579915014, 0.21808644984727613, 0.08238840301409849, 0.38852308914712413], [0.26450200700287235, 0.16412254148582076, 0.16079608063588796, 0.4105793708754188], [0.12958307785857387, 0.4186499210552523, 0.26122999984408357, 0.1905370012420903], [0.38851898663653445, 0.14705222594496872, 0.08880436151291318, 0.37562442590558365], [0.13522038138994602, 0.30292012340329205, 0.09500124449261689, 0.466858250714145], [0.25509801928001813, 0.26814416297730703, 0.11829459007658602, 0.35846322766608885], [0.17809118918043393, 0.22607792760732234, 0.26332296418825435, 0.33250791902398946], [0.18686592701134083, 0.32730663747217775, 0.09057391188220128, 0.39525352363428023], [0.3603918460669759, 0.23166246945061067, 0.11275186603570961, 0.29519381844670406], [0.41634480491309234, 0.18620187655096998, 0.09093760568106474, 0.30651571285487306], [0.3149451756356612, 0.25872643607262974, 0.12454271402006421, 0.301785674271645], [0.4494869262423296, 0.15253023272839167, 0.0991368195720797, 0.298846021457199], [0.19969779502688598, 0.39540713997468535, 0.0931146879091816, 0.3117803770892471], [0.1865315363068399, 0.19277280822675746, 0.23856287400821288, 0.3821327814581899], [0.19931270038589255, 0.282903121781554, 0.14822783604999834, 0.36955634178255525], [0.21585594221548213, 0.19882591840300118, 0.14768086810086214, 0.4376372712806544], [0.2766961890025184, 0.22665064234048868, 0.13393180022747808, 0.3627213684295148], [0.26978908622551623, 0.5403068051269907, 0.06945092484447357, 0.12045318380301949], [0.30086592332238604, 0.21327361250373922, 0.25313105205015796, 0.23272941212371673], [0.44233397336080077, 0.17888429663735156, 0.1128963956884039, 0.26588533431344374], [0.2924059173772988, 0.22694938266788817, 0.14433397014227956, 0.33631072981253346], [0.1588621992472792, 0.23802584768849136, 0.10383559985862441, 0.49927635320560504], [0.4629902587327709, 0.19973529102808765, 0.12484009866275819, 0.21243435157638327], [0.27092272891657937, 0.24835150199337958, 0.06253251236412641, 0.4181932567259148], [0.5208469071991106, 0.19388628900259466, 0.10156310540190629, 0.18370369839638848], [0.30891225879097894, 0.35528160898400546, 0.09914442576743027, 0.23666170645758547], [0.22738973008574126, 0.34437161424860857, 0.1382321426357937, 0.29000651302985647], [0.14785386741843212, 0.2411944047864391, 0.06751836041369799, 0.5434333673814308], [0.14083266231046665, 0.22927387379047584, 0.38443113222340636, 0.24546233167565115], [0.27655716454543366, 0.17586783234179287, 0.1819222905721135, 0.36565271254066006], [0.05872876666219322, 0.09117884803471939, 0.7729047023483999, 0.07718768295468753], [0.08421621150929826, 0.1576763796178367, 0.5500768333342198, 0.2080305755386453], [0.19523936911807646, 0.36046005424781374, 0.175524637957754, 0.26877593867635585], [0.2911457788271386, 0.2435656156650048, 0.0672013314780385, 0.3980872740298182], [0.3340184657554937, 0.33040463994120023, 0.06979823087640598, 0.2657786634269], [0.3333838623623315, 0.31179139607135725, 0.09021135327832618, 0.2646133882879851], [0.2624471404954467, 0.21808781324147286, 0.28714542263254555, 0.232319623630535], [0.6011295590710893, 0.201303866486897, 0.06758160093376217, 0.12998497350825144], [0.12673127364218764, 0.37759237337486296, 0.10770758315430033, 0.387968769828649], [0.13522750681994528, 0.4839503238287486, 0.11621679970020789, 0.2646053696510981], [0.3194000628622953, 0.28391089079493886, 0.1775756081667376, 0.21911343817602827], [0.4713591268587604, 0.1734436911626288, 0.08005567362077515, 0.2751415083578356], [0.27820642845673205, 0.20526223545173675, 0.3305351590755818, 0.18599617701594962], [0.22591110977817067, 0.3452318432861382, 0.23284779848622722, 0.19600924844946388], [0.12131543574394321, 0.09591292143462381, 0.6678628850977594, 0.11490875772367366], [0.11151131796502946, 0.3772611845167736, 0.06559766995919869, 0.4456298275589984], [0.15084020935047507, 0.525932369570887, 0.12282184027592997, 0.20040558080270796]]}}