{"test": {"ids": ["111116110", "103118110", "109113881", "101111310", "109116170", "102108621", "100109910", "106114321", "102110690", "100111270", "109117110", "112118701", "113122430", "105118230", "102110240", "98107010", "98109090", "113119930", "102109010", "103112470", "107117010", "110120560", "112117790", "99107500", "108120700", "104117630", "109114030", "98108370", "98111231", "113121950", "108119510", "98110710", "112121010", "107112840", "109113281", "111115770", "108115570", "112120630", "106121220", "97106600", "105112260", "105120280", "110118701", "104111550", "108114220", "107118120", "108117720", "97110950", "98106560", "102112030", "102117351", "102118380", "105117351", "97112170", "110121720", "109114220", "112118421", "112119930", "112120640", "107115250", "110121500", "110119300", "105112100", "103117200", "105113440", "112116900", "103113260", "102112250", "104116800", "108113700", "103109791", "105115380", "104118340", "99116500", "113121680", "104114410", "110116300", "104111380", "97107950", "99111000", "113117630", "100109801", "98107410", "104111830", "98107380", "107113170", "99120010", "109118820", "105113620", "107118780", "111119150", "104114230", "105113210", "102121440", "98116940", "97107260", "113118620", "106116820", "98108150", "108114040", "97112290", "107114200", "109117431", "107112850", "109115070", "110115890", "100116790", "107118490", "113122160", "103111990", "112118860", "110119891", "102111990", "112118550", "113118111", "101111140", "104113190", "104112470", "109118161", "112116610", "109116930", "101109120", "108117610", "104109311", "97109570", "105117431", "110119030", "112117431", "108118630", "111121190", "98111620", "113117550", "101112160", "109120621", "109116810", "105111990", "100107920", "107114950", "97116790", "113121810", "111119580", "100115700"], "labels": [3, 2, 0, 3, 0, 3, 2, 2, 0, 2, 1, 0, 2, 1, 3, 3, 1, 1, 1, 1, 1, 0, 3, 0, 2, 0, 1, 1, 1, 3, 1, 2, 2, 1, 0, 3, 3, 3, 1, 3, 3, 3, 3, 1, 3, 3, 1, 3, 1, 2, 1, 1, 0, 0, 3, 3, 3, 1, 0, 2, 3, 1, 1, 0, 0, 3, 3, 0, 1, 0, 3, 1, 2, 2, 1, 1, 3, 3, 2, 2, 0, 0, 3, 3, 1, 0, 2, 3, 0, 1, 3, 2, 3, 2, 2, 2, 3, 1, 0, 0, 1, 2, 1, 1, 0, 2, 2, 2, 3, 2, 3, 3, 2, 3, 1, 2, 3, 1, 0, 1, 0, 1, 3, 3, 0, 1, 0, 0, 1, 1, 3, 3, 3, 1, 3, 2, 0, 3, 2, 2, 3, 1], "predicted_labels": [1, 3, 0, 1, 3, 1, 3, 3, 0, 2, 1, 3, 1, 1, 2, 2, 2, 1, 1, 1, 1, 2, 1, 1, 1, 2, 0, 2, 2, 2, 3, 1, 1, 2, 0, 1, 1, 0, 3, 0, 1, 2, 1, 1, 1, 0, 3, 0, 2, 1, 1, 3, 0, 3, 0, 0, 0, 1, 0, 1, 0, 0, 3, 3, 3, 1, 0, 0, 1, 0, 2, 1, 3, 2, 3, 2, 0, 3, 1, 1, 1, 3, 0, 3, 2, 0, 2, 3, 3, 1, 0, 0, 1, 3, 1, 2, 0, 3, 3, 3, 0, 1, 0, 1, 1, 1, 3, 0, 1, 0, 1, 0, 1, 0, 0, 3, 1, 3, 1, 1, 1, 3, 1, 0, 0, 1, 1, 1, 3, 2, 1, 2, 1, 1, 1, 3, 0, 1, 1, 1, 3, 3], "confidence_scores": [[0.28042707576813103, 0.2960966461126288, 0.20448270737470156, 0.21899357074453862], [0.1528359222716516, 0.2922048477758388, 0.22064411583645, 0.33431511411605946], [0.4061237752873391, 0.26692216814843933, 0.12154533722695833, 0.20540871933726312], [0.17860562438229527, 0.45645934874644595, 0.17831591459015295, 0.18661911228110584], [0.28997187199153196, 0.16267881000859627, 0.11215461346090104, 0.43519470453897074], [0.24515175652273735, 0.38369387394813076, 0.11146620375662342, 0.2596881657725085], [0.14894786922273626, 0.1275695463996512, 0.12627738336704517, 0.5972052010105674], [0.2278785886381098, 0.250704983133544, 0.13587357076380346, 0.3855428574645428], [0.5168257455643798, 0.23755795883256012, 0.10010260874080756, 0.1455136868622525], [0.04687610090593968, 0.12545903411796167, 0.7081550645343434, 0.11950980044175535], [0.21184922175557083, 0.34435362744919834, 0.18322639480499903, 0.26057075599023183], [0.27267035128283845, 0.17239112326643652, 0.06504777159730674, 0.48989075385341824], [0.21785279233974297, 0.5903795150952297, 0.08015581981419138, 0.1116118727508361], [0.21464892638927544, 0.3109113023687105, 0.17751852788200143, 0.29692124336001263], [0.07402793865451018, 0.09248881566684028, 0.651200934042229, 0.18228231163642036], [0.185757070402852, 0.2127707075530213, 0.42179086373334507, 0.17968135831078175], [0.21665405065167265, 0.24854704230219427, 0.3188489402104178, 0.21594996683571543], [0.18613276321948277, 0.5605647673761973, 0.1148917919368816, 0.13841067746743835], [0.11114769843875326, 0.4436424844497168, 0.23975649876167054, 0.2054533183498594], [0.24395755032997796, 0.40143594195804166, 0.13881024058301883, 0.21579626712896158], [0.26109501127687496, 0.34516644999192564, 0.14288918340619203, 0.25084935532500735], [0.29487171731446726, 0.14070254094221962, 0.43142693979608304, 0.13299880194723], [0.25319345150222855, 0.341549529859476, 0.14466238085588506, 0.2605946377824103], [0.19735881666445287, 0.408315684602671, 0.16960131886982718, 0.22472417986304896], [0.19653390398569268, 0.43068760705417913, 0.1313559238856923, 0.2414225650744357], [0.09525504313398515, 0.10275330511330309, 0.6309790073511483, 0.17101264440156358], [0.47136724324283685, 0.16519603364555233, 0.1463570262631346, 0.21707969684847608], [0.10570066928065631, 0.12488935027522946, 0.40880458061218133, 0.36060539983193285], [0.1294820793117495, 0.19445029960594548, 0.4384504513228889, 0.23761716975941619], [0.2731919706498279, 0.2308707734229552, 0.3403541122619479, 0.1555831436652691], [0.15897228060352775, 0.22712840044083024, 0.2707191255611905, 0.34318019339445155], [0.060451334020425525, 0.49556730551930445, 0.3466517599259146, 0.09732960053435552], [0.2219235297935299, 0.3352210916277279, 0.12182845160721151, 0.3210269269715307], [0.18992791269988324, 0.2947144452894902, 0.3013638899615628, 0.21399375204906373], [0.34128031747066817, 0.21715741284257545, 0.17336746386483448, 0.26819480582192173], [0.21434837850797833, 0.31079690311120267, 0.2074213789602394, 0.2674333394205797], [0.1899424380923348, 0.3848752205033957, 0.11889783778053455, 0.3062845036237352], [0.7165574951034251, 0.107372665474502, 0.05746188729764273, 0.1186079521244302], [0.2123576819218205, 0.16451282231516806, 0.23622453322190742, 0.38690496254110407], [0.4051862075286437, 0.28288386346494093, 0.1032995926139227, 0.20863033639249273], [0.14862448480138785, 0.34243245043764137, 0.17686951605437565, 0.332073548706595], [0.17849623420432634, 0.294581429279667, 0.2967305239269637, 0.23019181258904292], [0.29677421449021074, 0.2971631000515271, 0.12005469948236142, 0.28600798597590077], [0.2093360996772205, 0.366736333295454, 0.15254280482173904, 0.2713847622055867], [0.29647018942455816, 0.34537403868890443, 0.15725159877238212, 0.20090417311415532], [0.3332130694962329, 0.28767187092860036, 0.23052387271167213, 0.1485911868634946], [0.2363760002341452, 0.2754280574299737, 0.11519535609666713, 0.37300058623921395], [0.38453844957316713, 0.12922589687608044, 0.1528233135019665, 0.3334123400487859], [0.22842294564594143, 0.26274314586716346, 0.3241846916392218, 0.18464921684767338], [0.15784513987236168, 0.3175407379379666, 0.2817743820998166, 0.24283974008985523], [0.19640790994650117, 0.47096729300379636, 0.07361489021492772, 0.25900990683477465], [0.1363620543218015, 0.27412752622688813, 0.1662023079669504, 0.42330811148435993], [0.38040184132647453, 0.32961933635033625, 0.08536253011640159, 0.2046162922067877], [0.27558799660044825, 0.22408058299399705, 0.1489366876702614, 0.3513947327352934], [0.36985243515307464, 0.2892309301891541, 0.14298578666567668, 0.1979308479920948], [0.3536074054405543, 0.23008045216462122, 0.12643473693089058, 0.28987740546393387], [0.44611805306826763, 0.21740645697222616, 0.08599715696640879, 0.2504783329930974], [0.17078195307274216, 0.5103101443893703, 0.09879957240876425, 0.22010833012912337], [0.4305069464927559, 0.20164520625138754, 0.11476540085954909, 0.2530824463963074], [0.22475053467268769, 0.38207422093341653, 0.1553113755229478, 0.23786386887094818], [0.39336308839408446, 0.1409317251785903, 0.07765405170492785, 0.38805113472239744], [0.45395509496445435, 0.1872753068700288, 0.13263903020649953, 0.22613056795901731], [0.22540090906622878, 0.2294864194558452, 0.14111855210454563, 0.4039941193733803], [0.16441058373475212, 0.342866827168397, 0.13599790833885397, 0.35672468075799696], [0.1976158222353319, 0.21637794791963613, 0.2255495444150738, 0.36045668542995835], [0.2394174026000192, 0.33721670893842404, 0.14541530917998863, 0.27795057928156836], [0.2830243323537546, 0.2581145207867564, 0.1889548258969044, 0.26990632096258466], [0.4216685013978636, 0.11082583436791832, 0.12367689062383776, 0.3438287736103804], [0.2768327680214501, 0.3472950604585112, 0.15577792065247487, 0.22009425086756373], [0.4009655744427588, 0.20868217977593218, 0.1592387754801973, 0.23111347030111182], [0.24684019448318714, 0.14124322676373097, 0.4017864401751641, 0.21013013857791804], [0.12058261882680107, 0.37773640451207147, 0.33424765796538314, 0.1674333186957442], [0.13997294545832717, 0.25008815322242295, 0.07976014232231082, 0.5301787589969391], [0.08823648356986241, 0.2680046480855257, 0.4214381416999305, 0.2223207266446814], [0.24977221854435216, 0.25142930003823344, 0.12022389378756271, 0.3785745876298518], [0.22098433666166373, 0.11717919285328311, 0.5007276713986252, 0.16110879908642806], [0.44896903909682984, 0.20559507551089043, 0.1418311223001201, 0.20360476309215972], [0.2711865442128407, 0.18304320930551324, 0.2457766210678929, 0.2999936254137533], [0.13886655408962578, 0.4754829839746528, 0.20105128952483528, 0.1845991724108862], [0.1788987288911575, 0.5150887853885359, 0.11193968097567267, 0.19407280474463395], [0.17660204662320003, 0.5618352025329729, 0.0842374106629983, 0.17732534018082882], [0.21600310026332528, 0.2557410558367816, 0.08095800906095088, 0.4472978348389424], [0.46033408530752357, 0.17328024782610157, 0.06548511272498476, 0.30090055414139], [0.16324182428847028, 0.3085994872828284, 0.16180759785353355, 0.3663510905751679], [0.14633830624367772, 0.1358021726675691, 0.5632155005471267, 0.15464402054162654], [0.39714264942343036, 0.22944062718540514, 0.18372870707836253, 0.18968801631280208], [0.2258481089462647, 0.1214574067074907, 0.5260328745556906, 0.12666160979055394], [0.19332594002597922, 0.21432652967780577, 0.15579403945402784, 0.43655349084218703], [0.261181227032106, 0.26456264643557265, 0.20729879305496876, 0.2669573334773524], [0.17554061381127398, 0.5346339468980276, 0.10617708708337215, 0.18364835220732628], [0.315884643517977, 0.19939585979837693, 0.17438908248697543, 0.31033041419667057], [0.3513519269295431, 0.21107977137350478, 0.2180406369449817, 0.21952766475197044], [0.22270208380342524, 0.3109341728603935, 0.17595308631745138, 0.29041065701872987], [0.2505174061649034, 0.15464106158885385, 0.16017683842877106, 0.43466469381747164], [0.1990154087846029, 0.3849596357527912, 0.20555666896865915, 0.21046828649394686], [0.04865278721917607, 0.10955949337424345, 0.6232187746883173, 0.2185689447182633], [0.3880337570704911, 0.2578441772046673, 0.11604288892642751, 0.23807917679841417], [0.16370165692734107, 0.18395979520963876, 0.23118524632666257, 0.42115330153635755], [0.15842583914866687, 0.15131061752832073, 0.19557248383884554, 0.49469105948416675], [0.1772861164683802, 0.2703212932603192, 0.12977917038424325, 0.4226134198870573], [0.29898385804516736, 0.27696509571648703, 0.22283046826038327, 0.2012205779779624], [0.15633714923071093, 0.43612091784103507, 0.18293640026321872, 0.22460553266503527], [0.4484905083019955, 0.25444854916292764, 0.11511487999829792, 0.18194606253677903], [0.17350606893378656, 0.5239772109078978, 0.08567458535711257, 0.216842134801203], [0.3315725877137346, 0.33745201985812273, 0.12318341419853969, 0.20779197822960288], [0.16989994858153865, 0.48146030312736326, 0.15883243477267814, 0.18980731351842006], [0.22817243373715887, 0.1914750931882106, 0.23409468723495075, 0.34625778583967964], [0.36635646227951246, 0.3135924377753482, 0.2020716087501325, 0.11797949119500699], [0.23157750918870662, 0.401398457014223, 0.20097350608714934, 0.1660505277099212], [0.3642376609398224, 0.229452287017205, 0.14218870455260024, 0.26412134749037236], [0.18743050116662707, 0.5288566794070387, 0.09978210293732188, 0.18393071648901244], [0.3824578142843258, 0.28427081692469025, 0.1161676156187929, 0.21710375317219116], [0.24184281702795868, 0.3409473917855044, 0.19012986112072697, 0.22707993006581004], [0.3349005023797872, 0.2504095056801793, 0.11695134579121669, 0.2977386461488166], [0.5511695514910622, 0.1538398652136449, 0.1034999695609627, 0.1914906137343302], [0.1430432585346868, 0.3327193978876529, 0.18126039384917023, 0.3429769497284899], [0.19119201842491215, 0.39887078407946547, 0.14558539257825964, 0.26435180491736276], [0.2702843184879741, 0.28994635707287586, 0.1444860044200876, 0.29528332001906243], [0.18227185461449485, 0.4021826000420096, 0.12463158888261927, 0.29091395646087626], [0.25772211838832715, 0.340722160449008, 0.17859321050998486, 0.22296251065268005], [0.23966394990358192, 0.3004209514109282, 0.1687329390854499, 0.29118215960004], [0.2071356332662893, 0.2996233238975593, 0.1802602117347519, 0.3129808311013995], [0.19259479371271604, 0.33752384984546163, 0.1793853876778883, 0.290495968763934], [0.7154130608228676, 0.07656672490440032, 0.0581002870621854, 0.1499199272105467], [0.276038550809777, 0.227112103946709, 0.24973243729066288, 0.24711690795285113], [0.2713509399293176, 0.3643954351597144, 0.1333870207597317, 0.23086660415123655], [0.09136205615214546, 0.6522105187211494, 0.07231195035809511, 0.18411547476860998], [0.3152076276806152, 0.33844806430007035, 0.10879806002957873, 0.23754624798973567], [0.1318885194877848, 0.1630821180722087, 0.07212501167201901, 0.6329043507679875], [0.25140082796921426, 0.21803898313864117, 0.28385802639915503, 0.2467021624929897], [0.18290239253911897, 0.4161476576105139, 0.1696056519865871, 0.23134429786378], [0.17805849403886326, 0.1922466021435943, 0.39758793665373426, 0.23210696716380816], [0.18521449312002655, 0.31043189963669954, 0.22100574231335973, 0.28334786492991426], [0.33067125574517375, 0.33712796844428694, 0.1015077464963006, 0.2306930293142388], [0.19900555142779588, 0.3668058337029089, 0.1609442439648066, 0.2732443709044888], [0.08926410089192084, 0.15326557816246078, 0.3661874131420003, 0.3912829078036182], [0.2882052578497021, 0.2751999574399691, 0.16922206040653714, 0.26737272430379166], [0.2474320511933494, 0.3771190066038938, 0.07870208144070424, 0.2967468607620526], [0.14790669031367917, 0.2939143785655901, 0.2885580491575451, 0.2696208819631856], [0.21805459258295465, 0.40428349431196126, 0.23117996925483145, 0.1464819438502526], [0.21497176822943484, 0.20393605975037518, 0.12413089994495788, 0.45696127207523196], [0.16097346819859595, 0.2278594218002617, 0.21472179418881718, 0.39644531581232517]]}, "rewritten": {"ids": ["97106600", "97107260", "97107950", "97109570", "97110950", "97112170", "97112290", "97116790", "98106560", "98107010", "98107380", "98107410", "98108150", "98108370", "98109090", "98110710", "98111231", "98111620", "98116940", "99107500", "99111000", "99116500", "99120010", "100107920", "100109801", "100109910", "100111270", "100115700", "100116790", "101109120", "101111140", "101111310", "101112160", "102108621", "102109010", "102110240", "102110690", "102111990", "102112030", "102112250", "102117351", "102118380", "102121440", "103109791", "103111990", "103112470", "103113260", "103117200", "103118110", "104109311", "104111380", "104111550", "104111830", "104112470", "104113190", "104114230", "104114410", "104116800", "104117630", "104118340", "105111990", "105112100", "105112260", "105113210", "105113440", "105113620", "105115380", "105117351", "105117431", "105118230", "105120280", "106114321", "106116820", "106121220", "107112840", "107112850", "107113170", "107114200", "107114950", "107115250", "107117010", "107118120", "107118490", "107118780", "108113700", "108114040", "108114220", "108115570", "108117610", "108117720", "108118630", "108119510", "108120700", "109113281", "109113881", "109114030", "109114220", "109115070", "109116170", "109116810", "109116930", "109117110", "109117431", "109118161", "109118820", "109120621", "110115890", "110116300", "110118701", "110119030", "110119300", "110119891", "110120560", "110121500", "110121720", "111115770", "111116110", "111119150", "111119580", "111121190", "112116610", "112116900", "112117431", "112117790", "112118421", "112118550", "112118701", "112118860", "112119930", "112120630", "112120640", "112121010", "113117550", "113117630", "113118111", "113118620", "113119930", "113121680", "113121810", "113121950", "113122160", "113122430"], "labels": [3, 2, 2, 0, 3, 0, 1, 2, 1, 3, 1, 3, 0, 1, 1, 2, 1, 3, 2, 0, 2, 2, 2, 0, 0, 2, 2, 1, 2, 1, 2, 3, 3, 3, 1, 3, 0, 2, 2, 0, 1, 1, 2, 3, 2, 1, 3, 0, 2, 3, 3, 1, 3, 1, 3, 2, 1, 1, 0, 2, 2, 1, 3, 3, 0, 0, 1, 0, 1, 1, 3, 2, 1, 1, 1, 1, 0, 2, 3, 2, 1, 3, 2, 1, 0, 0, 3, 3, 3, 1, 1, 1, 2, 0, 0, 1, 3, 0, 0, 3, 0, 1, 1, 0, 3, 1, 2, 3, 3, 0, 1, 3, 0, 3, 3, 3, 3, 3, 3, 1, 1, 3, 0, 3, 3, 3, 0, 3, 1, 3, 0, 2, 3, 0, 1, 3, 1, 1, 2, 3, 3, 2], "predicted_labels": [1, 3, 1, 0, 0, 3, 1, 2, 1, 0, 0, 3, 3, 3, 1, 2, 2, 1, 1, 1, 2, 3, 0, 3, 1, 3, 3, 3, 0, 3, 1, 1, 2, 3, 1, 1, 1, 3, 0, 0, 3, 1, 3, 0, 3, 1, 1, 0, 3, 3, 0, 3, 3, 1, 0, 0, 1, 2, 0, 1, 1, 3, 1, 1, 1, 1, 1, 1, 1, 0, 0, 0, 3, 2, 1, 1, 3, 1, 1, 1, 2, 0, 0, 0, 2, 2, 1, 1, 1, 0, 0, 3, 1, 1, 0, 0, 0, 1, 0, 1, 0, 1, 0, 1, 3, 0, 1, 0, 1, 1, 0, 0, 3, 1, 3, 3, 0, 1, 1, 0, 3, 1, 0, 0, 3, 3, 3, 1, 1, 0, 0, 0, 0, 1, 3, 3, 1, 2, 2, 2, 1, 1], "confidence_scores": [[0.24626259801815167, 0.35805810144419276, 0.12416963940112742, 0.2715096611365281], [0.16434167823652576, 0.20439639147588198, 0.3083410356680766, 0.3229208946195157], [0.15093693583064635, 0.44290618880060817, 0.184069613374775, 0.2220872619939704], [0.4141784015032666, 0.16608017718248091, 0.14461797161121917, 0.27512344970303326], [0.49872734221637083, 0.1425114840800559, 0.11334130097432568, 0.24541987272924778], [0.18634429402201447, 0.22920838625399828, 0.28306866685063065, 0.3013786528733567], [0.25323244928604755, 0.3436058086848398, 0.17847403359212363, 0.22468770843698907], [0.13973064405226676, 0.29104509434901354, 0.34497477948425487, 0.22424948211446485], [0.20280833164040185, 0.3663329970449753, 0.1607225673969153, 0.27013610391770765], [0.39569958075798695, 0.24450486823061762, 0.10859016154679656, 0.25120538946459886], [0.3176667863489884, 0.28223627109392874, 0.1545443213131641, 0.245552621243919], [0.2729836809883559, 0.16565969131114133, 0.1628820646706941, 0.39847456302980877], [0.12172342355851459, 0.3056098231395856, 0.17879027425973315, 0.3938764790421669], [0.28867677584680734, 0.14736258609787167, 0.12790781950448502, 0.4360528185508359], [0.26541452635421264, 0.28406574333722734, 0.24753970522796453, 0.2029800250805956], [0.15747738939809325, 0.19927780200702644, 0.43046978495850324, 0.21277502363637704], [0.11677700152035227, 0.13026554209005972, 0.4290507291455664, 0.3239067272440217], [0.21012721072363982, 0.3710701138868165, 0.21954334144299112, 0.19925933394655274], [0.18450086648450753, 0.4557647268638744, 0.1508386294120809, 0.2088957772395373], [0.1367957569806469, 0.4540990761170095, 0.1495422094751966, 0.2595629574271472], [0.2371450006434044, 0.13552037172118753, 0.5056798942034596, 0.1216547334319484], [0.14258469567666893, 0.3778461752358674, 0.047178806897745916, 0.4323903221897179], [0.6309144227270714, 0.12984724388785768, 0.10492188627081465, 0.1343164471142563], [0.2471380817406685, 0.22168245240771164, 0.1919371176074461, 0.3392423482441738], [0.2495379139387655, 0.3302580493408144, 0.11815701117835355, 0.3020470255420666], [0.25446560578857763, 0.21598312287994006, 0.1177230501710009, 0.4118282211604814], [0.14313719020007942, 0.3172367179383882, 0.18635324928027353, 0.35327284258125896], [0.19413646084576974, 0.2934456172533638, 0.15969698092469278, 0.3527209409761738], [0.34441341604373815, 0.28069286593762555, 0.14518638984275384, 0.2297073281758823], [0.2798024700115235, 0.24162923389736005, 0.14392991348488843, 0.3346383826062282], [0.18992881604912704, 0.4166733612864378, 0.12253617924068569, 0.27086164342374963], [0.29788522317807103, 0.4606344417315262, 0.1171364344056868, 0.1243439006847159], [0.1699953772004084, 0.17342899825210098, 0.4963105970153462, 0.1602650275321446], [0.32886059644286053, 0.24052013661032326, 0.06105640786427082, 0.36956285908254555], [0.14686371431881395, 0.5217505561284849, 0.10557999598064446, 0.22580573357205672], [0.1611573272358627, 0.3606343716609872, 0.23973555868721572, 0.23847274241593436], [0.24667361126813145, 0.35966220965303697, 0.10160530301520825, 0.29205887606362346], [0.23764302397312795, 0.2859566124498587, 0.13841988920330772, 0.33798047437370565], [0.27986154747346004, 0.2731205775007359, 0.19960597064351107, 0.2474119043822932], [0.42977386287104496, 0.23094513402477057, 0.12340582531697182, 0.2158751777872127], [0.2832681094582236, 0.28748419840508166, 0.08006668415726509, 0.3491810079794296], [0.14164012901350884, 0.3621541616320754, 0.23732565223312962, 0.2588800571212863], [0.2792936573734876, 0.1253562992520153, 0.21231771044365852, 0.3830323329308386], [0.3438974269433132, 0.2320509993639875, 0.1466022610428405, 0.2774493126498588], [0.19865306437329677, 0.3151358336280965, 0.16549902020528587, 0.32071208179332084], [0.15472876101227928, 0.39027466980724845, 0.09191511219519541, 0.3630814569852768], [0.18876632732284232, 0.33004089378901275, 0.2549473155791971, 0.22624546330894796], [0.4212451185215651, 0.25810023180610303, 0.14053262022790847, 0.18012202944442343], [0.18309588917010514, 0.20804820493455528, 0.1840537051530845, 0.4248022007422554], [0.23949807888393343, 0.2587326224077957, 0.15231995757476094, 0.34944934113350995], [0.36248522543871364, 0.1754261398374488, 0.2166889892564935, 0.2453996454673441], [0.2409371171321547, 0.2884038774761347, 0.1386195836341552, 0.33203942175755546], [0.19907663284106525, 0.2675816785836415, 0.22758567885475073, 0.30575600972054257], [0.2587222944144578, 0.33252093166637686, 0.17123101707634605, 0.2375257568428195], [0.33647321544675673, 0.2190969704964044, 0.16308777591117152, 0.2813420381456674], [0.40266752044536025, 0.19472121877619167, 0.16667643886063443, 0.23593482191781356], [0.23323792986827988, 0.33499968405696134, 0.23220908702106566, 0.19955329905369298], [0.23980972622116042, 0.2474657481451187, 0.276503254724766, 0.236221270908955], [0.3390630256431059, 0.3065973046193002, 0.1714052418717393, 0.18293442786585468], [0.21980719038638843, 0.32385960642684425, 0.16501801987420145, 0.2913151833125659], [0.12915669727060733, 0.4420306069865489, 0.09481107187703365, 0.3340016238658101], [0.28146713596114453, 0.14536316384787576, 0.16058093590540615, 0.41258876428557373], [0.1986033400183369, 0.3950184654048151, 0.19595362087649534, 0.2104245737003526], [0.16169017800638502, 0.5497613656834425, 0.12907228362925585, 0.15947617268091685], [0.2110720906865912, 0.35160903851363223, 0.1808389117931636, 0.25647995900661313], [0.20512134611630947, 0.35072826622351183, 0.1949186239152824, 0.2492317637448964], [0.16304474711701594, 0.36510243658388136, 0.25100430204902446, 0.22084851425007837], [0.2905775391870631, 0.386569002466384, 0.08653768961768699, 0.23631576872886595], [0.24948563144823338, 0.35730797427765154, 0.19943218405005972, 0.1937742102240554], [0.3451988972087835, 0.1982304755608776, 0.1693013740873969, 0.28726925314294205], [0.4220580674479532, 0.19092055540065483, 0.18392851444468933, 0.20309286270670268], [0.4152492486291765, 0.13418827968606487, 0.2589988566082396, 0.19156361507651912], [0.192860350995482, 0.26263097595774865, 0.17300200290882745, 0.3715066701379418], [0.040163799977565584, 0.07024708117832662, 0.7602239966293612, 0.1293651222147467], [0.17700863250527146, 0.49773867218352513, 0.1304117417792812, 0.19484095353192235], [0.2596140452899717, 0.4069330940978784, 0.12481270777282395, 0.20864015283932605], [0.2582784729202427, 0.19583676745118883, 0.10796278847537295, 0.4379219711531956], [0.16078440299203256, 0.43978713231806565, 0.19619266425415413, 0.20323580043574757], [0.21255621171279365, 0.3203601567602743, 0.18057818523782276, 0.2865054462891093], [0.1336776812429825, 0.4445666059722711, 0.20383310603643667, 0.2179226067483096], [0.05995587313798965, 0.16738867538645694, 0.6783893018454505, 0.09426614963010285], [0.37821083804109634, 0.1844431969167178, 0.09411164086028621, 0.3432343241818997], [0.3521867436195176, 0.30521667141542325, 0.17560432532276266, 0.16699225964229664], [0.3521625591184428, 0.25944473149553315, 0.16858656274266923, 0.21980614664335493], [0.16232646295941833, 0.11163348260730846, 0.6286254223198796, 0.09741463211339357], [0.13458116754330918, 0.18957696416141553, 0.5054807893363368, 0.17036107895893857], [0.19752197350248318, 0.3329245784120086, 0.28287704672970804, 0.1866764013558004], [0.15336878679149735, 0.3994253673031877, 0.12670000089299815, 0.32050584501231694], [0.16466533644570902, 0.37550781120594634, 0.15392249366118346, 0.3059043586871612], [0.353323663084529, 0.2621297778910554, 0.10931876949473301, 0.27522778952968274], [0.2723386472420381, 0.21666924159074483, 0.26285721734940104, 0.24813489381781603], [0.2101189603827655, 0.16542206227013212, 0.21439287447654617, 0.41006610287055634], [0.2198599540680423, 0.416350970064715, 0.11942028679942147, 0.24436878906782133], [0.25828456037353587, 0.33771798938670355, 0.12613362644706103, 0.2778638237926996], [0.5008553520986929, 0.2094957573157971, 0.08039452586412414, 0.20925436472138584], [0.4137177480832942, 0.2222470503989222, 0.11433124978043006, 0.24970395173735374], [0.40167854305456985, 0.22316078219165236, 0.1907906984936386, 0.184369976260139], [0.24598349559965552, 0.339591879123962, 0.18068342306817714, 0.2337412022082055], [0.28320483466291324, 0.2521618957265276, 0.22222803178342804, 0.2424052378271314], [0.26556447797295535, 0.29359655843459936, 0.16343995004412762, 0.27739901354831753], [0.5449456288620036, 0.15754982703999765, 0.1426557461732879, 0.15484879792471082], [0.1451799956573867, 0.38354329855641955, 0.15750919354521525, 0.31376751224097854], [0.3496089313843141, 0.28704849085977824, 0.12446224558250063, 0.2388803321734072], [0.2817550356754529, 0.33551310453673333, 0.07440432556472142, 0.3083275342230926], [0.1898071254224799, 0.2794943720050991, 0.196175433490324, 0.3345230690820971], [0.3000435834656378, 0.29453055571870457, 0.10896350193595876, 0.29646235887969885], [0.1868999716912289, 0.40068338447634205, 0.11049652443317598, 0.3019201193992531], [0.5172986313482894, 0.179041052922584, 0.09390895687586413, 0.20975135885326268], [0.2683663082622033, 0.3677328534566538, 0.10941910958137585, 0.254481728699767], [0.09711577725617487, 0.6272849961231433, 0.04267824075778629, 0.23292098586289556], [0.3643738356720775, 0.23402233823564758, 0.16887959823472226, 0.23272422785755273], [0.4360140318906909, 0.21596156719714682, 0.13599283794540304, 0.21203156296675937], [0.2919928823448055, 0.21339352516122673, 0.08381209569269944, 0.41080149680126826], [0.21550138330300336, 0.5366599861955629, 0.10342816530550472, 0.1444104651959289], [0.2376629030170367, 0.25743550462467396, 0.2116134921981196, 0.2932881001601698], [0.2584155206259089, 0.13004635372506437, 0.11451626125540117, 0.49702186439362556], [0.4334805265348895, 0.2386181309133795, 0.1454166312481161, 0.18248471130361493], [0.2242554471037819, 0.34507561019904814, 0.12146046873487085, 0.30920847396229906], [0.2986457556183749, 0.33544323414953064, 0.125637327316849, 0.24027368291524556], [0.4275239825023539, 0.1256063789086419, 0.1080506769079739, 0.33881896168103026], [0.3164796471320725, 0.2396269551977197, 0.1272280508572553, 0.3166653468129525], [0.21510749721476108, 0.36396276916290365, 0.13915536228385655, 0.2817743713384789], [0.30826668516668776, 0.2920167570766745, 0.11292722883540875, 0.286789328921229], [0.39260298892771056, 0.26957651956489076, 0.09185168925202752, 0.24596880225537096], [0.2773788663981579, 0.24375533064821076, 0.11035909601005726, 0.3685067069435742], [0.24632993345818152, 0.22507743783853787, 0.11555559826666825, 0.4130370304366125], [0.2612800093462585, 0.25346469705284475, 0.046299329431458314, 0.4389559641694386], [0.24724900967775998, 0.31010924233769976, 0.21584937216117323, 0.2267923758233672], [0.17039550695795339, 0.47411782919934004, 0.1329104315544586, 0.22257623228824797], [0.432460448566834, 0.23254655760882748, 0.1182732829845169, 0.21671971083982153], [0.3694031318826349, 0.2331641953415577, 0.15989571028896687, 0.2375369624868406], [0.3286093439763167, 0.2989453870421396, 0.13123694169537378, 0.24120832728617003], [0.4239929698369952, 0.21594455186281952, 0.16084994558389087, 0.19921253271629435], [0.2750580179939801, 0.5181386971951971, 0.08510209329972084, 0.1217011915111019], [0.27197472212413903, 0.197453825375395, 0.10459837261155508, 0.42597307988891103], [0.1465306062703173, 0.2809542326933374, 0.11439441311199058, 0.45812074792435453], [0.11191160726172326, 0.6816094908438309, 0.09063019574533597, 0.11584870614910993], [0.21938132303877458, 0.15552024951353205, 0.492763542170667, 0.13233488527702636], [0.13310957345667151, 0.1099793433849587, 0.6412612685404238, 0.1156498146179459], [0.14899443211981095, 0.33671011010513924, 0.389863591377963, 0.1244318663970867], [0.18350922494033542, 0.350699168401883, 0.2996905314930535, 0.16610107516472825], [0.15636794742050533, 0.4657899726167101, 0.14479970274177362, 0.23304237722101073]]}}