{"test": {"ids": ["108117610", "107120880", "100112060", "110116290", "110121500", "104114230", "101111620", "108118060", "113121220", "99107950", "104113550", "103112641", "110117500", "98110810", "110118181", "99109840", "99107630", "110114651", "98111231", "107114780", "111120320", "106119990", "111120540", "108115970", "106116820", "107118120", "98108370", "98111670", "109118701", "102110690", "101110740", "99120010", "98106880", "104119340", "109120150", "112116850", "102110500", "111119580", "111116040", "107114490", "105119550", "100115700", "113122190", "100111390", "111119290", "110115710", "112118930", "108117720", "107118520", "106113190", "113122150", "110119891", "103112470", "109117110", "112119120", "98107380", "112121410", "99107300", "99108580", "103110220", "112116610", "113122170", "102113210", "108115570", "97105760", "104114410", "110115120", "99110050", "107112850", "102112030", "109119591", "110114920", "107114140", "111116010", "108116501", "109120560", "113120070", "108113480", "108113760", "110116501", "110120190", "109121410", "102116340", "98116500", "99108710", "106121220", "101109120", "110113931", "107118780", "104112470", "113120280", "112116810", "101108950", "109116441", "99111440", "97106591", "103111170", "112118880", "98109090", "109117730", "107115250", "111117571", "110115250", "111120220", "105113620", "113120260", "106114321", "103109791", "98109230", "109113931", "98111860", "99108010", "104112201", "112121010", "109116170", "103111110", "113119450", "100108580", "110119300", "105116441", "111119250", "111121930", "100113370", "97105451", "104118070", "109115380", "103111990", "99105921", "111119950", "111115620", "110114720", "102112170", "108113620", "112119950", "105113330", "110118930", "99114890", "111119300", "98112580", "107121540", "106117770", "101119030"], "labels": [3, 1, 2, 2, 3, 2, 3, 1, 3, 1, 1, 3, 1, 1, 1, 2, 2, 3, 1, 2, 1, 0, 1, 2, 1, 3, 1, 1, 3, 0, 3, 2, 0, 1, 2, 0, 3, 3, 0, 3, 1, 1, 1, 2, 3, 2, 1, 1, 2, 0, 2, 3, 1, 1, 1, 1, 0, 3, 0, 2, 1, 1, 3, 3, 0, 1, 0, 3, 1, 2, 0, 3, 2, 1, 0, 1, 2, 0, 1, 3, 3, 0, 3, 2, 2, 1, 1, 1, 1, 1, 0, 3, 2, 3, 3, 1, 2, 1, 1, 3, 2, 3, 1, 3, 0, 3, 2, 3, 1, 1, 0, 2, 0, 2, 0, 3, 3, 0, 1, 1, 1, 1, 3, 0, 2, 3, 2, 1, 0, 1, 3, 3, 3, 0, 3, 1, 2, 1, 2, 2, 0, 3], "predicted_labels": [3, 3, 2, 0, 0, 2, 0, 0, 3, 1, 0, 2, 0, 1, 0, 2, 0, 3, 0, 0, 3, 3, 3, 3, 0, 3, 2, 2, 3, 3, 1, 2, 3, 0, 2, 3, 3, 0, 0, 1, 0, 3, 2, 1, 3, 0, 0, 3, 1, 0, 3, 3, 0, 1, 3, 3, 3, 0, 2, 3, 1, 3, 3, 3, 3, 3, 0, 3, 1, 1, 1, 0, 1, 1, 3, 2, 2, 3, 0, 3, 0, 3, 3, 3, 1, 0, 3, 1, 3, 3, 0, 1, 2, 0, 0, 1, 1, 3, 1, 0, 1, 0, 3, 0, 1, 2, 0, 3, 2, 0, 2, 1, 0, 3, 3, 3, 0, 2, 1, 1, 2, 0, 3, 0, 2, 1, 1, 0, 3, 0, 2, 0, 0, 0, 0, 3, 2, 3, 3, 1, 1, 0], "confidence_scores": [[0.39246811526501935, 0.02233308508350138, 0.0032285546964143414, 0.581970244955065], [0.07910434618417998, 0.16177299993261715, 0.2992138725729822, 0.45990878131022045], [0.19922918708546533, 0.16084074287565295, 0.564090257356138, 0.07583981268274402], [0.3391751948276243, 0.03677135736520332, 0.4425967965738325, 0.18145665123333982], [0.3002882769945357, 0.38871399903259546, 0.021381342025518228, 0.28961638194735073], [0.008212970092330003, 0.07359418646963303, 0.8828563943344536, 0.035336449103583294], [0.7007125125467638, 0.022649156982124802, 0.047989830949117615, 0.22864849952199381], [0.34675208330504886, 0.3021002109818377, 0.05270913729046712, 0.2984385684226466], [0.05498432354000429, 0.0384273851180578, 0.08380843790825167, 0.8227798534336864], [0.0021925575710460637, 0.4660335413411382, 0.30227364066538664, 0.22950026042242894], [0.6644101527257705, 0.022924515184216683, 0.09659117703121131, 0.21607415505880165], [0.17094446168711164, 0.2332914926189458, 0.48211111832430326, 0.11365292736963932], [0.42043290430162283, 0.2007533312848181, 0.0836456655424343, 0.2951680988711248], [0.014364396834161425, 0.9443592949654854, 0.033626220060361964, 0.0076500881399911985], [0.4155712072850505, 0.28150781246503964, 0.01887628202827825, 0.2840446982216315], [0.025538477519212045, 0.1656961546715334, 0.6140260131110656, 0.1947393546981887], [0.6183170775398841, 0.02232904859064567, 0.1669640033639483, 0.19238987050552206], [0.22126163842620006, 0.2316172425540414, 0.014434880259806857, 0.5326862387599517], [0.606318437135126, 0.2312112746992999, 0.04145920527725238, 0.12101108288832182], [0.3478739493414389, 0.20951993869731572, 0.18737362267010158, 0.2552324892911437], [0.15701474097504672, 0.3387650822368031, 0.03349177040988704, 0.4707284063782631], [0.05587055720580353, 0.26420115381331916, 0.03415158943731878, 0.6457766995435587], [0.1474840066617487, 0.3283506140461231, 0.2574764382194031, 0.266688941072725], [0.2403593134886994, 0.053239447729062465, 0.03558059235601406, 0.6708206464262243], [0.36240465119846393, 0.2845422673057285, 0.07384741588192259, 0.279205665613885], [0.08986482714024772, 0.3539607539553175, 0.031983715095101437, 0.5241907038093332], [0.0041850392022182315, 0.019862469104607587, 0.9356214370754009, 0.040331054617773435], [0.051678977410647246, 0.07021599115597017, 0.7250945401377538, 0.15301049129562883], [0.14980861135276619, 0.17846221031976084, 0.02858907078747171, 0.6431401075400014], [0.3106148604946483, 0.12536501448577794, 0.005851249951894031, 0.5581688750676795], [0.017931040498699667, 0.6330181489582426, 0.1124709724977317, 0.23657983804532623], [0.0233107641258708, 0.150250198249029, 0.7423551575457128, 0.08408388007938748], [0.02660015843263351, 0.044921366692321774, 0.5316231176338101, 0.3968553572412345], [0.48045076579925183, 0.17641205540642876, 0.026160305259089967, 0.3169768735352294], [0.04748045255787225, 0.0747604441640761, 0.8019194611523884, 0.07583964212566308], [0.11428158732097186, 0.06918699825637366, 0.04883005650415525, 0.7677013579184995], [0.2614090312433557, 0.06550893240609088, 0.1286503580089528, 0.5444316783416004], [0.8441798702394984, 0.024399058921521756, 0.045521564262898294, 0.08589950657608125], [0.5302073329353404, 0.09549919527375128, 0.023064993295000277, 0.351228478495908], [0.07029563632685513, 0.4381321716724686, 0.11189690227342075, 0.3796752897272556], [0.48417632296419033, 0.10465250730620679, 0.005099667958791358, 0.40607150177081175], [0.2606755619923781, 0.22379756585932764, 0.11646986089402558, 0.3990570112542688], [0.0679803219709453, 0.08000697383123312, 0.6305672533351346, 0.2214454508626875], [0.3041705525122643, 0.3920177646342919, 0.11360231051276247, 0.1902093723406811], [0.019144852729174506, 0.30301682903214916, 0.17627059111435922, 0.501567727124317], [0.5226928475607072, 0.1559130551183056, 0.09491675839167127, 0.22647733892931582], [0.5343284002597958, 0.1297340951320011, 0.013566122950945177, 0.3223713816572579], [0.1635087056192229, 0.24663565231658477, 0.07867913195790141, 0.5111765101062908], [0.03738364935120596, 0.6046871662122972, 0.17145150588019717, 0.1864776785562993], [0.4673409632541798, 0.16615335367411513, 0.04882439662302579, 0.3176812864486794], [0.043550925462871516, 0.08936717066039261, 0.25034236605573584, 0.6167395378210001], [0.07078552225512988, 0.12599830320164582, 0.0448340769190373, 0.7583820976241868], [0.4513479469067508, 0.24571966640825116, 0.17607192659006826, 0.12686046009492982], [0.25292571404274733, 0.3873836850349109, 0.03005012812103946, 0.32964047280130226], [0.22826442637660124, 0.0728043169888708, 0.2882993116374536, 0.410631944997074], [0.135940657318953, 0.15999573283073695, 0.25043651207108875, 0.45362709777922117], [0.18642709251730305, 0.16965782470313925, 0.029072334390034982, 0.6148427483895229], [0.44543818052079803, 0.3548661877678299, 0.012381572576487221, 0.18731405913488464], [0.07962714255937726, 0.12151801339749928, 0.775169321648675, 0.02368552239444829], [0.04700262982546984, 0.2602735667089012, 0.31939664326883704, 0.3733271601967916], [0.32644144311401774, 0.452511779511324, 0.11919883295967343, 0.10184794441498457], [0.09599012142740472, 0.23249925277066155, 0.13604586903726906, 0.5354647567646643], [0.1339303010645194, 0.08446362701193401, 0.45054867899524476, 0.33105739292830183], [0.30171503956343104, 0.11155429452881718, 0.1684556366851816, 0.41827502922257026], [0.12532515362982463, 0.055198248638045566, 0.5134895222232568, 0.3059870755088728], [0.2843930193086498, 0.07812955988517957, 0.02335243630334327, 0.6141249845028275], [0.4579585913923288, 0.11775070100771093, 0.02362072886185551, 0.4006699787381046], [0.00906780813763038, 0.16920606581805753, 0.3049939869194587, 0.5167321391248535], [0.2322852756501736, 0.6686817473658522, 0.028441322828179932, 0.07059165415579437], [0.03350766106539026, 0.6662277595789804, 0.16444221935733164, 0.13582235999829778], [0.23176484844389414, 0.6355212256158478, 0.06931285433652148, 0.06340107160373618], [0.3459938502474068, 0.3309160199746624, 0.04084897890962557, 0.2822411508683052], [0.08773295595151118, 0.7884123122159035, 0.014644125548263399, 0.10921060628432214], [0.06582306331073802, 0.4920019684581271, 0.22388318431193702, 0.21829178391919796], [0.4078364519152124, 0.06125241856429213, 0.039880094252269065, 0.49103103526822656], [0.01148115723324024, 0.20712700477982723, 0.6223958825659808, 0.15899595542095174], [0.0417921749360454, 0.06669860559952298, 0.8396010594569058, 0.05190816000752571], [0.11437370794944712, 0.17179702901837476, 0.3272611217038282, 0.38656814132834993], [0.44271458216200316, 0.2745947285794852, 0.13809376979895932, 0.1445969194595522], [0.17172182918156884, 0.1524333859650659, 0.009005269529235837, 0.6668395153241291], [0.5036340955630183, 0.1406200820965846, 0.009752333718285225, 0.3459934886221118], [0.055360892459051333, 0.09965459382974343, 0.013630422115977934, 0.8313540915952271], [0.03045719965601661, 0.29139701529584033, 0.2862890079428327, 0.3918567771053105], [0.247276234326315, 0.11842654866071002, 0.1181924863010401, 0.5161047307119347], [0.05270365267529735, 0.8212608581779144, 0.0520601239737302, 0.07397536517305787], [0.5797111476609798, 0.09750129783249312, 0.18751298468990488, 0.1352745698166222], [0.07219379884030977, 0.27998365060756036, 0.2964029369770491, 0.351419613575081], [0.2780380894742246, 0.5697152111129412, 0.0064963736510376974, 0.1457503257617965], [0.2812832467778012, 0.11210919493683189, 0.009965392847792421, 0.5966421654375744], [0.034601560277348474, 0.07536814274112717, 0.282928964329414, 0.6071013326521101], [0.6150215147851781, 0.012192220180730861, 0.031072318733862802, 0.3417139463002281], [0.31021825434415856, 0.3318536155625005, 0.2387779839814443, 0.11915014611189637], [0.1341208956909798, 0.15215334036518777, 0.5720647757570946, 0.14166098818673822], [0.5318813052841359, 0.25838954373945383, 0.01215540768262044, 0.19757374329378982], [0.4557638142848033, 0.12168841392586247, 0.12728541063452933, 0.2952623611548051], [0.021474818650917188, 0.33972980670360137, 0.4888784821814366, 0.14991689246404485], [0.1301727209868732, 0.3316650432825984, 0.4559063163618014, 0.08225591936872688], [0.036460604553655664, 0.14865459244559784, 0.13745636620609444, 0.6774284367946523], [0.10215773783186255, 0.3430149612287371, 0.5022641821718288, 0.05256311876757211], [0.8622234946779398, 0.08138030213507456, 0.015762528190686163, 0.04063367499629954], [0.11393123762556559, 0.36926069003320244, 0.257104221443442, 0.25970385089778997], [0.6169043913616284, 0.08674407510235027, 0.006498440588849195, 0.28985309294717215], [0.07787772089733809, 0.05497441593008995, 0.09566037130424997, 0.7714874918683218], [0.5834985306656489, 0.34966111940389244, 0.007296951454158706, 0.05954339847629979], [0.04023269421841998, 0.7502208173690507, 0.1323113510823903, 0.07723513733013893], [0.05398097279973451, 0.33988621559821786, 0.5472513273149973, 0.05888148428705025], [0.44360574625604854, 0.11291112163067205, 0.3001409852850959, 0.14334214682818328], [0.2144660720010257, 0.07622003858461412, 0.4448168150028686, 0.26449707441149134], [0.13544370544642428, 0.14319549465951356, 0.6771781267699154, 0.044182673124146594], [0.6346827715081642, 0.1792954957684488, 0.0074307444877014205, 0.1785909882356856], [0.016061391052790495, 0.2401937966530788, 0.7001061323469125, 0.04363867994721801], [0.032073626796810466, 0.35308096280569057, 0.5034582409807467, 0.1113871694167523], [0.6687064717746986, 0.14328767689320318, 0.011956068054052596, 0.17604978327804557], [0.2524046082602945, 0.24800500674637765, 0.08794084687302464, 0.4116495381203034], [0.14046498893603657, 0.34733848558702574, 0.03896995588007033, 0.4732265695968674], [0.11078772372466038, 0.28694775150594415, 0.02299090753482276, 0.5792736172345726], [0.8214668309057226, 0.012109675312762136, 0.014827756156710939, 0.1515957376248043], [0.01912788898665681, 0.025269669232856097, 0.9438720883486814, 0.011730353431805618], [0.3377984298084956, 0.47983053037429324, 0.08073432304111443, 0.10163671677609672], [0.13749777419155865, 0.5294861353253748, 0.045461712448578585, 0.2875543780344878], [0.052876318845743515, 0.12727314710691448, 0.5918065851433075, 0.22804394890403482], [0.9076397903435008, 0.007025676149275963, 0.003694162155160936, 0.08164037135206244], [0.13281500304161728, 0.10469828941021492, 0.39298245768302204, 0.3695042498651458], [0.8023295446336532, 0.05740323071461429, 0.009852376595490809, 0.13041484805624162], [0.012124861600808988, 0.14380529011982704, 0.8080084258422255, 0.036061422437138224], [0.03885053295375548, 0.5487611110839483, 0.27376553286798233, 0.13862282309431384], [0.15150228251293973, 0.5639751297865561, 0.026402560359036858, 0.25812002734146733], [0.4500301960677716, 0.191660788769319, 0.24108139146318086, 0.11722762369972815], [0.20918860422513252, 0.11749124631679371, 0.25906440325246227, 0.41425574620561134], [0.5795283620619266, 0.06905711151781006, 0.11668604342641385, 0.2347284829938494], [0.013144508101185427, 0.06649166745532302, 0.9053587528553432, 0.015005071588148379], [0.7964883823674443, 0.009934361180371446, 0.14145706118004173, 0.052120195272142476], [0.4059089847013091, 0.14062438929790122, 0.09791406744280694, 0.35555255855798273], [0.506000676128382, 0.11650104966226023, 0.045142278936926225, 0.33235599527243176], [0.5220661118300862, 0.023023150154187894, 0.01672261168278637, 0.43818812633293985], [0.08953108222809603, 0.4206965390884099, 0.05739734331868853, 0.4323750353648055], [0.01141985314394308, 0.14734123810115535, 0.7889177655295256, 0.05232114322537595], [0.11848547014859413, 0.15516568049032348, 0.03677444667028418, 0.6895744026907981], [0.036186213450061906, 0.20944354040264967, 0.2304437986363573, 0.523926447510931], [0.13993891927762264, 0.5611768099947455, 0.12294801024616016, 0.17593626048147196], [0.1758552792867892, 0.4154841124663081, 0.15419614151015967, 0.2544644667367429], [0.3469501825694554, 0.22837540079910393, 0.016135028165129905, 0.40853938846631066]]}, "rewritten": {"ids": ["97105451", "97105760", "97106591", "98106880", "98107380", "98108370", "98109090", "98109230", "98110810", "98111231", "98111670", "98111860", "98112580", "98116500", "99105921", "99107300", "99107630", "99107950", "99108010", "99108580", "99108710", "99109840", "99110050", "99111440", "99114890", "99120010", "100108580", "100111390", "100112060", "100113370", "100115700", "101108950", "101109120", "101110740", "101111620", "101119030", "102110500", "102110690", "102112030", "102112170", "102113210", "102116340", "103109791", "103110220", "103111110", "103111170", "103111990", "103112470", "103112641", "104112201", "104112470", "104113550", "104114230", "104114410", "104118070", "104119340", "105113330", "105113620", "105116441", "105119550", "106113190", "106114321", "106116820", "106117770", "106119990", "106121220", "107112850", "107114140", "107114490", "107114780", "107115250", "107118120", "107118520", "107118780", "107120880", "107121540", "108113480", "108113620", "108113760", "108115570", "108115970", "108116501", "108117610", "108117720", "108118060", "109113931", "109115380", "109116170", "109116441", "109117110", "109117730", "109118701", "109119591", "109120150", "109120560", "109121410", "110113931", "110114651", "110114720", "110114920", "110115120", "110115250", "110115710", "110116290", "110116501", "110117500", "110118181", "110118930", "110119300", "110119891", "110120190", "110121500", "111115620", "111116010", "111116040", "111117571", "111119250", "111119290", "111119300", "111119580", "111119950", "111120220", "111120320", "111120540", "111121930", "112116610", "112116810", "112116850", "112118880", "112118930", "112119120", "112119950", "112121010", "112121410", "113119450", "113120070", "113120260", "113120280", "113121220", "113122150", "113122170", "113122190"], "labels": [0, 0, 1, 0, 1, 1, 1, 1, 1, 1, 1, 0, 2, 2, 1, 3, 2, 1, 2, 0, 2, 2, 3, 3, 2, 2, 0, 2, 2, 3, 1, 2, 1, 3, 3, 3, 3, 0, 2, 3, 3, 3, 3, 2, 3, 2, 2, 1, 3, 0, 1, 1, 2, 1, 2, 1, 3, 0, 1, 1, 0, 2, 1, 0, 0, 1, 1, 2, 3, 2, 2, 3, 2, 1, 1, 2, 0, 3, 1, 3, 2, 0, 3, 1, 1, 1, 3, 0, 3, 1, 3, 3, 0, 2, 1, 0, 1, 3, 3, 3, 0, 1, 2, 2, 3, 1, 1, 1, 1, 3, 3, 3, 1, 1, 0, 3, 1, 3, 1, 3, 0, 3, 1, 1, 1, 1, 3, 0, 1, 1, 1, 0, 2, 0, 3, 2, 3, 0, 3, 2, 1, 1], "predicted_labels": [0, 3, 3, 3, 3, 2, 1, 2, 1, 0, 2, 2, 3, 3, 1, 0, 0, 1, 3, 2, 1, 2, 3, 0, 2, 2, 2, 3, 2, 3, 3, 2, 1, 1, 0, 1, 3, 3, 1, 0, 3, 3, 3, 3, 3, 2, 1, 0, 2, 0, 3, 0, 2, 3, 2, 0, 3, 1, 1, 0, 0, 0, 0, 1, 3, 0, 1, 1, 3, 3, 1, 3, 1, 3, 3, 1, 3, 3, 0, 3, 3, 0, 3, 3, 0, 0, 2, 1, 0, 3, 0, 3, 1, 2, 1, 3, 1, 3, 2, 3, 3, 3, 3, 2, 3, 0, 1, 1, 1, 3, 0, 1, 3, 3, 0, 0, 2, 3, 3, 0, 3, 0, 3, 3, 0, 1, 0, 3, 3, 0, 3, 0, 3, 3, 0, 2, 1, 0, 3, 3, 3, 2], "confidence_scores": [[0.763960044678757, 0.07583580566948527, 0.012297123099916624, 0.1479070265518413], [0.1294693550603629, 0.08704186156327144, 0.3426626365230776, 0.44082614685328764], [0.0593329194543272, 0.24147657517384194, 0.45390771039786965, 0.24528279497396163], [0.03659976469519621, 0.08358676988446273, 0.4831739395843529, 0.39663952583598805], [0.1095113098070282, 0.12610999326334307, 0.3544497421943902, 0.40992895473523866], [0.0027079298250904335, 0.014883542579722065, 0.9611913015123046, 0.021217226082883005], [0.09270275228878852, 0.3917339494935623, 0.4561320050788947, 0.059431293138754365], [0.057860137608463105, 0.13245504888668846, 0.7837531977192781, 0.025931615785570235], [0.017268188433572352, 0.9660896411543218, 0.01127437941051445, 0.0053677910015914035], [0.6238524978817225, 0.17581732632695388, 0.035031963398547084, 0.1652982123927764], [0.06960892910068495, 0.09124279194463746, 0.7124001665959918, 0.12674811235868563], [0.03204506983993619, 0.19789053389051417, 0.7298469972906606, 0.04021739897888903], [0.011780348506678286, 0.25622457752392364, 0.47557274413688455, 0.25642232983251345], [0.15111672391811506, 0.260549138618319, 0.17831880617540133, 0.4100153312881646], [0.3201345025493404, 0.3975633677776061, 0.1872623963406911, 0.09503973333236246], [0.4049205369727552, 0.17015606072836847, 0.012197890162363743, 0.4127255121365128], [0.532016496959047, 0.03608323129233564, 0.19006670914285276, 0.24183356260576483], [0.00282952486946846, 0.4284244069767423, 0.16006079077697466, 0.4086852773768145], [0.1574916415881641, 0.3140912182678071, 0.2194859154110289, 0.3089312247330001], [0.13617794287405144, 0.11593591534424616, 0.7174473472434859, 0.03043879453821633], [0.017068450832904706, 0.8607340874323447, 0.04172975623661713, 0.08046770549813352], [0.014928628566602056, 0.04220985924743475, 0.7179534404226238, 0.22490807176333974], [0.030865200412075324, 0.14068389127118636, 0.14662239007964437, 0.6818285182370941], [0.6355460010851762, 0.10282788705405622, 0.14084024627797279, 0.1207858655827949], [0.03223927224502619, 0.1941807345402843, 0.6819276526036732, 0.09165234061101608], [0.08733011352167465, 0.1568528977316131, 0.6019438280690789, 0.15387316067763343], [0.03067890514832491, 0.02273545056070983, 0.929374877650377, 0.01721076664058851], [0.2826870771707678, 0.3052221441781156, 0.06703469494624677, 0.34505608370487], [0.2337501629622022, 0.14004485741580117, 0.5376051762480474, 0.08859980337394913], [0.10553002247199794, 0.1544316700613754, 0.5195560651950822, 0.22048224227154492], [0.30461457814224197, 0.22392616529580486, 0.05285938788097092, 0.4185998686809825], [0.22295248280206756, 0.09242796755960064, 0.4951960101246748, 0.189423539513657], [0.09360228282739066, 0.3530476392145741, 0.36946075337852363, 0.18388932457951152], [0.042092357300970815, 0.6401301165461065, 0.08664870356339527, 0.23112882258952755], [0.6634309426773126, 0.02642298974381231, 0.058547970047461706, 0.2515980975314134], [0.17374195066183343, 0.3988573072842956, 0.07600335800796332, 0.3513973840459077], [0.2924416652439408, 0.08629366748422174, 0.04520490950444237, 0.576059757767395], [0.21682514824607152, 0.10650614659223512, 0.016403582986366322, 0.6602651221753273], [0.03501437941404889, 0.6891985688925378, 0.12760358830908672, 0.1481834633843267], [0.7211882509691161, 0.012447116390855108, 0.1620713893992988, 0.10429324324072997], [0.09206856698383611, 0.10369556339697156, 0.3476103253354971, 0.456625544283695], [0.05502799918196645, 0.23576745961797183, 0.4651742698608615, 0.24403027133919974], [0.15391622791210616, 0.0937537131504124, 0.37400742035636797, 0.37832263858111365], [0.06428303028268754, 0.2692664097553697, 0.1686066903653823, 0.49784386959656046], [0.06792896601332771, 0.13717539179231086, 0.06827872367976878, 0.7266169185145925], [0.051294051634633984, 0.22092397425231375, 0.6465284434122417, 0.08125353070081048], [0.11030450685755994, 0.4692314591411717, 0.036466795165742374, 0.38399723883552594], [0.427107427027051, 0.1678959078818508, 0.27491461885167195, 0.13008204623942626], [0.20840837186201014, 0.1945223180172218, 0.3857191232711183, 0.21135018684964993], [0.7774811587199144, 0.07088953530148102, 0.00901032150602883, 0.14261898447257557], [0.0262810286576438, 0.11997380537750554, 0.32875274273664773, 0.5249924232282025], [0.45333360330288, 0.023864249997878766, 0.09840503300082637, 0.424397113698415], [0.017254498432245302, 0.11943271747899224, 0.8045068070567352, 0.05880597703202706], [0.34452286860191206, 0.09223501815388165, 0.03383553907486002, 0.5294065741693463], [0.056426688839131815, 0.2565507418992685, 0.604292264298659, 0.08273030496294068], [0.6332711333551424, 0.09347288419969167, 0.010061767479848414, 0.2631942149653175], [0.3894917147264289, 0.03236818705257737, 0.014455029976918611, 0.5636850682440748], [0.026839745075915095, 0.7855713305154771, 0.13540808222028053, 0.052180842188327275], [0.24094848264427843, 0.47458033004260886, 0.06263850301811011, 0.22183268429500258], [0.43649543698415694, 0.16622364704888606, 0.00781437050076031, 0.38946654546619675], [0.5277926654174246, 0.09188161836105636, 0.05384197480763674, 0.326483741413882], [0.28066080680246575, 0.14136747141859687, 0.39424256016950604, 0.1837291616094314], [0.3374799782840695, 0.3327732312456733, 0.055173312196025025, 0.27457347827423223], [0.113956424447516, 0.5523853969205743, 0.16630913695572655, 0.16734904167618286], [0.11034344566986139, 0.30170867372936294, 0.02820254266715672, 0.559745337933619], [0.360976026356284, 0.09862881602523654, 0.15965990904291893, 0.3807352485755604], [0.14683420728507413, 0.779399195262794, 0.03103012785769974, 0.042736469594432315], [0.13177299429693806, 0.6952483199379719, 0.019025588116449506, 0.1539530976486406], [0.11026609656647585, 0.3355199711431117, 0.08830883174931561, 0.4659051005410969], [0.24834706847523177, 0.29856241371776265, 0.202008300164947, 0.25108221764205846], [0.11813096345059555, 0.41137186161317296, 0.23682092394232618, 0.2336762509939053], [0.26841632506273905, 0.14134936711844145, 0.020411697646611313, 0.569822610172208], [0.05677373625887482, 0.5650569572891441, 0.11568247411630875, 0.26248683233567266], [0.38395139655380356, 0.12533949194128927, 0.024615475553128367, 0.4660936359517788], [0.06579163038150651, 0.11766888668673342, 0.4653201246090537, 0.3512193583227066], [0.13850907366991919, 0.49823412721485133, 0.11182024100920207, 0.2514365581060272], [0.11009736519182618, 0.18338277051058097, 0.2466119070874248, 0.45990795721016803], [0.29091853126455897, 0.10429199680339714, 0.2652739588371124, 0.3395155130949316], [0.45336045617420495, 0.2588695583095988, 0.18056637403530967, 0.10720361148088667], [0.27430835513722673, 0.12077627474682212, 0.11718163429837866, 0.4877337358175728], [0.2836381480866351, 0.09236935883891911, 0.02888646987765338, 0.5951060231967924], [0.6172236778407159, 0.05561238933573349, 0.06399637711810335, 0.2631675557054475], [0.4503553160294223, 0.03685642622775779, 0.01517343082681566, 0.49761482691600417], [0.15349608796639885, 0.24741513168125695, 0.08427106225221113, 0.5148177181001329], [0.347411121076705, 0.29816229554139995, 0.06553857526826831, 0.28888800811362675], [0.5857889142527348, 0.22014476782275952, 0.00868180259736471, 0.18538451532714087], [0.008306216918841229, 0.3171603289449105, 0.6153929153061961, 0.059140538830052304], [0.07301827334712682, 0.4497074729432562, 0.07094422212881464, 0.40633003158080233], [0.4824775536309096, 0.2989845912875281, 0.01214834196555108, 0.20638951311601123], [0.38522492873567354, 0.12407685544838885, 0.0403755767509309, 0.4503226390650067], [0.8960847689353454, 0.06500474939435756, 0.014299768619307, 0.02461071305099005], [0.22227353631990768, 0.1608457966426363, 0.01619248607565949, 0.6006881809617963], [0.1663293207677221, 0.6242347031385693, 0.12890677271188464, 0.0805292033818238], [0.1250935302463225, 0.12241705583569173, 0.590582190774841, 0.16190722314314504], [0.018673664714025914, 0.34273998721367055, 0.4458363244257507, 0.1927500236465529], [0.04662462501652542, 0.1334661892305412, 0.011334486571480125, 0.8085746991814534], [0.2712957679299538, 0.49927764254600404, 0.009522434245990252, 0.21990415527805215], [0.19405139680229871, 0.17714152455558654, 0.013731585438454182, 0.6150754932036606], [0.03610193236165573, 0.2494707121819363, 0.6785251848491528, 0.03590217060725492], [0.347672288084091, 0.11470098948215927, 0.15918696285993233, 0.37843975957381726], [0.3700328805234378, 0.17593953554281513, 0.03168267267975822, 0.4223449112539891], [0.13014785162108866, 0.04384083592231926, 0.14324889275463054, 0.6827624197019614], [0.32412265328513373, 0.19885508793442574, 0.10595064579948445, 0.371071612980956], [0.22466333997347734, 0.03487577768853925, 0.5821584820189639, 0.15830240031901938], [0.15800672936678153, 0.19068173687792628, 0.012322315343461569, 0.6389892184118309], [0.5620761460664785, 0.1612273516473407, 0.06426929909568148, 0.21242720319049962], [0.3457912105277427, 0.3717012380157329, 0.014513985654387145, 0.2679935658021373], [0.08707081761742642, 0.4731878684902134, 0.04664795320340117, 0.39309336068895917], [0.1493186135251168, 0.7340781427053229, 0.05605377027457302, 0.06054947349498735], [0.06214850078230499, 0.18492005442151233, 0.08487964365021301, 0.6680518011459697], [0.5096480522975156, 0.1530968686865726, 0.011111421377290863, 0.32614365763862097], [0.20336381861663366, 0.4325274384551972, 0.03209879499183971, 0.33200994793632915], [0.29874481434448646, 0.04496443660428676, 0.11380279691893885, 0.542487952132288], [0.11737153719204255, 0.31229488264962585, 0.24045656757192693, 0.32987701258640467], [0.4720100600263675, 0.13949166810884486, 0.029478696409880965, 0.359019575454907], [0.5475290044287922, 0.10158605049245562, 0.007213924150159035, 0.3436710209285932], [0.04171070815292543, 0.1780420814299804, 0.5311111351774791, 0.24913607523961512], [0.02517995128547857, 0.18607289750663164, 0.4316353605075977, 0.3571117907002921], [0.1148743118397855, 0.19244465596450314, 0.057997770837999826, 0.6346832613577115], [0.8424610936746686, 0.0277706133380558, 0.058803706172145774, 0.07096458681513006], [0.21580526103342842, 0.10445779066213629, 0.21172107382968694, 0.46801587447474857], [0.591720427327371, 0.36213749245721916, 0.004815174455780597, 0.041326905759629114], [0.14929819242256276, 0.3036825578470972, 0.04236981533991013, 0.5046494343904301], [0.16410435793349415, 0.3725728097745313, 0.19176149780499363, 0.27156133448698094], [0.8729437710860296, 0.008938845226893954, 0.014396680066021742, 0.10372070362105473], [0.2799369757857813, 0.4518836755462784, 0.1390263974945746, 0.12915295117336584], [0.2166411149799624, 0.3317818159208489, 0.36950023992295916, 0.08207682917622944], [0.10678630561904964, 0.13922649815653315, 0.09183786455709451, 0.6621493316673224], [0.027471185526830394, 0.19085487372027551, 0.21296150936434632, 0.5687124313885478], [0.5186228622592672, 0.1062684788807408, 0.036376515419368684, 0.33873214344062347], [0.19827841952959796, 0.10765810538958447, 0.40537732838324897, 0.2886861466975686], [0.662262422188211, 0.050775778713078416, 0.052026249554329246, 0.2349355495443813], [0.16296014834406936, 0.31574252963657895, 0.1794564636024325, 0.3418408584169192], [0.2160430766327525, 0.20696457410979585, 0.02952950261220644, 0.547462846645245], [0.5407789754498578, 0.05978946600063548, 0.07445606686591547, 0.3249754916835914], [0.1443600288372619, 0.2281496969054565, 0.4807543082232127, 0.14673596603406905], [0.050277968374617024, 0.37306965324729846, 0.5215933073940258, 0.055059070984058864], [0.5751828764075253, 0.009184290305065401, 0.017249042466638696, 0.39838379082077047], [0.050506631309488834, 0.07045986306691436, 0.2697017173393536, 0.609331788284243], [0.011995261240264338, 0.027823346434634973, 0.25395036152104716, 0.7062310308040537], [0.04420808398880809, 0.29444958483114414, 0.2427671206705562, 0.4185752105094915], [0.043002179942096305, 0.05934696931908429, 0.6955257097255914, 0.20212514101322815]]}}