{"test": {"ids": ["111115770", "105113440", "104112470", "100109360", "107113170", "113122430", "110114321", "113120830", "103118291", "100111270", "102117351", "112118701", "113118870", "111119950", "107117010", "107112850", "102110690", "101108621", "110115580", "99119830", "108117360", "112117660", "100120780", "97105580", "109118161", "105110091", "106118301", "103111480", "98108150", "100109890", "98112580", "109118701", "109119340", "102109840", "111119290", "113118690", "111120280", "99109311", "102118380", "109115220", "101111310", "112121410", "107116501", "108113480", "109115380", "99111930", "97105451", "107112840", "112116290", "98108410", "103110760", "105112100", "97116500", "100110260", "107115140", "99112840", "102116500", "112118550", "109121410", "111120320", "113121190", "108118810", "113117630", "111120531", "106115240", "99109840", "112119980", "101112690", "104119340", "98121790", "107121700", "107120130", "99107640", "104118070", "98110680", "113120070", "97116401", "108121160", "105110251", "101108460", "107119950", "110118181", "112116640", "113118620", "109117080", "99114890", "108114220", "112118581", "106117650", "106117790", "106113830", "101113210", "113119930", "98116500", "105115380", "110115980", "97112300", "102108621", "99111000", "113120531", "99112300", "108116070", "112117461", "97113900", "99110050", "97106770", "113120601", "104118340", "108114040", "104113550", "97112830", "110118161", "111116170", "97109570", "101109120", "98109311", "99112531", "103111110", "105113330", "108121351", "106115120", "113121010", "102110850", "99108330", "100107920", "113120640", "111120540", "102116340", "108117720", "103110840", "112119500", "113122190", "110116441", "109117271", "113119950", "113122120", "103113101", "112117790", "100111080", "105116860", "100109910", "102113350"], "labels": [3, 0, 1, 0, 0, 2, 1, 3, 0, 2, 1, 0, 0, 0, 1, 1, 0, 0, 1, 1, 1, 0, 1, 1, 0, 0, 1, 0, 0, 3, 2, 3, 3, 2, 3, 3, 0, 1, 1, 3, 3, 0, 1, 0, 3, 1, 0, 1, 0, 1, 1, 1, 2, 3, 0, 2, 1, 3, 0, 1, 1, 1, 0, 0, 1, 2, 0, 1, 1, 2, 3, 2, 1, 2, 2, 2, 3, 2, 0, 0, 3, 1, 0, 3, 1, 2, 3, 1, 1, 1, 1, 3, 1, 2, 1, 1, 2, 3, 2, 0, 0, 1, 0, 2, 3, 3, 2, 2, 0, 1, 2, 0, 0, 0, 1, 1, 3, 3, 3, 3, 1, 2, 3, 1, 0, 0, 1, 3, 1, 1, 2, 1, 3, 0, 0, 1, 3, 3, 0, 2, 2, 3], "predicted_labels": [0, 1, 3, 3, 3, 1, 3, 3, 0, 1, 1, 3, 3, 3, 3, 1, 3, 0, 1, 0, 0, 3, 3, 1, 1, 1, 0, 3, 3, 3, 1, 1, 3, 3, 3, 3, 3, 1, 1, 3, 1, 3, 1, 3, 3, 1, 1, 1, 1, 1, 3, 3, 1, 0, 3, 3, 1, 3, 3, 3, 1, 1, 1, 1, 0, 2, 3, 3, 1, 0, 3, 1, 1, 3, 1, 1, 1, 3, 0, 3, 3, 1, 1, 1, 1, 1, 0, 1, 1, 3, 0, 3, 3, 3, 1, 1, 3, 0, 3, 3, 3, 3, 3, 1, 1, 3, 1, 3, 3, 0, 3, 3, 1, 3, 3, 0, 3, 3, 3, 3, 3, 1, 1, 3, 3, 0, 1, 3, 3, 1, 1, 1, 1, 3, 3, 1, 1, 3, 1, 1, 2, 1], "confidence_scores": [[0.6815002386262292, 0.09552858401935453, 0.014615128416406853, 0.20835604893800938], [0.04922399652071637, 0.5344408154609877, 0.22009104203415647, 0.19624414598413972], [0.2448745893779245, 0.2918576425104176, 0.20915342525203576, 0.2541143428596219], [0.337709555415793, 0.15980725337621127, 0.12673422516327876, 0.375748966044717], [0.32606797479527183, 0.08430398586074919, 0.1096477542764107, 0.47998028506756824], [0.0653789453855679, 0.5616450374567405, 0.17796720778421768, 0.19500880937347398], [0.34229973531435676, 0.21882566375514279, 0.17111781540087617, 0.2677567855296241], [0.29817486174632346, 0.10629581184543427, 0.39487630270740937, 0.20065302370083307], [0.5419946521325852, 0.23883202819721033, 0.06635428600460003, 0.15281903366560462], [0.05508314553832799, 0.5259807260378927, 0.23186640805715836, 0.1870697203666211], [0.3027714209873155, 0.5167580298816403, 0.022415478883617522, 0.1580550702474265], [0.06616034845502873, 0.25214899666243756, 0.011486508285157194, 0.6702041465973764], [0.10554843346093637, 0.40581059491409266, 0.03827124024338659, 0.4503697313815845], [0.3486506552181871, 0.20430538630606654, 0.16306696506905605, 0.2839769934066904], [0.0906883494407299, 0.302994767239905, 0.1879691091026702, 0.4183477742166952], [0.07126170368051642, 0.548956646770033, 0.16190483246364037, 0.21787681708581025], [0.22988601412037718, 0.1152572016488555, 0.06349204528333664, 0.5913647389474301], [0.4855560945748231, 0.34132318705021575, 0.0308008053944684, 0.14231991298049262], [0.11763485878637799, 0.5149158155035893, 0.09362199794889146, 0.273827327761141], [0.3380789580399629, 0.16956563520306386, 0.3626128139268792, 0.1297425928300939], [0.31207438775412377, 0.31367096400282657, 0.1982654172534339, 0.1759892309896155], [0.13796640261443963, 0.2846212497517334, 0.02193147787418794, 0.5554808697596391], [0.2897462677414488, 0.2574793608669291, 0.07516883497188938, 0.3776055364197327], [0.01724652041286673, 0.6989029288431536, 0.182336190363409, 0.10151436038057057], [0.10547438806604846, 0.6798484846876012, 0.04311123265637721, 0.171565894589973], [0.3919978882539657, 0.38133074335361433, 0.04396086633574287, 0.18271050205667744], [0.8451093040292137, 0.05563337914317723, 0.009734156535243017, 0.089523160292366], [0.3927384198494774, 0.34366581344436065, 0.00892681152271809, 0.25466895518344385], [0.05097668793964525, 0.2056285627707313, 0.5906779096364572, 0.1527168396531664], [0.14278939147436415, 0.05627302757601242, 0.04680404682135658, 0.7541335341282669], [0.10109541275023579, 0.4660070781019631, 0.2151766392547118, 0.2177208698930892], [0.05811173016464832, 0.6947722414638419, 0.07667556152477986, 0.17044046684672967], [0.15255165195428017, 0.15184538136987696, 0.024288595499260004, 0.6713143711765828], [0.20548303428634754, 0.29507538359700153, 0.25093616118797313, 0.2485054209286777], [0.10235453702270537, 0.1178022912140122, 0.09743831111327342, 0.682404860650009], [0.06804125635003987, 0.24944061408055704, 0.08406348377719224, 0.5984546457922106], [0.22157289053902482, 0.1612756889483088, 0.04376724315647298, 0.5733841773561933], [0.20594049282348967, 0.5603340226569, 0.1252096824104639, 0.10851580210914705], [0.05669608163986385, 0.36643039233101055, 0.4530429598816316, 0.12383056614749399], [0.09953852943730244, 0.19165963554067153, 0.10947827917154905, 0.599323555850477], [0.3311765961319261, 0.31638660007820574, 0.2761416335178067, 0.07629517027206169], [0.3030683990633072, 0.18551652262463472, 0.09373841863169205, 0.417676659680366], [0.10769923545858857, 0.5788500525338168, 0.04454358141734148, 0.2689071305902535], [0.06217726530145462, 0.3424461033779382, 0.23525367599577549, 0.3601229553248319], [0.05529901176860137, 0.45393270418799553, 0.1228336363050725, 0.3679346477383306], [0.3224078870217739, 0.46466363157776047, 0.1424873009662445, 0.07044118043422141], [0.12441481087501685, 0.5222638555904074, 0.06491715453925788, 0.288404178995318], [0.01634816496945303, 0.7950190651519188, 0.10138055281272998, 0.08725221706589789], [0.031464779059933355, 0.6009434035182601, 0.17071297161142093, 0.19687884581038573], [0.04934932425571882, 0.4975520603475256, 0.20951733692585814, 0.24358127847089744], [0.10509534367341417, 0.19622623479913973, 0.10779678248103233, 0.5908816390464138], [0.31439400597815664, 0.05447273541802715, 0.1346602208761477, 0.4964730377276685], [0.27248715807301604, 0.37393780760814965, 0.1655767600911851, 0.1879982742276491], [0.6571756336079261, 0.05239679101501245, 0.016487999089039224, 0.2739395762880221], [0.2801492453432551, 0.01963375053505841, 0.0371414269831269, 0.6630755771385599], [0.032702483292562874, 0.1949580603914333, 0.6113000098365181, 0.16103944647948598], [0.19124343587889825, 0.4017533433876735, 0.17003708153240826, 0.23696613920101983], [0.35659712687937745, 0.29456747677274436, 0.059035939016348744, 0.28979945733152923], [0.041684647461758345, 0.4624292450634362, 0.07210829308988448, 0.42377781438492107], [0.11394338392325919, 0.3451382672856529, 0.11778302310205553, 0.42313532568903234], [0.11344017452080621, 0.4509316508914919, 0.10463511626348564, 0.3309930583242163], [0.03140108723687196, 0.6099884655446897, 0.03995417395523101, 0.31865627326320733], [0.21974327401855223, 0.33935421746306094, 0.22843009429417638, 0.21247241422421043], [0.3569920344687995, 0.38776078896246335, 0.0177511801935328, 0.23749599637520458], [0.7033336454209865, 0.14643074297197808, 0.036160107347799245, 0.11407550425923607], [0.0702231226814833, 0.2375574451692786, 0.5736293412557476, 0.1185900908934908], [0.3714840672938527, 0.2386985255849818, 0.07967803831423288, 0.3101393688069325], [0.29622375450557065, 0.1330993191211408, 0.03723912448669146, 0.5334378018865972], [0.022805205801984384, 0.5799355008775763, 0.11325977377090145, 0.2839995195495378], [0.5939883979146929, 0.165050231468633, 0.14999824965628764, 0.0909631209603865], [0.05972354605972627, 0.34966780593187324, 0.05746263560208406, 0.5331460124063166], [0.07710211520390048, 0.6904515285986841, 0.062099188007131885, 0.17034716819028373], [0.24066048318785535, 0.4017517282987267, 0.21598947371027583, 0.1415983148031421], [0.020994940735768866, 0.18570860144575116, 0.3381817761590358, 0.4551146816594444], [0.1465804889971781, 0.36580362333240773, 0.4414924365679813, 0.04612345110243314], [0.014331964460362941, 0.8318693726311951, 0.09090634580670462, 0.06289231710173716], [0.14934452310389282, 0.37553448409571655, 0.286261012919321, 0.1888599798810694], [0.055483854111865856, 0.10613620495022333, 0.033360712200908055, 0.8050192287370027], [0.6165854577143504, 0.2538416134595551, 0.0493587414273204, 0.08021418739877426], [0.14049579849685026, 0.06655008124039687, 0.09441723556619427, 0.6985368846965583], [0.1961989181596621, 0.3665104861393315, 0.022694542915303227, 0.4145960527857034], [0.1387517006025204, 0.6053199198236188, 0.22184560310242654, 0.0340827764714342], [0.05545075359974633, 0.6111111703629845, 0.12530137243792935, 0.20813670359933997], [0.07193720047202122, 0.5241871345234804, 0.09806153015711405, 0.3058141348473843], [0.0058184098474603095, 0.9060898985955738, 0.037726981198814964, 0.05036471035815115], [0.010377358027963746, 0.5723959933062538, 0.13957675817894646, 0.27764989048683614], [0.5837107093554704, 0.14775900207635354, 0.06157917146159707, 0.20695111710657887], [0.026250208412180755, 0.6058870500283975, 0.12390819751415051, 0.2439545440452712], [0.13042948708502977, 0.27081315369979597, 0.4887913957739751, 0.10996596344119922], [0.1115824590624685, 0.34724206729607804, 0.10307189394018021, 0.4381035797012736], [0.87300933470561, 0.011328173004874738, 0.0023852419837077257, 0.11327725030580738], [0.17825946949278282, 0.13726792675751007, 0.1900167854435883, 0.4944558183061186], [0.11962292000697426, 0.45136379556241646, 0.04509715942754121, 0.38391612500306793], [0.24811813947045108, 0.10505663074588062, 0.08557200383907801, 0.5612532259445903], [0.03592530476606421, 0.37365068616477487, 0.4451498814993578, 0.1452741275698031], [0.29166707788821916, 0.32391004512041754, 0.2444116232077364, 0.1400112537836272], [0.18774215133677125, 0.1543791336534854, 0.18886467787506145, 0.46901403713468215], [0.5850424071457447, 0.11075080089505435, 0.005587193235663745, 0.29861959872353727], [0.04202932056259953, 0.25255199884602914, 0.14218459198173558, 0.563234088609636], [0.13000299952177585, 0.35257766869818213, 0.030128935089215995, 0.4872903966908259], [0.20643292285038323, 0.07538774034901581, 0.32931544468182483, 0.3888638921187761], [0.19925516986155545, 0.2856035098410249, 0.19495472953237425, 0.32018659076504535], [0.20131014351419052, 0.11870349673603466, 0.028808459594964943, 0.6511779001548098], [0.3060830175040214, 0.3409562821706556, 0.23311110977753638, 0.11984959054778664], [0.09456482491178253, 0.4858755942690362, 0.12812867303819578, 0.29143090778098535], [0.1148523022430382, 0.11864948583098603, 0.5074649728026507, 0.2590332391233249], [0.04061266694185873, 0.5104965029408896, 0.3268902332036597, 0.12200059691359201], [0.13270395822916503, 0.20368878954304684, 0.27987682900039923, 0.38373042322738893], [0.08608719765205952, 0.24128006629381754, 0.4193179447388946, 0.2533147913152284], [0.8915406605588457, 0.007647943278503704, 0.003959733066509961, 0.09685166309614067], [0.2964958918087816, 0.16089750262768193, 0.21061612119575365, 0.3319904843677825], [0.2894270851274351, 0.30290556015291636, 0.04086430028791367, 0.36680305443173483], [0.1465940529564486, 0.6389333266552828, 0.019761741027496987, 0.1947108793607715], [0.3859932702675941, 0.06512101134904368, 0.2913987312055196, 0.2574869871778426], [0.27147872205724355, 0.1462883938283261, 0.12738324893472427, 0.4548496351797061], [0.5233963357555991, 0.23697229688197505, 0.08499363640230181, 0.15463773096012398], [0.12482251710436948, 0.31186102341385585, 0.15866295290370647, 0.4046535065780682], [0.20234723144377664, 0.3133360801371056, 0.1371855595143865, 0.3471311289047309], [0.2308227054938052, 0.07123820841965472, 0.009151387383207147, 0.6887876987033333], [0.14859147837996017, 0.15734339037835657, 0.083675704423179, 0.6103894268185044], [0.3089843916746628, 0.04327544850947179, 0.01730746267134215, 0.6304326971445233], [0.03299904044767936, 0.6260407326884018, 0.18583095538713865, 0.1551292714767803], [0.057505551931086675, 0.6857038766855078, 0.09423690952475614, 0.16255366185864933], [0.047967007780388225, 0.20392339229798082, 0.4236294363709942, 0.3244801635506367], [0.1388988542441657, 0.22207177137654796, 0.08941716237433885, 0.5496122120049475], [0.9460106892179551, 0.012306564650467013, 0.001379376869830737, 0.040303369261747386], [0.3028311221714617, 0.5203669536819412, 0.13791813762428531, 0.038883786522311774], [0.05887619687315503, 0.35465698400732704, 0.19738499622022823, 0.3890818228992897], [0.08847343651874609, 0.053289213022432586, 0.015798243681013527, 0.842439106777808], [0.07472527667108626, 0.5393122517119988, 0.10948106726069425, 0.2764814043562207], [0.016607100531389904, 0.3201229924603531, 0.6386383731462184, 0.02463153386203883], [0.034840994049649666, 0.39119747295971735, 0.29474377831810894, 0.2792177546725243], [0.03325863250480062, 0.5460062430198572, 0.03339680950263335, 0.3873383149727088], [0.04378471833929266, 0.3392658778728407, 0.06274072328867479, 0.5542086804991919], [0.11337898579809107, 0.04126498455136859, 0.012446964385671198, 0.8329090652648689], [0.047907624257322035, 0.4902528928633098, 0.08607859594146339, 0.3757608869379049], [0.24592900024075057, 0.36304454266362224, 0.1713071756355091, 0.2197192814601182], [0.17191559526331582, 0.15778813904177577, 0.012729932524640926, 0.6575663331702674], [0.19708299740039648, 0.3196663501512688, 0.419371566985425, 0.06387908546290978], [0.09916285279418982, 0.5490425660445084, 0.25867819131162645, 0.09311638984967523], [0.08293956333290832, 0.15781012160599223, 0.6410378094873938, 0.11821250557370579], [0.06136300921934188, 0.4403243063768306, 0.2241198006651602, 0.27419288373866746]]}, "rewritten": {"ids": ["97105451", "97105580", "97106770", "97109570", "97112300", "97112830", "97113900", "97116401", "97116500", "98108150", "98108410", "98109311", "98110680", "98112580", "98116500", "98121790", "99107640", "99108330", "99109311", "99109840", "99110050", "99111000", "99111930", "99112300", "99112531", "99112840", "99114890", "99119830", "100107920", "100109360", "100109890", "100109910", "100110260", "100111080", "100111270", "100120780", "101108460", "101108621", "101109120", "101111310", "101112690", "101113210", "102108621", "102109840", "102110690", "102110850", "102113350", "102116340", "102116500", "102117351", "102118380", "103110760", "103110840", "103111110", "103111480", "103113101", "103118291", "104112470", "104113550", "104118070", "104118340", "104119340", "105110091", "105110251", "105112100", "105113330", "105113440", "105115380", "105116860", "106113830", "106115120", "106115240", "106117650", "106117790", "106118301", "107112840", "107112850", "107113170", "107115140", "107116501", "107117010", "107119950", "107120130", "107121700", "108113480", "108114040", "108114220", "108116070", "108117360", "108117720", "108118810", "108121160", "108121351", "109115220", "109115380", "109117080", "109117271", "109118161", "109118701", "109119340", "109121410", "110114321", "110115580", "110115980", "110116441", "110118161", "110118181", "111115770", "111116170", "111119290", "111119950", "111120280", "111120320", "111120531", "111120540", "112116290", "112116640", "112117461", "112117660", "112117790", "112118550", "112118581", "112118701", "112119500", "112119980", "112121410", "113117630", "113118620", "113118690", "113118870", "113119930", "113119950", "113120070", "113120531", "113120601", "113120640", "113120830", "113121010", "113121190", "113122120", "113122190", "113122430"], "labels": [0, 1, 3, 0, 2, 2, 2, 3, 2, 0, 1, 1, 2, 2, 2, 2, 1, 1, 1, 2, 3, 2, 1, 0, 3, 2, 2, 1, 0, 0, 3, 2, 3, 0, 2, 1, 0, 0, 1, 3, 1, 3, 3, 2, 0, 3, 3, 3, 1, 1, 1, 1, 1, 3, 0, 3, 0, 1, 1, 2, 2, 1, 0, 0, 1, 3, 0, 1, 2, 1, 1, 1, 1, 1, 1, 1, 1, 0, 0, 1, 1, 3, 2, 3, 0, 0, 3, 1, 1, 1, 1, 2, 3, 3, 3, 1, 0, 0, 3, 3, 0, 1, 1, 1, 3, 0, 1, 3, 0, 3, 0, 0, 1, 0, 1, 0, 0, 0, 0, 3, 3, 1, 0, 2, 0, 0, 0, 3, 3, 0, 1, 0, 2, 0, 2, 0, 3, 2, 1, 1, 1, 2], "predicted_labels": [1, 1, 3, 3, 3, 3, 1, 1, 3, 3, 1, 0, 1, 1, 3, 0, 1, 1, 1, 1, 1, 3, 0, 3, 3, 3, 1, 3, 3, 3, 3, 2, 0, 2, 1, 3, 3, 0, 3, 1, 3, 1, 1, 3, 3, 1, 1, 1, 1, 1, 1, 3, 1, 1, 0, 1, 0, 0, 0, 3, 3, 1, 0, 0, 3, 3, 1, 1, 1, 0, 3, 1, 1, 1, 0, 1, 1, 3, 3, 1, 1, 3, 1, 3, 3, 2, 3, 1, 0, 3, 3, 3, 3, 3, 1, 1, 1, 1, 1, 3, 3, 1, 3, 0, 3, 1, 1, 0, 1, 3, 0, 3, 3, 3, 1, 1, 1, 3, 3, 3, 0, 1, 3, 2, 3, 3, 1, 3, 3, 1, 1, 3, 1, 1, 1, 0, 0, 1, 3, 1, 3, 1], "confidence_scores": [[0.08546107878761493, 0.6716492698401936, 0.04950075902449762, 0.19338889234769416], [0.023801531767681298, 0.6611226334966064, 0.17643564178012502, 0.13864019295558716], [0.20523353451289172, 0.14910129934581878, 0.42205743583930827, 0.2236077303019812], [0.11986957534148548, 0.08576712446540914, 0.40483914600880827, 0.38952415418429714], [0.17103634300198783, 0.17287251341880355, 0.1630576653119525, 0.49303347826725596], [0.2902430037491774, 0.1567793908201363, 0.27054081268599073, 0.28243679274469585], [0.39163468258878426, 0.3722410947048411, 0.10057802673577314, 0.1355461959706019], [0.11323723333637686, 0.5190792994268051, 0.26225347837800517, 0.10542998885881305], [0.26654915720004324, 0.3262999567318261, 0.15338355274071128, 0.2537673333274192], [0.08835282743823036, 0.23508404604281083, 0.5039543962310626, 0.17260873028789625], [0.1345810779842229, 0.5149112950004199, 0.06820129457746839, 0.2823063324378893], [0.6146329305915008, 0.18980886025948657, 0.052763392654995404, 0.14279481649401723], [0.12605927806421385, 0.44439337907766896, 0.40422909750289776, 0.025318245355219537], [0.033197731601663026, 0.5506134935588176, 0.1796729403322894, 0.2365158345072295], [0.087106865279937, 0.17197782328426148, 0.12177599577932441, 0.6191393156564772], [0.3558781491951418, 0.27614030778792475, 0.2021595920577116, 0.16582195095922203], [0.2749991878981798, 0.40770344928673563, 0.12603957499736712, 0.19125778781771735], [0.0174575388853191, 0.6109001946918763, 0.2201333829390965, 0.15150888348370817], [0.2826736744825925, 0.5095861312359166, 0.038843474454686965, 0.16889671982680396], [0.040817294210092454, 0.2919628510930993, 0.5732106793017818, 0.0940091753950266], [0.19445470546261678, 0.41653346220362863, 0.13275400741980758, 0.2562578249139469], [0.08633117292466522, 0.21000473551598522, 0.34265706354332615, 0.36100702801602347], [0.5139010770150063, 0.36164225450401055, 0.0583467414327191, 0.0661099270482643], [0.1288323889466141, 0.17341693886949075, 0.20868104195845286, 0.48906963022544236], [0.08824488916981892, 0.18561916197556153, 0.08926448968665797, 0.6368714591679617], [0.07282505615147593, 0.1932643996419045, 0.5307552648990153, 0.20315527930760413], [0.012548772415557245, 0.45688495913094934, 0.22602957771334736, 0.30453669074014605], [0.13058144260104482, 0.23668864953406302, 0.4839570334334177, 0.14877287443147397], [0.13420078729917786, 0.2353531250205939, 0.05434658660141937, 0.5760995010788091], [0.3151334118321417, 0.25434224330069455, 0.09064081976374261, 0.339883525103421], [0.1229988394517695, 0.11156476713468942, 0.22302018477761468, 0.5424162086359262], [0.11378902652046764, 0.1757540728139505, 0.6080147033410981, 0.10244219732448351], [0.7332325048445961, 0.18257028935073066, 0.010283376980624736, 0.0739138288240481], [0.1185569094670351, 0.18504447411974353, 0.6283034804114207, 0.06809513600180048], [0.04839472690477755, 0.5121815741428906, 0.3224105722607833, 0.1170131266915484], [0.2664987868363198, 0.19225402275963843, 0.04709032667647259, 0.4941568637275688], [0.10473621881324591, 0.20080750570002048, 0.061214787465697314, 0.6332414880210362], [0.4736020327682685, 0.368071781926216, 0.0176001445199828, 0.14072604078553289], [0.41800483812797407, 0.2422245481528614, 0.04546788546416139, 0.29430272825500325], [0.19284287894874266, 0.3633574704608446, 0.3464734013606104, 0.09732624922980236], [0.2139916620371271, 0.16514771115985333, 0.06900570188771259, 0.551854924915307], [0.06137892823276007, 0.4453149354187023, 0.3206188012921594, 0.17268733505637832], [0.08120647307599133, 0.575574083515385, 0.03144123493390272, 0.3117782084747206], [0.10779804549149889, 0.33780543897566806, 0.2512209515558575, 0.30317556397697526], [0.22971039601883753, 0.1414250305241021, 0.06132364328831957, 0.5675409301687407], [0.09460070056705942, 0.4525650158274592, 0.2154964094724494, 0.23733787413303192], [0.09652614081084057, 0.5645596409904958, 0.19973468297645225, 0.13917953522221135], [0.03959499200286778, 0.42611383774887734, 0.39491942429433236, 0.13937174595392246], [0.2635436346763528, 0.2575788353281337, 0.31915879130571667, 0.15971873868979677], [0.31805596343152437, 0.53683978924805, 0.01966518161810239, 0.1254390657023234], [0.0899373327073631, 0.4591290989515918, 0.36156532097246563, 0.08936824736857972], [0.08200478334444468, 0.4451902192177276, 0.11300215813708103, 0.35980283930074636], [0.0482094455305429, 0.5778969637017917, 0.07457318597726832, 0.29932040479039707], [0.25776216430292226, 0.44895261689299004, 0.06911281908875122, 0.2241723997153361], [0.43533273007600853, 0.33721268894212014, 0.017978142393201592, 0.20947643858866946], [0.31149655424667255, 0.3511767869194535, 0.14958609947994486, 0.18774055935392905], [0.4223779455133154, 0.2685478051139695, 0.09774297824648423, 0.21133127112623087], [0.4941707657269483, 0.1686659454004052, 0.14453730768223366, 0.19262598119041294], [0.5997984292674161, 0.05640587259033282, 0.03419250527525262, 0.30960319286699856], [0.028284868888458933, 0.20174648644173218, 0.4278471876454906, 0.34212145702431873], [0.1356165694859824, 0.1310250496826463, 0.17060384666766806, 0.5627545341637027], [0.03101784063858007, 0.47841513062663504, 0.2725293461110186, 0.2180376826237662], [0.59242196377092, 0.22760954379247814, 0.10007973383565387, 0.07988875860094798], [0.9181435230539498, 0.04685598256493369, 0.010156595535158847, 0.024843898845957682], [0.5209281937178062, 0.02295181279416317, 0.08964844896837092, 0.3664715445196599], [0.17650878878040507, 0.25601055564017894, 0.02211402121028278, 0.5453666343691334], [0.03623345670267626, 0.7432986401116565, 0.07025204587675414, 0.15021585730891357], [0.03857829204296187, 0.27496260237186165, 0.5650866503250501, 0.12137245526012651], [0.09636196432562702, 0.49270024337219015, 0.33432919769950825, 0.07660859460267468], [0.9225135716598262, 0.006778617322620991, 0.008745420600225637, 0.06196239041732735], [0.29232801589074603, 0.04103275828653953, 0.01891331220402577, 0.647725913618689], [0.2011529975576176, 0.3804802543690099, 0.18969281097575744, 0.22867393709761485], [0.056358948211537876, 0.410568596439283, 0.452727298151293, 0.08034515719788565], [0.03772714739088058, 0.4953404933332472, 0.13330578191395662, 0.3336265773619154], [0.8413378116239583, 0.08288636741718713, 0.015357372395742815, 0.06041844856311179], [0.22190940166638937, 0.4506629548253771, 0.2311935678003607, 0.09623407570787253], [0.0451193627406618, 0.5696175732103967, 0.23723019535107548, 0.148032868697866], [0.17845476322506362, 0.1441389199460176, 0.06718065180261655, 0.6102256650263022], [0.32125255048017504, 0.008606953807333428, 0.05670651853389072, 0.6134339771786007], [0.12770652116718156, 0.5825067227970705, 0.04391628548007741, 0.24587047055567057], [0.08665164755536862, 0.3838162420776354, 0.254409391618072, 0.2751227187489241], [0.1859791898727428, 0.4326090131397037, 0.0163818494067002, 0.3650299475808535], [0.13795696599784488, 0.4998935899386547, 0.09820447066314049, 0.26394497340035983], [0.10718717772639103, 0.34372972949883723, 0.07441613274158272, 0.47466696003318964], [0.03645327870154546, 0.38972121053863656, 0.19859554319886039, 0.3752299675609574], [0.15834883470310707, 0.08561259053954841, 0.6532172020455107, 0.1028213727118339], [0.44676488571524237, 0.13458463349223354, 0.07737792323233872, 0.3412725575601854], [0.046836430878180964, 0.5635804973858779, 0.09270333404159598, 0.29687973769434495], [0.34992615013548867, 0.2737712848328979, 0.2839590452402036, 0.09234351979140991], [0.08995782103309098, 0.05697950135439659, 0.02876799682490131, 0.8242946807876113], [0.1354942643903003, 0.4141833256768397, 0.12207332786754019, 0.3282490820653199], [0.04919245494925364, 0.24937449560012812, 0.06167603276335846, 0.6397570166872597], [0.29403615542349304, 0.2123453466027939, 0.05420765798185577, 0.4394108399918573], [0.09690772679042133, 0.24594504742036324, 0.16836967530372787, 0.4887775504854877], [0.08947061934259846, 0.40638442172649775, 0.28332781660868395, 0.22081714232222002], [0.020092975843229405, 0.8738280852226807, 0.0327816110752983, 0.07329732785879167], [0.05956336543518476, 0.6335174602650465, 0.0869619464034563, 0.21995722789631236], [0.2073074641154958, 0.7062445527960095, 0.03930833018849544, 0.0471396528999989], [0.025075677514230066, 0.545619372745129, 0.19229086735843975, 0.2370140823822018], [0.14169114628572077, 0.22098096441750653, 0.060531558360392056, 0.5767963309363807], [0.14830004695175705, 0.3465743317176886, 0.11853702921584626, 0.386588592114708], [0.3114506389556221, 0.3105555711842128, 0.1875355840919715, 0.19045820576819347], [0.037444440310806425, 0.4166686794246954, 0.17822436409492057, 0.36766251616957735], [0.4245649690250296, 0.1628220259584597, 0.2391539357593195, 0.17345906925719115], [0.0186305515439531, 0.3792857527694187, 0.0574002800544464, 0.5446834156321819], [0.17849288169652244, 0.573482425381191, 0.044993382690964215, 0.2030313102313225], [0.046340339555266966, 0.6704395096417104, 0.22271433656320153, 0.060505814239821154], [0.799853594413167, 0.04379802023843693, 0.025410698025169837, 0.13093768732322605], [0.19154584001055946, 0.5280124587478071, 0.09467434891826, 0.18576735232337327], [0.07540508327123477, 0.13490327412249178, 0.11400834500470103, 0.6756832976015721], [0.4727996074186953, 0.21759119456292436, 0.12140873526848195, 0.1882004627498986], [0.2876778754929796, 0.17471578421968423, 0.04764466121795633, 0.48996167906938], [0.13067292983608306, 0.39356717511614087, 0.11646435948472504, 0.35929553556305105], [0.41741151139669713, 0.2798787750954432, 0.013430190197173921, 0.28927952331068557], [0.39310752467447063, 0.47010429177925234, 0.11446456625029924, 0.02232361729597816], [0.05402515984265829, 0.644752483418081, 0.12098149836183339, 0.18024085837742693], [0.0593796831166216, 0.5840555514279652, 0.14694677337285067, 0.20961799208256254], [0.24180021641534333, 0.17636472998546204, 0.04843254524465936, 0.5334025083545354], [0.2974709288008359, 0.2735183840467938, 0.020435885038262255, 0.408574802114108], [0.13658364315348565, 0.2764878375243936, 0.04838043679701874, 0.5385480825251019], [0.4261761559914829, 0.30175464286472775, 0.14935628756679695, 0.12271291357699239], [0.039544638688213424, 0.6630387075753308, 0.08020015135476895, 0.21721650238168663], [0.07239740464170899, 0.255746791259103, 0.009735533426859592, 0.6621202706723281], [0.019760866113456812, 0.22746089797496974, 0.7191632050984886, 0.033615030813084985], [0.4152751257711631, 0.17783569094191415, 0.08585325697906017, 0.3210359263078623], [0.23789754629874701, 0.2225226347458265, 0.12746562687958593, 0.4121141920758406], [0.21294484981216935, 0.3536896485120428, 0.19458976695629637, 0.23877573471949154], [0.09202482351818717, 0.3779515664021697, 0.211443293832143, 0.31858031624750016], [0.11125340858171408, 0.34474676610576704, 0.03790080079100974, 0.5060990245215092], [0.17068889972021556, 0.6492886125058144, 0.031541057734808274, 0.1484814300391622], [0.24960841531626646, 0.5297635531624652, 0.048494247082410936, 0.17213378443885777], [0.18881837649841576, 0.08550937183154354, 0.014132178756492409, 0.7115400729135481], [0.02715627764185377, 0.754569410844264, 0.12499618613851536, 0.09327812537536675], [0.14582105683831026, 0.6786027003606528, 0.011979242147207433, 0.16359700065382923], [0.0749067017677409, 0.6083404798033858, 0.09992365585548475, 0.21682916257338822], [0.8899816111664491, 0.03276436746616269, 0.004065007630296542, 0.07318901373709129], [0.4966501283577902, 0.039451625806759434, 0.22756154210065588, 0.23633670373479443], [0.03677904900394344, 0.7950882375929218, 0.09244181869474614, 0.07569089470838868], [0.1815780173330072, 0.26018132530119636, 0.10837314389924038, 0.44986751346655646], [0.05128727587003534, 0.5241419420772451, 0.11482125328059287, 0.30974952877212664], [0.0278700228077279, 0.30893140854931567, 0.24067496362089563, 0.4225236050220608], [0.04418501859521915, 0.634411862289042, 0.12243821951286227, 0.1989648996028766]]}}