{"test": {"ids": ["102110750", "110115580", "109117271", "105117200", "112118471", "101116130", "104118070", "102109910", "112121410", "110118111", "104111990", "110114720", "109116750", "112117461", "110117140", "103120531", "107120260", "106116850", "111116750", "107121540", "98106111", "97113900", "109117150", "112116451", "105121190", "103109021", "109117730", "103113260", "101113210", "113122160", "109118231", "99112840", "97110950", "113122230", "105120280", "99107630", "107120010", "112117780", "108114270", "100109330", "108121160", "103117461", "105115680", "103111620", "113119340", "99107500", "113117401", "111116530", "111120220", "111119290", "107119390", "113122120", "111121351", "98111860", "97116790", "104113550", "97112170", "97109570", "108120700", "110118880", "110118930", "101115190", "113119450", "98106880", "98120530", "110116170", "111115780", "107113360", "97112290", "99111620", "99108000", "99105921", "97107681", "111120640", "110118630", "103111990", "108120280", "112120990", "98117740", "98107380", "108117360", "99112531", "110119300", "101112160", "101109120", "99117630", "98116090", "105117431", "97107920", "107116980", "99114890", "107117010", "100108080", "113117550", "109114270", "113118630", "112117431", "98112170", "110118450", "112120670", "99107950", "105115380", "108114040", "98108150", "105118171", "99109860", "112117210", "110113931", "112117790", "107114110", "109119450", "106113190", "112118511", "111116290", "112116501", "104116980", "110115120", "104111780", "103110760", "105113170", "108113700", "109120560", "99111000", "113118490", "111119300", "110118121", "108113480", "111120190", "108115870", "106114880", "108115570", "110114920", "99111440", "109121351", "108117610", "108116070", "111114941", "112116990", "106120290", "112116640", "104111880", "110116501"], "labels": [1, 1, 0, 3, 1, 2, 2, 2, 0, 1, 2, 3, 0, 0, 3, 3, 1, 3, 3, 2, 0, 2, 2, 0, 2, 0, 3, 3, 3, 3, 1, 2, 3, 1, 3, 2, 1, 0, 3, 0, 2, 0, 2, 0, 0, 0, 3, 3, 3, 3, 2, 1, 0, 0, 2, 1, 0, 0, 2, 0, 1, 1, 3, 0, 1, 0, 1, 0, 1, 3, 2, 1, 3, 0, 1, 2, 3, 2, 2, 1, 1, 3, 1, 3, 1, 3, 0, 1, 0, 3, 2, 1, 0, 3, 3, 3, 0, 3, 0, 2, 1, 1, 0, 0, 3, 2, 1, 1, 3, 1, 3, 0, 1, 2, 3, 1, 0, 3, 1, 0, 0, 1, 2, 1, 1, 3, 0, 3, 3, 0, 3, 3, 3, 0, 3, 1, 0, 0, 2, 0, 3, 3], "predicted_labels": [2, 1, 3, 1, 1, 1, 2, 0, 0, 0, 1, 1, 0, 3, 3, 3, 0, 2, 0, 2, 2, 2, 1, 3, 2, 0, 0, 3, 3, 0, 1, 3, 0, 2, 1, 3, 3, 3, 0, 1, 3, 3, 1, 1, 0, 1, 1, 1, 3, 3, 1, 1, 1, 2, 0, 0, 3, 2, 3, 0, 1, 0, 1, 1, 3, 0, 3, 0, 3, 1, 1, 1, 1, 0, 1, 1, 3, 1, 1, 2, 2, 3, 1, 2, 3, 3, 3, 2, 0, 1, 1, 1, 2, 3, 3, 1, 0, 0, 1, 1, 1, 1, 2, 0, 1, 2, 3, 0, 0, 3, 0, 3, 2, 2, 3, 1, 3, 1, 1, 1, 3, 3, 2, 3, 2, 1, 3, 3, 0, 1, 3, 1, 3, 0, 3, 2, 1, 2, 1, 1, 1, 1], "confidence_scores": [[0.00012299330270671243, 0.08104265212827799, 0.9169689283434779, 0.0018654262255373602], [0.038307245470497, 0.9028492332801932, 0.002966864307375597, 0.055876656941934257], [0.0010095184156299032, 0.010311914126618617, 0.0017443455946110362, 0.9869342218631404], [0.004504965867962905, 0.4376347741442977, 0.371713950490101, 0.18614630949763833], [0.00100517720084052, 0.960187133326926, 0.025848944024480288, 0.012958745447753092], [0.0005834303982294018, 0.9827089373431391, 0.004285757718753814, 0.01242187453987764], [0.0004826666420990369, 0.00014154823472075964, 0.9617893433910022, 0.03758644173217806], [0.4576334111497929, 0.07402890190277617, 0.27565419347764314, 0.19268349346978778], [0.9000812714666356, 0.0023935312442295467, 0.003798575413105551, 0.09372662187602905], [0.9469420645477425, 0.03320464424781284, 0.005125000553845665, 0.014728290650598788], [0.0031145597637748583, 0.9872759297508445, 0.005398121904092235, 0.004211388581288259], [0.011576942783880743, 0.8252282401830008, 0.13994648346380334, 0.02324833356931504], [0.7052667421410586, 0.019521652615319164, 0.2655113171725702, 0.009700288071052214], [0.068545781005491, 0.1811285865063909, 0.0021772114900097854, 0.7481484209981083], [0.1031653723589194, 0.05722641357242406, 0.0640840601611827, 0.7755241539074738], [0.0024012370396562085, 0.06170483361220493, 0.01453543532523006, 0.9213584940229087], [0.9323670134550951, 0.00027867827630882194, 0.04210342909581126, 0.025250879172784763], [0.00023552821425458422, 0.0036960379996996517, 0.9960515643367652, 1.686944928051125e-05], [0.9726738267306227, 6.132837684037392e-05, 0.01752553057867377, 0.009739314313862928], [0.0026461488791273483, 0.006147288592805294, 0.990346875933335, 0.0008596865947324194], [0.1420498263456847, 0.025973631683250974, 0.8203966069758895, 0.011579934995174868], [0.19039721452241834, 0.39084726272120646, 0.4065552781783982, 0.012200244577976924], [0.030605012171214082, 0.8572950252167004, 0.06522320700205157, 0.04687675561003393], [0.1403995757463406, 0.009445928466924151, 0.00016562957804448132, 0.8499888662086906], [0.02168022214372854, 0.07644472380039256, 0.58808571360487, 0.3137893404510088], [0.9388380300194161, 0.04584909648496369, 0.001480401976997259, 0.013832471518622961], [0.7927380250555134, 0.08041155319043383, 0.06052297354987244, 0.0663274482041802], [0.017889265457223358, 0.15196340734411454, 0.0015552229942143816, 0.8285921042044477], [0.0018833332112445649, 0.016668526089287667, 0.4515636506048451, 0.5298844900946226], [0.759206173728677, 0.015559364269176352, 0.004099455232986298, 0.2211350067691604], [0.0013208236797891979, 0.9761573578648391, 0.004423287241504535, 0.01809853121386729], [0.006230588613425346, 0.02729632044549893, 0.24069553418536355, 0.7257775567557121], [0.69624164996146, 0.000550141801909395, 0.13317173588094885, 0.17003647235568156], [0.009212712417820224, 0.023079043976779446, 0.964097747561883, 0.0036104960435173056], [0.0016537383487546518, 0.9983094123837263, 4.8801632702411006e-06, 3.196910424901574e-05], [0.001214180798011482, 0.003487384200761255, 0.0006564963884649235, 0.9946419386127623], [0.00046946089191161503, 0.000210423464132382, 0.00824835907988192, 0.9910717565640741], [0.012238771313531235, 0.008043872059855788, 0.00025890919021856316, 0.9794584474363944], [0.6802184026200552, 0.26228036982344544, 0.029188627472088776, 0.028312600084410555], [0.04981590077761861, 0.9465304649389169, 0.0014682792837561582, 0.00218535499970832], [0.0026546853754976373, 0.11136367759495426, 0.009319044941588429, 0.8766625920879597], [0.007051367303395476, 0.007946905613235546, 0.006460830066573558, 0.9785408970167955], [1.952288320839355e-05, 0.9388416775468117, 0.05811265592540756, 0.0030261436445724148], [0.02285199398917417, 0.8570473500154873, 0.009084031521326173, 0.11101662447401228], [0.9252185672194306, 0.0031186819712630738, 0.0029196325222264714, 0.06874311828707987], [0.004358444323577958, 0.943421657726079, 0.04136949113818988, 0.010850406812153119], [0.0005166951593251426, 0.991432383031836, 0.0004105102955580433, 0.0076404115132807544], [0.09781323577098004, 0.8084583107443929, 0.0004226514736034881, 0.0933058020110236], [0.06687509119031333, 0.23630264349495228, 0.014472800830744474, 0.6823494644839898], [0.0003054398341382807, 0.0002696905593655002, 0.0005956365041645879, 0.9988292331023316], [0.0002245304770989229, 0.9575765400192723, 0.029465603672338476, 0.012733325831290354], [0.030905709414524897, 0.5261428034571924, 0.40889929383275403, 0.03405219329552864], [0.0840190830558352, 0.9098019802799903, 0.0002654857050919177, 0.005913450959082586], [0.0025245091899616773, 0.15746279290625453, 0.8382464466638387, 0.0017662512399450752], [0.39803210634078817, 0.16976933599452096, 0.2510108309767658, 0.18118772668792502], [0.8796693454901889, 0.04616492392093996, 0.00023156386361800288, 0.0739341667252533], [0.026239757971815603, 0.03280764694737069, 0.03857148849507212, 0.9023811065857417], [0.16878472596478436, 0.003272570779754639, 0.5042609616090808, 0.32368174164638014], [0.4544482601568257, 0.008802773963874858, 0.009344465265905261, 0.5274045006133942], [0.5128215899306806, 0.018610428820109264, 0.0005166256785434951, 0.46805135557066657], [0.00506246884619315, 0.9838959556080291, 0.008246767917548537, 0.0027948076282293876], [0.9807771403814638, 0.011926719114546496, 0.007209867228605037, 8.627327538474674e-05], [0.4364276326232472, 0.5484764270192036, 0.002196394003771067, 0.012899546353778145], [0.07751734627889814, 0.5473370731109412, 0.34772201389649626, 0.027423566713664548], [0.004044064172391301, 0.05843576575689603, 0.013072734004421452, 0.9244474360662912], [0.7506835705608144, 0.043107545450575366, 0.005411856018452765, 0.20079702797015755], [0.0032185045443526134, 0.019255127214815853, 0.03432847053380871, 0.9431978977070228], [0.6413943362793407, 0.09207716352025351, 0.011817044722901671, 0.2547114554775043], [0.08363359133213907, 0.18327071997193564, 0.21815452281779468, 0.5149411658781307], [0.11852015203444739, 0.871847897387009, 0.008425603081414164, 0.0012063474971294337], [0.02725328528911673, 0.9603118590059314, 0.011644289930821642, 0.0007905657741301289], [0.0013149042518476864, 0.9959420870816655, 0.0023516973457160684, 0.00039131132077067514], [0.0827156580029529, 0.8527026192303944, 0.012098583000208114, 0.05248313976644465], [0.4322724275191629, 0.3536836643728656, 0.20711378228383595, 0.006930125824135508], [0.048416528533064856, 0.46664340601819637, 0.3369791815259545, 0.14796088392278434], [0.0035652066189312917, 0.8346923797550984, 0.09136811306596095, 0.07037430056000947], [0.023575683118273624, 8.528299206773792e-05, 0.0004862460416360734, 0.9758527878480227], [0.019267734103260218, 0.5578627296777161, 0.4216867998404076, 0.001182736378616067], [0.08762633616907256, 0.6309330476673687, 0.19926995708385287, 0.0821706590797058], [0.04561998032067887, 0.0006532266735196358, 0.9402908933395498, 0.013435899666251739], [0.15024581884514165, 0.00026059406239296515, 0.8264004181956258, 0.02309316889683948], [0.24726675284647898, 0.002336232045278766, 0.0008786175200905928, 0.7495183975881518], [0.0073588821348791545, 0.9695548491346774, 0.001792576713048315, 0.021293692017395106], [0.0024355418714886766, 0.2146583095947429, 0.4825966754917437, 0.3003094730420249], [0.3658647499534493, 0.0016973683744487347, 0.01516623678068589, 0.6172716448914162], [0.0013679499643334462, 0.0329566426114186, 0.07920529666132686, 0.8864701107629211], [0.0001753923363732934, 0.0883819266238239, 0.009228576888638524, 0.9022141041511643], [0.0008702964327814904, 0.09748888216295344, 0.9013466314083306, 0.0002941899959345425], [0.9940919285005135, 2.6334509556521647e-05, 0.00036257710726621365, 0.00551915988266363], [0.10345406845160607, 0.8258273971765555, 0.0001140682465803459, 0.07060446612525802], [1.3362541463194794e-05, 0.9956773092844393, 0.0017307500259292053, 0.002578578148168204], [0.008033075070793287, 0.7352028263624663, 0.12377022195916042, 0.13299387660758005], [0.003897451275217675, 0.03296786505520635, 0.7926169431672452, 0.17051774050233065], [0.006238969121018515, 0.00027831189201946583, 0.00034178143080322685, 0.9931409375561588], [0.001806866591591025, 0.013712965065384008, 1.9821740243562456e-06, 0.9844781861690005], [0.0011357917818591737, 0.8442190807972798, 0.06140307460036692, 0.09324205282049391], [0.9715799326558386, 0.016594106149369226, 0.00024972607304345255, 0.011576235121748695], [0.7978167278360486, 0.0003273592458068659, 0.055454009655409434, 0.14640190326273503], [0.00014021057748764997, 0.983087608320867, 0.01668204833579527, 9.013276584998222e-05], [0.20168237181650936, 0.7511757804171393, 0.010115781854287196, 0.0370260659120643], [0.00010754746240857492, 0.9928809077932335, 0.006900851435997945, 0.00011069330836006018], [0.005598811147748756, 0.3781803555778102, 0.3269402267685238, 0.28928060650591725], [0.015562701229722586, 0.4739386437256149, 0.4926749547783257, 0.01782370026633682], [0.7611375684393913, 0.004662418334083935, 0.21051954142685494, 0.02368047179966987], [0.02541928912954455, 0.9567395762509149, 0.00039590578121066874, 0.017445228838329812], [0.00190350025862705, 0.37841481016881295, 0.6157015751958093, 0.003980114376750745], [0.006267283703288286, 0.0054502837818592486, 0.048899625342950837, 0.9393828071719016], [0.9224966114865785, 0.015752118851368083, 0.001302742539100591, 0.06044852712295295], [0.6680199333369675, 0.0003544938901688903, 0.0005768417301862187, 0.3310487310426774], [0.4269643184320353, 0.0002901718994614567, 0.00130929995348586, 0.5714362097150174], [0.467127667511913, 0.05658292352250315, 0.3294333414969429, 0.1468560674686409], [0.020065628832081236, 0.11593854414892518, 0.14845594474209864, 0.7155398822768949], [0.001705157208167627, 0.4389265185813975, 0.5549839559763458, 0.004384368234089079], [0.05142726937369307, 0.025053321148750425, 0.8361167709445916, 0.08740263853296489], [0.2760615967541152, 0.26710719748283934, 0.027139066912174672, 0.42969213885087076], [0.0004295713876053963, 0.8747422923132786, 0.07363066767880991, 0.05119746862030622], [0.03892451297921556, 0.0009465635784638948, 0.03093455445867094, 0.9291943689836496], [0.03457108647854729, 0.8305040049119262, 0.004464167573059785, 0.13046074103646665], [0.22975248678279944, 0.7213890236502523, 0.01758256260442841, 0.031275926962519955], [0.036104576863447875, 0.5777777419018236, 0.025544208447905496, 0.360573472786823], [0.1574982833346784, 0.23412269936252092, 0.021904907964574845, 0.5864741093382257], [0.10167899332381285, 0.09290887754068218, 0.04151535795958071, 0.7638967711759242], [0.0005626901809674468, 0.01074835663036395, 0.8901103200314914, 0.09857863315717717], [0.00017022693352707, 7.789784683618413e-05, 1.0819663284748661e-05, 0.9997410555563521], [0.023500238309689926, 0.2515168415164204, 0.7237782364077436, 0.0012046837661460793], [0.0009532457329025296, 0.7854619398916888, 0.0023793778033121132, 0.21120543657209662], [0.03175506224430405, 0.3130274453838779, 0.04215230314912186, 0.6130651892226963], [0.033873983524353286, 0.00227524135027561, 0.025084985976128037, 0.938765789149243], [0.6349210983378517, 0.001724701194653147, 0.002460719175996502, 0.3608934812914986], [0.0069169508892365315, 0.6018445542629657, 0.39117541153553087, 6.308331226685324e-05], [4.766816798126585e-05, 0.0257071290857867, 0.11904483401408579, 0.8552003687321462], [0.26760054029638447, 0.5472540316966127, 0.18470344630977617, 0.00044198169722677917], [0.005672170732042281, 0.0753328551984663, 0.000517262079933643, 0.9184777119895579], [0.7786475839819438, 0.12493915693481401, 0.0408373405148189, 0.055575918568423296], [0.01393278427125265, 0.024151268219698485, 0.001480072667413658, 0.9604358748416353], [0.2876914730918876, 0.17431640412695446, 0.4574843002740441, 0.08050782250711395], [0.0028112681299997085, 0.9794096030701, 0.00633406508819615, 0.011445063711704232], [0.0030147838456882968, 0.005279255285259998, 0.6915610411703572, 0.3001449196986946], [0.12252616740695471, 0.7741889713837284, 0.0631595645008089, 0.040125296708508], [0.005656356901677557, 0.8604270632630071, 0.0008651298075706183, 0.13305145002774477], [0.00013515856452463187, 0.5671564510411817, 0.12265524255715746, 0.3100531478371362], [0.19321245000078413, 0.6423122297892687, 0.008055469597106171, 0.15641985061284092]]}, "rewritten": {"ids": ["97107681", "97107920", "97109570", "97110950", "97112170", "97112290", "97113900", "97116790", "98106111", "98106880", "98107380", "98108150", "98111860", "98112170", "98116090", "98117740", "98120530", "99105921", "99107500", "99107630", "99107950", "99108000", "99109860", "99111000", "99111440", "99111620", "99112531", "99112840", "99114890", "99117630", "100108080", "100109330", "101109120", "101112160", "101113210", "101115190", "101116130", "102109910", "102110750", "103109021", "103110760", "103111620", "103111990", "103113260", "103117461", "103120531", "104111780", "104111880", "104111990", "104113550", "104116980", "104118070", "105113170", "105115380", "105115680", "105117200", "105117431", "105118171", "105120280", "105121190", "106113190", "106114880", "106116850", "106120290", "107113360", "107114110", "107116980", "107117010", "107119390", "107120010", "107120260", "107121540", "108113480", "108113700", "108114040", "108114270", "108115570", "108115870", "108116070", "108117360", "108117610", "108120280", "108120700", "108121160", "109114270", "109116750", "109117150", "109117271", "109117730", "109118231", "109119450", "109120560", "109121351", "110113931", "110114720", "110114920", "110115120", "110115580", "110116170", "110116501", "110117140", "110118111", "110118121", "110118450", "110118630", "110118880", "110118930", "110119300", "111114941", "111115780", "111116290", "111116530", "111116750", "111119290", "111119300", "111120190", "111120220", "111120640", "111121351", "112116451", "112116501", "112116640", "112116990", "112117210", "112117431", "112117461", "112117780", "112117790", "112118471", "112118511", "112120670", "112120990", "112121410", "113117401", "113117550", "113118490", "113118630", "113119340", "113119450", "113122120", "113122160", "113122230"], "labels": [3, 0, 0, 3, 0, 1, 2, 2, 0, 0, 1, 0, 0, 3, 0, 2, 1, 1, 0, 2, 1, 2, 2, 2, 3, 3, 3, 2, 2, 3, 0, 0, 1, 3, 3, 1, 2, 2, 1, 0, 1, 0, 2, 3, 0, 3, 3, 3, 2, 1, 1, 2, 0, 1, 2, 3, 1, 3, 3, 2, 0, 0, 3, 2, 0, 1, 3, 1, 2, 1, 1, 2, 0, 0, 0, 3, 3, 3, 1, 1, 3, 3, 2, 2, 3, 0, 2, 0, 3, 1, 3, 1, 0, 1, 3, 3, 0, 1, 0, 3, 3, 1, 3, 0, 1, 0, 1, 1, 0, 1, 2, 3, 3, 3, 1, 3, 3, 0, 0, 0, 3, 0, 0, 1, 0, 0, 0, 3, 1, 1, 2, 2, 0, 3, 3, 1, 3, 0, 3, 1, 3, 1], "predicted_labels": [3, 0, 0, 0, 0, 0, 2, 0, 0, 0, 2, 2, 2, 0, 1, 1, 1, 1, 1, 3, 2, 2, 2, 2, 0, 0, 0, 3, 2, 3, 3, 0, 3, 3, 3, 1, 1, 2, 2, 3, 0, 0, 1, 1, 1, 3, 1, 3, 1, 0, 1, 0, 2, 2, 1, 3, 2, 1, 1, 2, 1, 2, 2, 3, 0, 0, 1, 1, 1, 3, 0, 3, 3, 3, 2, 1, 2, 3, 2, 2, 3, 3, 1, 3, 3, 1, 1, 1, 0, 0, 0, 3, 0, 0, 2, 1, 3, 3, 1, 1, 3, 0, 1, 1, 0, 3, 1, 1, 1, 2, 1, 3, 0, 0, 1, 2, 1, 0, 0, 3, 0, 0, 3, 3, 0, 0, 3, 3, 3, 2, 1, 3, 0, 1, 3, 0, 1, 0, 1, 1, 3, 1], "confidence_scores": [[0.06425582404888623, 0.003191824528001961, 0.006846010254578057, 0.9257063411685339], [0.999242034317596, 4.026512123158948e-06, 5.11502900699403e-05, 0.0007027888802109328], [0.5948973499834161, 0.009357878488682242, 0.3099140957259317, 0.08583067580196996], [0.5629360292480777, 0.021630464259397537, 0.31066241179993276, 0.10477109469259199], [0.8884866573925008, 0.09223075380078014, 0.0029544975717678413, 0.016328091234951162], [0.7624541237543082, 0.22421596595645374, 0.011322506681240262, 0.0020074036079977633], [0.06071637109005001, 0.09595854442863004, 0.7733050085172157, 0.07002007596410428], [0.6431533659078543, 0.028809858911328663, 0.14889313151042052, 0.17914364367039642], [0.99894603972877, 5.351169468715288e-05, 2.0929306383793867e-05, 0.0009795192701589558], [0.6835082802611453, 0.020844749967105888, 0.013978920632322589, 0.2816680491394264], [0.015067803191857417, 0.006114164540746981, 0.9116045246029414, 0.0672135076644543], [0.4291844378491128, 0.018043067932872713, 0.44970045587944896, 0.10307203833856561], [0.1728020991963941, 0.3028652104880571, 0.34667739108024703, 0.17765529923530185], [0.9214844184156222, 0.002135162812467347, 0.0067519840751943125, 0.06962843469671608], [2.9629168787051844e-05, 0.9918491163785879, 0.003298109738810789, 0.004823144713814526], [0.20348764418730372, 0.5618432954691791, 0.143732473536046, 0.09093658680747117], [0.03148217651217742, 0.832380152403773, 0.05098309250769457, 0.08515457857635497], [0.046364915371304376, 0.900171313536417, 0.05058822304999691, 0.0028755480422817496], [0.0011406205486461155, 0.7944219723635949, 0.19218002912702953, 0.012257377960729383], [0.011163082488092004, 0.22722186483040088, 0.016529182988420044, 0.7450858696930871], [0.016329739574375314, 0.14393743054011854, 0.8371611757632628, 0.0025716541222431588], [0.0017248551573720132, 0.22544540109804867, 0.7715574664486025, 0.0012722772959767776], [0.00023257136690170045, 0.07724494316315811, 0.9223564470426181, 0.0001660384273220956], [0.015501131957753992, 0.04082793196807255, 0.9019718879901879, 0.041699048083985536], [0.40080183787419377, 0.38817358302451915, 0.09130723583838218, 0.11971734326290494], [0.525330946216599, 0.43775374681377094, 0.006776796523619544, 0.03013851044601042], [0.9650980883250171, 0.006325969449109608, 0.0012239197725435597, 0.02735202245332968], [0.004945090759329415, 0.11768637861503398, 0.055759390269650766, 0.8216091403559859], [0.0035734237499928114, 0.07888513795013027, 0.5873119487133523, 0.3302294895865246], [0.023584369327039934, 0.0077469660699120806, 0.11837802369546555, 0.8502906409075824], [0.004606103748871916, 0.3477712836495977, 0.0471605679001176, 0.6004620447014128], [0.8689399227208926, 0.09716264101613475, 0.005153512136582293, 0.02874392412639022], [0.02765562652198228, 0.00015087679041582265, 0.07284914636576854, 0.8993443503218334], [0.32833534716008406, 0.15904694201657074, 0.1225307052748162, 0.3900870055485291], [0.03597132642750409, 0.001591044580516514, 0.170187543340923, 0.7922500856510563], [0.2899596459038872, 0.6607498685859992, 0.004855675494387472, 0.04443481001572636], [0.0005377407736794034, 0.9906733022369661, 0.00021189126398232257, 0.008577065725372177], [0.22109340367725444, 0.0037295244613132143, 0.39134358057272994, 0.38383349128870237], [0.0001848639067425184, 0.006229295708566911, 0.9923793829260458, 0.0012064574586446008], [0.3574120985779124, 0.046151532483848644, 0.0002721963595481085, 0.5961641725786909], [0.8962209489052992, 0.03312766060010524, 0.034920712149076216, 0.035730678345519205], [0.879140983319875, 0.052873640069948186, 0.03224230374845967, 0.035743072861717184], [0.004791844301842593, 0.8703907260044822, 0.006812383651661891, 0.11800504604201335], [0.016483873565399928, 0.9777338952513138, 0.005010137448610743, 0.0007720937346755953], [0.011602265909955512, 0.9082898584248627, 0.023148339224254393, 0.056959536440927445], [0.004013173332295521, 0.46872534224456236, 0.0017011681603240447, 0.5255603162628181], [0.002856116915492234, 0.9848878919561926, 0.0012229490302393187, 0.0110330420980757], [0.06381870659012949, 0.021234229029189967, 0.0041840356371139606, 0.9107630287435666], [0.0004173204500196737, 0.6486433145234576, 0.0002997329717457344, 0.35063963205477716], [0.7703387533859577, 0.005306553898571162, 5.2269795198215425e-05, 0.22430242292027314], [0.0005006216684014416, 0.9964978555317487, 0.001742991839219006, 0.0012585309606310045], [0.9923023204598571, 2.426503766244306e-05, 0.0036518949454139777, 0.004021519557066469], [0.003021270961542789, 0.0008968572542620415, 0.9374959627539474, 0.058585909030247796], [0.0024853514435273756, 0.0006369035525330488, 0.9751825232200975, 0.021695221783842072], [9.251025913103744e-05, 0.5237323099914948, 0.4706561789426288, 0.005519000806745542], [0.0005685392765508096, 0.01861864695022101, 0.025604990309055022, 0.9552078234641731], [0.010991195050086822, 0.09934563005476467, 0.8610500191558468, 0.02861315573930171], [0.24164831688159086, 0.7582128042783769, 6.073436989935933e-06, 0.00013280540304236432], [0.011771640565156007, 0.9875155763553731, 2.2837744697913288e-07, 0.0007125547020237461], [0.0028578556733214, 0.3030931372500683, 0.5225248299761748, 0.17152417710043555], [0.06568751856040425, 0.8854857896958405, 0.033116175363506424, 0.015710516380248934], [0.002286729920205019, 0.02466071999594305, 0.8787261196725716, 0.09432643041128028], [0.08575007382441131, 0.06717909193217143, 0.8459483519802484, 0.001122482263168698], [0.02131572535740992, 0.21084996887030383, 0.008153628567868406, 0.7596806772044178], [0.9560820565648281, 0.0014663757413755116, 0.00017375640957003295, 0.04227781128422636], [0.9992652449812702, 3.683021316665446e-05, 3.5391742479624875e-05, 0.0006625330630833944], [0.48813504503934363, 0.508723315687034, 1.336815502402283e-05, 0.003128271118598335], [0.05117374773976117, 0.9290992154300969, 0.0037056757887341985, 0.01602136104140775], [0.01505069878042433, 0.8798076922342231, 0.08778776599742026, 0.017353842987932275], [0.0022300913293723406, 0.003280139333874371, 0.000916075957156616, 0.9935736933795967], [0.9434431342952838, 9.540935695855418e-05, 0.0008929207971840356, 0.05556853555057363], [0.0017124259795670308, 0.0004277136467432248, 0.11905539832219354, 0.8788044620514961], [0.0020649484789556794, 0.026811845643112935, 0.009387358331360925, 0.9617358475465705], [0.0006360498029041623, 0.014383459514259971, 0.03110264287948211, 0.9538778478033537], [0.05369871699908478, 0.17110158510812062, 0.7686435699013243, 0.006556127991470341], [0.1351597672207852, 0.6160866531151271, 0.23272607083211438, 0.01602750883197337], [0.013373263063675036, 0.07951216377772322, 0.6293574626868537, 0.2777571104717481], [0.041881208080583, 0.01575144633081825, 0.08156545153132877, 0.86080189405727], [0.08327923163819095, 0.3264682318786187, 0.4683996333079804, 0.12185290317520997], [6.258576052881736e-05, 0.0006125828243637037, 0.9127560429193694, 0.08656878849573825], [0.030444622706834963, 0.3560561138568486, 0.03306125425232701, 0.5804380091839895], [0.34608561918676944, 6.531738267551542e-05, 0.0004223538616453922, 0.6534267095689096], [0.22063880771539937, 0.5334618583155556, 0.234658131693406, 0.011241202275639], [0.00027973722441164374, 0.015730992604581235, 0.004070885885406148, 0.979918384285601], [0.001422725751258826, 0.04816438652598877, 0.00011725612919387755, 0.9502956315935585], [0.0465678750506702, 0.941869921446826, 0.011525442655180075, 3.676084732343112e-05], [0.026626898946425916, 0.6164993425871972, 0.19783922661740963, 0.15903453184896738], [0.002258921998113729, 0.7864094318724644, 4.1408983457661615e-05, 0.21129023714596426], [0.5991998457986039, 0.13301909542882154, 0.0028491245948422694, 0.2649319341777323], [0.5616826413621396, 0.43172848691290094, 0.006128532269121866, 0.00046033945583749794], [0.310556261522231, 0.2910493503835112, 0.15534812274539653, 0.24304626534886128], [0.1895128207648383, 0.04594225848113665, 0.23854438546285883, 0.5260005352911663], [0.7834973000913935, 0.023914495212485797, 0.05786001302790501, 0.13472819166821567], [0.7557593928626537, 0.24273402030703933, 0.0014210738874028664, 8.551294290395431e-05], [0.4104724861985114, 0.006604044278879401, 0.5811305444498558, 0.0017929250727534622], [0.0013107671877555373, 0.9865428059654797, 0.0004059102148594081, 0.011740516631905357], [0.00621199850487941, 0.0021624918019688345, 0.45340165617298606, 0.5382238535201657], [0.008356780726264706, 0.06799714606863784, 0.009485210879107189, 0.9141608623259903], [0.045390826376350606, 0.4970947305718947, 0.04760829774818968, 0.409906145303565], [0.010095341699229394, 0.7842948176852579, 0.013308908846838687, 0.19230093176867397], [0.03674125738371218, 0.006085584205329292, 4.9281485156878957e-05, 0.9571238769258017], [0.6223002204213242, 0.11578760064347596, 0.002835344267628418, 0.2590768346675716], [0.1792051871891105, 0.7891746449059504, 0.001673931959543512, 0.02994623594539558], [1.9813970843649974e-05, 0.789786002231677, 0.20897117373566362, 0.0012230100618157165], [0.8260497878650808, 0.06702764137761712, 0.0034825470494300017, 0.10344002370787204], [0.03959148327283691, 0.053448341193915005, 3.942119028530294e-06, 0.9069562334142196], [0.0072501347866384125, 0.9123122503841611, 0.06378373133571194, 0.016653883493488557], [0.005920554718426606, 0.8874271779493876, 0.00025897222073758414, 0.10639329511144806], [0.00568129343003257, 0.9907311607601766, 0.0007753509924675336, 0.002812194817323236], [0.002096603609370859, 0.14143412982858275, 0.44230449358388785, 0.41416477297815857], [0.21221904706316033, 0.27828641768887336, 0.2314255070015545, 0.27806902824641194], [0.4553120931567151, 0.02526191934950833, 0.00441748983345507, 0.5150084976603215], [0.8933715484033704, 0.0011817960045122395, 0.005053332237292961, 0.10039332335482441], [0.6938093388458556, 0.0014659512226668752, 0.18041682629549524, 0.12430788363598223], [0.006657926337896567, 0.9501240942016967, 0.026251325007964326, 0.016966654452442324], [0.03246035855739642, 0.0009675689078071936, 0.7619183633060221, 0.20465370922877432], [0.051205147881630025, 0.878141740016591, 0.011243751972617622, 0.059409360129161454], [0.4256111762932551, 0.17943587741065287, 0.33567280810059663, 0.05928013819549559], [0.9666903697584135, 0.030794310493302432, 0.0006714493951758099, 0.001843870353108488], [0.27574863141373557, 0.18177117147339467, 7.146871080932405e-05, 0.5424087284020606], [0.4168613947720503, 0.18027784698057822, 0.0049830875678908565, 0.39787767067948054], [0.5274150392718129, 0.2355275370431107, 0.00858210753575033, 0.2284753161493261], [0.051539255475058755, 0.0022359272059107008, 0.08889712514285159, 0.8573276921761789], [4.1062856143233904e-05, 0.00012529072484093826, 0.0016612403195388386, 0.998172406099477], [0.943584816863657, 0.04815814669818866, 0.0031724141427211037, 0.00508462229543321], [0.8934686917343507, 0.000803703180809413, 9.842774369113373e-06, 0.10571776231047071], [0.3800967481933052, 0.07646662340327766, 0.0006098830325760117, 0.5428267453708411], [0.04900117684153493, 0.0002396489123298716, 0.0002440033442610936, 0.9505151709018742], [0.021464668732063034, 0.16826621185332857, 0.0162241251326361, 0.7940449942819723], [0.04030462547721669, 0.025533527700645715, 0.823696477719413, 0.11046536910272456], [0.004065009771740226, 0.8002358673998778, 0.09033951662235816, 0.10535960620602375], [0.07196721443698516, 0.07115953058025298, 0.02164955793903003, 0.8352236970437319], [0.9980404887872322, 0.001762113461677069, 5.9187767617199006e-05, 0.0001382099834734512], [0.009247248322569162, 0.9807248952110244, 0.0029466332298527733, 0.0070812232365537586], [0.0021776992588896046, 3.326688751902005e-05, 5.393776444154889e-05, 0.9977350960891499], [0.4754201656009352, 0.2750851315030992, 0.000140168089665289, 0.24935453480630024], [0.0008111896409150991, 0.9979570131670834, 0.000955024827560096, 0.0002767723644416172], [0.9869355845141232, 0.004940450235044406, 9.971516720119277e-05, 0.008024250083631196], [0.016520234642384873, 0.9832961611334186, 3.931469391080541e-05, 0.00014428953028582775], [3.6903151043503336e-05, 0.9798000130483269, 0.019526504967789356, 0.0006365788328402428], [0.018049253957057598, 0.0003030776390637402, 0.12640964521048378, 0.8552380231933948], [0.005017528840621972, 0.5724904306312559, 0.4205492992148308, 0.0019427413132914457]]}}