{"test": {"ids": ["110115140", "106118820", "109116930", "100109910", "112118880", "104111830", "101108621", "100113210", "101111140", "98108370", "100109360", "105116650", "97107040", "102109010", "110118450", "101111310", "111114941", "112118930", "113121980", "113119300", "105120621", "102110850", "110114950", "106116120", "103113170", "111116640", "108120280", "105113210", "106121190", "109116040", "109117150", "97106770", "109117600", "102111990", "100116790", "100109890", "107113840", "110120540", "106114150", "98112300", "97110950", "108118520", "103111540", "102112030", "101119591", "105117351", "110116441", "97107681", "111117120", "106116370", "98110710", "101119030", "99111930", "109114030", "107114321", "112116610", "100120780", "105113620", "110116290", "100111380", "99109780", "113119320", "97116401", "98108410", "107114621", "108113480", "107118820", "98111231", "98116090", "113120601", "105117200", "106118161", "103113610", "100115700", "111120591", "107120260", "109121640", "109115211", "107121700", "104114410", "110114920", "112119610", "112117660", "107113550", "111120220", "105119950", "110121720", "102109850", "99107950", "104111531", "110119891", "108119550", "109121410", "111121351", "108114270", "107121230", "97106600", "98120010", "113121410", "112117571", "97116410", "102112170", "105112260", "108120621", "111117571", "107118120", "103111830", "100109000", "105112240", "109120560", "97112170", "109120540", "98106111", "106114321", "112121351", "105119550", "110115580", "111117480", "110118121", "109115220", "98106680", "106117790", "99112840", "97107920", "107114140", "111116100", "106115120", "100117420", "112118421", "110117080", "99121440", "111114321", "99112641", "109116750", "111116040", "102113981", "107113130", "101108950", "99108520", "107113260", "104113000", "102113350"], "labels": [0, 3, 0, 2, 1, 3, 0, 0, 2, 1, 0, 1, 2, 1, 0, 3, 0, 1, 2, 1, 1, 3, 0, 1, 3, 0, 3, 3, 2, 0, 2, 3, 1, 2, 2, 3, 3, 1, 1, 2, 3, 0, 1, 2, 0, 0, 3, 3, 2, 2, 2, 3, 1, 1, 0, 1, 1, 0, 2, 3, 2, 1, 3, 1, 0, 0, 3, 1, 0, 2, 3, 3, 2, 1, 1, 1, 0, 0, 3, 1, 3, 0, 0, 0, 3, 3, 3, 1, 1, 0, 3, 1, 0, 0, 3, 0, 3, 2, 0, 3, 3, 3, 3, 1, 3, 3, 3, 1, 1, 1, 0, 1, 0, 2, 0, 1, 1, 1, 3, 3, 1, 1, 2, 0, 2, 3, 1, 2, 3, 1, 2, 1, 1, 0, 0, 1, 1, 2, 2, 0, 1, 3], "predicted_labels": [0, 3, 0, 0, 3, 2, 2, 0, 3, 3, 2, 0, 3, 1, 1, 1, 3, 1, 0, 3, 3, 1, 1, 1, 3, 3, 3, 3, 0, 3, 3, 3, 1, 0, 0, 0, 1, 0, 3, 0, 0, 1, 3, 1, 0, 3, 3, 3, 3, 1, 1, 1, 3, 3, 1, 3, 1, 0, 3, 0, 1, 3, 3, 0, 0, 3, 3, 0, 1, 1, 3, 0, 3, 1, 0, 1, 3, 3, 1, 0, 0, 1, 3, 0, 0, 3, 3, 3, 0, 1, 0, 2, 0, 0, 1, 3, 3, 3, 0, 1, 0, 0, 1, 3, 3, 0, 0, 3, 3, 2, 3, 3, 0, 3, 1, 3, 1, 3, 0, 0, 1, 0, 2, 0, 1, 1, 3, 3, 3, 3, 1, 3, 1, 1, 3, 0, 1, 0, 3, 3, 0, 2], "confidence_scores": [[0.3291974676188162, 0.2432250224585876, 0.16009551825478052, 0.26748199166781556], [0.23483642290409304, 0.23941328079029073, 0.2350014931724727, 0.29074880313314366], [0.3838591505047154, 0.21710910981214437, 0.14581828145504358, 0.25321345822809677], [0.3214199000563992, 0.21965299667896873, 0.2414698627675348, 0.21745724049709728], [0.22402334889432438, 0.2717974248946471, 0.20044903619251594, 0.30373019001851265], [0.22897957363707977, 0.19027609944038396, 0.3327124325724926, 0.24803189435004358], [0.2327363411345871, 0.17979112563958008, 0.4063451065419841, 0.18112742668384885], [0.37907904513783336, 0.225216386708234, 0.1537534637872862, 0.24195110436664657], [0.2571149737543584, 0.17177386008825812, 0.10785897650486258, 0.46325218965252096], [0.20829840134065503, 0.2029447714389844, 0.12988936362931697, 0.45886746359104363], [0.20711106661812717, 0.21965139288227478, 0.38818571886018916, 0.18505182163940886], [0.30513689043546416, 0.28341490347070897, 0.15427206335533455, 0.2571761427384925], [0.25829227236366387, 0.2428461026539998, 0.20975108669879916, 0.2891105382835371], [0.16930135828688278, 0.402255315831722, 0.12515160625137212, 0.3032917196300232], [0.22925230433693855, 0.39259345015311886, 0.17235331337556237, 0.2058009321343803], [0.1963733522076114, 0.3130981042444187, 0.24161686964440274, 0.24891167390356725], [0.20182325270970305, 0.25185577533347164, 0.1682451706388586, 0.3780758013179669], [0.1656914876848197, 0.3824332552413823, 0.11010331759256885, 0.34177193948122925], [0.29737461276716975, 0.27432599647657285, 0.14070538278694977, 0.2875940079693077], [0.26053318525149954, 0.2798147635337394, 0.1639949534490041, 0.295657097765757], [0.2526583365056114, 0.24218593276120945, 0.1410323799680037, 0.3641233507651755], [0.18165920624114384, 0.3588822433908357, 0.18639106263618846, 0.2730674877318321], [0.21716301417968417, 0.3083969309755954, 0.1755409081577305, 0.29889914668699], [0.17328042284694442, 0.31673479530865245, 0.23174315591661054, 0.27824162592779267], [0.2491834166050135, 0.2324351414473081, 0.14082128132951288, 0.3775601606181656], [0.2109070419617047, 0.20221192238027444, 0.26275860305420706, 0.3241224326038138], [0.2493547606420985, 0.191456387237211, 0.12253653111967981, 0.43665232100101065], [0.2924274822568493, 0.2608788967455979, 0.15191787265255954, 0.29477574834499326], [0.3370124600087046, 0.21756388655648767, 0.24421516245236197, 0.20120849098244573], [0.24694861696049308, 0.19263322882264147, 0.18732118007896262, 0.3730969741379028], [0.19719357585256245, 0.2671018551901497, 0.2546097681662742, 0.28109480079101395], [0.1714106540745379, 0.21037568263900877, 0.22666887801290614, 0.3915447852735472], [0.15547689875919676, 0.4279803046104712, 0.2324844171027014, 0.18405837952763068], [0.3322422340244069, 0.21345431632071984, 0.13661571625739036, 0.3176877333974829], [0.3254058278888674, 0.1881008602983495, 0.18277195527391912, 0.30372135653886395], [0.3442275493060318, 0.19514074090169636, 0.19147966024053273, 0.2691520495517392], [0.2327018135133353, 0.321396026883834, 0.17044497477119058, 0.27545718483164006], [0.2852184486044156, 0.2595695466113939, 0.17703009412327436, 0.2781819106609162], [0.27544263453832685, 0.23972741890742155, 0.12516170947123154, 0.3596682370830203], [0.36321854206189325, 0.18320797021867263, 0.10320079546976861, 0.3503726922496657], [0.34427713759990114, 0.18756444712092238, 0.27298867949476163, 0.19516973578441468], [0.1535262051122733, 0.4654390840491601, 0.14306634142659377, 0.2379683694119729], [0.20886615083281254, 0.2441807544482134, 0.16767461593315508, 0.37927847878581916], [0.1680928106293672, 0.32364813316773056, 0.22902196436582156, 0.27923709183708073], [0.3248393869693848, 0.25525495033398177, 0.19740718918464784, 0.22249847351198568], [0.3235985938120193, 0.1783856603397313, 0.11903693382997639, 0.3789788120182732], [0.24299041173401673, 0.2417718375982543, 0.16710258837592268, 0.34813516229180624], [0.23604950794913193, 0.25760085595126914, 0.1600931954340139, 0.3462564406655849], [0.15026997550918741, 0.24684580421025762, 0.17678138127920554, 0.42610283900134943], [0.21734191878634657, 0.3481348790533162, 0.1315239581522665, 0.3029992440080705], [0.2069350831850779, 0.2959096694114876, 0.23111552006929129, 0.26603972733414316], [0.23548618487399256, 0.38504680178267947, 0.17116879445423613, 0.208298218889092], [0.2564437584892174, 0.23698216334174763, 0.11879746567298553, 0.38777661249604933], [0.20267410693780288, 0.3081705003697615, 0.162335312039314, 0.32682008065312157], [0.18355839597660922, 0.4874314892167756, 0.11268987800329647, 0.2163202368033189], [0.10541377098059121, 0.25599949710936454, 0.07320623539402503, 0.5653804965160194], [0.24870942903169216, 0.368514117230197, 0.1427013852351512, 0.24007506850295976], [0.3536315258606839, 0.2521107584446573, 0.16802107583017026, 0.2262366398644886], [0.2542863285723113, 0.24543432141853097, 0.15188678704104644, 0.34839256296811133], [0.3215972238299839, 0.24261557983812695, 0.2181213976968773, 0.21766579863501181], [0.1421563317715861, 0.4974822370123131, 0.1505842987482567, 0.20977713246784432], [0.17343368810299095, 0.31643501388876444, 0.16816514349936534, 0.3419661545088791], [0.27127348262357487, 0.23320940179030322, 0.17058849532540413, 0.3249286202607179], [0.2793499265231485, 0.2179079963267444, 0.23814428655487815, 0.2645977905952289], [0.3648123860491496, 0.22382060456068578, 0.15032596255176794, 0.26104104683839663], [0.13945971061089582, 0.27769485894312557, 0.0712696449585514, 0.5115757854874272], [0.2401495353207937, 0.2637710396365395, 0.2120641449662712, 0.28401528007639565], [0.30123071272194807, 0.30100046577264616, 0.14191621508889157, 0.25585260641651414], [0.2803767731019968, 0.4264955631897144, 0.1517417857603695, 0.14138587794791932], [0.17410280956264224, 0.2887766458267231, 0.27873490911452964, 0.25838563549610505], [0.2147464365131063, 0.26723442683803517, 0.214848606242173, 0.30317053040668557], [0.40193539898676417, 0.2102856007955173, 0.1352467247169198, 0.252532275500799], [0.175248897109049, 0.27434976194933547, 0.24708392999528456, 0.303317410946331], [0.2363808647959536, 0.31784052272060265, 0.1675196130490333, 0.2782589994344104], [0.3861610898742279, 0.2780504067110863, 0.12518399215877127, 0.2106045112559145], [0.15472865997513416, 0.46969411414013246, 0.1665286764860412, 0.20904854939869216], [0.2847461748635822, 0.26651548986271917, 0.15199848873281502, 0.29673984654088364], [0.21731751371176464, 0.1836192224078501, 0.13431416839506805, 0.4647490954853172], [0.2048909952495354, 0.42031438710539387, 0.15942069666479108, 0.21537392098027966], [0.2817554640561883, 0.2665767526861801, 0.19479804953585952, 0.256869733721772], [0.3271236764897541, 0.32507011666365415, 0.11972006232896529, 0.2280861445176264], [0.1851802981960277, 0.4110951968821558, 0.13926180304123853, 0.26446270188057813], [0.24009677863461834, 0.30962682475196274, 0.13379144495131734, 0.3164849516621016], [0.3268519204087083, 0.31758096402895736, 0.16685528005322972, 0.18871183550910464], [0.3145059555695177, 0.2551047931788514, 0.18041591504560572, 0.2499733362060253], [0.22971373633523176, 0.22901594860062727, 0.16723796645727826, 0.3740323486068629], [0.2610939369274, 0.25125980048733554, 0.16847718111966192, 0.3191690814656025], [0.2856711249922265, 0.24297192262351064, 0.1667995861444771, 0.3045573662397856], [0.2739399097899887, 0.24251510136100235, 0.24417473968780798, 0.23937024916120114], [0.15651897681254381, 0.297093439649634, 0.27026298213807587, 0.2761246013997463], [0.3693091790386868, 0.22109205546293392, 0.14162900731076555, 0.2679697581876137], [0.11250571624943978, 0.314979852782384, 0.40431165491183185, 0.16820277605634448], [0.33255473402857033, 0.2165772329409118, 0.17013891236397433, 0.2807291206665436], [0.40139661012175404, 0.22676895221492724, 0.14969297664735623, 0.22214146101596258], [0.22190289951238326, 0.2823704524821943, 0.2322952254572289, 0.2634314225481936], [0.21296581042713092, 0.2648097938393087, 0.24113312781043167, 0.2810912679231288], [0.1712781349696673, 0.3054237901096793, 0.209542502148198, 0.3137555727724554], [0.24376320769256177, 0.2555211983913218, 0.1965152365604831, 0.3042003573556333], [0.3115030970650115, 0.248300237415012, 0.1445929292011643, 0.2956037363188123], [0.23512408169367005, 0.37710096046967406, 0.15111345358356898, 0.2366615042530869], [0.3409017850028812, 0.2036984171019563, 0.21289494246514634, 0.24250485543001607], [0.40907595537250996, 0.20127607538954603, 0.16890102671685617, 0.22074694252108784], [0.14135295586592198, 0.4644240254781753, 0.1926514408590519, 0.2015715777968507], [0.3239819243023966, 0.17252020620148129, 0.13532081520362524, 0.3681770542924969], [0.24692101717030443, 0.28020336180916433, 0.18082087169039482, 0.29205474933013653], [0.36999657390890234, 0.18944116760705978, 0.1416205054638598, 0.2989417530201781], [0.35334843792580883, 0.21906433712766055, 0.15414447586446164, 0.27344274908206906], [0.1597505721701392, 0.164367177971907, 0.25889883591433166, 0.4169834139436221], [0.24176207818749387, 0.2979836008139514, 0.15444760635984994, 0.3058067146387047], [0.22207896428250537, 0.23009519521099983, 0.29563027161768246, 0.2521955688888123], [0.2287431819807297, 0.2608649669702986, 0.19591654481973347, 0.31447530622923825], [0.24729533722170288, 0.24650514364839618, 0.10170963598140512, 0.4044898831484959], [0.3483174638561156, 0.27181007913002114, 0.1798284289718773, 0.20004402804198598], [0.25722627463526987, 0.2938612315577595, 0.08946617704294411, 0.3594463167640267], [0.111444851618725, 0.4842961377194982, 0.2023896125248207, 0.201869398136956], [0.25476190351973965, 0.25598627176023897, 0.15569388958058075, 0.3335579351394406], [0.14180950154974148, 0.36802516033209104, 0.23438022844184672, 0.25578510967632095], [0.27290971332817265, 0.1939540643540183, 0.18101554230541952, 0.35212068001238955], [0.3678481412442093, 0.2012699871485564, 0.2199830417378506, 0.21089882986938377], [0.2980248074143281, 0.24470417167609776, 0.16544245910453015, 0.2918285618050441], [0.15526577254704782, 0.3813753495540444, 0.2548936865830221, 0.20846519131588565], [0.29876998318948095, 0.26574348568019807, 0.1746049205572582, 0.2608816105730627], [0.17116451977731148, 0.2667875985286787, 0.28934703442973725, 0.2727008472642726], [0.45635530882649816, 0.15404840429640623, 0.1870411721540258, 0.2025551147230699], [0.26854904307305705, 0.27653999871692325, 0.20403441519974105, 0.2508765430102787], [0.22579260446047977, 0.3139306724378053, 0.14901954851371116, 0.31125717458800384], [0.2617397329376932, 0.24503528421228607, 0.1802250621971259, 0.3129999206528949], [0.27020367156600394, 0.27383300263099036, 0.15330305289465418, 0.3026602729083516], [0.21947569970716668, 0.2555907942086961, 0.20082563832150888, 0.3241078677626283], [0.2277232887976702, 0.27916533094231827, 0.15770359959482036, 0.33540778066519117], [0.3239632528633513, 0.3393537817671482, 0.13464911234342944, 0.202033853026071], [0.25529975503519764, 0.2810192466574118, 0.16855796015142152, 0.2951230381559692], [0.2584480510067814, 0.2859355111119301, 0.18590790007909969, 0.26970853780218884], [0.2694280724235339, 0.3245301605413016, 0.15500071087548908, 0.25104105615967554], [0.18286345620917482, 0.2349822720690386, 0.10161742778524364, 0.480536843936543], [0.4865529495014435, 0.21316223271665705, 0.09412483476565946, 0.2061599830162401], [0.21422245446101712, 0.301351135987484, 0.24830618562470005, 0.23612022392679874], [0.27093411072758095, 0.23139709480996573, 0.25436709868211116, 0.24330169578034216], [0.2729238576432853, 0.19885964802661696, 0.15029006873129305, 0.3779264255988049], [0.1724934325122813, 0.17515170986299153, 0.11153397203996993, 0.5408208855847572], [0.35490279118388285, 0.21923555781017687, 0.11323053401084365, 0.3126311169950967], [0.23220701727930787, 0.23105051355664064, 0.274077481803295, 0.26266498736075644]]}, "rewritten": {"ids": ["97106600", "97106770", "97107040", "97107681", "97107920", "97110950", "97112170", "97116401", "97116410", "98106111", "98106680", "98108370", "98108410", "98110710", "98111231", "98112300", "98116090", "98120010", "99107950", "99108520", "99109780", "99111930", "99112641", "99112840", "99121440", "100109000", "100109360", "100109890", "100109910", "100111380", "100113210", "100115700", "100116790", "100117420", "100120780", "101108621", "101108950", "101111140", "101111310", "101119030", "101119591", "102109010", "102109850", "102110850", "102111990", "102112030", "102112170", "102113350", "102113981", "103111540", "103111830", "103113170", "103113610", "104111531", "104111830", "104113000", "104114410", "105112240", "105112260", "105113210", "105113620", "105116650", "105117200", "105117351", "105119550", "105119950", "105120621", "106114150", "106114321", "106115120", "106116120", "106116370", "106117790", "106118161", "106118820", "106121190", "107113130", "107113260", "107113550", "107113840", "107114140", "107114321", "107114621", "107118120", "107118820", "107120260", "107121230", "107121700", "108113480", "108114270", "108118520", "108119550", "108120280", "108120621", "109114030", "109115211", "109115220", "109116040", "109116750", "109116930", "109117150", "109117600", "109120540", "109120560", "109121410", "109121640", "110114920", "110114950", "110115140", "110115580", "110116290", "110116441", "110117080", "110118121", "110118450", "110119891", "110120540", "110121720", "111114321", "111114941", "111116040", "111116100", "111116640", "111117120", "111117480", "111117571", "111120220", "111120591", "111121351", "112116610", "112117571", "112117660", "112118421", "112118880", "112118930", "112119610", "112121351", "113119300", "113119320", "113120601", "113121410", "113121980"], "labels": [3, 3, 2, 3, 0, 3, 0, 3, 3, 0, 1, 1, 1, 2, 1, 2, 0, 2, 1, 2, 2, 1, 1, 2, 2, 1, 0, 3, 2, 3, 0, 1, 2, 2, 1, 0, 2, 2, 3, 3, 0, 1, 1, 3, 2, 2, 3, 3, 1, 1, 3, 3, 2, 0, 3, 1, 1, 1, 3, 3, 0, 1, 3, 0, 1, 3, 1, 1, 2, 1, 1, 2, 1, 3, 3, 2, 1, 0, 0, 3, 2, 0, 0, 3, 3, 1, 0, 3, 0, 3, 0, 1, 3, 1, 1, 0, 3, 0, 0, 0, 2, 1, 1, 1, 0, 0, 3, 0, 0, 1, 2, 3, 1, 3, 0, 3, 1, 3, 1, 0, 0, 3, 0, 2, 1, 3, 3, 1, 0, 1, 3, 0, 3, 1, 1, 0, 0, 1, 1, 2, 0, 2], "predicted_labels": [1, 1, 1, 1, 0, 0, 1, 3, 0, 1, 3, 0, 3, 0, 1, 0, 1, 3, 0, 0, 2, 0, 1, 3, 3, 3, 1, 3, 1, 0, 3, 3, 0, 0, 0, 2, 1, 3, 2, 0, 0, 1, 1, 1, 0, 2, 0, 1, 1, 2, 0, 3, 3, 1, 0, 0, 1, 1, 1, 3, 3, 3, 0, 0, 0, 2, 0, 0, 3, 0, 1, 3, 0, 1, 0, 3, 3, 0, 0, 1, 0, 0, 1, 0, 0, 1, 3, 0, 0, 0, 1, 3, 1, 3, 3, 0, 0, 2, 2, 1, 1, 1, 0, 2, 3, 0, 1, 0, 0, 3, 3, 1, 0, 0, 0, 0, 1, 3, 0, 0, 3, 3, 0, 0, 0, 1, 0, 0, 0, 1, 0, 0, 0, 2, 1, 0, 3, 3, 1, 1, 3, 0], "confidence_scores": [[0.2740252402508312, 0.3307444093242153, 0.13411190072608745, 0.261118449698866], [0.2804286855277868, 0.29941000542181556, 0.22501481929185066, 0.195146489758547], [0.2259768357711093, 0.28976703934278114, 0.2096995003333013, 0.2745566245528083], [0.22538232758842303, 0.4166843821311613, 0.1545399641118905, 0.2033933261685252], [0.348567848875831, 0.2780391837397349, 0.14972459711244315, 0.22366837027199118], [0.35482401674271646, 0.18995555821645255, 0.3178053402427224, 0.13741508479810852], [0.23581267564592004, 0.3098161755767694, 0.20513980611870433, 0.2492313426586064], [0.2267131898407417, 0.2523018526429276, 0.16945499243282983, 0.3515299650835009], [0.27771542393725285, 0.24995126812506785, 0.21461027636518396, 0.2577230315724953], [0.2685484567812433, 0.4032084430528383, 0.13142769289698325, 0.1968154072689353], [0.24463409568450162, 0.2244497433833512, 0.26064463363795953, 0.27027152729418785], [0.2881680679143005, 0.2669686107933638, 0.22896329077090574, 0.21590003052143006], [0.20066588584647596, 0.2667926858075994, 0.11927504258056462, 0.41326638576535984], [0.2918762688645426, 0.23674436480983865, 0.25327052075949336, 0.21810884556612525], [0.23775314122017932, 0.42015616832484753, 0.1275334857388423, 0.21455720471613096], [0.4235001601563971, 0.2178049305552759, 0.12078059414897307, 0.2379143151393539], [0.19938330801911594, 0.33820233896326674, 0.2284880660057784, 0.23392628701183887], [0.24676720953417047, 0.22524860988799536, 0.19911742271836946, 0.32886675785946473], [0.3390138508229821, 0.27522516176695555, 0.18648322164973843, 0.19927776576032397], [0.3492693893971487, 0.27212825235334953, 0.1625584276126141, 0.21604393063688768], [0.26020523417553115, 0.23920809886860078, 0.30387737987829083, 0.1967092870775773], [0.2881053275583104, 0.24841621581082624, 0.20368616232722456, 0.25979229430363876], [0.24186698775504387, 0.3439873468496762, 0.18146582279163953, 0.23267984260364052], [0.2883216042940111, 0.21090176888440687, 0.2000574444508384, 0.3007191823707436], [0.2724692514666751, 0.23513047698637624, 0.1611339776479434, 0.33126629389900525], [0.2145865251964319, 0.1826886788480584, 0.15082440680260117, 0.4519003891529084], [0.29237089257903726, 0.3141229335702697, 0.20328297408607915, 0.19022319976461388], [0.24754641528420882, 0.25315715996866456, 0.2312893077203273, 0.26800711702679936], [0.2921439303406032, 0.30724192197570266, 0.15529188358645257, 0.24532226409724167], [0.3845854371860445, 0.25855453738964274, 0.1981729980381491, 0.15868702738616375], [0.16257160184687913, 0.2668813328629738, 0.2587036470030888, 0.3118434182870584], [0.24570133372361613, 0.25225236086961145, 0.1697612701252833, 0.3322850352814892], [0.2945526050257579, 0.2773067783781996, 0.17656845258495343, 0.2515721640110892], [0.3965786644437373, 0.21168283204180757, 0.19314841748822, 0.19859008602623496], [0.283935895812848, 0.23360576726254867, 0.25833211479850804, 0.22412622212609548], [0.2534184107112425, 0.20572910091302954, 0.2910430895452845, 0.24980939883044354], [0.2577981622022046, 0.3953716284746339, 0.1500988755242128, 0.1967313337989488], [0.24097825025009945, 0.22228732865101763, 0.19169835363728308, 0.34503606746159976], [0.21226580034649414, 0.24754465552921942, 0.28316467516257876, 0.25702486896170784], [0.39577043027534065, 0.2500238876941854, 0.15457007952834334, 0.19963560250213067], [0.5153662198174425, 0.2237742578292772, 0.09725001323373385, 0.1636095091195465], [0.1974142803990095, 0.3195942184881838, 0.168033670140301, 0.31495783097250574], [0.2296716171158633, 0.28076856386155385, 0.22901776972685506, 0.26054204929572783], [0.18719827873372355, 0.34757965923462997, 0.23103586758866618, 0.2341861944429805], [0.31125953305394305, 0.27311453204080005, 0.16067044935587702, 0.2549554855493798], [0.25265329993973906, 0.24691535477395934, 0.25621785215957865, 0.24421349312672297], [0.4575320048549633, 0.18334957871903418, 0.15588011986444608, 0.2032382965615565], [0.2270949229630526, 0.38342514422357576, 0.15679573501438562, 0.2326841977989863], [0.295385801820501, 0.3492424145973371, 0.1424170220627046, 0.21295476151945725], [0.22179044836090006, 0.2484823767514833, 0.28053563482633803, 0.2491915400612789], [0.33640288918690725, 0.2586976360644449, 0.17393328153458146, 0.2309661932140663], [0.21264217408079242, 0.2170707708485849, 0.24541032015948763, 0.324876734911135], [0.13529871654996534, 0.24631791250495888, 0.26277918188705407, 0.3556041890580216], [0.26083801753065594, 0.30244810477086376, 0.19999183743857843, 0.23672204025990198], [0.338664008852945, 0.26730261025210394, 0.15517778686647168, 0.23885559402847953], [0.3113151202976624, 0.2890060530931634, 0.1568006465246166, 0.24287818008455764], [0.2849311948863557, 0.2951201372496526, 0.20626587373127891, 0.2136827941327128], [0.2206172278639145, 0.2805540455083284, 0.27481582759639844, 0.22401289903135876], [0.1931940970992449, 0.3120833016185374, 0.28649158343607417, 0.20823101784614353], [0.2549918801407424, 0.22792732146936517, 0.13272914838638172, 0.3843516500035107], [0.2322216386763265, 0.2406235625032588, 0.18240058901400194, 0.34475420980641264], [0.19637912858994508, 0.3171440734672977, 0.16573763580222803, 0.3207391621405291], [0.37872971885185025, 0.22084708441159642, 0.1790116620471359, 0.22141153468941738], [0.3568744703648059, 0.29547795308854397, 0.12960512660162843, 0.21804244994502175], [0.335736110203535, 0.26320645189616254, 0.15752574859653326, 0.2435316893037694], [0.21999000189396378, 0.2168759063764798, 0.2913030180946503, 0.271831073634906], [0.43317125794564176, 0.20941920655753948, 0.12488447972689021, 0.23252505576992852], [0.2726923589352013, 0.2581081959551829, 0.20877613748388316, 0.2604233076257328], [0.2541486990065192, 0.2858756155951647, 0.12720195555484315, 0.332773729843473], [0.33577538103789767, 0.23743113442103295, 0.1771401824034245, 0.24965330213764497], [0.28587733904514884, 0.2976982697835057, 0.22900723544711943, 0.187417155724226], [0.24075192864495396, 0.2558366866774052, 0.19334277250971674, 0.31006861216792436], [0.42566940423557587, 0.20850476918264324, 0.18016351842463418, 0.1856623081571467], [0.28578398019522205, 0.3061656460354522, 0.14719425841421455, 0.26085611535511133], [0.29814711596116805, 0.2505234442105604, 0.17963907035906287, 0.2716903694692088], [0.2904389529603993, 0.28310956702836615, 0.08241567448188013, 0.34403580552935425], [0.20686356416608376, 0.26183856327366833, 0.20727640268162853, 0.3240214698786193], [0.4395694606589439, 0.24062982191033036, 0.1375001573375275, 0.1823005600931982], [0.34321381795428046, 0.19896052341292791, 0.2257972530381302, 0.2320284055946614], [0.18590896913496338, 0.36616781607774634, 0.24754046057822723, 0.2003827542090629], [0.3978151566907122, 0.19634270623716896, 0.18379206126777348, 0.22205007580434524], [0.3751695379389828, 0.23742727040821904, 0.1317535464313858, 0.2556496452214125], [0.25461656265899474, 0.30167151006807397, 0.14640350206536407, 0.29730842520756723], [0.47199859305735004, 0.2042983992597943, 0.1100894886042798, 0.2136135190785759], [0.30748954177408633, 0.225429513504651, 0.2410080602781468, 0.2260728844431158], [0.2527904047754178, 0.3408644225028476, 0.21650348849881057, 0.1898416842229238], [0.2551992941108234, 0.27245451903979145, 0.18561830658220968, 0.28672788026717555], [0.3248933208075564, 0.30631193262469975, 0.14256669922350584, 0.22622804734423788], [0.39927120000847904, 0.1416270117493385, 0.17233251071641884, 0.2867692775257637], [0.36037214066328044, 0.22856745660410838, 0.1230815697907755, 0.2879788329418358], [0.15865783143050566, 0.460228160062586, 0.18263208862698765, 0.1984819198799209], [0.1202068407729094, 0.19481330802756996, 0.1733967126795428, 0.5115831385199779], [0.26547579361859514, 0.30861872044942035, 0.18676543566381335, 0.2391400502681712], [0.25739164284340843, 0.23476880439921952, 0.13943957349329045, 0.3683999792640815], [0.2677581563480621, 0.23426218476768432, 0.16908160545674042, 0.3288980534275131], [0.37723393150848494, 0.3021387740686574, 0.1195318014248718, 0.20109549299798612], [0.3537066929707729, 0.21634002147709658, 0.12896019989396817, 0.3009930856581624], [0.18287009125144113, 0.19761768360182946, 0.4026780252070877, 0.21683419993964181], [0.21396074295367173, 0.25334241366926297, 0.30477466598827024, 0.22792217738879494], [0.21208793127046865, 0.2957332716106368, 0.2654740837344334, 0.2267047133844613], [0.13131663749491634, 0.48660109804964663, 0.21317999312817087, 0.16890227132726632], [0.26232734929080553, 0.35250438430221487, 0.19521864804734787, 0.18994961835963192], [0.3758563867885452, 0.1900621223196502, 0.18348569575335424, 0.2505957951384504], [0.25238523325217893, 0.21827209539347445, 0.30495338134589767, 0.22438929000844882], [0.26128240153161436, 0.26333184928664527, 0.15697200957359284, 0.31841373960814745], [0.31445627364719453, 0.23097985697069207, 0.2058564720122875, 0.24870739736982586], [0.29995508715791525, 0.4095273759861006, 0.10345244581126475, 0.18706509104471955], [0.2762992898732451, 0.23240042828951463, 0.2320337925825624, 0.25926648925467805], [0.32195193674768674, 0.22605304200637708, 0.1967913627066825, 0.25520365853925386], [0.16414828545351748, 0.27287335721974787, 0.17813201801446485, 0.3848463393122699], [0.24174248473421522, 0.25453817029282017, 0.17341222416423588, 0.33030712080872854], [0.32666433934034206, 0.3276197392415466, 0.12296594883239796, 0.22274997258571338], [0.35149004638009584, 0.20520630820601046, 0.10605851171935175, 0.3372451336945418], [0.3552391109886236, 0.29103462783439604, 0.13187129712670784, 0.2218549640502724], [0.3324280366302373, 0.20934487664013826, 0.18677182313392496, 0.27145526359569955], [0.32209377092457947, 0.30616576276308266, 0.12352203418223363, 0.2482184321301042], [0.214921935907467, 0.36308982111483784, 0.1759746425706621, 0.24601360040703332], [0.24021902698640654, 0.23548142775714, 0.11966608685664382, 0.40463345839980963], [0.4614543717984725, 0.209020294668672, 0.10049718630072063, 0.22902814723213488], [0.2854015822723005, 0.24264288804351203, 0.20549156779982997, 0.2664639618843576], [0.19324977069045485, 0.2373092036191944, 0.10659718763090517, 0.46284383805944546], [0.30610285729193853, 0.211997000189659, 0.1718749042263616, 0.31002523829204076], [0.44794080217916954, 0.26464907245144764, 0.1264755197987185, 0.1609346055706643], [0.30188485224155037, 0.19970984740840986, 0.20678737183173412, 0.29161792851830554], [0.3773563932302534, 0.23996241003262644, 0.13014762373953273, 0.2525335729975876], [0.22145720135380825, 0.32158372962465204, 0.1537944033421767, 0.303164665679363], [0.38726698292378353, 0.1514522896667538, 0.14420224348890084, 0.31707848392056187], [0.4692526164451542, 0.1981930868822278, 0.12397826025514251, 0.20857603641747557], [0.30334099325890945, 0.2875546263460378, 0.16201228300065024, 0.24709209739440252], [0.23226519847252888, 0.34574576793454215, 0.15733733397338492, 0.264651699619544], [0.3565936880939398, 0.2215579006143302, 0.15969894810254773, 0.2621494631891824], [0.33981187422838344, 0.23821366850083428, 0.1591265453695558, 0.2628479119012265], [0.43327993177915386, 0.2062551018458428, 0.15362121694537836, 0.20684374942962502], [0.19818774138736436, 0.18661139600681892, 0.36545233322354465, 0.24974852938227238], [0.19680938461306027, 0.3396938606457798, 0.14338546217889878, 0.320111292562261], [0.34832673872009173, 0.23090326320242513, 0.16598847791578739, 0.2547815201616956], [0.20396862262134693, 0.2874360641200647, 0.13344366726266335, 0.375151645995925], [0.30199875258147635, 0.18769727412896953, 0.11734347564512528, 0.39296049764442886], [0.24292371168690727, 0.41133580047144613, 0.10117089575300932, 0.24456959208863754], [0.242597627467262, 0.3175004858358796, 0.1844678920207828, 0.2554339946760757], [0.31777434637404994, 0.18051514717852218, 0.10511956882302907, 0.3965909376243989], [0.3129510756390258, 0.26352615007097313, 0.15924452630671238, 0.26427824798328875]]}}