{"test": {"ids": ["112119610", "112118581", "97111790", "105115900", "110115980", "104114320", "112117210", "99114890", "99109910", "112118550", "105116090", "108113620", "113122150", "105110091", "102116340", "103111540", "110121500", "112116810", "107114621", "110117500", "108118291", "107121640", "102113350", "103120730", "110116290", "102121440", "110119300", "103112641", "100108260", "102109850", "98110710", "103111170", "99116500", "104113000", "106113260", "98109311", "99107630", "98110230", "97110950", "105118740", "112118820", "97106820", "101109120", "101109370", "106117770", "111116750", "100110260", "108119550", "99109780", "110121450", "102112030", "97105960", "98108580", "110120531", "97116500", "113120260", "100110050", "112116850", "113117401", "100115700", "112116501", "107119130", "110118740", "100120010", "97107260", "108115070", "109114720", "109120621", "109115380", "97108520", "100120780", "111119150", "112118421", "109120540", "113122320", "99108890", "109114220", "105113170", "100108080", "105110251", "103109641", "112117471", "113120280", "97106000", "102116500", "113119950", "102110850", "106118520", "97107821", "112120670", "99109311", "106114150", "107119950", "108115250", "113121190", "100111620", "104113380", "111114171", "99121440", "110120640", "101108950", "108119510", "103113101", "101114020", "97113260", "111117120", "104116800", "99109141", "113120540", "109113931", "109117080", "111115620", "105121190", "111121351", "111119250", "108118060", "105117200", "111114121", "103110050", "104111531", "102109010", "106116120", "110120190", "104113240", "98108520", "101119591", "106115120", "113122650", "100109000", "109113591", "111118301", "105113210", "98112300", "107121230", "112119500", "109117600", "108121190", "103109791", "107112850", "112116290", "101116130", "109117150"], "labels": [0, 1, 2, 3, 1, 2, 1, 2, 2, 3, 1, 3, 2, 0, 3, 1, 3, 3, 0, 1, 3, 1, 3, 1, 2, 2, 1, 3, 3, 1, 2, 2, 2, 1, 3, 1, 2, 3, 3, 1, 0, 1, 1, 1, 0, 3, 3, 1, 2, 3, 2, 2, 0, 0, 2, 3, 3, 0, 3, 1, 3, 1, 3, 0, 2, 1, 0, 1, 3, 2, 1, 3, 3, 1, 1, 0, 3, 0, 0, 0, 1, 3, 0, 0, 1, 0, 3, 2, 2, 2, 1, 1, 3, 1, 1, 3, 1, 3, 2, 0, 2, 1, 3, 3, 1, 2, 1, 3, 3, 1, 1, 1, 2, 0, 1, 1, 3, 0, 3, 0, 1, 1, 3, 2, 2, 0, 1, 2, 1, 3, 3, 3, 2, 0, 2, 1, 1, 3, 1, 0, 2, 2], "predicted_labels": [1, 1, 0, 3, 3, 3, 1, 1, 0, 0, 1, 3, 3, 0, 3, 3, 0, 3, 0, 1, 0, 3, 3, 0, 0, 0, 0, 0, 0, 3, 3, 0, 3, 3, 1, 0, 3, 0, 0, 1, 3, 3, 0, 3, 3, 0, 0, 3, 1, 1, 3, 1, 0, 3, 1, 3, 3, 1, 0, 3, 1, 3, 3, 3, 1, 1, 3, 3, 1, 1, 3, 3, 3, 1, 3, 1, 3, 3, 3, 0, 3, 1, 0, 3, 3, 0, 1, 1, 0, 3, 1, 0, 0, 3, 3, 0, 3, 1, 1, 3, 1, 3, 1, 3, 3, 1, 3, 0, 1, 3, 1, 3, 1, 0, 0, 3, 1, 0, 1, 0, 3, 3, 3, 1, 0, 0, 3, 1, 3, 1, 0, 0, 0, 3, 1, 3, 1, 3, 1, 0, 1, 3], "confidence_scores": [[0.19619606410034204, 0.30577215139740016, 0.21615226017619607, 0.2818795243260618], [0.2392056465216987, 0.3384280913614507, 0.17583696381055167, 0.24652929830629902], [0.2917945481788658, 0.27624642155153556, 0.16655898589042487, 0.26540004437917397], [0.2093137241452702, 0.2763366107170631, 0.18345309210551947, 0.33089657303214726], [0.27318543623209096, 0.22497488723621598, 0.2050335709822576, 0.2968061055494357], [0.24010465299280334, 0.25995807972377744, 0.22695236652802014, 0.27298490075539933], [0.2566086381990643, 0.28505685703438777, 0.1811134631809256, 0.27722104158562255], [0.19721632720751217, 0.31954131922642537, 0.2010660464573837, 0.2821763071086787], [0.27024685817295513, 0.24855100282365433, 0.2119486586203092, 0.26925348038308183], [0.30294397961241754, 0.2760770631363999, 0.16591335401017923, 0.25506560324100347], [0.26798854948052947, 0.29310391629494426, 0.16647656184270063, 0.2724309723818257], [0.2891908766608246, 0.2724737837858897, 0.1341878194984739, 0.3041475200548119], [0.24801130201451282, 0.2942058200640813, 0.16319304716617966, 0.29458983075522654], [0.29372277358213517, 0.2800850556207888, 0.15194066824329364, 0.2742515025537828], [0.23833163893144874, 0.23431495979780706, 0.21585426345273617, 0.31149913781800803], [0.2491965539098902, 0.2682799462921778, 0.1798944714260725, 0.3026290283718595], [0.2919218338728859, 0.28069866117887854, 0.15750179971461395, 0.2698777052336221], [0.26913750603726916, 0.23577944715949284, 0.20353666623152572, 0.2915463805717127], [0.35103680191584674, 0.22330781400708344, 0.14105168360916928, 0.28460370046790034], [0.2749214257878381, 0.2869935534919773, 0.15769639524758627, 0.28038862547259824], [0.29195431912873543, 0.2800880334434144, 0.14445960746147948, 0.2834980399663709], [0.24123722010018975, 0.24001053410307205, 0.20996009550165065, 0.30879215029508805], [0.2499367992508552, 0.2553809023894593, 0.19907597418475906, 0.2956063241749266], [0.2995475767094324, 0.2471842290047732, 0.18558879025886807, 0.2676794040269269], [0.31078956098309324, 0.2367520577699516, 0.16536668967787005, 0.28709169156908554], [0.2820820904298893, 0.26534796300962665, 0.17061241287460013, 0.281957533685884], [0.28040471206290224, 0.2261824670678226, 0.2231537383609142, 0.27025908250836095], [0.30553399026702427, 0.27714051119184324, 0.1579576720365371, 0.2593678265045957], [0.28268948828876606, 0.265198862833616, 0.19392962128595934, 0.2581820275916588], [0.2598079398766227, 0.2603624195686562, 0.21796326560802748, 0.26186637494669374], [0.23906444146136496, 0.25306613271811035, 0.25265374290740356, 0.25521568291312174], [0.330995172134825, 0.2706131275361545, 0.15595963874260235, 0.24243206158641872], [0.24840985107934754, 0.23243594615429145, 0.23777226754218328, 0.28138193522417787], [0.22708614342172026, 0.289382284786824, 0.16000422495805208, 0.32352734683340373], [0.25385434138755714, 0.2845840754743084, 0.21966103691702124, 0.24190054622111384], [0.30671297351136506, 0.28708842392211986, 0.16306931363115965, 0.2431292889353555], [0.292200482031654, 0.21824367862122349, 0.1690060515701256, 0.32054978777699705], [0.29621576678372946, 0.27519162809759495, 0.15047339722979133, 0.27811920788888406], [0.3445206118104184, 0.22280125244885904, 0.15023777400224883, 0.2824403617384745], [0.24311490761500382, 0.2831281794073383, 0.22230856127057086, 0.2514483517070874], [0.2535857473942892, 0.278077444963582, 0.16241393144518385, 0.3059228761969452], [0.2654195750355809, 0.27924906690246726, 0.16642534140745077, 0.2889060166545014], [0.29769708746430545, 0.256873562745531, 0.17278174506929017, 0.27264760472087374], [0.2488398373259901, 0.25600059089736354, 0.18904432419469147, 0.30611524758195463], [0.2548038990840874, 0.24377020432486926, 0.20984381518123804, 0.2915820814098058], [0.3076358691339879, 0.24774662388253801, 0.159352403830307, 0.2852651031531673], [0.3404251167734427, 0.2479151570118778, 0.14707702545266627, 0.2645827007620132], [0.23333978420748464, 0.2441519068367459, 0.21138476516459911, 0.3111235437911705], [0.2518086334060861, 0.2723112416988301, 0.20525145028146824, 0.2706286746136157], [0.2745844100479267, 0.2937739139303611, 0.1635689635434012, 0.26807271247831127], [0.24369509028559191, 0.2612591814073001, 0.21246542684297012, 0.28258030146413815], [0.2448402985735261, 0.27010021261595785, 0.22458012587202864, 0.2604793629384878], [0.28445974582568917, 0.258104537985927, 0.20671752750409636, 0.2507181886842881], [0.271019942648602, 0.2908789876096252, 0.14021476862266877, 0.297886301119104], [0.26158648166131254, 0.29198980294817073, 0.19344019621859462, 0.25298351917192236], [0.25167221288935493, 0.24338770558329423, 0.19354157032460828, 0.3113985112027428], [0.21594233183752276, 0.27196434022394, 0.2357502214373912, 0.27634310650114563], [0.24141159184337177, 0.2990753960563804, 0.1776440206747533, 0.2818689914254949], [0.29119683768337284, 0.2791533548750062, 0.14467744878256492, 0.28497235865905624], [0.26528774863265847, 0.25760933775398087, 0.17663155240867986, 0.300471361204681], [0.27611589569232203, 0.28177877584472183, 0.1654548732409951, 0.2766504552219611], [0.22554415628592805, 0.28635578947944296, 0.19432140805233417, 0.29377864618229504], [0.2652786693151707, 0.23761677087544136, 0.16474208419435005, 0.3323624756150382], [0.2610708205829335, 0.23101898656417055, 0.21940380307904378, 0.2885063897738533], [0.24031987742319072, 0.2777263823251721, 0.21663819536247078, 0.26531554488916653], [0.23791408741152015, 0.3086913009092385, 0.17234634451311734, 0.28104826716612435], [0.1813336845787491, 0.3135644411262049, 0.18356461366991114, 0.32153726062513505], [0.2771958309317708, 0.25443749129526566, 0.17334215752109292, 0.295024520251871], [0.19664639863667757, 0.32093819425858355, 0.19569666355667914, 0.28671874354806], [0.2642682339754983, 0.27283942993832155, 0.1954823593797708, 0.26740997670641], [0.26607375035760816, 0.27360922202873444, 0.17341901238692828, 0.28689801522672936], [0.27392066242009516, 0.2634882532456338, 0.1665057310726805, 0.2960853532615907], [0.27008279836119203, 0.2542573081755573, 0.14688155363407893, 0.3287783398291725], [0.2642983717726785, 0.2824167681165585, 0.19816776353265006, 0.255117096578113], [0.25411335037375593, 0.2613954163133796, 0.18547574183713844, 0.29901549147572626], [0.25456419263770097, 0.3036024816373973, 0.1795231240652018, 0.26231020165969976], [0.24919084738221914, 0.20959372496766063, 0.20285745076749254, 0.3383579768826279], [0.23380620843679625, 0.2738255384612335, 0.15905866965297744, 0.33330958344899286], [0.20211812198635737, 0.2541784904105683, 0.23886227999187923, 0.30484110761119526], [0.34439471033318564, 0.26975179685268724, 0.14653107746806232, 0.2393224153460653], [0.24122509087570623, 0.25381522166362186, 0.19001565470194967, 0.3149440327587225], [0.2508727609598363, 0.3405585968676303, 0.17032489660985087, 0.23824374556268238], [0.33493731336362437, 0.21660067144039963, 0.14595617354936535, 0.3025058416466108], [0.22490985204654415, 0.253147813911251, 0.2502632431926301, 0.2716790908495746], [0.2649719955109513, 0.2573205516343759, 0.2034729696681804, 0.27423448318649274], [0.3135943760457089, 0.2444767828722771, 0.14316529207110018, 0.2987635490109139], [0.20585645289322455, 0.2950808541536262, 0.21506139312938036, 0.28400129982376915], [0.23972182570768164, 0.27208470657683065, 0.2260607938394675, 0.2621326738760207], [0.3089720006243048, 0.2685464484687264, 0.16875642567835122, 0.253725125228618], [0.22574378704556833, 0.2904258854493675, 0.1808067080941267, 0.3030236194109375], [0.2780392458014202, 0.29344361509897254, 0.17799631427841647, 0.250520824821191], [0.28767739148007543, 0.2871865977922434, 0.17595337469855357, 0.24918263602912816], [0.2934915675463544, 0.2799262122548885, 0.13662676836546386, 0.2899554518332933], [0.25649546180862715, 0.2537611784182687, 0.204698645165452, 0.2850447146076524], [0.22602960245746534, 0.29239598610309736, 0.18239067786242089, 0.2991837335770171], [0.30330191029781595, 0.22954599423360586, 0.20225129410306933, 0.26490080136550914], [0.21793668431932284, 0.28720003111500103, 0.17598567750005664, 0.3188776070656192], [0.26653615447597556, 0.28865430350377713, 0.1695031335188949, 0.2753064085013528], [0.25491288811074936, 0.3124224856304238, 0.17377844335953485, 0.2588861828992925], [0.2502055518218947, 0.2793441530278287, 0.17467164813059274, 0.2957786470196839], [0.22194270755504372, 0.29156421757502177, 0.19892632555116938, 0.2875667493187653], [0.2608343719113405, 0.2503134017835828, 0.1792333151312501, 0.30961891117382734], [0.2752298478711953, 0.3087037944253525, 0.1465573372197605, 0.26950902048369185], [0.27307134244382353, 0.243172205852328, 0.18125159490748646, 0.3025048567963625], [0.268710678086746, 0.23766423234136805, 0.19503894026073862, 0.29858614931114796], [0.27682543673287174, 0.2926930480875637, 0.18316883652442784, 0.24731267865513715], [0.2427253876595434, 0.26499762651932635, 0.19263560839903418, 0.2996413774220964], [0.2878362446532169, 0.2802459394354348, 0.1718297986288207, 0.260088017282528], [0.27552141025252774, 0.30251090479973963, 0.1582437781181078, 0.26372390682962554], [0.26211897990287814, 0.25543021603298305, 0.2105611580798166, 0.2718896459843225], [0.23618170816065198, 0.31777855933283883, 0.1692615316482268, 0.27677820085828286], [0.27300541896720915, 0.26144041313659416, 0.1715696851801647, 0.293984482716032], [0.21492379828496178, 0.2997227302067276, 0.19816854668497724, 0.28718492482333396], [0.33219759224132145, 0.26841769177456043, 0.16438468371222054, 0.2350000322718977], [0.2869833855261691, 0.2099538240229699, 0.23122395301210522, 0.27183883743875636], [0.24686777811367946, 0.25721983327769776, 0.19072733386171078, 0.3051850547469124], [0.24875217216700118, 0.3027349682909852, 0.17340546999437198, 0.2751073895476422], [0.3263506668044127, 0.30670863068274745, 0.12502087232498565, 0.24191983018785423], [0.25823384180457304, 0.2718883215049008, 0.20526971693000903, 0.26460811976051746], [0.32073634157929587, 0.26973844390460977, 0.16051979301137054, 0.24900542150472407], [0.2569970492120963, 0.23549170305243589, 0.21688307168756388, 0.2906281760479045], [0.236947536532415, 0.26658439695581954, 0.2228571602831317, 0.2736109062286342], [0.2107937699944072, 0.28068584641396993, 0.16862812436415467, 0.3398922592274683], [0.2284092853255779, 0.3143154468329423, 0.2057624563067546, 0.25151281153472504], [0.3356197390104645, 0.24800692962101276, 0.1771488428503805, 0.2392244885181423], [0.30813113184313473, 0.2656508139635518, 0.1443682970695321, 0.28184975712378185], [0.2695637953371978, 0.2718950357181758, 0.17478323213611305, 0.2837579368085138], [0.22103657986071185, 0.3087135977054766, 0.2021346267045999, 0.2681151957292119], [0.24205650435617818, 0.23860393345778785, 0.19566667808619378, 0.3236728840998407], [0.2785087996000603, 0.2900023331020402, 0.16472434031209374, 0.2667645269858058], [0.297094373672226, 0.28519547945606, 0.17155376774988462, 0.24615637912182944], [0.29754155482612854, 0.2662358313668196, 0.165657439336932, 0.27056517447012], [0.3649125130647694, 0.23040705734544142, 0.15967025315981362, 0.24501017642997563], [0.24261290705212762, 0.288881820867633, 0.17381481291747478, 0.2946904591627647], [0.21564664119225596, 0.2990769660389353, 0.2136451078225063, 0.2716312849463027], [0.25717573816483313, 0.2309739209346404, 0.22316631688112393, 0.28868402401940324], [0.21480033853713174, 0.3410483569722939, 0.1927619918971844, 0.25138931259338976], [0.282127317540362, 0.2730707967286493, 0.156745202561496, 0.2880566831694927], [0.23555308624001492, 0.31671303485461477, 0.19235972214636143, 0.25537415675900843], [0.2948200693493209, 0.29290780846848785, 0.16459044732162928, 0.2476816748605625], [0.2416465279664924, 0.2774120907699576, 0.2117311283527046, 0.2692102529108457], [0.22656704776864262, 0.2894981090305222, 0.19147320763294215, 0.29246163556789345]]}, "rewritten": {"ids": ["97105960", "97106000", "97106820", "97107260", "97107821", "97108520", "97110950", "97111790", "97113260", "97116500", "98108520", "98108580", "98109311", "98110230", "98110710", "98112300", "99107630", "99108890", "99109141", "99109311", "99109780", "99109910", "99114890", "99116500", "99121440", "100108080", "100108260", "100109000", "100110050", "100110260", "100111620", "100115700", "100120010", "100120780", "101108950", "101109120", "101109370", "101114020", "101116130", "101119591", "102109010", "102109850", "102110850", "102112030", "102113350", "102116340", "102116500", "102121440", "103109641", "103109791", "103110050", "103111170", "103111540", "103112641", "103113101", "103120730", "104111531", "104113000", "104113240", "104113380", "104114320", "104116800", "105110091", "105110251", "105113170", "105113210", "105115900", "105116090", "105117200", "105118740", "105121190", "106113260", "106114150", "106115120", "106116120", "106117770", "106118520", "107112850", "107114621", "107119130", "107119950", "107121230", "107121640", "108113620", "108115070", "108115250", "108118060", "108118291", "108119510", "108119550", "108121190", "109113591", "109113931", "109114220", "109114720", "109115380", "109117080", "109117150", "109117600", "109120540", "109120621", "110115980", "110116290", "110117500", "110118740", "110119300", "110120190", "110120531", "110120640", "110121450", "110121500", "111114121", "111114171", "111115620", "111116750", "111117120", "111118301", "111119150", "111119250", "111121351", "112116290", "112116501", "112116810", "112116850", "112117210", "112117471", "112118421", "112118550", "112118581", "112118820", "112119500", "112119610", "112120670", "113117401", "113119950", "113120260", "113120280", "113120540", "113121190", "113122150", "113122320", "113122650"], "labels": [2, 0, 1, 2, 2, 2, 3, 2, 1, 2, 2, 0, 1, 3, 2, 2, 2, 0, 3, 1, 2, 2, 2, 2, 2, 0, 3, 1, 3, 3, 3, 1, 0, 1, 2, 1, 1, 3, 2, 0, 1, 1, 3, 2, 3, 3, 1, 2, 1, 3, 3, 2, 1, 3, 3, 1, 0, 1, 2, 1, 2, 1, 0, 0, 0, 3, 3, 1, 3, 1, 2, 3, 1, 1, 1, 0, 2, 1, 0, 1, 3, 0, 1, 3, 1, 1, 1, 3, 1, 1, 1, 3, 1, 3, 0, 3, 1, 2, 1, 1, 1, 1, 2, 1, 3, 1, 3, 0, 0, 3, 3, 0, 3, 1, 3, 2, 3, 3, 1, 0, 0, 3, 3, 0, 1, 3, 3, 3, 1, 0, 2, 0, 2, 3, 0, 3, 0, 3, 1, 2, 1, 2], "predicted_labels": [0, 0, 0, 1, 0, 0, 0, 0, 3, 0, 0, 0, 0, 0, 3, 0, 0, 1, 0, 0, 1, 3, 0, 1, 0, 3, 0, 3, 1, 0, 0, 0, 0, 1, 0, 0, 0, 0, 0, 0, 3, 0, 1, 3, 0, 0, 0, 0, 0, 0, 0, 0, 0, 0, 1, 0, 0, 0, 1, 0, 0, 0, 0, 0, 0, 0, 3, 0, 3, 1, 0, 1, 0, 0, 0, 0, 0, 1, 0, 3, 0, 1, 3, 0, 1, 3, 0, 0, 0, 3, 1, 0, 0, 0, 3, 3, 1, 3, 0, 1, 0, 0, 0, 0, 0, 0, 0, 0, 0, 0, 0, 0, 0, 3, 0, 0, 0, 0, 0, 0, 0, 0, 0, 0, 0, 0, 0, 0, 1, 3, 1, 1, 0, 0, 3, 0, 0, 0, 3, 3, 0, 0], "confidence_scores": [[0.2948629714337013, 0.2692505053217576, 0.18516385535930102, 0.25072266788524017], [0.2872054017825796, 0.2752574566207067, 0.19453973173531727, 0.24299740986139692], [0.30226612939903563, 0.25465026906395594, 0.17794763311119138, 0.2651359684258171], [0.25879287668302225, 0.2656755379880241, 0.2172789619179866, 0.25825262341096733], [0.33379500863197487, 0.2687766749228874, 0.16020314255528145, 0.23722517388985673], [0.2967749913960722, 0.25106218879693537, 0.18534685925643074, 0.26681596055056195], [0.3499969228885873, 0.2197561889112884, 0.17802596560018938, 0.2522209225999351], [0.3283415075620228, 0.26502593959647924, 0.150814019507795, 0.25581853333370325], [0.28112704895528895, 0.2579211582307794, 0.1751730365413652, 0.28577875627256677], [0.291935330052113, 0.2560140918877372, 0.21279691847360832, 0.23925365958654157], [0.33633143776428337, 0.270061930937498, 0.18070573670260928, 0.2129008945956095], [0.3032198767532204, 0.24412014679790842, 0.19399830825760486, 0.2586616681912667], [0.3068237725947378, 0.27189904791901254, 0.18578314063706858, 0.23549403884918124], [0.2844922341276026, 0.2741309560708988, 0.18873392457077745, 0.25264288523072137], [0.24764234343805963, 0.25518614683965224, 0.23292558134482466, 0.26424592837746397], [0.40225541700606615, 0.21356203923758674, 0.14959433400441977, 0.23458820975192743], [0.3143391606343815, 0.22961846306055414, 0.1771628717379201, 0.2788795045671447], [0.2646334739814897, 0.2702102971213134, 0.19861751138096229, 0.26653871751623526], [0.39210988879287895, 0.24335236302986618, 0.121914069207729, 0.24262367896952602], [0.31599551122923003, 0.3027691272957125, 0.1537238090568853, 0.2275115524181723], [0.2634425127747051, 0.290900543678981, 0.18730629310461386, 0.2583506504417006], [0.2758659175334698, 0.25962295238718547, 0.1822169772892739, 0.2822941527900709], [0.2856701079310005, 0.23755785871286422, 0.22016680655767076, 0.25660522679846476], [0.26054212255524334, 0.26514016875993845, 0.2160758653073598, 0.25824184337745865], [0.3092751137889527, 0.29614249970172213, 0.15004145064099245, 0.24454093586833298], [0.24274453949294103, 0.2626452061984427, 0.21661138197177213, 0.2779988723368444], [0.2919565729973288, 0.2528590537352357, 0.19185571929819836, 0.26332865396923716], [0.2788361879714079, 0.2431791016203761, 0.1899637786857683, 0.28802093172244775], [0.2663502022013051, 0.2781191987535494, 0.2242289151816169, 0.2313016838635289], [0.3601740846790848, 0.22254017301053144, 0.12134359911212005, 0.29594214319826384], [0.3399672722864751, 0.22313686462769497, 0.18223641034572988, 0.2546594527401001], [0.29692634731367257, 0.23707149297681507, 0.18109438709913858, 0.2849077726103741], [0.2867496219122614, 0.26044762458299003, 0.21553796066564432, 0.23726479283910468], [0.2624778273709661, 0.271069453298053, 0.20935173668345086, 0.2571009826475304], [0.2848178825589628, 0.23903991717678258, 0.19848412175603453, 0.2776580785082203], [0.29202683841347854, 0.25965000553185286, 0.1880095441010211, 0.26031361195364755], [0.27944919577614763, 0.25520770741676385, 0.19798261513632043, 0.2673604816707686], [0.3147970722475574, 0.2712622886783632, 0.16672605938796903, 0.2472145796861105], [0.29757009848609406, 0.23240498698697395, 0.1918793980102981, 0.2781455165166341], [0.34857170360611966, 0.23070640524994562, 0.14794672222786862, 0.2727751689160663], [0.26488935647916667, 0.23181171492869151, 0.20515612987841728, 0.2981427987137249], [0.2854327918936928, 0.23992534010385191, 0.21882305150080636, 0.25581881650164884], [0.27680771815365557, 0.28801493109667775, 0.1903230342344625, 0.2448543165152043], [0.2490726666891173, 0.24728381940397268, 0.24248013623390385, 0.2611633776730064], [0.31998648515774936, 0.2264424551250985, 0.18229181008710568, 0.2712792496300469], [0.28292987871967223, 0.25299765973521493, 0.18770234844865627, 0.2763701130964567], [0.28465940110945614, 0.2539487754936057, 0.18241927555539963, 0.2789725478415386], [0.3060842649850351, 0.24910692793984, 0.17445354311511546, 0.2703552639600093], [0.32791774079324015, 0.24012637544076437, 0.1574902036282014, 0.2744656801377944], [0.3200119077069732, 0.2682247230325227, 0.17208001163680428, 0.2396833576237002], [0.2971746300077343, 0.2688919037035149, 0.18978029696091933, 0.2441531693278316], [0.3066446366135166, 0.2705012767425543, 0.15348028088695048, 0.2693738057569787], [0.3034375163022271, 0.2296483485008948, 0.17483283651098133, 0.2920812986858971], [0.3097541110413839, 0.26593245424910283, 0.17986688446577667, 0.24444655024373724], [0.27961918023370264, 0.31436036103263876, 0.15111506965363183, 0.25490538908002697], [0.3215961089581746, 0.2387914327882388, 0.18130517086755085, 0.25830728738603614], [0.3221061752262685, 0.25538796843253175, 0.17016955526911337, 0.2523363010720868], [0.30087189955862015, 0.2707767847315448, 0.16783264842254952, 0.2605186672872857], [0.2538842504000339, 0.29577235385184203, 0.1870978043820734, 0.2632455913660507], [0.2705261355600693, 0.26924224684258, 0.21035391046707963, 0.24987770713027097], [0.28248585212223654, 0.27896544820206554, 0.18179528147273535, 0.25675341820296266], [0.3198823782638365, 0.2673579275685233, 0.15951693860124164, 0.2532427555663988], [0.34425361497676643, 0.2586440038976331, 0.1770870590218792, 0.22001532210372127], [0.3861834250230893, 0.24789072348574673, 0.13978121438929825, 0.22614463710186594], [0.28658425822999034, 0.25104906705359836, 0.18559194491622913, 0.2767747298001828], [0.29901889949619787, 0.24063759930080744, 0.17971692580530277, 0.2806265753976922], [0.28961354652127036, 0.22830140769228052, 0.18976073332563922, 0.2923243124608102], [0.3023263394262996, 0.26334802723873535, 0.17958496109598152, 0.25474067223898383], [0.24996674272528702, 0.2640789532071817, 0.18413200736865634, 0.3018222966988755], [0.2745048849491993, 0.28149449908641616, 0.2038002073013966, 0.24020040866298803], [0.28098841586586537, 0.27315380282103907, 0.18518686133547885, 0.2606709199776167], [0.2667662227781386, 0.2760569224683795, 0.20644793333351052, 0.2507289214199718], [0.32895075481852265, 0.26259006447963135, 0.18443280588771596, 0.22402637481413032], [0.29266818561535973, 0.2513751101915124, 0.17488542100112744, 0.2810712831920006], [0.27168915366568275, 0.24452284674972805, 0.2245987807344122, 0.2591892188501776], [0.27770304855170574, 0.229422257061148, 0.21777929968152218, 0.27509539470562444], [0.32529233201459773, 0.2502806430454745, 0.16267870135880663, 0.26174832358112177], [0.223662116158438, 0.3171675802656705, 0.19926953847462386, 0.25990076510126764], [0.3399133169478461, 0.22886947782117542, 0.1472751965273278, 0.2839420087036507], [0.2568235454654158, 0.25960466479990163, 0.19777046969375023, 0.2858013200409327], [0.31327366206858787, 0.24623003931271956, 0.169221408962426, 0.27127488965626695], [0.268668270445902, 0.28385767079461477, 0.17801161369402052, 0.269462445065463], [0.24978228906805663, 0.2481496223165468, 0.21971344523613706, 0.2823546433792599], [0.28576857096023844, 0.2825735822558439, 0.17221275389922952, 0.2594450928846883], [0.25156694802960217, 0.28522836290009557, 0.18316835489256916, 0.2800363341777335], [0.28822520756580555, 0.24970995460774845, 0.16760804685296857, 0.2944567909734779], [0.2977738536690061, 0.22773463504250832, 0.23083228756464783, 0.24365922372383828], [0.3500580741563573, 0.2513872455850569, 0.1309664773757286, 0.2675882028828576], [0.3220775131769334, 0.24478903641011682, 0.19021368193367003, 0.24291976847928004], [0.266462487694234, 0.2663256355741309, 0.19752245021535902, 0.2696894265162761], [0.25818061724496505, 0.2641687418999761, 0.2193579772519062, 0.2582926636031528], [0.29555702279372553, 0.2729191736064507, 0.1731771267908626, 0.25834667680896134], [0.31987238416992675, 0.24078225681349288, 0.17630000292997275, 0.2630453560866082], [0.30017502069735336, 0.21496171827586855, 0.21606609727319043, 0.2687971637535884], [0.26266868431111917, 0.24537264010979054, 0.18189922342499193, 0.31005945215409886], [0.2668649329903214, 0.27356794518587557, 0.1841851963366912, 0.2753819254871123], [0.2876317712315858, 0.2952614340940369, 0.17087524726601938, 0.24623154740835831], [0.2685666146642942, 0.2276942513303105, 0.2142840677882494, 0.2894550662171461], [0.27341794879774095, 0.2621698839637808, 0.19984197480816174, 0.26457019243031704], [0.267171367391356, 0.2761903427068071, 0.2076872941766206, 0.24895099572521617], [0.323808093562491, 0.2393386624400299, 0.1506466043511806, 0.2862066396462989], [0.32128300048338737, 0.22485711512697745, 0.19159448615652916, 0.2622653982331061], [0.3163358531002209, 0.2354139210028583, 0.17704617593421468, 0.27120404996270664], [0.29734504055799327, 0.29369247822489575, 0.17091296884105656, 0.23804951237605465], [0.3014885980167669, 0.2502204951337556, 0.17337612705337072, 0.2749147797961071], [0.2868614233628025, 0.2339363327898097, 0.1977930659929539, 0.2814091778544342], [0.30746721444394837, 0.24469646120317018, 0.16195871075751425, 0.28587761359536795], [0.3331076993378992, 0.2574229705839559, 0.15544822182845783, 0.2540211082496871], [0.29702460592037805, 0.25025820871234844, 0.1592766967062091, 0.2934404886610647], [0.34630079475720815, 0.2516128364564494, 0.15822261379619718, 0.24386375499014534], [0.2918390456410256, 0.2680947566565705, 0.174484846567342, 0.2655813511350623], [0.30952910456899835, 0.2926379554824881, 0.1528730644174637, 0.24495987553105036], [0.3221106065639439, 0.2727315417978074, 0.13812305717662768, 0.2670347944616214], [0.28036667895376893, 0.2256543536484495, 0.19905603280302264, 0.294922934594759], [0.34658434612723693, 0.21606003396087695, 0.18200263580198045, 0.25535298410990587], [0.28658456299216173, 0.2788357974311372, 0.18020715021156902, 0.254372489365132], [0.33101366160198026, 0.27667762944402524, 0.16295622204774612, 0.22935248690624885], [0.2759869054952297, 0.26026335724973426, 0.19139724044195708, 0.2723524968130795], [0.3183439124840341, 0.23293439983553751, 0.2144048168181543, 0.2343168708622744], [0.3451412920650153, 0.2588118058120845, 0.17089620827909136, 0.2251506938438092], [0.33539821823876936, 0.2572801520637269, 0.149905619446287, 0.25741601025121696], [0.29957568484642955, 0.26230567422632106, 0.17379316781472512, 0.26432547311252447], [0.2819623263383943, 0.23469153140917848, 0.21067533636073696, 0.27267080589169085], [0.2811173111765025, 0.2751694199345611, 0.18011743719700166, 0.26359583169193473], [0.3001388705974844, 0.2608387991672548, 0.17357915839271473, 0.2654431718425465], [0.30534866662936444, 0.29607154567094396, 0.16270743286101885, 0.23587235483867314], [0.3162144003415066, 0.25618640703964174, 0.1612045411758117, 0.2663946514430403], [0.2977368868153424, 0.25996819032530494, 0.19017796189272435, 0.25211696096662845], [0.3042477827507949, 0.3059989847472713, 0.14951353332341452, 0.24023969917851998], [0.2727611304157057, 0.25355798207010655, 0.18996309773555742, 0.28371778977863066], [0.27584684903852363, 0.29835388439310134, 0.1876263558749353, 0.23817291069344013], [0.23190114536866796, 0.26327374397870895, 0.25971608940201074, 0.24510902125061262], [0.30418487881927164, 0.228128489746273, 0.17310447048290817, 0.2945821609515474], [0.3146050030515885, 0.24213836622900045, 0.1598855805494051, 0.28337105017000647], [0.29216437808885476, 0.22330696777726278, 0.17165089455814758, 0.3128777595757349], [0.2874280751216755, 0.2478928612398714, 0.20049407088493287, 0.2641849927535204], [0.355977312729507, 0.19933424226435378, 0.169747516280393, 0.2749409287257463], [0.3183889127236345, 0.26118176928442044, 0.16182935998643738, 0.25859995800550833], [0.2796741198695693, 0.2346505307389975, 0.1982979007269855, 0.2873774486644482], [0.26875371181460034, 0.2609806338526737, 0.1980821449383327, 0.2721835093943935], [0.2719020523445462, 0.270190763376098, 0.2005991692181156, 0.25730801506124046], [0.295963687087315, 0.2733443888775488, 0.20062233854350714, 0.23006958549162942]]}}