{"test": {"ids": ["103111540", "112116880", "113121010", "109119591", "111119950", "112121430", "106121190", "99112840", "101114990", "98112580", "107119130", "104109311", "112118890", "106117790", "112117210", "113119700", "107119390", "106111321", "108115070", "113119950", "106118520", "107114110", "110118740", "101108080", "105115380", "110117870", "108115870", "105116860", "107120130", "101111210", "109119450", "103120290", "98111670", "109117431", "111115780", "103110050", "107113840", "112117030", "108118630", "107115250", "112119500", "105117351", "108119510", "99108890", "97109080", "113120751", "113122190", "105112260", "109120150", "97107920", "108118810", "101108290", "113118620", "97112830", "99112300", "97113900", "110115250", "109115211", "97107950", "97116800", "101110740", "98111860", "113119450", "111116170", "113122320", "103111930", "112120630", "105116501", "111116290", "111117200", "103111480", "105112240", "101119591", "106115240", "100111390", "106121220", "105114220", "110118810", "110118630", "109117600", "101111620", "111114941", "97112290", "107118520", "107114950", "99110730", "105115900", "109115070", "99116500", "103117200", "106116120", "104119290", "97107821", "100111270", "104112470", "108113740", "111114321", "106119260", "104119340", "112116501", "99121440", "99111620", "98108370", "112117580", "100111080", "107114780", "106113830", "107121700", "104111830", "97116401", "110121720", "105119550", "104118070", "110121140", "101108621", "109113591", "99105921", "102113981", "104113550", "99107640", "105117200", "112118471", "98107340", "113122230", "111121351", "99107560", "107113180", "102117351", "112117660", "105110091", "100109311", "108117610", "98112300", "109120540", "109115220", "100111620", "102113210", "112120670", "105110251", "102112250", "106115120", "108114040"], "labels": [1, 0, 2, 0, 0, 2, 2, 2, 3, 2, 1, 3, 3, 1, 1, 0, 2, 0, 1, 0, 2, 1, 3, 0, 1, 3, 3, 2, 2, 2, 3, 2, 1, 1, 1, 3, 3, 2, 1, 2, 2, 0, 1, 0, 2, 1, 1, 3, 2, 0, 1, 0, 3, 2, 0, 2, 1, 0, 2, 0, 3, 0, 3, 0, 1, 3, 3, 1, 2, 0, 0, 1, 0, 1, 2, 1, 3, 1, 1, 1, 3, 0, 1, 2, 3, 3, 3, 0, 2, 0, 1, 1, 2, 2, 1, 3, 1, 1, 1, 3, 2, 3, 1, 0, 0, 2, 1, 3, 3, 3, 3, 1, 2, 3, 0, 3, 1, 1, 1, 1, 3, 1, 0, 1, 0, 1, 3, 1, 0, 0, 1, 3, 2, 1, 3, 3, 3, 2, 0, 0, 1, 0], "predicted_labels": [3, 0, 1, 0, 0, 3, 1, 1, 3, 1, 1, 1, 1, 1, 1, 0, 1, 3, 1, 3, 1, 0, 0, 3, 2, 3, 0, 0, 0, 3, 3, 1, 3, 3, 1, 1, 0, 1, 3, 3, 1, 3, 3, 1, 3, 1, 1, 1, 3, 0, 3, 3, 3, 3, 3, 1, 3, 3, 2, 0, 1, 2, 0, 1, 3, 3, 3, 3, 3, 1, 3, 1, 3, 1, 0, 3, 1, 0, 3, 3, 0, 1, 1, 1, 0, 3, 3, 1, 1, 3, 3, 3, 0, 2, 1, 3, 1, 0, 0, 3, 1, 1, 3, 3, 1, 1, 3, 1, 3, 3, 3, 3, 1, 1, 3, 1, 1, 3, 3, 0, 1, 2, 1, 1, 0, 1, 3, 3, 3, 3, 3, 1, 3, 3, 3, 3, 3, 3, 0, 0, 3, 3], "confidence_scores": [[0.24959341138722357, 0.2747754248471598, 0.16892020837749536, 0.3067109553881213], [0.21889530888461392, 0.2880129046255135, 0.25505342752753346, 0.2380383589623389], [0.18094172389529498, 0.3182662839480613, 0.24261046488969798, 0.2581815272669455], [0.3082774671296859, 0.23723162341304618, 0.11521112813497524, 0.33927978132229275], [0.2595921492410576, 0.2490385151071735, 0.2357154384857523, 0.25565389716601644], [0.182624760773991, 0.3132013953676502, 0.23263516137809945, 0.27153868248025925], [0.1836146601892568, 0.30730702909366825, 0.2576656671328884, 0.25141264358418663], [0.24683647504393588, 0.2810071069673482, 0.18982925391498456, 0.28232716407373126], [0.24681525218302627, 0.2773884096567602, 0.1959124471686077, 0.2798838909916061], [0.19589708919994467, 0.30891025510326364, 0.2253056922075557, 0.2698869634892361], [0.23369260740829778, 0.2986179379063611, 0.19303997102159207, 0.2746494836637492], [0.25256548415056845, 0.277697085770984, 0.16280450563011153, 0.3069329244483362], [0.20026605144874157, 0.29392370829435016, 0.2581476109210121, 0.2476626293358965], [0.23643138525149177, 0.2853083054188386, 0.19380323621564036, 0.2844570731140291], [0.2172182304665918, 0.29592966008438526, 0.21518441446015646, 0.27166769498886634], [0.2707484206628597, 0.2677860530041146, 0.14742012612274719, 0.3140454002102782], [0.14329561905829366, 0.32804269672549835, 0.2927235827753351, 0.23593810144087277], [0.2714464959372061, 0.2756917314698673, 0.15180952303323555, 0.3010522495596912], [0.19051466632150305, 0.3061329931237083, 0.251281693072286, 0.25207064748250274], [0.27443086754697704, 0.2510092570227986, 0.17651566593187779, 0.2980442094983465], [0.22400035314390934, 0.289264277412268, 0.21821989463453065, 0.26851547480929217], [0.2928494014513851, 0.2428235822942145, 0.1360872739418259, 0.3282397423125744], [0.31786525508222563, 0.23100677072789327, 0.10804546929931111, 0.34308250489056985], [0.3019930665010571, 0.2562574931487355, 0.12433564657622106, 0.31741379377398604], [0.1962655315089239, 0.28824183983421114, 0.26743993003574074, 0.2480526986211241], [0.27619015227288096, 0.28268327744988986, 0.13429203426387024, 0.3068345360133589], [0.3199178010099096, 0.2203368154872546, 0.09571544964078273, 0.36402993386205335], [0.22817058046637181, 0.2783581758309876, 0.2540604770146592, 0.23941076668798128], [0.274537173781675, 0.26601368999445646, 0.14949659709666088, 0.3099525391272078], [0.1828957674735669, 0.30007128909924824, 0.2677862041429437, 0.24924673928424113], [0.25817728314248656, 0.2704645898875169, 0.18889172605342747, 0.28246640091656905], [0.20366869357742814, 0.28632043379787847, 0.25218743301010016, 0.2578234396145933], [0.25389598509057915, 0.26620514215157537, 0.20907350770298005, 0.2708253650548653], [0.28803645956852897, 0.26297352678636016, 0.1229947934849064, 0.3259952201602046], [0.25907250342858246, 0.27407626803517826, 0.17982779703460045, 0.2870234315016388], [0.1916422802599482, 0.31046264154074643, 0.26488875633506115, 0.23300632186424425], [0.27471110920374553, 0.26507081731808535, 0.14997077211313073, 0.31024730136503836], [0.22134430876636615, 0.2997884274459544, 0.19814324739259373, 0.28072401639508565], [0.24535729387215063, 0.2728899994382569, 0.18954048921362, 0.2922122174759723], [0.2794019322744606, 0.26843661539133473, 0.13422757889320927, 0.3179338734409957], [0.1927559941033796, 0.30340340936342053, 0.2540568179830179, 0.2497837785501818], [0.30570559706484773, 0.25616171737938415, 0.10924826562061096, 0.328884419935157], [0.2638492366389074, 0.26895890266829026, 0.1635791637690458, 0.30361269692375636], [0.2638815068146012, 0.2897366780960989, 0.12350646627868032, 0.3228753488106192], [0.2545051956310406, 0.27859789982080835, 0.1787605736386703, 0.2881363309094803], [0.2832734239722711, 0.27052002658164265, 0.13143134156714734, 0.31477520787893915], [0.16417775279956073, 0.3117398684608836, 0.2682909566190482, 0.2557914221205075], [0.19822727883765548, 0.31093487829179484, 0.22907536201427747, 0.26176248085627213], [0.23653783781077614, 0.2703236138824825, 0.22104979374557437, 0.2720887545611672], [0.3409644193433333, 0.20247342586843542, 0.08325659374879725, 0.37330556103943396], [0.2885337392170749, 0.26715403285371403, 0.12636140764030193, 0.31795082028890925], [0.30155946413343165, 0.2514879659540133, 0.1240455353019096, 0.32290703461064524], [0.28240227955151925, 0.27847754269282815, 0.12581508243103565, 0.3133050953246168], [0.29414141157837337, 0.265477145868539, 0.1393955530658164, 0.3009858894872711], [0.30522550684625893, 0.2367793462734768, 0.1368245643273651, 0.3211705825528993], [0.22521434943488253, 0.28367756264445865, 0.21968962983429693, 0.27141845808636195], [0.28165873803735175, 0.26893583335339855, 0.1317564594773218, 0.3176489691319278], [0.2833047843307093, 0.24780214535367603, 0.15909705323834553, 0.3097960170772693], [0.1723957490632451, 0.3025783525586042, 0.3012802868062039, 0.22374561157194653], [0.2946850580101335, 0.2540663193925217, 0.12352962191506493, 0.3277190006822796], [0.18977214883917903, 0.3125209953416101, 0.27540521660494227, 0.2223016392142689], [0.14518972104003688, 0.332853917646382, 0.3235918963454372, 0.19836446496814394], [0.3040360365376707, 0.2552240293827099, 0.10191743859388892, 0.33882249548573057], [0.2736288277700801, 0.2913460526315486, 0.11105819727887549, 0.3239669223194958], [0.2757759425528184, 0.2721441502914342, 0.15023333278221745, 0.3018465743735299], [0.28605385116883186, 0.2747234422035286, 0.11662165224189075, 0.32260105438574876], [0.3217484691733612, 0.25172365273645836, 0.09036218236630232, 0.3361656957238782], [0.24326031104463644, 0.2908845543719676, 0.16288687767555618, 0.3029682569078402], [0.21936491261522723, 0.2829810488584019, 0.22913633173407102, 0.2685177067922999], [0.25675380992230834, 0.2698384350593056, 0.18794229525041406, 0.285465459767972], [0.324690881219172, 0.24370423287228896, 0.08687505748053544, 0.3447298284280035], [0.16810463610544568, 0.31413005275209693, 0.2774808664874375, 0.24028444465502002], [0.3204592221577617, 0.23137497019876935, 0.1246615986173188, 0.32350420902615007], [0.28049085763147263, 0.2740922422072394, 0.11381567966168588, 0.3316012204996023], [0.28820555275124715, 0.2554741430859654, 0.13598209028721744, 0.32033821387556993], [0.22990594934513678, 0.28555356050776187, 0.1982376516533372, 0.28630283849376426], [0.22152202620684772, 0.2975052925522363, 0.19559202488542993, 0.285380656355486], [0.2778145106110777, 0.2606060918126532, 0.15194339448459196, 0.3096360030916774], [0.27777393208281015, 0.27485066225983124, 0.13756601828292342, 0.3098093873744352], [0.2475800393691571, 0.2793062338274158, 0.17655922927802506, 0.2965544975254017], [0.2772670276743159, 0.26776205732876973, 0.13577791273980233, 0.3191930022571123], [0.18129001486040297, 0.30266983344940007, 0.2814900312178643, 0.23455012047233287], [0.15663570338581764, 0.3248207303600313, 0.26114944290692116, 0.25739412334723], [0.22677928455776541, 0.2894889509688225, 0.2078250380773447, 0.2759067263960674], [0.2783907570304263, 0.2546813153929467, 0.164654878997157, 0.3022730485794702], [0.16745900123150617, 0.3138092736833208, 0.2546388810245851, 0.2640928440605878], [0.2883874254781111, 0.25158050030561063, 0.14371059361390676, 0.31632148060237136], [0.21388120736366367, 0.28822048359913854, 0.22124879505815748, 0.2766495139790403], [0.16482445320503056, 0.31656219733450164, 0.2968587640288589, 0.22175458543160897], [0.285541507354141, 0.2772695765471742, 0.09844342931577775, 0.3387454867829071], [0.30392522598225374, 0.24615583528061882, 0.1344985791966724, 0.31542035954045505], [0.2524418221299971, 0.2816271617541286, 0.18975805965143486, 0.2761729564644394], [0.29688945916199855, 0.2593256602563462, 0.11049748097364531, 0.33328739960800996], [0.1752746452113589, 0.31090555786424623, 0.31439619630445337, 0.1994236006199414], [0.27935159132572596, 0.2722407606676058, 0.13670315406259384, 0.31170449394407423], [0.31612858964148377, 0.2346117764245538, 0.11205425630754114, 0.3372053776264212], [0.23678430659038288, 0.2843098604787572, 0.19316608863033324, 0.28573974430052657], [0.3113190758024344, 0.23127146268319262, 0.13332122849579467, 0.3240882330185783], [0.265741450510723, 0.2516826612080187, 0.19521434557521575, 0.28736154270604275], [0.29792919978626137, 0.25578921759709183, 0.12426820066618582, 0.3220133819504611], [0.28076414966987845, 0.2705485946363665, 0.1353842977572053, 0.3133029579365495], [0.20578426215549459, 0.2901460283591737, 0.24337748113641333, 0.2606922283489186], [0.2370387475596316, 0.27951019836212004, 0.20214613054456498, 0.28130492353368347], [0.2958660084892528, 0.2543804869177753, 0.12900032051749574, 0.3207531840754763], [0.22994505943899754, 0.27955880152313034, 0.20612656980190697, 0.28436956923596535], [0.1907134430044654, 0.30405509605700065, 0.26368360477281766, 0.24154785616571625], [0.2958071654776349, 0.2513847620877314, 0.12184605578599732, 0.3309620166486365], [0.18995359124785918, 0.30789218514229505, 0.22579336894358967, 0.2763608546662561], [0.27059428237768995, 0.2657618121363287, 0.15435102202576692, 0.30929288346021455], [0.2966885125253266, 0.2634069978849289, 0.10987662656993966, 0.330027863019805], [0.2522691447072141, 0.27575955485494835, 0.18082652069104663, 0.29114477974679076], [0.25955826988641795, 0.2784898039851001, 0.1587086645771505, 0.3032432615513313], [0.2140319063841054, 0.2939991652454646, 0.2195688863437256, 0.27240004202670454], [0.19936607033427717, 0.29810287626615595, 0.2631200003330713, 0.23941105306649565], [0.26750160543643886, 0.26827992168761067, 0.16616975863731082, 0.2980487142386402], [0.2422185974145273, 0.29584480291568105, 0.17140506018532206, 0.2905315394844694], [0.2745627391919644, 0.27549509055460514, 0.1310269984374617, 0.31891517181596907], [0.2002422678139083, 0.29202388483231506, 0.2429501832385746, 0.26478366411520204], [0.3022423122964372, 0.24957079572853277, 0.1319154622773161, 0.3162714296977141], [0.2839400199550638, 0.270418931669924, 0.11137064252845696, 0.3342704058465554], [0.2208584495570404, 0.28752346066321866, 0.23832592487375664, 0.25329216490598416], [0.1822540412693544, 0.29314078121375836, 0.28017568685887845, 0.2444294906580087], [0.27656649482130524, 0.277041393788707, 0.12906842817733855, 0.31732368321264953], [0.19415856396504116, 0.30203846643974996, 0.22996988711740055, 0.2738330824778085], [0.29528801052582293, 0.2523347769807644, 0.10156028056576813, 0.3508169319276447], [0.2341768953280986, 0.2798925514523132, 0.20225853179698522, 0.2836720214226032], [0.18901600928760323, 0.2941691488369753, 0.2473720592186075, 0.26944278265681393], [0.294399589637777, 0.27185512573950854, 0.08900382849078223, 0.34474145613193247], [0.2654737753684833, 0.29092870223313355, 0.1395923845237232, 0.30400513787466005], [0.27465056860171577, 0.2800336080295534, 0.1358814025773164, 0.3094344207914144], [0.28246488609589543, 0.26072092182611295, 0.14044864409401267, 0.31636554798397876], [0.20949183456295506, 0.3155983991010308, 0.1892556156997905, 0.2856541506362234], [0.30932577182660376, 0.24832920494149352, 0.11878715791749855, 0.3235578653144045], [0.2917759097350499, 0.2560418150026161, 0.13869266585774928, 0.3134896094045848], [0.23439104715349227, 0.2653471739512619, 0.21343244552275775, 0.28682933337248795], [0.2665775282514433, 0.2620894473888015, 0.1760566046116668, 0.2952764197480883], [0.24311975461156707, 0.25861921188961573, 0.22690278519098453, 0.27135824830783273], [0.22224932376552323, 0.2848986534336887, 0.20122291815332644, 0.2916291046474619], [0.28538282803157167, 0.25858186290237634, 0.12853919726203308, 0.3274961118040187], [0.3448313526275903, 0.21348868999900059, 0.08528025939634704, 0.356399697977062], [0.32798666517177466, 0.24628637146566618, 0.07438838834313731, 0.3513385750194217], [0.14700830831545852, 0.32319997655339394, 0.27847161901225514, 0.2513200961188924]]}, "rewritten": {"ids": ["97107821", "97107920", "97107950", "97109080", "97112290", "97112830", "97113900", "97116401", "97116800", "98107340", "98108370", "98111670", "98111860", "98112300", "98112580", "99105921", "99107560", "99107640", "99108890", "99110730", "99111620", "99112300", "99112840", "99116500", "99121440", "100109311", "100111080", "100111270", "100111390", "100111620", "101108080", "101108290", "101108621", "101110740", "101111210", "101111620", "101114990", "101119591", "102112250", "102113210", "102113981", "102117351", "103110050", "103111480", "103111540", "103111930", "103117200", "103120290", "104109311", "104111830", "104112470", "104113550", "104118070", "104119290", "104119340", "105110091", "105110251", "105112240", "105112260", "105114220", "105115380", "105115900", "105116501", "105116860", "105117200", "105117351", "105119550", "106111321", "106113830", "106115120", "106115240", "106116120", "106117790", "106118520", "106119260", "106121190", "106121220", "107113180", "107113840", "107114110", "107114780", "107114950", "107115250", "107118520", "107119130", "107119390", "107120130", "107121700", "108113740", "108114040", "108115070", "108115870", "108117610", "108118630", "108118810", "108119510", "109113591", "109115070", "109115211", "109115220", "109117431", "109117600", "109119450", "109119591", "109120150", "109120540", "110115250", "110117870", "110118630", "110118740", "110118810", "110121140", "110121720", "111114321", "111114941", "111115780", "111116170", "111116290", "111117200", "111119950", "111121351", "112116501", "112116880", "112117030", "112117210", "112117580", "112117660", "112118471", "112118890", "112119500", "112120630", "112120670", "112121430", "113118620", "113119450", "113119700", "113119950", "113120751", "113121010", "113122190", "113122230", "113122320"], "labels": [2, 0, 2, 2, 1, 2, 2, 3, 0, 0, 1, 1, 0, 2, 2, 1, 1, 1, 0, 3, 3, 0, 2, 2, 2, 1, 0, 2, 2, 3, 0, 0, 0, 3, 2, 3, 3, 0, 0, 3, 1, 1, 3, 0, 1, 3, 0, 2, 3, 3, 1, 1, 2, 1, 1, 0, 0, 1, 3, 3, 1, 3, 1, 2, 3, 0, 1, 0, 1, 1, 1, 1, 1, 2, 1, 2, 1, 3, 3, 1, 2, 3, 2, 2, 1, 2, 2, 3, 3, 0, 1, 3, 3, 1, 1, 1, 3, 0, 0, 3, 1, 1, 3, 0, 2, 1, 1, 3, 1, 3, 1, 3, 3, 1, 0, 1, 0, 2, 0, 0, 0, 3, 0, 2, 1, 0, 0, 1, 3, 2, 3, 2, 2, 3, 3, 0, 0, 1, 2, 1, 1, 1], "predicted_labels": [0, 0, 1, 1, 1, 1, 1, 0, 0, 1, 1, 0, 1, 3, 1, 1, 1, 1, 1, 1, 1, 0, 0, 1, 1, 0, 0, 1, 1, 1, 0, 3, 1, 1, 1, 3, 1, 0, 3, 0, 1, 1, 1, 0, 1, 3, 1, 1, 3, 1, 1, 3, 1, 1, 1, 1, 0, 1, 1, 1, 1, 1, 3, 0, 1, 1, 3, 1, 0, 3, 1, 0, 1, 1, 0, 1, 1, 1, 1, 0, 1, 0, 1, 1, 1, 1, 1, 1, 0, 1, 1, 0, 1, 3, 3, 3, 1, 1, 1, 0, 0, 1, 1, 1, 1, 0, 1, 1, 1, 0, 0, 0, 1, 1, 1, 1, 0, 1, 0, 0, 0, 0, 1, 1, 1, 1, 1, 1, 1, 1, 3, 1, 1, 3, 0, 1, 3, 1, 1, 1, 3, 1], "confidence_scores": [[0.2865204406382986, 0.265478300270923, 0.1292454973269934, 0.3187557617637848], [0.33505873127945457, 0.21352898767038075, 0.07628728462329613, 0.37512499642686853], [0.2681506103156446, 0.2840782493186239, 0.15106248887811669, 0.2967086514876148], [0.2633717530976911, 0.2858728608338307, 0.16370230671804428, 0.2870530793504338], [0.24272499678035236, 0.297868999953309, 0.17850630124954908, 0.28089970201678965], [0.2513496018443022, 0.29939967109450377, 0.14941357426422028, 0.2998371527969741], [0.2668390443354634, 0.28161513634132757, 0.15563093782820053, 0.2959148814950084], [0.29519897602926853, 0.2615234684124876, 0.11685057408180763, 0.32642698147643623], [0.31008822677143005, 0.24809005340284687, 0.11024312933689794, 0.3315785904888254], [0.2799800808946175, 0.2739879103627794, 0.1422553205862043, 0.3037766881563989], [0.25325303945150096, 0.2912695284170799, 0.16810934065348496, 0.2873680914779343], [0.2846892476595565, 0.26438170182829385, 0.15139249465302504, 0.2995365558591248], [0.22711675337926154, 0.30585664713092353, 0.1838177466332024, 0.2832088528566125], [0.2808192552258252, 0.2661940652180941, 0.15242497924480689, 0.30056170031127377], [0.27239836155803776, 0.28232595472868194, 0.14455412134183773, 0.3007215623714427], [0.29185721350108923, 0.2726088792566152, 0.10879561483414149, 0.32673829240815444], [0.25310578912906445, 0.28917439677192125, 0.16480046897294057, 0.29291934512607376], [0.26558986353305936, 0.28715019286941196, 0.13659654169937135, 0.31066340189815717], [0.26248700296436034, 0.2908841347017975, 0.1333994176731809, 0.31322944466066166], [0.16612274695110615, 0.322299309887293, 0.24258438547442965, 0.2689935576871711], [0.25863479949236706, 0.28214722436574313, 0.17860342036500196, 0.2806145557768877], [0.3051794843324282, 0.24682906457920464, 0.12735979023857627, 0.32063166084979083], [0.29713032693273317, 0.25867730811652967, 0.11466966148850949, 0.3295227034622279], [0.2338833570126801, 0.2974210495050931, 0.1913492793999112, 0.27734631408231575], [0.2634766400620765, 0.27920627597633113, 0.17222825612824214, 0.2850888278333501], [0.2976369946198067, 0.2544123276515481, 0.10823286785377602, 0.3397178098748691], [0.28217664472646103, 0.27332389102200894, 0.1110944755944936, 0.33340498865703655], [0.24097968247702103, 0.2981741716434478, 0.17925787556209355, 0.28158827031743766], [0.2727398488493293, 0.2836460573137368, 0.13203657014029838, 0.31157752369663533], [0.264195257715365, 0.28224828175707006, 0.15607835005228468, 0.29747811047528], [0.3006001717297648, 0.2591605529455406, 0.11019254211127819, 0.33004673321341643], [0.28815580475197494, 0.26165712582874256, 0.14690153057992048, 0.303285538839362], [0.28205633229995675, 0.2840738340872105, 0.1117235181546344, 0.3221463154581981], [0.21490211004858092, 0.30957157731720875, 0.225079747531955, 0.2504465651022555], [0.19951696292635934, 0.30727029247556625, 0.25172267380012686, 0.2414900707979472], [0.3033361493342926, 0.2621912670190057, 0.10316442324896016, 0.33130816039774164], [0.22042701644747265, 0.2976083604221497, 0.2162295197777567, 0.2657351033526209], [0.2914649858163187, 0.2600509647671347, 0.08814425684781188, 0.3603397925687346], [0.3340985355438478, 0.2427917129773818, 0.07910782127581309, 0.3440019302029573], [0.2804758047461557, 0.27391070904412546, 0.1379383307795495, 0.3076751554301696], [0.20467489382923942, 0.3002013690008237, 0.24593448977339613, 0.24918924739654083], [0.26724229300289065, 0.2881630552798309, 0.10639505862718698, 0.3381995930900914], [0.2455000907212497, 0.2908214845500009, 0.18552332112925532, 0.27815510359949414], [0.30076126735682546, 0.25992470286047487, 0.06127436440445409, 0.37803966537824557], [0.26492581403221405, 0.2847694808717563, 0.13927624504261985, 0.3110284600534099], [0.3022652954515004, 0.2714950307767203, 0.09935751979302998, 0.3268821539787492], [0.268996575372319, 0.2806838121848138, 0.1127764195026366, 0.3375431929402306], [0.24596489688339124, 0.2857136990872718, 0.19571329808360727, 0.27260810594572976], [0.27306537284365484, 0.27592480420789617, 0.13925791296087542, 0.31175190998757357], [0.2521521591217744, 0.30369117763173764, 0.12389137233309555, 0.32026529091339223], [0.2740114511553965, 0.2836666986322014, 0.11325923950843887, 0.32906261070396314], [0.31728227868660214, 0.2553289791047116, 0.09575455532338704, 0.3316341868852993], [0.21862931747841863, 0.30377402043820695, 0.206109668898295, 0.27148699318507924], [0.2602658443312988, 0.293811784561805, 0.15638665067305463, 0.2895357204338414], [0.22413085067262054, 0.2952821204797751, 0.2109444787585622, 0.2696425500890422], [0.23226558761533928, 0.30089049785878313, 0.18362311868998168, 0.28322079583589566], [0.28095513928221943, 0.27337904254110057, 0.10351675669618929, 0.3421490614804908], [0.25630877845685557, 0.2850032122639153, 0.16626450315223443, 0.292423506126995], [0.24474922965514573, 0.30475315020257115, 0.16603975025536177, 0.28445786988692146], [0.26605364528791475, 0.2947239653932242, 0.11015955356706036, 0.3290628357518008], [0.23637048593667515, 0.2954910709073051, 0.19976544108221345, 0.2683730020738066], [0.25816723032776007, 0.30024215051832703, 0.11172095364484896, 0.32986966550906405], [0.28845949367943663, 0.2742809618462293, 0.113391974915171, 0.3238675695591632], [0.2661690595562556, 0.2754647986227737, 0.18664232855891066, 0.2717238132620598], [0.23186343762639727, 0.2995532714214178, 0.21964688839319851, 0.24893640255898664], [0.2562632753189605, 0.2921033179914754, 0.14898561815554195, 0.3026477885340223], [0.2621969795458069, 0.2735790720628803, 0.1773348500409564, 0.2868890983503563], [0.2512671322190158, 0.29643538170580847, 0.14037609505628748, 0.311921391018888], [0.2878836288018748, 0.26997867067649617, 0.10384988635419579, 0.33828781416743336], [0.2910170001420703, 0.2739476503506856, 0.11132061810282332, 0.32371473140442075], [0.2712924561741813, 0.29239999804162, 0.09070405216670373, 0.34560349361749493], [0.2931114293001443, 0.2635089648128318, 0.11906606029807985, 0.32431354558894415], [0.21399528254378755, 0.3174455131890845, 0.17963625565072186, 0.28892294861640616], [0.24939415856006383, 0.2923169439086896, 0.16093419159577466, 0.29735470593547214], [0.2996282524038589, 0.25527415920470087, 0.11932724728562029, 0.32577034110582004], [0.2363691535872325, 0.30591276966549397, 0.16864165955234148, 0.2890764171949319], [0.21833000687592174, 0.29802083670766377, 0.22610705488060476, 0.25754210153580975], [0.27164958911328463, 0.28835340510804075, 0.11808245036600665, 0.32191455541266784], [0.26315838820051274, 0.29073530128921327, 0.13686282810694692, 0.3092434824033271], [0.29373099764325133, 0.2558301665833564, 0.11602700654137377, 0.33441182923201845], [0.1872647658940826, 0.3102444703108737, 0.2556631051424503, 0.2468276586525935], [0.30015258745328255, 0.24606542578832014, 0.1292728928878569, 0.3245090938705405], [0.2664435377989791, 0.29165811900907973, 0.12212193691779649, 0.3197764062741446], [0.2809472286965454, 0.2791783591672535, 0.12016644121774915, 0.3197079709184521], [0.26986650211846364, 0.2825962336322216, 0.13408191146267012, 0.3134553527866446], [0.25239831311948135, 0.2961533426307403, 0.14732213018383167, 0.3041262140659469], [0.24369033464942325, 0.298082869882027, 0.16062715014774306, 0.297599645320807], [0.21604498236234176, 0.31198837295858617, 0.19976377562021025, 0.27220286905886154], [0.2835901418079416, 0.26791672999725163, 0.12797136177665572, 0.32052176641815106], [0.2320740809612217, 0.3002989726347729, 0.2077748280563772, 0.2598521183476285], [0.269745620916285, 0.28005743785109233, 0.12321953432293453, 0.3269774069096879], [0.3155238457116186, 0.23809403296205384, 0.10044517790110614, 0.3459369434252213], [0.24547091247939504, 0.2967103961423964, 0.15600978022541864, 0.30180891115278985], [0.2687707701559965, 0.28818641920652777, 0.13698382846009138, 0.30605898217738425], [0.26338444223333585, 0.2944347016060859, 0.1355298437345744, 0.3066510124260037], [0.2845967109168858, 0.27156418106438485, 0.1368863173262883, 0.306952790692441], [0.2725338763498018, 0.2930862243777681, 0.10855681871121421, 0.325823080561216], [0.27970060197373126, 0.27716064436689386, 0.09394805921701796, 0.3491906944423569], [0.22276573226149432, 0.3128396513330881, 0.18088787144026, 0.2835067449651579], [0.29774313534450086, 0.2565055591304923, 0.0992909323823901, 0.34646037314261674], [0.2820255106426732, 0.27210796660520437, 0.12204356989949994, 0.3238229528526226], [0.22462251465168076, 0.3011148018332099, 0.20176977492399295, 0.27249290859111674], [0.25919537866052655, 0.2861745030246076, 0.15622159210655828, 0.298408526208308], [0.23887612554796364, 0.3002146033212369, 0.17804916390098052, 0.2828601072298187], [0.2420081287013659, 0.28569358093737685, 0.2064797244622741, 0.265818565898983], [0.2773785761983119, 0.2696947075621394, 0.15882103117633922, 0.29410568506320917], [0.26055930217910167, 0.2941165119918591, 0.12752488984920868, 0.31779929597983025], [0.27023352400172446, 0.3018493244875794, 0.10833841215552681, 0.31957873935516923], [0.21415762065899596, 0.3119375526421794, 0.20390657319523553, 0.2699982535035891], [0.30843869121791173, 0.24549247945374575, 0.07866208242045897, 0.3674067469078835], [0.3053165561359603, 0.24738205174933559, 0.080779102843024, 0.36652228927167996], [0.29698974221331587, 0.26615109840907286, 0.08417427724935723, 0.352684882128254], [0.2671711214577914, 0.2957577819693816, 0.11338205508875289, 0.3236890414840739], [0.2577693325464966, 0.29248812569103655, 0.15114376173740943, 0.29859878002505724], [0.2366010167198877, 0.29018631512523857, 0.19113706129041338, 0.2820756068644602], [0.2749031884372569, 0.2802771978519254, 0.12530188240148724, 0.3195177313093305], [0.2940209095152585, 0.272751032557278, 0.06227930145239178, 0.37094875647507175], [0.24857307615715096, 0.292997408203852, 0.18251027721503044, 0.2759192384239667], [0.31054715165331387, 0.2480723134249328, 0.0828678445045734, 0.35851269041718], [0.29906870856897294, 0.2453103592225713, 0.09834992379533325, 0.3572710084131227], [0.29391246565126145, 0.2673036151602914, 0.08871401710568477, 0.35006990208276245], [0.33189464827535514, 0.24473040881113986, 0.0590449012232791, 0.36433004169022576], [0.23888617606009427, 0.2915999018059434, 0.20038545370422767, 0.2691284684297348], [0.24648414358291257, 0.3032259552905818, 0.14090768354875424, 0.3093822175777512], [0.2475129486117321, 0.2940966314022724, 0.16311650144225645, 0.29527391854373897], [0.2724639108872946, 0.2854413202424336, 0.11779672139297619, 0.324298047477296], [0.28171311231058704, 0.29520347577588085, 0.08663138333706817, 0.33645202857646367], [0.23089514809748926, 0.2936837171800019, 0.23160241676137455, 0.2438187179611344], [0.2308857120448452, 0.303729454574647, 0.18572188701971068, 0.2796629463607974], [0.2456082657040713, 0.29326617414416123, 0.18719478277432058, 0.2739307773774471], [0.3164189932832355, 0.2622628487581176, 0.08152732071865362, 0.3397908372399936], [0.2410412805566676, 0.29928517591655585, 0.1668263282670256, 0.2928472152597508], [0.22308436893051445, 0.30105936978417996, 0.19665802233310678, 0.27919823895219875], [0.2985608461093866, 0.2683376292298602, 0.1045286210048243, 0.32857290365592906], [0.28870041234846405, 0.27240540386468476, 0.09563532944623619, 0.3432588543406152], [0.2646879473369488, 0.290721969574274, 0.12011564896163349, 0.32447443412714355], [0.329526727618408, 0.24273606796524222, 0.08174877187972349, 0.3459884325366262], [0.2750700281693966, 0.28544698746811226, 0.10544040852200566, 0.33404257584048525], [0.2589077875707535, 0.29810247363053366, 0.12893774244331968, 0.3140519963553934], [0.25168587699534595, 0.28695073544179367, 0.175114800122462, 0.28624858744039855], [0.276763644583305, 0.2740147836658351, 0.14277351920975648, 0.3064480525411033], [0.2761623764380967, 0.27874406381342115, 0.1364499219958373, 0.3086436377526448]]}}