{"test": {"ids": ["102113210", "104111531", "113122510", "97106770", "105116090", "105114220", "98110230", "104114320", "107118120", "109117431", "99109311", "111118820", "101111990", "112116451", "102110850", "103120340", "105113170", "100108520", "101119030", "107113840", "112119450", "110118161", "106116850", "111114941", "108114360", "111121930", "110115580", "110115140", "104111380", "113118421", "112116610", "111119250", "105119950", "107116501", "99107950", "111116170", "105115720", "110120640", "108114220", "101112690", "113118620", "99108330", "106114321", "110118880", "99111000", "111117000", "113121750", "109113881", "102110050", "111114171", "99109141", "99107660", "103111170", "113120591", "107121540", "100115700", "111116100", "113119300", "110116441", "97107821", "101108580", "104114740", "108120280", "111121220", "105117200", "103111930", "110118810", "108121351", "112117780", "108113620", "109121640", "99105921", "112120990", "109119460", "102112170", "109118820", "110120531", "99107630", "98116500", "100109311", "104112470", "107118490", "107121230", "105118230", "104111990", "97107040", "111117200", "112121410", "104118070", "99108890", "105115250", "103111480", "109113931", "110120190", "106113830", "108116070", "97106820", "111120320", "103120730", "103112470", "111120260", "98108150", "110118630", "97110950", "112116640", "101113210", "108118520", "112118701", "109119591", "103120290", "102107961", "110119300", "112120640", "99107300", "97106970", "99119830", "107119950", "100108260", "104111830", "100116500", "97113260", "102112030", "113122320", "113122180", "111116750", "106114011", "112121430", "110116290", "98108970", "104114230", "112118810", "103113640", "112116850", "105118171", "108117360", "110114920", "112116810", "111117480", "112116501", "104111550", "100120010", "112119580"], "labels": [3, 0, 2, 3, 1, 3, 3, 2, 3, 1, 1, 0, 2, 0, 3, 1, 0, 2, 3, 3, 3, 0, 3, 0, 1, 1, 1, 0, 3, 3, 1, 1, 3, 1, 1, 0, 1, 0, 3, 1, 3, 1, 2, 0, 2, 0, 0, 0, 3, 3, 3, 3, 2, 0, 2, 1, 3, 1, 3, 2, 0, 2, 3, 3, 3, 3, 1, 3, 0, 3, 0, 1, 2, 1, 3, 3, 0, 2, 2, 1, 1, 2, 0, 1, 2, 2, 0, 0, 2, 0, 2, 0, 1, 3, 1, 1, 1, 1, 1, 1, 3, 0, 1, 3, 0, 3, 0, 0, 0, 2, 3, 1, 0, 3, 2, 1, 3, 3, 3, 2, 1, 2, 1, 2, 3, 1, 2, 2, 3, 2, 3, 1, 0, 3, 1, 3, 3, 1, 3, 1, 0, 3], "predicted_labels": [1, 1, 3, 2, 1, 0, 3, 0, 0, 3, 1, 3, 2, 0, 1, 1, 3, 2, 3, 3, 0, 0, 2, 1, 0, 2, 1, 0, 0, 3, 1, 3, 2, 1, 2, 1, 1, 3, 0, 0, 1, 2, 1, 0, 3, 3, 1, 0, 3, 3, 3, 0, 0, 0, 2, 3, 1, 1, 3, 0, 0, 2, 3, 3, 3, 1, 0, 3, 0, 0, 1, 1, 1, 3, 0, 1, 0, 3, 3, 0, 1, 2, 0, 1, 1, 2, 0, 0, 3, 1, 2, 0, 1, 1, 0, 2, 0, 0, 1, 1, 0, 2, 0, 0, 1, 3, 0, 3, 1, 3, 3, 1, 0, 3, 1, 2, 3, 2, 1, 2, 2, 2, 1, 3, 3, 1, 0, 0, 2, 1, 1, 0, 3, 0, 2, 1, 0, 1, 3, 2, 2, 0], "confidence_scores": [[0.0021146761165073105, 0.98204499780258, 0.007740754982518704, 0.008099571098394003], [0.05048360829351664, 0.47110903562633405, 0.16231457752766304, 0.31609277855248613], [0.0012238763669846404, 0.2303545559741773, 0.2681025479121206, 0.5003190197467174], [0.23500811557117438, 0.003029995164673399, 0.6528219670157352, 0.109139922248417], [0.0923729097672316, 0.8692362552611672, 0.005935062492046277, 0.03245577247955477], [0.988818247698388, 0.005359589420481411, 0.002647735854566852, 0.003174427026563703], [0.019681482060641624, 0.1715226325010304, 0.015785954764711563, 0.7930099306736165], [0.5345099784095347, 0.03987131587916218, 0.42400469497366167, 0.0016140107376415172], [0.8502278570095958, 0.1264529811296547, 0.001728163511467965, 0.021590998349281444], [0.421150506366058, 0.06688587069908536, 0.0024881494609351414, 0.5094754734739214], [0.20406324718203758, 0.7312945669024744, 0.036512371750245236, 0.028129814165242645], [0.3736149796172988, 0.17956335901866868, 0.0008262904484214976, 0.445995370915611], [0.05113169152144457, 0.05080302309434788, 0.5248496274434735, 0.373215657940734], [0.9686692729495694, 0.023827534059287392, 0.001140540146431468, 0.0063626528447116365], [0.0005189863230832798, 0.9269545909577831, 0.009736037932150724, 0.0627903847869828], [0.1163754803254143, 0.6251850515402746, 0.24024772873301328, 0.01819173940129791], [0.0115817882462263, 0.010533473612061858, 0.003754899001209749, 0.9741298391405021], [0.04314954049764304, 0.0012315163879141884, 0.8629671785463987, 0.09265176456804397], [0.05312170256140845, 0.26834950807609953, 0.09501313491582115, 0.5835156544466709], [0.14965195736895034, 0.3852699730670124, 0.07027274967126441, 0.3948053198927729], [0.9670973103621457, 0.01829402569959385, 8.331425154175416e-05, 0.014525349686718501], [0.5352672751005432, 0.030829242132854217, 0.012714098181949037, 0.42118938458465355], [0.00023653313714279992, 0.022694547708724786, 0.9767424029410909, 0.00032651621304133246], [0.0006107159981383345, 0.9351646853648218, 0.0016911998150383831, 0.06253339882200158], [0.7394239018042537, 0.04115209077818173, 0.08012460254434914, 0.13929940487321563], [0.020464279492221023, 0.0034062253328201383, 0.9444683847940035, 0.031661110380955294], [0.15406614616441217, 0.6187240203065314, 0.024427893652347685, 0.20278193987670878], [0.5782955146644176, 0.25192617044994553, 0.12167469970678238, 0.0481036151788543], [0.6653232166933603, 0.019648715880713163, 0.032727802833172885, 0.2823002645927536], [0.001409650828823504, 0.016238664208181753, 0.0006729595892840261, 0.9816787253737108], [0.04205602535353389, 0.7215186062597342, 0.1925340494025863, 0.043891318984145486], [0.05710127128085999, 0.01186917563383225, 0.06142986602538829, 0.8695996870599196], [0.12108181718331583, 0.31258849386722765, 0.31706784781749986, 0.24926184113195674], [0.0011727178289105977, 0.9585551531679414, 0.001907171037097138, 0.03836495796605089], [3.454325085116669e-05, 0.20054490147381573, 0.7165220061225384, 0.08289854915279485], [0.016088740262891477, 0.9761020408817429, 0.0018428812572447786, 0.005966337598120818], [0.013098590238297922, 0.9399865945835377, 0.029248467040847666, 0.017666348137316747], [0.43897265720201584, 0.002385778849689253, 0.0036015846612645216, 0.5550399792870304], [0.784724767826333, 0.01647385084531352, 0.002993313525318223, 0.19580806780303517], [0.6944794962382649, 0.01347846032574895, 0.06106581966669744, 0.23097622376928867], [0.078258674158771, 0.523920828077495, 0.003185113308802548, 0.3946353844549316], [0.023589200532626645, 4.665871094839202e-05, 0.701450344200882, 0.2749137965555428], [0.02582163262023059, 0.9580697376895118, 0.0023764981391118352, 0.013732131551145688], [0.579550554661771, 0.27488339326457834, 0.0023220925003511854, 0.14324395957329952], [0.00015556939460376212, 0.008851503504817908, 0.10834403268534384, 0.8826488944152344], [0.041539969851235065, 0.12156243625308236, 0.008076749394134972, 0.8288208445015477], [0.3668103942290539, 0.5951730922933657, 0.0014010352619489436, 0.036615478215631415], [0.5492816494455118, 0.13846802427521762, 0.3083663418863267, 0.003883984392943788], [0.030010060256772605, 0.022490295916815683, 0.04038462025247903, 0.9071150235739327], [0.002685742055543759, 0.0007469914089578721, 0.001016509533343367, 0.995550757002155], [0.40138955244934266, 0.03822240889515724, 0.0014063546108285551, 0.5589816840446716], [0.8559850734369863, 0.1376202464760464, 0.0028172504973478165, 0.0035774295896197875], [0.4997901712929538, 0.02941366516649461, 0.2573672525103537, 0.21342891103019782], [0.35085164093382815, 0.14655915717608334, 0.29232030083728067, 0.21026890105280782], [0.02020207168948328, 0.0683825323126725, 0.8881822577948687, 0.023233138202975543], [0.03740149865137945, 0.2632798433873171, 0.0726799768256216, 0.6266386811356818], [0.0021910959919202617, 0.8638197050282083, 0.000232066398402564, 0.13375713258146887], [0.02765436792896979, 0.7942794947329896, 0.008039766487018919, 0.1700263708510216], [0.0016735341707422708, 0.3447976887836362, 0.006872313560798526, 0.6466564634848231], [0.9981056944107308, 0.0004695952049966038, 0.0006148364146387747, 0.0008098739696338831], [0.9841368017472876, 0.0028364089569916937, 0.00918946143872136, 0.0038373278569994395], [0.012972791605379742, 0.16080502347511216, 0.6347406925449322, 0.19148149237457587], [0.1882894110082606, 0.0005130966400676693, 0.01697729472156104, 0.7942201976301108], [0.009490148685441428, 0.012760996033232112, 0.004743688542228809, 0.9730051667390976], [0.007196745720700201, 0.19164999300039148, 0.034964969577523757, 0.7661882917013846], [0.3284887313077434, 0.475781648244805, 0.09486736238058599, 0.10086225806686563], [0.6248333325515677, 0.3608078247615563, 0.004975306329580419, 0.00938353635729562], [0.06003765239107519, 0.37543025612342135, 0.0033004462548211553, 0.5612316452306823], [0.637082612235176, 0.09794268929023715, 0.000857290199497007, 0.2641174082750898], [0.732895073491256, 0.11404714642505498, 0.0007896176055302958, 0.15226816247815886], [0.1071192184542552, 0.8791173570677263, 0.005593353115833988, 0.008170071362184355], [0.006211620206892151, 0.9016034541129063, 0.06579842349214532, 0.0263865021880561], [0.0012421575639577664, 0.9446296110044311, 0.05408834404107041, 3.988739054086997e-05], [0.005896700786958461, 0.011495456013518065, 0.0027195426348818677, 0.9798883005646415], [0.9225911667953857, 0.0018201569737682913, 0.030542323747602337, 0.04504635248324388], [0.1698753709437323, 0.7951196381265565, 0.009995254834898782, 0.025009736094812378], [0.9420448270706779, 0.0572346699042573, 0.0005255204254526924, 0.00019498259961208886], [0.20879986979820747, 0.028892397892624894, 0.03635425999288758, 0.72595347231628], [0.33791417425028225, 0.006408225272271666, 0.00501587785215971, 0.6506617226252862], [0.6160726350880373, 0.040324115806282104, 0.014986323049490314, 0.32861692605619036], [0.022971758230353443, 0.7000688194096922, 0.2247528174565439, 0.05220660490341027], [0.2319156249931619, 0.16759145334285566, 0.597802115396948, 0.002690806267034436], [0.667213842135785, 0.0076367068513209435, 0.10912624501081468, 0.21602320600207928], [0.003203509676927778, 0.9558776798788094, 0.03541124931281348, 0.005507561131449283], [0.0207084981543146, 0.9724093891119306, 0.005960207190040346, 0.0009219055437145335], [0.0021025624125732925, 0.06371299901137367, 0.9177935774075424, 0.01639086116851071], [0.8025339696572217, 0.05469885948640841, 0.03905513636956983, 0.10371203448679996], [0.5553771239598583, 0.03479536555314343, 0.007919621348201419, 0.4019078891387968], [0.07964819904310007, 0.011684969785284686, 0.38422052245462746, 0.5244463087169878], [0.025572909089199358, 0.5811162267468404, 0.12897942950138316, 0.264331434662577], [0.14552754427446907, 0.02903080155484217, 0.4500590847689647, 0.37538256940172415], [0.8202211242336284, 0.15509308754854662, 0.001863482608006825, 0.022822305609818128], [0.020633750061462244, 0.542322695479237, 0.38408404729143436, 0.05295950716786635], [0.0022991104006490973, 0.7726607841183465, 0.10925263548019723, 0.11578747000080714], [0.7245182331794533, 0.1002978388562721, 0.006844806793929023, 0.16833912117034544], [0.11308653151400913, 0.05509561386951854, 0.7972015446000311, 0.03461631001644115], [0.8031130802049357, 0.01586835464814442, 0.06158542866213606, 0.11943313648478376], [0.5720011856197903, 0.043903790073731075, 0.018673613403895693, 0.36542141090258295], [0.02325607817674884, 0.8834821092696302, 0.07179828301741652, 0.021463529536204423], [0.36846488152434465, 0.43646969212411346, 0.10324859223164531, 0.09181683411989665], [0.7369431281159448, 0.11838712507841959, 0.0376057749212009, 0.10706397188443485], [0.20576210379815407, 0.004504975277560242, 0.7842420315095837, 0.005490889414701936], [0.7101429448725715, 0.008034218445576993, 0.19237854858575298, 0.08944428809609854], [0.964672440714991, 0.00048468002418143954, 0.033625622152078066, 0.0012172571087494574], [0.0197773567776661, 0.714491107843246, 0.0004932991805928492, 0.265238236198495], [0.046920379641851785, 0.025989041897166665, 0.16712704486340338, 0.7599635335975782], [0.8715836766043347, 0.12761630984813804, 0.0005941569177079435, 0.00020585662981935314], [0.1843541434841831, 0.15891369247533507, 0.0011263703395893246, 0.6556057937008924], [0.21209205891604793, 0.5823030152601814, 0.1602957047859951, 0.045309221037775564], [0.05660387739367375, 0.11760401441996035, 0.02444991302880119, 0.8013421951575647], [0.4324347500481865, 0.0022109226061188775, 0.0031290434366145026, 0.5622252839090801], [0.027729629075160165, 0.6511207062698101, 0.03615426396935899, 0.2849954006856708], [0.8946163113760025, 0.014283556145016611, 0.007365852764911357, 0.08373427971406955], [0.2925848496734209, 0.03413762656292169, 0.002631837077643149, 0.6706456866860143], [0.0014773038564395529, 0.7566032743137547, 0.14395333969354682, 0.0979660821362589], [0.0016740534430077344, 0.026905205228930338, 0.9012828627470941, 0.07013787858096775], [0.057257852158644665, 0.3325458128818581, 0.0005411624374253494, 0.6096551725220719], [0.1974535929698661, 0.027656954338331402, 0.7601561931879435, 0.01473325950385913], [8.381848256142522e-05, 0.8689605041473337, 0.0029099461759421724, 0.12804573119416277], [0.06963823870617238, 0.06771436993642932, 0.8381517838727429, 0.024495607484655423], [0.2135500192350706, 0.13317997672306414, 0.5594851481645462, 0.09378485587731909], [0.13248369293493134, 0.07505927272210242, 0.4252709581818725, 0.36718607616109383], [0.004565695744082114, 0.6035435501859858, 0.13593046499515318, 0.25596028907477886], [0.0002525198932000074, 0.02732475073611721, 0.009939165084107977, 0.9624835642865748], [0.3150585437547649, 0.0001856772472794286, 0.00038430115316554446, 0.6843714778447901], [0.006270631786366399, 0.9196768533224324, 0.050189312074100774, 0.023863202817100186], [0.43471303259100974, 0.09156174182860101, 0.391938533041469, 0.08178669253892026], [0.3806423675543601, 0.02348839676502779, 0.332285174645638, 0.263584061034974], [0.009027441201786302, 0.2822780172444359, 0.7069273723531386, 0.0017671692006392004], [0.28803275881138934, 0.3096391181588858, 0.29998649527581306, 0.10234162775391172], [0.39027227939259124, 0.5843116079040903, 0.0004186290377391987, 0.02499748366557939], [0.6813224483158796, 0.1508805806157415, 0.04045370816047016, 0.12734326290790873], [0.048719418116074296, 0.046211774774832334, 0.0010690316551803462, 0.903999775453913], [0.8950434009095474, 0.042422140299455936, 0.005329152569545526, 0.05720530622145126], [0.3527093667371407, 0.048585082987683985, 0.4801622201847113, 0.11854333009046406], [0.4541618012182631, 0.45915249688012433, 0.027222842139791495, 0.05946285976182112], [0.7493437240154706, 0.07011790848028479, 0.11850680426330373, 0.06203156324094084], [0.038420242709742376, 0.9339403955865334, 0.02137992411978869, 0.006259437583935569], [0.07297118613124502, 0.022406250026164524, 0.0019330406116734736, 0.9026895232309169], [0.03801925309676108, 0.09515969819924855, 0.5334506775409308, 0.33337037116305973], [0.35467018125028166, 0.24235691291399872, 0.36373773581847657, 0.039235170017243026], [0.6335249692832058, 0.0004250189640496462, 0.00760551873222704, 0.35844449302051756]]}, "rewritten": {"ids": ["97106770", "97106820", "97106970", "97107040", "97107821", "97110950", "97113260", "98108150", "98108970", "98110230", "98116500", "99105921", "99107300", "99107630", "99107660", "99107950", "99108330", "99108890", "99109141", "99109311", "99111000", "99119830", "100108260", "100108520", "100109311", "100115700", "100116500", "100120010", "101108580", "101111990", "101112690", "101113210", "101119030", "102107961", "102110050", "102110850", "102112030", "102112170", "102113210", "103111170", "103111480", "103111930", "103112470", "103113640", "103120290", "103120340", "103120730", "104111380", "104111531", "104111550", "104111830", "104111990", "104112470", "104114230", "104114320", "104114740", "104118070", "105113170", "105114220", "105115250", "105115720", "105116090", "105117200", "105118171", "105118230", "105119950", "106113830", "106114011", "106114321", "106116850", "107113840", "107116501", "107118120", "107118490", "107119950", "107121230", "107121540", "108113620", "108114220", "108114360", "108116070", "108117360", "108118520", "108120280", "108121351", "109113881", "109113931", "109117431", "109118820", "109119460", "109119591", "109121640", "110114920", "110115140", "110115580", "110116290", "110116441", "110118161", "110118630", "110118810", "110118880", "110119300", "110120190", "110120531", "110120640", "111114171", "111114941", "111116100", "111116170", "111116750", "111117000", "111117200", "111117480", "111118820", "111119250", "111120260", "111120320", "111121220", "111121930", "112116451", "112116501", "112116610", "112116640", "112116810", "112116850", "112117780", "112118701", "112118810", "112119450", "112119580", "112120640", "112120990", "112121410", "112121430", "113118421", "113118620", "113119300", "113120591", "113121750", "113122180", "113122320", "113122510"], "labels": [3, 1, 2, 2, 2, 3, 1, 0, 3, 3, 2, 1, 3, 2, 3, 1, 1, 0, 3, 1, 2, 1, 3, 2, 1, 1, 2, 0, 0, 2, 1, 3, 3, 3, 3, 3, 2, 3, 3, 2, 0, 3, 1, 1, 2, 1, 1, 3, 0, 1, 3, 2, 1, 2, 2, 2, 2, 0, 3, 2, 1, 1, 3, 3, 1, 3, 1, 1, 2, 3, 3, 1, 3, 2, 3, 0, 2, 3, 3, 1, 1, 1, 0, 3, 3, 0, 1, 1, 3, 1, 0, 0, 3, 0, 1, 2, 3, 0, 1, 1, 0, 1, 3, 0, 0, 3, 0, 3, 0, 3, 0, 0, 1, 0, 1, 3, 1, 3, 1, 0, 3, 1, 0, 3, 0, 0, 0, 3, 3, 3, 0, 2, 0, 2, 3, 3, 1, 0, 0, 2, 1, 2], "predicted_labels": [2, 1, 2, 2, 0, 0, 1, 3, 2, 3, 0, 1, 0, 3, 0, 2, 3, 3, 0, 3, 2, 2, 1, 3, 0, 3, 2, 1, 0, 2, 1, 3, 1, 0, 2, 1, 2, 0, 3, 0, 1, 1, 3, 0, 2, 2, 3, 3, 3, 1, 1, 1, 1, 1, 2, 1, 3, 3, 0, 2, 2, 3, 3, 0, 1, 1, 0, 1, 0, 2, 1, 3, 0, 1, 3, 3, 3, 1, 0, 1, 1, 2, 0, 0, 0, 1, 2, 1, 1, 3, 3, 1, 1, 0, 3, 2, 3, 0, 3, 0, 3, 1, 0, 0, 3, 0, 1, 1, 0, 0, 1, 2, 3, 0, 0, 3, 0, 3, 0, 1, 0, 1, 0, 3, 3, 1, 0, 1, 0, 3, 0, 1, 0, 3, 1, 1, 1, 3, 1, 3, 1, 2], "confidence_scores": [[0.04100703605056693, 0.06785268056417293, 0.883476359601083, 0.007663923784177159], [0.0009281618308249156, 0.8659823158550012, 0.0016287947888760106, 0.13146072752529797], [0.00021103843691917866, 0.04295741278920492, 0.7652432399714694, 0.1915883088024065], [0.014357565444120453, 0.1442084177062124, 0.5100392338693408, 0.3313947829803263], [0.6317818669676389, 0.3065555427439787, 0.01997970255449038, 0.04168288773389188], [0.9898426341834048, 0.0034203148571418634, 0.004941249162349609, 0.0017958017971037943], [0.029289639269846183, 0.7667513535499559, 0.010367383245586292, 0.19359162393461155], [0.179404113267241, 0.0005854969373107643, 0.19299371303923557, 0.6270166767562126], [0.002578858294493621, 0.031371670917214364, 0.823413932015482, 0.14263553877281013], [0.0020575920743777475, 0.001780374405421618, 0.009593618806969406, 0.9865684147132313], [0.4611197130601963, 0.4148709489190539, 0.031525854344626444, 0.09248348367612345], [0.03463032339075438, 0.9585937491363627, 0.0005008936223333752, 0.006275033850549408], [0.806760613203894, 0.001063483923008374, 0.0383177749490317, 0.15385812792406608], [0.4147610780221845, 0.005540784842657146, 0.14846028053934962, 0.4312378565958087], [0.6216086212772777, 0.3349709107198082, 0.025077102154935305, 0.018343365847978698], [1.498910117781522e-06, 0.045944467993102686, 0.9540192449123387, 3.478818444098611e-05], [5.9647563516440786e-06, 0.00313925451696283, 0.0007117175765384883, 0.996143063150147], [0.018398015929846374, 0.43631217177735687, 0.06813569837568197, 0.47715411391711476], [0.599711313649348, 0.0034945022370293723, 0.0026618790415255745, 0.39413230507209707], [0.05451874362659854, 0.41188111745621664, 0.017180918803583953, 0.5164192201136009], [0.0014420583633857572, 0.008581993519840255, 0.9435558264094045, 0.04642012170736958], [0.002038154094752094, 0.003911379533688963, 0.9463610880345817, 0.04768937833697731], [0.11751080216452237, 0.6828301860999755, 0.1638836710291518, 0.03577534070635038], [0.007353902618873366, 0.0009105592582596779, 0.3027661476903315, 0.6889693904325355], [0.7302999576370923, 0.0018914201082951458, 0.00020031348506415104, 0.26760830876954855], [0.008867576948075957, 0.002199097992783704, 0.03422730922299061, 0.9547060158361498], [0.0025517754934596716, 0.2942048979046233, 0.6841288525335402, 0.019114474068376845], [0.00037252752082468014, 0.46936002902032015, 0.37682994923618846, 0.15343749422266684], [0.9480626566083538, 0.04329874564988307, 0.007552066910927421, 0.0010865308308358505], [0.013906799613464301, 0.15544566458759201, 0.6759404393998889, 0.15470709639905486], [0.006682833685737769, 0.850178756149794, 0.08819497105009456, 0.0549434391143736], [0.015450191712825969, 0.0023598207484471574, 0.21833485735124303, 0.7638551301874839], [0.0032842913370119127, 0.9961336426410573, 4.052944558631007e-05, 0.0005415365763443559], [0.6109390866757359, 0.017746703926791056, 0.05841975987483379, 0.31289444952263923], [0.0047579596013855256, 0.08059638557643295, 0.4662946653416083, 0.44835098948057334], [0.003817440569028318, 0.5374393021196544, 0.005586402409941634, 0.45315685490137564], [0.001507903987294634, 0.02197316198021631, 0.9725015431150025, 0.004017390917486579], [0.9000095329792989, 0.0002834547861548029, 0.0010826376014620282, 0.09862437463308446], [0.11117906876270214, 0.049094660057464164, 0.40773350355692506, 0.4319927676229086], [0.9709764811892926, 0.004973659066347471, 0.007070164383442433, 0.016979695360917455], [0.4069839804855887, 0.525706672155483, 0.011389134791408836, 0.055920212567519535], [0.13596284930516833, 0.5513176456848615, 0.2853489411706596, 0.027370563839310507], [0.39610132878240223, 0.06466556520031216, 0.07998357953818572, 0.4592495264791], [0.9473826739862597, 0.02034031516212297, 0.0215539577474865, 0.010723053104130825], [0.20044721906241283, 0.04691728110943148, 0.7243499185696453, 0.028285581258510425], [0.0027238394153966095, 0.026510234133299792, 0.9182099289152289, 0.05255599753607466], [0.001846076397968207, 0.024611482718986076, 0.039312354190730814, 0.934230086692315], [0.08830693310609158, 0.02043054428637607, 0.015509205978240676, 0.8757533166292918], [0.013332082828994604, 0.2574193941690727, 0.008730791452596432, 0.7205177315493363], [0.007391232652011464, 0.9767393263977494, 0.003976131190074803, 0.011893309760164408], [0.000991425053408742, 0.641572999865917, 0.00502207656237343, 0.35241349851830095], [0.003253248055022962, 0.9860900224843201, 0.005967375891647753, 0.004689353569009266], [0.007459469449780085, 0.5981987401973171, 0.3764984265619645, 0.01784336379093831], [0.008536757873888778, 0.5981211049572576, 0.12637851845545406, 0.26696361871339963], [0.30137085797291435, 0.0015536416982142964, 0.5466021154810338, 0.1504733848478376], [0.024861611732814735, 0.39735285715160407, 0.18654133465991227, 0.3912441964556689], [0.4371497901434171, 0.0011972373868502685, 0.02520188124319144, 0.5364510912265412], [0.11448847579848033, 0.05261085584947305, 0.038590333458168855, 0.7943103348938777], [0.5700273259257644, 0.3776378030585152, 0.002417884050111495, 0.04991698696560891], [0.016344879351944924, 0.1451131517640534, 0.7536896506556447, 0.08485231822835686], [0.059189051369843156, 0.15531263748921845, 0.679768702986407, 0.10572960815453142], [0.0015579493530623778, 0.022030351172013764, 0.0010765637164435213, 0.9753351357584804], [0.016615535907863428, 0.02569944500213335, 0.049399191898117326, 0.9082858271918859], [0.5914244687511463, 0.13143935473493015, 0.011411225708924241, 0.2657249508049992], [0.0001005607758826394, 0.9938885797781329, 0.00012048470284493768, 0.00589037474313954], [0.0848827926586103, 0.732573809798392, 0.05060212778385248, 0.13194126975914516], [0.8772707751194053, 0.11294807151648553, 0.0008582733978713807, 0.008922879966237906], [0.0006795805319004044, 0.9976198884483001, 0.00033152882635450055, 0.0013690021934451894], [0.6919590003822625, 0.23422889815113354, 0.0020193207888025387, 0.07179278067780152], [0.0013059052854915469, 0.008855658736361438, 0.9883645818736528, 0.0014738541044942266], [0.10503341619208592, 0.8895528671786288, 0.003358863574926766, 0.002054853054358551], [0.21502995422261942, 0.0002367218505961309, 3.5223422054737714e-05, 0.7846981005047298], [0.9336011942575528, 0.055203867952705724, 0.0027509139206576276, 0.00844402386908376], [0.35762849632256977, 0.5255068081840141, 0.11427009734836205, 0.0025945981450541597], [0.06799341091933722, 0.21601994109403605, 0.046683950736711305, 0.6693026972499153], [0.009069777559570913, 0.0023463250451108307, 0.06617697599337444, 0.9224069214019439], [0.028231137154833635, 0.0031532032649411886, 0.006160728974075988, 0.9624549306061492], [0.056729302978457075, 0.9039956632036806, 0.0024521906261623836, 0.03682284319169978], [0.6131176677671349, 0.3730318320149512, 0.013784373130148655, 6.612708776515808e-05], [0.09340224305540441, 0.8045108575563412, 0.06631580652993682, 0.03577109285831753], [0.0709497978186471, 0.790603503721616, 0.022781726185416133, 0.11566497227432088], [0.010781774635643854, 0.4009800524454545, 0.578924844433968, 0.009313328484933691], [0.7163083796259322, 0.26213607148799384, 0.0170407663213411, 0.004514782564733093], [0.700803613348214, 0.0018904249795188561, 0.015556386774143926, 0.28174957489812325], [0.49601627458529085, 0.07315327661969184, 0.0014921219302020542, 0.4293383268648153], [0.03829003899031304, 0.9311846630076706, 0.026801040568575005, 0.003724257433441377], [0.26697137751755284, 0.04006894349316817, 0.6422842244890374, 0.050675454500241496], [0.061133770128434996, 0.76847257543473, 0.004752051591838458, 0.16564160284499652], [0.08659042086333417, 0.8946668246276727, 0.001165878333546428, 0.01757687617544671], [0.08474625096671698, 0.007764255975081038, 0.05966220688203081, 0.8478272861761711], [0.3208143965677108, 0.2425482244597735, 0.028024461574370232, 0.40861291739814537], [0.012632736226070007, 0.9687582662781002, 0.0024604181056814317, 0.016148579390148483], [0.004462445077460505, 0.7579615957313932, 0.001061343080466885, 0.2365146161106794], [0.9969155491504964, 9.304517780477428e-05, 0.0013474676642247798, 0.0016439380074741263], [0.01212180227911208, 0.46355075989723876, 0.004200313221979471, 0.5201271246016697], [0.01835569440779224, 0.04602411329204618, 0.7067374692573358, 0.22888272304282573], [0.00047915298727291175, 0.19369487907596367, 0.008503355238629896, 0.7973226126981334], [0.48475557279400333, 0.1521724103433853, 0.019949563744627606, 0.3431224531179838], [0.20553130029850458, 0.2452747364040118, 0.0058455063223755805, 0.543348456975108], [0.5117002731167856, 0.0586048687497162, 0.0011139894047332015, 0.42858086872876516], [0.09373876296504638, 0.42808340498783704, 0.0011738021665089922, 0.4770040298806075], [0.06917224356814676, 0.5057564566213718, 0.0005339130155687342, 0.42453738679491276], [0.4845021086339229, 0.03993854411173014, 0.35345996523633416, 0.12209938201801265], [0.36384065445350994, 0.3365135738701633, 0.014832085488392191, 0.2848136861879345], [0.38407630047269126, 0.10588022750726803, 0.027862711828109534, 0.4821807601919313], [0.44369150531511115, 0.11444518101619136, 0.0005305838809647153, 0.44133272978773286], [0.006651446650723685, 0.8505412841537167, 0.1023466231442943, 0.040460646051265516], [0.0023365155157737093, 0.6613621165410128, 0.00012360656352040252, 0.3361777613796931], [0.8521258461759165, 0.12863110894853386, 0.01750079633374593, 0.0017422485418036135], [0.9870548664058032, 0.0005926711587442166, 0.00024909233077613805, 0.012103370104676445], [0.0003801131732342837, 0.7931239589856149, 0.1647246227609863, 0.04177130508016464], [0.0660618165532122, 0.023537217854569276, 0.9026862997939943, 0.007714665798224395], [0.018178069868229656, 0.223111240892892, 6.671476772882866e-05, 0.7586439744711494], [0.7418050960639344, 0.042520825303137236, 0.0016511785264376922, 0.21402290010649064], [0.6178767810013022, 0.025439689160578323, 0.18190322967516348, 0.17478030016295598], [0.06340943940985305, 0.26156604330998723, 0.06559413020439073, 0.6094303870757689], [0.9583783463662081, 0.00032256662380093765, 0.0023725256943305352, 0.03892656131566041], [0.000828288882418673, 0.003157587707270013, 0.0002034205886924828, 0.9958107028216188], [0.746280420835993, 0.11704926025901015, 0.12038418692980166, 0.01628613197519511], [0.060769069184164574, 0.9348242137551008, 0.0016810443545259982, 0.002725672706208629], [0.7300997096753227, 0.15600424529817825, 0.0014344188636119149, 0.11246162616288721], [0.0749311891016477, 0.5990264921233908, 0.11813043424804229, 0.20791188452691917], [0.8049893804384419, 0.05032454007555843, 0.000901461793220545, 0.143784617692779], [0.22712624840264767, 0.03752198221561747, 0.1367013812714551, 0.5986503881102797], [0.08401958476666087, 0.09628057668636066, 0.0008130641201771389, 0.8188867744268015], [0.0021019837901194304, 0.9928433454047403, 0.00028876137803615447, 0.0047659094271042335], [0.7073993198301481, 0.00394751649279755, 0.002007440280641618, 0.2866457233964127], [0.006403294823667596, 0.9820209468852915, 0.0012357219827720002, 0.010340036308268978], [0.9815683247401888, 0.0027715667895099353, 0.00037424729863173503, 0.015285861171669574], [0.2141615757054514, 0.028918312968656032, 0.13308094042560462, 0.6238391709002881], [0.8044010637845136, 0.162008513736772, 0.026964126776518344, 0.006626295702196062], [0.013698644329186199, 0.9440926748691428, 0.04088248245159516, 0.0013261983500758], [0.9959782877090224, 0.0002410777377517743, 0.000676450968031807, 0.003104183585194032], [0.0035870641020025965, 0.29326605965023606, 0.022445350173634797, 0.6807015260741266], [0.17343996913190068, 0.71632464427209, 0.0025744408062134, 0.10766094578979582], [0.012684568577832036, 0.7817270668698788, 1.290533828199197e-05, 0.20557545921400713], [0.2517248503108808, 0.4320374001770542, 0.00019366200436407046, 0.3160440875077009], [0.2218867750473093, 0.0022084424788980433, 0.0006507060452210639, 0.7752540764285716], [0.06407735989330131, 0.8525954452615474, 0.03144464100261413, 0.05188255384253715], [0.0005760119429339346, 0.001086845583713025, 0.0005167258478669624, 0.9978204166254862], [0.013088713214629054, 0.8874178854289436, 0.00021596952011590994, 0.09927743183631145], [0.007395429936444697, 0.19018637887463866, 0.43194149238632334, 0.3704766988025934]]}}