{"test": {"ids": ["112120640", "107114321", "99111930", "100110050", "99108310", "110117140", "97105960", "99112641", "109114030", "97108520", "100109890", "101108370", "99108330", "104111880", "99114890", "107116501", "101111210", "104112470", "102108621", "100111380", "113117550", "110118930", "105113170", "112119610", "111121351", "109119591", "105115570", "104111711", "104111531", "108115250", "108120621", "109115211", "103113640", "108118060", "113119480", "108114040", "109118161", "97116790", "109120560", "109117150", "112118820", "109114220", "105120280", "111116411", "111116290", "98108970", "106114011", "97107040", "110120531", "107117630", "112118620", "113119300", "101108290", "113118490", "110118111", "106115240", "104113170", "113122150", "112120540", "108117451", "102113210", "108116120", "109120150", "98106680", "110119891", "113121750", "106117650", "104114410", "100108990", "101108621", "107112840", "113118810", "107114140", "112118530", "105113190", "110115580", "99111000", "112119500", "110114610", "101111990", "102112301", "107113360", "100120010", "101108121", "97107681", "110115250", "107118120", "103118110", "103111930", "106113190", "103117200", "111119610", "111114321", "112121410", "110114950", "103110840", "108119550", "103109021", "101112540", "111115620", "108121351", "112117660", "106111321", "102109010", "98111670", "100115700", "98117740", "109119450", "109117080", "99107640", "98121790", "99109860", "106115250", "113119120", "107118520", "100110260", "101109000", "109120621", "104111620", "105112240", "102110050", "108118810", "100109980", "102113981", "98106880", "99109311", "113117340", "98109570", "111119430", "113120601", "105118740", "110116170", "99108460", "107116980", "97110950", "113120830", "112121360", "112118421", "104114740", "97105451", "111116530", "100111620"], "labels": [0, 0, 1, 3, 2, 3, 2, 1, 1, 2, 3, 1, 1, 3, 2, 1, 2, 1, 3, 3, 3, 1, 0, 0, 0, 0, 0, 1, 0, 1, 1, 0, 1, 1, 3, 0, 0, 2, 1, 2, 0, 3, 3, 0, 2, 3, 1, 2, 0, 0, 3, 1, 0, 1, 1, 1, 3, 2, 3, 2, 3, 1, 2, 1, 3, 0, 1, 1, 2, 0, 1, 3, 2, 1, 3, 1, 2, 2, 1, 2, 1, 0, 0, 0, 3, 1, 3, 2, 3, 0, 0, 2, 1, 0, 0, 1, 1, 0, 2, 1, 3, 0, 0, 1, 1, 1, 2, 3, 1, 1, 2, 2, 2, 3, 2, 3, 1, 1, 0, 1, 3, 1, 1, 1, 0, 1, 2, 1, 3, 2, 1, 0, 0, 3, 3, 3, 3, 3, 2, 0, 3, 3], "predicted_labels": [0, 1, 1, 2, 1, 1, 2, 1, 3, 1, 1, 0, 2, 3, 2, 3, 1, 3, 0, 0, 3, 3, 1, 1, 0, 1, 3, 1, 3, 3, 0, 1, 0, 3, 1, 1, 0, 1, 2, 0, 3, 0, 0, 0, 3, 3, 1, 3, 3, 3, 3, 0, 3, 3, 3, 0, 2, 2, 0, 0, 1, 0, 0, 2, 0, 1, 2, 3, 0, 1, 1, 1, 1, 1, 3, 1, 2, 2, 2, 0, 3, 0, 2, 0, 3, 3, 3, 3, 1, 3, 1, 2, 3, 0, 1, 1, 2, 0, 0, 2, 1, 1, 1, 1, 0, 3, 1, 2, 1, 0, 1, 1, 3, 3, 3, 0, 0, 3, 3, 1, 1, 0, 3, 2, 0, 0, 1, 3, 1, 0, 3, 3, 1, 0, 0, 1, 1, 3, 2, 3, 0, 2], "confidence_scores": [[0.6389721980713852, 0.29820333803690097, 0.04262116518814912, 0.020203298703564805], [0.3043227327586785, 0.5713971076400804, 0.00615278630206238, 0.11812737329917865], [0.12628373493005654, 0.5125498641541353, 0.05885556639940505, 0.3023108345164031], [0.18604118409018242, 0.16179377992603494, 0.6463291639101836, 0.005835872073598925], [0.2972689768907011, 0.48598344028699975, 0.1560572017011254, 0.06069038112117367], [0.12285299720156982, 0.7088972483867537, 0.06432203208926625, 0.10392772232241014], [0.26753890535568725, 0.23556332935704236, 0.44860195067059655, 0.04829581461667398], [0.07551816337182887, 0.48466180014283944, 0.18179628697625502, 0.25802374950907675], [0.3516706826948913, 0.03229508842057794, 0.2218215885337707, 0.39421264035076004], [0.0016070920491518688, 0.9803679935331301, 0.0009834763023706407, 0.01704143811534729], [0.3197844291499799, 0.5218526785294849, 0.042972519874248556, 0.11539037244628678], [0.7674590600767845, 0.007675715580397536, 0.006300511768423371, 0.21856471257439464], [0.0010340136839114343, 0.3197350742977339, 0.5420889167204007, 0.13714199529795396], [0.10393382565005642, 0.007762950494457163, 0.004402055686586532, 0.8839011681689], [0.026678666433393707, 0.41059656284748486, 0.5344807872048449, 0.028243983514276563], [0.3449182663856623, 0.002618445544337597, 0.00815198925085757, 0.6443112988191425], [0.0964229174410966, 0.4299667302046595, 0.22899288990386724, 0.24461746245037677], [0.046541757972505385, 0.38768452380173885, 0.1607415848358718, 0.40503213338988386], [0.5196058331989578, 0.2961203728735325, 0.036474645809732205, 0.14779914811777745], [0.9104302683755015, 0.031722085325570235, 0.026971048848081755, 0.030876597450846702], [0.00430076192949228, 0.0041708175503628, 0.00039769896146669916, 0.9911307215586783], [0.003485873330589669, 0.004986121871881967, 0.21689668724722888, 0.7746313175502995], [0.009645591619198892, 0.8334147363710164, 0.05596546857928983, 0.10097420343049476], [0.0045766685251831625, 0.943231908802464, 0.008213174337073933, 0.04397824833527891], [0.958813234717533, 0.020812572581987706, 0.00225764283970761, 0.0181165498607715], [0.003371433540834548, 0.9267556741042676, 0.017677912268652854, 0.05219498008624496], [0.011958039135417991, 0.013601615924239252, 0.006226780301295852, 0.968213564639047], [0.24838684401007652, 0.703924767235369, 0.007424768048062605, 0.040263620706492004], [0.011003621145563209, 0.020467677866639094, 0.0020048555184625956, 0.9665238454693351], [0.21471227415453495, 0.1966278379336053, 0.26004618211412944, 0.32861370579773025], [0.8777497104223962, 0.006479459237298361, 0.012140255946823933, 0.10363057439348154], [0.0043632602489899665, 0.943300689569703, 0.030973155364566383, 0.021362894816740485], [0.9586605700784616, 0.02174799652986221, 0.012213442870636668, 0.007377990521039374], [0.03181893744781435, 0.02057164947737485, 0.015582060808194841, 0.9320273522666159], [0.07623974869660004, 0.8149039756763472, 0.01061461243287666, 0.09824166319417618], [0.0057052896214059385, 0.5553480593455724, 0.08643523921682929, 0.3525114118161923], [0.8048452328334293, 0.1836952362801115, 0.00034919994256904974, 0.011110330943890242], [0.1432054734235753, 0.6184169999460717, 0.22164803091046717, 0.01672949571988584], [0.0780860637641866, 0.0003915192695900399, 0.6939130355678884, 0.22760938139833503], [0.3691278827112789, 0.125625380372779, 0.29028315004647776, 0.21496358686946423], [0.06098618244932479, 0.15836067115645489, 0.021011400571015675, 0.7596417458232047], [0.8318273467017747, 0.08123974224589012, 0.018344887805194415, 0.06858802324714068], [0.8830460713917944, 0.06730318567952363, 0.02306452260428922, 0.02658622032439266], [0.6503103040667869, 0.13319674279919372, 0.17662035926627442, 0.03987259386774481], [0.03414194012894851, 0.0971575949702325, 0.046363646299546715, 0.8223368186012723], [0.009784298609489758, 0.16613545797462093, 0.13526572331211267, 0.6888145201037766], [0.01694218604248449, 0.6732567102001143, 0.10757869982495959, 0.20222240393244162], [0.033154587319887754, 0.09602475719807417, 0.3532458056246413, 0.5175748498573968], [0.011889681316265336, 0.44234698883883317, 0.00970266517550158, 0.5360606646693998], [0.1527696701930088, 0.2934080323392076, 0.17847836641562573, 0.37534393105215796], [0.07366382338140433, 0.30447155806678666, 0.2505817216995867, 0.3712828968522223], [0.8304756018451662, 0.002208172067311594, 0.00017165971034742222, 0.1671445663771748], [0.2220613575794962, 0.025796412994559616, 0.03004669005229832, 0.7220955393736459], [0.05653048953376007, 0.04143695610483896, 0.005720530581174394, 0.8963120237802267], [0.029975301392859064, 0.13900543692006906, 0.033948785676211825, 0.79707047601086], [0.4727726650480668, 0.1408348102162796, 0.21737734805788936, 0.16901517667776428], [0.037473355693434775, 0.013886658038598084, 0.8939220569946499, 0.05471792927331716], [0.13379382695465208, 0.06963581099969356, 0.7512578702501534, 0.04531249179550075], [0.9414657485072837, 0.024283323419666634, 0.004935311205423184, 0.029315616867626473], [0.5826448367910976, 0.2422670968274212, 0.014230048362450641, 0.16085801801903069], [0.057414861699241954, 0.6707211678571001, 0.037696982314393127, 0.2341669881292646], [0.39057333102734515, 0.269816729332224, 0.044711656556162147, 0.2948982830842688], [0.361362932400226, 0.08187921629023119, 0.33399986061382825, 0.22275799069571456], [0.28413056951672705, 0.3089087286609279, 0.37905925021070497, 0.02790145161164004], [0.7628990273049396, 0.020998848048941886, 0.011542370006946362, 0.20455975463917214], [0.14026157081674467, 0.7583734350940298, 0.04098456167949589, 0.060380432409729796], [0.024450079574223012, 0.04241130845182421, 0.9316176615211941, 0.001520950452758749], [0.10278687636141369, 0.024367662145663452, 0.01673387083792184, 0.8561115906550011], [0.7549852882725319, 0.08185147825451194, 0.010946844942427356, 0.1522163885305287], [0.40730171706609425, 0.49972090071389796, 0.0033347594408459896, 0.08964262277916189], [0.002109360960536999, 0.9953534456922489, 0.002076421430989104, 0.0004607719162248888], [0.07248990514409615, 0.8589570105998156, 0.06117730897831062, 0.00737577527777764], [0.07504739085074684, 0.716304580469254, 0.15803142596595873, 0.050616602714040365], [0.0025796358406252463, 0.48047220685127146, 0.35224626010814836, 0.16470189719995496], [0.13533320568300347, 0.015378973417312, 0.06682781470166643, 0.7824600061980181], [0.130277141756119, 0.6075398310007706, 0.0036348634948852126, 0.2585481637482251], [0.16396431618861937, 0.03991222208981307, 0.7599962321974018, 0.03612722952416595], [0.17592578451460458, 0.3823741939464607, 0.3993978928871637, 0.04230212865177093], [0.18451047800613726, 0.16753614912114992, 0.5186616334211132, 0.12929173945159964], [0.2823161802436275, 0.25457053165711785, 0.19765593080599053, 0.26545735729326414], [0.1969013508770649, 0.19617712257144637, 0.010194704536953918, 0.5967268220145348], [0.9119102527599391, 0.0062431829750782784, 0.002118494522952565, 0.07972806974203003], [0.04569523440226263, 0.26574470669038375, 0.565143037748128, 0.1234170211592257], [0.6987993165130648, 0.03327341671773924, 0.038671491318560625, 0.22925577545063533], [0.23230995200395876, 0.1658291818979116, 0.004733136386167401, 0.5971277297119622], [0.060267497890695555, 0.35683310485643643, 0.2063258455006971, 0.376573551752171], [0.3701252277532546, 0.03467024369508463, 0.003877011286904532, 0.5913275172647562], [0.2262832467188552, 0.02363017100715799, 0.29727225995452816, 0.4528143223194588], [0.3250891629033236, 0.4205189808863079, 0.10494366950230881, 0.14944818670805968], [0.004125937319503219, 0.03167554793340137, 0.0027537831449921733, 0.9614447316021033], [0.022266845982619243, 0.9632530281993008, 0.011418703369171987, 0.003061422448907999], [0.09380734006209515, 0.1564964359842052, 0.43295981581426146, 0.3167364081394384], [0.056283636256993716, 0.15441773330590347, 0.050981478224966, 0.7383171522121368], [0.9526003523231722, 0.025648986129864295, 0.003969156044984628, 0.017781505501978857], [0.09001486523269511, 0.4037143904978055, 0.11503058521870163, 0.3912401590507978], [0.2386666929884502, 0.5924534503790224, 0.03077618966904122, 0.1381036669634862], [0.012425740832600141, 0.30409139898650983, 0.4914103849208786, 0.19207247526001153], [0.653403485830276, 0.3096806585680896, 0.019370260271667453, 0.017545595329967113], [0.46165464020235397, 0.04495391449864522, 0.1620019949764508, 0.3313894503225499], [0.006145865343793382, 0.17147861846929377, 0.49128508596841464, 0.33109043021849816], [0.06723040176802024, 0.7180285100237188, 0.0046225829236139805, 0.21011850528464693], [0.05585129316238644, 0.9140100211296326, 0.011254899861150249, 0.018883785846830783], [0.1881751059571803, 0.4354057100953931, 0.03330507069645497, 0.34311411325097174], [0.002453990696603742, 0.5294559564940354, 0.11735913273345439, 0.35073092007590634], [0.459204061039777, 0.009115474574486315, 0.15768223179468602, 0.37399823259105064], [0.06972232760969546, 0.21071124664041682, 0.19915287195505427, 0.5204135537948335], [0.05449980434436674, 0.6536828744158907, 0.026539093888245123, 0.2652782273514974], [0.005951739326060128, 0.3078655503336661, 0.6526146964052978, 0.033568013934976056], [0.45373327693524546, 0.4654825686754567, 0.027973612085060728, 0.05281054230423699], [0.7714100331831445, 0.0010327490849826998, 0.0043593059477395465, 0.22319791178413328], [0.19122759608344705, 0.514917276254357, 0.01678589632784001, 0.2770692313343559], [0.028578887191884755, 0.7222896398902219, 0.20260599349791722, 0.04652547941997609], [0.01220363886300645, 0.2845830617153001, 0.301833947503756, 0.4013793519179375], [0.0042311930463024, 0.035048029317985036, 0.021793226888341774, 0.9389275507473708], [0.0025375588303838937, 0.0018690915501773993, 0.029244143598297676, 0.966349206021141], [0.4702471801407466, 0.11147551039416348, 0.0022339975962804817, 0.4160433118688095], [0.8491425619467362, 0.09196362982373207, 0.03609640246538286, 0.022797405764148935], [0.3643728624013211, 0.023701796273813146, 0.020262960940355425, 0.5916623803845102], [0.4336063157406315, 0.00023756885200603293, 0.0007336634706040079, 0.5654224519367583], [0.12004425338549057, 0.4419543690529907, 0.38879991824657395, 0.049201459314944705], [0.07698593738806855, 0.5246873496538303, 0.1406760823141989, 0.25765063064390226], [0.58718028215288, 0.07934031099453204, 0.08552611497537006, 0.24795329187721807], [0.07656403658688074, 0.3472661567051556, 0.16251862761833671, 0.413651179089627], [0.12631807240870352, 0.12228883219042948, 0.6912248631000548, 0.060168232300812176], [0.7834832707068133, 0.0025012073353442572, 0.043708818439488074, 0.17030670351835422], [0.6908264626024565, 0.2472245653374375, 0.028745532757246294, 0.03320343930285982], [0.08491451516516768, 0.700534603951351, 0.015296851218511036, 0.19925402966497027], [0.030693797680397678, 0.044684812331761616, 0.018072836196301054, 0.9065485537915396], [0.015563981248803678, 0.8483496551305858, 0.03735887602845321, 0.09872748759215741], [0.5451429054225704, 0.12674893400641946, 0.20315110291651384, 0.12495705765449631], [0.00751244850747988, 0.3809711081078232, 0.06927526432065846, 0.5422411790640383], [0.23642721352699614, 0.05288748003233665, 0.006846055892627973, 0.7038392505480393], [0.032784720899928836, 0.5258685993027988, 0.1569263334621748, 0.2844203463350975], [0.8599463587479889, 0.05685699888608514, 0.009853048817255709, 0.07334359354867022], [0.7379247984733657, 0.01422511884909016, 0.02417942912971842, 0.2236706535478257], [0.12382990310024324, 0.3968669708614144, 0.3661584653513044, 0.11314466068703798], [0.2488509887509026, 0.7197932848189613, 0.015737598285599667, 0.015618128144536276], [0.02888663015248999, 0.020476436846685007, 0.14165728183091494, 0.80897965116991], [0.023871787199906094, 0.41366155488727696, 0.4665784197362417, 0.09588823817657523], [0.3851720236529569, 0.017828387934204826, 0.004158080352032168, 0.592841508060806], [0.6717611757576072, 0.08567399506863355, 0.06311688837319093, 0.17944794080056842], [0.014665508483001383, 0.15055697475284535, 0.7001885634614775, 0.1345889533026757]]}, "rewritten": {"ids": ["97105451", "97105960", "97107040", "97107681", "97108520", "97110950", "97116790", "98106680", "98106880", "98108970", "98109570", "98111670", "98117740", "98121790", "99107640", "99108310", "99108330", "99108460", "99109311", "99109860", "99111000", "99111930", "99112641", "99114890", "100108990", "100109890", "100109980", "100110050", "100110260", "100111380", "100111620", "100115700", "100120010", "101108121", "101108290", "101108370", "101108621", "101109000", "101111210", "101111990", "101112540", "102108621", "102109010", "102110050", "102112301", "102113210", "102113981", "103109021", "103110840", "103111930", "103113640", "103117200", "103118110", "104111531", "104111620", "104111711", "104111880", "104112470", "104113170", "104114410", "104114740", "105112240", "105113170", "105113190", "105115570", "105118740", "105120280", "106111321", "106113190", "106114011", "106115240", "106115250", "106117650", "107112840", "107113360", "107114140", "107114321", "107116501", "107116980", "107117630", "107118120", "107118520", "108114040", "108115250", "108116120", "108117451", "108118060", "108118810", "108119550", "108120621", "108121351", "109114030", "109114220", "109115211", "109117080", "109117150", "109118161", "109119450", "109119591", "109120150", "109120560", "109120621", "110114610", "110114950", "110115250", "110115580", "110116170", "110117140", "110118111", "110118930", "110119891", "110120531", "111114321", "111115620", "111116290", "111116411", "111116530", "111119430", "111119610", "111121351", "112117660", "112118421", "112118530", "112118620", "112118820", "112119500", "112119610", "112120540", "112120640", "112121360", "112121410", "113117340", "113117550", "113118490", "113118810", "113119120", "113119300", "113119480", "113120601", "113120830", "113121750", "113122150"], "labels": [0, 2, 2, 3, 2, 3, 2, 1, 0, 3, 1, 1, 2, 2, 1, 2, 1, 0, 1, 2, 2, 1, 1, 2, 2, 3, 1, 3, 3, 3, 3, 1, 0, 0, 0, 1, 0, 1, 2, 2, 2, 3, 1, 3, 1, 3, 1, 0, 1, 3, 1, 0, 2, 0, 0, 1, 3, 1, 3, 1, 2, 1, 0, 3, 0, 1, 3, 0, 0, 1, 1, 2, 1, 1, 0, 2, 0, 1, 3, 0, 3, 2, 0, 1, 1, 2, 1, 1, 1, 1, 3, 1, 3, 0, 1, 2, 0, 3, 0, 2, 1, 1, 1, 0, 1, 1, 0, 3, 1, 1, 3, 0, 1, 1, 2, 0, 3, 3, 2, 0, 0, 3, 1, 3, 0, 2, 0, 3, 0, 3, 0, 2, 3, 1, 3, 3, 1, 3, 2, 3, 0, 2], "predicted_labels": [3, 3, 3, 0, 3, 0, 2, 3, 3, 3, 3, 3, 3, 3, 3, 1, 3, 1, 1, 3, 3, 3, 3, 3, 2, 0, 3, 2, 0, 3, 2, 3, 3, 0, 3, 3, 0, 2, 3, 3, 3, 3, 3, 3, 3, 3, 2, 3, 3, 2, 0, 1, 2, 3, 0, 1, 3, 3, 3, 3, 2, 2, 3, 3, 2, 1, 2, 3, 3, 3, 0, 2, 2, 1, 0, 3, 3, 3, 0, 2, 3, 3, 3, 3, 3, 2, 3, 3, 2, 3, 3, 3, 3, 2, 3, 2, 3, 2, 1, 3, 3, 3, 2, 3, 1, 3, 3, 3, 3, 3, 3, 1, 2, 3, 3, 3, 3, 3, 3, 0, 3, 3, 1, 3, 3, 2, 3, 0, 0, 3, 3, 3, 3, 3, 3, 3, 3, 3, 3, 3, 3, 1], "confidence_scores": [[0.09980649744383592, 0.30436194143366185, 0.0024546465955368538, 0.5933769145269653], [0.0571544848939405, 0.05863632805954028, 0.06591849273588399, 0.8182906943106353], [0.026402242977742407, 0.028960111836632225, 0.2023755608433835, 0.7422620843422418], [0.5377095733053389, 0.015780845236509564, 0.004049944231596659, 0.44245963722655485], [0.020750428063116128, 0.22492182265637797, 0.030215419188323305, 0.7241123300921827], [0.481975809512449, 0.07549263509192373, 0.2366477945784397, 0.20588376081718765], [0.08056352311427536, 0.06529533809402605, 0.7591258019995, 0.09501533679219856], [0.1370693716128193, 0.22783795026311227, 0.2042772833170147, 0.43081539480705366], [0.07351009519672441, 0.0008307681091351968, 0.007906972741804366, 0.9177521639523359], [0.12055856647044101, 0.31984553480668293, 0.22131693000349265, 0.3382789687193835], [0.05652729147393581, 0.07092690656436493, 0.03741652745629653, 0.8351292745054028], [0.02791068155936512, 0.005586128130921502, 0.04079941165820235, 0.9257037786515111], [0.05746123913251775, 0.032299746786317474, 0.02364573621045709, 0.8865932778707077], [0.0513441651527966, 0.054595710865281845, 0.2945487970520898, 0.5995113269298319], [0.09228182083029013, 0.06256883210271538, 0.01630515213083871, 0.8288441949361557], [0.19288606369095435, 0.3064632199123529, 0.26920912431853034, 0.23144159207816234], [0.046663931458148844, 0.05786926974644655, 0.1883702507078787, 0.707096548087526], [0.02054662864174835, 0.7199439733305071, 0.06861977406350535, 0.19088962396423917], [0.33177746629177196, 0.409059934341132, 0.06111681808847417, 0.1980457812786218], [0.021305835610831776, 0.15832726964536292, 0.27096273324960796, 0.5494041614941974], [0.016735374564492995, 0.0071702345344367355, 0.3781841787442182, 0.5979102121568521], [0.0991713136581261, 0.18434426932531897, 0.23287843757303128, 0.48360597944352374], [0.04757723700418788, 0.03295134222281904, 0.039405894811759504, 0.8800655259612337], [0.003474342692695562, 0.04964266410426039, 0.47321251672642695, 0.4736704764766171], [0.35810425875797486, 0.06444344370191994, 0.41382035470618445, 0.16363194283392068], [0.49458639318040654, 0.002345516572975631, 0.4903549702371146, 0.012713120009503228], [0.11314236182137621, 0.1322472776859725, 0.27619397543718816, 0.4784163850554631], [0.1051754613091502, 0.03941677301748897, 0.582531610583934, 0.2728761550894269], [0.7671172673115899, 0.0521537482895737, 0.04365146736102178, 0.13707751703781446], [0.27012190226254845, 0.08835096717471792, 0.11980442088048873, 0.5217227096822449], [0.043734321671587174, 0.04626560597651615, 0.804321374499638, 0.10567869785225864], [0.09909486296133937, 0.03528793142716901, 0.05623317636459631, 0.8093840292468952], [0.03231241826668269, 0.024959669028840836, 0.10593043107002519, 0.8367974816344512], [0.6587242760085714, 0.04175958274468619, 0.00750768697546407, 0.2920084542712785], [0.04528524140942568, 0.02983006466727963, 0.20547597059097134, 0.7194087233323233], [0.1957110055246938, 0.09728623333019384, 0.073068770481301, 0.6339339906638113], [0.5541033110203781, 0.24073686791514082, 0.019715722644656705, 0.18544409841982432], [0.34591498194126263, 0.029778587803979614, 0.5269044010221683, 0.09740202923258945], [0.0022901271297652223, 0.050817047126766435, 0.12417030787439735, 0.8227225178690709], [0.18897019266110657, 0.0616844004144669, 0.14039664786655773, 0.6089487590578688], [0.002120257567979026, 0.009627052080198605, 0.18480645690274258, 0.8034462334490797], [0.3692059108928616, 0.08459525852621573, 0.014018907132223368, 0.5321799234486994], [0.07257361317686294, 0.21423960827610258, 0.27564725769121967, 0.43753952085581493], [0.13731801128098417, 0.33103263252584053, 0.08932207244454049, 0.4423272837486346], [0.009130176254985462, 0.004470844483127051, 0.021477283248277183, 0.9649216960136102], [0.010805458878752871, 0.24571312903815273, 0.016226281759680005, 0.7272551303234144], [0.05029793606918216, 0.026511315403194825, 0.7772054836302151, 0.14598526489740787], [0.03688113982885645, 0.0395903828057133, 0.02317652009100696, 0.9003519572744232], [0.011547934959170763, 0.05708196942749792, 0.4588000870708298, 0.4725700085425015], [0.058025405077701736, 0.2592267916050519, 0.35241194630440054, 0.33033585701284585], [0.40616411470308406, 0.23040691391052545, 0.08268295631312561, 0.28074601507326474], [0.01387297696683156, 0.8096188137710818, 0.009099594916214353, 0.16740861434587243], [0.15415851771019048, 0.30518938165136006, 0.4073952220487332, 0.13325687858971624], [0.1253573940744342, 0.006180299351116673, 0.02328916280649429, 0.8451731437679549], [0.7729061068963029, 0.05616312424491601, 0.04926899665648396, 0.12166177220229697], [0.1440936216293811, 0.4972616552186901, 0.08898705670948424, 0.26965766644244443], [0.025072420650778745, 0.029251454780017696, 0.1834378499817492, 0.7622382745874545], [0.057734435838028515, 0.003237761525161946, 0.3258189904548498, 0.6132088121819598], [0.011505674682961728, 0.09549744965403877, 0.05118743798385464, 0.8418094376791447], [0.03623652810957484, 0.03639091988915248, 0.2580127852888996, 0.6693597667123732], [0.035166337984048, 0.14829933583521793, 0.5718485055275643, 0.2446858206531699], [0.00257027736396331, 0.015767246782904584, 0.6297098103251896, 0.3519526655279424], [0.00465154133202243, 0.007269193194454727, 0.07187187157220828, 0.9162073939013146], [0.1237237883051743, 0.03197690675783381, 0.08901448569503742, 0.7552848192419545], [0.02724240357942342, 0.11486115735952723, 0.7577918481831134, 0.10010459087793591], [0.1503378692357693, 0.3578102075911271, 0.20800169865678617, 0.2838502245163175], [0.21773351951835404, 0.17910341715897224, 0.41085743504935196, 0.19230562827332176], [0.005835406850480337, 0.011246644933403518, 0.0326683775734146, 0.9502495706427015], [0.04223117059899756, 0.0074469179832365754, 0.011518932502174131, 0.9388029789155917], [0.00034073110832082175, 0.001878226891693734, 0.06648552039094367, 0.9312955216090418], [0.5737430245909063, 0.0328187619702055, 0.08876917939230991, 0.30466903404657836], [0.03078678160699158, 0.03808219516049475, 0.7398236538423929, 0.1913073693901208], [0.01453584783953594, 0.006163852069037114, 0.8628192849195899, 0.116481015171837], [0.01135165826362472, 0.9380381385273757, 0.015965729567193467, 0.03464447364180609], [0.9560059582516074, 0.027794129482260555, 0.0022089451677751275, 0.013990967098356984], [0.006970073374044945, 0.2071753318585065, 0.1439924359791813, 0.6418621587882672], [0.08140495466574177, 0.10710292455026546, 0.01837649885464931, 0.7931156219293435], [0.028503684432612784, 0.046870095862766845, 0.025228725850522847, 0.8993974938540976], [0.38989845953722896, 0.3173157078947114, 0.09029676087582635, 0.20248907169223324], [0.013951058756947661, 0.08911218595576129, 0.8256105207516944, 0.07132623453559668], [0.05351920891844403, 0.00639603031300475, 0.03323146517630717, 0.906853295592244], [0.010228768434589272, 0.005028907749830506, 0.14788347435840685, 0.8368588494571734], [0.02484168659248869, 0.41620702970423884, 0.06505943854667764, 0.49389184515659473], [0.07271913660765071, 0.10609958067197474, 0.11987121027813884, 0.7013100724422358], [0.3814671205380653, 0.013524956222930819, 0.11663635355770997, 0.4883715696812941], [0.06346149890078653, 0.028322557282883052, 0.45632345262135665, 0.4518924911949738], [0.004856355807012101, 0.04665503093016541, 0.042304491901686656, 0.9061841213611358], [0.05027957705469453, 0.022774055616576076, 0.2982158479057142, 0.6287305194230152], [0.006008788034227361, 0.013373934041121685, 0.9002749708584772, 0.08034230706617376], [0.07306225684730352, 0.029523781859123147, 0.031836014905318975, 0.8655779463882544], [0.015549365671029922, 0.13195243103738646, 0.019038795233839757, 0.833459408057744], [0.4140773245870804, 0.002548226579996506, 0.03894206368118451, 0.5444323851517385], [0.030674614056040873, 0.0792620932231203, 0.06849655851208589, 0.8215667342087529], [0.003881998420713428, 0.044778454267082594, 0.5211550824453924, 0.43018446486681156], [0.030373158842104793, 0.011728066450376357, 0.044217288676928174, 0.9136814860305906], [0.024418950294641622, 0.04420981117644149, 0.5753929882603163, 0.3559782502686007], [0.0707729531893623, 0.37367420295234566, 0.055404382677539055, 0.5001484611807531], [0.17190145721958563, 0.07939662594255109, 0.386196383292785, 0.36250553354507836], [0.004069633115338607, 0.6951161747853375, 0.13225872190962737, 0.16855547018969647], [0.016428262558564853, 0.05392503497999408, 0.2489921268935653, 0.6806545755678757], [0.22918219837237813, 0.02889992720770186, 0.147442579892771, 0.5944752945271491], [0.017174392093115654, 0.017011883884339288, 0.0016698179604612345, 0.9641439060620838], [0.03391642244341234, 0.16684148239410973, 0.5291303006339616, 0.2701117945285164], [0.027609208282653647, 0.0672035739159613, 0.3266357574987747, 0.5785514603026103], [0.009294247359003617, 0.6285376295713948, 0.1774217263515169, 0.1847463967180847], [0.06859415755028477, 0.01817578417655647, 0.06477946018477705, 0.8484505980883817], [0.004854908407094323, 0.05353404685854577, 0.010407407632049517, 0.9312036371023105], [0.008832908250212542, 0.017932372782283924, 0.04371833507233407, 0.9295163838951694], [0.0027975472177830226, 0.023077261133601784, 0.01801064036092343, 0.9561145512876917], [0.07074152525643024, 0.026966027997195555, 0.14592185921848908, 0.7563705875278852], [0.002795916221272993, 0.0012028791827273925, 0.04610425768314065, 0.949896946912859], [0.15192624765021098, 0.5382635378882978, 0.10956279794638583, 0.20024741651510525], [0.027401601751621582, 0.1520421056129508, 0.5372331128191223, 0.2833231798163053], [0.011264743150573204, 0.1579330544705446, 0.36154888878429736, 0.4692533135945847], [0.011607771687842106, 0.12190225300202859, 0.10699156979824904, 0.7594984055118803], [0.2380111626489329, 0.03654871953066404, 0.1222405514107075, 0.6031995664096956], [0.005067092602075903, 0.0016166488489987563, 0.045782408201396556, 0.9475338503475288], [0.012793901510541161, 0.22736152577298638, 0.05787209706430524, 0.7019724756521672], [0.02889936443539743, 0.08990486812076257, 0.005148685782103208, 0.8760470816617367], [0.8566723304840668, 0.06310728539192835, 0.011541646493502986, 0.068678737630502], [0.03400969212863798, 0.009947842555128712, 0.03490777005049578, 0.9211346952657374], [0.0011864572436974974, 0.010814763349868759, 0.026610567507567177, 0.9613882118988666], [0.038918630447250926, 0.5062525879703382, 0.3672541438643501, 0.08757463771806076], [0.03784740297169463, 0.18224953713724293, 0.04982845897301762, 0.7300746009180448], [0.022575371781783777, 0.06732767108172273, 0.020407662885577063, 0.8896892942509164], [0.06620593491533294, 0.061204634606864025, 0.5691287840378781, 0.30346064643992504], [0.05923301463560082, 0.03646995834363157, 0.07747611312302126, 0.8268209138977464], [0.3842204828222254, 0.05514802959706731, 0.287186457488357, 0.2734450300923502], [0.5866137651301504, 0.11595919707660153, 0.035722890722018764, 0.2617041470712293], [0.10005700220913047, 0.03347900859302475, 0.35452303055659895, 0.5119409586412458], [0.17940855005321674, 0.045565929700170225, 0.08091079287863083, 0.6941147273679823], [0.014817511583741408, 0.4817821635767175, 0.003852481174523041, 0.49954784366501803], [0.02255301870989572, 0.00757544116896369, 0.050183354011936625, 0.919688186109204], [0.003010451998492795, 0.005735759149459783, 0.02999484046663879, 0.9612589483854087], [0.006641144379858123, 0.16710751280927577, 0.037118118467458626, 0.7891332243434074], [0.007715545938666146, 0.0052941427285711105, 0.0037883959355102933, 0.9832019153972523], [0.008418336953529061, 0.004824579732683654, 0.005392265932581371, 0.981364817381206], [0.022263250380378654, 0.06507477123524225, 0.023847316631710972, 0.8888146617526681], [0.003917995457393119, 0.05125140134631536, 0.10791306825027853, 0.836917534946013], [0.004698261807985604, 0.33530818105400473, 0.04967427985333249, 0.610319277284677], [0.06293045593301612, 0.3058117071961172, 0.006443097795003457, 0.6248147390758633], [0.13666064246090232, 0.40424881482191055, 0.09814546166289911, 0.3609450810542881]]}}