{"test": {"ids": ["109117150", "105112260", "101109000", "97118210", "98109570", "108114040", "105113330", "98111620", "105120280", "110118930", "113119700", "113122120", "111114321", "105117351", "105115250", "108117360", "113118820", "105115720", "97116410", "110116300", "113120280", "99120010", "113120531", "101117580", "109120540", "113122220", "111119430", "97116800", "108120621", "113122190", "101111990", "112116640", "108115870", "98109311", "107121230", "108116501", "113117630", "99112641", "99110050", "108115250", "102116340", "107116980", "103117461", "112121351", "103110760", "113120591", "107113260", "108116120", "103120340", "101108580", "106114011", "109114270", "112119950", "110114950", "99113260", "108121351", "100108520", "101110200", "110120700", "104109311", "110118701", "99109840", "99117740", "110114720", "106114150", "98116500", "111118820", "102109010", "112116810", "107113130", "98120530", "100111270", "110115250", "101109120", "110121500", "100108080", "111117480", "107114490", "111117200", "109115070", "103120730", "113122180", "113122430", "112117471", "97110950", "112117210", "105117200", "110119300", "112118161", "106113260", "109121410", "107115140", "100108490", "113119360", "104110960", "97106591", "105112130", "109114720", "100113210", "104111880", "108113760", "106115240", "109116170", "108120260", "113119340", "106113360", "113118490", "113117401", "99112531", "109119010", "107114321", "112118930", "97116401", "104112470", "112120270", "111115780", "109113931", "97108520", "112119980", "101110150", "102110890", "111114121", "97112300", "102113350", "110116290", "107120880", "106116120", "104113000", "98107410", "97109080", "106116640", "107114140", "101114990", "111119580", "113119480", "107117010", "103112470", "107116501", "99108890", "110115580", "113121010", "109115220"], "labels": [2, 3, 1, 2, 1, 0, 3, 3, 3, 1, 0, 1, 1, 0, 2, 1, 0, 1, 3, 3, 0, 2, 0, 3, 1, 1, 3, 0, 1, 1, 2, 0, 3, 1, 0, 0, 0, 1, 3, 1, 3, 3, 0, 0, 1, 0, 0, 1, 1, 0, 1, 3, 0, 0, 0, 3, 2, 2, 2, 3, 3, 2, 2, 3, 1, 2, 0, 1, 3, 1, 1, 2, 1, 1, 3, 0, 1, 3, 0, 0, 1, 2, 2, 3, 3, 1, 3, 1, 0, 3, 0, 0, 2, 0, 2, 1, 1, 0, 0, 3, 1, 1, 0, 1, 0, 0, 1, 3, 3, 3, 0, 1, 3, 1, 0, 1, 1, 2, 0, 1, 0, 0, 2, 3, 2, 1, 1, 1, 3, 2, 3, 2, 3, 3, 3, 1, 1, 1, 0, 1, 2, 3], "predicted_labels": [1, 3, 3, 0, 3, 3, 3, 2, 1, 1, 1, 3, 1, 3, 1, 0, 1, 1, 3, 3, 3, 1, 3, 3, 1, 1, 3, 0, 3, 1, 3, 1, 3, 0, 3, 3, 3, 0, 3, 3, 3, 0, 3, 1, 3, 3, 1, 0, 3, 0, 1, 3, 0, 3, 3, 3, 3, 1, 3, 3, 1, 1, 0, 1, 0, 3, 0, 1, 3, 1, 3, 3, 1, 3, 0, 3, 1, 3, 0, 1, 3, 3, 1, 1, 0, 1, 3, 1, 0, 1, 1, 3, 1, 3, 3, 1, 1, 3, 3, 1, 1, 1, 3, 3, 3, 3, 3, 1, 3, 3, 1, 3, 1, 1, 3, 3, 1, 1, 1, 1, 3, 3, 3, 3, 0, 3, 0, 3, 0, 3, 3, 3, 1, 0, 3, 1, 1, 1, 1, 1, 1, 3], "confidence_scores": [[0.05675988224052398, 0.7799808446106229, 0.02454864217887195, 0.1387106309699812], [0.044091386503181285, 0.24699937679218656, 0.06917921117710064, 0.6397300255275312], [0.1352044019571181, 0.2298508462343112, 0.019289400964065194, 0.6156553508445053], [0.4059598620853671, 0.16860813625561372, 0.293779135408155, 0.13165286625086395], [0.4375495830276782, 0.1172483471060147, 0.04299974080119662, 0.40220232906511044], [0.05778311559889616, 0.2825296230917916, 0.3334887751235334, 0.32619848618577896], [0.3511289159213951, 0.07250430945512892, 0.009723247497815814, 0.5666435271256605], [0.020959656375572133, 0.2833607928649528, 0.5742759606724386, 0.12140359008703634], [0.24634541559024828, 0.5589530190332799, 0.042073405538170856, 0.1526281598383012], [0.020476669077945674, 0.5958761317551738, 0.13812649370839175, 0.2455207054584883], [0.15905481658955062, 0.5584623288237446, 0.09857200607867919, 0.1839108485080255], [0.13033173923246513, 0.3501449124351914, 0.052252055713446224, 0.46727129261889716], [0.14271110626785435, 0.6049073415570732, 0.043111440678815845, 0.20927011149625638], [0.14929488608140296, 0.27025857372905454, 0.029031242875405493, 0.5514152973141371], [0.15154047050635222, 0.32997339130483716, 0.11191278197307024, 0.4065733562157404], [0.4507565691171153, 0.177325846445045, 0.11068806427252094, 0.26122952016531886], [0.4462737651565398, 0.34113267597547015, 0.009702402286484113, 0.20289115658150603], [0.17092186488999042, 0.6063977712084581, 0.08749662175546835, 0.13518374214608353], [0.3584191549246488, 0.07930612148322046, 0.22241813656995227, 0.33985658702217836], [0.10121662749974851, 0.30904018667224237, 0.04676153840021306, 0.5429816474277961], [0.39934285506693673, 0.01266606206396692, 0.004781441734770832, 0.5832096411343255], [0.147606331610219, 0.5901415803694482, 0.09485941218379422, 0.1673926758365388], [0.2839754736093374, 0.16702032660527139, 0.02927618856074079, 0.51972801122465], [0.3219266961164078, 0.13074055915361774, 0.036895783505235355, 0.5104369612247392], [0.0608848771626281, 0.7188499266915751, 0.038217567508147296, 0.1820476286376494], [0.18840021863441753, 0.44767790161197557, 0.034313442180059356, 0.3296084375735477], [0.04760909259173766, 0.18604289379138444, 0.03908822704653088, 0.7272597865703471], [0.8052497502866556, 0.08023971454300441, 0.014024202433045694, 0.10048633273729449], [0.3383986356466757, 0.23856408007424232, 0.07047861427886841, 0.3525586700002136], [0.08993775276790889, 0.3425533057502543, 0.19391586374009687, 0.3735930777417398], [0.10831495231743346, 0.16937005376769076, 0.34755280167552705, 0.3747621922393487], [0.10405503918372336, 0.3970321248030241, 0.1741197231987091, 0.3247931128145434], [0.22754321836140926, 0.060189123795927224, 0.055090849811106304, 0.6571768080315574], [0.4973366459730495, 0.14860842301267488, 0.13717047687032177, 0.21688445414395388], [0.11058885544674686, 0.12407514620336357, 0.12471703891180262, 0.6406189594380869], [0.11939518938302987, 0.29178566177406784, 0.011155531929725552, 0.5776636169131765], [0.29167650401088463, 0.17379749692332305, 0.2219459590743034, 0.3125800399914889], [0.5092788293559104, 0.23917962271571117, 0.05869114972138278, 0.19285039820699568], [0.304869777783568, 0.21973252317176015, 0.08970969480107181, 0.3856880042436001], [0.061823628411583315, 0.10425611896842127, 0.09360873838821594, 0.7403115142317795], [0.1576736812683491, 0.19477932384301944, 0.1263328453459314, 0.5212141495426998], [0.6963478712229962, 0.2316263206792931, 0.0006773194787762574, 0.07134848861893442], [0.12561586941984243, 0.13495655834559764, 0.016406898806943487, 0.7230206734276164], [0.10184237706528645, 0.6142106589181128, 0.14057680748918977, 0.14337015652741122], [0.26353612135213267, 0.125087935133228, 0.048116422594414655, 0.5632595209202247], [0.12512350772524, 0.1046264929545793, 0.12153210239770884, 0.648717896922472], [0.09102933597452237, 0.6317497089418611, 0.09443314333500492, 0.18278781174861142], [0.8975526696513761, 0.028506144628523914, 0.026937136581310184, 0.047004049138789555], [0.16803147947491193, 0.2726132805557165, 0.2683884156764141, 0.29096682429295717], [0.8850041399043755, 0.011101817128167215, 0.03627174542297386, 0.06762229754448339], [0.26973530673151075, 0.41117644678023263, 0.11830848303460713, 0.20077976345364942], [0.20637895035790135, 0.07498629060110418, 0.002803381039196961, 0.7158313780017973], [0.694622823290915, 0.02648888870067093, 0.02371342613308734, 0.2551748618753268], [0.11258993260077972, 0.1435338244589855, 0.09964767482002182, 0.6442285681202128], [0.06817850762008856, 0.15920957011605266, 0.4887614179880854, 0.2838505042757733], [0.25844280484400806, 0.1569339021632489, 0.02176178371185891, 0.562861509280884], [0.14327946945782, 0.08887264253277116, 0.48226710798736416, 0.2855807800220446], [0.09111192896154041, 0.5972442685321094, 0.03260389654182765, 0.2790399059645226], [0.16713080937056904, 0.05649098115550364, 0.017616851691989035, 0.7587613577819384], [0.5212402897483527, 0.05079336097153472, 0.03956529057744863, 0.38840105870266417], [0.19672947213857397, 0.36582352326596035, 0.01939624949268956, 0.4180507551027757], [0.04890922739093562, 0.3644141309015263, 0.42804893348277373, 0.1586277082247641], [0.7148113099030845, 0.20535529439901173, 0.028398563717187287, 0.05143483198071612], [0.04567154648104561, 0.4346704092943824, 0.3058565705769273, 0.21380147364764474], [0.6808530349446293, 0.08242254850535308, 0.05641015471179978, 0.180314261838218], [0.2693641545569543, 0.043800638434411746, 0.061193795840276066, 0.625641411168358], [0.7590629965501273, 0.06254098138584568, 0.004985006894669788, 0.173411015169357], [0.18781061587321118, 0.2883281908614595, 0.3642916820915005, 0.15956951117382884], [0.25852271923590237, 0.23594635527431226, 0.256410351800407, 0.24912057368937868], [0.08752606794450006, 0.32845608758142747, 0.2674916621779895, 0.31652618229608276], [0.12091852587828766, 0.20210526703724033, 0.08588254637783592, 0.5910936607066358], [0.09592238995690343, 0.3189637771015973, 0.2505359145341942, 0.3345779184073052], [0.07996451656505527, 0.40046386761566993, 0.02544675955366977, 0.49412485626560515], [0.30864885065012526, 0.13027278596813754, 0.03345078782593209, 0.5276275755558052], [0.4856280487104427, 0.2600517981545652, 0.03465091301320188, 0.21966924012179037], [0.06114738652772006, 0.2600320514562455, 0.37889021542816803, 0.2999303465878664], [0.06541726978538058, 0.4397345664668802, 0.10127516756383995, 0.3935729961838993], [0.09582728643990505, 0.26489494164414507, 0.09342727412224547, 0.5458504977937043], [0.6879502969541071, 0.08398280212307163, 0.00944148438891, 0.21862541653391113], [0.23280372667927096, 0.7018716551188755, 0.013995321913966331, 0.05132929628788704], [0.09974966240598639, 0.22528207025100427, 0.22559282797411925, 0.44937543936889], [0.041910644086496876, 0.16790683464209655, 0.13884895206234793, 0.6513335692090588], [0.0779852912962463, 0.6820402417177222, 0.027055601206375707, 0.21291886577965582], [0.16962066838483034, 0.4944844263144074, 0.07762202651560149, 0.25827287878516086], [0.7624707688328491, 0.013218712128506793, 0.032409616114296214, 0.1919009029243478], [0.02968705533191968, 0.4573140471262793, 0.159887814399372, 0.3531110831424289], [0.05420688051266374, 0.2131211744390268, 0.1250045814695254, 0.6076673635787844], [0.10924236415249576, 0.38086677121999785, 0.05466031951711692, 0.4552305451103891], [0.56534130278224, 0.30276674512252433, 0.02496138370565641, 0.10693056838957891], [0.19219119170634816, 0.5485652381768842, 0.10955000226119029, 0.14969356785557733], [0.0626147876112516, 0.5349266664487335, 0.0285574153178518, 0.373901130622163], [0.24476113276029454, 0.04645250493802683, 0.04493117561852112, 0.6638551866831572], [0.1363101219993998, 0.28976847993217436, 0.3948822850310114, 0.17903911303741485], [0.13948514594577663, 0.1331406795013142, 0.08623176380622383, 0.641142410746685], [0.06206219075651728, 0.10164445059039727, 0.32273317401378604, 0.5135601846392996], [0.11253743749804511, 0.29391417899094135, 0.4334788022987476, 0.1600695812122661], [0.04648304087794513, 0.6214827466380487, 0.13941019893427936, 0.192624013549727], [0.027479045368412013, 0.1881087902879724, 0.37022128667466986, 0.4141908776689455], [0.09758391733451878, 0.06684384225040303, 0.05896281909644215, 0.7766094213186363], [0.02629411498784338, 0.3626905924646612, 0.2809101647188798, 0.33010512782861584], [0.11350710672276003, 0.3948544684288106, 0.2100404022763949, 0.2815980225720346], [0.4793590830056994, 0.4001627847795587, 0.034338627400265206, 0.08613950481447642], [0.3208003435090311, 0.21484270344946604, 0.03671949798522839, 0.4276374550562742], [0.27040715457335174, 0.22439964453905722, 0.014501395791186157, 0.4906918050964048], [0.4490871179767837, 0.17833123306181664, 0.009702015430637801, 0.3628796335307619], [0.12592146617199093, 0.09221085464517496, 0.018456365933116864, 0.7634113132497172], [0.056677997914811866, 0.038271965275685146, 0.00870787706880228, 0.8963421597407005], [0.153476482205353, 0.4238561138549086, 0.003906032309592112, 0.41876137163014643], [0.1346390813511185, 0.15869444222630058, 0.2273380769902651, 0.4793283994323159], [0.017349038760980633, 0.19417054214870835, 0.29966610608817507, 0.4888143130021362], [0.3717857454728132, 0.3672411365317225, 0.004952931921282459, 0.2560201860741818], [0.36019162301483126, 0.2661118135994235, 0.016424422880597884, 0.3572721405051472], [0.30796917838326526, 0.31917916908308547, 0.19988525141554356, 0.17296640111810543], [0.1674257206663328, 0.32128588158852134, 0.21494863902564001, 0.29633975871950596], [0.41389541991071355, 0.20593865305619388, 0.04691235483768262, 0.3332535721954104], [0.16671469615692955, 0.30909296673684067, 0.10483969643026372, 0.41935264067596617], [0.09210216108497596, 0.44402505247865326, 0.12874772048009106, 0.33512506595627933], [0.3799283828315921, 0.3679020225273038, 0.14702128862430897, 0.10514830601679523], [0.12471194882551245, 0.6849805336339247, 0.028804291127280432, 0.16150322641328216], [0.24505926265262262, 0.6557504591365357, 0.019702980449846606, 0.07948729776099493], [0.45609709391312897, 0.08103904866216954, 0.021843267136823125, 0.4410205902878783], [0.4455146789003212, 0.21937284075459468, 0.012959915627988152, 0.3221525647170961], [0.39492457530399333, 0.05656321881449813, 0.1309171584447059, 0.4175950474368026], [0.12783652210931756, 0.23438225615210334, 0.21634762176075126, 0.421433599977828], [0.5853661858155252, 0.14521792831353006, 0.061091998476056016, 0.20832388739488866], [0.037744954049934845, 0.13864098479193188, 0.07220684271231975, 0.7514072184458138], [0.4856336818668987, 0.2095971565092365, 0.1571339443373695, 0.14763521728649512], [0.18131287920983796, 0.09107252211920246, 0.06730492346943535, 0.6603096752015241], [0.6306398057760678, 0.05017191060073973, 0.017073179132305504, 0.3021151044908868], [0.07951023798825768, 0.3182919011340611, 0.2439500852563778, 0.3582477756213037], [0.3310203703073196, 0.17983547710934264, 0.04264416600799724, 0.4464999865753406], [0.029973782518797183, 0.16403265201628714, 0.2784456514832385, 0.5275479139816772], [0.1689281865913126, 0.610660495159216, 0.0738540235747134, 0.1465572946747581], [0.6991132082509863, 0.09324379227500905, 0.002258799480562665, 0.20538419999344215], [0.20960927728228468, 0.08715688294719764, 0.020025189841405916, 0.6832086499291118], [0.10930895622294355, 0.4762814040722331, 0.14195092334652828, 0.2724587163582951], [0.1970104975874375, 0.26484527118786966, 0.32251619992254954, 0.21562803130214336], [0.1951291042275524, 0.46978736603457266, 0.0396884927678892, 0.2953950369699858], [0.117746789101981, 0.7282830761529527, 0.07142677883489112, 0.08254335591017527], [0.17772087979873977, 0.48061799407456524, 0.11754320989399308, 0.22411791623270164], [0.033635921912419015, 0.6227827879314788, 0.22851121624464704, 0.11507007391145545], [0.09211821078172054, 0.1491678563175212, 0.07664347806096976, 0.6820704548397886]]}, "rewritten": {"ids": ["97106591", "97108520", "97109080", "97110950", "97112300", "97116401", "97116410", "97116800", "97118210", "98107410", "98109311", "98109570", "98111620", "98116500", "98120530", "99108890", "99109840", "99110050", "99112531", "99112641", "99113260", "99117740", "99120010", "100108080", "100108490", "100108520", "100111270", "100113210", "101108580", "101109000", "101109120", "101110150", "101110200", "101111990", "101114990", "101117580", "102109010", "102110890", "102113350", "102116340", "103110760", "103112470", "103117461", "103120340", "103120730", "104109311", "104110960", "104111880", "104112470", "104113000", "105112130", "105112260", "105113330", "105115250", "105115720", "105117200", "105117351", "105120280", "106113260", "106113360", "106114011", "106114150", "106115240", "106116120", "106116640", "107113130", "107113260", "107114140", "107114321", "107114490", "107115140", "107116501", "107116980", "107117010", "107120880", "107121230", "108113760", "108114040", "108115250", "108115870", "108116120", "108116501", "108117360", "108120260", "108120621", "108121351", "109113931", "109114270", "109114720", "109115070", "109115220", "109116170", "109117150", "109119010", "109120540", "109121410", "110114720", "110114950", "110115250", "110115580", "110116290", "110116300", "110118701", "110118930", "110119300", "110120700", "110121500", "111114121", "111114321", "111115780", "111117200", "111117480", "111118820", "111119430", "111119580", "112116640", "112116810", "112117210", "112117471", "112118161", "112118930", "112119950", "112119980", "112120270", "112121351", "113117401", "113117630", "113118490", "113118820", "113119340", "113119360", "113119480", "113119700", "113120280", "113120531", "113120591", "113121010", "113122120", "113122180", "113122190", "113122220", "113122430"], "labels": [1, 2, 2, 3, 2, 3, 3, 0, 2, 3, 1, 1, 3, 2, 1, 0, 2, 3, 3, 1, 0, 2, 2, 0, 2, 2, 2, 0, 0, 1, 1, 1, 2, 2, 3, 3, 1, 0, 3, 3, 1, 1, 0, 1, 1, 3, 2, 3, 1, 1, 1, 3, 3, 2, 1, 3, 0, 3, 3, 0, 1, 1, 1, 1, 3, 1, 0, 2, 0, 3, 0, 1, 3, 1, 1, 0, 1, 0, 1, 3, 1, 0, 1, 1, 1, 3, 1, 3, 0, 0, 3, 0, 2, 3, 1, 0, 3, 0, 1, 1, 2, 3, 3, 1, 1, 2, 3, 0, 1, 1, 0, 1, 0, 3, 3, 0, 3, 1, 3, 0, 1, 0, 0, 0, 0, 3, 0, 1, 0, 0, 0, 3, 0, 0, 0, 0, 2, 1, 2, 1, 1, 2], "predicted_labels": [1, 0, 3, 3, 3, 1, 3, 0, 0, 0, 0, 3, 1, 3, 3, 1, 1, 3, 3, 1, 3, 1, 1, 1, 1, 3, 1, 3, 0, 3, 0, 1, 3, 3, 1, 3, 1, 3, 1, 1, 1, 3, 3, 1, 3, 3, 3, 1, 1, 3, 1, 3, 3, 3, 1, 3, 3, 1, 1, 3, 1, 3, 1, 0, 3, 3, 1, 3, 0, 1, 3, 1, 0, 1, 3, 3, 3, 2, 3, 3, 0, 1, 0, 1, 0, 3, 1, 0, 1, 1, 3, 3, 1, 3, 1, 1, 1, 3, 3, 1, 0, 3, 3, 1, 1, 3, 1, 0, 1, 1, 0, 3, 3, 3, 0, 1, 1, 1, 1, 1, 1, 0, 1, 3, 1, 1, 3, 3, 0, 0, 3, 3, 3, 3, 1, 3, 1, 1, 3, 3, 1, 1], "confidence_scores": [[0.22595531715579703, 0.3191930715532713, 0.21105289056816964, 0.24379872072276143], [0.4558817827962596, 0.2680525548432037, 0.07022808573151852, 0.205837576629018], [0.06948877555802338, 0.2721045106809319, 0.28465509657905985, 0.3737516171819847], [0.4906925901007516, 0.02235201832982944, 0.03633320673830511, 0.4506221848311138], [0.2709618267149367, 0.0538772888679144, 0.124734697754286, 0.5504261866628631], [0.21595138778036874, 0.48688759048649777, 0.20820916590337205, 0.08895185582976127], [0.3403572098641624, 0.12165328914045748, 0.25311236169370355, 0.2848771393016767], [0.7054766792029632, 0.13973814007675336, 0.03508773720112325, 0.11969744351916019], [0.4121516215796222, 0.144835348878424, 0.3108168504316568, 0.13219617911029674], [0.6426340409365469, 0.16304065704179463, 0.1428729526592681, 0.051452349362390216], [0.5517459612157106, 0.11774960997288723, 0.09568812879444558, 0.23481630001695641], [0.44804072784790905, 0.06505174330804406, 0.024416296104192197, 0.4624912327398546], [0.04971399169596412, 0.37512851868078606, 0.39768977768757735, 0.17746771193567196], [0.15710359234133445, 0.09078305885334281, 0.06584628692205027, 0.6862670618832726], [0.09843242132848666, 0.08049570431726152, 0.06256312128806726, 0.7585087530661846], [0.04986617106533586, 0.6965248137507964, 0.20970416741638756, 0.04390484776748018], [0.04845092081138672, 0.39863088434374777, 0.4122956755836092, 0.14062251926125616], [0.3718510782014862, 0.20014330892529855, 0.12168938016324253, 0.30631623270997277], [0.11182361286826223, 0.1000821572288989, 0.13929967795158543, 0.6487945519512537], [0.3738098597320404, 0.2796638976559256, 0.1705177010775156, 0.17600854153451828], [0.0763943061756221, 0.17050911744278094, 0.314085968280611, 0.43901060810098574], [0.47367857623612275, 0.46369489498927047, 0.01634628251588992, 0.04628024625871659], [0.2531630306501899, 0.3560842477232242, 0.19250962664329468, 0.1982430949832912], [0.11684431827206931, 0.3918842130556563, 0.2636734542404381, 0.2275980144318362], [0.16058570383528253, 0.3942577101001172, 0.2546221206921447, 0.19053446537245558], [0.1958179975287362, 0.11987172779224232, 0.1950890625731762, 0.4892212121058453], [0.12962396744903382, 0.35830501195529074, 0.19185540158546385, 0.32021561901021145], [0.09425095503074263, 0.093361934722732, 0.13821296724383147, 0.6741741430026937], [0.7232760905937775, 0.021057685920295895, 0.051659992417007125, 0.20400623106891907], [0.15848492384628926, 0.2662966209600429, 0.027280754933041967, 0.5479377002606255], [0.5539214180961346, 0.18455917784579257, 0.017522735159810402, 0.24399666889826238], [0.2971177539938913, 0.5728205791688782, 0.024313221489314685, 0.10574844534791579], [0.164174215214463, 0.1267719634439116, 0.032324141130568015, 0.6767296802110573], [0.20251831077716725, 0.16030892537433744, 0.3322273182932971, 0.30494544555519787], [0.09757442123875791, 0.7327028041069682, 0.09650302621655794, 0.07321974843771598], [0.17029129417208505, 0.21562900667118695, 0.043962147911441055, 0.570117551245287], [0.18277858009654893, 0.33514187372533527, 0.31102184185918597, 0.17105770431892964], [0.3360604381378024, 0.16510872818382852, 0.03714633950632888, 0.46168449417204027], [0.17576200381146023, 0.3419091021576737, 0.18486522621046617, 0.29746366782039996], [0.16906851774398293, 0.2756912239806989, 0.2724727350457625, 0.2827675232295557], [0.19180533079690196, 0.3144185722544082, 0.07974058157223582, 0.414035515376454], [0.10395801508897631, 0.21011699949623291, 0.34718346292490293, 0.33874152248988765], [0.22480491920258205, 0.22726952553746727, 0.06309410483539388, 0.48483145042455666], [0.26369328500193573, 0.2791171430646863, 0.16871864205217232, 0.28847092988120543], [0.10306298052745844, 0.2820901162900321, 0.1788835938270754, 0.435963309355434], [0.3819664829484018, 0.10415122025052302, 0.03352100290028794, 0.48036129390078725], [0.03892704269945554, 0.17195689481377277, 0.5029434797129378, 0.28617258277383395], [0.034376931781572265, 0.4388660514201706, 0.1745201603618145, 0.35223685643644265], [0.3723081779266362, 0.2937604486737402, 0.13708966140921022, 0.1968417119904137], [0.1521808599780112, 0.07998039622022973, 0.07938404187425681, 0.6884547019275019], [0.06415736624139316, 0.403458787823589, 0.37849955093272336, 0.1538842950022946], [0.058970957417810006, 0.27857489373738226, 0.07792753829896769, 0.5845266105458398], [0.23183572835585228, 0.16169080502218341, 0.018008535590487266, 0.5884649310314766], [0.17381981594748114, 0.23894719252033622, 0.11268521162090082, 0.47454777991128194], [0.13461020296590956, 0.36836673614316295, 0.1305398274071079, 0.3664832334838198], [0.2224797159222076, 0.25098235717332, 0.036385720335898444, 0.4901522065685738], [0.17447122374309512, 0.2487161622530257, 0.04455027688749796, 0.5322623371163814], [0.3954584448036539, 0.4745794729480571, 0.04388684600010267, 0.08607523624818653], [0.23800212258646014, 0.517606589551656, 0.11418758022698773, 0.1302037076348962], [0.2678364189824924, 0.25427753588356916, 0.13720037201831067, 0.340685673115628], [0.2530099336048467, 0.523825680743788, 0.07627942511263415, 0.1468849605387311], [0.3356870397278447, 0.12925536702898827, 0.1313026957571353, 0.4037548974860317], [0.2867449381959809, 0.318713402398372, 0.1741732088066865, 0.22036845059896074], [0.48868085285439306, 0.1868210826251026, 0.19737936819544427, 0.1271186963250602], [0.14153509135476958, 0.16554471663577464, 0.12074632379968797, 0.572173868209768], [0.0783356918418468, 0.1933886552912179, 0.4272414157995118, 0.3010342370674232], [0.10774192814902742, 0.5752847933513215, 0.053147450904988576, 0.2638258275946621], [0.051321227707986077, 0.3147505045945346, 0.28627886565437827, 0.3476494020431013], [0.5550366986410377, 0.18120030071220797, 0.001334955971504082, 0.2624280446752503], [0.10639762793386663, 0.4292576131746796, 0.0626744324085441, 0.40167032648290973], [0.1858620351399807, 0.018695988868260478, 0.040691949260122935, 0.7547500267316357], [0.21717932487873423, 0.4523386245965551, 0.04506924262465776, 0.28541280790005286], [0.8046146752255445, 0.18526642224473905, 0.000766206687837082, 0.00935269584187928], [0.15097159391374568, 0.47511148762428296, 0.1137038224347071, 0.26021309602726417], [0.03889994786529058, 0.2242915821651223, 0.30974687173044657, 0.4270615982391407], [0.18504259550641786, 0.14194553859463915, 0.06152964489677871, 0.6114822210021642], [0.10775155613087269, 0.16593974436646572, 0.3800917219084571, 0.34621697759420406], [0.10985189045814046, 0.1588983168412512, 0.6204121991314056, 0.11083759356920309], [0.11874140628334891, 0.0852797620487506, 0.06605023358261171, 0.7299285980852889], [0.2613136491203291, 0.07475192814553527, 0.06380576409157351, 0.6001286586425618], [0.9209734629711264, 0.01878998195220451, 0.028133712271502857, 0.03210284280516608], [0.14988655214254717, 0.5471103807154789, 0.029462631696283156, 0.2735404354456908], [0.5981196964166844, 0.14988383273524733, 0.12750754342892742, 0.12448892741914086], [0.38315205557017307, 0.27710392449328314, 0.010227012455734333, 0.3295170074808094], [0.5479212549997236, 0.09909389231453357, 0.05888096507650668, 0.29410388760923606], [0.3270010702100529, 0.23539559770043994, 0.016911534143025958, 0.4206917979464808], [0.05763571954291828, 0.37124746735289976, 0.2952115108650717, 0.2759053022391103], [0.5357604627891847, 0.13036577551124715, 0.003894672773998659, 0.3299790889255696], [0.02840507075929684, 0.30423084817337936, 0.5208940599755797, 0.14647002109174426], [0.25217258186731983, 0.6488118502436366, 0.032391713646697455, 0.0666238542423464], [0.07941241098333104, 0.20676185091475155, 0.12332151204750305, 0.5905042260544145], [0.35916253950230365, 0.0897523259005707, 0.016822614832463306, 0.5342625197646624], [0.1340658226054931, 0.635487493710388, 0.049969866807579026, 0.18047681687653955], [0.035289872742151264, 0.12088974445854012, 0.35990296200341, 0.4839174207958988], [0.0785300896065281, 0.5586753270545546, 0.04314436414794806, 0.31965021919096903], [0.2667077915512386, 0.34608045029297757, 0.05817916653672783, 0.32903259161905596], [0.043077289640116076, 0.31906399162867677, 0.5590204097662168, 0.07883830896499026], [0.05855067691555805, 0.09045268675318911, 0.025533874158699753, 0.8254627621725529], [0.1489798933844802, 0.14925736968785416, 0.11575982245629601, 0.5860029144713697], [0.0408342254038734, 0.4316219941870498, 0.2052468085405309, 0.3222969718685459], [0.41117263195709164, 0.2554504227337702, 0.06357501117202896, 0.2698019341371093], [0.15455771362320414, 0.20155230779618163, 0.03619948628003442, 0.6076904923005799], [0.08628509764108036, 0.2873490104579559, 0.008876005426096482, 0.6174898864748672], [0.028081711651799627, 0.5262664533431008, 0.13072876539874304, 0.31492306960635674], [0.1371749355968285, 0.41907289912938334, 0.04106712290595378, 0.4026850423678344], [0.29045588570580216, 0.10568087607799787, 0.02809791641873238, 0.5757653217974673], [0.16768507388545215, 0.459810235585575, 0.13470868166254904, 0.23779600886642355], [0.5021644794123014, 0.2008701213540627, 0.009892088965470574, 0.28707331026816535], [0.1545108623921389, 0.4132736992288287, 0.0696098231615231, 0.3626056152175092], [0.22859876056247883, 0.3982663144431176, 0.15378083818654004, 0.21935408680786353], [0.6899061235793718, 0.13127698954675965, 0.010644777011727091, 0.16817210986214154], [0.059481723095069584, 0.15321383522321902, 0.08036118297813181, 0.7069432587035794], [0.32899054845747583, 0.19916245041296537, 0.0320583802428694, 0.43978862088668963], [0.05001157471152716, 0.20736770677481747, 0.05276270173386124, 0.6898580167797942], [0.8115720749709653, 0.026452040411771145, 0.0016355282248294235, 0.16034035639243419], [0.09481154447378226, 0.3912522322029202, 0.1804904051071829, 0.33344581821611474], [0.3095820729302873, 0.23250774747856973, 0.3246960870778813, 0.13321409251326172], [0.05347920994703124, 0.6471687638639763, 0.12058516049848103, 0.17876686569051187], [0.2018789935628227, 0.5508890161342499, 0.024798735755261852, 0.22243325454766563], [0.19704476942956772, 0.45368589941001536, 0.08723573952600044, 0.2620335916344164], [0.30739432582410925, 0.3783756752936146, 0.018803819684143096, 0.2954261791981331], [0.7130381553981372, 0.036289071176949655, 0.04742446650710922, 0.2032483069178038], [0.19032336796294833, 0.5861937514954897, 0.036161290273724424, 0.18732159026783723], [0.1691427187849357, 0.29854777062688687, 0.06457095192310255, 0.46773855866507474], [0.1396031065864861, 0.5794792196749854, 0.09528824378507049, 0.18562942995345813], [0.08081488404600405, 0.5009199272995514, 0.012727541604243116, 0.4055376470502012], [0.3365138045253081, 0.1851150129632897, 0.17712190593444527, 0.30124927657695705], [0.0637739430176885, 0.038153405652655646, 0.008018987228757985, 0.8900536641008984], [0.5624044003406178, 0.2566657677745958, 0.01973455668826283, 0.1611952751965234], [0.526227057105384, 0.1092703497188613, 0.01227468312868195, 0.35222791004707293], [0.07202964972218538, 0.15271563386530632, 0.06953366143473169, 0.7057210549777764], [0.2952153343842612, 0.11158382785495481, 0.019027096153251783, 0.574173741607532], [0.13978709498873731, 0.274780653950927, 0.05932281164161251, 0.5261094394187229], [0.5242658489748088, 0.011874105095417371, 0.00692448512735223, 0.45693556080242154], [0.2810139845999212, 0.45209353899375493, 0.013757223873125803, 0.25313525253319835], [0.18861216916240878, 0.12890918068010895, 0.15201946154426313, 0.530459188613219], [0.06068907413182437, 0.7559172151588871, 0.10106119986312596, 0.08233251084616285], [0.19463531733187805, 0.3707302711259234, 0.07432838484610393, 0.36030602669609474], [0.049095957538770496, 0.18243600017638037, 0.11783392760899286, 0.6506341146758564], [0.08353543821448361, 0.2558021681911906, 0.1383545915257366, 0.5223078020685895], [0.28353864720480376, 0.4394937234173799, 0.07008476679203207, 0.206882862585784], [0.06178217069871794, 0.7308835548473316, 0.02960063018881244, 0.1777336442651377]]}}