{"test": {"ids": ["109114030", "105110251", "110115120", "101108580", "107114950", "113120531", "108119330", "99112531", "98106680", "113118620", "113121680", "107118490", "99112300", "110114720", "100111620", "110114651", "103111170", "111118301", "104111380", "111120260", "112121430", "108114200", "102118380", "101110150", "110115250", "108118630", "109113281", "103111620", "98116090", "113117630", "100113370", "112118820", "108113620", "113121750", "110119300", "109117110", "105116860", "109118701", "99109840", "108114360", "104114320", "113122120", "112120640", "100108260", "112116900", "102121700", "104110960", "109119450", "98119591", "108118301", "99111440", "113119950", "101109000", "97107681", "109118231", "107120130", "103117461", "111119950", "97106820", "111118810", "103110050", "104111620", "110113931", "103111930", "99108000", "100116790", "111115910", "107113170", "107113200", "101108500", "106113260", "104111531", "109121351", "107112850", "112116401", "103109021", "97112830", "105112130", "104116800", "97105580", "106113830", "99111340", "105117200", "99108710", "112120670", "97112300", "107114490", "105115680", "105110091", "110114950", "98109230", "103113640", "101112201", "101108950", "102108621", "107121700", "100107920", "109114720", "101109120", "108120060", "106114280", "101119591", "106120640", "100109311", "107121640", "112119500", "110118740", "108113760", "112120990", "113118511", "113119930", "98110680", "112118620", "106113360", "113121810", "105120621", "102117351", "112118810", "112121010", "97112290", "113119120", "111117200", "100111080", "100111390", "101110200", "105112100", "110119030", "97107260", "100113210", "105119950", "109115220", "102110890", "97109570", "113122320", "110114920", "109117150", "105115570", "110121170", "109119591", "110118161", "100109890", "98108410"], "labels": [1, 0, 0, 0, 3, 0, 0, 3, 1, 3, 1, 2, 0, 3, 3, 3, 2, 3, 3, 3, 2, 0, 1, 1, 1, 1, 0, 0, 0, 0, 3, 0, 3, 0, 1, 1, 2, 3, 2, 1, 2, 1, 0, 3, 3, 1, 2, 3, 1, 1, 3, 0, 1, 3, 1, 2, 0, 0, 1, 0, 3, 0, 1, 3, 2, 2, 2, 0, 0, 3, 3, 0, 0, 1, 0, 0, 2, 1, 1, 1, 1, 1, 3, 2, 2, 2, 3, 2, 0, 0, 1, 1, 0, 2, 3, 3, 0, 0, 1, 1, 3, 0, 3, 1, 1, 2, 3, 1, 2, 1, 1, 2, 3, 0, 2, 1, 1, 3, 2, 1, 3, 0, 0, 2, 2, 1, 0, 2, 0, 3, 3, 0, 0, 1, 3, 2, 0, 2, 0, 0, 3, 1], "predicted_labels": [0, 1, 1, 0, 0, 3, 3, 0, 2, 0, 3, 0, 3, 2, 2, 0, 1, 0, 1, 0, 1, 1, 2, 0, 3, 1, 3, 2, 3, 0, 3, 1, 0, 3, 1, 3, 1, 2, 2, 1, 0, 1, 0, 1, 3, 1, 1, 3, 0, 3, 0, 3, 0, 0, 1, 0, 1, 0, 3, 0, 0, 3, 1, 2, 1, 1, 1, 0, 3, 2, 1, 1, 0, 1, 3, 3, 2, 1, 3, 1, 3, 2, 1, 1, 1, 2, 3, 1, 3, 1, 1, 0, 0, 1, 3, 1, 3, 1, 3, 0, 1, 3, 1, 3, 1, 1, 0, 2, 1, 1, 1, 1, 1, 3, 3, 0, 0, 3, 3, 2, 3, 1, 3, 1, 3, 2, 3, 2, 1, 3, 0, 0, 0, 3, 1, 2, 2, 1, 0, 0, 2, 1], "confidence_scores": [[0.5926425572880663, 0.3961620641340098, 0.007905225312584054, 0.003290153265340013], [0.32743268396875486, 0.6094862667804879, 0.05858857966073228, 0.004492469590024972], [0.04962087536540813, 0.799008261211252, 0.007493678726510643, 0.1438771846968294], [0.8668535445569577, 0.00526035179157644, 0.023408980963623358, 0.10447712268784261], [0.38871835483655753, 0.2997566549094325, 0.25968553301018527, 0.0518394572438249], [0.34937823561515563, 0.012484167442777094, 0.15446494314018605, 0.48367265380188135], [0.05040041419024402, 0.15994395240297013, 0.005847456068005736, 0.78380817733878], [0.5464896705871293, 0.07763557098243629, 0.03791371103123731, 0.3379610473991971], [0.09018827251147139, 0.2513946025825012, 0.6573721871690844, 0.0010449377369430208], [0.4378847908848464, 0.4096345449570769, 0.004814224985411751, 0.14766643917266495], [0.07277001787192032, 0.23700238647578095, 0.29521950598604835, 0.3950080896662505], [0.460825534878391, 0.2028159777958089, 0.32782132652487767, 0.008537160800922466], [0.13271039715992483, 0.037912321122868055, 0.0169119423582426, 0.8124653393589645], [0.22350384984912194, 0.011709724034515015, 0.6584763028725018, 0.10631012324386133], [0.17372554078522628, 0.11178343318677811, 0.6982971567836911, 0.016193869244304417], [0.859891008143328, 0.03408333812310452, 0.004554045536265171, 0.10147160819730237], [0.02955643351710985, 0.7532140127281053, 0.06577323366205187, 0.15145632009273285], [0.7981651476247341, 0.08622719331026894, 0.009372656260587427, 0.10623500280440967], [0.015090075205063396, 0.8816042937166269, 0.06453547171067645, 0.038770159367633256], [0.9729050451151642, 0.013244848578904284, 0.009663793328081016, 0.0041863129778506175], [0.22274000040610692, 0.41725542489217327, 0.22891466776719138, 0.13108990693452832], [0.3974787237424303, 0.5547601127239676, 0.0257332778937987, 0.02202788563980329], [0.014014977254902193, 0.12886170619573442, 0.7463017561216915, 0.11082156042767188], [0.7819992485257538, 0.04259755190394171, 0.005571574102055368, 0.16983162546824904], [0.00554471985733445, 0.09268064243411042, 0.003762204126743839, 0.8980124335818114], [0.18278603732028265, 0.463095093650035, 0.2049346745924351, 0.1491841944372473], [0.340514000972651, 0.06849573959799561, 0.13770591933113893, 0.4532843400982144], [0.12438390462647073, 0.2906250247449972, 0.42449425862240003, 0.16049681200613206], [0.03434329362501041, 0.022942504151949143, 0.14575578622959443, 0.7969584159934461], [0.8126981569694745, 0.011502435500871894, 0.005498562874855534, 0.1703008446547982], [0.015661285738663863, 0.012610352869792663, 0.03668728789973876, 0.9350410734918047], [0.007045023674292467, 0.6159715134107877, 0.059477862423099014, 0.31750560049182097], [0.6780288080027455, 0.17707111749873725, 0.0013077200073708392, 0.14359235449114646], [0.08488997159675032, 0.4151498057213639, 0.004619981719850549, 0.49534024096203516], [0.24209013727960277, 0.7479663088501175, 0.007059383626540672, 0.0028841702437390378], [0.0020359775588719795, 0.00048114290012413636, 0.0001913938548437279, 0.9972914856861602], [0.021673249775386847, 0.9736749547683107, 0.0029905407675042475, 0.0016612546887983279], [0.38224521133650274, 0.10819133094704585, 0.5078516904372532, 0.0017117672791981378], [0.020985291169101198, 0.014778071008416438, 0.84937285311305, 0.11486378470943234], [0.28318492256734396, 0.47950961956382404, 0.2097428054952828, 0.027562652373549212], [0.8092251079371144, 0.0487995527841765, 0.045921641926856, 0.09605369735185311], [0.15931276249514517, 0.8329617218100861, 0.0012241712598400575, 0.006501344434928632], [0.9135146084414238, 0.040765536007602104, 0.017889374547209926, 0.02783048100376418], [0.12542081926127643, 0.8741412429550518, 0.0002063900312998956, 0.0002315477523720349], [0.38729389080733406, 0.007874228426602655, 0.028250442982696838, 0.5765814377833665], [0.04160994502938431, 0.6682051418936202, 0.03793180666668879, 0.2522531064103067], [0.00022027042108490463, 0.6963335721210415, 0.020392494625458328, 0.2830536628324152], [0.013674465863970501, 0.003321443997971208, 0.20749425463208707, 0.7755098355059711], [0.7076036057536007, 0.006251532768672384, 0.10128170690778833, 0.18486315456993865], [0.013725991544918156, 0.16951025795399696, 0.010272363357322872, 0.8064913871437621], [0.5991684597961109, 0.16528881097669318, 0.003392945037793715, 0.23214978418940221], [0.1683764225480676, 0.013646428240662194, 0.018492011147971006, 0.7994851380632992], [0.45317973629389, 0.09673101196161851, 0.04487574554361296, 0.40521350620087837], [0.8632180374715533, 0.12823241567397148, 0.0016454896702099257, 0.00690405718426516], [0.0013721564044304837, 0.9929411915542448, 0.004233805677570476, 0.0014528463637541549], [0.48069019266784335, 0.0919653778483519, 0.41628978380675197, 0.011054645677052706], [0.14870257113620888, 0.7881431993207709, 0.03387720251586786, 0.02927702702715227], [0.6488697919276067, 0.017251070036012086, 0.06173247420340728, 0.2721466638329738], [0.03935994292079337, 0.01592644399951242, 0.01582610339532288, 0.9288875096843714], [0.6351732983351754, 0.2494641788432344, 0.015321007399959351, 0.10004151542163085], [0.604433168273232, 0.22805439118510162, 0.11405728416950968, 0.05345515637215666], [0.024920291313613285, 0.00047498067656948545, 0.002945558348085527, 0.9716591696617316], [0.08239903132472887, 0.6374528972591709, 0.01709140788008402, 0.26305666353601626], [0.09333222079501267, 0.21987153767708167, 0.3755905163634295, 0.3112057251644761], [0.00446593207834374, 0.9856547645149211, 0.0038194968129867694, 0.006059806593748517], [0.01025458064341068, 0.7729253633375919, 0.1435186863042507, 0.07330136971474666], [0.006057624185489822, 0.9664795584759549, 0.006167823182932504, 0.02129499415562284], [0.422114570753223, 0.21089906679008902, 0.08793066735585121, 0.27905569510083666], [0.312307263708545, 0.10476580844698717, 0.002709305492524677, 0.5802176223519432], [0.040513675234225346, 0.07903635038871708, 0.7929171225079105, 0.08753285186914715], [0.18062955042475598, 0.736091562639171, 0.03540499575059838, 0.04787389118547472], [0.018627592784472135, 0.754105133623051, 0.08287481922762374, 0.14439245436485315], [0.6888227294047926, 0.06979107854472773, 0.004913632541178164, 0.2364725595093016], [4.2348559917354664e-05, 0.6420146077957051, 0.0017684270797276903, 0.3561746165646498], [0.05484041434565018, 0.04945741636496557, 0.005154943218118565, 0.8905472260712656], [0.009920813150892969, 0.012000959936694902, 0.021872867894388835, 0.9562053590180233], [0.1944710863178859, 0.07590462917879112, 0.6383938277536362, 0.0912304567496867], [0.001387114617321759, 0.40270111355914434, 0.39825715946491697, 0.1976546123586168], [0.0024744998474996167, 0.0004485972952130971, 5.011821486258411e-05, 0.9970267846424247], [0.31823284233001886, 0.5614094130362998, 0.03194417155652433, 0.08841357307715705], [0.37474280454998854, 0.07038602447534992, 0.006977870493686954, 0.5478933004809746], [0.03933418004907273, 0.3332208515975301, 0.552175495582617, 0.07526947277078021], [0.11471617982816724, 0.5319705025449554, 0.11504931016375888, 0.23826400746311852], [0.06730513405152805, 0.9011872207679134, 0.022373020011000135, 0.009134625169558286], [0.05828670207406954, 0.5684765504798733, 0.08193447681917683, 0.29130227062688024], [0.12154344733568578, 0.001193817901672428, 0.8558862568352719, 0.021376477927369773], [0.29517477890537336, 0.3158411575303413, 0.06368890010102585, 0.3252951634632595], [0.01344535036741942, 0.7826046584384716, 0.1481194925499528, 0.055830498644156186], [0.29959991406208974, 0.22995461141891, 0.12497612511694425, 0.34546934940205604], [0.004661204643622393, 0.7869884766508917, 0.014208840080466705, 0.19414147862501935], [0.016260463528945383, 0.6418782592218221, 0.21841302107627597, 0.12344825617295654], [0.8674173944239315, 0.00020220427450940156, 0.0011175258860071074, 0.13126287541555182], [0.7468909503098419, 0.12890654243680882, 0.026425033441931877, 0.09777747381141728], [0.005748664276753133, 0.9859566963547526, 0.003607217396804938, 0.004687421971689409], [0.013854040197884504, 0.11385470140000159, 0.0043650951609321715, 0.8679261632411818], [0.01208355700862564, 0.8191064515338854, 0.021915459918901013, 0.146894531538588], [0.025116936696976573, 0.0018609866913203664, 0.0005727623856723376, 0.9724493142260308], [0.066245717563687, 0.7241862204830836, 0.003051153461240997, 0.20651690849198834], [0.31931622101954454, 0.011730535801104723, 0.025763831140937103, 0.6431894120384135], [0.6407097933583462, 0.020334742750516194, 0.08469926189621999, 0.25425620199491755], [0.022209570654425883, 0.9445666853787431, 0.02055006553463589, 0.01267367843219509], [0.37470509812936464, 0.03620378433403425, 0.02585963022162354, 0.5632314873149775], [0.025198661416058903, 0.9668902323674782, 0.004487120440564181, 0.0034239857758987203], [0.3552152246992193, 0.005701171115876122, 0.034533993327541396, 0.6045496108573633], [0.03240290104315254, 0.9515505723153124, 0.013151236383399684, 0.0028952902581354575], [0.024526481700482328, 0.8998861615383024, 0.06737434186685667, 0.008213014894358679], [0.9209332083930584, 0.01967288378484287, 0.0035300815357784516, 0.055863826286320445], [0.13647113918452008, 0.0459312187204284, 0.4446560499997444, 0.37294159209530703], [0.4251855013001331, 0.4420276999059259, 0.12264155553245797, 0.01014524326148315], [0.020270887724038865, 0.7669226291605976, 0.012262398032270088, 0.20054408508309335], [0.4002644379298231, 0.5872788571833898, 0.0016535932361391077, 0.010803111650648052], [0.38717472866108404, 0.5194616622217499, 0.08962476755461751, 0.0037388415625484385], [0.054565023275128764, 0.8152315639038977, 0.01618292220885897, 0.11402049061211462], [0.08177859366889006, 0.35869182995698484, 0.0016879026260751483, 0.55784167374805], [0.38108399390088504, 0.1493740066443081, 0.08782903934557462, 0.38171296010923217], [0.5235144604865946, 0.07600312842407823, 4.4585708636727945e-05, 0.40043782538069045], [0.9796409347183647, 0.0033962048731223807, 0.00497176304754931, 0.011991097360963406], [0.005783175483240284, 0.014459303674574849, 0.0010769121466384188, 0.9786806086955465], [0.17862482872007035, 0.22203356093022378, 0.18760679451365558, 0.4117348158360502], [0.0048991901121155325, 0.15430136612643422, 0.8290705544945923, 0.011728889266857863], [0.09815759221280933, 0.30615470658503724, 0.00527495465207384, 0.5904127465500796], [0.2415624796036918, 0.29928420883950674, 0.27885729217181476, 0.18029601938498663], [0.0012993274731381195, 0.146341736850194, 0.05681451789174797, 0.79554441778492], [0.14481480197474983, 0.5308825017391773, 0.12425863027884139, 0.20004406600723146], [0.04302216213581834, 0.4610270843823842, 0.014975919241071885, 0.48097483424072546], [0.2997376270118807, 0.05031487470353948, 0.4633715405455374, 0.18657595773904237], [0.13604005076244927, 0.178589653172008, 0.054990971023844884, 0.6303793250416978], [0.02051412131103755, 0.1527063441922088, 0.8248508632694411, 0.0019286712273124847], [0.004626772604900332, 0.5124467111341057, 0.008937415555864883, 0.47398910070512923], [0.04002233895481809, 0.2724085373322907, 0.3335067309237253, 0.35406239278916596], [0.7711002611487466, 0.143537076529566, 0.00433585301175825, 0.08102680930992912], [0.751448357511543, 0.028168957198432244, 0.08225521329569929, 0.13812747199432546], [0.9146672727787536, 0.020699290541762547, 0.05051510677345384, 0.014118329906029762], [0.15195134677315472, 0.16498470691857242, 0.016374670072662696, 0.6666892762356103], [0.023554947995212547, 0.9759324245482753, 0.0004729009404437622, 3.972651606855736e-05], [0.0023554527056657997, 0.13968319897539835, 0.6154333995574935, 0.2425279487614422], [0.0003804350989309983, 0.22417737437197363, 0.7089293836282509, 0.06651280690084455], [0.006100775621747446, 0.9384696659691735, 0.00567798613407789, 0.04975157227500101], [0.9010143812638509, 0.09050223249938343, 0.005021938408765311, 0.00346144782800041], [0.947372739817333, 0.004299573395497969, 0.008028744275046861, 0.04029894251212219], [0.08670439234654599, 0.4100333065548593, 0.458338941101206, 0.04492335999738856], [0.3057709276809964, 0.6704486960581942, 0.022113599783892893, 0.0016667764769165295]]}, "rewritten": {"ids": ["97105580", "97106820", "97107260", "97107681", "97109570", "97112290", "97112300", "97112830", "98106680", "98108410", "98109230", "98110680", "98116090", "98119591", "99108000", "99108710", "99109840", "99111340", "99111440", "99112300", "99112531", "100107920", "100108260", "100109311", "100109890", "100111080", "100111390", "100111620", "100113210", "100113370", "100116790", "101108500", "101108580", "101108950", "101109000", "101109120", "101110150", "101110200", "101112201", "101119591", "102108621", "102110890", "102117351", "102118380", "102121700", "103109021", "103110050", "103111170", "103111620", "103111930", "103113640", "103117461", "104110960", "104111380", "104111531", "104111620", "104114320", "104116800", "105110091", "105110251", "105112100", "105112130", "105115570", "105115680", "105116860", "105117200", "105119950", "105120621", "106113260", "106113360", "106113830", "106114280", "106120640", "107112850", "107113170", "107113200", "107114490", "107114950", "107118490", "107120130", "107121640", "107121700", "108113620", "108113760", "108114200", "108114360", "108118301", "108118630", "108119330", "108120060", "109113281", "109114030", "109114720", "109115220", "109117110", "109117150", "109118231", "109118701", "109119450", "109119591", "109121351", "110113931", "110114651", "110114720", "110114920", "110114950", "110115120", "110115250", "110118161", "110118740", "110119030", "110119300", "110121170", "111115910", "111117200", "111118301", "111118810", "111119950", "111120260", "112116401", "112116900", "112118620", "112118810", "112118820", "112119500", "112120640", "112120670", "112120990", "112121010", "112121430", "113117630", "113118511", "113118620", "113119120", "113119930", "113119950", "113120531", "113121680", "113121750", "113121810", "113122120", "113122320"], "labels": [1, 1, 2, 3, 0, 1, 2, 2, 1, 1, 1, 2, 0, 1, 2, 2, 2, 1, 3, 0, 3, 0, 3, 1, 3, 0, 2, 3, 0, 3, 2, 3, 0, 2, 1, 1, 1, 2, 0, 0, 3, 0, 1, 1, 1, 0, 3, 2, 0, 3, 1, 0, 2, 3, 0, 0, 2, 1, 0, 0, 1, 1, 0, 2, 2, 3, 3, 1, 3, 0, 1, 3, 3, 1, 0, 0, 3, 3, 2, 2, 1, 3, 3, 1, 0, 1, 1, 1, 0, 1, 0, 1, 0, 3, 1, 2, 1, 3, 3, 0, 0, 1, 3, 3, 3, 0, 0, 1, 0, 3, 0, 1, 2, 2, 0, 3, 0, 0, 3, 0, 3, 3, 3, 0, 2, 0, 2, 2, 2, 2, 0, 1, 3, 3, 1, 0, 0, 1, 0, 2, 1, 1], "predicted_labels": [1, 3, 2, 0, 0, 1, 2, 2, 2, 1, 3, 2, 3, 0, 1, 1, 2, 1, 1, 3, 0, 3, 1, 0, 1, 3, 1, 2, 1, 3, 1, 1, 0, 1, 1, 3, 3, 3, 0, 3, 3, 0, 1, 1, 2, 3, 0, 1, 3, 3, 0, 1, 1, 1, 1, 0, 0, 3, 3, 2, 2, 1, 1, 1, 1, 1, 2, 0, 1, 3, 0, 1, 1, 3, 3, 3, 3, 1, 0, 2, 1, 1, 1, 2, 1, 1, 1, 1, 3, 1, 3, 0, 1, 1, 1, 3, 1, 1, 3, 1, 0, 1, 0, 1, 1, 3, 3, 1, 0, 0, 1, 1, 1, 1, 0, 3, 3, 0, 0, 3, 0, 1, 3, 1, 1, 0, 1, 1, 1, 1, 3, 1, 1, 3, 1, 3, 1, 1, 0, 1, 1, 3], "confidence_scores": [[0.1589491677679339, 0.747240139459408, 0.012980323790753479, 0.08083036898190464], [0.23614635123258218, 0.0191732439411189, 0.025267787460394767, 0.7194126173659042], [0.055173305782399554, 0.21844570189898047, 0.721997112532517, 0.004383879786102957], [0.8135900152125581, 0.026609998375642162, 0.03688531972196827, 0.12291466668983138], [0.6851791833185404, 0.141534246061929, 0.10624169419887637, 0.06704487642065417], [0.004399245673906052, 0.8098345762717569, 0.12670978273569028, 0.05905639531864676], [0.006499925571975076, 0.00040768624380634836, 0.9396733584417654, 0.05341902974245317], [0.04758516534693912, 0.15281824641818254, 0.6990542244574509, 0.10054236377742763], [0.009722358525322593, 0.10522911188815323, 0.8839987154308538, 0.0010498141556702866], [0.03140280338317919, 0.8103832605888661, 0.14654322768197253, 0.011670708345982255], [0.045295433793394915, 0.16821195584635, 0.3201011659746297, 0.4663914443856253], [0.07042109382207148, 0.3601121185504957, 0.5663377864755714, 0.00312900115186139], [0.017941073717747166, 0.02739071735201975, 0.1555877819082991, 0.799080427021934], [0.6755049135408785, 0.14933227543998281, 0.0620563562297105, 0.11310645478942816], [0.0008542762762045588, 0.9800285536183235, 0.003095614215799119, 0.016021555889672804], [0.2522032322385096, 0.5787354084771346, 0.1464394359775485, 0.022621923306807318], [0.022298895292372924, 0.21213717263241694, 0.7538333035844468, 0.011730628490763386], [0.0958688726146191, 0.6232505504593134, 0.21819842444460869, 0.06268215248145871], [0.14356282538137313, 0.4325754982811807, 0.015510183848943006, 0.4083514924885033], [0.06033459040696379, 0.009318995335644046, 0.014906711573904418, 0.9154397026834876], [0.6218751406650316, 0.2539736360542459, 0.021797455847906714, 0.1023537674328159], [0.30530598121466984, 0.054970746937994315, 0.06536232909329881, 0.574360942754037], [0.026979394171595034, 0.9621216148541893, 0.002893216671481309, 0.008005774302734312], [0.42944920600261816, 0.13170439702437856, 0.07326822454921933, 0.3655781724237839], [0.0161062917513862, 0.7021236470816259, 0.10576080642388473, 0.17600925474310314], [0.011956648013690495, 0.2089694742322397, 0.31710276068010157, 0.46197111707396826], [0.030844977010948633, 0.7727874311000356, 0.15035797302278983, 0.04600961886622587], [0.04802034898009388, 0.25816661813001235, 0.6456679307664157, 0.048145102123478035], [0.006647943371988908, 0.5908054732056247, 0.006726318159049727, 0.39582026526333663], [0.033520709308706674, 0.1107443366726368, 0.05369633040062559, 0.8020386236180309], [0.019029026191601028, 0.9358701358174417, 0.03253840302047447, 0.012562434970482653], [0.014711402048262146, 0.3590440607493477, 0.32724798215526335, 0.2989965550471268], [0.8136972640590022, 0.013538977221860767, 0.08388004609141983, 0.08888371262771727], [0.0031699956517003865, 0.967077329593962, 0.012584957910915476, 0.01716771684342213], [0.013492398443986751, 0.9527981304815755, 0.004346792804458709, 0.029362678269979188], [0.09123034052877207, 0.024843892505187558, 0.06027380578226541, 0.8236519611837749], [0.21745966199234712, 0.14537655355672768, 0.06461933866851755, 0.5725444457824077], [0.004397284042281983, 0.1294018462879883, 0.00877184845306421, 0.8574290212166656], [0.6482326572881313, 0.20850531373496353, 0.032362209685798414, 0.11089981929110682], [0.04121704199059165, 0.11611111058639874, 0.0439923988495287, 0.7986794485734809], [0.06308750959213254, 0.3280167297651931, 0.016774480064789793, 0.5921212805778845], [0.724903825103045, 0.0020374406812655316, 0.04385969679724808, 0.2291990374184414], [0.02325191318671667, 0.9619340749051477, 0.001914214675517134, 0.01289979723261844], [0.02057213823294723, 0.4737386734341026, 0.41481651663719404, 0.09087267169575605], [0.06426192351850009, 0.23432903135251784, 0.6280279243489246, 0.07338112078005753], [0.09937487729451584, 0.10814687393642405, 0.10709670359231034, 0.6853815451767498], [0.3053603275477446, 0.20006928229402185, 0.25003679995362016, 0.24453359020461332], [0.17700726695022687, 0.5621484581498436, 0.11513156881234342, 0.14571270608758619], [0.0739907443910973, 0.09732231732470754, 0.34005790359784976, 0.4886290346863455], [0.013666794166151776, 0.19481880925577805, 0.3211073441356298, 0.4704070524424404], [0.8806335385072299, 0.0020749844606783702, 0.0009512235016516602, 0.11634025353044024], [0.1472966736599102, 0.7511890023815166, 0.009566908957024589, 0.0919474150015484], [0.0011441744109825693, 0.8373016761299412, 0.10481783507628409, 0.05673631438279215], [0.08868876370110121, 0.5731274109692178, 0.16337219521696383, 0.17481163011271722], [0.01734303673271197, 0.7885114039142053, 0.03950426804578237, 0.15464129130730045], [0.39927608477087156, 0.2633697055165994, 0.08061053730296866, 0.2567436724095604], [0.5794217283219695, 0.10240276740560181, 0.3034645784270717, 0.01471092584535712], [0.0010182833711796268, 0.1506902163996929, 0.00038809701376929376, 0.8479034032153582], [0.21653075570129116, 0.17160749623300844, 0.1080309961652017, 0.5038307519004988], [0.020446787143777474, 0.44364764938732676, 0.531438883020325, 0.004466680448570704], [0.10485347593790044, 0.13154013479285614, 0.7218908394206123, 0.04171554984863112], [0.010135488555221117, 0.6569146114526805, 0.17077933608391735, 0.16217056390818096], [0.0010178436935732516, 0.7061250559485642, 0.242741061266731, 0.050116039091131506], [0.0014065906358707437, 0.9758491625894198, 0.02145564842866733, 0.0012885983460422324], [0.04275796402621012, 0.9517081299757705, 0.004809771223954747, 0.0007241347740646835], [0.020320082989078548, 0.6186418398257495, 0.05276369723509379, 0.3082743799500783], [0.04969008814170711, 0.33150720007727763, 0.5289816681215828, 0.08982104365943253], [0.7542514497787485, 0.08045813001660682, 0.00014527005041426914, 0.16514515015423034], [0.009986268796645286, 0.9560228478246363, 0.023666036127028528, 0.01032484725168982], [0.033719882101587544, 0.12536952314733998, 0.0005454614690197681, 0.8403651332820526], [0.5292951827858638, 0.031489350838850697, 0.016577671322623902, 0.42263779505266147], [0.125854510904253, 0.7216243145152199, 0.06657224281364851, 0.08594893176687855], [0.0005806833509588917, 0.9991153483076789, 0.0002900223379094657, 1.394600345306647e-05], [1.935961504861213e-05, 0.045388739124172114, 0.002079356274016996, 0.9525125449867623], [0.2491448837904524, 0.3142607165370948, 0.0234052410615106, 0.4131891586109424], [0.1993520468439423, 0.18580887858544137, 0.004560847744643641, 0.6102782268259725], [0.043759082391701946, 0.4119723560052948, 0.09729903492263973, 0.4469695266803636], [0.12189866190978742, 0.7013607749639059, 0.038114555487025706, 0.1386260076392811], [0.6137533076213142, 0.26249665429505575, 0.11994760250100707, 0.003802435582622996], [0.0912197820384902, 0.10363294261074607, 0.7969886008594872, 0.008158674491276519], [0.019748726774165882, 0.9622463841209539, 0.011734860801435942, 0.006270028303444408], [0.017421538935173914, 0.8616478910472601, 0.008491994939019218, 0.11243857507854682], [0.24411013579602495, 0.5892292703067912, 0.0021952188005389117, 0.16446537509664483], [0.1091613063783852, 0.04776819963906185, 0.6073685523812651, 0.23570194160128785], [0.02519940785043181, 0.9486664926180127, 0.011378363842836333, 0.014755735688719115], [0.3180396455085857, 0.4017366330919404, 0.16520095242135494, 0.11502276897811897], [0.011222141264625863, 0.5468392122235748, 0.29578977500773285, 0.14614887150406664], [0.17527959865127005, 0.4351912586133074, 0.3117316429683235, 0.07779749976709899], [0.052720471362499174, 0.17923438533250244, 0.008153460643523151, 0.7598916826614752], [0.08048366708230083, 0.7237073472482882, 0.10161257429236191, 0.09419641137704896], [0.3098459211473521, 0.11604717181119859, 0.1385595565231727, 0.4355473505182766], [0.6665898149404393, 0.13589768643581746, 0.16549051854707833, 0.03202198007666497], [0.0059622915978544385, 0.8812840151383126, 0.020436558126816808, 0.09231713513701612], [0.38940783249995126, 0.5259863545866237, 0.004406114213254933, 0.08019969870017013], [0.0038773791425143803, 0.8829045013221803, 0.0035231446284121858, 0.1096949749068931], [0.02408836980423419, 0.38215944054099343, 0.15226376387661958, 0.44148842577815267], [0.0017048042640931736, 0.9618814186103166, 0.018563373265565963, 0.017850403860024122], [0.025337895934344476, 0.9106267341868695, 0.062051632005249255, 0.0019837378735367748], [0.01677204597771406, 0.15878562135489022, 0.37454150961079197, 0.44990082305660384], [0.3020190748482325, 0.5444451470256133, 0.015065285167227596, 0.13847049295892658], [0.5929521575524309, 0.11085160107565674, 0.012610292199367263, 0.28358594917254515], [0.03146906270782856, 0.8446872268489353, 0.021420950017729704, 0.10242276042550642], [0.6038590725114694, 0.013663132521824831, 0.014415758768460917, 0.36806203619824496], [0.004474989309243158, 0.5653431456225677, 0.19990097249620084, 0.23028089257198814], [0.015487724944737156, 0.9526972415191514, 0.0023085044453695002, 0.029506529090742147], [0.012998720865408306, 0.3296723709799111, 0.012681084271480495, 0.6446478238832001], [0.0398920673927412, 0.19448753150825884, 0.0005062766603826786, 0.7651141244386173], [0.0021736246387090616, 0.6803824311994247, 0.061290142290688146, 0.2561538018711782], [0.5824068849687063, 0.05249889842151529, 0.02461348774668671, 0.34048072886309166], [0.5219914779107667, 0.04035993227756722, 0.0036243905353873914, 0.43402419927627867], [0.0038119798629208976, 0.5288126892875495, 0.0008447060303141397, 0.4665306248192154], [0.04230814622342991, 0.9526378473042281, 0.0028476439492477017, 0.0022063625230944696], [0.0009981749347854213, 0.8577571886078632, 0.00471152671892557, 0.1365331097384259], [0.0034366390694925125, 0.9854886605065957, 0.0005911639925182169, 0.010483536431393468], [0.5942946034857757, 0.1646701267054342, 0.03495143006396926, 0.20608383974482097], [0.2632554230413602, 0.21888548230181706, 0.14537477245975888, 0.3724843221970639], [0.22770962977475379, 0.22244520730679543, 0.06199931821329534, 0.4878458447051553], [0.6564328484644363, 0.01790771046333085, 0.06559217260111343, 0.26006726847111955], [0.7894437506093719, 0.03626364886073408, 0.03601714856505442, 0.13827545196483948], [0.014285617550138916, 0.00043842701534303497, 0.0012930708445404071, 0.9839828845899777], [0.925257580762775, 0.005795221337024963, 0.030794357662318573, 0.03815284023788131], [0.23149727912074822, 0.5148945156080981, 0.10026222556698973, 0.153345979704164], [0.01562552028077282, 0.35845528306435115, 0.0023352561830458545, 0.6235839404718302], [0.012152360009152175, 0.7160729657469848, 0.0016880699256490775, 0.27008660431821396], [0.04289846757240806, 0.60094801457756, 0.3486047935263038, 0.0075487243237282635], [0.8564541779598125, 0.09155437848225087, 0.01873053639721281, 0.033260907160723795], [0.0009785595525859314, 0.9919267475295468, 0.0015745282259856572, 0.00552016469188165], [0.04937367018516504, 0.8256136145536034, 0.11353246248222995, 0.011480252779001776], [0.05378301813181485, 0.5295948298716205, 0.1255364356075044, 0.2910857163890603], [0.07167976888091199, 0.523793627101201, 0.0604219454196492, 0.34410465859823786], [0.4885544219352403, 0.008766521799341197, 0.0035815871086207424, 0.49909746915679776], [0.017959722473169938, 0.9357758980138946, 0.0039663526245763405, 0.042298026888358965], [0.036035014166899866, 0.9264513132963202, 0.0044517019600324725, 0.0330619705767474], [0.14391329900366287, 0.32458013542098835, 0.007838970916292112, 0.5236675946590568], [0.18787717351395808, 0.7968678976170854, 0.0010413739134440745, 0.014213554955512466], [0.06190268125934861, 0.2726734828683691, 0.01399183220636157, 0.6514320036659207], [0.02555227611428239, 0.8344612900991129, 0.019272494330318225, 0.12071393945628642], [0.0880791709386443, 0.7942777284206518, 0.08772399574159044, 0.02991910489911341], [0.6319492124022048, 0.18614464988637897, 0.004660734504892048, 0.17724540320652415], [0.07697220024025249, 0.5167298889368268, 0.1661263278341671, 0.24017158298875363], [0.07027765394535156, 0.85761040468103, 0.017955388799788335, 0.05415655257383004], [0.04661693865019038, 0.09712801626361486, 0.008503504120111034, 0.8477515409660837]]}}