{"test": {"ids": ["109115070", "99117740", "108114040", "98107380", "98107410", "110121450", "105116980", "111115770", "112120990", "106118820", "103111540", "112119610", "100109910", "109113281", "98110810", "110115140", "101109370", "108119330", "107113260", "106119260", "109118161", "103118291", "104113190", "107113840", "111117120", "109116750", "105115680", "112119320", "99109370", "106117650", "109120621", "110113591", "99108080", "108114360", "106116441", "100111270", "101108950", "111121190", "108120621", "100116500", "107113180", "111119250", "97107681", "104114320", "107115140", "102109010", "111114321", "113120640", "98109090", "113118421", "111121220", "110120560", "101121640", "113122190", "112121430", "111120280", "107112850", "104114410", "103113270", "108120260", "104113380", "102111990", "113121750", "109120560", "108121410", "97109570", "104111531", "112117461", "110120190", "111120220", "105115900", "108117451", "104109311", "99108010", "103110220", "113121220", "103110050", "99107500", "112118530", "103111990", "112118880", "107114780", "101111990", "113121810", "104114240", "113120780", "100108990", "106114321", "99111440", "108119510", "104113240", "97107040", "99120010", "98111620", "105113210", "112118511", "109117730", "110114321", "97108520", "100116790", "98107210", "102113981", "104113000", "108116120", "109114030", "104116800", "105118171", "101110150", "102112250", "98108520", "112117580", "110118181", "97106820", "111119150", "108121190", "101115190", "102112301", "104118070", "113120601", "107118520", "107116340", "105114220", "101108460", "111120260", "112116451", "106121190", "98109311", "113120531", "113119320", "107121640", "110115580", "109116170", "110121500", "105115250", "110114720", "97107950", "110115980", "99109311", "100111080", "106116120", "111119610", "99107660"], "labels": [0, 2, 0, 1, 3, 3, 0, 3, 2, 3, 1, 0, 2, 0, 1, 0, 1, 0, 0, 1, 0, 0, 3, 3, 2, 0, 2, 1, 1, 1, 1, 0, 3, 1, 0, 2, 2, 1, 1, 2, 3, 1, 3, 2, 0, 1, 1, 0, 1, 3, 3, 0, 2, 1, 2, 0, 1, 1, 2, 1, 1, 2, 0, 1, 0, 0, 0, 0, 3, 3, 3, 2, 3, 2, 2, 3, 3, 0, 1, 2, 1, 2, 2, 2, 0, 0, 2, 2, 3, 1, 2, 2, 2, 3, 3, 1, 3, 1, 2, 2, 1, 1, 1, 1, 1, 1, 3, 1, 0, 2, 0, 1, 1, 3, 1, 1, 1, 2, 2, 2, 3, 3, 0, 3, 0, 2, 1, 0, 1, 1, 1, 0, 3, 2, 3, 2, 1, 1, 0, 1, 2, 3], "predicted_labels": [1, 2, 3, 2, 0, 3, 3, 3, 1, 3, 3, 3, 2, 0, 1, 3, 1, 0, 1, 0, 0, 3, 1, 1, 1, 1, 1, 1, 3, 1, 3, 0, 0, 1, 1, 1, 2, 3, 3, 2, 2, 2, 2, 0, 3, 1, 1, 3, 2, 0, 3, 0, 3, 3, 3, 3, 1, 3, 2, 1, 1, 0, 1, 2, 1, 0, 3, 3, 3, 1, 3, 0, 3, 1, 3, 3, 1, 1, 1, 1, 3, 1, 3, 1, 0, 1, 3, 0, 3, 0, 1, 1, 2, 2, 3, 3, 0, 1, 0, 1, 2, 1, 3, 0, 3, 3, 1, 3, 3, 1, 3, 0, 3, 3, 1, 1, 1, 2, 0, 1, 0, 0, 1, 0, 0, 2, 0, 1, 3, 0, 0, 3, 0, 1, 2, 3, 3, 3, 0, 3, 2, 0], "confidence_scores": [[0.21734910122034337, 0.39056539502060944, 0.09231838479326733, 0.29976711896577984], [0.20083615709153196, 0.24299543415364644, 0.3495482901924801, 0.20662011856234166], [0.19836263624429465, 0.28260765511698666, 0.18479990294192508, 0.3342298056967935], [0.23362619182178437, 0.2618310472266795, 0.25122596714572853, 0.25331679380580735], [0.29371831689592837, 0.21120455215422118, 0.22178510474694832, 0.2732920262029024], [0.2782366807700364, 0.2825089775943891, 0.10209482810002878, 0.33715951353554563], [0.260540067696822, 0.29611047094073295, 0.09938445807680663, 0.3439650032856385], [0.2552584297288697, 0.28687471468895775, 0.11318981147009224, 0.34467704411208017], [0.24545038287686408, 0.32458196988099003, 0.11646018054014373, 0.31350746670200225], [0.24155502767411807, 0.32834619289328354, 0.0645528579806479, 0.36554592145195075], [0.2575477812669208, 0.26027456232337776, 0.12820497662970076, 0.35397267978000047], [0.22874646868881476, 0.258165893868803, 0.24535917992847842, 0.2677284575139041], [0.2212008211802573, 0.20338406735543355, 0.44134278870616717, 0.13407232275814185], [0.3179470844397709, 0.2832792313921626, 0.04279398948713936, 0.3559796946809271], [0.17462507020975548, 0.3462131245048854, 0.3069449085223158, 0.17221689676304341], [0.3043096320177799, 0.2323137950652344, 0.11923281263457615, 0.3441437602824098], [0.1711110889933326, 0.30206756142100327, 0.25890678198202943, 0.2679145676036344], [0.2981369710021359, 0.2753765509387371, 0.10906535721625017, 0.31742112084287694], [0.216959140434865, 0.32503407098686915, 0.12885775733397858, 0.32914903124428696], [0.301108270789496, 0.19857882826451417, 0.26825363648730605, 0.23205926445868366], [0.3044569179586758, 0.29775545588215163, 0.07865490552378299, 0.3191327206353896], [0.2649204015302502, 0.2552616412538031, 0.17964541324589037, 0.3001725439700563], [0.26252378231186174, 0.3052727506681532, 0.10660684700826736, 0.32559662001171763], [0.20877639014661056, 0.34267855357398935, 0.15845495609336538, 0.2900901001860344], [0.2090634648529199, 0.3408433808414627, 0.10754802160524052, 0.3425451327003767], [0.28424150467568476, 0.3287395978024676, 0.12662371135720915, 0.2603951861646387], [0.1496257230725726, 0.37499844183751735, 0.21475076085610864, 0.26062507423380116], [0.11720013376596694, 0.3149204152273123, 0.32212549162078913, 0.24575395938593195], [0.2680480259193386, 0.2425014514343448, 0.16307008938937173, 0.326380433256945], [0.24265286136886088, 0.2972500465884982, 0.16877734638470973, 0.2913197456579313], [0.30334886697762253, 0.25492722511372806, 0.10115157759448072, 0.34057233031416867], [0.30953187896486256, 0.29657751454312725, 0.06755148947571246, 0.3263391170162976], [0.29378863387877363, 0.2559453505179063, 0.16509788512145654, 0.2851681304818637], [0.17884969041642487, 0.3127818485904067, 0.24367660969479538, 0.26469185129837286], [0.2867530466287288, 0.34112621073530425, 0.07203907625260936, 0.3000816663833576], [0.14414297054377184, 0.3108560842384292, 0.3255569263365126, 0.21944401888128628], [0.1870757252168431, 0.2700233694491231, 0.2963847140925619, 0.24651619124147187], [0.24902979217233956, 0.26218505595439906, 0.19542102611539944, 0.29336412575786214], [0.27216072398172575, 0.27808239210256863, 0.12123523621780545, 0.32852164769790004], [0.20248212942114355, 0.23204950692649234, 0.31427534553608083, 0.25119301811628325], [0.19513465531296215, 0.2772026657378472, 0.2950982898910204, 0.2325643890581703], [0.14415918033808706, 0.2934687002200482, 0.3128646764976645, 0.2495074429442002], [0.15341874981037965, 0.1833743646942102, 0.45154653812520523, 0.21166034737020492], [0.30194609209196155, 0.27504153247687013, 0.16143030277861306, 0.2615820726525552], [0.2624026981066849, 0.2128723591654526, 0.1339493725463084, 0.3907755701815543], [0.22235396211788347, 0.2850892961787165, 0.2045526715736486, 0.2880040701297515], [0.22258809045887118, 0.32960882472324876, 0.20329933448907916, 0.244503750328801], [0.2744998695068187, 0.2842321455320963, 0.12522167108195628, 0.31604631387912874], [0.14484959323113872, 0.203216303199951, 0.4461480188526725, 0.2057860847162379], [0.3969636506808485, 0.19304350174618906, 0.04182462188184927, 0.3681682256911134], [0.29046095576128117, 0.2824764527578515, 0.06758703922388506, 0.35947555225698247], [0.2923232645289166, 0.2487380471566851, 0.17255915000572733, 0.2863795383086712], [0.22477868864660236, 0.2559022305651584, 0.2287719623921407, 0.29054711839609876], [0.20566058730290798, 0.23431570019897838, 0.2735113035823929, 0.2865124089157206], [0.30400451449123284, 0.2905955622888853, 0.052787804551496814, 0.35261211866838493], [0.26299447584938257, 0.3224764113720909, 0.05181808150186171, 0.36271103127666476], [0.23067623507931553, 0.3216995196013049, 0.15297862556566713, 0.29464561975371273], [0.29298191521951694, 0.29532899278037567, 0.04495902731938992, 0.36673006468071734], [0.19812241641189726, 0.21723764383143931, 0.354516534098918, 0.2301234056577457], [0.2701335628814132, 0.30986654971259103, 0.11345589334382572, 0.3065439940621699], [0.23598118239517335, 0.2680334787532369, 0.23064883943351758, 0.2653364994180719], [0.3332846788474019, 0.22148589176224703, 0.15795044522766205, 0.2872789841626889], [0.2917673077873447, 0.3153595920059068, 0.05245739186520848, 0.34041570834153984], [0.07972030966765731, 0.1967990843147188, 0.5584973350071345, 0.16498327101048962], [0.257033531785077, 0.3020980344540741, 0.1270215681913225, 0.31384686556952646], [0.26678286403444423, 0.24410177803732053, 0.2194199156927199, 0.2696954422355153], [0.2835857482598074, 0.3029318396547094, 0.06194102889471502, 0.3515413831907679], [0.32678508224566605, 0.24631832113728686, 0.050589991296320184, 0.3763066053207269], [0.3065017930584814, 0.2959962876263672, 0.04390090778210165, 0.3536010115330497], [0.3029647399228082, 0.34254421790964185, 0.04537490879008644, 0.30911613337746374], [0.23477891891526229, 0.2176866262738479, 0.21730825615667518, 0.3302261986542146], [0.3828025077874817, 0.184821500183438, 0.036548900963611616, 0.3958270910654686], [0.29332937811828813, 0.29205634457547885, 0.037424663655665956, 0.37718961365056725], [0.17255549159271272, 0.3162564993447964, 0.2692297217283236, 0.24195828733416733], [0.1801569320951561, 0.2950806732160045, 0.19816415209896288, 0.32659824258987663], [0.27629488349241305, 0.2698496951400213, 0.08217495971205363, 0.37168046165551194], [0.18619513070618937, 0.3415007171727327, 0.1508972463338862, 0.3214069057871916], [0.15939507511168957, 0.30060061245483627, 0.2704431288253134, 0.2695611836081611], [0.17551194415535643, 0.3847226422859925, 0.2611884028562254, 0.17857701070242565], [0.24516398222245045, 0.3293652628165516, 0.10879357633545116, 0.3166771786255468], [0.176534135802064, 0.24543208581647732, 0.31054369088570144, 0.26749008749575726], [0.2577951854804863, 0.2871511026790789, 0.14487408643301866, 0.3101796254074161], [0.25015960922079394, 0.26491682540119227, 0.1580061406296162, 0.3269174247483975], [0.167326729999477, 0.3259660421440793, 0.33559225111621666, 0.171114976740227], [0.26886208039677006, 0.2728924591434648, 0.1704055819628359, 0.2878398784969292], [0.27269332281348485, 0.3120763819025351, 0.0755392294312777, 0.33969106585270226], [0.20565531415258764, 0.2794337162811164, 0.1829347477851502, 0.33197622178114566], [0.28696475068994814, 0.2646968007656807, 0.15042091814157763, 0.29791753040279334], [0.25739762788717874, 0.269903042069384, 0.170919917897276, 0.3017794121461611], [0.2412129630092853, 0.25434126159388665, 0.26280293992759296, 0.24164283546923537], [0.19521840154742176, 0.33241949683835853, 0.23048464682157765, 0.24187745479264228], [0.19558622992946376, 0.26845089779752546, 0.28560496093800514, 0.2503579113350057], [0.2177543495164237, 0.2574907047417336, 0.28725527293986286, 0.23749967280197987], [0.12305555147575029, 0.23590395467843137, 0.49907669052476555, 0.1419638033210529], [0.28026621266415996, 0.279947933201792, 0.06294612778986561, 0.37683972634418267], [0.24862980424461614, 0.2315973439964379, 0.2072881128273298, 0.3124847389316162], [0.33980322551122655, 0.23958605522826795, 0.12473783601443504, 0.29587288324607025], [0.2838811379898713, 0.31250755279052195, 0.1022572085679145, 0.3013541006516923], [0.26729748240875517, 0.24728468162484374, 0.2500704942797843, 0.23534734168661692], [0.25986681121306915, 0.2932097988558253, 0.18483589628911687, 0.26208749364198874], [0.19521748982941203, 0.22188096003842048, 0.3465579516969288, 0.23634359843523872], [0.25555880688426663, 0.3050927871477434, 0.1570048851158452, 0.2823435208521446], [0.31472077099887874, 0.21748839671270584, 0.12611774586001182, 0.3416730864284036], [0.3622050904012287, 0.1882174058819936, 0.0926550014873362, 0.3569225022294414], [0.21198777584019785, 0.2361259054226486, 0.28831689474025013, 0.26356942399690364], [0.24334123517856807, 0.30287089026896147, 0.11631556364860023, 0.3374723109038704], [0.25147500601500977, 0.330679906183422, 0.08477816255405836, 0.33306692524750964], [0.23199387170356503, 0.2970072934034536, 0.1300103719263924, 0.3409884629665885], [0.24164434658264997, 0.19546377851738744, 0.2925878414825549, 0.2703040334174077], [0.27909314439432503, 0.31386930138836505, 0.09269718071410508, 0.3143403735032049], [0.2726328542482324, 0.26958111684525277, 0.10645405603760281, 0.351331972868912], [0.2902661594982868, 0.2944229296333623, 0.09339942352791195, 0.32191148734043884], [0.2904234646667034, 0.21134231285085714, 0.18225503952169728, 0.3159791829607421], [0.2580231474762363, 0.2777648118401134, 0.13702264908838688, 0.3271893915952639], [0.2550775360471549, 0.312489339626447, 0.10921007598847011, 0.323223048337928], [0.13542464064627588, 0.3487068991538567, 0.30008672141001397, 0.21578173878985296], [0.24999358526534984, 0.27632994164199925, 0.2426305052368369, 0.2310459678558139], [0.11681315930400553, 0.26687370133790667, 0.45485676167104144, 0.1614563776870465], [0.24363141995676002, 0.2588576512015148, 0.2208159498982312, 0.27669497894349415], [0.1885566265863039, 0.3285963737582859, 0.18596829404211535, 0.29687870561329444], [0.2720436005766593, 0.27669124212370916, 0.14259546181812288, 0.3086696954815086], [0.3151133893717355, 0.2889940816219757, 0.08049454854133055, 0.3153979804649584], [0.26026701215055775, 0.2792449783930629, 0.2107798260225619, 0.24970818343381726], [0.32020199477324385, 0.28300014302382764, 0.0744822531700829, 0.32231560903284584], [0.3428691840868042, 0.2782009764309178, 0.04857262214633642, 0.33035721733594153], [0.12964627022574068, 0.24730410483748141, 0.41614735629213667, 0.20690226864464115], [0.2762642939370821, 0.1978354359012961, 0.2978447761973925, 0.22805549396422942], [0.25565247504272043, 0.31272139500998947, 0.11944877520073068, 0.3121773547465594], [0.304093846706442, 0.29318360131954163, 0.05240260114847389, 0.350319950825542], [0.29416983044436384, 0.18960776877586222, 0.27028870234639274, 0.24593369843338098], [0.2683587131917412, 0.20672459079747427, 0.30062847864818715, 0.22428821736259708], [0.23838314462776328, 0.30491169116653644, 0.10691828836643935, 0.34978687583926077], [0.31186365878472605, 0.29347824456767535, 0.06382174847934147, 0.33083634816825713], [0.24745085885785378, 0.3195400830268244, 0.1298216089829021, 0.30318744913241996], [0.12490214576824582, 0.21084622196290703, 0.542759459378196, 0.12149217289065106], [0.2203187348607545, 0.27345041948262105, 0.18996078610483358, 0.316270059551791], [0.2868287088560204, 0.2603245882161661, 0.10598314956803007, 0.3468635533597833], [0.19909864782229036, 0.2528558300846458, 0.2562731672298395, 0.29177235486322456], [0.2654482061830554, 0.27683991443028516, 0.15563703185005084, 0.30207484753660835], [0.28150020931941305, 0.2462587412291588, 0.14417319796889172, 0.3280678514825364], [0.12928760892067506, 0.2934878430447879, 0.3860316317062352, 0.19119291632830163], [0.2808847835298646, 0.1920842704349798, 0.26194013609307426, 0.2650908099420813]]}, "rewritten": {"ids": ["97106820", "97107040", "97107681", "97107950", "97108520", "97109570", "98107210", "98107380", "98107410", "98108520", "98109090", "98109311", "98110810", "98111620", "99107500", "99107660", "99108010", "99108080", "99109311", "99109370", "99111440", "99117740", "99120010", "100108990", "100109910", "100111080", "100111270", "100116500", "100116790", "101108460", "101108950", "101109370", "101110150", "101111990", "101115190", "101121640", "102109010", "102111990", "102112250", "102112301", "102113981", "103110050", "103110220", "103111540", "103111990", "103113270", "103118291", "104109311", "104111531", "104113000", "104113190", "104113240", "104113380", "104114240", "104114320", "104114410", "104116800", "104118070", "105113210", "105114220", "105115250", "105115680", "105115900", "105116980", "105118171", "106114321", "106116120", "106116441", "106117650", "106118820", "106119260", "106121190", "107112850", "107113180", "107113260", "107113840", "107114780", "107115140", "107116340", "107118520", "107121640", "108114040", "108114360", "108116120", "108117451", "108119330", "108119510", "108120260", "108120621", "108121190", "108121410", "109113281", "109114030", "109115070", "109116170", "109116750", "109117730", "109118161", "109120560", "109120621", "110113591", "110114321", "110114720", "110115140", "110115580", "110115980", "110118181", "110120190", "110120560", "110121450", "110121500", "111114321", "111115770", "111117120", "111119150", "111119250", "111119610", "111120220", "111120260", "111120280", "111121190", "111121220", "112116451", "112117461", "112117580", "112118511", "112118530", "112118880", "112119320", "112119610", "112120990", "112121430", "113118421", "113119320", "113120531", "113120601", "113120640", "113120780", "113121220", "113121750", "113121810", "113122190"], "labels": [1, 2, 3, 2, 2, 0, 1, 1, 3, 2, 1, 1, 1, 3, 0, 3, 2, 3, 1, 1, 3, 2, 2, 2, 2, 0, 2, 2, 2, 0, 2, 1, 1, 2, 1, 2, 1, 2, 0, 1, 1, 3, 2, 1, 2, 2, 0, 3, 0, 1, 3, 2, 1, 0, 2, 1, 1, 2, 3, 3, 2, 2, 3, 0, 3, 2, 1, 0, 1, 3, 1, 2, 1, 3, 0, 3, 2, 0, 3, 2, 1, 0, 1, 1, 2, 0, 1, 1, 1, 1, 0, 0, 1, 0, 0, 0, 3, 0, 1, 1, 0, 1, 3, 0, 1, 1, 1, 3, 0, 3, 3, 1, 3, 2, 3, 1, 2, 3, 3, 0, 1, 3, 0, 0, 0, 1, 1, 1, 1, 0, 2, 2, 3, 1, 0, 2, 0, 0, 3, 0, 2, 1], "predicted_labels": [3, 3, 2, 1, 3, 0, 2, 2, 0, 0, 2, 0, 1, 2, 1, 0, 1, 0, 3, 1, 0, 2, 1, 3, 2, 3, 1, 3, 1, 3, 1, 1, 3, 3, 1, 3, 0, 0, 3, 0, 1, 1, 3, 3, 1, 2, 0, 3, 3, 3, 1, 1, 1, 1, 1, 3, 0, 2, 3, 1, 1, 1, 1, 0, 1, 1, 3, 1, 1, 3, 0, 2, 1, 1, 1, 1, 3, 3, 3, 1, 0, 0, 1, 0, 0, 0, 0, 1, 3, 1, 1, 0, 1, 1, 3, 1, 0, 0, 2, 0, 0, 1, 2, 3, 3, 3, 0, 0, 3, 3, 0, 1, 3, 1, 3, 2, 1, 1, 0, 3, 3, 3, 0, 0, 3, 3, 1, 3, 1, 1, 1, 0, 0, 3, 1, 3, 1, 1, 3, 0, 1, 3], "confidence_scores": [[0.3016219113325019, 0.23256026171216435, 0.1359266068109395, 0.3298912201443946], [0.1970841676334663, 0.26939335764356115, 0.26868708187612994, 0.26483539284684265], [0.16575292723457102, 0.2098231901852404, 0.3884023689449086, 0.2360215136352799], [0.18752437113268033, 0.30601564108358636, 0.19389866462986455, 0.312561323153869], [0.28547919155371526, 0.22420099471470956, 0.19870772300633652, 0.29161209072523875], [0.28200084436138145, 0.23792920440112283, 0.1963668687442736, 0.2837030824932218], [0.22749483957009353, 0.21527411583005832, 0.3216222955638086, 0.23560874903603923], [0.22930651231378407, 0.25537788442160936, 0.2746646291437075, 0.240650974120899], [0.2861597861898906, 0.22747281641970368, 0.20575451626278973, 0.280612881127616], [0.3114999523695235, 0.27122695682089254, 0.1282262246453098, 0.28904686616427416], [0.18464288888027658, 0.21654564947162014, 0.3666639185729721, 0.2321475430751312], [0.2681402152735729, 0.21481627767249342, 0.2768013596165091, 0.24024214743742447], [0.2141222715648994, 0.3480208725711648, 0.21071751746790973, 0.22713933839602587], [0.14074943939685403, 0.27390238794814853, 0.4165836015107257, 0.16876457114427215], [0.16488270391324567, 0.3113200729556921, 0.23784266111928867, 0.2859545620117734], [0.30799049548619495, 0.23260868874265198, 0.15805684168022047, 0.30134397409093255], [0.20975703193737547, 0.32460313488218967, 0.1878709903662739, 0.27776884281416103], [0.29980361733542754, 0.24869819227168408, 0.19483095159948147, 0.256667238793407], [0.22792968187302323, 0.24888231006097958, 0.22650426363658263, 0.2966837444294147], [0.21800391334518843, 0.2794783384019506, 0.23610602802543673, 0.2664117202274241], [0.26153691415746744, 0.26858824123759495, 0.18695220581521488, 0.2829226387897225], [0.18196724685982374, 0.2815519095276488, 0.3317611289688689, 0.20471971464365865], [0.21006022202450184, 0.2721807042168701, 0.29816345818752416, 0.21959561557110358], [0.23054279476386563, 0.2738075793038641, 0.16498812184861553, 0.33066150408365474], [0.24635469351947545, 0.22771355166594184, 0.3586360357623033, 0.1672957190522794], [0.26838174226964134, 0.268069855897803, 0.14285454039548853, 0.32069386143706713], [0.16085895668371758, 0.31236596380185183, 0.2998230546443783, 0.22695202487005262], [0.17123868599064537, 0.2712771596911922, 0.2615774220728136, 0.2959067322453488], [0.2503493706635287, 0.30759363177040383, 0.18017140756490627, 0.26188559000116113], [0.2245632473873746, 0.2886786127170091, 0.16913378461241702, 0.3176243552831993], [0.2103943000298589, 0.2874203195226061, 0.24584570620177376, 0.2563396742457613], [0.1886728987950023, 0.3166364125907683, 0.21367451379082159, 0.28101617482340746], [0.23771418677647707, 0.28898639675839044, 0.14592786064711144, 0.3273715558180209], [0.2581610999163977, 0.28048958582480027, 0.1258675169473597, 0.33548179731144234], [0.1564935284915702, 0.3345048615564024, 0.29737782988074923, 0.2116237800712781], [0.23807059427469213, 0.25907095698319366, 0.20968465089418908, 0.29317379784792497], [0.2803562357511845, 0.28334514187332516, 0.15134084966495892, 0.2849577727105314], [0.3492343744582969, 0.21414461780177518, 0.13766582233839444, 0.29895518540153376], [0.2281855850190268, 0.19922216291547337, 0.3054480268822988, 0.2671442251832011], [0.27286499672045683, 0.2782780964918647, 0.18960853501308017, 0.2592483717745983], [0.23542277484491284, 0.3263916974453449, 0.1540623742117031, 0.2841231534980393], [0.19766977034297994, 0.335348357599151, 0.15086420963463082, 0.31611766242323824], [0.21469233308114877, 0.2805213645134176, 0.16186825090380316, 0.34291805150163035], [0.29163378497876496, 0.2434394703680232, 0.11820102681427282, 0.346725717838939], [0.28016920244961346, 0.31138336070328854, 0.08496404763711461, 0.3234833892099834], [0.1994128254110304, 0.2421419524002744, 0.30927264256255926, 0.24917257962613598], [0.29853013508903303, 0.2552758137095555, 0.14790109301150378, 0.29829295818990786], [0.30570118007212355, 0.27255024730378685, 0.04800841527793302, 0.3737401573461566], [0.2697453129024634, 0.3139608074922404, 0.06632890065883165, 0.34996497894646444], [0.30494236313520745, 0.2239874676830762, 0.1340644668296568, 0.33700570235205946], [0.275065996955806, 0.2856196808804035, 0.1367620074023656, 0.30255231476142486], [0.1858591644598498, 0.340945918111433, 0.2422273615556667, 0.23096755587305035], [0.25904521595499685, 0.2744133514937428, 0.1837337995242047, 0.28280763302705564], [0.2628170374404987, 0.2848227267352442, 0.16933104342328642, 0.2830291924009711], [0.26328389707707933, 0.30788892680184693, 0.17161909114637233, 0.2572080849747015], [0.2908607477394468, 0.28858350437228125, 0.05681471308859365, 0.36374103479967834], [0.279329133170173, 0.28422444418090587, 0.10702643612069464, 0.32941998652822674], [0.15235095408231522, 0.28656873136788297, 0.38216391447515846, 0.17891640007464363], [0.2787129637435918, 0.29026888318343186, 0.06838170228086998, 0.36263645079210627], [0.29204014232070696, 0.3050862078504925, 0.0958171829912305, 0.30705646683757], [0.24929681269108384, 0.3043925936959465, 0.16099926699675013, 0.28531132661621955], [0.16496782944231322, 0.3582793500405965, 0.23013521355418556, 0.24661760696290425], [0.1575567727739604, 0.32296847319259214, 0.288368660101404, 0.2311060939320435], [0.2854452207283265, 0.3110780347736287, 0.06389075747038113, 0.3395859870276637], [0.2712051160769583, 0.2976632000739455, 0.10371845637561933, 0.3274132274734769], [0.2526752665412167, 0.2742842055111044, 0.2143358906948781, 0.25870463725280113], [0.28903117266019823, 0.25174068434906016, 0.12253951312471849, 0.33668862986602305], [0.2988836376116838, 0.31586559061738084, 0.09257832816829892, 0.29267244360263645], [0.23364941240988435, 0.32160032604577826, 0.14038872107070585, 0.3043615404736314], [0.24558361530822473, 0.3235340498543395, 0.0764176110116895, 0.35446472382574634], [0.30283577305905085, 0.207631682878584, 0.23776041099672032, 0.251772133065645], [0.10996868032933975, 0.2948211767469666, 0.41183554815377293, 0.18337459476992035], [0.22260098504910764, 0.3281968413954602, 0.15115319096027424, 0.29804898259515783], [0.18721812829431372, 0.29367967205480683, 0.272301591127713, 0.24680060852316632], [0.24089627312693923, 0.3255516132906905, 0.10615290540456468, 0.32739920817780555], [0.22571728870191482, 0.3313788071724756, 0.14585470501849995, 0.29704919910710964], [0.2655151599814943, 0.29003826907723534, 0.1172217543345844, 0.327224816606686], [0.26741093150477696, 0.22440611172167763, 0.12183463794513488, 0.3863483188284106], [0.2658384132022107, 0.2673563114288561, 0.15488550917558166, 0.31191976619335177], [0.22018408282268986, 0.3237853322998936, 0.1604974312710761, 0.29553315360634064], [0.3220132713426935, 0.1925494113018511, 0.2227957472036864, 0.26264157015176914], [0.28978657292905746, 0.2779156724665995, 0.14055619246587062, 0.29174156213847247], [0.18515179480257965, 0.3032884422058807, 0.26032144503077354, 0.25123831796076584], [0.389482855625237, 0.17691949555348463, 0.07541975520810058, 0.358177893613178], [0.3956820471439867, 0.18458845376326238, 0.04714370097600628, 0.3725857981167447], [0.32497497590173163, 0.2417002595801299, 0.10790616291427257, 0.32541860160386615], [0.2922019853756373, 0.267492704553797, 0.1634912490171492, 0.2768140610534165], [0.2518670254252617, 0.32991589530298243, 0.10370678801730351, 0.3145102912544524], [0.2836288360468186, 0.2732526561297813, 0.11320965105079145, 0.32990885677260856], [0.2261958040704049, 0.3318511435601738, 0.12893754357035417, 0.31301550879906687], [0.25338779835572944, 0.30418671943354186, 0.12104216332016866, 0.32138331889056], [0.3148466628536698, 0.28954509689054075, 0.0500025212114625, 0.34560571904432685], [0.22480075349673792, 0.2600697606512057, 0.2560403694874705, 0.259089116364586], [0.22646591839745445, 0.36409469215792756, 0.10338972651140182, 0.3060496629332162], [0.24875081001667076, 0.2956531612129361, 0.10807201500809276, 0.3475240137623007], [0.2862723843395441, 0.3033664745559297, 0.1476741929319589, 0.2626869481725669], [0.34045280614530327, 0.2506297743504425, 0.14325629284257593, 0.2656611266616785], [0.31908544712312353, 0.27739406333385586, 0.0712947138034492, 0.3322257757395714], [0.14998518021293067, 0.26496856206219693, 0.34944855481945875, 0.23559770290541376], [0.3574344916109081, 0.22122567520058442, 0.06369903845736193, 0.35764079473114563], [0.30709466838859456, 0.2930355423096234, 0.07301386952519785, 0.3268559197765842], [0.2985241695734205, 0.3123955579272996, 0.08498241011498757, 0.30409786238429254], [0.10001356740710703, 0.1934012303785075, 0.6090628487595193, 0.0975223534548664], [0.27972042226268784, 0.2535331233448645, 0.1493735514895402, 0.3173729029029075], [0.243871505411491, 0.22801861028517245, 0.2548517262259167, 0.27325815807742004], [0.27174784469389446, 0.2651672484753929, 0.12524081870267054, 0.3378440881280418], [0.30651247102371787, 0.28496810226498287, 0.07849479100725007, 0.33002463570404883], [0.2934930290561466, 0.3104704210344906, 0.05142608179146449, 0.34461046811789825], [0.2465964427014906, 0.2510139759650302, 0.20721083382624034, 0.2951787475072387], [0.2621182168220901, 0.2999302077599301, 0.09046973725055402, 0.3474818381674259], [0.305930460017464, 0.29470550302504067, 0.07313345156859893, 0.32623058538889643], [0.2395017769633936, 0.3312710938814834, 0.20280884199635232, 0.22641828715877083], [0.27516574742392375, 0.27215944431043504, 0.13490026614981457, 0.31777454211582634], [0.2108926644146114, 0.34186889739768717, 0.1079046694871046, 0.3393337687005968], [0.24210103426487145, 0.2960677542186211, 0.14153275246353947, 0.3202984590529677], [0.1334260414436612, 0.29933194366280935, 0.3316633133280568, 0.235578701565473], [0.1356706083023367, 0.308611905935734, 0.3534808377451553, 0.20223664801677402], [0.29971728074951265, 0.3360459455105402, 0.0545687970629676, 0.30966797667697943], [0.31275355034359315, 0.29001870972716964, 0.08336235021668915, 0.31386538971254796], [0.24529668476249972, 0.3337175295478547, 0.06302724258206302, 0.3579585431075828], [0.2806463285156734, 0.25275373170760645, 0.14735787502977152, 0.31924206474694883], [0.29433260835278824, 0.28239659928426025, 0.060932413266290106, 0.36233837909666156], [0.3590896783699606, 0.26309719431433326, 0.05581117605245846, 0.3220019512632478], [0.3370542204802179, 0.2519764713523146, 0.052981064115882895, 0.3579882440515848], [0.2400913670915219, 0.29145051516386306, 0.15491746023039582, 0.3135406575142195], [0.24838990426678456, 0.26385585608089773, 0.183071421472304, 0.3046828181800137], [0.1787199137653797, 0.35728791478215266, 0.2662318474698184, 0.1977603239826494], [0.19033166400871218, 0.2545248733314981, 0.2787371518396425, 0.2764063108201472], [0.10419459635953023, 0.34609532565570267, 0.3366970971206705, 0.21301298086409662], [0.22456102701563413, 0.27683840850564456, 0.22811203227834312, 0.2704885322003783], [0.23079719484068412, 0.32672126624507497, 0.14430182971495492, 0.298179709199286], [0.2949818905814854, 0.29861057729571344, 0.07397607217473297, 0.33243145994806833], [0.3906929870124544, 0.20783535660368807, 0.04096698652022507, 0.3605046698636322], [0.29408811406507707, 0.2957622852878591, 0.064564302806026, 0.34558529784103764], [0.24184154691982251, 0.34144019628304756, 0.07301202737512925, 0.3437062294220005], [0.24081969095878383, 0.3009391329875739, 0.13210731170828818, 0.3261338643453542], [0.26268946711005914, 0.29198236723994714, 0.1399412765917353, 0.30538688905825845], [0.28083080227668716, 0.3062458287342125, 0.10482617472750598, 0.3080971942615944], [0.2729713695251949, 0.2629906183418441, 0.09727189250126372, 0.3667661196316974], [0.31678316020609526, 0.30193354542192957, 0.04495948010339059, 0.3363238142685844], [0.20208019551662, 0.3230160462865575, 0.28928205983584027, 0.1856216983609825], [0.2298538893036775, 0.24678806680126858, 0.24490129942730052, 0.27845674446775337]]}}