{"test": {"ids": ["112120990", "111120280", "113121980", "112120630", "110118810", "109118701", "102112301", "98107340", "111114941", "97105451", "101108290", "111120320", "109119460", "108115570", "109118820", "108114270", "113122220", "104113210", "108113760", "100109801", "103111930", "107118490", "105114220", "101121640", "100110050", "108117451", "103113270", "100108580", "103120290", "113118630", "112116451", "101111310", "98108150", "99108310", "113119930", "111116990", "97107821", "112119580", "112117431", "107114780", "98111231", "108115070", "108117720", "103120340", "113120780", "105115380", "111121220", "99112531", "113120531", "108119550", "107112850", "100107920", "106117650", "112120670", "112118701", "109114651", "108113480", "111120531", "108114220", "107115140", "110118111", "112117660", "108121190", "99111930", "107113180", "106118820", "104112201", "101108621", "112116401", "104111380", "106115240", "109117600", "103117461", "111120190", "112121430", "103112470", "105121190", "104114410", "102109840", "110117080", "108118810", "110114950", "99107640", "110115890", "98110810", "113121680", "107118820", "98119591", "112118860", "109113881", "106113170", "110114651", "112118530", "97109570", "99109740", "106115120", "111120220", "98116090", "104109311", "107113130", "107119950", "111119610", "99120010", "108115870", "101111990", "110116501", "101111210", "112118620", "102110850", "111117571", "103110050", "97116790", "99108520", "97112170", "108118060", "111116040", "105110091", "110116441", "102118380", "105113260", "106116850", "109117630", "113122150", "101112201", "99107500", "105116501", "112117471", "98113881", "113118111", "99111340", "104118070", "97109080", "113122120", "106112770", "107114280", "111116290", "107114950", "97105960", "110119891", "108118520", "112121010", "104111620"], "labels": [2, 0, 2, 3, 1, 3, 1, 0, 0, 0, 0, 1, 1, 3, 3, 3, 1, 3, 1, 0, 3, 2, 3, 2, 3, 2, 2, 0, 2, 3, 0, 3, 0, 2, 1, 0, 2, 3, 0, 2, 1, 1, 1, 1, 0, 1, 3, 3, 0, 1, 1, 0, 1, 2, 0, 3, 0, 0, 3, 0, 1, 0, 1, 1, 3, 3, 0, 0, 0, 3, 1, 1, 0, 3, 2, 1, 2, 1, 2, 1, 1, 0, 1, 2, 1, 1, 3, 1, 3, 0, 0, 3, 1, 0, 3, 1, 3, 0, 3, 1, 3, 2, 2, 3, 2, 3, 2, 3, 3, 3, 3, 2, 2, 0, 1, 0, 0, 3, 1, 3, 3, 0, 2, 0, 0, 1, 3, 3, 1, 1, 2, 2, 1, 1, 3, 2, 3, 2, 3, 0, 2, 0], "predicted_labels": [1, 3, 3, 3, 3, 1, 1, 1, 1, 3, 3, 3, 3, 1, 1, 1, 3, 3, 1, 1, 3, 1, 3, 1, 1, 3, 3, 3, 3, 1, 3, 1, 1, 1, 3, 3, 3, 3, 1, 1, 0, 1, 3, 0, 1, 3, 1, 1, 1, 3, 1, 0, 1, 1, 1, 1, 3, 1, 3, 3, 1, 3, 1, 1, 1, 1, 3, 1, 3, 3, 1, 3, 0, 3, 1, 0, 1, 1, 1, 3, 1, 3, 1, 1, 1, 3, 1, 3, 1, 0, 1, 3, 1, 1, 1, 3, 0, 1, 3, 1, 0, 3, 1, 3, 2, 1, 1, 1, 1, 1, 1, 1, 1, 1, 3, 3, 1, 1, 3, 0, 1, 3, 1, 1, 1, 3, 1, 1, 1, 1, 1, 1, 3, 1, 1, 3, 3, 1, 1, 3, 1, 0], "confidence_scores": [[0.21573193750693762, 0.30522289736407404, 0.18651752528517238, 0.2925276398438164], [0.2624278610278611, 0.24649482315070584, 0.18858605283605293, 0.30249126298538065], [0.2838538433788434, 0.285297866022866, 0.1408676712176713, 0.28998061938061953], [0.28017722000222, 0.23138800807036117, 0.16058166114930827, 0.3278531107781105], [0.266104007430478, 0.2832334590246357, 0.1433640042963573, 0.30729852924852913], [0.23047408702408712, 0.30942473996591646, 0.15695132645132645, 0.30314984655867017], [0.21866900876900897, 0.33289207459207476, 0.13893496780996786, 0.30950394882894866], [0.2133551864801867, 0.28776001612766305, 0.21615884548028527, 0.2827259519118654], [0.22720804750804766, 0.35035886058386045, 0.14934021534021535, 0.2730928765678768], [0.27494155844155854, 0.2690987956487957, 0.17757407037407058, 0.2783855755355755], [0.2569067747182298, 0.24616941751059385, 0.1747110868663501, 0.32221272090482617], [0.20373475413475417, 0.2896134754134755, 0.19601619491619504, 0.3106355755355756], [0.23401179931179936, 0.29128189588189596, 0.18068980463980477, 0.29401650016649994], [0.2529022813787521, 0.29982681011798656, 0.18254784823020118, 0.2647230602730602], [0.2716496503496502, 0.28341473526473543, 0.18348025308025318, 0.26145536130536146], [0.19695705683205686, 0.3339005197416963, 0.1741050302638539, 0.2950373931623931], [0.2521026158052475, 0.27567893597630455, 0.16405624930624949, 0.3081621989121989], [0.2607712676212677, 0.24378235098235115, 0.2017316849816851, 0.29371469641469655], [0.2215264937676703, 0.31856937115172396, 0.18027104790634202, 0.2796330871742638], [0.23686633725751388, 0.30209085914085937, 0.18653189229071587, 0.2745109113109113], [0.23293766788766784, 0.2742298423798423, 0.1799970335220336, 0.3128354562104565], [0.23909201435819077, 0.30015234765234766, 0.22355389447154167, 0.23720174351792003], [0.2713380674880675, 0.26604019869019885, 0.186583868908869, 0.2760378649128651], [0.23976168031315104, 0.2838234615058143, 0.19754572535307838, 0.27886913282795656], [0.23122572982572986, 0.3006638675050442, 0.22204206340615007, 0.24606833926307634], [0.2744937534687535, 0.27447251441369097, 0.17068939589821958, 0.2803443362193362], [0.18337499167499174, 0.28249148629148646, 0.21338806193806203, 0.32074546009546007], [0.26273563658563664, 0.23848730158730178, 0.1994754634254635, 0.29930159840159837], [0.2038505621829153, 0.2607500368912135, 0.25752654600301667, 0.27787285492285496], [0.21300553890553897, 0.31603844211344223, 0.22659632312132316, 0.244359695859696], [0.3110483460983461, 0.23268729603729613, 0.1451036852036853, 0.3111606726606726], [0.22449327894327903, 0.2947355089355091, 0.21302178377178388, 0.2677494283494286], [0.23134499666999664, 0.30431484348984345, 0.20478555529437878, 0.2595546045457812], [0.23064950371266169, 0.2913169330669329, 0.19476580145001204, 0.2832677617703934], [0.25198404928404927, 0.2661112110112111, 0.15125187590187594, 0.33065286380286374], [0.22607968975468984, 0.25345960983461, 0.16985597180597187, 0.3506047286047285], [0.24203330558330569, 0.237184448884449, 0.22090422632922643, 0.29987801920301893], [0.2374714812964815, 0.26545409672027326, 0.1926572161498633, 0.3044172058333824], [0.23785673574791227, 0.32328552003551975, 0.12634963924963932, 0.31250810496692843], [0.18902386698269047, 0.31396796340913974, 0.20917619047619052, 0.2878319791319792], [0.2914421300921304, 0.2610692751692753, 0.1816735542235543, 0.2658150405150407], [0.2350742123889183, 0.3622634855340738, 0.1697262991910051, 0.23293600288600289], [0.2621808857808858, 0.2043407675657678, 0.17450329670329676, 0.35897504995004986], [0.27713367743367756, 0.24323880367998005, 0.2270523643023643, 0.2525751545839781], [0.2377770285270285, 0.30808623043623046, 0.1534041403041404, 0.3007326007326007], [0.18785391830391832, 0.2730753246753248, 0.2530047785547786, 0.2860659784659786], [0.2275163614163616, 0.3250784922679659, 0.16420534611587242, 0.2831998001998001], [0.24897914944532595, 0.3135028915528916, 0.21096843075225433, 0.22654952824952837], [0.22027522477522493, 0.3372714341214341, 0.1499461891050127, 0.2925071519983285], [0.24067499167499173, 0.2545727217227219, 0.231901098901099, 0.27285118770118777], [0.24022126762126764, 0.33339446664446665, 0.18299707792207803, 0.24338718781218782], [0.3463433094683092, 0.24029834609834627, 0.16323744311244315, 0.2501209013209014], [0.23303164613164615, 0.2961385503385504, 0.19856253191253212, 0.27226727161727166], [0.2024369416531181, 0.3348827430739195, 0.1792091669768141, 0.28347114829614845], [0.2563621494518553, 0.3394276612276613, 0.11989422195451613, 0.2843159673659674], [0.2456542235542237, 0.29290260017760017, 0.20309591519591524, 0.2583472610722612], [0.2270495948495949, 0.25489946164946164, 0.21322681958564302, 0.3048241239153005], [0.29496213231213236, 0.3134635808635809, 0.14971028416028417, 0.24186400266400282], [0.25546900321900334, 0.2517104118104119, 0.1847279811691578, 0.3080926038014273], [0.2556991341991342, 0.20647846320346327, 0.2006282709120945, 0.33719413168530804], [0.2363535746932806, 0.3238272449772451, 0.18181432962462385, 0.25800485070485096], [0.2542947052947053, 0.29008931623931644, 0.1585713813963815, 0.2970445970695972], [0.20655354367854373, 0.34033023088023084, 0.2030864496614497, 0.25002977577977586], [0.2505951381951383, 0.2745669330669333, 0.21648723498723482, 0.2583506937506938], [0.20347343212343214, 0.2815710067710068, 0.23923861416361428, 0.27571694694194704], [0.22798948828948826, 0.3297180375180374, 0.19889723609723614, 0.2433952380952382], [0.2723930153180153, 0.2673564574314576, 0.14896325896325902, 0.3112872682872684], [0.2517612554112555, 0.3132712842712843, 0.1806396214896215, 0.25432783882783894], [0.27864314851814875, 0.2503709651459652, 0.16317973415473425, 0.3078061521811523], [0.23463519846166914, 0.2631382447617742, 0.17363268398268408, 0.32859387279387287], [0.2506271006771008, 0.32957334887334905, 0.16405533355533358, 0.25574421689421706], [0.2581549672549673, 0.22648886946386962, 0.20549912228294584, 0.3098570409982173], [0.29869873231343824, 0.28304684074095837, 0.1556934503405091, 0.26256097660509436], [0.2347688450438452, 0.2696030525030528, 0.20998399851782223, 0.2856441039352804], [0.24235636030636026, 0.29958827838827834, 0.19525846375846384, 0.26279689754689745], [0.292516134192605, 0.2382744779730076, 0.22584213841713846, 0.24336724941724946], [0.18209679013796673, 0.3370065006888535, 0.20122007665537084, 0.2796766325178092], [0.2048760323010323, 0.28425877733377736, 0.23029430014430025, 0.28057089022089027], [0.23986325341325357, 0.30348097458097467, 0.1972869463869463, 0.2593688256188257], [0.21972117327117338, 0.27792035742035737, 0.17656605061605068, 0.32579241869241854], [0.2099098509333804, 0.32239377289377286, 0.16921173695585462, 0.2984846392169923], [0.25298508991008994, 0.24802605450105453, 0.17911404983905, 0.31987480574980554], [0.24800228105228117, 0.287418722617252, 0.23645976556123635, 0.2281192307692307], [0.27213394660894663, 0.29272548562548556, 0.16203009572127228, 0.2731104720442958], [0.25248623957741617, 0.29955696525696524, 0.25165476386358754, 0.19630203130203158], [0.2241564047064047, 0.26152193917193917, 0.2068584970584972, 0.30746315906315924], [0.20437158952158957, 0.32632384004884, 0.21167085692085708, 0.25763371350871356], [0.2413921595947912, 0.26514168609168626, 0.20327481203007525, 0.2901913422834477], [0.2195691114441115, 0.3352541958041959, 0.19501384726384746, 0.25016284548784556], [0.31976681096681114, 0.2664004218004219, 0.15112998112998122, 0.26270278610278625], [0.24183715173715195, 0.3387713286713284, 0.16022532467532474, 0.25916619491619497], [0.2695301642801643, 0.25747990702108353, 0.1460479686979687, 0.3269419600007837], [0.2541799728049729, 0.2763143670055434, 0.19786412476412482, 0.27164153542535924], [0.2547136474636476, 0.286399123099123, 0.17521253191253208, 0.28367469752469754], [0.20507447079064728, 0.29129970307470326, 0.22630228578610945, 0.27732354034854045], [0.241283659804248, 0.24624124176477127, 0.15361699019934327, 0.3588581082316375], [0.3002995393495396, 0.2892731823731824, 0.13731555111555116, 0.2731117271617274], [0.22745396270396287, 0.29402489814107463, 0.18870431790431785, 0.2898168212506449], [0.26414467754467774, 0.27744964202464206, 0.16994718892218894, 0.2884584915084915], [0.2473463813963814, 0.2948596653346655, 0.21440821678321687, 0.24338573648573666], [0.288110372960373, 0.27239895659895663, 0.18376139971139976, 0.25572927072927076], [0.2768260350760351, 0.271696572871573, 0.15192142579642598, 0.2995559662559664], [0.26041503496503493, 0.2997434439829174, 0.17814009470062106, 0.26170142635142635], [0.2595530913530914, 0.254678540903541, 0.1880377011877012, 0.29773066655566627], [0.21148655788655793, 0.2573376567876569, 0.2672752747252748, 0.2639005106005105], [0.22940079920079914, 0.32037358752358763, 0.16066170496170507, 0.28956390831390816], [0.25092087634587656, 0.2806750083250086, 0.20054671162171173, 0.2678574037074038], [0.23309049284049282, 0.32724523809523787, 0.1775466089466091, 0.26211766011766013], [0.21180516150516143, 0.3411093018093019, 0.18861895881895896, 0.2584665778665779], [0.2564917610167612, 0.2805696692196692, 0.19243704073704074, 0.27050152902652913], [0.210043772893773, 0.3043656288156287, 0.23580356865356877, 0.2497870296370297], [0.23122013035983646, 0.2924773892773893, 0.24727330675860096, 0.2290291736041737], [0.21437112887112902, 0.2808577061827062, 0.2581787518037519, 0.24659241314241326], [0.2643979755538579, 0.3158423677629561, 0.16719379509379528, 0.2525658615893911], [0.25551764542646915, 0.26374078503196163, 0.198685730935731, 0.28205583860583866], [0.2605734376734377, 0.2263576784326785, 0.1474399850149851, 0.3656288988788991], [0.2164756021756023, 0.33253272838272807, 0.1633225191475191, 0.2876691502941504], [0.20732829670329675, 0.3601537859199623, 0.15965755829138195, 0.2728603590853591], [0.2180512229600465, 0.26311307026307046, 0.23822690169307822, 0.28060880508380515], [0.2894527694527696, 0.2802653957153958, 0.1549007881007881, 0.27538104673104685], [0.17340391275391293, 0.29082180874680874, 0.2678648989898991, 0.2679093795093795], [0.2930819014319014, 0.24934057054057063, 0.14732035537561863, 0.31025717265190966], [0.2474122211122212, 0.29313777888777903, 0.18572137584637585, 0.2737286241536242], [0.2351347180597181, 0.3213252608502607, 0.164014985014985, 0.27952503607503615], [0.23296987456987459, 0.33492562437562434, 0.20032473082473098, 0.23177977022977042], [0.25113442945942943, 0.26511966921966945, 0.2057537046287046, 0.2779921966921967], [0.22786399156399167, 0.3325217726717727, 0.1793309024309025, 0.2602833333333335], [0.2557388129414446, 0.3086200536305801, 0.17442540471224685, 0.26121572871572873], [0.24302753357753357, 0.31416151348651367, 0.17503549783549796, 0.26777545510045503], [0.2120510525422291, 0.3320345876345876, 0.23060040988423344, 0.22531394993895], [0.21267654012654025, 0.28875247252747255, 0.23752208069708083, 0.2610489066489067], [0.24184784104784116, 0.283922222222222, 0.23010913530913538, 0.24412080142080164], [0.22899076479076474, 0.29770504495504496, 0.1593142413142413, 0.31398994893994897], [0.1968060384060386, 0.3274118326118326, 0.21471149406149415, 0.26107063492063504], [0.24086572871572876, 0.29057832167832165, 0.19814877344877355, 0.27040717615717624], [0.2722480075480075, 0.24925657120657138, 0.17324852165378488, 0.30524689959163637], [0.24061035631035643, 0.23352578532578538, 0.20756507381507394, 0.31829878454878474], [0.24762797757797766, 0.28558196248196244, 0.18505271591153966, 0.2817373440285206], [0.2572547390517978, 0.28817175504234344, 0.17441170137052497, 0.2801618045353343], [0.260450271950272, 0.2689910089910093, 0.17246992451992468, 0.29808879453879444], [0.22341492396492404, 0.3491844838168369, 0.1898601898101898, 0.23754040240804958], [0.3709198634698634, 0.2573744477744479, 0.15431754911754914, 0.2173881396381397]]}, "rewritten": {"ids": ["97105451", "97105960", "97107821", "97109080", "97109570", "97112170", "97116790", "98107340", "98108150", "98110810", "98111231", "98113881", "98116090", "98119591", "99107500", "99107640", "99108310", "99108520", "99109740", "99111340", "99111930", "99112531", "99120010", "100107920", "100108580", "100109801", "100110050", "101108290", "101108621", "101111210", "101111310", "101111990", "101112201", "101121640", "102109840", "102110850", "102112301", "102118380", "103110050", "103111930", "103112470", "103113270", "103117461", "103120290", "103120340", "104109311", "104111380", "104111620", "104112201", "104113210", "104114410", "104118070", "105110091", "105113260", "105114220", "105115380", "105116501", "105121190", "106112770", "106113170", "106115120", "106115240", "106116850", "106117650", "106118820", "107112850", "107113130", "107113180", "107114280", "107114780", "107114950", "107115140", "107118490", "107118820", "107119950", "108113480", "108113760", "108114220", "108114270", "108115070", "108115570", "108115870", "108117451", "108117720", "108118060", "108118520", "108118810", "108119550", "108121190", "109113881", "109114651", "109117600", "109117630", "109118701", "109118820", "109119460", "110114651", "110114950", "110115890", "110116441", "110116501", "110117080", "110118111", "110118810", "110119891", "111114941", "111116040", "111116290", "111116990", "111117571", "111119610", "111120190", "111120220", "111120280", "111120320", "111120531", "111121220", "112116401", "112116451", "112117431", "112117471", "112117660", "112118530", "112118620", "112118701", "112118860", "112119580", "112120630", "112120670", "112120990", "112121010", "112121430", "113118111", "113118630", "113119930", "113120531", "113120780", "113121680", "113121980", "113122120", "113122150", "113122220"], "labels": [0, 2, 2, 2, 0, 0, 2, 0, 0, 1, 1, 3, 0, 1, 0, 1, 2, 2, 3, 1, 1, 3, 2, 0, 0, 0, 3, 0, 0, 2, 3, 2, 0, 2, 2, 3, 1, 1, 3, 3, 1, 2, 0, 2, 1, 3, 3, 0, 0, 3, 1, 2, 0, 3, 3, 1, 1, 2, 1, 0, 1, 1, 3, 1, 3, 1, 1, 3, 3, 2, 3, 0, 2, 3, 3, 0, 1, 3, 3, 1, 3, 3, 2, 1, 1, 0, 1, 1, 1, 0, 3, 1, 0, 3, 3, 1, 3, 0, 2, 3, 3, 1, 1, 1, 3, 0, 0, 2, 0, 3, 2, 3, 3, 0, 1, 0, 3, 0, 0, 0, 3, 0, 1, 3, 0, 3, 3, 3, 2, 2, 2, 2, 1, 3, 1, 0, 0, 1, 2, 1, 2, 1], "predicted_labels": [0, 3, 0, 1, 3, 0, 1, 1, 3, 2, 0, 1, 1, 1, 1, 1, 1, 1, 1, 1, 3, 1, 1, 0, 3, 1, 1, 3, 3, 3, 1, 3, 1, 1, 1, 1, 1, 1, 1, 3, 1, 3, 1, 1, 1, 1, 3, 3, 3, 0, 3, 1, 1, 0, 1, 1, 1, 1, 1, 1, 3, 1, 3, 1, 1, 1, 1, 1, 1, 1, 3, 0, 1, 1, 1, 3, 1, 3, 1, 1, 1, 3, 3, 3, 3, 3, 1, 3, 1, 0, 3, 3, 3, 1, 0, 3, 3, 3, 1, 3, 3, 1, 1, 1, 3, 1, 3, 3, 3, 1, 1, 1, 0, 3, 3, 1, 1, 1, 0, 1, 1, 3, 1, 1, 1, 1, 3, 3, 1, 3, 1, 1, 1, 1, 3, 1, 1, 3, 3, 3, 3, 3], "confidence_scores": [[0.33153717393717375, 0.29810804473304475, 0.1250711122211123, 0.24528366910866914], [0.22889903984904011, 0.2271652736152737, 0.22708273393273395, 0.3168529526029525], [0.33194309579309567, 0.22476031746031758, 0.15995631035631044, 0.2833402763902762], [0.21079925042277992, 0.32928832637950295, 0.19470582979112405, 0.26520659340659347], [0.26312454212454234, 0.2621747335997336, 0.1917405844155846, 0.2829601398601399], [0.346215738346621, 0.2622296943252827, 0.1653865755159873, 0.2261679918121095], [0.20757438394938396, 0.29444288015905673, 0.25479476471241186, 0.24318797117914784], [0.2009755189255189, 0.3127397102897103, 0.21140944610944631, 0.2748753246753248], [0.2435616494616494, 0.28272304084804084, 0.188307450882451, 0.28540785880785885], [0.24598885558885572, 0.24286968864468877, 0.2700241877403644, 0.2411172680260918], [0.29422164677427837, 0.24053528138528157, 0.17382786453312785, 0.2914152073073125], [0.23530711086299327, 0.3743678228634111, 0.17009956709956717, 0.22022549917402873], [0.18905550560550569, 0.34649346845964507, 0.17982762237762248, 0.28462340355722704], [0.2472270507270508, 0.30602688700188685, 0.1986136974136975, 0.24813236485736517], [0.2531732767232767, 0.3460708974032503, 0.1646698190698192, 0.2360860068036537], [0.214876156210939, 0.2837065009017694, 0.2513930421879912, 0.2500243006993009], [0.19331925296925306, 0.3526167623226445, 0.22483553701200756, 0.22922844769609466], [0.20655557106292421, 0.30281600229835526, 0.2513392241745185, 0.23928920246420263], [0.20900950993451, 0.2879752664002664, 0.22013719336219345, 0.2828780303030305], [0.18400070111048372, 0.34987531933823485, 0.21720158609506432, 0.24892239345621703], [0.224219536019536, 0.2795383422133423, 0.2102014568764569, 0.28604066489066493], [0.26967512487512496, 0.3575203998615764, 0.18306230436230442, 0.18974217090099446], [0.25707714785214797, 0.2864407176157178, 0.20787702297702315, 0.24860511155511156], [0.3949095904095902, 0.24662009379509395, 0.1348032550782551, 0.2236670607170609], [0.25198567821067824, 0.2501911921411923, 0.21019343711843724, 0.28762969252969256], [0.2563228423537247, 0.3026931530887414, 0.16517933455433462, 0.2758046700031994], [0.21867187128018348, 0.3780088358217515, 0.1780900721188447, 0.22522922077922086], [0.2808354312354313, 0.23183370240870235, 0.14086628926628933, 0.3464645770895769], [0.21714490509490514, 0.29099447219447216, 0.14728004773004785, 0.34458057498057476], [0.25794502953187187, 0.26202022739902003, 0.1829715144332792, 0.2970632286358292], [0.21224139749139767, 0.3288165683989214, 0.1993389652830831, 0.25960306882659845], [0.20114525197025207, 0.26674912864912864, 0.24275034132534143, 0.28935527805527794], [0.22837474192474208, 0.3398434926184927, 0.17444687812187823, 0.2573348873348874], [0.23249473026973036, 0.27932047119547126, 0.21246145521145526, 0.27572334332334364], [0.2633371318739742, 0.278340579595843, 0.21214013764013773, 0.24618215089004583], [0.21780906496884767, 0.36777894267568206, 0.18307758787106618, 0.23133440448440454], [0.22523083583083595, 0.32315246522483365, 0.20166176221439386, 0.24995493672993677], [0.23092199663082025, 0.3018159063159065, 0.22597634391752053, 0.24128575313575318], [0.21724136974136976, 0.30650678765678774, 0.25778112443112444, 0.2184707181707182], [0.25384838532640397, 0.25887251791895777, 0.1960386375062847, 0.29124045924835407], [0.259287284937285, 0.28342353202353193, 0.1902173909423909, 0.26707179209679216], [0.21620804554922218, 0.25292593044210704, 0.23022747089511814, 0.3006385531135529], [0.29211356602334854, 0.30731473156000005, 0.15484318779401915, 0.24572851462263218], [0.20928645798645804, 0.3127842157842156, 0.24535207015207003, 0.2325772560772562], [0.25256503089834303, 0.28887031600823154, 0.1887308702096427, 0.26983378288378324], [0.22857811077811083, 0.3054227855477856, 0.16942351357792532, 0.29657559009617834], [0.24014013209013207, 0.2562302891552893, 0.19422595460095468, 0.30940362415362427], [0.2885889776889778, 0.2639262404262405, 0.14829287656787662, 0.2991919053169053], [0.28056732434232445, 0.23874165556665575, 0.1597825896325897, 0.3209084304584302], [0.2732308635808637, 0.2638320623820625, 0.2009163447663448, 0.2620207292707293], [0.24347536158073269, 0.24808923483450357, 0.18915766498349618, 0.319277738601268], [0.18978741025056817, 0.3106467476967476, 0.21448885062306122, 0.28507699142962306], [0.26621809856809864, 0.3091544067044065, 0.19013431568431569, 0.2344931790431791], [0.32143829781329797, 0.23723795926295946, 0.16999864579864585, 0.2713250971250972], [0.2607945831945834, 0.3029171289494819, 0.18187791097791103, 0.25441037687802415], [0.19762682872682882, 0.30637236374736376, 0.2602289904539906, 0.23577181707181716], [0.24580911310911324, 0.29388994061494045, 0.17157513597513596, 0.28872581030081024], [0.21365443445443455, 0.3393229048729048, 0.1963501443001443, 0.2506725163725164], [0.1837830835830836, 0.2965679265179266, 0.24659447219447236, 0.2730545177045177], [0.27340532704010967, 0.32026211228385126, 0.12636909081256914, 0.2799634698634699], [0.2980089965589966, 0.21665297757797766, 0.14298807581307588, 0.3423499500499501], [0.2533570891097209, 0.339257134850014, 0.18265939294623507, 0.22472638309403023], [0.24594466547944813, 0.25422893957420833, 0.22724533287116416, 0.2725810620751799], [0.25988196803196817, 0.3015560233883765, 0.19596027306027317, 0.24260173551938266], [0.21813564213564227, 0.3099732600732602, 0.20174542124542122, 0.2701456765456765], [0.21867068487068494, 0.31598780386280384, 0.21253965021906193, 0.25280186104744956], [0.2318695693195694, 0.2797748462321994, 0.23878580308580316, 0.24956978136242852], [0.1968055245923668, 0.2780981942034575, 0.2614094461094462, 0.2636868350947299], [0.22894686424686442, 0.30516375291375314, 0.20073399100899103, 0.2651553918303919], [0.20409975579975584, 0.3418935286935286, 0.1918522089022088, 0.2621545066045068], [0.24832011877011878, 0.2574991952491953, 0.20591828171828191, 0.2882624042624042], [0.3033858724608725, 0.2329686147186148, 0.21150286102786112, 0.252142651792652], [0.2274620546120547, 0.3050641136641136, 0.2135163336663338, 0.2539574980574981], [0.20517065516183175, 0.29893017538017536, 0.2018904392992629, 0.2940087301587302], [0.2616528004817008, 0.30591516282807824, 0.19284619116319898, 0.2395858455270222], [0.2260167637917639, 0.25203616485853336, 0.1904098965963517, 0.3315371747533513], [0.2734860861360862, 0.2929951936951936, 0.16542594072594075, 0.26809277944277937], [0.2622446053946055, 0.2673574536574537, 0.19726202490320147, 0.27313591604473964], [0.2476393384393384, 0.31456364191364194, 0.1639308053058054, 0.27386621434121433], [0.23630280450543614, 0.31318088578088576, 0.18890989916516238, 0.261606410548516], [0.19754752828870484, 0.32370559244676894, 0.17761134257898956, 0.30113553668553655], [0.27261990819637877, 0.2230749869411635, 0.17319471247706547, 0.3311103923853923], [0.22689054050524649, 0.2921329660535543, 0.16788858135328744, 0.3130879120879119], [0.29062160421278077, 0.21984125041625055, 0.1367103896103896, 0.3528267557605791], [0.23472152569652585, 0.2381839105339106, 0.2126665612165612, 0.3144280025530026], [0.23614474773592428, 0.22730504577122232, 0.18711447555712268, 0.349435730935731], [0.23525233100233103, 0.33577096792096783, 0.16424260739260757, 0.2647340936840938], [0.2605001776001777, 0.22497163947163962, 0.19025239205239203, 0.32427579087579067], [0.24635960150960162, 0.2855049910873442, 0.18350032190032203, 0.28463508550273275], [0.3034858336108337, 0.24869941169941176, 0.17303848651348655, 0.2747762681762681], [0.23070540570540585, 0.28558354978354994, 0.19007069042069047, 0.2936403540903542], [0.26845947940947934, 0.24265310767663723, 0.18716813023577739, 0.30171928267810616], [0.23600412920412936, 0.29931401098901095, 0.16414427516927527, 0.3005375846375845], [0.23693128538128558, 0.2987668664668664, 0.17800957930957942, 0.2862922688422689], [0.2919129759129761, 0.26604254634254665, 0.1964722000222002, 0.2455722777222778], [0.21854046280516876, 0.27745556632909574, 0.22469769413592947, 0.2793062767298063], [0.243173922482746, 0.271360495060495, 0.17874081833199484, 0.3067247641247641], [0.2367708902208903, 0.2577697552447554, 0.1735737290487292, 0.33188562548562567], [0.21730496627555446, 0.3598853504338797, 0.15923689529424834, 0.2635727879963176], [0.2625292929292929, 0.2645477300477302, 0.17503064811006008, 0.29789232891291717], [0.2582576181987947, 0.276032437007437, 0.1894147852147853, 0.2762951595789831], [0.20441648629148634, 0.3007175019425019, 0.217397217488394, 0.2774687942776177], [0.24007670799833272, 0.2735938939782493, 0.2128473486658269, 0.2734820493575912], [0.2642637473637473, 0.327553081885435, 0.1649298423798424, 0.24325332837097546], [0.2639660256410257, 0.276997185004538, 0.17646156066156077, 0.28257522869287566], [0.22122000548471146, 0.3653831519787403, 0.19616299305269896, 0.2172338494838495], [0.2346974487500805, 0.24060041625041625, 0.15209853830380163, 0.3726035966957019], [0.2455932511932513, 0.24709714452214465, 0.19678994338994343, 0.3105196608946609], [0.2404536075036076, 0.274947732822733, 0.18003836996337005, 0.3045602897102897], [0.2529049075107899, 0.3581290144496027, 0.16446484626484642, 0.2245012317747614], [0.2660503912753913, 0.29588489843489846, 0.1878392024642025, 0.250225507825508], [0.26768462109785657, 0.27803250442368105, 0.18322021769080596, 0.2710626567876569], [0.3241149184149185, 0.30458175158175144, 0.14569680515562877, 0.22560652484770136], [0.26707306859806856, 0.24320009435009451, 0.18136321733821753, 0.30836361971361975], [0.23197893217893206, 0.26861570096570114, 0.19527918192918206, 0.30412618492618493], [0.2848053529803531, 0.3214285242535245, 0.1471696636696637, 0.24659645909645925], [0.26655673493173515, 0.28263034188034186, 0.2028422632922634, 0.24797065989566008], [0.2524316183816184, 0.29305713730713717, 0.16955372405372404, 0.28495752025752036], [0.3637484015984015, 0.2647196914196916, 0.15730272227772238, 0.21422918470418498], [0.22970019600282762, 0.34531787770193323, 0.1711225007534607, 0.2538594255417787], [0.23808134365634376, 0.3310856088356088, 0.1764525058275058, 0.2543805416805418], [0.24108321678321684, 0.2641836025086027, 0.1597461316461318, 0.33498704906204896], [0.21218150542268197, 0.31353515585721486, 0.2171436752789695, 0.2571396634411341], [0.23680319957819967, 0.32179557942057924, 0.2080623218284985, 0.2333388991727229], [0.29355130147630154, 0.4036269841269839, 0.1558346847596848, 0.1469870296370297], [0.2764850901936042, 0.3273221339032485, 0.18024734943419163, 0.21594542646895584], [0.26834337606837627, 0.26406996614496636, 0.19466283161283168, 0.27292382617382627], [0.2837736985236986, 0.25133152958152954, 0.15795814740814754, 0.30693662448662434], [0.20038609723609727, 0.30696221001221013, 0.21944477189477182, 0.273206920856921], [0.23747469752469752, 0.27498013098013113, 0.18802045732045738, 0.29952471417471427], [0.21964452214452215, 0.3286961038961038, 0.17521227383727386, 0.27644710012210016], [0.22659589299589294, 0.2909341658341658, 0.20595045510045515, 0.2765194860694862], [0.22531002506265674, 0.3685435468040732, 0.1589456705575126, 0.24720075757575763], [0.21089113386613403, 0.37035319125319116, 0.16596449938949956, 0.25279117549117575], [0.24000755355755365, 0.2850646352443566, 0.14543628213891388, 0.32949152905917617], [0.2393418912928504, 0.31962166384340296, 0.18464269416999612, 0.25639375069375075], [0.18532920967920988, 0.3522819569319568, 0.16860997058497051, 0.2937788628038629], [0.23359509934509945, 0.2791450002611767, 0.17500116272616292, 0.3122587376675611], [0.2348355069766835, 0.289909075891429, 0.1545055744908686, 0.3207498426410192], [0.20360271950271955, 0.29824973914973896, 0.17203078588078596, 0.32611675546675556], [0.2600129176379178, 0.2841653651903652, 0.16388778443778457, 0.2919339327339326], [0.23487603507603513, 0.27322128427128434, 0.19292025197025212, 0.2989824286824287]]}}