{"test": {"ids": ["112117210", "100108490", "97107260", "103118110", "112118530", "104113000", "111120540", "100110050", "104111990", "111116090", "100109311", "97106591", "106114321", "113120591", "110119891", "104116441", "108116070", "102112030", "107112840", "102109840", "111119930", "100115700", "102116500", "111115910", "110114321", "109119450", "97108520", "112116880", "98107340", "97113260", "103111170", "110116170", "97105580", "101121640", "99107300", "112117030", "108114200", "105113620", "101113210", "111119580", "103113270", "112116290", "106118520", "113120601", "105117351", "98110810", "102110050", "99111930", "107119130", "107114140", "107119390", "97116800", "106116441", "108121410", "105119950", "101111990", "105120280", "99110730", "107114280", "113119930", "103117461", "110121500", "101108080", "102111990", "107120010", "102114270", "106115240", "97116410", "105115380", "110114920", "98120530", "99117740", "112117431", "98108370", "113119300", "112118161", "103117200", "101111210", "113122160", "98111231", "102109010", "107114321", "110120640", "97107040", "100109890", "103120340", "113118690", "112120540", "101108121", "106121220", "99112531", "109115211", "112116800", "100113370", "110116441", "110118111", "105116090", "111116411", "102117351", "108115570", "112120270", "107118490", "105110251", "112116850", "107113840", "101112160", "110117080", "107113200", "111116170", "106118820", "98110230", "105113170", "113121750", "113121980", "103111620", "108115070", "97106970", "100113210", "99109780", "100108520", "105115720", "112121410", "102108621", "109114030", "105115250", "100108080", "110121450", "113121190", "113119480", "107115140", "113119450", "102121700", "108118810", "99114890", "110118630", "108113700", "109118231", "113122220", "98112170", "104114230", "101109370", "109120540"], "labels": [1, 2, 2, 2, 1, 1, 1, 3, 2, 3, 1, 1, 2, 0, 3, 1, 1, 2, 1, 2, 1, 1, 1, 2, 1, 3, 2, 0, 0, 1, 2, 0, 1, 2, 3, 2, 0, 0, 3, 3, 2, 0, 2, 2, 0, 1, 3, 1, 1, 2, 2, 0, 0, 0, 3, 2, 3, 3, 3, 1, 0, 3, 0, 2, 1, 3, 1, 3, 1, 3, 1, 2, 0, 1, 1, 0, 0, 2, 3, 1, 1, 0, 0, 2, 3, 1, 3, 3, 0, 1, 3, 0, 0, 3, 3, 1, 1, 0, 1, 3, 0, 2, 0, 0, 3, 3, 1, 0, 0, 3, 3, 0, 0, 2, 0, 1, 2, 0, 2, 2, 1, 0, 3, 1, 2, 0, 3, 1, 3, 0, 3, 1, 1, 2, 1, 0, 1, 1, 3, 2, 1, 1], "predicted_labels": [1, 1, 3, 0, 1, 3, 3, 1, 3, 3, 0, 1, 1, 3, 3, 1, 3, 0, 1, 1, 3, 0, 1, 3, 3, 3, 1, 1, 3, 1, 1, 3, 1, 3, 3, 3, 1, 1, 3, 0, 3, 0, 1, 1, 1, 1, 3, 1, 3, 1, 1, 0, 3, 1, 0, 3, 1, 3, 1, 1, 3, 3, 0, 0, 3, 1, 1, 3, 3, 1, 3, 0, 3, 3, 1, 0, 1, 3, 1, 0, 3, 3, 3, 3, 3, 3, 3, 1, 0, 3, 3, 3, 3, 3, 1, 1, 3, 0, 1, 3, 3, 1, 1, 3, 1, 1, 3, 1, 3, 1, 0, 3, 1, 3, 3, 1, 3, 3, 1, 0, 3, 3, 0, 0, 1, 1, 3, 3, 3, 3, 3, 3, 3, 3, 3, 3, 1, 0, 3, 3, 1, 1], "confidence_scores": [[0.20825916305916314, 0.3037413047736574, 0.18673028474793188, 0.30126924741924743], [0.2361046453546455, 0.2709602933873831, 0.22270497467788503, 0.2702300865800868], [0.2020433843933845, 0.2804608114108114, 0.21219829892329897, 0.30529750527250527], [0.2694753524253526, 0.2629882201132202, 0.20969181651681665, 0.257844610944611], [0.20127830306947955, 0.32583692059574404, 0.18514069264069266, 0.2877440836940838], [0.20356457431457448, 0.26844399097634397, 0.20191998393763108, 0.3260714507714509], [0.2755248046071576, 0.2653015429015429, 0.16700846571728928, 0.2921651867740103], [0.21402493617493623, 0.27133898878898877, 0.2605053169053169, 0.2541307581307583], [0.2356244311244314, 0.27631292041292044, 0.21029425019425022, 0.2777683982683984], [0.27070261960261965, 0.2538684704184705, 0.11874639249639253, 0.3566825174825176], [0.34291176046176036, 0.26476077256077263, 0.12200628260628262, 0.2703211843711845], [0.26078214563214575, 0.2809972166722168, 0.19049050949050958, 0.2677301282051283], [0.28028037518037513, 0.28216289266289274, 0.15729790764790771, 0.2802588245088246], [0.22212295759795775, 0.27431822736087436, 0.1894476412476412, 0.314111173793527], [0.2040398545898546, 0.3058127983127984, 0.174891774891775, 0.3152555722055724], [0.21756818491965565, 0.3220161319073083, 0.17428887942123247, 0.2861268037518036], [0.25460920190920205, 0.2994846264846266, 0.14038659673659684, 0.30551957486957493], [0.28024356754356744, 0.2400828144078145, 0.20770470640470656, 0.2719689116439118], [0.2506186147186148, 0.32694643689643677, 0.19215630480630488, 0.23027864357864378], [0.21353295870795858, 0.3347626262626262, 0.20490256687756692, 0.2468018481518482], [0.21175611055611065, 0.2728583831201479, 0.23603831609566928, 0.2793471902280726], [0.3014668220668222, 0.24424105339105348, 0.17966057276057276, 0.27463155178155174], [0.24085617715617721, 0.2982116050616051, 0.17840969030969034, 0.28252252747252743], [0.2442240703740704, 0.2715950604950607, 0.18804432234432253, 0.2961365467865467], [0.23150980408480418, 0.2941470695970695, 0.17121356976356977, 0.3031295565545566], [0.17230430125430132, 0.26112263096380744, 0.22330261992909065, 0.34327044785280064], [0.23645098790098795, 0.30926177156177154, 0.1806532578532579, 0.2736339826839827], [0.19813453213453222, 0.294551875575405, 0.22388695781342843, 0.2834266344766347], [0.24459473859473857, 0.24780033855033867, 0.2069767732267734, 0.30062814962814965], [0.266191552891553, 0.27016649739149745, 0.23009759684759695, 0.2335443528693531], [0.28157994227994243, 0.2882352924852925, 0.1600745032745033, 0.270110261960262], [0.25450324120324125, 0.28872513042513037, 0.14614019509901863, 0.31063143327260967], [0.24635548895548903, 0.3296600788100788, 0.1769577145077147, 0.24702671772671778], [0.24318228160728161, 0.2717852564102563, 0.20204593184593186, 0.28298653013653036], [0.2683727328227328, 0.27688681873681886, 0.16357022422022424, 0.2911702242202242], [0.18085309690309695, 0.3012555369467135, 0.21446014459396817, 0.30343122155622165], [0.22100847485847488, 0.3088288267288267, 0.18066849261849266, 0.28949420579420587], [0.20326815961815967, 0.32325945925419597, 0.22938895344421675, 0.24408342768342775], [0.2703399961149963, 0.25457863525363533, 0.15257313242313245, 0.32250823620823627], [0.3167656870906872, 0.2657504551004552, 0.15668174048174055, 0.2608021173271173], [0.17870582750582759, 0.26964036519036505, 0.24309089244089252, 0.30856291486291487], [0.33198221223221225, 0.2738393384393384, 0.13904624819624828, 0.25513220113220136], [0.22306875901875906, 0.3171884337884339, 0.2238812520812521, 0.23586155511155524], [0.20152622932622935, 0.3135190353763883, 0.19968382010146715, 0.28527091519591546], [0.24140671828171845, 0.31859916194916177, 0.12757092352092353, 0.31242319624819626], [0.2364155899655899, 0.27350925740925747, 0.24001462426462444, 0.25006052836052833], [0.2496618492618493, 0.2706216894216895, 0.19835405705405718, 0.2813624042624045], [0.21321213786213797, 0.30643195693195696, 0.19954641469641485, 0.2808094905094906], [0.2186333555333557, 0.2676373015873016, 0.2063265195588726, 0.3074028233204704], [0.20667238317238318, 0.2969912698412699, 0.23902480852480845, 0.2573115384615385], [0.18918996558996565, 0.3057358197358197, 0.20627375957375968, 0.2988004551004551], [0.3770007179095412, 0.1866824814074815, 0.16933361915861914, 0.26698318152435796], [0.21566660561660567, 0.31655349095349083, 0.1440507381507383, 0.32372916527916534], [0.24211257076257098, 0.3302323480441127, 0.1567930946504477, 0.27086198654286886], [0.2858830150241916, 0.2423548285048285, 0.19719097014097012, 0.2745711863300099], [0.20530817515817523, 0.2765015429015429, 0.23330382950382964, 0.28488645243645233], [0.23282600849442972, 0.2924230555993714, 0.1954275370828003, 0.27932339882339896], [0.21623318348318357, 0.24846497668997677, 0.24440518093018104, 0.2908966588966588], [0.22916799034299043, 0.32901313408813404, 0.15580664890664891, 0.28601222666222675], [0.23918210678210694, 0.31164428904428904, 0.16588703796203805, 0.2832865662115662], [0.26418972612354974, 0.2574069327731092, 0.1323158952158953, 0.3460874458874459], [0.2659788100788101, 0.26152815713698074, 0.16323437314319666, 0.30925865964101246], [0.29270911865911864, 0.26938116328116335, 0.15749560994560993, 0.28041410811410805], [0.30991315906315914, 0.26585520949638614, 0.17740410537175255, 0.24682752606870279], [0.20546000111000107, 0.24717692307692324, 0.2054798340548341, 0.34188324175824153], [0.19144682539682548, 0.30181753246753257, 0.22304610389610402, 0.2836895382395385], [0.263477627927628, 0.2929896325896328, 0.15328606393606403, 0.29024667554667544], [0.24504145576645567, 0.27218768453768455, 0.2018991480741482, 0.2808717116217117], [0.19560574425574437, 0.27573136308136326, 0.21931233766233793, 0.3093505550005549], [0.20859050671550683, 0.29986225637108, 0.19632478632478653, 0.29522245058862706], [0.23451412476412478, 0.288714322605499, 0.17409851455733807, 0.30267303807303814], [0.34701555111555116, 0.2431703352203353, 0.1461688145188146, 0.2636452991452992], [0.26208730713730716, 0.28022694527694547, 0.13153128538128545, 0.3261544622044621], [0.20173000888000894, 0.29405860805860806, 0.19972546342546346, 0.3044859196359197], [0.21798159063159062, 0.31137123432123426, 0.1928421245421246, 0.27780505050505055], [0.29231894771894773, 0.25471113331113343, 0.16904042069042072, 0.28392949827949826], [0.252412876012876, 0.3520474636474635, 0.16469558219558228, 0.23084407814407812], [0.2659589413854121, 0.23616668135785798, 0.20279043897279206, 0.2950839382839382], [0.20863388833388832, 0.31616105006105016, 0.17892224442224447, 0.29628281718281724], [0.3609047674547675, 0.22154692529692546, 0.1574140137640138, 0.2601342934842935], [0.24344032079032096, 0.24608522515496206, 0.21277227845254154, 0.2977021756021756], [0.23926861471861485, 0.29012852702852704, 0.126585064935065, 0.34401779331779336], [0.2339430791430792, 0.2726355330943568, 0.2055393578643578, 0.2878820298982065], [0.23016673326673337, 0.26873278943278944, 0.19683859473859483, 0.3042618825618826], [0.2917547868797868, 0.2014563075813077, 0.1763938672438673, 0.3303950382950382], [0.24125519480519492, 0.2593496170496172, 0.22879096459096482, 0.27060422355422364], [0.23336533548151206, 0.2244453546453547, 0.18874946164946171, 0.35343984822367186], [0.24053754023754031, 0.30333169608169613, 0.18158528693528694, 0.2745454767454769], [0.3308564102564103, 0.21647790265290281, 0.18328344155844167, 0.26938224553224555], [0.1641714788479495, 0.2823454942116707, 0.22394153069153075, 0.32954149624884915], [0.26106253191253204, 0.27197229437229437, 0.19002867687867697, 0.27693649683649696], [0.2173434176934178, 0.24725533910533917, 0.1781558941058941, 0.35724534909534916], [0.18263229548229565, 0.3041303582038877, 0.1795714177978884, 0.33366592851592847], [0.24212861027861046, 0.2636417915417917, 0.1897618520368521, 0.3044677461427463], [0.22915013042513052, 0.31967839937839954, 0.15790072150072165, 0.2932707486957487], [0.27461792096792115, 0.2832947239894608, 0.1659195173247806, 0.27616783771783776], [0.22857173382173387, 0.28047735042735045, 0.13935895215895225, 0.35159196359196365], [0.36487903762903745, 0.1909646853146854, 0.1364966366966367, 0.30765964035964044], [0.2680308802308803, 0.2896857031857032, 0.16044837662337658, 0.2818350399600401], [0.20186774891774906, 0.2950177211677211, 0.18466585081585088, 0.3184486790986792], [0.2189021145521145, 0.2862328005328004, 0.1757081529581531, 0.31915693195693207], [0.20633423915266025, 0.2841760914524073, 0.23989496410022731, 0.2695947052947053], [0.25262001332001344, 0.30188561438561445, 0.1499760406260407, 0.2955183316683318], [0.20798863358863373, 0.2859596570096571, 0.15652686202686206, 0.34952484737484746], [0.25741690575506376, 0.3076181702800124, 0.1511971361971363, 0.283767787767788], [0.25571827616827614, 0.31461580086580077, 0.15818626373626374, 0.2714796592296593], [0.1871406815406815, 0.29776185481185474, 0.2025959096459098, 0.312501554001554], [0.21518000333000348, 0.33622791652791656, 0.12995567210567216, 0.3186364080364078], [0.24251072816072822, 0.29831192696192693, 0.14633786213786218, 0.31283948273948264], [0.18783323343323347, 0.34704595959595946, 0.17733422688422698, 0.28778658008658003], [0.279258497058497, 0.25902887112887135, 0.1977227883227883, 0.2639898434898436], [0.21592152292152295, 0.2689881895881898, 0.2142093850593852, 0.3008809024309024], [0.2518629481629482, 0.3426363802863801, 0.15156189366189377, 0.2539387778887781], [0.2917060475472241, 0.2734788683538682, 0.13948028556410916, 0.29533479853479844], [0.18298544788544796, 0.28386945831945837, 0.2216990509490511, 0.31144604284604305], [0.22276563436563443, 0.31300026444144097, 0.1936174456262693, 0.2706166555666556], [0.16415905483405485, 0.3191396103896104, 0.18676401098901105, 0.3299373237873237], [0.21612544122544125, 0.28115736485736487, 0.20299617604617595, 0.29972101787101807], [0.2132365967365968, 0.2945132811632811, 0.2369969863469865, 0.2552531357531359], [0.2898213841713843, 0.23260922965922984, 0.23462157842157863, 0.24294780774780786], [0.23831401964049032, 0.2598952805364571, 0.18724178207413514, 0.3145489177489178], [0.24611294457176816, 0.239516083916084, 0.17017606837606844, 0.3441949031360796], [0.3313232933732932, 0.2583163134251371, 0.1434467421467422, 0.26691365105482767], [0.32541665001665016, 0.24681753246753252, 0.1463448717948718, 0.2814209457209459], [0.19828265623265634, 0.3063864560276327, 0.20256027501909862, 0.29277061272061267], [0.20892111222111234, 0.285604761904762, 0.22148112443112453, 0.2839930014430016], [0.26368344433344465, 0.28568233988234015, 0.14569247811012523, 0.3049417376740906], [0.20090191475191482, 0.27840747585747594, 0.17289936729936733, 0.3477912420912423], [0.1999199855699856, 0.2820592267209915, 0.18787720775956077, 0.33014357994946225], [0.2278436008436008, 0.235313852813853, 0.1538708347208348, 0.38297171162171173], [0.21590139501021863, 0.26171668135785797, 0.20526102786102796, 0.3171208957708959], [0.26048862248862265, 0.23801078561960923, 0.2404725996225997, 0.26102799226916873], [0.19449995004995027, 0.311754351204351, 0.1655167332667334, 0.3282289654789656], [0.17065310245310253, 0.29499539349539344, 0.21778421023421027, 0.3165672938172938], [0.20785717060717068, 0.2889421764510001, 0.20768774281274296, 0.29551291012908676], [0.20896512376512394, 0.26123478188478216, 0.20125048562548561, 0.3285496087246087], [0.2588563325563328, 0.31017351733234083, 0.1471526418026418, 0.283817508308685], [0.29544209124209125, 0.26660692085692095, 0.15930966810966815, 0.2786413197913199], [0.3069691272779507, 0.2001301587301588, 0.18313398268398276, 0.3097667313079077], [0.21808901098901112, 0.27621730491730484, 0.20273041958041954, 0.3029632645132645], [0.24867105394605393, 0.2964593073593075, 0.19807647075147064, 0.256793167943168], [0.21915005550005565, 0.32172805331922977, 0.19712955573837931, 0.26199233544233574]]}, "rewritten": {"ids": ["97105580", "97106591", "97106970", "97107040", "97107260", "97108520", "97113260", "97116410", "97116800", "98107340", "98108370", "98110230", "98110810", "98111231", "98112170", "98120530", "99107300", "99109780", "99110730", "99111930", "99112531", "99114890", "99117740", "100108080", "100108490", "100108520", "100109311", "100109890", "100110050", "100113210", "100113370", "100115700", "101108080", "101108121", "101109370", "101111210", "101111990", "101112160", "101113210", "101121640", "102108621", "102109010", "102109840", "102110050", "102111990", "102112030", "102114270", "102116500", "102117351", "102121700", "103111170", "103111620", "103113270", "103117200", "103117461", "103118110", "103120340", "104111990", "104113000", "104114230", "104116441", "105110251", "105113170", "105113620", "105115250", "105115380", "105115720", "105116090", "105117351", "105119950", "105120280", "106114321", "106115240", "106116441", "106118520", "106118820", "106121220", "107112840", "107113200", "107113840", "107114140", "107114280", "107114321", "107115140", "107118490", "107119130", "107119390", "107120010", "108113700", "108114200", "108115070", "108115570", "108116070", "108118810", "108121410", "109114030", "109115211", "109118231", "109119450", "109120540", "110114321", "110114920", "110116170", "110116441", "110117080", "110118111", "110118630", "110119891", "110120640", "110121450", "110121500", "111115910", "111116090", "111116170", "111116411", "111119580", "111119930", "111120540", "112116290", "112116800", "112116850", "112116880", "112117030", "112117210", "112117431", "112118161", "112118530", "112120270", "112120540", "112121410", "113118690", "113119300", "113119450", "113119480", "113119930", "113120591", "113120601", "113121190", "113121750", "113121980", "113122160", "113122220"], "labels": [1, 1, 2, 2, 2, 2, 1, 3, 0, 0, 1, 3, 1, 1, 3, 1, 3, 2, 3, 1, 3, 2, 2, 0, 2, 2, 1, 3, 3, 0, 3, 1, 0, 0, 1, 2, 2, 3, 3, 2, 3, 1, 2, 3, 2, 2, 3, 1, 1, 1, 2, 0, 2, 0, 0, 2, 1, 2, 1, 2, 1, 0, 0, 0, 2, 1, 1, 1, 0, 3, 3, 2, 1, 0, 2, 3, 1, 1, 0, 3, 2, 3, 0, 0, 2, 1, 2, 1, 0, 0, 1, 3, 1, 1, 0, 1, 0, 1, 3, 1, 1, 3, 0, 3, 1, 1, 1, 3, 0, 3, 3, 2, 3, 0, 0, 3, 1, 1, 0, 0, 0, 0, 2, 1, 0, 0, 1, 0, 3, 0, 3, 1, 3, 3, 1, 0, 2, 1, 0, 2, 3, 1], "predicted_labels": [1, 0, 3, 3, 3, 1, 1, 3, 0, 1, 1, 1, 1, 0, 3, 3, 3, 1, 1, 1, 3, 3, 0, 1, 1, 3, 0, 3, 1, 3, 3, 3, 0, 3, 1, 3, 3, 1, 0, 3, 1, 1, 1, 1, 3, 3, 1, 3, 0, 3, 1, 3, 1, 1, 3, 0, 3, 1, 3, 3, 1, 0, 3, 1, 3, 3, 3, 3, 3, 0, 3, 1, 1, 3, 3, 1, 1, 1, 3, 1, 3, 1, 0, 3, 1, 3, 1, 3, 3, 3, 1, 1, 3, 3, 1, 0, 3, 1, 3, 3, 1, 1, 3, 3, 3, 0, 3, 3, 3, 3, 1, 3, 3, 0, 0, 0, 3, 1, 0, 3, 3, 1, 1, 1, 1, 1, 1, 3, 1, 3, 3, 3, 3, 3, 1, 3, 1, 3, 1, 0, 1, 1], "confidence_scores": [[0.24941548451548454, 0.30985370740370743, 0.18586070596070606, 0.2548701021201022], [0.35430800865800866, 0.2841523476523476, 0.12060135975135979, 0.24093828393828406], [0.1686890997890998, 0.30157327198944855, 0.22811543374925744, 0.30162219447219457], [0.25064151126651124, 0.2740947274947275, 0.18693225663225668, 0.2883315046065045], [0.26001562685680346, 0.2651680469856941, 0.19810300810300824, 0.2767133180544947], [0.23809246864246864, 0.3089795648795648, 0.19155889665889664, 0.2613690698190699], [0.251720806970807, 0.28944734432234437, 0.20198285048285058, 0.25684899822399826], [0.237325962925963, 0.26863317238317236, 0.22161732711732723, 0.2724235375735377], [0.3042308488896723, 0.23155396825396826, 0.19443458485958487, 0.2697805979967745], [0.24453132423132432, 0.279515345765346, 0.20382162837162843, 0.2721317016317018], [0.19830579420579425, 0.3082319180819181, 0.18725881732646435, 0.3062034703858233], [0.2817377622377622, 0.283812148962149, 0.17994694749694765, 0.25450314130314133], [0.22737708957708977, 0.3021200521700521, 0.2093444444444446, 0.26115841380841387], [0.34079441114441117, 0.22669215784215802, 0.15256386946386946, 0.27994956154956163], [0.31219838494838487, 0.20569365079365093, 0.15392373737373746, 0.3281842268842267], [0.2426582611832612, 0.24390615022232665, 0.17269071679954034, 0.3407448717948716], [0.2874311965811965, 0.24861993561993567, 0.17468299478299487, 0.2892658730158728], [0.22291007603507618, 0.2940171209509445, 0.21156737706737713, 0.27150542594660243], [0.1863510822510823, 0.2907809274059273, 0.2520236957486958, 0.2708442945942947], [0.22058129925629932, 0.30485736485736475, 0.2030039960039961, 0.27155733988234], [0.27163243978243995, 0.2690222666222666, 0.17675912975912977, 0.282586163836164], [0.18510481495628564, 0.2907349242261007, 0.2243002719502719, 0.299859988867342], [0.314134670884671, 0.24837147297147294, 0.16225554445554455, 0.27523831168831164], [0.23200387390387398, 0.27369794094794103, 0.2441144838821311, 0.2501837012660543], [0.2315789238539239, 0.27582939095648085, 0.24654972714763734, 0.24604195804195816], [0.27086570063923004, 0.27522994227994235, 0.170444266844267, 0.28346009023656094], [0.3227258297258297, 0.24454688089688087, 0.1393178432678433, 0.2934094461094459], [0.277578343878344, 0.21710219502719522, 0.18233274225774235, 0.322986718836719], [0.21765635475635486, 0.29183793706293687, 0.21065011655011656, 0.27985559163059154], [0.20766575091575087, 0.2727187645687647, 0.2029849872349872, 0.31663049728049736], [0.24200573315573323, 0.2741557720057723, 0.20039053446553462, 0.28344796037296033], [0.28434089244089256, 0.2703789765789765, 0.15602723387723397, 0.28925289710289714], [0.3558838050838049, 0.23845861360861376, 0.1641577533577534, 0.241499827949828], [0.2932511155511156, 0.24053446553446559, 0.14691860916860924, 0.3192958097458097], [0.26201047008547007, 0.2938723942723942, 0.19623067765567764, 0.247886457986458], [0.25448497058497066, 0.24623734598734603, 0.19657313242313254, 0.3027045510045512], [0.19982611277611284, 0.26776644270761935, 0.21505345406227763, 0.3173539904539907], [0.23979987234987243, 0.30469083139083153, 0.16046966921966924, 0.29503962703962705], [0.29478746057863725, 0.29215804750804747, 0.18667724138606506, 0.22637725052725066], [0.2512657092907093, 0.2563421966921967, 0.19155545565545565, 0.30083663836163854], [0.249165134538664, 0.2921550949050948, 0.17065759273406345, 0.2880221778221778], [0.25356665556665564, 0.27939842225198264, 0.1939393791622894, 0.2730955430190726], [0.24401149961149968, 0.2934618770118768, 0.19318580031080038, 0.2693408230658232], [0.27229852369852375, 0.2881413364413365, 0.1859467143967145, 0.2536134254634256], [0.26800928515928524, 0.2669822094572095, 0.17558102175602175, 0.2894274836274837], [0.27143220113220123, 0.2514859584859586, 0.20508212343212354, 0.271999716949717], [0.2062267954267954, 0.30023097458097464, 0.21216365301365306, 0.28137857697857716], [0.2388290043290044, 0.25191770729270735, 0.20036192696192706, 0.30889136141636137], [0.28734454989454994, 0.2850066766566766, 0.15299140026640023, 0.2746573731823733], [0.2523238279264595, 0.2448985070485071, 0.21605278435015285, 0.28672488067488083], [0.26711021201021207, 0.2925951659451659, 0.16725781995782002, 0.27303680208680203], [0.18371709401709413, 0.27782518037518034, 0.2103209845709846, 0.32813674103674134], [0.1900606282606284, 0.2897639749139746, 0.24851218781218798, 0.2716632090132091], [0.2423798368298368, 0.3323079920079918, 0.18129289044289051, 0.24401928071928075], [0.28786115551115554, 0.253036618936619, 0.1537078532578533, 0.3053943722943725], [0.2783034687534689, 0.2528526806526807, 0.2311516761016762, 0.2376921744921746], [0.22644061771561774, 0.22384972527472533, 0.22152330447330462, 0.32818635253635253], [0.16609346209346215, 0.31677514152514136, 0.21164048729048734, 0.3054909090909092], [0.20975339105339125, 0.2716975135975137, 0.19278164890664898, 0.32576744644244654], [0.262049672051375, 0.24559871853292925, 0.1793634312196232, 0.3129881781960729], [0.21053574481074483, 0.3217590909090908, 0.1711854367854369, 0.29651972749472744], [0.32696504051504016, 0.27642842435342435, 0.12224828227328233, 0.27435825285825316], [0.19712666222666225, 0.2685305083805084, 0.22805266955266967, 0.3062901598401598], [0.2388383061383062, 0.30913809173282836, 0.2099566607369239, 0.2420669413919414], [0.2298401709401711, 0.28366980046097706, 0.19582517123399487, 0.29066485736485714], [0.2107768417856654, 0.2772894383394384, 0.21137070707070732, 0.3005630128041894], [0.22403821456321465, 0.275548421023421, 0.20884526029526043, 0.29156810411810413], [0.2374154567654568, 0.2736372571872571, 0.13921133311133319, 0.3497359529359531], [0.21146000388500397, 0.2975942279942282, 0.15462227772227777, 0.33632349039849035], [0.3119481629481631, 0.26273309468309475, 0.1625409423909424, 0.2627777999778], [0.2343629814629815, 0.2951744755244756, 0.1709497391497393, 0.2995128038628039], [0.28216199911199896, 0.2826994727494728, 0.16921217116217127, 0.26592635697635714], [0.2733491896991898, 0.29517814407814413, 0.15987031857031864, 0.27160234765234775], [0.2552503774003775, 0.25442090132090145, 0.17181167998668004, 0.3185170412920414], [0.19909329004329007, 0.26289259074259075, 0.25548290320790334, 0.28253121600621606], [0.18881570945394477, 0.311049567099567, 0.2045048830254713, 0.2956298404210169], [0.22164722467075415, 0.29864273781773776, 0.19120067987568, 0.28850935763582836], [0.24148726551226543, 0.3023016233766234, 0.20187243867243868, 0.25433867243867264], [0.25482380397380394, 0.2796056166056166, 0.1587330808080809, 0.3068374986124986], [0.26422219169719174, 0.30685049117549107, 0.16775908535908546, 0.26116823176823173], [0.18450646020646022, 0.2800138972138973, 0.24733631368631373, 0.2881433288933291], [0.19857347097347108, 0.33085376845376846, 0.1756952436452437, 0.29487751692751707], [0.3148573371073372, 0.2724287767787765, 0.12237093462093465, 0.29034295149295164], [0.24634707792207805, 0.19633616938616957, 0.1495880147630149, 0.4077287379287379], [0.2401262681762682, 0.27153698523698533, 0.2273662171162173, 0.26097052947052957], [0.27647275779775793, 0.2591728160728163, 0.18735162337662342, 0.27700280275280276], [0.18854606374018146, 0.2881708458208459, 0.24067182392770642, 0.2826112665112665], [0.27516465397347756, 0.258871637512814, 0.16879852647352664, 0.2971651820401818], [0.21971353091353102, 0.2768076978576979, 0.22524691142191153, 0.27823185980685994], [0.21938093573093576, 0.28525742035742047, 0.1837734376734378, 0.3115882062382063], [0.24728105228105235, 0.29901224135341803, 0.20782143248907958, 0.2458852738764505], [0.22609189144189146, 0.2948220113220115, 0.20148302808302818, 0.27760306915306915], [0.23795657120657124, 0.2848639915639916, 0.17777330169830174, 0.29940613553113565], [0.2342464285714287, 0.2754048701298702, 0.19663102453102457, 0.29371767676767685], [0.2421735375735378, 0.31494570429570434, 0.16101905594405602, 0.2818617021867021], [0.28651992370374735, 0.25055074370074376, 0.2168458180708181, 0.24608351452469115], [0.24268359973359974, 0.23422092352092355, 0.1677665945165946, 0.3553288822288825], [0.2651967587967591, 0.31242089772972126, 0.1568168553668554, 0.26556548810666464], [0.1924723941349328, 0.2877357373620531, 0.22100169593048866, 0.29879017257252566], [0.21853491785991805, 0.3028939893439894, 0.17338675213675223, 0.3051843406593408], [0.25860668775668777, 0.2866820662997132, 0.17189393580275933, 0.2828173101408397], [0.20846776279276286, 0.30793212343212367, 0.1972180375180377, 0.28638207625707646], [0.23264137806637822, 0.3067745754245753, 0.15350653235653242, 0.30707751415251405], [0.22845314685314688, 0.285333951342775, 0.16769420220302578, 0.31851869960105267], [0.17952959262959262, 0.3066367299367298, 0.1985117771117772, 0.31532190032190044], [0.3334448376786612, 0.29596255974847285, 0.11567888850915173, 0.25491371406371427], [0.2141413863913864, 0.2702070024746495, 0.17845828615828627, 0.33719332497567794], [0.21472725052725056, 0.28688155178155184, 0.17275561105561113, 0.3256355866355868], [0.21315548895548908, 0.26685196829314495, 0.19435173633556, 0.32564080641580667], [0.2716010989010992, 0.26370331890331905, 0.15143336500101207, 0.3132622171945701], [0.2761866855366855, 0.28351554001553997, 0.16301179931179935, 0.2772859751359752], [0.2541708236208237, 0.2663665612165614, 0.19197852147852162, 0.28748409368409367], [0.2964262848262848, 0.2243844433344434, 0.13894116994116998, 0.34024810189810184], [0.3089440670440672, 0.2797421800421801, 0.14464972804972817, 0.26666402486402485], [0.3612024142524141, 0.1885226939726941, 0.13467145632145636, 0.3156034354534355], [0.3212990620490621, 0.243483621933622, 0.15330582195582199, 0.28191149406149413], [0.2510481906981909, 0.23986243201243215, 0.22439062604062618, 0.28469875124875116], [0.261783646908647, 0.29494703074703066, 0.17882515262515272, 0.2644441697191698], [0.3225419524919525, 0.2751399655899656, 0.13958227328227335, 0.26273580863580875], [0.23662944000444006, 0.27932243867243867, 0.18438704465469177, 0.29966107666842956], [0.22172287157287163, 0.2661721500721502, 0.15947532467532471, 0.3526296536796535], [0.2190370351870353, 0.3048142449054216, 0.20955605701488056, 0.266592662892663], [0.24016939726939718, 0.29198271809889464, 0.19797498253380616, 0.269872902097902], [0.22860447330447342, 0.30334097177332453, 0.18675854537619244, 0.2812960095460094], [0.26152616272616286, 0.3155896464646465, 0.1294281551781553, 0.2934560356310357], [0.32449264069264044, 0.32497455322455343, 0.13448225663225669, 0.21605054945054947], [0.2046364524364525, 0.3136319755407991, 0.1962862470862471, 0.2854453249365015], [0.23855471195471212, 0.2967615662115662, 0.15724321234321237, 0.3074405094905096], [0.22880555555555554, 0.31191238761238754, 0.16659121989121992, 0.29269083694083686], [0.23843355729238086, 0.25664574314574323, 0.1743070207570208, 0.33061367880485526], [0.2496796100957867, 0.22228758463758477, 0.16523361638361644, 0.36279918888301244], [0.22807317682317682, 0.2819794205794206, 0.17459084804084807, 0.31535655455655454], [0.2311088134088136, 0.2718870740370742, 0.19403965478965485, 0.30296445776445796], [0.2430027488851019, 0.26070985289220594, 0.18061848347730705, 0.3156689147453854], [0.2387272671772674, 0.29799891774891774, 0.17911352177234538, 0.2841602933014699], [0.24018209013209024, 0.275437447030094, 0.1899401376401377, 0.2944403251976783], [0.22160627983127978, 0.31372070152070153, 0.17614977799977802, 0.2885232406482407], [0.23191202131202132, 0.2774619991119993, 0.1596622005445536, 0.33096377903142615], [0.22558838383838392, 0.36378993783993774, 0.13577950382950393, 0.2748421744921747], [0.32552389636507295, 0.2639597846597847, 0.13394250945133301, 0.2765738095238094], [0.26095349095349096, 0.31022424242424257, 0.16647089577089583, 0.26235137085137106], [0.2820363719613719, 0.30409998889998885, 0.1577428293928294, 0.25612080974580986]]}}