{"test": {"ids": ["110121140", "113120591", "108116070", "113121950", "110113931", "104111711", "108117720", "103117461", "103110840", "101110150", "113122320", "110116290", "99111340", "110117080", "105116441", "111116990", "112119120", "109116750", "103113270", "113118511", "111115770", "109115211", "101115190", "103112641", "108114200", "99107950", "98116500", "111118301", "107119130", "97105580", "113121010", "103113170", "109115220", "109121640", "102110850", "107115250", "99109860", "105112130", "112118620", "113121680", "100111620", "108117451", "107114200", "110118810", "105116501", "104116441", "103117200", "99109311", "112120700", "101112690", "100112060", "112120640", "97112290", "97113900", "111119340", "98108520", "99109780", "103111620", "98109570", "97116500", "111116750", "100109360", "105110091", "109121410", "97106591", "110118630", "110121500", "97106000", "100110260", "98110680", "105115250", "103113610", "110118301", "104114410", "102107961", "101109370", "113120640", "111115780", "98109090", "112118421", "112121351", "97108520", "113120601", "112120630", "105113480", "103111930", "107113180", "105118230", "107118490", "101108580", "104119340", "108116481", "111119300", "104114240", "109117271", "113118231", "105113440", "113121750", "106120290", "111117120", "108120700", "112116990", "112120270", "106113190", "113118810", "102108621", "113122170", "112118530", "110118161", "100108490", "102109840", "97107920", "104109311", "110121720", "112117790", "105115570", "99109141", "98109311", "98111620", "113121410", "111120531", "105110251", "100108260", "106117770", "97107681", "99107300", "102110750", "106113360", "100108520", "108113700", "99111620", "103118291", "113120531", "104113550", "113119450", "113120280", "104118070", "98116090", "99112840", "99117740", "106118161", "100117420"], "labels": [3, 0, 1, 3, 1, 1, 1, 0, 1, 1, 1, 2, 1, 1, 1, 0, 1, 0, 2, 1, 3, 0, 1, 3, 0, 1, 2, 3, 1, 1, 2, 3, 3, 0, 3, 2, 2, 1, 3, 1, 3, 2, 2, 1, 1, 1, 0, 1, 2, 1, 2, 0, 1, 2, 3, 2, 2, 0, 1, 2, 3, 0, 0, 0, 1, 1, 3, 0, 3, 2, 2, 2, 1, 1, 3, 1, 0, 1, 1, 3, 0, 2, 2, 3, 0, 3, 3, 1, 2, 0, 1, 0, 1, 0, 0, 3, 0, 0, 2, 2, 2, 0, 0, 0, 3, 3, 1, 1, 0, 2, 2, 0, 3, 3, 3, 0, 3, 1, 3, 0, 0, 0, 3, 0, 3, 3, 1, 0, 2, 0, 3, 0, 0, 1, 3, 0, 2, 0, 2, 2, 3, 2], "predicted_labels": [3, 3, 3, 0, 0, 1, 3, 3, 1, 1, 1, 1, 1, 3, 1, 3, 3, 1, 3, 1, 1, 3, 1, 3, 0, 3, 3, 3, 3, 1, 1, 1, 3, 1, 1, 1, 3, 3, 3, 1, 1, 3, 3, 1, 1, 3, 3, 3, 1, 1, 1, 3, 1, 1, 3, 3, 1, 1, 3, 0, 3, 0, 3, 1, 3, 1, 1, 3, 0, 1, 1, 1, 0, 3, 1, 1, 1, 1, 3, 3, 3, 0, 3, 0, 3, 1, 1, 3, 1, 3, 3, 3, 0, 1, 3, 1, 3, 3, 1, 3, 3, 3, 1, 3, 3, 3, 1, 1, 1, 1, 1, 0, 3, 1, 3, 3, 1, 1, 1, 3, 1, 1, 3, 3, 3, 3, 2, 1, 3, 1, 1, 1, 3, 0, 1, 3, 1, 3, 1, 1, 1, 3], "confidence_scores": [[0.2566835675706728, 0.2609325275093598, 0.20641631712874356, 0.2759675877912238], [0.28772045545864605, 0.25028182482666955, 0.15305830589782987, 0.30893941381685464], [0.2605866542119819, 0.27704430395704627, 0.16204651265504938, 0.3003225291759225], [0.26251312787397835, 0.24184874407249513, 0.23949064928571054, 0.2561474787678161], [0.2837807073459566, 0.2649229199473329, 0.17868995855624376, 0.2726064141504668], [0.2702511149597711, 0.2733632742576029, 0.21736742577485463, 0.2390181850077716], [0.24845424051139642, 0.26946682139165556, 0.14500435987354143, 0.3370745782234068], [0.24119166623645064, 0.24477906170897248, 0.23627691691911995, 0.2777523551354569], [0.2591633610696027, 0.2951108011225578, 0.21681335226684204, 0.22891248554099763], [0.2769269762961047, 0.33024400200988535, 0.20054129459788542, 0.1922877270961246], [0.24249775238098373, 0.35204013115541744, 0.15860284763429608, 0.24685926882930267], [0.25514348260097247, 0.28312674038517643, 0.21127158343388963, 0.25045819357996146], [0.28077294583281015, 0.2827803275004731, 0.18191548881650466, 0.2545312378502119], [0.19274270237067587, 0.3014854955051938, 0.17547944930495274, 0.3302923528191779], [0.16490089117293252, 0.3384877785520265, 0.20816270703377712, 0.28844862324126386], [0.25810146635124215, 0.2714474953207815, 0.15369926614814544, 0.316751772179831], [0.18212326247955662, 0.28270664894385383, 0.23349010336202397, 0.3016799852145658], [0.2132829814700819, 0.3536742383265622, 0.18880979754766064, 0.24423298265569535], [0.24637280507463785, 0.21859305287481517, 0.2252151042805384, 0.30981903777000896], [0.24718209151219667, 0.28774826680578874, 0.23992562863672848, 0.22514401304528633], [0.20877212881169396, 0.3403533787421352, 0.1997066875274394, 0.2511678049187317], [0.2024299905788208, 0.23647438526673015, 0.2606965650646031, 0.3003990590898463], [0.25308285376266915, 0.32589331601107985, 0.16180676584665213, 0.2592170643795991], [0.2167380948865709, 0.28932861107662583, 0.19269593674792354, 0.30123735728887985], [0.28192499703254464, 0.2565963259257453, 0.19692776423105585, 0.2645509128106543], [0.1823469394539794, 0.2960952463298666, 0.2068965457862089, 0.31466126842994513], [0.21609220735777415, 0.29416301964817415, 0.17393928578776738, 0.3158054872062843], [0.19451616489037316, 0.29068513623274295, 0.1736124938268571, 0.34118620505002695], [0.283358882767732, 0.25571257361656824, 0.1492493429777211, 0.31167920063797877], [0.2624238187226797, 0.3060052153805248, 0.19487398624069288, 0.23669697965610265], [0.29116960756713217, 0.32465944652441864, 0.14036700478197736, 0.24380394112647197], [0.18175960584668333, 0.3650444183498021, 0.23138376362158397, 0.22181221218193098], [0.2201292218298523, 0.2611243718940822, 0.1911402239800094, 0.32760618229605626], [0.231416089951491, 0.3370274460357389, 0.18704451002765674, 0.24451195398511355], [0.21675988451397693, 0.30886907359739846, 0.22336006218402762, 0.2510109797045972], [0.23265444403419955, 0.3543188935557644, 0.18625547942738888, 0.22677118298264712], [0.25900784623939827, 0.2496196458764098, 0.20601516592930225, 0.28535734195488976], [0.18522022236601643, 0.2555092318265204, 0.24279709898348323, 0.31647344682398], [0.1911646482422906, 0.334253726801947, 0.1386476192656635, 0.3359340056900992], [0.25015611027448476, 0.3173720111699018, 0.1998554566602769, 0.23261642189533657], [0.25764489589591855, 0.2881575846864757, 0.2250594925929605, 0.22913802682464554], [0.2803992160359085, 0.2186196154211738, 0.18543028034652725, 0.3155508881963906], [0.2474357975090299, 0.2780792083230612, 0.151532616429506, 0.3229523777384029], [0.2806991445839018, 0.2906253579566622, 0.20110844710513043, 0.22756705035430566], [0.28882403529718653, 0.30063477802472144, 0.1562234698069949, 0.2543177168710971], [0.23204735771258125, 0.2703836913806772, 0.1677213826712843, 0.3298475682354576], [0.24766142527164925, 0.28333266756538983, 0.1411191608009664, 0.32788674636199466], [0.25618856751185815, 0.27432920088724283, 0.17682267932752352, 0.2926595522733756], [0.20359801585441345, 0.32699371930497045, 0.1847243107685166, 0.28468395407209957], [0.20090075215449069, 0.2987217555461239, 0.2108749429502051, 0.2895025493491804], [0.2519065716001467, 0.31282385645914085, 0.1836283150156673, 0.25164125692504535], [0.2206740204944456, 0.29462520717568735, 0.18784368571334853, 0.2968570866165187], [0.22878145575805495, 0.3211481830852655, 0.14489547812513476, 0.3051748830315448], [0.23350059119016323, 0.3231456295225342, 0.21231546271671473, 0.2310383165705881], [0.23186087086562243, 0.2713089529303649, 0.16141180681064976, 0.33541836939336295], [0.28439444840728073, 0.2733875788003079, 0.14740456953075623, 0.2948134032616554], [0.2545136055938038, 0.3122218946950949, 0.17368975488784502, 0.2595747448232564], [0.25365429372530984, 0.3269229748518964, 0.19115951209535742, 0.22826321932743654], [0.27563272186168253, 0.2620960573894918, 0.13021865941485097, 0.33205256133397476], [0.2721429871161888, 0.2685837903780295, 0.2156642528124046, 0.24360896969337734], [0.27114209783104365, 0.2129547133720185, 0.17180795127429743, 0.3440952375226407], [0.3566361493157041, 0.21940958931222398, 0.17480160013348378, 0.249152661238588], [0.2416333148964942, 0.26506196167943136, 0.15042481132531874, 0.34287991209875573], [0.19659366491077204, 0.33874457364987165, 0.1830913127994209, 0.28157044863993563], [0.23868934678702738, 0.24202428970212508, 0.24105651031151173, 0.2782298531993361], [0.2553509262054581, 0.3021909743429233, 0.19146778869107325, 0.2509903107605456], [0.24857484899940974, 0.2980444371404479, 0.1571687819318204, 0.2962119319283222], [0.20720316487332308, 0.24701258448659538, 0.23441098329986482, 0.3113732673402169], [0.3323608038964625, 0.2091116344261652, 0.18784924768051514, 0.2706783139968574], [0.1681209819446055, 0.34259072732840784, 0.20143234444147778, 0.2878559462855091], [0.29795196732761314, 0.30156991564332486, 0.17386276447358626, 0.22661535255547588], [0.2588943816409077, 0.34488447870796723, 0.16499525357011102, 0.23122588608101424], [0.2765711798347964, 0.2572750690133942, 0.2024341241663181, 0.26371962698549156], [0.27613647534480656, 0.24929271859392105, 0.13677319013296754, 0.33779761592830504], [0.27342464038163045, 0.31496601912676836, 0.13924615994452402, 0.27236318054707725], [0.2428095228360877, 0.2911846752639063, 0.18393414557232193, 0.2820716563276843], [0.245514427422082, 0.31457991475298286, 0.17480503843124787, 0.2651006193936871], [0.27921662740486297, 0.32351187606087994, 0.16639608561107655, 0.23087541092318073], [0.18738476377543756, 0.2933131390297983, 0.19086145383623393, 0.3284406433585303], [0.23773944959829374, 0.27007683769208846, 0.18888541731582276, 0.30329829539379527], [0.2619197426626171, 0.264478067258318, 0.20064470191645586, 0.272957488162609], [0.2905145685158946, 0.27859664363040515, 0.14383359647149915, 0.2870551913822013], [0.21513800986546852, 0.27789690669300443, 0.1981790833747506, 0.30878600006677664], [0.27009146608622925, 0.2587045322379311, 0.20698820302730067, 0.26421579864853906], [0.20813425533730615, 0.2380642585949481, 0.20093837569485626, 0.3528631103728897], [0.18004961319475565, 0.31796352296706254, 0.2125376711904779, 0.289449192647704], [0.23491148988424965, 0.2847798962644793, 0.2306072538301881, 0.2497013600210831], [0.18712238025459907, 0.26263761171379646, 0.22459791414884808, 0.3256420938827565], [0.2574957515195601, 0.30520761110028427, 0.14528772145049385, 0.2920089159296617], [0.2712790553618559, 0.1459180285669781, 0.2283613763966741, 0.35444153967449205], [0.22140987730854284, 0.24697279831571137, 0.1680742615622306, 0.36354306281351534], [0.23496643044124582, 0.26044492921395196, 0.14918667557735943, 0.35540196476744285], [0.3232460492604482, 0.24632149195996786, 0.14098863122431507, 0.2894438275552688], [0.24516310418056558, 0.32768289474634443, 0.17845502103438948, 0.24869898003870047], [0.2148783301913706, 0.23858150975121464, 0.16537992966079793, 0.38116023039661706], [0.23951718567318533, 0.30224403488518253, 0.17856004495726643, 0.27967873448436575], [0.17008851750733914, 0.28493732490819207, 0.2386355391304487, 0.30633861845402016], [0.24201808681774684, 0.27414478626605115, 0.16037124655426147, 0.3234658803619405], [0.2201807051013971, 0.3438733673208036, 0.1908753634292457, 0.24507056414855366], [0.2145371869148103, 0.2863250611116962, 0.18015224354960666, 0.31898550842388695], [0.26361568635776644, 0.2393767290538784, 0.20519212275081597, 0.2918154618375393], [0.24001715855848413, 0.26483126514370076, 0.1677585593110107, 0.32739301698680473], [0.23388598238795866, 0.33163195588439526, 0.25168539011688495, 0.18279667161076105], [0.2696531966305756, 0.2785137097039706, 0.1538198585384314, 0.2980132351270223], [0.2226170488042844, 0.21459157422799638, 0.19541138640208902, 0.3673799905656304], [0.24792674438491322, 0.2730700155491182, 0.11522665546353951, 0.3637765846024291], [0.2130840328922308, 0.2863265409816929, 0.2439380566389795, 0.25665136948709694], [0.21008407996822112, 0.35531824368192916, 0.1748830838171283, 0.2597145925327215], [0.2734504138564277, 0.2770623464821587, 0.17360385680908175, 0.27588338285233205], [0.26450394626405327, 0.2754742245565773, 0.18877906353153495, 0.27124276564783467], [0.22945672791687596, 0.2920411783853785, 0.21928791651118348, 0.2592141771865623], [0.3277977009338632, 0.2207165826545186, 0.17477283039983266, 0.27671288601178573], [0.2563935565652425, 0.2992508927234515, 0.12939086327301486, 0.31496468743829137], [0.23446354358131913, 0.28199277119347643, 0.21005669930922102, 0.2734869859159837], [0.24643347117323106, 0.23712720485836292, 0.23800846192445083, 0.27843086204395545], [0.1922717078870875, 0.27540753555942865, 0.21428528380172426, 0.3180354727517598], [0.24812359428548583, 0.32036136429466977, 0.19967384961487677, 0.23184119180496757], [0.2342689100201066, 0.31668803417097335, 0.16249472390352224, 0.28654833190539797], [0.21795046767230755, 0.2855941781771241, 0.27426833138165907, 0.2221870227689092], [0.2686664435393388, 0.2677043823902077, 0.1544104759213374, 0.30921869814911607], [0.2172265151746352, 0.3572537447737544, 0.17994957625334654, 0.24557016379826418], [0.2210380926463361, 0.2959460543232647, 0.23002407227743332, 0.25299178075296597], [0.2113047892230344, 0.2918526686689662, 0.14157849254878502, 0.3552640495592142], [0.20444147897072099, 0.2887613177703086, 0.19581399081218268, 0.3109832124467877], [0.2096387155774363, 0.2260983767826427, 0.2414044106182941, 0.32285849702162717], [0.30262462814809254, 0.2185197678657687, 0.15570393294349544, 0.3231516710426433], [0.19187304471463315, 0.2773457260315505, 0.2797732858015399, 0.2510079434522766], [0.19591352599735687, 0.31293847321428847, 0.24101679862409167, 0.2501312021642632], [0.2575590938461679, 0.2542052947662558, 0.15649235624055297, 0.3317432551470234], [0.26301123874456933, 0.2993132818532585, 0.2153270291392673, 0.22234845026290503], [0.22769297813612394, 0.29000313492857166, 0.20345635391783845, 0.27884753301746606], [0.2095996291328307, 0.31259041492402484, 0.19020178434715074, 0.28760817159599383], [0.23182964269599007, 0.25857986729611515, 0.1961069992018059, 0.3134834908060891], [0.335309548973054, 0.18773890853563543, 0.16749140163255372, 0.309460140858757], [0.2537923019029859, 0.33494791474299307, 0.17046444824641038, 0.2407953351076108], [0.18060463016894976, 0.25770855410121113, 0.18058223028392728, 0.3811045854459121], [0.21522695030289288, 0.3060668450152787, 0.2045643390625693, 0.2741418656192592], [0.2462945077039068, 0.2824103327975521, 0.16487251060923536, 0.3064226488893059], [0.20677935669375877, 0.33068911353196484, 0.16850428980559115, 0.2940272399686853], [0.2206194326645932, 0.3015149317280416, 0.19227044242606414, 0.28559519318130094], [0.2716452605569923, 0.3031262109808111, 0.1628327329645043, 0.26239579549769226], [0.2372033168759139, 0.26569632242033714, 0.19352591774071937, 0.3035744429630297]]}, "rewritten": {"ids": ["97105580", "97106000", "97106591", "97107681", "97107920", "97108520", "97112290", "97113900", "97116500", "98108520", "98109090", "98109311", "98109570", "98110680", "98111620", "98116090", "98116500", "99107300", "99107950", "99109141", "99109311", "99109780", "99109860", "99111340", "99111620", "99112840", "99117740", "100108260", "100108490", "100108520", "100109360", "100110260", "100111620", "100112060", "100117420", "101108580", "101109370", "101110150", "101112690", "101115190", "102107961", "102108621", "102109840", "102110750", "102110850", "103110840", "103111620", "103111930", "103112641", "103113170", "103113270", "103113610", "103117200", "103117461", "103118291", "104109311", "104111711", "104113550", "104114240", "104114410", "104116441", "104118070", "104119340", "105110091", "105110251", "105112130", "105113440", "105113480", "105115250", "105115570", "105116441", "105116501", "105118230", "106113190", "106113360", "106117770", "106118161", "106120290", "107113180", "107114200", "107115250", "107118490", "107119130", "108113700", "108114200", "108116070", "108116481", "108117451", "108117720", "108120700", "109115211", "109115220", "109116750", "109117271", "109121410", "109121640", "110113931", "110116290", "110117080", "110118161", "110118301", "110118630", "110118810", "110121140", "110121500", "110121720", "111115770", "111115780", "111116750", "111116990", "111117120", "111118301", "111119300", "111119340", "111120531", "112116990", "112117790", "112118421", "112118530", "112118620", "112119120", "112120270", "112120630", "112120640", "112120700", "112121351", "113118231", "113118511", "113118810", "113119450", "113120280", "113120531", "113120591", "113120601", "113120640", "113121010", "113121410", "113121680", "113121750", "113121950", "113122170", "113122320"], "labels": [1, 0, 1, 3, 0, 2, 1, 2, 2, 2, 1, 1, 1, 2, 3, 0, 2, 3, 1, 3, 1, 2, 2, 1, 3, 2, 2, 3, 2, 2, 0, 3, 3, 2, 2, 0, 1, 1, 1, 1, 3, 3, 2, 1, 3, 1, 0, 3, 3, 3, 2, 2, 0, 0, 0, 3, 1, 1, 0, 1, 1, 2, 1, 0, 0, 1, 0, 0, 2, 0, 1, 1, 1, 0, 0, 0, 3, 2, 3, 2, 2, 2, 1, 0, 0, 1, 0, 2, 1, 2, 0, 3, 0, 0, 0, 0, 1, 2, 1, 0, 1, 1, 1, 3, 3, 3, 3, 1, 3, 0, 2, 3, 1, 3, 0, 0, 3, 3, 1, 3, 1, 0, 3, 0, 2, 0, 3, 1, 3, 3, 0, 0, 0, 2, 0, 2, 0, 1, 0, 3, 1, 1], "predicted_labels": [1, 3, 3, 3, 3, 1, 3, 1, 1, 0, 3, 3, 3, 1, 1, 1, 3, 3, 1, 1, 1, 1, 1, 1, 3, 3, 3, 1, 1, 3, 3, 0, 1, 1, 1, 3, 1, 1, 1, 3, 0, 3, 1, 1, 1, 1, 1, 1, 1, 1, 1, 1, 1, 3, 1, 0, 1, 0, 1, 3, 1, 1, 3, 1, 1, 1, 3, 3, 1, 1, 3, 3, 3, 3, 1, 1, 1, 1, 1, 3, 1, 1, 3, 1, 1, 1, 1, 0, 3, 0, 3, 3, 1, 3, 1, 3, 1, 0, 3, 0, 3, 1, 3, 0, 3, 1, 1, 1, 0, 0, 1, 3, 3, 3, 1, 3, 1, 3, 1, 1, 1, 1, 3, 3, 1, 0, 0, 1, 3, 1, 0, 3, 3, 1, 1, 1, 0, 3, 3, 1, 3, 1], "confidence_scores": [[0.2895830052825443, 0.28958623233287545, 0.17828003805373654, 0.2425507243308439], [0.2003220163432416, 0.2563100507524095, 0.20061473567778002, 0.34275319722656916], [0.25732975034622696, 0.26342321566733273, 0.20140144644138686, 0.2778455875450536], [0.1807220935447228, 0.2877434352732112, 0.23469671791534105, 0.2968377532667249], [0.28673271367210934, 0.21975615604492482, 0.19526384373687888, 0.29824728654608706], [0.2308330929753146, 0.32335763376410376, 0.1758553903082457, 0.2699538829523361], [0.22730946113754893, 0.2489586038174985, 0.22851286477211008, 0.29521907027284244], [0.23803160528810172, 0.31342878717929146, 0.19784855548871957, 0.25069105204388753], [0.24203166031619613, 0.3027957458182193, 0.24421062899939863, 0.21096196486618612], [0.3090827721148895, 0.25650642402029705, 0.1500677130523291, 0.2843430908124846], [0.20143348092455093, 0.2630974674483644, 0.21779554184637898, 0.3176735097807059], [0.21981759033926487, 0.2880947690149314, 0.17523666790691791, 0.31685097273888585], [0.23085173722249372, 0.2661681732170965, 0.15886383727101777, 0.34411625228939186], [0.21568992022217773, 0.33065334190631135, 0.21232019726927717, 0.24133654060223386], [0.23741491422426558, 0.30734994986438346, 0.22426726585288012, 0.23096787005847097], [0.2712236598421989, 0.33097418336254847, 0.16338494517382002, 0.23441721162143275], [0.22326380676310698, 0.27541288360414595, 0.1793402422644905, 0.32198306736825677], [0.2524637649365867, 0.30610260200442235, 0.1265611839950782, 0.3148724490639129], [0.20630715984914044, 0.32480268721467637, 0.19551034600750986, 0.27337980692867353], [0.2121386208010705, 0.32297008713539554, 0.19052235634902182, 0.27436893571451215], [0.2561846150671807, 0.27735184474807784, 0.19163093068385412, 0.2748326095008876], [0.2192650408452322, 0.40312930461877416, 0.16563770952744597, 0.21196794500854768], [0.2354208109192733, 0.27636255881480076, 0.21601632011986244, 0.2722003101460635], [0.21024788697780442, 0.27420599285888525, 0.24358022592259843, 0.2719658942407122], [0.19436567624927398, 0.270237216417944, 0.24018317253654473, 0.2952139347962375], [0.25273346154171134, 0.2454467108877801, 0.1653979994497975, 0.33642182812071103], [0.27050292106814067, 0.26526516424952507, 0.16943093397315492, 0.29480098070917937], [0.20787049852715014, 0.3305676519073433, 0.16967428682664962, 0.2918875627388569], [0.22889687521698526, 0.3138486202059858, 0.1983933284070956, 0.2588611761699335], [0.2495540552673872, 0.23788505888049039, 0.17885192163191233, 0.33370896422021024], [0.2917149595835934, 0.20286486471116116, 0.1866226304496479, 0.31879754525559767], [0.3050987323855408, 0.24967809299171573, 0.16521772279265115, 0.28000545183009234], [0.24695479683324456, 0.32075433993885855, 0.22485737651720505, 0.20743348671069214], [0.28598987144839116, 0.29093837109768905, 0.1689525335967593, 0.2541192238571606], [0.1948753469172214, 0.2966527735937199, 0.24030892655389038, 0.2681629529351684], [0.2564631740784996, 0.19060286244744776, 0.1899277874471217, 0.36300617602693114], [0.20514155451094462, 0.307039556331987, 0.19318953966853067, 0.2946293494885379], [0.23912629956888817, 0.3389426641730747, 0.13990317757926174, 0.2820278586787755], [0.21049081938779346, 0.32660580796112304, 0.17859699014815095, 0.2843063825029326], [0.24551534494175584, 0.2607299447048402, 0.20015464753984183, 0.2936000628135623], [0.277466595726137, 0.2518366102297616, 0.20629284616243487, 0.26440394788166666], [0.2696998716989088, 0.2336757677588933, 0.15380258863431154, 0.34282177190788654], [0.2617181007816021, 0.2792892444168743, 0.21325740592876652, 0.2457352488727571], [0.20860108462551746, 0.32753334488538255, 0.20514780820390857, 0.25871776228519167], [0.23608773461183627, 0.34845862313184, 0.19285922315023157, 0.22259441910609215], [0.24084606712416531, 0.3242731584694485, 0.1674459286828529, 0.26743484572353327], [0.22229808133680692, 0.3428206167333904, 0.21146030308858252, 0.22342099884122046], [0.252178652033327, 0.32324896419072874, 0.16714846252532106, 0.25742392125062324], [0.20478861022969458, 0.28440508560308725, 0.23888200642842905, 0.2719242977387893], [0.14995687360235344, 0.4026929807286896, 0.2130609170265309, 0.2342892286424263], [0.2775077822854996, 0.29348875137641917, 0.19180382461894055, 0.23719964171914068], [0.25550548735030754, 0.32973913013160105, 0.19544787087344573, 0.21930751164464587], [0.2680912107886839, 0.3055206647281701, 0.15309826429472348, 0.27328986018842266], [0.2771236972092089, 0.25184147233183624, 0.18751458630096887, 0.28352024415798616], [0.2027234091636739, 0.3120829608121132, 0.1883206473526668, 0.29687298267154616], [0.31385126208550174, 0.2785581309200819, 0.12677304281237445, 0.28081756418204207], [0.23633224273733802, 0.2772752078259375, 0.20949966257568037, 0.27689288686104435], [0.3026524498003693, 0.2628487219922524, 0.14870626051922264, 0.28579256768815603], [0.26023876254439576, 0.3173650171591725, 0.17503720661280966, 0.247359013683622], [0.24473029635364388, 0.2829438744525423, 0.15402431969011063, 0.31830150950370345], [0.1919358014846318, 0.33491792983410484, 0.15402773595743693, 0.31911853272382684], [0.22043553013273012, 0.33067508642266175, 0.18766249667752902, 0.2612268867670793], [0.21164276789585226, 0.28946988340830215, 0.1819769153569652, 0.3169104333388804], [0.22105820029060894, 0.35364780224741776, 0.1644082702525528, 0.2608857272094204], [0.23136344797563668, 0.311833196713027, 0.19436074901283767, 0.26244260629849875], [0.19652801403381823, 0.3084650357786525, 0.20843872481765427, 0.28656822536987503], [0.24360146748634506, 0.26620552881598936, 0.2075429379027744, 0.28265006579489127], [0.24976477090287605, 0.25250129863946813, 0.16990843932458485, 0.3278254911330711], [0.2619000618385103, 0.333021014084379, 0.16415528363969328, 0.24092364043741754], [0.2383692099250678, 0.3179836328898394, 0.18572820211144106, 0.25791895507365176], [0.2222790546076493, 0.2799688822022328, 0.2152954119538984, 0.2824566512362196], [0.2725995610544542, 0.25656942590382636, 0.16929158726515703, 0.3015394257765626], [0.18870846914308384, 0.28634745872059475, 0.19067826779566618, 0.33426580434065545], [0.2735934902483638, 0.25895889669959593, 0.15784177611515482, 0.3096058369368854], [0.25911667857539916, 0.33143703203174285, 0.17381682049279984, 0.23562946890005818], [0.2660929917628584, 0.2759666771339038, 0.18436865431590008, 0.2735716767873374], [0.25644793878288363, 0.326006904844428, 0.1682197636581103, 0.24932539271457815], [0.2238711659476965, 0.31553570826052174, 0.19538121967667535, 0.2652119061151064], [0.26212949847655576, 0.29673355752940206, 0.20184509536335465, 0.2392918486306878], [0.24005228439571255, 0.2935620688699393, 0.14401096877513622, 0.32237467795921193], [0.22168265745386756, 0.3289843045412562, 0.18562069583255475, 0.26371234217232153], [0.22898397611431612, 0.31161823025855034, 0.18513857550973814, 0.2742592181173956], [0.20501507950408904, 0.3075333310322326, 0.15542051705489363, 0.3320310724087849], [0.22000055335064583, 0.33901105115758523, 0.23221046877204468, 0.2087779267197245], [0.2770038561024119, 0.28818123616356117, 0.18000040795795247, 0.25481449977607473], [0.2240621201219144, 0.2798010615654771, 0.23401108867494844, 0.26212572963765984], [0.27317758313311963, 0.30071161066932417, 0.17874910167699076, 0.24736170452056555], [0.2938632208910421, 0.2561474913467023, 0.16859168475779707, 0.2813976030044587], [0.2637683180331458, 0.18383835325139153, 0.16285809154396336, 0.3895352371714997], [0.2880501674420602, 0.25906699613605566, 0.2027249839819815, 0.25015785243990263], [0.21603745423700807, 0.2509114211221445, 0.24877902464265897, 0.2842720999981887], [0.23376911330817318, 0.21834779728692866, 0.1936635948505747, 0.3542194945543234], [0.2608563486020559, 0.33446833041972385, 0.1645350403298813, 0.24014028064833898], [0.20433200031864135, 0.23803117793095357, 0.21497996373057507, 0.3426568580198303], [0.2245866100736356, 0.31482875998216386, 0.14633655038573035, 0.3142480795584703], [0.20728316591207785, 0.2872470506839743, 0.19302685474375075, 0.3124429286601972], [0.25273498225930346, 0.30896988362278455, 0.14487369556053134, 0.29342143855738057], [0.2890764177641244, 0.23663308620005957, 0.20986260268917292, 0.2644278933466432], [0.2841087511710744, 0.2453726102568818, 0.17877538999711468, 0.29174324857492917], [0.29043607010104094, 0.2829332003300098, 0.16676373373894246, 0.2598669958300068], [0.20080060775389863, 0.2799877004232188, 0.21630302083051753, 0.30290867099236524], [0.23419486113172194, 0.30892353163692143, 0.17167380506877986, 0.2852078021625768], [0.2625594158123694, 0.2733266888665268, 0.14058691081652647, 0.3235269845045773], [0.287058799531053, 0.2815616752753257, 0.19086102969116894, 0.24051849550245244], [0.2517186436617918, 0.25299218776016785, 0.19688314727133704, 0.29840602130670346], [0.2707234920668067, 0.2963615794936545, 0.16995309544652898, 0.26296183299300996], [0.23162917536293373, 0.31640908278492685, 0.13708710780265634, 0.3148746340494831], [0.2426699950752709, 0.31610681912923644, 0.19002461670207477, 0.251198569093418], [0.3062857616656652, 0.248616739165425, 0.18960222355060805, 0.25549527561830204], [0.31811258868315045, 0.2447782411748884, 0.17117753597820798, 0.2659316341637535], [0.212599371652527, 0.3092638702694404, 0.2193654173606061, 0.25877134071742663], [0.23253928996884568, 0.31211495605619655, 0.14007000690998786, 0.3152757470649701], [0.20504334173174799, 0.2794683124937076, 0.18793671611668336, 0.32755162965786105], [0.21413707235930854, 0.2697012208754816, 0.2065184126482125, 0.30964329411699726], [0.24042041248182447, 0.3694691097471442, 0.16787247105265277, 0.22223800671837857], [0.26466226602458565, 0.2465400847485087, 0.18660193066522893, 0.3021957185616767], [0.2514697539503552, 0.29910676465826475, 0.18741497798369308, 0.2620085034076872], [0.25418446074965056, 0.28350043180676, 0.17188457065776988, 0.29043053678581976], [0.2264821343439711, 0.3455629340426466, 0.1691738724489515, 0.25878105916443106], [0.24096877582845797, 0.3203019305231025, 0.1636355474732477, 0.2750937461751917], [0.21524256066145384, 0.3166252659271116, 0.18291745340533697, 0.2852147200060976], [0.19562181916899976, 0.32472069387884106, 0.23411828992001094, 0.24553919703214852], [0.2518988964146522, 0.22172022129389748, 0.21537942204228938, 0.3110014602491612], [0.2515778059900945, 0.2919607828602369, 0.15213307417224198, 0.3043283369774265], [0.17136246600788257, 0.35350773367269533, 0.17428633041664238, 0.3008434699027799], [0.3068252637142817, 0.23986578123349897, 0.17823781031651773, 0.2750711447357015], [0.30210490951476404, 0.25205889111870244, 0.14896802698744563, 0.29686817237908797], [0.23456857695340408, 0.31926725404961553, 0.18090222156964578, 0.2652619474273349], [0.2413465479163388, 0.2443382143181517, 0.180072181451413, 0.3342430563140968], [0.26560151123818654, 0.3341224194247118, 0.1568481097705205, 0.2434279595665812], [0.3032315049827368, 0.2518156477938472, 0.16499636061469652, 0.27995648660871963], [0.23540667036339008, 0.2590363146099809, 0.18856986846950913, 0.3169871465571201], [0.26943970112643645, 0.22029577594265726, 0.15232444405904602, 0.35794007887186036], [0.2444533019992323, 0.30397661843286816, 0.189998172733085, 0.2615719068348146], [0.24424803800322237, 0.3127217576234576, 0.1541249105603561, 0.28890529381296415], [0.22737647072631706, 0.32104760110788017, 0.21270663822041455, 0.23886928994538842], [0.30970877043256684, 0.2754026596973685, 0.12038091333049826, 0.2945076565395665], [0.20654894929556672, 0.31128789320714195, 0.16614992004155588, 0.31601323745573545], [0.24297980462797622, 0.2979448811071525, 0.14414336386893084, 0.3149319503959404], [0.23301791042623776, 0.2926871724531873, 0.20224981024538444, 0.2720451068751905], [0.22410535779275378, 0.23445629206468147, 0.26494469496554984, 0.276493655177015], [0.24836338699291116, 0.30479783482562756, 0.18439224166079587, 0.2624465365206654]]}}