{"test": {"ids": ["112118421", "103112470", "113120540", "112120990", "107113840", "112121360", "112120640", "111121410", "113122430", "110118701", "97109080", "105116441", "105113620", "111119290", "108119510", "112120670", "110115710", "113119950", "109117730", "109121640", "97106820", "97116410", "105116860", "107120880", "113121220", "110121450", "108119550", "111119340", "100120780", "112116640", "97106600", "108120621", "105113170", "97105580", "109117600", "100111390", "100113370", "103120531", "101111310", "98106111", "101109120", "97107040", "99111440", "105113210", "98109090", "111115770", "113119450", "111120320", "99117740", "102116340", "99110730", "110118930", "108121351", "98110810", "98106560", "112116451", "105113330", "110118181", "98111670", "99116500", "110115140", "106117650", "112121410", "113121010", "97107920", "110119300", "108114220", "107119390", "111119250", "111121190", "105120621", "104113240", "98107210", "113121750", "112117571", "104111830", "99114890", "109113281", "112116800", "104118070", "98113881", "107116980", "103111170", "111117000", "110113591", "105120280", "99109780", "107113170", "110121720", "113118630", "105116650", "99121440", "104112201", "112119580", "104114230", "103110760", "97107821", "100109330", "109120621", "100108260", "98110680", "104113210", "105117200", "113122160", "106116441", "105118230", "102110500", "100108580", "106120640", "111120531", "103113170", "107113180", "97105960", "104109311", "102109910", "100112060", "113120280", "98109311", "113117630", "105121370", "101115190", "108121410", "113119360", "112119950", "102113350", "100107920", "112117210", "105112260", "109115070", "105119550", "112121030", "112116810", "106116850", "112120290", "108120280", "111116640", "102112170", "108114040", "112121010", "107118780", "113122650", "103110220"], "labels": [3, 1, 3, 2, 3, 3, 0, 0, 2, 3, 2, 1, 0, 3, 1, 2, 2, 0, 3, 0, 1, 3, 2, 1, 3, 3, 1, 3, 1, 0, 3, 1, 0, 1, 1, 2, 3, 3, 3, 0, 1, 2, 3, 3, 1, 3, 3, 1, 2, 3, 3, 1, 3, 1, 1, 0, 3, 1, 1, 2, 0, 1, 0, 2, 0, 1, 3, 2, 1, 1, 1, 2, 1, 0, 3, 3, 2, 0, 0, 2, 3, 3, 2, 0, 0, 3, 2, 0, 3, 3, 1, 2, 0, 3, 2, 1, 2, 0, 1, 3, 2, 3, 3, 3, 0, 1, 3, 0, 3, 0, 3, 3, 2, 3, 2, 2, 0, 1, 0, 2, 1, 0, 0, 0, 3, 0, 1, 3, 0, 1, 0, 3, 3, 1, 3, 0, 3, 0, 2, 1, 2, 2], "predicted_labels": [3, 1, 1, 1, 1, 1, 0, 1, 1, 1, 3, 1, 1, 1, 3, 1, 1, 3, 3, 3, 3, 1, 1, 1, 3, 3, 1, 1, 1, 1, 1, 0, 1, 1, 0, 1, 1, 3, 1, 0, 1, 1, 1, 3, 1, 1, 3, 1, 0, 1, 1, 1, 1, 1, 1, 0, 3, 1, 0, 1, 1, 1, 3, 1, 0, 3, 0, 3, 3, 3, 3, 1, 1, 1, 1, 1, 1, 0, 1, 1, 1, 1, 1, 1, 0, 1, 1, 0, 1, 1, 1, 1, 0, 3, 1, 3, 0, 0, 3, 1, 1, 1, 1, 1, 1, 1, 0, 1, 1, 1, 1, 1, 1, 0, 0, 3, 3, 1, 1, 1, 1, 1, 3, 3, 1, 1, 1, 1, 1, 1, 3, 1, 1, 3, 3, 1, 3, 1, 1, 3, 1, 1], "confidence_scores": [[0.24808878066378082, 0.27037318237318236, 0.14529802974802983, 0.3362400072150072], [0.2584361055611057, 0.2944799561549561, 0.21838389388389393, 0.22870004440004468], [0.25207795537795546, 0.30434190809190825, 0.1752993062493063, 0.26828083028083033], [0.2343222999222999, 0.3380669885669884, 0.21875136171018528, 0.20885934980052637], [0.25917229992229995, 0.2951011460761463, 0.17340153180153184, 0.27232502220002236], [0.29903154068154064, 0.3354366244866247, 0.13590541321423677, 0.22962642161759825], [0.3160721462747779, 0.2438796176046177, 0.14968005883005886, 0.2903681772905459], [0.2746945526695529, 0.27880349650349656, 0.17030738150738156, 0.2761945693195694], [0.21308557553557558, 0.3236113220113219, 0.18492862888745237, 0.27837447356565026], [0.2545325202575204, 0.3120022394272396, 0.14463861796098643, 0.2888266223542538], [0.23533868076368078, 0.24456870351870366, 0.21878443223443245, 0.3013081834831835], [0.2803324250912486, 0.30413632756132747, 0.11480372209489864, 0.3007275252525254], [0.18206825017088196, 0.32712736985236984, 0.24376809856809856, 0.24703628140865003], [0.24344222085104442, 0.29292864716982375, 0.1828482600732602, 0.28078087190587203], [0.28090864331746673, 0.24389423436041083, 0.16984595404595404, 0.30535116827616837], [0.22404052059052054, 0.32154417804417806, 0.1799984570984571, 0.2744168442668443], [0.22757264679764697, 0.318978211820859, 0.17993010127127773, 0.2735190401102166], [0.2579589910089911, 0.24034617604617625, 0.1611905927405928, 0.34050424020424025], [0.23127278750661112, 0.26336798789445853, 0.20925768920621862, 0.2961015353927118], [0.26923910533910544, 0.25626096681096694, 0.17808867243867257, 0.2964112554112554], [0.25806695526695533, 0.2850242285492286, 0.17158981296481304, 0.28531900321900316], [0.22568323343323357, 0.2714834348657879, 0.2491902097902099, 0.2536431219107689], [0.2219859973359974, 0.3033531226942995, 0.21243539238539255, 0.2622254875843112], [0.17457232767232786, 0.36856356143856145, 0.18541584526584537, 0.27144826562326546], [0.21022207237207238, 0.2972032689532691, 0.170877294927295, 0.32169736374736385], [0.2599898712398713, 0.29266166611166605, 0.15397431457431454, 0.293374148074148], [0.2136672827172828, 0.287033238983239, 0.22527122322122334, 0.27402825507825507], [0.18956656121656135, 0.3084288988788989, 0.22833961038961054, 0.27366492951492954], [0.21586832611832624, 0.3129379065379067, 0.1923377067377069, 0.2788560606060606], [0.2096528305028306, 0.3512794622044621, 0.17412545510045513, 0.2649422521922523], [0.24121558996559017, 0.29144310411810426, 0.19188353313353318, 0.2754577727827728], [0.28641259296259314, 0.26990227550227563, 0.16575200910200907, 0.2779331224331225], [0.21301658815041183, 0.2910585042408571, 0.2173273088023089, 0.27859759880642254], [0.17463909978909986, 0.3394728216228217, 0.22552490842490844, 0.2603631701631701], [0.2716821567321568, 0.23792367632367645, 0.231823903873904, 0.2585702630702632], [0.24925675435675465, 0.27482404229757174, 0.20599462041226754, 0.2699245829334064], [0.22342464202464224, 0.3011874514374515, 0.18524744144744157, 0.2901404650904651], [0.2791261904761904, 0.26843527306027304, 0.1422684981684982, 0.3101700382950384], [0.24206625596625617, 0.2902295858510255, 0.20391914874770925, 0.26378500943500943], [0.2978741239153003, 0.2543670912420912, 0.19499783827283831, 0.25276094656977016], [0.2544257818205187, 0.26879013764013765, 0.21673171273171282, 0.260052367807631], [0.19480107670107688, 0.2715183566433568, 0.26718664750282417, 0.26649391915274256], [0.22062456709956713, 0.35586661394161406, 0.1743659358185674, 0.24914288314025165], [0.23571827225062544, 0.24336957858103378, 0.18632931174432724, 0.3345828374240139], [0.26837268564768557, 0.26902994505494515, 0.19732384004884015, 0.2652735292485293], [0.263061976911977, 0.3133670274170275, 0.14892104562104577, 0.27464995004995013], [0.23398689643689655, 0.300746767121767, 0.16362017982017993, 0.30164615662115657], [0.21950717615717633, 0.3329130563880565, 0.195001123876124, 0.25257864357864357], [0.3260810356310358, 0.2520217893217894, 0.16881920301920303, 0.2530779720279721], [0.21377658289423007, 0.2980371461871462, 0.2235495298818829, 0.2646367410367411], [0.18272168942168943, 0.2964892135642134, 0.25301070041070056, 0.2677783966033967], [0.19590494505494516, 0.35007852702852704, 0.17305224775224792, 0.2809642801642803], [0.2515081454493221, 0.3077849705849707, 0.14375373156255514, 0.2969531524031523], [0.22030634365634372, 0.30894520479520476, 0.22692047397047402, 0.24382797757797778], [0.18375818070818078, 0.3068729020979021, 0.24985530580530604, 0.25951361138861145], [0.32698803418803407, 0.26176974691974697, 0.1442648962148962, 0.26697732267732266], [0.29910289155289144, 0.22503874458874462, 0.16312155067155085, 0.3127368131868134], [0.24693669663669682, 0.32593824867942517, 0.1377108716446952, 0.2894141830391829], [0.2822595182595183, 0.25206308968808994, 0.20828445639328003, 0.25739293565911214], [0.20063545621045623, 0.2903085172996939, 0.23003501694384057, 0.27902100954600967], [0.2579917055167055, 0.2856408924408925, 0.1898281635031635, 0.2665392385392385], [0.24948943833943843, 0.31002535797535785, 0.18086875901875912, 0.2596164446664448], [0.23583063048063052, 0.29201601731601734, 0.16246601176601186, 0.30968734043734036], [0.19862371239871243, 0.3631342379842381, 0.18650914640914645, 0.2517329032079033], [0.36160595238095233, 0.23257940752058406, 0.126687872421696, 0.27912676767676775], [0.24461614219114222, 0.29608192363192354, 0.16280747585747601, 0.2964944583194584], [0.27895133298074487, 0.274480645661528, 0.1810439648586708, 0.2655240564990565], [0.21221209901209914, 0.2671616428892746, 0.22439623811860648, 0.2962300199800201], [0.23469107004107004, 0.27551782106782113, 0.20000817793317802, 0.2897829309579311], [0.26541629481629486, 0.25874706127206143, 0.1906229242979244, 0.2852137196137198], [0.3039517704517705, 0.2508275446775448, 0.11683358308358313, 0.3283871017871017], [0.20315864968364986, 0.335568783993784, 0.21721323121323127, 0.2440593351093351], [0.1998006604506604, 0.31580706238206224, 0.20316141636141657, 0.28123086080586074], [0.24388233988233998, 0.36981009546009563, 0.15821957486957497, 0.22808798978798986], [0.26476031746031753, 0.30733318903318896, 0.1452993728493729, 0.28260712065712096], [0.21588067210567213, 0.3512777472527473, 0.18313580863580864, 0.2497057720057721], [0.1598121461871463, 0.37548358030858026, 0.22645745365745384, 0.2382468198468199], [0.293642143967144, 0.2634843933843934, 0.15884939504939505, 0.2840240675990676], [0.236616724941725, 0.33918634143634147, 0.14915125707625718, 0.27504567654567674], [0.20080689033189028, 0.3533596042846044, 0.2135122211122211, 0.23232128427128437], [0.2596104506604507, 0.2876426018426019, 0.1727635753135754, 0.27998337218337227], [0.289251134976135, 0.32011706349206326, 0.1550389083139084, 0.23559289321789328], [0.2671154512154512, 0.28278306138306164, 0.19288344988345002, 0.2572180375180377], [0.17233194583194592, 0.31411895326895334, 0.22123954933954948, 0.2923095515595516], [0.31083050478932817, 0.28430404595404596, 0.14385926295926307, 0.2610061862973628], [0.24929184149184166, 0.3172942335442334, 0.1808590104340105, 0.2525549145299146], [0.19791965811965828, 0.3177203574203574, 0.23610041625041633, 0.24825956820956846], [0.27690892995892996, 0.26996911421911435, 0.18407561327561334, 0.2690463425463424], [0.23577678432678442, 0.2977332833832835, 0.17436507381507388, 0.2921248584748586], [0.1665377423230365, 0.3514649791385086, 0.18790492089609745, 0.29409235764235786], [0.18051734551997708, 0.3322115773115775, 0.20757327117327135, 0.2796978059951745], [0.23329044844044858, 0.3184953546453547, 0.19537633869398582, 0.2528378582202112], [0.3406779073867309, 0.2469391996891997, 0.12303551252668905, 0.28934738039738045], [0.24640974662592324, 0.25813594297859005, 0.18432398157398164, 0.31113032882150526], [0.234427122877123, 0.32817278277278256, 0.17442071457953812, 0.2629793797705563], [0.2649795149295149, 0.2389334526584529, 0.2069921717171717, 0.28909486069486057], [0.3149884226884227, 0.2766260517260518, 0.17095880756670243, 0.23742671801882342], [0.3532129204129204, 0.26174004329004336, 0.14274732489732495, 0.2422997113997115], [0.29398041403041386, 0.25429256854256865, 0.1496250804750806, 0.302101936951937], [0.23265009157509156, 0.29998873903873907, 0.2405774114774114, 0.22678375790875824], [0.2433975635475636, 0.28653528138528156, 0.2545650571650573, 0.215502097902098], [0.24690226995227002, 0.2769872663284429, 0.2035784790373026, 0.27253198468198464], [0.23746407481407494, 0.31969232434232414, 0.2183904734154734, 0.22445312742812742], [0.22030554620817788, 0.33160602697955677, 0.1960120213120215, 0.2520764055002445], [0.2648675308351779, 0.33916290931290927, 0.12891990786990795, 0.2670496519820049], [0.21322001887001898, 0.3353880758130757, 0.20995744255744264, 0.24143446275946281], [0.3034688533688533, 0.23633038073038073, 0.1597279720279721, 0.3004727938727939], [0.2526336718836721, 0.26034573008690665, 0.23657716368598727, 0.25044343434343436], [0.21319698912198923, 0.31960634365634366, 0.19899347319347324, 0.2682031940281941], [0.29783528138528126, 0.31696961926961925, 0.10571874514374517, 0.2794763542013544], [0.19754488289488298, 0.3444241924741923, 0.1950197766286001, 0.26301114800232456], [0.22086432178932186, 0.29287600732600744, 0.23017155622155636, 0.2560881146631147], [0.2203957486957488, 0.2760432012432014, 0.23157002278766992, 0.27199102727338026], [0.3164412143412145, 0.2519066544566546, 0.14097408147408164, 0.29067804972804984], [0.2635331890331891, 0.24915724553224577, 0.23758339715839724, 0.24972616827616842], [0.23261681651681654, 0.25180478410478424, 0.2298943001443002, 0.28568409923409926], [0.28640816303579447, 0.22939076201576217, 0.17335740370740368, 0.31084367124103945], [0.276912577944931, 0.31448754023754016, 0.15549876463405882, 0.25310111718347017], [0.2251453379953381, 0.29432176157176165, 0.19464917027417028, 0.2858837301587302], [0.19250217560217567, 0.35323417970917975, 0.19692665112665123, 0.2573369935619936], [0.2214044178044178, 0.28191856476856486, 0.22112131757131764, 0.2755556998557001], [0.2573753143914907, 0.3260193964532201, 0.1554487290487291, 0.26115656010656035], [0.22190417915417934, 0.2504359917859918, 0.18623736818736827, 0.341422460872461], [0.2610607614607614, 0.24568500388500394, 0.17587305472305467, 0.31738117993118026], [0.22099634254634268, 0.3306957403707404, 0.20062174492174506, 0.2476861721611721], [0.27428972693972714, 0.32975509213009213, 0.1437968975468977, 0.2521582833832834], [0.2131040182040183, 0.302534901940165, 0.18263587728061415, 0.3017252025752027], [0.1987558941058941, 0.32478359973359966, 0.16658231768231777, 0.30987818847818865], [0.23977044344544346, 0.3195434898434899, 0.19161674436674445, 0.2490693223443225], [0.2551764291264292, 0.3138193251193253, 0.1881218281718282, 0.24288241758241774], [0.2878425185925184, 0.2580101898101899, 0.15353990453990451, 0.30060738705738715], [0.228744796869797, 0.2744233468286102, 0.23499177138650823, 0.2618400849150851], [0.17920190365190383, 0.3243256105006106, 0.25506461871461883, 0.24140786713286713], [0.268915379065379, 0.24796585359085369, 0.2079369352869353, 0.27518183205683217], [0.28490107310989654, 0.23864220224220226, 0.1718069763569764, 0.3046497482909249], [0.21984582508994294, 0.2985482569717865, 0.20547675265910573, 0.2761291652791653], [0.2755329559329562, 0.2486352905264672, 0.18039733795616159, 0.29543441558441547], [0.19889832226596935, 0.33291151348651327, 0.20999789830052998, 0.2581922659469876], [0.20107801540564718, 0.3661969705131467, 0.20940224416106773, 0.22332276992013841], [0.2405286657786658, 0.27865479520479497, 0.19423361083361107, 0.28658292818292813], [0.21892383172383179, 0.3041310717060715, 0.20983871683871708, 0.26710637973137963], [0.21762160587950072, 0.30534689126662795, 0.23153610278610282, 0.2454954000677685]]}, "rewritten": {"ids": ["97105580", "97105960", "97106600", "97106820", "97107040", "97107821", "97107920", "97109080", "97116410", "98106111", "98106560", "98107210", "98109090", "98109311", "98110680", "98110810", "98111670", "98113881", "99109780", "99110730", "99111440", "99114890", "99116500", "99117740", "99121440", "100107920", "100108260", "100108580", "100109330", "100111390", "100112060", "100113370", "100120780", "101109120", "101111310", "101115190", "102109910", "102110500", "102112170", "102113350", "102116340", "103110220", "103110760", "103111170", "103112470", "103113170", "103120531", "104109311", "104111830", "104112201", "104113210", "104113240", "104114230", "104118070", "105112260", "105113170", "105113210", "105113330", "105113620", "105116441", "105116650", "105116860", "105117200", "105118230", "105119550", "105120280", "105120621", "105121370", "106116441", "106116850", "106117650", "106120640", "107113170", "107113180", "107113840", "107116980", "107118780", "107119390", "107120880", "108114040", "108114220", "108119510", "108119550", "108120280", "108120621", "108121351", "108121410", "109113281", "109115070", "109117600", "109117730", "109120621", "109121640", "110113591", "110115140", "110115710", "110118181", "110118701", "110118930", "110119300", "110121450", "110121720", "111115770", "111116640", "111117000", "111119250", "111119290", "111119340", "111120320", "111120531", "111121190", "111121410", "112116451", "112116640", "112116800", "112116810", "112117210", "112117571", "112118421", "112119580", "112119950", "112120290", "112120640", "112120670", "112120990", "112121010", "112121030", "112121360", "112121410", "113117630", "113118630", "113119360", "113119450", "113119950", "113120280", "113120540", "113121010", "113121220", "113121750", "113122160", "113122430", "113122650"], "labels": [1, 2, 3, 1, 2, 2, 0, 2, 3, 0, 1, 1, 1, 1, 2, 1, 1, 3, 2, 3, 3, 2, 2, 2, 2, 0, 3, 0, 0, 2, 2, 3, 1, 1, 3, 1, 2, 3, 3, 3, 3, 2, 1, 2, 1, 3, 3, 3, 3, 0, 3, 2, 2, 2, 3, 0, 3, 3, 0, 1, 1, 2, 3, 1, 1, 3, 1, 2, 0, 3, 1, 3, 0, 3, 3, 3, 1, 2, 1, 0, 3, 1, 1, 3, 1, 3, 0, 0, 0, 1, 3, 1, 0, 0, 0, 2, 1, 3, 1, 1, 3, 3, 3, 0, 0, 1, 3, 3, 1, 0, 1, 0, 0, 0, 0, 3, 1, 3, 3, 3, 0, 1, 0, 2, 2, 2, 0, 3, 0, 0, 3, 0, 3, 0, 0, 3, 2, 3, 0, 3, 2, 2], "predicted_labels": [1, 1, 0, 3, 1, 0, 0, 3, 1, 0, 1, 1, 3, 0, 2, 1, 0, 1, 1, 1, 1, 1, 1, 0, 1, 1, 1, 1, 0, 3, 3, 1, 3, 1, 1, 1, 1, 3, 3, 3, 1, 1, 3, 1, 1, 1, 3, 1, 1, 0, 0, 1, 1, 1, 1, 3, 3, 3, 1, 1, 1, 3, 1, 1, 1, 1, 0, 1, 3, 1, 1, 1, 3, 1, 1, 1, 3, 0, 1, 1, 0, 3, 3, 0, 0, 1, 1, 0, 1, 3, 0, 1, 3, 0, 0, 1, 1, 1, 1, 3, 1, 1, 3, 3, 1, 3, 1, 1, 1, 0, 0, 1, 0, 1, 1, 3, 1, 1, 3, 3, 3, 0, 0, 3, 1, 1, 3, 1, 1, 3, 1, 3, 3, 3, 3, 1, 3, 1, 1, 1, 1, 3], "confidence_scores": [[0.17994855699855714, 0.33322308802308787, 0.2205668109668111, 0.2662615440115439], [0.23992896723159876, 0.31863924131424143, 0.18507728382728386, 0.25635450762687606], [0.29606114163614156, 0.2605118908868911, 0.18511400821400822, 0.25831295926295944], [0.24072116217116235, 0.2687395881895882, 0.21257493617493636, 0.27796431346431366], [0.1746244311244312, 0.31363904983904967, 0.2254024289436055, 0.28633409009291355], [0.3337989879401645, 0.2501437415525653, 0.18233086913086924, 0.23372640137640155], [0.3881753246753248, 0.2104132403544168, 0.13324790405672765, 0.26816353091353107], [0.21187359307359319, 0.2511863303363305, 0.2510077977577978, 0.2859322788322787], [0.24089887334887347, 0.2698672086083852, 0.25632489373371725, 0.23290902430902427], [0.3319304972804972, 0.2802242007992009, 0.14547546897546904, 0.24236983294483302], [0.19782173659673666, 0.2925441197691198, 0.27002971277088933, 0.2396044308632545], [0.2277130980130981, 0.34580373237873235, 0.18060712065712076, 0.24587604895104903], [0.25532734291851933, 0.27839864971629685, 0.18254437229437237, 0.28372963507081156], [0.2937784925858456, 0.2675990953490956, 0.1700094483947426, 0.2686129636703167], [0.21514388422035474, 0.2565348235098236, 0.28438701461936755, 0.2439342776504542], [0.24289628704628724, 0.32622257187257203, 0.21274086469086478, 0.21814027639027656], [0.2629887445887446, 0.2475119713619716, 0.2303723054723056, 0.2591269785769786], [0.281509718059718, 0.2962267621267622, 0.13240151515151521, 0.2898620046620047], [0.17565066077713148, 0.329552097902098, 0.25657292593027897, 0.23822431539049205], [0.22390350792997865, 0.2836992146742147, 0.2589857325680857, 0.23341154482772136], [0.2396766511266511, 0.2881510545010544, 0.22500627048390218, 0.24716602388839246], [0.22456285381285399, 0.2893438616938618, 0.2055138250638252, 0.2805794594294593], [0.23958541458541463, 0.28007345236462894, 0.22668629344511707, 0.2536548396048397], [0.31518161283161267, 0.280391514041514, 0.15040718170718173, 0.25401969141969155], [0.23220558885558903, 0.3538005355755357, 0.19416815961815972, 0.219825715950716], [0.30433745976245974, 0.31985527805527797, 0.1338598956598957, 0.2419473665223666], [0.256833313908314, 0.26305919913419923, 0.2453593850593851, 0.23474810189810216], [0.20976016761016777, 0.2841995068656833, 0.22420591271473617, 0.28183441280941296], [0.34371413390531047, 0.25549753579753587, 0.15278643023643032, 0.24800190006072356], [0.2424617604617606, 0.25712560380795685, 0.221833403851051, 0.27857923187923195], [0.237808621933622, 0.2509181429681432, 0.23666514596514598, 0.27460808913308915], [0.23872313242313256, 0.3030906149406151, 0.17429439449439457, 0.28389185814185813], [0.23095132922632933, 0.27324668387168416, 0.2007291486291488, 0.29507283827283826], [0.2587560495060496, 0.27431537629037633, 0.19717001332001335, 0.269758560883561], [0.20340768643121593, 0.31522936695227716, 0.1942525517825829, 0.28711039483392425], [0.24149776334776335, 0.30073241203241236, 0.19300863025863024, 0.2647611943611945], [0.2658789627039628, 0.28774541569541556, 0.21682190587190586, 0.22955371572871586], [0.27051227383727394, 0.24777725330225336, 0.1831861000111001, 0.298524372849373], [0.28101243201243203, 0.23567338217338232, 0.18149356579093434, 0.30182062002325144], [0.24352036852036854, 0.26254776334776353, 0.2171003607503609, 0.2768315073815075], [0.2247723408170777, 0.30571323398823397, 0.21387984319601966, 0.2556345819986687], [0.22356793761793758, 0.3006732331394098, 0.23924914529914548, 0.23650968394350758], [0.2562698856698856, 0.2248621969533736, 0.2395518417856654, 0.2793160755910758], [0.2610509046509047, 0.3022293373293373, 0.16005446220446226, 0.2766652958152959], [0.24949805194805205, 0.3021303901980374, 0.2008862451274217, 0.2474853127264893], [0.2090956768721475, 0.3584371017871018, 0.17920298023270168, 0.2532642411080493], [0.2901207958707958, 0.2687755355755357, 0.12911415251415256, 0.311989516039516], [0.2739709013209014, 0.30469463951081593, 0.12987171080553433, 0.2914627483627482], [0.20238608058608074, 0.34092277167277163, 0.20312554112554113, 0.2535656066156067], [0.34481628649128665, 0.2595618215118216, 0.13218677711177712, 0.26343511488511484], [0.2889353396603398, 0.2714128130039895, 0.19917500750883102, 0.24047683982683996], [0.20205851011733386, 0.35283192918192924, 0.18520842213342223, 0.25990113856731517], [0.2511265290265291, 0.2961688283938285, 0.16131612554112565, 0.29138851703851715], [0.22759040404040426, 0.3035819347319349, 0.237587968404145, 0.23123969282351645], [0.19686559551559557, 0.3462758325008326, 0.2033409396159397, 0.2535176323676324], [0.22759404206904216, 0.2563906676656678, 0.2051801032301032, 0.3108351870351872], [0.2637312409812411, 0.23574838494838515, 0.18999985014985024, 0.3105205239205238], [0.28983330460389267, 0.23497729460082412, 0.15320054390054397, 0.3219888568947394], [0.20748413253413273, 0.31385222832722826, 0.23924433899433906, 0.23941930014430027], [0.26744285159285164, 0.3118290265290265, 0.14064636474636472, 0.28008175713175726], [0.17501534576534575, 0.29822145077145085, 0.26850021645021643, 0.25826298701298717], [0.22423222888222896, 0.2992429273341039, 0.1758479797979798, 0.3006768639856875], [0.24712373182373196, 0.2713356476856478, 0.23169301531801545, 0.2498476051726053], [0.2185696747696748, 0.33302160894660876, 0.20214870684870684, 0.2462600094350094], [0.1834935238737871, 0.3626691079388449, 0.18527696192696205, 0.2685604062604063], [0.22380325785325794, 0.30472955932955936, 0.20820685980686, 0.26326032301032315], [0.32431745652008825, 0.2586207958707959, 0.10141359751359755, 0.31564815009551844], [0.21106611166611197, 0.34354458319458325, 0.18839080919080917, 0.2569984959484959], [0.3006578976578976, 0.25096840185957836, 0.13884857283239638, 0.3095251276501277], [0.2167852611440848, 0.29375553058053067, 0.24648342017459668, 0.24297578810078824], [0.23748911366411374, 0.2897600260850261, 0.20295901875901895, 0.26979184149184154], [0.1944874930624932, 0.32330605301131626, 0.2310101252548621, 0.25119632867132874], [0.27508736737119116, 0.26252409812409827, 0.17961366215483882, 0.28277487234987236], [0.20679064269064282, 0.3541266344766344, 0.1718794871794873, 0.2672032356532355], [0.2525754275995763, 0.3179608071666896, 0.17187904644375246, 0.25758471878998196], [0.3023313536137064, 0.30588027528027545, 0.1323443246296187, 0.25944404647639946], [0.24590664890664898, 0.2623692585192587, 0.18374267399267408, 0.3079814185814185], [0.2547748473748474, 0.24227187257187263, 0.25255639915639927, 0.2503968808968811], [0.22706255688755697, 0.3398547230547229, 0.17868313908313918, 0.25439958097458104], [0.18408398268398285, 0.31390919635919595, 0.23289368964368973, 0.26911313131313147], [0.2833234507322742, 0.24597518037518037, 0.19253689088689097, 0.2781644780056545], [0.28104970584970596, 0.2662345182595185, 0.16109746364746366, 0.2916183122433123], [0.23763637473637492, 0.25154671162171166, 0.21471531801531812, 0.29610159562659555], [0.3321934953934952, 0.24932813297813305, 0.1324587967587968, 0.28601957486957474], [0.2912189921189923, 0.26799245199245225, 0.18100780885780884, 0.2597807470307471], [0.2598440170940172, 0.3000776917526919, 0.16106555666555672, 0.27901273448773445], [0.26456757131757136, 0.34452925962925945, 0.13747002997003008, 0.25343313908313914], [0.3345908220434537, 0.25911852036852057, 0.12890664335664337, 0.27738401423138276], [0.20873510933510947, 0.3469037165448929, 0.18875780885780905, 0.255603365262189], [0.24271203796203808, 0.2516917748917751, 0.2017483433233434, 0.30384784382284397], [0.3016597446670977, 0.22026998312145374, 0.19381383893883894, 0.2842564332726097], [0.2831176046176046, 0.2898142413142412, 0.16526937506937517, 0.26179877899877907], [0.2664461482961484, 0.2376230824730826, 0.1744190032190033, 0.32151176601176606], [0.2963846625596625, 0.25582368742368755, 0.1568088522588523, 0.290982797757798], [0.3093963647463647, 0.22823848096348098, 0.210458066933067, 0.2519070873570875], [0.21542602952602966, 0.35382591852591855, 0.19392832722832723, 0.23681972471972473], [0.2326884060384061, 0.3399219613719613, 0.1665815850815852, 0.26080804750804765], [0.25126416638916654, 0.29793871683871687, 0.1578219724719726, 0.2929751443001442], [0.22391775724275734, 0.33613250360750363, 0.17201573981573992, 0.2679339993339993], [0.2655536741036739, 0.28510976800976817, 0.1544015706515707, 0.29493498723498746], [0.28305964035964054, 0.29008935786435774, 0.15322739009356667, 0.2736236116824352], [0.27039957264957265, 0.2841051948051948, 0.18670810300810312, 0.25878712953712957], [0.2581996669996671, 0.2799833166833168, 0.1566301531801533, 0.30518686313686294], [0.2168376856803329, 0.2774294491456257, 0.21944349898467566, 0.2862893661893662], [0.19511867021867027, 0.35602515262515233, 0.19794847374847382, 0.25090770340770374], [0.23421144411144418, 0.27462440892440876, 0.20619000721500724, 0.28497413974913993], [0.2143428868517104, 0.28620137917637917, 0.2245950363362129, 0.27486069763569776], [0.20772316017316034, 0.30942591852591855, 0.23627197247197246, 0.2465789488289489], [0.2001424686424688, 0.31385152625152624, 0.2345176961926964, 0.251488308913309], [0.3085372016872018, 0.3040791652791652, 0.15261758241758244, 0.23476605061605063], [0.2895768897768897, 0.2572439837939838, 0.18089554889554899, 0.27228357753357774], [0.2656385142635144, 0.3055788600288602, 0.1573341602841604, 0.2714484654234655], [0.3188842546342546, 0.30274451659451657, 0.11117614052614057, 0.26719508824508836], [0.2588548673548674, 0.3093934482184482, 0.1784304612054612, 0.25332122322122325], [0.23927748917748917, 0.29231722444222447, 0.21094701687201695, 0.2574582695082697], [0.24383141303141304, 0.24764940059940063, 0.24136833721833734, 0.26715084915084925], [0.21565533910533916, 0.3022458152958153, 0.19746863136863138, 0.2846302142302142], [0.2803548249136485, 0.29727938172938173, 0.16382906342024003, 0.25853672993673005], [0.2535409923409924, 0.27658949775714486, 0.14245660809778463, 0.32741290180407806], [0.24868628593628597, 0.28558583083583067, 0.17894155289155295, 0.28678633033633044], [0.3006942723942722, 0.23326938061938074, 0.1644002775002776, 0.3016360694860695], [0.27568372738372726, 0.2616284493284493, 0.19350975690975705, 0.26917806637806657], [0.32872464757464753, 0.2147925491175493, 0.17580571928071936, 0.28067708402708413], [0.2213704795204796, 0.28781080863580843, 0.18599004329004332, 0.30482866855366886], [0.19595738705738722, 0.31335699300699293, 0.21705851370851373, 0.2736271062271063], [0.21197692030192056, 0.3150745143745141, 0.2226813389225155, 0.2502672264010501], [0.3023740675990677, 0.22366516261516253, 0.1670582917082917, 0.3069024780774779], [0.25880293317793324, 0.33358538487656136, 0.16755622824887534, 0.24005545369663026], [0.2420280885780886, 0.2991425859228491, 0.16723692345666039, 0.291592402042402], [0.25539856254856264, 0.27990107670107667, 0.1815596542346544, 0.2831407065157065], [0.19297402597402605, 0.31649792984792985, 0.1964502275502276, 0.2940778166278166], [0.24497075906549604, 0.25621126096126107, 0.1972780386280388, 0.3015399413452045], [0.23950621600621624, 0.295109213009213, 0.155685064935065, 0.309699506049506], [0.2590504051504051, 0.22210068265068272, 0.17025071595071595, 0.3485981962481963], [0.29819951437451436, 0.2122482461982462, 0.17321590631590641, 0.3163363331113331], [0.27246398601398597, 0.31481968586968584, 0.14053037518037534, 0.27218595293595305], [0.22994031164913523, 0.2937399267399269, 0.18085574980574984, 0.2954640118051883], [0.20451867576867586, 0.3360574148074148, 0.20095657120657132, 0.2584673382173382], [0.26782928182928184, 0.29770552503052516, 0.1655368548118549, 0.26892833832833857], [0.2143053502053504, 0.29791003996004006, 0.20728049173049176, 0.28050411810411796], [0.16863891108891113, 0.3910532689532687, 0.16464201909201912, 0.27566580086580106], [0.21787277754924825, 0.2667955044955046, 0.2445035203358734, 0.27082819761937404]]}}