{"test": {"ids": ["107116501", "98107210", "100116500", "104117200", "103109791", "97110950", "111119300", "113122230", "108116070", "108120060", "111120591", "111119250", "97112830", "113118511", "113118810", "112117431", "113120830", "110120640", "104114240", "112117571", "105116501", "110116501", "103120780", "108121351", "102113350", "113122220", "99112840", "108116501", "110113591", "111119950", "112116290", "113121750", "98120010", "102112250", "97109080", "112118620", "98108520", "98108370", "99113260", "109113281", "104118340", "105120621", "97116410", "107120260", "113122510", "109118701", "104112201", "102111990", "109120540", "97107821", "103117200", "111120640", "99107630", "100113210", "112117210", "110117140", "100109360", "109118161", "112120290", "112121360", "113120640", "99108710", "108113760", "102109010", "107116340", "105115250", "113121190", "110117870", "104116980", "111120280", "113119930", "109115211", "99108580", "108120280", "113118630", "112116800", "107113550", "110118630", "105121190", "107118780", "109117431", "110119891", "112121351", "111116170", "100108520", "97105960", "108114040", "101112690", "99110050", "100109801", "103109641", "102112170", "107118120", "110120560", "103110840", "98111860", "107119390", "113119480", "106117650", "105116980", "106112770", "110119030", "106117790", "97113260", "104111620", "112116880", "112117461", "98112170", "102110240", "111121351", "105113210", "106116120", "105115380", "100112060", "98110230", "111120190", "108120260", "97116790", "105117200", "113119700", "108114220", "109117271", "108115880", "113120751", "99108890", "111116040", "109118820", "101108080", "104114410", "108117360", "105120280", "113117401", "112121410", "105119950", "98110680", "107121230", "102108621", "104119290", "111120540", "106117770", "98110710", "103113210"], "labels": [1, 1, 2, 3, 3, 3, 1, 1, 1, 1, 1, 1, 2, 1, 3, 0, 3, 0, 0, 3, 1, 3, 1, 3, 3, 1, 2, 0, 0, 0, 0, 0, 2, 0, 2, 3, 2, 1, 0, 0, 2, 1, 3, 1, 2, 3, 0, 2, 1, 2, 0, 0, 2, 0, 1, 3, 0, 0, 1, 3, 0, 2, 1, 1, 3, 2, 1, 3, 1, 0, 1, 0, 0, 3, 3, 0, 0, 1, 2, 1, 1, 3, 0, 0, 2, 2, 0, 1, 3, 0, 1, 3, 3, 0, 1, 0, 2, 3, 1, 0, 1, 0, 1, 1, 0, 0, 0, 3, 3, 0, 3, 1, 1, 2, 3, 3, 1, 2, 3, 0, 3, 0, 3, 1, 0, 0, 3, 0, 1, 1, 3, 3, 0, 3, 2, 0, 3, 1, 1, 0, 2, 3], "predicted_labels": [3, 3, 3, 3, 0, 0, 3, 1, 1, 1, 0, 1, 1, 3, 3, 0, 3, 3, 3, 3, 0, 1, 3, 3, 1, 1, 1, 3, 3, 3, 3, 3, 0, 0, 3, 3, 1, 1, 1, 3, 1, 3, 1, 1, 1, 3, 0, 1, 1, 0, 3, 3, 3, 3, 3, 1, 3, 0, 2, 1, 1, 1, 3, 1, 3, 3, 3, 3, 2, 3, 3, 3, 1, 0, 3, 3, 3, 1, 3, 3, 1, 1, 3, 3, 0, 3, 3, 3, 3, 1, 1, 0, 3, 1, 0, 1, 3, 3, 1, 0, 3, 1, 1, 3, 0, 1, 3, 1, 3, 1, 3, 1, 3, 1, 1, 1, 1, 3, 1, 3, 0, 1, 3, 1, 1, 3, 1, 1, 3, 3, 3, 0, 0, 1, 3, 3, 3, 3, 1, 1, 3, 1], "confidence_scores": [[0.24756822344322343, 0.30523856698856705, 0.14016901154401154, 0.307024198024198], [0.27965517815517815, 0.2253195346320347, 0.187554168054168, 0.30747111915861913], [0.21966302447552444, 0.20727128427128436, 0.2035740786990787, 0.36949161255411256], [0.1642049062049062, 0.27967703823953827, 0.1793575937950938, 0.3767604617604618], [0.2850520035520036, 0.2684324703074703, 0.19263378288378294, 0.2538817432567433], [0.3098019480519481, 0.25716389166389164, 0.18688804251304247, 0.24614611777111775], [0.2929852092352094, 0.2287328643578644, 0.178112012987013, 0.30016991341991356], [0.19918299755799754, 0.37612409812409825, 0.16497359584859578, 0.25971930846930846], [0.25781727994227993, 0.2919736652236652, 0.20955573593073587, 0.24065331890331898], [0.2109788128538128, 0.29357016594516605, 0.2848940503940504, 0.21055697080697075], [0.2952055583305583, 0.2347220834720836, 0.17747039072039075, 0.2926019674769675], [0.16561825674325675, 0.3368201341142519, 0.2760049019607844, 0.22155670718170734], [0.1973934953934954, 0.2981562881562882, 0.2109191919191919, 0.2935310245310245], [0.19915313852813846, 0.2638318903318903, 0.23568704906204915, 0.3013279220779221], [0.24501689976689978, 0.2497121767121768, 0.17860533910533913, 0.3266655844155845], [0.2840360750360752, 0.2734668109668111, 0.16474657287157285, 0.27775054112554115], [0.24657821345321349, 0.2374137806637806, 0.234195165945166, 0.28181283993784], [0.1939784590409591, 0.2767800185925186, 0.250163961038961, 0.27907756132756145], [0.23513870851370855, 0.2794305555555555, 0.1958989898989899, 0.2895317460317461], [0.22558051670551665, 0.23879239510489508, 0.177601911976912, 0.3580251762126763], [0.28709886151430286, 0.27438600288600296, 0.15865342500636614, 0.27986171059332837], [0.2489846681096681, 0.29894091121297006, 0.17585786435786432, 0.2762165563194976], [0.1706463952713953, 0.2809446803196803, 0.21968381618381624, 0.32872510822510825], [0.19536915861915857, 0.30512283549783553, 0.15765782828282823, 0.3418501776001777], [0.2002409673659674, 0.3017589077589077, 0.2053367257742258, 0.29266339910089906], [0.20698989898989895, 0.29750342712842726, 0.234357683982684, 0.26114898989899], [0.17741414141414139, 0.3113378565878566, 0.21626015651015662, 0.2949878454878455], [0.2809942279942279, 0.24338708513708515, 0.17367893217893207, 0.3019397546897547], [0.2546106601731601, 0.2579124486624487, 0.1815945304695305, 0.30588236069486074], [0.2630941558441559, 0.21951244588744598, 0.19482942057942057, 0.32256397768897777], [0.2443297258297259, 0.23095647408147407, 0.24032094294594297, 0.2843928571428571], [0.2329456654456654, 0.27535588023088037, 0.19142379842379842, 0.3002746558996559], [0.3062631673881674, 0.2360841568562157, 0.19704181929181935, 0.2606108564637976], [0.312609903984904, 0.21071390415140406, 0.16565463702963704, 0.3110215548340549], [0.2268122294372295, 0.250725468975469, 0.25720833333333337, 0.26525396825396813], [0.2359143413775767, 0.2680813989931638, 0.16386752136752136, 0.33213673826173823], [0.24550080475080466, 0.3405272366522366, 0.17779996392496394, 0.23617199467199465], [0.17217784992784987, 0.2932931096681097, 0.26699765512265516, 0.26753138528138537], [0.22443199855699855, 0.26681024531024516, 0.24742261904761909, 0.26133513708513706], [0.1895532106782107, 0.30108658008658007, 0.1802974386724387, 0.3290627705627706], [0.15828266178266176, 0.32297305472305476, 0.2622057387057387, 0.2565385447885447], [0.2975205627705628, 0.23786994949494947, 0.14068383005883006, 0.32392565767565773], [0.2616430236430237, 0.2912716450216451, 0.17467943167943167, 0.2724058996558998], [0.22013064713064712, 0.2772257603507604, 0.2471461593961594, 0.25549743312243334], [0.20628589466089473, 0.2923896520146522, 0.2312349178599179, 0.27008953546453546], [0.25938158369408365, 0.24009920634920637, 0.2078537157287157, 0.2926654942279942], [0.3163656204906204, 0.2313353174603175, 0.15017766955266953, 0.3021213924963925], [0.2474484681984683, 0.31868188755688764, 0.1717303946053946, 0.2621392496392496], [0.24388124375624376, 0.332378663003663, 0.17476501276501277, 0.24897508047508043], [0.327414072039072, 0.24928359140859147, 0.15259183871683868, 0.2707104978354977], [0.2360020396270396, 0.21571711621711617, 0.18199458874458876, 0.3662862554112556], [0.2384794372294373, 0.275929292929293, 0.2069188311688311, 0.2786724386724388], [0.23299575424575425, 0.2655005411255413, 0.17395238095238102, 0.3275513236763238], [0.3089959256429845, 0.16930726911976912, 0.11234804982599102, 0.4093487554112554], [0.1784763708513708, 0.2700800865800867, 0.2750121683871684, 0.27643137418137415], [0.1992018051393052, 0.31293188755688756, 0.2009120670995671, 0.28695424020424026], [0.26182004107004103, 0.23852120102120097, 0.20195091020091024, 0.2977078477078477], [0.2931507936507937, 0.2508979978354979, 0.1658885281385281, 0.29006268037518035], [0.25752705627705635, 0.21045310245310248, 0.3047873376623378, 0.22723250360750366], [0.24939568764568765, 0.3124842171717172, 0.19139074814074816, 0.24672934704184693], [0.20271542346542348, 0.31190279165279167, 0.2505588578088578, 0.2348229270729271], [0.1876831363081363, 0.35267521367521376, 0.15120400432900427, 0.3084376456876457], [0.24891865079365075, 0.22835864135864142, 0.23296815684315675, 0.28975455100455094], [0.2109855193825782, 0.27516919191919187, 0.24656053178847295, 0.267284756909757], [0.20586861749361757, 0.2507799422799424, 0.2296746170496171, 0.3136768231768232], [0.219857905982906, 0.2929565295815297, 0.1828573232323232, 0.30432824120324126], [0.2690581363081363, 0.2303315989565991, 0.2221925158175158, 0.2784177489177489], [0.22282876845376853, 0.24823104673104676, 0.23051479076479087, 0.2984253940503941], [0.18055506993007, 0.26070616883116887, 0.28014989177489175, 0.2785888694638695], [0.1846488095238095, 0.22746295371295366, 0.18452795815295814, 0.4033602786102785], [0.23544678932178933, 0.27635207153957153, 0.19095213120213125, 0.2972490079365079], [0.2571066017316017, 0.2695402236652238, 0.18230753968253968, 0.29104563492063495], [0.1714016955266955, 0.2816551226551227, 0.27572637085137086, 0.27121681096681105], [0.3469545454545455, 0.21762839937839934, 0.1626156759906759, 0.27280137917637914], [0.20179148629148633, 0.29785263347763347, 0.17028264790764788, 0.3300732323232324], [0.2031058802308803, 0.2905512820512821, 0.2049398795648796, 0.30140295815295814], [0.2660739538239539, 0.22836933899433898, 0.20662037962037963, 0.2989363275613277], [0.1818479437229437, 0.299773865023865, 0.24093957431457425, 0.2774386169386169], [0.221411310911311, 0.272391774891775, 0.17410119047619052, 0.3320957237207237], [0.2565101565101566, 0.2694176934176934, 0.1603165584415584, 0.31375559163059175], [0.14794543650793648, 0.3486351010101011, 0.23169742063492063, 0.2717220418470419], [0.20318247030747025, 0.28209379509379506, 0.2335486874236874, 0.2811750471750472], [0.25594935619935627, 0.24651555389055388, 0.2109527417027418, 0.28658234820734824], [0.2608278527028528, 0.24157425907425917, 0.1551046731046731, 0.3424932151182152], [0.2932465034965036, 0.2421296897546898, 0.18377478077478077, 0.28084902597402595], [0.23557205294705294, 0.25253932178932187, 0.21502099289599286, 0.2968676323676325], [0.19486775030525028, 0.2713433441558442, 0.22048659673659673, 0.3133023088023088], [0.2146405677655678, 0.2437688283938283, 0.2575463564213565, 0.28404424741924755], [0.1817063492063492, 0.30276197903403795, 0.21088636363636365, 0.3046453081232493], [0.19961814574314576, 0.3380676406926406, 0.19526641414141413, 0.26704779942279944], [0.20180995393495393, 0.30343993506493505, 0.20681017593517606, 0.2879399350649353], [0.3064069125319126, 0.21923346098346097, 0.20618217893217897, 0.26817744755244755], [0.23511810411810408, 0.2812656371406371, 0.15987271062271055, 0.323743548118548], [0.24183585858585854, 0.27689971139971137, 0.22645689033189037, 0.2548075396825397], [0.28961300505050525, 0.24959415584415584, 0.19061011904761904, 0.27018272005772004], [0.21567388167388174, 0.3807725468975471, 0.19721410533910533, 0.20633946608946613], [0.2420335497835498, 0.23965241702741719, 0.21610443722943715, 0.302209595959596], [0.25366523060273055, 0.23177786102786108, 0.19334983766233763, 0.3212070707070708], [0.1873926767676768, 0.3066799450549451, 0.22856347818847822, 0.2773638999889], [0.3275370740370741, 0.27603733072483083, 0.16045292207792208, 0.2359726731601732], [0.23475829725829722, 0.2603538961038961, 0.20545887445887448, 0.29942893217893224], [0.2451570431202784, 0.29701395255071733, 0.1726637806637806, 0.2851652236652237], [0.2005134448884449, 0.3102907231657231, 0.22025030525030526, 0.26894552669552685], [0.21707133838383844, 0.27458207070707075, 0.2180934343434344, 0.2902531565656566], [0.34170490620490623, 0.21692316017316013, 0.18776533189033187, 0.2536066017316017], [0.15125896325896324, 0.3196951659451659, 0.2544670337832103, 0.2745788370126606], [0.2565285409035409, 0.21863939532689533, 0.1480677933177933, 0.3767642704517704], [0.2664522283272284, 0.30601767676767677, 0.1408488455988456, 0.2866812493062493], [0.17457267732267734, 0.2784680735930737, 0.24766884504384515, 0.299290404040404], [0.24402318514818522, 0.3386224192474193, 0.15118488455988452, 0.2661695110445111], [0.28256084193584186, 0.2474745670995671, 0.13507184482184478, 0.3348927461427462], [0.2440014013764014, 0.3014569943944945, 0.1855569153069153, 0.26898468892218896], [0.19825986513486524, 0.30393514818514816, 0.18093124930624926, 0.3168737373737374], [0.24707857420357418, 0.3302768897768898, 0.19296663059163055, 0.22967790542790534], [0.2919146131646131, 0.31524565018315015, 0.15617757936507937, 0.2366621572871573], [0.21878769841269843, 0.2726511544011545, 0.2420766594516595, 0.2664844877344878], [0.25204761904761896, 0.29477236652236655, 0.18588455988455987, 0.26729545454545456], [0.2632989926739927, 0.27530555555555564, 0.16988924963924965, 0.29150620213120215], [0.24175023587523586, 0.263193611943612, 0.25258780802530817, 0.24246834415584417], [0.22032591020091025, 0.2699563353313353, 0.22853037240537252, 0.28118738206238203], [0.292756673881674, 0.23841328116328114, 0.19476749639249635, 0.2740625485625487], [0.22841996891996885, 0.29714675602175594, 0.18505573593073593, 0.2893775391275391], [0.24825600788100782, 0.23065313852813843, 0.25089314851814853, 0.27019770507270513], [0.20325054112554114, 0.2863275613275614, 0.26399386724386736, 0.24642803030303032], [0.21131637806637804, 0.30822655122655135, 0.2201002886002886, 0.26035678210678204], [0.26911417748917743, 0.20866937229437238, 0.21016468253968257, 0.31205176767676773], [0.25249755106005095, 0.28448308635808633, 0.20783123126873135, 0.25518813131313134], [0.22641818394024277, 0.3607840354090356, 0.16074054621848735, 0.25205723443223443], [0.24947204184704186, 0.27471076146076157, 0.14702540515040513, 0.32879179154179156], [0.19443231972276087, 0.2357667887667888, 0.24922432224638108, 0.3205765692640692], [0.22779313048063063, 0.24613213869463865, 0.25298833111333124, 0.2730863997113998], [0.34367589355089356, 0.2641042250233427, 0.1576558759867583, 0.2345640054390055], [0.2812504162504162, 0.27947397047397055, 0.17140692640692645, 0.2678686868686871], [0.24512226662226666, 0.320182253204312, 0.13766809579309577, 0.29702738438032555], [0.1973222333222334, 0.2833064574314573, 0.2295827922077922, 0.28978851703851705], [0.20188277000777005, 0.2533700674325674, 0.1803581904206904, 0.36438897213897226], [0.24125330225330224, 0.29294922438672444, 0.12830555555555553, 0.33749191780441784], [0.21571594377844375, 0.22356120268620278, 0.1939508477633478, 0.3667720057720058], [0.1906210317460317, 0.3268500180375182, 0.23803237734487737, 0.24449657287157298], [0.17670496170496164, 0.3538917193917194, 0.17515286102786104, 0.29425045787545795], [0.20808003108003106, 0.2766740620490621, 0.20660822510822505, 0.30863768176268186], [0.2849033466533467, 0.28799949356199356, 0.19724202880452876, 0.2298551309801309]]}, "rewritten": {"ids": ["97105960", "97107821", "97109080", "97110950", "97112830", "97113260", "97116410", "97116790", "98107210", "98108370", "98108520", "98110230", "98110680", "98110710", "98111860", "98112170", "98120010", "99107630", "99108580", "99108710", "99108890", "99110050", "99112840", "99113260", "100108520", "100109360", "100109801", "100112060", "100113210", "100116500", "101108080", "101112690", "102108621", "102109010", "102110240", "102111990", "102112170", "102112250", "102113350", "103109641", "103109791", "103110840", "103113210", "103117200", "103120780", "104111620", "104112201", "104114240", "104114410", "104116980", "104117200", "104118340", "104119290", "105113210", "105115250", "105115380", "105116501", "105116980", "105117200", "105119950", "105120280", "105120621", "105121190", "106112770", "106116120", "106117650", "106117770", "106117790", "107113550", "107116340", "107116501", "107118120", "107118780", "107119390", "107120260", "107121230", "108113760", "108114040", "108114220", "108115880", "108116070", "108116501", "108117360", "108120060", "108120260", "108120280", "108121351", "109113281", "109115211", "109117271", "109117431", "109118161", "109118701", "109118820", "109120540", "110113591", "110116501", "110117140", "110117870", "110118630", "110119030", "110119891", "110120560", "110120640", "111116040", "111116170", "111119250", "111119300", "111119950", "111120190", "111120280", "111120540", "111120591", "111120640", "111121351", "112116290", "112116800", "112116880", "112117210", "112117431", "112117461", "112117571", "112118620", "112120290", "112121351", "112121360", "112121410", "113117401", "113118511", "113118630", "113118810", "113119480", "113119700", "113119930", "113120640", "113120751", "113120830", "113121190", "113121750", "113122220", "113122230", "113122510"], "labels": [2, 2, 2, 3, 2, 1, 3, 2, 1, 1, 2, 3, 2, 2, 0, 3, 2, 2, 0, 2, 0, 3, 2, 0, 2, 0, 0, 2, 0, 2, 0, 1, 3, 1, 3, 2, 3, 0, 3, 1, 3, 1, 3, 0, 1, 0, 0, 0, 1, 1, 3, 2, 1, 3, 2, 1, 1, 0, 3, 3, 3, 1, 2, 1, 1, 1, 0, 1, 0, 3, 1, 3, 1, 2, 1, 0, 1, 0, 3, 3, 1, 0, 1, 1, 1, 3, 3, 0, 0, 0, 1, 0, 3, 3, 1, 0, 3, 3, 3, 1, 0, 3, 0, 0, 0, 0, 1, 1, 0, 3, 0, 1, 1, 0, 0, 0, 0, 0, 1, 0, 0, 3, 3, 1, 0, 3, 0, 3, 1, 3, 3, 3, 0, 1, 0, 1, 3, 1, 0, 1, 1, 2], "predicted_labels": [3, 3, 1, 0, 3, 2, 1, 3, 3, 1, 1, 3, 1, 1, 1, 1, 2, 3, 3, 1, 1, 1, 3, 1, 3, 3, 1, 1, 3, 3, 1, 2, 0, 1, 3, 3, 3, 3, 1, 3, 3, 3, 1, 3, 1, 0, 1, 3, 0, 1, 3, 1, 3, 3, 1, 1, 3, 3, 3, 3, 2, 3, 3, 3, 1, 1, 3, 1, 3, 1, 1, 3, 1, 3, 1, 3, 0, 3, 1, 1, 1, 3, 2, 1, 3, 0, 1, 3, 3, 3, 2, 1, 3, 3, 1, 0, 3, 1, 2, 1, 3, 3, 1, 1, 3, 3, 1, 1, 3, 1, 3, 1, 3, 1, 1, 1, 1, 3, 1, 1, 3, 0, 3, 2, 3, 1, 1, 1, 2, 3, 1, 3, 1, 1, 3, 3, 1, 3, 3, 1, 1, 1], "confidence_scores": [[0.18445129870129864, 0.24848580586080588, 0.22503485403485401, 0.3420280414030416], [0.2704348845598847, 0.26625477994227986, 0.16672032828282823, 0.2965900072150072], [0.2369682123432125, 0.2930700965700966, 0.1931184371184371, 0.276843253968254], [0.2944890664890665, 0.2627760295260295, 0.20626845376845382, 0.2364664502164503], [0.24236770174270172, 0.25525405150405156, 0.22999422799422795, 0.2723840187590188], [0.19365148046398048, 0.24951644189144193, 0.2815999555999556, 0.27523212204462205], [0.22260252247752252, 0.32623802586302597, 0.23845372682872687, 0.21270572483072478], [0.20518849206349213, 0.27534866522366525, 0.2328569624819625, 0.2866058802308803], [0.231381549006549, 0.2568261183261183, 0.21303504828504832, 0.29875728438228444], [0.245140331890332, 0.26686969974469976, 0.23339847652347648, 0.25459149184149193], [0.2412007575757575, 0.3336731601731601, 0.1506029942279942, 0.27452308802308806], [0.277892427017427, 0.27872263847263845, 0.15985569985569986, 0.2835292346542347], [0.21503156565656567, 0.30428192640692636, 0.23493253968253966, 0.24575396825396834], [0.23457738095238095, 0.30316311466311463, 0.21828321678321685, 0.24397628760128762], [0.23602664002664006, 0.3004338578088579, 0.24566169941169946, 0.2178778027528027], [0.26333039183039186, 0.3108733766233766, 0.1869695165945166, 0.23882671495171492], [0.24272673160173155, 0.23795389822595708, 0.2826177849927851, 0.23670158517952647], [0.2505583444333445, 0.27394155844155854, 0.16455501443001444, 0.31094508269508275], [0.184669844044844, 0.24444592907092905, 0.28363976301476307, 0.2872444638694639], [0.22654365079365085, 0.3138539862914863, 0.19614853896103895, 0.263453823953824], [0.1936274003774004, 0.3546901293151293, 0.21146416083916084, 0.24021830946830952], [0.1730070485070485, 0.33332659007659, 0.1936961233211234, 0.299970238095238], [0.1843008658008658, 0.2875800865800866, 0.23848953823953833, 0.2896295093795094], [0.26038943001443005, 0.2752652763902764, 0.21324374236874238, 0.25110155122655126], [0.28816780441780454, 0.25869943944943957, 0.16368740981240978, 0.2894453463203464], [0.24523268398268397, 0.222060064935065, 0.24432756132756134, 0.2883796897546898], [0.23940431790431788, 0.3360849844599844, 0.17878378565878567, 0.24572691197691196], [0.20537139249639252, 0.317168512043512, 0.21818470418470423, 0.2592753912753913], [0.3017822871572872, 0.21086381673881668, 0.14758784271284267, 0.3397660533910534], [0.19436706349206354, 0.24469413919413924, 0.2237842712842713, 0.3371545260295261], [0.25112417239623136, 0.31667562992563, 0.1937363975893388, 0.23846380008880014], [0.24048103285603278, 0.2534307914307914, 0.2551538322788323, 0.25093434343434345], [0.30597823010323016, 0.2569821428571428, 0.15591600066600061, 0.28112362637362637], [0.2295200216450217, 0.2782412864912865, 0.23241744366744374, 0.25982124819624824], [0.17627469752469743, 0.2812274531024531, 0.22683641358641363, 0.31566143578643585], [0.23734081890331887, 0.26844949494949494, 0.2165308996558997, 0.2776787864912866], [0.25788221500721514, 0.2298957431457432, 0.20112031024531035, 0.3111017316017316], [0.250507326007326, 0.2658497197247197, 0.2083855033855034, 0.27525745088245096], [0.18687673437673433, 0.2830272366522366, 0.25874152236652237, 0.2713545066045066], [0.1824886363636364, 0.2553548534798534, 0.25934397546897553, 0.3028125346875348], [0.23409018759018757, 0.26964291264291274, 0.17373343323343327, 0.32253346653346654], [0.22989880952380962, 0.24012950937950936, 0.23242316017316014, 0.29754852092352096], [0.22174332611832615, 0.28211562049062056, 0.26064321789321787, 0.23549783549783546], [0.2465448497580851, 0.21243700172376642, 0.175889763014763, 0.3651283855033858], [0.22029754967254966, 0.2703784271284272, 0.24291289266289268, 0.2664111305361305], [0.30228102453102457, 0.2023497474747474, 0.21292063492063498, 0.28244859307359316], [0.2705097402597403, 0.275257215007215, 0.2060238095238095, 0.24820923520923519], [0.2044465534465535, 0.26850366300366296, 0.24976190476190469, 0.27728787878787886], [0.30833633033633034, 0.27912197524697524, 0.1506210317460317, 0.2619206626706627], [0.18927711177711182, 0.2785597041847043, 0.2596497113997114, 0.27251347263847275], [0.18436291486291487, 0.27888479575979586, 0.2157207792207792, 0.3210315101565102], [0.21647348484848486, 0.29070815295815305, 0.24322444222444217, 0.24959391996891994], [0.20073964923964926, 0.24685427072927074, 0.22290247252747256, 0.3295036075036076], [0.24203899572649568, 0.2290431512931513, 0.18062350843600844, 0.3482943445443446], [0.2564775641025641, 0.29490854978354986, 0.16262988400488398, 0.28598400210900216], [0.18514776889776882, 0.3315123626373628, 0.23761471861471858, 0.24572514985014984], [0.2347739898989899, 0.28491287878787885, 0.16771933621933616, 0.31259379509379515], [0.21422603785103791, 0.27793482905982914, 0.22090152902652904, 0.28693760406260416], [0.21810293056616595, 0.25526611705288177, 0.23356331168831176, 0.29306764069264085], [0.21747179209679218, 0.3022841047841048, 0.177812284937285, 0.30243181818181836], [0.21045703601953605, 0.24232310744810748, 0.28006893106893116, 0.26715092546342556], [0.27565710678210686, 0.16438976301476294, 0.17220099345099343, 0.3877521367521368], [0.2410620490620491, 0.2556354617604618, 0.224367784992785, 0.27893470418470423], [0.20649770246093777, 0.26628888595065064, 0.2295230602730603, 0.29769035131535143], [0.22869653957153957, 0.3270040515040514, 0.18133782883782879, 0.2629615800865801], [0.23548145604395607, 0.2925598845598847, 0.20469803807303807, 0.26726062132312145], [0.21537783050283046, 0.2884302503052504, 0.20149220224220227, 0.2946997169497169], [0.17539277389277388, 0.3390078255078256, 0.27884776334776334, 0.20675163725163725], [0.24107269119769117, 0.2211093351093351, 0.2210533633033634, 0.31676461038961046], [0.18863579476079473, 0.31453300865800865, 0.20231188256188268, 0.2945193140193141], [0.2654715007215007, 0.30460900210900216, 0.16632828282828277, 0.2635912143412145], [0.17684733322233323, 0.3028607087357086, 0.18021782384282387, 0.3400741341991342], [0.2564792568542569, 0.2911189366189366, 0.19224242424242427, 0.26015938228438223], [0.25303245365745364, 0.19964153901653897, 0.23796922521922526, 0.3093567821067821], [0.2385782828282828, 0.3211693722943723, 0.22739466089466095, 0.21285768398268398], [0.19247324897324897, 0.2780157481407482, 0.20602218614718615, 0.3234888167388168], [0.2927774170274171, 0.279398088023088, 0.204450604950605, 0.22337388999888994], [0.1816111666111666, 0.23837631812631813, 0.24811059773559774, 0.3319019175269176], [0.22194257131757136, 0.29296500721500723, 0.24162988400488403, 0.24346253746253751], [0.19356349206349208, 0.3544561688311687, 0.18625018037518043, 0.2657301587301588], [0.19910476614888378, 0.28923695463033705, 0.2602377622377623, 0.251420516983017], [0.21780674880674883, 0.25178986291486294, 0.20998522311022316, 0.32041816516816524], [0.1662151182151182, 0.22483008658008663, 0.31529323454323455, 0.2936615606615607], [0.22435168997669, 0.26742658730158725, 0.26623930236430243, 0.24198242035742035], [0.24573777611277614, 0.24738221500721497, 0.1937150210900211, 0.313164987789988], [0.3381689421689423, 0.2485376706626707, 0.1747329198579199, 0.23856046731046743], [0.15725119325119322, 0.31285082972582967, 0.22754401154401166, 0.30235396547896554], [0.2090753968253969, 0.3212103174603174, 0.14114466089466085, 0.32856962481962493], [0.18983674658674662, 0.2447657065157066, 0.21795220057720058, 0.34744534632034635], [0.24741724941724955, 0.25497313797313803, 0.20543818681318682, 0.2921714257964259], [0.18582413419913413, 0.25458477633477655, 0.29727471139971146, 0.2623163780663781], [0.21641425241425233, 0.30174060661560664, 0.18898001998002, 0.2928651209901211], [0.24803210678210696, 0.28637373737373734, 0.1790243506493506, 0.28656980519480524], [0.21830812243312242, 0.2668260073260073, 0.23652761127761132, 0.27833825896325903], [0.22006709956709966, 0.33277128427128433, 0.1875478896103896, 0.2596137265512265], [0.2837268217893218, 0.25507801920301937, 0.1963299755799756, 0.26486518342768345], [0.24530855255855255, 0.22307148407148408, 0.1666118326118326, 0.36500813075813093], [0.2038340270840271, 0.2945752719502719, 0.24541763791763793, 0.25617306304806314], [0.23895934620934633, 0.26435231435231443, 0.27158835608835613, 0.2250999833499834], [0.18976280663780665, 0.32062974525474514, 0.21939159451659454, 0.2702158535908536], [0.2464678932178932, 0.2547011183261183, 0.16273737373737368, 0.33609361471861476], [0.1736528887778888, 0.2662564935064935, 0.23711488511488507, 0.32297573260073265], [0.18956873681873684, 0.33251901570651576, 0.2227647907647908, 0.25514745670995675], [0.16953454878454877, 0.31148348873348874, 0.24315476190476193, 0.2758272005772006], [0.18672059884559883, 0.28148250360750365, 0.21279220779220778, 0.3190046897546897], [0.24445929070929073, 0.24717891830391828, 0.1852572705072706, 0.32310452047952054], [0.17835508935508937, 0.30453909570821347, 0.24588414853120732, 0.27122166640549006], [0.2322778471528472, 0.30050511988011985, 0.18032668026418025, 0.28689035270285274], [0.216364898989899, 0.2863718781218782, 0.20352723665223674, 0.2937359862359863], [0.23248975330225327, 0.2773422410922412, 0.22652913059163066, 0.2636388750138751], [0.2211960678210678, 0.26315694028194025, 0.1690670301920302, 0.34657996170496186], [0.17382395382395388, 0.2890312049062051, 0.260664862914863, 0.27647997835497845], [0.24193272005772004, 0.26913636363636373, 0.1675064935064935, 0.3214244227994228], [0.1684294733044733, 0.376422619047619, 0.1841305222555223, 0.2710173853923854], [0.23505447330447338, 0.3365998029748031, 0.15631965256965258, 0.2720260711510711], [0.2244293484293484, 0.2820072705072705, 0.2241925296925297, 0.2693708513708514], [0.24147834110334107, 0.2942510961260961, 0.21908549783549783, 0.245185064935065], [0.21211002886002892, 0.2890106282606283, 0.2014536852036852, 0.2974256576756577], [0.16051821789321788, 0.2843041125541126, 0.28038077200577205, 0.27479689754689757], [0.24379334554334556, 0.2943464313464314, 0.17249056499056503, 0.28936965811965815], [0.23003323637147166, 0.2830575825318473, 0.16054795204795205, 0.326361229048729], [0.2782594905094905, 0.26176965395715396, 0.18182112332112324, 0.2781497322122323], [0.22706211027534556, 0.24745324242750713, 0.16865481740481736, 0.3568298298923299], [0.23264502164502165, 0.21442478354978345, 0.3029500360750362, 0.24998015873015877], [0.25104495504495516, 0.24425324675324686, 0.17387644300144303, 0.3308253552003553], [0.26708656621156623, 0.3203850622416799, 0.17608149203737433, 0.23644687950937943], [0.23082878926628925, 0.3001058247308248, 0.18798953823953812, 0.2810758477633479], [0.2260512265512265, 0.29402071131482904, 0.21521359604447846, 0.2647144660894662], [0.14783712121212117, 0.2771630591630592, 0.2893668831168832, 0.2856329365079365], [0.24163095238095245, 0.21332341269841276, 0.2256170634920635, 0.31942857142857145], [0.2252064659197012, 0.2999356697224345, 0.18210010822510822, 0.2927577561327562], [0.25861823593073596, 0.26350384337884347, 0.1868002344877345, 0.2910776862026862], [0.22321279292602816, 0.2974161892029539, 0.2344532967032967, 0.24491772116772126], [0.24861525974025972, 0.2848004148629148, 0.20357954545454546, 0.26300477994228], [0.17556653069153072, 0.30214782439782434, 0.21630561105561114, 0.30598003385503403], [0.21475937950937954, 0.24151255688755702, 0.24496868409368414, 0.29875937950937936], [0.16765842490842492, 0.3244779942279942, 0.22450167887667896, 0.2833619019869021], [0.2132940115440115, 0.2775256132756134, 0.22688455988455997, 0.2822958152958152], [0.21297191697191692, 0.2797152777777779, 0.20242559523809514, 0.30488721001221], [0.2157523448773448, 0.30296212121212124, 0.27547348484848494, 0.20581204906204914], [0.20851562326562334, 0.33147076534576536, 0.19673477910977913, 0.26327883227883225], [0.20810412381735913, 0.29312127578304054, 0.21278843378843387, 0.2859861666111667]]}}