{"test": {"ids": ["103113610", "108115880", "97116800", "113118620", "103113210", "102114270", "111119580", "110113931", "113121010", "104111380", "109120540", "108114220", "113117401", "109113281", "108116481", "97107950", "107119950", "107118490", "105113260", "111120280", "113119340", "107116501", "99112531", "99107560", "108118301", "112120630", "110114561", "101111210", "109119591", "106111321", "101108500", "104111780", "111116100", "99105921", "106114880", "108118810", "113118690", "107113170", "112118550", "113122510", "106113170", "113119950", "111114171", "109116810", "104112470", "105112260", "108115870", "112118890", "107121640", "112121360", "111118910", "102113210", "101112540", "111114121", "104117200", "113122120", "111120320", "98116090", "112120640", "108115250", "101108621", "108119510", "112118511", "110115890", "110119030", "102109010", "110121170", "97107040", "98112170", "100120780", "105114220", "113121980", "113118111", "101112690", "107113260", "108121410", "106118520", "113120830", "103118291", "104114230", "104111620", "110118450", "108121190", "97107260", "111118301", "111118810", "111120190", "99107500", "102118380", "110118161", "108115570", "101119030", "98117740", "102110850", "100108260", "105110251", "107113360", "105119950", "104116800", "107120880", "101114990", "109120560", "97110950", "109118701", "107114950", "113121950", "99108010", "107117010", "104113380", "98110810", "110118810", "113121810", "102110890", "102110500", "106115240", "107117630", "100108580", "109115380", "106121190", "98108580", "112120270", "109117730", "110114950", "104119340", "109117271", "108115500", "113118810", "99111930", "112121351", "112120670", "110117080", "104111990", "98106111", "100109910", "106119580", "113120540", "110118301", "98111620", "101108370", "113118870", "102121440", "103113270"], "labels": [2, 3, 0, 3, 3, 3, 3, 1, 2, 3, 1, 3, 3, 0, 0, 2, 3, 2, 3, 0, 0, 1, 3, 1, 1, 3, 0, 2, 0, 0, 3, 3, 3, 1, 0, 1, 3, 0, 3, 2, 0, 0, 3, 3, 1, 3, 3, 3, 1, 3, 0, 3, 2, 0, 3, 1, 1, 0, 0, 1, 0, 1, 1, 2, 0, 1, 2, 2, 3, 1, 3, 2, 1, 1, 0, 0, 2, 3, 0, 2, 0, 0, 1, 2, 3, 0, 3, 0, 1, 0, 3, 3, 2, 3, 3, 0, 0, 3, 1, 1, 3, 1, 3, 3, 3, 3, 2, 1, 1, 1, 1, 2, 0, 3, 1, 0, 0, 3, 2, 0, 0, 3, 0, 1, 0, 3, 3, 1, 0, 2, 1, 2, 0, 2, 3, 3, 1, 3, 1, 0, 2, 2], "predicted_labels": [1, 0, 0, 1, 2, 1, 0, 1, 1, 1, 1, 0, 1, 1, 0, 2, 3, 1, 1, 3, 0, 3, 3, 1, 1, 0, 1, 1, 1, 3, 2, 1, 1, 1, 1, 1, 3, 3, 0, 1, 1, 0, 3, 1, 1, 1, 3, 1, 3, 1, 1, 1, 1, 3, 1, 1, 3, 1, 0, 3, 1, 3, 1, 1, 3, 1, 3, 2, 0, 0, 0, 1, 3, 3, 1, 1, 1, 1, 0, 1, 0, 1, 1, 1, 3, 0, 3, 1, 2, 0, 1, 3, 1, 1, 3, 0, 0, 0, 3, 3, 1, 3, 0, 1, 0, 1, 1, 1, 3, 1, 0, 1, 0, 0, 1, 0, 1, 3, 3, 1, 0, 1, 3, 1, 3, 1, 1, 1, 1, 1, 1, 1, 2, 2, 1, 1, 3, 1, 3, 1, 0, 2], "confidence_scores": [[0.011273938490371125, 0.33037228081436293, 0.6348638139671039, 0.023489966728161855], [0.628881252365698, 0.05024386961523425, 0.0024258758419616728, 0.3184490021771059], [0.7292945722047293, 0.0656677037777756, 0.021473144527012065, 0.18356457949048302], [0.36781461940011867, 0.4476314229930338, 0.025266059831851668, 0.15928789777499552], [0.1118951302361004, 0.046251487764513585, 0.7189276898203024, 0.12292569217908327], [0.01453685609680153, 0.37979863463042307, 0.4427395607290871, 0.16292494854368844], [0.9046567662802777, 0.04888517833853393, 0.0022535010154718675, 0.044204554365716436], [0.44275877733423236, 0.20773871572703437, 0.05476071181796249, 0.2947417951207708], [0.10092699185446338, 0.7082668361732344, 0.05554503138193384, 0.13526114059036853], [0.09185700070953653, 0.28776581624517733, 0.5503964941274105, 0.06998068891787519], [0.04768069851670045, 0.8131527867131926, 0.027347560231307095, 0.11181895453879977], [0.7847560994226683, 0.04487988172492583, 0.00898094092073863, 0.16138307793166734], [0.08776769190542316, 0.5323725815114027, 0.003737222840438418, 0.3761225037427353], [0.5725176307920085, 0.20926513780971873, 0.04524070436879855, 0.1729765270294744], [0.666229472154136, 0.052147803346873314, 0.0020537180374507764, 0.27956900646153965], [0.030339789315941834, 0.09560267078106742, 0.7865117653623993, 0.08754577454059152], [0.23867661855808514, 0.2074911853073357, 0.014638264120902382, 0.5391939320136768], [0.16539622546770638, 0.22472016800372133, 0.5841928274375223, 0.025690779091049953], [0.19556593124898086, 0.49323527436663933, 0.17719047428161608, 0.1340083201027636], [0.39979612283694355, 0.08753517402690097, 0.033020176477817915, 0.4796485266583375], [0.8062241790731222, 0.05725628143602994, 0.012859693656907801, 0.12365984583394013], [0.07936263036159898, 0.19444529584409317, 0.016689383023016185, 0.7095026907712918], [0.18653438875250022, 0.05933797677561956, 0.07493518735662902, 0.6791924471152511], [0.051184136854025175, 0.6726906792909144, 0.1279890981628728, 0.14813608569218759], [0.0613799238736766, 0.41403968597568847, 0.04634018008222611, 0.47824021006840894], [0.7817766451689391, 0.012110670933651433, 0.002791322986221264, 0.20332136091118833], [0.2580676327085583, 0.4143756498041647, 0.17090182978801036, 0.15665488769926653], [0.09542118126056742, 0.2957489236887032, 0.38322001644568804, 0.22560987860504148], [0.09203086394275212, 0.5010799003117375, 0.2147854278759519, 0.1921038078695584], [0.17710788365385585, 0.23289390915455385, 0.026837857296499484, 0.5631603498950906], [0.0349407225825623, 0.13521405632583539, 0.6580562656014508, 0.17178895549015127], [0.07172277840881108, 0.8122038548002477, 0.014716052510254823, 0.1013573142806863], [0.23913681911890092, 0.6025435605996556, 0.015399842545700135, 0.14291977773574324], [0.027264385993705578, 0.8349938965556382, 0.05087321172629967, 0.08686850572435685], [0.1379212615748567, 0.5613672006610648, 0.2333220674382237, 0.06738947032585473], [0.10226326956138357, 0.8138470148702986, 0.031310678170528954, 0.052579037397788915], [0.13850512310746518, 0.24000700780795986, 0.04336006047530818, 0.578127808609267], [0.25377663511695747, 0.0366787926228044, 0.042121461481642766, 0.6674231107785953], [0.5553241141133614, 0.16170513714633114, 0.022470677729557846, 0.26050007101074985], [0.03615553438285864, 0.42413122761532046, 0.16701287437832876, 0.37270036362349224], [0.13492857929285137, 0.7306983712070046, 0.007860846539375735, 0.12651220296076826], [0.7471907351136593, 0.05852296079476215, 0.017049026279231404, 0.177237277812347], [0.24031627666523642, 0.15174109556473966, 0.015382880812100352, 0.5925597469579237], [0.31290760587991945, 0.45393931515201835, 0.004091189513841606, 0.22906188945422043], [0.06603996649426612, 0.6005284646568558, 0.159200594383684, 0.17423097446519412], [0.09401294744263422, 0.6142997416334429, 0.02968829060063608, 0.2619990203232863], [0.4020192411166771, 0.0881252424162372, 0.1253536561936728, 0.3845018602734129], [0.10245631558362252, 0.4762320902303051, 0.23866028578273843, 0.1826513084033341], [0.07900711056283906, 0.1276160238329146, 0.5076671522646277, 0.2857097133396189], [0.3029360761569369, 0.34194871085271655, 0.0734720160669231, 0.2816431969234235], [0.19394963946270724, 0.4109763827399337, 0.05084178043826898, 0.34423219735908983], [0.1645227516770645, 0.6595300113244111, 0.04539882897352511, 0.1305484080249994], [0.13350379757567235, 0.4052370334529494, 0.12953112028240332, 0.33172804868897493], [0.43423420963903037, 0.05751777009374736, 0.012942548200538142, 0.4953054720666844], [0.08734439096046061, 0.7636824437633694, 0.01774638709827748, 0.1312267781778923], [0.08422506056951021, 0.8099057353772365, 0.057191631358242095, 0.04867757269501117], [0.1121351518041657, 0.2056604415100933, 0.15634313854599263, 0.5258612681397486], [0.07330388945457524, 0.36003567602143965, 0.16423361334305386, 0.40242682118093137], [0.9483069153398241, 0.00703089286965191, 0.0073549440183031025, 0.03730724777222066], [0.1085667553997959, 0.04326984447985633, 0.014608272664272358, 0.8335551274560752], [0.20915580995287672, 0.7395130749212763, 0.016820604085085802, 0.0345105110407613], [0.2598927946620782, 0.1374290697523533, 0.05133208908681835, 0.5513460464987505], [0.0713853235152238, 0.4937006906737002, 0.13271407956172881, 0.3021999062493471], [0.3039417930752333, 0.5932905471167265, 0.02154166480840675, 0.08122599499963325], [0.08702521767350743, 0.281190648766283, 0.022641406324667684, 0.6091427272355422], [0.0817147251008039, 0.2057510714263277, 0.6450950167565664, 0.06743918671630192], [0.15259941305979988, 0.05562712845429124, 0.07188106936235059, 0.7198923891235584], [0.023517376903824067, 0.09946008780002989, 0.8325647545371434, 0.04445778075900269], [0.8865448067530783, 0.0017037346026330302, 0.01638586690546629, 0.0953655917388223], [0.7644535417772458, 0.11715156215174398, 0.05537464371697548, 0.06302025235403441], [0.5466201639587016, 0.0586043009736796, 0.08375115104076516, 0.3110243840268537], [0.34934408405302514, 0.6326575284343661, 0.002205400000998903, 0.015792987511610023], [0.30902976532471943, 0.10556042472236829, 0.018781061049945338, 0.566628748902967], [0.35017283788170045, 0.014058106615454839, 0.01219726205168172, 0.6235717934511628], [0.08258188513323428, 0.4467858026809327, 0.247697885826062, 0.22293442635977107], [0.12226202638506194, 0.6783004415664654, 0.006440326521511818, 0.19299720552696079], [0.02914601049839842, 0.5878440762717885, 0.3358620990995755, 0.0471478141302379], [0.2459975935345117, 0.32174906311156487, 0.33696314662917787, 0.09529019672474542], [0.54455833976009, 0.1336208694540671, 0.061091503017956586, 0.26072928776788634], [0.26140475072872515, 0.4218571568594162, 0.19128291617647342, 0.1254551762353851], [0.9934220143380357, 0.0016555962523248306, 2.338896837048129e-05, 0.004899000441269098], [0.03383392849922587, 0.9219092731745733, 0.022074342308579492, 0.022182456017621217], [0.013267807176464811, 0.6395264170685014, 0.09593520739152385, 0.2512705683635094], [0.2974953347915724, 0.19560171762953643, 0.43621837492625537, 0.07068457265263571], [0.2070427233333349, 0.15931699024504792, 0.3789164169044665, 0.25472386951715076], [0.6796360123863299, 0.024282101773112588, 0.04966297917583862, 0.2464189066647191], [0.1342002871420777, 0.06580831781654814, 0.13950446743321734, 0.6604869276081567], [0.06890670568779593, 0.5783581269997162, 0.06212876638361434, 0.29060640092887335], [0.022186286169587666, 0.18962349609602974, 0.7434337338125839, 0.044756483921798706], [0.5576659300643186, 0.12255505986318313, 0.009637895721088323, 0.3101411143514099], [0.05718127085172639, 0.41454455625045117, 0.2301905564985665, 0.2980836163992557], [0.24847736764323813, 0.15825253621538743, 0.2601470870832665, 0.333123009058108], [0.22957804592885475, 0.4695385121607317, 0.08593624325065186, 0.21494719865976197], [0.0369290668209784, 0.7279042147971877, 0.03129029329693762, 0.20387642508489642], [0.16228391851603705, 0.16004017551325295, 0.39744432306258565, 0.28023158290812444], [0.7284538125685607, 0.17393207016394507, 0.019246852333276488, 0.07836726493421776], [0.7461985176987371, 0.16430362732472098, 0.006655856326617394, 0.08284199864992461], [0.5283215675014422, 0.14932787160907865, 0.23647340999328853, 0.08587715089619015], [0.18287408807398042, 0.18408847523260974, 0.0335752638932821, 0.599462172800128], [0.022097745667373367, 0.2385453759474187, 0.07130536583651342, 0.6680515125486945], [0.04531597457304631, 0.38826032047610426, 0.507990274596246, 0.05843343035460351], [0.39433268207194205, 0.10575157196852454, 0.156522422125801, 0.3433933238337323], [0.8582605446320719, 0.006925757678302458, 0.07196231807957472, 0.06285137961005059], [0.1661585827904686, 0.49830839211392214, 0.07576813887152187, 0.2597648862240875], [0.40810078472333255, 0.15775397755596168, 0.22852559273284911, 0.2056196449878567], [0.3498784190700905, 0.4051016059565695, 0.0011597470805965585, 0.24386022789274334], [0.2811507163809152, 0.552550250497567, 0.10169814355884767, 0.06460088956267016], [0.15825603824317847, 0.5514227571025739, 0.19436485681926072, 0.09595634783498685], [0.30811134576327087, 0.11202441999015068, 0.022978723034467376, 0.5568855112121108], [0.017663484283843445, 0.25306387802360897, 0.6942907175313291, 0.034981920161218566], [0.9085127005277538, 0.06146952032158912, 0.010277358637031253, 0.01974042051362604], [0.05307738342903555, 0.6605462438340941, 0.2515136529191145, 0.03486271981775595], [0.718767772005131, 0.019717097472528457, 0.012173457683618102, 0.24934167283872252], [0.7497918106796942, 0.005348755172687824, 0.11391694053995807, 0.1309424936076599], [0.6299962998437771, 0.3166667001328091, 0.009462660482189113, 0.0438743395412244], [0.9144588760987554, 0.013561157813105408, 0.06289119784029602, 0.009088768247843314], [0.33162656508960625, 0.20643615641745086, 0.23441345044207618, 0.2275238280508666], [0.06631318291430967, 0.22413586228271676, 0.15102339375324045, 0.5585275610497329], [0.01761683531507997, 0.19272741461433887, 0.2744880234119397, 0.5151677266586416], [0.14535052344309207, 0.2825879541738546, 0.507144446106517, 0.06491707627653619], [0.6248492855944606, 0.18531043313840173, 0.02989281421767017, 0.15994746704946766], [0.09208811152811397, 0.3649747921592553, 0.21942043223072785, 0.3235166640819025], [0.15737854342723387, 0.18542081169537072, 0.0906673062588952, 0.5665333386184999], [0.016825233713153268, 0.7726870878265383, 0.04836225384936115, 0.16212542461094742], [0.04714419436629084, 0.07026573727774398, 0.014591128201951811, 0.8679989401540135], [0.485901835178687, 0.3532519590185038, 0.07115038067358763, 0.08969582512922135], [0.26603991608930266, 0.502955017807072, 0.16090476749545413, 0.07010029860817124], [0.3076837967075591, 0.5120378812293225, 0.1564670767490534, 0.023811245314064783], [0.10775059497146051, 0.7455609342010684, 0.09639309061100634, 0.05029538021646504], [0.15874585390450222, 0.522613616720832, 0.05051581134274548, 0.26812471803192056], [0.011403798657947113, 0.5538322388457321, 0.009696337981622501, 0.42506762451469815], [0.06297706769212146, 0.5165107664231637, 0.372920319561382, 0.047591846323333124], [0.09441587376445272, 0.06562292194032936, 0.7548746759035573, 0.08508652839166043], [0.0755843228564571, 0.01908013048951714, 0.8442166734371617, 0.06111887321686425], [0.02470641661058024, 0.6962289927870854, 0.2561240595425394, 0.022940531059794794], [0.37577301249558853, 0.3689597267784448, 0.12645921594680481, 0.12880804477916166], [0.13998009731147973, 0.21714455645208774, 0.08535547894738996, 0.5575198672890423], [0.01284844663823037, 0.3344200186221998, 0.48327419946656175, 0.16945733527300813], [0.47126070975380663, 0.12990936020634122, 0.0018264906399868947, 0.39700343939986543], [0.16462042081370895, 0.4797723951253003, 0.07144000165928781, 0.2841671824017029], [0.7018127668071024, 0.0679204921186198, 0.07825385002994957, 0.15201289104432825], [0.08464709141441581, 0.05727491681851786, 0.6591724509027936, 0.19890554086427265]]}, "rewritten": {"ids": ["97107040", "97107260", "97107950", "97110950", "97116800", "98106111", "98108580", "98110810", "98111620", "98112170", "98116090", "98117740", "99105921", "99107500", "99107560", "99108010", "99111930", "99112531", "100108260", "100108580", "100109910", "100120780", "101108370", "101108500", "101108621", "101111210", "101112540", "101112690", "101114990", "101119030", "102109010", "102110500", "102110850", "102110890", "102113210", "102114270", "102118380", "102121440", "103113210", "103113270", "103113610", "103118291", "104111380", "104111620", "104111780", "104111990", "104112470", "104113380", "104114230", "104116800", "104117200", "104119340", "105110251", "105112260", "105113260", "105114220", "105119950", "106111321", "106113170", "106114880", "106115240", "106118520", "106119580", "106121190", "107113170", "107113260", "107113360", "107114950", "107116501", "107117010", "107117630", "107118490", "107119950", "107120880", "107121640", "108114220", "108115250", "108115500", "108115570", "108115870", "108115880", "108116481", "108118301", "108118810", "108119510", "108121190", "108121410", "109113281", "109115380", "109116810", "109117271", "109117730", "109118701", "109119591", "109120540", "109120560", "110113931", "110114561", "110114950", "110115890", "110117080", "110118161", "110118301", "110118450", "110118810", "110119030", "110121170", "111114121", "111114171", "111116100", "111118301", "111118810", "111118910", "111119580", "111120190", "111120280", "111120320", "112118511", "112118550", "112118890", "112120270", "112120630", "112120640", "112120670", "112121351", "112121360", "113117401", "113118111", "113118620", "113118690", "113118810", "113118870", "113119340", "113119950", "113120540", "113120830", "113121010", "113121810", "113121950", "113121980", "113122120", "113122510"], "labels": [2, 2, 2, 3, 0, 0, 0, 1, 3, 3, 0, 2, 1, 0, 1, 2, 1, 3, 3, 0, 2, 1, 1, 3, 0, 2, 2, 1, 3, 3, 1, 3, 3, 0, 3, 3, 1, 2, 3, 2, 2, 0, 3, 0, 3, 2, 1, 1, 2, 1, 3, 1, 0, 3, 3, 3, 3, 0, 0, 0, 1, 2, 3, 2, 0, 0, 0, 3, 1, 1, 0, 2, 3, 1, 1, 3, 1, 3, 3, 3, 3, 0, 1, 1, 1, 1, 0, 0, 3, 3, 0, 3, 3, 0, 1, 1, 1, 0, 0, 2, 1, 0, 1, 0, 1, 0, 2, 0, 3, 3, 3, 0, 0, 3, 3, 0, 1, 1, 3, 3, 0, 3, 0, 2, 0, 3, 3, 1, 3, 3, 3, 0, 0, 0, 3, 3, 2, 2, 3, 2, 1, 2], "predicted_labels": [1, 1, 2, 0, 0, 3, 0, 1, 1, 0, 1, 1, 1, 1, 1, 1, 1, 3, 3, 3, 2, 0, 1, 2, 1, 1, 3, 3, 3, 3, 1, 0, 1, 3, 0, 1, 1, 1, 3, 1, 1, 3, 1, 3, 1, 1, 1, 3, 1, 3, 1, 1, 0, 1, 1, 3, 0, 3, 1, 1, 3, 1, 1, 3, 3, 3, 0, 0, 3, 1, 0, 1, 3, 1, 2, 0, 3, 0, 3, 0, 3, 3, 1, 1, 3, 1, 1, 3, 3, 1, 3, 1, 3, 1, 1, 3, 1, 1, 3, 3, 1, 1, 1, 1, 0, 1, 3, 3, 1, 1, 1, 0, 3, 0, 3, 0, 3, 1, 0, 1, 1, 0, 0, 1, 0, 1, 3, 3, 0, 3, 1, 1, 0, 0, 1, 1, 1, 1, 1, 1, 1, 1], "confidence_scores": [[0.010453314267500865, 0.4607971210392309, 0.5050369717505607, 0.02371259294270749], [0.16752101936131147, 0.15003642730826966, 0.6310567115745471, 0.05138584175587165], [0.015410717214081443, 0.11314988104036967, 0.7933424475343899, 0.07809695421115864], [0.9261756413666672, 0.012090533403703469, 0.030741347859458947, 0.030992477370170253], [0.3551829462129652, 0.10053779776685254, 0.3594103249805562, 0.1848689310396262], [0.5170046809663351, 0.04040031568868301, 0.03503292758082415, 0.4075620757641577], [0.6248030679654653, 0.14942539617342857, 0.08560163594499932, 0.14016989991610682], [0.00581770604594239, 0.56564575865847, 0.3936613781246645, 0.03487515717092298], [0.011343134229809785, 0.6600597380264666, 0.22571527905998232, 0.10288184868374126], [0.9237130292621696, 0.003589084886643538, 0.0068679562326358756, 0.0658299296185509], [0.05051391532966614, 0.4449620979509676, 0.4222687364735583, 0.0822552502458081], [0.12309395313270062, 0.6958405576283483, 0.11466221294025326, 0.0664032762986981], [0.03255860787228285, 0.7239534832196088, 0.11791594265114015, 0.12557196625696815], [0.03724502382028493, 0.3916771044658738, 0.34281927660286704, 0.22825859511097443], [0.034407529998812116, 0.662411248049102, 0.23297647286420717, 0.0702047490878789], [0.03814960301189036, 0.8705329364913367, 0.06062069475828875, 0.03069676573848435], [0.27287330331476256, 0.36424714174714773, 0.22716287769586943, 0.13571667724222022], [0.2880727540567708, 0.12101147612579462, 0.11763751721892872, 0.47327825259850587], [0.07346774489581898, 0.12654341864201582, 0.370384369383743, 0.42960446707842204], [0.39853448383607115, 0.17671188646852293, 0.07405943772836024, 0.35069419196704554], [0.05078593854221065, 0.0020706738680272545, 0.928268554264189, 0.018874833325572854], [0.9440916424783192, 0.008245068265448302, 0.018991778676234382, 0.028671510579998102], [0.1667723318349502, 0.4622043266029878, 0.0011777680326509217, 0.3698455735294108], [0.2110984647937847, 0.07980058405245753, 0.6016104125622087, 0.10749053859154901], [0.2493188288646521, 0.5483670130985174, 0.005167936700724024, 0.19714622133610624], [0.1653763059862914, 0.22554592220859312, 0.3992947456966107, 0.2097830261085046], [0.22507638625556192, 0.20511901639523228, 0.2504974119265801, 0.31930718542262604], [0.07332489344042392, 0.0626655923764108, 0.1803001401184149, 0.6837093740647505], [0.024785941760787075, 0.2637273786416324, 0.3236506352124456, 0.3878360443851349], [0.4080166431048255, 0.1354327179807124, 0.05910318066505467, 0.39744745824940747], [0.10462290519640967, 0.2520363538706798, 0.5412066964735127, 0.10213404445939796], [0.7415482215563498, 0.030739987801394846, 0.09123180494529008, 0.13647998569696526], [0.02882647295446272, 0.5056060460417632, 0.1303031515320227, 0.33526432947175144], [0.582140732240169, 0.016454689609563596, 0.02713225325359913, 0.37427232489666823], [0.4761630498022535, 0.1531195444623636, 0.1488669357652467, 0.2218504699701361], [0.02729681453032949, 0.4534525089044913, 0.4031994264138961, 0.11605125015128318], [0.021336068478189144, 0.6656779804472571, 0.20255076547529635, 0.11043518559925737], [0.27377151443599346, 0.2195105866245344, 0.4201258298848858, 0.08659206905458688], [0.15324447767873986, 0.034855806002465316, 0.25871801740489336, 0.5531816989139017], [0.10346456521852496, 0.3073995377250439, 0.2752981633830274, 0.31383773367340373], [0.12954202315181948, 0.20779611555295427, 0.6426191576988705, 0.02004270359635556], [0.37132794959162924, 0.1410955633240463, 0.016256750350655814, 0.4713197367336683], [0.18143521332090115, 0.19438895172167786, 0.5314106489663356, 0.09276518599108538], [0.5863349505308568, 0.002504353456736475, 0.0003297467256826998, 0.41083094928672403], [0.01597974510472062, 0.9632086300133078, 0.005428388310781653, 0.015383236571189752], [0.038733717909617466, 0.3947596568657351, 0.32520016506192956, 0.24130646016271795], [0.07900182098950614, 0.32353437603207125, 0.40968010588292764, 0.187783697095495], [0.14967302490978834, 0.23130533322712044, 0.17425858688693183, 0.4447630549761598], [0.22415739085703953, 0.377585348939259, 0.17167689736597622, 0.22658036283772517], [0.0701451473225834, 0.22541514388583275, 0.29921226747891005, 0.40522744131267396], [0.19927030635718163, 0.6157883385667658, 0.01236463695552681, 0.17257671812052602], [0.05347066948996192, 0.3506322778662101, 0.3066332445488007, 0.2892638080950272], [0.7848107910190911, 0.16842617157053705, 0.004813835142943605, 0.041949202267428494], [0.03601644230513113, 0.8390564503670663, 0.08485291427809041, 0.040074193049712103], [0.014687406406895703, 0.5626656949118218, 0.1840800187332932, 0.23856687994798936], [0.3304324601221907, 0.23675709428587155, 0.13922118804304479, 0.2935892575488928], [0.656436135392248, 0.143529465381543, 0.10508916501031658, 0.09494523421589245], [0.03092763058702501, 0.052833882282120555, 0.03289873371326026, 0.8833397534175941], [0.3967931637466058, 0.4434435084277821, 0.002406818460157649, 0.157356509365455], [0.10702110002373254, 0.4456182187639369, 0.23756087721193409, 0.20979980400039666], [0.20606500712795026, 0.23137489394987795, 0.03396320113792241, 0.5285968977842497], [0.3618911518377548, 0.3869973288344669, 0.18466307891267716, 0.0664484404151012], [0.09617052149417898, 0.3471015495503336, 0.40911163942805595, 0.14761628952743172], [0.10464003022236325, 0.12975384532509576, 0.3260266154620202, 0.4395795089905211], [0.3210919837723377, 0.02104046626415967, 0.2617482812153556, 0.39611926874814707], [0.08071424268566423, 0.09457469186457006, 0.5406615831767143, 0.2840494822730513], [0.885416618907247, 0.0473673206659147, 0.002644857859346772, 0.06457120256749163], [0.6029230447574395, 0.037390401080829784, 0.18718313841407985, 0.17250341574765107], [0.04959615014611919, 0.0026402621268973806, 0.0013936292416439572, 0.9463699584853396], [0.14055960970368664, 0.6329246208498857, 0.05882401449051377, 0.16769175495591354], [0.9554007321005004, 0.0058727895011567105, 0.015453704761150263, 0.02327277363719274], [0.06089033978917131, 0.5323410865277554, 0.39102042795469805, 0.015748145728375126], [0.21230122007135585, 0.06289261276961747, 0.06449829650867563, 0.6603078706503507], [0.18699077840841646, 0.4678884135019471, 0.04769310381568113, 0.2974277042739553], [0.011856639425993729, 0.09773667818780296, 0.7473855056921475, 0.14302117669405606], [0.9219968398896314, 0.013389769424340937, 0.005433838838519475, 0.05917955184750828], [0.3225128002828578, 0.13981118701699508, 0.06701112537584135, 0.4706648873243058], [0.8301655170033555, 0.03944929415375343, 0.08688278238910005, 0.043502406453790866], [0.12871879459001356, 0.24500408785573544, 0.2116520947997647, 0.4146250227544864], [0.521624987293056, 0.05236528478324346, 0.21832318744407828, 0.20768654047962243], [0.5073227488570918, 0.13870570177620256, 0.01052548855285059, 0.3434460608138553], [0.39799019108712086, 0.07327943545001468, 0.003080045645954402, 0.52565032781691], [0.13582397595094772, 0.5679203117030874, 0.06103468193148899, 0.2352210304144758], [0.044159088324076154, 0.8130878212839547, 0.009309808261003836, 0.13344328213096548], [0.39225198586440807, 0.0857277709389786, 0.010528194466483596, 0.51149204873013], [0.08630113594279926, 0.29278465278421556, 0.20743951841154865, 0.4134746928614366], [0.047350916132124964, 0.6153956073462488, 0.002455371954665294, 0.33479810456696096], [0.40744298909299004, 0.07731097279927555, 0.03387068665002722, 0.48137535145770716], [0.02435367815313885, 0.21132826148974773, 0.3493041159317854, 0.41501394442532785], [0.48887803711648503, 0.3154205562893941, 0.006069164540866079, 0.1896322420532549], [0.12719248705290154, 0.21092312525424098, 0.00888710776824286, 0.6529972799246148], [0.38054452316297027, 0.29367734426925396, 0.042486572480014695, 0.283291560087761], [0.06361134077953634, 0.22041048256982754, 0.04386891011002427, 0.6721092665406119], [0.16293163667157648, 0.3126780730239285, 0.32602148205455567, 0.19836880824993974], [0.07775427553457717, 0.7027546551721735, 0.025276736325895544, 0.1942143329673537], [0.12214232793454782, 0.052026263326541505, 0.404510357148292, 0.42132105159061856], [0.6177593459654867, 0.3037356879521657, 0.029625735737695686, 0.048879230344651484], [0.6577403240841514, 0.23765692047944756, 0.07787865510628114, 0.02672410033012007], [0.25730619686674555, 0.1739233676971188, 0.07856642190393111, 0.49020401353220444], [0.13903177932492272, 0.31474824477145824, 0.00662893464679078, 0.5395910412568284], [0.007951409963928499, 0.786985692847098, 0.02561538782458098, 0.1794475093643925], [0.1615280222254052, 0.5581706180347641, 0.017604789011677367, 0.26269657072815344], [0.09968481934084639, 0.49583200229546215, 0.036577370881327835, 0.36790580748236346], [0.027805640079478926, 0.6723681858684705, 0.24899035765841762, 0.0508358163936329], [0.8427867850074633, 0.06615493884271165, 0.009037629322335103, 0.0820206468274897], [0.018485475509503198, 0.42088772758779963, 0.10195573571603386, 0.4586710611866633], [0.07381048209603792, 0.01651974941506207, 0.21662797561449842, 0.6930417928744014], [0.32493496559434787, 0.09198610828954672, 0.008014601735507864, 0.5750643243805976], [0.10302179926335078, 0.4880955200145589, 0.030256191636459703, 0.3786264890856307], [0.2698895210192739, 0.3257511886589237, 0.010211647581077055, 0.39414764274072556], [0.24543718748280474, 0.32061758923873396, 0.2943612505386188, 0.13958397273984238], [0.8755482054838114, 0.008560205763096199, 0.0017583258354311754, 0.11413326291766128], [0.5810993596334914, 0.04025041836262733, 0.006562506262770403, 0.37208771574111094], [0.9535760931717756, 0.013223983339321982, 0.00568427046551926, 0.02751565302338304], [0.09851873274759013, 0.1012196241095379, 0.5916420336550797, 0.20861960948779248], [0.6712553460347047, 0.013385279283237668, 0.005289081944843661, 0.31007029273721404], [0.05327447862083662, 0.11653010784383906, 0.46127937758914844, 0.36891603594617584], [0.060190749630585676, 0.3271565393137276, 0.22394522683741938, 0.38870748421826756], [0.6213591739732032, 0.1632912656663772, 0.02086043469810483, 0.19448912566231488], [0.07003411148495046, 0.49450530253473574, 0.33718780753617833, 0.09827277844413562], [0.2997298017494396, 0.32620157377015735, 0.24431706884864401, 0.12975155563175914], [0.7333988070061461, 0.12927459545864353, 0.007025822006848291, 0.13030077552836195], [0.9115880796365577, 0.012202708015704241, 0.011179655154564146, 0.06502955719317388], [0.11708265394954176, 0.7129977801241981, 0.11456377422713494, 0.055355791699124954], [0.6444185148431293, 0.22272605719487726, 0.06578847360458571, 0.0670669543574077], [0.5493655966360191, 0.2711366203037402, 0.00587394427238248, 0.1736238387878581], [0.2242444427730447, 0.28024134252185506, 0.007120627092005616, 0.488393587613095], [0.14672999241402626, 0.2677720756062113, 0.05974040668655008, 0.5257575252932125], [0.6069396070035595, 0.07815163811943622, 0.046260376102725397, 0.26864837877427894], [0.14832233121711805, 0.10168362828763794, 0.16607329071981886, 0.5839207497754257], [0.07013106029651509, 0.5350166986698216, 0.3481910650675117, 0.04666117596615146], [0.28214824037287883, 0.365520756570678, 0.22419671277146488, 0.12813429028497803], [0.8780712188575963, 0.04631378951498632, 0.0033111396877335136, 0.07230385193968392], [0.7435961899116793, 0.040309908880820124, 0.03490727685536479, 0.1811866243521357], [0.20661348560325465, 0.568374867579514, 0.06019402979667425, 0.16481761702055717], [0.1260585355234021, 0.1898658921077191, 0.47962048374941924, 0.2044550886194597], [0.03764109443954094, 0.786578930945971, 0.0895298554394535, 0.08625011917503451], [0.060801994677092276, 0.306198380163451, 0.6115510711801837, 0.021448553979273127], [0.28846528914379443, 0.47128421857677694, 0.0032288269415912496, 0.2370216653378374], [0.1019009785150867, 0.8901340605459783, 0.0019754948014055296, 0.005989466137529248], [0.01499495992572665, 0.9220390843073755, 0.05254740447099784, 0.010418551295900079], [0.0028172365719809655, 0.5984995132866915, 0.3041778777610077, 0.09450537238031974]]}}