{"test": {"ids": ["111117571", "106111321", "106116640", "103113101", "113122150", "111119150", "107112850", "104116980", "109119450", "106117650", "98108580", "101116130", "108120260", "110118930", "113120601", "100110260", "101121640", "109119460", "104114740", "102112250", "110114561", "104113190", "99112840", "107114490", "102110850", "99110730", "108113700", "97106970", "113122320", "99109780", "101117580", "107118490", "106121220", "112119500", "110114651", "111116110", "103120531", "105113440", "99109311", "102108621", "113117340", "105121370", "100108080", "98112170", "104112470", "97116790", "110118450", "106121190", "104111620", "98111231", "102121700", "113117630", "101111140", "106118520", "104113240", "112117660", "107118820", "113119480", "111118301", "113120070", "109119010", "112120670", "101111310", "100109000", "101119591", "99117740", "99105921", "104111830", "107113170", "108114180", "100109330", "100117420", "98116500", "103110100", "102109850", "112117461", "109114220", "104113380", "109116810", "110120560", "107117630", "99109141", "113122510", "111120640", "107120260", "99107950", "107113180", "104114320", "110120540", "102110690", "103118110", "99119830", "110120640", "97107681", "111119580", "98107410", "107120880", "105113210", "98119591", "100108990", "105116860", "110116300", "103112641", "109113881", "103111540", "103120730", "100111380", "112121351", "107112840", "98117740", "106113260", "105120280", "108120280", "102113210", "97107950", "113118231", "109117150", "111119930", "99107630", "110115710", "112118620", "109118231", "102110050", "106115240", "103120780", "110118181", "106119990", "113119320", "111117120", "109117630", "98110230", "110117200", "105114220", "112118161", "98116940", "113119300", "106120290", "113118810", "109120150", "97112300", "100109910", "111116170"], "labels": [3, 0, 3, 3, 2, 3, 1, 1, 3, 1, 0, 2, 1, 1, 2, 3, 2, 1, 2, 0, 0, 3, 2, 3, 3, 3, 0, 2, 1, 2, 3, 2, 1, 2, 3, 3, 3, 0, 1, 3, 2, 2, 0, 3, 1, 2, 0, 2, 0, 1, 1, 0, 2, 2, 2, 0, 3, 3, 3, 2, 3, 2, 3, 1, 0, 2, 1, 3, 0, 1, 0, 2, 2, 1, 1, 0, 3, 1, 3, 0, 0, 3, 2, 0, 1, 1, 3, 2, 1, 0, 2, 1, 0, 3, 3, 3, 1, 3, 1, 2, 2, 3, 3, 0, 1, 1, 3, 0, 1, 2, 3, 3, 3, 3, 2, 3, 2, 1, 2, 2, 3, 1, 3, 1, 1, 1, 0, 1, 2, 0, 3, 3, 3, 0, 2, 1, 2, 3, 2, 2, 2, 0], "predicted_labels": [3, 1, 0, 0, 1, 1, 1, 1, 1, 1, 3, 1, 3, 1, 1, 0, 1, 1, 1, 3, 0, 1, 1, 1, 1, 1, 1, 1, 1, 1, 1, 1, 1, 1, 0, 3, 0, 1, 0, 0, 1, 1, 3, 0, 1, 1, 1, 1, 0, 0, 1, 3, 0, 1, 1, 3, 1, 0, 1, 1, 1, 1, 1, 1, 0, 0, 1, 1, 0, 1, 0, 3, 0, 0, 1, 3, 1, 1, 1, 1, 3, 1, 3, 1, 3, 1, 1, 1, 1, 0, 1, 1, 1, 1, 0, 0, 1, 3, 0, 1, 1, 3, 0, 1, 3, 1, 1, 1, 1, 1, 1, 1, 1, 3, 3, 1, 1, 3, 0, 3, 1, 1, 1, 3, 1, 1, 0, 1, 1, 1, 0, 1, 0, 0, 1, 3, 1, 1, 1, 1, 3, 1], "confidence_scores": [[0.2866439338439339, 0.2655445285107051, 0.15207186702186712, 0.29573967062349416], [0.22988890358008018, 0.36815749805749803, 0.1508410181321947, 0.2511125802302273], [0.2888266122766123, 0.2834632256632257, 0.1662462648462649, 0.26146389721389723], [0.2940027361527362, 0.29014037074037063, 0.14943698801198807, 0.2664199050949051], [0.25645303585303586, 0.30608365523365516, 0.15961355866355867, 0.2778497502497502], [0.24805665445665462, 0.32635281662781657, 0.1514793595293596, 0.2741111693861695], [0.21949208014208027, 0.31998306889189254, 0.16748196607314259, 0.293042884892885], [0.20675350760350764, 0.33392963147963156, 0.20687302534067248, 0.25244383557618866], [0.22681930846930853, 0.30581153209535566, 0.17170278887778895, 0.2956663705575472], [0.24016752691752705, 0.3045665945165945, 0.16333115218115227, 0.2919347263847267], [0.26560418470418473, 0.2701186840936843, 0.1869337412587414, 0.27734338994338986], [0.25427307692307693, 0.3140570967044651, 0.17756014830542713, 0.25410967806703105], [0.2475139194139195, 0.28032064047064054, 0.15383408258408265, 0.3183313575313576], [0.2344859565271333, 0.340235019718843, 0.1776246198246199, 0.24765440392940408], [0.24612807747807744, 0.3411761294261294, 0.15872652902652915, 0.25396926406926423], [0.34562316572316576, 0.2655489010989011, 0.14829726384726394, 0.2405306693306694], [0.23094067321567338, 0.29954052091699157, 0.18388335553335558, 0.2856354503339797], [0.26900661005661014, 0.29932249417249446, 0.1382480019980021, 0.29342289377289377], [0.23475397102897103, 0.3072654428904429, 0.1864976190476191, 0.27148296703296704], [0.2796003219003219, 0.2599491988403755, 0.16492601287601294, 0.29552446638328983], [0.2878009823509824, 0.2795861971361972, 0.16409984459984459, 0.26851297591297607], [0.26355616132233783, 0.2963752164502166, 0.16625689751425038, 0.2738117247131954], [0.21060562019679677, 0.3248199375787612, 0.17286516261516274, 0.2917092796092796], [0.24055289481760092, 0.305182079032079, 0.16540719672484397, 0.28885782942547655], [0.24726274354300684, 0.2962613334034387, 0.18390326062826065, 0.272572662425294], [0.22430720945720958, 0.2971746692420069, 0.1927728406784135, 0.28574528062237037], [0.23166427461427472, 0.3134276595953067, 0.19076418663036318, 0.2641438791600557], [0.1812781191031192, 0.3310184176934178, 0.2447436785436786, 0.2429597846597848], [0.26529429459429454, 0.2919758408258408, 0.17522832722832726, 0.26750153735153753], [0.20283217133743459, 0.3149913700334753, 0.20433492063492076, 0.27784153799416933], [0.2370829319803005, 0.31788281718281736, 0.18818726665491375, 0.256846984181969], [0.24345331849093466, 0.29292035771246283, 0.17419191478456192, 0.28943440901204065], [0.19547786380286397, 0.32494321234321255, 0.20917392607392607, 0.2704049977799978], [0.24399988344988355, 0.3064450133200132, 0.18176722999223005, 0.26778787323787334], [0.3495056748806748, 0.25758724331224353, 0.12124282939282946, 0.2716642524142524], [0.2551157092907094, 0.269513122988123, 0.16529022644022653, 0.31008094128094116], [0.32752953157953146, 0.24109073149073162, 0.1481795260295261, 0.2832002109002109], [0.2930482989232989, 0.29509346486846477, 0.14217531080031082, 0.26968292540792543], [0.31176396854779204, 0.2971631202131204, 0.1489532059443825, 0.2421197052947054], [0.33787868797868786, 0.27433833388833395, 0.13826812631812635, 0.2495148518148521], [0.24102224442224474, 0.311473595848596, 0.17528530358530367, 0.27221885614385627], [0.20331939171939178, 0.32569029499911833, 0.21288349983349986, 0.2581068134479901], [0.2331137251637252, 0.26857165057165067, 0.20917549117549128, 0.28913913308913314], [0.3381299062049062, 0.24381462426462439, 0.13838205683205693, 0.27967341269841295], [0.28315751193251204, 0.29918328893328894, 0.17357721167721174, 0.24408198745698753], [0.25549415584415597, 0.28729973359973365, 0.19062839105339108, 0.2665777195027196], [0.2654790764790765, 0.29845438727938733, 0.16441399711399715, 0.2716525391275391], [0.20868865023865024, 0.3097156732156731, 0.21765394605394622, 0.26394173049173075], [0.29901704406704416, 0.2891205826852888, 0.1555512022291435, 0.2563111710185239], [0.34835906315906334, 0.2643877844377845, 0.15682393717393717, 0.23042921522921556], [0.27107522477522505, 0.32425910478410475, 0.18233969004851358, 0.22232598039215684], [0.26237743090243104, 0.2855460067710069, 0.1651736485736487, 0.28690291375291366], [0.2988187554275791, 0.29072582417582427, 0.1513650774062539, 0.25909034299034317], [0.2721742673992674, 0.31111369186369187, 0.16962485292485296, 0.2470871878121879], [0.20278978798978814, 0.321133127983128, 0.17343460150960158, 0.3026424825174826], [0.27960941280941276, 0.25383714618714626, 0.16105803640803648, 0.3054954045954048], [0.23875350760350778, 0.28682900987900983, 0.19085072705072703, 0.2835667554667555], [0.3115505494505493, 0.2223573176823178, 0.1594956515706517, 0.30659648129648154], [0.2801058663558663, 0.3272230344818579, 0.14213635808635813, 0.25053474107591767], [0.19884326784326792, 0.3323454323454321, 0.1882692363192364, 0.2805420634920635], [0.22147515642252485, 0.2979389443889443, 0.18763605120369847, 0.2929498479848326], [0.22685313852813857, 0.3125579844991611, 0.17196167443667448, 0.288627202536026], [0.23631421911421918, 0.301398645798646, 0.1690615515203751, 0.2932255835667601], [0.20910001665001668, 0.316115245865246, 0.17587945387945392, 0.29890528360528373], [0.32614180819180827, 0.2500438228438229, 0.13865905760905764, 0.28515531135531147], [0.3067387243475481, 0.26239689199689215, 0.17412311022311033, 0.25674127343244996], [0.2770057644969408, 0.28779904376669097, 0.1750468678380443, 0.26014832389832404], [0.23145878361404695, 0.30632972612183146, 0.16590156787656796, 0.29630992238755394], [0.3022580530580531, 0.26852445887445897, 0.17838967421467433, 0.25082781385281394], [0.2488131051954582, 0.3026181623931625, 0.18184513656278373, 0.266723595848596], [0.3004393154231389, 0.2793091999503765, 0.16682995060495073, 0.25342153402153406], [0.2723917110667111, 0.2697987323134382, 0.18319558954117776, 0.27461396707867286], [0.28810914363414364, 0.27034020701520695, 0.1700163669663671, 0.2715342823842825], [0.3010823398823399, 0.295924125874126, 0.1630742202242203, 0.23991931401931407], [0.25176841769341785, 0.3082622655122656, 0.20234002109002125, 0.23762929570429583], [0.2835731867805397, 0.2710726071314305, 0.1515343256416786, 0.29381988044635104], [0.25777404817404814, 0.28073156565656576, 0.186607856032856, 0.2748865301365303], [0.24843060652797505, 0.3107957559983876, 0.19413692038955208, 0.24663671708408555], [0.269827058235882, 0.2911536721448488, 0.16327944832944838, 0.2757398212898214], [0.262092934842935, 0.26905300255300263, 0.2093686868686871, 0.25948537573537594], [0.2765176989676991, 0.2749187887276124, 0.16797603866721528, 0.2805874736374739], [0.2954421578421578, 0.3032780303030305, 0.14154273504273512, 0.2597370768120769], [0.25858545066045086, 0.26308307803307796, 0.18716911699411717, 0.29116235431235443], [0.22407771117771125, 0.3106571428571428, 0.16759706404706418, 0.29766808191808203], [0.22630023195758497, 0.30055024697524707, 0.16791663891663905, 0.30523288215052935], [0.21024485791985809, 0.3309790451378685, 0.2120486299648065, 0.24672746697746703], [0.2268956341044576, 0.3233367188367192, 0.16943946413064068, 0.2803281829281829], [0.28398334051569346, 0.29144994449994455, 0.15989024145788866, 0.2646764735264736], [0.24744489366842312, 0.31411428212310577, 0.18695032777679838, 0.251490496431673], [0.3304442640692643, 0.2788797841047843, 0.14697714507714507, 0.2436988067488069], [0.25723112720612723, 0.3405295149295149, 0.15865901875901878, 0.24358033910533916], [0.2848146742146742, 0.29187988955488964, 0.18260877733377728, 0.24069665889665892], [0.264224799383623, 0.301991242091242, 0.1693565026476791, 0.2644274558774559], [0.28750436230436244, 0.3107017593517595, 0.14994604839604844, 0.2518478299478301], [0.32011651681651665, 0.2706031135531137, 0.16949797979797984, 0.23978238983238992], [0.3040531690531691, 0.25610126540126554, 0.1467905816405817, 0.293054983904984], [0.1789113350701586, 0.34544494949494964, 0.19983242672360338, 0.2758112887112889], [0.26359044844044854, 0.253295265845266, 0.19097166167166169, 0.2921426240426241], [0.2906235986235987, 0.2859697580197582, 0.16647053502053497, 0.2569361083361083], [0.22335593018093025, 0.2987796370296371, 0.22005294150294163, 0.2578114912864914], [0.22492369297369313, 0.3258464923964926, 0.16703831168831157, 0.282191502941503], [0.2664950696362461, 0.28265474802974794, 0.1500471805971807, 0.3008030017368255], [0.30386371961371966, 0.2869276945276945, 0.14585012569130218, 0.2633584601672839], [0.2835705377955378, 0.3030044760794762, 0.15747534410034417, 0.25594964202464215], [0.2823078366078366, 0.24046629759129773, 0.18059524642024657, 0.29663061938061946], [0.25577244977244984, 0.3239417582417582, 0.12648725163725172, 0.2937985403485403], [0.2846873737373738, 0.3047991084079321, 0.16244843685726046, 0.24806508099743402], [0.2543584360084361, 0.31651840659340663, 0.17259630369630374, 0.2565268537018538], [0.2825919857919859, 0.29627831057831044, 0.14705239760239766, 0.274077306027306], [0.23895637336519696, 0.30121153487035845, 0.17697538376656027, 0.28285670799788454], [0.24532432926550587, 0.30929455740338085, 0.18583104395604408, 0.25955006937506947], [0.2860177822177823, 0.2978181679431678, 0.1768664529914532, 0.23929759684759702], [0.2781122433122433, 0.28500648240648263, 0.16195488955488965, 0.27492638472638486], [0.2796005772005773, 0.2510428182928184, 0.1687153846153847, 0.30064121989121984], [0.23181484071484076, 0.2606638472638474, 0.20896955266955272, 0.29855175935175954], [0.2060590853590854, 0.31422576035076033, 0.20619842379842387, 0.27351673049173053], [0.20848344155844162, 0.34447440059940054, 0.17079077589077585, 0.2762513819513821], [0.2574447413697414, 0.29074686702186703, 0.15775129870129873, 0.2940570929070931], [0.30576600066600085, 0.2512717818129584, 0.1772500222000222, 0.2657121953210189], [0.2631957895046131, 0.27425191834309487, 0.16748959928959933, 0.295062692862693], [0.27479992507492507, 0.28546883116883115, 0.1667346653346654, 0.2729965784215786], [0.2636671550671552, 0.3852074148074146, 0.14060879120879125, 0.21051663891663902], [0.262255538905539, 0.29104332530214877, 0.19005208125208128, 0.25664905454023107], [0.27897173937173936, 0.2884078865578866, 0.14298973803973805, 0.28963063603063616], [0.2667573593073595, 0.29913747743484587, 0.1847948624474941, 0.24931030081030098], [0.24767561882561887, 0.34472533022533003, 0.17391459651459648, 0.23368445443445446], [0.29143445998446005, 0.2678061716061718, 0.16434025419025428, 0.2764191142191142], [0.25848703518703525, 0.32052269397269373, 0.17058996558996564, 0.2504003052503054], [0.2604475393887159, 0.31697112609612593, 0.1566122671446202, 0.26596906737053805], [0.22489343711843718, 0.3067556593733065, 0.1812434740096505, 0.28710742949860607], [0.35128794342911995, 0.2542895215895216, 0.15824126984126996, 0.23618126514008883], [0.2735315406815409, 0.299939257964258, 0.14318777888777895, 0.2833414224664224], [0.33066017316017315, 0.2547795815295816, 0.16490813075813088, 0.24965211455211456], [0.3351398962148962, 0.28089599844599855, 0.1334241813741814, 0.25053992396492414], [0.22711062826062833, 0.34103095238095216, 0.1966548673548674, 0.23520355200355222], [0.2648995568157334, 0.2670795817357739, 0.1610320391596708, 0.30698882228882235], [0.21082969252969255, 0.3094884162019611, 0.19665020432783595, 0.2830316869405106], [0.2858888555888557, 0.3222902097902098, 0.1403922244422245, 0.2514287101787104], [0.25185583664701333, 0.3024031968031968, 0.14495448603683908, 0.30078648051295104], [0.2664383283383283, 0.2832900016650019, 0.18666306748806755, 0.2636086025086027], [0.2613268204018204, 0.26967914030414053, 0.17573058608058617, 0.29326345321345315], [0.2742979749782382, 0.3072917224588281, 0.1378543456543457, 0.2805559569085885]]}, "rewritten": {"ids": ["97106970", "97107681", "97107950", "97112300", "97116790", "98107410", "98108580", "98110230", "98111231", "98112170", "98116500", "98116940", "98117740", "98119591", "99105921", "99107630", "99107950", "99109141", "99109311", "99109780", "99110730", "99112840", "99117740", "99119830", "100108080", "100108990", "100109000", "100109330", "100109910", "100110260", "100111380", "100117420", "101111140", "101111310", "101116130", "101117580", "101119591", "101121640", "102108621", "102109850", "102110050", "102110690", "102110850", "102112250", "102113210", "102121700", "103110100", "103111540", "103112641", "103113101", "103118110", "103120531", "103120730", "103120780", "104111620", "104111830", "104112470", "104113190", "104113240", "104113380", "104114320", "104114740", "104116980", "105113210", "105113440", "105114220", "105116860", "105120280", "105121370", "106111321", "106113260", "106115240", "106116640", "106117650", "106118520", "106119990", "106120290", "106121190", "106121220", "107112840", "107112850", "107113170", "107113180", "107114490", "107117630", "107118490", "107118820", "107120260", "107120880", "108113700", "108114180", "108120260", "108120280", "109113881", "109114220", "109116810", "109117150", "109117630", "109118231", "109119010", "109119450", "109119460", "109120150", "110114561", "110114651", "110115710", "110116300", "110117200", "110118181", "110118450", "110118930", "110120540", "110120560", "110120640", "111116110", "111116170", "111117120", "111117571", "111118301", "111119150", "111119580", "111119930", "111120640", "112117461", "112117660", "112118161", "112118620", "112119500", "112120670", "112121351", "113117340", "113117630", "113118231", "113118810", "113119300", "113119320", "113119480", "113120070", "113120601", "113122150", "113122320", "113122510"], "labels": [2, 3, 2, 2, 2, 3, 0, 3, 1, 3, 2, 2, 2, 1, 1, 2, 1, 3, 1, 2, 3, 2, 2, 1, 0, 2, 1, 0, 2, 3, 3, 2, 2, 3, 2, 3, 0, 2, 3, 1, 3, 0, 3, 0, 3, 1, 1, 1, 3, 3, 2, 3, 1, 1, 0, 3, 1, 3, 2, 1, 2, 2, 1, 3, 0, 3, 2, 3, 2, 0, 3, 1, 3, 1, 2, 0, 2, 2, 1, 1, 1, 0, 3, 3, 0, 2, 3, 1, 1, 0, 1, 1, 3, 0, 3, 3, 2, 0, 1, 3, 3, 1, 2, 0, 3, 2, 3, 3, 1, 0, 1, 1, 0, 0, 3, 0, 2, 3, 3, 3, 3, 1, 0, 0, 0, 0, 3, 2, 2, 0, 2, 0, 3, 3, 1, 1, 3, 2, 2, 2, 1, 2], "predicted_labels": [1, 0, 1, 3, 1, 0, 3, 0, 0, 0, 0, 1, 3, 1, 1, 0, 1, 3, 1, 1, 1, 1, 0, 0, 3, 1, 1, 0, 1, 0, 1, 3, 3, 1, 1, 1, 0, 1, 0, 1, 1, 0, 3, 0, 1, 1, 1, 3, 1, 0, 1, 3, 1, 3, 0, 3, 0, 1, 1, 1, 0, 1, 3, 0, 1, 0, 1, 1, 1, 3, 1, 1, 1, 1, 1, 0, 1, 1, 1, 1, 1, 1, 3, 3, 3, 1, 1, 3, 1, 3, 1, 3, 1, 1, 3, 1, 1, 1, 1, 1, 3, 0, 1, 1, 3, 3, 1, 3, 0, 3, 1, 1, 0, 1, 3, 0, 0, 3, 1, 1, 0, 3, 1, 3, 3, 0, 3, 1, 1, 1, 3, 3, 3, 3, 3, 1, 3, 1, 1, 1, 1, 3], "confidence_scores": [[0.2069837884337886, 0.314029797979798, 0.1650629731379732, 0.3139234404484404], [0.3225773698523699, 0.27681824564324575, 0.15418300588300599, 0.24642137862137867], [0.2366071622821623, 0.31778051115551115, 0.2015121878121879, 0.24410013875013897], [0.27094987234987233, 0.2776943084693086, 0.17022659285159297, 0.28112922632922627], [0.26272549497286346, 0.29314444999445005, 0.18095663225663222, 0.2631734227760545], [0.29411926047808423, 0.2534299977799979, 0.17906767480885136, 0.27338306693306685], [0.25163669663669674, 0.28003049450549455, 0.18293404928404935, 0.28539875957375954], [0.3191893661893664, 0.28404740537240547, 0.15531979409479424, 0.24144343434343432], [0.3496450826950827, 0.25036816516816524, 0.15895084915084925, 0.24103590298590308], [0.34614362304362295, 0.21137084582084592, 0.16487040182040186, 0.2776151293151294], [0.34065490065490084, 0.24126507936507963, 0.16024354534354535, 0.25783647463647463], [0.24735975690975706, 0.3332982961482963, 0.19525306360306374, 0.22408888333888338], [0.23816901986902, 0.29470558053058044, 0.16565333000333, 0.30147206959706957], [0.2844449217449218, 0.29851579531579525, 0.154174680874681, 0.26286460206460205], [0.2743180169503699, 0.3147841246988306, 0.15474491684785813, 0.2561529415029416], [0.30149671994672006, 0.24827567791685445, 0.1661028083028084, 0.28412479383361733], [0.1939433122433123, 0.36978420664303013, 0.19674282743400393, 0.23952965367965387], [0.2594452658452659, 0.30205880851174965, 0.13492532663415027, 0.3035705990088343], [0.2712114052614054, 0.2968457042957045, 0.16129502719502722, 0.2706478632478634], [0.24308823398823412, 0.31670782550782556, 0.19589546564546562, 0.24430847485847498], [0.25452310467310485, 0.2982172147683759, 0.18653634106691394, 0.26072333949160587], [0.21980909090909106, 0.3110478354978356, 0.16932326562326586, 0.2998198079698079], [0.2922351592851595, 0.27315843600843615, 0.17875084555966914, 0.2558555591467357], [0.3111219613719612, 0.26400397935397946, 0.1863168664668665, 0.23855719280719292], [0.23792496392496382, 0.24909225774225782, 0.1850720057720058, 0.3279107725607725], [0.2448713636037166, 0.2963337495837496, 0.17605192030192027, 0.2827429665106136], [0.25075131812631807, 0.2995944166944167, 0.17271222111222112, 0.2769420440670441], [0.31863433788433787, 0.258130624930625, 0.16061964146964158, 0.26261539571539566], [0.2214534354534355, 0.28711225718725725, 0.21010962648462655, 0.281324680874681], [0.3231641358641357, 0.23281453268953298, 0.16937947052947058, 0.2746418609168611], [0.27518076192813024, 0.30214987234987234, 0.15236073762838473, 0.2703086280936127], [0.23925659308012254, 0.2776089470986529, 0.18546158384099565, 0.29767287598022896], [0.26345184260184273, 0.2734458929958931, 0.13771648906648915, 0.3253857753357753], [0.25787524420024427, 0.2818068709068711, 0.19029376097758463, 0.27002412391530056], [0.284684337884338, 0.32108920523920526, 0.14925482295482306, 0.2449716339216341], [0.2529337606837608, 0.29804807692307694, 0.18737548007548005, 0.26164268231768245], [0.3063114052614051, 0.2928121434121435, 0.12925108225108228, 0.27162536907536905], [0.2279767621267623, 0.33159551037198076, 0.19262246087246104, 0.2478052666287963], [0.33519478854478857, 0.2661071095571096, 0.1339916416916417, 0.26470646020646044], [0.2503100926850928, 0.2860207570207571, 0.18235436230436244, 0.281314787989788], [0.27564992784992787, 0.29367777222777225, 0.1655346209346209, 0.2651376789876791], [0.3140744782994785, 0.2660204045954048, 0.14211715784215787, 0.27778795926295935], [0.27211643323996276, 0.26151095016095033, 0.1637071820336527, 0.30266543456543454], [0.3106027028527028, 0.25107714507714524, 0.15767913197913194, 0.2806410200910202], [0.2721999694749694, 0.29340421522921517, 0.1760973526473527, 0.25829846264846273], [0.2846773226773229, 0.3014872294372295, 0.162611124986125, 0.2512243228993231], [0.27083760406260404, 0.2901464230214232, 0.18546330891330898, 0.25355266400266413], [0.2148713064713066, 0.2785111463699699, 0.1949121747533513, 0.31170537240537216], [0.2636569985569988, 0.29401600050276533, 0.1728609188197424, 0.26946608212049394], [0.28770473415473413, 0.2792241508491508, 0.15311537074037082, 0.2799557442557442], [0.2912334462922697, 0.30536344015461675, 0.15023830613830624, 0.25316480741480746], [0.2962683927183928, 0.2417251359751362, 0.15481625041625052, 0.3071902208902208], [0.25242355977355985, 0.31078968449850786, 0.14592789432789433, 0.29085886140003775], [0.2762157231657231, 0.2689006715506715, 0.17717652902652906, 0.2777070762570762], [0.43520355755355733, 0.23238139083139092, 0.16732273837273853, 0.16509231324231327], [0.2120779997779999, 0.2904281662781663, 0.15675811133311135, 0.34073572261072277], [0.2974750194250196, 0.27244900099900116, 0.1639386779886781, 0.26613730158730164], [0.2507359140859141, 0.29522265708148065, 0.17687799422799427, 0.2771634346046112], [0.2336520479520479, 0.33904403374403386, 0.15391063381063388, 0.2733932844932846], [0.21724810189810195, 0.3007450799200797, 0.19455137640137637, 0.2874554417804418], [0.2921859418359419, 0.25363604728604733, 0.18459955044955056, 0.26957846042846045], [0.24163326395826412, 0.3236787518037519, 0.19028004773004767, 0.24440793650793646], [0.19433882228882235, 0.3157488539238539, 0.1719562049062051, 0.31795611888111885], [0.3036007686757687, 0.2569851537351538, 0.16344488566988574, 0.2759691919191921], [0.23350520590520601, 0.30144746087246077, 0.2088093045843046, 0.2562380286380288], [0.32415334110334104, 0.27722359584859596, 0.14876694416694425, 0.249856118881119], [0.2585965090465092, 0.32241839826839824, 0.1732347818847819, 0.2457503108003109], [0.27232069042069035, 0.30665139305139294, 0.17401672771672796, 0.24701118881118905], [0.23318363025863043, 0.29763935786435786, 0.17176170218670225, 0.2974153096903095], [0.23001157176157197, 0.2798151923240159, 0.148430889372066, 0.34174234654234664], [0.23853607307724972, 0.2900193770282007, 0.2026755855255856, 0.26876896436896436], [0.2942767232767233, 0.30276262707880364, 0.12822814799579513, 0.27473250164867835], [0.28369793735676097, 0.28459439253556884, 0.1638036574536575, 0.2679040126540127], [0.24580957375957405, 0.2993654484404483, 0.16502013542013555, 0.2898048423798425], [0.2450619630369631, 0.3320406426906429, 0.17010774780774784, 0.2527896464646466], [0.3209697413697414, 0.26116343656343655, 0.17807443667443681, 0.23979238539238548], [0.2461379509379511, 0.29703212620712627, 0.17559509657009656, 0.2812348262848264], [0.20230555555555557, 0.33351840381840375, 0.1676576645576647, 0.29651837606837605], [0.2352227272727274, 0.3122347541347542, 0.17388876678876686, 0.27865375180375196], [0.283589926739927, 0.32252652070152055, 0.14417959262959268, 0.24970395992896], [0.20281908646908653, 0.3313026437614674, 0.18573299837417492, 0.2801452713952715], [0.26497659007659013, 0.2793230547230548, 0.18231933344433354, 0.27338102175602186], [0.2366737171325406, 0.300509226884227, 0.1338766880178645, 0.328940367965368], [0.23294296063413725, 0.2825929542679544, 0.17605179069296722, 0.3084122944049413], [0.263442823842824, 0.28011689421689434, 0.16147693972693974, 0.2949633422133422], [0.26826498778998786, 0.3128964202464202, 0.16897224442224446, 0.24986634754134754], [0.2301778721278723, 0.32032051837051856, 0.14819513819513827, 0.3013064713064713], [0.20999321789321806, 0.2727373126873129, 0.16976802641802652, 0.34750144300144287], [0.19132135838018183, 0.3289405150405149, 0.16276728630846285, 0.3169708402708403], [0.17188015873015883, 0.31470960150960176, 0.18737471417471424, 0.32603552558552545], [0.26539083694083704, 0.29310914004296346, 0.16221492951492963, 0.27928509350127], [0.26008770673770687, 0.2923143578643581, 0.14606536600654257, 0.3015325693913928], [0.28093976023976025, 0.286652924852925, 0.16579464424464435, 0.26661267066267086], [0.27132514430014426, 0.30434131668984615, 0.155163611225376, 0.26916992778463383], [0.2333123709623711, 0.29348683538683545, 0.15996142746142752, 0.3132393661893662], [0.28196554752437125, 0.29910705764823436, 0.13390087690087696, 0.28502651792651773], [0.24429508269508285, 0.32869990091607726, 0.1711241591741592, 0.25588085721468096], [0.2681101010101011, 0.3098734487734488, 0.13740690420690418, 0.28460954600954597], [0.2650560106560107, 0.30790033577533577, 0.17027461704961722, 0.2567690365190366], [0.21046596736596734, 0.30650981240981234, 0.17820613830613843, 0.3048180819180818], [0.227839776889777, 0.294004952563776, 0.16036669996670005, 0.3177885705797471], [0.2912895548895548, 0.2751157231657233, 0.16234829059829062, 0.2712464313464314], [0.22916896991897, 0.334978873903874, 0.15967958152958162, 0.27617257464757466], [0.27192613497613494, 0.2939480297480299, 0.16856522921522926, 0.2655606060606062], [0.31177487789987784, 0.22993195970695987, 0.1460200688200689, 0.3122730935730937], [0.26938234543234546, 0.28276371961371966, 0.1321186591186592, 0.31573527583527605], [0.25924488289488284, 0.29690683205683205, 0.1655495892995895, 0.27829869574869576], [0.2700581723831725, 0.2952411671661673, 0.12835970973470978, 0.30634095071595063], [0.28559604839604846, 0.27766630314130314, 0.1636282439782441, 0.2731094044844045], [0.2788813575313577, 0.2580657897657898, 0.16254506800389168, 0.30050778469896117], [0.24676320150437803, 0.3163774883613118, 0.18400173992673996, 0.2528575702075703], [0.249628934953935, 0.3314880888719124, 0.16165207929325576, 0.2572308968808972], [0.298226776001776, 0.25672369852369853, 0.18258681596181608, 0.26246270951270956], [0.2658764477352713, 0.28888769286269284, 0.17660173519291184, 0.2686341242091243], [0.2534444547282783, 0.2671516983016982, 0.1561702000613766, 0.3232336469086469], [0.3133826673326673, 0.284270485070485, 0.11647813852813856, 0.2858687090687092], [0.30237364857364857, 0.2777581446331445, 0.1618482905982907, 0.2580199161949164], [0.23969824064824072, 0.28621837329337335, 0.16858069708069714, 0.30550268897768895], [0.27845815850815864, 0.29355891330891337, 0.1588059087970853, 0.2691770193858431], [0.2632492229992231, 0.30275007492507483, 0.15218762903762914, 0.28181307303807324], [0.30270522533022526, 0.258979908979909, 0.166637864912865, 0.27167700077700085], [0.27362739482739473, 0.2698718031968033, 0.14965750915750925, 0.306843292818293], [0.2574885689473925, 0.30603954460572125, 0.14713631646131659, 0.28933556998557], [0.28887465867465856, 0.2641303557553558, 0.1476400710400711, 0.2993549145299146], [0.27292497502497504, 0.2573702242202242, 0.15637133422133434, 0.31333346653346666], [0.3080773726273728, 0.2856068903318903, 0.1642930680430682, 0.24202266899766917], [0.2731227994227996, 0.27044924242424245, 0.1543226107226107, 0.30210534743034756], [0.24116794871794872, 0.30883619991120004, 0.18830931290931305, 0.26168653846153855], [0.2741544372294374, 0.29036698301698305, 0.1515452908202909, 0.28393328893328895], [0.25504256299256306, 0.3337449578199578, 0.15986729936729954, 0.25134517982018], [0.25579752469752487, 0.28680784493284506, 0.1526461482961484, 0.3047484820734824], [0.2885692945942946, 0.2665045593295596, 0.12413653568653572, 0.32078961038961046], [0.20116584526584547, 0.3040472610722611, 0.18406497391497392, 0.3107219197469198], [0.2692983544233546, 0.26928171191553546, 0.14737952129569787, 0.31404041236541236], [0.28687742535242533, 0.2636983183483186, 0.1375854284604285, 0.3118388278388277], [0.25826941946941956, 0.31925695970695944, 0.16457480297480304, 0.2578988178488181], [0.25955736485736486, 0.2588294574706342, 0.16979241314241322, 0.31182076452958807], [0.2547854617604618, 0.3005906482406481, 0.18026033411033415, 0.264363555888556], [0.23734701205227532, 0.31755094934305444, 0.1704938672438673, 0.27460817136080307], [0.22481828726828737, 0.35158448773448764, 0.14314977799977807, 0.28044744699744706], [0.25500394050394054, 0.30465457875457874, 0.1806951104451107, 0.2596463702963704], [0.2624513042513045, 0.27195921023421027, 0.1649171106671108, 0.3006723748473751]]}}