{"test": {"ids": ["110116300", "112120290", "110121500", "101112160", "104117200", "100113210", "112121360", "105116501", "112121430", "113121410", "104116800", "111120190", "113121980", "101108121", "104109311", "109120150", "100109330", "102110690", "104111711", "106116441", "113122160", "112117461", "111115400", "107114950", "98108150", "106118301", "105113330", "102112301", "106113360", "98106680", "99108460", "106111321", "103118291", "110114610", "97111790", "113121220", "105110251", "113122170", "98107410", "108119330", "108118630", "110118630", "104118340", "112116640", "106113170", "110118301", "113118810", "108115570", "98111670", "106120640", "113119950", "107113180", "108121410", "102110050", "112118421", "98117740", "99109370", "111121930", "109120540", "113120280", "106115120", "97106000", "99117630", "103109641", "98108580", "109117431", "98107340", "109113881", "113118630", "98107010", "111120260", "99116500", "104114230", "102121700", "103112470", "97107260", "110116170", "112119980", "97110950", "113119930", "108118060", "99111620", "111117000", "113119360", "100108080", "106119580", "111121410", "111121190", "107118780", "110117870", "112117431", "112118511", "98109570", "98109230", "113118111", "112121030", "97105451", "110114651", "104113550", "103110840", "109115211", "102111990", "103113270", "113118511", "100108990", "111116170", "112117210", "98111620", "109119340", "110119300", "102112030", "101108580", "105115720", "107121230", "101112690", "110121450", "97107681", "111115780", "110117500", "110118880", "104113190", "106113260", "100109890", "110115120", "108114220", "100111080", "103110220", "100109980", "108117360", "113120531", "113121950", "106119990", "111120640", "109117271", "97105960", "111118810", "111116110", "105115900", "111119300", "110113931", "105120621", "103113260"], "labels": [3, 1, 3, 3, 3, 0, 3, 1, 2, 0, 1, 3, 2, 0, 3, 2, 0, 0, 1, 0, 3, 0, 0, 3, 0, 1, 3, 1, 0, 1, 0, 0, 0, 1, 2, 3, 0, 1, 3, 0, 1, 1, 2, 0, 0, 1, 3, 3, 1, 3, 0, 3, 0, 3, 3, 2, 1, 1, 1, 0, 1, 0, 3, 1, 0, 1, 0, 0, 3, 3, 3, 2, 2, 1, 1, 2, 0, 0, 3, 1, 1, 3, 0, 0, 0, 3, 0, 1, 1, 3, 0, 1, 1, 1, 1, 0, 0, 3, 1, 1, 0, 2, 2, 1, 2, 0, 1, 3, 3, 1, 2, 0, 1, 0, 1, 3, 3, 1, 1, 0, 3, 3, 3, 0, 3, 0, 2, 1, 1, 0, 3, 0, 0, 0, 2, 0, 3, 3, 1, 1, 1, 3], "predicted_labels": [1, 2, 0, 1, 3, 3, 0, 0, 3, 3, 2, 3, 1, 3, 3, 2, 3, 1, 2, 0, 2, 3, 0, 3, 3, 0, 3, 3, 1, 1, 3, 0, 1, 2, 3, 3, 1, 2, 0, 0, 3, 1, 1, 3, 1, 0, 3, 0, 2, 1, 0, 2, 1, 3, 3, 1, 3, 0, 3, 3, 0, 1, 1, 3, 1, 3, 2, 1, 3, 1, 0, 2, 1, 1, 1, 2, 1, 3, 1, 0, 0, 1, 1, 3, 3, 2, 3, 0, 3, 1, 2, 0, 3, 2, 3, 0, 3, 3, 0, 0, 3, 0, 2, 1, 1, 3, 2, 2, 1, 0, 1, 2, 3, 1, 1, 3, 3, 1, 0, 3, 3, 1, 0, 1, 1, 1, 3, 0, 2, 3, 2, 3, 1, 3, 3, 3, 3, 3, 3, 0, 3, 1], "confidence_scores": [[0.21598439879891887, 0.3197902877879979, 0.20785101989953275, 0.2563742935135504], [0.18648253025042913, 0.19916043311556147, 0.4806692948450143, 0.13368774178899528], [0.31343480141919783, 0.30950206168373584, 0.09551933615977057, 0.28154380073729574], [0.14471043013348936, 0.33312533318586346, 0.2727727309961082, 0.24939150568453902], [0.15117098408500992, 0.2930161765122621, 0.16362614504481493, 0.39218669435791276], [0.2696212278175826, 0.26953248720476936, 0.13468723241865319, 0.3261590525589947], [0.37658816617822594, 0.24913613378689972, 0.17712998683323453, 0.19714571320163982], [0.3100077458206399, 0.2967322705185273, 0.09951983352960687, 0.293740150131226], [0.21908676784181494, 0.29164671613310955, 0.16646466775059293, 0.32280184827448277], [0.2196254109976887, 0.29841451914666495, 0.08660498663868725, 0.3953550832169587], [0.18800045745903557, 0.2606445495844691, 0.30597260310941027, 0.24538238984708505], [0.25495317068590145, 0.25874503287627115, 0.20250801530266954, 0.283793781135158], [0.17062445097373774, 0.35047387783610157, 0.1693382568698832, 0.3095634143202775], [0.20768729685083992, 0.2862016242856333, 0.14472083353446025, 0.36139024532906633], [0.28904270561822276, 0.2629974190364487, 0.08732878220341282, 0.3606310931419156], [0.22040479692910772, 0.2544731547813134, 0.3152333279082573, 0.20988872038132192], [0.22523995681930106, 0.2868287152072574, 0.15525394686659288, 0.3326773811068485], [0.29491727378322885, 0.3036575707463243, 0.10800233405343587, 0.293422821417011], [0.18988952781903612, 0.21389008322957773, 0.4262470785296049, 0.16997331042178138], [0.29743602046071954, 0.2389594210532424, 0.1530747259583955, 0.3105298325276429], [0.18391648478221184, 0.2957337977435328, 0.34187131365653534, 0.17847840381771995], [0.21467781082752818, 0.22325122151715346, 0.1467309896195294, 0.415339978035789], [0.3305355212205447, 0.28569361522918013, 0.1824712277068328, 0.20129963584344238], [0.3008912420805571, 0.21060246128449694, 0.1148316405687441, 0.3736746560662021], [0.17499791829588038, 0.32214538744015214, 0.158161926569378, 0.3446947676945894], [0.3658197350503425, 0.21151950490553725, 0.12401641605186497, 0.29864434399225553], [0.24560624286120566, 0.22351003757697255, 0.18799970944461766, 0.34288401011720393], [0.20136970103574262, 0.2707508083764687, 0.23557213534995466, 0.292307355237834], [0.15239486021285653, 0.3643219102373491, 0.2531067800280228, 0.23017644952177177], [0.14422751270324938, 0.403261864173893, 0.2652833593089169, 0.18722726381394067], [0.2461885424089564, 0.24643484016001868, 0.1217883289338853, 0.3855882884971399], [0.2882728060584777, 0.26059849723769923, 0.1903811886650405, 0.2607475080387823], [0.19818293593223393, 0.33258991631297796, 0.21727121718065961, 0.25195593057412896], [0.18625262245611804, 0.2816820270435523, 0.3708012897795297, 0.1612640607208001], [0.20446223093574542, 0.2651179617074953, 0.2001221955160449, 0.3302976118407142], [0.1946220613374936, 0.2873732228504612, 0.19670126884313627, 0.321303446968909], [0.1344735388151054, 0.3614794836275703, 0.1880436934818825, 0.3160032840754419], [0.1157526593265503, 0.28394019659225955, 0.32826717879011713, 0.2720399652910732], [0.3287193354756716, 0.1950330496438565, 0.1884045905962907, 0.2878430242841815], [0.26558199014315775, 0.2611459678790696, 0.2093216344026944, 0.2639504075750785], [0.10901288911666036, 0.3317999750066656, 0.21725850440782088, 0.34192863146885305], [0.23667488705701797, 0.28210001616965125, 0.21466172864046226, 0.2665633681328687], [0.18103176968607934, 0.33794928359560444, 0.1627254848324045, 0.3182934618859115], [0.20283851137159215, 0.2912420417519451, 0.15869632125345945, 0.34722312562300334], [0.21569114523971925, 0.3406180473118004, 0.09426169809771734, 0.3494291093507631], [0.31289459948140697, 0.26449821373599247, 0.17857289250441, 0.24403429427819087], [0.18298085622565302, 0.3139133905572461, 0.13959098445607507, 0.3635147687610259], [0.28786446971343627, 0.2531869189361161, 0.2206310162407755, 0.23831759510967204], [0.19454909522822408, 0.24649498619750587, 0.3209702294663931, 0.2379856891078772], [0.16488760880362677, 0.36645599721132577, 0.1867399943158439, 0.28191639966920357], [0.28702806569247014, 0.2630369381593236, 0.14520307749907416, 0.3047319186491321], [0.1651847598377372, 0.28116252197881914, 0.41758720889219386, 0.13606550929124983], [0.2566301972797019, 0.35973401022770124, 0.11123170255379654, 0.27240408993880016], [0.1363358191622179, 0.32388950374501774, 0.20470567231955214, 0.33506900477321233], [0.26056471438552115, 0.23563649463243014, 0.15997076632323262, 0.34382802465881634], [0.12886794395330708, 0.33747333699952886, 0.24522160748724742, 0.28843711155991664], [0.2269886026348154, 0.2844414114917069, 0.20572889339113834, 0.28284109248233924], [0.40676922136567, 0.2509881982518033, 0.1080312651372087, 0.23421131524531807], [0.21128932057724872, 0.273094728084109, 0.1951502731169641, 0.32046567822167804], [0.2193983093699633, 0.2358490577120777, 0.19117794800034354, 0.3535746849176155], [0.31701708992840183, 0.2663313998233158, 0.12044317785196447, 0.2962083323963177], [0.14883118292539643, 0.3144093541709823, 0.2277899175652308, 0.30896954533839066], [0.23932378289787876, 0.3311777873490702, 0.15713597778344576, 0.2723624519696052], [0.17270910579076815, 0.24778012939561875, 0.24735741543289158, 0.3321533493807213], [0.2336766835806909, 0.2805595207868644, 0.23718749930974517, 0.2485762963226995], [0.18283340304071433, 0.2878406485032436, 0.14849988853544874, 0.38082605992059343], [0.16531708766170108, 0.2744899829711249, 0.31428819018600046, 0.24590473918117353], [0.24066720585089593, 0.31241135369498396, 0.13900323253765146, 0.30791820791646857], [0.20388483824615622, 0.2462338995152652, 0.2169929698543848, 0.33288829238419393], [0.1999611324307624, 0.3258861075353168, 0.18014540313910687, 0.2940073568948139], [0.30770625757459974, 0.29388521330003575, 0.13102899537130794, 0.2673795337540564], [0.1467206968989834, 0.3073516054605304, 0.32737356236084336, 0.2185541352796425], [0.22671851541350035, 0.31090102393797747, 0.2243177459202478, 0.23806271472827426], [0.23442156011752366, 0.3875507984800639, 0.15687886668945217, 0.22114877471295982], [0.26180372397625457, 0.2967834037835033, 0.19827214545057312, 0.2431407267896688], [0.08213281573242445, 0.18337839560577834, 0.5251877976987934, 0.20930099096300372], [0.21944762601953, 0.3288709390968185, 0.16355121286894614, 0.28813022201470545], [0.22040260623831429, 0.25040370070864004, 0.1862637225670057, 0.3429299704860398], [0.22715421305412392, 0.3188454044039602, 0.18084205917264554, 0.2731583233692701], [0.307201383819992, 0.2760424169201136, 0.11681321325883899, 0.2999429860010552], [0.33294623172030635, 0.23565709238395566, 0.128369028784361, 0.3030276471113772], [0.12654576744151264, 0.3256316584924662, 0.25063378262839636, 0.2971887914376248], [0.19652189680751003, 0.3589923607238532, 0.19580039518746975, 0.24868534728116684], [0.2569142154602823, 0.22931210482981063, 0.1725834389213416, 0.34119024078856586], [0.20480750586780577, 0.31770127950829435, 0.14550909150540509, 0.3319821231184949], [0.23778858516879559, 0.22287921542991893, 0.32009894063891203, 0.21923325876237357], [0.21091098632282157, 0.2692294653888438, 0.16988216117023522, 0.34997738711809956], [0.2952474625984772, 0.21200403823337433, 0.2124520153176716, 0.2802964838504769], [0.2982223011054396, 0.22908993529390506, 0.13958991210428517, 0.3330978514963704], [0.18688673249123589, 0.34447875536893674, 0.1979357495740537, 0.2706987625657736], [0.2507803406779754, 0.2534281557817032, 0.2560477847460716, 0.23974371879424994], [0.2828333879636376, 0.24924954758141965, 0.151477690006148, 0.3164393744487946], [0.18424094707285435, 0.27670538353854085, 0.14138345891739135, 0.39767021047121354], [0.24448059676829176, 0.2551961440443823, 0.3496189813463049, 0.1507042778410213], [0.2371139753116815, 0.26056938063651536, 0.17973116950463994, 0.32258547454716335], [0.3752800128564586, 0.18798000880336807, 0.15908206439673853, 0.27765791394343453], [0.28338751262692563, 0.262433585871625, 0.11008795487806208, 0.3440909466233873], [0.18766868485861024, 0.330188381780639, 0.12928129368040425, 0.3528616396803468], [0.34221874584173534, 0.17132928972574016, 0.17320887975662475, 0.31324308467589973], [0.28736886394809635, 0.29601620840004755, 0.10953491914480816, 0.30708000850704764], [0.18756259497023375, 0.23453177876711157, 0.26996748436973605, 0.3079381418929187], [0.41535163795075425, 0.2030609614267152, 0.151755010973277, 0.22983238964925348], [0.18045183369490347, 0.24176274267273776, 0.32029996515933434, 0.25748545847302423], [0.22779520080914284, 0.2885945098926848, 0.23860031582023086, 0.24500997347794157], [0.1666739201168639, 0.3151565080336465, 0.2587827117477604, 0.2593868601017293], [0.1906510276690375, 0.32189598318494594, 0.09664096699893145, 0.39081202214708516], [0.20450745609431445, 0.2895665059655204, 0.3323732254323609, 0.1735528125078044], [0.11303396881315687, 0.2579376803164015, 0.5079526716921816, 0.12107567917826025], [0.21859538872372566, 0.33796436525415063, 0.1375097319869357, 0.30593051403518806], [0.276364351758352, 0.26959779940340695, 0.18501880215751915, 0.26901904668072213], [0.12452121092484722, 0.42313795339503785, 0.28385829340994106, 0.16848254227017379], [0.2701568733647803, 0.14887270311578982, 0.34578413333201946, 0.23518629018741022], [0.13595217234738088, 0.29401255642585034, 0.19894130447155373, 0.3710939667552149], [0.10564316176001155, 0.3876324348181976, 0.1247055890397752, 0.38201881438201574], [0.20332778814890035, 0.39800199113239815, 0.21300519955410882, 0.1856650211645931], [0.17002952359913584, 0.2570646395965771, 0.19886014494605403, 0.37404569185823244], [0.12719231719279583, 0.2510286699728377, 0.2977496610443777, 0.3240293517899886], [0.20713519975722858, 0.35305430098907814, 0.13650982086133656, 0.30330067839235675], [0.281148573788763, 0.28086584776460943, 0.1606407979888677, 0.27734478045775984], [0.2585685404049908, 0.3023838114361066, 0.10216853775414914, 0.3368791104047537], [0.2394167401350973, 0.2952147655133669, 0.15433210050869312, 0.31103639384284276], [0.30057192452073433, 0.3419952814113152, 0.12685889758095759, 0.23057389648699353], [0.2909956608825517, 0.24966654231943275, 0.18547338608007666, 0.27386441071793877], [0.2636831512901909, 0.31558692132692784, 0.15325848604717968, 0.2674714413357021], [0.2926013869426006, 0.3024112620053475, 0.2198321582913523, 0.18515519276069947], [0.22624470645901013, 0.3147591582479397, 0.24629224625143448, 0.21270388904161583], [0.19180445762961446, 0.26370872914124366, 0.15586686601022678, 0.38861994721891535], [0.27189327380309014, 0.19471020739846703, 0.24764097731649143, 0.2857555414819514], [0.1128926062552772, 0.21770256288316983, 0.38909087920172486, 0.2803139516598282], [0.24667976857582982, 0.2580116799485737, 0.1811997084187556, 0.31410884305684095], [0.18529431356956155, 0.2790209758142633, 0.3303789898305849, 0.2053057207855905], [0.19942901881459674, 0.30716393838071193, 0.15475259744791084, 0.3386544453567807], [0.2341240675535982, 0.2831402054483802, 0.18342417505446182, 0.29931155194355985], [0.1496484696385561, 0.27951980311449104, 0.18000726461157907, 0.3908244626353739], [0.1752771691394838, 0.23133581428927527, 0.2878996901465564, 0.30548732642468474], [0.2918077107998016, 0.26020606953395975, 0.1049952085165862, 0.3429910111496524], [0.2398196349726301, 0.2391298191234335, 0.18898887231325825, 0.33206167359067806], [0.18289666617592884, 0.26874766922717236, 0.2479474214510846, 0.30040824314581416], [0.24404913864860459, 0.2604858366572151, 0.1527821715369008, 0.3426828531572797], [0.3178100783433337, 0.2325246438419511, 0.1571246059570926, 0.292540671857623], [0.26670005098286287, 0.2629450770220328, 0.09311747144271872, 0.37723740055238564], [0.21282516783867295, 0.3265657753719269, 0.1521625117920377, 0.30844654499736235]]}, "rewritten": {"ids": ["97105451", "97105960", "97106000", "97107260", "97107681", "97110950", "97111790", "98106680", "98107010", "98107340", "98107410", "98108150", "98108580", "98109230", "98109570", "98111620", "98111670", "98117740", "99108460", "99109370", "99111620", "99116500", "99117630", "100108080", "100108990", "100109330", "100109890", "100109980", "100111080", "100113210", "101108121", "101108580", "101112160", "101112690", "102110050", "102110690", "102111990", "102112030", "102112301", "102121700", "103109641", "103110220", "103110840", "103112470", "103113260", "103113270", "103118291", "104109311", "104111711", "104113190", "104113550", "104114230", "104116800", "104117200", "104118340", "105110251", "105113330", "105115720", "105115900", "105116501", "105120621", "106111321", "106113170", "106113260", "106113360", "106115120", "106116441", "106118301", "106119580", "106119990", "106120640", "107113180", "107114950", "107118780", "107121230", "108114220", "108115570", "108117360", "108118060", "108118630", "108119330", "108121410", "109113881", "109115211", "109117271", "109117431", "109119340", "109120150", "109120540", "110113931", "110114610", "110114651", "110115120", "110116170", "110116300", "110117500", "110117870", "110118301", "110118630", "110118880", "110119300", "110121450", "110121500", "111115400", "111115780", "111116110", "111116170", "111117000", "111118810", "111119300", "111120190", "111120260", "111120640", "111121190", "111121410", "111121930", "112116640", "112117210", "112117431", "112117461", "112118421", "112118511", "112119980", "112120290", "112121030", "112121360", "112121430", "113118111", "113118511", "113118630", "113118810", "113119360", "113119930", "113119950", "113120280", "113120531", "113121220", "113121410", "113121950", "113121980", "113122160", "113122170"], "labels": [0, 2, 0, 2, 3, 3, 2, 1, 3, 0, 3, 0, 0, 1, 1, 3, 1, 2, 0, 1, 3, 2, 3, 0, 2, 0, 3, 1, 0, 0, 0, 0, 3, 1, 3, 0, 2, 2, 1, 1, 1, 2, 1, 1, 3, 2, 0, 3, 1, 3, 1, 2, 1, 3, 2, 0, 3, 1, 3, 1, 1, 0, 0, 3, 0, 1, 0, 1, 3, 0, 3, 3, 3, 1, 0, 3, 3, 1, 1, 1, 0, 0, 0, 0, 0, 1, 3, 2, 1, 1, 1, 3, 0, 0, 3, 1, 3, 1, 1, 0, 1, 3, 3, 0, 1, 3, 0, 0, 0, 1, 3, 3, 0, 1, 0, 1, 0, 1, 0, 0, 3, 1, 0, 1, 0, 3, 2, 1, 1, 3, 3, 0, 1, 0, 0, 0, 3, 0, 3, 2, 3, 1], "predicted_labels": [3, 3, 3, 2, 3, 1, 3, 1, 1, 2, 3, 3, 1, 0, 3, 2, 2, 3, 3, 3, 1, 1, 1, 1, 1, 1, 1, 0, 1, 3, 3, 0, 3, 1, 1, 1, 0, 1, 3, 1, 3, 3, 3, 0, 1, 3, 1, 3, 2, 3, 0, 1, 1, 1, 1, 1, 3, 1, 3, 0, 3, 0, 1, 1, 1, 3, 1, 0, 0, 1, 1, 1, 0, 0, 1, 1, 0, 2, 0, 3, 0, 1, 1, 3, 3, 3, 0, 2, 3, 3, 0, 3, 1, 0, 1, 0, 1, 1, 1, 3, 0, 3, 0, 0, 1, 0, 3, 3, 3, 3, 1, 0, 1, 0, 3, 0, 3, 2, 3, 3, 3, 0, 3, 2, 0, 0, 3, 3, 1, 3, 3, 3, 1, 0, 0, 3, 3, 3, 1, 3, 1, 3], "confidence_scores": [[0.265170699235428, 0.2824108823676083, 0.10089182605662571, 0.35152659234033806], [0.1577193339877366, 0.26490767299998974, 0.21851078131655044, 0.3588622116957234], [0.13471120863506392, 0.3302611197978426, 0.18656386687257215, 0.3484638046945211], [0.12148892706231851, 0.28430537646707804, 0.31029152689176653, 0.28391416957883686], [0.1310659196332798, 0.25352832918293616, 0.2680524865841393, 0.34735326459964455], [0.18376881245594476, 0.34103497414950823, 0.19172964991220984, 0.28346656348233706], [0.2508623952073686, 0.23207086353921308, 0.19502354131631555, 0.32204319993710284], [0.20752851191976898, 0.3549865163204349, 0.2298231824819322, 0.20766178927786386], [0.2051145841411095, 0.3175589721912758, 0.15382065399313974, 0.3235057896744749], [0.1729658553578993, 0.2742590130378198, 0.28498015621511164, 0.267794975389169], [0.26754788379564787, 0.2504845549843192, 0.13813052744797824, 0.3438370337720548], [0.19624494639698434, 0.32148292661309863, 0.13449075732007273, 0.34778136966984463], [0.22774450191504808, 0.29527679120648487, 0.18942217346009313, 0.2875565334183736], [0.28315888358028646, 0.22926577518252333, 0.2893253745081381, 0.19824996672905262], [0.15057368033176938, 0.3140883472528219, 0.13378023466092762, 0.4015577377544813], [0.1651784694622996, 0.2963084513591, 0.2711587686190516, 0.26735431055954895], [0.23401172115520266, 0.2352119275424667, 0.272752734673008, 0.25802361662932255], [0.18300831692058353, 0.3027315558426124, 0.16656201834269266, 0.3476981088941114], [0.25339523235624967, 0.24930144370280122, 0.10147599690077622, 0.3958273270401727], [0.2482410495540749, 0.2701703521330466, 0.1762771297918943, 0.3053114685209841], [0.15722443458761157, 0.3281032225649598, 0.21468645427668112, 0.2999858885707476], [0.1746180113397507, 0.2977159472771361, 0.23517694789444749, 0.2924890934886659], [0.26391391322037033, 0.3066489063934545, 0.14053500592870638, 0.2889021744574689], [0.20101205658155685, 0.32472206355944905, 0.14866447002817268, 0.3256014098308214], [0.22585401509524447, 0.2918196113787541, 0.2306319613899346, 0.25169441213606664], [0.2353142964381371, 0.32179481483219136, 0.11430184083894479, 0.328589047890727], [0.2233077620614243, 0.3004178107572075, 0.2022214851032982, 0.2740529420780697], [0.28007428811078483, 0.251938190243822, 0.16634972044192867, 0.30163780120346456], [0.21502371627040573, 0.3122700179674924, 0.22394919841149766, 0.24875706735060388], [0.2631316433259658, 0.28165274276529056, 0.11210639829430558, 0.3431092156144378], [0.20583119962880073, 0.2720681403445075, 0.13464248502866694, 0.3874581749980247], [0.29737420713995716, 0.15419831926860703, 0.2754951085581737, 0.27293236503326196], [0.22372162447751745, 0.26853599687344953, 0.1748130658373713, 0.3329293128116616], [0.21155110819118886, 0.34219816887503024, 0.19012460336807685, 0.2561261195657038], [0.1576175169603123, 0.3292218104507311, 0.1926701775513017, 0.32049049503765503], [0.2950880788368888, 0.31223400805824897, 0.09125520204062476, 0.3014227110642374], [0.3511945041582934, 0.22893815400728862, 0.1598570135189084, 0.26001032831550963], [0.20429037148166437, 0.3679616522492188, 0.23781244385315528, 0.18993553241596142], [0.18358791842339905, 0.2566810584390962, 0.2425832885610092, 0.3171477345764959], [0.2794912442021801, 0.35453437187344494, 0.1481817141428443, 0.21779266978153047], [0.17952881904082202, 0.2660568160092518, 0.1992020373977777, 0.3552123275521483], [0.24977841172757978, 0.26623781381543216, 0.15903346739683155, 0.3249503070601566], [0.25603994218419207, 0.28253153412498605, 0.136443839833458, 0.32498468385736373], [0.28688404045250465, 0.26504215761675676, 0.19348115770977467, 0.25459264422096367], [0.22555282741890856, 0.33417208361098194, 0.16937789323219896, 0.27089719573791066], [0.24894850819915723, 0.23600494288705137, 0.23949997373331972, 0.27554657518047176], [0.25287928356732536, 0.31496899340589857, 0.1522601354278541, 0.2798915875989219], [0.3182572131015439, 0.2502638238533904, 0.08444011213542323, 0.34703885090964226], [0.175475025620677, 0.22764189174476812, 0.4294403230033343, 0.1674427596312204], [0.2647618387755259, 0.27263745976775666, 0.14725284057149665, 0.31534786088522077], [0.37281117521574614, 0.1757343138828369, 0.15054128506195746, 0.30091322583945923], [0.20255769202547153, 0.3064784033317608, 0.26727349296041225, 0.2236904116823553], [0.20222196315995516, 0.34292672642434086, 0.11766142740387438, 0.3371898830118296], [0.20544865960322156, 0.3142471285893395, 0.1637323303218369, 0.3165718814856017], [0.16780678032224658, 0.3477643741455466, 0.1662719949183092, 0.318156850613897], [0.169016580430043, 0.34592771638261044, 0.1343037040073156, 0.35075199918003075], [0.27561909932919226, 0.23190106310997247, 0.12080334375089027, 0.37167649380994494], [0.19643350405464882, 0.34746687932392484, 0.18890479882706096, 0.2671948177943653], [0.23203157681376543, 0.29963436948300165, 0.13940240380691432, 0.32893164989631846], [0.33332215138267407, 0.2647009915517464, 0.09052346211186343, 0.3114533949537161], [0.22564073464597667, 0.2571249567925301, 0.08892389123114018, 0.4283104173303528], [0.2622269439731168, 0.27748641174289307, 0.19072585873760747, 0.2695607855463825], [0.19950144967823163, 0.3552008833646721, 0.10091640456527232, 0.3443812623918243], [0.2832723504563895, 0.31042894373990676, 0.1636895374195346, 0.24260916838416932], [0.26693298012912525, 0.3089710832927497, 0.18932470531194243, 0.2347712312661826], [0.31560975355104987, 0.25669729232982746, 0.0922645238631496, 0.33542843025597313], [0.2592767989232553, 0.32255435520249043, 0.12028745424442099, 0.2978813916298336], [0.3192414236887831, 0.26178097531006056, 0.10009521077324726, 0.3188823902279095], [0.27903282617872244, 0.22732222278645298, 0.21161828463538349, 0.28202666639944135], [0.2157555377247323, 0.3323401210103204, 0.15512587554982687, 0.2967784657151204], [0.17674659598760795, 0.35417953824464526, 0.16985229351696074, 0.29922157225078555], [0.2632728330272834, 0.27786014708022755, 0.21019497818131097, 0.24867204171117815], [0.32710668900585516, 0.22090600753899378, 0.1157968927650555, 0.3361904106900954], [0.36352378612335196, 0.20136490154587838, 0.09096671296619517, 0.3441445993645745], [0.161764434797026, 0.37493405653683715, 0.11582519192912288, 0.3474763167370139], [0.2531231575064202, 0.31847309532572593, 0.2464011304639125, 0.18200261670394116], [0.31173811076458185, 0.2001560704632706, 0.22662811332837585, 0.26147770544377197], [0.13960568713442034, 0.23452851064126262, 0.3609129324295793, 0.2649528697947378], [0.29589768899384034, 0.2665064409833217, 0.1378521350709781, 0.29974373495185996], [0.14949987287196914, 0.32867308705884335, 0.15767098273025537, 0.3641560573389319], [0.3199765713852912, 0.23583402677347926, 0.13110716241503037, 0.31308223942619906], [0.2567901569314257, 0.3296966086779566, 0.11661706389312422, 0.2968961704974937], [0.22074991402120328, 0.33707948295827705, 0.15133250099435633, 0.2908381020261631], [0.22764196485814944, 0.24896519015705326, 0.15515167194851948, 0.36824117303627807], [0.18277240571023615, 0.26501650560630247, 0.15696399587247487, 0.3952470928109865], [0.22171432383533823, 0.2886595277814217, 0.1358989489062479, 0.35372719947699216], [0.3375512350450756, 0.27449852074678766, 0.11735461628334189, 0.27059562792479475], [0.25094451715540045, 0.2602016184139376, 0.27926219449289874, 0.20959166993776332], [0.21290891079930568, 0.29455406283257957, 0.15755202442076427, 0.3349850019473506], [0.25750517504209103, 0.29365344602745996, 0.12489156608850256, 0.3239498128419464], [0.2604471853913152, 0.2652246503196424, 0.26833914459811753, 0.20598901969092479], [0.2128397287068703, 0.3106601240588493, 0.15286024273776222, 0.32363990449651836], [0.2775100296439675, 0.3208566387062619, 0.12976597069965995, 0.27186736095011094], [0.31675262370130913, 0.2560551054279466, 0.11816382866899533, 0.30902844220174897], [0.2616566948129215, 0.2920505727395113, 0.1670545782897984, 0.27923815415776876], [0.2973468137919933, 0.27118830586913, 0.14109148810424704, 0.29037339223462977], [0.1932737109893853, 0.3309278501926023, 0.190541725230637, 0.28525671358737503], [0.19255243675550915, 0.3331059185778876, 0.2164638878982047, 0.2578777567683987], [0.2581848962130931, 0.2887725182261712, 0.15435285330869652, 0.29868973225203943], [0.24766735096076606, 0.29703956105577284, 0.11258647548835397, 0.342706612495107], [0.2880084159938798, 0.25562416991005726, 0.1642726277250604, 0.2920947863710024], [0.2902965877147381, 0.23552421345688643, 0.11710341695310604, 0.35707578187526917], [0.31108681836738855, 0.30510304368618507, 0.09490174995284739, 0.28890838799357876], [0.30379985621716804, 0.29650027436950127, 0.1544550779420245, 0.24524479147130618], [0.22759402217281471, 0.34180190862323373, 0.12937810668307287, 0.3012259625208785], [0.2749295720971406, 0.2667055581845827, 0.1755100665373852, 0.2828548031808917], [0.18946050483505977, 0.33603843056504284, 0.09312021404076029, 0.38138085055913723], [0.19481992994867214, 0.30118195775126255, 0.16848588562324368, 0.3355122266768217], [0.3358339634505656, 0.2443522265820852, 0.07278459630772717, 0.34702921365962197], [0.23959703291139134, 0.2709635032424862, 0.14164686746849162, 0.347792596377631], [0.1731354326818689, 0.3236356724089975, 0.19591073256582578, 0.30731816234330817], [0.32063125150830396, 0.3001031725664619, 0.1145834293354097, 0.26468214658982475], [0.23148651014114757, 0.2927599589785357, 0.1652866091376444, 0.3104669217426727], [0.30433863749903584, 0.21853863509773563, 0.16766845669405794, 0.30945427070917036], [0.2698281424645964, 0.2666677249161077, 0.11304352584179223, 0.35046060677750357], [0.4212625851148693, 0.24020552040314735, 0.07972414579422651, 0.258807748687757], [0.2463642806010559, 0.2747370909720423, 0.11580890363019264, 0.363089724796709], [0.19618104851761556, 0.28877317726989155, 0.2897515438773455, 0.2252942303351469], [0.2911333462456925, 0.2045999164682292, 0.19246998643771296, 0.3117967508483654], [0.2856637071012977, 0.2141436084265747, 0.09939511224439725, 0.4007975722277303], [0.2598187789725102, 0.2617190937773788, 0.13465202332336693, 0.3438101039267442], [0.25812887054798417, 0.2740577628836493, 0.16959356116682153, 0.29821980540154497], [0.19909023933210768, 0.2629260127124197, 0.13931450225726955, 0.3986692456982031], [0.22683274658126673, 0.2050925400024439, 0.40894905382941626, 0.15912565958687327], [0.4049949632283172, 0.19410359585754478, 0.11994847366333072, 0.2809529672508073], [0.38014166070751143, 0.2540366825935193, 0.12268246477536048, 0.24313919192360847], [0.22897284387753716, 0.3037049352142312, 0.11674139560869823, 0.3505808252995332], [0.25964305791963166, 0.24226095881499396, 0.15208430361830955, 0.3460116796470648], [0.2592251891737916, 0.28719028637255145, 0.18676807239897847, 0.26681645205467835], [0.2224172660624791, 0.2882029341953443, 0.14392813661475143, 0.34545166312742515], [0.21951356071182268, 0.31715693992786403, 0.0993811897751163, 0.363948309585197], [0.2712304007331176, 0.2370957126410792, 0.14097065945562068, 0.3507032271701826], [0.2787243600837041, 0.31920107350671406, 0.10966628755887212, 0.2924082788507095], [0.2952527587451267, 0.2706688177525566, 0.12187909496660429, 0.3121993285357126], [0.39865297523490206, 0.17465797901894167, 0.12453992141404796, 0.30214912433210855], [0.2357079032178932, 0.26844716810735364, 0.19932747719734836, 0.2965174514774046], [0.19226825649826418, 0.2876550154546429, 0.16737144932385567, 0.3527052787232373], [0.2405217678140506, 0.2949217578970641, 0.0652606664363347, 0.39929580785255037], [0.24094583176321022, 0.27647680550138987, 0.230710274910048, 0.2518670878253516], [0.19158382133111337, 0.3083006735823926, 0.14803286598057014, 0.3520826391059239], [0.20234984771982903, 0.29579378948642876, 0.26218696904703, 0.23966939374671195], [0.1517861734319984, 0.27336530562733413, 0.2789077303618272, 0.29594079057884043]]}}