{"test": {"ids": ["101109000", "108113760", "111118910", "105115380", "109115070", "111119340", "109118231", "107121700", "111119150", "102110240", "107121540", "100109890", "103120290", "110115120", "103113170", "110117870", "108118301", "104111531", "107112850", "110121720", "112116451", "105112130", "111119250", "103120780", "112120270", "110117080", "103120531", "111117480", "104111880", "108114360", "105115570", "97113900", "109114030", "97116800", "105119550", "106121190", "101108121", "108121410", "102110500", "111121190", "110121170", "98106880", "111120280", "110118810", "103113101", "111114171", "102109840", "111114121", "110120640", "99120010", "98109570", "113121010", "113118421", "107112840", "104119290", "99109910", "99112840", "111119290", "100109360", "106113170", "107113550", "111115400", "108121351", "98111670", "98111231", "98110230", "107113170", "100109000", "103113270", "113122510", "109119340", "98106680", "104113170", "104114240", "113121220", "108116501", "110121140", "111115770", "100108520", "98119591", "98112300", "107114780", "108119330", "111115620", "104113240", "107119130", "104111620", "113120830", "109120560", "113122220", "110118301", "97116790", "100109311", "104111990", "112118550", "110113591", "99108580", "102112170", "98110710", "105120621", "105118740", "108120260", "101112540", "104111550", "110118121", "106119260", "100111390", "106114011", "101112690", "98108970", "112116850", "99111620", "105116650", "101108080", "112117461", "105121190", "101110200", "112119930", "110120700", "104116800", "113121950", "99109840", "113118630", "109116810", "113122170", "100111380", "100112060", "109121351", "102112301", "112121351", "99110730", "110119030", "103113210", "105114220", "112118471", "101110150", "106116640", "103110760", "98107010", "113120280", "99107300", "101108370"], "labels": [1, 1, 0, 1, 0, 3, 1, 3, 3, 3, 2, 3, 2, 0, 3, 3, 1, 0, 1, 3, 0, 1, 1, 1, 0, 1, 3, 1, 3, 1, 0, 2, 1, 0, 1, 2, 0, 0, 3, 1, 2, 0, 0, 1, 3, 3, 2, 0, 0, 2, 1, 2, 3, 1, 1, 2, 2, 3, 0, 0, 0, 0, 3, 1, 1, 3, 0, 1, 2, 2, 3, 1, 3, 0, 3, 0, 3, 3, 2, 1, 2, 2, 0, 1, 2, 1, 0, 3, 1, 1, 1, 2, 1, 2, 3, 0, 0, 3, 2, 1, 1, 1, 2, 1, 3, 1, 2, 1, 1, 3, 0, 3, 1, 0, 0, 2, 2, 1, 2, 1, 3, 2, 3, 3, 1, 3, 2, 0, 1, 0, 3, 0, 3, 3, 1, 1, 3, 1, 3, 0, 3, 1], "predicted_labels": [0, 1, 1, 1, 1, 0, 1, 1, 3, 3, 1, 3, 0, 1, 1, 1, 3, 3, 1, 0, 3, 3, 1, 0, 1, 3, 3, 3, 3, 1, 1, 3, 3, 0, 1, 3, 3, 3, 3, 3, 3, 1, 3, 3, 1, 3, 1, 1, 1, 1, 3, 1, 3, 0, 3, 2, 3, 3, 0, 1, 2, 3, 3, 3, 0, 1, 1, 1, 3, 0, 1, 2, 1, 1, 3, 1, 1, 3, 0, 3, 0, 1, 3, 3, 1, 3, 0, 1, 1, 1, 1, 3, 3, 1, 0, 3, 1, 3, 3, 3, 3, 0, 1, 1, 1, 0, 3, 1, 3, 1, 3, 1, 0, 3, 3, 1, 1, 3, 1, 3, 3, 2, 1, 3, 1, 0, 1, 0, 1, 0, 3, 1, 3, 1, 3, 3, 3, 0, 3, 0, 1, 0], "confidence_scores": [[0.2787509018759019, 0.2419453463203465, 0.23180747030747026, 0.24749628149628156], [0.2605825204207558, 0.280064985667927, 0.194108460983461, 0.26524403292785664], [0.25068135132841013, 0.3348329676859089, 0.15614724164724167, 0.2583384393384394], [0.21367297979797986, 0.360249680874681, 0.204016872016872, 0.2220604673104673], [0.20533784271284272, 0.3982514430014431, 0.1728109668109668, 0.22359974747474748], [0.32604662004662005, 0.28468494005994016, 0.1472690503940504, 0.24199938949938954], [0.24578878066378076, 0.3182755439005439, 0.18305742868242864, 0.25287824675324677], [0.2657678571428572, 0.2938129786879787, 0.1550948773448773, 0.2853242868242869], [0.22169459217253337, 0.2847066822066822, 0.20813207625707622, 0.2854666493637082], [0.21978053890553897, 0.24660866910866916, 0.2657889610389611, 0.26782183094683093], [0.248057067932068, 0.2711608114108114, 0.2360061466311466, 0.24477597402597404], [0.2439515345765346, 0.24824836968586964, 0.22255456349206346, 0.28524553224553234], [0.27436820124320127, 0.25140842490842497, 0.23415501165501176, 0.24006836219336225], [0.2363434343434344, 0.31086111111111103, 0.17679881229881228, 0.2759966422466423], [0.22791372516372518, 0.2817724497724498, 0.2616000804750805, 0.2287137445887445], [0.2562394272394273, 0.29761004273504277, 0.18415938228438225, 0.26199114774114773], [0.20479599567099566, 0.2905316905316905, 0.1954179292929293, 0.3092543845043845], [0.2262144660894661, 0.28102038239538246, 0.17532846320346326, 0.3174366883116884], [0.19704961704961704, 0.30793777056277055, 0.21369823232323237, 0.2813143800643801], [0.2839046647796649, 0.2743978521478522, 0.16925835275835271, 0.27243913031413025], [0.2801356421356422, 0.2521024531024531, 0.17644083694083693, 0.29132106782106787], [0.22131739094239095, 0.26834931734931744, 0.1758586691086691, 0.3344746225996226], [0.27023369196163316, 0.3003677572427572, 0.19270051272257155, 0.23669803807303808], [0.3147658730158731, 0.2845932221373398, 0.14863257575757577, 0.25200832908921145], [0.23052109002109009, 0.3159846542346542, 0.1710005133755134, 0.2824937423687425], [0.20200043706293708, 0.2852669691419692, 0.20521713702963698, 0.3075154567654568], [0.22200243506493508, 0.27494958513708523, 0.15521176046176047, 0.3478362193362193], [0.23382381507381514, 0.2736424825174825, 0.21276243201243208, 0.2797712703962705], [0.2094255744255744, 0.2743327644577645, 0.2131737151737152, 0.30306794594294595], [0.23233813408813409, 0.29328085803085807, 0.2124120324120325, 0.2619689754689754], [0.23098448773448776, 0.29109325396825403, 0.20750811688311696, 0.27041414141414144], [0.2329633005883006, 0.2688968253968254, 0.17906700244200244, 0.3190728715728717], [0.18426424963924964, 0.25644898157398166, 0.21035173160173173, 0.3489350371850372], [0.31314063714063717, 0.2537044760794761, 0.18356193806193807, 0.24959294871794874], [0.2947288961038962, 0.30749693362193364, 0.13252200577200574, 0.26525216450216454], [0.16320643245643243, 0.26784604978354976, 0.25171787240537236, 0.31722964535464543], [0.2565807456432456, 0.2513754023754024, 0.1859606712731713, 0.30608318070818075], [0.24916794316794325, 0.2839894688644689, 0.15411874236874232, 0.3127238455988457], [0.28299829827035716, 0.21102813852813845, 0.1755055222555223, 0.3304680409459821], [0.2415680014430014, 0.27675251137751133, 0.1988237873237874, 0.28285569985569975], [0.21058230658230653, 0.2488299200799201, 0.2654498556998557, 0.2751379176379177], [0.21560461760461755, 0.28980465367965375, 0.21969011544011544, 0.2749006132756134], [0.2282650405150405, 0.29228787878787876, 0.1301969003219003, 0.3492501803751805], [0.1978198051948052, 0.2822734765234765, 0.20835443722943733, 0.31155228105228105], [0.22794011544011542, 0.3108785589410589, 0.1790068403818403, 0.2821744852369854], [0.3246412117294471, 0.20725492073286195, 0.13945458707958708, 0.32864928045810404], [0.24959460678210696, 0.274850468975469, 0.21561769480519477, 0.2599372294372294], [0.29060431235431233, 0.30695833333333333, 0.14787499999999998, 0.2545623543123543], [0.27945057720057714, 0.28777110389610383, 0.21721031746031752, 0.2155680014430014], [0.24668884587634593, 0.30017857142857146, 0.22941278860028863, 0.2237197940947941], [0.26344377844377853, 0.2092893564768565, 0.14046383477633476, 0.3868030303030302], [0.22489441114441114, 0.3633720584970584, 0.14230465367965367, 0.2694288766788767], [0.2882490981240981, 0.25949736374736376, 0.13756306193806195, 0.3146904761904763], [0.27869507575757585, 0.27797023809523813, 0.2165870310245311, 0.22674765512265516], [0.22337806637806643, 0.2275528360528362, 0.20574758574758573, 0.3433215118215119], [0.14441053880759758, 0.2524224802974804, 0.3788428654678656, 0.22432411542705663], [0.19458315295815304, 0.29460750360750354, 0.1839121572871573, 0.32689718614718616], [0.2494350094350095, 0.2306012598512598, 0.167562937062937, 0.3524007936507938], [0.29224508824508827, 0.242887321012321, 0.17502362914862907, 0.28984396159396164], [0.226196853799795, 0.29706314518814525, 0.20408717671217672, 0.27265282429988313], [0.2342987755708344, 0.2517463924963926, 0.2861645021645021, 0.227790329768271], [0.2805430125430126, 0.2557248792873793, 0.16190187590187588, 0.30183023226773226], [0.24929197191697194, 0.2813228854478854, 0.17889736652236654, 0.29048777611277604], [0.20481414418914423, 0.24802910977910986, 0.26692784992784996, 0.2802288961038961], [0.32807004107004106, 0.23596159396159397, 0.19330772005772004, 0.2426606449106449], [0.2751993888464477, 0.28473188820982953, 0.17778514132925896, 0.26228358161446397], [0.24717760017760015, 0.29692839105339114, 0.16876359751359757, 0.28713041125541117], [0.179104242979243, 0.31145644633144626, 0.22262208624708626, 0.28681722444222457], [0.2442847014097014, 0.26925613275613286, 0.17361302586302593, 0.31284613997114014], [0.2797787718817131, 0.2628690268065268, 0.21499096532552414, 0.24236123598623607], [0.2279274336774337, 0.286029748029748, 0.21118940781440784, 0.27485341047841055], [0.2694472957597958, 0.21032326701076698, 0.26949897324897326, 0.250730463980464], [0.21614192057942064, 0.34488497613497626, 0.2172419178044178, 0.22173118548118542], [0.2330662878787879, 0.3138105783105784, 0.18479174297924303, 0.2683313908313908], [0.2783438367188367, 0.26756369325119317, 0.1748555264180264, 0.2792369436119436], [0.2660553404928405, 0.28415151515151515, 0.216538634976135, 0.2332545093795094], [0.2562273282273282, 0.2795324120324121, 0.24629065379065376, 0.21794960594960602], [0.2808597374847375, 0.2598169191919192, 0.1700585525585525, 0.2892647907647908], [0.2832888361638362, 0.25167585192585196, 0.21823895548895547, 0.2467963564213564], [0.2302678571428572, 0.288135101010101, 0.18299527841439603, 0.29860176343264583], [0.2661201298701299, 0.2580782412032412, 0.21431522644022657, 0.2614864024864025], [0.19899873737373736, 0.3146152597402597, 0.22357972582972593, 0.26280627705627707], [0.26800911588411597, 0.259041958041958, 0.19190817515817518, 0.28104075091575104], [0.24629442779442784, 0.2794384920634921, 0.15767587967587965, 0.3165912004662005], [0.20945933233433234, 0.35252045177045177, 0.19623246198246197, 0.2417877539127539], [0.2661193528693529, 0.25875564713064714, 0.191359126984127, 0.2837658730158731], [0.3080305527805528, 0.24579365079365087, 0.19357864357864363, 0.252597152847153], [0.24305531968031965, 0.2773455988455989, 0.2093727106227106, 0.2702263708513709], [0.18239092851592847, 0.2919248667998669, 0.25609312909312915, 0.2695910755910756], [0.2056224747474747, 0.2802654914529915, 0.2509207459207458, 0.263191287878788], [0.2358784965034965, 0.3488061521811522, 0.15675582750582742, 0.2585595238095238], [0.23710690698190695, 0.25418029193029207, 0.24642254967254973, 0.2622902514152515], [0.2165856276076865, 0.2796274558774561, 0.18146857309357312, 0.32231834342128474], [0.20351022588522594, 0.268033966033966, 0.262262445887446, 0.2661933621933621], [0.28462499999999996, 0.22426298701298705, 0.21148106060606056, 0.2796309523809524], [0.273055826118326, 0.2674679625929626, 0.16853519397269398, 0.2909410173160173], [0.2287522893772894, 0.2946545260295261, 0.24431468531468542, 0.2322784992784993], [0.3248149905649907, 0.1528593073593073, 0.1659702380952381, 0.3563554639804641], [0.24665979159729157, 0.23378363997114002, 0.19203898185148188, 0.3275175865800867], [0.30895539183039183, 0.22008771783771788, 0.0993349567099567, 0.3716219336219337], [0.2099882756132756, 0.28103896103896114, 0.18357680799592566, 0.32539595535183774], [0.2669771825396825, 0.26183593489843504, 0.20992912642912645, 0.2612577561327561], [0.20190096015096018, 0.32159036796536805, 0.2156223221223221, 0.2608863497613498], [0.2833471389721391, 0.3069016816516817, 0.16751044788544786, 0.24224073149073141], [0.2694372294372295, 0.2795932539682539, 0.19101839826839828, 0.2599511183261183], [0.28081414418914424, 0.23763551726051735, 0.215169511044511, 0.26638082750582753], [0.2429966977466978, 0.27450220612720605, 0.18088742793154558, 0.3016136681945506], [0.2586164587046941, 0.3072394544739747, 0.2098916040100251, 0.22425248281130636], [0.22889019314019315, 0.28457364857364864, 0.18983906371406373, 0.2966970945720947], [0.21913888888888886, 0.3006527777777778, 0.20846933621933628, 0.2717389971139972], [0.2086764069264069, 0.2840575951825952, 0.184583818958819, 0.322682178932179], [0.20229113941613938, 0.2957772366522367, 0.21585041347541353, 0.2860812104562105], [0.283741362803863, 0.2777616133866135, 0.2057616341991342, 0.23273538961038956], [0.2672530663780665, 0.2548396464646465, 0.18631908369408365, 0.2915882034632034], [0.29428442880648764, 0.27020347911892034, 0.13630853174603172, 0.2992035603285602], [0.21308603896103898, 0.2873264374514375, 0.2559238677988678, 0.24366365578865584], [0.24978835053835052, 0.2919758297258297, 0.17188385225885228, 0.28635196747696745], [0.23851971639471647, 0.26181438006438, 0.183988344988345, 0.31567755855255863], [0.24186165223665246, 0.2903739177489178, 0.1964343434343434, 0.2713300865800866], [0.20558121045621058, 0.25984221334221336, 0.19268874181374188, 0.34188783438783443], [0.2673101898101899, 0.267164072039072, 0.17472505272505276, 0.2908006854256855], [0.19386856199356198, 0.2607900432900433, 0.2780277777777778, 0.26731361693861705], [0.2753399864024864, 0.3014245337995338, 0.16571419552669547, 0.2575212842712844], [0.22591260822510822, 0.2764031385281385, 0.21465773809523805, 0.28302651515151517], [0.23471405677655688, 0.29664750527250516, 0.20879605810855822, 0.2598423798423799], [0.31038413465619347, 0.23113977199271316, 0.20470772283272287, 0.2537683705183706], [0.2102437056407645, 0.2954667742388331, 0.22372516372516368, 0.2705643563952387], [0.27471428571428586, 0.2626667221667222, 0.22150697913197914, 0.2411120129870131], [0.20339511183261189, 0.35074927849927845, 0.1910522186147186, 0.25480339105339106], [0.28886191382147275, 0.27818555953850077, 0.1744492105117105, 0.25850331612831623], [0.2011093073593073, 0.2600737456987457, 0.2180613275613275, 0.32075561938061936], [0.28201623376623386, 0.285253663003663, 0.17148015873015876, 0.2612499444999446], [0.20745093795093802, 0.2778612151737153, 0.22278706709956717, 0.2919007797757797], [0.2646776973026974, 0.28300326756576755, 0.1782829184704185, 0.2740361166611167], [0.23741919191919195, 0.27042379148629164, 0.18595463564213566, 0.30620238095238106], [0.23188938145188145, 0.28655509074259067, 0.18431114718614722, 0.2972443806193807], [0.27275535085829206, 0.20998916361416367, 0.18774496336996338, 0.3295105221575809], [0.2801366778646191, 0.25255626318126323, 0.1956035492285493, 0.27170350972556856], [0.25414357864357867, 0.24089417526917534, 0.19287391774891774, 0.3120883283383284], [0.3346665417915419, 0.20544488150738155, 0.16195107670107667, 0.2979375], [0.24572173169967285, 0.31214652014652017, 0.18117694805194798, 0.26095480010185895], [0.33985082972582975, 0.19125634088134089, 0.20338467088467083, 0.26550815850815845]]}, "rewritten": {"ids": ["97113900", "97116790", "97116800", "98106680", "98106880", "98107010", "98108970", "98109570", "98110230", "98110710", "98111231", "98111670", "98112300", "98119591", "99107300", "99108580", "99109840", "99109910", "99110730", "99111620", "99112840", "99120010", "100108520", "100109000", "100109311", "100109360", "100109890", "100111380", "100111390", "100112060", "101108080", "101108121", "101108370", "101109000", "101110150", "101110200", "101112540", "101112690", "102109840", "102110240", "102110500", "102112170", "102112301", "103110760", "103113101", "103113170", "103113210", "103113270", "103120290", "103120531", "103120780", "104111531", "104111550", "104111620", "104111880", "104111990", "104113170", "104113240", "104114240", "104116800", "104119290", "105112130", "105114220", "105115380", "105115570", "105116650", "105118740", "105119550", "105120621", "105121190", "106113170", "106114011", "106116640", "106119260", "106121190", "107112840", "107112850", "107113170", "107113550", "107114780", "107119130", "107121540", "107121700", "108113760", "108114360", "108116501", "108118301", "108119330", "108120260", "108121351", "108121410", "109114030", "109115070", "109116810", "109118231", "109119340", "109120560", "109121351", "110113591", "110115120", "110117080", "110117870", "110118121", "110118301", "110118810", "110119030", "110120640", "110120700", "110121140", "110121170", "110121720", "111114121", "111114171", "111115400", "111115620", "111115770", "111117480", "111118910", "111119150", "111119250", "111119290", "111119340", "111120280", "111121190", "112116451", "112116850", "112117461", "112118471", "112118550", "112119930", "112120270", "112121351", "113118421", "113118630", "113120280", "113120830", "113121010", "113121220", "113121950", "113122170", "113122220", "113122510"], "labels": [2, 2, 0, 1, 0, 3, 3, 1, 3, 2, 1, 1, 2, 1, 3, 0, 2, 2, 3, 3, 2, 2, 2, 1, 1, 0, 3, 3, 2, 2, 0, 0, 1, 1, 1, 2, 2, 1, 2, 3, 3, 3, 1, 1, 3, 3, 3, 2, 2, 3, 1, 0, 1, 0, 3, 2, 3, 2, 0, 1, 1, 1, 3, 1, 0, 1, 1, 1, 1, 2, 0, 1, 3, 1, 2, 1, 1, 0, 0, 2, 1, 2, 3, 1, 1, 0, 1, 0, 1, 3, 0, 1, 0, 3, 1, 3, 1, 0, 0, 0, 1, 3, 3, 1, 1, 0, 0, 2, 3, 2, 3, 0, 3, 0, 1, 3, 1, 0, 3, 1, 3, 3, 0, 1, 0, 0, 0, 1, 3, 1, 0, 0, 3, 3, 0, 3, 2, 3, 3, 1, 1, 2], "predicted_labels": [3, 0, 0, 1, 3, 3, 1, 3, 3, 3, 0, 1, 3, 1, 1, 1, 3, 2, 3, 1, 3, 1, 0, 1, 3, 3, 3, 0, 1, 1, 1, 1, 0, 3, 3, 1, 3, 3, 1, 1, 3, 0, 1, 1, 0, 1, 1, 1, 3, 3, 3, 1, 0, 3, 3, 1, 1, 1, 1, 3, 3, 1, 3, 1, 3, 1, 3, 0, 3, 3, 1, 1, 3, 1, 1, 1, 3, 1, 2, 1, 1, 1, 3, 3, 0, 0, 3, 1, 1, 3, 1, 3, 1, 1, 1, 1, 3, 1, 3, 1, 3, 1, 1, 1, 3, 1, 0, 1, 0, 3, 3, 0, 3, 3, 3, 3, 3, 3, 3, 1, 3, 3, 3, 3, 0, 3, 3, 3, 3, 3, 1, 3, 0, 1, 0, 1, 3, 1, 3, 3, 1, 1], "confidence_scores": [[0.2587237484737485, 0.24225929625929624, 0.19911394161394164, 0.2999030136530137], [0.27791341991341995, 0.22364051226551232, 0.24267514430014434, 0.2557709235209236], [0.3236360722610723, 0.23612938450438456, 0.18967784992784992, 0.25055669330669345], [0.20096266233766225, 0.306714466089466, 0.21875108225108228, 0.2735717893217893], [0.2136589660339661, 0.2823283383283385, 0.20312200299700295, 0.30089069264069274], [0.23423953823953825, 0.2703277417027418, 0.18961802086802096, 0.3058146991896991], [0.19159673659673654, 0.3151544566544567, 0.21951954989454997, 0.2737292568542569], [0.26177822177822174, 0.22783618464868471, 0.16093569624819623, 0.3494498973248974], [0.2481293845043845, 0.2843542707292709, 0.16589066080977852, 0.3016256839565663], [0.23665300875595005, 0.2781139971139972, 0.20155869620575512, 0.2836742979242981], [0.3757680583305582, 0.1917101925851925, 0.19249781468531466, 0.24002393439893438], [0.23311897824397826, 0.26606085581085587, 0.24259992784992782, 0.2582202380952381], [0.24155633255633258, 0.22912037553949324, 0.26120511433011434, 0.2681181775740599], [0.2580344516594517, 0.29880981518481525, 0.2040262237762238, 0.2391295093795094], [0.23429491341991343, 0.29915252802752806, 0.18140591353091348, 0.28514664502164505], [0.2132273837273837, 0.2939991813741816, 0.21798339160839164, 0.27479004329004336], [0.17618692418692425, 0.2406369047619048, 0.28752014652014657, 0.2956560245310245], [0.15399453814159692, 0.23193316405816414, 0.3555917415917417, 0.25848055620849747], [0.1864953796203796, 0.2545749666999667, 0.22268037518037523, 0.3362492784992784], [0.18507689532689534, 0.28217346542346533, 0.25129695304695315, 0.2814526862026862], [0.19532647907647913, 0.29891450216450216, 0.18921645021645023, 0.3165425685425686], [0.23091810966810972, 0.28699044011544017, 0.22449711399711408, 0.2575943362193362], [0.31086091686091694, 0.22219991119991123, 0.23235168997669003, 0.23458748196248191], [0.20139549339549334, 0.2866673326673327, 0.24328006715506714, 0.2686571067821068], [0.1981146353646354, 0.25956487956487967, 0.19922116772116769, 0.3430993173493174], [0.2839421273171274, 0.20362993950493952, 0.20503275890775888, 0.30739517427017427], [0.23774662837162835, 0.25286840936840943, 0.22073647186147183, 0.2886484903984905], [0.3085934343434344, 0.2678861832611833, 0.1722182539682539, 0.25130212842712846], [0.2518408674658674, 0.30206317293817286, 0.1644475108225109, 0.2816484487734488], [0.20543374680874685, 0.28279008083419865, 0.25686008436008434, 0.25491608799697035], [0.27318524531024535, 0.28540710678210673, 0.2050912698412698, 0.2363163780663781], [0.2918630605505605, 0.29926244588744594, 0.16674824481074477, 0.24212624875124877], [0.3009192474192474, 0.2210637001887002, 0.18332833832833834, 0.294688714063714], [0.22607792207792207, 0.243472041847042, 0.22877897102897093, 0.301671065046065], [0.2683704004329005, 0.26824720418470416, 0.17818849206349208, 0.2851939033189034], [0.24439880952380963, 0.28422420634920637, 0.20198412698412696, 0.2693928571428572], [0.25045686258186267, 0.2631545676545678, 0.21486582861582856, 0.2715227411477412], [0.24887407037407042, 0.2602638015579193, 0.17727575202575208, 0.31358637604225836], [0.22250885225885222, 0.3027041847041847, 0.2238178447369624, 0.2509691183000006], [0.2481315628815629, 0.2761425796425796, 0.20461706349206346, 0.27110879398379395], [0.26204437719143603, 0.2125088522588522, 0.188291847041847, 0.3371549235078647], [0.3261046731046733, 0.17180772005772, 0.21260912698412698, 0.28947847985347996], [0.1963366910866911, 0.299316391941392, 0.21858351370851373, 0.28576340326340327], [0.26619845432345435, 0.2782026723276724, 0.19048808136308143, 0.265110791985792], [0.27330748418248424, 0.2687357364857364, 0.20620246012157784, 0.2517543192102016], [0.21936145798645804, 0.28076104451104467, 0.253932151182151, 0.24594534632034626], [0.21917153679653673, 0.28353508297258306, 0.22118960900210902, 0.2761037712287713], [0.2611918775668777, 0.2917040598290599, 0.18334462759462766, 0.263759435009435], [0.24318235930735935, 0.26045382395382405, 0.23010137085137092, 0.2662624458874459], [0.248823156010656, 0.27620963064713056, 0.19174314574314574, 0.2832240675990676], [0.24627886002885993, 0.2878149934216111, 0.169905753968254, 0.29600039258127514], [0.21862950937950937, 0.2972514291264291, 0.19572019647019645, 0.2883988650238651], [0.2947353063603064, 0.2863825523891314, 0.1887371889806101, 0.23014495226995232], [0.3036008019758021, 0.22476803751803748, 0.16322197247197245, 0.3084091880341881], [0.19802199679405563, 0.2494670696950109, 0.2206556082806083, 0.33185532523032535], [0.21847974247974242, 0.3425476051726053, 0.19182756132756132, 0.247145091020091], [0.19374397824397835, 0.2972056277056278, 0.23832815795315787, 0.2707222360972361], [0.20632922143216256, 0.3445637418137419, 0.1822994227994228, 0.26680761395467284], [0.24934018759018758, 0.299664640914641, 0.18042587967587972, 0.27056929181929185], [0.21374504172298298, 0.22104345654345658, 0.18260119047619042, 0.38261031125737005], [0.2233644133644134, 0.25563833388833396, 0.19329853479853484, 0.32769871794871797], [0.22580445942945945, 0.30821230158730156, 0.21174490786990788, 0.25423833111333116], [0.2615151307026309, 0.280453484015984, 0.17747186147186153, 0.2805595238095238], [0.21778625541125546, 0.3178422133422134, 0.2125538489288489, 0.2518176823176824], [0.27101132894882907, 0.27279013347763365, 0.16541756854256856, 0.290780969030969], [0.2444087509712511, 0.3133166278166279, 0.19956484487734483, 0.2427097763347763], [0.20619612332112328, 0.2509358280608281, 0.25156032856032856, 0.2913077200577201], [0.2964811299811301, 0.25739760239760245, 0.18705753968253958, 0.2590637279387281], [0.2783991147741148, 0.2172594350094351, 0.1312432151182151, 0.37309823509823525], [0.227501332001332, 0.2607641941391942, 0.2406038128538129, 0.271130661005661], [0.21614559541765424, 0.336162547827989, 0.18352702158952158, 0.2641648351648352], [0.24223469463542993, 0.25657946168898177, 0.24619840137932258, 0.2549874422962659], [0.23105207292707294, 0.28403270340770354, 0.14994047619047612, 0.3349747474747475], [0.25341808191808185, 0.2604800407925409, 0.237989448051948, 0.24811242923742932], [0.19808406870906864, 0.3488710317460317, 0.18473491785991783, 0.2683099816849816], [0.2541855921855923, 0.29533537296037304, 0.2311334082584082, 0.21934562659562654], [0.20776449938949948, 0.29613401875901874, 0.17554972804972807, 0.32055175380175377], [0.24028607503607513, 0.3025983044733045, 0.18196374458874462, 0.2751518759018759], [0.25427525252525257, 0.2570750360750361, 0.2706049783549784, 0.21804473304473315], [0.21637012987012988, 0.325246572871573, 0.22559199134199137, 0.2327913059163059], [0.211062284937285, 0.29928425740925735, 0.19565755078255084, 0.29399590687090693], [0.22159397546897544, 0.3124714912280702, 0.1837343168527379, 0.2822002164502165], [0.23358831446331446, 0.2623848928848929, 0.16985257797757797, 0.33417421467421476], [0.2579631259263612, 0.2570739073018486, 0.2148996697746698, 0.27006329699712067], [0.2800125013875014, 0.2691773365523365, 0.2004989732489733, 0.2503111888111887], [0.27008302808302814, 0.24950910894660897, 0.21805414724164723, 0.2623537157287158], [0.2103979631479632, 0.29059350371850373, 0.1821624625374626, 0.31684607059607056], [0.2614111999111999, 0.27424044011544013, 0.2050876623376624, 0.2592606976356977], [0.2566866536241537, 0.3100923937173938, 0.18745026501276502, 0.24577068764568769], [0.2771734654234655, 0.24287327949827947, 0.17988335275835282, 0.30006990231990244], [0.2561453268953269, 0.28744678932178935, 0.18684612609612603, 0.2695617576867577], [0.1881126789876789, 0.2775204517704517, 0.22107211824123585, 0.31329475100063353], [0.21284235209235206, 0.38186075036075023, 0.1860485209235209, 0.21924837662337665], [0.19330853174603177, 0.31080375180375175, 0.20033475552225555, 0.2955529609279609], [0.24702400377400388, 0.3096433843933845, 0.19225631313131317, 0.2510762987012987], [0.2740827922077922, 0.2937794011544012, 0.20633766233766235, 0.2258001443001443], [0.17529678654678654, 0.27858681596181595, 0.23849984329396093, 0.30761655419743666], [0.2602598651348652, 0.29702398989898987, 0.18415476190476196, 0.25856138306138315], [0.2583248556998557, 0.2792791097791098, 0.16303420190920184, 0.2993618326118325], [0.2875011377511378, 0.3219764957264957, 0.16736904761904764, 0.2231533189033189], [0.2055783244533246, 0.27461009823509835, 0.19595990120990117, 0.32385167610167614], [0.2174603868353869, 0.32711725774225775, 0.20120411532911534, 0.25421824009324007], [0.2196038961038961, 0.30917406204906206, 0.17054419191919187, 0.3006778499278499], [0.24186274836274843, 0.30612114274614277, 0.16765451215451216, 0.2843615967365967], [0.2423820485070485, 0.24062998112998116, 0.21724560162060164, 0.2997423687423688], [0.23356980519480533, 0.31828067765567764, 0.18186706349206352, 0.2662824536574536], [0.3147003968253968, 0.27609884559884557, 0.20723412698412702, 0.2019666305916306], [0.22334777722277735, 0.3100027056277056, 0.17290800865800868, 0.2937415084915087], [0.283399309024309, 0.2564106449106449, 0.20666666666666667, 0.25352337939837943], [0.22714466089466093, 0.2668680902430902, 0.23530321067821064, 0.2706840381840382], [0.2723263125763126, 0.25783046120546127, 0.18816600066600064, 0.2816772255522256], [0.29697896547896546, 0.2668199855699856, 0.16126075313575314, 0.2749402958152959], [0.2647831890331891, 0.2583336663336663, 0.15104398379398373, 0.32583916083916087], [0.30464736652236657, 0.21494880119880114, 0.16535687923187922, 0.31504695304695307], [0.23248688811188817, 0.23290476190476192, 0.19443369130869137, 0.3401746586746587], [0.2581744921744922, 0.25602272727272735, 0.14532622932622927, 0.34047655122655124], [0.23780808080808083, 0.27261327561327553, 0.14762247474747472, 0.3419561688311689], [0.24501084128290007, 0.30146060393854507, 0.1490220057720058, 0.30450654900654905], [0.21926014263514265, 0.28569946719946726, 0.20393961593961596, 0.29110077422577424], [0.2380197114976526, 0.2799466644466645, 0.20902484117189998, 0.27300878288378294], [0.19152951215451214, 0.2699541985791987, 0.18697191697191695, 0.3515443722943724], [0.26065742590742597, 0.283792082917083, 0.16961428848928847, 0.2859362026862027], [0.2835027056277057, 0.23567285492285492, 0.11171890609390608, 0.36910553335553337], [0.24549608724608724, 0.2671580641580641, 0.20097469197469203, 0.28637115662115664], [0.30378950216450223, 0.23265119602619605, 0.17642279942279943, 0.2871365023865024], [0.20902319902319907, 0.2816646825396825, 0.16950308025308022, 0.3398090381840384], [0.2327286186036187, 0.2567375541125542, 0.1590624653124653, 0.3514713619713621], [0.2672570901320902, 0.2563972763347763, 0.16965160533910534, 0.3066940281940283], [0.25755283605283613, 0.23130046342546337, 0.16620027195027195, 0.34494642857142865], [0.26596398046398045, 0.2699435980685982, 0.18451617826617828, 0.2795762432012432], [0.2541513764013765, 0.2813038073038074, 0.19538657176157176, 0.26915824453324455], [0.2738279220779222, 0.26532607670107683, 0.18394931457431463, 0.2768966866466866], [0.3125064935064935, 0.2699083694083695, 0.1252207792207792, 0.2923643578643578], [0.2527079725829726, 0.2762698412698413, 0.20213924963924967, 0.2688829365079365], [0.3255891608391609, 0.21924448468198465, 0.1490780608280608, 0.3060882936507937], [0.2577458513708514, 0.2844554473304474, 0.18491138028638024, 0.27288732101232116], [0.2257528721278722, 0.288727342102342, 0.17519769119769116, 0.3103220945720946], [0.25725038850038856, 0.311953928016428, 0.15630549311799313, 0.27449019036519046], [0.26990834165834177, 0.2691593684093684, 0.1637052669552669, 0.29722702297702297], [0.17637269674769676, 0.28220059107559115, 0.23799285028696807, 0.3034338618897443], [0.1889295288045288, 0.31811242923742933, 0.21344354256854253, 0.27951449938949935], [0.22305095802889915, 0.29993053474303477, 0.24188201871657752, 0.23513648851148855]]}}