{"test": {"ids": ["113120280", "113121010", "107114780", "112117780", "113122430", "111117000", "98120010", "113120591", "107115250", "109120540", "97109080", "112116800", "98109311", "98108150", "102117351", "111120220", "111116010", "106119580", "108113740", "112117461", "111116110", "106116370", "111120190", "105113480", "109116040", "106113170", "112118810", "104119340", "105113330", "105112260", "104118340", "108121160", "113118421", "100111080", "101115190", "106113190", "99107300", "113121190", "104113190", "106114011", "103113210", "100116790", "113121680", "107114140", "112118530", "98107380", "110117080", "103118110", "106120290", "112117580", "110114561", "98106111", "99109740", "107120260", "108118301", "104111880", "106116441", "111115620", "111118910", "105113170", "103113270", "106117790", "102110750", "103110840", "100116500", "104116441", "98119591", "100108520", "106119990", "103111990", "104112201", "97109570", "109117600", "107120130", "112116401", "110118701", "100111270", "110119300", "110120531", "107113840", "100120010", "99112641", "107113130", "113118870", "110115890", "107120880", "112119930", "100111380", "113121750", "98108970", "101111620", "97108520", "113120780", "106121190", "111119250", "110114321", "99109860", "109116930", "105113260", "110115140", "100107920", "112116290", "107115140", "110121720", "104111780", "97107681", "108116501", "111116530", "99107630", "104116800", "113122190", "103113260", "107121700", "99109780", "97116410", "113120830", "105117351", "112120640", "110114920", "110114610", "104111711", "100113370", "107113550", "97107950", "102112250", "103120730", "110117200", "100109890", "109118161", "108120060", "97107821", "105117431", "107112840", "109117110", "102109840", "97112170", "108117720", "109120150", "113119340", "109115211", "97105451", "111120640"], "labels": [0, 2, 2, 0, 2, 0, 2, 0, 2, 1, 2, 0, 1, 0, 1, 3, 1, 3, 3, 0, 3, 2, 3, 0, 0, 0, 3, 1, 3, 3, 2, 2, 3, 0, 1, 0, 3, 1, 3, 1, 3, 2, 1, 2, 1, 1, 1, 2, 2, 0, 0, 0, 3, 1, 1, 3, 0, 1, 0, 0, 2, 1, 1, 1, 2, 1, 1, 2, 0, 2, 0, 0, 1, 2, 0, 3, 2, 1, 0, 3, 0, 1, 1, 0, 2, 1, 1, 3, 0, 3, 3, 2, 0, 2, 1, 1, 2, 0, 3, 0, 0, 0, 0, 3, 3, 3, 0, 3, 2, 1, 1, 3, 3, 2, 3, 3, 0, 0, 3, 1, 1, 3, 0, 2, 0, 1, 3, 3, 0, 1, 2, 1, 1, 1, 2, 0, 1, 2, 0, 0, 0, 0], "predicted_labels": [3, 3, 1, 3, 3, 0, 3, 1, 0, 1, 2, 1, 3, 2, 1, 1, 3, 1, 3, 3, 2, 1, 1, 1, 3, 1, 1, 1, 0, 1, 1, 3, 0, 3, 3, 1, 3, 1, 1, 2, 1, 2, 1, 1, 2, 3, 3, 3, 1, 0, 3, 0, 2, 1, 0, 1, 3, 0, 3, 0, 2, 3, 2, 3, 2, 1, 3, 1, 2, 1, 3, 0, 0, 1, 1, 3, 3, 3, 1, 1, 3, 0, 2, 2, 0, 0, 3, 1, 0, 1, 3, 1, 1, 3, 0, 3, 1, 0, 3, 0, 1, 1, 0, 1, 3, 3, 0, 1, 3, 1, 3, 1, 3, 1, 0, 2, 1, 3, 3, 3, 1, 1, 2, 2, 3, 0, 1, 0, 3, 1, 1, 2, 3, 3, 0, 0, 3, 0, 0, 3, 3, 3], "confidence_scores": [[0.3055882276878148, 0.14722135486583943, 0.13033225116084027, 0.41685816628550565], [0.22701664584321932, 0.2580226684467938, 0.15402800519177606, 0.360932680518211], [0.15260605831508045, 0.3683258014753925, 0.1367775301441462, 0.34229061006538086], [0.15262820434845203, 0.2705766103446757, 0.15103704381293157, 0.4257581414939406], [0.09320649923651866, 0.30397417062917637, 0.2724155450740006, 0.3304037850603044], [0.270985175587929, 0.23155637137366397, 0.2550367640439462, 0.2424216889944607], [0.19802495766041886, 0.23535941998416, 0.25136932791254407, 0.3152462944428773], [0.15047655653116462, 0.41652985459689307, 0.05822238042379347, 0.3747712084481489], [0.48763563125164716, 0.2785920923786824, 0.12191507797876218, 0.11185719839090832], [0.18270381005854167, 0.360400649794046, 0.2140143862349165, 0.24288115391249587], [0.1114744546563591, 0.32098619399862727, 0.4024773314305206, 0.16506201991449312], [0.26035621464238434, 0.3550765440171333, 0.1122651147222224, 0.27230212661825987], [0.25799619942551033, 0.25491868625769215, 0.08341818177132312, 0.4036669325454745], [0.08146448033137464, 0.21904683552300805, 0.4069912339191498, 0.2924974502264675], [0.15534708296743996, 0.48715027130447935, 0.08558717704176294, 0.2719154686863179], [0.19758017503393596, 0.3398219600899966, 0.2842894440728422, 0.17830842080322512], [0.18297556449942298, 0.18211785305610145, 0.16988173526580658, 0.4650248471786691], [0.2403162283871954, 0.3092362334095598, 0.1976820895042218, 0.252765448699023], [0.20936338684820424, 0.22096292690278024, 0.24740823568808218, 0.3222654505609334], [0.2831011511830629, 0.28266880231965724, 0.13938731507682864, 0.2948427314204513], [0.06601143035624936, 0.09590571926012055, 0.6209342070765189, 0.21714864330711123], [0.14959556802438276, 0.4038260820091366, 0.20490707990449758, 0.24167127006198305], [0.15508563970496217, 0.38402688133404483, 0.1727404988715821, 0.288146980089411], [0.17824415109087408, 0.4100377491258687, 0.22650391249855284, 0.18521418728470448], [0.11158726662811388, 0.14901668725615586, 0.169675793539403, 0.5697202525763272], [0.21210532503981325, 0.3008096029079032, 0.24043277611357639, 0.24665229593870727], [0.11240967789910676, 0.5518031721692286, 0.1339603353818547, 0.20182681454981002], [0.2075431554374609, 0.47525592924971877, 0.10163630726921354, 0.21556460804360672], [0.47033367329841225, 0.17465204432084147, 0.06411673985442781, 0.29089754252631833], [0.22067856618988402, 0.5396746791261479, 0.06977446030277266, 0.16987229438119536], [0.20935034770097127, 0.3727149937120995, 0.08723575154516672, 0.3306989070417626], [0.14255773693406937, 0.16505430202312277, 0.08241306402843689, 0.609974897014371], [0.3651054963660588, 0.28384877328760577, 0.08512685869922708, 0.2659188716471083], [0.2653001305303296, 0.26034739164960574, 0.06194196669067136, 0.4124105111293935], [0.20226251540492599, 0.2977316463869782, 0.12787324600533903, 0.3721325922027568], [0.2750006754472535, 0.32855760973427717, 0.16176614460842403, 0.23467557021004523], [0.28172911221102614, 0.16738552249890748, 0.10702827449027014, 0.4438570907997963], [0.1815656479131428, 0.353452418199338, 0.11999888572671179, 0.3449830481608072], [0.17533695974123387, 0.4293319529446279, 0.07918255797133991, 0.3161485293427983], [0.09846762082358385, 0.2382764785821116, 0.4144416380550242, 0.24881426253928032], [0.1025927201564715, 0.46362579172940366, 0.13385822759906088, 0.299923260515064], [0.21990629072043327, 0.2617490638820297, 0.26683227591177977, 0.2515123694857572], [0.21736686195640906, 0.3489686251156541, 0.17580134237906286, 0.25786317054887425], [0.17506355674158525, 0.5368144591587225, 0.16815304522819793, 0.11996893887149424], [0.1152813595675638, 0.32823488352852487, 0.36575358700537614, 0.19073016989853533], [0.2739714801374242, 0.1469140781800215, 0.17034034024696829, 0.408774101435586], [0.10235548821931569, 0.15105736251678697, 0.3009444583769857, 0.4456426908869115], [0.16906887830493889, 0.2490892542908618, 0.2671380618621359, 0.3147038055420634], [0.17171623265231545, 0.33425664000671873, 0.19862986184300033, 0.29539726549796547], [0.339444600388873, 0.25417351250806186, 0.20847036362955174, 0.1979115234735132], [0.25255192586080266, 0.2934085787867365, 0.14484191873816005, 0.30919757661430075], [0.3456114268929706, 0.23416802074300563, 0.14302317953077462, 0.277197372833249], [0.15185116789303157, 0.24959079791300637, 0.37942435232669425, 0.219133681867268], [0.23913527584298064, 0.39775225093154015, 0.10802930953461751, 0.25508316369086176], [0.44615781653156195, 0.24424624818847174, 0.11247991770272851, 0.1971160175772379], [0.2987625417418294, 0.35974915311297323, 0.16928813820248517, 0.17220016694271223], [0.21016107715017845, 0.28563777176108984, 0.15329340127673924, 0.35090774981199224], [0.42115670110380865, 0.2301924420982798, 0.10419542962891784, 0.2444554271689937], [0.1709372095082758, 0.1578052437510053, 0.0687935172996315, 0.6024640294410875], [0.43234523997282476, 0.23419621417227499, 0.11058832686604314, 0.22287021898885728], [0.11731085553548927, 0.3169381574512657, 0.4054653428483658, 0.16028564416487942], [0.15499117793802983, 0.2705768784065488, 0.06761553233166497, 0.5068164113237565], [0.10195530949913431, 0.38079858615976264, 0.40125104138690654, 0.11599506295419652], [0.20488368691480227, 0.23543202147755896, 0.1135683988279649, 0.4461158927796739], [0.08867965641195517, 0.10999675468660393, 0.7177466579541499, 0.08357693094729098], [0.2248512413639967, 0.4661614875336998, 0.11773803851395515, 0.19124923258834847], [0.3106622865016039, 0.13892769733512392, 0.07894637023426103, 0.471463645929011], [0.15119082707248985, 0.4105272464401414, 0.13940863758577726, 0.2988732889015914], [0.16887677546861204, 0.30869359431283866, 0.3350479718038148, 0.18738165841473448], [0.2820129336169231, 0.31160726603035455, 0.16809184629372576, 0.2382879540589966], [0.2779244796774897, 0.2370922531757606, 0.06659924215920385, 0.41838402498754584], [0.4706389403363825, 0.17174052764921674, 0.1270940490766366, 0.23052648293776415], [0.30842700524827754, 0.2633805763087577, 0.15976704827750493, 0.26842537016545975], [0.15353825590612522, 0.47308985747712445, 0.08460153883843126, 0.2887703477783191], [0.19329909297436865, 0.4152484836092707, 0.08810980671779158, 0.3033426166985692], [0.07801219916145007, 0.23438771608667713, 0.23515284692816327, 0.45244723782370955], [0.1514026350749437, 0.24390110550089958, 0.2129571455959811, 0.3917391138281757], [0.2705856652853677, 0.2777367152380293, 0.09756321150443749, 0.3541144079721655], [0.16726806252105952, 0.4660470036654401, 0.15192498802508655, 0.21475994578841404], [0.2753050870773058, 0.4234335524912232, 0.09411380933725773, 0.20714755109421318], [0.21152059880246324, 0.22409523906097942, 0.2742553225616292, 0.290128839574928], [0.30879609909806893, 0.29283573069730146, 0.11421946774890628, 0.28414870245572355], [0.25758998530350014, 0.2312040691473331, 0.31550523445269113, 0.19570071109647563], [0.23199320889063088, 0.24210049580638576, 0.26793952741531146, 0.2579667678876718], [0.3869142426065709, 0.2979278317706847, 0.09813964600289625, 0.217018279619848], [0.39145740200625706, 0.30621094729046616, 0.07979028480066538, 0.22254136590261153], [0.18478993591247989, 0.18019141073022182, 0.2936599023772635, 0.3413587509800348], [0.25764080050523064, 0.31212260731390734, 0.12117009693261463, 0.3090664952482474], [0.35402131249772595, 0.3006376821093373, 0.09794001221974075, 0.24740099317319603], [0.16303093883356384, 0.4518480001782189, 0.12939295167442721, 0.25572810931379], [0.21992492191722568, 0.24540473372432045, 0.19252356212392868, 0.3421467822345251], [0.11551605947787134, 0.4864524459141978, 0.22032085618793812, 0.177710638419993], [0.17210188688223693, 0.3397985819123358, 0.1900184280066096, 0.29808110319881753], [0.144901504590094, 0.24464226657207, 0.09345378346792979, 0.5170024453699062], [0.34637396261132886, 0.24568557975729666, 0.1401905577342315, 0.26774989989714304], [0.13876473099991649, 0.13379320108180442, 0.24848631242390454, 0.4789557554943746], [0.15985658660923494, 0.34774459356457027, 0.1483890375935292, 0.34400978223266554], [0.44597780772747797, 0.21716152961271445, 0.1190353695516843, 0.2178252931081234], [0.13792533435650484, 0.19680300433515727, 0.06481710589781278, 0.6004545554105251], [0.36810757087806045, 0.23497644467411452, 0.08265103593019187, 0.31426494851763315], [0.23771232352618818, 0.3094184130355388, 0.2849564166272351, 0.16791284681103785], [0.2635864903207413, 0.3918946201271434, 0.05185309806149829, 0.2926657914906172], [0.4142709130463251, 0.19581649024698342, 0.10308347468848181, 0.2868291220182097], [0.2764422638376971, 0.355372092267844, 0.12302004448902898, 0.2451655994054302], [0.10793986771955498, 0.2564582361776271, 0.080399521496722, 0.555202374606096], [0.07227298249684654, 0.22758199224343043, 0.06999310975391725, 0.6301519155058057], [0.42567837840456507, 0.1714141421768829, 0.08616715831827948, 0.31674032110027256], [0.22460320628037128, 0.5170904239725932, 0.09826336445681197, 0.16004300529022356], [0.18098804985490424, 0.30635667214771284, 0.1314933270334017, 0.38116195096398137], [0.28627272535059783, 0.3860157502127513, 0.11377618733225442, 0.21393533710439636], [0.29830875302311266, 0.2688782639230877, 0.07497160035750021, 0.3578413826962995], [0.26265512508157596, 0.3638300089891743, 0.16640527142790426, 0.2071095945013456], [0.302191947665262, 0.255699261830889, 0.08151907160274498, 0.36058971890110403], [0.1845922060082301, 0.4881680477515461, 0.09040108655067633, 0.2368386596895475], [0.3085131752098154, 0.19993186978132022, 0.18937519337712377, 0.3021797616317406], [0.1633409922087078, 0.21598308622244208, 0.45381337284947165, 0.16686254871937842], [0.20860873235787913, 0.35717671259393374, 0.1897606066861601, 0.24445394836202722], [0.20999958083978512, 0.24086588203976556, 0.09787186627014935, 0.45126267085030014], [0.2344676944359337, 0.15952343905495892, 0.10281994134089152, 0.5031889251682158], [0.19520811326835658, 0.2615556189127986, 0.24447050886417976, 0.2987657589546652], [0.20506868945498555, 0.3564788622549297, 0.12945542980601984, 0.3089970184840649], [0.29937578154559547, 0.3039109430603425, 0.1239244110417177, 0.27278886435234434], [0.1271727770682962, 0.1092723433514725, 0.4661232073844976, 0.2974316721957337], [0.210918127071607, 0.18447978440156476, 0.3246695698641588, 0.27993251866266955], [0.2657864792693654, 0.2757017937245287, 0.07130305254971926, 0.38720867445638674], [0.3816416905300934, 0.3463282527585654, 0.08377125083297812, 0.18825880587836308], [0.16470563046910522, 0.3633283347631271, 0.1699895227471215, 0.3019765120206462], [0.34642837859555903, 0.09345489900321913, 0.2513329539273185, 0.30878376847390343], [0.1906207794975223, 0.28428921789003464, 0.07235178365762761, 0.45273821895481536], [0.271608646046193, 0.3187420664459157, 0.24916298262823214, 0.16048630487965945], [0.23652151394310622, 0.422546981426768, 0.15767245901296362, 0.18325904561716208], [0.08471719259037526, 0.1848384210783713, 0.43668126699834664, 0.2937631193329069], [0.2789008510778245, 0.23536099111874004, 0.13874541244785937, 0.3469927453555762], [0.12092957124047643, 0.35100627609343094, 0.13422481024951818, 0.39383934241657437], [0.5844766450450721, 0.2719717253184498, 0.034554261358310495, 0.10899736827816756], [0.3807327076123617, 0.16976083160636904, 0.07842068590860181, 0.3710857748726674], [0.37521157014107503, 0.1254191757852967, 0.05500270081201344, 0.4443665532616148], [0.37078260580489286, 0.26015838323418444, 0.07364881981023161, 0.29541019115069134], [0.5461277578877171, 0.14014889021217874, 0.1474354467425719, 0.16628790515753245], [0.18735989939542358, 0.20091620287497383, 0.18680720430141717, 0.42491669342818555], [0.29287383934641864, 0.20104275310555003, 0.12349244654304163, 0.3825909610049895], [0.08553522943355503, 0.227640404033689, 0.1129954596600548, 0.5738289068727012]]}, "rewritten": {"ids": ["97105451", "97107681", "97107821", "97107950", "97108520", "97109080", "97109570", "97112170", "97116410", "98106111", "98107380", "98108150", "98108970", "98109311", "98119591", "98120010", "99107300", "99107630", "99109740", "99109780", "99109860", "99112641", "100107920", "100108520", "100109890", "100111080", "100111270", "100111380", "100113370", "100116500", "100116790", "100120010", "101111620", "101115190", "102109840", "102110750", "102112250", "102117351", "103110840", "103111990", "103113210", "103113260", "103113270", "103118110", "103120730", "104111711", "104111780", "104111880", "104112201", "104113190", "104116441", "104116800", "104118340", "104119340", "105112260", "105113170", "105113260", "105113330", "105113480", "105117351", "105117431", "106113170", "106113190", "106114011", "106116370", "106116441", "106117790", "106119580", "106119990", "106120290", "106121190", "107112840", "107113130", "107113550", "107113840", "107114140", "107114780", "107115140", "107115250", "107120130", "107120260", "107120880", "107121700", "108113740", "108116501", "108117720", "108118301", "108120060", "108121160", "109115211", "109116040", "109116930", "109117110", "109117600", "109118161", "109120150", "109120540", "110114321", "110114561", "110114610", "110114920", "110115140", "110115890", "110117080", "110117200", "110118701", "110119300", "110120531", "110121720", "111115620", "111116010", "111116110", "111116530", "111117000", "111118910", "111119250", "111120190", "111120220", "111120640", "112116290", "112116401", "112116800", "112117461", "112117580", "112117780", "112118530", "112118810", "112119930", "112120640", "113118421", "113118870", "113119340", "113120280", "113120591", "113120780", "113120830", "113121010", "113121190", "113121680", "113121750", "113122190", "113122430"], "labels": [0, 3, 2, 2, 2, 2, 0, 0, 3, 0, 1, 0, 3, 1, 1, 2, 3, 2, 3, 2, 2, 1, 0, 2, 3, 0, 2, 3, 3, 2, 2, 0, 3, 1, 2, 1, 0, 1, 1, 2, 3, 3, 2, 2, 1, 1, 3, 3, 0, 3, 1, 1, 2, 1, 3, 0, 3, 3, 0, 0, 1, 0, 0, 1, 2, 0, 1, 3, 0, 2, 2, 1, 1, 0, 3, 2, 2, 0, 2, 2, 1, 1, 3, 3, 0, 1, 1, 1, 2, 0, 0, 0, 1, 1, 0, 2, 1, 1, 0, 1, 3, 0, 2, 1, 3, 3, 1, 0, 3, 1, 1, 3, 3, 0, 0, 1, 3, 3, 0, 0, 0, 0, 0, 0, 0, 1, 3, 1, 0, 3, 0, 0, 0, 0, 0, 3, 2, 1, 1, 0, 1, 2], "predicted_labels": [0, 3, 1, 1, 1, 2, 2, 3, 1, 3, 1, 1, 1, 3, 1, 3, 0, 3, 1, 0, 3, 1, 1, 1, 0, 1, 1, 0, 2, 3, 1, 3, 2, 1, 1, 2, 3, 1, 3, 1, 1, 3, 1, 3, 1, 1, 3, 1, 3, 1, 1, 1, 1, 1, 1, 1, 3, 0, 3, 3, 1, 3, 1, 2, 3, 1, 0, 2, 1, 3, 1, 0, 3, 2, 1, 1, 1, 3, 1, 1, 3, 2, 2, 3, 1, 0, 1, 1, 3, 1, 1, 0, 1, 2, 3, 3, 2, 0, 1, 1, 1, 3, 1, 3, 1, 1, 3, 1, 1, 3, 3, 3, 1, 2, 3, 1, 2, 1, 1, 3, 3, 1, 3, 3, 1, 2, 3, 2, 1, 1, 2, 1, 3, 1, 1, 1, 1, 1, 1, 1, 1, 2], "confidence_scores": [[0.41349625634763426, 0.27900578310295276, 0.057976007419912386, 0.24952195312950065], [0.16944380811361956, 0.28287941439253805, 0.09372463030601566, 0.45395214718782684], [0.1494175580265299, 0.38587120888504334, 0.1936442504355261, 0.27106698265290075], [0.12832963362420138, 0.6376092659762963, 0.10150938159437015, 0.13255171880513206], [0.15035659519449798, 0.37749397887980835, 0.12004774636370481, 0.35210167956198885], [0.10556452145287566, 0.20718391076581108, 0.5348738527062098, 0.1523777150751034], [0.21953470447249226, 0.1496207035308794, 0.4243733336014011, 0.20647125839522734], [0.20626621439707934, 0.3067057100826802, 0.07276148283858286, 0.41426659268165744], [0.1775164488579291, 0.3745313579277804, 0.23928265268636084, 0.2086695405279297], [0.12953183047261368, 0.17780379958537995, 0.1395352855927045, 0.553129084349302], [0.19898398273081883, 0.38026869753915493, 0.17626990367223286, 0.24447741605779338], [0.18341159074149202, 0.31172768301502574, 0.27102490399586904, 0.23383582224761318], [0.1189442230876258, 0.5587108857582945, 0.17162494240625764, 0.15071994874782205], [0.2927209066832941, 0.2856134422062632, 0.09231385658965979, 0.3293517945207829], [0.33443599391539525, 0.3855342879345071, 0.08855328586861214, 0.19147643228148553], [0.24023442726476962, 0.26378150384135385, 0.1745719925515574, 0.3214120763423191], [0.42789806562287896, 0.2939638845153961, 0.09717950983920154, 0.18095854002252332], [0.16195752679049838, 0.22861536207565628, 0.12553364102388306, 0.4838934701099625], [0.1513950244439808, 0.5865731020397942, 0.10258072926850748, 0.15945114424771747], [0.30653736413739135, 0.27408988249081906, 0.18882862485050517, 0.2305441285212844], [0.13001827044565684, 0.3420261754673525, 0.1293716604624245, 0.39858389362456625], [0.15054463217904027, 0.3310794602912863, 0.27981086186180676, 0.23856504566786677], [0.20901411559348843, 0.46115275556028695, 0.12547710707065443, 0.20435602177557016], [0.09136063094008956, 0.6127433918314656, 0.07903750059363171, 0.2168584766348132], [0.3584281480389934, 0.15392184066556766, 0.30901175636487804, 0.17863825493056087], [0.22102747613420326, 0.4222070500349621, 0.11233012397865898, 0.24443534985217574], [0.1177343519209888, 0.36096531665999093, 0.33847045255675456, 0.18282987886226587], [0.3007244663621481, 0.2792387144649965, 0.22839217269521234, 0.19164464647764326], [0.22306390234902024, 0.1289191805119311, 0.3591597016873961, 0.2888572154516527], [0.22095797420982333, 0.17364304761313712, 0.21952547851177465, 0.3858734996652649], [0.10064810917426326, 0.5362136778572453, 0.16955215084080089, 0.19358606212769056], [0.3051688735235281, 0.2695856674582141, 0.10816355421390071, 0.31708190480435705], [0.3115426954368138, 0.28351415057606466, 0.3182364759937739, 0.08670667799334757], [0.21899467270435824, 0.3427388033728557, 0.13859776684145275, 0.29966875708133317], [0.16835518041236125, 0.37839713416203213, 0.2119728899561531, 0.24127479546945368], [0.13493402848123215, 0.2275276192950986, 0.39540155105371033, 0.24213680116995898], [0.21102253404202442, 0.1867880702319023, 0.2953318988304792, 0.3068574968955942], [0.1295807196553744, 0.5916261022364927, 0.11388589571429454, 0.16490728239383842], [0.24106202056946302, 0.0989843135770738, 0.09978215547828231, 0.560171510375181], [0.20952739156201075, 0.3413838086557206, 0.2325404284694883, 0.2165483713127804], [0.14183137479506946, 0.439884545477303, 0.12285044312447241, 0.2954336366031552], [0.21613901705985766, 0.257733379016316, 0.096108995701688, 0.43001860822213833], [0.13844987146423346, 0.36108269440891455, 0.2551192885606466, 0.24534814556620543], [0.2087199462732942, 0.2843088042235772, 0.22239602681390228, 0.2845752226892263], [0.13069620970403872, 0.5769140831725362, 0.11740828700421635, 0.17498142011920856], [0.14004151017933403, 0.38661906997334977, 0.23711178000267838, 0.2362276398446377], [0.27898313395097096, 0.16067253212443763, 0.11273519015146252, 0.447609143773129], [0.15845488133505292, 0.3909942784351816, 0.0914576423659844, 0.3590931978637812], [0.20231036300887234, 0.15690710833913224, 0.05215483961659102, 0.5886276890354044], [0.1779682292378049, 0.49851431005266356, 0.13136595169327778, 0.19215150901625389], [0.1621317555891707, 0.487942591201006, 0.16480002026699106, 0.18512563294283224], [0.170655095602105, 0.4744353167843031, 0.10351122308368531, 0.25139836452990655], [0.11547055943856203, 0.3971595851025514, 0.09625311072140576, 0.3911167447374806], [0.16050796964520192, 0.3900460215815815, 0.2090873808397977, 0.24035862793341894], [0.08528663500542391, 0.5667593403786484, 0.09472698303189608, 0.25322704158403164], [0.1462617756395045, 0.39959855016609347, 0.1249013312604281, 0.3292383429339741], [0.11024507952432375, 0.34470693792629387, 0.12664443039920187, 0.41840355215018055], [0.31859436532848084, 0.31496404406294165, 0.09260980788667929, 0.27383178272189823], [0.1542478513470477, 0.30265866648854395, 0.2220402833555647, 0.32105319880884364], [0.2132822310108475, 0.2732999663889792, 0.23387428869480537, 0.279543513905368], [0.13478060628014027, 0.3683571828521006, 0.3321673782193773, 0.16469483264838197], [0.17537910169554316, 0.3033067413938396, 0.09941853749104233, 0.42189561941957493], [0.16428091138318354, 0.49552007699708117, 0.14524353017539632, 0.1949554814443389], [0.09249279390450857, 0.2600791420338572, 0.3898303612372558, 0.25759770282437844], [0.2856008258610139, 0.16842414410929848, 0.2424761296566031, 0.3034989003730847], [0.09517865297587132, 0.4210583822486025, 0.1353833935737002, 0.3483795712018261], [0.5565417918729282, 0.1974930374665707, 0.10113339643601081, 0.14483177422449042], [0.25578224716273396, 0.25657900262083305, 0.26929220188113523, 0.21834654833529782], [0.14680332066475602, 0.3767306251195882, 0.24882999654000412, 0.22763605767565165], [0.160502639668113, 0.2817867362855126, 0.20651323146048167, 0.35119739258589266], [0.07977704465430442, 0.5032573778933289, 0.10631243970025592, 0.3106531377521107], [0.35883763719706807, 0.3031163590103905, 0.15579560297686115, 0.18225040081568053], [0.24669516344085143, 0.24763415040136247, 0.23811416156063095, 0.26755652459715523], [0.06837772392096007, 0.14522235757206148, 0.6613653826914199, 0.1250345358155588], [0.19142428402520825, 0.4624770913840088, 0.17144102895336066, 0.17465759563742228], [0.08628971933278202, 0.6352755347996951, 0.06877382520487803, 0.20966092066264494], [0.1465592553561122, 0.37578976183057794, 0.26655830918784795, 0.21109267362546197], [0.18036498230603845, 0.18595940319486745, 0.1714530331741471, 0.46222258132494715], [0.16978973102252806, 0.37966612656803983, 0.10583951318603119, 0.34470462922340095], [0.2660824820731145, 0.32045549003186735, 0.103706978415135, 0.30975504947988297], [0.17983839925498285, 0.2323097113317989, 0.17360724212147566, 0.41424464729174254], [0.06866517372638346, 0.21191992172472848, 0.579328558034322, 0.140086346514566], [0.09275834408595421, 0.31568516158247384, 0.46326779784978295, 0.12828869648178903], [0.10917110511996905, 0.22936052458901876, 0.10126229661360657, 0.5602060736774056], [0.12009807862229296, 0.6090366335267056, 0.0948553736180731, 0.1760099142329285], [0.35774701649690643, 0.21170441656808303, 0.12861802498598918, 0.30193054194902125], [0.22007333743656324, 0.2948893576234076, 0.2203806890551141, 0.26465661588491524], [0.13653427929392714, 0.5047951763647163, 0.15576465248397994, 0.20290589185737667], [0.11881430237537745, 0.3496310000893291, 0.11240498093036073, 0.4191497166049326], [0.14691321039415353, 0.3234802035903273, 0.291271866162991, 0.23833471985252816], [0.13753224283981053, 0.3814432527479664, 0.2587402508085508, 0.2222842536036724], [0.38364257460666734, 0.23792993712776803, 0.11621598081143208, 0.2622115074541326], [0.1468661189653608, 0.530847866811511, 0.1556854529804288, 0.16660056124269942], [0.2238924369557159, 0.2743835584265967, 0.3626905740340451, 0.1390334305836425], [0.2193701810728226, 0.20190624730562903, 0.12942964504846086, 0.4492939265730875], [0.28677861588381953, 0.2996907399303359, 0.10637609950314741, 0.307154544682697], [0.1042428393491955, 0.1934483177815403, 0.5832558094291607, 0.11905303344010346], [0.3822860956695278, 0.14979470530193226, 0.20519145301012048, 0.2627277460184195], [0.2163800484254443, 0.33157742186981826, 0.17240279794880023, 0.27963973175593726], [0.24500333714530342, 0.48486799246539597, 0.17287110762391025, 0.09725756276539034], [0.08464439499889205, 0.47790854535055244, 0.2542708841109382, 0.18317617553961735], [0.10639286271781134, 0.2312649846427229, 0.20621627271448617, 0.45612587992497966], [0.1950296467720006, 0.3110097686610412, 0.2772635903148374, 0.216696994252121], [0.1116028269272464, 0.21950921111027555, 0.1439841924416595, 0.5249037695208185], [0.31190551181724296, 0.36161683998179317, 0.11558355917882869, 0.21089408902213524], [0.11404576688223858, 0.3872430081649653, 0.323296853913885, 0.1754143710389112], [0.19698030108980727, 0.22835156650766508, 0.09324930822047922, 0.4814188241820485], [0.1575333027826519, 0.42714455992776296, 0.17385378904177767, 0.24146834824780747], [0.18938032016347428, 0.40597282527235223, 0.16622777522281285, 0.2384190793413606], [0.2082359293409315, 0.23912710955257416, 0.09996979960877919, 0.45266716149771524], [0.13172506693899572, 0.3327503156771757, 0.1610295784729611, 0.3744950389108677], [0.1744849565521071, 0.3007107505353635, 0.20408092734941644, 0.32072336556311304], [0.19154389918251735, 0.34296116622353257, 0.1764012353861058, 0.2890936992078444], [0.11274139446287901, 0.14778033478873717, 0.549404092738903, 0.19007417800948093], [0.18917921167677543, 0.2950738638472097, 0.10194245293108614, 0.4138044715449287], [0.20528048188835601, 0.30066228932514727, 0.21543726386566098, 0.2786199649208358], [0.09615861650976744, 0.19920509336100908, 0.43049385423585684, 0.2741424358933667], [0.15872131617456817, 0.6006330026158235, 0.08350932403148671, 0.1571363571781216], [0.13115842745396852, 0.32066765244612216, 0.28279751095796873, 0.26537640914194055], [0.1049595015553268, 0.2288944427489939, 0.103845444749846, 0.5623006109458334], [0.14843556152116438, 0.21695667559035084, 0.12018196823007637, 0.5144257946584084], [0.15125482333295476, 0.5258339403764036, 0.09791830362560328, 0.22499293266503828], [0.18716122538115412, 0.3284462398597259, 0.12652534085479195, 0.35786719390432825], [0.14157705301416942, 0.2426680167281217, 0.19772383675508046, 0.4180310935026285], [0.10597822377137978, 0.6185103810422347, 0.1491460179364718, 0.12636537724991387], [0.08020069642262335, 0.349110680545883, 0.3991322287685297, 0.17155639426296387], [0.12285740725828002, 0.2790753996533465, 0.12243984288449006, 0.4756273502038835], [0.24285309729915627, 0.2797704581646965, 0.2902154157959946, 0.18716102874015272], [0.2608840746649892, 0.309828471654774, 0.1387440903376485, 0.29054336334258835], [0.19897121056946676, 0.3344090050532747, 0.2013048883207788, 0.2653148960564798], [0.1776423145770314, 0.2016891351585653, 0.3759820530332511, 0.24468649723115227], [0.26718025522894695, 0.3085313372234334, 0.2833680356342726, 0.1409203719133472], [0.34923599690838864, 0.11020900738401053, 0.16277982333840046, 0.37777517236920033], [0.12395286338412381, 0.4480489759962256, 0.1545340372809785, 0.2734641233386721], [0.11794897380380782, 0.37610987059693485, 0.2959911782360909, 0.20994997736316637], [0.09019137058622272, 0.5828212851042474, 0.08598088850898213, 0.2410064558005477], [0.13585816179071422, 0.49074556441270323, 0.17069528048306398, 0.20270099331351862], [0.14314206426511558, 0.46604396868117975, 0.1386963485201086, 0.2521176185335959], [0.27022332814548083, 0.4957828870596352, 0.08702806925967004, 0.14696571553521395], [0.15546444614718624, 0.5051484807385989, 0.15155104967422595, 0.18783602343998887], [0.12216369908206871, 0.38552283606732607, 0.22187904780810305, 0.27043441704250226], [0.08694756997918926, 0.1580952291860677, 0.3875579224123164, 0.3673992784224267]]}}