{"test": {"ids": ["102110750", "106121190", "110117080", "113119340", "110115580", "111116110", "102112170", "104113550", "98109230", "112119950", "101115190", "106118820", "111116170", "98112580", "107113130", "107112850", "103111170", "108120700", "97112170", "112116290", "108119510", "107116501", "108120260", "112121351", "102110500", "108116070", "97106970", "97116500", "111118810", "108114360", "110118450", "104111380", "100116500", "100111390", "107113550", "109120540", "104112201", "97107821", "105116650", "97109570", "101108460", "110117140", "106115250", "100117420", "111114171", "113122650", "107114140", "106116820", "97106591", "104113190", "110115120", "111119300", "99112531", "98111670", "98108970", "103110050", "105115380", "103120290", "108114670", "105116501", "104111531", "111116411", "100109801", "113122430", "103113101", "106113360", "103111110", "111115770", "108113620", "111120640", "102121440", "113118630", "111120531", "99111620", "99107640", "99105921", "101108621", "98109311", "108113740", "103117461", "110121140", "107117630", "101108290", "112119580", "99109311", "99108330", "104118340", "105113170", "107121700", "98109570", "101108580", "100113370", "103110100", "113120540", "109120621", "108119550", "109119010", "103113610", "109118820", "100108080", "113122160", "98113881", "98119591", "98111620", "103109021", "109121410", "113118820", "99120010", "109117600", "101111140", "106114280", "99111000", "100110260", "99108000", "112117660", "99117740", "98106560", "110116290", "97107920", "107116340", "113118620", "112117431", "99109141", "102110890", "109116040", "113118231", "106118161", "102116500", "113117630", "97112300", "111116100", "112116880", "105116980", "100107920", "112117580", "107119390", "104113210", "107118820", "112119930", "113120531", "106113170", "97105451"], "labels": [1, 2, 1, 0, 1, 3, 3, 1, 1, 0, 1, 3, 0, 2, 1, 1, 2, 2, 0, 0, 1, 1, 1, 0, 3, 1, 2, 2, 0, 1, 0, 3, 2, 2, 0, 1, 0, 2, 1, 0, 0, 3, 2, 2, 3, 2, 2, 1, 1, 3, 0, 1, 3, 1, 3, 3, 1, 2, 3, 1, 0, 0, 0, 2, 3, 0, 3, 3, 3, 0, 2, 3, 0, 3, 1, 1, 0, 1, 3, 0, 3, 0, 0, 3, 1, 1, 2, 0, 3, 1, 0, 3, 1, 3, 1, 1, 3, 2, 3, 0, 3, 3, 1, 3, 0, 0, 0, 2, 1, 2, 3, 2, 3, 2, 0, 2, 1, 2, 0, 3, 3, 0, 3, 0, 0, 3, 3, 1, 0, 2, 3, 0, 0, 0, 0, 2, 3, 3, 1, 0, 0, 0], "predicted_labels": [2, 1, 3, 0, 1, 3, 0, 0, 2, 0, 2, 1, 1, 3, 2, 1, 0, 0, 3, 1, 3, 1, 3, 1, 3, 0, 2, 1, 3, 0, 1, 3, 2, 3, 2, 3, 3, 0, 1, 3, 3, 0, 1, 3, 3, 2, 3, 3, 2, 3, 3, 1, 3, 0, 1, 1, 2, 1, 3, 0, 3, 0, 3, 1, 0, 3, 0, 0, 0, 1, 0, 1, 0, 0, 1, 1, 0, 1, 0, 3, 0, 0, 1, 0, 0, 3, 3, 3, 3, 0, 0, 3, 2, 1, 3, 1, 3, 2, 1, 2, 3, 1, 0, 2, 0, 1, 1, 1, 2, 0, 1, 3, 0, 1, 3, 0, 2, 0, 0, 3, 1, 0, 0, 3, 3, 1, 0, 1, 0, 2, 1, 1, 1, 3, 3, 1, 3, 1, 3, 3, 0, 0], "confidence_scores": [[0.013204939324031325, 0.0588246218164698, 0.9176760810831535, 0.01029435777634553], [0.022840238876059873, 0.5143418290479366, 0.17078598443187187, 0.2920319476441317], [0.005775225171729162, 0.16978234396593914, 0.08448971305870451, 0.7399527178036273], [0.46857352196031615, 0.2727574940788213, 0.008084052024410171, 0.2505849319364524], [0.10133643933355434, 0.8074137261180374, 0.03134870596474902, 0.059901128583659466], [0.12763440233682027, 0.01282185665544299, 0.07623340637143108, 0.7833103346363056], [0.4058177219549435, 0.10552884700583871, 0.24933251527496306, 0.2393209157642547], [0.6166600115834918, 0.05793386172442295, 0.018499665788695573, 0.30690646090338947], [0.04139671951628626, 0.009603387445205802, 0.852136421342671, 0.0968634716958369], [0.6415059411870667, 0.005321018110167563, 0.015486274713565886, 0.3376867659891998], [0.289822971907611, 0.2789630983643643, 0.3794472077793038, 0.05176672194872095], [0.0057589099017985, 0.929527755406467, 0.0035368581012318696, 0.06117647659050258], [0.12463953460264364, 0.6840223750163402, 0.04241681014764538, 0.14892128023337076], [0.32905214846386116, 0.2203870510756035, 0.10793032104485101, 0.3426304794156843], [0.05800836419339704, 0.08626490739516551, 0.5871148966985181, 0.26861183171291936], [0.28256281750353873, 0.6628327994100893, 0.04173382241416958, 0.012870560672202337], [0.5489809622588865, 0.20031439631681586, 0.009406002128374941, 0.24129863929592268], [0.4806730185923687, 0.22813201200176514, 0.052131970514598405, 0.23906299889126778], [0.03301147626730246, 0.19739808917227436, 0.024103747059459925, 0.7454866875009633], [0.041700966897569566, 0.8221270856790126, 0.08133569921345718, 0.05483624820996081], [0.23886704903841466, 0.09085550651122372, 0.0705263276758197, 0.599751116774542], [0.2117177601819019, 0.5546753717697946, 0.02173024224625989, 0.2118766258020435], [0.07709342176130111, 0.3245543132013134, 0.08677760203306926, 0.5115746630043163], [0.09211180738667658, 0.5546643206252011, 0.12669681688220746, 0.22652705510591498], [0.2863073479652165, 0.03509184773310952, 0.15231361902038648, 0.5262871852812876], [0.35975942334686994, 0.2967241213556961, 0.10584174664317364, 0.2376747086542603], [0.0028461397124532424, 0.05714915182342276, 0.48986211428553694, 0.4501425941785871], [0.052554238078477714, 0.5917416518899353, 0.08098561607711083, 0.2747184939544761], [0.2720407392648365, 0.0461287880376811, 0.10741594069448132, 0.5744145320030011], [0.39583753462519117, 0.22363535680260083, 0.06447239733775963, 0.3160547112344483], [0.01349016456550589, 0.9294270226182655, 0.043799582470856656, 0.01328323034537198], [0.12396723906768144, 0.08047168526562529, 0.3169566534389955, 0.4786044222276978], [0.143951092904858, 0.015635261367383843, 0.5632300210109252, 0.2771836247168329], [0.147555288945803, 0.059376931878091586, 0.3420371488186961, 0.4510306303574092], [0.12798242702616766, 0.08385895708536234, 0.48274928157068886, 0.3054093343177811], [0.09081972721469184, 0.3634180071784622, 0.06257102969471319, 0.48319123591213287], [0.3131289508756518, 0.04683053653223087, 0.056486816457354254, 0.5835536961347632], [0.4172844846736491, 0.09225866090817382, 0.1126090051252668, 0.3778478492929102], [0.00797213041705821, 0.6922564039366143, 0.2444179191682198, 0.05535354647810766], [0.1700410969746484, 0.03497833549140101, 0.25694236620909894, 0.5380382013248517], [0.11832162866747824, 0.008544632059719759, 0.11960708038725842, 0.7535266588855435], [0.7061562060049891, 0.053404810385387615, 0.0389228262108177, 0.20151615739880568], [0.3248495503014716, 0.4700820355781625, 0.11975299594846736, 0.08531541817189861], [0.13945821011337353, 0.09151085786592128, 0.0634565169301521, 0.7055744150905531], [0.29757005858924807, 0.07467350648285416, 0.03967247562964622, 0.5880839592982516], [0.06243380463504997, 0.07087899747783072, 0.8131932569207211, 0.053493940966398146], [0.022377235132749074, 0.06196692624280636, 0.35219608983556183, 0.5634597487888827], [0.2292250206530239, 0.25371147969727476, 0.22741155665317703, 0.28965194299652436], [0.11616314482529023, 0.308048619250527, 0.4644304642323059, 0.1113577716918769], [0.021469342384291663, 0.23570508025078554, 0.015492283467536078, 0.7273332938973867], [0.28094307109742367, 0.059989632656281745, 0.24328777191987475, 0.4157795243264199], [0.05167962298060791, 0.6417703675845672, 0.19135979752987095, 0.11519021190495402], [0.08083195737553027, 0.026443996178364404, 0.23845572275877464, 0.6542683236873307], [0.37853385519383953, 0.20384329163097867, 0.08481327478802543, 0.3328095783871564], [0.012372341515359112, 0.7005880308019509, 0.22307800501286576, 0.06396162266982436], [0.09830439286974521, 0.6159195057934564, 0.04333730282953031, 0.24243879850726802], [0.021581461533810586, 0.39468371907889155, 0.4596859533425076, 0.12404886604479014], [0.17803524397750178, 0.38716102083812254, 0.17434656763530307, 0.2604571675490726], [0.43161667770218637, 0.10948676686962183, 0.012144684262750062, 0.4467518711654417], [0.5264320559814194, 0.29612818206704683, 0.03737604049174757, 0.1400637214597862], [0.10443434352053137, 0.13803687881330298, 0.13600050658880122, 0.6215282710773644], [0.7058977614834594, 0.030608112834882246, 0.003514566786131569, 0.2599795588955269], [0.06308097006149946, 0.1917319839099424, 0.025023596162367705, 0.7201634498661905], [0.01694163708082619, 0.8603098220032475, 0.06325734353831058, 0.05949119737761581], [0.4634361472939076, 0.22314370798604247, 0.14070115539778047, 0.17271898932226945], [0.13192858553522271, 0.28916246640140747, 0.009093215862686117, 0.5698157322006837], [0.842170065406506, 0.009708068690451377, 0.008991954982338166, 0.13912991092070448], [0.7832084870659087, 0.05321133177970079, 0.009421116246374577, 0.15415906490801592], [0.6152097532399904, 0.26083557937735474, 0.009554721155610476, 0.11439994622704439], [0.21491504317601484, 0.4115308814991531, 0.12224379625693653, 0.25131027906789544], [0.4533703727405005, 0.09281845450847484, 0.27387256235701574, 0.179938610394009], [0.020094621052491508, 0.8258561405504077, 0.09232214198678468, 0.06172709641031617], [0.7631308256248113, 0.11819796355569245, 0.003704766510397817, 0.11496644430909864], [0.5815747946620397, 0.33192674938493133, 0.07950547063945428, 0.006992985313574698], [0.2632066146158638, 0.534008406585237, 0.11294603292336315, 0.08983894587553604], [0.017530962456238183, 0.9124575439262376, 0.0072246035512364476, 0.06278689006628782], [0.43353466771853416, 0.3378344215065006, 0.09703931072308294, 0.1315916000518823], [0.23225305307787264, 0.42502108155824947, 0.08123276689829921, 0.2614930984655787], [0.5575860956042535, 0.10033676788461943, 0.06793764947567953, 0.2741394870354475], [0.02581473450507682, 0.30895770959076957, 0.02195577999497571, 0.6432717759091778], [0.6092419619175979, 0.18693505873937816, 0.023147190301163162, 0.18067578904186077], [0.8470392220809048, 0.025231617729236093, 0.08604039938121054, 0.041688760808648605], [0.04166738686583589, 0.7221937709290428, 0.025043003939293724, 0.21109583826582756], [0.8583824069814727, 0.006054059064024446, 0.01739751353929509, 0.11816602041520789], [0.5023258999846844, 0.46267961271347846, 0.017405751558509285, 0.017588735743327956], [0.045486544010530386, 0.003374574532613944, 0.21875597177355494, 0.7323829096833008], [0.0608852814896313, 0.12637592892723645, 0.12814014333475676, 0.6845986462483754], [0.01713417221286886, 0.39496969022872, 0.11418922292159281, 0.47370691463681824], [0.13611812341958343, 0.29316348968892847, 0.05662248510566628, 0.5140959017858218], [0.822286392470835, 0.07612672678896415, 0.05342468517578734, 0.04816219556441342], [0.8890881665322902, 0.024686556100427488, 0.037930427056947436, 0.04829485031033494], [0.198692602317139, 0.21717882944402547, 0.08555776958574163, 0.4985707986530939], [0.1087180618714466, 0.36899817298820103, 0.4383240597963, 0.08395970534405241], [0.16799661151392004, 0.5882545658215803, 0.16843164437585836, 0.07531717828864125], [0.056317557915617114, 0.10609994773235164, 0.006653200731970632, 0.8309292936200607], [0.10646052931245518, 0.5999145618178039, 0.22921956402126933, 0.06440534484847159], [0.03778418784947675, 0.025840028846555292, 0.11985491352995885, 0.8165208697740091], [0.08884923365809357, 0.14885681327494737, 0.7211195389051298, 0.041174414161829334], [0.27151681456069443, 0.7105626869614492, 0.0038278351760857123, 0.01409266330177063], [0.009983444503246671, 0.04250197771964763, 0.7362906160568833, 0.21122396172022254], [0.030454741671909032, 0.19970600099350214, 0.026082731176106037, 0.7437565261584828], [0.07866187561147729, 0.6194908794023044, 0.19225953679054492, 0.10958770819567328], [0.7426696164807387, 0.07806029626999395, 0.13561853983834052, 0.04365154741092671], [0.006344557260015123, 0.12405096171858399, 0.8567898662533252, 0.012814614768075612], [0.5007551724822389, 0.10861654491399718, 0.15533643612800607, 0.23529184647575777], [0.00837563059118664, 0.6048402777440426, 0.03135837305627713, 0.3554257186084937], [0.2978365214017173, 0.5917614941667817, 0.00965617467529984, 0.10074580975620118], [0.04063721940413442, 0.5159578584050771, 0.06896812356691306, 0.37443679862387536], [0.1767781470309737, 0.2970723008810253, 0.36202498761479773, 0.1641245644732032], [0.5429617185361832, 0.15593023614670345, 0.11495827402151661, 0.18614977129559662], [0.07981037789821295, 0.4335287794978251, 0.14552780420435468, 0.34113303839960724], [0.09424160871139292, 0.0623276453266828, 0.28562130234323274, 0.5578094436186916], [0.48718883060270923, 0.11495584926994762, 0.010075358383221248, 0.3877799617441219], [0.08831851897721982, 0.6712927507405472, 0.20633948820085735, 0.034049242081375684], [0.11546330882844387, 0.06499666254987749, 0.004639688160549308, 0.8149003404611292], [0.5634226258815024, 0.3330818567662235, 0.049305730071090924, 0.05418978728118331], [0.0321921608631354, 0.009897190835299477, 0.8802883294193203, 0.0776223188822448], [0.5941661554695706, 0.19970682413903812, 0.13265248009670352, 0.07347454029468771], [0.8621854396169212, 0.009382597060567061, 0.014187926774918152, 0.11424403654759349], [0.11947055202688196, 0.23016131127302197, 0.04895364787543687, 0.6014144888246592], [0.03441402903584724, 0.7323247750644329, 0.08350269981922845, 0.14975849608049144], [0.6795722241355874, 0.2103547539497694, 0.002030309574428156, 0.10804271234021512], [0.43429272059327584, 0.1264439574697897, 0.01680502486405961, 0.42245829707287474], [0.42428868652495166, 0.011725902619386101, 0.03383518048835098, 0.5301502303673113], [0.08567058501119473, 0.1594195758257742, 0.06100824577922585, 0.6939015933838052], [0.009405018919178216, 0.6993468226485453, 0.11610635131998219, 0.17514180711229424], [0.6300115261334386, 0.25682211219522416, 0.024740036190460668, 0.08842632548087659], [0.20501266579196878, 0.4187965245118002, 0.14501963751922767, 0.23117117217700334], [0.6676389134844744, 0.03565062069207871, 0.0899235415061971, 0.20678692431725001], [0.19835252611087106, 0.05572337126489449, 0.5679091684525879, 0.1780149341716467], [0.24131150231289958, 0.5408628800691088, 0.02744186684104772, 0.19038375077694386], [0.00856783584797067, 0.9202137013925741, 0.05033923865511622, 0.020879224104338984], [0.20596330842277918, 0.46630666511372115, 0.004960123068959879, 0.32276990339453976], [0.12371025142945408, 0.028761095298405447, 0.022705240514059418, 0.824823412758081], [0.15759306668786568, 0.19487609130902406, 0.017103396215805935, 0.6304274457873044], [0.011111177281660617, 0.41544794437692373, 0.2614245004168312, 0.3120163779245844], [0.05681412602598093, 0.016484172570548992, 0.013050171659054692, 0.9136515297444154], [0.0441667182448853, 0.51125632229174, 0.2010490044789501, 0.2435279549844246], [0.18922284225011998, 0.12369253558738044, 0.29691618639405426, 0.39016843576844534], [0.23894554229963808, 0.297869268384135, 0.02207362750645444, 0.4411115618097726], [0.4084143376701562, 0.28980736515973, 0.01002077431405808, 0.29175752285605566], [0.5458585488111817, 0.157569363874734, 0.019785241498444316, 0.27678684581564]]}, "rewritten": {"ids": ["97105451", "97106591", "97106970", "97107821", "97107920", "97109570", "97112170", "97112300", "97116500", "98106560", "98108970", "98109230", "98109311", "98109570", "98111620", "98111670", "98112580", "98113881", "98119591", "99105921", "99107640", "99108000", "99108330", "99109141", "99109311", "99111000", "99111620", "99112531", "99117740", "99120010", "100107920", "100108080", "100109801", "100110260", "100111390", "100113370", "100116500", "100117420", "101108290", "101108460", "101108580", "101108621", "101111140", "101115190", "102110500", "102110750", "102110890", "102112170", "102116500", "102121440", "103109021", "103110050", "103110100", "103111110", "103111170", "103113101", "103113610", "103117461", "103120290", "104111380", "104111531", "104112201", "104113190", "104113210", "104113550", "104118340", "105113170", "105115380", "105116501", "105116650", "105116980", "106113170", "106113360", "106114280", "106115250", "106116820", "106118161", "106118820", "106121190", "107112850", "107113130", "107113550", "107114140", "107116340", "107116501", "107117630", "107118820", "107119390", "107121700", "108113620", "108113740", "108114360", "108114670", "108116070", "108119510", "108119550", "108120260", "108120700", "109116040", "109117600", "109118820", "109119010", "109120540", "109120621", "109121410", "110115120", "110115580", "110116290", "110117080", "110117140", "110118450", "110121140", "111114171", "111115770", "111116100", "111116110", "111116170", "111116411", "111118810", "111119300", "111120531", "111120640", "112116290", "112116880", "112117431", "112117580", "112117660", "112119580", "112119930", "112119950", "112121351", "113117630", "113118231", "113118620", "113118630", "113118820", "113119340", "113120531", "113120540", "113122160", "113122430", "113122650"], "labels": [0, 1, 2, 2, 0, 0, 0, 2, 2, 1, 3, 1, 1, 1, 3, 1, 2, 3, 1, 1, 1, 2, 1, 3, 1, 2, 3, 3, 2, 2, 0, 0, 0, 3, 2, 3, 2, 2, 0, 0, 0, 0, 2, 1, 3, 1, 0, 3, 1, 2, 0, 3, 1, 3, 2, 3, 2, 0, 2, 3, 0, 0, 3, 3, 1, 2, 0, 1, 1, 1, 0, 0, 0, 3, 2, 1, 3, 3, 2, 1, 1, 0, 2, 3, 1, 0, 3, 2, 3, 3, 3, 1, 3, 1, 1, 1, 1, 2, 0, 1, 3, 3, 1, 1, 0, 0, 1, 2, 1, 3, 0, 3, 3, 3, 3, 3, 0, 0, 0, 1, 0, 0, 0, 0, 0, 0, 0, 3, 1, 0, 0, 0, 3, 3, 3, 0, 0, 0, 3, 3, 2, 2], "predicted_labels": [0, 1, 2, 2, 0, 3, 1, 3, 1, 2, 1, 2, 0, 0, 1, 3, 1, 2, 0, 1, 0, 1, 1, 0, 0, 2, 0, 3, 1, 1, 3, 2, 3, 0, 0, 3, 2, 3, 1, 3, 0, 1, 0, 2, 3, 2, 0, 0, 0, 0, 0, 1, 1, 0, 0, 0, 2, 1, 0, 2, 3, 0, 3, 3, 3, 3, 3, 2, 1, 3, 3, 0, 0, 3, 1, 1, 0, 1, 3, 0, 2, 0, 2, 3, 1, 0, 1, 1, 3, 0, 0, 0, 0, 1, 3, 1, 1, 0, 3, 3, 0, 3, 3, 3, 1, 0, 1, 0, 3, 3, 1, 1, 0, 0, 1, 3, 1, 0, 0, 1, 0, 1, 1, 1, 0, 0, 0, 0, 3, 0, 3, 0, 2, 1, 2, 0, 0, 1, 1, 3, 1, 2], "confidence_scores": [[0.5650743481731837, 0.2690369925594708, 0.020448646097883508, 0.14544001316946198], [0.05488986617372171, 0.9376759900403117, 0.003209225953577362, 0.00422491783238911], [0.0013301291377128355, 0.03464140293866914, 0.7659250524505163, 0.1981034154731017], [0.2717734659926081, 0.18563791535610158, 0.3221100715885927, 0.22047854706269765], [0.8621761408811133, 0.014842648592615191, 0.011706087585565511, 0.11127512294070609], [0.14774624454787388, 0.036748478974170065, 0.2866830399990794, 0.5288222364788767], [0.018118190355171607, 0.5387112362869803, 0.02376697414195793, 0.41940359921589027], [0.13586007593531862, 0.04325435510585528, 0.2479056367947913, 0.5729799321640349], [0.05337226470697282, 0.47407858795237917, 0.09175874533416395, 0.38079040200648406], [0.05137531968424794, 0.027359372818005157, 0.7282360004323106, 0.1930293070654364], [0.045763486060794195, 0.7687871867085352, 0.12852325071722454, 0.05692607651344611], [0.0788057325524327, 0.010953881589579044, 0.8494350068642148, 0.06080537899377332], [0.46783704329519915, 0.23682490974980455, 0.047443007056778314, 0.24789503989821815], [0.76046084055964, 0.033043207676881695, 0.02340606997090216, 0.1830898817925759], [0.037743101670718905, 0.5372810752197126, 0.3978687953252866, 0.02710702778428198], [0.3669696903809966, 0.06340722824673906, 0.01314248827587363, 0.5564805930963906], [0.18452563218269893, 0.5520833407231479, 0.12519308032361445, 0.13819794677053868], [0.3487855063995099, 0.2007384556396697, 0.41837069765088136, 0.03210534030993904], [0.7844152021803642, 0.06429487158476166, 0.09710007085598736, 0.05418985537888675], [0.0971473936764604, 0.7018912084782142, 0.050826055527143726, 0.1501353423181817], [0.4427399526044914, 0.31156056956982275, 0.06185563842606383, 0.18384383939962196], [0.04487472481227484, 0.6318431534672416, 0.32101251456169794, 0.0022696071587855757], [0.008333963759870094, 0.5824219877135729, 0.12817021871447548, 0.2810738298120816], [0.9087773847152136, 0.009824627437632853, 0.002585710069766025, 0.07881227777738771], [0.8863139715867855, 0.09222233760946252, 0.003326733379420879, 0.018136957424331038], [0.30766991938616833, 0.049456050395392644, 0.4583512055115256, 0.18452282470691342], [0.594008503366202, 0.1549652570067172, 0.24528390822659488, 0.00574233140048578], [0.04567347887069708, 0.014867933080081075, 0.09408528112855322, 0.8453733069206687], [0.3967983986685677, 0.4422277720316261, 0.06816406930115847, 0.09280975999864757], [0.25625828714569493, 0.2871036446224093, 0.22216724396904855, 0.23447082426284716], [0.11125788109854151, 0.048739811797472665, 0.008612232391234494, 0.8313900747127513], [0.0680772669358352, 0.09862503838255382, 0.5956351271364059, 0.23766256754520507], [0.06363938249605856, 0.08835373881668258, 0.013859067046270518, 0.8341478116409883], [0.5294711581417482, 0.4164441085607373, 0.004119891158603057, 0.049964842138911406], [0.6126018900987554, 0.03127775112386751, 0.20935430201216432, 0.14676605676521268], [0.1574613661268226, 0.18029184490938774, 0.1115616126117663, 0.5506851763520234], [0.15963019279521812, 0.026427587302593335, 0.43194298541951315, 0.3819992344826753], [0.09221757250092286, 0.25331956121759486, 0.020187470119486663, 0.6342753961619956], [0.02511615056795651, 0.7155890149310797, 0.017542985935257348, 0.24175184856570664], [0.34948845998685996, 0.01934032203560231, 0.20516652521478437, 0.4260046927627534], [0.8220832299254268, 0.014854829220188834, 0.05248289178671834, 0.11057904906766593], [0.383792741847853, 0.4628120271092684, 0.09153976550555254, 0.061855465537325995], [0.6072584847740784, 0.039898219656426016, 0.09525111042159924, 0.2575921851478963], [0.33947898683314215, 0.08059275642338805, 0.5555103760567827, 0.02441788068668715], [0.06587316552051171, 0.022966486366859006, 0.0334974636404364, 0.8776628844721928], [0.0138177864236265, 0.03593948908810715, 0.943668908247372, 0.006573816240894243], [0.6968085436028476, 0.04873239385858528, 0.03684865356092959, 0.21761040897763756], [0.4182230797634631, 0.061664733076918436, 0.2962427384698048, 0.22386944868981365], [0.42366736550669865, 0.0461641243440234, 0.2628271004071245, 0.26734140974215354], [0.6805714333992168, 0.03531223488037745, 0.08081925045820927, 0.20329708126219637], [0.8085744021257497, 0.11165152197096244, 0.054029231331227716, 0.025744844572060246], [0.06818864531106798, 0.907490964379619, 0.008121060642692586, 0.016199329666620493], [0.11943673233840184, 0.6889565094943166, 0.11986219250525317, 0.07174456566202847], [0.9025449075105658, 0.03801701546741795, 0.0055291612729748306, 0.053908915749041254], [0.5083900601011451, 0.3275715268454787, 0.007832242750508119, 0.1562061703028681], [0.5131718669178388, 0.287525072946416, 0.04264995896756643, 0.15665310116817874], [0.10873106004321768, 0.19807913152996484, 0.6442333588065653, 0.04895644962025212], [0.2017457569907496, 0.6069033527306729, 0.0309597069099083, 0.1603911833686693], [0.3867468402596612, 0.20374571961207905, 0.2758107193199917, 0.13369672080826808], [0.19372117927957153, 0.06360616359383035, 0.39062171278144336, 0.3520509443451547], [0.11002172943516673, 0.17219053857456837, 0.12042894717652432, 0.5973587848137405], [0.5561198211015026, 0.010299809210205796, 0.024482247799695826, 0.40909812188859573], [0.04844232335402478, 0.4152893935849343, 0.029351302872236074, 0.5069169801888048], [0.19406982540381607, 0.1746930549388981, 0.034734394000060086, 0.5965027256572257], [0.19294032859860016, 0.07515624885248325, 0.04427405232919933, 0.6876293702197172], [0.09292049023269158, 0.0374860440582484, 0.06277607059627287, 0.8068173951127872], [0.04164573640194652, 0.0832127655388604, 0.40436081513094674, 0.4707806829282462], [0.051872289379494035, 0.3159955766290583, 0.4960672696054985, 0.13606486438594917], [0.4170698587788738, 0.43262517381664956, 0.011001069617607457, 0.13930389778686916], [0.12074528864925703, 0.3502885803990761, 0.15790126942097643, 0.37106486153069035], [0.08488688508978037, 0.3439739175488992, 0.007328575935616542, 0.5638106214257038], [0.5378934118837824, 0.21738603777117715, 0.005995499302273731, 0.23872505104276667], [0.44827344999283175, 0.3154390674145377, 0.07001700431442275, 0.16627047827820793], [0.054673163706472024, 0.05119707324513177, 0.046997623291873895, 0.8471321397565224], [0.3187970881917789, 0.3420446131791961, 0.16017298896237267, 0.17898530966665227], [0.24294711373918912, 0.3970340648851711, 0.12873606120150985, 0.2312827601741298], [0.8468530834885089, 0.03818847701240938, 0.014633523361817915, 0.10032491613726381], [0.007646578240522282, 0.8701849855041469, 0.029694243207206844, 0.09247419304812383], [0.047292756298771096, 0.17687617731013278, 0.04453945149367741, 0.7312916148974187], [0.5001617706266587, 0.3831395461126423, 0.0784925955865115, 0.03820608767418748], [0.08391502808638247, 0.043596961258176456, 0.6994114974118898, 0.17307651324355133], [0.3256605138546529, 0.11695042343917333, 0.24231196482849537, 0.31507709787767835], [0.044154765398090545, 0.07618381355065759, 0.6854027567099189, 0.19425866434133293], [0.13793802238109018, 0.1548909585609327, 0.04166746490287934, 0.6655035541550978], [0.2697752778554499, 0.5002922469642626, 0.02593871746204809, 0.20399375771823952], [0.7500529167807115, 0.03533375762747762, 0.1281981731973366, 0.08641515239447416], [0.008140851207578348, 0.8813858706239484, 0.004351155256794697, 0.10612212291167862], [0.021921383470191663, 0.640346910739101, 0.07628408852819947, 0.26144761726250776], [0.22631940438521692, 0.2951081412857259, 0.04363463544761675, 0.43493781888144034], [0.7026739455354069, 0.14378340576403398, 0.009703313207644448, 0.14383933549291464], [0.4796247607103571, 0.1369229094117254, 0.10857082092450265, 0.2748815089534148], [0.5911103966048329, 0.2531649341585897, 0.014391953413522443, 0.14133271582305504], [0.7978304020319061, 0.10915868173558761, 0.013166119432320553, 0.07984479680018591], [0.14349692944906584, 0.5194119078423244, 0.11811500141478565, 0.2189761612938241], [0.36009573452454313, 0.1761240371861081, 0.024970259605191406, 0.4388099686841572], [0.14780639342831858, 0.5605258810169533, 0.17211143780390606, 0.11955628775082208], [0.1490485660750468, 0.6357092139886844, 0.058298408551243276, 0.15694381138502547], [0.7645116397992051, 0.19300285449123297, 0.02163808572581882, 0.020847419983743322], [0.11120870914230029, 0.0950548911830482, 0.2179910581747141, 0.5757453414999374], [0.11863989838662099, 0.2600805548508896, 0.297959801077571, 0.3233197456849184], [0.5705905706198233, 0.40009778264565454, 0.009439666432610468, 0.019871980301911746], [0.1557204508094984, 0.0034858781589578265, 0.12018440416191722, 0.7206092668696266], [0.036147596167507505, 0.15760537340838374, 0.01383143041584172, 0.7924156000082672], [0.2318052143082563, 0.0592588844183764, 0.026502010254665104, 0.6824338910187022], [0.07323406600554797, 0.570952306997313, 0.02148516147608126, 0.33432846552105777], [0.5271350941176537, 0.1786486853132009, 0.1726598462252592, 0.12155637434388614], [0.038050306784581954, 0.7189915638088169, 0.03699351485645821, 0.2059646145501428], [0.6161459839747591, 0.24137752111032504, 0.07449366808589102, 0.06798282682902483], [0.004742778109793994, 0.13442527233229, 0.045481274973056963, 0.815350674584859], [0.28740730020039407, 0.030852051903793934, 0.017242175536105155, 0.6644984723597069], [0.02115400062710241, 0.6600178439260767, 0.2933428608397438, 0.025485294607077123], [0.3768478262596136, 0.3836078173417492, 0.0532595328589415, 0.1862848235396956], [0.7743243302270647, 0.029137629312257985, 0.002886860848645447, 0.19365117961203185], [0.9399059166420869, 0.016441620634260665, 0.00828339170996195, 0.035369071013690384], [0.124272824414482, 0.7101657542486677, 0.012936867581057493, 0.15262455375579295], [0.28832875624703047, 0.03427593220991939, 0.21496253344425684, 0.4624327780987934], [0.31210655802230924, 0.46325281606827207, 0.17183223498478103, 0.05280839092463754], [0.509010211650373, 0.028448765189812486, 0.005423174319940579, 0.45711784883987394], [0.5253071081828593, 0.08591479878322947, 0.07119663890442476, 0.3175814541294865], [0.04842868923677051, 0.7018618681868223, 0.08437308256650783, 0.1653363600098995], [0.7166397090995186, 0.1418606782964382, 0.00204212225587908, 0.13945749034816432], [0.09473549635210199, 0.5665749174798963, 0.15231546396238943, 0.1863741222056123], [0.14500520435250902, 0.7851201286744515, 0.03290247986592493, 0.03697218710711465], [0.0026204646166062538, 0.9759732559360021, 0.009105174519554133, 0.01230110492783755], [0.5768702726389202, 0.297947503776145, 0.003107394221763133, 0.12207482936317161], [0.5639423668210316, 0.34966897090912935, 0.02105228803464396, 0.06533637423519512], [0.5634916096310811, 0.03583079937138491, 0.005813222718265058, 0.3948643682792691], [0.7072771410627221, 0.05440514570843417, 0.035049151648858065, 0.20326856157998577], [0.13814374129027018, 0.10379101818517447, 0.3523141206177885, 0.40575111990676677], [0.8801652521226713, 0.008035048252105971, 0.01566119208898563, 0.09613850753623723], [0.14722763925814314, 0.3832629724129167, 0.04157314272453043, 0.4279362456044097], [0.5261939567991609, 0.028363491630734268, 0.085987214960194, 0.3594553366099107], [0.025651312806642748, 0.3078554483205685, 0.46849286620651304, 0.1980003726662758], [0.040634816017862674, 0.6162350595575433, 0.23823068995267382, 0.1048994344719202], [0.029819999180338005, 0.39154391560386603, 0.4389631185730494, 0.13967296664274664], [0.48966242445750396, 0.40204588133429237, 0.022817289885920727, 0.08547440432228304], [0.5724926611461677, 0.13090339110000837, 0.006023657616917531, 0.29058029013690634], [0.2358856356503373, 0.7153910093982604, 0.009240552401629968, 0.03948280254977232], [0.07023962642581319, 0.63564423543069, 0.17136153161449189, 0.12275460652900488], [0.043842734333839284, 0.2859803425186972, 0.056322879167945476, 0.613854043979518], [0.03627677699434103, 0.8226172843957963, 0.05758901153748297, 0.08351692707237969], [0.007606958480417183, 0.06710803008305104, 0.8681313154643067, 0.05715369597222511]]}}