{"test": {"ids": ["101111620", "103113170", "105110251", "108113620", "111114321", "107114140", "98121790", "103110100", "105118230", "113118231", "104110960", "98107210", "108115570", "113117401", "108115880", "111120640", "111117120", "105112260", "101108950", "102112250", "105113170", "102111990", "99112840", "104113550", "108117360", "105114220", "102113981", "101108460", "104111620", "112117790", "111116640", "101119030", "100113370", "100109330", "111115910", "113122120", "108121410", "103118110", "106119260", "98106111", "106118520", "103109641", "110118740", "101112201", "112117571", "101109000", "102113350", "105115900", "108121351", "107112850", "113118810", "100111620", "112121430", "107112840", "102110750", "109119010", "108120260", "112121360", "100112060", "108118060", "105115380", "108121190", "111119930", "109117630", "102109850", "111120190", "107121640", "106115240", "98116090", "111120260", "102112170", "112117461", "108114040", "108119550", "108114220", "97106591", "111118910", "99109860", "110120531", "111114941", "99107560", "100109801", "105113260", "111119430", "108118291", "107113360", "110115890", "105110091", "113120280", "110117080", "105116501", "98113881", "113122180", "100117420", "113121950", "107114321", "111116290", "98108410", "101115190", "105112100", "111116010", "113120830", "110120700", "97109080", "106120290", "106121190", "109117600", "100110260", "97105580", "105119550", "110119891", "111121190", "100111270", "99105921", "98120010", "98110810", "113120070", "99108710", "112118860", "112118471", "111115770", "103117461", "97112170", "111116170", "103120290", "97118210", "97106970", "100109980", "109114220", "109121640", "103111830", "100108260", "99107660", "105115250", "105116650", "112120700", "109117080", "110116501", "106119990", "99114890", "113118511", "97113260"], "labels": [3, 3, 0, 3, 1, 2, 2, 1, 1, 3, 2, 1, 3, 3, 3, 0, 2, 3, 2, 0, 0, 2, 2, 1, 1, 3, 1, 0, 0, 3, 0, 3, 3, 0, 2, 1, 0, 2, 1, 0, 2, 1, 3, 0, 3, 1, 3, 3, 3, 1, 3, 3, 2, 1, 1, 3, 1, 3, 2, 1, 1, 1, 1, 0, 1, 3, 1, 1, 0, 3, 3, 0, 0, 1, 3, 1, 0, 2, 0, 0, 1, 0, 3, 3, 3, 0, 2, 0, 0, 1, 1, 3, 2, 2, 3, 0, 2, 1, 1, 1, 1, 3, 2, 2, 2, 2, 1, 3, 1, 1, 3, 1, 2, 1, 2, 1, 2, 2, 3, 1, 3, 0, 0, 0, 2, 2, 2, 1, 3, 0, 3, 3, 3, 2, 1, 2, 1, 3, 0, 2, 1, 1], "predicted_labels": [3, 1, 1, 1, 3, 0, 2, 3, 3, 0, 0, 0, 3, 3, 1, 1, 1, 3, 1, 1, 3, 3, 1, 0, 1, 1, 1, 0, 0, 0, 0, 0, 3, 3, 3, 0, 0, 1, 0, 1, 1, 3, 3, 0, 0, 3, 1, 1, 3, 1, 3, 1, 3, 0, 1, 1, 1, 0, 3, 3, 3, 3, 0, 0, 1, 3, 3, 0, 0, 3, 0, 0, 3, 3, 0, 0, 1, 3, 3, 0, 3, 0, 0, 1, 0, 0, 3, 1, 0, 3, 3, 1, 3, 3, 1, 3, 1, 3, 1, 0, 1, 0, 0, 3, 1, 1, 0, 0, 0, 0, 1, 0, 1, 0, 1, 1, 3, 1, 1, 1, 3, 3, 3, 1, 1, 0, 1, 0, 1, 1, 0, 3, 0, 1, 3, 3, 3, 3, 3, 1, 0, 3], "confidence_scores": [[0.24278447983196724, 0.24454263016192956, 0.22836085198774525, 0.28431203801835786], [0.1944506788030859, 0.32864574432973526, 0.17665365906166441, 0.30024991780551447], [0.28622925429740204, 0.30538526771555763, 0.17303375795983175, 0.23535172002720856], [0.22126616052252676, 0.3500232722948121, 0.1739830684563205, 0.2547274987263408], [0.26713473897057777, 0.2584767199800918, 0.1950877770629215, 0.27930076398640896], [0.2689145553641313, 0.26874250466354144, 0.19852545846308078, 0.26381748150924655], [0.28851801337230104, 0.21638314233461237, 0.2904460962101841, 0.20465274808290235], [0.2633045778474856, 0.25045478499950297, 0.19951279409508835, 0.28672784305792326], [0.2252351958946715, 0.28012778242516634, 0.15832286005229462, 0.33631416162786765], [0.26358556781641196, 0.24152276917906362, 0.23767809428449282, 0.25721356872003176], [0.29591530329080507, 0.23756351794031147, 0.21217507290889104, 0.25434610585999257], [0.27812319539869995, 0.25567358605272467, 0.21953376112163603, 0.24666945742693955], [0.26387877782614977, 0.2253032136077677, 0.24471759800360668, 0.26610041056247585], [0.27268908683659054, 0.2685480416460261, 0.15494655882921582, 0.30381631268816767], [0.2598579215270364, 0.2961399110987334, 0.1640747263790187, 0.2799274409952114], [0.253499342467008, 0.36085717808783996, 0.18837956666682712, 0.19726391277832517], [0.22137331704238314, 0.31222975893018895, 0.1795154624628419, 0.28688146156458605], [0.21859594837958124, 0.2572451289373838, 0.21955259911713995, 0.3046063235658949], [0.2187542030924963, 0.3259707230685646, 0.19291135386217648, 0.2623637199767627], [0.2711721161373043, 0.28474691376976885, 0.18105228464528364, 0.26302868544764324], [0.21158606612447464, 0.2701349789437105, 0.1346661560457715, 0.3836127988860434], [0.29599894488814105, 0.18836786747772052, 0.196818282248153, 0.31881490538598567], [0.2302990475206151, 0.31802776941276983, 0.15806304707096433, 0.2936101359956508], [0.36194520065459124, 0.24218022056851318, 0.15649397909238918, 0.23938059968450662], [0.20728474937647665, 0.29096329953981337, 0.251126083883775, 0.25062586719993507], [0.28131232349224566, 0.28402082855269334, 0.16716759254284227, 0.267499255412219], [0.27001382394246887, 0.301668598470844, 0.18677594064853376, 0.24154163693815334], [0.3089261295006664, 0.28347722002549675, 0.19313659663499494, 0.21446005383884223], [0.33246369844831436, 0.18988357708063283, 0.242576869999816, 0.2350758544712368], [0.3382694344650705, 0.2455602688630141, 0.1615244300373962, 0.25464586663451927], [0.31766275307088676, 0.28613804449499464, 0.1611156371546211, 0.2350835652794975], [0.2951482920266791, 0.24182008405026578, 0.20268875466668942, 0.2603428692563659], [0.22868009132580372, 0.2549658944503448, 0.18988154966492996, 0.32647246455892154], [0.2597097116660033, 0.25023682323889557, 0.2098880816101833, 0.2801653834849178], [0.23874966429160493, 0.26463290597452616, 0.19586194820004074, 0.30075548153382836], [0.2799436851191207, 0.2744344579838761, 0.20487189200968406, 0.24074996488731895], [0.3409512073141122, 0.2547974233073399, 0.16837875875956942, 0.2358726106189785], [0.23596219248512168, 0.2857207470813243, 0.23283384507825097, 0.24548321535530326], [0.3430653027459548, 0.254387678757532, 0.18485729504194395, 0.21768972345456924], [0.2536107022314308, 0.2664467716868697, 0.24217585999844526, 0.2377666660832543], [0.2280225917404637, 0.3313493472408504, 0.16958374968409198, 0.27104431133459406], [0.22278780217854666, 0.2561413286508344, 0.2165871341599307, 0.30448373501068837], [0.3062432268465605, 0.1905915417865053, 0.18302026941153737, 0.32014496195539693], [0.2920935564879431, 0.24207830884349488, 0.198463757851978, 0.26736437681658404], [0.3013080346705883, 0.28921331587989874, 0.14491919288486613, 0.26455945656464713], [0.22785850968791546, 0.25319807345398504, 0.20805443181933017, 0.3108889850387696], [0.20932377341922298, 0.3052528819333464, 0.21779329442191606, 0.26763005022551445], [0.2421075468281892, 0.32367987182575364, 0.18923852678024314, 0.24497405456581403], [0.22910045957983433, 0.28731077105380626, 0.17182981517879095, 0.3117589541875685], [0.22081436494688345, 0.3480788859282924, 0.17055797457256822, 0.26054877455225617], [0.21998432408496404, 0.2783995396515261, 0.16523413299510603, 0.3363820032684039], [0.2672146312920244, 0.3099457129408536, 0.1850125417574704, 0.23782711400965162], [0.2939899955792569, 0.2335471701594952, 0.14830528368366616, 0.32415755057758167], [0.31401188198948765, 0.21501215445516414, 0.235740816036468, 0.23523514751888022], [0.21617969050445274, 0.4001214811609697, 0.15953200686098717, 0.22416682147359077], [0.21263296004933163, 0.3152527197863946, 0.21961353269802208, 0.2525007874662519], [0.28231274059540473, 0.3066792673181886, 0.17129494161186412, 0.23971305047454247], [0.33149280926494207, 0.2480336883058324, 0.17893197916690312, 0.24154152326232256], [0.23978398504573817, 0.282072695522689, 0.18686692593112977, 0.291276393500443], [0.26675866092147166, 0.27417570333116403, 0.16816227294289215, 0.2909033628044721], [0.2653687376029516, 0.2712721095980522, 0.19131293109972167, 0.2720462216992745], [0.2513292333128195, 0.24368965236225276, 0.18751807487087718, 0.3174630394540508], [0.2847229140961012, 0.2601465174469401, 0.20107960619037119, 0.25405096226658774], [0.3083974833440559, 0.23172508137024256, 0.24447828610681432, 0.21539914917888703], [0.28949074170375116, 0.29711659303338794, 0.21290899303850228, 0.20048367222435876], [0.20064720064459718, 0.3080133815087765, 0.17590515796909106, 0.3154342598775353], [0.24525689861583455, 0.22584751471360653, 0.2143052224692108, 0.31459036420134817], [0.3114626177555778, 0.2892608410992372, 0.18227887121581512, 0.21699766992936986], [0.29150454043578566, 0.24752278491692947, 0.19574870921974086, 0.2652239654275442], [0.26472702310472546, 0.2673364054799368, 0.17182244237690394, 0.2961141290384338], [0.32690209458959585, 0.1754737846384945, 0.19238779874540538, 0.30523632202650425], [0.3177775630828643, 0.22424639831898355, 0.18482357041518171, 0.2731524681829705], [0.1904489974770634, 0.30981527434680123, 0.1548652876576719, 0.3448704405184634], [0.22671126648683632, 0.27145266383269306, 0.18326714903893762, 0.31856892064153297], [0.27774291947896623, 0.25740471543246785, 0.2216790056157298, 0.2431733594728362], [0.2691358106368985, 0.26632113265796203, 0.2147448952117353, 0.2497981614934042], [0.23617284200577868, 0.30504213470946245, 0.15435581542852891, 0.3044292078562302], [0.2140752796258947, 0.2817048307378758, 0.19728163483892666, 0.3069382547973029], [0.2015633230838392, 0.28886043834411823, 0.164524546663668, 0.3450516919083745], [0.291274398532228, 0.29073975977993827, 0.13811101309414633, 0.27987482859368756], [0.23268175961529586, 0.28318032340707877, 0.19984530188007305, 0.2842926150975525], [0.2843663778077527, 0.27244510022271157, 0.17519792549467994, 0.26799059647485574], [0.29972814765645395, 0.2899233159074384, 0.1676487579127481, 0.24269977852335947], [0.25483540268935667, 0.3039254083515447, 0.1740278766147433, 0.26721131234435513], [0.32584989266631276, 0.24987804407618658, 0.14902351091116092, 0.2752485523463397], [0.270425414134634, 0.2677811616883094, 0.19355659769362202, 0.26823682648343466], [0.20697403176121906, 0.2966974059400372, 0.19853452369041713, 0.2977940386083266], [0.2413399668261814, 0.31818659310499464, 0.19070290653554192, 0.24977053353328213], [0.3057393234872684, 0.2272783148042759, 0.16227674329461267, 0.3047056184138431], [0.19353555849168433, 0.22497636224364762, 0.18220345601034496, 0.399284623254323], [0.26390363621687213, 0.2715166496766613, 0.15096817219363023, 0.31361154191283647], [0.24355139024769984, 0.26634280678997024, 0.22397235956281725, 0.26613344339951284], [0.25318313608123894, 0.2820437498529259, 0.15951281606933573, 0.3052602979964994], [0.22083917380100754, 0.2638444313087863, 0.2230393806518446, 0.2922770142383617], [0.20760518912799145, 0.31481633982987217, 0.16372663809608734, 0.31385183294604896], [0.19833154468977227, 0.244395956189865, 0.16610111383228127, 0.3911713852880818], [0.2638141671779161, 0.30362352484339594, 0.17424887710734882, 0.25831343087133934], [0.25636427930208383, 0.25410256332850184, 0.16327845232092966, 0.32625470504848453], [0.19223529977918755, 0.31577983231105394, 0.20451067842012857, 0.28747418948963], [0.2913210218116691, 0.22429017250461641, 0.20350151728929278, 0.280887288394422], [0.16667087901202554, 0.3996073901899443, 0.20995082998488207, 0.22377090081314818], [0.28113984785374374, 0.27310308618298224, 0.16903918948617894, 0.27671787647709506], [0.29461797205971396, 0.29020840840837436, 0.15634993647040088, 0.2588236830615107], [0.27623776545874884, 0.27814606560737704, 0.1654025921035415, 0.2802135768303327], [0.2381450085443851, 0.329801593412324, 0.19615133916003594, 0.2359020588832551], [0.24385813064268974, 0.2846450295838687, 0.20963890340534325, 0.26185793636809834], [0.3108623362171123, 0.25481312622293195, 0.14609924851976025, 0.28822528904019573], [0.30153518208934676, 0.20203064252781583, 0.22118110898237237, 0.27525306640046526], [0.30461368004959016, 0.23819218291028682, 0.17514040424616875, 0.2820537327939542], [0.30801079405153026, 0.27678236939711864, 0.15302124885429197, 0.26218558769705913], [0.23939657468701053, 0.3122159940339202, 0.1542806195497994, 0.29410681172926967], [0.2956837366562742, 0.2940951874111436, 0.1664705896650739, 0.24375048626750856], [0.21010068277509825, 0.33193539454386894, 0.2345548230749348, 0.22340909960609803], [0.3288800105041002, 0.21089305925225926, 0.18934808699926492, 0.2708788432443757], [0.2339806578924024, 0.2940181048803547, 0.20521744445166257, 0.26678379277558034], [0.21857274896193857, 0.2918524212807341, 0.23032141389266625, 0.2592534158646611], [0.24935572022678032, 0.24108295096317253, 0.23888666080794274, 0.27067466800210443], [0.2327067383928002, 0.32654774271120496, 0.19162234924534313, 0.2491231696506523], [0.2348192604730577, 0.3346230256451055, 0.21060722996077239, 0.2199504839210644], [0.23486365709395687, 0.29983640108687337, 0.1762134505963825, 0.2890864912227871], [0.2650643864897, 0.2626909196926912, 0.181316992713509, 0.2909277011040997], [0.27448363935613573, 0.2565827790051216, 0.18389503074261115, 0.2850385508961316], [0.26933532985452824, 0.253222157577762, 0.20324578050329947, 0.27419673206441053], [0.2024266262156127, 0.350229678911856, 0.1412940991181024, 0.30604959575442875], [0.21626790818157002, 0.30080366430714556, 0.22823343749445857, 0.2546949900168259], [0.29091869785779956, 0.20786395278625033, 0.22086892125684376, 0.2803484280991066], [0.24521414396856944, 0.2708608222259651, 0.2210153811404911, 0.2629096526649747], [0.30427355323055966, 0.28281858790872727, 0.19776297411113156, 0.2151448847495815], [0.2763463254287473, 0.306300569970351, 0.1642048678531986, 0.2531482367477029], [0.24468104856513326, 0.3244273873761715, 0.16150379526868724, 0.2693877687900079], [0.3411583312407812, 0.20277812468550693, 0.1690725927412282, 0.2869909513324837], [0.27158229631261965, 0.26403064670277065, 0.1897291832337031, 0.27465787375090683], [0.3057833491679351, 0.22668729679090782, 0.17376888263082121, 0.2937604714103358], [0.3004084168998128, 0.3004315266364036, 0.18941989041898616, 0.2097401660447975], [0.24379009534745968, 0.24784710380633895, 0.2177667589761369, 0.29059604187006455], [0.2124056982224278, 0.28244732240879755, 0.21144935601372367, 0.2936976233550511], [0.2001892940366101, 0.30480755233670287, 0.18914041109024585, 0.3058627425364412], [0.2735254049157183, 0.2572055885656858, 0.16022299552505972, 0.3090460109935359], [0.24100270469896773, 0.27732387905431377, 0.16213553970454264, 0.3195378765421758], [0.1972247715219108, 0.322866402921175, 0.21908718783960038, 0.2608216377173139], [0.27978970405586784, 0.2564658499085743, 0.1846363033824503, 0.2791081426531076], [0.26555889617726736, 0.24501310979935925, 0.21727118944351376, 0.27215680457985975]]}, "rewritten": {"ids": ["97105580", "97106591", "97106970", "97109080", "97112170", "97113260", "97118210", "98106111", "98107210", "98108410", "98110810", "98113881", "98116090", "98120010", "98121790", "99105921", "99107560", "99107660", "99108710", "99109860", "99112840", "99114890", "100108260", "100109330", "100109801", "100109980", "100110260", "100111270", "100111620", "100112060", "100113370", "100117420", "101108460", "101108950", "101109000", "101111620", "101112201", "101115190", "101119030", "102109850", "102110750", "102111990", "102112170", "102112250", "102113350", "102113981", "103109641", "103110100", "103111830", "103113170", "103117461", "103118110", "103120290", "104110960", "104111620", "104113550", "105110091", "105110251", "105112100", "105112260", "105113170", "105113260", "105114220", "105115250", "105115380", "105115900", "105116501", "105116650", "105118230", "105119550", "106115240", "106118520", "106119260", "106119990", "106120290", "106121190", "107112840", "107112850", "107113360", "107114140", "107114321", "107121640", "108113620", "108114040", "108114220", "108115570", "108115880", "108117360", "108118060", "108118291", "108119550", "108120260", "108121190", "108121351", "108121410", "109114220", "109117080", "109117600", "109117630", "109119010", "109121640", "110115890", "110116501", "110117080", "110118740", "110119891", "110120531", "110120700", "111114321", "111114941", "111115770", "111115910", "111116010", "111116170", "111116290", "111116640", "111117120", "111118910", "111119430", "111119930", "111120190", "111120260", "111120640", "111121190", "112117461", "112117571", "112117790", "112118471", "112118860", "112120700", "112121360", "112121430", "113117401", "113118231", "113118511", "113118810", "113120070", "113120280", "113120830", "113121950", "113122120", "113122180"], "labels": [1, 1, 2, 2, 0, 1, 2, 0, 1, 1, 1, 3, 0, 2, 2, 1, 1, 3, 2, 2, 2, 2, 3, 0, 0, 1, 3, 2, 3, 2, 3, 2, 0, 2, 1, 3, 0, 1, 3, 1, 1, 2, 3, 0, 3, 1, 1, 1, 3, 3, 0, 2, 2, 2, 0, 1, 0, 0, 1, 3, 0, 3, 3, 2, 1, 3, 1, 1, 1, 1, 1, 2, 1, 0, 2, 2, 1, 1, 0, 2, 0, 1, 3, 0, 3, 3, 3, 1, 1, 3, 1, 1, 1, 3, 0, 3, 1, 1, 0, 3, 0, 2, 3, 1, 3, 3, 0, 2, 1, 0, 3, 2, 1, 0, 2, 0, 2, 0, 3, 1, 3, 3, 0, 1, 0, 3, 3, 1, 3, 2, 3, 2, 3, 3, 1, 3, 2, 0, 3, 3, 1, 2], "predicted_labels": [0, 0, 3, 1, 0, 0, 0, 1, 0, 3, 1, 0, 1, 1, 0, 0, 1, 0, 3, 3, 1, 1, 3, 0, 1, 3, 0, 1, 3, 1, 3, 3, 1, 1, 3, 1, 3, 1, 0, 1, 1, 0, 0, 3, 1, 1, 3, 1, 0, 1, 3, 1, 1, 0, 0, 0, 3, 0, 0, 1, 3, 1, 0, 0, 0, 1, 3, 1, 3, 1, 0, 0, 0, 1, 1, 1, 0, 1, 0, 1, 3, 0, 1, 3, 0, 0, 3, 3, 3, 0, 1, 3, 3, 1, 0, 0, 3, 0, 0, 1, 0, 3, 3, 3, 0, 3, 3, 1, 1, 3, 1, 3, 1, 1, 3, 0, 1, 3, 1, 0, 1, 3, 1, 0, 1, 0, 3, 1, 0, 1, 0, 3, 3, 3, 1, 3, 3, 3, 1, 1, 0, 1], "confidence_scores": [[0.297558362729355, 0.23788292148982154, 0.19146054132129753, 0.2730981744595257], [0.3015334326518829, 0.22615960091841383, 0.20925306570256924, 0.263053900727134], [0.24370800411324825, 0.2860519959977281, 0.16630905853832384, 0.3039309413506999], [0.2602357141084935, 0.31788338875528693, 0.1873168163690794, 0.23456408076714005], [0.2989925922992089, 0.24664811535478046, 0.21079093189198478, 0.24356836045402608], [0.26786999852451693, 0.24050057135864708, 0.23745813091042872, 0.2541712992064075], [0.3044928265695798, 0.23511552197244406, 0.21903164998666733, 0.241360001471309], [0.24099449546731053, 0.2669380491347351, 0.24071991326450382, 0.25134754213345084], [0.31191817604841365, 0.26814405714963735, 0.17747148866423917, 0.24246627813770985], [0.2572188135174043, 0.27137527775355424, 0.1663764772723726, 0.305029431456669], [0.2540201852452145, 0.320357702338778, 0.18297055049213398, 0.24265156192387344], [0.31137473976988495, 0.256937858765277, 0.2304152921129712, 0.20127210935186696], [0.29355713604601935, 0.3034088623661529, 0.1955273937510683, 0.20750660783675973], [0.24616107505165274, 0.29703026756655115, 0.2369130283926609, 0.2198956289891354], [0.3459488102854556, 0.20856039795199813, 0.19546231236617545, 0.2500284793963709], [0.33656071699826534, 0.24836168638735423, 0.1552864935378035, 0.25979110307657705], [0.22888765936470712, 0.29444197630584146, 0.2288558949786763, 0.24781446935077533], [0.34882341266137745, 0.23186712211909694, 0.20394360204561182, 0.21536586317391368], [0.2627208128727366, 0.2564152672290581, 0.19255159959852658, 0.28831232029967885], [0.21960988755825395, 0.2589898571685042, 0.22183466152075187, 0.29956559375249026], [0.25324496320629, 0.28589917883411253, 0.17722600666048727, 0.28362985129911034], [0.22189480518418855, 0.29134572003261316, 0.2252599145495577, 0.26149956023364074], [0.26327812844920656, 0.25932388408712786, 0.17995080598866955, 0.2974471814749964], [0.28786363506579704, 0.27381796845510736, 0.17879142425391745, 0.25952697222517823], [0.2407778192948301, 0.2729955330869298, 0.22498667598537841, 0.26123997163286167], [0.22317324432293278, 0.24975307607856131, 0.20600116996308399, 0.3210725096354221], [0.3150915302950779, 0.19330245015310138, 0.20859763509576124, 0.28300838445605964], [0.20269932470883237, 0.33213211472187415, 0.20932562496413748, 0.25584293560515603], [0.24430765791467823, 0.23222602140810342, 0.17202504749773603, 0.3514412731794823], [0.23890079309812506, 0.2983885513320005, 0.17756680500902966, 0.2851438505608447], [0.2421867626243923, 0.2503610832737197, 0.22314858735621967, 0.28430356674566837], [0.2571973073547975, 0.27497659803117364, 0.18940169321786152, 0.2784244013961674], [0.23320763272265746, 0.31304864926601794, 0.16985239593960472, 0.28389132207172], [0.21777250922664784, 0.29973392240813945, 0.19412942866780178, 0.28836413969741104], [0.2431703216219758, 0.2378844133634071, 0.2102568044117833, 0.30868846060283395], [0.2537345542243813, 0.28300048503657754, 0.19401470284763575, 0.2692502578914055], [0.2742072054564066, 0.2680768177864734, 0.15895273148871247, 0.29876324526840753], [0.25387822080379796, 0.3160175121980486, 0.19262928323571862, 0.2374749837624349], [0.28439170792191953, 0.2666631569968368, 0.19315316560595025, 0.2557919694752935], [0.2754260028462175, 0.34970722973117013, 0.1858446163712985, 0.1890221510513138], [0.22371737275886747, 0.3378307048182719, 0.19712449918225525, 0.24132742324060555], [0.334836274767135, 0.22552598664728216, 0.16765347178334547, 0.2719842668022374], [0.33202683909468933, 0.20988363960963521, 0.18776834226050487, 0.2703211790351709], [0.2729246137846675, 0.2766862971694858, 0.15551249395466163, 0.29487659509118525], [0.20263600950475358, 0.29774173839242896, 0.22015527236114404, 0.2794669797416733], [0.2536654797565044, 0.324642563233201, 0.21895950901056133, 0.2027324479997333], [0.24438071675454903, 0.2498307201166416, 0.21535804332629052, 0.2904305198025191], [0.27775455287775913, 0.2872092880416837, 0.19759619010781293, 0.23743996897274428], [0.36538825261381613, 0.19531757876988803, 0.15858768390165848, 0.28070648471463744], [0.18788256828902167, 0.29444008153444023, 0.24817594366747753, 0.26950140650906085], [0.23322442268530139, 0.26787181787059927, 0.19155343209935324, 0.3073503273447462], [0.21903231065146475, 0.2919587708708598, 0.20146919915098732, 0.2875397193266883], [0.1962693110970595, 0.34515677525701166, 0.20784687554368808, 0.25072703810224084], [0.2986776545939783, 0.2644466290845249, 0.19071554667250024, 0.24616016964899676], [0.30876977484300744, 0.23780529469787853, 0.20017754757884693, 0.2532473828802674], [0.36296171558497137, 0.2528811505585207, 0.16857948704126105, 0.215577646815247], [0.23732175222739593, 0.27293546409268143, 0.2132900081828728, 0.27645277549704994], [0.315155242873957, 0.2696567773100352, 0.1553143494855879, 0.2598736303304197], [0.30934899429593243, 0.23637443949029988, 0.16923578396605307, 0.2850407822477149], [0.2523137096190938, 0.319318219233375, 0.16720070873589776, 0.2611673624116334], [0.2343750669570747, 0.31803813368540107, 0.12197590736147738, 0.3256108919960468], [0.2791674498696125, 0.2902207818592833, 0.1672716551496242, 0.26334011312147987], [0.29705927000437393, 0.2868505627487217, 0.16086941041980676, 0.25522075682709777], [0.31028635474127175, 0.2784701621458008, 0.17468025531814851, 0.23656322779477904], [0.28286870659758256, 0.25437386659117334, 0.19585096421059983, 0.2669064626006444], [0.21288116654264522, 0.32349142685828997, 0.22948077534623162, 0.23414663125283322], [0.28331798202555963, 0.2584785064864476, 0.1467424241316208, 0.3114610873563721], [0.26821269274494475, 0.27548534229337246, 0.19861720209777795, 0.2576847628639049], [0.21851036495415824, 0.2929593859165346, 0.16557879987649338, 0.32295144925281405], [0.28078972890338383, 0.28883064307264616, 0.14741626263411758, 0.2829633653898525], [0.3355095795058316, 0.27053888982822355, 0.15747834564860422, 0.23647318501734052], [0.2748397865119532, 0.27151948874447096, 0.20669393187086738, 0.24694679287270876], [0.3503869560378877, 0.20758487679323692, 0.1959194578263991, 0.24610870934247614], [0.21317135484339647, 0.32248770284400474, 0.18622734625218304, 0.27811359606041575], [0.24560217894380704, 0.32518119327091805, 0.20155925609380493, 0.22765737169147013], [0.20770760236881014, 0.30557911182724, 0.22320605464766174, 0.26350723115628816], [0.294798486284202, 0.28826054483756675, 0.1804566677876195, 0.23648430109061183], [0.22464826113214276, 0.33976081323647117, 0.1537089265206041, 0.28188199911078193], [0.2987545351546837, 0.2706211812622511, 0.17580362765046106, 0.25482065593260417], [0.25158830439611934, 0.2881611299143864, 0.22248277907905167, 0.23776778661044262], [0.21329672159273805, 0.2454402077858019, 0.17284505368386724, 0.36841801693759285], [0.28321271672981235, 0.23414819589996547, 0.20466022523770458, 0.27797886213251755], [0.23138434145621797, 0.32565495398349, 0.1940745648313695, 0.2488861397289227], [0.24552379638936475, 0.2738028371037494, 0.172061335854508, 0.30861203065237797], [0.2813544160950239, 0.27656310320249, 0.23735830533042115, 0.204724175372065], [0.29823612683611367, 0.26671637898068407, 0.19553917471830481, 0.23950831946489756], [0.23771039691506698, 0.2736071842730951, 0.20423555598005647, 0.28444686283178156], [0.20316164857460184, 0.24581166918089564, 0.24528013948140404, 0.30574654276309876], [0.2842156200384368, 0.24911498206667232, 0.1485089225897326, 0.31816047530515823], [0.3534102227482803, 0.2801112674946338, 0.1383238386101495, 0.22815467114693624], [0.2664704521282642, 0.28970704810038256, 0.1572733645701193, 0.2865491352012341], [0.2669133730237918, 0.27765974380335506, 0.17742433944253397, 0.27800254373031935], [0.2884749377856648, 0.2850846443514434, 0.13630136606377694, 0.2901390517991149], [0.23184836992297758, 0.31055788019064134, 0.19108686877724065, 0.26650688110914067], [0.291870519536342, 0.25668036675838635, 0.19967774788068518, 0.2517713658245866], [0.2924438878244344, 0.27950294289376115, 0.1367494002692347, 0.29130376901256955], [0.2142675098827116, 0.2845536377324601, 0.19448026361954374, 0.30669858876528466], [0.3157038103991157, 0.2788783799716017, 0.1273557076466312, 0.2780621019826515], [0.30916740396578474, 0.24536292153383177, 0.19695236195325352, 0.2485173125471302], [0.21292503088566814, 0.3025083041424401, 0.22294489850514107, 0.26162176646675084], [0.32664885027216894, 0.28629610871334055, 0.18799142839972297, 0.19906361261476768], [0.18917900111731265, 0.2732731876391433, 0.19498045849823356, 0.3425673527453105], [0.28086734721274825, 0.23952848552071554, 0.170385032147602, 0.3092191351189342], [0.22220144453674542, 0.2517868925206195, 0.17613232598041095, 0.34987933696222434], [0.3739802809839643, 0.1771831893321136, 0.17150335632788308, 0.27733317335603885], [0.22415015286848863, 0.2877027438925732, 0.172800899411649, 0.3153462038272892], [0.21500004992923594, 0.29414666109451987, 0.1573292367503448, 0.33352405222589937], [0.2588423608193079, 0.35458125783700944, 0.17313856944053735, 0.2134378119031453], [0.29656632662939447, 0.30261945391805656, 0.19923047062212698, 0.20158374883042213], [0.2729904725891059, 0.28151537632700413, 0.12824014546558316, 0.3172540056183069], [0.29188706537204895, 0.29195508057331504, 0.15632101029144554, 0.2598368437631906], [0.27870176373040434, 0.24079972316703457, 0.19330749960919083, 0.28719101349337034], [0.19085987875462085, 0.37869885368583034, 0.18384700654431335, 0.24659426101523585], [0.22262151039230704, 0.3284176247733727, 0.14865269310570345, 0.3003081717286169], [0.28121132860270776, 0.26450543817465877, 0.1696935322470116, 0.28458970097562175], [0.29288028696333884, 0.24748120434208276, 0.21306963023854272, 0.24656887845603592], [0.20525287495743372, 0.3250182141856169, 0.19681007033090014, 0.27291884052604926], [0.23618651234027435, 0.2925592076891178, 0.1627378044519377, 0.3085164755186702], [0.24814149775016237, 0.3054474703051686, 0.15906023429853533, 0.2873507976461336], [0.30062760667402, 0.27397139255464376, 0.21711218869025653, 0.20828881208107985], [0.22920223819119595, 0.30649121749318325, 0.18711770260484048, 0.2771888417107803], [0.27708741880359417, 0.2809249149720193, 0.15555499353755226, 0.2864326726868343], [0.24275216465984847, 0.32826489257949965, 0.18592051401053208, 0.24306242875011996], [0.34886299706546287, 0.24830022730654563, 0.13746162711662596, 0.26537514851136573], [0.28877799710331176, 0.28990820303484915, 0.15883776002953215, 0.26247603983230716], [0.31758244195445934, 0.3039704446586712, 0.17099609324227136, 0.2074510201445983], [0.29083637441215227, 0.2592667643832939, 0.154737826373284, 0.29515903483127004], [0.28137503522341994, 0.2977577271159979, 0.16593069705060323, 0.25493654060997917], [0.28109074932325945, 0.2682357755991582, 0.18042944508748757, 0.27024402999009484], [0.2191483360298035, 0.29759213472298546, 0.18851936915821133, 0.294740160089], [0.3270541913657117, 0.2586407109925283, 0.1943254039705716, 0.21997969367118855], [0.289545378382768, 0.22949896857115434, 0.16809462972932862, 0.3128610233167492], [0.23170567403273487, 0.3006520537772768, 0.15527551584691643, 0.31236675634307215], [0.2770454952731857, 0.2550781688710031, 0.18949855734369206, 0.2783777785121188], [0.2897177119334681, 0.2982210081747831, 0.18704863522764817, 0.22501264466410092], [0.2359939135851885, 0.24038847935779972, 0.1639380246892898, 0.35967958236772196], [0.2618195461957176, 0.2626954100327762, 0.20221544699419347, 0.2732695967773129], [0.30292715207492693, 0.23014971260818473, 0.1544946840803284, 0.31242845123656005], [0.2816821316386622, 0.29068625222379363, 0.20034557896166746, 0.2272860371758768], [0.1925092148353368, 0.32048701184761946, 0.17083918787522878, 0.316164585441815], [0.2870033848777307, 0.28173969080535843, 0.2036385747065313, 0.2276183496103795], [0.2507861551352527, 0.3096025943334257, 0.18892499919828662, 0.25068625133303507]]}}