{"test": {"ids": ["107115250", "108116070", "110120540", "108117451", "98107380", "112117210", "99109740", "100110050", "111120640", "111115780", "108116501", "111116100", "109116750", "109116170", "106112770", "103118291", "105113210", "107115140", "104111380", "99109840", "104110960", "109118231", "100120010", "112117471", "107114140", "112118620", "97109570", "98111620", "103112470", "113122190", "105116501", "106114150", "99108710", "97108520", "110115140", "99120010", "107114950", "102110750", "108118520", "107113550", "105115900", "111119580", "109120150", "101112540", "108118291", "102121440", "109115211", "111120531", "106120290", "111114121", "101112690", "108118301", "113119950", "100111080", "109113281", "100116500", "112119500", "106113360", "99109161", "99108890", "110120190", "104111830", "106119260", "102109910", "107121540", "112120290", "99117740", "109120560", "101108950", "110116170", "113118690", "106121220", "113120280", "104113240", "99107950", "100112060", "110119300", "112119950", "98120530", "112121351", "104111711", "108114360", "110120560", "110119030", "102110890", "110114610", "113118810", "112120990", "100109330", "98106111", "111117200", "113120751", "111121220", "113120601", "99108000", "107113130", "104113550", "107121230", "107118780", "108121190", "108117610", "97105760", "105111990", "106113260", "103113210", "113122160", "104113380", "102114270", "106120640", "99109141", "112119930", "97112290", "102112030", "107114321", "107114110", "105118171", "105112100", "99107560", "113119360", "107114280", "106116120", "103109021", "109114030", "112116800", "112119580", "110118450", "108115970", "106114280", "106116850", "109120540", "107114621", "108120260", "109116810", "98112170", "107120880", "100110260", "105116980", "109119460", "102121700", "104109311", "110118930", "110117200"], "labels": [2, 1, 1, 2, 1, 1, 3, 3, 0, 1, 0, 3, 0, 0, 1, 0, 3, 0, 3, 2, 2, 1, 0, 3, 2, 3, 0, 3, 1, 1, 1, 1, 2, 2, 0, 2, 3, 1, 0, 0, 3, 3, 2, 2, 3, 2, 0, 0, 2, 0, 1, 1, 0, 0, 0, 2, 2, 0, 3, 0, 3, 3, 1, 2, 2, 1, 2, 1, 2, 0, 3, 1, 0, 2, 1, 2, 1, 0, 1, 0, 1, 1, 0, 0, 0, 1, 3, 2, 0, 0, 0, 1, 3, 2, 2, 1, 1, 0, 1, 1, 3, 0, 2, 3, 3, 3, 1, 3, 3, 3, 1, 1, 2, 0, 1, 3, 1, 1, 0, 3, 1, 0, 1, 0, 3, 0, 2, 3, 3, 1, 0, 1, 3, 3, 1, 3, 0, 1, 1, 3, 1, 3], "predicted_labels": [1, 1, 3, 3, 0, 3, 3, 1, 1, 3, 1, 3, 1, 1, 3, 3, 3, 3, 3, 1, 1, 1, 3, 1, 3, 3, 0, 1, 3, 3, 3, 3, 1, 1, 3, 3, 3, 1, 3, 3, 3, 0, 3, 3, 3, 3, 3, 3, 1, 0, 3, 1, 3, 3, 1, 3, 1, 3, 0, 3, 3, 1, 3, 3, 3, 3, 0, 3, 3, 3, 1, 1, 3, 1, 3, 3, 3, 3, 3, 3, 3, 3, 3, 1, 3, 1, 3, 3, 0, 1, 3, 1, 3, 3, 1, 3, 0, 3, 3, 1, 3, 0, 3, 1, 3, 3, 3, 3, 1, 3, 1, 3, 1, 1, 0, 1, 3, 3, 3, 1, 1, 1, 3, 3, 3, 1, 3, 3, 1, 3, 0, 1, 3, 3, 3, 0, 0, 3, 1, 3, 1, 3], "confidence_scores": [[0.2436929980065631, 0.3052078682767867, 0.1725718704842219, 0.27852726323242877], [0.2067341386619827, 0.317786923454013, 0.1716392852826814, 0.30383965260132306], [0.2097016615473554, 0.27659964463226494, 0.20771529567651204, 0.3059833981438679], [0.24940144305331283, 0.2734825585343791, 0.14092668491331864, 0.33618931349898956], [0.28925107765819574, 0.21316997545032004, 0.22856814919942503, 0.2690107976920596], [0.20350009648275802, 0.2957192074574727, 0.20394796722783165, 0.296832728831938], [0.20883327326245887, 0.264405359994847, 0.20506909248282978, 0.3216922742598646], [0.18708568519528654, 0.3061555881374204, 0.23046021449787177, 0.27629851216942186], [0.2683431543121117, 0.29452629290197635, 0.18978068628908526, 0.24734986649682686], [0.24427938282200096, 0.2572889458643623, 0.22121197623281552, 0.2772196950808212], [0.2408259610470413, 0.3055218097482441, 0.15867538156885108, 0.29497684763586407], [0.244217494451214, 0.27650339019289877, 0.16715537695322666, 0.31212373840266083], [0.2316928831997853, 0.2800411856191508, 0.219958426440466, 0.2683075047405979], [0.26886302572353193, 0.30453138261493534, 0.16242945335720713, 0.2641761383043251], [0.1975405863333125, 0.28569856070341204, 0.22024783951531443, 0.29651301344796144], [0.26324747012120653, 0.2808398106873535, 0.1544477535682002, 0.3014649656232401], [0.26920667112489816, 0.23008717381444924, 0.18910695135690012, 0.3115992037037529], [0.24038359512208865, 0.24507296866290323, 0.18421952112273998, 0.3303239150922681], [0.26287121535561914, 0.2541772814417757, 0.1985672357394924, 0.284384267463113], [0.2174062494529923, 0.268828374707849, 0.24593326438466143, 0.26783211145449776], [0.21753011921387053, 0.3056390364150853, 0.1905687131761582, 0.2862621311948865], [0.24446792446681298, 0.3010551932342029, 0.17882886748801835, 0.275648014810966], [0.24236200842399824, 0.23868869143606428, 0.2026968546451605, 0.3162524454947773], [0.2355518804568884, 0.3064418649051889, 0.17997827292870602, 0.2780279817092171], [0.20280328408121856, 0.2746399322887457, 0.22967711555299522, 0.29287966807704097], [0.22294591215659737, 0.28188048507458835, 0.18154680000557533, 0.31362680276323884], [0.3155537321775017, 0.23974744582469176, 0.1855260062364416, 0.25917281576136547], [0.21513640427092964, 0.29972535770182396, 0.24676573033389973, 0.238372507693347], [0.24680308536851764, 0.2665172177121461, 0.20783932454918988, 0.2788403723701471], [0.2543893693301461, 0.2550156624452461, 0.18234791030350397, 0.30824705792110446], [0.22679939121057435, 0.2768188239198514, 0.1737938955749874, 0.3225878892945871], [0.24684357534201426, 0.2810720820053561, 0.19035140153346897, 0.281732941119161], [0.22746721219569718, 0.2845604854674311, 0.20729550964383586, 0.2806767926930361], [0.25674792343597447, 0.27856600845731383, 0.19694149013234744, 0.26774457797436446], [0.2193673869449634, 0.2368402836446371, 0.2088606664291861, 0.33493166298121363], [0.2694013196162688, 0.23143490368755057, 0.21371359902807677, 0.2854501776681039], [0.23990346280490044, 0.25388559089586377, 0.1882833296350951, 0.31792761666414104], [0.19995273885520193, 0.30430839955840916, 0.22913679032243006, 0.26660207126395935], [0.22788572815374522, 0.24157580674524506, 0.18424499221153973, 0.3462934728894705], [0.23304282737464782, 0.25318206712093544, 0.19545282335286285, 0.3183222821515542], [0.1957886885750854, 0.307889055019255, 0.1695802903024275, 0.32674196610323236], [0.324835358824818, 0.2594018385940118, 0.1784471361319885, 0.23731566644918128], [0.24066139586457236, 0.2597988786437461, 0.2019496170679167, 0.2975901084237651], [0.21670658367031367, 0.2824543029534614, 0.21015873633224486, 0.29068037704398036], [0.26885161892532655, 0.2746057055843268, 0.1614940669391974, 0.29504860855114984], [0.2577406391094073, 0.2390417887847633, 0.19584014698737656, 0.30737742511845323], [0.2144701810296697, 0.2910475363940035, 0.161399321265523, 0.33308296131080395], [0.2311589913718185, 0.2920638191539785, 0.16798352961034307, 0.30879365986386015], [0.2395372525823842, 0.28291099087484145, 0.21113084668348486, 0.2664209098592898], [0.3096080599606151, 0.26016180651124265, 0.15502935807594978, 0.2752007754521928], [0.23814441497190417, 0.26929574792194677, 0.18392890558845054, 0.3086309315176988], [0.2606704420998563, 0.27858853384986565, 0.19229259226709805, 0.26844843178318073], [0.2665602196193154, 0.22233750130757912, 0.1804707298121396, 0.33063154926096594], [0.23612758720092983, 0.27293577133836605, 0.20077938652422575, 0.2901572549364786], [0.27038990187392836, 0.2838257120639849, 0.17915404227669102, 0.2666303437853961], [0.23529095248087922, 0.26579512694467894, 0.2250285016701982, 0.27388541890424384], [0.21674131348683098, 0.3125330175954719, 0.20196320928184072, 0.268762459635857], [0.23722881576678298, 0.27565444655499766, 0.17959927958418798, 0.30751745809403164], [0.2827292028926931, 0.2803017884229203, 0.17738854115942612, 0.2595804675249608], [0.21610638927670228, 0.2811273293188522, 0.2056697990331908, 0.2970964823712551], [0.23046480804061348, 0.2765934795358691, 0.16781784380825396, 0.3251238686152636], [0.22030118042543637, 0.3253287868591532, 0.16765942259035194, 0.2867106101250584], [0.23748430966654677, 0.23117894488476584, 0.19028676963376231, 0.341049975814925], [0.24397141697002295, 0.26382083357506364, 0.2109776054958725, 0.28123014395904156], [0.19618186767593843, 0.2765554328480985, 0.23189033803086406, 0.29537236144509915], [0.22120003386581666, 0.2569733658190339, 0.19925568769084173, 0.322570912624308], [0.32691069394543326, 0.22701099037692032, 0.17822901032709357, 0.267849305350553], [0.22972197648115358, 0.2821489494228623, 0.196957130738998, 0.2911719433569864], [0.19942508439542464, 0.2696406611698896, 0.21057976259993164, 0.3203544918347547], [0.22998619099923467, 0.30326524097814844, 0.1581306947559934, 0.3086178732666238], [0.210598367897335, 0.31310923952551867, 0.16528893481072515, 0.31100345776642124], [0.20694471951296436, 0.3066110565399212, 0.21014498679261254, 0.27629923715450244], [0.2987160188763503, 0.21896044787617772, 0.1726718489811272, 0.30965168426634465], [0.21189670860847074, 0.2920639840076033, 0.2299311085855512, 0.2661081987983751], [0.19506378564834484, 0.28952853208048934, 0.2180662368057664, 0.2973414454653997], [0.2302996002823671, 0.2626441709960599, 0.19128628381703447, 0.31576994490453847], [0.23905378822911466, 0.2626103015857055, 0.1840880271647683, 0.3142478830204115], [0.2643122002514605, 0.2402264410072703, 0.18060001570904913, 0.31486134303221996], [0.24488158987707323, 0.26927772178807863, 0.18774509983643084, 0.29809558849841744], [0.2260440452168084, 0.27155834385137506, 0.2267032312684014, 0.27569437966341576], [0.22209379039909696, 0.284139935776767, 0.16674930426822251, 0.32701696955591375], [0.23181755820122138, 0.2692586574255456, 0.2169491543183046, 0.28197463005492895], [0.21347605616987125, 0.26567324367461864, 0.21461156013435964, 0.306239140021151], [0.22889483382965914, 0.30112674544753953, 0.18674047092658574, 0.28323794979621597], [0.27491362564570104, 0.23629324008242872, 0.18629985606958568, 0.3024932782022844], [0.2146396963737383, 0.2809087108338372, 0.22740703897426504, 0.27704455381815996], [0.2761429015270419, 0.27960449616211, 0.16394838504684336, 0.2803042172640051], [0.2241582904345522, 0.28702023400621934, 0.19895765313109, 0.2898638224281389], [0.3048289953528741, 0.25539714187319273, 0.1663422936015655, 0.2734315691723679], [0.23734755258904297, 0.29583445987765006, 0.23125621979724598, 0.2355617677360612], [0.2920328245123139, 0.2546388465429501, 0.14539739811163482, 0.3079309308331016], [0.2571759859197841, 0.31737590244198693, 0.14430542801704382, 0.2811426836211856], [0.2664789026523863, 0.26253070342141943, 0.17102042055307792, 0.2999699733731166], [0.20913996304213725, 0.28703884341469804, 0.2066540740829857, 0.2971671194601795], [0.21005298368784855, 0.3005011742886191, 0.2144198577883131, 0.27502598423521923], [0.20746683941871094, 0.28593070542489835, 0.2135352267368283, 0.2930672284195626], [0.3105459418642736, 0.2347784335203384, 0.17278437693962795, 0.28189124767576085], [0.22481827941451238, 0.2976149287174255, 0.1734473353132402, 0.3041194565548222], [0.2521548406940082, 0.269804989353737, 0.16698040336956513, 0.3110597665826898], [0.23609930803565576, 0.3259924241413662, 0.1884252731691112, 0.24948299465386706], [0.22433768931416695, 0.28072071664589093, 0.1663846619310349, 0.32855693210890746], [0.3004952327989969, 0.26618255205070646, 0.17031454443581961, 0.26300767071447756], [0.23334505192156685, 0.27592700640976414, 0.1970453596103406, 0.2936825820583286], [0.22115399179372744, 0.3078210477387662, 0.2036905091891169, 0.26733445127838934], [0.24205801647247244, 0.2562535222075496, 0.19781187132096573, 0.30387658999901285], [0.204888419716538, 0.2956759028484193, 0.18579947967467958, 0.3136361977603634], [0.22621283011762022, 0.28043414032183317, 0.1837247478133314, 0.30962828174721524], [0.2142030094951432, 0.2777318940934454, 0.21894989379160498, 0.28911520261980667], [0.22073325694223914, 0.3035486846585704, 0.19111733148630516, 0.2846007269128857], [0.25693150386394215, 0.26691891641637844, 0.20004443167429561, 0.2761051480453841], [0.22392999765015212, 0.26403731769431815, 0.26257249694261015, 0.24946018771292025], [0.2334576002365528, 0.2630273561681276, 0.22432330205081136, 0.2791917415445088], [0.2314853661139759, 0.2754598425755264, 0.23646483274026436, 0.2565899585702338], [0.27671580280666414, 0.289860209111475, 0.14704345636308117, 0.28638053171877986], [0.30040915997151546, 0.2496604895306224, 0.17374867698301955, 0.2761816735148431], [0.2250124660613581, 0.30337087729597784, 0.17676957305655036, 0.29484708358611406], [0.25175326742810605, 0.27474394404517166, 0.19615144191279182, 0.2773513466139307], [0.2161160504096703, 0.2934069393737107, 0.1903037431849676, 0.3001732670316518], [0.22140069974881688, 0.2617177843863634, 0.18221510510299296, 0.3346664107618272], [0.27592127288098367, 0.2773029261266438, 0.2073791714438077, 0.2393966295485651], [0.21761127776851077, 0.284319325723528, 0.21388763319713394, 0.28418176331082745], [0.24499937349064618, 0.31646000573911587, 0.18092333220618664, 0.257617288564052], [0.2719531491177592, 0.2598500380938922, 0.17512385227822302, 0.2930729605101255], [0.20380555514244075, 0.28975325332116686, 0.16873917696294133, 0.33770201457345117], [0.24042510415412321, 0.2580143484023644, 0.178915926297689, 0.32264462114582343], [0.22414063128657843, 0.29608922816339606, 0.21456449036353767, 0.26520565018648806], [0.24179637049969682, 0.2678965578445684, 0.21365036927400727, 0.27665670238172785], [0.2646244277047499, 0.2490102993571206, 0.19417446624923168, 0.2921908066888985], [0.21317633694356874, 0.2865958677253406, 0.23167772437817757, 0.2685500709529134], [0.2278627200801061, 0.27618334345901685, 0.20218046415442306, 0.29377347230645406], [0.2941838942199919, 0.2735862433609138, 0.14093029910331412, 0.2912995633157807], [0.23889275569560126, 0.324240958986087, 0.15756436343294764, 0.2793019218853643], [0.2562948729400626, 0.27442762621327055, 0.1682368600448697, 0.3010406408017972], [0.27215853055957223, 0.2207973169407472, 0.18889027026132768, 0.3181538822383529], [0.21477578999406294, 0.29900533819036, 0.17998434078655232, 0.3062345310290248], [0.3327604973185295, 0.21244767252599125, 0.18574089640590374, 0.2690509337495759], [0.29238113098086815, 0.26188574090496397, 0.16787011072936273, 0.2778630173848054], [0.2299113169548982, 0.29510844152555954, 0.17219997030590342, 0.30278027121363876], [0.23047998813301132, 0.2875925523585027, 0.19747327216583926, 0.28445418734264705], [0.2654656344999779, 0.27179107683759435, 0.16580821360575398, 0.29693507505667405], [0.20208850704715467, 0.31462104960704507, 0.18922795236032405, 0.2940624909854768], [0.22744090280969217, 0.2832721833089477, 0.17036142932193005, 0.3189254845594301]]}, "rewritten": {"ids": ["97105760", "97108520", "97109570", "97112290", "98106111", "98107380", "98111620", "98112170", "98120530", "99107560", "99107950", "99108000", "99108710", "99108890", "99109141", "99109161", "99109740", "99109840", "99117740", "99120010", "100109330", "100110050", "100110260", "100111080", "100112060", "100116500", "100120010", "101108950", "101112540", "101112690", "102109910", "102110750", "102110890", "102112030", "102114270", "102121440", "102121700", "103109021", "103112470", "103113210", "103118291", "104109311", "104110960", "104111380", "104111711", "104111830", "104113240", "104113380", "104113550", "105111990", "105112100", "105113210", "105115900", "105116501", "105116980", "105118171", "106112770", "106113260", "106113360", "106114150", "106114280", "106116120", "106116850", "106119260", "106120290", "106120640", "106121220", "107113130", "107113550", "107114110", "107114140", "107114280", "107114321", "107114621", "107114950", "107115140", "107115250", "107118780", "107120880", "107121230", "107121540", "108114360", "108115970", "108116070", "108116501", "108117451", "108117610", "108118291", "108118301", "108118520", "108120260", "108121190", "109113281", "109114030", "109115211", "109116170", "109116750", "109116810", "109118231", "109119460", "109120150", "109120540", "109120560", "110114610", "110115140", "110116170", "110117200", "110118450", "110118930", "110119030", "110119300", "110120190", "110120540", "110120560", "111114121", "111115780", "111116100", "111117200", "111119580", "111120531", "111120640", "111121220", "112116800", "112117210", "112117471", "112118620", "112119500", "112119580", "112119930", "112119950", "112120290", "112120990", "112121351", "113118690", "113118810", "113119360", "113119950", "113120280", "113120601", "113120751", "113122160", "113122190"], "labels": [0, 2, 0, 1, 0, 1, 3, 3, 1, 1, 1, 2, 2, 0, 3, 3, 3, 2, 2, 2, 0, 3, 3, 0, 2, 2, 0, 2, 2, 1, 2, 1, 0, 2, 3, 2, 1, 0, 1, 3, 0, 3, 2, 3, 1, 3, 2, 1, 1, 2, 1, 3, 3, 1, 0, 3, 1, 3, 0, 1, 3, 1, 3, 1, 2, 3, 1, 1, 0, 1, 2, 3, 0, 0, 3, 0, 2, 1, 1, 0, 2, 1, 2, 1, 0, 2, 3, 3, 1, 0, 1, 1, 0, 1, 0, 0, 0, 3, 1, 1, 2, 1, 1, 1, 0, 0, 3, 0, 1, 0, 1, 3, 1, 0, 0, 1, 3, 0, 3, 0, 0, 3, 0, 1, 3, 3, 2, 3, 1, 0, 1, 2, 0, 3, 3, 0, 0, 0, 2, 1, 3, 1], "predicted_labels": [3, 3, 3, 3, 1, 0, 1, 3, 3, 1, 3, 1, 1, 1, 0, 0, 3, 1, 3, 3, 3, 1, 0, 3, 3, 3, 3, 3, 1, 3, 3, 1, 3, 1, 1, 3, 3, 1, 3, 1, 3, 0, 3, 3, 3, 1, 1, 3, 3, 3, 3, 3, 1, 3, 3, 0, 1, 1, 0, 0, 3, 1, 1, 3, 3, 1, 1, 3, 3, 0, 3, 1, 0, 0, 0, 3, 1, 3, 3, 1, 3, 3, 3, 1, 0, 1, 3, 0, 1, 3, 1, 1, 0, 0, 1, 3, 3, 3, 1, 3, 3, 1, 3, 1, 3, 1, 3, 1, 1, 1, 3, 3, 1, 0, 0, 3, 3, 3, 0, 3, 1, 3, 1, 3, 0, 1, 1, 3, 1, 3, 3, 1, 1, 1, 3, 3, 3, 3, 1, 0, 1, 3], "confidence_scores": [[0.25850331989828396, 0.28505617873728006, 0.17082813790204088, 0.285612363462396], [0.2532629625139007, 0.26938308343788914, 0.19384899033395253, 0.28350496371425793], [0.2691096824743087, 0.2205257439289994, 0.22499333870421706, 0.2853712348924749], [0.260788161216566, 0.2620333055032623, 0.21280615400214442, 0.26437237927802754], [0.2529991805727673, 0.27475982630431434, 0.2256282829725094, 0.24661271015040956], [0.30558579015842136, 0.2110039619830815, 0.2374865294224864, 0.24592371843601102], [0.21456126743335913, 0.28539053365007266, 0.25088237630267607, 0.24916582261389253], [0.2870416966356832, 0.23265269576001607, 0.17928469466615038, 0.30102091293815086], [0.2452588498870453, 0.23892538833187366, 0.2044130776272647, 0.31140268415381667], [0.2254370643236191, 0.3180674297541268, 0.20109598503405418, 0.2553995208882004], [0.18666488370552328, 0.2763724815695603, 0.2519147712984948, 0.285047863426422], [0.24820515309844798, 0.3014069153345759, 0.20115376007401276, 0.24923417149296326], [0.23765419587177403, 0.2807958764681116, 0.21497079410702946, 0.2665791335530854], [0.22293922319082374, 0.2973993068691512, 0.24310342333463694, 0.23655804660538823], [0.3238531505042666, 0.26704490272084946, 0.1583395582475542, 0.2507623885273303], [0.29796465250727433, 0.2750818345021117, 0.18166228348490826, 0.24529122950570584], [0.20482981642436326, 0.28493133448065494, 0.21696335853992899, 0.2932754905550533], [0.1920825459217626, 0.281419798331339, 0.25274385727415827, 0.27375379847274073], [0.2788513646619641, 0.25554504608765405, 0.1830381141872927, 0.28256547506308966], [0.24775762244173807, 0.2503019600416823, 0.22284545681997395, 0.27909496069660583], [0.25006663083665104, 0.2595158966661016, 0.21539772312019287, 0.27501974937705503], [0.22398190194467466, 0.2684111045469354, 0.2531594373811599, 0.25444755612723063], [0.3000828649561284, 0.23252425194618345, 0.19603031551022312, 0.27136256758746535], [0.24000702182580227, 0.25758065970013816, 0.2056193827879761, 0.2967929356860836], [0.23791182480624778, 0.2621753095468835, 0.20236517388562317, 0.2975476917612458], [0.2310175724299308, 0.2709539422267558, 0.21340781475989148, 0.28462067058342216], [0.22775463436442475, 0.2701937531750162, 0.22497929360696747, 0.2770723188535921], [0.20817430497638464, 0.2963352581652731, 0.1960721108253984, 0.2994183260329444], [0.23968341923126965, 0.2871322384472213, 0.18608011888443413, 0.28710422343707526], [0.24400501471584854, 0.2695589492519667, 0.17555285956052866, 0.31088317647165603], [0.2636385126562447, 0.2523929932918103, 0.21051561788594042, 0.2734528761660051], [0.20882116758376007, 0.26685975515067456, 0.263313951163266, 0.2610051261023], [0.2685855675143627, 0.24175235151712574, 0.17735834060885244, 0.3123037403596593], [0.25042297616702386, 0.26990437837865816, 0.2233527648686805, 0.2563198805856381], [0.21074695422087306, 0.30125015984182735, 0.20964100678643657, 0.2783618791508633], [0.27339621427231475, 0.23289592378591617, 0.20033130592086734, 0.2933765560209019], [0.25158422851555107, 0.2657535595021593, 0.19143604065773315, 0.29122617132455664], [0.2800370889668073, 0.2964526044466707, 0.19365581672481202, 0.22985448986171023], [0.22126816056331364, 0.28125657212606114, 0.2088928021147885, 0.2885824651958369], [0.2370650127364253, 0.3052545012517016, 0.21212373489148498, 0.24555675112038824], [0.25485090170862074, 0.2634277610933532, 0.19677480921961973, 0.28494652797840686], [0.29513951966695484, 0.2695455533123641, 0.15880924352304654, 0.2765056834976346], [0.2350418527220998, 0.27220412345267136, 0.20732206280882037, 0.28543196101640866], [0.24626868667840474, 0.25729103463765757, 0.20303825368764455, 0.2934020249962935], [0.271213390436181, 0.2777557186483945, 0.1716188048105146, 0.2794120861049101], [0.2225856784112787, 0.3052512689079382, 0.20512441891062116, 0.2670386337701624], [0.2348083365441093, 0.3112600529237991, 0.22313882416694603, 0.23079278636514572], [0.22848244860873962, 0.27495037170734005, 0.21325645487026257, 0.28331072481365827], [0.2713250618242947, 0.24875982779896422, 0.1737865177496553, 0.30612859262708647], [0.2409872703177004, 0.27121663318707906, 0.20956406361761584, 0.27823203287760506], [0.2758100373025083, 0.26982779709322957, 0.17221569646867219, 0.28214646913559], [0.2596994095420679, 0.23720764723204724, 0.2176251168345377, 0.2854678263913475], [0.25525205727048617, 0.2785126509990253, 0.19646391827526846, 0.26977137345522045], [0.23932521082729744, 0.2762990451094904, 0.18902917028678362, 0.2953465737764287], [0.26444338091032316, 0.26655540782356696, 0.17378652210797466, 0.29521468915813553], [0.3213576743189579, 0.27377962038914094, 0.18513711358632112, 0.21972559170558015], [0.2309448448572916, 0.2762041633027056, 0.2308465219893245, 0.26200446985067893], [0.227256585499596, 0.31683045264391585, 0.21114552657158442, 0.24476743528490397], [0.28600521285869585, 0.2656062376831912, 0.19631921795898913, 0.2520693314991246], [0.30408518931750184, 0.22994195755709468, 0.22023770922770863, 0.2457351438976948], [0.2661093994644487, 0.243604588387032, 0.20755345633542377, 0.2827325558130958], [0.23639318617793725, 0.2817985525551699, 0.23360089186301727, 0.24820736940387597], [0.21611716838004436, 0.2801862529533362, 0.24524370152180458, 0.2584528771448149], [0.25502039337674326, 0.22784872698824896, 0.1849199311127841, 0.3322109485222237], [0.2567730203248705, 0.2756191400462836, 0.18741916954679785, 0.2801886700820483], [0.24688009721016094, 0.28522108272182417, 0.20752807180485913, 0.2603707482631558], [0.2284939851117246, 0.28170523657359586, 0.2236028195249703, 0.2661979587897095], [0.22073943413684396, 0.2610290980535453, 0.24663430496321156, 0.27159716284639945], [0.2632347936097366, 0.24769036552917667, 0.19173169196930642, 0.2973431488917808], [0.310465301701153, 0.25705018357757903, 0.1637775636726137, 0.26870695104865466], [0.23138208472224833, 0.2578613096037852, 0.24433893350183228, 0.2664176721721343], [0.25789693073370473, 0.269013506085781, 0.2077899406738083, 0.2652996225067061], [0.3014829418769637, 0.28233360418578657, 0.1617736038731688, 0.254409850064081], [0.3325653944244802, 0.2521688704605595, 0.14325183692838767, 0.2720138981865735], [0.2912059248918813, 0.21658877912417615, 0.20178734477928909, 0.2904179512046539], [0.25812035223152957, 0.2433060825011304, 0.1671173144259392, 0.3314562508414007], [0.23597797143285512, 0.29778074925645603, 0.20683840472722628, 0.25940287458346284], [0.23162696254885687, 0.28646544775610255, 0.17342875484688375, 0.308478834848157], [0.23415990895705716, 0.28444252059171765, 0.1946833497763402, 0.28671422067488556], [0.2441332397285611, 0.3127229469828879, 0.1795777262764565, 0.26356608701209444], [0.25233393669939175, 0.24828447978840118, 0.20872808402641088, 0.2906534994857963], [0.27346590702573126, 0.2399423558151231, 0.20480663629271773, 0.28178510086642816], [0.2503184883180054, 0.25616661313120354, 0.20317730347022264, 0.29033759508056856], [0.25664223691023164, 0.30589636691584937, 0.19303555034314926, 0.24442584583077007], [0.30315236459170275, 0.270227118965569, 0.19532194616703974, 0.2312985702756889], [0.27770440326418644, 0.28350944248115056, 0.17869712646502825, 0.26008902778963516], [0.21899020427696933, 0.2933039958298626, 0.1913211798389446, 0.2963846200542235], [0.3182536045587312, 0.27312557026216217, 0.16252243892279764, 0.24609838625630961], [0.2298246433337852, 0.30573933981425044, 0.1732847041729699, 0.2911513126789952], [0.23807851292694063, 0.23337563912089154, 0.1985162385233181, 0.3300296094288503], [0.22134602743474477, 0.3316755727456384, 0.18190890977796145, 0.2650694900416556], [0.23902043891423158, 0.28932230039970536, 0.18715257278062278, 0.28450468790544065], [0.333925713873858, 0.24408667919288876, 0.17470386493420365, 0.24728374199904954], [0.3029876351440892, 0.24097812615546935, 0.19573348271081836, 0.2603007559896232], [0.21716764716918877, 0.32238174839661166, 0.15810498499138737, 0.3023456194428123], [0.2567971511217625, 0.27523243448456547, 0.1795385362523517, 0.28843187814132054], [0.2483139813964207, 0.2439998903761603, 0.20284628180915046, 0.30483984641826883], [0.2559116171963344, 0.28061917930961505, 0.16576281608354976, 0.29770638741050076], [0.24854142283788205, 0.3062236814251764, 0.17490152454571914, 0.2703333711912227], [0.24358870106954053, 0.27646992598831993, 0.19487184282684325, 0.2850695301152965], [0.2532033965414294, 0.2552003964628319, 0.19887877491603806, 0.2927174320797006], [0.2385634489483562, 0.28998379160450244, 0.20154030118637042, 0.2699124582607711], [0.23614115976153938, 0.2582732402764328, 0.2097770313423423, 0.2958085686196857], [0.24439661813852315, 0.3034805870659989, 0.20109036216236828, 0.25103243263310987], [0.21326838285326366, 0.2315445373329219, 0.21826363371603902, 0.3369234460977757], [0.21949071876508905, 0.33948230284258657, 0.16384094991628093, 0.2771860284760439], [0.23340574280337165, 0.29378348414242594, 0.15502971301412957, 0.317781060040073], [0.23404614141639296, 0.2912282209595938, 0.22011132292743066, 0.25461431469658286], [0.2114780566870167, 0.32667862819620574, 0.17689160103072119, 0.28495171408605663], [0.23978385288379794, 0.29455252339472854, 0.18231555890800522, 0.28334806481346864], [0.25710894387893113, 0.26112186108766827, 0.17943098077016748, 0.3023382142632335], [0.2314689989998206, 0.2949330260737322, 0.1775688258642829, 0.29602914906216443], [0.2447141038179579, 0.2960277374627964, 0.19846343003485264, 0.26079472868439335], [0.29082751728383893, 0.25672999051810996, 0.204761691417117, 0.24768080078093446], [0.3092990947406739, 0.26916939896307845, 0.1541147102694197, 0.26741679602682844], [0.22518758895665886, 0.2580997958507445, 0.23127037743750903, 0.28544223775508787], [0.2535034143138415, 0.2687267436586399, 0.20488252316280736, 0.2728873188647117], [0.26051642015685983, 0.26152340492583726, 0.18304745032231043, 0.29491272459499285], [0.32741633515848273, 0.21717255105907024, 0.1827443096210496, 0.2726668041613973], [0.22515734804106044, 0.28134573039178173, 0.18442190063476163, 0.3090750209323963], [0.2434709080728182, 0.27786843969838554, 0.20357089118541938, 0.2750897610433771], [0.25735053163441446, 0.2766716093583008, 0.17535591809207804, 0.290621940915207], [0.2482455299866036, 0.28086131074840454, 0.19135962885356422, 0.2795335304114277], [0.22006616403297258, 0.28013166089388813, 0.21082267799205118, 0.28897949708108833], [0.3078360938763784, 0.26931617264439484, 0.1647600292106942, 0.25808770426853267], [0.23767896901761149, 0.3015789146937648, 0.2012054388103836, 0.25953667747824033], [0.21560797788393796, 0.3001541027389068, 0.21115175137347075, 0.2730861680036848], [0.2513713478346411, 0.2612992226300817, 0.18960254693724565, 0.29772688259803165], [0.2279459252718852, 0.2779929558895148, 0.24167171661107664, 0.25238940222752365], [0.27286278117179696, 0.22817314860055446, 0.20759510831184633, 0.29136896191580275], [0.2454831591345168, 0.27136126027730945, 0.20845901524233298, 0.27469656534584075], [0.23942265009902278, 0.2796260025867757, 0.22273834060128586, 0.2582130067129163], [0.24664375069985148, 0.28007409580226483, 0.20209629534777349, 0.27118585815011054], [0.2564717961332423, 0.3009428012998016, 0.16175206009610613, 0.28083334247085023], [0.21121674992857267, 0.2911701052603113, 0.20052212630520083, 0.29709101850591535], [0.22174413781881439, 0.2767015038602528, 0.1752277641972212, 0.32632659412371184], [0.2699111763058369, 0.23375122198685103, 0.2021169240847755, 0.29422067762253706], [0.29538867582187117, 0.22537808344164056, 0.1576349781689328, 0.32159826256755547], [0.23512777897222017, 0.30147470309260915, 0.2066254922044309, 0.25677202573074], [0.32321998402734864, 0.2641512381624214, 0.18647494642932208, 0.22615383138090808], [0.24940343125530648, 0.2891265807282154, 0.19904408082386768, 0.26242590719261083], [0.23123926125874095, 0.284627049002732, 0.17670912844275563, 0.3074245612957713]]}}