{"test": {"ids": ["102114270", "98106680", "100111390", "102117351", "107114490", "104110960", "100111620", "106116640", "111116750", "109119591", "110114651", "107113840", "110115890", "111119950", "109119010", "98108150", "107118490", "111115780", "106115120", "113122150", "97107821", "101119030", "111117200", "111119340", "112119610", "104116800", "108116120", "111114171", "104111620", "102109010", "110120540", "111117000", "106118820", "112120990", "108114270", "108116501", "110119030", "110114561", "99108330", "103110220", "101108080", "105117351", "107118520", "102110850", "113119480", "107119390", "99107500", "111121220", "99108520", "113117401", "106114011", "102107961", "102112301", "98113881", "105112240", "109119340", "112117431", "101111140", "97116790", "107113260", "98109090", "103111930", "109117271", "99109780", "103111620", "99108710", "97107260", "113120540", "111115620", "99108580", "101115190", "99114890", "101108121", "113119930", "104111990", "106119580", "110117200", "111117120", "106116850", "97105580", "102121700", "112117780", "106112770", "102113981", "103113260", "110114920", "97106591", "111116100", "107116300", "113122190", "108117720", "100109890", "103118110", "105115380", "112116501", "108115880", "109117080", "108116481", "109113881", "109113281", "112119450", "112118810", "98108370", "111119150", "113118231", "112118930", "103113610", "112121030", "109120150", "113122510", "110117080", "102108621", "99111620", "113121750", "106116120", "112119980", "100107920", "109119460", "97112290", "100120780", "105113440", "108118060", "102113350", "112117030", "109114030", "108119330", "112120670", "102110690", "107113550", "107114621", "109115380", "110118880", "97114170", "112118880", "111119300", "105116650", "111118810", "109114220", "106119990", "112120290", "107116340", "110118630"], "labels": [3, 1, 2, 1, 3, 2, 3, 3, 3, 0, 3, 3, 2, 0, 3, 0, 2, 1, 1, 2, 2, 3, 0, 3, 0, 1, 1, 3, 0, 1, 1, 0, 3, 2, 3, 0, 0, 0, 1, 2, 0, 0, 2, 3, 3, 2, 0, 3, 2, 3, 1, 3, 1, 3, 1, 3, 0, 2, 2, 0, 1, 3, 0, 2, 0, 2, 2, 3, 1, 0, 1, 2, 0, 1, 2, 3, 3, 2, 3, 1, 1, 0, 1, 1, 3, 3, 1, 3, 0, 1, 1, 3, 2, 1, 3, 3, 1, 0, 0, 0, 3, 3, 1, 3, 3, 1, 2, 0, 2, 2, 1, 3, 3, 0, 1, 0, 0, 1, 1, 1, 0, 1, 3, 2, 1, 0, 2, 0, 0, 0, 3, 0, 2, 1, 1, 1, 0, 3, 0, 1, 3, 1], "predicted_labels": [1, 2, 3, 3, 2, 0, 3, 3, 3, 1, 3, 1, 3, 3, 1, 3, 2, 1, 1, 2, 2, 0, 3, 1, 1, 0, 0, 0, 0, 3, 2, 3, 3, 0, 0, 3, 3, 1, 1, 1, 1, 3, 1, 0, 0, 1, 2, 0, 2, 0, 1, 2, 3, 1, 1, 3, 3, 0, 2, 0, 1, 0, 3, 1, 0, 1, 2, 0, 0, 2, 1, 3, 3, 1, 2, 2, 0, 1, 3, 0, 0, 0, 3, 1, 1, 1, 1, 1, 3, 2, 3, 2, 3, 1, 1, 1, 1, 3, 1, 3, 3, 1, 2, 3, 1, 0, 0, 0, 2, 1, 3, 3, 3, 0, 1, 3, 3, 3, 0, 3, 0, 0, 3, 0, 3, 0, 1, 3, 0, 3, 0, 3, 3, 0, 3, 3, 3, 0, 1, 1, 3, 1], "confidence_scores": [[0.024135827387453075, 0.9756023935939282, 0.00026144166628242036, 3.373523363258812e-07], [0.005823037858561171, 0.11537501648456303, 0.6379338677888896, 0.24086807786798617], [0.00038081310288922245, 0.054344225838989804, 0.03538994165940695, 0.9098850193987139], [2.1472761058737434e-05, 3.6075431785930316e-05, 2.2715587878129777e-08, 0.9999424290915675], [0.0005411275197025215, 0.20069015080981195, 0.4902167198932009, 0.30855200177728453], [0.8706913460857165, 0.11857444422275547, 0.010711047530205554, 2.3162161322370856e-05], [0.0037162557785722556, 0.0010687724613646136, 0.4740234467635884, 0.5211915249964747], [0.4240173467296227, 5.995647910925125e-08, 0.04043138716351043, 0.5355512061503878], [0.014069673394107527, 0.00038705069435546023, 0.015215733079541322, 0.9703275428319956], [0.001642145187079999, 0.9963236443300765, 0.0004681938553524332, 0.0015660166274911293], [0.0018005130138312006, 0.3799212383591847, 0.00032230397236790686, 0.6179559446546161], [0.3053513236816714, 0.6171726605892572, 0.03771308443273959, 0.03976293129633188], [0.061012292000886335, 0.024552900505085188, 0.10443492231206147, 0.8099998851819671], [0.19375100601791506, 0.00010450566678096604, 0.017863794199759826, 0.7882806941155442], [0.0013010298103814163, 0.9156345207663174, 0.0011840559221744757, 0.08188039350112669], [0.0029546911148773287, 0.3458687639183772, 9.203543141169276e-05, 0.6510845095353338], [0.06682965342155765, 0.26271644755336304, 0.666334274321153, 0.0041196247039263015], [0.08132688000224102, 0.7984880169301934, 0.07890813896726584, 0.04127696410029986], [0.01216862081423018, 0.9878191691023739, 4.790611281271446e-06, 7.419472114399098e-06], [0.07571645094412159, 0.11343132491563336, 0.7458778947376915, 0.06497432940255349], [0.4550292747142806, 0.017760869782443, 0.4716753930468698, 0.055534462456406704], [0.8276589997302148, 0.16670394001809674, 0.00023460554216166163, 0.005402454709526964], [0.001201620112688433, 0.0737383177056847, 1.2730695244534707e-05, 0.9250473314863823], [0.025770079224192992, 0.7600084938825158, 1.8174759962612807e-05, 0.2142032521333285], [6.960920183104391e-07, 0.9912413196747393, 0.001375937316643536, 0.007382046916598985], [0.722519621670144, 0.004536041226154185, 0.019149912546798507, 0.25379442455690326], [0.9930547147264643, 4.620254533237925e-05, 0.006239086169809175, 0.0006599965583942314], [0.9970538333123599, 1.1435968800327111e-05, 2.288209291099152e-09, 0.00293472843063044], [0.5788178599766216, 0.20897435890710714, 0.00010936632858298546, 0.21209841478768826], [0.3278073201865104, 0.019897289695049943, 0.00043216315888677597, 0.6518632269595529], [0.11799149978468905, 0.10868098545507301, 0.7691372885258531, 0.004190226234384745], [0.022948686202685795, 0.04645088338205948, 0.0006994807967896945, 0.929900949618465], [0.3795202136353079, 0.03255241756163668, 1.1871982308390024e-05, 0.5879154968207471], [0.980290519416441, 0.01911046043775495, 4.559139267262288e-05, 0.0005534287531315299], [0.6403063013173909, 0.29147213426455315, 0.06307507423555765, 0.005146490182498182], [0.01783009093507883, 0.04871054404944456, 0.005589311014860038, 0.9278700540006166], [0.006184259577897507, 0.026115858565297308, 5.000603257545387e-06, 0.9676948812535475], [0.17340635479853533, 0.7945893275830647, 0.031664289628518194, 0.0003400279898817759], [0.39034851693678546, 0.5849792792218662, 0.005844907981808529, 0.018827295859539777], [0.023326543627401112, 0.8729633612311738, 0.028807494442005355, 0.07490260069941969], [0.10553942008018682, 0.5802838030380355, 0.04392950990427246, 0.27024726697750506], [0.02684512198599835, 0.32237544386129025, 0.00849024608733921, 0.6422891880653722], [0.030148925924888936, 0.856195921913447, 0.086780970552467, 0.02687418160919719], [0.4957619785678608, 0.055167060878614865, 0.3123705587986363, 0.13670040175488796], [0.9998994875702214, 1.8597309180762132e-06, 8.987722044582719e-09, 9.86437111383369e-05], [0.14066988684615578, 0.8144327876680155, 0.039467239148742006, 0.005430086337086799], [0.0012764285144376453, 0.0006413111291179817, 0.7042208900873987, 0.2938613702690456], [0.7375268414705692, 0.0011295548998338553, 0.0012561108650559444, 0.26008749276454113], [0.008388117979315227, 0.29600807164011433, 0.6955016260695464, 0.00010218431102416933], [0.5290783852790262, 0.4702665316336263, 0.0002754135280871662, 0.00037966955926027195], [0.006618636750562075, 0.9914868301477238, 0.0005247402178309021, 0.0013697928838833444], [0.0595685842328388, 0.0649011423257638, 0.8721993242461207, 0.0033309491952765525], [0.004463109287260123, 0.05468751935903279, 0.04375913555218619, 0.897090235801521], [0.031820431496965354, 0.967823570224779, 0.00012992636436749114, 0.00022607191388824904], [0.03875409626849234, 0.9525358160449873, 0.0015705519627064919, 0.00713953572381399], [0.02635010499192861, 0.001251982680208153, 0.020807369449308832, 0.9515905428785545], [0.06231877791051813, 7.156350408008757e-05, 7.272704315952577e-05, 0.9375369315422423], [0.8880993317741299, 0.024876268232373103, 0.014690325659681031, 0.0723340743338158], [0.0019821401505653227, 0.006822221646895587, 0.8010143009501965, 0.19018133725234254], [0.38260681547573683, 0.23809502969329727, 0.00792608802826572, 0.3713720668027003], [0.00023073882563522227, 0.5344521345075031, 0.11124974939593567, 0.354067377270926], [0.8320192257640373, 0.15525611969972533, 0.011196248654518591, 0.0015284058817186057], [0.06657540168495055, 1.7190013333659487e-05, 1.350545192513695e-05, 0.9333939028497906], [0.004577713608762319, 0.8282689199581842, 0.022203282157522028, 0.14495008427553127], [0.9968128276275204, 0.002642805804755531, 0.0005207853782407434, 2.358118948335459e-05], [0.0003389129278889043, 0.9551519228746299, 0.0006407854961410481, 0.043868378701340194], [8.26014274183333e-05, 2.5247538823160905e-05, 0.9964424349793639, 0.003449716054394586], [0.992843572917676, 0.006918087568364879, 0.00014032779485605883, 9.80117191030956e-05], [0.7870593933326386, 0.03254366315965308, 0.0025759963938988806, 0.17782094711380927], [0.11875095589517394, 0.11870078805165582, 0.7623930986282939, 0.00015515742487630816], [0.1781588423300142, 0.6510699219089142, 0.01335790364078255, 0.15741333212028905], [1.5554219041020467e-05, 0.3079200123205149, 0.10855355894079433, 0.5835108745196498], [8.37866565047706e-06, 1.0631022868366953e-05, 0.00015576094555933793, 0.9998252293659218], [0.02990506839183277, 0.9684167149590039, 0.0016598476472285152, 1.836900193472726e-05], [0.068810603806312, 0.00011962871909542702, 0.9176320610146832, 0.013437706459909477], [0.0036508900961600473, 0.38205771350817497, 0.614156991970135, 0.00013440442553001609], [0.9987760425871623, 0.0009054129946530295, 8.917461009686734e-05, 0.00022936980808762372], [0.040629754257520516, 0.9552573959483662, 5.017120378860841e-05, 0.004062678590324515], [0.13715152855920673, 0.09569993237268493, 0.022536102693467706, 0.7446124363746407], [0.9170455877861752, 0.0037419334165881674, 0.07867645193083914, 0.0005360268663975614], [0.7379753801447904, 0.1842717426819656, 0.06782799196008525, 0.009924885213158739], [0.9861652140519187, 0.007492843920239877, 4.940423423178343e-05, 0.006292537793609546], [2.1613622435698603e-10, 0.03332336558436918, 0.00605236275887299, 0.9606242714406215], [0.01158757490971394, 0.935736406784617, 0.02247760153422209, 0.030198416771446964], [0.018398514585889487, 0.9513895986159318, 0.025310545858600434, 0.004901340939578158], [0.1029247739220322, 0.8754512233241121, 0.0012895784467170527, 0.020334424307138787], [0.08043955185933617, 0.6779069266862183, 0.21246092557414836, 0.02919259588029725], [0.10209522732218305, 0.8699308035879108, 4.7272286558762205e-06, 0.027969241861250136], [0.00122258943317068, 0.0009261102213294306, 0.0002528123007640994, 0.9975984880447358], [0.002737904307863134, 0.013526505962277674, 0.9794041350543268, 0.00433145467553247], [0.017491708454391658, 0.007614788609606512, 0.0034374179605206594, 0.9714560849754812], [0.020948720377165386, 0.022653991174963466, 0.681061986548427, 0.2753353018994443], [0.0004196560005683864, 0.004681007932320501, 0.1886931637166188, 0.8062061723504923], [1.2955720394310225e-05, 0.7859157681736694, 0.16772441455693998, 0.046346861548996234], [1.816254918790133e-06, 0.9221000212933069, 0.013401710158086546, 0.06449645229368782], [0.0008773623073304134, 0.5687598670246726, 0.34281515146990066, 0.08754761919809621], [1.0834188369230765e-05, 0.9681616415956328, 0.0018335536428142802, 0.0299939705731836], [0.06488691246649102, 0.0003664732907091159, 0.00014391439366584198, 0.934602699849134], [0.00021527668054724709, 0.9950426412318073, 0.00407332421658525, 0.0006687578710601128], [0.09682622208972183, 0.3590734996333077, 0.0034495635211477835, 0.5406507147558227], [0.20107860436863711, 0.002188148683717127, 0.00038071928723622413, 0.7963525276604095], [0.020358633477653872, 0.9791209790227908, 1.3823827716820012e-05, 0.0005065636718385935], [0.004680557575953229, 0.001357409067417084, 0.5541824928423582, 0.4397795405142715], [0.23190730428482345, 0.06443637120025462, 1.689516233756656e-05, 0.7036394293525844], [0.29017287364343963, 0.6285539453691726, 0.0003354379290516403, 0.08093774305833605], [0.5088959770992739, 0.007593720072272677, 0.014816437483525275, 0.46869386534492813], [0.9965232431146972, 0.002641584533630836, 9.270732636882088e-05, 0.0007424650253032354], [0.9770303700919906, 0.0005330277028500471, 0.02169490746069607, 0.0007416947444631659], [1.483768306262264e-05, 0.0007613144164622036, 0.9991448597873603, 7.898811311470705e-05], [0.21067944722779416, 0.7460336774917199, 0.04328646740258878, 4.078778971699431e-07], [0.00026960116244297726, 0.06809294474369239, 0.14935017536563092, 0.7822872787282338], [3.191241771339232e-07, 0.0003585579370735693, 1.8258927646795727e-05, 0.9996228640111025], [5.472096477225249e-05, 0.003217014431258515, 0.0001143144699368983, 0.9966139501340324], [0.9966191846754419, 0.0008810325559233321, 6.150258194214125e-05, 0.0024382801866927903], [0.006551937802658263, 0.7232580044290016, 0.037632175456702374, 0.23255788231163774], [0.14158396480651772, 0.0016475784488822738, 0.0007512771669067139, 0.8560171795776933], [0.15544785156684873, 0.09635132707993502, 0.000594072950772531, 0.7476067484024436], [0.20552111522354075, 0.17501657376922208, 0.003995200533581498, 0.6154671104736557], [0.9766085265725384, 4.404314490977289e-05, 0.0012827364819787252, 0.022064693800573174], [0.016028986853061044, 0.00016753104923882922, 0.007728236397311579, 0.9760752457003885], [0.931119196421482, 0.009605134710443615, 0.011345893397255679, 0.04792977547081872], [0.623141511962872, 0.24491073707600725, 0.11547086941662686, 0.016476881544493883], [0.0008383861787908792, 0.036086084944920646, 0.35604607714654624, 0.6070294517297422], [0.6792396128346209, 0.006148811506177258, 0.004213944795752122, 0.31039763086344974], [0.00018011860952030266, 0.00013263819680230926, 0.00018246435258819884, 0.9995047788410892], [0.9431718001818801, 0.020123360006740386, 3.877612115825254e-05, 0.036666063690221413], [7.578287603354338e-06, 0.993730719401166, 0.006253070037112727, 8.632274118125962e-06], [0.08828731859410745, 0.06290766243253533, 1.0014246665364095e-05, 0.8487950047266919], [0.9988278740032718, 0.00020695762566286984, 0.0008969319135928588, 6.823645747243883e-05], [0.0024835557998544836, 0.00931435358002034, 1.2290564900924527e-06, 0.9882008615636351], [0.6397724030240912, 0.12537225696546114, 0.006141811258627926, 0.2287135287518197], [0.0020332884569319227, 0.49463712957516415, 0.002599710095751398, 0.5007298718721526], [2.859124709664432e-07, 0.06448869514594356, 0.004825165792448243, 0.9306858531491372], [0.5210504118778319, 0.2020389715015069, 0.07537016580686345, 0.20154045081379773], [5.040500948058882e-05, 0.0015365717321576585, 0.004015391039473869, 0.994397632218888], [0.01284218338743137, 0.01271798940622653, 0.35367147068923876, 0.6207683565171034], [0.021786622943344793, 0.08311583305076876, 2.622050099169492e-06, 0.8950949219557873], [0.7550943228602403, 0.03250010574209192, 0.00015676962960910724, 0.21224880176805874], [0.0034650070967149177, 0.6577231055391906, 0.10504488041477777, 0.23376700694931657], [0.003646718019602227, 0.9922129210361503, 0.004139229439422434, 1.131504825142636e-06], [0.35904560066525243, 0.05168901922426803, 0.03828675498795946, 0.5509786251225202], [0.0966685493081405, 0.6125265627247024, 0.009527720853254606, 0.28127716711390266]]}, "rewritten": {"ids": ["97105580", "97106591", "97107260", "97107821", "97112290", "97114170", "97116790", "98106680", "98108150", "98108370", "98109090", "98113881", "99107500", "99108330", "99108520", "99108580", "99108710", "99109780", "99111620", "99114890", "100107920", "100109890", "100111390", "100111620", "100120780", "101108080", "101108121", "101111140", "101115190", "101119030", "102107961", "102108621", "102109010", "102110690", "102110850", "102112301", "102113350", "102113981", "102114270", "102117351", "102121700", "103110220", "103111620", "103111930", "103113260", "103113610", "103118110", "104110960", "104111620", "104111990", "104116800", "105112240", "105113440", "105115380", "105116650", "105117351", "106112770", "106114011", "106115120", "106116120", "106116640", "106116850", "106118820", "106119580", "106119990", "107113260", "107113550", "107113840", "107114490", "107114621", "107116300", "107116340", "107118490", "107118520", "107119390", "108114270", "108115880", "108116120", "108116481", "108116501", "108117720", "108118060", "108119330", "109113281", "109113881", "109114030", "109114220", "109115380", "109117080", "109117271", "109119010", "109119340", "109119460", "109119591", "109120150", "110114561", "110114651", "110114920", "110115890", "110117080", "110117200", "110118630", "110118880", "110119030", "110120540", "111114171", "111115620", "111115780", "111116100", "111116750", "111117000", "111117120", "111117200", "111118810", "111119150", "111119300", "111119340", "111119950", "111121220", "112116501", "112117030", "112117431", "112117780", "112118810", "112118880", "112118930", "112119450", "112119610", "112119980", "112120290", "112120670", "112120990", "112121030", "113117401", "113118231", "113119480", "113119930", "113120540", "113121750", "113122150", "113122190", "113122510"], "labels": [1, 1, 2, 2, 1, 2, 2, 1, 0, 1, 1, 3, 0, 1, 2, 0, 2, 2, 3, 2, 0, 3, 2, 3, 1, 0, 0, 2, 1, 3, 3, 3, 1, 0, 3, 1, 3, 1, 3, 1, 1, 2, 0, 3, 3, 2, 2, 2, 0, 2, 1, 1, 0, 1, 1, 0, 1, 1, 1, 1, 3, 3, 3, 3, 0, 0, 0, 3, 3, 0, 0, 3, 2, 2, 2, 3, 3, 1, 0, 0, 1, 1, 0, 0, 0, 1, 3, 3, 1, 0, 3, 3, 1, 0, 2, 0, 3, 3, 2, 1, 3, 1, 0, 0, 1, 3, 1, 1, 3, 3, 0, 2, 0, 0, 3, 1, 3, 0, 3, 3, 2, 0, 0, 3, 1, 1, 3, 0, 0, 1, 2, 2, 0, 3, 3, 3, 1, 3, 0, 2, 1, 2], "predicted_labels": [0, 2, 2, 2, 0, 1, 2, 1, 3, 3, 2, 1, 2, 1, 2, 2, 1, 1, 3, 2, 0, 2, 1, 2, 3, 1, 3, 0, 1, 0, 2, 3, 3, 3, 1, 2, 2, 1, 1, 3, 0, 1, 0, 0, 1, 0, 2, 0, 0, 0, 3, 0, 2, 1, 2, 3, 3, 1, 1, 1, 0, 0, 3, 2, 1, 3, 0, 1, 2, 3, 2, 1, 1, 1, 1, 0, 2, 0, 3, 3, 3, 0, 0, 3, 1, 3, 0, 3, 1, 3, 1, 0, 0, 1, 2, 1, 1, 1, 2, 3, 0, 3, 3, 3, 1, 0, 0, 1, 1, 3, 3, 1, 1, 3, 3, 3, 1, 0, 0, 1, 0, 3, 0, 1, 1, 0, 0, 1, 3, 1, 1, 0, 0, 0, 0, 0, 1, 0, 0, 2, 2, 1], "confidence_scores": [[0.5778949870376016, 0.00022727408280778701, 0.41516445203272145, 0.006713286846869311], [6.915024248290919e-05, 0.03961275071144352, 0.9452383337471331, 0.015079765298940506], [8.539886997909913e-06, 0.0002557921252217098, 0.9986632315246594, 0.0010724364631208242], [0.23646321338020365, 0.029367198326489614, 0.602661331020472, 0.13150825727283472], [0.7196390132988789, 0.004744371043895023, 0.14589751604807155, 0.12971909960915437], [9.610501065811803e-07, 0.5010807242717797, 0.108319496886267, 0.39059881779184663], [0.0008862733227310096, 0.0022009000339088297, 0.9951095917745881, 0.001803234868772134], [0.00048327365931559435, 0.8085527891118656, 0.18533676459296397, 0.005627172635854758], [0.00981852998209459, 0.29299759861658364, 8.570506719680001e-05, 0.6970981663341249], [0.001270522737047082, 0.010514525217619383, 0.48716706972865526, 0.5010478823166783], [6.335819921523037e-05, 0.14042156736746259, 0.635088164970859, 0.22442690946246327], [0.25122353071376285, 0.7315497160346847, 0.0023200373136495565, 0.014906715937902972], [0.0012979636046584432, 0.0002897448429844205, 0.9977112560514804, 0.0007010355008767523], [0.11410657514119418, 0.8857041950391562, 0.00010053286535639222, 8.869695429339605e-05], [0.016097948321294738, 0.43402966620433875, 0.5498381991786392, 3.418629572725243e-05], [0.248121973189191, 0.22388920433138468, 0.5278215353040878, 0.000167287175336546], [0.00024406591444280318, 0.9961237455527453, 0.00048663953974586955, 0.003145548993066047], [0.0011328048397020206, 0.98994200326451, 0.008616039347810049, 0.00030915254797790197], [0.001113671795643911, 0.10369177608106303, 0.009172155852217333, 0.8860223962710757], [6.837942244324613e-07, 0.03398950064569835, 0.9610801159446827, 0.004929699615394642], [0.6049790307318951, 0.10955346137220709, 0.024457589723730022, 0.2610099181721677], [0.015611026574851082, 0.06471731831950259, 0.8661758560528571, 0.05349579905278926], [0.08993623492363378, 0.6114952297216761, 0.24992853083603567, 0.04864000451865438], [0.40755123926614495, 0.04115172376798024, 0.550895126782588, 0.00040191018328673963], [0.011238194827894442, 0.00027180575399081576, 0.023291985478843164, 0.9651980139392716], [0.016131313129901736, 0.8610459016968386, 0.033688395168341365, 0.08913439000491848], [3.851905727686522e-05, 6.956251719849513e-05, 0.0020375164060258966, 0.9978544020194986], [0.5352223102178076, 0.151782256803213, 0.1688826613297472, 0.14411277164923206], [0.13957368781745477, 0.8239311968550451, 0.016553985462610055, 0.01994112986489014], [0.9769610168944709, 0.019976714861408798, 0.00024403418971659613, 0.0028182340544036415], [0.08481367076009373, 0.18986962349333353, 0.7245552046401775, 0.0007615011063951835], [0.019794463975487394, 4.525254329643449e-06, 0.00012247632442849898, 0.9800785344457544], [0.10561480266447695, 0.2094944259505889, 0.15189406927882484, 0.5329967021061093], [0.07445102710185557, 0.11124198654899349, 1.7694715135866307e-05, 0.814289291634015], [0.045937885215848615, 0.6613551536136103, 0.28880675234274134, 0.00390020882779976], [0.02771223865836235, 0.06722718490615395, 0.5816241805158814, 0.32343639591960227], [5.5167928028684555e-05, 0.010137129707370341, 0.716361231613843, 0.273446470750758], [0.09753784039960539, 0.8823572390103734, 0.013055211707563132, 0.007049708882458129], [0.014830971552554176, 0.9846620190042854, 0.000506948099786432, 6.134337376811692e-08], [4.5004494547442174e-05, 0.0001600625122837731, 1.7827640430227738e-07, 0.9997947547167646], [0.5588707941223789, 0.4296407379766254, 0.006373196150463514, 0.005115271750532179], [0.02238975311565466, 0.949449054087845, 0.025929058775435315, 0.0022321340210648974], [0.9816670131580241, 0.016493041558898882, 0.0018143253752724259, 2.561990780439772e-05], [0.8661664985512595, 0.11168317953787017, 0.021453534302806252, 0.0006967876080641582], [0.0012234733715461817, 0.9749791667403088, 0.022790525614673925, 0.001006834273471161], [0.9983205599468152, 0.0013729066632153068, 0.00011184008236685346, 0.0001946933076027493], [0.00248801407055676, 0.010058076799332618, 0.9343769743755967, 0.05307693475451404], [0.8403085286643296, 0.10871787852526225, 0.04659922430974312, 0.004374368500664998], [0.7006276517818741, 0.11808928160745838, 0.00020317773109100436, 0.18107988887957657], [0.9472565913230803, 0.015297005332470937, 0.03330568681876964, 0.004140716525679162], [0.07092805786493883, 0.004642956497056677, 0.01705424114831074, 0.9073747444896938], [0.8506973806285413, 0.14258352980499941, 0.003758548274661514, 0.002960541291797676], [0.12461254597217807, 0.10616125250613823, 0.5797349509074924, 0.1894912506141913], [3.766744516065764e-06, 0.9773471107115338, 0.016884208924679695, 0.0057649136192705125], [0.0018903008010529142, 0.013999379243980672, 0.876716765301873, 0.10739355465309328], [0.05675630160253595, 0.2840525848482566, 0.1884185692462575, 0.47077254430294996], [8.213620557624154e-11, 0.020398015592508673, 0.004081606041299297, 0.9755203782840559], [0.0012093124455355864, 0.9958179191878959, 0.0015523795443023471, 0.0014203888222663187], [0.04795381887415128, 0.9520072493278321, 2.25629426622767e-05, 1.6368855354488735e-05], [0.006814643092046794, 0.5821643094067691, 0.2387239545371747, 0.17229709296400933], [0.8489090719451527, 5.706169911285463e-08, 0.13425588803419938, 0.016834982958948714], [0.8675779660406042, 0.03171144942491364, 0.008461755366653407, 0.09224882916782887], [0.10716392214770423, 0.037194319940762686, 1.4071910009784327e-05, 0.8556276860015234], [0.07054347191243626, 0.4473411008984333, 0.4820373718914646, 7.805529766585939e-05], [0.000341528620283516, 0.859480424425297, 0.11607039629502691, 0.024107650659392542], [0.2504592354756072, 0.13591016658575664, 0.05044937748410826, 0.5631812204545279], [0.9958211779464289, 0.0014547327344794664, 0.0025650005894973208, 0.00015908872959451164], [0.1397910879562257, 0.7721147156491508, 0.04988114000509942, 0.03821305638952413], [0.00015644638806868458, 0.07193466420433113, 0.8705557603001816, 0.05735312910741864], [0.012606402536990127, 0.09129689736938261, 0.0011466897404250065, 0.8949500103532023], [0.06526483650583831, 0.14967385938836653, 0.6647330908373162, 0.12032821326847892], [0.3033607685872849, 0.5402249657860181, 0.0031958112814512037, 0.1532184543452459], [0.01786357315811277, 0.8333204890204489, 0.14861171076416518, 0.0002042270572734031], [0.00186753452974281, 0.7840441323678982, 0.18814247578636453, 0.025945857315994317], [0.035118642280073636, 0.9458591122539214, 0.018303587344509098, 0.0007186581214959725], [0.5720483694676711, 0.3235775247090423, 0.08848544986516613, 0.015888655958120487], [5.1826123474890516e-06, 0.28658933246300433, 0.7102758794625815, 0.003129605462066556], [0.9902956567860696, 0.004641231344550987, 0.0023477864589022106, 0.0027153254104773645], [0.0059851101944667015, 1.2691016562986875e-05, 2.937107597417951e-05, 0.9939728277129962], [0.02900466977620513, 0.11963363306931307, 0.28339399155427214, 0.5679677056002096], [0.040306519681571486, 0.037025968440327205, 0.04779722344062585, 0.8748702884374754], [0.6431598934161769, 0.3061821113263516, 0.04586252593806485, 0.004795469319406803], [0.903166347678343, 0.018670335797801654, 0.00027879556558248604, 0.07788452095827271], [0.234730432122336, 0.06402080884030631, 0.0036957341594143537, 0.6975530248779434], [0.0010698090297391496, 0.9849689736887987, 0.009789141999921704, 0.004172075281540538], [1.6294333625901272e-05, 0.00017044454057427467, 0.01803704247401136, 0.9817762186517884], [0.9243744964783789, 0.05364744544739041, 0.00016575638290407767, 0.021812301691326575], [0.041454543077963556, 0.10570595702075568, 0.00012232802057194795, 0.8527171718807088], [1.6340065016187173e-05, 0.9562612122972757, 0.01530626421737075, 0.02841618342033746], [0.42256161773981327, 0.0001702458290441946, 6.783094178268305e-06, 0.5772613533369643], [0.021601486171600768, 0.8490533645629864, 0.00707094642373641, 0.12227420284167653], [0.5308918653317414, 0.0030427785175639126, 0.009671942806305888, 0.4563934133443888], [0.450061656295105, 0.2833212244783742, 0.12066311985771618, 0.14595399936880446], [0.00015045857614896547, 0.999806121736661, 2.3025312431696556e-05, 2.0394374758581692e-05], [0.00015067815384162519, 0.0017565742794662565, 0.9979708613955376, 0.00012188617115440204], [0.03655337759644691, 0.9588530409360395, 0.004578969582035829, 1.4611885477777364e-05], [0.0005868414338160388, 0.7087306141732155, 0.0005993633471157823, 0.29008318104585257], [0.2852616289314821, 0.7053781256352186, 0.0055485751016380045, 0.003811670331661379], [0.012166448039314834, 0.02938744279771206, 0.6104077002012681, 0.348038408961705], [0.0009023291363669542, 0.36109100215108686, 0.061019809590556244, 0.57698685912199], [0.987416383489518, 0.01208221693149716, 0.00025143232402130306, 0.00024996725496340756], [0.033422824782696516, 0.09067737878194623, 0.13885346996274858, 0.7370463264726086], [0.032522036011425774, 0.458814911092806, 0.003233262655615653, 0.5054297902401526], [0.000732093185998939, 0.03433633458206645, 1.4952129695777128e-05, 0.9649166201022388], [0.0682870723758251, 0.9136755321708998, 0.01781149642936001, 0.00022589902391513834], [0.9645015177327821, 0.0014758842135736458, 2.7617116426951145e-08, 0.034022570436528045], [0.8174125068312468, 0.07571845895978196, 0.006900863730667861, 0.09996817047830332], [0.12832624500021111, 0.529274249687761, 0.2971203224144211, 0.04527918289760677], [0.22623464836451743, 0.6633942635415608, 4.499755149547679e-05, 0.11032609054242619], [0.019942486573141006, 0.0003593972827065129, 0.03867329677959695, 0.9410248193645554], [0.006679985174397475, 0.011772076421245517, 0.004294791487905176, 0.9772531469164518], [0.032508131894954564, 0.9645723865985282, 0.00018036652536231696, 0.0027391149811550855], [0.00924990504397559, 0.6372566992995456, 1.5331855929845744e-05, 0.35347806380054897], [0.051434390987740664, 0.04539587567050773, 1.8481926273149702e-06, 0.9031678851491242], [0.31873924728781206, 0.002537632753285045, 3.425039149907758e-06, 0.6787196949197529], [0.00380319634277054, 0.11486140214547784, 0.0048247049957762965, 0.8765106965159752], [0.005174148396836552, 0.9187708895924482, 2.77594006668028e-06, 0.0760521860706486], [0.7878041377034758, 0.0003655535718038118, 0.050591915017543516, 0.16123839370717677], [0.8113329954728553, 0.03889562219606713, 0.012728026150072356, 0.13704335618100522], [8.593333001874061e-05, 0.8994760615259886, 0.04233832756172677, 0.05809967758226583], [0.6310819008910223, 0.016274700157265887, 0.008187414139117324, 0.34445598481259443], [0.13576889784484167, 0.28616111076764006, 0.0015188018037636255, 0.5765511895837546], [0.9800447220365696, 0.012074013490528907, 0.0005029107829390698, 0.007378353689962436], [0.35746219306188237, 0.6394868128296629, 0.00015711824310307886, 0.0028938758653515285], [0.1857237054252624, 0.5919210258352008, 0.20037313849858188, 0.021982130240954977], [0.5197770016453476, 0.11276367560741962, 0.03306631728349846, 0.3343930054637344], [0.9880172944454853, 0.0004247119789465103, 2.6111155875251035e-05, 0.01153188241969292], [2.198247867548161e-05, 0.8077789010128879, 0.011094256481051785, 0.18110486002738477], [0.21834667334728436, 0.036278721947129576, 0.0010210156533421158, 0.7443535890522439], [0.012676036820346554, 0.9748209722404251, 0.012500384649539455, 2.6062896888407016e-06], [0.0001573407738319608, 0.9487581765014231, 0.050854390363340975, 0.0002300923614038154], [0.9587533406664168, 0.041105352749230266, 0.00012046048612989976, 2.0846098222948743e-05], [0.925865107363838, 0.07289418768521518, 0.0003087535360548121, 0.0009319514148921151], [0.700622651007033, 0.2985656149723714, 0.0007901453010069321, 2.1588719588547553e-05], [0.6108838834541065, 0.38229988642256457, 4.73216739451973e-06, 0.006811497955934489], [0.9997885009786368, 8.624704011200832e-06, 2.5023619091494822e-08, 0.00020284929373277368], [0.006276814917401184, 0.993077197888063, 0.0006428814372663951, 3.1057572694014647e-06], [0.9989618497198596, 0.0006330622868714945, 0.00037343812879842757, 3.164986447029527e-05], [0.9541021981160579, 0.04534560407577243, 0.0001142677535552466, 0.0004379300546144372], [0.15515121365677578, 0.35308141635585877, 0.41751076628623585, 0.0742566037011298], [0.044138545414881755, 0.18741799513171392, 0.7587688313121237, 0.009674628141280782], [0.09851367216606412, 0.8960623029112312, 0.005423319619499472, 7.053032051219648e-07]]}}