{"test": {"ids": ["113120830", "111119610", "113121950", "109118701", "103109641", "101110150", "101109120", "110114720", "98110710", "104114230", "108114270", "110113591", "107113550", "100108080", "113119320", "111116530", "113119480", "104113170", "102113350", "109113591", "102116500", "107113200", "106116370", "110121450", "111120260", "107114321", "108113620", "108113700", "104114740", "100113210", "105116860", "111115910", "104114410", "104113000", "97111790", "99109161", "103111110", "101108500", "109115380", "98121790", "99111440", "98113881", "105110251", "102118380", "108114670", "97106600", "100111380", "103113210", "98107340", "110113931", "113120780", "109113281", "112118820", "107114780", "109121351", "111120320", "104116980", "113120591", "111116170", "99116500", "97105580", "112116401", "111116100", "102110050", "109116750", "108117451", "102108621", "105113480", "112117780", "106116120", "111121410", "110118810", "105115250", "113120751", "98107010", "112118860", "106111321", "99111930", "112116451", "98106111", "107116501", "113120540", "100120780", "98109311", "106117770", "107113260", "105116650", "103118110", "106114880", "105119550", "112119950", "112117660", "103111540", "109119340", "99110730", "105117200", "112121010", "106120640", "110118930", "110117200", "109117600", "101117580", "109121410", "110116290", "97108520", "109117271", "106119990", "103111990", "110118880", "104117200", "98106880", "103120780", "100113370", "108119330", "113121410", "107120880", "97116500", "98112170", "112120700", "113122190", "110119300", "97112300", "97114170", "97107950", "103109791", "97107920", "99107300", "98109570", "106114011", "104114240", "112117571", "109114030", "108121410", "108117610", "108119550", "108119510", "110114610", "111119580", "111121220", "109117080", "113122510", "100120010"], "labels": [3, 2, 3, 3, 1, 1, 1, 3, 2, 2, 3, 0, 0, 0, 1, 3, 3, 3, 3, 3, 1, 0, 2, 3, 3, 0, 3, 0, 2, 0, 2, 2, 1, 1, 2, 3, 3, 3, 3, 2, 3, 3, 0, 1, 3, 3, 3, 3, 0, 1, 0, 0, 0, 2, 0, 1, 1, 0, 0, 2, 1, 0, 3, 3, 0, 2, 3, 0, 0, 1, 0, 1, 2, 1, 3, 3, 0, 1, 0, 0, 1, 3, 1, 1, 0, 0, 1, 2, 0, 1, 0, 0, 1, 3, 3, 3, 2, 3, 1, 3, 1, 3, 0, 2, 2, 0, 0, 2, 0, 3, 0, 1, 3, 0, 0, 1, 2, 3, 2, 1, 1, 2, 2, 2, 3, 0, 3, 1, 1, 0, 3, 1, 0, 3, 1, 1, 1, 3, 3, 1, 2, 0], "predicted_labels": [1, 3, 0, 1, 3, 1, 1, 1, 1, 1, 1, 0, 1, 1, 1, 3, 1, 1, 1, 1, 1, 3, 3, 3, 1, 1, 1, 3, 1, 3, 1, 3, 3, 1, 3, 1, 3, 2, 1, 1, 1, 3, 1, 1, 1, 3, 3, 3, 2, 3, 1, 0, 1, 1, 3, 3, 1, 1, 1, 3, 1, 3, 3, 1, 1, 3, 1, 1, 3, 1, 1, 3, 1, 0, 1, 1, 3, 1, 0, 1, 1, 1, 1, 1, 3, 3, 1, 0, 1, 1, 3, 3, 1, 3, 1, 1, 1, 1, 1, 1, 3, 3, 1, 3, 0, 3, 1, 3, 1, 1, 1, 1, 1, 3, 3, 1, 1, 3, 1, 1, 1, 3, 1, 3, 1, 0, 3, 0, 1, 1, 1, 0, 3, 3, 1, 1, 1, 0, 1, 1, 1, 3], "confidence_scores": [[0.21715249391131747, 0.3243928404928403, 0.18080091297591305, 0.27765375261992914], [0.24392440614940614, 0.2837351232101232, 0.17096453546453552, 0.3013759351759352], [0.29296949847538095, 0.27220440539852314, 0.1890930735930737, 0.24573302253302262], [0.24480326062826083, 0.28579254079254085, 0.19822556887556902, 0.27117862970362977], [0.2746011849261849, 0.2707464646464647, 0.17167872682872687, 0.28297362359862366], [0.1988395271395271, 0.3234306027306028, 0.17679694749694755, 0.30093292263292254], [0.23608562630180283, 0.31679231324231333, 0.17971577507459863, 0.2674062853812855], [0.2335321955821957, 0.31209135309135333, 0.20484905927405947, 0.24952739205239216], [0.1682010045510046, 0.31286928626928634, 0.2752968475968477, 0.24363286158286157], [0.20658410478410486, 0.32111471306471306, 0.15862733100233106, 0.3136738511488511], [0.2506417654241185, 0.3185814935064935, 0.18686289266289266, 0.24391384840649555], [0.2970723776223778, 0.2962645929234165, 0.130365256965257, 0.27629777248894904], [0.21850799200799204, 0.299584387834388, 0.21355100455100465, 0.2683566156066157], [0.19962182262182265, 0.3068902375402375, 0.2696936674436677, 0.22379427239427258], [0.2712595626595627, 0.3586757686757687, 0.13849023754023762, 0.2315744311244312], [0.21417723387723386, 0.28742970085470076, 0.18568681873681883, 0.3127062465312466], [0.2430332112332113, 0.3197315018315019, 0.15938474858474871, 0.27785053835053847], [0.1894913641913644, 0.3287653735153736, 0.20718544788544788, 0.2745578144078145], [0.1946046164619694, 0.29738737373737373, 0.2231507270507271, 0.2848572827499299], [0.22572001495236807, 0.3494857994946229, 0.14337330643213003, 0.28142087912087915], [0.19404411421911427, 0.3251653957153956, 0.24051250138750152, 0.24027798867798875], [0.22731727439227453, 0.286423926073926, 0.173315626040626, 0.31294317349317363], [0.27746304137039424, 0.2137286602286604, 0.1510595127095128, 0.35774878569143254], [0.26176355311355315, 0.2857576423576424, 0.14496505161505166, 0.307513752913753], [0.2605146214896216, 0.2861078421578423, 0.1698137703799469, 0.28356376597258964], [0.2793029720279722, 0.3056169849758083, 0.139020258336435, 0.2760597846597847], [0.24460317460317468, 0.3271893051393051, 0.14817945665445664, 0.2800280636030636], [0.18905348703584, 0.2895339271839273, 0.21756412476412487, 0.30384846101610813], [0.1891303196803199, 0.3148601398601398, 0.22658460428460436, 0.26942493617493624], [0.1826538794538795, 0.29578024198024194, 0.20354251304251322, 0.3180233655233656], [0.22049342324342316, 0.2812175435675436, 0.22262652902652905, 0.2756625041625042], [0.2511666405489935, 0.2870217560217563, 0.17197150072150075, 0.28984010270774974], [0.16855637303872603, 0.28032446638328995, 0.22841975051092708, 0.32269941006705705], [0.24852804417804417, 0.29887489177489196, 0.15603261183261183, 0.29656445221445216], [0.260709140859141, 0.27818239538239536, 0.16628922188922196, 0.2948192418692418], [0.2632808802308803, 0.3404984848484847, 0.15758256743256757, 0.23863806748806754], [0.17876062434297746, 0.28276728271728285, 0.254315861915862, 0.28415623102387827], [0.18845556110556114, 0.2703509462759463, 0.28438698523698536, 0.2568065073815075], [0.21031411366411376, 0.3350673104673105, 0.2140392107892109, 0.2405793650793652], [0.2054842213342214, 0.31085396825396816, 0.20312805527805536, 0.2805337551337552], [0.20138318348318357, 0.3020987123987124, 0.21973547563547577, 0.2767826284826287], [0.2596602342102343, 0.27176048396048424, 0.182301381951382, 0.2862778998779], [0.2428817701905938, 0.3169611832611833, 0.1657952139363905, 0.27436183261183256], [0.2252163836163837, 0.304957708957709, 0.19215572760572763, 0.2776701798201799], [0.21976773226773225, 0.3118454489954489, 0.1928061161061162, 0.27558070263070245], [0.23247782217782223, 0.29641813741813744, 0.1743915417915419, 0.29671249861249893], [0.2383204101454103, 0.2651876762126764, 0.2162748473748476, 0.2802170662670663], [0.19300134310134312, 0.25402222695605076, 0.2469491710903476, 0.30602725885225873], [0.20279262959262978, 0.2590517538017539, 0.2883122544122546, 0.2498433621933623], [0.27429963924963924, 0.2536629370629371, 0.17404464424464433, 0.2979927794427794], [0.22252817460317473, 0.32198668553668564, 0.170753687978688, 0.28473145188145194], [0.2849961538461539, 0.27825432900432906, 0.17891147186147185, 0.2578380452880453], [0.26451417748917766, 0.29698265623265635, 0.17449274891774902, 0.26401041736041747], [0.2249340659340661, 0.34205800865800884, 0.17040503940503948, 0.26260288600288595], [0.26972480297480306, 0.27414255189255193, 0.1610233211233212, 0.29510932400932405], [0.2272046608620138, 0.27382983960483964, 0.2121068109994582, 0.2868586885336886], [0.18315384060384063, 0.3257644855144855, 0.21629928404928406, 0.27478238983239], [0.24412449772449768, 0.29457854367854386, 0.19077332667332672, 0.270523631923632], [0.2680523504273506, 0.28939110889110903, 0.16588361360861376, 0.27667292707292723], [0.21132693972693986, 0.24355922965922963, 0.2708734229822465, 0.2742404076315842], [0.24145461123843479, 0.28968285407403066, 0.2055257076257077, 0.2633368270618272], [0.30414953184070836, 0.24014306804306823, 0.1275587265675502, 0.32814867354867355], [0.27524054001553994, 0.2533071872571874, 0.1610603035853037, 0.3103919691419689], [0.261988433788434, 0.2863872238872238, 0.21200909645909655, 0.239615245865246], [0.2507407961319728, 0.28566658619158625, 0.19715045150927507, 0.26644216616716626], [0.2551238511488513, 0.26611709401709416, 0.14814564879564893, 0.3306134060384059], [0.29269360639360636, 0.3074686813186811, 0.13288759573759587, 0.2669501165501165], [0.1875308763132292, 0.32323998778998775, 0.21229478854478856, 0.27693434735199446], [0.24392570485070497, 0.23418423798423815, 0.18933764568764574, 0.3325524114774113], [0.19910583305583301, 0.2881507936507939, 0.24807533577533578, 0.26466803751803764], [0.20938671491906805, 0.3004581973581974, 0.19338070099834812, 0.2967743867243869], [0.27756256521256534, 0.276103552003552, 0.1457394327894329, 0.3005944499944499], [0.19247573537573548, 0.2781958430458432, 0.2574520035520037, 0.27187641802641815], [0.3363333901392728, 0.2713043776484953, 0.15747913197913208, 0.23488310023310027], [0.27380526140526146, 0.2759407148407149, 0.2281228216228216, 0.2221312021312022], [0.2141492202242203, 0.2923333111333109, 0.20342480574980593, 0.29009266289266306], [0.25471660561660575, 0.27924841269841266, 0.18209536297036294, 0.2839396187146188], [0.27495556110556124, 0.30440203685203676, 0.18104153624153635, 0.2396008658008658], [0.3010251415251416, 0.26923125763125766, 0.1469098346098347, 0.2828337662337664], [0.26970394409512055, 0.28746030831913183, 0.2251395529307295, 0.21769619465501813], [0.23616184648684652, 0.3307600455100457, 0.16165747030747038, 0.2714206376956378], [0.24760296925296946, 0.29650437895437887, 0.18145758130758136, 0.2744350704850707], [0.22465675435675442, 0.3055518204018203, 0.19786523476523488, 0.2719261904761906], [0.2736945276945279, 0.30900186480186487, 0.15105194805194813, 0.26625165945165946], [0.21142597957597975, 0.25134072316572326, 0.2492669108669109, 0.2879663863913865], [0.203188444888445, 0.2723828171828174, 0.23175718170718182, 0.29267155622155644], [0.18607143967143971, 0.30889886224886215, 0.24461808746808747, 0.2604116106116108], [0.28862945387945393, 0.26475291375291404, 0.20782400932400946, 0.23879362304362306], [0.18801349761349773, 0.3218583527583527, 0.23155083805083823, 0.25857731157731156], [0.2340380230880232, 0.2998719558219559, 0.18956232378732385, 0.2765276973026974], [0.320472913197913, 0.20125102120102134, 0.14693320845820845, 0.3313428571428572], [0.2563832889332889, 0.2577574453324456, 0.15757749472749477, 0.32828177100677103], [0.2204164002664003, 0.2852174381174381, 0.21228242868242878, 0.2820837329337329], [0.211739382839383, 0.2946871961371963, 0.16122594072594082, 0.33234748029748046], [0.1820949772449774, 0.29571540126540125, 0.29013012543012556, 0.2320594960594962], [0.20046759351759352, 0.32639696414696406, 0.19211084471084486, 0.28102459762459764], [0.20649214674214694, 0.31158395493395524, 0.2268739815739816, 0.2550499167499167], [0.19002398353280717, 0.3140510128760129, 0.2359553502053504, 0.25996965338582995], [0.17644503274503281, 0.33720726495726494, 0.21701887556887547, 0.26932882672882663], [0.23400929070929086, 0.3066171578421579, 0.2004820707070709, 0.25889148074148083], [0.2656877677877677, 0.24549136419136436, 0.18675182040182053, 0.30206904761904757], [0.18981205183705196, 0.298749383949384, 0.19749100344100348, 0.31394756077256075], [0.201222793872794, 0.3201244644244645, 0.1803080419580421, 0.29834469974469985], [0.31012589910089894, 0.2152094183594185, 0.15811988289488293, 0.31654479964479965], [0.2743637390387391, 0.26046176601176596, 0.20271957209457206, 0.26245492285492295], [0.2392249441734737, 0.29375404872904876, 0.14226597846597852, 0.3247550286314992], [0.25039639249639256, 0.3150212065712066, 0.17348227883227893, 0.26110012210012223], [0.22082631257631272, 0.2796636863136863, 0.21740427905427925, 0.2821057220557221], [0.2861269230769231, 0.292517748917749, 0.13269398934398935, 0.2886613386613387], [0.23707412587412596, 0.3269549284049285, 0.18620256965256973, 0.2497683760683762], [0.2123400821400822, 0.30053909864645156, 0.24663596681096692, 0.2404848524024995], [0.21819337329337332, 0.3068973054723054, 0.19030838605838613, 0.2846009351759353], [0.2234055555555556, 0.3194732822732822, 0.1768363636363638, 0.2802847985347985], [0.19995884393384397, 0.28787630702630734, 0.18990151515151527, 0.3222633338883339], [0.22713212898212906, 0.30157879897879897, 0.15545521145521154, 0.31583386058386076], [0.15948624153624164, 0.3027125485625485, 0.2618206959706961, 0.27598051393051404], [0.23110692918192913, 0.2981809024309025, 0.18738743201243213, 0.28332473637473654], [0.27103911643911643, 0.2270233988233991, 0.18738871128871135, 0.3145487734487734], [0.18483326118326127, 0.3406092574092573, 0.20841247086247097, 0.2661450105450105], [0.23550254745254748, 0.3045696525696527, 0.17289357864357865, 0.2870342213342214], [0.26867475857475875, 0.2983800033300035, 0.17664081474081478, 0.25630442335442355], [0.25342250886368534, 0.25513053058053076, 0.1967742832331069, 0.2946726773226772], [0.20738667443667455, 0.29874109224109224, 0.21862613497613503, 0.27524609834609837], [0.18666186754422048, 0.2694875402375402, 0.2677903913080384, 0.27606020091020095], [0.2690079032079033, 0.29504314574314583, 0.18106338661338672, 0.2548855644355646], [0.33153094960594975, 0.22149215229215238, 0.14290092407592417, 0.3040759740259739], [0.22944201354201357, 0.24506990231990253, 0.1989682373182373, 0.3265198468198466], [0.2785451603951604, 0.2686084768173005, 0.19296315710433373, 0.25988320568320566], [0.2415295981795983, 0.30068667998668, 0.18012753357753367, 0.2776561882561882], [0.24927254412254413, 0.2879992063492066, 0.20192084582084596, 0.2608074037074039], [0.24186956654456657, 0.3121555527805528, 0.17721067266067272, 0.2687642080142081], [0.2775452075702078, 0.26825863580863574, 0.19114669774669776, 0.2630494588744589], [0.22119349147584436, 0.3060981768231767, 0.15304119214119213, 0.31966713955978665], [0.18500411255411264, 0.29628836996337005, 0.21829062049062056, 0.30041689699189683], [0.17209396991897, 0.2874649461649461, 0.26578594183594184, 0.27465514208014224], [0.21676358641358648, 0.3133357919857921, 0.17339848484848489, 0.29650213675213694], [0.1935131051954582, 0.2879902874902875, 0.2536702519702521, 0.26482635534400223], [0.2978655455655454, 0.2748820235320236, 0.1451670052170053, 0.2820854256854258], [0.23793958541458557, 0.29700349927849923, 0.18537819125319133, 0.2796787240537242], [0.19566835941835953, 0.3571222999222997, 0.19518740703740706, 0.2520219336219337], [0.1927628399378401, 0.3307289543789544, 0.22722994782994788, 0.2492782578532579], [0.22809896378131678, 0.2448010101010102, 0.22179767846532555, 0.3053023476523476]]}, "rewritten": {"ids": ["97105580", "97106600", "97107920", "97107950", "97108520", "97111790", "97112300", "97114170", "97116500", "98106111", "98106880", "98107010", "98107340", "98109311", "98109570", "98110710", "98112170", "98113881", "98121790", "99107300", "99109161", "99110730", "99111440", "99111930", "99116500", "100108080", "100111380", "100113210", "100113370", "100120010", "100120780", "101108500", "101109120", "101110150", "101117580", "102108621", "102110050", "102113350", "102116500", "102118380", "103109641", "103109791", "103111110", "103111540", "103111990", "103113210", "103118110", "103120780", "104113000", "104113170", "104114230", "104114240", "104114410", "104114740", "104116980", "104117200", "105110251", "105113480", "105115250", "105116650", "105116860", "105117200", "105119550", "106111321", "106114011", "106114880", "106116120", "106116370", "106117770", "106119990", "106120640", "107113200", "107113260", "107113550", "107114321", "107114780", "107116501", "107120880", "108113620", "108113700", "108114270", "108114670", "108117451", "108117610", "108119330", "108119510", "108119550", "108121410", "109113281", "109113591", "109114030", "109115380", "109116750", "109117080", "109117271", "109117600", "109118701", "109119340", "109121351", "109121410", "110113591", "110113931", "110114610", "110114720", "110116290", "110117200", "110118810", "110118880", "110118930", "110119300", "110121450", "111115910", "111116100", "111116170", "111116530", "111119580", "111119610", "111120260", "111120320", "111121220", "111121410", "112116401", "112116451", "112117571", "112117660", "112117780", "112118820", "112118860", "112119950", "112120700", "112121010", "113119320", "113119480", "113120540", "113120591", "113120751", "113120780", "113120830", "113121410", "113121950", "113122190", "113122510"], "labels": [1, 3, 0, 2, 2, 2, 2, 2, 2, 0, 0, 3, 0, 1, 1, 2, 3, 3, 2, 3, 3, 3, 3, 1, 2, 0, 3, 0, 3, 0, 1, 3, 1, 1, 3, 3, 3, 3, 1, 1, 1, 3, 3, 1, 2, 3, 2, 1, 1, 3, 2, 0, 1, 2, 1, 3, 0, 0, 2, 1, 2, 3, 1, 0, 1, 0, 1, 2, 0, 0, 3, 0, 0, 0, 0, 2, 1, 1, 3, 0, 3, 3, 2, 3, 0, 1, 1, 0, 0, 3, 1, 3, 0, 1, 0, 1, 3, 3, 0, 0, 0, 1, 1, 3, 2, 3, 1, 0, 1, 1, 3, 2, 3, 0, 3, 3, 2, 3, 1, 3, 0, 0, 0, 3, 0, 0, 0, 3, 0, 2, 2, 1, 3, 3, 0, 1, 0, 3, 0, 3, 1, 2], "predicted_labels": [1, 3, 3, 1, 3, 1, 3, 1, 3, 1, 1, 0, 2, 1, 0, 1, 0, 1, 1, 3, 1, 2, 1, 1, 1, 1, 3, 3, 1, 3, 1, 3, 0, 3, 3, 1, 1, 3, 1, 1, 1, 1, 1, 3, 1, 1, 1, 3, 1, 1, 3, 1, 1, 1, 1, 1, 0, 1, 1, 3, 3, 1, 1, 1, 1, 1, 1, 3, 3, 1, 1, 1, 1, 1, 1, 1, 1, 1, 1, 1, 1, 1, 3, 1, 3, 3, 1, 3, 0, 1, 1, 1, 0, 1, 1, 3, 1, 3, 1, 1, 0, 3, 1, 1, 3, 1, 1, 1, 1, 1, 3, 1, 3, 1, 1, 0, 1, 3, 3, 1, 1, 3, 0, 1, 3, 3, 1, 1, 3, 1, 1, 1, 1, 1, 1, 0, 1, 3, 3, 1, 1, 1], "confidence_scores": [[0.26207546146663785, 0.2909806951218718, 0.1933129370629372, 0.25363090634855345], [0.24571229326229332, 0.30110336330336324, 0.15025153735153743, 0.30293280608280615], [0.3179180014430015, 0.24141539016539026, 0.12242146464646468, 0.3182451437451437], [0.1918496572055396, 0.2961623308064484, 0.22301090021090034, 0.2889771117771117], [0.26192174769674786, 0.26555012765012775, 0.18268219835719848, 0.2898459262959264], [0.2852366799866802, 0.29012072372072367, 0.15143929958929964, 0.2732032967032966], [0.24819370710988362, 0.23338227328227337, 0.24216065796948152, 0.2762633616383616], [0.20778362193362207, 0.2908335164835166, 0.2109532023532025, 0.2904296592296591], [0.2400730574980575, 0.28346455211455224, 0.18245036907536916, 0.2940120213120215], [0.2543068689480457, 0.31506462426462434, 0.19058345739228094, 0.24004504939504942], [0.2332454545454546, 0.31819774669774675, 0.22510661560661568, 0.22345018315018317], [0.2898508075258076, 0.276701948051948, 0.21631950271950265, 0.2171277417027418], [0.20304962814962824, 0.26041623376623374, 0.30201191586191617, 0.2345222222222223], [0.2735069375069375, 0.2898465978465979, 0.15070108225108234, 0.28594538239538253], [0.3064046842046841, 0.2596829467917705, 0.18876202686202692, 0.2451503421415186], [0.17341094624329914, 0.29782246642246646, 0.2707744791156558, 0.2579921082185787], [0.3111078604402132, 0.2174519314019316, 0.18495397935397945, 0.2864862288038759], [0.24929719724719737, 0.30364720279720286, 0.1671458208458209, 0.2799097791097791], [0.18683705183705196, 0.3261528860028859, 0.23006002886002894, 0.25695003330003346], [0.24856299811299812, 0.24989750249750262, 0.17451308691308703, 0.32702641247641245], [0.2754776334776336, 0.3179774891774891, 0.16771027306027317, 0.23883460428460437], [0.1770251637251638, 0.2913402652902654, 0.29298503163503176, 0.2386495393495395], [0.2198390850979087, 0.29961492951492963, 0.21680597262214926, 0.263740012765013], [0.23117172272172276, 0.3163095238095238, 0.21309897879897885, 0.23941977466977477], [0.19177115107115109, 0.3043705683205684, 0.2435795537795539, 0.26027872682872694], [0.20758197358197358, 0.30458428238428253, 0.24643361638361666, 0.24140012765012775], [0.23591804584304588, 0.25156100566100587, 0.22022757520257527, 0.2922933732933733], [0.17794903152403163, 0.2804302419802421, 0.21575250027750043, 0.32586822621822636], [0.20052825507825506, 0.3376564158064158, 0.19662997002997007, 0.2651853590853591], [0.1924434248757778, 0.2645060273060274, 0.26131687038451745, 0.28173367743367755], [0.20976265678765685, 0.28839562104562105, 0.21741852591852603, 0.2844231962481963], [0.21265616605616616, 0.255228552003552, 0.2607060495060498, 0.27140923243423243], [0.2937904401154401, 0.2837130147630148, 0.18586404151404157, 0.23663250360750365], [0.1984084304584305, 0.3083607614607615, 0.17435430680430686, 0.31887650127650125], [0.1784262154512156, 0.2959777555777558, 0.21152815795315802, 0.3140678710178709], [0.26135829725829746, 0.30407994227994206, 0.15903059163059172, 0.27553116883116885], [0.2759350982350983, 0.308301761310585, 0.19388967698967707, 0.22187346346463993], [0.17719032079032082, 0.2899886224886226, 0.21409364524364544, 0.31872741147741135], [0.18238037518037523, 0.29633556998557004, 0.25735149295149307, 0.2639325618825621], [0.2151572094572095, 0.298945598845599, 0.21719320124320127, 0.2687039904539905], [0.26906872098489737, 0.3067870946047416, 0.16710519480519492, 0.2570389896051661], [0.2676668498168499, 0.2947731601731602, 0.1830248223998224, 0.2545351676101677], [0.2301298090798093, 0.2915909035409035, 0.20941529581529592, 0.2688639915639916], [0.18618137973137988, 0.3045967310467311, 0.19845501165501164, 0.3107668775668775], [0.21794063714063716, 0.3057332334332335, 0.19997461427461433, 0.2763515151515152], [0.2026989260739261, 0.28993024198024203, 0.2523726023976025, 0.25499822954822965], [0.22730369630369632, 0.2769982406482408, 0.23340195915195933, 0.2622961038961039], [0.21420251970251983, 0.28962119269619274, 0.19652604617604616, 0.2996502414252415], [0.2271729659229659, 0.31205786435786453, 0.1667274170274171, 0.29404175269175264], [0.2097142857142859, 0.29580350760350754, 0.20822174492174497, 0.2862604617604618], [0.2154222943722944, 0.3079691641691642, 0.16248961038961046, 0.3141189310689311], [0.23490093240093257, 0.29722178932178933, 0.21362732267732285, 0.2542499555999558], [0.1719674825174825, 0.3142997224997223, 0.21815893273393294, 0.2955738622488624], [0.21126666666666682, 0.3043101953601954, 0.21211729381729397, 0.27230584415584436], [0.19707166167166174, 0.3570413253413253, 0.20572851037851034, 0.24015850260850266], [0.2652880563880564, 0.30939597624597615, 0.1623629648129648, 0.2629530025530027], [0.3401170884670884, 0.3020619991119991, 0.148557808857809, 0.2092631035631037], [0.19620339105339119, 0.3267223998223998, 0.20200281385281396, 0.27507139527139546], [0.19424727494727498, 0.3040370018870018, 0.2053946414696415, 0.2963210816960818], [0.23888957349839715, 0.2740559420971184, 0.2114074445162681, 0.2756470398882164], [0.20156662226662225, 0.28071891996892, 0.2115960150960151, 0.3061184426684427], [0.2702779831279832, 0.3347170365582132, 0.16630735375735373, 0.22869762655645018], [0.2339839826839826, 0.3393916527916529, 0.17837526640026646, 0.24824909812409834], [0.2582660117660119, 0.3155475080475082, 0.19105491175491193, 0.23513156843156843], [0.24583164335664337, 0.3389690309690311, 0.1706304001554003, 0.24456892551892562], [0.20137405372405384, 0.30897281607281585, 0.22701729936729959, 0.262635830835831], [0.2071996336996338, 0.3050273504273506, 0.24182229992230003, 0.24595071595071602], [0.21411255574490878, 0.21961158286158292, 0.19163784548784552, 0.374638015905663], [0.20627261627261637, 0.2473511294261295, 0.2445301420801422, 0.30184611222111224], [0.24045799755799763, 0.31744973914973906, 0.1853707597957599, 0.25672150349650363], [0.21396715784215792, 0.3174977078477079, 0.17751257631257633, 0.291022557997558], [0.24752510267510264, 0.29760463980463997, 0.1636316877566878, 0.2912385697635697], [0.22670006660006667, 0.2960032523032526, 0.21745858585858593, 0.2598380952380952], [0.2445606421356422, 0.2846812160062159, 0.19595097680097684, 0.27480716505716507], [0.30996657231657254, 0.32104574869574853, 0.13474480519480522, 0.2342428737928738], [0.23215674325674326, 0.33751815961815956, 0.1869403568653568, 0.2433847402597403], [0.2504990037740038, 0.3319480685980688, 0.1496646131646133, 0.2678883144633145], [0.16815623265623275, 0.31183421219303586, 0.2489869055780822, 0.27102264957264977], [0.25778684371184385, 0.33125722055722057, 0.12065895770895772, 0.2902969780219779], [0.17558722943722946, 0.3089094738594738, 0.23485449550449555, 0.28064880119880126], [0.2544764196587727, 0.3219259962259964, 0.16988311688311686, 0.2537144672321145], [0.23340043012543019, 0.29700351592851587, 0.2028254190254191, 0.266770634920635], [0.2822216755466756, 0.2674258963258963, 0.13186984959484965, 0.3184825785325786], [0.16627376512376518, 0.3158169053169054, 0.22504014319014337, 0.29286918636918624], [0.2103005661005662, 0.27048894993895006, 0.22026118326118327, 0.29894930069930065], [0.2518212398712399, 0.2907791708291709, 0.16095190365190368, 0.2964476856476857], [0.17075890498390503, 0.2854528249528249, 0.2651589577089578, 0.27862931235431254], [0.23156538069773366, 0.29148623321123307, 0.14206329781329782, 0.33488508827773533], [0.2873781884781884, 0.2763475413475414, 0.17451173271173276, 0.2617625374625375], [0.23604136696636707, 0.3608501165501161, 0.14834201354201365, 0.25476650294150294], [0.22610149850149858, 0.2878618936618937, 0.2198679764679766, 0.26616863136863145], [0.24077752525252547, 0.2961020202020201, 0.19970430957930968, 0.26341614496614507], [0.28688229548229555, 0.2776513347763349, 0.17551262626262637, 0.25995374347874356], [0.2128262404262404, 0.37643510933510926, 0.1430110445110446, 0.26772760572760557], [0.2585301087801088, 0.3028310023310026, 0.15773111888111893, 0.28090777000776995], [0.28515052170052185, 0.23271911976911988, 0.18728578643578653, 0.29484457209457215], [0.2562427314515551, 0.29518951408069055, 0.1726313575313576, 0.2759363969363972], [0.16793981573981584, 0.3195596903096902, 0.18341106671106683, 0.3290894272394274], [0.28676116465234114, 0.318030291930292, 0.14181095016095016, 0.2533975932564168], [0.20576774336774334, 0.32823000333000335, 0.15855393495393502, 0.3074483183483183], [0.30734038820656473, 0.27023083860583863, 0.15597355340737704, 0.26645521978021997], [0.2825787937552645, 0.2528407203907205, 0.1598473986797517, 0.3047330871742637], [0.21533525363525374, 0.3164383616383617, 0.2291965700965702, 0.23902981462981476], [0.23976145521145525, 0.27543483460983487, 0.22463341935841957, 0.2601702908202909], [0.25398912198912227, 0.26050960705960713, 0.18378854478854487, 0.30171272616272615], [0.22927742257742273, 0.316371400821401, 0.19223620823620843, 0.26211496836496856], [0.25239408924408924, 0.3002304992393227, 0.16867711732711727, 0.2786982941894707], [0.2795928488178488, 0.2992404290154292, 0.12690159285159291, 0.2942651293151292], [0.18678189310689333, 0.32466101676101666, 0.20895264180264186, 0.2796044483294483], [0.2830716228216229, 0.2977484015984016, 0.17846247086247088, 0.24071750471750486], [0.2660903651903652, 0.275496436896437, 0.1477524975024975, 0.3106607004107005], [0.2706695043518574, 0.2815274336774339, 0.16972885447885458, 0.2780742074918546], [0.23794896214896225, 0.27280568320568344, 0.20084637307137307, 0.28839898157398136], [0.2885017782870726, 0.2995237076648839, 0.18430287180140134, 0.22767164224664227], [0.24378860028860036, 0.32365763680763665, 0.1730510600510601, 0.25950270285270294], [0.2962426184926183, 0.2678474747474748, 0.15085233655233657, 0.28505757020757005], [0.2660064685314686, 0.29625575258075265, 0.17765702075702086, 0.2600807581307582], [0.24425709568209564, 0.2520836940836942, 0.17583328615828614, 0.3278259240759241], [0.2349287851037852, 0.29422746697746693, 0.1730843342931579, 0.29775941362559016], [0.27126981351981366, 0.28712067932067925, 0.15994962259962264, 0.2816598845598846], [0.25255974744210036, 0.2888544011544012, 0.1732718820395291, 0.28531396936396936], [0.3023427614868792, 0.224919402819403, 0.1378030871089696, 0.33493474858474853], [0.30000072150072143, 0.2778383413971648, 0.1389610389610391, 0.28319989814107455], [0.24721064491064484, 0.31120480630480624, 0.18061147741147754, 0.2609730713730716], [0.24497634032634028, 0.2911172494172493, 0.14937792207792217, 0.3145284881784881], [0.2400767871017873, 0.2367813242313244, 0.1965638361638363, 0.32657805250305244], [0.262122804972805, 0.3010599733599734, 0.1685406815406816, 0.2682765401265403], [0.2846662762074527, 0.29322863802863797, 0.1702743470581706, 0.25183073870573885], [0.2876552225552226, 0.2068634754134754, 0.18098275058275068, 0.3244985514485515], [0.17239851259851266, 0.32113201243201217, 0.2255625263625265, 0.28090694860694876], [0.2214250471750473, 0.32836721611721625, 0.20650548895548893, 0.24370224775224783], [0.24166757131757136, 0.3292440392940392, 0.18315617715617719, 0.24593221223221234], [0.25230689310689325, 0.2870177766677766, 0.18452987012987018, 0.2761454600954602], [0.25566437728937746, 0.3332181401931403, 0.17209139830757492, 0.2390260842099078], [0.23521492070021482, 0.3053855680267446, 0.19495319647672596, 0.2644463147963148], [0.3530716228216228, 0.271282881007881, 0.15376808746808748, 0.22187740870240893], [0.2358899988899989, 0.299038367188367, 0.19951785159285162, 0.26555378232878235], [0.24766406371406377, 0.24739008214008232, 0.21312302697302699, 0.29182282717282737], [0.23259226492461793, 0.3063050505050506, 0.13781284826284831, 0.32328983630748354], [0.25169988753076994, 0.2907528180969358, 0.1777593795093796, 0.2797879148629148], [0.2575341047841049, 0.2998257131757132, 0.17750670995670997, 0.2651334720834721], [0.1870952214452216, 0.30118561438561453, 0.23910210345210348, 0.27261706071706066]]}}