{"test": {"ids": ["112118820", "98117740", "99109840", "113122160", "109119340", "105113480", "105115250", "100110050", "107119390", "107114950", "103113101", "103111480", "99111930", "113120601", "113119450", "97107950", "113121010", "106113170", "104118070", "112121360", "109114270", "103111930", "106114321", "97106820", "109118161", "108119510", "109117431", "104113240", "110116441", "108117720", "109113281", "112118530", "112119120", "101111140", "99108890", "106116370", "107121230", "111116170", "109117600", "107118120", "98107410", "98120530", "113122320", "109120150", "111115910", "106114280", "104111780", "107119950", "98111620", "104117200", "105113210", "110118450", "101109370", "113121680", "105118230", "113119930", "99107950", "104112201", "107113360", "110115890", "103111540", "97105960", "105115570", "103118291", "108115500", "97106000", "98108520", "110115710", "97116800", "101119591", "111120220", "106113260", "112119610", "112116290", "106119990", "110113591", "113122650", "113122190", "98111670", "99112531", "112120540", "110121170", "110118930", "102110850", "99113260", "108119550", "108113740", "108115870", "108121410", "112118471", "103113170", "110114920", "103111830", "109116170", "98111860", "106116441", "105117351", "110118301", "103113260", "112120700", "105111990", "98106680", "99109910", "109117630", "97107260", "110114561", "112116900", "107113840", "97106591", "107114780", "102113210", "107116340", "100116500", "111116110", "97109570", "112121410", "112116810", "102118380", "98108410", "101108080", "100112060", "101109120", "113118690", "109119460", "101113210", "107114200", "111116750", "106115120", "112118880", "101110150", "105120621", "97116401", "112120630", "110121140", "99108460", "102112250", "103111170", "100113370", "100109980", "102112301", "108114040", "105116650"], "labels": [0, 2, 2, 3, 3, 0, 2, 3, 2, 3, 3, 0, 1, 2, 3, 2, 2, 0, 2, 3, 3, 3, 2, 1, 0, 1, 1, 2, 3, 1, 0, 1, 1, 2, 0, 2, 0, 0, 1, 3, 3, 1, 1, 2, 2, 3, 3, 3, 3, 3, 3, 0, 1, 1, 1, 1, 1, 0, 0, 2, 1, 2, 0, 0, 3, 0, 2, 2, 0, 0, 3, 3, 0, 0, 0, 0, 2, 1, 1, 3, 3, 2, 1, 3, 0, 1, 3, 3, 0, 1, 3, 3, 3, 0, 0, 0, 0, 1, 3, 2, 2, 1, 2, 0, 2, 0, 3, 3, 1, 2, 3, 3, 2, 3, 0, 0, 3, 1, 1, 0, 2, 1, 3, 1, 3, 2, 3, 1, 1, 1, 1, 3, 3, 3, 0, 0, 2, 3, 1, 1, 0, 1], "predicted_labels": [3, 3, 3, 1, 0, 3, 1, 1, 0, 0, 1, 0, 1, 1, 1, 1, 1, 1, 1, 0, 1, 1, 1, 3, 1, 1, 1, 1, 1, 3, 3, 1, 3, 0, 1, 0, 3, 1, 0, 1, 3, 3, 1, 1, 1, 3, 3, 1, 1, 3, 3, 1, 1, 3, 3, 3, 1, 0, 1, 1, 1, 3, 0, 1, 3, 3, 1, 1, 1, 0, 1, 0, 1, 1, 1, 1, 3, 1, 3, 1, 1, 1, 1, 1, 1, 0, 0, 3, 1, 1, 1, 3, 0, 3, 1, 1, 0, 1, 3, 1, 3, 1, 2, 1, 3, 3, 3, 1, 1, 1, 1, 1, 3, 3, 1, 1, 0, 1, 1, 1, 1, 1, 1, 1, 1, 3, 0, 0, 1, 0, 3, 1, 1, 1, 3, 3, 1, 3, 1, 1, 3, 0], "confidence_scores": [[0.27388066378066384, 0.2666280608280609, 0.1392104451104451, 0.3202808302808302], [0.2103919830169831, 0.2605321645674588, 0.2046624835948366, 0.3244133688207217], [0.21604509379509385, 0.26636374736374746, 0.20396540681540684, 0.3136257520257521], [0.20583776223776237, 0.35612344877344865, 0.16627501387501387, 0.27176377511377514], [0.28346484626484647, 0.25404252969252983, 0.18631893661893675, 0.2761736874236876], [0.24383980463980473, 0.28324832944832956, 0.17896300921300923, 0.29394885669885673], [0.26748855588855597, 0.29222000777000773, 0.18300360750360753, 0.257287828837829], [0.17994222999223006, 0.2975819624819626, 0.23309507159507165, 0.2893807359307361], [0.2718012404262405, 0.2636835775335776, 0.23781970529470536, 0.22669547674547677], [0.3437832611832611, 0.1968471139971142, 0.16272770562770567, 0.2966419191919194], [0.24408313148839475, 0.30006144411144414, 0.2181484237984239, 0.23770700060173744], [0.28613480408480435, 0.2829351759351758, 0.18139782994783, 0.24953219003219015], [0.1593566378066378, 0.34838131868131883, 0.2380939754689755, 0.25416806804306813], [0.23813152958152953, 0.29595772005772025, 0.18767357087357098, 0.2782371794871796], [0.27854404647639947, 0.2828364560276326, 0.16830350237997302, 0.2703159951159953], [0.24056950826950846, 0.2846911477411476, 0.2108899711399713, 0.263849372849373], [0.22703150183150203, 0.298808991008991, 0.18006457431457434, 0.2940949328449328], [0.21850613275613287, 0.36259219669219667, 0.1623889943389943, 0.2565126762126764], [0.18225263625263632, 0.3042694222444224, 0.24503840048840073, 0.268439541014541], [0.3287172854922856, 0.2745671550671551, 0.17327792762792762, 0.2234376318126319], [0.23788891663891668, 0.2862486652236653, 0.2212217088467089, 0.25464070929070937], [0.24915202020202024, 0.3063678432678432, 0.20348187368187376, 0.24099826284826292], [0.28179555999556, 0.282859151959152, 0.18298747918747926, 0.25235780885780895], [0.22517494172494174, 0.2650898989898991, 0.20679920634920634, 0.3029359529359532], [0.28411217116217125, 0.30470440115440117, 0.17153180153180156, 0.23965162615162622], [0.24222505827505833, 0.317835791985792, 0.20095900488400492, 0.23898014485514504], [0.20686202686202718, 0.3380393994893994, 0.17763858918858935, 0.2774599844599845], [0.18765127095127107, 0.3430909701409702, 0.22455056610056615, 0.24470719280719294], [0.258812099012099, 0.29213557831057846, 0.20039121989122002, 0.248661102786103], [0.24628793510411165, 0.25593744784627137, 0.17459714174714167, 0.3231774753024756], [0.2540888666888667, 0.2479636086136087, 0.14410528915528914, 0.35384223554223543], [0.20817701187701199, 0.3385621156621158, 0.20008231768231785, 0.25317855477855483], [0.2648740981240982, 0.22152494172494183, 0.20318876678876682, 0.31041219336219317], [0.2935458152958154, 0.2111606282606284, 0.23059921744921744, 0.26469433899433914], [0.22712685647685654, 0.2893857250592544, 0.19485526695526692, 0.2886321515086222], [0.3189619916031682, 0.23209255026019732, 0.18249110889110903, 0.2664543492455258], [0.1900893051393053, 0.28494996114996113, 0.16186314796314802, 0.36309758574758566], [0.23647267732267743, 0.34462967587967597, 0.15263495393495402, 0.26626269286269283], [0.33571183816183814, 0.2711348873348875, 0.1707866966366967, 0.222366577866578], [0.24508032523032525, 0.3023026806526808, 0.18204097569097574, 0.27057601842601847], [0.22011038961038965, 0.2560341269841272, 0.21180909090909097, 0.3120463924963925], [0.25774628149628165, 0.25051363081363087, 0.17007248666366315, 0.32166760102642467], [0.2546425812749343, 0.3453082175993942, 0.15801916449563505, 0.2420300366300367], [0.24551601176601176, 0.2799019896769896, 0.20410036075036084, 0.2704816378066377], [0.24787954267954257, 0.2987371572871572, 0.19961373071373079, 0.2537695693195694], [0.22698905343022993, 0.2451555056055057, 0.16570240119357782, 0.3621530397706868], [0.25315108225108224, 0.2885948773448773, 0.1375121933621934, 0.320741847041847], [0.23902407037407034, 0.33608759018759027, 0.16018355533355536, 0.2647047841047841], [0.20711038128538137, 0.28643340548340557, 0.22108705738705742, 0.28536915584415595], [0.18179917304917315, 0.2731568043068043, 0.15968170359052722, 0.38536231905349555], [0.2826643079143079, 0.24071339771339786, 0.15567799422799414, 0.3209443001443002], [0.2240914898826666, 0.3372626207126207, 0.17233658008658018, 0.26630930931813296], [0.20423588078588073, 0.31916574259074254, 0.22662716172716177, 0.24997121489621518], [0.17984796869796876, 0.3249305805305807, 0.16993737373737386, 0.325284077034077], [0.2310878066378068, 0.31190588855588836, 0.1442646742146742, 0.3127416305916306], [0.24052171717171725, 0.27937592962592955, 0.15096297036297043, 0.3291393828393829], [0.158130907980908, 0.33735918525918523, 0.2468967032967034, 0.2576132034632035], [0.28642458929958914, 0.27432655122655125, 0.15636746031746035, 0.28288139915639915], [0.2461656343656344, 0.3254471361971363, 0.1565983405483406, 0.27178888888888897], [0.2007290487290487, 0.3466535159285159, 0.16844481351981355, 0.2841726218226219], [0.18814731934731943, 0.3160894438894438, 0.20675128760128778, 0.28901194916194917], [0.2203621212121213, 0.27231774891774896, 0.19959516594516613, 0.30772496392496385], [0.29556465756465766, 0.24058227883227898, 0.20660380730380737, 0.2572492562992563], [0.2613776556776559, 0.29663228438228434, 0.18848446553446557, 0.2535055944055945], [0.2274255189255189, 0.2750077422577424, 0.1968237373737375, 0.30074300144300153], [0.170373692973693, 0.26548174603174607, 0.2269834054834056, 0.3371611555111552], [0.2368417748917749, 0.33190217723453, 0.17636706349206357, 0.25488898438163154], [0.21484841269841273, 0.30051996891996896, 0.20189783549783563, 0.28273378288378304], [0.2548729381729382, 0.29984823509823516, 0.20294302364302377, 0.24233580308580313], [0.3363525621437386, 0.22334417086181807, 0.17433112443112458, 0.265972142563319], [0.2741235070485071, 0.33377807290748485, 0.13305109906433438, 0.259047320979674], [0.2932808338720102, 0.2918207958707959, 0.15415192389310048, 0.26074644636409344], [0.26176975246975254, 0.314036890886891, 0.18682471972471978, 0.23736863691863708], [0.269866860916861, 0.308779242979243, 0.17865158730158734, 0.24270230880230895], [0.22121020646020642, 0.324520423693953, 0.16959173604173605, 0.28467763380410455], [0.2181719427631193, 0.33490416283063346, 0.18175087853323155, 0.2651730158730159], [0.18204541014541017, 0.2988699605949605, 0.1941467393717394, 0.32493788988788996], [0.21533239538239543, 0.30802176712176704, 0.1739392274392275, 0.3027066100566102], [0.22499214396714412, 0.23758993316624896, 0.24202064616669883, 0.29539727669990823], [0.22520130425130436, 0.30511909201909204, 0.190272915972916, 0.2794066877566879], [0.2634694916194918, 0.28414227994228, 0.17407153957153965, 0.2783166888666888], [0.17183969086469095, 0.31933170718170734, 0.20478540348540358, 0.30404319846819855], [0.20995144300144314, 0.3250373570873571, 0.17067380952380967, 0.2943373903873903], [0.1823261405261406, 0.30787219169719166, 0.26280574980574994, 0.24699591797091802], [0.2135417637917639, 0.30302474192474227, 0.2494910811410811, 0.23394241314241318], [0.28693607503607516, 0.2553276334776336, 0.18278177933177941, 0.27495451215451217], [0.31182702852702865, 0.2653531746031747, 0.1530014152514153, 0.2698183816183817], [0.2139996836496837, 0.2863217809967811, 0.1762399350649351, 0.3234386002886001], [0.2460117493617495, 0.3395544844044843, 0.16959782994782996, 0.24483593628593636], [0.2245435730935732, 0.35178668553668563, 0.15699123654123662, 0.26667850482850486], [0.19671759351759366, 0.33050210900210886, 0.19445083805083815, 0.27832945942945964], [0.2292942279942281, 0.3022469197469198, 0.1285834776334777, 0.33987537462537454], [0.32456310356310347, 0.20476847596847597, 0.17189227994227993, 0.29877614052614054], [0.19559874569874572, 0.31834178599178603, 0.161927244977245, 0.32413222333222336], [0.18549624819624824, 0.345252763902764, 0.24784092019092016, 0.22141006771006774], [0.2536576812076813, 0.35803418803418813, 0.16195721500721508, 0.2263509157509158], [0.32978045288045277, 0.24576284271284266, 0.15493761238761242, 0.2695190920190922], [0.22721693306693305, 0.35501943056943047, 0.18275065490065498, 0.23501298146298152], [0.2717579809079809, 0.25387312132312156, 0.18608416387534052, 0.28828473389355747], [0.21710291375291382, 0.3240750582750582, 0.1836218836718837, 0.27520014430014433], [0.2468056277056277, 0.2881247002997003, 0.15950881063381078, 0.30556086136086147], [0.18314509379509383, 0.28408072287189934, 0.26172236489001205, 0.27105181844299503], [0.1942376651126653, 0.2613661505161506, 0.32092808857808885, 0.2234680957930959], [0.23800230455818694, 0.2949442035089095, 0.23265440441911042, 0.23439908751379335], [0.154637112887113, 0.28547979797979817, 0.23626096681096692, 0.3236221223221225], [0.277127489177489, 0.2642347763347764, 0.17867343212343217, 0.2799643023643024], [0.24129718614718626, 0.2909191566603331, 0.17098686705451419, 0.29679679013796656], [0.25553855033855033, 0.30367289377289386, 0.22917643467643475, 0.21161212121212122], [0.21889086469086488, 0.3132570429570431, 0.2256396825396827, 0.24221240981240985], [0.26184311244311254, 0.2677944757856523, 0.21789928796693508, 0.25246312380430036], [0.26105500055500075, 0.292110028860029, 0.200734115884116, 0.24610085470085485], [0.21977581307581323, 0.29726217507982233, 0.20031182869418168, 0.2826501831501832], [0.26653422688422707, 0.2430603840603841, 0.20459604562104564, 0.2858093434343435], [0.2746651697975228, 0.24942805886923536, 0.1944931987946695, 0.2814135725385727], [0.23296226551226554, 0.31365091575091586, 0.19527347097347103, 0.2581133477633479], [0.2323244311244312, 0.3214122377622378, 0.14839054834054838, 0.29787278277278284], [0.2791209318459319, 0.25899459951812903, 0.21835941003441003, 0.2435250586015293], [0.24310306915306917, 0.3062230935730934, 0.21376514319014323, 0.23690869408369425], [0.25579680401298044, 0.2979411366411365, 0.1756863145024911, 0.2705757448433919], [0.22900172882672884, 0.3358531302031302, 0.17428431845931844, 0.26086082251082265], [0.25745874680874686, 0.2947618251030016, 0.19881002445267165, 0.2489694036355802], [0.23539457764457758, 0.28901479631479626, 0.22909989732489738, 0.24649072871572875], [0.25006432456432465, 0.3010888333888334, 0.1836735431235432, 0.26517329892329894], [0.2029500943500943, 0.33181501994737284, 0.19628641358641355, 0.2689484721161192], [0.2030376595626596, 0.33350571650571664, 0.18847932818815172, 0.2749772957434723], [0.21510657675657682, 0.3214389182712712, 0.12668860028860027, 0.3367659046835517], [0.3589294796706561, 0.2025779942279943, 0.13914949494949497, 0.29934303115185484], [0.3554255411255411, 0.2564693140193141, 0.13005476190476195, 0.25805038295038296], [0.19346812427338742, 0.33959711399711384, 0.21574350649350657, 0.2511912552359923], [0.26529693084693085, 0.2609375124875125, 0.21376067821067826, 0.2600048784548786], [0.22538811743811754, 0.25874145299145324, 0.11803833388833393, 0.3978320956820957], [0.19513506297623953, 0.3099470865735574, 0.22347456595691897, 0.2714432844932845], [0.23250941280941292, 0.3065648185148185, 0.19500710955710962, 0.26591865911865914], [0.2321944777444778, 0.3094122932622933, 0.2026836940836942, 0.255709534909535], [0.24550886792945628, 0.27461391712862304, 0.15525675762146351, 0.3246204573204574], [0.23597908202908222, 0.2758503746253747, 0.2082518398268399, 0.2799187035187037], [0.22000721500721496, 0.3015343434343434, 0.22023020868020865, 0.25822823287823293], [0.20465650183150194, 0.2721508602508604, 0.19209238539238543, 0.3311002525252525], [0.2700112720612722, 0.2795871794871795, 0.17162513042513056, 0.2787764180264179], [0.23139347041847058, 0.3465182539682542, 0.18854615939615946, 0.2335421162171162], [0.20783210678210678, 0.27399110334110344, 0.18342320457320466, 0.33475358530358534], [0.2877376623376624, 0.27825449550449544, 0.22232346819846832, 0.21168437395937412]]}, "rewritten": {"ids": ["97105960", "97106000", "97106591", "97106820", "97107260", "97107950", "97109570", "97116401", "97116800", "98106680", "98107410", "98108410", "98108520", "98111620", "98111670", "98111860", "98117740", "98120530", "99107950", "99108460", "99108890", "99109840", "99109910", "99111930", "99112531", "99113260", "100109980", "100110050", "100112060", "100113370", "100116500", "101108080", "101109120", "101109370", "101110150", "101111140", "101113210", "101119591", "102110850", "102112250", "102112301", "102113210", "102118380", "103111170", "103111480", "103111540", "103111830", "103111930", "103113101", "103113170", "103113260", "103118291", "104111780", "104112201", "104113240", "104117200", "104118070", "105111990", "105113210", "105113480", "105115250", "105115570", "105116650", "105117351", "105118230", "105120621", "106113170", "106113260", "106114280", "106114321", "106115120", "106116370", "106116441", "106119990", "107113360", "107113840", "107114200", "107114780", "107114950", "107116340", "107118120", "107119390", "107119950", "107121230", "108113740", "108114040", "108115500", "108115870", "108117720", "108119510", "108119550", "108121410", "109113281", "109114270", "109116170", "109117431", "109117600", "109117630", "109118161", "109119340", "109119460", "109120150", "110113591", "110114561", "110114920", "110115710", "110115890", "110116441", "110118301", "110118450", "110118930", "110121140", "110121170", "111115910", "111116110", "111116170", "111116750", "111120220", "112116290", "112116810", "112116900", "112118471", "112118530", "112118820", "112118880", "112119120", "112119610", "112120540", "112120630", "112120700", "112121360", "112121410", "113118690", "113119450", "113119930", "113120601", "113121010", "113121680", "113122160", "113122190", "113122320", "113122650"], "labels": [2, 0, 1, 1, 2, 2, 0, 3, 0, 1, 3, 1, 2, 3, 1, 0, 2, 1, 1, 0, 0, 2, 2, 1, 3, 0, 1, 3, 2, 3, 2, 0, 1, 1, 1, 2, 3, 0, 3, 0, 1, 3, 1, 2, 0, 1, 3, 3, 3, 3, 3, 0, 3, 0, 2, 3, 2, 2, 3, 0, 2, 0, 1, 0, 1, 1, 0, 3, 3, 2, 1, 2, 0, 0, 0, 3, 2, 2, 3, 3, 3, 2, 3, 0, 3, 0, 3, 3, 1, 1, 1, 0, 0, 3, 0, 1, 1, 0, 0, 3, 1, 2, 0, 0, 3, 2, 2, 3, 1, 0, 1, 3, 2, 2, 3, 0, 3, 3, 0, 3, 3, 1, 1, 0, 1, 1, 0, 3, 3, 2, 3, 0, 3, 3, 1, 2, 2, 1, 3, 1, 1, 2], "predicted_labels": [3, 3, 1, 3, 3, 1, 1, 3, 1, 1, 3, 1, 1, 1, 3, 1, 3, 3, 1, 3, 1, 1, 2, 1, 3, 1, 1, 1, 1, 3, 1, 1, 1, 1, 0, 0, 1, 0, 1, 3, 1, 1, 1, 1, 1, 1, 0, 1, 1, 1, 1, 1, 3, 3, 1, 3, 1, 3, 3, 3, 1, 1, 0, 0, 1, 3, 1, 1, 3, 0, 0, 0, 1, 1, 3, 1, 3, 3, 0, 3, 3, 1, 1, 3, 0, 1, 1, 3, 1, 0, 3, 1, 3, 3, 3, 1, 0, 0, 1, 3, 1, 1, 1, 3, 3, 1, 1, 1, 1, 1, 3, 1, 1, 1, 3, 1, 0, 1, 1, 3, 1, 1, 1, 3, 1, 3, 1, 1, 0, 1, 0, 1, 1, 0, 3, 1, 1, 1, 1, 1, 1, 3], "confidence_scores": [[0.2555351592851594, 0.25704368686868684, 0.20699465256965274, 0.2804265012765012], [0.21043649128649142, 0.25359678654678675, 0.2382301531801532, 0.2977365689865689], [0.25243809523809524, 0.3204387445887447, 0.18818455988455998, 0.2389386002886004], [0.24552762237762238, 0.2701199300699302, 0.20924790764790763, 0.2751045399045399], [0.165219987855282, 0.2769264069264071, 0.2570172438672438, 0.3008363613510672], [0.22483172938172957, 0.30414939504939503, 0.22498671883671903, 0.24603215673215686], [0.25671368631368624, 0.2802222999223001, 0.18811737151737168, 0.2749466422466423], [0.17235845624963275, 0.27752856620503685, 0.2194208641032173, 0.33069211344211324], [0.27347159866277526, 0.2781362490450726, 0.18326359196359213, 0.2651285603285604], [0.20195266400266407, 0.3107239538239539, 0.21823049728049737, 0.2690928848928848], [0.24497520812520815, 0.238323942723943, 0.22609220779220776, 0.2906086413586416], [0.2769223118384883, 0.28209241869241886, 0.17902917164534823, 0.26195609782374485], [0.2312401875901877, 0.30448282828282813, 0.20569725829725835, 0.2585797258297259], [0.18923610278610276, 0.29796875575404974, 0.23193122596357893, 0.2808639154962685], [0.23208928571428572, 0.23444981129981138, 0.2487775308025309, 0.2846833721833723], [0.20530622710622717, 0.3181095959595959, 0.21263253968253978, 0.26395163725163723], [0.1776551143301144, 0.26169869248398664, 0.2185483255306786, 0.3420978676552205], [0.27189924519924524, 0.2277997613497614, 0.16331218781218784, 0.33698880563880557], [0.14853714969241294, 0.3814142635142636, 0.2342000943500945, 0.23584849244322945], [0.2683856310356311, 0.2843318847818847, 0.14805475864005282, 0.29922772554243143], [0.19702569097569103, 0.342540847714377, 0.17373889443889456, 0.2866945668710375], [0.20748782328782342, 0.28368187923187943, 0.22757150627150644, 0.2812587912087913], [0.22453337218337238, 0.2422067654567656, 0.3050285270285271, 0.22823133533133544], [0.19197458652458652, 0.3100114829614829, 0.2762609640359639, 0.22175296647796658], [0.2670111832611833, 0.28489307359307353, 0.14788314071549372, 0.3002126024302496], [0.22912565212565217, 0.30117899322899344, 0.21663697413697414, 0.2530583805083806], [0.23151911217437532, 0.31177539682539673, 0.18211173826173838, 0.2745937527384897], [0.20719360639360646, 0.2868294594294593, 0.23129536019536023, 0.27468157398157417], [0.24788179043179048, 0.28038285048285055, 0.22302028249528266, 0.24871507659007672], [0.19996449106449113, 0.2900484293484295, 0.21139890109890117, 0.2985881784881786], [0.21155581640581658, 0.2945056055056056, 0.20875701520701526, 0.285181562881563], [0.2380030941280942, 0.314935991785992, 0.19626558719058726, 0.25079532689532696], [0.2744156343656343, 0.29265064935064944, 0.19036534576534586, 0.24256837051837052], [0.21288342213342215, 0.31379128926628913, 0.23440725940725954, 0.23891802919302949], [0.28808888888888895, 0.2620106282606283, 0.20254408369408372, 0.2473563991563993], [0.2996733155733157, 0.2444482794982796, 0.21880349095349091, 0.23707491397491398], [0.2029232184482184, 0.33957233877233883, 0.18505199441081796, 0.27245244836862487], [0.3102458244370008, 0.23622681240328303, 0.18212542065777362, 0.27140194250194255], [0.17816484071484073, 0.3068171217671219, 0.26438304473304475, 0.25063499278499285], [0.23778386613386623, 0.2489554612054613, 0.20655148740148746, 0.3067091852591852], [0.25629624819624824, 0.3322981240981243, 0.19857077922077926, 0.21283484848484852], [0.2519044122544124, 0.3078399711399711, 0.18506190476190487, 0.25519371184371187], [0.23616147186147196, 0.29915245310245325, 0.2178721500721501, 0.24681392496392515], [0.22079583194583202, 0.32217155067155073, 0.20250027195027198, 0.2545323454323455], [0.2518542996219469, 0.29729668109668134, 0.19877892107892112, 0.25207009820245113], [0.26757581585081597, 0.31092138417138404, 0.16401794316794313, 0.2574848568098569], [0.3143996614496613, 0.21858441558441558, 0.18386902541902553, 0.2831468975468976], [0.2422429681429681, 0.3683721472971471, 0.17559965312465325, 0.21378523143523154], [0.25001224331224353, 0.27274903984903986, 0.20611253191253207, 0.2711261849261849], [0.1819280663780664, 0.31790230880230874, 0.1987391053391054, 0.3014305194805196], [0.28116521256521254, 0.2843945831945832, 0.18115413279530926, 0.25328607144489507], [0.24660584415584427, 0.3141435564435564, 0.18147103452103458, 0.25777956487956494], [0.22337891552891553, 0.2923053002553003, 0.15966930846930846, 0.32464647574647565], [0.26798786213786224, 0.275192007992008, 0.1751932400932401, 0.2816268897768898], [0.21302044067044076, 0.34355254190254175, 0.1942876678876679, 0.24913934953934963], [0.19219688089688092, 0.2727455266955267, 0.1842331965420201, 0.3508243958655724], [0.20104511044511048, 0.3169211260961262, 0.22973756243756255, 0.25229620102120115], [0.2528663336663337, 0.2936965118215119, 0.1468953185703187, 0.30654183594183604], [0.265359090909091, 0.24155003885003898, 0.1700984907249614, 0.3229923795159091], [0.26163442113442126, 0.281964627039627, 0.15481658619158625, 0.3015843656343658], [0.24674634809634807, 0.3034389832389833, 0.1927337662337664, 0.2570809024309025], [0.242065417915418, 0.2931187590187589, 0.20752364302364318, 0.2572921800421801], [0.2924906426906427, 0.23929666444666453, 0.23595887445887462, 0.2322538184038185], [0.3207653735153737, 0.26520743145743153, 0.14200705683205692, 0.2720201381951384], [0.2321991952491953, 0.3232246142746143, 0.14088719613719614, 0.30368899433899427], [0.24219595959595958, 0.25918722943722955, 0.12285750360750365, 0.3757593073593074], [0.20255995670995683, 0.36906018981018957, 0.14872225552225551, 0.279657597957598], [0.2872468919968922, 0.31571892551892544, 0.1778593351093351, 0.21917484737484746], [0.24705843959961615, 0.2648613053613054, 0.15895989925107576, 0.32912035578800286], [0.282789493839494, 0.24378555888555895, 0.20771410060527712, 0.2657108466696702], [0.3352642135642135, 0.27273556998557, 0.13699386724386725, 0.25500634920634924], [0.28979867713985374, 0.25315023897670946, 0.17803805247040552, 0.27901303141303146], [0.24544206904206925, 0.31885131535131545, 0.19430007770007782, 0.24140653790653782], [0.2572380619380619, 0.28893381618381625, 0.17066868686868686, 0.2831594350094351], [0.26687382617382605, 0.2668947552447553, 0.1961413919413921, 0.2700900266400267], [0.268463875013875, 0.29789497169497176, 0.24716823176823174, 0.18647292152292155], [0.23460300255300262, 0.3071059290382819, 0.14605919080919078, 0.31223187759952453], [0.26308080808080814, 0.25856855725973366, 0.20367920804685508, 0.2746714266126031], [0.3135688533688534, 0.23109617604617613, 0.1651540182040183, 0.2901809523809524], [0.195262470862471, 0.28537590856855566, 0.20982025360260656, 0.30954136696636697], [0.23827102897102906, 0.2778370795870797, 0.17327849927849925, 0.31061339216339223], [0.2302858502608504, 0.26205217005217, 0.2516821872571873, 0.25597979242979246], [0.22362849927849932, 0.3343231879231878, 0.15893568457686102, 0.2831126282214518], [0.20744940059940079, 0.2879432761682762, 0.1573422383172383, 0.34726508491508495], [0.31596584526584526, 0.2562199855699856, 0.155849827949828, 0.2719643412143411], [0.2603329965785849, 0.32757523358993934, 0.16080670489641086, 0.25128506493506503], [0.211742007992008, 0.31942210567210577, 0.2177488178488181, 0.2510870684870685], [0.2373731196907668, 0.2808599483849485, 0.17821260291995591, 0.303554329004329], [0.22697636056753717, 0.30757568738451097, 0.17113416583416582, 0.2943137862137864], [0.3121269952269953, 0.25113050283050303, 0.18654226329226328, 0.25020023865023877], [0.25730374070374085, 0.26947471417471425, 0.19047394827394834, 0.2827475968475968], [0.22285050782550803, 0.34588563658563654, 0.16727360694860702, 0.2639902486402488], [0.2543996780996782, 0.2664063880563881, 0.1563788711288711, 0.3228150627150627], [0.27498024034788754, 0.2574518037518038, 0.17152845487845497, 0.29603950102185406], [0.20630102120102128, 0.2770906537906539, 0.15828545898545904, 0.35832286602286617], [0.2139248564301197, 0.3585629037629039, 0.17456475746475758, 0.2529474823422192], [0.2943059718059718, 0.2913069208569209, 0.18148679653679659, 0.23290031080031087], [0.27208391053391057, 0.26984393939393947, 0.23492039627039635, 0.2231517538017539], [0.26013453768453787, 0.3420366022866022, 0.1510116605616606, 0.2468171994671996], [0.2706800505050505, 0.2709116439116439, 0.18644317545199904, 0.27196513013130663], [0.2509339382839384, 0.2924387223887225, 0.20903953823953836, 0.24758780108780118], [0.227256537906538, 0.3138295870795869, 0.20377593795093793, 0.25513793706293697], [0.2305436599348364, 0.3190722724987431, 0.18715802139037435, 0.2632260461760463], [0.28602838272838277, 0.24765170385170387, 0.17165044400044407, 0.2946694694194694], [0.19300613275613285, 0.32370424020424027, 0.1424159063159064, 0.3408737207237209], [0.21688445165945183, 0.311091147741148, 0.18568004218004228, 0.2863443584193585], [0.19780511710511722, 0.3375675185925188, 0.16081535964035967, 0.3038120046620045], [0.2545487401487401, 0.2874665223665225, 0.19053711843711846, 0.2674476190476191], [0.2560984404484405, 0.32303823953823957, 0.17033210678210683, 0.2505312132312134], [0.24988558108558123, 0.2853750305250305, 0.19087614052614066, 0.273863247863248], [0.20516558441558458, 0.30974260184260194, 0.16979422799422805, 0.31529758574758576], [0.24762539682539708, 0.27237146187146205, 0.22550155400155397, 0.2545015873015875], [0.21160721500721508, 0.31301474636474635, 0.17676760461760468, 0.298610434010434], [0.2484933066933067, 0.31055916305916303, 0.18742428682428683, 0.25352324342324345], [0.256939772972126, 0.26547899682017334, 0.16852862448009512, 0.3090526057276058], [0.23922219447219453, 0.3358126984126983, 0.15388220668220678, 0.2710829004329006], [0.34266147186147183, 0.21051558441558454, 0.16516139971139976, 0.28166154401154403], [0.2923780525030526, 0.31263822386763573, 0.13234699401905287, 0.26263672961025897], [0.26527994227994234, 0.3082012987012987, 0.17673744588744592, 0.2497813131313132], [0.2687231240981241, 0.2281924017159312, 0.22456913364413375, 0.2785153405418113], [0.27587468087468103, 0.29140455067808013, 0.19307863084627785, 0.23964213760096115], [0.21497091078855793, 0.31374242424242427, 0.2303400099900101, 0.24094665497900802], [0.22031919191919205, 0.32549108114108105, 0.20203190143190145, 0.25215782550782556], [0.27058443060207776, 0.27030159840159845, 0.13168498168498172, 0.3274289893113425], [0.19517801642801652, 0.3143581751581752, 0.21301349206349213, 0.2774503163503165], [0.2686016816516818, 0.223734695859696, 0.17504893994893997, 0.33261468253968235], [0.25372720057720066, 0.3014421772671772, 0.20507456709956726, 0.23975605505605513], [0.27054051504051513, 0.29173593073593074, 0.1582118064941595, 0.2795117477293948], [0.27556978576978586, 0.26080141525141537, 0.19164527139527138, 0.27198352758352773], [0.22915566933066941, 0.3200547119547119, 0.169297546897547, 0.28149207181707186], [0.32833883893883886, 0.26276699689199695, 0.17633516206016206, 0.23255900210900227], [0.23883352203352215, 0.318543783993784, 0.1646207070707071, 0.2780019869019868], [0.25829881229881235, 0.3011590270840272, 0.16590044122544126, 0.2746417193917193], [0.28521201184436484, 0.27502290846408506, 0.1636364361129068, 0.27612864357864353], [0.27780603285603295, 0.2678141081141081, 0.1384340492840493, 0.3159458097458098], [0.2573307803307804, 0.28397898212898215, 0.17930574980574993, 0.2793844877344878], [0.24834760239760237, 0.29464015984015984, 0.16872287712287723, 0.2882893606393607], [0.17406132103190936, 0.33076970023440616, 0.17070814185814198, 0.32446083687554284], [0.2062543068043069, 0.36182871572871556, 0.16093874458874466, 0.27097823287823297], [0.24074733044733054, 0.3117551726051725, 0.1564391774891775, 0.2910583194583196], [0.27554242424242437, 0.3095572372072372, 0.14811325341325343, 0.2667870851370852], [0.19281212121212135, 0.2970965950715951, 0.17024484126984135, 0.3398464424464426]]}}