{"test": {"ids": ["112119120", "110116441", "108117451", "104111620", "111117480", "99116500", "100111390", "110118701", "105117431", "103117461", "113122180", "101111310", "99107630", "97113900", "111118820", "111119950", "99108080", "102111990", "111119150", "108114670", "101108290", "105113440", "110113931", "106114280", "104116800", "97114170", "107117630", "98116940", "108118291", "100109311", "112116290", "100109980", "98106680", "106116820", "112118820", "104117200", "100108260", "109114651", "111116170", "97116410", "98108520", "100110260", "106113190", "104116441", "97107821", "102109840", "110120531", "99112531", "111116411", "109118161", "106115250", "98108580", "105115680", "97105580", "106120290", "111120280", "112116610", "111119340", "102110750", "113118810", "107114950", "101114020", "98107210", "99109141", "105112260", "103113170", "98121790", "112117461", "110116170", "107121230", "109118231", "105119950", "112120670", "98119591", "98112300", "102110500", "97112300", "99119830", "104111880", "107113840", "103111830", "113117550", "107118490", "110121500", "112117210", "106111321", "103111110", "99111620", "98111231", "106116120", "97110950", "98112580", "98109230", "100109801", "99107300", "107114110", "107120880", "110119891", "103112641", "97107260", "100120010", "100107920", "107121640", "111121190", "113120260", "99110730", "112118810", "110120540", "97107950", "104109311", "108120621", "109114720", "109120540", "106121220", "107113130", "111119580", "99108520", "98106880", "113118690", "98111860", "103112470", "105112100", "109115380", "112116501", "110114720", "113122510", "109119340", "111115770", "112121430", "111119290", "110114610", "105110091", "97106970", "110114321", "105116090", "99112840", "110117140", "105113620", "113119700", "101108080", "99105921", "108121160"], "labels": [1, 3, 2, 0, 1, 2, 2, 3, 1, 0, 2, 3, 2, 2, 0, 0, 3, 2, 3, 3, 0, 0, 1, 3, 1, 2, 0, 2, 3, 1, 0, 1, 1, 1, 0, 3, 3, 3, 0, 3, 2, 3, 0, 1, 2, 2, 0, 3, 0, 0, 2, 0, 2, 1, 2, 0, 1, 3, 1, 3, 3, 3, 1, 3, 3, 3, 2, 0, 0, 0, 1, 3, 2, 1, 2, 3, 2, 1, 3, 3, 3, 3, 2, 3, 1, 0, 3, 3, 1, 1, 3, 2, 1, 0, 3, 1, 1, 3, 3, 2, 0, 0, 1, 1, 3, 3, 3, 1, 2, 3, 1, 0, 1, 1, 1, 3, 2, 0, 3, 0, 1, 1, 3, 3, 3, 2, 3, 3, 2, 3, 1, 0, 2, 1, 1, 2, 3, 0, 0, 0, 1, 2], "predicted_labels": [3, 0, 3, 0, 3, 2, 3, 1, 1, 2, 3, 1, 0, 3, 3, 0, 1, 3, 3, 1, 1, 1, 1, 1, 3, 1, 0, 1, 0, 0, 1, 0, 1, 1, 3, 1, 0, 3, 3, 1, 1, 0, 3, 0, 1, 1, 3, 0, 0, 0, 1, 1, 1, 3, 1, 3, 1, 0, 1, 1, 0, 0, 1, 0, 0, 1, 0, 3, 2, 1, 2, 1, 2, 0, 1, 1, 1, 1, 3, 0, 0, 1, 1, 3, 1, 1, 1, 3, 0, 1, 3, 3, 0, 1, 3, 3, 3, 3, 3, 2, 0, 3, 2, 0, 0, 2, 1, 1, 1, 3, 0, 3, 0, 3, 2, 0, 1, 1, 3, 2, 2, 0, 3, 3, 2, 0, 1, 0, 0, 1, 3, 0, 1, 1, 2, 1, 2, 1, 1, 3, 3, 3], "confidence_scores": [[0.20864686743904226, 0.23353219061588326, 0.19285719481834965, 0.36496374712672475], [0.3967474335760958, 0.2229950318794238, 0.13044015860747674, 0.2498173759370038], [0.3010788009974738, 0.2045672832747172, 0.1355957665314278, 0.3587581491963814], [0.530768699462266, 0.10087566893837523, 0.1340978218754323, 0.23425780972392646], [0.19660955273665667, 0.22903546188831653, 0.06369911515282525, 0.5106558702222016], [0.10006113773228173, 0.2837762650136157, 0.35669941604364663, 0.2594631812104559], [0.2170879613890247, 0.280878198061931, 0.10620393539713087, 0.39582990515191335], [0.19740778162052408, 0.3460999667197168, 0.2279375059675261, 0.2285547456922329], [0.06232588400027543, 0.5572307486576313, 0.12477640436317312, 0.25566696297892], [0.1701938633955943, 0.2205488243364061, 0.31879056118613763, 0.29046675108186204], [0.21691578252357227, 0.34232344000217657, 0.07557261429327858, 0.36518816318097264], [0.22281931461015372, 0.3726299877363925, 0.1028188311344447, 0.301731866519009], [0.3250741306333555, 0.22825391875785875, 0.2731138015919448, 0.1735581490168409], [0.24382805473401228, 0.27243218890068605, 0.20131545957598404, 0.28242429678931763], [0.2532731747905314, 0.33210258909367973, 0.07852641762528827, 0.3360978184905007], [0.38324608777002067, 0.18931644430954156, 0.07611643945593893, 0.3513210284644988], [0.27162883277065225, 0.28524312072547087, 0.22618131404904818, 0.21694673245482882], [0.15622673247478375, 0.16602372772589832, 0.19900461805225902, 0.4787449217470589], [0.2956843477042038, 0.2586249157128457, 0.08960198465511275, 0.3560887519278377], [0.22715595195880595, 0.409780974776176, 0.1913864772641901, 0.17167659600082805], [0.1897680113213282, 0.36678164532179064, 0.09743304124624104, 0.34601730211064036], [0.1626799683053169, 0.29218680609983116, 0.2570009063587969, 0.28813231923605503], [0.1974477842448362, 0.3822182236707012, 0.07208383016483923, 0.3482501619196235], [0.14426843933233507, 0.3362479231709916, 0.2691614375179304, 0.2503221999787429], [0.2714584406945969, 0.22356225210986178, 0.12911612357180535, 0.375863183623736], [0.09451478936277122, 0.6122141785606801, 0.1559633625384833, 0.1373076695380655], [0.3430896017061413, 0.20541452321712866, 0.11610206716628695, 0.335393807910443], [0.2027042766253566, 0.39895601090472027, 0.09698396039792388, 0.3013557520719992], [0.5983995437162403, 0.23147689793631035, 0.06922396266273147, 0.10089959568471797], [0.3212494330637397, 0.17412362223232147, 0.26811823956202513, 0.23650870514191355], [0.19128213276738185, 0.38961411087184034, 0.12906774238444502, 0.2900360139763328], [0.48244410529095816, 0.19470069513048657, 0.15766350995581974, 0.16519168962273553], [0.1590371777850277, 0.5558161789083059, 0.08069639664196927, 0.20445024666469727], [0.2255655964777662, 0.43562912660643305, 0.12264500701616672, 0.2161602698996339], [0.2691101503378216, 0.2702522949554808, 0.09054640462637865, 0.37009115008031884], [0.1777292247948308, 0.5509596001232088, 0.13571775310060227, 0.1355934219813583], [0.5573548240615515, 0.13859731109529314, 0.1771843230353741, 0.12686354180778137], [0.3020818666208105, 0.2463749602145617, 0.14413206573261117, 0.3074111074320168], [0.20807538564568406, 0.23279223180736303, 0.09188614593222122, 0.4672462366147317], [0.17146076513438765, 0.5565480334770448, 0.12555974341213855, 0.14643145797642892], [0.14780004385900472, 0.45939614007927826, 0.06260066469918583, 0.33020315136253126], [0.31117330009202865, 0.27824164610291785, 0.1863130447389491, 0.22427200906610453], [0.1781596604872896, 0.18935877785474614, 0.06574532929851529, 0.566736232359449], [0.4371509955081228, 0.3188239277209921, 0.06333841135212342, 0.1806866654187616], [0.21319692682399818, 0.389807772978735, 0.14195058821983755, 0.2550447119774294], [0.2199867309863476, 0.3249942783041811, 0.16248057309424577, 0.2925384176152255], [0.3072623939067195, 0.18925814778738118, 0.1336739833983867, 0.3698054749075125], [0.4162896693290553, 0.13019433668976907, 0.08037176905490934, 0.37314422492626625], [0.4240259903359449, 0.16270028440714487, 0.07081945311105908, 0.342454272145851], [0.37441648766902647, 0.3403803672246896, 0.0697795688338993, 0.21542357627238473], [0.1650066376260058, 0.4202007599031921, 0.2193398254555529, 0.19545277701524935], [0.20913007414618157, 0.29712384852829854, 0.20037592375962898, 0.2933701535658909], [0.1257894045449463, 0.3863569979647832, 0.1756142731567211, 0.31223932433354945], [0.16728886651710587, 0.22598820570733588, 0.24831960088896315, 0.35840332688659515], [0.2799873695443383, 0.4048403609858782, 0.1489708466429559, 0.1662014228268275], [0.13971550166012345, 0.12269606785207395, 0.05315435232640198, 0.6844340781614007], [0.24818214328883723, 0.297403189813585, 0.2745570419970597, 0.17985762490051815], [0.39655175954771477, 0.257845531029869, 0.15369583511790108, 0.19190687430451508], [0.1873301474447167, 0.5281908450348911, 0.10408907338869007, 0.18038993413170218], [0.17938660979853957, 0.37285900401943184, 0.11951364072826662, 0.32824074545376214], [0.35161307541038245, 0.1363085736101406, 0.1689344869731256, 0.3431438640063513], [0.39387865393551746, 0.17302974748381864, 0.2359822118989305, 0.19710938668173336], [0.21216702939805296, 0.33677151625806057, 0.16157140320052552, 0.2894900511433608], [0.46540881196179373, 0.2535302147491408, 0.13932607813732278, 0.14173489515174278], [0.3667747537694927, 0.3655255522442704, 0.06411483720134704, 0.20358485678488994], [0.1445337436078711, 0.44616095014715923, 0.23441011035656123, 0.1748951958884084], [0.3799516602055899, 0.2710845586180004, 0.13997932827107712, 0.20898445290533268], [0.250333275730753, 0.21559913853841856, 0.19516384799037523, 0.3389037377404533], [0.2274528814429883, 0.2547101452622118, 0.29666715114156383, 0.22116982215323594], [0.08572444477166577, 0.5573738263378416, 0.1787375407479829, 0.17816418814250976], [0.23493420438517282, 0.19141317858466256, 0.39035524408254, 0.18329737294762463], [0.37883132001187025, 0.384961707978612, 0.11223501025951702, 0.12397196175000086], [0.1888487462385389, 0.1619892899010392, 0.42391831742345587, 0.22524364643696598], [0.3783497773207407, 0.30146578047540246, 0.11823991403104027, 0.2019445281728168], [0.22168670161742543, 0.41309887950195884, 0.16676539745892133, 0.19844902142169452], [0.29605117447544144, 0.33163191536753606, 0.135949678629694, 0.23636723152732853], [0.29146505043820903, 0.32035970576280953, 0.07087770453238444, 0.31729753926659715], [0.13911922733865079, 0.37076500534708245, 0.29916491301774906, 0.1909508542965176], [0.18165324412318012, 0.22107366139929222, 0.13466196274399236, 0.4626111317335352], [0.3152838108276788, 0.21026856390102167, 0.17554786874449307, 0.29889975652680656], [0.3703906323344097, 0.18140679518815178, 0.16791989887422942, 0.2802826736032092], [0.3415129317264907, 0.34559119868793525, 0.15350039093539053, 0.15939547865018347], [0.1316151151580879, 0.41546672591976064, 0.3725954602621331, 0.0803226986600182], [0.21804667023842322, 0.270996722585294, 0.09929707863727734, 0.4116595285390054], [0.401557123236657, 0.40451087524796653, 0.09301583755946403, 0.10091616395591238], [0.13556038593562988, 0.6700287508931614, 0.08675618971928051, 0.10765467345192811], [0.13509519401997291, 0.5381102601358438, 0.08963633485541635, 0.23715821098876685], [0.1069560408003921, 0.2967139624801956, 0.2411919347534737, 0.3551380619659388], [0.3742027657382301, 0.2374845823390878, 0.08336610004687933, 0.3049465518758029], [0.2557221612178394, 0.30982639808802614, 0.21927540634200005, 0.21517603435213448], [0.29206403945428416, 0.2275362019861796, 0.16825499781480835, 0.31214476074472797], [0.05367325733449115, 0.37192847474927904, 0.07031428401787276, 0.5040839838983571], [0.48674080598285807, 0.15500120611102547, 0.17021455126141372, 0.18804343664470272], [0.2879301647411171, 0.3311037871534501, 0.16389909365813654, 0.21706695444729615], [0.24964438061567648, 0.23771965066518233, 0.17749526207795607, 0.33514070664118517], [0.14571184210289803, 0.1966812424114316, 0.10513992595740695, 0.5524669895282635], [0.17681842641642018, 0.15304307695995353, 0.06425790516857924, 0.6058805914550471], [0.19109569458615414, 0.27490246734355145, 0.13209297149609728, 0.40190886657419717], [0.14583975646552913, 0.33307389849124497, 0.16090202716456548, 0.36018431787866073], [0.1465080921026039, 0.15381916993736933, 0.3829357233493187, 0.316737014610708], [0.4371707068077843, 0.3236079822916715, 0.07191236954536319, 0.16730894135518115], [0.13662883203149967, 0.19847083524476541, 0.17150410704527405, 0.4933962256784609], [0.10304753241182693, 0.09978574800689932, 0.45604416488120203, 0.3411225547000717], [0.34443066737954275, 0.26035761095608434, 0.0898660373076664, 0.3053456843567066], [0.3341799928619464, 0.22838859240935794, 0.20170410216489648, 0.23572731256379903], [0.19353256895936113, 0.23041943454517774, 0.3000314623444022, 0.276016534151059], [0.22150802510920875, 0.5357354692374775, 0.06343092210529805, 0.17932558354801562], [0.18978781206802017, 0.47114554886467297, 0.1831815104438914, 0.15588512862341555], [0.12910623875272617, 0.613023824978655, 0.09935393826204271, 0.15851599800657606], [0.3617958731656611, 0.1632691177754773, 0.0585808699411938, 0.4163541391176679], [0.5019695170013617, 0.1498466644169434, 0.13410382488773123, 0.21407999369396374], [0.2574016255714533, 0.23599138680187656, 0.2166033530599695, 0.2900036345667008], [0.7281570700008718, 0.15349945435984655, 0.04253485336458496, 0.07580862227469676], [0.1742396711176617, 0.2250663899138643, 0.11003748983686394, 0.49065644913161016], [0.08147629561323852, 0.06901165576120757, 0.6042331739737659, 0.2452788746517881], [0.4179875979427726, 0.3647701970506935, 0.07969964139798931, 0.13754256360854442], [0.1889912272537203, 0.4011326120465811, 0.23439772881724513, 0.17547843188245368], [0.14540497460903387, 0.36245929947643163, 0.16326093439577, 0.3288747915187646], [0.1769172766046764, 0.31687828203438406, 0.08506417918695248, 0.4211402621739869], [0.17627937485733106, 0.29985222351049556, 0.3199899745570158, 0.20387842707515755], [0.14052074851828994, 0.2909589879098712, 0.41048410428512816, 0.15803615928671075], [0.30352748189561374, 0.23265861653757722, 0.19047049813478145, 0.27334340343202773], [0.1407622193021686, 0.2385450306377573, 0.12533266430617607, 0.495360085753898], [0.13518096214987804, 0.21162616358582012, 0.09977747395052144, 0.5534154003137803], [0.1360120464555457, 0.27168484663734543, 0.4337655627568447, 0.15853754415026414], [0.31282855407393356, 0.28623118284728355, 0.20989892197011248, 0.19104134110867038], [0.25532227315730444, 0.42632373793863054, 0.1188117552728413, 0.19954223363122378], [0.37670818118940314, 0.28430605112722046, 0.15796482604079048, 0.18102094164258606], [0.39293419527730117, 0.14466628736497958, 0.0822678213762658, 0.3801316959814534], [0.07890498209358558, 0.40316952253040267, 0.1670612170166003, 0.35086427835941153], [0.2873798561947502, 0.21103290991777934, 0.20027293318309347, 0.30131430070437704], [0.45037280630067866, 0.2552455005921055, 0.11448945858887356, 0.17989223451834227], [0.12991669836078779, 0.29356166953158735, 0.2931827787851747, 0.28333885332244996], [0.26636643312306135, 0.3455301976649817, 0.17314203247560087, 0.2149613367363561], [0.274260276265128, 0.19477639539316477, 0.29879035988131064, 0.23217296846039648], [0.21749932049989776, 0.539857309921962, 0.07667378029926736, 0.1659695892788728], [0.1618425377303186, 0.2226309109836615, 0.5005780164115003, 0.11494853487451945], [0.28423887659745034, 0.3034605762317021, 0.149272314572776, 0.26302823259807157], [0.08016898686098012, 0.6083967999298515, 0.055754908036117413, 0.255679305173051], [0.19245972747708578, 0.36711035680360865, 0.05295005035858593, 0.3874798653607196], [0.3234408977228716, 0.17892609578285915, 0.15376312378322865, 0.3438698827110407], [0.16698423402521054, 0.2678867275440932, 0.10487825947228509, 0.46025077895841127]]}, "rewritten": {"ids": ["97105580", "97106970", "97107260", "97107821", "97107950", "97110950", "97112300", "97113900", "97114170", "97116410", "98106680", "98106880", "98107210", "98108520", "98108580", "98109230", "98111231", "98111860", "98112300", "98112580", "98116940", "98119591", "98121790", "99105921", "99107300", "99107630", "99108080", "99108520", "99109141", "99110730", "99111620", "99112531", "99112840", "99116500", "99119830", "100107920", "100108260", "100109311", "100109801", "100109980", "100110260", "100111390", "100120010", "101108080", "101108290", "101111310", "101114020", "102109840", "102110500", "102110750", "102111990", "103111110", "103111830", "103112470", "103112641", "103113170", "103117461", "104109311", "104111620", "104111880", "104116441", "104116800", "104117200", "105110091", "105112100", "105112260", "105113440", "105113620", "105115680", "105116090", "105117431", "105119950", "106111321", "106113190", "106114280", "106115250", "106116120", "106116820", "106120290", "106121220", "107113130", "107113840", "107114110", "107114950", "107117630", "107118490", "107120880", "107121230", "107121640", "108114670", "108117451", "108118291", "108120621", "108121160", "109114651", "109114720", "109115380", "109118161", "109118231", "109119340", "109120540", "110113931", "110114321", "110114610", "110114720", "110116170", "110116441", "110117140", "110118701", "110119891", "110120531", "110120540", "110121500", "111115770", "111116170", "111116411", "111117480", "111118820", "111119150", "111119290", "111119340", "111119580", "111119950", "111120280", "111121190", "112116290", "112116501", "112116610", "112117210", "112117461", "112118810", "112118820", "112119120", "112120670", "112121430", "113117550", "113118690", "113118810", "113119700", "113120260", "113122180", "113122510"], "labels": [1, 2, 2, 2, 2, 3, 2, 2, 2, 3, 1, 0, 1, 2, 0, 1, 1, 0, 2, 2, 2, 1, 2, 1, 3, 2, 3, 2, 3, 3, 3, 3, 2, 2, 1, 0, 3, 1, 0, 1, 3, 2, 0, 0, 0, 3, 3, 2, 3, 1, 2, 3, 3, 1, 3, 3, 0, 3, 0, 3, 1, 1, 3, 0, 1, 3, 0, 0, 2, 1, 1, 3, 0, 0, 3, 2, 1, 1, 2, 1, 1, 3, 1, 3, 0, 2, 1, 0, 1, 3, 2, 3, 1, 2, 3, 0, 3, 0, 1, 3, 1, 1, 1, 1, 3, 0, 3, 3, 3, 3, 0, 1, 3, 3, 0, 0, 1, 0, 3, 3, 3, 3, 0, 0, 1, 0, 3, 1, 1, 0, 3, 0, 1, 2, 2, 3, 3, 3, 0, 3, 2, 2], "predicted_labels": [3, 2, 2, 0, 1, 3, 3, 3, 1, 2, 1, 1, 1, 3, 1, 3, 0, 3, 3, 3, 3, 1, 0, 3, 0, 1, 1, 1, 0, 3, 0, 3, 1, 2, 1, 3, 3, 3, 3, 0, 0, 3, 3, 3, 1, 1, 0, 1, 0, 1, 3, 1, 0, 1, 3, 1, 3, 0, 0, 3, 1, 3, 0, 0, 2, 1, 3, 2, 1, 0, 1, 0, 3, 3, 3, 1, 3, 0, 1, 3, 3, 3, 3, 1, 1, 1, 3, 2, 2, 1, 1, 0, 0, 0, 0, 3, 3, 0, 0, 0, 0, 1, 0, 3, 1, 1, 3, 1, 2, 1, 3, 1, 0, 1, 3, 0, 3, 1, 3, 1, 0, 0, 0, 3, 0, 3, 3, 1, 2, 0, 1, 3, 3, 3, 3, 1, 1, 1, 1, 0, 3, 2], "confidence_scores": [[0.24077345904242659, 0.23041807497547245, 0.24165402466486824, 0.2871544413172328], [0.1902003734488916, 0.28847253193520217, 0.3265068879873065, 0.1948202066285998], [0.19257537987551, 0.2419293888347806, 0.2959861875050797, 0.26950904378462986], [0.4108552483871408, 0.22199704917909485, 0.08923546429124471, 0.2779122381425196], [0.17078752728583416, 0.34573596570529475, 0.3159855048040252, 0.16749100220484592], [0.16827218324703078, 0.2546073196102027, 0.07019251938425304, 0.5069279777585135], [0.3148831894679086, 0.1996055840232577, 0.118578529891911, 0.3669326966169226], [0.2869182329996142, 0.21723144892029672, 0.178782921439402, 0.31706739664068695], [0.1337074421622918, 0.6448245231146551, 0.08512852476942759, 0.1363395099536256], [0.19613991628468683, 0.16581544780016635, 0.5186944623010519, 0.11935017361409492], [0.16209366235297423, 0.500761472681067, 0.09893598289503457, 0.23820888207092428], [0.13804317554674034, 0.45708308331895864, 0.09309196449664228, 0.3117817766376587], [0.19624063385794913, 0.45881742623809046, 0.16519987020872223, 0.1797420696952382], [0.10660269953199156, 0.25077888783838964, 0.08065379484331683, 0.561964617786302], [0.15961939794263677, 0.3703409158435627, 0.18694193905821616, 0.28309774715558433], [0.15477297665737658, 0.1729615983816399, 0.1509260368165714, 0.5213393881444123], [0.37457378632494476, 0.18918989470519196, 0.09013102721993155, 0.3461052917499316], [0.21772300158152455, 0.29155914071162703, 0.15969597651424736, 0.331021881192601], [0.2473580663510114, 0.24778116264756644, 0.23582265836233043, 0.2690381126390918], [0.06958123362372698, 0.38262677416128976, 0.13330978809550975, 0.41448220411947356], [0.08912743692808733, 0.22800370590289268, 0.05698214145404044, 0.6258867157149796], [0.23502918757090768, 0.2853066229352685, 0.2322061389969961, 0.2474580504968278], [0.3372035456981446, 0.19801163870599534, 0.1966092371271989, 0.2681755784686611], [0.24542739292303026, 0.24743332182290864, 0.12115488664708005, 0.3859843986069811], [0.6669926781667385, 0.09191131357110359, 0.06707511571290659, 0.17402089254925138], [0.19152728610179479, 0.3443859038079812, 0.23861546852121895, 0.22547134156900506], [0.2154240390595062, 0.5032508252407839, 0.1420129484354268, 0.1393121872642833], [0.17517586196325524, 0.43687517331917325, 0.19398717514022631, 0.19396178957734514], [0.5435818030262862, 0.18299207906158071, 0.10176174776693006, 0.17166437014520308], [0.2103965990015987, 0.24247053572921484, 0.2430783775017424, 0.30405448776744415], [0.3553875450495554, 0.23283943690302178, 0.14618741038215138, 0.2655856076652714], [0.25417705390253637, 0.18524575656855297, 0.05965006308109252, 0.5009271264478181], [0.156507518769476, 0.48960364680205626, 0.09665223530208675, 0.257236599126381], [0.12101877324054278, 0.27734605330985057, 0.45282810272273794, 0.14880707072686875], [0.19438689120159586, 0.4459273589523273, 0.11511004432577888, 0.244575705520298], [0.17576397178553635, 0.0857596977348678, 0.039094205348817995, 0.6993821251307778], [0.2644426186750126, 0.24611915418605892, 0.11739042143656571, 0.37204780570236284], [0.24676246077845235, 0.2545077176843176, 0.1630179263196062, 0.3357118952176239], [0.28352327947340744, 0.26029685395355356, 0.1333006418840104, 0.3228792246890288], [0.4360458716237373, 0.15477818260327605, 0.22605178524833294, 0.1831241605246537], [0.4130878762061389, 0.21887975857350317, 0.14228631840258404, 0.2257460468177738], [0.1445728575942689, 0.3211059589642975, 0.061928190151711984, 0.4723929932897216], [0.24265400557176225, 0.25971019004465373, 0.119401903225978, 0.3782339011576062], [0.14027602541511666, 0.3626016327933659, 0.04608656306135232, 0.45103577873016515], [0.17858780376696406, 0.43585893442388096, 0.1130028632938385, 0.2725503985153166], [0.24012816415362676, 0.34060668388664533, 0.13825566487841026, 0.2810094870813177], [0.3408417058704116, 0.22054908566607845, 0.2722530268272651, 0.1663561816362447], [0.16084167153734003, 0.3851241398369844, 0.29210350579626193, 0.1619306828294137], [0.3364118336706715, 0.22062004181350395, 0.1557713845849355, 0.28719673993088884], [0.24116696791255862, 0.48190417028465043, 0.1263550081147852, 0.15057385368800566], [0.2331773090683285, 0.17188596858220934, 0.2525002659339846, 0.34243645641547743], [0.21563804595936986, 0.32656590020576387, 0.2749416882966936, 0.18285436553817278], [0.3001383793418404, 0.11286270622308653, 0.29493697545407155, 0.29206193898100175], [0.26687170812452604, 0.33351803643964056, 0.1770908267226933, 0.22251942871314012], [0.21959253669131443, 0.2854763744912236, 0.11581772264391532, 0.3791133661735466], [0.14768477232008775, 0.5183622188140756, 0.10876978745623422, 0.22518322140960245], [0.09588820061078974, 0.14318091935341207, 0.08070847866293585, 0.6802224013728624], [0.45217100772296687, 0.12131506017593616, 0.059733902382894916, 0.36678002971820217], [0.513186273834643, 0.10978314154192301, 0.09799029481288499, 0.2790402898105492], [0.1672958410267053, 0.16559346513158393, 0.24589337388556395, 0.421217319956147], [0.22014204765258025, 0.4346740018025189, 0.16044021621690396, 0.1847437343279968], [0.2258310170277025, 0.26981407583864125, 0.15758480259855048, 0.34677010453510576], [0.34531646267010113, 0.3169073180554975, 0.1320130074262404, 0.20576321184816088], [0.3601908977042542, 0.2592461231308551, 0.13206160609118553, 0.24850137307370532], [0.250252836031557, 0.15172919836926785, 0.3593536396563164, 0.23866432594285866], [0.23492410128047628, 0.3861203572783084, 0.18332939612323562, 0.1956261453179797], [0.25290424189917393, 0.1507326537302283, 0.18263849183773442, 0.4137246125328634], [0.19258494892550795, 0.28349011260922335, 0.3301358297098548, 0.1937891087554142], [0.16791273087803602, 0.3884357007471453, 0.1681527123984982, 0.2754988559763205], [0.4022096974158536, 0.2930120052557003, 0.14859793091968324, 0.15618036640876276], [0.2834656060044478, 0.3643211636776305, 0.11967111938195167, 0.2325421109359703], [0.44705601926146793, 0.14986398870525436, 0.08534701174008331, 0.3177329802931943], [0.19678308331514363, 0.28229176834582026, 0.17371109914016147, 0.34721404919887483], [0.16767235411921322, 0.20462068542189754, 0.07934190827418039, 0.5483650521847091], [0.22343957433634842, 0.21303404158778683, 0.2670993549232063, 0.2964270291526584], [0.17021387136541938, 0.3906712662548951, 0.12839081498959562, 0.3107240473900899], [0.21318117698152517, 0.29605782552383186, 0.16543970085842744, 0.32532129663621545], [0.54524666415611, 0.25843769906586317, 0.06548676921696651, 0.13082886756106019], [0.3020601729326331, 0.34289033651431877, 0.1687966920264936, 0.18625279852655452], [0.2508435661804654, 0.31148247785854394, 0.11902788445676496, 0.31864607150422564], [0.20336654894941633, 0.21923100949953295, 0.25864479356777215, 0.31875764798327866], [0.16482493175458882, 0.1749452491138143, 0.267212697468926, 0.39301712166267094], [0.19448718656894337, 0.14769062795229204, 0.0828996746229154, 0.5749225108558492], [0.28118085842462404, 0.2869364557333595, 0.20092552549032752, 0.23095716035168898], [0.27792455379089254, 0.3002436240352475, 0.19538306930999402, 0.2264487528638659], [0.15190502971224973, 0.3831786196100084, 0.35603113403464115, 0.10888521664310082], [0.1782200534864778, 0.18781384734409207, 0.042502534306687385, 0.5914635648627428], [0.10420648668850375, 0.2685351374876313, 0.4115627275149999, 0.2156956483088652], [0.10348188782022912, 0.14160922009883414, 0.6432366454958415, 0.1116722465850953], [0.20136957257087498, 0.5891863008825194, 0.05213805436808113, 0.15730607217852435], [0.2485227603052752, 0.32055833131861317, 0.11657864705489084, 0.31434026132122084], [0.6266579781833473, 0.13390037474520178, 0.10774459643969646, 0.1316970506317545], [0.3804783556270856, 0.2093592086765133, 0.11774589997327307, 0.2924165357231282], [0.4557054876926355, 0.21885600434783412, 0.06872720686505449, 0.2567113010944758], [0.30585124433820304, 0.1889373615275456, 0.20700665446157554, 0.2982047396726758], [0.17120850113858174, 0.1568513588550013, 0.22613166231369794, 0.4458084776927191], [0.1477136090086504, 0.2710281691105027, 0.14103478147561016, 0.44022344040523675], [0.6075206462098306, 0.2669054081596557, 0.05103688541579208, 0.0745370602147216], [0.4538787760128334, 0.13756119120069815, 0.12451959394028056, 0.28404043884618807], [0.5008079136841027, 0.17648616665969272, 0.08956609865598998, 0.2331398210002147], [0.4261476346688152, 0.20852786313577729, 0.08390217802442469, 0.2814223241709828], [0.09955193305038303, 0.4142745916252042, 0.08089635766881333, 0.4052771176555994], [0.3388326625033527, 0.2780123338414892, 0.21466889484811327, 0.16848610880704493], [0.18812746213342674, 0.2315214674498382, 0.20088799548001368, 0.37946307493672143], [0.07249615562146766, 0.49011391365973095, 0.3766912499342508, 0.06069868078455057], [0.17967125343151796, 0.3851597326790763, 0.0890464947573937, 0.3461225191320121], [0.2894390399497982, 0.1941373827930551, 0.12763010226548643, 0.38879347499166017], [0.16601314058427058, 0.6219108229476646, 0.09677458986522276, 0.11530144660284188], [0.09468350385077455, 0.2412646153232474, 0.46499309282701623, 0.19905878799896196], [0.24804933558128286, 0.36889093515280313, 0.14013592887191922, 0.24292380039399505], [0.3042377089795484, 0.17065833061700011, 0.11548535181260702, 0.40961860859084465], [0.16228004840370985, 0.4115813856220833, 0.24852388654679458, 0.17761467942741227], [0.3322182140392744, 0.22272574355693167, 0.11294234950541242, 0.33211369289838155], [0.23793962261697793, 0.35016665776444544, 0.1527073173613871, 0.2591864022571895], [0.16425734056077942, 0.2858602578550891, 0.1282076628906049, 0.42167473869352656], [0.3660809366074695, 0.29039828951500357, 0.08683533632967122, 0.25668543754785594], [0.23191836618083503, 0.24393522868784895, 0.05356571776507806, 0.47058068736623815], [0.18963122732728216, 0.4553722367779201, 0.06921822940059533, 0.28577830649420255], [0.10838180527077869, 0.2721377319116766, 0.09110224369575311, 0.5283782191217916], [0.1174067071265167, 0.43730762441412935, 0.12984139897047037, 0.31544426948888377], [0.3424557188252, 0.2711903353144625, 0.190998319728579, 0.19535562613175836], [0.4465538332038675, 0.3786786385365022, 0.057254741725399315, 0.11751278653423113], [0.3191886887773656, 0.310706546386446, 0.07175963493690717, 0.29834512989928125], [0.20504908591188054, 0.18543833294032938, 0.06860543318390078, 0.5409071479638892], [0.4141150703657594, 0.19570721237414496, 0.07807644599122691, 0.3121012712688686], [0.23850052757059936, 0.19513050087644684, 0.16421824984062985, 0.402150721712324], [0.12775701106979948, 0.39097515908111824, 0.051342457346469104, 0.4299253725026132], [0.1128632093408874, 0.6093657354661267, 0.11129936385230094, 0.16647169134068523], [0.2356747182126932, 0.1690100737429168, 0.38436893913146974, 0.21094626891292023], [0.43896131345991174, 0.2128175407762348, 0.10249694883124168, 0.24572419693261177], [0.32403870889824987, 0.33012088352159763, 0.06817166397925103, 0.27766874360090144], [0.26341875139369525, 0.1386118021733957, 0.07444704505830958, 0.5235224013745994], [0.22151537801591245, 0.23776961112838724, 0.21531931606953902, 0.32539569478616154], [0.22331441406073738, 0.2207774567520858, 0.24406364530729954, 0.31184448387987734], [0.26828969507194395, 0.11960969190244776, 0.2575591874161745, 0.35454142560943397], [0.2780871228197597, 0.32517730389891514, 0.10829963774731853, 0.2884359355340066], [0.29188613560479965, 0.33322338841898813, 0.13711201861194927, 0.23777845736426292], [0.17583170760737354, 0.3544426611409493, 0.16654274445154174, 0.30318288680013544], [0.15321778724418478, 0.4523016696235512, 0.1415805065681125, 0.2529000365641514], [0.582188541396435, 0.1288907914211305, 0.14159532425928026, 0.14732534292315408], [0.1639533798508335, 0.3597312554255561, 0.08841437344183568, 0.3879009912817748], [0.230777625744744, 0.20618439475005537, 0.4085219890352912, 0.15451599046990963]]}}