{"test": {"ids": ["107120010", "104114740", "113120260", "110117200", "111120190", "97106600", "97107681", "101111990", "99110730", "110121720", "97114170", "109117600", "105116441", "99105921", "111120531", "111116640", "112117461", "106117650", "100109801", "99111930", "104111780", "111115620", "101108080", "107113550", "97107950", "103117200", "107121540", "111116170", "101108500", "98109230", "111116100", "99114890", "112117580", "104113210", "109121351", "104113240", "97105580", "111116110", "113122430", "100111270", "110118701", "101119591", "98108370", "98117740", "112118161", "111118910", "107113360", "112119580", "97107920", "113122150", "110116290", "112118701", "110118810", "99108010", "110118880", "105116650", "101117580", "102110240", "108115570", "103118291", "108117720", "108114270", "107114280", "112119980", "110118161", "105115250", "102110050", "108118630", "102109850", "112116990", "106119990", "104116441", "98109090", "100110050", "105118740", "99108710", "97106000", "109120150", "100107920", "112120670", "103120531", "111114171", "99107630", "109121410", "113122510", "104118070", "112117431", "106120640", "104114230", "97116800", "109117110", "97113900", "101115190", "98116090", "99107500", "99109840", "104113000", "112121010", "103113640", "105115380", "100111380", "106114880", "109114220", "102121700", "108116481", "113119300", "111119150", "97105960", "98106560", "109116040", "109117730", "110120700", "108114040", "107114140", "112118930", "105111990", "99119830", "100110260", "98108970", "103111540", "99108080", "98110230", "103110100", "104111550", "113120830", "111120220", "108114180", "100120780", "103111930", "112121360", "111121190", "111115770", "109115220", "110114610", "103110220", "112120990", "106111321", "106116120", "110118121", "106112770", "101119030", "98108520"], "labels": [1, 2, 3, 3, 3, 3, 3, 2, 3, 3, 2, 1, 1, 1, 0, 0, 0, 1, 0, 1, 3, 1, 0, 0, 2, 0, 2, 0, 3, 1, 3, 2, 0, 3, 0, 2, 1, 3, 2, 2, 3, 0, 1, 2, 0, 0, 0, 3, 0, 2, 2, 0, 1, 2, 0, 1, 3, 3, 3, 0, 1, 3, 3, 0, 0, 2, 3, 1, 1, 0, 0, 1, 1, 3, 1, 2, 0, 2, 0, 2, 3, 3, 2, 0, 2, 2, 0, 3, 2, 0, 1, 2, 1, 0, 0, 2, 1, 2, 1, 1, 3, 0, 3, 1, 0, 1, 3, 2, 1, 0, 3, 2, 0, 2, 1, 2, 1, 3, 3, 1, 3, 3, 1, 1, 3, 3, 1, 1, 3, 3, 1, 3, 3, 1, 2, 2, 0, 1, 3, 1, 3, 2], "predicted_labels": [3, 3, 1, 1, 1, 2, 2, 2, 3, 1, 3, 1, 1, 0, 3, 2, 3, 1, 3, 1, 1, 0, 3, 2, 3, 0, 1, 0, 1, 2, 3, 1, 3, 0, 0, 1, 0, 3, 3, 2, 0, 0, 2, 1, 3, 3, 2, 3, 1, 0, 2, 3, 0, 2, 3, 1, 0, 2, 2, 1, 1, 3, 1, 3, 0, 0, 1, 3, 2, 0, 3, 3, 3, 3, 3, 1, 3, 2, 3, 2, 1, 0, 3, 3, 1, 2, 1, 1, 2, 0, 3, 0, 1, 1, 3, 2, 2, 0, 0, 1, 0, 2, 3, 0, 3, 3, 3, 2, 0, 3, 0, 3, 2, 1, 3, 0, 1, 3, 1, 3, 3, 1, 3, 1, 3, 0, 3, 3, 0, 0, 0, 3, 3, 1, 3, 1, 0, 1, 3, 3, 0, 0], "confidence_scores": [[0.00531186911247489, 0.3733484770660386, 0.01505806858322307, 0.6062815852382635], [0.06781867523161209, 0.0899829377875154, 0.11568028249734146, 0.726518104483531], [0.0008397274887043416, 0.9086810843747809, 0.01056273105801518, 0.07991645707849976], [0.2814733129032477, 0.5918932308507201, 0.08060149462251857, 0.04603196162351363], [0.042608801921226284, 0.856750311694864, 0.04035558169134627, 0.06028530469256348], [0.0635733838153512, 0.20455675327088835, 0.46840463606592275, 0.26346522684783763], [0.00018818990194771677, 0.0025170012589931434, 0.9545700486734813, 0.04272476016557787], [0.02137474261389527, 0.016046084535963463, 0.9300936992968203, 0.032485473553320876], [0.005016943121886587, 0.001204499007233352, 0.004142296989147673, 0.9896362608817323], [0.011172213776521368, 0.9475142601212537, 0.01458049806512434, 0.026733028037100582], [0.00012370008786432072, 0.05882952508259636, 0.07011677292207748, 0.8709300019074618], [0.09417211592891966, 0.8771447188470138, 0.009639191993030663, 0.01904397323103588], [0.00526339856798847, 0.9817561873544224, 0.0007652917157159932, 0.012215122361873198], [0.9297486120033737, 0.0019204948952663513, 0.0680674818431984, 0.00026341125816151323], [0.0008417477279439433, 0.140680957862456, 0.000487842036332431, 0.8579894523732675], [0.07974568813782468, 0.14609339242544636, 0.7728633133780184, 0.0012976060587106776], [0.17493907540792636, 0.00967685034861636, 0.007514163470751597, 0.8078699107727058], [0.020070972426135678, 0.6955022119293756, 0.11927995352148126, 0.1651468621230075], [0.04143135890245665, 0.40971604178981774, 0.010690579076972958, 0.5381620202307525], [0.009994752162426717, 0.9594816375811869, 0.02551311684557593, 0.005010493410810291], [0.006721050873463322, 0.9870967628252648, 0.00040579876393704103, 0.005776387537334812], [0.7018638208034959, 0.2262313571675497, 0.06715735671640416, 0.0047474653125503625], [0.2053451354923136, 0.031365125689263466, 0.001153054035994981, 0.7621366847824279], [0.3403048866391124, 0.031974652463203454, 0.43713587381872676, 0.19058458707895742], [0.004738712425552412, 0.061308748652510764, 0.08817386239401473, 0.845778676527922], [0.6550223686128622, 0.07002673982608137, 0.03547183867641873, 0.2394790528846378], [0.01829125590868691, 0.7610164621789614, 0.16689566962106572, 0.053796612291286], [0.7681349965786474, 0.08112095809384579, 1.433319408525298e-06, 0.15074261200809833], [0.007635668996881828, 0.7717929022806346, 0.007365457954007278, 0.21320597076847642], [0.04108897796352422, 0.0034819823851785937, 0.8508969848839306, 0.10453205476736654], [0.1604288981435572, 0.09297400113661754, 0.0034500605849504084, 0.7431470401348749], [0.00039363319465999586, 0.9133259656410543, 0.07414790437531847, 0.0121324967889671], [0.007915636781610235, 0.002035961989313736, 0.0005897038811994239, 0.9894586973478766], [0.9113444458466795, 0.0011871246607355406, 0.019447694933524634, 0.06802073455906013], [0.4165709364804113, 0.24707132311426194, 0.0003871890299041636, 0.3359705513754227], [0.3227282017329935, 0.532200438610908, 0.11818660749963217, 0.026884752156466327], [0.9455435670931922, 7.1288182497905035e-06, 0.029269710508092593, 0.025179593580465374], [0.0005980786932616194, 0.0007391138915779915, 0.006198001636354404, 0.9924648057788059], [0.0015061231739364627, 0.02087714294784865, 0.018742189368208616, 0.9588745445100062], [0.00030788555746091145, 0.21570013289866238, 0.7573872950020347, 0.026604686541842056], [0.6746398028818414, 0.12377788017588309, 0.1378513620009694, 0.06373095494130598], [0.7826105510614775, 0.011680676363708814, 0.008503518746456527, 0.1972052538283572], [0.00026132606994839884, 0.036495065605395054, 0.7290070526610978, 0.23423655566355864], [0.0056970477911275404, 0.7736280854363861, 0.022793524914841764, 0.19788134185764472], [0.007843753674887726, 0.03896886765686899, 0.0003209952482510351, 0.9528663834199922], [0.1448847768800409, 0.3479496434794206, 0.020216021329640715, 0.48694955831089787], [0.04695777067079572, 0.14659141183268676, 0.48300133068602424, 0.32344948681049324], [0.06993352142074212, 0.19461463114448954, 0.04911729108225914, 0.6863345563525092], [0.2241072695728934, 0.5122063261515701, 0.055306571129636044, 0.2083798331459004], [0.3698123875942212, 0.27133955815052785, 0.11112671532263355, 0.24772133893261739], [0.0656607315418196, 0.00019951029091127943, 0.9308709189173847, 0.003268839249884396], [0.00391922852464736, 0.14182055974194, 0.0019266098696480505, 0.8523336018637646], [0.7205060074716659, 0.10614437391374947, 0.08450377232901492, 0.08884584628556978], [0.010617822662330008, 0.2336355402992183, 0.553036362343793, 0.2027102746946587], [0.24139107974271456, 0.2990879431128926, 0.00472225168771656, 0.4547987254566764], [0.05276164043856759, 0.790010497095023, 0.09969761034799039, 0.05753025211841918], [0.8811337023828449, 0.04871315495014616, 0.00018950956120471717, 0.06996363310580424], [0.20893147479403557, 0.28306604928293927, 0.4799364879134166, 0.02806598800960868], [0.02426620169800557, 0.02182451080659938, 0.8315337646650176, 0.12237552283037739], [0.008903215116355542, 0.5625232644488062, 0.0580043317732641, 0.3705691886615742], [0.2840375996606132, 0.6053006286382178, 0.08366721561498602, 0.02699455608618303], [0.02702195805611783, 0.08396817890153828, 0.04630103001254656, 0.8427088330297973], [0.3614362576639342, 0.5004362914512687, 0.1321251553610264, 0.006002295523770814], [0.2520980175581828, 0.005480518977432768, 0.004199249815864727, 0.7382222136485197], [0.735291486072914, 0.04251973096053688, 0.056603641681545816, 0.1655851412850033], [0.4628269686882667, 0.3279544442181545, 0.02960964426543725, 0.17960894282814138], [0.0303496140503969, 0.6076733790461688, 0.29682797738056893, 0.06514902952286533], [0.0003554812886319162, 0.1170726748123017, 0.0032037759268320675, 0.8793680679722343], [0.3780234996705913, 0.09318781980187432, 0.5035594252056124, 0.02522925532192201], [0.8350728491379336, 0.0043879744495780235, 0.00875045211020739, 0.151788724302281], [2.438989402744125e-05, 0.0003161715944287734, 0.02285327505774932, 0.9768061634537945], [0.18395391493396773, 0.23377654772640916, 6.750614089843777e-05, 0.5822020311987246], [0.002496147728036311, 0.08781678567348018, 0.414237529781538, 0.49544953681694537], [0.0028100059907884686, 0.10119872085124078, 0.047695105803654866, 0.8482961673543158], [0.4261603700352403, 0.003890277239080922, 0.028617440353648996, 0.5413319123720297], [0.0035112941828941016, 0.9733981122370234, 0.003512733882316694, 0.019577859697765855], [0.002568244824617354, 0.23656004608375492, 0.18655754730078844, 0.5743141617908393], [0.0009304722851186954, 0.003446727985784416, 0.9903098959989487, 0.005312903730148075], [0.015852095535837368, 0.009584263083848311, 0.003566862681631915, 0.9709967786986824], [0.011057112765001029, 0.2748642474926434, 0.7069052351224341, 0.007173404619921575], [0.0017356424565931393, 0.9973257842535485, 0.0006122750905127111, 0.0003262981993456972], [0.6339919805982143, 0.0003010298425972691, 3.1816690963909977e-06, 0.3657038078900922], [0.34567556137358846, 0.013250178888895904, 0.24377135055605603, 0.3973029091814596], [0.009507140960446817, 0.0009231302622775196, 0.000961957982400637, 0.988607770794875], [0.34611088016831093, 0.4846088276427866, 0.13099269790718077, 0.03828759428172168], [0.18901797272684498, 0.21272091132216212, 0.305200706571896, 0.29306040937909694], [0.3276872668636333, 0.39818819999469424, 0.0026182493854765634, 0.271506283756196], [0.0002100008509492418, 0.9971252999841237, 0.0018234209832283124, 0.0008412781816987979], [0.010763122240437552, 0.16446816987818774, 0.8138957810720109, 0.010872926809363784], [0.9511133746549261, 0.0010521387681911207, 0.039834727786455394, 0.007999758790427523], [0.13205850729452948, 0.04745770850648133, 0.010358158118371442, 0.8101256260806177], [0.70320297596733, 0.07884362364055114, 0.21745353543381063, 0.0004998649583083211], [0.009766109261426435, 0.9236164775161448, 0.04167959499639641, 0.02493781822603234], [0.03203529334406806, 0.7936797113804059, 0.1516984708744607, 0.022586524401065247], [0.0008840709188849342, 0.001957636931260165, 0.29266085007452164, 0.7044974420753334], [0.11645020878903548, 0.005558516832144971, 0.7153805243392092, 0.16261075003961045], [0.0012144355250837925, 0.0005173039136542062, 0.5652106546576213, 0.4330576059036406], [0.4710787329377099, 0.2428441584341829, 0.014265322791712883, 0.2718117858363943], [0.9314830964213925, 0.024903374784995814, 0.021687756961954626, 0.02192577183165711], [3.0306397524416692e-05, 0.989907274838173, 0.003980845959121624, 0.006081572805181056], [0.986514499239783, 0.013196141742508646, 8.93874059488783e-06, 0.0002804202771132906], [0.0014492601873027145, 0.125872506089117, 0.872106081521495, 0.0005721522020853357], [0.09266174272365582, 0.333669352425881, 0.23951915556313452, 0.3341497492873286], [0.6703609717078647, 0.32167265134151907, 0.002824272315338453, 0.005142104635277914], [0.004036377447684288, 1.900854276290173e-06, 8.730245302633681e-05, 0.9958744192450132], [0.04961541316624884, 0.0072376739326501845, 4.021154149446106e-05, 0.9431067013596065], [0.15759859263904982, 0.18719328852373218, 0.000989371746949511, 0.6542187470902685], [0.07118495068721933, 0.005403343301091623, 0.7857687321262664, 0.13764297388542268], [0.9402049936739613, 0.03884228862384734, 0.007693640855218433, 0.01325907684697302], [0.033880724631932785, 0.11487048021003168, 0.1178826961473044, 0.7333660990107311], [0.992597182014883, 0.003489235079842255, 0.0010770089500435317, 0.0028365739552313756], [0.028635334635807013, 0.169586969363463, 0.07048457986744751, 0.7312931161332824], [0.006228596076787769, 0.07265227149418557, 0.8072789796095019, 0.11384015281952481], [0.2989047244834967, 0.5840118339481517, 0.09057762190093731, 0.026505819667414256], [0.41370402724298727, 0.0571430178388976, 0.07624564654405601, 0.45290730837405907], [0.9681034563516291, 0.009305812266234444, 0.004729257593218275, 0.017861473788918024], [0.0026628007199744124, 0.5700065888885917, 0.3576896493513733, 0.0696409610400607], [0.13419546010994668, 0.003109136411137218, 0.02242229487805419, 0.8402731086008618], [0.04784649234447496, 0.8156429964041719, 0.11648587594730508, 0.0200246353040481], [0.0057540904866489415, 0.029939057337955266, 0.011823395928023188, 0.9524834562473726], [0.1827478191543058, 0.2553608666017978, 0.003421362341381955, 0.5584699519025145], [0.015659925484009973, 0.688145361588773, 0.010608905474594813, 0.2855858074526222], [0.18097743998934746, 0.0009345968358326312, 0.0016707681436261524, 0.8164171950311938], [0.07510638330575814, 0.6436809626878283, 0.12828525609537852, 0.15292739791103507], [0.09995409450022512, 0.09634441028590056, 0.19283378374328503, 0.6108677114705893], [0.9989988237595753, 0.000827832253155113, 8.296533636992373e-06, 0.00016504745363273693], [7.078565374820777e-05, 0.005534542532686277, 0.0009789776290757696, 0.9934156941844898], [0.27488583586421644, 0.003975003668553499, 0.009930955449958806, 0.7112082050172713], [0.7463648270019063, 0.21527107366350828, 0.00729875737926386, 0.031065341955321613], [0.8691406837381153, 0.011858251361493339, 7.735908550226619e-05, 0.11892370581488912], [0.49444813261277026, 0.1629144474409949, 0.09003132265703957, 0.25260609728919525], [0.03498314042627499, 0.007727871946139084, 0.0002814027876704772, 0.9570075848399154], [0.04100657168803765, 0.011265150979067261, 0.05370450844129548, 0.8940237688915996], [0.004399574201395015, 0.6032470895539059, 0.36735006771643686, 0.02500326852826225], [0.03706171886088032, 0.13107788902459017, 0.0870004018331752, 0.7448599902813544], [0.3053366182478729, 0.5559117805597183, 0.0410409041470714, 0.09771069704533744], [0.7560440697759431, 0.04384518579722391, 0.07207021759395374, 0.1280405268328794], [0.009539442585640136, 0.793973669403256, 0.11872592458597055, 0.07776096342513344], [0.0012531836918800287, 0.06234556558925337, 0.0013354149295068622, 0.9350658357893598], [0.00042829195867982473, 0.14413474773116888, 0.15924440131465675, 0.6961925589954945], [0.9098807975981731, 0.01572204759653751, 0.00015708355629929607, 0.07424007124899017], [0.7604007487093392, 0.15366726822013807, 0.0025208291226196436, 0.08341115394790309]]}, "rewritten": {"ids": ["97105580", "97105960", "97106000", "97106600", "97107681", "97107920", "97107950", "97113900", "97114170", "97116800", "98106560", "98108370", "98108520", "98108970", "98109090", "98109230", "98110230", "98116090", "98117740", "99105921", "99107500", "99107630", "99108010", "99108080", "99108710", "99109840", "99110730", "99111930", "99114890", "99119830", "100107920", "100109801", "100110050", "100110260", "100111270", "100111380", "100120780", "101108080", "101108500", "101111990", "101115190", "101117580", "101119030", "101119591", "102109850", "102110050", "102110240", "102121700", "103110100", "103110220", "103111540", "103111930", "103113640", "103117200", "103118291", "103120531", "104111550", "104111780", "104113000", "104113210", "104113240", "104114230", "104114740", "104116441", "104118070", "105111990", "105115250", "105115380", "105116441", "105116650", "105118740", "106111321", "106112770", "106114880", "106116120", "106117650", "106119990", "106120640", "107113360", "107113550", "107114140", "107114280", "107120010", "107121540", "108114040", "108114180", "108114270", "108115570", "108116481", "108117720", "108118630", "109114220", "109115220", "109116040", "109117110", "109117600", "109117730", "109120150", "109121351", "109121410", "110114610", "110116290", "110117200", "110118121", "110118161", "110118701", "110118810", "110118880", "110120700", "110121720", "111114171", "111115620", "111115770", "111116100", "111116110", "111116170", "111116640", "111118910", "111119150", "111120190", "111120220", "111120531", "111121190", "112116990", "112117431", "112117461", "112117580", "112118161", "112118701", "112118930", "112119580", "112119980", "112120670", "112120990", "112121010", "112121360", "113119300", "113120260", "113120830", "113122150", "113122430", "113122510"], "labels": [1, 2, 0, 3, 3, 0, 2, 2, 2, 0, 1, 1, 2, 3, 1, 1, 3, 0, 2, 1, 0, 2, 2, 3, 2, 2, 3, 1, 2, 1, 0, 0, 3, 3, 2, 3, 1, 0, 3, 2, 1, 3, 3, 0, 1, 3, 3, 1, 1, 2, 1, 3, 1, 0, 0, 3, 1, 3, 1, 3, 2, 2, 2, 1, 2, 2, 2, 1, 1, 1, 1, 0, 1, 0, 1, 1, 0, 3, 0, 0, 2, 3, 1, 2, 0, 1, 3, 3, 0, 1, 1, 3, 3, 0, 1, 1, 3, 2, 0, 0, 1, 2, 3, 3, 0, 3, 1, 0, 2, 3, 3, 1, 3, 3, 3, 0, 0, 0, 3, 3, 3, 0, 1, 0, 0, 0, 0, 0, 0, 1, 3, 0, 2, 2, 2, 3, 1, 3, 3, 2, 2, 2], "predicted_labels": [0, 2, 3, 1, 2, 1, 3, 0, 3, 0, 0, 2, 1, 1, 1, 2, 1, 1, 1, 0, 3, 3, 3, 3, 1, 2, 3, 1, 1, 1, 3, 1, 3, 3, 2, 0, 3, 3, 1, 2, 1, 0, 0, 0, 1, 2, 2, 0, 3, 3, 3, 0, 0, 3, 3, 1, 2, 1, 3, 0, 1, 2, 3, 1, 0, 0, 0, 1, 1, 1, 0, 0, 1, 1, 1, 1, 3, 1, 2, 2, 1, 1, 1, 1, 2, 3, 3, 2, 3, 1, 3, 1, 3, 3, 0, 1, 0, 2, 3, 3, 1, 2, 1, 3, 0, 0, 0, 1, 3, 1, 0, 2, 3, 3, 3, 1, 2, 1, 3, 1, 0, 1, 3, 0, 0, 3, 3, 3, 2, 0, 1, 3, 2, 1, 1, 0, 3, 1, 3, 3, 3, 0], "confidence_scores": [[0.972699046876553, 0.00010631900633896567, 0.021586567086468837, 0.005608067030639386], [0.01850908787040091, 0.008352131735855927, 0.8785974247041314, 0.09454135568961179], [0.008773309952551893, 0.06679585512845067, 0.09639359726661259, 0.8280372376523849], [0.16101358836182075, 0.5597931126247067, 0.1306529814961436, 0.1485403175173289], [0.0014360568293548715, 0.10130921456171267, 0.5438308043998872, 0.35342392420904517], [0.030728220807586974, 0.8164282622441733, 0.035251585527274885, 0.11759193142096477], [0.0019458894835876913, 0.044702551648875585, 0.004897461891458571, 0.9484540969760782], [0.7826091611875281, 0.07570956620316853, 0.14092067937489838, 0.0007605932344049095], [0.00011805308115617209, 0.07808182905762698, 0.015503039777772006, 0.9062970780834448], [0.960124149238013, 0.030169082240096845, 0.007980084668777893, 0.0017266838531123266], [0.954688945616599, 0.04107902365750491, 0.0018414038011787823, 0.0023906269247171916], [0.0008791305857664449, 0.028398838699458456, 0.910884483512047, 0.05983754720272818], [0.19751759720621456, 0.6864288846399933, 0.0035485339392796566, 0.1125049842145124], [0.007321008911192121, 0.9672643415930768, 0.02334837027898445, 0.0020662792167465195], [0.0009727230004234463, 0.4511079591378706, 0.15053073054080682, 0.3973885873208991], [0.003152605907149661, 0.0016811443192289244, 0.9869937711713809, 0.008172478602240603], [0.04773012071936567, 0.6610633890895645, 0.008313129468104568, 0.28289336072296517], [0.08190005282072, 0.7354564992895789, 0.06167587067437799, 0.12096757721532321], [0.024269029546448082, 0.5980778745850661, 0.2303145470973904, 0.14733854877109553], [0.8295943870836019, 0.039804942193357284, 0.11713399700240944, 0.013466673720631447], [0.0003601268008577296, 0.33756646495331705, 0.09150115967888924, 0.570572248566936], [0.2418116855319448, 0.062445528144850444, 0.18751851584591137, 0.5082242704772933], [0.06298091540675117, 0.022582518274137913, 0.09506226941052741, 0.8193742969085834], [0.2187911573043056, 0.27827048582964947, 0.0010172879837836307, 0.5019210688822614], [0.00036789397063000226, 0.9991970543163503, 0.00024513644750138536, 0.00018991526551826967], [0.08997712933319649, 0.0014234998988859515, 0.7178407999243926, 0.1907585708435249], [0.044711501794800323, 0.01007986396209084, 0.025170418506379653, 0.9200382157367292], [0.02727044869352426, 0.781137093860844, 0.13508758524211517, 0.05650487220351675], [0.001376101959522472, 0.6594642875483689, 0.3329461522830494, 0.006213458209059118], [0.008371182143832645, 0.544009666003434, 0.24032969576777377, 0.20728945608495963], [0.04063658130575307, 0.02121241553457823, 0.01086032548534147, 0.9272906776743272], [0.25521714262020145, 0.43294940759087297, 0.013258765062027927, 0.29857468472689774], [0.0017873815552137578, 0.11364797723755413, 0.01452432528010746, 0.8700403159271246], [0.10442173425603005, 0.0028307682918758898, 0.006902993837409067, 0.885844503614685], [0.00018319361039070096, 0.23893655855379214, 0.7306429830382823, 0.0302372647975348], [0.9913490455571962, 0.00790861808547114, 1.302272950206547e-06, 0.0007410340843824074], [0.3396481572795507, 0.027195608172607983, 0.05195149792416453, 0.5812047366236768], [0.056043883643330836, 0.2356727230050993, 0.0007292315303835821, 0.7075541618211864], [0.022545982017877036, 0.6708548672410162, 0.011498265044543331, 0.29510088569656334], [0.30761109430017447, 0.09127487608547448, 0.4389977986513355, 0.16211623096301564], [0.0036015350904008143, 0.9663342173145202, 0.01307387824512054, 0.01699036934995842], [0.7649847899206246, 0.150861386510854, 0.00016042977080739577, 0.08399339379771412], [0.6205350603491282, 0.13506710024926777, 0.008956968359660745, 0.23544087104194333], [0.6056678362096016, 0.009292486619763793, 0.005335699702543589, 0.37970397746809104], [0.10518854369470833, 0.47919949748306373, 0.3477747698493625, 0.06783718897286543], [0.1757127274883521, 0.09202669703883924, 0.5218614159462908, 0.21039915952651778], [0.14586971947371902, 0.03425913791981955, 0.7916462134454192, 0.02822492916104214], [0.6795254542129192, 0.3120381066291199, 0.0014084603669549298, 0.007027978791005778], [0.24522637855728044, 0.038226074453167634, 0.002759785490718894, 0.7137877614988329], [0.0027122697282525843, 0.03840513534627805, 0.012894442452028365, 0.945988152473441], [0.017508140297421246, 0.0023877300105749296, 0.0359025769768752, 0.9442015527151286], [0.49972611004958817, 0.30903581164073435, 0.06710730039749065, 0.12413077791218687], [0.9849251421243989, 0.006968339405090466, 0.002659739294074114, 0.005446779176436561], [0.3631635047128856, 0.05396713777948541, 0.0038412213228922708, 0.5790281361847367], [0.018402274144768766, 0.3454888719369949, 0.005163724348985023, 0.6309451295692514], [0.002051279914286637, 0.9941535451271677, 0.003151981411276051, 0.0006431935472699119], [0.0076148609264943675, 0.4497926199935951, 0.5416428279259693, 0.0009496911539412707], [0.0029865620120871897, 0.9843518728930252, 0.0057880599681074995, 0.006873505126780158], [0.0039439629411718614, 0.002749957466372522, 0.3304023388952453, 0.6629037406972104], [0.6583955141821933, 0.0014758047418337895, 0.08272694911383302, 0.2574017319621399], [0.08031977500325443, 0.7966243158525959, 0.09453953818797686, 0.028516370956172765], [0.011795559806357322, 0.316087772682167, 0.6109364523204586, 0.061180215191017115], [0.14467383968987174, 0.006752797704112994, 0.33742530621884875, 0.5111480563871665], [0.3016588892598502, 0.36986048541214167, 0.00025417365335231627, 0.3282264516746557], [0.6396514105933351, 0.016287214352574433, 0.2522825547985415, 0.09177882025554893], [0.8979461214015767, 0.03550803409717819, 0.027896825338018145, 0.038649019163226724], [0.676694300514548, 0.062413644392953625, 0.09785417731432557, 0.16303787777817275], [0.000361950331222711, 0.9748164674996928, 0.005235123587697926, 0.019586458581386582], [0.008474438120653805, 0.9747690954220696, 0.00667393595375652, 0.01008253050352019], [0.026071605509393126, 0.7963950590724654, 0.1047172645239337, 0.07281607089420768], [0.4993604414641727, 0.01671044999460396, 0.2223217141285695, 0.261607394412654], [0.8886309702109858, 0.0012282473899639572, 0.09911294733321274, 0.011027835065837512], [0.0005002823495297301, 0.7073656512918595, 0.2692258917756146, 0.02290817458299634], [0.0008508459198294852, 0.9075686862061597, 0.08549498928581334, 0.006085478588197382], [0.007723748555945815, 0.8100061004775365, 0.050318580442253964, 0.1319515705242637], [0.0223759121183236, 0.8281619473949536, 0.015525305755650344, 0.13393683473107248], [1.5500865602006506e-05, 0.0003296996293666112, 0.0029392644786372544, 0.9967155350263941], [0.0009544180844588909, 0.9982587495333134, 0.0003553413272644638, 0.0004314910549632338], [0.006644365884591235, 0.2344963414708106, 0.5668806234681679, 0.19197866917643017], [0.0695019302134117, 0.028558585725608425, 0.8757044124097263, 0.026235071651253633], [0.3101092986749006, 0.589059431252255, 0.06695632259782863, 0.03387494747501595], [0.0156891823983042, 0.979380245263983, 0.0022349220954744663, 0.0026956502422384107], [0.01185692814197244, 0.671952151779317, 0.06088652487677713, 0.2553043952019334], [0.009256722008649413, 0.7672028085377229, 0.11512119218410445, 0.10841927726952316], [0.0016034471886173275, 0.29413984879360705, 0.6948797751128224, 0.009376928904953136], [1.4103829735402632e-05, 0.0008485648376407274, 0.0017694866796271584, 0.9973678446529968], [0.1390811896704947, 0.048815471309106497, 0.027593483883962384, 0.7845098551364365], [0.005420149085530574, 0.021126444673688106, 0.6657354009496521, 0.30771800529112925], [0.025364952454914318, 0.0001762171746201693, 0.00013941366945128836, 0.9743194167010142], [0.09337746649913944, 0.763108646907259, 0.04147868304557778, 0.10203520354802359], [0.01005312035157971, 0.2153285180155309, 0.02426504456490531, 0.750353317067984], [0.0841425784761847, 0.8134268015693941, 0.09108983258166431, 0.011340787372756792], [0.006787409858972651, 0.030514712853548766, 0.1202555338601457, 0.8424423434273328], [0.06670507795184528, 0.2968755456025373, 0.1389501059002431, 0.49746927054537443], [0.7787163005202644, 0.021907894722057515, 0.005795478420880999, 0.19358032633679703], [0.08329602550198645, 0.8386966498057724, 0.020171063834433293, 0.057836260857807756], [0.9960670978437122, 0.002445029794813207, 0.0006909752931584804, 0.0007968970683160404], [0.013605823478837863, 0.026341616909223542, 0.8803084958246133, 0.07974406378732526], [0.006017702590765549, 0.02574798299942439, 1.6869927174967486e-05, 0.968217444482635], [0.011556982917228458, 0.007091546514003775, 0.003937075659732384, 0.9774143949090353], [0.003153082676309924, 0.6772231943363789, 0.2810346271712984, 0.038589095816012914], [0.02148695727438758, 0.0002555582254561235, 0.9693820403868149, 0.00887544411334148], [0.10233500252140466, 0.8661537520907105, 0.016810475889126104, 0.01470076949875876], [0.002867275246181161, 0.0638527632111722, 0.002513854001461929, 0.9307661075411848], [0.9278467916177918, 0.03954288680916806, 0.010513095080163976, 0.02209722649287629], [0.9049482690388994, 0.007961952945340502, 0.013464545840017503, 0.07362523217574252], [0.5610296375981518, 0.027729028172815095, 0.016571910621165274, 0.39466942360786794], [0.06836880743423923, 0.5070908549860358, 0.000552720532606461, 0.4239876170471186], [0.007640482852297908, 0.4705398751316806, 0.029790296316618625, 0.4920293456994028], [0.0009342186127741124, 0.9746734516553965, 0.020124159336633703, 0.004268170395195686], [0.8995924960905983, 0.0004913565626075039, 2.082155701510707e-05, 0.09989532578977907], [0.17194412342366103, 0.12063794581638919, 0.5354680879611259, 0.17194984279882392], [0.2822054725549177, 0.02115782320141602, 0.007511194285906475, 0.6891255099577598], [0.24713719703769435, 0.04906883259759268, 0.007860179984856577, 0.6959337903798564], [0.00021195558953628378, 0.00047980341417269294, 0.0022423893848229942, 0.997065851611468], [0.17828499455118335, 0.4116765058859214, 1.2562365220562654e-05, 0.4100259371976746], [0.09114659329469971, 0.27152388323306387, 0.6363952962975148, 0.0009342271747216352], [0.09154098771593534, 0.4679707816863529, 0.04018375620350626, 0.4003044743942054], [0.06209796318274244, 0.15418075730639066, 0.0022379422761203954, 0.7814833372347465], [0.10130008197588929, 0.6061764596494927, 0.00606774316629193, 0.28645571520832597], [0.9967821449544446, 0.00281722072154026, 1.6416175314554293e-05, 0.0003842181487003248], [0.0008775716450329174, 0.6821685503310009, 0.0003157008861878533, 0.3166381771377785], [0.24871438287401415, 0.007353441660224835, 0.001350533813593824, 0.7425816416521672], [0.9043047933137608, 0.010413343400751077, 0.005206298375745352, 0.08007556490974291], [0.6357359196448374, 0.3563847846491257, 0.0006457695007072529, 0.007233526205329512], [0.28589347941145055, 0.06389891110852124, 0.005389685466160495, 0.6448179240138677], [0.02367536998683442, 0.010798469643665905, 0.005842788146062392, 0.9596833722234372], [0.1221088504830671, 0.021582328076808037, 0.00027644640971604437, 0.8560323750304089], [0.015736089129028394, 0.0506558689367441, 0.772895304631784, 0.1607127373024435], [0.664830342148819, 0.024479318821800176, 0.16907999052447295, 0.14161034850490795], [0.019531679992985614, 0.6291179630924759, 0.043629884780267476, 0.30772047213427095], [0.24950184520627752, 0.012466470542913936, 0.009511793879905125, 0.7285198903709035], [0.008545206252624402, 0.36397094937704666, 0.5803432613008497, 0.04714058306947934], [0.07056438256896547, 0.8537824644370888, 0.020050542238168146, 0.05560261075577752], [0.08890797919674906, 0.6947335550873974, 0.03499492508374007, 0.18136354063211346], [0.8604352335680115, 0.004967846095656043, 1.9256826229080138e-05, 0.13457766351010322], [0.008880334814933695, 0.0018425890237639324, 6.633181711204343e-06, 0.9892704429795912], [5.1348024950049056e-05, 0.8541230959088655, 0.008686270086659743, 0.13713928597952474], [0.03398266590608875, 0.40988673717906793, 0.11652351183963726, 0.43960708507520607], [0.003912119360230027, 0.004362016035401699, 0.16201696654047323, 0.829708898063895], [0.0011469894295601005, 0.35021431726432933, 0.10590649637554166, 0.542732196930569], [0.7552091123733108, 0.14235186931821459, 0.08502823915999087, 0.017410779148483713]]}}