{"test": {"ids": ["111116110", "111119300", "97109080", "105117351", "105113190", "103112641", "107116300", "111118820", "100110260", "104113550", "101112201", "111114321", "111120320", "107114490", "111120540", "103120780", "102110050", "99111000", "101111140", "102113981", "107113200", "111116290", "113121220", "107121540", "112116800", "107113840", "113120531", "106120290", "101108080", "109118820", "110116290", "109117271", "110118121", "110120531", "113122150", "112118810", "113118620", "109114220", "111119150", "112120270", "100116500", "102112250", "107113130", "109118161", "110119891", "111116090", "98106560", "107114780", "106118161", "113119700", "109119450", "106120640", "113118511", "112117780", "103110220", "112118550", "108119510", "98109090", "98110810", "110118930", "113118231", "111116990", "107117630", "112117461", "98108150", "111120531", "108116501", "107113260", "107118120", "112116290", "106113360", "99108080", "98116500", "107116340", "98117740", "105113170", "112120290", "103113270", "104111880", "106113260", "108118060", "106113190", "98112300", "107121640", "112118620", "110117140", "109120540", "107114280", "102109010", "111116750", "105113210", "107114110", "109120621", "112116900", "107114950", "110119300", "99109740", "110113931", "113120280", "110114561", "100111620", "113122170", "110120640", "107113180", "113117401", "112120700", "99109161", "113120601", "98111620", "108120060", "104113170", "104109311", "101114020", "103109641", "102116340", "105116501", "100108080", "103112470", "106119580", "106117790", "108121410", "112121351", "105112130", "103111990", "112121410", "113120540", "104116800", "113119360", "105116090", "106115120", "113118490", "101115190", "98119591", "110118111", "99108330", "99109370", "112118511", "103120340", "103113170", "103117200", "99108710", "100109910"], "labels": [3, 1, 2, 0, 3, 3, 0, 0, 3, 1, 0, 1, 1, 3, 1, 1, 3, 2, 2, 1, 0, 2, 3, 2, 0, 3, 0, 2, 0, 3, 2, 0, 3, 0, 2, 3, 3, 3, 3, 0, 2, 0, 1, 0, 3, 3, 1, 2, 3, 0, 3, 3, 1, 0, 2, 3, 1, 1, 1, 1, 3, 0, 0, 0, 0, 0, 0, 0, 3, 0, 0, 3, 2, 3, 2, 0, 1, 2, 3, 3, 1, 0, 2, 1, 3, 3, 1, 3, 1, 3, 3, 1, 1, 3, 3, 1, 3, 1, 0, 0, 3, 1, 0, 3, 3, 2, 3, 2, 3, 1, 3, 3, 3, 1, 3, 1, 0, 1, 3, 1, 0, 0, 1, 2, 0, 3, 1, 0, 1, 1, 1, 1, 1, 1, 1, 1, 1, 1, 3, 0, 2, 2], "predicted_labels": [1, 1, 3, 0, 3, 1, 1, 3, 0, 3, 0, 2, 3, 3, 1, 1, 1, 2, 2, 1, 1, 1, 1, 1, 1, 0, 1, 1, 0, 3, 2, 3, 1, 3, 1, 1, 3, 0, 0, 1, 1, 1, 1, 2, 3, 0, 2, 0, 2, 2, 3, 3, 0, 0, 3, 3, 2, 3, 1, 3, 1, 0, 0, 0, 3, 1, 0, 0, 1, 2, 2, 3, 1, 1, 3, 3, 2, 0, 1, 1, 0, 3, 3, 0, 1, 3, 1, 1, 1, 1, 3, 3, 1, 0, 3, 1, 1, 3, 0, 3, 3, 1, 3, 2, 1, 1, 3, 1, 1, 1, 0, 0, 3, 3, 1, 1, 3, 3, 1, 1, 3, 0, 3, 3, 3, 0, 2, 3, 0, 1, 0, 2, 3, 1, 1, 1, 3, 0, 3, 3, 2, 0], "confidence_scores": [[0.25857178756043975, 0.3128177386735357, 0.13317918051936165, 0.29543129324666306], [0.2597309092404836, 0.40607982990973013, 0.11996215073747009, 0.21422711011231607], [0.20643682369423913, 0.22031121134175097, 0.266605516578833, 0.3066464483851769], [0.46465728423997177, 0.21407074932410503, 0.11415771177490887, 0.20711425466101444], [0.13128472617223788, 0.13875777562170852, 0.13224717888628568, 0.5977103193197679], [0.30981939751240417, 0.31492376098061214, 0.10262633862016687, 0.2726305028868167], [0.2835387233050862, 0.28987003409381007, 0.2007471592382838, 0.22584408336281991], [0.24271311750669944, 0.2830115721942852, 0.1785626958492063, 0.295712614449809], [0.2793430904735406, 0.22283502606547775, 0.24563180852157557, 0.2521900749394061], [0.3033077682114299, 0.22532612186397152, 0.15566986770640395, 0.31569624221819476], [0.30957878458232485, 0.30754324100609565, 0.16076727977912042, 0.22211069463245917], [0.21582743880895341, 0.2274414093768783, 0.4111483729424253, 0.1455827788717431], [0.10307228950756786, 0.2728331635790548, 0.19464064220889388, 0.42945390470448336], [0.1659544624946309, 0.3367432601750281, 0.11713411489221344, 0.3801681624381276], [0.25562987164340684, 0.35950349813436633, 0.20803252397275288, 0.17683410624947413], [0.24902399386056162, 0.37809795751779024, 0.10408022237792906, 0.2687978262437192], [0.13978773704898292, 0.4127304757287689, 0.2630112593193142, 0.18447052790293397], [0.16773162118006651, 0.2119997340837167, 0.32274291799818466, 0.29752572673803207], [0.24160931891494222, 0.1670402774419899, 0.3383647257782005, 0.2529856778648673], [0.24463140933128769, 0.3933889989161573, 0.15154965274217275, 0.21042993901038232], [0.3240599379887645, 0.3599521340818291, 0.09867265643156349, 0.21731527149784322], [0.1917261555990258, 0.30041153463629194, 0.24991306980089353, 0.25794923996378893], [0.16991291512142775, 0.4325609564135546, 0.116190576158851, 0.2813355523061666], [0.14357691423231259, 0.3731664463518476, 0.2562338141786086, 0.22702282523723133], [0.18548080434539319, 0.3514512593952426, 0.2725814080795747, 0.19048652817978937], [0.38923677367030285, 0.15386668123115796, 0.10560590518174955, 0.3512906399167896], [0.1715712883595232, 0.3900444943413002, 0.14000369560627535, 0.2983805216929013], [0.193715040493516, 0.370308559047353, 0.16745275526144562, 0.26852364519768535], [0.43996573055829513, 0.18517789007675278, 0.10941053050103872, 0.2654458488639133], [0.22126877764604996, 0.258306639308003, 0.22579340123888292, 0.29463118180706405], [0.21293470296727668, 0.22619489848322966, 0.36625778211209686, 0.19461261643739694], [0.2349329095140422, 0.16970070020352127, 0.15008487412902174, 0.44528151615341466], [0.17485716933723774, 0.3396560736083536, 0.1622489031820273, 0.32323785387238146], [0.30141874654755274, 0.2378675046524866, 0.0767801503665033, 0.3839335984334574], [0.22076673484265125, 0.31208885782399387, 0.17144615587081918, 0.2956982514625359], [0.16918869931630898, 0.4720175399790885, 0.12110198847943218, 0.23769177222517035], [0.24001443073758724, 0.23469228121890465, 0.09968703686186543, 0.42560625118164275], [0.3330538193659782, 0.17823786451777174, 0.21079830241141254, 0.27791001370483764], [0.27015470446851886, 0.25405998948041725, 0.24597547439367975, 0.22980983165738422], [0.17868282167388191, 0.3800670570076581, 0.23058413877426545, 0.21066598254419475], [0.26462596881714484, 0.2840726040396024, 0.20564124150205337, 0.24566018564119949], [0.13750733208827928, 0.36931952344833907, 0.21209716042258905, 0.28107598404079276], [0.16505219345191874, 0.3296507654523985, 0.26334143391773396, 0.24195560717794876], [0.12245309349935735, 0.21423812106371637, 0.3683234967250521, 0.2949852887118742], [0.20213673165143722, 0.26060620391383044, 0.24494180874113447, 0.29231525569359795], [0.37683363648890245, 0.32026586682449276, 0.16028076794200433, 0.14261972874460047], [0.20857255989601842, 0.20923281432652968, 0.29127019051328634, 0.2909244352641656], [0.29867615431462047, 0.2270829021186099, 0.18681960936615855, 0.2874213342006111], [0.228374990028822, 0.21005022806766116, 0.31645880565382284, 0.24511597624969408], [0.1669720823671282, 0.2970981131181907, 0.3203228873892656, 0.21560691712541552], [0.11691484183635689, 0.25772367844234134, 0.21936881891478272, 0.40599266080651913], [0.09370346156134994, 0.2865833541153739, 0.12137513554455918, 0.49833804877871696], [0.40701728340308607, 0.2643569402092009, 0.14338462058588844, 0.1852411558018246], [0.34014690474763853, 0.325660304238656, 0.10532902343642105, 0.22886376757728444], [0.25899364906524075, 0.18812245322334603, 0.1305571396195905, 0.4223267580918227], [0.201267665998826, 0.26119098769824084, 0.1369356331639528, 0.4006057131389804], [0.1943693044152745, 0.15045997927404184, 0.3827828795214064, 0.2723878367892773], [0.18921576488683584, 0.1555578793903855, 0.10033059565342128, 0.5548957600693574], [0.18458851479570385, 0.406970793850695, 0.18742716334821155, 0.2210135280053898], [0.20076211827626625, 0.31301246954558215, 0.16018198568928804, 0.32604342648886353], [0.2626048886946647, 0.4012194875896548, 0.20887529998688611, 0.12730032372879424], [0.4607495042316298, 0.28491087853183994, 0.12593232108210584, 0.12840729615442434], [0.3217124602597069, 0.2750345160661465, 0.25197432831077204, 0.15127869536337468], [0.34591629257193307, 0.21473173074957727, 0.11058411942858115, 0.3287678572499086], [0.12951730332233954, 0.17349619086785303, 0.269966525410591, 0.4270199803992164], [0.23515331007123894, 0.2687126119516873, 0.2628538552051618, 0.23328022277191193], [0.3615009580267418, 0.2493870108740565, 0.17547488650654056, 0.21363714459266123], [0.3939769644875583, 0.1595473148194285, 0.12213748643967835, 0.3243382342533349], [0.20418646524278655, 0.34621279653874465, 0.25185453342267294, 0.1977462047957959], [0.1506081047508358, 0.27978081806989646, 0.3523711633004904, 0.21723991387877734], [0.27716373699186264, 0.2286386188541714, 0.333334086313067, 0.16086355784089895], [0.2945136377876989, 0.15578740219833287, 0.12326065392773346, 0.4264383060862347], [0.2197737148418443, 0.3303492777204892, 0.1596798487543147, 0.2901971586833517], [0.13104785624753384, 0.37350040683807423, 0.1977770309757205, 0.2976747059386715], [0.1414158642860028, 0.27845344917787873, 0.14242276937559875, 0.4377079171605199], [0.17621402286659996, 0.2195772061263601, 0.15353744163969074, 0.4506713293673491], [0.17892561476233398, 0.26550537352038667, 0.344906016738842, 0.21066299497843727], [0.43406122604873937, 0.22179382275193327, 0.12155292779614715, 0.22259202340318024], [0.11280124531924779, 0.46969748182220694, 0.19092460246964726, 0.22657667038889787], [0.3340066670841845, 0.3784924100819907, 0.11130637272573293, 0.17619455010809199], [0.6298097990443763, 0.11039176999548295, 0.08911521727429071, 0.17068321368585002], [0.19097667438190724, 0.25667826773840285, 0.16096125064979042, 0.3913838072298994], [0.2953674393977275, 0.15863479702783462, 0.12880701664637176, 0.417190746928066], [0.4031315866679374, 0.20028210412206093, 0.10756823838817632, 0.2890180708218253], [0.19298488450374893, 0.43537113399872507, 0.13686741168432867, 0.23477656981319725], [0.2123305821491353, 0.2645393808023717, 0.1798763939775601, 0.3432536430709329], [0.12664027475920908, 0.3503381689105936, 0.26412965120911464, 0.25889190512108273], [0.14276314492191214, 0.4433655140130788, 0.24057631402351976, 0.17329502704148947], [0.24684299154632314, 0.45996585448366617, 0.10565653873517071, 0.18753461523483994], [0.195621410193662, 0.31438976273115776, 0.18811363766750339, 0.301875189407677], [0.15357123230995068, 0.2810963598885061, 0.19311865776400616, 0.372213750037537], [0.2842059040505204, 0.23078526382325237, 0.13372375265208516, 0.3512850794741421], [0.08757502238542751, 0.5393906027589467, 0.10277385712633504, 0.27026051772929083], [0.4144911476662097, 0.25860771022480833, 0.18348725633608548, 0.14341388577289652], [0.12723255428870323, 0.22786031752199606, 0.13865781974461888, 0.5062493084446819], [0.2770021601418985, 0.3102752672727843, 0.11352881828423697, 0.29919375430108025], [0.23200396728659958, 0.4791923700224306, 0.12186426924839593, 0.16693939344257397], [0.2184454970429536, 0.2582430841498588, 0.1773466641374277, 0.34596475466975996], [0.3813403548906938, 0.21393151780174907, 0.18550767059657716, 0.21922045671098006], [0.13716573016958794, 0.2830138916814674, 0.2611507359231595, 0.3186696422257851], [0.22799889801448328, 0.2812466174122063, 0.1787036229075094, 0.31205086166580104], [0.1538527901268678, 0.39238571560508595, 0.1946067491578658, 0.2591547451101804], [0.18584959780119303, 0.15436885713862575, 0.27619513104591875, 0.3835864140142626], [0.21506225564935375, 0.2359975779639044, 0.29131719825869984, 0.2576229681280421], [0.08347476037367835, 0.5929847351841772, 0.07518081747198045, 0.24835968697016408], [0.15967317303455833, 0.43676798019335705, 0.13409387454033173, 0.26946497223175275], [0.310900459919166, 0.19343619938211395, 0.14044831577983097, 0.3552150249188891], [0.22871967909808433, 0.30152600261713924, 0.2130075934048951, 0.2567467248798814], [0.20713580166456352, 0.30315501602413675, 0.2589815491407196, 0.23072763317058018], [0.28623622848621744, 0.3607246969581143, 0.20279485899000146, 0.15024421556566697], [0.3543515463944443, 0.3540437423780582, 0.16740038453775027, 0.12420432668974722], [0.3765966693432853, 0.30543510122675666, 0.12629424950774665, 0.19167397992221158], [0.25827808844481775, 0.25864771287221644, 0.19901796227705074, 0.284056236405915], [0.16061341605916635, 0.1785951686009525, 0.329395555023398, 0.3313958603164831], [0.23187061858272692, 0.38152725457916997, 0.12417240279066026, 0.2624297240474429], [0.22489969665959397, 0.40201478363916876, 0.11569061770511564, 0.2573949019961216], [0.13665920429139256, 0.1596818900412904, 0.10144844183169073, 0.6022104638356264], [0.3009114279973887, 0.19210412397388324, 0.11893032927060218, 0.3880541187581259], [0.1578482364144171, 0.5551880526495955, 0.11205693055286402, 0.17490678038312354], [0.1547704436606672, 0.3496978123836286, 0.16840661964090195, 0.32712512431480234], [0.23893573720478342, 0.24520851414757705, 0.14912856954757364, 0.36672717910006614], [0.4188440689800565, 0.2740814058218533, 0.0911433712508559, 0.2159311539472344], [0.17578249538714125, 0.17664188074415743, 0.30172949681725, 0.34584612705145135], [0.08552344540004331, 0.33865771104978964, 0.11743074036317465, 0.4583881031869923], [0.08455594729817842, 0.22786234909337053, 0.08362031983481678, 0.6039613837736344], [0.3698153722634319, 0.23033265132433905, 0.17739998739749976, 0.22245198901472937], [0.10916861036439811, 0.21374085949000662, 0.5753068030470748, 0.10178372709852022], [0.2838582359453278, 0.1871925479227696, 0.1365678471476266, 0.3923813689842761], [0.36196730003448147, 0.16286831273943062, 0.3109853685478391, 0.16417901867824897], [0.2247688386379049, 0.4137592059053042, 0.18603527622625224, 0.17543667923053868], [0.38405753494442063, 0.23096112364316848, 0.20513682218381393, 0.17984451922859698], [0.1730392347657376, 0.2711441480168793, 0.316254000676979, 0.23956261654040412], [0.10237157381165704, 0.31864756679326267, 0.12651671538084996, 0.45246414401423024], [0.10489589476464234, 0.7221426597584913, 0.10304171488014442, 0.0699197305967219], [0.1700653577374663, 0.30991438663838056, 0.22699707842310363, 0.29302317720104953], [0.21235688320296817, 0.40177986004003907, 0.12124582893861723, 0.2646174278183757], [0.1110209728331337, 0.22724375607338568, 0.2517968621941049, 0.4099384088993758], [0.2686107840330177, 0.24647074857361823, 0.2554597790415156, 0.22945868835184843], [0.125128742234165, 0.3408750233845563, 0.10076905943540823, 0.4332271749458706], [0.1976045587625308, 0.2295864802598176, 0.13666242400558148, 0.4361465369720702], [0.16019367922512565, 0.27794242029864863, 0.3352900925104114, 0.22657380796581422], [0.2876584450332719, 0.18989850404538064, 0.26429573272964063, 0.2581473181917069]]}, "rewritten": {"ids": ["97109080", "98106560", "98108150", "98109090", "98110810", "98111620", "98112300", "98116500", "98117740", "98119591", "99108080", "99108330", "99108710", "99109161", "99109370", "99109740", "99111000", "100108080", "100109910", "100110260", "100111620", "100116500", "101108080", "101111140", "101112201", "101114020", "101115190", "102109010", "102110050", "102112250", "102113981", "102116340", "103109641", "103110220", "103111990", "103112470", "103112641", "103113170", "103113270", "103117200", "103120340", "103120780", "104109311", "104111880", "104113170", "104113550", "104116800", "105112130", "105113170", "105113190", "105113210", "105116090", "105116501", "105117351", "106113190", "106113260", "106113360", "106115120", "106117790", "106118161", "106119580", "106120290", "106120640", "107113130", "107113180", "107113200", "107113260", "107113840", "107114110", "107114280", "107114490", "107114780", "107114950", "107116300", "107116340", "107117630", "107118120", "107121540", "107121640", "108116501", "108118060", "108119510", "108120060", "108121410", "109114220", "109117271", "109118161", "109118820", "109119450", "109120540", "109120621", "110113931", "110114561", "110116290", "110117140", "110118111", "110118121", "110118930", "110119300", "110119891", "110120531", "110120640", "111114321", "111116090", "111116110", "111116290", "111116750", "111116990", "111118820", "111119150", "111119300", "111120320", "111120531", "111120540", "112116290", "112116800", "112116900", "112117461", "112117780", "112118511", "112118550", "112118620", "112118810", "112120270", "112120290", "112120700", "112121351", "112121410", "113117401", "113118231", "113118490", "113118511", "113118620", "113119360", "113119700", "113120280", "113120531", "113120540", "113120601", "113121220", "113122150", "113122170"], "labels": [2, 1, 0, 1, 1, 3, 2, 2, 2, 1, 3, 1, 2, 3, 1, 3, 2, 0, 2, 3, 3, 2, 0, 2, 0, 3, 1, 1, 3, 0, 1, 3, 1, 2, 2, 1, 3, 3, 2, 0, 1, 1, 3, 3, 3, 1, 1, 1, 0, 3, 3, 1, 1, 0, 0, 3, 0, 1, 1, 3, 3, 2, 3, 1, 3, 0, 0, 3, 1, 3, 3, 2, 3, 0, 3, 0, 3, 2, 1, 0, 1, 1, 1, 0, 3, 0, 0, 3, 3, 1, 1, 1, 0, 2, 3, 1, 3, 1, 1, 3, 0, 0, 1, 3, 3, 2, 3, 0, 0, 3, 1, 1, 0, 1, 0, 0, 3, 0, 0, 1, 3, 3, 3, 0, 1, 2, 0, 0, 3, 3, 1, 1, 3, 0, 0, 0, 0, 3, 2, 3, 2, 1], "predicted_labels": [3, 0, 2, 3, 1, 3, 3, 2, 3, 1, 3, 1, 1, 0, 1, 2, 2, 3, 0, 0, 0, 3, 0, 0, 0, 3, 2, 2, 2, 1, 0, 2, 1, 0, 3, 3, 2, 3, 0, 1, 1, 1, 1, 3, 0, 0, 0, 3, 1, 3, 3, 2, 1, 0, 0, 0, 0, 0, 1, 2, 0, 1, 1, 1, 1, 0, 0, 0, 3, 1, 1, 1, 0, 0, 2, 3, 3, 3, 0, 1, 0, 3, 2, 0, 3, 3, 2, 1, 0, 1, 0, 3, 1, 0, 1, 1, 3, 1, 0, 3, 0, 2, 2, 0, 0, 1, 3, 0, 3, 1, 1, 0, 1, 1, 1, 0, 2, 0, 1, 2, 1, 1, 3, 2, 2, 1, 3, 1, 1, 1, 0, 1, 1, 3, 3, 0, 1, 0, 1, 3, 1, 3], "confidence_scores": [[0.1757029519760318, 0.2698145987940845, 0.1646292926883404, 0.3898531565415433], [0.3612814121341949, 0.1914607953634931, 0.14755571173682835, 0.2997020807654837], [0.15473018453606424, 0.18893546537565026, 0.394034947396751, 0.26229940269153446], [0.21218213619814416, 0.30496095120156863, 0.1282623198847052, 0.3545945927155821], [0.19517017660788985, 0.4127185260942638, 0.21165548084475344, 0.18045581645309297], [0.15789499546857783, 0.18694527481439605, 0.18740776218222274, 0.46775196753480347], [0.1753678404420761, 0.19218092988048846, 0.17537503329210108, 0.45707619638533437], [0.2432735111278953, 0.2618343398178917, 0.27301495455777114, 0.22187719449644183], [0.12032925238629615, 0.3083752991574586, 0.16513209439487256, 0.4061633540613727], [0.1622493878563594, 0.3452209286161716, 0.21027087382621829, 0.2822588097012507], [0.18266817363261667, 0.18820667606726138, 0.19377428688350373, 0.4353508634166182], [0.15443664232752835, 0.3489313265388576, 0.22405698375562458, 0.27257504737798954], [0.21738707838905913, 0.3510702599739949, 0.21462509852593373, 0.2169175631110123], [0.4884262841620384, 0.21873395563109876, 0.13607024138553725, 0.15676951882132564], [0.17179628309630088, 0.40130108804939324, 0.1243257428857845, 0.3025768859685212], [0.2399983625801877, 0.253058268515673, 0.3155714407349154, 0.19137192816922388], [0.17212311197896843, 0.2078324777990804, 0.4267776744832633, 0.1932667357386879], [0.2717409719449045, 0.20870349737451035, 0.1491939504534523, 0.3703615802271329], [0.3236568984879383, 0.20162001666618773, 0.19922033993599267, 0.2755027449098813], [0.41848630897344274, 0.1331237485011931, 0.06570616061026605, 0.3826837819150983], [0.37429107054003996, 0.2491888817581956, 0.1501661040124253, 0.2263539436893393], [0.1921689481358905, 0.22173872694340085, 0.26148180646425534, 0.32461051845645333], [0.4419062699392272, 0.24376895067572937, 0.12075112274221166, 0.19357365664283188], [0.27506434320482953, 0.24306731080306473, 0.26894152034429664, 0.2129268256478092], [0.44278861031492084, 0.25846671282638517, 0.11725106969487303, 0.18149360716382087], [0.22995790179300876, 0.3047081585672398, 0.1113082642438533, 0.35402567539589824], [0.25724913919531556, 0.23584921507807538, 0.2864032330084428, 0.2204984127181663], [0.146507058698499, 0.3631713512499456, 0.36369193847774417, 0.1266296515738113], [0.13804884228068326, 0.16171114237760814, 0.3817739108004792, 0.3184661045412294], [0.3111480064067772, 0.42927371811360154, 0.10370292185116088, 0.15587535362846036], [0.4241736637740647, 0.2622974816607718, 0.17421643915238846, 0.13931241541277503], [0.13182471171764745, 0.2962667096797095, 0.29751370419924583, 0.2743948744033973], [0.23144595598474516, 0.295802867562387, 0.2081608014653688, 0.26459037498749916], [0.2903708518895756, 0.27500271394753917, 0.14702305145199507, 0.2876033827108901], [0.1038412795638356, 0.35632289781841975, 0.1752207326508536, 0.3646150899668911], [0.29401037547448644, 0.13823441769641487, 0.13339102508532039, 0.4343641817437783], [0.22958734119208046, 0.1382587957331271, 0.4142949019792283, 0.2178589610955642], [0.26208410961159756, 0.2059984205713346, 0.13585922150509486, 0.396058248311973], [0.43305053777149316, 0.25165839269630913, 0.1201262113898923, 0.19516485814230541], [0.17342334812660162, 0.37885002919780986, 0.11515282745042894, 0.3325737952251595], [0.20093407225787882, 0.3402254349096973, 0.22225498369487337, 0.23658550913755066], [0.3006886782334675, 0.30871676125602243, 0.14754870149438734, 0.2430458590161226], [0.1519958396056281, 0.4273818406683493, 0.16062307598952189, 0.25999924373650074], [0.2905585134235017, 0.2864528532413853, 0.12972081882253497, 0.29326781451257805], [0.35687900954253454, 0.2574243249678929, 0.1340776300618323, 0.25161903542774017], [0.31381844570349215, 0.16702717463683658, 0.26796340242272026, 0.251190977236951], [0.30664764105044356, 0.27667271497634804, 0.1334522869736411, 0.28322735699956725], [0.11249663935893774, 0.17750920016465582, 0.34903972262205946, 0.3609544378543472], [0.2661849928412104, 0.3020702211717369, 0.16931760193919257, 0.2624271840478602], [0.12204176685619804, 0.14470136825136545, 0.10436509780363436, 0.6288917670888021], [0.17662828688308868, 0.3216873348061721, 0.14347684405353214, 0.35820753425720736], [0.2601526411077805, 0.2074652667858579, 0.28484468111244327, 0.24753741099391827], [0.21882544879519514, 0.4698765186522451, 0.11899794301395207, 0.1923000895386078], [0.49376713820764295, 0.24516017303576929, 0.08669228894977124, 0.17438039980681658], [0.28734362380354284, 0.26948605467068304, 0.2563740425069186, 0.18679627901885565], [0.32382940932035553, 0.2360424034692764, 0.1920445989501382, 0.2480835882602298], [0.42055935924987964, 0.26858057841601135, 0.11704664874355156, 0.19381341359055765], [0.4993371140469788, 0.27682245405352135, 0.07926929378084957, 0.1445711381186503], [0.23095577963614697, 0.3662842216745738, 0.13249027259986623, 0.2702697260894131], [0.25233882137209623, 0.23613541629636076, 0.3256417244164718, 0.1858840379150712], [0.33452567262928895, 0.27306215196626465, 0.19652414374803437, 0.1958880316564122], [0.2190890954673106, 0.3939197422583816, 0.10775864275119416, 0.27923251952311373], [0.13802543978654408, 0.37277883437168347, 0.19609098323442203, 0.2931047426073504], [0.23454110188828817, 0.2825368305280605, 0.24218391473393325, 0.2407381528497182], [0.16427604068360935, 0.3538499444735769, 0.2816810712630306, 0.20019294357978326], [0.40388182069543827, 0.30043153372160525, 0.13559518891950212, 0.1600914566634545], [0.3932094080358221, 0.25816758869811857, 0.1307624091138997, 0.21786059415215958], [0.499874504513956, 0.16618992151621084, 0.11868870609645166, 0.21524686787338168], [0.2738071035102426, 0.22865236234381336, 0.1537740000993228, 0.3437665340466214], [0.3351083700105581, 0.4007919611822461, 0.11123907596174172, 0.15286059284545414], [0.17720213059283327, 0.48582821482892735, 0.13077170829466953, 0.20619794628356983], [0.25939511856586295, 0.3202770665062704, 0.158457062876784, 0.26187075205108257], [0.6181821409587367, 0.12185321772485386, 0.07443580835368385, 0.18552883296272563], [0.4054924503372079, 0.24658399217745394, 0.16387169116970976, 0.18405186631562845], [0.2883039725983839, 0.12618507796199113, 0.37044471385038574, 0.2150662355892394], [0.1886021081861262, 0.15005878110593543, 0.20855996441890304, 0.4527791462890353], [0.17452492280176826, 0.23528899321068839, 0.19810569363071748, 0.392080390356826], [0.14927473738337488, 0.16849262386603003, 0.18600256879800964, 0.49623006995258556], [0.3485585018987482, 0.14786207600526183, 0.1830253532653758, 0.32055406883061416], [0.2060088485775727, 0.27446766146723484, 0.27339599724837294, 0.2461274927068197], [0.45143560720785747, 0.19857615258059894, 0.15877004312946882, 0.1912181970820747], [0.2511289695997471, 0.2844346257714251, 0.17890710981957197, 0.2855292948092557], [0.22258170768372126, 0.24779001682232937, 0.3073825370840655, 0.22224573840988385], [0.38300617485159333, 0.2682955913522075, 0.13512690591867366, 0.2135713278775258], [0.2145691849848732, 0.2596092299162191, 0.2026476369185463, 0.32317394818036144], [0.1845746362328247, 0.29631394489619794, 0.16718671498267046, 0.3519247038883069], [0.17922976707104565, 0.21040458383554422, 0.3848905002666813, 0.225475148826729], [0.18734117519527693, 0.35567919267677406, 0.2720320669244217, 0.18494756520352726], [0.3910843651092572, 0.2588355791343913, 0.1370648271341602, 0.21301522862219133], [0.1820020588759582, 0.3854299243498348, 0.17265286694609466, 0.2599151498281125], [0.3284650684938356, 0.2658134813549838, 0.15563244024835754, 0.25008900990282323], [0.1807715708210949, 0.287731000093918, 0.08471055755181604, 0.44678687153317104], [0.11808942487247506, 0.5310301753462062, 0.14200113889703356, 0.20887926088428513], [0.32389483109072964, 0.20882551021705936, 0.3114704448474308, 0.1558092138447801], [0.11977240953210555, 0.33797031848850373, 0.23548375366482158, 0.30677351831456934], [0.17093529682893163, 0.34981737043587435, 0.17921054476106105, 0.300036787974133], [0.36459624477982144, 0.15553386789956278, 0.07842708836473918, 0.40144279895587653], [0.11235288584450465, 0.5953455930494307, 0.1154836792692199, 0.1768178418368447], [0.45075574127101325, 0.32371719194346105, 0.06944180668880205, 0.1560852600967238], [0.1629054490668318, 0.1923693505628641, 0.17536295560346818, 0.46936224476683597], [0.3724071353912051, 0.21355902552919043, 0.11360810814654451, 0.30042573093305985], [0.23945459613854214, 0.140088563734289, 0.3828803143483457, 0.23757652577882313], [0.1933222292091427, 0.16088966357333945, 0.48761711172489464, 0.15817099549262337], [0.5076073083481912, 0.2024778116350928, 0.08943466210734288, 0.20048021790937304], [0.47237638727927894, 0.1840210429539919, 0.12265290976359411, 0.2209496600031351], [0.13735131765408307, 0.47205074006104447, 0.16578200391485454, 0.22481593837001781], [0.36411918666837134, 0.15484832232794102, 0.09229947619281631, 0.3887330148108714], [0.4151992961764026, 0.17916731234401914, 0.22893530666112022, 0.17669808481845792], [0.1830782898377763, 0.25125065044736467, 0.110943202833966, 0.4547278568808929], [0.27577374389685105, 0.37813930807527024, 0.14515596076003182, 0.20093098726784686], [0.2903267486556702, 0.38509671867990597, 0.11712652119883692, 0.20745001146558684], [0.3200226985045273, 0.20352415934493284, 0.17997846299617737, 0.29647467915436265], [0.23171358881562823, 0.39753122171731237, 0.16150784678588959, 0.2092473426811698], [0.20500335266075634, 0.43958582417759645, 0.20927218718617366, 0.14613863597547364], [0.09522376241998899, 0.3676843180667611, 0.3349071758621825, 0.20218474365106717], [0.397465688591883, 0.17921256799432633, 0.17359552472055154, 0.24972621869323905], [0.1266181677010835, 0.16116506651165566, 0.5471274392578065, 0.16508932652945443], [0.4600592354470291, 0.1567445097218797, 0.08031930904783031, 0.3028769457832609], [0.2781838701925428, 0.4341939948004647, 0.11055229519297816, 0.1770698398140143], [0.20354040778679366, 0.2419299056599066, 0.2982603135248994, 0.2562693730284005], [0.18717282786458203, 0.4064199470308204, 0.14428461990040536, 0.2621226052041922], [0.32709201584482167, 0.42477597980252707, 0.14288768123682008, 0.10524432311583108], [0.1524141891758879, 0.3434113073977239, 0.11734619532364757, 0.38682830810274077], [0.16729994181066757, 0.23084124265078376, 0.428411395355225, 0.17344742018332376], [0.23567814060706416, 0.1509914235513804, 0.44060993832015716, 0.17272049752139823], [0.27355942311992804, 0.3360537515211628, 0.16842425092909483, 0.2219625744298143], [0.2392059358763422, 0.2884994009625549, 0.15401367323825063, 0.31828098992285225], [0.23355637871002777, 0.3012255915931533, 0.2629915582243263, 0.20222647147249267], [0.22493969367598043, 0.3383248563754202, 0.12470096340423957, 0.3120344865443598], [0.2511336277038193, 0.3495917210870728, 0.15597613814908998, 0.2432985130600179], [0.37773472602098007, 0.21392974486612315, 0.18875744032551336, 0.21957808878738347], [0.28875563809719307, 0.32727208660496254, 0.16173808176355614, 0.22223419353428814], [0.27857839729684536, 0.32473176816057664, 0.15422642763376276, 0.24246340690881524], [0.3250804225702818, 0.15000991884042442, 0.12105196214105245, 0.4038576964482413], [0.1584315533429808, 0.22882024318852204, 0.30068159367239966, 0.31206660979609757], [0.4196159845303465, 0.21975097212747577, 0.10142760546266172, 0.25920543787951594], [0.1352546002773836, 0.40222456661984196, 0.305562380601853, 0.15695845250092144], [0.5094966220184816, 0.18184891705337095, 0.13438354025885063, 0.1742709206692969], [0.26548498364743095, 0.3956472238975319, 0.18889735103583383, 0.14997044141920338], [0.21779513206606108, 0.15553904764336404, 0.05551767522488736, 0.5711481450656875], [0.30496401498681364, 0.30540997570993184, 0.1579902500343657, 0.23163575926888885], [0.27893718433751397, 0.20120582793995703, 0.13664437366072105, 0.383212614061808]]}}