{"test": {"ids": ["99109910", "112118511", "110115580", "107114110", "107121540", "104116441", "109113931", "103109021", "111119340", "102110690", "110115980", "110121450", "113118111", "104117200", "112119950", "111116110", "101117580", "113121220", "109116930", "110118161", "113120751", "111117571", "101112540", "104118070", "97116401", "100109000", "113119450", "110114651", "113120540", "106115240", "107118490", "102110500", "107113180", "110114950", "105116860", "108121351", "108115570", "109116750", "101110200", "110120560", "97108520", "111116100", "112120700", "112116401", "113120591", "108117451", "100111270", "98111231", "113120780", "100111080", "103113210", "112118820", "108114270", "102108621", "112116990", "103120730", "103113260", "111120540", "113118490", "97114170", "111116040", "109119450", "110120531", "111116010", "103111480", "97106770", "105117431", "105112130", "112116800", "101108080", "109117730", "113119300", "110116441", "104112470", "105113170", "107120010", "101111310", "106113830", "113122230", "104110960", "108120260", "106120640", "111120260", "104113380", "105116980", "108116501", "106117770", "111121930", "105121190", "110115120", "113119950", "113117340", "109121410", "99120010", "113119360", "98107380", "112118930", "109115070", "108114180", "111120320", "109120560", "107114140", "103113610", "110118121", "102113350", "100109801", "110121500", "103120780", "112116640", "107113550", "101108950", "112116610", "100115700", "104111620", "99108460", "98120530", "107114490", "109114651", "107115250", "110114920", "98108520", "113119340", "110114610", "102114270", "109121640", "112120630", "112120640", "100108080", "102110890", "109114030", "105119950", "103112641", "103113101", "97105580", "110120190", "113118511", "108117610", "98108580", "111114941", "109114720", "109120540", "97106591"], "labels": [2, 1, 1, 1, 2, 1, 1, 0, 3, 0, 1, 3, 1, 3, 0, 3, 3, 3, 0, 0, 1, 3, 2, 2, 3, 1, 3, 3, 3, 1, 2, 3, 3, 0, 2, 3, 3, 0, 2, 0, 2, 3, 2, 0, 0, 2, 2, 1, 0, 0, 3, 0, 3, 3, 0, 1, 3, 1, 1, 2, 0, 3, 0, 1, 0, 3, 1, 1, 0, 0, 3, 1, 3, 1, 0, 1, 3, 1, 1, 2, 1, 3, 3, 1, 0, 0, 0, 1, 2, 0, 0, 2, 0, 2, 0, 1, 1, 0, 1, 1, 1, 2, 2, 3, 3, 0, 3, 1, 0, 0, 2, 1, 1, 0, 0, 1, 3, 3, 2, 3, 2, 0, 1, 3, 0, 3, 0, 0, 0, 1, 3, 3, 3, 1, 3, 1, 3, 0, 0, 0, 1, 1], "predicted_labels": [2, 3, 1, 3, 3, 3, 1, 1, 1, 1, 1, 1, 3, 3, 3, 1, 3, 0, 0, 1, 1, 0, 1, 1, 3, 1, 1, 3, 3, 3, 1, 3, 2, 1, 3, 1, 3, 1, 1, 1, 0, 3, 1, 3, 3, 3, 1, 1, 3, 1, 1, 3, 3, 0, 3, 3, 3, 2, 3, 3, 3, 1, 3, 1, 3, 2, 1, 3, 1, 1, 1, 3, 3, 1, 3, 3, 0, 3, 1, 3, 1, 1, 1, 3, 1, 3, 1, 1, 1, 1, 3, 1, 3, 1, 3, 3, 3, 1, 3, 3, 1, 1, 2, 1, 3, 1, 3, 3, 3, 1, 1, 1, 1, 3, 1, 1, 3, 3, 3, 3, 1, 1, 3, 1, 1, 3, 1, 1, 0, 3, 0, 3, 3, 3, 1, 1, 3, 1, 3, 3, 3, 1], "confidence_scores": [[0.2436439948939949, 0.25472072372072385, 0.28122564935064936, 0.22040963203463196], [0.20925865800865798, 0.28062716450216457, 0.18449314574314574, 0.32562103174603174], [0.27109523809523817, 0.27190097402597396, 0.21078968253968264, 0.24621410533910543], [0.1847455461205461, 0.24986851955234315, 0.1968619444281209, 0.36852398989899], [0.250999222999223, 0.28004731379731385, 0.17969703907203907, 0.2892564241314242], [0.22071885059385046, 0.2974881507381508, 0.15934475246975247, 0.32244824619824625], [0.22170762570762573, 0.35111951936951924, 0.17402597402597406, 0.25314688089688103], [0.23678342490842486, 0.3241450216450218, 0.18764298201798202, 0.25142857142857145], [0.2183393412143413, 0.30508477633477626, 0.17799350649350645, 0.298582375957376], [0.22390771728271722, 0.28952339327339344, 0.20032087357087358, 0.2862480158730159], [0.2386675824175824, 0.27668108280608283, 0.20928246753246757, 0.2753688672438674], [0.18025539738039736, 0.3556184501772738, 0.18680666637284285, 0.2773194860694861], [0.2495338411588412, 0.23438369963369954, 0.16949331224331224, 0.34658914696414705], [0.24721123321123326, 0.244409090909091, 0.20208639971139974, 0.3062932761682761], [0.2657834526584526, 0.23958436008436018, 0.18752776390276388, 0.3071044233544233], [0.24041067266067265, 0.30126677489177495, 0.16014826839826837, 0.298174284049284], [0.27558778721278715, 0.2580575396825397, 0.19008676046176054, 0.2762679126429127], [0.2984664779664781, 0.2429443195693196, 0.17369064269064272, 0.28489855977355977], [0.261721916971917, 0.233876332001332, 0.250762987012987, 0.25363876401376406], [0.2280579004329005, 0.3372204184704185, 0.16765593434343434, 0.2670657467532468], [0.24035564435564427, 0.31780122655122656, 0.19841143578643583, 0.2434316933066934], [0.29498347485847487, 0.2508392718392718, 0.1734924242424242, 0.28068482905982906], [0.21013619713619722, 0.35064092851592854, 0.18728300865800865, 0.25193986568986565], [0.19909723609723606, 0.3043894716394717, 0.23755117105117113, 0.2589621212121211], [0.2460453026505659, 0.19861362687020584, 0.1811186868686869, 0.3742223836105415], [0.19203388278388267, 0.3487191419691421, 0.23741076978576983, 0.22183620546120544], [0.21658140470640475, 0.33812600593850595, 0.15856385281385274, 0.28672873654123654], [0.2426663614163614, 0.20769320263070262, 0.14295454545454545, 0.4066858904983907], [0.24563558663558666, 0.24988834776334784, 0.23959361471861482, 0.2648824508824509], [0.23186367871894195, 0.2891079234233258, 0.18912973219590867, 0.2898986656618235], [0.1853983932733933, 0.34239935064935084, 0.19701093922417448, 0.2751913168530815], [0.25371174658674656, 0.2263852813852814, 0.18879249222999228, 0.3311104797979798], [0.22288407425907425, 0.2030532661782662, 0.3083985736485737, 0.2656640859140859], [0.253583818958819, 0.29050893550893553, 0.1874574314574315, 0.2684498140748142], [0.2275678210678211, 0.26948665223665236, 0.191859668109668, 0.31108585858585863], [0.26980617993117995, 0.2840290404040405, 0.16743913031413032, 0.27872564935064936], [0.2504816017316017, 0.2483479437229437, 0.21384343434343442, 0.2873270202020203], [0.260352120832384, 0.3281322055137844, 0.19461363636363646, 0.21690203729019525], [0.24009004884004884, 0.3153660783660785, 0.17522889610389605, 0.26931497668997667], [0.2120459589430178, 0.3259371759776171, 0.20078869047619047, 0.2612281746031745], [0.3054428495481128, 0.23109420185078083, 0.2293729603729603, 0.23408998822814625], [0.2679363830613831, 0.26471316877566875, 0.1697132936507937, 0.2976371545121545], [0.20383805083805082, 0.2870186202686203, 0.2445826118326119, 0.26456071706071715], [0.23604148629148636, 0.25336904761904777, 0.1659543650793651, 0.34463510101010103], [0.2912629662004662, 0.24743091630591635, 0.13955546536796531, 0.3217506521256521], [0.2946341852591853, 0.23255343267843273, 0.1686805555555556, 0.3041318265068265], [0.23894993894993907, 0.32337348762348767, 0.186039405039405, 0.2516371683871684], [0.23115159913186228, 0.3337575662641452, 0.1786605339105339, 0.2564303006934586], [0.20209099234099226, 0.28562121212121205, 0.19847148684648697, 0.3138163086913087], [0.1903506493506493, 0.3562779026529027, 0.20167393717393725, 0.25169751082251085], [0.226682165057165, 0.33960409035409034, 0.17690521284271288, 0.25680853174603174], [0.24990270146520144, 0.2583628454878456, 0.18625027056277058, 0.3054841824841825], [0.2675952380952381, 0.278137321012321, 0.16662350149850147, 0.2876439393939395], [0.3165275981328613, 0.23567133305291196, 0.1479778138528139, 0.2998232549614128], [0.2643709762459763, 0.2076038961038961, 0.20867424242424237, 0.3193508852258853], [0.2512272172272172, 0.2748897005772007, 0.1772840909090909, 0.2965989912864913], [0.2140521284271284, 0.28250342712842713, 0.1573223859473859, 0.3461220584970585], [0.2082977577977578, 0.2609518814518815, 0.27071446608946614, 0.26003589466089466], [0.286853420272538, 0.23488880074174198, 0.1624536297036297, 0.3158041492820906], [0.25921274558774565, 0.24966504329004333, 0.18459883172383168, 0.3065233793983795], [0.22476712176712177, 0.24467206404706407, 0.18322283272283268, 0.3473379814629814], [0.15266260128760126, 0.3430253357753357, 0.20813447663447665, 0.29617758630258634], [0.26814618714618715, 0.2457407453657454, 0.14856239593739595, 0.3375506715506716], [0.21122528860028855, 0.3253324314574315, 0.21258333333333337, 0.2508589466089467], [0.22183760683760678, 0.2647261904761906, 0.2083492063492063, 0.3050869963369964], [0.24737319624819623, 0.2623683261183262, 0.2829253246753247, 0.20733315295815302], [0.24498158785658788, 0.2796945554445555, 0.20787787212787218, 0.2674459845709847], [0.19644617882117882, 0.24899266011766027, 0.23841231684981676, 0.31614884421134426], [0.21529365079365076, 0.3136172438672439, 0.1885133477633478, 0.2825757575757576], [0.20138221500721507, 0.3286305916305917, 0.21477344877344876, 0.2552137445887447], [0.2662401903651904, 0.31625932400932394, 0.19229130591630594, 0.22520917970917975], [0.2021416847041847, 0.24916423160173162, 0.17281240981240983, 0.37588167388167393], [0.2126034104784104, 0.27576495726495726, 0.1909296259296259, 0.32070200632700635], [0.21231589244089247, 0.28708610833610826, 0.2295912698412699, 0.2710067293817293], [0.19119841269841273, 0.2782568542568543, 0.18157395382395386, 0.34897077922077924], [0.19467338217338218, 0.2568175713175713, 0.2666330613830614, 0.28187598512598516], [0.2927252886002887, 0.28304076479076473, 0.1973048340548341, 0.22692911255411252], [0.24925414862914863, 0.263960372960373, 0.17103132978132984, 0.31575414862914875], [0.2046487262737263, 0.2882128427128427, 0.2326407065157066, 0.2744977244977246], [0.23772630147630155, 0.25839295426795433, 0.20859859584859586, 0.29528214840714834], [0.180158078033078, 0.37628769841269843, 0.18182052669552676, 0.26173369685869674], [0.17955001942501944, 0.3348826867576868, 0.18382269119769115, 0.3017446026196027], [0.20565337440337447, 0.32845288045288046, 0.1839116022866023, 0.28198214285714296], [0.1602956349206349, 0.29072997835497827, 0.247124458874459, 0.3018499278499278], [0.263919955044955, 0.28036562049062047, 0.18617961205461203, 0.26953481240981236], [0.28248064435564446, 0.2641792235542236, 0.16517596986346988, 0.2881641622266623], [0.22856367243867243, 0.310880106005106, 0.20838150738150737, 0.2521747141747142], [0.20531841769341766, 0.33097301309801325, 0.18592694805194798, 0.2777816211566211], [0.17641552891552895, 0.30606529581529585, 0.24309018759018758, 0.27442898767898766], [0.18522725885225877, 0.3252991522366522, 0.19823286435786439, 0.29124072455322453], [0.23335149572649577, 0.2747098873348874, 0.17580099067599064, 0.31613762626262626], [0.1836814256005432, 0.3208516573295985, 0.2658618326118327, 0.22960508445802563], [0.2295985958485959, 0.2728862942612943, 0.18858315295815295, 0.308931956931957], [0.2228537157287158, 0.283166847041847, 0.22051911976911978, 0.27346031746031746], [0.23528391053391054, 0.2525494782994783, 0.20367112054612055, 0.30849549062049064], [0.23965306915306922, 0.2892617382617383, 0.17939844877344874, 0.29168674381174386], [0.25201899489399493, 0.22714087301587302, 0.18009974747474744, 0.3407403846153847], [0.23765320790320799, 0.33783748196248203, 0.19143921356421362, 0.23307009657009645], [0.2748582535885168, 0.2338039226855016, 0.20775649350649353, 0.28358133021948817], [0.2915358391608391, 0.24436183261183259, 0.17126930014430009, 0.2928330280830282], [0.22033893883893885, 0.281015442890443, 0.2229146686646687, 0.2757309496059496], [0.21853371628371623, 0.33566611166611166, 0.2308138805638806, 0.21498629148629164], [0.23280092130092134, 0.24993688256188257, 0.26441720779220784, 0.2528449883449884], [0.29053636641136643, 0.3184759546009547, 0.16920743145743153, 0.22178024753024755], [0.18625209512709515, 0.25606962481962486, 0.24254972804972802, 0.31512855200355205], [0.24677020202020214, 0.3008174603174604, 0.20137481962481962, 0.2510375180375181], [0.2241611305361306, 0.27319595682095693, 0.16576171051171049, 0.33688120213120215], [0.2128782467532467, 0.2702243867243867, 0.1801626984126984, 0.3367346681096681], [0.18903525641025637, 0.27037248168498157, 0.18813141923436047, 0.35246084267040145], [0.24711495448995446, 0.2770858030858031, 0.25224451447245566, 0.22355472795178677], [0.19045779220779224, 0.3229815323565324, 0.22298601398601403, 0.26357466144966146], [0.25223715173715183, 0.296027417027417, 0.22103023365523367, 0.23070519758019756], [0.24590635753135742, 0.2929274753024753, 0.18527687590187597, 0.27588929126429124], [0.2707937340437341, 0.21967081529581534, 0.21640258352758351, 0.2931328671328671], [0.26986284548784556, 0.31226262626262635, 0.18544823232323232, 0.23242629592629604], [0.22634307359307357, 0.31428751803751803, 0.19333694083694083, 0.26603246753246756], [0.26140746753246746, 0.2610432900432902, 0.19356511544011545, 0.28398412698412706], [0.2589196775446776, 0.2374760656010656, 0.15053144078144076, 0.35307281607281626], [0.23104852092352093, 0.25607413419913433, 0.21253805916305915, 0.3003392857142857], [0.25890115440115447, 0.2815483405483406, 0.15189466089466086, 0.3076558441558442], [0.24746950271950272, 0.302714035964036, 0.20530588855588863, 0.24451057276057278], [0.25685732323232324, 0.3390438866688868, 0.14392148129648125, 0.2601773088023088], [0.24142875180375192, 0.28000216450216453, 0.19313876401376404, 0.2854303196803197], [0.2304707792207792, 0.31322871572871586, 0.1731560245310246, 0.2831444805194805], [0.2557870879120879, 0.2832837301587301, 0.20145131257631255, 0.2594778693528695], [0.23911134698634695, 0.28120358807858825, 0.172988455988456, 0.30669660894660905], [0.2244864024864025, 0.2962303252303252, 0.28619570707070713, 0.19308756521256523], [0.19355952380952385, 0.33404960317460314, 0.14523412698412694, 0.32715674603174605], [0.30038329725829727, 0.18760046897546898, 0.2532525252525253, 0.2587637085137087], [0.22686334988540863, 0.2668158181687593, 0.2084520675403029, 0.2978687644055293], [0.33490609390609394, 0.2753436702186703, 0.15184271284271286, 0.2379075230325231], [0.2599449855699855, 0.25363486513486516, 0.18601587301587286, 0.3004042762792763], [0.2328431429681429, 0.26754478854478864, 0.2015564574314575, 0.2980556110556112], [0.275356005106005, 0.27090133477633477, 0.1714195445077798, 0.2823231156098803], [0.23394520757020756, 0.3193091630591631, 0.15880118492618492, 0.28794444444444445], [0.21992579642579632, 0.35077110389610394, 0.21619157231657232, 0.2131115273615273], [0.2195235042735042, 0.27730416805416813, 0.15015789765789767, 0.3530144300144301], [0.22127074314574316, 0.3145716991341992, 0.22241910173160162, 0.24173845598845603], [0.26951551226551235, 0.21782810245310247, 0.16147709235209232, 0.35117929292929295], [0.19488510101010104, 0.26581746031746034, 0.2292429653679654, 0.31005447330447333], [0.21534998334998334, 0.298323134381958, 0.15206263262880906, 0.33426424963924967], [0.20611525974025968, 0.2913284632034631, 0.26897817460317464, 0.2335781024531025]]}, "rewritten": {"ids": ["97105580", "97106591", "97106770", "97108520", "97114170", "97116401", "98107380", "98108520", "98108580", "98111231", "98120530", "99108460", "99109910", "99120010", "100108080", "100109000", "100109801", "100111080", "100111270", "100115700", "101108080", "101108950", "101110200", "101111310", "101112540", "101117580", "102108621", "102110500", "102110690", "102110890", "102113350", "102114270", "103109021", "103111480", "103112641", "103113101", "103113210", "103113260", "103113610", "103120730", "103120780", "104110960", "104111620", "104112470", "104113380", "104116441", "104117200", "104118070", "105112130", "105113170", "105116860", "105116980", "105117431", "105119950", "105121190", "106113830", "106115240", "106117770", "106120640", "107113180", "107113550", "107114110", "107114140", "107114490", "107115250", "107118490", "107120010", "107121540", "108114180", "108114270", "108115570", "108116501", "108117451", "108117610", "108120260", "108121351", "109113931", "109114030", "109114651", "109114720", "109115070", "109116750", "109116930", "109117730", "109119450", "109120540", "109120560", "109121410", "109121640", "110114610", "110114651", "110114920", "110114950", "110115120", "110115580", "110115980", "110116441", "110118121", "110118161", "110120190", "110120531", "110120560", "110121450", "110121500", "111114941", "111116010", "111116040", "111116100", "111116110", "111117571", "111119340", "111120260", "111120320", "111120540", "111121930", "112116401", "112116610", "112116640", "112116800", "112116990", "112118511", "112118820", "112118930", "112119950", "112120630", "112120640", "112120700", "113117340", "113118111", "113118490", "113118511", "113119300", "113119340", "113119360", "113119450", "113119950", "113120540", "113120591", "113120751", "113120780", "113121220", "113122230"], "labels": [1, 1, 3, 2, 2, 3, 1, 2, 0, 1, 1, 0, 2, 2, 0, 1, 0, 0, 2, 1, 0, 2, 2, 3, 2, 3, 3, 3, 0, 0, 3, 3, 0, 0, 3, 3, 3, 3, 2, 1, 1, 2, 0, 1, 1, 1, 3, 2, 1, 0, 2, 0, 1, 3, 2, 1, 1, 0, 3, 3, 0, 1, 2, 3, 2, 2, 1, 2, 1, 3, 3, 0, 2, 3, 1, 3, 1, 1, 3, 0, 0, 0, 0, 3, 3, 1, 1, 0, 0, 1, 3, 3, 0, 0, 1, 1, 3, 3, 0, 3, 0, 0, 3, 3, 0, 1, 0, 3, 3, 3, 3, 3, 1, 1, 1, 0, 1, 0, 0, 0, 1, 0, 1, 0, 3, 0, 2, 2, 1, 1, 1, 1, 0, 0, 3, 0, 3, 0, 1, 0, 3, 1], "predicted_labels": [0, 1, 1, 1, 3, 3, 3, 1, 1, 1, 3, 1, 1, 1, 1, 1, 1, 1, 1, 3, 1, 1, 1, 1, 3, 1, 0, 0, 1, 3, 3, 1, 3, 1, 3, 1, 1, 1, 0, 3, 1, 1, 3, 1, 3, 1, 3, 3, 3, 1, 1, 1, 1, 0, 1, 3, 1, 1, 1, 3, 1, 3, 1, 3, 1, 1, 1, 3, 3, 0, 3, 1, 3, 3, 1, 1, 1, 3, 3, 1, 1, 3, 1, 1, 3, 1, 1, 1, 1, 1, 3, 3, 3, 1, 1, 3, 3, 0, 1, 3, 1, 1, 1, 3, 3, 1, 3, 1, 1, 3, 1, 3, 3, 1, 1, 3, 1, 3, 3, 2, 0, 1, 3, 1, 1, 1, 1, 1, 1, 1, 1, 3, 1, 3, 1, 0, 3, 0, 1, 3, 3, 1], "confidence_scores": [[0.26421879509379503, 0.2576846903096904, 0.2199915223665224, 0.2581049922299923], [0.17554689754689756, 0.34264393939393956, 0.2339835858585859, 0.24782557720057732], [0.25175371850371847, 0.2973464868464869, 0.2372563131313131, 0.21364348151848148], [0.24924365984892308, 0.296828634085213, 0.22874657287157288, 0.22518113319429114], [0.2575957792207793, 0.2559491341991342, 0.1885898268398268, 0.2978652597402598], [0.22836498917748924, 0.23782359307359305, 0.20641441197691193, 0.3273970057720058], [0.19801724664224665, 0.2767546203796204, 0.17828409090909095, 0.3469440420690421], [0.22079852092352098, 0.3366493082081318, 0.17433806552924197, 0.2682141053391053], [0.2596459235209236, 0.33077750721500726, 0.2084358766233766, 0.20114069264069262], [0.23230903818403825, 0.3694052336552337, 0.18835701798201804, 0.20992871017871026], [0.22519071206571212, 0.2732792207792208, 0.20283621933621931, 0.2986938478188479], [0.22823712398712395, 0.3221720224220225, 0.15549891774891772, 0.29409193584193594], [0.18845779220779219, 0.29473321123321145, 0.2791791958041958, 0.23762980075480075], [0.20414538239538235, 0.28155411255411267, 0.2584224386724387, 0.2558780663780664], [0.2578073593073594, 0.3277204184704186, 0.14952976190476186, 0.2649424603174605], [0.18185106560106562, 0.3417568542568544, 0.2381204351204351, 0.23827164502164502], [0.2441969141969141, 0.31475216450216453, 0.20564051226551217, 0.2354104090354091], [0.22056060606060604, 0.34036002886002875, 0.23522312409812418, 0.20385624098124097], [0.22157650755677075, 0.3529990886306676, 0.20976280663780664, 0.21566159717475508], [0.2511856060606061, 0.2681406926406927, 0.20874278499278504, 0.27193091630591637], [0.29682932418458746, 0.3104617787183577, 0.1709702380952381, 0.22173865900181697], [0.2005822510822512, 0.3257155483405484, 0.19418199855699853, 0.2795202020202021], [0.1871370851370851, 0.3533906926406926, 0.2183809523809524, 0.24109126984127], [0.26315651015651015, 0.3465721500721501, 0.16481962481962484, 0.22545171495171498], [0.2695407647907649, 0.23755681818181823, 0.22003463203463208, 0.272867784992785], [0.23840950715950718, 0.29964880952380957, 0.2094001970251971, 0.2525414862914863], [0.31475000000000003, 0.29256349206349214, 0.16546212121212117, 0.22722438672438672], [0.27573905261405274, 0.25139009601509604, 0.2172247474747476, 0.255646103896104], [0.19731113331113334, 0.32265043290043294, 0.16769405594405595, 0.31234437784437785], [0.22338365800865798, 0.27127422577422583, 0.21394806582306586, 0.2913940503940504], [0.20821926684426686, 0.2693744588744589, 0.22499922299922304, 0.2974070512820513], [0.24095670995670992, 0.3370753968253969, 0.19161562049062048, 0.23035227272727282], [0.21874050949050944, 0.28423754023754033, 0.2071432872682873, 0.28987866300366305], [0.2543516622266623, 0.3113927045177046, 0.19294184491978603, 0.24131378833584716], [0.26735137085137084, 0.23687319624819622, 0.2253230519480519, 0.270452380952381], [0.24927272727272728, 0.2731338245088246, 0.22115800865800858, 0.25643543956043957], [0.19038419913419913, 0.33798268398268405, 0.2411282467532467, 0.23050487012987017], [0.17555519480519474, 0.33965692640692635, 0.22379557942057943, 0.2609922993672994], [0.26967031579531586, 0.26244914807414804, 0.22100445387945392, 0.24687608225108224], [0.22316834554334555, 0.27921500721500725, 0.16008430458430456, 0.33753234265734267], [0.21003968253968253, 0.34287169774669785, 0.17632202519702517, 0.27076659451659457], [0.26840144577644576, 0.2840307609057609, 0.22882215007215007, 0.21874564324564336], [0.2650477675918853, 0.2354728694508108, 0.1883593073593074, 0.3111200555979969], [0.23911563028474794, 0.27212246985041105, 0.23063832001332002, 0.25812357985152107], [0.19830862193362198, 0.2575566378066378, 0.2658793290043291, 0.2782554112554112], [0.24155839993339992, 0.37759455821955834, 0.13598069985569983, 0.24486634199134202], [0.20863961038961037, 0.2649478021978022, 0.19666810966810963, 0.3297444777444778], [0.20342389554889553, 0.2581037573537574, 0.2514846126096126, 0.2869877344877345], [0.250171176046176, 0.2586654040404041, 0.19380681818181825, 0.29735660173160183], [0.18921807359307366, 0.31679852092352107, 0.19477164502164507, 0.29921176046176046], [0.24671457708957714, 0.30886405261405264, 0.16755681818181814, 0.27686455211455213], [0.24135758685758676, 0.3170059523809524, 0.2046464507714508, 0.23699000999001002], [0.22646374458874458, 0.3151661255411256, 0.1953335137085138, 0.2630366161616162], [0.28940873015873014, 0.26176989676989687, 0.1815849567099567, 0.2672364163614163], [0.25013125763125765, 0.28503860028860045, 0.21329437229437231, 0.2515357697857698], [0.22694179431679445, 0.252302836052836, 0.20216740204240208, 0.3185879675879676], [0.23041884504384505, 0.31561441336441326, 0.17981403318903325, 0.27415270840270833], [0.19512193362193359, 0.3298935786435787, 0.22987824675324678, 0.24510624098124104], [0.15659595959595957, 0.3635188977688979, 0.21684901209901206, 0.2630361305361305], [0.24138884726384716, 0.26309527972027974, 0.21351803751803755, 0.2819978354978355], [0.18518788156288157, 0.2758704212454212, 0.2644809863339276, 0.27446071085776974], [0.1611582445332445, 0.23090925740925752, 0.20789099789099785, 0.40004150016650014], [0.18480934343434338, 0.331733225108225, 0.2215865800865801, 0.26187085137085153], [0.2211867438117438, 0.2669579725829727, 0.2358632201132201, 0.2759920634920635], [0.2393190836940837, 0.30444426406926406, 0.20416684704184693, 0.25206980519480526], [0.2109308608058608, 0.36139484126984134, 0.22096530430353958, 0.20670899362075837], [0.22012499999999996, 0.27506769619269617, 0.24920412920412932, 0.2556031746031746], [0.23255429292929297, 0.261587481962482, 0.19366594516594518, 0.31219227994228005], [0.2551984966787598, 0.2578158274474065, 0.22465272227772232, 0.26233295359611153], [0.2898020035520036, 0.27538582251082255, 0.1641864524364524, 0.27062572150072156], [0.24951974006385774, 0.2522588751118163, 0.2405721500721501, 0.25764923475217594], [0.23347925685425686, 0.31112794150294154, 0.17757650886695014, 0.2778162927758517], [0.2650691946941948, 0.24912420912420913, 0.1551269841269841, 0.33067961205461216], [0.2400945165945166, 0.27829473304473307, 0.17034992784992783, 0.31126082251082265], [0.18535775335775334, 0.3583579892329892, 0.18447799422799416, 0.27180626318126316], [0.2337056901431901, 0.2884961080586081, 0.23787265512265518, 0.2399255466755466], [0.24938462925962926, 0.30067490842490835, 0.16978739316239314, 0.2801530691530692], [0.2343022533022533, 0.21616257353757348, 0.26183658579982116, 0.2876985873603522], [0.23276298701298703, 0.25554202741702736, 0.14439844877344876, 0.36729653679653684], [0.18539880952380952, 0.31782593795093805, 0.22855988455988455, 0.26821536796536805], [0.23516289266289273, 0.34661670274170286, 0.1774709595959596, 0.24074944499944492], [0.2401860223110223, 0.2785854978354979, 0.19057768620268625, 0.2906507936507936], [0.23208692696192693, 0.2693031045751633, 0.23714411976911984, 0.26146584869378997], [0.23700432900432905, 0.3166233766233768, 0.19328542291042294, 0.25308687146187153], [0.17965800865800857, 0.2934631479631479, 0.18807942057942062, 0.3387994227994228], [0.21682774170274166, 0.3437995892995893, 0.19350577200577207, 0.24586689699189698], [0.1439172077922078, 0.3072449494949495, 0.26917406204906213, 0.2796637806637807], [0.217375, 0.2923313492063492, 0.20104563492063496, 0.28924801587301596], [0.283147546897547, 0.2835960844710845, 0.20291251803751806, 0.2303438505938506], [0.2104051226551227, 0.32881836219336213, 0.22344642857142866, 0.23733008658008667], [0.20727389277389277, 0.23417920274170279, 0.2011329226329227, 0.35741398185148193], [0.252051406926407, 0.27238414363414376, 0.19166341991341995, 0.2839010295260296], [0.22912944000443997, 0.27904466366966374, 0.20856782106782107, 0.2832580752580754], [0.17161111111111116, 0.34516558441558454, 0.156780303030303, 0.32644300144300153], [0.29325210900210913, 0.3098237873237874, 0.21923555611055603, 0.1776885475635476], [0.24077615440115438, 0.2673315295815296, 0.21578192640692634, 0.2761103896103897], [0.22613100788100796, 0.28782371794871797, 0.18932792207792212, 0.29671735209235206], [0.29466207403707406, 0.2729041514041514, 0.18379226329226342, 0.24864151126651135], [0.23745930458430461, 0.3482149933399934, 0.17232065157065157, 0.24200505050505053], [0.21162842712842722, 0.30601587301587296, 0.17281890331890326, 0.30953679653679667], [0.1834799783549783, 0.34976713564213563, 0.21335010822510822, 0.25340277777777787], [0.1897718253968254, 0.33119846819846815, 0.2161246392496393, 0.2629050671550672], [0.2096200188700189, 0.33886298342180693, 0.21002204821322476, 0.24149494949494948], [0.23110221722721722, 0.28970942945942946, 0.16407760295260296, 0.3151107503607504], [0.25190404040404046, 0.2519143772893774, 0.17452147852147856, 0.3216601037851038], [0.20831573981573992, 0.30235028860028856, 0.24838862526362526, 0.24094534632034634], [0.2464446248196248, 0.28445851370851377, 0.183359126984127, 0.2857377344877346], [0.25495292207792214, 0.2929944985569985, 0.18306755050505058, 0.2689850288600288], [0.24523375235875236, 0.29646411921411925, 0.23399188311688307, 0.22431024531024527], [0.24423405760905761, 0.23890705128205128, 0.19314292651792653, 0.32371596459096463], [0.1919441530691531, 0.32775248362748355, 0.21003660228660226, 0.2702667610167611], [0.2277841464091464, 0.30057697857697857, 0.14499800199800197, 0.3266408730158731], [0.23528558941058939, 0.27821850371850376, 0.16499734987234987, 0.32149855699855706], [0.1779489538239538, 0.2986531385281385, 0.2819770923520924, 0.24142081529581533], [0.22940907703407704, 0.3421715506715507, 0.17938383838383834, 0.24903553391053393], [0.28437817737817744, 0.25247341547341556, 0.14871807359307362, 0.3144303335553337], [0.2470321067821068, 0.3116118326118326, 0.2137772366522367, 0.22757882395382403], [0.19705158730158728, 0.2837999639249639, 0.16074018546812663, 0.35840826330532216], [0.2503648989898991, 0.25228968253968254, 0.2251071428571429, 0.2722382756132755], [0.25559325396825405, 0.2354058441558441, 0.2613053751803751, 0.24769552669552686], [0.3029253246753246, 0.24448827561327566, 0.17970147907647907, 0.27288492063492076], [0.23861507936507945, 0.2892454906204907, 0.18569318181818184, 0.28644624819624814], [0.25172835497835494, 0.2709686147186148, 0.16148593073593076, 0.31581709956709964], [0.2428418109668111, 0.29947258297258306, 0.1953757215007216, 0.26230988455988463], [0.1918112026862026, 0.31544246031746037, 0.19956440781440782, 0.29318192918192926], [0.22376399988899986, 0.28909131146631145, 0.24682485569985574, 0.24031983294483297], [0.18769355644355643, 0.32511713980463985, 0.22135398629148637, 0.26583531746031747], [0.2228555194805194, 0.2832094155844157, 0.2348668831168831, 0.2590681818181818], [0.22488095238095238, 0.2826448412698413, 0.21890277777777775, 0.2735714285714286], [0.2622028249528251, 0.29402627927627933, 0.18036403873903875, 0.26340685703185696], [0.2383101898101899, 0.3256717171717172, 0.1979606782106782, 0.23805741480741488], [0.23359199134199135, 0.21408477633477638, 0.2087144660894661, 0.34360876623376635], [0.24827398989899005, 0.3313968253968253, 0.15959920634920632, 0.26072997835497835], [0.23536849261849266, 0.2614413919413921, 0.23098665223665227, 0.2722034632034633], [0.26590048840048836, 0.3097583111333112, 0.20213113275613268, 0.22221006771006774], [0.2776874098124098, 0.254012987012987, 0.20452218614718617, 0.2637774170274171], [0.19745719558219552, 0.254381549006549, 0.18659704184704184, 0.3615642135642135], [0.2939852092352093, 0.2598872655122655, 0.15294678932178926, 0.293180735930736], [0.2148460705960707, 0.3232058774558774, 0.18860793373293372, 0.27334011821511817], [0.19200535575535574, 0.29003787878787873, 0.16539321789321793, 0.3525635475635476], [0.28306700244200256, 0.24268849206349208, 0.16694677544677547, 0.3072977300477301], [0.2332198079698079, 0.34118116605616605, 0.22771778221778236, 0.1978812437562438]]}}