{"test": {"ids": ["108113740", "97116800", "101109120", "99107950", "108118520", "113121810", "111115770", "104113000", "110114950", "102109840", "105110091", "107116501", "99107640", "112118421", "102109910", "105113620", "113121750", "110115580", "101114020", "108114040", "109115070", "99108010", "111114121", "103113170", "112118860", "101108370", "105113330", "106111321", "104111531", "106113360", "106112770", "110118181", "109117110", "105115680", "111119300", "102110050", "112117210", "109119460", "113119950", "98112170", "98109570", "110113931", "103120290", "112116900", "98106880", "99109141", "112121030", "98121790", "111114171", "109113281", "102110850", "113122150", "108114220", "99111000", "106116370", "98107410", "106113830", "111115780", "111119610", "105113440", "113118870", "110119300", "111116640", "112120700", "104111830", "111121190", "111120190", "112118620", "107113170", "105114220", "113122190", "99112531", "101108290", "105121190", "101111990", "107121640", "99110050", "106116820", "103118291", "107113180", "111119430", "110115120", "113117630", "109116170", "105120280", "99111340", "102111990", "100107920", "99114890", "103118110", "110117110", "113120070", "99112641", "104118340", "107114140", "107115140", "97111790", "102112170", "107113360", "105117431", "98108410", "106121220", "102110690", "107112840", "111117120", "103110840", "106116441", "106117790", "97105580", "108113620", "112120270", "113121980", "106117770", "108114360", "111116290", "109117080", "107119130", "104117630", "98112300", "98107340", "99121440", "97116410", "103112470", "104113240", "104113170", "109118701", "111120531", "98109090", "112121410", "113119320", "98111231", "99111620", "108117610", "112116640", "106118301", "99112840", "104113550", "103110220", "112117461", "110118121", "99119830", "103111480"], "labels": [3, 0, 1, 1, 0, 2, 3, 1, 0, 2, 0, 1, 1, 3, 2, 0, 0, 1, 3, 0, 0, 2, 0, 3, 3, 1, 3, 0, 0, 0, 1, 1, 1, 2, 1, 3, 1, 1, 0, 3, 1, 1, 2, 3, 0, 3, 0, 2, 3, 0, 3, 2, 3, 2, 2, 3, 1, 1, 2, 0, 0, 1, 0, 2, 3, 1, 3, 3, 0, 3, 1, 3, 0, 2, 2, 1, 3, 1, 0, 3, 3, 0, 0, 0, 3, 1, 2, 0, 2, 2, 0, 2, 1, 2, 2, 0, 2, 3, 0, 1, 1, 1, 0, 1, 2, 1, 0, 1, 1, 3, 0, 2, 0, 1, 2, 1, 1, 0, 2, 0, 2, 3, 1, 2, 3, 3, 0, 1, 0, 1, 1, 3, 3, 0, 1, 2, 1, 2, 0, 3, 1, 0], "predicted_labels": [0, 0, 0, 3, 1, 1, 3, 0, 0, 2, 1, 0, 3, 1, 2, 1, 0, 3, 3, 3, 1, 2, 1, 1, 1, 0, 0, 1, 3, 1, 3, 0, 0, 1, 3, 2, 1, 1, 1, 3, 3, 1, 2, 3, 2, 0, 3, 2, 0, 0, 1, 1, 1, 2, 3, 0, 3, 0, 2, 1, 1, 3, 0, 2, 1, 3, 1, 0, 1, 0, 1, 0, 3, 2, 0, 3, 1, 0, 2, 1, 3, 0, 3, 3, 2, 2, 0, 3, 1, 2, 2, 2, 0, 1, 1, 3, 3, 0, 3, 1, 0, 0, 0, 1, 3, 2, 1, 2, 0, 1, 1, 1, 1, 1, 2, 1, 1, 0, 3, 2, 1, 1, 0, 1, 1, 3, 3, 3, 1, 0, 1, 3, 0, 0, 0, 1, 0, 3, 3, 3, 3, 3], "confidence_scores": [[0.9960699185010929, 0.003912259286252468, 1.3291182424022967e-05, 4.531030230719942e-06], [0.8065782048695869, 0.18624738183844158, 0.006016112919263096, 0.001158300372708511], [0.6632993744325512, 0.16579418536729523, 0.16205615124926587, 0.008850288950887939], [6.856014962932323e-10, 2.1565559638406232e-05, 0.25957476709063015, 0.7404036666641299], [3.42676094615412e-06, 0.990801268545444, 0.008972962387045551, 0.00022234230656426496], [4.79347733486896e-07, 0.6142882089417617, 0.38571114377378574, 1.6793671922871863e-07], [0.008512177521112413, 0.15187277191673626, 0.0015832447219938611, 0.8380318058401575], [0.5869601701194005, 1.5249225553827708e-06, 0.016549622389135623, 0.3964886825689085], [0.999783956859058, 3.303044004972976e-06, 2.026243594607419e-06, 0.00021071385334228473], [6.138258725989036e-05, 2.838452787644809e-05, 0.9998997136599402, 1.0519224923448377e-05], [0.19900638555028285, 0.7146541453820004, 0.07195042621860791, 0.014389042849108897], [0.9999863183044111, 1.1824715497677442e-06, 1.4926894261579674e-08, 1.2484297144915303e-05], [1.277632323773212e-07, 1.8867306670319592e-06, 0.0004547367372177407, 0.9995432487688828], [0.00020348721298220338, 0.9797911146436021, 0.003552350411727934, 0.016453047731687636], [0.0013349298047527515, 0.14275632449360195, 0.6395550286874042, 0.21635371701424114], [0.005804376119301789, 0.8889728937325506, 0.10522252783989325, 2.0230825429917017e-07], [0.9641066260709062, 0.000713636170406463, 1.2321973076089506e-07, 0.03517961453895646], [0.050614178174472536, 0.0009536989785573733, 0.04236893015817808, 0.9060631926887919], [0.0003775694185963095, 0.0007670508390579522, 0.01849128311947263, 0.9803640966228732], [0.03565717702405522, 0.011372573475487624, 0.016101323176605644, 0.9368689263238515], [2.046719933976122e-06, 0.9999534715359609, 5.771177124935158e-07, 4.39046263925678e-05], [0.00014174200404577536, 0.42648947949600385, 0.5640403722166175, 0.009328406283332868], [8.473068836993622e-06, 0.9996459150676715, 0.0001919111288791883, 0.0001537007346122949], [3.989320699400779e-06, 0.9991498432510633, 0.0006613741929664089, 0.00018479323527088377], [0.007512048306011675, 0.9924667531127619, 8.44906200130247e-06, 1.2749519225117604e-05], [0.9930852361330157, 1.9575089330608264e-05, 9.669408005674053e-07, 0.006894221836852862], [0.9260816777195603, 0.023642510757755267, 0.020569846618118632, 0.029705964904565868], [0.04479328986386449, 0.8572584881019175, 0.021482249365534525, 0.07646597266868352], [0.0001940301116953981, 0.0005120322241108747, 3.7536716341992056e-06, 0.9992901839925596], [0.028927695825045716, 0.9710674688949004, 4.6263288802843e-06, 2.089511733860065e-07], [1.6030856053625587e-08, 0.04749155423609672, 0.08942780591930728, 0.86308062381374], [0.5488970516127631, 0.4510609745710282, 6.902694232192744e-07, 4.1283546785529605e-05], [0.42072654660140124, 0.2847330815359793, 5.3098127136720565e-06, 0.29453506204990576], [8.305258314614993e-08, 0.9982034184925817, 1.501551547851014e-05, 0.0017814829393566927], [7.589094117221717e-06, 4.178872495671487e-07, 2.3270840388331497e-07, 0.9999917603102293], [3.511811468602343e-07, 0.0007104036088985687, 0.9992892429661432, 2.2438114559100723e-09], [0.010911023015447396, 0.9533059116692812, 0.030697211248584072, 0.005085854066687448], [0.0028669139095976823, 0.9958624220253603, 2.6876279226130856e-05, 0.0012437877858159495], [0.004214274323585019, 0.9447194602509802, 1.0811726714767975e-05, 0.051055453698719985], [0.025377575998924356, 0.007996170296302708, 0.00037967416602705846, 0.9662465795387459], [5.444756508766466e-05, 3.658770640982228e-05, 5.135926242818834e-08, 0.9999089133692401], [3.58797888861746e-08, 0.9857145341522744, 3.0440835913589724e-08, 0.01428539952710065], [5.332101278377445e-09, 0.005779023518150865, 0.9941930693913649, 2.790175838296663e-05], [0.386827784489594, 0.014328003317421855, 2.5233886869742625e-08, 0.5988441869590972], [0.0008206123582640785, 0.0014242044842206537, 0.49950161422119327, 0.498253568936322], [0.5580817597401949, 0.44151733999056253, 0.0003891610179872774, 1.1739251255299109e-05], [0.005520154818487519, 0.01077032450899322, 0.01023530849577865, 0.9734742121767406], [0.0003119722736866553, 0.009969617940579037, 0.9896232475758069, 9.516220992742723e-05], [0.99822968804131, 8.012713787882708e-07, 9.299849708448024e-14, 0.0017695106872181125], [0.9673076236924619, 0.00045732966962626245, 6.098006781665964e-10, 0.03223504602811096], [0.002116814093133533, 0.9961644880815882, 0.0014969725587113476, 0.0002217252665668352], [0.0008019741272879466, 0.697692678748844, 0.30111264154437994, 0.0003927055794881755], [7.587808740243679e-10, 0.9624222720810433, 0.03757735477601664, 3.72384159388694e-07], [5.420445466507239e-06, 0.3836810070408166, 0.5932982088379628, 0.023015363675754096], [0.019097253662783985, 0.039655778879259015, 0.0006892794411488331, 0.9405576880168082], [0.9935543611032666, 0.003578285127718026, 0.0027844733733342866, 8.288039568116846e-05], [2.179418766211904e-05, 0.00013315670998437378, 9.585672159602706e-08, 0.9998449532456319], [0.8361652291381638, 0.1561059255876594, 0.007284925120821643, 0.0004439201533550824], [5.83885175710209e-05, 0.00040235687418965435, 0.9995144490897915, 2.480551844798062e-05], [0.22459232870075196, 0.7251016970382539, 0.0404027354786228, 0.009903238782371229], [0.02545533258697561, 0.8894552624169059, 3.123621631358973e-05, 0.08505816877980502], [0.015256060997476412, 0.4520648431326306, 3.5112486453018352e-06, 0.5326755846212476], [0.9123653329097906, 0.009185757538536808, 0.07844083266449565, 8.076887176880796e-06], [0.07742195823668019, 0.004138009258680984, 0.8562831108646559, 0.06215692163998291], [0.00486674378638289, 0.8414737315374666, 0.036394219447239466, 0.11726530522891111], [5.162027243863267e-06, 0.022851326369182745, 0.0011656380179680657, 0.9759778735856053], [0.009303659017150807, 0.9831463808663412, 0.007319498494869161, 0.00023046162163886487], [0.8957960941972688, 0.07363745112017399, 0.006126238876516831, 0.02444021580604038], [0.20745762953981836, 0.7903423814164516, 1.8070688598650622e-05, 0.0021819183551313646], [0.913550414367285, 0.08532811313034168, 2.12462483174828e-06, 0.0011193478775415274], [0.007734590798583642, 0.7978797616579807, 0.18232454111610136, 0.012061106427334434], [0.9895501453681889, 7.582140919692383e-08, 1.0753200005900324e-07, 0.010449671278402042], [0.12802126517320708, 0.011674360237948664, 3.305617021601229e-05, 0.8602713184186283], [1.1336948102021935e-08, 0.0002155268251899058, 0.8756248771221942, 0.12415958471566794], [0.7213581072144446, 5.8586113266809016e-05, 0.2696943715083246, 0.00888893516396407], [0.23815706512790097, 0.004639151707047101, 0.022756330251655067, 0.7344474529133969], [2.3523737739754223e-05, 0.8504630520984612, 0.09949300841102766, 0.05002041575277125], [0.600835446764958, 0.004762743097131196, 0.00011729176643139861, 0.3942845183714794], [2.9958982287131372e-05, 0.00010401422282136428, 0.9806203503893932, 0.019245676405498215], [0.0004864845255976387, 0.9990245463265739, 0.0004882859894212671, 6.831584071503951e-07], [1.655797767664511e-06, 0.04972116038468528, 0.0105644918279948, 0.9397126919895523], [0.3897349013137622, 0.2587259445306731, 0.19725913438624323, 0.15428001976932146], [0.00674718757334728, 0.004394964766832581, 0.0006863091319737211, 0.9881715385278464], [6.970434439676339e-08, 0.015321273622318991, 1.3962019952444935e-06, 0.9846772604713413], [0.003444613710428323, 3.590552265470109e-07, 0.9622073659178817, 0.03434766131646342], [9.282914098130568e-06, 0.00011751640334016207, 0.8889286140252773, 0.11094458665728431], [0.999152406237723, 2.7518586102971483e-08, 0.0008474053243662056, 1.6091932476429498e-07], [2.9842624521754477e-10, 1.9674115436840744e-06, 1.8194735072833273e-08, 0.999998014095295], [4.835419880300761e-11, 0.9948384247792937, 0.005153131957436747, 8.443214915154594e-06], [0.0006402976616605989, 0.06251385002760436, 0.9235853065751004, 0.013260545735634656], [1.7133691812056075e-08, 0.12635873393845495, 0.8734796599665545, 0.00016158896129876924], [0.0019057593291815396, 0.0005347853029186891, 0.989502932528263, 0.008056522839636697], [0.9631714375224641, 0.001341625601655882, 0.000989285161073005, 0.034497651714806885], [0.000615212384266549, 0.9407030225408947, 0.005920596368453673, 0.0527611687063851], [0.010406913071159924, 0.9895769018586438, 8.089446610140077e-08, 1.6104175730401815e-05], [0.005149268907864705, 1.4488499209599357e-07, 8.772358815520201e-07, 0.9948497089712618], [0.0009374005261954081, 4.955844735311653e-05, 0.000770393169355166, 0.9982426478570962], [0.9505470069025644, 0.03284812149228487, 0.0008427735614582969, 0.015762098043692496], [0.0014771688758308651, 0.0023291412512425154, 0.012133148933822904, 0.9840605409391037], [7.5797223898364444e-06, 0.9968525816971224, 0.0003913082834407116, 0.0027485302970469885], [0.8187134166501939, 0.18117298924572134, 1.065305021999243e-08, 0.00011358345103454688], [0.996525062316203, 9.103611925734025e-05, 0.0008913104695095143, 0.002492591095029989], [0.6849337814463814, 0.001585595943823466, 2.874883543692457e-07, 0.31348033512144075], [8.217727526983248e-05, 0.999912924796377, 4.886013302561658e-06, 1.1915050548913526e-08], [1.364288468259689e-07, 0.125980217488175, 1.28895389594906e-07, 0.8740195171875885], [0.03385791697773044, 7.702475972346323e-05, 0.9658875872999138, 0.00017747096263229383], [0.000527151163676177, 0.9994672627435406, 8.012181686271073e-08, 5.505970966502064e-06], [0.4309555865713762, 0.012185732352195859, 0.5185769048149218, 0.03828177626150607], [0.4511383211001688, 2.7066427991164657e-06, 0.3803414126017498, 0.16851755965528223], [0.0063572705889278465, 0.9936371885646171, 1.8302809343510133e-07, 5.3578183615895915e-06], [7.063230283880068e-06, 0.9974107437284365, 0.0025816705335762586, 5.225077034819513e-07], [6.409025290470798e-07, 0.7689774915197176, 3.6452584460357446e-08, 0.23102183112516894], [0.48031016572466445, 0.512345243940136, 0.007296385486351704, 4.8204848847832574e-05], [2.923367128982957e-11, 0.999918494955885, 8.148057036702688e-05, 2.444451419792475e-08], [0.002070577436020357, 0.22427575694914711, 0.7522053813605277, 0.021448284254304673], [1.6838540643151631e-13, 0.9999961072509927, 2.2137625610583745e-08, 3.870611213263211e-06], [0.014291482140625575, 0.9515510412518805, 0.001473267688684745, 0.032684208918809084], [0.9965178166868347, 0.0007381187679349004, 1.5488478934072436e-05, 0.002728576066296471], [0.00020767261480157608, 1.1773318182987972e-06, 0.012997520861069416, 0.9867936291923106], [9.604397392373265e-09, 4.110729123738662e-07, 0.6863030310877871, 0.31369654823490317], [2.66956519602712e-10, 0.9999822437291791, 1.7589878393669044e-05, 1.6612547065863704e-07], [4.979685028708485e-05, 0.985241322448285, 0.013326609565306975, 0.0013822711361211036], [0.9581846303928763, 0.041552299519856825, 0.00025222371554441423, 1.0846371722599287e-05], [3.692375393665227e-05, 0.9943166937249618, 0.005645240447531293, 1.1420735702025246e-06], [8.782189163174319e-09, 0.9995349898085809, 0.0004596556331012661, 5.345776128846614e-06], [5.90580887737002e-07, 0.0006279747904291469, 7.682246939530763e-07, 0.9993706664039891], [1.289653878965336e-06, 0.001035888016975109, 9.452486259931533e-06, 0.9989533698428861], [5.618590429317852e-07, 6.539757577921852e-05, 0.028358425639404973, 0.9715756149257728], [7.544643318791633e-07, 0.9172892969104326, 1.4017828366063021e-11, 0.08270994861121769], [0.9998080064527276, 5.426482432239637e-05, 1.02993077081287e-09, 0.00013772769301908085], [0.4475237105116205, 0.5411164971838079, 4.632832613055617e-06, 0.011355159471958509], [5.739948534278142e-06, 0.000849219183962893, 0.00035166998494640274, 0.9987933708825564], [0.8681452478069458, 0.0010655613245903724, 2.577830304670555e-06, 0.13078661303815917], [0.522246489103794, 0.0007903840686205631, 0.000132631836375835, 0.4768304949912096], [0.8658196390878026, 0.1341802125156116, 3.186717823336141e-08, 1.1652940761128443e-07], [4.715088557826129e-05, 0.982260679352125, 5.4565030078718694e-05, 0.017637604732217857], [0.661565853952686, 0.00048204183028012157, 0.3322388519878, 0.005713252229233771], [0.0008057069960905221, 0.1880013292698032, 0.0030277843723620166, 0.8081651793617443], [0.00399109803612165, 6.592372561167305e-07, 2.3606357090188107e-07, 0.9960080066630513], [8.514756720734322e-05, 0.010053738927777224, 2.7340285761813475e-06, 0.9898583794764392], [2.856906269487631e-09, 1.0275922127370237e-06, 5.040862226726861e-05, 0.9999485609286138], [0.06544239148055482, 0.0604743455518871, 0.000265612757785326, 0.8738176502097729]]}, "rewritten": {"ids": ["97105580", "97111790", "97116410", "97116800", "98106880", "98107340", "98107410", "98108410", "98109090", "98109570", "98111231", "98112170", "98112300", "98121790", "99107640", "99107950", "99108010", "99109141", "99110050", "99111000", "99111340", "99111620", "99112531", "99112641", "99112840", "99114890", "99119830", "99121440", "100107920", "101108290", "101108370", "101109120", "101111990", "101114020", "102109840", "102109910", "102110050", "102110690", "102110850", "102111990", "102112170", "103110220", "103110840", "103111480", "103112470", "103113170", "103118110", "103118291", "103120290", "104111531", "104111830", "104113000", "104113170", "104113240", "104113550", "104117630", "104118340", "105110091", "105113330", "105113440", "105113620", "105114220", "105115680", "105117431", "105120280", "105121190", "106111321", "106112770", "106113360", "106113830", "106116370", "106116441", "106116820", "106117770", "106117790", "106118301", "106121220", "107112840", "107113170", "107113180", "107113360", "107114140", "107115140", "107116501", "107119130", "107121640", "108113620", "108113740", "108114040", "108114220", "108114360", "108117610", "108118520", "109113281", "109115070", "109116170", "109117080", "109117110", "109118701", "109119460", "110113931", "110114950", "110115120", "110115580", "110117110", "110118121", "110118181", "110119300", "111114121", "111114171", "111115770", "111115780", "111116290", "111116640", "111117120", "111119300", "111119430", "111119610", "111120190", "111120531", "111121190", "112116640", "112116900", "112117210", "112117461", "112118421", "112118620", "112118860", "112120270", "112120700", "112121030", "112121410", "113117630", "113118870", "113119320", "113119950", "113120070", "113121750", "113121810", "113121980", "113122150", "113122190"], "labels": [1, 2, 3, 0, 0, 0, 3, 1, 1, 1, 1, 3, 2, 2, 1, 1, 2, 3, 3, 2, 1, 3, 3, 1, 2, 2, 1, 2, 0, 0, 1, 1, 2, 3, 2, 2, 3, 0, 3, 2, 3, 2, 1, 0, 1, 3, 2, 0, 2, 0, 3, 1, 3, 2, 1, 0, 2, 0, 3, 0, 0, 3, 2, 1, 3, 2, 0, 1, 0, 1, 2, 0, 1, 0, 1, 1, 1, 1, 0, 3, 0, 2, 0, 1, 1, 1, 3, 3, 0, 3, 1, 3, 0, 0, 0, 0, 1, 1, 3, 1, 1, 0, 0, 1, 0, 3, 1, 1, 0, 3, 3, 1, 2, 0, 2, 1, 3, 2, 3, 0, 1, 0, 3, 1, 0, 3, 3, 3, 0, 2, 0, 0, 0, 0, 1, 0, 2, 0, 2, 2, 2, 1], "predicted_labels": [0, 3, 1, 0, 3, 2, 0, 1, 3, 3, 0, 3, 3, 1, 3, 2, 1, 0, 1, 1, 2, 3, 3, 0, 1, 1, 3, 1, 3, 3, 0, 0, 0, 3, 2, 2, 2, 0, 1, 0, 0, 3, 2, 3, 0, 1, 2, 1, 2, 3, 1, 0, 1, 1, 2, 0, 3, 1, 1, 0, 1, 1, 1, 1, 0, 2, 0, 2, 0, 3, 3, 1, 0, 0, 2, 1, 0, 1, 1, 1, 2, 1, 3, 0, 0, 0, 1, 0, 0, 1, 1, 0, 1, 0, 1, 3, 1, 3, 3, 1, 1, 0, 1, 3, 2, 3, 0, 3, 1, 0, 3, 0, 0, 0, 1, 3, 1, 2, 1, 3, 3, 3, 1, 1, 0, 3, 3, 1, 2, 2, 2, 1, 3, 1, 0, 1, 2, 0, 1, 1, 2, 2], "confidence_scores": [[0.9969926017544675, 2.5105452918216862e-05, 0.0029765603490860466, 5.732443528035451e-06], [0.0001183821422493711, 9.914946054243395e-07, 2.6932474881907745e-06, 0.9998779331156571], [0.0001115625619197846, 0.9525135352324765, 0.03140535676452603, 0.015969545441077686], [0.5778957622558759, 0.40864311336499953, 0.013301543685729578, 0.00015958069339504482], [0.011990426129717182, 0.09924908402655606, 0.03266839422523696, 0.8560920956184898], [7.963141441751237e-10, 2.142885767612358e-08, 0.9791203127703398, 0.020879665004488308], [0.8392204941358579, 5.981789136128936e-06, 0.16077214680508514, 1.377269920815069e-06], [0.008324303783475116, 0.9916639383629716, 6.951083445063633e-11, 1.1757784042317528e-05], [5.3158354223347616e-05, 0.00041870234512671, 0.004432144270289856, 0.9950959950303601], [0.0006372595165364815, 0.0010474968860677374, 1.10942633412115e-05, 0.9983041493340545], [0.43417468627663486, 0.41784203164862277, 4.678828348803817e-06, 0.14797860324639361], [0.11647128457891903, 0.006827342749791696, 0.00019566731991748162, 0.8765057053513718], [0.011871044938114018, 7.495274337232317e-08, 0.0034542786585114735, 0.9846746014506311], [3.6937148849644696e-05, 0.9972512605691884, 0.0012847913262309287, 0.0014270109557307936], [5.037305293034276e-09, 4.1972435377488826e-07, 1.523309371961509e-06, 0.9999980519289688], [2.691167974147938e-08, 0.0007266100231633916, 0.6119498397546348, 0.38732352331052194], [0.0001277111259051308, 0.5594220811811658, 0.2841751936112613, 0.15627501408166777], [0.8065391515814683, 0.1931186258506157, 0.000315545705344733, 2.667686257109242e-05], [1.844318274418983e-05, 0.9992384080165835, 0.0005068863782919428, 0.00023626242238026018], [1.35486074513795e-05, 0.8755850637352934, 0.1213471461687687, 0.003054241488486315], [9.788696957499042e-07, 0.0002602037040138396, 0.997640610472943, 0.002098206953347414], [2.588258782332019e-07, 1.8824510952325363e-06, 7.5998930021694435e-06, 0.9999902588300243], [0.21581454905450306, 2.6093367933478077e-05, 4.446174296007774e-06, 0.7841549114032674], [0.99939434905456, 0.0002644754930893815, 2.725814579055983e-05, 0.0003139173065602131], [0.0002482123306160268, 0.9907309770178812, 8.350006255344289e-05, 0.008937310588949402], [2.0586797499881458e-12, 0.9999809809962995, 1.3501751817015871e-05, 5.5172498246001895e-06], [2.0501525452309832e-09, 5.3382896266642e-06, 4.8162494431690974e-05, 0.9999464971657891], [1.7730486383335047e-10, 0.9979812918307611, 0.0020187013721934357, 6.619740844364142e-09], [8.899408096684069e-11, 5.016737506511647e-06, 3.904953213892964e-11, 0.9999949831344498], [0.017338593752325968, 0.000465584148450878, 1.4211012109371289e-05, 0.9821816110871138], [0.9998417799699244, 8.26982500635803e-06, 2.3271665855944052e-07, 0.00014971748841071216], [0.6744879640198663, 0.28542874003413216, 0.040010889154139896, 7.24067918616507e-05], [0.9806869409885981, 0.0008862228100272974, 0.004913988080163312, 0.013512848121211316], [0.0036334583508385028, 0.0006131289312314598, 0.028011649275852788, 0.9677417634420772], [0.00035873383554688393, 0.00019121482787613116, 0.9994073923949128, 4.265894166414063e-05], [0.0018599097644034902, 0.0667174120949505, 0.8746750456232837, 0.05674763251736252], [5.314460615395616e-08, 0.00033644009445978263, 0.9996634872951068, 1.946582727448787e-08], [0.7575267684145764, 0.018591184279214235, 9.229673432413649e-08, 0.22388195500947503], [0.0009321603637599155, 0.605278299729649, 0.377466616249377, 0.016322923657214283], [0.9987475386635405, 3.860493171201293e-10, 0.001252347590192555, 1.1336021765315093e-07], [0.8583229529809744, 0.12888382697938258, 0.0002831793647667498, 0.012510040674876453], [0.00020449786750443744, 0.007984200431194988, 0.00011619051563305964, 0.9916951111856676], [0.014528013510081417, 0.00024272099363051788, 0.9852263771533626, 2.8883429253372387e-06], [0.016874348603559568, 0.009404794132545182, 0.18576796294234532, 0.7879528943215499], [0.9918060854777396, 0.008147579690375438, 4.3214788107823356e-05, 3.120043777157627e-06], [7.1977378743568496e-06, 0.9950493391252494, 0.003576429302453984, 0.001367033834422278], [1.9376668031689067e-05, 0.016606510919522432, 0.9201410571431676, 0.0632330552692783], [0.0154702738803, 0.9833321121746285, 0.0007531985036090452, 0.00044441544146247045], [2.087889027687416e-08, 0.12450771774104456, 0.8750942318803645, 0.00039802949970070854], [1.0687135511576779e-05, 0.0001011791174000962, 7.019516918317266e-07, 0.9998874317953965], [0.00783630945845132, 0.5253026698467175, 0.3854507640592888, 0.08141025663554241], [0.6974686882258585, 4.41687430735339e-06, 0.041289454592177414, 0.26123744030765667], [6.737693909538267e-08, 0.9999663513329509, 3.357976127947911e-05, 1.528830713139581e-09], [6.292812758738098e-06, 0.9985010179286161, 0.0014919464258453257, 7.428327796208348e-07], [0.03369858814067631, 6.125202239360505e-05, 0.9653337730101544, 0.0009063868267756557], [0.9964897521038776, 0.0005459609598999899, 3.231439869465519e-05, 0.0029319725375278496], [0.001368974207313688, 0.17629095381332685, 0.0003661630736045679, 0.8219739089057548], [0.14256742297329963, 0.46928654102943673, 0.35679387421492037, 0.03135216178234346], [0.36394045408196624, 0.6328929716750167, 0.0007256357848208004, 0.002440938458196295], [0.9907526515104419, 0.00420415642743574, 0.00015932496737243755, 0.0048838670947498565], [0.009277669161811981, 0.9876972721463217, 0.0030110899933730863, 1.3968698493157014e-05], [0.16496288056183928, 0.8348932997355688, 2.6816999263660453e-06, 0.00014113800266553773], [2.146866856879665e-06, 0.9946871837734775, 6.869968995372458e-05, 0.005241969669711937], [2.749137995870778e-05, 0.9893241637823137, 0.009219111353708032, 0.0014292334840196022], [0.9227833176950807, 9.575467699353913e-05, 0.070893661381383, 0.006227266246542973], [2.26058399230526e-08, 5.503337805285658e-05, 0.8108954073227496, 0.18904953669335772], [0.8484537596106283, 0.1391447357402785, 0.0119775540054932, 0.0004239506436000069], [4.4501320193533695e-09, 0.10172874967042894, 0.5240876300347473, 0.3741836158446917], [0.5277143382946731, 0.4721378198774036, 0.00014783417985362926, 7.648069692020651e-09], [3.523152839391567e-05, 0.0010311767699905624, 7.756247300515503e-06, 0.998925835454315], [0.00011907488979338892, 0.000668008653430811, 5.43899608104304e-05, 0.9991585264959655], [0.015760197096376438, 0.9841842458676143, 6.931725760187451e-06, 4.862531024898057e-05], [0.7842472300553355, 0.014348761539354259, 0.0034299576531088907, 0.19797405075220137], [0.6169414855907142, 0.3327726994653412, 0.04596992651642701, 0.004315888427517509], [0.218198162778808, 0.17509125728334107, 0.44733742633717083, 0.15937315360068005], [0.39863097450749785, 0.6013657055672652, 8.537311891793192e-07, 2.466194047847991e-06], [0.9990934525344934, 0.0006310095626044996, 0.00017415299773531988, 0.00010138490516679982], [0.0016796284399093612, 0.9983110654387721, 2.6110463486888373e-06, 6.6950749700690045e-06], [0.18204880723095412, 0.816873006331469, 0.00034109023053171747, 0.0007370962070450011], [3.0570152490367474e-08, 0.9999634277306264, 9.937244285850432e-06, 2.660445493515356e-05], [0.0006839580975353201, 0.06639823686669659, 0.7958607801434063, 0.1370570248923618], [0.005577278338376414, 0.9944162388401484, 1.0800051868468083e-06, 5.402816288092788e-06], [0.06785082371809248, 3.552059240732739e-07, 1.5440194459354324e-06, 0.9321472770565374], [0.9999968266637121, 5.957347580389048e-07, 7.195828761899982e-08, 2.505643242157053e-06], [0.956485454400836, 0.019076424454370362, 6.988598014212451e-05, 0.024368235164651607], [0.7738586528716492, 0.0002920360322742564, 0.0032736429092755687, 0.2225756681868012], [0.34047414502999845, 0.640350980311997, 0.018741082840997375, 0.0004337918170071367], [0.992622568952, 0.007371742156730131, 9.110094723657206e-07, 4.77788179749088e-06], [0.9580480661766649, 0.02970381344238012, 0.010335584976509632, 0.0019125354044450772], [1.2886297322490473e-06, 0.9503100178623856, 0.049688654099480485, 3.940840173091098e-08], [5.5886163527782356e-09, 0.9978557533557203, 0.0021442088382182863, 3.221744494695421e-08], [0.7719367499191548, 0.0170797581422583, 0.0004341503513102877, 0.2105493415872766], [6.788115106860406e-06, 0.9951267779917871, 0.0015759039010563927, 0.003290529992049761], [0.9904583299013788, 0.0006303141764971244, 2.076695237409772e-09, 0.008911353845428889], [8.524662167052207e-05, 0.9990519632858356, 3.976873039421375e-05, 0.0008230213620997195], [5.241677539879381e-10, 0.00012737413650963474, 1.1352353933059803e-07, 0.9998725118157833], [2.398972567225671e-12, 0.9999737158190348, 1.5223981476119716e-08, 2.626895458502435e-05], [0.019150306075732596, 0.44724556671028326, 1.7414744845254094e-06, 0.5336023857394996], [5.1462335044405126e-05, 0.0009840200764783607, 0.0003656737060575773, 0.9985988438824198], [0.00011196613109507091, 0.99865608541309, 9.99137945991834e-07, 0.0012309493178687843], [7.908544964294405e-09, 0.9977480629451502, 1.9494582255826965e-09, 0.002251927196846709], [0.9999926426915263, 7.959511826396239e-07, 2.5593413186266043e-07, 6.305423159152654e-06], [0.048603452542109335, 0.7083589329979958, 0.19673319426003277, 0.0463044201998622], [0.04014850872119867, 0.02080651472794618, 0.03772627232278889, 0.9013187042280663], [2.3500828463139902e-08, 1.2223555936548646e-05, 0.9999865659000393, 1.187043195780223e-06], [2.2268687355845912e-07, 0.00010110748420663501, 5.103542281252598e-07, 0.9998981594746917], [0.9999447796680515, 5.0232198837718435e-05, 1.5067933067340823e-10, 4.987982431386344e-06], [0.003963332984809047, 0.20905415574735342, 3.1786093069096135e-06, 0.7869793326585306], [1.434612354718315e-06, 0.9998323909702741, 4.58799344514851e-06, 0.00016158642392587928], [0.9999807315575001, 2.8409303791943576e-09, 4.201858179932515e-15, 1.9265601565148633e-05], [0.2779526534803614, 0.2428903249927805, 0.0007164613278991045, 0.4784405601989589], [0.5097931643758639, 0.4750958691490697, 0.014480702700631374, 0.0006302637744350705], [0.977161142344359, 0.02271009164431877, 3.915319121213174e-05, 8.961282011016182e-05], [0.7706300057593851, 0.11448090714775412, 0.11487777324733105, 1.1313845529733194e-05], [6.228613235839787e-08, 0.7829750458125896, 1.871106039164663e-08, 0.21702487319021774], [5.146957195142595e-08, 1.6594190175612196e-07, 3.6572068963319818e-06, 0.99999612538163], [1.7018120510709392e-06, 0.9963614169076647, 6.022723551227442e-06, 0.0036308585567331776], [4.3676318585319867e-07, 0.0001283182445675313, 0.9998694062615574, 1.8387306893916508e-06], [0.04699783223710837, 0.9302016611040765, 0.00925698154758874, 0.013543525111226298], [0.00018813379912064473, 0.10899019813726715, 0.00033068108466627176, 0.8904909869789459], [2.8568196434678913e-08, 9.661655643754137e-06, 6.299351536463462e-05, 0.9999273162607952], [0.01859988997492697, 0.0002631112930735616, 2.3077185865621443e-05, 0.9811139215461337], [0.3006276621706073, 0.49286792334567164, 6.004909822126168e-08, 0.20650435443462292], [0.12657181555022853, 0.829198875451629, 0.042277959822497824, 0.0019513491756445913], [0.9905110848471542, 7.826575043654253e-07, 4.2313915326059814e-08, 0.009488090181425985], [0.1327696148352073, 0.2015200146598123, 0.007171428382464483, 0.658538942122516], [0.07913376530001935, 0.02727636199482196, 0.04058064702103651, 0.8530092256841222], [0.0002700518488803234, 0.9964100188293445, 0.0029860832793759304, 0.00033384604239914073], [9.708693068086465e-06, 0.14861809381152696, 0.8513409506519042, 3.124684350091525e-05], [0.03831944256425484, 0.009577041388086823, 0.9251630120367936, 0.026940504010864744], [0.007120966742014251, 0.00014473938829108324, 0.9892834839788991, 0.0034508098907954587], [5.061062288875652e-05, 0.883711134262296, 7.640000760860716e-10, 0.11623825435081504], [0.00018074876185238925, 0.00019153024456811845, 0.0014993074978029836, 0.9981284134957766], [0.03534158744380217, 0.48222519188562474, 0.005340465261983475, 0.47709275540858964], [0.9768923600783489, 1.6212912157023898e-05, 5.263566241698796e-07, 0.023090900652869888], [0.00021233552535900933, 0.9604918249629415, 1.663964210494234e-05, 0.039279199869594536], [0.03543927749702621, 0.00025369135837385013, 0.9639816716704684, 0.00032535947413159873], [0.907892662739172, 1.4913670852933239e-05, 4.3876727675351934e-08, 0.09209237971324723], [0.0022176051754639564, 0.7383204496206699, 0.25943671151782743, 2.5233686038659445e-05], [7.252072989297821e-08, 0.9464063854833765, 8.225818507951303e-10, 0.05359354117331165], [0.00042562596326669813, 0.437030080143802, 0.5624354573548606, 0.00010883653807071851], [0.00014822297460005373, 0.027450637257525598, 0.9674821505264062, 0.004918989241468082]]}}