{"test": {"ids": ["111118910", "113120531", "104119290", "110118630", "108113480", "97112300", "108113620", "102110750", "109117080", "99108580", "108120700", "110118930", "106119580", "99109840", "107113260", "107114780", "101121640", "99112840", "107114950", "98108370", "110117870", "111116090", "111119950", "102113981", "112117780", "109114720", "110117140", "112118421", "113122320", "108121410", "103111170", "111121410", "101111990", "112116640", "97112830", "103111990", "106115240", "113121190", "97107681", "104112470", "103112470", "99108460", "97105760", "111119290", "108120621", "112120290", "101109000", "107115250", "98109570", "97116401", "112119950", "97106770", "101111210", "97112290", "97113900", "104113240", "105118171", "109116040", "97113260", "100108520", "99109740", "99108010", "104114410", "105112130", "111120320", "105113440", "112118471", "100109330", "109120560", "113119320", "108114180", "112120630", "109117431", "105118230", "111118301", "98108150", "101108080", "103117461", "112118550", "106116370", "108115070", "111120591", "97107821", "111116010", "99109780", "110115250", "112118701", "106112770", "113117340", "108117610", "104111780", "107118820", "104111550", "101117580", "105120621", "111116530", "101112540", "111115400", "109113281", "104111620", "107120130", "105115570", "112121430", "111117571", "100109000", "97107920", "107118120", "99108310", "112119450", "102110500", "110119030", "109119450", "98119591", "101110150", "105110251", "113122190", "109116441", "108113740", "98106560", "102109840", "112119980", "103111540", "98110230", "111115780", "107113840", "107114621", "110120700", "108116120", "108116070", "103120531", "102116500", "111117200", "106113260", "108117720", "103109021", "111116640", "109115070", "109113881", "110121720", "105115720", "101108370", "110115580"], "labels": [0, 0, 1, 1, 0, 2, 3, 1, 1, 0, 2, 1, 3, 2, 0, 2, 2, 2, 3, 1, 3, 3, 0, 1, 0, 0, 3, 3, 1, 0, 2, 0, 2, 0, 2, 2, 1, 1, 3, 1, 1, 0, 0, 3, 1, 1, 1, 2, 1, 3, 0, 3, 2, 1, 2, 2, 3, 0, 1, 2, 3, 2, 1, 1, 1, 0, 1, 0, 1, 1, 1, 3, 1, 1, 3, 0, 0, 0, 3, 2, 1, 1, 2, 1, 2, 1, 0, 1, 2, 3, 3, 3, 1, 3, 1, 3, 2, 0, 0, 0, 2, 0, 2, 3, 1, 0, 3, 2, 3, 3, 0, 3, 1, 1, 0, 1, 3, 3, 1, 2, 0, 1, 3, 1, 3, 0, 2, 1, 1, 3, 1, 0, 3, 1, 0, 0, 0, 0, 3, 1, 1, 1], "predicted_labels": [1, 1, 3, 2, 3, 0, 2, 1, 3, 1, 3, 3, 1, 3, 0, 3, 2, 1, 3, 2, 1, 0, 3, 0, 2, 3, 3, 0, 0, 3, 0, 3, 3, 0, 0, 1, 0, 0, 3, 1, 0, 3, 3, 2, 0, 2, 1, 2, 3, 2, 0, 1, 3, 3, 0, 2, 3, 3, 2, 0, 2, 1, 1, 1, 3, 1, 2, 0, 3, 0, 3, 3, 1, 2, 0, 1, 3, 3, 0, 3, 1, 3, 1, 3, 0, 3, 1, 3, 1, 3, 1, 3, 1, 3, 0, 3, 1, 2, 3, 3, 1, 3, 0, 2, 1, 3, 1, 1, 3, 3, 0, 3, 1, 0, 3, 3, 0, 0, 3, 3, 3, 3, 1, 0, 3, 1, 3, 0, 2, 1, 1, 3, 0, 3, 3, 1, 0, 3, 3, 1, 0, 0], "confidence_scores": [[0.22939905076647837, 0.31555243521284115, 0.14376898063194918, 0.3112795333887312], [0.32104854817939066, 0.39614719451919267, 0.08814459189188471, 0.19465966540953208], [0.15853864763251388, 0.25473153482326977, 0.2795737146725149, 0.30715610287170153], [0.23531596835995994, 0.24358189139136435, 0.2859606295114023, 0.23514151073727343], [0.3036758829056917, 0.18365546713605274, 0.15390714465804264, 0.35876150530021295], [0.25821771579878927, 0.25499968535604345, 0.2376756488835202, 0.24910694996164717], [0.0664147209355311, 0.33008941413803095, 0.4158041403640041, 0.1876917245624341], [0.14266881692745184, 0.40992277783817826, 0.20933282948435397, 0.2380755757500161], [0.0891332288224054, 0.3396898157823594, 0.2306070243144448, 0.3405699310807905], [0.0974871038463304, 0.6438583270894164, 0.11722428282559286, 0.14143028623866025], [0.24450256931779057, 0.2329413198635954, 0.15866317405217698, 0.36389293676643714], [0.11920567660841087, 0.1756178632503099, 0.10084945152313009, 0.6043270086181491], [0.14203207256692, 0.4121236253391713, 0.16828730612663592, 0.27755699596727285], [0.08714630347755561, 0.1283330658898264, 0.28638728943587033, 0.49813334119674774], [0.3088306114167704, 0.3017151272592582, 0.10979684307877756, 0.27965741824519386], [0.1858102043060771, 0.3048412386022148, 0.19636982821055368, 0.3129787288811544], [0.11425408535697527, 0.24863467617305227, 0.3275036605716472, 0.3096075778983252], [0.17683085737833204, 0.3665792117864456, 0.12817922957538969, 0.3284107012598327], [0.23075801043133484, 0.23525857512203235, 0.18710844957012404, 0.3468749648765089], [0.1492982103275985, 0.25822677829702256, 0.3725051926190321, 0.21996981875634694], [0.20152418911132586, 0.36619687027593145, 0.1940334293071729, 0.2382455113055698], [0.4357217950270781, 0.23272650440483153, 0.18143263972621426, 0.15011906084187632], [0.2465811300659806, 0.216980320362371, 0.239894887234319, 0.29654366233732954], [0.3770106798844581, 0.3201447639117101, 0.13971987211459927, 0.16312468408923267], [0.23561295521618425, 0.26140901766017316, 0.3025558941464003, 0.20042213297724232], [0.09730569759262249, 0.3326161007976002, 0.2017426686370757, 0.3683355329727017], [0.17645401349585282, 0.2302560902897255, 0.12232808427059529, 0.4709618119438264], [0.4118848165154983, 0.19546925136367851, 0.07834387185736537, 0.3143020602634578], [0.6145264811936301, 0.13720385426218135, 0.09577623962255123, 0.1524934249216374], [0.15988903306082644, 0.2508166577618563, 0.08792861505209376, 0.5013656941252235], [0.6280782259136328, 0.16712613601647133, 0.08707952286031276, 0.117716115209583], [0.16537498841874526, 0.22163998099590745, 0.2818174568779394, 0.3311675737074078], [0.09439911073700502, 0.257147282145557, 0.09453560926312182, 0.5539179978543162], [0.5278747240112759, 0.09945204475136162, 0.061677149933359356, 0.31099608130400325], [0.4190835365752464, 0.1778675012553289, 0.17503580748736147, 0.2280131546820634], [0.18894459649633558, 0.3423953673045559, 0.25607291118396197, 0.21258712501514665], [0.641680271732077, 0.2370170890091693, 0.014881520171676425, 0.10642111908707726], [0.3417947262873469, 0.20735651134218103, 0.14984677515404057, 0.30100198721643145], [0.1414623107142193, 0.23440985194120922, 0.21104664129082365, 0.4130811960537478], [0.11868623632088587, 0.48910714785093257, 0.17934149443152442, 0.21286512139665714], [0.28819833888333907, 0.27155733986610187, 0.160989463396776, 0.2792548578537831], [0.3051460315488299, 0.16583833554604158, 0.10031184745774632, 0.4287037854473821], [0.326586253768875, 0.16423393177219323, 0.09773246809246457, 0.41144734636646724], [0.10640332583346894, 0.14427963151131384, 0.410490727952418, 0.3388263147027992], [0.4368632864926696, 0.17739956784054675, 0.205958877764894, 0.17977826790188972], [0.21879012288723027, 0.20388208901631638, 0.4041832139272017, 0.17314457416925172], [0.1423683369298753, 0.5842667079138992, 0.09427171449781882, 0.17909324065840648], [0.065261401597131, 0.24654212001850762, 0.5259328194437317, 0.1622636589406297], [0.3076642171242469, 0.22616806109608234, 0.1098006454211746, 0.35636707635849607], [0.11468091830668323, 0.24854392663990427, 0.37876752057212926, 0.25800763448128333], [0.5018301939631313, 0.1437499793051465, 0.07513767995177116, 0.2792821467799511], [0.2664098499605345, 0.28187255948248174, 0.1929543964241209, 0.25876319413286286], [0.167657117953393, 0.1712617200870017, 0.22075513198937763, 0.44032602997022774], [0.3536034728463735, 0.14367376808336466, 0.13134719613158274, 0.3713755629386791], [0.5804914767028837, 0.08278881593140892, 0.1896578875741289, 0.14706181979157842], [0.2847460455794544, 0.25697179477126075, 0.2997557889046816, 0.1585263707446034], [0.31627253021010837, 0.1843309365001726, 0.15532273162560756, 0.34407380166411156], [0.23731664829792326, 0.2220208095796113, 0.1315662578009868, 0.4090962843214788], [0.13622181152782256, 0.17858458295740479, 0.4813344190198663, 0.20385918649490636], [0.3629043340525974, 0.18661949517740356, 0.25461317862319777, 0.19586299214680145], [0.07681527922351357, 0.327489528640755, 0.49299649199156365, 0.10269870014416788], [0.188293926370538, 0.3176098267533288, 0.17784366837107926, 0.31625257850505395], [0.18479638704499649, 0.6171949151859358, 0.028304877570413313, 0.1697038201986543], [0.10593230328016694, 0.44058209512972435, 0.21725202315449663, 0.23623357843561213], [0.22731312504997905, 0.27686704278863855, 0.11722294440009026, 0.37859688776129213], [0.10162306740207176, 0.38145170218986485, 0.2523174771188302, 0.2646077532892333], [0.15694455108472216, 0.14228410482150453, 0.43378724709889394, 0.2669840969948792], [0.3382837931906973, 0.2581562677647875, 0.18914126720031574, 0.2144186718441996], [0.21972079199548386, 0.2607220265942336, 0.2179592494998212, 0.3015979319104615], [0.3830713967133283, 0.19857318975791688, 0.14602514690851243, 0.2723302666202425], [0.31154915069908923, 0.13962787755970524, 0.13386260324468016, 0.4149603684965254], [0.34780266909243546, 0.06244423256573881, 0.050488758402242394, 0.5392643399395832], [0.14116769399811352, 0.4790630749880679, 0.1278124674108895, 0.251956763602929], [0.12265235641971804, 0.22163141275865608, 0.42563852813735814, 0.2300777026842679], [0.45191485595301534, 0.154821512378906, 0.1284291770079982, 0.26483445466008043], [0.06299220535621462, 0.6334192983288011, 0.06150878108016852, 0.2420797152348157], [0.17099074632767314, 0.28780287115256353, 0.1383123416769435, 0.4028940408428198], [0.2918724884564554, 0.19420204191509247, 0.10694959225315318, 0.40697587737529894], [0.32272040561008497, 0.18458344834848908, 0.20148480833952756, 0.2912113377018986], [0.16550489193053153, 0.20805856680627632, 0.0838712178813837, 0.5425653233818085], [0.310955845742256, 0.3869461920335571, 0.066442796371611, 0.23565516585257593], [0.2511943383675646, 0.1826412355408286, 0.1027644581744568, 0.46339996791715005], [0.23569720577122744, 0.48794278484820414, 0.1243621920013005, 0.15199781737926804], [0.11457942132261861, 0.19874391228634333, 0.15956134820001494, 0.5271153181910231], [0.3169367198769181, 0.1238275569388773, 0.281639237072317, 0.27759648611188764], [0.17115044779818558, 0.3435166474841687, 0.12457231644864401, 0.3607605882690016], [0.2328081226831028, 0.37028087459818815, 0.0877358810138391, 0.30917512170487], [0.2095184511611284, 0.15959656413992368, 0.1803294448687161, 0.4505555398302317], [0.23308096825084426, 0.3615060073987567, 0.17033737068730748, 0.2350756536630916], [0.3435773342841104, 0.08161234589888057, 0.057364158159925155, 0.5174461616570838], [0.2076079536682192, 0.39561481652856195, 0.10564712873593532, 0.29113010106728354], [0.22635792828748727, 0.22344611472264098, 0.24244595346586192, 0.3077500035240098], [0.2551114211461099, 0.36784072017377445, 0.1961565853587952, 0.18089127332132046], [0.277376858718864, 0.280127377228978, 0.13197583183082198, 0.31051993222133617], [0.4965533341408212, 0.06306734364768479, 0.06889719892588729, 0.3714821232856068], [0.10004493256565597, 0.42416030723964376, 0.0513820179154224, 0.4244127422792778], [0.13781873030549163, 0.3582939494837844, 0.1584066769226521, 0.345480643288072], [0.19673161266892755, 0.23691470735919287, 0.41650963598664237, 0.14984404398523724], [0.1773307922533885, 0.22992955145007013, 0.14496349824495913, 0.44777615805158233], [0.2513061776492856, 0.16972586897959233, 0.22548348889036046, 0.3534844644807615], [0.13816544317205048, 0.4336661098212083, 0.2029449212163433, 0.22522352579039798], [0.12571327585346354, 0.1598630585552631, 0.17551924146637932, 0.5389044241248939], [0.41425888360079055, 0.2579983824795403, 0.05935437277868886, 0.26838836114098036], [0.281554934881231, 0.2558282057675354, 0.29955620222308843, 0.16306065712814521], [0.1885889037420736, 0.4533230258884462, 0.15010733085740352, 0.2079807395120768], [0.24394277699059289, 0.21160268100755295, 0.1604139698132072, 0.38404057218864707], [0.23096627932010436, 0.4619939164586701, 0.12090338371416202, 0.1861364205070636], [0.25222690993849917, 0.3495500737605408, 0.12262171285402707, 0.2756013034469332], [0.10263028409943019, 0.19404284663389168, 0.16159554427127143, 0.5417313249954068], [0.18088131427494514, 0.2511952669009003, 0.14609983583389785, 0.42182358299025685], [0.3786896268124615, 0.274871995186805, 0.15362798294193336, 0.19281039505880013], [0.10418216602309352, 0.1909642111313551, 0.2480514361911438, 0.4568021866544077], [0.17138836073881286, 0.3002791498977936, 0.2710861282992294, 0.2572463610641645], [0.321774198029934, 0.22655264090067223, 0.300284099296561, 0.15138906177283273], [0.2475771359610889, 0.22869438191255842, 0.1038320473506796, 0.41989643477567323], [0.14355309625473667, 0.15305859842911249, 0.1512037133665325, 0.5521845919496184], [0.45931184803248254, 0.37171192869272834, 0.06710747679464799, 0.10186874648014103], [0.5844473384725275, 0.1961811355818286, 0.055932208229440276, 0.1634393177162037], [0.1871016991851864, 0.1245799709036043, 0.26686810092984486, 0.4214502289813645], [0.26348235631594397, 0.15696692631937761, 0.07483002967577836, 0.5047206876889001], [0.22107152169910851, 0.13272240456526604, 0.1547939132445572, 0.49141216049106845], [0.17723414610685614, 0.24315857851471492, 0.2370451475565037, 0.3425621278219253], [0.2855536349597749, 0.33836360418315686, 0.0533070503131079, 0.32277571054396037], [0.4871308622962619, 0.16303250058703558, 0.1309024043845371, 0.21893423273216545], [0.23378344338350124, 0.22823004470798375, 0.1720147576513915, 0.36597175425712375], [0.19621586498641497, 0.406247368953438, 0.10513930938830336, 0.2923974566718435], [0.24663604206635426, 0.21982679270846853, 0.1873237547319353, 0.3462134104932419], [0.5723446955421514, 0.1225922454940398, 0.13109085327869913, 0.17397220568510982], [0.17362192556190992, 0.16538677765837206, 0.4185159664607228, 0.2424753303189953], [0.1349908509135776, 0.37557047132405297, 0.18574020864655474, 0.3036984691158146], [0.19288927512270587, 0.4024857434343631, 0.13375407836892755, 0.2708709030740034], [0.11777655588019853, 0.11424048012729, 0.3707243508947944, 0.3972586130977171], [0.35295795138288133, 0.26822267322537463, 0.18114949715523404, 0.19766987823650994], [0.10804288219123287, 0.3152503213214159, 0.11837071431603165, 0.4583360821713196], [0.16612781175994232, 0.3230996592078861, 0.06016371830789314, 0.45060881072427833], [0.18398347721831965, 0.35638001178104844, 0.1676037665582686, 0.29203274444236355], [0.33326299669784903, 0.29038388169825974, 0.09304348797303046, 0.2833096336308609], [0.25488062618240853, 0.22160250539267404, 0.09538016712742296, 0.4281367012974945], [0.21943625237383782, 0.30539863199737344, 0.14461231178979317, 0.33055280383899555], [0.07630364997559927, 0.6927858210658497, 0.11756812705808634, 0.11334240190046446], [0.40715682335856673, 0.278584162746739, 0.1465016572408246, 0.16775735665386968], [0.8008473357667681, 0.06751497866508842, 0.0515010034056033, 0.08013668216254025]]}, "rewritten": {"ids": ["97105760", "97106770", "97107681", "97107821", "97107920", "97112290", "97112300", "97112830", "97113260", "97113900", "97116401", "98106560", "98108150", "98108370", "98109570", "98110230", "98119591", "99108010", "99108310", "99108460", "99108580", "99109740", "99109780", "99109840", "99112840", "100108520", "100109000", "100109330", "101108080", "101108370", "101109000", "101110150", "101111210", "101111990", "101112540", "101117580", "101121640", "102109840", "102110500", "102110750", "102113981", "102116500", "103109021", "103111170", "103111540", "103111990", "103112470", "103117461", "103120531", "104111550", "104111620", "104111780", "104112470", "104113240", "104114410", "104119290", "105110251", "105112130", "105113440", "105115570", "105115720", "105118171", "105118230", "105120621", "106112770", "106113260", "106115240", "106116370", "106119580", "107113260", "107113840", "107114621", "107114780", "107114950", "107115250", "107118120", "107118820", "107120130", "108113480", "108113620", "108113740", "108114180", "108115070", "108116070", "108116120", "108117610", "108117720", "108120621", "108120700", "108121410", "109113281", "109113881", "109114720", "109115070", "109116040", "109116441", "109117080", "109117431", "109119450", "109120560", "110115250", "110115580", "110117140", "110117870", "110118630", "110118930", "110119030", "110120700", "110121720", "111115400", "111115780", "111116010", "111116090", "111116530", "111116640", "111117200", "111117571", "111118301", "111118910", "111119290", "111119950", "111120320", "111120591", "111121410", "112116640", "112117780", "112118421", "112118471", "112118550", "112118701", "112119450", "112119950", "112119980", "112120290", "112120630", "112121430", "113117340", "113119320", "113120531", "113121190", "113122190", "113122320"], "labels": [0, 3, 3, 2, 0, 1, 2, 2, 1, 2, 3, 1, 0, 1, 1, 3, 1, 2, 2, 0, 0, 3, 2, 2, 2, 2, 1, 0, 0, 1, 1, 1, 2, 2, 2, 3, 2, 2, 3, 1, 1, 1, 0, 2, 1, 2, 1, 0, 3, 1, 0, 3, 1, 2, 1, 1, 0, 1, 0, 0, 1, 3, 1, 1, 1, 3, 1, 2, 3, 0, 3, 0, 2, 3, 2, 3, 3, 2, 0, 3, 3, 1, 1, 1, 1, 3, 1, 1, 2, 0, 0, 0, 0, 0, 0, 3, 1, 1, 3, 1, 1, 1, 3, 3, 1, 1, 0, 2, 3, 0, 1, 1, 3, 3, 0, 0, 3, 3, 0, 3, 0, 1, 1, 0, 0, 0, 3, 1, 3, 0, 3, 0, 0, 1, 3, 2, 2, 1, 0, 1, 1, 1], "predicted_labels": [3, 0, 2, 1, 3, 0, 3, 1, 2, 2, 1, 3, 1, 3, 3, 0, 1, 3, 1, 0, 1, 2, 3, 3, 1, 0, 1, 1, 1, 1, 1, 1, 3, 1, 3, 0, 3, 3, 3, 1, 1, 0, 1, 0, 3, 1, 0, 0, 1, 2, 1, 3, 1, 1, 1, 1, 1, 1, 2, 3, 1, 3, 2, 0, 3, 0, 1, 3, 1, 0, 1, 1, 3, 3, 2, 1, 3, 1, 0, 1, 0, 3, 1, 3, 0, 3, 3, 2, 3, 3, 1, 1, 1, 3, 0, 0, 3, 3, 1, 2, 3, 0, 3, 1, 2, 1, 1, 0, 1, 2, 0, 3, 1, 1, 1, 3, 0, 0, 3, 3, 3, 3, 3, 0, 3, 1, 0, 3, 3, 3, 3, 3, 3, 2, 3, 1, 1, 3, 0, 0, 2, 0], "confidence_scores": [[0.2689213796045722, 0.2218992401025324, 0.11863692564116246, 0.390542454651733], [0.31263054806354895, 0.18044760775327134, 0.27731627979060536, 0.22960556439257443], [0.15347093030405776, 0.09939984721472506, 0.48460967728734156, 0.2625195451938758], [0.2464988113965752, 0.3674120703709697, 0.1663126847291618, 0.21977643350329362], [0.28607726149646245, 0.14039766421530506, 0.19394947041565974, 0.3795756038725727], [0.4176576918140254, 0.10320179398069232, 0.16896199726865688, 0.3101785169366255], [0.15912849775431043, 0.3052555763995366, 0.18410715845147935, 0.3515087673946736], [0.17068983605367455, 0.3782153735374346, 0.3528697306814342, 0.09822505972745678], [0.11375223344560395, 0.1429023304282846, 0.6227559161154111, 0.12058952001070017], [0.2636660593368767, 0.17957442446395588, 0.279239620987921, 0.2775198952112465], [0.11006684615081039, 0.3547182549202456, 0.2840470316141857, 0.25116786731475826], [0.22199184503624148, 0.2500972902625318, 0.1478698899282573, 0.3800409747729696], [0.08675567386512222, 0.6448481661344222, 0.09377042672726241, 0.17462573327319325], [0.11330546218033843, 0.1934761518752947, 0.3356450483877696, 0.35757333755659715], [0.1262736321456573, 0.19252065619045228, 0.11565444869918597, 0.5655512629647046], [0.5353216576075414, 0.212707751307138, 0.03912981885398895, 0.21284077223133174], [0.13227027668471736, 0.3847988659758344, 0.21081255134136595, 0.2721183059980822], [0.14568255691576104, 0.25905834526421156, 0.16404727277425424, 0.4312118250457732], [0.19994749801636857, 0.48668155057937557, 0.12144221247835413, 0.1919287389259019], [0.4722419307277135, 0.19286160476012867, 0.11264948349442687, 0.222246981017731], [0.22772871652723758, 0.34273167900775137, 0.1459192808184974, 0.2836203236465137], [0.1461221211142057, 0.2823064550368749, 0.427427845602728, 0.14414357824619142], [0.14133305673347465, 0.22223645143368184, 0.2184685474631616, 0.41796194436968187], [0.13968004297773406, 0.12085039895387552, 0.11348040754778249, 0.6259891505206079], [0.13721386990283282, 0.45852197881388285, 0.14248811042644025, 0.26177604085684403], [0.6242264712908745, 0.14788878904871916, 0.14426754060141322, 0.08361719905899319], [0.19126101991978214, 0.3348950935870427, 0.24993596287498557, 0.22390792361818973], [0.20179907128134086, 0.49558216673848604, 0.15384708009251039, 0.14877168188766268], [0.1818854985911864, 0.40072993585460914, 0.15326541759400633, 0.26411914796019825], [0.15655847539372905, 0.4026238718639197, 0.17314575714812067, 0.2676718955942305], [0.10176419672892405, 0.5923753899920188, 0.08392315840568927, 0.2219372548733678], [0.12671402041791038, 0.45630176374693376, 0.2546167750172465, 0.16236744081790944], [0.13233891398141728, 0.22929389286477742, 0.1272922033040766, 0.5110749898497288], [0.1239796285398783, 0.40927869676204737, 0.17051268105011808, 0.2962289936479563], [0.24623549554462787, 0.25737395029014815, 0.15327960144815547, 0.3431109527170686], [0.5329518770876596, 0.08635154900707771, 0.07707178945762143, 0.30362478444764135], [0.15466401270733024, 0.22772725303876715, 0.25366301868002344, 0.3639457155738793], [0.1472318591909521, 0.22048872873883252, 0.08813971915835071, 0.5441396929118645], [0.133948216925668, 0.20996372354422033, 0.17467720651669666, 0.48141085301341513], [0.1572660493944141, 0.3923553930452052, 0.24748902064932202, 0.20288953691105877], [0.3085504607919844, 0.458684922051172, 0.11557092912801724, 0.1171936880288264], [0.43435946665673664, 0.30815983269372077, 0.11154082926554626, 0.14593987138399622], [0.13348968393236235, 0.5108338838620727, 0.057565146179096485, 0.29811128602646836], [0.4571498752465927, 0.20756483633490766, 0.13817675523464595, 0.1971085331838536], [0.11225750668486224, 0.30328837667521186, 0.1934677824003935, 0.3909863342395323], [0.12160211218167923, 0.6221893435108836, 0.09284815982465777, 0.1633603844827794], [0.5609295556386311, 0.20445765982756983, 0.11275024208824097, 0.1218625424455582], [0.4809621075274659, 0.31063727527881246, 0.05592178031988303, 0.1524788368738388], [0.16200212622397686, 0.3754172828843344, 0.33652256019681326, 0.1260580306948754], [0.1343881278087806, 0.32473215804302485, 0.36323395154517807, 0.17764576260301657], [0.24634491334607667, 0.31436401632992245, 0.1776878713252525, 0.26160319899874845], [0.1368291505324369, 0.27767349179998224, 0.17227905786539732, 0.41321829980218355], [0.08578347226828721, 0.5078214822342151, 0.12328241875038327, 0.28311262674711457], [0.14134421793993684, 0.37954536712099324, 0.18812648121895154, 0.2909839337201183], [0.15831092207890557, 0.4105393292727759, 0.06176380658020198, 0.3693859420681166], [0.2555468557422167, 0.3326435350189491, 0.15201367545088834, 0.25979593378794585], [0.15809769264826828, 0.3801217041406473, 0.08848976849082811, 0.37329083472025637], [0.07660910313178988, 0.7179000184402486, 0.06142601173958763, 0.14406486668837382], [0.23483314268679475, 0.18149389642124397, 0.3115812362051743, 0.27209172468678705], [0.17981484503539025, 0.2453382139092674, 0.2295937315573231, 0.34525320949801913], [0.059929856628324646, 0.7769258179830726, 0.06513629629920985, 0.09800802908939292], [0.19823375205259908, 0.3199888552727191, 0.13701436812138254, 0.3447630245532993], [0.12191647184383361, 0.3048973250624906, 0.31810085541526656, 0.2550853476784094], [0.5278698399198467, 0.15582113784909918, 0.06864078015325654, 0.24766824207779753], [0.12982497186121403, 0.14954060227100782, 0.20909523764953397, 0.5115391882182443], [0.6596547439493141, 0.19962128699172993, 0.055638449892973195, 0.08508551916598271], [0.2810278398964455, 0.504072069289034, 0.06970160065614586, 0.14519849015837466], [0.19314242208068536, 0.22882259838212662, 0.09890878236040458, 0.47912619717678345], [0.1865069476897282, 0.39376321161738065, 0.18086601149857856, 0.23886382919431262], [0.30685323950463506, 0.2094464444126443, 0.21647303472082138, 0.2672272813618994], [0.20894929231803008, 0.3372064380230079, 0.251381380529519, 0.202462889129443], [0.09771517576068128, 0.432324312348375, 0.11713291548132111, 0.3528275964096228], [0.18177661483344248, 0.2872126762113544, 0.18087183619024033, 0.3501388727649628], [0.16583511681538354, 0.22163090450002243, 0.10204473704776791, 0.5104892416368261], [0.1000076730978309, 0.3616994106271332, 0.425002365282376, 0.11329055099265992], [0.20898958000171014, 0.433842214701134, 0.20438940000172284, 0.152778805295433], [0.13527267905490892, 0.23723035206426366, 0.19913495965900663, 0.42836200922182077], [0.20242737841958575, 0.4863950002847481, 0.11370068327392453, 0.1974769380217417], [0.35612391475727134, 0.17238936398609228, 0.21027129166928338, 0.26121542958735305], [0.1354671895557813, 0.42986115532115327, 0.19886365543789097, 0.2358079996851744], [0.3370211996345204, 0.2651752829464951, 0.1036162223975928, 0.2941872950213915], [0.08442991902988613, 0.14864608826245743, 0.2679920702883496, 0.498931922419307], [0.14272422034892723, 0.566913314736812, 0.11425796916886877, 0.17610449574539214], [0.22345239798724986, 0.25146784387211013, 0.1368682017773582, 0.38821155636328164], [0.5137244266206368, 0.13479189708065084, 0.1435989011094883, 0.20788477518922407], [0.2894793696559173, 0.09479327552717538, 0.054208334209700774, 0.5615190206072066], [0.08729679993122644, 0.2913976887737068, 0.16096966492000214, 0.46033584637506453], [0.33734143855801474, 0.1293168506814878, 0.38967574776969605, 0.14366596299080148], [0.19319153766803165, 0.24008417677135488, 0.12161535428334155, 0.445108931277272], [0.13407672863719677, 0.38652091804036265, 0.09073382366827253, 0.38866852965416804], [0.13425959484886138, 0.36995106718188364, 0.17686523476548696, 0.31892410320376796], [0.2524069710840396, 0.3761508438091319, 0.10964217659764125, 0.26180000850918733], [0.14968727318838118, 0.42224307425429464, 0.2036399170663915, 0.2244297354909328], [0.24017040494314865, 0.29066669792942, 0.08849784819937334, 0.3806650489280579], [0.41798956840687257, 0.16627785385348146, 0.17113810135508414, 0.24459447638456197], [0.5160561356289737, 0.2803114719539693, 0.060182647295164114, 0.14344974512189282], [0.13044961528876092, 0.26274415778754434, 0.28065197527604496, 0.3261542516476497], [0.1665890121318224, 0.19097634844864994, 0.302994432080541, 0.33944020733898667], [0.1433821959047612, 0.3433620780254748, 0.1862126497372527, 0.32704307633251145], [0.1625145043901695, 0.17495361553456115, 0.4787809275491883, 0.18375095252608115], [0.11206126347208216, 0.31036767713323116, 0.11092090792165277, 0.466650151473034], [0.3647632134286938, 0.24919750136223034, 0.23625251681422954, 0.14978676839484653], [0.1294503776900458, 0.313535655478982, 0.24337048342768966, 0.3136434834032825], [0.20062884942435788, 0.3412631376397813, 0.13363416559951552, 0.3244738473363453], [0.14934842547869157, 0.15775358988385416, 0.48867566481988745, 0.20422231981756686], [0.16873970313885658, 0.40631659878758747, 0.13090794956429724, 0.2940357485092587], [0.26602584938174634, 0.43026112390156224, 0.13267963394379978, 0.17103339277289156], [0.4617060775645849, 0.21687890117834913, 0.1411430527842956, 0.18027196847277055], [0.2264624141364691, 0.36927950787059954, 0.2406713451026288, 0.1635867328903028], [0.14201879289950056, 0.297607241330178, 0.36103518068881457, 0.1993387850815069], [0.3522554160972169, 0.2780234097460377, 0.12226856557307249, 0.24745260858367293], [0.10951988124610934, 0.2897278513178665, 0.20933247698512916, 0.391419790450895], [0.3382842243355862, 0.39256746109909935, 0.16811668222145817, 0.10103163234385631], [0.172642089869548, 0.46245932607381524, 0.1653149362552808, 0.199583647801356], [0.2285309436159326, 0.3186999852528483, 0.19320843075197114, 0.25956064037924775], [0.1872270098653304, 0.1969263954733993, 0.2997401480148964, 0.31610644664637394], [0.4847687280559877, 0.18486195408840558, 0.18527740511401805, 0.14509191274158872], [0.5966510341326073, 0.1305633298168114, 0.12363496840265843, 0.14915066764792262], [0.3094043791838263, 0.21704159723411984, 0.15072940674435653, 0.3228246168376973], [0.16228695548286107, 0.1431919877496592, 0.21410142380250946, 0.4804196329649702], [0.2257715514585391, 0.15764142091299083, 0.17202399029773452, 0.4445630373307356], [0.168192947984108, 0.23860885132981205, 0.08497372898709775, 0.5082244716989822], [0.2757599237517724, 0.17620543501516484, 0.11024349025302123, 0.43779115098004145], [0.37761685669209755, 0.23206964116744194, 0.1350987331491701, 0.25521476899129036], [0.3425428426261937, 0.14618227054974628, 0.0918520837296631, 0.4194228030943967], [0.33130480101467324, 0.3392073122194946, 0.1304874117773971, 0.19900047498843512], [0.33406230797827285, 0.25575026527739, 0.08188152749016103, 0.3283058992541763], [0.23316348515047497, 0.26256251965347704, 0.18168290857709493, 0.3225910866189531], [0.23046476800978788, 0.2144870724072991, 0.1713382492885913, 0.3837099102943218], [0.23593350835962654, 0.20238797854897442, 0.17652232323706962, 0.3851561898543294], [0.15682621852395634, 0.24965314776200992, 0.14879077690527295, 0.44472985680876076], [0.2512224120491618, 0.2320746044786258, 0.09619383759824368, 0.42050914587396865], [0.12664445584562645, 0.34008967161392484, 0.046235098807340565, 0.4870307737331082], [0.09969862572488691, 0.18830648324749186, 0.5833420599521059, 0.12865283107551526], [0.16230014611575472, 0.14514873898612232, 0.12048963127715724, 0.5720614836209656], [0.3136574919858234, 0.4986941973728728, 0.07250237172960299, 0.11514593891170086], [0.19722121996061723, 0.44905207281553894, 0.16193462008154236, 0.19179208714230148], [0.24480626791764679, 0.18122299712400397, 0.2047004954572268, 0.3692702395011224], [0.35623116352993195, 0.27319433763846546, 0.14317716527579868, 0.22739733355580383], [0.5334906464755936, 0.2686033186364839, 0.05817256976169006, 0.13973346512623225], [0.1841495375879869, 0.14979049420038926, 0.34118176000541206, 0.32487820820621177], [0.4707601431686613, 0.18902617323466187, 0.10493006373836665, 0.23528361985831017]]}}