{"test": {"ids": ["104114230", "111116110", "98107380", "103113170", "103120730", "110118701", "105111990", "97107681", "109113931", "98107340", "112116900", "108113760", "98106680", "99111620", "113122150", "100111080", "99111000", "99116500", "110113931", "111120220", "103110100", "104114410", "98112170", "101116130", "111115620", "108116070", "111119430", "112116451", "108118291", "102112170", "106115240", "112119500", "100113370", "98110810", "111116640", "98116090", "113120830", "111116290", "108119510", "97109080", "99107660", "100120010", "103109021", "101112690", "105115250", "100109330", "112116610", "101110740", "113120280", "112120990", "106111321", "100115700", "99113260", "109119591", "105112240", "99120010", "112120290", "97113260", "101112540", "113121410", "104113170", "108115970", "107116300", "103111830", "113122170", "110116501", "111116090", "105113170", "103111930", "113122650", "110118111", "106121220", "107114621", "102112030", "111116040", "103112470", "112119610", "98111860", "108116481", "107115250", "110115120", "113121010", "110114651", "109121410", "111119610", "104113190", "98117740", "103112641", "113122320", "107114321", "100111270", "104111780", "104119340", "110114920", "105113440", "103113270", "113119930", "105115900", "104109311", "103111620", "100111390", "97109570", "109117150", "105113620", "113118231", "113121950", "111117000", "98109311", "112120540", "107117630", "99114890", "100109000", "108118630", "103111170", "98110680", "101117580", "112121030", "101119030", "103111480", "102109840", "106119260", "100110260", "111117200", "97116500", "98116500", "98110230", "99108580", "112120700", "108114040", "103118110", "113121680", "99108520", "111115780", "103117200", "112118530", "110115980", "112118880", "99108460", "102116500", "102121700", "104114240", "105120280"], "labels": [2, 3, 1, 3, 1, 3, 2, 3, 1, 0, 3, 1, 1, 3, 2, 0, 2, 2, 1, 3, 1, 1, 3, 2, 1, 1, 3, 0, 3, 3, 1, 2, 3, 1, 0, 0, 3, 2, 1, 2, 3, 0, 0, 1, 2, 0, 1, 3, 0, 2, 0, 1, 0, 0, 1, 2, 1, 1, 2, 0, 3, 2, 0, 3, 1, 3, 3, 0, 3, 2, 1, 1, 0, 2, 0, 1, 0, 0, 0, 2, 0, 2, 3, 0, 2, 3, 2, 3, 1, 0, 2, 3, 1, 3, 0, 2, 1, 3, 3, 0, 2, 0, 2, 0, 3, 3, 0, 1, 3, 0, 2, 1, 1, 2, 2, 3, 0, 3, 0, 2, 1, 3, 0, 2, 2, 3, 0, 2, 0, 2, 1, 2, 1, 0, 1, 1, 1, 0, 1, 1, 0, 3], "predicted_labels": [1, 3, 0, 1, 3, 1, 3, 1, 3, 1, 3, 1, 1, 1, 1, 1, 3, 1, 3, 1, 1, 3, 0, 3, 3, 1, 3, 0, 0, 0, 1, 1, 3, 1, 3, 3, 3, 3, 3, 1, 0, 3, 1, 3, 1, 1, 0, 3, 0, 1, 1, 1, 1, 1, 3, 1, 1, 3, 1, 3, 1, 3, 1, 3, 3, 1, 0, 3, 1, 1, 0, 3, 0, 3, 3, 1, 1, 2, 3, 1, 3, 1, 3, 3, 3, 1, 1, 0, 3, 1, 3, 1, 3, 1, 1, 3, 1, 3, 3, 3, 3, 0, 1, 1, 1, 0, 3, 1, 1, 0, 1, 3, 3, 0, 1, 3, 0, 3, 0, 1, 3, 0, 0, 1, 3, 1, 0, 1, 3, 3, 1, 2, 3, 1, 1, 0, 0, 3, 1, 1, 3, 1], "confidence_scores": [[0.23389740390828734, 0.27593325197198476, 0.2366940240149687, 0.2534753201047591], [0.23007217720616222, 0.2433160369388415, 0.1280955712412996, 0.3985162146136964], [0.40909670519313723, 0.15080284320941575, 0.23322073633225143, 0.2068797152651957], [0.1306342848495701, 0.33633149010111346, 0.29381317277099833, 0.23922105227831802], [0.1562292158893441, 0.2830395928632781, 0.2878962654578645, 0.2728349257895133], [0.28663887328360993, 0.3408179245811403, 0.05890461947795596, 0.31363858265729383], [0.13429596388628418, 0.26711230907889744, 0.29163150153296524, 0.3069602255018531], [0.33743395052443204, 0.30086789151714766, 0.17420331242825154, 0.18749484553016907], [0.16173054876502935, 0.30308914988149244, 0.23127575135628167, 0.3039045499971966], [0.17625676384361066, 0.3001724490776985, 0.2975004450289708, 0.22607034204971976], [0.30458430249720114, 0.2613424112632123, 0.14184663376247988, 0.2922266524771067], [0.250172255128951, 0.3070517620223292, 0.1703390371018109, 0.27243694574690897], [0.15274470103246, 0.2826045641552582, 0.3738784886522846, 0.19077224615999688], [0.17898652598168077, 0.3015871328737577, 0.3505374936685845, 0.168888847475977], [0.22293607363302592, 0.36362813139365663, 0.10923613686285875, 0.3041996581104585], [0.19265947311089598, 0.2982574501746491, 0.31972608666096114, 0.18935699005349382], [0.12144391850174698, 0.31705223388848586, 0.23448226892667465, 0.3270215786830922], [0.09114407776571128, 0.2888836046282864, 0.4119991319534492, 0.207973185652553], [0.28780765687767584, 0.2195910805012945, 0.20381713409100155, 0.28878412853002816], [0.2985746807329893, 0.2820948006099854, 0.1418383756233752, 0.27749214303365044], [0.1869124407835597, 0.30366815215642384, 0.29397365560229044, 0.21544575145772626], [0.13413490832807556, 0.2927892912421849, 0.2925692461722113, 0.2805065542575279], [0.42687866183340417, 0.16283068143640186, 0.12806827341576876, 0.28222238331442495], [0.17839597240207494, 0.2850437611133122, 0.24382474441745744, 0.29273552206715564], [0.2715846334837231, 0.2486846383118072, 0.17004249543304162, 0.30968823277142793], [0.18513747955709312, 0.3389362004606508, 0.19503170152968116, 0.2808946184525747], [0.1698707713811544, 0.31623381427272024, 0.13160778281053478, 0.38228763153559037], [0.4253047555067611, 0.22191679004186896, 0.09706534685233009, 0.2557131075990398], [0.3515974369917854, 0.2808875581915191, 0.045508953053733356, 0.32200605176296215], [0.376340379758279, 0.18774558001468558, 0.2034299528338439, 0.2324840873931912], [0.32135346943360743, 0.32888943369567775, 0.10070671492331523, 0.24905038194739965], [0.17035324220024198, 0.31132640018649393, 0.3031367671694371, 0.21518359044382715], [0.24963025081226045, 0.2939320243988298, 0.14813307858906521, 0.30830464619984466], [0.11817801849215674, 0.2836386690833197, 0.43236037214300693, 0.16582294028151665], [0.23213664561720315, 0.23185954478394377, 0.17900598252571343, 0.35699782707313965], [0.16878167738852856, 0.2804844466412878, 0.22839537709746666, 0.32233849887271687], [0.27864696527578087, 0.2359643348946062, 0.1945934897485748, 0.2907952100810383], [0.20365648220662103, 0.25971843851657694, 0.2431416011222314, 0.2934834781545707], [0.2118313652089496, 0.30271193189570683, 0.14216187948498105, 0.3432948234103624], [0.1610633366177978, 0.2848815193453017, 0.3208930772550826, 0.2331620667818183], [0.4579988560874245, 0.22981945885495403, 0.07581943554046326, 0.2363622495171583], [0.22068360545398144, 0.2618582303083713, 0.25199359213437983, 0.26546457210326724], [0.24104245087359416, 0.2822013999693204, 0.24907773389929266, 0.22767841525779292], [0.2753513274017653, 0.23226157579841447, 0.10725971959654994, 0.3851273772032701], [0.177119016854597, 0.30275162400936784, 0.23172076398442273, 0.2884085951516124], [0.3065907580826122, 0.30295772032520335, 0.10719528265062254, 0.2832562389415622], [0.37653341424160064, 0.28324147894541546, 0.1013126686933534, 0.23891243811963067], [0.15251189974497847, 0.27802854279917183, 0.31114134035246677, 0.2583182171033832], [0.4698305439554402, 0.1483876764458301, 0.038844141984378716, 0.3429376376143513], [0.1546338799329554, 0.3294812297933669, 0.28612206611609076, 0.2297628241575874], [0.18457787008196114, 0.3441143926931326, 0.1635232068162828, 0.3077845304086237], [0.23466193772755975, 0.27747834090117823, 0.2332906273570006, 0.2545690940142615], [0.22819435115995312, 0.2536038189715702, 0.30380364937302845, 0.2143981804954482], [0.1951048654907513, 0.363383869183984, 0.20498138922414808, 0.2365298761011169], [0.13378690432189616, 0.3220854849928203, 0.21747463353701071, 0.326652977148273], [0.19040091470105594, 0.32167936356566174, 0.2080397019306602, 0.27988001980262217], [0.32475389108679936, 0.30648126339830145, 0.07780655072067624, 0.290958294794223], [0.14770359007010322, 0.2593006054647041, 0.3764779294155369, 0.21651787504965553], [0.12604268577433636, 0.33927142872124033, 0.20873539163526067, 0.32595049386916286], [0.2991308781460718, 0.2582693247643833, 0.06003399107835485, 0.38256580601119006], [0.28163155545837804, 0.3267195107107981, 0.1049853573181503, 0.28666357651267343], [0.21635763734661573, 0.2875711715866507, 0.21213753155709364, 0.2839336595096399], [0.21715194301671065, 0.37161784856954344, 0.08215742665420724, 0.32907278175953847], [0.23064491125863906, 0.21350557674561854, 0.2740774968235521, 0.28177201517219064], [0.10563764017050277, 0.29046739025372004, 0.3391752287832699, 0.2647197407925075], [0.24939926674944643, 0.3636003375175355, 0.075321220038619, 0.3116791756943993], [0.38397904434723756, 0.25352173675543205, 0.07094730807035785, 0.29155191082697246], [0.18349816740653457, 0.2752276135287517, 0.1918946942290761, 0.3493795248356377], [0.2543276137552909, 0.2957640655604336, 0.20265675309466416, 0.24725156758961153], [0.14067640439090304, 0.2793488181712273, 0.33690839595154765, 0.24306638148632254], [0.4094007975509764, 0.24080686192623182, 0.09276691981184092, 0.25702542071095086], [0.12919370666081342, 0.3461711015570067, 0.14325706461556204, 0.3813781271666181], [0.4664031532007421, 0.18599264725018194, 0.028558425552217125, 0.3190457739968589], [0.12269329639098979, 0.3045813743277497, 0.2710549767560906, 0.30167035252516994], [0.2708627736686176, 0.23522920774924527, 0.07410345021573195, 0.41980456836640473], [0.21557704214541848, 0.2763765298536762, 0.2960120425594738, 0.21203438544143133], [0.10447999424836134, 0.4065123968528024, 0.1733877353485755, 0.315619873550261], [0.08387450750781723, 0.293339743320449, 0.4830137925067468, 0.1397719566649872], [0.28466123922531766, 0.2936009966206625, 0.09602495717929992, 0.3257128069747198], [0.16617985011098949, 0.34606407308166126, 0.19108084212007614, 0.2966752346872728], [0.249134342318109, 0.2849522202308363, 0.11872036717328092, 0.34719307027777374], [0.1446766760185091, 0.38403565945805934, 0.2007851211007708, 0.27050254342266034], [0.26068122223140777, 0.2346209999949352, 0.158635276954843, 0.3460625008188144], [0.13134270911715332, 0.3674702558881602, 0.12148056221235565, 0.3797064727823311], [0.20804138823097937, 0.261649125991622, 0.21459796558392386, 0.31571152019347465], [0.15248476572853809, 0.3375222194482723, 0.20024934119008336, 0.3097436736331063], [0.14377098797642962, 0.36609453378350776, 0.2285973330017182, 0.2615371452383445], [0.3818616911864215, 0.253361836105468, 0.11797320752032997, 0.24680326518778056], [0.15407354905150683, 0.28377804455239436, 0.2842621461364994, 0.27788626025959956], [0.32116256414035277, 0.3429841439026738, 0.0398807082599586, 0.29597258369701485], [0.13774434468916796, 0.30471411606111454, 0.25790517738223684, 0.2996363618674806], [0.2951227335582363, 0.3429680789121068, 0.13296817805427094, 0.22894100947538604], [0.10993264700260301, 0.3530144605029903, 0.18747275933837554, 0.349580133156031], [0.2510431266358228, 0.3110196744710771, 0.17125539552786997, 0.2666818033652298], [0.15232501631843332, 0.3555004555106707, 0.245325429193154, 0.24684909897774185], [0.12967331287194717, 0.28059642683002195, 0.3193977846066525, 0.2703324756913782], [0.2685793225306157, 0.32897490787623346, 0.10610533242213872, 0.2963404371710121], [0.21800833876043688, 0.28637888678356005, 0.14178859429807295, 0.353824180157931], [0.29359878840948067, 0.24253892873059266, 0.16747674291370204, 0.29638553994622435], [0.2016435277022005, 0.32545451707782286, 0.11910422244766566, 0.35379773277231114], [0.23902780644720753, 0.2227889578057435, 0.28559124062145647, 0.25259199512559255], [0.30050223764995215, 0.2130966736778685, 0.22251337758978001, 0.2638877110823993], [0.19875317613887344, 0.32722313114426343, 0.17649180688244068, 0.2975318858344225], [0.14191827326343062, 0.325978051694214, 0.29470081012417587, 0.2374028649181798], [0.1602691811636061, 0.36294816302172916, 0.15300288923452954, 0.32377976658013485], [0.344852273166217, 0.30472652222946267, 0.040412577895067026, 0.3100086267092535], [0.16290697115446012, 0.32304121624174253, 0.16740999049507513, 0.346641822108722], [0.2189534578896394, 0.33086297511815965, 0.2303355329467221, 0.21984803404547862], [0.2424783727722202, 0.4102627020089835, 0.11211127558430121, 0.23514764963449508], [0.40973326374954167, 0.17856139466194723, 0.17120785786338885, 0.24049748372512214], [0.09070442273966038, 0.3647856802342822, 0.19156029286976523, 0.3529496041562919], [0.15941552721863966, 0.2911062770368748, 0.14933410387726356, 0.4001440918672218], [0.11526556557820151, 0.26533174557048966, 0.24845476969263133, 0.3709479191586776], [0.36946986110537794, 0.28626374644273606, 0.09488441184011193, 0.24938198061177416], [0.21456953971209142, 0.27892364388271657, 0.3429074455541417, 0.16359937085105025], [0.2556327470539944, 0.26126686939815635, 0.15250967023106432, 0.3305907133167851], [0.3621566154053899, 0.21884177700570895, 0.10741353587412504, 0.31158807171477587], [0.21521423617730936, 0.2709020163935961, 0.2355130652928636, 0.27837068213623084], [0.38513678130568035, 0.3265244399123187, 0.054274233721635735, 0.23406454506036523], [0.1504184069921413, 0.33666946282448124, 0.2746560237781499, 0.23825610640522787], [0.22263118416673944, 0.1658611596639276, 0.31640854382258904, 0.29509911234674413], [0.4692643779339787, 0.2022886232024163, 0.0997265332295228, 0.228720465634082], [0.4054360701948074, 0.2240346020076529, 0.05920940854485452, 0.31131991925268504], [0.19066518619055944, 0.27405994552526114, 0.2855171501973551, 0.24975771808682443], [0.28195863297583595, 0.18939059936289787, 0.27139726299166, 0.2572535046696062], [0.20339535674562384, 0.2698725156460726, 0.3063641077058064, 0.2203680199024974], [0.36562423939553595, 0.25278598774980293, 0.17208551262754235, 0.2095042602271186], [0.22808053695991912, 0.36225217991543956, 0.07787683479843793, 0.33179044832620336], [0.12904017284887298, 0.280797754550486, 0.27616316765577664, 0.31399890494486454], [0.16567114061228017, 0.2570363949000911, 0.33006097202178597, 0.24723149246584253], [0.1774278612947951, 0.3123298879187107, 0.2373020924476656, 0.2729401583388287], [0.14976417041847712, 0.24065135465202747, 0.4431829944654465, 0.16640148046404843], [0.22850564832451972, 0.27460980862591744, 0.21802750241687033, 0.2788570406326925], [0.2819510370127418, 0.43009483984897273, 0.08638850051840749, 0.20156562261987773], [0.14586533052476475, 0.3682677804149956, 0.19073210063308083, 0.29513478842715923], [0.32859029646581195, 0.25221941295975336, 0.15194315529584382, 0.2672471352785909], [0.36205079244048943, 0.2861771915880532, 0.09932936830991612, 0.25244264766154123], [0.24959444281667867, 0.2683463655912412, 0.21147682097778828, 0.27058237061429213], [0.22358526877821044, 0.2984612322508625, 0.22605619212442293, 0.25189730684650413], [0.2217927558514307, 0.2969634253453137, 0.2956328408417858, 0.18561097796146994], [0.23999802587650648, 0.25403157937711884, 0.22152668135045261, 0.28444371339592206], [0.2222849312347029, 0.36350901248214507, 0.13562124941663029, 0.2785848068665216]]}, "rewritten": {"ids": ["97107681", "97109080", "97109570", "97113260", "97116500", "98106680", "98107340", "98107380", "98109311", "98110230", "98110680", "98110810", "98111860", "98112170", "98116090", "98116500", "98117740", "99107660", "99108460", "99108520", "99108580", "99111000", "99111620", "99113260", "99114890", "99116500", "99120010", "100109000", "100109330", "100110260", "100111080", "100111270", "100111390", "100113370", "100115700", "100120010", "101110740", "101112540", "101112690", "101116130", "101117580", "101119030", "102109840", "102112030", "102112170", "102116500", "102121700", "103109021", "103110100", "103111170", "103111480", "103111620", "103111830", "103111930", "103112470", "103112641", "103113170", "103113270", "103117200", "103118110", "103120730", "104109311", "104111780", "104113170", "104113190", "104114230", "104114240", "104114410", "104119340", "105111990", "105112240", "105113170", "105113440", "105113620", "105115250", "105115900", "105120280", "106111321", "106115240", "106119260", "106121220", "107114321", "107114621", "107115250", "107116300", "107117630", "108113760", "108114040", "108115970", "108116070", "108116481", "108118291", "108118630", "108119510", "109113931", "109117150", "109119591", "109121410", "110113931", "110114651", "110114920", "110115120", "110115980", "110116501", "110118111", "110118701", "111115620", "111115780", "111116040", "111116090", "111116110", "111116290", "111116640", "111117000", "111117200", "111119430", "111119610", "111120220", "112116451", "112116610", "112116900", "112118530", "112118880", "112119500", "112119610", "112120290", "112120540", "112120700", "112120990", "112121030", "113118231", "113119930", "113120280", "113120830", "113121010", "113121410", "113121680", "113121950", "113122150", "113122170", "113122320", "113122650"], "labels": [3, 2, 0, 1, 2, 1, 0, 1, 1, 3, 2, 1, 0, 3, 0, 2, 2, 3, 0, 2, 0, 2, 3, 0, 2, 2, 2, 1, 0, 3, 0, 2, 2, 3, 1, 0, 3, 2, 1, 2, 3, 3, 2, 2, 3, 1, 1, 0, 1, 2, 0, 0, 3, 3, 1, 3, 3, 2, 0, 2, 1, 3, 3, 3, 3, 2, 0, 1, 1, 2, 1, 0, 0, 0, 2, 3, 3, 0, 1, 1, 1, 0, 0, 2, 0, 0, 1, 0, 2, 1, 0, 3, 1, 1, 1, 2, 0, 0, 1, 3, 3, 0, 1, 3, 1, 3, 1, 1, 0, 3, 3, 2, 0, 0, 0, 3, 2, 3, 0, 1, 3, 1, 1, 2, 0, 1, 3, 2, 2, 0, 3, 1, 0, 3, 2, 0, 1, 3, 2, 1, 1, 2], "predicted_labels": [1, 1, 0, 1, 1, 2, 1, 0, 1, 1, 0, 2, 1, 3, 3, 3, 3, 0, 1, 0, 0, 1, 1, 1, 3, 3, 1, 1, 0, 0, 1, 3, 3, 3, 3, 0, 1, 3, 3, 3, 3, 1, 1, 3, 3, 1, 1, 1, 1, 1, 0, 1, 3, 0, 0, 1, 1, 3, 1, 1, 3, 0, 1, 1, 1, 1, 1, 1, 1, 3, 1, 3, 1, 1, 3, 3, 1, 1, 1, 0, 2, 1, 0, 1, 1, 0, 3, 3, 3, 1, 3, 1, 3, 3, 3, 1, 3, 3, 0, 3, 1, 3, 3, 1, 3, 1, 3, 3, 3, 0, 3, 3, 3, 1, 0, 1, 1, 0, 0, 0, 1, 1, 0, 1, 1, 0, 1, 1, 1, 3, 1, 1, 3, 0, 1, 3, 3, 3, 1, 1, 1, 1], "confidence_scores": [[0.2771338831932272, 0.2700036936790657, 0.27418357678545247, 0.17867884634225453], [0.15702432892920332, 0.29425386858308217, 0.26872425585337517, 0.2799975466343394], [0.4092334856130532, 0.21379344448618706, 0.14976037323000277, 0.22721269667075678], [0.23623537064168998, 0.2566460238227688, 0.2913928506683016, 0.21572575486723947], [0.1957593838614639, 0.28517963232187993, 0.31320438173062004, 0.20585660208603615], [0.12509039046387227, 0.2550135033270631, 0.45067289939663835, 0.16922320681242622], [0.24038037130583614, 0.31941048345962036, 0.20193493883645744, 0.2382742063980861], [0.3300143372479754, 0.20462970204167655, 0.2669170320508324, 0.19843892865951568], [0.20841722296551282, 0.3136989805441884, 0.25426864587755166, 0.22361515061274725], [0.2222147292688984, 0.28539503380966486, 0.22846022821314352, 0.2639300087082929], [0.270477990836559, 0.22338661730863657, 0.32142116927117526, 0.18471422258362907], [0.1268461967565537, 0.24309786345124315, 0.4856489973765333, 0.14440694241566954], [0.17053248186485095, 0.2677198725249455, 0.3710881837343627, 0.1906594618758411], [0.34182683972004435, 0.19291946905741922, 0.1381754009944854, 0.327078290228051], [0.1573201083277552, 0.25914359946995463, 0.3184105747616495, 0.265125717440641], [0.22396196875783989, 0.19581068051945613, 0.30280070684209054, 0.27742664388061355], [0.2922051100392025, 0.24560072285479945, 0.19293983305390877, 0.26925433405208926], [0.33277741754421913, 0.2282325903621951, 0.17140555765086543, 0.2675844344427205], [0.15377508079250254, 0.30345037277159465, 0.3290033073740824, 0.21377123906182033], [0.23115974137794182, 0.22608404326403453, 0.360739180044052, 0.18201703531397131], [0.29837246500447334, 0.2593471026737286, 0.27659660197417724, 0.16568383034762071], [0.17904689592579182, 0.30458497123932504, 0.26643854608380557, 0.24992958675107751], [0.2027263457956342, 0.26052792110674, 0.36012791258541255, 0.1766178205122133], [0.21071963406290142, 0.23705737958581577, 0.3551416564540242, 0.19708132989725863], [0.13820011853255235, 0.24054741625248643, 0.3911340153647899, 0.23011844985017108], [0.10916367614207942, 0.2736847351407652, 0.3928198013365725, 0.22433178738058301], [0.22898989356850818, 0.28601881899278375, 0.2855286575179139, 0.19946262992079433], [0.20584110427014018, 0.2948463085711181, 0.21250833791809412, 0.28680424924064746], [0.3710701558600134, 0.2334260479873294, 0.13915021146720824, 0.25635358468544883], [0.33751419554767287, 0.24904236401875085, 0.15160243796966627, 0.2618410024639097], [0.20041704713203518, 0.2568556210293794, 0.3404065968633331, 0.20232073497525227], [0.15401455089905022, 0.2364714830959434, 0.3725034083412101, 0.23701055766379614], [0.23166811273916185, 0.25586543317578997, 0.23311231394246165, 0.27935414014258647], [0.2586926039038684, 0.21625556322583753, 0.2854653934305568, 0.23958643943973731], [0.2647320660913082, 0.25578651275632147, 0.20937583552046937, 0.2701055856319011], [0.24008416194103566, 0.23204946750389005, 0.3702325328834666, 0.1576338376716077], [0.19876505561124314, 0.291396455779825, 0.30495834483250356, 0.2048801437764284], [0.1473594947516051, 0.22718699843951673, 0.41858837637330626, 0.20686513043557192], [0.14250261607818385, 0.23602152563344356, 0.3503912532325697, 0.27108460505580306], [0.19178398337835253, 0.27367193613633134, 0.26977239108702933, 0.2647716893982868], [0.19729132273932498, 0.26723864405029346, 0.2601301166774337, 0.27533991653294787], [0.2297921006255606, 0.2748091376474697, 0.3054298474540083, 0.18996891427296123], [0.20200233069567627, 0.2621636237580232, 0.3259150565901299, 0.2099189889561708], [0.1942189419967467, 0.25784813561656966, 0.2820532021175571, 0.2658797202691268], [0.25150566586445716, 0.22525981121475458, 0.27144832006822356, 0.2517862028525649], [0.21134632594946992, 0.28012301061851097, 0.2824394206392712, 0.22609124279274767], [0.29887846832702897, 0.3317836029625328, 0.1554984796078088, 0.21383944910262967], [0.12965173850932696, 0.3444976238812043, 0.22859551060743832, 0.29725512700203055], [0.2266569645592432, 0.28429252516542547, 0.2387906457486266, 0.2502598645267046], [0.27713516899988755, 0.27473646986799394, 0.24930554000205934, 0.19882282113005909], [0.35488062960626765, 0.27111529349884056, 0.09411967612997532, 0.2798844007649163], [0.17869495009279837, 0.2686842074496963, 0.31609395900925613, 0.23652688344824932], [0.19113803629782866, 0.1944360484188248, 0.4000774018111189, 0.2143485134722276], [0.34117301978960934, 0.24907951555498808, 0.18299925238249798, 0.2267482122729045], [0.2384621818962075, 0.24215782411062384, 0.3009444859480227, 0.218435508045146], [0.23883694902125466, 0.2823789385694471, 0.2713606498541814, 0.20742346255511712], [0.119710760104844, 0.3402937802022734, 0.33275472530291944, 0.20724073438996313], [0.17965011114886897, 0.24049665038844045, 0.3170022009634228, 0.26285103749926764], [0.18495515069883525, 0.39674418847957393, 0.165886388361497, 0.25241427246009374], [0.1623642121578022, 0.2844557394272334, 0.3199383140839478, 0.23324173433101653], [0.15368861679440896, 0.2529419625824329, 0.360790155267987, 0.2325792653551711], [0.2869277541205503, 0.2451576814240048, 0.22234339057958297, 0.24557117387586203], [0.24999810692503513, 0.33413309460639734, 0.18362487481925346, 0.23224392364931432], [0.2793095787796695, 0.2840926986433422, 0.21116981254033934, 0.225427910036649], [0.24891388040848178, 0.2824370996896867, 0.19696667274221846, 0.27168234715961315], [0.2120807208369206, 0.26617291828139705, 0.3244361011881428, 0.19731025969353957], [0.16128208385520168, 0.3118196570991866, 0.25617766914994, 0.2707205898956717], [0.2370238872614742, 0.27868603881954956, 0.2259983459097205, 0.2582917280092556], [0.2074392857083097, 0.29264690578320574, 0.2627696089682548, 0.23714419954022978], [0.1832857392231542, 0.2590326442758416, 0.2738798893543392, 0.28380172714666513], [0.12058865150672127, 0.3095928124113042, 0.29927161165506033, 0.27054692442691414], [0.20165702526813795, 0.25009398354776685, 0.23751662834427265, 0.31073236283982275], [0.23345173785972198, 0.2948645553991785, 0.20726756378582448, 0.2644161429552749], [0.22243298239329815, 0.3222849096933813, 0.2309186360772589, 0.2243634718360616], [0.15210287310844195, 0.28035922496712934, 0.3005575755701435, 0.26698032635428554], [0.2984848797202451, 0.22973740473392257, 0.19318110321674323, 0.27859661232908917], [0.2186243841824879, 0.32412117390373757, 0.20556163482067197, 0.25169280709310254], [0.2000855030511605, 0.2929962779547858, 0.22843938523537913, 0.2784788337586746], [0.2983782944440526, 0.29651492201276586, 0.17092349964084408, 0.2341832839023373], [0.36741560799286976, 0.161561097507848, 0.2183535024880734, 0.2526697920112086], [0.12522558394923342, 0.23773758940486994, 0.4486195598684221, 0.18841726677747458], [0.3392319838506796, 0.3270537140126545, 0.10984947961835186, 0.2238648225183139], [0.5827541885457599, 0.1953543485070985, 0.03072097239382837, 0.19117049055331317], [0.16230248350888798, 0.30002981725153666, 0.2921152287366045, 0.2455524705029709], [0.23991938933617243, 0.3566146517216177, 0.14011769392838846, 0.2633482650138214], [0.34870015861074743, 0.18810667110489948, 0.22316748971774752, 0.24002568056660534], [0.22610190552313106, 0.26646498999135804, 0.21640183048458153, 0.29103127400092915], [0.20422214817067047, 0.21830539275348218, 0.3257106628981933, 0.251761796177654], [0.2405403138096348, 0.22884725989049373, 0.26960765344696885, 0.2610047728529025], [0.27954629395015407, 0.27381222641130293, 0.19434092991555932, 0.252300549722984], [0.20076088978884646, 0.262019538856888, 0.24087949230908395, 0.29634007904518167], [0.30226702648202086, 0.2922906637558453, 0.11507091105449462, 0.2903713987076394], [0.21860426273181763, 0.254051721600086, 0.15741095306854366, 0.36993306259955233], [0.19812457318716123, 0.2676455482042817, 0.2312393567728272, 0.30299052183572983], [0.21092246291037048, 0.22862853750104276, 0.34381824500035785, 0.21663075458822886], [0.21075100479138004, 0.32069467857849543, 0.22715641241682594, 0.24139790421329835], [0.26768514470699684, 0.269608838850001, 0.2013498920747594, 0.261356124368243], [0.16797018337166222, 0.29379727430741004, 0.22283955379895454, 0.3153929885219731], [0.3384069462400457, 0.2074026243112327, 0.21526633755743235, 0.23892409189128927], [0.20706681427899337, 0.2729092864812712, 0.2526515052852259, 0.26737239395450946], [0.16867281277346652, 0.325353018929852, 0.29893071170298047, 0.2070434565937012], [0.2294871331041895, 0.244514439781876, 0.28302406718100437, 0.2429743599329302], [0.2549600627949946, 0.21745622607198467, 0.2936879690867287, 0.23389574204629193], [0.19108850675161446, 0.28250950410554937, 0.2782297917661874, 0.24817219737664886], [0.26255743843358686, 0.23258445785886386, 0.2233392104786809, 0.2815188932288683], [0.3163292420491195, 0.3447926948721012, 0.10176505031965304, 0.23711301275912658], [0.15739107971335328, 0.24900580818918322, 0.3741732299788504, 0.21942988211861314], [0.20455725877319406, 0.26605562481372924, 0.26658513424558755, 0.2628019821674894], [0.277234937914796, 0.24021804592946924, 0.08560716449751415, 0.39693985165822065], [0.36434809459669176, 0.25845830994914804, 0.16001620951958637, 0.2171773859345739], [0.2633429855503224, 0.27532357459775214, 0.16302215246812737, 0.29831128738379825], [0.16441020602679296, 0.23358166963022625, 0.3036128791304135, 0.2983952452125672], [0.1958848902452031, 0.24542693653040124, 0.2923599203318766, 0.26632825289251905], [0.13686406467203183, 0.28947785726674136, 0.332647778454755, 0.24101029960647136], [0.2760155643338615, 0.24999195071332464, 0.2393560305758171, 0.23463645437699682], [0.21543416474819083, 0.287550942719133, 0.24782116500877416, 0.24919372752390184], [0.21201904420256792, 0.2621748861876768, 0.2911472749826675, 0.23465879462708752], [0.36818153534412723, 0.2597399375613501, 0.1586433227889385, 0.21343520430558408], [0.4175874659837316, 0.21750722347006937, 0.11872523422749347, 0.24618007631870542], [0.28651123608754664, 0.23653090154874978, 0.26358939369025236, 0.213368468673451], [0.24456649206077283, 0.3034596628120528, 0.16972833404792287, 0.28224551107925117], [0.12286117789531145, 0.30791329355792807, 0.34037012128943805, 0.22885540725732262], [0.3552089590627574, 0.2627444219491373, 0.1657131577840159, 0.21633346120408925], [0.22563260929830703, 0.2756094387705316, 0.2959609201140235, 0.20279703181713812], [0.16032256874478143, 0.3400847332089106, 0.24647390219397064, 0.25311879585233726], [0.2745168599984938, 0.2659385986679381, 0.2636800198688642, 0.1958645214647037], [0.2540291023275165, 0.30448893990855636, 0.1397487216751001, 0.3017332360888269], [0.26660134680691044, 0.2724430372660669, 0.21357750535574538, 0.24737811057127715], [0.16063619182245945, 0.2892553791846626, 0.3026808533308386, 0.24742757566203966], [0.31195212099789804, 0.2111841262593958, 0.18527812629135218, 0.2915856264513536], [0.20836557414717152, 0.2863120035347083, 0.24435222961226136, 0.260970192705859], [0.2118781240475931, 0.31056990332448386, 0.2018011998640423, 0.2757507727638809], [0.3463468397462822, 0.17825835356522066, 0.15169969215830284, 0.3236951145301943], [0.29939781219643524, 0.2507947693711083, 0.20184250720256297, 0.24796491122989336], [0.12749422433262647, 0.34841273851105087, 0.2877468890822375, 0.23634614807408508], [0.21557961823942542, 0.281357033142895, 0.18198146787326502, 0.3210818807444146], [0.17383088207690653, 0.27079606543179785, 0.2533008386703784, 0.3020722138209171], [0.27400373801258243, 0.29387073119338847, 0.11790359513150481, 0.3142219356625244], [0.2169275996726259, 0.3001668097508041, 0.23805211749981173, 0.24485347307675842], [0.14213754364783074, 0.2986564633903627, 0.2954417345975238, 0.2637642583642827], [0.19439493371180816, 0.31810634105787344, 0.17703760756521886, 0.31046111766509943], [0.15875763020938186, 0.2731355017814185, 0.3754064917230142, 0.19270037628618517]]}}