{"test": {"ids": ["113119700", "112116451", "101119030", "109113881", "108114360", "98108150", "106121220", "107118820", "98112580", "107113200", "112120670", "108117610", "101109120", "108120621", "99110050", "98106680", "101114020", "97107260", "108119510", "104114740", "97111790", "103120730", "107113170", "105120280", "97116401", "100108990", "109116170", "112116540", "112119980", "98107380", "109114220", "106120640", "111116090", "111117120", "99105921", "102110890", "109115220", "98110230", "112116800", "97112300", "103109791", "111118910", "109113931", "113122230", "107120010", "97107040", "112121010", "104118340", "111119340", "110117500", "106119990", "106115120", "103113640", "111116530", "111116750", "105119550", "108113760", "102110240", "107113840", "107118780", "105115900", "97116410", "108114180", "104111550", "112116610", "113121680", "110118301", "110115120", "97107681", "112121360", "97118210", "110115890", "110118161", "113120531", "99109161", "99108460", "97116790", "113118690", "107113180", "105112100", "110115140", "111114171", "113120780", "97106600", "104114320", "101111620", "100116790", "103113270", "97106000", "106120290", "97110950", "108116120", "113118820", "109113591", "109119340", "101121640", "107113130", "113120601", "107115250", "98116500", "98108970", "108119330", "106121190", "99109860", "108113620", "113122190", "105110251", "112121030", "97113900", "105116090", "104112470", "113119320", "111121351", "113119300", "112117210", "111116990", "106113190", "111120531", "105113260", "102110050", "109114270", "112119120", "109117271", "102110500", "111121220", "103117200", "113122650", "111115910", "105121190", "99111340", "103113260", "104119290", "108115070", "98110710", "113120640", "103112470", "100120010", "108115570", "98109311", "113121220", "106114011", "109119010"], "labels": [0, 0, 3, 0, 1, 0, 1, 3, 2, 0, 2, 3, 1, 1, 3, 1, 3, 2, 1, 2, 2, 1, 0, 3, 3, 2, 0, 1, 0, 1, 3, 3, 3, 2, 1, 0, 3, 3, 0, 2, 3, 0, 1, 1, 1, 2, 2, 2, 3, 1, 0, 1, 1, 3, 3, 1, 1, 3, 3, 1, 3, 3, 1, 1, 1, 1, 1, 0, 3, 3, 2, 2, 0, 0, 3, 0, 2, 3, 3, 1, 0, 3, 0, 3, 2, 3, 2, 2, 0, 2, 3, 1, 0, 3, 3, 2, 1, 2, 2, 2, 3, 0, 2, 2, 3, 1, 0, 0, 2, 1, 1, 1, 0, 1, 1, 0, 0, 0, 3, 3, 3, 1, 0, 3, 3, 0, 2, 2, 2, 1, 3, 1, 1, 2, 0, 1, 0, 3, 1, 3, 1, 3], "predicted_labels": [3, 1, 0, 1, 1, 1, 1, 3, 2, 3, 0, 3, 1, 3, 3, 1, 0, 3, 0, 2, 0, 0, 3, 2, 2, 3, 3, 0, 3, 3, 0, 1, 0, 1, 0, 3, 3, 1, 3, 0, 0, 3, 1, 1, 1, 1, 3, 3, 1, 1, 3, 3, 0, 0, 0, 1, 1, 1, 1, 0, 3, 2, 3, 3, 2, 3, 0, 3, 3, 1, 0, 3, 1, 1, 0, 1, 3, 1, 3, 0, 0, 3, 0, 1, 1, 3, 1, 2, 3, 3, 0, 0, 0, 3, 0, 3, 2, 1, 1, 3, 1, 3, 1, 1, 1, 3, 3, 0, 0, 3, 3, 1, 3, 3, 0, 0, 0, 1, 0, 1, 3, 0, 3, 0, 3, 1, 1, 1, 1, 1, 3, 1, 1, 2, 3, 2, 3, 0, 1, 3, 1, 3], "confidence_scores": [[0.22083899264690632, 0.23235571075866512, 0.24210949199317028, 0.30469580460125834], [0.2445495981275822, 0.3553282924779811, 0.19434377075447157, 0.2057783386399652], [0.473268501883145, 0.1580081423602084, 0.10100974005695179, 0.26771361569969476], [0.13895717600163798, 0.6046239806531503, 0.0467908216579661, 0.20962802168724567], [0.2887919087612123, 0.413649552041732, 0.15100003149774338, 0.14655850769931228], [0.16782293975966442, 0.3457053878270466, 0.21730617138989342, 0.26916550102339554], [0.2601846050393997, 0.33541198515491916, 0.13571505950114193, 0.2686883503045392], [0.2672963023638243, 0.25149736441753473, 0.19615465748558975, 0.2850516757330513], [0.16614013711336534, 0.17584839127669621, 0.38264061594175564, 0.27537085566818303], [0.18481823193341132, 0.2996688323817318, 0.08964129920074398, 0.42587163648411314], [0.29046746799443374, 0.2689190423858277, 0.26553434891035094, 0.17507914070938765], [0.30537440426894613, 0.21235571171289203, 0.11124216226545285, 0.371027721752709], [0.2157977199923492, 0.35010348279920966, 0.16489171218219348, 0.2692070850262476], [0.35712750754520056, 0.1711501493127343, 0.06303179680785236, 0.4086905463342128], [0.08729708281266879, 0.18009145185520847, 0.11403586111689434, 0.6185756042152284], [0.09142669983176685, 0.3792859544173159, 0.33447540949031707, 0.1948119362606002], [0.40289129050350037, 0.1614483285110733, 0.13101927552118348, 0.3046411054642429], [0.16058059662592558, 0.21756261896212103, 0.18695157954895175, 0.43490520486300155], [0.27024470017811897, 0.230962500140355, 0.2512977014955802, 0.24749509818594606], [0.13280688906645188, 0.19001258324610903, 0.3714592098661275, 0.30572131782131157], [0.3572693999753552, 0.2214095186134846, 0.21212531918431823, 0.2091957622268422], [0.439653427943754, 0.25775351431488647, 0.07848108500270314, 0.2241119727386565], [0.27201733023601354, 0.2544050637137279, 0.07467288196441632, 0.3989047240858423], [0.21741478983269671, 0.24058333737541082, 0.2923483073751263, 0.24965356541676625], [0.16696445837812426, 0.2799597966333434, 0.37265432394688863, 0.1804214210416438], [0.22494904398100124, 0.21873963925234088, 0.19573758392766208, 0.3605737328389959], [0.15145857333063828, 0.27992973833639584, 0.14254926604906673, 0.42606242228389923], [0.467559769161582, 0.2584553521989078, 0.07730644081470894, 0.19667843782480132], [0.11946333164561986, 0.13015888183229637, 0.05828361518772712, 0.6920941713343567], [0.15026235085151818, 0.2264386798425893, 0.09269771855020932, 0.5306012507556832], [0.4159206825717595, 0.2566787163660751, 0.1501288344107818, 0.1772717666513837], [0.29027662480429317, 0.4710532240768434, 0.08166665541739127, 0.15700349570147215], [0.42910855497185113, 0.16804216439466, 0.07348924563343469, 0.3293600350000543], [0.10352661243405248, 0.5616127859101527, 0.12474485548882656, 0.2101157461669683], [0.34443073643386757, 0.23413673957850684, 0.2747224607566527, 0.14671006323097302], [0.2266977311006001, 0.1807746837843388, 0.19815889065656803, 0.3943686944584932], [0.17298426125756775, 0.1849047645617813, 0.11115910227918312, 0.5309518719014679], [0.13784225505872985, 0.3661278851729054, 0.1775760667858845, 0.31845379298248033], [0.26086426038384436, 0.20527129400609542, 0.10774645346026769, 0.42611799214979246], [0.3158027890706422, 0.24214424395881268, 0.14977347661368887, 0.29227949035685635], [0.4854625399115772, 0.16760449780003672, 0.21713266470752685, 0.1298002975808594], [0.2892502699093238, 0.12092586656540553, 0.14634186880967362, 0.443481994715597], [0.12623729422362534, 0.5104752655083413, 0.055889941263979406, 0.30739749900405394], [0.2226684667944682, 0.3268756457566062, 0.21539413032410554, 0.23506175712482003], [0.282231579361832, 0.29293912368360725, 0.24192650210446304, 0.18290279485009778], [0.2741802595994856, 0.3535836081516029, 0.15446184119045323, 0.2177742910584584], [0.2763749645510391, 0.27760897726019607, 0.15949723651410586, 0.28651882167465886], [0.257161436566956, 0.21866852716039836, 0.18822062859698271, 0.3359494076756629], [0.29351864072156386, 0.32580550365012556, 0.10128597085032139, 0.27938988477798926], [0.26371753800547504, 0.3975142500314081, 0.12402051586286818, 0.2147476961002487], [0.2914069214415733, 0.18408236297032368, 0.15831210961079828, 0.36619860597730486], [0.30450159475351957, 0.17842104708960885, 0.13630383158780485, 0.3807735265690668], [0.5637665235376016, 0.18688292012411087, 0.08423077016541732, 0.16511978617287024], [0.422772480948899, 0.3207355088804467, 0.10783297648706144, 0.1486590336835928], [0.6150465030604404, 0.1261447303674851, 0.08327769003496299, 0.17553107653711145], [0.2393413882087526, 0.45370178137605655, 0.11324061952839402, 0.19371621088679683], [0.17804193725683248, 0.3758625073697911, 0.22658000404395476, 0.21951555132942163], [0.10944872056896487, 0.7049144494313, 0.08386725072512706, 0.10176957927460804], [0.14523213282125783, 0.48189463486612033, 0.20069676421059826, 0.17217646810202372], [0.3963520812564946, 0.20912697820328396, 0.07738220568383897, 0.3171387348563826], [0.18309931673040508, 0.21798313878885806, 0.24638765125551354, 0.3525298932252234], [0.18385830808835854, 0.33159285371157277, 0.35023446601745484, 0.134314372182614], [0.15345164854561189, 0.2832560484452799, 0.08720067830870877, 0.47609162470039934], [0.10639778413849536, 0.3943779311913639, 0.09546848271104011, 0.40375580195910066], [0.1555124645277517, 0.26472629581030177, 0.35499570325980406, 0.22476553640214242], [0.2799368272945098, 0.25340183035404384, 0.11335254346467823, 0.35330879888676814], [0.3150491368014224, 0.2204273236542094, 0.22393819020478575, 0.24058534933958262], [0.2354007138286555, 0.21570259522285026, 0.12281616499585106, 0.42608052595264306], [0.08897999100132309, 0.18602027717284378, 0.25003573974040977, 0.47496399208542334], [0.20232814122011433, 0.5701487162329467, 0.08432497217075857, 0.1431981703761805], [0.3698796330153468, 0.19377821328247266, 0.2705319749255801, 0.1658101787766004], [0.15557936621350898, 0.3670147592307994, 0.09078644854456368, 0.38661942601112786], [0.16358791406400874, 0.3793598909155084, 0.11834175359862303, 0.33871044142185985], [0.18732684741601044, 0.2954870399510269, 0.23223845859975045, 0.2849476540332121], [0.5721709165939358, 0.12333378619314272, 0.11160273289307861, 0.1928925643198428], [0.25389329343110895, 0.4456508390923461, 0.09247006872174537, 0.2079857987547996], [0.2622575903158798, 0.25578764709778956, 0.21033042015795608, 0.27162434242837463], [0.1382785447910619, 0.5752777840383879, 0.11551744647299356, 0.17092622469755653], [0.25564120319241573, 0.2748944009536267, 0.15764580416621946, 0.3118185916877382], [0.34456603007558867, 0.2197948606990585, 0.18684908869003733, 0.24879002053531551], [0.31882850339230523, 0.2315172852305531, 0.14868924645865061, 0.30096496491849106], [0.2554526772976955, 0.3277672550050861, 0.07313303558895762, 0.34364703210826064], [0.3712451073677223, 0.2511660816189887, 0.17457912998549538, 0.20300968102779365], [0.17712466447612832, 0.330078793503443, 0.24248645679707972, 0.2503100852233489], [0.1844249397351045, 0.4610998110326196, 0.24168009640713697, 0.11279515282513913], [0.1740954961515057, 0.2159319875764292, 0.14770787082690223, 0.4622646454451629], [0.22663415865953124, 0.32927831328577045, 0.22952446903631676, 0.21456305901838174], [0.2514996016193912, 0.1380522149445446, 0.34760100283494016, 0.26284718060112416], [0.21850743444465748, 0.2666017931286113, 0.22265007058720543, 0.29224070183952583], [0.2472951922236688, 0.2361487234286861, 0.22116579926071148, 0.29539028508693377], [0.32366971189457777, 0.2704838810920037, 0.14992550172828073, 0.2559209052851379], [0.35677446562665205, 0.2821886045821171, 0.10777358985436351, 0.25326333993686734], [0.29836199805630453, 0.2803326548400389, 0.1946159560022263, 0.22668939110143038], [0.26738715523260537, 0.30463985556207923, 0.10813561420063211, 0.31983737500468346], [0.5454051773424382, 0.13895821391160565, 0.10210412029467232, 0.21353248845128392], [0.12261693605641144, 0.23778130507921327, 0.21664996682782942, 0.4229517920365458], [0.20208717663406106, 0.21315596307700516, 0.3201302881457605, 0.26462657214317314], [0.22614534878470216, 0.3794789732887668, 0.15476356130525445, 0.23961211662127682], [0.27301974969166004, 0.32810210033916787, 0.2089653401439318, 0.1899128098252403], [0.1604688982327159, 0.28400571011948683, 0.21081842909854429, 0.3447069625492531], [0.19425972444564232, 0.38389494848457556, 0.13907815481568217, 0.2827671722541], [0.20934902426997773, 0.24609370789563206, 0.17424281815021644, 0.37031444968417376], [0.13844545799276534, 0.6007750697195516, 0.1357666604816655, 0.1250128118060176], [0.1931028560798269, 0.520544586995808, 0.14238625984590703, 0.14396629707845793], [0.12445955032676531, 0.4828344414067611, 0.12729381710152818, 0.2654121911649454], [0.1799989349192028, 0.3003944929514162, 0.20823889735734305, 0.31136767477203814], [0.229810711762965, 0.23484683580615115, 0.12636137298546699, 0.408981079445417], [0.36876556370829616, 0.22488509225472644, 0.1142149470997229, 0.29213439693725457], [0.291021502052247, 0.22941918251137722, 0.22087616745364383, 0.25868314798273195], [0.2968969742802608, 0.2597164033667719, 0.11072406778054894, 0.33266255457241867], [0.1580682147432548, 0.18193004076670174, 0.17020697270432045, 0.48979477178572306], [0.39050453913810274, 0.40668998770890286, 0.07597755050678831, 0.12682792264620596], [0.23166454629729474, 0.2706149436125618, 0.129084435405367, 0.36863607468477666], [0.2912878932901804, 0.23096737647251295, 0.18102890639995245, 0.2967158238373543], [0.42085323437953315, 0.27248395663791397, 0.1463730755280216, 0.16028973345453115], [0.36233262953455625, 0.20991415577828773, 0.15790263982705915, 0.26985057486009695], [0.41320233555600805, 0.32925834706308243, 0.08678828746436118, 0.1707510299165486], [0.26445057573657826, 0.40902518155967243, 0.1323334176363918, 0.19419082506735758], [0.35425880223791956, 0.2939661356586338, 0.07583106463740633, 0.2759439974660403], [0.19841036576528728, 0.34983485639555123, 0.15914523672109313, 0.29260954111806836], [0.2431187932267417, 0.2083899118435663, 0.16602040951562283, 0.3824708854140692], [0.31942942714074557, 0.21371191700089057, 0.17914491854511225, 0.28771373731325167], [0.22665737877128425, 0.22878564784552408, 0.12810574017905585, 0.4164512332041359], [0.37020637642935916, 0.10998828884440276, 0.1778000243722277, 0.34200531035401055], [0.16392078393685353, 0.2009459970560374, 0.07561276951706897, 0.5595204494900402], [0.19656651455070487, 0.3997551352821429, 0.09210314570022585, 0.31157520446692627], [0.18329762939800734, 0.339696040146398, 0.1932989776655463, 0.28370735279004855], [0.1669534934816439, 0.4054544205152253, 0.1689366438723416, 0.2586554421307891], [0.1759247359208815, 0.3847858156723369, 0.16356034019082027, 0.2757291082159613], [0.2346124226905189, 0.44346493614717863, 0.10850056990015046, 0.21342207126215193], [0.21650427336297728, 0.31132157452394615, 0.09897662500750146, 0.37319752710557524], [0.14517236410146322, 0.45176490432237, 0.11435908168822549, 0.2887036498879414], [0.23234192279532304, 0.3366405148956192, 0.24704207908644613, 0.18397548322261167], [0.12360205538314292, 0.2598067268731784, 0.33430756519269406, 0.2822836525509848], [0.15850089796682926, 0.33980964154762766, 0.10000730402892272, 0.4016821564566204], [0.27129245530951046, 0.22737499260371308, 0.345991931301221, 0.15534062078555538], [0.1838086870799188, 0.15693146699052607, 0.13863344620170007, 0.5206263997278551], [0.38042431455517534, 0.18081127998400534, 0.2191857373605726, 0.21957866810024682], [0.26758165604554185, 0.4571667397813738, 0.1333968663173251, 0.14185473785575953], [0.13078409910097777, 0.1407062126592751, 0.09122099281609336, 0.6372886954236539], [0.28227781707462574, 0.4468614660581271, 0.11858207104594806, 0.15227864582129927], [0.15811266116175327, 0.26888190139927426, 0.15646277651567822, 0.4165426609232942]]}, "rewritten": {"ids": ["97106000", "97106600", "97107040", "97107260", "97107681", "97110950", "97111790", "97112300", "97113900", "97116401", "97116410", "97116790", "97118210", "98106680", "98107380", "98108150", "98108970", "98109311", "98110230", "98110710", "98112580", "98116500", "99105921", "99108460", "99109161", "99109860", "99110050", "99111340", "100108990", "100116790", "100120010", "101109120", "101111620", "101114020", "101119030", "101121640", "102110050", "102110240", "102110500", "102110890", "103109791", "103112470", "103113260", "103113270", "103113640", "103117200", "103120730", "104111550", "104112470", "104114320", "104114740", "104118340", "104119290", "105110251", "105112100", "105113260", "105115900", "105116090", "105119550", "105120280", "105121190", "106113190", "106114011", "106115120", "106119990", "106120290", "106120640", "106121190", "106121220", "107113130", "107113170", "107113180", "107113200", "107113840", "107115250", "107118780", "107118820", "107120010", "108113620", "108113760", "108114180", "108114360", "108115070", "108115570", "108116120", "108117610", "108119330", "108119510", "108120621", "109113591", "109113881", "109113931", "109114220", "109114270", "109115220", "109116170", "109117271", "109119010", "109119340", "110115120", "110115140", "110115890", "110117500", "110118161", "110118301", "111114171", "111115910", "111116090", "111116530", "111116750", "111116990", "111117120", "111118910", "111119340", "111120531", "111121220", "111121351", "112116451", "112116540", "112116610", "112116800", "112117210", "112119120", "112119980", "112120670", "112121010", "112121030", "112121360", "113118690", "113118820", "113119300", "113119320", "113119700", "113120531", "113120601", "113120640", "113120780", "113121220", "113121680", "113122190", "113122230", "113122650"], "labels": [0, 3, 2, 2, 3, 3, 2, 2, 2, 3, 3, 2, 2, 1, 1, 0, 3, 1, 3, 2, 2, 2, 1, 0, 3, 2, 3, 1, 2, 2, 0, 1, 3, 3, 3, 2, 3, 3, 3, 0, 3, 1, 3, 2, 1, 0, 1, 1, 1, 2, 2, 2, 1, 0, 1, 3, 3, 1, 1, 3, 2, 0, 1, 1, 0, 2, 3, 2, 1, 1, 0, 3, 0, 3, 2, 1, 3, 1, 3, 1, 1, 1, 1, 3, 1, 3, 0, 1, 1, 3, 0, 1, 3, 3, 3, 0, 0, 3, 3, 0, 0, 2, 1, 0, 1, 3, 2, 3, 3, 3, 0, 2, 0, 3, 0, 3, 0, 0, 1, 1, 0, 1, 1, 0, 2, 2, 0, 3, 3, 0, 1, 1, 0, 0, 2, 0, 0, 3, 1, 1, 1, 2], "predicted_labels": [1, 1, 1, 3, 3, 1, 1, 1, 3, 3, 1, 0, 2, 2, 3, 3, 1, 1, 1, 3, 1, 0, 0, 3, 0, 2, 1, 1, 0, 0, 2, 0, 3, 0, 0, 3, 0, 1, 0, 0, 0, 3, 1, 2, 0, 3, 3, 1, 3, 1, 1, 1, 3, 3, 0, 0, 0, 0, 0, 1, 2, 0, 0, 0, 1, 1, 0, 1, 3, 2, 1, 1, 3, 1, 1, 0, 3, 1, 1, 3, 3, 1, 1, 1, 3, 3, 0, 0, 3, 3, 3, 1, 2, 3, 3, 1, 3, 2, 3, 3, 1, 3, 1, 2, 3, 1, 3, 0, 1, 2, 0, 1, 1, 1, 1, 3, 1, 0, 3, 2, 1, 2, 1, 1, 0, 3, 0, 1, 1, 3, 3, 1, 1, 3, 1, 1, 3, 3, 1, 3, 1, 3], "confidence_scores": [[0.13209494203987232, 0.34098566550833936, 0.26880439585827887, 0.2581149965935094], [0.2276482104712358, 0.58873635540636, 0.07926234626866634, 0.10435308785373777], [0.13590342098242061, 0.3762536403376409, 0.24546376754311963, 0.24237917113681887], [0.10830938412440365, 0.2105156731167592, 0.25210204146558557, 0.42907290129325154], [0.10490364059204385, 0.25177266906531304, 0.2510047590537309, 0.3923189312889124], [0.24905695298405356, 0.4079156089960123, 0.12743185909508406, 0.21559557892485026], [0.2582556060783179, 0.4019116175453203, 0.15269337965137925, 0.1871393967249826], [0.2546388268162999, 0.3636872177136279, 0.1473700543589589, 0.23430390111111352], [0.25945007017117033, 0.2545882081142728, 0.16990437058053692, 0.31605735113402], [0.11824243945896283, 0.1936864117563121, 0.2593198459942845, 0.42875130279044055], [0.1915218940791579, 0.5483818834309234, 0.09356041453485699, 0.16653580795506176], [0.43182690867694723, 0.23899773729700108, 0.19512088041166126, 0.13405447361439055], [0.2749452915915295, 0.17353934418749967, 0.31956332115752845, 0.23195204306344247], [0.11171289081938252, 0.23305859234310028, 0.52662329450887, 0.1286052223286472], [0.2507294112896027, 0.3104685781197835, 0.10497947061809408, 0.33382253997251987], [0.11489731204225191, 0.35602839122137603, 0.16639092887212031, 0.3626833678642518], [0.19705504525386633, 0.2951274202807526, 0.2811643583427144, 0.22665317612266672], [0.17479003003178656, 0.4777447254432714, 0.15947448884855708, 0.18799075567638476], [0.11525889582606139, 0.7218355057875102, 0.06633586544058045, 0.09656973294584811], [0.1337042689098001, 0.20207919019881923, 0.25905328226452884, 0.40516325862685176], [0.29645754047495565, 0.38874887717029233, 0.13481601168758478, 0.1799775706671672], [0.3301231685216092, 0.31595138326440053, 0.09890817873385631, 0.255017269480134], [0.45658353329376217, 0.15948422247435975, 0.2484495412511118, 0.13548270298076623], [0.28884521621789794, 0.20124292577566172, 0.13455505286125846, 0.37535680514518194], [0.28910047699564834, 0.2637319460283608, 0.24563230775491915, 0.20153526922107176], [0.1278306455998516, 0.2685231733272307, 0.4575773352212522, 0.14606884585166546], [0.35060668926963034, 0.4163703631662861, 0.08470300669765339, 0.14831994086643022], [0.12220174949000741, 0.41411416985966004, 0.3340572699859188, 0.12962681066441387], [0.2928551049042563, 0.22306278673343996, 0.22757261773967488, 0.25650949062262884], [0.418201098086506, 0.23053235807473718, 0.1424674566351311, 0.2087990872036257], [0.13023522602746804, 0.17409410761384425, 0.5203447156781376, 0.17532595068055007], [0.32421611545836937, 0.2959256241993863, 0.1721488567517274, 0.2077094035905168], [0.14534179858096738, 0.16721661400855226, 0.12682668819165083, 0.5606148992188297], [0.5628348546991536, 0.16428547879418257, 0.13719134449677584, 0.13568832200988806], [0.3371746926053786, 0.24565055859413654, 0.10519348055889233, 0.31198126824159245], [0.25149554580076156, 0.21084208516905448, 0.18998968309016634, 0.3476726859400177], [0.294513315588898, 0.26253800254814846, 0.1994497966181467, 0.24349888524480684], [0.21075350751340619, 0.5254907153842064, 0.11949715530647845, 0.14425862179590887], [0.34977662153732936, 0.21190171812989655, 0.18889345735465168, 0.2494282029781223], [0.47398229255046215, 0.1283182366633215, 0.14125500363015275, 0.2564444671560636], [0.38520269312085564, 0.2588065965232641, 0.15457104038960154, 0.2014196699662786], [0.23134102421573707, 0.1660131342329865, 0.13144151131664658, 0.4712043302346299], [0.18223785525366795, 0.6228254120672062, 0.06144568364509905, 0.13349104903402687], [0.21742761232503663, 0.12172503805838474, 0.4500915782769119, 0.21075577133966675], [0.5666118213001143, 0.1869311393855577, 0.10405091299144625, 0.14240612632288163], [0.23751154522409781, 0.16544719917894, 0.09516151268971271, 0.5018797429072496], [0.24549788030333167, 0.2510021405701137, 0.11923269556474952, 0.3842672835618053], [0.2234759688689549, 0.5589426487082007, 0.10554723313286282, 0.11203414928998175], [0.20862622346645374, 0.25863428377848147, 0.1935642049248597, 0.33917528783020495], [0.1902922367657074, 0.42198918974013805, 0.1704329823059662, 0.21728559118818835], [0.23501870949551087, 0.29750570973971224, 0.28593345693082456, 0.18154212383395227], [0.13243087975996576, 0.3440720230378614, 0.2633264841410953, 0.26017061306107764], [0.2534532720662411, 0.17980138951432925, 0.09286209859549609, 0.4738832398239336], [0.17133063837253357, 0.20313287750453302, 0.09509190186198319, 0.5304445822609501], [0.3720662250749539, 0.1723443316894889, 0.15721957783779886, 0.2983698653977585], [0.3730474875672442, 0.20270231940905717, 0.07235490249430099, 0.3518952905293976], [0.3547355709351032, 0.25890917734859215, 0.2365067844461807, 0.149848467270124], [0.40244476058720496, 0.21550877147948108, 0.09660326560663081, 0.28544320232668313], [0.3780243505529312, 0.3310408884632228, 0.1556127185654794, 0.13532204241836676], [0.19212096138629453, 0.3367550049994285, 0.2396010034128723, 0.23152303020140483], [0.08961924824917167, 0.21525526975110099, 0.5224903568352124, 0.1726351251645149], [0.3574888339960528, 0.21947932609737145, 0.11859390150797705, 0.30443793839859884], [0.44343878400807424, 0.2392953418525878, 0.1644416669803448, 0.15282420715899314], [0.47271592626843584, 0.10221120376540847, 0.059420757955636345, 0.36565211201051945], [0.19147665024538027, 0.31620752789306766, 0.1782558995113152, 0.31405992235023683], [0.2697957136189131, 0.2939968809842216, 0.25070919437642547, 0.18549821102043992], [0.3933498784042555, 0.1671340743459534, 0.07637673040336382, 0.3631393168464273], [0.22562118385682597, 0.43279137488038, 0.12151147993156765, 0.22007596133122645], [0.29004301662522003, 0.22270995782102046, 0.13460697160486937, 0.3526400539488901], [0.2211873674166253, 0.26447080902187636, 0.3151861218163165, 0.19915570174518196], [0.3033403863854158, 0.3127420682400097, 0.13386571109326376, 0.2500518342813109], [0.23616131837418827, 0.42350599926441174, 0.18225378897863817, 0.15807889338276174], [0.12382536793788723, 0.18038813890228944, 0.10998800081088754, 0.5857984923489359], [0.22524936369306875, 0.31356152483676575, 0.23335682541249983, 0.22783228605766562], [0.2368042396869954, 0.3640947393050801, 0.1883558235559995, 0.21074519745192502], [0.32890001653644435, 0.27966419102417994, 0.1395844545251436, 0.2518513379142322], [0.1462706633597606, 0.3047689273640681, 0.07253582780395908, 0.4764245814722121], [0.2397066487686718, 0.26098396245913946, 0.25952421503150114, 0.23978517374068778], [0.12192186674255527, 0.4376405913403849, 0.1846908138015098, 0.2557467281155501], [0.2505194037248433, 0.23075723908606013, 0.20962504424728381, 0.30909831294181284], [0.16446698150548825, 0.10371338591525482, 0.13819949952567684, 0.5936201330535801], [0.18769440722582556, 0.48508696272091034, 0.16866108558028958, 0.15855754447297474], [0.33763997044647315, 0.3918750223917634, 0.14066679079996353, 0.12981821636179994], [0.15292252280093238, 0.4264327766949936, 0.19518912215189377, 0.2254555783521802], [0.26784022086442244, 0.2852699490158332, 0.09816230150114923, 0.34872752861859513], [0.29344413580443207, 0.2146921307095234, 0.16577709978974395, 0.3260866336963005], [0.39628099199879463, 0.33353699660387454, 0.12278520158186847, 0.14739680981546244], [0.31110176307540277, 0.1722867430717235, 0.2644963252081273, 0.2521151686447466], [0.2166248660415834, 0.14427264273245255, 0.28832216983687037, 0.3507803213890937], [0.3877257784590255, 0.09354945722551644, 0.059331469458228314, 0.45939329485722985], [0.1883998250495341, 0.2797660997006429, 0.11856948140769337, 0.4132645938421297], [0.2005907244819812, 0.4238732364568857, 0.07201181637219271, 0.3035242226889404], [0.20995483552365096, 0.2811906095452502, 0.29091660687306564, 0.21793794805803315], [0.26612518820582654, 0.13345157415275072, 0.05713395811606154, 0.5432892795253611], [0.31604294081412, 0.20623181562774032, 0.13030789202107546, 0.34741735153706427], [0.1711204588220651, 0.38178110421291284, 0.11603545143993556, 0.3310629855250866], [0.21616136319028553, 0.18449154347540014, 0.16926219946419982, 0.43008489387011456], [0.13125029754396894, 0.21989921123894107, 0.47055448933351335, 0.17829600188357658], [0.18173496907850883, 0.19195154811828558, 0.10158692699727755, 0.5247265558059281], [0.25724082682809346, 0.2187492974494259, 0.11936349398546667, 0.404646381737014], [0.14813366094428973, 0.41648750409336643, 0.04923435197427435, 0.3861444829880695], [0.16210407099219476, 0.2745338487382663, 0.10090043060127712, 0.46246164966826175], [0.20795498041732388, 0.41166503896985124, 0.27537678312065245, 0.10500319749217248], [0.20557854874531636, 0.1867615928379017, 0.37419285762259097, 0.23346700079419094], [0.19541848519783364, 0.22439799143814235, 0.10834183796231613, 0.47184168540170796], [0.27222574498026686, 0.32016861670428093, 0.10994546295336902, 0.29766017536208306], [0.1295605039084631, 0.3374792350012637, 0.13237020281287684, 0.40059005827739647], [0.5324501427461912, 0.1458369916867219, 0.05252903883645509, 0.26918382673063174], [0.1150038107701222, 0.6971122850653287, 0.03731086429462438, 0.15057303986992468], [0.3110965717140209, 0.11013578445177612, 0.3131133121999125, 0.26565433163429064], [0.5989360318102838, 0.10914714718677895, 0.05229432352971891, 0.2396224974732185], [0.11194221618588372, 0.37316554119018897, 0.19236905231125667, 0.3225231903126706], [0.2376699765690434, 0.3994463244272129, 0.12574582423201366, 0.23713787477173], [0.2919539454390301, 0.35722844154643635, 0.06287569077458145, 0.2879419222399524], [0.25653043161001016, 0.3565272415539714, 0.10406196024209476, 0.28288036659392357], [0.31162024062664945, 0.17759108780214602, 0.052874634105311784, 0.45791403746589276], [0.2865868850820496, 0.32461953940236554, 0.18455076425671627, 0.20424281125886884], [0.35455191348065085, 0.3341081733526282, 0.16567232611474436, 0.1456675870519766], [0.2489739887425532, 0.18905632158439914, 0.05797522566320106, 0.5039944640098467], [0.12534503331062005, 0.22782150662179998, 0.39349515764543386, 0.25333830242214606], [0.20821925180736758, 0.5213668829460597, 0.08188555318143587, 0.18852831206513676], [0.24336360135073754, 0.2366577161449686, 0.36830937418465487, 0.15166930831963907], [0.2789232065693235, 0.32371125035783727, 0.21601026389582983, 0.18135527917700928], [0.3014809598588505, 0.32990917419428534, 0.10648786487002784, 0.2621220010768362], [0.40724385287769166, 0.2573013233383591, 0.1395092633363425, 0.1959455604476067], [0.18297315301553427, 0.2385385297195532, 0.11480187387025413, 0.4636864433946583], [0.4837068195203829, 0.18036868283060098, 0.10339147613067849, 0.2325330215183378], [0.22693870534549845, 0.42528370372448404, 0.19860932124662806, 0.1491682696833895], [0.11410629301352332, 0.5753158903352688, 0.17505465868751516, 0.1355231579636927], [0.22778893039809733, 0.14286128837258524, 0.09860998135704405, 0.5307397998722735], [0.33001736585917035, 0.14053973258867045, 0.04425708972194169, 0.48518581183021753], [0.2883598128321481, 0.46312294101914586, 0.09729508672027004, 0.15122215942843606], [0.194580919731807, 0.3446656650713943, 0.16176630995313193, 0.2989871052436667], [0.20419187762633703, 0.2928885611755669, 0.12590167913605033, 0.37701788206204595], [0.23648561370705565, 0.4941355926710077, 0.14332925041139508, 0.12604954321054154], [0.13238457544688303, 0.3486040463385673, 0.18969544036979044, 0.3293159378447594], [0.1574925082201177, 0.1211286752293183, 0.07235891741680203, 0.6490198991337619], [0.09523744833104933, 0.11084254808725219, 0.06322710350748446, 0.7306929000742141], [0.25407194923742776, 0.4261103116357548, 0.12178364152564206, 0.19803409760117538], [0.14794881244850572, 0.19797983788667134, 0.27801227584070115, 0.376059073824122], [0.20910310000383067, 0.3024096958630228, 0.18689935880353256, 0.3015878453296139], [0.12321660553081297, 0.18369845594907777, 0.24217118856010925, 0.4509137499600001]]}}