{"test": {"ids": ["100115700", "108115870", "98107010", "105118230", "105116501", "99114890", "101116130", "111119430", "101108121", "109118161", "112116290", "112116540", "108117360", "102118380", "108118810", "111117000", "99109740", "110118450", "108121160", "112117571", "102110050", "108116501", "113118111", "97112300", "112118890", "107113170", "99108890", "98110680", "111120320", "107119950", "105110091", "112117210", "112117461", "105112100", "104113210", "110115710", "111115910", "101119030", "111116530", "111120640", "111119300", "100113210", "105115570", "110115120", "103118110", "113117630", "112117431", "112116850", "110117200", "110117500", "104113170", "112119500", "105119550", "106114150", "104114410", "111119250", "113121750", "113117550", "105113480", "101109120", "108120621", "113120591", "106121220", "99112300", "101121640", "100111270", "100120780", "97118210", "101110740", "97105760", "109121410", "98117740", "102121440", "99109141", "99107560", "106116850", "101111210", "98116500", "105121190", "112117471", "113119320", "105113620", "97111790", "105117200", "107116300", "103111170", "102107961", "103110220", "99112641", "111121410", "110118630", "105113170", "101108580", "98107340", "105117431", "97112170", "108115250", "104119340", "111120280", "111121930", "111116990", "98108150", "110118930", "108118291", "98109570", "110119891", "113120601", "112116880", "110116170", "111115620", "99108580", "107120010", "109120560", "98111620", "102109840", "103113640", "105113440", "106113360", "107113130", "111117120", "100117420", "103113260", "104112470", "112118550", "106115250", "109114030", "97116401", "108120280", "104111711", "106113260", "104113000", "97106600", "105115720", "107120260", "107121640", "109119340", "107118120", "99108010", "112120670", "99107660", "106111321", "113118231"], "labels": [1, 3, 3, 1, 1, 2, 2, 3, 0, 0, 0, 1, 1, 1, 1, 0, 3, 0, 2, 3, 3, 0, 1, 2, 3, 0, 0, 2, 1, 3, 0, 1, 0, 1, 3, 2, 2, 3, 3, 0, 1, 0, 0, 0, 2, 0, 0, 0, 3, 1, 3, 2, 1, 1, 1, 1, 0, 3, 0, 1, 1, 0, 1, 0, 2, 2, 1, 2, 3, 0, 0, 2, 2, 3, 1, 3, 2, 2, 2, 3, 1, 0, 2, 3, 0, 2, 3, 2, 1, 0, 1, 0, 0, 0, 1, 0, 1, 1, 0, 1, 0, 0, 1, 3, 1, 3, 2, 0, 0, 1, 0, 1, 1, 3, 2, 1, 0, 0, 1, 2, 2, 3, 1, 3, 2, 1, 3, 3, 1, 3, 1, 3, 1, 1, 1, 3, 3, 2, 2, 3, 0, 3], "predicted_labels": [3, 3, 1, 1, 3, 1, 3, 3, 0, 1, 1, 1, 3, 1, 3, 1, 3, 1, 3, 3, 3, 3, 3, 3, 3, 3, 1, 1, 3, 3, 3, 1, 3, 3, 3, 1, 3, 3, 3, 3, 1, 3, 1, 3, 3, 3, 1, 3, 1, 1, 1, 1, 1, 3, 1, 3, 1, 3, 1, 3, 3, 3, 3, 3, 3, 1, 0, 3, 1, 0, 1, 1, 0, 1, 1, 2, 3, 3, 1, 1, 1, 1, 3, 3, 1, 0, 3, 1, 0, 1, 3, 3, 0, 2, 1, 3, 3, 1, 3, 3, 0, 1, 1, 0, 3, 1, 1, 1, 3, 3, 1, 3, 3, 2, 1, 0, 1, 3, 3, 1, 3, 1, 1, 3, 1, 0, 1, 0, 1, 1, 3, 3, 1, 3, 3, 3, 1, 1, 3, 0, 3, 1], "confidence_scores": [[0.24115140428929124, 0.1449510856501047, 0.13234396402867116, 0.481553546031933], [0.2577424953805422, 0.053112154828984015, 0.08559189665912809, 0.6035534531313458], [0.09737395486421319, 0.2715695729787853, 0.4089092671603408, 0.22214720499666074], [0.02939802604323034, 0.5728171482821615, 0.2628004825953461, 0.1349843430792621], [0.29121844826108817, 0.2965398392203946, 0.06266202846654977, 0.34957968405196777], [0.01917465823952988, 0.5736986186297721, 0.12994190843824807, 0.27718481469245], [0.08790612292369909, 0.2161930066587569, 0.32403640618397656, 0.3718644642335676], [0.06140827278635864, 0.13459079236726107, 0.06298112185284448, 0.7410198129935357], [0.5689148235529357, 0.1058457891151518, 0.04252591712951378, 0.2827134702023988], [0.09657328026733114, 0.7646489958531814, 0.024937451523968802, 0.11384027235551855], [0.035037702735760894, 0.5191668933940161, 0.2073135814187328, 0.2384818224514903], [0.07868835622899967, 0.5657483755431186, 0.09395354983440155, 0.2616097183934798], [0.1932669070057841, 0.31525789252986886, 0.13702823355555238, 0.3544469669087945], [0.09111269331118599, 0.16976284854054421, 0.5235222107455537, 0.2156022474027162], [0.05719353053129132, 0.3948486950064519, 0.04099226625118529, 0.5069655082110714], [0.08996175850591562, 0.5843430211526652, 0.06381540034514066, 0.26187981999627885], [0.08558336052360153, 0.17728413935021733, 0.34482841490371263, 0.39230408522246835], [0.10537582637613266, 0.5742656586278518, 0.16383315897803596, 0.15652535601797948], [0.07704253388191386, 0.13485140121527806, 0.028244414308053235, 0.7598616505947551], [0.09248811525185041, 0.2822440931445183, 0.07195922833591333, 0.5533085632677178], [0.07159677321117316, 0.14627737137147262, 0.4072763858351117, 0.3748494695822427], [0.20159643926370355, 0.25750193879673516, 0.054707822086144345, 0.48619379985341715], [0.13576680765242996, 0.19202937869911488, 0.08081810838324557, 0.5913857052652096], [0.3313326932592137, 0.14169305037822194, 0.170100889989119, 0.3568733663734452], [0.12407902496310172, 0.21024591546136445, 0.1842777921488068, 0.481397267426727], [0.2702199085560399, 0.09800843743309372, 0.07462486995668796, 0.557146784054179], [0.10019162700452121, 0.7498576777280984, 0.11459150025234942, 0.0353591950150306], [0.12247229177573998, 0.5620406010929635, 0.22699713389473467, 0.08848997323656173], [0.11625793293697233, 0.20021802452493934, 0.1141186126209902, 0.5694054299170983], [0.3003190108055309, 0.28530858559362793, 0.0251418783235811, 0.38923052527726], [0.46051281709070696, 0.1296926249744204, 0.025752627115768197, 0.38404193081910415], [0.02019413968504099, 0.5278194672613958, 0.1822295214749364, 0.26975687157862677], [0.1564796131745181, 0.19716453546797238, 0.020396288181110007, 0.6259595631763994], [0.12529964873442048, 0.03360112340591632, 0.03994320343432976, 0.8011560244253335], [0.323363545422897, 0.12164577830366553, 0.08308388977734021, 0.4719067864960972], [0.2956271641422817, 0.37962481563475026, 0.07317192860045274, 0.2515760916225151], [0.04757176108845402, 0.43695126376822635, 0.045058613708336616, 0.4704183614349831], [0.09394141531317464, 0.17988365148035523, 0.16020245483392223, 0.5659724783725482], [0.053712535961561024, 0.4564796777869653, 0.05734277927413422, 0.43246500697733953], [0.17210530371079655, 0.24312370679510298, 0.09066397983289295, 0.4941070096612079], [0.03051356234353785, 0.7442763444538816, 0.08482910928492977, 0.14038098391765091], [0.14661363649474796, 0.19571759510387285, 0.08887667953899639, 0.5687920888623827], [0.0360147781608739, 0.3592230075496557, 0.34247197420757314, 0.26229024008189694], [0.07574334653826273, 0.21154281286254875, 0.15071814444598336, 0.5619956961532049], [0.10087427444423314, 0.12963049682344885, 0.45984595527999456, 0.30964927345232357], [0.22401477971104944, 0.11909618087074535, 0.24739048052398888, 0.40949855889421616], [0.300017673229482, 0.37951626468606176, 0.018240626582850614, 0.30222543550160574], [0.08831540792042851, 0.17833238738412766, 0.06818038829598637, 0.6651718163994575], [0.4304600966079464, 0.26736833573662394, 0.07315822549292153, 0.2290133421625081], [0.24929192282859688, 0.4885741176536909, 0.0250693899417289, 0.23706456957598313], [0.10780240945601834, 0.5614230646657246, 0.06195733058206616, 0.26881719529619075], [0.04296040508524965, 0.37348071348343576, 0.5359327814523087, 0.047626099979006346], [0.07303029729959286, 0.7222031587418074, 0.11812363380879654, 0.08664291014980315], [0.40666007500945794, 0.2279294646363165, 0.03808817273839123, 0.3273222876158343], [0.09803190574033868, 0.3705722467464108, 0.38412475957602, 0.14727108793723076], [0.10467160071007, 0.09733553552624148, 0.0999370146136264, 0.6980558491500621], [0.2825547547180374, 0.5012047513678638, 0.05161106577443595, 0.16462942813966286], [0.1186536600612139, 0.13056797568851183, 0.07412370962624903, 0.6766546546240252], [0.11186461595381779, 0.5046813206001226, 0.138221928031157, 0.2452321354149024], [0.28981405874692157, 0.13354688583053081, 0.0587940440673012, 0.5178450113552464], [0.3415932855166005, 0.1865288479278315, 0.09550010944044553, 0.37637775711512256], [0.12263817259128165, 0.10059995750802969, 0.267903074968979, 0.5088587949317095], [0.02317719280578271, 0.24430053233664367, 0.08037778471889193, 0.6521444901386817], [0.26054363251604007, 0.06343775969291925, 0.2077712655072766, 0.46824734228376425], [0.05521817601268991, 0.20312080927688825, 0.12319654137538821, 0.618464473335034], [0.048055766813769295, 0.27977846006775736, 0.41446113394234085, 0.2577046391761326], [0.4293725068666673, 0.2784973660006639, 0.05894178865601023, 0.23318833847665868], [0.319619954709304, 0.09444914547970244, 0.341107455404206, 0.24482344440678758], [0.07450350682747399, 0.6061997279875424, 0.11696497023770253, 0.202331794947281], [0.6001200542366096, 0.0762105795828173, 0.008359077365498818, 0.3153102888150742], [0.06995137880977523, 0.5062030484618025, 0.07474457289019305, 0.34910099983822923], [0.04343380682888319, 0.7006966467694167, 0.10777617812333541, 0.1480933682783646], [0.5061250160035677, 0.12312321605804963, 0.18132034460883045, 0.1894314233295521], [0.47933611648738106, 0.3650431441031376, 0.00839816923903024, 0.14722257017045134], [0.09112787367962212, 0.8261862576950916, 0.0568713838357288, 0.025814484789557394], [0.08973806983365924, 0.09692751939886525, 0.7127383324956096, 0.10059607827186569], [0.06689803075726672, 0.2330451648871027, 0.06675072661953929, 0.6333060777360915], [0.12755840076197233, 0.049450546561007676, 0.0768943282385603, 0.7460967244384598], [0.03552655753360549, 0.4506175199156582, 0.34511269271965034, 0.16874322983108608], [0.11120492633771907, 0.6553863321510138, 0.12158478754508709, 0.11182395396618039], [0.12480272151764697, 0.5502951673298223, 0.06255843836700757, 0.2623436727855231], [0.053017342155588905, 0.5043811718542303, 0.29621673008387545, 0.1463847559063051], [0.35770199088297633, 0.13758013169168187, 0.30653356605669785, 0.1981843113686436], [0.05449566134347483, 0.4411578693952211, 0.08498278265979839, 0.4193636866015056], [0.08708413905809453, 0.8074647276066004, 0.02058808741518088, 0.08486304592012392], [0.6166185567967644, 0.13281657654731296, 0.01814680919775451, 0.23241805745816807], [0.22358106557678725, 0.02334291589457387, 0.018025228063534515, 0.735050790465104], [0.02936089401803746, 0.6362629166470416, 0.19645924053367472, 0.13791694880124614], [0.5020760225159332, 0.2855583268953762, 0.038743428438802, 0.1736222221498884], [0.14325991549538133, 0.5429085476407437, 0.03446759551173926, 0.2793639413521356], [0.036316241305111456, 0.22469087895547402, 0.27968963813547565, 0.4593032416039389], [0.052917682310799595, 0.16177729926441783, 0.1451493817889114, 0.6401556366358713], [0.9565784925475803, 0.0012946144398086916, 0.006194565431476146, 0.03593232758113483], [0.05427288751346755, 0.11780143493014003, 0.7243635248077478, 0.10356215274864504], [0.08297611164239496, 0.3699359271809328, 0.3355732212870306, 0.2115147398896417], [0.21328047858212304, 0.2196475264960636, 0.0483914410186861, 0.5186805539031272], [0.023280409384490542, 0.04391014437152663, 0.04623407288443066, 0.8865753733595523], [0.019107457140168968, 0.690944183665093, 0.09984627468788296, 0.1901020845068548], [0.2597149462867722, 0.07556029432609694, 0.04032648584361618, 0.6243982735435146], [0.0847370848754364, 0.13551496062122562, 0.45162317347543, 0.32812478102790743], [0.6335336349554056, 0.01758803241000071, 0.020499175554191312, 0.32837915708040294], [0.10305135026302795, 0.19822087747016193, 0.5033027870803096, 0.19542498518650064], [0.014872828881829413, 0.6377201003603783, 0.1780779977394009, 0.16932907301839145], [0.6516013381841882, 0.1213172617897643, 0.003219068449340719, 0.22386233157670662], [0.35393041453435276, 0.2702012533682858, 0.046140976656275555, 0.3297273554410858], [0.1739859475723886, 0.6723541247417973, 0.028822332334951583, 0.12483759535086213], [0.03169962775818312, 0.4348533920687356, 0.32231940411928006, 0.21112757605380125], [0.03333980024336973, 0.5397058858099425, 0.2669862967541164, 0.15996801719257167], [0.35780499975522395, 0.26133969825909603, 0.05995707613597236, 0.3208982258497075], [0.13365790976875566, 0.028156501776552906, 0.05872811364606411, 0.7794574748086273], [0.37233262328246547, 0.2998626917967658, 0.12637248925770847, 0.20143219566306017], [0.042840824252889924, 0.06675304732007667, 0.15093138748467744, 0.7394747409423559], [0.18054942060792564, 0.09340187531631794, 0.08193543849251224, 0.644113265583244], [0.00777135502919088, 0.15267775346973875, 0.7566221963967874, 0.08292869510428302], [0.13026593963342392, 0.3589651513860252, 0.3601388895557065, 0.15063001942484436], [0.8917084471469137, 0.022685561834768126, 0.0017939226299646194, 0.08381206838835391], [0.12973297925354413, 0.54725154356067, 0.14087861874501578, 0.18213685844076993], [0.12142944565462807, 0.20130622913381582, 0.025718621168815268, 0.6515457040427407], [0.04887540983466718, 0.30917776323875445, 0.3275476732704911, 0.31439915365608734], [0.07124138668462088, 0.5976556272907155, 0.06882307798293918, 0.2622799080417244], [0.09480987371707827, 0.15534019677685906, 0.14673926024233927, 0.6031106692637234], [0.14534928741159384, 0.3747386677810263, 0.21014049731261658, 0.26977154749476295], [0.19209928249873007, 0.5932824525838312, 0.0958500307371335, 0.11876823418030504], [0.3085850639281543, 0.24475559078016307, 0.044769490388043974, 0.4018898549036387], [0.15015037866700381, 0.4254153362688203, 0.19645461779854168, 0.227979667265634], [0.6206980046531007, 0.0656298721153381, 0.04455753171843998, 0.2691145915131212], [0.3386043239404392, 0.24709466017106196, 0.218454047337647, 0.19584696855085176], [0.5835841115575335, 0.03415650153660853, 0.03007430809149253, 0.35218507881436545], [0.1931761061879751, 0.4630052275833704, 0.1316477379328203, 0.2121709282958343], [0.12474564431980675, 0.6240905979823915, 0.10005977748525555, 0.1511039802125459], [0.2542422378565382, 0.09758848556692998, 0.05447591620645452, 0.5936933603700771], [0.2243597931740473, 0.2994233669421949, 0.042413966080510256, 0.43380287380324783], [0.12940130027090108, 0.6209433243859755, 0.12028930559771382, 0.1293660697454094], [0.1734742730048384, 0.2650988664097426, 0.06942648550360643, 0.49200037508181277], [0.05319272974316745, 0.2097663965097021, 0.41065440379392565, 0.3263864699532045], [0.18494559918759154, 0.11591854660438769, 0.04172277048909088, 0.6574130837189299], [0.2348821506390024, 0.39876049242045775, 0.02093509014696389, 0.345422266793576], [0.09312717988227726, 0.7337887132369225, 0.12623060067363073, 0.04685350620716959], [0.0647292983769551, 0.3251296680757356, 0.10175951323261119, 0.5083815203146979], [0.6051730219285621, 0.052880824926259395, 0.024921155335875658, 0.31702499780930304], [0.16052935964493187, 0.3390917699315189, 0.04969365739448132, 0.4506852130290681], [0.07582478752991795, 0.42573716671088385, 0.16172385442682066, 0.33671419133237745]]}, "rewritten": {"ids": ["97105760", "97106600", "97111790", "97112170", "97112300", "97116401", "97118210", "98107010", "98107340", "98108150", "98109570", "98110680", "98111620", "98116500", "98117740", "99107560", "99107660", "99108010", "99108580", "99108890", "99109141", "99109740", "99112300", "99112641", "99114890", "100111270", "100113210", "100115700", "100117420", "100120780", "101108121", "101108580", "101109120", "101110740", "101111210", "101116130", "101119030", "101121640", "102107961", "102109840", "102110050", "102118380", "102121440", "103110220", "103111170", "103113260", "103113640", "103118110", "104111711", "104112470", "104113000", "104113170", "104113210", "104114410", "104119340", "105110091", "105112100", "105113170", "105113440", "105113480", "105113620", "105115570", "105115720", "105116501", "105117200", "105117431", "105118230", "105119550", "105121190", "106111321", "106113260", "106113360", "106114150", "106115250", "106116850", "106121220", "107113130", "107113170", "107116300", "107118120", "107119950", "107120010", "107120260", "107121640", "108115250", "108115870", "108116501", "108117360", "108118291", "108118810", "108120280", "108120621", "108121160", "109114030", "109118161", "109119340", "109120560", "109121410", "110115120", "110115710", "110116170", "110117200", "110117500", "110118450", "110118630", "110118930", "110119891", "111115620", "111115910", "111116530", "111116990", "111117000", "111117120", "111119250", "111119300", "111119430", "111120280", "111120320", "111120640", "111121410", "111121930", "112116290", "112116540", "112116850", "112116880", "112117210", "112117431", "112117461", "112117471", "112117571", "112118550", "112118890", "112119500", "112120670", "113117550", "113117630", "113118111", "113118231", "113119320", "113120591", "113120601", "113121750"], "labels": [0, 3, 2, 0, 2, 3, 2, 3, 0, 0, 1, 2, 3, 2, 2, 1, 3, 2, 0, 0, 3, 3, 0, 1, 2, 2, 0, 1, 2, 1, 0, 0, 1, 3, 2, 2, 3, 2, 3, 2, 3, 1, 2, 2, 2, 3, 1, 2, 1, 1, 1, 3, 3, 1, 1, 0, 1, 0, 0, 0, 0, 0, 1, 1, 3, 1, 1, 1, 2, 0, 3, 0, 1, 2, 3, 1, 1, 0, 0, 3, 3, 1, 1, 1, 1, 3, 0, 1, 3, 1, 3, 1, 2, 1, 0, 3, 1, 0, 0, 2, 0, 3, 1, 0, 1, 1, 3, 1, 2, 3, 0, 0, 2, 1, 1, 3, 0, 1, 0, 0, 1, 0, 1, 0, 0, 1, 0, 0, 3, 3, 3, 3, 2, 2, 3, 0, 1, 3, 1, 0, 2, 0], "predicted_labels": [1, 3, 0, 1, 3, 1, 0, 3, 1, 1, 3, 1, 1, 3, 1, 1, 0, 1, 1, 1, 0, 3, 3, 1, 1, 3, 3, 3, 3, 0, 3, 0, 0, 1, 3, 3, 3, 3, 3, 1, 1, 2, 3, 1, 1, 1, 0, 2, 3, 1, 3, 1, 1, 1, 1, 0, 3, 3, 1, 1, 1, 1, 1, 1, 1, 3, 1, 1, 1, 1, 1, 1, 3, 1, 2, 1, 3, 3, 1, 3, 3, 3, 3, 3, 3, 3, 1, 1, 1, 3, 0, 0, 3, 1, 1, 3, 3, 3, 1, 1, 1, 1, 1, 1, 3, 1, 1, 3, 3, 3, 3, 1, 1, 3, 1, 3, 3, 3, 3, 3, 3, 1, 1, 3, 1, 1, 1, 3, 1, 3, 1, 3, 1, 3, 3, 3, 3, 3, 1, 3, 1, 1], "confidence_scores": [[0.3352173190298628, 0.3687353368528684, 0.025965753713391753, 0.2700815904038771], [0.33552729267846754, 0.21504787302560974, 0.048560332661911426, 0.40086450163401144], [0.48583069088008385, 0.13579654077110484, 0.17685868827326448, 0.20151408007554736], [0.12019635107722629, 0.5583382016598467, 0.07069733493228406, 0.25076811233064294], [0.18185895635765978, 0.13957648262581202, 0.1751747998993779, 0.5033897611171501], [0.10324012564223137, 0.5351578972356357, 0.18722830199494486, 0.17437367512718846], [0.37478113943470853, 0.07767482953844401, 0.32138954460550984, 0.22615448642133756], [0.14834173407066484, 0.2578629048598906, 0.304997215296158, 0.28879814577328666], [0.06689225340655913, 0.2620534294139181, 0.5754095660559906, 0.09564475112353223], [0.17942705623128122, 0.2118896744082879, 0.3904724959541913, 0.2182107734062394], [0.28620754243713054, 0.15207215480066902, 0.0405284794962427, 0.521191823265958], [0.13115891191457116, 0.5674349481836845, 0.23117803517146412, 0.07022810473028028], [0.019069644039586997, 0.32010779604706024, 0.5255633413647451, 0.13525921854860745], [0.0924948132671128, 0.1137842853678756, 0.1714045777182666, 0.6223163236467449], [0.05917916745420217, 0.6110884092379643, 0.1393672836147776, 0.19036513969305596], [0.13562863636899478, 0.779820657980959, 0.05947403366978481, 0.025076671980261596], [0.7563250374806153, 0.025766510528872907, 0.0053324005944060905, 0.21257605139610597], [0.04041698415845029, 0.787810453075632, 0.14339902861950352, 0.02837353414641466], [0.431549987795104, 0.28837639278416066, 0.10924922774729452, 0.17082439167344096], [0.03862847864248952, 0.5345544272047472, 0.4052087062604359, 0.021608387892327423], [0.5676831856387841, 0.2704358530698465, 0.008925363235120231, 0.1529555980562493], [0.15015639928350363, 0.23768035394767492, 0.26956265821724673, 0.3426005885515751], [0.2291073519149161, 0.10366548070706756, 0.21120290264652247, 0.45602426473149393], [0.4188620146671667, 0.3146136216108736, 0.09558748137988286, 0.1709368823420769], [0.023450825695280102, 0.511180828164365, 0.17986399183886717, 0.2855043543014878], [0.07688818862279802, 0.2180002579317156, 0.46553588340638835, 0.2395756700390981], [0.11543142581089069, 0.21345374315770016, 0.12368612688106644, 0.5474287041503428], [0.40706136145138594, 0.12276938453025128, 0.21132650968050254, 0.25884274433786003], [0.09539513069362943, 0.2553933094045011, 0.09179258993602643, 0.5574189699658432], [0.48983900949699216, 0.16719196116535406, 0.029470915466538718, 0.3134981138711154], [0.2893582991454398, 0.19969717700753267, 0.05673269489588798, 0.45421182895113954], [0.8438699007902719, 0.003133293366602225, 0.019698200252329913, 0.13329860559079618], [0.44739846291428775, 0.2585862633556587, 0.027261043420398045, 0.2667542303096556], [0.06543087947112348, 0.5497233756607318, 0.1380701178766013, 0.24677562699154307], [0.0525858453935979, 0.13892805449606385, 0.06282599291946912, 0.7456601071908691], [0.13874511879713924, 0.2459284994067879, 0.2958074931521765, 0.3195188886438965], [0.1427159559912525, 0.09824689815910624, 0.215322215082493, 0.5437149307671485], [0.06171593373716754, 0.32047343185090316, 0.09912076299170297, 0.518689871420226], [0.2909260891553279, 0.10829067424492854, 0.062254770407380096, 0.5385284661923634], [0.09392342410770804, 0.3166831046515176, 0.33106120748366685, 0.2583322637571074], [0.08602268664901412, 0.22368882154154984, 0.4936618285695915, 0.19662666323984476], [0.16391971351506962, 0.15476816001620708, 0.5110386787431829, 0.17027344772554057], [0.37340404167412705, 0.11498921186413422, 0.203656712383203, 0.30795003407853605], [0.10413674545961345, 0.3815704092264801, 0.3054664280861427, 0.20882641722776385], [0.433192949059689, 0.29574495730367234, 0.01681596497022229, 0.2542461286664162], [0.04092626092973031, 0.49587507386601576, 0.22434898905789655, 0.23884967614635755], [0.836554823330908, 0.06403229055336625, 0.005502727879718812, 0.09391015823600692], [0.048074292073381444, 0.07137280028723605, 0.715845254327235, 0.16470765331214743], [0.25989678870338123, 0.3425788716844851, 0.02445353837176063, 0.3730708012403731], [0.37426928339582105, 0.45615003586427244, 0.052631172755654515, 0.11694950798425198], [0.20421168719811572, 0.11158099282806536, 0.06692700505782039, 0.6172803149159986], [0.1383717541140168, 0.6111688521076237, 0.11229463706133336, 0.13816475671702572], [0.09350416391391579, 0.39439435175386994, 0.3732414399083935, 0.13886004442382094], [0.12178852693939506, 0.3181392311461131, 0.3955146855841718, 0.16455755633032015], [0.014920987965494764, 0.4402321052881891, 0.377160048103383, 0.1676868586429331], [0.7587796598448765, 0.05967199074539232, 0.040636982972962116, 0.1409113664367692], [0.28746350787126396, 0.02921369053915711, 0.03045948927956505, 0.6528633123100138], [0.025286904529248224, 0.15425269560477947, 0.4968810101733938, 0.32357938969257877], [0.043753763190148905, 0.7705389720238984, 0.05425889932141937, 0.13144836546453356], [0.1779715925723446, 0.635863423295137, 0.08434267644139284, 0.10182230769112599], [0.10834501139826445, 0.4188387453116726, 0.32649492375801975, 0.14632131953204333], [0.028717303869572528, 0.3709297265767962, 0.294149170486126, 0.3062037990675054], [0.08751420687462041, 0.5561203000178, 0.16363284135860207, 0.19273265174897772], [0.1957290706308795, 0.4276957139377321, 0.039293277405512944, 0.3372819380258752], [0.21601923456515834, 0.4029344846331638, 0.06220774992465476, 0.31883853087702335], [0.2130939451121332, 0.15726116394066209, 0.3650711967773649, 0.26457369416983983], [0.047909306698384425, 0.47930106749218543, 0.362202126358566, 0.11058749945086395], [0.07899173820713208, 0.7643928144477216, 0.08782155761122493, 0.06879388973392166], [0.04666900923086366, 0.547887511875494, 0.29980517584996036, 0.10563830304368234], [0.2007466009770068, 0.5710332859228264, 0.046160789208770404, 0.18205932389139604], [0.08653918671126293, 0.6343465085077276, 0.12744624651278647, 0.1516680582682231], [0.14469099039839425, 0.4613085924680233, 0.1371947653172951, 0.2568056518162874], [0.15762015868382373, 0.30548927404356535, 0.22089707500312616, 0.3159934922694849], [0.1998658370202767, 0.5069381048326168, 0.123212587490266, 0.1699834706568403], [0.04060269370617222, 0.06292378353329013, 0.7798231005756614, 0.11665042218487627], [0.03857585472201552, 0.4180260971336369, 0.23299721439460955, 0.3104008337497381], [0.0768691441961468, 0.13955168696735143, 0.5307300970478562, 0.2528490717886453], [0.19779518411420016, 0.12865993176794827, 0.056217185167078486, 0.6173276989507727], [0.23374604403315066, 0.6628939652756687, 0.01357927841970468, 0.08978071227147584], [0.2283442989042195, 0.23686070012761942, 0.049485107483206524, 0.4853098934849545], [0.31069317190171597, 0.3279927292251395, 0.025775302912983012, 0.3355387959601618], [0.15762574938294277, 0.2726081251735547, 0.1766830077634551, 0.39308311768004717], [0.33268867942250885, 0.12386480362605583, 0.05089648702020076, 0.4925500299312344], [0.145674137415334, 0.2012389364217474, 0.38208598443757746, 0.2710009417253413], [0.03399872283772247, 0.020602911813204915, 0.04841766125277568, 0.8969807040962968], [0.2886104404802886, 0.05850857842403522, 0.08611640869573638, 0.5667645723999395], [0.125397342190378, 0.4743389778066119, 0.16032990287554594, 0.23993377712746425], [0.3014019339507792, 0.36127293681981704, 0.1636504625395305, 0.17367466668987314], [0.5176756838975137, 0.33809093689029973, 0.003999247126976799, 0.14023413208520985], [0.14034091227146359, 0.25304431466297095, 0.09580919568402127, 0.5108055773815445], [0.5839213311684859, 0.04258810640587831, 0.023201645998046194, 0.3502889164275895], [0.5355396358792567, 0.0923959253566012, 0.05033290686371456, 0.3217315319004281], [0.11283051860974838, 0.2751272238169181, 0.06546958513357791, 0.5465726724397556], [0.1994031938598678, 0.2238452399648346, 0.33253746478189133, 0.24421410139340619], [0.3670969006028261, 0.4826913192716949, 0.025993986735768377, 0.12421779338971076], [0.16591507678409442, 0.1572299441858093, 0.1079525221618405, 0.5689024568682557], [0.29122116075984017, 0.022320142784563388, 0.08681646209110083, 0.5996422343644955], [0.12246213108877922, 0.3927550921919268, 0.13247688647371728, 0.3523058902455765], [0.12329841442155362, 0.46491986705174, 0.12849943171381092, 0.28328228681289525], [0.28305086919886224, 0.3827459292262119, 0.07735986917372012, 0.25684333240120577], [0.18845467993639972, 0.4368388890277558, 0.07403790993683089, 0.3006685210990136], [0.15577447827244714, 0.47761340599731666, 0.06949124971690104, 0.2971208660133349], [0.1563755259390994, 0.541836670248549, 0.026501967912495924, 0.27528583589985595], [0.07968011846278582, 0.3733602273732538, 0.37245003540757116, 0.1745096187563893], [0.04850956032475346, 0.30035286805711786, 0.16721360940512495, 0.48392396221300377], [0.023597745817420076, 0.6081763193797657, 0.1492802463984631, 0.21894568840435122], [0.11303198018997505, 0.7542712297453834, 0.02362238852448893, 0.10907440154015259], [0.1374476610148567, 0.031946911908458976, 0.08641663563183001, 0.7441887914448543], [0.06349826476704212, 0.43232692991892674, 0.02854402508772989, 0.4756307802263008], [0.07722494409941282, 0.4063474182814055, 0.07270569445811144, 0.44372194316107016], [0.17378603475521048, 0.1535831428260523, 0.1344923006591692, 0.538138521759568], [0.08143821794560555, 0.49021157068802973, 0.07546223779854863, 0.35288797356781587], [0.04815807510136985, 0.6017541151501276, 0.10865701583553841, 0.24143079391296415], [0.20918823564084968, 0.10240649663999969, 0.15137862802677238, 0.5370266396923783], [0.030919601988372777, 0.7371893116104711, 0.06308385265625303, 0.16880723374490322], [0.05159199236504117, 0.17878418656646874, 0.049754376310734164, 0.7198694447577555], [0.21146341530528195, 0.09964413532838291, 0.03990081371466843, 0.6489916356516667], [0.1105277521883655, 0.26136007341768625, 0.09498810678092111, 0.5331240676130272], [0.16059563752990025, 0.23459310542618972, 0.1876639491651278, 0.4171473078787823], [0.11299957897698343, 0.43311130207767906, 0.06513412665479679, 0.3887549922905406], [0.12037581447646596, 0.2274923139124271, 0.36400016724433265, 0.2881317043667743], [0.06981158333906637, 0.5059607838378112, 0.19517698373296166, 0.22905064909016076], [0.024063290059643236, 0.7801756326747264, 0.08890212074594786, 0.10685895651968227], [0.1744428063966944, 0.13478901315137176, 0.056579904095643604, 0.6341882763562904], [0.034614769592369914, 0.5738929148929384, 0.22411377101660018, 0.16737854449809147], [0.03296918123001159, 0.5661040030782045, 0.19700967352506393, 0.2039171421667196], [0.1118838064055799, 0.6301091586553204, 0.0409614716901433, 0.2170455632489565], [0.25576233579081, 0.16738406020740967, 0.024098704282888364, 0.5527548997188922], [0.25223085140226786, 0.6167589108463278, 0.023683019561217905, 0.10732721819018633], [0.08834251707735126, 0.3968435156728425, 0.04804739317545276, 0.4667665740743535], [0.38868776935513477, 0.29999303297143287, 0.08435744946547062, 0.2269617482079621], [0.18051732471895968, 0.17855380009257524, 0.22443348421761544, 0.41649539097084964], [0.04381067533716709, 0.24899155724919975, 0.6473172729052573, 0.05988049450837627], [0.05546401838516309, 0.29664219182484286, 0.14743533622992477, 0.5004584535600688], [0.06672866111363367, 0.11370684470133789, 0.0751672046522821, 0.7443972895327464], [0.2674994424775516, 0.10806806908976192, 0.22596111019229267, 0.3984713782403937], [0.12254682100495691, 0.2587477382904469, 0.08611491346623258, 0.5325905272383635], [0.07792354422366149, 0.2851366757887446, 0.34916362282961727, 0.2877761571579766], [0.14655036243337566, 0.4808894490269722, 0.11654673494336218, 0.2560134535962901], [0.13011836189517106, 0.10793471235498087, 0.25681705500314966, 0.5051298707466984], [0.05212908243346051, 0.47247651916371125, 0.12874734737724644, 0.3466470510255817], [0.20605519138077089, 0.6220251851325458, 0.02098509821223473, 0.15093452527444873]]}}