{"test": {"ids": ["111119930", "106114011", "104111880", "100112060", "97110950", "105113440", "107113260", "109120150", "112118701", "109120540", "108121351", "105113260", "101114020", "111116411", "107112850", "113121980", "104114740", "113122160", "113118690", "100110050", "100108990", "111114121", "106121190", "112116850", "105112100", "102107961", "100108580", "108113620", "98108370", "110118181", "98108150", "97107920", "101119591", "107114950", "111116290", "106118820", "109118701", "111121410", "108118301", "97112290", "113121190", "107118490", "113120780", "97107260", "104112201", "107118120", "112116880", "102117351", "109117600", "99114890", "108115570", "103109791", "100115700", "112120290", "105116650", "112118161", "97109080", "100120780", "101110150", "99121440", "97105760", "104118070", "111119340", "99111620", "107120010", "100111380", "107113360", "99111340", "108119330", "112121410", "111114941", "113122180", "103111620", "105111990", "110114950", "109113591", "101112160", "102116500", "99108890", "111120260", "108115500", "108113480", "107121640", "111116640", "102112170", "108121190", "97108520", "110117500", "98111231", "97105451", "106121220", "101119030", "113120070", "112118511", "107116340", "105113210", "113118870", "110119891", "101112201", "105113620", "97107681", "97106591", "112120670", "110115250", "98113881", "103113170", "103109021", "112119120", "113120591", "101111310", "108118810", "97109570", "110117140", "102110890", "112118550", "110120531", "112116990", "99119830", "108113700", "110117110", "112118820", "108121160", "107113170", "109116750", "97107950", "100109330", "105118740", "108117610", "104111780", "113119320", "106115120", "104113240", "97106820", "112117780", "109117730", "104111990", "111115910", "102109010", "108114220", "106118520", "110121500", "98112300"], "labels": [1, 1, 3, 2, 3, 0, 0, 2, 0, 1, 3, 3, 3, 0, 1, 2, 2, 3, 3, 3, 2, 0, 2, 0, 1, 3, 0, 3, 1, 1, 0, 0, 0, 3, 2, 3, 3, 0, 1, 1, 1, 2, 0, 2, 0, 3, 0, 1, 1, 2, 3, 3, 1, 1, 1, 0, 2, 1, 1, 2, 0, 2, 3, 3, 1, 3, 0, 1, 0, 0, 0, 2, 0, 2, 0, 3, 3, 1, 0, 3, 3, 0, 1, 0, 3, 1, 2, 1, 1, 0, 1, 3, 2, 1, 3, 3, 0, 3, 0, 0, 3, 1, 2, 1, 3, 3, 0, 1, 0, 3, 1, 0, 3, 0, 3, 0, 0, 1, 0, 0, 0, 2, 0, 0, 2, 0, 1, 3, 3, 1, 1, 2, 1, 0, 3, 2, 2, 1, 3, 2, 3, 2], "predicted_labels": [3, 1, 3, 2, 0, 1, 1, 2, 3, 1, 3, 3, 1, 0, 1, 1, 2, 3, 1, 1, 1, 1, 3, 1, 3, 3, 0, 1, 3, 1, 2, 0, 1, 3, 3, 1, 1, 1, 3, 2, 3, 1, 3, 0, 0, 3, 1, 1, 0, 3, 1, 3, 3, 1, 2, 1, 1, 1, 1, 2, 3, 3, 3, 1, 3, 3, 0, 1, 1, 0, 1, 3, 3, 3, 1, 0, 1, 1, 1, 3, 1, 1, 1, 2, 0, 1, 0, 0, 0, 0, 3, 3, 1, 1, 3, 3, 1, 1, 0, 1, 1, 2, 1, 1, 1, 1, 0, 3, 0, 2, 1, 3, 3, 0, 3, 0, 3, 2, 1, 1, 0, 3, 3, 0, 2, 1, 2, 3, 1, 1, 0, 1, 3, 3, 0, 1, 1, 2, 1, 2, 0, 2], "confidence_scores": [[0.03860317250357966, 0.02249975503957676, 0.007288143839371649, 0.9316089286174719], [0.02745952162232967, 0.8680281892181042, 0.020572233321038823, 0.08394005583852747], [0.000313310280426158, 0.48348657293005926, 0.02019421365150754, 0.49600590313800713], [0.03975867380895071, 0.3372328807325487, 0.38094168130045925, 0.2420667641580414], [0.8715880277091014, 0.021322576710927882, 0.047436247716763316, 0.059653147863207474], [0.00465902432276017, 0.909261979375692, 0.0781223946283577, 0.007956601673190258], [0.013830331080241124, 0.6830693237058938, 0.0872372006078714, 0.21586314460599373], [0.04732537055435317, 0.022393778999143105, 0.9212322470874761, 0.009048603359027586], [0.018445488479400696, 0.06963841839060592, 0.0002582976599059109, 0.9116577954700875], [0.12414782818481278, 0.8332897158870349, 0.009599080839356608, 0.0329633750887958], [0.2723270013022672, 0.05739896898448936, 0.07996244823242431, 0.5903115814808191], [0.13705366008972525, 0.3747393840117658, 0.029978374024527247, 0.45822858187398163], [0.012032635152253151, 0.7451223866669882, 0.012701286755781985, 0.23014369142497682], [0.8323368151458372, 0.005535466295808688, 0.004747652189104394, 0.1573800663692497], [0.015634880207507227, 0.9782588809561037, 0.001998412272764216, 0.0041078265636247885], [0.12753834908397021, 0.757258315884737, 0.005377504942761478, 0.10982583008853129], [0.00413863164142562, 0.17258990189690013, 0.46541021733756993, 0.3578612491241044], [0.018347843366974016, 0.09392548588775355, 0.0006745283827324318, 0.88705214236254], [0.004863028019263519, 0.5681575350291407, 0.015213722086108647, 0.411765714865487], [0.009322005034668965, 0.8228388396256078, 0.13420132878860289, 0.03363782655112045], [0.19756205331112078, 0.511931884419604, 0.18931477527521207, 0.10119128699406316], [0.27951967241444753, 0.5805214177337922, 0.008531126508286095, 0.13142778334347424], [0.00041441226611734026, 0.22522629962459675, 0.36047394599015536, 0.41388534211913064], [0.0009021093837687355, 0.5078967346888086, 0.0006589446934722718, 0.4905422112339505], [0.23606212381933978, 0.004040331738622687, 0.0759325509065963, 0.6839649935354413], [0.022260979277607125, 0.010464319823258518, 0.0016056894619565977, 0.9656690114371776], [0.6425402298612749, 0.06491299419087776, 0.0981498095134192, 0.19439696643442803], [0.3727763710616954, 0.60174510750277, 0.0003835856653158994, 0.025094935770218808], [0.08823470983950676, 0.043717512479097095, 0.019345363648337884, 0.8487024140330582], [0.08471213995359861, 0.9031759486358812, 0.012057626429778156, 5.428498074220267e-05], [0.05354814597022018, 0.3951969610245643, 0.5429609555653058, 0.00829393743990971], [0.9303404815060546, 0.0016094095610145974, 0.03114896972407999, 0.03690113920885087], [0.38408983571761707, 0.4361780908333085, 0.009174621135291472, 0.17055745231378303], [0.3068501270127691, 0.15868035613830797, 0.2111032499413012, 0.32336626690762177], [0.01446908625049466, 0.3025716598187899, 0.22885722434293224, 0.45410202958778323], [0.0006928243144575099, 0.9915271871618132, 0.0012152167027590474, 0.006564771820970211], [0.2461563019522024, 0.700080142048038, 0.04898784945155524, 0.004775706548204362], [0.41153818155324523, 0.4215460913475125, 0.004487115084972278, 0.16242861201426995], [0.003596954260136772, 0.4010463967944271, 0.00896808949343427, 0.5863885594520017], [0.03209142946941796, 0.007316948086152521, 0.945219275823966, 0.015372346620463544], [0.20338787523210083, 0.12645076868934182, 0.020824071112089376, 0.649337284966468], [0.06839208935682371, 0.5364586430003724, 0.3946466795934045, 0.000502588049399382], [0.17436955184319905, 0.18145919390311474, 0.020021371470597783, 0.6241498827830884], [0.8353152228732805, 0.023829758106557488, 0.14012263174480816, 0.0007323872753538122], [0.5422700798881391, 0.33552450054376887, 0.03954737978368859, 0.08265803978440356], [0.07930634162850878, 0.11968101871227399, 0.000850260607207007, 0.8001623790520103], [0.0020895561286977432, 0.9974321149563335, 0.0003511042747767937, 0.00012722464019180964], [0.036130618405513466, 0.9541035198279766, 0.0007692762257392596, 0.008996585540770694], [0.5086794883028336, 0.059233454741244654, 0.41014491994133107, 0.021942137014590617], [0.0008560073544633159, 0.16197156764621207, 0.02983727014293545, 0.8073351548563892], [0.004776505363365854, 0.6327661203925808, 0.1639130392066837, 0.19854433503736948], [0.06732797090203697, 0.25820117539007437, 0.04993165974383265, 0.624539193964056], [0.20245266095921866, 0.11866200129079932, 0.15539634078420622, 0.5234889969657758], [0.0722781642343301, 0.8847610678885497, 0.004817894088871959, 0.038142873788248134], [0.009378656148159642, 0.3912475816378805, 0.5968672521463705, 0.0025065100675895516], [0.16930109263078919, 0.8074789022858113, 0.004582171161729476, 0.018637833921670035], [0.016982409830346403, 0.5148476474891858, 0.060752640951123024, 0.40741730172934476], [0.03856841763072091, 0.7689397471516791, 0.006113839597270805, 0.1863779956203291], [0.006716445055562037, 0.9673478767836362, 0.01769172364276526, 0.00824395451803668], [0.03470682998705395, 0.05750247658868168, 0.9068996492799088, 0.0008910441443556626], [0.4077789427968879, 0.023035543352898587, 0.0027886518972712027, 0.5663968619529424], [0.0009824978133085183, 0.0026441983238790294, 0.02873631576725735, 0.9676369880955551], [0.027448183854482215, 0.10936415420954265, 0.07832856921202118, 0.7848590927239539], [0.018010566570949536, 0.975913336942992, 0.004683903789285675, 0.0013921926967726446], [0.021595627636873845, 0.0006449136811763526, 0.05959762093696181, 0.918161837744988], [0.16452688736601395, 0.11286444511645041, 0.015484744339247621, 0.7071239231782881], [0.9226246480734004, 0.06487620608764325, 0.0043297553483189815, 0.008169390490637437], [0.00928484354823291, 0.39887594049268876, 0.29353059017993227, 0.29830862577914596], [0.07773598316244314, 0.47268432668204946, 0.045424350408182684, 0.40415533974732454], [0.477798534111087, 0.01637174107942969, 0.0414368780028351, 0.4643928468066481], [0.009291082201425853, 0.9490673662119374, 0.0005749298256738922, 0.04106662176096311], [0.0024859280450600734, 0.027681637612056033, 0.00805756706562997, 0.9617748672772539], [0.01437476001644639, 0.03595674189785916, 0.0031289358228645398, 0.9465395622628299], [0.04428530495450505, 0.05520013094103914, 0.01665856945566323, 0.8838559946487925], [0.22975646083451326, 0.5249150305167212, 0.010204302882915956, 0.23512420576584964], [0.8166242322311194, 0.09904932546087226, 0.0010001797171914411, 0.08332626259081696], [0.0016073359638245316, 0.9750287081937146, 0.017448410283484917, 0.005915545558975843], [0.05811526649171364, 0.5315862618072887, 0.026673661692943593, 0.38362481000805404], [0.009831484722852082, 0.97628939599197, 0.010830037156604466, 0.003049082128573578], [0.3702071648401396, 0.0820207364257845, 0.0017676102366354172, 0.5460044884974404], [0.35273075968763135, 0.4699295086882361, 0.02104494891484335, 0.15629478270928923], [0.0808319872582973, 0.7070267674544065, 0.005434097376805675, 0.20670714791049052], [0.007506746626512805, 0.9127346727022989, 0.05957964135818358, 0.020178939313004574], [0.3291388529613859, 0.14077541439135727, 0.4870909802966359, 0.04299475235062106], [0.9577718915767963, 0.00530468158911036, 0.02043150128188084, 0.016491925552212433], [0.0019605986546212474, 0.8373485732711843, 0.04246091129610933, 0.11822991677808514], [0.6347831757483021, 0.2586232739418114, 0.10290483826116445, 0.003688712048721915], [0.6603775742773725, 0.3134101038341821, 0.0004976155695139458, 0.025714706318931597], [0.6517956442407462, 0.039830918430942996, 0.23854418890186813, 0.06982924842644252], [0.5771252424665971, 0.07308834783782953, 0.007716526608058923, 0.3420698830875145], [0.00011393005170401893, 0.013374615807319605, 0.0027747862629105024, 0.9837366678780659], [0.019741992634439424, 0.03671037108814209, 0.10978867011928865, 0.8337589661581298], [0.00949574292022963, 0.9047189400770784, 0.06822131518175717, 0.017564001820934688], [0.19316904634869755, 0.4815174988047076, 0.28301747592000626, 0.042295978926588595], [0.062175103562681536, 0.12098997178442263, 0.030228684058111546, 0.7866062405947843], [0.145111592107483, 0.02856045332865419, 0.012880785402069593, 0.8134471691617933], [0.01250613248044215, 0.7865065314655295, 0.0013835323039803232, 0.19960380375004788], [0.03408569223355042, 0.9606897017287451, 0.0009306048734659665, 0.004294001164238397], [0.8282124626175257, 0.04194649285664069, 0.011944433232778839, 0.11789661129305502], [0.003134692468833303, 0.5427521889655796, 0.37275646930733225, 0.08135664925825488], [0.06290257290156963, 0.8164211745490018, 0.029283121521834894, 0.0913931310275937], [0.014908273057812647, 0.2231574477770773, 0.7445422620970549, 0.017392017068055175], [0.10706425289534814, 0.443871640172745, 0.1553771051069537, 0.2936870018249532], [0.02781752454593709, 0.6520096407297218, 0.020345632899923527, 0.2998272018244177], [0.0025733862505343316, 0.9750127953248933, 0.004927721162875667, 0.01748609726169662], [0.30941942814889756, 0.6588639044776715, 0.019214054069735628, 0.012502613303695368], [0.9741014928344325, 0.0016739603344959938, 0.015466059522863807, 0.008758487308207703], [0.19139902508028844, 0.1260998202742651, 0.04711539197141795, 0.6353857626740286], [0.879785390692274, 0.08573602755799178, 0.026518989950812668, 0.007959591798921785], [0.1974209674641505, 0.0064149619499627, 0.7876942245357734, 0.008469846050113411], [0.01746807340554181, 0.6405564776172975, 0.005079033049881763, 0.336896415927279], [0.26694945208097914, 0.052619033912632125, 0.3296150176214809, 0.3508164963849079], [0.17585176365916536, 0.2013112333184703, 0.004685427160764615, 0.6181515758615997], [0.8847084175774933, 0.000227092652181037, 0.0007947117473488263, 0.11426977802297691], [0.4536017526516685, 0.004074301519219867, 0.009053039100443284, 0.5332709067286684], [0.9581859103120302, 0.03380140595818555, 0.003504968452098131, 0.004507715277686206], [0.004133410536367331, 0.000758126260777873, 0.07165575102367533, 0.9234527121791793], [0.03113554999526071, 0.15719737395411545, 0.7362750319642314, 0.07539204408639251], [0.004462617018377132, 0.918219042897638, 0.013595173633457712, 0.06372316645052718], [0.0478032172099118, 0.9441577381428211, 0.003393845984903979, 0.004645198662363018], [0.9461819024711748, 0.046476835504712544, 0.0005774571494528933, 0.006763804874659657], [0.0038759275173096824, 0.030129140374294584, 0.00453586912892507, 0.9614590629794707], [0.06251495419385153, 0.01958207746376682, 0.028713886705431284, 0.8891890816369503], [0.9687180405083574, 0.02382157645877983, 0.006935936933196091, 0.0005244460996667423], [0.0009689383837564097, 0.0017646587647965545, 0.9467178848231176, 0.05054851802832947], [0.20822089327620907, 0.7387392835594232, 0.014202234714624307, 0.03883758844974337], [0.007067913321282495, 0.1293860848437826, 0.8544917335202545, 0.009054268314680288], [0.0029338820646655824, 0.08534099164550925, 0.03279264296470178, 0.8789324833251233], [0.16778646800997746, 0.5963891887452415, 0.014320535933458202, 0.2215038073113228], [0.24761549901551513, 0.44288882601835566, 0.012658948074702482, 0.29683672689142654], [0.45923659075315537, 0.17773739990079107, 0.0013169399399110078, 0.36170906940614267], [9.060812600878369e-06, 0.999975574319549, 1.2020551169462901e-05, 3.344316680848013e-06], [0.033916587860191305, 0.10103494425777161, 0.00813444269874231, 0.8569140251832947], [0.012915976966366316, 0.20756616846910658, 0.0007379492420268101, 0.7787799053225003], [0.3746500874676563, 0.30110337328705955, 0.09001105411663268, 0.23423548512865144], [0.004594751866784784, 0.8780827141777865, 0.09619774313535986, 0.021124790820068885], [0.005466439072853298, 0.9027132712446643, 0.001675740870489768, 0.09014454881199276], [0.030501782675718937, 0.26597332560512726, 0.5892178665472547, 0.1143070251718991], [0.0731531035949501, 0.9089167947727486, 0.0009572007648944794, 0.016972900867406996], [0.0033839087924561343, 0.28713941935530246, 0.7014740574104443, 0.008002614441797172], [0.8559843058684679, 0.018559424262456072, 0.00831812653700498, 0.1171381433320709], [0.12486664920611824, 0.003882552133563753, 0.8261793004334358, 0.04507149822688214]]}, "rewritten": {"ids": ["97105451", "97105760", "97106591", "97106820", "97107260", "97107681", "97107920", "97107950", "97108520", "97109080", "97109570", "97110950", "97112290", "98108150", "98108370", "98111231", "98112300", "98113881", "99108890", "99111340", "99111620", "99114890", "99119830", "99121440", "100108580", "100108990", "100109330", "100110050", "100111380", "100112060", "100115700", "100120780", "101110150", "101111310", "101112160", "101112201", "101114020", "101119030", "101119591", "102107961", "102109010", "102110890", "102112170", "102116500", "102117351", "103109021", "103109791", "103111620", "103113170", "104111780", "104111880", "104111990", "104112201", "104113240", "104114740", "104118070", "105111990", "105112100", "105113210", "105113260", "105113440", "105113620", "105116650", "105118740", "106114011", "106115120", "106118520", "106118820", "106121190", "106121220", "107112850", "107113170", "107113260", "107113360", "107114950", "107116340", "107118120", "107118490", "107120010", "107121640", "108113480", "108113620", "108113700", "108114220", "108115500", "108115570", "108117610", "108118301", "108118810", "108119330", "108121160", "108121190", "108121351", "109113591", "109116750", "109117600", "109117730", "109118701", "109120150", "109120540", "110114950", "110115250", "110117110", "110117140", "110117500", "110118181", "110119891", "110120531", "110121500", "111114121", "111114941", "111115910", "111116290", "111116411", "111116640", "111119340", "111119930", "111120260", "111121410", "112116850", "112116880", "112116990", "112117780", "112118161", "112118511", "112118550", "112118701", "112118820", "112119120", "112120290", "112120670", "112121410", "113118690", "113118870", "113119320", "113120070", "113120591", "113120780", "113121190", "113121980", "113122160", "113122180"], "labels": [0, 0, 1, 1, 2, 3, 0, 2, 2, 2, 0, 3, 1, 0, 1, 1, 2, 3, 0, 1, 3, 2, 1, 2, 0, 2, 0, 3, 3, 2, 1, 1, 1, 3, 3, 0, 3, 3, 0, 3, 1, 0, 3, 1, 1, 0, 3, 0, 3, 3, 3, 2, 0, 2, 2, 2, 2, 1, 3, 3, 0, 0, 1, 1, 1, 1, 2, 3, 2, 1, 1, 0, 0, 0, 3, 3, 3, 2, 1, 1, 0, 3, 0, 3, 3, 3, 3, 1, 1, 0, 2, 1, 3, 3, 0, 1, 3, 3, 2, 1, 0, 1, 0, 3, 1, 1, 3, 0, 3, 0, 0, 2, 2, 0, 0, 3, 1, 3, 0, 0, 0, 0, 0, 0, 1, 3, 0, 0, 1, 1, 2, 0, 3, 0, 1, 2, 0, 0, 1, 2, 3, 2], "predicted_labels": [0, 1, 1, 1, 1, 1, 0, 1, 0, 3, 0, 0, 2, 1, 3, 0, 0, 1, 1, 1, 1, 3, 2, 2, 0, 1, 1, 1, 3, 1, 3, 3, 1, 2, 1, 0, 1, 1, 0, 1, 1, 0, 0, 1, 1, 0, 0, 1, 1, 1, 3, 2, 0, 1, 2, 3, 1, 0, 3, 1, 1, 2, 1, 1, 1, 0, 2, 1, 1, 3, 1, 3, 1, 1, 2, 3, 3, 1, 3, 2, 1, 0, 1, 1, 1, 1, 1, 3, 3, 1, 3, 1, 3, 0, 0, 0, 0, 2, 2, 1, 0, 3, 1, 3, 0, 1, 1, 0, 0, 0, 1, 1, 2, 0, 0, 3, 3, 1, 1, 3, 1, 3, 3, 0, 2, 0, 1, 0, 3, 1, 1, 1, 3, 1, 1, 3, 0, 1, 1, 1, 3, 3], "confidence_scores": [[0.9173510506365404, 0.041344690581490255, 0.0003517771354185497, 0.040952481646550735], [0.032383036462136666, 0.7008422239926877, 0.018432150604873413, 0.2483425889403021], [0.07049865419586199, 0.489398027255846, 0.43573825131845645, 0.004365067229835451], [0.004248447504153249, 0.614837129586264, 0.0029050261687549508, 0.37800939674082773], [0.17202463832488224, 0.6156797665014647, 0.21053578706195086, 0.0017598081117022356], [0.029675230611199567, 0.9680118412023634, 0.0015170781242810863, 0.0007958500621560069], [0.9466418305234808, 0.0010338919919682843, 0.037914410571503694, 0.014409866913047324], [0.0009555628882717629, 0.5087615072261696, 0.47626754082633327, 0.014015389059225333], [0.9009010397264194, 0.0030153104390559485, 0.08917469938870441, 0.006908950445820302], [0.01949634604344544, 0.26301486640041793, 0.16768502429515297, 0.5498037632609837], [0.7529650900453134, 0.07290370159457177, 0.12479478405298254, 0.049336424307132316], [0.7536685626920206, 0.07974300749478795, 0.05186089155548756, 0.11472753825770396], [0.034670429836480686, 0.002652325307328116, 0.9611186928101335, 0.0015585520460577316], [0.0493780353638537, 0.7502970473196013, 0.08971025621321634, 0.11061466110332856], [0.017738000702190004, 0.023529753409427378, 0.023664146813109965, 0.9350680990752727], [0.9046519064863819, 0.02812483213801195, 0.05403609510655131, 0.013187166269054832], [0.43063826927305493, 0.007198891736320532, 0.36421516064521064, 0.1979476783454138], [0.0617248888849986, 0.7491981891867892, 0.13239140395360022, 0.05668551797461188], [0.007178923348666211, 0.9713659793065144, 0.01024147075898473, 0.011213626585834684], [0.04410066489395919, 0.6117533677001125, 0.16180500643995185, 0.18234096096597655], [0.031053451044153087, 0.9630895744040716, 0.004967237172510494, 0.0008897373792649064], [0.007517119665759256, 0.12647106599937966, 0.07820026267200976, 0.7878115516628512], [0.15130763656306231, 0.12449029628763741, 0.6607651173623762, 0.06343694978692403], [0.32467542187493764, 0.014969542171469724, 0.6551269208358733, 0.005228115117719366], [0.4640845663753881, 0.22384164596784323, 0.059131390741957626, 0.25294239691481085], [0.04846046991251089, 0.9120783265978168, 0.0031823059001651025, 0.036278897589507114], [0.13548641429262362, 0.8361367298669257, 0.025160130272820467, 0.003216725567630427], [0.00168589422643582, 0.7781755400667724, 0.02380505166824908, 0.19633351403854288], [0.039617500589771815, 0.1376331700493735, 0.07438830011587369, 0.7483610292449809], [0.0036495620834039507, 0.840315033416638, 0.15012494310596486, 0.005910461393993198], [0.3797928720267685, 0.018831906205735403, 0.03269335230489969, 0.5686818694625965], [0.3304824961095297, 0.3114504130713998, 0.015477371339174106, 0.3425897194798966], [0.16276461241118784, 0.7925217504758593, 0.021281058332061696, 0.023432578780891257], [0.04263961155133293, 0.16713243817434573, 0.7784247292007389, 0.011803221073582428], [0.0004914208250226068, 0.989071773997808, 0.006609480051595631, 0.0038273251255738394], [0.6689291028074316, 0.03618960568162909, 0.01742736852759496, 0.27745392298334437], [0.05147555758752716, 0.7275409429285012, 0.1215811922327147, 0.099402307251257], [0.3158035585252857, 0.43869843560967153, 0.23424422911880402, 0.0112537767462388], [0.9751907263080076, 0.00666792287688113, 0.0030418678173945103, 0.01509948299771675], [0.16951028510669555, 0.39866922602020954, 0.08243298061580481, 0.34938750825729004], [0.1519116319620495, 0.45981704954783054, 0.09765008794605777, 0.290621230544062], [0.8140663516836109, 0.000356735115520573, 0.0016454459881987513, 0.18393146721266979], [0.8825723457385272, 0.0013775974151002798, 0.021724432476528117, 0.09432562436984433], [0.09309251751506789, 0.5836432155153183, 0.026042839650369395, 0.29722142731924434], [0.20223506590466123, 0.7457078049215855, 0.006377553555582048, 0.045679575618171125], [0.8869757463172753, 0.0029091007640396176, 0.05520240524777491, 0.054912747670910145], [0.49399457799913743, 0.322560716865254, 0.031453277497894574, 0.15199142763771403], [0.05390771730354983, 0.888914365114039, 0.04436812099530681, 0.012809796587104547], [0.04537812570719464, 0.9436646357165079, 0.009358554789443812, 0.0015986837868536485], [0.2316714251607962, 0.3745540954115344, 0.0260751030951217, 0.3676993763325476], [0.002422759591060345, 0.11031661463234657, 0.004374791317697119, 0.8828858344588959], [0.008040331560850994, 0.08628968749271848, 0.7955975398923948, 0.11007244105403588], [0.7016398137105576, 0.2795265806262512, 0.004403875033783309, 0.014429730629407793], [5.767910690328168e-05, 0.9999310875532332, 7.0798965691335774e-06, 4.153443294149978e-06], [0.015310405664114946, 0.27169475990307806, 0.5977697410650726, 0.11522509336773439], [0.0635143585329646, 0.047969226503429295, 0.1284530423776977, 0.7600633725859084], [0.26524804207639036, 0.6309030860144424, 0.001994058468606083, 0.10185481344056097], [0.5900630964893622, 0.08629800844534678, 0.024248954792992414, 0.29938994027229876], [0.35551265387702263, 0.26570366148449925, 0.011631661551317219, 0.3671520230871608], [0.3536764570141902, 0.641319656564819, 0.002537611618146042, 0.002466274802844594], [0.16132686119435893, 0.7670580917479394, 0.06051115304797586, 0.01110389400972589], [0.005066610526993169, 0.4184270638465629, 0.5008071502167206, 0.07569917540972328], [0.023685729215785076, 0.5000507907419899, 0.4293412741148749, 0.046922205927350094], [0.1751040679946217, 0.4719283629279692, 0.2534920392426943, 0.09947552983471472], [0.007511407859174267, 0.9764636713190535, 0.005658054228195208, 0.010366866593577032], [0.6663292523090043, 0.17146326565754794, 0.0024303228509224084, 0.1597771591825254], [0.003190892986290445, 0.15699814944421525, 0.8338466429845521, 0.005964314584942135], [0.0003955387792386607, 0.9835898138465741, 0.012636965050803637, 0.003377682323383548], [1.0507505604977698e-05, 0.9451247538246108, 0.054844845830933284, 1.9892838850970716e-05], [0.0006859489146926215, 0.00786687412177191, 0.02652707415411499, 0.9649201028094204], [0.03150385371075796, 0.9663190940405554, 0.0011435372458866876, 0.0010335150028000194], [0.19325587982217457, 0.2269385693828118, 0.20374346918559547, 0.3760620816094183], [0.002509306927180579, 0.5988653704160389, 0.029139551726658258, 0.36948577093012214], [0.39620496946919426, 0.5608789947814296, 0.0020249374523280757, 0.04089109829704811], [0.12934517008584448, 0.0990367513758996, 0.4506074015469198, 0.32101067699133595], [0.038390207896659624, 0.1368152966171639, 0.046298365333425774, 0.7784961301527508], [0.3041032381293118, 0.17901077962350312, 0.003312254930127997, 0.5135737273170572], [0.014104622359254125, 0.7861411542517651, 0.19974743665164924, 6.786737331427984e-06], [0.10787058722968552, 0.02927780010437635, 0.06229662087338044, 0.8005549917925577], [0.00041485294307071175, 0.41989023718943075, 0.5556282111297802, 0.02406669873771831], [0.07255416895940217, 0.7850878696851026, 0.061637300287394246, 0.08072066106810083], [0.6669498963199306, 0.3168045240980454, 0.0008662191374702586, 0.015379360444553784], [0.008490131859078712, 0.8765322493345331, 0.02683789452726739, 0.08813972427912087], [0.2935504975490214, 0.4528443527863546, 0.002589047419991896, 0.2510161022446322], [0.2674471016194928, 0.725439822770866, 0.00034985268616639193, 0.006763222923474647], [0.03757616984611709, 0.6412367792461884, 0.14816930291665967, 0.1730177479910349], [0.01961774904600505, 0.9552501429462087, 0.007231389922095645, 0.01790071808569067], [0.004274641254750725, 0.015979781220729676, 0.00034132139936735023, 0.9794042561251523], [0.2375580816686549, 0.31214433111833706, 0.0027573407840726927, 0.4475402464289353], [0.11674050327807697, 0.6547540571029765, 0.05294029720816574, 0.17556514241078072], [0.007951349167224684, 0.12386409097133778, 0.014910906164277038, 0.8532736536971605], [0.002675477889341572, 0.8075222114846942, 0.17382196765073377, 0.015980342975230606], [0.328530410071936, 0.06046734529194099, 0.04845445822639699, 0.562547786409726], [0.7603601524777772, 0.160008713383149, 0.0006846632793904584, 0.07894647085968315], [0.888389658336804, 0.10832015789547761, 0.001351481814184379, 0.0019387019535339071], [0.9143349263399098, 0.04893447759139056, 0.033514885255167125, 0.003215710813532614], [0.42619990006116126, 0.2606637741562204, 0.04756750162389611, 0.26556882415872224], [0.12605373888447755, 0.3599070680570555, 0.4464959629679878, 0.06754323009047905], [0.0749179338458567, 0.02546197256978075, 0.8814196172441794, 0.018200476340183205], [0.04960926991492315, 0.9207374444056571, 0.017734630137192613, 0.011918655542227033], [0.4994099978924241, 0.31708058595039207, 0.0030974789719760494, 0.18041193718520776], [0.010656429223525707, 0.02218798221855016, 0.012376569955852564, 0.9547790186020715], [0.0022659469898610144, 0.9974736904051272, 0.0001000510154313145, 0.0001603115895804005], [0.132090543998157, 0.055615792103689735, 0.023802736233878533, 0.7884909276642748], [0.5050384320511494, 0.48937011035804706, 0.00029828419037627795, 0.005293173400427252], [0.026910221925389166, 0.8480504499929056, 0.12395616292308838, 0.0010831651586166603], [0.0201507949877167, 0.9792414940292586, 0.00011332855387910287, 0.0004943824291456499], [0.9987565218184776, 0.0006470613500531299, 0.00047054820904111514, 0.00012586862242803124], [0.6236303738338943, 0.09185764016840393, 0.025928588828864126, 0.2585833971688376], [0.5509568637211387, 0.33172179237492844, 0.009651639121480706, 0.1076697047824522], [0.012350508812061707, 0.9786236240993458, 0.000248174387912453, 0.008777692700679938], [0.004629157868441844, 0.913185841380988, 0.0032100552692072627, 0.07897494548136288], [0.12665606189817258, 0.039024467817780434, 0.7864328074416348, 0.04788666284241222], [0.9464582434359277, 0.010116921040596177, 0.0030434214952957035, 0.04038141402818047], [0.6864685195984099, 0.2773333053253598, 0.009165591314032192, 0.027032583762197904], [0.36317718125573784, 0.031927528499751515, 0.004443712335355176, 0.6004515779091555], [0.027853495049340718, 0.28123709132075214, 0.11366822233358811, 0.577241191296319], [0.10775798846789429, 0.8465758826698223, 0.003954587557205568, 0.04171154130507778], [0.12357222524230417, 0.8390709086049641, 0.021794790273504516, 0.01556207587922718], [0.002537559951929318, 0.4468458921266072, 9.790582965570577e-05, 0.5505186420918077], [0.005213363846764338, 0.9947694635144136, 9.871838482902687e-06, 7.300800339105812e-06], [0.006966876636269363, 0.01862261091430011, 0.02782897087455466, 0.946581541574876], [0.04888574153239847, 0.30603003554699154, 0.002813189291620391, 0.6422710336289897], [0.7525321192923904, 0.16384697092747463, 0.03630795275010224, 0.047312957030032785], [0.1801141508074545, 0.0061907789837099434, 0.8089220299767602, 0.004773040232075303], [0.7662504296894949, 0.007852314995057147, 0.04394661813271569, 0.18195063718273227], [0.03699652295484503, 0.9068099163394131, 0.00014191409108640853, 0.056051646614655476], [0.39405804131932853, 0.3685435412687324, 0.04910804544617727, 0.18829037196576168], [0.22249775838791, 0.03143059498070058, 0.020088533168530816, 0.7259831134628586], [0.09938463918315933, 0.893411249022482, 0.0022560666061295044, 0.004948045188229184], [0.08460736629530798, 0.74862802725178, 0.13776600175634932, 0.028998604696562673], [0.024880213188908817, 0.970343832871119, 0.0046832309592800886, 9.272298069205439e-05], [0.037546816835377514, 0.014812668990104312, 0.0026777628173132034, 0.9449627513572049], [0.015114423983603, 0.6168393998718757, 0.006907768459663435, 0.36113840768485783], [0.14509821672170137, 0.7563778410515692, 0.009279743782894373, 0.08924419844383487], [0.042343829083380746, 0.19270938710801178, 0.20127303527813964, 0.5636737485304678], [0.5358337735459643, 0.046974356294186816, 0.040615808304445895, 0.37657606185540304], [0.05793190122745711, 0.4930013906624896, 0.02049337397934509, 0.42857333413070825], [0.3778472324364334, 0.6095625433364777, 0.0055601919101436375, 0.007030032316945282], [0.12291992048369316, 0.7059459062439446, 0.008429536268069677, 0.16270463700429266], [0.00812428714338335, 0.2906721832988675, 4.705667424442972e-05, 0.7011564728835048], [0.00669584229913932, 0.04348752684332548, 0.0036329315411187542, 0.9461836993164164]]}}