{"test": {"ids": ["107121540", "100109330", "102113981", "108114270", "110116290", "107118520", "112118620", "102110050", "102121700", "108118301", "109114651", "109121351", "110114610", "106117650", "107113840", "102113210", "99114890", "100109890", "97118210", "112117790", "107119950", "101111140", "98111670", "111118820", "105112100", "98112580", "112120540", "101108621", "110118930", "107118490", "97116500", "109117600", "98117740", "110117870", "112119580", "104117630", "104111380", "102112170", "101111210", "110118111", "105110091", "102112250", "98111231", "97106600", "98107210", "103120730", "110118450", "110119300", "103111170", "105117200", "108119550", "113121190", "97105960", "113122190", "108118630", "101108121", "98109570", "109116040", "99120010", "111120640", "113120280", "113120751", "111121190", "100111380", "98106111", "112118930", "101108080", "113118630", "113120260", "107113200", "106119580", "97105580", "113120070", "101116130", "110116441", "111115400", "110118630", "98110230", "104117200", "103112470", "112117660", "110120531", "104111711", "112118581", "98108580", "102121440", "99110730", "106114150", "102109010", "97107950", "106116370", "108113760", "108115070", "112119120", "105120280", "102110240", "107120130", "97107260", "100109980", "110118740", "97116401", "106113170", "112120290", "109118701", "99119830", "112118860", "99108580", "101109120", "98112300", "113118820", "102110750", "107115140", "108120621", "99112300", "98108410", "110114950", "103111990", "105113260", "111114121", "110117110", "99105921", "113120830", "108118810", "113121010", "99108460", "112119930", "98110680", "101113210", "113118690", "112117580", "108114360", "107114200", "111116290", "105116501", "103109791", "106114011", "112116290", "100109000", "104111550", "104113240", "108113700", "98113881"], "labels": [2, 0, 1, 3, 2, 2, 3, 3, 1, 1, 3, 0, 1, 1, 3, 3, 2, 3, 2, 3, 3, 2, 1, 0, 1, 2, 3, 0, 1, 2, 2, 1, 2, 3, 3, 0, 3, 3, 2, 1, 0, 0, 1, 3, 1, 1, 0, 1, 2, 3, 1, 1, 2, 1, 1, 0, 1, 0, 2, 0, 0, 1, 1, 3, 0, 1, 0, 3, 3, 0, 3, 1, 2, 2, 3, 0, 1, 3, 3, 1, 0, 0, 1, 1, 0, 2, 3, 1, 1, 2, 2, 1, 1, 1, 3, 3, 2, 2, 1, 3, 3, 0, 1, 3, 1, 3, 0, 1, 2, 0, 1, 0, 1, 0, 1, 0, 2, 3, 0, 0, 1, 3, 1, 2, 0, 1, 2, 3, 3, 0, 1, 2, 2, 1, 3, 1, 0, 1, 1, 2, 0, 3], "predicted_labels": [0, 0, 0, 1, 2, 1, 0, 1, 0, 3, 3, 3, 0, 2, 1, 3, 2, 3, 0, 3, 0, 3, 1, 3, 0, 1, 3, 3, 1, 1, 3, 1, 3, 1, 2, 0, 3, 3, 3, 0, 3, 3, 0, 1, 0, 0, 1, 0, 2, 1, 0, 3, 3, 3, 1, 3, 3, 0, 3, 1, 3, 0, 0, 0, 3, 0, 3, 3, 3, 0, 1, 3, 2, 3, 0, 3, 0, 1, 3, 1, 0, 3, 1, 3, 1, 1, 3, 0, 1, 3, 3, 1, 0, 3, 1, 0, 3, 3, 0, 3, 2, 1, 3, 0, 1, 3, 2, 3, 2, 0, 1, 0, 0, 3, 1, 3, 1, 1, 1, 3, 0, 3, 0, 1, 1, 1, 1, 0, 1, 3, 3, 3, 2, 1, 2, 2, 0, 1, 1, 3, 1, 2], "confidence_scores": [[0.4404187688092135, 0.1487985781655107, 0.23230729545641016, 0.17847535756886573], [0.41369833166631387, 0.2662859054562213, 0.18149049441476348, 0.13852526846270127], [0.3559147813638322, 0.35385573077295057, 0.15786609107264427, 0.13236339679057307], [0.3126177588316986, 0.39261698790216193, 0.08474958738052964, 0.2100156658856098], [0.19305245455994705, 0.11885920623037144, 0.5833445533752656, 0.10474378583441597], [0.13736149382847612, 0.4351235802814382, 0.10359938646392748, 0.3239155394261582], [0.4391257184067968, 0.1957219735032476, 0.09604046601492942, 0.26911184207502614], [0.21932655231482168, 0.5115131724946541, 0.09499628851757137, 0.1741639866729528], [0.3902633348730782, 0.27784205208854523, 0.18206987603525732, 0.1498247370031193], [0.1272953422992412, 0.21278826310294385, 0.15216773339861278, 0.5077486611992023], [0.17436902040673474, 0.14883921340131043, 0.1349587368746237, 0.5418330293173311], [0.2376680320765233, 0.3214637615029744, 0.08366866042723085, 0.3571995459932716], [0.3420773338804161, 0.24677243699582974, 0.14434703265341467, 0.26680319647033923], [0.20246970518453022, 0.19717616905337015, 0.43709826135996827, 0.16325586440213136], [0.29736838352493533, 0.32642437558804094, 0.1404904894931204, 0.23571675139390333], [0.1863488035918166, 0.28432888424032493, 0.11476447451684849, 0.4145578376510101], [0.08472565939548173, 0.23314931089444973, 0.4008587968832922, 0.2812662328267764], [0.1800001215909578, 0.2652714329543466, 0.22155595757008636, 0.33317248788460935], [0.3143652694746198, 0.13484901322892665, 0.3111978545670465, 0.2395878627294072], [0.2041347332786281, 0.21819366097143872, 0.056060035605360894, 0.5216115701445724], [0.497584593934067, 0.1353052899401532, 0.11932674740153096, 0.24778336872424875], [0.2994830162388121, 0.1447018690423555, 0.1650535493647673, 0.3907615653540651], [0.18696702929664685, 0.3631098811704627, 0.17706522923309662, 0.27285786029979386], [0.2076949330157568, 0.15714095107556392, 0.09767163595727098, 0.5374924799514084], [0.39895952084463915, 0.22039323885996734, 0.17016218213472448, 0.21048505816066918], [0.230620043313204, 0.3495400814125715, 0.30555810390470856, 0.11428177136951576], [0.1825196725078871, 0.34696561814049637, 0.07757791907586158, 0.3929367902757551], [0.276310016472035, 0.28479745937173784, 0.14344603144379559, 0.2954464927124316], [0.18881082181906872, 0.43353205991904253, 0.13955670309047327, 0.23810041517141547], [0.32914024566769534, 0.35238948282663984, 0.13361670387561778, 0.18485356763004687], [0.1878532871823543, 0.20796831552645628, 0.29998768510607215, 0.3041907121851172], [0.1533268151946933, 0.3483212058455442, 0.18877436827306923, 0.3095776106866933], [0.2833156799449394, 0.188855552205081, 0.1289589039158664, 0.3988698639341131], [0.27104036001269505, 0.2752989907531066, 0.22040499028831587, 0.23325565894588257], [0.23158658625810777, 0.25923922600567173, 0.2797278135634578, 0.22944637417276276], [0.41212356930252847, 0.2423850626193007, 0.15869638560482724, 0.18679498247334372], [0.24900884047751395, 0.13346373802404662, 0.2210722515389052, 0.3964551699595343], [0.17859492886371411, 0.27597516341548955, 0.162394731379049, 0.3830351763417475], [0.1580080635827956, 0.24356447603635548, 0.1585265853450893, 0.4399008750357596], [0.3823723365083202, 0.22937216449544928, 0.09888893061928151, 0.28936656837694913], [0.21866216271210884, 0.223587930539285, 0.1662398248988413, 0.39151008184976493], [0.19629238299223348, 0.15371043861684283, 0.19450089583053692, 0.4554962825603867], [0.3448059440267023, 0.28323099872288415, 0.13829690115727183, 0.23366615609314179], [0.1437639499697118, 0.44256339475670825, 0.13538571154303985, 0.2782869437305402], [0.301877043914195, 0.24027343532035741, 0.22374140229933837, 0.23410811846610946], [0.6200886934441223, 0.17695012123921883, 0.05183804701471966, 0.15112313830193932], [0.19281213048768328, 0.35474068871187237, 0.18493920476762862, 0.2675079760328159], [0.3416993513149805, 0.28521642085019816, 0.23370756627271005, 0.13937666156211115], [0.19100599523170803, 0.24439424287394312, 0.31915552243965856, 0.2454442394546903], [0.2587914663881401, 0.37835535231655426, 0.156116467836387, 0.2067367134589187], [0.2686513859159847, 0.25040638448252384, 0.24438898731329867, 0.23655324228819277], [0.18782605317200793, 0.2964519286417873, 0.19493261902237094, 0.32078939916383375], [0.14607044253110543, 0.18241345335032166, 0.15072035583426446, 0.5207957482843084], [0.19502709605825078, 0.1904137514191393, 0.26040513982970614, 0.3541540126929037], [0.2075083856759375, 0.3253353088330553, 0.17116044444092546, 0.29599586105008174], [0.2657917773624725, 0.23208650534300962, 0.16187637552335016, 0.3402453417711678], [0.3573095013343022, 0.10282531774279911, 0.03562615780897592, 0.5042390231139228], [0.39556093182165886, 0.27464564241080075, 0.16236968127829499, 0.1674237444892454], [0.1493263737941618, 0.2343859994899979, 0.30049209031842367, 0.31579553639741664], [0.24131755454161727, 0.4432420023290616, 0.07986501932072126, 0.23557542380860003], [0.24704932218075276, 0.20491141167799162, 0.13878083670553848, 0.4092584294357174], [0.34084170898368166, 0.27672295565138805, 0.14859578800935674, 0.23383954735557352], [0.45884985349963237, 0.18382057820438844, 0.09057146375024215, 0.26675810454573723], [0.44342966744263457, 0.24001007128088084, 0.13882391191271873, 0.17773634936376595], [0.18365374661783482, 0.22007430853116194, 0.2811105254303368, 0.31516141942066633], [0.4098136674432932, 0.14816362817556167, 0.08059600140069334, 0.36142670298045204], [0.2396855141628385, 0.2394039718339696, 0.19922520634184093, 0.321685307661351], [0.15243620240323716, 0.26672194894901896, 0.07292182304824044, 0.5079200255995034], [0.32239501378311564, 0.12542078098640336, 0.1132290732055848, 0.43895513202489617], [0.36205155316776344, 0.13366379712743898, 0.24306891156087398, 0.2612157381439237], [0.24964075913394956, 0.32926366834683357, 0.12182961665258411, 0.29926595586663285], [0.22211287952236416, 0.18264889574795215, 0.20039253698635187, 0.3948456877433318], [0.2167782652617826, 0.16922822369693105, 0.360041592743636, 0.2539519182976504], [0.29837069320833287, 0.18056677701523416, 0.1584971901771291, 0.36256533959930387], [0.30178618002136337, 0.26144429128481966, 0.23429897182554385, 0.20247055686827323], [0.2828611611066021, 0.1898313222474181, 0.18742267081468225, 0.33988484583129747], [0.42444238609783236, 0.23959893640198568, 0.15516327129675123, 0.18079540620343051], [0.2083758095800343, 0.33796126468675014, 0.24990183520084502, 0.2037610905323704], [0.20575131944417746, 0.28063534900483983, 0.16725546566578886, 0.3463578658851937], [0.21877137535087496, 0.33343890314941765, 0.2451862849041832, 0.2026034365955245], [0.45796419496894397, 0.2410702156877215, 0.09039499086583817, 0.21057059847749646], [0.17283632154069134, 0.18403891847508486, 0.07704734461455, 0.5660774153696738], [0.17510758039164148, 0.3100626081633729, 0.2646265140657878, 0.25020329737919783], [0.16315092454201768, 0.2564551450069619, 0.26628508106397225, 0.3141088493870481], [0.20048560913259467, 0.4355215526387363, 0.14837399237975807, 0.215618845848911], [0.17394681836222695, 0.3163540818833594, 0.3119253931672009, 0.19777370658721272], [0.2589281685145672, 0.27087055491270834, 0.06873358065188072, 0.4014676959208439], [0.3600468963894633, 0.17974105519958325, 0.1582538643311485, 0.30195818407980496], [0.19081002006193104, 0.42437288608729146, 0.08663720093513523, 0.2981798929156423], [0.26753536578989623, 0.1905274867437813, 0.2438715315573281, 0.2980656159089945], [0.3114330142223788, 0.1668413743364228, 0.08081625510523772, 0.4409093563359605], [0.18993869843089778, 0.3316842465855427, 0.30907512212245525, 0.16930193286110423], [0.32920249072654534, 0.25400469052647695, 0.21023687098423963, 0.2065559477627381], [0.30124537348078045, 0.12074838099582014, 0.1438045087258815, 0.43420173679751795], [0.233790119665358, 0.4151423541859703, 0.15167239562881968, 0.19939513051985203], [0.3670268827094735, 0.27633576729717746, 0.20752263844533006, 0.14911471154801909], [0.2608028377738893, 0.20624398259299112, 0.2282851341645206, 0.30466804546859905], [0.14578539018887898, 0.129579308230385, 0.19693190317181306, 0.5277033984089228], [0.35099820365150475, 0.23116367412425462, 0.22087209783334114, 0.19696602439089933], [0.2692088452371758, 0.2816708197286492, 0.14963921361379903, 0.2994811214203761], [0.09313666327804199, 0.13980100876605644, 0.6186297117146325, 0.148432616241269], [0.34713602765991175, 0.38997037465276535, 0.13307935731174061, 0.12981424037558245], [0.20270738085681272, 0.23898175904481198, 0.2690148812948545, 0.2892959788035207], [0.5176288724296957, 0.2072609130536528, 0.07093537140797189, 0.20417484310867975], [0.16306440604154224, 0.6564313159554199, 0.10047250922886296, 0.08003176877417485], [0.2720873278779861, 0.21086913623033463, 0.1378999856936772, 0.37914355019800194], [0.15822234735079999, 0.19162321179514152, 0.33041212837545453, 0.3197423124786041], [0.1898188795541765, 0.2514073970772407, 0.15655575730620316, 0.40221796606237986], [0.178347316275081, 0.26786734266906925, 0.28951124579159626, 0.2642740952642535], [0.3451189904356708, 0.30459249000800354, 0.12363486493190137, 0.22665365462442427], [0.1566260003066554, 0.39976365139356046, 0.19475343891033733, 0.24885690938944663], [0.40979945427874365, 0.1769511636221578, 0.08089560137857504, 0.3323537807205237], [0.45709814303480956, 0.15285778235920527, 0.16638546370632634, 0.2236586108996589], [0.2146579780340097, 0.2420790327449145, 0.06156284826251182, 0.48170014095856406], [0.1708495761082367, 0.46125425074158366, 0.1439593579847226, 0.22393681516545702], [0.34011111719696874, 0.12015367197452625, 0.11245671841608591, 0.4272784924124192], [0.09999543837970251, 0.6649791197304105, 0.058789877389636, 0.17623556450025116], [0.18865798712990683, 0.43237083923487146, 0.08227064097659469, 0.29670053265862695], [0.23705817700679854, 0.46738912476968364, 0.08871738203022987, 0.2068353161932881], [0.14823576477264966, 0.30855545665290013, 0.17914179725203971, 0.36406698132241067], [0.6311375651980784, 0.13202345741027147, 0.09041393100591334, 0.14642504638573672], [0.3023654957973882, 0.2712018197698258, 0.10735207919612878, 0.3190806052366571], [0.4446535874953804, 0.16087998234448792, 0.10302993449716777, 0.29143649566296387], [0.25719674408445975, 0.411190233063954, 0.1289661416716897, 0.20264688117989668], [0.11783089818416549, 0.45393287171429275, 0.1435485962559326, 0.2846876338456091], [0.13922471293403496, 0.38253418442359055, 0.10560801651543182, 0.37263308612694274], [0.2813219413489785, 0.2842497037131296, 0.24374374432792395, 0.19068461060996808], [0.27398910726861203, 0.23433783270779712, 0.24767402187275098, 0.24399903815083984], [0.20986245896913056, 0.5101333921266162, 0.08974227560296731, 0.19026187330128597], [0.24430151637466288, 0.16980969190859146, 0.13382201721144693, 0.45206677450529864], [0.16867823558909614, 0.2814865645420001, 0.21672573793119898, 0.33310946193770496], [0.1943627043605968, 0.24917611381086038, 0.09420597496295771, 0.46225520686558513], [0.21104104402133392, 0.31361009325512806, 0.3326940077829148, 0.14265485494062322], [0.28042046541162574, 0.4459102764196083, 0.07433060276728935, 0.19933865540147666], [0.25067852483359127, 0.26701985636234377, 0.3151800695227436, 0.1671215492813215], [0.17067200526889315, 0.3117140271574095, 0.32508757872238014, 0.19252638885131715], [0.7604057928549932, 0.07309173461944436, 0.053495789440659025, 0.11300668308490333], [0.2573289458380079, 0.3072743902356746, 0.1861399477986589, 0.24925671612765865], [0.14990748203030638, 0.2991991344846568, 0.26677681599627856, 0.28411656748875835], [0.201216991766056, 0.2935545089108395, 0.16622824390634325, 0.339000255416761], [0.3425600179400521, 0.3529497247546115, 0.14978243670030933, 0.15470782060502694], [0.26644605070032984, 0.22308071449431016, 0.29703901808063626, 0.21343421672472382]]}, "rewritten": {"ids": ["97105580", "97105960", "97106600", "97107260", "97107950", "97116401", "97116500", "97118210", "98106111", "98107210", "98108410", "98108580", "98109570", "98110230", "98110680", "98111231", "98111670", "98112300", "98112580", "98113881", "98117740", "99105921", "99108460", "99108580", "99110730", "99112300", "99114890", "99119830", "99120010", "100109000", "100109330", "100109890", "100109980", "100111380", "101108080", "101108121", "101108621", "101109120", "101111140", "101111210", "101113210", "101116130", "102109010", "102110050", "102110240", "102110750", "102112170", "102112250", "102113210", "102113981", "102121440", "102121700", "103109791", "103111170", "103111990", "103112470", "103120730", "104111380", "104111550", "104111711", "104113240", "104117200", "104117630", "105110091", "105112100", "105113260", "105116501", "105117200", "105120280", "106113170", "106114011", "106114150", "106116370", "106117650", "106119580", "107113200", "107113840", "107114200", "107115140", "107118490", "107118520", "107119950", "107120130", "107121540", "108113700", "108113760", "108114270", "108114360", "108115070", "108118301", "108118630", "108118810", "108119550", "108120621", "109114651", "109116040", "109117600", "109118701", "109121351", "110114610", "110114950", "110116290", "110116441", "110117110", "110117870", "110118111", "110118450", "110118630", "110118740", "110118930", "110119300", "110120531", "111114121", "111115400", "111116290", "111118820", "111120640", "111121190", "112116290", "112117580", "112117660", "112117790", "112118581", "112118620", "112118860", "112118930", "112119120", "112119580", "112119930", "112120290", "112120540", "113118630", "113118690", "113118820", "113120070", "113120260", "113120280", "113120751", "113120830", "113121010", "113121190", "113122190"], "labels": [1, 2, 3, 2, 2, 3, 2, 2, 0, 1, 1, 0, 1, 3, 2, 1, 1, 2, 2, 3, 2, 1, 0, 0, 3, 0, 2, 1, 2, 1, 0, 3, 1, 3, 0, 0, 0, 1, 2, 2, 3, 2, 1, 3, 3, 1, 3, 0, 3, 1, 2, 1, 3, 2, 2, 1, 1, 3, 1, 1, 2, 3, 0, 0, 1, 3, 1, 3, 3, 0, 1, 1, 2, 1, 3, 0, 3, 2, 0, 2, 2, 3, 2, 2, 0, 1, 3, 1, 1, 1, 1, 1, 1, 1, 3, 0, 1, 3, 0, 1, 0, 2, 3, 0, 3, 1, 0, 1, 3, 1, 1, 0, 0, 0, 2, 0, 0, 1, 0, 0, 0, 3, 1, 3, 3, 1, 1, 3, 1, 1, 3, 3, 3, 0, 2, 3, 0, 1, 3, 2, 1, 1], "predicted_labels": [3, 3, 3, 3, 0, 2, 1, 0, 2, 0, 0, 2, 3, 1, 2, 0, 1, 2, 1, 0, 3, 0, 3, 3, 3, 3, 2, 1, 1, 1, 0, 2, 0, 0, 0, 3, 0, 0, 3, 0, 1, 3, 3, 1, 1, 0, 3, 3, 3, 1, 2, 0, 3, 2, 1, 1, 0, 3, 1, 2, 2, 3, 0, 3, 0, 0, 3, 0, 0, 1, 3, 0, 3, 0, 1, 3, 0, 3, 3, 1, 0, 0, 1, 0, 0, 2, 3, 1, 1, 0, 3, 3, 2, 0, 0, 3, 1, 0, 1, 1, 1, 2, 0, 1, 1, 1, 3, 1, 0, 3, 0, 3, 1, 0, 0, 3, 1, 3, 0, 1, 0, 3, 2, 3, 3, 0, 3, 3, 1, 2, 1, 1, 1, 1, 1, 0, 3, 3, 3, 1, 1, 3], "confidence_scores": [[0.14725617942616565, 0.1964686302486719, 0.26388924621787957, 0.39238594410728295], [0.1556855778364048, 0.18020805904611722, 0.26372579685254327, 0.4003805662649348], [0.16005972086071882, 0.1753427021147131, 0.11882305181752831, 0.5457745252070398], [0.16650010653754613, 0.23204177665571957, 0.15364484118966718, 0.44781327561706713], [0.3138354210309609, 0.21645591398867017, 0.20759102748976624, 0.26211763749060274], [0.10892437492772399, 0.14038070266965952, 0.5536668119575802, 0.19702811044503635], [0.21279439013335086, 0.37308259143375955, 0.1714914498790254, 0.24263156855386425], [0.6425506809853826, 0.08002730268136386, 0.12273841242401158, 0.15468360390924196], [0.15279845517442267, 0.18259438832104716, 0.3412145817703705, 0.3233925747341597], [0.3595865250515868, 0.18524592441727933, 0.16518891670488034, 0.2899786338262537], [0.5471302155788222, 0.13455224729931678, 0.06657087578241984, 0.2517466613394412], [0.22070923768481218, 0.17928855729651355, 0.3605925992915471, 0.23940960572712733], [0.13464503484055465, 0.23833344529689368, 0.06012835040708522, 0.5668931694554666], [0.19081816561218792, 0.4444647813670138, 0.18898171687727797, 0.1757353361435203], [0.219719814830287, 0.2598875922672455, 0.271039893202007, 0.24935269970046048], [0.38868605944694806, 0.2559387809440065, 0.09179340793770463, 0.26358175167134085], [0.21360939909808468, 0.3454504352134809, 0.1674832019824692, 0.27345696370596534], [0.20865066358914114, 0.23288400047041985, 0.28270781517904564, 0.27575752076139354], [0.1533710055485051, 0.4903815150027213, 0.09917987784782187, 0.2570676016009517], [0.3895136807854316, 0.19286485300581885, 0.15303730864317058, 0.2645841575655789], [0.2941460205163476, 0.16308743348752813, 0.133862501078407, 0.40890404491771737], [0.5098363032267541, 0.22000002908665403, 0.09818769686999623, 0.17197597081659574], [0.17677045534574926, 0.33343814528816423, 0.09502556324880701, 0.39476583611727956], [0.21290379210861204, 0.2120825586630724, 0.14985559686630118, 0.42515805236201437], [0.22505775346582174, 0.29038633285150944, 0.13722055968269262, 0.34733535399997634], [0.15718153238711055, 0.22606423454305355, 0.16188381334480148, 0.4548704197250344], [0.07912582877956968, 0.13541594188375017, 0.6953636902720811, 0.09009453906459892], [0.2573126081587828, 0.27856241695073947, 0.25031364799212996, 0.21381132689834773], [0.15030006850793437, 0.3709708506086135, 0.1556197383141581, 0.3231093425692941], [0.21165071413634137, 0.350377373124002, 0.19648686789438566, 0.24148504484527095], [0.503678666236971, 0.2344198366294004, 0.09285952970461259, 0.169041967429016], [0.21760494687679025, 0.18217884257235242, 0.35154449059300197, 0.24867171995785556], [0.3912788660548667, 0.2719849617507014, 0.11874277068887766, 0.21799340150555435], [0.47495602012601584, 0.22908200537542703, 0.09598670659396256, 0.19997526790459463], [0.42122254308268753, 0.17114785017679887, 0.06612414003562751, 0.341505466704886], [0.22274141930753602, 0.1574473569559633, 0.1580461893477271, 0.46176503438877364], [0.4039946185193269, 0.23716860035913387, 0.12543752216454804, 0.2333992589569914], [0.29817556069810297, 0.24398082454890907, 0.16704160528694523, 0.2908020094660427], [0.22480816435801224, 0.18512564123486525, 0.24278009574221776, 0.3472860986649049], [0.5286519822905247, 0.1358415986084873, 0.10366340991318622, 0.23184300918780174], [0.27075277569995887, 0.29307499299265194, 0.1956327192480358, 0.24053951205935328], [0.26487982988723296, 0.20461299703722954, 0.16203633249528895, 0.3684708405802484], [0.2333205602949434, 0.17844505710363476, 0.12900518541291278, 0.45922919718850913], [0.28230885935243455, 0.34340273754016015, 0.21470690700251555, 0.1595814961048899], [0.2485060554822437, 0.4022472421788101, 0.17908070209247254, 0.1701660002464739], [0.356217828377571, 0.202667359767995, 0.1998245543182559, 0.24129025753617808], [0.24405754720815123, 0.08727762021096994, 0.05980802560030037, 0.6088568069805784], [0.2746614848473106, 0.15647336840039822, 0.2534278527853564, 0.31543729396693476], [0.34844642197402853, 0.18821860863438952, 0.07990958316367866, 0.3834253862279032], [0.18263048836953877, 0.3915148554039314, 0.2773640469814976, 0.14849060924503232], [0.16685534732372462, 0.23717269085229092, 0.3315721420148205, 0.26439981980916405], [0.4933853939754949, 0.12800952835223917, 0.23562149341544078, 0.1429835842568253], [0.16412631481248616, 0.17189286275489252, 0.18537480356855446, 0.4786060188640668], [0.16757550833742754, 0.17531310257618404, 0.32982469183931346, 0.327286697247075], [0.09331595627955762, 0.6974758627471689, 0.04963101316024296, 0.15957716781303058], [0.23270736335718423, 0.310641023340869, 0.14950164156655432, 0.30714997173539244], [0.4603564981127249, 0.40765616062164034, 0.06204488673754795, 0.06994245452808694], [0.2765427388399781, 0.2317529036968966, 0.17188289236692877, 0.3198214650961966], [0.19719193624880868, 0.34918960507685054, 0.14161633065655882, 0.31200212801778204], [0.20966391041457716, 0.20996588261111301, 0.3572734802646739, 0.22309672670963593], [0.1320976306094867, 0.24294058856718498, 0.3433857174337289, 0.28157606338959934], [0.2244716977684252, 0.2704477864237789, 0.10750033245660547, 0.3975801833511904], [0.29000290724860495, 0.22014123297406804, 0.25163880129811406, 0.23821705847921304], [0.25161529135580435, 0.1348275135917489, 0.1755023267513111, 0.4380548683011355], [0.3471398213814019, 0.22632460062845514, 0.20178867866839578, 0.22474689932174732], [0.49253845684219455, 0.20260821319877825, 0.1172819319068756, 0.18757139805215178], [0.26728664599572005, 0.24225211949311348, 0.08601177478153249, 0.4044494597296339], [0.3623192610115976, 0.2766080098032088, 0.14931365490903323, 0.21175907427616053], [0.4146949276646706, 0.3265368855069563, 0.09315014540540655, 0.1656180414229664], [0.24937198747851466, 0.39799850555261673, 0.07721535258736692, 0.27541415438150163], [0.28906843457899994, 0.22910444050398804, 0.15835207671776635, 0.3234750481992456], [0.385900997234803, 0.21596620026874214, 0.15893665080985772, 0.23919615168659714], [0.2949097978146226, 0.24802626429162503, 0.13082795099277533, 0.3262359869009771], [0.33545113594310827, 0.2646309801600654, 0.26459371099696744, 0.13532417289985893], [0.2490287573247173, 0.3958598898947436, 0.17514489477863499, 0.1799664580019041], [0.2221940866982956, 0.27878549040033473, 0.15365212572462345, 0.3453682971767461], [0.7147708901274571, 0.12038297364958302, 0.06259714181450499, 0.10224899440845507], [0.12890418946305626, 0.1858795457846256, 0.07630610306607875, 0.6089101616862395], [0.3392631009059717, 0.19574807462080643, 0.07652577018423683, 0.38846305428898503], [0.30485055292394664, 0.38540140750362284, 0.17008434529792565, 0.1396636942745048], [0.4004105986424917, 0.29212874335773037, 0.08630367576866525, 0.2211569822311127], [0.5362860003543093, 0.1529190351070433, 0.08002678953963219, 0.23076817499901528], [0.20616430085105547, 0.28641786810473563, 0.2712771994714646, 0.2361406315727445], [0.4000661071812669, 0.2798104900983373, 0.14385305911663487, 0.1762703436037609], [0.3784543286335622, 0.22763329256895162, 0.19930857525188303, 0.19460380354560347], [0.18253428867483346, 0.17858012439070414, 0.509265445512483, 0.12962014142197956], [0.138175998810733, 0.16875861714867665, 0.046939454558795196, 0.6461259294817953], [0.16187286343043697, 0.35912417524274776, 0.2203792585770054, 0.25862370274980984], [0.30246557155758313, 0.38092944163587955, 0.17029617013796877, 0.1463088166685685], [0.49575454202993735, 0.28656247627965464, 0.06729448390684535, 0.15038849778356259], [0.2877766855808629, 0.21750027058608845, 0.16003523092543875, 0.33468781290760985], [0.2755536371723274, 0.2708496564350551, 0.15347184820684984, 0.3001248581857677], [0.2272117088952352, 0.18246349658530298, 0.31814831026066354, 0.27217648425879837], [0.4160715151147236, 0.1941773626651476, 0.18792550335992686, 0.20182561886020184], [0.46349340704800257, 0.1295323443188211, 0.05715054350188146, 0.34982370513129474], [0.2880859683222582, 0.2931244989006496, 0.10839339671243464, 0.3103961360646575], [0.20789677749736385, 0.3293180409005919, 0.17777359558307163, 0.28501158601897264], [0.532570842754814, 0.16631270722729427, 0.203079441549322, 0.09803700846856957], [0.25179990399601, 0.3128931881538175, 0.17235466943692979, 0.2629522384132428], [0.2798548669930123, 0.29988452488698725, 0.16131290003386625, 0.25894770808613443], [0.23140305503009204, 0.3729227451578859, 0.11891845669058507, 0.27675574312143697], [0.2755489068273345, 0.16385960591148468, 0.37960804348027505, 0.18098344378090583], [0.3069948081604308, 0.23229438722302911, 0.166092827368195, 0.2946179772483452], [0.16892653578528427, 0.3789336726144909, 0.19852055081324, 0.25361924078698495], [0.295999466961319, 0.29991984108833586, 0.2018351274292133, 0.20224556452113185], [0.24877995097714167, 0.28366131120719856, 0.2596096357177439, 0.2079491020979159], [0.18184212291442867, 0.2380291362709808, 0.17427684109006308, 0.40585189972452745], [0.15662815601459132, 0.3822833387311603, 0.14521036741944246, 0.31587813783480595], [0.44545758910800326, 0.19293505233726216, 0.23738237045889576, 0.12422498809583876], [0.3139558486967637, 0.17066183252997497, 0.16585596725012858, 0.34952635152313277], [0.3445575449995479, 0.2568361371544997, 0.1723520648081659, 0.22625425303778668], [0.3186378264514398, 0.20226499880576532, 0.13076541338192627, 0.3483317613608685], [0.11204992064730764, 0.5678259853877635, 0.08647841056324039, 0.2336456834016885], [0.41708141591855263, 0.16892852996878996, 0.09508492523063712, 0.3189051288820204], [0.2952967452681047, 0.27418868706738636, 0.2619249394778105, 0.16858962818669831], [0.1282764417538226, 0.18664213027015616, 0.0776819823290264, 0.6073994456469949], [0.20201741762655057, 0.5371455023209897, 0.11764101213386484, 0.14319606791859496], [0.3085464259868104, 0.11382093747479763, 0.13511431000100366, 0.44251832653738843], [0.43103127070118535, 0.1736237394352383, 0.11889317619416814, 0.2764518136694083], [0.2804624828390317, 0.30896518656625443, 0.1402132559143393, 0.27035907468037446], [0.4418017156801339, 0.26652469593352246, 0.11248790189199738, 0.1791856864943462], [0.2949166323208105, 0.2660378914522588, 0.11935230580298167, 0.31969317042394885], [0.16867352874684077, 0.1949212934533443, 0.351270292700855, 0.2851348850989599], [0.262619389956979, 0.17668091564704858, 0.13362063101174698, 0.42707906338422547], [0.16907549430932606, 0.2638684044267153, 0.1659797175332526, 0.4010763837307062], [0.32809100313769374, 0.2825572791040428, 0.11740026148745442, 0.271951456270809], [0.2991988821939139, 0.17410595162163267, 0.19981537105110458, 0.32687979513334875], [0.15475689307559126, 0.19512253369103338, 0.21455651945812518, 0.4355640537752503], [0.1297291364603402, 0.45400627437446417, 0.16977948770176238, 0.24648510146343325], [0.12079277206855774, 0.1633723932442084, 0.5628590942894218, 0.15297574039781228], [0.23168279973724626, 0.37954559356368006, 0.11064293438012934, 0.27812867231894445], [0.28571711343870715, 0.3040075026909519, 0.20191435211205822, 0.20836103175828272], [0.2673236709270053, 0.4243636091306685, 0.1083326959255588, 0.19998002401676743], [0.2789805600839072, 0.3638893357321071, 0.15658297578528216, 0.20054712839870345], [0.14081387167225087, 0.34744605154175284, 0.2849402265395402, 0.2267998502464559], [0.3765511493421701, 0.20307171113246242, 0.2109876985388515, 0.20938944098651602], [0.23239286469704706, 0.19619670634447048, 0.19464603055334156, 0.3767643984051409], [0.2637293713501479, 0.1743661447011473, 0.1988546013080241, 0.3630498826406808], [0.2668454187945032, 0.21373198611453875, 0.13536550182445087, 0.38405709326650733], [0.22684240172371775, 0.4212078834659452, 0.11259485397915076, 0.2393548608311864], [0.17662009965569184, 0.36663210122445017, 0.16221257753308738, 0.29453522158677065], [0.23663994747314557, 0.26115779414161805, 0.1811712842803989, 0.3210309741048374]]}}