{"test": {"ids": ["109116930", "110118930", "106117770", "98112170", "98111620", "98112580", "110121450", "113121410", "97106591", "102121700", "103111540", "109117150", "99108890", "97106970", "111116170", "105114220", "111119610", "105113480", "111120531", "107120010", "113121220", "105113620", "102113350", "104114410", "107117630", "100109801", "112118890", "97113900", "104111550", "111119580", "102111990", "108117360", "111119340", "110117080", "113122120", "110115580", "109121410", "110113591", "111115770", "105115380", "97107950", "110114950", "97116401", "111120190", "104116800", "113118820", "105116441", "104117630", "107114780", "97112830", "112119450", "110114321", "109114651", "101116130", "109120150", "103113101", "113118810", "105115250", "106115120", "105116980", "103113640", "98107380", "107114950", "112116640", "108114180", "113119950", "99113260", "104113380", "97107920", "100117420", "97109570", "113120260", "100120010", "103120531", "107116980", "113119120", "99111930", "112119120", "112119320", "109113931", "112121010", "110114720", "101111140", "101108121", "111118301", "109116170", "97112290", "102112250", "109113881", "106114150", "108113620", "112116451", "111119930", "113122220", "110120640", "101111210", "112118421", "109117431", "98111231", "112119930", "106114880", "110118301", "107112850", "111116750", "102112030", "113117340", "102112301", "99110050", "103109021", "108121160", "113118870", "103111830", "103111480", "100110050", "105110251", "103113210", "99112300", "111114941", "108117720", "102117351", "111114171", "102116340", "110117870", "108121351", "111120320", "104111990", "110114651", "110113931", "112119950", "106117650", "113121950", "111118910", "111115780", "97106820", "99107950", "104113240", "105112240", "105120280", "103111170", "107113200", "112120670", "106113170"], "labels": [0, 1, 0, 3, 3, 2, 3, 0, 1, 1, 1, 2, 0, 2, 0, 3, 2, 0, 0, 1, 3, 0, 3, 1, 0, 0, 3, 2, 1, 3, 2, 1, 3, 1, 1, 1, 0, 0, 3, 1, 2, 0, 3, 3, 1, 0, 1, 0, 2, 2, 3, 1, 3, 2, 2, 3, 3, 2, 1, 0, 1, 1, 3, 0, 1, 0, 0, 1, 0, 2, 0, 3, 0, 3, 3, 3, 1, 1, 1, 1, 2, 3, 2, 0, 3, 0, 1, 0, 0, 1, 3, 0, 1, 1, 0, 2, 3, 1, 1, 1, 0, 1, 1, 3, 2, 2, 1, 3, 0, 2, 0, 3, 0, 3, 0, 3, 0, 0, 1, 1, 3, 3, 3, 3, 1, 2, 3, 1, 0, 1, 3, 0, 1, 1, 1, 2, 1, 3, 2, 0, 2, 0], "predicted_labels": [0, 1, 3, 0, 1, 3, 3, 3, 1, 1, 1, 1, 1, 3, 3, 3, 3, 3, 1, 3, 3, 3, 1, 3, 3, 3, 3, 1, 3, 3, 3, 3, 1, 3, 1, 3, 1, 0, 3, 1, 3, 3, 3, 3, 1, 1, 1, 1, 1, 3, 0, 3, 3, 1, 1, 1, 1, 3, 3, 3, 0, 0, 3, 1, 3, 3, 3, 3, 0, 3, 0, 3, 3, 3, 3, 3, 1, 3, 3, 1, 1, 3, 3, 3, 3, 3, 1, 3, 0, 1, 3, 3, 3, 1, 1, 1, 3, 3, 3, 3, 3, 0, 1, 3, 1, 3, 3, 1, 3, 1, 1, 3, 3, 1, 0, 3, 3, 1, 3, 3, 3, 1, 3, 3, 3, 1, 0, 3, 3, 1, 3, 1, 1, 3, 1, 1, 1, 1, 3, 3, 3, 3], "confidence_scores": [[0.31746161616161617, 0.22958705183705186, 0.1420523643023643, 0.3108989676989677], [0.18969368438578976, 0.3451910644910643, 0.20084225190014662, 0.2642729992229991], [0.22507797757797762, 0.2279096191248367, 0.23696000014478275, 0.3100524031524032], [0.28841853701853687, 0.22431678876678895, 0.2030507992007992, 0.2842138750138752], [0.20588529444411802, 0.30404446827682124, 0.22538859669742034, 0.26468164058164073], [0.22081406371406362, 0.25349809357309383, 0.2262924603174604, 0.2993953823953821], [0.2348469918969921, 0.2640146742146742, 0.15671586191586195, 0.3444224719724716], [0.23744623709623727, 0.30067172549672544, 0.13418706016206028, 0.32769497724497737], [0.22158710015474734, 0.3109495115995115, 0.21615375180375196, 0.25130963644198945], [0.2180996753246755, 0.30008778084660453, 0.19943853727971383, 0.2823740065490064], [0.22828547596194665, 0.2857055774291068, 0.20260543345543358, 0.2834035131535132], [0.19943752358752365, 0.3094430042180044, 0.21714721389721403, 0.2739722582972583], [0.21812287875523176, 0.3096127672980615, 0.20890365908601216, 0.26336069486069474], [0.18245915750915762, 0.2905497128688306, 0.21127244144744145, 0.3157186881745705], [0.23166911976911986, 0.30500291375291383, 0.15471865356865366, 0.3086093129093128], [0.25942756132756134, 0.2517063936063937, 0.17192562437562445, 0.3169404206904206], [0.2414624264624265, 0.26530552225552223, 0.19283339438339442, 0.3003986568986569], [0.2064485070485072, 0.2953170102773045, 0.18611401147871748, 0.3121204711954712], [0.24918165723165728, 0.30433133533133533, 0.1462162615162616, 0.300270745920746], [0.19318067488067495, 0.23087957597957603, 0.2450711399711399, 0.3308686091686092], [0.2569854534354535, 0.2692581834831835, 0.17803575313575323, 0.29572060994561006], [0.19543855033855048, 0.29254839882339884, 0.21327585192585208, 0.29873719891219896], [0.21586318681318706, 0.28410201497848575, 0.22015744255744266, 0.27987735565088523], [0.20082157842157858, 0.2707067210567211, 0.23712241092241096, 0.2913492895992895], [0.24449405039405053, 0.2541612498612499, 0.2022413681090154, 0.29910333163568464], [0.24202429792429797, 0.2633702039790275, 0.17338413808413813, 0.32122136001253654], [0.20871721611721608, 0.28623953546453546, 0.2115558941058943, 0.2934873543123542], [0.2589295767957534, 0.2899776751026749, 0.17156058859441226, 0.2795321595071595], [0.1826475005386772, 0.2633449522699523, 0.24836986265368635, 0.3056376845376845], [0.2504139388389389, 0.26852866947866966, 0.1695586182336183, 0.31149877344877347], [0.23711016679399038, 0.26678976116476116, 0.20718851137968797, 0.2889115606615607], [0.24829599012099032, 0.2477431901431903, 0.2286174575424576, 0.2753433621933623], [0.18249997502497511, 0.2999772560772561, 0.21769946442446445, 0.29982330447330446], [0.2525127769289536, 0.27097799422799446, 0.19552579560961936, 0.2809834332334333], [0.23389540459540464, 0.29982237207237217, 0.1841249222999224, 0.2821573010323012], [0.21343783520401183, 0.25896161616161617, 0.20781664920047302, 0.31978389943389957], [0.2271925463425464, 0.3077258630258629, 0.16289015151515165, 0.3021914391164391], [0.30500612328847604, 0.25420356816386236, 0.15636115159350467, 0.28442915695415694], [0.28573935672170975, 0.24719259074259078, 0.1654380433292198, 0.30163000920647964], [0.16855573315573324, 0.28273896658896674, 0.27051157731157743, 0.2781937229437229], [0.2357508769008769, 0.2634740537240538, 0.23484735819735827, 0.26592771117771113], [0.2181342435342437, 0.2643024364524365, 0.21976452436452457, 0.29779879564879574], [0.2531266233766235, 0.2492824231324232, 0.20216511266511275, 0.29542584082584067], [0.2612234043734043, 0.260135397935398, 0.18652411477411493, 0.292117082917083], [0.23801652616389465, 0.28688824231324217, 0.19299180439443595, 0.2821034271284271], [0.23733223998224, 0.2899848429348429, 0.1902389332889333, 0.2824439837939838], [0.2634360306360307, 0.32629282661782666, 0.14203466810966825, 0.26823647463647454], [0.2040809773559774, 0.3005168109668111, 0.19644603452103454, 0.2989561771561773], [0.23089295426795442, 0.34408473193473205, 0.19296849376114078, 0.23205382003617298], [0.21125131564342106, 0.25836808746808765, 0.18098095208884693, 0.3493996447996446], [0.3166649905649905, 0.27758741258741254, 0.15017493062493073, 0.25557266622266644], [0.21644531024531038, 0.27927583805083817, 0.18559522144522145, 0.31868363025863033], [0.27333256188256205, 0.25315339105339113, 0.1626988455988458, 0.31081520146520136], [0.21782388722388732, 0.2821404043668751, 0.2276465839715841, 0.27238912443765395], [0.21082158870541237, 0.284590167348991, 0.2212049680711447, 0.28338327587445244], [0.21122834387834402, 0.3097295601457367, 0.22676969419469434, 0.25227240178122534], [0.23199476356976367, 0.3066027000777, 0.16578584748584754, 0.29561668886668896], [0.21602702297702306, 0.2835577589077589, 0.19428417138417162, 0.30613104673104674], [0.21141173271173289, 0.24370590798090805, 0.17213823953823953, 0.3727441197691196], [0.2804095876345875, 0.273142853878148, 0.1634616499513559, 0.2829859085359085], [0.30057449494949473, 0.2544263716675482, 0.17842650046032413, 0.2665726329226329], [0.27818769008769023, 0.23261259851259866, 0.23977521367521373, 0.24942449772449768], [0.1942842601842603, 0.2608778286930461, 0.20559876138354413, 0.3392391497391497], [0.22858529379117623, 0.3035765006235594, 0.1650754825240121, 0.3027627230612525], [0.20106474554856915, 0.26895068542568545, 0.19324883809001464, 0.3367357309357309], [0.27653355810855823, 0.22579221334221336, 0.14252914862914864, 0.3551450799200801], [0.19669289876789892, 0.2742358835608836, 0.21071090576090587, 0.31836031191031194], [0.22131969696969708, 0.27437277167277174, 0.17754410589410607, 0.3267634254634257], [0.3634199348037583, 0.1811133422133423, 0.14749824978942627, 0.3079684731934732], [0.20393586413586418, 0.27089813797313805, 0.239065195915196, 0.28610080197580195], [0.2959589466089468, 0.250984287934288, 0.1885635697635699, 0.26449319569319574], [0.25066068653568674, 0.25896124986124996, 0.2163801143301144, 0.2739979492729493], [0.22458015873015888, 0.2494751082251083, 0.23776971916971923, 0.28817501387501415], [0.2605203518703517, 0.27071427461427466, 0.1769153513153514, 0.2918500222000223], [0.24351749524984834, 0.24384271654271658, 0.16856929758694467, 0.34407049062049055], [0.26400533910533913, 0.26474515484515504, 0.15792759185259198, 0.31332191419691396], [0.19041088911088933, 0.3295504939504939, 0.18463265068265072, 0.29540596625596616], [0.26579123654123665, 0.24609743589743605, 0.17280260295260302, 0.3153087246087248], [0.19634249639249649, 0.3021051892551892, 0.1782100660777132, 0.3233422482746014], [0.19860995670995668, 0.3042411516587987, 0.19629172184025137, 0.30085716979099336], [0.2008044217220688, 0.3290593942005706, 0.20985039764157434, 0.2602857864357864], [0.22572036019536015, 0.2909277139527139, 0.18332494531612203, 0.30002698053580407], [0.24895536408036426, 0.24779110611610627, 0.19779141136641148, 0.3054621184371185], [0.2646404931325984, 0.21258883893883923, 0.21667612913402387, 0.30609453879453896], [0.24916761016761027, 0.2571345848595849, 0.20989062049062054, 0.28380718448218445], [0.21453968139703436, 0.30279324956089665, 0.16349857364857376, 0.31916849539349545], [0.25898832997068305, 0.2654843698784876, 0.21010434369552022, 0.26542295645530933], [0.2755026806526807, 0.21685070485070485, 0.21429396714396706, 0.29335264735264743], [0.31470086302586303, 0.27921472109761575, 0.1642863722534776, 0.24179804362304375], [0.26172075147075163, 0.2755832334332336, 0.1991598595848597, 0.2635361555111555], [0.23485717893217897, 0.29569664502164505, 0.1517434065934067, 0.31770276945276965], [0.27210906870906887, 0.2790230103230101, 0.1600520202020203, 0.28881590076590086], [0.2450253801753804, 0.26326216234745653, 0.21920317231787848, 0.27250928515928535], [0.2572796425796426, 0.28328023088023097, 0.1873333721833723, 0.2721067543567543], [0.24067988090341047, 0.2920809915574621, 0.19330329115329123, 0.2739358363858365], [0.1980605727605729, 0.30226704961704964, 0.19801820956820967, 0.30165416805416806], [0.28532213897213876, 0.2810064729388259, 0.1422774447774448, 0.2913939433115905], [0.27458278665778646, 0.2788668387168389, 0.15707087079587084, 0.289479503829504], [0.2835781385281385, 0.24273694083694097, 0.1588544233544234, 0.3148304972804973], [0.25347872230109086, 0.2521597874347876, 0.21905462490725655, 0.27530686535686544], [0.21020253080253087, 0.28897686235333303, 0.21135207537560494, 0.2894685314685314], [0.2960147324897325, 0.2852581224331225, 0.13748176823176825, 0.2812453768453769], [0.20353827838827857, 0.34421934960464357, 0.17377497551468146, 0.27846739649239644], [0.2777096153846154, 0.21984618714618712, 0.15378378010878016, 0.3486604173604172], [0.21253576978576993, 0.29958871128871134, 0.23784367854367866, 0.2500318403818404], [0.2475363525363526, 0.2840546176046175, 0.1613291930291931, 0.30707983682983714], [0.22252011599511617, 0.28937124901242556, 0.17360412087912097, 0.3145045141133375], [0.24354382284382303, 0.2984499389499389, 0.20188521478521487, 0.25612102342102333], [0.25198231768231777, 0.2964168747918749, 0.15383045565545567, 0.29777035187035195], [0.237753626928627, 0.3168511303511303, 0.1686465247715249, 0.276748717948718], [0.23484901589638463, 0.29062041467304617, 0.1851500999001001, 0.2893804695304696], [0.2476457708957709, 0.23968069708069714, 0.2067493617493618, 0.30592417027417035], [0.2547843295593296, 0.2833277745130688, 0.14912563678151922, 0.31276225914608274], [0.2000721786383552, 0.29439689118071477, 0.21633475413475417, 0.28919617604617615], [0.3138228327228326, 0.24485688200688208, 0.17192669356787016, 0.2693935917024153], [0.2320101623866331, 0.2301246305981601, 0.23922012709512705, 0.29864507992007977], [0.2251182817182819, 0.26425059940059953, 0.21546264846264848, 0.2951684704184706], [0.21184513819513837, 0.31378951048951065, 0.17042156732156744, 0.30394378399378413], [0.2590716672216673, 0.21702861582861596, 0.21515798645798645, 0.3087417304917305], [0.24425020257520266, 0.28093145743145753, 0.14967566322566325, 0.3251426767676766], [0.25720251970251967, 0.2694189754689757, 0.15615028027528036, 0.31722822455322447], [0.20331999389499394, 0.2756741452991454, 0.2599699245199246, 0.26103593628593635], [0.20082391774891772, 0.26352357087357103, 0.20267117604617618, 0.33298133533133517], [0.2893759851259854, 0.26191749361749345, 0.1422455155955157, 0.3064610056610057], [0.20899098124098137, 0.27659802419802426, 0.21253770673770678, 0.3018732878232877], [0.21831665948430662, 0.2945137898049663, 0.21341807081807082, 0.2737514798926566], [0.2944333694083695, 0.259045190920191, 0.15260118492618496, 0.2939202547452546], [0.24906660006660009, 0.2644787878787879, 0.16775039405039413, 0.318704218004218], [0.2415616220380926, 0.2511638746874041, 0.190469911787559, 0.31680459148694445], [0.2242327700077701, 0.3131611333111332, 0.21271207126207128, 0.24989402541902547], [0.2796274447774449, 0.22584358974358995, 0.17003754023754025, 0.32449142524142505], [0.24626573806310656, 0.31800940901204056, 0.15316133588633596, 0.282563517038517], [0.21014171384171396, 0.2946291292041291, 0.22643416028416039, 0.2687949966699968], [0.2315631535131536, 0.2538137140637142, 0.19115428460428485, 0.32346884781884766], [0.14881402763902768, 0.31726747419247425, 0.25337124264624267, 0.2805472555222554], [0.2025906371406372, 0.319472374847375, 0.21941246808746812, 0.25852451992452], [0.19705462592962592, 0.3189812667724431, 0.17349427990310345, 0.31046982739482726], [0.23677629037629042, 0.28944984459984463, 0.19066231546231555, 0.28311154956154944], [0.294137173937174, 0.258861582861583, 0.14314699189699195, 0.3038542513042514], [0.19940373678608972, 0.2810218487394958, 0.16052307692307705, 0.35905133755133767], [0.2332950993450995, 0.2731919802419803, 0.21670129315129324, 0.27681162726162734], [0.2308923096511332, 0.2802262792762793, 0.1663659126820892, 0.32251549839049837]]}, "rewritten": {"ids": ["97106591", "97106820", "97106970", "97107920", "97107950", "97109570", "97112290", "97112830", "97113900", "97116401", "98107380", "98111231", "98111620", "98112170", "98112580", "99107950", "99108890", "99110050", "99111930", "99112300", "99113260", "100109801", "100110050", "100117420", "100120010", "101108121", "101111140", "101111210", "101116130", "102111990", "102112030", "102112250", "102112301", "102113350", "102116340", "102117351", "102121700", "103109021", "103111170", "103111480", "103111540", "103111830", "103113101", "103113210", "103113640", "103120531", "104111550", "104111990", "104113240", "104113380", "104114410", "104116800", "104117630", "105110251", "105112240", "105113480", "105113620", "105114220", "105115250", "105115380", "105116441", "105116980", "105120280", "106113170", "106114150", "106114880", "106115120", "106117650", "106117770", "107112850", "107113200", "107114780", "107114950", "107116980", "107117630", "107120010", "108113620", "108114180", "108117360", "108117720", "108121160", "108121351", "109113881", "109113931", "109114651", "109116170", "109116930", "109117150", "109117431", "109120150", "109121410", "110113591", "110113931", "110114321", "110114651", "110114720", "110114950", "110115580", "110117080", "110117870", "110118301", "110118930", "110120640", "110121450", "111114171", "111114941", "111115770", "111115780", "111116170", "111116750", "111118301", "111118910", "111119340", "111119580", "111119610", "111119930", "111120190", "111120320", "111120531", "112116451", "112116640", "112118421", "112118890", "112119120", "112119320", "112119450", "112119930", "112119950", "112120670", "112121010", "113117340", "113118810", "113118820", "113118870", "113119120", "113119950", "113120260", "113121220", "113121410", "113121950", "113122120", "113122220"], "labels": [1, 1, 2, 0, 2, 0, 1, 2, 2, 3, 1, 1, 3, 3, 2, 1, 0, 3, 1, 0, 0, 0, 3, 2, 0, 0, 2, 2, 2, 2, 2, 0, 1, 3, 3, 1, 1, 0, 2, 0, 1, 3, 3, 3, 1, 3, 1, 2, 2, 1, 1, 1, 0, 0, 1, 0, 0, 3, 2, 1, 1, 0, 3, 0, 1, 0, 1, 1, 0, 1, 0, 2, 3, 3, 0, 1, 3, 1, 1, 1, 2, 3, 0, 1, 3, 0, 0, 2, 1, 2, 0, 0, 1, 1, 3, 3, 0, 1, 1, 3, 1, 1, 0, 3, 3, 0, 3, 1, 0, 3, 3, 0, 3, 3, 2, 1, 3, 1, 0, 0, 0, 3, 3, 1, 1, 3, 1, 0, 2, 2, 2, 3, 0, 0, 3, 0, 3, 3, 0, 3, 1, 1], "predicted_labels": [3, 3, 1, 0, 3, 1, 1, 3, 1, 3, 3, 0, 1, 0, 1, 3, 1, 3, 1, 3, 1, 3, 1, 3, 3, 3, 3, 3, 1, 3, 1, 3, 3, 3, 1, 0, 3, 3, 0, 3, 1, 3, 1, 1, 0, 0, 1, 1, 1, 3, 3, 3, 3, 0, 3, 3, 1, 1, 3, 3, 3, 3, 1, 1, 0, 3, 3, 1, 3, 1, 3, 1, 3, 3, 3, 0, 3, 1, 3, 3, 3, 1, 3, 3, 3, 3, 0, 1, 0, 3, 3, 3, 3, 1, 1, 1, 3, 3, 3, 1, 3, 1, 3, 3, 3, 1, 3, 1, 1, 3, 0, 1, 3, 1, 3, 3, 3, 0, 1, 0, 1, 0, 1, 3, 3, 0, 1, 3, 3, 1, 1, 1, 3, 3, 0, 3, 3, 1, 1, 3, 3, 1], "confidence_scores": [[0.2679815989565991, 0.2576393828393828, 0.18809019591519607, 0.28628882228882224], [0.22069595127095154, 0.2718057778822484, 0.22288535190299893, 0.2846129189438013], [0.19112443389943395, 0.2946279803529803, 0.22083206238206254, 0.2934155233655234], [0.3690020332608567, 0.17135899655899667, 0.15028808217925868, 0.30935088800088806], [0.20774475997858372, 0.25295721223221235, 0.23433946249828605, 0.30495856529091825], [0.25260928907693614, 0.291184743034743, 0.1797026917526919, 0.276503276135629], [0.2383653041403044, 0.28161734801146565, 0.21157406009023674, 0.26844328775799386], [0.2733006687756689, 0.2543335442335444, 0.1827868187368187, 0.2895789682539681], [0.2174018065268066, 0.32385918525918533, 0.189442576867577, 0.2692964313464314], [0.23436195781342845, 0.27001528993881946, 0.20773870296370314, 0.2878840492840493], [0.27818302808302814, 0.20830109335109348, 0.22096037851037872, 0.29255550005550013], [0.30626699966699966, 0.2550437173937177, 0.15475072982572996, 0.2839385531135532], [0.17454400436165157, 0.29974138084138086, 0.2721330780330781, 0.2535815367638899], [0.3167835941835943, 0.17695947940947945, 0.1972209457209458, 0.3090359806859808], [0.19538926351426372, 0.3230488150738153, 0.20161982184482186, 0.2799420995670996], [0.1987612665112664, 0.2789254967254968, 0.231979797979798, 0.2903334387834388], [0.2232883466206996, 0.33193643252172667, 0.16890886221621532, 0.2758663586413587], [0.2996537434787436, 0.2214312021312022, 0.16856899211899215, 0.3103460622710624], [0.22740384615384626, 0.29227775753658114, 0.18850258075258083, 0.291815815556992], [0.25608733211233203, 0.24284999167499188, 0.2136915528915531, 0.2873711233211235], [0.2573880730380732, 0.28486663614163626, 0.1962560689310691, 0.26148922188922186], [0.27061378621378634, 0.2687179875679876, 0.14488568653568656, 0.31578253968253983], [0.24808539956775258, 0.28786884455413886, 0.20650382558617866, 0.25754193029193045], [0.2123084582084583, 0.2591803196803198, 0.2464488955488958, 0.28206232656232655], [0.22490016650016653, 0.23216288711288713, 0.23459393939393938, 0.3083430069930069], [0.26861862859362856, 0.20896768786768802, 0.20271606726606753, 0.31969761627261606], [0.27922823244007433, 0.22706248371511537, 0.19171265824818462, 0.3019966255966253], [0.1759965398980105, 0.27567667071490604, 0.23980604624134036, 0.308520743145743], [0.22601761849261862, 0.3191381396381398, 0.20266774532656906, 0.25217649654267305], [0.22229924753608965, 0.2523685387711704, 0.21689275592828233, 0.3084394577644578], [0.18073265623265627, 0.32306728271728286, 0.24880586635586646, 0.24739419469419482], [0.3121071983571983, 0.22251932053453802, 0.15069405497883756, 0.314679426129426], [0.2725285291076313, 0.24744789901933892, 0.1997216694496881, 0.280301902423342], [0.22583086358086377, 0.24365526695526704, 0.26020393495393507, 0.2703099345099345], [0.18277397324897326, 0.3192108494446728, 0.2030702028363794, 0.2949449744699745], [0.3245804001554002, 0.2770430902430903, 0.1312880619380619, 0.26708844766344747], [0.21331347541347548, 0.2782647483235719, 0.21047913002030658, 0.2979426462426463], [0.26652102897102914, 0.24988975191475202, 0.1554492047168518, 0.3281400143973677], [0.3053760146286464, 0.25571433843933855, 0.17478749715197087, 0.2641221497800445], [0.2609170440670442, 0.26765788100788107, 0.15652466977466983, 0.314900405150405], [0.2442329004329007, 0.2764329781329782, 0.2087192751692753, 0.27061484626484633], [0.2855927794427794, 0.22129399489399498, 0.19807285492285506, 0.29504037074037087], [0.22530907556495816, 0.2957963360169241, 0.22273620268620278, 0.25615838573191524], [0.2173523532023533, 0.2870458263958265, 0.20928421578421572, 0.28631760461760486], [0.38829755244755254, 0.22428689088689097, 0.13482941502941512, 0.2525861416361417], [0.31293176823176827, 0.23631966921966946, 0.17168232045732057, 0.279066242091242], [0.2306741619491621, 0.30434879657379665, 0.1908311401561404, 0.27414590132090144], [0.19973823398823407, 0.323337424503601, 0.2050955488955491, 0.27182879261261617], [0.16758070715833892, 0.356119263055486, 0.1969169486945802, 0.27938308109159493], [0.22441418581418596, 0.26098086586616, 0.2230797734944795, 0.2915251748251748], [0.24704387279387294, 0.25168838710309316, 0.20830287718817145, 0.29296486291486296], [0.27244429736929743, 0.2894147796647796, 0.14641934731934753, 0.2917215756465758], [0.22427323509823524, 0.2621038905538906, 0.20105658981541338, 0.312566284532461], [0.30919101062336374, 0.2889164747017689, 0.15035244363479658, 0.25154007104007126], [0.173300851925852, 0.2622629236776296, 0.21993123967535744, 0.34450498472116114], [0.25535580209264436, 0.26038921809184973, 0.19002445755998407, 0.2942305222555223], [0.19505265012765038, 0.30654098401598406, 0.21927897102897118, 0.27912739482739496], [0.24718291071673434, 0.30360092685092693, 0.16905875872493525, 0.2801574037074038], [0.21307364302364298, 0.2690212093462095, 0.18368158508158516, 0.3342235625485622], [0.17456266315383964, 0.25231002363649435, 0.24539761072261096, 0.3277297024870554], [0.26478628038628055, 0.2612185980685982, 0.15274958179075832, 0.32124553975436315], [0.2881948495948493, 0.23407506056035468, 0.1861078787225847, 0.29162221112221126], [0.21220159007659012, 0.3168649655899658, 0.18217322122322138, 0.28876022311022315], [0.27070532245532253, 0.29621238010355694, 0.15057479938362306, 0.28250749805749803], [0.3178760980849218, 0.242518747918748, 0.1625371719783485, 0.2770679820179821], [0.26201406093906116, 0.2468141247641247, 0.2098406981906983, 0.2813311161061161], [0.2917200771450772, 0.21632416472416474, 0.18688562271062276, 0.3050701354201355], [0.20164603925486305, 0.3193092990342989, 0.2655448698360463, 0.213499791874792], [0.2033251720501723, 0.23662488622488617, 0.26175364912864924, 0.29829629259629264], [0.18342537462537478, 0.31253896658896674, 0.21686888666888673, 0.2871667721167722], [0.23227926517926523, 0.2503119880119882, 0.16498030303030314, 0.35242844377844385], [0.22022158397158398, 0.3368241536241538, 0.1998883449883451, 0.24306591741591738], [0.2348862470862472, 0.25599523532023544, 0.197063272838273, 0.3120552447552446], [0.2609334693084694, 0.24434613164613175, 0.1678172327672329, 0.32690316627816624], [0.24344978110125173, 0.2547217529202824, 0.20985728715728724, 0.29197117882117885], [0.33881087082851785, 0.23292160062160067, 0.160938387429564, 0.2673291411203177], [0.2125758075258077, 0.25291349206349223, 0.24937698967698982, 0.28513371073371074], [0.1997023848700322, 0.3197072296984065, 0.2099322879734645, 0.27065809745809744], [0.24293477355977366, 0.24595866078366083, 0.1992488511488512, 0.31185771450771466], [0.2628245004995006, 0.22790229215229216, 0.19829014041514048, 0.3109830669330668], [0.23420058467504293, 0.26417148962148945, 0.17707452910007113, 0.3245533966033964], [0.21807094017094036, 0.31868379953379955, 0.1667317460317461, 0.29651351426351424], [0.27449067566420493, 0.24245849983349985, 0.20851717204364278, 0.2745336524586525], [0.2410295416571734, 0.2792900523453155, 0.18981207359891575, 0.2898683323985956], [0.3102770784770784, 0.21267109197991566, 0.1572484162895928, 0.3198034132534132], [0.246892021867022, 0.2727489618568567, 0.17974647326357865, 0.300612543012543], [0.3265817071817071, 0.24557211122211128, 0.13105263625263636, 0.29679354534354524], [0.24052218924866006, 0.31819621734474673, 0.20995868575868568, 0.2313229076479077], [0.2864192141192141, 0.2627568986568987, 0.18215584693084713, 0.2686680402930404], [0.19737731990232, 0.2774076784326785, 0.2412790764790765, 0.28393592518592525], [0.22781451130568797, 0.26980826950826964, 0.15799410034410055, 0.3443831188419423], [0.2679500222000223, 0.2745806748806749, 0.18155208680208684, 0.27591721611721615], [0.27586384840649564, 0.24967859917859928, 0.15470225052725067, 0.31975530188765483], [0.24598998534145594, 0.289398438489615, 0.1992838253250019, 0.2653277508439272], [0.22772401209901222, 0.3136536496183555, 0.18649661123190545, 0.27212572705072713], [0.2648973082473084, 0.3042282476782475, 0.1734081048581049, 0.2574663392163393], [0.20342198357198368, 0.25150641580641586, 0.19522338772338785, 0.3498482128982127], [0.24609837107337112, 0.27305704018203997, 0.18435627705627705, 0.2964883116883118], [0.22562236652236653, 0.23592990342990366, 0.2638978604728605, 0.27454986957486943], [0.2710141414141415, 0.28399654512154515, 0.1745887334887335, 0.27040057997558015], [0.2442515873015874, 0.27096322011322005, 0.1702410644910646, 0.31454412809412796], [0.2009382034632036, 0.3146008713508715, 0.20989272394272396, 0.2745682012432012], [0.2495904872904874, 0.27354808524808544, 0.16324144189144196, 0.31361998556998544], [0.2465732212232214, 0.27893659673659693, 0.19538112165612176, 0.2791090603840603], [0.2493154123654125, 0.27122054252936617, 0.16776405065522715, 0.31169999444999436], [0.21301512376512396, 0.3411330114330116, 0.16941878121878137, 0.2764330835830835], [0.22630484515484517, 0.2720106504606504, 0.20935931486813864, 0.29232518951636594], [0.2026880896880899, 0.305365546530764, 0.23089670233148507, 0.26104966144966146], [0.2509287767787768, 0.3238350094350097, 0.17609153069153088, 0.2491446830946832], [0.26809095349095347, 0.2457265900765901, 0.17647181152181163, 0.30971064491064487], [0.31860414368912837, 0.23848543522754057, 0.16849963730226894, 0.27441078378106254], [0.22401999111999124, 0.29703660783660785, 0.20546233766233782, 0.2734810633810636], [0.21831712010040188, 0.261498797389974, 0.24500735205054108, 0.27517673045908364], [0.23463754023754044, 0.3101072954822954, 0.17732272172272184, 0.27793244255744265], [0.25991685814185833, 0.26555496170496173, 0.1848428821178821, 0.2896852980352979], [0.23008034743034744, 0.27029591519591534, 0.20961549561549578, 0.29000824175824164], [0.26698795909972395, 0.2496181335004867, 0.1842937284937286, 0.299100178906061], [0.2965795033397977, 0.2400492571154337, 0.19134366352601662, 0.2720275760187526], [0.2513876873126874, 0.3384441761941761, 0.13057401117401124, 0.2795941253191255], [0.4013964868464867, 0.21205054667554682, 0.14206643079143086, 0.2444865356865358], [0.24008455074337434, 0.29391204710322366, 0.18359488011988032, 0.2824085220335221], [0.2821941142191142, 0.2737257770007771, 0.19077121212121212, 0.25330889665889667], [0.23351023976023966, 0.3008686896436896, 0.2181922799422801, 0.24742879065379075], [0.2568228826728828, 0.26591655113891965, 0.19733647741147753, 0.2799240887767202], [0.2103059523809525, 0.27640053002553006, 0.1865424297924299, 0.3267510878010878], [0.28933982683982684, 0.27861006595743437, 0.15683856698856713, 0.275211540214172], [0.23686644466644474, 0.2813771710745395, 0.2188034299034299, 0.2629529543555861], [0.2649957292707293, 0.23682888222888226, 0.20071693861693873, 0.2974584498834496], [0.23077849927849933, 0.2721376567876569, 0.2022327394827396, 0.2948511044511044], [0.22427118159618178, 0.30097846042846044, 0.17867553280053292, 0.29607482517482536], [0.19632369472632633, 0.3227998948420002, 0.17081625216888388, 0.31006015826279004], [0.2587960095460096, 0.30470626040626064, 0.19263632837750497, 0.2438614016702252], [0.25756251722134077, 0.2697424741924742, 0.14631457235574885, 0.3263804362304362], [0.22763634976134992, 0.287276271876272, 0.19020670625670635, 0.29488067210567215], [0.3120598318348316, 0.26295367687867693, 0.13263468198468203, 0.2923518093018093], [0.2741075452325453, 0.24678566433566435, 0.20135223665223673, 0.2777545537795537], [0.2431993894993896, 0.2526498085248085, 0.200868636918637, 0.303282165057165], [0.2561876262626264, 0.28402313797313805, 0.19010736763236774, 0.2696818681318683], [0.24966623127474546, 0.3385072792876198, 0.15684351901968008, 0.2549829704179551], [0.23477379287379313, 0.264793983793984, 0.2011503996003996, 0.2992818237318238], [0.20622740315240326, 0.27847462814962826, 0.18130143190143208, 0.3339965367965367], [0.2465330863580865, 0.2928470473970473, 0.17501393883893898, 0.28560592740592744]]}}