{"test": {"ids": ["98109090", "113119930", "109118701", "112118810", "106118161", "98107410", "98109570", "106114321", "107120260", "105117431", "106119260", "97112290", "113118630", "99113260", "109114030", "100116500", "101111210", "98120010", "102107961", "102118380", "101108290", "103113260", "113119320", "108117610", "97107040", "107112850", "107119950", "103111930", "98111620", "98116090", "102110050", "111114941", "113122150", "113120591", "99111930", "104111620", "98109311", "110121500", "112117571", "102112250", "110120700", "109117271", "104111990", "108115250", "99109840", "112117030", "101114990", "109118231", "110119891", "99108890", "102108621", "97107950", "105118230", "106114150", "97111790", "109116170", "103120780", "109114270", "103110840", "113121980", "112116451", "97113260", "100116790", "98112300", "97107260", "102114270", "110118161", "105115680", "99111000", "108121351", "104109311", "101108121", "107114110", "113122180", "110118810", "110117140", "98110810", "103120290", "109113591", "109116040", "100109890", "105113440", "99108000", "100109330", "110119300", "103113210", "102116340", "109114720", "113120751", "105116980", "112120270", "106121190", "107116980", "106116370", "104112470", "108117720", "97108520", "110116290", "105113260", "110118450", "113119120", "104119290", "110114950", "113119480", "109117730", "107115140", "113122220", "100111620", "111116290", "101119591", "112121410", "112121360", "104114240", "100109360", "111119250", "103110760", "107113260", "97107681", "108113480", "112117461", "100120780", "108118810", "105120280", "103110220", "104116441", "110114561", "101108580", "99107660", "111120531", "104113190", "112118581", "101110150", "100110260", "97106820", "108113740", "97106600", "110120540", "103111830", "104114410", "106113260", "110118181", "101113210"], "labels": [1, 1, 3, 3, 3, 3, 1, 2, 1, 1, 1, 1, 3, 0, 1, 2, 2, 2, 3, 1, 0, 3, 1, 3, 2, 1, 3, 3, 3, 0, 3, 0, 2, 0, 1, 0, 1, 3, 3, 0, 2, 0, 2, 1, 2, 2, 3, 1, 3, 0, 3, 2, 1, 1, 2, 0, 1, 3, 1, 2, 0, 1, 2, 2, 2, 3, 0, 2, 2, 3, 3, 0, 1, 2, 1, 3, 1, 2, 3, 0, 3, 0, 2, 0, 1, 3, 3, 0, 1, 0, 0, 2, 3, 2, 1, 1, 2, 2, 3, 0, 3, 1, 0, 3, 3, 0, 1, 3, 2, 0, 0, 3, 0, 0, 1, 1, 0, 3, 0, 0, 1, 1, 3, 2, 1, 0, 0, 3, 0, 3, 1, 1, 3, 1, 3, 3, 1, 3, 1, 3, 1, 3], "predicted_labels": [1, 1, 3, 1, 3, 3, 3, 3, 1, 1, 3, 1, 3, 1, 3, 1, 3, 1, 0, 1, 1, 1, 0, 3, 1, 1, 3, 1, 1, 3, 1, 3, 3, 0, 1, 3, 1, 0, 0, 1, 1, 3, 0, 3, 1, 3, 1, 1, 3, 1, 3, 1, 3, 0, 3, 3, 1, 3, 3, 3, 1, 3, 1, 0, 3, 1, 1, 1, 1, 3, 3, 1, 3, 3, 3, 3, 1, 3, 1, 3, 0, 1, 1, 1, 1, 0, 3, 1, 1, 1, 1, 3, 1, 3, 1, 3, 3, 3, 1, 3, 3, 1, 3, 3, 0, 3, 1, 1, 1, 0, 0, 1, 1, 0, 1, 1, 1, 3, 1, 3, 3, 3, 1, 1, 3, 0, 0, 0, 1, 3, 3, 0, 0, 3, 1, 3, 1, 3, 0, 1, 3, 1], "confidence_scores": [[0.2040746753246754, 0.3214977675918853, 0.22654732620320875, 0.247880230880231], [0.25295707070707074, 0.2814416305916306, 0.18892922077922086, 0.27667207792207804], [0.246237481962482, 0.25531915584415593, 0.22053244533244537, 0.27791091686091696], [0.25849673104673104, 0.2935439005439006, 0.16542672605172606, 0.2825326423576423], [0.2650819791319792, 0.2522001831501833, 0.2145599456099455, 0.2681578921078921], [0.2712624098124099, 0.23532593240093258, 0.21176761294261298, 0.28164404484404515], [0.24614434454434458, 0.24410911310911304, 0.15361211566211574, 0.3561344266844266], [0.24982780625806955, 0.23781112425586123, 0.23512346819846824, 0.2772376012876014], [0.2344179931179932, 0.34165357975357985, 0.2057864857364857, 0.21814194139194154], [0.2541056998556999, 0.29300611055611064, 0.17986002886002897, 0.2730281607281608], [0.25486158286158284, 0.2500712176712178, 0.21012066822066833, 0.28494653124653124], [0.22934345099345108, 0.3061643467643469, 0.19431790986790998, 0.27017429237429247], [0.23360589410589433, 0.293698801198801, 0.17260288600288612, 0.30009241869241865], [0.25349004884004894, 0.29949775779775767, 0.20535054945054965, 0.24166164391164408], [0.23210053557553562, 0.27810622433122445, 0.19660596625596619, 0.29318727383727394], [0.26036939943441495, 0.28383814682049985, 0.17432374847374862, 0.28146870527133677], [0.22547677600177607, 0.26422160894660907, 0.19851579727462093, 0.31178581777699443], [0.23125550560550573, 0.290492118992119, 0.25036075036075045, 0.22789162504162508], [0.2788799422799424, 0.27391732874968183, 0.2027949217449218, 0.24440780722545435], [0.24259494949494953, 0.31825303030303037, 0.1965108946608947, 0.2426411255411257], [0.2482655733155733, 0.2849266622266623, 0.185213025863026, 0.2815947385947386], [0.24706697746697745, 0.30582451437451436, 0.1842031080031081, 0.2629054001554004], [0.31477780830280805, 0.24169228549228544, 0.17212892940392946, 0.2714009768009769], [0.21668519536019543, 0.23594166666666672, 0.16018232323232323, 0.38719081474081435], [0.21798963258963266, 0.2853895243645244, 0.24015882173382172, 0.2564620213120215], [0.23915621045621047, 0.31044883449883454, 0.18042993117993125, 0.26996502386502397], [0.24515490620490626, 0.25332839937839946, 0.2021882395382396, 0.2993284548784547], [0.2543466200466202, 0.33817822618557913, 0.18217725330225343, 0.2252979004655476], [0.2355216561216561, 0.3022533910533911, 0.2353729825729827, 0.22685197025197035], [0.23537126207126213, 0.26186443001443016, 0.21243285048285052, 0.2903314574314574], [0.20962954545454549, 0.30434448688566335, 0.2396459532297769, 0.24638001443001456], [0.2625728677754995, 0.26587261198553774, 0.1860981412378472, 0.285456379001116], [0.22884567099567102, 0.2415588023088025, 0.21880750360750373, 0.31078802308802317], [0.31535630831157135, 0.23816605821079512, 0.15603999333999335, 0.29043764013764034], [0.19367679542679553, 0.3354104302130618, 0.23964179533916383, 0.23127097902097918], [0.2701222740451844, 0.22754369887078862, 0.192883238983239, 0.3094507881007881], [0.25751971639471627, 0.266340250925545, 0.23660045199898158, 0.23953958068075726], [0.30217106227106233, 0.29435380730380717, 0.1646644161394162, 0.23881071428571435], [0.2862551615051616, 0.26203788988789006, 0.1732061105561106, 0.278500838050838], [0.23149290154290164, 0.2820580669330671, 0.20464947829947835, 0.2817995532245531], [0.23697201687201697, 0.2965199023199025, 0.19588731268731277, 0.2706207681207682], [0.2600110389610392, 0.2501227994227996, 0.18440805860805862, 0.30545810300810294], [0.31132222777222784, 0.27567002997003, 0.19743313908313923, 0.2155746031746033], [0.20902084027084045, 0.2754202686202688, 0.2087577533577534, 0.3068011377511377], [0.21538336488073329, 0.2847096403596407, 0.2342031468531468, 0.2657038479064796], [0.18931158286158298, 0.2854729159729158, 0.21395516705516718, 0.31126033411033405], [0.18674934509934527, 0.3298670607170608, 0.23125399045399062, 0.252129603729604], [0.2489824675324676, 0.3322438548379725, 0.16176456452044694, 0.2570091131091132], [0.21965283605283614, 0.3052899211899213, 0.16766991341991352, 0.3073873293373294], [0.23144483294483295, 0.3385618770118772, 0.1952323731823733, 0.23476091686091702], [0.24428017538017552, 0.2778031912531912, 0.17260490620490623, 0.3053117271617272], [0.2118205496258129, 0.30849899194372893, 0.1771523698523699, 0.3025280885780886], [0.20008830891330895, 0.2905871434121434, 0.19917611277611277, 0.3101484348984349], [0.29235781163281177, 0.2879457237207238, 0.20666142746142757, 0.2130350371850372], [0.25847026029526027, 0.24021191733103506, 0.21565510176098437, 0.2856627206127204], [0.24227740592740604, 0.23796816516816532, 0.21435049395049402, 0.30540393495393486], [0.25287665112665125, 0.28905577375840535, 0.19095096394833247, 0.2671166111666112], [0.21716198523698527, 0.2843178626928627, 0.18179343434343445, 0.3167267177267177], [0.26184701409701433, 0.2804062964812964, 0.17351553169053163, 0.28423115773115787], [0.22186497742024064, 0.2584810182507553, 0.19119081474081487, 0.32846318958818976], [0.2986959540459541, 0.30742627372627374, 0.16412687312687324, 0.22975089910089927], [0.2136362415362416, 0.24093121878121893, 0.21701635031635036, 0.3284161893661894], [0.22713540348540354, 0.3004148129648129, 0.21536131996658314, 0.2570884635832005], [0.30694071484071483, 0.21386439393939408, 0.22498560051060065, 0.25420929070929094], [0.23474085914085924, 0.2663146381396381, 0.2286006132756132, 0.27034388944388954], [0.27661525492051814, 0.31370519684993375, 0.1667372960372961, 0.2429422521922523], [0.2783661151713784, 0.3150774246221616, 0.16402585747585757, 0.24253060273060278], [0.19186264291264296, 0.3693576812076813, 0.19011890331890335, 0.24866077256077265], [0.2065793734043736, 0.37894075091575075, 0.20769247974247995, 0.20678739593739598], [0.2539404151404152, 0.2509821650571652, 0.17730409312909304, 0.3177733266733268], [0.28375796221322547, 0.2605738076508975, 0.15094843489843493, 0.30471979523744225], [0.2222126706626707, 0.29336896991897, 0.2172179764679766, 0.26720038295038295], [0.20340361305361312, 0.20124004329004339, 0.1879168720168721, 0.40743947163947136], [0.24770537909802617, 0.23795821123321137, 0.16800329833565134, 0.34633311133311134], [0.2324216339216339, 0.2833932900432901, 0.1913193112443113, 0.2928657647907647], [0.22264619824619838, 0.25357331557331575, 0.17897187812187812, 0.34480860805860813], [0.261089554889555, 0.35943520923520916, 0.19146404706404715, 0.18801118881118878], [0.226732178932179, 0.2681792973366505, 0.21743211951447264, 0.2876564042166984], [0.23319493284493284, 0.3435112276612276, 0.16728279220779232, 0.2560110472860475], [0.2440808441558441, 0.2557768037518038, 0.1986838883338884, 0.30145846375846386], [0.29390730380730384, 0.2703107131430662, 0.1938883188706719, 0.24189366417895855], [0.24951931956931975, 0.32178862248862233, 0.18555168165168168, 0.24314037629037644], [0.2033956543456543, 0.30640236985236985, 0.20994569874569888, 0.28025627705627704], [0.24434047259929623, 0.31498528138528153, 0.16880310604428267, 0.27187113997114026], [0.27812973137973157, 0.2933363136863137, 0.15958450993450995, 0.26894944499944495], [0.2806293206793207, 0.27594801309801315, 0.18630335220335228, 0.25711931401931404], [0.20266646131646138, 0.27858294760794766, 0.20695896603396613, 0.31179162504162494], [0.20666103896103896, 0.3363338050838051, 0.21269505494505503, 0.24431010101010117], [0.248106313131313, 0.30603468084203395, 0.17230582195582195, 0.27355318407083135], [0.2657978465978467, 0.33956460761460766, 0.16690515595515604, 0.22773238983238994], [0.1873314796314798, 0.30613560051060046, 0.23414903984903984, 0.2723838800088801], [0.2171598845598846, 0.2913714646464646, 0.19986752691752704, 0.29160112387612397], [0.2579885420135421, 0.33829961427461425, 0.15023830058830062, 0.2534735431235433], [0.2379620712620713, 0.25986401376401386, 0.17694425574425585, 0.3252296592296591], [0.20683556998557015, 0.32249848288965927, 0.18679323095205458, 0.2838727161727163], [0.21320071595071596, 0.28353036408036403, 0.1703760683760684, 0.3328928515928516], [0.2538476634476636, 0.2467544705294706, 0.21070563603063608, 0.28869222999223004], [0.251062581862582, 0.265799852924853, 0.20771589521589537, 0.27542166999667017], [0.259675063825064, 0.2865103932015699, 0.17528649879532238, 0.27852804417804405], [0.21539618159618162, 0.2828105866355867, 0.2108054334554335, 0.29098779831279836], [0.23915086580086586, 0.23430271950271964, 0.18676948051948053, 0.3397769341769341], [0.19320991230991233, 0.29308629703629724, 0.22550369630369635, 0.28820009435009447], [0.2626515207015208, 0.2570294316794318, 0.15931051171051175, 0.321008535908536], [0.2539101232101234, 0.23723922188922203, 0.18339780219780222, 0.32545285270285257], [0.28601885336885347, 0.276521572871573, 0.2006411976911978, 0.23681837606837614], [0.26894716394716406, 0.20549670329670333, 0.16032906537906533, 0.3652270673770673], [0.24445520590520586, 0.2945264901764903, 0.18565945165945172, 0.2753588522588524], [0.24527721167721178, 0.277757276057276, 0.23004655899655915, 0.24691895326895338], [0.24950964035964035, 0.30729218004218006, 0.2063348595848597, 0.23686332001332017], [0.30005433455433456, 0.24858050838050857, 0.16730187590187595, 0.2840632811632813], [0.30630945720945724, 0.25387673437673447, 0.1783232212232213, 0.2614905871905872], [0.2813049617049617, 0.3071666749916749, 0.18168137140637147, 0.22984699189699206], [0.27258547563547575, 0.30087654730890023, 0.17719167499167515, 0.24934630206394925], [0.2984002331002332, 0.2285609057609059, 0.20130686258186264, 0.27173199855699853], [0.2111994227994229, 0.28858585858585883, 0.21934447774447782, 0.28087024087024104], [0.27339648129648136, 0.2979974303474306, 0.17579717855244179, 0.2528089098036467], [0.25975415972915983, 0.2805618825618827, 0.1880274420024421, 0.27165651570651567], [0.19659186924186922, 0.2319357281607282, 0.2533184787434788, 0.3181539238539238], [0.23617643467643473, 0.2929709807736124, 0.19378435833172689, 0.2770682262182263], [0.28311798038562747, 0.26359824064824067, 0.15278660946896247, 0.30049716949716965], [0.2416684926184927, 0.24363792873792897, 0.18375367965367978, 0.3309398989898991], [0.25670928793428804, 0.24574001831501843, 0.15138831723831728, 0.3461623765123764], [0.21117876392613233, 0.34803862803862795, 0.21659950245832613, 0.22418310557691362], [0.1668738019290652, 0.30729553429027096, 0.22320844155844166, 0.30262222222222224], [0.2815217893217893, 0.26760461760461773, 0.15365927128427134, 0.29721432178932183], [0.29932448662448674, 0.2429388681579859, 0.19011209199297446, 0.2676245532245533], [0.30192908480408476, 0.25106422188922206, 0.17966105006105024, 0.26734564324564325], [0.2584857004107004, 0.23620437781173081, 0.2578666682990214, 0.24744325347854765], [0.21084205239205261, 0.35096993561993556, 0.18497086802086807, 0.25321714396714395], [0.26130194805194823, 0.25824130314130345, 0.17595305250305254, 0.30450369630369645], [0.23768422863686026, 0.26008130378393546, 0.225344338994339, 0.27689012858486545], [0.2871935326111797, 0.2578187828511359, 0.18798258963258974, 0.2670050949050948], [0.3234151154401157, 0.2125070263070263, 0.20542348484848497, 0.2586543734043736], [0.23207775002775005, 0.2672601287601289, 0.23132238872238883, 0.2693397324897327], [0.26124608724608733, 0.2860406149406151, 0.1735960761460762, 0.27911722166722186], [0.22807857142857146, 0.23017733932733947, 0.2462604340104343, 0.29548365523365533], [0.2410936507936509, 0.31695472582972595, 0.19643279220779228, 0.24551883116883122], [0.2710196489784726, 0.2466971250971252, 0.16213373652491306, 0.32014948939948945], [0.2923988233988232, 0.25414651459651477, 0.18759518814518816, 0.26585947385947395], [0.27480127650127667, 0.30290434010434014, 0.15496172716172726, 0.2673326562326564], [0.26141594516594535, 0.2652110889110891, 0.1797389110889113, 0.29363405483405497], [0.2120748667998668, 0.2986839466089465, 0.20271527361527367, 0.2865259129759131]]}, "rewritten": {"ids": ["97106600", "97106820", "97107040", "97107260", "97107681", "97107950", "97108520", "97111790", "97112290", "97113260", "98107410", "98109090", "98109311", "98109570", "98110810", "98111620", "98112300", "98116090", "98120010", "99107660", "99108000", "99108890", "99109840", "99111000", "99111930", "99113260", "100109330", "100109360", "100109890", "100110260", "100111620", "100116500", "100116790", "100120780", "101108121", "101108290", "101108580", "101110150", "101111210", "101113210", "101114990", "101119591", "102107961", "102108621", "102110050", "102112250", "102114270", "102116340", "102118380", "103110220", "103110760", "103110840", "103111830", "103111930", "103113210", "103113260", "103120290", "103120780", "104109311", "104111620", "104111990", "104112470", "104113190", "104114240", "104114410", "104116441", "104119290", "105113260", "105113440", "105115680", "105116980", "105117431", "105118230", "105120280", "106113260", "106114150", "106114321", "106116370", "106118161", "106119260", "106121190", "107112850", "107113260", "107114110", "107115140", "107116980", "107119950", "107120260", "108113480", "108113740", "108115250", "108117610", "108117720", "108118810", "108121351", "109113591", "109114030", "109114270", "109114720", "109116040", "109116170", "109117271", "109117730", "109118231", "109118701", "110114561", "110114950", "110116290", "110117140", "110118161", "110118181", "110118450", "110118810", "110119300", "110119891", "110120540", "110120700", "110121500", "111114941", "111116290", "111119250", "111120531", "112116451", "112117030", "112117461", "112117571", "112118581", "112118810", "112120270", "112121360", "112121410", "113118630", "113119120", "113119320", "113119480", "113119930", "113120591", "113120751", "113121980", "113122150", "113122180", "113122220"], "labels": [3, 1, 2, 2, 3, 2, 2, 2, 1, 1, 3, 1, 1, 1, 1, 3, 2, 0, 2, 3, 2, 0, 2, 2, 1, 0, 0, 0, 3, 3, 3, 2, 2, 1, 0, 0, 0, 1, 2, 3, 3, 0, 3, 3, 3, 0, 3, 3, 1, 2, 1, 1, 3, 3, 3, 3, 2, 1, 3, 0, 2, 1, 3, 0, 1, 1, 1, 3, 0, 2, 0, 1, 1, 3, 3, 1, 2, 2, 3, 1, 2, 1, 0, 1, 0, 3, 3, 1, 0, 3, 1, 3, 1, 1, 3, 3, 1, 3, 0, 0, 0, 0, 3, 1, 3, 0, 0, 2, 3, 0, 1, 0, 1, 1, 3, 1, 2, 3, 0, 2, 1, 0, 0, 2, 0, 3, 1, 3, 0, 3, 0, 3, 3, 1, 3, 1, 0, 1, 2, 2, 2, 1], "predicted_labels": [3, 3, 3, 3, 3, 3, 3, 3, 1, 3, 3, 1, 1, 3, 1, 3, 0, 1, 1, 0, 1, 1, 1, 1, 1, 1, 1, 0, 1, 0, 1, 0, 1, 3, 3, 3, 3, 1, 3, 1, 1, 0, 1, 3, 1, 3, 1, 3, 1, 3, 1, 1, 3, 1, 0, 3, 3, 3, 3, 3, 0, 3, 3, 1, 3, 3, 3, 3, 1, 1, 1, 3, 3, 1, 1, 1, 3, 3, 0, 0, 1, 1, 1, 3, 3, 1, 3, 1, 1, 3, 3, 3, 3, 3, 3, 1, 0, 3, 1, 3, 3, 3, 0, 1, 1, 3, 3, 3, 3, 1, 3, 1, 3, 1, 3, 1, 1, 0, 0, 1, 1, 1, 0, 3, 3, 3, 1, 3, 1, 0, 1, 3, 3, 3, 3, 3, 0, 1, 3, 1, 3, 1], "confidence_scores": [[0.23842937062937064, 0.23263522588522603, 0.23655411255411268, 0.292381290931291], [0.24478589743589754, 0.253785447885448, 0.1993270007770009, 0.30210165390165405], [0.22131659451659466, 0.26031595904095917, 0.25182398157398156, 0.2665434648684649], [0.1943235042735043, 0.26899545454545465, 0.24411440781440788, 0.2925666333666334], [0.1999240259740261, 0.21047259684759695, 0.2581967171717172, 0.3314066600066599], [0.2204245976245977, 0.2541500444000446, 0.2184726237814473, 0.3069527341939108], [0.2432032106782106, 0.2780108030858032, 0.19804103674103676, 0.2807449494949496], [0.28622564935064937, 0.23111923354423372, 0.19317683982683995, 0.2894782772782772], [0.23656969141969142, 0.294384237984238, 0.18828325563325574, 0.2807628149628151], [0.21655468975468978, 0.262357264957265, 0.2295263875013876, 0.2915616577866576], [0.27095382395382406, 0.23257808857808873, 0.21948430099312458, 0.276983786474963], [0.2213537518037518, 0.3151122697563873, 0.21096038536626782, 0.2525735930735931], [0.2242331085581085, 0.28148227197638964, 0.23700295864266469, 0.2572816608228374], [0.2359524531024531, 0.24179259074259077, 0.1843836682924919, 0.3378712878624644], [0.25234167499167504, 0.3376745809745809, 0.21282955932955944, 0.19715418470418472], [0.22796399711399706, 0.27913513708513726, 0.20317987012987027, 0.2897209956709957], [0.2986191569868043, 0.21467991452991472, 0.2106496741820272, 0.2760512543012545], [0.23700840270840282, 0.28669990009990015, 0.19585377596259948, 0.2804379212290978], [0.24304861249861268, 0.28640164280164293, 0.232159534909535, 0.23839020979020975], [0.29004891570417884, 0.23490301014774714, 0.2409289155289156, 0.23411915861915872], [0.2238862470862471, 0.30116014541014563, 0.1971055389055391, 0.27784806859806854], [0.23891986346986357, 0.29965900080311847, 0.22527464888053142, 0.23614648684648704], [0.18939357134093981, 0.294553157953158, 0.27849646464646455, 0.2375568060594378], [0.18726068653568667, 0.35935698468198485, 0.21370052170052187, 0.23968180708180714], [0.21791822066822078, 0.29020415695415697, 0.24358938283938292, 0.2482882395382397], [0.23699509934509935, 0.31140302197802194, 0.204789135864136, 0.246812742812743], [0.24747756687756692, 0.32910803640803643, 0.1697819291819293, 0.25363246753246776], [0.28303001793528126, 0.2483626782574152, 0.22038199300699302, 0.2482253108003109], [0.2675107448107449, 0.2852298828622359, 0.20343609331844642, 0.24382327900857326], [0.30533976856476847, 0.22630193140193147, 0.17150645743145754, 0.29685184260184283], [0.23211118326118338, 0.28833362193362183, 0.20985103230103236, 0.26970416250416257], [0.2732860345536816, 0.2665674508498039, 0.22082181707181714, 0.2393246975246975], [0.25208296703296695, 0.29034452769452757, 0.19055523161049492, 0.2670172736620106], [0.24488330558330565, 0.2448529803529806, 0.20456166888666893, 0.3057020451770453], [0.2414859751359751, 0.2694739815739818, 0.2064146742146743, 0.282625369075369], [0.2720781329781329, 0.26480386835386854, 0.18292106227106236, 0.28019693639693644], [0.2643052725052725, 0.2456751831501833, 0.20204544622044648, 0.2879740981240981], [0.26337379124143834, 0.2881109684433211, 0.18676760461760472, 0.26174763569763565], [0.23628154623154626, 0.2759720890220891, 0.16246745117627487, 0.3252789135700901], [0.2296787767787767, 0.28958330558330564, 0.20771188256188267, 0.27302603507603523], [0.20676406371406375, 0.32871281496281496, 0.2139112609612611, 0.25061186036186045], [0.2930685370185371, 0.24221534021534044, 0.17990637695637704, 0.2848097458097461], [0.2519813630813632, 0.30113181818181817, 0.22231738816738816, 0.22456943056943054], [0.28490232267732274, 0.21888950493950513, 0.1751763736263737, 0.32103179875679877], [0.21141688311688311, 0.28044071157600586, 0.24197001658472247, 0.26617238872238896], [0.2472536241536243, 0.25316328948828964, 0.2203795038295039, 0.2792035825285826], [0.26945632496158817, 0.3258364322811692, 0.16509516594516596, 0.23961207681207686], [0.2225375957375958, 0.25338241480741497, 0.22876818459318457, 0.29531180486180486], [0.23589336219336215, 0.3110090187590189, 0.19183917748917753, 0.2612584415584417], [0.18959930624930632, 0.29505871905871905, 0.20768273948273958, 0.3076592352092352], [0.25135297480297486, 0.29719849039849067, 0.19605240306648988, 0.2553961317320453], [0.24688318903318912, 0.2959905316905317, 0.18402627927627932, 0.27310000000000006], [0.27735370381252744, 0.26112396492396517, 0.14788902568020232, 0.31363330558330554], [0.26299852924852923, 0.3219077644577645, 0.17329626484626492, 0.24179744144744159], [0.29023369963369977, 0.2584608724608725, 0.18619071484071495, 0.2651147130647131], [0.24749547674547684, 0.27310613275613294, 0.18705713175713173, 0.2923412587412587], [0.238369708069708, 0.2490445942945944, 0.23914628704628718, 0.2734394105894107], [0.24431770451770451, 0.27903051948051955, 0.16641645021645032, 0.3102353257853259], [0.2670547730047731, 0.2519968436791967, 0.14976293151293163, 0.3311854518030988], [0.261249150849151, 0.23731108336108336, 0.1993814463314464, 0.3020583194583195], [0.2978659118659118, 0.28140957653457666, 0.19778058608058624, 0.22294392551892564], [0.2100979076479076, 0.2700842435342437, 0.21413219558219565, 0.3056856532356533], [0.2614225940725942, 0.24111614104849421, 0.18771290539525842, 0.30974835948365376], [0.24471751581751602, 0.2972527639027639, 0.18812227217227237, 0.2699074481074482], [0.2713111555111555, 0.2596428793428795, 0.19100001665001667, 0.2780459484959484], [0.2698098845598845, 0.27304653679653695, 0.15552983405483412, 0.30161374458874474], [0.18034030414030416, 0.2820677267177268, 0.2397854256854257, 0.29780654345654345], [0.27378163339928036, 0.26491603559838867, 0.15735014430014435, 0.3039521867021867], [0.23860883005883024, 0.3275319069819069, 0.1736441502941503, 0.2602151126651127], [0.20910317460317457, 0.3587929570429572, 0.16197120657120667, 0.2701326617826617], [0.285946497946498, 0.3294352869352871, 0.146265811965812, 0.2383524031524033], [0.21944781329781338, 0.2663505772005773, 0.231358189033189, 0.28284342046842054], [0.22345461760461763, 0.2801336718836718, 0.16823506493506482, 0.3281766455766454], [0.196773520923521, 0.3272877289377289, 0.22404199689199697, 0.25189675324675326], [0.286718858918859, 0.308988245088245, 0.16257138058020415, 0.24172151541269213], [0.2707090742590743, 0.2949359307359307, 0.18300457516339871, 0.25135041984159634], [0.2568429653679654, 0.24473499278499297, 0.212429945054945, 0.2859920967920969], [0.25093241758241763, 0.2659587329337331, 0.19241432733932742, 0.29069452214452224], [0.2661769064269064, 0.2541736679986682, 0.2231541292041293, 0.2564952963702964], [0.28044164724164716, 0.2667057553557555, 0.2049949217449219, 0.2478576756576758], [0.2026627095127095, 0.325340231990232, 0.19889777999778013, 0.27309927849927856], [0.23972372627372632, 0.2954971694971696, 0.17422131202131214, 0.2905577922077922], [0.20761681096681117, 0.30748198468198473, 0.1851112942612943, 0.29978991008991007], [0.2292089466089467, 0.19930230880230906, 0.18739599844599847, 0.3840927461427461], [0.2689444000444001, 0.22878563658563678, 0.18597075702075694, 0.3162992063492063], [0.2653119408369408, 0.3149960289710291, 0.14255208680208684, 0.2771399433899433], [0.2692221223221224, 0.27178059163059176, 0.17278968808968817, 0.28620759795759815], [0.22113152958152965, 0.329745238095238, 0.20754195804195813, 0.24158127428127446], [0.24668748473748475, 0.28708827459090625, 0.20159543614280467, 0.26462880452880466], [0.23980426240426259, 0.2978471306471309, 0.16403710733710736, 0.2983114996114999], [0.191261915861916, 0.2707043401043403, 0.21553993228993237, 0.32249381174381186], [0.2426924603174604, 0.24824361471861486, 0.1581236652236653, 0.3509402597402594], [0.21241962759462757, 0.27459419746919744, 0.16271648351648352, 0.35026969141969144], [0.24572482313008628, 0.25973622693096393, 0.16260796148296155, 0.3319309884559884], [0.20839630647130655, 0.2737266566766568, 0.1933728965478967, 0.3245041403041403], [0.23991672216672222, 0.3485875624375625, 0.16289921189921194, 0.24859650349650383], [0.26982258297258294, 0.2593613386613388, 0.20479014319014324, 0.2660259351759354], [0.2321721916971918, 0.28418587523587535, 0.16636888666888672, 0.3172730463980464], [0.19433256743256755, 0.33011516816516834, 0.21457763347763353, 0.26097463092463113], [0.22184871517371513, 0.271796400821401, 0.1972563214563215, 0.3090985625485626], [0.24379109224109238, 0.23832282439782435, 0.18891061993562006, 0.32897546342546335], [0.252735497835498, 0.258281168831169, 0.1983636141636143, 0.2906197191697192], [0.2961980443533074, 0.27958579403053097, 0.17239634809634827, 0.25181981351981364], [0.2562911033411034, 0.34096867723779495, 0.16411839957428212, 0.23862181984681988], [0.24022979418242585, 0.30172617002880164, 0.19967206682206687, 0.258371968966706], [0.2779682706182706, 0.2542394577644577, 0.1821848068598069, 0.2856074647574648], [0.30358658563658536, 0.23573924408924424, 0.14363064158064162, 0.31704352869352875], [0.27610240870240876, 0.22408686591186597, 0.21410442335442337, 0.2857063020313021], [0.21488231592968443, 0.2757145132645134, 0.18966595349095358, 0.319737217314849], [0.283713408813409, 0.28841387501387517, 0.15735519480519486, 0.27051752136752144], [0.253898212898213, 0.276300432900433, 0.18825096015096027, 0.2815503940503943], [0.1935146464646466, 0.3279335359085359, 0.19535911310911322, 0.2831927045177046], [0.2560699633699635, 0.24941891996892002, 0.19267550505050518, 0.3018356116106117], [0.2861394716394716, 0.3146462925962924, 0.14392765567765575, 0.25528658008658006], [0.23564297924297928, 0.23651357808857815, 0.16755125152625164, 0.3602921911421913], [0.25209372849372863, 0.30924585969585966, 0.17331796536796545, 0.26534244644244664], [0.2674719807969809, 0.28153298923298936, 0.18859965867465886, 0.2623953712953714], [0.31114977244977227, 0.2800299700299701, 0.166486446886447, 0.24233381063381065], [0.27709900099900125, 0.27243288933288945, 0.18212559940059947, 0.26834251026751044], [0.22309264069264076, 0.32282500277500287, 0.18269224109224125, 0.2713901154401155], [0.21091784677310987, 0.3231919989367359, 0.19730791708291723, 0.26858223720723745], [0.23171584918349641, 0.30808898878898866, 0.18786820287555592, 0.27232695915195915], [0.3021930236430237, 0.28351157731157717, 0.1654441835941836, 0.24885121545121558], [0.2121285547785549, 0.279503119103119, 0.20866252636252644, 0.2997057997557999], [0.2683886280386283, 0.2503572150072151, 0.16029065934065945, 0.3209634976134977], [0.22227829392829404, 0.2740795926295928, 0.16666686091686106, 0.33697525252525234], [0.22940347430347444, 0.29831462426462435, 0.2350838347926584, 0.2371980666392433], [0.25837138417138417, 0.2945800643800644, 0.14525530303030315, 0.30179324841824856], [0.1889102675102676, 0.31437606837606835, 0.24437559940059947, 0.2523380647130647], [0.2920784992784993, 0.28759086469086464, 0.1720113997113998, 0.24831923631923658], [0.21569715839715833, 0.2929024531024532, 0.20393166833166843, 0.2874687201687203], [0.2415117604617605, 0.2523670551670552, 0.17797356532356545, 0.3281476190476191], [0.2298440836940838, 0.23576197691197698, 0.18252705627705632, 0.3518668831168831], [0.27583780663780666, 0.23413445165945168, 0.18367991371373718, 0.30634782798900445], [0.26872355422355443, 0.21802971195471202, 0.17502081807081812, 0.33822591575091576], [0.24843356088356083, 0.29223105505605507, 0.15881165223665222, 0.30052373182373193], [0.34812367077367096, 0.2583344599844602, 0.14747568542568548, 0.24606618381618395], [0.25264241869241877, 0.2780518886342417, 0.2035064546564547, 0.2657992380168852], [0.2441532086334718, 0.24256602491076196, 0.18441449938949947, 0.32886626706626704], [0.2407448690198691, 0.299901911976912, 0.18945490620490626, 0.26989831279831294], [0.25273707958707964, 0.21178922188922197, 0.17456604506604512, 0.3609076534576534], [0.22309744699744696, 0.32111558996559003, 0.19195793650793658, 0.2638290265290267]]}}