{"test": {"ids": ["106117790", "101112201", "110116290", "100110050", "100111270", "102113210", "101110200", "113119300", "110114950", "103110840", "101108121", "102109850", "104116441", "109120150", "113119930", "112118701", "103113260", "97114170", "103109791", "97107920", "97116800", "99117740", "100111080", "111120591", "103111930", "104111620", "110120190", "101113210", "98112300", "107120130", "101109120", "106117650", "111116090", "105115570", "112117571", "110116501", "106113260", "103113170", "108120060", "97105960", "102113981", "104111711", "102114270", "110113931", "111118910", "99108080", "104117200", "113120280", "103113640", "106120290", "101108950", "110113591", "100113370", "104116980", "111120320", "112117660", "99110730", "102110050", "103118110", "109117150", "100109311", "112116610", "109120621", "113121810", "97106820", "106114011", "109120540", "111115770", "97107681", "100109330", "113121220", "109119460", "109116441", "102116500", "109119010", "101112690", "98106880", "106112770", "103111990", "109120560", "99111440", "106113190", "104114240", "107118490", "110115580", "111120260", "99108520", "99107950", "101110150", "98109090", "107119950", "113122190", "100109980", "107114140", "98117740", "103120340", "110118930", "99108710", "106120640", "98113881", "103109641", "105119550", "104113550", "101114990", "102109910", "113121950", "110116170", "113122430", "102110850", "107112850", "105113440", "107113840", "100111390", "99110050", "103110050", "109113931", "110115980", "97106591", "113122120", "108118291", "113120591", "103117461", "103109021", "109118161", "113120780", "107113360", "106115120", "102118380", "112116290", "100108580", "108115870", "112118581", "112116640", "112118421", "97116500", "111121220", "108114670", "113118620", "110114561", "103110760", "107116501", "109115211"], "labels": [1, 0, 2, 3, 2, 3, 2, 1, 0, 1, 0, 1, 1, 2, 1, 0, 3, 2, 3, 0, 0, 2, 0, 1, 3, 0, 3, 3, 2, 2, 1, 1, 3, 0, 3, 3, 3, 3, 1, 2, 1, 1, 3, 1, 0, 3, 3, 0, 1, 2, 2, 0, 3, 1, 1, 0, 3, 3, 2, 2, 1, 1, 1, 2, 1, 1, 1, 3, 3, 0, 3, 1, 3, 1, 3, 1, 0, 1, 2, 1, 3, 0, 0, 2, 1, 3, 2, 1, 1, 1, 3, 1, 1, 2, 2, 1, 1, 2, 3, 3, 1, 1, 1, 3, 2, 3, 0, 2, 3, 1, 0, 3, 2, 3, 3, 1, 1, 1, 1, 3, 0, 0, 0, 0, 0, 0, 1, 1, 0, 0, 3, 1, 0, 3, 2, 3, 3, 3, 0, 1, 1, 0], "predicted_labels": [1, 0, 3, 2, 1, 3, 1, 1, 3, 1, 0, 3, 1, 3, 1, 1, 0, 2, 0, 0, 0, 1, 0, 3, 0, 0, 3, 0, 0, 0, 1, 3, 3, 1, 1, 3, 3, 3, 1, 0, 3, 1, 1, 3, 0, 1, 1, 0, 1, 2, 1, 0, 3, 1, 3, 3, 2, 1, 1, 3, 0, 3, 0, 3, 1, 2, 1, 3, 0, 1, 0, 1, 3, 3, 3, 3, 1, 2, 3, 0, 3, 3, 3, 2, 3, 0, 2, 1, 1, 0, 1, 3, 1, 1, 1, 2, 3, 3, 3, 1, 3, 2, 0, 1, 0, 0, 1, 3, 1, 1, 3, 0, 3, 1, 1, 1, 0, 0, 3, 3, 1, 3, 3, 0, 0, 0, 2, 3, 1, 2, 1, 3, 0, 1, 1, 1, 1, 0, 1, 3, 2, 1], "confidence_scores": [[0.232783982969597, 0.4255358037343832, 0.08879471505657621, 0.2528854982394436], [0.35449898751344217, 0.30843589516050074, 0.13023259414824262, 0.20683252317781436], [0.2896532684635142, 0.1735350889146607, 0.1837460817939518, 0.35306556082787344], [0.24926269421463626, 0.2667036987801933, 0.3518227032563941, 0.13221090374877636], [0.2659994263639136, 0.2777032505988136, 0.26793662781985483, 0.18836069521741808], [0.24589119621412958, 0.20376917178718706, 0.10822492101384928, 0.442114710984834], [0.20677632292037082, 0.3712516106393483, 0.13858733747699747, 0.2833847289632834], [0.27378096996777534, 0.3117728523713585, 0.12880550153011053, 0.2856406761307558], [0.17379651573490879, 0.17448858838247355, 0.07508449731864231, 0.5766303985639754], [0.2523237285034602, 0.3197568889470779, 0.17536505645078357, 0.25255432609867845], [0.7139990388619115, 0.0732205422928477, 0.11116703106291907, 0.1016133877823217], [0.09372571368000887, 0.3172998449916762, 0.1317679865806618, 0.4572064547476531], [0.22399927670174463, 0.4303185631592003, 0.13983197155447705, 0.20585018858457818], [0.25924840241355757, 0.2477192171442597, 0.15561964013922552, 0.3374127403029571], [0.3163584940050549, 0.32803594997767194, 0.13618404302060194, 0.21942151299667126], [0.14682107827104068, 0.41245513694430813, 0.08183337627179446, 0.35889040851285686], [0.3114945263929399, 0.18159700536949455, 0.284010016427142, 0.22289845181042361], [0.18519099459753527, 0.2226093453619363, 0.37143759191711745, 0.2207620681234111], [0.3508879054623971, 0.23635390637464312, 0.12919370137703234, 0.2835644867859274], [0.3210639215898656, 0.2649678467179364, 0.11393262052770554, 0.30003561116449257], [0.43385472124758334, 0.26757235229448284, 0.10894585506831629, 0.18962707138961754], [0.3199493268188966, 0.4008792119944356, 0.10170627702424564, 0.17746518416242235], [0.3309656677763343, 0.1981976991745651, 0.16506288389787843, 0.30577374915122224], [0.28776593252034616, 0.16809501832380971, 0.2265656183584026, 0.31757343079744155], [0.5053597197188808, 0.2941601647390712, 0.11071501203827433, 0.08976510350377374], [0.36755705206952444, 0.340614607385996, 0.12345757566588325, 0.16837076487859648], [0.24798009790855294, 0.261602481806764, 0.1481510421885924, 0.3422663780960907], [0.48864987936145104, 0.19388735263809947, 0.12903998828881355, 0.18842277971163607], [0.44081188163815743, 0.19774620157089215, 0.11542852432817434, 0.2460133924627761], [0.42759461068862614, 0.3287758385136044, 0.07566688773889196, 0.16796266305887741], [0.23722172587595905, 0.31689115169277726, 0.2331254322998441, 0.2127616901314197], [0.08511797033181145, 0.24659399232615772, 0.23958974826808174, 0.4286982890739492], [0.13338168470586162, 0.3280170819784135, 0.1156846146983238, 0.422916618617401], [0.1385581389816472, 0.42020964270858824, 0.10680946182246236, 0.33442275648730224], [0.17962387725366996, 0.4796132318138532, 0.19053141696779408, 0.15023147396468287], [0.26026746054752986, 0.3108184120759754, 0.11238570532106615, 0.3165284220554287], [0.18044104921781698, 0.28612779922034465, 0.15354576751531138, 0.379885384046527], [0.2475103427913621, 0.26638406688117944, 0.21161438432369056, 0.274491206003768], [0.1451096512775048, 0.42385582310370395, 0.2262792167742445, 0.2047553088445467], [0.4673772475225858, 0.24379511192156542, 0.09056910486229736, 0.19825853569355148], [0.1982030295474946, 0.21439457543469462, 0.21500311962029656, 0.3723992753975144], [0.3902532344209985, 0.41435525418425423, 0.08895022547834938, 0.10644128591639786], [0.13378710923155882, 0.6963314602373963, 0.06590473452147216, 0.10397669600957275], [0.3438344401728314, 0.17006823401664603, 0.08077317516741502, 0.4053241506431078], [0.3291750413742297, 0.25398212199644576, 0.09898782972258036, 0.3178550069067443], [0.17976594127747286, 0.30402453738892743, 0.2536206336812589, 0.26258888765234084], [0.2857009499670561, 0.320287029482694, 0.18931205660174028, 0.20469996394850973], [0.3961536184456911, 0.1470086654258912, 0.0898917833306362, 0.36694593279778154], [0.25548328473013115, 0.5355780115118384, 0.05492720415622907, 0.1540114996018013], [0.13551272957006671, 0.23542588503055215, 0.4495528350533439, 0.1795085503460372], [0.1271925428252745, 0.45741509160990096, 0.14498682129437512, 0.27040554427044955], [0.37072993141836186, 0.25113492242197116, 0.09123505311967206, 0.2869000930399949], [0.10087264737838351, 0.19573409400419728, 0.24494958027069416, 0.4584436783467252], [0.07759741594695845, 0.5911340303606812, 0.14478635687918273, 0.18648219681317757], [0.15011028896295436, 0.1922293813383567, 0.19898136781184322, 0.4586789618868457], [0.23385200335755402, 0.1728344524898657, 0.10780776231228634, 0.4855057818402939], [0.10131859610881097, 0.13891965193007394, 0.7183916491093789, 0.04137010285173632], [0.19633196872064795, 0.3213414888200264, 0.2020441362230203, 0.2802824062363054], [0.09333764481786654, 0.48517341117951535, 0.31669773056739786, 0.10479121343522024], [0.2246675212606798, 0.1833948649687325, 0.10786575691453423, 0.48407185685605364], [0.47484641455451826, 0.2723615059805498, 0.09742327538860436, 0.15536880407632733], [0.16628919822448843, 0.3560646395185888, 0.11644393044233659, 0.3612022318145863], [0.4530698099032651, 0.1623280059226027, 0.09324940303997344, 0.2913527811341588], [0.14606823476408706, 0.28250072656386155, 0.2174405182079258, 0.3539905204641257], [0.24347429290136466, 0.4133984887808265, 0.12351354879229379, 0.21961366952551511], [0.15297256870278117, 0.18496963857134094, 0.40472763524524547, 0.25733015748063254], [0.13844753859964873, 0.5207114020965128, 0.11140060093281406, 0.22944045837102442], [0.1512434643222213, 0.10202073744138539, 0.049096824909336916, 0.6976389733270564], [0.4048026607328565, 0.2691128542818293, 0.12813208507056098, 0.19795239991475333], [0.3333083406917019, 0.3464872045515664, 0.18125607245018854, 0.13894838230654305], [0.4685248182543027, 0.19600486499730896, 0.12362607925717964, 0.21184423749120862], [0.17401210559770253, 0.5526505827886333, 0.10909316927217005, 0.16424414234149418], [0.3289848492241568, 0.14817859383589005, 0.09972334037470225, 0.42311321656525097], [0.11556132178159473, 0.2972879804054253, 0.21024296488169592, 0.3769077329312841], [0.1984161146753576, 0.281780442825212, 0.10040069403693222, 0.4194027484624983], [0.1739072830845398, 0.2547046985339786, 0.15917240130904567, 0.4122156170724359], [0.19823239507326174, 0.4654965912364629, 0.16619222118391533, 0.1700787925063601], [0.07521239117435707, 0.17706917695004112, 0.4250514555439163, 0.32266697633168545], [0.30009298028219866, 0.19541969575515888, 0.16190007521554828, 0.3425872487470942], [0.3471912908184087, 0.1529280099383632, 0.1663894320147654, 0.33349126722846273], [0.1449696042785182, 0.19389222629661718, 0.26670453342983147, 0.39443363599503317], [0.23839739004461882, 0.10896445939235767, 0.14079625946182092, 0.5118418911012027], [0.23161410145762515, 0.19662260951604313, 0.15796305036613198, 0.41380023866019977], [0.18569584058811284, 0.23680113248222492, 0.353935200165591, 0.22356782676407136], [0.11470631016493739, 0.2147530033728394, 0.26013548805811587, 0.4104051984041075], [0.38288823540047945, 0.25194117165826296, 0.1263215229323624, 0.2388490700088952], [0.07341342273967631, 0.2823421903169, 0.5080798327903847, 0.13616455415303905], [0.0812400803799886, 0.4391085637890232, 0.27838464595640106, 0.20126670987458725], [0.23041953633365908, 0.4096902734985735, 0.15265520300242919, 0.2072349871653383], [0.4495804614403619, 0.15213873357374144, 0.08580771778706828, 0.31247308719882827], [0.26193384003328274, 0.33187508479435224, 0.13215042675847652, 0.27404064841388853], [0.3178539144557278, 0.22969704459747176, 0.0851930424893799, 0.3672559984574207], [0.24218373314647196, 0.30412659856314384, 0.1600487618968128, 0.2936409063935714], [0.27697312449216555, 0.3385253179265913, 0.16427371665825438, 0.2202278409229888], [0.10661853101181124, 0.5529411990055002, 0.20697235589259036, 0.1334679140900983], [0.03842470342622293, 0.03648929668968002, 0.8933107083967743, 0.0317752914873226], [0.27600944822366946, 0.18811813813925318, 0.24649241324665463, 0.28938000039042283], [0.23101133374871746, 0.2981266319777628, 0.132018536958947, 0.33884349731457286], [0.2756175081651243, 0.23589157899154822, 0.1456998111357705, 0.34279110170755694], [0.2144239992546493, 0.42503647560801466, 0.12895466443211598, 0.2315848607052201], [0.25041454089365583, 0.25656192852198784, 0.23632272431647106, 0.25670080626788533], [0.20061992378034635, 0.27414998940578705, 0.39922040041677587, 0.12600968639709084], [0.4725984104937101, 0.19849611474937648, 0.11930010810130565, 0.20960536665560772], [0.3359781976335278, 0.342245743537587, 0.18817557247812097, 0.13360048635076427], [0.4556228075104069, 0.08523493566702568, 0.38203564743237906, 0.0771066093901882], [0.551339869276508, 0.10847133924309184, 0.18510617573106916, 0.15508261574933083], [0.2559279627213326, 0.47338243759723103, 0.07663312074490815, 0.19405647893652833], [0.2730396075757499, 0.1609861425291646, 0.11103392781812223, 0.4549403220769632], [0.12489306984203127, 0.43899425461480246, 0.07422648023002393, 0.3618861953131424], [0.11731130955217633, 0.5263574512746467, 0.0953379446042352, 0.26099329456894144], [0.22834869080007528, 0.2704481356251991, 0.10745761480762231, 0.3937455587671033], [0.35514936303398126, 0.17132918425110333, 0.3526849936666307, 0.12083645904828484], [0.1449412955758234, 0.1885703849482743, 0.19034056633712632, 0.47614775313877594], [0.23986672388281322, 0.2855016961069471, 0.24253028648747302, 0.2321012935227667], [0.24491449386844494, 0.32879963468728846, 0.30944419654302563, 0.11684167490124107], [0.16472833161499412, 0.4578301627436817, 0.17791593811454975, 0.19952556752677447], [0.42888052586951814, 0.25846561722896844, 0.09284141664054209, 0.2198124402609713], [0.4488686108524985, 0.3094377591079552, 0.08525622828780867, 0.15643740175173776], [0.19663255829664436, 0.2367545748066048, 0.10736515757059902, 0.459247709326152], [0.2912924227687948, 0.21331692891489715, 0.08894667525969817, 0.4064439730566099], [0.2377853598893552, 0.4129419735284335, 0.1500100089648723, 0.19926265761733905], [0.19635535115853447, 0.3127168056476616, 0.1531681189295872, 0.33775972426421685], [0.13825018279118192, 0.08653118952697798, 0.3638490839992875, 0.4113695436825527], [0.45453069171015104, 0.25749407120132956, 0.11008012506807596, 0.17789511202044364], [0.35489423930143227, 0.2394569090881869, 0.1642535646240352, 0.24139528698634571], [0.6163207630790041, 0.23191334298730265, 0.059535251739117716, 0.09223064219457565], [0.2192320231145317, 0.21726839770457565, 0.367798278855741, 0.19570130032515184], [0.18718920668714656, 0.2418394317359846, 0.14710514880502135, 0.42386621277184744], [0.2659803444917689, 0.388406609340658, 0.11652106172102783, 0.22909198444654538], [0.12709588337690744, 0.17816539959527508, 0.5186484223725821, 0.17609029465523532], [0.31791113981550395, 0.34331859944670146, 0.11123262510683929, 0.22753763563095514], [0.2233671767065855, 0.2350356670810726, 0.13089369297491524, 0.4107034632374267], [0.38266277838000445, 0.2516541215156801, 0.12609186129780656, 0.23959123880650898], [0.1622910378870732, 0.5064422339980292, 0.09787406696339028, 0.23339266115150728], [0.19311433474478737, 0.3379007275267169, 0.2918089719910585, 0.1771759657374372], [0.22936126898463055, 0.3981634796453678, 0.1461946612837223, 0.22628059008627932], [0.20784235484454539, 0.3862764842022064, 0.2264593327690801, 0.1794218281841683], [0.28202389853963283, 0.26073913099196444, 0.1929311795637578, 0.264305790904645], [0.14475531080907475, 0.42664686896923926, 0.08831557110986933, 0.34028224911181665], [0.20565758586809596, 0.24890110527713188, 0.1436224489334404, 0.4018188599213319], [0.1515991221187021, 0.08034869669267333, 0.6564561205425054, 0.1115960606461193], [0.11791873113573115, 0.5033293187537462, 0.18258434540399782, 0.19616760470652486]]}, "rewritten": {"ids": ["97105960", "97106591", "97106820", "97107681", "97107920", "97114170", "97116500", "97116800", "98106880", "98109090", "98112300", "98113881", "98117740", "99107950", "99108080", "99108520", "99108710", "99110050", "99110730", "99111440", "99117740", "100108580", "100109311", "100109330", "100109980", "100110050", "100111080", "100111270", "100111390", "100113370", "101108121", "101108950", "101109120", "101110150", "101110200", "101112201", "101112690", "101113210", "101114990", "102109850", "102109910", "102110050", "102110850", "102113210", "102113981", "102114270", "102116500", "102118380", "103109021", "103109641", "103109791", "103110050", "103110760", "103110840", "103111930", "103111990", "103113170", "103113260", "103113640", "103117461", "103118110", "103120340", "104111620", "104111711", "104113550", "104114240", "104116441", "104116980", "104117200", "105113440", "105115570", "105119550", "106112770", "106113190", "106113260", "106114011", "106115120", "106117650", "106117790", "106120290", "106120640", "107112850", "107113360", "107113840", "107114140", "107116501", "107118490", "107119950", "107120130", "108114670", "108115870", "108118291", "108120060", "109113931", "109115211", "109116441", "109117150", "109118161", "109119010", "109119460", "109120150", "109120540", "109120560", "109120621", "110113591", "110113931", "110114561", "110114950", "110115580", "110115980", "110116170", "110116290", "110116501", "110118930", "110120190", "111115770", "111116090", "111118910", "111120260", "111120320", "111120591", "111121220", "112116290", "112116610", "112116640", "112117571", "112117660", "112118421", "112118581", "112118701", "113118620", "113119300", "113119930", "113120280", "113120591", "113120780", "113121220", "113121810", "113121950", "113122120", "113122190", "113122430"], "labels": [2, 1, 1, 3, 0, 2, 2, 0, 0, 1, 2, 3, 2, 1, 3, 2, 2, 3, 3, 3, 2, 0, 1, 0, 1, 3, 0, 2, 2, 3, 0, 2, 1, 1, 2, 0, 1, 3, 3, 1, 2, 3, 3, 3, 1, 3, 1, 1, 0, 1, 3, 3, 1, 1, 3, 2, 3, 3, 1, 0, 2, 1, 0, 1, 1, 0, 1, 1, 3, 0, 0, 1, 1, 0, 3, 1, 1, 1, 1, 2, 3, 1, 0, 3, 2, 1, 2, 3, 2, 3, 3, 3, 1, 1, 0, 3, 2, 0, 3, 1, 2, 1, 1, 1, 0, 1, 0, 0, 1, 1, 0, 2, 3, 1, 3, 3, 3, 0, 3, 1, 1, 3, 0, 1, 0, 3, 0, 3, 1, 0, 3, 1, 1, 0, 0, 0, 3, 2, 3, 1, 1, 2], "predicted_labels": [0, 1, 3, 0, 1, 2, 3, 2, 0, 0, 0, 3, 1, 1, 1, 2, 1, 1, 2, 3, 0, 2, 3, 1, 1, 2, 3, 2, 3, 3, 0, 1, 1, 1, 2, 1, 1, 1, 1, 3, 0, 2, 1, 0, 3, 1, 3, 2, 3, 2, 0, 0, 0, 2, 2, 3, 1, 2, 1, 1, 1, 2, 0, 0, 0, 3, 3, 3, 1, 1, 1, 1, 2, 3, 3, 1, 2, 2, 1, 2, 0, 1, 3, 0, 1, 2, 1, 0, 0, 1, 1, 0, 2, 1, 1, 0, 3, 0, 0, 1, 0, 0, 0, 1, 0, 3, 1, 3, 1, 0, 1, 1, 3, 1, 1, 3, 3, 0, 1, 2, 0, 3, 1, 3, 0, 2, 0, 3, 1, 1, 1, 2, 1, 3, 2, 1, 0, 3, 0, 3, 3, 1], "confidence_scores": [[0.37833242530515354, 0.27971315307785855, 0.13904228771211144, 0.2029121339048764], [0.3004799049768198, 0.3680793845045816, 0.09006861388924657, 0.24137209662935225], [0.2537552574678212, 0.15200825409962992, 0.18716881587252057, 0.4070676725600285], [0.47940786609665803, 0.2263679485927535, 0.10688232944416577, 0.1873418558664227], [0.29104065964889864, 0.31672416354177285, 0.10327857726807797, 0.28895659954125064], [0.14471811391971284, 0.11865322119074595, 0.6298271527636566, 0.10680151212588451], [0.18818166476811243, 0.2882642992341402, 0.22240474289297832, 0.30114929310476907], [0.2658300734935211, 0.2651560663174286, 0.3043506303302705, 0.16466322985877974], [0.35959685549173437, 0.29173442840696384, 0.16233977561766316, 0.1863289404836386], [0.41912136897500124, 0.16853352417539905, 0.09780421746475476, 0.314540889384845], [0.4213726200677854, 0.268380106349031, 0.07165685905493337, 0.23859041452825025], [0.15237201068644518, 0.32425489277996955, 0.11974352821238692, 0.4036295683211984], [0.12901439505626836, 0.4284238590992359, 0.28856452812827676, 0.15399721771621885], [0.12416617993395708, 0.36381348757677495, 0.24272218060835787, 0.2692981518809101], [0.1841144842764891, 0.33549402027106784, 0.15057499596278484, 0.32981649948965813], [0.11632292372468378, 0.11066691781424884, 0.39597665517889474, 0.3770335032821727], [0.2529058721611957, 0.40297902933221913, 0.11731826299138085, 0.2267968355152044], [0.17793989069494126, 0.6231179525972865, 0.07876161144107435, 0.12018054526669804], [0.15371894497212693, 0.15700888989359113, 0.5793438582925888, 0.10992830684169314], [0.2033384631659904, 0.2043510390243681, 0.14552325661328175, 0.4467872411963597], [0.37917107651372667, 0.23589019664561234, 0.09132705830314118, 0.29361166853751974], [0.1694503271064277, 0.24348931847687988, 0.3297349492470035, 0.25732540516968894], [0.2682430855170199, 0.22424217931309265, 0.1178118189422676, 0.3897029162276198], [0.24583042219255197, 0.2957694446764127, 0.1870320394110365, 0.2713680937199989], [0.17583387007653858, 0.3692221813650126, 0.13127429618225392, 0.3236696523761951], [0.2985009767743875, 0.2749360090806707, 0.3041721745401557, 0.1223908396047862], [0.19100732097240133, 0.22031125838603854, 0.13812982070305171, 0.45055159993850835], [0.1292807190704813, 0.24538639309574745, 0.5305548285978652, 0.09477805923590618], [0.2840558665976795, 0.16959692806987955, 0.11858157452684136, 0.42776563080559954], [0.10493465124185598, 0.38268516972711386, 0.07558030364134129, 0.4367998753896888], [0.4312115578344388, 0.1616614924519306, 0.1455561527314483, 0.2615707969821823], [0.0481154646540232, 0.6032587976185484, 0.19439292354935672, 0.1542328141780719], [0.3134864185105712, 0.3394674292960007, 0.1202482719704583, 0.22679788022296987], [0.258045124158388, 0.38623533628273105, 0.105380782881013, 0.250338756677868], [0.20795239510719482, 0.25388328566989826, 0.329463886089334, 0.2087004331335728], [0.30623154211284265, 0.3183895351761304, 0.13617592078825783, 0.23920300192276903], [0.2738113690450293, 0.3287386244882938, 0.0786054782165434, 0.31884452825013354], [0.3046688031935324, 0.42501229372367055, 0.12239465081887158, 0.14792425226392542], [0.14398451450893957, 0.5805098713889677, 0.13077623644867453, 0.14472937765341806], [0.1645719587920765, 0.2779826168249249, 0.22353509778501285, 0.33391032659798586], [0.4027821352680392, 0.1765764713271061, 0.12775661739255045, 0.2928847760123041], [0.3386534057786293, 0.12864859084140506, 0.43914429291253027, 0.09355371046743528], [0.0881399480112037, 0.534785023785114, 0.07611377674079126, 0.30096125146289104], [0.3891392045784269, 0.28205363563639374, 0.10665705336929207, 0.22215010641588728], [0.19358188887166883, 0.18726753855872338, 0.15694317080687617, 0.4622074017627316], [0.2163274853151264, 0.631388491638759, 0.05489280008752344, 0.0973912229585912], [0.2084939209912485, 0.21146442151013428, 0.22699657991800218, 0.353045077580615], [0.29488694462912174, 0.20318240477306812, 0.2960681857117729, 0.20586246488603727], [0.2964376029166315, 0.20038165154127288, 0.18441641481096493, 0.31876433073113064], [0.210456528082899, 0.15030854037418667, 0.45845862033094203, 0.18077631121197235], [0.3367313259932198, 0.24428926218108699, 0.2016598112309113, 0.21731960059478184], [0.5714811854729654, 0.13851426388147267, 0.15183951393888645, 0.13816503670667535], [0.4176319936909211, 0.14425147444905154, 0.08946809669555986, 0.34864843516446753], [0.1473435223073626, 0.24154053889807117, 0.42593875673959125, 0.18517718205497485], [0.3126601036568094, 0.23714219048621865, 0.3127234401538819, 0.1374742657030899], [0.1864977782421895, 0.2835604968009732, 0.14132638296559835, 0.388615341991239], [0.24481648284458654, 0.33361050934994285, 0.20090232272679087, 0.22067068507867968], [0.2681549144512202, 0.17700992742991906, 0.3846415147058952, 0.17019364341296564], [0.231068152576952, 0.5636726698560683, 0.0718377529007152, 0.1334214246662643], [0.26236140030073335, 0.3995370341847478, 0.10964251361999387, 0.22845905189452487], [0.19251630446039505, 0.4418848851203173, 0.2703601942481997, 0.09523861617108792], [0.2002689676473424, 0.1937296211815335, 0.43276751325059487, 0.17323389792052915], [0.3911560942879519, 0.11358236740408516, 0.12254432599461004, 0.3727172123133529], [0.5120750072761865, 0.21933386557871143, 0.058663102833467616, 0.20992802431163451], [0.36819330392571575, 0.267995734223174, 0.13547024825003648, 0.22834071360107394], [0.20186061999053795, 0.22552929515686349, 0.2502712198245573, 0.32233886502804127], [0.3059336255461276, 0.23572049637609993, 0.12702122352260367, 0.3313246545551688], [0.10287664470689091, 0.29697173361531515, 0.2814969368370035, 0.3186546848407904], [0.307973068995227, 0.3262395337246239, 0.11537199063128549, 0.25041540664886375], [0.24731428079013193, 0.3999233414297706, 0.07964210676958483, 0.2731202710105128], [0.15039039071620708, 0.4961217934024614, 0.16445550618552165, 0.18903230969581], [0.21074883879298068, 0.3999025388103469, 0.17033228285302895, 0.21901633954364344], [0.06906156160993249, 0.08430656613558699, 0.7607342190943406, 0.0858976531601399], [0.23472776628367334, 0.31445503052309237, 0.10889274541386589, 0.3419244577793685], [0.1706102654283064, 0.21296189923474915, 0.2685064512570163, 0.34792138407992823], [0.28567946815082873, 0.2935237774410633, 0.2282588327588268, 0.19253792164928124], [0.21177272629625712, 0.2439005806658895, 0.35528406449846067, 0.18904262853939285], [0.10869550807485465, 0.3700627849279177, 0.47027699013070956, 0.050964716866518184], [0.2170564260750464, 0.39864382555933914, 0.09075448560047791, 0.2935452627651365], [0.32793084941678335, 0.1641024540909881, 0.3484659226285067, 0.15950077386372188], [0.30225182637740605, 0.2846720220499414, 0.23512849024699667, 0.17794766132565604], [0.0856968655069697, 0.6220167632684254, 0.13749380719504864, 0.15479256402955638], [0.2705005149751215, 0.26187051396652467, 0.12826013488620056, 0.33936883617215335], [0.3557305107426177, 0.23036348551934838, 0.16037446104737857, 0.25353154269065536], [0.28625722952119353, 0.31964894330082677, 0.18189551773342982, 0.21219830944454982], [0.3140032216443121, 0.1664241142284863, 0.3182998817761091, 0.2012727823510925], [0.1501381166279881, 0.39366320914376696, 0.2115485619519606, 0.24465011227628447], [0.4128419912224064, 0.2560065303944428, 0.15120538843664066, 0.1799460899465103], [0.42796068665024917, 0.1737903160644836, 0.12317996849864564, 0.2750690287866216], [0.26500988468639697, 0.4169544633109433, 0.16706344306140777, 0.15097220894125196], [0.22306305252639858, 0.3402446754262623, 0.20863616375004518, 0.22805610829729392], [0.3945289612551809, 0.21083642916533035, 0.15055865688684825, 0.24407595269264046], [0.2528728949650374, 0.23952789278064274, 0.3416440750389922, 0.16595513721532767], [0.1861273608559475, 0.6445645949157832, 0.06935886148046534, 0.09994918274780387], [0.10435484695404322, 0.6557188530883789, 0.07581606101278937, 0.16411023894478866], [0.4879526172148284, 0.18169560459349046, 0.07650863881847295, 0.2538431393732083], [0.26093204065965997, 0.27669572544447063, 0.1111771812423585, 0.35119505265351086], [0.34602827233653105, 0.3357184989407167, 0.1718425695647669, 0.14641065915798535], [0.5344800006998817, 0.0807407004028319, 0.3315568472590512, 0.053222451638235226], [0.2731126234072368, 0.42954591785796864, 0.13292436728238197, 0.16441709145241265], [0.3638649126119456, 0.23933796793325995, 0.12378121822751643, 0.27301590122727815], [0.30232406987016547, 0.27661403944935475, 0.21970186511345524, 0.2013600255670246], [0.36183157574361346, 0.27347636998103647, 0.09095426357699932, 0.2737377906983508], [0.27972908337339863, 0.51352993583549, 0.09885986044925375, 0.10788112034185747], [0.34527534916974145, 0.3447639115499085, 0.1585440233924494, 0.15141671588790057], [0.3616155109955953, 0.16546002911388916, 0.07785812213582827, 0.39506633775468736], [0.17880261652404378, 0.5668310597800146, 0.10083684070112862, 0.1535294829948132], [0.21749495561119353, 0.2053693556596738, 0.2529776058321391, 0.3241580828969935], [0.12696304813556256, 0.5018202930387153, 0.2023683552961056, 0.16884830352961652], [0.4099074555705838, 0.2648066287544502, 0.12203771345480745, 0.20324820222015857], [0.25053736682427785, 0.424762964721845, 0.082927484198967, 0.24177218425491012], [0.2680973952222017, 0.30132551290175547, 0.2538735633574715, 0.17670352851857146], [0.26088530054337933, 0.19926056699224942, 0.06744619261052057, 0.4724079398538507], [0.203045289825386, 0.3210972957427511, 0.16467852134317285, 0.31117889308869], [0.22539077307397123, 0.29572647296175075, 0.23241761567179542, 0.24646513829248265], [0.29745086027086337, 0.20916353376556704, 0.10344984948014015, 0.38993575648342943], [0.1296919860895405, 0.24014536853376606, 0.19744975364034245, 0.432712891736351], [0.3145175486912375, 0.29051615864536234, 0.20947079206174649, 0.18549550060165362], [0.12268446500743443, 0.7705497093497523, 0.0458754685590085, 0.06089035708380506], [0.26656984002843426, 0.19797252151948483, 0.3481320865845939, 0.18732555186748703], [0.704889780425313, 0.07852292545545753, 0.09582299028511954, 0.12076430383410998], [0.29648053736319063, 0.2786788695466964, 0.1200859316037253, 0.3047546614863876], [0.2708794203414836, 0.3786606138916916, 0.1789438516070832, 0.17151611415974163], [0.29338582746890296, 0.23614385069279978, 0.10939666493224982, 0.36107365690604765], [0.42288516528798065, 0.15910464767338092, 0.11162444695511009, 0.3063857400835283], [0.3016408558511055, 0.201012819880791, 0.4109208843044554, 0.08642543996364799], [0.4293120065536478, 0.1808041147518008, 0.1553011491367186, 0.23458272955783277], [0.3241358374536621, 0.15445874916682592, 0.06002061644833892, 0.461384796931173], [0.20294796823418532, 0.3955400793748886, 0.08140235208528643, 0.3201096003056397], [0.2108427910730589, 0.3995192163332719, 0.11851121874722023, 0.271126773846449], [0.12896399689350038, 0.4173032291510139, 0.07523233327400561, 0.37850044068148003], [0.19192047388553096, 0.15887243906930867, 0.4867564756995863, 0.16245061134557415], [0.3342794563509288, 0.3490972502216823, 0.10196451166673788, 0.21465878176065095], [0.32023312874645415, 0.136155408538107, 0.0920644617765145, 0.45154700093892436], [0.24093096688746238, 0.17047755414189905, 0.5229580212496372, 0.06563345772100136], [0.2103669377442963, 0.35249259450553366, 0.24480997179410302, 0.19233049595606694], [0.3295370960170496, 0.2564752103158087, 0.09244483543893574, 0.32154285822820583], [0.19082381881143978, 0.2558615640898989, 0.1691870890389209, 0.38412752805974043], [0.3083028542625539, 0.23698851157155876, 0.2377567261693555, 0.21695190799653177], [0.1954672123890166, 0.28293548789815276, 0.17848405360453004, 0.34311324610830046], [0.20963670125809014, 0.2801986204014884, 0.11149279735961536, 0.39867188098080614], [0.11748223980525184, 0.3572202389459757, 0.23652505403604676, 0.2887724672127257]]}}