{"test": {"ids": ["99112300", "110113591", "112119610", "110120640", "108115500", "104111531", "99108330", "110118930", "104111990", "103113101", "108120621", "100109360", "97109570", "111114121", "109116170", "98107010", "111117000", "101111310", "103113640", "110115580", "97118210", "98111620", "98110680", "106116441", "106116370", "107120880", "113118690", "101110740", "106113190", "110119891", "113122180", "111118810", "98112300", "100111270", "110114720", "98109230", "105119950", "111119950", "100116500", "111118820", "102110890", "98107340", "107116501", "113120640", "113121950", "104111711", "112118161", "113122220", "113120070", "102112301", "98107380", "106113360", "101109370", "99108520", "105117431", "110117500", "111117200", "107118120", "108114200", "112117780", "97112830", "113122320", "107118820", "112117580", "113122190", "103113170", "103111990", "113121980", "99109780", "108114670", "107116300", "112116900", "113119360", "109117730", "101108621", "108116120", "106111321", "112118581", "109118231", "113118620", "110114651", "108117720", "112121430", "107114200", "105120280", "103113210", "102112030", "97116500", "109116810", "108115070", "105120621", "106116640", "112121360", "102109010", "108117360", "108119330", "109116441", "99112641", "106115250", "111116530", "108117451", "111120260", "102110690", "109114270", "105121370", "112121030", "108119510", "99111620", "99107630", "100109890", "98120010", "111116170", "103110840", "104116980", "107119130", "101108460", "99120010", "105112100", "106118161", "98110810", "98111670", "106114880", "98108520", "104111620", "100111620", "102121700", "112118890", "110115710", "113119480", "98108580", "98108150", "112121410", "113120780", "112118880", "109116750", "109113591", "105118171", "97107920", "111120640", "112117431", "109117150", "108121410"], "labels": [0, 0, 0, 0, 3, 0, 1, 1, 2, 3, 1, 0, 0, 0, 0, 3, 0, 3, 1, 1, 2, 3, 2, 0, 2, 1, 3, 3, 0, 3, 2, 0, 2, 2, 3, 1, 3, 0, 2, 0, 0, 0, 1, 0, 3, 1, 0, 1, 2, 1, 1, 0, 1, 2, 1, 1, 0, 3, 0, 0, 2, 1, 3, 0, 1, 3, 2, 2, 2, 3, 0, 3, 0, 3, 0, 1, 0, 1, 1, 3, 3, 1, 2, 2, 3, 3, 2, 2, 3, 1, 1, 3, 3, 1, 1, 0, 3, 1, 2, 3, 2, 3, 0, 3, 2, 0, 1, 3, 2, 3, 2, 0, 1, 1, 1, 0, 2, 1, 3, 1, 1, 0, 2, 0, 3, 1, 3, 2, 3, 0, 0, 0, 0, 1, 0, 3, 3, 0, 0, 0, 2, 0], "predicted_labels": [1, 1, 1, 1, 1, 3, 3, 1, 0, 1, 1, 3, 3, 1, 1, 1, 1, 1, 3, 0, 3, 1, 1, 1, 3, 3, 3, 1, 1, 3, 1, 3, 3, 1, 1, 2, 3, 3, 2, 3, 3, 3, 1, 1, 3, 3, 3, 3, 3, 3, 3, 1, 2, 1, 1, 3, 3, 3, 1, 0, 0, 3, 1, 3, 3, 3, 1, 3, 1, 1, 1, 3, 3, 1, 3, 3, 1, 3, 1, 3, 3, 3, 3, 3, 1, 0, 3, 3, 1, 0, 3, 3, 3, 1, 3, 0, 0, 1, 3, 1, 3, 1, 3, 3, 3, 3, 3, 1, 3, 3, 3, 1, 1, 3, 3, 1, 1, 3, 1, 1, 3, 1, 0, 3, 0, 0, 3, 1, 3, 3, 1, 1, 3, 1, 0, 1, 1, 3, 1, 3, 1, 0], "confidence_scores": [[0.23930420274170275, 0.27683026695526697, 0.21893885281385284, 0.26492667748917753], [0.2665921717171717, 0.29256607281607294, 0.16015254190254183, 0.2806892135642136], [0.1994624125874126, 0.3080729617604618, 0.19679861111111113, 0.29566601454101443], [0.1847316711066711, 0.32937914862914874, 0.24319413919413926, 0.24269504107004114], [0.22454215229215232, 0.3705116133866133, 0.21523534798534796, 0.1897108863358863], [0.27420658508158513, 0.2599572510822511, 0.16402849927849925, 0.3018076645576646], [0.15425804750804745, 0.2740070346320346, 0.2631655774780775, 0.30856934038184053], [0.20644733738483736, 0.3767345848595849, 0.13843460012210004, 0.2783834776334775], [0.3381298423798425, 0.30665180652680646, 0.1577906954156954, 0.19742765567765566], [0.25022916666666667, 0.30228787878787877, 0.17459036796536792, 0.27289258658008664], [0.22539502164502168, 0.3419446941946942, 0.15831318681318682, 0.2743470973470974], [0.22399830724830735, 0.23208062770562773, 0.19581277056277055, 0.34810829448329444], [0.22765512265512264, 0.2823410617160619, 0.19895811133311134, 0.29104570429570426], [0.21725595238095227, 0.35137148268398277, 0.12704437229437227, 0.3043281926406926], [0.20049587503999264, 0.35636478798978793, 0.16645892995892994, 0.27668040701128943], [0.2497660533910534, 0.2975766594516593, 0.17719372294372293, 0.2754635642135642], [0.23560714285714288, 0.2994585275835276, 0.20309901209901204, 0.2618353174603174], [0.26545376845376845, 0.31368777056277053, 0.16669372294372295, 0.254164738039738], [0.2855942252192253, 0.23637505550005555, 0.18733320845820842, 0.29069751082251083], [0.28465957653457663, 0.24977368464868474, 0.2092451298701299, 0.256321608946609], [0.21429035343741223, 0.2512181290931292, 0.21057010350760355, 0.32392141396185514], [0.1613445165945166, 0.3201920093795094, 0.25858143939393946, 0.25988203463203474], [0.23318163780663784, 0.2858156565656565, 0.26149458874458875, 0.21950811688311694], [0.24777176295926295, 0.34293321955821954, 0.1685913530913531, 0.24070366439116442], [0.25892628205128204, 0.18164123376623378, 0.18327257464757465, 0.3761599095349095], [0.22696706765456767, 0.2577825507825508, 0.2026030844155844, 0.31264729714729705], [0.26918109668109674, 0.2806318542568543, 0.16085768398268394, 0.2893293650793652], [0.22952516233766235, 0.336187950937951, 0.20972543428793425, 0.22456145243645248], [0.2509460678210678, 0.3451542207792207, 0.12473466810966809, 0.2791650432900433], [0.17576767676767677, 0.25949224386724384, 0.17443849206349207, 0.3903015873015875], [0.2517530316905317, 0.3011884920634922, 0.1708644064269064, 0.2761940698190699], [0.25877741702741697, 0.26958910533910535, 0.15461976911976907, 0.3170137085137084], [0.2555797258297259, 0.23691040903540908, 0.20601047563547567, 0.3014993894993896], [0.14699139749139747, 0.3168846292596294, 0.26156769619269626, 0.27455627705627705], [0.21410146797646804, 0.27945815295815296, 0.25092694805194815, 0.25551343101343105], [0.22928601953601951, 0.26032833832833835, 0.26105916305916305, 0.24932647907647904], [0.24983043345543354, 0.2656729797979798, 0.20764610389610386, 0.2768504828504828], [0.20040734265734264, 0.2661307720057719, 0.18433118270618262, 0.34913070263070267], [0.18466937229437236, 0.25032554945054963, 0.2860658369408369, 0.2789392413142414], [0.29974134199134206, 0.24194967532467535, 0.14630555555555552, 0.3120034271284272], [0.16985196747696749, 0.2378885281385281, 0.23486778499278496, 0.3573917193917194], [0.20265716228216227, 0.2178050144300144, 0.25082020063270055, 0.3287176226551227], [0.24285714285714288, 0.3082008477633478, 0.18031718975468972, 0.26862481962481966], [0.2530912698412699, 0.301406204906205, 0.17926443001443, 0.2662380952380953], [0.22658730158730156, 0.2357279942279943, 0.22434848484848488, 0.31333621933621936], [0.1922241577866578, 0.2330481601731602, 0.2012929431679431, 0.3734347388722389], [0.22981372793872798, 0.28815043290043296, 0.18574002386502386, 0.2962958152958153], [0.26467530386280386, 0.2578163225663227, 0.16375038156288155, 0.313757992007992], [0.2262323926073926, 0.2624161810411811, 0.23389520202020198, 0.27745622433122435], [0.22852530802530804, 0.28900885225885226, 0.18934632034632035, 0.2931195193695193], [0.17530606199356197, 0.26643001443001446, 0.2389235001110001, 0.3193404234654234], [0.22365627917833802, 0.34590909090909094, 0.17106331168831168, 0.25937131822425935], [0.23843392718392725, 0.24205225330225325, 0.27603432678432677, 0.2434794927294927], [0.21013739038739032, 0.31019497169497173, 0.2091763098013098, 0.2704913281163282], [0.20601354201354194, 0.32367096302390436, 0.1789383720854309, 0.291377122877123], [0.2506285173160174, 0.26903030303030306, 0.16623665223665224, 0.31410452741702755], [0.23827110389610381, 0.28373735986236, 0.17163632201132198, 0.30635521423021417], [0.22879354469060356, 0.277087481962482, 0.14685750360750358, 0.3472614697394109], [0.259437715062715, 0.28887408424908423, 0.1724816572316572, 0.27920654345654344], [0.2979281413031413, 0.25040975690975703, 0.1800495476745477, 0.2716125541125541], [0.30166522366522375, 0.2625003607503609, 0.21212476412476408, 0.22370965145965147], [0.26055402236652236, 0.28920652958152976, 0.15145256132756127, 0.29878688672438686], [0.22907581797287677, 0.27375080475080477, 0.235287518037518, 0.2618858592388005], [0.2185378787878788, 0.2523457653457654, 0.23264033189033184, 0.29647602397602396], [0.17496049783549783, 0.2616237373737374, 0.223987012987013, 0.33942875180375176], [0.19094200937950936, 0.2658345404595404, 0.25950514069264075, 0.2837183094683094], [0.2662493339993341, 0.3143883616383617, 0.17690108502608498, 0.24246121933621928], [0.2077525252525252, 0.30419300144300143, 0.17710227272727275, 0.31095220057720063], [0.2513472777222779, 0.29100757575757574, 0.19740102952602953, 0.260244116994117], [0.22404711954711956, 0.2776277750027751, 0.2580553335553335, 0.240269771894772], [0.2702172827172827, 0.29299683649683655, 0.15346217671217668, 0.283323704073704], [0.26325203962703964, 0.2676901154401155, 0.1400281385281385, 0.32902970640470636], [0.24402895021645019, 0.27681890331890335, 0.19536850649350648, 0.28378363997114], [0.26814640914640914, 0.2775687229437229, 0.18580122655122655, 0.26848364135864133], [0.21784487734487729, 0.28327579365079364, 0.17531931956931954, 0.32356000943500957], [0.25361868686868677, 0.2024965728715728, 0.17893578643578645, 0.3649489538239539], [0.23147963841713842, 0.2963333333333334, 0.1967279387279387, 0.27545908952158954], [0.19073593073593076, 0.24481457431457443, 0.2493151154401155, 0.3151343795093796], [0.2111924603174603, 0.3060073260073261, 0.22559900516150524, 0.25720120851370853], [0.243684163059163, 0.29218614718614727, 0.16242099567099566, 0.3017086940836942], [0.2315463564213565, 0.26706715506715506, 0.144027417027417, 0.35735907148407153], [0.2832547640268229, 0.2539559884559885, 0.14086453823953818, 0.3219247092776506], [0.25194383394383396, 0.25595895077145076, 0.20936962343212343, 0.28272759185259183], [0.21919895382395377, 0.32098845598845605, 0.13224044011544012, 0.32757215007215], [0.1657095959595959, 0.34323402985903, 0.22735436785436783, 0.26370200632700647], [0.28224850149850156, 0.27915097402597405, 0.20501930014430012, 0.23358122433122439], [0.2285708874458876, 0.24131457431457423, 0.24558513708513705, 0.28452940115440134], [0.24847245809745808, 0.224805631868132, 0.22497895160395165, 0.30174295843045845], [0.24082864357864348, 0.3496942085692086, 0.17382869907869908, 0.23564844877344876], [0.29874626762126766, 0.28344282106782115, 0.1814917374292374, 0.23631917388167387], [0.2427899531024531, 0.20892839105339112, 0.10650072150072147, 0.4417809343434344], [0.22637032412032404, 0.21890458152958156, 0.17327487789987786, 0.3814502164502165], [0.2881313686313685, 0.25165019702519714, 0.16283982683982687, 0.29737860750360756], [0.24543500943500934, 0.3273107864357865, 0.1833290945165944, 0.2439251096126096], [0.15618459808165686, 0.2714401154401155, 0.21294552669552672, 0.35942975978270103], [0.29085761460761456, 0.24583187645687643, 0.18888127150627157, 0.2744292374292375], [0.3146583694083694, 0.27407593795093804, 0.17899314574314576, 0.23227254689754687], [0.2281316738816739, 0.281198287823288, 0.22722781385281388, 0.2634422244422245], [0.16550649350649344, 0.26594943944943944, 0.25428198190698187, 0.3142620851370851], [0.21104599567099566, 0.3701340187590187, 0.17386381673881676, 0.24495616883116886], [0.24618499066293187, 0.27817612044817935, 0.13989285714285712, 0.33574603174603185], [0.2714247835497836, 0.31787860750360764, 0.15554112554112548, 0.25515548340548333], [0.25624175824175827, 0.2895128066378067, 0.14657674270174265, 0.30766869241869244], [0.19942776667776663, 0.2630469946719947, 0.23022220834720838, 0.3073030303030303], [0.20330194805194807, 0.28747146889058656, 0.2187613636363636, 0.29046521942110176], [0.29967179144385026, 0.2169770923520924, 0.12703300865800862, 0.3563181075460487], [0.24099236874236876, 0.283978354978355, 0.19005952380952384, 0.28496975246975237], [0.21522546897546901, 0.2910336052836053, 0.2169961358086357, 0.27674478993229007], [0.2073891247641248, 0.20952895021645024, 0.16883152958152958, 0.41425039543789555], [0.2749924797424798, 0.2285413614163614, 0.20490981240981243, 0.2915563464313464], [0.21054118104118108, 0.2718650793650793, 0.23825872738372733, 0.27933501221001217], [0.21567469336219344, 0.33513510101010097, 0.1261314935064935, 0.32305871212121207], [0.24812229437229444, 0.26253012265512266, 0.25854383116883123, 0.23080375180375182], [0.14497162559662566, 0.2731085303585303, 0.26082593795093795, 0.32109390609390615], [0.2154210650460651, 0.31167902236652245, 0.12157893495393492, 0.35132097763347764], [0.2801641414141415, 0.34735203685203686, 0.14435936285936285, 0.2281244588744589], [0.1844941912662501, 0.3181152597402598, 0.21539958652458654, 0.28199096246890365], [0.21059083971583972, 0.2801820818070819, 0.17301466588966588, 0.33621241258741263], [0.2577864912864912, 0.3029618992118992, 0.17830321067821064, 0.2609483988233988], [0.20625285825285822, 0.33789067876567885, 0.24298651348651365, 0.2128699494949495], [0.2421787379287379, 0.25036610611610616, 0.22344710844710844, 0.2840080475080475], [0.27541425241425244, 0.276575980392157, 0.19737518037518043, 0.2506345868184104], [0.2915431096681097, 0.2516002886002886, 0.17796320346320343, 0.2788933982683983], [0.24609794372294377, 0.21243676258382138, 0.16933116883116883, 0.3721341248620659], [0.29187896825396825, 0.27385714285714297, 0.1879861111111111, 0.2462777777777778], [0.3498941891441892, 0.25193380230880236, 0.14754773004773006, 0.2506242784992785], [0.217867784992785, 0.2843160173160173, 0.1764173881673882, 0.3213988095238096], [0.2330530303030303, 0.32714087301587297, 0.1940669191919192, 0.24573917748917753], [0.25168681318681324, 0.24843452380952374, 0.16700889388389384, 0.33286976911976907], [0.2526056998556999, 0.2603771645021645, 0.21165349927849925, 0.2753636363636365], [0.20501587301587298, 0.3174040265290265, 0.17179888167388163, 0.3057812187812188], [0.22745328282828287, 0.33671771284271274, 0.18171121933621934, 0.25411778499278503], [0.19660699023199016, 0.27934169996669994, 0.2102984654234654, 0.3137528443778444], [0.20025234487734483, 0.28312391774891776, 0.23384289321789326, 0.2827808441558442], [0.3133886183261184, 0.27992433261183264, 0.1495658924408924, 0.2571211566211567], [0.20352581242287132, 0.3591803751803751, 0.17941901154401155, 0.257874800852742], [0.2565238095238095, 0.2995312604062605, 0.1671439532689533, 0.2768009768009769], [0.2865913441134029, 0.18164646464646464, 0.15099963924963922, 0.38076255199049336], [0.21829924242424234, 0.3213071789321789, 0.18609830447330444, 0.2742952741702743], [0.2760021645021644, 0.23531114718614726, 0.16150414862914858, 0.32718253968253974], [0.25741002747252756, 0.3400437062937064, 0.1978792041292041, 0.2046670621045621], [0.29594082306582303, 0.2709829198579199, 0.22587878787878787, 0.20719746919746926]]}, "rewritten": {"ids": ["97107920", "97109570", "97112830", "97116500", "97118210", "98107010", "98107340", "98107380", "98108150", "98108520", "98108580", "98109230", "98110680", "98110810", "98111620", "98111670", "98112300", "98120010", "99107630", "99108330", "99108520", "99109780", "99111620", "99112300", "99112641", "99120010", "100109360", "100109890", "100111270", "100111620", "100116500", "101108460", "101108621", "101109370", "101110740", "101111310", "102109010", "102110690", "102110890", "102112030", "102112301", "102121700", "103110840", "103111990", "103113101", "103113170", "103113210", "103113640", "104111531", "104111620", "104111711", "104111990", "104116980", "105112100", "105117431", "105118171", "105119950", "105120280", "105120621", "105121370", "106111321", "106113190", "106113360", "106114880", "106115250", "106116370", "106116441", "106116640", "106118161", "107114200", "107116300", "107116501", "107118120", "107118820", "107119130", "107120880", "108114200", "108114670", "108115070", "108115500", "108116120", "108117360", "108117451", "108117720", "108119330", "108119510", "108120621", "108121410", "109113591", "109114270", "109116170", "109116441", "109116750", "109116810", "109117150", "109117730", "109118231", "110113591", "110114651", "110114720", "110115580", "110115710", "110117500", "110118930", "110119891", "110120640", "111114121", "111116170", "111116530", "111117000", "111117200", "111118810", "111118820", "111119950", "111120260", "111120640", "112116900", "112117431", "112117580", "112117780", "112118161", "112118581", "112118880", "112118890", "112119610", "112121030", "112121360", "112121410", "112121430", "113118620", "113118690", "113119360", "113119480", "113120070", "113120640", "113120780", "113121950", "113121980", "113122180", "113122190", "113122220", "113122320"], "labels": [0, 0, 2, 2, 2, 3, 0, 1, 0, 2, 0, 1, 2, 1, 3, 1, 2, 2, 2, 1, 2, 2, 3, 0, 1, 2, 0, 3, 2, 3, 2, 0, 0, 1, 3, 3, 1, 0, 0, 2, 1, 1, 1, 2, 3, 3, 3, 1, 0, 0, 1, 2, 1, 1, 1, 3, 3, 3, 1, 2, 0, 0, 0, 0, 2, 2, 0, 3, 3, 2, 0, 1, 3, 3, 1, 1, 0, 3, 1, 3, 1, 1, 2, 1, 0, 1, 1, 0, 3, 3, 0, 3, 0, 3, 2, 3, 1, 0, 3, 3, 1, 2, 1, 1, 3, 0, 0, 0, 3, 0, 0, 0, 0, 0, 3, 0, 3, 0, 0, 0, 0, 1, 1, 3, 0, 0, 3, 0, 2, 3, 3, 0, 3, 2, 0, 0, 3, 2, 2, 1, 1, 1], "predicted_labels": [3, 3, 3, 0, 3, 3, 3, 3, 1, 3, 0, 1, 3, 1, 1, 3, 0, 1, 3, 3, 1, 0, 1, 1, 0, 1, 3, 0, 1, 1, 3, 0, 3, 1, 1, 1, 3, 1, 3, 3, 1, 0, 1, 1, 0, 1, 1, 0, 3, 3, 3, 0, 1, 3, 1, 0, 3, 1, 3, 1, 3, 3, 1, 1, 1, 3, 1, 3, 0, 3, 3, 3, 3, 1, 3, 3, 0, 1, 1, 1, 3, 3, 3, 3, 3, 1, 1, 1, 1, 3, 3, 0, 1, 1, 1, 3, 3, 3, 3, 1, 0, 3, 1, 1, 3, 1, 1, 1, 3, 1, 3, 1, 0, 1, 1, 1, 3, 3, 1, 0, 1, 2, 1, 3, 1, 3, 3, 1, 0, 0, 0, 1, 3, 1, 1, 3, 3, 3, 1, 3, 3, 3], "confidence_scores": [[0.3105565317035905, 0.20537698412698416, 0.12261682761682763, 0.361449656552598], [0.26477639027639027, 0.22790545565545567, 0.20264903846153853, 0.3046691156066156], [0.2108184523809524, 0.2615564643689644, 0.17710511016761013, 0.3505199730824732], [0.27362950937950925, 0.2232662198912199, 0.2424758297258298, 0.260628441003441], [0.22896712111417997, 0.24113510101010102, 0.19972176434676434, 0.3301760135289547], [0.271299062049062, 0.26653553391053386, 0.16226839826839823, 0.2998970057720059], [0.25637310606060604, 0.17182251082251082, 0.2131189019314019, 0.3586854811854813], [0.21793960900210899, 0.2584101731601732, 0.1971674783549784, 0.32648273948273954], [0.21286476023976023, 0.3584595820845821, 0.17506489343989337, 0.2536107642357643], [0.26477056277056277, 0.25434803391053395, 0.18065133477633474, 0.3002300685425686], [0.30040712759462773, 0.25148985042735045, 0.19529152791652787, 0.25281149406149406], [0.232891539016539, 0.2748647741147742, 0.26611453823953823, 0.22612914862914862], [0.23202615440115446, 0.24419287656787667, 0.23600517538017532, 0.2877757936507937], [0.24577405233655245, 0.37302345571095574, 0.19168234543234547, 0.18952014652014643], [0.2277584776334777, 0.3236280663780664, 0.19609794372294378, 0.2525155122655123], [0.23363860445110446, 0.2611209207459207, 0.22980187173937167, 0.2754386030636029], [0.2735128066378067, 0.25746951659451667, 0.20764790764790764, 0.2613697691197692], [0.2525746753246753, 0.27630994005994003, 0.20263522588522584, 0.2684801587301588], [0.24954787369493253, 0.23963194444444447, 0.18626244588744587, 0.3245577359731772], [0.21841378066378062, 0.2614173881673882, 0.24877182539682552, 0.2713970057720058], [0.18322956210456204, 0.332079170829171, 0.21165995115995112, 0.273031315906316], [0.28291024253524255, 0.2756576479076478, 0.17058560883560875, 0.27084650072150074], [0.22045863858363857, 0.2854922091797093, 0.2220617576867577, 0.2719873945498945], [0.2631127344877344, 0.31048502886002893, 0.1568138528138528, 0.2695883838383839], [0.27448640248640255, 0.2600002775002776, 0.21046564546564542, 0.25504767454767463], [0.2158667721167722, 0.30272041847041853, 0.2042596153846154, 0.27715319402819405], [0.2505939542483659, 0.26099765512265516, 0.16691071428571427, 0.32149767634326454], [0.34094624819624836, 0.22891683316683323, 0.1762272727272727, 0.2539096459096459], [0.21093752081252076, 0.3079374791874792, 0.22794354256854263, 0.2531814574314575], [0.2373075604950605, 0.29044060106560105, 0.18976037157287162, 0.28249146686646687], [0.24577092352092353, 0.23918957431457444, 0.23467658730158736, 0.28036291486291487], [0.3271716200466201, 0.30995217282717286, 0.16645375457875455, 0.19642245254745258], [0.292139194139194, 0.24034884559884556, 0.1492251637251637, 0.3182867965367965], [0.22261213786213788, 0.3106210317460318, 0.21436495448995455, 0.2524018759018759], [0.22623708236208237, 0.358287323787324, 0.18982056138306141, 0.2256550324675325], [0.24862694250194253, 0.33343456543456546, 0.16843919968919965, 0.2494992923742924], [0.22076500582750577, 0.2898002136752137, 0.19062869769119767, 0.2988060828060829], [0.28092267454767456, 0.2949078282828283, 0.15299377011877005, 0.2711757270507272], [0.24928228715728715, 0.24749845293595296, 0.16635912698412691, 0.3368601329226329], [0.20944101731601739, 0.26731782106782104, 0.21759433621933627, 0.3056468253968255], [0.2304332611832612, 0.34915326340326336, 0.1921549422799423, 0.22825853313353306], [0.3694411976911977, 0.2267337523587524, 0.16850958763458768, 0.2353154623154623], [0.2547608086358087, 0.27039561827061825, 0.2528323898323899, 0.2220111832611833], [0.29862827450327445, 0.3098489010989011, 0.15542163392163388, 0.23610119047619052], [0.28850252525252523, 0.27992297979797987, 0.18273232323232322, 0.24884217171717174], [0.20638905538905544, 0.3060412851037851, 0.2221798340548341, 0.2653898254523254], [0.2821256660006661, 0.3118276168276169, 0.16174062049062043, 0.24430609668109665], [0.32303975191475187, 0.24610770765182535, 0.16496801809301812, 0.2658845223404047], [0.2790620282495282, 0.25910551948051946, 0.1775627913752914, 0.28426966089466094], [0.2541291853571266, 0.2881846258316847, 0.1544041375291375, 0.3032820512820514], [0.19680647824397815, 0.2520725108225108, 0.20559880397380392, 0.345522206959707], [0.33246474358974365, 0.25540988178488183, 0.15066255966255965, 0.26146281496281504], [0.2014562937062937, 0.3167771811521811, 0.1831477272727273, 0.29861879786879786], [0.2606112914862914, 0.24607646520146523, 0.21975955988455997, 0.27355268342768346], [0.21727260239760235, 0.3467425442204855, 0.1933256514727102, 0.24265920190920195], [0.31214606227106223, 0.26374870268620265, 0.17562408424908427, 0.24848115079365088], [0.2572119963369964, 0.2824554612054613, 0.1514420995670996, 0.308890442890443], [0.20793699356199358, 0.3239323384948385, 0.20099152236652235, 0.26713914557664564], [0.2540200216450217, 0.2544413919413919, 0.12434271284271285, 0.3671958735708736], [0.20007647907647907, 0.31798535777947534, 0.18866612554112552, 0.29327203760292], [0.27388089688089684, 0.2820716505716505, 0.14013709901209898, 0.3039103535353534], [0.24404535742035743, 0.2830008325008326, 0.17188598901098895, 0.30106782106782104], [0.2114662886133474, 0.30791143578643587, 0.21679527417027422, 0.26382700142994264], [0.2598529942279943, 0.3356055749805751, 0.20340373515373514, 0.20113769563769562], [0.20816246253746246, 0.29111538461538466, 0.2148498584748585, 0.2858722943722944], [0.28180339105339103, 0.19751388888888896, 0.17471260683760687, 0.3459701132201133], [0.2615390948920362, 0.327029503176562, 0.17312658175158174, 0.23830482017982024], [0.2484909812409812, 0.2635912698412699, 0.16854852092352085, 0.319369227994228], [0.2836474220224221, 0.2619103119103119, 0.17766053391053382, 0.27678173215673235], [0.22438257575757567, 0.28947474747474744, 0.15676939033189036, 0.3293732864357865], [0.2865621878121879, 0.2543401182151183, 0.15251513764013755, 0.3065825563325564], [0.2538488455988455, 0.2745226370851371, 0.16203382034632036, 0.309594696969697], [0.20564347254053136, 0.28624092574092574, 0.1751192279942279, 0.3329963737243149], [0.16241930291930284, 0.301676504051504, 0.2604739010989012, 0.27543029193029195], [0.22966881035631034, 0.3049816017316017, 0.15426300782550778, 0.31108658008658013], [0.26790259740259736, 0.22504972804972806, 0.19281655844155846, 0.3142311161061162], [0.343059287934288, 0.25214543789543803, 0.16594216894216887, 0.23885310522810535], [0.2350689588189589, 0.2917853674103674, 0.22442983405483408, 0.24871583971583985], [0.26625672938172934, 0.3141580670146846, 0.19397261766011764, 0.2256125859434683], [0.2599373126873127, 0.3281399156399155, 0.1698719197469197, 0.242050851925852], [0.2899264256984846, 0.2194359668109669, 0.17865824453324458, 0.3119793629573043], [0.17988293650793646, 0.27923543123543126, 0.248525876900877, 0.29235575535575536], [0.2433970959595959, 0.20153586691086683, 0.15949364524364523, 0.3955733918858919], [0.2520947712418301, 0.25543470418470415, 0.16199873737373735, 0.3304717871997284], [0.25601443001443, 0.26541779054279063, 0.17109465534465534, 0.3074731240981242], [0.2556789321789321, 0.3076987734487733, 0.16850108225108215, 0.2681212121212121], [0.25029653679653674, 0.3127022699522699, 0.17146398046398048, 0.2655372127872128], [0.30646259296259293, 0.30909883172383174, 0.17346857309357314, 0.21097000222000223], [0.2456845793095794, 0.3538366425241425, 0.16304965867465868, 0.23742911949161957], [0.20982745726495725, 0.2405839577089577, 0.17915079365079362, 0.3704377913752914], [0.24623494560994563, 0.2763681457431457, 0.18018217893217892, 0.2972147297147298], [0.3109695998445999, 0.25386807636807635, 0.1796022588522588, 0.2555600649350649], [0.2764140512265513, 0.33728039321789316, 0.15109974747474741, 0.23520580808080807], [0.22296356421356422, 0.310862012987013, 0.17841509879009887, 0.28775932400932397], [0.2157561674436675, 0.36239301874595986, 0.20128560818266703, 0.22056520562770565], [0.2396362942612943, 0.2936244588744589, 0.1360361305361305, 0.33070311632811633], [0.24648172660672668, 0.25135424297924297, 0.22426479076479075, 0.27789923964923957], [0.2370591630591631, 0.2958947163947165, 0.14796982184482182, 0.3190762987012988], [0.25070658508158516, 0.2852928599178599, 0.15310458985458983, 0.31089596514596524], [0.1499983766233766, 0.3467049062049062, 0.24084379509379508, 0.2624529220779221], [0.2926404567654568, 0.2339808247308247, 0.19795725108225107, 0.2754214674214674], [0.2535108502608503, 0.2754733599733601, 0.17178268953268952, 0.29923310023310024], [0.27125432900432905, 0.31018470418470423, 0.15188401875901872, 0.26667694805194814], [0.2106998556998557, 0.34275485625485624, 0.1519463869463869, 0.29459890109890113], [0.2174412531912532, 0.2773834776334776, 0.20029716117216115, 0.3048781080031081], [0.19808881396381395, 0.3124410936285937, 0.22412182262182262, 0.26534826978576986], [0.25134653540903534, 0.3116559343434344, 0.16041816516816515, 0.27657936507936515], [0.23456385281385286, 0.2991266233766234, 0.1914363275613276, 0.2748731962481962], [0.25530554168054176, 0.2807778055278055, 0.17020940170940171, 0.29370725108225115], [0.22037170264376146, 0.33879940198690195, 0.20469413919413923, 0.23613475617519733], [0.2659368686868686, 0.26221643634143643, 0.17595919358419354, 0.29588750138750136], [0.2859985014985013, 0.3086940836940838, 0.1439514790764791, 0.26135593573093585], [0.2930221861471863, 0.27604978354978355, 0.16295869408369407, 0.26796933621933633], [0.2089496198246198, 0.3132942612942612, 0.19270869408369404, 0.2850474247974249], [0.28320382395382404, 0.313789183039183, 0.17045627983127976, 0.23255071317571313], [0.2556000666000666, 0.29250059662559674, 0.19131979131979138, 0.2605795454545455], [0.2486670621045621, 0.2664268231768233, 0.18238441419691423, 0.3025217005217006], [0.2593640526140526, 0.28696368908868913, 0.14386598124098118, 0.30980627705627706], [0.22472637085137095, 0.29419262681762687, 0.19069563769563774, 0.2903853646353647], [0.3344222791097792, 0.2498998223998225, 0.16415643384393389, 0.2515214646464647], [0.28350334387834386, 0.2869580627705629, 0.18148232323232316, 0.24805627011877004], [0.1581327561327561, 0.2621911976911977, 0.2957169913419913, 0.2839590548340549], [0.2402335858585858, 0.2881899350649352, 0.18662536075036074, 0.28495111832611836], [0.2470792402042402, 0.27361813186813194, 0.1984828366078366, 0.28081979131979135], [0.22489194139194135, 0.2840731421356422, 0.21602155483405475, 0.2750133616383616], [0.30409605672105666, 0.208757215007215, 0.10956944444444439, 0.3775772838272839], [0.25554556554556557, 0.26933643439893445, 0.18286549561549556, 0.2922525044400045], [0.2796203102453103, 0.3065044538794538, 0.1632162698412698, 0.250658966033966], [0.3143376831501832, 0.22636164529914538, 0.1837318376068376, 0.27556883394383386], [0.2849938672438671, 0.28271825396825406, 0.14739087301587303, 0.28489700577200583], [0.3141259573759575, 0.23779040404040397, 0.16249687812187807, 0.2855867604617606], [0.23082269119769122, 0.3211515151515152, 0.20487031024531016, 0.24315548340548343], [0.24774002386502386, 0.2784167568542568, 0.14947065434565426, 0.32437256493506494], [0.21742857142857144, 0.29282954545454554, 0.20977093739593738, 0.27997094572094566], [0.2513516761016761, 0.3066948468198469, 0.17781168831168834, 0.26414178876678884], [0.2240001526251526, 0.2700676406926406, 0.1976203796203796, 0.30831182706182714], [0.19970879120879118, 0.2732660533910534, 0.2471688311688312, 0.2798563242313243], [0.21295869408369414, 0.2687748917748919, 0.17477326839826846, 0.34349314574314577], [0.2784714105339105, 0.30586408730158743, 0.1653464105339105, 0.2503180916305917], [0.23345834027084028, 0.2457595598845599, 0.1985576645576646, 0.32222443528693534], [0.27556626706626697, 0.2464605533355535, 0.18637712981462978, 0.29159604978354986], [0.27163659951159963, 0.29942658730158733, 0.12440628815628817, 0.3045305250305252]]}}