{"test": {"ids": ["113119320", "108117610", "100109801", "103111990", "113117340", "100111390", "97106820", "109117730", "110113931", "112116540", "110119300", "101109120", "104119290", "97113900", "110118161", "111120260", "98120530", "105115250", "113119700", "109120560", "110114720", "109113881", "101110740", "102117351", "101115190", "109114220", "109115380", "111118910", "107119130", "111114941", "99111000", "98109570", "111116530", "105120280", "106113830", "112121030", "111119950", "105118171", "108114040", "105112260", "99119830", "102108621", "108114670", "100120780", "98108150", "97111790", "99108080", "106114011", "106113360", "110114321", "112116850", "99107660", "112116900", "107114200", "110120190", "99108580", "111120540", "111117000", "113118810", "113117401", "111118301", "99105921", "112119450", "112121410", "99107950", "109118701", "110120700", "109118161", "98116090", "107121700", "99112840", "100120010", "111116040", "110120531", "111116010", "111116640", "99112300", "100116500", "101113210", "103111930", "101119591", "107118820", "105117351", "108113700", "112117660", "107121540", "109117271", "113122120", "106121190", "99109910", "103111620", "99117630", "104112201", "107119950", "107118490", "106118820", "111119250", "112119120", "99108710", "110118740", "105116650", "113121680", "111121190", "101117580", "112117461", "113118820", "99109370", "112118620", "107119390", "109121410", "109121640", "111116100", "113120540", "112117780", "107115250", "98106111", "109116170", "113121190", "112118550", "113122320", "102113350", "108114270", "99117740", "113121410", "113122230", "110114920", "98111670", "105121190", "100113210", "99112531", "108118520", "98119591", "112117210", "107113360", "109116810", "113120260", "111119430", "103111110", "108120621", "110118810", "112120540", "111120591"], "labels": [1, 3, 0, 2, 2, 2, 1, 3, 1, 1, 1, 1, 1, 2, 0, 3, 1, 2, 0, 1, 3, 0, 3, 1, 1, 3, 3, 0, 1, 0, 2, 1, 3, 3, 1, 0, 0, 3, 0, 3, 1, 3, 3, 1, 0, 2, 3, 1, 0, 1, 0, 3, 3, 2, 3, 0, 1, 0, 3, 3, 3, 1, 3, 0, 1, 3, 2, 0, 0, 3, 2, 0, 0, 0, 1, 0, 0, 2, 3, 3, 0, 3, 0, 0, 0, 2, 0, 1, 2, 2, 0, 3, 0, 3, 2, 3, 1, 1, 2, 3, 1, 1, 1, 3, 0, 0, 1, 3, 2, 0, 0, 3, 3, 0, 2, 0, 0, 1, 3, 1, 3, 3, 2, 0, 1, 3, 1, 2, 0, 3, 0, 1, 1, 0, 3, 3, 3, 3, 1, 1, 3, 1], "predicted_labels": [1, 3, 3, 1, 3, 3, 0, 0, 3, 1, 3, 3, 1, 0, 1, 0, 3, 1, 1, 3, 1, 0, 1, 1, 0, 3, 1, 2, 1, 1, 3, 0, 3, 1, 0, 0, 0, 3, 2, 3, 2, 3, 1, 0, 2, 2, 0, 1, 3, 3, 3, 0, 3, 1, 3, 0, 1, 3, 1, 3, 0, 1, 0, 3, 1, 0, 3, 1, 3, 3, 2, 2, 3, 0, 2, 0, 3, 2, 3, 1, 3, 1, 3, 3, 0, 1, 3, 1, 1, 2, 3, 3, 3, 3, 2, 1, 0, 0, 1, 3, 2, 2, 0, 3, 3, 1, 1, 0, 1, 1, 1, 1, 1, 3, 1, 2, 0, 1, 3, 1, 3, 1, 0, 3, 2, 1, 0, 1, 3, 3, 0, 0, 2, 0, 3, 3, 3, 0, 3, 0, 1, 3], "confidence_scores": [[0.1421117927176335, 0.7696281340652872, 0.021315205141939787, 0.06694486807513944], [0.05080460376154829, 0.3217352208128192, 0.08882869184018181, 0.5386314835854508], [0.013706941270231041, 0.13173654323678946, 0.007818792052463799, 0.8467377234405157], [0.15686083204598952, 0.34833924609556577, 0.1950385601276812, 0.2997613617307636], [0.16410613338772975, 0.32112640214049815, 0.019572141965690775, 0.4951953225060813], [0.12846066998980576, 0.07003339701377459, 0.24716039457392805, 0.5543455384224916], [0.528294469735254, 0.2422106179162105, 0.025444171936245496, 0.20405074041229007], [0.49023343843435313, 0.2367808787428456, 0.20809081664619103, 0.06489486617661022], [0.43653055147195124, 0.051108837015626934, 0.06740278934967665, 0.4449578221627451], [0.05390738697843678, 0.7035682307884205, 0.0958624979298502, 0.1466618843032925], [0.191450827112097, 0.1501366102821435, 0.26494275353111485, 0.39346980907464474], [0.31056850879388936, 0.029102102847476385, 0.03146183354433141, 0.6288675548143028], [0.088299114094844, 0.5641118198401295, 0.09614499464517791, 0.2514440714198487], [0.5900079088948841, 0.2056762794676567, 0.17974905092978552, 0.02456676070767371], [0.21646032045195732, 0.6107824019130619, 0.02137799716104891, 0.15137928047393198], [0.7947445564702251, 0.08506194466641748, 0.01711636236284395, 0.10307713650051363], [0.07131816563249156, 0.23036819258560462, 0.0757444099924455, 0.6225692317894583], [0.1325364298938009, 0.47331402780353377, 0.02898260960717022, 0.3651669326954952], [0.2284477496228219, 0.4372938428946807, 0.13434658005317549, 0.19991182742932187], [0.3577807293444671, 0.08033905361527861, 0.11760113434884911, 0.44427908269140515], [0.035470653736799, 0.5886285578584529, 0.327188361040702, 0.048712427364046025], [0.7573610599779682, 0.09530391938427783, 0.12454644485802292, 0.022788575779731066], [0.3478112059384827, 0.38088877132285215, 0.15652658833146935, 0.1147734344071959], [0.0338023361708333, 0.9145546709551712, 0.009533942719587393, 0.04210905015440811], [0.6384432640086275, 0.12013475044284061, 0.08247234425146965, 0.15894964129706227], [0.22953458809600957, 0.04533615856996252, 0.003385865707402564, 0.7217433876266254], [0.03394822474471023, 0.8794922420641957, 0.05173601448650224, 0.0348235187045916], [0.13151907216908978, 0.25386426896733505, 0.34410068859980975, 0.2705159702637655], [0.09561584289462333, 0.5047012153370386, 0.1808734487853452, 0.2188094929829929], [0.055973395499330794, 0.637747972685944, 0.014207712800072367, 0.2920709190146529], [0.025426260282698183, 0.3073453662533567, 0.23123538280452233, 0.43599299065942276], [0.6615640215107351, 0.1399214338353041, 0.0777763126480097, 0.12073823200595117], [0.015527292230085695, 0.3773091291209216, 0.003023112174307512, 0.6041404664746851], [0.041083506598035224, 0.9063851235833166, 0.007166836293506771, 0.0453645335251414], [0.6406057472727517, 0.20546211011454701, 0.037584383158393034, 0.11634775945430835], [0.6503140264991895, 0.0692861377862481, 0.1309822276578441, 0.14941760805671822], [0.6655436204863775, 0.09912169161472478, 0.02750138307921769, 0.20783330481968001], [0.3937711765364237, 0.18736319147915692, 0.011366910471127145, 0.40749872151329225], [0.08660539468010818, 0.2301937726675458, 0.5945420030975956, 0.08865882955475042], [0.04367270235312869, 0.4084043820230074, 0.02353381793529625, 0.5243890976885677], [0.40157047020894227, 0.08604481631263157, 0.4365003901268703, 0.07588432335155587], [0.1308115649995858, 0.2464902783080927, 0.0020183832105392704, 0.6206797734817822], [0.22784962336128917, 0.4246558945905034, 0.009404050284423288, 0.33809043176378406], [0.5844481575797386, 0.14499628297367997, 0.12926176629708297, 0.14129379314949847], [0.09515535692698418, 0.26708411606573634, 0.47563824867813154, 0.162122278329148], [0.17171591494846072, 0.2612146498003116, 0.5158039130911639, 0.05126552216006369], [0.7203231087411924, 0.18232008595502117, 0.013956240891208796, 0.08340056441257772], [0.12358509192211414, 0.7165695993318932, 0.04751530979572131, 0.1123299989502713], [0.12796630113726865, 0.2417488234247884, 0.014100270496313036, 0.61618460494163], [0.29049376047983533, 0.18326357633757154, 0.13973507994797554, 0.38650758323461754], [0.10750523997851677, 0.1433965450329873, 0.031761430457003643, 0.7173367845314924], [0.7081070063067213, 0.05609434073807177, 0.01643699566828789, 0.21936165728691903], [0.34664934776504025, 0.14872604962871364, 0.044115837398673356, 0.4605087652075727], [0.23061246155404425, 0.719535355025568, 0.01149583761340833, 0.03835634580697946], [0.011805252241906254, 0.2137716720913701, 0.08484465223187782, 0.6895784234348458], [0.5802214453763749, 0.26520400460066273, 0.10981422856638409, 0.04476032145657823], [0.37582619388436134, 0.5989057677746241, 0.022866220491218153, 0.0024018178497964243], [0.11376609454189932, 0.402566684412198, 0.04890700786019577, 0.4347602131857069], [0.17136109572237482, 0.5653804958071379, 0.21969203657690395, 0.04356637189358338], [0.27870710408296523, 0.31709555321425204, 0.017421219577173654, 0.38677612312560916], [0.4582274931744508, 0.09293059458944297, 0.25464961487267207, 0.19419229736343427], [0.06685816308282835, 0.6697346367203306, 0.02181963673121875, 0.2415875634656222], [0.6938093593354752, 0.2418917847941042, 0.008819117004197147, 0.055479738866223455], [0.21697768584728236, 0.07009293487486441, 0.27047155040046705, 0.4424578288773862], [0.03601242589816555, 0.7738018574543892, 0.18256235921939531, 0.007623357428049781], [0.38045789122133006, 0.2943207073598469, 0.19901812313454262, 0.12620327828428046], [0.058418713713941584, 0.053292369661231916, 0.06516618872925004, 0.8231227278955766], [0.23459704961139333, 0.6265562601533514, 0.01208167048970442, 0.1267650197455508], [0.04731735405446551, 0.14951349910319436, 0.1577492513084146, 0.6454198955339255], [0.14573772481257902, 0.19328544270982248, 0.07104582494305016, 0.5899310075345482], [0.019714922628208127, 0.029178565400184518, 0.8469257910845089, 0.10418072088709848], [0.10373226961948129, 0.1487163752801707, 0.5545769441211318, 0.19297441097921617], [0.1596537307696168, 0.03241404790056046, 0.019613988232457278, 0.7883182330973655], [0.8137431729470204, 0.0862041193502118, 0.01783004308549194, 0.08222266461727604], [0.016101435819293127, 0.4114575013589743, 0.5551572571229034, 0.017283805698829115], [0.48200832058969684, 0.1282744852366495, 0.3193408767503176, 0.07037631742333611], [0.17534038328690002, 0.03361612349064118, 0.20367523961023706, 0.5873682536122217], [0.07512608699817283, 0.07460903035610102, 0.6921798988836391, 0.15808498376208707], [0.21123082159279036, 0.03458722406742802, 0.3278442323436975, 0.4263377219960841], [0.20520773390202213, 0.44882048588886114, 0.09139049088807588, 0.2545812893210408], [0.2108966363696611, 0.13926888977678606, 0.026151136636587597, 0.6236833372169652], [0.04444861636069399, 0.5022604849122123, 0.05966907426979413, 0.3936218244572995], [0.13558456137832497, 0.20075494192745433, 0.11991632854243531, 0.5437441681517855], [0.02505004345438289, 0.3294102022529864, 0.055369123810739565, 0.5901706304818912], [0.4914164138417651, 0.16914524659278662, 0.03289849119388448, 0.30653984837156373], [0.04035743289676687, 0.513587241259855, 0.39411219501036154, 0.051943130833016556], [0.025143745357578916, 0.053251795585442144, 0.009920604482994687, 0.9116838545739843], [0.0443611493069478, 0.4534235792306344, 0.183342684511884, 0.3188725869505337], [0.005897020503171976, 0.6187953732504952, 0.05461961298455319, 0.3206879932617796], [0.25855203895893125, 0.30346492918305695, 0.4032491831134342, 0.034733848744577675], [0.037804354495685505, 0.053959518046840134, 0.012165579390501316, 0.896070548066973], [0.14205904693154753, 0.16841365719879287, 0.16829568091579472, 0.5212316149538649], [0.2754895224684635, 0.07122540517809538, 0.021639775573083525, 0.6316452967803575], [0.15247161832492032, 0.11114965824930198, 0.005331489113397094, 0.7310472343123805], [0.29347072637827676, 0.11052161573545966, 0.5485769556577764, 0.04743070222848718], [0.01648177502241789, 0.5931407659185789, 0.05205456446150308, 0.3383228945975001], [0.7526129699171389, 0.04418535998861947, 0.03289629400800193, 0.1703053760862398], [0.436027094213046, 0.24722267068470682, 0.029337621166495943, 0.2874126139357513], [0.047301720502203604, 0.9375404285151265, 0.008955793173326369, 0.0062020578093433506], [0.1941697375256785, 0.036633129731929163, 0.00732072227728254, 0.7618764104651097], [0.08773428377025466, 0.4187189068569501, 0.48620901399659844, 0.007337795376196735], [0.310070476678071, 0.09293127924360806, 0.5244469974538103, 0.0725512466245107], [0.8367754075424919, 0.046724863358655805, 0.06698790009484844, 0.0495118290040039], [0.24198712575841178, 0.1066920197027002, 0.025149328339981177, 0.6261715261989069], [0.23717170476706975, 0.11617278217323021, 0.02445336612207674, 0.6222021469376233], [0.24050487426494793, 0.7196107746361736, 0.00787338320537688, 0.0320109678935015], [0.032469581797555824, 0.7382255887752059, 0.10826271092005234, 0.12104211850718588], [0.28997333897349564, 0.2866191504225069, 0.16466393597358908, 0.25874357463040837], [0.018947467114308194, 0.5276424846995864, 0.14203497251998914, 0.3113750756661162], [0.02095398566057604, 0.5307523925934365, 0.0721579989727155, 0.37613562277327195], [0.1852712223103916, 0.41118733398254687, 0.059187291043226606, 0.344354152663835], [0.34401198437930436, 0.37754925181935295, 0.05395318192266702, 0.2244855818786757], [0.166980364288982, 0.6055043981222237, 0.20292635421638036, 0.024588883372414112], [0.17845936960733907, 0.13774073000360298, 0.011004360461805864, 0.672795539927252], [0.06232791874451785, 0.5167697629129793, 0.06797198801323887, 0.35293033032926396], [0.19039361828681506, 0.2812028755678653, 0.3582198434215848, 0.17018366272373484], [0.7168510158999286, 0.1459028276817088, 0.01503737558530438, 0.12220878083305803], [0.3747480826143251, 0.4365277323483949, 0.028281323716179935, 0.1604428613211], [0.39807907578000745, 0.10400426999957646, 0.06482017058491679, 0.43309648363549935], [0.022548831177036294, 0.5434447334814035, 0.278537642557514, 0.15546879278404613], [0.0525991106650833, 0.3168348916749621, 0.22139096031400796, 0.4091750373459467], [0.2858132036534485, 0.4299608410845619, 0.045934015477004216, 0.2382919397849854], [0.6585768231161271, 0.24862967766233257, 0.06589222189249613, 0.0269012773290443], [0.07519872891634208, 0.06924975710597758, 0.02888094876721048, 0.8266705652104699], [0.06361229683753997, 0.07989129247044419, 0.8203877363418264, 0.03610867435018955], [0.2349874765582476, 0.7126065025373928, 0.048074812245811595, 0.004331208658547895], [0.812641067847929, 0.06582837875993591, 0.04806198932805786, 0.07346856406407706], [0.15349745632212236, 0.3323325909307157, 0.2970714402130442, 0.21709851253411783], [0.04783221795996372, 0.31756022101591047, 0.03171531731008962, 0.6028922437140363], [0.03190951837364766, 0.004533269357256708, 0.032784547675174754, 0.9307726645939208], [0.874190711228292, 0.05470311425081606, 0.035602916181557885, 0.03550325833933405], [0.5649332157314781, 0.2728905903538543, 0.07968346393366524, 0.08249272998100228], [0.009900153982584436, 0.04745795760999843, 0.6327115948276119, 0.3099302935798053], [0.914981165330531, 0.018931287638460033, 0.0069927757379284385, 0.05909477129308049], [0.2414401137788643, 0.17503038518842637, 0.0032866807247064083, 0.5802428203080029], [0.2308836431619764, 0.13404534284102185, 0.1370037051162254, 0.4980673088807764], [0.03376608701388071, 0.4315668042349465, 0.04725455187536615, 0.48741255687580665], [0.6603529315788004, 0.019387920485402305, 0.0756026065848328, 0.2446565413509645], [0.11603810526340363, 0.2452844387240985, 0.056812412394966566, 0.5818650436175312], [0.9303210713026119, 0.05428035768540024, 0.010612371935589683, 0.004786199076398298], [0.07420813075483154, 0.8758938918822956, 0.042636979165279594, 0.007260998197593257], [0.3537737984065669, 0.030264813124038475, 0.01889228946349802, 0.5970690990058967]]}, "rewritten": {"ids": ["97106820", "97111790", "97113900", "98106111", "98108150", "98109570", "98111670", "98116090", "98119591", "98120530", "99105921", "99107660", "99107950", "99108080", "99108580", "99108710", "99109370", "99109910", "99111000", "99112300", "99112531", "99112840", "99117630", "99117740", "99119830", "100109801", "100111390", "100113210", "100116500", "100120010", "100120780", "101109120", "101110740", "101113210", "101115190", "101117580", "101119591", "102108621", "102113350", "102117351", "103111110", "103111620", "103111930", "103111990", "104112201", "104119290", "105112260", "105115250", "105116650", "105117351", "105118171", "105120280", "105121190", "106113360", "106113830", "106114011", "106118820", "106121190", "107113360", "107114200", "107115250", "107118490", "107118820", "107119130", "107119390", "107119950", "107121540", "107121700", "108113700", "108114040", "108114270", "108114670", "108117610", "108118520", "108120621", "109113881", "109114220", "109115380", "109116170", "109116810", "109117271", "109117730", "109118161", "109118701", "109120560", "109121410", "109121640", "110113931", "110114321", "110114720", "110114920", "110118161", "110118740", "110118810", "110119300", "110120190", "110120531", "110120700", "111114941", "111116010", "111116040", "111116100", "111116530", "111116640", "111117000", "111118301", "111118910", "111119250", "111119430", "111119950", "111120260", "111120540", "111120591", "111121190", "112116540", "112116850", "112116900", "112117210", "112117461", "112117660", "112117780", "112118550", "112118620", "112119120", "112119450", "112120540", "112121030", "112121410", "113117340", "113117401", "113118810", "113118820", "113119320", "113119700", "113120260", "113120540", "113121190", "113121410", "113121680", "113122120", "113122230", "113122320"], "labels": [1, 2, 2, 0, 0, 1, 1, 0, 1, 1, 1, 3, 1, 3, 0, 2, 1, 2, 2, 0, 3, 2, 3, 2, 1, 0, 2, 0, 2, 0, 1, 1, 3, 3, 1, 3, 0, 3, 3, 1, 3, 0, 3, 2, 0, 1, 3, 2, 1, 0, 3, 3, 2, 0, 1, 1, 3, 2, 0, 2, 2, 2, 3, 1, 2, 3, 2, 3, 0, 0, 3, 3, 3, 0, 1, 0, 3, 3, 0, 3, 0, 3, 0, 3, 1, 0, 0, 1, 1, 3, 3, 0, 3, 1, 1, 3, 0, 2, 0, 1, 0, 3, 3, 0, 0, 3, 0, 1, 3, 0, 3, 1, 1, 1, 1, 0, 3, 1, 0, 0, 0, 3, 3, 1, 3, 3, 0, 0, 2, 3, 3, 0, 1, 0, 3, 3, 1, 0, 1, 1, 1, 1], "predicted_labels": [0, 0, 0, 0, 0, 0, 0, 1, 0, 0, 0, 0, 2, 0, 0, 1, 0, 0, 2, 0, 0, 3, 2, 0, 2, 0, 3, 0, 0, 2, 0, 0, 0, 3, 0, 0, 0, 0, 0, 1, 0, 0, 0, 0, 0, 0, 1, 1, 0, 0, 0, 0, 0, 0, 0, 1, 0, 1, 0, 3, 0, 0, 1, 0, 2, 0, 0, 3, 1, 0, 0, 0, 0, 0, 0, 0, 0, 0, 0, 3, 3, 0, 0, 0, 2, 0, 1, 0, 0, 0, 1, 0, 0, 0, 0, 0, 0, 3, 1, 0, 0, 0, 0, 2, 0, 0, 0, 0, 1, 0, 0, 0, 0, 0, 0, 0, 0, 2, 0, 0, 0, 0, 0, 0, 0, 0, 0, 0, 1, 0, 0, 0, 0, 1, 0, 0, 0, 0, 0, 0, 1, 1], "confidence_scores": [[0.5858127024574498, 0.06972953321098865, 0.056383421237136515, 0.28807434309442514], [0.683299093963103, 0.021700076583140326, 0.14528992976931013, 0.14971089968444656], [0.4197928777826945, 0.2784325374827234, 0.29364587570024026, 0.008128709034342003], [0.8233575102859259, 0.0063085332129462265, 0.05457559455709245, 0.11575836194403548], [0.5147626723728002, 0.12324423674496383, 0.13793523485639034, 0.22405785602584563], [0.6400768000705708, 0.21390280221081512, 0.0035357929845858407, 0.14248460473402824], [0.9399572784053939, 0.02680978130402248, 0.027468860583744002, 0.0057640797068395965], [0.17402439009512427, 0.5427852092603338, 0.25849388384330385, 0.024696516801238133], [0.9175348049492773, 0.06337929655381412, 0.004136663836576033, 0.014949234660332609], [0.7889795187840776, 0.09201709749846312, 0.0503883722290322, 0.0686150114884272], [0.784789942907754, 0.1911373321781563, 0.009892846368705516, 0.014179878545384241], [0.744618427513187, 0.10433934484321797, 0.020585528152169987, 0.1304566994914252], [0.031147082954307036, 0.0942908994495092, 0.8722746198408161, 0.0022873977553676842], [0.9691519973232489, 0.006630426549162608, 0.004767014834455483, 0.019450561293132843], [0.8967643669326582, 0.07827076454639631, 0.024687873552910647, 0.00027699496803493647], [0.012701335796447607, 0.9606957077951022, 0.025244916960834973, 0.001358039447615267], [0.34521078356570256, 0.26264306420781125, 0.338657369509116, 0.05348878271737008], [0.9008745021733481, 0.0014950993295504993, 0.09411833403668175, 0.003512064460419568], [0.08564347153016846, 0.02944563888383015, 0.8636054954243205, 0.021305394161680674], [0.34520260005735404, 0.059936733504978176, 0.297021997254198, 0.29783866918346974], [0.6992068372476259, 0.0016217663073542499, 0.0023053791870873462, 0.29686601725793255], [0.18866728259772186, 0.16206552311464142, 0.25623493648421725, 0.39303225780341944], [0.3071507078237792, 0.06427136922545329, 0.5172048909275777, 0.11137303202318972], [0.6337644317327206, 0.20706069528157697, 0.054117888838634554, 0.10505698414706786], [0.3849180979844959, 0.014926435937279952, 0.5677964999160364, 0.032358966162187815], [0.8240360594303668, 0.06417433690201316, 0.009718811088586058, 0.10207079257903398], [0.14411215506871852, 0.20784238750558365, 0.24462997270657283, 0.4034154847191249], [0.9339052987131742, 0.00601158065692243, 0.0023840108975257987, 0.0576991097323774], [0.38263883362521617, 0.11231400480666161, 0.31946975261985605, 0.18557740894826621], [0.03624183404999458, 0.4372663266717128, 0.47217491515703025, 0.054316924121262496], [0.9146826250593021, 0.01425032455660812, 0.05668986607937892, 0.014377184304710832], [0.4137614259353404, 0.032272434835039346, 0.22302904251004366, 0.33093709671957655], [0.7777098079155694, 0.08957297677399026, 0.09776261162399072, 0.03495460368644948], [0.24144660860223618, 0.022424483348900036, 0.24116887252053562, 0.4949600355283282], [0.8426254737793358, 0.02043022414568195, 0.13137201749895994, 0.005572284576022189], [0.5632839397430313, 0.10388567899449692, 0.07242481708599974, 0.260405564176472], [0.7277961645692804, 0.19180786070493613, 0.0412004332964319, 0.039195541429351416], [0.7618785328433991, 0.02475710998164743, 0.01532545474364514, 0.19803890243130842], [0.6765748046994274, 0.07869373685217634, 0.02425188900466388, 0.22047956944373245], [0.11456369428209905, 0.8433149075530857, 0.025350483951506207, 0.01677091421330907], [0.9051904558253973, 0.0451184146578985, 0.03631185252185697, 0.013379276994847256], [0.8426754709135534, 0.10254202938692049, 0.045210053076614305, 0.009572446622911759], [0.6694196261728407, 0.1032782603024325, 0.20476921608411547, 0.022532897440611193], [0.5626243185099509, 0.05349490884777684, 0.10000087112100936, 0.2838799015212629], [0.8200384559969898, 0.029954008614725382, 0.0025067287753675524, 0.1475008066129173], [0.40332537732699597, 0.31434503562731864, 0.2690810998779222, 0.013248487167763225], [0.3339527663350212, 0.6338443826790063, 0.019452570055729843, 0.012750280930242566], [0.03530003385717814, 0.5918804606467853, 0.08961711741446876, 0.2832023880815677], [0.8445415697886248, 0.10520707757744362, 0.026153375212444888, 0.024097977421486762], [0.5936475166340246, 0.22218731821538096, 0.08672939340942727, 0.09743577174116698], [0.9755059797308819, 0.01491055700996548, 0.005585965311284982, 0.003997497947867567], [0.908268072364139, 0.07985890676053103, 0.009217553862947377, 0.002655467012382298], [0.6739342540191714, 0.12597211247545412, 0.10893814675807868, 0.09115548674729589], [0.8950109010078862, 0.07074333372315561, 0.005314136447955617, 0.02893162882100249], [0.9876580582573702, 0.007697875975513155, 0.003105635503888396, 0.0015384302632282605], [0.4173448321888612, 0.5398651097009716, 0.02162185237159375, 0.02116820573857344], [0.3749276800840272, 0.07594352185534689, 0.24188985196604743, 0.3072389460945785], [0.10521714235066051, 0.4012124938210673, 0.2412562822133614, 0.2523140816149108], [0.4465531237009965, 0.3196397989586377, 0.014468702532453324, 0.21933837480791235], [0.1862927998927585, 0.23143683625951103, 0.08507263420447968, 0.4971977296432507], [0.37588004011889037, 0.3251781061423731, 0.161045463376849, 0.1378963903618875], [0.8304645943561909, 0.04743145230508472, 0.10595046281538456, 0.016153490523339788], [0.36174284772931337, 0.5084223264448227, 0.09214282417654432, 0.037692001649319844], [0.5077618243639559, 0.1460842735936151, 0.06944889710058942, 0.27670500494183964], [0.16404651669861908, 0.06266966653567259, 0.6576563220194054, 0.11562749474630288], [0.8061765267284747, 0.024821878475492783, 0.00945581267998074, 0.1595457821160518], [0.7154083913107963, 0.016165066240196507, 0.14033348536593024, 0.128093057083077], [0.1111982051530464, 0.0077998997271393105, 0.05739697715534381, 0.8236049179644706], [0.19642118097615668, 0.5863836411305993, 0.1341717969587385, 0.08302338093450559], [0.7838614710072263, 0.0234472417399658, 0.17769456143581333, 0.014996725816994443], [0.9706801421069948, 0.015233353330965111, 0.0020362677607463284, 0.012050236801293777], [0.9835289006950243, 0.0031872729713607463, 0.009671895126583674, 0.0036119312070314416], [0.769001131929381, 0.03954367307792314, 0.12735365649782435, 0.0641015384948714], [0.6449536968795878, 0.24784544569650563, 0.07485984719419515, 0.032341010229711385], [0.7851056057321588, 0.010205313773269067, 0.1510623535178872, 0.05362672697668491], [0.9139174878132478, 0.05708956430374856, 0.015883751338758918, 0.013109196544244792], [0.703861708495944, 0.0020616465532356863, 0.002485395027393122, 0.2915912499234272], [0.3783053002917747, 0.32026020560794405, 0.28892040977914196, 0.012514084321139242], [0.8438580048190771, 0.07484701523296927, 0.022436769287499422, 0.058858210660454345], [0.32471712781140166, 0.23526103067990298, 0.0032519866761382505, 0.43676985483255704], [0.43387942107687455, 0.07274894262398882, 0.014822519079979037, 0.4785491172191576], [0.9585827624913644, 0.009868383776820871, 0.007280615457735506, 0.024268238274079323], [0.9225747766575326, 0.049260985839529314, 0.011978750529710631, 0.01618548697322754], [0.5499246029735675, 0.1960224562921183, 0.13031670147825386, 0.12373623925606028], [0.1909816824448062, 0.0975560523975387, 0.5531560090538957, 0.15830625610375937], [0.7932330196003303, 0.03552648273206207, 0.03540465000610392, 0.13583584766150367], [0.276970923087991, 0.5336105897225407, 0.015447976252131465, 0.1739705109373368], [0.9412762001060331, 0.020045144976884297, 0.019055602463570544, 0.019623052453512157], [0.9429411723504825, 0.04081046555800444, 0.012948972201291957, 0.003299389890221108], [0.9036337582332694, 0.001124816067225237, 0.09091829257941396, 0.004323133120091242], [0.09949649068016204, 0.8432626410487394, 0.012211093681609506, 0.04502977458948914], [0.6252742167509787, 0.30797380637585886, 0.017475931389745132, 0.049276045483417276], [0.9409493202422486, 0.011428763992174048, 0.005791757975734835, 0.041830157789842365], [0.9930782014843222, 0.001988967864867158, 0.0027402063188010496, 0.0021926243320096366], [0.5351058138464847, 0.1742630855245556, 0.042068373100384394, 0.2485627275285754], [0.925602959391772, 0.012923198640768747, 0.04825727526613966, 0.013216566701319642], [0.6040163608995949, 0.12057137708216852, 0.046498737542666584, 0.22891352447557], [0.21963200701218816, 0.2834513294810602, 0.2091826475500206, 0.28773401595673104], [0.3542869252331219, 0.3660181074949022, 0.0544339620770157, 0.22526100519496012], [0.754958249130862, 0.026000047651358785, 0.18283868277034257, 0.03620302044743673], [0.6852126718407391, 0.11721585676507774, 0.028362041544641132, 0.16920942984954196], [0.551242857148016, 0.25545463703701726, 0.023996960715142183, 0.16930554509982446], [0.7503383838737868, 0.057624680924959634, 0.13318990374339984, 0.058847031457853756], [0.3709731454281595, 0.031082386174026356, 0.49546706976967536, 0.10247739862813864], [0.4841325464952448, 0.2341509734836449, 0.175629510735994, 0.10608696928511624], [0.8583363851315247, 0.048841911141552154, 0.08723090620458383, 0.005590797522339178], [0.7340666650635536, 0.028941857529741818, 0.05760365224917398, 0.17938782515753068], [0.7995581659073162, 0.022217115859129225, 0.13486377808083141, 0.043360940152723265], [0.16719246979747615, 0.7158872186922727, 0.01098274919645383, 0.10593756231379751], [0.931849952961537, 0.038717370137402965, 0.026806223049602996, 0.002626453851456952], [0.8328785740869831, 0.035180813996647735, 0.09743530968109959, 0.03450530223526943], [0.8373987884378213, 0.07730616070680062, 0.08008130206679369, 0.005213748788584298], [0.9180648465043344, 0.013488978196406775, 0.007397392809347625, 0.061048782489911343], [0.7933456606720668, 0.009580343607627896, 0.07502105043301247, 0.12205294528729271], [0.4467818058876502, 0.3432092840675478, 0.1372752324677309, 0.07273367757707111], [0.8413272015643604, 0.10249040370487936, 0.0407236519401095, 0.015458742790650841], [0.8490714734139673, 0.03573150238509128, 0.04528619287716021, 0.06991083132378133], [0.2946456257823909, 0.04822110470890907, 0.5945303035125701, 0.06260296599612986], [0.8484455106671894, 0.06806586434219901, 0.013792715076096787, 0.0696959099145148], [0.8683932618929128, 0.11742495656394446, 0.005399345168766872, 0.008782436374375816], [0.5290289290622133, 0.27352440070162265, 0.06418906467379147, 0.13325760556237248], [0.6158231293075989, 0.14625730167260612, 0.028612534840067, 0.20930703417972815], [0.474637970163737, 0.058145712354343904, 0.37630849043867853, 0.09090782704324078], [0.9358827435307322, 0.0037013138403438808, 0.04852159383342155, 0.011894348795502531], [0.9901850559668622, 0.0038796104005749668, 0.001484070839054234, 0.004451262793508547], [0.8937225152861773, 0.04153820713164787, 0.04821303022341388, 0.016526247358760918], [0.9733865254870685, 0.005198373823812652, 0.012173976037853144, 0.009241124651265883], [0.7166576858669912, 0.02689566520968824, 0.24127483891601562, 0.015171810007304927], [0.3269999886473512, 0.38206584902634616, 0.17902187438712025, 0.11191228793918244], [0.6339219243468746, 0.05079601568575804, 0.03430417364602252, 0.28097788632134485], [0.5533034399053881, 0.3276360085999093, 0.09951758245300227, 0.01954296904170041], [0.9813959951820608, 0.016868949370662512, 0.0008615129517589115, 0.0008735424955177787], [0.9324027990608554, 0.024408445343412372, 0.030236184360545655, 0.01295257123518672], [0.13661572406551029, 0.8482423839817798, 0.012515733060826085, 0.0026261588918839616], [0.5878312836207634, 0.018169586140396335, 0.13522280498827646, 0.2587763252505637], [0.5021102145871893, 0.47999981051809054, 0.006183638488521321, 0.011706336406198812], [0.9376682022460346, 0.02790820647526458, 0.033314989772039366, 0.0011086015066613748], [0.9286085034482866, 0.02142137763958984, 0.007395159811521194, 0.0425749591006022], [0.8746826366024893, 0.0459997165963412, 0.06553124154267065, 0.01378640525849887], [0.6889147508823057, 0.07260690559058859, 0.23521189317815924, 0.0032664503489464015], [0.09983535777472317, 0.5030131787972997, 0.3887897295147852, 0.008361733913191964], [0.327578073532458, 0.5237292986780338, 0.02880455386267624, 0.11988807392683194]]}}