{"test": {"ids": ["101108370", "105112100", "109121640", "113120070", "98119591", "111119300", "103110050", "113119300", "101108950", "98116500", "108115250", "111120640", "103109791", "108121190", "104113170", "104112470", "112118860", "109119340", "98120530", "109116810", "113122320", "110119891", "111116090", "112120270", "103111110", "104119290", "103111930", "112119120", "103113210", "113118870", "111120190", "111116010", "99107950", "113120591", "98106880", "97107040", "105116501", "105113210", "113120280", "104118340", "110117200", "97106820", "97109570", "110113591", "97105451", "107113840", "112118880", "112116850", "112117471", "101119030", "113119950", "110114561", "103113101", "110114920", "102107961", "105116090", "107114280", "109116040", "101108460", "99112840", "113121680", "107121230", "110115580", "100110260", "103118291", "102110890", "109118701", "99109840", "107120880", "105121190", "110114321", "110118450", "111116640", "113118630", "108118630", "101110150", "103113170", "104111990", "100108990", "113119360", "111120260", "113121190", "106116850", "107114490", "98110230", "110116441", "105121370", "98111670", "112118930", "113117401", "104111711", "113121410", "108121351", "112119320", "113120531", "110120560", "98111620", "101121640", "103111620", "112118471", "106113190", "97107920", "98110680", "112116451", "99108460", "112118421", "99108710", "110118740", "113120780", "100108520", "102108621", "97116500", "101114990", "112120290", "113122160", "113117340", "107118520", "98116090", "99107560", "106114321", "101116130", "106120640", "109115211", "102110500", "113121810", "113119700", "105115720", "111121410", "113118490", "97112290", "97108520", "105118740", "110118630", "110114950", "100109360", "111116290", "109120540", "107114621", "113118690", "99109740", "104119340", "100115700"], "labels": [1, 1, 0, 2, 1, 1, 3, 1, 2, 2, 1, 0, 3, 1, 3, 1, 3, 3, 1, 3, 1, 3, 3, 0, 3, 1, 3, 1, 3, 0, 3, 1, 1, 0, 0, 2, 1, 3, 0, 2, 3, 1, 0, 0, 0, 3, 1, 0, 3, 3, 0, 0, 3, 3, 3, 1, 3, 0, 0, 2, 1, 0, 1, 3, 0, 0, 3, 2, 1, 2, 1, 0, 0, 3, 1, 1, 3, 2, 2, 0, 3, 1, 3, 3, 3, 3, 2, 1, 1, 3, 1, 0, 3, 1, 0, 0, 3, 2, 0, 1, 0, 0, 2, 0, 0, 3, 2, 3, 0, 2, 3, 2, 3, 1, 3, 2, 2, 0, 1, 2, 2, 3, 0, 3, 2, 0, 1, 0, 1, 1, 2, 1, 1, 0, 0, 2, 1, 0, 3, 3, 1, 1], "predicted_labels": [3, 3, 3, 1, 0, 1, 1, 3, 3, 3, 3, 1, 3, 1, 3, 1, 3, 3, 3, 1, 1, 1, 3, 3, 3, 3, 3, 3, 1, 1, 3, 1, 1, 3, 1, 1, 1, 3, 3, 3, 1, 3, 0, 0, 1, 1, 0, 3, 1, 3, 3, 1, 3, 1, 3, 3, 1, 3, 3, 1, 1, 3, 1, 0, 0, 3, 1, 1, 3, 1, 1, 1, 3, 1, 3, 1, 1, 1, 1, 3, 3, 3, 2, 3, 1, 1, 1, 0, 3, 1, 1, 3, 3, 1, 3, 3, 2, 3, 3, 1, 3, 0, 1, 0, 0, 1, 1, 3, 3, 3, 0, 1, 1, 3, 3, 1, 1, 3, 1, 0, 1, 1, 3, 0, 1, 1, 1, 3, 3, 1, 1, 1, 1, 3, 3, 1, 1, 0, 3, 3, 1, 3], "confidence_scores": [[0.3291138590147305, 0.22749110284527696, 0.06651404000913003, 0.3768809981308627], [0.2725032265844001, 0.23275935260938937, 0.15222966460350784, 0.34250775620270274], [0.26521494808632673, 0.283722563026184, 0.12845369441111226, 0.322608794476377], [0.1635383129710031, 0.35402283793703104, 0.28211543941404654, 0.20032340967791934], [0.27069567573513914, 0.2915469561787183, 0.24969208735554843, 0.18806528073059423], [0.20000864495188866, 0.30412013047081854, 0.26304000288121493, 0.23283122169607803], [0.24063384957033676, 0.3106407376860286, 0.20869130296192895, 0.2400341097817054], [0.25863655695951016, 0.2579431450134843, 0.12394482864990701, 0.3594754693770988], [0.16517420461600252, 0.27337357412038366, 0.260718650325928, 0.3007335709376861], [0.2344055791795391, 0.2601362996554346, 0.23592678701776199, 0.2695313341472646], [0.22345742788985337, 0.23004363904505304, 0.17646114088042514, 0.37003779218466837], [0.29521824852418216, 0.3004008845738285, 0.13683281522697585, 0.2675480516750135], [0.24037878597263693, 0.2616175356659362, 0.20177331731814113, 0.29623036104328554], [0.147808234515814, 0.34222536320473584, 0.2453942489112545, 0.2645721533681957], [0.2455610054921324, 0.2795035680654027, 0.12429779844339851, 0.35063762799906617], [0.22895837392589918, 0.3293310070220708, 0.1794390018254863, 0.2622716172265435], [0.18597188360704373, 0.2642590776800597, 0.26880610951572315, 0.28096292919717336], [0.22557833287889018, 0.2803570593234215, 0.10269862401802321, 0.3913659837796655], [0.22352701033321817, 0.26985423671865405, 0.18337757056880147, 0.3232411823793265], [0.28315598667442377, 0.29904062906498585, 0.093004699409671, 0.3247986848509193], [0.16304872949362473, 0.3042098188639533, 0.2472586341037399, 0.28548281753868193], [0.2614616697863827, 0.3179279234394564, 0.16223751618007973, 0.25837289059408125], [0.3146951870308676, 0.2525657707401378, 0.09359623674884965, 0.3391428054801451], [0.3085129246070575, 0.24706101094596128, 0.09350561000765323, 0.3509204544393279], [0.272122117883235, 0.23017676467226253, 0.20222611431744067, 0.29547500312706176], [0.24651567893181695, 0.2861562899223055, 0.15954596585965267, 0.30778206528622487], [0.26584928415793346, 0.26581287940950193, 0.18157598557999635, 0.28676185085256817], [0.20637572375052687, 0.2742434998152687, 0.17802110000208468, 0.34135967643212006], [0.185846186854909, 0.2948798735697682, 0.29214105169280036, 0.2271328878825227], [0.24819083146100518, 0.30113585129612, 0.12426381795670506, 0.3264094992861699], [0.20916297164686676, 0.24361986730865365, 0.18386742906752523, 0.3633497319769541], [0.15651846011664225, 0.3371532470987929, 0.30071888621153225, 0.20560940657303253], [0.15000268186875917, 0.34856059453693855, 0.3561828657544129, 0.14525385783988934], [0.18849781241637573, 0.27464326973482944, 0.2696211894699025, 0.2672377283788922], [0.19360278261913735, 0.3053252087897841, 0.30925334920878494, 0.19181865938229328], [0.16414763990610548, 0.2933224439395454, 0.3453663286387381, 0.19716358751561094], [0.2782280614066236, 0.3231176513564956, 0.12590838889670194, 0.27274589834017887], [0.26271487336803945, 0.2514446691727199, 0.1518951378899533, 0.33394531956928764], [0.33672556322709785, 0.18443068753269184, 0.048983614297453404, 0.429860134942757], [0.19481940664150083, 0.2692941803235539, 0.1705150930339188, 0.3653713200010265], [0.2866924363661954, 0.29332551982324706, 0.1244798152286321, 0.2955022285819255], [0.240089084515911, 0.275915430518625, 0.15376803615601906, 0.33022744880944455], [0.34534609902599667, 0.22724479480098828, 0.13546461736231816, 0.29194448881069696], [0.36030802524689237, 0.268366277953752, 0.07219800200415984, 0.29912769479519585], [0.275135858700972, 0.296252862469167, 0.1910965525458001, 0.23751472628406112], [0.23720453460949173, 0.33647805315052376, 0.17355488778472217, 0.25276252445526237], [0.2891372506585711, 0.273383394169353, 0.13955015526022838, 0.29792919991184763], [0.23063335090287543, 0.2724472818994674, 0.1398973657309611, 0.3570220014666967], [0.257329081257899, 0.29564624925128424, 0.20291702526435254, 0.24410764422646428], [0.21204283095006163, 0.27139112603091425, 0.21265827342537433, 0.3039077695936501], [0.2884308615846039, 0.2383812660725934, 0.10277922710629482, 0.37040864523650785], [0.28341620270173234, 0.311644906857105, 0.1261474382976504, 0.27879145214351264], [0.2297945157899264, 0.2689267306936408, 0.19010508832697712, 0.3111736651894557], [0.2283941477436904, 0.28849535839423435, 0.22737477197506206, 0.2557357218870133], [0.26424087251073086, 0.21874354467686527, 0.11714807687485848, 0.3998675059375451], [0.2969927171631253, 0.2853368949238661, 0.09678831994998151, 0.32088206796302726], [0.23862675729803404, 0.32788785069280346, 0.20584607743547023, 0.22763931457369235], [0.21765062835688262, 0.28823595806816016, 0.16135890828862814, 0.3327545052863288], [0.2921434629099091, 0.21733030068969098, 0.1506633885248886, 0.33986284787551146], [0.15685330088272234, 0.29768592652176207, 0.31681643715235996, 0.2286443354431555], [0.1476236422522827, 0.29026849379668496, 0.345837033377851, 0.216270830573181], [0.19159606486352285, 0.2927782419597347, 0.20238050135156122, 0.3132451918251809], [0.2255995233752356, 0.28714445261996513, 0.21113784168794467, 0.2761181823168548], [0.36520403718993016, 0.22544719933332538, 0.08358296290953629, 0.3257658005672085], [0.3137335454567601, 0.2644119667933103, 0.13627088501780832, 0.28558360273212124], [0.2920690347148063, 0.21787467076458195, 0.09817737068194216, 0.3918789238386696], [0.2296339644008698, 0.3176306700128024, 0.2149236485129202, 0.23781171707340773], [0.14604369325593902, 0.32100304878020736, 0.3472438726740948, 0.1857093852897586], [0.14197440863382485, 0.28973308953573795, 0.2519596039414584, 0.3163328978889791], [0.126692285178142, 0.31022787356264164, 0.3065213775844793, 0.25655846367473684], [0.2280760352930527, 0.27923026416586527, 0.23447392089920677, 0.25821977964187554], [0.195764901998362, 0.3546051226069318, 0.25365443785494657, 0.19597553753975952], [0.2238172093563942, 0.2580160732575282, 0.22368266729307587, 0.29448405009300177], [0.15007452032592217, 0.29753357495556554, 0.30660654900136575, 0.2457853557171468], [0.15315049708696954, 0.25579608795012626, 0.251914327289335, 0.3391390876735697], [0.28779460246009053, 0.3257892044550408, 0.134459173536303, 0.2519570195485658], [0.2722476605224064, 0.2879572589975658, 0.18907632541405056, 0.25071875506597724], [0.17765884490004702, 0.33017820698598394, 0.2997311395070938, 0.19243180860687492], [0.23642771653099215, 0.29621183341798646, 0.20631122964571977, 0.26104922040530176], [0.21223250558077936, 0.22055225593317446, 0.17589965944281236, 0.39131557904323405], [0.24710275006922908, 0.2823127330463525, 0.17430676184028052, 0.2962777550441377], [0.21031482741930185, 0.2769872558640461, 0.17246238932842134, 0.3402355273882307], [0.1368369147253499, 0.3038574882896763, 0.40918569684483064, 0.15011990014014334], [0.22224349530527965, 0.2754251233365695, 0.11077764176464056, 0.39155373959351036], [0.20348525366462542, 0.3131559065464638, 0.2707875870359601, 0.21257125275295066], [0.17201606875293673, 0.3150558479608116, 0.18643346225636642, 0.32649462102988513], [0.1617930435832365, 0.36508730727011884, 0.25440575115807834, 0.21871389798856644], [0.2862633882671182, 0.2713345899139469, 0.19618318980646926, 0.2462188320124656], [0.23957524061068294, 0.2779729164494606, 0.15415906240641095, 0.32829278053344574], [0.2488808238391351, 0.35553197570150835, 0.07746107981253074, 0.3181261206468259], [0.25959612351753936, 0.2945033976551864, 0.1459143425362847, 0.2999861362909896], [0.2812589865992006, 0.23707568589057815, 0.09178339136169014, 0.3898819361485315], [0.28426518864734807, 0.27656121359609387, 0.14275420758330828, 0.29641939017324964], [0.1457850237976575, 0.3169496382645179, 0.21380042441738026, 0.3234649135204442], [0.2421200372892759, 0.29745993295170514, 0.10198421524738854, 0.3584358145116302], [0.17945354791906457, 0.26833247539734284, 0.28706279408801877, 0.2651511825955738], [0.10769521177076995, 0.3229504775121828, 0.3933898753551482, 0.17596443536189937], [0.18205360790666522, 0.2951830745537309, 0.21207220808572705, 0.31069110945387696], [0.23794763777562983, 0.2892242927274765, 0.16995592960532743, 0.30287213989156636], [0.19921871934166946, 0.3317858512286126, 0.2408816036696504, 0.22811382576006767], [0.19272243039201986, 0.27368125321071296, 0.23135197707385033, 0.3022443393234168], [0.4122163656917852, 0.18137978165345373, 0.07235197355922791, 0.33405187909553313], [0.21372233770630217, 0.32272412276117, 0.29605523883968193, 0.16749830069284596], [0.32173810086974247, 0.27693201972736065, 0.10321049163828831, 0.29811938776460867], [0.2769334633297735, 0.26857515866730136, 0.20234144218183048, 0.2521499358210948], [0.20570016391355855, 0.3238070751790935, 0.13278905821912562, 0.3377037026882221], [0.24183140793317284, 0.36359189536710435, 0.2136806025546033, 0.18089609414511973], [0.2529288049979784, 0.26321488918635055, 0.13634094533670774, 0.34751536047896314], [0.24445638137669645, 0.26249201840965336, 0.16108665619106685, 0.33196494402258353], [0.19004779203632624, 0.2438661832645511, 0.3271088044308322, 0.23897722026829038], [0.35033089465149114, 0.27202810759818286, 0.0738364681081697, 0.30380452964215615], [0.23965906215716629, 0.2838001804038704, 0.20446691995616495, 0.27207383748279823], [0.19170214236253055, 0.3597618701859462, 0.275098731457959, 0.17343725599356435], [0.2767212114210779, 0.2665976778275396, 0.1265261500320516, 0.33015496071933065], [0.19497375452618568, 0.30372539733760046, 0.16937863805363326, 0.33192221008258066], [0.2557889230041996, 0.30901272451558937, 0.1090292123401288, 0.3261691401400821], [0.23926978721729902, 0.31776893902212966, 0.17206186692919995, 0.2708994068313715], [0.22601210548923736, 0.27452133536754814, 0.1867079404511457, 0.31275861869206856], [0.204227474204788, 0.3435456811234684, 0.25529312308919677, 0.19693372158254668], [0.3309876718064339, 0.28912650490278385, 0.13166260382921083, 0.24822321946157172], [0.19135591397378116, 0.28507866931325726, 0.28668309846103096, 0.23688231825193043], [0.15442393679230418, 0.3206777342603651, 0.3141430812716736, 0.2107552476756569], [0.19441837068773504, 0.27280148863392545, 0.23565801418456256, 0.29712212649377656], [0.3342876757189277, 0.2293610891409539, 0.15228145873956325, 0.28406977640055503], [0.14357921148580877, 0.3019172546869283, 0.3639851572897536, 0.19051837653750947], [0.21635297267112136, 0.3164525917756697, 0.19078207152931165, 0.2764123640238973], [0.22419178228170084, 0.33500062230425737, 0.23992494306197837, 0.20088265235206332], [0.26782663139898183, 0.2835238643923642, 0.13862556855448213, 0.3100239356541717], [0.20701282066934876, 0.21970470118932692, 0.1284844835028119, 0.44479799463851266], [0.17637870105070594, 0.28535792367945884, 0.32323889836919045, 0.21502447690064402], [0.2823436752702916, 0.3021961965036968, 0.16763032176868015, 0.2478298064573309], [0.19421824932824105, 0.2921469062778371, 0.31024643497280335, 0.20338840942111858], [0.14231288116777904, 0.31139889774790047, 0.32683704727473134, 0.21945117380958887], [0.25430681484715634, 0.2539461756750945, 0.1626158112789083, 0.3291311981988409], [0.2838107326347297, 0.26886038705359266, 0.14956407451153547, 0.2977648058001423], [0.20280840469723554, 0.289959941781764, 0.23137967578083735, 0.2758519777401633], [0.2599818619101592, 0.3299873328161227, 0.17083306399234718, 0.23919774128137086], [0.3995431160150068, 0.20941653585023018, 0.03461392554919599, 0.35642642258556706], [0.16855853255666897, 0.2873463791801864, 0.195517365312543, 0.34857772295060174], [0.2297351143701046, 0.2620152338716674, 0.17841363481803615, 0.3298360169401915], [0.1644154142232292, 0.3344749415298595, 0.22428049914316087, 0.2768291451037508], [0.23179392991850983, 0.25723606961460094, 0.20466482153784368, 0.30630517892904563]]}, "rewritten": {"ids": ["97105451", "97106820", "97107040", "97107920", "97108520", "97109570", "97112290", "97116500", "98106880", "98110230", "98110680", "98111620", "98111670", "98116090", "98116500", "98119591", "98120530", "99107560", "99107950", "99108460", "99108710", "99109740", "99109840", "99112840", "100108520", "100108990", "100109360", "100110260", "100115700", "101108370", "101108460", "101108950", "101110150", "101114990", "101116130", "101119030", "101121640", "102107961", "102108621", "102110500", "102110890", "103109791", "103110050", "103111110", "103111620", "103111930", "103113101", "103113170", "103113210", "103118291", "104111711", "104111990", "104112470", "104113170", "104118340", "104119290", "104119340", "105112100", "105113210", "105115720", "105116090", "105116501", "105118740", "105121190", "105121370", "106113190", "106114321", "106116850", "106120640", "107113840", "107114280", "107114490", "107114621", "107118520", "107120880", "107121230", "108115250", "108118630", "108121190", "108121351", "109115211", "109116040", "109116810", "109118701", "109119340", "109120540", "109121640", "110113591", "110114321", "110114561", "110114920", "110114950", "110115580", "110116441", "110117200", "110118450", "110118630", "110118740", "110119891", "110120560", "111116010", "111116090", "111116290", "111116640", "111119300", "111120190", "111120260", "111120640", "111121410", "112116451", "112116850", "112117471", "112118421", "112118471", "112118860", "112118880", "112118930", "112119120", "112119320", "112120270", "112120290", "113117340", "113117401", "113118490", "113118630", "113118690", "113118870", "113119300", "113119360", "113119700", "113119950", "113120070", "113120280", "113120531", "113120591", "113120780", "113121190", "113121410", "113121680", "113121810", "113122160", "113122320"], "labels": [0, 1, 2, 0, 2, 0, 1, 2, 0, 3, 2, 3, 1, 0, 2, 1, 1, 1, 1, 0, 2, 3, 2, 2, 2, 2, 0, 3, 1, 1, 0, 2, 1, 3, 2, 3, 2, 3, 3, 3, 0, 3, 3, 3, 0, 3, 3, 3, 3, 0, 1, 2, 1, 3, 2, 1, 1, 1, 3, 1, 1, 1, 1, 2, 2, 0, 2, 3, 3, 3, 3, 3, 0, 2, 1, 0, 1, 1, 1, 3, 0, 0, 3, 3, 3, 1, 0, 0, 1, 0, 3, 0, 1, 3, 3, 0, 1, 3, 3, 0, 1, 3, 2, 0, 1, 3, 3, 0, 0, 0, 0, 3, 3, 1, 3, 1, 1, 1, 1, 0, 1, 2, 3, 1, 3, 3, 0, 1, 0, 0, 0, 2, 0, 0, 0, 0, 1, 0, 1, 2, 3, 1], "predicted_labels": [1, 1, 2, 0, 0, 0, 2, 1, 0, 1, 1, 1, 1, 1, 3, 0, 1, 1, 1, 1, 1, 1, 1, 1, 3, 1, 3, 0, 3, 3, 3, 3, 0, 1, 1, 1, 3, 3, 1, 3, 3, 0, 1, 3, 1, 1, 3, 1, 1, 1, 1, 1, 1, 1, 1, 3, 1, 3, 3, 1, 0, 1, 1, 1, 1, 1, 0, 2, 1, 1, 1, 3, 0, 1, 1, 1, 3, 3, 1, 3, 3, 3, 3, 1, 3, 1, 1, 1, 1, 1, 1, 3, 1, 1, 0, 1, 1, 3, 1, 1, 1, 3, 1, 1, 1, 3, 1, 0, 1, 0, 3, 1, 1, 1, 3, 1, 1, 3, 1, 3, 1, 1, 1, 3, 1, 3, 1, 3, 1, 1, 0, 1, 3, 0, 3, 3, 1, 3, 1, 1, 1, 1], "confidence_scores": [[0.28631879012042544, 0.2996546329888361, 0.16437442459480917, 0.2496521522959289], [0.19379650288022415, 0.3039113897776887, 0.21064641746040585, 0.29164568988168127], [0.1812856813599477, 0.2722121752407511, 0.34052963420883736, 0.2059725091904637], [0.41020601397873074, 0.18132323882077706, 0.08205065842918989, 0.3264200887713024], [0.3056044178015799, 0.2808248439113177, 0.14635803196719233, 0.2672127063199101], [0.285586052539885, 0.26071915485980446, 0.215649153517563, 0.2380456390827475], [0.16113101115809944, 0.2808165939382676, 0.375263022883204, 0.1827893720204291], [0.21115530537737834, 0.31703452410986854, 0.22892446297430308, 0.24288570753845015], [0.3022477855806132, 0.28306887325322894, 0.205010577278799, 0.20967276388735892], [0.2506991524041521, 0.29421326486241045, 0.19492739810757137, 0.2601601846258661], [0.28657699405230613, 0.31843907036353103, 0.21221941970523203, 0.18276451587893094], [0.10885436340659775, 0.352146619142592, 0.39179872967299484, 0.14720028777781538], [0.27017639247697983, 0.28703007349109205, 0.2171322403856044, 0.22566129364632342], [0.24194281771337778, 0.2915661109259411, 0.16103569165577697, 0.305455379704904], [0.22060311099436383, 0.2588196354232203, 0.23275413131552578, 0.2878231222668903], [0.28162525219750617, 0.2913573031207651, 0.2572748463337734, 0.1697425983479551], [0.2625285377624167, 0.29127452932745385, 0.21464774297260786, 0.2315491899375217], [0.19805408459604942, 0.33739104006171944, 0.2572134722463853, 0.2073414030958459], [0.13378084587537042, 0.3577927986204672, 0.3402346392301579, 0.16819171627400478], [0.1671754487430168, 0.326053583461576, 0.31158032373707784, 0.19519064405832937], [0.2344530616898265, 0.3669776277908033, 0.24529021027424386, 0.15327910024512645], [0.19036399998004086, 0.28246555410951873, 0.2784124044203673, 0.24875804149007286], [0.21320673398420584, 0.28231019230616444, 0.2941446663618723, 0.21033840734775758], [0.17294435860963495, 0.31474440068526266, 0.2929927866169454, 0.21931845408815726], [0.22967778216931511, 0.24771554478457133, 0.24642072848863594, 0.2761859445574777], [0.2260006806922564, 0.3004434025713016, 0.2286785271796595, 0.24487738955678254], [0.2672944981940433, 0.2713845748731263, 0.16594409081709194, 0.29537683611573845], [0.3651939048637343, 0.25166228987179207, 0.1256961282223233, 0.2574476770421502], [0.2881020656675669, 0.23498257715044896, 0.14617204938684916, 0.3307433077951349], [0.3052062463847271, 0.24499270815717686, 0.10225838482670067, 0.34754266063139533], [0.29492245567461534, 0.21825601211967555, 0.16451497102473597, 0.322306561180973], [0.16583504945593314, 0.26904026660290187, 0.2879487020678973, 0.277175981873268], [0.34194595059503585, 0.3009964743328487, 0.10077774412449961, 0.2562798309476161], [0.15503877626656773, 0.34501991008279936, 0.31363399826423966, 0.1863073153863933], [0.185955406989139, 0.29443305639725326, 0.28341078209393245, 0.23620075451967523], [0.1992523508493957, 0.30390338336210354, 0.27489719224278225, 0.22194707354571852], [0.18840804206839656, 0.2816949360369128, 0.2004879368167675, 0.3294090850779231], [0.2016354923573238, 0.27082378302659843, 0.2579050502271494, 0.2696356743889284], [0.23881682851356376, 0.32021461554659136, 0.19305431506572976, 0.24791424087411548], [0.26818198902449586, 0.2635297439451744, 0.18140735640136255, 0.2868809106289675], [0.29268132969149596, 0.21407814639695072, 0.10878519032294262, 0.3844553335886109], [0.28817172249047907, 0.27976391481488616, 0.15987253429621523, 0.2721918283984195], [0.2316894033409666, 0.331141984805128, 0.2047446793053615, 0.2324239325485441], [0.25389272936240026, 0.24347907879230213, 0.23568091617632833, 0.2669472756689693], [0.2024944280802926, 0.3144538992877081, 0.27691263807979455, 0.20613903455220478], [0.2240359147394828, 0.2912946285496717, 0.25732278168462464, 0.22734667502622108], [0.25528077067661065, 0.2857986380699428, 0.15193512002678772, 0.30698547122665887], [0.2364251046919482, 0.31836938045263524, 0.21802106662979256, 0.22718444822562409], [0.1722472279032662, 0.2909005341932886, 0.31368770568191745, 0.22316453222152793], [0.2341461691867268, 0.2810177216769989, 0.22579283078230294, 0.25904327835397123], [0.26100864358079773, 0.3015519191584507, 0.18654779500653168, 0.2508916422542201], [0.17199823741853232, 0.3028619621427035, 0.33780999410453266, 0.18732980633423144], [0.25628248745507454, 0.3117510006761693, 0.1905627394927256, 0.24140377237603072], [0.26018255073284347, 0.30259770230598626, 0.1556226871128457, 0.28159705984832445], [0.12826543701909549, 0.33237994821485567, 0.3424330200624111, 0.19692159470363751], [0.24005106245491206, 0.28101377519957454, 0.14809871061338983, 0.3308364517321237], [0.18570578912254626, 0.33157259262832534, 0.2477712478739511, 0.23495037037517735], [0.29577554876213585, 0.2543409797998441, 0.12911020170915247, 0.3207732697288674], [0.2807944962925759, 0.26068510037550646, 0.1551317320914838, 0.30338867124043384], [0.2529918691259348, 0.3312607634060603, 0.22085892454068273, 0.1948884429273222], [0.32187580244803005, 0.2611755899922327, 0.08780756435782255, 0.3291410432019146], [0.25647433525884816, 0.3337506094596525, 0.1363790383235304, 0.2733960169579689], [0.23862363933660685, 0.2821553931287482, 0.24750058449485135, 0.2317203830397937], [0.1892351842733041, 0.318808554107272, 0.27754430278879194, 0.21441195883063194], [0.13306044931902433, 0.37581955407024303, 0.32606038222777894, 0.16505961438295397], [0.25324730366203807, 0.29624600659832223, 0.22786808958795898, 0.22263860015168072], [0.32456481308895213, 0.28620852201575336, 0.1503692718073398, 0.2388573930879544], [0.16691115707499382, 0.29563057891431477, 0.3700565806042523, 0.1674016834064393], [0.18831822779913177, 0.3257018981347223, 0.2981544337245943, 0.1878254403415519], [0.24277739076217664, 0.3199321380987262, 0.14257373095859868, 0.29471674018049837], [0.2445894211674684, 0.334952527966045, 0.18077514905213074, 0.23968290181435553], [0.25013000975455757, 0.3014453571935293, 0.11937401801405939, 0.32905061503785327], [0.3273698616700825, 0.22625814178616524, 0.09324665717304957, 0.3531253393707027], [0.20249079955516505, 0.2905841315006993, 0.2237772033953425, 0.28314786554879307], [0.1448053927550677, 0.3034359273698934, 0.30526827722909966, 0.2464904026459391], [0.21709478521194944, 0.30592031197426595, 0.22293297057751943, 0.25405193223626527], [0.24350909930253717, 0.23447685396302256, 0.1714729903428596, 0.35054105639158045], [0.19605455728204396, 0.2677911591802401, 0.23597908744880483, 0.3001751960889109], [0.1951185423025262, 0.3535645396255772, 0.2592484372531299, 0.1920684808187665], [0.30012418311257893, 0.27630437393825785, 0.12268422016835259, 0.3008872227808105], [0.25876201754792544, 0.25661985029280104, 0.2117434507917913, 0.27287468136748205], [0.22801354300866672, 0.2772029788832328, 0.14333830156858013, 0.3514451765395201], [0.28981215029636087, 0.29479818175841427, 0.08938072902001627, 0.32600893892520844], [0.18913026036316397, 0.31022556166886295, 0.24536960780836506, 0.2552745701596077], [0.2561494104495067, 0.2771060337933515, 0.11407806409609486, 0.35266649166104663], [0.2613047974689123, 0.31922063451991267, 0.20908546373026338, 0.21038910428091173], [0.292952759515147, 0.2951693168822886, 0.10151287736248217, 0.31036504624008227], [0.3044077911994114, 0.31914034471511815, 0.15251136987610417, 0.22394049420936618], [0.2137536266959468, 0.32647094486571876, 0.23987320999139708, 0.21990221844693725], [0.31224676947009034, 0.3084019803075857, 0.10580041456008539, 0.27355083566223876], [0.16160403099957235, 0.34875443274686735, 0.3145832123148765, 0.1750583239386838], [0.2389545458837226, 0.25783775444735146, 0.167365035172638, 0.3358426644962881], [0.1928280222171108, 0.29230096250459797, 0.28226029561301563, 0.2326107196652754], [0.17542684704071762, 0.3124705109586311, 0.19589897770865802, 0.3162036642919932], [0.2964463631295095, 0.28652122392622564, 0.14457934175718892, 0.272453071187076], [0.21184744305766723, 0.3428420383699307, 0.24050556616817262, 0.2048049524042291], [0.23127666269190866, 0.29713341160446743, 0.24513053844616578, 0.22645938725745798], [0.268701061173358, 0.2775777427672341, 0.1643964976263958, 0.2893246984330118], [0.2656405401882675, 0.2994841314665043, 0.17583189090001802, 0.25904343744520975], [0.20676832575426396, 0.28018327261611314, 0.3059897879698532, 0.20705861365976963], [0.16105702870233862, 0.33036935017645136, 0.32519186836102437, 0.18338175276018562], [0.25586019960004447, 0.25964589476601885, 0.17504630925783377, 0.3094475963761031], [0.18452973544963827, 0.2860829770354346, 0.3036968173978182, 0.2256904701171094], [0.2505050441962809, 0.27920083736125784, 0.20668364384441892, 0.263610474598042], [0.21779352402473026, 0.32800395130622567, 0.24981973565242188, 0.2043827890166223], [0.16236892730288835, 0.28184735298616204, 0.28117202572770456, 0.2746116939832447], [0.1971335625178682, 0.32154055465110176, 0.25436969328491277, 0.22695618954611724], [0.3143368486741312, 0.2827729583300407, 0.12491627407972246, 0.2779739189161053], [0.27517032394444724, 0.3205790775155045, 0.1665420622900616, 0.23770853624998622], [0.33609837200716103, 0.27753510734655285, 0.10927765147432547, 0.2770888691719608], [0.23144958428834428, 0.2805920608252953, 0.16013133874446564, 0.32782701614189474], [0.2575968498038244, 0.3079745657516713, 0.23537895102993794, 0.19904963341456633], [0.17952615085873042, 0.3153721819862204, 0.20073331025424335, 0.3043683569008058], [0.15828759043859897, 0.3395143152212567, 0.3536269417324867, 0.14857115260765763], [0.14631948394945227, 0.2867101252264418, 0.2983467313425412, 0.26862365948156525], [0.27373741361905357, 0.313258221950205, 0.19311403343244538, 0.2198903309982962], [0.2071004685451255, 0.3221233635505435, 0.21219535841179393, 0.2585808094925372], [0.17524241601771762, 0.2779039259329807, 0.24288064487720312, 0.3039730131720987], [0.12893362020886603, 0.32614219081852364, 0.30354633742970166, 0.24137785154290853], [0.2945519770682861, 0.2530050928933016, 0.10577095538634608, 0.3466719746520662], [0.2274825574830853, 0.28096236274334263, 0.2370379250697012, 0.2545171547038711], [0.1617176606483584, 0.33584273677321813, 0.2552976734665535, 0.2471419291118698], [0.27012409848310504, 0.29956046547774906, 0.13483626722801983, 0.2954791688111257], [0.1884870657752148, 0.24671743923281939, 0.2013446272778831, 0.3634508677140826], [0.14600784328472732, 0.3273156450418346, 0.34468975683729564, 0.18198675483614224], [0.18541093392104055, 0.2632915168494417, 0.21072309266798808, 0.3405744565615293], [0.24024633349272043, 0.30264800115955925, 0.18786550830698456, 0.2692401570407359], [0.24533793502185802, 0.26769989838070996, 0.19398074996735706, 0.2929814166300749], [0.2114394382359345, 0.28682476586872757, 0.21423277361559148, 0.2875030222797463], [0.24949904220835922, 0.320896945933411, 0.21937367243557349, 0.21023033942265634], [0.3142077455777036, 0.2601230242970127, 0.10147071936513753, 0.3241985107601463], [0.19182129902222828, 0.33263760451944263, 0.25040551745218775, 0.2251355790061411], [0.32101181292898295, 0.2050118686855822, 0.08940270089541412, 0.3845736174900207], [0.3193582071331681, 0.2772905634782795, 0.1246688528582696, 0.27868237653028266], [0.22657200210492695, 0.2733303792497592, 0.21625736817950236, 0.2838402504658115], [0.19538462594162062, 0.2879104485978889, 0.20361072764854585, 0.31309419781194453], [0.2396255321790098, 0.302790499202419, 0.219623123734822, 0.2379608448837493], [0.29357545564714904, 0.268778879359491, 0.11351948562324989, 0.32412617937011007], [0.15989790953927777, 0.29741798408182163, 0.31509796103728965, 0.22758614534161115], [0.1572629599073776, 0.32699693085902265, 0.3165446880729139, 0.19919542116068586], [0.17091743126800107, 0.3393412486278843, 0.21649977247226834, 0.27324154763184627], [0.17757685365066078, 0.29857326647792626, 0.24782167005263867, 0.27602820981877463]]}}