{"test": {"ids": ["106114150", "107116980", "108120700", "107113550", "104113170", "110116290", "112117030", "112116401", "105113210", "109116750", "101108500", "112117790", "107112840", "111120320", "105114220", "99109161", "99117630", "113120601", "98109090", "111121220", "99111620", "113120070", "110115710", "100108260", "102107961", "105118230", "109120560", "97107681", "98108410", "97116800", "99116500", "111121351", "110118701", "98112300", "106117770", "108119550", "112117580", "101119591", "107119390", "104111880", "108115970", "109118701", "98109570", "103111540", "110119030", "106114880", "101108950", "98106880", "102114270", "107120260", "110118630", "111119340", "111120531", "104114230", "110121500", "109116170", "100109980", "106112770", "112118550", "100109801", "108118060", "102121440", "109113281", "111120540", "98109311", "103120340", "98108970", "113120540", "103112470", "110115140", "108119330", "112118511", "102110890", "105115900", "101111310", "112118620", "97106000", "108114270", "109115070", "106121190", "109121351", "109118161", "113118231", "99113260", "106113260", "98110810", "105113480", "109114651", "109118231", "104110960", "101115190", "112116800", "103112641", "110116300", "104112470", "103110840", "112118880", "98107340", "109120621", "97106820", "97106600", "97112290", "98106560", "100111270", "105113170", "111120280", "99111930", "112120640", "111117000", "111115910", "106116850", "106118161", "99110730", "105121190", "101109120", "104116800", "97106770", "100111620", "107113180", "103113101", "105116441", "108118810", "107119130", "109113591", "113117550", "105116090", "103120780", "104111550", "97118210", "103110100", "111115620", "103109021", "109119591", "110118301", "111120220", "113121980", "106120640", "113121950", "111119290", "99108890", "98120530", "112119450"], "labels": [1, 3, 2, 0, 3, 2, 2, 0, 3, 0, 3, 3, 1, 1, 3, 3, 3, 2, 1, 3, 3, 2, 2, 3, 3, 1, 1, 3, 1, 0, 2, 0, 3, 2, 0, 1, 0, 0, 2, 3, 2, 3, 1, 1, 0, 0, 2, 0, 3, 1, 1, 3, 0, 2, 3, 0, 1, 1, 3, 0, 1, 2, 0, 1, 1, 1, 3, 3, 1, 0, 0, 1, 0, 3, 3, 3, 0, 3, 0, 2, 0, 0, 3, 0, 3, 1, 0, 3, 1, 2, 1, 0, 3, 3, 1, 1, 1, 0, 1, 1, 3, 1, 1, 2, 0, 0, 1, 0, 0, 2, 3, 3, 3, 2, 1, 1, 3, 3, 3, 3, 1, 1, 1, 3, 3, 1, 1, 1, 2, 1, 1, 0, 0, 1, 3, 2, 3, 3, 3, 0, 1, 3], "predicted_labels": [1, 0, 1, 0, 1, 0, 3, 0, 3, 0, 3, 0, 0, 3, 1, 0, 0, 1, 2, 3, 1, 2, 0, 0, 3, 1, 2, 2, 1, 0, 1, 1, 3, 0, 3, 0, 3, 0, 2, 3, 3, 1, 3, 3, 1, 1, 2, 2, 1, 1, 3, 3, 1, 2, 0, 3, 0, 3, 3, 1, 3, 1, 0, 1, 2, 3, 1, 0, 1, 3, 0, 3, 2, 3, 0, 0, 3, 3, 1, 2, 3, 1, 1, 2, 1, 1, 3, 0, 1, 0, 1, 3, 1, 1, 3, 1, 3, 2, 0, 2, 2, 1, 0, 2, 3, 3, 1, 2, 1, 3, 3, 1, 3, 1, 2, 3, 2, 2, 2, 1, 1, 3, 1, 1, 3, 3, 1, 2, 3, 0, 0, 3, 0, 1, 0, 1, 1, 0, 3, 1, 3, 3], "confidence_scores": [[0.29569780811557494, 0.3981905699534377, 0.18907363678222106, 0.11703798514876596], [0.5707856839047974, 0.39206576335211396, 0.02119213344072745, 0.015956419302361365], [0.20422916833601107, 0.29119009469432827, 0.06255040458359097, 0.4420303323860697], [0.2592167226848052, 0.11920765208302662, 0.5689456242790553, 0.052630000953113126], [0.05078932254429524, 0.46383985834989694, 0.1286967144742291, 0.3566741046315786], [0.5053605306205325, 0.09492312597652622, 0.22325280462430655, 0.1764635387786346], [0.051143507783586506, 0.1784635174938758, 0.03859978641051383, 0.7317931883120239], [0.9449033176973042, 0.014112696743459404, 0.004846591315356332, 0.03613739424388015], [0.01549235428691138, 0.05382450175372565, 0.00712697721165484, 0.9235561667477081], [0.4451711870410003, 0.4015331282232423, 0.10407927116023141, 0.049216413575526086], [0.09210236464630651, 0.27061861642855994, 0.10527475266498211, 0.5320042662601516], [0.6637310213296915, 0.027658214721359854, 0.02868649805724404, 0.27992426589170466], [0.2878390887002403, 0.3580451386975564, 0.2879211361708901, 0.06619463643131314], [0.1511838017571205, 0.3199303359131568, 0.04072342464316297, 0.48816243768655976], [0.23128896315845449, 0.4957836375614374, 0.048044934139473826, 0.22488246514063448], [0.8307517040033262, 0.07488916194469467, 0.05739971347310575, 0.03695942057887341], [0.39445120513579707, 0.2662139129691425, 0.14862923812150317, 0.19070564377355712], [0.15561373083006613, 0.586866741043593, 0.08287296353821991, 0.17464656458812106], [0.008617438613729924, 0.10809450020207934, 0.7603092994649951, 0.12297876171919551], [0.22948251820284873, 0.06372625373294503, 0.008028189995129347, 0.698763038069077], [0.03137477023864036, 0.4066024605337245, 0.13698547253345092, 0.42503729669418433], [0.10967466518593326, 0.15334862662835627, 0.42116906682479244, 0.31580764136091793], [0.39993129418571705, 0.2646379313821361, 0.11381517515626728, 0.2216155992758796], [0.40722758949224075, 0.25836040795693005, 0.2410349085283892, 0.09337709402244032], [0.15852336423052665, 0.29289114260110394, 0.23804710096332266, 0.3105383922050466], [0.055797093046636104, 0.6210581455124131, 0.026099784864885206, 0.2970449765760658], [0.003965806274955632, 0.18888839705863003, 0.7283444315856578, 0.07880136508075636], [0.016815400887842915, 0.08768417924325807, 0.5777186437298056, 0.31778177613909336], [0.36462996662087754, 0.4125611939469331, 0.052582417260448246, 0.1702264221717411], [0.5985191174672535, 0.19657303129357276, 0.1060404785186155, 0.09886737272055829], [0.00352874314983217, 0.7066212776335417, 0.2514731089042001, 0.038376870312425995], [0.1802921932435349, 0.4242974621687755, 0.057934383958569514, 0.33747596062912016], [0.14137568693561756, 0.2842240448867502, 0.1363949220119902, 0.43800534616564224], [0.357377253475208, 0.09033828334079569, 0.31069840037457663, 0.24158606280941936], [0.15865073790776277, 0.2258963439318004, 0.2200918954030209, 0.39536102275741597], [0.3501412941546964, 0.21347848478778472, 0.1160377600162606, 0.32034246104125813], [0.056650998009488356, 0.058966637067127715, 0.05424427662277951, 0.8301380883006048], [0.885975041203568, 0.012378444785226959, 0.02794061969547071, 0.07370589431573465], [0.10786756878953893, 0.09232783419545834, 0.6908674022123629, 0.10893719480264007], [0.014266439660505885, 0.06150768086563586, 0.36502347922241707, 0.5592024002514415], [0.12344752465831076, 0.11774639996461456, 0.030587648236613765, 0.728218427140461], [0.12108932544294818, 0.3963590997142378, 0.019735315833889176, 0.462816259008925], [0.01819696366158366, 0.02058125638187543, 0.025089370847766614, 0.936132409108774], [0.03063098738697302, 0.2162986289524402, 0.1836874282596163, 0.5693829554009707], [0.1731466898709132, 0.3762203684735976, 0.21783199082164223, 0.2328009508338468], [0.03834316823671733, 0.5877548875909703, 0.34898296590533073, 0.024918978266981313], [0.021427707445828077, 0.10628674291552083, 0.6444116785212329, 0.22787387111741852], [0.021401174144150235, 0.1370150820332466, 0.6941993645858696, 0.14738437923673345], [0.12235441273541418, 0.6338925332937194, 0.052090460749299225, 0.19166259322156703], [0.39305782051004534, 0.46116144370337947, 0.08476494010459168, 0.061015795681983724], [0.04157918682115123, 0.1364766221961991, 0.10685570152001869, 0.715088489462631], [0.12601794485486664, 0.2670250407249416, 0.02438653646048089, 0.582570477959711], [0.07839841836613948, 0.4458423603297289, 0.11228882876287676, 0.36347039254125485], [0.01608294554044904, 0.23867676797410564, 0.6649979537244712, 0.08024233276097426], [0.4960756466894987, 0.3788769378100896, 0.015186601754295252, 0.10986081374611634], [0.06501738969032461, 0.31084593566443103, 0.030656155099888324, 0.5934805195453561], [0.4030687444185666, 0.28585840146823754, 0.19589753541819735, 0.11517531869499846], [0.055536954195600965, 0.16518851721953565, 0.2903846509675518, 0.4888898776173117], [0.1767685013003996, 0.14598818086363669, 0.007072830448560908, 0.6701704873874031], [0.21078340818726915, 0.47031819614105497, 0.07985709953330497, 0.23904129613837094], [0.21074182155475546, 0.23584209654029462, 0.06821888975023853, 0.48519719215471113], [0.10800030255448177, 0.5348119037305898, 0.18472911070614448, 0.1724586830087842], [0.5038649479138398, 0.14041964992209377, 0.006603847792424671, 0.34911155437164165], [0.031271828744404685, 0.47836691455886127, 0.36200078377188, 0.12836047292485386], [0.11264938564292662, 0.12251755292244303, 0.7094975358874093, 0.05533552554722118], [0.10952405553081006, 0.2616519979928237, 0.14037869438042092, 0.48844525209594525], [0.018948361339103097, 0.8350082384639522, 0.04921959403623165, 0.09682380616071279], [0.9086587071152009, 0.04259751876051671, 0.006295742202758009, 0.04244803192152432], [0.14329316285738602, 0.4933969139641419, 0.18324443026074946, 0.1800654929177225], [0.19653036763897969, 0.06094289262597654, 0.06032848700242639, 0.6821982527326174], [0.3539056801885359, 0.2751716737625077, 0.06180075542329768, 0.3091218906256588], [0.19454923112526096, 0.2307065021461539, 0.2139236407186195, 0.3608206260099656], [0.09911868426883678, 0.00938469142016757, 0.6747690390380283, 0.21672758527296737], [0.030959159996479794, 0.05248108733028949, 0.3363700676210527, 0.5801896850521776], [0.3801929995321718, 0.35624033043792036, 0.15567284021435274, 0.10789382981555533], [0.480253009679976, 0.08146508335027, 0.01071825691181339, 0.4275636500579409], [0.009138061198773485, 0.06788855404968663, 0.22978235441892564, 0.6931910303326139], [0.20652570302228354, 0.1531560728335971, 0.018751325049533744, 0.6215668990945857], [0.031133980326013628, 0.9363180263451086, 0.017194048736559834, 0.015353944592318314], [0.045797581117466235, 0.14314034466236764, 0.5605721935668208, 0.2504898806533455], [0.1201144997648029, 0.26203785484365455, 0.06990473065916078, 0.5479429147323817], [0.4185440318405655, 0.4700314250382401, 0.01994828825768551, 0.09147625486350891], [0.36595154633205573, 0.3500127407056751, 0.07135154726228289, 0.21268416569998583], [0.1296440798192059, 0.23245854978273922, 0.4594280358390591, 0.17846933455899536], [0.06562935531108155, 0.7344439068631446, 0.09584806167706943, 0.10407867614870446], [0.048663901845425794, 0.7001831991130247, 0.2403970544789289, 0.010755844562620522], [0.01125028478301606, 0.1535150985701397, 0.17601125098884915, 0.6592233656579954], [0.8442619329274172, 0.021898571272153923, 0.022498414819950626, 0.11134108098047797], [0.14041231565150436, 0.44095921282133804, 0.0587181942056135, 0.35991027732154407], [0.8017825475160781, 0.06414442103301352, 0.07925895329825719, 0.054814078152651], [0.019304829046365372, 0.5419951026317382, 0.3311618810821292, 0.1075381872397673], [0.08271384565257595, 0.285592093508438, 0.060182688871916544, 0.5715113719670696], [0.19773843659625395, 0.46500359084178106, 0.12373767343649938, 0.2135202991254656], [0.18016396589183029, 0.366291321635613, 0.19232803890391414, 0.261216673568643], [0.015833591391399986, 0.07503807426659134, 0.42078027393658063, 0.4883480604054285], [0.10798982136686788, 0.46143063257663425, 0.36931723463999455, 0.061262311416503214], [0.15197493466846163, 0.24210615034899316, 0.24654705382345912, 0.359371861159086], [0.031615159664580526, 0.04340449886074183, 0.8021791457193715, 0.12280119575530611], [0.6224497005367938, 0.16489300391626255, 0.04800108213398336, 0.1646562134129602], [0.17398863575727117, 0.0919942438739042, 0.4609251002618367, 0.2730920201069882], [0.01535936178474276, 0.054074025871896185, 0.8652589438865403, 0.06530766845682064], [0.23451401149665285, 0.359190808994524, 0.06512363681466798, 0.34117154269415534], [0.41208268680935084, 0.2065771507579512, 0.1185337458205835, 0.26280641661211424], [0.014670639351099796, 0.3204542320497923, 0.588003805157887, 0.07687132344122116], [0.06459479778913255, 0.03213402562932819, 0.02052211177925942, 0.8827490648022797], [0.07971239630912551, 0.2851176553653047, 0.0092429148211804, 0.6259270335043896], [0.005100508924295028, 0.35499679503220505, 0.3512300988719944, 0.28867259717150545], [0.1626772217103166, 0.2676716701635467, 0.38902854476871856, 0.18062256335741844], [0.17574979996166554, 0.4028564423660338, 0.06926798803569734, 0.35212576963660336], [0.15503406874885434, 0.29517421262976967, 0.2211876486094831, 0.3286040700118928], [0.2109810213096482, 0.19091694674463763, 0.13284476438604587, 0.46525726755966823], [0.0735706697591986, 0.6667921911648733, 0.14151463126708577, 0.11812250780884186], [0.03482289701337796, 0.151192736096433, 0.17326684210575116, 0.640717524784438], [0.02609960471398977, 0.5271746485601367, 0.27019633534253223, 0.17652941138334144], [0.14394984024170726, 0.1165331163004791, 0.5332123631162919, 0.2063046803415216], [0.01944965096749945, 0.08635735390579673, 0.10102675966678804, 0.7931662354599157], [0.1458341838963115, 0.10405219307015146, 0.6996019199074068, 0.05051170312613042], [0.05046279563754095, 0.14740945049775964, 0.6730776241508877, 0.1290501297138117], [0.11186553957248353, 0.28794907119912533, 0.5115207837588701, 0.0886646054695208], [0.2454710961006995, 0.38044166736774737, 0.16026579817974393, 0.2138214383518093], [0.15868137457925033, 0.5650518943426268, 0.07156786628139918, 0.2046988647967238], [0.02907764861208764, 0.03461224454565892, 0.005955517378046134, 0.9303545894642072], [0.21690896885513686, 0.4102476533430985, 0.03193043847755182, 0.340912939324213], [0.09658261816270322, 0.7253393318454585, 0.019052771392411114, 0.1590252785994274], [0.18883559866832975, 0.10484832909603554, 0.09674947269087392, 0.6095665995447607], [0.1471037213369163, 0.1687415487447941, 0.23121549049020027, 0.4529392394280893], [0.09410592855879735, 0.5198602879555411, 0.05755068075698726, 0.3284831027286741], [0.06348039917026642, 0.30146365487801907, 0.45579058487933966, 0.1792653610723749], [0.10247579922689408, 0.0468719426940059, 0.44887502137587776, 0.40177723670322213], [0.3692392258025756, 0.0851532230423641, 0.16503757617889225, 0.3805699749761685], [0.3959122159596199, 0.40491009099262437, 0.08128076737381833, 0.11789692567393721], [0.2495313888828012, 0.12201549425190024, 0.037180311743060766, 0.591272805122238], [0.5106957361900449, 0.28416787204603416, 0.10617529634149908, 0.09896109542242158], [0.10661615736983353, 0.7234511222682989, 0.0323162306237431, 0.13761648973812443], [0.6872651426200447, 0.27357235686536996, 0.003922423306538809, 0.035240077208046144], [0.04940957345579937, 0.5693887274254212, 0.010563651676939113, 0.37063804744184026], [0.020867150881645376, 0.7696245709810731, 0.07418152573839396, 0.13532675239888753], [0.16944486350270266, 0.29130010616391316, 0.1977392795437204, 0.341515750789664], [0.004005919367150182, 0.07099757013426944, 0.056616028317053486, 0.8683804821815271], [0.012381177229327528, 0.7780529661470719, 0.03951050632688502, 0.17005535029671529], [0.22884783416867224, 0.2088197069019402, 0.019302947088057444, 0.54302951184133], [0.03415481236953338, 0.021375550463125757, 0.00510082546153106, 0.9393688117058099]]}, "rewritten": {"ids": ["97106000", "97106600", "97106770", "97106820", "97107681", "97112290", "97116800", "97118210", "98106560", "98106880", "98107340", "98108410", "98108970", "98109090", "98109311", "98109570", "98110810", "98112300", "98120530", "99108890", "99109161", "99110730", "99111620", "99111930", "99113260", "99116500", "99117630", "100108260", "100109801", "100109980", "100111270", "100111620", "101108500", "101108950", "101109120", "101111310", "101115190", "101119591", "102107961", "102110890", "102114270", "102121440", "103109021", "103110100", "103110840", "103111540", "103112470", "103112641", "103113101", "103120340", "103120780", "104110960", "104111550", "104111880", "104112470", "104113170", "104114230", "104116800", "105113170", "105113210", "105113480", "105114220", "105115900", "105116090", "105116441", "105118230", "105121190", "106112770", "106113260", "106114150", "106114880", "106116850", "106117770", "106118161", "106120640", "106121190", "107112840", "107113180", "107113550", "107116980", "107119130", "107119390", "107120260", "108114270", "108115970", "108118060", "108118810", "108119330", "108119550", "108120700", "109113281", "109113591", "109114651", "109115070", "109116170", "109116750", "109118161", "109118231", "109118701", "109119591", "109120560", "109120621", "109121351", "110115140", "110115710", "110116290", "110116300", "110118301", "110118630", "110118701", "110119030", "110121500", "111115620", "111115910", "111117000", "111119290", "111119340", "111120220", "111120280", "111120320", "111120531", "111120540", "111121220", "111121351", "112116401", "112116800", "112117030", "112117580", "112117790", "112118511", "112118550", "112118620", "112118880", "112119450", "112120640", "113117550", "113118231", "113120070", "113120540", "113120601", "113121950", "113121980"], "labels": [0, 3, 3, 1, 3, 1, 0, 2, 1, 0, 0, 1, 3, 1, 1, 1, 1, 2, 1, 0, 3, 3, 3, 1, 0, 2, 3, 3, 0, 1, 2, 3, 3, 2, 1, 3, 1, 0, 3, 0, 3, 2, 0, 1, 1, 1, 1, 3, 3, 1, 1, 2, 1, 3, 1, 3, 2, 1, 0, 3, 0, 3, 3, 1, 1, 1, 2, 1, 3, 1, 0, 3, 0, 3, 3, 2, 1, 3, 0, 3, 1, 2, 1, 3, 2, 1, 1, 0, 1, 2, 0, 3, 3, 0, 0, 0, 0, 1, 3, 0, 1, 1, 0, 0, 2, 2, 3, 1, 1, 3, 0, 3, 1, 2, 0, 3, 3, 3, 0, 1, 0, 1, 3, 0, 0, 0, 2, 0, 3, 1, 3, 3, 1, 3, 0, 3, 3, 2, 3, 2, 3, 2], "predicted_labels": [3, 2, 0, 2, 3, 1, 0, 3, 0, 2, 2, 1, 1, 2, 2, 3, 1, 0, 0, 1, 0, 3, 3, 2, 1, 1, 0, 0, 1, 0, 1, 2, 3, 1, 2, 1, 2, 0, 3, 0, 1, 1, 3, 3, 2, 2, 1, 3, 0, 1, 1, 0, 2, 3, 3, 1, 2, 3, 3, 3, 3, 1, 3, 0, 1, 1, 2, 3, 1, 0, 1, 1, 3, 1, 1, 2, 1, 2, 0, 0, 1, 2, 1, 3, 3, 3, 3, 3, 0, 3, 0, 1, 0, 1, 3, 0, 1, 3, 1, 0, 2, 0, 3, 3, 0, 0, 1, 1, 3, 1, 1, 1, 1, 1, 1, 3, 1, 0, 3, 3, 1, 1, 3, 1, 0, 3, 3, 3, 3, 3, 0, 3, 3, 3, 0, 3, 0, 3, 0, 1, 0, 1], "confidence_scores": [[0.010804857879731507, 0.06804705362319001, 0.1322744391229842, 0.7888736493740942], [0.10571220483436596, 0.16530950008782794, 0.5807621490583464, 0.14821614601945987], [0.32708635968449984, 0.15110211185587258, 0.4633307800769836, 0.05848074838264397], [0.09766565565796732, 0.11515899712312519, 0.6842081417963927, 0.10296720542251454], [0.0225267706082343, 0.15844503542945285, 0.4613645182540919, 0.35766367570822116], [0.33987531774376384, 0.3655365334820464, 0.053125446077677434, 0.24146270269651257], [0.5356111859422141, 0.25845905662528423, 0.11969491449678765, 0.08623484293571432], [0.2944427394885945, 0.030312128416830075, 0.24821988112277074, 0.42702525097180477], [0.38038903992642636, 0.3389729958829759, 0.13752393202619836, 0.14311403216439963], [0.029117180398150134, 0.3751093540993719, 0.379942287734561, 0.21583117776791713], [0.05510090473240142, 0.05188193168408614, 0.7656071858871697, 0.1274099776963429], [0.34049270932416903, 0.4158905038839692, 0.03724151716212187, 0.20637526962973993], [0.018600734226988467, 0.8316687564942448, 0.024371799306242944, 0.12535870997252385], [0.006633016589493081, 0.1080717254703351, 0.687481523701619, 0.19781373423855272], [0.07412133775737553, 0.16217782263909597, 0.6946873571417511, 0.06901348246177717], [0.06269839127797003, 0.02518753405787759, 0.02080899488987668, 0.8913050797742759], [0.03111896285139986, 0.7067024420285664, 0.2494390273678856, 0.012739567752148294], [0.5573069337220484, 0.09403552143726349, 0.14635454396911127, 0.20230300087157643], [0.48027476589758805, 0.17129634825457046, 0.0164652942373906, 0.33196359161045075], [0.025983297346290145, 0.6811351135355681, 0.04583842386673165, 0.24704316525140965], [0.7725986301029903, 0.08585751703813425, 0.09408297816118759, 0.047460874697687894], [0.030919950079162165, 0.17688286810747209, 0.17377493564629543, 0.6184222461670709], [0.038284399693655845, 0.2846644757962821, 0.11526600318427699, 0.5617851213257853], [0.004816106781433867, 0.309979539801377, 0.5129579830323044, 0.17224637038488452], [0.12810451413501409, 0.3429035729502409, 0.32824923520725396, 0.20074267770749127], [0.003045680782481911, 0.8451944540944483, 0.11582047339993017, 0.03593939172313943], [0.37363866841938154, 0.23887251123519457, 0.1930638974985206, 0.1944249228469033], [0.5095658875836849, 0.18991227558123833, 0.14811318099639512, 0.15240865583868152], [0.24260240998183452, 0.34947975970920614, 0.09900926962219686, 0.3089085606867625], [0.4988949431850769, 0.19022712545510698, 0.2021636054921177, 0.10871432586769852], [0.031887611628700505, 0.5595959848921758, 0.3368623836904194, 0.0716540197887045], [0.05014971673961509, 0.1558018880732077, 0.5803806288605261, 0.2136677663266512], [0.0908979627228814, 0.29026979735680997, 0.13369092540222557, 0.48514131451808257], [0.16238181654379377, 0.2586476016684658, 0.23824271067099723, 0.3407278711167432], [0.16119920793671047, 0.1323018831377509, 0.4425124200540174, 0.2639864888715213], [0.2233982411717019, 0.5359948167565232, 0.1613535857051812, 0.07925335636659382], [0.01754403702852557, 0.4509854358383688, 0.43834459213810933, 0.09312593499499662], [0.8931015856357639, 0.006613265377392173, 0.018792717825223605, 0.08149243116162014], [0.10341760458490606, 0.2335314424723309, 0.31646177491893446, 0.34658917802382877], [0.6363161270888935, 0.009428210420022424, 0.20107284852279908, 0.153182813968285], [0.0846308594289656, 0.519782727817064, 0.043744058510945906, 0.35184235424302407], [0.10616675290206684, 0.529688536633152, 0.15532794714706485, 0.20881676331771643], [0.30238876398196746, 0.12006606508364971, 0.02413978848705985, 0.553405382447323], [0.34125610491892794, 0.10719392297042954, 0.1114249972404151, 0.44012497487022745], [0.06899241646964274, 0.5001445485124952, 0.4030823391164912, 0.02778069590137081], [0.04577086181174795, 0.341694767008854, 0.3915291014446815, 0.22100526973471696], [0.1412241865814567, 0.29172914701101293, 0.2523842124772436, 0.3146624539302871], [0.12945246511644184, 0.28582135007533505, 0.17510822485704464, 0.4096179599511785], [0.3333798178329432, 0.2933607171901662, 0.11385862699245435, 0.25940083798443636], [0.14554897224882088, 0.34418186208213414, 0.1458428694566394, 0.36442629621240563], [0.05923165115949831, 0.6853096446975143, 0.07195201413152846, 0.18350669001145917], [0.8241919077405159, 0.06308289204024502, 0.062377230186505615, 0.050347970032733905], [0.15139290407280392, 0.20733809338109188, 0.5028067060461033, 0.1384622965000007], [0.035170503396410535, 0.04473500041103001, 0.35077780728417934, 0.5693166889083802], [0.019257050967705486, 0.09165717782184334, 0.3703298315170224, 0.5187559396934291], [0.1328727983560509, 0.39918186974787523, 0.10779544935951295, 0.36014988253656055], [0.015909637621492414, 0.10689128245270403, 0.7943597342953245, 0.082839345630479], [0.041126382556991796, 0.09003445394393007, 0.17933241869027053, 0.6895067448088079], [0.06644218082826268, 0.01653304478027724, 0.012291989154567551, 0.9047327852368923], [0.025822005361548977, 0.16557646110833482, 0.009269420673640501, 0.7993321128564758], [0.016507713971640664, 0.1377883833763583, 0.16437786288203748, 0.6813260397699634], [0.19488311849214135, 0.4875381530323446, 0.04573953550016794, 0.2718391929753456], [0.15461417169534383, 0.03543251549005444, 0.25384794358397267, 0.5561053692306293], [0.3198578750379542, 0.17999456337911016, 0.17360846254080725, 0.32653909904212836], [0.3734748267708196, 0.46270853320487815, 0.0284644645979998, 0.13535217542630232], [0.058553351001030665, 0.7799615416623509, 0.026438844962612507, 0.1350462623740056], [0.018761985749055687, 0.4173908388701243, 0.40633571456912015, 0.15751146081169998], [0.05188509305235004, 0.16332406678571318, 0.3694265081047835, 0.4153643320571534], [0.08221574049198381, 0.7984992499579285, 0.06044292479590414, 0.058842084754183246], [0.35785938556225966, 0.372669251627506, 0.19881305717596612, 0.07065830563426803], [0.0790595885705108, 0.6526086672487107, 0.20389044868651, 0.06444129549426862], [0.12418251452769928, 0.40695979030491014, 0.07559706347123059, 0.3932606316961603], [0.09522318024279396, 0.298929520884884, 0.24397049941913945, 0.3618767994531825], [0.07762817616615292, 0.6395695809466331, 0.15211542412860418, 0.13068681875861005], [0.0323245794322749, 0.8325706095070622, 0.04623064423114054, 0.08887416682952243], [0.012035767739014876, 0.09849000714714375, 0.5960883476593738, 0.29338587745446776], [0.23103617109149668, 0.4817689304811153, 0.24827694328655198, 0.03891795514083647], [0.17235186033075067, 0.08593761920356313, 0.7106738481532517, 0.031036672312434437], [0.2902168950516863, 0.09678736095757068, 0.5599009867466623, 0.05309475724408055], [0.5210045817218734, 0.40093128838389214, 0.0602390434938603, 0.017825086400374248], [0.24425519876115345, 0.3959639742353946, 0.025493119694008977, 0.33428770730944296], [0.06269565571831626, 0.07625764615925228, 0.7197300122634721, 0.14131668585895932], [0.26530178024945533, 0.5101615001929113, 0.16121624686696706, 0.0633204726906661], [0.2055625914757201, 0.21684754662683028, 0.018067123250233953, 0.5595227386472156], [0.13763273721404096, 0.135950487912898, 0.02073491252417471, 0.7056818623488865], [0.22755135059082995, 0.24200935233227897, 0.059100498826035484, 0.4713387982508557], [0.038385164984927916, 0.03798633924250616, 0.004176049625226845, 0.9194524461473395], [0.2800151759708853, 0.17531016750485992, 0.06110645420538489, 0.4835682023188701], [0.46446515365575985, 0.16260472542580598, 0.08580596731070182, 0.287124153607732], [0.22550320418095227, 0.24701225723531828, 0.05247997880897583, 0.47500455977475375], [0.5403366881459496, 0.159814731583743, 0.006254600907775416, 0.29359397936253184], [0.06925994470858689, 0.8056970742003157, 0.01752030711038879, 0.10752267398070854], [0.8890330273547716, 0.01672907217842535, 0.007550043286760656, 0.08668785718004268], [0.033272551408224695, 0.9131005639973562, 0.027930823426054602, 0.025696061168364696], [0.10898696150023782, 0.34080040771917175, 0.02582346086851185, 0.5243891699120784], [0.42928728739414374, 0.35908543613311866, 0.1720307625696272, 0.039596513903110565], [0.33549922469957183, 0.5758995941971222, 0.019412746110917537, 0.06918843499238843], [0.2080973651782699, 0.28472624764349935, 0.07996410310384248, 0.42721228407438816], [0.20387178435898246, 0.4048003594915361, 0.01423545012808232, 0.3770924060213994], [0.640440425565929, 0.17796244254014593, 0.12056468595461906, 0.06103244593930631], [0.004344689398362778, 0.2935432191349855, 0.6347905528791443, 0.06732153858750745], [0.7327884643048866, 0.1365143454780254, 0.018536202830782698, 0.1121609873863057], [0.13455183710115973, 0.2657523907736141, 0.08389121657364229, 0.515804555551584], [0.1835444952589491, 0.10984458733832114, 0.0977340543298562, 0.6088768630728735], [0.3904521350664145, 0.2303172425727441, 0.15872395120083424, 0.22050667116000724], [0.3519260077812145, 0.12695907274175935, 0.4135111813210089, 0.10760373815601723], [0.11088802011203412, 0.4418273922245454, 0.18058286674475368, 0.2667017209186668], [0.14956402869032398, 0.744767822683376, 0.02863850931440317, 0.07702963931189707], [0.029422987086614602, 0.09695204806265137, 0.10128967284612617, 0.7723352920046077], [0.07166293643834687, 0.5615390617143071, 0.11976693670430169, 0.24703106514304446], [0.23150338168604584, 0.4285795801910156, 0.2132581108756084, 0.12665892724733005], [0.41196287262881864, 0.47708751619234074, 0.019309451732191615, 0.09164015944664905], [0.3539571490520544, 0.4165767420545936, 0.08213655650752354, 0.1473295523858284], [0.08267598475644679, 0.33167222651321276, 0.30308743234181806, 0.2825643563885227], [0.0955310614385431, 0.5438006723777296, 0.06331712521856554, 0.29735114096516185], [0.004926259202351802, 0.04892279520006015, 0.02074404272932927, 0.9254069028682587], [0.1436203281454268, 0.3530767623553614, 0.01978433426085442, 0.483518575238357], [0.6788620296662251, 0.2725061092492101, 0.005447387070617636, 0.04318447401394735], [0.07190672506995092, 0.35793664980201517, 0.010971976534896895, 0.5591846485931371], [0.13677363217947425, 0.2498514719725294, 0.065862278602306, 0.5475126172456906], [0.07603173946626424, 0.44093858352485477, 0.16353123941241088, 0.3194984375964701], [0.047038503607063194, 0.706434947815127, 0.14111622522380116, 0.10541032335400877], [0.34983316947015897, 0.056758504403013416, 0.007560828242601208, 0.5858474978842265], [0.13068112901174675, 0.4512355106172175, 0.06580236600704427, 0.35228099436399113], [0.926158198963404, 0.012651427487830488, 0.007099088373682146, 0.05409128517508354], [0.13674726619640876, 0.1677711570920575, 0.041741783265045566, 0.6537397934464882], [0.0719970080692066, 0.12220918009014094, 0.0479183318584569, 0.7578754799821955], [0.062024270775986164, 0.11536572251666141, 0.06936032561679392, 0.7532496810905583], [0.383633746754745, 0.06074477040436823, 0.07437516524283587, 0.4812463175980511], [0.17869351794693045, 0.14250353300908564, 0.17973670214552367, 0.49906624689845996], [0.5196740672120156, 0.14729725696834312, 0.009710166567554558, 0.32331850925208694], [0.35517029947241574, 0.11899832037480922, 0.04016507114181238, 0.48566630901096286], [0.11889784867336806, 0.2827890552828466, 0.17078893456884622, 0.4275241614749391], [0.03499336895766051, 0.019948501703180428, 0.006103055343115587, 0.9389550739960433], [0.30510885445382663, 0.22774191046170741, 0.2532195290040579, 0.21392970608040812], [0.3667929615758122, 0.14531287600916454, 0.11947188106313293, 0.3684222813518902], [0.3710936133752661, 0.3046261577556949, 0.1960485307168335, 0.1282316981522059], [0.09373593407431932, 0.24278697760595555, 0.2956402412625259, 0.36783684705719927], [0.901836113081088, 0.053631751934734455, 0.0039529048438163945, 0.040579230140361154], [0.3230877974777112, 0.5028776977640195, 0.04542834368721128, 0.12860616107105774], [0.21032788845419167, 0.2567607357123682, 0.21122323580842906, 0.3216881400250113], [0.03762592704301585, 0.6695574473392881, 0.009545264838773937, 0.2832713607789223]]}}