{"test": {"ids": ["113121810", "112119980", "110115140", "113119480", "107113180", "110118701", "101112201", "99110050", "111121930", "101110740", "109119340", "100108580", "109113281", "113122650", "101109000", "110119030", "101112540", "105115570", "100113370", "113119120", "112117471", "99108330", "103110220", "109121410", "110118111", "106113260", "107114280", "109114270", "112118471", "110114920", "99117630", "109117730", "112117030", "103120290", "108119330", "109114720", "98116940", "110114651", "99111340", "108118630", "100111380", "109119591", "111114321", "109117150", "100108990", "105119950", "112116900", "113121680", "97107260", "101108580", "107114621", "111119950", "105111990", "98108580", "108116070", "113122320", "97105580", "98107410", "112116640", "101108500", "107114110", "112119950", "109118820", "113119360", "102109840", "109117630", "99107640", "108115500", "104113380", "105113210", "99108710", "97105451", "106114150", "108118810", "113120640", "107113840", "109118161", "111121351", "103112641", "113121190", "111119610", "113122430", "107121700", "106117770", "98109570", "105120280", "113119950", "99107500", "113121980", "104111380", "113122150", "111115620", "99112531", "109115380", "108114270", "111121220", "101111990", "112121351", "98111670", "104113550", "108117720", "107113170", "109117080", "100109000", "110114561", "110116441", "111116110", "102121440", "113120260", "112116880", "113121220", "111120220", "100109801", "113122170", "100108520", "108121410", "111120260", "109120621", "110121140", "105113260", "103118291", "107112850", "112117210", "107113260", "97106000", "109115211", "103113610", "97108520", "111120190", "107120010", "97116790", "101111620", "105110091", "100108080", "111114171", "97110950", "103111990", "105112130", "97116410", "112119320", "113118820", "112118161"], "labels": [2, 0, 0, 3, 3, 3, 0, 3, 1, 3, 3, 0, 0, 2, 1, 0, 2, 0, 3, 3, 3, 1, 2, 0, 1, 3, 3, 3, 1, 3, 3, 3, 2, 2, 0, 0, 2, 3, 1, 1, 3, 0, 1, 2, 2, 3, 3, 1, 2, 0, 0, 0, 2, 0, 1, 1, 1, 3, 0, 3, 1, 0, 3, 0, 2, 0, 1, 3, 1, 3, 2, 0, 1, 1, 0, 3, 0, 0, 3, 1, 2, 2, 3, 0, 1, 3, 0, 0, 2, 3, 2, 1, 3, 3, 3, 3, 2, 0, 1, 1, 1, 0, 1, 1, 0, 3, 3, 2, 3, 0, 3, 3, 0, 1, 2, 0, 3, 1, 3, 3, 0, 1, 1, 0, 0, 0, 2, 2, 3, 1, 2, 3, 0, 0, 3, 3, 2, 1, 3, 1, 0, 0], "predicted_labels": [1, 1, 3, 3, 3, 1, 1, 1, 1, 3, 3, 1, 1, 3, 1, 1, 1, 3, 1, 1, 1, 1, 1, 3, 1, 1, 1, 0, 1, 1, 1, 3, 1, 3, 1, 3, 1, 3, 1, 3, 1, 1, 3, 1, 1, 0, 1, 1, 1, 0, 3, 0, 1, 3, 1, 1, 1, 0, 1, 3, 0, 0, 1, 3, 1, 1, 1, 0, 3, 1, 1, 1, 3, 1, 0, 1, 0, 0, 1, 3, 3, 1, 3, 2, 3, 1, 0, 1, 0, 3, 1, 0, 3, 3, 1, 0, 3, 1, 1, 0, 3, 3, 1, 3, 1, 3, 3, 3, 1, 1, 1, 0, 3, 1, 1, 1, 1, 3, 0, 1, 3, 1, 1, 1, 3, 3, 1, 1, 3, 3, 2, 3, 0, 1, 1, 0, 1, 1, 1, 1, 0, 1], "confidence_scores": [[0.2162212666714271, 0.30913585693253975, 0.21436559904308894, 0.26027727735294415], [0.2715964326814085, 0.33221746158909976, 0.08606216957466042, 0.3101239361548312], [0.1946463444838702, 0.25832940129671567, 0.2812828787430671, 0.26574137547634735], [0.265269248932194, 0.3074577498673627, 0.1352892426164072, 0.2919837585840362], [0.14154898136041438, 0.33860932799914184, 0.2423212842639769, 0.27752040637646663], [0.22017173247967264, 0.34853954544184673, 0.1553772195884552, 0.2759115024900254], [0.27431222162856017, 0.33832678196179544, 0.07738152657861026, 0.3099794698310341], [0.2514758185357349, 0.2969140524347535, 0.17496712776590503, 0.27664300126360647], [0.2133413348374613, 0.2798659273976112, 0.255886507766154, 0.25090622999877354], [0.18670295412919558, 0.33752333014412, 0.20087948591173005, 0.2748942298149543], [0.24722533055949875, 0.28514267251624065, 0.1896227450274449, 0.2780092518968158], [0.25075234489113135, 0.2858956795527682, 0.193261784882515, 0.2700901906735858], [0.2646677834705836, 0.3073110637667019, 0.14496061869776625, 0.28306053406494885], [0.14889980794984461, 0.2839194185782585, 0.3076705052639793, 0.25951026820791756], [0.22512851771269454, 0.32746573453897937, 0.17756395599653726, 0.26984179175178896], [0.1966732991385111, 0.33578490683596884, 0.19507145739610202, 0.2724703366294181], [0.19527285752214577, 0.2969346608347978, 0.24878545781718003, 0.25900702382587637], [0.1310177705293654, 0.32540895624157684, 0.28292195222914285, 0.26065132099991484], [0.24366976641013335, 0.28102346505343206, 0.20414240648522364, 0.27116436205121075], [0.257799161095872, 0.3158304745155762, 0.136351316949678, 0.2900190474388738], [0.2724822493111767, 0.3209357888117895, 0.10862597094981237, 0.2979559909272214], [0.152329201508207, 0.3364412143463145, 0.24593073622958328, 0.2652988479158951], [0.16186663321740224, 0.31118408328680613, 0.27505839694101214, 0.2518908865547798], [0.2557682096603471, 0.29474293981269784, 0.16614210791165607, 0.28334674261529885], [0.2838061557053572, 0.31373381986133997, 0.08415103224903216, 0.31830899218427094], [0.21137593429920085, 0.3281633168497529, 0.20122644653861585, 0.25923430231243044], [0.19365995034787464, 0.31507285699839266, 0.2418951572993235, 0.24937203535440922], [0.3127919573101875, 0.27791253264431115, 0.07207558242007546, 0.33721992762542596], [0.22131835773789688, 0.3114107555931577, 0.20428049081185806, 0.2629903958570875], [0.21148599052762387, 0.32611719650104004, 0.20534198949766116, 0.25705482347367475], [0.16562390717782005, 0.2841985845409052, 0.3202994864187534, 0.22987802186252163], [0.19043278959751508, 0.26670501997027485, 0.2728113209050664, 0.27005086952714374], [0.2236588684677808, 0.32952842689145107, 0.1751497544402174, 0.27166295020055065], [0.18096183702561824, 0.2995172611260313, 0.2542744587326898, 0.26524644311566037], [0.23649087845016123, 0.3242759299143425, 0.15657333036029447, 0.28265986127520193], [0.23499930724176124, 0.27987027898553635, 0.21150482334647414, 0.27362559042622847], [0.16815146791757055, 0.34275582171571944, 0.22615797970506937, 0.2629347306616404], [0.27009653027577946, 0.2935604119456995, 0.14471536807232196, 0.29162768970619896], [0.18987631150938306, 0.286101617568418, 0.2727757618194065, 0.2512463091027926], [0.26317823804556795, 0.2714460472567599, 0.17831055130784093, 0.2870651633898316], [0.20710137641324017, 0.3079682290472565, 0.23342721303337052, 0.25150318150613277], [0.19860207833320204, 0.3312234740873607, 0.2147012773504147, 0.25547317022902283], [0.2257790593763498, 0.29601617480717723, 0.20652708936157144, 0.2716776764549015], [0.19212594559541224, 0.31317849847441825, 0.25114831752474825, 0.24354723840542133], [0.20825740305564205, 0.3067928568708737, 0.24051546261028073, 0.24443427746320326], [0.2952181890515675, 0.2848370034512778, 0.11778063497093111, 0.30216417252622385], [0.2570068084153158, 0.308443687099451, 0.15530349750813055, 0.27924600697710256], [0.19981792493334238, 0.3139211430424385, 0.22272911863106926, 0.2635318133931497], [0.16775038001187076, 0.28977600459434505, 0.3100018289498862, 0.2324717864438977], [0.3362876540841847, 0.21311681987652203, 0.11604459734133239, 0.3345509286979609], [0.3396762044215522, 0.26140561148059244, 0.05159401318212439, 0.3473241709157311], [0.2887695448533023, 0.27224477097952643, 0.15262429555548063, 0.2863613886116905], [0.2209243894715317, 0.3240715666860115, 0.18225326374097195, 0.27275078010148507], [0.23707143647209278, 0.29177684780347124, 0.19369908589251045, 0.27745262983192553], [0.25744555692307597, 0.3138980118847063, 0.14215585028757596, 0.28650058090464176], [0.2488911415901815, 0.3079093494142148, 0.15953059928292393, 0.2836689097126799], [0.17923745347003028, 0.3562618270317695, 0.21400221745725048, 0.25049850204094976], [0.2947326139351148, 0.24565941537658206, 0.1719082421996232, 0.28769972848867986], [0.2161050328721175, 0.28808157875609647, 0.2289220878182467, 0.26689130055353916], [0.1527161212175335, 0.28855556116854664, 0.29212162092261434, 0.2666066966913059], [0.32252776614313183, 0.2534332813590018, 0.09470546875251155, 0.3293334837453547], [0.33135378955953776, 0.22061470401446287, 0.12049621180338295, 0.32753529462261627], [0.2237909921789898, 0.33505098431947095, 0.1660525789484518, 0.27510544455308755], [0.26236582752770776, 0.2890640236086813, 0.16340886171552668, 0.28516128714808453], [0.22447961031481056, 0.32192947779037717, 0.18501821288399667, 0.2685726990108152], [0.24901739654780883, 0.2947988983518181, 0.18389893388429746, 0.27228477121607586], [0.22901436903863737, 0.2990237022484141, 0.2052384918573541, 0.2667234368555946], [0.2718334777510919, 0.25787071386215, 0.2033688377680926, 0.26692697061866555], [0.23998314475721166, 0.30234956505435595, 0.17236569667248605, 0.2853015935159463], [0.2544949606981106, 0.293958650738976, 0.1728057039592072, 0.27874068460370593], [0.1726058527500042, 0.3307408980042126, 0.2439233251770281, 0.25272992406875505], [0.2430869717459916, 0.3265482857169289, 0.15253463433702316, 0.277830108200056], [0.2685272430279658, 0.2885978366057551, 0.1548973284328627, 0.2879775919334164], [0.2520618240394855, 0.2968176386271482, 0.17514013328465786, 0.2759804040487082], [0.29351427057363433, 0.3043238015762638, 0.0678711490076046, 0.33429077884249736], [0.2651406990821158, 0.3325297374358376, 0.10237669946637212, 0.29995286401567456], [0.2901473047896865, 0.300013717423977, 0.09284567727230214, 0.31699330051403446], [0.27316056018053764, 0.31937679598529595, 0.11010338228377813, 0.2973592615503884], [0.26875623753826805, 0.3071218611787058, 0.12838021961097063, 0.2957416816720553], [0.2857881463841055, 0.27672229524425135, 0.14462593700798893, 0.29286362136365435], [0.21986869810100274, 0.2796724990543501, 0.23788705679579258, 0.26257174604885475], [0.2097164912570252, 0.34741828119148094, 0.17106754309805952, 0.2717976844534344], [0.18937020812461597, 0.32321930311970637, 0.21185252855996156, 0.2755579601957163], [0.172206892541257, 0.24702331148205592, 0.33732111888974453, 0.2434486770869424], [0.28542819276485437, 0.2792342748829627, 0.13980144522058224, 0.29553608713160084], [0.25219447860484323, 0.31023532435200984, 0.1574531540766086, 0.2801170429665383], [0.289835515760563, 0.28921571078770825, 0.11492290693834757, 0.3060258665133811], [0.2665527048938709, 0.33146844060996883, 0.10496503803513661, 0.29701381646102354], [0.29663390346736956, 0.30864378936295095, 0.058487055994273444, 0.33623525117540615], [0.23458197498088182, 0.2592899504547789, 0.23489405547939254, 0.2712340190849465], [0.21062221926938912, 0.35289092741953215, 0.16296109194451935, 0.2735257613665592], [0.2901767034238296, 0.257501785468067, 0.15825106407787198, 0.2940704470302314], [0.19902647217300787, 0.3165402965734628, 0.20833244693817943, 0.27610078431534996], [0.21898901687076383, 0.29931586240964553, 0.20326547614197618, 0.2784296445776149], [0.2671104110823495, 0.32666846142381284, 0.10606483096215058, 0.30015629653168724], [0.29768495667756595, 0.2938001502991024, 0.09176280531130507, 0.3167520877120264], [0.17913437935358997, 0.27582859739145726, 0.2879666483898974, 0.2570703748650554], [0.2389607106121179, 0.32617432907322025, 0.16407721519759083, 0.270787745117071], [0.23922072473779024, 0.2846179922484616, 0.20832793551687553, 0.26783334749687226], [0.32206289236184654, 0.24413224104871323, 0.10192676773409728, 0.3318780988553429], [0.31914856160989297, 0.2532395591233952, 0.12075654950587021, 0.30685532976084184], [0.27180940391559005, 0.29550123898209024, 0.13900927362195195, 0.29368008348036745], [0.18301053572390566, 0.38118297975004956, 0.17631713160275878, 0.2594893529232862], [0.2817665331265566, 0.28054585123193576, 0.14008971771493123, 0.29759789792657615], [0.21468529306010606, 0.2907870970644935, 0.23868834817971876, 0.2558392616956818], [0.17381561221899622, 0.33167072506661577, 0.21728822385375526, 0.2772254388606326], [0.19772917905804613, 0.27645202729592244, 0.2573805297059724, 0.268438263940059], [0.26313411695109656, 0.2529774673143657, 0.20239895595238036, 0.2814894597821575], [0.26819846278022164, 0.3025071816638332, 0.14338103213240933, 0.28591332342353554], [0.14659108325093625, 0.3246937965771441, 0.27732111604522935, 0.2513940041266905], [0.23596020427121053, 0.31310230885944185, 0.17924230827657842, 0.27169517859276937], [0.2709516914557196, 0.2968033537295579, 0.1488265727235851, 0.28341838209113734], [0.1945412510689513, 0.3192745501240343, 0.21260852354529824, 0.2735756752617166], [0.13950865236665694, 0.3103583478156732, 0.2985765686437081, 0.25155643117396176], [0.2121316502846039, 0.29206548768965884, 0.23804492146503517, 0.25775794056070206], [0.2256754408567514, 0.38846804186384337, 0.0996880278607599, 0.28616848941864537], [0.25760735419693986, 0.2902328720529797, 0.17436964962082696, 0.2777901241292535], [0.2616833166555733, 0.2655102391934116, 0.1867775306675108, 0.2860289134835044], [0.3005126369215246, 0.226057510040898, 0.18197322730857834, 0.2914566257289988], [0.1749674007707151, 0.3099888338668359, 0.2658037593649758, 0.24924000599747295], [0.29235627939218073, 0.2774811119276258, 0.12770294604182758, 0.30245966263836593], [0.1809315051522778, 0.3129658890798818, 0.2492899218619712, 0.2568126839058691], [0.18442566441477037, 0.3193571823038304, 0.23361609803162586, 0.2626010552497735], [0.23632485635814493, 0.29479472958474406, 0.1988970270718946, 0.26998338698521657], [0.2257045617344711, 0.267563268288479, 0.24004778588323758, 0.2666843840938124], [0.22933316352793098, 0.2768524439904986, 0.21029091989636908, 0.2835234725852011], [0.1766620650375023, 0.30553099919733334, 0.2681494361656098, 0.24965749959955458], [0.20836178053625828, 0.32046830638017554, 0.21800298205830063, 0.2531669310252651], [0.17307604425435924, 0.27905430753668786, 0.2900907278948223, 0.25777892031413085], [0.27692751978023417, 0.27834426622465325, 0.1543319440511202, 0.2903962699439927], [0.1834115201498271, 0.2673590508480728, 0.32168878355782915, 0.22754064544427124], [0.22204173885650977, 0.2615238457963748, 0.25295837319965203, 0.2634760421474634], [0.27654280160273753, 0.3002972173752293, 0.13310857770650458, 0.2900514033155287], [0.22024248032582722, 0.2922553202997868, 0.2331879867039907, 0.2543142126703954], [0.28253178397794715, 0.31271135159231767, 0.08841248644277658, 0.31634437798695864], [0.3035557850799888, 0.23414819143821855, 0.1668978779796429, 0.2953981455021497], [0.22765024645183796, 0.3060432593995574, 0.18971580013609995, 0.27659069401250475], [0.1658611486041506, 0.3194093420456341, 0.2653807017031004, 0.24934880764711462], [0.18349551478582923, 0.3086935434355652, 0.24571649317140587, 0.2620944486071996], [0.17087495861526963, 0.3503158353385882, 0.2143141217267131, 0.2644950843194289], [0.2726378833816334, 0.31303993772863314, 0.12679710518857434, 0.2875250737011595], [0.2356191576145412, 0.30238280853328636, 0.18529715934300003, 0.2767008745091723]]}, "rewritten": {"ids": ["97105451", "97105580", "97106000", "97107260", "97108520", "97110950", "97116410", "97116790", "98107410", "98108580", "98109570", "98111670", "98116940", "99107500", "99107640", "99108330", "99108710", "99110050", "99111340", "99112531", "99117630", "100108080", "100108520", "100108580", "100108990", "100109000", "100109801", "100111380", "100113370", "101108500", "101108580", "101109000", "101110740", "101111620", "101111990", "101112201", "101112540", "102109840", "102121440", "103110220", "103111990", "103112641", "103113610", "103118291", "103120290", "104111380", "104113380", "104113550", "105110091", "105111990", "105112130", "105113210", "105113260", "105115570", "105119950", "105120280", "106113260", "106114150", "106117770", "107112850", "107113170", "107113180", "107113260", "107113840", "107114110", "107114280", "107114621", "107120010", "107121700", "108114270", "108115500", "108116070", "108117720", "108118630", "108118810", "108119330", "108121410", "109113281", "109114270", "109114720", "109115211", "109115380", "109117080", "109117150", "109117630", "109117730", "109118161", "109118820", "109119340", "109119591", "109120621", "109121410", "110114561", "110114651", "110114920", "110115140", "110116441", "110118111", "110118701", "110119030", "110121140", "111114171", "111114321", "111115620", "111116110", "111119610", "111119950", "111120190", "111120220", "111120260", "111121220", "111121351", "111121930", "112116640", "112116880", "112116900", "112117030", "112117210", "112117471", "112118161", "112118471", "112119320", "112119950", "112119980", "112121351", "113118820", "113119120", "113119360", "113119480", "113119950", "113120260", "113120640", "113121190", "113121220", "113121680", "113121810", "113121980", "113122150", "113122170", "113122320", "113122430", "113122650"], "labels": [0, 1, 0, 2, 2, 3, 3, 2, 3, 0, 1, 1, 2, 0, 1, 1, 2, 3, 1, 3, 3, 0, 2, 0, 2, 1, 0, 3, 3, 3, 0, 1, 3, 3, 2, 0, 2, 2, 2, 2, 2, 3, 2, 0, 2, 3, 1, 1, 0, 2, 1, 3, 3, 0, 3, 3, 3, 1, 0, 1, 0, 3, 0, 3, 1, 3, 0, 1, 3, 3, 3, 1, 1, 1, 1, 0, 0, 0, 3, 0, 0, 3, 1, 2, 0, 3, 0, 3, 3, 0, 1, 0, 0, 3, 3, 0, 3, 1, 3, 0, 3, 3, 1, 1, 3, 2, 0, 3, 3, 3, 3, 0, 1, 0, 0, 3, 2, 1, 3, 0, 1, 1, 0, 0, 0, 0, 3, 0, 3, 0, 3, 0, 1, 3, 1, 2, 2, 2, 1, 1, 2, 2], "predicted_labels": [1, 1, 2, 2, 1, 0, 3, 2, 3, 3, 1, 1, 1, 1, 1, 3, 1, 1, 2, 1, 2, 1, 2, 1, 1, 3, 3, 1, 3, 3, 0, 1, 3, 3, 3, 0, 1, 1, 3, 1, 3, 3, 1, 1, 1, 3, 3, 0, 1, 3, 1, 0, 1, 1, 0, 1, 1, 1, 3, 3, 3, 3, 1, 1, 3, 1, 3, 3, 3, 1, 0, 3, 3, 3, 1, 3, 1, 1, 3, 3, 3, 1, 1, 1, 1, 3, 1, 1, 3, 1, 3, 3, 1, 3, 1, 3, 3, 3, 1, 1, 0, 3, 1, 0, 3, 3, 0, 3, 0, 3, 1, 1, 2, 3, 1, 3, 1, 1, 3, 1, 1, 1, 0, 1, 1, 1, 3, 3, 3, 3, 1, 0, 1, 3, 1, 1, 0, 1, 1, 3, 1, 3], "confidence_scores": [[0.2546462805234571, 0.30810411608763516, 0.1579414399743702, 0.27930816341453746], [0.16756624428826114, 0.3572078684065713, 0.23137761640149135, 0.2438482709036764], [0.1634890883928911, 0.26162038111323715, 0.32639779342617886, 0.24849273706769298], [0.15145417167235817, 0.28510465168143423, 0.32281242306323776, 0.24062875358297026], [0.19661643639013807, 0.31309011677714943, 0.24396263431213522, 0.24633081252057723], [0.3013012548654225, 0.2258711315613331, 0.19026080410367022, 0.282566809469574], [0.1834770318189004, 0.30035863898232557, 0.24706321327663944, 0.2691011159221347], [0.14092374196576646, 0.27061838162880497, 0.3714498039236502, 0.21700807248177845], [0.3221479824861873, 0.22659838215518613, 0.14762091541059844, 0.3036327199480283], [0.21799456738554113, 0.27967078563122055, 0.23752118765482766, 0.26481345932841055], [0.19499756673076524, 0.30783237799184215, 0.22684805867983063, 0.270321996597562], [0.2019132769395317, 0.2942429471808785, 0.25000534095780624, 0.2538384349217833], [0.1696285980481576, 0.33096214664563584, 0.23510656380546344, 0.2643026915007432], [0.25277091564233706, 0.33842336600258044, 0.12206010745347122, 0.2867456109016112], [0.2287008755342827, 0.28520608549298204, 0.2182796924003708, 0.2678133465723646], [0.15581140296896978, 0.31279478286886875, 0.25763401886532394, 0.2737597952968376], [0.15222070708280278, 0.34325715418569047, 0.26267983932711986, 0.24184229940438684], [0.22639282459305146, 0.2780993780689498, 0.22997192535967526, 0.26553587197832335], [0.14539222078861863, 0.2923251994188138, 0.33406074478423514, 0.2282218350083321], [0.17957642205241284, 0.32882501018818466, 0.22114550179342193, 0.2704530659659807], [0.17484200770229252, 0.2684739187122042, 0.30912751604981986, 0.2475565575356833], [0.1770315753225409, 0.28671984210508206, 0.2911472685902189, 0.24510131398215815], [0.14168908143431422, 0.2658072891150669, 0.3610485568814315, 0.23145507256918718], [0.25996398281906097, 0.2799571409264753, 0.18440197824783067, 0.2756768980066332], [0.19697540216419088, 0.30125864127321467, 0.26074085844974393, 0.24102509811285086], [0.24737755306857184, 0.2823087366488145, 0.1826762928156944, 0.28763741746691923], [0.19766179873593512, 0.3207206494772723, 0.2077311645548132, 0.2738863872319796], [0.20525172175538323, 0.2893053938865295, 0.2511088369506059, 0.2543340474074813], [0.22088067300240682, 0.2821584803611676, 0.22771131109731876, 0.2692495355391067], [0.1559881763073857, 0.2825538879637662, 0.29120003546629697, 0.27025790026255114], [0.32392751376433665, 0.22133884916309587, 0.12576705337828986, 0.3289665836942778], [0.2147054015979583, 0.3304824940140481, 0.18080630086002455, 0.274005803527969], [0.1657986554847666, 0.3441355898242023, 0.219665715670857, 0.27040003902017407], [0.259083977668433, 0.272979590153563, 0.18999983326107953, 0.27793659891692446], [0.15002394213679224, 0.28605620276760924, 0.30585838000832083, 0.25806147508727795], [0.28808896619419866, 0.3042792123663932, 0.08952101159089511, 0.31811080984851287], [0.17347233745555074, 0.3235604743957289, 0.23962647645062946, 0.263340711698091], [0.12343349208926206, 0.37808341786781346, 0.26778349713767047, 0.23069959290525402], [0.2213249396286157, 0.24809149475500805, 0.27311577821794025, 0.257467787398436], [0.157782626868521, 0.31226870861493305, 0.282038810780097, 0.2479098537364491], [0.24980189380476822, 0.2961247089416273, 0.17177049742120426, 0.28230289983240064], [0.2599297169421537, 0.28151507961392785, 0.17662288578330756, 0.28193231766061105], [0.15733121521919904, 0.30044338531176124, 0.29868262957240976, 0.24354276989662976], [0.2714390316791537, 0.2829733899688857, 0.1587744907786444, 0.2868130875733163], [0.18375075727671838, 0.3129171059969594, 0.23754489758619116, 0.26578723914013097], [0.2007941540378003, 0.29109859631761026, 0.2438015015011187, 0.264305748143471], [0.21567345042348307, 0.30158081250073604, 0.20181461937456, 0.280931117701221], [0.3214983370799647, 0.23809375460858626, 0.07068258128653238, 0.36972532702491656], [0.25730006175411224, 0.3129711377575296, 0.14886287459915273, 0.28086592588920534], [0.20166720565445947, 0.3157881572929916, 0.20741179625344106, 0.2751328407991077], [0.13119354671165032, 0.3483261705111944, 0.2728766672102779, 0.24760361556687738], [0.2888868804330314, 0.2643243795348801, 0.14626270078356304, 0.30052603924852567], [0.18181156579935337, 0.3031005056658722, 0.2575308701267045, 0.25755705840806975], [0.12096319997077425, 0.329965356297013, 0.30331215544047674, 0.24575928829173627], [0.2903920820784826, 0.26682809393976964, 0.1496637189346214, 0.29311610504712615], [0.22362646967228753, 0.3274247354281413, 0.17462687414669492, 0.27432192075287615], [0.18349030326083307, 0.33003441967030095, 0.23473181639648444, 0.2517434606723816], [0.23975795080378054, 0.30160277996583806, 0.18563223596442863, 0.2730070332659525], [0.20516738511847848, 0.24554535756933804, 0.2796409205260277, 0.2696463367861555], [0.17977950809189175, 0.2967403888716768, 0.26180848028951964, 0.2616716227469121], [0.24060346833510643, 0.2841125338444008, 0.19691197563552335, 0.2783720221849696], [0.15348883208077915, 0.340603246302616, 0.23204639443215588, 0.27386152718444906], [0.1732290383656477, 0.2930183639139514, 0.28189279433498454, 0.2518598033854163], [0.2586806647010855, 0.31705216877831915, 0.14184913567218904, 0.2824180308484062], [0.31349660996368234, 0.24912247203860435, 0.12378772342557914, 0.313593194572134], [0.21598064284177032, 0.3228755124570734, 0.20737813242608674, 0.25376571227506933], [0.3469412083243929, 0.25592843311075575, 0.06106783235634658, 0.336062526208505], [0.17662232684837947, 0.26440250325608367, 0.28628397324251426, 0.2726911966530227], [0.16024344163255905, 0.33169879630580595, 0.2341725917848405, 0.2738851702767947], [0.24834589570388116, 0.325763901726084, 0.1408300011194718, 0.2850602014505629], [0.26925275505421836, 0.27059323498812377, 0.1926692312118506, 0.2674847787458075], [0.22711379639529425, 0.2806507469633597, 0.22383376947638825, 0.2684016871649579], [0.3111855986313879, 0.2592315805253756, 0.12368072524323018, 0.3059020956000063], [0.18267128736894103, 0.2785729484401766, 0.27184580467531266, 0.2669099595155694], [0.19335670778416414, 0.33463000641163504, 0.1977291942336062, 0.2742840915705946], [0.24573542229712494, 0.29316268118635913, 0.17689118518685004, 0.28421071132966624], [0.2383854440667807, 0.3561160708240303, 0.12062530742477748, 0.28487317768441134], [0.2588920700028316, 0.3045530077470993, 0.16709328989831684, 0.26946163235175236], [0.3091863075268127, 0.2843294793413302, 0.08972795955257756, 0.3167562535792792], [0.1842570483656387, 0.25493178096312286, 0.2923848753911269, 0.2684262952801116], [0.1544589773767487, 0.292153656680195, 0.2845918410016818, 0.26879552494137476], [0.1390930889198146, 0.3388787779115743, 0.2619857098526105, 0.2600424233160007], [0.14063479771702014, 0.396093162369168, 0.20735249023912297, 0.255919549674689], [0.16327496978325978, 0.3122605013410171, 0.2835936852912891, 0.24087084358443417], [0.2609013856409969, 0.3031329296276349, 0.15793787403597803, 0.2780278106953899], [0.19278015577527047, 0.2818612829405253, 0.25015576654918004, 0.2752027947350243], [0.23276280019704085, 0.33279538001512987, 0.15795575039665616, 0.2764860693911733], [0.22266624655736136, 0.33077504391071316, 0.17086589569891011, 0.2756928138330154], [0.2397947473998826, 0.3065330064154958, 0.17139952216434975, 0.28227272402027187], [0.2013904120910005, 0.3334836920755633, 0.20407380772414446, 0.2610520881092917], [0.258652214540314, 0.31475366947140365, 0.13713263177062177, 0.28946148421766055], [0.23372313486525834, 0.30488174987599864, 0.18344546358403216, 0.2779496516747107], [0.22802524808754865, 0.29825605190705984, 0.20788353128007056, 0.265835168725321], [0.27258665362810053, 0.2836693914246076, 0.15373256910687802, 0.2900113858404137], [0.17809045450818856, 0.3449489463286882, 0.23003958246435924, 0.246921016698764], [0.18972686661988275, 0.2639892914372629, 0.27789222305112643, 0.26839161889172813], [0.17309246137480352, 0.3375350751424498, 0.21470377935738544, 0.2746686841253613], [0.26926351785751784, 0.2938957809098798, 0.14885561505413084, 0.2879850861784717], [0.20498493427356587, 0.3079797296936683, 0.22542380009207655, 0.26161153594068937], [0.20087442822671187, 0.32330125890487293, 0.2025463251652282, 0.273277987703187], [0.29945897266745647, 0.2213678325717665, 0.18937244095756048, 0.2898007538032161], [0.20617549959369838, 0.3068050719672749, 0.2145046004692729, 0.2725148279697538], [0.21568474207983082, 0.3166051844533824, 0.18902686452957898, 0.2786832089372079], [0.29955849350767966, 0.26054723933339485, 0.1336623796136457, 0.3062318875452798], [0.2138522324915224, 0.2908816977438312, 0.22080397243664615, 0.27446209732800014], [0.20739695184335707, 0.2778372329501108, 0.2549360282108444, 0.2598297869956879], [0.2725779753967927, 0.2673056378690015, 0.1882851982097261, 0.2718311885244796], [0.16033629228737048, 0.2811159214897919, 0.2983593900412934, 0.260188396181544], [0.27846309009272935, 0.30671957697514307, 0.1133380287825557, 0.3014793041495719], [0.27363039552694685, 0.28796014863821845, 0.1506025187189699, 0.2878069371158648], [0.2719800445523616, 0.31354452766035323, 0.1152832918139407, 0.29919213597334454], [0.27122147014318826, 0.32589443592807665, 0.10485610763192836, 0.2980279862968071], [0.17085539963143212, 0.27623943826154557, 0.30950254631794166, 0.2434026157890802], [0.19973590137718136, 0.2903319106653822, 0.2420859057439317, 0.2678462822135048], [0.1368983893399959, 0.33230407725817823, 0.2773143218841579, 0.25348321151766795], [0.2581227498895912, 0.27111346793528185, 0.19679396502676771, 0.273969817148359], [0.18010813587562485, 0.3374405683923229, 0.21423369681923485, 0.268217598912817], [0.1628636335784805, 0.33843675991212, 0.2326503160997509, 0.2660492904096485], [0.22641289508453794, 0.3121472184283629, 0.1781435887602268, 0.2832962977268723], [0.26120652180803183, 0.29922955942204715, 0.16036320207729918, 0.27920071669262175], [0.19668266388031294, 0.31319518469495505, 0.23140771079011802, 0.2587144406346141], [0.16795332656945025, 0.3591448614231804, 0.20707713260482838, 0.2658246794025407], [0.3155820537137001, 0.22265051476621864, 0.14914428555777307, 0.3126231459623085], [0.2739609592674898, 0.3199119485144378, 0.10533373205907072, 0.30079336015900177], [0.19488793778959249, 0.31446737314992723, 0.2430094082186516, 0.2476352808418285], [0.2656449901940938, 0.3331632779882396, 0.10380491554832533, 0.297386816269341], [0.24111569069557767, 0.30463208006628567, 0.17194484819714867, 0.28230738104098796], [0.2597081050314634, 0.27030398056780947, 0.18989198861172107, 0.280095925789006], [0.23519381597906863, 0.28777616413808843, 0.20077165953164589, 0.27625836035119694], [0.2857599232037094, 0.27735677803988756, 0.13867062900690177, 0.29821266974950117], [0.23030162464915732, 0.3198397090444264, 0.17842947156268166, 0.2714291947437349], [0.29941417370821044, 0.29119430845377947, 0.0674301463966092, 0.34196137144140093], [0.2203537176502154, 0.3160291162530301, 0.19292258841867552, 0.2706945776780792], [0.23537550522994158, 0.2774798479554705, 0.21340532989869396, 0.27373931691589404], [0.1351306387541992, 0.33839777161424145, 0.28408756847687716, 0.24238402115468236], [0.12271077240620235, 0.34567507120281743, 0.28555858465475265, 0.24605557173622777], [0.301431636563229, 0.3008471457792891, 0.06887291254836633, 0.3288483051091155], [0.2099890253399976, 0.3259516818118784, 0.19020840530352445, 0.27385088754459974], [0.16279333867890416, 0.2939880392904383, 0.29399638263139255, 0.2492222393992651], [0.18354570221975738, 0.29113560153220763, 0.26032488321693353, 0.26499381303110126], [0.1955874290650698, 0.3209170693648005, 0.2229041684350244, 0.26059133313510546], [0.1572647976903937, 0.2817866014675581, 0.29273006578073996, 0.26821853506130827]]}}