{"test": {"ids": ["100111620", "104111990", "105117431", "98112170", "107115140", "104110960", "104119290", "110117500", "111121410", "107118780", "111117480", "107113840", "101108950", "100120780", "107114321", "111115780", "102109840", "98108150", "99107950", "103113260", "106115250", "104116800", "99107660", "112121010", "106114880", "103110840", "99109311", "110114720", "110114321", "112116810", "113121750", "100113370", "104116980", "112118421", "112116501", "112116290", "106115120", "109117080", "108119550", "102113350", "111119430", "109119450", "99112641", "113121680", "106111321", "112119950", "98106880", "113118810", "99108890", "102112030", "108119510", "113119120", "110117080", "110118450", "98110680", "106121220", "102110050", "111116990", "104109311", "100116790", "110117870", "98116940", "100109330", "103118110", "105116980", "112117030", "107113170", "113119340", "113121810", "112119980", "97112170", "106116120", "105119950", "112118860", "99109840", "109117110", "105118230", "112117571", "111118810", "109117271", "113118421", "105113260", "100111080", "112121360", "106115240", "98109570", "110118880", "105121370", "104111711", "112120640", "97107920", "100111270", "113120260", "108117610", "100113210", "98110810", "112119120", "110115140", "107121700", "110116170", "107118520", "108113760", "111115620", "101119591", "99107630", "113117550", "113119360", "106116441", "104111380", "100108490", "104113380", "106117770", "113120780", "109117630", "110114651", "97107950", "103112641", "109116170", "105115680", "103113270", "110113931", "112121430", "104111880", "109113591", "104111830", "103110760", "113122230", "103111170", "98120530", "108115570", "111119250", "106118820", "105116860", "106113190", "111120280", "104119340", "110118810", "110121170", "106113830", "111119290", "99107300", "108121410"], "labels": [3, 2, 1, 3, 0, 2, 1, 1, 0, 1, 1, 3, 2, 1, 0, 1, 2, 0, 1, 3, 2, 1, 3, 2, 0, 1, 1, 3, 1, 3, 0, 3, 1, 3, 3, 0, 1, 1, 1, 3, 3, 3, 1, 1, 0, 0, 0, 3, 0, 2, 1, 3, 1, 0, 2, 1, 3, 0, 3, 2, 3, 2, 0, 2, 0, 2, 0, 0, 2, 0, 0, 1, 3, 3, 2, 1, 1, 3, 0, 0, 3, 3, 0, 3, 1, 1, 0, 2, 1, 0, 0, 2, 3, 3, 0, 1, 1, 0, 3, 0, 2, 1, 1, 0, 2, 3, 0, 0, 3, 2, 1, 0, 0, 0, 3, 2, 3, 0, 2, 2, 1, 2, 3, 3, 3, 1, 1, 2, 1, 3, 1, 3, 2, 0, 0, 1, 1, 2, 1, 3, 3, 0], "predicted_labels": [2, 0, 3, 3, 3, 1, 0, 0, 1, 1, 1, 1, 1, 0, 3, 2, 1, 3, 1, 3, 1, 3, 3, 2, 1, 3, 1, 2, 0, 2, 3, 3, 3, 1, 0, 1, 3, 1, 0, 1, 1, 3, 1, 3, 1, 0, 0, 1, 2, 2, 3, 3, 1, 1, 0, 3, 1, 3, 0, 1, 1, 3, 1, 2, 1, 1, 0, 0, 3, 1, 0, 1, 2, 1, 2, 3, 1, 3, 0, 3, 3, 0, 3, 0, 3, 3, 3, 2, 1, 0, 0, 1, 1, 1, 3, 2, 3, 2, 1, 3, 3, 3, 3, 0, 3, 3, 3, 1, 1, 2, 0, 2, 0, 3, 0, 3, 1, 0, 1, 2, 3, 1, 3, 0, 1, 2, 1, 1, 3, 2, 2, 1, 1, 0, 3, 1, 0, 3, 3, 3, 0, 3], "confidence_scores": [[0.027382005127695112, 0.17999494904679544, 0.7248679104437532, 0.06775513538175622], [0.5585533055149466, 0.07553130626126658, 0.3068877868418739, 0.05902760138191277], [0.08863007649511315, 0.17425468048888285, 0.20371981598106484, 0.5333954270349393], [0.18541813805588983, 0.042161893738892474, 0.03220249029456559, 0.7402174779106521], [0.0063040644939512756, 0.000941529779933498, 0.0032886929691584486, 0.9894657127569569], [0.02503676447404278, 0.7387034773650297, 0.08518897997824071, 0.15107077818268688], [0.9312576197415042, 0.005603766602605945, 0.0014691322717621642, 0.061669481384127624], [0.41860092011937267, 0.3464611283888242, 0.021688943768447783, 0.21324900772335545], [0.009784405593407462, 0.942979043523426, 0.004087423133851315, 0.043149127749315105], [0.12028225046770667, 0.4579998731859073, 0.0574721272785113, 0.3642457490678748], [0.002745974385056819, 0.5421310194920592, 0.11944392025697356, 0.3356790858659104], [0.07917420992831851, 0.7259917063060325, 0.003448079612254821, 0.19138600415339427], [0.005429417977960567, 0.9435354112707821, 0.0033779495932004197, 0.04765722115805701], [0.3701276314601348, 0.25013809655507374, 0.027637200766231388, 0.35209707121856], [0.014901354736030038, 0.23116046130470164, 0.0010507446046456636, 0.7528874393546227], [0.1402271960795823, 0.14144442016616454, 0.3768437496495461, 0.34148463410470714], [0.02914834326695126, 0.8077809937296976, 0.11529578173395044, 0.047774881269400875], [0.0030183169135527556, 0.08300800709525762, 0.03555205434587778, 0.8784216216453119], [0.001083888754820655, 0.9719639180487327, 0.023933704274441053, 0.003018488922005439], [0.11688715030991675, 0.13864586905332854, 0.0010915263140249595, 0.7433754543227297], [0.003057151177647285, 0.903651634980638, 0.013919116988895969, 0.07937209685281879], [0.01334978557079333, 0.0024234592082732955, 6.420968660434991e-05, 0.9841625455343289], [0.1730314578260971, 0.008912205843112921, 0.005135525815762545, 0.8129208105150275], [0.18385695931018753, 0.27287285323025, 0.3060629515723623, 0.2372072358872002], [0.011142936535573291, 0.9359600150063392, 0.025794453894958963, 0.0271025945631286], [0.014726639232558984, 0.3316601354769302, 0.01699586484633896, 0.6366173604441719], [0.2988853935487574, 0.5158652715151121, 0.15997934010178308, 0.025269994834347484], [0.022061269934105492, 0.007483343604701204, 0.8540945980782861, 0.11636078838290712], [0.9155555775591929, 0.01589759532325934, 0.007656760387392839, 0.06089006673015485], [0.07978088502127965, 0.02002032470061897, 0.8733710601126834, 0.026827730165417965], [0.08630005810568714, 0.4236869240672028, 0.008333097527926521, 0.48167992029918344], [0.0017718509634062616, 0.008838584831190524, 0.025657106302268577, 0.9637324579031347], [0.023039023158257368, 0.22378243707165485, 0.31973780365482146, 0.43344073611526623], [0.0006911475076928347, 0.9560074698525632, 0.013209068912994617, 0.030092313726749406], [0.6423483884432125, 0.09859209127897352, 0.037962925256861395, 0.22109659502095258], [0.023750289454070133, 0.9630525266169743, 0.002459017295752776, 0.01073816663320285], [0.02584200679555622, 0.09788681136189487, 0.01997072297579254, 0.8563004588667563], [0.0005320810634539233, 0.8873504064528971, 0.1065127019216139, 0.005604810562035112], [0.4744130811449346, 0.15420750481011858, 0.21602632981912118, 0.15535308422582564], [0.00653416300844866, 0.939444879932142, 0.01324346773852295, 0.040777489320886255], [0.002191091329388691, 0.9559409170345967, 0.000917016039571335, 0.04095097559644344], [0.0039047981619882897, 0.0025226705618420944, 0.3614750058555123, 0.6320975254206572], [0.08181477850367154, 0.8478451102411376, 0.03577429944887841, 0.034565811806312394], [0.025167732354373328, 0.026007584178193228, 0.3262308791142358, 0.6225938043531977], [0.0009673000916432175, 0.9629815842462192, 0.009835228405685757, 0.026215887256451968], [0.7928745572092198, 0.03207175290267773, 0.0027525472037439012, 0.17230114268435842], [0.9633611673705633, 0.03105056818024093, 0.005039794035638745, 0.0005484704135568036], [0.04141522776835285, 0.8555938922976652, 0.06122190758425862, 0.041768972349723356], [0.07538961226024145, 0.06971077397408673, 0.48142591036618143, 0.3734737033994904], [0.023417319725785035, 0.19866919937121574, 0.6446699933653958, 0.13324348753760332], [0.003277806866647229, 0.0093584041454116, 0.0020924597408260898, 0.985271329247115], [0.04847065619918355, 0.1291287377635937, 0.0035961445273378057, 0.8188044615098851], [0.011647641741402492, 0.4839069187158389, 0.3594381582099996, 0.14500728133275909], [0.17425093220704735, 0.7970759421140035, 0.02080027972271117, 0.007872845956238083], [0.5623823815787392, 0.32522230318461626, 0.10522151014374455, 0.007173805092900053], [0.00896471462535168, 0.04999887000708706, 0.10167464278651817, 0.8393617725810432], [0.020355559946008732, 0.8871343795427267, 0.05302137536669506, 0.039488685144569526], [0.04379574029146528, 0.023727178844716874, 0.0004860919068284492, 0.9319909889569895], [0.6492393560998446, 0.0364908129884081, 0.04172994246064892, 0.2725398884510985], [0.0016550265264898016, 0.9513267486325196, 0.03836633193992859, 0.008651892901061935], [0.2573885244025707, 0.5119137948803585, 0.11353721753761369, 0.11716046317945708], [0.043560875302861575, 0.12285717209353694, 0.24565237745007143, 0.5879295751535301], [0.21182749999863065, 0.7796752022398062, 0.007037029119821297, 0.0014602686417417962], [0.08190106905750819, 0.0697070032768444, 0.8405671555755447, 0.007824772090102726], [0.08254104694931996, 0.6199886763793262, 0.010196553178136728, 0.287273723493217], [0.39897629654493705, 0.541714306798811, 0.002804068646607445, 0.05650532800964432], [0.5008570435585336, 0.2453043770293101, 0.10440245075950938, 0.1494361286526469], [0.8408729774700131, 0.11096690039710516, 0.0012525804902840279, 0.046907541642597625], [0.015211865712966796, 0.027432427447240133, 0.10060916216224852, 0.8567465446775445], [0.1422528674386895, 0.5897333996202586, 0.17436017348246327, 0.09365355945858861], [0.38150462431312704, 0.21350851272669666, 0.36833629498402426, 0.036650567976151974], [0.346246277237053, 0.5001570477412186, 0.12978835029463764, 0.023808324727090845], [0.039560880920302965, 0.2810064699462975, 0.4812328948404891, 0.19819975429291037], [0.02032251537153602, 0.6557990854433379, 0.010146540778689072, 0.31373185840643714], [0.05832697670765499, 0.00022623116299852128, 0.825513936185331, 0.11593285594401553], [0.0012455732601180387, 0.001155117420275338, 0.0002565681014676331, 0.9973427412181389], [0.019029057074852935, 0.8663241652721947, 0.05858868417381823, 0.0560580934791342], [0.017608584578487085, 0.39101872294858003, 0.1363327763501526, 0.4550399161227802], [0.9335765130654727, 0.008491678308630818, 0.005212489069511164, 0.052719319556385306], [0.017547788333430927, 0.23298064920210929, 0.011050007208466196, 0.7384215552559936], [0.07546517732074091, 0.15370879647884977, 0.11771643631482312, 0.6531095898855862], [0.7525225489130041, 0.23051770376877942, 0.016100280043986746, 0.0008594672742298008], [0.0040169397688634536, 0.04736336313679733, 0.01858930577441222, 0.930030391319927], [0.603756941003491, 0.062424930343738104, 0.1449436312534378, 0.1888744973993331], [0.19219243505815822, 0.2475593747374054, 0.17032260568371982, 0.3899255845207165], [0.004547640219935878, 0.009530024966911342, 0.015787841198838293, 0.9701344936143146], [0.04426667266062438, 0.1264776745049781, 0.0012034803236050712, 0.8280521725107924], [0.010257248328865265, 0.4575154348948369, 0.5289876938242564, 0.003239622952041518], [0.037079986278525864, 0.9337853554023119, 0.0212314640329372, 0.007903194286224996], [0.8620340666722691, 0.06058998420486645, 0.02067099315265252, 0.05670495597021188], [0.6520936931775727, 0.022967281124202155, 0.016660644766688885, 0.3082783809315364], [0.29178764573719557, 0.5560924488334061, 0.08217699999605368, 0.06994290543334454], [0.04802289674212652, 0.8205828645915526, 0.028980221772328067, 0.10241401689399299], [0.0957918453554934, 0.47131137878079304, 0.10358938769514586, 0.3293073881685677], [0.0014755483484812032, 0.09297590949355117, 0.0024249744537659765, 0.9031235677042015], [0.02418084036606115, 0.0036364947482456604, 0.9690382189931929, 0.003144445892500123], [0.1403976550804649, 0.047262557939863954, 0.0066093004827134216, 0.8057304864969577], [0.10152701704734653, 0.3281737600292942, 0.4435002127117533, 0.12679901021160592], [0.02600980758349968, 0.6293353200990128, 0.014064213842339317, 0.33059065847514807], [0.41768450011625585, 0.035882579439080846, 0.0741274312628158, 0.4723054891818474], [0.10059553066110591, 0.0029659557755213686, 0.04624653464295364, 0.8501919789204192], [0.23225252843490118, 0.001966433331122664, 0.29047116464499784, 0.4753098735889784], [0.006855244655394549, 0.004923866024915002, 0.019394168236323905, 0.9688267210833665], [0.8009913986840703, 0.12343316375120378, 0.006087208079697495, 0.06948822948502838], [0.015472053637825688, 0.06202660189106047, 0.26142884927834614, 0.6610724951927677], [0.022309522301495476, 0.0006778967954099608, 0.10347151468750923, 0.8735410662155852], [0.4030445709959394, 0.01889844913638916, 0.003148146472593798, 0.5749088333950778], [0.07170956391499507, 0.5456336406557145, 0.054612311182979816, 0.3280444842463106], [0.09003836733524676, 0.7478148500540193, 0.06760241566211078, 0.09454436694862312], [0.4508482816045194, 0.014759827635648617, 0.5152280842733522, 0.01916380648647967], [0.4546631435703882, 0.35856547833521957, 0.011060798961019983, 0.1757105791333723], [0.1386286736195967, 0.02535963392077326, 0.5037804258475744, 0.33223126661205565], [0.4506530058054232, 0.42151308569555285, 0.004521570808484484, 0.12331233769053948], [0.09810556663678824, 0.18922171820420466, 0.057732000299791066, 0.654940714859216], [0.9232843480112842, 0.0066652273438015715, 0.008266455410761443, 0.06178396923415277], [0.0004669337632761692, 0.03199400958963673, 0.015013758717537153, 0.95252529792955], [0.30936169181212086, 0.3342425239123363, 0.039760862184077594, 0.3166349220914652], [0.5352904618814265, 0.26257031499088457, 0.05197688411207423, 0.1501623390156147], [0.01613978690120672, 0.6790457544735089, 0.018513104957693625, 0.28630135366759074], [0.24505367923616056, 0.08419092386761017, 0.36804499482369557, 0.3027104020725337], [0.38103879197591833, 0.06814121513379304, 0.16039888376591993, 0.3904211091243686], [0.04063147459666352, 0.41921258565456115, 0.3871572581883633, 0.15299868156041185], [0.08320690090486683, 0.12099358217045568, 0.0031643553995188167, 0.7926351615251586], [0.8333360553752535, 0.1490017333158666, 5.794108459689073e-05, 0.017604270224282972], [0.011795860738188684, 0.8786437982848693, 0.0016795599322933558, 0.10788078104464878], [0.0700547545489659, 0.060277226715627664, 0.5850007969845361, 0.2846672217508704], [0.005267503211928189, 0.5233977292753647, 0.30416915293919794, 0.16716561457350926], [0.048913200574025206, 0.8095498905391306, 0.04675858967281282, 0.0947783192140311], [0.07526683303110634, 0.0014223358483115608, 0.11138826696958573, 0.8119225641509964], [0.02075099353763465, 0.12135690388949825, 0.6005555561628587, 0.25733654641000836], [0.19992367760296167, 0.2810679667633522, 0.32928165235726026, 0.1897267032764259], [0.012301789835857899, 0.8202432775575771, 0.0518102584402567, 0.11564467416630829], [0.03164869950409178, 0.9435157528823015, 0.018548879326291172, 0.006286668287315817], [0.38014825387918905, 0.34949511932040744, 0.15616013131931722, 0.11419649548108626], [0.26877780014631664, 0.01720528533853491, 0.0408151938398656, 0.6732017206752828], [0.006813505536311498, 0.9527401379860839, 0.004907913324600344, 0.035538443153004105], [0.4118475312872943, 0.28616076605184393, 0.03458408123544168, 0.26740762142542024], [0.02475027153864494, 0.37989107638439834, 0.009807421924214946, 0.5855512301527418], [0.29515033014854686, 0.16525059727293434, 0.010564732602871066, 0.5290343399756477], [0.16646542712444617, 0.004665361773897965, 0.016495424505382376, 0.8123737865962735], [0.8929674868064403, 0.08697491910314893, 0.016540183256544588, 0.0035174108338661856], [0.1836389815921101, 0.19879665425785017, 0.0013115274670237624, 0.6162528366830159]]}, "rewritten": {"ids": ["97107920", "97107950", "97112170", "98106880", "98108150", "98109570", "98110680", "98110810", "98112170", "98116940", "98120530", "99107300", "99107630", "99107660", "99107950", "99108890", "99109311", "99109840", "99112641", "100108490", "100109330", "100111080", "100111270", "100111620", "100113210", "100113370", "100116790", "100120780", "101108950", "101119591", "102109840", "102110050", "102112030", "102113350", "103110760", "103110840", "103111170", "103112641", "103113260", "103113270", "103118110", "104109311", "104110960", "104111380", "104111711", "104111830", "104111880", "104111990", "104113380", "104116800", "104116980", "104119290", "104119340", "105113260", "105115680", "105116860", "105116980", "105117431", "105118230", "105119950", "105121370", "106111321", "106113190", "106113830", "106114880", "106115120", "106115240", "106115250", "106116120", "106116441", "106117770", "106118820", "106121220", "107113170", "107113840", "107114321", "107115140", "107118520", "107118780", "107121700", "108113760", "108115570", "108117610", "108119510", "108119550", "108121410", "109113591", "109116170", "109117080", "109117110", "109117271", "109117630", "109119450", "110113931", "110114321", "110114651", "110114720", "110115140", "110116170", "110117080", "110117500", "110117870", "110118450", "110118810", "110118880", "110121170", "111115620", "111115780", "111116990", "111117480", "111118810", "111119250", "111119290", "111119430", "111120280", "111121410", "112116290", "112116501", "112116810", "112117030", "112117571", "112118421", "112118860", "112119120", "112119950", "112119980", "112120640", "112121010", "112121360", "112121430", "113117550", "113118421", "113118810", "113119120", "113119340", "113119360", "113120260", "113120780", "113121680", "113121750", "113121810", "113122230"], "labels": [0, 2, 0, 0, 0, 1, 2, 1, 3, 2, 1, 3, 2, 3, 1, 0, 1, 2, 1, 2, 0, 0, 2, 3, 0, 3, 2, 1, 2, 0, 2, 3, 2, 3, 1, 1, 2, 3, 3, 2, 2, 3, 2, 3, 1, 3, 3, 2, 1, 1, 1, 1, 1, 3, 2, 2, 0, 1, 1, 3, 2, 0, 0, 1, 0, 1, 1, 2, 1, 0, 0, 3, 1, 0, 3, 0, 0, 2, 1, 3, 1, 3, 3, 1, 1, 0, 3, 0, 1, 1, 0, 0, 3, 1, 1, 3, 3, 0, 0, 1, 1, 3, 0, 1, 0, 2, 1, 1, 0, 1, 0, 1, 3, 3, 0, 0, 0, 3, 3, 2, 3, 3, 3, 1, 0, 0, 0, 2, 3, 2, 3, 3, 3, 3, 0, 0, 3, 0, 1, 0, 2, 1], "predicted_labels": [0, 2, 0, 1, 1, 3, 2, 2, 3, 1, 3, 0, 3, 3, 1, 2, 0, 2, 0, 2, 1, 3, 3, 2, 3, 3, 1, 3, 1, 1, 1, 3, 2, 1, 3, 3, 1, 3, 3, 1, 2, 0, 2, 1, 1, 3, 1, 0, 3, 3, 3, 0, 1, 1, 1, 0, 1, 3, 1, 2, 1, 3, 3, 0, 1, 3, 0, 1, 1, 3, 3, 1, 3, 0, 1, 3, 3, 3, 1, 1, 3, 3, 3, 3, 1, 3, 0, 0, 1, 1, 3, 3, 3, 3, 0, 0, 3, 1, 3, 3, 3, 1, 1, 0, 3, 3, 3, 3, 3, 0, 0, 0, 3, 1, 3, 1, 1, 3, 2, 3, 3, 1, 1, 0, 0, 1, 0, 2, 0, 0, 3, 3, 3, 0, 1, 3, 3, 1, 3, 0, 2, 2], "confidence_scores": [[0.6937765966945891, 0.0087749463380969, 0.008834307869677302, 0.28861414909763655], [0.014443534257780472, 0.3496548368081293, 0.361754264319784, 0.27414736461430617], [0.6579334444098273, 0.14920898437124328, 0.0873916380313734, 0.10546593318755611], [0.1233171197324326, 0.7978303109689316, 0.06692934336322003, 0.011923225935415739], [0.018015586888638753, 0.6200901152461293, 0.28121903281367844, 0.08067526505155359], [0.03301751514264273, 0.16451711784574338, 0.00789027507913785, 0.794575091932476], [0.1418345124352167, 0.2971166360299719, 0.5501479616465227, 0.010900889888288686], [0.21188747554049045, 0.04572105834504614, 0.7201460946404982, 0.022245371473965162], [0.08426634839469041, 0.02451954411384081, 0.08133553504145748, 0.8098785724500112], [0.010284595162524812, 0.9100366295394967, 0.015826874659283004, 0.06385190063869563], [0.023749284250847987, 0.0011242877283250854, 0.06272648444568907, 0.9123999435751379], [0.8974153325131091, 0.07871872856842486, 0.008722331124509783, 0.015143607793956147], [0.04504804555204548, 0.014129816399958153, 0.15854547734091068, 0.7822766607070858], [0.39398287484263705, 0.012393720028406796, 0.0056586571736846804, 0.5879647479552714], [0.0031447051107235686, 0.9518177837889396, 0.03863449718928811, 0.006403013911048872], [0.1246093654071901, 0.23166954175579074, 0.49684785112800106, 0.14687324170901817], [0.5064531243314105, 0.46094266946918844, 0.007739683946871247, 0.024864522252529685], [0.11450584618673497, 0.0426213494106061, 0.8290128224394753, 0.013859981963183795], [0.9014410224762488, 0.07743615802940297, 0.01489196694965371, 0.006230852544694517], [0.05548939165369034, 0.12915755684355054, 0.8048328000524518, 0.010520251450307215], [0.24386770651324902, 0.7113514721226003, 0.009250485087045386, 0.03553033627710517], [0.06779898679111186, 0.08982862959483981, 0.29846548795472294, 0.5439068956593254], [0.32777501242838236, 0.0644732586186728, 0.06065295182770761, 0.5470987771252372], [0.03290466079344708, 0.25401841496668864, 0.6433577578309813, 0.06971916640888291], [0.010430211102142237, 0.05941995145732271, 0.0014151087777598765, 0.9287347286627753], [0.009252623025058604, 0.003330912476574893, 0.010757015173919108, 0.9766594493244475], [0.007217979999094425, 0.9777880122754582, 0.01129314491207312, 0.003700862813374268], [0.31479632906270155, 0.10949737041672465, 0.02629736285047386, 0.5494089376700998], [0.0022943699111501116, 0.870865368882206, 0.012056421257503447, 0.11478383994914046], [0.147080894964486, 0.7019961800945074, 0.014101675790357466, 0.1368212491506492], [0.14072548146225697, 0.4808977771001059, 0.3557960419771815, 0.022580699460455912], [0.005152814698740845, 0.3548098585526112, 0.09036387868461851, 0.5496734480640294], [0.006791509079262082, 0.049240938986264374, 0.7606477516710547, 0.18331980026341893], [0.012334719143952816, 0.7015817545237166, 0.17335622886994145, 0.1127272974623892], [0.0798230771984883, 0.09983248801795234, 0.3187013508226402, 0.5016430839609193], [0.029051335308310115, 0.1716186630270767, 0.03443279559094606, 0.7648972060736671], [0.35489498031216915, 0.5495587850968925, 0.0532190089574529, 0.04232722563348548], [0.09459256718542398, 0.008734343222613098, 0.006148037954930383, 0.8905250516370324], [0.08006587438496097, 0.1369864208881298, 0.0019447598389783487, 0.7810029448879308], [0.017992693332057934, 0.394776597627854, 0.39290951766248206, 0.19432119137760595], [0.10562536668666714, 0.06476293194262615, 0.7686557353444169, 0.0609559660262898], [0.5140662103474932, 0.29519232921752586, 0.1185813238030637, 0.07216013663191717], [0.052674021465487886, 0.33678159842856487, 0.5462437691113897, 0.06430061099455754], [0.258773428070698, 0.278493154132857, 0.24684682152041718, 0.21588659627602788], [0.13240405673736938, 0.7743710615412971, 0.0421202268048313, 0.05110465491650217], [0.0063686195345638045, 0.4574326797132011, 0.00033561368740646927, 0.5358630870648287], [0.07384526519367533, 0.5882213871315117, 0.014934724617205656, 0.3229986230576074], [0.5048037380771898, 0.42960477559050503, 0.02981120874355348, 0.035780277588751574], [0.28409304972610666, 0.17262076757234937, 0.0810969148893122, 0.4621892678122319], [0.007745742241848931, 0.04427889220786513, 4.428420866529579e-05, 0.9479310813416206], [0.010969923410675217, 0.05924813499372971, 0.03903914558850144, 0.8907427960070936], [0.9546805238216642, 0.005265917623527936, 0.001741454044914232, 0.03831210450989364], [0.024548854106390967, 0.8448226204356323, 0.024503294754393837, 0.1061252307035829], [0.00909921399755231, 0.8832201796571874, 0.018479873998560735, 0.08920073234669953], [0.05909141153110002, 0.770213622927662, 0.07555555995989205, 0.0951394055813459], [0.6396328280596734, 0.31726236341343755, 0.036724023205009906, 0.0063807853218790095], [0.10876680706679707, 0.5910304325725437, 0.007172360963727579, 0.2930303993969316], [0.013865050598523583, 0.14560355930610963, 0.02068946253782038, 0.8198419275575464], [0.003708258274556974, 0.975836440250812, 0.001501152954375505, 0.018954148520255606], [0.014998954160991007, 0.24619425527793737, 0.6374961867870296, 0.10131060377404205], [0.01334595378722249, 0.9636578406812358, 0.0036514668877417516, 0.01934473864379989], [0.011083247917361157, 0.20249692339024103, 0.019374662564023183, 0.7670451661283746], [0.08915765237868509, 0.1038240116146454, 0.07797167323603932, 0.7290466627706303], [0.6640895296033253, 0.017368356859169667, 0.00727795571261124, 0.31126415782489364], [0.0015181008783703776, 0.9899663728507758, 0.005530043156148984, 0.002985483114705067], [0.02400616630425636, 0.11361767255085067, 0.016308694473768044, 0.8460674666711249], [0.4208046942025389, 0.23311736903528554, 0.06190032033577472, 0.2841776164264008], [0.007267468660894402, 0.8257712205146853, 0.14733565359511144, 0.01962565722930897], [0.1749969322857481, 0.6662229488868925, 0.1264389292091834, 0.03234118961817594], [0.05752137294211974, 0.08662374096841435, 0.0025578776607210175, 0.8532970084287448], [0.312315473278301, 0.008934638807428893, 0.02651072411979518, 0.6522391637944749], [0.01702445268341112, 0.5897602646420124, 0.00840125297930436, 0.3848140296952722], [0.0012986112743532093, 0.004780867848196828, 0.007947869178241713, 0.9859726516992083], [0.6829847974994676, 0.07784169830794829, 0.02525986945722106, 0.2139136347353629], [0.07040412665757143, 0.8129528928184591, 0.00672914070335663, 0.109913839820613], [0.32526068666909225, 0.07018002359787928, 0.002758784390654557, 0.6018005053423738], [0.057854132300519744, 0.00022093164375554093, 0.03159698183156072, 0.910327954224164], [0.3137241885550306, 0.030064479123548305, 0.04483061970308381, 0.6113807126183374], [0.36079714703964527, 0.5310988694534834, 0.008300250814092743, 0.09980373269277863], [0.021887627263402133, 0.738329251229894, 0.004988012598041432, 0.23479510890866226], [0.25930734418844287, 0.00038697124639400503, 0.30665621811665406, 0.43364946644850905], [0.006950920344327027, 0.11607225524566736, 0.3729035710443929, 0.5040732533656127], [0.048658932355114544, 0.22218230209285508, 0.016317158367652917, 0.7128416071843775], [0.0014083909307022414, 0.0014281750380800307, 0.0009681380887097006, 0.996195295942508], [0.07039257555686101, 0.872576572377927, 0.041149147207855105, 0.01588170485735676], [0.05846823672268206, 0.21391806613747041, 0.000446278397609932, 0.7271674187422377], [0.6597279048551382, 0.29689962346480875, 0.0001331103783783924, 0.04323936130167477], [0.9648384818156324, 0.020270870846377208, 0.0035797807509661056, 0.011310866587024302], [0.0006606016801588545, 0.9049283917697796, 0.04253927477397976, 0.051871731776081696], [0.022425936764392033, 0.8247506722199694, 0.02357361965976618, 0.12924977135587234], [0.005219540094151488, 0.12502298718632315, 0.004438856206363273, 0.865318616513162], [0.08443275946994806, 0.06345295803289795, 0.0006151063994100024, 0.851499176097744], [0.03800612034843788, 0.1313995670043564, 0.3138975762766738, 0.5166967363705319], [0.05036500153459352, 0.04510639179378066, 0.05439944367896785, 0.850129162992658], [0.5427372235771586, 0.03994159962848421, 0.041072645539861175, 0.3762485312544959], [0.6470832964710534, 0.009142667179545306, 0.017754490843111075, 0.32601954550629], [0.005278117550274949, 0.4404717901408503, 0.08537030468810387, 0.46887978762077087], [0.100422300515795, 0.4915792121733858, 0.27003977261085743, 0.13795871469996177], [0.03601372690933154, 0.03227033418687305, 0.0082496795574364, 0.9234662593463591], [0.01611242939721851, 0.1010769007229635, 0.014346997209351167, 0.8684636726704668], [0.2809854812546386, 0.30064984279848833, 0.006874031784690242, 0.4114906441621829], [0.08877242767258774, 0.7964807972247524, 0.034043930351818956, 0.08070284475084104], [0.3146567056877111, 0.6217811080346791, 0.04854697980157344, 0.015015206476036247], [0.4766615444170629, 0.15550849643800085, 0.022891227879649867, 0.34493873126528635], [0.04601978721552492, 0.004741788211146933, 0.0010332336301182164, 0.9482051909432099], [0.034036727547699326, 0.22239935926754037, 0.016572644463552617, 0.7269912687212076], [0.022046112937459693, 0.008148337890702066, 0.02540376273579878, 0.9444017864360396], [0.11124586672998306, 0.14139120600775165, 0.23297666026281155, 0.5143862669994538], [0.31495371544671286, 0.07833563006942003, 0.0006191034128637806, 0.6060915510710033], [0.5329932059004042, 0.28645093003237676, 0.015868145212978378, 0.16468771885424066], [0.7492686604148436, 0.010699312522902328, 0.026412229361561856, 0.21361979770069217], [0.8485977458744999, 0.0748568644474055, 0.04581737297551644, 0.030728016702578305], [0.3337665348240096, 0.07256120770639647, 0.005144699021959872, 0.588527558447634], [0.0033617581753190807, 0.7468423376842217, 0.0048672259474113015, 0.24492867819304795], [0.4634568759682562, 0.009043999661459337, 0.014135228050743005, 0.5133638963195415], [0.11711328712442194, 0.5038885701790836, 0.009173961302516652, 0.3698241813939778], [0.2909300041229299, 0.6875602876011796, 0.013270505956213914, 0.00823920231967668], [0.10524339228935135, 0.04030011539337295, 0.024445771981577887, 0.8300107203356979], [0.32951365746532413, 0.0010900082675248091, 0.6055116544416952, 0.06388467982545587], [0.3943515611434324, 0.13519934999461536, 0.04334880652881277, 0.42710028233313957], [0.0006848003246859032, 0.1417505273835091, 0.000962038655912189, 0.8566026336358928], [0.015779485602832537, 0.8133334734149703, 0.007229502818647461, 0.1636575381635496], [0.029873644427636552, 0.7425341791559312, 0.009951518738492152, 0.21764065767794014], [0.7194860263969871, 0.08566521744438324, 0.0018313829225604285, 0.1930173732360691], [0.5648926211419467, 0.009257077303012805, 0.008249267911592887, 0.4176010336434476], [0.1377783799167305, 0.8188805339900415, 0.011567584327983113, 0.0317735017652449], [0.9312419805212935, 0.021692668751973065, 0.008388151653644482, 0.038677199073089114], [0.2124758180527803, 0.22025484637899645, 0.38446001565382076, 0.18280931991440244], [0.5553998544913917, 0.01638729469763466, 0.2810852126391178, 0.14712763817185587], [0.4422674162527377, 0.12847704857961167, 0.15717605149332992, 0.2720794836743206], [0.012100077551898913, 0.0020402792670794674, 0.002146903361658347, 0.9837127398193632], [0.13004130678857898, 0.30096124153270215, 0.007395252998004457, 0.5616021986807144], [0.0413193729520551, 0.2810269045118096, 0.3194659658319412, 0.3581877567041941], [0.38801969989375157, 0.3394454317588973, 0.006452048026593655, 0.2660828203207574], [0.42286365677932897, 0.5117233619899557, 0.0006293523670619142, 0.06478362886365346], [0.13902324944602026, 0.02555310189571515, 0.04173946217270144, 0.793684186485563], [0.2745037764807429, 0.10886956828165584, 0.07491803261974907, 0.5417086226178521], [0.08275954479171937, 0.8639311573888839, 0.00433542306796891, 0.0489738747514278], [0.09328809688563496, 0.08546729116548303, 0.1042112918626109, 0.7170333200862711], [0.5404366133763898, 0.0557621043346982, 0.0033076362513941708, 0.4004936460375178], [0.044875300379155436, 0.1814134616917521, 0.5679528373059164, 0.20575840062317605], [0.00806953762703244, 0.11059820782774561, 0.5025077313278301, 0.3788245232173919]]}}