{"test": {"ids": ["101108080", "113118620", "108114180", "97116500", "111119250", "112117431", "103120780", "97107950", "107114110", "112116401", "111115400", "105119550", "110117080", "101109000", "113118820", "110121500", "99109141", "106118161", "107120010", "113119120", "105115250", "112117790", "103110840", "103120730", "110117870", "106115240", "108115880", "99108460", "110118181", "113117340", "102118380", "107113130", "104118070", "102110690", "98112170", "112118530", "105113480", "97112170", "112119950", "110121450", "99107560", "106119580", "98110230", "112120700", "111121351", "104117630", "99108580", "102108621", "107113180", "99107640", "111115620", "103118291", "100111620", "102113981", "109114651", "108121410", "99112641", "111114171", "112121351", "112118161", "97112290", "97109570", "101109370", "108114040", "99109311", "110116290", "110117140", "112120290", "107114490", "109117600", "113118111", "98111860", "99110730", "113120601", "110120190", "110117200", "110117500", "98106680", "112116900", "110116441", "99109780", "99109370", "100120010", "113121810", "99107660", "105110091", "106112770", "98111620", "109119591", "106121220", "105112260", "111115910", "99119830", "105113210", "101110740", "100112060", "104114410", "113120260", "102110500", "101108500", "99113260", "98116500", "109121410", "98107210", "97107821", "110115140", "111119300", "100111390", "105115720", "113121980", "111120640", "112118701", "109120560", "108117720", "106119260", "100109801", "103111620", "98109570", "109121351", "109118820", "113120591", "106113190", "113120540", "106111321", "105117200", "109113591", "99120010", "111116411", "108115250", "111117000", "112117030", "108121160", "98109090", "99111930", "99108890", "112117660", "111116990", "101114020", "111114321", "99121440", "107114950", "100109910"], "labels": [0, 3, 1, 2, 1, 0, 1, 2, 1, 0, 0, 1, 1, 1, 0, 3, 3, 3, 1, 3, 2, 3, 1, 1, 3, 1, 3, 0, 1, 2, 1, 1, 2, 0, 3, 1, 0, 0, 0, 3, 1, 3, 3, 2, 0, 0, 0, 3, 3, 1, 1, 0, 3, 1, 3, 0, 1, 3, 0, 0, 1, 0, 1, 0, 1, 2, 3, 1, 3, 1, 1, 0, 3, 2, 3, 3, 1, 1, 3, 3, 2, 1, 0, 2, 3, 0, 1, 3, 0, 1, 3, 2, 1, 3, 3, 2, 1, 3, 3, 3, 0, 2, 0, 1, 2, 0, 1, 2, 1, 2, 0, 0, 1, 1, 1, 0, 0, 1, 0, 3, 0, 0, 3, 0, 3, 3, 2, 0, 1, 0, 2, 2, 1, 1, 0, 0, 0, 3, 1, 2, 3, 2], "predicted_labels": [1, 1, 3, 3, 3, 3, 3, 2, 0, 3, 3, 1, 1, 3, 1, 0, 1, 1, 3, 3, 1, 3, 1, 3, 3, 0, 3, 3, 1, 1, 1, 1, 3, 3, 0, 1, 1, 3, 3, 3, 1, 1, 1, 1, 1, 1, 0, 0, 1, 0, 3, 0, 2, 1, 1, 1, 1, 3, 1, 1, 1, 0, 1, 3, 1, 1, 0, 1, 3, 3, 3, 2, 2, 1, 3, 0, 1, 3, 3, 1, 2, 1, 3, 1, 0, 3, 3, 2, 1, 3, 1, 3, 3, 3, 3, 3, 3, 3, 0, 3, 2, 3, 1, 3, 3, 3, 1, 3, 1, 0, 3, 3, 3, 3, 3, 3, 3, 3, 1, 1, 3, 1, 1, 3, 1, 1, 1, 0, 3, 1, 1, 3, 3, 0, 1, 3, 3, 1, 1, 2, 3, 2], "confidence_scores": [[0.47235322109660716, 0.33913220829119034, 0.06891526102027953, 0.11959930959192325], [0.14339769299330904, 0.6639745856730317, 0.041303344042734086, 0.15132437729092515], [0.08718049181017178, 0.3677693726454735, 0.06153012515641606, 0.48352001038793857], [0.1717271978671951, 0.10244655668794847, 0.23572241798802018, 0.49010382745683606], [0.46694818398660726, 0.052077431931653394, 0.03668745190230975, 0.44428693217942966], [0.22633434396758198, 0.3624968996323087, 0.005606780079015431, 0.405561976321094], [0.2428598866519521, 0.11647928302225233, 0.1104388788040042, 0.5302219515217914], [0.08277680511570036, 0.08606815320678637, 0.6085623860902141, 0.22259265558729913], [0.6671674491576173, 0.06272539101713938, 0.018778462133352786, 0.25132869769189065], [0.38305815424899686, 0.027307254999904235, 0.0031524719217020424, 0.5864821188293968], [0.2756016189508854, 0.15236086166179694, 0.22694570581160864, 0.3450918135757092], [0.15089971055150375, 0.5805612795338781, 0.13236797014697196, 0.1361710397676459], [0.05130793886174597, 0.5254663959410892, 0.039005477807996576, 0.38422018738916824], [0.1747210824784011, 0.20343147360100164, 0.044755442739693334, 0.5770920011809042], [0.4542600408056603, 0.45927725843056894, 0.004750539066889823, 0.0817121616968809], [0.5213423477443597, 0.3019883095351578, 0.06640424861342252, 0.11026509410706009], [0.49403430757999095, 0.35924904460544, 0.010223894255295695, 0.1364927535592739], [0.20156575293402526, 0.7172287922460221, 0.016167956046875164, 0.06503749877307745], [0.10700688867080557, 0.06794195257285225, 0.057687618794117296, 0.7673635399622248], [0.2853894170083949, 0.2015754291532274, 0.009353000698007449, 0.5036821531403702], [0.08435120179876882, 0.6553595149154091, 0.07781935779035902, 0.18246992549546318], [0.356825816957897, 0.15243220778966746, 0.013582951148245693, 0.47715902410419], [0.11767863751266865, 0.4572078906094151, 0.2117656361591344, 0.2133478357187816], [0.14624634011108245, 0.20863443241237709, 0.39897694463721883, 0.24614228283932166], [0.2855843648571244, 0.04340720473684692, 0.11526938797904827, 0.5557390424269806], [0.6222938865024574, 0.2959187859638854, 0.015651726014353363, 0.06613560151930385], [0.3040683003335787, 0.0692884314877272, 0.0102271289395249, 0.6164161392391692], [0.23287166357940126, 0.21204133531172345, 0.09970768612542823, 0.4553793149834468], [0.30939724687104514, 0.4323544775357621, 0.19618094253341412, 0.06206733305977857], [0.09949249873173216, 0.5546192000825585, 0.017023263151220443, 0.3288650380344893], [0.0370358393655826, 0.29999652439983204, 0.4032073586445147, 0.25976027759007075], [0.08820493265596976, 0.3561484340459983, 0.38570755013890645, 0.16993908315912548], [0.016599631105443404, 0.20009930678707794, 0.3024378999367693, 0.4808631621707098], [0.30896585226422635, 0.18495282112459704, 0.0840259250552488, 0.4220554015559278], [0.6128165531771952, 0.01672151712704725, 0.033554740897825334, 0.3369071887979326], [0.06024043640057602, 0.7546547488868974, 0.0938442628792145, 0.09126055183331234], [0.06993417371477838, 0.5175823341117954, 0.26911228489898337, 0.14337120727444302], [0.18552128826235775, 0.21053207048255226, 0.05350526104601511, 0.5504413802090746], [0.4920463968750263, 0.02291943479219038, 0.02095689878584254, 0.46407726954694073], [0.33115108915578384, 0.35502395565239947, 0.0037736981993527407, 0.31005125699246405], [0.1785597868149105, 0.5039788748361986, 0.1608541746328409, 0.1566071637160499], [0.03988258062474214, 0.5349849404934898, 0.3884219565757624, 0.03671052230600553], [0.2142796485098147, 0.44535116093919286, 0.1282410428549829, 0.21212814769600977], [0.030143895629090745, 0.7032412666519204, 0.015992191585410615, 0.25062264613357815], [0.5152363490221699, 0.41550704355891316, 0.009383676047536607, 0.05987293137138019], [0.035324987113036735, 0.7184945108381555, 0.06298903392295033, 0.1831914681258571], [0.5948203478198885, 0.21293436867414212, 0.08284582438935549, 0.1093994591166136], [0.8278568642827943, 0.09564831188262005, 0.004341707994533935, 0.07215311584005166], [0.04640756723840774, 0.5332786563261724, 0.10725468757911555, 0.3130590888563042], [0.4583081217094956, 0.1998609940366934, 0.178249356445341, 0.1635815278084698], [0.5192911431176239, 0.03915791646082197, 0.027263581959603676, 0.4142873584619504], [0.523356113004405, 0.30117901673199193, 0.08052376818691225, 0.09494110207669076], [0.09639705160515882, 0.07393235156802586, 0.671819779216568, 0.15785081761024738], [0.17974240265789518, 0.38883538645116655, 0.11681556550412979, 0.3146066453868087], [0.11184137778806191, 0.6044531181836728, 0.015773556373837257, 0.26793194765442807], [0.13788525010081157, 0.6486923645500643, 0.022542096272934305, 0.1908802890761898], [0.3999617820804692, 0.33362127301430283, 0.10626916164207033, 0.1601477832631574], [0.07295185137907356, 0.20523454233558527, 0.033958873610268725, 0.6878547326750725], [0.10020075884882144, 0.7398178817585156, 0.04869743390226102, 0.11128392549040203], [0.526212882625899, 0.413926488258439, 0.01230847734066741, 0.04755215177499461], [0.10594545709734292, 0.48007196846800754, 0.20028462195520866, 0.21369795247944076], [0.5516310284264792, 0.05628478900444678, 0.1719657045539722, 0.22011847801510195], [0.28862465591810577, 0.21495547891691832, 0.41218709565320977, 0.08423276951176663], [0.13237383650932358, 0.18653319153876427, 0.2765550579565981, 0.40453791399531414], [0.2466991619919662, 0.4094456675551126, 0.18846329910922258, 0.15539187134369836], [0.37267645841323777, 0.27607996944650987, 0.13126325111299925, 0.21998032102725318], [0.5195373820546608, 0.32374424969921956, 0.06317761132811965, 0.09354075691800007], [0.3533273406924445, 0.45338063185400906, 0.01187431551993939, 0.181417711933607], [0.21952831703668385, 0.15260277549778525, 0.06295891115428043, 0.5649099963112506], [0.22998694479075085, 0.14062253629784172, 0.2707276377418123, 0.3586628811695954], [0.1935842833718814, 0.2592827234339187, 0.047923792246993155, 0.4992092009472064], [0.013973512125455329, 0.13851517829860793, 0.7931984902673431, 0.05431281930859363], [0.012092645056848175, 0.030328483694246837, 0.9046544090938302, 0.05292446215507506], [0.04017690813825779, 0.3151056939041431, 0.4788280545441259, 0.16588934341347303], [0.03631612129097343, 0.14880736079287848, 0.097896266597516, 0.7169802513186321], [0.5987951397435085, 0.2385863113607236, 0.052989879892177176, 0.1096286690035905], [0.3788367589232938, 0.3893679170471289, 0.016994351412617757, 0.21480097261695957], [0.2026629104702964, 0.16023519491899288, 0.4607527117206679, 0.1763491828900429], [0.2637004760433374, 0.29154558010746706, 0.08372738641811987, 0.36102655743107553], [0.04280762127409274, 0.6296819093952063, 0.050186013289157734, 0.27732445604154327], [0.043683193800070436, 0.10575426669369177, 0.7156441616344695, 0.13491837787176847], [0.16439280993986666, 0.4336126398787681, 0.3399322147925294, 0.062062335388835675], [0.09075142140617853, 0.046876392330947175, 0.2912254991947553, 0.5711466870681188], [0.06838320846481882, 0.25518110812489164, 0.49543806057834183, 0.18099762283194756], [0.8050878095925574, 0.08408358428136545, 0.011455786541711237, 0.09937281958436618], [0.23781422539630218, 0.39331477569153445, 0.018633205605109438, 0.3502377933070542], [0.07873798497460259, 0.32782234911528046, 0.23746670066055967, 0.35597296524955696], [0.010251237124922898, 0.16555916211990535, 0.7698333231766721, 0.054356277578499666], [0.1502237472187779, 0.5636586310860289, 0.1541245392675252, 0.13199308242766802], [0.012481876431316747, 0.26887185469851904, 0.19414638247986146, 0.5244998863903026], [0.042437048495283985, 0.7795672607716495, 0.010620394044028108, 0.16737529668903806], [0.17132053406601805, 0.4267352381740947, 0.014988712430970684, 0.3869555153289166], [0.2165012177793578, 0.07367839127986767, 0.32603113635549913, 0.38378925458527563], [0.39594671783811214, 0.07758291626877997, 0.0549148960905272, 0.47155546980258084], [0.07480524890262807, 0.3088153931656412, 0.255416222345265, 0.3609631355864655], [0.15898947071544237, 0.09026613803294756, 0.21364374349938897, 0.5371006477522213], [0.10999991248552642, 0.1775701174329531, 0.4989779164642814, 0.21345205361723932], [0.1923740854260394, 0.3518414087928024, 0.047301670977699994, 0.4084828348034583], [0.6629560288210398, 0.03939081813784717, 0.15802458301818337, 0.13962857002293014], [0.04390738019808521, 0.08004478694478957, 0.6091545440003654, 0.26689328885675945], [0.07468391883504982, 0.09171812815412934, 0.6259595705455435, 0.20763838246527766], [0.1993777752479456, 0.03837849658291388, 0.1486025453064849, 0.6136411828626558], [0.07462351247360732, 0.7001191131366512, 0.04486461124754293, 0.18039276314219851], [0.04413933306877976, 0.12051680431042158, 0.1683816568988579, 0.6669622057219405], [0.33834766681423234, 0.23330540350443152, 0.15104072944994187, 0.2773062002313943], [0.3758393858220029, 0.0867060912459024, 0.05517464926435055, 0.48227987366774416], [0.1011703533173876, 0.6524112298854223, 0.06837172051580445, 0.1780466962813858], [0.30812637021951705, 0.20611293927593313, 0.1603747738876602, 0.32538591661688926], [0.33695770362796434, 0.3995342203441818, 0.14808893045382815, 0.11541914557402536], [0.6791601916090692, 0.16436979208797148, 0.0022336130871113712, 0.15423640321584817], [0.2798782885368865, 0.3063337836874134, 0.11400592321703566, 0.2997820045586644], [0.10831315966688414, 0.3319858069447545, 0.004384583292699243, 0.5553164500956619], [0.29962395228257355, 0.07242966248372273, 0.0506856178761138, 0.5772607673575902], [0.3117152179826651, 0.01189190626727795, 0.0122733746984922, 0.6641195010515648], [0.09612185171946057, 0.025748217459592503, 0.19953885005851185, 0.6785910807624351], [0.13249150283933767, 0.35923158881560446, 0.06473021694685951, 0.4435466913981984], [0.12476453978366471, 0.32780890651521744, 0.15544717992432316, 0.3919793737767948], [0.2937413131403266, 0.1795795931737908, 0.04580976746895512, 0.4808693262169274], [0.3706305754209436, 0.3595529958278662, 0.07678833060099957, 0.19302809815019098], [0.30940670511412716, 0.5563031178369852, 0.02286427579462825, 0.11142590125425936], [0.13785726949146027, 0.10930966881622234, 0.14759500147004329, 0.6052380602222741], [0.10922815298469284, 0.5699315323183034, 0.0912647185145014, 0.22957559618250215], [0.17744960192982048, 0.4844598487014223, 0.08511608743614671, 0.2529744619326106], [0.05408225152350053, 0.2240842522508007, 0.09371306253238164, 0.6281204336933173], [0.0667157635076555, 0.5390143061008592, 0.1302078491596127, 0.2640620812318725], [0.3000013220571865, 0.4063308939871013, 0.005530846866700298, 0.2881369370890118], [0.2139077975236433, 0.39840978706376234, 0.10376719787619511, 0.28391521753639876], [0.7249994493906694, 0.06485297426944747, 0.013782691487823509, 0.19636488485205972], [0.07825917328881088, 0.08882314617222382, 0.03922679339019803, 0.7936908871487676], [0.18088359846307644, 0.4522911686515246, 0.11803697906013762, 0.24878825382526154], [0.04551795720923338, 0.6154517980152062, 0.05489671957062988, 0.28413352520493046], [0.05019769088463448, 0.22682073081433562, 0.011841030753890378, 0.7111405475471396], [0.2534518122079263, 0.03327037765027051, 0.06661601968976366, 0.6466617904520393], [0.34292049687211734, 0.2537765162936665, 0.2543119350707902, 0.14899105176342606], [0.23861720296750757, 0.4781161965674131, 0.24161319344294194, 0.04165340702213764], [0.20527948139081728, 0.3498561383348991, 0.01266627867226384, 0.4321981016020196], [0.5479635503494562, 0.03582300186814945, 0.013563834563518595, 0.40264961321887555], [0.43443557381724873, 0.3103864493835625, 0.03124125900405399, 0.2239367177951347], [0.1775630509097836, 0.6136842543821167, 0.017061625161123927, 0.19169106954697565], [0.08744313549021694, 0.22457461079455257, 0.5808111988309744, 0.10717105488425603], [0.41383676938349684, 0.06152943652460569, 0.07359450220180729, 0.45103929189009007], [0.13170247170063737, 0.059865759056687305, 0.570347892811967, 0.23808387643070833]]}, "rewritten": {"ids": ["97107821", "97107950", "97109570", "97112170", "97112290", "97116500", "98106680", "98107210", "98109090", "98109570", "98110230", "98111620", "98111860", "98112170", "98116500", "99107560", "99107640", "99107660", "99108460", "99108580", "99108890", "99109141", "99109311", "99109370", "99109780", "99110730", "99111930", "99112641", "99113260", "99119830", "99120010", "99121440", "100109801", "100109910", "100111390", "100111620", "100112060", "100120010", "101108080", "101108500", "101109000", "101109370", "101110740", "101114020", "102108621", "102110500", "102110690", "102113981", "102118380", "103110840", "103111620", "103118291", "103120730", "103120780", "104114410", "104117630", "104118070", "105110091", "105112260", "105113210", "105113480", "105115250", "105115720", "105117200", "105119550", "106111321", "106112770", "106113190", "106115240", "106118161", "106119260", "106119580", "106121220", "107113130", "107113180", "107114110", "107114490", "107114950", "107120010", "108114040", "108114180", "108115250", "108115880", "108117720", "108121160", "108121410", "109113591", "109114651", "109117600", "109118820", "109119591", "109120560", "109121351", "109121410", "110115140", "110116290", "110116441", "110117080", "110117140", "110117200", "110117500", "110117870", "110118181", "110120190", "110121450", "110121500", "111114171", "111114321", "111115400", "111115620", "111115910", "111116411", "111116990", "111117000", "111119250", "111119300", "111120640", "111121351", "112116401", "112116900", "112117030", "112117431", "112117660", "112117790", "112118161", "112118530", "112118701", "112119950", "112120290", "112120700", "112121351", "113117340", "113118111", "113118620", "113118820", "113119120", "113120260", "113120540", "113120591", "113120601", "113121810", "113121980"], "labels": [2, 2, 0, 0, 1, 2, 1, 1, 1, 1, 3, 3, 0, 3, 2, 1, 1, 3, 0, 0, 0, 3, 1, 1, 2, 3, 1, 1, 0, 1, 2, 2, 0, 2, 2, 3, 2, 0, 0, 3, 1, 1, 3, 3, 3, 3, 0, 1, 1, 1, 0, 0, 1, 1, 1, 0, 2, 0, 3, 3, 0, 2, 1, 3, 1, 0, 1, 0, 1, 3, 1, 3, 1, 1, 3, 1, 3, 3, 1, 0, 1, 1, 3, 1, 2, 0, 3, 3, 1, 3, 0, 1, 0, 0, 0, 2, 3, 1, 3, 3, 1, 3, 1, 3, 3, 3, 3, 1, 0, 1, 2, 0, 0, 0, 1, 1, 0, 0, 0, 3, 2, 0, 0, 3, 0, 1, 0, 0, 1, 2, 0, 2, 1, 3, 0, 3, 3, 3, 0, 2, 2, 2], "predicted_labels": [1, 2, 3, 3, 1, 3, 1, 1, 3, 3, 1, 1, 1, 0, 3, 1, 0, 0, 3, 0, 1, 0, 1, 1, 2, 2, 1, 0, 3, 3, 3, 1, 3, 3, 0, 2, 3, 3, 0, 2, 3, 0, 3, 1, 1, 3, 3, 3, 1, 1, 1, 0, 3, 3, 1, 1, 3, 0, 1, 3, 1, 1, 1, 1, 1, 1, 1, 3, 1, 1, 3, 1, 1, 1, 3, 0, 3, 3, 3, 1, 1, 3, 1, 3, 3, 1, 1, 1, 3, 1, 1, 3, 1, 1, 3, 1, 1, 3, 1, 1, 1, 3, 1, 3, 3, 1, 0, 1, 3, 0, 3, 0, 3, 3, 0, 1, 1, 1, 3, 1, 1, 1, 3, 3, 1, 1, 3, 0, 1, 1, 1, 1, 3, 1, 0, 3, 1, 1, 3, 3, 1, 0], "confidence_scores": [[0.17579063915573406, 0.29385676219209456, 0.3138557740545701, 0.2164968245976014], [0.07473279288249987, 0.08823348276605533, 0.7185702585349293, 0.11846346581651537], [0.2985996523843276, 0.10312241886722515, 0.3174558586340661, 0.2808220701143808], [0.1124623064544068, 0.44553894403022226, 0.06040857393356639, 0.38159017558180475], [0.16583665605817122, 0.5955371446150144, 0.08475646305454419, 0.15386973627227027], [0.15668952748302678, 0.11861848757466605, 0.2200109606211504, 0.5046810243211569], [0.256927656128436, 0.25935402105033173, 0.29534733540783686, 0.18837098741339528], [0.22021896896589083, 0.3143817746846442, 0.23490240218965106, 0.23049685415981405], [0.384147022604664, 0.028301577694211315, 0.04748728941973357, 0.5400641102813908], [0.4155707342682276, 0.14930371063543585, 0.026065145195053374, 0.40906040990128323], [0.29734521631754585, 0.39049476672857414, 0.055873226758292927, 0.2562867901955873], [0.024149028212117167, 0.3089882849158498, 0.5774061991758371, 0.08945648769619616], [0.07210534228615402, 0.43751051259778384, 0.30310775766685444, 0.1872763874492079], [0.7262217579292872, 0.02125283035389492, 0.02549720508832298, 0.22702820662849488], [0.13274973321662512, 0.10224712747614535, 0.1364183920712659, 0.6285847472359641], [0.21227443597574938, 0.46862431145131495, 0.14282022255170662, 0.1762810300212294], [0.5213158096332111, 0.24445531894962305, 0.10522804451565215, 0.12900082690151365], [0.8877827580262146, 0.049101053690079166, 0.002674804664806304, 0.060441383618899835], [0.14276601641427783, 0.3998621184228972, 0.06711846146441987, 0.3902534036984052], [0.5592254662018107, 0.23240194592408614, 0.07780254370659365, 0.13057004416750956], [0.09167071167768664, 0.2565313123094656, 0.6262841201758405, 0.02551385583700702], [0.717771180884081, 0.14505233818713612, 0.005734745631569315, 0.13144173529721354], [0.3774663409575558, 0.3688766587337524, 0.057734179158179674, 0.1959228211505123], [0.08773713629455382, 0.6685093227438368, 0.17797602747339605, 0.06577751348821326], [0.02814946519823772, 0.13493332568327662, 0.7311391604513546, 0.1057780486671309], [0.006987572871011195, 0.0346405949193442, 0.9122022920970413, 0.04616954011260321], [0.37667700169414864, 0.4014092824472468, 0.08904944266159638, 0.13286427319700808], [0.4620297878248559, 0.23379881965374572, 0.1694637822688131, 0.13470761025258524], [0.10184534948586217, 0.15991357156436026, 0.37760110555370135, 0.360639973396076], [0.12349416372673565, 0.15489425686644073, 0.3093475330053039, 0.4122640464015194], [0.2918329806791755, 0.25217601719996713, 0.18409062960396716, 0.27190037251689014], [0.17524935348210233, 0.23158464973604256, 0.46096199009448985, 0.1322040066873652], [0.1356406426123862, 0.3935244865368596, 0.054348177456910805, 0.41648669339384364], [0.24924729098783358, 0.08617796877575558, 0.4187290013292861, 0.24584573890712483], [0.4192976591669068, 0.15617517364960362, 0.17268429441279884, 0.25184287277069106], [0.09066747107739925, 0.13155781364030278, 0.6522587629939602, 0.12551595228833762], [0.18730489552978202, 0.11119747428929165, 0.22104019185011983, 0.4804574383308067], [0.10457167204586203, 0.0796142361398398, 0.4654107738589982, 0.3504033179552997], [0.5566153426377255, 0.3242362249072222, 0.046903336335987214, 0.07224509611906497], [0.03434260683450023, 0.04962623457754891, 0.7182912462092437, 0.19773991237870694], [0.23815534603466035, 0.2347302771195922, 0.05965139025763183, 0.46746298658811536], [0.3478590306259486, 0.16388188755186486, 0.36097063994552403, 0.12728844187666266], [0.07841903129599073, 0.2632311941075027, 0.26358451677110406, 0.3947652578254026], [0.2583747019571003, 0.46533241139718956, 0.03539827741039689, 0.24089460923531303], [0.15545910560755868, 0.6036285381802762, 0.03377101795194704, 0.20714133826021844], [0.45895457907786724, 0.11397129930986716, 0.07110214418521174, 0.3559719774270539], [0.3569884750132571, 0.20337543917986595, 0.058167190130745734, 0.3814688956761308], [0.21663731491379332, 0.35117294067526245, 0.12789697612352785, 0.30429276828741664], [0.09805525880149789, 0.30889244775056957, 0.37474561664672157, 0.21830667680121077], [0.07416828540744262, 0.5690550343720183, 0.1509826332430562, 0.2057940469774833], [0.10619720494324095, 0.4696628015113916, 0.18262928930425476, 0.24151070424111268], [0.47399997726577936, 0.29173380272525556, 0.10903487407129399, 0.1252313459376714], [0.15058703005746354, 0.28707070835943777, 0.26989632892616816, 0.29244593265693064], [0.2376000008947766, 0.15007549668544581, 0.32569643592890773, 0.2866280664908698], [0.128536323959193, 0.21775212494557009, 0.4693032501600875, 0.18440830093514976], [0.062226045550511803, 0.7007039219038406, 0.0336873158307015, 0.20338271671494598], [0.02234345799857568, 0.2905548936620271, 0.4075529078787881, 0.279548740460609], [0.5694060305971312, 0.27310903195908715, 0.039361273246573694, 0.11812366419720753], [0.06616444701640438, 0.7281068429148428, 0.010726512294069445, 0.1950021977746832], [0.2649979837127103, 0.28387158696622183, 0.11066182674500674, 0.34046860257606126], [0.06591917364361058, 0.7165223845457278, 0.16992247246498535, 0.04763596934567672], [0.11839906521153193, 0.5500610885161022, 0.09907961455861396, 0.23246023171375196], [0.1411084101263392, 0.5190258994433634, 0.14969263902708868, 0.19017305140320834], [0.19852313431887603, 0.5495687299081028, 0.05429656362854661, 0.1976115721444746], [0.264428093417208, 0.4454617076096457, 0.11303203260805943, 0.17707816636508694], [0.08269759775476312, 0.548963546942266, 0.05244276215044057, 0.3158960931525302], [0.07478814094960269, 0.26021232551723533, 0.49791739448930616, 0.16708213904385594], [0.22324007001018728, 0.3244134013320532, 0.10088706076283277, 0.351459467894927], [0.36093904537491084, 0.34629033876602305, 0.12710954347626532, 0.16566107238280078], [0.4139968289413091, 0.45829682418329654, 0.018598398700041045, 0.10910794817535345], [0.1554929313269311, 0.03734040920645875, 0.2511528019669606, 0.5560138574996498], [0.06950610629628769, 0.7097523292798112, 0.2017868378424044, 0.018954726581496394], [0.02706422007071599, 0.3398118975959507, 0.3492757734148131, 0.2838481089185203], [0.09833183027744445, 0.2586906398109063, 0.43906918544130696, 0.20390834447034217], [0.019631857421010996, 0.4890452274797334, 0.09255074285114187, 0.39877217224811357], [0.7818701380078075, 0.07163076153366243, 0.009945594909020788, 0.1365535055495093], [0.2142811011088603, 0.2881249244009641, 0.03994467026821656, 0.45764930422195915], [0.5602553161628396, 0.02315456705564797, 0.0348806428172883, 0.38170947396422406], [0.2937687419694727, 0.18433328570131674, 0.09336691799074136, 0.4285310543384696], [0.26290238595356497, 0.16908909409137993, 0.38838938469455503, 0.17961913526049997], [0.13353528644399332, 0.579535272146227, 0.05623574561557619, 0.23069369579420335], [0.10188490352661478, 0.062239112084871866, 0.028031371368033645, 0.8078446130204795], [0.23876027715504367, 0.4041643914243899, 0.05290240518437359, 0.30417292623619274], [0.33901189111964747, 0.009215265274637292, 0.013411343761528683, 0.6383614998441866], [0.06976539349559872, 0.39130931382781187, 0.03352782212724335, 0.505397470549346], [0.07213634552338631, 0.8269483438144289, 0.011357279056311273, 0.08955803160587336], [0.13322344681723416, 0.6385079144919203, 0.0018077974653980043, 0.2264608412254475], [0.10013847212602799, 0.6175074878466251, 0.01675958310077945, 0.2655944569265673], [0.2715035700052451, 0.12198772016832711, 0.2035922371907212, 0.40291647263570657], [0.3103068487907191, 0.4190550638068648, 0.03708033790599987, 0.23355774949641614], [0.13908274873386425, 0.5202151380515416, 0.19043720973764783, 0.1502649034769461], [0.3875560030466013, 0.04265977312839125, 0.04100890961430221, 0.5287753142107052], [0.5034911015989406, 0.391916612531919, 0.021695353635630635, 0.08289693223350952], [0.17839243380428776, 0.4364950920287531, 0.07541792478777948, 0.30969454937917984], [0.3431846554169108, 0.10088295542821636, 0.07533199122542632, 0.4806003979294463], [0.2501614866044602, 0.39331154851741, 0.09928139068702134, 0.2572455741911087], [0.02224967931183512, 0.5617644867931068, 0.06490203656599355, 0.3510837973290645], [0.0393041063486674, 0.5192928433240971, 0.037426388813487435, 0.40397666151374795], [0.33376650398761987, 0.3407684752599381, 0.06299235686812533, 0.26247266388431634], [0.25191911600621153, 0.4959093310561025, 0.05854255366334278, 0.19362899927434282], [0.3457836003126738, 0.3640024432667527, 0.016490415466742982, 0.27372354095383045], [0.29791870738605714, 0.056160731567982125, 0.1310788667631681, 0.5148416942827928], [0.07955722892782881, 0.646098350929107, 0.16651122336027444, 0.10783319678278967], [0.05452560514138231, 0.17432152403086432, 0.16426395609605013, 0.6068889147317035], [0.4620715897059713, 0.2579693561344451, 0.004148699257726054, 0.27581035490185757], [0.19073540834960737, 0.4497576698829699, 0.17859642953473454, 0.1809104922326878], [0.5267564310757551, 0.16497401019212365, 0.010017664267531402, 0.2982518944645898], [0.29775561260834105, 0.3856486541699851, 0.05661136245359305, 0.2599843707680809], [0.33080670011924307, 0.14583454456359662, 0.22172238499086766, 0.3016363703262926], [0.6113178273472458, 0.04746745042797516, 0.04072666422775725, 0.30048805799702183], [0.19913232096765504, 0.3304336095936571, 0.011135144915249494, 0.45929892452343857], [0.6954390399858321, 0.06933316602784992, 0.015144869527628505, 0.22008292445868946], [0.16519194908165427, 0.14966695081751813, 0.08894573265097483, 0.5961953674498525], [0.17365363369960268, 0.2850732994231712, 0.11208201185175512, 0.42919105502547095], [0.6571652800530322, 0.05132292480910154, 0.05573697594428128, 0.2357748191935848], [0.12027347937221312, 0.5443703908323886, 0.057296170804900314, 0.2780599589904984], [0.21700666145336944, 0.39489502861126247, 0.11412386380807886, 0.2739744461272893], [0.5274453201086976, 0.3807044221793906, 0.013089516398651533, 0.07876074131326014], [0.2197369451581816, 0.019699713525201498, 0.0034716286938862788, 0.7570917126227308], [0.06157060703382287, 0.6189036766825426, 0.046903172625848824, 0.2726225436577858], [0.06739394536050622, 0.6800779969121615, 0.06169632518743851, 0.19083173253989394], [0.21714856940759114, 0.5294883309755771, 0.019851749684667956, 0.23351134993216346], [0.3572125731632971, 0.30435762964231006, 0.011267643578465065, 0.32716215361592804], [0.2689261538303376, 0.26338464290957864, 0.06085714685890235, 0.40683205640118136], [0.20861586991533282, 0.6466217090935217, 0.04421089390998698, 0.10055152708115876], [0.04816557878270289, 0.7082048669313453, 0.09320870585536775, 0.15042084843058393], [0.21418226626936757, 0.24045440363325649, 0.00489517221579809, 0.5404681578815779], [0.5788419246832989, 0.04673788204897305, 0.04870767647722952, 0.32571251679049834], [0.32952801352021954, 0.4969998206436868, 0.021970429929714583, 0.1515017359063792], [0.038657841284693996, 0.8381381560020618, 0.027842375297302595, 0.09536162741594151], [0.07485784003458126, 0.7702856145629565, 0.026672190179427385, 0.12818435522303487], [0.06073447324229755, 0.6996814777608811, 0.035272893049485006, 0.20431115594733595], [0.15616697219379772, 0.38121984454126484, 0.040553010391288176, 0.42206017287364894], [0.14198608311619665, 0.5962884227050591, 0.07087009058942426, 0.19085540358931996], [0.7023377595446435, 0.20460438322694602, 0.011977241093438349, 0.08108061613497208], [0.22006371856157472, 0.41984274439658953, 0.01576103134268776, 0.34433250569914764], [0.2620418999144115, 0.386652051879154, 0.027900887432570083, 0.3234051607738642], [0.15879283329494537, 0.5639069620199796, 0.03932997558469149, 0.23797022910038396], [0.11230648315760365, 0.08499865733473362, 0.10266646049233033, 0.7000283990153323], [0.050395036494604195, 0.4652642281639012, 0.10565074745276676, 0.3786899878887279], [0.10425935044752706, 0.24482417690275232, 0.46850660218048723, 0.18240987046923343], [0.7213228839724193, 0.18127738894495646, 0.0014738033030925483, 0.09592592377953163]]}}