{"test": {"ids": ["113118690", "113121980", "110118301", "104118340", "99108460", "104114740", "108121160", "107117630", "97116800", "100113370", "107116980", "113121680", "107120260", "112119500", "100108520", "109117730", "111120540", "112116290", "107120130", "98107210", "113118870", "105114220", "106114011", "112120990", "101111990", "99111620", "99111340", "112120290", "101108621", "112119980", "113121410", "108115250", "111118301", "98108410", "104111531", "103112470", "107120880", "99119830", "110116170", "98108970", "98109230", "108114670", "97105960", "105118740", "102113210", "111121220", "104112201", "104113170", "106121190", "100110260", "99108330", "105115570", "108119510", "108117451", "111117571", "101111310", "97112170", "112118880", "103117200", "110114920", "109113881", "113120531", "111115780", "108120700", "108118520", "112117580", "112116810", "98116940", "105113190", "99109311", "110118740", "105112240", "113122180", "106113190", "106116370", "101110150", "97116410", "113118421", "108120060", "100109360", "111120260", "108116481", "103110100", "98109090", "107114200", "105121190", "111119950", "110119300", "100111390", "104111880", "98108370", "102109840", "98112580", "106114280", "107113180", "111120640", "108115500", "99117740", "97113260", "112116540", "106121220", "97118210", "97107260", "111117200", "112118161", "106118820", "106118161", "109116930", "107116340", "110120190", "113122170", "98119591", "103110220", "110117110", "112117571", "109117150", "103110760", "99108080", "99112300", "111119930", "108115970", "103120730", "108116120", "99109910", "111116100", "109117080", "112118860", "99107950", "101114990", "108121351", "113119300", "112121360", "113122320", "103113101", "108114360", "109116170", "101108370", "104114320", "111121410", "97107040", "100109910", "108113620"], "labels": [3, 2, 1, 2, 0, 2, 2, 0, 0, 3, 3, 1, 1, 2, 2, 3, 1, 0, 2, 1, 0, 3, 1, 2, 2, 3, 1, 1, 0, 0, 0, 1, 3, 1, 0, 1, 1, 1, 0, 3, 1, 3, 2, 1, 3, 3, 0, 3, 2, 3, 1, 0, 1, 2, 3, 3, 0, 1, 0, 3, 0, 0, 1, 2, 0, 0, 3, 2, 3, 1, 3, 1, 2, 0, 2, 1, 3, 3, 1, 0, 3, 0, 1, 1, 2, 2, 0, 1, 2, 3, 1, 2, 2, 3, 3, 0, 3, 2, 1, 1, 1, 2, 2, 0, 0, 3, 3, 0, 3, 3, 1, 1, 2, 0, 3, 2, 1, 3, 0, 1, 2, 1, 1, 2, 3, 1, 3, 1, 3, 3, 1, 3, 1, 3, 1, 0, 1, 2, 0, 2, 2, 3], "predicted_labels": [1, 0, 3, 3, 1, 2, 2, 3, 1, 1, 3, 3, 0, 1, 3, 1, 0, 0, 3, 3, 1, 0, 1, 1, 3, 3, 3, 3, 1, 1, 0, 0, 1, 1, 3, 0, 3, 3, 1, 2, 3, 1, 1, 1, 3, 3, 0, 1, 1, 3, 3, 1, 1, 3, 3, 3, 1, 0, 3, 2, 0, 1, 0, 1, 3, 3, 0, 3, 0, 1, 1, 1, 1, 1, 3, 3, 3, 3, 3, 1, 0, 0, 1, 0, 3, 1, 0, 3, 3, 1, 3, 0, 1, 3, 2, 1, 0, 1, 3, 3, 3, 0, 3, 0, 3, 1, 1, 3, 1, 1, 0, 2, 2, 3, 1, 1, 0, 3, 0, 1, 1, 0, 3, 1, 3, 1, 2, 1, 0, 0, 3, 3, 1, 1, 3, 3, 3, 3, 0, 1, 1, 3], "confidence_scores": [[0.29093987183925835, 0.40472603128856394, 0.09140395888365148, 0.21293013798852636], [0.3017314695757548, 0.15954801265634785, 0.2554377093843028, 0.2832828083835945], [0.27443514651599477, 0.23355034168310976, 0.10734645286645736, 0.3846680589344381], [0.18877908570406676, 0.24684668280471692, 0.057338192200461796, 0.5070360392907547], [0.17822128890982133, 0.5782871841045166, 0.0923644697658218, 0.1511270572198403], [0.25077445275495375, 0.2705741852789851, 0.2723945100429997, 0.20625685192306129], [0.12734755839979736, 0.24613377452330878, 0.45110037620160354, 0.17541829087529032], [0.23019323391517252, 0.2710594555738884, 0.131410910121226, 0.36733640038971305], [0.27658770258769455, 0.30383588195890715, 0.12570744177802343, 0.2938689736753748], [0.20863404853892967, 0.3028099624349413, 0.2052552585283678, 0.2833007304977613], [0.29012981856655956, 0.23460198894823897, 0.10858222645536471, 0.36668596602983683], [0.19233330147618746, 0.2555477370919065, 0.1628240123970284, 0.3892949490348777], [0.37504288957669973, 0.178055401456731, 0.14081484509738815, 0.30608686386918127], [0.21808181693078454, 0.31360363240176015, 0.21667339703783495, 0.2516411536296203], [0.30325054987908157, 0.13066003697800302, 0.14129467056545056, 0.42479474257746475], [0.29411629069253087, 0.42041078624546596, 0.07576739949252784, 0.20970552356947542], [0.40635479122140117, 0.21097133911170135, 0.08840235558881589, 0.2942715140780815], [0.3473371202868664, 0.3157587591176811, 0.1182528163630911, 0.21865130423236115], [0.20451088043526086, 0.3004012313939018, 0.10000286140273185, 0.3950850267681056], [0.18873627470675225, 0.2614834203460047, 0.21177519289333246, 0.3380051120539105], [0.25955844937450334, 0.3324287166479149, 0.20531997550668932, 0.20269285847089258], [0.4276233527052597, 0.19881979841598996, 0.15936451128676984, 0.21419233759198064], [0.2687744255357611, 0.33152054053766045, 0.10757873373704187, 0.29212630018953656], [0.2780327072513895, 0.2947809945397897, 0.19163523865243817, 0.23555105955638292], [0.10154292167542614, 0.13619135981058733, 0.13472213440353073, 0.6275435841104559], [0.2773184500873731, 0.2054009994384305, 0.18409381341379477, 0.3331867370604018], [0.25229121224209256, 0.23228931394929983, 0.24731262878627047, 0.26810684502233717], [0.33006785308853015, 0.1848685774681222, 0.1482549074452658, 0.33680866199808196], [0.2646266472997303, 0.4821554754794026, 0.10076124788628828, 0.15245662933457896], [0.13406255774438575, 0.5554856507078964, 0.13519572915152608, 0.17525606239619188], [0.3480750466460813, 0.3100507947514011, 0.12570209949964153, 0.2161720591028762], [0.39425091334735174, 0.237371956519251, 0.15279475355078517, 0.21558237658261223], [0.26214570738072823, 0.3324330698797046, 0.14198877498321674, 0.2634324477563505], [0.27231236606399717, 0.2776381993639788, 0.23650051680465245, 0.21354891776737148], [0.27399527494903464, 0.25296138563990445, 0.06432085340296394, 0.40872248600809696], [0.4347005726627147, 0.15342200004010073, 0.11285914057991574, 0.29901828671726893], [0.13243450075479846, 0.2727862969961561, 0.2696972091204207, 0.32508199312862485], [0.2310826005396426, 0.23726058284002327, 0.2062746175630696, 0.3253821990572643], [0.2521730818492189, 0.4016474343804561, 0.0911060909301665, 0.2550733928401586], [0.17370474565329355, 0.2819779388428491, 0.31335981703891647, 0.23095749846494112], [0.2472682660918005, 0.2355896843241298, 0.2577588068332449, 0.25938324275082475], [0.18155088578960993, 0.5958487028040187, 0.08899888307421354, 0.13360152833215788], [0.2558963323341643, 0.33013256674461855, 0.2020746462325727, 0.21189645468864446], [0.18030907968633356, 0.3550654239878389, 0.16384557437717767, 0.30077992194864994], [0.24744790315876972, 0.26997441393313604, 0.15049120823917933, 0.33208647466891505], [0.18722252761807048, 0.2562288739993103, 0.12574821853448775, 0.4308003798481315], [0.49292569248001694, 0.16853426766164548, 0.06931364936609932, 0.2692263904922383], [0.15857974800795924, 0.588512990604294, 0.10373440645894624, 0.1491728549288006], [0.16477581775400926, 0.3645971283858708, 0.2707706166448236, 0.1998564372152965], [0.19599098114656996, 0.1554227408313562, 0.0826296253352644, 0.5659566526868095], [0.332478946854353, 0.18165577713155126, 0.0830605206892841, 0.4028047553248117], [0.07378900670397025, 0.7054411495907883, 0.09144196580785759, 0.1293278778973839], [0.18701015423670309, 0.3975080046253321, 0.14911937679390463, 0.26636246434406036], [0.2006588777313603, 0.22984340363877723, 0.08223874618261665, 0.4872589724472458], [0.25984086596475886, 0.1522900539439183, 0.10218927884555863, 0.4856798012457643], [0.17683409231474553, 0.21671324795603153, 0.2923546029521351, 0.31409805677708785], [0.22114970019060207, 0.34316219625275796, 0.16738987448470852, 0.2682982290719315], [0.44245836029853963, 0.2845956441533366, 0.11746042784110483, 0.1554855677070189], [0.18515526723398312, 0.3136709128294947, 0.16845094485356313, 0.3327228750829589], [0.15539687434009583, 0.1972849317990331, 0.4301015844606347, 0.2172166094002364], [0.3902165463089353, 0.18761520336764867, 0.12580814267448726, 0.2963601076489287], [0.3187639117547158, 0.3528111426523157, 0.10908834944732396, 0.21933659614564452], [0.33158463327316323, 0.21657592680478271, 0.2616931078432388, 0.19014633207881537], [0.23822680402562665, 0.33027619870861075, 0.14788786109571925, 0.2836091361700435], [0.1523388996275307, 0.2567837112675193, 0.22166097468231663, 0.3692164144226334], [0.35764855058732775, 0.17866620547770926, 0.10413820223273589, 0.3595470417022273], [0.3432518998669176, 0.10358958385607346, 0.3371872497722634, 0.21597126650474557], [0.3164143041043139, 0.17291672489445956, 0.1719032159248993, 0.3387657550763272], [0.39120995966556826, 0.22315326472336475, 0.10061117588329022, 0.28502559972777664], [0.17511071112467885, 0.5595217400233999, 0.07942456509746677, 0.18594298375445453], [0.24927735787483896, 0.33525344744791175, 0.16087947855877158, 0.2545897161184775], [0.3118500209318626, 0.33265993061767474, 0.11435063461093121, 0.24113941383953144], [0.2847269321766578, 0.39151064589056384, 0.12106170916591613, 0.20270071276686244], [0.28319499497288475, 0.325426941792836, 0.13012671379535837, 0.2612513494389208], [0.3694205757484243, 0.12306290307035872, 0.11585051881424115, 0.3916660023669757], [0.22280140379231844, 0.2859207538136134, 0.10911760523422413, 0.38216023715984404], [0.20374050310727648, 0.18975167497000028, 0.224837637377316, 0.38167018454540746], [0.2151796592040804, 0.3372443121127, 0.08661217531063811, 0.36096385337258163], [0.15796528831550063, 0.2372462578488746, 0.20899060972783273, 0.395797844107792], [0.22880712999971822, 0.3572289464939578, 0.1272815396949305, 0.2866823838113936], [0.387797177645746, 0.2687740658568987, 0.10763540089417814, 0.23579335560317724], [0.5599086573977721, 0.28189852726915227, 0.043954027496402336, 0.11423878783667332], [0.13654453904857222, 0.4663037295105331, 0.19329812460839527, 0.2038536068324992], [0.5183977422032524, 0.19084824906255632, 0.12007385020306163, 0.1706801585311296], [0.15471680053145098, 0.26383306410519547, 0.1195203907164967, 0.46192974464685693], [0.1189213559752242, 0.5698050632370261, 0.12296724055380688, 0.18830634023394308], [0.4789436991771122, 0.11471029904133936, 0.07440975713571313, 0.33193624464583527], [0.21540240888827564, 0.30748432417048344, 0.06560457254965629, 0.4115086943915849], [0.2203374476906608, 0.14033277008209222, 0.15702502520243278, 0.4823047570248141], [0.12823240439330502, 0.45854971116922605, 0.12703661845155007, 0.2861812659859187], [0.2115525113290111, 0.2838307977507375, 0.1673364233433475, 0.3372802675769039], [0.3607835839825251, 0.17723689976002363, 0.17045134793511757, 0.2915281683223339], [0.2528856444782376, 0.2931053001246192, 0.2368002357639462, 0.21720881963319696], [0.15821369319435027, 0.15877153989298665, 0.21085065910298645, 0.47216410780967666], [0.22931304934031518, 0.20289277240293485, 0.3711428743529617, 0.19665130390378827], [0.229775012430988, 0.360179806286357, 0.20388897382144594, 0.2061562074612091], [0.33925831817321966, 0.22815631771016257, 0.14997095206014716, 0.2826144120564707], [0.2222646315215412, 0.5268602754248148, 0.08095193066408732, 0.1699231623895566], [0.22711072411378777, 0.1801760408115803, 0.27561938173629924, 0.3170938533383329], [0.23934473988857732, 0.24578873835187395, 0.08128501029278187, 0.4335815114667668], [0.27348273876645435, 0.2767611505495369, 0.12580043043232184, 0.3239556802516869], [0.45920980064651756, 0.16676639689934775, 0.13140597298235307, 0.2426178294717815], [0.13216847206910387, 0.2144548698952915, 0.31925389288636474, 0.33412276514924], [0.3689202839021291, 0.14718410525032127, 0.17440157735765885, 0.30949403348989074], [0.19652766420817908, 0.30022012865687886, 0.11026902296151993, 0.39298318417342215], [0.25066215798191493, 0.37329654787209443, 0.10210950828710634, 0.2739317858588844], [0.31610279876886654, 0.3206094171051597, 0.12086080779890604, 0.2424269763270676], [0.22714835939304334, 0.30480600304681593, 0.11601666063989029, 0.3520289769202504], [0.20573900548310176, 0.33167601646979994, 0.1371637725650403, 0.3254212054820579], [0.23279450377766564, 0.2870488065561375, 0.22457238583354514, 0.25558430383265185], [0.44938829854541157, 0.16198036221257192, 0.15541531905592776, 0.2332160201860888], [0.135317021238196, 0.15642493007937486, 0.44565385137159524, 0.26260419731083384], [0.14319173371352872, 0.17982413428954988, 0.38857704264482024, 0.28840708935210113], [0.2705850465440615, 0.23069744243813384, 0.08480347145198841, 0.41391403956581607], [0.16664689264775312, 0.408952028218625, 0.08982744522946666, 0.3345736339041553], [0.28102650200276896, 0.3407783373776212, 0.1757818699363886, 0.20241329068322125], [0.3829823974420668, 0.18476882304819275, 0.11038151338159001, 0.3218672661281505], [0.14201087042534197, 0.15470358723573954, 0.29827549170625267, 0.405010050632666], [0.34985781276026845, 0.2636120265863005, 0.10532593764637123, 0.28120422300705983], [0.12751895375358824, 0.4934841988666004, 0.17734510835174838, 0.20165173902806305], [0.277815969657659, 0.31198727660551984, 0.2003362783002245, 0.20986047543659667], [0.5451708877997801, 0.1909848185106285, 0.08201253779057, 0.18183175589902148], [0.30697523671235905, 0.22774364159274962, 0.13689255483140034, 0.32838856686349116], [0.16938544951281467, 0.33660185214423427, 0.2744873709420565, 0.21952532740089478], [0.2981883637048411, 0.1418588875652521, 0.09086283148247415, 0.4690899172474327], [0.28574855848116515, 0.41514161642127007, 0.10194595935155716, 0.19716386574600753], [0.1646925612786625, 0.27379082833533114, 0.324131904513236, 0.23738470587277047], [0.21544505299975786, 0.39265916528861605, 0.1514765937638328, 0.24041918794779332], [0.34085283513814646, 0.30005199204006494, 0.15588766172626295, 0.20320751109552546], [0.4735572923101316, 0.19610166995195927, 0.08171412085375303, 0.2486269168841561], [0.28069055193725156, 0.25734011414119834, 0.15536457804115436, 0.30660475588039576], [0.2173521478093206, 0.27301839016210433, 0.13672583067981064, 0.3729036313487645], [0.23865484570291307, 0.33123025416820745, 0.1696249116545366, 0.2604899884743428], [0.10607746635438756, 0.6744593162031016, 0.09765124740317244, 0.12181197003933829], [0.24424977470873602, 0.2796989420577159, 0.16116282770957369, 0.31488845552397454], [0.30446314827219234, 0.25246954812409356, 0.13336261002230437, 0.30970469358140984], [0.22549709970954748, 0.22165487608112155, 0.1037091392361565, 0.4491388849731744], [0.20196369102813316, 0.12694667357183273, 0.3285651506104131, 0.3425244847896211], [0.36558229795160185, 0.2695883448927308, 0.09876125512447503, 0.2660681020311924], [0.18822906028435415, 0.41650333910142695, 0.12464924327326311, 0.27061835734095585], [0.20246987028901775, 0.3885559244145319, 0.20163083853018288, 0.2073433667662677], [0.26692588622530206, 0.2284296905773285, 0.11386281824501027, 0.3907816049523593]]}, "rewritten": {"ids": ["97105960", "97107040", "97107260", "97112170", "97113260", "97116410", "97116800", "97118210", "98107210", "98108370", "98108410", "98108970", "98109090", "98109230", "98112580", "98116940", "98119591", "99107950", "99108080", "99108330", "99108460", "99109311", "99109910", "99111340", "99111620", "99112300", "99117740", "99119830", "100108520", "100109360", "100109910", "100110260", "100111390", "100113370", "101108370", "101108621", "101110150", "101111310", "101111990", "101114990", "102109840", "102113210", "103110100", "103110220", "103110760", "103112470", "103113101", "103117200", "103120730", "104111531", "104111880", "104112201", "104113170", "104114320", "104114740", "104118340", "105112240", "105113190", "105114220", "105115570", "105118740", "105121190", "106113190", "106114011", "106114280", "106116370", "106118161", "106118820", "106121190", "106121220", "107113180", "107114200", "107116340", "107116980", "107117630", "107120130", "107120260", "107120880", "108113620", "108114360", "108114670", "108115250", "108115500", "108115970", "108116120", "108116481", "108117451", "108118520", "108119510", "108120060", "108120700", "108121160", "108121351", "109113881", "109116170", "109116930", "109117080", "109117150", "109117730", "110114920", "110116170", "110117110", "110118301", "110118740", "110119300", "110120190", "111115780", "111116100", "111117200", "111117571", "111118301", "111119930", "111119950", "111120260", "111120540", "111120640", "111121220", "111121410", "112116290", "112116540", "112116810", "112117571", "112117580", "112118161", "112118860", "112118880", "112119500", "112119980", "112120290", "112120990", "112121360", "113118421", "113118690", "113118870", "113119300", "113120531", "113121410", "113121680", "113121980", "113122170", "113122180", "113122320"], "labels": [2, 2, 2, 0, 1, 3, 0, 2, 1, 1, 1, 3, 1, 1, 2, 2, 1, 1, 3, 1, 0, 1, 2, 1, 3, 0, 2, 1, 2, 0, 2, 3, 2, 3, 1, 0, 1, 3, 2, 3, 2, 3, 1, 2, 1, 1, 3, 0, 1, 0, 3, 0, 3, 2, 2, 2, 1, 3, 3, 0, 1, 2, 0, 1, 3, 2, 3, 3, 2, 1, 3, 2, 3, 3, 0, 2, 1, 1, 3, 1, 3, 1, 3, 2, 1, 0, 2, 0, 1, 1, 2, 2, 3, 0, 0, 0, 1, 2, 3, 3, 0, 0, 1, 3, 1, 3, 1, 3, 0, 3, 3, 1, 0, 3, 1, 0, 3, 0, 0, 1, 3, 3, 0, 0, 3, 1, 2, 0, 1, 2, 3, 3, 3, 0, 1, 0, 0, 1, 2, 1, 2, 1], "predicted_labels": [3, 0, 3, 3, 2, 3, 0, 1, 0, 2, 0, 3, 1, 3, 1, 1, 2, 0, 0, 3, 1, 1, 1, 1, 0, 3, 0, 2, 3, 1, 2, 3, 3, 3, 1, 1, 3, 1, 3, 1, 0, 3, 1, 3, 1, 3, 1, 3, 0, 0, 3, 0, 1, 3, 3, 3, 1, 3, 0, 3, 1, 3, 0, 1, 3, 0, 2, 1, 1, 3, 2, 3, 3, 1, 3, 3, 3, 0, 2, 3, 1, 3, 1, 0, 3, 0, 1, 3, 2, 0, 1, 0, 1, 0, 3, 1, 1, 1, 1, 1, 3, 1, 1, 1, 1, 0, 2, 0, 0, 2, 3, 1, 3, 0, 0, 0, 3, 3, 1, 1, 3, 1, 3, 0, 1, 1, 1, 1, 3, 1, 1, 3, 1, 3, 3, 3, 1, 1, 0, 1, 3, 3], "confidence_scores": [[0.24210067497334975, 0.306367098663016, 0.13760950806022043, 0.31392271830341395], [0.3796007132858833, 0.2382452468605169, 0.09804916906082184, 0.28410487079277813], [0.0990390333771159, 0.17771236650155467, 0.3312839672446997, 0.3919646328766297], [0.2560280246637601, 0.22610321882763212, 0.1589137312991573, 0.35895502520945044], [0.2156439524974882, 0.30028848986344586, 0.3356479668477785, 0.14841959079128741], [0.27383862493624417, 0.20145419468962678, 0.2164544186212941, 0.308252761752835], [0.3412546071938789, 0.2779834420819109, 0.1294841740424303, 0.25127777668177986], [0.32233540721951437, 0.4075006572132603, 0.09191681298554313, 0.17824712258168218], [0.3546231876330163, 0.21904237540931534, 0.18163074205481256, 0.2447036949028561], [0.13771244076322903, 0.19147335257689826, 0.3774194785529661, 0.2933947281069066], [0.44359743579299904, 0.2813551122200662, 0.11462444875763633, 0.16042300322929834], [0.22454687701813034, 0.29123123047823946, 0.14082978531909196, 0.34339210718453805], [0.1753181108114952, 0.3678121853813942, 0.19634291586484756, 0.26052678794226297], [0.2375986101977985, 0.23773317610352976, 0.23696603612271253, 0.2877021775759593], [0.23107393017489727, 0.3375939327157756, 0.17074480097410305, 0.26058733613522417], [0.2816140026769063, 0.29173030480203327, 0.16522148274663845, 0.261434209774422], [0.10048140510100634, 0.14695588550648458, 0.6025420659077608, 0.15002064348474825], [0.37378413065925326, 0.1845767876304791, 0.2256873110497603, 0.21595177066050752], [0.3556973719936836, 0.1520083546193103, 0.13755096559855298, 0.35474330778845325], [0.17636149644442414, 0.2708239220251906, 0.10520704387566104, 0.4476075376547243], [0.21184326572749682, 0.4855912262054407, 0.08624248547971439, 0.21632302258734812], [0.09844282522146447, 0.7084657725948147, 0.08411220366232265, 0.10897919852139823], [0.19674185060554614, 0.3462446275168752, 0.19701974145117526, 0.2599937804264036], [0.11857455777137228, 0.4716364047406769, 0.2541895991410951, 0.15559943834685586], [0.4018869942226962, 0.1776929094713881, 0.14440277106828334, 0.2760173252376324], [0.3400005590891505, 0.18765401254498232, 0.10151767583080408, 0.3708277525350633], [0.33161798653750646, 0.23828547164966443, 0.12487788331574932, 0.3052186584970799], [0.169165402486822, 0.24326603499970553, 0.34758557560864045, 0.23998298690483205], [0.24525769238240708, 0.14967196697381327, 0.14297792762929318, 0.46209241301448645], [0.19429483917127807, 0.5338085383840486, 0.0768782884661386, 0.1950183339785347], [0.17932168887254887, 0.21343998303672315, 0.3488631205401894, 0.2583752075505386], [0.15401981670108872, 0.18267711794634217, 0.22313935388318196, 0.44016371146938715], [0.2451238523225134, 0.2124577505118321, 0.15034603431151516, 0.39207236285413927], [0.22637675208326666, 0.16207675323050816, 0.19666353178786292, 0.41488296289836235], [0.23843403445178096, 0.35269380395594097, 0.08502146846870197, 0.32385069312357606], [0.21780894907558565, 0.3807994958943706, 0.10647451924832853, 0.29491703578171546], [0.19357204144651224, 0.21802401198514382, 0.1008627486676452, 0.4875411979006987], [0.23306498963646133, 0.38650087163946334, 0.14865394494698855, 0.23178019377708692], [0.09995244684665323, 0.2837654491564493, 0.12619682843233315, 0.4900852755645643], [0.19432321342360329, 0.3620611785795084, 0.12902332995171875, 0.31459227804516976], [0.5535869453955102, 0.12760529180811286, 0.16263346432082879, 0.15617429847554823], [0.17208183260193602, 0.24592527629331132, 0.12655028705775687, 0.45544260404699577], [0.19927384307974663, 0.49666634855257347, 0.1268688186585863, 0.17719098970909378], [0.2725270337178081, 0.16227690659738822, 0.261568610919405, 0.3036274487653987], [0.26651764466264616, 0.341740888070704, 0.16372575357104355, 0.22801571369560633], [0.2359442286089604, 0.19485103309562357, 0.17896966947169723, 0.390235068823719], [0.1454530488822614, 0.45409581495233664, 0.1085086874397898, 0.29194244872561215], [0.21999175481366764, 0.21421349856766564, 0.21040977332904473, 0.35538497328962204], [0.29739912536914337, 0.29404635294033465, 0.11430191532750625, 0.29425260636301587], [0.3507535971672313, 0.28851615899805505, 0.09498721940639919, 0.26574302442831443], [0.20425995145182207, 0.31743493821242613, 0.056675444948425, 0.4216296653873268], [0.596148857838765, 0.1278892698594144, 0.08327585775675263, 0.19268601454506792], [0.1847724069304354, 0.4395187546373547, 0.13569616413118166, 0.2400126743010283], [0.20227534593190008, 0.124430837317077, 0.1509091115835157, 0.5223847051675072], [0.1701230885266848, 0.26210883149855047, 0.27237480521106405, 0.29539327476370075], [0.21985776032039683, 0.2187981749097665, 0.07199491468985894, 0.4893491500799777], [0.1586177455220636, 0.354391436013922, 0.19043254792237546, 0.2965582705416391], [0.2871096142644471, 0.22983897488640828, 0.09557871774801911, 0.3874726931011255], [0.3945958084056844, 0.15715140985230291, 0.1383568360759251, 0.3098959456660876], [0.14418733182853724, 0.31837669345452313, 0.17238423636377934, 0.3650517383531605], [0.284429237584055, 0.30798613306715655, 0.21479306202089976, 0.1927915673278888], [0.16986216569888057, 0.3000841315646842, 0.1699173344668087, 0.36013636826962664], [0.3158591269462288, 0.26182435526055514, 0.1375131699521168, 0.2848033478410992], [0.29513993543689077, 0.4110415659419495, 0.08872773897181946, 0.20509075964934012], [0.2810189369708041, 0.19069801323941776, 0.14147842734135516, 0.386804622448423], [0.3938321867818364, 0.11010268377764705, 0.10686198796093285, 0.38920314147958374], [0.12711783488675715, 0.15101548881122998, 0.6091694005727579, 0.11269727572925489], [0.23056309048573323, 0.3718755718243582, 0.1267850131435551, 0.2707763245463534], [0.19362253123665574, 0.3737585546589614, 0.16768745714335484, 0.264931456961028], [0.26157590527027735, 0.256178107737151, 0.12798735618713264, 0.35425863080543907], [0.11570785430977586, 0.16457874024733354, 0.43343519357425403, 0.2862782118686364], [0.17214187676700368, 0.32265082385482713, 0.10626846112592403, 0.39893883825224513], [0.13013092530181872, 0.2191898973146107, 0.11295206255540398, 0.5377271148281666], [0.29091727396177725, 0.37161460910224065, 0.08294191371168937, 0.2545262032242927], [0.2315400154953927, 0.2823080634779701, 0.1979529429313487, 0.28819897809528844], [0.2711805559479738, 0.15483807442559017, 0.08862502562856207, 0.48535634399787386], [0.3159356582825498, 0.2122046054120778, 0.12019054839767106, 0.3516691879077013], [0.33088820883705716, 0.2534857516968004, 0.18114891286251888, 0.2344771266036235], [0.15874741103744486, 0.20818546709865202, 0.4118872008566458, 0.22117992100725742], [0.2312923628829228, 0.20330458603568513, 0.27729858161494475, 0.2881044694664473], [0.13002325243554658, 0.6359981743550861, 0.0787140151969054, 0.15526455801246206], [0.1993318192233361, 0.25477209056511335, 0.13606239214203975, 0.4098336980695109], [0.23024181884561257, 0.37138022922042424, 0.15687078313767308, 0.24150716879629017], [0.34425116610608414, 0.27668019822208034, 0.08362686395897154, 0.29544177171286395], [0.16919689308016772, 0.13003767293312016, 0.10035883708201947, 0.6004065969046926], [0.6113677989864857, 0.1219568915853721, 0.05266828869051727, 0.2140070207376249], [0.16208999158532575, 0.3794506661537755, 0.10695904586567824, 0.3515002963952206], [0.24845354660127122, 0.2178529908617638, 0.13514558388528644, 0.3985478786516785], [0.16361831055640694, 0.21320389228103206, 0.35982557664242215, 0.2633522205201388], [0.36823987217519805, 0.2007285703068135, 0.2507355337863894, 0.1802960237315991], [0.2876687407926265, 0.29698318205874796, 0.13031557391530957, 0.2850325032333161], [0.3324010569445957, 0.253038010094096, 0.1276198169856137, 0.28694111597569477], [0.2934021632776353, 0.32095456848901416, 0.11652682269735283, 0.26911644553599756], [0.3807405129971596, 0.24258819590731265, 0.16635577340221558, 0.21031551769331233], [0.13542215066914304, 0.2513263140371196, 0.1085049729551105, 0.5047465623386269], [0.25330688064907864, 0.34219654730308385, 0.12916550043679112, 0.2753310716110465], [0.2730512707871896, 0.4022324823953492, 0.04862768531294145, 0.27608856150451994], [0.357064317139905, 0.36079505447349486, 0.0917303061483692, 0.190410322238231], [0.2656446952659312, 0.3452466017249445, 0.11990941577278853, 0.26919928723633574], [0.10123490715063178, 0.5377787844567097, 0.10631590993543123, 0.25467039845722733], [0.19285050126318784, 0.34346519613723625, 0.11512272953420938, 0.34856157306536645], [0.2763534186240139, 0.3486050681558986, 0.1483175808007382, 0.22672393241934946], [0.2618894324277694, 0.3016686663324967, 0.2885028645195779, 0.14793903672015607], [0.20745171932602446, 0.39720298371359253, 0.10782598394948817, 0.2875193130108949], [0.29524606198554504, 0.32753535500124126, 0.08903682226533471, 0.2881817607478791], [0.3346648426302221, 0.27077875585117733, 0.14623516661227418, 0.2483212349063262], [0.24347028857399078, 0.2309218081111565, 0.2852728196005235, 0.24033508371432952], [0.4961838713521063, 0.08668716728697716, 0.10843114952839311, 0.3086978118325237], [0.32952146711485963, 0.221455394418081, 0.1389082553683553, 0.3101148830987042], [0.1336007408397321, 0.14175877077886467, 0.523861865631064, 0.2007786227503393], [0.29790170452352643, 0.20817740883849079, 0.1421691554229408, 0.35175173121504194], [0.21819626920749033, 0.4201887968142194, 0.13721791993863652, 0.22439701403965376], [0.24745617977397974, 0.2021860185297354, 0.09593447408900542, 0.45442332760727955], [0.3682341785318916, 0.23954782207002095, 0.11508464198800532, 0.2771333574100822], [0.2911428423405682, 0.1829807633562095, 0.2427224622271322, 0.2831539320760903], [0.2882057141714298, 0.28361585111785476, 0.16612790884094042, 0.26205052586977506], [0.20846811073623478, 0.31835893470770965, 0.11046681475829667, 0.3627061397977592], [0.30524489409868283, 0.2577254011129592, 0.12379417627388498, 0.31323552851447295], [0.25440503937107567, 0.2865396934507828, 0.19614095573038126, 0.2629143114477603], [0.18910656182167276, 0.39868342147561614, 0.07736414013262784, 0.3348458765700833], [0.2218910299156267, 0.16281353723518935, 0.1283082023169677, 0.48698723053221643], [0.18568273318788883, 0.37253173538562917, 0.15176945837041786, 0.29001607305606414], [0.3171882280313318, 0.17076523551764902, 0.12278270902727667, 0.3892638274237426], [0.46440040568443414, 0.29340809582558797, 0.07864853234493567, 0.1635429661450423], [0.23290304039329296, 0.3554252491559187, 0.14906799431994117, 0.2626037161308473], [0.25121883033141096, 0.3393265745886065, 0.13113357098893866, 0.27832102409104387], [0.12966557176206936, 0.4577080626877981, 0.21169158917778635, 0.20093477637234616], [0.14534277730653797, 0.4773644091899491, 0.2623658136017891, 0.11492699990172371], [0.23135613771130342, 0.2303325292144119, 0.24135605494951468, 0.2969552781247701], [0.19860200282362575, 0.378638150097676, 0.15379134128494962, 0.2689685057937486], [0.19583734269492775, 0.3420035441183238, 0.22666017314899167, 0.2354989400377569], [0.3375380162524461, 0.20986913935245494, 0.07783872974941661, 0.3747541146456825], [0.23205974397027404, 0.34906043294246136, 0.09545401498947235, 0.3234258080977921], [0.308254687899895, 0.19581042949878977, 0.17008262472716895, 0.32585225787414634], [0.19108926516419228, 0.35381059086283273, 0.09785475019017918, 0.3572453937827959], [0.31935797258609333, 0.1863358482029611, 0.08399109377090767, 0.4103150854400381], [0.1477870035968452, 0.41455941122813367, 0.2063767807045335, 0.23127680447048748], [0.23635608931740357, 0.4614964347289585, 0.12314719374057516, 0.17900028221306288], [0.3670976383513712, 0.18902067065631267, 0.13649266991877002, 0.30738902107354604], [0.2029279671903064, 0.3484306937328121, 0.19592878401248184, 0.2527125550643997], [0.1875015323381695, 0.23593627363613603, 0.24090793827611334, 0.3356542557495812], [0.22707434569694682, 0.2737523998558449, 0.1045848517197935, 0.3945884027274148]]}}