{"test": {"ids": ["97112830", "111121930", "112116850", "111116100", "111115770", "103111930", "110116300", "98111620", "105113170", "107113130", "107118120", "111114121", "110117110", "108120621", "106116640", "105115380", "107115140", "98106680", "101112201", "109115380", "113121980", "97112170", "99111000", "99111620", "97107040", "97106600", "111116290", "100117420", "99109161", "105114220", "98116090", "103111480", "111121351", "104116980", "100116790", "98116500", "108119550", "98111231", "110119300", "107121230", "97106591", "105113330", "100109910", "100109311", "102110750", "108114360", "105111990", "104111880", "104111990", "98110230", "108114200", "99120010", "104109311", "108121190", "102109840", "111120591", "112119500", "109121640", "109119010", "98111860", "105113440", "107118780", "107113180", "102113350", "105118171", "102112301", "106119990", "113119950", "106118161", "107115250", "109116441", "110115890", "97107681", "98106880", "105115900", "97114170", "103117200", "113117550", "98109311", "103111990", "106117650", "106115240", "99108580", "97107260", "101111620", "106119260", "103110220", "113122510", "112120670", "107116501", "100111620", "107114950", "104114240", "112118471", "98120010", "101116130", "105113260", "113120830", "112121351", "106114321", "113118820", "109115220", "112118880", "103109021", "101108290", "99109860", "97106970", "107118490", "112120640", "99119830", "98107380", "97116790", "112119120", "105113620", "111120220", "111118810", "107113840", "112119980", "110121450", "99111440", "101108580", "113118490", "111119340", "109120150", "105120621", "113118231", "103110840", "110117870", "99109370", "112118530", "113120070", "110118701", "111114321", "112117210", "112116640", "104112201", "101108121", "98107210", "103113101", "108117610", "106118820", "112117580"], "labels": [2, 1, 0, 3, 3, 3, 3, 3, 0, 1, 3, 0, 0, 1, 3, 1, 0, 1, 0, 3, 2, 0, 2, 3, 2, 3, 2, 2, 3, 3, 0, 0, 0, 1, 2, 2, 1, 1, 1, 0, 1, 3, 2, 1, 1, 1, 2, 3, 2, 3, 0, 2, 3, 1, 2, 1, 2, 0, 3, 0, 0, 1, 3, 3, 3, 1, 0, 0, 3, 2, 3, 2, 3, 0, 3, 2, 0, 3, 1, 2, 1, 1, 0, 2, 3, 1, 2, 2, 2, 1, 3, 3, 0, 1, 2, 2, 3, 3, 0, 2, 0, 3, 1, 0, 0, 2, 2, 2, 0, 1, 1, 2, 1, 0, 3, 0, 3, 0, 3, 3, 0, 1, 3, 2, 1, 3, 1, 3, 1, 1, 2, 3, 1, 1, 0, 0, 0, 1, 3, 3, 3, 0], "predicted_labels": [1, 3, 0, 3, 0, 1, 3, 1, 1, 1, 0, 3, 1, 1, 3, 2, 3, 1, 1, 1, 0, 0, 1, 1, 1, 0, 0, 3, 0, 1, 3, 1, 3, 1, 1, 0, 0, 0, 0, 3, 1, 1, 1, 0, 2, 3, 3, 3, 2, 1, 1, 1, 3, 1, 1, 0, 3, 0, 2, 1, 0, 2, 1, 3, 0, 3, 3, 0, 0, 1, 0, 1, 0, 3, 1, 3, 3, 3, 1, 1, 0, 0, 1, 1, 1, 3, 3, 3, 1, 0, 1, 3, 1, 3, 1, 3, 1, 1, 0, 0, 0, 1, 0, 0, 0, 1, 1, 0, 0, 2, 0, 3, 1, 3, 0, 0, 1, 3, 3, 3, 0, 3, 3, 3, 1, 1, 1, 3, 1, 0, 3, 1, 3, 3, 3, 3, 2, 1, 3, 1, 3, 1], "confidence_scores": [[0.13736435065347502, 0.44102273345062004, 0.13523134047372268, 0.2863815754221821], [0.2742151393337684, 0.21187667112177636, 0.1955275469259662, 0.31838064261848925], [0.35886691944322907, 0.2219705409144269, 0.11589745729588675, 0.30326508234645744], [0.15499163885817202, 0.2746300830431573, 0.12974923485512768, 0.440629043243543], [0.4229434949521586, 0.2216711248088685, 0.12005237033767395, 0.23533300990129893], [0.22748434889878005, 0.45439442491831494, 0.13982381429776009, 0.1782974118851449], [0.11547883947678508, 0.1501621398785529, 0.31035160335602896, 0.42400741728863306], [0.1980439409410521, 0.3421885010229408, 0.20869418262865744, 0.25107337540734975], [0.1388031143896148, 0.4456799707890533, 0.15619321801582162, 0.2593236968055102], [0.12671472753522212, 0.42094196509623977, 0.2916574582244406, 0.1606858491440974], [0.3867566932561171, 0.2719560215767417, 0.26554697260838056, 0.0757403125587608], [0.25550645090996305, 0.18134176626439721, 0.049977095586520234, 0.5131746872391195], [0.23802995056889598, 0.4798049503531742, 0.0820277186148822, 0.20013738046304758], [0.33006016357021, 0.3716785438965663, 0.05424997327880071, 0.24401131925442315], [0.21629864985040154, 0.16544018892885856, 0.08076186912678006, 0.5374992920939599], [0.17036956880070198, 0.12747976283157525, 0.5262375658370811, 0.17591310253064163], [0.2015813478774953, 0.29685230385663813, 0.1928648701148251, 0.3087014781510416], [0.24657599381546838, 0.4393987532546192, 0.1250893716706861, 0.18893588125922636], [0.2170689964771025, 0.458942088095648, 0.1316406734230709, 0.19234824200417855], [0.1415440354824923, 0.46672711378749493, 0.25702350183527023, 0.13470534889474256], [0.503442459910597, 0.242300308441168, 0.08812639334254009, 0.1661308383056949], [0.5447987942949983, 0.2063277846221939, 0.1135001266935155, 0.13537329438929224], [0.15436491572538036, 0.5290916093190842, 0.14382114485451794, 0.17272233010101756], [0.2532346349603158, 0.3347268489039968, 0.2037132754510439, 0.20832524068464378], [0.1617943012308747, 0.33737177436206, 0.22966296939747569, 0.2711709550095896], [0.3314464228995238, 0.3293553608654607, 0.08086371935001596, 0.2583344968849997], [0.39828096478394276, 0.24455248332361385, 0.13746177484029976, 0.21970477705214358], [0.14352612017411742, 0.22783960268551828, 0.10615520772755865, 0.5224790694128055], [0.4037641747975559, 0.24969559187783755, 0.08962438567780319, 0.25691584764680336], [0.24120322698885624, 0.5033071194944109, 0.1377073739660421, 0.11778227955069075], [0.22992277637732558, 0.2789146696876919, 0.17113737856546576, 0.3200251753695168], [0.25077460467597923, 0.41945435424763655, 0.09715718825616629, 0.23261385282021796], [0.12946960621503173, 0.25096272031687517, 0.1155161711112769, 0.504051502356816], [0.06980617473001939, 0.6000725156479142, 0.10015564040081189, 0.22996566922125464], [0.25568517080120584, 0.3397336461625606, 0.13486341162728038, 0.2697177714089532], [0.41617270635895676, 0.21988929478612879, 0.16311468068297647, 0.20082331817193816], [0.38073350185808097, 0.30840302714328427, 0.09771788991960484, 0.21314558107903], [0.3600675117295167, 0.2455366116168376, 0.17793140725755494, 0.21646446939609096], [0.43055515502809677, 0.2877926608353379, 0.1307131898868826, 0.15093899424968268], [0.17149838199576933, 0.2670880109976942, 0.09577897499102957, 0.46563463201550687], [0.23537096691274031, 0.39819718342683386, 0.12278292683403584, 0.24364892282638984], [0.15984298296848995, 0.5499863941044507, 0.07387745353187225, 0.21629316939518697], [0.23537438532969832, 0.38883375899484035, 0.15134554163332722, 0.2244463140421341], [0.299990096873853, 0.2963494165617379, 0.1505191274557375, 0.25314135910867175], [0.09913979995793896, 0.15984175597099048, 0.5996550280529784, 0.14136341601809202], [0.22312622205447652, 0.2523189747107229, 0.21679881109720436, 0.30775599213759636], [0.2054583733542783, 0.20765893441444236, 0.09346005307541336, 0.4934226391558661], [0.18779001364372525, 0.32514390859385706, 0.0968306932562585, 0.39023538450615913], [0.16196769832477942, 0.21960652940926392, 0.40606929898315247, 0.21235647328280427], [0.11345460591020702, 0.6853227409321342, 0.07566185129046205, 0.12556080186719668], [0.16688657145954103, 0.37794230549992364, 0.27908010175365283, 0.17609102128688267], [0.2252497084177106, 0.29666967026170216, 0.22336227256580882, 0.2547183487547785], [0.34130016590226825, 0.1573922405455824, 0.0853995405787909, 0.4159080529733584], [0.14945872390349174, 0.4694518561420329, 0.09126482065382381, 0.28982459930065163], [0.22399485095835162, 0.4230296270481542, 0.12386914610149216, 0.229106375892002], [0.47376653462923346, 0.13335596650077208, 0.0596004159876766, 0.33327708288231794], [0.24004771343654555, 0.22857741773944124, 0.10544653523580143, 0.42592833358821186], [0.3796482457285627, 0.2273338545246785, 0.10155201925984815, 0.2914658804869106], [0.14115379524223318, 0.26814599853162124, 0.33744438552241746, 0.25325582070372804], [0.17802093559840365, 0.3871756370037627, 0.1891173377052408, 0.24568608969259295], [0.37905848731594255, 0.27980495043695586, 0.1421589209661196, 0.19897764128098197], [0.15140570422083297, 0.1465990213282277, 0.4430843384639998, 0.25891093598693965], [0.1726521491434038, 0.4697294171340412, 0.13897150715420917, 0.21864692656834575], [0.08659925952821612, 0.2292930282343714, 0.05746632211994555, 0.6266413901174669], [0.3527126965683953, 0.24225283543275827, 0.11907411922292792, 0.28596034877591836], [0.26587970659828214, 0.20864796683005413, 0.07354346169814718, 0.4519288648735165], [0.16144227096777167, 0.21331980050558164, 0.19489774650117156, 0.4303401820254753], [0.5796943796221052, 0.08809238873930735, 0.060069438994127256, 0.27214379264446015], [0.40983417737333777, 0.21954156321586765, 0.09862990554780873, 0.2719943538629857], [0.11482580313832529, 0.4310773114923964, 0.2154746683630496, 0.23862221700622857], [0.4301896103589183, 0.20549047099345993, 0.057494829107674846, 0.3068250895399471], [0.0888961624817198, 0.4304232669694492, 0.34991149365474045, 0.13076907689409054], [0.46517269654840865, 0.24822574092303343, 0.08061035404483674, 0.20599120848372127], [0.10442822325608762, 0.32453067326857943, 0.12314513205337077, 0.4478959714219622], [0.29986931271706135, 0.3366808029169638, 0.12232305986395552, 0.24112682450201947], [0.216145856266639, 0.2496258413864196, 0.09887701011110818, 0.4353512922358333], [0.23370991470828745, 0.2781630651167558, 0.14805843485161654, 0.3400685853233402], [0.08308619970874037, 0.28810792978465355, 0.10617335242810047, 0.5226325180785055], [0.24065294071124732, 0.4845341438271688, 0.05820621335988088, 0.21660670210170294], [0.14520719244792443, 0.47464188440480415, 0.2473509196010355, 0.132800003546236], [0.30288961314188184, 0.20547694035272288, 0.27613519677489456, 0.21549824973050088], [0.3293889145254408, 0.2768230830231742, 0.1658586337694658, 0.22792936868191924], [0.20194331298943022, 0.3623355468609913, 0.18053880021699717, 0.2551823399325813], [0.14870724843970393, 0.43751836064994565, 0.16136154989991702, 0.25241284101043343], [0.38719118396499047, 0.41522454043126966, 0.050418627051541084, 0.1471656485521988], [0.1765620837156814, 0.15026574736811138, 0.20350645015105176, 0.46966571876515545], [0.16944825471429742, 0.1765660674598014, 0.27505631026754557, 0.37892936755835555], [0.24585863208053785, 0.2291638683042842, 0.21483583283625193, 0.310141666778926], [0.1523010340043079, 0.4133877888497926, 0.15562327840948031, 0.27868789873641936], [0.5957853580012576, 0.18610574497099663, 0.05944361159602246, 0.15866528543172323], [0.2271939178133603, 0.38681944386412215, 0.16340561087933542, 0.22258102744318228], [0.2389115795327047, 0.2792749934882222, 0.16452398986535108, 0.31728943711372204], [0.14815115789305713, 0.5611441173739689, 0.12267002166764053, 0.1680347030653335], [0.21856984770297652, 0.19860175967282379, 0.20162642130604877, 0.381201971318151], [0.1941257877289286, 0.407792798468176, 0.1534809184966041, 0.24460049530629133], [0.15268583249663503, 0.33081708700505313, 0.1628200109436261, 0.35367706955468586], [0.26519054103043554, 0.3728033972531589, 0.12612752387340512, 0.23587853784300028], [0.13976979679940008, 0.3063212476107719, 0.30313488079765294, 0.25077407479217506], [0.3204505484613407, 0.31257853878487507, 0.11085248705329347, 0.2561184257004907], [0.4384117085527658, 0.21596137864927137, 0.1072183304744693, 0.23840858232349343], [0.48239935126992317, 0.2049238287253353, 0.1109359141502605, 0.201740905854481], [0.2364969485155852, 0.3991825193832057, 0.08032643902704947, 0.2839940930741596], [0.2815575069333935, 0.2643167920646091, 0.2082905326284163, 0.24583516837358113], [0.47664815612075406, 0.23524372871741256, 0.07718344086591937, 0.21092467429591413], [0.3446204873259598, 0.2262583433299387, 0.1720936637908602, 0.25702750555324144], [0.23347290237182874, 0.5324246421922901, 0.09564469276477067, 0.13845776267111037], [0.20080678638235738, 0.3695290086310566, 0.1681910947232307, 0.2614731102633554], [0.4584270066140636, 0.29582695892760036, 0.14852687705114218, 0.09721915740719386], [0.3329748223286572, 0.3127681894741961, 0.10818483953635387, 0.24607214866079274], [0.14935342789744577, 0.19321051607646836, 0.5042199630254685, 0.15321609300061736], [0.40059677888847045, 0.24440843801036155, 0.1506908348476599, 0.20430394825350812], [0.23500885056980644, 0.17502979389235618, 0.2923789885836019, 0.2975823669542356], [0.27772644730490836, 0.39233971624408265, 0.11760787151968925, 0.21232596493131958], [0.1268991646770445, 0.3353767751081783, 0.18676770192951989, 0.3509563582852571], [0.5563838835927287, 0.19173908784593027, 0.07831454393292649, 0.17356248462841467], [0.3450227313002052, 0.23905966944240967, 0.12260354032554231, 0.2933140589318428], [0.2017002534511615, 0.4625305063423738, 0.11272858417564147, 0.22304065603082313], [0.1692433660201335, 0.29524326946483215, 0.2363176076793446, 0.2991957568356898], [0.11825842980691832, 0.31515963077371, 0.04744902307672215, 0.5191329163426495], [0.17191449193744077, 0.3461168699288694, 0.12785657170138492, 0.35411206643230503], [0.452392240951651, 0.16359492657244393, 0.1911251635805057, 0.19288766889539927], [0.19622446748257644, 0.18902482470158044, 0.21169784833688784, 0.40305285947895514], [0.19396002117590028, 0.19735989073981394, 0.2254921845510264, 0.38318790353325943], [0.15756367741211125, 0.1820882875681763, 0.311260032969156, 0.34908800205055657], [0.3273978886976357, 0.34419972016396927, 0.06929989889629475, 0.25910249224210047], [0.24160773089297172, 0.3880427545228489, 0.1024919453975512, 0.2678575691866282], [0.2856437631793476, 0.3101072079122071, 0.12638997601604815, 0.2778590528923972], [0.14099191151682766, 0.17982835441346315, 0.06643660083328394, 0.6127431332364253], [0.2961698867449183, 0.306279561676642, 0.12326967133924516, 0.27428088023919467], [0.4255728729498347, 0.22571261133284523, 0.1151877379964288, 0.2335267777208914], [0.2287607463989051, 0.2927112120971769, 0.11298975752777113, 0.36553828397614685], [0.2707538153550449, 0.3905998199102836, 0.06849700722357523, 0.2701493575110962], [0.16142612032002676, 0.2578426995362695, 0.24918503793133912, 0.3315461422123647], [0.15490997549374497, 0.2335428901808336, 0.060452817463714247, 0.5510943168617073], [0.09252382065417476, 0.1855372857026234, 0.10493757642690947, 0.6170013172162923], [0.19384649990370684, 0.15021740371582873, 0.07946952554678392, 0.5764665708336805], [0.32581655928474057, 0.1445982007904192, 0.3531741974896164, 0.17641104243522385], [0.13771522564792632, 0.39399045079920053, 0.15960868911244133, 0.3086856344404318], [0.2837490199336936, 0.21854221928662995, 0.14553216600963575, 0.3521765947700409], [0.20883662895574098, 0.3230253571588279, 0.2590875140067681, 0.20905049987866306], [0.19282293178735527, 0.2266057967721421, 0.13152811434727849, 0.44904315709322423], [0.23261200269587343, 0.31226374353163944, 0.16456663575191832, 0.2905576180205689]]}, "rewritten": {"ids": ["97106591", "97106600", "97106970", "97107040", "97107260", "97107681", "97112170", "97112830", "97114170", "97116790", "98106680", "98106880", "98107210", "98107380", "98109311", "98110230", "98111231", "98111620", "98111860", "98116090", "98116500", "98120010", "99108580", "99109161", "99109370", "99109860", "99111000", "99111440", "99111620", "99119830", "99120010", "100109311", "100109910", "100111620", "100116790", "100117420", "101108121", "101108290", "101108580", "101111620", "101112201", "101116130", "102109840", "102110750", "102112301", "102113350", "103109021", "103110220", "103110840", "103111480", "103111930", "103111990", "103113101", "103117200", "104109311", "104111880", "104111990", "104112201", "104114240", "104116980", "105111990", "105113170", "105113260", "105113330", "105113440", "105113620", "105114220", "105115380", "105115900", "105118171", "105120621", "106114321", "106115240", "106116640", "106117650", "106118161", "106118820", "106119260", "106119990", "107113130", "107113180", "107113840", "107114950", "107115140", "107115250", "107116501", "107118120", "107118490", "107118780", "107121230", "108114200", "108114360", "108117610", "108119550", "108120621", "108121190", "109115220", "109115380", "109116441", "109119010", "109120150", "109121640", "110115890", "110116300", "110117110", "110117870", "110118701", "110119300", "110121450", "111114121", "111114321", "111115770", "111116100", "111116290", "111118810", "111119340", "111120220", "111120591", "111121351", "111121930", "112116640", "112116850", "112117210", "112117580", "112118471", "112118530", "112118880", "112119120", "112119500", "112119980", "112120640", "112120670", "112121351", "113117550", "113118231", "113118490", "113118820", "113119950", "113120070", "113120830", "113121980", "113122510"], "labels": [1, 3, 2, 2, 2, 3, 0, 2, 2, 2, 1, 0, 1, 1, 1, 3, 1, 3, 0, 0, 2, 2, 0, 3, 1, 2, 2, 3, 3, 1, 2, 1, 2, 3, 2, 2, 0, 0, 0, 3, 0, 2, 2, 1, 1, 3, 0, 2, 1, 0, 3, 2, 3, 0, 3, 3, 2, 0, 0, 1, 2, 0, 3, 3, 0, 0, 3, 1, 3, 3, 1, 2, 1, 3, 1, 3, 3, 1, 0, 1, 3, 3, 3, 0, 2, 1, 3, 2, 1, 0, 0, 1, 3, 1, 1, 1, 3, 3, 3, 3, 2, 0, 2, 3, 0, 3, 3, 1, 3, 0, 1, 3, 3, 2, 0, 3, 3, 1, 0, 1, 0, 0, 1, 0, 1, 1, 1, 1, 2, 0, 0, 2, 0, 3, 3, 1, 0, 0, 2, 3, 2, 2], "predicted_labels": [1, 1, 1, 1, 2, 0, 0, 1, 1, 2, 1, 3, 1, 2, 1, 3, 1, 1, 1, 1, 0, 1, 1, 0, 3, 1, 1, 1, 1, 0, 1, 3, 1, 1, 1, 3, 0, 0, 0, 1, 0, 1, 3, 1, 3, 1, 0, 2, 3, 3, 2, 1, 1, 1, 3, 3, 2, 3, 1, 1, 3, 3, 0, 1, 0, 1, 1, 2, 1, 0, 0, 0, 0, 3, 0, 0, 1, 3, 1, 1, 1, 1, 2, 3, 1, 0, 2, 0, 3, 1, 0, 1, 1, 2, 3, 0, 3, 1, 0, 3, 3, 3, 3, 3, 1, 1, 1, 0, 3, 1, 1, 1, 1, 3, 0, 1, 0, 3, 1, 1, 3, 3, 3, 1, 3, 0, 3, 3, 1, 1, 0, 3, 1, 3, 3, 3, 0, 0, 1, 2, 0, 1], "confidence_scores": [[0.26313674471852083, 0.3441664919562121, 0.1501804932967477, 0.2425162700285194], [0.2929804047058358, 0.36392140454254684, 0.07099412053989396, 0.2721040702117235], [0.16093283005591036, 0.4507817709817321, 0.24516114563273778, 0.1431242533296199], [0.22904814720326516, 0.34678330357364623, 0.1576661046808598, 0.2665024445422289], [0.10927706820253119, 0.1900221648243744, 0.5002858445302432, 0.2004149224428512], [0.4073646180305645, 0.2664122318385003, 0.09801475831308773, 0.2282083918178474], [0.30355831468600686, 0.2594169271137167, 0.1474975828599101, 0.28952717534036637], [0.15242432605887438, 0.38364049233734, 0.26280120298325005, 0.20113397862053584], [0.18422885522058882, 0.34894316452843455, 0.18356870212989176, 0.2832592781210851], [0.2724823649861734, 0.17311572555094568, 0.28390955859496536, 0.2704923508679157], [0.2316680188123144, 0.4825980561598899, 0.13588493391332596, 0.14984899111446964], [0.1459497674172515, 0.28981195104820157, 0.14383754378751168, 0.4204007377470354], [0.18220031319696584, 0.40731679260125236, 0.1706205399259779, 0.2398623542758039], [0.24245471107058322, 0.18912045632472566, 0.3873520296793183, 0.1810728029253728], [0.19236327736413236, 0.6477642444319394, 0.03470868839393783, 0.12516378980999038], [0.29515410016803595, 0.2311745690108987, 0.15173143295711664, 0.32193989786394867], [0.2723066752271186, 0.41074234114574226, 0.10576983445527234, 0.21118114917186692], [0.14969154147345806, 0.50493536773519, 0.12681576640352762, 0.21855732438782455], [0.2540780442919018, 0.42711064007018856, 0.14978526624736518, 0.16902604939054452], [0.18446088042848557, 0.28379004252550594, 0.2648433231656177, 0.2669057538803908], [0.48276420795612957, 0.22743022675357324, 0.13715209425475536, 0.15265347103554205], [0.19960748255468022, 0.33395966570414237, 0.15781488961201956, 0.3086179621291578], [0.23973721755868185, 0.4159328462985777, 0.10332790931091891, 0.24100202683182154], [0.43731884295180734, 0.23830295023582274, 0.07978912798566305, 0.24458907882670702], [0.20709395725732402, 0.28854093582151324, 0.11569065316552009, 0.3886744537556427], [0.21461522015459175, 0.4332472433753401, 0.11734193442812399, 0.2347956020419442], [0.19095952620162465, 0.35480948364824944, 0.3067515705907135, 0.1474794195594126], [0.15699183129395028, 0.4901288481660179, 0.12435078601296258, 0.22852853452706934], [0.2621354156339301, 0.3064625665734027, 0.22278954516680746, 0.2086124726258599], [0.31216222498796736, 0.18289721488474525, 0.245081110367598, 0.25985944975968955], [0.2608089559861741, 0.3411365962825079, 0.20115814534982365, 0.19689630238149441], [0.2892506525078462, 0.2243658688956417, 0.1457296987346844, 0.34065377986182765], [0.25208050731208403, 0.3951888438324753, 0.10306947042201706, 0.24966117843342364], [0.2835547317120478, 0.33203746186787597, 0.1600019504693119, 0.22440585595076434], [0.1203410134102421, 0.3568432583988478, 0.2903534560765095, 0.23246227211440063], [0.19420649090191414, 0.29874178816768454, 0.12266683457633996, 0.38438488635406154], [0.3659488680343403, 0.23625797054252914, 0.23218970948205478, 0.1656034519410757], [0.3408531882307167, 0.22555245271665186, 0.14972978635361286, 0.28386457269901855], [0.36224935120823265, 0.20981385447485162, 0.22077435471858892, 0.20716243959832675], [0.3416543178884033, 0.4907487077780921, 0.044073855577614854, 0.12352311875588981], [0.34467784149405256, 0.32750414972984704, 0.14156538866744037, 0.1862526201086599], [0.1807799469597231, 0.4433904156782895, 0.12229599937890329, 0.25353363798308415], [0.20420284647296377, 0.3312197639744847, 0.12847425220425882, 0.33610313734829256], [0.20504918446853618, 0.34950680722636923, 0.24073539465013846, 0.2047086136549562], [0.21979796708396682, 0.23264980709582006, 0.05754524361917891, 0.4900069822010342], [0.18104234352048393, 0.3245107213009443, 0.2723493537845618, 0.2220975813940099], [0.5197689260627002, 0.22899075436295144, 0.09027128879375527, 0.160969030780593], [0.09385408582523974, 0.28250238177902043, 0.4007261154800222, 0.22291741691571776], [0.2587755124743417, 0.20890897639794948, 0.2595898266808078, 0.27272568444690104], [0.2580645938573741, 0.2714102649302976, 0.1986221090386989, 0.2719030321736295], [0.2122183941437722, 0.20213270205468203, 0.39917373419009733, 0.18647516961144864], [0.20821291714512088, 0.3354187127579982, 0.256072301108409, 0.20029606898847183], [0.18502259162855317, 0.39361702109569985, 0.12749635780860202, 0.2938640294671449], [0.22855230306008037, 0.39445334831035905, 0.19283247593334374, 0.18416187269621692], [0.13777803737615024, 0.11053610374174037, 0.05420530954333811, 0.6974805493387712], [0.18560982188022143, 0.26730366115124704, 0.09393747818999362, 0.453149038778538], [0.20507930129221363, 0.2589789595378757, 0.3443155502600001, 0.19162618890991065], [0.31663836022250663, 0.174824768134063, 0.09485034595808449, 0.4136865256853459], [0.16058682758821857, 0.4086943977645235, 0.14899213174961554, 0.28172664289764243], [0.0968432392131806, 0.5361089060530176, 0.15218838341899424, 0.21485947131480734], [0.08685390538979448, 0.37349635938195225, 0.08050869266798054, 0.45914104256027266], [0.09670115118362825, 0.3300767628555534, 0.18416421544733147, 0.38905787051348695], [0.366938619203386, 0.304149332892928, 0.11375320311893394, 0.21515884478475222], [0.18943726377730538, 0.5120105029846859, 0.06892041747945675, 0.229631815758552], [0.33006820236675727, 0.24496635085513474, 0.13112175915930172, 0.2938436876188062], [0.06899578225993132, 0.6051460143757302, 0.09124258365046112, 0.23461561971387754], [0.1409804864166405, 0.4644660700228435, 0.19560478570555867, 0.19894865785495744], [0.19730744858674149, 0.10755176901153883, 0.5819041080910664, 0.11323667431065329], [0.18676895994248444, 0.5057635978095555, 0.12618311616718733, 0.18128432608077275], [0.46537056843185404, 0.1619830430291203, 0.14918861176769457, 0.22345777677133108], [0.4148666322093849, 0.3072823682028615, 0.05446770258655915, 0.22338329700119455], [0.3844494316927533, 0.32120312196909034, 0.1054185008304506, 0.18892894550770595], [0.3405376057703028, 0.28248664960876996, 0.1498151819438659, 0.22716056267706153], [0.14489644248916234, 0.24654687948662318, 0.08230871370494508, 0.5262479643192695], [0.30692542024171904, 0.27009621042820087, 0.23115022642105687, 0.1918281429090232], [0.4064350265477447, 0.17812119313383262, 0.08031970932576336, 0.33512407099265945], [0.14789014549073048, 0.5692678278122162, 0.07446532093926103, 0.20837670575779232], [0.22102322700931545, 0.20188589445023955, 0.20414314223556612, 0.3729477363048789], [0.1940639385754577, 0.3375082592549131, 0.22794376296891927, 0.24048403920071], [0.2771110757604726, 0.36041024234433106, 0.11555786788091481, 0.24692081401428145], [0.19091888966452936, 0.38039310883979155, 0.1986410986726642, 0.230046902823015], [0.17936465282629796, 0.5262084372781423, 0.0953135561064381, 0.1991133537891217], [0.2223620077733148, 0.2810657751857775, 0.29487545184444974, 0.20169676519645818], [0.123040294299803, 0.11628332824667316, 0.07153482277059037, 0.6891415546829335], [0.12119021807245346, 0.3267758782303695, 0.26913655369673395, 0.28289735000044314], [0.4567282758373218, 0.22251206158349632, 0.08717293048489876, 0.233586732094283], [0.30403388839592455, 0.2715049990825138, 0.3533484846796791, 0.07111262784188266], [0.45192765173250354, 0.29115385748114025, 0.1791048997413733, 0.07781359104498291], [0.22379966683942723, 0.2844962102753442, 0.17075251898782895, 0.32095160389739946], [0.21398778796136267, 0.3859935486838986, 0.1197005527189473, 0.2803181106357915], [0.2919382877110676, 0.22606248727864237, 0.2653375781244707, 0.21666164688581938], [0.13991099843344704, 0.40652081527935885, 0.2591116165841646, 0.19445656970302963], [0.3115300712935739, 0.31752158382913487, 0.12140202168839835, 0.24954632318889286], [0.1076323513977444, 0.2525829623629281, 0.4320165814699002, 0.2077681047694273], [0.183956871586847, 0.22614394067248536, 0.041540618416175755, 0.548358569324492], [0.3063814968712903, 0.2988989597905406, 0.15188060434029343, 0.24283893899787576], [0.21583949203799085, 0.1763810706110263, 0.16087901201204022, 0.44690042533894264], [0.15674459972939855, 0.5900820483779187, 0.10789072325779447, 0.14528262863488842], [0.649001464314192, 0.14061234109431073, 0.04951206774816839, 0.1608741268433289], [0.08777977538706784, 0.13808674585884909, 0.13186993025901494, 0.6422635484950681], [0.1543191362180631, 0.23794768346700682, 0.2641031039127111, 0.34363007640221915], [0.26941925356880414, 0.2547810220962286, 0.09054959885715548, 0.38525012547781184], [0.2082844111195268, 0.2683136185353801, 0.17000959268234134, 0.3533923776627518], [0.09238390623139517, 0.15096846432695984, 0.17589556864638942, 0.5807520607952555], [0.16916726865464385, 0.3333058061583699, 0.2457902235324995, 0.2517367016544868], [0.312651204144299, 0.3439265276493962, 0.056987854792264196, 0.28643441341404063], [0.21577357461622265, 0.5149185752897837, 0.09777423576227295, 0.17153361433172057], [0.42774339985805027, 0.3160443836646235, 0.07148136223054782, 0.18473085424677838], [0.11825842980691832, 0.31515963077371, 0.04744902307672215, 0.5191329163426495], [0.20886190779996405, 0.6319309029434524, 0.036925552552694973, 0.1222816367038886], [0.2348162110139862, 0.2999526666257997, 0.19964359393616102, 0.2655875284240532], [0.2607473248791088, 0.3160407625229241, 0.15600938373165577, 0.2672025288663114], [0.17674696417648394, 0.41020551724672, 0.10703738197308321, 0.30601013660371285], [0.23625903750927316, 0.2581992796896102, 0.1576617975063432, 0.34787988529477337], [0.44157323025764567, 0.18393311514817112, 0.07994814795641512, 0.2945455066377681], [0.1369429209861703, 0.35893543743435585, 0.1799605075706152, 0.3241611340088586], [0.30224014066168986, 0.2844545989702582, 0.1299850289368059, 0.283320231431246], [0.37340780406416196, 0.1462643813795689, 0.08722298968592365, 0.39310482487034565], [0.17758698204772963, 0.3475296478636901, 0.14162876074125913, 0.33325460934732104], [0.1763248282925726, 0.34887867577174375, 0.19939624938878017, 0.2754002465469036], [0.1736945968250564, 0.2736950359247525, 0.2016331926492613, 0.3509771746009298], [0.24253070642179933, 0.14331087967650036, 0.1035875800402783, 0.5105708338614222], [0.1861662346546981, 0.19417952926792484, 0.11158503338373957, 0.5080692026936374], [0.2985597611217834, 0.34931544806071946, 0.13574675622598323, 0.21637803459151383], [0.25898089729945856, 0.21821074122596856, 0.13703933639050445, 0.38576902508406835], [0.351434206787023, 0.3299620968686741, 0.12847844695856275, 0.1901252493857404], [0.2533187473103979, 0.18804917608743713, 0.10034915217887243, 0.45828292442329266], [0.24143443751246801, 0.23830272615223003, 0.159070023240249, 0.3611928130950531], [0.19731314885266507, 0.4681715995213069, 0.1338171770735706, 0.20069807455245744], [0.21657299445281183, 0.39453722933872665, 0.16435084706599287, 0.22453892914246867], [0.34632446347586726, 0.3163113162125152, 0.13731456284979165, 0.20004965746182599], [0.16312196842508286, 0.2664071412686223, 0.20943369892765754, 0.36103719137863716], [0.2932505097715426, 0.31284095292008834, 0.10144326010333964, 0.29246527720502935], [0.13890217062272056, 0.337624475408384, 0.14441148854301356, 0.379061865425882], [0.1522882600261415, 0.2624247442438057, 0.07658315734678442, 0.5087038383832684], [0.22163096686203815, 0.223273366792513, 0.12053338832872931, 0.4345622780167195], [0.5696273387825723, 0.1804764924977788, 0.04965650325335635, 0.20023966546629246], [0.44229991718180983, 0.2179415781894338, 0.11197555929742373, 0.22778294533133261], [0.17516022554302485, 0.5063945701618742, 0.14051388325558994, 0.17793132103951112], [0.18517845715780237, 0.256841121700214, 0.30149058228706793, 0.2564898388549159], [0.3938978331359331, 0.255836044148072, 0.10565508061929693, 0.24461104209669815], [0.13212072201045055, 0.35452104185535616, 0.16210637228812463, 0.35125186384606866]]}}