{"test": {"ids": ["106114880", "112119500", "98107210", "105113440", "106113830", "112120700", "110121170", "113120601", "101115190", "105115680", "113119700", "113121680", "98112580", "111116010", "109118701", "101121640", "100109360", "101111210", "99109910", "107114321", "110114561", "101110740", "107120880", "98113881", "113120260", "101117580", "109116441", "103110220", "113120830", "100110050", "99111620", "111114121", "101108370", "102110500", "109116810", "105119950", "109114270", "98110230", "108117720", "97113900", "99109860", "113117340", "99111930", "112117471", "98106680", "112119980", "106116850", "111115780", "97106591", "100109801", "107120260", "97112300", "101108121", "105112100", "110117500", "98112300", "106119580", "104114320", "104111780", "104116980", "110119300", "111121351", "111120220", "113122220", "111121930", "97106600", "100107920", "98111231", "99121440", "101108460", "101108580", "113120070", "99111340", "102109910", "107115140", "106115240", "101111310", "106113170", "99109370", "100115700", "109117730", "108113700", "109120540", "104109311", "106118161", "110118880", "104111711", "113122160", "109115070", "100111620", "105115900", "107121640", "97107821", "111118910", "106118820", "97116790", "97111790", "103110100", "97110950", "99108890", "111119300", "107115250", "101112540", "107113550", "108120060", "110116501", "105114220", "107112840", "106113260", "112116990", "113119340", "101119030", "98108410", "98108520", "105113170", "113122650", "100116500", "98106111", "102110240", "102113350", "111119430", "113118690", "113122510", "99108080", "99107950", "99110730", "113119950", "97116500", "103113170", "105113330", "110120531", "98107410", "110117140", "113122230", "108115500", "99111000", "112121351", "101111140", "106121220", "111114171", "99109141", "103120730"], "labels": [0, 2, 1, 0, 1, 2, 2, 2, 1, 2, 0, 1, 2, 1, 3, 2, 0, 2, 2, 0, 0, 3, 1, 3, 3, 3, 3, 2, 3, 3, 3, 0, 1, 3, 3, 3, 3, 3, 1, 2, 2, 2, 1, 3, 1, 0, 3, 1, 1, 0, 1, 2, 0, 1, 1, 2, 3, 2, 3, 1, 1, 0, 3, 1, 1, 3, 0, 1, 2, 0, 0, 2, 1, 2, 0, 1, 3, 0, 1, 1, 3, 0, 1, 3, 3, 0, 1, 3, 0, 3, 3, 1, 2, 0, 3, 2, 2, 1, 3, 0, 1, 2, 2, 0, 1, 3, 3, 1, 3, 0, 0, 3, 1, 2, 0, 2, 2, 0, 3, 3, 3, 3, 2, 3, 1, 3, 0, 2, 3, 3, 0, 3, 3, 1, 3, 2, 0, 2, 1, 3, 3, 1], "predicted_labels": [1, 1, 2, 1, 0, 1, 1, 1, 1, 1, 1, 1, 1, 1, 1, 1, 3, 3, 1, 1, 1, 1, 3, 1, 1, 1, 0, 1, 1, 1, 1, 0, 0, 3, 3, 1, 3, 1, 3, 1, 1, 1, 1, 3, 1, 1, 1, 1, 1, 1, 3, 0, 0, 3, 1, 0, 1, 3, 0, 1, 0, 0, 0, 1, 3, 1, 3, 0, 1, 3, 0, 1, 1, 3, 3, 1, 1, 1, 1, 0, 1, 3, 1, 0, 1, 0, 1, 1, 1, 1, 1, 3, 1, 3, 1, 1, 0, 1, 0, 1, 1, 1, 1, 0, 0, 1, 0, 1, 1, 3, 0, 1, 1, 1, 1, 1, 0, 1, 0, 1, 1, 3, 2, 0, 1, 1, 0, 1, 1, 1, 0, 0, 0, 1, 1, 3, 1, 0, 1, 1, 1, 1], "confidence_scores": [[0.22842202690676805, 0.31221988646716237, 0.20491591905806433, 0.2544421675680051], [0.18821884288412563, 0.32954740117085635, 0.2517715537836124, 0.23046220216140562], [0.16851974374213025, 0.29234164236691595, 0.37073338401814504, 0.16840522987280873], [0.26301113618799177, 0.292311826492825, 0.16728325410304465, 0.27739378321613867], [0.3034180931970374, 0.2887226092686299, 0.08766020548433817, 0.3201990920499947], [0.2084714860036701, 0.32770980812779094, 0.20514897864327797, 0.2586697272252614], [0.20181869809461425, 0.32479787191346804, 0.20822005709855734, 0.2651633728933602], [0.23409858031479489, 0.33294985901717367, 0.15756952194951312, 0.27538203871851813], [0.22874199046565097, 0.2967055842615497, 0.2242657422319793, 0.2502866830408201], [0.1897987822771067, 0.32198647616799514, 0.23628131130406926, 0.2519334302508288], [0.2401052782758756, 0.31237983854832185, 0.2119717329877939, 0.23554315018800845], [0.1837318473362195, 0.3285580511764502, 0.22705448759724245, 0.2606556138900877], [0.17290401606626035, 0.32318914112090086, 0.29255538753213506, 0.21135145528070343], [0.16429397053382233, 0.30542727840770834, 0.3576883524657786, 0.17259039859269082], [0.2535003981666491, 0.2936911146004011, 0.19068567110337184, 0.2621228161295783], [0.2642548835910422, 0.2989290379466786, 0.15348347203493484, 0.28333260642734426], [0.30787461986092846, 0.28596616759748067, 0.11074295718840312, 0.2954162553531881], [0.2796665481110639, 0.2922998683762573, 0.13929794143058077, 0.28873564208209784], [0.20469081823336852, 0.2988149198119972, 0.29220533867736975, 0.2042889232772646], [0.25725177187136716, 0.3242116175985035, 0.1291777008891161, 0.2893589096410133], [0.26290062930050895, 0.32394439551380905, 0.10463721098774113, 0.30851776419794125], [0.21985245223534744, 0.2963579778555323, 0.24393933391200007, 0.23985023599712024], [0.2210628743319898, 0.3314676763677074, 0.17121098187381603, 0.2762584674264868], [0.26068411767056815, 0.3144552712273924, 0.13625844490929165, 0.28860216619274787], [0.23405224888321724, 0.31218090994026465, 0.17947311416325665, 0.2742937270132618], [0.23232737642879034, 0.30604574556953984, 0.18863390397863383, 0.272992974023036], [0.32164960902193507, 0.29821076471088415, 0.05469544803657968, 0.32544417823060123], [0.2107061535788244, 0.31473332924801656, 0.21876047109444413, 0.25580004607871526], [0.18903050581150174, 0.3126063201267588, 0.26618736632079076, 0.23217580774094854], [0.23305291396801373, 0.3087093090007246, 0.1947642214496469, 0.26347355558161484], [0.25090229627518995, 0.28647839491065363, 0.22258587109675707, 0.24003343771739946], [0.2942792590825139, 0.29599518238827577, 0.1055325917994287, 0.30419296672978136], [0.3250568808895882, 0.27437266741610716, 0.06409369982593603, 0.3364767518683687], [0.30367376453101064, 0.2862210480203643, 0.10735072511298774, 0.30275446233563713], [0.31407442610908937, 0.30782329150777377, 0.06919430082824218, 0.3089079815548946], [0.25136497970035215, 0.29136378745595093, 0.18436914621532516, 0.2729020866283716], [0.33241821006300176, 0.29715029526582937, 0.06980396771413659, 0.3006275269570323], [0.2824618071400142, 0.31122199010853463, 0.10681068493833591, 0.29950551781311535], [0.3288295717161186, 0.2603473276757982, 0.10107958077423418, 0.3097435198338489], [0.22295065556444374, 0.2999901490192473, 0.2520075099905671, 0.22505168542574164], [0.13907799160431952, 0.3277372947208993, 0.34552385359604343, 0.18766086007873795], [0.2610971228896886, 0.30192829607987004, 0.15977646773786208, 0.277198113292579], [0.18703142841558906, 0.2961050719748435, 0.3137970403520517, 0.20306645925751546], [0.30510812705435264, 0.281340138792856, 0.1111836415182357, 0.30236809263455566], [0.19552857979248564, 0.2958732600077999, 0.3314544154358571, 0.17714374476385747], [0.2434277708142201, 0.30232375604842104, 0.18957764092323465, 0.2646708322141242], [0.19531398925630888, 0.30656345830560366, 0.25579606968426716, 0.24232648275382035], [0.22420282769466957, 0.29153991405993473, 0.2752957791221687, 0.20896147912322674], [0.23935647510874206, 0.32011779494094056, 0.17630258784533706, 0.2642231421049803], [0.2823773084293014, 0.29843184035936415, 0.12131172576045195, 0.2978791254508825], [0.3043115284600401, 0.30197110217596973, 0.09285526970176651, 0.30086209966222355], [0.2584709877989109, 0.27072655538716844, 0.23451436226720176, 0.23628809454671892], [0.30283227750999336, 0.29544486398558123, 0.08078006187946918, 0.320942796624956], [0.2770681905275085, 0.2646977609412377, 0.17440045134190718, 0.2838335971893468], [0.28004382216690815, 0.2996001894337754, 0.12825994058149828, 0.2920960478178182], [0.305714322927623, 0.25836269171949666, 0.13820041840949218, 0.2977225669433882], [0.19490423481099847, 0.3286811170727094, 0.23511283537496944, 0.24130181274132254], [0.24011532539071578, 0.2922589995139022, 0.2055011529422161, 0.26212452215316584], [0.3005828486940947, 0.2728723227881762, 0.12778006100761502, 0.2987647675101147], [0.14383457829915805, 0.3173015058581819, 0.3442140743828379, 0.19464984145982228], [0.2798045936960245, 0.28687262737522323, 0.1699378848749818, 0.26338489405377075], [0.2969997973184598, 0.29098809503192175, 0.10565102529916792, 0.3063610823504505], [0.27013096033658374, 0.2835345352200208, 0.20350822048177686, 0.2428262839616186], [0.2636454021889863, 0.33527005389098374, 0.10138875943962526, 0.29969578448040496], [0.2503413340564507, 0.30171911408216345, 0.17403933804209504, 0.273900213819291], [0.27876619061008556, 0.31049475413642086, 0.11380756351450513, 0.29693149173898825], [0.267571633774562, 0.29711310799348395, 0.14604459330314615, 0.2892706649288079], [0.30762520557005557, 0.2716806779359908, 0.10134608676143343, 0.31934802973252013], [0.20784837588136965, 0.29720032337702046, 0.2804415126507789, 0.2145097880908313], [0.23923965554209625, 0.2600808525957917, 0.2470423820556478, 0.25363710980646387], [0.34035768590231485, 0.24399458142097605, 0.07660773753584878, 0.3390399951408604], [0.2268050914723751, 0.3376037414312694, 0.1766666657603873, 0.25892450133596856], [0.20233901048852468, 0.3060762795489661, 0.2566832638698969, 0.23490144609261235], [0.24388836027147903, 0.2700458952293786, 0.23433381952195853, 0.2517319249771836], [0.3253119827454751, 0.2696751872580461, 0.10282950635253021, 0.30218332364394845], [0.25480203297692, 0.30621819225545654, 0.15622866560094625, 0.28275110916667723], [0.20906385366475297, 0.3320421427859125, 0.22078567517029835, 0.23810832837903614], [0.2976328189011516, 0.3138421163151348, 0.06588119358149368, 0.32264387120222], [0.2510664195021762, 0.29496064904004654, 0.19146523746978011, 0.26250769398799717], [0.270827551570178, 0.25945594279625084, 0.21085632092888532, 0.25886018470468575], [0.24900200818129872, 0.2967593670513689, 0.19701643240012387, 0.25722219236720845], [0.1779060207906405, 0.319812866224208, 0.24802434115439836, 0.254256771830753], [0.2699809363383917, 0.28695271732443584, 0.17810016176109753, 0.26496618457607485], [0.2949484092896476, 0.2620398815032042, 0.16250454910094025, 0.28050716010620813], [0.30069900846297537, 0.30607322105354323, 0.07728660517373956, 0.31594116530974187], [0.3201836580118922, 0.3022876123736083, 0.044728097815477395, 0.33280063179902203], [0.24315484947947638, 0.30636659968080254, 0.2010172664342619, 0.24946128440545912], [0.2282689667825255, 0.33087449574285593, 0.16473183452423915, 0.27612470295037944], [0.24321751689848714, 0.3023382278612773, 0.23340625747476484, 0.2210379977654706], [0.23216703584171203, 0.28147796806182507, 0.27718929711012025, 0.20916569898634282], [0.23279797249014586, 0.2853736997425508, 0.2363379596848651, 0.2454903680824383], [0.2354918619553394, 0.29121741481621366, 0.21758182044591792, 0.2557089027825293], [0.2835227583514323, 0.3026161282562537, 0.11251098868254353, 0.3013501247097709], [0.2866889263898033, 0.26781445645431234, 0.16500471054181828, 0.2804919066140656], [0.19221877922125152, 0.3272510638237224, 0.24034063892222288, 0.24018951803280333], [0.23168459868250196, 0.28634558478991623, 0.24400695943235226, 0.23796285709522977], [0.2762884922090092, 0.2856523981665098, 0.14905694231454833, 0.28900216730993267], [0.23362805097403372, 0.28595868592362816, 0.2469334047918584, 0.23347985831047954], [0.30894207221342174, 0.2502372441195429, 0.14407681808750172, 0.29674386557953353], [0.23799756004491152, 0.28440561668807923, 0.24994517048030088, 0.2276516527867081], [0.22552709433390414, 0.3013388164972672, 0.22503331682448643, 0.24810077234434239], [0.285699341643348, 0.3012832057686123, 0.09962331704636566, 0.3133941355416742], [0.23827136400352364, 0.3077351080564177, 0.19571293864204245, 0.25828058929801634], [0.3105283329697287, 0.2588770406148727, 0.13042652302596278, 0.3001681033894359], [0.2825354578325317, 0.2830780842416042, 0.1428273468037437, 0.29155911112212013], [0.28116622698776594, 0.30409189299740313, 0.12056529007757828, 0.29417658993725254], [0.2989817152381235, 0.2985583155468485, 0.06853569568149741, 0.33392427353353055], [0.22116331795815464, 0.33695071559379486, 0.16758325806404936, 0.27430270838400095], [0.24884666195342392, 0.3161414875731382, 0.15635710761955626, 0.2786547428538816], [0.25450952536809385, 0.2942403301752492, 0.17795797469553526, 0.27329216976112175], [0.29582926413103205, 0.2831362497790677, 0.11304637658621922, 0.3079881095036811], [0.2644318408719281, 0.29783695129088517, 0.1536366998182569, 0.2840945080189299], [0.23833424319002444, 0.3186258777392824, 0.19183025823188324, 0.2512096208388101], [0.23231666200736983, 0.293813904021369, 0.26739406825052836, 0.20647536572073286], [0.2422814050233896, 0.3059160911062568, 0.18076335318107725, 0.27103915068927653], [0.16067872666330013, 0.3058062860042211, 0.3515470239652757, 0.18196796336720267], [0.23866993835085007, 0.2763549730985528, 0.2566076699640114, 0.22836741858658574], [0.23764749671647797, 0.2897606962443352, 0.22737648256907467, 0.24521532447011213], [0.2881991838032096, 0.25189513409291125, 0.18189938177694637, 0.2780063003269328], [0.2560831446872995, 0.306783610153086, 0.162677413237989, 0.2744558319216255], [0.27680105716317577, 0.33702110158521464, 0.0727938538267272, 0.31338398742488244], [0.27360933972954665, 0.30634843379690224, 0.1283436238419525, 0.29169860263159836], [0.13584897418550698, 0.30882299683252973, 0.36643793165523375, 0.18889009732672937], [0.2944207473970744, 0.2613427552267994, 0.1750188522938285, 0.2692176450822974], [0.1504178823133642, 0.3382230493497542, 0.3337271812267834, 0.17763188711009845], [0.19095689100039404, 0.3060452537045119, 0.2869776216085251, 0.21602023368656859], [0.30185956533070774, 0.28285318052880465, 0.10979660884210689, 0.305490645298381], [0.24188474830102896, 0.3097481773370026, 0.18508252097257863, 0.26328455338938955], [0.26893420189123934, 0.2914439388967132, 0.15892143241213494, 0.2807004267999127], [0.2971076633790128, 0.31824190190642987, 0.06670758395208258, 0.3179428507624748], [0.29210197058318355, 0.28551810722215293, 0.11536402459749079, 0.3070158975971729], [0.3219066456496438, 0.2701209730471513, 0.09323239705986536, 0.3147399842433394], [0.28767828334303125, 0.2841056905400243, 0.12715982153468147, 0.3010562045822629], [0.18620766957751, 0.30662286901310765, 0.2900442341210791, 0.21712522728830302], [0.2552878091014337, 0.29439360436319056, 0.19600984898219273, 0.2543087375531827], [0.23772108284181487, 0.28657033017386985, 0.20808755084749475, 0.26762103613682064], [0.25091801856696316, 0.3144717805803075, 0.1637315243824837, 0.27087867647024577], [0.3049100447184773, 0.2746941355269092, 0.11190129273832505, 0.3084945270162887], [0.19855512237058157, 0.30518501193770775, 0.24157745801289454, 0.25468240767881606], [0.2673411307355861, 0.3166716654454045, 0.12035947739289359, 0.29562772642611584], [0.29885359166238457, 0.31067593317500386, 0.06809708662106301, 0.3223733885415487], [0.2427993580583328, 0.30602372407999645, 0.17329965748390647, 0.2778772603777643]]}, "rewritten": {"ids": ["97106591", "97106600", "97107821", "97110950", "97111790", "97112300", "97113900", "97116500", "97116790", "98106111", "98106680", "98107210", "98107410", "98108410", "98108520", "98110230", "98111231", "98112300", "98112580", "98113881", "99107950", "99108080", "99108890", "99109141", "99109370", "99109860", "99109910", "99110730", "99111000", "99111340", "99111620", "99111930", "99121440", "100107920", "100109360", "100109801", "100110050", "100111620", "100115700", "100116500", "101108121", "101108370", "101108460", "101108580", "101110740", "101111140", "101111210", "101111310", "101112540", "101115190", "101117580", "101119030", "101121640", "102109910", "102110240", "102110500", "102113350", "103110100", "103110220", "103113170", "103120730", "104109311", "104111711", "104111780", "104114320", "104116980", "105112100", "105113170", "105113330", "105113440", "105114220", "105115680", "105115900", "105119950", "106113170", "106113260", "106113830", "106114880", "106115240", "106116850", "106118161", "106118820", "106119580", "106121220", "107112840", "107113550", "107114321", "107115140", "107115250", "107120260", "107120880", "107121640", "108113700", "108115500", "108117720", "108120060", "109114270", "109115070", "109116441", "109116810", "109117730", "109118701", "109120540", "110114561", "110116501", "110117140", "110117500", "110118880", "110119300", "110120531", "110121170", "111114121", "111114171", "111115780", "111116010", "111118910", "111119300", "111119430", "111120220", "111121351", "111121930", "112116990", "112117471", "112119500", "112119980", "112120700", "112121351", "113117340", "113118690", "113119340", "113119700", "113119950", "113120070", "113120260", "113120601", "113120830", "113121680", "113122160", "113122220", "113122230", "113122510", "113122650"], "labels": [1, 3, 2, 3, 2, 2, 2, 2, 2, 0, 1, 1, 3, 1, 2, 3, 1, 2, 2, 3, 1, 3, 0, 3, 1, 2, 2, 3, 2, 1, 3, 1, 2, 0, 0, 0, 3, 3, 1, 2, 0, 1, 0, 0, 3, 2, 2, 3, 2, 1, 3, 3, 2, 2, 3, 3, 3, 1, 2, 3, 1, 3, 1, 3, 2, 1, 1, 0, 3, 0, 3, 2, 3, 3, 0, 3, 1, 0, 1, 3, 3, 3, 3, 1, 1, 0, 0, 0, 2, 1, 1, 1, 0, 3, 1, 1, 3, 0, 3, 3, 3, 3, 1, 0, 3, 3, 1, 0, 1, 0, 2, 0, 3, 1, 1, 0, 1, 3, 3, 0, 1, 0, 3, 2, 0, 2, 0, 2, 3, 0, 0, 0, 2, 3, 2, 3, 1, 3, 1, 1, 2, 2], "predicted_labels": [1, 1, 0, 0, 1, 3, 0, 1, 1, 1, 2, 1, 3, 1, 0, 0, 0, 0, 1, 1, 1, 0, 1, 0, 1, 1, 1, 1, 3, 1, 1, 2, 2, 0, 3, 1, 1, 1, 3, 0, 0, 0, 3, 0, 1, 3, 3, 1, 1, 1, 3, 3, 1, 3, 3, 3, 1, 1, 1, 0, 3, 0, 1, 0, 0, 1, 0, 3, 3, 1, 0, 1, 1, 1, 0, 1, 0, 1, 0, 1, 1, 1, 1, 3, 1, 0, 0, 3, 1, 3, 3, 3, 3, 1, 3, 1, 3, 1, 3, 3, 1, 1, 1, 1, 1, 0, 3, 3, 1, 1, 1, 0, 3, 1, 2, 3, 1, 1, 0, 0, 3, 3, 3, 1, 1, 1, 1, 1, 1, 0, 1, 3, 1, 3, 1, 1, 1, 1, 1, 1, 1, 1], "confidence_scores": [[0.2361568024425531, 0.313964235537746, 0.19698695597375737, 0.2528920060459435], [0.2757904255167882, 0.3093213573558915, 0.12096443030266021, 0.29392378682465997], [0.28063032234272717, 0.29076503396568604, 0.1431487093940564, 0.28545593429753047], [0.30404258029727876, 0.2541633583831681, 0.15153924916739805, 0.29025481215215504], [0.2695485497765672, 0.3014582564218736, 0.13862560011961284, 0.2903675936819463], [0.255152528492379, 0.26185410841299794, 0.23294416913448984, 0.2500491939601332], [0.2602151209833418, 0.2828809724305381, 0.21261868604690903, 0.2442852205392113], [0.2611536778915517, 0.2935620650688419, 0.17936514314155114, 0.2659191138980553], [0.2149799858627032, 0.28481182844376224, 0.2924251079804731, 0.20778307771306131], [0.25099837881453485, 0.2795462238744719, 0.22727977969762447, 0.24217561761336842], [0.1670468829871426, 0.2917872535510106, 0.3839684167826373, 0.1571974466792091], [0.1660718207366802, 0.3091105635892275, 0.33448013105536506, 0.19033748461872724], [0.3263800955123126, 0.26261950157839237, 0.10099871832338686, 0.3100016845859081], [0.23884708405055946, 0.29759666296866155, 0.23952142467795162, 0.22403482830282734], [0.28090660472589873, 0.28196473623670826, 0.16986292537267983, 0.2672657336647134], [0.2837736909863787, 0.28970134757813804, 0.13514159745022555, 0.2913833639852575], [0.3053007225302438, 0.26665722478232784, 0.12380993024624463, 0.3042321224411836], [0.30284956648172734, 0.258528574289739, 0.14735551105810382, 0.2912663481704295], [0.24143201552145735, 0.28506598671861144, 0.2232347809150182, 0.25026721684491304], [0.2583348749066786, 0.31636692816405265, 0.14017914058665668, 0.2851190563426122], [0.20143541925826677, 0.325452583139355, 0.24629218121870078, 0.2268198163836776], [0.2936907540572644, 0.26290095663162727, 0.18309079550279828, 0.26031749380831015], [0.24154535293425625, 0.2912493378862794, 0.2503199252955831, 0.2168853838838814], [0.3114974566167122, 0.2861068062226822, 0.061093818791298236, 0.34130191836930746], [0.24596971185387903, 0.2918154655929444, 0.20773522916218434, 0.25447959339099224], [0.1816018666156797, 0.3162313753319148, 0.2822029530627454, 0.21996380498966026], [0.19816218893251802, 0.2944388165144111, 0.2932316776537934, 0.21416731689927737], [0.1791993354806644, 0.30419708244908034, 0.31308231947860277, 0.20352126259165257], [0.2517618403401385, 0.27783090286376316, 0.2053755964950246, 0.2650316603010737], [0.23498466348664324, 0.2975378345410609, 0.22226391003299567, 0.24521359193930012], [0.2672701981242702, 0.2903130782244137, 0.1814770848747609, 0.2609396387765551], [0.18477647862220706, 0.2830747097627406, 0.3547188784220191, 0.17742993319303296], [0.1950274422003488, 0.28015288299356733, 0.3484687214117295, 0.17635095339435436], [0.29643005032454806, 0.27025652217851304, 0.13962700972695677, 0.29368641776998206], [0.31357365835813794, 0.27949321942723127, 0.09799078951125945, 0.30894233270337157], [0.2730990007622554, 0.3120637035314858, 0.1233264475582938, 0.29151084814796546], [0.23987437897112263, 0.298732782185931, 0.20403039089704095, 0.25736244794590557], [0.22613092086107855, 0.2844651033611988, 0.2804916912305334, 0.20891228454718933], [0.23469304511770084, 0.2693209066164415, 0.2571350283700181, 0.2388510198958397], [0.22863677873676233, 0.26987411866332156, 0.2785650205330349, 0.22292408206688108], [0.3004794124497859, 0.2898526136396752, 0.09473958985523957, 0.31492838405529955], [0.3302608674366437, 0.28570168206050905, 0.05798323227493031, 0.3260542182279168], [0.2666638452248218, 0.2581540531056849, 0.2123089343923381, 0.26287316727715526], [0.3269259827849583, 0.22974092516002248, 0.10797804004269962, 0.33535505201231935], [0.2282403983764241, 0.30899424440685425, 0.2062842836993782, 0.2564810735173434], [0.3105440324434117, 0.2880253948843149, 0.0911294021260548, 0.31030117054621864], [0.27445642965781125, 0.29257670320227464, 0.14563590475496685, 0.28733096238494704], [0.263169748721739, 0.31641917259024355, 0.13465357805403344, 0.2857575006339837], [0.23877201797165892, 0.32361232638801823, 0.16238337015644966, 0.2752322854838732], [0.2740934079235104, 0.29232079964397645, 0.15211254252826079, 0.28147324990425204], [0.2734232755239247, 0.2853065892521529, 0.1578494371311688, 0.2834206980927538], [0.2931495411418396, 0.31285480155170303, 0.09628446945427435, 0.29771118785218276], [0.2349367044485768, 0.30821381571875045, 0.18897699529529915, 0.2678724845373733], [0.25073119677119954, 0.27225075209673816, 0.21506456557327627, 0.26195348555878595], [0.2611182552391357, 0.2656784173637849, 0.20529918860773713, 0.26790413878934244], [0.3310589938023943, 0.25036093521701025, 0.10669620052696413, 0.3118838704536315], [0.23761804824773278, 0.32367513122939756, 0.16699424222602657, 0.27171257829684325], [0.24741917981281034, 0.29086522969612305, 0.2278390406395052, 0.2338765498515614], [0.2396074286917047, 0.32180714897696255, 0.17031852327298158, 0.26826689905835116], [0.2836007364251189, 0.291780126789426, 0.12803385361743208, 0.2965852831680231], [0.2595064356150532, 0.292214190970519, 0.17114751579816764, 0.2771318576162604], [0.2665999743327943, 0.27769925140059853, 0.2056423110171636, 0.2500584632494436], [0.2501024194334129, 0.2905955166229239, 0.20664478505445583, 0.2526572788892074], [0.30667248601936964, 0.2789675953929033, 0.08806319925640552, 0.32629671933132115], [0.24099844742419832, 0.27348793020748763, 0.2558346034133735, 0.22967901895494075], [0.1953793463346335, 0.34151344363542724, 0.1943995535671976, 0.2687076564627414], [0.27368379640932594, 0.2637743736340745, 0.20857687436505976, 0.2539649555915399], [0.2462906485303331, 0.3082959982775956, 0.16630686284295382, 0.27910649034911766], [0.31582403991416114, 0.3070128176255626, 0.053523787628291686, 0.32363935483198447], [0.2259796123698069, 0.31745721560553264, 0.2036027951440608, 0.25296037688059986], [0.30485019924328405, 0.2913704704611403, 0.06806673282630694, 0.3357125974692689], [0.20777784506668664, 0.32373973363749253, 0.20546228545011183, 0.26302013584570855], [0.21928495245247417, 0.33443660572045664, 0.17020660434255933, 0.2760718374845099], [0.2316150751606224, 0.2827198938319861, 0.2504463814152106, 0.2352186495921808], [0.3024462020305464, 0.30768047891974226, 0.06177886974844884, 0.3280944493012626], [0.24478911617423263, 0.3140502941078413, 0.16927075234896272, 0.2718898373689635], [0.32327911231945006, 0.26688833392132383, 0.07509794899538652, 0.3347346047638396], [0.21809398081024217, 0.3201867672561586, 0.2146429904605417, 0.247076261473057], [0.2824036218014821, 0.283924599839989, 0.14598197727003462, 0.28768980108849435], [0.19493495720576826, 0.30082347820197064, 0.27930136091991203, 0.22494020367234915], [0.2975591375978529, 0.305734524160291, 0.08639099558606289, 0.3103153426557931], [0.22515668999707852, 0.30937764769446185, 0.19723972826941086, 0.268225934039049], [0.1906439074026785, 0.3304878261173656, 0.23381627211082762, 0.24505199436912808], [0.2357005191019906, 0.3226507846979664, 0.16477146886357544, 0.2768772273364677], [0.21571134985028886, 0.3375335848526525, 0.17743454224864816, 0.26932052304841075], [0.2954606147691337, 0.27785793859483543, 0.13058736648243838, 0.2960940801535921], [0.31070407473054096, 0.2812174814597223, 0.09165010311907604, 0.3164283406906608], [0.3473581023768349, 0.24923672240470138, 0.0967015679126932, 0.3067036073057703], [0.28575954259584047, 0.3066776161180416, 0.09056703294442381, 0.31699580834169416], [0.30048716189650165, 0.3041937139376534, 0.09798984586840424, 0.2973292782974409], [0.22606941522118779, 0.352076312015109, 0.14316594214073358, 0.2786883306229694], [0.22732904450646874, 0.30318204178779984, 0.20492026682067174, 0.26456864688505966], [0.2349341620027024, 0.3287576821838375, 0.1592990353329098, 0.27700912048055026], [0.2589873205855993, 0.2840013283481977, 0.20362258744338088, 0.2533887636228221], [0.33433432202201946, 0.25626065400341613, 0.10097347080356316, 0.30843155317100135], [0.2636362058758933, 0.31550677749855294, 0.13179797065812696, 0.2890590459674267], [0.33598017230742694, 0.30090566812099756, 0.05587091310168941, 0.307243246469886], [0.25853201212575894, 0.3168748331764711, 0.1688166744452643, 0.25577648025250554], [0.31498054415348686, 0.30480721840477504, 0.07047947006664142, 0.30973276737509653], [0.31594815013059435, 0.29975544578841445, 0.07273056798993575, 0.31156583609105554], [0.21786147824391014, 0.31357544456547093, 0.23660313960041512, 0.23195993759020406], [0.22986354480511986, 0.3297722467656035, 0.16908030097146579, 0.27128390745781067], [0.28202707589043535, 0.2954331798017153, 0.13510946090674644, 0.28743028340110266], [0.26118956251728787, 0.3219054436744812, 0.12398281049641896, 0.2929221833118115], [0.27515044600936006, 0.3020278863978128, 0.13525659808236876, 0.2875650695104585], [0.30903886728809876, 0.2819981811483113, 0.09264727547224855, 0.31631567609134104], [0.2956036345021228, 0.30350153234856, 0.09989621832013146, 0.3009986148291856], [0.36077676886882043, 0.2747526639721673, 0.0430551326227007, 0.3214154345363116], [0.27059744196668223, 0.2919948146994343, 0.17773322527966534, 0.2596745180542184], [0.2989368203275102, 0.3076074486940554, 0.07538801311402146, 0.3180677178644128], [0.24527019411248724, 0.3378500723444535, 0.13185901201033887, 0.28502072153272023], [0.2980972482194623, 0.293850662267233, 0.10744863700541332, 0.30060345250789117], [0.2808902548063961, 0.3327150871272861, 0.09355664515258293, 0.2928380129137347], [0.2186313867590725, 0.2835592848880106, 0.2785617498515149, 0.21924757850140197], [0.16968558606773362, 0.27578206878524564, 0.36382994479519654, 0.19070240035182423], [0.2682987941982085, 0.2701308552315741, 0.1910271506125771, 0.27054319995764065], [0.23098842758248395, 0.30463874050125866, 0.20182163718237456, 0.26255119473388305], [0.2728590588318328, 0.33211212825670555, 0.09364725023818427, 0.3013815626732776], [0.28455398474442545, 0.2811915951126039, 0.15570212083799442, 0.27855229930497627], [0.287570071628531, 0.2943364560451769, 0.12303178518198103, 0.2950616871443105], [0.2625222564086451, 0.2975339525763585, 0.16254566661196568, 0.2773981244030307], [0.26156930026193176, 0.29955895172281083, 0.16461022129919875, 0.2742615267160589], [0.30213617236179663, 0.29037344507838647, 0.10663322841505933, 0.30085715414475744], [0.19418184375130068, 0.32068850929162473, 0.26862339514859834, 0.21650625180847638], [0.2856996538428705, 0.29510422295964645, 0.12818033521419447, 0.2910157879832887], [0.24488038774489823, 0.30369956547434235, 0.18044978199212047, 0.2709702647886387], [0.2548556303728461, 0.3191546172045918, 0.14969179887510456, 0.2762979535474578], [0.2894729732022802, 0.31875989122368614, 0.08015913563337897, 0.3116079999406542], [0.2611929751470062, 0.3178999442085429, 0.13432679972823142, 0.2865802809162194], [0.30940815957648615, 0.29526079409779393, 0.07758459762598009, 0.3177464486997402], [0.26378921469712907, 0.31526428926661326, 0.12690304726230645, 0.29404344877395105], [0.31444608733920515, 0.29295271328669187, 0.08126228287946419, 0.31133891649463885], [0.24414686362205346, 0.30968644911238874, 0.18063919466621048, 0.2655274925993476], [0.26901022883467884, 0.3069001320414093, 0.13871745857636375, 0.28537218054754815], [0.22176373840743577, 0.3368429622971506, 0.17119792675601236, 0.27019537253940107], [0.26921424390077203, 0.30569105546781017, 0.13699961812029265, 0.2880950825111252], [0.21757729016397506, 0.33127272160000054, 0.17929001931209093, 0.27185996892393355], [0.24133361629521297, 0.3203672496588856, 0.15834227625258024, 0.279956857793321], [0.2770417911129362, 0.315407164112426, 0.10551971020740553, 0.30203133456723225], [0.2232319132936747, 0.2890968326269032, 0.2539946184830018, 0.23367663559642032], [0.1457532376673487, 0.31501691420988037, 0.3349208434817268, 0.20430900464104387], [0.18921919985363692, 0.30528252857343197, 0.2755509720677261, 0.2299472995052049]]}}