{"test": {"ids": ["113122150", "97106770", "104111880", "98116940", "99111000", "113120751", "111118910", "109114651", "107113360", "97112300", "98116500", "113119300", "108120260", "101112201", "110119891", "113118490", "100115700", "107121540", "113119340", "108118810", "111116100", "104113240", "110117870", "105115250", "102116500", "111115770", "101111620", "106120640", "111115620", "98121790", "105113210", "107113170", "109119450", "110118810", "108116481", "107121700", "108120621", "108116501", "112116990", "103112641", "98110680", "104111711", "111116170", "98107380", "108113620", "112119930", "113119360", "108116070", "105115680", "108119510", "100109890", "108117451", "106118820", "108118630", "110114920", "103113210", "109118161", "109117730", "111121930", "104113170", "112116850", "105121190", "97107260", "102110890", "111117571", "101108370", "111114941", "102107961", "99108580", "112121351", "105110091", "101121640", "103113640", "98113881", "107120880", "97107920", "109115070", "113122320", "113117630", "107117630", "102114270", "101109370", "101111990", "100116790", "99105921", "101114990", "102108621", "106116820", "107120010", "108121160", "111121220", "104117630", "104113380", "98108410", "99109370", "97107681", "112116900", "111121190", "113122190", "105113440", "98111620", "105112260", "104109311", "112121010", "112120700", "99109311", "113120531", "112116451", "108113700", "102109840", "110117200", "107113550", "105114220", "112121360", "110118740", "103111620", "112117660", "111120531", "112119120", "110117080", "97112290", "113118810", "111116640", "110118880", "105117200", "113120070", "106117790", "101112540", "97118210", "102109010", "98109230", "106120290", "103117200", "110120640", "99108010", "106113170", "109114720", "98112170", "109113591", "100108990", "110118111", "100111390"], "labels": [2, 3, 3, 2, 2, 1, 0, 3, 0, 2, 2, 1, 1, 0, 3, 1, 1, 2, 0, 1, 3, 2, 3, 2, 1, 3, 3, 3, 1, 2, 3, 0, 3, 1, 0, 3, 1, 0, 0, 3, 2, 1, 0, 1, 3, 1, 0, 1, 2, 1, 3, 2, 3, 1, 3, 3, 0, 3, 1, 3, 0, 2, 2, 0, 3, 1, 0, 3, 0, 0, 0, 2, 1, 3, 1, 0, 0, 1, 0, 0, 3, 1, 2, 2, 1, 3, 3, 1, 1, 2, 3, 0, 1, 1, 1, 3, 3, 1, 1, 0, 3, 3, 3, 2, 2, 1, 0, 0, 0, 2, 3, 0, 3, 3, 3, 0, 0, 0, 1, 1, 1, 3, 0, 0, 3, 2, 1, 2, 2, 1, 1, 2, 0, 0, 2, 0, 0, 3, 3, 2, 1, 2], "predicted_labels": [1, 1, 3, 1, 1, 3, 3, 3, 3, 3, 3, 3, 1, 1, 3, 0, 1, 3, 3, 3, 1, 1, 1, 1, 1, 3, 3, 1, 3, 1, 3, 3, 3, 3, 0, 3, 1, 1, 0, 1, 1, 3, 1, 3, 3, 1, 3, 3, 1, 1, 0, 3, 1, 1, 3, 1, 1, 3, 3, 1, 3, 1, 1, 3, 1, 0, 3, 0, 1, 1, 1, 1, 0, 1, 1, 0, 1, 3, 1, 3, 1, 1, 1, 1, 0, 1, 0, 1, 3, 1, 3, 3, 1, 0, 1, 3, 0, 1, 3, 3, 1, 3, 3, 3, 1, 1, 3, 0, 0, 1, 3, 2, 0, 0, 0, 1, 3, 1, 3, 3, 1, 3, 3, 3, 3, 1, 1, 3, 0, 1, 0, 1, 0, 1, 1, 1, 1, 3, 1, 3, 1, 3], "confidence_scores": [[0.23422571513453871, 0.3116889574477809, 0.16529657923775573, 0.2887887481799248], [0.2707433982683982, 0.2744661838161838, 0.21192901820401822, 0.24286139971139986], [0.18496430236430234, 0.29085920745920757, 0.19571129099658516, 0.328465199179905], [0.22583849483849494, 0.3422769341769342, 0.18981839271839276, 0.2420661782661783], [0.17477940392940391, 0.33211682761682765, 0.2543432201785144, 0.2387605482752543], [0.24615209512709518, 0.2719668331668331, 0.20081882006882013, 0.2810622516372516], [0.2148184704184705, 0.2989201132201131, 0.17814797979797986, 0.30811343656343654], [0.2458881424131425, 0.23710983379365744, 0.17985842017459674, 0.3371436036186034], [0.23660925740925742, 0.29575909923409915, 0.15652731990231997, 0.31110432345432326], [0.28776870906870894, 0.24025160395160403, 0.1809345487845488, 0.2910451381951385], [0.24123926269808627, 0.26923070067187715, 0.19432420912420928, 0.2952058275058276], [0.23073813767931423, 0.2782155622155622, 0.14167528223410583, 0.3493710178710178], [0.28565721500721514, 0.2886806859806861, 0.15767686757686766, 0.26798523143523156], [0.23317056105229486, 0.35088157283892574, 0.16227601646719303, 0.25367184964158646], [0.24102664557664566, 0.27839377844377844, 0.14841696636696644, 0.3321626096126096], [0.2917327172827172, 0.25396284271284286, 0.17143445443445451, 0.28286998556998555], [0.2236878565878567, 0.29448751248751254, 0.22255382950382954, 0.2592708014208015], [0.21570698223345286, 0.2800806840218606, 0.21894290709290715, 0.2852694266517796], [0.2753236374736374, 0.2753543068043068, 0.1445869408369409, 0.3047351148851149], [0.2377726577344224, 0.2462435655847421, 0.12898265623265628, 0.3870011204481793], [0.2928901376401376, 0.2946572372072371, 0.1641893051393053, 0.24826332001332016], [0.24094353424353437, 0.3485084138084139, 0.19027160062160073, 0.22027645132645143], [0.22254737484737494, 0.29252140637140644, 0.22649124764124762, 0.25843997113997125], [0.23894896214896236, 0.3326307303807305, 0.18250037740037733, 0.24591993006993015], [0.25331620046620046, 0.3196667055167055, 0.20292631257631258, 0.22409078144078157], [0.2029392107892109, 0.2778348651348652, 0.1801143856143857, 0.3391115384615384], [0.2626981396054926, 0.2503523234935001, 0.19317059917206977, 0.2937789377289378], [0.20264472194472202, 0.37879382839382847, 0.15808958818958824, 0.2604718614718615], [0.24782159507159515, 0.28108677433677426, 0.17349761904761918, 0.29759401154401155], [0.27031684426684444, 0.30099865134865145, 0.20490562770562779, 0.22377887667887672], [0.29631833166833155, 0.25273715728715734, 0.1503045177045178, 0.3006399933399934], [0.2224595238095239, 0.27120171495171497, 0.20803809523809522, 0.2983006660006662], [0.1644224990695579, 0.2949947891977305, 0.21344613997114004, 0.32713657176157174], [0.25090947385947393, 0.2686128427128427, 0.19034958962606022, 0.29012809380162335], [0.3163119158619159, 0.2855694694194695, 0.13533214563214568, 0.26278646908646913], [0.23302672327672333, 0.266808918858919, 0.21290196502843564, 0.28726239283592236], [0.2805523088023087, 0.28481308887191237, 0.17650319484437133, 0.25813140748140756], [0.22707544122544127, 0.30798870018870006, 0.16273109668109667, 0.3022047619047618], [0.325430153506624, 0.16949065542300848, 0.2021737132148899, 0.30290547785547794], [0.23528972138972146, 0.2852015068265069, 0.20236936119436122, 0.27713941058941066], [0.2722853313353316, 0.29171363636363634, 0.23565348540348546, 0.20034754689754708], [0.21859708069708092, 0.2650849761349762, 0.24864262959262962, 0.26767531357531354], [0.20597360417360427, 0.32411597258950225, 0.16786239544768966, 0.30204802778920414], [0.24783834107069408, 0.26066697387579746, 0.18596327953092665, 0.30553140552258196], [0.20606356421356425, 0.2958024328612564, 0.2017414196914198, 0.2963925832337596], [0.19630123487623494, 0.32949512154512156, 0.20272608225108227, 0.2714775613275615], [0.23712209163385642, 0.27400259185259207, 0.1893315292550587, 0.29954378725849334], [0.2660130286380286, 0.2636859279609281, 0.19663510378510382, 0.2736659396159398], [0.2186425491175492, 0.32926489898989875, 0.18543111333111337, 0.2666614385614386], [0.22869603729603738, 0.28725545010545017, 0.20154232989233004, 0.2825061827061828], [0.3177558663558662, 0.2657677988677988, 0.22028268398268402, 0.19619365079365092], [0.31622467532467524, 0.2263456709956711, 0.13413606948606957, 0.32329358419358417], [0.16290211455211462, 0.3448915223665223, 0.18243145743145753, 0.3097749056499056], [0.18851921411921418, 0.3278798590298589, 0.18344273504273506, 0.30015819180819187], [0.251005642396819, 0.29029467754467764, 0.14069086664969022, 0.3180088134088133], [0.2844105783105783, 0.3137543789543791, 0.1660874680874681, 0.23574757464757473], [0.27041896991896985, 0.2977142024642026, 0.17760110445110447, 0.2542657231657234], [0.25889729322964633, 0.2628861674273439, 0.19939629488158905, 0.2788202444614209], [0.30195764440238126, 0.23503859473859484, 0.14937108067371235, 0.3136326801853117], [0.242973853923854, 0.2923861860361862, 0.19523860583860586, 0.26940135420135414], [0.20298630258630268, 0.25156598956598974, 0.17906406371406378, 0.3663836441336439], [0.21090023865023877, 0.2927718614718615, 0.22546715506715498, 0.27086074481074485], [0.19655535020535023, 0.2888338827838829, 0.22846787379287395, 0.28614289321789327], [0.22491998556998563, 0.2515395881895883, 0.21390256132756139, 0.3096378649128648], [0.2688868631368632, 0.2846080808080808, 0.16505910200910212, 0.28144595404595407], [0.30385112665112657, 0.24161052836052854, 0.18346542901542898, 0.27107291597291605], [0.2537038961038962, 0.2770839105339106, 0.16830769230769235, 0.30090450105450117], [0.30133806748806746, 0.29198034188034194, 0.16865413475413477, 0.23802745587745586], [0.24392638472638484, 0.3241052947052946, 0.20314585969585983, 0.22882246087246105], [0.26633874458874457, 0.286292207792208, 0.17542101232101245, 0.27194803529803524], [0.22763821733821732, 0.34008762348762367, 0.19381859251859254, 0.2384555666555667], [0.21144282939282932, 0.3022757853257853, 0.18807330447330442, 0.29820808080808076], [0.36083764013763997, 0.2184379176379177, 0.13765416283063345, 0.28307027939380885], [0.27702654045301117, 0.2993477946889712, 0.2010092461889676, 0.2226164186690503], [0.23528825618825627, 0.2976724220224219, 0.19497227772227774, 0.27206704406704413], [0.34536110556110544, 0.19121725300842948, 0.15163665419547778, 0.3117849872349875], [0.23753306693306706, 0.37880245310245314, 0.17509795759795777, 0.20856652236652246], [0.25916667776667796, 0.293449913974914, 0.15145627150627153, 0.2959271367521368], [0.20646374736374748, 0.3699291430791433, 0.167217476967477, 0.2563896325896326], [0.27907316017316014, 0.2235176268176269, 0.20078109668109678, 0.29662811632811636], [0.2272506493506495, 0.3608562049062049, 0.18490275280275284, 0.2269903929403931], [0.2630223136340784, 0.27873041958041966, 0.2080363466598762, 0.2502109201256261], [0.23861616161616162, 0.2908992784992786, 0.1889036352536353, 0.28158092463092466], [0.22451809856809882, 0.3233200743700744, 0.1703490620490621, 0.28181276501276514], [0.3403410533910533, 0.26066145521145534, 0.184339726939727, 0.21465776445776458], [0.18839119965002318, 0.3340962210991624, 0.2044641105626402, 0.2730484686881747], [0.29885602175602166, 0.23049834609834605, 0.19262854922854927, 0.2780170829170831], [0.2234734182484183, 0.3233017538017539, 0.1947536297036298, 0.2584711982461983], [0.19059801864801876, 0.24554483849483857, 0.2634973304473305, 0.3003598124098124], [0.2173225199636965, 0.32238962148962136, 0.187813749322573, 0.27247410922410925], [0.22807063655298965, 0.27300708539826185, 0.1450281999046705, 0.35389407814407814], [0.24188820101467173, 0.28237185951303606, 0.1885476817300348, 0.2871922577422578], [0.23635318766201124, 0.3049187515099281, 0.20764295900178256, 0.2510851018262783], [0.2878290764790765, 0.27775641025641035, 0.18881973026973026, 0.24559478299478318], [0.2418916082283729, 0.290802614052614, 0.19251545643898582, 0.27479032128002706], [0.23209244644244653, 0.25383503522621187, 0.2290013339601576, 0.2850711843711844], [0.3095264865853101, 0.25466935646053296, 0.17372955377955382, 0.2620746031746033], [0.24700284160284156, 0.30130194250194237, 0.1790989288489289, 0.2725962870462871], [0.2281755411255412, 0.2592647186147188, 0.2254152736152737, 0.2871444666444668], [0.24410485902985907, 0.24115150405150423, 0.20692646242646243, 0.3078171744921745], [0.22147835497835502, 0.3009902153402154, 0.21140382395382398, 0.2661276057276059], [0.2073323898323899, 0.2982884171384172, 0.1873084304584305, 0.3070707625707624], [0.2908090187590187, 0.226974956416133, 0.16782355618237974, 0.31439246864246867], [0.23752941992647877, 0.2772452082231494, 0.1737993534243536, 0.31142601842601836], [0.19781560661560668, 0.3726187756687758, 0.1535370596723539, 0.276028558043264], [0.2408323731823732, 0.30243064158064165, 0.2107696914196916, 0.24596729381729396], [0.23276921411921409, 0.27900373515373533, 0.18422600177600185, 0.3040010489510488], [0.2881451825951825, 0.27159247419247423, 0.16008135753135758, 0.2801809856809857], [0.2954390942390943, 0.28208638583638584, 0.17978909978909985, 0.24268542013542027], [0.2186553391053392, 0.31182648462648466, 0.2102150072150073, 0.259303169053169], [0.20758854478854488, 0.2888109446109447, 0.1895285686535686, 0.31407194194694193], [0.195110594960595, 0.2430351093351094, 0.3014516983016983, 0.2604025974025975], [0.3031588522588524, 0.27134213009213015, 0.16825789765789773, 0.25724111999112015], [0.3299808358308358, 0.2788422466422467, 0.1654060495060495, 0.22577086802086813], [0.2929486596736597, 0.25264431679431676, 0.19425240592740597, 0.2601546176046178], [0.23908085803085816, 0.38143925796425787, 0.19198731268731273, 0.18749257131757138], [0.24003827283827303, 0.24176877566877578, 0.21231577034077034, 0.3058771811521812], [0.23650521178168238, 0.36507731516849157, 0.1622211749035279, 0.2361962981462981], [0.2937444055944058, 0.21809847929847942, 0.1611307303807304, 0.3270263847263846], [0.16855168165168166, 0.29883147130647136, 0.19878297258297262, 0.3338338744588748], [0.2674588189588191, 0.2831168109668112, 0.1797376512376513, 0.2696867188367189], [0.2615529526029526, 0.250768931068931, 0.16720663780663778, 0.32047147852147856], [0.2722074758574759, 0.24561181041181043, 0.20538176823176832, 0.2767989454989455], [0.26889143079143085, 0.24251620601620613, 0.14607981462981462, 0.3425125485625486], [0.21289883800410112, 0.29540018037518034, 0.193768722943723, 0.2979322586769957], [0.14271550671550678, 0.3064503135753136, 0.25902792207792197, 0.2918062576312578], [0.22304145854145851, 0.31987612387612385, 0.21863158785658798, 0.23845082972582984], [0.24739534354534373, 0.27329561549561554, 0.19317431457431467, 0.2861347263847264], [0.2779139083139083, 0.2244690531690532, 0.22509274336774332, 0.27252429514929516], [0.22760214426096775, 0.2914589779501545, 0.20241272061272073, 0.2785261571761573], [0.27407923187923194, 0.2525225330225331, 0.24028090798090804, 0.23311732711732736], [0.21676137196137202, 0.3114440559440561, 0.22577754745254747, 0.2460170246420247], [0.29692946497946493, 0.2883109501609502, 0.13905652680652686, 0.27570305805305817], [0.22370264180264193, 0.35222929847929846, 0.1744556554556554, 0.2496124042624043], [0.24498733766233766, 0.3570527480689246, 0.1740064213564214, 0.22395349291231628], [0.24721285381285396, 0.29648559773559796, 0.18620199800199802, 0.2700995504495507], [0.20584336774336792, 0.2977915861915862, 0.21323317515817505, 0.28313187090687075], [0.24998190493716815, 0.2557270063270064, 0.19795291375291385, 0.2963381749829118], [0.19659754134754143, 0.3678066877566879, 0.1642087301587302, 0.27138704073704084], [0.2443444444444446, 0.27293915528915547, 0.20137582972582976, 0.2813405705405706], [0.24401190508837584, 0.29132451241568896, 0.19739699455171603, 0.26726658794421937], [0.22860657120657135, 0.23611051171051173, 0.1967933066933067, 0.3384896103896104]]}, "rewritten": {"ids": ["97106770", "97107260", "97107681", "97107920", "97112290", "97112300", "97118210", "98107380", "98108410", "98109230", "98110680", "98111620", "98112170", "98113881", "98116500", "98116940", "98121790", "99105921", "99108010", "99108580", "99109311", "99109370", "99111000", "100108990", "100109890", "100111390", "100115700", "100116790", "101108370", "101109370", "101111620", "101111990", "101112201", "101112540", "101114990", "101121640", "102107961", "102108621", "102109010", "102109840", "102110890", "102114270", "102116500", "103111620", "103112641", "103113210", "103113640", "103117200", "104109311", "104111711", "104111880", "104113170", "104113240", "104113380", "104117630", "105110091", "105112260", "105113210", "105113440", "105114220", "105115250", "105115680", "105117200", "105121190", "106113170", "106116820", "106117790", "106118820", "106120290", "106120640", "107113170", "107113360", "107113550", "107117630", "107120010", "107120880", "107121540", "107121700", "108113620", "108113700", "108116070", "108116481", "108116501", "108117451", "108118630", "108118810", "108119510", "108120260", "108120621", "108121160", "109113591", "109114651", "109114720", "109115070", "109117730", "109118161", "109119450", "110114920", "110117080", "110117200", "110117870", "110118111", "110118740", "110118810", "110118880", "110119891", "110120640", "111114941", "111115620", "111115770", "111116100", "111116170", "111116640", "111117571", "111118910", "111120531", "111121190", "111121220", "111121930", "112116451", "112116850", "112116900", "112116990", "112117660", "112119120", "112119930", "112120700", "112121010", "112121351", "112121360", "113117630", "113118490", "113118810", "113119300", "113119340", "113119360", "113120070", "113120531", "113120751", "113122150", "113122190", "113122320"], "labels": [3, 2, 3, 0, 1, 2, 2, 1, 1, 1, 2, 3, 3, 3, 2, 2, 2, 1, 2, 0, 1, 1, 2, 2, 3, 2, 1, 2, 1, 1, 3, 2, 0, 2, 3, 2, 3, 3, 1, 2, 0, 3, 1, 0, 3, 3, 1, 0, 3, 1, 3, 3, 2, 1, 0, 0, 3, 3, 0, 3, 2, 2, 3, 2, 0, 1, 1, 3, 2, 3, 0, 0, 0, 0, 1, 1, 2, 3, 3, 0, 1, 0, 0, 2, 1, 1, 1, 1, 1, 2, 3, 3, 0, 0, 3, 0, 3, 3, 1, 3, 3, 1, 3, 1, 0, 3, 0, 0, 1, 3, 3, 0, 0, 3, 0, 0, 1, 3, 1, 0, 0, 3, 0, 0, 1, 1, 2, 2, 0, 3, 0, 1, 3, 1, 0, 0, 2, 0, 1, 2, 1, 1], "predicted_labels": [1, 3, 3, 0, 1, 0, 3, 3, 1, 1, 1, 1, 3, 1, 1, 1, 0, 0, 1, 1, 1, 1, 1, 1, 0, 3, 0, 3, 0, 0, 0, 3, 1, 1, 1, 3, 1, 0, 1, 1, 3, 1, 1, 1, 3, 3, 0, 3, 3, 3, 3, 3, 1, 2, 3, 1, 3, 3, 3, 1, 1, 1, 3, 1, 3, 3, 1, 1, 1, 1, 3, 1, 1, 1, 3, 3, 1, 1, 1, 0, 0, 0, 1, 3, 1, 3, 3, 0, 3, 3, 1, 3, 1, 1, 3, 1, 3, 3, 3, 3, 1, 1, 3, 3, 3, 3, 1, 1, 3, 1, 1, 1, 3, 1, 3, 1, 3, 3, 0, 0, 0, 1, 0, 3, 3, 1, 1, 3, 1, 0, 1, 3, 3, 3, 1, 3, 1, 3, 1, 3, 3, 3], "confidence_scores": [[0.2502172161172161, 0.2962940559440558, 0.21641299256299265, 0.23707573537573562], [0.19423644688644692, 0.2677953435453437, 0.24327784715284714, 0.29469036241536245], [0.2280363136863137, 0.24419745254745268, 0.22162414807414824, 0.3061420856920858], [0.3394539849039847, 0.19882661782661787, 0.13345624375624376, 0.3282631535131535], [0.22421457431457428, 0.306543872793873, 0.1948601953601954, 0.2743813575313576], [0.3100252802752802, 0.2274044982794984, 0.18443016150516156, 0.27814005994005986], [0.2685936452436452, 0.23301659451659446, 0.22565011100011112, 0.27273964923964933], [0.2280184620934621, 0.22572078117960484, 0.2096549561549562, 0.3366058005719769], [0.2720003372444549, 0.27583683897801553, 0.18533541736041745, 0.26682740641711233], [0.2717456737706739, 0.3049528776778776, 0.21485677655677662, 0.20844467199467206], [0.2479546731046732, 0.30099971335853676, 0.21999188948306594, 0.23105372405372412], [0.2324485930735931, 0.2880468226218227, 0.2506167998668, 0.2288877844377845], [0.26790202370728716, 0.22365995948495965, 0.17477711732711745, 0.3336608994806364], [0.2662317682317683, 0.3117049284049283, 0.2162594128094128, 0.2058038905538906], [0.2828609224109224, 0.2906159451659453, 0.15917799422799433, 0.26734513819513817], [0.23340428656311024, 0.33095177404295045, 0.1905769341769342, 0.24506700521700545], [0.281942712842713, 0.2751036075036076, 0.19853949383949393, 0.2444141858141859], [0.3303167681991213, 0.27306612439847744, 0.14789354207883626, 0.24872356532356546], [0.28461595904095927, 0.3550262265512266, 0.14147886002886007, 0.21887895437895447], [0.2576068292818294, 0.3198124542124543, 0.20550929903429915, 0.2170714174714175], [0.2541976911976913, 0.2796521867021868, 0.2040030247530248, 0.26214709734709724], [0.23131014802191274, 0.28977274947274956, 0.1938132308867603, 0.28510387161857753], [0.21810772005772014, 0.31774473304473294, 0.20221445221445228, 0.2619330946830948], [0.24953199545552487, 0.30427950611480026, 0.18119980379098025, 0.26498869463869484], [0.3275794669382905, 0.23218188282305935, 0.14588956598956607, 0.29434908424908424], [0.2359209734709734, 0.26718333333333344, 0.19333429348429354, 0.3035613997113998], [0.27975663225663244, 0.2644951195862962, 0.20542474943357308, 0.25032349872349885], [0.2235007020757021, 0.26881325618825624, 0.21137508047508055, 0.29631096126096135], [0.3169822510822511, 0.2628902871638167, 0.17066555699202762, 0.24946190476190477], [0.28842572427572427, 0.28380363525363533, 0.17602214729714727, 0.2517484931734935], [0.29325754800754805, 0.24473782883782907, 0.19294569874569875, 0.2690589244089244], [0.2117227605727606, 0.2811769286269288, 0.18569521589521587, 0.32140509490509506], [0.25335084392731466, 0.32345879561614865, 0.1817533668945435, 0.24143699356199375], [0.2663191142191143, 0.2698569061657297, 0.2045585692085694, 0.2592654104065869], [0.19273964303670194, 0.3607242763772177, 0.16887685092685095, 0.2776592296592298], [0.23666906426906434, 0.2861585248085249, 0.16958742368742372, 0.3075849872349873], [0.25776353646353645, 0.3069923576423579, 0.1891272338772339, 0.2461168720168723], [0.3111379287379288, 0.23713108558108567, 0.16646537906537914, 0.28526560661560674], [0.19953669304551658, 0.35523933093050736, 0.19411608946608958, 0.2511078865578865], [0.2144940614940615, 0.36403963258963246, 0.1796107503607504, 0.24185555555555563], [0.21860914085914093, 0.28497940392940396, 0.17893325008325023, 0.317478205128205], [0.2526990592740593, 0.2850008158508158, 0.19138662448662452, 0.27091350038850043], [0.25778679653679665, 0.35470202020202035, 0.18595245310245312, 0.2015587301587303], [0.2362934232434234, 0.33127680097680084, 0.2176227494727494, 0.21480702630702642], [0.2509129370629372, 0.26698090243090244, 0.20659166768903614, 0.27551449281712426], [0.23379865134865138, 0.2742761552173318, 0.19079909175791537, 0.30112610167610193], [0.34417506937506936, 0.23922377263259625, 0.12700281744399397, 0.28959834054834044], [0.27389487734487733, 0.29566737151737155, 0.13062728937728948, 0.2998104617604619], [0.2749201076701077, 0.2706016594516595, 0.1536326340326341, 0.30084559884559864], [0.24099182941241773, 0.2533474386724388, 0.24386997691850645, 0.26179075499663745], [0.1931781385281386, 0.30158160173160165, 0.17722763347763346, 0.3280126262626263], [0.22584127816627833, 0.28173634421134414, 0.20318859473859485, 0.2892337828837828], [0.2408645214262862, 0.3192365301365302, 0.23016289788642738, 0.20973605055075645], [0.22373493173493178, 0.2596501554001555, 0.26265092130092144, 0.2539639915639917], [0.2565015540015541, 0.26465447885447885, 0.16678972693972696, 0.3120542402042401], [0.26840315517815516, 0.28634838217338215, 0.17192530802530803, 0.27332315462315476], [0.1843733155733156, 0.3008452935952937, 0.18326964701964715, 0.33151174381174364], [0.30793686868686876, 0.2298724442224442, 0.14036424686424692, 0.3218264402264403], [0.2299468975468977, 0.27092619047619054, 0.20464657287157287, 0.29448033910533933], [0.2770214488126253, 0.2809520868020869, 0.1877223573811811, 0.2543041070041072], [0.23167613293139613, 0.3237690198690197, 0.18825415972915985, 0.25630068747042445], [0.218656698856699, 0.3222934141022376, 0.19832937617937618, 0.26072051086168735], [0.2542921427385824, 0.2594197469197469, 0.17831275032157395, 0.30797536002009696], [0.1870426406926408, 0.3295928793428794, 0.2125695027195028, 0.2707949772449773], [0.250315614940615, 0.28255178710178724, 0.17007796092796107, 0.29705463702963714], [0.2119119241869243, 0.2805207514707517, 0.20649018759018775, 0.3010771367521368], [0.25210162060162067, 0.3203110389610391, 0.17380182595182603, 0.25378551448551456], [0.19606681015063385, 0.3145371239871239, 0.19526133588633598, 0.29413472997590645], [0.20677512487512484, 0.3096160561660563, 0.22066450493950499, 0.262944314019314], [0.20457130647130656, 0.39908614718614693, 0.13314184704184706, 0.26320069930069934], [0.2583251748251749, 0.24357284382284403, 0.17393731823731834, 0.3241646631146633], [0.2330254745254746, 0.2981636058386057, 0.17972198912198917, 0.2890889305139305], [0.2442892551892553, 0.2551539904539904, 0.25027666777666785, 0.25028008658008666], [0.23638759018759034, 0.29785919080919077, 0.18353342768342776, 0.28221979131979136], [0.2007647741147741, 0.26097922077922087, 0.22571613386613412, 0.31253987123987126], [0.2321932289932291, 0.28390280830280834, 0.19158206238206243, 0.2923219003219003], [0.2431730383995092, 0.2677218817130582, 0.2241585137085138, 0.26494656617891926], [0.20106298146298152, 0.3186082861582861, 0.1820162337662339, 0.2983124986124987], [0.17650385170385174, 0.3339483203071439, 0.20672287157287175, 0.2828249564161329], [0.32410644910644903, 0.2734620712620714, 0.17661127761127773, 0.22582020202020212], [0.30640316056492517, 0.2425908663232194, 0.17764118659118666, 0.27336478652066903], [0.3158000721500721, 0.24773075813075823, 0.16166003441003446, 0.2748091353091355], [0.23612205572205586, 0.3152506438006438, 0.17801815961815962, 0.2706091408591409], [0.2824134421134421, 0.2478811577311577, 0.15459946997447005, 0.3151059301809301], [0.17833731268731287, 0.3231956321456321, 0.18592663447663457, 0.3125404206904206], [0.2374049953314661, 0.24969052418170057, 0.15642572982572991, 0.35647875066110346], [0.26951178266178283, 0.2619509213009213, 0.17839706404706415, 0.2901402319902322], [0.2969206071706072, 0.2816402430902432, 0.16046057831057836, 0.2609785714285715], [0.2940234657499363, 0.24406256880374536, 0.16684470170352522, 0.29506926374279335], [0.24119938949938954, 0.27765200910200905, 0.18680699125435982, 0.2943416101442417], [0.2074772505272506, 0.38755426795426773, 0.16931894771894782, 0.2356495337995338], [0.2608746031746033, 0.25119945054945064, 0.18671565656565656, 0.3012102897102897], [0.1884130647130649, 0.2935463314463314, 0.22699436674436674, 0.291046237096237], [0.1996140200528746, 0.3318303712627243, 0.2388254782369335, 0.22973013044746798], [0.268270688788336, 0.24216699770817424, 0.21940813989931626, 0.27015417360417354], [0.269339443889444, 0.29527678987678996, 0.18720704850704847, 0.2481767177267178], [0.2160534132534134, 0.267565367965368, 0.21549647019647022, 0.30088474858474873], [0.21983803027038315, 0.28778916247151537, 0.17067454440983856, 0.32169826284826286], [0.2017746753246753, 0.2888228354978355, 0.2195098845598846, 0.28989260461760485], [0.22053715728715736, 0.2686607281607283, 0.20236686924186928, 0.30843524531024524], [0.23877523032523046, 0.28847319902319896, 0.1879778499278499, 0.28477372072372087], [0.25296084471084473, 0.29516167721167724, 0.16721407306144165, 0.28466340501603654], [0.2776812929760299, 0.23057954267954286, 0.19130195257958418, 0.3004372117648435], [0.2617409340659341, 0.25998618048618055, 0.20465149850149855, 0.27362138694638694], [0.27763310300810323, 0.24366399711399717, 0.1384433982683983, 0.3402595016095015], [0.23020972360972375, 0.289909607059607, 0.17686547896547897, 0.3030151903651904], [0.2153760461760463, 0.32073419913419904, 0.2063657287157288, 0.257524025974026], [0.25601529581529586, 0.2871261322011323, 0.18433775668775676, 0.27252081529581546], [0.2164971361971362, 0.2801642857142858, 0.16294403929403936, 0.3403945387945388], [0.22181769341769345, 0.3158426684426683, 0.1993994727494728, 0.26294016539016535], [0.2951874708624708, 0.29546714396714396, 0.1671907814407815, 0.24215460372960373], [0.22293593073593088, 0.3096473304473304, 0.1948221861471862, 0.2725945526695529], [0.2789596348096349, 0.24501343101343112, 0.1868100843600843, 0.28921684981685], [0.27608255910755924, 0.28609941724941723, 0.17442001332001342, 0.26339801032301047], [0.24056722999223012, 0.27450109335109346, 0.15626995226995222, 0.32866172438672436], [0.25391464091464105, 0.3220260239760239, 0.14602504162504168, 0.27803429348429354], [0.25876482961482977, 0.22882007992007997, 0.178499345099345, 0.3339157453657454], [0.24856815961815965, 0.2619048118548119, 0.14730568908215977, 0.3422213394448688], [0.3111638306138306, 0.2675274170274173, 0.14529778554778552, 0.2760109668109669], [0.29627152292152287, 0.2625795315795316, 0.1603893717393718, 0.2807595737595737], [0.2959813492063493, 0.2166000111000112, 0.2135958291708292, 0.27382281052281066], [0.2955207736707736, 0.30780006105006125, 0.15737830502830505, 0.23930086025086034], [0.3054816905316904, 0.21896745476745488, 0.17152514707514707, 0.3040257076257076], [0.2426000055500057, 0.2518058441558444, 0.2020263292263293, 0.30356782106782115], [0.21855700410700424, 0.27934401154401145, 0.20081918636918647, 0.30127979797979804], [0.20533755688755692, 0.314603785103785, 0.17818459595959607, 0.30187406204906214], [0.20168008658008663, 0.32640786990787013, 0.1743512848262849, 0.29756075868575876], [0.2504198239668829, 0.270572866675808, 0.14417227494727505, 0.33483503441003454], [0.24933032718915066, 0.28917788681906326, 0.18850326895326897, 0.2729885170385171], [0.3294935342435341, 0.24047205572205574, 0.17378942168942169, 0.25624498834498843], [0.20646059496059502, 0.34285418470418466, 0.198605488955489, 0.2520797313797314], [0.29821587301587316, 0.22625222555222557, 0.1625438672438673, 0.31298803418803417], [0.24892133422133422, 0.23928362193362204, 0.17678069153069156, 0.33501435231435234], [0.24084199134199144, 0.28341098623598626, 0.14141839826839825, 0.3343286241536243], [0.26286810640340064, 0.29721596344831647, 0.147690737040737, 0.292225193107546], [0.25645223942723955, 0.25196501276501293, 0.19767604340104342, 0.2939067044067044], [0.20105108225108237, 0.2980486097236097, 0.22646299256299274, 0.27443731546231537], [0.2722883893883894, 0.2561451215451216, 0.19226085303585314, 0.27930563603063624], [0.2355813714063716, 0.286503751803752, 0.20102929292929297, 0.27688558386058404], [0.2342142432730668, 0.24748243423243432, 0.2124327486239252, 0.305870573870574], [0.20589227994228004, 0.26582359307359305, 0.20665952380952388, 0.3216246031746033], [0.24790500055500075, 0.2851185703185704, 0.15669518814518824, 0.310281240981241]]}}