{"test": {"ids": ["102110500", "112116850", "106118820", "101108290", "105113440", "104114230", "105113190", "103112470", "113118630", "99109840", "103109021", "97106770", "108116481", "102109840", "97116800", "113122170", "99117630", "111120260", "109117431", "110119030", "98111231", "111115910", "109118161", "104112470", "111119580", "110121720", "111119300", "100109910", "106114880", "103111480", "110115250", "106115240", "103113640", "98110680", "104109311", "111117000", "107114490", "100111620", "113121220", "112120640", "97116790", "101117580", "100107920", "109115211", "100109360", "112116401", "110119300", "99109141", "106119260", "99109910", "108118810", "101108121", "111116010", "110113591", "110118450", "111118820", "110118930", "99109780", "110120540", "108120621", "110113931", "111121410", "110118810", "113122150", "107117010", "113120540", "109119340", "99108890", "108115970", "112116900", "109120150", "107117630", "102112030", "107119950", "99108460", "101109000", "105110091", "97109080", "106113260", "106118520", "100109890", "107112840", "106113830", "105116090", "108115070", "101111310", "112118820", "98108970", "113121010", "110120640", "113117550", "97112170", "113120531", "102109850", "108113760", "110121140", "112117471", "113117340", "108121190", "112119500", "106120640", "109121351", "104111380", "112116610", "98116500", "112120540", "105121190", "113119930", "105117200", "102110890", "111115770", "97116401", "97106000", "98111860", "101111620", "110118740", "101109370", "109117080", "107115250", "98116090", "100116790", "112117030", "113121980", "99107560", "110115980", "103120340", "105113210", "111121190", "113120591", "99119830", "112119320", "109113281", "112117210", "111120320", "106113190", "112118930", "107118120", "112118550", "111120540", "111114321", "105117351", "109117630"], "labels": [3, 0, 3, 0, 0, 2, 3, 1, 3, 2, 0, 3, 0, 2, 0, 1, 3, 3, 1, 0, 1, 2, 0, 1, 3, 3, 1, 2, 0, 0, 1, 1, 1, 2, 3, 0, 3, 3, 3, 0, 2, 3, 0, 0, 0, 0, 1, 3, 1, 2, 1, 0, 1, 0, 0, 0, 1, 2, 1, 1, 1, 0, 1, 2, 1, 3, 3, 0, 2, 3, 2, 0, 2, 3, 0, 1, 0, 2, 3, 2, 3, 1, 1, 1, 1, 3, 0, 3, 2, 0, 3, 0, 0, 1, 1, 3, 3, 2, 1, 2, 3, 0, 3, 1, 2, 3, 2, 1, 3, 0, 3, 3, 0, 0, 3, 3, 1, 1, 2, 0, 2, 2, 2, 1, 1, 1, 3, 1, 0, 1, 1, 0, 1, 1, 0, 1, 3, 3, 1, 1, 0, 0], "predicted_labels": [3, 3, 3, 3, 1, 2, 0, 1, 3, 2, 3, 2, 3, 1, 0, 1, 0, 0, 1, 1, 1, 1, 1, 3, 0, 3, 3, 2, 1, 3, 3, 0, 0, 2, 3, 3, 3, 2, 3, 2, 2, 3, 3, 3, 2, 0, 0, 1, 2, 2, 3, 1, 1, 0, 2, 0, 3, 1, 1, 0, 1, 0, 3, 3, 3, 0, 2, 1, 3, 1, 2, 0, 1, 3, 3, 3, 1, 3, 1, 1, 2, 2, 3, 3, 0, 1, 0, 1, 3, 2, 3, 3, 3, 2, 1, 2, 1, 1, 1, 1, 1, 3, 2, 0, 3, 3, 1, 0, 0, 2, 3, 1, 3, 2, 0, 0, 2, 1, 2, 1, 1, 3, 3, 1, 3, 3, 3, 0, 0, 1, 1, 3, 1, 3, 0, 0, 3, 3, 1, 1, 3, 1], "confidence_scores": [[0.2833254353662952, 0.046348271220765624, 0.09540577438400441, 0.5749205190289349], [0.053795876687905975, 0.06358034772841718, 0.01641939240457733, 0.8662043831790999], [0.1139036285782232, 0.1592099725700936, 0.006594864397654041, 0.7202915344540295], [0.313059759865014, 0.11351841566643121, 0.0765174372273866, 0.4969043872411683], [0.10531399651304175, 0.49974765713900055, 0.3087558066991015, 0.08618253964885617], [0.03753395587092411, 0.3713255454199717, 0.4581152038327057, 0.13302529487639841], [0.5110308847717481, 0.06055872411898426, 0.07348739415133154, 0.3549229969579363], [0.1941281511810261, 0.5656044862659422, 0.12664410472770735, 0.11362325782532426], [0.3450231437852017, 0.11078732580723134, 0.04087965611200595, 0.5033098742955607], [0.02593378697794934, 0.34261864876847553, 0.40652037079647424, 0.2249271934571009], [0.18365305437962998, 0.24218126825092653, 0.026690333140962634, 0.5474753442284809], [0.17596929869241945, 0.133968212303775, 0.6711983882571059, 0.018864100746699496], [0.2760370455797282, 0.07170817444384679, 0.0057310494441622515, 0.6465237305322628], [0.10174972410821426, 0.7146765842284464, 0.12694948953501117, 0.056624202128328076], [0.7292942994256946, 0.11898711580362936, 0.07580779721714508, 0.07591078755353077], [0.04931571165469248, 0.6016806394925642, 0.07575735219130145, 0.27324629666144173], [0.5734302232359323, 0.28043822103091814, 0.06329114121618475, 0.08284041451696501], [0.8268577326883549, 0.08532796830875587, 0.0045265730763028155, 0.08328772592658626], [0.1519523795535186, 0.5698675854449146, 0.02454068085699287, 0.2536393541445737], [0.2616756631206583, 0.3270764906256141, 0.1112589038653652, 0.2999889423883624], [0.4641261166732512, 0.3762151275655464, 0.0932918385925322, 0.06636691716867041], [0.07754458616428077, 0.5912329464477201, 0.09636945299169433, 0.23485301439630474], [0.42290583474700644, 0.4270688748539328, 0.016165731392956875, 0.13385955900610366], [0.025509431491350893, 0.1059069968858803, 0.4785574629853096, 0.39002610863745923], [0.9253699844414969, 0.01519151270100906, 0.03640600119142078, 0.02303250166607331], [0.07058658699229141, 0.26698769729348615, 0.34118587950217494, 0.3212398362120475], [0.07875435067563306, 0.2652578949276202, 0.025281473762120296, 0.6307062806346259], [0.08322930096338868, 0.07642834625397485, 0.8209853699344226, 0.019356982848214015], [0.2776917072965858, 0.41988244813183223, 0.2877756052285106, 0.014650239343071247], [0.22946639085397305, 0.16923758221230023, 0.04709588609271914, 0.5542001408410075], [0.15006071529837572, 0.23766784910526553, 0.07533031379910472, 0.5369411217972542], [0.8023602618936159, 0.05545958270473661, 0.03367851538422717, 0.10850164001742002], [0.8731979187837489, 0.04878733146713007, 0.02295081508663004, 0.055063934662490946], [0.11684136595073867, 0.2744292483409905, 0.595905576280271, 0.012823809427999638], [0.20138388727678397, 0.1482825009159649, 0.012177511972584437, 0.6381560998346667], [0.07972847502810301, 0.348794021120761, 0.037081974029400507, 0.5343955298217352], [0.07767218500126633, 0.3424477771363148, 0.11036873329897781, 0.4695113045634409], [0.07153352204559467, 0.248142383941242, 0.6377605440341857, 0.04256354997897766], [0.08941866727006437, 0.08698056954991656, 0.0813659310847839, 0.7422348320952354], [0.18926260799825045, 0.370862344948528, 0.40120650937179886, 0.03866853768142254], [0.09592635474947335, 0.22623470347426963, 0.6191065876186912, 0.05873235415756588], [0.15010238251838684, 0.37613862547964527, 0.020175531772257938, 0.4535834602297099], [0.09141665622323655, 0.07389901548996512, 0.009886927872152984, 0.8247974004146453], [0.02603127652540645, 0.09172006300031381, 0.005225662305809218, 0.8770229981684706], [0.05008913793702384, 0.12502708361082654, 0.5455034518692575, 0.279380326582892], [0.9357605610680809, 0.011305513131294515, 0.006458333240694298, 0.046475592559930536], [0.5313784491246458, 0.20957832686654143, 0.021660566312510513, 0.23738265769630218], [0.1504258475045764, 0.5775540426301764, 0.051032261035268096, 0.2209878488299796], [0.23400856525901684, 0.1868835424188003, 0.44643113378091953, 0.13267675854126335], [0.013914487341140406, 0.048115600227697335, 0.9250976350837176, 0.012872277347444862], [0.020266979330262613, 0.046790237829945076, 0.0016371313675060076, 0.9313056514722865], [0.18511271800880322, 0.44800880160242934, 0.08030235230029442, 0.28657612808847316], [0.05753469723525132, 0.7822657629115563, 0.0886961906063389, 0.07150334924685367], [0.5097415771468632, 0.16945502101989426, 0.009506711779384463, 0.3112966900538578], [0.043670775335972196, 0.4088528159017345, 0.4535942823131962, 0.09388212644909708], [0.8310348227926909, 0.020070170711810408, 0.020514461087318605, 0.12838054540817986], [0.08604403259714775, 0.15311411298009306, 0.008850708391300696, 0.7519911460314586], [0.12149572724969789, 0.5974750167264427, 0.22803926955705303, 0.05298998646680676], [0.10011633460596736, 0.6659108845341497, 0.15862384872022944, 0.07534893213965364], [0.43368883303673583, 0.3570189082696909, 0.025874081797843198, 0.18341817689573012], [0.1455984052045901, 0.6066654693970384, 0.015333426528345219, 0.2324026988700264], [0.5595442095931394, 0.19941178488797426, 0.01832080360937636, 0.22272320190950987], [0.15172268762082453, 0.09743173191501081, 0.05141487002044863, 0.699430710443716], [0.07867048035208815, 0.1920892791782796, 0.102136623401111, 0.6271036170685215], [0.0536582808270475, 0.13382156570079334, 0.3835482071625648, 0.4289719463095948], [0.9330713639455821, 0.011453266781604231, 0.005544410567495393, 0.04993095870531817], [0.31524491205658234, 0.13172676381179413, 0.3753924642739574, 0.17763585985766614], [0.0074756404974771025, 0.9109561437114714, 0.007302955508022178, 0.07426526028302947], [0.15865468988977185, 0.12512332342409965, 0.014085546756080125, 0.7021364399300484], [0.4715841814040848, 0.37439144717612705, 0.009025125031111957, 0.14499924638867642], [0.13973559726018447, 0.197119137735166, 0.5807129415342145, 0.08243232347043516], [0.5430274589671239, 0.12126345512172626, 0.14034561163183226, 0.19536347427931777], [0.06888134749855106, 0.7287589129855347, 0.08893760369972652, 0.11342213581618767], [0.28833625551525194, 0.20369289207025865, 0.11720392085311146, 0.39076693156137804], [0.04204998303206315, 0.14834320228141293, 0.005453553167750233, 0.8041532615187739], [0.008082155519119071, 0.09506805030611634, 0.5111141237619379, 0.3857356704128267], [0.11291056022415863, 0.5585402094852439, 0.09703274477053508, 0.2315164855200621], [0.050938478628652126, 0.42416553009268715, 0.077150732216656, 0.44774525906200496], [0.11897162593008752, 0.6461192151674023, 0.15813856019279687, 0.07677059870971328], [0.27775281205569136, 0.33240049268519534, 0.024159777844503454, 0.3656869174146102], [0.051596939231254066, 0.4842657202956169, 0.4467893466548279, 0.01734799381830116], [0.3276193281996193, 0.2105042252361913, 0.3858904455336366, 0.07598600103055313], [0.18995173910101304, 0.13450281819690632, 0.028553526003468447, 0.6469919166986123], [0.18547029732665332, 0.2654638416399829, 0.0544509540677273, 0.4946149069656363], [0.7682424207821602, 0.0775522954060733, 0.1156295590836689, 0.03857572472809773], [0.39507397434979835, 0.38421060837383336, 0.08265044326977336, 0.13806497400659487], [0.5326604733215367, 0.12069687525267007, 0.01391393496458237, 0.33272871646121055], [0.03360476650402893, 0.6622490177855583, 0.08482912092602975, 0.21931709478438266], [0.18709287855931336, 0.25309674872467197, 0.09247842340586111, 0.46733194931015365], [0.3466951493345719, 0.21814389018872027, 0.35870064627471643, 0.07646031420199122], [0.0893427141532797, 0.2594122923534451, 0.04617578336692745, 0.605069210126348], [0.35097609943065333, 0.19332671879242327, 0.08734924508744872, 0.36834793668947485], [0.2138968331458608, 0.2935742083350143, 0.026793715315342345, 0.46573524320378235], [0.04518652486194944, 0.20911069645557329, 0.7007921778702096, 0.04491060081226743], [0.3284360073044935, 0.4162812981458106, 0.13068350472001414, 0.12459918982968209], [0.31695153306638735, 0.0919448889012177, 0.3770082509961316, 0.2140953270362633], [0.1575935729546453, 0.6066441743482485, 0.007453433180324037, 0.22830881951678253], [0.1264150903931341, 0.5271754885702142, 0.196147747151085, 0.15026167388556633], [0.3212720516097661, 0.49225949185332646, 0.04109696646356254, 0.14537149007334496], [0.052297407204795955, 0.6562040541813423, 0.26159145105350584, 0.029907087560356017], [0.013902284030297713, 0.9023014224513267, 0.036327811705061455, 0.04746848181331416], [0.1002713819149447, 0.2884826196536323, 0.029587265259958136, 0.5816587331714651], [0.07072724908119912, 0.41439123881701834, 0.41278814253530777, 0.10209336956647533], [0.7430649461741862, 0.1894251495284017, 0.028515496414458004, 0.03899440788295409], [0.16307377508075319, 0.2561512901421768, 0.060589701112451363, 0.5201852336646186], [0.24487628206011547, 0.14167617744402233, 0.012832448548029058, 0.6006150919478329], [0.020421194410748272, 0.5813399952237853, 0.23175494087678147, 0.16648386948868513], [0.8114637610853256, 0.128821482882, 0.018998036887023503, 0.040716719145651066], [0.38607384535854583, 0.19723487701255726, 0.15815990496436524, 0.25853137266453186], [0.19798976807843965, 0.029450116830310485, 0.5070065873277666, 0.2655535277634835], [0.13123747109526168, 0.11474008996511323, 0.039200872434031926, 0.714821566505593], [0.02576064218533444, 0.6215962039044707, 0.10124573800851633, 0.2513974159016783], [0.005010676247381743, 0.19168794012476006, 0.20431257157050178, 0.5989888120573563], [0.02375041099670098, 0.41131971359225833, 0.5185329063678078, 0.04639696904323304], [0.7426339061180229, 0.07637363810656927, 0.07869690892051516, 0.10229554685489253], [0.6192441640672798, 0.021388606719951065, 0.02441331994283413, 0.33495390926993507], [0.03113500809577849, 0.3907877462827521, 0.54378434593313, 0.03429289968833932], [0.01416553540671966, 0.903324608586846, 0.00837222604409039, 0.0741376299623441], [0.058460699223595994, 0.06337700465674458, 0.8153216962552005, 0.0628405998644587], [0.11946293248634458, 0.6100333385547657, 0.11852444670885395, 0.15197928225003612], [0.14727488796008661, 0.5183031216701246, 0.14988577307716006, 0.1845362172926285], [0.11134196968447299, 0.1319390627025962, 0.028554245247510948, 0.7281647223654198], [0.02443796045192576, 0.3601409187015589, 0.013426015471784, 0.6019951053747316], [0.03534100905873327, 0.7424046038134318, 0.04853422984274204, 0.17372015728509266], [0.23361437888636144, 0.2843818329182029, 0.023741403337102264, 0.4582623848583337], [0.08381929529363805, 0.4191818964328461, 0.09737690823563142, 0.3996219000378846], [0.09167887707606792, 0.15451463321738954, 0.01061919595080681, 0.7431872937557356], [0.5734337080910101, 0.10051262583676, 0.12445250442548547, 0.20160116164674394], [0.4424331820939397, 0.08154900194183791, 0.01155102916788993, 0.4644667867963325], [0.018998539833561253, 0.5534780393783134, 0.09046460643403365, 0.33705881435409146], [0.0071100494044460776, 0.5787009525849511, 0.2318962871547523, 0.18229271085585066], [0.14023661722877862, 0.048251970305487654, 0.0014473152837467494, 0.8100640971819872], [0.262194842834656, 0.49392833900625244, 0.16882680741255784, 0.07505001074653364], [0.07921336547113293, 0.2123067550799649, 0.010757355557333339, 0.6977225238915687], [0.49908187079055744, 0.25718076835845893, 0.047590739956548875, 0.19614662089443477], [0.6232870424540096, 0.13270903697964573, 0.00850472440083725, 0.2354991961655073], [0.05221015542809401, 0.43853514386204895, 0.0833492386909425, 0.4259054620189143], [0.2631164555718912, 0.171838966224492, 0.008561755159009499, 0.5564828230446075], [0.05719548776908054, 0.5011979268222351, 0.2981815613592531, 0.1434250240494313], [0.05279434460140349, 0.8945962253902208, 0.026973153664113615, 0.02563627634426218], [0.3196644067971126, 0.1018916856991474, 0.019066467172832304, 0.5593774403309075], [0.3259957633365685, 0.5246884145693681, 0.1250706375008357, 0.02424518459322764]]}, "rewritten": {"ids": ["97106000", "97106770", "97109080", "97112170", "97116401", "97116790", "97116800", "98108970", "98110680", "98111231", "98111860", "98116090", "98116500", "99107560", "99108460", "99108890", "99109141", "99109780", "99109840", "99109910", "99117630", "99119830", "100107920", "100109360", "100109890", "100109910", "100111620", "100116790", "101108121", "101108290", "101109000", "101109370", "101111310", "101111620", "101117580", "102109840", "102109850", "102110500", "102110890", "102112030", "103109021", "103111480", "103112470", "103113640", "103120340", "104109311", "104111380", "104112470", "104114230", "105110091", "105113190", "105113210", "105113440", "105116090", "105117200", "105117351", "105121190", "106113190", "106113260", "106113830", "106114880", "106115240", "106118520", "106118820", "106119260", "106120640", "107112840", "107114490", "107115250", "107117010", "107117630", "107118120", "107119950", "108113760", "108115070", "108115970", "108116481", "108118810", "108120621", "108121190", "109113281", "109115211", "109117080", "109117431", "109117630", "109118161", "109119340", "109120150", "109121351", "110113591", "110113931", "110115250", "110115980", "110118450", "110118740", "110118810", "110118930", "110119030", "110119300", "110120540", "110120640", "110121140", "110121720", "111114321", "111115770", "111115910", "111116010", "111117000", "111118820", "111119300", "111119580", "111120260", "111120320", "111120540", "111121190", "111121410", "112116401", "112116610", "112116850", "112116900", "112117030", "112117210", "112117471", "112118550", "112118820", "112118930", "112119320", "112119500", "112120540", "112120640", "113117340", "113117550", "113118630", "113119930", "113120531", "113120540", "113120591", "113121010", "113121220", "113121980", "113122150", "113122170"], "labels": [0, 3, 2, 0, 3, 2, 0, 3, 2, 1, 0, 0, 2, 1, 0, 0, 3, 2, 2, 2, 3, 1, 0, 0, 3, 2, 3, 2, 0, 0, 1, 1, 3, 3, 3, 2, 1, 3, 0, 2, 0, 0, 1, 1, 1, 3, 3, 1, 2, 0, 3, 3, 0, 1, 3, 0, 2, 0, 3, 1, 0, 1, 2, 3, 1, 3, 1, 3, 2, 1, 0, 3, 3, 1, 1, 2, 0, 1, 1, 1, 0, 0, 1, 1, 0, 0, 3, 2, 0, 0, 1, 1, 1, 0, 3, 1, 1, 0, 1, 1, 0, 3, 3, 1, 3, 2, 1, 0, 0, 1, 3, 3, 1, 1, 1, 0, 0, 1, 0, 3, 2, 1, 3, 3, 0, 1, 1, 2, 3, 0, 2, 3, 3, 1, 0, 3, 0, 2, 3, 2, 2, 1], "predicted_labels": [3, 2, 1, 0, 1, 2, 0, 1, 2, 1, 2, 1, 1, 1, 3, 1, 1, 1, 2, 2, 0, 1, 3, 3, 2, 2, 2, 1, 3, 3, 2, 2, 1, 0, 1, 1, 2, 3, 0, 1, 3, 3, 1, 0, 3, 3, 2, 3, 2, 1, 0, 3, 1, 3, 0, 3, 2, 1, 1, 3, 0, 0, 1, 3, 2, 1, 2, 3, 2, 2, 0, 3, 3, 0, 0, 3, 3, 3, 0, 1, 3, 3, 1, 1, 1, 1, 0, 2, 3, 3, 1, 3, 3, 2, 0, 3, 3, 1, 3, 1, 2, 2, 3, 1, 3, 1, 1, 3, 0, 3, 0, 0, 3, 1, 0, 1, 0, 0, 3, 1, 3, 1, 1, 0, 3, 0, 1, 2, 3, 1, 1, 1, 0, 0, 3, 0, 3, 3, 3, 1, 3, 1], "confidence_scores": [[0.005213756776648142, 0.2097076490571734, 0.12640020014343656, 0.658678394022742], [0.34386233465635846, 0.13409674910637628, 0.5040011067686493, 0.018039809468616053], [0.0492555871345048, 0.43810608116159244, 0.23187990986341614, 0.2807584218404871], [0.46729291200342205, 0.16601540730542114, 0.09174978307983876, 0.27494189761131826], [0.07103708398092377, 0.5876499736703977, 0.07459346619499854, 0.2667194761536801], [0.13872733215242938, 0.27111818999383713, 0.5169743354775767, 0.07318014237615675], [0.7365746485140936, 0.15455455462576834, 0.06595490922835563, 0.042915887631782494], [0.0473563776558905, 0.7541706495931767, 0.032265273863346565, 0.16620769888758627], [0.08190542462782083, 0.4072961910383523, 0.4971645728567953, 0.013633811477031401], [0.36510469349050795, 0.44256629096580025, 0.11041078061185745, 0.08191823493183426], [0.02045446089893857, 0.42397110523584386, 0.5101093562498819, 0.04546507761533581], [0.20427305078325286, 0.4728540595086809, 0.06835807184601325, 0.2545148178620531], [0.21578509047267203, 0.38497416273830565, 0.06293729059280484, 0.33630345619621754], [0.06961832921056303, 0.738807827525602, 0.02779680919881777, 0.16377703406501726], [0.06604706643957929, 0.0919325664447443, 0.005349785692882358, 0.836670581422794], [0.0165603333557196, 0.8720268114139959, 0.008568134900754724, 0.10284472032953032], [0.21700394834577344, 0.6071334765190859, 0.03992651693883894, 0.13593605819630183], [0.04382379772166524, 0.707642844444476, 0.2112292501328705, 0.0373041077009883], [0.013363286007739403, 0.3037597573742419, 0.4105197933505623, 0.2723571632674566], [0.015106357680160882, 0.07010188521791016, 0.9058347948248829, 0.008956962277045885], [0.5679166970632936, 0.25815402568467294, 0.08209192451272357, 0.09183735273930932], [0.03761469553431218, 0.5288717782156993, 0.05518056293340171, 0.3783329633165867], [0.10243940913465754, 0.09994014095330642, 0.010174296118903775, 0.7874461537931321], [0.09272116408944915, 0.1643431134556911, 0.36001620950106195, 0.3829195129537975], [0.09028727890308581, 0.38198627483045644, 0.5028805778861151, 0.024845868380342605], [0.12274629358766234, 0.06028745921926378, 0.7921525595460036, 0.02481368764707019], [0.08875305818809281, 0.24856297623852583, 0.601392079822377, 0.06129188575100441], [0.30561081164814696, 0.4068793387516749, 0.12599339632517775, 0.16151645327500044], [0.18976434413459434, 0.3702491523107342, 0.047812497136633686, 0.39217400641803796], [0.33399909297478886, 0.14668354707966025, 0.07212843718655278, 0.44718892275899824], [0.016319847564365306, 0.06390877404705538, 0.6278200559682962, 0.29195132242028315], [0.037339179879963165, 0.33123601281630866, 0.5889160743875483, 0.04250873291617983], [0.2004624476954853, 0.6610277004564205, 0.08280342229713526, 0.055706429550959134], [0.7436538748745758, 0.07411297181666213, 0.05247509945792318, 0.12975805385083877], [0.21485154682345747, 0.4421699055170157, 0.01841646448359384, 0.32456208317593316], [0.14283168489308926, 0.6384108101627135, 0.08147344339406233, 0.1372840615501347], [0.03656848398922449, 0.4737286523183913, 0.4401054225408171, 0.04959744115156723], [0.16729112892339695, 0.036037152012319856, 0.06477027645209991, 0.7319014426121832], [0.6692600077127286, 0.011432308531456492, 0.08592755911771952, 0.23338012463809493], [0.05631354394715307, 0.805159171109065, 0.07555725493284965, 0.06297003001093258], [0.15554542451516992, 0.3326086033867315, 0.018079721013218746, 0.4937662510848801], [0.1882717932665384, 0.1490533420767549, 0.27343901591838543, 0.3892358487383216], [0.2759934322115942, 0.32102650434348873, 0.2342933568521704, 0.16868670659274665], [0.911922179258381, 0.03567160608586263, 0.007066022864031985, 0.045340191791724306], [0.14440507092040558, 0.4193032922421712, 0.10939982389174267, 0.32689181294568054], [0.23923305176692822, 0.12822134216865033, 0.011366848747045523, 0.621178757317376], [0.06675311616892252, 0.40538009093585886, 0.4392725347726579, 0.088594258122561], [0.03095848322176376, 0.14600221495065022, 0.3772700172703875, 0.4457692845571984], [0.04895511662580028, 0.18437070512517875, 0.652689242920088, 0.113984935328933], [0.09955509589899388, 0.5844122811620943, 0.13004618392842537, 0.1859864390104868], [0.49439801232098574, 0.09110283194215031, 0.06415932517131527, 0.3503398305655487], [0.12502467001840692, 0.3815891150833143, 0.01979508788365813, 0.47359112701462064], [0.15151578876650879, 0.5810557156510608, 0.17873202743543634, 0.0886964681469939], [0.2655293957418808, 0.2668778272584717, 0.043462243388980575, 0.424130533610667], [0.3455207699296331, 0.13086473332932683, 0.10922059455682133, 0.4143939021842186], [0.3706985131925753, 0.10028861563237243, 0.020544574509358503, 0.5084682966656939], [0.018052448877953955, 0.4413385667536645, 0.4067962467305598, 0.1338127376378218], [0.3251006195376173, 0.3030642276634582, 0.07315841121303827, 0.29867674158588636], [0.08868082532976107, 0.7293189903687486, 0.09142725060082083, 0.09057293370066956], [0.1429467409572419, 0.21460062071761454, 0.06246893387274076, 0.5799837044524028], [0.5114637244027094, 0.2924563317999568, 0.1741984403970848, 0.021881503400248938], [0.8005016266951238, 0.05200646763819467, 0.02272441276756301, 0.12476749289911859], [0.30991167536420594, 0.29465541709190574, 0.017528142452533202, 0.37790476509135523], [0.11434986412678169, 0.14448025116259378, 0.007199846306245297, 0.7339700384043796], [0.24193053086195546, 0.20357733721697738, 0.38745602940489576, 0.16703610251617113], [0.016909120334292156, 0.9295861354730278, 0.02208831752699102, 0.031416426665688925], [0.3310433811959977, 0.26889723083757455, 0.3253038321390983, 0.07475555582732951], [0.07623085844200925, 0.33316260842481876, 0.19458199348262498, 0.3960245396505472], [0.14110851714917452, 0.07844748406434494, 0.6658241619525487, 0.11461983683393195], [0.06025513679308128, 0.2420250462322309, 0.3974405115802211, 0.3002793053944667], [0.48811353078556, 0.1346881692770417, 0.1419541874026948, 0.23524411253470356], [0.043161974055350036, 0.2918123023656125, 0.09492419353762076, 0.5701015300414167], [0.3171571529588699, 0.21072862376730253, 0.09378308468188937, 0.378331138591938], [0.39200942438036224, 0.3257659102717535, 0.13434883818046237, 0.14787582716742229], [0.8757833077966525, 0.04531302795775329, 0.04288770905690734, 0.03601595518868675], [0.17816504811816372, 0.11261611566865598, 0.00928273346550294, 0.6999361027476773], [0.20885919785552678, 0.11752480759527745, 0.009198339419515648, 0.6644176551296803], [0.03345077892201222, 0.03983012243206775, 0.0020123018012163413, 0.9247067968447035], [0.5634144726693172, 0.27730874177234865, 0.015639248515771236, 0.14363753704256285], [0.38142596494934405, 0.3780431601596613, 0.06738884936123325, 0.17314202552976146], [0.15948247545875377, 0.058638528795854857, 0.0017529161978799685, 0.7801260795475116], [0.04902084885860705, 0.1362577681820213, 0.0036487724881818936, 0.81107261047119], [0.007512337210084931, 0.9271775829354005, 0.005311037648327884, 0.05999904220618684], [0.12724804869613401, 0.5179783627855565, 0.007474359102373567, 0.34729922941593566], [0.3762782754919054, 0.510392866396348, 0.09177092096271737, 0.02155793714902901], [0.35525724700041306, 0.52033049435123, 0.015101252180620554, 0.10931100646773644], [0.5047963750746824, 0.22957208805549356, 0.06882790322099526, 0.19680363364882886], [0.17599470557968658, 0.20434587329058418, 0.5676120467322048, 0.05204737439752435], [0.09141534679386919, 0.24063005718134797, 0.03505668978451899, 0.6328979062402638], [0.373204231388104, 0.21172934860317932, 0.012788112405231585, 0.4022783076034852], [0.12143764332047605, 0.6239366521176039, 0.0077366776964203155, 0.24688902686549993], [0.17464460928772746, 0.1796552694898142, 0.06996407200417354, 0.5757360492182846], [0.15497150378838892, 0.2482470772877758, 0.03406049732428042, 0.5627209215995548], [0.036382545618605426, 0.32662114502988354, 0.5107573655646218, 0.12623894378688952], [0.6620381788935235, 0.022815740072716157, 0.020779431553806956, 0.29436664947995356], [0.12517366382618275, 0.08561523127958243, 0.041929534704894314, 0.7472815701893407], [0.16230227070149778, 0.19193414904561798, 0.007339457607630146, 0.638424122645254], [0.34631620062867674, 0.2953052112302069, 0.1260951784913911, 0.23228340964972524], [0.2804026043606474, 0.31388316518408793, 0.02890820160699018, 0.3768060288482742], [0.11981796136068824, 0.5199391553516715, 0.2985298112949984, 0.061713071992642164], [0.16669111489016455, 0.3109100300325363, 0.45714495858817483, 0.06525389648912411], [0.22945017405005416, 0.07139270937824067, 0.6262579913459922, 0.07289912522571312], [0.1306580486477328, 0.33574328194912, 0.20003614978691198, 0.3335625196162355], [0.14947216118004242, 0.7975554868782221, 0.02002557127641988, 0.032946780665315305], [0.14793097962398016, 0.18552303445895701, 0.08681041578247028, 0.5797355701345924], [0.09044492402306899, 0.586874039233423, 0.1171408914496508, 0.2055401452938574], [0.11078353237420623, 0.734187718839381, 0.0894181221330475, 0.06561062665336549], [0.04206929913408084, 0.43420058778632875, 0.04315841560102459, 0.4805716974785656], [0.715861656322156, 0.023800628524779186, 0.030375847581547544, 0.22996186757151715], [0.05906374694082776, 0.3651665726722743, 0.07389095838208434, 0.5018787220048135], [0.9297634271350201, 0.019820790674189907, 0.028811255904478875, 0.021604526286311248], [0.8175200929806332, 0.1385252814641223, 0.004575344849361544, 0.039379280705882994], [0.08377061130264109, 0.1336178818839856, 0.01591063641156379, 0.7667008704018099], [0.12880730813548863, 0.5050211351605637, 0.17589343238976404, 0.19027812431418348], [0.5775699776509181, 0.07795066103815076, 0.07062084789047632, 0.2738585134204549], [0.1906988168151068, 0.49782353185242423, 0.0872026330614421, 0.22427501827102683], [0.9070192696079352, 0.011420177543843285, 0.008026934811578292, 0.07353361803664318], [0.668883390968547, 0.24227465109624324, 0.0470282703006506, 0.04181368763455894], [0.06553275349305575, 0.2092141622625473, 0.05846511239588303, 0.6667879718485141], [0.3918953251984037, 0.4367633962875711, 0.0110329748833795, 0.16030830363064555], [0.09431734869226595, 0.12410661752066504, 0.02863196318879719, 0.7529440705982717], [0.436550005249549, 0.39720788858625833, 0.10461478133849751, 0.06162732482569491], [0.15482101697088202, 0.5016877776887212, 0.0073423416958967634, 0.3361488636445002], [0.6798894411623635, 0.13119815013960992, 0.014681093799631442, 0.174231314898395], [0.35897538238632726, 0.18009113501663773, 0.015456302122678097, 0.4454771804743569], [0.7285263702028716, 0.06808813133829664, 0.012523996282095478, 0.19086150217673595], [0.007693241783455217, 0.7193157422862844, 0.11101884868647942, 0.161972167243781], [0.051838926839602964, 0.42196480805599257, 0.49952238865201887, 0.02667387645238557], [0.29247645361833297, 0.21348691731384198, 0.025497182010804184, 0.4685394470570205], [0.2087022647136356, 0.5202460744062024, 0.2049961877021972, 0.0660554731779646], [0.09793047400068441, 0.5226572709145181, 0.2365478682291468, 0.14286438685565087], [0.10525783207495673, 0.48877490351819614, 0.06569202202307456, 0.3402752423837722], [0.5592569411899969, 0.2004342106143988, 0.017505545249556085, 0.22280330294604794], [0.8049037401754972, 0.12397453703664861, 0.021441098163286324, 0.04968062462456787], [0.18523757471757246, 0.2851075184145309, 0.021868436026566455, 0.5077864708413302], [0.9256945394877804, 0.014440033073933087, 0.003484443565997822, 0.056380983872289084], [0.3697358140550462, 0.0683639654422389, 0.012296627184976847, 0.5496035933177381], [0.16056346184609077, 0.26087693166460957, 0.11869230961806268, 0.4598672968712371], [0.10210579485988197, 0.10495802459574609, 0.08292149686404143, 0.7100146836803303], [0.017108005304676585, 0.5110743067175257, 0.014220682178668896, 0.4575970057991287], [0.0674490637376749, 0.08676989432244991, 0.0541675678148366, 0.7916134741250384], [0.029345606290356197, 0.6809253995150992, 0.038575663749836585, 0.2511533304447077]]}}