{"test": {"ids": ["109121410", "102110050", "109116750", "97106591", "111115910", "104118070", "105120280", "108117360", "113121980", "100113370", "97106820", "104116441", "113118810", "102109840", "99117630", "111119150", "109113281", "97107821", "102116500", "98109090", "102110500", "111116411", "105120621", "104114740", "99111340", "100109311", "112118701", "102110750", "98117740", "108115070", "104113240", "102113981", "112119930", "99107300", "107113170", "100117420", "101110200", "110114561", "99107640", "110115140", "108115970", "104114240", "103109641", "106113360", "111120280", "110117140", "112120640", "112118421", "106118820", "105115720", "111119430", "98112170", "105115900", "111114121", "101108460", "103113270", "112116501", "110113931", "97107260", "101110740", "99108520", "112119580", "110119030", "104117200", "113119450", "107113130", "113117401", "104111780", "107114780", "105121370", "99109860", "108119550", "105112260", "104111711", "112117660", "101112540", "104117630", "100109801", "112118581", "103110050", "97112300", "110116170", "97105580", "98110680", "100110260", "103110760", "112121430", "111119250", "110121500", "111120260", "102118380", "113122190", "105113190", "99108000", "110120531", "101108121", "110116441", "98107010", "106114880", "108119330", "109118161", "100109910", "97111790", "112120290", "97113900", "107113360", "97105960", "109117080", "111120591", "101111310", "106119260", "101112690", "98106560", "97109570", "105121190", "103112470", "113120280", "110117870", "113120751", "102112250", "113117340", "100108260", "98108580", "103113170", "104109311", "110117110", "106116640", "105113210", "99111620", "99112641", "100120010", "113118620", "113121680", "109120621", "108114200", "110120700", "112121030", "113122650", "109113591", "109115220", "112120700", "101108370"], "labels": [0, 3, 0, 1, 2, 2, 3, 1, 2, 3, 1, 1, 3, 2, 3, 3, 0, 2, 1, 1, 3, 0, 1, 2, 1, 1, 0, 1, 2, 1, 2, 1, 1, 3, 0, 2, 2, 0, 1, 0, 2, 0, 1, 0, 0, 3, 0, 3, 3, 1, 3, 3, 3, 0, 0, 2, 3, 1, 2, 3, 2, 3, 0, 3, 3, 1, 3, 3, 2, 2, 2, 1, 3, 1, 0, 2, 0, 0, 1, 3, 2, 0, 1, 2, 3, 1, 2, 1, 3, 3, 1, 1, 3, 2, 0, 0, 3, 3, 0, 0, 0, 2, 2, 1, 2, 0, 2, 1, 1, 3, 1, 1, 1, 0, 2, 1, 0, 3, 1, 0, 2, 3, 0, 3, 3, 0, 3, 3, 3, 1, 0, 3, 1, 1, 0, 2, 0, 2, 3, 3, 2, 1], "predicted_labels": [1, 1, 1, 3, 3, 1, 0, 1, 3, 3, 3, 3, 3, 1, 0, 1, 3, 1, 1, 3, 3, 3, 3, 3, 1, 1, 3, 1, 3, 1, 1, 1, 3, 1, 1, 3, 1, 1, 3, 3, 3, 1, 3, 1, 3, 3, 3, 3, 3, 1, 1, 3, 1, 1, 1, 3, 3, 1, 3, 3, 1, 3, 3, 3, 0, 1, 1, 3, 1, 3, 1, 0, 3, 3, 3, 1, 3, 0, 1, 1, 3, 3, 0, 1, 0, 0, 0, 1, 0, 1, 1, 3, 0, 1, 3, 1, 0, 1, 1, 0, 0, 2, 3, 0, 1, 0, 0, 1, 3, 1, 3, 1, 3, 1, 1, 1, 0, 3, 3, 0, 1, 1, 1, 1, 3, 1, 3, 1, 3, 0, 1, 3, 3, 3, 1, 3, 0, 1, 1, 3, 1, 0], "confidence_scores": [[0.23106762681762677, 0.3139368686868687, 0.18946711621711618, 0.2655283882783883], [0.1953535353535354, 0.3154237151737152, 0.20485839160839167, 0.28436435786435765], [0.24262824675324668, 0.33685191197691206, 0.20272204184704176, 0.21779779942279948], [0.2671540265290267, 0.24940448440448437, 0.2088428238428238, 0.27459866522366516], [0.21785674048174045, 0.2813292402042404, 0.20992080142080144, 0.2908932178932179], [0.28222817460317456, 0.34120532245532237, 0.16032810245310242, 0.2162384004884005], [0.28405593711843724, 0.24294422244422248, 0.2063718781218781, 0.2666279623154624], [0.1942731782106783, 0.3301071428571429, 0.19988970057720057, 0.2757299783549784], [0.2000734126984127, 0.2694754461225049, 0.20387879848909266, 0.3265723426899897], [0.24009980297480302, 0.28622150072150077, 0.17940999278499276, 0.29426870351870354], [0.2543466810966812, 0.26317619880119886, 0.17566038128538125, 0.30681673881673893], [0.2589353424353424, 0.2549763708513708, 0.1436795704295704, 0.3424087162837164], [0.21441101953601957, 0.2707103174603175, 0.1883722437693026, 0.3265064192343604], [0.22049037074037062, 0.3077805944055944, 0.23717186979686977, 0.2345571650571651], [0.3378707958707959, 0.24717141192141193, 0.17848899711399713, 0.23646879509379512], [0.20091437728937728, 0.3241252497502498, 0.16703328779064075, 0.30792708516973233], [0.2744872211122211, 0.27477645965145964, 0.15013074425574427, 0.30060557498057494], [0.2792268842268842, 0.288907856032856, 0.20762820512820515, 0.22423705461205456], [0.23473729048729047, 0.3004244505494506, 0.22541364191364197, 0.2394246170496171], [0.23775683548477666, 0.22936471861471858, 0.20488950428656313, 0.32798894161394165], [0.24937770562770564, 0.23931864867159, 0.1872746052966641, 0.3240290404040406], [0.31053300865800865, 0.21714293345543353, 0.13116612554112553, 0.3411579323454324], [0.2602020202020202, 0.27415194527694536, 0.14376856476856473, 0.3218774697524698], [0.2422546758796759, 0.2986763514263514, 0.1525453019203019, 0.3065236707736709], [0.23958391608391622, 0.2926695526695528, 0.23820629370629354, 0.2295402375402376], [0.23711747974247976, 0.3019011544011544, 0.18040241702741708, 0.2805789488289488], [0.21538079975579977, 0.2768753607503607, 0.17446986346986343, 0.3332739760239762], [0.2203532717282717, 0.36394401431901435, 0.20767231379731385, 0.2080304001554002], [0.2443033910533911, 0.2520666486291487, 0.19926560245310243, 0.3043643578643579], [0.26862770562770566, 0.3257628066378067, 0.13665066877566873, 0.26895881895881896], [0.21509854034854034, 0.3307802287581699, 0.2320658557129145, 0.22205537518037524], [0.24741804029304026, 0.34548307942057943, 0.1487302142302142, 0.25836866605616604], [0.23021994671994675, 0.29809414196914197, 0.16920954045954048, 0.30247637085137086], [0.2642355283605284, 0.2948673687423688, 0.17276315351315347, 0.26813394938394947], [0.27128145465645476, 0.27227167277167286, 0.18439314851814845, 0.272053724053724], [0.2512318237318238, 0.2272031024531024, 0.2367309634809634, 0.2848341103341103], [0.2296277472527472, 0.3210633394383395, 0.15064639527139523, 0.29866251803751803], [0.2684826284826284, 0.31307226107226105, 0.17087917637917638, 0.24756593406593408], [0.23725036075036077, 0.24696103896103896, 0.21415530303030295, 0.30163329725829724], [0.2725812382062383, 0.26320356032856035, 0.14403554778554775, 0.3201796536796538], [0.23702698200492328, 0.24665599270011032, 0.1675671897546897, 0.3487498355402769], [0.23314796314796318, 0.3326744782994783, 0.1714895153865742, 0.26268804316598443], [0.2285393079143079, 0.22778187090687088, 0.1948147546897547, 0.3488640664890665], [0.27772936785436786, 0.29127898490398496, 0.21486327561327564, 0.2161283716283716], [0.282562950937951, 0.2861948051948053, 0.13165963203463205, 0.2995826118326118], [0.2045075063825064, 0.2875746753246753, 0.20531716894216895, 0.30260064935064934], [0.27238818126318126, 0.226892316017316, 0.2152587135087135, 0.2854607892107892], [0.2529834054834055, 0.2702487373737374, 0.15694354256854254, 0.31982431457431465], [0.21880201252995374, 0.31854391033802815, 0.12198723009017125, 0.3406668470418472], [0.2314404761904762, 0.37102380952380964, 0.15909523809523812, 0.23844047619047617], [0.16692976467976464, 0.3271683455433456, 0.18543253968253967, 0.3204693500943501], [0.2620363525363525, 0.2508111471861472, 0.19577731990231986, 0.2913751803751804], [0.23040373515373525, 0.3153487900987901, 0.18539846264846266, 0.26884901209901224], [0.2444507020757022, 0.2988101551226553, 0.17551502664002666, 0.2812241161616162], [0.27538201381951377, 0.2911353923853923, 0.22599686424686422, 0.20748572954822955], [0.2119005785880786, 0.23322128565878564, 0.23579480241980247, 0.3190833333333335], [0.2754736097236097, 0.25169141969141967, 0.1813154345654345, 0.291519536019536], [0.240344474969475, 0.32097503885003886, 0.16387547175047174, 0.27480501443001437], [0.17118272005772003, 0.2512839799089799, 0.20889484126984129, 0.3686384587634588], [0.18650702075702075, 0.2893394660894661, 0.20502016039516044, 0.3191333527583527], [0.1997827589077589, 0.3167035048285048, 0.21769408369408372, 0.26581965256965256], [0.19834451659451666, 0.29456132756132763, 0.20036922799422807, 0.30672492784992783], [0.24892745448995438, 0.27377693140193143, 0.18960658785658788, 0.28768902625152626], [0.2194874986124987, 0.2782833000333001, 0.1803878066378067, 0.3218413947163948], [0.33196565444359566, 0.2640189948939949, 0.13106799246505127, 0.2729473581973582], [0.21766487678987673, 0.29867893217893227, 0.20490240315240327, 0.2787537878787879], [0.26603861416361413, 0.3284883727383728, 0.16422541837247717, 0.24124759472553584], [0.27447240259740247, 0.25504112554112557, 0.13357142857142856, 0.33691504329004324], [0.23009330946830953, 0.3002723665223666, 0.2030358946608947, 0.2665984293484293], [0.20971035418829534, 0.2950165598290598, 0.19530993801949684, 0.2999631479631481], [0.22498859473859475, 0.3227474608724609, 0.20678750416250413, 0.24547644022644022], [0.3060324071353484, 0.2457326382767559, 0.17012552235346348, 0.2781094322344323], [0.200857683982684, 0.31499422799422805, 0.1499904401154401, 0.33415764790764796], [0.21551221001221005, 0.25704888167388174, 0.2374223137973137, 0.2900165945165945], [0.2652104978354978, 0.25344352869352876, 0.16263293650793645, 0.31871303696303693], [0.25722806360306355, 0.27838395632145635, 0.207397644022644, 0.2569903360528361], [0.27747660672660673, 0.17142027417027422, 0.1727103729603729, 0.37839274614274643], [0.3220740648240649, 0.2699286616161617, 0.1888997599622599, 0.21909751359751364], [0.1983939393939394, 0.3145812243312243, 0.21570899933399929, 0.2713158369408369], [0.22014728327228333, 0.31034047896547906, 0.18595296370296374, 0.2835592740592741], [0.2850018592518594, 0.2259581529581529, 0.19305878843378846, 0.2959811993561994], [0.22893323343323346, 0.23765096015096013, 0.22507778332778336, 0.3083380230880231], [0.31328205128205133, 0.2208193195693196, 0.22706385281385283, 0.23883477633477643], [0.2600568736818737, 0.31251653901653903, 0.19934686147186148, 0.22807972582972583], [0.28745337301587304, 0.22860290404040418, 0.20425187802393688, 0.2796918449197861], [0.2837564796314796, 0.25299769674769673, 0.18816075591075582, 0.27508506771006774], [0.2822969114219113, 0.2782449494949495, 0.17331401931401927, 0.26614411976911984], [0.2396521672771673, 0.3789183455433455, 0.17965323565323565, 0.2017762515262515], [0.2954868326118326, 0.22164718614718615, 0.19810533910533912, 0.28476064213564206], [0.28394576257076265, 0.3026520007770008, 0.1583814935064935, 0.255020743145743], [0.2353497197247198, 0.2760423326673327, 0.22225906038406038, 0.2663488872238872], [0.23038510101010115, 0.280984342046842, 0.18547474747474746, 0.3031558094683095], [0.2898870851370851, 0.2468621031746032, 0.17985984848484854, 0.28339096320346313], [0.17374494949494945, 0.30960335497835506, 0.24934235209235214, 0.2673093434343434], [0.2385664890664891, 0.29113429625929627, 0.1558551171051171, 0.3144440975690976], [0.2612429653679654, 0.30458719058719064, 0.17115595515595516, 0.2630138888888888], [0.3127595321345322, 0.290034756909757, 0.1897136474636474, 0.20749206349206348], [0.263065170940171, 0.28824824481074485, 0.18630903818403816, 0.26237754606504604], [0.2516925158175159, 0.29216427322677324, 0.1830463147963148, 0.2730968961593963], [0.3050038433788435, 0.2601004134754135, 0.17384271284271274, 0.2610530303030303], [0.31272978410478414, 0.24778496503496517, 0.1726536233374468, 0.26683162752280404], [0.2268201936951938, 0.25343416305916305, 0.2656858974358974, 0.2540597458097459], [0.28613410894660896, 0.23549603174603173, 0.18307451576201575, 0.29529534354534354], [0.2823155455655456, 0.2662046564546565, 0.22888286713286707, 0.22259693084693086], [0.2495221861471862, 0.30570981795981794, 0.23239516039516037, 0.21237283549783545], [0.36192972305472304, 0.20436784049284057, 0.20558628871128876, 0.22811614774114772], [0.3127213689088689, 0.21869612332112331, 0.21167567155067155, 0.25690683621933624], [0.15761477411477412, 0.3396450771450772, 0.18332570207570204, 0.3194144466644468], [0.2615412365412365, 0.2275637973137973, 0.18678679653679653, 0.3241081696081695], [0.2657666916416916, 0.3049233405483407, 0.13867071817071813, 0.2906392496392497], [0.2870830280830281, 0.22309172771672775, 0.20216272616272615, 0.287662518037518], [0.22907738095238098, 0.3086572316572317, 0.19630321067821066, 0.26596217671217676], [0.21779671717171717, 0.29811093073593076, 0.15752121489621485, 0.32657113719613734], [0.24478950216450213, 0.29418426712176715, 0.16834704184704175, 0.29267918886668887], [0.2190617438117438, 0.2958332431457431, 0.25428123959373966, 0.23082377344877356], [0.27339411976911976, 0.30147438672438676, 0.18241955266955265, 0.24271194083694092], [0.34261882561882573, 0.19503032384282387, 0.12604689754689752, 0.33630395299145305], [0.23143444055944054, 0.28765084915084915, 0.19293460705960697, 0.28798010323010326], [0.24514231601731595, 0.23888419913419923, 0.22291116522366522, 0.29306231962481966], [0.3169469627594627, 0.2004894688644688, 0.19863148656898652, 0.2839320818070818], [0.2149117965367966, 0.32520202020202016, 0.18260461760461758, 0.2772815656565657], [0.2416583971583972, 0.28286598124098117, 0.21866434953934952, 0.25681127206127213], [0.25574249361749357, 0.27325396825396825, 0.20916516816516825, 0.26183836996337], [0.20535281385281393, 0.34370779220779224, 0.2329879148629149, 0.21795147907647902], [0.2950470224220225, 0.2718755411255411, 0.13245274170274166, 0.3006246947496948], [0.2633467365967366, 0.3133751803751804, 0.19985384060384048, 0.22342424242424241], [0.2564290293040293, 0.18203629703629698, 0.1703228021978022, 0.3912118714618716], [0.2724662212787213, 0.29118251887001895, 0.15315258352758349, 0.28319867632367635], [0.21670159007659012, 0.2392811306340718, 0.22111425176131064, 0.32290302752802746], [0.31969024031524035, 0.24696578421578422, 0.20089357864357854, 0.23245039682539687], [0.2563232323232323, 0.32545400432900434, 0.18975901875901877, 0.22846374458874463], [0.28169760101010105, 0.29099933399933403, 0.12109935203685201, 0.30620371295371296], [0.23128589466089466, 0.2792260656010656, 0.15794148906648905, 0.3315465506715507], [0.26967406204906214, 0.2406363497613498, 0.16124007936507934, 0.32844950882450874], [0.25396690115440124, 0.326038752913753, 0.16969880119880115, 0.2502955447330448], [0.21630848318348328, 0.25360578310578313, 0.2275043845043845, 0.30258134920634927], [0.3553878066378067, 0.207100795038295, 0.14662325174825172, 0.2908881465756465], [0.1467812950937951, 0.33682831751581765, 0.1849069819069819, 0.33148340548340555], [0.24846828171828175, 0.31397312409812406, 0.19870767427017427, 0.23885091991341992], [0.23083612914862914, 0.24999038461538461, 0.1440757228882229, 0.37509776334776324], [0.22935411810411815, 0.3466231823731823, 0.17055218392718394, 0.25347051559551553], [0.29353668553668555, 0.2563359834609836, 0.18527981740481742, 0.2648475135975137]]}, "rewritten": {"ids": ["97105580", "97105960", "97106591", "97106820", "97107260", "97107821", "97109570", "97111790", "97112300", "97113900", "98106560", "98107010", "98108580", "98109090", "98110680", "98112170", "98117740", "99107300", "99107640", "99108000", "99108520", "99109860", "99111340", "99111620", "99112641", "99117630", "100108260", "100109311", "100109801", "100109910", "100110260", "100113370", "100117420", "100120010", "101108121", "101108370", "101108460", "101110200", "101110740", "101111310", "101112540", "101112690", "102109840", "102110050", "102110500", "102110750", "102112250", "102113981", "102116500", "102118380", "103109641", "103110050", "103110760", "103112470", "103113170", "103113270", "104109311", "104111711", "104111780", "104113240", "104114240", "104114740", "104116441", "104117200", "104117630", "104118070", "105112260", "105113190", "105113210", "105115720", "105115900", "105120280", "105120621", "105121190", "105121370", "106113360", "106114880", "106116640", "106118820", "106119260", "107113130", "107113170", "107113360", "107114780", "108114200", "108115070", "108115970", "108117360", "108119330", "108119550", "109113281", "109113591", "109115220", "109116750", "109117080", "109118161", "109120621", "109121410", "110113931", "110114561", "110115140", "110116170", "110116441", "110117110", "110117140", "110117870", "110119030", "110120531", "110120700", "110121500", "111114121", "111115910", "111116411", "111119150", "111119250", "111119430", "111120260", "111120280", "111120591", "112116501", "112117660", "112118421", "112118581", "112118701", "112119580", "112119930", "112120290", "112120640", "112120700", "112121030", "112121430", "113117340", "113117401", "113118620", "113118810", "113119450", "113120280", "113120751", "113121680", "113121980", "113122190", "113122650"], "labels": [1, 2, 1, 1, 2, 2, 0, 2, 2, 2, 1, 3, 0, 1, 2, 3, 2, 3, 1, 2, 2, 2, 1, 3, 1, 3, 3, 1, 0, 2, 3, 3, 2, 0, 0, 1, 0, 2, 3, 3, 2, 1, 2, 3, 3, 1, 0, 1, 1, 1, 1, 3, 1, 1, 3, 2, 3, 1, 3, 2, 0, 2, 1, 3, 0, 2, 3, 3, 3, 1, 3, 3, 1, 2, 2, 0, 0, 3, 3, 1, 1, 0, 0, 2, 0, 1, 2, 1, 0, 1, 0, 3, 3, 0, 1, 0, 1, 0, 1, 0, 0, 0, 3, 0, 3, 3, 0, 0, 2, 3, 0, 2, 0, 3, 1, 3, 3, 0, 1, 3, 0, 3, 1, 0, 3, 1, 1, 0, 2, 0, 2, 2, 3, 3, 3, 3, 0, 1, 1, 2, 1, 2], "predicted_labels": [0, 0, 0, 1, 3, 1, 0, 3, 0, 0, 1, 0, 3, 1, 0, 3, 3, 0, 0, 3, 0, 1, 3, 1, 0, 0, 0, 1, 0, 3, 0, 3, 1, 1, 3, 0, 1, 1, 3, 1, 1, 1, 1, 1, 0, 1, 3, 1, 1, 1, 3, 1, 0, 3, 1, 3, 3, 0, 3, 1, 1, 0, 3, 1, 3, 1, 3, 0, 0, 1, 0, 0, 1, 1, 3, 3, 0, 3, 1, 0, 3, 1, 3, 1, 0, 1, 3, 3, 3, 3, 0, 3, 3, 3, 3, 0, 3, 1, 3, 0, 0, 1, 1, 1, 3, 3, 0, 0, 1, 0, 3, 3, 3, 1, 1, 3, 1, 1, 3, 0, 1, 3, 3, 3, 3, 3, 0, 1, 3, 0, 1, 1, 0, 1, 3, 0, 3, 1, 1, 1, 1, 3], "confidence_scores": [[0.292563417791359, 0.2817501526251527, 0.16174541226747113, 0.2639410173160174], [0.29341085303585307, 0.23673988511488508, 0.19947112609612605, 0.27037813575313585], [0.3250749250749253, 0.23633096070596069, 0.21141802641802643, 0.22717608780108797], [0.25085164141414146, 0.2922724012099012, 0.1739877344877345, 0.2828882228882229], [0.2748998362748363, 0.21991425241425241, 0.22881929181929184, 0.27636661949161956], [0.27355778943278947, 0.31896621434121436, 0.15730014430014433, 0.25017585192585196], [0.2785761044511044, 0.2569483363858364, 0.19337905150405152, 0.2710965076590077], [0.3078488594738595, 0.1989729090354091, 0.180094807969808, 0.3130834235209235], [0.3060243645243646, 0.22769627594627598, 0.18339987789987786, 0.2828794816294817], [0.29439053511847635, 0.24735405566655566, 0.22000473546061783, 0.23825067375435027], [0.2700954184704185, 0.278304070929071, 0.1783390914640914, 0.27326141913641927], [0.2907827172827173, 0.2607642288267289, 0.16945061882561885, 0.2790024350649351], [0.253826048951049, 0.2711736874236874, 0.1854896076146076, 0.2895106560106561], [0.25598989898989893, 0.29730712343212345, 0.19292153679653684, 0.2537814407814408], [0.29793520368520365, 0.25478776778776774, 0.2205456904206905, 0.22673133810633814], [0.3105691045066046, 0.22560119047619043, 0.13877128427128427, 0.32505842074592073], [0.24804563492063497, 0.24150405844155837, 0.239867334054834, 0.27058297258297265], [0.29576799589299585, 0.25857973276723284, 0.1592202935952936, 0.28643197774447776], [0.2734072871572872, 0.24273484848484844, 0.22745075757575758, 0.2564071067821068], [0.24003373015873017, 0.26976984126984127, 0.18354881229881229, 0.30664761627261616], [0.27571230158730164, 0.26309715284715285, 0.23744341769341784, 0.22374712787212783], [0.22883658008658006, 0.3038501082251082, 0.23093037518037515, 0.23638293650793657], [0.24474376318126326, 0.23971595071595067, 0.23702952602952596, 0.27851076007326014], [0.2282002164502165, 0.27666707802001933, 0.22650067089772968, 0.2686320346320346], [0.3417299228549229, 0.24481390831390837, 0.16275284356166705, 0.25070332526950173], [0.33343122155622157, 0.27165660034410033, 0.20454166666666662, 0.19037051143301145], [0.2965088938838939, 0.2720521423021423, 0.17540979853479854, 0.25602916527916536], [0.23471583481877606, 0.2771827200577201, 0.21122301799507692, 0.27687842712842714], [0.3165402236652236, 0.2578327505827506, 0.18478576978576966, 0.240841255966256], [0.254274531024531, 0.2416321803196803, 0.23175384337884342, 0.2723394452769452], [0.3014247835497835, 0.27702795815295816, 0.1633884856973092, 0.25815877259994907], [0.24037139249639253, 0.240781746031746, 0.23251316738816732, 0.28633369408369425], [0.24321445221445237, 0.2881109862359862, 0.256930513930514, 0.2117440476190476], [0.24315456275750397, 0.3531603563919742, 0.17002157074951185, 0.23366351010101002], [0.25316666666666665, 0.2915206390831392, 0.1592379148629148, 0.2960747793872795], [0.29897616272616284, 0.27508982683982686, 0.1720964452214452, 0.2538375652125652], [0.28071352258852256, 0.31449152726358615, 0.2039513354292766, 0.20084361471861473], [0.25327579365079367, 0.29150872738372735, 0.16801064213564212, 0.2872048368298368], [0.2037546154825567, 0.27647637085137083, 0.24222085349291236, 0.2775481601731601], [0.2875532245532245, 0.2958099955599956, 0.19260467310467308, 0.22403210678210683], [0.26816289266289267, 0.27220616883116894, 0.19826926015161317, 0.26136167835432544], [0.24331192418692427, 0.3132162698412699, 0.20445997058497065, 0.23901183538683543], [0.27114502164502174, 0.2723211926961927, 0.2112231795981796, 0.2453106060606061], [0.2317664141414141, 0.279631438006438, 0.2539294733044733, 0.2346726745476745], [0.30636437173937175, 0.2700391414141415, 0.12879202741702744, 0.2948044594294595], [0.23252020202020193, 0.34560281385281383, 0.21706186868686866, 0.20481511544011546], [0.30746325406619524, 0.17396179514929513, 0.17484834405790287, 0.34372660672660676], [0.2537899877899878, 0.31899496541040656, 0.16819085571291453, 0.25902419108669117], [0.2756221694971694, 0.279706820956821, 0.18545274170274173, 0.25921826784326785], [0.27714141414141413, 0.29575607725607733, 0.18110070485070487, 0.2460018037518038], [0.24856859806859816, 0.2401052003552005, 0.19366763791763797, 0.3176585636585637], [0.25832364857364865, 0.2861029387279387, 0.2204842171717171, 0.2350891955266956], [0.2926931124431124, 0.27319196081696084, 0.17259522422022422, 0.2615197025197025], [0.24266901154401158, 0.27846807359307363, 0.1985692640692641, 0.28029365079365076], [0.22202651515151522, 0.368335497835498, 0.16365728715728714, 0.2459806998556999], [0.2399736305361306, 0.23906949300699304, 0.1931095987345988, 0.32784727772227773], [0.2838350815850816, 0.271883005883006, 0.14172835497835493, 0.3025535575535576], [0.29439893439893433, 0.2203173354423355, 0.22831277056277055, 0.2569709595959596], [0.25806951381951376, 0.244935064935065, 0.14286983767866124, 0.3541255835667601], [0.19756986069486068, 0.33761098623598634, 0.23092728105228105, 0.23389187201687206], [0.24083728771228777, 0.2991299048174047, 0.2046901154401154, 0.25534269203019205], [0.31916054778554787, 0.24351665001665004, 0.17500949050949047, 0.26231331168831185], [0.2945731441760853, 0.26095655325067096, 0.14114576599870712, 0.3033245365745368], [0.22301171051171054, 0.3089206349206349, 0.19516573704073706, 0.27290191752691756], [0.2832165057165057, 0.2313017676767677, 0.184596694971695, 0.3008850316350317], [0.23296030358530356, 0.34338876401376406, 0.1520881202131202, 0.27156281218781225], [0.2689128787878788, 0.2547533022533022, 0.18129424741924738, 0.2950395715395715], [0.30563768176268186, 0.2851508283383284, 0.14310311910311904, 0.2661083707958708], [0.3254168470418471, 0.257230463980464, 0.15228012265512267, 0.26507256632256637], [0.252430611055611, 0.3099904401154402, 0.1857524697524697, 0.25182647907647915], [0.2736536657786659, 0.25201547064047064, 0.21728597791097795, 0.25704488566988576], [0.2710225122100122, 0.25649512987012985, 0.2464501609501608, 0.22603219696969698], [0.27463120213120223, 0.28850356587856596, 0.16173442325648207, 0.27513080873375], [0.21777507215007216, 0.3181988636363636, 0.222125, 0.2419010642135642], [0.2253038073038074, 0.2354532828282828, 0.2399405455655456, 0.29930236430236445], [0.25817132867132864, 0.24035950160950162, 0.22257654845154856, 0.2788926212676212], [0.29610959383753493, 0.26558772069433834, 0.18247238382532502, 0.25583030164280174], [0.27469665057165055, 0.255503108003108, 0.18985568598068597, 0.27994455544455543], [0.25418359622403747, 0.3069199925891103, 0.13955956053750168, 0.2993368506493508], [0.3263035714285714, 0.2506192834942835, 0.18299579587079595, 0.2400813492063493], [0.2495067987567987, 0.27426033688533685, 0.19782160894660902, 0.27841125541125544], [0.29214659360247613, 0.31631364060775824, 0.13530457042957042, 0.25623519536019546], [0.2941319652569652, 0.22022616272616274, 0.18929678654678658, 0.2963450854700854], [0.2604468954248367, 0.3052708916900094, 0.18585147695441812, 0.24843073593073584], [0.30631277056277056, 0.29120003607503603, 0.1570826118326118, 0.24540458152958153], [0.23648629148629144, 0.30539893439893445, 0.1652061688311688, 0.29290860528360524], [0.290749474789916, 0.28492705497117266, 0.1288687790967202, 0.29545469114219114], [0.21149796037296034, 0.2814844530469531, 0.19724585137085138, 0.30977173520923523], [0.26990386002886013, 0.2570018731268732, 0.1956991896991897, 0.2773950771450771], [0.28955541190835304, 0.24892196284108054, 0.16978459938754054, 0.29173802586302583], [0.2959024676304087, 0.2251736000927178, 0.19735244820538939, 0.28157148407148413], [0.25345168720168726, 0.2914603174603175, 0.1592671078921079, 0.29582088744588736], [0.20754266566766574, 0.25620126401376403, 0.2027965784215784, 0.3334594918969919], [0.25048357198357196, 0.2564017926517926, 0.22324764124764127, 0.2698669941169941], [0.1952972444222444, 0.31017893911643907, 0.17062395937395933, 0.32389985708735713], [0.33662208624708634, 0.24375270562770562, 0.16738190894073246, 0.2522432991844757], [0.25389942002442, 0.2534970376845377, 0.205571595071595, 0.2870319472194473], [0.27019819069819073, 0.2955980547230547, 0.16452687590187587, 0.26967687867687856], [0.2997528790653791, 0.24608972277722277, 0.128000111000111, 0.3261572871572872], [0.30263650238650236, 0.22118962981462986, 0.20993217893217897, 0.2662416888666889], [0.3325287906537906, 0.21181602425352428, 0.17755691530691525, 0.27809826978576974], [0.2332380952380953, 0.29045670995670997, 0.2118295454545455, 0.2644756493506494], [0.24920528287072408, 0.3073596126096126, 0.17631645233851112, 0.2671186521811523], [0.28299837662337657, 0.2931452020202021, 0.21585019841269845, 0.20800622294372292], [0.2609094239094239, 0.22609054834054837, 0.2181205322455322, 0.29487949550449555], [0.25309218559218566, 0.29467489454989454, 0.15463598901098893, 0.2975969308469308], [0.31161527361527375, 0.25582395382395384, 0.15941669441669437, 0.2731440781440781], [0.30516984404484415, 0.24942072510822513, 0.17820550283050277, 0.267203928016428], [0.2027927627927629, 0.3216474775224777, 0.20367556055056057, 0.2718841991341991], [0.32875396825396824, 0.2713600982350983, 0.14167471417471414, 0.25821121933621927], [0.279741341991342, 0.2631615259740261, 0.16778378565878568, 0.28931334637584644], [0.25575919913419914, 0.2672659632034632, 0.19942135642135636, 0.2775534812409812], [0.31971699134199133, 0.21393064574314574, 0.1352925685425685, 0.33105979437229427], [0.26765866078366085, 0.3443030303030303, 0.1513359434682964, 0.23670236544501264], [0.25851166888666893, 0.2885864690864692, 0.1828882783882783, 0.27001358363858363], [0.2415756327006327, 0.2665108918858919, 0.16541246253746253, 0.32650101287601285], [0.28422004384504385, 0.3155153318903319, 0.18605781718281722, 0.214206807081807], [0.26483820346320347, 0.30958952158952163, 0.12671903096903095, 0.298853243978244], [0.2848430042180042, 0.21818212343212348, 0.17573340548340546, 0.3212414668664668], [0.2933511904761905, 0.2790042963572377, 0.19694790421996303, 0.23069660894660898], [0.27248846986347003, 0.2898585858585859, 0.18243439893439894, 0.25521854534354543], [0.24404864579864577, 0.2765265151515152, 0.13834758297258293, 0.34107725607725614], [0.24730863580863588, 0.25446325896325894, 0.2250189948939949, 0.2732091103341104], [0.24182235819735814, 0.2616242368742369, 0.1887674874145463, 0.3077859175138588], [0.2194381313131313, 0.24777683427683436, 0.17916822066822063, 0.35361681374181375], [0.2233593579622991, 0.2956191031191032, 0.17113210890416766, 0.30988943001443015], [0.2835629509379509, 0.24897052947052947, 0.2377050441388677, 0.22976147545265196], [0.2251028277278277, 0.27363507326007314, 0.23338335275835276, 0.26787874625374636], [0.24801132894882896, 0.24743567543567546, 0.22306437108642993, 0.2814886245290656], [0.308981240981241, 0.22092202242202247, 0.1883871406371406, 0.281709595959596], [0.26033878621378626, 0.28330264180264186, 0.1901066017316018, 0.2662519702519702], [0.25180669330669336, 0.3102256077256077, 0.15273416860916864, 0.28523353035853044], [0.2824482829262241, 0.2740929030120207, 0.18810250860250854, 0.2553563054592467], [0.2919887612387613, 0.3122895715395716, 0.11410653235653234, 0.28161513486513484], [0.22961188811188812, 0.2573108141858142, 0.1480717754467754, 0.3650055222555222], [0.3769838772338773, 0.2770279165279166, 0.1334704462204462, 0.21251776001776], [0.26200222000221995, 0.25007880314130315, 0.1765339660339661, 0.31138501082251085], [0.2506155441780441, 0.3594571955821956, 0.19253837135087137, 0.19738888888888886], [0.23571585359085356, 0.33448982471776595, 0.20608797248503133, 0.22370634920634916], [0.2232147435897436, 0.2883665966386555, 0.20379350714644828, 0.28462515262515253], [0.256518772893773, 0.2816503635253636, 0.19379524642024643, 0.26803561716061725], [0.25008066933066936, 0.24320777139527142, 0.1833365523365523, 0.32337500693750704]]}}