{"test": {"ids": ["105115680", "113122510", "105116980", "107121540", "111116100", "113121410", "97112830", "108114200", "108113700", "106119990", "111115780", "108114270", "103120290", "108118810", "103111540", "109117630", "109118820", "102121440", "97113260", "109118231", "99111000", "109119591", "99113260", "111120280", "108113760", "111116040", "100111390", "112117210", "104114230", "105117431", "97111790", "113118820", "103118291", "103111620", "111116010", "102110050", "113121010", "105120280", "112120670", "101108080", "109118161", "106118520", "97112300", "104117200", "107114110", "112116451", "110118121", "104114740", "101112540", "107116980", "98111860", "112121410", "113120540", "106118161", "98110710", "98120010", "102109910", "106112770", "111119340", "99108000", "109117600", "101108290", "109116750", "112118880", "107118820", "113122230", "105110251", "106113190", "109114720", "100108990", "99112641", "113121750", "107119390", "113122170", "100109801", "100120780", "109114030", "108115500", "98113881", "108114180", "101112690", "112119930", "100112060", "104111830", "108119510", "103110760", "112116610", "98121790", "105112260", "110121170", "98109090", "100115700", "109113881", "104119290", "107116300", "110114561", "98107410", "106120640", "104113210", "111118301", "105112100", "99107640", "107113550", "105113190", "113121220", "102110240", "99108520", "103110050", "101117580", "108115570", "106116370", "108114040", "110118740", "102110690", "103120531", "105116441", "100113210", "113121810", "112121360", "113119340", "105118740", "98108580", "99108310", "111119250", "109121640", "109117431", "106114011", "107120010", "98110810", "113119950", "113120280", "113120751", "106121190", "112118530", "112116290", "105110091", "113118511", "112118860", "107114321", "113117340", "110121500", "102111990"], "labels": [2, 2, 0, 2, 3, 0, 2, 0, 0, 0, 1, 3, 2, 1, 1, 0, 3, 2, 1, 1, 2, 0, 0, 0, 1, 0, 2, 1, 2, 1, 2, 0, 0, 0, 1, 3, 2, 3, 2, 0, 0, 2, 2, 3, 1, 0, 3, 2, 2, 3, 0, 0, 3, 3, 2, 2, 2, 1, 3, 2, 1, 0, 0, 1, 3, 1, 0, 0, 0, 2, 1, 0, 2, 1, 0, 1, 1, 3, 3, 1, 1, 1, 2, 3, 1, 1, 1, 2, 3, 2, 1, 1, 0, 1, 0, 0, 3, 3, 3, 3, 1, 1, 0, 3, 3, 3, 2, 3, 3, 3, 2, 0, 3, 0, 3, 1, 0, 2, 3, 0, 1, 0, 2, 1, 0, 1, 1, 1, 1, 0, 0, 1, 2, 1, 0, 0, 1, 3, 0, 2, 3, 2], "predicted_labels": [3, 0, 1, 1, 3, 1, 2, 1, 3, 3, 3, 1, 1, 3, 3, 2, 3, 3, 0, 1, 1, 3, 3, 3, 0, 0, 1, 1, 3, 3, 0, 0, 3, 3, 0, 0, 3, 1, 3, 0, 3, 2, 3, 1, 0, 0, 0, 3, 3, 3, 1, 1, 0, 2, 1, 2, 1, 0, 2, 1, 2, 1, 0, 3, 3, 1, 0, 3, 1, 3, 1, 1, 2, 3, 3, 1, 1, 1, 1, 3, 3, 0, 1, 1, 1, 0, 0, 1, 0, 3, 0, 3, 2, 1, 1, 3, 0, 3, 1, 1, 0, 1, 3, 3, 3, 0, 1, 1, 0, 3, 3, 2, 0, 0, 1, 3, 3, 3, 0, 0, 1, 1, 1, 2, 3, 3, 3, 3, 1, 3, 0, 3, 0, 0, 1, 3, 1, 3, 3, 3, 0, 1], "confidence_scores": [[0.14486099282851586, 0.30770064918065443, 0.1846649271475914, 0.3627734308432384], [0.38458855115841717, 0.21897946510863334, 0.07492051643085179, 0.32151146730209784], [0.25995922226174767, 0.38651998687638284, 0.13464277472377612, 0.21887801613809357], [0.17050913032583093, 0.4078794187816507, 0.20401374381089077, 0.2175977070816276], [0.2522974442065475, 0.20498871643907404, 0.09868436109149474, 0.4440294782628837], [0.22904605894116625, 0.4519623173414276, 0.07305718266358249, 0.24593444105382375], [0.12621515698421337, 0.2520775008648084, 0.3199881495623138, 0.3017191925886645], [0.18297395199092623, 0.2841269856062221, 0.2633178378041407, 0.2695812245987111], [0.11405233986096436, 0.2669267356595199, 0.25384380497253967, 0.36517711950697607], [0.12963365327770357, 0.15636506422252924, 0.11560932025401584, 0.5983919622457513], [0.11441907824637883, 0.26260693324755174, 0.12730557816285767, 0.49566841034321185], [0.25279750203842216, 0.38628968441340694, 0.11615170101864171, 0.24476111252952926], [0.14572330711199755, 0.5431591519535626, 0.13368782217789377, 0.17742971875654615], [0.16540286737468085, 0.2772333800407602, 0.11273038299808724, 0.44463336958647187], [0.16097801157347397, 0.18517152378992285, 0.1247835579394094, 0.5290669066971938], [0.1187749825168875, 0.26854618293246524, 0.3085095167575157, 0.30416931779313167], [0.23174787921875545, 0.2514391213144577, 0.12788927311738285, 0.3889237263494039], [0.24774568832291224, 0.18780512530534252, 0.234163154003845, 0.3302860323679003], [0.5198707942500932, 0.16137493552687354, 0.16233279813882542, 0.156421472084208], [0.2200112498917569, 0.37765164450181093, 0.10906835940862492, 0.2932687461978073], [0.1251048499194763, 0.37599830598410133, 0.17589790575989703, 0.3229989383365255], [0.281842783439935, 0.2902520240202014, 0.12803898914278106, 0.29986620339708253], [0.17010010243589657, 0.21668994921621837, 0.21824073865525842, 0.39496920969262667], [0.2744188826382224, 0.16452601146136336, 0.23370779295216926, 0.3273473129482451], [0.3425565012619467, 0.295468929871423, 0.10164376823267576, 0.2603308006339545], [0.38676457988908014, 0.2266309864397884, 0.15187271005366704, 0.23473172361746433], [0.18871620972834507, 0.3510964776825676, 0.15383250630639594, 0.30635480628269135], [0.2451013870447811, 0.3843575825544127, 0.14108995811503244, 0.22945107228577363], [0.22273594545501507, 0.15889235886419573, 0.10964589070119861, 0.5087258049795906], [0.24169239004941162, 0.22282477022108982, 0.22566846727646817, 0.3098143724530305], [0.3044218362102275, 0.2678997030726226, 0.13764017480183252, 0.29003828591531716], [0.3181435831251098, 0.24669927474962353, 0.14532193520331194, 0.28983520692195464], [0.19734403511128243, 0.2779081193280699, 0.13119118114156533, 0.39355666441908244], [0.2095801600172474, 0.2524154654731521, 0.11616248885544456, 0.42184188565415587], [0.3970039497878138, 0.22471063160639973, 0.18406162048245173, 0.19422379812333457], [0.4066317533914443, 0.2078300005174524, 0.1505746683608149, 0.2349635777302885], [0.13343051371035927, 0.24983044645042699, 0.2124426782243902, 0.4042963616148237], [0.2138120734548574, 0.40575645506388, 0.10580613482634599, 0.2746253366549166], [0.19465012719027433, 0.33483670357910195, 0.0787796619630318, 0.3917335072675919], [0.6055626488365796, 0.14509620005717436, 0.08401329428030471, 0.16532785682594126], [0.24005037589914263, 0.27767559304844247, 0.1723251470570696, 0.30994888399534537], [0.13401857591189983, 0.30840203205437955, 0.38058514457795023, 0.17699424745577055], [0.23081520793764582, 0.2529683334777813, 0.13883379959465625, 0.3773826589899168], [0.2429973397484482, 0.28837410229984267, 0.21917162545871127, 0.249456932492998], [0.6241361654398929, 0.1392768339685872, 0.07178749559797146, 0.1647995049935484], [0.5646412262698429, 0.16610239812997857, 0.13051708183636918, 0.13873929376380922], [0.3219433211627378, 0.26417591323594064, 0.1012534686249008, 0.31262729697642055], [0.2726114034897139, 0.2845102644720542, 0.14714983231063006, 0.2957284997276019], [0.184521093496032, 0.27738148425888426, 0.12727789883686225, 0.4108195234082216], [0.2813559728250388, 0.2943063280028404, 0.12268098276179715, 0.30165671641032366], [0.11761806743077546, 0.43884528850671073, 0.16393543186857262, 0.27960121219394113], [0.18654739954200658, 0.33933403614802715, 0.1636781903052896, 0.3104403740046768], [0.3336695964260346, 0.3054066161455619, 0.09849538803940013, 0.2624283993890034], [0.1941798154134062, 0.22545989707975028, 0.32363248627317925, 0.2567278012336643], [0.17775997841113908, 0.4345663276823205, 0.2001303032993106, 0.1875433906072299], [0.13210623474126537, 0.19243718515164632, 0.5439790183694738, 0.1314775617376144], [0.2154619830336339, 0.3310200321804042, 0.18218434643914358, 0.2713336383468182], [0.35719111141255927, 0.33894926245205415, 0.07212158319495827, 0.23173804294042824], [0.20187805275413626, 0.22235496834712964, 0.3001458567977362, 0.27562112210099793], [0.11144187142967764, 0.47741027683963716, 0.2077709322315919, 0.20337691949909348], [0.18268372057386228, 0.19806618539413734, 0.3460885410478679, 0.2731615529841324], [0.27245293812766297, 0.37029338480513113, 0.10383981834500514, 0.25341385872220074], [0.32865208484409714, 0.2086200484238602, 0.2302348969018795, 0.2324929698301634], [0.20733105800666166, 0.2033818600595105, 0.19980713352672141, 0.3894799484071063], [0.25200747469958096, 0.25702668258442884, 0.11726801836388417, 0.3736978243521062], [0.1493841541630626, 0.3913756064420086, 0.1838640752835789, 0.27537616411134985], [0.3769519740558776, 0.22868514307164994, 0.1284920739539586, 0.26587080891851383], [0.20327696985487945, 0.23447865997360548, 0.24585294718634954, 0.3163914229851656], [0.14725601208240116, 0.3802499552553, 0.12218359272182526, 0.3503104399404735], [0.22907141306238218, 0.23727381895483074, 0.15225741243037358, 0.3813973555524136], [0.22541076715253566, 0.33700012548789243, 0.12344869231881797, 0.314140415040754], [0.35961105949137706, 0.4027214808790245, 0.07060599780034538, 0.1670614618292532], [0.2109365000207122, 0.2481572940894873, 0.2708731619476584, 0.27003304394214206], [0.12058985415860728, 0.1634633483241586, 0.07793058465234781, 0.6380162128648862], [0.2213693570338948, 0.3075333707230308, 0.08434122314726943, 0.38675604909580513], [0.1841248051126769, 0.36114187428961075, 0.12075519718729358, 0.333978123410419], [0.24752638042411193, 0.32508813428946415, 0.12254764646397714, 0.3048378388224468], [0.3122810579671315, 0.3210145259116497, 0.11302852430460562, 0.2536758918166131], [0.12600708755174275, 0.638106293106774, 0.11281331332036601, 0.12307330602111732], [0.1451254994482318, 0.2635677950603712, 0.12417270398434704, 0.46713400150704987], [0.17212262915465473, 0.2881687320327943, 0.104806099427187, 0.434902539385364], [0.29782338732587355, 0.19472023041604092, 0.2573328117766884, 0.2501235704813971], [0.20213949600431078, 0.3419575468206715, 0.14327880298230458, 0.31262415419271306], [0.09885554074193956, 0.49504170137026965, 0.11969609210194943, 0.2864066657858415], [0.2046747449283459, 0.34628155584413106, 0.209340388163733, 0.23970331106379], [0.4388640548527129, 0.1953674222408123, 0.13268051309104215, 0.23308800981543248], [0.31916937480988117, 0.2779973584877734, 0.19938670260837899, 0.20344656409396655], [0.17457475114655396, 0.40600744937019095, 0.1204725170586617, 0.2989452824245933], [0.3296364110542929, 0.24259886252998702, 0.17211415351738626, 0.2556505728983337], [0.19405066621043313, 0.23154725578371343, 0.23794045185773205, 0.33646162614812153], [0.4756373700778646, 0.24743147659577255, 0.10079422313377707, 0.17613693019258572], [0.21267911046589683, 0.2578513776489054, 0.22128165531736607, 0.30818785656783176], [0.23119289118147654, 0.24544763012200688, 0.26962360223274195, 0.2537358764637746], [0.18007662207692648, 0.5041547039073427, 0.09871295970307103, 0.21705571431265971], [0.18786353342713796, 0.4012039621859758, 0.1500462393051016, 0.2608862650817846], [0.1888903775384279, 0.2527336145497588, 0.22922633890723992, 0.3291496690045734], [0.5544112247612044, 0.1358881330589921, 0.06767810567861761, 0.24202253650118588], [0.34556811179047947, 0.12451580095381315, 0.08887650643030036, 0.4410395808254071], [0.2052259163065603, 0.40506478407740154, 0.11976073699142258, 0.2699485626246156], [0.2614837243769843, 0.29600876142703136, 0.21094700089679252, 0.23156051329919197], [0.29296852259067735, 0.258226177306207, 0.23497951396392686, 0.21382578613918893], [0.12690010476421928, 0.4291853673392288, 0.157079777144406, 0.286834750752146], [0.10845201038309575, 0.16469209777282418, 0.07467424286686691, 0.6521816489772131], [0.21636428640445413, 0.1717021662024607, 0.20296878735175336, 0.4089647600413319], [0.20239770070180868, 0.1270471922334498, 0.09782152154081514, 0.5727335855239264], [0.5197653861606439, 0.285908431537909, 0.049611538424789846, 0.14471464387665708], [0.2156388591813567, 0.3326551088853954, 0.16413547927326147, 0.28757055265998643], [0.3065366503427086, 0.4383316886693405, 0.1388592491372857, 0.1162724118506652], [0.34652854068301814, 0.2851321072801435, 0.13831477888792387, 0.23002457314891459], [0.1735617525509953, 0.21745616013832816, 0.1751015820173576, 0.43388050529331884], [0.20948279868713246, 0.2504422925637052, 0.1412894798808843, 0.39878542886827795], [0.1354900417313506, 0.2383224188455515, 0.37768275944559354, 0.24850477997750442], [0.40357255055267155, 0.14990095158436353, 0.06512826001498241, 0.38139823784798244], [0.306127682162432, 0.17464238271863258, 0.2909964905242136, 0.22823344459472167], [0.26807266110540795, 0.281077435698568, 0.1774277811151343, 0.2734221220808898], [0.19550661922944296, 0.3248543927282747, 0.11450597299384334, 0.3651330150484391], [0.21665325413030803, 0.23873817614739726, 0.2128307591482881, 0.33177781057400657], [0.19093167713031128, 0.2106597780596581, 0.1994306948828628, 0.3989778499271678], [0.3548117622705926, 0.2625210088893155, 0.1612250569074726, 0.22144217193261956], [0.5641934253892082, 0.2256417029652259, 0.07663440243333605, 0.13353046921222975], [0.21234057025913167, 0.36558975712254366, 0.2247266723349202, 0.19734300028340468], [0.192973957503379, 0.42730535129793823, 0.14368517589774368, 0.23603551530093908], [0.20093312924109957, 0.4266579973620393, 0.10986217484134819, 0.2625466985555129], [0.16647183078160094, 0.14022829301717502, 0.575224352848569, 0.11807552335265507], [0.3043031587487136, 0.3019646684102522, 0.0785901022248322, 0.315142070616202], [0.2835720790827476, 0.28956957760025237, 0.09220133894573909, 0.334657004371261], [0.19635312040982533, 0.31366153863913143, 0.15334441357260123, 0.33664092737844203], [0.1352446863441933, 0.23311347805038923, 0.18325027641259348, 0.448391559192824], [0.26796678572515314, 0.3222086466254231, 0.11947979383551986, 0.29034477381390383], [0.32557208636877044, 0.20162873645147442, 0.112675679548163, 0.36012349763159224], [0.47963493399743856, 0.12791519830477452, 0.11568653406635539, 0.2767633336314314], [0.2547411478916103, 0.285356187880486, 0.12948896787193118, 0.3304136963559725], [0.42389287563653905, 0.2672612049753668, 0.14227117164273126, 0.16657474774536296], [0.29590913520649326, 0.25288528114520664, 0.19559199346424705, 0.25561359018405305], [0.25007645896401803, 0.31101493964025206, 0.24453136757404798, 0.19437723382168212], [0.23291632396142117, 0.19265449218320546, 0.08477858546843059, 0.4896505983869428], [0.21491098161098307, 0.4745599667699157, 0.1078997216326514, 0.20262932998644986], [0.18847865382388998, 0.32460188881089747, 0.08975901529851114, 0.39716044206670137], [0.27382482755453363, 0.19816752961256462, 0.14746120115133363, 0.3805464416815682], [0.20906538582838252, 0.32154966883575975, 0.09260574109748176, 0.37677920423837596], [0.3537646536063527, 0.13213128482981779, 0.3278330712855754, 0.186270990278254], [0.30132759785269725, 0.33246943416943897, 0.17902013083366172, 0.18718283714420195]]}, "rewritten": {"ids": ["97111790", "97112300", "97112830", "97113260", "98107410", "98108580", "98109090", "98110710", "98110810", "98111860", "98113881", "98120010", "98121790", "99107640", "99108000", "99108310", "99108520", "99111000", "99112641", "99113260", "100108990", "100109801", "100111390", "100112060", "100113210", "100115700", "100120780", "101108080", "101108290", "101112540", "101112690", "101117580", "102109910", "102110050", "102110240", "102110690", "102111990", "102121440", "103110050", "103110760", "103111540", "103111620", "103118291", "103120290", "103120531", "104111830", "104113210", "104114230", "104114740", "104117200", "104119290", "105110091", "105110251", "105112100", "105112260", "105113190", "105115680", "105116441", "105116980", "105117431", "105118740", "105120280", "106112770", "106113190", "106114011", "106116370", "106118161", "106118520", "106119990", "106120640", "106121190", "107113550", "107114110", "107114321", "107116300", "107116980", "107118820", "107119390", "107120010", "107121540", "108113700", "108113760", "108114040", "108114180", "108114200", "108114270", "108115500", "108115570", "108118810", "108119510", "109113881", "109114030", "109114720", "109116750", "109117431", "109117600", "109117630", "109118161", "109118231", "109118820", "109119591", "109121640", "110114561", "110118121", "110118740", "110121170", "110121500", "111115780", "111116010", "111116040", "111116100", "111118301", "111119250", "111119340", "111120280", "112116290", "112116451", "112116610", "112117210", "112118530", "112118860", "112118880", "112119930", "112120670", "112121360", "112121410", "113117340", "113118511", "113118820", "113119340", "113119950", "113120280", "113120540", "113120751", "113121010", "113121220", "113121410", "113121750", "113121810", "113122170", "113122230", "113122510"], "labels": [2, 2, 2, 1, 3, 0, 1, 2, 1, 0, 3, 2, 2, 1, 2, 2, 2, 2, 1, 0, 2, 0, 2, 2, 0, 1, 1, 0, 0, 2, 1, 3, 2, 3, 3, 0, 2, 2, 3, 1, 1, 0, 0, 2, 3, 3, 3, 2, 2, 3, 1, 0, 0, 1, 3, 3, 2, 1, 0, 1, 1, 3, 1, 0, 1, 2, 3, 2, 0, 3, 2, 0, 1, 0, 0, 3, 3, 2, 1, 2, 0, 1, 0, 1, 0, 3, 3, 3, 1, 1, 0, 1, 0, 0, 1, 1, 0, 0, 1, 3, 0, 0, 0, 3, 3, 2, 3, 1, 1, 0, 3, 3, 1, 3, 0, 0, 0, 1, 1, 1, 3, 1, 1, 2, 3, 0, 2, 1, 0, 0, 0, 0, 3, 1, 2, 3, 0, 0, 2, 1, 1, 2], "predicted_labels": [0, 1, 2, 0, 0, 1, 0, 2, 1, 2, 1, 2, 1, 1, 1, 0, 3, 1, 3, 0, 0, 3, 3, 3, 3, 1, 1, 0, 0, 3, 3, 3, 3, 1, 1, 2, 1, 3, 1, 0, 3, 3, 3, 1, 3, 2, 3, 3, 1, 3, 1, 3, 0, 0, 3, 3, 1, 0, 1, 2, 0, 0, 1, 3, 2, 3, 2, 2, 3, 3, 3, 0, 0, 3, 3, 3, 3, 1, 3, 2, 2, 0, 2, 1, 3, 1, 0, 3, 1, 2, 0, 0, 2, 3, 3, 2, 2, 0, 1, 0, 1, 2, 1, 3, 0, 2, 1, 1, 1, 3, 0, 0, 2, 1, 3, 1, 0, 3, 1, 0, 1, 2, 2, 0, 3, 1, 3, 1, 2, 0, 3, 0, 3, 1, 3, 0, 3, 0, 2, 3, 0, 1], "confidence_scores": [[0.3044218362102275, 0.2678997030726226, 0.13764017480183252, 0.29003828591531716], [0.2816217673747078, 0.3316967264716952, 0.11684016637778843, 0.26984133977580876], [0.11507547971384288, 0.2792051497180594, 0.35442409140062753, 0.25129527916747035], [0.4042975645497099, 0.24009754442498807, 0.21226211181150145, 0.14334277921380065], [0.32058627259337796, 0.24704304402756702, 0.22379072697664015, 0.20857995640241492], [0.17443595622029118, 0.4455457012086978, 0.1381761486882037, 0.24184219388280737], [0.49114534329131054, 0.240113715008185, 0.09781324389683027, 0.17092769780367426], [0.12349160307728278, 0.12940982899910256, 0.5754390740946516, 0.17165949382896303], [0.2874703429859688, 0.3352512632704168, 0.17081578695504007, 0.2064626067885744], [0.2432217007949408, 0.2010679480606998, 0.3939124031299509, 0.16179794801440844], [0.17339226010009504, 0.4018552665980267, 0.1115269053952396, 0.3132255679066387], [0.22027839091282642, 0.22517383391577483, 0.36866338950530647, 0.18588438566609228], [0.19314602320459495, 0.38376632634913976, 0.20734508622239256, 0.21574256422387272], [0.16084926599523627, 0.33187748852530047, 0.1806052433656628, 0.3266680021138004], [0.11003763157338485, 0.481301857031846, 0.21600751840911278, 0.19265299298565647], [0.6863139122612164, 0.1332963555540716, 0.05025471923934708, 0.13013501294536492], [0.2248989967040827, 0.26588435359180895, 0.17063674054200192, 0.33857990916210656], [0.10109644901634733, 0.45756446717469235, 0.15666607482007236, 0.28467300898888803], [0.1851845446411163, 0.2732966791522061, 0.1760956887376655, 0.3654230874690121], [0.3977949381346197, 0.21578989986391267, 0.1563893087869459, 0.23002585321452182], [0.2942360855408324, 0.29285998273308894, 0.14784275985082931, 0.26506117187524925], [0.25938741869045595, 0.2962747496528888, 0.07174070064221993, 0.3725971310144354], [0.19052633028002253, 0.24629335626525392, 0.2723502364394585, 0.2908300770152651], [0.2505248693500818, 0.28677392206716523, 0.15384789949791583, 0.3088533090848372], [0.1738486804934268, 0.2565102798322337, 0.2113804813456016, 0.35826055832873815], [0.15654685664844423, 0.30737124003989497, 0.2985781311375022, 0.23750377217415872], [0.1992099647436047, 0.3658301312849209, 0.13435551168994575, 0.3006043922815288], [0.501516455410624, 0.12980660327455118, 0.12349761587931538, 0.24517932543550952], [0.4955126143994254, 0.24684613870701946, 0.06922202570805322, 0.18841922118550192], [0.18142739530226476, 0.28860697344044056, 0.09861334764270648, 0.4313522836145884], [0.22762503615848592, 0.24091383680322298, 0.09498105627684408, 0.4364800707614471], [0.2069813915373989, 0.2528577889945898, 0.22656503503464423, 0.3135957844333671], [0.2608884153297203, 0.17518626172869659, 0.1421022262973478, 0.42182309664423534], [0.1950094530974147, 0.4677747178478452, 0.1109549866583357, 0.2262608423964044], [0.21207044010763837, 0.2873951950789831, 0.22190270978320717, 0.27863165503017145], [0.22046175761553738, 0.19959818377267913, 0.3325788968788495, 0.24736116173293407], [0.27760517106468463, 0.29029798325359607, 0.1931826719959541, 0.2389141736857653], [0.2614540378502609, 0.18278971313174966, 0.250539195929743, 0.3052170530882466], [0.1735465407438058, 0.4470653463066186, 0.1395419978316172, 0.23984611511795853], [0.44389658148457056, 0.21468509966721966, 0.11990771147414218, 0.22151060737406753], [0.2589328386617008, 0.2612600916067287, 0.07181970385898277, 0.4079873658725879], [0.2582790209669103, 0.2943021427387775, 0.09996759594635077, 0.3474512403479616], [0.23648622110304104, 0.28207524637754106, 0.19788736693934547, 0.2835511655800725], [0.1719632252843992, 0.4348008284531571, 0.1781690564994766, 0.215066889762967], [0.23945320417647065, 0.25106958808180463, 0.15848557821132958, 0.35099162953039514], [0.10410102151037581, 0.2682532479430374, 0.4851780325909692, 0.14246769795561776], [0.2868451392227093, 0.23755644932645112, 0.1701851519576788, 0.3054132594931608], [0.1515219070410348, 0.1885426838666384, 0.1278282900580197, 0.5321071190343071], [0.28546368031076547, 0.2875045279718321, 0.1452088539402406, 0.28182293777716194], [0.243268651258775, 0.24077065006968082, 0.13245196916371807, 0.3835087295078262], [0.1551399465800825, 0.5992365742076066, 0.0770019498085461, 0.1686215294037648], [0.25060621291494184, 0.1974755481726228, 0.14407004142399205, 0.4078481974884431], [0.37619174322668986, 0.22469504030918333, 0.13104380405914257, 0.2680694124049842], [0.3556982057277631, 0.15930152259390604, 0.26132739472554506, 0.2236728769527859], [0.22045155976709058, 0.2792206299953976, 0.15362157318159703, 0.34670623705591497], [0.14945771019599408, 0.17075985873773528, 0.10795620332366623, 0.5718262277426044], [0.15762561400181446, 0.41224997347632253, 0.16594323550725068, 0.26418117701461236], [0.3184397083356322, 0.284630652010304, 0.1577270577429783, 0.23920258191108545], [0.2960048118673513, 0.36835312826270217, 0.13642809563908087, 0.19921396423086582], [0.21701503768434804, 0.22153268761047215, 0.3229997332786954, 0.2384525414264845], [0.39594344032778767, 0.23648288374227303, 0.10577059688087788, 0.2618030790490614], [0.47963589409603535, 0.21505633841755828, 0.1393203678409443, 0.16598739964546202], [0.12766672582122623, 0.39577139162274494, 0.13337867201944117, 0.3431832105365876], [0.22892968771019703, 0.19862880464989, 0.2534661867701804, 0.3189753208697326], [0.23684239005555216, 0.24399714645632264, 0.3229114734226321, 0.19624899006549307], [0.12785633367467578, 0.2822027059396484, 0.2513889178952433, 0.3385520424904324], [0.21775841069628774, 0.230055592746896, 0.31255879294526984, 0.23962720361154632], [0.09588526244357098, 0.24887247481925895, 0.5095003245652273, 0.14574193817194284], [0.1537288669136236, 0.18542888779282604, 0.1995929084124076, 0.46124933688114295], [0.23896450549407194, 0.1827130360620402, 0.2571342277088753, 0.32118823073501257], [0.25690032754742975, 0.22654798950449262, 0.22137596356807668, 0.29517571938000087], [0.4403354516512517, 0.2119451739615738, 0.10127454667820177, 0.24644482770897272], [0.6477185575331496, 0.12035643688635407, 0.05567751977126015, 0.17624748580923613], [0.31890011698055115, 0.22350716964803408, 0.09755921451952879, 0.3600334988518862], [0.2386852062868142, 0.24727313069355714, 0.2160651401466537, 0.2979765228729751], [0.2746448370626283, 0.22671803330821755, 0.09876036169471454, 0.39987676793443955], [0.28701569171998276, 0.2134780643966374, 0.13918912262753416, 0.36031712125584564], [0.22819133317464982, 0.3059432544365013, 0.20097811933240373, 0.26488729305644526], [0.24537221603281062, 0.2407625632279974, 0.2534352554692499, 0.2604299652699421], [0.24873886388083855, 0.22979946362132947, 0.3222702315327793, 0.19919144096505284], [0.10294112224652921, 0.1265240938451867, 0.44220143708225584, 0.32833334682602816], [0.3330743818021162, 0.25454065544351734, 0.18486233465990626, 0.22752262809446028], [0.11378189094383899, 0.2577597825114836, 0.45294128900781333, 0.17551703753686398], [0.05664809088290243, 0.6140870471575101, 0.07748580440575878, 0.2517790575538289], [0.14341477950835305, 0.26700392302281933, 0.22631661352005583, 0.36326468394877187], [0.2850370482406996, 0.3080225262546959, 0.1309646564524121, 0.27597576905219245], [0.37989700248099617, 0.25121909487910177, 0.12791733897172544, 0.2409665636681767], [0.16767750356063063, 0.20452818176689497, 0.20702336981418804, 0.4207709448582863], [0.17694336535143515, 0.2985556627726791, 0.2526025715873755, 0.2718984002885105], [0.2502427064647871, 0.23594231754993777, 0.2584245926206344, 0.25539038336464076], [0.3174404429122045, 0.2701231112837836, 0.15308431685584695, 0.259352128948165], [0.26322664283830444, 0.2409382513982158, 0.2613914291175077, 0.2344436766459722], [0.1772938928003573, 0.31916528185172033, 0.33449365370633694, 0.1690471716415857], [0.20026075195782012, 0.24603891144530382, 0.254332153132314, 0.29936818346456195], [0.3122029808761662, 0.2839688431105973, 0.05420805869978581, 0.3496201173134507], [0.17487679512578963, 0.19553286968594924, 0.36040966858959095, 0.26918066659867007], [0.1236196201470447, 0.22619881889508658, 0.4303245678901492, 0.21985699306771955], [0.353852038062905, 0.17825061781511847, 0.21519624177823266, 0.2527011023437441], [0.22265738716334596, 0.4104520643286922, 0.13801167124599478, 0.22887887726196712], [0.30288306105734564, 0.21640701803443, 0.192530013864215, 0.28817990704400925], [0.17326259111845307, 0.44353583012505016, 0.13064037492910474, 0.252561203827392], [0.2458546681022732, 0.19920733319551337, 0.31011314939449336, 0.24482484930772022], [0.1931448904136347, 0.3597600589637553, 0.15704044211721324, 0.2900546085053968], [0.21436404075727533, 0.2802325977965052, 0.12138980259200802, 0.3840135588542115], [0.4940472426441211, 0.13637103991302837, 0.14383154412506874, 0.2257501733177817], [0.14883239354270011, 0.09682575371353234, 0.5731593470265025, 0.18118250571726502], [0.2717082714467731, 0.3780317322462967, 0.13313838962272878, 0.21712160668420147], [0.1404016385534039, 0.35019183687012556, 0.18833499722783478, 0.3210715273486357], [0.22720818407741306, 0.34422824404745045, 0.17011018345217072, 0.25845338842296567], [0.2548154865748726, 0.28714257865587867, 0.1637576795490913, 0.29428425522015744], [0.37861472852329087, 0.2541567063041634, 0.10750585705370964, 0.25972270811883624], [0.3632933650289715, 0.17635709998177465, 0.16369954042843826, 0.2966499945608155], [0.2826316854955239, 0.16125545300948602, 0.4440383027331188, 0.11207455876187124], [0.24431852728266068, 0.329770796290338, 0.2605293473973978, 0.1653813290296036], [0.25333800266400447, 0.18875568693300016, 0.2415518848753082, 0.3163544255276871], [0.21129815503438176, 0.2804760870324555, 0.24046946769437932, 0.2677562902387834], [0.6179595298892832, 0.1689568496737091, 0.08828662704617007, 0.12479699339083783], [0.17687810709012775, 0.300364143342216, 0.15904260432694522, 0.36371514524071114], [0.16145380836183001, 0.3719914556958673, 0.32047753194575146, 0.14607720399655122], [0.3626922631106169, 0.24371912381881128, 0.19538455914699165, 0.19820405392358045], [0.24125737405359468, 0.37397001504214644, 0.16843138391470228, 0.21634122698955677], [0.232694332544496, 0.24226985383270946, 0.2738609735704153, 0.25117484005237944], [0.2679215276574887, 0.2403715990495359, 0.27099820290232934, 0.22070867039064615], [0.46780186672087937, 0.2445329451794722, 0.09966231345453468, 0.18800287464511373], [0.19220420226904117, 0.29694350276915704, 0.10552063587453836, 0.4053316590872634], [0.23257326422776853, 0.3244055171971992, 0.15262495500186637, 0.29039626357316584], [0.1516224268090267, 0.3143638179862561, 0.10173944202734979, 0.43227431317736725], [0.2533940853237249, 0.4279666196614715, 0.1656817147088331, 0.15295758030597048], [0.25232177485980306, 0.23041697288003382, 0.32135704055013115, 0.19590421171003197], [0.45217166861398583, 0.2898148323476804, 0.10290791170156116, 0.15510558733677257], [0.2836476663177738, 0.1922331240041203, 0.13431637446464548, 0.38980283521346043], [0.43298119828728027, 0.09804511035048084, 0.11772654074307863, 0.35124715061916034], [0.2361088179757485, 0.3195134711001898, 0.10203221826958979, 0.3423454926544718], [0.26877750294592634, 0.2795959961086847, 0.25320520419422404, 0.19842129675116477], [0.1985735758574498, 0.27375484692107527, 0.10834835743097317, 0.4193232197905018], [0.39630495350930844, 0.16252513989251416, 0.21853387217133025, 0.22263603442684715], [0.1600370316065715, 0.19397573258879572, 0.11454424467075253, 0.5314429911338802], [0.33919099600520813, 0.322780589825139, 0.12359902281050197, 0.21442939135915087], [0.09524333532167387, 0.1292816506923406, 0.6416780634189414, 0.133796950567044], [0.1473130283242784, 0.21962256391681353, 0.1720381605888276, 0.46102624717008045], [0.30219659387990544, 0.25672028227874105, 0.2481677581944332, 0.19291536564692027], [0.21307408864314312, 0.35522820003264693, 0.15794655311584485, 0.2737511582083651]]}}