{"test": {"ids": ["97110950", "113117550", "113121220", "108114360", "113121190", "112117571", "111119930", "106119580", "111118910", "98110230", "105115570", "113121410", "112116900", "105112130", "100111080", "97116500", "106117650", "106113170", "112117790", "107114490", "110117080", "111116990", "113120531", "107114950", "98112170", "112117660", "113117401", "103113170", "110118880", "104113170", "106119990", "99111440", "98106111", "108115070", "101111990", "113118620", "97106820", "110121720", "112119500", "112119950", "101121640", "97106600", "106113360", "108118291", "108121410", "101119030", "103112470", "110113591", "113117340", "100109360", "113117630", "106118520", "111119610", "105119550", "105113210", "99108710", "107118120", "99108520", "97107040", "112118860", "108120260", "98106880", "103109021", "100108260", "104110960", "113121680", "99107300", "112117431", "107112850", "107118780", "97106591", "103111480", "110117200", "107113170", "105112100", "103111170", "108120280", "112116640", "105110091", "102110750", "102113981", "109115211", "107114280", "102118380", "113122220", "113121980", "102112170", "103120780", "108113480", "113119480", "102113350", "101112160", "107120130", "99107560", "103110760", "112117461", "98108970", "111120540", "102112301", "108120060", "110121450", "112121351", "105116090", "113122650", "105116650", "101112690", "100109890", "105120621", "104116980", "102117351", "112117030", "104111780", "112116451", "97112300", "111117000", "109119450", "108115570", "102116500", "106114150", "98106560", "99111930", "111118301", "112118810", "112117210", "108114220", "104111830", "108121351", "107119950", "107116340", "97116401", "113118111", "101113210", "100109910", "110121170", "104111531", "98120010", "102110240", "112121430", "105116501", "113121810", "111120640", "105115380"], "labels": [3, 3, 3, 1, 1, 3, 1, 3, 0, 3, 0, 0, 3, 1, 0, 2, 1, 0, 3, 3, 1, 0, 0, 3, 3, 0, 3, 3, 0, 3, 0, 3, 0, 1, 2, 3, 1, 3, 2, 0, 2, 3, 0, 3, 0, 3, 1, 0, 2, 0, 0, 2, 2, 1, 3, 2, 3, 2, 2, 3, 1, 0, 0, 3, 2, 1, 3, 0, 1, 1, 1, 0, 3, 0, 1, 2, 3, 0, 0, 1, 1, 0, 3, 1, 1, 2, 3, 1, 0, 3, 3, 3, 2, 1, 1, 0, 3, 1, 1, 1, 3, 0, 1, 2, 1, 1, 3, 1, 1, 1, 2, 3, 0, 2, 0, 3, 3, 1, 1, 1, 1, 3, 3, 1, 3, 3, 3, 3, 3, 3, 1, 3, 2, 2, 0, 2, 3, 2, 1, 2, 0, 1], "predicted_labels": [0, 3, 3, 3, 3, 1, 3, 1, 3, 1, 2, 3, 0, 1, 1, 1, 1, 1, 3, 3, 3, 0, 3, 0, 0, 3, 3, 1, 0, 1, 1, 3, 1, 1, 1, 1, 1, 1, 1, 0, 1, 1, 3, 3, 1, 3, 1, 0, 3, 0, 1, 1, 3, 1, 0, 1, 0, 2, 1, 3, 3, 1, 3, 1, 3, 1, 3, 1, 1, 1, 1, 0, 1, 3, 3, 0, 0, 1, 0, 2, 0, 3, 1, 1, 1, 1, 0, 3, 1, 3, 1, 1, 1, 1, 3, 3, 1, 1, 3, 0, 3, 1, 0, 1, 2, 3, 0, 0, 1, 1, 1, 1, 0, 3, 1, 3, 1, 1, 0, 2, 1, 1, 1, 1, 0, 1, 0, 1, 3, 1, 3, 1, 3, 3, 3, 3, 0, 1, 1, 1, 3, 2], "confidence_scores": [[0.9047267479410798, 0.03257065546491102, 0.03130816813864689, 0.03139442845536243], [0.0994067963219735, 0.07509117421003232, 0.19885883293429202, 0.626643196533702], [0.18155709615980875, 0.12564380657872296, 0.04368399787447176, 0.6491150993869966], [0.16392809019345875, 0.22975363269345767, 0.2517277422409784, 0.3545905348721052], [0.09855232311195217, 0.16781071735370537, 0.03057083861447943, 0.7030661209198628], [0.07381528192782369, 0.401280637458965, 0.17211792545365184, 0.3527861551595594], [0.10091496439306201, 0.31912211753530706, 0.05074030478240279, 0.5292226132892283], [0.02458445530731842, 0.7314447070244277, 0.22568680673261685, 0.018284030935637022], [0.1565396040112323, 0.3530506247608559, 0.04939956472561463, 0.4410102065022971], [0.2757244603301512, 0.387106299103159, 0.13650039494020286, 0.20066884562648685], [0.024341300445177003, 0.21025097168854262, 0.6430469187801975, 0.12236080908608274], [0.3819648654207152, 0.12966558186027147, 0.004997242252380932, 0.4833723104666322], [0.4287797140876992, 0.2569942865253604, 0.08669391371773161, 0.22753208566920902], [0.07647139339932846, 0.28024282912608367, 0.36333497239590684, 0.2799508050786808], [0.039322107578256445, 0.35299118973538884, 0.576463808791722, 0.03122289389463267], [0.1233971001032479, 0.7306246545712196, 0.06711074802045143, 0.07886749730508097], [0.055578671737876575, 0.3467223508712286, 0.47554460590126885, 0.12215437148962618], [0.4161216551747792, 0.4001212519590633, 0.020063557867077676, 0.16369353499907963], [0.24223782576311714, 0.05302849955897688, 0.011862130400834385, 0.6928715442770713], [0.11704141157842418, 0.2863151868285278, 0.04784911328191772, 0.5487942883111302], [0.06365677289606766, 0.3167012153284728, 0.02124778199357995, 0.59839422978188], [0.660564663565701, 0.07822209570900128, 0.041882180773873075, 0.21933105995142443], [0.2400949154621567, 0.1676062066452762, 0.034431607161656844, 0.5578672707309104], [0.38209506738332916, 0.1740030454042957, 0.1921907115474436, 0.2517111756649314], [0.6598166119539515, 0.021824091802794248, 0.05830685650721897, 0.2600524397360352], [0.31566043617085277, 0.15903412601359534, 0.011152970781082289, 0.5141524670344698], [0.05942234763347178, 0.299837657215736, 0.003100944874306898, 0.6376390502764853], [0.19307191665963172, 0.32199353955894816, 0.21554454175129167, 0.2693900020301284], [0.5210826915219713, 0.13236344870423647, 0.0009372844088555818, 0.34561657536493656], [0.4219204911897504, 0.4014746175475464, 0.056441870206806743, 0.1201630210558966], [0.2856438688443386, 0.3726058249238365, 0.07525391421116315, 0.266496392020662], [0.36774793335252004, 0.17787989908149696, 0.06303234884211807, 0.391339818723865], [0.09101334143444174, 0.28687183807426764, 0.5573750200837613, 0.06473980040752936], [0.206858510652535, 0.652325561395097, 0.0713759748610504, 0.06943995309131802], [0.05561004237276222, 0.277294892687922, 0.3703588397411671, 0.2967362251981485], [0.15160630827254304, 0.534785255644522, 0.0758743919491624, 0.23773404413377305], [0.19143342850377615, 0.4403963717098318, 0.071425708958349, 0.29674449082804283], [0.27629672797717814, 0.6261521210269085, 0.012258007128107786, 0.08529314386780538], [0.07503660033268975, 0.3770457137097629, 0.46788157275820114, 0.08003611319934621], [0.787532667421027, 0.022947525036379996, 0.012032022669088987, 0.17748778487350392], [0.06300695099166231, 0.42539787371328597, 0.27304816458395686, 0.23854701071109455], [0.3210945300790581, 0.36046168661900885, 0.07567194603006695, 0.24277183727186594], [0.14689599172646653, 0.3508917071327932, 0.03646903340366647, 0.4657432677370739], [0.24717844461201155, 0.16124601771655456, 0.0015686908499978254, 0.5900068468214362], [0.19389087606659774, 0.42809107486184517, 0.012193236396919546, 0.3658248126746376], [0.30700028270269447, 0.13832053756904555, 0.19500244089849922, 0.35967673882976103], [0.15815725504457673, 0.27919543104573086, 0.3851597877125172, 0.17748752619717534], [0.4964203432517824, 0.26575855242711954, 0.006840495455870862, 0.23098060886522728], [0.16024015476618544, 0.24516779923107954, 0.014601436203949675, 0.5799906097987851], [0.3410305301235798, 0.1997215061020925, 0.14199944812770868, 0.31724851564661927], [0.28100044038820715, 0.31578444173691955, 0.1434327150007021, 0.2597824028741711], [0.05691280804644997, 0.35072721399106477, 0.5661285986123137, 0.026231379350171627], [0.16499646366114806, 0.22610542368879316, 0.13085434510678332, 0.47804376754327543], [0.2763721193562811, 0.36108022184908906, 0.29836903436029677, 0.06417862443433298], [0.5316929294713078, 0.07175500001567549, 0.0626773926453978, 0.333874677867619], [0.09742351676361183, 0.676311371353753, 0.19230840799248458, 0.03395670389015046], [0.6494441644090554, 0.17313761375923012, 0.016294695327153, 0.1611235265045613], [0.10136514169720794, 0.1779767250322806, 0.671026396459257, 0.04963173681125456], [0.03666348745027078, 0.31346831559829647, 0.509833116236878, 0.14003508071455445], [0.18171560906763445, 0.22549616842994558, 0.2953016511438028, 0.2974865713586169], [0.33939398896172596, 0.1307922402401325, 0.10701105392335936, 0.42280271687478205], [0.29040146008081114, 0.25070911083195824, 0.3214122822298175, 0.13747714685741355], [0.3618791462002446, 0.09941855419227534, 0.13727073832709719, 0.40143156128038265], [0.23941402457351219, 0.3250054725828477, 0.2261861003422141, 0.20939440250142602], [0.16952650948771456, 0.12572110097806305, 0.3529711896914175, 0.35178119984280487], [0.09652212348385736, 0.2941865102858407, 0.3741568066766012, 0.23513455955370083], [0.431437998064256, 0.17400573994380886, 0.006799213505742285, 0.3877570484861929], [0.3170015436385603, 0.3434031893321581, 0.013140656700494933, 0.32645461032878664], [0.11476800310510651, 0.5939127717731004, 0.2097966303845619, 0.08152259473723109], [0.3506783313533004, 0.3596214201983488, 0.14249838651630392, 0.14720186193204673], [0.039925131726171625, 0.42777322659577505, 0.491149006899861, 0.04115263477819264], [0.6213298027100693, 0.3076540518624634, 0.003146403976930741, 0.06786974145053662], [0.3743614079784179, 0.48246263733530004, 0.029074367480538314, 0.11410158720574395], [0.12085877023647479, 0.24453758515051488, 0.08556860431428062, 0.5490350402987298], [0.23491366669488853, 0.06758109915517128, 0.12409850926082035, 0.5734067248891198], [0.7974620429627672, 0.1004454348263198, 0.01494231088205714, 0.08715021132885595], [0.7429436378697185, 0.014253588823190892, 0.03233106463407524, 0.21047170867301543], [0.13529533361650245, 0.6615164310356417, 0.030752473742407874, 0.1724357616054481], [0.5794767011428096, 0.20451344333228952, 0.024500761577865824, 0.19150909394703483], [0.0073518446895309295, 0.09874515379831236, 0.8692111439310799, 0.024691857581077097], [0.5124321369018668, 0.1764220173679784, 0.12109331853186689, 0.19005252719828802], [0.16389539716107246, 0.1540601711646985, 0.08054267736680644, 0.6015017543074223], [0.10865202642426738, 0.5405324784241856, 0.2663716289455966, 0.08444386620595012], [0.10703513827628375, 0.45708072855033755, 0.3680062294871854, 0.06787790368619356], [0.10967359513423237, 0.8136916581117453, 0.033809206325296354, 0.04282554042872612], [0.24590294710899316, 0.4731467772769004, 0.0024282269773267568, 0.27852204863677965], [0.7014804227593433, 0.03594497640351173, 0.1567047387280751, 0.10586986210906991], [0.3226054699566939, 0.21925305287261337, 0.07121874889991417, 0.38692272827077856], [0.1500467996561106, 0.4012636836948978, 0.13613557539786023, 0.3125539412511316], [0.3291265826577952, 0.11668725199477002, 0.036427995721800256, 0.5177581696256344], [0.1676172948062478, 0.2746431893450047, 0.344304013729982, 0.2134355021187658], [0.0679393080815152, 0.6221898764481054, 0.2519672074894049, 0.057903607980974305], [0.05995466572870404, 0.736361938688417, 0.111454365024769, 0.09222903055810977], [0.08746232925872682, 0.7899660079313912, 0.0776556849843317, 0.04491597782555019], [0.301454160375553, 0.21144563343067488, 0.2027136911081665, 0.2843865150856054], [0.22008452989558516, 0.06873278823312284, 0.014290145517478849, 0.696892536353813], [0.060503526229967866, 0.5119260251893359, 0.40059255054102455, 0.026977898039671593], [0.39193821599894724, 0.5310957160992086, 0.0346497914888196, 0.04231627641302452], [0.09599238825665662, 0.15969431547518054, 0.23882090308303386, 0.5054923931851292], [0.4450263022898848, 0.16368095452787296, 0.25015989641371894, 0.14113284676852317], [0.31233163307353573, 0.2856916166838233, 0.013594010894301364, 0.38838273934833956], [0.18674178864494143, 0.6219615314475411, 0.09051245624092609, 0.10078422366659114], [0.5557817538774759, 0.2161361764515165, 0.007062732545051852, 0.2210193371259559], [0.08396613193163813, 0.346977747144602, 0.4893601939591351, 0.0796959269646251], [0.014538835851932826, 0.12818436670605948, 0.8283813766490595, 0.02889542079294833], [0.3265678625086092, 0.11793046151621348, 0.07304053179863998, 0.48246114417653735], [0.5439156985275023, 0.08832093368101941, 0.11031146280672378, 0.2574519049847546], [0.7992868589858462, 0.08398249702104059, 0.0003926806566676095, 0.11633796333644549], [0.02530439879424383, 0.45693891346300897, 0.2545527261541888, 0.26320396158855874], [0.3829994691579318, 0.5209484559348461, 0.006906822944612491, 0.08914525196261], [0.0784694848250869, 0.4923178781790116, 0.06824312293153388, 0.3609695140643676], [0.4661346060105633, 0.4531555172799198, 0.01973819156021646, 0.06097168514930069], [0.6021204626070213, 0.23628628480868977, 0.030451923343880475, 0.13114132924040844], [0.2526855393725501, 0.042992074278877884, 0.4916399710448907, 0.21268241530368115], [0.09876049889963037, 0.45844815910350256, 0.11681675460363462, 0.3259745873932325], [0.08891847523376122, 0.28908855729496175, 0.2195419101307024, 0.4024510573405748], [0.031173844680114998, 0.5038420627973597, 0.24196468542656682, 0.22301940709595824], [0.17332017342097508, 0.27973577428890994, 0.3579411000514863, 0.18900295223862862], [0.43876800242262826, 0.31984229787917556, 0.09161132094659874, 0.14977837875159755], [0.03420928624918378, 0.04379624006949628, 0.8121832921740372, 0.1098111815072827], [0.31900547473344937, 0.4430490333919767, 0.17945217210913983, 0.058493319765433954], [0.15949932007561435, 0.5050984462038597, 0.04994721543164248, 0.2854550182888836], [0.3631764975424041, 0.3512950792777001, 0.018591910302238234, 0.2669365128776575], [0.05793650674380929, 0.5152618979950441, 0.2959239874709206, 0.13087760779022586], [0.551805165632848, 0.18155549935189924, 0.04390117804184143, 0.2227381569734113], [0.07629367396763362, 0.4598399406663719, 0.10326181786275407, 0.3606045675032401], [0.46710917357584836, 0.2044183499006425, 0.05424486979829801, 0.2742276067252111], [0.26314737079802025, 0.4742260758463259, 0.014799307953910436, 0.24782724540174345], [0.09878407001281105, 0.3104479408299484, 0.19912371446496316, 0.3916442746922772], [0.03547718661304327, 0.7002596096923968, 0.22369365492718565, 0.04056954876737408], [0.13832123446166758, 0.11763371769674903, 0.04730366331587656, 0.6967413845257068], [0.2089397047593563, 0.2501871109865304, 0.259216009225788, 0.28165717502832516], [0.1999584797790066, 0.09228688971358334, 0.41214588726047124, 0.29560874324693887], [0.12309206782467245, 0.14896944494433648, 0.08000782312205879, 0.6479306641089324], [0.2157253568951735, 0.3074934727715898, 0.07342925198426582, 0.4033519183489707], [0.05317347632569542, 0.13054931740733147, 0.49540725704082217, 0.3208699492261505], [0.42949372797472285, 0.15685511089258525, 0.21756184537270984, 0.19608931575998206], [0.1288659959119313, 0.31269889981086624, 0.3814852901354372, 0.17694981414176528], [0.34283130566423625, 0.3668562962645851, 0.08529206863896095, 0.20502032943221804], [0.1112648428853609, 0.31116060291281233, 0.37819317312667794, 0.199381381075149], [0.15773712680941565, 0.2369334410087768, 0.10917229685235748, 0.49615713532944966], [0.14873228908121613, 0.18346325869136987, 0.5209420122016398, 0.14686244002577428]]}, "rewritten": {"ids": ["97106591", "97106600", "97106820", "97107040", "97110950", "97112300", "97116401", "97116500", "98106111", "98106560", "98106880", "98108970", "98110230", "98112170", "98120010", "99107300", "99107560", "99108520", "99108710", "99111440", "99111930", "100108260", "100109360", "100109890", "100109910", "100111080", "101111990", "101112160", "101112690", "101113210", "101119030", "101121640", "102110240", "102110750", "102112170", "102112301", "102113350", "102113981", "102116500", "102117351", "102118380", "103109021", "103110760", "103111170", "103111480", "103112470", "103113170", "103120780", "104110960", "104111531", "104111780", "104111830", "104113170", "104116980", "105110091", "105112100", "105112130", "105113210", "105115380", "105115570", "105116090", "105116501", "105116650", "105119550", "105120621", "106113170", "106113360", "106114150", "106117650", "106118520", "106119580", "106119990", "107112850", "107113170", "107114280", "107114490", "107114950", "107116340", "107118120", "107118780", "107119950", "107120130", "108113480", "108114220", "108114360", "108115070", "108115570", "108118291", "108120060", "108120260", "108120280", "108121351", "108121410", "109115211", "109119450", "110113591", "110117080", "110117200", "110118880", "110121170", "110121450", "110121720", "111116990", "111117000", "111118301", "111118910", "111119610", "111119930", "111120540", "111120640", "112116451", "112116640", "112116900", "112117030", "112117210", "112117431", "112117461", "112117571", "112117660", "112117790", "112118810", "112118860", "112119500", "112119950", "112121351", "112121430", "113117340", "113117401", "113117550", "113117630", "113118111", "113118620", "113119480", "113120531", "113121190", "113121220", "113121410", "113121680", "113121810", "113121980", "113122220", "113122650"], "labels": [1, 3, 1, 2, 3, 2, 3, 2, 0, 1, 0, 3, 3, 3, 2, 3, 1, 2, 2, 3, 1, 3, 0, 3, 2, 0, 2, 3, 1, 3, 3, 2, 3, 1, 3, 1, 3, 1, 1, 1, 1, 0, 1, 2, 0, 1, 3, 1, 2, 0, 3, 3, 3, 1, 0, 1, 1, 3, 1, 0, 1, 1, 1, 1, 1, 0, 0, 1, 1, 2, 3, 0, 1, 0, 3, 3, 3, 3, 3, 1, 3, 2, 0, 3, 1, 1, 3, 3, 1, 1, 3, 3, 0, 0, 3, 0, 1, 3, 0, 2, 3, 3, 0, 0, 3, 0, 2, 1, 1, 0, 0, 0, 3, 2, 1, 0, 0, 3, 0, 3, 3, 3, 2, 0, 0, 2, 2, 3, 3, 0, 1, 3, 3, 0, 1, 3, 0, 1, 2, 2, 1, 2], "predicted_labels": [1, 0, 1, 1, 0, 0, 1, 1, 1, 1, 0, 1, 3, 0, 0, 0, 1, 2, 0, 3, 1, 1, 0, 0, 0, 1, 1, 1, 3, 0, 0, 3, 3, 1, 0, 3, 2, 0, 2, 1, 1, 3, 1, 0, 1, 1, 1, 1, 2, 3, 1, 1, 1, 1, 3, 3, 1, 0, 3, 2, 1, 1, 3, 1, 0, 1, 3, 0, 1, 1, 2, 1, 1, 2, 1, 1, 2, 3, 1, 0, 1, 1, 1, 0, 1, 1, 1, 3, 1, 3, 0, 0, 1, 0, 3, 3, 3, 1, 1, 3, 0, 1, 0, 1, 0, 3, 0, 3, 1, 3, 1, 3, 3, 3, 1, 1, 0, 1, 0, 0, 1, 1, 1, 0, 1, 1, 3, 3, 3, 1, 3, 1, 3, 3, 0, 3, 3, 1, 1, 3, 1, 3], "confidence_scores": [[0.21636802678015182, 0.599073617334375, 0.05453774170948667, 0.1300206141759866], [0.29865803823766274, 0.13518851339029428, 0.4917383906934042, 0.07441505767863874], [0.09890175781357426, 0.49611171133729925, 0.25994334230040306, 0.1450431885487234], [0.11927844202689047, 0.3828819784057877, 0.13677600424974892, 0.3610635753175726], [0.9102515088341226, 0.03579154838903126, 0.011724806046079957, 0.042232136730766076], [0.42313924459229646, 0.05886465981801024, 0.32264119587848555, 0.19535489971120792], [0.0712493266526633, 0.459994077284956, 0.10625344506626717, 0.36250315099611363], [0.07801618778592913, 0.5014918686601406, 0.370669902429625, 0.04982204112430534], [0.0657482133249235, 0.30075396333558013, 0.3240579530042792, 0.30943987033521714], [0.059065087726949315, 0.24545248367486291, 0.6374142661421964, 0.0580681624559916], [0.3411123372597007, 0.15302157824862092, 0.4640179952111936, 0.04184808928048481], [0.0959671210509238, 0.39188530919487197, 0.31148877293922256, 0.2006587968149815], [0.1171613323045726, 0.25595611897019216, 0.31455177209992924, 0.31233077662530595], [0.8784457953997628, 0.018024888644469036, 0.005568405219040222, 0.09796091073672818], [0.3496579203872846, 0.2544661783785643, 0.1386802932460126, 0.25719560798813856], [0.5680591253776093, 0.2432581702280253, 0.005863010920317268, 0.18281969347404825], [0.29533812799348375, 0.5011185932641434, 0.15736354112401052, 0.04617973761836192], [0.013234930545132037, 0.04292569021362094, 0.8243991235034266, 0.11944025573782047], [0.5074318097155418, 0.1776580131147205, 0.10204576182771778, 0.2128644153420199], [0.32131539384017366, 0.16478823436793974, 0.20282434322387752, 0.3110720285680089], [0.24689785744928655, 0.5912955600086965, 0.06528344079018078, 0.0965231417518363], [0.15514123387699977, 0.45871922861909487, 0.04505566784043766, 0.3410838696634677], [0.4655924023374598, 0.1830881404484173, 0.13254688368923367, 0.21877257352488938], [0.5816499841750467, 0.08969279847322668, 0.05588272766743821, 0.27277448968428875], [0.5659918179438008, 0.021220431648612797, 0.3291956505847864, 0.08359209982280007], [0.16815455177998706, 0.43330178444143586, 0.1511906621111111, 0.24735300166746563], [0.016078620395728962, 0.25766803487393347, 0.5963208356125116, 0.1299325091178257], [0.10749069240266566, 0.6888240510678875, 0.08470960034097116, 0.11897565618847554], [0.07857532137204044, 0.2683133807051863, 0.23375898422383262, 0.4193523136989405], [0.4167417337496777, 0.24779457353654646, 0.12312973713380722, 0.21233395557996868], [0.2867035575612622, 0.1258272464810835, 0.3940431133051651, 0.19342608265248945], [0.03630874978509527, 0.35426337844350025, 0.08731369918826229, 0.5221141725831422], [0.12099929085191152, 0.20914784190817962, 0.42726932734202794, 0.2425835398978807], [0.03000546683061196, 0.33068614411669933, 0.5623559649771622, 0.07695242407552637], [0.8695830103453521, 0.009880960136966526, 0.018102519559416885, 0.10243350995826447], [0.3427631228894025, 0.08780000936657155, 0.12326316361195179, 0.4461737041320741], [0.10559997762642682, 0.04652260042906533, 0.6681944530123265, 0.17968296893218116], [0.9156794928804217, 0.028024962188878393, 0.0017781394972245167, 0.054517405433475406], [0.12113784077513569, 0.07984638509799069, 0.6845250832364893, 0.11449069089038458], [0.41112656405842446, 0.5439110359430832, 0.0018628624970999212, 0.04309953750139277], [0.030089111696415774, 0.35232053000836705, 0.3934354514914272, 0.22415490680378977], [0.19839484424323292, 0.09556414183481118, 0.4957462430840079, 0.21029477083794818], [0.10974910221351476, 0.3015062731522326, 0.4078330627728371, 0.18091156186141577], [0.5024517180946124, 0.2386209554044406, 0.08160604240415258, 0.17732128409679446], [0.44275055479874303, 0.4874633638956053, 0.00800230237187181, 0.061783778933779565], [0.10534330892503076, 0.40390282475849604, 0.2276379765889238, 0.2631158897275493], [0.043991078099834754, 0.4418546240171678, 0.26761336990544965, 0.24654092797754795], [0.2974931254705296, 0.302881392228304, 0.12206515798570979, 0.27756032431545685], [0.12057397118040304, 0.18456774459355743, 0.5467892225327138, 0.14806906169332554], [0.381405777600817, 0.17933794753156349, 0.06918951727806748, 0.3700667575895521], [0.1438063909760026, 0.45931481626020215, 0.11297843539501819, 0.283900357368777], [0.12344172095696779, 0.6058063022283058, 0.13769798448255163, 0.1330539923321751], [0.14625388571011108, 0.42572301837925147, 0.21707585041818026, 0.21094724549245708], [0.04138564300655918, 0.7251009831341848, 0.05650962259751513, 0.17700375126174062], [0.3100639395980426, 0.14868481662259803, 0.07901405827694312, 0.4622371855024161], [0.4409168863167758, 0.02574843815390303, 0.06629013511662879, 0.4670445404126924], [0.1148089898773151, 0.39030603557657084, 0.31063665715380967, 0.18424831739230468], [0.5778176854307375, 0.19947791574627521, 0.15695734211221948, 0.06574705671076782], [0.19795051747957804, 0.20460568501055468, 0.19220962982559556, 0.40523416768427195], [0.007183579982600348, 0.023942313560535333, 0.8444563920690709, 0.12441771438779332], [0.28054065396929934, 0.5219722338321323, 0.016897020328560063, 0.18059009187000827], [0.35755782122831764, 0.2901171094116717, 0.05030093779533463, 0.302024131564676], [0.13546888532602042, 0.30351575036726963, 0.1774706434200696, 0.3835447208866402], [0.26341976027136876, 0.33522349397637563, 0.24333782949364932, 0.15801891625860626], [0.565338346910406, 0.05711921005749118, 0.0008381086662499176, 0.376704334365853], [0.2557924026283487, 0.34615065226074143, 0.058367810075860165, 0.33968913503504955], [0.0587914608629793, 0.3531781520532023, 0.154047722092887, 0.43398266499093163], [0.5844258519623038, 0.08356891480487014, 0.017658434329494165, 0.31434679890333195], [0.0959858972448092, 0.4683075052527026, 0.31323160929712657, 0.12247498820536172], [0.11980464588781131, 0.3295155953449586, 0.4329992839201291, 0.11768047484710085], [0.007124961729932681, 0.11328679995489678, 0.838124433542311, 0.04146380477285964], [0.14041432936124695, 0.6183052508442999, 0.09062163804752148, 0.15065878174693145], [0.18013337773408902, 0.4567979327532933, 0.2722843647810648, 0.0907843247315528], [0.06480557899951117, 0.05268844962308797, 0.7486218048541489, 0.1338841665232519], [0.1222835220515084, 0.7406043970510727, 0.06715080367246541, 0.06996127722495349], [0.020803438862197262, 0.4459783924652101, 0.34355313195068465, 0.18966503672190838], [0.08806639959804792, 0.01656545865338651, 0.783811797193853, 0.11155634455471258], [0.09339758262468018, 0.32584455462053347, 0.12106611586366807, 0.4596917468911181], [0.2993812514480075, 0.3764663550557983, 0.05086365897483191, 0.2732887345213626], [0.6569699909791542, 0.16331339124921013, 0.07200355912079745, 0.10771305865083831], [0.046836756973316414, 0.48136245825420915, 0.03589828520739622, 0.4359024995650783], [0.2394924533463983, 0.2596561684113375, 0.24934963680919134, 0.2515017414330729], [0.0371555703616571, 0.5194004311243489, 0.26692131733195773, 0.1765226811820363], [0.7685450698332135, 0.020615751196459198, 0.0383964324779342, 0.1724427464923933], [0.051816552542871985, 0.2934352776648417, 0.503560585688465, 0.15118758410382113], [0.2911336889334045, 0.43450703098769666, 0.2208218096367816, 0.05353747044211726], [0.017033567527056707, 0.3957921744874134, 0.4665583251424749, 0.12061593284305493], [0.3089978166997447, 0.10123914101121496, 0.001340474027867117, 0.5884225682611731], [0.34357701819971215, 0.4689159287022409, 0.16550591668045447, 0.022001136417592694], [0.3615101115999644, 0.11251759337686233, 0.009625211761765166, 0.5163470832614082], [0.8723143493646711, 0.008182396477345793, 0.006187398640972862, 0.11331585551701032], [0.5633591585803133, 0.13866527822818406, 0.026027375028243246, 0.2719481881632595], [0.19511402598324373, 0.5647585517735608, 0.02389169320429409, 0.21623572903890143], [0.6177539392361829, 0.2221518592463861, 0.04789553028674824, 0.11219867123068249], [0.16390298833615005, 0.2135726498736559, 0.16465514934261155, 0.4578692124475825], [0.36712182726616877, 0.16173905453165802, 0.01176457026680737, 0.45937454793536564], [0.3253639398536461, 0.21519717143012523, 0.022287906073938497, 0.43715098264229024], [0.2770853251176649, 0.44838943583255114, 0.23250544260372402, 0.042019796446059916], [0.11199025289229661, 0.7826099663355514, 0.0010101335995063604, 0.10438964717264583], [0.040605285413348624, 0.09292611244527209, 0.27298687761234297, 0.5934817245290365], [0.4606735933223778, 0.2772191310311572, 0.03149946714029842, 0.2306078085061666], [0.08363951815646144, 0.6756629553821301, 0.042700030187375525, 0.1979974962740333], [0.6868063984017515, 0.044180291107880215, 0.046844785599160936, 0.22216852489120745], [0.03901200493402696, 0.2654404178011737, 0.4965840118659911, 0.19896356539880838], [0.5379097314460196, 0.3343326124439122, 0.0022962581706788446, 0.12546139793938957], [0.18776231652914807, 0.20778153993940537, 0.0017622926091918054, 0.602693850922255], [0.639617512138218, 0.21427619119949884, 0.015721353153957653, 0.13038494350832555], [0.05963282146729349, 0.3269624113019613, 0.0534627394070522, 0.559942027823693], [0.18756438126888722, 0.23134949458657209, 0.5413672171125691, 0.03971890703197139], [0.13581936035044956, 0.07805367326354642, 0.5210636738079624, 0.26506329257804195], [0.4615329546685201, 0.3792322468464798, 0.015189084576714806, 0.14404571390828486], [0.20016655845028883, 0.26406279997092236, 0.0898481223554516, 0.44592251922333764], [0.11698189135267345, 0.0975753458184164, 0.061092985680508985, 0.7243497771484011], [0.0769531277712114, 0.3747657462037862, 0.06640516420415879, 0.4818759618208437], [0.03112968336240166, 0.5419896678560074, 0.40936417036447936, 0.017516478417111767], [0.156206598933736, 0.6765479161058362, 0.03380315212271369, 0.13344233283771423], [0.8575551355820509, 0.018555800499277672, 0.006600120783582921, 0.11728894313508856], [0.022870399168528295, 0.7338157653722014, 0.0944525122327217, 0.14886132322654846], [0.5315084065894883, 0.1264864589607033, 0.006944347938023309, 0.33506078651178506], [0.480088688468649, 0.09124512704482869, 0.04184058576277263, 0.38682559872374966], [0.12883643217332022, 0.33322140619214735, 0.3505395445226024, 0.18740261711193054], [0.15523651459573443, 0.4755309276376046, 0.1390621338851443, 0.23017042388151668], [0.23361586540229803, 0.4675647434606294, 0.19502438425336055, 0.103795006883712], [0.7579795390900345, 0.019647551425927962, 0.03644156810046375, 0.18593134138357367], [0.1531726517952847, 0.6354462245387719, 0.07812070573424322, 0.13326041793169993], [0.042115886528136706, 0.6208801407881698, 0.12179007933348056, 0.21521389335021285], [0.05395268939408693, 0.35593130192037886, 0.14960886409197452, 0.44050714459355955], [0.16329077690649385, 0.15178886802357408, 0.0020225276149103584, 0.6828978274550219], [0.08616622928059099, 0.07526320665456515, 0.4059379941810328, 0.43263256988381105], [0.13286249500004346, 0.4058731729518094, 0.1577029693578839, 0.3035613626902634], [0.4178095576793297, 0.06111804375415247, 0.005590629476968526, 0.5154817690895492], [0.11396420909343154, 0.5731492400042931, 0.18543012715651125, 0.12745642374576405], [0.17115836450782163, 0.1654067518387061, 0.4405338308175782, 0.2229010528358943], [0.23705000420760725, 0.2157824406214748, 0.03428471521422621, 0.5128828399566917], [0.5083533658644679, 0.26527391496736985, 0.11313546274054756, 0.11323725642761459], [0.11280352980824843, 0.2382428867974647, 0.2089504964283493, 0.4400030869659375], [0.26984176425845025, 0.03438682457878818, 0.008693297807037304, 0.6870781133557241], [0.1657242195515369, 0.3014235643129959, 0.3137595250185149, 0.21909269111695232], [0.06992877572433437, 0.41827133537406747, 0.3602383917105548, 0.15156149719104342], [0.12085903330029762, 0.2203189969695714, 0.16335839488065282, 0.495463574849478], [0.07269923624092409, 0.7696421659552152, 0.07050412925941413, 0.08715446854444649], [0.36088415437295734, 0.15595157479886318, 0.1434833845408928, 0.339680886287287]]}}