{"test": {"ids": ["108115070", "112119450", "111116110", "99109840", "113121010", "106113830", "101111140", "112116540", "99107950", "110118301", "108114270", "102110240", "103109791", "99109161", "111116640", "103113170", "108118301", "113122120", "99112840", "107113200", "103113640", "112118880", "110118181", "108121160", "100111270", "112117471", "101108370", "112116900", "107121230", "112120640", "106118820", "111119250", "112118620", "109114651", "109115211", "109120540", "105115250", "113119480", "111119300", "101108121", "100107920", "102112301", "110120531", "113120540", "109121640", "99108080", "104111830", "107119950", "112116610", "109114220", "110118121", "105112240", "99107630", "111116750", "113119320", "112120270", "100109330", "107121700", "99113260", "98111620", "97112170", "103118291", "100115700", "100111380", "112117210", "107118520", "113122430", "106120640", "101112540", "102110690", "101110150", "112116800", "107112840", "107115250", "109117730", "101114990", "103120531", "109116750", "100109910", "113118111", "113119120", "113119700", "111120320", "112119500", "113117550", "99108000", "112119320", "104113170", "99107500", "106116820", "101113210", "110114720", "108120060", "105116980", "111115400", "100108990", "106121220", "111120220", "105119550", "111117200", "108114040", "98120010", "97116500", "102114270", "98107380", "109113881", "100111620", "97106600", "105116501", "99112641", "103112470", "111119580", "107113360", "101109120", "97106820", "113122650", "111116530", "105112100", "112119930", "97109570", "102113210", "109116810", "109113281", "104118340", "110115250", "98108370", "107114490", "107113130", "110118111", "105110251", "113118810", "111116100", "111121220", "108113760", "107121640", "98119591", "106114011", "104111531", "102112170", "105120280", "110118810", "99111000"], "labels": [1, 3, 3, 2, 2, 1, 2, 1, 1, 1, 3, 3, 3, 3, 0, 3, 1, 1, 2, 0, 1, 1, 1, 2, 2, 3, 1, 3, 0, 0, 3, 1, 3, 3, 0, 1, 2, 3, 1, 0, 0, 1, 0, 3, 0, 3, 3, 3, 1, 3, 3, 1, 2, 3, 1, 0, 0, 3, 0, 3, 0, 0, 1, 3, 1, 2, 2, 3, 2, 0, 1, 0, 1, 2, 3, 3, 3, 0, 2, 1, 3, 0, 1, 2, 3, 2, 1, 3, 0, 1, 3, 3, 1, 0, 0, 2, 1, 3, 1, 0, 0, 2, 2, 3, 1, 0, 3, 3, 1, 1, 1, 3, 0, 1, 1, 2, 3, 1, 1, 0, 3, 3, 0, 2, 1, 1, 3, 1, 1, 0, 3, 3, 3, 1, 1, 1, 1, 0, 3, 3, 1, 2], "predicted_labels": [1, 3, 3, 2, 3, 3, 3, 0, 1, 1, 1, 1, 1, 0, 3, 3, 3, 2, 1, 0, 0, 0, 1, 1, 1, 3, 0, 0, 3, 3, 1, 1, 3, 0, 3, 0, 1, 3, 1, 3, 0, 3, 3, 0, 1, 0, 3, 3, 1, 0, 3, 0, 0, 0, 3, 1, 1, 0, 1, 2, 3, 3, 0, 1, 1, 1, 1, 1, 3, 3, 0, 1, 1, 3, 0, 1, 0, 0, 0, 3, 3, 1, 1, 1, 3, 3, 3, 1, 1, 0, 1, 1, 2, 3, 3, 3, 1, 0, 0, 3, 1, 3, 3, 1, 3, 3, 3, 3, 0, 3, 1, 0, 0, 1, 0, 3, 1, 0, 1, 3, 3, 1, 3, 1, 3, 2, 3, 1, 3, 3, 1, 1, 3, 0, 1, 3, 0, 3, 3, 1, 3, 1], "confidence_scores": [[0.23961124672057302, 0.3165789578351269, 0.20671584900616677, 0.2370939464381333], [0.2497300218554755, 0.24911073086115998, 0.18855460822759354, 0.312604639055771], [0.2503741297111162, 0.25735975937373384, 0.19006699009406958, 0.3021991208210805], [0.21320984472222496, 0.2633229355169853, 0.2691792563312773, 0.25428796342951226], [0.23116854315117205, 0.23523759772045963, 0.18625996580549548, 0.3473338933228728], [0.21665772161912425, 0.2764592863045101, 0.2017756852515757, 0.30510730682479], [0.28367747864988313, 0.19341046554235203, 0.2302643280097264, 0.2926477277980387], [0.3277876671525249, 0.25153246339114127, 0.11359647181351672, 0.3070833976428171], [0.1953542815430906, 0.3180648613237852, 0.27161822965317683, 0.21496262747994752], [0.2544597911579297, 0.3182791948819157, 0.17381781973662924, 0.25344319422352557], [0.2516783259751182, 0.3130448551707167, 0.1720234287011043, 0.2632533901530609], [0.24618951803554828, 0.3226614147446525, 0.19264952786409115, 0.23849953935570808], [0.23009472663380348, 0.3081138059858336, 0.2131419818210825, 0.24864948555928063], [0.27746824954760424, 0.26305428661719943, 0.2374887175343883, 0.22198874630080812], [0.2426334852588548, 0.2650509751088955, 0.17891893783340304, 0.3133966017988465], [0.24237922980964177, 0.26055618008649967, 0.22072540512770122, 0.2763391849761572], [0.2644367965461585, 0.2694263272484722, 0.183774601108169, 0.28236227509720024], [0.24217819281856193, 0.2477369757878123, 0.2693808023532514, 0.24070402904037458], [0.2058357688097877, 0.33145612317796974, 0.19092901440817986, 0.27177909360406266], [0.2733647412105692, 0.2577469356190447, 0.1957183753415711, 0.27316994782881515], [0.3193012131018359, 0.2020290041774011, 0.19634268452987022, 0.2823270981908929], [0.2631321130115082, 0.22972586595452693, 0.24800459253189053, 0.2591374285020745], [0.2722698460679106, 0.2965640010158967, 0.17089718031656306, 0.26026897259962983], [0.2456626391335259, 0.33788954849011893, 0.18311764821071008, 0.23333016416564523], [0.23065182775754398, 0.27434111351213836, 0.2314700971050202, 0.2635369616252975], [0.2545085029365745, 0.27208298817907606, 0.19046374639359062, 0.28294476249075884], [0.3800605989968955, 0.17641795610714056, 0.1816014157117615, 0.2619200291842027], [0.3181893375568033, 0.23603224722503313, 0.1652483609782972, 0.28053005423986654], [0.19940770108973052, 0.3032635145682156, 0.18935862936210235, 0.3079701549799515], [0.24657960226100697, 0.24126787899633084, 0.23384011806710384, 0.2783124006755584], [0.2181025417629361, 0.3067094796072262, 0.2073276657347366, 0.2678603128951012], [0.19666002395399526, 0.33952967869482764, 0.24729542581643693, 0.21651487153474008], [0.2689765414127859, 0.2155523548327882, 0.18597312068271443, 0.3294979830717118], [0.34265374815511807, 0.20584356512817814, 0.14667231231216638, 0.30483037440453775], [0.223276744784156, 0.2771090124925446, 0.17699249569590375, 0.3226217470273957], [0.3066628432158565, 0.2692140806602492, 0.13862676034844237, 0.28549631577545187], [0.26136908007678133, 0.32377349813496764, 0.18104169697001182, 0.23381572481823926], [0.21747772126275408, 0.28634883003548484, 0.19081432131542392, 0.3053591273863371], [0.27348209863122697, 0.28264799704436394, 0.20236314725205445, 0.24150675707235478], [0.23798325166823936, 0.26731829287068043, 0.16488893998640183, 0.32980951547467846], [0.29463189692526426, 0.27777662535466285, 0.1839525542867218, 0.2436389234333513], [0.26510852582659866, 0.23740042635243885, 0.1722510646939826, 0.32523998312698005], [0.2795161484571015, 0.2648619423638153, 0.1297271112902214, 0.32589479788886194], [0.3631484054194255, 0.23034245105473616, 0.14401268057948857, 0.26249646294634965], [0.2192124090377651, 0.3082090735293885, 0.20071994686422392, 0.27185857056862234], [0.26758188398271654, 0.2441849423829626, 0.22105172462720457, 0.26718144900711643], [0.2570137056947236, 0.23368206167932978, 0.21394026966935287, 0.29536396295659384], [0.2345636238505299, 0.2773348703055123, 0.1679739387373246, 0.32012756710663337], [0.2736449940578155, 0.28312254121128755, 0.18774847240371642, 0.2554839923271805], [0.30699301592001177, 0.2692112514177943, 0.16245779604064345, 0.2613379366215504], [0.24391071004664316, 0.25234489909177726, 0.20788198297166868, 0.29586240788991097], [0.3161308206272744, 0.23285842015224584, 0.19794069183809784, 0.2530700673823819], [0.2844909898782244, 0.201003968692713, 0.25562683856122226, 0.25887820286784036], [0.362577251422326, 0.16626006543994806, 0.16292140467000066, 0.30824127846772553], [0.25399076934418585, 0.21558626936503664, 0.17744200641190297, 0.3529809548788746], [0.25428348030775205, 0.2754990788601292, 0.2054590551675438, 0.26475838566457527], [0.2436847362608355, 0.3408029946945143, 0.2089519357190289, 0.20656033332562135], [0.28039528400437713, 0.2760883596138289, 0.20891207969442951, 0.2346042766873645], [0.2458468405421395, 0.28857202047851155, 0.18589790445064447, 0.27968323452870475], [0.23652121360173364, 0.24453819490682108, 0.2688519049330851, 0.2500886865583603], [0.22635405782997522, 0.26197722022085473, 0.19124851913372212, 0.3204202028154479], [0.26999602578060466, 0.21831638023517239, 0.18740185374668822, 0.3242857402375348], [0.31889422331266837, 0.19549816576146653, 0.22146462668460054, 0.2641429842412647], [0.27875840786741574, 0.30953539682484466, 0.1576132686656599, 0.25409292664207966], [0.25833091438524197, 0.29283946765895724, 0.2104090712065732, 0.23842054674922777], [0.2333143401991409, 0.31065481609046425, 0.16997584430169055, 0.2860549994087042], [0.22213502498191123, 0.3371714147564452, 0.17851124784348976, 0.26218231241815393], [0.21396217535172052, 0.34261922128523264, 0.19670266986949478, 0.2467159334935522], [0.2564924400391425, 0.2146951475010349, 0.1868006875891663, 0.3420117248706564], [0.3003270539105722, 0.24159927521351424, 0.15372423467810667, 0.304349436197807], [0.276759292478384, 0.2539279719083892, 0.1998711188378035, 0.26944161677542317], [0.23380547912810815, 0.2913957100606248, 0.1942727197673769, 0.28052609104389015], [0.22233525462913412, 0.3166355158746753, 0.1802338988683539, 0.2807953306278364], [0.2647981847343608, 0.2400153751696582, 0.22706197226065708, 0.26812446783532395], [0.34814380479671647, 0.2210248679565512, 0.20086727167795448, 0.229964055568778], [0.18715962419742369, 0.3562785186574227, 0.21508907549392625, 0.24147278165122757], [0.2905830662574298, 0.26650348586649425, 0.17524478844557, 0.26766865943050605], [0.278345146969043, 0.27067105653929074, 0.21297968845597925, 0.23800410803568717], [0.321977493724415, 0.23591432959591252, 0.2421039516615716, 0.20000422501810097], [0.2990439709590414, 0.20449011361289735, 0.16907171477185035, 0.32739420065621105], [0.24700204839973733, 0.1986635701988321, 0.20982584644919108, 0.3445085349522396], [0.23929880405536913, 0.3207299607218497, 0.21753713196601776, 0.22243410325676366], [0.238844144700566, 0.29087310943108013, 0.1864356007742666, 0.2838471450940872], [0.2256859999296055, 0.26617732495801827, 0.24585802025559228, 0.26227865485678403], [0.2545360724020293, 0.27390792282786697, 0.17935575604654677, 0.2922002487235572], [0.1723496296170878, 0.28436483994121564, 0.25561916745635016, 0.2876663629853464], [0.2369244903148554, 0.25078054992553195, 0.22760410702283906, 0.28469085273677375], [0.2580487938385881, 0.3328833823454154, 0.19346717904255473, 0.21560064477344199], [0.2401509918687988, 0.29798818015241013, 0.22048081456689822, 0.24138001341189302], [0.29603836226694374, 0.2731969202483151, 0.1579234224539947, 0.2728412950307464], [0.2547663767822374, 0.29743124679621646, 0.19319917273913748, 0.25460320368240896], [0.21498843478853533, 0.3241908251440461, 0.2194526126174353, 0.24136812744998332], [0.23418644258024834, 0.290844543814011, 0.30324858076973493, 0.17172043283600594], [0.2913312277980343, 0.2397205359281757, 0.1560885570405727, 0.3128596792332172], [0.24413645825160896, 0.2057918863080227, 0.27237991252481064, 0.27769174291555776], [0.2282941784431592, 0.2764526176961055, 0.17827105409008123, 0.31698214977065436], [0.2649250499748119, 0.26576993991899406, 0.23755978688957635, 0.23174522321661745], [0.3136470802695643, 0.25520113745288947, 0.18563659186874912, 0.2455151904087971], [0.27306179975440875, 0.2641023228029079, 0.19885995198666928, 0.2639759254560141], [0.2309878261713048, 0.28725401330584843, 0.1844085822968161, 0.2973495782260309], [0.26958540031918693, 0.30928497455909215, 0.17790816511084245, 0.24322146001087866], [0.25372588369524396, 0.23720867574795562, 0.2456696482274677, 0.26339579232933275], [0.25081480724965954, 0.22265570936156698, 0.24046460081606238, 0.2860648825727111], [0.27338727096404025, 0.31430195744188, 0.18123372284766856, 0.2310770487464111], [0.2496488679017694, 0.21927801568421482, 0.2394140209171242, 0.29165909549689173], [0.21414808821823847, 0.2443468847647968, 0.18943762299207134, 0.3520674040248934], [0.25253870956380026, 0.21930483841614815, 0.2115014188099308, 0.3166550332101208], [0.2301689695082006, 0.22193211719811462, 0.25277650898791315, 0.2951224043057718], [0.31675196220894397, 0.23455342848329536, 0.15378756480263303, 0.29490704450512784], [0.28031469191264535, 0.24647956630921425, 0.18982213492136535, 0.2833836068567751], [0.24208350066119066, 0.29148026754923123, 0.2180567366421938, 0.24837949514738442], [0.28863914781633965, 0.2876932138811598, 0.19549411167047964, 0.22817352663202087], [0.30563804304493175, 0.23779531338068588, 0.19972816775490354, 0.25683847581947883], [0.24372935042313817, 0.3048184706802214, 0.18270242351073177, 0.26874975538590873], [0.2901278646496873, 0.2846302906645776, 0.1800893523243082, 0.2451524923614268], [0.2345379668778552, 0.287699674982936, 0.17203862441220813, 0.30572373372700057], [0.2201428517231458, 0.3847894563300511, 0.15178093530830064, 0.24328675663850263], [0.3033575793416458, 0.19653046151734152, 0.20794457398410607, 0.29216738515690643], [0.18191872334028608, 0.29869269096957407, 0.23784957438189497, 0.2815390113082449], [0.26583002205806006, 0.23736893138937729, 0.18417962995062653, 0.3126214166019363], [0.25886184489946656, 0.24032461338331668, 0.21946427842480834, 0.2813492632924085], [0.251549836927073, 0.32239757745439607, 0.17119110297372053, 0.2548614826448107], [0.2622464673176206, 0.22631612291587494, 0.16771219473490212, 0.34372521503160214], [0.2614743952976493, 0.2854135507240622, 0.2374387916930989, 0.21567326228518963], [0.24272941784918786, 0.20912715673898485, 0.24458556815352658, 0.3035578572583007], [0.23710475892048483, 0.24955627827032717, 0.27252811329056675, 0.2408108495186212], [0.20087171947503799, 0.294836323687375, 0.187426643564902, 0.316865313272685], [0.26795801120760177, 0.3043222123611574, 0.21238049445062387, 0.21533928198061714], [0.27501047208178947, 0.271121882936207, 0.16900984306418781, 0.28485780191781573], [0.2588573630705945, 0.22175563561502348, 0.20881921792108613, 0.310567783393296], [0.21259712041473258, 0.3140815700402936, 0.19681695512789438, 0.2765043544170798], [0.28812073517460524, 0.3005971097008866, 0.17603210012802703, 0.23525005499648136], [0.2417734961240501, 0.273713969263762, 0.1522366443068719, 0.3322758903053162], [0.2843722051184301, 0.2506510941857866, 0.22780071616784742, 0.2371759845279358], [0.2515895709682929, 0.277214321021467, 0.24730649944788258, 0.2238896085623575], [0.26692519425801275, 0.2100249287721981, 0.20085578114683497, 0.3221940958229543], [0.3020193521264725, 0.24840554468141213, 0.22681139584905508, 0.22276370734306042], [0.24477887688564726, 0.2674204412110648, 0.19408709755644993, 0.2937135843468381], [0.2550820988209585, 0.2285203371312864, 0.23374470736927783, 0.2826528566784773], [0.26553751795826525, 0.31516121479950227, 0.22931255021346178, 0.18998871702877082], [0.246295343900932, 0.2540278287778785, 0.2166128063600201, 0.2830640209611695], [0.21788235586959903, 0.31454320044651296, 0.23782491785980414, 0.22974952582408392]]}, "rewritten": {"ids": ["97106600", "97106820", "97109570", "97112170", "97116500", "98107380", "98108370", "98111620", "98119591", "98120010", "99107500", "99107630", "99107950", "99108000", "99108080", "99109161", "99109840", "99111000", "99112641", "99112840", "99113260", "100107920", "100108990", "100109330", "100109910", "100111270", "100111380", "100111620", "100115700", "101108121", "101108370", "101109120", "101110150", "101111140", "101112540", "101113210", "101114990", "102110240", "102110690", "102112170", "102112301", "102113210", "102114270", "103109791", "103112470", "103113170", "103113640", "103118291", "103120531", "104111531", "104111830", "104113170", "104118340", "105110251", "105112100", "105112240", "105115250", "105116501", "105116980", "105119550", "105120280", "106113830", "106114011", "106116820", "106118820", "106120640", "106121220", "107112840", "107113130", "107113200", "107113360", "107114490", "107115250", "107118520", "107119950", "107121230", "107121640", "107121700", "108113760", "108114040", "108114270", "108115070", "108118301", "108120060", "108121160", "109113281", "109113881", "109114220", "109114651", "109115211", "109116750", "109116810", "109117730", "109120540", "109121640", "110114720", "110115250", "110118111", "110118121", "110118181", "110118301", "110118810", "110120531", "111115400", "111116100", "111116110", "111116530", "111116640", "111116750", "111117200", "111119250", "111119300", "111119580", "111120220", "111120320", "111121220", "112116540", "112116610", "112116800", "112116900", "112117210", "112117471", "112118620", "112118880", "112119320", "112119450", "112119500", "112119930", "112120270", "112120640", "113117550", "113118111", "113118810", "113119120", "113119320", "113119480", "113119700", "113120540", "113121010", "113122120", "113122430", "113122650"], "labels": [3, 1, 0, 0, 2, 1, 1, 3, 1, 2, 0, 2, 1, 2, 3, 3, 2, 2, 1, 2, 0, 0, 2, 0, 2, 2, 3, 3, 1, 0, 1, 1, 1, 2, 2, 3, 3, 3, 0, 3, 1, 3, 3, 3, 1, 3, 1, 0, 3, 0, 3, 3, 2, 0, 1, 1, 2, 1, 0, 1, 3, 1, 1, 1, 3, 3, 1, 1, 1, 0, 0, 3, 2, 2, 3, 0, 1, 3, 1, 0, 3, 1, 1, 1, 2, 0, 0, 3, 3, 0, 0, 3, 3, 1, 0, 3, 1, 1, 3, 1, 1, 1, 0, 0, 3, 3, 3, 0, 3, 0, 1, 1, 3, 3, 1, 3, 1, 1, 0, 3, 1, 3, 3, 1, 1, 3, 2, 1, 0, 0, 3, 1, 3, 3, 1, 3, 0, 3, 2, 1, 2, 2], "predicted_labels": [3, 1, 0, 1, 1, 3, 0, 1, 3, 1, 1, 0, 1, 1, 3, 0, 2, 1, 0, 1, 1, 3, 3, 1, 2, 1, 1, 1, 3, 3, 0, 3, 1, 3, 3, 1, 1, 1, 3, 0, 1, 3, 1, 3, 1, 1, 0, 3, 1, 3, 3, 1, 1, 3, 1, 3, 1, 0, 3, 0, 1, 3, 0, 0, 1, 1, 1, 1, 0, 0, 1, 1, 1, 1, 1, 3, 1, 1, 0, 3, 1, 1, 3, 1, 1, 3, 3, 3, 0, 3, 0, 1, 0, 0, 1, 1, 3, 1, 3, 1, 1, 1, 3, 3, 1, 3, 1, 1, 0, 1, 1, 1, 0, 0, 3, 3, 3, 3, 1, 0, 1, 3, 3, 2, 3, 3, 3, 3, 3, 3, 0, 3, 1, 3, 0, 3, 1, 0, 3, 0, 1, 3], "confidence_scores": [[0.2801780142845114, 0.2293754995158943, 0.2048753013928454, 0.2855711848067489], [0.2670421880654866, 0.2768706781665394, 0.1857477831619032, 0.27033935060607095], [0.2730399719060085, 0.2681869770460708, 0.1958579278828881, 0.26291512316503274], [0.2464923805409976, 0.30396861824154103, 0.22121470217624026, 0.22832429904122126], [0.25732558608207623, 0.2796115127561691, 0.21977948721502646, 0.24328341394672845], [0.2562575869501296, 0.21175802617323594, 0.24628764902461434, 0.2856967378520203], [0.26227079814771176, 0.25334532745702004, 0.22947272162375537, 0.25491115277151283], [0.21006939047702222, 0.2889137809366256, 0.2221556543763762, 0.27886117420997614], [0.23880838357137102, 0.24420508021292264, 0.2154870619485907, 0.30149947426711593], [0.2400417403768883, 0.26261710999610083, 0.25371801594519705, 0.243623133681814], [0.2021421979496379, 0.2830094592579626, 0.2542429434662836, 0.260605399326116], [0.272239630968809, 0.20305151130492008, 0.25557886254896545, 0.26912999517730546], [0.17745225084308472, 0.31313556480155463, 0.27514064749068845, 0.23427153686467228], [0.16911529185323512, 0.3129481464823554, 0.2518444699202755, 0.2660920917441339], [0.23103211975695184, 0.2503881971854422, 0.2218489697463953, 0.2967307133112108], [0.2916816515065339, 0.25827230909446014, 0.19165004058204002, 0.2583959988169662], [0.20013692710321745, 0.276352303602726, 0.29356822622067735, 0.22994254307337933], [0.23251814739598609, 0.32674602778740314, 0.21825729722466747, 0.22247852759194345], [0.2753082373975275, 0.2568141278429828, 0.21158896241992717, 0.25628867233956276], [0.19989345010953982, 0.3969127712653187, 0.19347718883671866, 0.20971658978842292], [0.21975353405154038, 0.2906245634065898, 0.22403201418368654, 0.2655898883581834], [0.2706100679306017, 0.25300505310596644, 0.17414749663888324, 0.3022373823245487], [0.23572938360890117, 0.27346604330292923, 0.16922302627324995, 0.32158154681491985], [0.2411292045364964, 0.36263069715469415, 0.17466451094382343, 0.22157558736498595], [0.22714542201696442, 0.2656685017556928, 0.27332739338844614, 0.23385868283889688], [0.23315863523633884, 0.2845368325954133, 0.23191448749250973, 0.25039004467573794], [0.3006507245025666, 0.34167225777407834, 0.13786447897761941, 0.21981253874573564], [0.23858555387469882, 0.2796364408729517, 0.20979349545954318, 0.2719845097928064], [0.2869354502078842, 0.20400805083408502, 0.19564192339378614, 0.31341457556424485], [0.25472210753116115, 0.23739668709516695, 0.16904544880493277, 0.338835756568739], [0.334195692459687, 0.24566154464532045, 0.17589632743280956, 0.244246435462183], [0.20757282017588408, 0.27324040259404914, 0.21863683236754927, 0.3005499448625175], [0.2652622108991306, 0.2885806707172918, 0.17300411176771502, 0.2731530066158626], [0.2527933434801244, 0.21907145492786018, 0.22111767043056316, 0.30701753116145236], [0.2149144925897675, 0.2677556965186572, 0.229888859575196, 0.28744095131637937], [0.2469288632251452, 0.29381770923221595, 0.20059438593307818, 0.2586590416095609], [0.22182835909599682, 0.3478056003256929, 0.19207029471844234, 0.23829574585986812], [0.2592794917983363, 0.2943778202285148, 0.23498927075489412, 0.2113534172182548], [0.26924526079589983, 0.2981361209004214, 0.12367777516990955, 0.30894084313376935], [0.26065717623855045, 0.24577587339761095, 0.2499501234691081, 0.24361682689473058], [0.2673206325114467, 0.3064190935756696, 0.1802430085666531, 0.2460172653462308], [0.2802697572153652, 0.23910102147967344, 0.18722091711333852, 0.29340830419162295], [0.2782225340319318, 0.2992839909189749, 0.1684709461613575, 0.25402252888773597], [0.2166066214670532, 0.22825253419360028, 0.25288506502262753, 0.30225577931671904], [0.2531920530739151, 0.29391210230500037, 0.16763686736825784, 0.28525897725282673], [0.21456615876796278, 0.32790327434822375, 0.20771993168957306, 0.24981063519424063], [0.30232138142112414, 0.20397135839743655, 0.21506409929224496, 0.2786431608891945], [0.2662070311411335, 0.2379007340684368, 0.19942094663377805, 0.29647128815665175], [0.2621414968701707, 0.3015244745004819, 0.1607789122933609, 0.2755551163359865], [0.24332952271654967, 0.2523222284183986, 0.21555965694158088, 0.2887885919234709], [0.19891491851160328, 0.27828907160109007, 0.1905378655657195, 0.33225814432158735], [0.19764262878298422, 0.29263139959751905, 0.2664454582107779, 0.24328051340871895], [0.20422564588023337, 0.34280710202722964, 0.15505142469509828, 0.29791582739743866], [0.219961903872666, 0.22854353045676398, 0.2525418352774507, 0.2989527303931193], [0.19681989994373797, 0.29009693182785523, 0.2612443417406873, 0.2518388264877196], [0.24321661817947873, 0.26321697344574035, 0.18081830414948544, 0.3127481042252953], [0.27147932991276835, 0.3360538643589665, 0.18191517061302298, 0.21055163511524222], [0.3379432466762085, 0.24462081942206573, 0.15908466729320894, 0.25835126660851687], [0.27613823435827867, 0.2244657295864013, 0.21269810980031295, 0.28669792625500723], [0.29363850034686106, 0.2867583033858399, 0.1743403336907868, 0.24526286257651242], [0.20731473238864354, 0.37261676039033126, 0.20661998105621313, 0.21344852616481247], [0.24704130848717543, 0.2786529719517057, 0.19045944599467746, 0.28384627356644143], [0.33673428968826763, 0.2579147151131383, 0.2157044567259776, 0.18964653847261673], [0.3135429935041707, 0.2789791048836395, 0.13412577839508294, 0.27335212321710695], [0.25053029557658435, 0.28130311514799095, 0.1993077418501565, 0.2688588474252682], [0.20421154406445244, 0.298966842786937, 0.21364155845812405, 0.2831800546904865], [0.23276692781921962, 0.29442873413872866, 0.20715741159634274, 0.2656469264457091], [0.24164937620968308, 0.3153654516995261, 0.17270165007079774, 0.2702835220199928], [0.2666636388234588, 0.26193275704606406, 0.2419435957799005, 0.2294600083505769], [0.2842671445752866, 0.2427758716433026, 0.20622543434543833, 0.26673154943597277], [0.2938502110263825, 0.33075560493712425, 0.17915446840020396, 0.19623971563628942], [0.2371139107970657, 0.30598394290234315, 0.18471499650181986, 0.2721871497987714], [0.23853189388521068, 0.27958510812296383, 0.24169093495475896, 0.24019206303706664], [0.2557545363523052, 0.32045440874090475, 0.1770585688781987, 0.24673248602859155], [0.23539523476511157, 0.3226254849300314, 0.15530398331890052, 0.28667529698595673], [0.2369622479606464, 0.26751446844946203, 0.17440648248617938, 0.32111680110371227], [0.27193901409579724, 0.27386920921691, 0.1986359651702877, 0.25555581151700496], [0.27003859208555825, 0.30581824206616826, 0.18763004945339287, 0.23651311639488082], [0.291873887175767, 0.2836940242714765, 0.20981926886625873, 0.21461281968649779], [0.2583339367923338, 0.27035959588234265, 0.19790811877786485, 0.27339834854745887], [0.21830620666522396, 0.33485864117261627, 0.15771263566872326, 0.28912251649343634], [0.24716596684926959, 0.27845849485587565, 0.22298784210986036, 0.25138769618499457], [0.2714881214930785, 0.26564257981866124, 0.18455811488411547, 0.2783111838041448], [0.22817401683446586, 0.3531841805305704, 0.25745909674123174, 0.16118270589373204], [0.26491522429188596, 0.30992030887736044, 0.16359072757358756, 0.2615737392571662], [0.2951174371904635, 0.24030234051717378, 0.14580005372422883, 0.31878016856813385], [0.24380001676002547, 0.24593191382804797, 0.22654676045148595, 0.2837213089604406], [0.26178187264378006, 0.26354639147065195, 0.18643190203363286, 0.2882398338519353], [0.2976824093831018, 0.26339388465119495, 0.17219187668312394, 0.2667318292825792], [0.19476422632951276, 0.30321290849728566, 0.17390454467334324, 0.32811832049985845], [0.27514703707754273, 0.24764031670703787, 0.24270061031015844, 0.23451203590526115], [0.22628947119914178, 0.34905158102001105, 0.17722145151369567, 0.24743749626715175], [0.3305615450578594, 0.23114182742785863, 0.18842401098877848, 0.24987261652550352], [0.30916234473051946, 0.26769632765767853, 0.18794701374545134, 0.2351943138663507], [0.23409003125037905, 0.29323383920210394, 0.19378747579258213, 0.2788886537549347], [0.2131577480273346, 0.2864225786747613, 0.22268513490792458, 0.27773453838997975], [0.20847845141665966, 0.21386547101509623, 0.2210163294831032, 0.35663974808514076], [0.2438108375880657, 0.3134208223369563, 0.19253380417088223, 0.2502345359040959], [0.3027453225574757, 0.2311135217187613, 0.13704003958492103, 0.32910111613884174], [0.23279291342579647, 0.3178335868920003, 0.16048555902664158, 0.2888879406555618], [0.2733704507354988, 0.2994169764762439, 0.18788871938292467, 0.2393238534053328], [0.25216567712707094, 0.28271016393973836, 0.2072363059355853, 0.2578878529976055], [0.289627962978519, 0.20736082102121833, 0.15772537013782778, 0.3452858458624348], [0.2530102878841738, 0.25104806914755284, 0.23312003163958242, 0.2628216113286911], [0.2450103706894848, 0.2983967049971055, 0.20485953106824348, 0.25173339324516614], [0.2974146709317198, 0.21794165622496867, 0.17919122032599902, 0.3054524525173125], [0.24228533301776575, 0.39687972450771314, 0.13181169276146965, 0.22902324971305166], [0.2708125859003138, 0.28468768742623946, 0.19057725354823138, 0.25392247312521515], [0.32621689779011326, 0.2192850683591753, 0.16855861201502262, 0.285939421835689], [0.239895206003783, 0.3032163010150129, 0.16400987663149208, 0.29287861634971235], [0.1760425558035451, 0.3725858193987424, 0.21712634870096448, 0.23424527609674822], [0.19971701749696333, 0.3247427283878417, 0.18201953625256373, 0.2935207178626314], [0.2894385623999097, 0.2443372031656681, 0.2186106745680503, 0.24761355986637187], [0.3045193779161066, 0.27731176148339354, 0.1777206549104097, 0.24044820569009026], [0.22910044966325632, 0.28722278085095054, 0.1600633240218713, 0.32361344546392184], [0.25507935974133983, 0.27985464583993436, 0.12923624323845398, 0.3358297511802719], [0.2785744065213684, 0.2634522825714595, 0.1468486787813119, 0.31112463212586017], [0.25617173434626195, 0.24784482757188722, 0.22822675905734757, 0.2677566790245033], [0.23691487088765406, 0.29138502468894933, 0.20287730542256058, 0.26882279900083605], [0.30849810474644734, 0.2638618858294923, 0.16674674575760412, 0.2608932636664565], [0.2597940823635317, 0.2768250802424595, 0.23102970934416753, 0.23235112804984115], [0.26422789529370166, 0.27687945402815806, 0.15056995304324128, 0.30832269763489906], [0.2510795715442217, 0.1994519070941167, 0.1924579723626142, 0.35701054899904766], [0.23614631292191293, 0.24974267295010957, 0.26225553742348123, 0.2518554767044966], [0.17581062076342202, 0.25249099028055033, 0.23918894600250962, 0.3325094429535181], [0.23696034531470833, 0.22402064011818149, 0.18012589860110698, 0.3588931159660031], [0.24493284116750652, 0.2526430017337384, 0.23799601398697692, 0.26442814311177854], [0.21148810841793886, 0.2950365766037219, 0.16146414493384698, 0.33201117004449254], [0.2089726976949788, 0.2617677912871704, 0.22724900081033375, 0.30201051020751707], [0.23611069344128022, 0.22848299344769704, 0.2401266744839851, 0.2952796386270379], [0.30401616374205676, 0.232918471513012, 0.1965205020741408, 0.2665448626707908], [0.2290878626352721, 0.23003110156064427, 0.22017245589421183, 0.32070857990987195], [0.21620002814075281, 0.31783457275503413, 0.1675312449910808, 0.29843415411313223], [0.22966614570707822, 0.2299260515602779, 0.2126100836254449, 0.32779771910719935], [0.32346913636873414, 0.25767519218571744, 0.15180605319067664, 0.2670496182548718], [0.24136906891146723, 0.28070350631888336, 0.16620027388680925, 0.3117271508828403], [0.25247744204450545, 0.28534519978526934, 0.20409942860764854, 0.2580779295625767], [0.3468607274484925, 0.2201735046592373, 0.17562048137793465, 0.2573452865143356], [0.24796845279529695, 0.260473759035577, 0.15911663179990745, 0.33244115636921856], [0.27506605518442717, 0.24778340536269522, 0.23728660843881597, 0.2398639310140619], [0.22559001238730292, 0.2945617465406103, 0.19788644929650048, 0.2819617917755864], [0.24426555563336855, 0.255954852657692, 0.2063383204505884, 0.29344127125835096]]}}