{"test": {"ids": ["113120830", "101112160", "97116410", "97113260", "101112690", "108115970", "112119950", "111119150", "98112580", "109121410", "112119930", "111121930", "112117030", "111116110", "97105451", "107114280", "112116401", "107118820", "112120670", "101110150", "97107920", "97106820", "103111990", "108118630", "110117870", "102113981", "109117150", "97109080", "113120260", "105113620", "110118810", "107115250", "99114890", "110118701", "109117630", "99111930", "103111830", "113119700", "112120540", "110116290", "100110260", "113117550", "100108080", "109114270", "107119130", "101108621", "108117720", "112121360", "107113200", "108117451", "106113360", "100109980", "97112290", "111120190", "103110100", "106118820", "107113180", "107113170", "97110950", "98113881", "112116610", "101112540", "105115380", "113121010", "107113360", "113122510", "112119500", "108115250", "112118890", "111118810", "108113480", "104111380", "109117600", "104113240", "101112201", "108115500", "100108490", "111115780", "111116411", "107120880", "108114220", "107117010", "112118530", "112116540", "98106560", "99108080", "105112260", "98106680", "101111990", "111116010", "109115220", "98106111", "110119891", "108113700", "107117630", "112118161", "97105580", "106112770", "103120340", "109118820", "107112840", "99121440", "101111620", "108116481", "102112301", "100120780", "108114180", "111119930", "109114651", "113119300", "110113591", "113122650", "98108410", "111116090", "105113480", "110118121", "105119550", "107116300", "105114220", "112121410", "97106600", "102117351", "109119010", "112120700", "112119580", "111119300", "108120280", "98116500", "103113210", "102110890", "105121370", "111120320", "105116650", "99108460", "110114950", "99108000", "108118291", "112117660", "103110760", "99111340", "107114140", "113118690"], "labels": [3, 3, 3, 1, 1, 2, 0, 3, 2, 0, 1, 1, 2, 3, 0, 3, 0, 3, 2, 1, 0, 1, 2, 1, 3, 1, 2, 2, 3, 0, 1, 2, 2, 3, 0, 1, 3, 0, 3, 2, 3, 3, 0, 3, 1, 0, 1, 3, 0, 2, 0, 1, 1, 3, 1, 3, 3, 0, 3, 3, 1, 2, 1, 2, 0, 2, 2, 1, 3, 0, 0, 3, 1, 2, 0, 3, 2, 1, 0, 1, 3, 1, 1, 1, 1, 3, 3, 1, 2, 1, 3, 0, 3, 0, 0, 0, 1, 1, 1, 3, 1, 2, 3, 0, 1, 1, 1, 1, 3, 1, 0, 2, 1, 3, 0, 3, 1, 0, 3, 0, 3, 1, 3, 2, 3, 1, 3, 2, 3, 0, 2, 1, 1, 0, 0, 2, 3, 0, 1, 1, 2, 3], "predicted_labels": [1, 3, 2, 3, 1, 3, 3, 3, 1, 1, 1, 0, 3, 3, 0, 0, 0, 0, 1, 1, 0, 3, 1, 3, 1, 1, 1, 1, 1, 1, 0, 1, 1, 3, 0, 3, 0, 1, 1, 0, 3, 3, 3, 3, 1, 1, 3, 0, 1, 0, 1, 1, 1, 1, 0, 3, 1, 3, 3, 1, 1, 1, 1, 3, 3, 1, 1, 1, 3, 3, 3, 3, 0, 1, 1, 1, 1, 0, 0, 3, 1, 3, 1, 3, 0, 1, 3, 1, 3, 1, 3, 1, 3, 0, 3, 1, 1, 3, 3, 3, 1, 1, 3, 0, 1, 3, 3, 1, 0, 3, 1, 1, 1, 3, 3, 3, 0, 0, 0, 1, 2, 0, 3, 1, 3, 3, 0, 3, 1, 2, 3, 3, 1, 3, 3, 1, 0, 3, 0, 1, 1, 1], "confidence_scores": [[0.25406330891330897, 0.27143816738816745, 0.20381048951048952, 0.2706880341880342], [0.2189483904983906, 0.25681319236319244, 0.24417258297258307, 0.2800658341658342], [0.1981894383394384, 0.2726439782439783, 0.2887844599844602, 0.24038212343212353], [0.24282043740573164, 0.23352438672438688, 0.23572486565721865, 0.2879303102126632], [0.2529849372849374, 0.28431512931512937, 0.20693395493395497, 0.25576597846597865], [0.2480492451992454, 0.2817288766788768, 0.1782345987345988, 0.2919872793872795], [0.3005180509033452, 0.24110199800199808, 0.1484341064164594, 0.3099458446781976], [0.2486712842712843, 0.25998090798090806, 0.1616304473304474, 0.3297173604173603], [0.19610957375957386, 0.33596758241758234, 0.1975137307137307, 0.27040911310911336], [0.26133807581307594, 0.2969222444222445, 0.17564430014430013, 0.26609537962037966], [0.2397320346320346, 0.3130952269952269, 0.1789015373515374, 0.2682712010212011], [0.3302337146513616, 0.24741496281496284, 0.15686573426573433, 0.26548558826794133], [0.21004812409812426, 0.2902256132756134, 0.1786108225108226, 0.3211154401154402], [0.23767056832056846, 0.25128114663114676, 0.19075324120324144, 0.32029504384504387], [0.34032732822732814, 0.2387045676545677, 0.17634042069042072, 0.2446276834276834], [0.295181401931402, 0.2667171828171828, 0.1793714174714175, 0.2587299977799979], [0.37365780330780335, 0.22766974136974136, 0.15820703740703737, 0.24046541791541795], [0.28877583527583517, 0.28707489177489187, 0.16481654456654468, 0.2593327283827285], [0.24470252802752798, 0.2813569486069486, 0.24258657453657462, 0.23135394882894889], [0.2384069763569764, 0.27941930846930846, 0.22360418470418472, 0.25856953046953063], [0.3754667272270213, 0.1802813852813853, 0.17987028690263987, 0.26438160058895355], [0.21909869574869595, 0.24978228438228448, 0.24670911310911328, 0.28440990675990674], [0.224061976911977, 0.3399456487956487, 0.168275851925852, 0.26771652236652244], [0.21985262515262508, 0.2790195304695305, 0.17516598956598964, 0.32596185481185475], [0.23107273837273842, 0.2798253246753248, 0.23060083805083817, 0.25850109890109896], [0.28716994116994105, 0.29636132756132766, 0.2117802641802642, 0.20468846708846716], [0.2307297924297925, 0.31272522477522496, 0.19133921633921638, 0.26520576645576655], [0.18835835830835831, 0.3151729936729937, 0.2116724997224998, 0.28479614829614835], [0.24279107559107566, 0.3074707292707293, 0.20271950271950284, 0.24701869241869254], [0.2101964923964925, 0.33749343434343426, 0.24220321900321903, 0.2101068542568543], [0.2683390553890554, 0.2671118881118881, 0.19799588744588756, 0.2665531690531692], [0.19562645132645143, 0.292506648906649, 0.2551146983735219, 0.2567522013933779], [0.2092708725914609, 0.2933699356199357, 0.257056598956599, 0.2403025928320047], [0.23250697080697097, 0.26626627261627284, 0.19989551559551563, 0.3013312409812411], [0.27368054723054736, 0.27023271173271174, 0.26745114885114896, 0.1886355921855923], [0.16789740259740268, 0.2813360972360973, 0.2388217227217228, 0.31194477744477755], [0.31173782002311407, 0.18776966366966377, 0.20331345484580784, 0.2971790614614145], [0.2321901005856889, 0.33792043512043507, 0.17693923298923317, 0.25295023130464317], [0.260799877899878, 0.30895036075036075, 0.18667038517038517, 0.24357937617937622], [0.28349285159285165, 0.2744516095016097, 0.1958528083028084, 0.2462027306027307], [0.26957458097458115, 0.22134687856003651, 0.2339500303789778, 0.2751285100864049], [0.25317817737817755, 0.248876517926518, 0.19201622821622832, 0.30592907647907647], [0.24486128316128322, 0.28643295593295603, 0.15325813075813083, 0.31544763014763016], [0.26639478299478303, 0.26014549894549915, 0.19542977577977588, 0.27802994227994254], [0.24052030747030764, 0.3151235930735931, 0.1404099567099568, 0.3039461427461429], [0.24590861360861363, 0.3206012487512488, 0.19746647241647247, 0.23602366522366527], [0.2431543678543678, 0.27963030580530596, 0.17021822621822627, 0.30699710012210013], [0.2989388167388166, 0.28474875124875143, 0.17864819624819633, 0.23766423576423581], [0.2500481573981575, 0.2807886446886446, 0.19109184149184155, 0.2780713564213565], [0.34091223221223227, 0.22227793317793312, 0.13847044067044073, 0.298339393939394], [0.25206659059894376, 0.3236945276945277, 0.17233615469497832, 0.2519027270115505], [0.2587399711399712, 0.27667742812742824, 0.22266622266622274, 0.24191637806637808], [0.24468759018759026, 0.2728651515151516, 0.21245245310245323, 0.26999480519480523], [0.2568500515824047, 0.29510515595515596, 0.17315179656944357, 0.27489299589299593], [0.27625901875901887, 0.24890834720834723, 0.2384743145743146, 0.23635831945831942], [0.2459861360861362, 0.2846215895215895, 0.15709088689088693, 0.3123013875013875], [0.23324421689421687, 0.2844087190587191, 0.21989691419691443, 0.2624501498501499], [0.23928870965635674, 0.28876100174335473, 0.14905764627529342, 0.3228926423249952], [0.2422549783549784, 0.22381356421356424, 0.23413708513708512, 0.2997943722943723], [0.241566688866689, 0.32875251415251416, 0.21236005106005112, 0.21732074592074593], [0.26139445554445573, 0.30227563825063836, 0.20722389832389834, 0.229106007881008], [0.24550932955932972, 0.2627470839102418, 0.23902242465137216, 0.2527211618790567], [0.28079216616716635, 0.28579781607281607, 0.17992423132423144, 0.2534857864357867], [0.21688803973803975, 0.29422454767454775, 0.16403687423687427, 0.3248505383505383], [0.24980566378066385, 0.2623968975468975, 0.14472727272727284, 0.34307016594516604], [0.20372986457986458, 0.3254326766800452, 0.18881530311793476, 0.28202215562215566], [0.21641114604349906, 0.3350117826617828, 0.2077944095120566, 0.2407826617826619], [0.24646675546675553, 0.29505167055167053, 0.22984018759018776, 0.22864138639138645], [0.2667485209235208, 0.26857498612498626, 0.1564774891774892, 0.3081990037740038], [0.2868079032079034, 0.2631540626040627, 0.11818166833166836, 0.33185636585636563], [0.21787254967254976, 0.2706636530136532, 0.22537125652125656, 0.2860925407925409], [0.2529727050727052, 0.24803939393939411, 0.2400526917526919, 0.25893520923520935], [0.3101562604062604, 0.22935938272254064, 0.20130575047587437, 0.25917860639532486], [0.21207875914934757, 0.395048246198246, 0.18522929292929302, 0.20764370172311358], [0.2619069264069264, 0.29534267758385413, 0.1797958929958931, 0.2629545030133265], [0.21920133477633474, 0.31591012321012313, 0.19949226884226895, 0.2653962731712732], [0.2706402097902099, 0.27489530849267696, 0.2229392347418664, 0.23152524697524712], [0.29163852813852814, 0.2334366522366524, 0.2207075036075037, 0.254217316017316], [0.3190710012210011, 0.22946220212536003, 0.16877307400202152, 0.2826937226516174], [0.2488603174603175, 0.2605648851148851, 0.22342123987124007, 0.2671535575535576], [0.2233334693084694, 0.2722136002886003, 0.25387516372516383, 0.2505777666777666], [0.22035216450216455, 0.2619853737765502, 0.22079281470163825, 0.29686964701964713], [0.20674840633222985, 0.35359341214341233, 0.18858787127904775, 0.2510703102453104], [0.2682777250527251, 0.26762416472416484, 0.1635371850371851, 0.3005609251859252], [0.2915298701298699, 0.20940514485514491, 0.21533383838383852, 0.2837311466311468], [0.26427097902097907, 0.2836257575757577, 0.20459910644910656, 0.247504156954157], [0.22490174270174285, 0.2655998556998557, 0.18711995781995788, 0.32237844377844377], [0.24071795328854154, 0.32667986262103904, 0.236324891774892, 0.1962772923155276], [0.2330824675324675, 0.2836113497613498, 0.17783850038850052, 0.30546768231768234], [0.20488890276390273, 0.31303964646464655, 0.18924758574758585, 0.29282386502386504], [0.24603728493728488, 0.22518970473970487, 0.16968855588855608, 0.35908445443445436], [0.24152845487845492, 0.2708505050505052, 0.2522024106612343, 0.23541862940980615], [0.26291960261960257, 0.28843792318792305, 0.15851778221778223, 0.290124691974692], [0.3110413308913308, 0.2732620712620713, 0.18659980574980586, 0.22909679209679223], [0.2725596292596294, 0.2233833888333889, 0.2026411865911867, 0.30141579531579543], [0.2374844627594628, 0.30805012487512495, 0.1590119991119992, 0.29545341325341334], [0.25921418581418587, 0.2877194860694861, 0.18240360750360762, 0.27066272061272073], [0.20411876734376747, 0.24651549561549577, 0.21921132756132766, 0.33015440947940955], [0.24341780996781, 0.2678532356532357, 0.21800044955044962, 0.2707285048285049], [0.24237886002886005, 0.2592948051948053, 0.2349344155844158, 0.2633919191919193], [0.2839275724275724, 0.29746206016206045, 0.17409110889110896, 0.24451925851925863], [0.2138663059163061, 0.320188383838384, 0.22757474747474749, 0.23837056277056282], [0.2750692751692752, 0.22704877344877358, 0.22193653013653028, 0.27594542124542126], [0.319384632034632, 0.24167914862914863, 0.14920495615495627, 0.2897312631812633], [0.24252954822954811, 0.267250765900766, 0.2499102397602399, 0.24030944610944613], [0.24615534465534464, 0.25774448329448335, 0.19482615717615714, 0.3012740148740148], [0.21035651178886486, 0.2662610972360973, 0.1700353408029879, 0.3533470501720503], [0.26465897435897445, 0.2845480019980021, 0.1757303585303585, 0.27506266511266514], [0.32045124320124324, 0.23808492063492065, 0.13996057831057832, 0.30150325785325793], [0.27575889665889664, 0.20934968364968382, 0.14681847041847043, 0.36807294927294926], [0.2554833127656657, 0.30014185259185255, 0.1584974231650703, 0.28587741147741175], [0.23074118659118664, 0.31651895326895313, 0.16736737706737714, 0.28537248307248314], [0.2778132645132646, 0.31407766677766663, 0.17596433566433572, 0.23214473304473301], [0.2360575702075702, 0.2520911199911202, 0.19532909867909884, 0.3165222111222111], [0.23776637529137523, 0.2453352675102675, 0.1934435342435343, 0.32345482295482286], [0.2792497835497836, 0.2682597014097015, 0.13445362970362978, 0.31803688533688534], [0.28566592851592854, 0.28156625596625606, 0.176872410922411, 0.25589540459540455], [0.2813748418248418, 0.26251753246753246, 0.21048115218115218, 0.24562647352647363], [0.29959679764679764, 0.27513091353091373, 0.17252529692529697, 0.25274699189699207], [0.23975240315240318, 0.29092681762681755, 0.17848576978576985, 0.29083500943500934], [0.2024397990897992, 0.2564006576756578, 0.28913226773226774, 0.25202727550227544], [0.31371450771450754, 0.23275555000555004, 0.16494838494838493, 0.28858155733155727], [0.24254595404595414, 0.2591779831279831, 0.18189728049728054, 0.3163787823287827], [0.24233636363636363, 0.3094671828171829, 0.20273916638916656, 0.24545728715728718], [0.20521851204351213, 0.3011932955932957, 0.1436785825285826, 0.34990960983460956], [0.23281067266067276, 0.2626232989232989, 0.14931650571650576, 0.35524952269952276], [0.28328780663780667, 0.25867161172161196, 0.20766836496836508, 0.2503722166722168], [0.24376654179154186, 0.2493144161394163, 0.18873914973914985, 0.3181798923298924], [0.24404836829836823, 0.27938518703518705, 0.21321254105371762, 0.26335390361272726], [0.23575763680763695, 0.2383681235431235, 0.2712281940281941, 0.2546460456210457], [0.22264505494505493, 0.2555052780552782, 0.18552965922965925, 0.336320007770008], [0.2347376012876013, 0.2624049062049062, 0.15771692751692754, 0.34514056499056495], [0.2477333555333557, 0.29711970806970817, 0.220834287934288, 0.23431264846264843], [0.2385388611388611, 0.2588433344433346, 0.1616792299204065, 0.34093857449739806], [0.2925353812853813, 0.2324685647685648, 0.13967678987678983, 0.33531926406926416], [0.23238374125874126, 0.2876826701076703, 0.22686945276945283, 0.25306413586413584], [0.32697096792096786, 0.2313599900099899, 0.16093395134277486, 0.2807350907262673], [0.24796832611832623, 0.2697113775113776, 0.18586666666666676, 0.29645362970362976], [0.30134350649350633, 0.2705795815295815, 0.16583221223221234, 0.2622446997446998], [0.18668548118548123, 0.2954163059163059, 0.24130521700521712, 0.27659299589299585], [0.26503629148629165, 0.29748893883893895, 0.19510461760461764, 0.24237015207015217], [0.22114980574980578, 0.3203662892662892, 0.1890585581085582, 0.26942534687534697]]}, "rewritten": {"ids": ["97105451", "97105580", "97106600", "97106820", "97107920", "97109080", "97110950", "97112290", "97113260", "97116410", "98106111", "98106560", "98106680", "98108410", "98112580", "98113881", "98116500", "99108000", "99108080", "99108460", "99111340", "99111930", "99114890", "99121440", "100108080", "100108490", "100109980", "100110260", "100120780", "101108621", "101110150", "101111620", "101111990", "101112160", "101112201", "101112540", "101112690", "102110890", "102112301", "102113981", "102117351", "103110100", "103110760", "103111830", "103111990", "103113210", "103120340", "104111380", "104113240", "105112260", "105113480", "105113620", "105114220", "105115380", "105116650", "105119550", "105121370", "106112770", "106113360", "106118820", "107112840", "107113170", "107113180", "107113200", "107113360", "107114140", "107114280", "107115250", "107116300", "107117010", "107117630", "107118820", "107119130", "107120880", "108113480", "108113700", "108114180", "108114220", "108115250", "108115500", "108115970", "108116481", "108117451", "108117720", "108118291", "108118630", "108120280", "109114270", "109114651", "109115220", "109117150", "109117600", "109117630", "109118820", "109119010", "109121410", "110113591", "110114950", "110116290", "110117870", "110118121", "110118701", "110118810", "110119891", "111115780", "111116010", "111116090", "111116110", "111116411", "111118810", "111119150", "111119300", "111119930", "111120190", "111120320", "111121930", "112116401", "112116540", "112116610", "112117030", "112117660", "112118161", "112118530", "112118890", "112119500", "112119580", "112119930", "112119950", "112120540", "112120670", "112120700", "112121360", "112121410", "113117550", "113118690", "113119300", "113119700", "113120260", "113120830", "113121010", "113122510", "113122650"], "labels": [0, 1, 3, 1, 0, 2, 3, 1, 1, 3, 0, 1, 1, 1, 2, 3, 2, 2, 3, 0, 1, 1, 2, 2, 0, 2, 1, 3, 1, 0, 1, 3, 2, 3, 0, 2, 1, 0, 1, 1, 1, 1, 1, 3, 2, 3, 1, 3, 2, 3, 0, 0, 3, 1, 1, 1, 2, 1, 0, 3, 1, 0, 3, 0, 0, 2, 3, 2, 0, 1, 0, 3, 1, 1, 0, 0, 1, 3, 1, 3, 2, 0, 2, 1, 3, 1, 3, 3, 3, 3, 2, 1, 0, 3, 3, 0, 0, 0, 2, 3, 3, 3, 1, 3, 1, 1, 3, 3, 0, 0, 3, 1, 1, 3, 1, 1, 0, 1, 1, 2, 0, 0, 1, 3, 2, 3, 1, 0, 3, 2, 2, 3, 0, 3, 3, 1, 0, 3, 3, 2, 2, 2], "predicted_labels": [0, 3, 2, 3, 0, 1, 3, 3, 3, 2, 1, 3, 1, 1, 1, 1, 3, 3, 0, 3, 1, 1, 1, 1, 3, 1, 1, 0, 3, 1, 1, 0, 1, 3, 1, 1, 1, 3, 1, 1, 0, 2, 1, 3, 0, 1, 3, 0, 1, 3, 3, 1, 0, 1, 1, 0, 3, 3, 1, 3, 0, 3, 1, 3, 3, 1, 0, 1, 3, 1, 3, 3, 3, 3, 3, 0, 3, 1, 1, 1, 3, 0, 0, 3, 0, 3, 3, 3, 0, 3, 1, 0, 0, 0, 3, 1, 1, 3, 0, 1, 3, 1, 1, 1, 0, 1, 3, 3, 0, 3, 3, 3, 1, 3, 3, 0, 0, 3, 0, 1, 3, 3, 1, 3, 1, 3, 1, 3, 0, 1, 1, 0, 3, 3, 1, 3, 1, 1, 3, 3, 1, 1], "confidence_scores": [[0.3459632034632035, 0.2477305361305362, 0.16520767010767018, 0.2410985902985903], [0.2630115884115884, 0.25544169164169184, 0.19295132841015208, 0.28859539153656805], [0.22407113997114, 0.2537877566877568, 0.2640566156066158, 0.25808448773448783], [0.23929340104340113, 0.24249789099789112, 0.23952022977022983, 0.2786884781884782], [0.372769227994228, 0.21680739260739268, 0.16290619935619943, 0.2475171800421801], [0.19308547563547582, 0.3164971361971362, 0.20271844821844828, 0.2876989399489399], [0.26338674658674666, 0.2185983072483073, 0.2403677211677212, 0.27764722499722505], [0.25628093018093034, 0.2500080530580531, 0.17476590076590087, 0.3189451159951162], [0.22134227667757092, 0.22128580863580874, 0.25032962756198046, 0.30704228712464027], [0.2121140831390832, 0.25266737151737156, 0.2862017205017206, 0.24901682484182486], [0.2564477431065666, 0.2646435489347255, 0.2189444575032812, 0.25996425045542715], [0.2583762626262627, 0.23497431457431459, 0.23677330447330447, 0.26987611832611835], [0.19089456099456112, 0.3200836219336219, 0.21686517926517934, 0.2721566378066379], [0.2696543068043068, 0.28713744033744043, 0.18287893968776336, 0.2603293131704897], [0.21395419580419597, 0.3041041070041068, 0.2444355644355644, 0.23750613275613305], [0.26644531024531026, 0.2982292929292929, 0.22044646464646475, 0.21487893217893225], [0.24913580586080605, 0.264690023865024, 0.22144405039405046, 0.26473011988011985], [0.2252357142857144, 0.269339343989344, 0.21960685425685428, 0.2858180874680874], [0.2949802974802977, 0.23881531801531805, 0.22916689976689988, 0.23703748473748476], [0.22618638583638592, 0.2751289987789988, 0.15407675102675117, 0.34460786435786406], [0.20498685203685205, 0.28670965700965717, 0.25888440448440464, 0.2494190864690865], [0.2022392940392941, 0.2951845654345655, 0.23678732933732946, 0.2657888111888113], [0.19937098457098462, 0.3269486291486291, 0.22122207237207242, 0.2524583139083141], [0.2065515151515153, 0.3303296037296038, 0.24915269175269192, 0.2139661893661894], [0.26394074814074825, 0.26816863136863145, 0.13515180375180383, 0.3327388167388166], [0.26121239871239876, 0.27248682232799887, 0.21700778665778667, 0.2492929923018159], [0.2525603729603729, 0.31227794427794436, 0.21362496392496397, 0.2215367188367189], [0.2998284659784659, 0.21896260727576533, 0.21302037114931863, 0.26818855559645055], [0.2362182761682762, 0.26946313131313143, 0.17447417027417023, 0.3198444222444223], [0.24918336108336117, 0.30533316128316135, 0.18745591630591643, 0.2580275613275614], [0.24640271395271401, 0.27897269397269403, 0.24549016539016547, 0.22913442668442677], [0.27920949050949057, 0.2526171717171718, 0.19854521589521598, 0.26962812187812185], [0.25424645354645353, 0.32027053502053504, 0.14807188367188376, 0.27741112776112786], [0.20860197025197036, 0.2762684926184927, 0.21194840159840148, 0.3031811355311357], [0.2577566433566434, 0.28048334998335, 0.19757667887667904, 0.26418332778332787], [0.21756798756798773, 0.3096314019314018, 0.20994384504384514, 0.26285676545676556], [0.24987611832611856, 0.30917248862248864, 0.19747248111365764, 0.24347891193773552], [0.26181975524475537, 0.20715950438450448, 0.2594377344877345, 0.27158300588300605], [0.22830660173160172, 0.29325664058164064, 0.2515576701076703, 0.22687908757908762], [0.2728309468309468, 0.30231992451992457, 0.21317814962814982, 0.21167097902097912], [0.3266554528804526, 0.18982696470196478, 0.159795881895882, 0.3237217005217006], [0.24736055611055624, 0.21341457708957723, 0.27878720168720184, 0.26043766511266525], [0.2865036011374248, 0.2954248418248415, 0.16138436367554013, 0.2566871933621934], [0.2735254823607765, 0.19231174381174387, 0.19180332053567356, 0.3423594532918062], [0.3349369408369408, 0.24635569985569997, 0.14030621045621047, 0.27840114885114897], [0.26853686868686855, 0.27969427794427815, 0.1951048340548341, 0.25666401931401933], [0.22949023199023216, 0.26484309024309033, 0.20337762237762244, 0.3022890553890555], [0.2752019888608125, 0.2325714896214898, 0.250880406521583, 0.2413461149961152], [0.21309343434343445, 0.3623256132756132, 0.20897448107448105, 0.2156064713064714], [0.23461718836718842, 0.25858277278277286, 0.1911779720279721, 0.31562206682206695], [0.2622350288600288, 0.23724271561771565, 0.1782290487290487, 0.3222932067932069], [0.21325384615384627, 0.32892307137307164, 0.2331567321567322, 0.2246663503163504], [0.29629535464535467, 0.26762384282384305, 0.16382082362082365, 0.2722599789099791], [0.2604627095127096, 0.3054938894438893, 0.21319051504051503, 0.2208528860028861], [0.25870449550449554, 0.2757375291375292, 0.2133334221334223, 0.2522245532245533], [0.3067691031191032, 0.2679073093573094, 0.18452816072816075, 0.24079542679542695], [0.21492770562770572, 0.28930986790986807, 0.17597788877788886, 0.3197845376845378], [0.23095225885225884, 0.2385007714507716, 0.24664153624153617, 0.2839054334554335], [0.25833877788877796, 0.3293457625707625, 0.18423750971250985, 0.22807794982794993], [0.2760271617271618, 0.2497629315129316, 0.1413080086580087, 0.33290189810189796], [0.2970333444333447, 0.28730696525696525, 0.20338883893883897, 0.21227085137085153], [0.2626493545670018, 0.2751479298479299, 0.16420076590076585, 0.2980019496843026], [0.226430735930736, 0.2964588744588744, 0.22768665223665227, 0.24942373737373746], [0.2768865800865801, 0.2284825840825842, 0.1841979353979354, 0.31043290043290045], [0.283052836052836, 0.2382776001776003, 0.17182474747474755, 0.30684481629481636], [0.2622362914862917, 0.3217069985569984, 0.16480620490620504, 0.2512505050505051], [0.29158361360861373, 0.2587863858363858, 0.190422188922189, 0.2592078116328117], [0.2296742784992787, 0.30652983405483397, 0.2123397546897547, 0.2514561327561329], [0.28036930846930863, 0.22940068542568545, 0.18069941169941178, 0.30953059440559444], [0.25763465423465426, 0.2685642782054547, 0.2146947350035585, 0.25910633255633275], [0.2804590187590189, 0.24242952047952052, 0.1824525807525808, 0.29465888000888], [0.2753383671883673, 0.2584004995004994, 0.14805389610389613, 0.31820723720723726], [0.24551966921966936, 0.28677795896913555, 0.13097383172383179, 0.33672854008736386], [0.2604918914418915, 0.2475943223443224, 0.19902504717504735, 0.29288873903873913], [0.21836434676434685, 0.2570335664335664, 0.21480713175713173, 0.3097949550449551], [0.30530703185703184, 0.24962056277056285, 0.1804203185703186, 0.2646520868020869], [0.23143622651857954, 0.2468350566100566, 0.1906946204122676, 0.3310340964590966], [0.22709236874236888, 0.3068800865800868, 0.208336013986014, 0.2576915306915309], [0.2355683483183484, 0.27971782661782657, 0.22442772782772782, 0.26028609723609725], [0.220205106005106, 0.3084421578421579, 0.20064111999112016, 0.27071161616161615], [0.2598637640137641, 0.25591192696192705, 0.16675309690309692, 0.31747121212121227], [0.3316142008318478, 0.2514625985125985, 0.15301080031080028, 0.2639124003447534], [0.3144387263063732, 0.2203778166278167, 0.15144688644688653, 0.31373657061892374], [0.24580575535575536, 0.2736314196037881, 0.15281991239754408, 0.3277429126429127], [0.325901443001443, 0.22932668997669003, 0.16216740481740483, 0.2826044622044623], [0.22495992895992886, 0.290220596070596, 0.18313085248085262, 0.30168862248862266], [0.27034849594849614, 0.2179429625929627, 0.21530102120102126, 0.2964075202575203], [0.28109241314241323, 0.2174009490509491, 0.2069718317630083, 0.29453480604362975], [0.3074403540903542, 0.24806868686868702, 0.13923778443778442, 0.3052531746031746], [0.2278697025197026, 0.24095569708069722, 0.1680807803307805, 0.3630938200688204], [0.24945800865800874, 0.2915966311466313, 0.21762604617604617, 0.2413193140193141], [0.30333523143523133, 0.2275624019255598, 0.19322155330050075, 0.2758808133387081], [0.31042503885003897, 0.24170418747918745, 0.23815740370740385, 0.20971336996337], [0.26250028860028873, 0.2581712121212122, 0.22011219336219345, 0.259216305916306], [0.22799407814407824, 0.2779316572316572, 0.18440389610389624, 0.3096703685203689], [0.26171524586524597, 0.3029747252747252, 0.18165983460983462, 0.25365019425019425], [0.256720967920968, 0.30843353868353873, 0.1574087357087359, 0.27743675768675774], [0.27807474747474753, 0.2541367965367966, 0.14632467532467533, 0.3214637806637806], [0.2860768398268399, 0.2611154401154403, 0.20955829725829725, 0.24324942279942288], [0.2661604118104117, 0.2777929514929515, 0.19501936396936406, 0.26102727272727283], [0.29853405483405476, 0.26595375180375197, 0.12925606060606065, 0.30625613275613284], [0.2220005328005329, 0.29624356199356194, 0.20138040293040294, 0.28037550227550234], [0.23490050505050514, 0.31570757020757045, 0.17291304251304265, 0.27647888222888223], [0.27113554778554777, 0.3024578532578534, 0.15308921633921643, 0.2733173826173827], [0.30819197469197473, 0.2433567155067157, 0.19646419136419144, 0.2519871184371185], [0.24209466089466092, 0.31438575036075045, 0.1861918498168498, 0.2573277389277391], [0.23245357975357975, 0.269672732822733, 0.1856529637029638, 0.31222072372072385], [0.24544751359751368, 0.253647546897547, 0.19448290598290613, 0.30642203352203357], [0.3139708624708624, 0.24136703063018863, 0.16795529733424486, 0.2767068095647044], [0.3084925629925631, 0.2330380230880232, 0.147814862914863, 0.31065455100455097], [0.25466247314776735, 0.28067608502608504, 0.1555871478195008, 0.3090742940066469], [0.24588484293484306, 0.2681268398268398, 0.1526781662781663, 0.3333101509601511], [0.25652543567543573, 0.28647696747696755, 0.18690236430236445, 0.2700952325452327], [0.24354100507335816, 0.2804411477411477, 0.1872686630363101, 0.2887491841491844], [0.2295525363525365, 0.2723403374403373, 0.16132695082695078, 0.3367801753801754], [0.35306889058653773, 0.26145941835941827, 0.14687070707070712, 0.23860098398333704], [0.3400223720723721, 0.23650134310134316, 0.1500435675435676, 0.27343271728271745], [0.25057728937728946, 0.2523512709512711, 0.16112849927849937, 0.3359429403929405], [0.2885052225552225, 0.2579696525696527, 0.22529164724164738, 0.22823347763347784], [0.24591479631479632, 0.30664619824619826, 0.15603189033189035, 0.29140711510711526], [0.26805701520701536, 0.2619482628482628, 0.1899142302142303, 0.2800804917304919], [0.27050194805194816, 0.2761044067044069, 0.17116257631257636, 0.2822310689310689], [0.2094309745809747, 0.35407886557886553, 0.19061294261294262, 0.2458772172272175], [0.26484192474192486, 0.24852121212121217, 0.1667159118659119, 0.3199209512709513], [0.22359999444999445, 0.3633272172272175, 0.19145643245643248, 0.22161635586635592], [0.21962312687312702, 0.2904194416694417, 0.14351052836052844, 0.3464469030969031], [0.2378369963369964, 0.3404873959373961, 0.15276425796425797, 0.26891134976134995], [0.30450709519238944, 0.2321646131646131, 0.1343752097575628, 0.3289530818854349], [0.2900951881451882, 0.2722136696636697, 0.18936930846930847, 0.24832183372183392], [0.25194452491952496, 0.28593866133866125, 0.21371057831057844, 0.2484062354312355], [0.2629098124098123, 0.2823220890220891, 0.18797510267510278, 0.26679299589299593], [0.30956986346986354, 0.27205004995005005, 0.1988984182484184, 0.2194816683316685], [0.26483498168498176, 0.2789237873237874, 0.17338611943611953, 0.2828551115551115], [0.2463367354867357, 0.259253946053946, 0.2035914862914864, 0.2908178321678323], [0.23624655899655914, 0.303416156066156, 0.21135599400599403, 0.2489812909312911], [0.2763791486291487, 0.24441814100931752, 0.16494674769674778, 0.3142559626647861], [0.23081592851592855, 0.34243971583971566, 0.1407369075369076, 0.28600744810744805], [0.22639401905284265, 0.2860660764072529, 0.21437372072372082, 0.2731661838161839], [0.24869226606726602, 0.25854545177045185, 0.2305295426795427, 0.26223273948273956], [0.2513481518481519, 0.27127577977577977, 0.15419520479520485, 0.3231808635808634], [0.2076141858141858, 0.3494886687272137, 0.2033028822055139, 0.239594263253087], [0.23795477855477853, 0.302924358974359, 0.1726861360861361, 0.28643472638472656]]}}