{"test": {"ids": ["101111310", "101114020", "102118380", "110118701", "97108520", "97116790", "111116411", "111116100", "101117580", "112119610", "108118810", "112119450", "111117120", "101112160", "103113270", "107114280", "111121190", "105110091", "98110680", "98110710", "112117431", "102110050", "101119030", "107114780", "106121190", "99112641", "105110251", "99117630", "108119510", "107114950", "110121720", "99109740", "98110810", "100109311", "102112170", "103110760", "108118520", "113121950", "112120290", "104116441", "103113260", "104112201", "104114240", "110115580", "100116790", "109120150", "103110050", "99108310", "108120700", "107114200", "103120730", "106120290", "111116110", "97106820", "110118301", "113117340", "109116810", "111114941", "107121700", "107117010", "101109120", "112116451", "105112240", "110118450", "107115250", "105113190", "98107410", "99107950", "107119130", "113120260", "107121230", "99107640", "109120560", "109114220", "98111231", "100110260", "110119891", "108121410", "100111390", "113119480", "97106591", "112120670", "113119300", "107114621", "106116370", "102110850", "109120540", "112118620", "103113640", "106113190", "100109000", "100109980", "108116070", "102111990", "112117030", "111121220", "113120591", "113122190", "99119830", "106114280", "112116850", "112121430", "106112770", "112118511", "111117000", "107120260", "109119450", "105120280", "108116481", "109118231", "111114121", "113118690", "111120591", "108120060", "106114150", "98113881", "100112060", "109117630", "112119120", "104111620", "112121010", "112116810", "113120601", "98107010", "111116170", "110118810", "103111540", "101110740", "110120190", "113122160", "106114880", "102116500", "101108290", "107116340", "108113700", "101121640", "99109910", "110117500", "110114950", "103120531", "105115570", "99110730"], "labels": [3, 3, 1, 3, 2, 2, 0, 3, 3, 0, 1, 3, 2, 3, 2, 3, 1, 0, 2, 2, 0, 3, 3, 2, 2, 1, 0, 3, 1, 3, 3, 3, 1, 1, 3, 1, 0, 3, 1, 1, 3, 0, 0, 1, 2, 2, 3, 2, 2, 2, 1, 2, 3, 1, 1, 2, 3, 0, 3, 1, 1, 0, 1, 0, 2, 3, 3, 1, 1, 3, 0, 1, 1, 3, 1, 3, 3, 0, 2, 3, 1, 2, 1, 0, 2, 3, 1, 3, 1, 0, 1, 1, 1, 2, 2, 3, 0, 1, 1, 3, 0, 2, 1, 1, 0, 1, 3, 3, 0, 1, 0, 3, 1, 1, 1, 3, 2, 0, 1, 0, 2, 3, 2, 3, 0, 1, 1, 3, 3, 3, 0, 1, 0, 3, 0, 2, 2, 1, 0, 3, 0, 3], "predicted_labels": [1, 1, 1, 1, 1, 2, 0, 1, 3, 1, 3, 0, 3, 1, 0, 3, 0, 0, 1, 2, 3, 0, 2, 3, 3, 0, 0, 2, 3, 3, 1, 2, 2, 3, 2, 3, 1, 1, 1, 1, 1, 3, 0, 3, 3, 0, 1, 0, 1, 1, 2, 1, 2, 3, 0, 1, 1, 1, 3, 1, 0, 0, 1, 1, 3, 3, 0, 2, 3, 3, 3, 3, 3, 3, 0, 0, 1, 1, 0, 3, 1, 3, 3, 3, 3, 2, 1, 0, 0, 1, 3, 0, 3, 1, 1, 1, 3, 3, 3, 1, 1, 1, 0, 1, 3, 3, 0, 0, 0, 0, 1, 3, 3, 1, 3, 2, 3, 3, 3, 3, 2, 2, 1, 3, 0, 1, 1, 3, 3, 3, 1, 0, 0, 3, 3, 1, 2, 1, 3, 1, 3, 2], "confidence_scores": [[0.010779534849106098, 0.7163443904764343, 0.2724816040851229, 0.0003944705893369146], [0.020705686161332067, 0.9530241427882854, 0.0008128816394623482, 0.025457289410920247], [0.038127392916484766, 0.6769952325948989, 0.2472258991645573, 0.03765147532405896], [0.0023998317593170644, 0.899895596353019, 0.010048276255372031, 0.08765629563229213], [0.1063499281326536, 0.387601729603006, 0.17974836412010256, 0.32629997814423795], [0.18781395322577266, 0.11333731217437285, 0.6818770660740914, 0.016971668525763168], [0.6224252707979369, 4.682073407624943e-05, 0.0005900062997511938, 0.37693790216823575], [0.15686945625374202, 0.5741798383751803, 0.0033032744906487626, 0.26564743088042886], [0.17399578841704183, 0.2044190764923573, 0.013836884966338208, 0.6077482501242626], [0.016258566956347528, 0.6936460949396974, 0.2659638801778834, 0.024131457926071766], [0.20658461566665517, 0.18232605559153856, 0.03226943730550031, 0.578819891436306], [0.9739576296617916, 0.009681738906524412, 9.805373389804056e-05, 0.016262577697785927], [0.30744561850012025, 0.24855378698840416, 0.07270130670942301, 0.3712992878020525], [0.0023002652636621994, 0.9285723095583174, 0.06682477877620156, 0.0023026464018190327], [0.4861057383166145, 0.0218417972268194, 0.4380270785020016, 0.054025385954564596], [0.007063063510517242, 0.37292093533724396, 0.01801804216742595, 0.6019979589848129], [0.9434060522383368, 0.03712959183145781, 0.006918098621591764, 0.012546257308613636], [0.968630554219695, 0.0004556070049495484, 0.011102416713392411, 0.01981142206196313], [0.0005657156180956361, 0.9442424270108184, 0.05459044523052347, 0.0006014121405627085], [0.013032735509417777, 0.36480475233074017, 0.39330968317867737, 0.22885282898116455], [0.0032807124998674875, 0.2773353399495347, 3.79683402958457e-05, 0.719345979210302], [0.9110842753200733, 0.0766886098369519, 0.009897132175290186, 0.0023299826676848115], [0.3048678963315288, 0.003774771583766084, 0.5018095975120317, 0.18954773457267343], [0.008580576549314968, 0.36691248754331773, 0.2565269715976783, 0.36797996430968904], [0.020372912176906354, 0.06556985256252806, 0.012858742444837928, 0.9011984928157277], [0.9366208524037889, 0.053773037217288634, 0.0026480958432866324, 0.006958014535635787], [0.8075146534549825, 0.1829339169512683, 0.004976876864146466, 0.004574552729602747], [0.09055840511355186, 0.10097921782909076, 0.6779494274642002, 0.13051294959315732], [0.0880843203411702, 0.37191543677298444, 0.00028430200054274787, 0.5397159408853026], [0.045981704930305525, 0.00829595474153318, 0.0017457344666840268, 0.9439766058614771], [0.016066593472242718, 0.9591258181125967, 0.0003420927381830606, 0.024465495676977637], [0.249819162625498, 0.17962801929495267, 0.3289076618398191, 0.24164515623973035], [0.05441541892960324, 0.12582434906988493, 0.8175571986766329, 0.002203033323878943], [0.04684703970272672, 0.35410787277858347, 0.025545734278941863, 0.5734993532397479], [0.15349374457894746, 0.05626767214130866, 0.730362891646304, 0.05987569163343989], [0.20870510330108713, 0.035694072962529605, 0.00807761064691344, 0.7475232130894699], [0.41995570648330843, 0.5470905155906233, 0.008758284721935418, 0.024195493204132903], [0.15491479742642802, 0.7762471211507782, 0.04963282500827319, 0.019205256414520713], [0.01711847663509421, 0.9789627998592885, 0.0026074611393190816, 0.0013112623662983477], [0.0005137598360207365, 0.5676919174793156, 0.06227644381358779, 0.369517878871076], [7.781986513150244e-05, 0.9872446918808472, 9.415602772801288e-05, 0.012583332226293457], [0.13960652827463693, 0.0004344786520407979, 0.001796645225710939, 0.8581623478476114], [0.48506837823812404, 0.013973129772903076, 0.15977068520232238, 0.3411878067866506], [0.0006796300811637891, 0.3496181410547519, 0.16350606327108796, 0.4861961655929962], [0.0727276334831388, 0.43354245414695447, 0.017818576929377206, 0.47591133544052966], [0.41796605943949505, 0.3273112841299558, 0.10664324948052194, 0.1480794069500271], [0.37495517775275583, 0.3793321563497854, 0.05436774437528434, 0.19134492152217442], [0.973254340413716, 0.006639147505649014, 0.0009571102696152951, 0.019149401811019897], [0.1542419076547247, 0.8173684910285888, 9.355526191488008e-05, 0.028296046054771703], [0.004912162782165357, 0.9906077041642052, 0.00036869769867299356, 0.004111435354956462], [0.1137140024425633, 0.09517896938227714, 0.6841226997052089, 0.10698432846995064], [0.00025006640943165835, 0.9992117071924236, 0.00043793736197128574, 0.00010028903617338251], [0.009767895481847323, 0.10505557652140177, 0.7219015788260774, 0.16327494917067348], [0.029612844558710615, 0.0019018812975451305, 0.2224442549679472, 0.7460410191757969], [0.5513147474500878, 0.001772618876041794, 0.0015512314105766785, 0.4453614022632938], [0.015218361649138819, 0.6948661324287488, 0.0036968747991446365, 0.2862186311229677], [0.012931200357997993, 0.8719333567865503, 0.00010695146895088516, 0.11502849138650076], [0.022090928724531184, 0.6902806336889695, 0.0055577281615501566, 0.28207070942494916], [0.09505056810794095, 0.009199902706660873, 0.01621202122191202, 0.8795375079634862], [0.01523170975048002, 0.8129754332692724, 0.051276510510055974, 0.12051634647019165], [0.896857723117971, 0.028041639558591857, 0.0008070039633088444, 0.0742936333601282], [0.9910403803810298, 0.00756286068545265, 0.0006806702088154091, 0.0007160887247022481], [0.048905958591031175, 0.6672345141522597, 0.07952010320496926, 0.20433942405174002], [0.009862456283271552, 0.9138520379517293, 0.06444798769176054, 0.011837518073238476], [0.3474344087817559, 0.15738181087586914, 0.013118757873710488, 0.48206502246866456], [0.04606207276682835, 0.019080594506032302, 0.24364458920012397, 0.6912127435270154], [0.5138635503702617, 0.1280720482381861, 0.10026957606151543, 0.25779482533003684], [0.0023451910582087355, 0.0036114128882388627, 0.9935791868539773, 0.000464209199575219], [0.45550303532417863, 0.04664380287210916, 0.027295214502430793, 0.4705579473012813], [0.2378289199776598, 0.12909494836114518, 0.02072291383956595, 0.6123532178216291], [0.013504297883034923, 0.004914476462004213, 0.005762439774052701, 0.9758187858809083], [0.017537845397121374, 0.19923127133666568, 0.050030714625920486, 0.7332001686402924], [0.05980524669828575, 0.0425802365829359, 0.006477757187156053, 0.8911367595316223], [0.03230620504643351, 0.002962864159231958, 0.0001029614137335745, 0.9646279693806009], [0.9288366167261071, 0.00033200848327173975, 0.006255997640508659, 0.06457537715011247], [0.9392080090148801, 0.06015620678703773, 3.706561800446863e-05, 0.0005987185800776432], [0.13787900270016104, 0.3793721741617625, 0.37917960981454796, 0.10356921332352854], [0.0010165896116777033, 0.9900978991816161, 0.000915495461675474, 0.007970015745030739], [0.656939113232995, 0.024268933912854694, 0.012929992355365237, 0.305861960498785], [0.0031081775940383412, 0.056163855042743606, 0.003612264501326426, 0.9371157028618916], [0.018974504705318, 0.8596348724486365, 0.0014211320767078804, 0.11996949076933763], [0.2254332011884432, 0.10112206009915972, 0.06238354484356247, 0.6110611938688346], [0.18133729856442285, 0.10852434383973884, 0.02105201979443119, 0.6890863378014073], [0.14825060098908419, 0.00036552171046622724, 8.271414644404516e-05, 0.8513011631540056], [0.2701180015710658, 0.037022816715304614, 0.057651172423685705, 0.6352080092899439], [0.09694863725047084, 0.33359362297860207, 0.49058537050201495, 0.07887236926891224], [0.0004016114569842362, 0.9526525027368663, 0.0001520610597288536, 0.04679382474642075], [0.8686069841745765, 0.10359974680162459, 0.0035574307979699036, 0.024235838225829257], [0.7902261614524837, 0.03523545485426515, 0.001129983379412885, 0.17340840031383817], [0.08048455937398068, 0.854017702010678, 0.00979292309721394, 0.05570481551812765], [0.18329381421119087, 0.08932271043626717, 0.00033833504343972257, 0.7270451403091022], [0.639986651399837, 0.032887437177141404, 0.18404502695946148, 0.14308088446355988], [0.09740561594232461, 0.28207860175553506, 0.008438336516377676, 0.6120774457857626], [0.000694999547987955, 0.9737800440965023, 0.02464384233519187, 0.0008811140203178608], [0.14045488559825903, 0.7012239198451254, 0.06117253176090217, 0.09714866279571335], [0.18593374729582574, 0.5030163111602173, 0.001356352049829902, 0.30969358949412706], [0.05929899190718802, 0.010552605396776184, 0.17165929234311464, 0.7584891103529212], [0.04172293383945741, 0.3207902041596504, 0.18008750099387555, 0.45739936100701667], [0.00419551560439775, 0.01836526387909018, 0.1303219078206825, 0.8471173126958295], [0.0999733805510349, 0.5577148020657148, 0.1643949723886603, 0.17791684499459012], [0.04864107529426057, 0.5899875807296509, 0.016340930502732002, 0.3450304134733566], [0.00013839393323866582, 0.9043499849412061, 0.032434932936373805, 0.06307668818918154], [0.7307161754871111, 0.08270816743291225, 0.18571440737071607, 0.0008612497092606585], [0.20911679396284996, 0.42644564810873603, 0.021256600140182727, 0.3431809577882313], [0.07046589766313298, 0.03694966409615314, 0.0017189792302727334, 0.8908654590104411], [0.46058239130150064, 0.0018819501131237446, 0.000702838116113171, 0.5368328204692625], [0.4239309607955188, 0.05453825873826335, 0.4168733712638092, 0.1046574092024086], [0.664439813595992, 0.17672623318328717, 0.1551574122295285, 0.0036765409911923173], [0.9641558038880943, 0.01646673721411781, 0.0009654672928893537, 0.018411991604898436], [0.5969695303653597, 0.2956490301066531, 0.06991261065278441, 0.037468828875202816], [0.14106236587395093, 0.6214193066079078, 0.0013568160452810073, 0.23616151147286032], [0.05706651592788519, 0.11921111841566172, 0.0017412800191268832, 0.8219810856373262], [0.4240767256482493, 0.0007902451651870845, 0.008004169030342028, 0.5671288601562215], [0.16322303133120472, 0.8188970713275631, 0.007398194922829196, 0.0104817024184029], [0.31067667603353644, 0.12399098480794102, 0.004347455695776162, 0.5609848834627463], [0.22881007329782, 0.13217132547485555, 0.5705350223835112, 0.0684835788438133], [0.0005482350952939882, 0.0014606332499592586, 0.010019255428932313, 0.9879718762258145], [0.1257025474353704, 0.17041616751807456, 0.13111921466233764, 0.5727620703842174], [0.18830444074164968, 0.21185250612271905, 0.20869216296810333, 0.39115089016752796], [0.05877204812448542, 0.0009427932347927753, 1.7433819443249967e-05, 0.9402677248212785], [0.002656944726005675, 0.017388821603204988, 0.8996615321267164, 0.08029270154407289], [0.2973286351554831, 0.2194424089451541, 0.4605690701370162, 0.022659885762346694], [0.1717588638944998, 0.3990688952957882, 0.2886711219125616, 0.14050111889715047], [0.30330579687370113, 0.24465742784421274, 0.028854250439886448, 0.4231825248421996], [0.689152478574786, 0.03968624770808712, 0.13424861665655816, 0.13691265706056882], [0.28649473948764886, 0.40043570686623353, 0.01737758537710457, 0.29569196826901323], [0.03650539748528432, 0.6366258231203324, 0.0003002002561231928, 0.3265685791382601], [0.0055299019175580845, 0.16964782390893865, 0.008536200751142883, 0.8162860734223604], [0.040637548370626116, 0.2934967729405888, 0.035727358166042014, 0.6301383205227431], [0.03770448685969344, 0.014711373457819883, 0.02052747338552798, 0.9270566662969588], [0.014379936620042532, 0.8426390512742565, 0.03644114894641039, 0.10653986315929073], [0.4777911807868033, 0.007072418852105179, 0.15721125144063733, 0.35792514892045413], [0.9420896360074639, 0.05275405705259371, 0.003708589999535475, 0.0014477169404070443], [0.0033962546121124775, 0.12524600515759865, 0.2602583028776696, 0.6110994373526192], [0.0064993011978315045, 0.17903133165441124, 0.02128551702501032, 0.793183850122747], [0.03306087660954639, 0.7720218576412478, 0.0008788898042772313, 0.19403837594492865], [0.16159661761661137, 0.06216099353723653, 0.7621624562316268, 0.01407993261452528], [0.0005221272420296121, 0.9516816656124234, 9.107782975725114e-05, 0.04770512931578987], [0.2314284223985029, 0.039171316704314736, 0.0014626521585649793, 0.7279376087386175], [0.14655067106593248, 0.666512049529437, 0.11086674546885633, 0.07607053393577405], [0.0024062821856655693, 0.24466513670517243, 0.22769452100354112, 0.5252340601056209], [0.0014626401253356124, 0.0010505831337000564, 0.936380808591437, 0.06110596814952715]]}, "rewritten": {"ids": ["97106591", "97106820", "97108520", "97116790", "98107010", "98107410", "98110680", "98110710", "98110810", "98111231", "98113881", "99107640", "99107950", "99108310", "99109740", "99109910", "99110730", "99112641", "99117630", "99119830", "100109000", "100109311", "100109980", "100110260", "100111390", "100112060", "100116790", "101108290", "101109120", "101110740", "101111310", "101112160", "101114020", "101117580", "101119030", "101121640", "102110050", "102110850", "102111990", "102112170", "102116500", "102118380", "103110050", "103110760", "103111540", "103113260", "103113270", "103113640", "103120531", "103120730", "104111620", "104112201", "104114240", "104116441", "105110091", "105110251", "105112240", "105113190", "105115570", "105120280", "106112770", "106113190", "106114150", "106114280", "106114880", "106116370", "106120290", "106121190", "107114200", "107114280", "107114621", "107114780", "107114950", "107115250", "107116340", "107117010", "107119130", "107120260", "107121230", "107121700", "108113700", "108116070", "108116481", "108118520", "108118810", "108119510", "108120060", "108120700", "108121410", "109114220", "109116810", "109117630", "109118231", "109119450", "109120150", "109120540", "109120560", "110114950", "110115580", "110117500", "110118301", "110118450", "110118701", "110118810", "110119891", "110120190", "110121720", "111114121", "111114941", "111116100", "111116110", "111116170", "111116411", "111117000", "111117120", "111120591", "111121190", "111121220", "112116451", "112116810", "112116850", "112117030", "112117431", "112118511", "112118620", "112119120", "112119450", "112119610", "112120290", "112120670", "112121010", "112121430", "113117340", "113118690", "113119300", "113119480", "113120260", "113120591", "113120601", "113121950", "113122160", "113122190"], "labels": [1, 1, 2, 2, 3, 3, 2, 2, 1, 1, 3, 1, 1, 2, 3, 2, 3, 1, 3, 1, 1, 1, 1, 3, 2, 2, 2, 0, 1, 3, 3, 3, 3, 3, 3, 2, 3, 3, 2, 3, 1, 1, 3, 1, 1, 3, 2, 1, 3, 1, 0, 0, 0, 1, 0, 0, 1, 3, 0, 3, 1, 0, 1, 3, 0, 2, 2, 2, 2, 3, 0, 2, 3, 2, 3, 1, 1, 1, 0, 3, 0, 1, 0, 0, 1, 1, 1, 2, 0, 3, 3, 0, 1, 3, 2, 1, 1, 0, 1, 1, 1, 0, 3, 1, 3, 3, 3, 0, 0, 3, 3, 0, 0, 0, 2, 1, 1, 3, 0, 3, 0, 2, 0, 1, 3, 1, 3, 0, 1, 2, 2, 2, 2, 3, 1, 3, 3, 0, 2, 3, 3, 1], "predicted_labels": [2, 3, 2, 2, 3, 3, 1, 1, 2, 0, 2, 3, 2, 1, 2, 2, 2, 0, 2, 3, 3, 3, 3, 0, 1, 3, 3, 0, 0, 3, 2, 1, 1, 0, 2, 3, 0, 1, 1, 2, 3, 2, 3, 3, 1, 1, 2, 0, 1, 2, 0, 3, 3, 1, 0, 1, 3, 2, 2, 1, 0, 1, 3, 2, 1, 0, 1, 1, 1, 1, 3, 1, 3, 0, 2, 1, 3, 3, 2, 3, 1, 0, 0, 1, 3, 3, 1, 1, 1, 3, 3, 0, 0, 0, 2, 1, 3, 3, 1, 1, 0, 1, 1, 0, 2, 3, 1, 1, 1, 1, 3, 3, 0, 3, 0, 3, 0, 1, 0, 2, 1, 3, 1, 1, 3, 0, 0, 2, 1, 3, 2, 1, 1, 3, 0, 3, 1, 2, 2, 1, 3, 2], "confidence_scores": [[0.01699856523951003, 0.0046198837938786295, 0.9777465205725107, 0.000635030394100635], [0.012383630220032773, 0.0012806326399827078, 0.46425445812457333, 0.5220812790154111], [0.11350316760790641, 0.20871866308632922, 0.3594447643068363, 0.31833340499892815], [0.0382484642777005, 0.0364222731324341, 0.9050919897819417, 0.020237272807923652], [0.10312248079621152, 0.06190750660154202, 0.0801367041282322, 0.7548333084740142], [0.32842028530731754, 8.021942143783373e-05, 0.0009129263187443135, 0.6705865689525004], [0.0004042592166806183, 0.9748247678177128, 0.022291245071360023, 0.0024797278942464197], [0.0016256003983971502, 0.5681636880411505, 0.34500960891452614, 0.08520110264592631], [0.033688469487505576, 0.08678328999604751, 0.8768469499401695, 0.0026812905762775376], [0.9842954962741891, 0.0007690495737502072, 0.002483404121578813, 0.012452050030482076], [0.0689914214740695, 0.3047897069030594, 0.5917518688180188, 0.03446700280485237], [0.04181495873598651, 0.030009244349909737, 0.06307529295820893, 0.8651005039558948], [0.00481739931577466, 0.02336006604019792, 0.9716371446952097, 0.0001853899488176106], [0.20081104238763284, 0.7012145009261832, 0.08990863097604875, 0.008065825710135125], [0.018040937073302576, 0.027801159253848264, 0.7798116450400159, 0.17434625863283312], [0.22577994521594655, 0.06460617303607054, 0.6379482364520895, 0.07166564529589337], [0.0130827729876171, 0.001163505965493984, 0.8201372428640737, 0.16561647818281514], [0.9112653627984524, 0.06375162303589543, 0.00528162619044398, 0.019701387975208165], [0.06056788342430885, 0.025106981755668896, 0.7017932784630992, 0.21253185635692293], [0.010069527779633833, 0.016149748613336422, 0.13633405643428995, 0.8374466671727399], [0.15622590375664233, 0.09664014581237444, 0.0015690590075723913, 0.7455648914234108], [0.17841951552515614, 0.2165563985488561, 0.008464636604369077, 0.5965594493216186], [0.20377595953284924, 0.060754330989308644, 0.1499891954593601, 0.585480514018482], [0.9753676672126863, 0.005743958932270646, 0.000946125302847723, 0.017942248552195332], [0.06385642471987865, 0.8685061269282144, 0.013068888360267338, 0.05456855999163954], [0.002054750238845178, 0.014324939081067311, 0.07083663645819611, 0.9127836742218914], [0.20583845291575448, 0.23092343013040184, 0.21828362784804387, 0.3449544891057998], [0.8579062146328692, 0.1351917827156378, 0.0017869903372768744, 0.0051150123142161205], [0.5422641118846747, 0.0014361617356715018, 0.005843845349793329, 0.45045588102986045], [0.028282777392787284, 0.3513917354792969, 0.02112000160976305, 0.5992054855181527], [0.02452322206304199, 0.16757466004822438, 0.7998909323203154, 0.008011185568418271], [0.02765538404006169, 0.942817657232159, 0.02802861456760662, 0.0014983441601727958], [0.18694497645244265, 0.7052481715494336, 0.011464374153880026, 0.09634247784424368], [0.6139321110693785, 0.005064114684631048, 0.033163572939356206, 0.3478402013066344], [0.11759556091140057, 0.03316148520723819, 0.4507906229194871, 0.3984523309618741], [0.008621709107425737, 0.3805617956774553, 0.0010860438633700953, 0.6097304513517489], [0.6925226086186576, 0.006922315326987808, 0.2907468134239617, 0.009808262630392852], [0.009243954552328602, 0.8024508750995701, 0.1835429877205404, 0.004762182627560824], [0.00022788776528869707, 0.5754295053392476, 0.4239946417168786, 0.00034796517858512514], [0.25870588014282925, 0.045621908468969345, 0.4918238235767629, 0.2038483878114384], [0.03954085926591391, 0.09465186462588737, 0.18954417744783145, 0.6762630986603673], [0.007389950883888334, 0.11434966636876275, 0.8067683448674334, 0.07149203787991562], [0.11236745508685368, 0.050046214889067776, 0.045602684486522, 0.7919836455375566], [0.036981289408811305, 0.0127488041129868, 0.005387313586828347, 0.9448825928913736], [0.01349079861535411, 0.8839051081407308, 0.000952381803716999, 0.10165171144019809], [0.004828226903381502, 0.9421422998239586, 0.0011772977224368542, 0.051852175550223], [0.012314059629319607, 0.028203059688212524, 0.8105635665796499, 0.1489193141028182], [0.7120557039666665, 0.012037005575222994, 0.0005501066528859462, 0.2753571838052246], [0.08941312089565133, 0.786830707206561, 0.06068005768406794, 0.06307611421371986], [0.06794165503942814, 0.024086937161071586, 0.8623014778350795, 0.04566992996442085], [0.8275265382531092, 0.08063728563844569, 0.0003232784247833787, 0.09151289768366178], [0.019170994217430605, 0.005596919405917388, 0.008939939327593153, 0.9662921470490587], [0.3082382349483539, 0.003530035260941966, 0.31320946477789813, 0.3750222650128061], [0.00034850359139155563, 0.9298201875800758, 0.007532289870782508, 0.06229901895775006], [0.9753374282141757, 0.004589479519214341, 0.004533179966415243, 0.015539912300194856], [0.3649295246332255, 0.51351153291503, 0.04477032655923683, 0.07678861589250757], [0.013681993956595832, 0.2837286185054883, 0.14023537199224956, 0.5623540155456663], [0.005476414388489037, 0.0012001805136619193, 0.8174092820592199, 0.17591412303862908], [0.0024774603155564134, 0.2638154090693842, 0.545781545415923, 0.18792558519913632], [0.09838340528359914, 0.8682542051544178, 0.03169562091987417, 0.0016667686421089664], [0.850406169915969, 0.04472094585331825, 0.07231492440110204, 0.03255795982961088], [0.14684062680305648, 0.7284143738897738, 0.09658177797362477, 0.028163221333545024], [0.24070214708946852, 0.07771240966195413, 0.11683357838622276, 0.5647518648623546], [0.15929094569130745, 0.13357949961765653, 0.4773786896133364, 0.2297508650776996], [0.02304452297030717, 0.8892380552752311, 0.03800332977905402, 0.04971409197540753], [0.737960794675718, 0.04826559254593074, 0.0741519977056263, 0.13962161507272502], [0.00037199797861235754, 0.9965066502027662, 0.0027622246777917, 0.00035912714082987255], [0.006716227697685545, 0.6359476333170998, 0.2717925863144835, 0.085543552670731], [0.0057404037179516944, 0.9866277060260652, 0.0028853704118991064, 0.004746519844084022], [0.04476498479940618, 0.9268283786831083, 0.002550746027638459, 0.025855890489847117], [0.12395395750418134, 4.2613191838883856e-05, 5.5105764867780265e-05, 0.875948323539112], [0.004112724561526987, 0.6798869527025216, 0.17742518823029352, 0.13857513450565784], [0.006558602107274874, 0.005670862012955966, 0.0007465603417761375, 0.987023975537993], [0.642847371192578, 0.0630132833512176, 0.040361351236818235, 0.25377799421938635], [0.010513428205558797, 0.033267467231222765, 0.4953294451582481, 0.46088965940497034], [0.025504300538459826, 0.6832536376843847, 0.07964327462683204, 0.21159878715032326], [0.10813592961855359, 0.3487534154239805, 0.12113702321438251, 0.4219736317430834], [0.04154860414468774, 0.001619384210635008, 0.0020558948154137907, 0.9547761168292636], [0.05371828126553811, 0.25359480286376695, 0.3933023262488508, 0.2993845896218441], [0.23761137236864693, 0.041891525200974396, 0.010297897480755476, 0.7101992049496233], [0.031053607099777645, 0.47915740664921114, 0.04199402480832474, 0.4477949614426866], [0.45408801547772365, 0.18414767389498865, 0.22180852277837673, 0.13995578784891083], [0.7324003559633473, 0.007546554054388367, 0.0009195611210471832, 0.25913352886121716], [0.35674293673410684, 0.6066909416080876, 0.00839383948299174, 0.02817228217481398], [0.04855085114737149, 0.19817413628400074, 0.1960754606380792, 0.5571995519305486], [0.24875412983471476, 0.017531654296141435, 0.0008834902825478913, 0.7328307255865959], [0.24514899505840615, 0.6781260268351371, 0.060252577656992386, 0.016472400449464415], [0.10736694613203518, 0.7892292053733021, 0.0005926743742537075, 0.10281117412040888], [0.02518915060085621, 0.9029523629164279, 0.0037144777771711142, 0.06814400870554477], [0.07727541993852571, 0.003564497027330111, 0.0001613058136026662, 0.9189987772205416], [0.05226407954081242, 0.4698884590269634, 0.0001655780987227961, 0.47768188333350126], [0.41235703009578994, 0.2532379467206367, 0.061888861688054346, 0.27251616149551894], [0.44298392203566167, 0.29187943800516614, 0.18883189798657107, 0.07630474197260115], [0.6214809957488747, 0.048772744370093005, 0.09675956832426627, 0.23298669155676596], [0.03558808878760919, 0.17442583832970646, 0.4286961984844603, 0.36128987439822413], [0.0016200253072418843, 0.9923132298245749, 0.0010761978748216954, 0.004990546993361556], [0.14376449069586952, 0.24299329538392933, 0.054602918137534616, 0.5586392957826665], [0.3535360273219578, 0.027265693638306457, 0.011387896096603723, 0.6078103829431319], [0.0730514536219427, 0.636703235511309, 0.18958431206879406, 0.10066099879795413], [0.0015807458266535086, 0.9703673263705141, 0.0003410429131234376, 0.027710884889708937], [0.6229513892244124, 0.004090345118464092, 0.07248020078701925, 0.30047806487010437], [0.09501183969724301, 0.5166693156057398, 0.32224546339336096, 0.06607338130365617], [0.31013692885533933, 0.6259557709620022, 0.03222606095466173, 0.03168123922799669], [0.7533168823926989, 0.04214258617356, 0.013413655812391593, 0.19112687562134942], [0.3375352829238131, 0.1428491474836095, 0.4490138089707053, 0.07060176062187218], [0.003299239140841259, 0.05065614982972142, 0.030284257107684964, 0.9157603539217524], [0.00866945449746322, 0.9848827206766831, 0.0012410684851353495, 0.005206756340718037], [0.08238755184647001, 0.7926348615118753, 0.0009633525275700786, 0.12401423411408458], [0.0034615791242042157, 0.9400412822743104, 0.0019485553317222482, 0.054548583269763265], [0.2940529297518616, 0.4652686198592074, 0.0037960673516764954, 0.2368823830372544], [0.020478118645377068, 0.12666610550030305, 0.159762927846857, 0.6930928480074628], [0.3424998048176076, 0.028089595767157055, 0.017186048256405906, 0.6122245511588295], [0.6213242861033044, 2.539291534881555e-05, 0.0004414340966216168, 0.37820888688472515], [0.42084142198131724, 0.10492754725639486, 0.003990915199045268, 0.47024011556324263], [0.7959841537887065, 0.0552782270242388, 0.004208921278769677, 0.14452869790828493], [0.038643001936780566, 0.0014515319921096443, 0.02206163091225443, 0.9378438351588554], [0.8788314382332002, 0.027650397662750407, 0.0018607867729908917, 0.09165737733105865], [0.037382110141194615, 0.7492095159324257, 0.0036180244983049148, 0.2097903494280747], [0.6772015942975329, 0.0034327230477252404, 0.002985660040048578, 0.3163800226146932], [0.25117147902108267, 0.06407495675394026, 0.605152570106787, 0.07960099411819013], [0.02102809438040258, 0.6815101127974501, 0.01512308006113584, 0.2823387127610114], [0.019579763717623176, 0.28820135865665997, 0.040542967494314595, 0.6516759101314022], [0.0020368544960689184, 0.9550867907661782, 0.00033947871194819716, 0.04253687602580474], [0.3205093327556533, 0.46929613853921187, 0.060616137692704665, 0.14957839101243026], [0.1778520530993336, 0.30833025302498623, 0.11574464400179785, 0.3980730498738823], [0.5066754910893781, 0.3760613181792024, 0.0813554195119597, 0.035907771219459754], [0.9336647880199189, 0.025135920282578026, 0.0006312689441777481, 0.04056802275332534], [0.0016798163419651261, 0.04661323885446888, 0.7596896662319352, 0.1920172785716307], [0.003617554716106023, 0.9954887802184125, 0.0003709357502904953, 0.0005227293151910105], [0.09210815945589886, 0.09344702647400407, 0.034453605848522494, 0.7799912082215745], [0.020661685380125996, 0.023122473823977013, 0.9258651734224865, 0.030350667373410543], [0.05803797741146123, 0.4647911877164297, 0.16643131118069096, 0.310739523691418], [0.006889201305705477, 0.595814133998578, 0.0016905534470165518, 0.3956061112487001], [0.004386765391198579, 0.03782827811049805, 0.0034616274075990974, 0.9543233290907043], [0.45834203098527626, 0.3669554769817132, 0.079269699106993, 0.0954327929260176], [0.007798290919101679, 0.052659546143678786, 0.03048022432352191, 0.9090619386136976], [0.07124210983012447, 0.5590817820398629, 0.07311766934014732, 0.2965584387898652], [0.16421793205641053, 0.005002098894469984, 0.5664971329650383, 0.2642828360840812], [0.001163628801691116, 0.007784351781197285, 0.8895462845443948, 0.10150573487271676], [0.08829801803443602, 0.8494386759721041, 0.029269624073025045, 0.032993681920434614], [0.01228392535319039, 0.003879850640293609, 0.021282376971470555, 0.9625538470350454], [0.01791370730373381, 0.2822550250776037, 0.49323970072606366, 0.20659156689259886]]}}