{"test": {"ids": ["103110840", "105120621", "99107640", "113122220", "104113240", "109117271", "107118820", "106114150", "97109570", "112116290", "111119950", "112118161", "109120560", "113118630", "106116640", "104116980", "110117110", "111120220", "104114410", "106118161", "112116810", "111121930", "110120531", "98107340", "111120280", "103113610", "109120150", "97106970", "106120290", "112121030", "110119891", "98107380", "112119930", "99107950", "102110890", "104116441", "101121640", "99109141", "106113830", "107118490", "104111880", "111114121", "101112690", "102111990", "112116610", "113121680", "98121790", "102110850", "106114011", "99112840", "112118820", "113119340", "101114990", "110114651", "103109021", "102109850", "109120621", "103109641", "110114561", "109117600", "104111550", "104119340", "102113210", "108115250", "105113170", "98111231", "100109311", "98108580", "112116501", "109118161", "108113480", "113122170", "100111270", "108121160", "99117630", "105110251", "103111480", "111115910", "103112641", "103118291", "107120130", "104111531", "107114621", "98108150", "108120060", "108115070", "105115250", "110118701", "98107210", "108115870", "112119450", "112118930", "99108520", "108115970", "97113900", "100111080", "111119150", "112121010", "107113170", "113119450", "109115380", "107113200", "102107961", "109115220", "110118880", "112116451", "110115140", "112116850", "97109080", "107118780", "104110960", "97112170", "108117360", "102112030", "100108580", "110114610", "113117340", "98112170", "104118340", "101108080", "111121220", "105115680", "111120531", "108117720", "99108330", "98112300", "108120700", "113121010", "100110260", "110120700", "97107920", "107113550", "112118701", "106116120", "99109740", "111120640", "102108621", "101113210", "103120290", "103113260", "113120830", "113122150"], "labels": [1, 1, 1, 1, 2, 0, 3, 1, 0, 0, 0, 0, 1, 3, 3, 1, 0, 3, 1, 3, 3, 1, 0, 0, 0, 2, 2, 2, 2, 0, 3, 1, 1, 1, 0, 1, 2, 3, 1, 2, 3, 0, 1, 2, 1, 1, 2, 3, 1, 2, 0, 0, 3, 3, 0, 1, 1, 1, 0, 1, 1, 1, 3, 1, 0, 1, 1, 0, 3, 0, 0, 1, 2, 2, 3, 0, 0, 2, 3, 0, 2, 0, 0, 0, 1, 1, 2, 3, 1, 3, 3, 1, 2, 2, 2, 0, 3, 2, 0, 3, 3, 0, 3, 3, 0, 0, 0, 0, 2, 1, 2, 0, 1, 2, 0, 1, 2, 3, 2, 0, 3, 2, 0, 1, 1, 2, 2, 2, 3, 2, 0, 0, 0, 1, 3, 0, 3, 3, 2, 3, 3, 2], "predicted_labels": [1, 3, 3, 3, 1, 3, 3, 1, 3, 1, 3, 3, 3, 1, 1, 3, 3, 1, 3, 1, 3, 3, 3, 1, 3, 3, 3, 1, 3, 3, 3, 3, 1, 3, 3, 1, 3, 3, 3, 3, 1, 1, 3, 3, 3, 3, 1, 3, 1, 1, 3, 3, 1, 3, 1, 2, 3, 3, 3, 3, 1, 3, 1, 1, 3, 0, 0, 3, 1, 1, 3, 3, 1, 3, 1, 1, 3, 3, 3, 3, 1, 1, 3, 1, 1, 1, 3, 3, 1, 3, 1, 3, 3, 3, 3, 3, 1, 3, 0, 3, 1, 3, 3, 3, 1, 0, 3, 3, 3, 3, 3, 3, 3, 1, 3, 1, 3, 0, 3, 0, 1, 1, 1, 3, 3, 0, 1, 1, 0, 3, 3, 3, 1, 3, 1, 1, 1, 1, 3, 3, 3, 1], "confidence_scores": [[0.2474488150738151, 0.32158238983238974, 0.20263023088023085, 0.2283385642135642], [0.29595009157509167, 0.2754601093351094, 0.12336320623820628, 0.3052265928515929], [0.21896645021645025, 0.2774065101565103, 0.20297258297258294, 0.3006544566544567], [0.2600358946608948, 0.29134965728715717, 0.15571709102301207, 0.29289735702893605], [0.24442626817626822, 0.3077783882783882, 0.2034821012321013, 0.24431324231324228], [0.23349628149628157, 0.27881379731379735, 0.16718681318681314, 0.3205031080031083], [0.1816144272394273, 0.3087012056570881, 0.17576067967979728, 0.3339236874236875], [0.23726010101010103, 0.30062884337884355, 0.1858348457098457, 0.2762762099012098], [0.24193593394909182, 0.22302627927627927, 0.22257881519065734, 0.31245897158397157], [0.24718380230880238, 0.3349857503607504, 0.15844989038739035, 0.25938055694305695], [0.27331962481962485, 0.2360057026307026, 0.16800512937355042, 0.322669543176122], [0.25095834720834725, 0.3032821067821068, 0.14133170995670993, 0.3044278360528361], [0.20344810744810743, 0.29398939948939945, 0.16730350205350206, 0.33525899100899104], [0.17865115440115442, 0.32524861249861253, 0.18516673604173609, 0.31093349705849715], [0.22478527926322048, 0.31951911976911984, 0.17689051226551225, 0.2788050887021476], [0.19244917582417587, 0.27860233516483524, 0.21801941808191805, 0.31092907092907096], [0.27077705627705634, 0.2531722027972028, 0.19858315295815288, 0.2774675879675879], [0.2781001776001778, 0.3165595793095794, 0.16414258658008657, 0.24119765651015648], [0.24783882783882782, 0.2608561716061718, 0.20846891996891997, 0.2828360805860806], [0.2533304195804197, 0.31079016816516825, 0.14926333388833388, 0.2866160783660784], [0.2774055944055945, 0.2569870684870684, 0.18511216561216556, 0.28049517149517156], [0.23370647408147416, 0.2850748556998558, 0.19240811965811955, 0.2888105505605505], [0.23192682603344372, 0.2652028824933236, 0.16284800738477212, 0.3400222840884605], [0.2423840048840049, 0.2929423493173493, 0.20271772671772673, 0.26195591908091914], [0.26907675494440214, 0.20577686529157113, 0.16103599015363723, 0.3641103896103896], [0.20982700632700632, 0.2731098207348207, 0.2141350316350317, 0.30292814130314133], [0.2646719114219114, 0.23501503153709039, 0.2070837634587635, 0.293229293582235], [0.1789428765678765, 0.32343247030747047, 0.22949425574425572, 0.26813039738039735], [0.2138794538794539, 0.23291930291930302, 0.19662440337440334, 0.3565768398268398], [0.2272193223443225, 0.2544524364524365, 0.15455480630480634, 0.36377343489843494], [0.2570487012987014, 0.2882813852813854, 0.14551010101010095, 0.30915981240981244], [0.25856901431901436, 0.2279425435675436, 0.2436040209790209, 0.26988442113442124], [0.24814142801642794, 0.25948257298257305, 0.24479100066600076, 0.24758499833499834], [0.15143109668109667, 0.3068785173160174, 0.21417474192474187, 0.32751564407814404], [0.2579029865043797, 0.23786903374403384, 0.17064756588440796, 0.33358041386717846], [0.2039057886557887, 0.3340139166389168, 0.16218181818181815, 0.2998984765234766], [0.2147819264069264, 0.267135101010101, 0.23676659451659457, 0.2813163780663781], [0.2779422105672106, 0.26809962259962267, 0.171401424963925, 0.2825567418692419], [0.2378497474747475, 0.2973903318903319, 0.16389610389610382, 0.30086381673881685], [0.22776821789321794, 0.2991940484032875, 0.17110597041847048, 0.3019317632850242], [0.21029945748695753, 0.3181990758424583, 0.17674779550514846, 0.29475367116543594], [0.2809507992007993, 0.3353651304835516, 0.12903624591782484, 0.25464782439782446], [0.23575487012987018, 0.26453409090909086, 0.1807856240981241, 0.318925414862915], [0.27003264790764786, 0.2587223920730113, 0.18941947105182388, 0.2818254889675169], [0.2573277417027418, 0.28843982406482416, 0.14555232267732265, 0.3086801115551117], [0.2344663808413808, 0.2685089355089356, 0.15700041625041622, 0.34002426739926733], [0.2527243867243868, 0.29922070494864633, 0.1615407647907648, 0.2865141435362022], [0.2004699997714704, 0.319524858311623, 0.1533385585003232, 0.3266665834165835], [0.2741291347541349, 0.29015381840381843, 0.1990213952713952, 0.23669565157065162], [0.225702047952048, 0.27070802808302813, 0.2361792651792652, 0.2674106587856588], [0.24572698135198143, 0.2510844710844711, 0.16918260905760907, 0.3340059385059385], [0.27478099065966705, 0.23732303317597445, 0.15161980095068325, 0.3362761752136752], [0.2130748228379808, 0.2804903846153845, 0.2391322894941316, 0.2673025030525031], [0.2608623737373738, 0.24948232323232328, 0.15126131616921087, 0.3383939868610923], [0.25474310411810425, 0.32023448773448776, 0.16199553224553223, 0.26302687590187596], [0.2546747092776505, 0.24328928016428022, 0.2574096528471529, 0.24462635771091656], [0.22898856454003513, 0.2518562491430138, 0.15212803985230453, 0.3670271464646465], [0.24813797313797317, 0.27605176767676765, 0.16534511322011317, 0.31046514596514585], [0.2548787046287046, 0.27276373626373634, 0.16387463924963924, 0.30848291985791987], [0.25679062604062614, 0.27872056130144374, 0.17930084784496547, 0.2851879648129648], [0.1784369241869242, 0.3049239787989789, 0.22130291930291934, 0.2953361777111778], [0.20938926351426354, 0.2873591963591964, 0.19479707792207798, 0.3084544622044623], [0.20849596237096235, 0.2899156121656122, 0.22163418525918518, 0.2799542402042402], [0.23662735875235882, 0.304987123987124, 0.17344487456987456, 0.2849406426906427], [0.22456530969030974, 0.25131940975690986, 0.18374213980463983, 0.3403731407481409], [0.29541824841824854, 0.2613684926184926, 0.19562730325230326, 0.24758595571095574], [0.31991123459873466, 0.254935841935842, 0.19037223887223878, 0.23478068459318469], [0.21662697025197025, 0.2625038295038295, 0.23592686480186478, 0.28494233544233555], [0.2699441253191253, 0.2880134587634589, 0.18349699891611648, 0.2585454170012993], [0.26397907647907654, 0.27842733655233665, 0.2034411838161839, 0.25415240315240323], [0.26638845876345874, 0.2865289710289711, 0.15470104895104891, 0.29238152125652134], [0.21771560384060382, 0.2742898629148629, 0.169972582972583, 0.3380219502719504], [0.16970447607947609, 0.3326912531912533, 0.20589367576867582, 0.29171059496059504], [0.1967454906204906, 0.29230434842934844, 0.14429107004107003, 0.3666590909090911], [0.23091251803751806, 0.2769875541125542, 0.21514267676767673, 0.27695725108225117], [0.29483662171162184, 0.3012561327561328, 0.12557463369963362, 0.278332611832612], [0.2521812631812631, 0.256205502830503, 0.17088120213120214, 0.3207320318570319], [0.23005808080808085, 0.29561327561327566, 0.17092009379509376, 0.3034085497835498], [0.24386503774003768, 0.24935701798201798, 0.1695769924519924, 0.3372009518259519], [0.2561404706404708, 0.2669979971009383, 0.12969083694083694, 0.34717069531775424], [0.2125425824175825, 0.29322590889502653, 0.2069847056538233, 0.28724680303356787], [0.26628037240537245, 0.2985930735930735, 0.15340849428349426, 0.28171805971805974], [0.2874572510822512, 0.21136664724164725, 0.12461657786657787, 0.376559523809524], [0.24674560162060166, 0.3157950007508832, 0.16522038663950428, 0.27223901098901115], [0.21484446109446104, 0.3383455808896985, 0.164573593073593, 0.2822363649422474], [0.2263255677071467, 0.3406285425101214, 0.18872267133451337, 0.24432321844821853], [0.2254876234876235, 0.2636591088649913, 0.20428697283109049, 0.3065662948162949], [0.21687956487956503, 0.2994881507381507, 0.15702297702297702, 0.3266093073593073], [0.19205692918192924, 0.2945947524697525, 0.23635342435342438, 0.2769948939948941], [0.26260890498390504, 0.2552565836940836, 0.19264126151626149, 0.28949324980574986], [0.23711793761793776, 0.32692922355422366, 0.13863425463425458, 0.29731858419358415], [0.22768484293484303, 0.2826678599178599, 0.17756270118770115, 0.31208459595959603], [0.21739126151626145, 0.2653870573870574, 0.2198954517704517, 0.2973262293262294], [0.20443234543234542, 0.29429292929292933, 0.20610354922854923, 0.29517117604617615], [0.17752038239538237, 0.30282480917775045, 0.19504820179820187, 0.3246066066286655], [0.18798310023310033, 0.28411159673659664, 0.21438005050505052, 0.3135252525252525], [0.2431744227994228, 0.29058658008658006, 0.17845454545454537, 0.2877844516594518], [0.20441906704406704, 0.2818171868980692, 0.21459245084980375, 0.29917129520806013], [0.2811874791874791, 0.25414112276612283, 0.19312955100455098, 0.27154184704184714], [0.23845927683427687, 0.2936361416361416, 0.1662885447885448, 0.30161603674103676], [0.2149463036963036, 0.2649527417027418, 0.25788005050505053, 0.2622209040959042], [0.23514531302031316, 0.27987891765097644, 0.11353683816183814, 0.37143893116687243], [0.2379925491175491, 0.2815361305361306, 0.15840927128427126, 0.3220620490620491], [0.2641908508158509, 0.279658078033078, 0.1513961455211455, 0.30475492562992557], [0.27729700854700867, 0.2846837419116831, 0.1538582381670617, 0.2841610113742467], [0.3263064574314574, 0.2678079004329005, 0.15080916305916303, 0.25507647907647907], [0.2683791486291485, 0.23772330447330448, 0.1841886585636586, 0.30970888833388843], [0.2450107670107669, 0.28480210067710077, 0.14632142857142852, 0.3238657037407039], [0.22447453934953937, 0.27007810245310254, 0.20632406482406487, 0.2991232933732934], [0.22476316738816746, 0.26099193861693865, 0.16689844877344873, 0.34734644522144537], [0.20253431290931284, 0.25702752802752804, 0.2332343281718282, 0.307203830891331], [0.24200595238095235, 0.2760008463758464, 0.18325457875457876, 0.2987386224886225], [0.23139242701742702, 0.2803282273282274, 0.2056193609022556, 0.2826599847520901], [0.2054939594719006, 0.2861411415382005, 0.2252329753579754, 0.2831319236319237], [0.2096603257853257, 0.25445528980823107, 0.22958977133977132, 0.30629461306667194], [0.23722358197358198, 0.2902821345321347, 0.19904846542346535, 0.27344581807081814], [0.20954875679875687, 0.3073362193362194, 0.15204906204906204, 0.3310659618159619], [0.25849350649350655, 0.25584559884559893, 0.2293177467956879, 0.25634314786520673], [0.266658966033966, 0.27220638103726336, 0.16842396655631953, 0.29271068637245107], [0.3017259546009547, 0.2454523809523809, 0.19377079864579863, 0.2590508658008659], [0.1721582722832723, 0.39409182046024166, 0.12059424347582239, 0.31315566378066395], [0.20756727994228, 0.35257166444666443, 0.21462524975024977, 0.22523580586080588], [0.2593712121212121, 0.31448773448773454, 0.1480948773448773, 0.278046176046176], [0.3018870712620713, 0.24029509379509384, 0.13613511488511487, 0.32168272005772025], [0.19248625965537733, 0.27035101010101015, 0.21329539414833534, 0.3238673360952773], [0.30883921633921635, 0.20603919691419698, 0.22895394882894884, 0.25616763791763797], [0.306417082917083, 0.3325077006327007, 0.14378715728715727, 0.21728805916305924], [0.1876099178599179, 0.3292576173826175, 0.17619577644577641, 0.3069366883116884], [0.3359213425463426, 0.27094498556998564, 0.13218165168165166, 0.2609520202020203], [0.26454148629148627, 0.2668418664668667, 0.19314772727272728, 0.27546891996892], [0.2956027999777999, 0.25055460797372564, 0.14163124375624375, 0.31221134829223063], [0.19810479797979796, 0.2862305194805196, 0.19539601370851373, 0.3202686688311689], [0.22149464424464427, 0.3292757936507938, 0.12733441558441558, 0.3218951465201465], [0.21166616798234458, 0.27585820633614766, 0.22988923984512216, 0.2825863858363859], [0.17905221167721166, 0.33538193750693757, 0.1999150432900433, 0.2856508075258076], [0.19216174103674102, 0.32675155400155403, 0.16918806193806188, 0.3118986430236431], [0.2736468392718393, 0.29078636641136646, 0.15534226884226882, 0.2802245254745256], [0.26052791652791657, 0.2981934176934177, 0.1908087884337884, 0.25046987734487736], [0.19813840326340335, 0.30082720057720064, 0.19881451881451886, 0.3022198773448772], [0.21679430291930296, 0.2737468635166004, 0.2227507215007216, 0.28670811206337526], [0.24275018037518037, 0.2681532495282496, 0.19218034158823635, 0.2969162285083339], [0.2391465756465757, 0.3252205433455433, 0.1951439671439671, 0.24048891386391388]]}, "rewritten": {"ids": ["97106970", "97107920", "97109080", "97109570", "97112170", "97113900", "98107210", "98107340", "98107380", "98108150", "98108580", "98111231", "98112170", "98112300", "98121790", "99107640", "99107950", "99108330", "99108520", "99109141", "99109740", "99112840", "99117630", "100108580", "100109311", "100110260", "100111080", "100111270", "101108080", "101112690", "101113210", "101114990", "101121640", "102107961", "102108621", "102109850", "102110850", "102110890", "102111990", "102112030", "102113210", "103109021", "103109641", "103110840", "103111480", "103112641", "103113260", "103113610", "103118291", "103120290", "104110960", "104111531", "104111550", "104111880", "104113240", "104114410", "104116441", "104116980", "104118340", "104119340", "105110251", "105113170", "105115250", "105115680", "105120621", "106113830", "106114011", "106114150", "106116120", "106116640", "106118161", "106120290", "107113170", "107113200", "107113550", "107114621", "107118490", "107118780", "107118820", "107120130", "108113480", "108115070", "108115250", "108115870", "108115970", "108117360", "108117720", "108120060", "108120700", "108121160", "109115220", "109115380", "109117271", "109117600", "109118161", "109120150", "109120560", "109120621", "110114561", "110114610", "110114651", "110115140", "110117110", "110118701", "110118880", "110119891", "110120531", "110120700", "111114121", "111115910", "111119150", "111119950", "111120220", "111120280", "111120531", "111120640", "111121220", "111121930", "112116290", "112116451", "112116501", "112116610", "112116810", "112116850", "112118161", "112118701", "112118820", "112118930", "112119450", "112119930", "112121010", "112121030", "113117340", "113118630", "113119340", "113119450", "113120830", "113121010", "113121680", "113122150", "113122170", "113122220"], "labels": [2, 0, 2, 0, 0, 2, 1, 0, 1, 0, 0, 1, 3, 2, 2, 1, 1, 1, 2, 3, 3, 2, 3, 0, 1, 3, 0, 2, 0, 1, 3, 3, 2, 3, 3, 1, 3, 0, 2, 2, 3, 0, 1, 1, 0, 3, 3, 2, 0, 2, 2, 0, 1, 3, 2, 1, 1, 1, 2, 1, 0, 0, 2, 2, 1, 1, 1, 1, 1, 3, 3, 2, 0, 0, 0, 0, 2, 1, 3, 2, 0, 1, 1, 3, 2, 1, 1, 1, 2, 2, 3, 3, 0, 1, 0, 2, 1, 1, 0, 1, 3, 0, 0, 3, 0, 3, 0, 2, 0, 2, 3, 0, 3, 0, 0, 0, 3, 1, 0, 0, 3, 1, 3, 0, 0, 0, 0, 1, 3, 1, 2, 0, 2, 3, 0, 3, 3, 2, 1, 2, 1, 1], "predicted_labels": [1, 3, 1, 3, 3, 3, 1, 1, 3, 0, 3, 3, 0, 0, 3, 3, 3, 1, 1, 0, 3, 1, 3, 0, 0, 3, 1, 1, 3, 3, 1, 1, 1, 0, 1, 0, 1, 3, 3, 3, 3, 1, 1, 1, 3, 3, 1, 3, 3, 1, 1, 3, 1, 3, 1, 1, 1, 1, 1, 3, 1, 3, 3, 1, 1, 1, 1, 3, 3, 0, 3, 1, 3, 3, 3, 0, 3, 3, 1, 3, 3, 1, 3, 0, 0, 3, 0, 1, 0, 3, 3, 3, 3, 3, 0, 3, 3, 3, 1, 3, 1, 3, 0, 1, 3, 3, 0, 1, 3, 1, 1, 3, 1, 3, 3, 1, 1, 3, 1, 0, 3, 3, 3, 3, 1, 1, 3, 3, 0, 3, 3, 3, 3, 1, 3, 3, 3, 3, 1, 1, 1, 3], "confidence_scores": [[0.19894982794982796, 0.2810007215007216, 0.24203824647574654, 0.27801120407370405], [0.3223072609579962, 0.2108808275058276, 0.14148085248085246, 0.32533105905532395], [0.19154728604728607, 0.30671790709290714, 0.19874687404099162, 0.3029879328188153], [0.28671336485152277, 0.2257813852813853, 0.1774098313966735, 0.31009541847041844], [0.2573719891219892, 0.2923000888000889, 0.15514790764790762, 0.2951800144300145], [0.2091746586746587, 0.2792376602156013, 0.2192229324038534, 0.29236474870588647], [0.20239281938391845, 0.33194907869907864, 0.20670348219032428, 0.2589546197266786], [0.2108060828060828, 0.29766246253746265, 0.22441307303807304, 0.26711838161838164], [0.26198470973470983, 0.1931763306138306, 0.21429042485292482, 0.3305485347985348], [0.2875777763902765, 0.25524132811632816, 0.21693315018315018, 0.2402477453102454], [0.22318850593850603, 0.23165386002886001, 0.23517557442557444, 0.30998205960705966], [0.2627318792318791, 0.28059282384282386, 0.17555373792873794, 0.28112155899655916], [0.3143869325119325, 0.20974422105672108, 0.21613729326229328, 0.2597315531690532], [0.3271956654456655, 0.21770561791150034, 0.17597018422753713, 0.2791285324152971], [0.24692499861249873, 0.276283986846487, 0.17549748862248865, 0.30129352591852604], [0.24190610778110774, 0.256275863025863, 0.16964657564657556, 0.33217145354645355], [0.17597877122877123, 0.2840050505050506, 0.2154184704184704, 0.3245977078477079], [0.24465634365634364, 0.2882175879675879, 0.1805801102492279, 0.2865459581268406], [0.2636344072594073, 0.2803568514818516, 0.21539299589299585, 0.24061574536574537], [0.2884195734820734, 0.2838234404484404, 0.180373001998002, 0.24738398407148401], [0.15371746309246306, 0.32058093295593304, 0.1978175296925297, 0.32788407425907445], [0.2155768953268954, 0.33740857753357767, 0.2079971001221001, 0.23901742701742712], [0.27607978132978134, 0.22397739760239752, 0.19133170995670995, 0.3086111111111112], [0.283795634920635, 0.2583121837313015, 0.178882992007992, 0.27900918934007174], [0.2969939366189367, 0.26589652014652015, 0.16380916305916307, 0.2733003801753803], [0.29748665223665216, 0.26341396103896103, 0.12269696969696967, 0.3164024170274172], [0.24183610833610839, 0.3130652403152404, 0.16599662837162835, 0.2791020229770231], [0.2117228694508106, 0.3025435814185815, 0.24474320124320123, 0.24099034788740675], [0.23664016539016544, 0.2740329392829394, 0.1853392857142857, 0.3039876096126097], [0.20981057831057826, 0.2889286824286825, 0.20403879453879456, 0.2972219447219447], [0.19264911477411478, 0.3223199023199023, 0.2240155677655677, 0.26101541514041515], [0.20606058707374497, 0.31707417582417585, 0.20984054651488862, 0.2670246905871906], [0.18219624819624822, 0.35105470917970927, 0.1442820512820513, 0.32246699134199125], [0.3592022977022977, 0.24761122211122213, 0.12641833166833163, 0.26676814851814856], [0.2240995254745256, 0.2894544205794205, 0.20527087495837487, 0.2811751789876789], [0.2711317293817294, 0.24996255133755146, 0.2190224913974914, 0.2598832278832279], [0.19395508658008662, 0.35673241341991363, 0.17218046536796536, 0.2771320346320346], [0.25686071567321567, 0.24207428549076151, 0.16751226551226545, 0.33355273332375746], [0.26669320263070273, 0.24745614108114114, 0.17690361027861026, 0.3089470460095459], [0.22476449938949944, 0.2544138361638363, 0.18450897275239375, 0.33631269169427064], [0.28492879342879346, 0.24702106227106224, 0.15413768176268172, 0.3139124625374626], [0.22869501332001338, 0.33266648629148626, 0.1530637001887002, 0.28557480019980025], [0.2716178959928961, 0.30372530247530244, 0.15898382173382172, 0.26567297979797977], [0.24253529803529805, 0.29320053557553566, 0.18031984681984675, 0.2839443195693197], [0.3029751082251083, 0.2202837856587857, 0.14264983627483624, 0.33409126984126986], [0.22217875588463837, 0.30124929237429243, 0.16226910589410587, 0.3143028458469635], [0.23517664280164285, 0.3407089708537079, 0.1494325396825396, 0.2746818466621098], [0.2168104256854258, 0.27534902597402594, 0.21710101010101013, 0.29073953823953835], [0.29083093295593293, 0.22067941780441783, 0.1546570374070374, 0.3338326118326118], [0.21122204184704196, 0.3291235014985016, 0.18123430735930735, 0.27842014929514936], [0.2410012210012211, 0.29776986208236206, 0.18712400793650794, 0.2741049089799091], [0.2639851398601401, 0.25073100510600516, 0.15876653901653895, 0.326517316017316], [0.24200428737928753, 0.3509704788675378, 0.1433634004884005, 0.2636618332647745], [0.23378328615828617, 0.2948033078033079, 0.16618237318237308, 0.30523103285603287], [0.20644098956598952, 0.34819716394716393, 0.1901954156954157, 0.2551664307914308], [0.23221163558663568, 0.32618410755910754, 0.16939067876567873, 0.27221357808857816], [0.2398556166056166, 0.3045204933954934, 0.19153828116328117, 0.26408560883560883], [0.19380578449328445, 0.3418270063270063, 0.2161380633255633, 0.24822914585414577], [0.2524020146520146, 0.3131698584353384, 0.17396594122252018, 0.260462185690127], [0.22768950932108833, 0.3019139515455304, 0.1601698630317051, 0.31022667610167604], [0.28386090298590305, 0.3169776196026197, 0.11238136863136862, 0.2867801087801088], [0.23219395881895888, 0.2483639277389278, 0.20439502164502169, 0.3150470917970919], [0.2331805555555555, 0.2491066017316017, 0.18809740259740265, 0.3296154401154402], [0.1975385725385726, 0.3585819825599237, 0.21072333140715496, 0.23315611349434878], [0.26431558719058734, 0.29999447774447785, 0.1533744588744588, 0.28231547619047626], [0.24104331779331775, 0.31744523532023533, 0.16736979686979686, 0.2741416500166501], [0.2519597624597624, 0.35255862193362214, 0.15012561050061046, 0.24535600510600516], [0.2670144161394161, 0.2489784937284938, 0.13893867243867242, 0.3450684176934177], [0.22968029193029196, 0.23698556998557002, 0.19679016816516812, 0.33654396991897007], [0.28922863941613947, 0.2812994644244645, 0.14900546675546672, 0.28046642940392946], [0.2604458735708736, 0.2601868686868687, 0.2036309246309246, 0.27573633311133317], [0.22121701909201902, 0.34534580697080686, 0.1627189754689754, 0.2707181984681985], [0.2525321067821068, 0.24787445887445883, 0.16793722943722944, 0.33165620490620495], [0.23859211621711618, 0.26812783050283046, 0.14654040404040403, 0.34673964923964923], [0.21508849483849485, 0.29961172161172167, 0.18474181374181373, 0.3005579698079698], [0.3402044622044623, 0.2246786824286824, 0.13652078477078475, 0.29859607059607063], [0.2091939241314242, 0.277119227994228, 0.17776307720057724, 0.33592377067377066], [0.2371061299811301, 0.21700828338328348, 0.19722150072150074, 0.348664085914086], [0.21467921661671668, 0.31703328615828624, 0.1932482864357864, 0.2750392107892108], [0.19581199356199352, 0.2827962170679563, 0.16285959873459877, 0.35853219063545155], [0.24459317071817072, 0.2792655122655123, 0.17502536352536352, 0.30111595349095366], [0.22937391774891783, 0.34945052170052165, 0.16896772671772678, 0.25220783383283396], [0.23047312409812418, 0.2966007603507604, 0.17220050782550783, 0.30072560772560775], [0.35473966311466304, 0.24483411033411034, 0.13992608780108776, 0.2605001387501389], [0.2949542887667888, 0.24609805472305485, 0.18348679792429798, 0.2754608585858586], [0.2710734126984126, 0.2512784992784993, 0.14470477140678378, 0.3329433166163042], [0.32289087301587316, 0.18286489898989902, 0.17484771588061065, 0.3193965121136175], [0.24731327006327014, 0.35723033216783234, 0.1498247308247308, 0.24563166694416694], [0.34289664502164513, 0.292860028860029, 0.15898797036297035, 0.2052553557553559], [0.27032678432678436, 0.255653318903319, 0.1479802836052836, 0.32603961316461316], [0.22359883172383166, 0.27592316017316015, 0.19154419191919195, 0.30893381618381616], [0.1901109862359862, 0.26813528138528137, 0.2167733238983239, 0.3249804084804086], [0.24910521504639152, 0.2614444097569098, 0.18793092324342323, 0.30151945195327545], [0.26233440170940187, 0.23679998188086432, 0.1710610737301914, 0.32980454267954273], [0.326034210887152, 0.30263435869685873, 0.13083043345543344, 0.24050099696055574], [0.20089010989010986, 0.27384699328449325, 0.21064285714285721, 0.3146200396825398], [0.2688723449752861, 0.28387096237096243, 0.1626350455100455, 0.28462164714370614], [0.2644487040737042, 0.2710068536535929, 0.14556800144300136, 0.31897644082970167], [0.24430092130092132, 0.3128283889313302, 0.15308775864658217, 0.28978293112116643], [0.19547510822510816, 0.31008805491893726, 0.17963680926916217, 0.3148000275867923], [0.2271107226107226, 0.3122487651237652, 0.1833383838383838, 0.27730212842712854], [0.2920278332778332, 0.19396477133977136, 0.20024440836940838, 0.31376298701298705], [0.3202906399156399, 0.26956204906204906, 0.17356329781329782, 0.23658401320901312], [0.28074204471998593, 0.302136113886114, 0.1498506077256077, 0.2672712336682924], [0.29066215728715733, 0.2587620851370852, 0.13741071428571425, 0.3131650432900434], [0.21975011100011105, 0.27517311854811866, 0.1675826118326118, 0.3374941586191587], [0.29309505772005773, 0.2836975108225109, 0.15357683982683976, 0.26963059163059155], [0.2475010822510823, 0.3177589493839494, 0.15949930624930628, 0.2752406621156621], [0.24725108225108225, 0.2987505853065065, 0.14501333826991716, 0.3089849941724942], [0.21485064935064935, 0.3141484487734489, 0.1841020368520368, 0.2868988650238652], [0.20957039488289486, 0.3619068015318016, 0.154089812964813, 0.2744329906204906], [0.2548546176046176, 0.27657216884422764, 0.17267934842934843, 0.29589386512180627], [0.27254630092130094, 0.322645673770674, 0.15353818403818395, 0.25126984126984125], [0.21319576746782634, 0.21314625162419282, 0.17502097902097893, 0.3986370018870019], [0.2869076340326341, 0.2625358946608948, 0.1561798479298479, 0.2943766233766234], [0.25242113442113445, 0.2964935897435899, 0.1593882298257298, 0.291697046009546], [0.23004166666666662, 0.3206716616716617, 0.1700018592518593, 0.2792848124098124], [0.25537950937950954, 0.21601515151515158, 0.18350072150072144, 0.34510461760461764], [0.2928319229789817, 0.3215791381820796, 0.12156752275502271, 0.2640214160839163], [0.3070149850149851, 0.22394960594960597, 0.1681013153513153, 0.30093409368409363], [0.2510220057720058, 0.27942279942279946, 0.1521522366522367, 0.3174029581529583], [0.25811821511821514, 0.27145092407592414, 0.16871038683538678, 0.301720473970474], [0.23893764568764567, 0.273375235875236, 0.20159759684759682, 0.28608952158952156], [0.24930465367965368, 0.25932196969696975, 0.18002786796536793, 0.3113455086580086], [0.2725759102009102, 0.33994795482295503, 0.13425012487512486, 0.25322601010101015], [0.29558226495726503, 0.3589209262959263, 0.13157611832611826, 0.2139206904206905], [0.2769208846708847, 0.2503295454545455, 0.16131354756354754, 0.31143602231102224], [0.1693306277056277, 0.3086970598845599, 0.2015536408036409, 0.3204186716061716], [0.30662977300477295, 0.2790358252858254, 0.16619160006660005, 0.24814280164280167], [0.2280433871683872, 0.25617536140330266, 0.217490120990121, 0.29829113043818917], [0.1985393217893218, 0.2943122294372295, 0.16540476190476183, 0.34174368686868706], [0.2442013125763127, 0.2612990828615829, 0.16561129148629145, 0.3288883130758132], [0.2073784430438842, 0.2928587315462316, 0.14304779942279944, 0.35671502598708493], [0.27156933834139724, 0.336094282759724, 0.18052301864801862, 0.21181336025086023], [0.24922357503607503, 0.23734589022089025, 0.16945478132978123, 0.34397575341325337], [0.28818188755688756, 0.2351036463536465, 0.15355122655122655, 0.3231632395382396], [0.23967231379731374, 0.23134824897324904, 0.19831398572188036, 0.3306654515075567], [0.20048418248418248, 0.3226977050727051, 0.14927614052614052, 0.3275419719169719], [0.21894471500721505, 0.3521771284271285, 0.13501806118717882, 0.2938600953784778], [0.24494132256632267, 0.31527790265290284, 0.16923513986013985, 0.270545634920635], [0.2191617965367966, 0.3555207146654516, 0.15024765512265506, 0.2750698336750969], [0.2845472582972584, 0.25230266955266967, 0.13889538239538238, 0.32425468975468985]]}}