{"test": {"ids": ["113122190", "113120780", "109116170", "99107560", "98110710", "110120560", "98106560", "97107950", "102109850", "98107010", "105115680", "107113170", "105112100", "113119950", "113120540", "97107040", "104114230", "99119830", "107114321", "99111440", "102121440", "113122180", "108120621", "110117500", "110118810", "99113260", "100109330", "97112300", "110118301", "100110260", "98111231", "111115780", "100112060", "110118630", "97105760", "103110840", "97110950", "108114670", "103113170", "97109080", "103111620", "106118520", "107113260", "112120640", "106121190", "100116790", "104109311", "110117200", "113118490", "109121351", "105113260", "97107260", "98112580", "99107500", "111120280", "97105960", "108115570", "102114270", "104118070", "110115140", "106116850", "108118630", "113119340", "109117431", "113120280", "100109311", "104113550", "99109370", "107114280", "104111531", "113121220", "109113591", "106117770", "112118161", "107118490", "97111790", "109119450", "112117790", "105117200", "102110690", "112118421", "97116800", "113119120", "98111670", "98113881", "110116290", "109116750", "111116530", "102110240", "104110960", "107114621", "112118930", "113121410", "110117870", "105115720", "99108000", "112116610", "100111390", "102113350", "110114950", "112116880", "101108290", "111121220", "107113200", "101108460", "111116750", "111116100", "98116090", "113118620", "101108580", "107121700", "99108890", "100109890", "113120531", "108121160", "101111310", "104118340", "113117340", "101108080", "108120280", "106114150", "106116640", "104116441", "107118520", "102112301", "112116900", "109119010", "108114200", "113119700", "112119450", "101108121", "112117210", "104113190", "112116540", "103118110", "108114360", "110118930", "101108500", "105113190", "98110230", "111116411", "111121410"], "labels": [1, 0, 0, 1, 2, 0, 1, 2, 1, 3, 2, 0, 1, 0, 3, 2, 2, 1, 0, 3, 2, 2, 1, 1, 1, 0, 0, 2, 1, 3, 1, 1, 2, 1, 0, 1, 3, 3, 3, 2, 0, 2, 0, 0, 2, 2, 3, 3, 1, 0, 3, 2, 2, 0, 0, 2, 3, 3, 2, 0, 3, 1, 0, 1, 0, 1, 1, 1, 3, 0, 3, 3, 0, 0, 2, 2, 3, 3, 3, 0, 3, 0, 3, 1, 3, 2, 0, 3, 3, 2, 0, 1, 0, 3, 1, 2, 1, 2, 3, 0, 0, 0, 3, 0, 0, 3, 3, 0, 3, 0, 3, 0, 3, 0, 2, 3, 2, 2, 0, 3, 1, 3, 1, 2, 1, 3, 3, 0, 0, 3, 0, 1, 3, 1, 2, 1, 1, 3, 3, 3, 0, 0], "predicted_labels": [1, 1, 1, 1, 2, 3, 3, 1, 2, 1, 1, 3, 3, 3, 3, 2, 1, 1, 1, 1, 1, 3, 3, 1, 0, 2, 0, 2, 3, 3, 0, 3, 3, 1, 0, 1, 0, 3, 1, 1, 3, 1, 1, 0, 1, 1, 3, 0, 3, 0, 1, 1, 1, 1, 3, 0, 1, 1, 3, 3, 1, 3, 0, 0, 3, 0, 0, 1, 1, 1, 3, 1, 3, 0, 1, 1, 1, 0, 1, 3, 3, 0, 3, 3, 1, 0, 1, 3, 1, 1, 0, 1, 3, 3, 1, 1, 0, 3, 3, 3, 1, 1, 3, 3, 3, 0, 1, 3, 1, 0, 1, 1, 3, 3, 3, 1, 3, 1, 0, 3, 3, 3, 1, 1, 3, 1, 3, 1, 1, 0, 0, 1, 1, 1, 3, 1, 1, 2, 0, 1, 3, 0], "confidence_scores": [[0.08670639103277868, 0.5425067001799241, 0.22385231658410745, 0.14693459220318947], [0.3102806171727649, 0.33174166606181876, 0.05485447276464794, 0.30312324400076823], [0.3090965749111887, 0.2938385349815532, 0.013271351328593348, 0.3837935387786645], [0.03884780186372821, 0.7816373259292397, 0.15452160844786053, 0.02499326375917124], [0.003026808697168544, 0.11969280093352791, 0.8520257967015588, 0.025254593667744768], [0.08775758399908799, 0.09694812773053949, 0.5550025533625982, 0.2602917349077746], [0.06411622165194418, 0.19588933435999642, 0.4661081688324739, 0.2738862751555852], [0.04691335140294901, 0.17176800487753024, 0.697812555178595, 0.08350608854092574], [0.054749989186757504, 0.0764156809628848, 0.7555973584507261, 0.11323697139963157], [0.1466973337339429, 0.5146655107588027, 0.2571318667529415, 0.08150528875431293], [0.018258979626497612, 0.8030846534182622, 0.14052195465413464, 0.03813441230110535], [0.173935467487227, 0.038627261863235784, 0.016379819697332605, 0.7710574509522046], [0.3343447479733443, 0.09526445736992897, 0.07054123431878342, 0.4998495603379437], [0.4842075179295401, 0.027006496480386354, 0.00799611006903088, 0.48078987552104263], [0.2265535317125774, 0.2071798299124829, 0.040689630916719954, 0.5255770074582196], [0.02664605300379662, 0.08666490506099354, 0.8526007644175758, 0.03408827751763399], [0.26896113732484883, 0.43650989926841594, 0.1063315951653003, 0.1881973682414346], [0.09819437796093576, 0.17454123083651485, 0.5603613978024955, 0.16690299340005402], [0.3473097677482692, 0.3976620919681812, 0.002884071531173592, 0.25214406875237616], [0.20588166568828548, 0.34383778974738477, 0.04083202201807824, 0.40944852254625136], [0.3830287550250787, 0.2642734687950034, 0.27500715644405144, 0.07769061973586641], [0.04641262233818911, 0.18997694239752017, 0.34377095393311613, 0.4198394813311745], [0.29521908853702344, 0.1701690600004155, 0.06592038851114942, 0.46869146295141173], [0.4890134075806668, 0.3531902043014692, 0.010349514535136788, 0.14744687358272723], [0.6407946947468942, 0.19611027258053007, 0.03173741692610193, 0.13135761574647384], [0.02601595920430622, 0.055561611208356905, 0.8848395899628076, 0.03358283962452949], [0.703438371631775, 0.20071245708868185, 0.02431873235152712, 0.07153043892801644], [0.09233800411738534, 0.08617336831822997, 0.6695442340549809, 0.15194439350940397], [0.16460511663283606, 0.060692492284381165, 0.03829319994734332, 0.7364091911354393], [0.35062566881574386, 0.13918979543353516, 0.04172318591519784, 0.468461349835523], [0.7711034620933698, 0.08742671501668998, 0.10187948746121535, 0.03959033542872459], [0.19180166784073718, 0.17154390400478284, 0.10024336119134575, 0.5364110669631339], [0.10976866736588038, 0.10531956441003915, 0.46337712551579696, 0.32153464270828375], [0.08697469796990852, 0.2840886696307151, 0.3377460002072247, 0.2911906321921516], [0.4716463817031115, 0.19863056886621688, 0.013866371788455088, 0.3158566776422168], [0.06864840296513595, 0.6013359227940425, 0.13461924123959254, 0.1953964330012288], [0.8871188212703466, 0.0034963812518991728, 0.04892901774754937, 0.0604557797302048], [0.13510211450928405, 0.17403895047945656, 0.011919885264496836, 0.6789390497467628], [0.30339606988379986, 0.4374815129153055, 0.18519546428742295, 0.07392695291347183], [0.1181346259179581, 0.4604259832335001, 0.266444352946129, 0.15499503790241279], [0.2851069434061068, 0.18588680266396243, 0.11148355196722873, 0.41752270196270186], [0.04440902726936628, 0.40789848023505926, 0.5260748943467419, 0.02161759814883258], [0.02963604179396354, 0.6489871364567459, 0.21576374540995627, 0.10561307633933442], [0.9393536715678747, 0.007621449391944865, 0.009359563691571654, 0.04366531534860858], [0.018898646729230594, 0.3209310646344885, 0.48735882926571644, 0.1728114593705648], [0.27052350523885926, 0.280237349666174, 0.29520596342084615, 0.15403318167412072], [0.36703980031442307, 0.0520468405632609, 0.09773352546657094, 0.48317983365574474], [0.5568461866689279, 0.21420639018786677, 0.022689049346600015, 0.20625837379660514], [0.11046797415353071, 0.022553445677100215, 0.005879162000377828, 0.8610994181689913], [0.733179594840178, 0.04755171972943841, 0.03883971215064328, 0.18042897327973997], [0.09036090420956397, 0.35376087584865223, 0.4435367166382816, 0.1123415033035024], [0.3440070176628163, 0.176901230140994, 0.387551897580952, 0.09153985461523753], [0.1038034455551001, 0.5066726735506806, 0.27116283424051735, 0.11836104665370172], [0.14739454930197668, 0.7706866667962349, 0.04990973623644133, 0.03200904766534696], [0.14956742936692743, 0.18189850121919354, 0.11409107579417845, 0.5544429936197005], [0.5441357387638711, 0.07397819123614408, 0.18089177049151042, 0.20099429950847408], [0.0687661365100758, 0.4227113436832076, 0.2680593530702933, 0.2404631667364231], [0.021554051580633983, 0.31283296878026645, 0.4244336989344846, 0.241179280704615], [0.025340012473861268, 0.15851870721995837, 0.6089060956981233, 0.20723518460805745], [0.4512078210258208, 0.11639405312075167, 0.05290868633456565, 0.37948943951886205], [0.07734065837833387, 0.4257230324252986, 0.46106233890990556, 0.035873970286462116], [0.04265721867630461, 0.12258178472806995, 0.16454775780553574, 0.6702132387900898], [0.6803871593143391, 0.12118684133418803, 0.019305601084808277, 0.17912039826666484], [0.6639585913312177, 0.03323249409538717, 0.004357550025305439, 0.29845136454808985], [0.23274800306462812, 0.00891828780121114, 0.01518660507598705, 0.7431471040581736], [0.7793653327777794, 0.11498042180829404, 0.015324957066414319, 0.0903292883475122], [0.977964061223139, 0.0038220939307777664, 0.0003046578382647119, 0.01790918700781853], [0.02515446687800019, 0.5671311436377472, 0.33506527817246395, 0.0726491113117888], [0.12875452407020832, 0.45326310783177204, 0.34680565933593627, 0.07117670876208301], [0.13503347170133573, 0.3969147060672753, 0.057161811275116076, 0.4108900109562731], [0.2333896542082843, 0.04461564741100032, 0.029853238894578814, 0.6921414594861365], [0.28816573972465065, 0.4652068534217355, 0.008776990333292402, 0.2378504165203215], [0.14097650190499403, 0.13245561544263643, 0.20966639912642795, 0.5169014835259417], [0.7123592440677616, 0.2095564577802921, 0.011801142619791575, 0.06628315553215454], [0.08495458789873442, 0.5361371073774948, 0.36838453162288937, 0.010523773100881541], [0.2297271570442128, 0.19171744644199945, 0.47349790772931794, 0.10505748878447015], [0.183495147529618, 0.4185347375403691, 0.15060909493742572, 0.24736101999258694], [0.7226204804819174, 0.02639004159266362, 0.0057392591998955975, 0.24525021872552324], [0.0663733458370712, 0.29684374823936316, 0.3585287681535331, 0.2782541377700324], [0.5035816174377339, 0.1758090038122347, 0.026306164753118026, 0.2943032139969133], [0.17812614136802568, 0.2548787811915379, 0.006574242037882402, 0.560420835402554], [0.8160787681737239, 0.06216614593411417, 0.02135211593832346, 0.10040296995383848], [0.3883719632348801, 0.11858560963462475, 0.013446405439540204, 0.479596021690955], [0.3427795515141442, 0.14645707032389527, 0.21078713725018172, 0.29997624091177866], [0.22526153835911036, 0.471091450599633, 0.17575286786173866, 0.12789414317951808], [0.5719058024167505, 0.0221227211830764, 0.2354804834885889, 0.17049099291158432], [0.4097575935299448, 0.3505793856404202, 0.13019015244050033, 0.10947286838913473], [0.169694707211431, 0.33691537630174806, 0.019095423746734973, 0.4742944927400861], [0.3617532896309176, 0.5022528231297987, 0.08385965946611668, 0.05213422777316741], [0.15262709323799514, 0.5758574229708476, 0.13006260004799589, 0.14145288374316162], [0.6902699182279896, 0.011103354492638665, 0.0005692041698369598, 0.298057523109535], [0.16552509615208602, 0.40899917642201244, 0.02103425573817371, 0.4044414716877276], [0.3680299404762018, 0.060825381515695255, 0.003358104713812215, 0.5677865732942908], [0.19466197347532138, 0.10289664385672356, 0.07234027261317266, 0.6301011100547819], [0.11661201993240865, 0.6555964417345096, 0.12893747116377094, 0.09885406716931111], [0.03555218838550086, 0.7238852705453502, 0.19774029829056486, 0.04282224277858428], [0.7129314788906538, 0.05067816479348703, 0.19133860038608533, 0.04505175592977378], [0.10789147442634063, 0.13634442645538575, 0.2991601446639238, 0.4566039544543499], [0.19183262441709112, 0.11827636008675968, 0.4013549934754942, 0.2885360220206552], [0.28802181174039004, 0.09665111066217223, 0.10433802964522823, 0.5109890479522096], [0.10292505766711832, 0.4800575356223041, 0.3634786295640319, 0.053538777146545535], [0.20677630693320787, 0.29313122811214076, 0.12187329715010364, 0.37821916780454784], [0.1551656445222068, 0.3239823942933072, 0.031136924809349924, 0.489715036375136], [0.1569157841528327, 0.04861772214411332, 0.0006156667492605989, 0.7938508269537934], [0.34104504452724355, 0.07855748216618476, 0.03886796443280929, 0.5415295088737627], [0.7056263767117191, 0.02897618711702648, 0.05025319826227593, 0.2151442379089785], [0.3929415340579516, 0.4574968619701379, 0.015407743390899405, 0.13415386058101134], [0.12711027169855715, 0.15949257649709395, 0.2955901639140234, 0.41780698789032544], [0.14121030858195552, 0.7112210857282615, 0.029177045173179077, 0.11839156051660388], [0.9414230684557909, 0.0021211398947782677, 0.018358784584444635, 0.038097007064986206], [0.08607981326799688, 0.5689140918052975, 0.1447738877686511, 0.20023220715805443], [0.04659397876921135, 0.8275034876855074, 0.10352656838320998, 0.022375965162071364], [0.25236206144085543, 0.035124901442386024, 0.11478606230149409, 0.5977269748152642], [0.3201515924901067, 0.2132653711564929, 0.012306928346940867, 0.45427610800645946], [0.05135602404699823, 0.06331393220722338, 0.008026331028409724, 0.8773037127173691], [0.14262311757582535, 0.33023615438982795, 0.4246443614581266, 0.10249636657622024], [0.07925414080032907, 0.06814362257943515, 0.08951771055679443, 0.7630845260634415], [0.2325767118471063, 0.4398412511731302, 0.025625553636924866, 0.3019564833428385], [0.56172718675385, 0.22334515828050872, 0.019091245224607197, 0.19583640974103392], [0.18153569572164674, 0.0055240421711885155, 0.01827908853149517, 0.7946611735756697], [0.3805234661932162, 0.2347935890145657, 0.09521870239194402, 0.28946424240027424], [0.372819681879287, 0.05884304119288546, 0.033468957332367, 0.5348683195954604], [0.16449753757233426, 0.7598780453784955, 0.008776638267882246, 0.06684777878128781], [0.10202164781845616, 0.7182957337141364, 0.04795954559884079, 0.13172307286856677], [0.1434151856381379, 0.29084218932417316, 0.1284843213353065, 0.4372583037023825], [0.3624535968286859, 0.3329637395128007, 0.05735314692118879, 0.24722951673732438], [0.0620725034654658, 0.32880908391103425, 0.14548114707382653, 0.4636372655496733], [0.08397299748661882, 0.6965350147072328, 0.12367669017114341, 0.09581529763500515], [0.13511326988043387, 0.5899147224074931, 0.10730069461317022, 0.16767131309890304], [0.678043394789207, 0.12467719732430518, 0.0013349738228466625, 0.19594443406364126], [0.7771056186996868, 0.013184909389316487, 0.008475832714016278, 0.2012336391969807], [0.03484709326960737, 0.34231190854488275, 0.32153074574402646, 0.30131025244148324], [0.05516812660852436, 0.771284718176937, 0.027078163132277136, 0.14646899208226158], [0.11044383740465732, 0.5449862882266627, 0.056255245014252976, 0.288314629354427], [0.07751157419541024, 0.1753593119932155, 0.30070335971940537, 0.44642575409196894], [0.19903887767014067, 0.4998483767095285, 0.14796914301598746, 0.15314360260434334], [0.029090017608827276, 0.7210629854332626, 0.20598156216380853, 0.043865434794101724], [0.020499808903428368, 0.11066353014233075, 0.8196752769743386, 0.049161383979902516], [0.5675755285253643, 0.07836691345222419, 0.06599183812821613, 0.2880657198941954], [0.1454941052143478, 0.49556463784878174, 0.09416024264589405, 0.26478101429097656], [0.5984076561416168, 0.016964016676606037, 0.033300127309914565, 0.3513281998718623], [0.5243493966598612, 0.2445729849713568, 0.020842095871558924, 0.2102355224972229]]}, "rewritten": {"ids": ["97105760", "97105960", "97107040", "97107260", "97107950", "97109080", "97110950", "97111790", "97112300", "97116800", "98106560", "98107010", "98110230", "98110710", "98111231", "98111670", "98112580", "98113881", "98116090", "99107500", "99107560", "99108000", "99108890", "99109370", "99111440", "99113260", "99119830", "100109311", "100109330", "100109890", "100110260", "100111390", "100112060", "100116790", "101108080", "101108121", "101108290", "101108460", "101108500", "101108580", "101111310", "102109850", "102110240", "102110690", "102112301", "102113350", "102114270", "102121440", "103110840", "103111620", "103113170", "103118110", "104109311", "104110960", "104111531", "104113190", "104113550", "104114230", "104116441", "104118070", "104118340", "105112100", "105113190", "105113260", "105115680", "105115720", "105117200", "106114150", "106116640", "106116850", "106117770", "106118520", "106121190", "107113170", "107113200", "107113260", "107114280", "107114321", "107114621", "107118490", "107118520", "107121700", "108114200", "108114360", "108114670", "108115570", "108118630", "108120280", "108120621", "108121160", "109113591", "109116170", "109116750", "109117431", "109119010", "109119450", "109121351", "110114950", "110115140", "110116290", "110117200", "110117500", "110117870", "110118301", "110118630", "110118810", "110118930", "110120560", "111115780", "111116100", "111116411", "111116530", "111116750", "111120280", "111121220", "111121410", "112116540", "112116610", "112116880", "112116900", "112117210", "112117790", "112118161", "112118421", "112118930", "112119450", "112120640", "113117340", "113118490", "113118620", "113119120", "113119340", "113119700", "113119950", "113120280", "113120531", "113120540", "113120780", "113121220", "113121410", "113122180", "113122190"], "labels": [0, 2, 2, 2, 2, 2, 3, 2, 2, 0, 1, 3, 3, 2, 1, 1, 2, 3, 0, 0, 1, 2, 0, 1, 3, 0, 1, 1, 0, 3, 3, 2, 2, 2, 0, 0, 0, 0, 3, 0, 3, 1, 3, 0, 1, 3, 3, 2, 1, 0, 3, 2, 3, 2, 0, 3, 1, 2, 1, 2, 2, 1, 3, 3, 2, 1, 3, 1, 3, 3, 0, 2, 2, 0, 0, 0, 3, 0, 0, 2, 2, 3, 0, 1, 3, 3, 1, 3, 1, 2, 3, 0, 0, 1, 3, 3, 0, 0, 0, 2, 3, 1, 3, 1, 1, 1, 1, 0, 1, 3, 0, 3, 3, 0, 3, 0, 1, 1, 0, 3, 1, 3, 0, 3, 1, 3, 0, 2, 1, 3, 3, 0, 0, 0, 0, 0, 3, 0, 3, 0, 2, 1], "predicted_labels": [1, 1, 1, 1, 1, 1, 0, 1, 0, 3, 1, 1, 1, 2, 0, 3, 3, 1, 1, 1, 1, 1, 1, 1, 1, 3, 3, 1, 0, 3, 3, 3, 3, 0, 0, 3, 0, 3, 2, 0, 1, 2, 1, 3, 1, 3, 1, 1, 1, 0, 1, 1, 1, 1, 3, 1, 0, 3, 1, 3, 3, 0, 1, 1, 1, 1, 3, 0, 3, 1, 3, 1, 3, 3, 3, 3, 1, 0, 1, 1, 1, 1, 1, 1, 3, 1, 3, 3, 1, 3, 3, 3, 1, 3, 3, 1, 0, 3, 0, 3, 1, 0, 1, 1, 1, 0, 1, 1, 1, 1, 0, 3, 0, 3, 3, 1, 1, 0, 1, 1, 3, 3, 1, 3, 1, 0, 0, 1, 3, 3, 3, 0, 1, 3, 3, 3, 3, 1, 3, 3, 3, 1], "confidence_scores": [[0.6012283286447605, 0.33843016186398855, 0.002007158183591252, 0.05833435130765961], [0.16866311517280186, 0.23170033333389242, 0.2866848370806695, 0.31295171441263625], [0.033574531176744596, 0.36137479961522434, 0.5406338865536554, 0.0644167826543752], [0.38307075308882416, 0.23837465635872496, 0.2471424342554754, 0.1314121562969757], [0.035611393138697614, 0.16905882995815041, 0.7079700978374334, 0.08735967906571847], [0.06246374862972896, 0.30349764932601386, 0.5420336801842474, 0.09200492186001005], [0.8944590264188357, 0.006338262920677656, 0.02855691183023167, 0.07064579883025483], [0.21104415161015636, 0.25346096204461394, 0.29614663714057804, 0.23934824920465173], [0.4338899182084731, 0.059771495744464415, 0.23869461158455257, 0.2676439744625095], [0.3803236137224121, 0.1392187158841197, 0.2257211935703011, 0.25473647682316725], [0.017560311362087203, 0.3184505909390416, 0.47592380509965687, 0.1880652925992142], [0.12991573021230363, 0.33662419491253126, 0.4735019425630219, 0.05995813231214308], [0.09983191633350842, 0.7557447763469398, 0.017251444473353122, 0.12717186284619847], [0.00262060207588219, 0.10191046825878577, 0.846498899893357, 0.0489700297719748], [0.540325360188676, 0.22308785065810732, 0.11892038048208296, 0.11766640867113344], [0.10800217800176293, 0.07934452579476116, 0.5485960132949909, 0.264057282908485], [0.008968167880535253, 0.23639469433865204, 0.268153245989148, 0.4864838917916646], [0.17222507952906224, 0.36813199068531943, 0.12601520047810782, 0.3336277293075103], [0.17048141960220717, 0.41648297042215704, 0.25934396741178395, 0.1536916425638519], [0.05861726750161538, 0.7988540305452526, 0.10088814900916711, 0.041640552943965105], [0.07521510749825108, 0.6980002577521226, 0.20563286941450515, 0.02115176533512139], [0.024733075787177563, 0.5059649763372303, 0.42093481098740804, 0.04836713688818399], [0.1023772858824094, 0.826935709520577, 0.02906685219356512, 0.041620152403448324], [0.00765138113543737, 0.8635836212863165, 0.11058999135709636, 0.018175006221150068], [0.18995729050184681, 0.5663352755359822, 0.11633203747213727, 0.12737539649003346], [0.01867117460120612, 0.07248855545645962, 0.6997728894756481, 0.20906738046668646], [0.18462080247981733, 0.154414137469899, 0.42131327993462175, 0.2396517801156622], [0.36040796870167485, 0.3571967761278751, 0.04091415902813743, 0.24148109614231233], [0.8180291658477218, 0.04623302358913138, 0.015715743638976248, 0.12002206692417051], [0.49580954628090607, 0.12118930352938816, 0.07483357778300874, 0.308167572406697], [0.24297857032134632, 0.09157665239030192, 0.012718273230463713, 0.6527265040578881], [0.1297542872045914, 0.21600818161786606, 0.11745209194943229, 0.53678543922811], [0.09554067171802332, 0.04938282691821234, 0.41053370014411805, 0.444542801219646], [0.7479336370346347, 0.16656798094552983, 0.0165517812972516, 0.06894660072258411], [0.5146193508809498, 0.20979234154717313, 0.041005971866314835, 0.23458233570556233], [0.29505279023445635, 0.19006943994417042, 0.16922824926672284, 0.3456495205546504], [0.6171150655434056, 0.2504638250297061, 0.011000534876453442, 0.12142057455043487], [0.5281942283354086, 0.1048308209375864, 0.02746877014314931, 0.33950618058385573], [0.11775377348809865, 0.04955688941575354, 0.7923521700319648, 0.040337167064183055], [0.933494760868942, 0.0020194089533288636, 0.0060614004658341, 0.058424429711895084], [0.06465001331945106, 0.5388189954680483, 0.3163574457464266, 0.08017354546607419], [0.11270126346621985, 0.10953637698811176, 0.72793766212233, 0.049824697423338345], [0.5172430545551101, 0.36025957577158463, 0.057400402523586254, 0.06509696714971878], [0.19666839036826972, 0.13683242317451239, 0.01805499236277339, 0.6484441940944442], [0.22847034686062326, 0.5161646965923399, 0.048127356460255975, 0.20723760008678077], [0.03892770708343072, 0.04767665730213372, 0.5626958300688149, 0.35069980554562086], [0.038111225971972904, 0.33579313103081143, 0.4230308739869642, 0.20306476901025147], [0.10505496263926384, 0.413524776332558, 0.41278386834987546, 0.06863639267830245], [0.07285442195469263, 0.7694304488627183, 0.04191932005956554, 0.1157958091230236], [0.5320963483057759, 0.18592326196362413, 0.10139721120734035, 0.18058317852325956], [0.04143396416184197, 0.23115184166650746, 0.6967167238284047, 0.030697470343246137], [0.13713739370555314, 0.3004733757598038, 0.2264686938929733, 0.33592053664166976], [0.30758329162287257, 0.4140918168795207, 0.03617356119898827, 0.2421513302986186], [0.0624620947587699, 0.35429293826504094, 0.4843249553901247, 0.09892001158606438], [0.20550620792520843, 0.2735902528255374, 0.03075004542069203, 0.4901534938285624], [0.0489934943744465, 0.8649403643994712, 0.043714619534601776, 0.0423515216914805], [0.9853053325951352, 0.0005211200940920047, 8.58054255423262e-05, 0.014087741885230516], [0.0895922515059609, 0.18357110314347058, 0.05716366816349364, 0.6696729771870751], [0.14238082248715164, 0.5424346923821578, 0.03639790597572527, 0.27878657915496546], [0.34434223587680335, 0.20637075667510812, 0.15105149761022724, 0.2982355098378615], [0.04153273924522519, 0.021509460107715383, 0.05335160924313092, 0.8836061914039283], [0.6075130738587738, 0.04758935210143202, 0.0628328819207573, 0.282064692119037], [0.3448503523780935, 0.27875915349318997, 0.06282689132685174, 0.31356360280186485], [0.027768049728279016, 0.39023564948063866, 0.3796165927462529, 0.20237970804482933], [0.013681037459748685, 0.5018802805975172, 0.4660455103095806, 0.01839317163315353], [0.1363791235291868, 0.3794011345175374, 0.16607715146651264, 0.31814259048676335], [0.07813300255888797, 0.04698950426101176, 0.09757550061687051, 0.7773019925632301], [0.7088678839638768, 0.13894280092994524, 0.015991350936069102, 0.13619796417010865], [0.06499497254313322, 0.0693906002186803, 0.025871946494571793, 0.8397424807436147], [0.03539782661319776, 0.5027944361311568, 0.4092844615744002, 0.0525232756812452], [0.02613324648735741, 0.03789534740263317, 0.06393277244343469, 0.8720386336665742], [0.42643932015127706, 0.21092482633383902, 0.2750033716014396, 0.08763248191344435], [0.06632155148444809, 0.1459294197998435, 0.4521004529766149, 0.3356485757390935], [0.3232533368864352, 0.008651458455341134, 0.0889725536096136, 0.5791226510486099], [0.05383016488019699, 0.18030697028598433, 0.0006112454316153256, 0.7652516194022035], [0.015822273199932402, 0.16894613307642065, 0.5595901723515452, 0.2556414213721019], [0.055419846878690136, 0.4816274375407406, 0.2922088127463252, 0.170743902834244], [0.8726148780694064, 0.04385414842283396, 0.00620362882590334, 0.07732734468185648], [0.3631509230402496, 0.31833996511976964, 0.061802417579547825, 0.2567066942604328], [0.016404279001162977, 0.76252500610016, 0.21755124372504248, 0.0035194711736346676], [0.05212192139154385, 0.5267708364015137, 0.038380842432996186, 0.38272639977394607], [0.1162467110544404, 0.4082264766657321, 0.18901477699080346, 0.28651203528902364], [0.09218353527745152, 0.5018082794026572, 0.16244980051331903, 0.24355838480657227], [0.07760286132988006, 0.37994026075803816, 0.44743917029103314, 0.09501770762104854], [0.2557663671151297, 0.11202386666609622, 0.01959063474897191, 0.6126191314698023], [0.15133315842536135, 0.24970269725841002, 0.27744957141742316, 0.32151457289880525], [0.04350562373419096, 0.0830992577957699, 0.03770649494223033, 0.8356886235278088], [0.3444122444005035, 0.0012432801250311367, 0.0011667591880839122, 0.6531777162863817], [0.34771320473214196, 0.29195322335312607, 0.06507364721790797, 0.29525992469682416], [0.00432311433995979, 0.0072487531762147304, 0.0018113184436319557, 0.9866168140401935], [0.3115236864130181, 0.10325446974587842, 0.006042144692444127, 0.5791796991486595], [0.26540424511059024, 0.16016214054463915, 0.01542756505412278, 0.5590060492906478], [0.1837591794632406, 0.5972860691013785, 0.14459443583911097, 0.07436031559626964], [0.08238105130630219, 0.03075020893922912, 0.03697217314034884, 0.8498965666141197], [0.030776307555329747, 0.1596896226348605, 0.5792184599146654, 0.2303156098951441], [0.12676770301396367, 0.392061480843321, 0.13772682325366029, 0.34344399288905525], [0.8337241999345281, 0.01792808535249613, 0.013671276894557534, 0.13467643781841873], [0.24498763921988875, 0.14865158185279645, 0.08251668243413338, 0.5238440964931815], [0.8141531956158643, 0.059796186743549536, 0.07298093552988533, 0.05306968211070097], [0.2299269882768447, 0.03316072239089013, 0.1395041641543025, 0.597408125177963], [0.12776154284541394, 0.6335569714030441, 0.21633929865574664, 0.02234218709579501], [0.5439909167535867, 0.21362001810100825, 0.008870577116375357, 0.2335184880290296], [0.21565847231617968, 0.4751490114114753, 0.059765502570829625, 0.24942701370151543], [0.10186053783515507, 0.5906562408302892, 0.051009766729732973, 0.2564734546048227], [0.3331969788841378, 0.3313351381925484, 0.05151056231973898, 0.28395732060357465], [0.608558470074335, 0.2333390794092193, 0.02312034351430087, 0.13498210700214489], [0.1435424132373505, 0.5277213761156722, 0.21188622861169998, 0.11684998203527734], [0.11395962324289093, 0.4695620865243779, 0.3278034361357692, 0.0886748540969627], [0.24845821603583762, 0.2446119187726132, 0.3065851344395302, 0.20034473075201906], [0.3256088667786555, 0.30120960415984177, 0.01166897163232278, 0.3615125574291798], [0.871621723198125, 0.019666058512341322, 0.0057689450982028965, 0.10294327319133076], [0.2608190583733997, 0.2547524160555665, 0.18458089747179013, 0.2998476280992434], [0.7930634454045862, 0.01760544157118549, 0.006327143697806391, 0.18300396932642204], [0.5280797659917351, 0.06498195442514203, 0.02675155764894538, 0.3801867219341776], [0.2972294885037746, 0.22387907935511447, 0.005334260053978131, 0.4735571720871325], [0.1970661431003027, 0.4901740070616185, 0.12176882580188392, 0.19099102403619486], [0.015422563008602987, 0.6995781229188553, 0.13293434635968077, 0.15206496771286054], [0.6423047047360665, 0.025136056142852116, 0.27753936673119184, 0.055019872389889486], [0.20224163442476087, 0.22488662526615089, 0.43149214273516157, 0.14137959757392687], [0.23767969413902837, 0.48349985529175155, 0.1617735692225617, 0.11704688134665807], [0.01584887111243806, 0.1533280823752021, 0.14640699806562413, 0.6844160484467355], [0.10398331131027917, 0.004940664599684917, 0.0006006733887955765, 0.8904753507012403], [0.433960261855993, 0.5082118126893483, 0.00653094699783502, 0.05129697845682379], [0.16352166315762856, 0.26376288168099654, 0.030986109402047757, 0.5417293457593275], [0.15697561066816104, 0.43317680186839463, 0.18261543443191736, 0.22723215303152697], [0.9341549129960346, 0.02945542865023267, 0.0024291381676895263, 0.03396052018604334], [0.8792668881396969, 0.012152042011327255, 0.008350066740899, 0.10023100310807694], [0.06184542582804194, 0.6142675103454417, 0.15117985341313092, 0.17270721041338505], [0.3743900415346557, 0.165999439425599, 0.01478351995806435, 0.4448269990816811], [0.3684590610907949, 0.17167628015835046, 0.07692001611509144, 0.3829446426357634], [0.42870215994716393, 0.10200139420910855, 0.006752260966437926, 0.46254418487728954], [0.8140792096906152, 0.114853410702628, 0.006238834993581029, 0.06482854461317575], [0.02043409818310842, 0.9468383244068895, 0.02192617113132561, 0.010801406278676581], [0.21444741610268647, 0.01583935168675367, 0.011463268589671194, 0.7582499636208884], [0.2041049854091484, 0.0036243599009390297, 0.033886973239897145, 0.7583836814500156], [0.5133485682640001, 0.14593088959616715, 0.009478205563541594, 0.33124233657629093], [0.19414174067491077, 0.28903908030518644, 0.025651449398776175, 0.49116772962112665], [0.08786339991409738, 0.36138448609227, 0.18075224939011036, 0.3699998646035224], [0.15150408896911913, 0.13727593405898741, 0.11310359128548203, 0.5981163856864112], [0.3909283675842772, 0.0660843405099766, 0.001148835195030193, 0.5418384567107162], [0.06550476659794656, 0.1103937474470743, 0.33060149027846814, 0.493499995676511], [0.12050232730113829, 0.6540949685790658, 0.17192803751313337, 0.05347466660666257]]}}