{"test": {"ids": ["107117010", "105119950", "97114170", "102110690", "100109980", "105113330", "109121351", "109115380", "98111620", "109117080", "104113000", "97112830", "110116290", "100109360", "106114280", "109114270", "111118910", "111115620", "112118890", "103111930", "97107950", "112119610", "109114720", "106111321", "99108520", "111115770", "111117571", "98109230", "103110840", "111119430", "112116880", "104111531", "99111440", "105116860", "112118161", "104113240", "109119450", "110115580", "99116500", "104118340", "109117730", "107116501", "97105451", "101121640", "113119360", "112118880", "113120780", "112119450", "97112300", "111120540", "112120290", "106113190", "101111140", "103118291", "97107920", "99113260", "112118860", "113118820", "110117200", "102110500", "98106680", "105110091", "100116790", "107114200", "106118820", "104116980", "98106111", "102109850", "99107300", "99112641", "107118520", "112118620", "103112641", "100115700", "111116530", "109117431", "110116170", "112120990", "105119550", "97112170", "99111340", "99107950", "112118820", "105112100", "112119120", "108120280", "106121220", "108118810", "97105760", "113122230", "110117110", "100109330", "104114320", "109113591", "112121030", "111120320", "103112470", "106119260", "104113380", "110117870", "104117630", "107114280", "98111670", "109116170", "107120010", "112117030", "105117431", "98109090", "102112030", "111118810", "112119980", "108113480", "101113210", "110118301", "109116810", "100108080", "98106880", "99108080", "103111170", "112120640", "111119300", "112118550", "111119580", "107113360", "104111550", "106120640", "105112130", "108118060", "100109801", "112121010", "110115120", "99107560", "105115720", "107119390", "110120560", "109119460", "100113210", "101108500", "102110050", "104113550", "105112260", "98120010"], "labels": [1, 3, 2, 0, 1, 3, 0, 3, 3, 1, 1, 2, 2, 0, 3, 3, 0, 1, 3, 3, 2, 0, 0, 0, 2, 3, 3, 1, 1, 3, 0, 0, 3, 2, 0, 2, 3, 1, 2, 2, 3, 1, 0, 2, 0, 1, 0, 3, 2, 1, 1, 0, 2, 0, 0, 0, 3, 0, 3, 3, 1, 0, 2, 2, 3, 1, 0, 1, 3, 1, 2, 3, 3, 1, 3, 1, 0, 2, 1, 0, 1, 1, 0, 1, 1, 3, 1, 1, 0, 1, 0, 0, 2, 3, 0, 1, 1, 1, 1, 3, 0, 3, 1, 0, 1, 2, 1, 1, 2, 0, 0, 0, 3, 1, 3, 0, 0, 3, 2, 0, 1, 3, 3, 0, 1, 3, 1, 1, 0, 2, 0, 1, 1, 2, 0, 1, 0, 3, 3, 1, 3, 2], "predicted_labels": [1, 3, 3, 3, 3, 3, 0, 1, 1, 3, 3, 3, 1, 3, 3, 3, 3, 1, 3, 1, 3, 1, 3, 3, 3, 0, 3, 2, 3, 3, 1, 1, 3, 1, 1, 1, 3, 3, 1, 1, 3, 3, 3, 1, 3, 3, 1, 3, 3, 1, 3, 3, 3, 3, 0, 3, 3, 1, 3, 3, 1, 3, 1, 1, 1, 1, 3, 3, 3, 3, 1, 3, 3, 3, 3, 3, 1, 1, 3, 3, 2, 1, 1, 3, 3, 3, 3, 1, 3, 1, 1, 1, 3, 1, 3, 3, 3, 3, 3, 3, 1, 1, 3, 3, 3, 3, 1, 3, 3, 3, 1, 1, 3, 3, 1, 3, 1, 1, 3, 3, 1, 3, 3, 0, 3, 1, 1, 3, 1, 1, 1, 3, 1, 3, 3, 1, 3, 3, 1, 0, 1, 3], "confidence_scores": [[0.1916129509379511, 0.2929023532023533, 0.2343001387501387, 0.2811845571095572], [0.2463813666725433, 0.2558189263351028, 0.232254931506402, 0.26554477548595196], [0.23316262348762354, 0.24668052225552234, 0.2085033300033301, 0.3116535242535243], [0.26881430236430226, 0.24873429903429908, 0.17923147963147976, 0.30321991896991873], [0.21111596736596744, 0.2442208735708737, 0.22620131812631816, 0.3184618409368411], [0.2585709956709958, 0.24638283383283396, 0.1567354034854036, 0.33831076701076707], [0.2939247974247976, 0.25440599678099685, 0.1850645826395828, 0.26660462315462313], [0.1991216117216118, 0.3192777722277723, 0.20161179098679105, 0.2799888250638251], [0.1877040487290488, 0.31654931954010906, 0.24732357978279051, 0.24842305194805211], [0.19962232459214554, 0.3002549203850994, 0.18122196137196148, 0.3189007936507936], [0.20901431901431908, 0.28877603785103806, 0.18183386058386056, 0.32037578255078236], [0.22751683316683322, 0.27351957486957496, 0.2101950854700856, 0.2887685064935065], [0.2506601065601066, 0.2889296925296926, 0.17273022533022542, 0.28767997557997593], [0.2406428515928516, 0.23951438006438014, 0.1829904872904873, 0.336852281052281], [0.2246023809523809, 0.2705686924186924, 0.1726472582972585, 0.3321816683316683], [0.27444878454878446, 0.25137382617382636, 0.1510014599779305, 0.3231759292994584], [0.21514138639138647, 0.29939355089355085, 0.1455806582306583, 0.33988440448440443], [0.2697151015651017, 0.2779012043512044, 0.18941347541347542, 0.2629702186702188], [0.24042475857475862, 0.27347106782106795, 0.18255962370962364, 0.30354454989455004], [0.23131778397041558, 0.3090620185370184, 0.18038946608946616, 0.2792307314030999], [0.25451583416583423, 0.252042243867244, 0.21165666833166843, 0.28178525363525386], [0.18900578865578876, 0.32821253191253175, 0.22273376623376623, 0.2600479131979134], [0.16542294372294378, 0.30634542124542136, 0.2003795926295927, 0.32785204240204235], [0.20326021249282128, 0.29030140366879487, 0.15567848817848826, 0.3507598956598958], [0.18958238983238995, 0.2740215756465758, 0.25631061993562004, 0.28008541458541464], [0.28786953601953585, 0.25101382228882246, 0.19119776889776902, 0.26991887279387294], [0.27111284096020966, 0.23285091946237466, 0.15208523143523153, 0.3439510081421845], [0.19749532587295746, 0.24669950049950065, 0.2956798860496229, 0.2601252875779194], [0.20485280667045383, 0.29900430680430673, 0.19691380286380294, 0.2992290836614367], [0.1865078703904791, 0.27645172556911707, 0.18886429958929954, 0.3481761044511044], [0.20707741702741697, 0.3105321206571209, 0.1953040542790543, 0.28708640803640817], [0.26669617049617056, 0.30346740481740486, 0.18885963480963483, 0.2409767898767898], [0.24109275096248783, 0.280151909932173, 0.18351018703518707, 0.29524515207015206], [0.21470139664257326, 0.27591292318792315, 0.23678569322834037, 0.2725999869411635], [0.24567594627594633, 0.31850298312798286, 0.17287337384837387, 0.26294769674769686], [0.19227676767676782, 0.29382019092019074, 0.2380080031080031, 0.27589503829503836], [0.16182929280864078, 0.28719239371739375, 0.20028494114581072, 0.35069337232815506], [0.22559691778809432, 0.27695915391797754, 0.20254106089988444, 0.29490286739404403], [0.21205747030747038, 0.28894761349761355, 0.24251846486846496, 0.2564764513264513], [0.2000809670721437, 0.3012372952211187, 0.21717740315240316, 0.2815043345543348], [0.2415360998478646, 0.24628149203737443, 0.2197007939772646, 0.29248161413749657], [0.27244969474969505, 0.2511201076701077, 0.15349169719169722, 0.32293850038850025], [0.22290308302808307, 0.28624674018791674, 0.19326012990277694, 0.29759004688122337], [0.23146051171051185, 0.29321015096015096, 0.2113301753801754, 0.26399916194916206], [0.20166491841491835, 0.28957323232323234, 0.1638421356421358, 0.34491971361971363], [0.22279232434232427, 0.27307024919524947, 0.16144783272283275, 0.3426895937395939], [0.2551622516372517, 0.2881832758744524, 0.1757290931290932, 0.2809253793592029], [0.21529612054612063, 0.2822759296259296, 0.190723914973915, 0.3117040348540352], [0.22407112887112884, 0.25546383893883906, 0.19891718363336028, 0.321547848556672], [0.2172268564768566, 0.3183935001273236, 0.17809859029859038, 0.2862810530972296], [0.2317710785946082, 0.24051275277010573, 0.20328265933412998, 0.3244335093011566], [0.20485769785769797, 0.25419473304473317, 0.24809987789987803, 0.29284769119769116], [0.29318910533910525, 0.206381795981796, 0.18657678987678997, 0.31385230880230885], [0.25426018703518716, 0.2675497835497836, 0.1438528971028973, 0.3343371323121326], [0.3697814229887759, 0.17293754660372312, 0.13680048889019486, 0.32048054151730626], [0.23738311133311144, 0.2573875513375514, 0.2074311133311135, 0.29779822399822403], [0.22413953268953274, 0.2868632922632922, 0.16240939615939623, 0.3265877788877789], [0.2534896329161036, 0.2853252006163772, 0.1852162900824666, 0.2759688763850528], [0.23401896600131897, 0.28231061438561456, 0.19088071650571667, 0.2927897031073501], [0.2703396453219983, 0.22041638916638917, 0.17757338217338228, 0.33167058333823046], [0.20380115488376357, 0.2934541342715256, 0.23360316905316908, 0.2691415417915419], [0.2832286047286047, 0.25999255189255194, 0.14278038073038077, 0.3139984626484627], [0.20618487068487082, 0.3137522311022308, 0.21018786768786785, 0.26987503052503065], [0.21129167499167512, 0.311979686979687, 0.19483963258963263, 0.2818890054390054], [0.215951890919538, 0.3221968242541774, 0.19071012876012888, 0.2711411560661561], [0.17591248751248764, 0.3259336469086469, 0.2017947136197137, 0.2963591519591519], [0.22760285270285271, 0.26655958485958486, 0.22096827061827087, 0.2848692918192919], [0.22175588300588314, 0.24560947940947944, 0.25152865190365203, 0.2811059856809855], [0.24195164455427612, 0.26628327032444704, 0.1958691475191476, 0.29589593760212946], [0.2430716688540217, 0.28621274118038836, 0.1775649056825527, 0.29315068428303726], [0.225433993783994, 0.2949203316291552, 0.18923492259374627, 0.29041075199310484], [0.22982708402708402, 0.2888635123046888, 0.16929009324009323, 0.312019310428134], [0.24254817453078326, 0.26631515658254795, 0.1855243867243868, 0.30561228216228215], [0.2309631202131202, 0.26618792596292606, 0.204482783882784, 0.29836616994117], [0.18422828282828296, 0.28930733433233424, 0.22244443334443342, 0.3040199494949496], [0.2718826400652488, 0.28203773955513095, 0.14920471195471205, 0.2968749084249083], [0.2154506438006438, 0.3247788184038185, 0.17160110167610176, 0.28816943611943624], [0.20726910279263225, 0.32375284715284713, 0.20445816960816976, 0.2645198804463511], [0.23688274225774236, 0.28321465674848045, 0.18933843378843382, 0.2905641672053437], [0.2564126012876013, 0.23681502386502404, 0.18683068320568327, 0.31994169164169156], [0.19230854782472437, 0.26100317182817184, 0.2758365396041867, 0.27085174074291735], [0.17916632811632824, 0.2950173715173717, 0.26770082695082686, 0.25811547341547353], [0.2345754915019621, 0.3017660320072087, 0.17231514596514602, 0.2913433305256837], [0.2707006521256521, 0.24880889861772237, 0.20371283161283166, 0.27677761764379427], [0.22683970473970477, 0.2897163364413366, 0.16310032190032192, 0.32034363691863704], [0.26775707625707634, 0.2152110356963299, 0.20179799644799654, 0.31523389159859744], [0.212749494949495, 0.28827132867132865, 0.20417340437340442, 0.29480577200577207], [0.2020793650793651, 0.31632004107004097, 0.18355079365079371, 0.2980498001998], [0.2464296980796981, 0.26641738261738274, 0.17231189366189376, 0.31484102564102556], [0.21277772227772232, 0.3384732323232322, 0.17730194250194276, 0.2714471028971029], [0.22021622686738795, 0.3446309194159813, 0.188711434678153, 0.24644141903847808], [0.27024458874458884, 0.2767057847381378, 0.1988844230932467, 0.2541652034240271], [0.20139384781884784, 0.2521492840492841, 0.2459245559995561, 0.3005323121323122], [0.1924283770151418, 0.33253894961247893, 0.17481434676434685, 0.30021832660803244], [0.2841415057165057, 0.2358267482517485, 0.15799957264957265, 0.3220321733821733], [0.23556382506382514, 0.2561764069264071, 0.18181778221778216, 0.32644198579198563], [0.2248492451992454, 0.27304542679542687, 0.22730265290265303, 0.2748026751026752], [0.27457117490352795, 0.199705081356552, 0.19809624819624824, 0.327627495543672], [0.21546001776001794, 0.24952626621744275, 0.16747326562326573, 0.36754045039927363], [0.21091552107312994, 0.2663217583141495, 0.24205058552558562, 0.28071213508713516], [0.1925855533355535, 0.3089695229606994, 0.24425341705078557, 0.25419150665296186], [0.24731652616389474, 0.30066999009762185, 0.20719443889443895, 0.24481904484404501], [0.2412232656232656, 0.2413377758550359, 0.24491916752837814, 0.2725197909933205], [0.20347758907758925, 0.25811906149406144, 0.206052109002109, 0.33235124042624037], [0.19443166082283736, 0.2735160922410923, 0.2371174420350891, 0.29493480490098145], [0.21890113220113228, 0.28787743367743374, 0.19764777167277187, 0.2955736624486625], [0.2680503829503831, 0.2788095682095682, 0.19170689310689318, 0.26143315573315573], [0.2253756243756244, 0.2823574508824509, 0.2055024697524697, 0.28676445498945496], [0.22752896466278827, 0.2817402597402599, 0.20851929818547477, 0.2822114774114773], [0.22394099511599522, 0.27035597180597176, 0.2015112415362416, 0.30419179154179166], [0.2365777222777223, 0.31009100768512543, 0.17317772978655338, 0.2801535402505994], [0.20993606671106677, 0.2838282467532468, 0.23709196081696077, 0.2691437257187257], [0.2725168848695166, 0.2545120715541768, 0.19632473257736424, 0.27664631099894244], [0.2250117715617716, 0.26145761738261747, 0.1670750582750583, 0.34645555278055273], [0.2076887529137528, 0.2982784576534578, 0.23248573093573113, 0.26154705849705856], [0.19882778332778345, 0.2732142746142747, 0.25030217560217577, 0.27765576645576645], [0.2508699429225746, 0.2634531088192854, 0.22968981492363863, 0.25598713333450185], [0.21115086580086587, 0.28276030577609546, 0.24903369466790543, 0.25705513375513395], [0.27995730428991317, 0.26256351378090503, 0.17392704713587073, 0.2835521347933113], [0.302087703962704, 0.20310179820179822, 0.15858542013542024, 0.3362250777000778], [0.22348614326849625, 0.3260230971642737, 0.1743174857821917, 0.27617327378503864], [0.23847667332667347, 0.2712229861641626, 0.16761091686091686, 0.3226894236482472], [0.2705915305712519, 0.2709207143733461, 0.17973047703930073, 0.27875727801610156], [0.29773067927495844, 0.28604316384098977, 0.17057404233193713, 0.24565211455211466], [0.19086607136824538, 0.26996511133793744, 0.23899007381507398, 0.30017874347874335], [0.1953830670189805, 0.32507598863125176, 0.20268291545056255, 0.27685802889920536], [0.1921581640581643, 0.3297982922306452, 0.20795737987502705, 0.270086163836164], [0.2262942585192585, 0.2601383338883341, 0.20459488844488852, 0.30897251914751916], [0.2216282162282163, 0.3201227209065443, 0.1583936341436343, 0.29985542872160525], [0.17391544958309665, 0.32638512761748045, 0.207895548895549, 0.29180387390387397], [0.19952116772116785, 0.29946388056388057, 0.22915677655677658, 0.2718581751581752], [0.205058851614502, 0.27209181178298836, 0.2389146503822974, 0.28393468622021284], [0.20870847763347772, 0.3037544871794872, 0.21402807192807205, 0.27350896325896334], [0.22278526751026753, 0.2552213675213676, 0.19794903429903432, 0.3240443306693307], [0.19764576534576536, 0.28293095793095774, 0.20384114219114244, 0.3155821345321346], [0.18379389499389512, 0.35552244422244395, 0.18929135864135874, 0.2713923021423021], [0.20100714285714294, 0.2761016539016539, 0.21895557220557238, 0.303935631035631], [0.2025476856476859, 0.254314812964813, 0.25566969696969705, 0.2874678044178043], [0.243216141168773, 0.27163731823731835, 0.22146587301587306, 0.2636806675780361], [0.3247469282351637, 0.2503261232231821, 0.14482363159716113, 0.28010331694449336], [0.1852617410367412, 0.3130733627483627, 0.2072394691909397, 0.2944254270239565], [0.23269392111156836, 0.25613973967209264, 0.2024375624375626, 0.3087287767787767]]}, "rewritten": {"ids": ["97105451", "97105760", "97107920", "97107950", "97112170", "97112300", "97112830", "97114170", "98106111", "98106680", "98106880", "98109090", "98109230", "98111620", "98111670", "98120010", "99107300", "99107560", "99107950", "99108080", "99108520", "99111340", "99111440", "99112641", "99113260", "99116500", "100108080", "100109330", "100109360", "100109801", "100109980", "100113210", "100115700", "100116790", "101108500", "101111140", "101113210", "101121640", "102109850", "102110050", "102110500", "102110690", "102112030", "103110840", "103111170", "103111930", "103112470", "103112641", "103118291", "104111531", "104111550", "104113000", "104113240", "104113380", "104113550", "104114320", "104116980", "104117630", "104118340", "105110091", "105112100", "105112130", "105112260", "105113330", "105115720", "105116860", "105117431", "105119550", "105119950", "106111321", "106113190", "106114280", "106118820", "106119260", "106120640", "106121220", "107113360", "107114200", "107114280", "107116501", "107117010", "107118520", "107119390", "107120010", "108113480", "108118060", "108118810", "108120280", "109113591", "109114270", "109114720", "109115380", "109116170", "109116810", "109117080", "109117431", "109117730", "109119450", "109119460", "109121351", "110115120", "110115580", "110116170", "110116290", "110117110", "110117200", "110117870", "110118301", "110120560", "111115620", "111115770", "111116530", "111117571", "111118810", "111118910", "111119300", "111119430", "111119580", "111120320", "111120540", "112116880", "112117030", "112118161", "112118550", "112118620", "112118820", "112118860", "112118880", "112118890", "112119120", "112119450", "112119610", "112119980", "112120290", "112120640", "112120990", "112121010", "112121030", "113118820", "113119360", "113120780", "113122230"], "labels": [0, 0, 0, 2, 0, 2, 2, 2, 0, 1, 0, 1, 1, 3, 1, 2, 3, 1, 1, 3, 2, 1, 3, 1, 0, 2, 0, 0, 0, 0, 1, 0, 1, 2, 3, 2, 3, 2, 1, 3, 3, 0, 2, 1, 2, 3, 1, 3, 0, 0, 1, 1, 2, 1, 1, 2, 1, 0, 2, 0, 1, 1, 3, 3, 1, 2, 1, 1, 3, 0, 0, 3, 3, 1, 3, 1, 0, 2, 3, 1, 1, 2, 2, 1, 0, 1, 1, 3, 3, 3, 0, 3, 0, 3, 1, 1, 3, 3, 1, 0, 0, 1, 0, 2, 0, 3, 3, 1, 0, 1, 3, 3, 3, 0, 0, 1, 3, 3, 1, 1, 0, 2, 0, 3, 3, 0, 3, 1, 3, 1, 3, 0, 0, 1, 0, 2, 2, 0, 0, 0, 0, 1], "predicted_labels": [1, 3, 3, 3, 3, 3, 1, 1, 3, 1, 3, 3, 2, 1, 2, 3, 0, 3, 1, 3, 2, 3, 1, 1, 1, 1, 1, 3, 3, 3, 3, 3, 1, 0, 3, 0, 1, 3, 1, 0, 3, 3, 3, 3, 3, 1, 3, 3, 0, 3, 1, 3, 1, 3, 3, 1, 1, 1, 1, 3, 3, 1, 1, 3, 3, 1, 1, 1, 3, 3, 3, 3, 1, 0, 1, 3, 0, 3, 1, 1, 3, 1, 1, 1, 1, 3, 1, 3, 1, 3, 1, 1, 1, 1, 1, 3, 2, 3, 1, 0, 1, 3, 1, 1, 1, 1, 3, 3, 3, 3, 0, 3, 3, 3, 3, 1, 1, 1, 1, 1, 1, 1, 1, 3, 0, 1, 1, 3, 3, 1, 3, 1, 1, 3, 3, 1, 1, 3, 1, 3, 1, 1], "confidence_scores": [[0.223250974025974, 0.3451263974587505, 0.12655311942959008, 0.30506950908568553], [0.2195673826173827, 0.2533001728663495, 0.16987552088434454, 0.3572569236319236], [0.3377665965971931, 0.18595815704613675, 0.11793715470975537, 0.358338091646915], [0.21142128427128415, 0.27633799533799547, 0.19260100455100465, 0.31963971583971607], [0.2491448115609882, 0.2749139582639583, 0.18029086746586762, 0.2956503627091862], [0.2527511609305728, 0.25838644966144975, 0.19485534596122833, 0.2940070434467492], [0.2207175574425575, 0.28256279276279267, 0.2178125041625043, 0.2789071456321458], [0.2471199150522681, 0.26690537828184896, 0.21966842046842056, 0.26630628619746277], [0.2768366855366856, 0.2582659234985862, 0.184252005304637, 0.28064538566009145], [0.2238985708735709, 0.31422957467369267, 0.2134317607229373, 0.24844009372979978], [0.2403940981790828, 0.25921231823731816, 0.2296540542790544, 0.2707395293045448], [0.2098741785991788, 0.2789035880785882, 0.21566505994006008, 0.29555717338217335], [0.2180465720553956, 0.24508617216117223, 0.27764969556587227, 0.25921756021756026], [0.16037616272616279, 0.32439791401409046, 0.23404409201909213, 0.28118183124065493], [0.2240168432444749, 0.26019618539355394, 0.2614867632367632, 0.2543002081252083], [0.2756389825931385, 0.24329923461732922, 0.1279980213023692, 0.35306376148716295], [0.3099104824999561, 0.2513657306745543, 0.14469131979131988, 0.29403246703417013], [0.2441408036408038, 0.2605461066711068, 0.23150675713175717, 0.26380633255633273], [0.20407662892662895, 0.29260014430014447, 0.23290401542901554, 0.27041921134421126], [0.26550999523352475, 0.2712992961287079, 0.16827794982794994, 0.2949127588098176], [0.21988298368298373, 0.23461897824397834, 0.2795946414696414, 0.2659033966033968], [0.21021287291140245, 0.25411462426462433, 0.25613929159076243, 0.2795332112332111], [0.258472508047508, 0.29525775613275607, 0.17308114303996672, 0.27318859277976953], [0.29575969550745096, 0.31303300012680824, 0.14289189412238962, 0.24831541024335158], [0.24520213005948313, 0.3136853430882843, 0.15455756188256192, 0.2865549649696709], [0.21447547305635553, 0.3099593498005264, 0.2194940151351918, 0.2560711620079269], [0.22688058053058052, 0.28064221024073976, 0.24130754800754808, 0.25116966122113193], [0.24723389551624858, 0.2661701778613543, 0.19560764562235158, 0.29098828100004587], [0.2526432648269605, 0.22849076992203582, 0.19326718085126032, 0.3255987843997436], [0.25300624098124114, 0.2808443864958571, 0.1507210594960596, 0.3154283130268425], [0.23318568098568107, 0.2490396214896215, 0.23822029637029657, 0.27955440115440117], [0.2055092299513354, 0.3000709318459319, 0.1683701184780132, 0.32604971972471974], [0.21781487123987117, 0.2972980749642512, 0.19167341155576462, 0.29321364224011304], [0.2808801625338811, 0.25927752682100513, 0.19401266269961928, 0.26582964794549474], [0.20944118659118668, 0.2597459984459986, 0.22238390498390515, 0.3084289099789099], [0.3108104950604953, 0.23558051393051396, 0.14676240703740714, 0.3068465839715841], [0.24719654234654245, 0.27412203907203897, 0.20963723221223243, 0.26904418636918653], [0.22662055656761546, 0.2834891219891218, 0.1785796471502356, 0.31131067429302756], [0.25453240627621454, 0.2794296889385125, 0.20307813020313034, 0.26295977458214304], [0.28663586956521725, 0.2446386974136975, 0.1952039360398057, 0.2735214969812797], [0.27362419410654715, 0.21803917748917748, 0.20374724719724727, 0.30458938120702805], [0.2752579198579199, 0.2292250416250418, 0.15810447885447892, 0.3374125596625595], [0.23147229808375322, 0.2626041527186264, 0.22492267784674916, 0.28100087135087143], [0.23026293571409678, 0.2880427794427796, 0.16168517903664978, 0.3200091058064743], [0.2434584562496327, 0.2815430051832225, 0.1899373404373406, 0.2850611981298044], [0.2272924552571612, 0.27890038490920843, 0.2209509949201125, 0.272856164913518], [0.20463379953379948, 0.30141864524364526, 0.19085455100455107, 0.3030930042180041], [0.2578590853590854, 0.29305285825285826, 0.14333244533244532, 0.30575561105561117], [0.32002215562215547, 0.2660718836718838, 0.15312036297036305, 0.2607855977355978], [0.21411467976467985, 0.29058395770895756, 0.18126941946941957, 0.31403194305694315], [0.23248038791274095, 0.28999093716740765, 0.22655551148198233, 0.2509731634378694], [0.23423916361416355, 0.2922275502275501, 0.17584984182484206, 0.2976834443334444], [0.22153323620823628, 0.3085008325008324, 0.1911457431457432, 0.27882018814518833], [0.26435151906916626, 0.24310573379448086, 0.20179908261672985, 0.2907436645196235], [0.28478606116106125, 0.24579919247419246, 0.1795936313686314, 0.28982111499611496], [0.2290270399191452, 0.2911559985336301, 0.20735894076683561, 0.2724580207803892], [0.18599779273014577, 0.3272024170274169, 0.22112325844090555, 0.26567653180153206], [0.23007071796452613, 0.31224528608646257, 0.19614668860551215, 0.2615373073434991], [0.1694126946153263, 0.3141191802951089, 0.23087617916998746, 0.28559194591957743], [0.2848863805784858, 0.25914266452501744, 0.16374008576562765, 0.2922308691308691], [0.2897736372674453, 0.2235985014985016, 0.19656085026085035, 0.29006701097320303], [0.23673989519252683, 0.2931253615665382, 0.20701459219315269, 0.2631201510477826], [0.19924043909307074, 0.35597118539355393, 0.19248212098359166, 0.25230625452978395], [0.2655457623294579, 0.2575170642159772, 0.17112781433542318, 0.3058093591191419], [0.18653545241308417, 0.2903505569593808, 0.21735698745698762, 0.3057570031705484], [0.214058263958264, 0.28077029637029643, 0.2271425380175382, 0.27802890165390176], [0.24951036430889378, 0.33595620049884756, 0.15884125482360778, 0.25569218036865093], [0.2228530052936399, 0.3060009351759354, 0.186318087502453, 0.28482797202797205], [0.2673792402042404, 0.2732766771240457, 0.1786635687412004, 0.280680513930514], [0.2249433108944719, 0.2872265012765014, 0.1873772064536771, 0.30045298137535], [0.23443388278388283, 0.24219964202464217, 0.2444657814407815, 0.278900693750694], [0.25987930937311754, 0.26986775446775446, 0.1678837246087248, 0.3023692115504034], [0.2586938248097455, 0.28165103592060137, 0.18783313651395495, 0.2718220027556986], [0.29918612127429245, 0.22134894909012567, 0.1970519435878131, 0.2824129860477686], [0.17282347929847938, 0.32072105672105666, 0.2387105894105896, 0.2677448745698745], [0.2177381135204665, 0.3059299200799199, 0.15830252084516794, 0.3180294455544457], [0.3549143999660321, 0.2863343202691028, 0.14925686265881122, 0.20949441710605424], [0.23504497724497725, 0.2587442002442003, 0.22727890442890458, 0.27893191808191825], [0.23248285603285598, 0.2852885836385837, 0.20494180264180278, 0.2772867576867578], [0.28093281017228394, 0.3092845560871878, 0.14483593044382526, 0.2649467032967033], [0.17804043076806247, 0.28062398989898985, 0.22462394827394824, 0.31671163105899947], [0.20075607366489737, 0.3567830936894878, 0.19257351537351544, 0.24988731727209998], [0.21189878454878466, 0.3094689062399589, 0.19468937436832182, 0.2839429348429348], [0.19253729778992948, 0.3037987016251721, 0.22054068709068717, 0.2831233134942115], [0.2058814766932415, 0.31469063681416626, 0.22312698967698977, 0.25630089681560286], [0.21663428238428245, 0.251581544478913, 0.2362346171372488, 0.2955495559995558], [0.23505094905094936, 0.31179593836115566, 0.17555694860694868, 0.27759616398094655], [0.25347551990493183, 0.21194021664609902, 0.16568872597990256, 0.3688955374690669], [0.2828431943787206, 0.2915137394167582, 0.13898123543123556, 0.286661830773286], [0.2790290338316653, 0.22543965020486764, 0.18059821289821307, 0.31493310306525396], [0.2315665612165613, 0.2924141895544072, 0.2245088855588858, 0.25151036367014623], [0.1968703185703187, 0.30711107781107794, 0.21707639860139868, 0.27894220501720507], [0.21221299811299815, 0.3095185564435566, 0.1905483877233879, 0.28772005772005793], [0.23997317392752174, 0.3068724331224332, 0.16866357362444326, 0.2844908193256018], [0.25464442922059044, 0.2895222345937517, 0.19200082870346027, 0.2638325074821982], [0.26868600186363356, 0.2814566360540045, 0.14903950771450775, 0.30081785436785435], [0.2449785658785659, 0.24676007326007335, 0.2578012654012654, 0.2504600954600957], [0.2224384738322954, 0.2713247853024168, 0.23191947021323478, 0.2743172706520531], [0.19222206682206694, 0.3635858656049833, 0.20712232016349671, 0.23706974740945352], [0.3361799062049064, 0.2534679856091622, 0.17053318544200902, 0.23981892274392289], [0.21066847041847056, 0.3057591297591298, 0.22403466533466537, 0.25953773448773465], [0.22871845376845382, 0.2668202963702964, 0.18916602286602288, 0.31529522699522683], [0.2339190753690755, 0.31478967143967146, 0.16911090853590857, 0.28218034465534464], [0.26445560828060843, 0.2739513986013988, 0.21194991952491948, 0.2496430735930737], [0.2513141074611664, 0.3270653382565149, 0.19813496601437802, 0.2234855882679413], [0.29293724608724603, 0.30224099234099233, 0.1706290265290266, 0.23419273504273527], [0.239138665548418, 0.2695025404334229, 0.19517514009038794, 0.2961836539277717], [0.2431857373019139, 0.2662533383283383, 0.16634638694638706, 0.32421453742336104], [0.1959269984917044, 0.29619896051660777, 0.1836186689127867, 0.32425537207890137], [0.22636940281940302, 0.26093930513930513, 0.22290079365079368, 0.28979049839049836], [0.323567637917638, 0.24838913863913872, 0.1615856948606949, 0.2664575285825286], [0.23352765045412116, 0.28535315681050966, 0.18982870185370196, 0.2912904908816672], [0.30531502970713525, 0.231667888633106, 0.13086933037722523, 0.3321477512825337], [0.25123962520108045, 0.2642783530195296, 0.1893521165968534, 0.29512990518253684], [0.22276386668886677, 0.28082041292041277, 0.14832286047286056, 0.34809285991785993], [0.21573702058175753, 0.3371320436873067, 0.19440238372738392, 0.2527285520035522], [0.25413857808857826, 0.3145712870462872, 0.15678137418137422, 0.2745087606837608], [0.24021253975493118, 0.30712575042178636, 0.181264404918753, 0.27139730490452996], [0.27548772616272627, 0.2847617798867801, 0.1616620102120103, 0.27808848373848394], [0.21760542953778247, 0.31954125596625615, 0.1868491242417715, 0.27600419025419015], [0.20755828060828066, 0.2855950382950383, 0.239592368742369, 0.26725431235431263], [0.26459141553246435, 0.3211877133380968, 0.18819789148050034, 0.22602297964893883], [0.2956038137566508, 0.3004828514973755, 0.13560990417540764, 0.2683034305705663], [0.24501416916416935, 0.27007206682206697, 0.19339327339327353, 0.2915204906204905], [0.2918631868131868, 0.2786080031080031, 0.1566922668834434, 0.2728365431953669], [0.21893892773892784, 0.3040050976800979, 0.18935781995782008, 0.2876981546231548], [0.2986595016095015, 0.32431681666585743, 0.13778708513708524, 0.23923659658755586], [0.28040823310676255, 0.2429465100259219, 0.18294461926961936, 0.29370063759769643], [0.25005166190019146, 0.27461935482817845, 0.19882251229162998, 0.2765064709800004], [0.24621600344100353, 0.29845050505050524, 0.18159096736596733, 0.2737425241425244], [0.2798477313622052, 0.22961634705164133, 0.1907807609057611, 0.29975516068039304], [0.2564643684817598, 0.29874472556429094, 0.20040572748507532, 0.24438517846887434], [0.21203186258186268, 0.3152225242078186, 0.20778748669631017, 0.2649581265140089], [0.227592889420521, 0.2174171356421358, 0.23305571928071953, 0.3219342556566244], [0.26966125263625274, 0.2154148407148407, 0.21083302530802547, 0.3040908813408816], [0.28070046110580177, 0.2848784534093359, 0.16473005821148246, 0.2696910272733803], [0.246751715611754, 0.32443684992898525, 0.18271317559252356, 0.2460982588667374], [0.3003374736374736, 0.2173997197247198, 0.17276557886557883, 0.30949722777222743], [0.2777424686424688, 0.2890678071928072, 0.17316661671661673, 0.2600231074481073], [0.20575515252721152, 0.2684134587634589, 0.19022617839676667, 0.33560521031256346], [0.2660566967432294, 0.2862406870477303, 0.16496638136545272, 0.28273623484358795], [0.2676412492736022, 0.3154553946053947, 0.17286427738927757, 0.2440390787317259]]}}