{"test": {"ids": ["113119300", "112120700", "99108080", "110118450", "104114230", "102118380", "112118511", "108113620", "108121160", "111118910", "101112201", "107121640", "99117630", "102110240", "113118511", "100109980", "105118740", "113117340", "107113840", "100116500", "113119320", "98110710", "112119950", "105120621", "97106600", "100109801", "113118421", "111117120", "102113210", "103110050", "97109570", "101115190", "98106880", "111115780", "104113210", "111115400", "103120290", "113122510", "107117630", "112116451", "106114150", "103113101", "112120290", "113119360", "108115970", "104111780", "102116500", "113118111", "101119591", "106116640", "112121351", "111119300", "108113760", "104111830", "108114220", "112119320", "112121360", "99107500", "110119891", "99110730", "106114011", "112117660", "102110750", "108117720", "111120320", "102114270", "112119580", "111115620", "101108950", "97107040", "113121980", "104116441", "107114780", "99108710", "111119430", "97107260", "109114720", "102109010", "110116501", "101109370", "109114270", "109117150", "99112641", "102107961", "110116300", "107116300", "98106560", "112118890", "113120070", "98111231", "109119010", "112118860", "102113981", "105113480", "105110091", "110118740", "107113260", "113118820", "99108460", "107114621", "111116100", "109116750", "110116170", "101111310", "112117790", "100109360", "101119030", "111118810", "110114321", "104111550", "103111930", "112120990", "106115250", "110120190", "112120670", "105116441", "100111380", "102112250", "97107950", "107120880", "110114720", "99111930", "107116340", "113121190", "105116090", "101110200", "112118530", "110118930", "97105960", "111121351", "102112301", "104111711", "107114200", "105121370", "99109141", "112116810", "104116800", "109116930", "110121170", "98108150", "113119480", "99108520"], "labels": [1, 2, 3, 0, 2, 1, 1, 3, 2, 0, 0, 1, 3, 3, 1, 1, 1, 2, 3, 2, 1, 2, 0, 1, 3, 0, 3, 2, 3, 3, 0, 1, 0, 1, 3, 0, 2, 2, 0, 0, 1, 3, 1, 0, 2, 3, 1, 1, 0, 3, 0, 1, 1, 3, 3, 1, 3, 0, 3, 3, 1, 0, 1, 1, 1, 3, 3, 1, 2, 2, 2, 1, 2, 2, 3, 2, 0, 1, 3, 1, 3, 2, 1, 3, 3, 0, 1, 3, 2, 1, 3, 3, 1, 0, 0, 3, 0, 0, 0, 0, 3, 0, 0, 3, 3, 0, 3, 0, 1, 1, 3, 2, 2, 3, 2, 1, 3, 0, 2, 1, 3, 1, 3, 1, 1, 2, 1, 1, 2, 0, 1, 1, 2, 2, 3, 3, 1, 0, 2, 0, 3, 2], "predicted_labels": [3, 2, 0, 2, 2, 2, 3, 3, 0, 3, 1, 0, 0, 0, 0, 0, 3, 2, 1, 2, 0, 1, 0, 3, 2, 1, 0, 1, 3, 1, 3, 2, 1, 0, 3, 0, 2, 0, 2, 0, 3, 1, 2, 0, 3, 1, 2, 3, 0, 3, 3, 3, 0, 0, 1, 2, 0, 3, 3, 3, 0, 3, 2, 3, 3, 0, 3, 0, 0, 3, 3, 1, 1, 1, 1, 2, 3, 1, 3, 1, 0, 1, 0, 1, 1, 1, 3, 3, 2, 0, 3, 0, 1, 3, 3, 0, 3, 0, 3, 3, 0, 1, 3, 1, 0, 3, 0, 3, 0, 2, 0, 1, 1, 0, 2, 1, 0, 0, 3, 3, 2, 1, 1, 0, 3, 1, 1, 1, 2, 1, 1, 2, 1, 1, 0, 1, 1, 2, 0, 1, 0, 2], "confidence_scores": [[0.32461585845512547, 0.22414200905470577, 0.0781724880135595, 0.3730696444766093], [0.20778323656305903, 0.25613311535644684, 0.2803704751587866, 0.25571317292170753], [0.28067843279606747, 0.231273561229982, 0.2212558597517666, 0.2667921462221841], [0.13681848216983153, 0.275883488698785, 0.3841579780804853, 0.20314005105089813], [0.15196295797717504, 0.28030039067503254, 0.3922201111626516, 0.17551654018514093], [0.14069159634991235, 0.27929162926718415, 0.3178878573785169, 0.26212891700438623], [0.23913029615475265, 0.2470776585615122, 0.1699131641958156, 0.3438788810879196], [0.23881830448369318, 0.245828598551163, 0.22292536942336538, 0.2924277275417785], [0.32604628004410796, 0.30387390293312005, 0.079836176474864, 0.29024364054790824], [0.30190388143952296, 0.27355506402180807, 0.10131898070673663, 0.3232220738319324], [0.2657268015922503, 0.284941517993174, 0.18026633327797845, 0.2690653471365973], [0.2602280867927009, 0.23779714900272464, 0.27063419593315874, 0.23134056827141572], [0.260844547218294, 0.2574078258665464, 0.2768849692284211, 0.20486265768673886], [0.2939340741268218, 0.27274472261621, 0.1484168704103572, 0.2849043328466108], [0.272306239978908, 0.26271670228656413, 0.18273823897156372, 0.2822388187629641], [0.2750036039714411, 0.2410502854670101, 0.22643606901279023, 0.2575100415487585], [0.1836062739994102, 0.2898478984872898, 0.20963956560242322, 0.3169062619108768], [0.19437146391565088, 0.2609283807701583, 0.32088383330080616, 0.2238163220133843], [0.2779139120540758, 0.3013978705021891, 0.1681874756131884, 0.25250074183054655], [0.17980897814989646, 0.23791972870210965, 0.38973342420088447, 0.1925378689471097], [0.3490242890041797, 0.2376727511334621, 0.06061650062847536, 0.352686459233883], [0.1587844626994227, 0.32925594725224383, 0.2096860092077924, 0.3022735808405411], [0.34237242013476127, 0.24874268153792176, 0.07170590600890835, 0.3371789923184085], [0.3201000982750049, 0.22220568667479532, 0.04443674387921131, 0.4132574711709884], [0.21327704369254002, 0.26379782788306916, 0.2928741811366818, 0.23005094728770897], [0.23701608249626852, 0.3034839359197709, 0.1568106723220761, 0.3026893092618842], [0.40885290306501504, 0.20461275217899771, 0.06370419518093415, 0.32283014957505324], [0.22341282471487142, 0.33975360856766035, 0.11403213643596323, 0.32280143028150504], [0.23550465362332992, 0.29170963449118487, 0.13712791476807965, 0.3356577971174056], [0.21006026819285972, 0.33078885956808046, 0.2142241919922722, 0.24492668024678788], [0.24384255662071763, 0.2565084288496549, 0.1936347207154564, 0.306014293814171], [0.09882584715355933, 0.3203528109781407, 0.3813548380321203, 0.19946650383617964], [0.16553550424715596, 0.30078941211822635, 0.2956401619110338, 0.23803492172358404], [0.32092095509005175, 0.29122768813158656, 0.14958779728327343, 0.23826355949508804], [0.2245527235650948, 0.2782007727475684, 0.19170148019294306, 0.30554502349439383], [0.28782867083030134, 0.3000945761145445, 0.22287216230204282, 0.18920459075311144], [0.09453399027332622, 0.26198886606417665, 0.5323820375175626, 0.11109510614493448], [0.2840369318740909, 0.22577565964321067, 0.2596750328285709, 0.23051237565412744], [0.247262896076345, 0.23476938125864125, 0.3236273843230497, 0.19434033834196413], [0.3731853149809367, 0.25574123367594587, 0.07795639417385174, 0.2931170571692659], [0.24622278727975294, 0.24772827982354229, 0.24858414865837286, 0.2574647842383318], [0.25093757102965636, 0.3249028880429466, 0.14459843145612378, 0.27956110947127294], [0.2384290144722272, 0.2317351265493891, 0.3982053095748976, 0.13163054940348565], [0.298210552908566, 0.2290684917311786, 0.17003318643605306, 0.3026877689242021], [0.272903781495996, 0.2923377396321647, 0.08708756079170779, 0.34767091808013145], [0.2541783795395566, 0.3274814173902591, 0.0802394278520501, 0.33810077521813414], [0.19786429348012038, 0.24014551605617873, 0.30251456584865316, 0.2594756246150477], [0.25484551564614066, 0.2721473811859582, 0.10626103785411542, 0.3667460653137858], [0.3799157444063599, 0.15920642578395522, 0.1558888730801692, 0.304988956729516], [0.2713892884514727, 0.2552290251553253, 0.18446082130249075, 0.2889208650907112], [0.32030942797310263, 0.2347701622161017, 0.08745779482071413, 0.3574626149900812], [0.23815228054704954, 0.2711798855582911, 0.12735664017518156, 0.36331119371947773], [0.3173219524185422, 0.2543564583297487, 0.16373156715211398, 0.26459002209959537], [0.2733289945041225, 0.24991981161200222, 0.18944744333569405, 0.2873037505481814], [0.2122163972438265, 0.320236025228011, 0.275675835974555, 0.19187174155360753], [0.15385885822149478, 0.2755450377427115, 0.3193818428692537, 0.25121426116654016], [0.33075814981850443, 0.28926304228986693, 0.12655154776944544, 0.2534272601221833], [0.1610092063749584, 0.30974561295063296, 0.23289160749262636, 0.2963535731817825], [0.25499055391110587, 0.26590800819411237, 0.15306583980032387, 0.32603559809445776], [0.1748882760037802, 0.3121101123212235, 0.18421355248980095, 0.32878805918519555], [0.32210336874503903, 0.28899121752889606, 0.15821809204168086, 0.23068732168438433], [0.31057275553638775, 0.2654284692997038, 0.10381778068470454, 0.320180994479204], [0.17869827567292193, 0.30416574312543265, 0.3953976173252505, 0.12173836387639489], [0.2404098616895362, 0.2609503541052578, 0.14221703382122824, 0.35642275038397775], [0.28248615085113776, 0.2570372692673243, 0.13419444983749082, 0.3262821300440472], [0.30861188446884025, 0.2826514105232069, 0.136206687081237, 0.27253001792671594], [0.16816346645143174, 0.3064763529269421, 0.20370694290171668, 0.32165323771990945], [0.28004635812482914, 0.2614867514044646, 0.18009155270806304, 0.27837533776264317], [0.276650584018629, 0.2634182507072049, 0.22116135384106245, 0.23876981143310358], [0.19832975538329314, 0.22460381359436501, 0.26473347050337814, 0.31233296051896353], [0.17697315902126276, 0.3290573653781608, 0.14706585281177406, 0.3469036227888023], [0.2952191119453799, 0.318325553579856, 0.05676166141729823, 0.32969367305746555], [0.2684308878928159, 0.31424945358127343, 0.13478731403775768, 0.28253234448815295], [0.168733139098015, 0.3755171524205924, 0.18464798214249095, 0.27110172633890156], [0.19686532707093027, 0.3502675081269854, 0.19227455217568135, 0.26059261262640304], [0.10861521148789793, 0.21244998602655218, 0.4549280331561322, 0.22400676932941782], [0.1840936618326078, 0.25968944236421315, 0.2550203502578757, 0.3011965455453029], [0.2483257432634495, 0.33190977965788293, 0.17786621272435285, 0.241898264354315], [0.2751981295649293, 0.3054800743914345, 0.060041046281018744, 0.3592807497626176], [0.17689301840902635, 0.29371845462255464, 0.2682120155179619, 0.26117651145045695], [0.26840739908573213, 0.2563179562007023, 0.18970150808286432, 0.28557313663070116], [0.22082911216494833, 0.3703447362215319, 0.21646239734615938, 0.1923637542673603], [0.28937695677523434, 0.23560987573662018, 0.23705166635421468, 0.23796150113393075], [0.2242959452597333, 0.34835168060722227, 0.24098918396037944, 0.18636319017266506], [0.21869151237121295, 0.3454498154199373, 0.13620496989743902, 0.29965370231141075], [0.262581464108163, 0.31329040880559084, 0.14927401549921346, 0.27485411158703243], [0.26632466083301143, 0.23996466601271954, 0.18406446824673522, 0.3096462049075339], [0.3310282398981549, 0.2589702555807357, 0.05619500183500047, 0.3538065026861091], [0.14403190262247165, 0.26472817369406393, 0.3459694478274828, 0.2452704758559816], [0.27710616003578253, 0.26824301594553507, 0.20174313791165893, 0.2529076861070234], [0.1777598696367135, 0.24375403330189407, 0.29827579269875704, 0.2802103043626355], [0.28729464690146245, 0.299826221084102, 0.17617140606117832, 0.2367077259532572], [0.17513754520354802, 0.31874310234041375, 0.32179341663841277, 0.18432593581762544], [0.18837735226249325, 0.28517460646796405, 0.17525316086779996, 0.3511948804017428], [0.18826074227910114, 0.23993930878996228, 0.2849026217210346, 0.28689732720990213], [0.3532592505243466, 0.2296493180739087, 0.09784707846969873, 0.31924435293204606], [0.25281350364025107, 0.27151232683999305, 0.13758191821838214, 0.33809225130137394], [0.3301994490535904, 0.29352193485615286, 0.08511550827399622, 0.2911631078162608], [0.27867821882718646, 0.2674413966244538, 0.07243087978998435, 0.3814495047583757], [0.21038034740171493, 0.30878862733159, 0.17464486649646271, 0.3061861587702322], [0.34530517627377316, 0.30328406884073605, 0.10494103008405979, 0.24646972480143117], [0.2517877182957937, 0.3363302157433919, 0.20074129962325513, 0.21114076633755904], [0.3035653353844784, 0.2677911953616385, 0.0978477170183716, 0.33079575223551194], [0.2315691287276816, 0.306115706019316, 0.2801573116567785, 0.18215785359622386], [0.32205665340991396, 0.2339191462084321, 0.13166167305779877, 0.3123625273238552], [0.29237620737773046, 0.21777595152912382, 0.1789653192053288, 0.31088252188781684], [0.3444421958657927, 0.2812065971315029, 0.12125942584085125, 0.2530917811618531], [0.26995106454594564, 0.3393342774773951, 0.042959101831892006, 0.3477555561447672], [0.34051181021181565, 0.217294492864858, 0.1590822865399695, 0.28311141038335663], [0.2413057206996315, 0.2561447918122277, 0.2776953768863696, 0.2248541106017714], [0.2864206457467114, 0.3011439622772214, 0.23009553358058113, 0.18233985839548608], [0.24798180984464072, 0.3584964578813774, 0.1483596836191934, 0.24516204865478858], [0.20071959409817955, 0.3346604551797419, 0.22624691539678954, 0.23837303532528878], [0.32700983359508, 0.2588790941860563, 0.06418632851350761, 0.34992474370535603], [0.16530515540576282, 0.2629665546403874, 0.35134415671246205, 0.22038413324138795], [0.2675610581254524, 0.31028870287228966, 0.1293036185417985, 0.2928466204604594], [0.3160469757737706, 0.3209678082189621, 0.11316317230585007, 0.2498220437014169], [0.2640177299950369, 0.1756065208735161, 0.283793761644516, 0.276581987486931], [0.20826702381058695, 0.2595234169378306, 0.2417297310149337, 0.29047982823664864], [0.2557858341923849, 0.2944757758982144, 0.16375977368891956, 0.2859786162204813], [0.1549797758272392, 0.2963234173943717, 0.4136625084874564, 0.13503429829093297], [0.10757851150617564, 0.4000908811533156, 0.2640121362674941, 0.2283184710730147], [0.2389567575828324, 0.3110080829086705, 0.14958041411425527, 0.30045474539424166], [0.30238902972912524, 0.2893316219063517, 0.09352493690812727, 0.3147544114563958], [0.28048249020537275, 0.25553097025194343, 0.1306326293121022, 0.33335391023058153], [0.1939459374886467, 0.3476838834831001, 0.2157967123065073, 0.24257346672174587], [0.1665513997358608, 0.36083876906404444, 0.30156184270016156, 0.1710479884999336], [0.2530483764003912, 0.3202220092079982, 0.1339795601235294, 0.29275005426808154], [0.19653105722511485, 0.21717595371834741, 0.33109154484953196, 0.25520144420700563], [0.2527785747448878, 0.30854199962181833, 0.151524869927866, 0.28715455570542797], [0.21487718585770735, 0.2831916433265488, 0.287285263048293, 0.21464590776745085], [0.133084815904778, 0.2252804288805, 0.4359880390680832, 0.20564671614663843], [0.2743619166195924, 0.3153486509458723, 0.0898625600940802, 0.3204268723404552], [0.172747268447492, 0.3030398739537598, 0.2510574708196962, 0.2731553867790518], [0.33631499342296484, 0.2846236208920809, 0.12173379654280854, 0.25732758914214626], [0.2199266038365334, 0.30640105156966363, 0.22991678462256163, 0.2437555599712412], [0.20871567334918326, 0.3000532170247213, 0.2244630871400314, 0.26676802248606435], [0.20019092747001643, 0.2378181290894474, 0.36897331222193286, 0.19301763121860346], [0.26555162875209576, 0.25016763882855286, 0.2153122876492289, 0.2689684447701225], [0.23261448767642556, 0.33812167680997063, 0.1449819390864373, 0.28428189642716684], [0.32731093599252997, 0.2622995358872749, 0.08675650755648726, 0.3236330205637078], [0.1299828179213706, 0.23921642062409437, 0.4855129496686466, 0.14528781178588818]]}, "rewritten": {"ids": ["97105960", "97106600", "97107040", "97107260", "97107950", "97109570", "98106560", "98106880", "98108150", "98110710", "98111231", "99107500", "99108080", "99108460", "99108520", "99108710", "99109141", "99110730", "99111930", "99112641", "99117630", "100109360", "100109801", "100109980", "100111380", "100116500", "101108950", "101109370", "101110200", "101111310", "101112201", "101115190", "101119030", "101119591", "102107961", "102109010", "102110240", "102110750", "102112250", "102112301", "102113210", "102113981", "102114270", "102116500", "102118380", "103110050", "103111930", "103113101", "103120290", "104111550", "104111711", "104111780", "104111830", "104113210", "104114230", "104116441", "104116800", "105110091", "105113480", "105116090", "105116441", "105118740", "105120621", "105121370", "106114011", "106114150", "106115250", "106116640", "107113260", "107113840", "107114200", "107114621", "107114780", "107116300", "107116340", "107117630", "107120880", "107121640", "108113620", "108113760", "108114220", "108115970", "108117720", "108121160", "109114270", "109114720", "109116750", "109116930", "109117150", "109119010", "110114321", "110114720", "110116170", "110116300", "110116501", "110118450", "110118740", "110118930", "110119891", "110120190", "110121170", "111115400", "111115620", "111115780", "111116100", "111117120", "111118810", "111118910", "111119300", "111119430", "111120320", "111121351", "112116451", "112116810", "112117660", "112117790", "112118511", "112118530", "112118860", "112118890", "112119320", "112119580", "112119950", "112120290", "112120670", "112120700", "112120990", "112121351", "112121360", "113117340", "113118111", "113118421", "113118511", "113118820", "113119300", "113119320", "113119360", "113119480", "113120070", "113121190", "113121980", "113122510"], "labels": [2, 3, 2, 2, 2, 0, 1, 0, 0, 2, 1, 0, 3, 0, 2, 2, 3, 3, 1, 1, 3, 0, 0, 1, 3, 2, 2, 1, 2, 3, 0, 1, 3, 0, 3, 1, 3, 1, 0, 1, 3, 1, 3, 1, 1, 3, 3, 3, 2, 1, 1, 3, 3, 3, 2, 1, 1, 0, 0, 1, 1, 1, 1, 2, 1, 1, 2, 3, 0, 3, 2, 0, 2, 0, 3, 0, 1, 1, 3, 1, 3, 2, 1, 2, 3, 0, 0, 0, 2, 3, 1, 3, 0, 3, 3, 0, 3, 1, 3, 3, 2, 0, 1, 1, 3, 2, 0, 0, 1, 3, 1, 0, 0, 3, 0, 3, 1, 1, 3, 3, 1, 3, 0, 1, 2, 2, 2, 0, 3, 2, 1, 3, 1, 0, 1, 1, 0, 3, 2, 1, 2, 2], "predicted_labels": [2, 2, 2, 2, 3, 3, 3, 2, 1, 3, 0, 3, 3, 3, 2, 1, 0, 3, 1, 0, 0, 3, 1, 0, 1, 2, 2, 2, 1, 1, 3, 2, 0, 0, 1, 1, 1, 2, 3, 1, 3, 1, 0, 2, 3, 1, 0, 1, 2, 2, 2, 1, 3, 3, 2, 1, 1, 3, 3, 3, 1, 3, 3, 1, 0, 3, 1, 3, 3, 1, 3, 3, 0, 1, 1, 2, 3, 2, 3, 0, 1, 3, 3, 1, 1, 2, 1, 2, 1, 3, 2, 2, 3, 1, 3, 2, 0, 1, 3, 0, 1, 0, 0, 0, 0, 1, 3, 3, 3, 1, 3, 1, 0, 1, 3, 0, 3, 1, 1, 3, 2, 1, 0, 2, 2, 2, 1, 3, 0, 2, 3, 0, 0, 0, 3, 0, 3, 0, 2, 3, 3, 0], "confidence_scores": [[0.1812990527106563, 0.22835677532602325, 0.3356470528585244, 0.2546971191047962], [0.15349541780378942, 0.2665738559499802, 0.3766489287632038, 0.20328179748302677], [0.1838093914274922, 0.21898493313463518, 0.34740178786274684, 0.24980388757512623], [0.09676717594833574, 0.2235547315368599, 0.46112862714118674, 0.2185494653736178], [0.22515689244461828, 0.25877011713962367, 0.23506981384773312, 0.2810031765680247], [0.22213764420698787, 0.2573043393964111, 0.23899110757170172, 0.28156690882489904], [0.2715842845579973, 0.23582702912748968, 0.16067780802252973, 0.33191087829198346], [0.14042611569285962, 0.26599989574064076, 0.36565168601424136, 0.22792230255225834], [0.24060258092252113, 0.33054611336431367, 0.14302399046186967, 0.2858273152512958], [0.1410440086283178, 0.3124732469078659, 0.25010038721742744, 0.29638235724638873], [0.2838033361698759, 0.26593714689234543, 0.19073418815365334, 0.2595253287841254], [0.16591347946307228, 0.2938044448942129, 0.2564654124815976, 0.28381666316111703], [0.24600264029008875, 0.23409975415997136, 0.22292649180187651, 0.2969711137480636], [0.26140007512489216, 0.27725389379848053, 0.08537674259587114, 0.3759692884807558], [0.12331501086797152, 0.2523324048288708, 0.48022826046542827, 0.1441243238377293], [0.17703505565992494, 0.3500938783829509, 0.19923268559839608, 0.2736383803587283], [0.29712244919162617, 0.2748775079862814, 0.17550165318462538, 0.25249838963746724], [0.19790482433677573, 0.2890130733278502, 0.1902888991271165, 0.3227932032082578], [0.12517907253690463, 0.3603280317421021, 0.2604514553569784, 0.2540414403640148], [0.3086527238703037, 0.22700354187685262, 0.22293584156043303, 0.24140789269241056], [0.2626440897703788, 0.26462282611751337, 0.25701486146432434, 0.2157182226477833], [0.24400232052826837, 0.2136604884717825, 0.23627301562630287, 0.30606417537364644], [0.2105014950699836, 0.29929534207803965, 0.20029664621707383, 0.28990651663490324], [0.2693150894343464, 0.2385119004016664, 0.24713223128103115, 0.245040778882956], [0.3061963136836926, 0.31331901399012085, 0.13131096383025456, 0.24917370849593193], [0.183215239121516, 0.2823828200859474, 0.32342935054784955, 0.210972590244687], [0.1841456993170015, 0.24926365580714283, 0.350747301823266, 0.2158433430525898], [0.1726334732700972, 0.28827540484306374, 0.2869715500008052, 0.25211957188603346], [0.16589645258093175, 0.33874718311515356, 0.22464639157535102, 0.2707099727285636], [0.2389092467376729, 0.2889466718011094, 0.2630607931306637, 0.20908328833055367], [0.25160147035732366, 0.2765128937020803, 0.19125516815012344, 0.28063046779047285], [0.10667808558202165, 0.3171744492930886, 0.3669294459438877, 0.20921801918100208], [0.32341012255142665, 0.2630376808259388, 0.13650872461567007, 0.27704347200696455], [0.3636709119364904, 0.1700041259420168, 0.17655743470868307, 0.28976752741280987], [0.23188094855154795, 0.33046703362927615, 0.257360708391578, 0.18029130942759788], [0.24503362104310708, 0.31969030803362936, 0.19175762509457686, 0.24351844582868665], [0.2616583697055257, 0.2699482055306026, 0.2064246437287108, 0.26196878103516125], [0.17129511679231477, 0.3064487913165009, 0.3936771972658188, 0.1285788946253654], [0.22896109261899214, 0.18777980748371728, 0.31225771032485594, 0.2710013895724348], [0.22591791162549354, 0.2868025944672563, 0.24671897997665554, 0.2405605139305946], [0.2312964977740598, 0.26905932328513593, 0.1820823310402386, 0.3175618479005654], [0.19583956433476607, 0.303662221532585, 0.304540002530629, 0.19595821160201995], [0.3044985851502613, 0.2865786129561359, 0.15845199245955716, 0.2504708094340452], [0.189253989126381, 0.2408337672404302, 0.31918145587643953, 0.25073078775674923], [0.16179764072744696, 0.27154363252289354, 0.2856121010444719, 0.2810466257051876], [0.20256335239778317, 0.3220989953308319, 0.2154436846933167, 0.2598939675780682], [0.28598852323686147, 0.3024903852093849, 0.2234430728455766, 0.1880780187081769], [0.2243097753275813, 0.3342355053296569, 0.17866123363599457, 0.26279348570676686], [0.11144298961545876, 0.21957156120515084, 0.5493364783541962, 0.11964897082519418], [0.2129416022428154, 0.26863170496731953, 0.2995862403151801, 0.21884045247468484], [0.15655156531384273, 0.20970066312962224, 0.4225136477965237, 0.2112341237600111], [0.23626317768825783, 0.3184040949838971, 0.11539352553989475, 0.32993920178795044], [0.18372975394309607, 0.2821297864581003, 0.26869682370151654, 0.26544363589728714], [0.2254849372975536, 0.2648537248477256, 0.18861437029712708, 0.32104696755759377], [0.1277799104133549, 0.3088676707595549, 0.4005438738099763, 0.1628085450171141], [0.277912312786619, 0.315573209794304, 0.08294231716818071, 0.32357216025089647], [0.2100998895035533, 0.30837549024640765, 0.21319514890119642, 0.2683294713488425], [0.19445571561385133, 0.25902732458390076, 0.2655419862582855, 0.2809749735439625], [0.1686428318596883, 0.2803726421248653, 0.23682482305760474, 0.3141597029578418], [0.22303374501739265, 0.25660913086392456, 0.23045279183365386, 0.28990433228502904], [0.19536296841463766, 0.3266410548161391, 0.22673130544797404, 0.251264671321249], [0.1851342006553436, 0.28115807171148943, 0.2517303899078265, 0.2819773377253405], [0.29519209926468226, 0.2350776474667092, 0.06219207355779781, 0.4075381797108109], [0.18796175342564236, 0.302773663981076, 0.22134807659866507, 0.2879165059946167], [0.3213020187584476, 0.2799509731548796, 0.16376494694044927, 0.23498206114622328], [0.20743980907383971, 0.2552733098948058, 0.28002649100562216, 0.25726039002573237], [0.17919610210167378, 0.3253355445400777, 0.25598392057596675, 0.23948443278228188], [0.260291049137021, 0.25189401968999525, 0.18622859025882657, 0.3015863409141571], [0.21367079502599828, 0.2930265909261448, 0.1911728193032661, 0.3021297947445906], [0.2586839436628781, 0.30153239384667263, 0.19063321489407287, 0.24915044759637633], [0.2765242867245203, 0.30113366981923767, 0.1078682383010214, 0.31447380515522066], [0.19852004878588111, 0.30069565798579756, 0.17610038519070811, 0.3246839080376135], [0.27354070441823564, 0.2847734782206632, 0.15215967168150932, 0.2895261456795919], [0.26049875090667585, 0.31305719233243473, 0.1468340743317214, 0.2796099824291678], [0.2690171331528297, 0.309740036449121, 0.11451886220022045, 0.30672396819782866], [0.23077756333307498, 0.2325543156952177, 0.34475323196077756, 0.19191488901092957], [0.2263386319879768, 0.2644583279072033, 0.24521459077787672, 0.2639884493269431], [0.2443376381673069, 0.22258542309117788, 0.30390917833530173, 0.22916776040621367], [0.2586336785807422, 0.25528330975020125, 0.17670273756833801, 0.30938027410071817], [0.29919226788260533, 0.25759313074293316, 0.18003017164066262, 0.2631844297337985], [0.18614903182795084, 0.3235135412124272, 0.3051293303456369, 0.18520809661398513], [0.26574707896143307, 0.2909898063425372, 0.11203842958168965, 0.3312246851143401], [0.24441852004213452, 0.2583393090653579, 0.13503822821603575, 0.36220394267647177], [0.3027991380126298, 0.30897996307121917, 0.13576496171316277, 0.25245593720298826], [0.2481226145904861, 0.2739389293200037, 0.22812382450839927, 0.24981463158111097], [0.15043393498402075, 0.2945782329026069, 0.3122613176819615, 0.24272651443141088], [0.23740094708774126, 0.34672783562872295, 0.19971793780391353, 0.21615327947962254], [0.18266640568874812, 0.235333816447997, 0.38867928778251626, 0.19332049008073848], [0.20756464573518513, 0.3335588531468916, 0.2545437919318045, 0.204332709186119], [0.20332639113998105, 0.253532515159998, 0.2566722765684948, 0.2864688171315258], [0.24086913387442593, 0.22043980149730266, 0.30693743798308937, 0.23175362664518243], [0.12691201802164284, 0.30853707312765244, 0.4223396001561036, 0.14221130869460108], [0.24958788966337955, 0.25457005874954614, 0.20283310054741352, 0.2930089510396606], [0.21516013039583082, 0.3235754023459528, 0.17002408777017605, 0.2912403794880403], [0.2851384499421282, 0.29634126803583394, 0.06590720682909229, 0.3526130751929456], [0.13595322781099503, 0.2803881082651911, 0.382511140988997, 0.20114752293481702], [0.3407458417885269, 0.23441600988993588, 0.115545454452563, 0.30929269386897407], [0.2241820149494777, 0.31393533094378956, 0.17167346940863665, 0.29020918469809637], [0.1998455699396919, 0.2700860764603319, 0.21760898843741955, 0.31245936516255696], [0.3126622494246566, 0.2712267014735206, 0.07254631669458808, 0.34356473240723484], [0.20278598425345845, 0.3076893293910814, 0.2251026945531728, 0.2644219918022875], [0.30246704428732646, 0.2873965501023099, 0.21637130546225875, 0.1937651001481049], [0.2773756822111761, 0.2473400231049571, 0.20827628682368207, 0.26700800786018475], [0.3201304976977987, 0.29297358479305685, 0.15348224285725656, 0.23341367465188778], [0.32204970466514454, 0.3187949147531496, 0.11853547699599878, 0.24061990358570684], [0.2258775200781981, 0.33829794882706155, 0.12131753367021042, 0.3145069974245299], [0.2766032084828747, 0.321265074044923, 0.04522110799028139, 0.35691060948192077], [0.27850722977253034, 0.26993789660731604, 0.1234423688906143, 0.3281125047295397], [0.251789883125187, 0.2666514851348947, 0.12070261674842402, 0.36085601499149417], [0.18319214037008255, 0.3557761785647207, 0.21011594279849521, 0.2509157382667016], [0.2813161863081627, 0.2718833826924604, 0.12091017055078382, 0.3258902604485931], [0.2595119001441956, 0.3014434811432932, 0.15714701613049928, 0.28189760258201163], [0.3739063323278773, 0.25855889756683587, 0.07717114704326612, 0.2903636230620212], [0.2244865473447276, 0.2952659479820355, 0.2149519381284247, 0.2652955665448122], [0.2716985096170298, 0.2869784229479911, 0.10814287156666785, 0.3331801958683114], [0.3379570018597324, 0.22444166705338817, 0.11221201178984352, 0.3253893192970359], [0.20584497029804055, 0.26244307017928276, 0.23500711395158666, 0.2967048455710899], [0.17478087091342298, 0.35944017091905667, 0.28174477073487003, 0.1840341874326504], [0.25237743690074727, 0.3015500415529783, 0.1880656265430096, 0.2580068950032644], [0.30007039979019, 0.2749762717899846, 0.06816109233712488, 0.3567922360827005], [0.12943636211115803, 0.2543424848856959, 0.38058476877215464, 0.2356363842309915], [0.1828160260312774, 0.3092465784711525, 0.1935538808634939, 0.3143835146340761], [0.3330248217891462, 0.25880947748336497, 0.0802449299917558, 0.32792077073573317], [0.21237133099544236, 0.22132188559051555, 0.4418761962778266, 0.12443058713621576], [0.14713497267113848, 0.2453044054980876, 0.4095316946215329, 0.1980289272092409], [0.14632131250376035, 0.26594837439169344, 0.3343388845622048, 0.2533914285423411], [0.26744002264937555, 0.34459893199379027, 0.14745273256331778, 0.2405083127935166], [0.3256228774780746, 0.23592864655851464, 0.08461369704380473, 0.3538347789196061], [0.322882987778901, 0.27684928129242514, 0.15462248628970135, 0.24564524463897258], [0.19426512610489552, 0.25429836862307476, 0.3363477308334726, 0.21508877443855728], [0.23592173808746025, 0.2651664014983437, 0.16511523233137385, 0.3337966280828219], [0.38091160312225786, 0.20954530253513243, 0.08887462884637681, 0.32066846549623296], [0.2565293822282643, 0.2575465426358944, 0.23773272672537205, 0.24819134841046908], [0.32110980673549944, 0.29053370577284093, 0.09190497578923004, 0.29645151170242945], [0.29597333242789076, 0.2374733694071249, 0.11059716018411721, 0.3559561379808671], [0.3576551053790739, 0.24759765039747877, 0.07490780788650957, 0.31983943633693784], [0.2742588846535781, 0.23216207341446185, 0.19962513717475602, 0.2939539047572042], [0.3408541843408667, 0.25965750298853235, 0.0965969850786916, 0.30289132759190945], [0.13323901185800988, 0.24428948699514036, 0.40056067468664736, 0.22191082646020222], [0.290140092804417, 0.28298107672123535, 0.10271049798454847, 0.3241683324897989], [0.18223107021438806, 0.31181263871272036, 0.1597058510161579, 0.3462504400567336], [0.24643908488122795, 0.2525196256587912, 0.2583749303364699, 0.242666359123511]]}}