{"test": {"ids": ["104111380", "112116880", "98116940", "113119450", "98108580", "100109000", "102117351", "113117340", "99111440", "107117010", "97112300", "101108121", "107114321", "101112201", "105115570", "113122120", "99112641", "103111480", "113119340", "108115250", "107121700", "108114040", "110118930", "108119510", "113119120", "108114360", "99112300", "104111531", "108121410", "106118161", "111116411", "100109890", "112117461", "113119700", "112118581", "111120280", "103111170", "112116850", "99111340", "105119950", "106114011", "111118810", "100111390", "101112690", "113120260", "110118301", "104118340", "98107010", "98109230", "110117200", "108121351", "113118810", "105112100", "105117431", "108115970", "102110750", "113122230", "105120280", "108114670", "109117150", "101111310", "103109791", "110119030", "102112250", "110114720", "106117790", "111114321", "111120220", "112120700", "110117500", "111115620", "99111930", "111119250", "107114280", "111116640", "99109370", "109117431", "101108621", "110118450", "105116441", "113121980", "113119950", "99107950", "100109360", "107113840", "105113190", "109119460", "109116750", "103118291", "109117271", "97111790", "105113480", "104114240", "109121410", "109119450", "104111550", "113120540", "102110850", "103113260", "112117210", "100108520", "107120260", "109116040", "104109311", "97114170", "108113700", "112116451", "111117480", "110120540", "108113760", "98107380", "109120150", "101111990", "106114280", "110118701", "105116980", "113121950", "112116800", "104113550", "113120070", "108113740", "110117140", "101115190", "103111990", "111116290", "107118490", "100120010", "107119950", "99107660", "98108970", "99108310", "105116650", "109120560", "113120531", "107117630", "104111711", "101108950", "112116501", "105113330", "99105921", "111119340", "111120531"], "labels": [3, 0, 2, 3, 0, 1, 1, 2, 3, 1, 2, 0, 0, 0, 0, 1, 1, 0, 0, 1, 3, 0, 1, 1, 3, 1, 0, 0, 0, 3, 0, 3, 0, 0, 1, 0, 2, 0, 1, 3, 1, 0, 2, 1, 3, 1, 2, 3, 1, 3, 3, 3, 1, 1, 2, 1, 1, 3, 3, 2, 3, 3, 0, 0, 3, 1, 1, 3, 2, 1, 1, 1, 1, 3, 0, 1, 1, 0, 0, 1, 2, 0, 1, 0, 3, 3, 1, 0, 0, 0, 2, 0, 0, 0, 3, 1, 3, 3, 3, 1, 2, 1, 0, 3, 2, 0, 0, 1, 1, 1, 1, 2, 2, 3, 3, 0, 3, 0, 1, 2, 3, 3, 1, 2, 2, 2, 0, 3, 3, 3, 2, 1, 1, 0, 0, 1, 2, 3, 3, 1, 3, 0], "predicted_labels": [3, 1, 1, 1, 1, 3, 3, 1, 3, 3, 0, 1, 3, 1, 1, 1, 1, 3, 3, 3, 3, 3, 3, 1, 3, 1, 1, 3, 1, 3, 3, 1, 3, 1, 1, 3, 1, 3, 1, 3, 1, 3, 1, 2, 1, 1, 1, 3, 2, 1, 3, 3, 3, 1, 1, 1, 1, 3, 1, 1, 1, 3, 1, 3, 1, 1, 1, 1, 3, 3, 3, 1, 3, 1, 3, 1, 3, 3, 1, 1, 3, 0, 1, 3, 1, 3, 3, 1, 1, 3, 3, 3, 1, 3, 3, 1, 0, 2, 1, 1, 0, 1, 3, 1, 1, 0, 0, 3, 1, 3, 3, 3, 3, 3, 3, 1, 1, 3, 0, 3, 0, 1, 1, 1, 1, 1, 1, 3, 3, 1, 3, 1, 1, 1, 3, 1, 3, 3, 0, 3, 3, 3], "confidence_scores": [[0.24070627901510258, 0.24078860241066127, 0.24220038441950228, 0.2763047341547342], [0.24145791985791998, 0.30461158841158853, 0.1910275613275613, 0.26290293040293045], [0.23472696192696205, 0.3188384393384392, 0.1830500333000334, 0.2633845654345655], [0.22907664557664562, 0.3229766067266068, 0.14962505827505826, 0.2983216894216895], [0.2542232101232102, 0.2678621323121325, 0.2376365245865247, 0.24027813297813305], [0.21038953823953827, 0.26982784992785, 0.2288567821067823, 0.29092582972582975], [0.25607012987013, 0.28151529581529583, 0.15136139971139972, 0.31105317460317466], [0.2102959595959597, 0.3078621822621823, 0.22265663225663232, 0.2591852258852259], [0.2406844488844491, 0.2542932345432347, 0.23355423465423467, 0.271468081918082], [0.18346672771672795, 0.26523178488178506, 0.22754956154956163, 0.32375192585192597], [0.2740751803751804, 0.24679360361860378, 0.2229135447885449, 0.2562176712176713], [0.2614783105783107, 0.2883466255966256, 0.17946316461316464, 0.2707118992118992], [0.15322070911544594, 0.2951471805971807, 0.16815462110988438, 0.3834774891774892], [0.24134692725575085, 0.30059887334887314, 0.19425422714540372, 0.26379997224997237], [0.25324141414141427, 0.2726980519480519, 0.21172500832500843, 0.26233552558552564], [0.2286442501942502, 0.29415964199199485, 0.21192715062715065, 0.2652689571866042], [0.25090120990120995, 0.2744390109890111, 0.2087678876678878, 0.26589189144189146], [0.25171010296892665, 0.2643849483849486, 0.20461288515406167, 0.27929206349206337], [0.2947861971361972, 0.2751207570207572, 0.12717084582084584, 0.3029222000222], [0.21172207792207812, 0.25988383838383844, 0.23590981240981249, 0.2924842712842712], [0.2270503607503609, 0.28526615606615613, 0.19844760239760248, 0.2892358807858809], [0.18401990786990796, 0.25813321123321137, 0.18609214674214683, 0.37175473415473426], [0.24280160950160964, 0.2755226995226996, 0.18086832056832056, 0.3008073704073703], [0.25116388786651955, 0.3004494949494947, 0.2012871905871906, 0.24709942659679518], [0.21355136530136534, 0.27870482295482296, 0.16890987345987354, 0.3388339382839382], [0.24034630647130667, 0.27891937229437236, 0.20217352092352095, 0.2785608003108002], [0.2502118381618383, 0.27932012987012994, 0.2017879231879233, 0.26868010878010895], [0.2690444555444555, 0.2695741591741593, 0.18481522366522365, 0.2765661616161616], [0.2363500111000112, 0.3479470584970583, 0.17464108669108666, 0.24106184371184378], [0.2506458374958376, 0.2576604284604284, 0.2090268287268289, 0.28266690531690536], [0.2857457153957153, 0.21405307470307483, 0.18045902985903, 0.31974218004217997], [0.25620031080031097, 0.2679378343878346, 0.21465521700521706, 0.26120663780663794], [0.24899172494172492, 0.2368993284493285, 0.1597444943944944, 0.35436445221445206], [0.24312128427128432, 0.31647162837162834, 0.18742419247419245, 0.2529828948828948], [0.20615462870462878, 0.29685876149993795, 0.2524174178762414, 0.24456919191919188], [0.2555444194694194, 0.2850477355977358, 0.15194434454434455, 0.30746350038850045], [0.22473099123099133, 0.32227655677655687, 0.18759625374625377, 0.2653961982461982], [0.1860901154401155, 0.2777859731771497, 0.1902938323114794, 0.3458300790712555], [0.2120884226884228, 0.29401207126207135, 0.22227636807636822, 0.27162313797313825], [0.25664052059052056, 0.2638888111888115, 0.18616641691641694, 0.2933042513042513], [0.22244750804750812, 0.297252886002886, 0.22619997224997232, 0.2540996336996338], [0.28831935009435006, 0.2535178321678323, 0.12497263569763573, 0.33319018204018186], [0.22786049506049508, 0.31831249028749004, 0.17517694805194814, 0.2786500666000666], [0.2378732065320302, 0.2514250471750472, 0.2574405907817671, 0.2532611555111556], [0.255467419835067, 0.26935966810966816, 0.20930983069218378, 0.2658630813630814], [0.22039805194805198, 0.32937039072039054, 0.19515750915750915, 0.25507404817404833], [0.157630785880786, 0.3236007861419626, 0.20737232408114772, 0.31139610389610395], [0.21782888222888233, 0.2801054556554558, 0.20408511488511494, 0.2979805472305473], [0.23952764457764456, 0.24493679098679114, 0.26718592518592515, 0.24834963924963926], [0.2523792485292486, 0.3078537795537796, 0.18224500140382502, 0.25752197051314724], [0.2730783771783773, 0.2563829614829615, 0.16951711621711626, 0.3010215451215451], [0.25184626484626493, 0.2705481573981575, 0.13694203574203578, 0.34066354201354215], [0.20581134976134988, 0.2737159396159397, 0.18988315018315027, 0.3305895604395606], [0.22081690531690545, 0.31725947940947935, 0.18534689199689203, 0.2765767232767234], [0.2528923742923744, 0.2940774447774448, 0.18830642135642134, 0.26472375957375965], [0.1857188478188479, 0.290133904983905, 0.26650864690864684, 0.2576386002886003], [0.21191560106560103, 0.29706959706959707, 0.2205577755577756, 0.27045702630702645], [0.1819592851592852, 0.26334080919080916, 0.2590622655122655, 0.2956376401376401], [0.21063187368187383, 0.31836090021090013, 0.20530283050283055, 0.2657043956043957], [0.2385601287601288, 0.28514277944277944, 0.23488681318681318, 0.24141027861027872], [0.23729862359862366, 0.31688061938061945, 0.17041630036630037, 0.27540445665445673], [0.22694403374403394, 0.24781860916860923, 0.23005469530469533, 0.2951826617826617], [0.23225807525807524, 0.28371810134310144, 0.20143144910644922, 0.2825923742923743], [0.24587596292596306, 0.24499292374292378, 0.22859710289710297, 0.2805340104340105], [0.2139332334332335, 0.31969618159618163, 0.20118972693972703, 0.26518085803085806], [0.22431593406593428, 0.28947681207681203, 0.24514054834054827, 0.2410667055167056], [0.20788987678987686, 0.3356413364413365, 0.22279106644989005, 0.23367772031889691], [0.27878886897416316, 0.30457837162837165, 0.15330070811541407, 0.2633320512820512], [0.23215230880230892, 0.2751746753246755, 0.2150792929292931, 0.27759372294372303], [0.2700773115773117, 0.28798992673992674, 0.15182132312132315, 0.29011143856143856], [0.2705034576534575, 0.27573917193917213, 0.16016288156288166, 0.2935944888444887], [0.1791083361083361, 0.3308082029082029, 0.20869287934287936, 0.28139058164058167], [0.22198757908757916, 0.26861132201132204, 0.21000854700854718, 0.299392551892552], [0.26361663891663895, 0.2875012265512267, 0.18813328338328353, 0.26074885114885127], [0.2574837162837164, 0.25788898323898324, 0.19939188589188597, 0.2852354145854146], [0.22102859362859378, 0.31217207237207223, 0.19493817848817854, 0.27186115551115564], [0.2030933899433901, 0.28715663780663797, 0.2163083694083695, 0.2934416028416029], [0.22864125319125328, 0.2652956820956822, 0.217700371850372, 0.2883626928626929], [0.2015015151515152, 0.31566610056610034, 0.2227754578754579, 0.2600569264069265], [0.2016901931401932, 0.32356844266844265, 0.19954504939504947, 0.2751963147963149], [0.20300202575202583, 0.27298429348429354, 0.18570126540126553, 0.33831241536241524], [0.3004682115270349, 0.26602121212121205, 0.15483698327815987, 0.27867359307359313], [0.16095584415584427, 0.2851515817515818, 0.28378449328449334, 0.2701080808080809], [0.2698629925629925, 0.19958338883338894, 0.2537839771339773, 0.27676964146964156], [0.2530166444666445, 0.31160382395382397, 0.19830951825951823, 0.2370700133200134], [0.285141896991897, 0.23560172605172605, 0.17069048729048733, 0.30856588966588944], [0.26981595577624984, 0.26748211510711506, 0.1671803784450844, 0.2955215506715506], [0.24855505605505612, 0.3285188922188921, 0.1855568376068377, 0.2373692141192142], [0.2430303030303032, 0.29223322510822514, 0.20690738150738158, 0.25782909035409035], [0.20250318929436595, 0.2809848589319178, 0.21118942985119468, 0.30532252192252196], [0.2315669524919526, 0.26457842712842716, 0.1961084776334777, 0.307746142746143], [0.20505828615828628, 0.301122422022422, 0.18838131313131326, 0.3054379786879786], [0.24438311133311136, 0.28039242979242984, 0.19840555555555564, 0.2768189033189035], [0.2217082806082807, 0.2859891275391276, 0.20120213675213686, 0.29110045510045507], [0.14727563547563557, 0.2692342934842937, 0.19382777777777785, 0.3896622932622934], [0.21435122655122668, 0.3091810245310244, 0.21897139527139525, 0.25749635364635365], [0.31065768120768134, 0.26606610611610626, 0.15489204129204132, 0.2683841713841714], [0.20008664113664115, 0.24818474303474308, 0.3227773004773006, 0.2289513153513154], [0.1761282700959172, 0.305073631923632, 0.22624674377909681, 0.2925513542013543], [0.1867010045510046, 0.31162628482628485, 0.23859943389943403, 0.26307327672327674], [0.30050480630480636, 0.23044622044622046, 0.20740960150960164, 0.26163937173937163], [0.2516481296481297, 0.32752455322455337, 0.19476428571428572, 0.22606303141303144], [0.21774080919080924, 0.2520135364635366, 0.2070428238428239, 0.3232028305028302], [0.2443835350923588, 0.2981619547119547, 0.17036798005915654, 0.2870865301365299], [0.20621206016206026, 0.29443889443889454, 0.21621519591519606, 0.2831338494838495], [0.3234053002553003, 0.24661454656454662, 0.2046260850260851, 0.2253540681540682], [0.3049089735427971, 0.275115342990343, 0.14369134558252214, 0.2762843378843381], [0.22545226995226994, 0.29554840714840724, 0.158656032856033, 0.3203432900432899], [0.22054877344877347, 0.359117365967366, 0.19487106782106792, 0.22546279276279277], [0.23886398601398606, 0.25053320568320575, 0.2131423520923522, 0.2974604562104563], [0.21228317238317243, 0.2510149644473176, 0.22385179101943825, 0.3128500721500721], [0.2101577644577646, 0.28025678210678207, 0.2232781440781439, 0.28630730935730947], [0.24527471646001073, 0.27085769230769247, 0.19833363074833665, 0.2855339604839606], [0.22078177933177937, 0.28962059052059064, 0.16943730158730164, 0.32016032856032856], [0.18235844155844166, 0.28661176046176057, 0.21685353535353538, 0.3141762626262626], [0.24819822399822408, 0.317670102120102, 0.16652681762681756, 0.2676048562548562], [0.16045083805083815, 0.31752929292929294, 0.22092821067821067, 0.30109165834165835], [0.20951505945035367, 0.29120853590853607, 0.17893573975044558, 0.320340664890665], [0.2845252664002664, 0.22026629759129768, 0.22899114774114773, 0.2662172882672883], [0.2046650016650018, 0.27361951969599047, 0.24780630447983393, 0.27390917415917415], [0.3189378094128093, 0.2291146797646797, 0.18076748529248532, 0.2711800255300256], [0.2002737373737375, 0.298867277167277, 0.2105158119658121, 0.2903431734931735], [0.2078974247974249, 0.29075229770229777, 0.24289209124209127, 0.2584581862581863], [0.2071503552003553, 0.3180193084693084, 0.18115497835497843, 0.293675357975358], [0.21033968253968263, 0.29968625818625805, 0.22858690753690775, 0.26138715173715193], [0.24109734383263803, 0.28443589188589175, 0.2379460572107631, 0.23652070707070716], [0.19964898989898988, 0.3308767676767676, 0.23482352092352102, 0.23465072150072164], [0.23004240759240754, 0.2773953546453547, 0.16093927183927195, 0.33162296592296586], [0.2556768453768455, 0.2394371850371851, 0.2449016594516595, 0.2599843101343102], [0.20499665889665902, 0.3317179154179154, 0.195163852813853, 0.2681215728715729], [0.2621936729936729, 0.2667708291708293, 0.19720353535353533, 0.27383196248196245], [0.24184582084582104, 0.2927912053203075, 0.2167667422876402, 0.24859623154623164], [0.15323990453990466, 0.32868310023310016, 0.27738337773337773, 0.24069361749361742], [0.2416186646686648, 0.303335902985903, 0.16007413142413143, 0.2949713009213008], [0.256511815961816, 0.22679827394827395, 0.22764498834498836, 0.28904492174492175], [0.19924129759129772, 0.2721067765567767, 0.26282027972027977, 0.2658316461316461], [0.20001729251141018, 0.2686276085026084, 0.21689504792593034, 0.3144600510600509], [0.21118772175536885, 0.28021024531024546, 0.17517757405992704, 0.33342445887445893], [0.2962585026085027, 0.25704935064935075, 0.17816587301587308, 0.26852627372627386], [0.26834179154179155, 0.24478231768231784, 0.2181781329781331, 0.2686977577977579], [0.2823057498057499, 0.27208479853479867, 0.16205678210678218, 0.28355266955266956], [0.22852283272283283, 0.2736996836496837, 0.22017277722277712, 0.27760470640470647]]}, "rewritten": {"ids": ["97111790", "97112300", "97114170", "98107010", "98107380", "98108580", "98108970", "98109230", "98116940", "99105921", "99107660", "99107950", "99108310", "99109370", "99111340", "99111440", "99111930", "99112300", "99112641", "100108520", "100109000", "100109360", "100109890", "100111390", "100120010", "101108121", "101108621", "101108950", "101111310", "101111990", "101112201", "101112690", "101115190", "102110750", "102110850", "102112250", "102117351", "103109791", "103111170", "103111480", "103111990", "103113260", "103118291", "104109311", "104111380", "104111531", "104111550", "104111711", "104113550", "104114240", "104118340", "105112100", "105113190", "105113330", "105113480", "105115570", "105116441", "105116650", "105116980", "105117431", "105119950", "105120280", "106114011", "106114280", "106117790", "106118161", "107113840", "107114280", "107114321", "107117010", "107117630", "107118490", "107119950", "107120260", "107121700", "108113700", "108113740", "108113760", "108114040", "108114360", "108114670", "108115250", "108115970", "108119510", "108121351", "108121410", "109116040", "109116750", "109117150", "109117271", "109117431", "109119450", "109119460", "109120150", "109120560", "109121410", "110114720", "110117140", "110117200", "110117500", "110118301", "110118450", "110118701", "110118930", "110119030", "110120540", "111114321", "111115620", "111116290", "111116411", "111116640", "111117480", "111118810", "111119250", "111119340", "111120220", "111120280", "111120531", "112116451", "112116501", "112116800", "112116850", "112116880", "112117210", "112117461", "112118581", "112120700", "113117340", "113118810", "113119120", "113119340", "113119450", "113119700", "113119950", "113120070", "113120260", "113120531", "113120540", "113121950", "113121980", "113122120", "113122230"], "labels": [2, 2, 2, 3, 1, 0, 3, 1, 2, 1, 3, 1, 2, 1, 1, 3, 1, 0, 1, 2, 1, 0, 3, 2, 0, 0, 0, 2, 3, 2, 0, 1, 1, 1, 3, 0, 1, 3, 2, 0, 2, 3, 0, 3, 3, 0, 1, 1, 1, 0, 2, 1, 3, 3, 0, 0, 1, 1, 0, 1, 3, 3, 1, 3, 1, 3, 3, 3, 0, 1, 0, 2, 3, 1, 3, 0, 3, 1, 0, 1, 3, 1, 2, 1, 3, 0, 0, 0, 2, 0, 1, 3, 1, 2, 1, 0, 3, 3, 3, 1, 1, 0, 3, 1, 0, 1, 1, 1, 2, 0, 0, 1, 0, 1, 3, 3, 0, 0, 0, 3, 0, 0, 0, 1, 0, 1, 2, 2, 3, 3, 0, 3, 0, 0, 2, 3, 0, 3, 3, 2, 1, 1], "predicted_labels": [3, 1, 3, 1, 3, 1, 1, 2, 1, 1, 0, 1, 3, 1, 1, 3, 1, 3, 0, 0, 3, 3, 3, 1, 1, 3, 3, 3, 3, 3, 1, 1, 1, 1, 2, 3, 1, 3, 1, 3, 1, 1, 1, 0, 0, 1, 1, 0, 0, 1, 3, 3, 3, 0, 3, 1, 1, 1, 1, 1, 3, 1, 1, 3, 1, 3, 1, 3, 3, 1, 0, 1, 3, 1, 3, 0, 0, 3, 1, 3, 1, 3, 3, 0, 0, 1, 3, 1, 1, 3, 3, 3, 3, 1, 1, 3, 1, 3, 1, 3, 1, 3, 3, 3, 3, 1, 1, 3, 1, 0, 3, 3, 3, 3, 3, 0, 3, 1, 0, 3, 3, 3, 1, 1, 3, 3, 3, 1, 3, 3, 1, 3, 1, 0, 1, 1, 1, 0, 1, 3, 1, 3], "confidence_scores": [[0.21214670884670891, 0.24341329781329787, 0.16855251415251424, 0.3758874791874791], [0.2711826451326452, 0.2838865218115219, 0.19574069541569541, 0.2491901376401378], [0.21252261072261075, 0.25993875013875023, 0.21253231213231222, 0.31500632700632697], [0.21273946053946055, 0.31669032634032634, 0.17264890664890667, 0.29792130647130655], [0.21549030969030986, 0.2388695210018741, 0.21693754970519677, 0.3287026196026196], [0.24646489621489626, 0.2670388999889001, 0.22470855810855828, 0.2617876456876457], [0.20938119103119113, 0.3621793317793319, 0.19564025419025427, 0.23279922299922298], [0.23418031413031418, 0.24181485736485744, 0.283532967032967, 0.2404718614718615], [0.23419991119991124, 0.3218043012543012, 0.16533992673992684, 0.27865586080586086], [0.2603803973803974, 0.2810400099900103, 0.19895723720723732, 0.25962235542235557], [0.29774920275802613, 0.24665482850482856, 0.20380068820068825, 0.2517952805364571], [0.18447545787545797, 0.2938156177156177, 0.26222785547785565, 0.259481068931069], [0.22205967920967934, 0.2537853257853259, 0.20933655233655243, 0.31481844266844267], [0.2365653596403597, 0.2888299006549006, 0.20251521256521263, 0.2720895271395272], [0.20462485847485862, 0.2893907393260335, 0.2452951270951272, 0.2606892751039811], [0.21573129823392995, 0.2610692363192365, 0.23744600954600964, 0.28575345590082435], [0.20132641247641253, 0.3023660117660118, 0.21106240981240987, 0.2852451659451659], [0.26214383949383957, 0.23253369963369974, 0.2275538295038295, 0.2777686313686314], [0.26881551226551226, 0.2665915084915085, 0.21347720612720625, 0.2511157731157732], [0.2958412900824665, 0.19638340548340558, 0.21533136504018865, 0.29244393939393937], [0.23604064824064824, 0.26457402597402613, 0.22356443001442997, 0.2758208957708959], [0.26148639693639686, 0.2335738317238318, 0.2246229575979577, 0.28031681374181383], [0.2601682761682762, 0.24977585747585757, 0.22137164502164516, 0.2686842213342213], [0.224007054057054, 0.2925496919746921, 0.19734221056721063, 0.2861010434010435], [0.20707597402597402, 0.33121807440925094, 0.22464350649350656, 0.23706244507126875], [0.2784375013875015, 0.23632902652902657, 0.20567485847485836, 0.27955861360861367], [0.19624591519591525, 0.26623857808857826, 0.21412696192696207, 0.32338854478854473], [0.23064721063250473, 0.2534365725777491, 0.2112021178168238, 0.30471409897292256], [0.2373412698412699, 0.29526572675690327, 0.16326065601065595, 0.30413234739117107], [0.2537109690962633, 0.26598067488067495, 0.17876453872924467, 0.3015438172938174], [0.2455565620653857, 0.28989422799422787, 0.19126525500643166, 0.273283954933955], [0.2294844100344101, 0.27785988129517547, 0.24979139390021743, 0.24286431477019718], [0.19967175324675326, 0.29699487734487745, 0.22320666555666563, 0.28012670385170374], [0.20400081030081038, 0.27636788766788783, 0.2679946275946275, 0.25163667443667453], [0.1836984071484073, 0.2438550172050174, 0.30526666111666106, 0.26717991452991463], [0.26288795093795103, 0.2541588023088024, 0.20463797313797324, 0.27831527361527375], [0.25035268065268074, 0.30843091908091913, 0.1360338383838384, 0.3051825618825621], [0.21055775335775342, 0.25139329918447567, 0.24157086442968803, 0.296478083028083], [0.2484959540459542, 0.28612003356121013, 0.18541210097092464, 0.2799719114219114], [0.21570998086880452, 0.2733430624930626, 0.22830631394749046, 0.2826406426906429], [0.2812355255855256, 0.2832030596854127, 0.16528102289867003, 0.27028039183039193], [0.21209359447741807, 0.3322987881399648, 0.1932684767846534, 0.26233914059796426], [0.2551152958152958, 0.2829034937284939, 0.22036992451992457, 0.24161128593628597], [0.31879003414885776, 0.2710879065379066, 0.15553676127793778, 0.254585298035298], [0.2563943670708377, 0.24616878954378957, 0.2452063461048756, 0.25223049728049735], [0.23146989121989134, 0.3015566489066489, 0.18720606060606068, 0.27976739926739924], [0.22203845598845603, 0.32640009435009437, 0.21344940059940062, 0.23811204906204925], [0.2685026529026528, 0.26426235431235423, 0.24703670218670215, 0.22019829059829074], [0.2995505550005549, 0.1981208513708515, 0.21050298035298048, 0.29182561327561346], [0.22779271839271845, 0.28647233877233874, 0.20755712065712076, 0.2781778221778223], [0.17350281385281396, 0.30786408950526606, 0.1902480095068331, 0.32838508713508735], [0.23508025308025327, 0.2722303696303696, 0.17676138306138317, 0.3159279942279943], [0.29008144910644923, 0.23910690502308152, 0.1524653033241269, 0.3183463425463424], [0.3206865384615384, 0.23498811743811746, 0.1749619630369631, 0.2693633810633812], [0.2244349705849707, 0.3010237151737151, 0.1586915084915085, 0.3158498057498057], [0.2407416305916306, 0.29585675435675446, 0.19273075813075832, 0.27067085692085696], [0.2382614996114997, 0.2951736652236654, 0.18234141414141425, 0.284223421023421], [0.26613204018204023, 0.2887833555333556, 0.2096290653790654, 0.23545553890553894], [0.27903124930624934, 0.3083700937950939, 0.14584468309468313, 0.26675397380397387], [0.2040388972138973, 0.3041077256077256, 0.2073515373515374, 0.2845018398268399], [0.23064366744366752, 0.2630496031746032, 0.19085295537795552, 0.3154537740037739], [0.201274209124209, 0.31682668997669, 0.22875870795870804, 0.2531403929403931], [0.23244273504273505, 0.32371887556887574, 0.20070396825396836, 0.24313442113442119], [0.23970719280719277, 0.2523496281496283, 0.17018474858474864, 0.3377584304584305], [0.22190289987790005, 0.321249680874681, 0.21844328449328454, 0.23840413475413488], [0.249983610833611, 0.2662871295371295, 0.18224760794760797, 0.30148165168165175], [0.26227710622710626, 0.3058954045954045, 0.19904836274836282, 0.23277912642912638], [0.2549822732822734, 0.2847907869907871, 0.17480711510711522, 0.28541982461982457], [0.1758079885027253, 0.2902445387945388, 0.16437135992662316, 0.36957611277611296], [0.2205614135864136, 0.27544859029859037, 0.23072408147408155, 0.2732659146409148], [0.2839139971139971, 0.22819935064935065, 0.20673934398934402, 0.28114730824730816], [0.2694838295691238, 0.27326001776001774, 0.22836878448349038, 0.22888736818736835], [0.23227021312021295, 0.2810289155289156, 0.1726132645132646, 0.314087606837607], [0.25139847929847936, 0.3151348484848483, 0.20174135864135873, 0.23172531357531365], [0.23671797091797103, 0.27017389277389275, 0.1766047341547342, 0.31650340215340217], [0.3144242035742036, 0.2561140193140193, 0.18429295149295166, 0.2451688256188257], [0.3160179681429682, 0.24355558885558878, 0.17630918803418816, 0.26411725496725497], [0.26169531253060674, 0.2606783050283051, 0.193098438163144, 0.28452794427794437], [0.24195440115440126, 0.3097616883116884, 0.18658860028860033, 0.26169531024531023], [0.2302934343434344, 0.2828461760461759, 0.19297474747474744, 0.29388564213564217], [0.23232578810078827, 0.2714446692196692, 0.23757449217449228, 0.2586550505050506], [0.24192994782994795, 0.24739677544677555, 0.22407121212121212, 0.2866020646020646], [0.2735808441558442, 0.24310078532578555, 0.1977225829725829, 0.2855957875457876], [0.3055254301254301, 0.259217798867799, 0.1602369075369077, 0.2750198634698634], [0.29177886280386295, 0.2612453934953935, 0.1731075896325897, 0.2738681540681541], [0.2616344544344544, 0.32671678876678867, 0.15862118437118444, 0.25302757242757246], [0.24004099789099786, 0.23753075062192722, 0.23041133278486225, 0.29201691870221286], [0.22767846320346316, 0.3121336802086802, 0.18671872294372305, 0.2734691336441336], [0.23628628038628036, 0.30018326510091214, 0.21904081963787853, 0.24448963487492922], [0.25741141636141646, 0.2656151532677849, 0.16844810569547414, 0.30852532467532484], [0.23788612498612513, 0.2869904262404263, 0.1850861471861472, 0.2900373015873018], [0.18002830502830502, 0.284346287046287, 0.2121514041514042, 0.3234740037740038], [0.26224875630905065, 0.257583853891207, 0.17248721996957295, 0.3076801698301698], [0.21291037296037296, 0.28856733821733815, 0.2510316461316462, 0.24749064269064283], [0.21469847374847364, 0.27752056832056826, 0.24336158286158294, 0.2644193750693752], [0.23372660117660127, 0.2648606782106783, 0.21074079254079262, 0.2906719280719281], [0.20727568265068275, 0.3209674436674436, 0.20903407148407158, 0.26272280219780225], [0.2004620823620823, 0.29112085724732784, 0.19714482706835654, 0.3112722333222334], [0.26061476856476873, 0.28862329337329345, 0.17468818403818423, 0.276073754023754], [0.2533126984126985, 0.28352984237984247, 0.17115299700299708, 0.29200446220446247], [0.23550859418359424, 0.3313485315338256, 0.1702694083694084, 0.2628734659131718], [0.1925977355977357, 0.2822587024087025, 0.23734291264291268, 0.28780064935064953], [0.19295607725607736, 0.2572064935064936, 0.2319717504717505, 0.3178656787656787], [0.23696278762517145, 0.28415207733443043, 0.18889810148571765, 0.28998703355468075], [0.2363571373071374, 0.25980937118437114, 0.20429519647019648, 0.29953829503829504], [0.22412091992974348, 0.3037057165057165, 0.21030083054200713, 0.2618725330225331], [0.20905803640803647, 0.31627805331923, 0.23821735878500575, 0.23644655148772814], [0.24748856976356984, 0.2676398934398936, 0.19048956598956604, 0.29438197080697087], [0.2592797535797538, 0.32269670884670876, 0.1642811632811633, 0.25374237429237456], [0.31036183261183276, 0.21332302142302154, 0.1816068598068599, 0.29470828615828615], [0.23979717863835526, 0.2749454156954157, 0.19301993757876115, 0.2922374680874682], [0.2531182095682095, 0.2636569264069264, 0.15483813963813975, 0.3283867243867243], [0.2663471797810034, 0.26641842210077504, 0.1315097505435742, 0.3357246475746477], [0.19289277944277947, 0.2803347985347987, 0.22868500388500396, 0.2980874181374181], [0.2516079809079809, 0.27349569874569885, 0.1715071040071041, 0.30338921633921623], [0.29957806866336256, 0.29500256965256977, 0.13794873786344386, 0.2674706238206239], [0.2382849178599179, 0.2858106726606726, 0.15892888500388505, 0.31697552447552446], [0.22670566100566103, 0.2937130813630813, 0.2160115329115329, 0.2635697247197248], [0.31492968069941757, 0.2769535825285826, 0.1416412622465254, 0.26647547452547465], [0.21240009435009446, 0.28187232930468237, 0.1846617882117882, 0.3210657881334352], [0.21278391281920708, 0.3060642024642023, 0.15903501269971868, 0.32211687201687217], [0.18530158175158187, 0.26996807081807095, 0.19252281607281618, 0.35220753135753136], [0.24964131979131973, 0.31305050505050497, 0.19439170829170832, 0.24291646686646695], [0.22171567876567888, 0.28896536796536804, 0.24547919857919867, 0.2438397546897547], [0.288348851148851, 0.2512446719946721, 0.14447453657453663, 0.3159319402819404], [0.20606921966921984, 0.26733613216848523, 0.2333581327169562, 0.2932365154453389], [0.23861837606837616, 0.26288232323232336, 0.21611185481185488, 0.28238744588744585], [0.21213121323121323, 0.2923801087801089, 0.23354574314574325, 0.26194293484293496], [0.24473771424653779, 0.2903607947607949, 0.15757252551370202, 0.3073289654789655], [0.20109886779886788, 0.2872495060495061, 0.1625451326451328, 0.3491064935064933], [0.2878129370629372, 0.2998837717837717, 0.14415887445887446, 0.2681444166944167], [0.23728282273282278, 0.29016050061050047, 0.15046064491064484, 0.32209603174603196], [0.20294569319569333, 0.36002992007991996, 0.15663298645798654, 0.2803914002664004], [0.3028903318903319, 0.261611111111111, 0.16801471861471867, 0.26748383838383855], [0.22655446775446791, 0.27102433677433674, 0.25290304695304694, 0.24951814851814857], [0.20032182817182823, 0.30464365079365074, 0.2173592074592076, 0.27767531357531355], [0.22057829947829946, 0.34638197913197916, 0.13586831501831498, 0.2971714063714064], [0.3364118159618163, 0.26916764346764344, 0.1416250360750362, 0.2527955044955047], [0.17297224997225005, 0.3219796037296037, 0.22715732045732046, 0.277890825840826], [0.21152077922077933, 0.2734631313131313, 0.18923389943389962, 0.32578219003219017], [0.25559893994894006, 0.27507938891174194, 0.20776028971028984, 0.2615613814290285], [0.23358464590964595, 0.28984567099567093, 0.18179031801531811, 0.29477936507936514]]}}