{"test": {"ids": ["101114990", "101111620", "110116290", "110118701", "110116300", "102116500", "100108520", "97106591", "108115970", "100116500", "107115250", "98107010", "100111620", "108117610", "106114880", "113121190", "107113360", "109117630", "106117650", "104119340", "99109370", "99117740", "99111930", "97107920", "108121410", "111119150", "107118820", "109116040", "111114121", "108118291", "97105760", "113120830", "107112850", "113122150", "111118820", "113118231", "106113170", "103109641", "99108580", "110116170", "105112240", "103111830", "103120780", "105112100", "108115250", "107116300", "98111231", "101108370", "107120260", "99108310", "113122230", "109120150", "98112300", "102118380", "107120010", "111119250", "108113760", "98108520", "102110850", "113119360", "107120880", "107114950", "110117080", "110118880", "110120540", "101108460", "108113620", "105116441", "104113170", "98120010", "104112470", "100111080", "102116340", "105118740", "110115580", "102111990", "104113190", "108115070", "104111380", "110118740", "101109120", "111116090", "111120531", "103111540", "111119930", "109113931", "102112301", "104111711", "101109370", "108118630", "112116800", "104117200", "102109840", "110121170", "107113550", "98107210", "101109000", "108116501", "109117150", "108119330", "98112580", "105121370", "111114321", "111119300", "110120190", "113118511", "112121360", "106119990", "113118690", "106116850", "97112830", "98119591", "109117110", "110118181", "109121351", "102110890", "101108580", "111117200", "97118210", "113121950", "106119260", "106112770", "100108490", "98120530", "108117451", "112116451", "105110251", "103120531", "104110960", "111114941", "100109801", "107118490", "113117401", "105120280", "105117351", "107121700", "100109360", "103113610", "109120560", "102110500", "97113900", "111120540"], "labels": [3, 3, 2, 3, 3, 1, 2, 1, 2, 2, 2, 3, 3, 3, 0, 1, 0, 0, 1, 1, 1, 2, 1, 0, 0, 3, 3, 0, 0, 3, 0, 3, 1, 2, 0, 3, 0, 1, 0, 0, 1, 3, 1, 1, 1, 0, 1, 1, 1, 2, 1, 2, 2, 1, 1, 1, 1, 2, 3, 0, 1, 3, 1, 0, 1, 0, 3, 1, 3, 2, 1, 0, 3, 1, 1, 2, 3, 1, 3, 3, 1, 3, 0, 1, 1, 1, 1, 1, 1, 1, 0, 3, 2, 2, 0, 1, 1, 0, 2, 0, 2, 2, 1, 1, 3, 1, 3, 0, 3, 3, 2, 1, 1, 1, 0, 0, 0, 0, 2, 3, 1, 1, 2, 1, 2, 0, 0, 3, 2, 0, 0, 2, 3, 3, 0, 3, 0, 2, 1, 3, 2, 1], "predicted_labels": [1, 0, 3, 0, 1, 3, 2, 1, 0, 2, 1, 2, 3, 3, 1, 0, 3, 3, 1, 1, 1, 0, 1, 0, 3, 1, 3, 3, 3, 3, 0, 2, 1, 1, 0, 1, 0, 2, 0, 0, 3, 3, 0, 3, 3, 1, 0, 3, 3, 1, 2, 2, 0, 1, 3, 0, 1, 1, 1, 3, 3, 3, 3, 3, 1, 3, 0, 1, 0, 2, 1, 1, 3, 2, 1, 1, 1, 0, 3, 0, 3, 0, 1, 0, 3, 3, 3, 0, 2, 3, 3, 1, 1, 3, 3, 3, 3, 3, 1, 3, 0, 1, 0, 2, 3, 1, 3, 0, 3, 2, 3, 0, 3, 1, 0, 0, 0, 0, 0, 1, 3, 1, 2, 3, 3, 3, 1, 1, 3, 1, 3, 0, 1, 1, 3, 3, 3, 2, 3, 3, 1, 1], "confidence_scores": [[0.24463252996228013, 0.5457280130496098, 0.1323924329848752, 0.07724702400323483], [0.9938026279052646, 0.005089153854982815, 0.00033400567724349204, 0.0007742125625089654], [0.12113206769248785, 0.1975710161819516, 0.08921287054325218, 0.5920840455823083], [0.5968618664269456, 0.2848681921601416, 0.005026272296267127, 0.11324366911664568], [0.019728785577689457, 0.5800108623991419, 0.009128236784274815, 0.39113211523889385], [0.09318074308778378, 0.3757291571678283, 0.11734765069298563, 0.41374244905140234], [0.02497010129341835, 0.00046461070248328645, 0.9183431092171646, 0.0562221787869337], [0.28029943765957777, 0.4605739818720481, 0.25708688894557136, 0.002039691522802834], [0.4759177055642884, 0.43429647405752353, 0.04117561946189301, 0.048610200916295004], [0.02026084187151943, 0.040230938684890596, 0.5282255599288276, 0.41128265951476245], [0.0424096832333262, 0.7611368419171677, 0.02882369338970551, 0.16762978145980065], [0.004563635158036707, 0.012132844187318411, 0.9620904926590372, 0.021213027995607814], [0.09851096820808085, 0.029613579663512718, 0.1038060545643322, 0.7680693975640742], [0.0002449761894994728, 0.0018791351252094154, 0.004128160146195721, 0.9937477285390953], [0.01674711089177078, 0.9224953306815483, 0.05890418522975373, 0.0018533731969272188], [0.5415554779206362, 0.030060427564283707, 0.2871937412260774, 0.14119035328900278], [0.4307368566692239, 0.05862213666812577, 0.002163018035850858, 0.5084779886267995], [0.24012015312077706, 0.3425141380853643, 0.003875564157383645, 0.4134901446364751], [0.22821777638047727, 0.5443742238253716, 0.16783464062335254, 0.05957335917079862], [3.235207614434279e-06, 0.9968241287675536, 0.00012520738320785497, 0.003047428641624376], [0.09948213050248148, 0.8519587778167492, 0.0460590957834764, 0.002499995897292847], [0.9006714919742812, 0.0241656457434598, 0.05354896786907354, 0.021613894413185356], [0.24067478313634363, 0.7311041430679059, 0.02023163841419295, 0.007989435381557502], [0.878377750625819, 0.0022530775937754516, 0.0024519552915115445, 0.1169172164888939], [0.004474143494489752, 0.03614106348105799, 0.0019907068984473695, 0.9573940861260049], [0.26568594314212146, 0.6992510541839526, 0.028125138906226036, 0.006937863767699738], [0.006750659015766712, 0.4377548413526822, 0.03585911959023289, 0.5196353800413182], [0.05966613783488127, 0.2871587910395613, 0.01816332897886835, 0.6350117421466891], [0.2906886789421374, 0.17267729967130221, 0.005385084727356843, 0.5312489366592036], [0.0705679633229369, 0.06785971063370147, 0.00032255623131201814, 0.8612497698120496], [0.6003601377752994, 0.014935380327054496, 0.00018853479863975805, 0.3845159470990064], [0.11607529000719194, 0.007187362332054818, 0.8387894188775475, 0.03794792878320555], [0.28812852815526185, 0.6976873668264102, 0.007237597305990785, 0.0069465077123372], [0.005357520308267471, 0.8964386205855329, 0.013030219699516524, 0.08517363940668302], [0.5958435914420381, 0.09004543508565215, 0.0020096683273258175, 0.31210130514498385], [0.019111705029709276, 0.6665956151076886, 0.27126527280474133, 0.04302740705786068], [0.7698460384147373, 0.2128853661518269, 0.0007530946955262841, 0.016515500737909465], [0.007117207497935828, 0.017593423534556337, 0.6890158402593995, 0.2862735287081083], [0.6589165152127663, 0.3132831333995182, 0.015975781197642865, 0.011824570190072691], [0.4070346266455375, 0.2315677495327985, 0.015113315214991535, 0.3462843086066725], [0.006906669183106583, 0.1977727787672037, 0.03425520022802951, 0.7610653518216604], [0.001021408569126607, 0.0010382965557600044, 0.12899962284460792, 0.8689406720305055], [0.9592751587590628, 0.007055100086239535, 0.00815113700970565, 0.025518604144992046], [0.12450371581287296, 0.00045270673545895734, 0.006725080246073843, 0.8683184972055942], [0.016865823637129494, 0.0004063930880943169, 0.010273959904140822, 0.9724538233706355], [0.015537245340219212, 0.9162144666937364, 0.005476775673221654, 0.06277151229282259], [0.9750803590707342, 0.0012213490072843132, 0.0021939768172347463, 0.02150431510474675], [0.008585617682015165, 0.006475192579150541, 5.797584960064879e-05, 0.9848812138892338], [0.32365858734345787, 0.12598114469622335, 0.00436103577526741, 0.5459992321850513], [0.09099354247319857, 0.7971428628117313, 0.11178983350227671, 7.376121279348729e-05], [0.0022460289879811172, 0.021693387859565535, 0.975954003378565, 0.00010657977388826338], [0.03798148594676927, 0.15100728198999436, 0.800273550414253, 0.010737681648983319], [0.8195231254647078, 0.0004636673958344958, 0.004201738854635699, 0.17581146828482214], [0.0419507704282056, 0.5966393378833852, 0.33660108529838556, 0.024808806390023624], [0.00708511767255941, 5.1154930865109886e-05, 0.0034098985780855037, 0.9894538288184899], [0.6592050836162575, 0.018160948111881903, 0.0009235728532455563, 0.32171039541861507], [0.01527005442160169, 0.7510482654320206, 0.01854304350270933, 0.2151386366436683], [0.011055394532132095, 0.5035245621248153, 0.48468538230444436, 0.0007346610386082842], [0.0015793252209132629, 0.632140389469527, 0.02237304639853534, 0.34390723891102437], [0.07284622724477748, 0.0006593412796509147, 0.04433796197362248, 0.8821564695019491], [0.000912266192482552, 0.004618100464223755, 0.06547575447439355, 0.9289938788689002], [0.061461007844755854, 0.015113662222359407, 0.013664150108751385, 0.9097611798241334], [0.00045704955061214286, 0.15301514553360374, 0.0726413764075592, 0.7738864285082249], [0.23168603260880297, 0.032413384953244195, 0.000857961776794152, 0.7350426206611588], [0.0019488140785168093, 0.9301004920118031, 0.013226107569998088, 0.054724586339681906], [0.3533769073955929, 0.000538990256951023, 0.012402242552729021, 0.6336818597947271], [0.8657623510670039, 0.12863941398273698, 8.21459064043105e-05, 0.005516089043854744], [0.01806314642345767, 0.9738942045888224, 0.004815134005246331, 0.003227514982473675], [0.6640200939732167, 0.3235818237658172, 0.0019926483926858327, 0.010405433868280354], [0.004599048540615154, 0.02305962083588278, 0.5949173595326049, 0.3774239710908972], [0.03277955469459251, 0.8251598436137664, 0.07815731685905825, 0.06390328483258301], [0.14926237949869336, 0.5909002437293301, 0.2386509983406417, 0.021186378431334904], [0.020399611549058946, 0.29113301646810097, 0.054864848776055866, 0.6336025232067842], [0.03234392637158005, 0.05587280888271072, 0.7044389486136957, 0.20734431613201354], [0.12223734592147734, 0.6113390913872944, 0.09865929751823496, 0.16776426517299342], [0.10605117883126378, 0.5435836704221223, 0.2829349365370247, 0.06743021420958938], [0.0004394278729666076, 0.9460919759501843, 0.005341153164466245, 0.0481274430123828], [0.5173285133948986, 0.4078358756261262, 0.011740431264458217, 0.06309517971451686], [0.05005168626744411, 0.04493089463642533, 0.2589267108736385, 0.646090708222492], [0.7861546966959034, 0.0031571023654309916, 0.000983635812250867, 0.20970456512641453], [0.127652077461237, 0.016180068206782455, 0.0011392189601935616, 0.8550286353717871], [0.7112633896576162, 0.06617034392553003, 2.285600330496954e-05, 0.2225434104135488], [0.440156161241274, 0.5108323559790072, 0.0011593705261156212, 0.04785211225360304], [0.5616764181075445, 0.38096171186248345, 0.043135471810168545, 0.014226398219803446], [0.32474642579303914, 0.02325488719998961, 0.004441777133928168, 0.6475569098730432], [0.021739421543957433, 0.014185239495042063, 0.33421926707115457, 0.6298560718898459], [0.0321977111841852, 0.014065273354765371, 0.013372353400940685, 0.9403646620601087], [0.6110826731188582, 0.1520732884137562, 0.022665732682097508, 0.2141783057852881], [0.33324973295926197, 0.006315478177341664, 0.6598131886547188, 0.0006216002086775247], [0.004716984057012431, 0.0019484838355401924, 0.3124253416684002, 0.6809091904390472], [0.05617815376079723, 0.29688396010627516, 0.01175006873674851, 0.6351878173961791], [0.04795815013065355, 0.6071255544192777, 0.08479451271646343, 0.2601217827336053], [0.014411040406766593, 0.7716176188511115, 0.16852466306190222, 0.04544667768021966], [0.15339739204803085, 0.16891373777837917, 0.021085122712979187, 0.6566037474606108], [0.04279078903095533, 0.02317008672374085, 0.13924063167736636, 0.7947984925679374], [0.03488787302203709, 0.3637910415360205, 0.12320060912965373, 0.47812047631228877], [0.026536680119607095, 0.1367770956059046, 0.0006812982150075579, 0.8360049260594807], [0.004991221441541886, 0.013867251576171144, 0.0011546491839441084, 0.9799868777983428], [0.0003743816914259697, 0.9987427100544574, 0.000342153377924719, 0.0005407548761919111], [0.023836763081096023, 0.03855105806810271, 0.07209931616937748, 0.8655128626814237], [0.8740786836747432, 0.0019173988001480926, 0.012587700617535462, 0.11141621690757338], [0.00026604221006197045, 0.8289288706741553, 0.015691996389683667, 0.1551130907260993], [0.7365490473865971, 0.14482702544807033, 0.0191613431433254, 0.09946258402200722], [0.0004559714889135195, 0.37528709329678617, 0.6012471880303467, 0.023009747183953683], [0.000676534889355689, 0.18711765379928907, 0.010851587612064487, 0.8013542236992908], [0.0017131880186550827, 0.9976885301484079, 0.00042573238983904745, 0.00017254944309819326], [0.24503845614406222, 0.277835990564813, 0.03834547895518956, 0.43878007433593524], [0.430318542370813, 0.013211505599591339, 0.37868442164780236, 0.17778553038179318], [0.19379966599514908, 0.2847363423827032, 0.040632682528645346, 0.48083130909350247], [0.009026705649139707, 0.00020575525177537847, 0.9896004247389476, 0.0011671143601373899], [0.09736200777153041, 0.0020160070125164347, 0.05703361850821353, 0.8435883667077396], [0.9928574602249025, 0.0053727225892468995, 0.001600087136278188, 0.0001697300495723828], [0.35552531911427987, 0.12117309669267308, 0.03371015556893019, 0.48959142862411675], [0.04995977568351004, 0.789613428709931, 0.1597914188826423, 0.0006353767239165375], [0.6256557243498282, 0.05868665564936293, 0.012747484968133002, 0.30291013503267566], [0.970068274236488, 0.00042160580966363586, 0.0009522298292524086, 0.028557890124595923], [0.971530705312913, 0.001891160866290181, 0.02476378246565401, 0.0018143513551428638], [0.9256168089917745, 0.03565930478715395, 0.002263675338453458, 0.03646021088261815], [0.9351306950920958, 0.0008420157286649373, 0.05380591712351519, 0.010221372055724029], [0.1979579190328175, 0.7719487842534976, 0.012416253110493701, 0.017677043603191295], [0.002824186446603227, 0.002843420983002155, 0.1313465761373329, 0.8629858164330616], [0.2984249136927308, 0.47937504490211824, 0.09900625632797906, 0.12319378507717192], [0.36337740496674703, 0.15169698137021045, 0.4819973008871908, 0.002928312775851794], [0.10556974830711843, 0.2696645704721451, 0.007968936584131326, 0.6167967446366052], [0.027539875717992848, 0.0004862471578132186, 0.0011156646503004699, 0.9708582124738935], [0.062448250607531744, 0.033205898718891916, 0.0002777047724014842, 0.9040681459011749], [0.3117992035046556, 0.571928812673989, 0.08432680690858363, 0.031945176912771746], [0.07244683503573587, 0.8591133649208228, 0.022191080754867525, 0.04624871928857382], [0.10921290247086364, 0.025900549362551168, 0.430224916883407, 0.4346616312831782], [0.0053361825445427166, 0.6679777250978883, 0.0033887392858531814, 0.3232973530717158], [0.040540232037286406, 0.07579454757823198, 0.0009156466926304403, 0.8827495736918511], [0.7327413123688484, 0.019111555591708736, 0.2469998616504222, 0.0011472703890206947], [0.0034535535435725843, 0.6433613750502654, 1.8257018804664404e-05, 0.35316681438735736], [0.04637100372956888, 0.9305647055908199, 0.0038380745621816705, 0.019226216117429265], [0.11260464628321658, 0.17932944698030634, 0.08097524076916451, 0.6270906659673126], [0.021383499528174185, 0.05484870969899423, 0.0023250422929596685, 0.921442748479872], [0.17087279692761928, 0.051201018906440264, 0.004830059205612593, 0.773096124960328], [0.012692035072385009, 0.06617562880579288, 0.9181972522510767, 0.002935083870745487], [0.12721440690745228, 0.005059951520620726, 0.021683144616276927, 0.84604249695565], [0.08607540485784204, 0.002574796209024381, 0.017082591857761384, 0.8942672070753721], [0.027098898856080515, 0.9512443674435297, 0.019877531979977596, 0.0017792017204119135], [0.31778518105955617, 0.6199858910207076, 0.06145608798882532, 0.0007728399309109924]]}, "rewritten": {"ids": ["97105760", "97106591", "97107920", "97112830", "97113900", "97118210", "98107010", "98107210", "98108520", "98111231", "98112300", "98112580", "98119591", "98120010", "98120530", "99108310", "99108580", "99109370", "99111930", "99117740", "100108490", "100108520", "100109360", "100109801", "100111080", "100111620", "100116500", "101108370", "101108460", "101108580", "101109000", "101109120", "101109370", "101111620", "101114990", "102109840", "102110500", "102110850", "102110890", "102111990", "102112301", "102116340", "102116500", "102118380", "103109641", "103111540", "103111830", "103113610", "103120531", "103120780", "104110960", "104111380", "104111711", "104112470", "104113170", "104113190", "104117200", "104119340", "105110251", "105112100", "105112240", "105116441", "105117351", "105118740", "105120280", "105121370", "106112770", "106113170", "106114880", "106116850", "106117650", "106119260", "106119990", "107112850", "107113360", "107113550", "107114950", "107115250", "107116300", "107118490", "107118820", "107120010", "107120260", "107120880", "107121700", "108113620", "108113760", "108115070", "108115250", "108115970", "108116501", "108117451", "108117610", "108118291", "108118630", "108119330", "108121410", "109113931", "109116040", "109117110", "109117150", "109117630", "109120150", "109120560", "109121351", "110115580", "110116170", "110116290", "110116300", "110117080", "110118181", "110118701", "110118740", "110118880", "110120190", "110120540", "110121170", "111114121", "111114321", "111114941", "111116090", "111117200", "111118820", "111119150", "111119250", "111119300", "111119930", "111120531", "111120540", "112116451", "112116800", "112121360", "113117401", "113118231", "113118511", "113118690", "113119360", "113120830", "113121190", "113121950", "113122150", "113122230"], "labels": [0, 1, 0, 2, 2, 2, 3, 1, 2, 1, 2, 2, 1, 2, 1, 2, 0, 1, 1, 2, 2, 2, 0, 0, 0, 3, 2, 1, 0, 0, 1, 1, 1, 3, 3, 2, 3, 3, 0, 2, 1, 3, 1, 1, 1, 1, 3, 2, 3, 1, 2, 3, 1, 1, 3, 3, 3, 1, 0, 1, 1, 1, 0, 1, 3, 2, 1, 0, 0, 3, 1, 1, 0, 1, 0, 0, 3, 2, 0, 2, 3, 1, 1, 1, 3, 3, 1, 1, 1, 2, 0, 2, 3, 3, 1, 0, 0, 1, 0, 1, 2, 0, 2, 1, 0, 1, 0, 2, 3, 1, 1, 3, 3, 0, 3, 1, 2, 0, 1, 0, 3, 0, 0, 3, 1, 1, 1, 0, 1, 0, 0, 3, 3, 3, 1, 3, 0, 3, 1, 3, 2, 1], "predicted_labels": [0, 1, 0, 3, 1, 0, 2, 1, 2, 0, 0, 1, 0, 2, 3, 0, 0, 1, 1, 0, 0, 2, 3, 3, 2, 2, 3, 3, 3, 0, 3, 0, 2, 0, 2, 2, 3, 3, 0, 0, 0, 1, 0, 1, 2, 0, 2, 2, 1, 0, 2, 3, 3, 0, 0, 1, 1, 1, 1, 0, 3, 1, 3, 1, 1, 1, 2, 0, 1, 2, 1, 3, 2, 1, 0, 1, 3, 1, 1, 2, 1, 3, 0, 2, 3, 0, 3, 1, 3, 0, 3, 3, 3, 1, 3, 3, 3, 2, 1, 3, 1, 1, 2, 3, 0, 3, 1, 3, 3, 3, 1, 1, 0, 3, 1, 1, 3, 3, 0, 1, 3, 1, 1, 1, 0, 1, 3, 1, 0, 0, 1, 1, 3, 2, 1, 0, 3, 2, 0, 1, 1, 1], "confidence_scores": [[0.500253096167104, 0.4161837401476347, 0.0001870882146338298, 0.08337607547062763], [0.01622057118828896, 0.9674500097855846, 0.010248361826666058, 0.00608105719946057], [0.9395997575149141, 0.0029153931661004846, 0.0015752681777831817, 0.055909581141202376], [0.09004125469280495, 0.001724125968794223, 0.0961393109358314, 0.8120953084025695], [0.07757061285115299, 0.9204907364423093, 0.0005808196716392102, 0.0013578310348987144], [0.7962315754341707, 0.0013911404194067243, 0.18202362235046615, 0.020353661795956397], [0.2107563769798873, 0.15670537958757225, 0.4618707454660025, 0.1706674979665379], [0.13045389929922896, 0.7752130514545733, 0.09122353211707411, 0.003109517129123528], [0.0017499177441907886, 0.382805125689486, 0.6142734258025259, 0.0011715307637973507], [0.5552574809471496, 0.0008228051708979572, 0.004318323799648423, 0.43960139008230403], [0.5759305870532617, 0.27859752738344246, 0.08097873296921108, 0.06449315259408471], [0.0662654956668444, 0.9158949491217155, 0.009694039152387188, 0.008145516059052955], [0.9814377391804368, 0.010519399297501928, 0.006718134058790969, 0.0013247274632701806], [0.0007281435938569755, 0.0220431785077176, 0.7905229238122016, 0.18670575408622395], [0.00798554005192163, 0.0001876742754419162, 0.00030200536463376545, 0.9915247803080027], [0.997976630201976, 0.0018262807063381202, 3.8522659293064514e-05, 0.00015856643239287315], [0.4833162786353129, 0.4824759587494939, 0.016562176009917173, 0.017645586605276025], [0.02043921585013481, 0.9629427791452785, 0.010807272284583062, 0.005810732720003605], [0.21758629092844925, 0.778449465217859, 0.0008013996849419678, 0.003162844168749655], [0.461458567718436, 0.34068309131321217, 0.1618679663659148, 0.03599037460243704], [0.5390938442648484, 0.3229595086694306, 0.1351891578588273, 0.002757489206893795], [0.14279256769678617, 0.038108688341712334, 0.6742108053134327, 0.14488793864806881], [0.1793776577702451, 0.053988294401848685, 0.003886553867343413, 0.7627474939605629], [0.008094571878423029, 0.0246018766521168, 0.00028477716390528046, 0.9670187743055548], [0.04138506499531985, 0.24221527261207065, 0.6808992396294296, 0.035500422763179926], [0.3374888878766744, 0.011346678533951993, 0.5823384560815881, 0.0688259775077855], [0.010416402045504454, 0.025089964635978165, 0.22383454070133155, 0.7406590926171858], [0.035396374563608626, 0.003955700040072719, 5.218019952317087e-05, 0.9605957451967956], [0.04721924189815711, 0.0021958108845202594, 0.0008163297295551369, 0.9497686174877674], [0.9556276947466753, 0.0036196519341844115, 0.024720331001366055, 0.016032322317774197], [0.014652137747234064, 0.4814393837190168, 0.0018156931076218142, 0.5020927854261275], [0.5631642620862334, 0.1643513738008594, 0.006256265028659507, 0.2662280990842478], [0.1771964632160847, 0.009829778941931606, 0.7982143565011927, 0.014759401340791116], [0.8551862587695122, 0.004957858838762115, 0.13274728817677928, 0.007108594214946372], [0.05575533650827792, 0.2149423455549285, 0.7086929151301109, 0.02060940280668266], [0.038733561275857656, 0.0926539749865095, 0.6774414432295459, 0.19117102050808704], [0.004779392762900525, 0.003322218163239313, 0.0013977574986979457, 0.9905006315751622], [0.0012713663131718785, 0.20465190813998005, 0.1181926110473462, 0.6758841144995018], [0.9847570529899132, 0.003029845359451157, 0.0015982101759628006, 0.010614891474672674], [0.7687353994609184, 0.17167446082857515, 0.053954469380865705, 0.005635670329640762], [0.4777200275102427, 0.06734257705682227, 0.4143637547986803, 0.0405736406342547], [0.031999251477414364, 0.7359246523534401, 0.14680757118933385, 0.08526852497981181], [0.7067493062158872, 0.003779339957830613, 0.26652272933486554, 0.02294862449141658], [0.20487797997727664, 0.6776240432157958, 0.10282666134487733, 0.014671315462050185], [0.002300315423405509, 0.04759375920143289, 0.7570084627769823, 0.19309746259817934], [0.5123428626055546, 0.09701854611206509, 0.023858368550169214, 0.366780222732211], [0.010559796633747493, 0.010504343834588538, 0.5139924379576878, 0.46494342157397617], [0.03233130028524566, 0.16401385484790854, 0.7866997046671309, 0.01695514019971491], [0.1505393608966083, 0.7303825050802374, 0.03521286958387467, 0.08386526443927957], [0.7304491366615854, 0.0890783484439725, 0.06990276637654907, 0.11056974851789309], [0.005986069639020845, 0.2766147699946003, 0.6772314998932105, 0.040167660473168255], [0.15487881902608705, 0.006095007065287574, 0.16652070270320826, 0.6725054712054171], [0.04046336400924229, 0.045425805155487706, 0.00085006094134534, 0.9132607698939247], [0.3766275707332562, 0.18622200219377344, 0.28079440344094375, 0.15635602363202672], [0.581813671672301, 0.35184894046685655, 0.05907612554211262, 0.007261262318729605], [0.0011491401446264396, 0.9525037337770521, 0.023540670213499225, 0.022806455864822137], [0.025828292648827637, 0.7474885130221711, 0.008121360615904261, 0.21856183371309718], [0.0006198251107005301, 0.8779059377894238, 0.05316527500288787, 0.06830896209698774], [0.38858622133647713, 0.6081007084637444, 0.0010691113121321773, 0.002243958887646235], [0.5787143823122769, 0.0015891969042228728, 0.007124677494330866, 0.4125717432891692], [0.006745343559007684, 0.035465596411674565, 0.005825859147917994, 0.9519632008813997], [0.028503962532670686, 0.8410558797151357, 0.06174211771360518, 0.06869804003858843], [0.0695908190813962, 0.20085765865130928, 0.06680914113109106, 0.6627423811362034], [0.28837416150038925, 0.3926434032417097, 0.30071900266540436, 0.018263432592496718], [0.2670711161505365, 0.7266279197928686, 0.005794001809579406, 0.0005069622470155069], [0.004039322738943667, 0.9953011254439412, 0.000406545860202212, 0.0002530059569128074], [0.2325307900112657, 0.14713500063429513, 0.6178818601746252, 0.0024523491798139154], [0.7767410226274872, 0.20143132243098708, 0.00028167103567258093, 0.02154598390585311], [0.02002639976425976, 0.829594798242266, 0.14238759249642388, 0.0079912094970504], [0.0011727904411665013, 0.00022016304345498844, 0.9943232166678438, 0.0042838298475347], [0.011398895064670088, 0.8573811505904164, 0.1282940792706572, 0.002925875074256326], [0.009248774748531636, 0.012184491865779667, 0.15624404818997592, 0.8223226851957128], [0.36309310037748077, 0.04564674187316998, 0.44531638291388953, 0.14594377483545962], [0.03795582536963981, 0.9485146035403864, 0.01088183303180703, 0.0026477380581667338], [0.935141257982885, 0.005154679536566586, 0.0025005000236946614, 0.057203562456853714], [0.08029959040359937, 0.4778200303472455, 0.04048663063275154, 0.40139374861640365], [0.47315974280084117, 0.0005718151908410942, 0.00421129407978802, 0.5220571479285298], [0.03970119346639169, 0.540991101670827, 0.20704124144642758, 0.21226646341635372], [0.013558800833852077, 0.9711847401487246, 0.0014939268343775482, 0.013762532183045788], [0.4018628864747032, 0.04725917391278977, 0.5466263227577004, 0.004251616854806722], [0.00029500391973806794, 0.9860424097953217, 0.00020331252700345683, 0.013459273757936924], [0.0016910146795970538, 0.040269781994731406, 0.06806048138096545, 0.8899787219447061], [0.803083401452841, 0.0038158584962316414, 0.000637588495548819, 0.19246315155537844], [0.00015714797111966993, 0.0030121397538624348, 0.8058983117137631, 0.19093240056125474], [0.006550628712277134, 0.032960271692698814, 0.0011824236110319643, 0.9593066759839921], [0.9707041507085383, 0.0231890126767833, 7.855961791147319e-05, 0.006028276996766919], [0.023919701964671736, 0.12093670582576595, 0.11120366863128474, 0.7439399235782777], [0.32526944397405483, 0.3447069942990065, 0.00700047467013434, 0.32302308705680427], [0.020305020017050878, 6.124514254307332e-05, 0.02216919245623228, 0.9574645423841738], [0.4650768070283269, 0.4492760785881351, 0.03448422061463801, 0.051162893768899965], [0.07248138659049691, 0.2557518493277755, 0.010932444157015324, 0.6608343199247123], [0.0032154712493120317, 0.0004214741526007735, 0.0005569482114998536, 0.9958061063865874], [1.7266170304899154e-05, 0.013555039036037117, 0.0007885069925396529, 0.9856391878011184], [0.28487025197507904, 0.6911626583781515, 6.3367778508910905e-06, 0.023960752868918654], [0.031525210831959374, 0.01217748940607229, 0.05256948312991549, 0.9037278166320529], [0.03578323211489181, 0.1633523592111597, 0.08785008577258699, 0.7130143229013616], [0.0025774164001616884, 0.37491615059072303, 0.002582488698729426, 0.6199239443103858], [0.008856800059198835, 0.010344184012631433, 0.7660254634929898, 0.21477355243517987], [0.016252370905653648, 0.6374444676220966, 0.004702247292700589, 0.34160091417954924], [0.0019483773193079484, 0.02959491961648686, 0.0016674326984624226, 0.9667892703657427], [0.012328240411449969, 0.9791967804739129, 0.008134567168997348, 0.00034041194563980327], [0.1243378412553676, 0.6320188364690942, 0.0029483697285764368, 0.24069495254696177], [0.06243078878954607, 0.0451371779550263, 0.8431353238739229, 0.04929670938150471], [0.1260263191138906, 0.0002795800223524171, 0.03316392239507715, 0.8405301784686797], [0.9568153719347907, 0.03510507295351901, 0.00030245663650431436, 0.0077770984751859475], [0.007891779210248353, 0.12657920259606395, 0.1066239662202851, 0.7589050519734025], [0.03085188886754753, 0.8193245927739466, 0.005412658729620228, 0.14441085962888556], [0.07401062942408423, 0.34500605453257954, 0.02732136327846555, 0.5536619527648706], [0.059046980829393504, 0.10709843056823207, 0.007057181462270116, 0.8267974071401044], [0.000670027012354257, 0.19500279236715978, 0.1669643779391282, 0.6373628026813578], [0.0009228019299255532, 0.974604533813369, 0.02387019087164175, 0.0006024733850637444], [0.01571919001065176, 0.5047815443135358, 0.001476053938231128, 0.4780232117375812], [0.8433502276349344, 0.012438772686973848, 0.0004920654741151791, 0.1437189342039766], [0.2272629456194672, 0.028274256609781518, 0.002539900430215451, 0.7419228973405357], [0.0060112446247241585, 0.42051591723209036, 0.18578987968088168, 0.38768295846230383], [0.006344818694037315, 0.9350923095607772, 0.019849807558967886, 0.03871306418621762], [0.09523353325941084, 0.002825565520862671, 0.006097306449662415, 0.895843594770064], [0.32877544478236886, 0.15301728303098092, 0.0031664238998960806, 0.5150408482867541], [0.9328611993352713, 0.014645098482392213, 0.02496801512085829, 0.02752568706147815], [0.08279961810546123, 0.5032681298566457, 0.06533660198468923, 0.348595650053204], [0.33224483149026135, 0.16633216108244256, 2.9062764414775904e-05, 0.5013939446628813], [0.3579517839440658, 0.41564289517296066, 0.006644866538470519, 0.2197604543445031], [0.21767749168250558, 0.4161687474612399, 0.010005405777713116, 0.35614835507854137], [0.039718302107774536, 0.9484654903703126, 0.008217177238062354, 0.0035990302838505434], [0.9686866915394303, 0.004516213659014569, 0.0021433492957051324, 0.024653745505850047], [0.00026200951593889746, 0.8108412514936992, 0.08221585435647441, 0.10668088463388746], [0.014807661315981378, 0.020399956015365175, 0.0001626100073897502, 0.9646297726612637], [0.07402211978884207, 0.7223080367314575, 0.00033013552281590814, 0.20333970795688455], [0.6829977357431811, 0.28979586006678637, 0.02716535856123387, 4.10456287986405e-05], [0.9297832739456251, 0.014148551822958447, 0.006032095848565065, 0.0500360783828514], [0.11920162543154614, 0.5579340031844138, 0.007925395734739646, 0.3149389756493004], [0.1402885219252092, 0.6208617710790026, 0.017363745350509552, 0.22148596164527856], [0.001073468861805305, 0.37655509205225024, 0.00017418060884083825, 0.6221972584771035], [0.03302593751834128, 0.2772087631785133, 0.6695772543359044, 0.020188044967241095], [0.3905918102862637, 0.44175082401106774, 0.06698394305673022, 0.1006734226459385], [0.5337601036615305, 0.38179563073251643, 0.0034119653982689125, 0.0810323002076841], [0.0013470741709202452, 0.0020737543208638755, 0.007253143467705449, 0.9893260280405105], [0.08969100082936261, 0.001117995933487871, 0.6397477247500685, 0.26944327848708116], [0.4886470500788026, 0.005534782831480855, 0.4037750392225496, 0.10204312786716699], [0.21869911383346533, 0.6761723213998165, 0.06395665018022291, 0.0411719145864954], [0.009591579699596552, 0.8333923168535526, 0.04496961894679346, 0.11204648450005748], [0.002034523928006489, 0.6466563458405207, 0.3416932535677603, 0.009615876663712445]]}}