{"test": {"ids": ["110120540", "98109311", "100111390", "104118070", "97107920", "102118380", "97112170", "105114220", "113117401", "109120621", "106116640", "110117200", "113120070", "109114030", "109117600", "99107560", "109114651", "97106820", "110117870", "104114320", "100116500", "110118740", "111115620", "100117420", "100120010", "112116540", "112118530", "112120700", "98121790", "106120640", "112117790", "98106680", "109116040", "110118111", "99112641", "105113210", "101115190", "107118820", "97113260", "97107950", "109118701", "108114220", "98110680", "101112690", "109120560", "106118820", "107119390", "103113101", "98116940", "98116090", "108117360", "108118301", "98107210", "100111380", "107117010", "107121640", "98120010", "98112170", "108117610", "100109360", "108121160", "103109641", "109120540", "105118740", "109119450", "106115250", "98106880", "106114150", "99111000", "104109311", "102121440", "98112300", "113120260", "103110100", "109119591", "98113881", "100108260", "106121220", "112117461", "112118161", "109121640", "110121500", "100109980", "109117110", "110116300", "106113170", "105116650", "108115250", "99117740", "103120531", "105119550", "99108460", "100111620", "113121810", "113121950", "110118181", "111116010", "101110150", "112117660", "103111830", "103113270", "103113210", "102109910", "109114270", "102107961", "100109910", "113120830", "111120190", "107119950", "99113260", "110121720", "107116501", "112119950", "108120700", "105117200", "105120280", "104113210", "99109840", "111120320", "107118490", "110120560", "110113931", "97106591", "113118810", "113121680", "103111480", "112119500", "107113260", "112117780", "105113170", "109118161", "106117650", "105116980", "100111080", "102117351", "106113360", "112118421", "97105760", "105112130", "108116070", "109119010", "99105921"], "labels": [1, 1, 2, 2, 0, 1, 0, 3, 3, 1, 3, 3, 2, 1, 1, 1, 3, 1, 3, 2, 2, 3, 1, 2, 0, 1, 1, 2, 2, 3, 3, 1, 0, 1, 1, 3, 1, 3, 1, 2, 3, 3, 2, 1, 1, 3, 2, 3, 2, 0, 1, 1, 1, 3, 1, 1, 2, 3, 3, 0, 2, 1, 1, 1, 3, 2, 0, 1, 2, 3, 2, 2, 3, 1, 0, 3, 3, 1, 0, 0, 0, 3, 1, 1, 3, 0, 1, 1, 2, 3, 1, 0, 3, 2, 3, 1, 1, 1, 0, 3, 2, 3, 2, 3, 3, 2, 3, 3, 3, 0, 3, 1, 0, 2, 3, 3, 3, 2, 1, 2, 0, 1, 1, 3, 1, 0, 2, 0, 0, 0, 0, 1, 0, 0, 1, 0, 3, 0, 1, 1, 3, 1], "predicted_labels": [1, 2, 1, 2, 0, 1, 1, 0, 0, 0, 3, 0, 2, 3, 0, 1, 0, 3, 2, 0, 3, 0, 1, 2, 2, 1, 1, 1, 2, 1, 3, 1, 3, 1, 0, 1, 1, 1, 3, 3, 3, 2, 2, 1, 2, 3, 2, 1, 1, 1, 2, 3, 2, 0, 2, 0, 2, 3, 3, 3, 1, 3, 1, 0, 2, 1, 2, 1, 2, 3, 3, 3, 1, 3, 1, 2, 3, 0, 3, 0, 1, 0, 0, 1, 1, 1, 1, 0, 3, 1, 3, 3, 2, 1, 2, 1, 1, 1, 3, 3, 3, 2, 3, 3, 1, 2, 1, 1, 3, 2, 1, 3, 0, 0, 1, 2, 3, 2, 3, 1, 2, 1, 2, 3, 1, 3, 1, 1, 0, 3, 0, 1, 0, 1, 3, 1, 0, 2, 1, 1, 2, 0], "confidence_scores": [[0.23102434821054574, 0.2904619828307316, 0.21472593545181518, 0.2637877335069073], [0.21199843307292598, 0.23807022970131053, 0.30556547746306273, 0.24436585976270062], [0.2550268270589048, 0.2781653161128953, 0.19552999268644108, 0.2712778641417589], [0.13285622669377717, 0.2654482129555105, 0.36737727750525373, 0.2343182828454585], [0.32171955344580894, 0.24640968947206446, 0.12707864162682828, 0.3047921154552982], [0.18714012074571848, 0.27903579322474037, 0.26040409570649553, 0.2734199903230457], [0.27384791914289475, 0.2740432776546548, 0.16568530661205025, 0.28642349659040034], [0.3034001924654974, 0.2837831971009427, 0.12246669056240873, 0.29034991987115116], [0.2868243062069024, 0.28037593403949623, 0.14346675425841346, 0.289333005495188], [0.3133577200151817, 0.28721804598246653, 0.12439438441224937, 0.2750298495901023], [0.2846940489124915, 0.24991773772325238, 0.15496778139155476, 0.31042043197270136], [0.2932890429188337, 0.2765980968968178, 0.1342368284435068, 0.29587603174084165], [0.1377347264199344, 0.23819319023247532, 0.39251928350457044, 0.2315527998430198], [0.20421068357792505, 0.26605304245428185, 0.25007972003585055, 0.2796565539319425], [0.3030933237006589, 0.26869020764736967, 0.16691971524865773, 0.26129675340331365], [0.23797692562735068, 0.2926579084975188, 0.17181144088832537, 0.29755372498680527], [0.31366735138569546, 0.24951538446427984, 0.14255139272469394, 0.2942658714253307], [0.2819182764993247, 0.25716860977683925, 0.16239978914007547, 0.2985133245837607], [0.1919809785332168, 0.2597718606715838, 0.27392557487512237, 0.27432158592007705], [0.290500209052811, 0.273223474384822, 0.18853952159043902, 0.24773679497192794], [0.2047436348278262, 0.27019805553172777, 0.24861912271376543, 0.27643918692668074], [0.31774630978559326, 0.24253868973904386, 0.1443442709533591, 0.2953707295220038], [0.26865402058032584, 0.2770571449614949, 0.1900112520484856, 0.26427758240969346], [0.13976506828768742, 0.24467754589318558, 0.39052601633619977, 0.22503136948292723], [0.173768303318352, 0.2795705166406991, 0.31849373040305645, 0.22816744963789248], [0.28662263412779615, 0.30286387234388645, 0.10941585153898796, 0.3010976419893294], [0.22519515361850476, 0.28989547765076623, 0.2461986396950669, 0.23871072903566212], [0.23295764024419446, 0.29160384076624046, 0.19753074016577682, 0.27790777882378837], [0.2130510133784875, 0.2523854955633646, 0.295982877144023, 0.23858061391412486], [0.20364164502057386, 0.28926687219483305, 0.25474277193125894, 0.2523487108533339], [0.3197230381152065, 0.258233184852042, 0.10923900915204425, 0.3128047678807072], [0.1437342031394637, 0.2918628497489041, 0.3187959315196448, 0.24560701559198742], [0.20025815362019417, 0.25196262233089206, 0.25431172879463493, 0.2934674952542789], [0.3026608291053045, 0.2993292287803448, 0.10266190238626, 0.29534803972809087], [0.3185922826502699, 0.2638950493554474, 0.13344719730054047, 0.28406547069374233], [0.2897135968078599, 0.2973044198322045, 0.09997289840741254, 0.31300908495252305], [0.14584066951537245, 0.3008351493189424, 0.289780376126543, 0.2635438050391425], [0.27651361368855254, 0.27908742881281046, 0.1543866527636665, 0.2900123047349704], [0.1959601969724037, 0.25990494405907355, 0.24811445321270037, 0.29602040575582217], [0.19524946819968306, 0.2500165953687446, 0.25861056966789603, 0.29612336676367634], [0.2865812416478127, 0.27778865386768886, 0.13102811566506564, 0.3046019888194327], [0.16213531144306917, 0.28068140152998516, 0.30974703719848506, 0.24743624982846024], [0.17731217661329648, 0.2690351286272818, 0.322940603799894, 0.23071209095952805], [0.17522733195003046, 0.2858003108793418, 0.27345836754724206, 0.2655139896233858], [0.11979448067293819, 0.27387371619527906, 0.36120092177011753, 0.245130881361665], [0.28130581574182134, 0.2890600899878104, 0.11489140886729819, 0.31474268540307004], [0.20543172359100145, 0.24501546703204918, 0.28807219246217675, 0.2614806169147726], [0.280149536733112, 0.27877897206952656, 0.15566075291682177, 0.28541073828053926], [0.23201042042808592, 0.2847074535462245, 0.22754437890464008, 0.25573774712104974], [0.22033649806725794, 0.28046075126818765, 0.21701050957672943, 0.2821922410878251], [0.12624876827140383, 0.2730790697413342, 0.3152676582992201, 0.285404503688042], [0.29340042772067687, 0.2923352807452997, 0.1057217366219599, 0.3085425549120638], [0.15954738741630337, 0.24127911465943153, 0.3579873919717875, 0.24118610595247744], [0.30977284589131815, 0.29371737389332825, 0.11567061227143283, 0.2808391679439208], [0.15390240594462914, 0.2519048041684339, 0.34024043996519204, 0.2539523499217448], [0.2897998047841385, 0.2550159263454939, 0.19410918123424853, 0.26107508763611903], [0.21838734050627184, 0.2576337510984767, 0.2642673221852046, 0.2597115862100469], [0.263986308321279, 0.2698663895775377, 0.17737124054312692, 0.2887760615580562], [0.31396774665867977, 0.28642038355933014, 0.07761193883772197, 0.3219999309442681], [0.21511391379819944, 0.2487486949110486, 0.24245424320716802, 0.2936831480835837], [0.2973644834986971, 0.28811349942395226, 0.11993069186978551, 0.29459132520756537], [0.20843728362842992, 0.2643824227232612, 0.228208319374361, 0.2989719742739479], [0.2923076067294819, 0.29144568820306627, 0.1325875240093968, 0.28365918105805465], [0.2591844964043939, 0.2791955114672352, 0.17801239392175755, 0.28360759820661324], [0.1511421706809306, 0.26208555679243134, 0.30137515796150843, 0.28539711456512973], [0.2223292745055655, 0.2733072981584639, 0.24154515801935197, 0.26281826931661856], [0.15162263516621574, 0.25134156697056687, 0.347836502208583, 0.24919929565463414], [0.28497084557369523, 0.2823673904857264, 0.16024649636208316, 0.2724152675784951], [0.1499400875963203, 0.27593714874956105, 0.32993556213791103, 0.24418720151620738], [0.30684113736233365, 0.2758865928600001, 0.0944775340801741, 0.322794735697492], [0.20455542243295025, 0.2734540347398263, 0.23450477155867405, 0.28748577126854935], [0.23797843195102397, 0.24588038859306732, 0.23366692880450027, 0.2824742506514083], [0.26924012391981467, 0.27264292597662293, 0.19427566546913802, 0.26384128463442413], [0.26641008386390463, 0.2508910471187063, 0.19565867238274348, 0.28704019663464564], [0.26234706942408437, 0.27122542446324527, 0.1972818857927153, 0.2691456203199548], [0.18171836157681331, 0.2734890890264575, 0.27448032171261033, 0.27031222768411894], [0.25589558568155263, 0.25778663043612243, 0.1948098549379633, 0.2915079289443614], [0.27532415532317184, 0.267216603946941, 0.1967786051261876, 0.26068063560369975], [0.32283811751707614, 0.2663038799966035, 0.08947079707562053, 0.32138720541069954], [0.3127460206683833, 0.2715811762237285, 0.12219166038156042, 0.2934811427263273], [0.2278535653948608, 0.2725173662919521, 0.2230373696864499, 0.27659169862673716], [0.3074248895296098, 0.2923053042119694, 0.09690071420278562, 0.30336909205563484], [0.2901328029542653, 0.27457951311626644, 0.1579119523388014, 0.27737573159066675], [0.26763536406992017, 0.2732545847976126, 0.18088418731480144, 0.27822586381766573], [0.2985155510033117, 0.2971274670932599, 0.11965307615199872, 0.28470390575143006], [0.28333131864783345, 0.30690195498659917, 0.11225739902759893, 0.29750932733796837], [0.23937467730981124, 0.2689253363822926, 0.23140636025985864, 0.2602936260480376], [0.2518084131963863, 0.2590542867484215, 0.23043095269868613, 0.25870634735650616], [0.24437248500658845, 0.25689586131684417, 0.22847910885292852, 0.270252544823639], [0.2750064305360343, 0.28666936589085285, 0.14760967190817414, 0.2907145316649386], [0.30724467498471897, 0.28233570481751175, 0.10158415906604293, 0.30883546113172633], [0.28308584364018885, 0.28320127162561926, 0.12053125447209634, 0.31318163026209556], [0.2300338137032297, 0.26050611302537174, 0.2494357590772243, 0.2600243141941744], [0.16013823512485606, 0.2936450921757691, 0.3278025770987114, 0.2184140956006634], [0.21148409717191344, 0.2585528411954701, 0.2651356474898707, 0.26482741414274574], [0.2833991413871544, 0.2870090480304219, 0.1462883167418083, 0.28330349384061565], [0.2123173306205049, 0.298074226630969, 0.21812422095089587, 0.27148422179763], [0.22208469362304742, 0.28653489482579486, 0.20279409023104125, 0.28858632132011613], [0.28265080440816903, 0.28242418339507724, 0.125448140767762, 0.3094768714289918], [0.3067589846606502, 0.23960800091541187, 0.1508395286051648, 0.302793485818773], [0.2339261782978832, 0.2437303333003338, 0.24605156265488404, 0.2762919257468992], [0.22565111843352198, 0.26822333389114295, 0.2544713648092408, 0.2516541828660943], [0.27369932018248755, 0.2603904465707251, 0.1849788871590362, 0.2809313460877511], [0.23365402952175252, 0.26288309799715587, 0.2214419578112869, 0.28202091466980467], [0.24904241881617992, 0.2758049403062589, 0.2098917370273433, 0.26526090385021805], [0.18342519009620734, 0.25341333299101715, 0.3527858599268925, 0.2103756169858832], [0.20258238093334377, 0.2823280630883918, 0.24424393021319163, 0.270845625765073], [0.23805071326073024, 0.280975298525051, 0.19908053665945144, 0.28189345155476725], [0.26354261362566017, 0.27304288290244955, 0.1634848995647954, 0.29992960390709483], [0.20364779382356943, 0.27223767400312326, 0.28165903970314893, 0.24245549247015846], [0.23304581747059724, 0.28051892976416426, 0.21963488712355475, 0.2668003656416841], [0.2850235405915776, 0.26428206532311227, 0.16651644101524332, 0.2841779530700668], [0.32133490776747137, 0.27885219423375973, 0.10016429120879973, 0.29964860678996924], [0.30794677086610245, 0.2869993903441326, 0.10686846253039559, 0.29818537625936975], [0.27870022685944784, 0.2808854932688788, 0.16767760715390828, 0.2727366727177649], [0.16374919747867903, 0.2680406739498624, 0.29466443944812254, 0.2735456891233357], [0.2884820476502169, 0.27665586800756153, 0.14183712033708032, 0.2930249640051416], [0.13322737758330652, 0.266570411869853, 0.33160159442542986, 0.26860061612141045], [0.2780972849460621, 0.29003079891963707, 0.12322355969902477, 0.30864835643527627], [0.2487775988712884, 0.2805684395438513, 0.20773528084377524, 0.26291868074108493], [0.21583359410607286, 0.25799564492222277, 0.26931756069383267, 0.25685320027787195], [0.30972271260836814, 0.30596426061109827, 0.10636139943237533, 0.2779516273481579], [0.15804356406249145, 0.2679025918377035, 0.30879259946486554, 0.2652612446349396], [0.28990914487585456, 0.28723138892214556, 0.10555520496896058, 0.3173042612330394], [0.2083435232288678, 0.2824914543337797, 0.22750710259544069, 0.2816579198419117], [0.24716717368988686, 0.26678525363711453, 0.18474876986774658, 0.3012988028052518], [0.2117592283201065, 0.28914338600629796, 0.2708602942793485, 0.22823709139424708], [0.21039709877089047, 0.29266042663572284, 0.22024827632374375, 0.2766941982696429], [0.3119908384323986, 0.27710815037923503, 0.11632528236664405, 0.29457572882172217], [0.27074747480975636, 0.27345734253927184, 0.1623642729714246, 0.29343090967954727], [0.3055160231981296, 0.29160008550434907, 0.1152169777609381, 0.28766691353658347], [0.2535737320639017, 0.2643135529604532, 0.22210806592801532, 0.2600046490476297], [0.30540391164836656, 0.2857727025445113, 0.10688415334178425, 0.30193923246533766], [0.23606271232415255, 0.27710470334585596, 0.21175940200206958, 0.27507318232792183], [0.3142951441230875, 0.26672840829035344, 0.10250026691536349, 0.3164761806711956], [0.27465912183067304, 0.278859174111085, 0.1837556848958946, 0.2627260191623474], [0.3192112345556052, 0.27691262345328566, 0.10000873171432566, 0.30386741027678366], [0.18117841973321064, 0.2563283569236075, 0.29417275927212905, 0.2683204640710531], [0.24182130914929642, 0.28991085129039257, 0.17204062803323755, 0.29622721152707343], [0.2362835302869314, 0.28178327351297633, 0.23783929109452065, 0.24409390510557158], [0.23320700027135016, 0.24788860056208928, 0.2532275672679439, 0.2656768318986169], [0.29379731308265655, 0.26391071526568066, 0.1900949651296626, 0.25219700652200044]]}, "rewritten": {"ids": ["97105760", "97106591", "97106820", "97107920", "97107950", "97112170", "97113260", "98106680", "98106880", "98107210", "98109311", "98110680", "98112170", "98112300", "98113881", "98116090", "98116940", "98120010", "98121790", "99105921", "99107560", "99108460", "99109840", "99111000", "99112641", "99113260", "99117740", "100108260", "100109360", "100109910", "100109980", "100111080", "100111380", "100111390", "100111620", "100116500", "100117420", "100120010", "101110150", "101112690", "101115190", "102107961", "102109910", "102117351", "102118380", "102121440", "103109641", "103110100", "103111480", "103111830", "103113101", "103113210", "103113270", "103120531", "104109311", "104113210", "104114320", "104118070", "105112130", "105113170", "105113210", "105114220", "105116650", "105116980", "105117200", "105118740", "105119550", "105120280", "106113170", "106113360", "106114150", "106115250", "106116640", "106117650", "106118820", "106120640", "106121220", "107113260", "107116501", "107117010", "107118490", "107118820", "107119390", "107119950", "107121640", "108114220", "108115250", "108116070", "108117360", "108117610", "108118301", "108120700", "108121160", "109114030", "109114270", "109114651", "109116040", "109117110", "109117600", "109118161", "109118701", "109119010", "109119450", "109119591", "109120540", "109120560", "109120621", "109121640", "110113931", "110116300", "110117200", "110117870", "110118111", "110118181", "110118740", "110120540", "110120560", "110121500", "110121720", "111115620", "111116010", "111120190", "111120320", "112116540", "112117461", "112117660", "112117780", "112117790", "112118161", "112118421", "112118530", "112119500", "112119950", "112120700", "113117401", "113118810", "113120070", "113120260", "113120830", "113121680", "113121810", "113121950"], "labels": [0, 1, 1, 0, 2, 0, 1, 1, 0, 1, 1, 2, 3, 2, 3, 0, 2, 2, 2, 1, 1, 0, 2, 2, 1, 0, 2, 3, 0, 2, 1, 0, 3, 2, 3, 2, 2, 0, 1, 1, 1, 3, 2, 1, 1, 2, 1, 1, 0, 3, 3, 3, 2, 3, 3, 3, 2, 2, 1, 0, 3, 3, 1, 0, 3, 1, 1, 3, 0, 0, 1, 2, 3, 1, 3, 3, 1, 0, 1, 1, 2, 3, 2, 3, 1, 3, 1, 1, 1, 3, 1, 2, 2, 1, 3, 3, 0, 1, 1, 0, 3, 3, 3, 0, 1, 1, 1, 0, 1, 3, 3, 3, 1, 1, 3, 1, 0, 3, 3, 1, 1, 3, 1, 1, 0, 0, 0, 3, 0, 3, 1, 2, 0, 2, 3, 3, 2, 3, 3, 1, 2, 3], "predicted_labels": [3, 3, 3, 0, 3, 0, 3, 1, 3, 2, 0, 1, 3, 3, 0, 1, 0, 0, 0, 0, 3, 3, 2, 2, 0, 0, 0, 3, 3, 0, 0, 0, 0, 1, 3, 3, 2, 1, 1, 1, 1, 0, 0, 0, 1, 3, 3, 0, 3, 3, 0, 0, 3, 3, 3, 0, 0, 1, 1, 3, 1, 0, 0, 0, 0, 1, 3, 3, 1, 1, 0, 1, 3, 0, 3, 1, 0, 3, 0, 2, 1, 1, 2, 3, 0, 1, 0, 1, 3, 0, 0, 0, 3, 1, 3, 0, 0, 1, 0, 0, 0, 2, 3, 0, 0, 2, 0, 3, 1, 1, 0, 3, 0, 0, 0, 1, 3, 0, 1, 0, 1, 3, 3, 0, 0, 3, 0, 3, 0, 0, 1, 1, 0, 1, 0, 3, 2, 0, 1, 1, 1, 3], "confidence_scores": [[0.24779187076286283, 0.26150864641061905, 0.19839198079186615, 0.29230750203465194], [0.2544780148436208, 0.25948602952288463, 0.19578587997495536, 0.29025007565853883], [0.29711654690619077, 0.2724603635586979, 0.12829966201468088, 0.3021234275204303], [0.33299957670466335, 0.2615305242650223, 0.09693585237440723, 0.30853404665590717], [0.23153109748033665, 0.24961409241471594, 0.2287083649222698, 0.2901464451826775], [0.2892231492208435, 0.27443330843192576, 0.14326379601822814, 0.2930797463290027], [0.23759486273773098, 0.2563326240502543, 0.21356811986942206, 0.29250439334259287], [0.18537130917828562, 0.2796049148350619, 0.2729657752245649, 0.26205800076208774], [0.20868817085628996, 0.2680046651881418, 0.25200220198286627, 0.27130496197270193], [0.18339934620922038, 0.24908374684087883, 0.30838563103043504, 0.2591312759194656], [0.2997005558740735, 0.2577527430064364, 0.1678655501088906, 0.2746811510105996], [0.20056951720841837, 0.2728461893215074, 0.26663775443507615, 0.25994653903499804], [0.2955975927957357, 0.2773662124104678, 0.12737642283191014, 0.29965977196188603], [0.2867174222042839, 0.25377201974811786, 0.16873929361122894, 0.29077126443636925], [0.24783309594220973, 0.2549528897079577, 0.22779698659936617, 0.2694170277504663], [0.2436257893135396, 0.2834478659871139, 0.18047402207021498, 0.2924523226291316], [0.27756585960658575, 0.2731911807466394, 0.17520788324597625, 0.2740350764007989], [0.27406394473978224, 0.25835444077383063, 0.20357846091938922, 0.26400315356699805], [0.3029895111547924, 0.27225591229557716, 0.14902006410586227, 0.27573451244376807], [0.31959430143108714, 0.27633078292069235, 0.13186938686229094, 0.2722055287859295], [0.27442934801735924, 0.27966105695880433, 0.15066472483308932, 0.2952448701907468], [0.2970778844605569, 0.28120838546309007, 0.10771196912517668, 0.3140017609511764], [0.13939675305749713, 0.26175230753653284, 0.3343517144043371, 0.26449922500163286], [0.15851824363116904, 0.2550543436688757, 0.35191123238660593, 0.23451618031334887], [0.32132830919990785, 0.2785545938669953, 0.11393697228950449, 0.2861801246435924], [0.2668453187924216, 0.26733930617425977, 0.20922763283646148, 0.25658774219685715], [0.2771566449527009, 0.2677344202281082, 0.17458340240894119, 0.28052553241025], [0.29662657292683964, 0.263667622249719, 0.13500501473164264, 0.3047007900917988], [0.22463584127072694, 0.2524183064868768, 0.22974624290560414, 0.29319960933679234], [0.2665414433518429, 0.2580912197545057, 0.23294520699878163, 0.24242212989486964], [0.3098584004395211, 0.26556404953957075, 0.13126093196387098, 0.2933166180570371], [0.28394894050771224, 0.2723087926311675, 0.15507951681134935, 0.2886627500497709], [0.31546098524619093, 0.29753582312060767, 0.09868827634471566, 0.2883149152884861], [0.2842900683937286, 0.2825418560419906, 0.13809217324375145, 0.29507590232052927], [0.2542317912393389, 0.263421096011985, 0.20355066423787338, 0.2787964485108025], [0.28287410917839484, 0.26486030159969437, 0.15190565537488154, 0.30035993384702914], [0.19089642719229022, 0.24816859100846875, 0.31971644821235123, 0.24121853358688986], [0.20553428785377023, 0.276758943410303, 0.28046787769116654, 0.23723889104476004], [0.2581819858929492, 0.2805594030079884, 0.18179215037881077, 0.2794664607202515], [0.2607125925471864, 0.2839280311709218, 0.17467985948907203, 0.28067951679281955], [0.18715010737611476, 0.28615859620276063, 0.270684238026868, 0.2560070583942568], [0.2896492950069278, 0.2785036829914415, 0.1526303228904378, 0.2792166991111931], [0.29320521839098396, 0.2587770363913301, 0.1643059956082254, 0.2837117496094606], [0.32501538906658706, 0.2668849996526488, 0.08913855253244087, 0.3189610587483234], [0.22582999946082993, 0.2781570341257584, 0.22111689361301193, 0.2748960728003994], [0.24022085851152156, 0.2714406031152037, 0.1957183262374711, 0.2926202121358036], [0.2755797997544322, 0.26509680291716986, 0.1594294514318308, 0.2998939458965674], [0.29602190722274835, 0.2709863470499459, 0.13846345733752294, 0.2945282883897831], [0.2639725888062907, 0.2615711327887864, 0.18025469318295984, 0.2942015852219631], [0.3084650528982596, 0.251964045664595, 0.13654172176983742, 0.3030291796673086], [0.29719111175661084, 0.2807916172065804, 0.133410950705567, 0.2886063203312418], [0.24751743635680984, 0.2632484879963693, 0.2281273174269203, 0.2611067582199007], [0.2624545781108516, 0.24563721147491446, 0.20996110406392043, 0.2819471063503136], [0.2884662216940405, 0.27336761804075443, 0.14136418805134227, 0.29680197221386256], [0.3111845691768507, 0.27682146327099083, 0.09488131271175015, 0.31711265484040846], [0.2871233592762881, 0.27288717601353246, 0.157205637879093, 0.28278382683108655], [0.26469462890478146, 0.26109722269530505, 0.2226230332074746, 0.2515851151924392], [0.23100032596697664, 0.2707735937263581, 0.24494495077132974, 0.2532811295353354], [0.23172051896599918, 0.2852967349484343, 0.2123108791409714, 0.27067186694459544], [0.2891453402108827, 0.26877283168778815, 0.14548042708420222, 0.29660140101712695], [0.30320652227882794, 0.2917626808686432, 0.09666480627834868, 0.30836599057418024], [0.3059720802083655, 0.2789958967663791, 0.12377813987065904, 0.29125388315459605], [0.2686372760474696, 0.266737556047006, 0.19006736408005215, 0.27455780382547257], [0.3172103847586558, 0.2878437188597477, 0.0891150864308098, 0.30583080995078676], [0.29469776308852685, 0.2722854109230709, 0.1514388549611352, 0.2815779710272669], [0.2693405202302114, 0.281535536074899, 0.1592415678882195, 0.2898823758066699], [0.30333536873423594, 0.2786204628986693, 0.11180157795336929, 0.30624259041372537], [0.23730984387002008, 0.2642430880374128, 0.21619959281835452, 0.28224747527421273], [0.2924645309751463, 0.29951124811517066, 0.1129598012749751, 0.29506441963470825], [0.2627338629624549, 0.268913809274773, 0.2030464461645461, 0.2653058815982262], [0.2900486296181259, 0.27470025022262295, 0.15228296584650325, 0.28296815431274813], [0.2519567611276981, 0.27672484285132537, 0.20866252247737238, 0.26265587354360376], [0.2961685530096141, 0.25621761198304566, 0.13850227403167545, 0.30911156097566483], [0.2726991760400832, 0.2673838668396714, 0.19419245898645127, 0.26572449813379406], [0.3026949136088615, 0.28100141081417684, 0.10298506946733832, 0.3133186061096232], [0.25459743717429706, 0.2772118817729998, 0.20926267837475923, 0.258928002677944], [0.26382977794723134, 0.2556480214068806, 0.2188756197452586, 0.2616465809006298], [0.2658457518504324, 0.2750646119382463, 0.1653926853448936, 0.2936969508664277], [0.31520729540934134, 0.26558639732472394, 0.11404948401598274, 0.3051568232499519], [0.17869132289211964, 0.24659961048045373, 0.3282234721808892, 0.24648559444653773], [0.2555069028811775, 0.27947693511104615, 0.2048752721967433, 0.260140889811033], [0.2695665405670576, 0.27555353132894606, 0.17108052572444896, 0.28379940237954737], [0.2310872448386335, 0.24663122539619897, 0.2554693319059745, 0.2668121978591933], [0.2882335762609562, 0.2729977108039203, 0.13546211814359738, 0.3033065947915263], [0.28886787410261444, 0.27376995031458634, 0.1704038109552458, 0.26695836462755335], [0.20233479249948302, 0.2708693601246009, 0.26579090250436027, 0.2610049448715559], [0.2562985117739725, 0.2618296739105884, 0.21487314489033227, 0.2669986694251067], [0.2822357052749889, 0.28055482101615076, 0.1630398731083712, 0.2741696006004889], [0.14928280403818117, 0.2635072355573384, 0.29565758010258925, 0.29155238030189096], [0.32781825993706193, 0.2645351380236984, 0.09912172132531369, 0.30852488071392586], [0.3154486795574132, 0.284191439724849, 0.08948408332180781, 0.3108757973959303], [0.31146683933610814, 0.2816242834028439, 0.10070350606470123, 0.3062053711963467], [0.3030782079157729, 0.283907447098684, 0.10635608757679543, 0.3066582574087474], [0.2579929267431095, 0.27704934062123415, 0.17972853159378052, 0.28522920104187577], [0.256219412922455, 0.2545427864123077, 0.20255601502689197, 0.28668178563834545], [0.3299324516559813, 0.2640551393336995, 0.0994569607601834, 0.3065554482501357], [0.26098901695799176, 0.24476043096274808, 0.20954346291507353, 0.2847070891641871], [0.27944191548636416, 0.28419458870223935, 0.14804357059616535, 0.28831992521523075], [0.31242794625666853, 0.2677263355913133, 0.14875968921854002, 0.2710860289334786], [0.31351658113124725, 0.2913695117893712, 0.1023330975537954, 0.2927808095255863], [0.3053478092700946, 0.2715001993863031, 0.11839590165885672, 0.3047560896847454], [0.2347972867972346, 0.23982151138172264, 0.2778037277661848, 0.2475774740548579], [0.25677442608493156, 0.27031044225740786, 0.18479738347887392, 0.2881177481787868], [0.2980263184384505, 0.27206984801998446, 0.1490672258968878, 0.2808366076446775], [0.30006546170081805, 0.280858465052132, 0.1345069706191097, 0.2845691026279398], [0.14588529140349907, 0.26665565397349134, 0.3383871358643905, 0.24907191875861925], [0.3301576781764214, 0.2812771335045208, 0.10390447055044556, 0.28466071776861257], [0.27393757241624145, 0.2691979299841007, 0.16794285973132883, 0.2889216378683292], [0.30678797384828654, 0.30491744876916543, 0.11019862166103915, 0.2780959557215091], [0.29853823574415694, 0.29847306390621475, 0.11361373369817662, 0.28937496665145174], [0.29520856850187316, 0.27980214574879775, 0.12856886424668165, 0.2964204215026478], [0.2482375830161657, 0.2680789386075564, 0.19468933963950633, 0.28899413873677166], [0.31291490577456715, 0.2878286124058984, 0.09705111969040098, 0.3022053621291335], [0.3106362619584632, 0.2959897049852008, 0.09297972079813174, 0.30039431225820395], [0.31708889722764405, 0.2504819763398398, 0.13988616576109958, 0.29254296067141666], [0.2412429028686654, 0.27712436210934926, 0.22254579209109177, 0.25908694293089346], [0.23080495455353583, 0.26571246314563085, 0.2344041049342564, 0.26907847736657686], [0.30987148131130515, 0.2852458954721261, 0.10306721385683337, 0.30181540935973494], [0.27721283612754016, 0.2749763824015659, 0.17414499544753795, 0.273665786023356], [0.29006391708494883, 0.27543759292841935, 0.15544978316003646, 0.2790487068265956], [0.24581902920998858, 0.2846890057000003, 0.19993917745152645, 0.26955278763848484], [0.2978960439088759, 0.2713242410639126, 0.13008890706337367, 0.30069080796383757], [0.29318497278199396, 0.2773742726673305, 0.12687704943491251, 0.30256370511576325], [0.30482893864233734, 0.297732102102343, 0.09576962502261845, 0.3016693342327014], [0.3165933441999557, 0.2716865535736552, 0.10258181596716491, 0.3091382862592244], [0.26470415172425543, 0.26585945350702755, 0.1735164282111037, 0.29591996655761343], [0.30151607070916253, 0.2762660993871261, 0.1361000220317381, 0.28611780787197333], [0.29727454005167114, 0.2532667319312126, 0.15401867044276746, 0.29544005757434866], [0.314338370893563, 0.26860503891690873, 0.12167026531461753, 0.2953863248749109], [0.3192389694588615, 0.2697333016930675, 0.10689456889351963, 0.30413315995455126], [0.2521433209575271, 0.2899654897064034, 0.20717345054285372, 0.2507177387932158], [0.23107231640690754, 0.2812915119813905, 0.2572163050999386, 0.23041986651176322], [0.31971098497467604, 0.27582374826276546, 0.10772211307454123, 0.29674315368801724], [0.27514085579420827, 0.2832183763494046, 0.16040717796094672, 0.28123358989544023], [0.2812168041000052, 0.27732398307283745, 0.15314736299830115, 0.2883118498288562], [0.2853940700093535, 0.2832288742567205, 0.12955973331724452, 0.30181732241668136], [0.15085396392819278, 0.23531942925220922, 0.4026849108590117, 0.21114169596058638], [0.2826263539957317, 0.2598517275420797, 0.19573193289464016, 0.2617899855675483], [0.2381354143435106, 0.27801090113304994, 0.21363218052806648, 0.270221503995373], [0.23764047314904982, 0.2798617728771313, 0.2063274076722711, 0.2761703463015478], [0.20861532400141433, 0.28387019512820616, 0.27499512348589134, 0.23251935738448812], [0.24466470304875088, 0.2587942357177986, 0.22255200126353128, 0.27398905996991924]]}}