{"test": {"ids": ["111116170", "97109080", "112117431", "110118161", "97105580", "97107681", "112118550", "111119580", "105121370", "105116441", "109118231", "108120700", "111116090", "100120010", "111121410", "99108080", "110116170", "110120531", "112120700", "104113190", "103118291", "107118490", "103112470", "108120621", "109118701", "101114990", "97116401", "111115620", "104112470", "113119320", "100109910", "110114950", "97112170", "103113210", "99108460", "113122430", "110117080", "108113620", "111119300", "106119990", "112119610", "113120280", "106117790", "101108290", "112121010", "98110710", "103113101", "102116500", "103111110", "98108580", "98112170", "105113440", "106120640", "108118630", "98106560", "97105760", "111119250", "109116810", "112116640", "103111170", "104117200", "113121410", "113122170", "101114020", "113120830", "100108260", "108114220", "98117740", "111119340", "107114200", "111120260", "97105451", "107114621", "108114200", "111121351", "112120630", "97116790", "112119320", "101108580", "106119580", "101116130", "110118111", "113122180", "105118230", "98109090", "109115211", "112117571", "97116410", "105115250", "113119340", "99109910", "110118121", "97107040", "101115190", "102109850", "112120290", "110113591", "104114240", "99107640", "98111231", "113120780", "110114651", "106116820", "100110260", "110115710", "108117720", "113118490", "109113931", "101112160", "107112840", "105120280", "106119260", "103120531", "108114270", "107113550", "97110950", "106115240", "111120280", "105111990", "112118880", "104116441", "105115570", "113121220", "103118110", "109114720", "111117000", "104114320", "110116290", "104113170", "108119550", "102121700", "101112540", "103111480", "113122220", "108119510", "112116451", "98107380", "101108500", "98110810", "98116940", "99109370", "102114270"], "labels": [0, 2, 0, 0, 1, 3, 3, 3, 2, 1, 1, 2, 3, 0, 0, 3, 0, 0, 2, 3, 0, 2, 1, 1, 3, 3, 3, 1, 1, 1, 2, 0, 0, 3, 0, 2, 1, 3, 1, 0, 0, 0, 1, 0, 2, 2, 3, 1, 3, 0, 3, 0, 3, 1, 1, 0, 1, 3, 0, 2, 3, 0, 1, 3, 3, 3, 3, 2, 3, 2, 3, 0, 0, 0, 0, 3, 2, 1, 0, 3, 2, 1, 2, 1, 1, 0, 3, 3, 2, 0, 2, 3, 2, 1, 1, 1, 0, 0, 1, 1, 0, 3, 1, 3, 2, 1, 1, 1, 3, 1, 3, 1, 3, 3, 0, 3, 1, 0, 2, 1, 1, 0, 3, 2, 0, 0, 2, 2, 3, 1, 1, 2, 0, 1, 1, 0, 1, 3, 1, 2, 1, 3], "predicted_labels": [1, 1, 0, 2, 0, 2, 0, 0, 2, 1, 1, 3, 3, 0, 3, 0, 1, 1, 3, 1, 0, 1, 0, 0, 0, 2, 2, 0, 3, 0, 2, 0, 0, 3, 3, 3, 2, 1, 3, 1, 3, 3, 3, 3, 0, 0, 3, 2, 3, 0, 3, 3, 1, 3, 3, 3, 3, 1, 3, 1, 1, 3, 2, 3, 2, 1, 2, 1, 3, 1, 0, 1, 1, 0, 1, 0, 3, 1, 2, 3, 1, 0, 3, 1, 2, 1, 3, 2, 2, 0, 0, 1, 2, 3, 2, 2, 0, 1, 3, 1, 1, 1, 0, 1, 3, 0, 3, 2, 3, 1, 2, 0, 2, 0, 2, 0, 0, 1, 3, 0, 3, 1, 2, 1, 2, 3, 2, 2, 2, 0, 1, 1, 1, 1, 2, 2, 3, 0, 1, 3, 3, 1], "confidence_scores": [[0.011370304290684892, 0.5895143428050323, 0.003884922931528079, 0.39523042997275476], [0.0005394918076482538, 0.9417563074859661, 0.03585035193711129, 0.02185384876927442], [0.7607465092072753, 0.01185793148200394, 0.18291214519050544, 0.04448341412021536], [0.19165088007622694, 0.14642634079039182, 0.44064507477134623, 0.22127770436203498], [0.505714530336206, 0.2220063547348515, 0.13273309978424017, 0.13954601514470238], [0.0037212737297190293, 0.00564901093095804, 0.8261747489133576, 0.16445496642596544], [0.9533441016650127, 0.0425344297902847, 0.0034658897796763294, 0.0006555787650263281], [0.9408076904855416, 0.008405072872954299, 0.04941108501303821, 0.0013761516284659927], [0.000203644075919656, 0.327259305937114, 0.6721223246390088, 0.00041472534795744564], [0.07420791935269547, 0.8960727390204882, 0.001319332481545557, 0.02840000914527078], [0.44113013271095575, 0.462714410883248, 0.0796111277695072, 0.016544328636289175], [0.011506119821498469, 0.010474792777424063, 0.0021640787644465723, 0.9758550086366309], [0.08069045828518703, 0.0015747866253697075, 0.00010316290129308095, 0.9176315921881503], [0.5644594734657792, 0.1309523299658635, 0.2596942375371582, 0.04489395903119904], [0.001833961612559195, 0.00542502732658059, 0.003742427712242215, 0.988998583348618], [0.9280232879444211, 0.0006976930355893529, 0.0005039114943605271, 0.07077510752562896], [0.0002304359487925619, 0.9925225179605612, 3.358865328514691e-05, 0.00721345743736118], [0.09680324691348731, 0.7973548317477107, 5.971886506060368e-06, 0.10583594945229585], [0.023825978478636586, 0.051287938301269397, 0.14732653242492852, 0.7775595507951655], [0.0481784695065917, 0.9472512674650303, 0.00031583734429775406, 0.004254425684080227], [0.682065479570247, 0.2697071726836059, 0.04310782667096898, 0.005119521075177989], [0.007520751847239999, 0.950849581523092, 0.03766858883343521, 0.003961077796232801], [0.938474834773773, 0.01735863326816019, 0.04002364774617887, 0.004142884211887899], [0.8139418912357904, 0.09939953127088044, 0.06056044089314792, 0.026098136600181163], [0.5641582582773983, 0.0031309039140184234, 2.830320713438827e-05, 0.4326825346014489], [0.009640106000736599, 0.3933512072727216, 0.5389176742389341, 0.058091012487607625], [0.06304120247493734, 0.04239752710947368, 0.8623760167819898, 0.03218525363359926], [0.4259020092335821, 0.19718513089169776, 0.04324906520389143, 0.3336637946708286], [0.0003863758643015127, 8.83794461896969e-05, 0.0006802704771976377, 0.9988449742123111], [0.9665971271896876, 0.016599568668532447, 0.00026506544152930345, 0.016538238700250573], [0.09919683528271976, 0.3132627325297963, 0.5704603450515552, 0.017080087135928727], [0.8417820048462317, 0.02648223921926584, 0.1107942640851782, 0.020941491849324166], [0.8227004733842487, 0.01229944452705261, 0.03184533726908137, 0.13315474481961734], [0.03196261093566963, 0.0802872797504696, 0.005616626282468179, 0.8821334830313925], [0.0018453347881915033, 0.0067905236530921035, 0.000570205325677462, 0.9907939362330389], [0.0033886303149030894, 0.4423621765443521, 0.06086808304383418, 0.4933811100969106], [0.01695031928808679, 0.0005119585946469352, 0.8582380613567141, 0.12429966076055216], [0.073433554065875, 0.878236233831113, 0.004857971606440232, 0.04347224049657179], [0.0033856692168284844, 0.0009632904892717803, 0.0003188155210284635, 0.9953322247728713], [0.010374001126778271, 0.7777105317658911, 0.03713632362750175, 0.17477914347982884], [0.07225119357251904, 0.16345300633132487, 0.050407757127786036, 0.7138880429683702], [0.009522338618646034, 0.001501320488163634, 0.0027393834178497988, 0.9862369574753407], [0.02028876632803748, 0.06541000087867312, 0.30914645366356025, 0.6051547791297291], [0.23019637363178122, 0.235668763903019, 0.004450498784238284, 0.5296843636809615], [0.3327934015063399, 0.10026727241435615, 0.27437151146224326, 0.29256781461706066], [0.6731723529683269, 0.2868771995491842, 0.01292910495572346, 0.027021342526765375], [0.001505792828483061, 0.0034339438208524924, 0.08806309652693055, 0.9069971668237338], [0.0004965095725899254, 0.016503490428040987, 0.9819931789430087, 0.0010068210563602496], [0.1277774967179509, 0.008954590940503035, 0.023304618616482337, 0.8399632937250637], [0.7521679619155449, 0.24361788721419683, 0.0031640509073697014, 0.0010500999628884615], [0.002136579104972485, 1.5630815581308785e-05, 0.007100051832412083, 0.9907477382470342], [0.09005626532771949, 0.3718563520567881, 0.03645998700021541, 0.501627395615277], [0.1386084456223645, 0.7957246122918417, 0.009362092428629907, 0.05630484965716399], [0.006220316463241432, 0.27592545594496526, 0.02489211135269415, 0.6929621162390992], [0.09314146975990355, 0.1051353675392795, 0.07720297316927358, 0.7245201895315433], [0.009379598261957278, 0.013354978555334159, 0.4857102546171294, 0.491555168565579], [0.005562779431228706, 0.0671412648451967, 0.20057738900088318, 0.7267185667226914], [0.1236206763636872, 0.8344866470431255, 0.020116035281339404, 0.021776641311847946], [0.08814108281212372, 0.04576581227951759, 0.3288770580706482, 0.5372160468377104], [0.3417930807994792, 0.6399580272554113, 0.014534551137696949, 0.003714340807412694], [0.0005073876311068472, 0.9755114130238882, 0.00211712737405723, 0.021864071970947706], [0.008917303458987466, 0.42966492264311434, 0.001106497953712367, 0.5603112759441858], [0.0018572648471411814, 0.35602953072257865, 0.5402975854563264, 0.10181561897395364], [0.07754873528632994, 0.014342274394370629, 0.06234533824403092, 0.8457636520752685], [0.28039469615887086, 0.03646757158592317, 0.6772663468305185, 0.0058713854246875054], [0.018420743414085526, 0.9206036421587799, 0.04069502410395893, 0.02028059032317563], [0.11010969571599105, 0.12479728637235171, 0.7625590935414113, 0.0025339243702458742], [0.0009634901916777809, 0.7554913370241744, 0.09250938737037112, 0.15103578541377674], [0.08985094770582117, 0.2619542156556149, 0.015420681451679193, 0.6327741551868847], [0.11385535723363403, 0.8670621302132349, 5.976694421681775e-05, 0.019022745608914204], [0.9610046257836096, 0.023533406672946504, 0.00025257647965024234, 0.01520939106379371], [0.07121277825183808, 0.6389179929500626, 0.18168702104690979, 0.10818220775118954], [0.07115794655785777, 0.6331580143794272, 0.012240614400537406, 0.2834434246621777], [0.9381678822176804, 0.0011211497967750733, 0.009761852709298673, 0.05094911527624568], [0.23871586624015878, 0.47564083886189695, 0.00210830269418257, 0.2835349922037618], [0.5544355462802509, 0.011792386417167148, 0.21140403011539796, 0.22236803718718393], [0.0133652167900493, 0.025248763860571583, 0.18249929437174126, 0.7788867249776379], [0.0002990288633890587, 0.5243143596302201, 0.4157197363328087, 0.05966687517358219], [0.02643163972469941, 0.0008489617545543852, 0.9540198092403946, 0.01869958928035148], [0.011145039654690107, 0.06410822380402048, 0.09093876810907106, 0.8338079684322183], [0.2532342402967914, 0.424752780623652, 0.16970290902741458, 0.1523100700521419], [0.715484746495364, 0.01773935023945598, 3.774188817612672e-05, 0.26673816137700396], [4.098294709706383e-05, 0.031134615787572584, 0.02429833880777974, 0.9445260624575506], [0.010928758008256444, 0.6240383811363258, 0.2501685768385234, 0.11486428401689443], [0.00619465473534894, 0.22591931539929036, 0.7402720451134922, 0.027613984751868426], [0.04178840747248832, 0.8309280431353584, 0.049460362015959, 0.07782318737619448], [0.04101591697995126, 0.0015361982843414548, 0.00036112908957586205, 0.9570867556461314], [0.0033903267108823633, 0.03750631606164865, 0.9577946213541942, 0.0013087358732746547], [0.0019198640219600844, 0.01887141343196899, 0.948957469320665, 0.030251253225405995], [0.8955493666681918, 0.08867632981638411, 5.5755869373461964e-05, 0.015718547646050525], [0.7186780343194363, 0.1665218076354488, 0.11403401239453748, 0.0007661456505775295], [0.0010642419413552698, 0.9775034532908253, 0.0011659184080991835, 0.020266386359720206], [0.01438762737616147, 0.010336761281116364, 0.6782238283708725, 0.29705178297184964], [0.024536587836488176, 0.05270374047401702, 0.12018604477174201, 0.8025736269177528], [0.012968302103618686, 0.20655048393025488, 0.749106716884043, 0.03137449708208352], [0.09990364501340411, 0.2164806305160365, 0.5182663269004436, 0.16534939757011582], [0.8447009813771835, 0.004827754825221927, 0.0004781258629328305, 0.14999313793466185], [0.1369428335694758, 0.765812373680269, 0.08871412992142749, 0.008530662828827676], [0.03393579174480533, 0.009106926082436654, 0.027456552324719913, 0.9295007298480382], [0.004282524635504937, 0.9762460600983042, 0.01335940034584154, 0.006112014920349277], [0.10441868676642395, 0.5051779159796781, 0.3636012153783037, 0.0268021818755943], [0.017074475396870722, 0.903004957467801, 0.003869865663013214, 0.07605070147231513], [0.8732540373635738, 0.060688757845379984, 0.0019274053133831858, 0.06412979947766322], [0.12394916036155498, 0.8501658168142406, 0.01303028948101322, 0.01285473334319117], [0.008558549040794177, 0.2267546013095307, 0.24113434759829336, 0.5235525020513818], [0.36901196283513116, 0.23898427300850456, 0.034864901095598755, 0.35713886306076553], [0.058453977746602076, 0.04264304033470027, 0.23289320605414918, 0.6660097758645485], [0.07846238459667856, 0.3414158049057344, 0.5258676581332102, 0.054254152364376744], [0.005177765527427194, 0.12066974702200821, 0.010741405408361021, 0.8634110820422035], [0.003643482918195361, 0.9595333500047274, 0.014951737792291914, 0.02187142928478541], [0.004392811008431173, 0.0009215789951860663, 0.9925569208663576, 0.00212868913002514], [0.8988037029163635, 0.007635929214863089, 0.08483937482476876, 0.008720993044004583], [0.022425893132368514, 0.06182064581290143, 0.7467547041707796, 0.16899875688395047], [0.8727318244779279, 0.07943207966880907, 0.00033312058375844654, 0.04750297526950465], [0.1263733517594067, 0.04378919677923534, 0.790894710304167, 0.03894274115719096], [0.5413025504608301, 0.008181105637089774, 0.023911767597225447, 0.42660457630485477], [0.5275171068818558, 0.4232575368139917, 0.048145878104784656, 0.0010794781993678888], [0.21776182696970353, 0.42919616846257636, 0.04759958520310901, 0.30544241936461125], [0.06921880217292367, 0.0004945763722370973, 0.00034420516286779807, 0.9299424162919715], [0.488825306281095, 0.4462861275501165, 0.03881786564347194, 0.026070700525316515], [0.05530724282062647, 0.08754385604986296, 0.003036607564659798, 0.8541122935648507], [0.05717797056464911, 0.6643351344972579, 0.1914917953496214, 0.0869950995884715], [0.0001463461510438667, 0.17100140050013496, 0.7933162805743402, 0.03553597277448096], [0.02308804512380632, 0.8384764227112182, 0.07138865198749528, 0.06704688017748014], [0.06692226681885613, 0.1527184281326824, 0.4720329506978139, 0.3083263543506476], [0.06245564948348661, 0.12052068197955235, 0.0028011988654437063, 0.8142224696715173], [0.04488100935370661, 0.1272308989964581, 0.7730328978739683, 0.05485519377586699], [0.043868176090572544, 0.0948036459778174, 0.8565634053793809, 0.004764772552229123], [0.0029040599048203906, 0.46119088877806663, 0.5336303750221743, 0.002274676294938615], [0.6264529641657306, 0.018518409234391818, 0.05680307589720552, 0.29822555070267204], [0.0637791986163038, 0.9334137083544933, 0.0013821874618707233, 0.0014249055673321953], [0.01894940001185377, 0.8975444102992443, 0.015957282300278892, 0.06754890738862314], [0.15623439819087062, 0.7097434480894438, 0.05649649164233418, 0.07752566207735144], [0.028306379677078605, 0.8993014389298494, 0.00021752105759004065, 0.07217466033548206], [0.1113558976391441, 0.017705752336401825, 0.851933389565488, 0.019004960458965967], [0.09162872443735426, 0.2881301530353856, 0.34059043539337086, 0.27965068713388924], [0.014398625773336176, 0.011954538462487407, 0.46864173033740886, 0.5050051054267676], [0.681356143443247, 0.1719763196875981, 0.1406667399311856, 0.0060007969379692345], [0.041470643183259416, 0.9570591656155186, 0.0012344744995293276, 0.0002357167016925215], [0.14085551153234513, 0.16258684827809536, 0.09398686601487836, 0.6025707741746812], [0.007071169680045124, 0.14295874939900813, 0.14240998419363943, 0.7075600967273074], [0.09421823882492644, 0.6527917650649566, 0.0004792683510722073, 0.2525107277590447]]}, "rewritten": {"ids": ["97105451", "97105580", "97105760", "97107040", "97107681", "97109080", "97110950", "97112170", "97116401", "97116410", "97116790", "98106560", "98107380", "98108580", "98109090", "98110710", "98110810", "98111231", "98112170", "98116940", "98117740", "99107640", "99108080", "99108460", "99109370", "99109910", "100108260", "100109910", "100110260", "100120010", "101108290", "101108500", "101108580", "101112160", "101112540", "101114020", "101114990", "101115190", "101116130", "102109850", "102114270", "102116500", "102121700", "103111110", "103111170", "103111480", "103112470", "103113101", "103113210", "103118110", "103118291", "103120531", "104112470", "104113170", "104113190", "104114240", "104114320", "104116441", "104117200", "105111990", "105113440", "105115250", "105115570", "105116441", "105118230", "105120280", "105121370", "106115240", "106116820", "106117790", "106119260", "106119580", "106119990", "106120640", "107112840", "107113550", "107114200", "107114621", "107118490", "108113620", "108114200", "108114220", "108114270", "108117720", "108118630", "108119510", "108119550", "108120621", "108120700", "109113931", "109114720", "109115211", "109116810", "109118231", "109118701", "110113591", "110114651", "110114950", "110115710", "110116170", "110116290", "110117080", "110118111", "110118121", "110118161", "110120531", "111115620", "111116090", "111116170", "111117000", "111119250", "111119300", "111119340", "111119580", "111120260", "111120280", "111121351", "111121410", "112116451", "112116640", "112117431", "112117571", "112118550", "112118880", "112119320", "112119610", "112120290", "112120630", "112120700", "112121010", "113118490", "113119320", "113119340", "113120280", "113120780", "113120830", "113121220", "113121410", "113122170", "113122180", "113122220", "113122430"], "labels": [0, 1, 0, 2, 3, 2, 3, 0, 3, 3, 2, 1, 1, 0, 1, 2, 1, 1, 3, 2, 2, 1, 3, 0, 1, 2, 3, 2, 3, 0, 0, 3, 0, 3, 2, 3, 3, 1, 2, 1, 3, 1, 1, 3, 2, 0, 1, 3, 3, 2, 0, 3, 1, 3, 3, 0, 2, 1, 3, 2, 0, 2, 0, 1, 1, 3, 2, 1, 1, 1, 1, 3, 0, 3, 1, 0, 2, 0, 2, 3, 0, 3, 3, 1, 1, 1, 1, 1, 2, 1, 0, 0, 3, 1, 3, 0, 3, 0, 2, 0, 2, 1, 1, 3, 0, 0, 1, 3, 0, 0, 1, 1, 3, 3, 3, 0, 0, 0, 0, 0, 0, 3, 3, 1, 1, 0, 1, 3, 2, 2, 1, 1, 0, 0, 0, 3, 3, 0, 1, 2, 1, 2], "predicted_labels": [3, 0, 3, 2, 3, 3, 3, 0, 2, 2, 2, 0, 2, 0, 2, 0, 1, 0, 3, 2, 3, 3, 0, 3, 3, 2, 1, 2, 0, 2, 0, 0, 0, 3, 2, 0, 2, 2, 0, 2, 1, 2, 0, 3, 0, 0, 0, 2, 2, 3, 0, 1, 3, 1, 0, 0, 0, 3, 1, 3, 0, 2, 1, 0, 3, 2, 1, 0, 0, 0, 0, 3, 2, 1, 0, 0, 0, 1, 2, 0, 0, 2, 0, 0, 3, 2, 3, 0, 3, 0, 2, 3, 0, 1, 0, 0, 0, 0, 0, 3, 0, 3, 0, 1, 1, 0, 0, 0, 3, 3, 2, 3, 1, 0, 0, 3, 3, 3, 1, 3, 3, 3, 0, 0, 3, 3, 0, 3, 3, 0, 0, 0, 0, 0, 1, 2, 2, 3, 2, 3, 3, 3], "confidence_scores": [[0.014917580859475988, 0.2072406055062758, 0.037955696439889, 0.7398861171943593], [0.8898806259222684, 0.027351783578628806, 0.06474376780460739, 0.018023822694495435], [0.09071709236541306, 0.001210093394997014, 0.2723483081840426, 0.6357245060555473], [0.0065096724685199175, 0.0010192535970220723, 0.8001609623497427, 0.19231011158471528], [0.022019206471698867, 0.0013547459263635506, 0.32335064689021387, 0.6532754007117237], [0.013903938638413623, 0.05765334262652646, 0.09700855290366858, 0.8314341658313914], [0.08204043915774586, 0.0404466161177128, 0.2675615636036251, 0.6099513811209162], [0.9413940325048558, 0.0005326918592104394, 0.013000292260542584, 0.04507298337539102], [0.003133078090337784, 0.007473101708276759, 0.9748225645176606, 0.014571255683724992], [0.18349283381753795, 0.19785538421276228, 0.6132388062775744, 0.005412975692125419], [0.11490969849491234, 0.0028868981304135716, 0.46717743197478817, 0.41502597139988606], [0.5223115298039438, 0.008108753281607014, 0.019772888136001563, 0.4498068287784477], [0.24224548738677212, 0.000993300949385156, 0.6802093503918218, 0.07655186127202082], [0.9737072351985597, 0.01944705855418899, 0.0025259963051769835, 0.004319709942074163], [0.06786149246351697, 0.012203570303916412, 0.9181392420611836, 0.0017956951713831283], [0.7339088279831669, 0.1738836844657189, 0.042984539553580066, 0.0492229479975341], [0.3590752878168545, 0.6112800983656338, 0.020028167768848807, 0.009616446048662984], [0.8154695409222414, 0.17541049218220184, 0.007969576064339668, 0.0011503908312168799], [0.04346001254956992, 0.00013284688978083082, 0.021879903461094766, 0.9345272370995544], [0.18520276425795684, 0.20747876701327286, 0.5344942717470557, 0.07282419698171463], [0.024124219946853872, 0.046840970169403015, 0.10439190044147706, 0.824642909442266], [0.04828695633128933, 0.008848214279575575, 0.11988216852009548, 0.8229826608690396], [0.8654021801697611, 0.002550042315633047, 0.0018134030037245258, 0.13023437451088118], [0.00011746194361451348, 5.097458182864148e-05, 2.0971119112435884e-05, 0.9998105923554444], [0.05568829507115299, 0.07285981238531249, 0.08019691148600211, 0.7912549810575324], [0.0241367179837937, 0.0007216355839845447, 0.9750434116488302, 9.82347833915404e-05], [0.2289626301302337, 0.6407599021731836, 0.11662856817895215, 0.013648899517630658], [0.38274334433862606, 0.017909344209665924, 0.5848817774412559, 0.014465534010452159], [0.7752084119843468, 0.18807235632568037, 0.022020025324472992, 0.014699206365499953], [0.1258480825547191, 0.01441548041738605, 0.8475906282545923, 0.01214580877330249], [0.7283570432256504, 0.006399317507569209, 0.019889523503892104, 0.24535411576288824], [0.5383639466738741, 0.04653739372537079, 0.3909233519029256, 0.02417530769782961], [0.4958132189099818, 0.0004411136291135664, 0.33531388173278, 0.16843178572812462], [0.28033357469783726, 0.11587698895930276, 0.10249929229595015, 0.5012901440469097], [0.27154197966244464, 0.006332499399186122, 0.6782830306382521, 0.04384249030011718], [0.5274399114316244, 0.010698309054271708, 0.015463775807058962, 0.44639800370704474], [0.0004887247715570102, 0.09561949068484468, 0.8769923929107794, 0.026899391632818976], [0.027787881449792187, 0.007153395161793879, 0.8584204405730804, 0.10663828281533352], [0.4382348508143076, 0.035003528407588635, 0.15140123233921138, 0.37536038843889247], [0.08937155848846333, 0.2709106823511705, 0.6202070483441342, 0.019510710816231944], [0.23498852043272458, 0.7081621133480099, 0.00016174858740360535, 0.0566876176318619], [0.018505625379594326, 0.03250529451125189, 0.9413279101716504, 0.00766116993750334], [0.5298712332479827, 0.46775555380316186, 0.0023455410713909834, 2.767187746446431e-05], [0.03588843810909656, 0.024179944699332826, 0.0012325455760526167, 0.9386990716155179], [0.5637296970994863, 0.0918514139022133, 0.3271674381598292, 0.01725145083847129], [0.9572884247213976, 0.02395407362642552, 0.005134943747983131, 0.013622557904193838], [0.9772880147626983, 0.0004168525813028753, 0.020249730154223062, 0.0020454025017756458], [0.007150427553752185, 0.020298962323894144, 0.587876576008904, 0.38467403411344964], [0.39913810093060076, 0.002013909222054335, 0.5727808426399353, 0.026067147207409495], [0.039039823994908136, 0.07627671737543766, 0.2900813200634311, 0.5946021385662231], [0.8261881571168663, 0.08809172149521412, 0.008451442186516922, 0.07726867920140264], [0.20645033131687593, 0.28289518306228234, 0.24073879117769398, 0.2699156944431477], [0.021244179458881685, 0.000469498426991658, 0.0036857936725036566, 0.974600528441623], [0.0011427487757657755, 0.50908093920136, 0.4526036418712509, 0.03717267015162329], [0.5842510569254763, 0.2636573097268153, 0.036863745995180455, 0.11522788735252788], [0.6698155505229998, 0.18537714554219686, 0.0920131238931434, 0.052794180041660095], [0.9858999208805882, 0.0015302376182126905, 0.012361426902677537, 0.00020841459852143272], [0.06447413781757916, 0.0033388951082023656, 0.00022095236168412187, 0.9319660147125344], [0.2668325835677473, 0.6730055284090034, 0.029434353935116734, 0.030727534088132436], [0.3070176476923285, 0.0012717098331501936, 0.006369787229596734, 0.6853408552449247], [0.3988514363851688, 0.21492870993150842, 0.1434874983218413, 0.24273235536148166], [0.22911236895062678, 0.2114620895833872, 0.30859466295973126, 0.2508308785062548], [0.07627585636570518, 0.8276811764916149, 0.07986528151601997, 0.016177685626659954], [0.3193579241736875, 0.2917254216623188, 0.22375449223153304, 0.1651621619324607], [0.02380551123739894, 0.002175148847854252, 0.12639364385262472, 0.847625696062122], [0.01216701312103747, 0.0005658587317930355, 0.983418448467589, 0.00384867967958057], [0.023299669695882895, 0.5859778533607425, 0.38584169304186255, 0.0048807839015121285], [0.6946780387981384, 0.28686254971812525, 0.017859931226290267, 0.0005994802574458753], [0.9721804204801481, 0.024066376936847628, 0.0001323386536426294, 0.0036208639293617345], [0.6799719144934642, 0.030299248330907348, 0.18352093206525802, 0.10620790511037055], [0.9908869501647022, 7.030885667730167e-05, 0.008262127033833555, 0.0007806139447871087], [0.19408764016579885, 0.017763266077581583, 0.015182916754568468, 0.7729661770020511], [0.07428112214273386, 0.4134462682532484, 0.48066274326072245, 0.03160986634329523], [0.1575520666244631, 0.5592203098404588, 0.07937820148306936, 0.20384942205200876], [0.36791536362728205, 0.31352459592158455, 0.07847936390197575, 0.24008067654915755], [0.8965067361262271, 0.023451987105210306, 0.07295299047829243, 0.0070882862902701075], [0.7762762384289712, 0.2147403417171151, 0.004827502258131013, 0.004155917595782653], [0.02252261085464379, 0.6249947915387599, 0.00978889162235568, 0.34269370598424065], [0.10437441345872192, 0.41798713931968257, 0.4552932904517713, 0.022345156769824032], [0.5011961614191617, 0.3575434521521358, 0.008577702498134873, 0.13268268393056754], [0.990969412524372, 0.0008716208658329066, 0.0002622924374931879, 0.007896674172301959], [0.03870033843751791, 0.06065020092520628, 0.8984055497059662, 0.0022439109313094753], [0.9217086643243103, 0.06763278749024225, 0.0017609635710178503, 0.008897584614429705], [0.48692666946582197, 0.23900293650885265, 0.14318401527446778, 0.13088637875085768], [0.004284215282347722, 0.13416574899559566, 0.11981321167791394, 0.7417368240441427], [0.04895281933349238, 0.013808991739740562, 0.9311377221933599, 0.006100466733407146], [0.4248729169357245, 0.006287226932029122, 0.009172045439208546, 0.5596678106930378], [0.9772394616129421, 0.008042764042366235, 0.01244449800465106, 0.0022732763400406266], [0.03278232430776071, 0.05544965408727701, 0.03398349532171201, 0.8777845262832502], [0.6726657425073619, 0.03068296143303331, 0.0018544472726472498, 0.29479684878695755], [0.15121108401450967, 0.11553052122369918, 0.5125994088771787, 0.22065898588461255], [0.3726960756196448, 0.032551584273583324, 0.020833781018921103, 0.5739185590878508], [0.7166344800247675, 0.22113225639827996, 0.036207706608634545, 0.026025556968317865], [0.04960834488250618, 0.8819022485049798, 0.02207734593845286, 0.04641206067406109], [0.7593919369757104, 0.0028629251664145402, 0.0003143596530032318, 0.23743077820487177], [0.9906464821202086, 3.4205043851382536e-05, 2.2159276011002606e-06, 0.009317096908338967], [0.696151241907079, 0.27085248606927004, 0.008620381481503663, 0.024375890542147345], [0.9844788156287982, 0.0007396128499304541, 0.003052945323031204, 0.011728626198239998], [0.5998376798527209, 0.34602661188490613, 0.03443028318311504, 0.01970542507925795], [0.3710898959071012, 0.09190726717241604, 0.009409219174264394, 0.5275936177462184], [0.8875942865727724, 0.021243324268338123, 0.08439684339451078, 0.006765545764378766], [0.03809662858019439, 0.005196828537167259, 0.06087606648264944, 0.8958304763999888], [0.5649957664855018, 0.11995628755263492, 0.012900436246399345, 0.3021475097154639], [0.014469705723316142, 0.6590603738242802, 0.000451009213237097, 0.32601891123916643], [0.0608275695706055, 0.631335005275435, 0.010856201874632015, 0.2969812232793275], [0.5622140764670414, 0.13244927280005292, 0.00018136341114670536, 0.305155287321759], [0.5046468689586073, 0.030078839124132457, 0.02457783781910782, 0.4406964540981524], [0.8818744290550049, 0.0001027817900660725, 2.304188238643858e-05, 0.11799974727254248], [0.114403696286584, 0.3250015643041229, 0.0007518597692769114, 0.5598428796400161], [0.04868268419501521, 0.006661162416779538, 0.008889787912600203, 0.9357663654756051], [0.2252891975795128, 0.037117941759185855, 0.6217777691522923, 0.11581509150900902], [0.001743162330712498, 8.199187624376064e-05, 0.00017879874627509587, 0.9979960470467687], [0.02057155935110023, 0.5901351437869832, 0.003048353173664748, 0.38624494368825174], [0.9875143276672859, 0.000390841329446931, 0.01084899637188858, 0.0012458346313784958], [0.9141466361662139, 0.07965680348998201, 9.29230413567574e-05, 0.006103637302447396], [0.15508603622404216, 0.052042095822222, 0.00631532078929744, 0.7865565471644383], [0.4373046941795103, 0.03117619179186061, 0.0022876177658163457, 0.5292314962628127], [0.3651812573993888, 0.2332576197328781, 0.002965811742655106, 0.398595311125078], [0.15100851599822485, 0.7188477871024544, 0.015261842010976991, 0.11488185488834368], [0.3395512172639671, 0.0365969996458537, 0.04642501813142809, 0.5774267649587511], [0.35610937529193726, 0.0027424336499561786, 0.09094083947959766, 0.550207351578509], [0.002063804859238296, 0.003532703247392979, 5.181662398815435e-05, 0.9943516752693805], [0.9977672851012899, 0.0011974925047408555, 0.0009330891824070466, 0.00010213321156237002], [0.836777860942642, 0.04124070773910163, 0.025183798132134075, 0.09679763318612235], [0.0003796094283661042, 0.04074098880994832, 0.29819299817749306, 0.6606864035841924], [0.11650798014659709, 0.0026458337112644963, 0.017655430787882873, 0.8631907553542556], [0.5677718379649572, 0.06276398317606374, 0.322078044531934, 0.047386134327045054], [0.09546577073967905, 0.03348527799121494, 0.07460769650087463, 0.7964412547682314], [0.07788649993739209, 0.04381301385408538, 0.05890957150086385, 0.8193909147076587], [0.8636779514929342, 0.024642252134134388, 0.024081114524844793, 0.0875986818480865], [0.6115460473039194, 0.013738694246834542, 0.062352121609492515, 0.3123631368397536], [0.9644080567875495, 0.0009204861862881213, 0.00012882854530064247, 0.03454262848086168], [0.9996321895240965, 0.00024384844609051426, 5.363107812624669e-07, 0.00012342571903165922], [0.8549199700637429, 0.0014743206525153763, 0.0004962330604683503, 0.14310947622327347], [0.174589094084502, 0.392789506531005, 0.3238787802456648, 0.10874261913882823], [0.353505812472307, 0.004192141572166091, 0.633976094840848, 0.008325951114678841], [0.00046779357099150894, 0.006808114945205172, 0.9379267778980322, 0.05479731358577112], [0.10522829891033236, 0.1204385017336472, 0.00018868286776383672, 0.7741445164882567], [0.016668722171242576, 0.005377707569443416, 0.9469205885448496, 0.031032981714464537], [0.0016412263780772466, 0.0804333847870869, 0.0848884211685491, 0.8330369676662867], [0.08000684849628802, 0.3318234234886617, 0.0024635210089557972, 0.5857062070060945], [0.004526850709169364, 0.018529473523594513, 0.009482261338422537, 0.9674614144288136]]}}