{"test": {"ids": ["109120621", "106120640", "105115720", "101110200", "101111210", "106112770", "103109021", "111116010", "102112030", "109119591", "107114621", "106114280", "100109801", "109113931", "109117080", "111116100", "108113760", "104113240", "98116940", "112118810", "101108580", "102109910", "98106880", "100120780", "112120670", "99108520", "98109090", "111120320", "106120290", "102110850", "98107380", "101110740", "110117870", "107121700", "97118210", "112121010", "110115890", "113118690", "108120621", "105119550", "98106560", "97106591", "112120640", "105113620", "108115880", "101110150", "112117210", "105119950", "104111531", "113119480", "104111550", "113120531", "110118111", "108121190", "102110890", "97106600", "102110240", "98108150", "111118301", "99109370", "110115710", "108114180", "110114610", "97113260", "101108950", "109114270", "105110091", "108116120", "100108260", "102113210", "107114490", "101112160", "111119250", "111117480", "99111930", "101114020", "107113130", "101108121", "98120010", "111119610", "104113550", "98110710", "98107010", "110116300", "110116290", "100116790", "113118620", "111116750", "109116930", "109115070", "104111780", "112118511", "105117200", "99111340", "107115140", "112119980", "113118820", "98108580", "103110760", "98116500", "108114220", "107121540", "103113260", "104113000", "107114780", "110118121", "104114410", "105116650", "112120700", "110119030", "103111620", "106113830", "104116980", "106118161", "106117770", "101112201", "108114360", "99109141", "98107210", "98107340", "99108000", "112116290", "99109860", "111119950", "107114280", "111120640", "110114321", "112119320", "109117630", "102116500", "107114950", "110113591", "110118930", "105112100", "105113440", "97106820", "102110500", "97112170", "105116860", "113118421", "113122190", "111115910"], "labels": [1, 3, 1, 2, 2, 1, 0, 1, 2, 0, 0, 3, 0, 1, 1, 3, 1, 2, 2, 3, 0, 2, 0, 1, 2, 2, 1, 1, 2, 3, 1, 3, 3, 3, 2, 2, 2, 3, 1, 1, 1, 1, 0, 0, 3, 1, 1, 3, 0, 3, 1, 0, 1, 1, 0, 3, 3, 0, 3, 1, 2, 1, 1, 1, 2, 3, 0, 1, 3, 3, 3, 3, 1, 1, 1, 3, 1, 0, 2, 2, 1, 2, 3, 3, 2, 2, 3, 3, 0, 0, 3, 1, 3, 1, 0, 0, 0, 0, 1, 2, 3, 2, 3, 1, 2, 3, 1, 1, 2, 0, 0, 1, 1, 3, 0, 0, 1, 3, 1, 0, 2, 0, 2, 0, 3, 0, 1, 1, 0, 1, 3, 0, 1, 1, 0, 1, 3, 0, 2, 3, 1, 2], "predicted_labels": [3, 0, 3, 0, 3, 3, 0, 1, 2, 3, 0, 3, 0, 3, 3, 3, 1, 3, 0, 1, 3, 0, 3, 2, 3, 3, 3, 3, 1, 3, 0, 3, 1, 3, 2, 0, 1, 2, 3, 1, 2, 1, 0, 1, 1, 1, 0, 3, 3, 3, 1, 0, 0, 1, 1, 3, 3, 3, 0, 1, 3, 1, 1, 0, 3, 1, 0, 0, 0, 3, 3, 3, 0, 1, 0, 3, 3, 3, 1, 0, 0, 2, 1, 1, 3, 0, 1, 0, 0, 0, 0, 3, 1, 0, 3, 3, 3, 1, 1, 3, 3, 0, 1, 1, 1, 3, 3, 3, 1, 3, 1, 0, 1, 3, 3, 0, 3, 0, 3, 1, 1, 3, 3, 0, 1, 0, 3, 1, 1, 0, 3, 0, 0, 3, 1, 1, 0, 1, 1, 0, 0, 0], "confidence_scores": [[0.2742032511303706, 0.18558132872903124, 0.09618536796083696, 0.4440300521797613], [0.34920464295839615, 0.1853301659253753, 0.1400466950045708, 0.32541849611165763], [0.17753715709876303, 0.2825920916868826, 0.20237251040956636, 0.337498240804788], [0.2770367742502226, 0.23985044436024816, 0.20941766807208692, 0.2736951133174425], [0.22918101035454577, 0.25770899073326686, 0.2346282378705773, 0.27848176104161027], [0.14737771368527494, 0.17432998055916654, 0.1590603494750665, 0.519231956280492], [0.35393753737489825, 0.24752059285534375, 0.13840912974110986, 0.26013274002864833], [0.23517491273955138, 0.4271860057619571, 0.10784676165521953, 0.22979231984327217], [0.23293578762443962, 0.2035770691327263, 0.33029089217796764, 0.23319625106486647], [0.205393681855572, 0.2601916208134258, 0.249413632570774, 0.2850010647602282], [0.520087188624699, 0.18852014964847635, 0.10671126897348286, 0.18468139275334167], [0.2877118142298153, 0.22629791161444548, 0.16813532421838578, 0.3178549499373535], [0.4640685172059286, 0.24707794024444946, 0.12530130285337027, 0.16355223969625166], [0.2440812924655906, 0.22845541070841102, 0.10177705366064997, 0.42568624316534837], [0.1649991119051641, 0.21322647933619102, 0.12059644919641786, 0.5011779595622272], [0.244339987883059, 0.27012237492176155, 0.15019230170570239, 0.33534533548947704], [0.19533923443578027, 0.5751701395317582, 0.09463315337588801, 0.13485747265657358], [0.24471259745614402, 0.24800281657512233, 0.20839312630486326, 0.2988914596638705], [0.6244042715446276, 0.10844409588780969, 0.06880991639159005, 0.19834171617597268], [0.1296948660768194, 0.4857883263631154, 0.09435403610822274, 0.29016277145184266], [0.1936189422711688, 0.2610765746618564, 0.1415144400806825, 0.40379004298629223], [0.3814196452632841, 0.14258899551963453, 0.11138355806381899, 0.3646078011532625], [0.31174953765302044, 0.18967171063246072, 0.16764866746683713, 0.3309300842476818], [0.2568506199719321, 0.21637066674642266, 0.2778646138872856, 0.24891409939435954], [0.19330277439407814, 0.3206515440500419, 0.1623008359738452, 0.3237448455820346], [0.21515883870079888, 0.22967761881243168, 0.265218719667411, 0.2899448228193583], [0.2304788978411037, 0.2018260195465268, 0.27556882181611486, 0.2921262607962547], [0.18872687153066414, 0.17092754023156673, 0.13858974168022745, 0.5017558465575417], [0.20062545479385455, 0.38852032807097236, 0.12803098485743444, 0.2828232322777385], [0.1297745864374081, 0.28347598347749564, 0.2802112092074239, 0.30653822087767235], [0.296683162659152, 0.261232683077229, 0.1589528464152706, 0.28313130784834833], [0.2306864562581693, 0.18042615504983692, 0.14304881391636207, 0.44583857477563177], [0.175853968054431, 0.29067846359590177, 0.24324979278858613, 0.29021777556108114], [0.12529446278187828, 0.34202117382931513, 0.1627515351508702, 0.3699328282379364], [0.17159627545840575, 0.1553496958834154, 0.468817576050612, 0.20423645260756676], [0.2994395583216942, 0.2013566306659618, 0.22224417003641725, 0.27695964097592685], [0.21236918107096603, 0.3220813102016723, 0.16169669079857174, 0.30385281792879004], [0.17460761416197026, 0.21792471573660216, 0.3562666139923279, 0.25120105610909976], [0.1479793263658645, 0.20294628124970573, 0.11268265076581946, 0.5363917416186103], [0.2540432398847767, 0.3114954449732293, 0.15294607953909267, 0.28151523560290154], [0.20876680745622195, 0.25198628847308274, 0.2741468525779161, 0.2651000514927793], [0.1516197733282119, 0.41856568847398007, 0.12500715878251073, 0.30480737941529734], [0.35497324431357474, 0.18456989317092304, 0.11063045562528079, 0.3498264068902215], [0.28505243906091327, 0.3295091464490832, 0.22662948820617476, 0.15880892628382884], [0.24292581121523263, 0.3067201489639698, 0.14929373651829006, 0.3010603033025075], [0.20176509419956568, 0.3445546802971088, 0.1930515660764012, 0.26062865942692437], [0.2971662121553567, 0.26588009298404314, 0.1868300488628704, 0.25012364599772974], [0.18202798892571612, 0.27426018333233815, 0.2444108102135016, 0.2993010175284441], [0.24056202396203713, 0.26904628890640403, 0.2028123455078797, 0.28757934162367926], [0.2763136829376964, 0.23907081915571615, 0.12463196773872397, 0.3599835301678636], [0.16710734678124992, 0.3480908898877416, 0.1773454757149791, 0.3074562876160294], [0.3364964463752014, 0.20779798751000625, 0.11997045761210585, 0.3357351085026864], [0.3299769850898674, 0.2983948095322874, 0.1355538171399043, 0.23607438823794072], [0.244637560061804, 0.37514584051108674, 0.1478608871564255, 0.2323557122706839], [0.31235643920341705, 0.40659718388685995, 0.08553541204842328, 0.1955109648612996], [0.22373202441789353, 0.19270460839326173, 0.12028031399396225, 0.4632830531948825], [0.1736343590606401, 0.27188914837671374, 0.15830723797227014, 0.396169254590376], [0.26236113994882987, 0.257903121271174, 0.15542954515316018, 0.324306193626836], [0.34624054574081764, 0.26000523378985907, 0.14314337294250978, 0.2506108475268134], [0.2531865882756153, 0.4920527035009195, 0.11498972850156917, 0.13977097972189606], [0.269738119830596, 0.1942438539111382, 0.14136380137536958, 0.39465422488289614], [0.11380278425663413, 0.6006752546379088, 0.08317748823947788, 0.20234447286597915], [0.25236286535942953, 0.4469124783535009, 0.06614455221637544, 0.23458010407069435], [0.32147727479496013, 0.19883280478278106, 0.17900813144492264, 0.30068178897733616], [0.1626184220077633, 0.3075680399739156, 0.19422141337848406, 0.335592124639837], [0.207992075655136, 0.39695038753902995, 0.128567190066637, 0.266490346739197], [0.49699344420170133, 0.14376471520139397, 0.11423540288412215, 0.24500643771278258], [0.45019032623835936, 0.19985671113717338, 0.16489494986807302, 0.18505801275639422], [0.3097288994513767, 0.20630893439851017, 0.2593844230846547, 0.22457774306545836], [0.22994660753847251, 0.24406394840825496, 0.1889759005016906, 0.3370135435515818], [0.24935587742546303, 0.23622580262841672, 0.23285203898390933, 0.281566280962211], [0.26447116709872986, 0.2975229947890026, 0.1312621789774331, 0.30674365913483453], [0.37497344098830393, 0.15666363710666692, 0.17131426069329017, 0.29704866121173884], [0.29644993195359964, 0.31566835521405473, 0.23481385279140918, 0.15306786004093656], [0.30557765949918403, 0.22632060334197235, 0.17692782392969797, 0.2911739132291459], [0.20965785274637133, 0.27341455119835095, 0.1838283537477377, 0.33309924230754], [0.22402699512936752, 0.1825698356738416, 0.13041686131515928, 0.46298630788163153], [0.25776505059921123, 0.20026252144174939, 0.20822328197504755, 0.3337491459839919], [0.18901646240621386, 0.3318277781793714, 0.2683105400587392, 0.21084521935567543], [0.31096862088540783, 0.262863720861509, 0.13021343127715163, 0.2959542269759315], [0.42069284316341055, 0.16930575214192986, 0.11505464708543442, 0.29494675760922523], [0.11991560359502812, 0.2646879028242455, 0.48092647284013007, 0.13447002074059636], [0.20203835079471072, 0.4907313434039174, 0.12085674678412825, 0.18637355901724373], [0.14350580099708088, 0.5212490816180442, 0.13182231461570995, 0.20342280276916505], [0.2319026926541187, 0.14300878323124586, 0.2562746412526151, 0.3688138828620205], [0.30233773516288964, 0.23333392736071462, 0.21217432945000222, 0.2521540080263935], [0.2874174057170918, 0.3147203730132088, 0.08660344123211443, 0.3112587800375849], [0.3507730678450663, 0.21026328631463453, 0.09647793177551356, 0.3424857140647855], [0.30004639044925746, 0.2855983771446827, 0.12193194126931238, 0.29242329113674737], [0.3645915555496216, 0.2437522016075113, 0.20509079989214682, 0.1865654429507202], [0.3729044374684941, 0.2648142027157373, 0.14311170286166303, 0.21916965695410573], [0.18851932070279778, 0.23876080540837297, 0.12181192206594871, 0.4509079518228808], [0.2600520590903782, 0.3471296672798535, 0.17765695028465386, 0.2151613233451143], [0.3259605185722938, 0.19340744701694385, 0.26632806889576793, 0.2143039655149946], [0.15099583941923872, 0.18912669877391464, 0.12041616310723349, 0.539461298699613], [0.28526122539858767, 0.20606587542613677, 0.14713472837952712, 0.3615381707957485], [0.239754061644866, 0.18671877946192902, 0.10581770250354845, 0.46770945638965644], [0.160028160122446, 0.4069890245825186, 0.2101507090486943, 0.22283210624634112], [0.27433925830889905, 0.30014200431219235, 0.13655484259026965, 0.288963894788639], [0.2562209534582053, 0.24258520157112912, 0.21672479688191026, 0.28446904808875545], [0.3404477252681872, 0.2099411188737247, 0.10713037762359907, 0.34248077823448914], [0.35871942358949005, 0.25708004409868407, 0.16774244692406345, 0.21645808538776246], [0.20046251448948027, 0.4462085503874894, 0.16796804672059681, 0.18536088840243356], [0.27959668923752207, 0.28449885483499227, 0.1696691746745867, 0.2662352812528988], [0.1792003357855386, 0.4876460468913458, 0.12626947323136847, 0.20688414409174719], [0.2805573148090921, 0.21792660911774484, 0.1893432736966805, 0.31217280237648254], [0.1642564031750574, 0.1560313374744876, 0.16390018661017725, 0.5158120727402776], [0.20952652975590155, 0.254550478403297, 0.1700165403499673, 0.3659064514908344], [0.1934977111408817, 0.3151676967052145, 0.20013436448914054, 0.2912002276647632], [0.18949579802914698, 0.31758340554265235, 0.16161301974483444, 0.3313077766833663], [0.22168686038416163, 0.47767175202375295, 0.08849557452718115, 0.21214581306490424], [0.5296775077480854, 0.15952417439935476, 0.10571115798759924, 0.20508715986496057], [0.14800128244234512, 0.4181703555533752, 0.16580674223893774, 0.26802161976534195], [0.3039032939254754, 0.23268514104062935, 0.13781245084562763, 0.3255991141882676], [0.15261037908692576, 0.17937887891235574, 0.3180794854919043, 0.34993125650881435], [0.3856058854768405, 0.24349209311115064, 0.13669124671786945, 0.23421077469413953], [0.19793029727798636, 0.255355686533543, 0.25668208123815023, 0.29003193495032026], [0.48066498658351686, 0.19599250280321773, 0.11094383468804804, 0.2123986759252173], [0.16561101589618651, 0.23286003657961332, 0.13449730745886337, 0.46703164006533676], [0.13019847024942469, 0.5312758642163355, 0.14798991690297397, 0.1905357486312658], [0.10756965941041072, 0.5767251452492934, 0.1666441861969364, 0.14906100914335935], [0.20311036710985175, 0.26168054063267154, 0.2587982018343666, 0.2764108904231102], [0.21486571528123688, 0.29165213027908987, 0.12637439944017004, 0.3671077549995034], [0.4260879990667088, 0.22856647033006627, 0.1253260590204173, 0.22001947158280774], [0.2619509866613533, 0.33734662016319766, 0.15151192112401007, 0.24919047205143888], [0.34944747004707033, 0.22808903045313053, 0.1104582163264232, 0.3120052831733759], [0.26540459976333275, 0.23223886363157045, 0.12451192530020849, 0.37784461130488833], [0.19364766989876522, 0.47967328045906826, 0.11262938094989543, 0.21404966869227118], [0.1876383937876614, 0.5773563921069124, 0.1078226245493381, 0.12718258955608813], [0.28030510335479186, 0.2733368160508627, 0.16974148980325593, 0.2766165907910897], [0.15636537079517507, 0.25399299738262704, 0.14542929840611765, 0.4442123334160804], [0.3865693395619615, 0.22710869486476276, 0.12008694722154553, 0.2662350183517304], [0.32488797811110715, 0.254460111479984, 0.1548126708754245, 0.2658392395334845], [0.22381807680778473, 0.2780030260523303, 0.1392878859868391, 0.35889101115304595], [0.1776215577670965, 0.3743903718628227, 0.10272811932438758, 0.3452599510456933], [0.20936981223576634, 0.35654226529983396, 0.12128667490041126, 0.3128012475639887], [0.34680591025580093, 0.19564344779666018, 0.19425206582780244, 0.26329857611973617], [0.23695517071318242, 0.35445674943129357, 0.2248273045316573, 0.18376077532386678], [0.15088560161346762, 0.5174664164597645, 0.11905587623364643, 0.2125921056931214], [0.4159326656682858, 0.20033479079716027, 0.09545097382182062, 0.28828156971273344], [0.40583414574748766, 0.2313950116320741, 0.10618540017022454, 0.25658544245021375], [0.3627329185484635, 0.20261030533238525, 0.11649043492505133, 0.31816634119409987]]}, "rewritten": {"ids": ["97106591", "97106600", "97106820", "97112170", "97113260", "97118210", "98106560", "98106880", "98107010", "98107210", "98107340", "98107380", "98108150", "98108580", "98109090", "98110710", "98116500", "98116940", "98120010", "99108000", "99108520", "99109141", "99109370", "99109860", "99111340", "99111930", "100108260", "100109801", "100116790", "100120780", "101108121", "101108580", "101108950", "101110150", "101110200", "101110740", "101111210", "101112160", "101112201", "101114020", "102109910", "102110240", "102110500", "102110850", "102110890", "102112030", "102113210", "102116500", "103109021", "103110760", "103111620", "103113260", "104111531", "104111550", "104111780", "104113000", "104113240", "104113550", "104114410", "104116980", "105110091", "105112100", "105113440", "105113620", "105115720", "105116650", "105116860", "105117200", "105119550", "105119950", "106112770", "106113830", "106114280", "106117770", "106118161", "106120290", "106120640", "107113130", "107114280", "107114490", "107114621", "107114780", "107114950", "107115140", "107121540", "107121700", "108113760", "108114180", "108114220", "108114360", "108115880", "108116120", "108120621", "108121190", "109113931", "109114270", "109115070", "109116930", "109117080", "109117630", "109119591", "109120621", "110113591", "110114321", "110114610", "110115710", "110115890", "110116290", "110116300", "110117870", "110118111", "110118121", "110118930", "110119030", "111115910", "111116010", "111116100", "111116750", "111117480", "111118301", "111119250", "111119610", "111119950", "111120320", "111120640", "112116290", "112117210", "112118511", "112118810", "112119320", "112119980", "112120640", "112120670", "112120700", "112121010", "113118421", "113118620", "113118690", "113118820", "113119480", "113120531", "113122190"], "labels": [1, 3, 1, 0, 1, 2, 1, 0, 3, 1, 0, 1, 0, 0, 1, 2, 2, 2, 2, 2, 2, 3, 1, 2, 1, 1, 3, 0, 2, 1, 0, 0, 2, 1, 2, 3, 2, 3, 0, 3, 2, 3, 3, 3, 0, 2, 3, 1, 0, 1, 0, 3, 0, 1, 3, 1, 2, 1, 1, 1, 0, 1, 0, 0, 1, 1, 2, 3, 1, 3, 1, 1, 3, 0, 3, 2, 3, 1, 3, 3, 0, 2, 3, 0, 2, 3, 1, 1, 3, 1, 3, 1, 1, 1, 1, 3, 0, 0, 1, 0, 0, 1, 0, 1, 1, 2, 2, 2, 3, 3, 1, 3, 1, 0, 2, 1, 3, 3, 1, 3, 1, 2, 0, 1, 0, 0, 1, 1, 3, 1, 0, 0, 2, 2, 2, 3, 3, 3, 0, 3, 0, 1], "predicted_labels": [1, 1, 0, 1, 2, 3, 1, 2, 1, 1, 0, 0, 3, 1, 0, 1, 0, 3, 1, 1, 2, 0, 1, 1, 0, 2, 3, 0, 2, 2, 0, 3, 2, 1, 2, 0, 3, 1, 0, 3, 3, 1, 0, 1, 0, 3, 3, 3, 3, 0, 1, 1, 1, 3, 2, 3, 3, 0, 3, 2, 0, 2, 3, 2, 3, 0, 1, 1, 1, 0, 3, 0, 3, 2, 0, 1, 0, 0, 1, 3, 0, 1, 2, 3, 1, 1, 3, 3, 1, 1, 1, 0, 3, 0, 0, 3, 2, 3, 3, 0, 3, 1, 0, 1, 0, 1, 1, 0, 1, 3, 0, 1, 1, 1, 0, 3, 0, 0, 0, 1, 3, 0, 0, 0, 3, 2, 0, 3, 1, 2, 3, 0, 3, 2, 0, 0, 3, 3, 3, 0, 1, 3], "confidence_scores": [[0.1763230277141641, 0.3833575591835229, 0.23862082686576425, 0.20169858623654885], [0.22856326999399892, 0.3295006255645165, 0.12287763432120559, 0.319058470120279], [0.4487152291631347, 0.22063865461035287, 0.1122297615299375, 0.2184163546965751], [0.19646328366453697, 0.32690665947245384, 0.22799572536381849, 0.24863433149919084], [0.2934688655114233, 0.14206852217904273, 0.3569128934051261, 0.2075497189044078], [0.16449606768560537, 0.18754051546454062, 0.28964176053293483, 0.35832165631691926], [0.24418975428040146, 0.2993157946517824, 0.19357600805685882, 0.26291844301095746], [0.24128482731472817, 0.2414641458890071, 0.34571867567015074, 0.171532351126114], [0.22287226330389023, 0.3187261294497101, 0.1451856446937071, 0.31321596255269246], [0.13877712722176824, 0.33758173898967814, 0.19994191823454285, 0.32369921555401093], [0.30021362352639414, 0.2861314579419336, 0.1616545316775545, 0.2520003868541177], [0.324234068221941, 0.2312672095328859, 0.18603001996566673, 0.2584687022795065], [0.1925190568642725, 0.3368500113356039, 0.10382778351554153, 0.3668031482845821], [0.19169057431593026, 0.31751050927176727, 0.21995945524629074, 0.2708394611660117], [0.3539862222674424, 0.20023716914408826, 0.19826473951268106, 0.24751186907578832], [0.16059578464389215, 0.37844400054840005, 0.3133588820863311, 0.1476013327213766], [0.2866485711761268, 0.2083547870906261, 0.27553702695874244, 0.2294596147745046], [0.16043360948779306, 0.1330125919112811, 0.27626855934652195, 0.430285239254404], [0.18901646240621386, 0.3318277781793714, 0.2683105400587392, 0.21084521935567543], [0.11383196096239956, 0.5542536355616154, 0.16187701438118668, 0.1700373890947984], [0.1714871323006175, 0.19150329914394984, 0.40952151706745077, 0.22748805148798187], [0.35187491278523997, 0.18057868471737903, 0.13805005557531544, 0.32949634692206564], [0.2171836164532358, 0.47188518981652117, 0.1006866523544222, 0.210244541375821], [0.25585626986609605, 0.3391745439926776, 0.12561811457493743, 0.2793510715662889], [0.3279861234481579, 0.3207415433629091, 0.14125996595564924, 0.21001236723328354], [0.21790380131122514, 0.26134759671538066, 0.3316083961320702, 0.18914020584132407], [0.22932729778663102, 0.24341607492091683, 0.2622858789777015, 0.2649707483147505], [0.44592511354627123, 0.20120965597892332, 0.10748196414703859, 0.24538326632776686], [0.09436315846044507, 0.13909265521691147, 0.4906759802107482, 0.27586820611189533], [0.1878729784225864, 0.2411221047537392, 0.30965057114515315, 0.2613543456785213], [0.35778443945823263, 0.22145228326459823, 0.11048449694480107, 0.3102787803323681], [0.21191361340209638, 0.21010419595506788, 0.1718862590168511, 0.4060959316259846], [0.14421703461959615, 0.21113286488220884, 0.34317517165349937, 0.3014749288446956], [0.174923443739433, 0.4479752911760008, 0.12849076280723734, 0.24861050227732875], [0.1754068084546094, 0.2644563036706424, 0.2911368044062636, 0.2690000834684847], [0.32936349279665733, 0.20925831740796974, 0.1566630922674026, 0.3047150975279704], [0.283630811304307, 0.21211366045290722, 0.18339151883183075, 0.32086400941095494], [0.1474877296296632, 0.432944523714594, 0.09101915871799804, 0.32854858793774483], [0.3318562577606484, 0.2303652661053635, 0.17633558573405056, 0.26144289039993757], [0.21474330276712392, 0.2556898059776198, 0.2493839345126943, 0.28018295674256205], [0.3363003557180353, 0.09293201835895032, 0.05354494999492969, 0.5172226759280847], [0.1797785204880024, 0.40270838104764467, 0.25242907625157585, 0.16508402221277718], [0.3429401878443952, 0.2864180597412748, 0.2142227067010349, 0.15641904571329499], [0.12214972768574527, 0.480529351533138, 0.16896480829972377, 0.2283561124813931], [0.4454831653799606, 0.22933408983682346, 0.14029090142102357, 0.18489184336219266], [0.22161425052561398, 0.18705652476175044, 0.23527057105236937, 0.35605865366026634], [0.22432222478911562, 0.25625694988138376, 0.2293386390678212, 0.2900821862616794], [0.2514586408212176, 0.23947406458521342, 0.19358861136638736, 0.31547868322718164], [0.27692034729027465, 0.24197859743177985, 0.1330739944168554, 0.3480270608610902], [0.3269042252549544, 0.3006321185546928, 0.12896752863325966, 0.24349612755709332], [0.2297347203472741, 0.34832960651051365, 0.17704848941514126, 0.244887183727071], [0.199429339122569, 0.42095566370458776, 0.1584620028617329, 0.2211529943111104], [0.2877892019942527, 0.3161136864684115, 0.132026879509268, 0.26407023202806784], [0.27589902600436755, 0.2545489452587988, 0.19046148530068172, 0.27909054343615214], [0.24988355272763169, 0.21506515260284342, 0.2879298355936374, 0.24712145907588745], [0.19022919392299878, 0.30371948208229627, 0.15894775654798232, 0.34710356744672255], [0.20401753166134598, 0.27682288096809304, 0.19221943534041316, 0.3269401520301479], [0.3483109158385803, 0.1980665702648031, 0.12168891789153351, 0.3319335960050831], [0.24429206629132935, 0.20374156792144252, 0.24753613190608748, 0.30443023388114077], [0.10306572156894125, 0.2952739016189377, 0.3479758916877954, 0.25368448512432573], [0.43440503530205243, 0.14850933746876352, 0.13782362730979061, 0.27926199991939343], [0.22234548913292926, 0.18977099330702965, 0.29463932277831334, 0.29324419478172775], [0.26863643485066024, 0.25577567287810277, 0.14436866692134398, 0.331219225349893], [0.1771796626127568, 0.22970941830509436, 0.35213479639502576, 0.24097612268712332], [0.20183295762698653, 0.2655859585378064, 0.184177956962244, 0.34840312687296304], [0.2973015442116986, 0.13754178971666214, 0.2730234443391516, 0.2921332217324877], [0.31264854691680644, 0.4542888308500585, 0.10421919059524778, 0.12884343163788733], [0.17558646058398872, 0.40844585952738255, 0.21154470676427056, 0.20442297312435834], [0.19721894841269388, 0.43687829160795616, 0.13306422827499237, 0.23283853170435742], [0.2829561991203447, 0.27082709602062954, 0.17604366964508603, 0.27017303521393987], [0.12715817337371543, 0.1941716516583504, 0.14208558152785777, 0.5365845934400764], [0.3987391193394451, 0.1811023924464997, 0.14873873596927686, 0.2714197522447784], [0.1892712073818891, 0.28269859066806274, 0.14129528459296956, 0.38673491735707854], [0.14541379242883076, 0.23285946823615863, 0.36079724282031317, 0.2609294965146975], [0.39113766425830077, 0.27249872651735957, 0.11080967165896598, 0.2255539375653737], [0.20831705860437566, 0.38456005675136307, 0.12742907683572247, 0.279693807808539], [0.4446718425536078, 0.12537509997945914, 0.23641681585640376, 0.19353624161052943], [0.3523880114163063, 0.17747280716815236, 0.1524390664040876, 0.3177001150114537], [0.20112129193619804, 0.4413321125215344, 0.13083229028303592, 0.22671430525923147], [0.20498231076164436, 0.197610867409561, 0.1803946107131777, 0.4170122111156169], [0.2943829420784398, 0.19314024188159953, 0.24368171014610035, 0.26879510589386013], [0.2607607223656534, 0.39761606992471693, 0.1270158364318566, 0.21460737127777316], [0.2453887569586206, 0.18519047036339462, 0.2916398687665253, 0.27778090391145954], [0.24231141584867755, 0.1721703685048324, 0.14524318945001677, 0.44027502619647346], [0.13443220057395244, 0.3562902311534369, 0.18260318467056727, 0.32667438360204354], [0.1104471185289666, 0.3964653695415988, 0.22518116245658168, 0.267906349472853], [0.15329677551917387, 0.25378676823089497, 0.27199769142326014, 0.32091876482667103], [0.26091878693701076, 0.298691485517708, 0.11908661125475133, 0.3213031162905299], [0.23760472304728988, 0.46865812849086674, 0.14950376938263565, 0.14423337907920758], [0.1366197915658628, 0.3973755898479897, 0.17301512917126854, 0.2929894894148789], [0.21406986968267477, 0.3686350082221097, 0.09382909949465214, 0.3234660226005634], [0.35134009785247095, 0.2818043029112049, 0.11604003536166958, 0.2508155638746545], [0.17115211144763715, 0.19311005179948304, 0.13303464628323908, 0.5027031904696407], [0.28492375814448057, 0.2838518534601278, 0.1596598362513919, 0.2715645521439997], [0.329210174687026, 0.2637272133651934, 0.0994137985013461, 0.3076488134464344], [0.2008255886083719, 0.30707819479256626, 0.12413733330719438, 0.3679588832918676], [0.213424412507581, 0.2226830670565072, 0.37794785368436523, 0.18594466675154672], [0.31476514082032175, 0.24255889167097, 0.11206322385876592, 0.3306127436499423], [0.19838799418822817, 0.2824191143368947, 0.13450134604725186, 0.3846915454276252], [0.5152394416920518, 0.14415204407889914, 0.07855104402103588, 0.2620574702080131], [0.26042643387279524, 0.24144294612359898, 0.22811907169683035, 0.2700115483067754], [0.21917511308392604, 0.46484856176924017, 0.13520528007353386, 0.18077104507329997], [0.36660486362663197, 0.2255520124655952, 0.10987870989981632, 0.2979644140079566], [0.3699325010444638, 0.38615225223009536, 0.08775299997236491, 0.156162246753076], [0.3357710405277085, 0.2744696155769404, 0.09806723879371045, 0.29169210510164073], [0.18583394481435775, 0.32458266382299944, 0.21106096870625793, 0.27852242265638505], [0.2792469095453304, 0.3287609473580686, 0.1356477706520205, 0.2563443724445806], [0.4009079072827935, 0.1566956648206657, 0.23133635232808555, 0.21106007556845532], [0.13546751941991228, 0.4920520257445218, 0.20170957984982055, 0.17077087498574556], [0.2576140586277875, 0.17260487875797434, 0.12875498734002283, 0.44102607527421506], [0.321198440416931, 0.25631180852283064, 0.15630969926584978, 0.2661800517943886], [0.25733325428647724, 0.30147484401263563, 0.1943907667610615, 0.24680113493982575], [0.2832347491184082, 0.3437657466690968, 0.11746955546468069, 0.2555299487478143], [0.143812946518866, 0.3811503184608402, 0.14817497545612493, 0.3268617595641688], [0.3929536339772031, 0.2194905719618447, 0.1280630824042157, 0.25949271165673654], [0.2366261631853591, 0.27942122028306465, 0.1577716211252928, 0.32618099540628337], [0.32207423154922626, 0.2704066683451707, 0.22356705614693648, 0.18395204395866654], [0.37667753521056635, 0.2013372555984347, 0.10759912517689493, 0.31438608401410395], [0.3657401726168379, 0.2711443724916343, 0.16316576184223633, 0.19994969304929136], [0.3425606142722353, 0.37093889547777636, 0.11971398842567554, 0.16678650182431282], [0.1728743806994291, 0.3047897688158859, 0.14829594331290608, 0.3740399071717791], [0.32381182752706367, 0.16801128015902198, 0.30871563382764305, 0.1994612584862713], [0.48447313416752796, 0.23391485623773242, 0.11600332793524938, 0.16560868165949041], [0.33772102034472823, 0.22550948451181513, 0.13480668178717553, 0.30196281335628106], [0.21849848347544978, 0.2072710535088008, 0.112391313501023, 0.46183914951472643], [0.21617674692159117, 0.15413307002441512, 0.3919051873255175, 0.23778499572847622], [0.34467088525202055, 0.18980831702028367, 0.18776069819526342, 0.27776009953243247], [0.18929981342850224, 0.23302922490826833, 0.15722149823565248, 0.420449463427577], [0.2781173215284788, 0.3590324248671144, 0.15384036939043466, 0.20900988421397235], [0.23459383879071236, 0.21057756228590604, 0.3149122671390396, 0.23991633178434213], [0.30537488778829214, 0.21492086922399542, 0.15750914308763042, 0.3221950999000822], [0.3498407377395204, 0.20659648114704865, 0.16467648164469784, 0.27888629946873306], [0.23945031637820843, 0.2492957851556385, 0.1307020031308125, 0.3805518953353408], [0.1944834630933253, 0.22747633935978862, 0.30576283965790485, 0.27227735788898133], [0.450717910005083, 0.18724375147009842, 0.13773456536996223, 0.2243037731548563], [0.32600127980822885, 0.26664537450350656, 0.16731299698049418, 0.24004034870777047], [0.22277371999180987, 0.15652052298239555, 0.11982177655753516, 0.5008839804682594], [0.1556731059606382, 0.225958085996942, 0.1993993801445564, 0.4189694278978635], [0.20174076154512166, 0.24240503640030103, 0.1103803953201783, 0.4454738067343991], [0.32600783978857534, 0.21867465359606725, 0.2111729925035618, 0.2441445141117957], [0.15289218939472082, 0.43852761862431866, 0.09541501508206815, 0.3131651768988923], [0.09197636394718087, 0.3610762357218601, 0.09041064967433209, 0.45653675065662713]]}}