{"test": {"ids": ["99109161", "112116501", "100108080", "97113900", "101121640", "102121700", "106113190", "111116750", "100109801", "112116990", "97112290", "107120010", "113118511", "105120621", "98109570", "100110260", "109115070", "103113210", "108121160", "100110050", "102109840", "100120010", "112118620", "98106111", "103120290", "98107410", "109118820", "108115500", "99109740", "99105921", "110118740", "99110730", "112118860", "100113210", "108118630", "107121230", "113118231", "106114321", "110118161", "110114950", "97107260", "109117730", "110115890", "103117461", "112120540", "104113240", "104111990", "109114030", "97106600", "112116900", "103118291", "105115720", "104109311", "97116500", "109119340", "113122320", "108116481", "109115211", "107114321", "106114280", "99109910", "107115140", "104111780", "111117120", "112118581", "103111930", "113121010", "107113200", "109114220", "107116300", "99109311", "97107920", "108120260", "97106820", "112117431", "100111620", "107114621", "99107560", "113118820", "103120531", "112119950", "113117630", "101108290", "107119130", "101116130", "100108520", "100107920", "100109910", "108116501", "108116120", "109114651", "105111990", "106116120", "104111380", "98121790", "113120260", "98120010", "110118301", "109115220", "108119510", "98110810", "101108121", "100108260", "98111620", "111120640", "107120130", "113119360", "111119610", "107114280", "106115120", "99112840", "106118161", "101111210", "113118810", "98116090", "111115620", "99111440", "106114011", "101115190", "113120591", "97114170", "106116850", "107114490", "100109360", "104116441", "111120190", "98107210", "98111231", "102109910", "110115980", "106116370", "105116090", "103113170", "109117110", "113121190", "108114200", "106113170", "111121410", "106112770", "108120060", "112121410", "109116930"], "labels": [3, 3, 0, 2, 2, 1, 0, 3, 0, 0, 1, 1, 1, 1, 1, 3, 0, 3, 2, 3, 2, 0, 3, 0, 2, 3, 3, 3, 3, 1, 3, 3, 3, 0, 1, 0, 3, 2, 0, 0, 2, 3, 2, 0, 3, 2, 2, 1, 3, 3, 0, 1, 3, 2, 3, 1, 0, 0, 0, 3, 2, 0, 3, 2, 1, 3, 2, 0, 3, 0, 1, 0, 1, 1, 0, 3, 0, 1, 0, 3, 0, 0, 0, 1, 2, 2, 0, 2, 0, 1, 3, 2, 1, 3, 2, 3, 2, 1, 3, 1, 1, 0, 3, 3, 0, 2, 0, 2, 3, 1, 2, 3, 2, 3, 0, 1, 3, 1, 1, 0, 2, 3, 3, 0, 1, 3, 1, 1, 2, 1, 2, 1, 3, 1, 1, 0, 0, 0, 1, 1, 0, 0], "predicted_labels": [1, 3, 3, 3, 1, 0, 3, 1, 1, 0, 1, 2, 0, 3, 3, 0, 1, 1, 3, 3, 3, 2, 3, 1, 2, 3, 1, 1, 1, 1, 3, 3, 0, 3, 2, 3, 3, 1, 1, 3, 3, 0, 1, 1, 0, 1, 1, 3, 1, 3, 3, 1, 0, 1, 3, 1, 3, 1, 1, 1, 2, 3, 1, 1, 1, 1, 1, 0, 1, 0, 3, 0, 3, 1, 0, 1, 3, 1, 3, 3, 0, 3, 0, 1, 3, 1, 3, 1, 3, 3, 0, 0, 0, 1, 1, 1, 0, 0, 3, 3, 1, 2, 0, 2, 1, 0, 3, 0, 1, 1, 1, 0, 3, 3, 1, 3, 1, 0, 1, 0, 3, 2, 3, 3, 0, 3, 1, 1, 1, 0, 0, 0, 1, 1, 3, 1, 1, 1, 3, 2, 1, 3], "confidence_scores": [[0.15533063955196275, 0.48574212218682683, 0.23391505392447498, 0.1250121843367356], [0.24485378340651615, 0.3192163161445195, 0.1119039931534954, 0.32402590729546904], [0.1786266960654163, 0.24743209922482645, 0.21093120417998779, 0.36301000052976967], [0.2935021922764388, 0.17759895241966564, 0.20687595748604976, 0.322022897817846], [0.18807984719974807, 0.34070110602876763, 0.18608562257421185, 0.2851334241972724], [0.3887947227861607, 0.34324330315096707, 0.09080707126529805, 0.17715490279757434], [0.25311265475961914, 0.1507634493718518, 0.09061529404891976, 0.5055086018196093], [0.20663228661757418, 0.34675301231470834, 0.11138283167788325, 0.33523186938983424], [0.20476169129342986, 0.4035703752563207, 0.21553179361668554, 0.1761361398335638], [0.6211784567567679, 0.1398157248358792, 0.11702927621121965, 0.12197654219613337], [0.09904203647930584, 0.607645615660589, 0.14723178567169642, 0.14608056218840856], [0.2138918632778325, 0.17209458848396142, 0.4679622209588488, 0.14605132727935713], [0.35408596738436793, 0.24942775830422947, 0.16687097695306685, 0.22961529735833588], [0.22815205934825242, 0.19567200655719597, 0.06516622546716985, 0.5110097086273817], [0.08168005167805732, 0.2957984538316258, 0.038190452635966494, 0.5843310418543505], [0.4289276391434947, 0.15620664180876395, 0.2260793224915701, 0.1887863965561713], [0.14841485351526718, 0.5122187216742142, 0.14731972939747973, 0.19204669541303876], [0.25714333210907636, 0.3439339126300233, 0.2255546716156912, 0.17336808364520911], [0.2385736839662878, 0.2599825485088175, 0.16711261670475813, 0.3343311508201366], [0.13500379349777053, 0.1387891101820761, 0.33698059191361435, 0.389226504406539], [0.14054293242649124, 0.255665719891845, 0.29946843707295673, 0.3043229106087071], [0.1009833476149692, 0.2633183072763894, 0.42780581714079036, 0.207892527967851], [0.36549556623127816, 0.14607020410003038, 0.05719122906412181, 0.43124300060456966], [0.22268747028749664, 0.3712086887489398, 0.07266622294443105, 0.3334376180191325], [0.09852315238254021, 0.2915725159032873, 0.46239568762044636, 0.1475086440937261], [0.157244192523127, 0.2236466018552655, 0.2628767737647085, 0.35623243185689896], [0.24695650595368324, 0.3068810736501891, 0.18992045513623196, 0.25624196525989573], [0.14592365589112893, 0.3330133492215745, 0.2294124842639448, 0.2916505106233518], [0.123629972166994, 0.38786144390882843, 0.3464046301180382, 0.14210395380613933], [0.19425634260471422, 0.35310316898278865, 0.1799988271558525, 0.2726416612566448], [0.3149492589490887, 0.24139559219541198, 0.11629059222466936, 0.32736455663083014], [0.20143681028129043, 0.29068076804236026, 0.1575848137944863, 0.35029760788186304], [0.36177251433702884, 0.30969290216028394, 0.08369887535135066, 0.2448357081513368], [0.1796070539697625, 0.1927575673671717, 0.09494846170701059, 0.5326869169560551], [0.1883578453569208, 0.2367440444011128, 0.3206315031860148, 0.25426660705595155], [0.2559201294989886, 0.12971835675034046, 0.0668058348072967, 0.5475556789433744], [0.29219242011750807, 0.297614905899779, 0.05564065272957274, 0.3545520212531404], [0.2912469716365351, 0.3131444007375154, 0.1668292518641028, 0.22877937576184668], [0.09955919066558555, 0.5565079032908544, 0.12062239592659084, 0.22331051011696926], [0.30523610165739495, 0.20531014130832553, 0.14254698392381301, 0.3469067731104666], [0.14451526860558905, 0.18062562684439323, 0.13285126711128273, 0.542007837438735], [0.46378036071495254, 0.20980314649671342, 0.12636422100281722, 0.20005227178551685], [0.24604878086087137, 0.3899661291611513, 0.15936599538420979, 0.20461909459376765], [0.2032590319179894, 0.42198440563287526, 0.09449008777090773, 0.28026647467822763], [0.49007504597911056, 0.33282259486709104, 0.0889845706377071, 0.08811778851609134], [0.20485088366830007, 0.4297917707432569, 0.2136568916440876, 0.15170045394435536], [0.2694097739378418, 0.4571365792257611, 0.14259125034641032, 0.1308623964899867], [0.18845168419495095, 0.2705855549595828, 0.1798754832532157, 0.3610872775922507], [0.16521115074806708, 0.5095948372402561, 0.07892643685921001, 0.24626757515246683], [0.2318934836289751, 0.16849529798871432, 0.07457528572166526, 0.5250359326606453], [0.1623996981624963, 0.2705486744761172, 0.14650808159115614, 0.42054354577023045], [0.07053599275905216, 0.7007656558969734, 0.07643748080785491, 0.15226087053611956], [0.4910670307098025, 0.24667602982284295, 0.08106070755574037, 0.1811962319116143], [0.2685963142368346, 0.2988235031664506, 0.1842011963647553, 0.24837898623195948], [0.19659521737710287, 0.20547253614265712, 0.20520186557602094, 0.3927303809042191], [0.3001711350080585, 0.3717165867855586, 0.11126130392316728, 0.21685097428321565], [0.17820634896866408, 0.2910207842490138, 0.09276043206003065, 0.4380124347222916], [0.16120193021549376, 0.41759196650841346, 0.08699699749467835, 0.3342091057814145], [0.0857190013018167, 0.48634978278446733, 0.09319663234276948, 0.33473458357094654], [0.21893759587822792, 0.48070407577306706, 0.10685992798602165, 0.19349840036268334], [0.2379495993171628, 0.21945030411032598, 0.3777478165669915, 0.16485228000551988], [0.10168105422562367, 0.11564133622927464, 0.056839440900163844, 0.725838168644938], [0.17763706319331266, 0.309749626109711, 0.27045655516130185, 0.24215675553567456], [0.25254003604390246, 0.44089873216767284, 0.07334445489481421, 0.2332167768936106], [0.22680760037980707, 0.32754002254667564, 0.13200730159238283, 0.31364507548113446], [0.22095408257163074, 0.39831810349586744, 0.21709453227155961, 0.16363328166094243], [0.13408741468115987, 0.3793263732502238, 0.10753852637363602, 0.37904768569498043], [0.2683335521340137, 0.2220655350347149, 0.24193652363180912, 0.2676643891994624], [0.1958879881242862, 0.372428699005491, 0.2901418380149616, 0.14154147485526133], [0.6297125897214352, 0.1340661174992633, 0.07913482610878779, 0.15708646667051376], [0.2242102887916221, 0.21326037230520933, 0.1788704179639141, 0.3836589209392546], [0.4229613827834572, 0.13539939926078176, 0.14417848947225323, 0.2974607284835079], [0.12303304897579326, 0.2370435877246818, 0.11243342887252168, 0.5274899344270033], [0.296182027127808, 0.36876860935859757, 0.13187533130150114, 0.20317403221209335], [0.45762475252373314, 0.2391573313489738, 0.21648334296840602, 0.08673457315888702], [0.27340913873031825, 0.4666035601755696, 0.08779735425561794, 0.17218994683849437], [0.26106017533277237, 0.15541325082444757, 0.2110606867304159, 0.3724658871123643], [0.16943165103624447, 0.6054589664950919, 0.07570168211358312, 0.14940770035508066], [0.10938504655051494, 0.2501602463446975, 0.09370009784342416, 0.5467546092613634], [0.1175667638792985, 0.3456930652926275, 0.1267182674926536, 0.41002190333542055], [0.700323774295253, 0.09891590033889079, 0.02777024544844909, 0.17299007991740706], [0.1653835962704278, 0.2972616758385324, 0.1750092590131186, 0.36234546887792124], [0.3205497000537285, 0.29244273856314923, 0.15256088826300554, 0.23444667312011672], [0.29038645233502214, 0.30773174266817555, 0.10628824502364183, 0.29559355997316045], [0.11976745082388987, 0.2810205592347572, 0.16351860842758673, 0.4356933815137662], [0.18795835513576437, 0.36887679670202567, 0.17076125556594116, 0.272403592596269], [0.31056795473020865, 0.12697187091604495, 0.14472247962310322, 0.41773769473064315], [0.14167210008049755, 0.42403402161774545, 0.22159726755872, 0.2126966107430371], [0.34654176367059897, 0.23485752925110742, 0.050923148819428984, 0.36767755825886467], [0.2147882441877364, 0.1425758571283651, 0.09300446863489349, 0.549631430049005], [0.4088206358665176, 0.18452614050941554, 0.13266943026788866, 0.27398379335617823], [0.46956903474597955, 0.21059465649435583, 0.05147235935208951, 0.26836394940757513], [0.4006031464505625, 0.22929712930135468, 0.20101030378469598, 0.16908942046338682], [0.1959958174205231, 0.39703246259724284, 0.17852179019352488, 0.22844992978870926], [0.1566611631082029, 0.3726059829823513, 0.22926863136361272, 0.24146422254583308], [0.13365913802603535, 0.40826473866373925, 0.19856527766591756, 0.2595108456443078], [0.3661955951370704, 0.2457618622012673, 0.19442450993269972, 0.19361803272896266], [0.3708310843702451, 0.3124569862293715, 0.08345321452934196, 0.2332587148710415], [0.12572772013753308, 0.24278541069148943, 0.18351421901694387, 0.44797265015403365], [0.21521317143115526, 0.292207985007473, 0.16183466014459125, 0.33074418341678036], [0.10321558359549024, 0.47700098996729634, 0.20573752812513785, 0.2140458983120757], [0.21032761546411988, 0.21980423990408732, 0.35223416293674564, 0.21763398169504725], [0.3286838364622535, 0.2517893584855608, 0.20451553204544357, 0.21501127300674233], [0.15725496232448816, 0.2926476655811986, 0.4151855649820565, 0.13491180711225664], [0.18235911720998882, 0.6344314028968915, 0.03346802834951556, 0.14974145154360413], [0.3943911125382303, 0.2977948792084029, 0.12042227116135275, 0.18739173709201404], [0.30709026322578803, 0.24732100449643338, 0.09986606860865976, 0.34572266366911886], [0.34011323593142195, 0.18175935140628, 0.2559845696894183, 0.2221428429728797], [0.12218783430598243, 0.7338878539210617, 0.063115176175629, 0.08080913559732697], [0.3592647063414834, 0.38860014923434133, 0.0697997305282803, 0.1823354138958951], [0.19264173132497714, 0.4593866548941572, 0.18556396146856316, 0.16240765231230245], [0.3612424848547428, 0.2057398566097949, 0.16184137754879424, 0.27117628098666835], [0.11131212427434724, 0.12454070199486206, 0.12448784500941334, 0.6396593287213774], [0.1988002028133266, 0.29490585464067737, 0.1983048418165678, 0.3079891007294283], [0.08511199504039224, 0.6183849225305109, 0.07352619700748628, 0.2229768854216105], [0.2579344727113721, 0.2923440503666007, 0.15306178683148314, 0.296659690090544], [0.26526373847301526, 0.4340169472804551, 0.05733810557399159, 0.24338120867253812], [0.442995884984837, 0.21853225537639712, 0.11899597530670052, 0.21947588433206536], [0.19191058686044776, 0.36882808487317176, 0.15016149441867147, 0.28909983384770904], [0.4464501987383145, 0.15967937300635068, 0.07375604399064008, 0.3201143842646945], [0.09069952864005776, 0.32376220139261674, 0.08236537179036366, 0.5031728981769619], [0.10770440049956442, 0.2755022388879351, 0.32718374710140014, 0.28960961351110037], [0.10537628766789411, 0.2615754463485762, 0.13528909673892003, 0.4977591692446098], [0.11309075863477565, 0.2776710307904645, 0.29833378970613605, 0.31090442086862385], [0.5219309901568453, 0.22009493503523891, 0.06092331491380347, 0.19705075989411228], [0.13881551911575632, 0.2793305038092199, 0.11824278337515477, 0.463611193699869], [0.2194095246373874, 0.40851763991756496, 0.1071138424708006, 0.2649589929742471], [0.26708112532811196, 0.3466590983349139, 0.2069391590710952, 0.17932061726587906], [0.17559494290026098, 0.5017393586194882, 0.15332105521198397, 0.1693446432682668], [0.4092636824626552, 0.22572805659174683, 0.14802189069654442, 0.21698637024905348], [0.37139337215685747, 0.2596100336196304, 0.1520897195392691, 0.21690687468424316], [0.31949280156806315, 0.18254067565620763, 0.24159893113802614, 0.2563675916377032], [0.12572217079209339, 0.5666722782537962, 0.10759972933478544, 0.2000058216193251], [0.2561573067716354, 0.2725614476009874, 0.2035411316610553, 0.26774011396632186], [0.17013042305856083, 0.2900255431549861, 0.22175190028080868, 0.31809213350564447], [0.20609345815546945, 0.5605350575426731, 0.12117893415519464, 0.11219255014666288], [0.1367415984406281, 0.6369461244913632, 0.09692229479779454, 0.12938998227021412], [0.2722253674312814, 0.36343715765685874, 0.11784717192494613, 0.24649030298691393], [0.19588015692894215, 0.32708248692742053, 0.11363405746430552, 0.36340329867933213], [0.10101744820411505, 0.14378605969943017, 0.6828775422072898, 0.07231894988916501], [0.19709468538098643, 0.46892773858623077, 0.06662663538382212, 0.2673509406489607], [0.1604067540736631, 0.16757794143363858, 0.1754336291438872, 0.49658167534881126]]}, "rewritten": {"ids": ["97106600", "97106820", "97107260", "97107920", "97112290", "97113900", "97114170", "97116500", "98106111", "98107210", "98107410", "98109570", "98110810", "98111231", "98111620", "98116090", "98120010", "98121790", "99105921", "99107560", "99109161", "99109311", "99109740", "99109910", "99110730", "99111440", "99112840", "100107920", "100108080", "100108260", "100108520", "100109360", "100109801", "100109910", "100110050", "100110260", "100111620", "100113210", "100120010", "101108121", "101108290", "101111210", "101115190", "101116130", "101121640", "102109840", "102109910", "102121700", "103111930", "103113170", "103113210", "103117461", "103118291", "103120290", "103120531", "104109311", "104111380", "104111780", "104111990", "104113240", "104116441", "105111990", "105115720", "105116090", "105120621", "106112770", "106113170", "106113190", "106114011", "106114280", "106114321", "106115120", "106116120", "106116370", "106116850", "106118161", "107113200", "107114280", "107114321", "107114490", "107114621", "107115140", "107116300", "107119130", "107120010", "107120130", "107121230", "108114200", "108115500", "108116120", "108116481", "108116501", "108118630", "108119510", "108120060", "108120260", "108121160", "109114030", "109114220", "109114651", "109115070", "109115211", "109115220", "109116930", "109117110", "109117730", "109118820", "109119340", "110114950", "110115890", "110115980", "110118161", "110118301", "110118740", "111115620", "111116750", "111117120", "111119610", "111120190", "111120640", "111121410", "112116501", "112116900", "112116990", "112117431", "112118581", "112118620", "112118860", "112119950", "112120540", "112121410", "113117630", "113118231", "113118511", "113118810", "113118820", "113119360", "113120260", "113120591", "113121010", "113121190", "113122320"], "labels": [3, 1, 2, 0, 1, 2, 2, 2, 0, 1, 3, 1, 1, 1, 3, 0, 2, 2, 1, 1, 3, 1, 3, 2, 3, 3, 2, 0, 0, 3, 2, 0, 0, 2, 3, 3, 3, 0, 0, 0, 0, 2, 1, 2, 2, 2, 2, 1, 3, 3, 3, 0, 0, 2, 3, 3, 3, 3, 2, 2, 1, 2, 1, 1, 1, 1, 0, 0, 1, 3, 2, 1, 1, 2, 3, 3, 0, 3, 0, 3, 0, 0, 0, 1, 1, 2, 0, 0, 3, 1, 0, 0, 1, 1, 1, 1, 2, 1, 3, 3, 0, 0, 3, 0, 1, 3, 3, 3, 0, 2, 1, 0, 1, 3, 1, 3, 2, 2, 3, 0, 0, 3, 3, 0, 0, 1, 3, 3, 0, 3, 0, 0, 3, 1, 3, 0, 0, 3, 0, 2, 1, 1], "predicted_labels": [1, 0, 3, 0, 3, 0, 3, 1, 0, 1, 1, 3, 1, 1, 2, 1, 0, 2, 0, 1, 1, 3, 2, 0, 3, 3, 1, 0, 3, 3, 3, 3, 1, 2, 2, 0, 1, 3, 2, 3, 0, 3, 1, 3, 1, 3, 1, 1, 1, 1, 0, 3, 3, 1, 3, 3, 1, 1, 0, 2, 3, 3, 1, 3, 1, 3, 1, 3, 0, 0, 1, 1, 0, 1, 2, 3, 0, 0, 1, 3, 3, 3, 0, 0, 2, 0, 3, 1, 3, 3, 3, 0, 1, 1, 2, 3, 0, 3, 1, 2, 1, 3, 3, 0, 3, 0, 3, 3, 3, 0, 2, 1, 0, 0, 1, 0, 1, 3, 1, 1, 1, 3, 3, 0, 0, 2, 0, 0, 0, 1, 1, 1, 1, 1, 3, 3, 1, 1, 0, 3, 2, 3], "confidence_scores": [[0.13771162676094362, 0.6376521707328422, 0.06148298225164144, 0.1631532202545728], [0.5692484160401418, 0.2061959615219218, 0.1222730895504315, 0.10228253288750491], [0.1481825781324399, 0.13554118156782013, 0.30402859005212585, 0.4122476502476141], [0.43845413107537984, 0.10524136124464324, 0.15095795892388478, 0.30534654875609213], [0.1719330770299293, 0.22894709479613282, 0.2590635811199591, 0.34005624705397863], [0.48348900744320294, 0.1628455633950498, 0.11859147633286471, 0.2350739528288827], [0.07741399861697816, 0.20840920206689148, 0.055790898572195595, 0.6583859007439349], [0.1719303917581422, 0.5872069642646305, 0.09714591208524259, 0.14371673189198475], [0.3576592893168937, 0.3116397538216246, 0.13301460540491702, 0.19768635145656452], [0.2235901896737122, 0.28263653498915303, 0.23081691525065356, 0.2629563600864813], [0.22561846883898626, 0.44896957236673773, 0.15581552640585153, 0.1695964323884245], [0.09205620810558054, 0.31359935275950923, 0.048266404674964195, 0.546078034459946], [0.3248015106839708, 0.5102314025652097, 0.0500358988331527, 0.11493118791766674], [0.2064347101201298, 0.41265826779978343, 0.1637864490183567, 0.2171205730617303], [0.15226728046179472, 0.17957043933916272, 0.4035803296506611, 0.26458195054838146], [0.09591852239092606, 0.5854498102184228, 0.1540974284930712, 0.16453423889757998], [0.31317874839585946, 0.3049414122761427, 0.16107095738234647, 0.22080888194565154], [0.1059916416954057, 0.2862715305288337, 0.4203786765509975, 0.18735815122476326], [0.33916555358704076, 0.2898366094834779, 0.17235121976448792, 0.1986466171649934], [0.2430469098399098, 0.4828929340635732, 0.08242704403656446, 0.19163311205995254], [0.1594857480792773, 0.4312737841393225, 0.1946245968131024, 0.21461587096829768], [0.2087727065530646, 0.23405898036175304, 0.11786563594921354, 0.4393026771359689], [0.10035877759637776, 0.2795040861488442, 0.42578108731921205, 0.19435604893556602], [0.4822167119556369, 0.19863505347106716, 0.17985082078906667, 0.13929741378422938], [0.08998737627017539, 0.20695817430604688, 0.1133742102672531, 0.5896802391565245], [0.1268760006932102, 0.2654621816517757, 0.19088932673310932, 0.4167724909219046], [0.2871574311346309, 0.4209983744104424, 0.10971267856351667, 0.18213151589140988], [0.33600894274815485, 0.21083011293552123, 0.15417626828263964, 0.29898467603368417], [0.2532737633206181, 0.2594886695160613, 0.18390067459330936, 0.3033368925700113], [0.2613636398686744, 0.23350404707483902, 0.18985605668954303, 0.31527625636694345], [0.2028014051321054, 0.32435440864623577, 0.14819193601974312, 0.3246522502019158], [0.14999270154332434, 0.24682459533944612, 0.22691025571089155, 0.376272447406338], [0.23469020746957162, 0.3273616954746947, 0.1723967676974835, 0.26555132935825027], [0.19516564373495157, 0.2732124483040208, 0.38614665996027603, 0.14547524800075165], [0.07049592022390683, 0.0952486469656673, 0.5251707571132119, 0.30908467569721404], [0.505354085643786, 0.11373613172410657, 0.1567757873249153, 0.2241339953071922], [0.19345711530279455, 0.5932289724511867, 0.09674893223973578, 0.11656498000628272], [0.24316733253219144, 0.17239265231869427, 0.19894123318092133, 0.3854987819681929], [0.10570350455069173, 0.27031646567825696, 0.4712913674624725, 0.1526886623085787], [0.20828963209424045, 0.31732041867426775, 0.131704587417004, 0.3426853618144879], [0.3095225226301937, 0.27287623809889355, 0.14078763432674277, 0.2768136049441702], [0.21568023862352192, 0.15955869115168442, 0.11808142351357313, 0.5066796467112205], [0.24171613431233765, 0.4051549573118686, 0.1169818925648357, 0.2361470158109582], [0.1837875213755565, 0.1791555975063336, 0.1204439820075935, 0.5166128991105164], [0.18284207952405515, 0.31611972553809015, 0.2025958695271939, 0.29844232541066074], [0.1335112224499079, 0.2869857439180706, 0.24938811960169527, 0.33011491403032645], [0.22344674497260222, 0.42697211610190683, 0.10036214480755161, 0.24921899411793946], [0.2022144715840171, 0.44884295729100765, 0.11525546849422638, 0.23368710263074882], [0.24423676632362643, 0.4215472759804182, 0.14844764329876542, 0.18576831439719008], [0.16224536473728618, 0.4336450145527629, 0.15558516336499398, 0.24852445734495698], [0.31827289123760816, 0.24010902145158652, 0.2077137449575834, 0.23390434235322205], [0.1641421050803811, 0.3243380913719443, 0.10862716590860748, 0.4028926376390671], [0.16836386661202762, 0.2768894528803046, 0.12519082981704938, 0.42955585069061847], [0.26593554371399963, 0.3416088293026176, 0.2194300907765345, 0.1730255362068483], [0.11581827385668704, 0.3216153120737179, 0.15170246632620646, 0.4108639477433886], [0.2500898531002107, 0.22678702552345548, 0.19152582592323908, 0.3315972954530948], [0.13604354147055758, 0.3359284708669213, 0.33574579828604545, 0.19228218937647568], [0.2542265372031881, 0.342605917400395, 0.14740504667256804, 0.2557624987238489], [0.3554978857656351, 0.17384602867766435, 0.1913744919472189, 0.2792815936094818], [0.15573807337774687, 0.3468915646627822, 0.37353662473636073, 0.12383373722311018], [0.2746976910286508, 0.17459973565543688, 0.05267417657650853, 0.4980283967394037], [0.3134868435447461, 0.2857042256502315, 0.0581702039515585, 0.3426387268534638], [0.08055723269847626, 0.4953686556399923, 0.19710431002692233, 0.2269698016346092], [0.20218936550825287, 0.17712275528084498, 0.2841521572400244, 0.3365357219708779], [0.2613147054259479, 0.3711243481489687, 0.08307665432324186, 0.28448429210184145], [0.11884634905136013, 0.2980431586181491, 0.15539763601737633, 0.42771285631311434], [0.0948875664802839, 0.5812046709246312, 0.07229260369141523, 0.2516151589036696], [0.2663307502774718, 0.22559013312707576, 0.17530519384896834, 0.33277392274648415], [0.4444714606454373, 0.2869531383946046, 0.08235924484811598, 0.18621615611184217], [0.27703347591477945, 0.2541347318064037, 0.19205991685376717, 0.27677187542504966], [0.2659968064259568, 0.3660081268962562, 0.13193259408625313, 0.2360624725915339], [0.219165329546628, 0.3832218554381251, 0.09337389791336623, 0.3042389171018807], [0.42201727558000796, 0.29619762074045836, 0.07560827908979241, 0.20617682458974132], [0.2537273497193747, 0.324601945025064, 0.15593952309278872, 0.2657311821627727], [0.11273880657826306, 0.2978659536119091, 0.32905889840277425, 0.2603363414070536], [0.2206924570431392, 0.22371212862819906, 0.12175493642224593, 0.43384047790641583], [0.47994120824318687, 0.16507019325736155, 0.19317833138285032, 0.16181026711660138], [0.5342788926870656, 0.25723984775707553, 0.09399647827725614, 0.11448478127860261], [0.08918929465430452, 0.6342904478639156, 0.09541728434365639, 0.1811029731381235], [0.10617385227903194, 0.246170278479404, 0.17105646784599104, 0.476599401395573], [0.2837837676621064, 0.23189630845128953, 0.15615609433021432, 0.32816382955638984], [0.1015961092201213, 0.12629649894003525, 0.049411338883166546, 0.7226960529566769], [0.5595005629001234, 0.11948420640488042, 0.04919360056568142, 0.2718216301293147], [0.40207786687511515, 0.30610051822676065, 0.07756874471239823, 0.21425287018572592], [0.2368583381046886, 0.2508801129902299, 0.38180517115646295, 0.13045637774861868], [0.3237690936845988, 0.2871275468453197, 0.10228163924283673, 0.28682172022724484], [0.09110460229399647, 0.33088005847556096, 0.11451602464725151, 0.46349931458319105], [0.22337520091128815, 0.46199855387054506, 0.12211728822064663, 0.19250895699752021], [0.138807692510312, 0.26635271960772583, 0.14978338515899492, 0.4450562027229672], [0.31587308779095086, 0.09458844433594527, 0.20329890883009635, 0.3862395590430075], [0.15420662359443724, 0.1969984861180774, 0.08228758808992259, 0.5665073021975627], [0.5313612844721228, 0.24103874567343078, 0.06517610229734228, 0.1624238675571042], [0.15570344873822908, 0.3515690870002566, 0.24539819607262403, 0.2473292681888906], [0.16347790107256938, 0.4587807786836363, 0.09240215672437303, 0.28533916351942135], [0.20950790739162978, 0.14684852728836403, 0.5470059152096051, 0.09663765011040114], [0.13092775737493456, 0.21914645936487762, 0.09720278108289993, 0.552723002177288], [0.31299097332763226, 0.25230577466578596, 0.1376052029325353, 0.29709804907404647], [0.13529465043290884, 0.25066366336378765, 0.22739419694151214, 0.38664748926179154], [0.22500489712115693, 0.36722581744286614, 0.15864895982922092, 0.24912032560675604], [0.2912993114018233, 0.11406710039526866, 0.36469376512705737, 0.22993982307585076], [0.15416187998453623, 0.43205742004724496, 0.07629738186002305, 0.33748331810819593], [0.2118311096106848, 0.30296068859857667, 0.08794564086489834, 0.3972625609258401], [0.1302999621121056, 0.34727134083651157, 0.1016850629505509, 0.420743634100832], [0.3321834447374495, 0.2182846703213963, 0.2856087299835074, 0.16392315495764687], [0.1612735877394369, 0.33759045529656845, 0.131090593121123, 0.37004536384287173], [0.31323204665775867, 0.2704850211500824, 0.16161101625235993, 0.2546719159397991], [0.2694847778661614, 0.20613128444307302, 0.24761928356277702, 0.27676465412798856], [0.3141344254267189, 0.29757799600692564, 0.05146207732218499, 0.3368255012441705], [0.26721096764082874, 0.21894022721441053, 0.1291572729790984, 0.3846915321656623], [0.3093423108142579, 0.30390215266848347, 0.11907346702618027, 0.26768206949107837], [0.2340301664212505, 0.19579273117349924, 0.3238938409071267, 0.2462832614981236], [0.14056532760051832, 0.4391978556708541, 0.1521348065064232, 0.2681020102222043], [0.31977942592629366, 0.28624339430753387, 0.11363571260216136, 0.28034146716401104], [0.3164768579732228, 0.3027554240676771, 0.15404366764383548, 0.22672405031526469], [0.2215235356417373, 0.40631039704821864, 0.11231202875600921, 0.25985403855403494], [0.5791638631200138, 0.21709795361886372, 0.060888119980030776, 0.14285006328109187], [0.2515149224677422, 0.39149900552253736, 0.10148514359947082, 0.25550092841024963], [0.27262213701484017, 0.23409002214103167, 0.1877576056921312, 0.3055302351519969], [0.11849522372312023, 0.5203880639850205, 0.1084755757823862, 0.2526411365094732], [0.1695930953406459, 0.6382698492639368, 0.029198973396802632, 0.1629380819986148], [0.18849259057891715, 0.47664453609435886, 0.1104980132051328, 0.22436486012159132], [0.22751532019568382, 0.2819905830709605, 0.15168528846729998, 0.3388088082660557], [0.22355126737578881, 0.2739711199167851, 0.104727691769172, 0.397749920938254], [0.5292167882706024, 0.08452231815879174, 0.07675773464088667, 0.3095031589297193], [0.3870502969901293, 0.33226594487777816, 0.07533721798756585, 0.20534654014452683], [0.1140815541136678, 0.27197460842344456, 0.3907789788220746, 0.22316485864081298], [0.34374141000091896, 0.3121793875688752, 0.08487822297615533, 0.2592009794540504], [0.34206535371194924, 0.3273532064951664, 0.08717747032485196, 0.24340396946803222], [0.8284845219395283, 0.0720972312183995, 0.013587516915767796, 0.0858307299263043], [0.2326256866466937, 0.5304730772931578, 0.13788275872979897, 0.0990184773303496], [0.22025666712887107, 0.46100446070101025, 0.07514860691192071, 0.24359026525819802], [0.06988375568605405, 0.5138759210575733, 0.1906937478474329, 0.22554657540893977], [0.29572487565782324, 0.3708946497724522, 0.050416491746698947, 0.2829639828230257], [0.29199502737711974, 0.43152720350576984, 0.09880552732076849, 0.17767224179634192], [0.24738566291888392, 0.16260393391021818, 0.22961205981947053, 0.3603983433514276], [0.2070012087655934, 0.13256628643395482, 0.07840991386957433, 0.5820225909308773], [0.25729676612550656, 0.3321504470715022, 0.07910920433246345, 0.33144358247052763], [0.21345298161013335, 0.3432282910572089, 0.23180699876896077, 0.211511728563697], [0.46596236879608804, 0.17573266939276888, 0.1644275957359216, 0.19387736607522157], [0.17951316087802519, 0.2534341842490169, 0.06275420357529837, 0.5042984512976594], [0.141934962218929, 0.2926560882761651, 0.2982019623182877, 0.26720698718661823], [0.26925434598844883, 0.2430900816217539, 0.099914871163215, 0.3877407012265822]]}}