{"test": {"ids": ["111116750", "100120780", "99108710", "98116940", "107119390", "104111711", "100109801", "97111790", "113120780", "108118291", "107113180", "101114020", "107115140", "106117650", "97105451", "110119300", "107114200", "106119990", "106115120", "107120010", "101108370", "113119360", "101111210", "100107920", "104114320", "102108621", "98112300", "98106680", "110120640", "113118231", "111115910", "108118060", "99109780", "104117200", "109114651", "98120530", "100113370", "108114270", "108119550", "100115700", "97107040", "108114180", "98109090", "99111000", "109119591", "102110850", "97108520", "110120531", "110118181", "97109080", "99109740", "111116090", "106118161", "102121700", "112121360", "98109311", "105115570", "103111170", "102113350", "106114150", "105116441", "100110050", "109117150", "113118870", "105118740", "107119950", "108113740", "113122510", "104117630", "112119980", "104110960", "107121540", "97116500", "106114321", "104113170", "113121750", "99109161", "98117740", "99107640", "106120640", "104118070", "98108520", "104111830", "108117360", "98111670", "109114220", "111119290", "105116860", "99109860", "108113480", "97112300", "105119550", "105115680", "110115890", "113120531", "98108970", "111119950", "97106770", "113119930", "103113640", "109121351", "108114360", "112118530", "101109000", "101110740", "104111531", "109118231", "105118171", "113118690", "112119580", "97116790", "97114170", "99107630", "99120010", "110117110", "107118490", "113119340", "111120320", "104113380", "104114240", "108115880", "105117200", "108116120", "109113881", "100116790", "111117200", "111118910", "106113360", "111116411", "106111321", "107116300", "113118620", "99116500", "99112641", "103120780", "100111390", "103113270", "110118450", "113122150", "110115980", "112118810", "109113281"], "labels": [3, 1, 2, 2, 2, 1, 0, 2, 0, 3, 3, 3, 0, 1, 0, 1, 2, 0, 1, 1, 1, 0, 2, 0, 2, 3, 2, 1, 0, 3, 2, 1, 2, 3, 3, 1, 3, 3, 1, 1, 2, 1, 1, 2, 0, 3, 2, 0, 1, 2, 3, 3, 3, 1, 3, 1, 0, 2, 3, 1, 1, 3, 2, 0, 1, 3, 3, 2, 0, 0, 2, 2, 2, 2, 3, 0, 3, 2, 1, 3, 2, 2, 3, 1, 1, 3, 3, 2, 2, 0, 2, 1, 2, 2, 0, 3, 0, 3, 1, 1, 0, 1, 1, 1, 3, 0, 1, 3, 3, 3, 2, 2, 2, 2, 0, 2, 0, 1, 1, 0, 3, 3, 1, 0, 2, 0, 0, 0, 0, 0, 0, 3, 2, 1, 1, 2, 2, 0, 2, 1, 3, 0], "predicted_labels": [3, 3, 1, 2, 0, 3, 3, 3, 0, 3, 2, 3, 3, 3, 0, 3, 0, 3, 0, 1, 0, 0, 3, 3, 0, 0, 3, 1, 2, 1, 3, 0, 1, 3, 3, 3, 1, 0, 3, 0, 3, 3, 3, 2, 1, 1, 1, 3, 1, 1, 1, 0, 2, 0, 0, 1, 0, 0, 1, 1, 1, 3, 3, 1, 0, 3, 0, 1, 0, 3, 0, 1, 0, 0, 2, 0, 0, 1, 3, 1, 2, 0, 3, 2, 3, 3, 3, 3, 2, 3, 0, 1, 1, 1, 0, 1, 3, 2, 1, 0, 1, 1, 1, 3, 1, 3, 1, 1, 1, 3, 3, 1, 3, 2, 1, 1, 0, 1, 0, 1, 1, 1, 0, 1, 1, 1, 3, 0, 0, 0, 1, 1, 2, 0, 1, 0, 3, 2, 3, 3, 0, 3], "confidence_scores": [[0.19325546428201582, 0.0009980165962898213, 0.08560577346567416, 0.7201407456560202], [0.0032976995323478727, 0.000293445135938114, 0.011123688481512062, 0.9852851668502018], [0.09813452030734691, 0.810620070302196, 0.01828991358923793, 0.0729554958012191], [0.22809339053244598, 0.3688203202995415, 0.38609509667855835, 0.01699119248945413], [0.5173164577217914, 0.03884228227755319, 0.15449280255311673, 0.2893484574475385], [0.05817099316487289, 0.2775583489906713, 0.09250287378315161, 0.5717677840613042], [0.0041012621693386035, 0.2086585455340594, 0.0010676598776662263, 0.7861725324189357], [0.02030783753245493, 0.005238461762707744, 0.029274243335392858, 0.9451794573694444], [0.8647198360132939, 0.006718579912960917, 0.00102453407134155, 0.12753705000240356], [0.19578770576777715, 0.0007110252455366791, 0.0002590359118268004, 0.8032422330748594], [0.2978356866338967, 0.24379358326609457, 0.41246807504305594, 0.045902655056952846], [0.07360386290599198, 0.014053975098629778, 0.15170465650647944, 0.7606375054888987], [0.008408749690323082, 0.00018813022683089966, 0.014706646787387962, 0.9766964732954581], [0.0893053892283099, 0.0886757365686352, 0.11118519437084143, 0.7108336798322135], [0.9832671071813629, 0.004096835477429479, 2.3613544313155244e-05, 0.012612443796894515], [0.25950518832963554, 0.06861161981047917, 0.004279117656343887, 0.6676040742035414], [0.6888209617662303, 0.21406883288674686, 0.003192295012026552, 0.09391791033499637], [0.0005604930393088124, 0.009613020833604314, 0.0034569216400340864, 0.9863695644870528], [0.8043186314121388, 0.16939895560912976, 0.0006623285467952662, 0.025620084431936058], [0.05467534858831315, 0.5668224173478172, 0.05207752412119741, 0.32642470994267214], [0.9984667439531765, 0.0002571339108374051, 0.0005984890990268205, 0.0006776330369593423], [0.8630679964537937, 0.08041847623785847, 0.0006406959724619607, 0.055872831335885796], [0.09320314357808528, 0.08294045193036607, 0.04927077328499905, 0.7745856312065496], [0.17052455623088345, 0.0066096666495705884, 0.007930384383586288, 0.8149353927359596], [0.9643243212170212, 0.019270390520573586, 0.013006134993275851, 0.00339915326912915], [0.8244296917106168, 0.06385825324465251, 0.00020804464080528771, 0.11150401040392544], [0.22415087207856896, 0.018646883757952742, 0.1857900284350791, 0.5714122157283992], [0.00034218265365653825, 0.9843726274547744, 0.015006262617152395, 0.000278927274416708], [0.38335018748987093, 0.06219806141807422, 0.4449282647701466, 0.10952348632190828], [0.3118964986027251, 0.6626869549579583, 0.00037740177446895075, 0.025039144664847586], [0.10634589004080647, 0.08625480903880388, 0.12869314098697182, 0.6787061599334178], [0.6010565641420091, 0.27767585782976734, 0.0741867176293348, 0.047080860398888646], [0.0038044501441920407, 0.8487598508503024, 0.09497510871345297, 0.052460590292052627], [0.0008963105878566959, 0.457939808536739, 0.016428942678845676, 0.5247349381965586], [0.09498005569788284, 0.32538982514976117, 0.01994093195537959, 0.5596891871969764], [0.01870675593005764, 0.06003654264132846, 0.0001250856876396733, 0.9211316157409742], [0.06966693656639866, 0.3661076319540235, 0.31345176900658267, 0.250773662472995], [0.5129640760910966, 0.006661404606254481, 0.0053772830645078765, 0.47499723623814105], [0.023120059965813955, 0.037793415852645694, 0.027082147752570604, 0.9120043764289698], [0.5945827797384976, 0.25436413917459605, 0.030801849443763726, 0.12025123164314272], [0.0010856099650441086, 7.466756605841029e-05, 0.03798529626976827, 0.9608544261991292], [0.0005586243535216443, 0.24254589838501756, 0.0070220381212794504, 0.7498734391401815], [0.24653229494709103, 0.01152230196155439, 0.08422300466556094, 0.6577223984257937], [0.002108169255169591, 0.3848289348736092, 0.5200199772673181, 0.09304291860390318], [0.22382602005592422, 0.773622113946277, 0.00089546214791423, 0.0016564038498845253], [0.005853552364165362, 0.6537382868629128, 0.33310641769152544, 0.007301743081396276], [0.026426831455178594, 0.8546812158139593, 0.09213894820503761, 0.026753004525824336], [0.01780861910032903, 0.062045556734031726, 0.0004082216547651883, 0.919737602510874], [0.07446631307119435, 0.8494601804047942, 0.006592952291530669, 0.06948055423248087], [0.0005436170617507788, 0.761426765650418, 0.020025634243293015, 0.2180039830445382], [0.05480597329398316, 0.44104463904829777, 0.4141718698528203, 0.08997751780489875], [0.9746493449845526, 0.00013175389702470465, 0.0008003390730551877, 0.0244185620453674], [0.0064781846690108, 0.02335990174620892, 0.6985134531626102, 0.27164846042217006], [0.8178736202994037, 0.1772928912408778, 0.0007459147661397602, 0.004087573693578553], [0.7986551403919075, 0.19431258013022246, 2.5129249983802148e-05, 0.00700715022788619], [0.29299649315897863, 0.41323923304199633, 0.08706645476916663, 0.20669781902985845], [0.5337447469453778, 0.2296314394920117, 0.009564131490206568, 0.22705968207240382], [0.8742851210808498, 0.012582138953724424, 0.1029934758980239, 0.010139264067401819], [0.002826543934557005, 0.5295811450969508, 0.036801978282507385, 0.43079033268598493], [0.025388295479460993, 0.9079064066257231, 0.006152411353476122, 0.06055288654133992], [0.004433284641658806, 0.9888380874162421, 0.0029854939130628116, 0.0037431340290362187], [0.006109183590470439, 0.04853049603253856, 0.07474952805983952, 0.8706107923171515], [0.2867647517288584, 0.192421183492651, 0.0660039003784563, 0.4548101644000343], [0.031502850797085216, 0.6558838032795041, 0.0002399559777410544, 0.31237338994566954], [0.8140352409049214, 0.010706515451781426, 0.008669494042918826, 0.1665887496003782], [0.0014316836675869623, 0.03196109082831621, 0.00041852630424281503, 0.966188699199854], [0.9221270323589184, 0.03879431383930263, 0.008560356697210576, 0.030518297104568416], [0.29235431991322686, 0.5463274499185687, 0.15074107475080872, 0.010577155417395524], [0.9089256297497653, 0.06277199014393181, 0.003896719430223965, 0.024405660676079088], [0.014403362241163523, 0.005561998593522699, 0.00022323771292994844, 0.9798114014523838], [0.9381504646890475, 0.011766854088137718, 0.0015907006860100541, 0.04849198053680473], [0.03186496786329418, 0.8600278704008231, 0.019857983890527807, 0.08824917784535478], [0.5891306907644402, 0.15260089585746578, 0.14598860332956676, 0.11227981004852713], [0.4109576869642055, 0.18929776857755032, 0.29098123367409073, 0.10876331078415336], [0.0028545181010523023, 0.12142183989625316, 0.8636965351381214, 0.012027106864573124], [0.7917503036535961, 0.14331477417631538, 0.002131629050288479, 0.06280329311979997], [0.9984959458658247, 0.0011841423276228882, 0.00031742122171290056, 2.4905848393965017e-06], [0.055672705441081216, 0.6332080213488348, 0.07753822726969085, 0.23358104594039317], [0.0627096795001121, 0.10166157604708911, 0.07719779371095317, 0.7584309507418456], [8.74040099869356e-06, 0.9991015357945316, 0.0007663792673062869, 0.00012334453716333516], [0.22670463333663568, 0.2063489263985787, 0.5276025657431224, 0.03934387452166314], [0.6604594969293692, 0.18046272388671866, 0.0007947526739035207, 0.15828302651000867], [0.09512958497060225, 0.201877235294262, 0.10622489569925932, 0.5967682840358765], [0.0016148222414690957, 0.2198564085311007, 0.5954136542339696, 0.18311511499346061], [0.003790691601646884, 0.01729368429282445, 0.08162309197659084, 0.8972925321289379], [0.18600529670214, 0.2842388793030035, 0.023582927066600635, 0.5061728969282557], [0.0003458884008891027, 0.05540922531721095, 0.005775900064718239, 0.9384689862171817], [0.004834834910453508, 0.2595373106481737, 0.06216940480765655, 0.6734584496337161], [0.06321148863961949, 0.11589461419176722, 0.6207495732153164, 0.20014432395329676], [0.07147930781591197, 0.004097452026036058, 0.06142269041587873, 0.8630005497421732], [0.9827907099688962, 0.005765433668728852, 0.010119115106886564, 0.0013247412554884743], [0.015460369734007284, 0.7721087065322981, 0.0009801041209236403, 0.211450819612771], [0.0001883558819647522, 0.9470371196271186, 0.04708389490629639, 0.0056906295846204024], [0.0023530892233388128, 0.6422425996539556, 0.27203041014684487, 0.08337390097586063], [0.2856881558940246, 0.2779635092064329, 0.20871534523207638, 0.22763298966746615], [0.010214484275919073, 0.9536571055246136, 0.019883264915039504, 0.016245145284428004], [0.0982235561736356, 0.0023506501650540483, 0.02675420742556151, 0.8726715862357489], [0.25023619148092513, 0.03353655478678558, 0.5176161679497923, 0.19861108578249703], [0.30926451724690573, 0.6767490882377002, 0.004901732237319386, 0.009084662278074807], [0.9859170145180812, 0.0005369848494339638, 0.008585664892047483, 0.0049603357404373145], [0.11492113887069114, 0.6705166920767317, 0.0025121123421811852, 0.21205005671039595], [0.002011329658284295, 0.9857434976958869, 0.0116621468763085, 0.0005830257695202568], [0.011153520292901333, 0.6582149675826009, 0.3156038396497123, 0.015027672474785458], [0.0016830465239692698, 0.004740165968255459, 0.08799976843411941, 0.9055770190736558], [0.010904736959753079, 0.803767926547518, 0.1550561060694068, 0.03027123042332201], [0.018825599150782347, 0.006233428122323935, 0.0004717353833337919, 0.9744692373435601], [0.025839225700312243, 0.9716901458843797, 0.0003481518098385478, 0.002122476605469629], [0.0012643628658920373, 0.9904650606693008, 2.5555069047571573e-05, 0.00824502139575945], [0.016518550686318082, 0.9563289979252788, 0.004480614175970715, 0.022671837212432294], [0.014646671647867097, 0.07164414261380382, 0.17195327030978919, 0.7417559154285398], [0.18421557291933321, 0.023921231057682693, 0.28704932511346615, 0.504813870909518], [0.0011490992234227872, 0.9371629593289879, 0.03471487812371293, 0.026973063323876514], [0.08140765557505722, 0.03644257385394444, 0.04742983512456502, 0.8347199354464333], [0.13224898482426134, 0.0015834719568610836, 0.8249439249102634, 0.041223618308614235], [0.0009707649688817808, 0.7668673398495512, 0.1748046207154314, 0.05735727446613549], [0.0022815817118857725, 0.9853842698957722, 0.011846907416030878, 0.00048724097631103224], [0.9468501720887567, 0.014257805066122073, 0.001843342922115774, 0.03704867992300545], [0.054422593893893, 0.7697849653576427, 0.0015708403488146668, 0.17422160039964973], [0.722263839379951, 0.19245091640974882, 0.07155850712631769, 0.013726737083982457], [0.05731791147373569, 0.6109169391959045, 0.2807176401931464, 0.05104750913721357], [0.0034548342877873395, 0.6870504864937894, 0.25467328832403874, 0.05482139089438449], [0.19774860963451196, 0.461199785826596, 0.021650535763561747, 0.31940106877533025], [0.9466182659331049, 0.00471148136211002, 0.008755888214351578, 0.0399143644904336], [0.1870359221917046, 0.7439966541650573, 0.0024038085456047657, 0.06656361509763334], [0.17177962916610745, 0.7385397304360074, 0.07876279317859014, 0.010917847219294813], [0.004244412031381895, 0.6696846990665068, 0.0001767384589154884, 0.32589415044319575], [0.0817836677704809, 0.12017768337759278, 0.014843630833107852, 0.7831950180188185], [0.879035109991813, 0.12071140679950214, 0.00019485411677947186, 5.862909190519604e-05], [0.730848786122424, 0.0013067453052145448, 3.195459997148128e-05, 0.26781251397239], [0.8131547681362676, 0.16098071175919515, 0.005923428768429999, 0.019941091336107254], [0.06339040721517282, 0.8869898200323948, 0.012925974646725966, 0.03669379810570646], [0.000811561256294805, 0.9990390797893971, 2.8292866010578555e-06, 0.00014652966770701078], [0.0006872123237938597, 0.08087278530875704, 0.9160003705263644, 0.002439631841084733], [0.9850923600800422, 0.010670331521587627, 0.002918808937910248, 0.0013184994604597902], [0.23277928649946109, 0.4205099063899843, 0.043032828881018025, 0.30367797822953657], [0.8919555654942988, 0.045152594039399356, 0.02516166371879364, 0.03773017674750831], [0.014766613329719704, 0.14773339481851258, 0.19323740793164712, 0.6442625839201206], [0.0017803249199955281, 0.16107740138164903, 0.7919633292264414, 0.045178944471913965], [0.04250109775918568, 0.07484568928699956, 0.22585744989995932, 0.6567957630538555], [0.19023939985452382, 0.013765067162870126, 0.023745719674315196, 0.7722498133082909], [0.6462064355704886, 0.07497358853643017, 0.0008521690846066449, 0.27796780680847444], [0.11666385772764708, 0.011032153928543587, 3.56034767611112e-05, 0.8722683848670482]]}, "rewritten": {"ids": ["97105451", "97106770", "97107040", "97108520", "97109080", "97111790", "97112300", "97114170", "97116500", "97116790", "98106680", "98108520", "98108970", "98109090", "98109311", "98111670", "98112300", "98116940", "98117740", "98120530", "99107630", "99107640", "99108710", "99109161", "99109740", "99109780", "99109860", "99111000", "99112641", "99116500", "99120010", "100107920", "100109801", "100110050", "100111390", "100113370", "100115700", "100116790", "100120780", "101108370", "101109000", "101110740", "101111210", "101114020", "102108621", "102110850", "102113350", "102121700", "103111170", "103113270", "103113640", "103120780", "104110960", "104111531", "104111711", "104111830", "104113170", "104113380", "104114240", "104114320", "104117200", "104117630", "104118070", "105115570", "105115680", "105116441", "105116860", "105117200", "105118171", "105118740", "105119550", "106111321", "106113360", "106114150", "106114321", "106115120", "106117650", "106118161", "106119990", "106120640", "107113180", "107114200", "107115140", "107116300", "107118490", "107119390", "107119950", "107120010", "107121540", "108113480", "108113740", "108114180", "108114270", "108114360", "108115880", "108116120", "108117360", "108118060", "108118291", "108119550", "109113281", "109113881", "109114220", "109114651", "109117150", "109118231", "109119591", "109121351", "110115890", "110115980", "110117110", "110118181", "110118450", "110119300", "110120531", "110120640", "111115910", "111116090", "111116411", "111116750", "111117200", "111118910", "111119290", "111119950", "111120320", "112118530", "112118810", "112119580", "112119980", "112121360", "113118231", "113118620", "113118690", "113118870", "113119340", "113119360", "113119930", "113120531", "113120780", "113121750", "113122150", "113122510"], "labels": [0, 3, 2, 2, 2, 2, 2, 2, 2, 2, 1, 2, 3, 1, 1, 1, 2, 2, 2, 1, 2, 1, 2, 3, 3, 2, 2, 2, 1, 2, 2, 0, 0, 3, 2, 3, 1, 2, 1, 1, 1, 3, 2, 3, 3, 3, 3, 1, 2, 2, 1, 1, 2, 0, 1, 3, 3, 1, 0, 2, 3, 0, 2, 0, 2, 1, 2, 3, 3, 1, 1, 0, 0, 1, 2, 1, 1, 3, 0, 3, 3, 2, 0, 0, 2, 2, 3, 1, 2, 0, 3, 1, 3, 1, 3, 1, 1, 1, 3, 1, 0, 0, 3, 3, 2, 1, 0, 0, 2, 1, 0, 1, 0, 1, 0, 0, 2, 3, 0, 3, 0, 0, 3, 0, 1, 1, 3, 3, 0, 3, 3, 3, 3, 0, 0, 0, 1, 0, 0, 0, 2, 2], "predicted_labels": [0, 0, 3, 3, 1, 3, 0, 1, 0, 3, 1, 0, 1, 3, 1, 3, 0, 1, 3, 1, 3, 3, 1, 0, 3, 1, 2, 1, 0, 1, 2, 3, 3, 1, 3, 1, 0, 1, 3, 0, 3, 1, 1, 3, 3, 2, 3, 0, 0, 3, 0, 1, 0, 3, 1, 2, 2, 0, 1, 0, 1, 0, 0, 1, 1, 1, 3, 0, 1, 0, 1, 0, 0, 0, 2, 0, 3, 3, 3, 1, 3, 3, 3, 3, 1, 0, 3, 2, 1, 3, 0, 3, 0, 1, 1, 0, 3, 0, 0, 3, 3, 1, 3, 1, 3, 1, 0, 1, 3, 3, 2, 1, 2, 1, 3, 1, 3, 0, 0, 3, 1, 3, 3, 3, 1, 2, 1, 3, 3, 0, 1, 1, 1, 3, 0, 0, 1, 3, 0, 0, 3, 0], "confidence_scores": [[0.9870361896624016, 0.0026361063986727533, 2.1387669312188786e-05, 0.010306316269613333], [0.48162571795922465, 0.024050875638893767, 0.39816587750265026, 0.0961575288992312], [0.0013336259792650275, 2.544216110948966e-05, 0.01708455596055046, 0.9815563758990751], [0.015869123718970517, 0.18939697975767322, 0.055601066946891105, 0.7391328295764652], [9.575581499653095e-05, 0.8713307054656618, 0.009558341864580155, 0.11901519685476164], [0.02404013711135626, 0.00863636262874056, 0.0032731201750318423, 0.9640503800848712], [0.9762904502586677, 0.006075146577852872, 0.015380536153591836, 0.0022538670098876516], [0.0006985000793287779, 0.9541624909414056, 0.01451059260596581, 0.030628416373299838], [0.4928440451093846, 0.33320362101965567, 0.10264597116476587, 0.07130636270619387], [0.13352845876033062, 0.10618705612427765, 0.13516790574241888, 0.6251165793729728], [0.005827402366830894, 0.7196327115725744, 0.24527421652221096, 0.0292656695383839], [0.9518550770166669, 0.04312189932595629, 0.004096492169693788, 0.0009265314876831016], [0.0014171666647081708, 0.9962139602160691, 0.001480018074133948, 0.0008888550450887722], [0.2031652705083219, 0.02700491321933515, 0.019312871971129943, 0.750516944301213], [0.03909167957587843, 0.7277107976117598, 0.027088554363536688, 0.20610896844882493], [0.0007947194121682473, 0.0372737368182518, 0.05509360924639617, 0.9068379345231837], [0.6299268362141929, 0.027715681275605294, 0.06160386369947022, 0.2807536188107316], [0.23463907783033888, 0.4166545019023134, 0.3431083579467448, 0.005598062320603025], [0.23293437453980154, 0.21689492969556343, 0.10695877686983317, 0.44321191889480177], [0.11581360397514069, 0.5566801400282034, 0.0003143432319999715, 0.3271919127646559], [0.037640451774423454, 0.01937627576896723, 0.02605958831641346, 0.916923684140196], [0.03408062742763741, 0.1544978938456801, 0.011443461655264464, 0.799978017071418], [0.09821460820036648, 0.844024629195173, 0.024221739097739548, 0.033539023506720944], [0.9713603595640399, 0.020227045285361064, 0.008376494115514275, 3.61010350848827e-05], [0.045900929934983015, 0.033452076265252616, 0.31537018348960577, 0.6052768103101586], [0.0005907820161996823, 0.8839353421700735, 0.06689411013395323, 0.04857976567977347], [0.049770896015555705, 0.1883092246738947, 0.5328311844557921, 0.22908869485475752], [0.0011242278725364426, 0.7854863207119316, 0.19295863614377437, 0.020430815271757684], [0.9900614972606887, 0.00829896535805077, 0.0013073247077435173, 0.00033221267351713656], [0.00021322077166197273, 0.8191551641780365, 0.17663080669929868, 0.0040008083510028785], [0.03143070058893268, 0.005625836281079324, 0.9111246377396567, 0.0518188253903314], [0.08900129055990581, 0.020435135188594532, 0.0015670283289999395, 0.8889965459224998], [0.0038580276018853462, 0.481187481863712, 0.0005588932120839468, 0.5143955973223187], [0.027089419237311202, 0.6584368322334356, 0.05365826744345167, 0.2608154810858014], [0.04453299763991829, 0.005845105319020066, 0.018167175234430344, 0.9314547218066314], [0.06107234316351383, 0.6847816650189972, 0.1445467138294668, 0.10959927798802217], [0.5761678241756537, 0.1953578417279997, 0.03808299754758279, 0.19039133654876397], [0.14936738467004937, 0.46662987112128446, 0.3527144958960507, 0.031288248312615334], [0.004837667168589611, 0.0006798919783681515, 0.016126860547228773, 0.9783555803058134], [0.9969788058107277, 0.0005224289405122698, 0.0010906522562258109, 0.001408112992534137], [0.0037798598802765374, 0.0012206803414415775, 0.07120521012337688, 0.923794249654905], [0.005894866893817191, 0.6081037147259529, 0.36892082924602254, 0.017080589134207284], [0.016195507025483887, 0.5461185749697691, 0.05627945305888465, 0.38140646494586233], [0.06532498396937195, 0.021791005518279723, 0.22135727613968714, 0.6915267343726612], [4.008693133182477e-05, 0.16507492395037798, 0.0051587054570527875, 0.8297262836612375], [0.0060371716778326355, 0.180766596485282, 0.80904969099895, 0.004146540837935387], [0.005146613069089205, 0.3589962719960748, 0.029889201803920264, 0.6059679131309158], [0.8035132267069227, 0.11377606942593727, 0.025220502092823043, 0.05749020177431692], [0.8424803780589109, 0.014755072861858608, 0.11842736728173463, 0.024337181797496037], [0.005621664025323941, 0.2949432575655934, 0.14444159016605923, 0.5549934882430234], [0.9911555771691931, 0.00024827019871283214, 0.004438539178987051, 0.004157613453106832], [0.2581783197880452, 0.732148797946778, 0.0040071760134549154, 0.005665706251721932], [0.9680092909416097, 0.02213889980536317, 0.0007986745310106716, 0.009053134722016453], [0.007048896407287582, 0.0220628054668882, 0.0005791969113341029, 0.9703091012144901], [0.014462961525926424, 0.9772932718323111, 0.0010785937616889986, 0.007165172880073359], [0.15486040468888043, 0.08314592506681488, 0.49069583224207647, 0.2712978380022283], [0.0044562016751565885, 0.04186384693387399, 0.9513754739911711, 0.0023044773997982376], [0.49980253121364904, 0.16960153577552986, 0.32515099557560323, 0.005444937435217809], [0.016729337156513063, 0.4952100373840332, 0.40199821160660215, 0.08606241385285161], [0.6236926926551094, 0.2800233295063586, 0.08046441244614484, 0.015819565392387176], [0.0015590518582123296, 0.4817634398439496, 0.04436519739738079, 0.4723123109004572], [0.8129167882081626, 0.13483958677591854, 0.013461761119957831, 0.03878186389596115], [0.5842292297712045, 0.12631172165705704, 0.2815642456089564, 0.007894802962782022], [0.060858203044978416, 0.8716890480674159, 0.006062729077213541, 0.0613900198103921], [0.00023355655573577914, 0.8965436022047434, 0.09790365915787569, 0.005319182081645105], [0.2878246450807223, 0.698087468230633, 0.008098959658917316, 0.005988927029727333], [0.002527324268583909, 0.11867226785754466, 0.01670893720102472, 0.8620914706728467], [0.9387209041529028, 0.0016686293955212215, 0.0035139237714875583, 0.05609654268008845], [0.015898129983459002, 0.6818385113477016, 0.000208727502088076, 0.3020546311667513], [0.8033672135476216, 0.03071822770477895, 0.027238445949313912, 0.13867611279828557], [0.006009561852677418, 0.8858705701613115, 0.001269702916812199, 0.10685016506919885], [0.9633174867170644, 0.007372092510719023, 0.026854399784935177, 0.002456020987281406], [0.8435866210063144, 0.1531296099101122, 0.0032011430955400837, 8.262598803320728e-05], [0.812429601391294, 0.11483980352810233, 0.0023673213272766215, 0.0703632737533269], [0.019129723050792, 0.16686440952011786, 0.8119342254015829, 0.002071642027507302], [0.5892791962269464, 0.3884731321704256, 0.001229243593521818, 0.021018428009106162], [0.15709537182890743, 0.2602725036108752, 0.07331609832156506, 0.5093160262386522], [0.003030831595945038, 0.0036903216634521035, 0.317463665888777, 0.6758151808518258], [0.0010831042724116246, 0.027946273524998837, 0.0017312220696723507, 0.9692394001329172], [0.00014442388408548103, 0.9970522119887505, 0.0026276322981534767, 0.00017573182901069225], [0.02946804438701468, 0.20442756351912267, 0.3685004040525379, 0.3976039880413247], [0.2343710774325575, 0.06266113026603187, 0.002122266042038619, 0.700845526259372], [0.01550184272833306, 0.000920881880013192, 0.01856684530958912, 0.9650104300820647], [0.027735199193347257, 0.24009846119097736, 0.0014096451976655768, 0.7307566944180097], [0.001307416073542381, 0.9887810028363742, 0.009155060729840564, 0.0007565203602429774], [0.390394804161579, 0.0073526102277361866, 0.2639098232662702, 0.33834276234441474], [3.4133839143089305e-05, 0.021792264400203005, 0.00014027916090442468, 0.9780333225997495], [0.07967829966681558, 0.36692874498397043, 0.5435204783853523, 0.009872476963861686], [0.012442857259596735, 0.9632781364269408, 0.012307681265270886, 0.011971325048191525], [0.03134394965003165, 0.003788259683137708, 0.014015425142829177, 0.9508523655240015], [0.881147237496922, 0.05550598943621335, 0.009898441650897443, 0.05344833141596708], [0.0009072090542486701, 0.014233260730840833, 0.008167512550165922, 0.9766920176647447], [0.5750331338221116, 0.0027492033632088024, 0.0027953814524024, 0.4194222813622771], [0.00460548593754901, 0.8978363777180894, 0.09670003070696903, 0.0008581056373925143], [0.0034723790017740343, 0.766898894922832, 0.20123934129546187, 0.02838938477993207], [0.9412759064320358, 0.00011616993042809186, 0.004628319294729335, 0.053979604342806776], [0.0003369847273381419, 0.26180777234194713, 0.14491220582014958, 0.5929430371105652], [0.6731451613437059, 0.12625173460190503, 0.1584010591389975, 0.04220204491539155], [0.8342238816410781, 0.0026423100964581957, 0.0006005107371841058, 0.16253329752527965], [0.028880414671601774, 0.10283666595127335, 0.023966815565743115, 0.8443161038113818], [0.20943551761917079, 0.04688816216219986, 0.00010866204055182841, 0.7435676581780775], [0.01867114722392603, 0.9714684547606155, 0.0012488532332745048, 0.008611544782183782], [0.1745193900539123, 0.36214188001350844, 0.016329511427143836, 0.44700921850543546], [0.051943743769749, 0.6373709799641313, 0.009426157487244591, 0.3012591187788752], [0.13029964525229354, 0.2512696360000967, 0.03447763248268886, 0.5839530862649208], [0.02693277505376291, 0.9591710839158377, 0.003320010997359833, 0.010576130033039465], [0.6702771497652376, 0.31647686837101485, 0.007974583141766235, 0.005271398721981347], [0.1014203095082605, 0.4665969495420535, 0.008848995838286482, 0.4231337451113995], [0.0047469914498037636, 0.38554975349613707, 0.1570619030472534, 0.4526413520068058], [0.05642913470379858, 0.018324847165829685, 0.013622741318913745, 0.9116232768114578], [0.04354740876352197, 0.2859781027655906, 0.5836920508268535, 0.08678243764403401], [0.20561808404664692, 0.6637836515531159, 0.0016263152323975926, 0.1289719491678395], [0.0018470901645723633, 0.06771739680032812, 0.7270693516701019, 0.20336616136499766], [0.10531945684975084, 0.46572333992876663, 0.002879339159818133, 0.42607786406166454], [0.011624666152319107, 0.09954596417518782, 0.0002453611901318094, 0.8885840084823612], [0.06872011232151473, 0.6119373797911107, 0.3036001332921816, 0.015742374595192756], [0.1043174127961073, 0.2139884735270139, 0.1735670822221879, 0.508127031454691], [0.601642452261148, 0.0006263659643753613, 0.003100230431940363, 0.39463095134253623], [0.7214092988136995, 0.008107510837100861, 0.00014281828873177624, 0.2703403720604679], [0.08655815377116627, 0.0033383850070882537, 0.11628446354763522, 0.7938189976741102], [0.0007111936831961844, 0.5483639967901707, 0.0003126086457303056, 0.4506122008809028], [0.023972939759589376, 0.0386932082884858, 0.008511859813906774, 0.9288219921380181], [0.0008923665579095089, 0.03771125368418479, 0.0038457289910253933, 0.9575506507668804], [0.023094909572649584, 0.004249760226005982, 0.029020387043277442, 0.943634943158067], [0.016230904290768455, 0.5517105001617202, 0.028242333150735918, 0.4038162623967755], [0.00934822264730889, 0.12977098346272725, 0.8478450905505225, 0.01303570333944138], [0.34553485754194446, 0.3771246281433303, 0.0010756005627523444, 0.27626491375197293], [0.002958443181415229, 0.038487644376133355, 0.15660773987423826, 0.8019461725682131], [0.02272838461584489, 0.008944146614528485, 0.0006700123950526621, 0.9676574563745739], [0.604945168587929, 0.3831531502870327, 3.35332921564885e-05, 0.011868147832881851], [0.10801880055869745, 0.8775847011135315, 0.001778844503363878, 0.01261765382440711], [0.0005581051033956528, 0.9993655903343851, 3.7305660943192496e-06, 7.257399612505452e-05], [0.0019246378671161522, 0.973737638750912, 0.005023531943247942, 0.019314191438723826], [0.027104831631222275, 0.4843103853240595, 0.00127032583485968, 0.4873144572098586], [0.9272839995485685, 0.005098632912901089, 0.00950319581687564, 0.05811417172165462], [0.5342125239536258, 0.3976969271292523, 0.004695099016831439, 0.06339544990029052], [0.46438863350595655, 0.49471128838697703, 0.005852199473551775, 0.035047878633514655], [0.1345312566947645, 0.13217660320615174, 0.05573587764712824, 0.6775562624519554], [0.8690918415303048, 0.02264738743104852, 0.007133088656850375, 0.10112768238179623], [0.958485979249459, 0.008352747964067259, 0.0024664704201075205, 0.030694802366366174], [0.01166113892567881, 0.07331559142544183, 0.37821845918346014, 0.5368048104654193], [0.5097229393131479, 0.1985047986895998, 0.27263172962978316, 0.01914053236746913]]}}