{"test": {"ids": ["99111620", "103110840", "105112240", "107113840", "99120010", "113122180", "97111790", "111118301", "110116501", "110118630", "113122650", "110118450", "106114321", "107118490", "110119300", "98108580", "101108580", "97112290", "111115400", "113120601", "113119480", "106116640", "100111270", "112117580", "113120280", "109113591", "111116170", "108121351", "102108621", "107114321", "106115250", "112120640", "101108370", "111119430", "99109860", "103117200", "97107040", "112118930", "104118340", "99121440", "105115720", "113119950", "100108080", "100120010", "110115710", "112116640", "110114610", "112120700", "105113170", "107113170", "109117150", "107119130", "100109311", "101115190", "107112850", "112118530", "113117550", "113122160", "98107210", "112118880", "105112130", "98108410", "98116090", "112116800", "110120640", "97112300", "105121370", "106113190", "109116810", "106118301", "99108580", "110120540", "99109840", "108118301", "104111711", "110114950", "113121190", "98106680", "99105921", "104114410", "112120290", "109121410", "109116930", "112117660", "97116800", "111117120", "113118421", "110117500", "104113550", "113118490", "111116990", "101111620", "102110890", "100108490", "109121351", "112116810", "99112641", "98108970", "107114110", "110114920", "107118780", "107114140", "107116501", "111117571", "113119120", "107120010", "105119950", "99114890", "105120621", "97107260", "102117351", "100109000", "97106600", "110118880", "102113350", "112117210", "109115380", "98109090", "105117351", "97109080", "100109801", "101109120", "97108520", "107121640", "104116800", "101119591", "102109850", "99112300", "107114490", "112119980", "103111990", "111120220", "113120540", "105116501", "100111390", "110119030", "99111000", "99109910", "98121790", "111118810", "112117780", "105113330"], "labels": [3, 1, 1, 3, 2, 2, 2, 3, 3, 1, 2, 0, 2, 2, 1, 0, 0, 1, 0, 2, 3, 3, 2, 0, 0, 3, 0, 3, 3, 0, 2, 0, 1, 3, 2, 0, 2, 1, 2, 2, 1, 0, 0, 0, 2, 0, 1, 2, 0, 0, 2, 1, 1, 1, 1, 1, 3, 3, 1, 1, 1, 1, 0, 0, 0, 2, 2, 0, 3, 1, 0, 1, 2, 1, 1, 0, 1, 1, 1, 1, 1, 0, 0, 0, 0, 2, 3, 1, 1, 1, 0, 3, 0, 2, 0, 3, 1, 3, 1, 3, 1, 2, 1, 3, 3, 1, 3, 2, 1, 2, 1, 1, 3, 0, 3, 1, 3, 1, 0, 2, 0, 1, 2, 1, 1, 0, 1, 0, 3, 0, 2, 3, 3, 1, 2, 0, 2, 2, 2, 0, 0, 3], "predicted_labels": [0, 3, 3, 3, 0, 3, 3, 3, 3, 3, 2, 3, 1, 0, 0, 0, 3, 3, 3, 1, 1, 3, 1, 3, 3, 0, 1, 1, 3, 1, 3, 1, 0, 3, 3, 1, 2, 2, 3, 1, 0, 3, 3, 1, 3, 1, 3, 3, 3, 1, 1, 1, 3, 1, 3, 1, 3, 3, 0, 1, 2, 1, 3, 3, 1, 3, 1, 3, 0, 0, 1, 1, 1, 3, 0, 3, 1, 2, 3, 3, 1, 1, 3, 3, 1, 1, 0, 2, 0, 3, 0, 3, 0, 1, 3, 0, 1, 1, 3, 1, 3, 1, 3, 3, 3, 1, 0, 2, 0, 3, 1, 0, 1, 3, 3, 1, 1, 1, 3, 1, 1, 3, 2, 1, 3, 0, 2, 1, 1, 3, 3, 3, 1, 0, 3, 0, 1, 2, 0, 1, 3, 3], "confidence_scores": [[0.3180081756638389, 0.20155366972231675, 0.2881561494621584, 0.19228200515168598], [0.24335044918567675, 0.25754877839935053, 0.2002125667337258, 0.298888205681247], [0.2222665887883998, 0.2672153082727623, 0.13526431725401847, 0.37525378568481943], [0.23650143272854401, 0.21730522773168523, 0.14415860633545063, 0.4020347332043201], [0.32033282769824434, 0.2023724450190734, 0.18447134915421148, 0.2928233781284708], [0.12566791356183543, 0.29991108030507657, 0.1887664961661874, 0.3856545099669007], [0.1954018874060887, 0.2569667324225855, 0.24172929131606868, 0.3059020888552572], [0.19914104631551038, 0.203121263451538, 0.09214441793389479, 0.5055932722990569], [0.21700452940779996, 0.2946388257328002, 0.08713381310236708, 0.4012228317570328], [0.19300537233959217, 0.29901205722333396, 0.185852967142342, 0.32212960329473195], [0.17402046049529388, 0.2552011902844937, 0.29456486459537, 0.27621348462484246], [0.22846427762831778, 0.21391649705014287, 0.19690715031664993, 0.3607120750048895], [0.19692535052432344, 0.3591005767931032, 0.1342230668037745, 0.309751005878799], [0.5831659675824022, 0.15717645798367924, 0.0978564970113914, 0.16180107742252717], [0.6110332854896344, 0.15950573480984573, 0.05984674265017531, 0.16961423705034465], [0.2997283503716177, 0.25443128325586506, 0.14764526833307612, 0.29819509803944094], [0.23172881426462122, 0.24899978446424, 0.2138797563879261, 0.3053916448832127], [0.16971619446127562, 0.30859581041657613, 0.1954607994885952, 0.32622719563355296], [0.26021715226375286, 0.2318942990193774, 0.1747661427414627, 0.3331224059754072], [0.16304784936035802, 0.4809294757392172, 0.07363513697112187, 0.282387537929303], [0.15044184490629037, 0.4988452717182609, 0.17383361656296284, 0.17687926681248595], [0.21939950462486482, 0.18688054895447195, 0.21787452832721113, 0.3758454180934522], [0.12665980839578878, 0.38690282669935644, 0.25968202741192614, 0.22675533749292862], [0.21869520581590024, 0.18964658823232902, 0.16075951127949917, 0.43089869467227143], [0.18298974713108834, 0.1321232275623158, 0.2283206184012482, 0.4565664069053477], [0.36696136124973655, 0.2699535766834266, 0.12648442870507287, 0.23660063336176398], [0.11642053788101925, 0.5013030409744944, 0.20830754594971992, 0.17396887519476628], [0.22866394863535366, 0.4339363834133109, 0.09250928432996797, 0.24489038362136745], [0.20838324328801092, 0.13338907321024074, 0.09280303574813682, 0.5654246477536116], [0.2996007639898353, 0.3064913499813878, 0.1689259422839165, 0.22498194374486027], [0.27483968174884027, 0.21249935778214019, 0.09416914025478408, 0.4184918202142357], [0.11444560605516763, 0.3767023220524642, 0.16994174956387845, 0.3389103223284898], [0.3308265651263021, 0.17936015979779882, 0.30255313715549564, 0.1872601379204035], [0.20773343327358626, 0.3154090102264174, 0.12646133890784494, 0.3503962175921514], [0.17067534942710083, 0.27691839117542577, 0.272806554896481, 0.27959970450099264], [0.1583102140288776, 0.4071119564890602, 0.1308606947157569, 0.30371713476630535], [0.1955319659982998, 0.24690540674053874, 0.28200042866482566, 0.27556219859633585], [0.17452270430960232, 0.264607007451869, 0.3183072604915042, 0.24256302774702432], [0.2605118390905763, 0.18119702928452866, 0.2109976279682675, 0.34729350365662753], [0.17079166394583867, 0.35590479759670157, 0.32160456155980344, 0.1516989768976565], [0.30129372996070586, 0.29577932003997653, 0.1909628802543851, 0.2119640697449326], [0.159355479311721, 0.3153353614567421, 0.11871461829367838, 0.4065945409378586], [0.24102415908884653, 0.17691102534650602, 0.279554236573486, 0.30251057899116157], [0.14088980984102403, 0.448442594391584, 0.13587830023331188, 0.27478929553408], [0.13782408792298978, 0.19058684930873684, 0.2672854154931242, 0.40430364727514917], [0.13786902773231816, 0.5343329731297478, 0.127984689071716, 0.19981331006621805], [0.21120085312159792, 0.23098992078385722, 0.15066472127254862, 0.40714450482199627], [0.17712468359353123, 0.24269408192424033, 0.17675093575430556, 0.4034302987279229], [0.22372287123157272, 0.1267457527890517, 0.12386449271341742, 0.5256668832659582], [0.223508229027512, 0.4074638632614248, 0.12553023509424927, 0.2434976726168141], [0.1720320893337155, 0.4162564337751109, 0.11568434996521144, 0.29602712692596206], [0.33310309032636043, 0.3696880362923036, 0.1093079189714544, 0.1879009544098816], [0.25613887949916003, 0.19556050040642756, 0.15222443693000454, 0.39607618316440796], [0.19380228619114348, 0.39474823206567317, 0.1484339640907761, 0.2630155176524073], [0.2558265799408758, 0.20114507015013283, 0.1303180660680381, 0.4127102838409532], [0.12942174331509312, 0.6091923489913997, 0.0764408089877672, 0.18494509870574016], [0.16899129781772884, 0.1618896065983052, 0.14870007530486057, 0.5204190202791055], [0.16372091274231568, 0.3232846519407141, 0.16157925245437932, 0.3514151828625908], [0.4714977932690268, 0.15292438387114415, 0.183974725104627, 0.19160309775520198], [0.19056741395918667, 0.30988638397232177, 0.2515415676674883, 0.24800463440100343], [0.12373848434318334, 0.14176553261526503, 0.48794659865577167, 0.24654938438577995], [0.19633266695271923, 0.45616650207624493, 0.21562136399650966, 0.1318794669745263], [0.18583486276516747, 0.3339313978500424, 0.13458046802659912, 0.345653271358191], [0.2610653591040407, 0.2726699568502582, 0.15902157642584291, 0.3072431076198583], [0.16035929781552552, 0.3541407375943016, 0.16077992673986677, 0.3247200378503062], [0.21596996404967483, 0.18811118789148615, 0.21283781158700374, 0.3830810364718352], [0.12481010445878331, 0.4057422418180573, 0.1275842082507163, 0.3418634454724432], [0.1905284273688534, 0.20763500928369855, 0.10671889032577381, 0.4951176730216743], [0.35823907815288447, 0.26124466029904564, 0.2400155415751717, 0.14050071997289845], [0.42408425108281655, 0.10862949598720019, 0.08275967246230728, 0.3845265804676761], [0.19604467887574475, 0.29951531998376385, 0.2780366637105668, 0.22640333742992458], [0.13059210000928412, 0.5791821876940629, 0.16933571630859534, 0.12088999598805766], [0.14914259327114457, 0.422822477728572, 0.15109084503735387, 0.2769440839629294], [0.25380632991282737, 0.30568842301836296, 0.09927746494408612, 0.3412277821247234], [0.32016239423388715, 0.3105219485961357, 0.1327545512836427, 0.2365611058863347], [0.25207720317751586, 0.1476864001098274, 0.19803458762569942, 0.40220180908695735], [0.1355575268509271, 0.4164016384064961, 0.10592924622423029, 0.34211158851834655], [0.27166713180229796, 0.22428102115681037, 0.2946769272049026, 0.20937491983598905], [0.20234081051499542, 0.31978256169732644, 0.13128619194441976, 0.34659043584325844], [0.27433543074679095, 0.1724788768723882, 0.18127001158344982, 0.3719156807973709], [0.17662201663796712, 0.3196682953479374, 0.2620050744102356, 0.24170461360385975], [0.1385944590086823, 0.4137838139648, 0.18600730091426412, 0.26161442611225355], [0.17845098881227384, 0.2858130917572006, 0.22414401302091183, 0.31159190640961376], [0.23177684313449323, 0.22602962854297495, 0.18480627994132778, 0.35738724838120395], [0.27109676067282373, 0.3151017780007497, 0.10355718853235499, 0.3102442727940717], [0.2641303234135791, 0.46999801048246803, 0.07915434534670626, 0.18671732075724673], [0.4610122069164625, 0.11382599770766165, 0.08133823784107634, 0.3438235575347995], [0.13942705099987276, 0.22152256082251867, 0.4239740343582141, 0.21507635381939433], [0.3141275815546686, 0.28527596164651736, 0.12371959940860128, 0.2768768573902129], [0.29046215789839286, 0.18070331582739155, 0.23359267579901222, 0.2952418504752035], [0.37150868555610306, 0.11807510009139255, 0.13892425648706552, 0.3714919578654389], [0.2475668121972908, 0.2073959577747891, 0.1691253222308725, 0.37591190779704775], [0.2945343494316551, 0.27249941121929533, 0.1519060636775254, 0.2810601756715243], [0.21629853898883308, 0.3455617453654494, 0.20884430195241271, 0.22929541369330486], [0.15249775465770715, 0.14589404262126804, 0.07712648824836389, 0.6244817144726609], [0.32306047857035397, 0.20328188429613328, 0.23617609297640754, 0.2374815441571053], [0.18567056142066268, 0.2832053448336579, 0.2566445540051385, 0.27447953974054096], [0.14866028605337694, 0.3348077556684853, 0.22548548415333924, 0.29104647412479867], [0.1565747722736957, 0.1422727697371406, 0.2925608664160257, 0.40859159157313796], [0.174481611358011, 0.47791561017826284, 0.11457510970833652, 0.23302766875538977], [0.2816613119800702, 0.20454713771404617, 0.11828237936171304, 0.39550917094417054], [0.2601127728024423, 0.35430922472263165, 0.1943654713291699, 0.19121253114575612], [0.3311293670610497, 0.1656598559911583, 0.17202651324671683, 0.3311842637010753], [0.21843770515446592, 0.30198702228100593, 0.1302059178316288, 0.3493693547328993], [0.11825382467125918, 0.21186827019714582, 0.12509437475856847, 0.5447835303730266], [0.16927505594209216, 0.3260784419437229, 0.22662779920714415, 0.2780187029070409], [0.4104991425646265, 0.24287122129004043, 0.0896769807012855, 0.25695265544404766], [0.19389481721744437, 0.22172483356817735, 0.3068038546456489, 0.2775764945687294], [0.4224298887568157, 0.14920743515556875, 0.13479461323236255, 0.293568062855253], [0.2716311882483704, 0.22746843466888428, 0.17656623235857288, 0.3243341447241724], [0.22914335202437136, 0.33769197719331834, 0.19630633198535627, 0.236858338796954], [0.33730780442367586, 0.3173385738207071, 0.12451605218528111, 0.2208375695703361], [0.2642199749850648, 0.3482943540763801, 0.21283535010080984, 0.17465032083774518], [0.19314236863355702, 0.15303681661923244, 0.1534264377002366, 0.500394377046974], [0.16590099676197967, 0.25299672821126956, 0.18308170869560164, 0.3980205663311492], [0.208640501396391, 0.2780838671227612, 0.24282767099299754, 0.27044796048785036], [0.11519107741347448, 0.4670844288292922, 0.15570095122092603, 0.2620235425363074], [0.15233140659015965, 0.40086879053640867, 0.09454425850953387, 0.35225554436389783], [0.25058343579272646, 0.2680593367426968, 0.16639267834175467, 0.3149645491228221], [0.21777008548665588, 0.4158146942115209, 0.08684693444772444, 0.27956828585409876], [0.1622752089341936, 0.3892524013550819, 0.08681744447798513, 0.3616549452327394], [0.15266953874941397, 0.21049994287932902, 0.19775249618155874, 0.4390780221896982], [0.15054659476042456, 0.2442716927841175, 0.3179183717349281, 0.28726334072053006], [0.12788039948507343, 0.3855172620475054, 0.10749267181237486, 0.37910966665504636], [0.1709720879769474, 0.227397103108629, 0.16447279594455705, 0.43715801296986645], [0.4498210022953406, 0.18172508554850025, 0.10697454552938125, 0.26147936662677784], [0.1114089726516629, 0.31375754795719896, 0.3518148197363805, 0.22301865965475742], [0.15341618197652318, 0.4816022093986414, 0.11929368713960155, 0.24568792148523366], [0.2010433727938252, 0.3585201709428128, 0.09766391116958385, 0.3427725450937782], [0.2657894957244415, 0.17906835571716, 0.1718866541452737, 0.38325549441312473], [0.22937263510124778, 0.2796985515757569, 0.10458696275127889, 0.3863418505717165], [0.3181697862387225, 0.19723123618620614, 0.16578458356003178, 0.3188143940150396], [0.2683688799554127, 0.3514868802632315, 0.15450462153187036, 0.22563961824948556], [0.34742504388918183, 0.2290522855546783, 0.09661153330109161, 0.3269111372550481], [0.19728353224645326, 0.18211271636425502, 0.1989105537229315, 0.4216931976663602], [0.2592127891818372, 0.2435620881988496, 0.24856649536248301, 0.2486586272568303], [0.179503533292365, 0.33488686202712775, 0.2928572830197038, 0.19275232166080353], [0.07528073808111163, 0.08964037354272401, 0.6499370584153633, 0.1851418299608011], [0.3094171193392997, 0.2129686953616433, 0.20872550791940903, 0.26888867737964806], [0.18776477315197992, 0.3605815158557231, 0.18780603944613616, 0.2638476715461609], [0.19537825057745656, 0.2924711898565102, 0.10139319337896104, 0.410757366187072], [0.29108756620907167, 0.15648464370554793, 0.2000579999388982, 0.35236979014648223]]}, "rewritten": {"ids": ["97106600", "97107040", "97107260", "97108520", "97109080", "97111790", "97112290", "97112300", "97116800", "98106680", "98107210", "98108410", "98108580", "98108970", "98109090", "98116090", "98121790", "99105921", "99108580", "99109840", "99109860", "99109910", "99111000", "99111620", "99112300", "99112641", "99114890", "99120010", "99121440", "100108080", "100108490", "100109000", "100109311", "100109801", "100111270", "100111390", "100120010", "101108370", "101108580", "101109120", "101111620", "101115190", "101119591", "102108621", "102109850", "102110890", "102113350", "102117351", "103110840", "103111990", "103117200", "104111711", "104113550", "104114410", "104116800", "104118340", "105112130", "105112240", "105113170", "105113330", "105115720", "105116501", "105117351", "105119950", "105120621", "105121370", "106113190", "106114321", "106115250", "106116640", "106118301", "107112850", "107113170", "107113840", "107114110", "107114140", "107114321", "107114490", "107116501", "107118490", "107118780", "107119130", "107120010", "107121640", "108118301", "108121351", "109113591", "109115380", "109116810", "109116930", "109117150", "109121351", "109121410", "110114610", "110114920", "110114950", "110115710", "110116501", "110117500", "110118450", "110118630", "110118880", "110119030", "110119300", "110120540", "110120640", "111115400", "111116170", "111116990", "111117120", "111117571", "111118301", "111118810", "111119430", "111120220", "112116640", "112116800", "112116810", "112117210", "112117580", "112117660", "112117780", "112118530", "112118880", "112118930", "112119980", "112120290", "112120640", "112120700", "113117550", "113118421", "113118490", "113119120", "113119480", "113119950", "113120280", "113120540", "113120601", "113121190", "113122160", "113122180", "113122650"], "labels": [3, 2, 2, 2, 2, 2, 1, 2, 0, 1, 1, 1, 0, 3, 1, 0, 2, 1, 0, 2, 2, 2, 2, 3, 0, 1, 2, 2, 2, 0, 2, 1, 1, 0, 2, 2, 0, 1, 0, 1, 3, 1, 0, 3, 1, 0, 3, 1, 1, 2, 0, 1, 1, 1, 1, 2, 1, 1, 0, 3, 1, 1, 0, 3, 1, 2, 0, 2, 2, 3, 1, 1, 0, 3, 1, 2, 0, 3, 1, 2, 1, 1, 1, 1, 1, 3, 3, 3, 3, 0, 2, 0, 0, 1, 3, 0, 2, 3, 1, 0, 1, 0, 0, 1, 1, 0, 0, 0, 0, 2, 3, 3, 0, 3, 3, 0, 0, 3, 1, 0, 0, 0, 1, 1, 1, 0, 1, 0, 2, 3, 3, 1, 3, 3, 0, 0, 3, 2, 1, 3, 2, 2], "predicted_labels": [3, 3, 3, 0, 1, 3, 3, 3, 1, 3, 1, 1, 3, 3, 1, 3, 0, 0, 2, 3, 3, 2, 0, 0, 1, 1, 1, 3, 1, 2, 1, 1, 3, 1, 1, 0, 1, 0, 2, 3, 3, 3, 3, 1, 3, 3, 2, 1, 3, 0, 3, 1, 1, 3, 1, 0, 1, 3, 3, 0, 3, 0, 3, 3, 0, 3, 3, 3, 1, 0, 3, 1, 1, 2, 3, 0, 0, 1, 3, 0, 3, 1, 1, 1, 0, 1, 0, 1, 0, 3, 3, 3, 3, 0, 1, 0, 3, 0, 1, 2, 1, 3, 0, 0, 1, 1, 3, 1, 1, 1, 1, 0, 1, 1, 3, 3, 1, 2, 1, 1, 0, 3, 1, 1, 1, 3, 1, 3, 3, 3, 3, 3, 3, 1, 1, 3, 0, 1, 0, 2, 3, 1], "confidence_scores": [[0.2461601087664104, 0.24089829371935353, 0.22650526945911648, 0.28643632805511976], [0.1818036917337058, 0.1753589469992237, 0.28049386912737667, 0.36234349213969397], [0.21806183787850458, 0.2948144353362687, 0.17232945385694184, 0.3147942729282849], [0.2998715998504561, 0.24491819295867767, 0.19634482302552153, 0.2588653841653446], [0.196300726525109, 0.37694048962836, 0.15579439324696123, 0.27096439059956967], [0.1869523330326877, 0.30705584558765225, 0.14555502063311682, 0.3604368007465433], [0.21009705751102384, 0.20631454322374726, 0.11505795196549724, 0.46853044729973164], [0.17231470263222515, 0.16438982946797223, 0.2493178407337776, 0.41397762716602515], [0.2506442629423847, 0.29527546434760255, 0.16543538987204381, 0.2886448828379691], [0.24468241827746393, 0.19826008882618062, 0.2460607032056692, 0.3109967896906863], [0.33092619635172277, 0.3409643067900483, 0.13278951352769225, 0.19531998333053685], [0.19121292051078226, 0.49339815785651564, 0.1380701799867975, 0.17731874164590491], [0.16314533689541147, 0.2472908870120179, 0.23562298917666022, 0.35394078691591047], [0.17195172116669757, 0.28583772942150654, 0.24259001768819255, 0.29962053172360337], [0.23559080672238233, 0.3788707130269088, 0.16610743178423815, 0.21943104846647088], [0.15767967161482035, 0.357294896093362, 0.07822666055025965, 0.406798771741558], [0.334608182312207, 0.20153263654944648, 0.1933254248893965, 0.27053375624895004], [0.37897955822792834, 0.23109015420955284, 0.220034983247773, 0.16989530431474595], [0.2066731419169726, 0.20752872625267593, 0.3315625076355261, 0.2542356241948253], [0.19300455890686388, 0.21764676584460063, 0.19429349082474526, 0.3950551844237902], [0.20984334822106465, 0.18066938073521877, 0.1495028728265879, 0.45998439821712855], [0.10406841794585749, 0.13818868435580825, 0.45395838211231954, 0.3037845155860148], [0.33379859831737485, 0.21177986998885232, 0.277434532288175, 0.1769869994055979], [0.3375454245069563, 0.3130673758567729, 0.16166211130058528, 0.1877250883356856], [0.13975055990682586, 0.4530113619088968, 0.17657257947170305, 0.23066549871257433], [0.2126500884137425, 0.27030328069496984, 0.25551550656503974, 0.261531124326248], [0.2199127876391692, 0.35147299862009174, 0.16670067057865012, 0.2619135431620888], [0.3180319792058166, 0.24096709482870227, 0.11456877910161102, 0.3264321468638701], [0.1963028496359733, 0.3706232130948046, 0.2285857064344274, 0.2044882308347948], [0.18056127832100338, 0.1874047514070848, 0.3692969908298577, 0.26273697944205415], [0.2021954293792875, 0.3432110206548469, 0.1676169821414073, 0.2869765678244583], [0.1817554072503672, 0.3405076373796154, 0.1595639015025971, 0.31817305386742023], [0.28383411362042515, 0.18117706443717524, 0.20882308541645922, 0.32616573652594033], [0.15950514454670608, 0.40402878675209514, 0.13469480111422802, 0.30177126758697087], [0.14938237922978603, 0.4265829211260955, 0.11368397848055356, 0.31035072116356477], [0.3588916651463647, 0.16687371349566302, 0.2332654005609461, 0.24096922079702637], [0.1689440512760777, 0.45089695658629075, 0.10657837298179614, 0.2735806191558355], [0.36693664774934803, 0.30389106860318055, 0.1515240482846393, 0.1776482353628322], [0.13725254827033437, 0.18759024149407058, 0.35755664555430405, 0.3176005646812912], [0.21089634993120923, 0.2352670227889849, 0.19121384488343532, 0.36262278239637064], [0.29906459382307127, 0.1651381922695821, 0.2208105879567402, 0.31498662595060645], [0.24186257139091197, 0.23188619183003187, 0.22300129613112038, 0.30324994064793565], [0.3184644981328043, 0.22395761353703672, 0.12091384241322353, 0.3366640459169354], [0.2065594893003338, 0.3982070520591538, 0.08548277279333653, 0.3097506858471757], [0.3146991919950854, 0.22811372485039474, 0.1360194743726674, 0.32116760878185246], [0.16190272896218538, 0.2616043198908096, 0.21472716323944244, 0.3617657879075627], [0.27750457414438645, 0.22015670541002863, 0.30441231260831786, 0.19792640783726728], [0.2273733031038972, 0.28356660973167613, 0.21992027072091325, 0.2691398164435135], [0.20136303843784312, 0.2801456632277981, 0.1554941466555074, 0.36299715167885155], [0.3739564432898426, 0.18609054602789515, 0.11446958605637832, 0.3254834246258841], [0.30882341036586897, 0.2639618004182122, 0.11310919109698901, 0.31410559811892996], [0.24079100416029137, 0.3311812570176767, 0.19134751730595356, 0.23668022151607845], [0.30961233940826893, 0.33357978140053623, 0.14533072629431826, 0.21147715289687677], [0.3011184404575438, 0.20623331573404705, 0.1744391938852865, 0.31820904992312277], [0.15813295534458052, 0.5511949738530298, 0.08807794420412715, 0.20259412659826245], [0.4358857199900284, 0.1961352292160865, 0.09172961045020518, 0.27624944034367993], [0.27407968739638533, 0.3177555588535894, 0.17194772979640224, 0.23621702395362312], [0.29526729415147857, 0.263774572287061, 0.1250204015856318, 0.3159377319758285], [0.176321142925223, 0.3187329602332781, 0.12809075465776185, 0.3768551421837372], [0.4732242286544193, 0.13438969546616347, 0.1079400586439517, 0.2844460172354655], [0.20454986648550655, 0.2648018743111326, 0.26230346394547444, 0.26834479525788635], [0.46355090624285045, 0.23178659963923307, 0.06899611293404195, 0.23566638118387442], [0.215885768191703, 0.21631017429359284, 0.11791336211322849, 0.44989069540147575], [0.2430967212931213, 0.2847981248166548, 0.17781736464652365, 0.2942877892437002], [0.37326025472984603, 0.20853117911307253, 0.12976313054666772, 0.28844543561041375], [0.1499974730459284, 0.18040552573070281, 0.16133661401224364, 0.5082603872111253], [0.19902110543006907, 0.174358008726566, 0.14036751158421643, 0.4862533742591485], [0.13990816376694123, 0.32252971442796197, 0.12995423157471853, 0.40760789023037824], [0.3121106243716441, 0.3649209254794723, 0.0836319556312653, 0.23933649451761815], [0.31497461353772244, 0.1819481032092668, 0.19851255644767452, 0.30456472680533636], [0.22018480200487256, 0.22815158050482987, 0.13969571434564393, 0.4119679031446538], [0.23124260721149645, 0.36592539664608653, 0.19783945623333946, 0.2049925399090776], [0.13476635090866304, 0.3994270560721979, 0.14955325566614494, 0.3162533373529942], [0.15654368981323782, 0.241453255675057, 0.34268924741922285, 0.25931380709248225], [0.178189474937727, 0.17906720839593582, 0.11683874927574421, 0.5259045673905929], [0.3226291392591849, 0.2876034142009835, 0.1055115294510267, 0.2842559170888049], [0.43335294992579315, 0.15725591507611655, 0.09749810143565134, 0.3118930335624389], [0.10990765146291084, 0.5417040481476477, 0.11524858257057412, 0.23313971781886722], [0.3097009065365744, 0.20714041038375397, 0.1729401840389679, 0.3102184990407037], [0.39667721532107447, 0.2609378096350199, 0.13814622265826393, 0.20423875238564185], [0.16317490409437174, 0.14322528346638044, 0.08810889575928481, 0.605490916679963], [0.2825980971825406, 0.34182186350362753, 0.162303523553963, 0.21327651575986886], [0.12827685258347343, 0.4756724092707478, 0.16286885113437133, 0.23318188701140746], [0.19248867623199417, 0.387449357965702, 0.1543995620259283, 0.2656624037763755], [0.38913958995291187, 0.26896276967695887, 0.12500214084664052, 0.21689549952348885], [0.27394225336220923, 0.3388028402147974, 0.10775475633382996, 0.27950015008916324], [0.4340015464198085, 0.16900452981258152, 0.14567473861112235, 0.2513191851564879], [0.1960889929927084, 0.5672439181174582, 0.07047178739449612, 0.16619530149533737], [0.4249991330399977, 0.3016834337932648, 0.11894684377314502, 0.15437058939359247], [0.24327628090752457, 0.2187846228084166, 0.21377999555281396, 0.3241591007312449], [0.24129876928274024, 0.18279450173194584, 0.189498179875741, 0.3864085491095729], [0.12324340784675875, 0.27146968316201453, 0.18157337718918062, 0.4237135318020462], [0.24400824455104472, 0.27474086504071255, 0.10198691661577412, 0.3792639737924687], [0.4195068591822351, 0.19277833960633597, 0.1501167087547884, 0.23759809245664035], [0.2087212269621416, 0.37074372346875945, 0.1266293478699356, 0.2939057016991633], [0.31557713503477514, 0.2472953604560916, 0.1504300936022111, 0.2866974109069223], [0.1469725506834693, 0.24363919054427338, 0.21738372629956298, 0.3920045324726944], [0.4246285550686163, 0.2615941822742599, 0.08373756832091692, 0.23003969433620705], [0.1541795734285104, 0.36212106048578113, 0.2677109210563109, 0.21598844502939765], [0.25887472987755583, 0.23091226321737862, 0.2831112766977344, 0.22710173020733115], [0.2488857316827956, 0.3349897406872822, 0.13941130400699328, 0.27671322362292916], [0.22561951240987282, 0.16331986781812005, 0.14531714770078533, 0.4657434720712218], [0.4475261336656218, 0.2434648259215411, 0.10498989401709138, 0.20401914639574595], [0.5111738628570991, 0.19263372352639535, 0.0662937461218417, 0.22989866749466403], [0.14688676997148623, 0.33718694836182134, 0.21577761501365259, 0.30014866665303996], [0.20178493527706692, 0.33929221720920894, 0.1629019185905363, 0.2960209289231879], [0.222723602502733, 0.2674946316726608, 0.1276060694064327, 0.3821756964181736], [0.1713444686248109, 0.4463687545593918, 0.1211183971858917, 0.2611683796299056], [0.19700015149734135, 0.4001697157315989, 0.15232415352367146, 0.2505059792473883], [0.21903386440598793, 0.46950056144611896, 0.10242734989293709, 0.2090382242549561], [0.23152093618903427, 0.3555865233807326, 0.11035659513520832, 0.3025359452950248], [0.41838593841978783, 0.11757745508175624, 0.07500325580778228, 0.38903335069067363], [0.1843274180486869, 0.44541818320893134, 0.14632070910215825, 0.22393368964022367], [0.2947370346526191, 0.345437931577637, 0.0976804723845839, 0.2621445613851602], [0.273768682604009, 0.23342585607818, 0.1799697047865326, 0.31283575653127854], [0.2204265714523138, 0.30592191607654806, 0.15227011674906016, 0.321381395722078], [0.3099664234055764, 0.3520553837061041, 0.08878375686883765, 0.249194436019482], [0.21057604416496814, 0.2530926670839496, 0.27601119297559656, 0.26032009577548587], [0.19956005994085965, 0.34421177374179107, 0.16738728436532174, 0.28884088195202745], [0.27998540994845633, 0.3078008360435821, 0.11172778085687878, 0.3004859731510827], [0.33902776828354064, 0.26159977500954557, 0.16481506823865458, 0.23455738846825924], [0.2025635033177301, 0.2952191886785978, 0.10303602845647816, 0.39918127954719396], [0.1421138529640657, 0.5542129333589512, 0.09283182627840306, 0.2108413873985801], [0.25764612808441145, 0.34167630461592746, 0.18244251600195427, 0.2182350512977069], [0.25831190249620983, 0.41050899748646935, 0.09810467819445837, 0.23307442182286242], [0.21494288428918112, 0.18784753503231447, 0.14067925206437917, 0.45653032861412535], [0.2664207056617101, 0.3021462425867303, 0.2647504909629461, 0.1666825607886136], [0.12604507775853502, 0.34391890988010937, 0.14721426680373373, 0.382821745557622], [0.23090808063841997, 0.28113707548412675, 0.19190554824284242, 0.2960492956346108], [0.18585024775880432, 0.31427298795052283, 0.09434410522719625, 0.4055326590634768], [0.22151064089423217, 0.11128578574444954, 0.09903493586607003, 0.5681686374952484], [0.29648286649569255, 0.2026523594381936, 0.20207129680485644, 0.29879347726125743], [0.2065442944428015, 0.18082996999491913, 0.24095082622007008, 0.3716749093422093], [0.2584101293415727, 0.3452809004978057, 0.17834173393997832, 0.2179672362206432], [0.1281554848592239, 0.4398236254615889, 0.1200777729064466, 0.31194311677274067], [0.2901001178167065, 0.22377895681926116, 0.12417848215568361, 0.3619424432083486], [0.32312634105956267, 0.18754275614432875, 0.16638992273617614, 0.32294098005993244], [0.2668003898091495, 0.44452961946425756, 0.09626962301030753, 0.1924003677162854], [0.348281193205924, 0.3285528763343946, 0.09352300004359297, 0.22964293041608852], [0.1446941965669193, 0.2504547142673217, 0.36863134160683214, 0.23621974755892708], [0.1769158685260113, 0.18055778108266313, 0.2895711794956338, 0.3529551708956918], [0.22485168282930673, 0.3195652318471477, 0.1586826330089166, 0.29690045231462914]]}}