{"test": {"ids": ["103120730", "99107300", "113120280", "98106680", "98110680", "110114920", "102110050", "112118701", "102109850", "112117461", "102110850", "111115910", "109116750", "111120540", "99109860", "106118820", "108118060", "107121700", "101109120", "104119340", "106118301", "110120700", "111116040", "109118161", "103120290", "108117451", "108115870", "106113170", "113119300", "111118301", "111120220", "102121700", "112116501", "98110810", "105115680", "103111830", "101111990", "105113190", "111116090", "110121140", "105121190", "108113480", "111117200", "107113180", "99107660", "110118880", "106114321", "108116501", "111120260", "106120640", "108116120", "99113260", "103118291", "100112060", "109115211", "98111670", "111119430", "107115250", "99107560", "103120531", "102108621", "108120280", "99109161", "112117471", "107114490", "112116540", "113117401", "108114040", "106118161", "109119460", "105119550", "111116290", "99107630", "108116070", "103113210", "108115500", "107118120", "102112301", "110117080", "100110050", "99109780", "107113260", "112117580", "113122170", "107115140", "110116501", "104116800", "98110710", "101111620", "101116130", "105117200", "97106591", "107120260", "109116040", "97112830", "108114270", "109113931", "112116290", "111120190", "97116401", "107118820", "99111620", "104112470", "110121170", "100116790", "109115380", "107119130", "113118820", "109115070", "105114220", "105115570", "103117461", "111121930", "106117790", "113122160", "108115570", "101112160", "111119340", "98116090", "108119330", "98116940", "112116810", "99108310", "107114321", "102110690", "112116850", "100111390", "112120540", "106112770", "109114651", "100109801", "113121950", "108114200", "112121351", "100111080", "108114360", "107117630", "109121410", "113120531", "107114780", "111117000", "99112840"], "labels": [1, 3, 0, 1, 2, 3, 3, 0, 1, 0, 3, 2, 0, 1, 2, 3, 1, 3, 1, 1, 1, 2, 0, 0, 2, 2, 3, 0, 1, 3, 3, 1, 3, 1, 2, 3, 2, 3, 3, 3, 2, 0, 0, 3, 3, 0, 2, 0, 3, 3, 1, 0, 0, 2, 0, 1, 3, 2, 1, 3, 3, 3, 3, 3, 3, 1, 3, 0, 3, 1, 1, 2, 2, 1, 3, 3, 3, 1, 1, 3, 2, 0, 0, 1, 0, 3, 1, 2, 3, 2, 3, 1, 1, 0, 2, 3, 1, 0, 3, 3, 3, 3, 1, 2, 2, 3, 1, 0, 0, 3, 0, 0, 1, 1, 3, 3, 3, 3, 0, 0, 2, 3, 2, 0, 0, 0, 2, 3, 1, 3, 0, 3, 0, 0, 0, 1, 0, 0, 0, 2, 0, 2], "predicted_labels": [1, 1, 0, 1, 1, 1, 1, 1, 1, 3, 1, 1, 1, 1, 1, 1, 3, 1, 1, 1, 0, 1, 0, 1, 1, 3, 0, 1, 0, 3, 1, 0, 3, 1, 1, 0, 3, 3, 3, 1, 1, 1, 1, 1, 3, 1, 1, 1, 0, 1, 3, 1, 1, 1, 3, 1, 1, 1, 1, 1, 3, 1, 3, 1, 1, 1, 1, 1, 1, 3, 3, 1, 3, 3, 1, 2, 1, 1, 1, 1, 1, 1, 3, 1, 3, 1, 3, 1, 1, 3, 1, 1, 1, 1, 3, 3, 0, 1, 1, 1, 1, 1, 2, 1, 1, 1, 1, 1, 1, 0, 1, 3, 1, 1, 1, 1, 1, 3, 1, 1, 1, 0, 1, 1, 0, 3, 1, 1, 1, 0, 1, 3, 0, 0, 1, 1, 0, 1, 1, 1, 1, 1], "confidence_scores": [[0.28134080013124135, 0.3070571095571097, 0.1755127780716016, 0.23608931224004753], [0.22072950660450663, 0.3289472800591222, 0.13676100288600285, 0.3135622104503684], [0.3241461593961594, 0.22484031246531258, 0.18255375180375183, 0.2684597763347764], [0.20487715062715064, 0.3978219558219558, 0.2227256493506494, 0.17457524420024428], [0.2323165723165724, 0.31790089077589073, 0.24459114496614492, 0.205191391941392], [0.23052564102564105, 0.3709803113553114, 0.15151130813630811, 0.24698273948273963], [0.22496001221001216, 0.29827788877788886, 0.20322477522477528, 0.2735373237873239], [0.2088936688311688, 0.3627837301587302, 0.17833062770562766, 0.24999197330447334], [0.1828051809301809, 0.3365173576423576, 0.23072932622932618, 0.24994813519813516], [0.2517798174048174, 0.2670912698412699, 0.15618542568542562, 0.324943487068487], [0.1527736846486846, 0.3621104451104452, 0.24263311688311684, 0.24248275335775335], [0.2627281746031746, 0.28137698412698425, 0.17874819624819618, 0.27714664502164504], [0.18847755920550038, 0.35936859668109666, 0.18523611111111105, 0.2669177330022919], [0.22892947330447339, 0.30065818903318914, 0.21218957431457436, 0.25822276334776323], [0.21413510101010103, 0.30372372072372067, 0.20239255189255193, 0.2797486263736265], [0.23534240759240763, 0.2971441752691753, 0.1944885808635809, 0.27302483627483626], [0.2635106421356421, 0.2325481601731602, 0.2404285714285714, 0.2635126262626263], [0.24251217736511857, 0.3244442620288208, 0.16183549783549778, 0.2712080627705627], [0.23955952380952386, 0.30721540959040977, 0.2324176517926519, 0.22080741480741486], [0.2063480824730825, 0.3251628302253303, 0.18128113553113553, 0.28720795177045194], [0.30751868474662597, 0.2991609689330276, 0.14191874098124097, 0.2514016053391053], [0.22876587301587317, 0.29506259018759023, 0.22456511544011548, 0.25160642135642136], [0.27746645021645017, 0.2591028138528138, 0.19144946311858071, 0.2719812728121552], [0.29066839288162827, 0.3117536017903666, 0.15682731851481851, 0.24075068681318676], [0.18537590187590186, 0.29169430569430566, 0.2549493423243424, 0.26798045010545013], [0.27491618104118115, 0.2739457903207904, 0.17455790043290043, 0.2765801282051282], [0.28806208374958386, 0.24182412032412043, 0.18852152708402717, 0.28159226884226873], [0.19806816794316798, 0.3764099025974027, 0.1752350982350982, 0.2502868312243313], [0.326734140859141, 0.2383187645687646, 0.11906060606060603, 0.3158864885114887], [0.27749413780663784, 0.2603326118326118, 0.17807981601731598, 0.2840934343434344], [0.27466035353535356, 0.34616197691197714, 0.1258564768564768, 0.2533211926961927], [0.3064616910866911, 0.2966854395604395, 0.13890313852813854, 0.2579497308247308], [0.2584968642468643, 0.2768467712842712, 0.13790140415140412, 0.3267549603174604], [0.2425351731601732, 0.3106370851370852, 0.2470310245310245, 0.19979671717171718], [0.2203925657675657, 0.3403579614829615, 0.2100777417027418, 0.2291717310467311], [0.3263191865324218, 0.2564021407514053, 0.16053042096792097, 0.2567482517482518], [0.22322168109668108, 0.26908137695637696, 0.2014452630702631, 0.30625167887667887], [0.2890327589077589, 0.23462527056277058, 0.1812924575424575, 0.295049512987013], [0.24110168916051272, 0.2629518398268398, 0.16509045284780574, 0.3308560181648417], [0.2459767316017316, 0.33031980519480525, 0.17591810966810964, 0.2477853535353535], [0.22298989898989904, 0.3137922077922079, 0.23656421356421353, 0.22665367965367975], [0.21927844377844374, 0.3119636613386613, 0.20221937784437785, 0.26653851703851705], [0.29041834554334556, 0.3210012071262072, 0.15712211399711395, 0.23145833333333343], [0.20364718614718616, 0.32569769119769126, 0.24776443001443005, 0.2228906926406927], [0.23253769841269836, 0.2602283549783549, 0.23162337662337662, 0.27561056998557004], [0.29266395287718816, 0.29927179193355674, 0.14529964479964477, 0.26276461038961046], [0.2621282467532468, 0.26455772005772005, 0.2499377705627706, 0.22337626262626264], [0.2506747072372073, 0.2910172466422468, 0.17863714063714067, 0.27967090548340556], [0.3436522227772228, 0.28942102342102344, 0.12162547175047171, 0.24530128205128215], [0.1868154761904762, 0.3379256854256854, 0.19793939393939394, 0.27731944444444456], [0.27495138888888887, 0.24112716450216456, 0.1960752164502164, 0.2878462301587301], [0.2255375180375181, 0.31509595959595965, 0.24810447967065613, 0.2112620426958663], [0.25257960503548743, 0.2953067349317349, 0.16669296145031434, 0.2854206985824634], [0.2690918109668111, 0.27290007215007217, 0.19842783605283607, 0.2595802808302808], [0.18798773448773448, 0.28808694083694086, 0.16149621212121218, 0.36242911255411253], [0.26909758297258296, 0.27283189033189037, 0.20900943500943503, 0.2490610916860917], [0.2436638084138084, 0.2898216852591853, 0.1845582542457542, 0.28195625208125213], [0.16742826617826612, 0.38571658896658895, 0.22145882875294642, 0.2253963161021984], [0.2150984848484849, 0.3460048701298701, 0.21604383116883116, 0.2228528138528138], [0.24213095238095242, 0.3254752192252192, 0.18156410256410255, 0.25082972582972585], [0.25827596015096016, 0.26654884004884005, 0.166412629037629, 0.3087625707625708], [0.2436922938172939, 0.2735153873903874, 0.23959083971583972, 0.24320147907647918], [0.2585553009082421, 0.26950258075258093, 0.19925477218859566, 0.27268734615058143], [0.22556457431457427, 0.32411197829947835, 0.15467005910755904, 0.29565338827838833], [0.16670589133089134, 0.348512237762238, 0.21773418248418253, 0.2670476884226884], [0.22860918248418258, 0.32134422521922523, 0.18217014929514933, 0.26787644300144303], [0.27207893495393504, 0.2904903707403708, 0.17551234876234872, 0.26191834554334553], [0.204145652958153, 0.2896544011544011, 0.22613338744588748, 0.2800665584415585], [0.2557170280699694, 0.31511134698634696, 0.17970689033189044, 0.24946473461179344], [0.23321679709179718, 0.2575062437562438, 0.2006992680522093, 0.30857769109974986], [0.29960894660894666, 0.2448005952380952, 0.13777579365079365, 0.3178146645021645], [0.23536886724386727, 0.3368152958152959, 0.22481469918969935, 0.2030011377511378], [0.22922489316239322, 0.2560572066822067, 0.17832496669996664, 0.33639293345543336], [0.24570249195249197, 0.26063680763680763, 0.22089101176601184, 0.27276968864468876], [0.23930128205128207, 0.3041935703185703, 0.19163304750804752, 0.26487210012210016], [0.22698346098346112, 0.2620343961593963, 0.26208852258852255, 0.2488936202686203], [0.23193849206349212, 0.31333170995670995, 0.16632539682539682, 0.28840440115440114], [0.23262319624819622, 0.2920788378288379, 0.24694642857142857, 0.22835153735153738], [0.16259064546564544, 0.33099708624708635, 0.20289901764901772, 0.3035132506382507], [0.21309920634920637, 0.3418930375180377, 0.1792938311688311, 0.26571392496392504], [0.2527626262626264, 0.3337703823953824, 0.2081984126984127, 0.20526857864357864], [0.2031786269286269, 0.3105330988455989, 0.22867411754911757, 0.25761415667665666], [0.2053595779220779, 0.30012554112554113, 0.15490990259740262, 0.3396049783549785], [0.19086369186369181, 0.3207290764790765, 0.214548396048396, 0.27385883560883556], [0.26706464368964367, 0.22383596958596955, 0.15509505772005772, 0.354004329004329], [0.2745205627705628, 0.28790584415584425, 0.15694144744144745, 0.2806321456321456], [0.22777908202908206, 0.2712993811743811, 0.21655741480741483, 0.28436412198912203], [0.19291829698079702, 0.3480099067599069, 0.14898921911421908, 0.3100825771450771], [0.23897673160173163, 0.3032095820845822, 0.19736285936285936, 0.26045082695082694], [0.20339820310408543, 0.2318124514374514, 0.25150627313862617, 0.31328307231983704], [0.18204803529803534, 0.33527254689754693, 0.19063800088800087, 0.292041416916417], [0.2361867438117438, 0.3590220612720615, 0.1885966810966811, 0.2161945138195139], [0.2816987734487735, 0.35566491841491854, 0.17149339549339543, 0.19114291264291264], [0.21824768981018977, 0.33284568209568205, 0.21979965867465864, 0.22910696941946945], [0.2720800865800866, 0.2701758103008103, 0.16932382894882894, 0.28842027417027416], [0.21670099345099345, 0.27693831168831173, 0.20577741702741703, 0.3005832778332778], [0.3032412726162726, 0.2916323537573538, 0.16257280219780218, 0.24255357142857148], [0.252948289863731, 0.3146347610722612, 0.15796701909201905, 0.2744499299719888], [0.20702645965145966, 0.35560557498057505, 0.16408513708513703, 0.2732828282828282], [0.20417243867243873, 0.3513624847374847, 0.23326269563769564, 0.21120238095238109], [0.2113165168165169, 0.3296326173826174, 0.20601821789321784, 0.253032647907648], [0.20723250360750364, 0.2841364746364746, 0.2589291680541681, 0.2497018537018537], [0.2074792082917083, 0.23699085636585643, 0.2899806117085529, 0.26554932363388245], [0.16976857864357864, 0.3218841991341991, 0.2661331168831169, 0.24221410533910542], [0.2641541783380019, 0.2809210352555941, 0.22736494918480207, 0.2275598372216019], [0.2135182456432456, 0.29338363025863023, 0.2054543373293374, 0.28764378676878677], [0.21198989898989898, 0.35636129148629153, 0.1719801587301587, 0.2596686507936508], [0.24047790404040398, 0.3296213924963925, 0.14147357503607502, 0.2884271284271285], [0.22832227494727492, 0.3758890692640694, 0.1686097236097236, 0.2271789321789322], [0.28986369186369193, 0.2536940420690421, 0.20083026695526698, 0.25561199911199917], [0.26879718892218896, 0.2939331501831502, 0.20184071075982846, 0.23542895013483245], [0.22869408369408384, 0.27675474525474536, 0.18899309024309027, 0.305558080808081], [0.24208913308913313, 0.28242919580419584, 0.19585771173271171, 0.2796239593739595], [0.21229455266955263, 0.35129797979797983, 0.18547150072150068, 0.25093596681096686], [0.187818154068154, 0.3659320540570541, 0.19645289432789434, 0.24979689754689754], [0.23168585581085588, 0.27770113913863914, 0.24369038600288603, 0.24692261904761903], [0.2049387418137419, 0.3280404040404042, 0.17266522366522366, 0.2943556304806305], [0.26832400932400935, 0.2910617715617716, 0.13207797757797754, 0.3085362415362416], [0.22134423093246627, 0.35810643645570117, 0.2117773268398269, 0.2087720057720058], [0.2556119493251846, 0.29798527289703763, 0.20194967532467534, 0.24445310245310242], [0.23634734709734706, 0.3112416333666334, 0.21623667998668, 0.23617433954933953], [0.2785763750138751, 0.26699771062271066, 0.22400253219003222, 0.23042338217338212], [0.28101118326118324, 0.340393543956044, 0.1823808275058276, 0.19621444527694543], [0.21740964590964587, 0.32408608058608057, 0.16195791708291707, 0.2965463564213564], [0.30374447774447777, 0.29514771339771345, 0.138985458985459, 0.26212234987234995], [0.1760882312132312, 0.2457607600732601, 0.2106222388722389, 0.36752876984126986], [0.2414198440448442, 0.32730774780774796, 0.16652566877566877, 0.2647467393717395], [0.2354105061605062, 0.30387100399600414, 0.19276646964146962, 0.26795202020202025], [0.16622556610056605, 0.3209605533355533, 0.2053100510600511, 0.30750382950382954], [0.28434191706985823, 0.24826304251304251, 0.18485324397824396, 0.28254179643885524], [0.24641992933537055, 0.30831168831168826, 0.19295147907647908, 0.2523169032764621], [0.23482474469974465, 0.30327025752025766, 0.15554177766677765, 0.30636322011322015], [0.2970984987234988, 0.2506660561660562, 0.19532130369630368, 0.2569141414141414], [0.28627298396048395, 0.26175635475635484, 0.1726592435342435, 0.2793114177489178], [0.24945543345543345, 0.34145275557775556, 0.21375323287823292, 0.19533857808857807], [0.21736534299034296, 0.31333734832419063, 0.22143442668442678, 0.24786288200103992], [0.33234704184704184, 0.23653694222444227, 0.21344442363192365, 0.21767159229659225], [0.26083723221223226, 0.31036564130314137, 0.17036104867354865, 0.2584360778110778], [0.27720564851814855, 0.3094364801864803, 0.20029313741813737, 0.21306473387723393], [0.24335461760461766, 0.3083906926406926, 0.2097519522960699, 0.2385027374586199], [0.20633398545898554, 0.33335181485181486, 0.16707208069708065, 0.29324211899211905], [0.22288715451215446, 0.3004187340437341, 0.1797651931401931, 0.2969289183039183]]}, "rewritten": {"ids": ["97106591", "97112830", "97116401", "98106680", "98110680", "98110710", "98110810", "98111670", "98116090", "98116940", "99107300", "99107560", "99107630", "99107660", "99108310", "99109161", "99109780", "99109860", "99111620", "99112840", "99113260", "100109801", "100110050", "100111080", "100111390", "100112060", "100116790", "101109120", "101111620", "101111990", "101112160", "101116130", "102108621", "102109850", "102110050", "102110690", "102110850", "102112301", "102121700", "103111830", "103113210", "103117461", "103118291", "103120290", "103120531", "103120730", "104112470", "104116800", "104119340", "105113190", "105114220", "105115570", "105115680", "105117200", "105119550", "105121190", "106112770", "106113170", "106114321", "106117790", "106118161", "106118301", "106118820", "106120640", "107113180", "107113260", "107114321", "107114490", "107114780", "107115140", "107115250", "107117630", "107118120", "107118820", "107119130", "107120260", "107121700", "108113480", "108114040", "108114200", "108114270", "108114360", "108115500", "108115570", "108115870", "108116070", "108116120", "108116501", "108117451", "108118060", "108119330", "108120280", "109113931", "109114651", "109115070", "109115211", "109115380", "109116040", "109116750", "109118161", "109119460", "109121410", "110114920", "110116501", "110117080", "110118880", "110120700", "110121140", "110121170", "111115910", "111116040", "111116090", "111116290", "111117000", "111117200", "111118301", "111119340", "111119430", "111120190", "111120220", "111120260", "111120540", "111121930", "112116290", "112116501", "112116540", "112116810", "112116850", "112117461", "112117471", "112117580", "112118701", "112120540", "112121351", "113117401", "113118820", "113119300", "113120280", "113120531", "113121950", "113122160", "113122170"], "labels": [1, 2, 3, 1, 2, 2, 1, 1, 0, 2, 3, 1, 2, 3, 2, 3, 2, 2, 3, 2, 0, 0, 3, 0, 2, 2, 2, 1, 3, 2, 3, 2, 3, 1, 3, 0, 3, 1, 1, 3, 3, 0, 0, 2, 3, 1, 1, 1, 1, 3, 3, 0, 2, 3, 1, 2, 1, 0, 2, 1, 3, 1, 3, 3, 3, 0, 0, 3, 2, 0, 2, 0, 3, 3, 1, 1, 3, 0, 0, 0, 3, 1, 3, 3, 3, 1, 1, 0, 2, 1, 0, 3, 1, 3, 0, 0, 3, 0, 0, 0, 1, 0, 3, 3, 1, 0, 2, 3, 2, 2, 0, 3, 2, 0, 0, 3, 3, 3, 3, 3, 3, 1, 1, 0, 3, 1, 3, 0, 0, 3, 0, 0, 3, 0, 3, 0, 1, 0, 0, 3, 3, 1], "predicted_labels": [1, 3, 1, 1, 1, 1, 1, 3, 1, 1, 1, 1, 3, 3, 0, 1, 1, 1, 1, 1, 1, 1, 1, 1, 1, 0, 1, 1, 1, 3, 3, 3, 3, 1, 1, 1, 1, 1, 1, 0, 0, 3, 0, 1, 1, 1, 3, 3, 3, 1, 1, 1, 2, 1, 3, 3, 1, 1, 0, 1, 1, 3, 0, 1, 1, 3, 3, 3, 1, 3, 1, 0, 3, 1, 1, 1, 1, 1, 1, 1, 3, 1, 1, 3, 0, 1, 3, 1, 0, 3, 3, 3, 1, 0, 1, 1, 1, 1, 1, 1, 3, 1, 1, 0, 1, 3, 1, 1, 1, 1, 3, 0, 1, 1, 0, 1, 3, 1, 1, 1, 0, 1, 0, 3, 3, 1, 0, 1, 3, 1, 3, 1, 3, 1, 1, 0, 3, 0, 1, 3, 1, 1], "confidence_scores": [[0.27700588994339004, 0.27823464035964046, 0.21239768564768569, 0.23236178404928406], [0.22815764790764792, 0.27803493728493733, 0.2057837856587857, 0.28802362914862917], [0.20394209956709958, 0.3074362373737374, 0.24690782828282834, 0.2417138347763348], [0.2248846708846709, 0.38575645188145197, 0.225084706959707, 0.1642741702741703], [0.20747847985347992, 0.3226234737484737, 0.26685378510378505, 0.20304426129426129], [0.20114313464313466, 0.3287492646242647, 0.1938820762570763, 0.27622552447552434], [0.25380218392718407, 0.3508902902652903, 0.1679375901875901, 0.2273699356199356], [0.2486953463203463, 0.2366008297258298, 0.2009138361638361, 0.3137899877899877], [0.25758707469001596, 0.2847943584193585, 0.20399056417438768, 0.25362800271623803], [0.23274783549783545, 0.2789009740259741, 0.23465097402597412, 0.25370021645021645], [0.28169104506604514, 0.3114060573928997, 0.17283431845931851, 0.23406857908173698], [0.20798575036075045, 0.3371982323232322, 0.18463383838383846, 0.270182178932179], [0.2916674991674992, 0.22987228049728048, 0.1818745698745698, 0.29658565046065044], [0.23792694805194814, 0.23874049561549565, 0.2540178016428017, 0.2693147546897547], [0.2876639610389611, 0.26497209734709737, 0.21377981740481744, 0.23358412420912433], [0.26798141645935764, 0.2762378454878456, 0.1954751906590142, 0.2603055473937827], [0.24155350205350204, 0.26052525252525255, 0.24495906870906875, 0.2529621767121768], [0.23589819902319908, 0.31936291486291496, 0.2128117854367854, 0.23192710067710082], [0.2160840548340549, 0.2939153901653901, 0.25080284992785, 0.23919770507270513], [0.2511047563547563, 0.30226627539127554, 0.15126316738816736, 0.2953658008658009], [0.25962500000000005, 0.3128401182151182, 0.22616389248006893, 0.20137098930481287], [0.24350587810881932, 0.32989449439449436, 0.19205788655788658, 0.23454174093879973], [0.23960588023088028, 0.3406255966255967, 0.19947355422355423, 0.2202949689199689], [0.23168775668775676, 0.29680140692640694, 0.22121987734487736, 0.2502909590409591], [0.2360592185592186, 0.30884287240537245, 0.19098145604395605, 0.26411645299145303], [0.2799198440448441, 0.26313795926295935, 0.2120285131535131, 0.2449136835386836], [0.2602810245310247, 0.3419965728715727, 0.22544660894660892, 0.1722757936507937], [0.26405660311910323, 0.2908915528915529, 0.19982112332112345, 0.24523072066822071], [0.20188293650793646, 0.3042171578421579, 0.20254761904761903, 0.2913522866022866], [0.2271490453990454, 0.2861432040182041, 0.19519314019314024, 0.2915146103896104], [0.1994466783216783, 0.2649955044955045, 0.22109901209901206, 0.3144588050838052], [0.18778041811130045, 0.23477201964701971, 0.21355510910657974, 0.3638924531351002], [0.2248534937284937, 0.27487172549672545, 0.20212200299700303, 0.29815277777777793], [0.22480449615743736, 0.33673489010989, 0.24060034491652132, 0.19786026881615112], [0.2486255411255411, 0.3395435397935398, 0.2033548673548673, 0.20847605172605177], [0.27108189033189034, 0.31066558441558445, 0.15109163059163055, 0.2671608946608947], [0.15956263181263175, 0.3288990523365525, 0.30851086495204144, 0.2030274508987745], [0.2130358946608947, 0.3449072871572872, 0.19911940836940836, 0.2429374098124098], [0.2803076645576646, 0.31595414819099027, 0.15720075757575758, 0.24653742967558756], [0.30991017316017316, 0.2093132215007214, 0.17693912337662332, 0.30383748196248195], [0.2976853008103009, 0.2963959512709513, 0.1506694832944833, 0.25524926462426467], [0.24693084693084702, 0.2808725302475302, 0.17706116106116107, 0.2951354617604619], [0.28324902385196515, 0.2738289765789766, 0.19025492481374826, 0.25266707475531014], [0.22992577071621195, 0.31976814851814855, 0.22174771878448346, 0.22855836198115612], [0.25413929126429124, 0.29977762515262524, 0.18766895604395603, 0.25841412753912757], [0.2572321587726, 0.30480633255633266, 0.213635183444007, 0.22432632522706053], [0.19983488733488738, 0.22552733377733378, 0.27699329347123475, 0.29764448541654415], [0.25770828477078483, 0.2560503385503386, 0.1919449023199023, 0.29429647435897427], [0.24273971861471863, 0.276708152958153, 0.17426749639249636, 0.3062846320346322], [0.2697683288933289, 0.2840098304473304, 0.17967196692196688, 0.26654987373737377], [0.2956795288045289, 0.31179570429570436, 0.1522162837162837, 0.2403084831834832], [0.2658755917285328, 0.2734239232989233, 0.19605228023610372, 0.26464820473644013], [0.20947799422799426, 0.2720260711510712, 0.2956447302697304, 0.22285120435120442], [0.24221199633699633, 0.2849472888222888, 0.1882139804639804, 0.2846267343767345], [0.27830393217893223, 0.26377976190476177, 0.16019029581529576, 0.2977260101010102], [0.2138766233766234, 0.2893751803751805, 0.20450974025974022, 0.29223845598845605], [0.188651662879604, 0.33946022033522033, 0.23816427934810305, 0.2337238374370727], [0.23901104451104452, 0.32649091880341885, 0.20935131535131535, 0.22514672133422134], [0.27775739538239547, 0.2758439754689755, 0.21215039127539126, 0.23424823787323784], [0.1979966789746202, 0.35593885281385285, 0.15291071428571432, 0.2931537539258127], [0.24103088088382207, 0.29722582972582967, 0.1923977966477967, 0.2693454927425515], [0.24614709595959602, 0.3013846690590112, 0.13609433621933623, 0.3163738987620567], [0.26199897324897337, 0.26196560384060386, 0.22920701520701517, 0.24682840770340778], [0.2438514957264957, 0.35203071928071933, 0.17736742424242424, 0.22675036075036076], [0.18989598310186545, 0.33423962148962155, 0.21867216117216112, 0.257192234236352], [0.2650143002422415, 0.2185134587634588, 0.2141970945720945, 0.3022751464222053], [0.20742758630258631, 0.2709987512487513, 0.16593740981240976, 0.3556362526362527], [0.18323686036186032, 0.2890850191475192, 0.19841693722943726, 0.32926118326118325], [0.2333766927516928, 0.32376641414141427, 0.18387902375402368, 0.2589778693528694], [0.24939188589188596, 0.22464832389832393, 0.16401954989454987, 0.36194024031524036], [0.20712819125319137, 0.29209609834609834, 0.2576368908868909, 0.24313881951381947], [0.27378058950853074, 0.2253815836940837, 0.25151884920634915, 0.24931897759103644], [0.2798165584415585, 0.2605424436674438, 0.155269536019536, 0.30437146187146186], [0.22092089854589858, 0.31895031357531367, 0.19647420634920634, 0.2636545815295816], [0.23232353063603065, 0.3343101481851481, 0.15513376900876893, 0.27823255217005205], [0.2516819430569431, 0.34146704684204693, 0.1739556277056276, 0.23289538239538252], [0.24752551615051618, 0.3513084415584416, 0.16777475302475303, 0.2333912892662893], [0.2168966727716729, 0.32709342046842055, 0.18570002220002219, 0.2703098845598847], [0.23728044871794868, 0.3566025432900434, 0.1849049977799978, 0.22121201021201028], [0.2911288433788435, 0.30156673881673884, 0.19128812853812857, 0.2160162892662893], [0.2763104256854257, 0.24522077922077926, 0.19528192640692643, 0.2831868686868687], [0.20128696303696297, 0.33166754079254107, 0.23006485181485187, 0.23698064435564437], [0.2380971875346876, 0.28529040404040396, 0.22508143245643247, 0.251530975968476], [0.25403455776249906, 0.25775270562770564, 0.2028058183646419, 0.2854069182451535], [0.3020851232101234, 0.23314502164502163, 0.2039312770562771, 0.26083857808857813], [0.2373270757020758, 0.29028841991341997, 0.2267341547341547, 0.24565034965034976], [0.2333964646464646, 0.2647527472527473, 0.1637376928626928, 0.3381130952380953], [0.28261085442335454, 0.28388683538683535, 0.1636788073038073, 0.26982350288600304], [0.31421828171828176, 0.23523464035964042, 0.15917694805194796, 0.2913701298701299], [0.2247079725829726, 0.26434269896769896, 0.24373322510822507, 0.26721610334110335], [0.22530907164730696, 0.27961716877893344, 0.21029215229215226, 0.28478160728160734], [0.21371825396825395, 0.25891738816738813, 0.23946861471861472, 0.2878957431457432], [0.25872011322011323, 0.3124361471861472, 0.1658081363081363, 0.2630356032856033], [0.29269166454460577, 0.19959042346542344, 0.251244782994783, 0.2564731289951878], [0.2544448745698746, 0.32830032467532483, 0.17361507936507933, 0.2436397213897215], [0.20771031746031748, 0.32628391053391054, 0.17230248917748914, 0.29370328282828295], [0.15289520202020201, 0.31173004773004775, 0.2754835164835165, 0.25989123376623385], [0.261695159007659, 0.3174461510711511, 0.20302100677100676, 0.2178376831501832], [0.2227670058699471, 0.34761238761238755, 0.19811385836385834, 0.23150674815380703], [0.3130643037518039, 0.32683674658674666, 0.1523747294372294, 0.20772422022422016], [0.26781583694083705, 0.2604310273060273, 0.19372665732959848, 0.2780264784235372], [0.26567866855366856, 0.28282369019869025, 0.1982944416694416, 0.25320319957819964], [0.22519821844821855, 0.32423212898212894, 0.18547002997002998, 0.2650996225996227], [0.3073562964812966, 0.25141432178932177, 0.17209484959484964, 0.2691345321345322], [0.20565367965367964, 0.29928153096903115, 0.20121459096459093, 0.2938501984126985], [0.27234379509379514, 0.19832611832611832, 0.18643867243867238, 0.342891414141414], [0.22395880018674144, 0.3076177849927851, 0.22462193362193372, 0.2438014811985401], [0.2513685570964983, 0.34999275030525034, 0.17847564935064933, 0.220163043247602], [0.2671304341083753, 0.2867930264180265, 0.1886883941222176, 0.2573881453513806], [0.2679008630258631, 0.2993057359307359, 0.18193091630591635, 0.25086248473748474], [0.28407395382395384, 0.2624810606060606, 0.16116305916305912, 0.29228192640692646], [0.2894386793761793, 0.2543427197802198, 0.18913129925629923, 0.26708730158730165], [0.2734253246753247, 0.29040584415584414, 0.2054662143412144, 0.23070261682761678], [0.17171602009102013, 0.37984489121989123, 0.18274873737373734, 0.2656903513153514], [0.2970135975135975, 0.2566930014430015, 0.1862056832056832, 0.26008771783771784], [0.25810551948051946, 0.29681150793650796, 0.1746470057720058, 0.27043596681096677], [0.29414908008658014, 0.29107160894660894, 0.11321572871572867, 0.30156358225108243], [0.23851180763680768, 0.2958731684981684, 0.2010562493062493, 0.2645587745587747], [0.25301513274307397, 0.33994400044400047, 0.15636861667744018, 0.25067225013548544], [0.25758988233988234, 0.351096250971251, 0.13305136530136527, 0.25826250138750145], [0.3527193223443224, 0.2657594072594073, 0.15809011821511817, 0.22343115218115225], [0.24155662393162397, 0.30712688006438016, 0.21377110389610401, 0.23754539210789216], [0.30170454545454556, 0.2927540098790099, 0.16010500610500608, 0.2454364385614387], [0.28080058136308134, 0.28129607198357204, 0.15533802308802305, 0.28256532356532355], [0.2668888888888888, 0.28338212481962477, 0.16431349206349208, 0.28541549422799434], [0.29019889832389834, 0.29187505550005555, 0.17190158452658452, 0.24602446164946165], [0.2761691017316018, 0.2753631507381508, 0.19378956052117818, 0.2546781870090693], [0.21323425185925185, 0.3456672771672772, 0.16076315351315348, 0.28033531746031753], [0.269502442002442, 0.2505670024420026, 0.2025206607118372, 0.2774098948437185], [0.20090875790875795, 0.32866514041514044, 0.19427758352758356, 0.27614851814851815], [0.2535565476190476, 0.2689972943722944, 0.19411228354978355, 0.28333387445887454], [0.2105089632589632, 0.30705654068154076, 0.1755214377126142, 0.306913058346882], [0.24758979908979914, 0.28071298146298157, 0.19001755189255184, 0.2816796675546676], [0.28636232517482524, 0.2965245171495172, 0.16549556897351012, 0.25161758870214757], [0.24330945443445443, 0.29935057997557996, 0.19093340891135024, 0.26640655667861546], [0.3059442640692641, 0.2862000915750915, 0.12055604118104116, 0.28729960317460324], [0.29498233710733723, 0.22857244144744146, 0.16277824952824946, 0.313666971916972], [0.30912636872931, 0.2208948412698413, 0.1728333333333334, 0.29714545666751546], [0.28378896103896106, 0.32554779942279943, 0.18434126984126975, 0.2063219696969698], [0.196529637029637, 0.3106848845598845, 0.17297294372294367, 0.3198125346875349], [0.19084236596736603, 0.3382917776667778, 0.18880290542790543, 0.282062950937951], [0.18570707070707063, 0.3200815295815297, 0.23931186868686866, 0.25489953102453106]]}}