{"test": {"ids": ["108121190", "106114150", "108117610", "111119150", "113122190", "101108500", "105115380", "113122430", "106118161", "100109000", "98108580", "110113591", "113120830", "103118291", "113120260", "107115250", "104114320", "111116411", "99107560", "99107630", "110118701", "113121190", "107119130", "98109570", "102116340", "103113101", "109115211", "100111270", "110121450", "99108710", "107112850", "99107300", "107114140", "98119591", "110116290", "99108520", "106121190", "112119120", "103118110", "97107950", "98109311", "113118490", "102110750", "99109370", "109116930", "110115980", "105114220", "99109840", "105117431", "98112170", "106111321", "105112240", "108115250", "108120621", "99105921", "103117461", "106115240", "108116120", "110118111", "112118701", "109118231", "110116170", "108114180", "110119891", "108113620", "102118380", "97114170", "111115780", "102112250", "112119950", "110119300", "111116640", "97107920", "98107210", "102112170", "110118121", "108116070", "103110760", "99121440", "105113210", "106117770", "99108890", "97116500", "99107640", "100112060", "111119290", "112116540", "101109370", "101112540", "112120700", "109114220", "109114651", "104113190", "106114011", "110118450", "111114321", "106116850", "99108000", "99112840", "110118930", "101115190", "100108990", "112120670", "104111531", "106116370", "107113360", "100108260", "97111790", "103113170", "113121680", "103111540", "112118421", "109117110", "105112260", "112119980", "111118820", "101111310", "108115070", "104111380", "110115120", "105118230", "106117650", "102112030", "105115250", "110120190", "105113440", "108117360", "100109980", "108118060", "97112830", "111117120", "105118171", "112119450", "104111550", "98108520", "102116500", "110116300", "107118820", "103112641", "112118161", "101121640", "102114270"], "labels": [1, 1, 3, 3, 1, 3, 1, 2, 3, 1, 0, 0, 3, 0, 3, 2, 2, 0, 1, 2, 3, 1, 1, 1, 3, 3, 0, 2, 3, 2, 1, 3, 2, 1, 2, 2, 2, 1, 2, 2, 1, 1, 1, 1, 0, 1, 3, 2, 1, 3, 0, 1, 1, 1, 1, 0, 1, 1, 1, 0, 1, 0, 1, 3, 3, 1, 2, 1, 0, 0, 1, 0, 0, 1, 3, 3, 1, 1, 2, 3, 0, 0, 2, 1, 2, 3, 1, 1, 2, 2, 3, 3, 3, 1, 0, 1, 3, 2, 2, 1, 1, 2, 2, 0, 2, 0, 3, 2, 3, 1, 1, 3, 1, 3, 0, 0, 3, 1, 3, 0, 1, 1, 2, 2, 3, 0, 1, 1, 1, 2, 2, 3, 3, 1, 2, 1, 3, 3, 3, 0, 2, 3], "predicted_labels": [3, 3, 3, 0, 3, 2, 3, 1, 0, 3, 3, 0, 0, 0, 0, 3, 0, 0, 1, 3, 3, 3, 3, 0, 3, 3, 3, 3, 1, 1, 1, 0, 3, 0, 0, 2, 2, 0, 1, 2, 1, 3, 2, 1, 0, 0, 0, 2, 1, 3, 3, 3, 3, 0, 1, 3, 0, 0, 0, 3, 1, 0, 3, 1, 0, 1, 3, 1, 3, 3, 3, 0, 0, 1, 0, 3, 3, 3, 2, 3, 3, 1, 3, 1, 0, 3, 1, 0, 1, 0, 0, 0, 3, 1, 1, 1, 2, 1, 2, 1, 3, 0, 3, 3, 0, 0, 0, 1, 1, 2, 0, 3, 1, 3, 1, 0, 0, 0, 2, 0, 1, 1, 0, 3, 3, 1, 0, 3, 3, 3, 1, 0, 0, 2, 2, 1, 1, 3, 3, 0, 1, 3], "confidence_scores": [[0.004763335097559419, 0.423043313128777, 0.06572055699137719, 0.5064727947822864], [0.19752710791973632, 0.10946749085868508, 0.33280964014411857, 0.3601957610774601], [0.012911928841405535, 0.04627540787430938, 0.09028984625693774, 0.8505228170273473], [0.6588734933430127, 0.22523738039818003, 0.02968760677648671, 0.08620151948232041], [0.01438852990298003, 0.27371646913011155, 0.3435653138188553, 0.3683296871480531], [0.008702531379021243, 0.01678743856402848, 0.6602947444675656, 0.31421528558938466], [0.020329208060515042, 0.3303348239105664, 0.3002916803852442, 0.34904428764367434], [0.0036942743873222745, 0.7446810214846245, 0.02727950630705834, 0.22434519782099496], [0.8248162116338067, 0.07331051179672385, 0.0066521541719491055, 0.09522112239752027], [0.03760226766436336, 0.005438695108345693, 0.0029048233882125376, 0.9540542138390785], [0.2824599519323852, 0.15954758234419197, 0.16771378827497804, 0.3902786774484447], [0.9540009823206711, 0.014496620676814835, 0.0039648005463773965, 0.0275375964561367], [0.7002126902376347, 0.002489417456886296, 0.23637678627881878, 0.06092110602666015], [0.8496427598335096, 0.025411607129139938, 0.10838518470690084, 0.01656044833044956], [0.6507047599623649, 0.11694620551366118, 0.03858915462149999, 0.19375987990247387], [0.12350246374024652, 0.04888901365802078, 0.3047407833352451, 0.5228677392664874], [0.6960426844127587, 0.05267990504167047, 0.24799677302983406, 0.003280637515736818], [0.7033932859461076, 0.06462751186595757, 0.006853006923116146, 0.2251261952648187], [0.04246869820455301, 0.9368050503797696, 0.014623853665954676, 0.006102397749722906], [0.010298312992974765, 0.02936643935549815, 0.003796979765086695, 0.9565382678864405], [0.256123610910522, 0.13399052022654973, 0.0034324884150019807, 0.6064533804479264], [0.15993507582259583, 0.06158554324875125, 0.14102097433169963, 0.6374584065969533], [0.00649824921266033, 0.4243240612887153, 0.14366088190680076, 0.4255168075918236], [0.9471408106052376, 0.0028485454575502534, 0.04287147799786005, 0.007139165939352099], [0.018792078794849894, 0.062419460254018254, 0.034807003710570085, 0.8839814572405618], [0.12230785114944771, 0.04792954305773407, 0.15640258727020329, 0.673360018522615], [0.03274135148511592, 0.08797844609275916, 0.014185798510093607, 0.8650944039120312], [0.16500891651726324, 0.19526243915620434, 0.11517674174902383, 0.5245519025775085], [0.2980408148545405, 0.4699182551438879, 0.0001496187481457151, 0.231891311253426], [0.0039555856733212704, 0.994511379904499, 0.0007595902888455512, 0.0007734441333343737], [0.05271617244375913, 0.9327237475245226, 0.0022473425994826977, 0.012312737432235881], [0.626787262639287, 0.012656220430744653, 0.0020718064311780944, 0.3584847104987902], [0.011190167961467289, 0.013482354841661374, 0.07400582015986028, 0.9013216570370112], [0.8866804953527966, 0.08443884114957029, 0.027377361051976405, 0.0015033024456568142], [0.6754994455858802, 0.10003557182480864, 0.06500351570967006, 0.15946146687964124], [0.0670625348465232, 0.1515880672482467, 0.7123671363263017, 0.0689822615789283], [0.004278867464258843, 0.05312895093786905, 0.588191742729987, 0.3544004388678852], [0.46256621021852967, 0.06875434600562623, 0.053721875979074525, 0.4149575677967697], [0.34076820121235274, 0.42763008340939557, 0.2132341820866651, 0.0183675332915866], [0.05956431948552107, 0.055448108454867764, 0.6991013683060865, 0.18588620375352477], [0.2512326788217125, 0.6179640533036428, 0.034350326209128236, 0.09645294166551652], [0.11483944788379198, 0.029601123473203633, 0.011308591513930849, 0.8442508371290737], [0.0046717787105583115, 0.050671802909679764, 0.9398772856270725, 0.004779132752689314], [0.013105645807328542, 0.8931752096243172, 0.016584407645370922, 0.07713473692298342], [0.871256179357112, 0.01789160218783704, 0.0019433609201936664, 0.10890885753485738], [0.4536130636649985, 0.10308618438536292, 0.32067949894068837, 0.12262125300895022], [0.5523140951570079, 0.07421630356877329, 0.03174354194821711, 0.34172605932600186], [0.01150830682734797, 0.2881213580611651, 0.6641473367458872, 0.03622299836559966], [0.062248174813064966, 0.44896451208609284, 0.4458850795673834, 0.04290223353345887], [0.3215332445863588, 0.008080952412834201, 0.034062889268586305, 0.6363229137322207], [0.38995288104445164, 0.029718291834494356, 0.1049876914856878, 0.47534113563536623], [0.03752816545617407, 0.08898329349104744, 0.05716086897851862, 0.8163276720742599], [0.046580886329732195, 0.00382187891908149, 0.01213496856200266, 0.9374622661891836], [0.4340675568167004, 0.36986688185024535, 0.059848654714015945, 0.1362169066190382], [0.11993290957274488, 0.8187421473748613, 0.004152319041947512, 0.057172624010446184], [0.048794591081485254, 0.26905944726297715, 0.04567095860115315, 0.6364750030543844], [0.8213418310854956, 0.12827587911291244, 0.026880510398969715, 0.023501779402622217], [0.8809565548502858, 0.026655653069837325, 0.07071283955249365, 0.021674952527383322], [0.700618232080664, 0.14133499643945305, 0.11130978144877951, 0.04673699003110339], [0.07238052148621665, 0.13105913894022267, 0.0016792238504053979, 0.7948811157231551], [0.06940931432036247, 0.7590087592897993, 0.15792367026664256, 0.013658256123195621], [0.5180632293817575, 0.2342630569219187, 0.10310867226360297, 0.14456504143272078], [0.35270787448345914, 0.16784674230352956, 0.05587333518349087, 0.42357204802952053], [0.07368119634383376, 0.9217575496489901, 0.0010794286828353101, 0.0034818253243406503], [0.6746102589433685, 0.31116985484726717, 0.004333678844777808, 0.009886207364586555], [0.05589765917451645, 0.5364909184032471, 0.33536787766418197, 0.07224354475805445], [0.011671852505671087, 0.01877892189416744, 0.15782029005764805, 0.8117289355425135], [0.046583261712508324, 0.48423423159268153, 0.07905626910157795, 0.3901262375932322], [0.059122789560408964, 0.00011920149688351414, 0.0017632276630504503, 0.938994781279657], [0.38140159198221363, 0.0010381802028477166, 0.0005804488004630503, 0.6169797790144755], [0.125413030833471, 0.27132317700674463, 0.08189793591898249, 0.5213658562408019], [0.7008740217424534, 0.028725539263108, 0.24439360967896018, 0.026006829315478347], [0.8624063550179217, 0.010646367943025193, 0.006059014518009514, 0.12088826252104351], [0.0073838117745430865, 0.5840037376088455, 0.03360101813296093, 0.37501143248365054], [0.6988705583509078, 0.018552348785332084, 0.044947349044070446, 0.23762974381968965], [0.021082786679020447, 0.47857187476870217, 0.006642522167993675, 0.49370281638428354], [0.31917511438248636, 0.16523457582367715, 0.1272504866300573, 0.3883398231637792], [0.07718591070493169, 0.047545209091946365, 0.020835317745108464, 0.8544335624580135], [0.14832487800709385, 0.052071506500437466, 0.767359927234846, 0.032243688257622756], [0.1344498345509091, 0.09011070909211016, 0.001799510117451444, 0.7736399462395294], [0.29798153190166304, 0.0700112789178657, 0.2919979419274781, 0.34000924725299314], [0.16603869711428818, 0.7717491078969078, 0.0421902575903671, 0.020021937398437006], [0.247825116496225, 0.19136318724134446, 0.23489474390759296, 0.3259169523548376], [0.19103345728847412, 0.6549674726444743, 0.08326955607626316, 0.07072951399078849], [0.31264644523925117, 0.1869739716376436, 0.20118438506277175, 0.2991951980603333], [0.03620097672960501, 0.017531589085654643, 0.004269904965872552, 0.9419975292188677], [0.07557839028916143, 0.5447305100958961, 0.03256495900784483, 0.34712614060709757], [0.8060674325339211, 0.013389353588426868, 0.1715852704484836, 0.008957943429168586], [0.03945889316743721, 0.7039983673465988, 0.15143382642714967, 0.10510891305881433], [0.42829352623064343, 0.0765175270244819, 0.19967400918742145, 0.29551493755745334], [0.5056242279828801, 0.003938560839799245, 0.0007777192191327625, 0.4896594919581878], [0.41613687207606287, 0.34750652726416725, 0.04032943278508166, 0.19602716787468819], [0.006328291357478026, 0.2835003790163527, 0.06099585719669322, 0.649175472429476], [0.19267455070636336, 0.3925162928141806, 0.23837552047343488, 0.1764336360060211], [0.010798193523816889, 0.8162556968517307, 0.16207650634516182, 0.010869603279290528], [0.09307447296151311, 0.5061244762516864, 0.030519882389464632, 0.3702811683973358], [0.0020506856578234923, 0.012190334916784222, 0.9652626692310939, 0.020496310194298324], [0.02059010527697435, 0.954825423785302, 0.009280984972283851, 0.015303485965439685], [0.06957341867001703, 0.10162714325142752, 0.6626817414735785, 0.16611769660497688], [0.010355916122253192, 0.8850368784471518, 0.03967154417537939, 0.06493566125521541], [0.34767979764036483, 0.0978767411263683, 0.08291686540555449, 0.4715265958277123], [0.4224221100648755, 0.22431218819484888, 0.05777885069543008, 0.2954868510448455], [0.11969636112028072, 0.1522398468600272, 0.10216202200931301, 0.625901770010379], [0.3248815318667358, 0.22144311167159927, 0.11839224532152226, 0.33528311114014275], [0.955848099354651, 0.0024248641390415995, 0.022006690403309746, 0.019720346102997655], [0.9715936804489314, 0.017055292691317527, 0.001206406695902829, 0.010144620163848112], [0.5197075973809737, 0.232334823522238, 0.04376398580717894, 0.20419359328960932], [0.0735742177115917, 0.3980118338591952, 0.1418788433964195, 0.3865351050327937], [0.4045302826372926, 0.4259486187714855, 0.15243462325693266, 0.01708647533428925], [0.3436735223072701, 0.07395000134605786, 0.4590351564251858, 0.12334131992148634], [0.9199559746490868, 0.04999855022780214, 0.01139489378434374, 0.018650581338767406], [0.009756305894094784, 0.10888807400393695, 9.821686898473211e-05, 0.8812574032329835], [0.04421703582211023, 0.6058764242103909, 0.03510079002411959, 0.31480574994337934], [0.00175179321082463, 0.17052784916356842, 0.027669260852632844, 0.8000510967729741], [0.1321148888780116, 0.7066538119210186, 0.08371059181433518, 0.07752070738663472], [0.5116124241674515, 0.09142449535439905, 0.002438488935149261, 0.39452459154300024], [0.6595942781111976, 0.10855228006700222, 0.21660108028146108, 0.015252361540339082], [0.5307692411178899, 0.38883396469405407, 0.0435518956836902, 0.036844898504365724], [0.1452271712919631, 0.15024619012470153, 0.5597511367796387, 0.14477550180369658], [0.5474041107464849, 0.08543574696655502, 0.046720567809379235, 0.32043957447758076], [0.00033147422385714214, 0.9212990603671335, 0.06482901898442602, 0.013540446424583385], [0.3192431167925337, 0.5182746867418794, 0.13199078350880916, 0.030491412956777784], [0.3643025606338173, 0.19145950229156658, 0.31624396063807, 0.12799397643654625], [0.25709417498134446, 0.2172811338139305, 0.06254170643952517, 0.4630829847651997], [0.003968165331030964, 0.049626537348183085, 0.03122997362707263, 0.9151753236937133], [0.0042881752515487245, 0.836410122268402, 0.15097854036717262, 0.008323162112876708], [0.6814304330442301, 0.045729534739688694, 0.14318059304195468, 0.12965943917412642], [0.06980638588188648, 0.037968539401446635, 0.04826962205830129, 0.8439554526583656], [0.10303937251854811, 0.05492540618653166, 0.06303978982824744, 0.7789954314666727], [0.23649220015112893, 0.21853235464434312, 0.11397711985651689, 0.430998325348011], [0.204806323690981, 0.7779264061234163, 0.0011947661996893632, 0.016072503985913325], [0.7212786785925602, 0.09409030443485943, 0.03299281656611698, 0.1516382004064633], [0.6877415208605657, 0.27543263614005864, 0.0011860775459522144, 0.035639765453423525], [0.044302636331212134, 0.015473247688622899, 0.6771886093766174, 0.2630355066035476], [0.10811246334497766, 0.2804567269016405, 0.5999481688568817, 0.01148264089650012], [0.27690317574864576, 0.5495093710949813, 0.03356646309428395, 0.1400209900620889], [0.04977133789594838, 0.9098414192225093, 0.0076089066423515065, 0.03277833623919084], [0.2595084227107385, 0.06015940256209456, 0.037377313902748614, 0.6429548608244184], [0.37236235318947125, 0.07560576709958075, 0.0035250973749083427, 0.5485067823360397], [0.7695265006425628, 0.2018885528205761, 0.006011338047419637, 0.022573608489441524], [0.011807426649178537, 0.6855083063656372, 0.009747438498643766, 0.2929368284865405], [0.01833481665684828, 0.12958918381036502, 0.2401938418786602, 0.6118821576541266]]}, "rewritten": {"ids": ["97107920", "97107950", "97111790", "97112830", "97114170", "97116500", "98107210", "98108520", "98108580", "98109311", "98109570", "98112170", "98119591", "99105921", "99107300", "99107560", "99107630", "99107640", "99108000", "99108520", "99108710", "99108890", "99109370", "99109840", "99112840", "99121440", "100108260", "100108990", "100109000", "100109980", "100111270", "100112060", "101108500", "101109370", "101111310", "101112540", "101115190", "101121640", "102110750", "102112030", "102112170", "102112250", "102114270", "102116340", "102116500", "102118380", "103110760", "103111540", "103112641", "103113101", "103113170", "103117461", "103118110", "103118291", "104111380", "104111531", "104111550", "104113190", "104114320", "105112240", "105112260", "105113210", "105113440", "105114220", "105115250", "105115380", "105117431", "105118171", "105118230", "106111321", "106114011", "106114150", "106115240", "106116370", "106116850", "106117650", "106117770", "106118161", "106121190", "107112850", "107113360", "107114140", "107115250", "107118820", "107119130", "108113620", "108114180", "108115070", "108115250", "108116070", "108116120", "108117360", "108117610", "108118060", "108120621", "108121190", "109114220", "109114651", "109115211", "109116930", "109117110", "109118231", "110113591", "110115120", "110115980", "110116170", "110116290", "110116300", "110118111", "110118121", "110118450", "110118701", "110118930", "110119300", "110119891", "110120190", "110121450", "111114321", "111115780", "111116411", "111116640", "111117120", "111118820", "111119150", "111119290", "112116540", "112118161", "112118421", "112118701", "112119120", "112119450", "112119950", "112119980", "112120670", "112120700", "113118490", "113120260", "113120830", "113121190", "113121680", "113122190", "113122430"], "labels": [0, 2, 2, 2, 2, 2, 1, 2, 0, 1, 1, 3, 1, 1, 3, 1, 2, 1, 2, 2, 2, 0, 1, 2, 2, 2, 3, 2, 1, 1, 2, 2, 3, 1, 3, 2, 1, 2, 1, 2, 3, 0, 3, 3, 1, 1, 1, 1, 3, 3, 3, 0, 2, 0, 3, 0, 1, 3, 2, 1, 3, 3, 0, 3, 2, 1, 1, 3, 1, 0, 1, 1, 1, 2, 3, 1, 0, 3, 2, 1, 0, 2, 2, 3, 1, 3, 1, 1, 1, 1, 1, 1, 3, 1, 1, 1, 3, 3, 0, 0, 1, 1, 0, 0, 1, 0, 2, 3, 1, 3, 0, 3, 1, 1, 3, 3, 3, 1, 1, 0, 0, 2, 0, 3, 3, 1, 0, 3, 0, 1, 3, 0, 0, 2, 2, 1, 3, 3, 1, 1, 1, 2], "predicted_labels": [0, 2, 3, 3, 3, 1, 1, 2, 0, 3, 3, 3, 3, 1, 0, 3, 3, 3, 0, 2, 1, 1, 1, 0, 1, 2, 1, 0, 3, 0, 0, 0, 2, 2, 1, 2, 3, 3, 2, 3, 0, 3, 1, 1, 0, 3, 0, 0, 0, 3, 1, 0, 1, 0, 0, 3, 0, 3, 0, 3, 1, 0, 1, 0, 1, 1, 1, 0, 1, 3, 0, 0, 0, 0, 3, 1, 3, 0, 2, 1, 0, 2, 1, 3, 1, 0, 1, 1, 1, 0, 0, 3, 1, 0, 3, 1, 0, 3, 0, 0, 3, 3, 0, 2, 0, 0, 0, 3, 0, 3, 3, 1, 1, 0, 1, 2, 1, 3, 3, 0, 0, 1, 1, 1, 0, 1, 1, 3, 0, 3, 0, 3, 1, 1, 0, 3, 3, 0, 2, 3, 1, 1], "confidence_scores": [[0.965505884678894, 0.00032958303929949074, 0.0026536479988184015, 0.03151088428298797], [0.40257830050088966, 0.13706683303210843, 0.453431632515195, 0.006923233951806931], [0.2744884370739611, 0.06457118951863744, 0.2268698736381995, 0.434070499769202], [0.2707918292799161, 0.0027576015230176025, 0.06434744510095435, 0.662103124096112], [0.09393157004530579, 0.017744402276021327, 0.0242273719137137, 0.8640966557649593], [0.22524608009048672, 0.5205618988664715, 0.06762335524702726, 0.18656866579601455], [0.04414824120881827, 0.9507163645122084, 0.0021337775619586705, 0.0030016167170145557], [0.39380360412456733, 0.019063560936056462, 0.5659851974717289, 0.021147637467647282], [0.7206176271003669, 0.019860249115113998, 0.23364811850395723, 0.025874005280561947], [0.020891376756421724, 0.3761153605655582, 0.05033573436066274, 0.5526575283173573], [0.31062139156982777, 0.0026976967758138826, 0.006722147275535553, 0.6799587643788229], [0.26963218474070005, 0.011042364659196915, 0.014484967899026254, 0.7048404827010768], [0.2715177034564528, 0.06456618444984752, 0.1135647381600389, 0.5503513739336607], [0.02216963198488907, 0.8687116533255455, 0.03194766296171089, 0.07717105172785459], [0.9662330965990135, 0.010657511944379977, 0.000289822876758492, 0.022819568579847984], [0.25287110412171415, 0.15110954135226648, 0.03513492145307779, 0.5608844330729416], [0.38468830354395184, 0.12529153333605483, 0.01499971161237105, 0.47502045150762223], [0.27211571515803273, 0.019684154787964536, 0.005329842666061689, 0.7028702873879411], [0.7176259260501813, 0.03111131572066633, 0.029314016898238145, 0.22194874133091433], [0.1448028139897633, 0.06114824611200428, 0.6301141883712184, 0.16393475152701398], [0.029186061932621528, 0.9560016548721807, 0.01363435899088638, 0.001177924204311596], [0.031732539686145915, 0.9056408156296145, 0.003925219961643036, 0.058701424722596623], [0.027793641414883555, 0.6888991138546611, 0.08472239016751001, 0.19858485456294556], [0.4078315809579222, 0.2818814599766557, 0.15265416443268345, 0.15763279463273855], [0.20970430502960377, 0.5222756029908284, 0.20431114854543922, 0.06370894343412851], [0.1984003733082115, 0.012706015913233169, 0.7327643600487816, 0.05612925072977363], [0.44421939878187633, 0.5483803433789187, 0.00423576191342097, 0.0031644959257839233], [0.39627086848482246, 0.31332130052834795, 0.0531385817592234, 0.2372692492276061], [0.34102637843422945, 0.28695151553207426, 0.0303134947690931, 0.3417086112646033], [0.9425727692917488, 0.027200523952539024, 0.007670516136882452, 0.02255619061882969], [0.5112539592921285, 0.07216692283753329, 0.334229409381786, 0.08234970848855229], [0.8709371796606915, 0.011781945428488996, 0.04809587853980219, 0.06918499637101724], [0.05737983322158626, 0.033123876699390334, 0.8424873721133097, 0.06700891796571364], [0.024527232835601855, 0.021561073304812033, 0.9342375442562504, 0.019674149603335526], [0.36253994816811164, 0.4233561712169079, 0.1929818930237492, 0.02112198759123133], [0.20075904925016927, 0.08711259758564677, 0.6962326120549819, 0.015895741109202072], [0.14821901106972615, 0.013416031694509141, 0.25010930477825244, 0.5882556524575122], [0.19816717142739576, 0.09051065418072883, 0.054556196372901496, 0.656765978018974], [0.0035626802895535863, 0.08284609858843299, 0.9013420982506629, 0.012249122871350606], [0.35078252664958676, 0.15375035201477436, 0.07332047976218108, 0.42214664157345794], [0.5733640063239672, 0.06126333561734125, 0.06092667328378748, 0.3044459847749041], [0.22112292551954477, 0.01410016057081838, 0.0005160852688138456, 0.764260828640823], [0.04236927166617387, 0.8130800062985579, 0.021375595853901034, 0.12317512618136699], [0.41264462535865265, 0.5577309837853793, 0.009634253400033791, 0.01999013745593415], [0.3401414002640669, 0.33383163760948087, 0.01672610535697632, 0.3093008567694759], [0.19568799459834424, 0.06517679459981565, 0.10783402547609651, 0.6313011853257435], [0.7852306823864932, 0.0601092079788332, 0.1166311123545387, 0.03802899728013478], [0.579098457774833, 0.013462257180434931, 0.1841581693896999, 0.22328111565503214], [0.5096143399152526, 0.27480843335023614, 0.0647067267754333, 0.15087049995907806], [0.020655745177454988, 0.09888518286926086, 0.0871146753764625, 0.7933443965768218], [0.0010206571755493337, 0.9949876365037259, 0.003581276976189968, 0.0004104293445347001], [0.8631580898450724, 0.117604513341759, 0.0034554983414487243, 0.015781898471719857], [0.4817227209275664, 0.4905489451124089, 0.025982920374784092, 0.0017454135852406928], [0.8885606830569838, 0.013572604370111745, 0.0032924566158349317, 0.09457425595706963], [0.49100137487328144, 0.408424803269039, 0.003372734974461741, 0.09720108688321785], [0.10195308796261505, 0.010170986300438799, 0.0045011372305458625, 0.8833747885064004], [0.5297632350616863, 0.045612980601966925, 0.4088504969000598, 0.015773287436286986], [0.324974713122535, 0.16137161192002156, 0.006169650741637371, 0.5074840242158061], [0.5816783162970072, 0.0579519437249766, 0.33431206064049573, 0.026057679337520553], [0.002704706351817549, 0.1933529906562908, 0.09751610208574839, 0.7064262009061432], [0.33451279465142186, 0.43906184739242, 0.06307020296817295, 0.16335515498798509], [0.5063330319866478, 0.2790868138472642, 0.0028442076127927337, 0.21173594655329536], [0.08666415088168344, 0.545440982672302, 0.23106113467944625, 0.13683373176656832], [0.5853098336957075, 0.10083884549805389, 0.054385223743478546, 0.2594660970627601], [0.010989638959022292, 0.8899122151023638, 0.07846925007716887, 0.020628895861444944], [0.004298540397007107, 0.933649028288976, 0.015493957689407731, 0.04655847362460885], [0.05983178752511643, 0.4823269557200871, 0.45723581045670564, 0.0006054462980910009], [0.8784256187742637, 0.06310563985573157, 0.01813614769985944, 0.04033259367014524], [0.061125131360739174, 0.7367488938792957, 0.06781367126238315, 0.13431230349758203], [0.3822887463629985, 0.2237542474718995, 0.0063539198126123615, 0.3876030863524898], [0.9160583093196887, 0.008124041594574576, 0.004931984984974916, 0.07088566410076198], [0.9992283671471232, 4.776819015619168e-05, 0.0006153544052981268, 0.00010851025742259561], [0.67019890744647, 0.08683260040406067, 0.026773574915682455, 0.21619491723378667], [0.9246148981058369, 0.004663811346682689, 0.02180038018732339, 0.04892091036015708], [0.10457006492849664, 0.030747825174332367, 0.33524060431567926, 0.5294415055814917], [0.09276904034952707, 0.7180072547750801, 0.16460890852074483, 0.024614796354648], [0.04059294257910878, 0.003524495424380496, 0.16653805346603429, 0.7893445085304764], [0.8813109102459469, 0.035279323919469925, 0.003822775480078399, 0.07958699035450476], [0.0006174278305627083, 0.45594093349309023, 0.5207427283616275, 0.02269891031471946], [0.04400045385432596, 0.9127989989305738, 0.028151331267386708, 0.015049215947713435], [0.9929486124912812, 0.00031700812950385965, 0.00020112336278342862, 0.006533256016431495], [0.11725978319653586, 0.1626651457296904, 0.6232382497990616, 0.0968368212747121], [0.3169060671229989, 0.39572871909562235, 0.024130788304887556, 0.2632344254764912], [0.2323086123074975, 0.17928160758701533, 0.010862793037863897, 0.5775469870676232], [0.01665255203376779, 0.4930996072514383, 0.0478600036051062, 0.4423878371096877], [0.5324332277003074, 0.37457641923357904, 0.0759149341344844, 0.017075418931629064], [0.002296824631891081, 0.9783177156953106, 0.011491823170831512, 0.007893636501966821], [0.012714909953273432, 0.5783885444787098, 0.06846778605443192, 0.34042875951358487], [0.016423290769682845, 0.8421139547285562, 0.09273269453813, 0.04873005996363093], [0.6631756738007004, 0.24565836537386634, 0.019733713778956163, 0.07143224704647705], [0.6069274769079331, 0.041192020744272966, 0.11630253352882117, 0.23557796881897264], [0.43168519384676196, 0.0006494945727429867, 0.027096252260358916, 0.5405690593201361], [0.20266997093228997, 0.6399301163109848, 0.1045074473952998, 0.05289246536142542], [0.9594204306289661, 0.000188055526692467, 0.0055953496487684655, 0.03479616419557295], [0.04100275033437019, 0.006036582540139432, 0.016463862127709488, 0.9364968049977809], [0.08831770718791786, 0.4807420573508248, 0.08324668343387975, 0.3476935520273776], [0.8943560125459873, 0.0006082533628635297, 0.005275522209114781, 0.09976021188203457], [0.21450872868017867, 0.0025411103972536567, 0.05879925183485666, 0.724150909087711], [0.5942127436742564, 0.0003146953689469345, 0.00544251928938725, 0.4000300416674096], [0.7452839970913382, 0.04166608321986165, 0.010824220504008171, 0.20222569918479186], [0.007102148003755498, 0.004656235681640612, 0.000975489449117966, 0.9872661268654859], [0.15891671338829907, 0.014209133127496444, 0.0107447343038835, 0.8161294191803209], [0.9196325808059247, 0.020400452314510573, 0.019562024692900148, 0.04040494218666454], [0.3800553191088181, 0.054630824866895376, 0.5525445523075738, 0.012769303716712765], [0.8043530263459666, 0.0015286404446213876, 0.16071019360951344, 0.03340813959989853], [0.6683298927162911, 0.15199803941401938, 0.04372556458613992, 0.13594650328354968], [0.648688364845617, 0.1323469498284978, 0.17755290192303985, 0.04141178340284537], [0.07120554287611103, 0.009692385510152862, 0.0033887426421003275, 0.9157133289716358], [0.4412290412768559, 0.06498484853563147, 0.326260039277269, 0.1675260709102436], [0.018254656145709036, 0.23068545471951588, 0.030957388070285936, 0.7201025010644893], [0.03254911236355564, 0.14658767348833115, 0.06709805058303785, 0.7537651635650753], [0.25766942660516445, 0.41701948926812127, 0.0019270891585544089, 0.3233839949681599], [0.0015717910754771119, 0.7351774092625379, 0.22622344254389032, 0.03702735711809464], [0.5677417080753663, 0.33738036258525095, 0.05798646571537326, 0.03689146362400935], [0.18796004936243174, 0.7328227130316564, 0.015793179011481896, 0.06342405859443], [0.0034290971623120864, 0.007296355362451237, 0.9484480319406384, 0.040826515534598325], [0.33111775488259704, 0.5751034730663214, 0.0004752366661216361, 0.09330353538495999], [0.0011534173388379168, 0.15093314568240238, 0.00646263349503828, 0.8414508034837215], [0.026589678624014706, 0.037547953813954024, 0.19006492915390347, 0.7457974384081277], [0.5406742509071396, 0.0441175111324241, 0.009660357136794412, 0.4055478808236419], [0.37959284909586233, 0.2813879151710492, 0.2984529609254424, 0.04056627480764592], [0.020464292853281874, 0.9148292107180143, 0.003907339103276785, 0.06079915732542715], [0.36272583467792113, 0.47580141907940426, 0.0004613547918892442, 0.1610113914507855], [0.3471058205518672, 0.37173862134075686, 0.0075432186196787016, 0.27361233948769725], [0.5129506845376237, 0.011393269806673099, 0.46745581342355413, 0.008200232232149099], [0.02534634967073049, 0.7004883061518037, 0.03451731991792319, 0.23964802425954254], [0.00020087578133683227, 0.9989367308722877, 0.0007087411273969706, 0.00015365221897843112], [0.3309584619790222, 0.18691673154332322, 0.004107164668723527, 0.4780176418089311], [0.6473494330609852, 0.021235012507735213, 0.26665231706224796, 0.0647632373690315], [0.081334624271725, 0.09642362512700701, 0.005751700908497912, 0.8164900496927701], [0.8120606730345522, 0.11203712442929253, 0.005376984581747882, 0.07052521795440739], [0.43872376766039994, 0.018319605483910147, 0.0005975340715444311, 0.5423590927841455], [0.18638598165422296, 0.7601781418622569, 0.006683469173507034, 0.04675240731001326], [0.024038723787182643, 0.7772878360642357, 0.190042884471317, 0.008630555677264548], [0.8323169201989739, 0.1515357754641169, 0.005353991613435875, 0.010793312723473327], [0.3183914543691512, 0.178406867514001, 0.04145482721455822, 0.46174685090228956], [0.1857904031827455, 0.23288030922968597, 0.01097075712063917, 0.5703585304669293], [0.7165280621722961, 0.035145821147582954, 0.19858801005412866, 0.04973810662599215], [0.09460809603287933, 0.251005330605566, 0.36910200098057155, 0.28528457238098315], [0.043887323292838426, 0.02687040460895859, 0.18537181067244496, 0.7438704614257581], [0.056657859275054484, 0.5724748697811604, 0.30271291595243377, 0.06815435499135146], [0.0010087287379178897, 0.9178118485869902, 0.03633836959028124, 0.044841053084810664]]}}