{"test": {"ids": ["99109780", "97107821", "106120290", "111120540", "99112531", "112116290", "111117571", "111118301", "99109311", "97113260", "109116040", "108116501", "99107500", "110117080", "112119450", "112118930", "113119450", "102110050", "107112850", "108121351", "111117200", "112121410", "111114941", "106119580", "99110050", "105113440", "105114220", "113122230", "113121980", "99107950", "104111380", "112118161", "113118690", "106116120", "108113480", "109115211", "106120640", "99107560", "99108710", "97116500", "107118780", "111116170", "105120280", "100109000", "109114030", "105113170", "105116441", "103110100", "99112641", "98107340", "109116930", "112118530", "113118810", "104111620", "112117790", "105121370", "97106000", "97105960", "109117271", "105113260", "100109980", "109119340", "104110960", "110121500", "113120591", "100113210", "107114200", "112120540", "106113830", "111120320", "99108890", "97114170", "103117461", "113120070", "105115680", "107118520", "111116640", "104112201", "97118210", "112116501", "110120700", "108114200", "107118490", "107118120", "100120010", "108115880", "104114320", "106117650", "112120700", "97107260", "109117630", "112116880", "105117200", "112116810", "108116120", "105110091", "110118930", "102111990", "97106820", "99108580", "100116500", "103111830", "98111670", "113118421", "111120280", "97106600", "102114270", "111121351", "113120280", "106115120", "98110680", "99114890", "112116610", "101116130", "99111340", "113119950", "110114610", "99109141", "100111620", "113118620", "111115770", "112116451", "105116650", "101115190", "110115890", "103109791", "102109850", "111116110", "112121010", "113119120", "110114561", "103113640", "112116401", "107114780", "104118340", "103118291", "109113931", "97112290", "112117780", "104113190", "113121810", "100109801"], "labels": [2, 2, 2, 1, 3, 0, 3, 3, 1, 1, 0, 0, 0, 1, 3, 1, 3, 3, 1, 3, 0, 0, 0, 3, 3, 0, 3, 1, 2, 1, 3, 0, 3, 1, 0, 0, 3, 1, 2, 2, 1, 0, 3, 1, 1, 0, 1, 1, 1, 0, 0, 1, 3, 0, 3, 2, 0, 2, 0, 3, 1, 3, 2, 3, 0, 0, 2, 3, 1, 1, 0, 2, 0, 2, 2, 2, 0, 0, 2, 3, 2, 0, 2, 3, 0, 3, 2, 1, 2, 2, 0, 0, 3, 3, 1, 0, 1, 2, 1, 0, 2, 3, 1, 3, 0, 3, 3, 0, 0, 1, 2, 2, 1, 2, 1, 0, 1, 3, 3, 3, 3, 0, 1, 1, 2, 3, 1, 3, 2, 3, 0, 1, 0, 2, 2, 0, 1, 1, 0, 3, 2, 0], "predicted_labels": [3, 1, 3, 0, 3, 1, 1, 3, 2, 3, 3, 0, 1, 3, 3, 1, 0, 1, 1, 3, 3, 3, 1, 3, 3, 1, 1, 1, 2, 2, 0, 3, 3, 1, 3, 3, 1, 0, 1, 3, 3, 1, 3, 1, 1, 3, 1, 3, 1, 3, 0, 1, 1, 0, 3, 1, 3, 2, 3, 1, 3, 0, 1, 3, 0, 2, 3, 3, 3, 3, 3, 2, 1, 1, 1, 1, 2, 1, 2, 3, 1, 1, 1, 1, 1, 3, 3, 2, 3, 3, 1, 3, 3, 3, 3, 1, 1, 1, 3, 2, 3, 0, 1, 3, 3, 2, 0, 3, 3, 0, 2, 1, 2, 3, 2, 2, 0, 0, 2, 3, 2, 3, 2, 1, 1, 1, 3, 3, 3, 3, 1, 0, 0, 1, 1, 1, 3, 3, 3, 1, 2, 0], "confidence_scores": [[0.177298999537698, 0.2093139069879261, 0.19691325427818704, 0.4164738391961889], [0.23209373611188142, 0.3186086468833761, 0.1604161420188969, 0.28888147498584565], [0.2475169838123146, 0.17533606653290632, 0.07409023755478593, 0.5030567120999931], [0.35644206534663364, 0.28722607078672785, 0.18145952936342719, 0.17487233450321146], [0.1902807811177543, 0.1462927516676995, 0.32271026641017164, 0.3407162008043745], [0.04444595654553399, 0.4044344377016508, 0.18943684699211635, 0.36168275876069883], [0.11980209770640624, 0.5933997420129152, 0.11563917703650776, 0.17115898324417086], [0.18718638955630465, 0.15036314014377994, 0.12698711479208508, 0.5354633555078304], [0.21251250534550517, 0.25419465307419375, 0.27247452672254907, 0.2608183148577519], [0.28673251164076835, 0.14979877920531987, 0.26418478016937863, 0.2992839289845331], [0.22133932582515942, 0.26445782740504065, 0.16243118085678251, 0.3517716659130174], [0.43658513739874444, 0.27908463155141067, 0.07733780495586635, 0.20699242609397853], [0.07720595830506277, 0.6123169887556446, 0.10469123769581316, 0.20578581524347953], [0.12472553539363848, 0.24330510248149786, 0.12853492536680514, 0.5034344367580585], [0.21296975770273247, 0.1713391545311193, 0.11344811006332965, 0.5022429777028187], [0.12673305809718552, 0.4201195188595813, 0.2362987557705193, 0.21684866727271385], [0.38926780561575036, 0.2553334150462428, 0.1379828098917618, 0.21741596944624508], [0.11981934871136922, 0.3643761971916954, 0.2444645227119919, 0.27133993138494344], [0.32682978436592924, 0.36936826296192743, 0.14439535920692473, 0.15940659346521868], [0.2736938934394398, 0.27697772961201594, 0.1476241179437892, 0.30170425900475506], [0.0880561746175699, 0.16547761783162082, 0.07331199040632208, 0.6731542171444872], [0.17898851275541494, 0.11932235137878518, 0.21583652865411893, 0.4858526072116811], [0.16585300380367893, 0.4551779136869125, 0.07901342217901089, 0.29995566033039756], [0.15653953261388837, 0.28711325769940516, 0.20859232468567168, 0.34775488500103474], [0.1254298698892692, 0.35721824850203693, 0.15596781907331903, 0.3613840625353751], [0.2631084211603909, 0.2934334155270508, 0.15349868061447397, 0.28995948269808436], [0.13687215546780293, 0.45276729549251316, 0.303840206288159, 0.10652034275152487], [0.14827041089572524, 0.40564040879011726, 0.1357747259523942, 0.3103144543617633], [0.0814835714973574, 0.29506103530375644, 0.31523316308416593, 0.3082222301147203], [0.07742275844466122, 0.12325882891941085, 0.5560884692162437, 0.2432299434196843], [0.40499514592796254, 0.2388797143343458, 0.18106857240368188, 0.17505656733401], [0.17412114352060873, 0.3617962185652054, 0.07721783023354462, 0.38686480768064135], [0.2795713224921262, 0.141801741154815, 0.12601496830215936, 0.45261196805089954], [0.241753096185839, 0.27958536886229035, 0.21694530886281577, 0.26171622608905487], [0.18216264827950102, 0.16989760872967555, 0.15670454970298692, 0.4912351932878365], [0.1953982480777252, 0.28272151759977193, 0.11053096905695804, 0.411349265265545], [0.14075819899489506, 0.563344459957583, 0.10780113617488879, 0.1880962048726332], [0.3014378634979904, 0.2657304381991415, 0.15477005882421968, 0.27806163947864837], [0.1186229738215801, 0.41876946778030616, 0.1974332567107484, 0.2651743016873654], [0.3162319699337762, 0.1618385810705041, 0.20178097702775796, 0.3201484719679617], [0.2174683319686771, 0.15361277381492872, 0.19085217762443676, 0.43806671659195745], [0.09951083920894228, 0.46445192474327257, 0.09893421056251936, 0.3371030254852659], [0.22992046001456792, 0.254708633274684, 0.13361945336165967, 0.3817514533490885], [0.08037257764248078, 0.41112585166500076, 0.12052806886852752, 0.38797350182399104], [0.13264240169087357, 0.3572500355922766, 0.1648092715813841, 0.34529829113546584], [0.1332235618689232, 0.16366527976259515, 0.17471834997279634, 0.5283928083956853], [0.20124818404035863, 0.4933706006199546, 0.048218735203808726, 0.2571624801358782], [0.28313738653291215, 0.14657697145079795, 0.1575019179771173, 0.4127837240391727], [0.3313603150233334, 0.41607927625783864, 0.07937085361482293, 0.17318955510400513], [0.2625988054183243, 0.2393225599882012, 0.16637445201646114, 0.3317041825770134], [0.2941097856193321, 0.23555869676025482, 0.17847057112293657, 0.2918609464974765], [0.07106934284038609, 0.6350076140669215, 0.20129845118615375, 0.0926245919065388], [0.0801244464921645, 0.3995651288368193, 0.12196572307953216, 0.3983447015914839], [0.387860161482404, 0.23661335319764598, 0.16105564442528586, 0.2144708408946641], [0.22749035195584064, 0.2435163329625868, 0.19332955172432725, 0.3356637633572453], [0.12322104369576536, 0.5242363217437704, 0.21008229530135594, 0.14246033925910803], [0.09633897775109435, 0.36575431199445213, 0.16550044982753195, 0.37240626042692176], [0.12761238234643948, 0.17834822579398996, 0.38719638917476223, 0.3068430026848084], [0.11881928968087441, 0.15591191757385262, 0.2755600060124286, 0.44970878673284426], [0.16340490760405932, 0.481733795012787, 0.1220437663875516, 0.2328175309956023], [0.30793980794262205, 0.12618114539934724, 0.21997259472460468, 0.345906451933426], [0.5903243226570901, 0.09549650737306026, 0.10163324825121103, 0.21254592171863862], [0.09422192939974085, 0.5747731448221791, 0.12744373817578197, 0.20356118760229808], [0.26093771211547645, 0.23242597248743083, 0.18724279245116, 0.31939352294593265], [0.39694811406423514, 0.14505904407844067, 0.10299821288598181, 0.35499462897134254], [0.13275706948276292, 0.1836295332587543, 0.4239148155497775, 0.2596985817087053], [0.04390692713802286, 0.3058568186305771, 0.07142119216841276, 0.5788150620629872], [0.23741652984353911, 0.2738356261355428, 0.13645265047385524, 0.35229519354706307], [0.14563468285695846, 0.21223020379185908, 0.2286869152793588, 0.41344819807182365], [0.27746571084016386, 0.18743605142054795, 0.11169242783038989, 0.42340580990889826], [0.26831045258092256, 0.2880459694831068, 0.09514062045206843, 0.34850295748390225], [0.11969509842004719, 0.19617327218130962, 0.4525265453073467, 0.23160508409129646], [0.2105213746368371, 0.29572866346289334, 0.2685631118632388, 0.22518685003703084], [0.040429501721041136, 0.4551639814615376, 0.4097266969978067, 0.09467981981961454], [0.14031418695737352, 0.41692578742932956, 0.24505093380122442, 0.19770909181207263], [0.30092626331153305, 0.44196629799251574, 0.1103709978549211, 0.14673644084103005], [0.1638870008576331, 0.1365770669614477, 0.40053763185643787, 0.29899830032448144], [0.2562354450198369, 0.34926598370843287, 0.09515192810539043, 0.2993466431663398], [0.16928408041032525, 0.08521902141195375, 0.49235148009407204, 0.2531454180836491], [0.10180189021945235, 0.27437301572645323, 0.08285752221212983, 0.5409675718419644], [0.17039742643397046, 0.32591266232739585, 0.22632451301258452, 0.2773653982260492], [0.07892791353167834, 0.5035247374189016, 0.16221608966529447, 0.2553312593841256], [0.26771381888088885, 0.4874145145127879, 0.13994192876850722, 0.10492973783781609], [0.33143891798029773, 0.3500011686520536, 0.18134903974980648, 0.13721087361784212], [0.14729650084882676, 0.5089394434927047, 0.19867465879506555, 0.14508939686340297], [0.10618073958765406, 0.3057806109971002, 0.16931006621850375, 0.41872858319674205], [0.30424264234911935, 0.2693538089714956, 0.08237343014159255, 0.3440301185377925], [0.2212843261839841, 0.2535022715401723, 0.30159237078358125, 0.22362103149226234], [0.1936432004800717, 0.25402686475749103, 0.21669395604625255, 0.33563597871618467], [0.15985834410323382, 0.197370953826666, 0.18474106168011104, 0.4580296403899891], [0.23747158816605882, 0.36328280811025204, 0.14796979607473756, 0.25127580764895174], [0.12460850571863193, 0.21233307472826862, 0.29804270746287514, 0.36501571209022443], [0.18541455593182576, 0.21931556317669268, 0.23622251771913869, 0.3590473631723431], [0.12397949174898239, 0.36597927950499026, 0.11861450749928797, 0.3914267212467393], [0.14890283313080346, 0.2963077847603474, 0.24132535278128495, 0.3134640293275642], [0.2941227285739765, 0.35691728833178754, 0.1975081436284484, 0.15145183946578764], [0.09060312230334801, 0.47192116690621544, 0.12094473871133693, 0.31653097207909964], [0.1634326074951395, 0.33228615277491813, 0.20753951436521273, 0.29674172536472976], [0.2072621488338459, 0.20693670265666644, 0.1736046888863224, 0.41219645962316526], [0.0916107355182411, 0.2046332151177036, 0.5556626159415743, 0.148093433422481], [0.15184351212101788, 0.22349523372217248, 0.12282790323751988, 0.5018333509192899], [0.41100734478930046, 0.1513707934210997, 0.24997557036162105, 0.18764629142797895], [0.24342508684427402, 0.41359692629220074, 0.1414507344565781, 0.20152725240694713], [0.18777153242600716, 0.3692210933746844, 0.06947972166434596, 0.3735276525349626], [0.25575067495894044, 0.27901889127044677, 0.10654677761694077, 0.3586836561536721], [0.12020586401732722, 0.30487884062816917, 0.31288949362368285, 0.2620258017308208], [0.4373091986227217, 0.25388074547693545, 0.09743875834821603, 0.21137129755212677], [0.17381517454171064, 0.21303914193794776, 0.08837703270882756, 0.524768650811514], [0.15768505722073797, 0.14125666021775626, 0.12575640101172356, 0.5753018815497823], [0.3383890214128364, 0.24502913452865657, 0.10823571101779461, 0.30834613304071246], [0.12009105371010052, 0.0980543245935207, 0.3973520587197177, 0.3845025629766612], [0.111357181522162, 0.3771266352443903, 0.19051693922932436, 0.32099924400412355], [0.2648874820570487, 0.13599935658044843, 0.4950530169815465, 0.10406014438095633], [0.16078946926845555, 0.33035967623809764, 0.15353629372556798, 0.35531456076787876], [0.11533212845430398, 0.2842962386694323, 0.4731530548846653, 0.12721857799159836], [0.23973518325985244, 0.1586376189563305, 0.46754203023758917, 0.13408516754622796], [0.316690907662094, 0.2862925009447165, 0.14924137454375971, 0.24777521684942985], [0.4162520237491273, 0.2747287105734302, 0.09966291507348271, 0.20935635060395982], [0.2569417027086311, 0.19392764825912293, 0.33773454917282286, 0.21139609985942306], [0.20843760607693942, 0.3502276901481593, 0.0728281243354639, 0.3685065794394375], [0.08935388533462905, 0.1376862535714903, 0.49862968775402317, 0.2743301733398575], [0.24650531080918736, 0.28566666323296425, 0.13327631396518322, 0.3345517119926653], [0.17945573682848248, 0.2110330858844709, 0.4183665996507411, 0.19114457763630552], [0.13950870912731675, 0.42258633033232895, 0.1674344708378827, 0.27047048970247145], [0.0751602757369354, 0.46271674273674224, 0.08121767215838285, 0.38090530936793954], [0.14600482621499, 0.4321416657949142, 0.13085382683815883, 0.290999681151937], [0.2572296566752974, 0.2610658140390466, 0.19794034265805102, 0.28376418662760505], [0.11537674133594779, 0.1392274462089562, 0.21356585122388344, 0.5318299612312126], [0.09260387563400597, 0.3236421572395675, 0.07028466372397248, 0.5134693034024541], [0.15640067841519767, 0.22328896791406397, 0.11876930833705204, 0.5015410453336863], [0.33551069826305846, 0.37387695824881306, 0.05281659383801387, 0.23779574965011457], [0.43101640331734875, 0.21756405397441064, 0.2444157856154557, 0.10700375709278485], [0.3902546548477897, 0.3428536545342534, 0.09570566783516024, 0.17118602278279663], [0.15006397504117266, 0.47551619466103207, 0.2225324257386113, 0.15188740455918393], [0.11198509853895061, 0.4410711262143469, 0.2251858320483691, 0.2217579431983333], [0.0833477705601415, 0.41300677903807526, 0.0980923306335688, 0.40555311976821445], [0.1385454618796641, 0.17342825315350163, 0.13636383035639102, 0.5516624546104433], [0.12160759254431504, 0.19557465382755002, 0.1932445709132972, 0.48957318271483785], [0.28815637362501995, 0.22870980786343148, 0.1629033210149533, 0.3202304974965953], [0.2665214538392179, 0.419622269314546, 0.14860107133699005, 0.16525520550924605], [0.14569672325083857, 0.31439571490808266, 0.46491329134027526, 0.0749942705008035], [0.36285122179829765, 0.1990804787962196, 0.11933658889878486, 0.3187317105066979]]}, "rewritten": {"ids": ["97105960", "97106000", "97106600", "97106820", "97107260", "97107821", "97112290", "97113260", "97114170", "97116500", "97118210", "98107340", "98110680", "98111670", "99107500", "99107560", "99107950", "99108580", "99108710", "99108890", "99109141", "99109311", "99109780", "99110050", "99111340", "99112531", "99112641", "99114890", "100109000", "100109801", "100109980", "100111620", "100113210", "100116500", "100120010", "101115190", "101116130", "102109850", "102110050", "102111990", "102114270", "103109791", "103110100", "103111830", "103113640", "103117461", "103118291", "104110960", "104111380", "104111620", "104112201", "104113190", "104114320", "104118340", "105110091", "105113170", "105113260", "105113440", "105114220", "105115680", "105116441", "105116650", "105117200", "105120280", "105121370", "106113830", "106115120", "106116120", "106117650", "106119580", "106120290", "106120640", "107112850", "107114200", "107114780", "107118120", "107118490", "107118520", "107118780", "108113480", "108114200", "108115880", "108116120", "108116501", "108121351", "109113931", "109114030", "109115211", "109116040", "109116930", "109117271", "109117630", "109119340", "110114561", "110114610", "110115890", "110117080", "110118930", "110120700", "110121500", "111114941", "111115770", "111116110", "111116170", "111116640", "111117200", "111117571", "111118301", "111120280", "111120320", "111120540", "111121351", "112116290", "112116401", "112116451", "112116501", "112116610", "112116810", "112116880", "112117780", "112117790", "112118161", "112118530", "112118930", "112119450", "112120540", "112120700", "112121010", "112121410", "113118421", "113118620", "113118690", "113118810", "113119120", "113119450", "113119950", "113120070", "113120280", "113120591", "113121810", "113121980", "113122230"], "labels": [2, 0, 3, 1, 2, 2, 1, 1, 2, 2, 2, 0, 2, 1, 0, 1, 1, 0, 2, 0, 3, 1, 2, 3, 1, 3, 1, 2, 1, 0, 1, 3, 0, 2, 0, 1, 2, 1, 3, 2, 3, 3, 1, 3, 1, 0, 0, 2, 3, 0, 0, 3, 2, 2, 0, 0, 3, 0, 3, 2, 1, 1, 3, 3, 2, 1, 1, 1, 1, 3, 2, 3, 1, 2, 2, 3, 2, 2, 1, 0, 0, 3, 1, 0, 3, 1, 1, 0, 0, 0, 0, 0, 3, 0, 1, 2, 1, 1, 2, 3, 0, 3, 3, 0, 0, 0, 3, 3, 0, 1, 1, 0, 0, 0, 0, 3, 1, 3, 0, 0, 3, 0, 1, 1, 3, 3, 2, 2, 0, 3, 3, 3, 3, 3, 3, 0, 2, 0, 0, 2, 2, 1], "predicted_labels": [2, 3, 1, 3, 3, 0, 3, 0, 3, 3, 3, 3, 3, 1, 3, 2, 3, 0, 3, 1, 0, 2, 3, 1, 2, 1, 1, 2, 3, 3, 1, 1, 1, 3, 1, 3, 0, 1, 2, 3, 0, 1, 3, 0, 0, 0, 1, 3, 1, 3, 3, 0, 2, 1, 1, 3, 3, 3, 0, 1, 1, 2, 1, 1, 1, 1, 3, 1, 0, 3, 3, 3, 1, 3, 1, 1, 1, 1, 0, 3, 1, 1, 3, 3, 3, 3, 3, 1, 0, 3, 3, 1, 0, 3, 3, 1, 1, 3, 0, 1, 1, 2, 3, 1, 3, 3, 3, 3, 3, 3, 0, 3, 1, 0, 0, 1, 2, 3, 1, 0, 3, 1, 1, 1, 3, 1, 3, 0, 0, 0, 3, 0, 1, 3, 0, 0, 2, 3, 3, 1, 3, 3], "confidence_scores": [[0.24901693402589908, 0.2205119447784345, 0.32006276284734325, 0.21040835834832325], [0.2400195430094238, 0.15198217668728878, 0.22725426239235177, 0.38074401791093565], [0.24312380950147006, 0.38251672978282375, 0.22295433096406303, 0.15140512975164322], [0.1675767076756313, 0.2631460811475005, 0.16099805502073591, 0.40827915615613225], [0.19884194484543866, 0.2143781348708763, 0.22052647917025706, 0.36625344111342806], [0.35327552636925064, 0.19298578336821817, 0.1671227640808315, 0.28661592618169984], [0.23101431092864774, 0.2623956173262238, 0.13911626624988507, 0.36747380549524356], [0.33418536185143477, 0.19869461140452244, 0.15783318062628443, 0.3092868461177586], [0.14856426717450155, 0.1927083648846444, 0.16293766374152174, 0.4957897041993323], [0.18547219160109132, 0.29394706595114245, 0.16320674377450456, 0.3573739986732617], [0.17649724934748884, 0.14786977390515624, 0.33164152060165547, 0.3439914561456996], [0.1478050852547335, 0.09693907468439374, 0.09900671626624967, 0.656249123794623], [0.21916188231742997, 0.21025753057403065, 0.23594793841381687, 0.3346326486947225], [0.2757392233342153, 0.2811201451226309, 0.22944928631903663, 0.21369134522411704], [0.2106738802532211, 0.2998832750718093, 0.10701721024287657, 0.38242563443209315], [0.15621863545377448, 0.21458083353238736, 0.38395708563030956, 0.2452434453835287], [0.0837729820684033, 0.21645975689922264, 0.2443488009410288, 0.45541846009134535], [0.30544317012922306, 0.29204019296489975, 0.18184609133857338, 0.22067054556730384], [0.27542208441409854, 0.2446723601272835, 0.16054689772452882, 0.31935865773408917], [0.23610246379856248, 0.37581269982664944, 0.21830167990476956, 0.16978315647001865], [0.3339126138016601, 0.23062628104809485, 0.11144767144672879, 0.3240134337035163], [0.24379592724342503, 0.23423378114576374, 0.2620566052552801, 0.25991368635553125], [0.2569375518917592, 0.23490213895694612, 0.2296710084535592, 0.2784893006977355], [0.09390658248688559, 0.3719322612836537, 0.1674688098673714, 0.36669234636208936], [0.12239156676614404, 0.1472537934026987, 0.5736093122801856, 0.15674532755097165], [0.19177967565660725, 0.47235679267671804, 0.13718062845831175, 0.19868290320836302], [0.22056871022921634, 0.4907497389672066, 0.118011449940401, 0.17067010086317597], [0.10716860505433547, 0.2682064904459002, 0.35457883696700754, 0.27004606753275673], [0.12121698835871533, 0.22699835212149985, 0.16305022031016234, 0.4887344392096227], [0.18636283624098982, 0.2460093004931795, 0.1350582509916182, 0.43256961227421253], [0.28887704574532147, 0.292770722259853, 0.20865354225870456, 0.20969868973612085], [0.19265474203868943, 0.288647039980354, 0.24523801560321962, 0.2734602023777371], [0.25480201668250374, 0.3476679896599088, 0.18157234483503806, 0.2159576488225495], [0.18323479587256708, 0.27524526659894505, 0.20804158098542558, 0.33347835654306235], [0.17845814390059853, 0.5038792163058479, 0.1253774464412097, 0.192285193352344], [0.14438006744966733, 0.29109196604857485, 0.26283436882951106, 0.30169359767224674], [0.3354545879535019, 0.27037323168660093, 0.09145291587200138, 0.30271926448789577], [0.2418309938259755, 0.2829718456562587, 0.22419907595559635, 0.2509980845621696], [0.06710470083908751, 0.24127135380783568, 0.5802695382819019, 0.11135440707117501], [0.11629965237014019, 0.3064900668485106, 0.09497871538520919, 0.48223156539614004], [0.35836193183642256, 0.30146594590139064, 0.10419747513429731, 0.23597464712788946], [0.2709394417380149, 0.3312679772071053, 0.13174564185983767, 0.2660469391950423], [0.3025237606216009, 0.15933612327192645, 0.1076033167744956, 0.43053679933197697], [0.4162428704165232, 0.21288491261038614, 0.17024669789755106, 0.2006255190755397], [0.3493276589748575, 0.16985243186770413, 0.15523647991992573, 0.3255834292375126], [0.38807756605274646, 0.20132039517943023, 0.08001591220876607, 0.3305861265590573], [0.12185430843062799, 0.4473326045671848, 0.20059491517985964, 0.2302181718223276], [0.11039995668879375, 0.37966715169283527, 0.1086849137722451, 0.401247977846126], [0.22906676471546067, 0.4270101813865631, 0.14578911220341448, 0.1981339416945617], [0.3122864872352059, 0.14375138741774318, 0.10943591754054251, 0.4345262078065084], [0.3131562574131738, 0.1671830810146618, 0.12124433135068594, 0.39841633022147854], [0.4060108406600424, 0.31109357752248856, 0.0891401807150398, 0.19375540110242923], [0.22966473384199293, 0.21846131972215926, 0.2923403481650577, 0.2595335982707902], [0.0430783163438738, 0.7661514811572272, 0.1493759989794461, 0.04139420351945277], [0.2905500759268618, 0.42671812966998884, 0.06408030867383266, 0.21865148572931672], [0.34512842329388904, 0.09129818764581313, 0.06884729612100973, 0.49472609293928804], [0.1775609821287061, 0.1328047427489433, 0.12183685773147052, 0.5677974173908803], [0.18334878169289892, 0.19600241907802277, 0.30271557708857794, 0.3179332221405004], [0.39121566825010434, 0.21788192644072657, 0.21484911566673037, 0.17605328964243858], [0.14780021151521616, 0.6123967273055269, 0.06659741367904785, 0.1732056475002092], [0.18120451602838852, 0.4529234115018593, 0.07239244541168978, 0.2934796270580625], [0.11807058938645133, 0.3295980954005245, 0.40797499544820925, 0.1443563197648148], [0.23258899231099564, 0.46921351827911956, 0.1876633319617175, 0.11053415744816734], [0.10812343366236386, 0.6102134946773436, 0.10225408615878706, 0.17940898550150544], [0.19201927943299998, 0.3618636629747025, 0.1714079667543018, 0.2747090908379957], [0.20960241318673256, 0.32857587900456947, 0.3252063185962204, 0.13661538921247765], [0.1815474873263704, 0.2625195100155678, 0.09300932389025904, 0.46292367876780277], [0.192792413291364, 0.38493026238922734, 0.1266251904449141, 0.2956521338744947], [0.4026361406381646, 0.24476573333912416, 0.1780211206647174, 0.17457700535799386], [0.22811343647425905, 0.2682224277169961, 0.13388761165526875, 0.3697765241534761], [0.18675300957220645, 0.30477099409639297, 0.10438523710435058, 0.4040907592270501], [0.08294996527293956, 0.4193422334713329, 0.07020286958420385, 0.42750493167152365], [0.21563363061657118, 0.4784554552795207, 0.09767670060487045, 0.20823421349903776], [0.22612853909964478, 0.3149325379025521, 0.1292787220489456, 0.3296602009488575], [0.2566113946522764, 0.48468103382152616, 0.12682380250491723, 0.13188376902128007], [0.21668405572572128, 0.3636182223544607, 0.11452731405757438, 0.3051704078622438], [0.18343573281506725, 0.5274395602721064, 0.14003008486647994, 0.1490946220463464], [0.21202857902224026, 0.4127102254181497, 0.2290166136767972, 0.14624458188281286], [0.4542072601091105, 0.18355656936678083, 0.11884197098595455, 0.24339419953815428], [0.15090930010342113, 0.16536798331073022, 0.16871227730818594, 0.5150104392776629], [0.19647845310112547, 0.3656851589090429, 0.15702955220983847, 0.28080683577999327], [0.19568873950348167, 0.4849863435370313, 0.14622924141259414, 0.17309567554689292], [0.22668800125060562, 0.16073017464410255, 0.16674897955497883, 0.4458328445503131], [0.2524899932597916, 0.28296609478752355, 0.17126449624607512, 0.29327941570660987], [0.29624278090070033, 0.2155111213889593, 0.07589048646372655, 0.4123556112466138], [0.30195994424723105, 0.21055481639617046, 0.12153661592955378, 0.3659486234270448], [0.22305853258854155, 0.27311554372224833, 0.16516262903865203, 0.338663294650558], [0.12032943547804494, 0.465042182919628, 0.13006568955668252, 0.2845626920456446], [0.39612650288290285, 0.14190085758180399, 0.31243884946080946, 0.14953379007448375], [0.17929913494327981, 0.28640537241607794, 0.15143210335945081, 0.3828633892811913], [0.23848598893237916, 0.2842732444716425, 0.1483970343644995, 0.3288437322314789], [0.2244764845513974, 0.4626776411643747, 0.1045207076252601, 0.2083251666589678], [0.46119064817555855, 0.19361236459312348, 0.0910061158263401, 0.2541908714049778], [0.21753693124945325, 0.21743323551184, 0.2245285267422301, 0.34050130649647686], [0.2797099435245113, 0.19262122573731763, 0.12098811506292229, 0.40668071567524894], [0.12584666367787722, 0.5318153502043473, 0.1421984455407775, 0.20013954057699787], [0.14014024163802508, 0.5459794399257699, 0.08040387259823534, 0.2334764458379697], [0.10725268001893248, 0.3577619050417076, 0.08937831071531191, 0.4456071042240481], [0.418396496779897, 0.28612631111171777, 0.14240358500607642, 0.15307360710230886], [0.221533234806816, 0.28042044788086234, 0.2756057327543884, 0.22244058455793336], [0.09681217370532268, 0.4540524266228068, 0.05595039902722434, 0.39318500064464623], [0.22280430706109391, 0.14843840313817463, 0.40916367559307815, 0.21959361420765333], [0.12381873069366175, 0.13589632491138032, 0.13092042775578827, 0.6093645166391697], [0.14182892736008643, 0.5660768500946456, 0.06194462683506701, 0.23014959571020097], [0.12819728718425222, 0.16792822767118984, 0.31716189400611805, 0.3867125911384399], [0.15540932855400577, 0.1545233450042125, 0.1566860220113336, 0.5333813044304481], [0.3198933274697631, 0.19926936540454399, 0.06249532974154028, 0.41834197738415274], [0.23899464946134164, 0.2714287981433384, 0.18263292246651436, 0.30694362992880564], [0.23579887916081754, 0.23660316951903285, 0.11069437285148276, 0.41690357846866677], [0.11564946436898446, 0.31003565603141164, 0.152035080996939, 0.422279798602665], [0.454626878523982, 0.1988403085190843, 0.10394754698337957, 0.24258526597355404], [0.1974591298509014, 0.319690442065052, 0.10855069736944357, 0.374299730714603], [0.05452436465514965, 0.3798403686692795, 0.23895009275644935, 0.3266851739191216], [0.7887697614586151, 0.10742600489988847, 0.04122252811180054, 0.06258170552969597], [0.5161917497012197, 0.1797094105627531, 0.06318609300652933, 0.24091274672949797], [0.2802149096314797, 0.3940197333627409, 0.08714562827828475, 0.2386197287274947], [0.31361613991281473, 0.10017011240706133, 0.47938502495148705, 0.1068287227286368], [0.14853573213363044, 0.19384331416160308, 0.10188752966782064, 0.5557334240369458], [0.11570819404367981, 0.31491097881466557, 0.282525532154226, 0.2868552949874286], [0.439887588156235, 0.13067029597513946, 0.2142843284793712, 0.21515778738925423], [0.13716841061673082, 0.17943979141623007, 0.3282288630705304, 0.3551629348965088], [0.17424422782574114, 0.538960157573395, 0.12892199252486183, 0.1578736220760021], [0.05405696243787631, 0.5044569296432494, 0.32224053760511434, 0.11924557031375993], [0.09870577687995134, 0.4989726798398494, 0.18406877822809076, 0.21825276505210853], [0.2154905593639482, 0.2277128957079562, 0.16345415959774037, 0.3933423853303552], [0.2706305659742885, 0.3406302590816042, 0.13017801230602008, 0.25856116263808726], [0.15235981055806483, 0.2709915184617225, 0.15569874566806824, 0.42094992531214437], [0.39835596486800917, 0.15376194508977767, 0.0766933348299168, 0.3711887552122964], [0.44004644707486784, 0.2908873041634945, 0.11034867397980232, 0.15871757478183524], [0.47080388084018987, 0.12855526474860304, 0.06765561999872306, 0.332985234412484], [0.17375672430139527, 0.35860632275802007, 0.10676042149810275, 0.36087653144248194], [0.5712911819399054, 0.14462928045625958, 0.08676787216469696, 0.19731166543913803], [0.22783897761663738, 0.3271382352410563, 0.17827189114497138, 0.26675089599733515], [0.15802326902706987, 0.27057396984088883, 0.2214844597831356, 0.3499183013489057], [0.4097068923551395, 0.20470775661287083, 0.09136296598599458, 0.29422238504599507], [0.29649339599598984, 0.26840298492458514, 0.18420705455895653, 0.2508965645204685], [0.07415229569587532, 0.19597008547457917, 0.531304749810833, 0.19857286901871257], [0.17379099109183452, 0.17470273101099038, 0.13423305028402302, 0.5172732276131522], [0.2454925966919519, 0.12589369720785054, 0.1041628998332185, 0.524450806266979], [0.12957193588002164, 0.5733483793746873, 0.1471207479008303, 0.14995893684446068], [0.08636595833748534, 0.31664422600135406, 0.13043949027897278, 0.46655032538218777], [0.15288328911258373, 0.2279594749202766, 0.2728623821316677, 0.3462948538354721]]}}