{"test": {"ids": ["104117630", "105114220", "107114200", "105120621", "98116500", "105119550", "106116120", "112121410", "99107300", "103120780", "111119150", "112119120", "107115250", "103111170", "112116451", "113118630", "97105451", "112117580", "99117740", "103111620", "110115890", "99107660", "106114150", "99108310", "113122170", "97118210", "113119340", "111120540", "110120560", "112120540", "98109311", "99116500", "107116340", "105121370", "107117010", "110116290", "109114720", "97113260", "112120700", "106118820", "108114040", "99109311", "110118111", "109119591", "108121410", "108114220", "104111550", "111116170", "109120540", "107112840", "99108330", "111116640", "109119460", "112118421", "109118161", "98113881", "97106770", "108114360", "109117080", "108116481", "113122160", "108118301", "110119891", "111114941", "104111531", "97110950", "110116300", "100109801", "105112260", "111114121", "106119260", "103118110", "107114621", "100111620", "112116640", "105112100", "103109791", "111115400", "103120730", "102111990", "112116540", "106118520", "112117571", "105116860", "104113380", "111117200", "105116090", "100111270", "107121230", "98109090", "110115250", "110117870", "108114670", "107118520", "107121700", "110117140", "109119450", "110114950", "108120280", "110113931", "112117431", "104111780", "111115770", "112121430", "111121220", "98109230", "110118161", "107118490", "108116501", "111119430", "104113170", "97116500", "112119980", "113120830", "113122320", "107114110", "102109840", "101108290", "100113210", "102110500", "107118820", "100116790", "105113210", "107117630", "104114230", "113120070", "99113260", "110115980", "101108460", "103120531", "106119580", "111117571", "113121810", "113121980", "102113350", "108118291", "98108970", "112117471", "112116800", "108119330", "110119030", "112117780"], "labels": [0, 3, 2, 1, 2, 1, 1, 0, 3, 1, 3, 1, 2, 2, 0, 3, 0, 0, 2, 0, 2, 3, 1, 2, 1, 2, 0, 1, 0, 3, 1, 2, 3, 2, 1, 2, 0, 1, 2, 3, 0, 1, 1, 0, 0, 3, 1, 0, 1, 1, 1, 0, 1, 3, 0, 3, 3, 1, 1, 0, 3, 1, 3, 0, 0, 3, 3, 0, 3, 0, 1, 2, 0, 3, 0, 1, 3, 0, 1, 2, 1, 2, 3, 2, 1, 0, 1, 2, 0, 1, 1, 3, 3, 2, 3, 3, 3, 0, 3, 1, 0, 3, 3, 2, 3, 1, 0, 2, 0, 3, 3, 2, 0, 3, 1, 1, 2, 0, 0, 3, 3, 2, 3, 0, 2, 2, 0, 1, 0, 3, 3, 3, 2, 2, 3, 3, 3, 3, 0, 0, 0, 0], "predicted_labels": [0, 1, 3, 3, 1, 3, 3, 1, 1, 1, 3, 3, 3, 2, 3, 3, 0, 3, 2, 1, 1, 2, 0, 1, 1, 3, 0, 1, 1, 1, 2, 1, 1, 3, 1, 2, 3, 3, 1, 3, 3, 1, 0, 1, 1, 1, 1, 3, 1, 1, 1, 0, 3, 0, 1, 2, 0, 1, 1, 3, 1, 1, 3, 3, 1, 3, 1, 3, 3, 1, 0, 2, 1, 2, 3, 3, 0, 0, 1, 0, 1, 3, 3, 1, 0, 3, 3, 1, 3, 2, 0, 1, 1, 1, 1, 3, 3, 0, 0, 1, 0, 1, 1, 3, 3, 2, 0, 1, 3, 1, 1, 2, 3, 1, 1, 3, 1, 3, 3, 3, 1, 0, 3, 3, 2, 3, 1, 3, 1, 3, 0, 0, 1, 3, 1, 0, 1, 1, 3, 3, 3, 1], "confidence_scores": [[0.2859539030386925, 0.2744397652697064, 0.11764173789194114, 0.3219645937996602], [0.2684911739888926, 0.31188298910740736, 0.12015724361178967, 0.29946859329191083], [0.2590781038600247, 0.32670287116007546, 0.1058283773163797, 0.30839064766352053], [0.3231379508156312, 0.26841411236523494, 0.06601963857098914, 0.3424282982481445], [0.22995944181519481, 0.3077976830048026, 0.17946944640792478, 0.282773428772078], [0.2693740181140403, 0.3129706235903697, 0.10321463508542776, 0.31444072321016225], [0.2476285028518162, 0.2852418580691325, 0.17546902257888636, 0.2916606165001649], [0.2669348108711575, 0.3180728480717609, 0.10742481280608464, 0.30756752825099687], [0.27295243715088086, 0.32086541335742685, 0.08981831883293065, 0.31636383065876134], [0.209227676538557, 0.33637480697954353, 0.18386073310944082, 0.2705367833724586], [0.27243772635329505, 0.29706569069959926, 0.1286374587735451, 0.3018591241735607], [0.2607269454188504, 0.23669531211598055, 0.2161843570588225, 0.2863933854063464], [0.24289052213857718, 0.2356242129085533, 0.24650891541608808, 0.2749763495367814], [0.21996070227350778, 0.289278037693012, 0.2639493846348992, 0.2268118753985812], [0.2787515676227314, 0.2980822329791258, 0.09972089373534167, 0.3234453056628012], [0.2619693557708183, 0.29184898110501734, 0.14581595127293911, 0.30036571185122535], [0.2863857148235379, 0.2953253784107584, 0.08319536770901532, 0.3350935390566886], [0.2517679492658966, 0.29742343499552004, 0.15692696585437563, 0.29388164988420756], [0.20574949973358622, 0.2839390708762485, 0.2871933208818443, 0.2231181085083209], [0.2286045452982825, 0.29564298642732106, 0.21588329004408827, 0.2598691782303081], [0.19631388678129041, 0.3265137667957545, 0.21131631402970177, 0.2658560323932533], [0.23041176958660822, 0.22337485486705896, 0.3003466236242755, 0.2458667519220577], [0.24722995055652078, 0.2716743622642279, 0.21186796503414937, 0.2692277221451019], [0.22208232760463434, 0.31159932579638083, 0.19942384421023318, 0.26689450238875145], [0.21296571184315163, 0.33951666850217954, 0.17987149582405867, 0.26764612383061054], [0.2597499108607927, 0.2297125376396073, 0.21252027201464738, 0.29801727948495244], [0.2932502502543591, 0.28862143332101653, 0.08439557400491851, 0.33373274241970574], [0.21031472707972185, 0.32795922202522454, 0.19807891838348657, 0.26364713251156713], [0.2185788341254878, 0.297339671144995, 0.23586058081925304, 0.2482209139102643], [0.2300980803332696, 0.3450755669381374, 0.1484734560838288, 0.27635289664476465], [0.19022976057655636, 0.2705208050647826, 0.32346666613200836, 0.21578276822665296], [0.12688141214610227, 0.35885027877677744, 0.3282610696140586, 0.18600723946306139], [0.23710943477827742, 0.3121623866315662, 0.1657906667792373, 0.2849375118109192], [0.19134710051028814, 0.30812278592039477, 0.22764167324307813, 0.272888440326239], [0.14591984504166675, 0.33347225805124286, 0.2731283392466696, 0.24747955766042104], [0.22081303436980546, 0.25077292975639504, 0.2735472290502804, 0.25486680682351903], [0.2153142036187769, 0.2866116661556049, 0.210293733713507, 0.28778039651211124], [0.22637985038685965, 0.2512562005589835, 0.24817122946320094, 0.27419271959095587], [0.22405384025196465, 0.2883672461631647, 0.21649657809512957, 0.2710823354897407], [0.2780095635050871, 0.2977002397037103, 0.1176177546347512, 0.30667244215645145], [0.24778736657893607, 0.3096478820652445, 0.14246004247351965, 0.30010470888229973], [0.21476159851381596, 0.31100652281637753, 0.20602697138187864, 0.2682049072879279], [0.2785113027536909, 0.3089298484834745, 0.08943298200260344, 0.32312586676023103], [0.23667971303411092, 0.30435670572993834, 0.20379948981180365, 0.2551640914241469], [0.2630341407280558, 0.3277162902421864, 0.09863567829953311, 0.3106138907302248], [0.21404629063818512, 0.30723003921648817, 0.23907603092867435, 0.23964763921665239], [0.22722365534837285, 0.30233396244823924, 0.208763987768626, 0.26167839443476193], [0.2641793246229495, 0.3349688233960774, 0.08632486209066398, 0.31452698989030936], [0.22923599122344324, 0.38387371436839196, 0.10570637916420811, 0.2811839152439566], [0.22938068954622245, 0.2989858631448715, 0.21667547071073343, 0.2549579765981731], [0.23417574447626402, 0.28224980884769124, 0.21129751087352597, 0.27227693580251866], [0.24431516901099667, 0.28450570690543014, 0.20096098596179196, 0.2702181381217813], [0.2731063403239132, 0.29829003240125324, 0.12060366510641371, 0.30799996216841957], [0.29040696587357284, 0.2945922121553466, 0.09929063981630976, 0.3157101821547708], [0.2652553433035205, 0.3152742666327464, 0.10999785788577641, 0.3094725321779565], [0.21071915388767085, 0.2826580131415992, 0.24978219743052027, 0.25684063554020975], [0.2695524736501202, 0.24470514260586285, 0.23208443320715288, 0.2536579505368642], [0.2027830607637585, 0.32990246552979263, 0.21631477444264482, 0.2509996992638041], [0.18916461019153422, 0.3931119402113192, 0.15418827141963698, 0.2635351781775095], [0.2850946239445448, 0.2791097589305035, 0.11466914706364892, 0.3211264700613027], [0.14015841009084126, 0.3560307011117442, 0.30584296922464405, 0.19796791957277043], [0.25083229779772154, 0.32625771734189213, 0.12149934868230325, 0.3014106361780831], [0.2258247985897109, 0.30034716011836143, 0.1876713631067522, 0.2861566781851754], [0.28815152394558535, 0.29845615100275946, 0.08684290676020869, 0.32654941829144635], [0.25956052413146996, 0.31178829867090463, 0.12579005481398237, 0.3028611223836431], [0.236932137055289, 0.27875588366669996, 0.21612143859263422, 0.2681905406853768], [0.22389597965021266, 0.3231149045836207, 0.1803484055067891, 0.2726407102593776], [0.25140200464678747, 0.2825860164506689, 0.1727665024908048, 0.2932454764117389], [0.2363466680149744, 0.29715816326125777, 0.1682599984144499, 0.29823517030931795], [0.2214350620234543, 0.39029655647468514, 0.0978343219954793, 0.2904340595063814], [0.2340925978546364, 0.2595618416891364, 0.24609062820421843, 0.2602549322520089], [0.20138244433731653, 0.27770722620770166, 0.25933266064372723, 0.26157766881125455], [0.206632682949652, 0.3111062104552209, 0.22708685007265694, 0.2551742565224699], [0.21307859764114628, 0.25778800567133603, 0.2890134749443035, 0.24011992174321414], [0.29725326324971074, 0.28328150970843374, 0.0986397604008678, 0.3208254666409876], [0.3203547971673062, 0.2379932608250352, 0.12101749955204968, 0.32063444245560874], [0.2533081694614602, 0.2604809798065003, 0.2277173729546388, 0.258493477777401], [0.2483412948557997, 0.2820098245228526, 0.20503207039409768, 0.2646168102272501], [0.2505413538768597, 0.34556627145683627, 0.10821158429368566, 0.29568079037261835], [0.27490017764332025, 0.26202227647703225, 0.1754772684855601, 0.2876002773940875], [0.25686734645173037, 0.3278739944647413, 0.1266070397027367, 0.2886516193807917], [0.2844255599693988, 0.2971904475301495, 0.10232064415352508, 0.31606334834692645], [0.2620113196576235, 0.30414640898418943, 0.13070375567483664, 0.30313851568335054], [0.25993840915715755, 0.3177284495847622, 0.1255560927228759, 0.2967770485352046], [0.22272571921659884, 0.2966754375817307, 0.25060891321915196, 0.22998992998251844], [0.29411315907977437, 0.2824446756523328, 0.10955862552932015, 0.31388353973857297], [0.30245534804293406, 0.25079199920372464, 0.13976497277657643, 0.306987679976765], [0.17341877984524984, 0.31613480761469137, 0.27418223097104183, 0.23626418156901685], [0.23075664870561743, 0.3206946271674487, 0.14735352457472087, 0.30119519955221286], [0.14830712675531912, 0.29273648853811907, 0.3287151050554294, 0.23024127965113272], [0.2664346835508441, 0.27785128106575385, 0.14179878242006444, 0.3139152529633379], [0.178007916258983, 0.3312988841702442, 0.25628924097240796, 0.23440395859836508], [0.20717572572291248, 0.3112735322272875, 0.22366602807941452, 0.25788471397038526], [0.18247560308905011, 0.3629188246952618, 0.21715571497995872, 0.23744985723572928], [0.1904323940222996, 0.3344544911488676, 0.23733771315933966, 0.2377754016694934], [0.24099793856872803, 0.31697363761657954, 0.14649235868299518, 0.2955360651316971], [0.16329067830965227, 0.3081130480659418, 0.25699064457796705, 0.2716056290464391], [0.3001744153117764, 0.2565668091907569, 0.10945228630146787, 0.33380648919599887], [0.25671784733016556, 0.25521310615169174, 0.19601780203021285, 0.29205124448792974], [0.22910946026497295, 0.37904014358575283, 0.1040407203257435, 0.28780967582353045], [0.2593471402059637, 0.2877819669088355, 0.18782716019063855, 0.26504373269456244], [0.25901234475312035, 0.3322439525123647, 0.11751654262355127, 0.2912271601109637], [0.2257756875407886, 0.30879769231331233, 0.1977051951722927, 0.2677214249736064], [0.2887527560435788, 0.3031634729151318, 0.10437461729760383, 0.3037091537436854], [0.3029608916589405, 0.28860989718208047, 0.08273173199960403, 0.32569747915937497], [0.19352103147306335, 0.2616779070933949, 0.3783521394515276, 0.16644892198201428], [0.2596950249317887, 0.3016019789443812, 0.13065904249114438, 0.30804395363268583], [0.24121859907691706, 0.3236475391716668, 0.15799981785297795, 0.2771340438984384], [0.2724815384386064, 0.30105302723787347, 0.11099292854124998, 0.31547250578227026], [0.18459610837210125, 0.33510880823016276, 0.2366839157916768, 0.24361116760605928], [0.2340006668610007, 0.3139289425506128, 0.18263020637346442, 0.2694401842149218], [0.19919641504359464, 0.271712411021137, 0.3140310622325666, 0.21506011170270184], [0.25696916884192667, 0.315831091801012, 0.12404882444878729, 0.3031509149082742], [0.22795524706906242, 0.30118950379533366, 0.2041246498687426, 0.26673059926686105], [0.2489760477886912, 0.3513985091271533, 0.09920456561735987, 0.30042087746679547], [0.27050191610633645, 0.2708468277052664, 0.15493538310077176, 0.30371587308762554], [0.19140756773949463, 0.3260038427731668, 0.24243820025377097, 0.24015038923356757], [0.29549611943719667, 0.2663010598858947, 0.10551850663875648, 0.332684314038152], [0.3219160036331642, 0.258797588948403, 0.08000750052028276, 0.3392789068981503], [0.29812405961607885, 0.24037910639648624, 0.13133303032466545, 0.3301638036627694], [0.25999735417528336, 0.30616721863262913, 0.1325383177870864, 0.30129710940500115], [0.2536171592608114, 0.3073190924067905, 0.1567613672984684, 0.28230238103392963], [0.27883881892315276, 0.31306085185132554, 0.09396487244197663, 0.3141354567835448], [0.2711814555626657, 0.2468005217177718, 0.18454281713394907, 0.2974752055856136], [0.1600179269337213, 0.2751470107501849, 0.3470007508918401, 0.21783431142425372], [0.18446244121158067, 0.2911418146149072, 0.24910711016491854, 0.27528863400859344], [0.22297643829116237, 0.29801702983316286, 0.23513432479423085, 0.24387220708144403], [0.2711952798782851, 0.2884253598019254, 0.12343899264588798, 0.3169403676739016], [0.24607489311625005, 0.31155350871906834, 0.17379196400669433, 0.2685796341579873], [0.2738356270124677, 0.2840636702837431, 0.1314003567756073, 0.3107003459281821], [0.25359491289523733, 0.2683882753729589, 0.2170811384202975, 0.2609356733115061], [0.27411636104060694, 0.28917525583790304, 0.1111220625350197, 0.32558632058647025], [0.1239011660073638, 0.35087822435903704, 0.34709475456097916, 0.17812585507262013], [0.24567754540861195, 0.3167253052203132, 0.1407709365951665, 0.2968262127759081], [0.2186686487463709, 0.2855947791715817, 0.23811065777884122, 0.2576259143032064], [0.27524784503667404, 0.2605283485044833, 0.1540084609754309, 0.3102153454834119], [0.19012823738578136, 0.4015296618610352, 0.14697940410705662, 0.2613626966461267], [0.23566654009878005, 0.348901914455923, 0.12168576103182949, 0.2937457844134678], [0.2843869940165528, 0.28812666546070115, 0.11327977807997108, 0.31420656244277484], [0.27718699784852413, 0.2524463758512475, 0.17263465776910042, 0.297731968531128], [0.25026216516520416, 0.2860324328336461, 0.16975029268739644, 0.29395510931375324], [0.2581639099924106, 0.30000885836047075, 0.15320351665531107, 0.28862371499180717]]}, "rewritten": {"ids": ["97105451", "97106770", "97110950", "97113260", "97116500", "97118210", "98108970", "98109090", "98109230", "98109311", "98113881", "98116500", "99107300", "99107660", "99108310", "99108330", "99109311", "99113260", "99116500", "99117740", "100109801", "100111270", "100111620", "100113210", "100116790", "101108290", "101108460", "102109840", "102110500", "102111990", "102113350", "103109791", "103111170", "103111620", "103118110", "103120531", "103120730", "103120780", "104111531", "104111550", "104111780", "104113170", "104113380", "104114230", "104117630", "105112100", "105112260", "105113210", "105114220", "105116090", "105116860", "105119550", "105120621", "105121370", "106114150", "106116120", "106118520", "106118820", "106119260", "106119580", "107112840", "107114110", "107114200", "107114621", "107115250", "107116340", "107117010", "107117630", "107118490", "107118520", "107118820", "107121230", "107121700", "108114040", "108114220", "108114360", "108114670", "108116481", "108116501", "108118291", "108118301", "108119330", "108120280", "108121410", "109114720", "109117080", "109118161", "109119450", "109119460", "109119591", "109120540", "110113931", "110114950", "110115250", "110115890", "110115980", "110116290", "110116300", "110117140", "110117870", "110118111", "110118161", "110119030", "110119891", "110120560", "111114121", "111114941", "111115400", "111115770", "111116170", "111116640", "111117200", "111117571", "111119150", "111119430", "111120540", "111121220", "112116451", "112116540", "112116640", "112116800", "112117431", "112117471", "112117571", "112117580", "112117780", "112118421", "112119120", "112119980", "112120540", "112120700", "112121410", "112121430", "113118630", "113119340", "113120070", "113120830", "113121810", "113121980", "113122160", "113122170", "113122320"], "labels": [0, 3, 3, 1, 2, 2, 3, 1, 1, 1, 3, 2, 3, 3, 2, 1, 1, 0, 2, 2, 0, 2, 3, 0, 2, 0, 0, 2, 3, 2, 3, 3, 2, 0, 2, 3, 1, 1, 0, 1, 3, 3, 1, 2, 0, 1, 3, 3, 3, 1, 2, 1, 1, 2, 1, 1, 2, 3, 1, 3, 1, 1, 2, 0, 2, 3, 1, 0, 2, 2, 3, 0, 3, 0, 3, 1, 3, 0, 0, 3, 1, 0, 3, 0, 0, 1, 0, 3, 1, 0, 1, 1, 0, 1, 2, 1, 2, 3, 3, 3, 1, 0, 0, 3, 0, 0, 0, 0, 3, 0, 0, 0, 3, 3, 3, 1, 3, 0, 1, 0, 0, 0, 3, 3, 0, 0, 3, 1, 0, 3, 2, 0, 2, 3, 0, 2, 3, 2, 2, 3, 1, 1], "predicted_labels": [0, 0, 3, 3, 2, 3, 1, 2, 2, 2, 2, 3, 1, 2, 1, 1, 3, 1, 2, 2, 3, 2, 2, 3, 1, 3, 1, 1, 3, 0, 2, 2, 2, 2, 2, 3, 1, 1, 3, 1, 1, 1, 2, 2, 0, 3, 3, 3, 1, 3, 1, 3, 3, 3, 2, 3, 3, 3, 2, 0, 0, 3, 3, 1, 2, 1, 3, 0, 1, 1, 1, 3, 1, 3, 1, 1, 1, 3, 3, 0, 1, 3, 0, 1, 1, 1, 1, 3, 0, 1, 1, 1, 0, 1, 1, 3, 2, 1, 1, 1, 1, 3, 3, 1, 1, 1, 3, 0, 1, 3, 0, 3, 0, 3, 1, 1, 3, 0, 1, 3, 3, 0, 1, 1, 3, 1, 1, 3, 3, 1, 2, 1, 3, 3, 0, 3, 1, 2, 3, 1, 1, 1], "confidence_scores": [[0.2821465923135793, 0.29932839682160683, 0.0925484552184833, 0.3259765556463308], [0.2544678376228796, 0.23464528446035268, 0.26868545986623754, 0.24220141805053025], [0.2314886886329991, 0.28162340751823073, 0.21656195501723594, 0.2703259488315341], [0.22171073860353188, 0.2547376782370481, 0.2468261318144992, 0.2767254513449207], [0.20860870795160757, 0.25288467270958576, 0.30513835017984814, 0.23336826915895867], [0.22358821179318694, 0.23704977763954388, 0.2604000725439297, 0.2789619380233398], [0.17288295719368085, 0.3741453182797209, 0.2043807527899315, 0.24859097173666667], [0.14979466651096868, 0.2742792613157909, 0.3578103508118901, 0.21811572136135046], [0.18741429210162383, 0.2593563002994272, 0.3812788424241107, 0.17195056517483806], [0.19747211743701246, 0.25715902589169065, 0.31976417242619315, 0.22560468424510371], [0.16956377237323325, 0.28889678979334144, 0.31000837412314364, 0.2315310637102813], [0.235497279354224, 0.2958299624532479, 0.17971329937639047, 0.28895945881613766], [0.2568091090323646, 0.33498231179225646, 0.10371585151736457, 0.30449272765801455], [0.23698343861426094, 0.22288608616682423, 0.2962609726304014, 0.2438695025885132], [0.2373169569304828, 0.3040045745898004, 0.17938149641907916, 0.27929697206063786], [0.225255846428126, 0.29655690769583415, 0.20843314042970693, 0.2697541054463328], [0.199618184492335, 0.2922437842961617, 0.24297279553931317, 0.2651652356721902], [0.22240155530745154, 0.287572833734485, 0.24327561122450558, 0.24674999973355774], [0.12000740933821906, 0.33753079721494866, 0.3640527825281749, 0.1784090109186574], [0.21458256821649138, 0.2539136590684748, 0.31046768609804126, 0.22103608661699278], [0.22360961722551026, 0.30195243224725554, 0.19558904542082364, 0.27884890510641075], [0.15014459467703573, 0.31226320389837176, 0.3149112297886397, 0.2226809716359525], [0.20987389490027142, 0.2615423439121069, 0.2940510406837386, 0.23453272050388319], [0.31520588786154374, 0.26452074317741137, 0.0881786504478826, 0.33209471851316247], [0.2237889884315519, 0.3100484774840794, 0.20381255708644533, 0.2623499769979233], [0.29637894192211167, 0.25573810799906654, 0.11760909900525802, 0.3302738510735636], [0.25382297336324644, 0.2873366101257405, 0.1817553615271599, 0.27708505498385333], [0.15713888265623377, 0.3264091149184371, 0.3058446293391714, 0.2106073730861572], [0.29905295046487157, 0.22698021922514588, 0.14390813488864887, 0.33005869542133376], [0.2747596811984769, 0.2516004878844113, 0.18778393883991837, 0.2858558920771937], [0.19613465388718554, 0.2936294345001041, 0.25861078788533337, 0.2516251237273769], [0.23392822182842746, 0.2606922029475818, 0.26198661586161853, 0.24339295936237215], [0.2014458254590189, 0.3053252492727715, 0.28032187463256775, 0.21290705063564186], [0.20064208462545755, 0.293138709023986, 0.2656602170836584, 0.24055898926689828], [0.20542115470041894, 0.2569118757899787, 0.28460813603765195, 0.2530588334719504], [0.25275851385551984, 0.3031942805273257, 0.14532402437403652, 0.29872318124311803], [0.2552920251931091, 0.33038150750535467, 0.1178892497931925, 0.296437217508344], [0.21062375831345279, 0.32189289188154496, 0.1915423792045795, 0.2759409706004227], [0.26163732510058557, 0.2969628913553067, 0.13839151496149193, 0.303008268582616], [0.20303036180374537, 0.30740239969836886, 0.23840697883157114, 0.2511602596663149], [0.24656797283465917, 0.32776234347205974, 0.14315977471891034, 0.2825099089743708], [0.1918257454361073, 0.32240201405177193, 0.2407494727173465, 0.2450227677947746], [0.19004084735687493, 0.2999632967518015, 0.2896847001951544, 0.2203111556961694], [0.14241738217385774, 0.29929522355261445, 0.34707513331557843, 0.21121226095794945], [0.2775649266441255, 0.26895101532685295, 0.14328236083038515, 0.3102016971986362], [0.25952789871098453, 0.28049705777705075, 0.16724479773126044, 0.2927302457807043], [0.23036893802669287, 0.2941652727809809, 0.18100739448320136, 0.29445839470912477], [0.2807378081856441, 0.29230599281137515, 0.11613212252598688, 0.31082407647699395], [0.255006378202382, 0.31232062715189096, 0.14401265375901207, 0.28866034088671483], [0.2569120421830297, 0.271186166681862, 0.1988215490499431, 0.27308024208516485], [0.2509838635141413, 0.3253699747055817, 0.13846937116311317, 0.2851767906171636], [0.26831186571848603, 0.3032598892033259, 0.12056709031542814, 0.30786115476275994], [0.3112019176679204, 0.2702122219364217, 0.09412558305599934, 0.3244602773396587], [0.20024516138777632, 0.3034080427775433, 0.21807934384842287, 0.27826745198625763], [0.22789087895478694, 0.2691788379736923, 0.23978145110329563, 0.26314883196822536], [0.22326426164841526, 0.29141603548669054, 0.2118443372666464, 0.27347536559824814], [0.28063134944385204, 0.2896641852687752, 0.11847931037579425, 0.3112251549115786], [0.27064450703435156, 0.3008144966306589, 0.12404581215987065, 0.3044951841751188], [0.22453700426591996, 0.25795188912227557, 0.2679419718786915, 0.2495691347331127], [0.25302929134891633, 0.2733686391971913, 0.20777707659164185, 0.2658249928622502], [0.2402257240829639, 0.28251536015764755, 0.21606861818403716, 0.2611902975753517], [0.26719088868406793, 0.2709858757685717, 0.15882972851322044, 0.3029935070341398], [0.253606494030252, 0.3211030306202554, 0.11999381178261943, 0.30529666356687307], [0.19475847584325676, 0.30822267828162575, 0.23452614712176215, 0.2624926987533553], [0.2049499586162469, 0.25289016253141444, 0.2881925282691478, 0.2539673505831909], [0.24990026099776247, 0.31160532067621777, 0.14276926348005628, 0.29572515484596357], [0.15572384939144995, 0.32044931733474086, 0.2665274274876932, 0.2572994057861161], [0.25359740892075305, 0.25349567857433813, 0.20776692010459175, 0.28513999240031723], [0.24066108726191499, 0.3198342728876958, 0.16412133198073428, 0.27538330786965504], [0.16991377991972173, 0.3666213457452716, 0.22028912659431724, 0.24317574774068929], [0.24995457729486126, 0.30457866789573473, 0.15145178138257895, 0.2940149734268247], [0.22004775447999722, 0.323598001544596, 0.16399658225129723, 0.29235766172410954], [0.1957819000717432, 0.3251539008209691, 0.23259182208695853, 0.24647237702032937], [0.20537237074765682, 0.31610075211420974, 0.191719171811212, 0.28680770532692146], [0.20031577335408418, 0.3053701032251748, 0.2613410165031215, 0.23297310691761966], [0.19743293891311195, 0.330034737179478, 0.2168211045589969, 0.25571121934841357], [0.2011074148215068, 0.3118649375993566, 0.2384014683881853, 0.24862617919095126], [0.29372726225474416, 0.26920571689998685, 0.10743609042334622, 0.32963093042192293], [0.26620806236035055, 0.3045068230332371, 0.12100100594780518, 0.308284108658607], [0.260119236943966, 0.26137350606697923, 0.18609147779394578, 0.29241577919510914], [0.24201783239225064, 0.3223087579194741, 0.14139029724213503, 0.29428311244614025], [0.25291968645405793, 0.2683673802918004, 0.20229518454940093, 0.2764177487047409], [0.23878585051153933, 0.2524885178809267, 0.22547318318951498, 0.28325244841801883], [0.24806519059899412, 0.320915676397646, 0.136535585254155, 0.2944835477492049], [0.17713857859971205, 0.3052065419755285, 0.2591678356579427, 0.25848704376681686], [0.17169139190014904, 0.39331757621359986, 0.186676747157933, 0.24831428472831812], [0.26571481712814715, 0.3080061547969725, 0.11772533629098252, 0.30855369178389763], [0.1533745166344874, 0.2993402631757603, 0.2919722467877607, 0.2553129734019917], [0.26994222462452044, 0.2988676322018165, 0.12534011655111166, 0.3058500266225514], [0.22350177304647975, 0.320815110142339, 0.20064477127025418, 0.25503834554092686], [0.22612627582932684, 0.3634023943074731, 0.13485436887897517, 0.2756169609842246], [0.2234764622396103, 0.3646153883008232, 0.13456463127403986, 0.2773435181855266], [0.3008702306544918, 0.2477606418782575, 0.1193232964174524, 0.3320458310497982], [0.23328866297981818, 0.3036735931889876, 0.17379068443176054, 0.2892470593994334], [0.17031735139918733, 0.3321201280970658, 0.26027910905600093, 0.23728341144774592], [0.2688789671695585, 0.28973438149970826, 0.12593483043283046, 0.31545182089790264], [0.2284331570373859, 0.2506191668501045, 0.26025399906927, 0.2606936770432397], [0.21956171002849956, 0.30487815872286556, 0.21017091394755136, 0.2653892173010835], [0.2260897519799859, 0.31570580505285817, 0.17218469659006547, 0.2860197463770903], [0.18716079430001945, 0.30174377901779414, 0.2615156556212954, 0.24957977106089124], [0.2686418857077265, 0.3047123619095259, 0.11896629828097527, 0.30767945410177244], [0.2500298145357502, 0.3012047702865082, 0.14857898654010507, 0.3001864286376366], [0.2473157824448606, 0.27540877553773757, 0.1841347787773539, 0.293140663240048], [0.20262557128070724, 0.2941927586485575, 0.23713816955310638, 0.266043500517629], [0.22026500318995176, 0.2875234077852373, 0.2370626113581683, 0.25514897766664263], [0.22444953155424952, 0.37678810051126244, 0.1134721932485907, 0.28529017468589735], [0.27651657580630323, 0.3092250627091962, 0.09757832604673479, 0.3166800354377657], [0.2576929216271867, 0.27706227219740925, 0.19050579998544612, 0.274739006189958], [0.2166660446037617, 0.31553473830446893, 0.19566465461694016, 0.272134562474829], [0.27275768065180456, 0.31797947820515965, 0.09087953926480247, 0.3183833018782332], [0.24395471416272002, 0.28478653717857594, 0.20565802871309136, 0.2656007199456124], [0.28548195215528155, 0.29118462372573795, 0.11253821617744494, 0.31079520794153565], [0.2626852958577768, 0.2964138019547605, 0.12810973593270564, 0.312791166254757], [0.27380951866627606, 0.29807972283149153, 0.12435119176580842, 0.3037595667364242], [0.17528691182558542, 0.3407921466045399, 0.24404022714497078, 0.23988071442490425], [0.1868431758110836, 0.30637949370630785, 0.2557296632001791, 0.25104766728242944], [0.286010249681452, 0.2943938226777659, 0.1047259826171302, 0.3148699450236517], [0.27711890601900396, 0.2982028024737995, 0.10224365652004999, 0.3224346349871464], [0.22901875252513468, 0.32568462623563194, 0.17560262780124009, 0.26969399343799333], [0.273435613097676, 0.29170388530993646, 0.13123208272570355, 0.30362841886668374], [0.2509182794376686, 0.30864743234605235, 0.14603295899579943, 0.29440132922048007], [0.2518550253309548, 0.28411808534423416, 0.19933379289123213, 0.264693096433579], [0.21842774285686314, 0.35928699746612053, 0.1439572762322883, 0.27832798344472776], [0.26205432180219285, 0.308487523704852, 0.13029810109956882, 0.299160053393386], [0.24846789071288117, 0.2716442813965244, 0.1903948389105518, 0.2894929889800424], [0.2576353731319413, 0.2989453284927491, 0.15190462021504378, 0.29151467816026605], [0.2677183799245077, 0.3043776579598355, 0.12886387668480412, 0.29904008543085264], [0.2398043548265682, 0.23135744929057092, 0.2552642838976405, 0.27357391198522046], [0.2569789275180261, 0.30965680902833115, 0.13073454728542241, 0.30262971616822015], [0.227805752440796, 0.3297618604018969, 0.16996628561606164, 0.2724661015412456], [0.17956312285606962, 0.3017077532394036, 0.2654255610488646, 0.2533035628556621], [0.2479064256413781, 0.32812089048320703, 0.1290125138360022, 0.29496017003941266], [0.28941428732682983, 0.29832138746997694, 0.10774697554352393, 0.30451734965966937], [0.2567655466099209, 0.2831068547066902, 0.1697036511741606, 0.29042394750922823], [0.2983511166247647, 0.287652230994215, 0.08028848921588036, 0.3337081631651399], [0.17442037354154957, 0.2804338361883278, 0.28191698790993786, 0.26322880236018487], [0.20284906236573277, 0.30211312055013995, 0.2475069286787421, 0.24753088840538512], [0.11915917872226232, 0.3431732800843489, 0.36730481989485564, 0.170362721298533], [0.2388080239858287, 0.3060273273446298, 0.16100352931395429, 0.2941611193555871], [0.14037395307574035, 0.36066785703838317, 0.28917726594178644, 0.20978092394408987], [0.20103076451135463, 0.33605145180624807, 0.19778648859851924, 0.2651312950838782], [0.2380723780822791, 0.35342584544864236, 0.11437224964123355, 0.29412952682784493]]}}