{"test": {"ids": ["111115620", "99108000", "97106600", "100108580", "102109840", "106117650", "110115980", "98106560", "98120010", "97107681", "111116110", "112121430", "101108080", "110115580", "100111390", "113119950", "112120270", "113120601", "98120530", "103113260", "98111620", "100108520", "99108080", "110114920", "113122160", "110121500", "99108460", "104114240", "98110810", "97110950", "108116070", "111118810", "113118820", "105110251", "104114410", "99109311", "104110960", "109114030", "103113270", "113121980", "97105451", "102112301", "103111930", "112116850", "102109010", "111115400", "97116401", "103112641", "104112470", "103109641", "102121440", "108116481", "109119340", "107114780", "102109850", "100116500", "99113260", "107114490", "99111000", "97107920", "103120531", "107112850", "112117790", "98119591", "107121700", "101110150", "108114200", "103111990", "100117420", "110114561", "112118890", "97107950", "101111620", "101109370", "111115780", "98111670", "111120260", "105116860", "99116500", "111116750", "112118530", "105113190", "105117431", "103120780", "106118161", "105116090", "106113190", "112116501", "105115680", "110120531", "113122230", "107116501", "107118780", "112119450", "113119340", "106119990", "113118421", "102113981", "108113760", "107121230", "100109311", "102111990", "102113210", "106116120", "108115880", "110118701", "104119340", "108113480", "110118880", "111116040", "107113260", "108121160", "109118161", "112121351", "110118121", "109116750", "110114321", "99120010", "107118120", "104111620", "107114321", "110118111", "100115700", "102116340", "105114220", "98110680", "111115910", "100112060", "102110690", "113120280", "113122430", "109117730", "104116441", "104118340", "102110890", "111114121", "105115380", "105117351", "113122150", "110115120", "113120751", "100108260"], "labels": [1, 2, 3, 0, 2, 1, 1, 1, 2, 3, 3, 2, 0, 1, 2, 0, 0, 2, 1, 3, 3, 2, 3, 3, 3, 3, 0, 0, 1, 3, 1, 0, 0, 0, 1, 1, 2, 1, 2, 2, 0, 1, 3, 0, 1, 0, 3, 3, 1, 1, 2, 0, 3, 2, 1, 2, 0, 3, 2, 0, 3, 1, 3, 1, 3, 1, 0, 2, 2, 0, 3, 2, 3, 1, 1, 1, 3, 2, 2, 3, 1, 3, 1, 1, 3, 1, 0, 3, 2, 0, 1, 1, 1, 3, 0, 0, 3, 1, 1, 0, 1, 2, 3, 1, 3, 3, 1, 0, 0, 0, 0, 2, 0, 0, 3, 0, 1, 2, 3, 0, 0, 1, 1, 3, 3, 2, 2, 2, 0, 0, 2, 3, 1, 2, 0, 0, 1, 0, 2, 0, 1, 3], "predicted_labels": [0, 1, 2, 2, 1, 2, 3, 0, 2, 2, 3, 3, 3, 0, 0, 0, 1, 2, 3, 1, 1, 3, 0, 1, 2, 1, 1, 0, 1, 3, 1, 0, 3, 3, 3, 2, 0, 3, 2, 3, 0, 2, 0, 3, 1, 0, 1, 2, 3, 3, 1, 0, 0, 2, 2, 1, 1, 3, 2, 0, 1, 0, 0, 1, 3, 3, 0, 1, 2, 1, 0, 1, 0, 1, 3, 3, 3, 1, 2, 3, 1, 3, 2, 1, 2, 0, 0, 3, 1, 3, 1, 0, 3, 3, 0, 3, 0, 1, 1, 1, 3, 2, 2, 1, 2, 0, 3, 3, 3, 1, 1, 1, 0, 0, 3, 1, 1, 2, 1, 0, 1, 1, 0, 3, 1, 1, 3, 2, 3, 0, 1, 0, 3, 1, 2, 1, 1, 0, 3, 3, 0, 0], "confidence_scores": [[0.5259211709556887, 0.26604328573569824, 0.1587210356033616, 0.04931450770525149], [0.0035927991371580907, 0.7308674515372655, 0.1801758300714566, 0.08536391925411976], [0.006012453919004152, 0.02157016167885278, 0.9658922008601513, 0.006525183541991852], [0.09730370364693802, 0.1827116986092297, 0.590886770495776, 0.12909782724805627], [0.02222731433615062, 0.8683739638075462, 0.10860647437225067, 0.0007922474840525826], [0.017069111504878044, 0.2586931935497258, 0.6027925490447297, 0.12144514590066648], [0.062101892286442764, 9.663144479652108e-05, 0.002044998893732397, 0.9357564773750283], [0.6979115069923503, 0.0241582376617829, 0.03666291155017653, 0.2412673437956903], [0.020572109064685706, 0.027267613430446435, 0.9205703334310973, 0.031589944073770665], [0.0006416665644633, 0.0016635148415693754, 0.8767818492148419, 0.12091296937912542], [0.04911316199333653, 0.14112451507210869, 0.04026033048154982, 0.769501992453005], [0.11199350783028776, 0.09049361033324893, 0.3919800638165706, 0.4055328180198927], [0.015453041717371822, 0.03483389683964311, 0.01296295489108258, 0.9367501065519025], [0.5160230866365549, 0.1010690843256482, 0.36032745024190577, 0.022580378795891105], [0.5151965983322048, 0.38102209546657606, 0.03800024648504816, 0.06578105971617108], [0.37607718798421413, 0.35966386346558804, 0.002329302685070438, 0.2619296458651273], [0.0024977542513077394, 0.8373530160254865, 0.1304298261017863, 0.02971940362141956], [0.09081560325870884, 0.34385175349722974, 0.5646612203237488, 0.000671422920312547], [0.0015118596701063538, 0.06112701184720476, 9.865448410498185e-06, 0.9373512630342785], [0.01218301303010019, 0.9378427753343386, 0.04534618974664545, 0.004628021888915727], [0.029599693066252174, 0.5297873167177878, 0.41490719098438833, 0.025705799231571614], [0.07128587111138299, 0.010514781623888057, 0.04244484520594121, 0.8757545020587877], [0.6596527440442694, 0.16890502581557082, 0.05355833680124929, 0.11788389333891042], [0.05783945136247328, 0.6889471391358305, 0.24113431389186388, 0.01207909560983242], [0.06594487686062805, 0.3762268918698216, 0.4457417284509218, 0.11208650281862853], [0.25987463337575434, 0.6726778679649473, 0.0053650451417412435, 0.062082453517556965], [0.01153823533885797, 0.541905490676141, 0.0013810309560471415, 0.44517524302895384], [0.47672576388237253, 0.20251996314629386, 0.23291286490388668, 0.08784140806744704], [0.1358500481774623, 0.6974547040344887, 0.16637561590431624, 0.0003196318837327776], [0.3106978419349311, 0.017199267582053975, 0.01231019888901818, 0.6597926915939968], [0.02225746038543713, 0.9556514042475711, 0.022047274353154355, 4.386101383733134e-05], [0.5283921269352593, 0.04293829453282452, 0.000128948731208998, 0.4285406298007072], [0.12819624964241158, 0.07443708836177233, 0.012118533440443509, 0.7852481285553726], [0.1635907234990049, 0.011867855839984755, 0.07456115888270198, 0.7499802617783085], [0.040224144390429845, 0.0027782917268094295, 0.02083896285028784, 0.9361586010324728], [0.06389902344184963, 0.08647514468707575, 0.6771855581720513, 0.17244027369902343], [0.4731634974362844, 0.060081332105362255, 0.015555089491572699, 0.45120008096678066], [0.08761544165818448, 0.11191924142363134, 0.07002827519594453, 0.7304370417222397], [0.05787892595968197, 0.11100214612718064, 0.6097991374486915, 0.22131979046444591], [0.004995078462811184, 0.4079446568405139, 0.002522508260979811, 0.5845377564356952], [0.9100858153941841, 0.018688146170676045, 9.051572990372826e-05, 0.07113552270523621], [0.09112160667723473, 0.0019814137089565072, 0.8649575951741667, 0.041939384439642104], [0.88547948062775, 0.0839581257425796, 0.0036757245940477207, 0.02688666903562263], [0.0018854947127080266, 0.009560910183338822, 8.273308409980478e-05, 0.9884708620198532], [0.08987167550172567, 0.8237807422855609, 0.038097607762410945, 0.04824997445030238], [0.720849562675418, 0.11673840607349524, 0.15855169869874047, 0.0038603325523462], [0.006526404242800012, 0.5589141683820907, 0.4161562373268256, 0.018403190048283714], [0.02832775119847708, 0.17445320734214176, 0.7932792299214904, 0.003939811537890879], [0.0010128618038783687, 0.009103087573891106, 0.014194237851556457, 0.9756898127706741], [0.0005441037480581862, 0.00048031738380976117, 0.008113267742085121, 0.990862311126047], [0.02248467175293337, 0.7381560351431676, 0.061524911854225935, 0.17783438124967318], [0.8342122325528037, 0.00017963320118708067, 0.0011463502268528874, 0.16446178401915615], [0.7687196105802061, 0.0043346400696955495, 0.02925686524975161, 0.19768888410034657], [0.21432329531168898, 0.28245332733619366, 0.3032470821474629, 0.1999762952046545], [0.14370664307872866, 0.040624495819758945, 0.7943015666106957, 0.021367294490816702], [0.014100431354876495, 0.6582481911200185, 0.1516490384842882, 0.1760023390408167], [0.0948094471309006, 0.868873962782365, 0.011492221092912557, 0.024824368993821858], [0.004054146456120726, 0.05641948395223149, 0.13007438980813432, 0.8094519797835136], [0.0034937164528412628, 0.21831663041740731, 0.7699093180138293, 0.008280335115922197], [0.47330149403349264, 0.3849047719472303, 0.021765098008250067, 0.12002863601102706], [0.10203085503033511, 0.46256805596342554, 0.04997878354851638, 0.3854223054577229], [0.6740079586803868, 0.1791751072540166, 0.08697195618639207, 0.05984497787920443], [0.8006967714667431, 0.0919521674297285, 0.006834397687843405, 0.10051666341568487], [0.18538234084204533, 0.41138954280659873, 0.07301634501358803, 0.3302117713377679], [0.0007291512570278499, 0.4561229820920976, 0.0027106390219443608, 0.5404372276289302], [0.03674898832362402, 0.17334655165903054, 0.01430801865858261, 0.7755964413587627], [0.8952040746986876, 0.07400669587746583, 0.01595514606108141, 0.014834083362765298], [0.14303162865296742, 0.8033990275396429, 0.046595921041207314, 0.006973422766182263], [8.978289972828497e-05, 0.000155438679818439, 0.9787541612739742, 0.021000617146479047], [0.15005799525099286, 0.8273587693771197, 0.0038191140185711903, 0.018764121353316184], [0.38438347229260866, 0.2349907503695234, 0.00028720263769116085, 0.3803385747001768], [0.13865408705672425, 0.41244179241630113, 0.3121031279057551, 0.13680099262121967], [0.9815105327064907, 9.518772360854286e-05, 0.00157712781995159, 0.016817151749949164], [0.2360149469114791, 0.6097089450145576, 0.07181311458244173, 0.08246299349152163], [0.050167290315237485, 0.21645061553254985, 0.005221473011346757, 0.7281606211408659], [0.015080766777682393, 0.0008050800037349899, 0.03652201353222168, 0.9475921396863609], [0.31394538673508454, 0.1123174115466548, 0.06323012628313036, 0.5105070754351304], [0.019021716061983655, 0.8851135111641799, 0.007164679793824228, 0.08870009298001216], [0.002944461313311585, 0.3390400160806481, 0.6071053459880685, 0.05091017661797182], [0.07231803334612191, 0.000953378951505634, 0.04194255837479053, 0.884786029327582], [0.0004848499066699658, 0.9904340696979085, 0.00832086759254416, 0.0007602128028773635], [0.07251033738821959, 0.00286806232428172, 0.0086301765346942, 0.9159914237528044], [0.008117534316256418, 0.3861559547288108, 0.5921299569315485, 0.01359655402338427], [0.10980016250999691, 0.7582375108978433, 0.038428849934699784, 0.09353347665746004], [0.1054068659626505, 0.009127958675336287, 0.7889509139428927, 0.09651426141912049], [0.42028489048834117, 0.3523701045185001, 0.002233346471008468, 0.2251116585221502], [0.9341797435232913, 0.0034068334469690396, 0.00040374492499379525, 0.06200967810474593], [0.002847749247363697, 0.0017074844586434858, 0.00013205745902881137, 0.9953127088349639], [0.011674772186058878, 0.8693280674599666, 0.07307516650273939, 0.04592199385123507], [0.015519838667608608, 0.4233972192932062, 0.018745750629156798, 0.5423371914100285], [0.2661076682341171, 0.6937520516222214, 0.02543418307092776, 0.014706097072733803], [0.5796553611649596, 0.13630903840689781, 0.003589128969039514, 0.28044647145910295], [0.03242956526513253, 0.4428461059421294, 0.000734982524612819, 0.5239893462681252], [0.006269502952519218, 0.1097337505168622, 0.0015314007486387198, 0.8824653457819799], [0.9137949652545431, 0.040576873714915904, 0.0009491865881812565, 0.044678974442359694], [0.0008951444499628597, 0.0042343841028969036, 0.0042783422663762736, 0.9905921291807639], [0.6745869448830583, 0.05793740756093311, 7.393235609504997e-05, 0.2674017151999136], [0.04967301968376361, 0.5974804429317331, 0.2679105642506259, 0.0849359731338774], [0.08549085070976796, 0.9095416205760578, 0.003713160061064377, 0.0012543686531097415], [0.02950395999768231, 0.6798928572638328, 0.0002907667432187862, 0.2903124159952663], [0.14681490132627917, 0.001195264010108676, 0.0007589853228513715, 0.8512308493407608], [0.05914004641921095, 0.017929459258660692, 0.7830469231555442, 0.13988357116658398], [0.015378956135141168, 0.16742313234670647, 0.44637163229595755, 0.3708262792221948], [0.012097400063142695, 0.4982695475632257, 0.347533444952143, 0.1420996074214886], [0.00024390559191287293, 0.2558490510668155, 0.715331006827441, 0.0285760365138306], [0.9919047898193428, 0.0002585684408835699, 0.005062425960454947, 0.002774215779318555], [0.2908590111105669, 0.027847134964195948, 0.009895035396606511, 0.6713988185286306], [0.03126143732613931, 0.023503494299003978, 0.02449492316292445, 0.9207401452119323], [0.06186879712397257, 0.08257080799338229, 0.001440629934044248, 0.8541197649486009], [0.17081653083153708, 0.5472442211075315, 0.061325839071930247, 0.2206134089890013], [0.10409644249447131, 0.3375340370287655, 0.2930760721368372, 0.265293448339926], [0.01597190081604313, 0.9651881680269941, 0.001194405913202644, 0.017645525243760177], [0.7045152316476854, 0.2746930180148672, 0.0047134571458346914, 0.01607829319161286], [0.9978540739011095, 0.001085912744745206, 2.290738878382206e-05, 0.0010371059653616177], [0.20723336294926964, 0.22428028825159824, 0.006648371952451488, 0.5618379768466807], [0.15981093518470849, 0.6520220932987517, 0.02793440090426877, 0.16023257061227097], [0.25106167730045, 0.7247812616915349, 0.002088873757636585, 0.022068187250378336], [0.029719805504487568, 0.08760728639766603, 0.7767941857265418, 0.10587872237130454], [0.10394560102470857, 0.4290085440052223, 0.17630269342949098, 0.29074316154057817], [0.7704149158187475, 0.13967752964921645, 0.0006128833484417275, 0.08929467118359434], [0.024775303732695285, 0.9558883467833122, 0.01833530333594956, 0.0010010461480429384], [0.05520692345335115, 0.8632896187458998, 0.0031278383027165658, 0.07837561949803253], [0.29988449673906215, 0.23156359695943748, 0.2093388974135153, 0.2592130088879851], [0.02489440973453411, 0.20493515339289486, 0.16814223976100307, 0.602028197111568], [0.27754539067988643, 0.7012453511609733, 0.0013733343559992953, 0.01983592380314097], [0.03644480830594033, 0.5480459915599157, 0.41135730507896046, 0.004151895055183484], [0.1255787669493365, 0.17880085034853963, 0.041386672160037156, 0.6542337105420868], [0.1949241336293661, 0.10161174608496308, 0.5926866988639479, 0.11077742142172296], [0.23988667382190323, 0.3624631945513911, 0.00035889233020093526, 0.39729123929650473], [0.6535833393158634, 0.08237857439308767, 0.011554089316164078, 0.2524839969748848], [0.002005017306521821, 0.6992608124501074, 0.005557036252864402, 0.2931771339905065], [0.9234798704852758, 0.0034200014621447983, 0.0006528449889269781, 0.07244728306365239], [0.2522721667130775, 0.08043047737175307, 0.0005767473104040942, 0.6667206086047653], [0.027234684089790157, 0.7326941070109196, 0.21666668831607916, 0.02340452058321105], [0.3538070610044426, 0.004487729128934851, 0.5559298444640461, 0.08577536540257653], [0.005049020787975375, 0.9646589053692527, 0.02942618811685751, 0.000865885725914374], [0.002225164803144888, 0.6195274790262912, 0.13291109273093724, 0.2453362634396267], [0.8749944912685613, 0.0016905232363877444, 0.019089728302534695, 0.10422525719251628], [0.0383135110549525, 0.13652287144253197, 0.08555512645575408, 0.7396084910467615], [0.3003576002448261, 0.11997104740725613, 0.04750961434815222, 0.5321617379997655], [0.6603642003256344, 0.10844613687923903, 0.005835494749225639, 0.2253541680459009], [0.5555048660631423, 0.07725823162087941, 0.01552996836853148, 0.35170693394744695]]}, "rewritten": {"ids": ["97105451", "97106600", "97107681", "97107920", "97107950", "97110950", "97116401", "98106560", "98110680", "98110810", "98111620", "98111670", "98119591", "98120010", "98120530", "99108000", "99108080", "99108460", "99109311", "99111000", "99113260", "99116500", "99120010", "100108260", "100108520", "100108580", "100109311", "100111390", "100112060", "100115700", "100116500", "100117420", "101108080", "101109370", "101110150", "101111620", "102109010", "102109840", "102109850", "102110690", "102110890", "102111990", "102112301", "102113210", "102113981", "102116340", "102121440", "103109641", "103111930", "103111990", "103112641", "103113260", "103113270", "103120531", "103120780", "104110960", "104111620", "104112470", "104114240", "104114410", "104116441", "104118340", "104119340", "105110251", "105113190", "105114220", "105115380", "105115680", "105116090", "105116860", "105117351", "105117431", "106113190", "106116120", "106117650", "106118161", "106119990", "107112850", "107113260", "107114321", "107114490", "107114780", "107116501", "107118120", "107118780", "107121230", "107121700", "108113480", "108113760", "108114200", "108115880", "108116070", "108116481", "108121160", "109114030", "109116750", "109117730", "109118161", "109119340", "110114321", "110114561", "110114920", "110115120", "110115580", "110115980", "110118111", "110118121", "110118701", "110118880", "110120531", "110121500", "111114121", "111115400", "111115620", "111115780", "111115910", "111116040", "111116110", "111116750", "111118810", "111120260", "112116501", "112116850", "112117790", "112118530", "112118890", "112119450", "112120270", "112121351", "112121430", "113118421", "113118820", "113119340", "113119950", "113120280", "113120601", "113120751", "113121980", "113122150", "113122160", "113122230", "113122430"], "labels": [0, 3, 3, 0, 2, 3, 3, 1, 2, 1, 3, 1, 1, 2, 1, 2, 3, 0, 1, 2, 0, 2, 2, 3, 2, 0, 1, 2, 2, 1, 2, 2, 0, 1, 1, 3, 1, 2, 1, 0, 0, 2, 1, 3, 1, 3, 2, 1, 3, 2, 3, 3, 2, 3, 1, 2, 0, 1, 0, 1, 1, 2, 1, 0, 3, 3, 1, 2, 1, 2, 0, 1, 0, 1, 1, 3, 0, 1, 0, 0, 3, 2, 1, 3, 1, 0, 3, 0, 1, 0, 3, 1, 0, 2, 1, 0, 3, 0, 3, 1, 0, 3, 0, 1, 1, 1, 3, 3, 0, 0, 3, 0, 0, 1, 1, 2, 0, 3, 3, 0, 3, 3, 0, 3, 1, 3, 3, 0, 0, 2, 3, 0, 0, 0, 0, 2, 1, 2, 2, 3, 1, 2], "predicted_labels": [0, 2, 2, 0, 3, 0, 1, 0, 1, 1, 1, 3, 1, 2, 3, 1, 0, 3, 2, 2, 1, 2, 2, 0, 3, 2, 3, 3, 0, 2, 3, 2, 3, 3, 1, 0, 1, 1, 1, 1, 3, 3, 2, 2, 1, 1, 1, 3, 3, 1, 2, 1, 2, 3, 1, 0, 0, 3, 0, 3, 3, 2, 3, 3, 3, 0, 2, 1, 1, 1, 3, 2, 0, 1, 2, 2, 3, 1, 3, 2, 3, 2, 0, 2, 1, 1, 3, 3, 1, 0, 2, 1, 0, 1, 3, 2, 0, 0, 0, 0, 0, 3, 1, 0, 3, 1, 3, 0, 3, 3, 1, 1, 0, 0, 3, 2, 1, 1, 3, 1, 3, 3, 3, 0, 1, 3, 3, 1, 0, 2, 3, 3, 0, 3, 0, 2, 2, 1, 3, 2, 1, 1], "confidence_scores": [[0.7281696902839732, 0.004794224169203404, 2.9711418479645153e-05, 0.2670063741283437], [0.01750753770078314, 0.006699988479248245, 0.9572690915795281, 0.01852338224044043], [0.000428122006432931, 0.0030831645352500914, 0.8100066819064622, 0.18648203155185464], [0.9626485248180812, 0.02226083188180547, 0.000675640328725258, 0.01441500297138804], [0.055654025822575275, 0.12562863866178545, 0.10451843235736794, 0.7141989031582714], [0.4904645134556048, 0.023905964198286868, 0.003543029834664042, 0.48208649251144436], [0.10852033337233673, 0.38368268668910016, 0.33841716765858737, 0.16937981227997576], [0.6305706993490955, 0.016008004349692722, 0.16306907747735933, 0.19035221882385234], [0.01768569896748842, 0.5966088364814884, 0.29671803490280135, 0.0889874296482219], [0.03572530040327571, 0.93118652690803, 0.03179475772969081, 0.001293414959003467], [0.05920585338724694, 0.6761652866415457, 0.2566121448760662, 0.008016715095141244], [0.07669889493909476, 0.018524366441936876, 0.2524780337229798, 0.6522987048959886], [0.03984869661699531, 0.6903456632032529, 0.009479179257647486, 0.2603264609221044], [0.012474005665303283, 0.02159987725272856, 0.9636431690040965, 0.002282948077871498], [0.022627028859181057, 0.2917344661033472, 7.587410518576442e-06, 0.6856309176269532], [0.0008519618817647958, 0.8210973087719707, 0.16382489445370418, 0.014225834892560359], [0.8214572055549721, 0.02327581283746771, 0.10964223304411436, 0.04562474856344588], [0.004398887679350413, 0.12164886811176989, 0.00035310383813621187, 0.8735991403707435], [0.04918508040108149, 0.04988066796901239, 0.4512221202990326, 0.44971213133087345], [0.0008377037271853921, 0.020729693799945943, 0.9745406356567539, 0.0038919668161148256], [0.0526745474325902, 0.936239975384871, 0.004439840411130351, 0.006645636771408298], [0.011309066929050227, 0.10578128327645124, 0.5109223803905897, 0.3719872694039089], [0.01404713620601698, 0.02951535457753825, 0.9333243486263737, 0.023113160590071128], [0.7213943210038417, 0.011026957042486048, 0.002118669604049799, 0.26546005234962244], [0.05862812996562966, 0.006490034460264729, 0.008697976070925054, 0.9261838595031805], [0.0779975663906788, 0.2613808318071434, 0.36006914009415397, 0.30055246170802374], [0.005498277487022729, 0.001958811364129544, 0.0019127167512353602, 0.9906301943976124], [0.03248273129761529, 0.0214189443238064, 0.0006358672709876098, 0.9454624571075907], [0.591122086011148, 0.23496458777350815, 0.07463231468397162, 0.09928101153137223], [0.04212624909650041, 0.17125159388240008, 0.7149830075315776, 0.07163914948952194], [0.008771458878995712, 0.005437392070146468, 0.04490368307203192, 0.9408874659788259], [0.000684187223494715, 0.0025556338047433157, 0.9499368974862524, 0.0468232814855096], [0.0319510262575584, 0.017227620548794093, 0.0054112879036223, 0.9454100652900254], [0.059147248872420295, 0.10567869288881525, 0.15725964195095402, 0.6779144162878105], [0.19829857762621036, 0.35553069674762205, 0.19185216864519733, 0.2543185569809703], [0.8824266328650874, 6.272503996117397e-05, 0.004586099848495242, 0.11292454224645625], [0.028573457511220843, 0.8924670637815929, 0.06077761480772426, 0.01818186389946208], [0.06679561914902243, 0.5996210446205089, 0.3328408600157866, 0.000742476214682018], [0.183012748402703, 0.62771488955572, 0.16987733101303265, 0.019395031028544358], [0.006361711083777792, 0.7233443877626691, 0.002150485709979918, 0.26814341544357323], [0.3840406640192318, 0.02007258325072758, 0.03721365831351285, 0.5586730944165278], [0.12970431905254018, 0.09449474999057302, 0.33469302169800275, 0.44110790925888405], [0.14465986526878363, 0.0029302633843871525, 0.6643914125994879, 0.1880184587473413], [0.0207992602653956, 0.142206992506172, 0.577151051187058, 0.2598426960413745], [0.002252798113854873, 0.9189313524939575, 0.0722051083704951, 0.006610741021692584], [0.12354621600075298, 0.353641529903028, 0.18005092549869062, 0.3427613285975283], [0.01159735127368173, 0.7377974534430377, 0.04140046627584835, 0.20920472900743217], [0.00083637174569041, 0.03461205602893176, 0.006955953974141474, 0.9575956182512364], [0.15983617831053215, 0.03797002205377874, 0.008814447803452502, 0.7933793518322366], [0.41024712486774806, 0.5385412734487842, 0.04794175256383697, 0.00326984911963081], [0.20905390685946468, 0.06974292741888348, 0.6954947212620879, 0.025708444459563953], [0.003036753430028251, 0.8160941332246342, 0.17034185795657242, 0.01052725538876494], [0.03134110153477078, 0.008802432006547635, 0.9168487268888388, 0.043007739569842884], [0.05028508265374667, 0.022893421306220744, 0.45278738436144456, 0.47403411167858794], [0.2787861674647393, 0.5234518121878663, 0.03974024590355333, 0.15802177444384113], [0.8101858484815572, 0.11311488277603234, 0.006022011115455541, 0.07067725762695504], [0.7789943509063766, 0.17053933758181494, 0.006525594478717907, 0.04394071703309055], [0.014663892869819572, 0.048127104733746214, 0.1043800541974051, 0.8328289481990291], [0.4101361161976031, 0.22995152097428728, 0.13177926234886458, 0.22813310047924507], [0.017768634206465756, 0.000750384520085037, 0.008794671508807392, 0.9726863097646419], [0.2250608179603356, 0.01025184338916699, 0.0001357542487674833, 0.7645515844017298], [0.04287909023605898, 0.01998669141885441, 0.9193931517917426, 0.01774106655334398], [0.39145711758743246, 0.0038156500749510114, 0.006747901685273152, 0.5979793306523434], [0.22819664702221654, 0.051000432894119194, 0.08673849394152706, 0.6340644261421371], [0.47857649821450904, 0.004729886033775195, 0.022682328018954718, 0.49401128773276115], [0.7988959735975288, 0.14824675734515294, 0.0031133741358591364, 0.049743894921459045], [0.00789736875843413, 0.3544762110361287, 0.370729848831326, 0.2668965713741111], [0.0011145438246666125, 0.8622238671044515, 0.13290423027073875, 0.0037573588001431333], [0.04784233038880176, 0.9032490152643368, 0.02808862724477992, 0.02082002710208151], [0.05341971071897037, 0.8815780495261731, 0.001624889792517577, 0.06337734996233871], [0.43408986640957853, 0.00010723824986161236, 0.00298023597610354, 0.5628226593644563], [0.013621681307574563, 0.1479343729668215, 0.8321928894858381, 0.006251056239765676], [0.891117625223444, 0.00641855573812708, 0.0033620374984836402, 0.09910178153994527], [0.009212212825388269, 0.37513011317990186, 0.3678302700028041, 0.24782740399190573], [0.05615832567053385, 0.21685632633837093, 0.5058663548868284, 0.22111899310426675], [0.06756550922854661, 0.002157757361957808, 0.8596808661079849, 0.07059586730151077], [1.762881753480172e-05, 0.002128974976846312, 0.0014136468187345439, 0.9964397493868844], [0.32886492496639075, 0.3496416635498597, 0.22652116118250173, 0.09497225030124778], [0.2926265263055734, 0.25778828115796776, 0.1271378014544096, 0.32244739108204923], [0.2868379127428055, 0.1496742700648519, 0.5623499848183697, 0.0011378323739729055], [0.004568451403919274, 0.284419719856865, 0.2115458926716979, 0.49946593606751777], [0.0896321676501098, 0.322278609386875, 0.3844635243256418, 0.2036256986373733], [0.6474203840480978, 0.0034017986542746403, 0.0001052080851656579, 0.34907260921246175], [0.012062038857179581, 0.016960329657281222, 0.9281585848930156, 0.04281904659252355], [0.14765516489592118, 0.6799811219724765, 0.007947928853275289, 0.1644157842783271], [0.0011569514067467262, 0.8745252335458906, 0.002410818384935207, 0.12190699666242744], [0.0013142453933553482, 0.4188193753645651, 0.01366210848683096, 0.5662042707552486], [0.01750406006979711, 0.042630755550472854, 0.45284364736361543, 0.4870215370161146], [0.39737529441720837, 0.5891720680167825, 0.012712170807937318, 0.0007404667580719594], [0.8678075593789912, 0.1210215266787506, 0.006908348408533794, 0.004262565533724343], [0.0001694731623886927, 0.13899911735839526, 0.821931099177279, 0.038900310301937004], [0.06992295379420524, 0.9151866712497444, 0.01484153234471892, 4.884261133139663e-05], [0.9742619553344859, 0.000280482700276736, 0.0012305361093325313, 0.024227025855904735], [0.0490490504571272, 0.6494417268060946, 0.02400547662055846, 0.2775037461162197], [0.018284577778854415, 0.10557412081625929, 0.0023273438687435757, 0.8738139575361427], [0.13989416449487638, 0.08766454107984159, 0.7104241078952563, 0.062017186530025775], [0.9660108572601354, 0.015731840766896682, 0.005447347548331628, 0.012809954424636383], [0.8149702978264469, 0.15815196416498487, 0.0042889771752226144, 0.02258876083334552], [0.9267380470085141, 0.0003835039131307634, 0.00045524920980919044, 0.0724231998685459], [0.865973756298772, 0.10483923169856275, 0.000338969555913789, 0.028848042446751557], [0.8381028056526826, 0.07164460983848026, 0.0022758071499580307, 0.08797677735887914], [0.34527865221626863, 0.14208543239395063, 0.09649957075697517, 0.41613634463280547], [0.07382988400626651, 0.5948550032792249, 0.2665667862796706, 0.06474832643483804], [0.4586674538241609, 0.10768616624996641, 0.3683994886830821, 0.0652468912427906], [0.021015160808218195, 7.853878344750683e-05, 0.00945114808347944, 0.9694551523248548], [0.14974650716863222, 0.8038117091883578, 0.00832525600412902, 0.03811652763888098], [0.28932991996966284, 0.00948961352810963, 0.01393039686932038, 0.6872500696329072], [0.7830494747866379, 0.0007563698531199188, 0.21562096062948408, 0.0005731947307581597], [0.14893899633613353, 0.2595891087363466, 0.004193319135788993, 0.5872785757917308], [0.00813924989406359, 0.11772788921504569, 0.0011398376339474415, 0.8729930232569433], [0.2568184843249965, 0.4194307979858324, 0.016546694246998443, 0.3072040234421727], [9.505315441822112e-05, 0.9994747730994391, 0.00041990443308053093, 1.0269313062044244e-05], [0.6224930970970762, 0.09453617827890375, 0.26953445973122914, 0.013436264892790832], [0.6222117612823764, 0.06783594643911331, 0.07955857729126062, 0.23039371498724964], [0.17417574657459403, 0.22871753435484934, 0.01168117795497994, 0.5854255411155767], [0.019148224123278105, 0.30196568372013055, 0.6055353575715008, 0.07335073458509052], [0.0859126992940165, 0.6467737683183781, 0.06411300656509863, 0.2032005258225068], [0.01898630922738374, 0.40733883276853056, 0.3756462922941623, 0.19802856570992347], [0.11566454100022203, 0.000957997342137259, 0.02154986283862559, 0.8618275988190152], [0.19302690301309214, 0.7788059660843833, 0.0008077856408287186, 0.02735934526169576], [0.10988797364765492, 0.28911878196768404, 0.07655307152740792, 0.5244401728572531], [0.008928383480166608, 0.0029230407977506485, 0.0003311722532271449, 0.9878174034688556], [0.2958216963195154, 0.2041221907037548, 0.037355859285412955, 0.462700253691317], [0.5698004570411489, 0.17047352284759099, 0.23373896105195302, 0.025987059059307083], [0.0008635868206575955, 0.9947946013529225, 0.004272743694285755, 6.906813213394175e-05], [0.16683967157293486, 0.06616974753314595, 0.010719412423249275, 0.7562711684706699], [0.007181331504123331, 0.014605901412082357, 0.0031114231511159838, 0.9751013439326783], [0.025457812970085193, 0.821405387279872, 0.08369517672064763, 0.06944162302939519], [0.9887381609032501, 0.004070370412970439, 0.0005527603112834619, 0.0066387083724961365], [0.11340439874363957, 0.14359360241459215, 0.5776590276206067, 0.16534297122116165], [0.07364452168281681, 0.3792752961444573, 4.159056191517914e-05, 0.5470385916108106], [0.0825673532900765, 0.029943199098838493, 0.022870216392566464, 0.8646192312185185], [0.9431656491195066, 0.020013024508732453, 0.005198606933766721, 0.031622719437994225], [0.35742034628477265, 0.11939887739178011, 0.0005874700255688053, 0.5225933062978785], [0.9056079751623946, 0.049435541521259944, 0.013809633853864899, 0.03114684946248066], [0.0026873891441859844, 0.11275954328052509, 0.8840294474705394, 0.0005236201047495626], [0.06901654766213153, 0.2483651954041545, 0.5225278425050752, 0.1600904144286387], [0.003765080175092246, 0.5265573922674498, 0.004603796515751717, 0.4650737310417063], [0.01868726748912384, 0.010429786609059405, 0.04463425638460466, 0.9262486895172121], [0.12634310267429213, 0.20144397827359772, 0.658326606149547, 0.013886312902563182], [0.03414493270281681, 0.9370160295493456, 0.023603290515045516, 0.005235747232792129], [7.98178595794965e-05, 0.5403097067498326, 0.00167739290206127, 0.45793308248852654]]}}