{"test": {"ids": ["103111170", "110117080", "111119150", "100108580", "106118520", "111115780", "100111380", "98120530", "107118120", "99111340", "108118810", "105114220", "97112290", "105121190", "112118550", "110117870", "99107660", "97107040", "111116530", "105112240", "107113840", "109117271", "99108080", "109116170", "101111990", "111116010", "103117200", "103113640", "112120540", "110114651", "107113170", "108120280", "104114230", "104117200", "111120190", "112119450", "110116170", "113122430", "112119320", "109114720", "111119610", "99109311", "110116300", "107115250", "111120260", "109121410", "111115400", "107121540", "109113931", "113120780", "113120830", "107119130", "105115250", "102110690", "100109980", "100111270", "110117500", "99108010", "98113881", "110121170", "99113260", "103120340", "102112030", "112120990", "110118701", "100109910", "105121370", "106118820", "97106600", "109116040", "98108370", "97113900", "101112201", "103110760", "111121410", "103111990", "110113931", "101112160", "104111990", "107114200", "103112641", "98117740", "113118620", "107118820", "98107210", "112118890", "97106820", "99111440", "101121640", "103118291", "104116800", "109121640", "110114561", "111120320", "99110730", "110118161", "98112580", "113121680", "103111620", "112121430", "113119450", "103110840", "98109311", "100110050", "106113190", "111115620", "99108580", "105117351", "105117200", "107114140", "111117200", "106116441", "98108150", "100107920", "109119010", "111118910", "104111711", "109120621", "105119950", "106120640", "113119340", "105113170", "112116810", "110115580", "106119990", "110115250", "106116370", "112116850", "107113180", "99121440", "111119250", "113122650", "100116790", "113118511", "109115070", "108114200", "111119340", "102112170", "113122320", "105111990", "100108520", "111119930"], "labels": [2, 1, 3, 0, 2, 1, 3, 1, 3, 1, 1, 3, 1, 2, 3, 3, 3, 2, 3, 1, 3, 0, 3, 0, 2, 1, 0, 1, 3, 3, 0, 3, 2, 3, 3, 3, 0, 2, 1, 0, 2, 1, 3, 2, 3, 0, 0, 2, 1, 0, 3, 1, 2, 0, 1, 2, 1, 2, 3, 2, 0, 1, 2, 2, 3, 2, 2, 3, 3, 0, 1, 2, 0, 1, 0, 2, 1, 3, 2, 2, 3, 2, 3, 3, 1, 3, 1, 3, 2, 0, 1, 0, 0, 1, 3, 0, 2, 1, 0, 2, 3, 1, 1, 3, 0, 1, 0, 0, 3, 2, 0, 0, 0, 0, 3, 0, 1, 1, 3, 3, 0, 0, 3, 1, 0, 1, 2, 0, 3, 2, 1, 2, 2, 1, 0, 0, 3, 3, 1, 2, 2, 1], "predicted_labels": [1, 1, 1, 1, 2, 3, 0, 3, 1, 0, 1, 3, 3, 1, 0, 3, 0, 0, 0, 1, 1, 3, 2, 0, 2, 1, 1, 0, 1, 3, 0, 0, 1, 3, 2, 1, 1, 3, 2, 1, 3, 3, 1, 3, 0, 3, 3, 1, 1, 1, 1, 3, 1, 0, 1, 1, 1, 1, 1, 3, 3, 2, 1, 1, 1, 2, 1, 1, 1, 1, 3, 3, 3, 3, 1, 0, 3, 3, 3, 1, 0, 3, 1, 1, 3, 1, 3, 1, 2, 3, 1, 1, 0, 3, 0, 1, 1, 3, 3, 1, 1, 3, 3, 2, 0, 0, 0, 3, 1, 1, 3, 1, 2, 3, 3, 3, 0, 3, 3, 3, 0, 3, 2, 1, 3, 0, 3, 1, 1, 2, 0, 1, 1, 0, 3, 1, 1, 3, 1, 3, 3, 3], "confidence_scores": [[0.26853421572371944, 0.3468087421731032, 0.20869697019621317, 0.1759600719069642], [0.1618600690544495, 0.34257392765292854, 0.16183928241549403, 0.33372672087712785], [0.274817736944814, 0.3417576267205607, 0.1151449617095629, 0.2682796746250625], [0.14154364829033103, 0.408749326536095, 0.34389960408296655, 0.10580742109060765], [0.10923517224969016, 0.28657258914078443, 0.47247428100000616, 0.13171795760951935], [0.10871592652376454, 0.3986495696013902, 0.09330862360941315, 0.3993258802654321], [0.3854233742745633, 0.23628701520296835, 0.1593593016601544, 0.21893030886231396], [0.1981530239604583, 0.3133204461496743, 0.10129864181947754, 0.3872278880703899], [0.18560118953111135, 0.45727586375237667, 0.15162355054448434, 0.20549939617202767], [0.3501613896007539, 0.21583526012412121, 0.21049260873967676, 0.223510741535448], [0.3197624535451484, 0.332835034383473, 0.10018884714518755, 0.24721366492619132], [0.1823298756270736, 0.2714316430629896, 0.19256639564957945, 0.3536720856603573], [0.1568099104424182, 0.18409133051454926, 0.2930132351920847, 0.366085523850948], [0.15805042391661517, 0.4750277872009671, 0.1408561289951108, 0.22606565988730695], [0.32733541128063265, 0.21309027075876016, 0.23287060696012563, 0.2267037110004815], [0.11669961889901315, 0.2075993373186201, 0.16135019371415057, 0.5143508500682163], [0.48767789681275325, 0.2474136201892252, 0.09802509474276044, 0.16688338825526125], [0.3941026489452279, 0.21083262828034183, 0.17200909590521432, 0.22305562686921612], [0.3983996026019449, 0.19629662994549488, 0.1727519115896778, 0.2325518558628825], [0.18697617950335105, 0.4002463835483524, 0.16288311951247644, 0.24989431743582013], [0.2349928299198377, 0.2939613940907313, 0.22668186311002336, 0.2443639128794077], [0.2067315929435651, 0.18766725828823436, 0.09748381912364137, 0.5081173296445591], [0.20791489185997608, 0.2426414812128959, 0.2800431225436191, 0.26940050438350904], [0.31911720517826064, 0.26684443698661287, 0.09630845979354394, 0.3177298980415826], [0.16436997971016343, 0.17560517744876908, 0.42338114699795765, 0.23664369584310985], [0.18775665197152322, 0.40240547308534064, 0.13983401194596304, 0.27000386299717316], [0.19738503977874342, 0.40586297758181866, 0.19868805678929463, 0.19806392585014337], [0.5026487257294656, 0.2658113495190475, 0.1413029065113279, 0.09023701824015905], [0.3105610748286375, 0.3855245732836545, 0.1309984016072141, 0.17291595028049395], [0.2943462955890283, 0.24719937249216042, 0.12677300725632673, 0.3316813246624846], [0.4758064990093578, 0.26167023265311506, 0.10323225924257992, 0.15929100909494726], [0.5218368699560403, 0.12048506552438867, 0.1400637648718266, 0.21761429964774445], [0.30838905502123165, 0.33815403851991593, 0.1228292722666762, 0.2306276341921762], [0.25768239993571845, 0.2772668311736247, 0.11278919892869062, 0.35226156996196634], [0.25581799299877384, 0.2103229329447066, 0.29937337210701104, 0.2344857019495084], [0.21603031907375525, 0.5649243039056614, 0.09319521162831987, 0.12585016539226335], [0.21769490820101378, 0.38497574852922756, 0.15775136313720292, 0.23957798013255568], [0.18599524874745824, 0.2978095940114737, 0.15058271656806282, 0.3656124406730052], [0.26134882484702343, 0.2338137244459219, 0.2915713259487989, 0.2132661247582557], [0.09273846683275899, 0.4081960670160095, 0.10393137052563434, 0.39513409562559726], [0.34590974457398627, 0.1837236701891925, 0.07180311880206372, 0.3985634664347575], [0.25840986373893426, 0.19061201452233492, 0.2532550740419009, 0.2977230476968299], [0.23911687997106065, 0.4101228666855049, 0.12293780312527115, 0.22782245021816336], [0.21223857436584917, 0.24172733816735253, 0.16601394296412716, 0.38002014450267113], [0.31702882360203166, 0.2475292787389038, 0.2148427047910195, 0.22059919286804527], [0.1475012680130839, 0.35799262100139617, 0.11031005309437351, 0.38419605789114636], [0.2955450053087156, 0.15278327684715784, 0.24410148969795853, 0.307570228146168], [0.11871396651717876, 0.31232301804510915, 0.30693047262176204, 0.26203254281594984], [0.22714715452746528, 0.5111296452773157, 0.07524365856774912, 0.18647954162746988], [0.2201018996562237, 0.33180914709047915, 0.1647757449093502, 0.2833132083439469], [0.1901544847790488, 0.30503435520626926, 0.2568550791124232, 0.24795608090225896], [0.23806937813760545, 0.270181158908393, 0.12644664146476092, 0.36530282148924065], [0.22502289545293486, 0.4313934376439258, 0.16492804552403295, 0.1786556213791064], [0.35337747441530487, 0.2304992060651228, 0.2582163260198725, 0.1579069934996999], [0.1765991537661047, 0.40615570567972703, 0.13206397963044528, 0.2851811609237229], [0.1506686873430511, 0.3815221352057271, 0.29973456587924385, 0.16807461157197798], [0.17076601625023094, 0.43779837320510406, 0.13363955983932885, 0.2577960507053362], [0.210750845416827, 0.3441669722207303, 0.2976567917294978, 0.14742539063294494], [0.2614066583276937, 0.31723115435843324, 0.21045580805329892, 0.21090637926057407], [0.1581100757274275, 0.16696691196305652, 0.07696676887211223, 0.5979562434374038], [0.140323037779708, 0.18499900554994203, 0.1361104446432561, 0.5385675120270939], [0.11830730933145418, 0.3195515282438222, 0.371492514421236, 0.1906486480034877], [0.16030250736033935, 0.3414322171074194, 0.3218868990658102, 0.17637837646643112], [0.12908825979491784, 0.5281395268200478, 0.19925000283037403, 0.14352221055466013], [0.18405989866984682, 0.38134601344767405, 0.07450858063424855, 0.36008550724823063], [0.1079835472189743, 0.2074652582491196, 0.3976131597968922, 0.28693803473501384], [0.15771257287387042, 0.43137848257086975, 0.1636027550593644, 0.24730618949589553], [0.14743323094988017, 0.5385103460600839, 0.0808651438983397, 0.23319127909169615], [0.25064497978612194, 0.3832753130200064, 0.09162335704743806, 0.2744563501464336], [0.17054327104729922, 0.352877927326445, 0.15519193784483545, 0.32138686378142034], [0.16670343097816864, 0.2595938570107841, 0.21035516303323548, 0.36334754897781196], [0.31865745854823757, 0.1867491694660485, 0.16140497051450786, 0.3331884014712061], [0.28470144259625013, 0.25483844419908247, 0.16431845082342617, 0.2961416623812413], [0.22743235076234453, 0.25215571436350004, 0.2195932850317976, 0.3008186498423578], [0.2383867467274021, 0.35803919852748634, 0.12600597495305996, 0.27756807979205184], [0.5296544986896676, 0.14986500469601544, 0.1938306100376877, 0.12664988657662915], [0.22243431416142723, 0.2702235140627795, 0.11078161965012161, 0.39656055212567176], [0.20199113092558485, 0.2494974101415096, 0.13318934487665904, 0.41532211405624647], [0.1089758843634058, 0.17748315324440495, 0.14276030953924027, 0.5707806528529489], [0.2069343951074396, 0.354511478494368, 0.1572293337209661, 0.28132479267722643], [0.2762134067665901, 0.20635898237040026, 0.2705005980427838, 0.24692701282022586], [0.09912456449909281, 0.33970647018490924, 0.169637024540075, 0.39153194077592296], [0.23406336782465523, 0.34979283561664365, 0.14277167504903746, 0.27337212150966367], [0.1868574174899753, 0.445073677283588, 0.18680998291803777, 0.18125892230839907], [0.06745757302562608, 0.14533982215452057, 0.07339768479320853, 0.713804920026645], [0.1773886853175048, 0.37010205999712004, 0.1218178367209356, 0.33069141796443957], [0.1861686412765536, 0.2135023244377082, 0.08130068661599746, 0.5190283476697408], [0.23006475422619493, 0.45082203577928276, 0.11306398214459036, 0.2060492278499319], [0.19297488959128029, 0.2062493194732999, 0.4323808544336312, 0.16839493650178855], [0.2615090050639216, 0.21321101075622786, 0.059241005548482245, 0.4660389786313683], [0.14017253310532887, 0.40037384739474197, 0.12398100370796977, 0.33547261579195936], [0.22117466979559597, 0.46957389802645494, 0.06604843606116614, 0.24320299611678287], [0.3814804664758145, 0.2721244140015933, 0.14551038495528418, 0.20088473456730804], [0.24836235066572712, 0.28850381760338756, 0.16640834591170658, 0.2967254858191787], [0.2812241007152399, 0.25619140510667904, 0.24229218849000228, 0.22029230568807903], [0.2963325263652535, 0.49458583763930697, 0.08701786702790439, 0.12206376896753518], [0.15581927015640148, 0.3221901435087217, 0.25644511787653457, 0.26554546845834237], [0.22720706429640128, 0.23913834454378025, 0.13626275396257967, 0.3973918371972389], [0.25040416396221415, 0.24850283116082875, 0.10310634891143311, 0.3979866559655241], [0.15020787203997046, 0.30194906280519085, 0.2713909564870414, 0.2764521086677973], [0.2433947580312148, 0.2825840392947002, 0.20303783612452758, 0.27098336654955746], [0.21531361034034305, 0.24353436843564485, 0.16888148569663247, 0.3722705355273798], [0.27557524825218643, 0.15038278312534534, 0.17601639593082563, 0.39802557269164246], [0.07011104966712338, 0.18557232770304777, 0.41696953653774327, 0.32734708609208557], [0.3413152529368544, 0.17268489805484125, 0.14910025792675588, 0.33689959108154843], [0.3135565223151898, 0.25237913533309403, 0.26918350639521865, 0.16488083595649744], [0.3274912360212231, 0.32463601969515754, 0.13059882646434182, 0.21727391781927766], [0.2668664026956555, 0.2191035138350935, 0.0884061181591252, 0.4256239653101259], [0.2569774860540026, 0.2943576827538821, 0.26980757349188084, 0.1788572577002345], [0.15969606747848575, 0.40256196611194456, 0.1822103493222731, 0.2555316170872965], [0.2808339607950888, 0.2388012482091068, 0.12498972661356082, 0.35537506438224364], [0.2863021842544378, 0.41773396684089703, 0.07604490369111416, 0.21991894521355096], [0.11690816287480266, 0.21134470270014194, 0.5162292055244245, 0.15551792890063074], [0.31749380214319417, 0.22347775511668314, 0.13415844717337824, 0.32486999556674456], [0.16549902050559231, 0.3251096900512098, 0.13920830853028998, 0.3701829809129081], [0.21921041762058635, 0.2745407552961411, 0.13170960166793957, 0.374539225415333], [0.3666667815933605, 0.17794250671830714, 0.15715287585549864, 0.2982378358328336], [0.26526897046180004, 0.30814420820458044, 0.09779705849343023, 0.3287897628401891], [0.14730232060391515, 0.19686332192273265, 0.20094673917301498, 0.45488761830033725], [0.1767662906602225, 0.27678501504536546, 0.1238904979665103, 0.4225581963279017], [0.35379656183694913, 0.22251233862514913, 0.25221926196809047, 0.1714718375698112], [0.14090219315293215, 0.18223340583394582, 0.09518825975975724, 0.5816761412533648], [0.1841192930548553, 0.3015519991583997, 0.3285138681347151, 0.18581483965202972], [0.19042891475009488, 0.29713166673134117, 0.2776961378073225, 0.23474328071124154], [0.14053148039151947, 0.19312968711722797, 0.3148712030086577, 0.35146762948259475], [0.3365861620630077, 0.3187530218095102, 0.12174016436251026, 0.2229206517649719], [0.30866255967317097, 0.13509523083245586, 0.12412507689215166, 0.4321171326022215], [0.09492869750138859, 0.4693539697759979, 0.0532237922884916, 0.38249354043412187], [0.19033346269622792, 0.3556013516111903, 0.23080598597280372, 0.2232591997197783], [0.15016926492608854, 0.2973956980195589, 0.41040903333415085, 0.14202600372020174], [0.4371148646913019, 0.13312474872773564, 0.27951461534056476, 0.15024577124039773], [0.19457903677080884, 0.34047105234556146, 0.2558207766672263, 0.20912913421640333], [0.19710960942037162, 0.4003093562360597, 0.2888938137507369, 0.11368722059283184], [0.4417586168269327, 0.25769216536470624, 0.07358161973583441, 0.22696759807252662], [0.279235147571005, 0.23646699090278128, 0.11351441182498757, 0.3707834497012261], [0.22172098287595274, 0.38296083191645647, 0.19572968168867194, 0.19958850351891888], [0.08948327258034391, 0.6271503318493085, 0.07635373183756458, 0.207012663732783], [0.27128140241071536, 0.21403988758918344, 0.12427724039965704, 0.3904014696004441], [0.16729024076450244, 0.46971890357931123, 0.14770816403224502, 0.21528269162394134], [0.21187506519438565, 0.276570102610247, 0.18932896801727997, 0.3222258641780875], [0.1917297604629576, 0.17913502363070874, 0.2767639596536425, 0.3523712562526913], [0.1512300602366058, 0.28353494436978194, 0.22155863725008515, 0.3436763581435271]]}, "rewritten": {"ids": ["97106600", "97106820", "97107040", "97112290", "97113900", "98107210", "98108150", "98108370", "98109311", "98112580", "98113881", "98117740", "98120530", "99107660", "99108010", "99108080", "99108580", "99109311", "99110730", "99111340", "99111440", "99113260", "99121440", "100107920", "100108520", "100108580", "100109910", "100109980", "100110050", "100111270", "100111380", "100116790", "101111990", "101112160", "101112201", "101121640", "102110690", "102112030", "102112170", "103110760", "103110840", "103111170", "103111620", "103111990", "103112641", "103113640", "103117200", "103118291", "103120340", "104111711", "104111990", "104114230", "104116800", "104117200", "105111990", "105112240", "105113170", "105114220", "105115250", "105117200", "105117351", "105119950", "105121190", "105121370", "106113190", "106116370", "106116441", "106118520", "106118820", "106119990", "106120640", "107113170", "107113180", "107113840", "107114140", "107114200", "107115250", "107118120", "107118820", "107119130", "107121540", "108114200", "108118810", "108120280", "109113931", "109114720", "109115070", "109116040", "109116170", "109117271", "109119010", "109120621", "109121410", "109121640", "110113931", "110114561", "110114651", "110115250", "110115580", "110116170", "110116300", "110117080", "110117500", "110117870", "110118161", "110118701", "110121170", "111115400", "111115620", "111115780", "111116010", "111116530", "111117200", "111118910", "111119150", "111119250", "111119340", "111119610", "111119930", "111120190", "111120260", "111120320", "111121410", "112116810", "112116850", "112118550", "112118890", "112119320", "112119450", "112120540", "112120990", "112121430", "113118511", "113118620", "113119340", "113119450", "113120780", "113120830", "113121680", "113122320", "113122430", "113122650"], "labels": [3, 1, 2, 1, 2, 1, 0, 1, 1, 2, 3, 2, 1, 3, 2, 3, 0, 1, 3, 1, 3, 0, 2, 0, 2, 0, 2, 1, 3, 2, 3, 2, 2, 3, 0, 2, 0, 2, 3, 1, 1, 2, 0, 2, 3, 1, 0, 0, 1, 1, 2, 2, 1, 3, 2, 1, 0, 3, 2, 3, 0, 3, 2, 2, 0, 2, 0, 2, 3, 0, 3, 0, 3, 3, 2, 2, 2, 3, 3, 1, 2, 0, 1, 3, 1, 0, 0, 0, 0, 0, 3, 1, 0, 0, 1, 0, 3, 1, 1, 0, 3, 1, 1, 3, 0, 3, 2, 0, 1, 1, 1, 3, 0, 0, 3, 1, 3, 2, 1, 3, 3, 1, 0, 3, 0, 3, 3, 1, 3, 3, 2, 2, 1, 3, 0, 3, 0, 3, 1, 1, 2, 2], "predicted_labels": [3, 3, 1, 1, 0, 3, 3, 2, 3, 2, 0, 2, 3, 0, 1, 3, 1, 2, 2, 3, 3, 3, 1, 0, 2, 3, 2, 0, 2, 0, 0, 0, 2, 3, 3, 1, 0, 1, 0, 3, 1, 0, 1, 0, 0, 0, 1, 1, 2, 0, 3, 0, 1, 1, 3, 1, 2, 2, 0, 2, 0, 3, 0, 1, 1, 0, 0, 2, 3, 0, 1, 0, 2, 2, 3, 3, 0, 3, 1, 1, 3, 1, 0, 3, 1, 2, 3, 2, 3, 0, 2, 3, 0, 0, 0, 1, 1, 1, 1, 1, 2, 2, 1, 1, 3, 0, 2, 0, 0, 1, 0, 0, 0, 1, 0, 0, 1, 0, 1, 1, 0, 0, 0, 2, 1, 0, 1, 0, 0, 0, 1, 2, 0, 3, 0, 0, 3, 0, 0, 2, 1, 1], "confidence_scores": [[0.19190840249003802, 0.30375968986380375, 0.08897491809208345, 0.4153569895540749], [0.15916676533916624, 0.2068765782916858, 0.23214132871618232, 0.4018153276529656], [0.3504752184280096, 0.3521399723122121, 0.14707417799054004, 0.15031063126923822], [0.2891073422489868, 0.34094408453797365, 0.20576978052098197, 0.16417879269205743], [0.3264077806154749, 0.20116021484173463, 0.18512522281303764, 0.2873067817297528], [0.19715390042312364, 0.2916843342828571, 0.09725864339064508, 0.41390312190337425], [0.1747551639609776, 0.25395522927071573, 0.16454797792368067, 0.40674162884462584], [0.1522807470662551, 0.2615579928862099, 0.35707911827211897, 0.22908214177541625], [0.29219061206913727, 0.2099525350417375, 0.20215591422397358, 0.2957009386651515], [0.19563506528703656, 0.2308358983189589, 0.3157353568720364, 0.25779367952196813], [0.3449157717786987, 0.27114690069477243, 0.19354681351617992, 0.19039051401034907], [0.23075690405528423, 0.23310614085083858, 0.2787261517478315, 0.25741080334604555], [0.29300449595743666, 0.19022946324316115, 0.1214166803389397, 0.39534936046046254], [0.489858490983308, 0.16827138841943545, 0.20314361516802437, 0.1387265054292323], [0.14016562640104796, 0.566998252370353, 0.16614133306573398, 0.1266947881628651], [0.16951545376438412, 0.2849433043668358, 0.16920140351759155, 0.3763398383511886], [0.3138086416151081, 0.31672200798327665, 0.1832741760274812, 0.18619517437413421], [0.2729653964776056, 0.2482936257834193, 0.35948415137469025, 0.11925682636428495], [0.26064978068492095, 0.15297098348785226, 0.3362929941098539, 0.25008624171737287], [0.2848387251275392, 0.2141752285790886, 0.19795286182556562, 0.3030331844678066], [0.2709954752666272, 0.1254872453074977, 0.26642197024631437, 0.33709530917956076], [0.16004595174471958, 0.22386286890008922, 0.10871220325221033, 0.5073789761029809], [0.14619564242358116, 0.5894170807675905, 0.1158786581388725, 0.14850861866995585], [0.35104450816947713, 0.23689672774810763, 0.11557281425887721, 0.2964859498235381], [0.20031875194424192, 0.18031687329518875, 0.5014777968541579, 0.11788657790641137], [0.20273001752170058, 0.2115305858798745, 0.22790589448332302, 0.357833502115102], [0.19679746798633682, 0.19580534391937324, 0.37436091556223156, 0.2330362725320586], [0.41396812556385576, 0.236340166616126, 0.15357175678808965, 0.1961199510319287], [0.11614279465722514, 0.12547364863866203, 0.6721288058842185, 0.0862547508198941], [0.31074082447808615, 0.2984333399095256, 0.2757652120560468, 0.1150606235563412], [0.4495764225852924, 0.16375613806749711, 0.14386835248283586, 0.2427990868643746], [0.2909236052599948, 0.26441522552278623, 0.28349853846272943, 0.16116263075448956], [0.13356443692188794, 0.17305303487060675, 0.5126178491533964, 0.18076467905410906], [0.19029176374969062, 0.27504386030678624, 0.23718383158759823, 0.29748054435592514], [0.2419205139881902, 0.20339924200250054, 0.23657904766059262, 0.31810119634871664], [0.1855945782933694, 0.45802955693655883, 0.1839919947227469, 0.17238387004732492], [0.3075112322218095, 0.27199527594626244, 0.23126398667646064, 0.18922950515546755], [0.17434879300326703, 0.389136599737343, 0.2390198592862597, 0.1974947479731302], [0.30113844183094546, 0.20839058764202245, 0.26253516263175647, 0.22793580789527554], [0.24977880138498615, 0.23265170543458946, 0.1322556237444315, 0.38531386943599294], [0.19639459771329018, 0.5300514117344601, 0.13622555048264515, 0.13732844006960446], [0.36069421010770114, 0.2895276615966496, 0.11212954435560007, 0.2376485839400493], [0.28337512627573963, 0.28977286197376684, 0.19183616135126014, 0.2350158503992334], [0.47210378463303065, 0.13105925872329463, 0.1771725474089215, 0.21966440923475325], [0.38136302310528414, 0.1874797072922625, 0.13087953003798522, 0.3002777395644681], [0.570682587028413, 0.21303055183069022, 0.09460870068486353, 0.12167816045603308], [0.2458406982810817, 0.317222523076863, 0.1654330685505739, 0.2715037100914815], [0.34215719578962017, 0.39654825395674864, 0.09759699198039852, 0.16369755827323274], [0.0952717613533447, 0.3564575601890928, 0.41219464696839003, 0.13607603148917252], [0.48519252730729784, 0.18480693360275513, 0.1820181841502094, 0.1479823549397376], [0.2010066515186565, 0.2148234213148238, 0.25871572443156526, 0.32545420273495435], [0.3519111197396096, 0.2046575622363262, 0.27912177801120425, 0.16430954001286008], [0.260285398724584, 0.28141374975430145, 0.17991577969034847, 0.27838507183076605], [0.2709381832651106, 0.43972371257461107, 0.12415917137595665, 0.16517893278432166], [0.12430173717059806, 0.19622663704493476, 0.16204611316592182, 0.5174255126185454], [0.19670893706769643, 0.3793727966450332, 0.3071348227787795, 0.11678344350849093], [0.2749684096307408, 0.19355409907648086, 0.28069592421488376, 0.2507815670778946], [0.21689157152430386, 0.14941780322965437, 0.5117552090936632, 0.12193541615237867], [0.33637764606521875, 0.31759962129839997, 0.10968406794043374, 0.23633866469594744], [0.17389165883764465, 0.22034652366154148, 0.413174941132823, 0.19258687636799088], [0.35229496371928837, 0.33423188132054665, 0.12354536102637759, 0.18992779393378736], [0.2565298997913174, 0.22884107583754734, 0.23326291343847327, 0.2813661109326621], [0.336208224045555, 0.2352811406584791, 0.15093370720714674, 0.2775769280888192], [0.2592675836168725, 0.3800550510146608, 0.12133411711550579, 0.23934324825296097], [0.23164225660670223, 0.3453816036162116, 0.19067971505241174, 0.2322964247246748], [0.4852706208285528, 0.12728179530384315, 0.09071810013477202, 0.2967294837328321], [0.4614493242701425, 0.18302211489508283, 0.0869563426496508, 0.26857221818512395], [0.23004677107713778, 0.2462695465775102, 0.4094988707211722, 0.11418481162417986], [0.20641756845699472, 0.26023571760769104, 0.2095686186504508, 0.3237780952848635], [0.38040375893560757, 0.31720424252778906, 0.16753990998013352, 0.13485208855646988], [0.24506050313142472, 0.31940106760918063, 0.17847337151809076, 0.25706505774130384], [0.395220322324275, 0.21525640917212685, 0.20207881356724458, 0.18744445493635362], [0.19520014273949965, 0.2389581699145487, 0.28375223912849573, 0.28208944821745613], [0.29490318166128565, 0.2027825987442758, 0.2956036687481041, 0.2067105508463344], [0.21273459650932325, 0.2594565146826877, 0.20734077549661667, 0.32046811331137254], [0.2149759209555224, 0.2470242327008601, 0.24972426664796812, 0.28827557969564943], [0.27813522090988424, 0.24005857417723944, 0.23158857460030752, 0.2502176303125688], [0.25131070157925167, 0.2581509595347821, 0.15901468739376146, 0.33152365149220486], [0.14656037194662758, 0.5560426269511346, 0.12578350118115064, 0.17161349992108735], [0.13806421775940123, 0.5390940865927079, 0.21481307211117825, 0.10802862353671266], [0.1941198148698977, 0.2522221009109648, 0.24239752147796262, 0.311260562741175], [0.23817421591734306, 0.38687688349522964, 0.1417800643890085, 0.2331688361984187], [0.2984274836866407, 0.26644165198618663, 0.2158559706317765, 0.2192748936953962], [0.27059400035827313, 0.1460535380568056, 0.17894635782226403, 0.40440610376265734], [0.16081305011631525, 0.5822763046137062, 0.11629787807665423, 0.14061276719332436], [0.123130932935523, 0.1798953333625672, 0.6191253972215465, 0.0778483364803633], [0.3035533014882236, 0.10233673281614959, 0.22761537771680115, 0.3664945879788256], [0.2044147517414785, 0.24290052242077753, 0.35484343588145895, 0.19784128995628525], [0.3154501922163153, 0.19970500654577109, 0.11559746950665775, 0.36924733173125596], [0.3928912009674016, 0.2267665671747424, 0.1800955009751176, 0.20024673088273842], [0.12426149428276796, 0.18382693270906525, 0.41985304400514023, 0.27205852900302663], [0.30900442949810736, 0.20844387516484322, 0.0961893468919056, 0.386362348445144], [0.3323500752650141, 0.22361261846784997, 0.12963169169046307, 0.314405614576673], [0.5120088106487505, 0.1810395458861031, 0.13076134706540482, 0.17619029639974162], [0.4077034281774585, 0.1526876916885081, 0.10295797188342798, 0.33665090825060545], [0.2715948071761153, 0.39977364629510836, 0.1714259564265235, 0.15720559010225285], [0.1682543273677731, 0.36521829522365024, 0.10274197904587051, 0.3637853983627065], [0.23194844215371727, 0.3159730191758862, 0.224417601293034, 0.2276609373773625], [0.297785726555302, 0.30687114550879807, 0.158020768070176, 0.2373223598657241], [0.27254733279420046, 0.3661636530865595, 0.17293517007528852, 0.18835384404395172], [0.1967367185985346, 0.28158337390178045, 0.284233308189074, 0.2374465993106111], [0.16368136291737712, 0.2679254475507839, 0.2972697991172206, 0.27112339041461847], [0.1358684633850877, 0.5851745726790465, 0.10407174858047466, 0.17488521535539095], [0.24063478648874911, 0.2953144688334435, 0.18726942509133337, 0.276781319586474], [0.29001986045856637, 0.2522287630068163, 0.1409505632799496, 0.31680081325466797], [0.29805253625110395, 0.18598234190361393, 0.290671939853349, 0.2252931819919331], [0.18595385786326518, 0.2159448803604803, 0.3025889881389541, 0.29551227363730037], [0.3713380539683112, 0.19260842515567111, 0.17001036139941814, 0.2660431594765995], [0.3465821967584472, 0.15366101070995308, 0.30612118175748726, 0.19363561077411243], [0.2225909752366429, 0.3128238680473075, 0.28593210011216413, 0.17865305660388534], [0.4003333488058754, 0.19950172073707897, 0.10904168693606231, 0.29112324352098334], [0.578502530937669, 0.16982624728408247, 0.11629125683628944, 0.135379964941959], [0.5330669664417149, 0.14383465038065957, 0.10157084857011016, 0.22152753460751537], [0.35426641422907723, 0.36114807558623224, 0.1314469378700881, 0.1531385723146025], [0.33872269583704046, 0.21690188554460083, 0.20778572983178697, 0.23658968878657186], [0.4507557301283544, 0.1340910968974264, 0.2557647684804998, 0.15938840449371927], [0.2536234696894483, 0.3687785502116031, 0.19358030915935145, 0.18401767093959717], [0.34274082549577944, 0.1952011143938971, 0.1455475780318682, 0.31651048207845517], [0.2544685909530302, 0.3092157790073614, 0.20685871174826714, 0.22945691829134138], [0.28552855887058853, 0.3050145524478851, 0.2748014178137546, 0.1346554708677717], [0.49814351863167894, 0.23240779144312998, 0.18474717801277996, 0.0847015119124111], [0.3615484691798341, 0.21539267917593874, 0.22632530338869333, 0.19673354825553394], [0.42921673817560174, 0.21541962431094147, 0.16230634471332908, 0.19305729280012782], [0.11537813659817756, 0.12131354224269808, 0.6447521217207987, 0.1185561994383258], [0.2630620208840138, 0.36213047868923637, 0.09865642008907301, 0.2761510803376768], [0.3747567739693733, 0.24443917945864074, 0.19649063851310586, 0.18431340805888027], [0.23972462686389065, 0.3760010563518689, 0.2162561564097848, 0.16801816037445566], [0.29911278924702206, 0.2880862734164644, 0.26415982300341223, 0.14864111433310112], [0.44404824715539376, 0.1467125840004456, 0.14475452966039834, 0.26448463918376247], [0.4277238993946041, 0.27249738536973245, 0.12252250107033709, 0.17725621416532644], [0.1674095820070593, 0.34689750439794126, 0.3310867489095746, 0.1546061646854248], [0.12118439354336247, 0.16058117639221461, 0.4502325806345447, 0.26800184942987815], [0.375412785781914, 0.3342708436746745, 0.17300741634219738, 0.11730895420121416], [0.17950039283312239, 0.1600605926661853, 0.29057592996575204, 0.3698630845349403], [0.4097784277640498, 0.28176570715758886, 0.10403716957765127, 0.20441869550071023], [0.35560106791638146, 0.2923558757769507, 0.1426764011067269, 0.20936665519994113], [0.1722498232353843, 0.22496852459370556, 0.1798864897483143, 0.4228951624225957], [0.3330774485113963, 0.22313476315863345, 0.22939434458801267, 0.21439344374195768], [0.36430825418049395, 0.1922548034027573, 0.22425131291999917, 0.21918562949674988], [0.10911179148289876, 0.2556462962582092, 0.41068378355680923, 0.2245581287020827], [0.2941794622293837, 0.42530040314475825, 0.1303200410557516, 0.15020009357010627], [0.2940932218745394, 0.3148739697777971, 0.2072652411774144, 0.18376756717024914]]}}