{"test": {"ids": ["111116170", "110118740", "106116120", "113122510", "103110050", "100116500", "107118780", "99107950", "98117740", "97106820", "106118520", "112121351", "111116640", "100109980", "98108580", "105118740", "101108121", "113118690", "102121440", "98110230", "107113550", "110120640", "110116300", "100113370", "99105921", "101117580", "99117740", "109117730", "97105451", "108118520", "102109010", "109120560", "112117790", "99112300", "99112531", "111118301", "112116501", "111119930", "113120531", "109117431", "112118530", "98111231", "106112770", "110115120", "107116300", "108114220", "113120280", "108115070", "104111620", "110113591", "97106591", "101109120", "108117451", "107118820", "101109000", "107113840", "97106600", "113122220", "110114561", "109120150", "109120540", "104114740", "112121010", "106116640", "113119360", "110118181", "111114941", "108115870", "101108580", "101115190", "103112470", "108114270", "99120010", "109113881", "105116980", "104116441", "97109570", "98108970", "100109890", "104114230", "103113610", "106118161", "110121450", "108116501", "100111390", "110116170", "107119130", "99108310", "112117431", "103111620", "100109360", "98108370", "107116501", "109117150", "112121410", "105113210", "111116090", "105112260", "111120540", "113121680", "105111990", "113122320", "102110690", "101109370", "100110260", "108116120", "97113260", "102109840", "97105960", "97107920", "105116090", "112118620", "112118471", "112120540", "100109910", "105115680", "100111380", "97105580", "112119320", "98112300", "102110850", "105118171", "109119591", "105116501", "113119950", "113119930", "106120290", "112119930", "110113931", "102112301", "111121410", "97108520", "110115890", "107113170", "97107040", "98116090", "107114280", "102109910", "109113281", "111118910", "112119610", "104119340"], "labels": [0, 3, 1, 2, 3, 2, 1, 1, 2, 1, 2, 0, 0, 1, 0, 1, 0, 3, 2, 3, 0, 0, 3, 3, 1, 3, 2, 3, 0, 0, 1, 1, 3, 0, 3, 3, 3, 1, 0, 1, 1, 1, 1, 0, 0, 3, 0, 1, 0, 0, 1, 1, 2, 3, 1, 3, 3, 1, 0, 2, 1, 2, 2, 3, 0, 1, 0, 3, 0, 1, 1, 3, 2, 0, 0, 1, 0, 3, 3, 2, 2, 3, 3, 0, 2, 0, 1, 2, 0, 0, 0, 1, 1, 2, 0, 3, 3, 3, 1, 1, 2, 1, 0, 1, 3, 1, 1, 2, 2, 0, 1, 3, 1, 3, 2, 2, 3, 1, 1, 2, 3, 3, 0, 1, 0, 1, 2, 1, 1, 1, 0, 2, 2, 0, 2, 0, 3, 2, 0, 0, 0, 1], "predicted_labels": [0, 1, 2, 1, 1, 3, 1, 2, 1, 1, 1, 1, 1, 2, 3, 2, 0, 3, 3, 3, 3, 3, 1, 3, 3, 1, 0, 1, 0, 3, 1, 3, 0, 0, 0, 3, 3, 3, 3, 1, 1, 3, 3, 3, 3, 0, 1, 1, 3, 1, 1, 1, 3, 3, 1, 1, 3, 2, 1, 1, 3, 1, 3, 1, 0, 3, 3, 0, 3, 1, 3, 0, 1, 1, 3, 0, 1, 3, 3, 0, 1, 1, 3, 1, 1, 1, 1, 1, 1, 3, 3, 2, 1, 1, 1, 0, 0, 1, 2, 2, 1, 3, 2, 1, 3, 0, 2, 3, 3, 0, 1, 3, 1, 0, 2, 3, 1, 3, 3, 1, 1, 1, 1, 3, 3, 0, 3, 3, 1, 1, 0, 0, 3, 2, 2, 0, 1, 3, 0, 1, 2, 3], "confidence_scores": [[0.32494549300044856, 0.2641373609842839, 0.11374624398406133, 0.29717090203120616], [0.16617393783742662, 0.447033558897364, 0.12017791665544197, 0.26661458660976745], [0.17209687882482955, 0.1572227610382456, 0.5316302381888856, 0.1390501219480393], [0.24789069287386156, 0.31702450952757466, 0.22881365647611746, 0.2062711411224465], [0.2357649817254384, 0.31268335136369035, 0.21302982762449593, 0.23852183928637533], [0.16769863270159618, 0.2743100984389263, 0.21431177449198713, 0.34367949436749046], [0.12789222506690717, 0.3295560905535139, 0.27795185747412754, 0.2645998269054515], [0.09224697491421244, 0.3063505707147286, 0.3885825819400476, 0.21281987243101136], [0.10319553748012694, 0.40593012498049885, 0.19696811826897967, 0.29390621927039445], [0.23773821290204833, 0.3295452709592743, 0.1934287276127358, 0.23928778852594162], [0.17820927518488416, 0.3570141758479901, 0.24320825277833896, 0.22156829618878682], [0.2572284105495904, 0.3531387806855496, 0.2175599714905091, 0.17207283727435096], [0.19310150034231005, 0.27953864422042235, 0.25150462503197285, 0.2758552304052949], [0.1144735396924047, 0.14566649631361797, 0.39180732082221387, 0.34805264317176343], [0.20295466272143162, 0.15261284010043966, 0.3219641096432967, 0.32246838753483187], [0.08819826438512314, 0.3192310488687567, 0.3442099910245117, 0.24836069572160846], [0.47140133124106476, 0.12576174802971657, 0.10209283762737613, 0.30074408310184275], [0.19619496882122264, 0.2756269737339252, 0.1648340588312899, 0.3633439986135623], [0.1964405997657953, 0.20446986307631135, 0.2737931300232293, 0.3252964071346641], [0.22375613563177257, 0.22969585604000964, 0.2401067564371502, 0.3064412518910677], [0.16631569793816228, 0.16537584872444008, 0.1487429095284217, 0.519565543808976], [0.26346640580880004, 0.28649759974661604, 0.11682478383280609, 0.3332112106117777], [0.19201965322967668, 0.344001412345949, 0.20925973680037532, 0.25471919762399897], [0.1226263650642709, 0.2502850558687472, 0.2329325920905156, 0.39415598697646637], [0.12236208176791799, 0.2905383593512245, 0.12637443836509807, 0.4607251205157594], [0.258507943268126, 0.2882945213677975, 0.23546391181326642, 0.2177336235508101], [0.3058481856332897, 0.28081353055866554, 0.12873027082163582, 0.2846080129864091], [0.204968189736211, 0.35485497105950287, 0.17016339348817333, 0.2700134457161128], [0.3710456542748652, 0.22340669415694972, 0.21075295171448757, 0.19479469985369757], [0.0909858542735841, 0.08373894680916674, 0.04819118829774983, 0.7770840106194993], [0.24625950514838044, 0.3170272389375985, 0.19317194880464458, 0.24354130710937652], [0.1979228855206025, 0.2337017845836516, 0.2441046661729733, 0.32427066372277263], [0.26651462998576625, 0.22877264643368925, 0.25669360508000094, 0.24801911850054342], [0.31691682618843575, 0.1825393312338359, 0.21252188927720442, 0.28802195330052394], [0.5052629312007031, 0.22794936718767736, 0.09399837339279572, 0.1727893282188239], [0.2704144570053314, 0.2588572500788375, 0.16173330827628005, 0.30899498463955105], [0.18046565946229906, 0.28956605225699206, 0.12113318471240107, 0.4088351035683078], [0.14476347215152152, 0.1312276119297846, 0.34792577808345265, 0.3760831378352413], [0.1658901748437892, 0.2298057168701833, 0.07500749593484442, 0.5292966123511831], [0.2895185624512005, 0.31993187112782034, 0.222245221563346, 0.1683043448576333], [0.15537074117031052, 0.3744991682474469, 0.21179510531228854, 0.258334985269954], [0.2280357033249038, 0.2512199272709379, 0.1959922579814102, 0.3247521114227482], [0.17081567200165795, 0.2455526799356431, 0.16422994991671455, 0.41940169814598455], [0.17674855614640433, 0.29723000556153684, 0.07788287554214494, 0.448138562749914], [0.14137066612471072, 0.15564209398059545, 0.20929077600094337, 0.49369646389375066], [0.4675929996859862, 0.23594094931901205, 0.11070120181648772, 0.18576484917851413], [0.2481480392430357, 0.35317438135622686, 0.10094239143754818, 0.2977351879631894], [0.154400864494654, 0.3313703075507589, 0.21264030041953894, 0.30158852753504817], [0.2806226429565133, 0.27072774522741644, 0.15018297415047538, 0.298466637665595], [0.273392582330604, 0.3713010322661244, 0.162246399224251, 0.1930599861790207], [0.21490893618527862, 0.34908766831842325, 0.1594253413134978, 0.27657805418280035], [0.2383252490816472, 0.3244556710756322, 0.13179996801488575, 0.30541911182783493], [0.20376932443810294, 0.31129413280128443, 0.0853225592065177, 0.3996139835540949], [0.15349112271887788, 0.31012135784000383, 0.12293974503220349, 0.41344777440891484], [0.16892611786991843, 0.3667993319113666, 0.1494686709120819, 0.3148058793066332], [0.25280758173654405, 0.36212724195122215, 0.1334073343032206, 0.2516578420090134], [0.22564891703550768, 0.1772146971889805, 0.18700569889130533, 0.4101306868842065], [0.18334529893232343, 0.23677028926119886, 0.29345800057299687, 0.2864264112334809], [0.2580353057595027, 0.44771821939943784, 0.09656432572631542, 0.1976821491147441], [0.14403180173663147, 0.38846547711719615, 0.09216350707494964, 0.3753392140712227], [0.21813676483069733, 0.26294881553715244, 0.2350967903192331, 0.2838176293129172], [0.27442234181140507, 0.32229310500314196, 0.18417844314480003, 0.21910611004065322], [0.17939530706390908, 0.2467872594147551, 0.26969898385408997, 0.304118449667246], [0.23590949762531319, 0.3643929139253126, 0.17331446998345748, 0.22638311846591674], [0.4289418678919026, 0.2896333105778879, 0.08087083293018141, 0.20055398860002813], [0.2113116727970201, 0.2811054665216027, 0.11982025689495227, 0.3877626037864249], [0.13184417980657437, 0.23810610339758054, 0.08442305126580454, 0.5456266655300406], [0.39088869392359904, 0.3155743618373863, 0.07672186488337049, 0.216815079355644], [0.24351884965610499, 0.16958711693633868, 0.131868127975755, 0.4550259054318013], [0.157172801521996, 0.35869899634709507, 0.14541342828534867, 0.33871477384556054], [0.1809793931804169, 0.21274146908758865, 0.24733955789618792, 0.3589395798358067], [0.35702086766963664, 0.33008244135001913, 0.1582826862525517, 0.15461400472779255], [0.23838263216184374, 0.36602146910154154, 0.15641713267728918, 0.23917876605932578], [0.22413528496422078, 0.35697132492154326, 0.17317919624792105, 0.2457141938663151], [0.18046281799745137, 0.3084385403869247, 0.1069938347520511, 0.40410480686357286], [0.3705097914857138, 0.2869283488910668, 0.1447090498141901, 0.1978528098090296], [0.19484336626086693, 0.4681300531471067, 0.10945724090020258, 0.22756933969182386], [0.15678283275681712, 0.24034019225372796, 0.258707391263044, 0.3441695837264109], [0.25971310138280485, 0.191658091349083, 0.13834140604909081, 0.41028740121902146], [0.31528336875562, 0.2922663140202419, 0.1580751813407546, 0.23437513588338338], [0.14837490135712442, 0.3153002695125642, 0.22325020569485302, 0.31307462343545867], [0.22001079095394288, 0.36007771740858, 0.14288983942740113, 0.277021652210076], [0.2631611252099898, 0.174377718244216, 0.20302956073918269, 0.35943159580661155], [0.17710485776956475, 0.40872385559037466, 0.08218171777521023, 0.33198956886485026], [0.18380155051493835, 0.284416644492186, 0.2715251483678784, 0.26025665662499736], [0.23588837131622561, 0.4012374459133867, 0.11131873266070029, 0.25155545010968733], [0.1352867945751922, 0.5325779745500724, 0.15982546757024071, 0.17230976330449452], [0.18315116517650426, 0.3219148302186558, 0.20272897682305266, 0.2922050277817873], [0.24017804212913638, 0.40423118873129726, 0.10491433067588904, 0.25067643846367743], [0.18471055742046824, 0.26806020458544855, 0.1764719645815804, 0.37075727341250286], [0.24322810065633238, 0.2156506660433984, 0.2136357360369036, 0.3274854972633657], [0.17776692958265633, 0.238178050402893, 0.3348828233175634, 0.2491721966968873], [0.20223512468859361, 0.5618997756997636, 0.08405926088017979, 0.15180583873146314], [0.17466623739382092, 0.32121760799301374, 0.18551349321731214, 0.31860266139585314], [0.28720612511869403, 0.34264462809153784, 0.13657139758157846, 0.23357784920818955], [0.3971521277186779, 0.17642692116981668, 0.1808527242559467, 0.2455682268555587], [0.3769972967996051, 0.224657398791419, 0.11318102661784199, 0.28516427779113407], [0.16258700063203485, 0.3107709826224617, 0.29920272548852406, 0.22743929125697945], [0.23569539829329617, 0.290978651693294, 0.33358944930318, 0.1397365007102299], [0.07424718848274525, 0.2158506562508619, 0.5373489720144261, 0.17255318325196678], [0.10002393425091258, 0.4023019043841373, 0.23912605715040114, 0.2585481042145491], [0.23045187009527177, 0.25252600713719936, 0.17858920968292885, 0.3384329130846], [0.22092018329015323, 0.202679603684122, 0.33871958905186966, 0.23768062397385517], [0.20666963061299332, 0.34970402358812486, 0.1569474758098195, 0.2866788699890624], [0.14377476873948208, 0.24934742767570672, 0.09921684872315041, 0.5076609548616609], [0.27162435063960594, 0.2588165001356566, 0.22019010690174795, 0.2493690423229895], [0.20094645174079942, 0.25682612189348547, 0.27985369277123834, 0.2623737335944768], [0.1196812567416729, 0.23317554406138233, 0.09447782095376527, 0.5526653782431796], [0.20456965143398373, 0.33014937634515573, 0.12813161195004685, 0.3371493602708139], [0.35271459016898987, 0.13946087700361176, 0.18123699850152047, 0.32658753432587795], [0.14460877809977066, 0.3568177004359241, 0.24901002832309252, 0.2495634931412128], [0.24624726060992566, 0.24419967060048853, 0.17642937340684056, 0.33312369538274533], [0.14591335232999345, 0.6596812805385744, 0.06875759460938337, 0.12564777252204865], [0.48416294823631634, 0.21287505894657113, 0.13306251951729736, 0.16989947329981514], [0.12090485322598377, 0.2629411135915475, 0.38450465371522574, 0.231649379467243], [0.16316002708584013, 0.23382508572188967, 0.10369432615232854, 0.4993205610399416], [0.29849339999931096, 0.33653533226430526, 0.17473591332173083, 0.19023535441465309], [0.2137453266334646, 0.3056879035811296, 0.14916228611357674, 0.331404483671829], [0.13941271238671704, 0.25376108194810193, 0.282279017176988, 0.3245471884881932], [0.20971643829499373, 0.27450000005011854, 0.2450855168250072, 0.2706980448298804], [0.11754799598284708, 0.4498064290144272, 0.13025784385081451, 0.30238773115191125], [0.23990623529026966, 0.3450629322130879, 0.09250423873092113, 0.32252659376572124], [0.1857736715519436, 0.3690719006437417, 0.262816610622208, 0.18233781718210693], [0.1960358796930039, 0.3103273460109094, 0.104943204702503, 0.3886935695935838], [0.2681264085157925, 0.189818431341632, 0.1298201719368628, 0.4122349882057128], [0.28328112906005587, 0.27362388740097565, 0.23348212127924978, 0.2096128622597187], [0.13899180937080638, 0.16628111659436334, 0.17397085158993117, 0.5207562224448992], [0.3492674130554991, 0.12477261288193013, 0.09130483612676094, 0.4346551379358099], [0.312342401001452, 0.39201955170521935, 0.10173094975649766, 0.19390709753683086], [0.14359214992070365, 0.4722110983386776, 0.0944849047234345, 0.28971184701718433], [0.3391585130618922, 0.21676903134307868, 0.14933816482761916, 0.2947342907674098], [0.3350372504787168, 0.33136341400079233, 0.13131172770314253, 0.20228760781734842], [0.1501638886729435, 0.3295731996077768, 0.17412852593103173, 0.34613438578824773], [0.2131062474743423, 0.22095659612676588, 0.2868992757923117, 0.2790378806065802], [0.17079947046953095, 0.17711014308808284, 0.38481802176516816, 0.2672723646772181], [0.3222814274703559, 0.26473660495371976, 0.13025133043015413, 0.2827306371457705], [0.16173524199681344, 0.41034803007904624, 0.10966449437021951, 0.3182522335539208], [0.2855711067251114, 0.13082533005992344, 0.26935647555413883, 0.31424708766082626], [0.761509914701016, 0.09959540990495394, 0.06366608276048688, 0.07522859263354331], [0.17935480250118008, 0.3757903949352661, 0.15432037605622326, 0.2905344265073307], [0.13583720559496404, 0.22185530533069098, 0.3532276973876838, 0.2890797916866613], [0.16820574832130125, 0.32282128113290603, 0.10281011788010229, 0.40616285266569047]]}, "rewritten": {"ids": ["97105451", "97105580", "97105960", "97106591", "97106600", "97106820", "97107040", "97107920", "97108520", "97109570", "97113260", "98108370", "98108580", "98108970", "98110230", "98111231", "98112300", "98116090", "98117740", "99105921", "99107950", "99108310", "99112300", "99112531", "99117740", "99120010", "100109360", "100109890", "100109910", "100109980", "100110260", "100111380", "100111390", "100113370", "100116500", "101108121", "101108580", "101109000", "101109120", "101109370", "101115190", "101117580", "102109010", "102109840", "102109910", "102110690", "102110850", "102112301", "102121440", "103110050", "103111620", "103112470", "103113610", "104111620", "104114230", "104114740", "104116441", "104119340", "105111990", "105112260", "105113210", "105115680", "105116090", "105116501", "105116980", "105118171", "105118740", "106112770", "106116120", "106116640", "106118161", "106118520", "106120290", "107113170", "107113550", "107113840", "107114280", "107116300", "107116501", "107118780", "107118820", "107119130", "108114220", "108114270", "108115070", "108115870", "108116120", "108116501", "108117451", "108118520", "109113281", "109113881", "109117150", "109117431", "109117730", "109119591", "109120150", "109120540", "109120560", "110113591", "110113931", "110114561", "110115120", "110115890", "110116170", "110116300", "110118181", "110118740", "110120640", "110121450", "111114941", "111116090", "111116170", "111116640", "111118301", "111118910", "111119930", "111120540", "111121410", "112116501", "112117431", "112117790", "112118471", "112118530", "112118620", "112119320", "112119610", "112119930", "112120540", "112121010", "112121351", "112121410", "113118690", "113119360", "113119930", "113119950", "113120280", "113120531", "113121680", "113122220", "113122320", "113122510"], "labels": [0, 1, 2, 1, 3, 1, 2, 0, 2, 0, 1, 1, 0, 3, 3, 1, 2, 0, 2, 1, 1, 2, 0, 3, 2, 2, 0, 3, 2, 1, 3, 3, 2, 3, 2, 0, 0, 1, 1, 1, 1, 3, 1, 2, 2, 0, 3, 1, 2, 3, 0, 1, 2, 0, 2, 2, 1, 1, 2, 3, 3, 2, 1, 1, 0, 3, 1, 1, 1, 3, 3, 2, 2, 0, 0, 3, 3, 0, 1, 1, 3, 1, 3, 3, 1, 3, 1, 0, 2, 0, 0, 0, 2, 1, 3, 0, 2, 1, 1, 0, 1, 0, 0, 2, 0, 3, 1, 3, 0, 3, 0, 3, 0, 0, 3, 0, 1, 1, 0, 3, 0, 3, 1, 1, 3, 1, 0, 1, 3, 2, 0, 0, 3, 0, 1, 0, 0, 0, 1, 1, 1, 2], "predicted_labels": [3, 3, 3, 1, 0, 3, 2, 0, 3, 1, 1, 1, 3, 3, 1, 1, 3, 1, 2, 1, 3, 1, 3, 0, 1, 1, 3, 3, 3, 3, 3, 2, 2, 3, 0, 3, 3, 1, 0, 0, 3, 3, 1, 0, 1, 3, 1, 0, 3, 2, 3, 1, 2, 0, 1, 3, 1, 3, 2, 1, 1, 3, 1, 3, 1, 3, 3, 3, 0, 0, 2, 1, 3, 3, 3, 1, 1, 3, 1, 3, 3, 1, 3, 1, 1, 3, 2, 1, 0, 3, 0, 0, 3, 0, 0, 1, 1, 3, 3, 0, 0, 3, 3, 1, 3, 1, 3, 1, 3, 1, 1, 1, 0, 1, 1, 3, 3, 2, 1, 3, 3, 3, 1, 1, 1, 2, 2, 0, 1, 3, 3, 1, 3, 0, 3, 3, 0, 3, 1, 3, 1, 2], "confidence_scores": [[0.256438323726536, 0.19658797650429688, 0.1613010558235357, 0.38567264394563133], [0.2514518819669812, 0.2594356651383079, 0.09527120836886925, 0.39384124452584185], [0.18779281676711967, 0.24550032189017346, 0.26394596444114726, 0.30276089690155966], [0.19318004116119575, 0.4211371473292455, 0.18913840961992812, 0.19654440188963077], [0.3477686149937483, 0.19985907101168424, 0.1629624198023948, 0.28940989419217256], [0.17766512592237235, 0.2933318991746037, 0.11774217894768337, 0.41126079595534043], [0.1998272065299823, 0.21326565630513314, 0.3094663829193486, 0.2774407542455361], [0.4145659810909018, 0.11379072190778007, 0.11017419901260908, 0.36146909798870924], [0.22389324670998284, 0.22194745690609266, 0.15778047397480033, 0.3963788224091242], [0.218990670174946, 0.35316111109904824, 0.13832542080606922, 0.2895227979199367], [0.1856568275738855, 0.4161130769942224, 0.2717832658168234, 0.12644682961506865], [0.15157512116065322, 0.3074265035360971, 0.25553129999094104, 0.28546707531230875], [0.22228961326355767, 0.18332596689152061, 0.1766196516111993, 0.4177647682337225], [0.2323240326918519, 0.22385602686853015, 0.14042383052630747, 0.4033961099133106], [0.1940757911241416, 0.27716046574988235, 0.2690675874973929, 0.25969615562858306], [0.14967037235337935, 0.39061674725969325, 0.2512672005764473, 0.20844567981048012], [0.2567832779470189, 0.22214768795845458, 0.13372641507013208, 0.38734261902439454], [0.2422205303495156, 0.3187133432461584, 0.2344189279680895, 0.20464719843623647], [0.21889824435093763, 0.262216161033191, 0.2763350595227698, 0.24255053509310154], [0.18455796568739746, 0.3788608397592107, 0.1646907909016893, 0.2718904036517027], [0.16223509569503713, 0.24916665551589567, 0.26610517218375096, 0.3224930766053163], [0.12558332450884752, 0.33429487898163435, 0.27791742803926567, 0.2622043684702527], [0.2536481681219657, 0.21954957393211932, 0.21201239566319896, 0.31478986228271616], [0.35227820923842074, 0.25835040614296434, 0.16418723875134744, 0.2251841458672675], [0.2519542263632298, 0.2739318436384383, 0.2132876503741878, 0.2608262796241443], [0.25552392891846254, 0.3731349742373504, 0.1380331866615657, 0.23330791018262123], [0.2661760730610253, 0.19774094806405745, 0.2097033158699052, 0.3263796630050122], [0.2236818204413437, 0.22108628123258658, 0.11468920061022626, 0.4405426977158433], [0.19807269999698848, 0.2532176851932957, 0.16417270506648798, 0.384536909743228], [0.19346428160655108, 0.16734703395432535, 0.30999795181555967, 0.32919073262356396], [0.31800851541690445, 0.2080927181306042, 0.15135516519146325, 0.3225436012610281], [0.18557487049854882, 0.2537367207194234, 0.3919498246434364, 0.1687385841385915], [0.15748231752391484, 0.27949883365167544, 0.32618492263933674, 0.23683392618507298], [0.2404252017654291, 0.18397719134507884, 0.20705711459321244, 0.3685404922962798], [0.3092742536633681, 0.23680429369665976, 0.1957561453468166, 0.2581653072931556], [0.25749746662858763, 0.18207685922325545, 0.08712447421071746, 0.4733011999374393], [0.1822343841237847, 0.19529657154820915, 0.14492983460026787, 0.47753920972773817], [0.13919439862175012, 0.4288633250745956, 0.11544801831015612, 0.3164942579934981], [0.3573355570037277, 0.17313154421284738, 0.14606671190844353, 0.3234661868749814], [0.3162229730245178, 0.2893100347136491, 0.1379379098361102, 0.25652908242572287], [0.16014148693207197, 0.30756968898362125, 0.15129917776047, 0.380989646323837], [0.20831340772687676, 0.2048902898064855, 0.21409957636006824, 0.37269672610656934], [0.18108712581075945, 0.33629766163268887, 0.20690526611496354, 0.2757099464415881], [0.2821435942004324, 0.22977391051185114, 0.2670994271388524, 0.22098306814886415], [0.24226371645557274, 0.3794842763553991, 0.15840161115930804, 0.2198503960297201], [0.21411134107205176, 0.23673684079898946, 0.27336525935000283, 0.27578655877895586], [0.11054029806092414, 0.47865360332701495, 0.1881583976657019, 0.22264770094635905], [0.3443659451537234, 0.32045895075534936, 0.17399137561518993, 0.16118372847573711], [0.23292274764605403, 0.2118459317146322, 0.18369863889473398, 0.3715326817445798], [0.12300585307200536, 0.1693905185251095, 0.5862960931119351, 0.12130753529094995], [0.23341562533808166, 0.18060928762209796, 0.28237478608924743, 0.3036003009505731], [0.20929508589453663, 0.42414296169903726, 0.13917536143180823, 0.22738659097461794], [0.1692298979625215, 0.2647640554835101, 0.29979281801225655, 0.266213228541712], [0.3803422267132557, 0.20440287954795763, 0.14511159554303144, 0.27014329819575533], [0.17674930932665942, 0.5822355292037444, 0.08691298948829528, 0.15410217198130088], [0.22197566953769085, 0.2625075646241479, 0.2093002833698008, 0.3062164824683604], [0.25203552826973574, 0.28857536154897023, 0.259550754144317, 0.19983835603697714], [0.14552453324649106, 0.22152374879227862, 0.10214432565892959, 0.5308073923023007], [0.12360765828228716, 0.229216520367399, 0.4461838412108974, 0.2009919801394164], [0.22494618782395792, 0.4234144139584511, 0.13875156507778766, 0.21288783313980336], [0.23021690530105585, 0.4653032639249725, 0.11410907366450329, 0.1903707571094683], [0.12074767285481867, 0.24465980334033663, 0.1539601785169146, 0.4806323452879301], [0.1736943664760537, 0.5325714547108295, 0.13252249977459335, 0.1612116790385235], [0.20952725243111864, 0.2158163962735291, 0.1627350030470146, 0.4119213482483377], [0.21954220691331988, 0.36851114500248905, 0.1310270903767246, 0.28091955770746657], [0.24406019314138783, 0.259889020519733, 0.15875014894877776, 0.3373006373901015], [0.17051818365795052, 0.22984553731355348, 0.10121024756324053, 0.49842603146525566], [0.14201520887582367, 0.2803093690378704, 0.14639850800416176, 0.4312769140821443], [0.5120803057459965, 0.20381972924878192, 0.12221044708018372, 0.16188951792503803], [0.38230323363230634, 0.3280415719552162, 0.11916984285555812, 0.17048535155691924], [0.19547786681694215, 0.2796031602573184, 0.30283763827250815, 0.22208133465323132], [0.2333919580855481, 0.3561365251070782, 0.15305879947968098, 0.2574127173276928], [0.15003237750840095, 0.212344853560103, 0.28383443652072704, 0.3537883324107691], [0.14110232969673955, 0.2133567106975698, 0.31364079520191385, 0.3319001644037768], [0.24116729706921822, 0.2800102827685678, 0.12510085762133646, 0.3537215625408778], [0.21279030564979426, 0.44871572781661384, 0.11724795433750199, 0.22124601219608991], [0.1935084278103328, 0.48040208880354895, 0.10371442347262651, 0.2223750599134917], [0.09140369147528682, 0.10726114711644574, 0.19318925706383747, 0.60814590434443], [0.26121118319109854, 0.3179932196943499, 0.14066424597027202, 0.28013135114427945], [0.07912673134034849, 0.07076762747030521, 0.20735944461420153, 0.6427461965751449], [0.1476830803716903, 0.19178460493027108, 0.06904546189542933, 0.5914868528026094], [0.1388064233432938, 0.35767596137955016, 0.3171508292233718, 0.18636678605378446], [0.23888746140649297, 0.31624920980679566, 0.11362594417858775, 0.33123738460812374], [0.21134646299816384, 0.4689413662141066, 0.13291211713312295, 0.18680005365460667], [0.1578034883660057, 0.5790015600708546, 0.13417001112388724, 0.1290249404392524], [0.27241020901609464, 0.21237201606677372, 0.10695139353074805, 0.40826638138638366], [0.2097261025255204, 0.24039627383736303, 0.31973888886594687, 0.23013873477116967], [0.2299918746306673, 0.44499580412367373, 0.10143082656838855, 0.2235814946772704], [0.3690698216699047, 0.3673121735879636, 0.07991447432001904, 0.18370353042211282], [0.1760306589679973, 0.1435451439728943, 0.06013485619062986, 0.6202893408684784], [0.370977066225047, 0.27211995676536865, 0.12251351208404214, 0.23438946492554208], [0.31661800230516396, 0.2981564306343712, 0.13674696141028342, 0.2484786056501814], [0.1576718825973665, 0.27349786157852907, 0.2188145119721595, 0.35001574385194495], [0.299978322320125, 0.2621889592015169, 0.22307993365374695, 0.21475278482461113], [0.29728822032322333, 0.27085605431093623, 0.2337144737818682, 0.19814125158397228], [0.16573807156146225, 0.486318450652154, 0.1862422250067108, 0.16170125277967307], [0.2829530532082238, 0.3356031385694609, 0.10634651382247214, 0.2750972943998431], [0.23449625920639475, 0.23341255484559528, 0.1752068590453032, 0.3568843269027069], [0.18180382235889417, 0.30589214504343487, 0.14608613561419148, 0.3662178969834796], [0.4986554668032194, 0.21183183196609917, 0.08176374584426357, 0.2077489553864179], [0.3945096276220567, 0.2850279717264382, 0.09142569665802261, 0.2290367039934825], [0.18781905300881185, 0.26629462253478586, 0.05960139613128075, 0.48628492832512166], [0.26777804387730114, 0.2980698740935143, 0.10211126779529558, 0.33204081423388904], [0.1814185069104969, 0.3710181283983848, 0.1431327957032024, 0.3044305689879159], [0.29516104852485897, 0.2537911152138497, 0.09587438540671038, 0.35517345085458096], [0.23698304248524796, 0.36712861776205874, 0.11037720617118804, 0.28551113358150526], [0.15259921878180102, 0.12373023269663001, 0.11142399175618964, 0.6122465567653793], [0.17562090823651735, 0.5679731075623362, 0.05986396780405638, 0.1965420163970901], [0.2954937453260309, 0.1733302078244098, 0.12352501623735669, 0.4076510306122026], [0.17433109336071348, 0.37072795905867884, 0.1295911423828829, 0.32534980519772466], [0.21430083258486282, 0.4431570181471427, 0.10026890798054418, 0.24227324128745018], [0.21627641999471633, 0.40448112463045943, 0.15876265516234025, 0.22047980021248406], [0.38785021631939826, 0.16181799069217834, 0.2780447606232677, 0.1722870323651558], [0.15524785585434106, 0.36032152137494383, 0.2613704804489039, 0.22306014232181134], [0.2459055554156657, 0.32217925146814214, 0.1675877551857598, 0.2643274379304324], [0.21796267393075047, 0.29369256695355733, 0.17728276387660238, 0.31106199523908973], [0.17171969577676593, 0.25602269438043096, 0.1756233029188016, 0.39663430692400153], [0.11700453024573622, 0.2188810506132069, 0.39005163767274087, 0.274062781468316], [0.243705537270806, 0.4175093704088413, 0.09566349331768055, 0.24312159900267238], [0.20793398670611393, 0.30579994172150193, 0.108277237357841, 0.37798883421454327], [0.211323282075947, 0.1689174313361069, 0.08235566450033835, 0.5374036220876077], [0.2883777509129011, 0.2343935400805972, 0.10807483328575727, 0.36915387572074443], [0.17537595523818883, 0.49742632373776335, 0.06938079989160677, 0.2578169211324411], [0.18873715824081025, 0.3260081557203898, 0.3178579178642283, 0.16739676817457164], [0.17465836414560615, 0.3154084150692723, 0.2604553329886519, 0.24947788779646976], [0.24800720578875182, 0.22741280023462712, 0.3261350437660372, 0.19844495021058384], [0.2259240377753372, 0.17363090914182525, 0.4581917955936215, 0.14225325748921594], [0.508464183243529, 0.12604542063994256, 0.16996145625592501, 0.19552893986060338], [0.2459573625179823, 0.3324071156916371, 0.20662066599743012, 0.2150148557929504], [0.2222079404006358, 0.2705882197360415, 0.18202620654468282, 0.32517763331863997], [0.22333037436421097, 0.2529424392393533, 0.1494038359526878, 0.37432335044374815], [0.16135014853077925, 0.5450303442530473, 0.10779015180667967, 0.18582935540949383], [0.16175661916550188, 0.10516468118035957, 0.07013997998538252, 0.6629387196687561], [0.6202409964228096, 0.15315971805866918, 0.0797636117301424, 0.1468356737883788], [0.18968850748722219, 0.20722379081881515, 0.10418276018235254, 0.49890494151161013], [0.29024543966566807, 0.2668956447177091, 0.12179574447150236, 0.32106317114512034], [0.331799772756889, 0.26607111681595563, 0.08254510731562269, 0.3195840031115326], [0.3020896496636399, 0.2492873252440733, 0.10210260030677004, 0.34652042478551676], [0.18637188127373594, 0.35386944601062986, 0.15309031012594548, 0.306668362589689], [0.20910573913796957, 0.26682867374360075, 0.23157981335363237, 0.29248577376479734], [0.1613477937457195, 0.40214920155124445, 0.1450335716234688, 0.2914694330795671], [0.17171399985560695, 0.26080515011643557, 0.38525739960442673, 0.18222345042353083]]}}