{"test": {"ids": ["111121410", "97105451", "109115220", "112121030", "107114780", "113122170", "112116451", "106112770", "101119591", "113121750", "102108621", "104113380", "112117461", "110121500", "105115720", "108119510", "109119340", "100108580", "108113480", "113118690", "99107300", "107119130", "112116850", "112121430", "104114740", "107112850", "110115580", "113122230", "102112030", "103111830", "103111540", "111117200", "98119591", "104113000", "105111990", "97116500", "107114200", "113122430", "106117650", "103111930", "101111620", "100120010", "111119290", "99120010", "109117080", "110114321", "98110680", "107118520", "104112201", "110114920", "97107681", "107114280", "106119260", "107119950", "102121440", "98106111", "103120730", "102112170", "97116401", "99109860", "110114651", "99113260", "107121640", "105118230", "106115240", "111116530", "110113591", "112118161", "110117110", "110117870", "112118820", "97112300", "104111990", "111117000", "107120010", "112120270", "113119480", "111114171", "99109910", "97105760", "111120280", "111118820", "98110710", "98116940", "99109370", "111116110", "103112641", "109113881", "100109910", "104112470", "113119360", "101111310", "113118511", "112118930", "103120290", "111117571", "97109080", "108115500", "105117351", "109117431", "100112060", "103117461", "100109980", "106118820", "102110690", "113121010", "112119120", "106113260", "110120560", "98111620", "97111790", "107114490", "108115970", "111118810", "113118820", "109119460", "97106820", "107113840", "98112170", "105116650", "111121351", "108114670", "112121351", "105119550", "108117451", "98108150", "109114651", "112119610", "105115680", "112120990", "111120591", "106116640", "112120670", "113120531", "113118630", "108113620", "110114610", "108118301", "105117431", "112116540", "101121640", "101115190"], "labels": [0, 0, 3, 0, 2, 1, 0, 1, 0, 0, 3, 1, 0, 3, 1, 1, 3, 0, 0, 3, 3, 1, 0, 2, 2, 1, 1, 1, 2, 3, 1, 0, 1, 1, 2, 2, 2, 2, 1, 3, 3, 0, 3, 2, 1, 1, 2, 2, 0, 3, 3, 3, 1, 3, 2, 0, 1, 3, 3, 2, 3, 0, 1, 1, 1, 3, 0, 0, 0, 3, 0, 2, 2, 0, 1, 0, 3, 3, 2, 0, 0, 0, 2, 2, 1, 3, 3, 0, 2, 1, 0, 3, 1, 1, 2, 3, 2, 3, 0, 1, 2, 0, 1, 3, 0, 2, 1, 3, 0, 3, 2, 3, 2, 0, 0, 1, 1, 3, 3, 1, 0, 3, 0, 1, 2, 0, 3, 0, 2, 2, 1, 3, 2, 0, 3, 3, 1, 1, 1, 1, 2, 1], "predicted_labels": [3, 3, 3, 3, 3, 1, 3, 3, 3, 1, 1, 3, 1, 3, 3, 1, 3, 3, 1, 3, 3, 3, 3, 1, 1, 1, 3, 3, 3, 3, 3, 0, 3, 1, 1, 1, 1, 3, 1, 1, 1, 3, 3, 1, 1, 3, 1, 1, 3, 1, 1, 1, 3, 0, 3, 3, 3, 0, 1, 1, 3, 3, 3, 3, 1, 3, 3, 1, 1, 3, 3, 3, 3, 3, 3, 3, 3, 1, 1, 3, 1, 1, 3, 1, 1, 1, 3, 3, 1, 0, 3, 1, 1, 0, 3, 1, 1, 3, 3, 3, 3, 1, 3, 3, 1, 1, 3, 1, 3, 3, 0, 3, 3, 3, 1, 1, 3, 0, 0, 1, 1, 3, 1, 1, 3, 3, 3, 1, 1, 1, 0, 3, 3, 3, 1, 1, 3, 1, 1, 1, 1, 3], "confidence_scores": [[0.19597263821239577, 0.28250097366010757, 0.19788903565543123, 0.3236373524720658], [0.23348092404786894, 0.29461087131012575, 0.16749555157115545, 0.3044126530708497], [0.2286822137013073, 0.2800515964897461, 0.20086542890787565, 0.29040076090107103], [0.23915409484852287, 0.2576985465550674, 0.18209769366735765, 0.32104966492905207], [0.22115206521347047, 0.2938011563961506, 0.16855620519247438, 0.3164905731979047], [0.20652183537386923, 0.3129949409797845, 0.23369297234016778, 0.24679025130617893], [0.24815063150043862, 0.299650085467173, 0.15006599298359127, 0.3021332900487971], [0.21549236017782739, 0.27982634811558776, 0.2003081206901571, 0.30437317101642797], [0.2847613678045354, 0.2694512922631075, 0.14897156007002507, 0.2968157798623324], [0.2420069497796196, 0.3327827824658079, 0.13352434869043775, 0.2916859190641351], [0.2070847756464016, 0.3410548946630474, 0.15860118892441596, 0.29325914076613546], [0.2385772663924552, 0.26655186157175825, 0.15689818030300473, 0.33797269173278155], [0.26295653075631387, 0.3259263373867688, 0.13404562049969443, 0.2770715113572226], [0.2304593770325565, 0.27676873092593507, 0.18950492327996205, 0.30326696876154646], [0.23430486247166338, 0.28374822816401646, 0.19335315597977132, 0.288593753384549], [0.23493720500237958, 0.31027292496633674, 0.15640156022824708, 0.29838830980303677], [0.23617706464782728, 0.257470782166424, 0.17515122427136226, 0.3312009289143869], [0.27475430532849254, 0.26436086550026533, 0.16135671498086493, 0.2995281141903773], [0.1852302634947154, 0.29855435396424773, 0.21887110920262748, 0.2973442733384097], [0.23725053201204857, 0.2758383086964542, 0.17772478481006992, 0.3091863744814278], [0.272297396661334, 0.22798144383249225, 0.19086680156777738, 0.30885435793839705], [0.2553404194740733, 0.2779445693181695, 0.18348591295948238, 0.28322909824827497], [0.22018300130830798, 0.2851789871120632, 0.17579590241650989, 0.3188421091631194], [0.2196418683926606, 0.2865774595158078, 0.2243403642413435, 0.2694403078501887], [0.23977172892789997, 0.31874254061296203, 0.16057887879451826, 0.28090685166462], [0.20525916412907078, 0.3026992707846871, 0.19814232627878378, 0.2938992388074584], [0.1895798035143051, 0.27948531222592327, 0.2344331166548574, 0.29650176760491453], [0.24403404308499588, 0.25028746659598256, 0.18084207458763882, 0.32483641573138283], [0.24237007837887747, 0.27361482449645014, 0.1853894440805391, 0.2986256530441337], [0.27164864928786486, 0.24862000368535173, 0.1751546316803575, 0.30457671534642583], [0.2330712459238395, 0.24025285288734335, 0.18717400141255597, 0.33950189977626116], [0.2921193369146642, 0.2753415498274284, 0.16948730545972504, 0.263051807798182], [0.24904105408444335, 0.27266270004953724, 0.1753797797117593, 0.3029164661542605], [0.21833830271755308, 0.29239844380058616, 0.20532010552377705, 0.28394314795808406], [0.23941684097730234, 0.30202822278214864, 0.16535170559018425, 0.2932032306503653], [0.28253298076996597, 0.2839753499104071, 0.16841738291083228, 0.265074286408795], [0.221329220282061, 0.3109305506900637, 0.19733161159121615, 0.2704086174366593], [0.20797964910771563, 0.2958029911095054, 0.18639797577344488, 0.30981938400933445], [0.21496377471413414, 0.30893168455643805, 0.20629901613064877, 0.26980552459877916], [0.22869547008170807, 0.28671442764205085, 0.2099785984813712, 0.2746115037948703], [0.2312785075321221, 0.2861018833184394, 0.21278462664515757, 0.26983498250428134], [0.23389534011551574, 0.25669340422406917, 0.23847939511628985, 0.2709318605441256], [0.2358660907316493, 0.2553827902335264, 0.20343730484196176, 0.30531381419286235], [0.2493391155068709, 0.28677270265776983, 0.19175471160601432, 0.2721334702293455], [0.2495720205143358, 0.3311360529598732, 0.13360314773912027, 0.28568877878667087], [0.2702964029561278, 0.2838977154634317, 0.14769573593118765, 0.2981101456492531], [0.25071910939092495, 0.3144778426966414, 0.15559616882039567, 0.2792068790920383], [0.2481447216728065, 0.29731655560086845, 0.16905438334124376, 0.28548433938508133], [0.2741468860364364, 0.2605431254074139, 0.17137325830591246, 0.2939367302502375], [0.2438988302137795, 0.30316797121830436, 0.1840941517096896, 0.26883904685822696], [0.2544839685073357, 0.33211220595251156, 0.15466188131015765, 0.2587419442299952], [0.22326105895674447, 0.3182323036525569, 0.18507719160616923, 0.27342944578452943], [0.26026356532111716, 0.2690315317758776, 0.19287646870616848, 0.2778284341968371], [0.2878443275934424, 0.28686754734288766, 0.14711446678428217, 0.2781736582793879], [0.2224514898921034, 0.2774838797672479, 0.17862132238426112, 0.321443307956388], [0.2303372852845395, 0.27379319046792155, 0.18118239700819527, 0.3146871272393436], [0.2532922843052548, 0.26970865595744375, 0.17968766113259327, 0.2973113986047088], [0.28438776654774295, 0.25610939368229013, 0.19957121697348276, 0.2599316227964842], [0.22339120817893524, 0.30226221888809846, 0.1822400043412755, 0.2921065685916907], [0.23557707459589286, 0.3248330450014548, 0.17198057042563952, 0.2676093099770131], [0.2844714606007042, 0.24387255670202754, 0.1316458717241377, 0.34001011097313044], [0.2259441405898381, 0.2895254256786113, 0.19198185658262648, 0.2925485771489241], [0.2155784738546371, 0.2842855528975335, 0.19901659146844464, 0.301119381779385], [0.21914817565982073, 0.2942195889942125, 0.18326844386680732, 0.3033637914791596], [0.27963992482488914, 0.313677545478449, 0.12819707703710256, 0.278485452659559], [0.2277022133890953, 0.2566918695757062, 0.1724298683432172, 0.34317604869198176], [0.2614135200202041, 0.27330635681694654, 0.15551625847583597, 0.30976386468701333], [0.261927545336375, 0.3139570904254548, 0.15790880248135927, 0.2662065617568111], [0.23625858892105267, 0.3116867937291097, 0.18377206122289366, 0.26828255612694424], [0.27596567170269765, 0.2658222362462598, 0.1794424845052149, 0.2787696075458274], [0.2265574855771944, 0.29038846387604356, 0.17442137547667927, 0.30863267507008263], [0.23930217279248947, 0.2577315514649434, 0.18861491666415453, 0.3143513590784131], [0.20642232759414592, 0.289757680786994, 0.206525617323382, 0.2972943742954782], [0.21902783728775393, 0.28003458242274637, 0.20667535454836336, 0.29426222574113625], [0.249566635144129, 0.28374870521585516, 0.1713525042070663, 0.29533215543294933], [0.24214907155674126, 0.2778655524093438, 0.1897632616590162, 0.2902221143748992], [0.23295944981306393, 0.28031217527635255, 0.1927178207537004, 0.2940105541568836], [0.25035687912800386, 0.314634635047844, 0.15884590862913592, 0.2761625771950165], [0.2321348215619122, 0.3063350619713341, 0.16847364979202828, 0.29305646667472546], [0.23671669282603272, 0.2919880781828004, 0.1655716730130068, 0.3057235559781605], [0.27903660164651184, 0.29826100180091963, 0.15359613705479316, 0.2691062594977754], [0.2459762746018292, 0.34894277903277116, 0.14731716874046014, 0.25776377762493974], [0.2074703753050366, 0.268931816447259, 0.23455597122340852, 0.289041837024296], [0.23005528987953994, 0.3084904709719652, 0.1853089345129909, 0.27614530463550396], [0.23397802404487322, 0.3197919157235089, 0.18620185692522934, 0.26002820330638887], [0.22576795554792065, 0.28288823108050326, 0.21556936462158854, 0.2757744487499879], [0.24219978166347758, 0.2875209524442476, 0.1655783434519575, 0.30470092244031705], [0.2752591492435526, 0.2787674240031107, 0.15143847480400557, 0.29453495194933144], [0.24992516150044647, 0.306537542937126, 0.17266707440152265, 0.2708702211609049], [0.29661989344284456, 0.29176603796940664, 0.1463519252624418, 0.2652621433253073], [0.22631943681589625, 0.24629018621991777, 0.20040805655111252, 0.3269823204130738], [0.2413107604506616, 0.2896630998791365, 0.214014873671788, 0.25501126599841417], [0.25362237436156176, 0.3048471769694628, 0.16502153202515485, 0.27650891664382043], [0.2757952933533611, 0.2676767182388953, 0.18916871776288124, 0.2673592706448626], [0.21403052258981028, 0.2725815360026749, 0.21587057331175089, 0.2975173680957644], [0.22840780342754052, 0.30141436679260786, 0.17710008692360316, 0.29307774285624855], [0.22592287826361626, 0.29014472671489117, 0.21590521653030895, 0.26802717849118396], [0.2297497731290309, 0.2809579490888914, 0.19201934367627366, 0.2972729341058041], [0.25371542323269936, 0.28253671989339857, 0.15227492042817173, 0.3114729364457303], [0.26628530277075735, 0.27830993818018485, 0.16895883401246795, 0.28644592503658983], [0.25082231903222785, 0.26680866813212667, 0.19359385298748574, 0.2887751598481599], [0.2351562425940161, 0.3159323013430852, 0.14938761339227521, 0.29952384267062354], [0.23749978909874606, 0.28056447276567764, 0.19802998158974883, 0.28390575654582806], [0.20351647582491564, 0.2860423012930982, 0.2083862110409447, 0.3020550118410414], [0.25089080308820194, 0.31865037598941204, 0.1431966638314778, 0.2872621570909084], [0.23154785105822198, 0.3273176229344056, 0.1552990662157484, 0.28583545979162406], [0.22340647329143062, 0.2928009223246776, 0.16550644978175347, 0.3182861546021385], [0.20604578759626785, 0.31068763681872724, 0.1747343809831944, 0.308532194601811], [0.23889525748171775, 0.2641699686189126, 0.18944357176683058, 0.3074912021325391], [0.22403044528869884, 0.27375559627587426, 0.21304939888841312, 0.28916455954701414], [0.2787082348674646, 0.2609270033104832, 0.18672789244826357, 0.2736368693737882], [0.23865488958643574, 0.29463344655512047, 0.1676060714194299, 0.29910559243901474], [0.2432801239326582, 0.27967180270653724, 0.1943531777961698, 0.282694895564635], [0.24274927609676034, 0.26468958881711674, 0.17637478778966034, 0.3161863472964634], [0.2835023734915044, 0.29140829664408613, 0.16532528287738602, 0.25976404698702404], [0.23208933484357014, 0.3122046858586066, 0.17462566234670746, 0.28108031695111574], [0.2394122376605362, 0.2781672271161419, 0.16732099021682206, 0.3150995450065006], [0.29229774368482797, 0.264140604740955, 0.1631520436325533, 0.2804096079416635], [0.2964069649787539, 0.25720195776028576, 0.16432036739759187, 0.28207070986336824], [0.21262059310443196, 0.31582246794404295, 0.19305527809403725, 0.278501660857488], [0.24502720764890615, 0.3040172230720908, 0.18328847986479443, 0.26766708941420936], [0.2373871343454576, 0.27471345298087757, 0.19788565989279744, 0.2900137527808674], [0.2350212762528808, 0.3315267840460431, 0.18438364904912757, 0.24906829065194905], [0.22927896410421672, 0.31909238715789695, 0.16955732410226695, 0.28207132463561974], [0.2686283212567443, 0.26758579305113456, 0.15959754042985846, 0.3041883452622629], [0.24084401412064152, 0.24579348165339435, 0.2185223151209021, 0.29484018910506227], [0.22635875982015585, 0.2880844644133369, 0.17589906455172488, 0.30965771121478247], [0.21824800662275076, 0.2974949487919, 0.2137452750640427, 0.2705117695213066], [0.1956265247877906, 0.29473256768545036, 0.23197052198931745, 0.27767038553744183], [0.21846656663589814, 0.31784200754155817, 0.19586843581820748, 0.2678229900043364], [0.3288619715114291, 0.2512840405634128, 0.1243435180731803, 0.29551046985197754], [0.2642834778733876, 0.2589061157680201, 0.18510579284162862, 0.29170461351696414], [0.23608100005440846, 0.2623304653118668, 0.20499786613867643, 0.2965906684950482], [0.2723129572404409, 0.278880676162273, 0.16477752420453182, 0.28402884239275417], [0.20480746493119625, 0.3204113324267133, 0.18465467629840568, 0.2901265263436848], [0.22172012116084128, 0.3104083697800651, 0.2011456962377811, 0.2667258128213129], [0.2598595091290411, 0.2474659679224074, 0.21215081178680775, 0.2805237111617442], [0.23547882163374637, 0.3077738171873671, 0.18674773257755936, 0.26999962860132765], [0.21951537215475897, 0.30612345702802607, 0.1762922644997238, 0.29806890631749144], [0.2072974079409573, 0.29323873198720934, 0.20628548917001044, 0.293178370901823], [0.2645721167179434, 0.3034793851782612, 0.1561998374016379, 0.2757486607021581], [0.23615232713225112, 0.2628347380674805, 0.23206296308117016, 0.2689499717190988]]}, "rewritten": {"ids": ["97105451", "97105760", "97106820", "97107681", "97109080", "97111790", "97112300", "97116401", "97116500", "98106111", "98108150", "98110680", "98110710", "98111620", "98112170", "98116940", "98119591", "99107300", "99109370", "99109860", "99109910", "99113260", "99120010", "100108580", "100109910", "100109980", "100112060", "100120010", "101111310", "101111620", "101115190", "101119591", "101121640", "102108621", "102110690", "102112030", "102112170", "102121440", "103111540", "103111830", "103111930", "103112641", "103117461", "103120290", "103120730", "104111990", "104112201", "104112470", "104113000", "104113380", "104114740", "105111990", "105115680", "105115720", "105116650", "105117351", "105117431", "105118230", "105119550", "106112770", "106113260", "106115240", "106116640", "106117650", "106118820", "106119260", "107112850", "107113840", "107114200", "107114280", "107114490", "107114780", "107118520", "107119130", "107119950", "107120010", "107121640", "108113480", "108113620", "108114670", "108115500", "108115970", "108117451", "108118301", "108119510", "109113881", "109114651", "109115220", "109117080", "109117431", "109119340", "109119460", "110113591", "110114321", "110114610", "110114651", "110114920", "110115580", "110117110", "110117870", "110120560", "110121500", "111114171", "111116110", "111116530", "111117000", "111117200", "111117571", "111118810", "111118820", "111119290", "111120280", "111120591", "111121351", "111121410", "112116451", "112116540", "112116850", "112117461", "112118161", "112118820", "112118930", "112119120", "112119610", "112120270", "112120670", "112120990", "112121030", "112121351", "112121430", "113118511", "113118630", "113118690", "113118820", "113119360", "113119480", "113120531", "113121010", "113121750", "113122170", "113122230", "113122430"], "labels": [0, 0, 1, 3, 2, 2, 2, 3, 2, 0, 0, 2, 2, 3, 3, 2, 1, 3, 1, 2, 2, 0, 2, 0, 2, 1, 2, 0, 3, 3, 1, 0, 2, 3, 0, 2, 3, 2, 1, 3, 3, 3, 0, 2, 1, 2, 0, 1, 1, 1, 2, 2, 2, 1, 1, 0, 1, 1, 1, 1, 3, 1, 3, 1, 3, 1, 1, 3, 2, 3, 3, 2, 2, 1, 3, 1, 1, 0, 3, 3, 3, 2, 2, 1, 1, 0, 3, 3, 1, 1, 3, 1, 0, 1, 1, 3, 3, 1, 0, 3, 0, 3, 3, 3, 3, 0, 0, 3, 0, 0, 3, 0, 1, 0, 0, 0, 1, 0, 0, 0, 0, 1, 1, 0, 0, 2, 2, 0, 0, 2, 1, 3, 3, 0, 0, 3, 0, 2, 0, 1, 1, 2], "predicted_labels": [1, 1, 3, 1, 1, 1, 3, 1, 1, 3, 1, 1, 3, 1, 0, 3, 3, 3, 1, 1, 1, 1, 1, 3, 1, 1, 1, 3, 1, 1, 3, 1, 1, 1, 1, 3, 0, 3, 3, 3, 3, 3, 1, 3, 3, 3, 1, 3, 1, 3, 1, 1, 1, 3, 1, 1, 1, 1, 1, 1, 3, 1, 0, 1, 1, 3, 1, 3, 1, 3, 1, 1, 1, 1, 3, 3, 3, 3, 1, 1, 3, 1, 3, 1, 1, 1, 3, 3, 1, 1, 3, 1, 0, 1, 3, 3, 1, 1, 1, 1, 3, 3, 1, 1, 3, 3, 3, 1, 3, 1, 3, 1, 0, 1, 3, 3, 3, 1, 3, 1, 3, 3, 1, 1, 1, 1, 1, 3, 1, 3, 1, 1, 3, 1, 3, 3, 1, 1, 1, 1, 3, 1], "confidence_scores": [[0.2555272695638459, 0.2862452920425461, 0.17863437536429777, 0.27959306302931025], [0.27160383002611577, 0.29542316797819823, 0.13991475604090914, 0.2930582459547771], [0.22838581441430145, 0.28522342173049725, 0.18401573249644387, 0.3023750313587578], [0.2407939216223513, 0.3309323577476238, 0.16690143338965896, 0.26137228724036626], [0.2309142315017253, 0.28305476725417933, 0.21840386240988402, 0.2676271388342116], [0.26679161047202615, 0.26820286348513656, 0.20554965177755702, 0.25945587426528033], [0.25938871326970514, 0.24482678621052775, 0.1613903935690328, 0.3343941069507347], [0.2382662134941121, 0.3237130024117847, 0.15744864616122003, 0.28057213793288316], [0.28071492349703414, 0.2917002381078296, 0.16281635084740975, 0.2647684875477271], [0.24417547107938947, 0.2570184812800668, 0.2211975973978518, 0.2776084502426922], [0.25854211330212645, 0.27863385301883403, 0.21112117611928163, 0.25170285755975813], [0.2450697870544209, 0.3254817886589595, 0.1607183478434277, 0.2687300764431921], [0.20837458095576966, 0.24846799774636877, 0.25500684507022736, 0.28815057622763407], [0.21754570055874478, 0.2883491957118992, 0.2180128879243599, 0.2760922158049968], [0.2916736815071532, 0.26931790716708964, 0.16134584389219683, 0.2776625674335601], [0.22083058934783958, 0.2703822201705521, 0.1850874097159683, 0.32369978076564027], [0.24808590285018298, 0.27875748205770173, 0.16190766027695824, 0.31124895481515735], [0.2613081906196401, 0.2644260072357937, 0.197538426700454, 0.2767273754441127], [0.25033446721045916, 0.31582030045902826, 0.1902836393448196, 0.2435615929856929], [0.2270852761007114, 0.3320639483164493, 0.17681452607744685, 0.2640362495053926], [0.2183967540995472, 0.3047076087664171, 0.17462308903326915, 0.30227254810076654], [0.23216152447655714, 0.3062971474944875, 0.17398462435277678, 0.28755670367617864], [0.2802462404923786, 0.28383066951689684, 0.15345167992847913, 0.28247141006224546], [0.2571671037769239, 0.27423813548819087, 0.17656524167369247, 0.29202951906119295], [0.2030115324730046, 0.3036500706007544, 0.215838171799962, 0.27750022512627914], [0.24547840093417966, 0.28436531381875585, 0.20002861228160504, 0.2701276729654601], [0.2551277519166752, 0.2837404499035244, 0.1889672050630909, 0.2721645931167099], [0.23796718607914352, 0.26255812888426117, 0.19507918371087304, 0.30439550132572263], [0.23298037692197895, 0.27866683851771296, 0.2166684484124791, 0.27168433614782983], [0.23972954950566877, 0.3142985263609078, 0.18577458351823684, 0.26019734061518734], [0.21723694910240893, 0.2786518188309109, 0.22034160518571058, 0.28376962688097046], [0.2467956222184607, 0.2900396253529113, 0.1833613430183285, 0.27980340941029974], [0.24673889004861338, 0.3007417296530022, 0.17404645272737965, 0.27847292757100534], [0.26445142019761403, 0.3084422175102125, 0.1701118541363882, 0.25699450815578573], [0.2463868789318318, 0.32905602543572177, 0.1372497361582532, 0.28730735947419356], [0.2412491317171961, 0.27590918001825676, 0.19644761998910074, 0.286394068275447], [0.28364535885767855, 0.24267585407821923, 0.2039729593401982, 0.26970582772390395], [0.27777606925981513, 0.2689226974292628, 0.16613556496096324, 0.28716566834995916], [0.24051418628221932, 0.2535517283076828, 0.16911294082863065, 0.3368211445814671], [0.26228132885827654, 0.2529788128631083, 0.18910959009492484, 0.2956302681836904], [0.2392286264461702, 0.28465670354872025, 0.18128100666683125, 0.294833663338279], [0.25530522359748836, 0.2873416447938735, 0.16969192142725115, 0.2876612101813872], [0.23863694791800813, 0.3257565650704872, 0.17595062637556752, 0.25965586063593693], [0.22297380995665458, 0.2726241325720495, 0.21311465033082785, 0.29128740714046847], [0.24264347106383044, 0.26447405679561525, 0.20870810869735484, 0.2841743634431999], [0.23703957520391683, 0.2780779370759821, 0.18593440714069098, 0.2989480805794105], [0.25818495756162646, 0.2915562320617606, 0.17146214591342973, 0.27879666446318313], [0.2727278452724899, 0.2768188884288889, 0.15729983916692217, 0.29315342713169934], [0.21363767716999704, 0.29581887395608847, 0.20503812010013672, 0.28550532877377816], [0.2519056833068661, 0.2580358397983607, 0.17310445168077324, 0.31695402521400035], [0.21975552269912954, 0.3075576103085472, 0.18138588366170943, 0.2913009833306143], [0.21040802934251407, 0.3386796712966224, 0.17379270726419502, 0.2771195920966691], [0.22566659103420456, 0.31414806999363076, 0.19979358191831373, 0.26039175705385137], [0.2469312219473427, 0.28208713381215583, 0.18709948481403693, 0.2838821594264646], [0.2222873828195551, 0.2945153089414224, 0.2230161710838792, 0.260181137155144], [0.21193402580817103, 0.3318853915925771, 0.16131563942305036, 0.2948649431762018], [0.24503151345567756, 0.3239659142843746, 0.16238010830269328, 0.26862246395725486], [0.21297872595187575, 0.3363006263646624, 0.19672493577841788, 0.2539957119050443], [0.23928955600294863, 0.3378888912099628, 0.16519192863876359, 0.2576296241483255], [0.26112223988573885, 0.2871129124070836, 0.17784992634902, 0.27391492135815787], [0.2066973917038861, 0.29679064896571644, 0.19358149545845718, 0.3029304638719405], [0.2595895172057555, 0.3035157200740344, 0.1771450740203496, 0.2597496886998603], [0.28573264917188185, 0.2678974684062705, 0.17401035535808707, 0.2723595270637604], [0.25360469079591746, 0.28945137432446555, 0.1790524564042265, 0.27789147847539086], [0.2254929778824605, 0.3215585435767159, 0.16734973321307486, 0.2855987453277486], [0.24796732457771656, 0.25305130120754743, 0.20522661421079988, 0.2937547600039361], [0.18920281509773412, 0.321830842068796, 0.1978945043787237, 0.29107183845474627], [0.28180774845928674, 0.26245994817490137, 0.16617542444840921, 0.28955687891740267], [0.2256216412905423, 0.31145115262311507, 0.19026732465057544, 0.2726598814357674], [0.23502921641172264, 0.2876953480849863, 0.16291298490022335, 0.31436245060306806], [0.22489109748798192, 0.30525047389984367, 0.18305468058690874, 0.2868037480252659], [0.22008647999355005, 0.30227097276843323, 0.18099339843520526, 0.2966491488028113], [0.24680891014578585, 0.31174942137793327, 0.16049530165243633, 0.28094636682384483], [0.264180116331707, 0.2808564064628743, 0.18335188889911835, 0.2716115883063006], [0.26727181366513153, 0.2861382417985777, 0.15864366452110754, 0.2879462800151835], [0.2087079280551618, 0.27068275112385326, 0.21582629846582543, 0.3047830223551595], [0.21673351913543892, 0.2999207053024791, 0.1827992587360933, 0.30054651682598876], [0.21741473362157449, 0.2615092414844358, 0.22517920462968183, 0.2958968202643082], [0.2059405527550945, 0.29924623866824596, 0.2049570257455658, 0.28985618283109416], [0.24309587514593672, 0.2976387707677826, 0.17801463696053113, 0.2812507171257497], [0.2511260502068845, 0.24122087875581436, 0.2002321532049181, 0.3074209178323831], [0.25116243727088416, 0.2798076352903292, 0.20844780999641996, 0.26058211744236703], [0.24305697111656907, 0.2734509119838235, 0.18645369866139017, 0.2970384182382173], [0.21951585469780616, 0.3105019531772496, 0.18177827820732098, 0.28820391391762384], [0.24424690161681264, 0.28769028321304513, 0.1850327487430305, 0.283030066427112], [0.26357329286878334, 0.28155129890791597, 0.17832985909785812, 0.27654554912544277], [0.22820066080969284, 0.29202201451906556, 0.18309538057608477, 0.2966819440951569], [0.2627122388598433, 0.25535192422483816, 0.18210329966501745, 0.2998325372503012], [0.19383629413905676, 0.3421858206193737, 0.17832705436000595, 0.2856508308815642], [0.27357227784634175, 0.2981768455637538, 0.15906507267132328, 0.26918580391858127], [0.24506603467661717, 0.2795037582519804, 0.16982253735136596, 0.3056076697200372], [0.24743699163451846, 0.3226363990603097, 0.16799556996444173, 0.2619310393407301], [0.2952957327825217, 0.2804529700231679, 0.151701301523739, 0.2725499956705716], [0.23213073171468165, 0.3016498225055217, 0.18470912414325308, 0.2815103216365436], [0.23049487442298827, 0.26596749278409587, 0.20475772263311864, 0.2987799101597975], [0.27942416059010106, 0.2567205299292537, 0.1388307154468246, 0.3250245940338207], [0.21650692077020378, 0.3092613048536286, 0.2149329210238463, 0.2592988533523219], [0.23587009197682515, 0.29795155963548164, 0.19780889766366008, 0.2683694507240336], [0.23681722327449536, 0.3174749418780838, 0.18947423289388743, 0.2562336019535335], [0.2627618776355875, 0.2846834495415304, 0.17491809853688975, 0.2776365742859927], [0.22974952435496632, 0.258588370310255, 0.2123755230746454, 0.2992865822601332], [0.2473594891314654, 0.267207009006473, 0.1842489138942401, 0.3011845879678218], [0.22756926363588062, 0.3333822267017158, 0.16874490864405506, 0.27030360101834877], [0.22244950008585204, 0.28952706714207505, 0.2221489437682216, 0.26587448900385174], [0.19608509009354919, 0.2819908080764676, 0.2050726123906441, 0.3168514894393398], [0.2567156764632902, 0.2653607335927106, 0.21066500762496215, 0.2672585823190374], [0.2710779144715332, 0.25904362949720827, 0.1599492833056787, 0.30992917272557996], [0.25773583755424034, 0.2885161568780356, 0.17771332889147687, 0.27603467667624754], [0.22722162058997, 0.2920508236397515, 0.1836035942925279, 0.2971239614777509], [0.2631183572054459, 0.32069815031752835, 0.1419004537363885, 0.2742830387406371], [0.23711664654279904, 0.2757417282574937, 0.19653469604039622, 0.29060692915931097], [0.2571239957844625, 0.30433609246665166, 0.1553366727197928, 0.2832032390290933], [0.3049635200071971, 0.23703594822700183, 0.16408081194200827, 0.29391971982379245], [0.2575008247122057, 0.31227166209025947, 0.1796204940460084, 0.25060701915152683], [0.21690131044936103, 0.29763837234441604, 0.17579764381745314, 0.30966267338876974], [0.28015000163507386, 0.24539541982059118, 0.1431506535615888, 0.331303924982746], [0.2625752837699811, 0.2702869693965921, 0.17696565361714076, 0.29017209321628645], [0.2072430521393653, 0.30475387347431315, 0.1980285293743937, 0.2899745450119282], [0.22603085103517034, 0.30532409166554914, 0.1469623037867013, 0.3216827535125792], [0.27159466332220367, 0.28430369261104443, 0.18202600269117053, 0.2620756413755814], [0.24305323104772295, 0.27464469939818376, 0.19805147102559345, 0.2842505985284999], [0.24010918911315993, 0.29126961172495375, 0.1731102795568113, 0.29551091960507525], [0.24635378667579752, 0.30770462237327867, 0.18402281314304128, 0.2619187778078828], [0.21174234137882392, 0.2975311245578349, 0.200841789747452, 0.28988474431588956], [0.24229367113938038, 0.3006915725601223, 0.1871519964079952, 0.26986275989250275], [0.23168828425219093, 0.2882832322871143, 0.20509046363637798, 0.2749380198243167], [0.22356093545030264, 0.296975484456189, 0.21738776014618308, 0.2620758199473258], [0.26942781403036475, 0.24281140262016987, 0.20029023467042145, 0.2874705486790438], [0.2266357667820646, 0.3149152433755339, 0.2057716801318686, 0.2526773097105337], [0.22893569724854818, 0.27949955880717303, 0.2030118076750405, 0.28855293626923845], [0.2266779888944504, 0.30466536626780494, 0.1958131356816656, 0.2728435091560794], [0.2167886215266413, 0.3174009935920856, 0.20568968004808155, 0.260120704833192], [0.2266983079117837, 0.2576310376344577, 0.18364515210647678, 0.3320255023472822], [0.2550395454731253, 0.2957259288800543, 0.17617319303747755, 0.2730613326093436], [0.23594171413844234, 0.2574082563839557, 0.19157402636907475, 0.3150760031085271], [0.25311065081701056, 0.2666084938143991, 0.19338146806752726, 0.2868993873010633], [0.24008347960279272, 0.3201526798085347, 0.16687590383777376, 0.27288793675089856], [0.22850884260130935, 0.2945774805912657, 0.18650019400355025, 0.2904134828038748], [0.26672914001856457, 0.29022185935659395, 0.15311905142273857, 0.2899299492021029], [0.20738514156474017, 0.29966896184713826, 0.23518811116448204, 0.2577577854236399], [0.25017621093836495, 0.27044691746756416, 0.19031320439191038, 0.28906366720216053], [0.2280336177692936, 0.2983337000165333, 0.19274946503674092, 0.2808832171774327]]}}