{"test": {"ids": ["99109141", "110120190", "113120280", "109120621", "100109890", "112120700", "105113330", "113122320", "103109791", "99109370", "105112240", "113122150", "112118890", "100111080", "101116130", "108120060", "107121700", "109118820", "113121410", "111116100", "112119120", "108116070", "108121160", "105110251", "111120280", "107113840", "105118171", "111114321", "111119580", "111117571", "107115250", "105115380", "108120621", "107112850", "112117210", "97107681", "101108580", "99111930", "104114320", "111116170", "106114150", "100109801", "111119610", "98108970", "99109840", "113118511", "108116501", "111117200", "113118870", "109116441", "109120540", "99108310", "105113620", "109118231", "112117461", "97116790", "113122180", "103118110", "100108260", "107121540", "98111670", "103111830", "110116441", "112116850", "110120540", "99108890", "98108410", "98119591", "106112770", "104112201", "101108621", "112117780", "112120630", "105121190", "109119460", "105117351", "109116810", "110118740", "103120730", "112118421", "106116850", "109119340", "100109980", "99111620", "112121030", "105112100", "105119950", "108117720", "106119260", "100107920", "104111711", "112119580", "102110690", "110115120", "113119320", "112118511", "97109080", "112118820", "104117630", "107113260", "112117790", "97109570", "103110220", "112120640", "99110730", "102114270", "106115120", "108119550", "105115570", "105113210", "110118810", "104117200", "107114950", "97118210", "110119891", "99107660", "104113170", "108114360", "113119360", "113121950", "98106560", "112118620", "112120540", "112117431", "101112201", "106111321", "97105580", "108114040", "107117630", "108117451", "112119450", "113120601", "99108520", "110120560", "97112830", "113120751", "111118301", "98108370", "109116930", "111116040", "113119300", "104118070"], "labels": [3, 3, 0, 1, 3, 2, 3, 1, 3, 1, 1, 2, 3, 0, 2, 1, 3, 3, 0, 3, 1, 1, 2, 0, 0, 3, 3, 1, 3, 3, 2, 1, 1, 1, 1, 3, 0, 1, 2, 0, 1, 0, 2, 3, 2, 1, 0, 0, 0, 3, 1, 2, 0, 1, 0, 2, 2, 2, 3, 2, 1, 3, 3, 0, 1, 0, 1, 1, 1, 0, 0, 0, 3, 2, 1, 0, 3, 3, 1, 3, 3, 3, 1, 3, 0, 1, 3, 1, 1, 0, 1, 3, 0, 0, 1, 1, 2, 0, 0, 0, 3, 0, 2, 0, 3, 3, 1, 1, 0, 3, 1, 3, 3, 2, 3, 3, 3, 1, 0, 3, 1, 3, 3, 0, 0, 0, 1, 0, 0, 2, 3, 2, 2, 0, 2, 1, 3, 1, 0, 0, 1, 2], "predicted_labels": [0, 1, 2, 0, 3, 2, 3, 3, 2, 0, 0, 1, 3, 1, 1, 2, 1, 2, 0, 1, 1, 1, 1, 0, 3, 3, 0, 3, 1, 0, 3, 1, 1, 0, 1, 3, 0, 3, 3, 1, 0, 3, 3, 0, 1, 3, 0, 3, 1, 3, 3, 1, 1, 0, 0, 1, 1, 3, 3, 2, 3, 3, 1, 3, 1, 1, 0, 3, 1, 3, 2, 1, 3, 1, 1, 0, 1, 3, 3, 2, 3, 3, 3, 0, 3, 3, 3, 3, 3, 0, 0, 0, 3, 3, 1, 0, 3, 3, 3, 3, 3, 3, 0, 3, 1, 3, 1, 0, 1, 1, 1, 0, 3, 3, 3, 1, 1, 1, 0, 1, 2, 3, 2, 3, 0, 1, 1, 1, 0, 3, 1, 0, 1, 1, 0, 3, 0, 3, 0, 1, 3, 2], "confidence_scores": [[0.6491888946872323, 0.17566992234794201, 0.06990145368166266, 0.10523972928316314], [0.29471398868470666, 0.3753304396383121, 0.08816815093363567, 0.24178742074334567], [0.1672841079206406, 0.15633822435804712, 0.3681198594429307, 0.30825780827838156], [0.4736629073580212, 0.1593212640887974, 0.13516701551629604, 0.23184881303688543], [0.26924634971049893, 0.21265031903723353, 0.17322694769459976, 0.34487638355766786], [0.2599486719351033, 0.22213546641872456, 0.26930497481951676, 0.2486108868266555], [0.15136719995638317, 0.15380145863862885, 0.1882607122566041, 0.5065706291483839], [0.18050275289181195, 0.18065401901984737, 0.16475432131008846, 0.4740889067782523], [0.3200756093320495, 0.13650974522211962, 0.3652328482231132, 0.1781817972227177], [0.30518119845309755, 0.2368817665999011, 0.18934971863836572, 0.26858731630863575], [0.44572530168226343, 0.2025095776158027, 0.16142404783543055, 0.1903410728665032], [0.24391188778658857, 0.3436395377199038, 0.1579647085429994, 0.2544838659505084], [0.22914979100635915, 0.18083151723594895, 0.16515702484536454, 0.42486166691232735], [0.26478994972653824, 0.4414554886801304, 0.09701446041547275, 0.1967401011778585], [0.14711302274540966, 0.41088932881782403, 0.1352240071869608, 0.30677364124980544], [0.2793996866383626, 0.19154445633547826, 0.31615924779185633, 0.21289660923430287], [0.24369143883034228, 0.4338144750579813, 0.1342956060326514, 0.18819848007902507], [0.1751635065495482, 0.3004271367861324, 0.30593720554959947, 0.21847215111471988], [0.41015093639063493, 0.24240525272852587, 0.11506458926670494, 0.23237922161413452], [0.18571271456208072, 0.41174271466493034, 0.21285524699789465, 0.18968932377509443], [0.1895291175031157, 0.3143254316942448, 0.2871909381479335, 0.20895451265470594], [0.08813995506138075, 0.41337290146424005, 0.38235581365577953, 0.11613132981859961], [0.19505615723520298, 0.40341946904616655, 0.1304772958700087, 0.2710470778486218], [0.5080596927923561, 0.25860687447454306, 0.06665002808128828, 0.16668340465181264], [0.14239718390540537, 0.19813706388902894, 0.11344967763240056, 0.546016074573165], [0.20799411145599414, 0.26828613742618906, 0.24066047918336828, 0.28305927193444863], [0.2594550381811413, 0.2510085187761577, 0.24214360998417017, 0.24739283305853083], [0.2400123125891859, 0.3014848982223623, 0.13876605038638676, 0.31973673880206516], [0.11000918583390033, 0.4920066171188207, 0.13678373217494036, 0.26120046487233844], [0.2976462072769567, 0.2418387421774469, 0.17920104983616109, 0.2813140007094354], [0.16623576838047813, 0.1510319798561153, 0.08019731399624873, 0.6025349377671577], [0.15036833127248989, 0.36524635633218255, 0.18984763340564642, 0.2945376789896813], [0.2069656429188493, 0.41826966373544466, 0.11397551257468376, 0.26078918077102226], [0.3345080917864103, 0.2657729482795387, 0.12881750858647809, 0.2709014513475729], [0.10155201030528438, 0.4915758192155033, 0.21332084597173698, 0.19355132450747523], [0.2406525147038733, 0.19343373140233577, 0.1672769733098107, 0.3986367805839803], [0.3116922425307761, 0.2135717378816691, 0.18337142933907147, 0.2913645902484834], [0.29385572658235065, 0.23888696700622172, 0.10662818681148963, 0.36062911959993815], [0.2869526710093952, 0.18911953171329707, 0.1045482859035386, 0.41937951137376916], [0.2630047983635518, 0.360383048763595, 0.13621329005546637, 0.24039886281738682], [0.3360394949367625, 0.22433652628587578, 0.1593867793387448, 0.280237199438617], [0.23035585226200495, 0.27271900843421193, 0.20149360707212613, 0.29543153223165697], [0.20684457686526983, 0.22703254142830145, 0.15869131461190306, 0.40743156709452566], [0.3515775154592713, 0.19255050073480723, 0.15538042223285875, 0.3004915615730629], [0.14967271623026843, 0.35826569912803646, 0.2661708806838635, 0.22589070395783167], [0.1382683658421093, 0.23261171227837918, 0.1952480137602694, 0.4338719081192422], [0.4158161174061013, 0.21962297390689234, 0.1354216017330956, 0.22913930695391088], [0.15780099394392808, 0.2323448010549709, 0.1865099653004679, 0.42334423970063334], [0.1354814763287239, 0.40879040283360996, 0.20441298094297294, 0.25131513989469323], [0.33891320873565933, 0.1754372715626873, 0.12027766060921602, 0.3653718590924375], [0.2110383631649972, 0.24791707498555662, 0.10977162249990927, 0.43127293934953687], [0.28312689318961554, 0.2902779843075064, 0.2001056970726933, 0.2264894254301848], [0.27750214948534374, 0.31195428428443084, 0.1264033716664413, 0.2841401945637842], [0.35554386260055015, 0.31112300055827696, 0.12865173585606782, 0.20468140098510526], [0.3738031116883964, 0.1825757564566719, 0.20644892209796945, 0.23717220975696238], [0.18622533274341044, 0.3076301257792829, 0.2662054657685876, 0.23993907570871906], [0.08670079569915268, 0.5364108792920036, 0.15238103021607166, 0.22450729479277207], [0.2107106675122511, 0.2669293775928438, 0.18929864827899576, 0.33306130661590927], [0.29795896560268453, 0.26534104000016884, 0.12762831736248723, 0.3090716770346595], [0.10892277090198929, 0.3406646196733163, 0.36145103474174267, 0.1889615746829517], [0.2583734301630663, 0.25515681100121423, 0.16688876892430807, 0.31958098991141154], [0.3067606350507165, 0.20761289632996296, 0.11925554793795716, 0.3663709206813635], [0.21222921253155805, 0.42097060647143386, 0.199265207318828, 0.16753497367818002], [0.26009214823477284, 0.1966558960536295, 0.2241516119392912, 0.31910034377230645], [0.19733097501431243, 0.38731106987691644, 0.17054822476509543, 0.24480973034367576], [0.2095001858220012, 0.29612989211491514, 0.26837417665747015, 0.22599574540561362], [0.36192791901153243, 0.12744721180327223, 0.24095314669747966, 0.2696717224877159], [0.16656188725666832, 0.27624236048267753, 0.2292317262562482, 0.3279640260044059], [0.15281669407486428, 0.4293205507804589, 0.17417517666443902, 0.24368757848023775], [0.17519699329476976, 0.18150904346861785, 0.09143608312113846, 0.551857880115474], [0.13432483757885955, 0.22357398498278822, 0.4526869901533858, 0.18941418728496642], [0.2305899896530087, 0.3553027577821152, 0.09808462811462751, 0.31602262445024876], [0.19648583143412793, 0.23348022829357912, 0.11889663015824481, 0.45113731011404806], [0.17280334952409102, 0.42198355316655106, 0.13591572567592652, 0.2692973716334314], [0.17333996657271342, 0.38550215465887966, 0.17733026069224336, 0.2638276180761638], [0.40089121930612237, 0.2549493213980982, 0.09725704757054478, 0.24690241172523478], [0.19790715215510807, 0.3918863416065101, 0.119453081010071, 0.2907534252283109], [0.2671740649319142, 0.25945854748075137, 0.1484896912085905, 0.32487769637874403], [0.20108151376615968, 0.3196399352557047, 0.11088937501353796, 0.36838917596459775], [0.2566801449908231, 0.22736169564811487, 0.31730516614129756, 0.1986529932197647], [0.32396474492033805, 0.1699524413874187, 0.17957663026005635, 0.3265061834321869], [0.18096752634089508, 0.21810345140090495, 0.20999753432015258, 0.3909314879380476], [0.14926020499603176, 0.23072641900215565, 0.28898894554992655, 0.3310244304518859], [0.38045385373566826, 0.1392060543950889, 0.2524813719658109, 0.227858719903432], [0.2732392368596448, 0.1976044464343439, 0.182296685023926, 0.34685963168208533], [0.2777217598816892, 0.21679175596777644, 0.15239146744984214, 0.35309501670069227], [0.13695739425383868, 0.17512501789387372, 0.15673703987456888, 0.5311805479777186], [0.10908721312918085, 0.21380541243439793, 0.06238590248752608, 0.6147214719488953], [0.21513455624319944, 0.23894393709331116, 0.26850799923255914, 0.2774135074309302], [0.4151034147162101, 0.26878377166168843, 0.12562153510688379, 0.19049127851521758], [0.36550701213893577, 0.23251746872766882, 0.16463416235713207, 0.23734135677626336], [0.4022508131257874, 0.19213220875665604, 0.14665503627776996, 0.2589619418397866], [0.15587942229867993, 0.11650329268474868, 0.03266153718839448, 0.6949557478281767], [0.23964634860162567, 0.23690865106163464, 0.1958932172359331, 0.32755178310080674], [0.188182794560695, 0.3991084286374282, 0.11600715917500871, 0.2967016176268681], [0.3615078234323315, 0.32458670581777493, 0.15546744617883274, 0.15843802457106085], [0.20281246138955106, 0.1734844313982103, 0.2332114742492581, 0.39049163296298045], [0.2833423657147326, 0.2443017988719051, 0.12744239489226303, 0.3449134405210993], [0.19713428162009503, 0.24122798083502014, 0.13117891379228147, 0.43045882375260336], [0.170146935667168, 0.25562466915617965, 0.2602607667200461, 0.3139676284566063], [0.2894301340298222, 0.27844144693268574, 0.12497041444437625, 0.3071580045931158], [0.17905100987047723, 0.27560471033892725, 0.2302931395941815, 0.31505114019641406], [0.2917686529138517, 0.24463565241312427, 0.18710683974504805, 0.27648885492797604], [0.23510665169472125, 0.2322806458359317, 0.25499210834552816, 0.27762059412381895], [0.13980246515294414, 0.3131000147943468, 0.2543308785949946, 0.2927666414577145], [0.20267918044111466, 0.31234342705009543, 0.17009233869034393, 0.3148850538184459], [0.25544813228218594, 0.33701701299096737, 0.12027768033682092, 0.28725717439002585], [0.4297162217719208, 0.28498696863408524, 0.1490511549589991, 0.13624565463499488], [0.290900675768437, 0.3354582690708962, 0.1522660854452991, 0.22137496971536785], [0.24410812228410744, 0.3101581407821158, 0.18590463688108436, 0.2598291000526926], [0.18105260370504267, 0.35874667539867444, 0.1381940732434012, 0.32200664765288184], [0.32582697361011326, 0.16641421266973216, 0.3143542747879067, 0.19340453893224785], [0.2013315546309169, 0.2065858492398432, 0.1905303640032605, 0.40155223212597935], [0.21527116827811543, 0.16080163522469382, 0.26625116322703685, 0.357676033270154], [0.15566589839167344, 0.35138978031872986, 0.09658083195329689, 0.39636348933629983], [0.20571315420476263, 0.3930455670615345, 0.15129975438571175, 0.24994152434799122], [0.1303106584788965, 0.3587071693151396, 0.2512842321022008, 0.25969794010376335], [0.3142594774147024, 0.3494731346464239, 0.14711172176953455, 0.1891556661693393], [0.2631163937053488, 0.24213150860666943, 0.23483152802667884, 0.259920569661303], [0.20650526530127952, 0.316053364045561, 0.16697318151040194, 0.3104681891427574], [0.12358877572833414, 0.21786278555971303, 0.47411073295397604, 0.18443770575797674], [0.20443402535850735, 0.23823062024492647, 0.24204648296445924, 0.3152888714321071], [0.12460895292411406, 0.1981017638278817, 0.3692176423720545, 0.3080716408759498], [0.31826850945908913, 0.17693469502153936, 0.181904288486339, 0.32289250703303257], [0.40488136567606503, 0.20341909943971143, 0.11232563631128265, 0.279373898572941], [0.2073391290019111, 0.2902424182670889, 0.2433782391761515, 0.2590402135548486], [0.15986031944729637, 0.4211998339351836, 0.22500894813548403, 0.19393089848203593], [0.21598498415014364, 0.2946997970794294, 0.20366087921396156, 0.28565433955646535], [0.28178833561230965, 0.27399840997673564, 0.16642227110731145, 0.2777909833036433], [0.10369369757856063, 0.301302272222923, 0.19161841158392476, 0.40338561861459166], [0.21083136728853136, 0.2915022679877973, 0.27759848344403465, 0.22006788127963667], [0.4299512255324946, 0.16666115667612325, 0.17926283581291785, 0.22412478197846425], [0.20325643858518894, 0.29424638465834557, 0.2905651994359366, 0.21193197732052899], [0.1330571942266707, 0.37744794407789606, 0.1271030119005686, 0.3623918497948646], [0.4221572770695847, 0.2333088315900635, 0.17579694917722577, 0.16873694216312607], [0.2209720970821929, 0.26909847159801376, 0.11039627348130468, 0.3995331578384887], [0.39623771780122646, 0.38610039089058323, 0.08344470885732783, 0.13421718245086242], [0.2840619343432406, 0.21517064476832276, 0.1936638885204941, 0.3071035323679424], [0.4047643098114201, 0.21379484255358494, 0.11680724603009858, 0.2646336016048963], [0.11633995462231801, 0.37762648280292255, 0.17462897589841211, 0.33140458667634737], [0.3243190357340159, 0.22925795563275272, 0.09032822561073411, 0.3560947830224974], [0.23498483638658096, 0.20006047691729648, 0.3403056635071195, 0.22464902318900318]]}, "rewritten": {"ids": ["97105580", "97107681", "97109080", "97109570", "97112830", "97116790", "97118210", "98106560", "98108370", "98108410", "98108970", "98111670", "98119591", "99107660", "99108310", "99108520", "99108890", "99109141", "99109370", "99109840", "99110730", "99111620", "99111930", "100107920", "100108260", "100109801", "100109890", "100109980", "100111080", "101108580", "101108621", "101112201", "101116130", "102110690", "102114270", "103109791", "103110220", "103111830", "103118110", "103120730", "104111711", "104112201", "104113170", "104114320", "104117200", "104117630", "104118070", "105110251", "105112100", "105112240", "105113210", "105113330", "105113620", "105115380", "105115570", "105117351", "105118171", "105119950", "105121190", "106111321", "106112770", "106114150", "106115120", "106116850", "106119260", "107112850", "107113260", "107113840", "107114950", "107115250", "107117630", "107121540", "107121700", "108114040", "108114360", "108116070", "108116501", "108117451", "108117720", "108119550", "108120060", "108120621", "108121160", "109116441", "109116810", "109116930", "109118231", "109118820", "109119340", "109119460", "109120540", "109120621", "110115120", "110116441", "110118740", "110118810", "110119891", "110120190", "110120540", "110120560", "111114321", "111116040", "111116100", "111116170", "111117200", "111117571", "111118301", "111119580", "111119610", "111120280", "112116850", "112117210", "112117431", "112117461", "112117780", "112117790", "112118421", "112118511", "112118620", "112118820", "112118890", "112119120", "112119450", "112119580", "112120540", "112120630", "112120640", "112120700", "112121030", "113118511", "113118870", "113119300", "113119320", "113119360", "113120280", "113120601", "113120751", "113121410", "113121950", "113122150", "113122180", "113122320"], "labels": [1, 3, 2, 0, 2, 2, 2, 1, 1, 1, 3, 1, 1, 3, 2, 2, 0, 3, 1, 2, 3, 3, 1, 0, 3, 0, 3, 1, 0, 0, 0, 0, 2, 0, 3, 3, 2, 3, 2, 1, 1, 0, 3, 2, 3, 0, 2, 0, 1, 1, 3, 3, 0, 1, 0, 0, 3, 3, 2, 0, 1, 1, 1, 3, 1, 1, 0, 3, 3, 2, 0, 2, 3, 0, 1, 1, 0, 2, 1, 1, 1, 1, 2, 3, 3, 0, 1, 3, 3, 1, 1, 1, 0, 3, 3, 1, 3, 3, 1, 0, 1, 0, 3, 0, 0, 3, 3, 3, 2, 0, 0, 1, 0, 0, 0, 3, 3, 1, 3, 0, 3, 1, 3, 3, 3, 3, 0, 2, 0, 1, 0, 1, 1, 0, 0, 2, 1, 0, 3, 2, 2, 1], "predicted_labels": [3, 1, 2, 0, 3, 1, 0, 1, 0, 1, 0, 0, 0, 1, 0, 1, 2, 0, 2, 3, 3, 0, 1, 0, 1, 3, 0, 3, 1, 0, 3, 1, 1, 3, 0, 0, 0, 0, 1, 1, 1, 0, 1, 0, 1, 0, 3, 0, 3, 0, 3, 0, 1, 1, 1, 1, 1, 3, 0, 3, 0, 0, 1, 3, 0, 3, 2, 1, 0, 3, 0, 3, 1, 0, 0, 1, 1, 3, 0, 3, 0, 0, 2, 1, 0, 0, 0, 3, 0, 3, 3, 3, 3, 1, 3, 0, 3, 1, 3, 3, 3, 1, 1, 1, 0, 3, 1, 1, 3, 0, 3, 1, 3, 3, 3, 3, 3, 0, 0, 3, 0, 0, 2, 3, 3, 3, 0, 2, 0, 1, 1, 0, 0, 3, 3, 3, 3, 0, 3, 3, 1, 1], "confidence_scores": [[0.21678486880115347, 0.24936768247321972, 0.24705111541298452, 0.28679633331264237], [0.21480952146132468, 0.37376518819866, 0.1446475152186149, 0.26677777512140033], [0.2543781175114792, 0.24839078972225476, 0.2623050438464772, 0.23492604891978905], [0.3650106320227661, 0.1810536487730588, 0.1416561621718426, 0.31227955703233257], [0.2642198269192133, 0.24998655578022014, 0.1746353951509918, 0.31115822214957484], [0.2993232916042057, 0.3088147069612758, 0.1742130277866096, 0.21764897364790897], [0.44772901358409783, 0.1759204627633494, 0.14837538860664767, 0.2279751350459051], [0.25186054442371664, 0.3864991455461416, 0.15027451869735584, 0.21136579133278607], [0.3557268121680023, 0.17700228554130085, 0.1790423518174436, 0.28822855047325346], [0.19541628034284148, 0.38027825798026854, 0.13133084614572185, 0.29297461553116816], [0.5468611900393003, 0.17504077622582498, 0.09629131999297616, 0.1818067137418986], [0.5129045517970603, 0.2425998261084463, 0.0862338600690235, 0.15826176202547], [0.4995799842997119, 0.24782517294243311, 0.08014028381933734, 0.1724545589385178], [0.3173569424459681, 0.3490115233454758, 0.12653023917048808, 0.207101295038068], [0.4699465920405091, 0.25140758960321624, 0.09203325516353338, 0.18661256319274125], [0.15654360694150776, 0.3356587596610443, 0.21915200676041757, 0.28864562663703036], [0.211728045002545, 0.23293629021713008, 0.33185416849931015, 0.22348149628101494], [0.3973390108463783, 0.25133502528910484, 0.09577903808247054, 0.2555469257820462], [0.2552966020836795, 0.2396438257576123, 0.26343764697110805, 0.24162192518760023], [0.2785059369871985, 0.23641491565055742, 0.17571702267715922, 0.3093621246850848], [0.15813533734919416, 0.2523119928936783, 0.2749610460785058, 0.3145916236786217], [0.3664027195359991, 0.163215781131728, 0.22035039318276137, 0.2500311061495117], [0.30889070612948777, 0.3637493450689489, 0.09376841649828184, 0.23359153230328164], [0.6866113178434363, 0.09736123170230644, 0.09222171460505604, 0.12380573584920106], [0.2439106241197208, 0.3610265936583502, 0.09573997736028471, 0.29932280486164425], [0.19230241176446286, 0.22521668043438442, 0.09005078920978679, 0.49243011859136604], [0.32946500455450534, 0.23967715838212142, 0.16998086482082253, 0.26087697224255074], [0.27245036488544633, 0.27601079732620815, 0.1260657884936626, 0.32547304929468285], [0.24803477974567187, 0.4850880184067998, 0.09070429677040671, 0.1761729050771216], [0.43122800478433126, 0.18235628915303934, 0.10528801395659267, 0.28112769210603666], [0.2834322199284347, 0.24409619465584464, 0.1626304194922954, 0.30984116592342537], [0.2770970060665625, 0.3079195266769804, 0.13976776703168492, 0.27521570022477243], [0.20092867945348397, 0.3090577997940923, 0.19743325851166169, 0.2925802622407622], [0.19786376987339463, 0.25365053059711357, 0.08795482360389056, 0.4605308759256014], [0.3475444532707005, 0.200325826487105, 0.20915121486278118, 0.24297850537941337], [0.49247827210865425, 0.13726305977983322, 0.09269056630072772, 0.2775681018107849], [0.3555614159336439, 0.31462781305204335, 0.12577631034925224, 0.2040344606650605], [0.418387288224887, 0.14930967898701897, 0.1608717646343961, 0.271431268153698], [0.2799923483288334, 0.3797221301546711, 0.12274175178525248, 0.217543769731243], [0.21050897494503518, 0.3486062149681041, 0.1531153920408518, 0.2877694180460087], [0.28638455410329344, 0.3037058630597392, 0.1429752593588494, 0.26693432347811785], [0.5287694504209491, 0.1444602686891351, 0.10856651560204755, 0.2182037652878682], [0.2156987396174353, 0.38465602660596293, 0.16128256058686963, 0.23836267318973228], [0.5276980460315923, 0.12281904333849598, 0.08659992601049081, 0.2628829846194207], [0.2704289035715298, 0.3648920204126468, 0.15447630600298332, 0.21020277001284005], [0.34219581622732337, 0.2243582141350861, 0.23080549953503046, 0.20264047010255995], [0.24211607226763276, 0.2405492870632907, 0.18556432653056515, 0.3317703141385113], [0.3382291682286091, 0.31165538612696, 0.09645643977813598, 0.25365900586629486], [0.26910087904449254, 0.27835048216615277, 0.14150287207396423, 0.31104576671539047], [0.4164313386335458, 0.1569753844209838, 0.201236722818332, 0.22535655412713848], [0.18198619731186247, 0.23843916748595126, 0.15474310139922728, 0.42483153380295896], [0.39018696782461526, 0.2270682274922369, 0.10561616731990418, 0.27712863736324367], [0.2717445172203297, 0.2874534936144512, 0.17446763012877195, 0.2663343590364469], [0.29115406689584317, 0.3069907560138506, 0.15911993884901, 0.24273523824129623], [0.16623289225450308, 0.3180108360551995, 0.27967703273814276, 0.2360792389521549], [0.18468671893271996, 0.44406068730465237, 0.10243857748856712, 0.26881401627406054], [0.2112502997806591, 0.4513592241405524, 0.0928163580067543, 0.24457411807203436], [0.2138325488162187, 0.23918572643407185, 0.18934923098563336, 0.3576324937640761], [0.29689794363650657, 0.18077456008644038, 0.269197621429717, 0.25312987484733607], [0.22466765089181062, 0.3197516379445134, 0.12523301187820277, 0.3303476992854731], [0.31664140195599116, 0.30982130523039586, 0.10662499489297197, 0.26691229792064103], [0.4255157769935372, 0.19727458173982787, 0.16657153235732006, 0.210638108909315], [0.15236183453311097, 0.35074568589724037, 0.15888345073244206, 0.33800902883720657], [0.26839548744769726, 0.25699016412418507, 0.1824045920337427, 0.29220975639437496], [0.5198223547615484, 0.1600530745352719, 0.18374116416247294, 0.13638340654070702], [0.21728402493343044, 0.2802601101450813, 0.13176348859648437, 0.370692376325004], [0.15273413257906715, 0.20517280631467452, 0.4499439551386765, 0.1921491059675819], [0.21921128400778864, 0.35134619452134325, 0.15541719532079346, 0.27402532615007474], [0.3811535140426753, 0.17287830783422875, 0.24432887934921016, 0.2016392987738859], [0.20017450412234514, 0.3116520290774196, 0.1291053731604905, 0.35906809363974485], [0.5693264748998581, 0.13637597317659797, 0.10816534765929336, 0.18613220426425056], [0.25187421912305524, 0.22642509691183138, 0.16166379833789576, 0.3600368856272178], [0.16125829932669233, 0.5129599494262955, 0.14365843723144067, 0.18212331401557164], [0.3707822411527915, 0.20406776776565744, 0.16268979596148564, 0.2624601951200653], [0.4243475224339417, 0.1831901457952548, 0.18172775163958316, 0.21073458013122043], [0.26296041828099986, 0.3652895194889284, 0.14510638417531527, 0.22664367805475655], [0.28419591100665903, 0.30406455432542845, 0.12697328698954885, 0.28476624767836384], [0.2428334057330494, 0.2081519436419148, 0.0949486511656483, 0.4540659994593875], [0.39685762928232166, 0.16415629097103393, 0.1289166612527951, 0.31006941849384934], [0.23080664037032994, 0.22410806213596035, 0.23979085397813027, 0.30529444351557944], [0.4171160787534553, 0.1792042224217916, 0.1571297489599692, 0.246549949864784], [0.3481714444026546, 0.26227726330095497, 0.11952505501007508, 0.27002623728631525], [0.21698894918914002, 0.23959677895709255, 0.3249078839519995, 0.21850638790176805], [0.1873837181206546, 0.3815852746814939, 0.11495525426081572, 0.31607575293703577], [0.45088546755631276, 0.2147693222639369, 0.09004967879016944, 0.24429553138958088], [0.3598356705342086, 0.27089264083683523, 0.12654756561725905, 0.24272412301169713], [0.5430717649369926, 0.23497382651952525, 0.07200458846730776, 0.14994982007617447], [0.2512077544978989, 0.23821188318163583, 0.1977122269462146, 0.3128681353742507], [0.3490458370909783, 0.23265443956377857, 0.1752641933307577, 0.24303553001448552], [0.23738076019055906, 0.2934928436983938, 0.15385838589286935, 0.3152680102181777], [0.2094420193667989, 0.18582499198310207, 0.2538756148654958, 0.3508573737846033], [0.23664268482639098, 0.24373317213703408, 0.14603306739734778, 0.3735910756392273], [0.23190692080691377, 0.29523424837555384, 0.1412675881980718, 0.33159124261946055], [0.3491766930736991, 0.3698967607508504, 0.07821078463480872, 0.2027157615406417], [0.2939166133334476, 0.23398761465858095, 0.09497615919299486, 0.37711961281497663], [0.4731002984844314, 0.13534748153028034, 0.15095379437465914, 0.24059842561062916], [0.1596013436096177, 0.3012317649845522, 0.08655824929107601, 0.45260864211475416], [0.28977351635663023, 0.360778374758268, 0.10976471021505581, 0.23968339867004615], [0.2883281976967269, 0.1942017800141279, 0.2224588703687028, 0.29501115192044236], [0.23426273881399437, 0.29041806859222863, 0.1670409007199604, 0.3082782918738167], [0.21989738068999748, 0.27148370131548233, 0.12620407607527595, 0.38241484191924424], [0.13336339276792578, 0.39494742645140096, 0.11266267913387705, 0.3590265016467962], [0.21108234822690156, 0.39488210129152856, 0.08293733184800822, 0.3110982186335617], [0.29490876386031345, 0.3412560566208485, 0.10174852790860005, 0.2620866516102378], [0.38290500447885795, 0.2397750351323008, 0.09793651777282203, 0.27938344261601933], [0.22929076425727238, 0.3035113079137695, 0.12132417450608358, 0.3458737533228745], [0.17835369514832733, 0.5175570205271174, 0.08802222399994214, 0.2160670603246132], [0.17665632984156926, 0.35800807706905613, 0.13835933122245628, 0.32697626186691825], [0.21649139369981754, 0.2652458177721745, 0.11570541933994477, 0.4025573691880634], [0.3892672252459134, 0.2051645038475165, 0.09671341162767393, 0.3088548592788963], [0.3239896725262668, 0.15562718176248724, 0.10341043048590667, 0.4169727152253393], [0.2861484393792934, 0.2868315598678961, 0.14875474369658534, 0.278265257056225], [0.2787013133088407, 0.2665626611723061, 0.11404516966522864, 0.3406908558536247], [0.22667046112670133, 0.3026099345287709, 0.12819713530586152, 0.34252246903866607], [0.20942493967321885, 0.272451476577163, 0.10895205135888958, 0.40917153239072873], [0.29825752017106644, 0.19585553252274446, 0.14207174477517873, 0.3638152025310106], [0.2430545605704021, 0.274930672720019, 0.14910793258798957, 0.33290683412158945], [0.5116681137984066, 0.1832412446131886, 0.09643096568091993, 0.208659675907485], [0.3770570806934334, 0.22742613247689178, 0.09906269317045878, 0.296454093659216], [0.2835082485450309, 0.2600655791120328, 0.1157924479364432, 0.34063372440649325], [0.3569964223765846, 0.1712448606742466, 0.15538901579299894, 0.3163697011561701], [0.31348562941805336, 0.24206238765395255, 0.1485399784730761, 0.29591200445491805], [0.17704712194137412, 0.19117363567919912, 0.41540201400297777, 0.21637722837644904], [0.21079791005652723, 0.23272617116512426, 0.18425475350548573, 0.37222116527286286], [0.2039583822859338, 0.21889449132417407, 0.2088903407699456, 0.36825678561994674], [0.2950674690221802, 0.15271836914814926, 0.10139115010494781, 0.4508230117247228], [0.27524545758740143, 0.22532752212772791, 0.27404670440407697, 0.22538031588079388], [0.23274136635689088, 0.20884907902909383, 0.3114434578183914, 0.24696609679562392], [0.3547377994330821, 0.2317769703841416, 0.17111890214105227, 0.242366328041724], [0.18905010910330797, 0.48054797451787257, 0.10275262083760532, 0.22764929554121427], [0.2911544019847665, 0.32305679896253797, 0.13250983793401253, 0.2532789611186831], [0.37980342934304573, 0.20619211725485975, 0.10209786172431315, 0.31190659167778145], [0.3307329165781984, 0.28787625979286174, 0.10492088466115441, 0.27646993896778543], [0.2354155421674538, 0.1958834799718796, 0.13993809147693093, 0.42876288638373566], [0.28295012416126436, 0.26496939832951255, 0.12123377987874313, 0.3308466976304801], [0.1644608395805348, 0.3353967876615145, 0.16055921289232725, 0.3395831598656233], [0.22198460169248072, 0.2559829871230044, 0.1886145112058108, 0.3334178999787043], [0.42645977214887454, 0.16976717004079886, 0.10202444067692754, 0.30174861713339907], [0.25133567128426254, 0.2818065531448247, 0.11814141993235897, 0.34871635563855397], [0.15002350189393213, 0.2652598574118019, 0.1712111607571987, 0.4135054799370672], [0.20994298007195408, 0.40592723847115053, 0.07953704544978187, 0.30459273600711356], [0.19584675451782643, 0.3659331789123858, 0.11606711546914605, 0.3221529511006417]]}}