{"test": {"ids": ["110118630", "109117080", "111116750", "99108580", "108115570", "112117461", "104117200", "99111620", "112121030", "105121370", "97116500", "113122430", "106116640", "111119930", "108117720", "113119360", "111119250", "101112201", "98113881", "106119580", "108118810", "99107630", "111120220", "113118490", "112119580", "101110200", "98106680", "103109021", "104113210", "108115880", "98106560", "113122220", "97116790", "107112850", "107117010", "97118210", "101119591", "109113591", "104113550", "101114020", "108114360", "113119700", "107120130", "108117451", "101119030", "112121430", "110114920", "98110230", "111120190", "111114321", "99109311", "108118291", "104110960", "103113260", "99116500", "101111990", "110118740", "113121950", "99105921", "109114270", "100109910", "112117471", "103120531", "113122230", "113121010", "102112301", "111119610", "105111990", "110114950", "100113370", "111114171", "101116130", "108114180", "113121750", "106114280", "98111860", "110116170", "104112201", "110115890", "110114561", "111119290", "110117080", "105115250", "103110840", "106118820", "113120640", "98120530", "113118231", "109113931", "105119550", "112116880", "106114011", "107114780", "109120621", "111118820", "102110690", "109120540", "110113591", "98110810", "112118820", "109121640", "111116100", "112117030", "99117740", "104119290", "106116370", "105116441", "104111990", "111115400", "104114320", "107112840", "107113170", "108121190", "112118550", "98110710", "97106591", "101117580", "105117431", "104114740", "102111990", "102110240", "111121351", "110120531", "102109850", "107120880", "102110890", "109117630", "97105960", "113120830", "112117780", "101112690", "112121010", "108114040", "113119480", "110117500", "105113260", "110118121", "99110730", "102117351", "105115900", "112117660", "111120280"], "labels": [1, 1, 3, 0, 3, 0, 3, 3, 0, 2, 2, 2, 3, 1, 1, 0, 1, 0, 3, 3, 1, 2, 3, 1, 3, 2, 1, 0, 3, 3, 1, 1, 2, 1, 1, 2, 0, 3, 1, 3, 1, 0, 2, 2, 3, 2, 3, 3, 3, 1, 1, 3, 2, 3, 2, 2, 3, 3, 1, 3, 2, 3, 3, 1, 2, 1, 2, 2, 0, 3, 3, 2, 1, 0, 3, 0, 0, 0, 2, 0, 3, 1, 2, 1, 3, 0, 1, 3, 1, 1, 0, 1, 2, 1, 0, 0, 1, 0, 1, 0, 0, 3, 2, 2, 1, 2, 1, 2, 0, 2, 1, 0, 1, 3, 2, 1, 3, 1, 2, 2, 3, 0, 0, 1, 1, 0, 0, 2, 3, 0, 1, 2, 0, 3, 1, 3, 3, 3, 1, 3, 0, 0], "predicted_labels": [2, 1, 0, 0, 3, 3, 1, 1, 0, 1, 1, 1, 0, 3, 3, 3, 0, 0, 1, 1, 1, 3, 0, 3, 0, 1, 1, 0, 3, 0, 2, 1, 0, 1, 1, 0, 3, 0, 0, 3, 0, 1, 1, 3, 3, 3, 0, 1, 3, 3, 1, 1, 1, 1, 2, 0, 0, 3, 1, 3, 3, 0, 1, 2, 1, 3, 0, 3, 3, 3, 3, 1, 1, 0, 3, 2, 0, 0, 0, 1, 3, 3, 1, 1, 1, 0, 1, 1, 0, 1, 1, 1, 1, 3, 0, 0, 1, 0, 1, 0, 0, 1, 1, 0, 3, 0, 1, 1, 1, 0, 1, 3, 1, 3, 2, 2, 3, 2, 2, 0, 0, 0, 0, 2, 3, 0, 0, 0, 2, 3, 3, 1, 1, 0, 0, 1, 1, 2, 1, 3, 3, 1], "confidence_scores": [[0.11873131488977177, 0.017080968436659585, 0.7493367143048968, 0.11485100236867186], [3.529612596846545e-05, 0.998123877754037, 0.0010428543640108644, 0.0007979717559836682], [0.957875939535697, 0.0005469145893670178, 0.006547824279340911, 0.03502932159559508], [0.7423553191063682, 0.1427162471149248, 0.09917995447974222, 0.01574847929896477], [0.0020137029499777896, 0.036117059291296834, 0.036406387911175786, 0.9254628498475496], [0.16701781410610658, 0.09901188895924946, 0.0019088559286394844, 0.7320614410060045], [0.010370510073570394, 0.9199387155590137, 0.005032307301569446, 0.06465846706584626], [0.031472973193758524, 0.9636845142946247, 0.004718647233885998, 0.0001238652777308404], [0.7209467961437876, 0.000641919658078266, 0.016640511450741836, 0.26177077274739224], [4.395628803862272e-05, 0.9843151774481265, 0.0004561218897097061, 0.015184744374125004], [0.01222132448189979, 0.8436135709868273, 0.03116921016982706, 0.1129958943614458], [0.0009852445909561704, 0.9220973797946181, 0.005222594018167643, 0.07169478159625799], [0.4767770009173314, 0.05953012082074285, 0.0041602824273501765, 0.45953259583457556], [0.06912595776220969, 0.05539702806770724, 0.05314929487640101, 0.822327719293682], [0.014575123464278644, 0.08526327016909126, 0.03721151080853172, 0.8629500955580984], [0.01838870930206982, 0.0022037743569967563, 0.008130425792447831, 0.9712770905484855], [0.7960909293207495, 0.018440014909970086, 0.002072024354169549, 0.18339703141511077], [0.9140794318037018, 0.05879865267794934, 0.0039954844542391555, 0.02312643106410963], [0.0633116790876896, 0.44955917360587944, 0.03988621208709055, 0.4472429352193404], [0.001326981369037362, 0.9909345080414839, 0.006067143151121937, 0.0016713674383566671], [0.0013158799404468925, 0.8199736987525373, 0.004863927335494832, 0.17384649397152072], [0.03073489076468366, 0.12605444344109387, 0.017468935614643712, 0.8257417301795789], [0.8578088065925307, 0.11004956745703623, 0.008813758573865627, 0.0233278673765676], [0.0003577318488053275, 0.0001268790485563221, 0.00012262833162560404, 0.9993927607710127], [0.9842554068035656, 7.556928718046542e-05, 0.0005653297207239142, 0.015103694188529863], [0.01511223906795918, 0.8967107363841398, 0.005004374183243179, 0.08317265036465793], [0.06144044219295001, 0.8010332760569223, 0.10704727802874281, 0.030479003721384876], [0.9745088574710722, 0.004295141354390593, 0.019515951038498132, 0.0016800501360390732], [0.3594831488526505, 0.01298106505421422, 0.001070239520580015, 0.6264655465725553], [0.6008199332400042, 0.021589247904462473, 0.0077243005372594035, 0.369866518318274], [0.011107492111056935, 0.002615797095321195, 0.698194968314378, 0.2880817424792438], [0.05968339566998364, 0.9369858152531472, 0.001069363514985655, 0.002261425561883575], [0.46934824240538686, 0.41333478850742505, 0.06936614034587517, 0.047950828741312866], [0.05455952610449526, 0.9413524283531828, 0.0010107514311447588, 0.003077294111177013], [0.2812840044885681, 0.41067088475926466, 0.29545677083394994, 0.012588339918217414], [0.9203471059133761, 0.011166880331488164, 0.06660262419295396, 0.0018833895621819213], [0.09391137693158219, 0.059933276919228756, 0.0022358513859864664, 0.8439194947632026], [0.6339391208948698, 0.31031231251096136, 9.076996745362078e-05, 0.05565779662671528], [0.9726940722138177, 0.006409368476153956, 0.0012314719543341046, 0.019665087355694385], [0.058583855294740285, 0.29411245124692426, 0.16048435207060005, 0.4868193413877354], [0.7962987263426349, 0.01543750472131616, 0.04318363155906405, 0.14508013737698505], [0.05426431913413499, 0.8211569745092612, 0.05253797811602983, 0.072040728240574], [0.001168581284350595, 0.9963672401569097, 0.0006148801207636029, 0.0018492984379761257], [0.366708555680564, 0.04394808102825809, 0.030445736722760523, 0.5588976265684173], [0.035885815926941206, 0.08690554102635772, 0.17291747613909772, 0.7042911669076034], [0.035624648290733245, 0.053989663793353335, 0.24476730487284246, 0.665618383043071], [0.6564116062588577, 0.17686314607857997, 0.12092130620450155, 0.04580394145806058], [0.0038916148620405946, 0.9091390722589916, 0.005256146947283044, 0.08171316593168475], [0.005227896123955338, 0.1500169281092312, 0.004036918635967694, 0.8407182571308457], [0.06161661432991593, 0.39135743626595326, 0.13084332270444782, 0.4161826266996829], [0.428951681430429, 0.5572162460210046, 0.00867544224237585, 0.00515663030619056], [0.1290069048697708, 0.5750891353945836, 0.0037700796396819922, 0.29213388009596364], [0.17515135858153796, 0.39004407717387113, 0.17365143954665285, 0.261153124697938], [0.011558203322190784, 0.8427097929093169, 0.004415913281537192, 0.14131609048695515], [0.0012179645311275213, 0.3516526200138442, 0.6144951138643725, 0.03263430159065581], [0.40336643522262366, 0.08568424495828837, 0.12227407053115885, 0.388675249287929], [0.6438193278338645, 0.007704559851630683, 0.0006612395176067023, 0.34781487279689793], [0.15420210857878835, 0.2065540888182934, 0.013531036550436271, 0.6257127660524819], [0.15355626566262587, 0.7971597167572652, 0.01954617346951839, 0.029737844110590488], [0.02029046353500422, 0.008543741989908534, 1.247821634525306e-05, 0.971153316258742], [0.4249156740203175, 0.014538538632065941, 0.07908194049697781, 0.48146384685063875], [0.7316653714417316, 0.22445305640527036, 0.04221435189276763, 0.0016672202602304252], [0.013564337845296417, 0.7405413059541691, 0.016354442674453483, 0.22953991352608108], [0.0053286049896794, 0.025178039227192656, 0.9456940161539666, 0.02379933962916146], [0.004662970625900548, 0.9244763753114296, 0.037534613281575195, 0.03332604078109464], [0.008334151506994293, 0.024074385384073825, 0.004122629280463965, 0.9634688338284678], [0.5637608110084628, 0.2747945853340578, 0.0805946008549181, 0.0808500028025613], [0.02324201828726447, 0.13097205718768226, 0.13776412227481394, 0.7080218022502394], [0.4281706189917918, 0.018579817750636763, 0.004845714928639929, 0.5484038483289314], [0.03658105606499521, 0.3375219718396049, 0.0839771334671336, 0.5419198386282662], [0.13871558304659493, 0.08879235236286413, 0.12322560087808168, 0.6492664637124593], [0.0540591242133678, 0.7388944535168231, 0.12069697722359829, 0.08634944504621078], [0.02234700469254042, 0.667157939604486, 0.002654683399304248, 0.30784037230366923], [0.5492683394204637, 0.4218292825015787, 0.00216049774236166, 0.026741880335595953], [0.23891251916017775, 0.20508676847079427, 0.2198745361501855, 0.3361261762188425], [0.00015291113005221554, 0.0026816837706538587, 0.9961891199001155, 0.0009762851991783839], [0.5126483499008297, 0.056691707116603894, 0.00578400578234051, 0.42487593720022593], [0.723259607338635, 0.06098133141467606, 0.016131518776619065, 0.19962754247006986], [0.5220848337073427, 0.42981813380224754, 0.04421554754195009, 0.0038814849484596794], [0.06686191652163391, 0.7830530006814933, 0.10308308368999092, 0.047001999106881694], [0.04723581204054285, 0.005896129996089319, 0.00032012927265114244, 0.9465479286907167], [0.0011630355835767427, 0.08427377978840118, 0.007512616759480177, 0.907050567868542], [0.14383617011258168, 0.4759939512107309, 0.009736094462401762, 0.3704337842142857], [0.0032487823715895954, 0.9718251782702747, 0.016853195952602953, 0.008072843405532706], [0.002468080698748709, 0.9548248315562451, 0.0028097302556683045, 0.03989735748933772], [0.6958494667942707, 0.11630968533338006, 0.03485942094953484, 0.1529814269228144], [0.028659146952056756, 0.6858499565696407, 0.008102001113914676, 0.2773888953643878], [0.06266986355425935, 0.7405385471729067, 0.15639087030790708, 0.04040071896492697], [0.628020705377479, 0.1670635929186623, 0.13024565343536218, 0.07467004826849659], [0.19223061530301655, 0.7191933060512313, 0.04264238644437629, 0.0459336922013758], [0.001575175828302658, 0.998081533107224, 0.00025125575895647333, 9.20353055168739e-05], [0.27194185900342527, 0.6610966648901365, 0.034117096325225915, 0.03284437978121236], [0.0005986455656800772, 0.9697992620986983, 0.005093358806769043, 0.024508733528852616], [0.0009789921609234086, 0.002132623198129122, 0.0013791680582352576, 0.9955092165827123], [0.9101425986094043, 0.009608886523896189, 0.0015955340365109507, 0.07865298083018885], [0.7783665230235668, 0.021388810186007596, 0.017145597538674527, 0.18309906925175112], [0.017559802700491497, 0.595343746302146, 0.004768284113149871, 0.38232816688421256], [0.9874479017119351, 0.008780254098388115, 0.0009307171602413146, 0.0028411270294355965], [0.05653393509271884, 0.7305016109655232, 0.1702697921798529, 0.04269466176190506], [0.6103571309794579, 0.33047335241979897, 0.00034779555585626745, 0.058821721044886824], [0.5045791624979158, 0.3634064405260502, 0.017180379219418892, 0.11483401775661516], [0.2842166136495234, 0.6517657985490385, 0.007909557245384157, 0.05610803055605394], [0.004162289168678759, 0.7405762889331307, 0.18845251642743538, 0.06680890547075537], [0.9344095786988021, 0.034362577077918434, 0.01941069613197003, 0.011817148091309298], [0.0928331497697221, 0.2933327418486433, 0.02042968145940307, 0.5934044269222316], [0.8241216954885875, 0.06962651040694226, 0.032833259792767605, 0.07341853431170266], [0.2238770631185604, 0.5482444320903733, 0.006009933634864857, 0.22186857115620137], [0.014234794746044319, 0.9714532202302528, 0.010086868570053241, 0.00422511645364961], [0.16194534561281587, 0.6768190346909273, 0.020518172852991873, 0.14071744684326484], [0.7168640715989775, 0.24493758402477953, 0.03763906426673027, 0.0005592801095125824], [8.252914026653665e-05, 0.9995302079251334, 0.0003737804935992811, 1.3482441000989975e-05], [0.09253340997855192, 0.008420752842258322, 0.017930619560355854, 0.8811152176188338], [0.0019875463003498376, 0.5375016150250834, 0.051459660950774665, 0.40905117772379207], [0.3612731893661088, 0.23096306170653477, 0.005982171497316808, 0.4017815774300397], [0.00010030727495269294, 0.008441058644136997, 0.9282706072333374, 0.06318802684757299], [0.26288517218286145, 0.20887384585284696, 0.521456658156569, 0.006784323807722573], [0.032917081122123944, 0.010087212238783515, 0.000914687840472153, 0.9560810187986204], [0.2375890137106938, 0.2292353472000414, 0.4424157503881258, 0.0907598887011389], [0.006338486902461217, 0.176480829093506, 0.4380405294486031, 0.37914015455542965], [0.6430344313041989, 0.06609385404156573, 0.2660624016269868, 0.02480931302724857], [0.9045280623462433, 0.09155023945094197, 0.001399290893784596, 0.0025224073090300645], [0.8063077894093896, 0.1592144648342962, 0.0001809017834644638, 0.034296843972849794], [0.9209037947712448, 0.07616229504733746, 0.0008006324628519899, 0.0021332777185654964], [0.0009050390346696687, 0.001516545625186496, 0.9443428657843458, 0.05323554955579794], [0.00037064920970120374, 0.059102626658010714, 0.10358034815226848, 0.8369463759800195], [0.7572215879880321, 0.002225243602158621, 0.007833921354079055, 0.23271924705573022], [0.7152506863175774, 0.009049097649094501, 0.000293753105202816, 0.27540646292812515], [0.4833263935898159, 0.0036356704021006264, 0.1739989386813286, 0.3390389973267549], [0.10035949237061152, 0.14347118949177035, 0.459038952103183, 0.29713036603443505], [0.04561151988231838, 0.03360938840429504, 0.00031162183100317235, 0.9204674698823834], [0.05869915581939558, 0.00039855603079203504, 0.004244312866422722, 0.9366579752833898], [0.21171610533433932, 0.630526614329065, 0.09438874816262616, 0.06336853217396946], [0.26233280859312136, 0.2919404931151191, 0.20086779533354127, 0.2448589029582183], [0.9722274026528475, 0.012360483623996164, 0.001594053961593207, 0.013818059761563048], [0.9340567261817367, 0.054876338332929826, 0.001995956405624383, 0.009070979079709149], [0.04552997809844261, 0.5002227030454621, 0.04226731138428649, 0.4119800074718088], [0.0014303231445199488, 0.5445794416852396, 0.0009476406104326607, 0.4530425945598077], [0.001993360997896258, 0.0026916941742250408, 0.9845983724919051, 0.010716572335973791], [0.02252619589535372, 0.9512328655506124, 0.0036843075931618607, 0.0225566309608721], [0.07591805983263653, 0.17141342195956444, 0.0041328231484833635, 0.7485356950593156], [0.1545577444531152, 0.1348757289653258, 0.00714754782592612, 0.7034189787556329], [0.12353269428248066, 0.4653010645846325, 0.0010740084124125418, 0.41009223272047424]]}, "rewritten": {"ids": ["97105960", "97106591", "97116500", "97116790", "97118210", "98106560", "98106680", "98110230", "98110710", "98110810", "98111860", "98113881", "98120530", "99105921", "99107630", "99108580", "99109311", "99110730", "99111620", "99116500", "99117740", "100109910", "100113370", "101110200", "101111990", "101112201", "101112690", "101114020", "101116130", "101117580", "101119030", "101119591", "102109850", "102110240", "102110690", "102110890", "102111990", "102112301", "102117351", "103109021", "103110840", "103113260", "103120531", "104110960", "104111990", "104112201", "104113210", "104113550", "104114320", "104114740", "104117200", "104119290", "105111990", "105113260", "105115250", "105115900", "105116441", "105117431", "105119550", "105121370", "106114011", "106114280", "106116370", "106116640", "106118820", "106119580", "107112840", "107112850", "107113170", "107114780", "107117010", "107120130", "107120880", "108114040", "108114180", "108114360", "108115570", "108115880", "108117451", "108117720", "108118291", "108118810", "108121190", "109113591", "109113931", "109114270", "109117080", "109117630", "109120540", "109120621", "109121640", "110113591", "110114561", "110114920", "110114950", "110115890", "110116170", "110117080", "110117500", "110118121", "110118630", "110118740", "110120531", "111114171", "111114321", "111115400", "111116100", "111116750", "111118820", "111119250", "111119290", "111119610", "111119930", "111120190", "111120220", "111120280", "111121351", "112116880", "112117030", "112117461", "112117471", "112117660", "112117780", "112118550", "112118820", "112119580", "112121010", "112121030", "112121430", "113118231", "113118490", "113119360", "113119480", "113119700", "113120640", "113120830", "113121010", "113121750", "113121950", "113122220", "113122230", "113122430"], "labels": [2, 1, 2, 2, 2, 1, 1, 3, 2, 1, 0, 3, 1, 1, 2, 0, 1, 3, 3, 2, 2, 2, 3, 2, 2, 0, 1, 3, 2, 3, 3, 0, 1, 3, 0, 0, 2, 1, 1, 0, 1, 3, 3, 2, 2, 0, 3, 1, 2, 2, 3, 1, 2, 3, 2, 3, 1, 1, 1, 2, 1, 3, 2, 3, 3, 3, 1, 1, 0, 2, 1, 2, 1, 0, 1, 1, 3, 3, 2, 1, 3, 1, 1, 3, 1, 3, 1, 0, 1, 1, 0, 0, 0, 3, 0, 2, 0, 1, 1, 3, 1, 3, 0, 3, 1, 0, 3, 3, 0, 1, 3, 2, 1, 3, 3, 0, 0, 0, 2, 0, 3, 0, 0, 3, 0, 3, 2, 0, 2, 3, 1, 0, 3, 0, 0, 3, 2, 0, 3, 1, 1, 2], "predicted_labels": [0, 0, 0, 0, 0, 0, 1, 1, 1, 2, 0, 0, 1, 0, 0, 2, 0, 2, 0, 2, 1, 0, 0, 3, 0, 0, 3, 2, 0, 3, 0, 0, 0, 1, 0, 0, 0, 0, 1, 0, 1, 1, 0, 0, 1, 0, 0, 0, 0, 0, 1, 0, 1, 1, 1, 0, 0, 1, 0, 0, 0, 0, 3, 0, 0, 0, 0, 0, 2, 1, 0, 0, 0, 0, 1, 0, 3, 0, 0, 0, 0, 1, 0, 1, 1, 0, 0, 0, 0, 0, 0, 0, 0, 1, 0, 0, 0, 0, 0, 3, 3, 0, 0, 0, 0, 0, 0, 0, 0, 0, 0, 0, 3, 2, 0, 0, 0, 0, 0, 0, 0, 0, 0, 0, 0, 0, 0, 0, 3, 0, 0, 3, 0, 1, 0, 0, 3, 1, 0, 1, 0, 1], "confidence_scores": [[0.9042238991259816, 0.05630359747968976, 0.006205694960653774, 0.033266808433674945], [0.6254089663164177, 0.3356561031849102, 0.036900128178018375, 0.0020348023206535008], [0.45164741924606866, 0.42068168661733973, 0.07735304258875463, 0.05031785154783694], [0.6375410593251383, 0.35470266525867494, 0.006751360354411986, 0.0010049150617747085], [0.7965182676858297, 0.0056905578349078145, 0.009000322723570046, 0.18879085175569257], [0.7788635078551986, 0.03878073811820222, 0.01927707258175558, 0.16307868144484358], [0.38993675109887177, 0.4780194954650631, 0.13003512417755853, 0.0020086292585065908], [0.010855748923383266, 0.9482810651467422, 0.00014500678013946395, 0.04071817914973492], [0.20836643798444518, 0.45200134336644565, 0.10749951143217479, 0.2321327072169344], [0.020842341199280204, 0.02081592027738053, 0.958298667767863, 4.30707554761834e-05], [0.6513375401931596, 0.10323579467394636, 0.24430991564235668, 0.0011167494905371552], [0.9894908249680595, 0.004594287486386097, 0.001197577306105529, 0.004717310239448863], [0.2875349961584534, 0.598099652730865, 0.0014201316471777919, 0.11294521946350387], [0.9341761185968017, 0.05970428604504825, 0.0046418632667493895, 0.0014777320914007648], [0.38979658906715325, 0.24676476001768954, 0.010168220964084682, 0.35327042995107244], [0.24829226399996293, 0.014265205962847421, 0.736525592983654, 0.0009169370535356556], [0.9903315884193102, 0.008468265747491736, 0.0002551325704653182, 0.0009450132627329289], [0.04683500820196331, 0.04552513597364494, 0.9061050204794419, 0.0015348353449497424], [0.9482383731469304, 0.005521667641117051, 0.04614355592604679, 9.640328590588702e-05], [0.13341372321559297, 0.03487341024401986, 0.8286343932206781, 0.0030784733197090127], [0.08055504830771087, 0.9051737701717677, 0.001851075816208209, 0.012420105704313325], [0.933681310147775, 0.03439324533647872, 0.02481992435847086, 0.007105520157275449], [0.9851871474014887, 0.0035583162931778177, 0.0010178127257330191, 0.010236723579600537], [0.34314165467807206, 0.0035471702081946344, 0.013989173210887964, 0.6393220019028454], [0.759238196963769, 0.024454698574555896, 0.023787249881342547, 0.1925198545803326], [0.9964315832090732, 0.0012746795713740433, 3.248987787898166e-05, 0.0022612473416738117], [0.20184706451408696, 0.0994773000582623, 0.09620655901885801, 0.6024690764087927], [0.3186227323068258, 0.05704737628180076, 0.3448725005726667, 0.27945739083870674], [0.9796623553386663, 0.01498946794043796, 0.0034356082246457197, 0.0019125684962501756], [0.02684900253080449, 0.01685138403722876, 0.004657840924967691, 0.951641772506999], [0.8378613374506959, 0.12614549718505486, 0.022900453363832902, 0.013092712000416356], [0.7978557061946463, 0.033724185095130754, 0.0011103530486834996, 0.16730975566153938], [0.9540949766454317, 0.030340550292806794, 0.009966420665864865, 0.0055980523958964], [0.30510797099424386, 0.666419661346172, 0.021965435981699564, 0.006506931677884594], [0.9880705315022309, 0.002176078063207327, 0.00015937646563666592, 0.009594013968925315], [0.9909144048702044, 0.0006244386180607244, 0.002152598484154423, 0.006308558027580361], [0.8875567349525736, 0.06957260866425174, 0.00560207551792356, 0.03726858086525103], [0.8567409167623407, 0.04636580071612872, 4.3149437781056174e-05, 0.09685013308374961], [0.2802232183106489, 0.7193361447040226, 2.115706630498363e-05, 0.00041947991902341266], [0.9997215220297065, 5.5305879634326424e-05, 0.0002225908886394902, 5.812020196626298e-07], [0.22234613121898686, 0.7709429766847867, 0.0007634730088972566, 0.005947419087329192], [0.024214193517561166, 0.9715437751108325, 0.0023024956858610727, 0.0019395356857451463], [0.9347539707159418, 0.020299256141920054, 0.002146121788351618, 0.04280065135378655], [0.5467320996827305, 0.4299576100315819, 0.013359213315468695, 0.009951076970218875], [0.10073264907630412, 0.7784234450947604, 0.08580774389208422, 0.03503616193685116], [0.897929480515687, 0.0010111431425704528, 0.00010107884358019921, 0.10095829749816239], [0.8566634088139975, 0.06999222983996856, 0.011156814933578812, 0.062187546412455004], [0.9833138055305546, 0.0024016124178138426, 0.0006910520042538596, 0.01359353004737775], [0.5238587297632595, 0.2055760667730057, 0.0073291501293270955, 0.2632360533344077], [0.9165998636792154, 0.01139483794721041, 0.06985654221056971, 0.002148756163004329], [0.044623478106995906, 0.9075179791399257, 0.035005632959069694, 0.012852909794008603], [0.9933876724557874, 0.00295912221897133, 0.0002750292586448504, 0.0033781760665965305], [0.060521532784177275, 0.6457171081424155, 0.005558224294155879, 0.2882031347792514], [0.15779751470239875, 0.8412280454071109, 0.0008824728689696445, 9.19670215207986e-05], [0.007389711085546238, 0.8985268838076684, 0.0017707616421454282, 0.09231264346464], [0.9739013996572645, 0.0009532359798334984, 0.024013731244935742, 0.0011316331179660854], [0.5183785862305066, 0.4685063485433636, 0.011380193586691309, 0.0017348716394384608], [0.2972373535994381, 0.6628949513937303, 0.004903365858927439, 0.03496432914790409], [0.931838765626091, 0.06598565064445584, 0.000503500059496383, 0.0016720836699566756], [0.6887100182213507, 0.27053750541886185, 0.014666602792559652, 0.026085873567227778], [0.45770742228545247, 0.3482788011448001, 0.003637265318141567, 0.19037651125160576], [0.9705517184623671, 0.014828444873904499, 0.01116564747584516, 0.003454189187883198], [0.15805921179098253, 0.00633286278570263, 0.01639468457475259, 0.8192132408485623], [0.9380277853632967, 0.04828114279088389, 2.5476201800142136e-05, 0.013665595644019552], [0.9536410990779584, 0.0455348148660473, 0.0003364522558094719, 0.0004876338001848001], [0.9273773106809029, 0.06847792217831464, 0.0026919477590206637, 0.0014528193817618504], [0.9276164162620611, 0.02452439955577109, 0.024238208863984347, 0.023620975318183496], [0.7745055945091514, 0.22535757331684195, 6.199344032726604e-05, 7.483873367950496e-05], [0.15505511017640664, 0.028942019056039225, 0.5534315389800196, 0.26257133178753456], [0.11914884747754376, 0.497699080020357, 0.13478597824339028, 0.2483660942587089], [0.8654867844458599, 0.1341375568082891, 0.00020204255826172462, 0.00017361618758929173], [0.8870865277857318, 0.09304673391347565, 0.014432280330298086, 0.00543445797049454], [0.9995621196988121, 0.0003076527502912274, 4.039069033919192e-05, 8.983686055737015e-05], [0.8310920989986705, 0.015125165589411186, 0.10886834718578392, 0.04491438822613436], [0.15461474278721124, 0.8452073299319954, 0.0001720869834424919, 5.840297350855523e-06], [0.9368002015327568, 0.06080921768310265, 0.0021082034744874956, 0.0002823773096531195], [0.025885869281522166, 0.029635451266686333, 0.0603855665558749, 0.8840931128959165], [0.9950355375208279, 0.0016037584816708144, 0.00311722441782443, 0.00024347957967698876], [0.38468709692808734, 0.05729148483872362, 0.382040895193493, 0.17598052303969602], [0.5186843061765982, 0.08640896498853029, 0.0038715350298744048, 0.3910351938049972], [0.7225193842894356, 0.2448723691152705, 1.3328751533232846e-05, 0.03259491784376069], [0.0427658020822533, 0.9550053912385466, 0.00027805726974680525, 0.001950749409453382], [0.6414841951341279, 0.26598886059961524, 0.004935234700617161, 0.08759170956563979], [0.3919451002107417, 0.5957308278484371, 0.0006003575158947515, 0.011723714424926538], [0.1952232458124094, 0.5252489928865093, 0.23925699611806003, 0.04027076518302131], [0.8994284014797344, 0.046042404223174946, 0.0003445582480434528, 0.0541846360490473], [0.9737856509866808, 0.02452958766309834, 0.0008194233802103432, 0.0008653379700107232], [0.9596414598363742, 0.0354076449266979, 0.0011454464945672978, 0.0038054487423607435], [0.5431642280801987, 0.2966476380094009, 0.0026619907355146543, 0.1575261431748857], [0.7774279884532704, 0.00012390920696025903, 2.9274001756732273e-05, 0.22241882833801263], [0.8330420025567873, 0.15225594907944043, 0.00021495430489023776, 0.014487094058882004], [0.6506331554670094, 0.27959041538189694, 0.004117476969469432, 0.06565895218162414], [0.9526898367348284, 0.023244848795947685, 0.004720222558938501, 0.019345091910285276], [0.22610210116545207, 0.6722953044339236, 0.05096959313996459, 0.050633001260659755], [0.9959662522426884, 9.80130515380413e-06, 1.399675108387083e-06, 0.004022546777049382], [0.9990520843469214, 4.333147390038049e-05, 0.0002696244796203778, 0.000634959699557919], [0.8438891799530993, 0.04699730887510792, 0.00023784700917066405, 0.10887566416262208], [0.8442597360749698, 0.0014627495784388506, 0.005297787348165849, 0.1489797269984253], [0.41195872165311886, 0.09682678097255346, 0.1527284669241398, 0.3384860304501879], [0.11421672774516337, 0.2816898970436901, 0.010997986336885205, 0.5930953888742614], [0.029415894909733745, 0.12016564649857225, 0.25203838818218105, 0.5983800704095129], [0.9977707180304932, 0.0012364556715451546, 4.842338851176221e-05, 0.0009444029094498008], [0.9828845530465514, 0.005504554858662711, 0.0021614429089046997, 0.00944944918588117], [0.9994028180356763, 0.0005703369107082249, 1.89864804373796e-05, 7.858573178034688e-06], [0.748924148661497, 0.16134264849989022, 0.08224492656956253, 0.007488276269050146], [0.997339459940408, 0.00031561671386172197, 0.0003336649606010612, 0.002011258385129223], [0.9494389377228127, 0.041235507056191736, 0.0004878770356081201, 0.008837678185387518], [0.9989192301638466, 0.0004655039386093694, 0.0001876276403826748, 0.00042763825716136034], [0.9686445711920034, 0.029348747245389866, 9.268969210328729e-05, 0.0019139918705033906], [0.9794322817952341, 0.003985309428344594, 0.0029100951642801473, 0.013672313612141128], [0.8834421501940719, 0.043445711461766484, 0.0657642416247655, 0.007347896719396256], [0.9868176267278472, 0.004675197729019655, 0.0006163522155005134, 0.007890823327632811], [0.12327990638045534, 0.41004202905353093, 0.019402674549329785, 0.44727539001668376], [0.2631313933311551, 0.01089942446618859, 0.721946103730822, 0.004023078471834272], [0.9963715971831493, 0.002841497082870342, 0.0007828893830990064, 4.016350881409805e-06], [0.49576802298338074, 0.15965613810257354, 0.00014420815990098652, 0.34443163075414485], [0.506948023556796, 0.4920911015373691, 0.0006797787996947731, 0.00028109610614006586], [0.9923542084222186, 0.007345268909896847, 0.00021972866253812932, 8.079400534652375e-05], [0.9970709659046232, 0.0026860219028170657, 5.840584289934859e-05, 0.00018460634966050988], [0.9994007187164948, 1.867347829698641e-05, 6.756205245846737e-05, 0.0005130457527498134], [0.6666522958957658, 0.28233286820146297, 0.04812006191171795, 0.0028947739910531864], [0.7173398578878375, 0.006119348490037729, 0.0004902017488920705, 0.27605059187323294], [0.7552337529531956, 0.20916305329892323, 0.008664266735128613, 0.026938927012752464], [0.9911910825388265, 0.005611504133159379, 0.0005147713016943849, 0.002682642026319681], [0.9886985707263867, 0.009596030033867227, 1.8678535372798038e-06, 0.0017035313862089289], [0.995774089411034, 0.0033353465164058438, 0.00029477628434942466, 0.0005957877882108351], [0.7834929015876355, 0.1974450504023113, 0.018984653742044638, 7.739426800860833e-05], [0.9998868631782633, 1.610127760624836e-05, 6.589333589258008e-05, 3.114220823786008e-05], [0.1412666122769956, 0.24313496353953118, 0.029438567491998358, 0.5861598566914749], [0.43475746193400233, 0.10640752106695675, 0.23623809180435185, 0.22259692519468918], [0.6846312637401245, 0.02495957525035824, 0.0004112731308589222, 0.2899978878786583], [0.41057957986983473, 0.008105840706832127, 0.002320059611458686, 0.5789945198118744], [0.9957335291289316, 0.0019822691561480715, 0.0007383179813949652, 0.0015458837335252757], [0.047012303023242295, 0.9511553181738178, 0.0015188980801302792, 0.00031348072280950755], [0.6900311941810549, 0.2515523205746861, 0.02050618855335567, 0.03791029669090342], [0.9166494358605083, 0.0008701967616600406, 0.0804548063538786, 0.0020255610239532013], [0.13212321838103216, 0.22280109121473327, 0.24337315840277804, 0.40170253200145645], [0.3577275241054579, 0.6330443190568819, 0.000781529020405968, 0.008446627817254365], [0.9923043671761832, 0.0032217883390303413, 0.0010163742035410037, 0.0034574702812456112], [0.1710132816324738, 0.7360380222949489, 0.024281901650600433, 0.06866679442197686], [0.7031703031950003, 0.06579228018821016, 0.18297363048207332, 0.0480637861347161], [0.005879217793735686, 0.9475131288138062, 0.002199625766265742, 0.04440802762619216]]}}