{"test": {"ids": ["101108290", "97107260", "107115140", "97111790", "104119340", "104114320", "103113610", "99111620", "102110690", "109120540", "112118880", "112116810", "112116401", "110114321", "112117461", "100108080", "105117200", "108113760", "103113101", "109121351", "98112580", "102121700", "106116850", "97106591", "99107950", "113121410", "98108410", "100108490", "108121190", "108116070", "99116500", "97106000", "107114110", "101121640", "109115211", "110120560", "111115770", "111119150", "110115250", "105112130", "108118291", "97109080", "98111670", "99107660", "97107681", "99114890", "104111380", "113118630", "99108010", "103111990", "100109311", "100109910", "97105760", "106119260", "110117200", "110114920", "111115620", "112119610", "113118421", "110119300", "103110050", "108115500", "100116790", "110120700", "108114270", "104110960", "109119591", "105115900", "101110150", "111114941", "101117580", "112117580", "104114410", "98110810", "112118161", "113117550", "113121980", "112120290", "99120010", "112118421", "112121430", "98109090", "109118231", "111116640", "113122510", "101119030", "107121540", "109116750", "110118810", "100109801", "106113190", "103113270", "105120280", "97106820", "106120640", "99112531", "102113350", "97107920", "103110100", "99108000", "111114321", "113121950", "98109230", "110114651", "112121351", "112120540", "109120560", "104109311", "111116010", "105111990", "100108990", "105115570", "112116540", "113117630", "113120260", "109114720", "109118161", "98120530", "105113480", "108120060", "107114950", "111114121", "112116880", "107116501", "99109370", "101111620", "110115980", "102121440", "113122220", "111118810", "102112250", "113121750", "111119300", "111120531", "111119340", "98110230", "110114950", "111116530", "113122150", "110116300", "108118060", "97116410"], "labels": [0, 2, 0, 2, 1, 2, 2, 3, 0, 1, 1, 3, 0, 1, 0, 0, 3, 1, 3, 0, 2, 1, 3, 1, 1, 0, 1, 2, 1, 1, 2, 0, 1, 2, 0, 0, 3, 3, 1, 1, 3, 2, 1, 3, 3, 2, 3, 3, 2, 2, 1, 2, 0, 1, 3, 3, 1, 0, 3, 1, 3, 3, 2, 2, 3, 2, 0, 3, 1, 0, 3, 0, 1, 1, 0, 3, 2, 1, 2, 3, 2, 1, 1, 0, 2, 3, 2, 0, 1, 0, 0, 2, 3, 1, 3, 3, 3, 0, 1, 2, 1, 3, 1, 3, 0, 3, 1, 3, 1, 2, 2, 0, 1, 0, 3, 0, 0, 1, 0, 1, 3, 0, 0, 1, 1, 3, 1, 2, 1, 0, 0, 0, 1, 0, 3, 3, 0, 3, 2, 3, 1, 3], "predicted_labels": [3, 1, 3, 0, 1, 3, 3, 3, 3, 0, 3, 0, 3, 1, 3, 3, 1, 1, 0, 0, 2, 1, 2, 1, 2, 0, 1, 0, 1, 3, 3, 3, 1, 1, 3, 3, 0, 1, 1, 1, 3, 0, 2, 3, 3, 2, 1, 1, 3, 0, 1, 0, 3, 2, 3, 1, 3, 3, 3, 1, 0, 0, 1, 3, 1, 3, 1, 0, 1, 3, 3, 0, 3, 2, 1, 1, 1, 0, 1, 0, 1, 3, 1, 3, 1, 3, 0, 3, 1, 3, 3, 1, 0, 3, 1, 1, 3, 1, 0, 0, 1, 1, 2, 0, 0, 0, 3, 3, 2, 2, 3, 1, 0, 0, 3, 1, 3, 1, 2, 3, 1, 0, 1, 0, 3, 1, 0, 1, 1, 3, 0, 1, 0, 3, 3, 1, 0, 3, 2, 3, 3, 2], "confidence_scores": [[0.2533589989545629, 0.2560298934564918, 0.18396016703845794, 0.30665094055048747], [0.2516670709066072, 0.30504178674040144, 0.23300411894330514, 0.21028702340968627], [0.23284880160816268, 0.24858725846780377, 0.09605937088978626, 0.4225045690342475], [0.45440891382011206, 0.21072888171860446, 0.11318214589085095, 0.22168005857043238], [0.24026773390427525, 0.31875686302714157, 0.18709307734328937, 0.2538823257252939], [0.25421477039483376, 0.2838491947989715, 0.1466183467853814, 0.31531768802081334], [0.207228184530158, 0.15249098983425446, 0.19413341581178778, 0.44614740982379975], [0.18141080887219724, 0.1590086207575288, 0.15545187632651333, 0.5041286940437606], [0.17669023921258248, 0.24085938686382088, 0.17165810462616293, 0.41079226929743384], [0.3505483704216847, 0.2381636355186563, 0.23688672098482788, 0.1744012730748311], [0.2535465189105134, 0.18513167929134436, 0.2650194544789837, 0.29630234731915867], [0.5834656530191639, 0.18228604044839217, 0.11547912162570764, 0.11876918490673631], [0.2706245120035602, 0.13566264528160296, 0.0852154018334951, 0.5084974408813417], [0.30914181394980905, 0.3216405233959859, 0.10235661719636094, 0.26686104545784406], [0.2369911177870707, 0.2165637911679991, 0.08673040386679956, 0.4597146871781308], [0.1752239362728741, 0.2530736456761802, 0.19868460529389562, 0.3730178127570501], [0.20819064226862713, 0.37114116060676167, 0.13494585000083517, 0.28572234712377603], [0.17420464719810572, 0.4284829563655555, 0.22281144975587147, 0.17450094668046726], [0.5119418071396142, 0.14901415670969664, 0.08959370169130115, 0.24945033445938805], [0.4276884754933377, 0.1896752920894409, 0.11025442739228045, 0.27238180502494097], [0.25708913076724066, 0.23653117822235104, 0.2639855328228682, 0.2423941581875401], [0.25834644628400727, 0.31627081169373544, 0.16618626463128305, 0.25919647739097446], [0.1386649692037471, 0.2801875926073723, 0.3983874513636993, 0.18275998682518146], [0.20641744969596054, 0.4288335569318726, 0.1892367911466442, 0.1755122022255227], [0.16284645508666623, 0.1750230273936982, 0.431357848630115, 0.23077266888952047], [0.3113613745327722, 0.308151611428527, 0.13174918355834578, 0.24873783048035503], [0.3090263424405659, 0.3528838632738573, 0.1585889362524033, 0.17950085803317356], [0.31018055459853167, 0.25820488247097195, 0.2018222814730042, 0.2297922814574922], [0.1749842410202931, 0.48628700136309777, 0.15999986726851514, 0.1787288903480941], [0.18335328327320616, 0.2845380992223164, 0.16989345481233803, 0.36221516269213955], [0.17914974078923054, 0.2535777192115808, 0.16881824556997624, 0.3984542944292125], [0.12336779888116146, 0.22347800407754428, 0.14498171170175544, 0.5081724853395388], [0.2625760967252405, 0.3682924484296884, 0.09755337370698947, 0.27157808113808174], [0.21495383994391332, 0.4700392063948284, 0.15348542236264515, 0.16152153129861327], [0.24099240888741283, 0.2709416137072089, 0.147016522498096, 0.3410494549072824], [0.13238053341037834, 0.1409907816349398, 0.15735166100026993, 0.5692770239544118], [0.40541304649481424, 0.2769167587056034, 0.10111636929353578, 0.21655382550604685], [0.20834611277423876, 0.37029685548536984, 0.16496611239357167, 0.25639091934681985], [0.17354233320161044, 0.29264735979342366, 0.25144578864914696, 0.28236451835581894], [0.1645839999186803, 0.4416792738949357, 0.16768387185466416, 0.22605285433171982], [0.25304079099238636, 0.2804348427579281, 0.07530583078949178, 0.39121853546019364], [0.2880696280240509, 0.2861295186338303, 0.1427692870079329, 0.28303156633418575], [0.221361341042063, 0.17434203861345404, 0.4174672643397188, 0.18682935600476416], [0.306795252038597, 0.21065466561065385, 0.17573135267915818, 0.3068187296715911], [0.18505038691831704, 0.29182231745583287, 0.14353734147050756, 0.37958995415534247], [0.11697442316298001, 0.2751473525764783, 0.3122104733602004, 0.29566775090034114], [0.27788375268109583, 0.3157085154140741, 0.16035917353845516, 0.24604855836637496], [0.18101152231593973, 0.31510149914723395, 0.2633983327943927, 0.24048864574243373], [0.2427146292397784, 0.21420586781829035, 0.20163197217206066, 0.34144753076987067], [0.43205508508039314, 0.11097649965183265, 0.22211781296879332, 0.23485060229898091], [0.2739848365099815, 0.29513173430495404, 0.14107693645744276, 0.2898064927276217], [0.3696805622120828, 0.24248286245760076, 0.21925504293370018, 0.16858153239661636], [0.22494964482808788, 0.17791310552464398, 0.22874960062187397, 0.3683876490253942], [0.2061589251072711, 0.21008064208551894, 0.31841806583519733, 0.2653423669720128], [0.26819931643909284, 0.2872625824610911, 0.08918640070815292, 0.3553517003916633], [0.16399538876474198, 0.3607049360679137, 0.24357161920507212, 0.23172805596227244], [0.2430439871257106, 0.2532317950936803, 0.18637667411255654, 0.3173475436680526], [0.1680127048412158, 0.32198239833978487, 0.16711065558019034, 0.34289424123880874], [0.2988708177381617, 0.25717291163174066, 0.13007921569281852, 0.313877054937279], [0.15166733766236784, 0.4860120410240113, 0.1552207264280546, 0.2070998948855663], [0.3268923602857233, 0.2650481619091937, 0.23350455825183367, 0.17455491955324928], [0.38451597036737384, 0.2553664872848207, 0.134214702477904, 0.2259028398699015], [0.09190035339476059, 0.5419379602266361, 0.19890885395178365, 0.16725283242681957], [0.2607451729863069, 0.20917390826003215, 0.12249449818014889, 0.40758642057351213], [0.3141980210860159, 0.3458490929574576, 0.11106066637427679, 0.22889221958224984], [0.20123932360615518, 0.2789868547517804, 0.2215739474243118, 0.29819987421775274], [0.14954608488434634, 0.4537117513291641, 0.09227423378924239, 0.30446792999724714], [0.32639033106797655, 0.19822202580540582, 0.2218132026991183, 0.25357444042749955], [0.34400723229730296, 0.4027350853095589, 0.09320484585614863, 0.16005283653698943], [0.2634688305165654, 0.21910376706557122, 0.22161695535685905, 0.2958104470610043], [0.21010783881144532, 0.1705593162162549, 0.195440995207583, 0.4238918497647166], [0.3642195619440113, 0.21649849383396558, 0.1610848429448058, 0.2581971012772173], [0.16429531434717787, 0.21233522023525275, 0.17489382012320817, 0.44847564529436135], [0.14231744024341517, 0.12912098193324942, 0.5062190493747512, 0.22234252844858435], [0.2838781519018853, 0.3610534890389155, 0.11960120215679436, 0.235467156902405], [0.19356037221197003, 0.3820814359645419, 0.16105931304100685, 0.2632988787824813], [0.30381613666965024, 0.3125127777762959, 0.13226960952361166, 0.2514014760304423], [0.36910414147131576, 0.21814628965860525, 0.06030145823486052, 0.3524481106352188], [0.20493148241380488, 0.3048261303963596, 0.2850153858135064, 0.20522700137632935], [0.41340239718170196, 0.22148113299991393, 0.12370189875630071, 0.2414145710620833], [0.24957924876277873, 0.2923074396697678, 0.21930939913172137, 0.23880391243573218], [0.18130639348432218, 0.23641786650846713, 0.09013435963065404, 0.49214138037655664], [0.161590302314791, 0.4785475432197511, 0.23355230591431186, 0.12630984855114585], [0.15246134041546044, 0.13193586018361433, 0.10949228716244909, 0.6061105122384761], [0.19234332516012437, 0.3226732674953651, 0.2148405571113676, 0.27014285023314294], [0.2793569393222441, 0.21597357139136603, 0.16123828889259328, 0.3434312003937967], [0.4085782351900793, 0.1524323546805124, 0.2985530442041592, 0.1404363659252493], [0.19406445637369407, 0.14595812995920468, 0.24981071800418575, 0.4101666956629156], [0.1175842864701824, 0.5355522281518621, 0.15722239584804046, 0.18964108952991493], [0.20530036844911093, 0.18260909833843164, 0.07517276984621199, 0.5369177633662454], [0.24899865838951216, 0.21532569398826595, 0.12209541958753384, 0.41358022803468814], [0.05870757659844602, 0.4553534786631608, 0.2455888356143324, 0.240350109124061], [0.31246373753230183, 0.25613656087727155, 0.19397857179372405, 0.23742112979670266], [0.1739678197959558, 0.3095092816385268, 0.15109402253114168, 0.3654288760343758], [0.2152593001415994, 0.44313599314409213, 0.1926200963164452, 0.1489846103978633], [0.21630365552540629, 0.49943483493422847, 0.11304314804620859, 0.1712183614941568], [0.1949080458125125, 0.26759483839270604, 0.2542752028667266, 0.28322191292805504], [0.26302197558512835, 0.30317553538731157, 0.14048933142938885, 0.29331315759817106], [0.32987552713575685, 0.30264223781482114, 0.13431654942849966, 0.2331656856209224], [0.37695234431034497, 0.3461153853984991, 0.12662344102494272, 0.15030882926621328], [0.15020221358734323, 0.3091179911937535, 0.24110208832653798, 0.2995777068923653], [0.2475812981800993, 0.3300720522855302, 0.24088995614850162, 0.18145669338586898], [0.18692035607842392, 0.2521547030763921, 0.28151359067983145, 0.2794113501653527], [0.47684680130149254, 0.19856430756295682, 0.18426416132460338, 0.14032472981094718], [0.39604116076089607, 0.23307578068260462, 0.21293294935584714, 0.15795010920065233], [0.35961785432146104, 0.19473220036976135, 0.11301830848480744, 0.3326316368239703], [0.25917327871820794, 0.1306577671690586, 0.0836070090602313, 0.5265619450525021], [0.2554022394350498, 0.2542880535551446, 0.13948960541240157, 0.35082010159740395], [0.25216592805865634, 0.23733802826092237, 0.27858896797840044, 0.23190707570202085], [0.10517981551525553, 0.20136891499290932, 0.5483285977063102, 0.14512267178552513], [0.25075176692077206, 0.21481399800652407, 0.2512887900720796, 0.28314544500062444], [0.2248995665779592, 0.3609812622749188, 0.272466360297084, 0.14165281085003806], [0.4630917478071283, 0.15974847578048154, 0.1481191890836295, 0.22904058732876068], [0.31949034952061767, 0.24180906433945432, 0.17213516130708253, 0.26656542483284545], [0.2687854469260843, 0.2040764468523645, 0.16049919431440027, 0.3666389119071508], [0.15365768133693683, 0.3790807508536753, 0.19986874400845234, 0.2673928238009356], [0.2672918935471307, 0.25999337251533916, 0.18308707384130976, 0.2896276600962204], [0.23275832278014283, 0.32209125833757285, 0.17641143081785526, 0.268738988064429], [0.21025597258734127, 0.18599654979087182, 0.3648912638236045, 0.2388562137981826], [0.16422796228098627, 0.20332169915194015, 0.1765597265761272, 0.4558906119909464], [0.17239968254535626, 0.2977692509708443, 0.26130512470699363, 0.2685259417768058], [0.37500221487114704, 0.2557722772359599, 0.10895809544967908, 0.26026741244321405], [0.2438255974109702, 0.40075671265187157, 0.14849605870599533, 0.20692163123116294], [0.2848223930335825, 0.25653369554999483, 0.17833913859570444, 0.28030477282071825], [0.25801640644289275, 0.178750963747634, 0.18271907044977606, 0.3805135593596973], [0.2831870431905468, 0.3347876363311626, 0.12024440019259845, 0.2617809202856921], [0.5242122175320224, 0.17854499153753098, 0.13211979771679802, 0.16512299321364854], [0.24686166360075623, 0.3012989908217037, 0.24138646629569913, 0.21045287928184106], [0.1673994717713997, 0.3724680804949469, 0.09920268831176524, 0.3609297594218883], [0.30377038050491656, 0.22461397450232404, 0.16457147327760885, 0.3070441717151506], [0.3115625801049542, 0.2537467909063309, 0.14108953233827962, 0.29360109665043543], [0.21060961614525972, 0.36099183400803597, 0.18236648171079545, 0.24603206813590908], [0.336932220698032, 0.3279501206178887, 0.10194143955792748, 0.2331762191261518], [0.30610492856790134, 0.23933342289995294, 0.11297155255525221, 0.34159009597689355], [0.09475723174017699, 0.23360314855657013, 0.25839784128339677, 0.4132417784198562], [0.23566935019575008, 0.3928126716003327, 0.16453426254620732, 0.20698371565771], [0.33376791540692363, 0.17549698124094606, 0.2795691334206086, 0.21116596993152162], [0.1119075546205015, 0.26828346281952953, 0.07393018193940967, 0.5458788006205592], [0.22536263983294014, 0.2960263368137052, 0.3200273892634543, 0.15858363408990037], [0.2597629467575297, 0.22473670657085856, 0.23837052847826617, 0.27712981819334565], [0.25720775621038616, 0.20777048792919256, 0.26707645149513165, 0.2679453043652897], [0.21345534479230993, 0.26176000410390904, 0.35095102971155806, 0.173833621392223]]}, "rewritten": {"ids": ["97105760", "97106000", "97106591", "97106820", "97107260", "97107681", "97107920", "97109080", "97111790", "97116410", "98108410", "98109090", "98109230", "98110230", "98110810", "98111670", "98112580", "98120530", "99107660", "99107950", "99108000", "99108010", "99109370", "99111620", "99112531", "99114890", "99116500", "99120010", "100108080", "100108490", "100108990", "100109311", "100109801", "100109910", "100116790", "101108290", "101110150", "101111620", "101117580", "101119030", "101121640", "102110690", "102112250", "102113350", "102121440", "102121700", "103110050", "103110100", "103111990", "103113101", "103113270", "103113610", "104109311", "104110960", "104111380", "104114320", "104114410", "104119340", "105111990", "105112130", "105113480", "105115570", "105115900", "105117200", "105120280", "106113190", "106116850", "106119260", "106120640", "107114110", "107114950", "107115140", "107116501", "107121540", "108113760", "108114270", "108115500", "108116070", "108118060", "108118291", "108120060", "108121190", "109114720", "109115211", "109116750", "109118161", "109118231", "109119591", "109120540", "109120560", "109121351", "110114321", "110114651", "110114920", "110114950", "110115250", "110115980", "110116300", "110117200", "110118810", "110119300", "110120560", "110120700", "111114121", "111114321", "111114941", "111115620", "111115770", "111116010", "111116530", "111116640", "111118810", "111119150", "111119300", "111119340", "111120531", "112116401", "112116540", "112116810", "112116880", "112117461", "112117580", "112118161", "112118421", "112118880", "112119610", "112120290", "112120540", "112121351", "112121430", "113117550", "113117630", "113118421", "113118630", "113120260", "113121410", "113121750", "113121950", "113121980", "113122150", "113122220", "113122510"], "labels": [0, 0, 1, 1, 2, 3, 0, 2, 2, 3, 1, 1, 1, 3, 1, 1, 2, 1, 3, 1, 2, 2, 1, 3, 3, 2, 2, 2, 0, 2, 2, 1, 0, 2, 2, 0, 1, 3, 3, 3, 2, 0, 0, 3, 2, 1, 3, 1, 2, 3, 2, 2, 3, 2, 3, 2, 1, 1, 2, 1, 0, 0, 3, 3, 3, 0, 3, 1, 3, 1, 3, 0, 1, 2, 1, 3, 3, 1, 1, 3, 1, 1, 0, 0, 0, 0, 1, 0, 1, 1, 0, 1, 3, 3, 0, 1, 1, 3, 3, 1, 1, 0, 2, 0, 1, 0, 1, 3, 1, 3, 0, 0, 3, 1, 3, 0, 0, 1, 3, 0, 0, 0, 0, 3, 1, 0, 1, 3, 0, 2, 3, 0, 3, 3, 3, 0, 0, 3, 2, 2, 1, 2], "predicted_labels": [3, 1, 1, 3, 0, 3, 1, 3, 0, 2, 1, 3, 0, 3, 3, 1, 3, 2, 3, 2, 1, 1, 3, 3, 1, 1, 3, 2, 3, 0, 1, 1, 3, 3, 3, 0, 0, 1, 3, 0, 1, 3, 3, 2, 1, 1, 0, 3, 3, 0, 1, 2, 1, 3, 3, 3, 3, 1, 1, 1, 1, 3, 1, 1, 0, 3, 1, 3, 1, 3, 3, 1, 3, 0, 2, 1, 0, 1, 3, 3, 1, 1, 1, 3, 2, 0, 3, 3, 0, 3, 0, 1, 0, 1, 1, 3, 0, 0, 3, 1, 1, 1, 3, 0, 3, 1, 1, 0, 1, 3, 0, 0, 3, 1, 2, 3, 3, 0, 0, 1, 0, 1, 0, 3, 2, 3, 3, 3, 0, 1, 1, 3, 0, 1, 3, 3, 1, 0, 1, 1, 3, 1], "confidence_scores": [[0.27210916554206754, 0.2638517623967558, 0.16008992607314518, 0.3039491459880314], [0.09109945388165447, 0.6099619616185197, 0.08671905004070966, 0.21221953445911618], [0.22848213130940803, 0.30935496697100023, 0.19900982057962657, 0.2631530811399651], [0.21893873383162193, 0.2671819102029195, 0.14347078674871983, 0.370408569216739], [0.37572024839240487, 0.151737133774003, 0.35911761691498084, 0.11342500091861123], [0.25166122795752416, 0.2411738597529722, 0.1376643315055756, 0.3695005807839281], [0.26302197558512835, 0.30317553538731157, 0.14048933142938885, 0.29331315759817106], [0.2122397183716758, 0.27556933199107714, 0.17302024033384747, 0.33917070930339965], [0.45281975220263815, 0.2099919193916441, 0.11628353068454542, 0.22090479772117236], [0.23517816570048705, 0.25679572174740795, 0.3175659711887564, 0.1904601413633485], [0.13198530710237524, 0.5888350274693284, 0.1273317957510259, 0.15184786967727049], [0.1847077794240076, 0.24085316739101348, 0.09182531899308137, 0.4826137341918976], [0.3111986420653635, 0.25094769186573296, 0.22836569521826583, 0.2094879708506377], [0.27994134946510674, 0.2588401050203675, 0.16855986385038038, 0.29265868166414555], [0.25263481855306613, 0.21674383095826294, 0.24767471210345185, 0.2829466383852193], [0.15166284163467414, 0.5721330224386872, 0.1424474320587168, 0.13375670386792185], [0.17214319549753876, 0.2527136679079425, 0.20427086288410318, 0.37087227371041565], [0.21424837171443212, 0.1756639523418614, 0.3266585457512759, 0.2834291301924306], [0.2867689624343068, 0.22007060687792654, 0.17262737320904076, 0.32053305747872607], [0.11876459285926197, 0.2981637992095391, 0.48987543829805097, 0.09319616963314781], [0.3013766762011549, 0.33695966319813775, 0.17173409342732088, 0.18992956717338655], [0.2639994741856291, 0.4040917838861292, 0.1648259651615561, 0.16708277676668556], [0.19807211274399367, 0.13722220820231162, 0.15719861867777973, 0.507507060375915], [0.18560293443581477, 0.1395745998101438, 0.1590441307721665, 0.5157783349818749], [0.12491740712867448, 0.7447381492523383, 0.0446496808257957, 0.0856947627931914], [0.1795371698724497, 0.3100688461878105, 0.295156108555257, 0.21523787538448275], [0.18214696813421893, 0.13058689656031244, 0.17839496526613038, 0.5088711700393383], [0.21844266915096786, 0.2352854723569696, 0.31091399881487414, 0.23535785967718845], [0.17505285852390062, 0.171655880875214, 0.17968010123048017, 0.4736111593704053], [0.2798866680239994, 0.2337441886409323, 0.21985999529452327, 0.2665091480405451], [0.19574916754495658, 0.45792797032608534, 0.15359418899212388, 0.19272867313683417], [0.2230394923873471, 0.3848754697110412, 0.13319662699027254, 0.25888841091133913], [0.14689488883281154, 0.19610323200555152, 0.12091551044063908, 0.5360863687209977], [0.11921713269482165, 0.1722501326687233, 0.2487249095302864, 0.4598078251061686], [0.238009633830952, 0.30076242269857306, 0.1493625515182371, 0.3118653919522377], [0.39801976185170607, 0.20397835324627323, 0.1361611196331577, 0.2618407652688628], [0.3746637710313079, 0.31566993770845736, 0.07808592783945803, 0.23158036342077684], [0.1711059938946329, 0.585110541956902, 0.13667309663429836, 0.10711036751416668], [0.10485752254896116, 0.143005524195427, 0.10870920516686845, 0.6434277480887434], [0.3740587167523758, 0.16735717055977994, 0.16775705050431766, 0.29082706218352666], [0.16384387395907662, 0.35400863535078925, 0.2416155669345135, 0.24053192375562077], [0.11179737493025749, 0.14530052876078636, 0.08018671169996028, 0.6627153846089959], [0.23283394499930768, 0.15427629262374842, 0.1182876708393114, 0.49460209153763246], [0.17416701867197218, 0.2124697575404086, 0.3388594131872359, 0.2745038106003833], [0.1914310050231373, 0.3382429914053382, 0.21117390278471618, 0.2591521007868082], [0.19546911469265563, 0.3813355222066373, 0.18656882067930936, 0.23662654242139786], [0.5186291776837325, 0.12583232820275073, 0.26072774308508007, 0.09481075102843667], [0.2633575927803147, 0.28334841777680975, 0.1495889619904623, 0.30370502745241335], [0.26316212403195577, 0.22353615660509102, 0.21779905952663256, 0.2955026598363205], [0.4219464596767031, 0.22048836919845619, 0.12055319635846698, 0.2370119747663738], [0.07104783520763894, 0.45128699788924653, 0.30400181609430293, 0.17366335080881148], [0.16762249849594937, 0.21421890897159165, 0.32578150193663047, 0.29237709059582856], [0.2531919858846868, 0.42794961940240106, 0.07904779780141653, 0.23981059691149553], [0.18788823207726096, 0.13271008807075807, 0.27534561660389845, 0.4040560632480826], [0.26604075225737694, 0.24364019315345697, 0.12604959093992407, 0.36426946364924206], [0.16368466324097328, 0.2936671602934859, 0.15459274151463878, 0.3880554349509021], [0.2766268487390737, 0.1645575578086432, 0.19003478825188908, 0.368780805200394], [0.2347876870684107, 0.3606381214701834, 0.14417087929021147, 0.26040331217119456], [0.11909718992387563, 0.41038299353716995, 0.2192388608914141, 0.2512809556475404], [0.19864178196357435, 0.5545931051426152, 0.07776542035261713, 0.16899969254119343], [0.27475811981593684, 0.30173894736296153, 0.2284271621299406, 0.19507577069116117], [0.1749599418419117, 0.23923573822862057, 0.26624359063056596, 0.3195607292989019], [0.24895533421597404, 0.5573698069209454, 0.0887459761464315, 0.10492888271664917], [0.186336546160459, 0.43362153474844706, 0.12443311372632736, 0.25560880536476666], [0.28289475018463617, 0.24596072077187645, 0.24315570928553454, 0.227988819757953], [0.2046088020831343, 0.15357155562800576, 0.1213015985464118, 0.5205180437424483], [0.17110642639212262, 0.3711350206064337, 0.24086184959472176, 0.21689670340672185], [0.22176951589482996, 0.2520298010190693, 0.1633543682713942, 0.3628463148147068], [0.27764829167670085, 0.28935580301850417, 0.19430009851084443, 0.23869580679395055], [0.23122799954958076, 0.14159287084005334, 0.28696405941966263, 0.34021507019070335], [0.1331222785912684, 0.21653659525745622, 0.3143653969770586, 0.3359757291742167], [0.2561063781241493, 0.37440287617077717, 0.12726171223058177, 0.2422290334744917], [0.2587080430914144, 0.2624719804148473, 0.16198785868379129, 0.3168321178099469], [0.463040832667276, 0.15734094612750116, 0.25048271568812663, 0.12913550551709618], [0.2307541854618965, 0.31157362066419036, 0.3429025451769968, 0.11476964869691611], [0.2022427757770413, 0.48952273048062966, 0.10843469797000825, 0.19979979577232082], [0.407323346070758, 0.22458306097681052, 0.08991403218637507, 0.2781795607660566], [0.19286528240523387, 0.3413608154177759, 0.1759029348778799, 0.28987096729911027], [0.1883220454821168, 0.22105750175313843, 0.23255290166610146, 0.3580675510986436], [0.21827225765401279, 0.31427382920142566, 0.06911410751532673, 0.3983398056292348], [0.10511213289124066, 0.5928630317452116, 0.10674393097839055, 0.19528090438515708], [0.18429916327739146, 0.4647067530367306, 0.14433301296615306, 0.20666107071972498], [0.21748690500414106, 0.3332851905802948, 0.16015420363833902, 0.28907370077722516], [0.21316752500023275, 0.201407452396116, 0.14839706632119537, 0.4370279562824561], [0.3206499898725915, 0.1557958700095825, 0.36902226928121423, 0.15453187083661174], [0.32954085554248447, 0.2479313862979765, 0.13343888028111256, 0.2890888778784266], [0.297208926858529, 0.2061632194425301, 0.13853266782032225, 0.3580951858786187], [0.1403663839467892, 0.2766084976027571, 0.09460922494945993, 0.4884158935009939], [0.4077875120346929, 0.2064757354783756, 0.20961673679835838, 0.1761200156885733], [0.2317938201820695, 0.10856888605049471, 0.08031825932348781, 0.5793190344439479], [0.38741882296093183, 0.20267405939645763, 0.17928817083363777, 0.23061894680897288], [0.2508524416548603, 0.3766837804905576, 0.13102280267671032, 0.24144097517787164], [0.49281720547360813, 0.0766507864957237, 0.12522375547665895, 0.30530825255400923], [0.276919546561618, 0.3772777908002165, 0.14437417187737842, 0.20142849076078723], [0.22267882539603637, 0.3948060679819918, 0.0937024710034093, 0.28881263561856263], [0.20858953155844054, 0.2626697758341633, 0.22404905392574964, 0.30469163868164656], [0.37402889311313037, 0.20934670357221286, 0.12561414852944688, 0.29101025478521003], [0.26207314199771664, 0.23471242847883217, 0.2415778970711483, 0.26163653245230284], [0.2798168424236371, 0.2772317039812443, 0.10560758778278814, 0.3373438658123306], [0.25539806210268584, 0.4147959306091501, 0.11566472409619175, 0.21414128319197226], [0.1649444035402902, 0.3774085847355713, 0.13120334412881837, 0.3264436675953203], [0.22699040882362936, 0.29448028763200185, 0.24114139051494682, 0.2373879130294219], [0.34028937621181654, 0.14003686285166447, 0.1357989156484703, 0.3838748452880487], [0.36065058379583576, 0.2576854255426727, 0.10264952042437842, 0.2790144702371133], [0.08601798581253496, 0.37622285509941794, 0.1179950412980823, 0.41976411778996475], [0.1929324722538939, 0.38295264858122924, 0.2074993472322644, 0.21661553193261254], [0.19694323671796768, 0.33680174892872555, 0.14990796379669388, 0.31634705055661294], [0.3731254907267494, 0.2997244167844237, 0.11520584061926722, 0.2119442518695598], [0.19155867492102477, 0.359243466786439, 0.19930521259509684, 0.24989264569743946], [0.1692912552834053, 0.20594041770974, 0.1278842017155895, 0.49688412529126524], [0.3189854838281939, 0.23523276771931825, 0.2861874597139611, 0.1595942887385268], [0.31223641429928173, 0.23976216944701928, 0.14539988030688095, 0.30260153594681827], [0.2687437970846094, 0.29900039538676276, 0.12728763991940786, 0.3049681676092199], [0.2340031847577196, 0.3645177742935329, 0.11330828781499618, 0.28817075313375135], [0.135369994546287, 0.2695635898533851, 0.32324368062351017, 0.27182273497681786], [0.2444307476476399, 0.2771515353454985, 0.17184849303641928, 0.3065692239704424], [0.3501703489847242, 0.20784038686271336, 0.083898750585042, 0.3580905135675205], [0.5753188894365009, 0.11324801854110372, 0.09565901297578118, 0.21577407904661416], [0.5398043933313184, 0.17787554083067614, 0.1356425632763009, 0.14667750256170464], [0.17453086533511375, 0.39477645160732094, 0.21515617609892856, 0.21553650695863671], [0.41448387366092604, 0.16540275394750056, 0.08990905197517492, 0.33020432041639863], [0.20437005888563084, 0.3530939800553165, 0.2347571085422099, 0.20777885251684272], [0.3524585321311299, 0.32660337641684406, 0.10384273781328413, 0.21709535363874224], [0.2136877976023653, 0.19800788566696698, 0.06926438752753286, 0.5190399292031349], [0.2584338242854566, 0.2163011836144329, 0.30446494468898, 0.22080004741113063], [0.1367426249291127, 0.32416380290342905, 0.21157233232906542, 0.3275212398383927], [0.17685320467099888, 0.1350418540916227, 0.09259767084541842, 0.59550727039196], [0.2858143879050996, 0.2047168832997959, 0.07312234707327772, 0.4363463817218269], [0.4454797420461188, 0.21399677201471118, 0.19550278319039477, 0.14502070274877524], [0.19539558136007312, 0.38958723215008934, 0.22907397015037465, 0.18594321633946292], [0.15723275723220628, 0.3255879613189098, 0.1969630428453126, 0.3202162386035712], [0.18893258718710904, 0.1658486078867567, 0.13494570815311413, 0.5102730967730202], [0.4520210079045668, 0.16184845417489394, 0.11190332701231503, 0.2742272109082243], [0.11407182704508505, 0.5565117053354663, 0.17564668374441322, 0.15376978387503554], [0.2572762893258655, 0.24253768061703634, 0.12123775300951826, 0.37894827704758005], [0.23736907954925732, 0.3050152580236488, 0.12812051130199603, 0.32949515112509775], [0.308847296659626, 0.32693057964589517, 0.12632511040113306, 0.23789701329334584], [0.2978071360925544, 0.22889088048107095, 0.24714380032820513, 0.22615818309816954], [0.24996145551836438, 0.35646066149805944, 0.13064406873600967, 0.2629338142475666], [0.22370882623082122, 0.2822728048861463, 0.27272463715482315, 0.2212937317282096], [0.1658605836340907, 0.1684099817605828, 0.18024273142811986, 0.4854867031772067], [0.1672771929260637, 0.3373127510631582, 0.20693922485319055, 0.2884708311575875]]}}