{"test": {"ids": ["99112840", "108120060", "105113440", "97105580", "108115250", "98112170", "107114621", "105117200", "97106591", "100113370", "100108990", "110117500", "112116610", "101108080", "112119500", "106116370", "112118471", "113122180", "111121351", "106119580", "103118291", "103113610", "109119010", "105113260", "111121930", "97113260", "99109141", "111118820", "113119700", "107120260", "113120601", "104111830", "98112300", "100110050", "101111990", "108120621", "101115190", "101113210", "111117200", "107119950", "105115720", "110115890", "106113360", "110117870", "113119320", "100111390", "98106880", "101110150", "112120270", "104119340", "109120540", "108118630", "107116300", "100116790", "106111321", "101114020", "108116070", "98109570", "104111711", "100109330", "102110500", "109117600", "103113170", "111120280", "99105921", "106113260", "101119591", "98107340", "102121440", "113120531", "111120260", "104116800", "97105960", "100107920", "110117080", "110118930", "102112250", "112118530", "107120010", "109118701", "105112240", "111116640", "97109080", "99110050", "108118520", "106113190", "100109311", "113117630", "112118860", "110121140", "111114941", "101109370", "101111620", "103109021", "106118161", "99109740", "100109910", "111120531", "100109890", "97107260", "103111480", "107113360", "98106111", "110118810", "113119340", "103113260", "102111990", "98109090", "106118820", "112119980", "97106770", "112121430", "112121410", "97107821", "98110680", "111116530", "105120280", "111121190", "113121810", "113118421", "103110100", "105112260", "97116800", "105117431", "102118380", "103111620", "105116501", "110119300", "100109360", "113119300", "113122120", "99107660", "103110220", "103120340", "99117740", "113118490", "102109910", "113118810", "111115770", "103111830", "113121950", "107117010"], "labels": [2, 1, 0, 1, 1, 3, 0, 3, 1, 3, 2, 1, 1, 0, 2, 2, 1, 2, 0, 3, 0, 2, 3, 3, 1, 1, 3, 0, 0, 1, 2, 3, 2, 3, 2, 1, 1, 3, 0, 3, 1, 2, 0, 3, 1, 2, 0, 1, 0, 1, 1, 1, 0, 2, 0, 3, 1, 1, 1, 0, 3, 1, 3, 0, 1, 3, 0, 0, 2, 0, 3, 1, 2, 0, 1, 1, 0, 1, 1, 3, 1, 0, 2, 3, 0, 0, 1, 0, 3, 3, 0, 1, 3, 0, 3, 3, 2, 0, 3, 2, 0, 0, 0, 1, 0, 3, 2, 1, 3, 0, 3, 2, 0, 2, 2, 3, 3, 1, 2, 3, 1, 3, 0, 1, 1, 0, 1, 1, 0, 1, 1, 3, 2, 1, 2, 1, 2, 3, 3, 3, 3, 1], "predicted_labels": [3, 1, 0, 3, 3, 0, 0, 1, 1, 1, 1, 3, 1, 1, 3, 3, 1, 3, 0, 1, 3, 3, 3, 3, 3, 3, 0, 0, 1, 3, 3, 1, 0, 1, 3, 0, 3, 1, 3, 3, 3, 1, 3, 3, 3, 0, 1, 1, 3, 1, 3, 3, 1, 1, 3, 3, 1, 3, 1, 0, 3, 3, 3, 3, 1, 1, 3, 1, 1, 3, 1, 1, 3, 0, 1, 1, 3, 1, 3, 3, 1, 1, 3, 1, 3, 3, 3, 1, 3, 1, 0, 1, 3, 3, 0, 1, 0, 1, 3, 1, 0, 0, 0, 3, 0, 1, 1, 3, 3, 1, 0, 3, 3, 3, 1, 3, 1, 0, 1, 3, 1, 1, 3, 3, 3, 1, 3, 3, 3, 3, 1, 3, 1, 1, 1, 3, 3, 1, 1, 0, 1, 3], "confidence_scores": [[0.22038554223554235, 0.28632282162282136, 0.1949269286269286, 0.29836470751470756], [0.1929803141303142, 0.2977061854811856, 0.21303286435786448, 0.29628063603063604], [0.315484598734599, 0.2632366855366856, 0.14881131646131657, 0.2724673992673992], [0.25939981603363965, 0.2671220085470086, 0.19497920772038424, 0.2784989676989677], [0.22120089355089356, 0.2404444166944167, 0.18521060606060627, 0.3531440836940837], [0.35435108780108787, 0.21975132090132093, 0.1409196525696527, 0.2849779387279388], [0.31135261405261433, 0.2347476206799737, 0.14490029415029423, 0.30899947111711823], [0.2706064637117271, 0.2796637102663418, 0.20394339549339563, 0.24578643052853577], [0.25560628260628276, 0.32632474747474755, 0.18358484848484843, 0.23448412143412167], [0.2589512321012322, 0.28042375957375953, 0.19739027639027648, 0.26323473193473207], [0.18802239704739715, 0.31829675602175594, 0.23679158064158076, 0.2568892662892664], [0.22250298590298584, 0.2832090742590744, 0.18647228882228878, 0.30781565101565117], [0.21687853812853827, 0.2989589660339661, 0.18631013986013997, 0.29785235597735604], [0.2597456709956711, 0.27720328364446023, 0.19063377929260292, 0.2724172660672661], [0.21254729437229453, 0.2670116253028019, 0.2261708874458875, 0.2942701928790164], [0.29290594405594417, 0.23792510545010553, 0.16508048063048072, 0.30408846986346993], [0.2655697691197691, 0.2972072594072595, 0.15968946608946621, 0.2775335053835054], [0.20255517815517826, 0.2448570485070486, 0.2213718559218561, 0.3312159174159174], [0.2902924665977298, 0.26456204073704087, 0.15981816516816533, 0.28532732749706435], [0.2022206757294993, 0.29397516927516937, 0.24681445025562693, 0.2569897047397049], [0.29813650793650787, 0.26600580530580525, 0.11868137973137977, 0.317176307026307], [0.24902144338289864, 0.2576085359085359, 0.23187038700893212, 0.2614996336996337], [0.21552674547674552, 0.25496483516483526, 0.22817606005106003, 0.3013323593073593], [0.20499542679542693, 0.27049904539904557, 0.20687977349447936, 0.31762575431104834], [0.23262539405039406, 0.2684098568098569, 0.21902139249639271, 0.2799433566433567], [0.21073209209091565, 0.2774121786710023, 0.22219421493539163, 0.2896615143026908], [0.2942076090576089, 0.27026788015905695, 0.15697131202131206, 0.27855319876202234], [0.2865269619269619, 0.2763849927849929, 0.17386995781995787, 0.2632180874680876], [0.2004054631642868, 0.3008545653692713, 0.19888055865702933, 0.29985941280941286], [0.26732572982572994, 0.22582737262737257, 0.17798542568542564, 0.3288614718614718], [0.24748574758574773, 0.2749203657453657, 0.1850705294705295, 0.2925233571983572], [0.22573013653013665, 0.2885241425241426, 0.19989313235783818, 0.28585258858788276], [0.28516160506160526, 0.2787889998889999, 0.1859698024198026, 0.2500795926295926], [0.20616188811188826, 0.3067312390224156, 0.25907501387501397, 0.2280318589906826], [0.19178048340548345, 0.2851338827838827, 0.2298071239218301, 0.2932785098888042], [0.2891788988788991, 0.25063984348984375, 0.1725466033966035, 0.2876346542346542], [0.24811651246070765, 0.26774804937065, 0.17665452512743543, 0.30748091304120734], [0.3047008622096856, 0.3363354756354756, 0.12805521504639159, 0.23090844710844718], [0.2992415881504117, 0.2735327295253766, 0.1271148887060653, 0.30011079361814647], [0.27208902208902197, 0.25177492784992805, 0.16806175491175496, 0.308074295149295], [0.21691801254301263, 0.2473984487734489, 0.22745012210012214, 0.3082334165834166], [0.21935826950826964, 0.30820784411666774, 0.17839586883704547, 0.29403801753801756], [0.2352738483738485, 0.2885097938009705, 0.15173013424484025, 0.32448622358034135], [0.22517399626517282, 0.2659145085306851, 0.20537863917128626, 0.30353285603285596], [0.22786624106887268, 0.30305013320013324, 0.16337113821850663, 0.3057124875124874], [0.2825097366685603, 0.2725412587412586, 0.17806129785247454, 0.2668877067377069], [0.24506023976023986, 0.2826503496503497, 0.20655858585858605, 0.2657308247308246], [0.25758906648906643, 0.286050192291369, 0.1800047397047398, 0.2763560015148251], [0.21537347097347107, 0.25738116964734614, 0.21689669219669225, 0.31034866718249077], [0.24414686620568984, 0.278556093906094, 0.20692490091607743, 0.27037213897213913], [0.21675319402819407, 0.288474190515367, 0.17782766122766133, 0.31694495422877766], [0.21168773726273732, 0.2444407295319062, 0.21580948969331343, 0.32806204351204343], [0.19738585303585304, 0.31960173160173155, 0.21129805749805755, 0.2717143578643578], [0.2756871368397684, 0.2850545981795983, 0.17803113932850786, 0.2612271256521258], [0.2274923762511999, 0.2896830863580864, 0.17489436119436116, 0.3079301761963526], [0.21460394955921278, 0.29059202741702755, 0.16927025197025208, 0.3255337710535077], [0.2538851370851372, 0.29153003663003685, 0.17412212787212789, 0.2804626984126985], [0.2457681818181819, 0.262449605949606, 0.20232806637806644, 0.28945414585414597], [0.2380142385392387, 0.2970508935508936, 0.21001062271062282, 0.25492424519924534], [0.2814050865800867, 0.27101222388722396, 0.1767180985680986, 0.27086459096459087], [0.25368469863469867, 0.24725269730269744, 0.1992612054612056, 0.2998013986013987], [0.26370446971329337, 0.22452194472194476, 0.20627441806559457, 0.30549916749916745], [0.2209590354090356, 0.2549199772449774, 0.21260808635808656, 0.31151290098790085], [0.2712499167499168, 0.25234911754911765, 0.180090994299818, 0.296309971401148], [0.2303984126984128, 0.3142223853030352, 0.16727473228525866, 0.2881044697132931], [0.2090623915300387, 0.3097448151521684, 0.21467528582528592, 0.2665175074925076], [0.25864196081696106, 0.22383223165723182, 0.19969261849261852, 0.31783318903318913], [0.25815104699222347, 0.2752772815419874, 0.21394124209124216, 0.252630429374547], [0.25209811299811313, 0.26737746142746155, 0.22448091908091924, 0.25604350649350655], [0.3062308857808857, 0.21251530136530145, 0.15358988788988787, 0.3276639249639249], [0.25757067932067945, 0.302913938838939, 0.14924083694083703, 0.290274544899545], [0.23537668442668458, 0.28942729966112324, 0.19065127927627945, 0.28454473663591306], [0.23061557886557893, 0.26438623598623606, 0.22923473193473198, 0.27576345321345325], [0.3138744477744479, 0.275548606948607, 0.13597574647574656, 0.27460119880119893], [0.21786626902509254, 0.3081854126265893, 0.20708334998334996, 0.2668649683649686], [0.20487435897435902, 0.325128680796328, 0.21291461120578795, 0.25708234902352556], [0.3189005494505494, 0.1976831612831613, 0.13494844599844605, 0.3484678432678434], [0.19833450511476833, 0.34243913863913883, 0.18175195637695657, 0.2774743998691368], [0.21394345213609928, 0.28251001384236685, 0.22058281163281182, 0.28296372238872236], [0.24995138472638492, 0.28787861305361306, 0.1694843542078837, 0.29268564801211877], [0.22614247974247972, 0.2793923742923744, 0.22754819624819628, 0.26691694971694974], [0.2386342851592853, 0.27759529637029634, 0.2144788239538241, 0.2692915945165946], [0.23931959706959713, 0.24096841850959494, 0.25827998112998124, 0.26143200329082694], [0.23849730824730817, 0.298631430497607, 0.21422212150594513, 0.24864913974913985], [0.2635561466311466, 0.2587855930017696, 0.19182965367965368, 0.28582860668743015], [0.27060700051582404, 0.2736806407644642, 0.16614989454989446, 0.2895624641698171], [0.28274641469641476, 0.2505171217671218, 0.1541573870573871, 0.3125790764790764], [0.2545614654952892, 0.28304028585793267, 0.19623206319823974, 0.2661661854485386], [0.22306565101565115, 0.29722330888066173, 0.17493394187511851, 0.3047770982285688], [0.2634619491619493, 0.27404478299478296, 0.1949014707514708, 0.2675917970917972], [0.30119013939277106, 0.26753704628704617, 0.14788953648690498, 0.283383277833278], [0.24056305916305923, 0.29677940947940973, 0.21075118215118224, 0.2519063492063492], [0.24091812909312915, 0.27466839826839823, 0.18673340548340558, 0.2976800671550671], [0.25642452547452554, 0.26906621156621163, 0.19130500610500617, 0.2832042568542568], [0.30347610518136836, 0.26982133597396757, 0.17042767232767236, 0.2562748865169918], [0.20389352314352324, 0.2894122377622378, 0.2594680819180821, 0.24722615717615717], [0.3042489066489066, 0.20079894517247476, 0.20757389081506739, 0.2873782573635514], [0.2462143023643024, 0.29253082473082487, 0.18013505938505947, 0.2811198135198137], [0.3032730713730714, 0.2274162781662782, 0.15776687201687212, 0.31154377844377834], [0.21620404040404054, 0.2757387870299637, 0.23861114996115002, 0.26944602260484596], [0.307627972027972, 0.3066163891663893, 0.16303346653346656, 0.22272217227217234], [0.3012200771450774, 0.26169086664969027, 0.16021345125462788, 0.2768756049506049], [0.30847885681569903, 0.2626417523996473, 0.14492951288477607, 0.28394987789987797], [0.2700395049395049, 0.22479905454023105, 0.16981159755277403, 0.33534984296748993], [0.2799043734043735, 0.2704764735264734, 0.17662625152625153, 0.27299290154290157], [0.25641381942790625, 0.2761531218781219, 0.2142854091213225, 0.25314764957264974], [0.26246879786879795, 0.29172965449583127, 0.20010537044654703, 0.24569617718882422], [0.23430453990454003, 0.2882464337949633, 0.16690163480310546, 0.31054739149739136], [0.2025721667221667, 0.2672665834165837, 0.23647306582306588, 0.29368818403818403], [0.21930801698301716, 0.3133442002442002, 0.21261376678876695, 0.25473401598401607], [0.29339724719724736, 0.2548250693750694, 0.1928508935508938, 0.2589267898767899], [0.20681540681540703, 0.2888892107892108, 0.208212562927269, 0.2960828194681136], [0.2902632459044225, 0.2446660006660008, 0.15568290598290613, 0.3093878474466711], [0.2594038461538463, 0.2505849079025552, 0.17010249750249753, 0.31990874844110145], [0.2296640220890223, 0.3416222305472306, 0.1772286328051034, 0.2514851145586439], [0.2698946338748969, 0.25272352267615433, 0.18029515207015215, 0.2970866913787965], [0.22036454276717438, 0.2968360445110445, 0.20656418961155815, 0.27623522311022314], [0.2850992247518563, 0.24461993561993586, 0.21096320726057585, 0.25931763236763233], [0.2234014782603019, 0.27968554860172495, 0.21941087246087254, 0.2775021006771008], [0.24128787469840118, 0.24442682329710205, 0.15834315129315144, 0.3559421507113458], [0.27089937284937293, 0.3070737270899037, 0.1821085747585748, 0.23991832530214902], [0.23181287454375693, 0.331784385059385, 0.17988160597572367, 0.25652113442113456], [0.27867103288868, 0.27450757575757573, 0.15983102257219906, 0.2869903687815454], [0.2509649294290163, 0.2833707292707293, 0.17342511932511945, 0.29223922197513535], [0.22524512896803936, 0.23683428679163981, 0.2099729797979799, 0.3279476044423415], [0.22243111333111332, 0.3197164002664003, 0.2005755022755023, 0.2572769841269842], [0.24537129259629262, 0.23474138916638929, 0.17623071928071932, 0.34365659895659895], [0.24515832500832507, 0.27165742868242887, 0.17799932289932294, 0.30518492340992337], [0.24671609697492064, 0.26295734347352007, 0.2007687537952245, 0.28955780575633533], [0.19749184704184714, 0.2707411901823668, 0.2168005553270261, 0.31496640744876037], [0.27248903873903885, 0.28972177822177825, 0.16281384726384734, 0.27497533577533595], [0.28413295038295033, 0.2413503829503829, 0.17813311133311147, 0.29638355533355526], [0.19312029914529938, 0.2977595460095461, 0.2306587412587413, 0.27846141358641374], [0.22375018604546473, 0.28479774833010135, 0.22066877669114524, 0.27078328893328896], [0.2937617918029684, 0.3286996261908027, 0.15141169777934485, 0.22612688422688432], [0.2538002247752246, 0.2520101759351759, 0.19952072372072366, 0.29466887556887567], [0.2702057248307248, 0.2467946331446332, 0.18428270063270077, 0.29871694139194144], [0.24783323343323355, 0.3468469030969031, 0.17528104118104126, 0.2300388222888224], [0.25112668442668457, 0.31122918943801287, 0.16370691334808993, 0.27393721278721284], [0.32920884670884665, 0.21484017453135112, 0.1460318126318127, 0.3099191661279897], [0.26889054279054314, 0.30507435897435903, 0.15409313464313465, 0.2719419635919636], [0.2184771228771229, 0.2740490045901813, 0.17866265401265424, 0.328811218520042]]}, "rewritten": {"ids": ["97105580", "97105960", "97106591", "97106770", "97107260", "97107821", "97109080", "97113260", "97116800", "98106111", "98106880", "98107340", "98109090", "98109570", "98110680", "98112170", "98112300", "99105921", "99107660", "99109141", "99109740", "99110050", "99112840", "99117740", "100107920", "100108990", "100109311", "100109330", "100109360", "100109890", "100109910", "100110050", "100111390", "100113370", "100116790", "101108080", "101109370", "101110150", "101111620", "101111990", "101113210", "101114020", "101115190", "101119591", "102109910", "102110500", "102111990", "102112250", "102118380", "102121440", "103109021", "103110100", "103110220", "103111480", "103111620", "103111830", "103113170", "103113260", "103113610", "103118291", "103120340", "104111711", "104111830", "104116800", "104119340", "105112240", "105112260", "105113260", "105113440", "105115720", "105116501", "105117200", "105117431", "105120280", "106111321", "106113190", "106113260", "106113360", "106116370", "106118161", "106118820", "106119580", "107113360", "107114621", "107116300", "107117010", "107119950", "107120010", "107120260", "108115250", "108116070", "108118520", "108118630", "108120060", "108120621", "109117600", "109118701", "109119010", "109120540", "110115890", "110117080", "110117500", "110117870", "110118810", "110118930", "110119300", "110121140", "111114941", "111115770", "111116530", "111116640", "111117200", "111118820", "111120260", "111120280", "111120531", "111121190", "111121351", "111121930", "112116610", "112118471", "112118530", "112118860", "112119500", "112119980", "112120270", "112121410", "112121430", "113117630", "113118421", "113118490", "113118810", "113119300", "113119320", "113119340", "113119700", "113120531", "113120601", "113121810", "113121950", "113122120", "113122180"], "labels": [1, 2, 1, 3, 2, 2, 2, 1, 0, 0, 0, 0, 1, 1, 2, 3, 2, 1, 3, 3, 3, 3, 2, 2, 0, 2, 1, 0, 0, 3, 2, 3, 2, 3, 2, 0, 1, 1, 3, 2, 3, 3, 1, 0, 2, 3, 2, 0, 1, 2, 0, 1, 2, 0, 0, 3, 3, 3, 2, 0, 1, 1, 3, 1, 1, 1, 3, 3, 0, 1, 1, 3, 1, 3, 0, 0, 3, 0, 2, 3, 3, 3, 0, 0, 0, 1, 3, 1, 1, 1, 1, 0, 1, 1, 1, 1, 3, 3, 1, 2, 1, 1, 3, 1, 1, 1, 3, 0, 3, 3, 0, 0, 0, 3, 0, 0, 1, 0, 1, 1, 1, 1, 3, 2, 0, 0, 0, 2, 0, 3, 1, 3, 1, 1, 0, 0, 0, 2, 2, 3, 1, 2], "predicted_labels": [1, 1, 1, 1, 1, 1, 1, 1, 1, 1, 1, 1, 1, 1, 1, 3, 3, 1, 3, 0, 1, 1, 1, 1, 1, 1, 1, 1, 1, 0, 2, 1, 1, 1, 1, 1, 1, 0, 1, 1, 1, 1, 1, 1, 1, 3, 1, 3, 1, 1, 1, 1, 1, 0, 1, 3, 1, 1, 1, 1, 3, 1, 1, 1, 1, 1, 1, 1, 1, 1, 1, 1, 1, 1, 1, 1, 1, 1, 3, 1, 1, 1, 3, 3, 1, 1, 3, 1, 3, 1, 3, 1, 1, 1, 3, 1, 1, 1, 1, 1, 3, 1, 1, 1, 1, 1, 3, 1, 1, 3, 1, 1, 3, 1, 3, 1, 1, 1, 1, 1, 1, 1, 1, 1, 1, 1, 1, 1, 1, 3, 3, 1, 1, 1, 1, 1, 1, 3, 1, 1, 1, 1], "confidence_scores": [[0.23018053613053624, 0.2967573315573317, 0.21911845017727383, 0.2539436821348585], [0.24023943833943823, 0.2781750360750362, 0.22150442890442903, 0.2600810966810969], [0.21908653846153864, 0.31036655011655, 0.21945677100677113, 0.2510901404151405], [0.2388802364302366, 0.2978367798867799, 0.20730858030858051, 0.25597440337440347], [0.1986064740814741, 0.2961863969363971, 0.2408869963369964, 0.2643201326451327], [0.2582925990675992, 0.3087107781107783, 0.18322283549783563, 0.24977378732378736], [0.22519768009768013, 0.31265013875013886, 0.23262196137196145, 0.22953021978022004], [0.19846001907449273, 0.3000240589819539, 0.23639612033992843, 0.2651198016036253], [0.2379874200962437, 0.3306877622377623, 0.15250325230325235, 0.27882156536274194], [0.2594046786546786, 0.2779247974247975, 0.21490506715506738, 0.247765456765457], [0.24552461149961158, 0.2933553725771993, 0.22967715094503033, 0.23144286497815936], [0.2145779442779443, 0.3047997352320882, 0.2714912143412144, 0.2091311061487532], [0.22085743978243982, 0.2770073379235145, 0.22784759129759138, 0.2742876309964545], [0.22926016761016765, 0.3115526847421587, 0.1778462163567428, 0.2813409312909314], [0.20573613608613617, 0.3451724331224332, 0.20426801531801553, 0.24482341547341555], [0.29051177711177717, 0.22789380619380623, 0.19107708402708423, 0.29051733266733254], [0.2649793179043179, 0.2608777818672555, 0.1921103633208898, 0.2820325369075368], [0.20378520923520937, 0.3271363122257859, 0.2000673452278717, 0.26901113331113324], [0.2886686091686091, 0.26221584804084824, 0.1528851925851927, 0.2962303502053501], [0.27021260406260394, 0.2684513347763349, 0.21450166271636875, 0.24683439844469265], [0.22243771783771793, 0.31541844266844293, 0.22244529914529942, 0.2396985403485406], [0.23719735542235548, 0.3194239796151563, 0.21036528389910758, 0.23301338106338107], [0.18848139638139647, 0.3320918858918858, 0.18712685647685665, 0.29229986124986124], [0.2739225524475523, 0.30891009546009557, 0.18802902375402392, 0.22913832833832834], [0.277418755427579, 0.2964896936396938, 0.13625423824541474, 0.2898373126873127], [0.20714574592074594, 0.3540963508713509, 0.22212060994561011, 0.21663729326229333], [0.25715652125652116, 0.28484116994117026, 0.1933374847374849, 0.26466482406482406], [0.2665573759573758, 0.30380001110001126, 0.21418732378732405, 0.21545528915528936], [0.2496221881060117, 0.31333060240413185, 0.2048437399202106, 0.23220346956964616], [0.280603515928516, 0.2544396936396936, 0.19070346320346337, 0.27425332722832724], [0.1990803093964859, 0.2645645240380536, 0.285327306027306, 0.25102786053815473], [0.2310924357204543, 0.2844346813661055, 0.23801166406692745, 0.24646121884651312], [0.24471358837241194, 0.29470526418026427, 0.1951935739097505, 0.26538757353757353], [0.23680775058275072, 0.30162355144855174, 0.21304019869019886, 0.24852849927849946], [0.1878555412423835, 0.3155641633220581, 0.23627024437550767, 0.2603100510600509], [0.255482067932068, 0.27468344514962173, 0.20066293902176263, 0.2691715478965479], [0.226337099012099, 0.29364776334776327, 0.2519533133533135, 0.2280618242868244], [0.2778355033855034, 0.25911011766011793, 0.1922538128538129, 0.27080056610056613], [0.23384121989121998, 0.32169248529248556, 0.2207680652680655, 0.2236982295482294], [0.17785199245199243, 0.34759421134421126, 0.22498171273171297, 0.24957208347208365], [0.2741370787709024, 0.2994432456432457, 0.17266159755277413, 0.25375807803307815], [0.21490599473625804, 0.30291163836163837, 0.19887814407814414, 0.2833042228239597], [0.23782142894944763, 0.30165937889080324, 0.19116180836707153, 0.2693573837926779], [0.26235753924438143, 0.27789874344781473, 0.1885637175689809, 0.27117999973882323], [0.21589343352725715, 0.2731101842601843, 0.24242102701220364, 0.2685753552003553], [0.22567460513342896, 0.27554016539016546, 0.19961772753390414, 0.299167501942502], [0.2758781476693242, 0.3090881820793586, 0.16369452606217325, 0.25133914418914427], [0.2697780627868864, 0.24447834387834397, 0.18156219336219334, 0.30418139997257654], [0.1960937680740313, 0.31510316040168984, 0.2546296504149446, 0.23417342110933456], [0.23447173659673673, 0.2970078810078811, 0.22277051282051305, 0.2457498695748696], [0.24875109335109338, 0.2995368326118326, 0.2029023754023755, 0.24880969863469865], [0.20519388389388396, 0.32515217641835265, 0.23974160284160304, 0.22991233684616053], [0.2119390276390278, 0.3026838772338772, 0.26975338550338546, 0.21562370962370983], [0.2937530330780332, 0.27038100314717967, 0.1839400488400489, 0.2519259149347385], [0.22561514400632057, 0.2902333496568793, 0.2370119658119659, 0.2471395405248346], [0.2564094092182327, 0.2530415723165723, 0.18925023865023874, 0.3012987798149563], [0.23144879564879586, 0.30714801864801866, 0.2351625430125432, 0.2262406426906428], [0.2514454065542301, 0.2821213425463425, 0.22032648266765914, 0.24610676823176833], [0.21643008103008107, 0.29846511544011545, 0.2489277999778, 0.23617700355200352], [0.24254776013460222, 0.28297940363729857, 0.2015318105870738, 0.2729410256410255], [0.2296166611166612, 0.25909221334221355, 0.2441899822399823, 0.26710114330114354], [0.22911245143745163, 0.27629335664335675, 0.23129559884559897, 0.26329859307359316], [0.20757306582306592, 0.299615528915529, 0.23571602286602297, 0.2570953823953825], [0.2660854118104118, 0.2864400274562041, 0.21074151404151412, 0.23673304669187042], [0.17894901764901774, 0.297480747030747, 0.26147031302031315, 0.2620999222999224], [0.23173888888888894, 0.29240071595071593, 0.228917576867577, 0.24694281829281836], [0.2076162476412477, 0.32634305139305136, 0.23186993561993577, 0.23417076534576547], [0.22532776112776123, 0.32219684482184496, 0.2171134532134533, 0.235361940836941], [0.25557979520479507, 0.2950016844266847, 0.16905227827727845, 0.28036624209124217], [0.2157543975632211, 0.32475463980463976, 0.22170567014684667, 0.23778529248529262], [0.20300500055500062, 0.302731118881119, 0.21894761349761357, 0.27531626706626716], [0.2222436785436784, 0.31141329226329234, 0.24135405150405154, 0.22498897768897774], [0.21505871154988818, 0.3256873234608529, 0.20663917193917208, 0.25261479305008727], [0.2089415445665446, 0.29818891108891127, 0.2523033522033523, 0.24056619214119215], [0.24558523932208143, 0.31554715810505296, 0.21746788007314324, 0.22139972249972265], [0.24599772449772467, 0.32803140748140747, 0.16146603396603407, 0.2645048340548342], [0.17640918525918525, 0.3368962870462871, 0.24872811077811102, 0.23796641691641707], [0.27190614026496385, 0.2804501887001888, 0.1775037720449487, 0.2701398989898991], [0.23396697469197492, 0.26790383864501527, 0.2252592157842159, 0.2728699708787945], [0.2807853008103009, 0.33015028027528037, 0.17375414030414035, 0.21531027861027874], [0.1984066802478568, 0.3108470795544325, 0.24191389248006917, 0.248832347717642], [0.20364818155700506, 0.31379097014097, 0.2602301179212946, 0.22233073038073042], [0.2675672854922855, 0.2535741000829237, 0.1658446700358467, 0.31301394438894437], [0.24873154623154636, 0.2714501562163327, 0.17218621933621944, 0.30763207821590177], [0.17936836496836508, 0.3299161949161949, 0.24595603840603855, 0.24475940170940183], [0.195017316017316, 0.2967273004773004, 0.2733742923742925, 0.23488109113109126], [0.22827318433200794, 0.2850814935064936, 0.18116885141002795, 0.3054764707514707], [0.19907127872127875, 0.3056011108172873, 0.24899797065679427, 0.24632963980463993], [0.24964031719914076, 0.2702768453768455, 0.20811932316049964, 0.27196351426351445], [0.2065971583971584, 0.3005614718614721, 0.22704188589188598, 0.2657994838494841], [0.23412748917748932, 0.26139609834609856, 0.22594700854700872, 0.2785294039294039], [0.2266788655788657, 0.30793462093462115, 0.19830367965367982, 0.26708283383283377], [0.18040283605283608, 0.31887217978100346, 0.24894685118802776, 0.251778132978133], [0.23270942288705448, 0.3342047480297482, 0.2142762747486432, 0.2188095543345543], [0.2603955322455324, 0.27880322455322454, 0.18103457653457664, 0.2797666666666666], [0.22428211984094337, 0.2714073315573317, 0.2462914565826331, 0.25801909201909207], [0.23897774725274737, 0.29097770562770575, 0.1976742202242204, 0.2723703268953271], [0.2177208097458097, 0.31493082750582774, 0.213055266955267, 0.25429309579309584], [0.23429445831945836, 0.30005454545454546, 0.23744223554223579, 0.22820876068376084], [0.21306726051726066, 0.2974691289103055, 0.23303949302331667, 0.2564241175491176], [0.17468685203685214, 0.2971113367025134, 0.22207847903730257, 0.3061233322233322], [0.22387095682095684, 0.30861376956376974, 0.17745408284525932, 0.2900611907700143], [0.20848697136197136, 0.28877499999999984, 0.2434493783993786, 0.2592886502386502], [0.2432009045649912, 0.2806958605120368, 0.21840454349572008, 0.25769869142725177], [0.19907519702519713, 0.294729847929848, 0.24457437562437587, 0.2616205794205795], [0.20564911004028666, 0.32575979853479853, 0.19592912087912093, 0.27266197054579405], [0.22342017067899433, 0.2845343323343323, 0.194253816444993, 0.29779168054168054], [0.24577951492951491, 0.3043404076315842, 0.1814020479520481, 0.268478029486853], [0.2637423964923965, 0.2966415362415363, 0.16805333000333025, 0.2715627372627373], [0.20687205294705302, 0.2665834554334556, 0.22950953768453786, 0.2970349539349541], [0.25452192725575085, 0.3039067016317017, 0.2048320271232036, 0.236739343989344], [0.20662028167910523, 0.3299593906093908, 0.21568335357453022, 0.24773697413697432], [0.26356443001443014, 0.27638290043290054, 0.18206510156510175, 0.2779875679875681], [0.25175862470862487, 0.27778739593739615, 0.2145485847485848, 0.2559053946053945], [0.24745091020091028, 0.2681298701298702, 0.16923964923964932, 0.3151795704295706], [0.2552918715787138, 0.30937233848023343, 0.18668626169152497, 0.24864952824952832], [0.21082422022422018, 0.2972936341436344, 0.23800432900432916, 0.2538778166278166], [0.2700796904849537, 0.2847271506271506, 0.17312528582528602, 0.27206787306261], [0.22437611628137952, 0.27436808746808766, 0.23518316332790024, 0.2660726329226329], [0.25128992630176844, 0.29689563185352646, 0.20692717078243403, 0.24488727106227132], [0.20194446468564123, 0.3328689898336958, 0.213078068336892, 0.2521084771437713], [0.20593050356076664, 0.3046058830058833, 0.22331012794395155, 0.2661534854893987], [0.2558824730824732, 0.3307470640470641, 0.17620336885336904, 0.23716709401709413], [0.20025220890220896, 0.31609460261960254, 0.22863752358752376, 0.255015664890665], [0.21784506522888872, 0.32830969030969037, 0.20164128175745838, 0.2522039627039628], [0.24528572816072827, 0.33451178543678556, 0.15618757353757365, 0.264014912864913], [0.25702842157842165, 0.2914840076590075, 0.1960788156288158, 0.25540875513375527], [0.23053258086942308, 0.2851380874371587, 0.2223181964234597, 0.2620111352699588], [0.22979141414141413, 0.32671891996892005, 0.18904723054723066, 0.25444243534243544], [0.23419343989344013, 0.2736128299804771, 0.1939933840669137, 0.29820034605916945], [0.23461536796536797, 0.2536838661338662, 0.20509134166487106, 0.30660942423589466], [0.1909963314463315, 0.335541847041847, 0.2230667610167612, 0.25039506049506055], [0.2185104173604173, 0.3322563048063049, 0.19814615939615957, 0.2510871184371185], [0.22635497835497848, 0.3164297841047841, 0.18974004329004338, 0.2674751942501942], [0.23369184704184717, 0.2858325729825732, 0.20418524253524267, 0.27629033744033743], [0.2209070948659185, 0.3250316294816297, 0.21188671328671335, 0.24217456236573892], [0.24089376734376738, 0.3341023365523365, 0.18042272727272732, 0.24458116883116895], [0.2203995837495838, 0.23868563625916575, 0.24435305054422712, 0.29656172944702364], [0.21353379594261948, 0.34348463758463793, 0.2254659931571698, 0.2175155733155733], [0.2284423298923299, 0.31800824730824734, 0.1971232822732824, 0.2564261405261406], [0.22419763928881578, 0.2953624039359334, 0.21892758907758927, 0.26151236769766195], [0.19536212398712408, 0.30214211344211334, 0.2054811910311912, 0.2970145715395715]]}}