{"test": {"ids": ["110114920", "112120540", "110114651", "100108520", "107114490", "112117660", "109114651", "113121410", "105118171", "99117630", "108113620", "112119950", "99112531", "99107300", "102114270", "102116500", "111117571", "109119010", "107113260", "108114180", "109113591", "113120260", "104111780", "99107660", "108114040", "113118111", "100108080", "103120780", "111114121", "105115570", "98109311", "112117571", "110119030", "110118121", "103120340", "111119300", "100113210", "111115910", "103111480", "110115250", "113122430", "106115240", "113119450", "103111170", "113118870", "105110091", "105111990", "111121351", "111119580", "98117740", "105121190", "102109850", "97105760", "104113240", "104113210", "100108580", "112116501", "111118810", "109118820", "113121010", "106113260", "106116441", "113120280", "101112540", "109119340", "110121140", "104116441", "105116650", "106118301", "103113610", "108115870", "110117080", "104110960", "110114561", "97106600", "98106680", "109119460", "97106591", "106119990", "110118810", "111117000", "108118630", "100120780", "112120670", "112120630", "112121010", "108114200", "111121930", "104114240", "111119250", "99109161", "104112470", "111118301", "112117780", "112118860", "111120640", "100112060", "113120531", "101121640", "113117630", "107118780", "110116290", "107115140", "108121190", "101108621", "106117790", "101119591", "102108621", "112120700", "113118620", "105117431", "99109311", "108117360", "101113210", "108119330", "104117630", "104111990", "97114170", "99111620", "112119980", "97116790", "110116441", "103118291", "98112170", "111120531", "99109780", "110117870", "112116800", "109118701", "110113591", "103109791", "97107950", "98106880", "111117480", "111116100", "110118701", "100111620", "104111830", "109118161", "107113360", "102110240", "98107340"], "labels": [3, 3, 3, 2, 3, 0, 3, 0, 3, 3, 3, 0, 3, 3, 3, 1, 3, 3, 0, 1, 3, 3, 3, 3, 0, 1, 0, 1, 0, 0, 1, 3, 0, 3, 1, 1, 0, 2, 0, 1, 2, 1, 3, 2, 0, 0, 2, 0, 3, 2, 2, 1, 0, 2, 3, 0, 3, 0, 3, 2, 3, 0, 0, 2, 3, 3, 1, 1, 1, 2, 3, 1, 2, 0, 3, 1, 1, 1, 0, 1, 0, 1, 1, 2, 3, 2, 0, 1, 0, 1, 3, 1, 3, 0, 3, 0, 2, 0, 2, 0, 1, 2, 0, 1, 0, 1, 0, 3, 2, 3, 1, 1, 1, 3, 0, 0, 2, 2, 3, 0, 2, 3, 0, 3, 0, 2, 3, 0, 3, 0, 3, 2, 0, 1, 3, 3, 3, 3, 0, 0, 3, 0], "predicted_labels": [1, 1, 1, 0, 3, 3, 0, 3, 1, 1, 0, 0, 3, 0, 1, 2, 0, 1, 2, 3, 3, 1, 1, 0, 3, 3, 1, 3, 1, 0, 0, 3, 3, 3, 2, 3, 0, 0, 1, 1, 3, 0, 0, 0, 3, 3, 0, 0, 0, 3, 2, 0, 2, 1, 0, 2, 3, 1, 3, 1, 1, 0, 0, 1, 3, 3, 0, 1, 0, 0, 3, 3, 0, 1, 2, 1, 3, 2, 3, 1, 0, 3, 3, 2, 1, 1, 1, 0, 1, 1, 0, 3, 0, 0, 3, 1, 0, 3, 1, 1, 1, 2, 3, 1, 3, 3, 0, 0, 2, 1, 2, 3, 3, 3, 0, 0, 0, 3, 3, 3, 2, 2, 1, 3, 1, 0, 3, 3, 3, 3, 2, 3, 2, 3, 3, 3, 2, 1, 1, 1, 2, 2], "confidence_scores": [[0.00011119140511215683, 0.9962593681609644, 0.0036221618270395727, 7.278606883902963e-06], [5.486694479421266e-05, 0.9980935750279426, 8.561631925089363e-05, 0.0017659417080121945], [0.00041988045822322626, 0.9805198384531041, 6.694668433409591e-05, 0.01899333440433859], [0.7775194062542173, 0.0019782719442973714, 0.01370150075714645, 0.2068008210443389], [0.002816213456647728, 4.354764710345733e-05, 0.05538726518326839, 0.9417529737129804], [0.0009220323206021371, 0.012313518979566337, 0.0003546071686980532, 0.9864098415311335], [0.9299805728773598, 0.06992926278657112, 8.26257348449989e-05, 7.538601224027319e-06], [1.5220298116644098e-10, 1.185817535287822e-10, 2.162423657647413e-09, 0.9999999975667917], [1.8150600714029556e-05, 0.9999747700601451, 2.0730777078570426e-09, 7.077266063001428e-06], [0.0015515436554682535, 0.9980734957126532, 2.0178611603100664e-08, 0.00037494045326704194], [0.6869449433299255, 0.0023411753460677726, 0.0002394194871325394, 0.31047446183687416], [0.7232873395579862, 0.1443596611241125, 5.25289641541895e-05, 0.132300470353747], [0.1709480047615002, 0.00010920041530146708, 0.0012525468451242586, 0.827690247978074], [0.6947459055574708, 0.3052537774948074, 6.380020410836286e-08, 2.531475177110405e-07], [0.10970325060796302, 0.8816561768228262, 0.0004158589010609225, 0.00822471366814991], [0.002060983682905828, 0.004893401404588301, 0.9412947235545083, 0.05175089135799749], [0.6014668162516636, 0.3962729430228386, 0.0018459082531946545, 0.000414332472302898], [0.0016471372055380656, 0.8434512273303844, 0.000804426240453206, 0.15409720922362427], [0.000226758149633104, 0.12888615129393377, 0.869355842472877, 0.0015312480835560655], [2.2445272401905193e-06, 0.006161736351984973, 0.0005478839133986973, 0.9932881352073762], [0.00025428811606880407, 0.3715987813611562, 9.520612226942694e-06, 0.628137409910548], [1.7918252602349597e-05, 0.9973351524376423, 2.9589869407402954e-05, 0.0026173394403480976], [1.4993569746292188e-06, 0.9999681295337806, 4.677426455082195e-06, 2.569368278966489e-05], [0.9980958661527606, 5.409038343973663e-05, 7.060390860316012e-05, 0.0017794395551963898], [0.018851037188902794, 0.03948260888831121, 0.16616323912089706, 0.7755031148018889], [0.0767659519250694, 0.008365559352954821, 7.986197953096949e-05, 0.9147886267424449], [2.4034208462280994e-05, 0.9997962090767646, 3.941654180529287e-06, 0.00017581506059244752], [5.874359959306454e-05, 0.033718394531596946, 0.0701269423654422, 0.8960959195033679], [7.791500799112805e-07, 0.9994313451286113, 0.00015556131295031084, 0.0004123144083585088], [0.5496054409210174, 0.22362806352378847, 0.018686137579839033, 0.20808035797535515], [0.6081938113111527, 0.020053498580242166, 0.2973749126020308, 0.07437777750657429], [0.004015984680981533, 0.016678908219278202, 2.6426996205676764e-06, 0.9793024644001198], [0.001483349038560338, 0.0002066859336439443, 0.00028236829900209903, 0.9980275967287935], [0.00026118620124238425, 0.2780500266519749, 3.3855934328980185e-06, 0.7216854015533498], [0.0010624992963907678, 5.552018592705679e-05, 0.945988316283879, 0.05289366423380313], [4.3937302581165205e-05, 1.648732627074598e-05, 2.1488328637434687e-06, 0.9999374265382843], [0.9922820813902702, 0.005880283432580247, 0.00020532139083428175, 0.0016323137863152222], [0.43504066547195164, 0.2602819649798762, 0.023189740567952904, 0.28148762898021923], [0.06992215947768407, 0.9287935444732863, 0.0006947304172168704, 0.0005895656318128002], [0.0016872620065926072, 0.7498420144103699, 2.8340950104341098e-05, 0.24844238263293322], [0.0005462605840417057, 0.38067161970771457, 0.011849488899519601, 0.6069326308087242], [0.9930719981749481, 0.0002916793831985818, 0.00663198241340537, 4.34002844787739e-06], [0.9966463504956569, 0.00022288727112059246, 0.0007683226071456456, 0.0023624396260768813], [0.7498552216682737, 0.03593796349649995, 0.21420096569225455, 5.8491429717499915e-06], [0.43165497480085735, 0.0011683398270065297, 2.262779528089048e-05, 0.5671540575768551], [1.5031459964615977e-05, 8.517445602580386e-06, 8.88944548915601e-06, 0.9999675616489436], [0.9962472686737716, 4.7382427687843965e-06, 8.146105005275774e-07, 0.0037471784729589362], [0.7743698647235774, 0.19750640384350002, 0.025515734245166368, 0.002607997187756203], [0.9991117180267427, 1.8220378835930469e-07, 0.0008880962059414902, 3.563527463812762e-09], [3.564642848828225e-05, 0.37555940244699426, 0.038778784699504326, 0.5856261664250132], [6.141622092894828e-06, 0.25995105149865483, 0.6444632972889143, 0.09557950959033797], [0.42572699027326244, 0.15427966622703718, 0.41987071037816154, 0.0001226331215389218], [2.0124557521685728e-05, 5.3999876703394166e-08, 0.9965242272191748, 0.003455594223426889], [0.002206882334665289, 0.9852303988406306, 0.011602251282736268, 0.0009604675419679304], [0.5624183109353369, 0.00011694204698988259, 0.0009712067123173432, 0.43649354030535586], [0.25559852356561696, 0.13446486118433168, 0.5972612180884534, 0.012675397161597926], [0.0018552920354476202, 0.00019039944962872372, 2.180384670940407e-05, 0.9979325046682143], [0.2678598774918307, 0.5612228401732691, 3.843185634559511e-06, 0.17091343914926568], [0.0026022721867861873, 0.007743378889016168, 0.0007880980911441532, 0.9888662508330536], [0.015156212541364303, 0.9788940227987714, 5.83651244014914e-05, 0.005891399535462888], [0.07468205094333343, 0.7429807507060209, 0.09523565760030747, 0.08710154075033812], [0.9723625501725756, 0.027355322323478797, 1.0771155227694877e-07, 0.0002820197923932074], [0.9945806384299309, 0.0013470858492601319, 6.112097891566927e-06, 0.004066163622917282], [4.38788453724981e-05, 0.7804384513733411, 0.14442333709892555, 0.07509433268236065], [0.06649677971442747, 0.004713014468209692, 0.1761737171472569, 0.752616488670106], [0.0011237992202886636, 1.0058975461443282e-05, 1.710458000258398e-05, 0.9988490372242472], [0.9808019354607295, 0.012673616279437954, 2.778306889383762e-06, 0.0065216699529432555], [0.23385438115398846, 0.6303258620657036, 0.13548767475628748, 0.0003320820240204454], [0.8006916515159531, 0.19930625112669265, 1.407179073193273e-06, 6.901782812416999e-07], [0.9992588414745103, 7.282756514141243e-05, 0.0004540956808843623, 0.00021423527946389447], [0.0006658583994368337, 4.880787540657753e-07, 0.03299597900513893, 0.9663376745166702], [2.3666389393548724e-07, 0.021596228545094565, 0.10337790060583743, 0.875025634185174], [0.9029314577988519, 0.07861764654675693, 0.00013254865960721078, 0.01831834699478411], [0.002732548032656604, 0.9972672831687419, 2.9097959836904167e-08, 1.3970064144996543e-07], [0.002647400280490027, 0.03986451455150418, 0.5512522852483563, 0.4062357999196495], [0.0005755462197108769, 0.9267682333309178, 0.07260690164862406, 4.9318800747146586e-05], [0.0001824331930483134, 0.001938126352429028, 3.104224631666039e-08, 0.9978794094122764], [4.0866292155306515e-07, 0.0001132072422340985, 0.9986047284714785, 0.0012816556233659132], [1.1161299337523821e-06, 2.8872952617943037e-07, 0.0002456583345109834, 0.9997529368060292], [0.2604092515683668, 0.7275327721498696, 0.004722329647614105, 0.007335646634149711], [0.7578904313270669, 1.9861047657598308e-05, 0.0004575691495024376, 0.24163213847577297], [7.96388025900508e-05, 0.11479615259952965, 4.695767339133731e-05, 0.885077250924489], [9.204350219464196e-05, 6.96230112955788e-07, 0.01284493945892063, 0.9870623208087717], [0.035307278519776886, 0.03514543767493142, 0.8564218709944109, 0.07312541281088066], [3.163472505995988e-08, 0.9999481740701206, 4.025906718162671e-05, 1.1535227972788264e-05], [0.11859172298876794, 0.448984132500358, 0.008997925355368247, 0.4234262191555059], [0.33218849266108313, 0.6606667494098597, 3.0251000875795657e-05, 0.007114506928181142], [0.999834602532509, 0.00014846872126483138, 8.862931902154665e-07, 1.6042453035930263e-05], [0.007814533769779315, 0.9919660471632191, 0.00011849502567675416, 0.00010092404132494127], [0.00026686137516329276, 0.6728510646295505, 0.0013715369419483236, 0.32551053705333777], [0.9999231085564386, 7.398753133829669e-05, 2.8953576847521158e-06, 8.554538214468555e-09], [0.0005833042990641377, 0.0017270852974360569, 0.15389774308088375, 0.8437918673226161], [0.8892290623602735, 0.031051094381274753, 0.0005141912982652569, 0.07920565196018625], [0.9584217752904886, 0.033471147778873736, 0.003210534500351931, 0.004896542430285654], [0.022608139638674297, 0.20315084106439726, 0.0040166568326286305, 0.7702243624642997], [0.1995443433639985, 0.7543165981603029, 2.635114077950925e-07, 0.04613879496429083], [0.5608953455600513, 4.782320789494495e-05, 0.43776325192904564, 0.001293579303008137], [0.08397691082687532, 0.0003144809859472433, 0.1870238186033191, 0.7286847895838583], [0.00012351171791225713, 0.6127804518764827, 0.0020356026011207765, 0.3850604338044844], [0.07571138867954826, 0.6267277405591947, 0.29685886450713617, 0.0007020062541210078], [0.015415218299689667, 0.5586532442568104, 8.335381527552556e-07, 0.4259307039053473], [0.014481625554679706, 2.0139747206740124e-05, 0.9854981531956447, 8.15024689151051e-08], [0.00037533023191276617, 3.2284009089370363e-06, 0.000761014467263401, 0.9988604268999149], [1.9726467313445407e-05, 0.9998878852411512, 1.3046402937229287e-07, 9.225782750592984e-05], [0.0007593169726942648, 0.140930141830415, 9.836379982388114e-05, 0.8582121773970668], [0.2811691832024023, 0.03307036923654402, 0.29131504633854594, 0.3944454012225077], [0.9556328087940825, 0.009719375663743908, 0.013304373595864324, 0.02134344194630926], [0.6151774990310099, 0.022928881434124252, 1.010082392000477e-05, 0.3618835187109458], [3.6870481286773996e-05, 0.010296548686627471, 0.9615395395867586, 0.0281270412453272], [6.794730103628579e-06, 0.9960768542197876, 5.2014100361446525e-08, 0.003916299036008329], [0.02834063102689479, 0.29281594303309494, 0.6782917844212318, 0.0005516415187784583], [0.00010559032343026239, 2.9934167559968124e-07, 0.11465321240391108, 0.8852408979309829], [6.60095866292375e-07, 0.08606209015665618, 0.25803206305422666, 0.6559051866932509], [0.17084384675539283, 9.673713887970023e-05, 0.013614270177307567, 0.81544514592842], [0.9993156067924038, 0.0005645973838665241, 3.695306469627841e-05, 8.284275903326323e-05], [0.9865152661961607, 0.012338187864884196, 2.247244621317146e-05, 0.001124073492742093], [0.9998330960922832, 4.257261341374839e-05, 0.0001242734699187362, 5.782438442761807e-08], [2.055514327752917e-07, 0.2149176262224164, 4.3425077752088505e-05, 0.7850387431483988], [2.6328247029086564e-05, 2.7677828712609294e-05, 4.797333816152285e-05, 0.9998980205860968], [9.44333786503267e-05, 5.96763942285521e-06, 1.2012884183745428e-05, 0.9998875860977432], [0.12953438039949897, 0.04850575372236523, 0.8186500865094424, 0.003309779368693433], [0.015921839832933046, 0.021084870515472837, 0.9622356171360175, 0.0007576725155765525], [0.45611228548187976, 0.5346779805185158, 0.005963730405967446, 0.003246003593636986], [0.024412855289977713, 0.051793947252985154, 0.005072973645771433, 0.9187202238112657], [2.5230157832474545e-05, 0.5589118653447549, 0.0002592691445642498, 0.4408036353528484], [0.5615533400205739, 0.08268493798077142, 0.22181951242097456, 0.13394220957768013], [0.03231452849657255, 0.14226179579611112, 0.016643486060891888, 0.8087801896464244], [0.07139080605001927, 0.04247023166922007, 0.00028738973278741385, 0.8858515725479732], [0.31521137115131687, 0.08868469884662954, 0.0010885026715789807, 0.5950154273304747], [0.41233292883726175, 0.0210143927131804, 4.6437073064630536e-09, 0.5666526738058506], [0.00025055729517440775, 8.196327418218532e-06, 0.9918169518708496, 0.007924294506557896], [0.0015624510430515598, 0.08567081273397577, 0.007091094316588982, 0.9056756419063836], [0.043270773248835714, 3.3762230070215733e-05, 0.9477434988398237, 0.008951965681270477], [0.30251905417195163, 0.05232519649021927, 0.0015511774621246536, 0.6436045718757044], [0.00020578303099657875, 1.6497697634892117e-05, 1.2983286766895434e-07, 0.9997775894385008], [0.469337744602574, 0.0014702658669021218, 0.004308249865289335, 0.5248837396652345], [0.0009487396179931404, 0.005622651867725914, 0.942170898905389, 0.05125770960889198], [0.0012062347242888557, 0.6369856618160856, 0.034738193897470564, 0.3270699095621549], [0.008778020299956566, 0.9909170241727872, 0.00029017389300697453, 1.4781634249221353e-05], [0.010844827020145421, 0.8115208676095467, 0.032988222630088916, 0.14464608274021903], [0.00013748856712755248, 1.8916207271221223e-05, 0.9983599889087711, 0.0014836063168301439], [3.1954952795711286e-06, 0.011480780430692155, 0.7624636771979232, 0.2260523468761051]]}, "rewritten": {"ids": ["97105760", "97106591", "97106600", "97107950", "97114170", "97116790", "98106680", "98106880", "98107340", "98109311", "98112170", "98117740", "99107300", "99107660", "99109161", "99109311", "99109780", "99111620", "99112531", "99117630", "100108080", "100108520", "100108580", "100111620", "100112060", "100113210", "100120780", "101108621", "101112540", "101113210", "101119591", "101121640", "102108621", "102109850", "102110240", "102114270", "102116500", "103109791", "103111170", "103111480", "103113610", "103118291", "103120340", "103120780", "104110960", "104111780", "104111830", "104111990", "104112470", "104113210", "104113240", "104114240", "104116441", "104117630", "105110091", "105111990", "105115570", "105116650", "105117431", "105118171", "105121190", "106113260", "106115240", "106116441", "106117790", "106118301", "106119990", "107113260", "107113360", "107114490", "107115140", "107118780", "108113620", "108114040", "108114180", "108114200", "108115870", "108117360", "108118630", "108119330", "108121190", "109113591", "109114651", "109118161", "109118701", "109118820", "109119010", "109119340", "109119460", "110113591", "110114561", "110114651", "110114920", "110115250", "110116290", "110116441", "110117080", "110117870", "110118121", "110118701", "110118810", "110119030", "110121140", "111114121", "111115910", "111116100", "111117000", "111117480", "111117571", "111118301", "111118810", "111119250", "111119300", "111119580", "111120531", "111120640", "111121351", "111121930", "112116501", "112116800", "112117571", "112117660", "112117780", "112118860", "112119950", "112119980", "112120540", "112120630", "112120670", "112120700", "112121010", "113117630", "113118111", "113118620", "113118870", "113119450", "113120260", "113120280", "113120531", "113121010", "113121410", "113122430"], "labels": [0, 1, 3, 2, 2, 2, 1, 0, 0, 1, 3, 2, 3, 3, 3, 1, 2, 3, 3, 3, 0, 2, 0, 3, 2, 0, 1, 0, 2, 3, 0, 2, 3, 1, 3, 3, 1, 3, 2, 0, 2, 0, 1, 1, 2, 3, 3, 2, 1, 3, 2, 0, 1, 0, 0, 2, 0, 1, 1, 3, 2, 3, 1, 0, 1, 1, 0, 0, 0, 3, 0, 1, 3, 0, 1, 0, 3, 1, 1, 0, 1, 3, 3, 0, 3, 3, 3, 3, 1, 0, 0, 3, 3, 1, 2, 3, 1, 3, 3, 3, 1, 0, 3, 0, 2, 3, 0, 1, 3, 3, 0, 1, 1, 3, 0, 0, 0, 1, 3, 0, 3, 0, 0, 3, 0, 0, 3, 3, 2, 2, 2, 0, 1, 3, 0, 3, 3, 0, 0, 2, 0, 2], "predicted_labels": [2, 3, 3, 3, 1, 1, 1, 2, 3, 2, 3, 1, 1, 0, 0, 3, 1, 3, 3, 1, 3, 3, 2, 2, 0, 0, 3, 3, 1, 0, 0, 1, 3, 1, 2, 0, 2, 3, 2, 0, 0, 0, 3, 3, 0, 1, 3, 0, 3, 3, 1, 1, 0, 0, 3, 0, 3, 2, 1, 1, 3, 1, 0, 0, 3, 1, 3, 2, 1, 3, 3, 0, 3, 1, 3, 1, 3, 1, 3, 0, 1, 3, 0, 1, 3, 3, 1, 0, 3, 3, 0, 1, 2, 0, 2, 2, 2, 3, 3, 3, 3, 3, 3, 1, 1, 3, 3, 3, 1, 0, 1, 1, 3, 0, 1, 0, 0, 0, 3, 3, 3, 3, 0, 1, 0, 3, 1, 1, 3, 2, 1, 1, 3, 1, 3, 0, 1, 3, 2, 1, 3, 1], "confidence_scores": [[0.0012312389161898947, 8.09399719221094e-07, 0.7082684668588546, 0.29049948482523635], [3.150728451969924e-05, 2.158889557788255e-05, 0.46880999430181075, 0.5311369095180916], [0.02852906704334129, 0.09137291220419365, 0.2801564087263915, 0.5999416120260735], [0.0005229987748288463, 0.024141168539249733, 0.00018722816209803316, 0.9751486045238235], [1.1364188602354178e-08, 0.7609877555208486, 1.0281862172120309e-05, 0.23900195125279064], [0.004034108255786165, 0.9940613756315161, 0.0006034703487530998, 0.0013010457639445886], [0.0029317561818234298, 0.9892758453604389, 0.006253297578656347, 0.0015391008790813718], [0.2868553420423553, 0.00045152082636227284, 0.7022203397678691, 0.010472797363413252], [7.585443771752898e-08, 0.0005503553289087885, 0.05367506455963422, 0.9457745042570193], [0.1041879299077043, 0.0289688243111326, 0.4790465354415394, 0.38779671033962365], [0.0007500663162066908, 0.01012384944312363, 1.92928835752652e-05, 0.9891067913570945], [6.580580247443924e-06, 0.5361699792179963, 0.1404839010398431, 0.3233395391619132], [0.427556619829151, 0.5724389092758675, 2.554264765338196e-07, 4.215468504926595e-06], [0.8884539143887745, 0.0010570326125976582, 0.0034307411817179195, 0.10705831181691002], [0.8995675118733368, 0.10036620115519106, 6.51277728635432e-05, 1.1591986086089317e-06], [0.00018150014500388959, 6.602059029150139e-08, 0.4564181554796407, 0.543400278354765], [0.04988471324024293, 0.6356514530529765, 0.2566015141069981, 0.05786231959978255], [4.884419964033858e-07, 1.4144985046995944e-06, 1.3076611152610544e-06, 0.9999967893983837], [0.08283202022327198, 0.0032580287971458177, 0.005603634129296334, 0.9083063168502857], [7.326283470025235e-05, 0.9997409967855422, 2.1624927001029783e-09, 0.00018573821726503782], [0.000432016968966666, 0.24736690561625302, 4.9103208963675404e-05, 0.7521519742058167], [0.0014027477039010455, 0.0026472491691132954, 0.005928401550617454, 0.9900216015763682], [0.11496141988326088, 0.17579398288813994, 0.5700297231054429, 0.13921487412315628], [0.0017161601780304192, 0.0005279337130184185, 0.8998299578208794, 0.09792594828807179], [0.8503232787307281, 0.0038769011528852087, 0.08819343892736431, 0.05760638118902243], [0.9799083789507448, 0.0014603158792936223, 0.00013225829759505912, 0.01849904687236657], [0.006268962722590478, 9.841834310600857e-06, 0.2639032379315517, 0.7298179575115472], [0.00011314742806800535, 0.10325253925806874, 9.058993249402905e-06, 0.8966252543206139], [1.0193725702264368e-06, 0.992898327043674, 0.004236407922383751, 0.002864245661372065], [0.7621433350903096, 2.8653891767241362e-05, 0.0020136215262462546, 0.2358143894916767], [0.9609175967670522, 0.0011336837570843506, 0.0012501618275109919, 0.036698557648352434], [1.5282676263618032e-05, 0.9215577196998195, 0.00040962512487335585, 0.07801737249904356], [3.978790681927849e-06, 0.016403454884852807, 1.509231073288493e-06, 0.9835910570933919], [0.015299409804444046, 0.9632057188915691, 0.02126349991937529, 0.00023137138461167773], [3.0296667355018604e-05, 1.600318550336651e-06, 0.989790994944127, 0.010177108069967626], [0.8992146359521276, 0.09680876457271748, 3.39379755020223e-05, 0.003942661499652796], [0.00793659665355445, 0.006875590238984033, 0.8378755403057613, 0.14731227280170014], [0.0060996284972661356, 4.811686579885857e-05, 0.43010570853698193, 0.5637465460999531], [0.05180794415275452, 4.0303689112790245e-05, 0.9481516949389297, 5.721920312618118e-08], [0.9061997616022878, 0.09286150762468917, 0.0009385889118195257, 1.4186120352036606e-07], [0.9967796236250652, 0.0001358632152278283, 0.00010749808543617989, 0.0029770150742708676], [0.4366980942470507, 0.24709012119422538, 4.9741131784065604e-05, 0.3161620434269399], [0.14513003375066424, 0.022193607562702666, 0.3649301180461723, 0.4677462406404608], [2.2646424921509294e-05, 0.04508844152978368, 1.615086436205075e-05, 0.9548727611809328], [0.7931761958364029, 0.20012850722696418, 0.001525930293337432, 0.005169366643295504], [3.2087920984561225e-07, 0.994007869284945, 0.0026041081883107623, 0.003387701647534459], [0.004340854833850821, 0.00633169563652607, 0.03066310001356762, 0.9586643495160555], [0.9999417555741149, 2.8366079772815506e-05, 2.9845841457148713e-05, 3.2504654971276555e-08], [2.7219526567353266e-05, 0.0001596267621706272, 0.005657099823030987, 0.994156053888231], [0.19612077844371037, 0.0025348699900048853, 0.16240996223300067, 0.6389343893332841], [0.0027607154539071406, 0.9854602885922417, 0.01127132352667661, 0.0005076724271744539], [0.0007770663802395432, 0.9988711866403371, 6.054809018355103e-06, 0.00034569217040471354], [0.9739811706264492, 0.0012266250838735946, 4.12581452432191e-05, 0.024750946144433992], [0.8898045751433049, 0.040635106550865586, 0.00034563212656839955, 0.0692146861792612], [0.0009294397054144811, 0.0001384579803326038, 0.015467914609820926, 0.983464187704432], [0.8670803892073833, 3.837241679852525e-05, 2.296872119111587e-05, 0.132858269654627], [0.03370616399175725, 0.00022340531450698486, 0.014202536827686846, 0.951867893866049], [0.09058820949674816, 0.356761739897668, 0.5521145542930462, 0.000535496312537527], [0.0014545015439720612, 0.7476816489545246, 0.24844704510518756, 0.0024168043963158684], [6.32262692055341e-06, 0.9997741647444959, 5.2353622136922306e-08, 0.00021946027496148087], [2.7757936608769243e-05, 0.3480467130138277, 0.15309842873839027, 0.4988271003111732], [0.02211887680073407, 0.964556971921622, 0.00044455533220687915, 0.012879595945437113], [0.6609306437539759, 0.13171309822822527, 0.20695262621382537, 0.0004036318039734915], [0.9999942134050882, 4.47025547749703e-06, 3.6487588854839976e-07, 9.514635455391072e-07], [0.002072593193877755, 0.005739722099642831, 0.11361931625706252, 0.8785683684494169], [0.06559197165669993, 0.9342888795127913, 7.679211856193804e-05, 4.235671194685824e-05], [6.604655699946081e-07, 4.967217497131068e-07, 6.028785350394783e-06, 0.9999928140273299], [0.0022728506028515884, 0.006006591232752531, 0.9809687701330195, 0.01075178803137617], [4.421975434820445e-06, 0.956190990906523, 0.00851239931874857, 0.03529218779929354], [0.0006607066139198164, 3.806112371836027e-05, 0.0007996885622724516, 0.9985015437000894], [0.0006478709812190797, 7.316695996777078e-08, 0.0006905321180693074, 0.9986615237337517], [0.3596887151689044, 0.34920458859554643, 0.0002511433924628883, 0.29085555284308623], [0.09698502211304633, 0.003650880841715609, 0.04698299692354864, 0.8523811001216894], [0.014728952133407318, 0.9435670445517427, 0.0028384142791155133, 0.03886558903573446], [4.789970768630674e-09, 3.440493754159533e-07, 0.00019494943032071787, 0.9998047017303331], [0.029909318970544826, 0.9672649526477867, 3.3582073425907543e-06, 0.0028223701743259745], [3.063238406152253e-05, 1.949601919242022e-07, 0.0043138143104122255, 0.9956553583453343], [1.4295207677253834e-06, 0.4922936449872314, 0.15992596424016012, 0.3477789612518407], [0.0099676583091522, 0.02393546215638166, 0.01707001779190675, 0.9490268617425595], [0.9997799597545871, 0.00015366953734309, 1.5263173409535115e-06, 6.484439072904427e-05], [1.4402881877514968e-05, 0.9795317051591241, 0.00019889370815030511, 0.02025499825084814], [1.4764999656786643e-05, 0.0348859313636886, 9.43340387518528e-06, 0.9650898702327795], [0.9702002610007621, 0.02979286226506308, 1.9539819897281392e-06, 4.922752185281689e-06], [0.000845966268536778, 0.9988425780131542, 0.0002086530773303098, 0.00010280264097856558], [0.32995544129215276, 0.06977803572152622, 0.0004916982403704511, 0.5997748247459506], [3.29765467845715e-05, 4.617335587111567e-05, 2.3247617220837892e-05, 0.9998976024801234], [0.020742823251158667, 0.9534553055066576, 0.021402950994628193, 0.004398920247555596], [0.6789220700884739, 0.0064446136060124625, 0.0004204523832562941, 0.3142128639222575], [6.72537529280361e-07, 0.0012446657886674034, 5.610114235223426e-09, 0.9987546560636891], [0.0161157189131637, 0.002605466259881747, 9.144320017317845e-10, 0.9812788139125226], [0.59940374263881, 0.4004377478927419, 1.9165360107959626e-05, 0.00013934410834020555], [0.0003014113165077129, 0.5604390292436302, 0.00023035155700785965, 0.4390292078828542], [0.12723367091487703, 0.0002815591395541874, 0.7078187886266529, 0.16466598131891574], [0.8800913949334138, 0.03135856072823627, 8.053299176593376e-05, 0.08846951134658387], [2.7980846225630718e-06, 2.4028592066114883e-06, 0.9999939696081459, 8.294480248567383e-07], [0.032553110320861056, 0.04208770739845373, 0.9222100945503211, 0.003149087730364258], [7.997505215742074e-09, 1.068259669285033e-06, 0.9987408799635089, 0.0012580437793167595], [0.002820544668300061, 0.014076992463145015, 0.07516327055287332, 0.9079391923156817], [2.0222381026831598e-05, 0.006901255749274598, 3.9720963387334845e-06, 0.9930745497733598], [0.033715808491805103, 9.729095209902032e-05, 0.0021769240282364616, 0.9640099765278595], [0.01334824351363062, 0.0028935968081052754, 2.2027110637611954e-05, 0.9837361325676264], [0.01668535679041095, 0.0008445973720963506, 4.909473386440156e-05, 0.9824209511036283], [0.009463394128768335, 0.1271093211460177, 0.1070267575191256, 0.7564005272060883], [1.6215835413438305e-07, 0.9992737092528298, 6.485601221897528e-05, 0.0006612725765970416], [0.18757220854898785, 0.6496658075684817, 0.006267156493591989, 0.1564948273889386], [2.3461788700697204e-05, 1.4738452689420932e-06, 1.2856697781440713e-07, 0.9999749357990526], [0.03275318246777002, 0.00012404714408583402, 0.0027121789736144018, 0.9644105914145297], [0.03076774947440178, 0.07506066486016447, 0.003924819861397356, 0.8902467658040364], [0.08944708350167632, 0.9066522010487137, 0.0013918796071822014, 0.002508835842427613], [0.6014744255511646, 0.01550966501494287, 0.03495332000231311, 0.34806258943157947], [0.00655076686983764, 0.8174347495696985, 8.119496744712289e-07, 0.1760136716107894], [6.988203731610182e-08, 0.6525896116433362, 2.398199111239302e-06, 0.34740792027551526], [8.441214763384494e-07, 1.9109154385538895e-05, 6.496153401516265e-06, 0.9999735505707366], [0.9947759590877595, 4.3263777062654625e-07, 0.005223538744898672, 6.952957103665823e-08], [3.130861622275727e-06, 0.9141971417833763, 0.001664512154561538, 0.08413521520043997], [0.7263026765614562, 0.004674891274676324, 1.4035052250668264e-07, 0.269022291813345], [0.9512275541601419, 0.04774533696780524, 0.000962069634392701, 6.503923766017003e-05], [0.9943822383731733, 9.379404312081694e-05, 0.0008588808108886187, 0.004665086772817269], [0.0033839015063021807, 0.0024878427652870612, 0.0004619764206206567, 0.9936662793077901], [0.020520279179705146, 0.0049762312742178344, 1.0368471870848347e-05, 0.9744931210742063], [7.417876654077007e-05, 0.0005414326688476868, 2.946036844388725e-08, 0.9993843591042432], [0.0003136893634818612, 0.03962006514097638, 0.00020148777025848048, 0.9598647577252832], [0.9984612861300856, 2.865080258245316e-05, 0.0003785050085078579, 0.0011315580588241619], [1.4215443911319962e-05, 0.8577359613367938, 0.002012882042553042, 0.14023694117674199], [0.8637721020240307, 0.000328207171530689, 3.146633633102005e-05, 0.1358682244681076], [0.00043955642365830317, 7.376300123994839e-05, 0.00017617638481925727, 0.9993105041902826], [7.611921804794477e-09, 0.9999957178545138, 1.6839430057493626e-07, 4.10613926382074e-06], [2.996372954582532e-08, 0.999696598838052, 0.00019223440690024421, 0.00011113679131833653], [1.2498026453558912e-05, 0.02435951345104943, 0.19239875594817374, 0.7832292325743233], [1.8923166624559133e-06, 0.00018979660223517934, 0.6181562467639246, 0.3816520643171778], [0.00023376683264801735, 0.9302573326347521, 0.047582661900953005, 0.02192623863164695], [2.0076709801174002e-05, 0.8910519160650354, 0.10409848140015787, 0.004829525825005658], [0.0026380415215293035, 0.0011284425423951994, 1.738761531017476e-05, 0.9962161283207652], [5.823320075415453e-05, 0.9399878569478959, 1.0453440268949153e-06, 0.059952864507323206], [0.016038872914862078, 0.0004825606612518795, 0.0030650527698494546, 0.9804135136540365], [0.5170100770598732, 0.10773970911873014, 0.1082979654339996, 0.26695224838739706], [1.066958448606618e-07, 0.998880483905555, 1.1275405454971546e-05, 0.0011081339931450513], [0.34160265816572133, 0.004423549283081321, 0.00027600022201224007, 0.6536977923291851], [0.0021623331634051594, 7.969611427070812e-05, 0.7082649042711303, 0.28949306645119377], [0.06512858224683196, 0.833418603309694, 0.0016578109628922761, 0.09979500348058178], [6.258050095543065e-07, 9.953552605911938e-07, 4.069071884334864e-07, 0.9999979719325415], [8.100020321227865e-06, 0.754534465981155, 0.0748588125410554, 0.1705986214574685]]}}