{"test": {"ids": ["101112540", "112117030", "99120010", "108120621", "102112030", "99111620", "105117200", "111115400", "102109010", "107120880", "111121220", "99117630", "104110960", "106115120", "100116790", "106119990", "100109910", "111119300", "109115070", "112118471", "102110690", "110115710", "110117110", "98110810", "112118581", "99110050", "112116640", "105116090", "101108950", "100113370", "106120290", "113118231", "104119340", "103110760", "108117451", "99105921", "103120290", "108116501", "111117120", "112118820", "98109230", "113121980", "111120591", "111115780", "100113210", "98110710", "101116130", "112120700", "104113210", "103113640", "99111440", "107114321", "113120531", "108119330", "108115880", "99109840", "110115120", "110117140", "100109980", "113119340", "113122150", "104114740", "103113260", "108117720", "112116810", "106116441", "103118110", "105113480", "111119250", "113120070", "99111000", "104111620", "102117351", "107121700", "112117660", "108113760", "100109360", "113119930", "99112840", "97105580", "103118291", "98106680", "113120640", "104113000", "108113700", "113121950", "110115890", "113120540", "113118870", "109118231", "108115070", "102111990", "105116860", "110118701", "112116800", "103120340", "104114320", "109119591", "109119460", "106116370", "97105760", "107113180", "101119591", "111116100", "112118550", "109120560", "112119320", "100108080", "109113931", "100109000", "108118630", "110120531", "99107560", "113119950", "103110840", "101111620", "110117500", "109117080", "99109860", "112118890", "99108460", "99110730", "107115250", "97113260", "113122320", "110115580", "104119290", "99109910", "111120320", "102110500", "100112060", "98106111", "103111540", "112116290", "109114030", "103111480", "106120640", "104113190", "112118530", "109116170", "113121750", "111120220"], "labels": [2, 2, 2, 1, 2, 3, 3, 0, 1, 1, 3, 3, 2, 1, 2, 0, 2, 1, 0, 1, 0, 2, 0, 1, 1, 3, 0, 1, 2, 3, 2, 3, 1, 1, 2, 1, 2, 0, 2, 0, 1, 2, 1, 1, 0, 2, 2, 2, 3, 1, 3, 0, 0, 0, 3, 2, 0, 3, 1, 0, 2, 2, 3, 1, 3, 0, 2, 0, 1, 2, 2, 0, 1, 3, 0, 1, 0, 1, 2, 1, 0, 1, 0, 1, 0, 3, 2, 3, 0, 1, 1, 2, 2, 3, 0, 1, 2, 0, 1, 2, 0, 3, 0, 3, 3, 1, 1, 0, 1, 1, 1, 0, 1, 0, 1, 3, 1, 1, 2, 3, 0, 3, 2, 1, 1, 1, 1, 2, 1, 3, 2, 0, 1, 0, 1, 0, 3, 3, 1, 0, 0, 3], "predicted_labels": [3, 3, 3, 0, 2, 1, 1, 3, 1, 3, 3, 0, 0, 3, 1, 3, 0, 3, 1, 1, 1, 2, 1, 1, 1, 3, 3, 3, 0, 3, 0, 1, 1, 0, 3, 1, 1, 3, 3, 2, 0, 3, 0, 1, 3, 3, 3, 1, 3, 0, 0, 3, 1, 0, 0, 1, 3, 3, 1, 0, 3, 2, 3, 3, 1, 1, 3, 3, 3, 1, 1, 0, 0, 3, 1, 2, 3, 2, 1, 0, 2, 1, 3, 3, 1, 1, 3, 0, 3, 1, 1, 0, 1, 2, 3, 1, 1, 3, 0, 0, 1, 3, 0, 0, 1, 3, 2, 3, 3, 0, 3, 3, 1, 0, 0, 0, 1, 1, 1, 0, 3, 3, 3, 0, 1, 2, 2, 2, 3, 0, 1, 1, 3, 1, 3, 1, 1, 3, 3, 3, 3, 0], "confidence_scores": [[0.1327504379680317, 0.2156543649180491, 0.22970107449725288, 0.42189412261666626], [0.25812650748639415, 0.17164337027032342, 0.19130454092680724, 0.3789255813164753], [0.24808050744715754, 0.15431535305519, 0.2881039896282646, 0.30950014986938784], [0.41254495769239174, 0.2164791258838367, 0.08434049838526245, 0.2866354180385093], [0.20985066930571986, 0.13822695676308486, 0.5724520806347457, 0.07947029329644947], [0.22817834107433957, 0.3526081943908915, 0.15970833910829013, 0.2595051254264788], [0.25747565340213086, 0.3963242263334327, 0.10399436405393563, 0.24220575621050086], [0.2710685528028088, 0.19011600682000848, 0.12305069456537884, 0.41576474581180406], [0.16669226820304575, 0.3674924242130792, 0.18458848939568193, 0.2812268181881931], [0.14512481379832676, 0.3386760402658722, 0.16647406216137162, 0.3497250837744293], [0.21731349408842016, 0.1193954448454682, 0.10697739641084433, 0.5563136646552674], [0.4276491342304308, 0.27176694958632663, 0.13703305673347158, 0.16355085944977077], [0.4485929511956329, 0.15978583987304312, 0.25070985984573585, 0.14091134908558808], [0.23085165545402161, 0.13241970924472427, 0.14499040555859746, 0.49173822974265663], [0.18603316484446036, 0.526801418631324, 0.17665652186625308, 0.11050889465796251], [0.16760540170920923, 0.2641563944219117, 0.08384179625800123, 0.4843964076108779], [0.44309718036208895, 0.2850146228104203, 0.0998955738848035, 0.17199262294268725], [0.10613784231066216, 0.25720819137690665, 0.057274325032847295, 0.579379641279584], [0.22464644159519315, 0.40878643626656186, 0.12280778124024352, 0.2437593408980017], [0.25761102214658355, 0.39465416896780026, 0.11087488368837653, 0.23685992519723972], [0.24191512285965824, 0.5788565639806437, 0.07324945359016125, 0.10597885956953683], [0.16729647712749357, 0.27136277757141086, 0.36078097175107976, 0.20055977355001567], [0.16946970720089025, 0.3341953468739174, 0.21992029344762645, 0.27641465247756586], [0.20344517440650178, 0.42656868262588227, 0.13122873032248009, 0.2387574126451358], [0.27323077136978613, 0.3028076769882999, 0.1940501476723311, 0.2299114039695829], [0.2576765364616014, 0.28858935159947824, 0.13020183236841562, 0.32353227957050495], [0.12819145565001885, 0.34857840906743087, 0.07911034068429962, 0.44411979459825063], [0.18364891629271002, 0.20496265035869587, 0.13871077581136437, 0.4726776575372299], [0.3289583611467083, 0.1600188705247006, 0.24717661632295204, 0.26384615200563916], [0.1798119150895546, 0.2560512931631446, 0.09408765024770982, 0.47004914149959104], [0.4219307885766172, 0.2551098424659919, 0.14312239192963636, 0.17983697702775447], [0.3408266488639012, 0.38173646386995025, 0.08095189361196475, 0.19648499365418395], [0.2902091781954634, 0.38224099560308944, 0.08996303380903808, 0.23758679239240918], [0.41070491087502903, 0.22208096529897958, 0.07991011809123914, 0.2873040057347524], [0.26670880957900595, 0.19591004981143129, 0.12113844826805147, 0.4162426923415113], [0.24122793892948774, 0.3887791297112391, 0.2100380856062561, 0.15995484575301716], [0.21101180208364345, 0.345171254257129, 0.1462317857201286, 0.2975851579390989], [0.2460472748994048, 0.16302459465516775, 0.06153429040802421, 0.5293938400374032], [0.12956778213303, 0.25223144581137924, 0.08243275523960628, 0.5357680168159845], [0.18917474625462663, 0.21337784660437564, 0.4398713580282133, 0.1575760491127845], [0.4984120515973242, 0.26216199658636785, 0.09198627806785192, 0.14743967374845612], [0.1005152773438183, 0.20147542956746356, 0.04083380981464327, 0.6571754832740749], [0.44179494997633967, 0.14543645372512082, 0.04753493374764432, 0.36523366255089507], [0.3216938618961018, 0.3538402225355142, 0.09684502623476302, 0.22762088933362107], [0.08252302322332493, 0.16793069496582688, 0.09054357418835206, 0.6590027076224961], [0.1707222161665758, 0.20201960330842425, 0.2282487913717339, 0.3990093891532662], [0.12777459143897424, 0.32213181668567276, 0.07034479163985723, 0.479748800235496], [0.14472191031629048, 0.4020615361835499, 0.10417436330935724, 0.34904219019080235], [0.27877397101444634, 0.1728849852706778, 0.08491230594145223, 0.46342873777342364], [0.6245176672396223, 0.09948919487519847, 0.16778203529509805, 0.10821110259008121], [0.4129054410973607, 0.25255725228622067, 0.11626231260721866, 0.21827499400919986], [0.06940561585666101, 0.20450187718778098, 0.11615754880135207, 0.609934958154206], [0.18461914673603697, 0.4000785932212122, 0.08767370933932475, 0.3276285507034261], [0.3472548281715876, 0.18468715705366864, 0.2117992559111873, 0.2562587588635565], [0.33978115314293816, 0.22856049331941355, 0.15526060771613195, 0.27639774582151627], [0.27799764135854094, 0.2891902634396573, 0.1711132688524395, 0.26169882634936226], [0.16801057793602792, 0.1262160642246632, 0.08754859939027754, 0.6182247584490314], [0.14072649456582645, 0.3510765829796369, 0.06492134830791776, 0.443275574146619], [0.384379384017277, 0.39909740864685667, 0.07338551478030861, 0.1431376925555576], [0.4566476181962914, 0.30878047396757596, 0.054933529662056564, 0.17963837817407613], [0.15809407309345458, 0.21564655732614685, 0.17192827769828645, 0.45433109188211207], [0.1105210914973547, 0.32512014003682516, 0.4253876879259311, 0.13897108053988916], [0.2720147119703178, 0.2302266856107531, 0.11330140252187107, 0.3844571998970581], [0.1942684651390557, 0.14188115647957977, 0.07132782856231547, 0.5925225498190492], [0.24164299197472788, 0.46347276696680284, 0.08614903359470433, 0.20873520746376487], [0.2745216892600875, 0.38498642449622034, 0.1079937035200842, 0.23249818272360803], [0.1921982749281571, 0.16890747050505137, 0.14426405955509633, 0.49463019501169525], [0.12563137899143265, 0.21008940992007302, 0.1192342969380412, 0.5450449141504531], [0.23675087251852614, 0.268176658512962, 0.1719068597842928, 0.32316560918421894], [0.2488341060996161, 0.3412279985471245, 0.11542809183903628, 0.294509803514223], [0.1770765924055082, 0.5454319738348725, 0.1090606307959497, 0.16843080296366975], [0.5428400442197638, 0.1240941320585505, 0.07100624368817664, 0.262059580033509], [0.4985993841141215, 0.1959193097541774, 0.04898426728062458, 0.25649703885107655], [0.19906347373991712, 0.26214950158550326, 0.12002381272923769, 0.4187632119453419], [0.1667613288749725, 0.31082149732132913, 0.2654982182068402, 0.25691895559685823], [0.24623639409900958, 0.12243795347293968, 0.4607802083666923, 0.17054544406135866], [0.2512969434923459, 0.2715204941087498, 0.14801871396228425, 0.32916384843662], [0.1480121034491815, 0.19377891665468513, 0.3306683308062754, 0.3275406490898581], [0.09813208903364079, 0.4627072830483752, 0.07550015149142467, 0.3636604764265594], [0.4423876791731254, 0.16571559630184463, 0.08225987404648602, 0.309636850478544], [0.21504761921373194, 0.20534977804435084, 0.3800089719507873, 0.19959363079113004], [0.1472752343518545, 0.42741337462310297, 0.2170116576054421, 0.2082997334196005], [0.15466641753396296, 0.23101676455875564, 0.2506306922031979, 0.36368612570408365], [0.15119650624630143, 0.2227633769737248, 0.29750800833991836, 0.3285321084400554], [0.320974462062654, 0.38142085519750996, 0.1706599392718497, 0.1269447434679865], [0.2032514798362575, 0.3052516639595767, 0.26245389399308433, 0.22904296221108153], [0.14623714908937424, 0.21719822293012153, 0.19917308064894557, 0.43739154733155866], [0.40652516907278663, 0.23032178693833028, 0.07620958053809998, 0.2869434634507829], [0.17157332296186445, 0.2482711387327596, 0.09441215617408168, 0.4857433821312944], [0.17055659492591096, 0.5097943954921322, 0.06380773554611549, 0.2558412740358414], [0.15663423975951116, 0.5862078423887707, 0.08210983554834442, 0.17504808230337376], [0.48948117142887776, 0.20937110806261378, 0.0782911862701365, 0.22285653423837198], [0.22843877764071102, 0.3585975664739318, 0.1406259429262825, 0.27233771295907483], [0.23906859978616288, 0.14859757762430995, 0.4249632105783564, 0.18737061201117075], [0.2752900595897641, 0.21727679200922678, 0.15488605050383764, 0.3525470978971715], [0.15319611844736283, 0.4049955431398034, 0.30678281484182063, 0.1350255235710129], [0.28081777473622843, 0.4977255301729009, 0.10863426078674619, 0.11282243430412453], [0.12489615499722996, 0.18735360277001392, 0.3415213184845174, 0.3462289237482389], [0.4719076586578247, 0.08608215242301674, 0.1711515318986057, 0.2708586570205528], [0.3792849009157066, 0.2169211143779321, 0.12331332775130213, 0.28048065695505936], [0.3018824098309949, 0.3418379125879123, 0.1047613242362685, 0.2515183533448243], [0.15674705310529657, 0.2462482851595214, 0.2971448431302473, 0.2998598186049348], [0.6468364060564733, 0.12474718414146448, 0.05157587860484328, 0.17684053119721885], [0.372268173591296, 0.23978602075351105, 0.12018481063373156, 0.26776099502146145], [0.15529533262635664, 0.4891705189440264, 0.11973879961627669, 0.23579534881334047], [0.19616109302870158, 0.1822413531976312, 0.11103461067645622, 0.5105629430972112], [0.11227276550570933, 0.2898633308258545, 0.34195181096691396, 0.25591209270152215], [0.14412056245914098, 0.14639291000028967, 0.06659180493404065, 0.6428947226065287], [0.24928166432620572, 0.1407272454579062, 0.14237738402246014, 0.46761370619342796], [0.33548629727232104, 0.26173056523206184, 0.10917149516803203, 0.29361164232758497], [0.2021638359004783, 0.17196688831585397, 0.08780749162104465, 0.538061784162623], [0.2461878487762631, 0.3248082547850028, 0.10313873172553958, 0.3258651647131945], [0.21484781424182647, 0.503549096508652, 0.09372158002357646, 0.18788150922594513], [0.34048306336065637, 0.21439106997809948, 0.14640403622841922, 0.29872183043282474], [0.35796554183099033, 0.2478003791264301, 0.23789442889307966, 0.1563396501495002], [0.5026651934901328, 0.12011237844224228, 0.08137990648496062, 0.2958425215826644], [0.28993394579134246, 0.31901381267485823, 0.12366910376071373, 0.26738313777308576], [0.06693006955628655, 0.5829929071191493, 0.04265651357944226, 0.30742050974512203], [0.23762758427305236, 0.3519019547640726, 0.18090705049819197, 0.22956341046468315], [0.381324931569767, 0.12682797960770523, 0.12434982565140232, 0.3674972631711255], [0.08756583766340356, 0.11101145077480858, 0.08921461477572601, 0.712208096786062], [0.1903242208440997, 0.24591470979542504, 0.1383942202249438, 0.4253668491355314], [0.29625449756078887, 0.13263223507575153, 0.1637578902569838, 0.4073553771064758], [0.3061524430592835, 0.18124415998612906, 0.29094957594194487, 0.22165382101264267], [0.20901639951805215, 0.35128485072741644, 0.18847419018980538, 0.25122455956472606], [0.2057152584225441, 0.24134310143828966, 0.35685219995411815, 0.19608944018504823], [0.21191664016366396, 0.2426421005102688, 0.3285535197613498, 0.21688773956471746], [0.23348202298649973, 0.29827995039110294, 0.31531541698696225, 0.152922609635435], [0.17481725615703664, 0.16507780655970253, 0.05760112622191121, 0.6025038110613496], [0.5155870343563974, 0.08978428673291461, 0.20336209484649506, 0.19126658406419297], [0.3175098811453004, 0.33675122614049674, 0.11343513263669966, 0.23230376007750306], [0.1780313719969569, 0.5190458294297087, 0.06817474624672615, 0.23474805232660828], [0.31320402916236, 0.16222579875390133, 0.09348292298843251, 0.431087249095306], [0.1389503607222977, 0.4109912853542163, 0.20498617356602664, 0.24507218035745942], [0.14064055520336205, 0.20461776724317207, 0.08004802546117999, 0.5746936520922858], [0.22162820085193663, 0.34757707200967514, 0.10648599629862096, 0.32430873083976747], [0.18288041470446081, 0.4033128407846179, 0.10349109554568924, 0.3103156489652321], [0.1818579042335535, 0.2328377964586389, 0.11065588011141024, 0.47464841919639744], [0.2510990256959528, 0.330026263154232, 0.08847034868734567, 0.33040436246246957], [0.16800292305848152, 0.28225616997923453, 0.2148653706873409, 0.334875536274943], [0.17803962564971643, 0.28886206914186546, 0.11423206437155221, 0.418866240836866], [0.4871459689335105, 0.22068600842678437, 0.18914090089460717, 0.10302712174509793]]}, "rewritten": {"ids": ["97105580", "97105760", "97113260", "98106111", "98106680", "98109230", "98110710", "98110810", "99105921", "99107560", "99108460", "99109840", "99109860", "99109910", "99110050", "99110730", "99111000", "99111440", "99111620", "99112840", "99117630", "99120010", "100108080", "100109000", "100109360", "100109910", "100109980", "100112060", "100113210", "100113370", "100116790", "101108950", "101111620", "101112540", "101116130", "101119591", "102109010", "102110500", "102110690", "102111990", "102112030", "102117351", "103110760", "103110840", "103111480", "103111540", "103113260", "103113640", "103118110", "103118291", "103120290", "103120340", "104110960", "104111620", "104113000", "104113190", "104113210", "104114320", "104114740", "104119290", "104119340", "105113480", "105116090", "105116860", "105117200", "106115120", "106116370", "106116441", "106119990", "106120290", "106120640", "107113180", "107114321", "107115250", "107120880", "107121700", "108113700", "108113760", "108115070", "108115880", "108116501", "108117451", "108117720", "108118630", "108119330", "108120621", "109113931", "109114030", "109115070", "109116170", "109117080", "109118231", "109119460", "109119591", "109120560", "110115120", "110115580", "110115710", "110115890", "110117110", "110117140", "110117500", "110118701", "110120531", "111115400", "111115780", "111116100", "111117120", "111119250", "111119300", "111120220", "111120320", "111120591", "111121220", "112116290", "112116640", "112116800", "112116810", "112117030", "112117660", "112118471", "112118530", "112118550", "112118581", "112118820", "112118890", "112119320", "112120700", "113118231", "113118870", "113119340", "113119930", "113119950", "113120070", "113120531", "113120540", "113120640", "113121750", "113121950", "113121980", "113122150", "113122320"], "labels": [1, 0, 1, 0, 1, 1, 2, 1, 1, 1, 0, 2, 2, 2, 3, 3, 2, 3, 3, 2, 3, 2, 0, 1, 0, 2, 1, 2, 0, 3, 2, 2, 3, 2, 2, 0, 1, 3, 0, 2, 2, 1, 1, 1, 0, 1, 3, 1, 2, 0, 2, 1, 2, 0, 1, 3, 3, 2, 2, 1, 1, 0, 1, 2, 3, 1, 2, 0, 0, 2, 3, 3, 0, 2, 1, 3, 0, 1, 1, 3, 0, 2, 1, 1, 0, 1, 1, 1, 0, 0, 1, 1, 1, 0, 1, 0, 1, 2, 2, 0, 3, 1, 3, 0, 0, 1, 3, 2, 1, 1, 3, 1, 1, 3, 0, 0, 0, 3, 2, 0, 1, 1, 3, 1, 0, 3, 1, 2, 3, 0, 0, 1, 0, 2, 0, 3, 0, 0, 3, 2, 2, 1], "predicted_labels": [0, 1, 0, 0, 1, 1, 3, 1, 1, 1, 3, 3, 1, 2, 3, 1, 0, 3, 2, 1, 1, 3, 3, 3, 3, 0, 0, 0, 0, 1, 0, 1, 3, 3, 3, 3, 1, 3, 1, 0, 1, 0, 0, 0, 3, 1, 1, 0, 3, 2, 1, 0, 0, 3, 3, 1, 2, 1, 3, 3, 1, 1, 1, 1, 1, 3, 0, 0, 3, 1, 1, 0, 3, 2, 3, 3, 0, 0, 1, 0, 0, 3, 3, 3, 0, 3, 1, 1, 1, 1, 1, 1, 0, 3, 2, 3, 0, 3, 1, 1, 3, 0, 0, 1, 1, 1, 3, 3, 1, 3, 0, 3, 0, 3, 3, 3, 3, 1, 3, 2, 3, 1, 1, 3, 3, 3, 3, 1, 1, 1, 0, 1, 0, 1, 0, 1, 3, 3, 3, 3, 0, 3], "confidence_scores": [[0.44541789243056257, 0.21646184279033528, 0.054907528021539115, 0.2832127367575631], [0.22956215417798428, 0.39241450844649656, 0.2412877812076265, 0.13673555616789285], [0.3548526646363394, 0.17713855916240967, 0.2246794133864107, 0.24332936281484033], [0.33456169622575166, 0.31528902324979846, 0.06868712531542615, 0.2814621552090238], [0.10509808785541636, 0.40781894700817, 0.3688744756465831, 0.11820848948983059], [0.1848668270421974, 0.5320220858023617, 0.09835602475549383, 0.184755062399947], [0.18350204142689527, 0.10461820653476074, 0.16435460861327458, 0.5475251434250694], [0.10256200631643698, 0.6001355883529957, 0.08743179802064792, 0.20987060730991933], [0.2964946005919537, 0.32978296119239464, 0.16182346382710408, 0.2118989743885476], [0.225030136087469, 0.35695353244203143, 0.12012960260580029, 0.2978867288646994], [0.326542884386619, 0.09744816450204224, 0.0931248225210107, 0.48288412859032803], [0.14449810483394576, 0.32194970463931655, 0.1783014371533756, 0.35525075337336226], [0.32047739458159763, 0.39391602675079185, 0.08388939702117142, 0.20171718164643923], [0.24713777152530486, 0.3085365158291794, 0.3466474273880107, 0.09767828525750509], [0.159088019901041, 0.3229168448749122, 0.14930095369994295, 0.368694181524104], [0.16584881580890914, 0.44728133918945506, 0.13263689258845401, 0.2542329524131818], [0.3270342358510741, 0.2629999953553767, 0.19966553437081802, 0.21030023442273119], [0.2672298066116563, 0.18507423192398506, 0.1700307215554132, 0.37766523990894535], [0.16786753428270082, 0.16043430253132143, 0.5000145662621601, 0.17168359692381763], [0.07232187747139238, 0.733103715407855, 0.059690176789366146, 0.1348842303313865], [0.3930013301602284, 0.3989676561164091, 0.06022924495238549, 0.14780176877097698], [0.24348159538848385, 0.14228066473759468, 0.28531707103013154, 0.32892066884379006], [0.18064031031113553, 0.25921904750963365, 0.06834155658385406, 0.49179908559537694], [0.23648210898576164, 0.2714772951150761, 0.13148029874041892, 0.3605602971587435], [0.2566924816881127, 0.2675940129968977, 0.11688482264385895, 0.3588286826711306], [0.44544707114199844, 0.15607885440198274, 0.07620653562206581, 0.3222675388339529], [0.3450675365598996, 0.259124937989586, 0.08391436738298043, 0.31189315806753404], [0.4710104237260189, 0.26263337681814297, 0.0823723103795484, 0.18398388907628976], [0.37526565430118797, 0.23131152508296335, 0.08426400483573213, 0.3091588157801166], [0.13448502909098717, 0.560542246754273, 0.1037034867517692, 0.20126923740297056], [0.3039677304733768, 0.2725234486459247, 0.24659700405925977, 0.17691181682143867], [0.1807617597086718, 0.3735703636003369, 0.21243027226736952, 0.2332376044236218], [0.2597392054183149, 0.19997170670000544, 0.14294704915709974, 0.3973420387245799], [0.11686165296963064, 0.3337826219792538, 0.13865362596931577, 0.4107020990817998], [0.08287434477396373, 0.2903219343589915, 0.0913023372004909, 0.5355013836665539], [0.2760669837961056, 0.10339099316976917, 0.13069166411650354, 0.48985035891762185], [0.1361911706064383, 0.595442913361508, 0.150295177560408, 0.11807073847164568], [0.3583434258848895, 0.17134112315056896, 0.06438630174481659, 0.40592914921972495], [0.14717988897308462, 0.4195029293637755, 0.0510567194268329, 0.3822604622363071], [0.41676913570539037, 0.360969366962351, 0.09745241765065189, 0.12480907968160679], [0.16058355402357616, 0.4720450492068295, 0.22997476915124, 0.1373966276183543], [0.44684742529903415, 0.11448664790561684, 0.08220871195759465, 0.3564572148377545], [0.37674451310171475, 0.32262787015324484, 0.10707931107672286, 0.19354830566831763], [0.3844539714287957, 0.2009030206672331, 0.18419380683002706, 0.23044920107394404], [0.23346060033828456, 0.2304319095538966, 0.09723703693991549, 0.4388704531679034], [0.24231460912818542, 0.40398384102053647, 0.17100677644835338, 0.18269477340292495], [0.28547014726466335, 0.33893144923692675, 0.07587343120780789, 0.29972497229060197], [0.39588777418910914, 0.27412756981435205, 0.0800525266062526, 0.2499321293902863], [0.1170683404385354, 0.11271862892613732, 0.10373902785697225, 0.6664740027783551], [0.1306304246449109, 0.17969259343340105, 0.47277375648191156, 0.2169032254397766], [0.21413847151599974, 0.37422766548767855, 0.1895730292178944, 0.22206083377842734], [0.328213259762783, 0.23100187797655275, 0.28797248002104664, 0.1528123822396175], [0.606627027977132, 0.11497422375042668, 0.11617920137556424, 0.16221954689687723], [0.235013358730379, 0.22654925080599786, 0.12469846795759308, 0.41373892250603006], [0.3138001501260717, 0.1696158113789852, 0.14796014173731314, 0.3686238967576301], [0.15656832352829392, 0.39895339242999317, 0.20262075525498766, 0.2418575287867252], [0.09631091395893461, 0.12533595366239283, 0.46901632782602104, 0.3093368045526515], [0.21139294188025015, 0.42637453732616704, 0.09294838907577072, 0.26928413171781207], [0.30937970335438797, 0.10934568022220512, 0.22992991135452973, 0.3513447050688772], [0.1268307935759404, 0.23799258772128087, 0.17074182411819389, 0.4644347945845848], [0.32528090046212266, 0.38861012438616754, 0.07220027080972022, 0.21390870434198955], [0.15551606708941107, 0.4025608483332656, 0.15382537608857383, 0.2880977084887495], [0.28102423490126527, 0.3196644809660676, 0.13437804463181055, 0.2649332395008567], [0.30092906594639557, 0.44478133475517123, 0.06687301469288483, 0.18741658460554833], [0.2150368166960722, 0.3120543251335651, 0.18325275408840688, 0.28965610408195586], [0.20806489465869785, 0.23926879804618734, 0.15095920282760172, 0.4017071044675131], [0.37875917755398664, 0.21188650963940284, 0.13043403586121638, 0.2789202769453942], [0.3258649577777096, 0.30296627496215117, 0.18582533862333395, 0.18534342863680522], [0.14806110356732136, 0.2162740142236581, 0.1078230500411933, 0.5278418321678272], [0.19487952859075722, 0.3615180595514436, 0.17614213840100276, 0.2674602734567963], [0.3267821542361424, 0.40654277756274393, 0.10250247169962388, 0.1641725965014899], [0.30083351195356134, 0.2845111689286777, 0.18287615759785336, 0.23177916151990766], [0.17767945859041875, 0.2869052997899124, 0.15926074509033766, 0.37615449652933114], [0.18096112091789585, 0.30991444233298304, 0.3378119192758224, 0.17131251747329876], [0.13680379985378158, 0.11815709547881374, 0.0770125199881034, 0.6680265846793013], [0.14373305429972869, 0.22388926905700893, 0.11182116911925988, 0.5205565075240026], [0.4604710898265783, 0.273442343146786, 0.14580008482521548, 0.12028648220142017], [0.4168735820622755, 0.10248090515598263, 0.1550683363071392, 0.3255771764746026], [0.21040170229913743, 0.48173107265756454, 0.09065491162161773, 0.21721231342168026], [0.5801772810058256, 0.23919508483098592, 0.09238505978189587, 0.08824257438129275], [0.41739971636411, 0.14772104168567296, 0.08945574360700956, 0.3454234983432075], [0.3345032934706832, 0.15600555629943394, 0.09090307445866531, 0.41858807577121765], [0.24610291324226585, 0.1372709482845149, 0.07542018624057063, 0.5412059522326486], [0.20358980276493033, 0.30052584114484454, 0.08352987968882133, 0.41235447640140394], [0.29989816517910906, 0.2772954700796159, 0.15393047954182337, 0.2688758851994516], [0.3185090934634534, 0.23385101158478563, 0.11987229547672758, 0.3277675994750334], [0.09876686047080417, 0.6488982990860908, 0.10807425404032085, 0.14426058640278433], [0.25628097013041556, 0.4388735495356913, 0.14108624736776687, 0.16375923296612607], [0.08339445296031597, 0.6475902686114804, 0.11916792501607555, 0.14984735341212807], [0.16628988044080392, 0.3792214379256644, 0.14355199043799144, 0.31093669119554035], [0.13361479635494825, 0.5803871899952298, 0.08778618193424838, 0.19821183171557352], [0.32476269415290515, 0.4430542942702488, 0.0660951076772714, 0.16608790389957467], [0.3918298572833958, 0.15595020944633453, 0.06909160716516774, 0.383128326105102], [0.2129763557745921, 0.2415403997041581, 0.18586851281162137, 0.3596147317096285], [0.2280838249284395, 0.25936868014332326, 0.31198223302415623, 0.20056526190408108], [0.19878289804273613, 0.3026029410796951, 0.1286148488756174, 0.36999931200195146], [0.3039459158564814, 0.28960574840180675, 0.16594794125307152, 0.2405003944886403], [0.1902331135162518, 0.2820496656934775, 0.0772077725575534, 0.4505094482327175], [0.19016334750146416, 0.4029363814833348, 0.09273851147342059, 0.3141617595417805], [0.2538041121679596, 0.4609037166917046, 0.10206180263204852, 0.18323036850828717], [0.14183529690158453, 0.3357836538213812, 0.06284813366298572, 0.4595329156140485], [0.39908778944587386, 0.2166114408124697, 0.09317934042581537, 0.291121429315841], [0.4484916999107275, 0.29748342640926123, 0.07767816801456912, 0.1763467056654421], [0.3092572885853931, 0.3672639181570403, 0.0747379149627949, 0.24874087829477196], [0.2047209479221504, 0.3646606633624802, 0.19031253112066637, 0.24030585759470324], [0.2808185834280625, 0.3520191624023153, 0.09156998862451841, 0.275592265545104], [0.15132632167624593, 0.214900702898469, 0.11656416281001186, 0.5172088126152733], [0.23728589536344202, 0.21306854931801167, 0.055099669746665074, 0.4945458855718813], [0.1431065022564388, 0.4403549179103046, 0.11813493055066397, 0.2984036492825926], [0.16708200917051846, 0.10654111904092808, 0.10166031481583322, 0.6247165569727202], [0.35581506769291943, 0.2570534220118013, 0.12343482329487902, 0.2636966870004002], [0.12977047801442737, 0.16891886798081596, 0.11788540031221935, 0.5834252536925372], [0.4635683017943302, 0.20071452365928585, 0.053730792894554014, 0.28198638165183004], [0.10704205475254987, 0.14264961181940483, 0.044236242128023184, 0.7060720913000221], [0.140386458850463, 0.30839407945702596, 0.24132009336288723, 0.3098993683296238], [0.3668545504061995, 0.13582370613881137, 0.07521458982137448, 0.4221071536336147], [0.19762569931275878, 0.26665823641531416, 0.22763122540809386, 0.30808483886383314], [0.28415881242818586, 0.30727423476304994, 0.13461717858928052, 0.27394977421948363], [0.3329755063130471, 0.12609831242940042, 0.10293688016948548, 0.43798930108806705], [0.2849260370073124, 0.23994508866627956, 0.31171543861960993, 0.1634134357067981], [0.2597263632516892, 0.23996203588174, 0.13960725741748412, 0.3607043434490868], [0.1615923732328551, 0.5047393900734245, 0.09695559952575118, 0.23671263716796925], [0.1741868236956008, 0.516856558305664, 0.09325465955039657, 0.21570195844833867], [0.18876247898909934, 0.2974845122784989, 0.10173478580527881, 0.4120182229271229], [0.18767933958383323, 0.30088143267359835, 0.10987323142702426, 0.40156599631554407], [0.3176783294475596, 0.16611994356857324, 0.1944627983985208, 0.32173892858534636], [0.22284894693463703, 0.269378855779053, 0.2131294074528016, 0.29464278983350833], [0.11022802402870917, 0.36173091596126467, 0.3195966244956721, 0.208444435514354], [0.3133369729039006, 0.355313574525312, 0.14408993272801288, 0.18725951984277467], [0.12938541550224764, 0.5308513407024819, 0.15199092143305756, 0.1877723223622128], [0.374942529224758, 0.20088835527925009, 0.10572912951019209, 0.3184399859858], [0.25789098093968266, 0.3977362166269093, 0.14905423605573528, 0.19531856637767273], [0.4208926174483108, 0.19414293040808242, 0.13563446198724174, 0.249329990156365], [0.10314599276940473, 0.4425931080416935, 0.32264913994224736, 0.13161175924665436], [0.36553697685952824, 0.31652055778687, 0.09423937514493881, 0.223703090208663], [0.24681242708652146, 0.3428399033070416, 0.18253493820660432, 0.22781273139983255], [0.2690525951341363, 0.19656911905574456, 0.15988957257437153, 0.3744887132357476], [0.2922089178434004, 0.2895721181155179, 0.08777493236039606, 0.3304440316806857], [0.23547379961315565, 0.15370022478660358, 0.04994524002665122, 0.5608807355735895], [0.09424823306477842, 0.31661147411184815, 0.051249875546807974, 0.5378904172765654], [0.2982552612353783, 0.14443467170593724, 0.2954431685662828, 0.26186689849240163], [0.21559865688851787, 0.30886584123967087, 0.13564103102932268, 0.33989447084248864]]}}