{"test": {"ids": ["109114220", "106117650", "98117740", "104112201", "99108580", "97106600", "106113360", "104118070", "104111780", "113118421", "99109370", "99111440", "102114270", "100108520", "100120010", "108116481", "107113360", "110117200", "113117630", "105115900", "97105760", "107113840", "111121351", "110115120", "112119930", "103112470", "112118550", "103111110", "110116300", "106112770", "101110200", "102109010", "106115240", "101113210", "103117200", "109119340", "106113190", "101112690", "107112850", "106117790", "100108580", "100108080", "105118171", "102110890", "108117360", "109118231", "112116800", "106116441", "101111310", "110117080", "99108460", "107119950", "102112030", "97109080", "112120540", "109117150", "99117630", "113122220", "111118301", "99111620", "111120591", "106117770", "105113330", "108120621", "112120700", "99120010", "102110240", "107116980", "107118780", "108117610", "104116800", "103109641", "108118630", "99108520", "109117600", "104117200", "107118490", "103117461", "104113380", "111116110", "98108520", "110116441", "109115211", "105112130", "105118230", "104111380", "111116010", "99109780", "105115250", "98120530", "108114360", "98109570", "98111860", "107118120", "104111711", "98107410", "105111990", "113121220", "100112060", "101117580", "112119580", "97114170", "98108410", "108116501", "112116451", "105115680", "99107300", "97108520", "100110260", "100111620", "109117431", "111115780", "97116800", "106116850", "100111080", "101115190", "111121410", "97113260", "111120640", "110114720", "109113281", "113117340", "97113900", "112118890", "109118820", "105116441", "109116930", "108113620", "107113200", "107114490", "113122510", "111114321", "98108580", "108113480", "99108080", "107115140", "110116501", "112118820", "100117420", "113121750", "100107920", "109121640"], "labels": [3, 1, 2, 0, 0, 3, 0, 2, 3, 3, 1, 3, 3, 2, 0, 0, 0, 3, 0, 3, 0, 3, 0, 0, 1, 1, 3, 3, 3, 1, 2, 1, 1, 3, 0, 3, 0, 1, 1, 1, 0, 0, 3, 0, 1, 1, 0, 0, 3, 1, 0, 3, 2, 2, 3, 2, 3, 1, 3, 3, 1, 0, 3, 1, 2, 2, 3, 3, 1, 3, 1, 1, 1, 2, 1, 3, 2, 0, 1, 3, 2, 3, 0, 1, 1, 3, 1, 2, 2, 1, 1, 1, 0, 3, 1, 3, 2, 3, 2, 3, 3, 2, 1, 0, 0, 2, 3, 2, 3, 3, 1, 1, 0, 3, 0, 1, 0, 1, 0, 3, 0, 2, 2, 3, 3, 1, 0, 3, 0, 3, 2, 1, 0, 0, 3, 0, 3, 0, 2, 0, 0, 0], "predicted_labels": [1, 1, 1, 0, 1, 2, 1, 1, 1, 0, 3, 0, 3, 3, 2, 3, 1, 3, 1, 3, 3, 0, 1, 3, 1, 1, 0, 3, 1, 1, 1, 1, 1, 3, 0, 3, 3, 1, 1, 1, 2, 1, 1, 2, 2, 0, 3, 0, 1, 3, 3, 3, 1, 1, 3, 1, 1, 1, 3, 3, 0, 3, 3, 1, 1, 2, 3, 0, 3, 3, 2, 2, 1, 2, 0, 3, 1, 0, 2, 2, 3, 2, 2, 1, 1, 2, 1, 1, 1, 3, 2, 3, 1, 1, 2, 0, 3, 3, 1, 0, 2, 3, 1, 3, 3, 1, 0, 0, 0, 0, 3, 0, 0, 0, 1, 1, 3, 3, 0, 2, 0, 1, 1, 0, 3, 1, 2, 3, 0, 2, 2, 1, 1, 2, 0, 3, 1, 3, 2, 1, 3, 1], "confidence_scores": [[0.23662993564828352, 0.28284816761277387, 0.22468959484104511, 0.2558323018978972], [0.24028903151230302, 0.2896165347286236, 0.198775527150518, 0.27131890660855496], [0.19930750809808018, 0.28460317928317014, 0.24987735662889896, 0.2662119559898507], [0.2572642954012943, 0.31323162667303156, 0.11799067619105513, 0.3115134017346189], [0.22573439488340444, 0.28201965469456586, 0.26396611367985856, 0.22827983674217106], [0.19400766538502281, 0.2775118443440176, 0.2748243643683246, 0.2536561259026351], [0.2256877060678949, 0.284896244302953, 0.23013765054608964, 0.25927839908306227], [0.20337218232899168, 0.28531878182262727, 0.23662774468418143, 0.27468129116419965], [0.2536476353065649, 0.29169344340758674, 0.16935488558936784, 0.28530403569648044], [0.2650146450739306, 0.3142929761633354, 0.11353802392207447, 0.3071543548406598], [0.2457747874620074, 0.2892243785427337, 0.19240396419129785, 0.272596869803961], [0.2311585746952151, 0.286903284461332, 0.2237058131318049, 0.25823232771164806], [0.26679355658280063, 0.31117898584997067, 0.12232829785857013, 0.29969915970865857], [0.24301617242412168, 0.28722085736936537, 0.18854676226116845, 0.2812162079453445], [0.18947050055776998, 0.2781560288397327, 0.28189714178083153, 0.25047632882166576], [0.2703241759369781, 0.30488682414755236, 0.12817261541643377, 0.2966163844990359], [0.2566824080629217, 0.2970498522455668, 0.1570383887400413, 0.28922935095147007], [0.2505821595562342, 0.29724155490864557, 0.16271445256892578, 0.2894618329661943], [0.23015146142949958, 0.2839436727586624, 0.21265637026783474, 0.2732484955440033], [0.23691161235292257, 0.28656794298719285, 0.19991008664855153, 0.27661035801133294], [0.21445579419912114, 0.27496691219516745, 0.24911927240984624, 0.26145802119586525], [0.2396513540865067, 0.2887534880569544, 0.20578008199281816, 0.2658150758637207], [0.25092436860710987, 0.293819973765121, 0.17509049777069285, 0.28016515985707635], [0.2535000761910906, 0.29502288567091656, 0.17262812747732548, 0.2788489106606675], [0.23427295832969572, 0.28367475751099197, 0.22331654626181532, 0.25873573789749704], [0.24824129980531184, 0.29399854904914546, 0.1791048457101013, 0.2786553054354417], [0.2473913316334563, 0.2949115408392649, 0.17828676821112402, 0.2794103593161548], [0.2469141163195081, 0.30066654862551556, 0.17065571549135808, 0.2817636195636183], [0.26549113032953825, 0.289734410158007, 0.15704688866120475, 0.28772757085124995], [0.23100178718179074, 0.2817946733620123, 0.21317027881954279, 0.2740332606366543], [0.2532417711927118, 0.28530403091651446, 0.1847683884171546, 0.2766858094736192], [0.256850378816374, 0.2924614941627636, 0.15915448666749016, 0.291533640353372], [0.2385198639322181, 0.28412822013332584, 0.207967213086384, 0.2693847028480719], [0.23267557733905186, 0.28216233256057516, 0.21303454328223762, 0.2721275468181355], [0.2619007052009623, 0.3019132968510093, 0.13869929517400348, 0.297486702774025], [0.26643986458832164, 0.3041448464209659, 0.13440863450175952, 0.29500665448895286], [0.2482548205749651, 0.29785081543171016, 0.17014324977179138, 0.2837511142215332], [0.24624515591842835, 0.28671016399192256, 0.2048820431176678, 0.26216263697198117], [0.22977238064346897, 0.28224757593108046, 0.22710028541505223, 0.2608797580103983], [0.226569593489111, 0.28324156464944567, 0.22491136923426883, 0.2652774726271746], [0.2067267930553443, 0.2767961002577092, 0.28318036277422337, 0.233296743912723], [0.27429469903684855, 0.29993805310343546, 0.13076378957068338, 0.29500345828903246], [0.26401028563411927, 0.29770050507701606, 0.14263999313124046, 0.29564921615762413], [0.19358347724890432, 0.2777152239032462, 0.2759955549699705, 0.25270574387787886], [0.13676566832801756, 0.2602821104108101, 0.37553446878304375, 0.22741775247812868], [0.2565144811569845, 0.29804284338485965, 0.15886236460799794, 0.286580310850158], [0.23881774677118858, 0.28840081054259903, 0.20460361577758346, 0.2681778269086288], [0.25550266369455915, 0.30029701235660033, 0.15048790775883647, 0.29371241619000416], [0.2621626929080617, 0.30014949111525047, 0.15464017184055803, 0.28304764413612943], [0.19786141847452757, 0.2861472730601495, 0.2441386192955878, 0.27185268916973493], [0.2648345060670187, 0.30232551432209837, 0.13703627879186933, 0.29580370081901347], [0.26072807732271314, 0.3067065087516763, 0.14125881899263382, 0.2913065949329767], [0.20849901555522846, 0.2820498861469517, 0.2689753577522533, 0.2404757405455666], [0.212692743315295, 0.28770744574526447, 0.22790780594752597, 0.2716920049919146], [0.24989063526015415, 0.29730576341479986, 0.1713594327322989, 0.28144416859274746], [0.252374454663422, 0.2911490047394048, 0.18224178447735453, 0.2742347561198188], [0.2645640927848673, 0.30050510173280326, 0.14446908863463936, 0.29046171684768995], [0.2660704762136669, 0.29630871903000133, 0.14628015031479963, 0.291340654441532], [0.22507366146064622, 0.28331899828552876, 0.2252564743008199, 0.26635086595300533], [0.23465698889422695, 0.29546891339142833, 0.19197846831635854, 0.2778956293979861], [0.25953656435345823, 0.3082179951394477, 0.13645127241820246, 0.29579416808889164], [0.2292791411414939, 0.29035212463694565, 0.2112465956087052, 0.2691221386128553], [0.2521524737253473, 0.29339236623017545, 0.16620402132504375, 0.2882511387194337], [0.2594465731900709, 0.2966441957148737, 0.15505900666991854, 0.288850224425137], [0.23268214131402062, 0.28420989947876046, 0.21279504395728832, 0.2703129152499308], [0.21180245438532996, 0.2743004963358806, 0.26808638316292316, 0.2458106661158662], [0.24123628948144768, 0.2944205239665318, 0.18979622752312492, 0.27454695902889537], [0.2529754173691089, 0.29960134125761767, 0.15776552547533615, 0.2896577158979375], [0.26636025343263825, 0.308250835165978, 0.13471165114043654, 0.29067726026094715], [0.2598255539818332, 0.3029309032127195, 0.14335333289397512, 0.2938902099114723], [0.20186487066667025, 0.27945877596827823, 0.27930331660364166, 0.23937303676140986], [0.19863789264594028, 0.2793647561438366, 0.2664123396415134, 0.25558501156870966], [0.22137721389599704, 0.28515965835525925, 0.22049033832325807, 0.2729727894254856], [0.21039828945305433, 0.2769832677929316, 0.2752346705277744, 0.23738377222623955], [0.2530580139969728, 0.3032449268773107, 0.15791450886259803, 0.28578255026311866], [0.20526736878285312, 0.29230733487878097, 0.233431855064401, 0.26899344127396474], [0.24287571215724812, 0.28685728054635, 0.1955359288897405, 0.2747310784066613], [0.2487004667886516, 0.2921487105296585, 0.1841021196668948, 0.27504870301479495], [0.20798597139429653, 0.2771165795764371, 0.25795526778703, 0.25694218124223617], [0.21421076017755827, 0.2803133587419141, 0.2512576498441909, 0.25421823123633686], [0.24249117517704563, 0.29143422083447995, 0.1791908626830621, 0.28688374130541217], [0.20518345940772645, 0.2732900147899694, 0.2650878291237551, 0.2564386966785489], [0.21727626587984544, 0.27764577407427427, 0.24717584029256268, 0.2579021197533177], [0.20362545602451096, 0.2831879817990275, 0.25156310564786427, 0.26162345652859725], [0.21049261122635526, 0.27989681323778637, 0.24255877210186516, 0.2670518034339934], [0.2242237091639736, 0.2807800937773974, 0.25554358152647877, 0.23945261553215036], [0.24408108420647592, 0.28622724197403043, 0.20272090553869765, 0.26697076828079574], [0.23855570839500684, 0.28094228773922325, 0.2162980870683199, 0.2642039167974497], [0.2307030328470778, 0.2844067425237833, 0.22578359461968261, 0.2591066300094564], [0.24524755393184833, 0.29705705866462473, 0.17637966792618906, 0.281315719477338], [0.218184564889953, 0.2781069660045367, 0.2510371555226448, 0.2526713135828655], [0.24591359185247333, 0.3011044000143321, 0.1662565776292906, 0.2867254305039038], [0.23921200038822843, 0.27986098540314974, 0.228302171518833, 0.25262484268978885], [0.25966748159198083, 0.2863892969822128, 0.16940687645245614, 0.28453634497335023], [0.18416637676834008, 0.2665044981238037, 0.3084083574235062, 0.24092076768434997], [0.22751646411021395, 0.28134050333278676, 0.23230765577592755, 0.2588353767810719], [0.26084104784800133, 0.30735116666597706, 0.13939493918536183, 0.29241284630066], [0.22419710897780656, 0.29095755938206985, 0.20659906585205665, 0.278246265788067], [0.23801532345849324, 0.29209800264302543, 0.19835781521422244, 0.2715288586842587], [0.26027537244231347, 0.30526950068890146, 0.13193423787107733, 0.3025208889977077], [0.21623005878747764, 0.27758970017084733, 0.2505773372366967, 0.25560290380497863], [0.2515691155435834, 0.2938975330605078, 0.17375106189398234, 0.28078228950192635], [0.2561743221139505, 0.2953420021585726, 0.16437907182440958, 0.2841046039030674], [0.2643912716413178, 0.3029459574834805, 0.13941086665536284, 0.2932519042198388], [0.2653027284637933, 0.30773748858191097, 0.12818360048209246, 0.2987761824722033], [0.2443364447007791, 0.28619679725363356, 0.18622239216302994, 0.2832443658825573], [0.262967752175099, 0.309256458925926, 0.12215454054725376, 0.3056212483517213], [0.24984371303702874, 0.29579202124206505, 0.17881277255118253, 0.2755514931697239], [0.24998402878269577, 0.2989351857521638, 0.1639212129239838, 0.2871595725411566], [0.23451070415310782, 0.284903685909035, 0.21655570693726234, 0.2640299030005949], [0.24859963557267356, 0.29290361810564025, 0.18052611020570888, 0.27797063611597717], [0.26702954508584087, 0.3048562740442859, 0.13597973114814488, 0.2921344497217286], [0.24642184151887608, 0.29027553519368304, 0.19364838352375172, 0.26965423976368913], [0.2441889590800259, 0.29346721862008085, 0.1862346098387353, 0.27610921246115816], [0.2322531425474052, 0.2801039862919137, 0.22951391983250466, 0.2581289513281764], [0.2123954469485077, 0.2856717272655106, 0.23456884860073518, 0.2673639771852467], [0.250783122715428, 0.2964835482142478, 0.16590191348397995, 0.28683141558634423], [0.2186738855593715, 0.27856158279117005, 0.24129168038164484, 0.2614728512678138], [0.25461033801379906, 0.30262427741759534, 0.1528777041577939, 0.2898876804108118], [0.20994846822235486, 0.27494984614355794, 0.2905086464121599, 0.2245930392219275], [0.2637353064222768, 0.3086655139583371, 0.12978633927543043, 0.2978128403439556], [0.195413716198738, 0.2771328096938213, 0.2633037316639881, 0.2641497424434526], [0.23144150040103317, 0.2854731207454897, 0.23183289221302283, 0.25125248664045446], [0.2581667207743732, 0.30382846727068313, 0.14623243824894563, 0.29177237370599823], [0.2422102737716964, 0.29775560744813506, 0.18051964244399293, 0.2795144763361758], [0.2539294297016425, 0.29734874051444404, 0.16466543817957083, 0.28405639160434293], [0.21457653912696062, 0.27907115154462186, 0.25571324219101244, 0.2506390671374048], [0.21772442934504224, 0.2859608228795273, 0.22677154355722334, 0.26954320421820727], [0.2606144669468472, 0.30637774298200937, 0.13400221709311672, 0.29900557297802677], [0.2007949168721011, 0.27406921382077803, 0.2693516716254335, 0.2557841976816873], [0.20689317107037222, 0.27440683775442054, 0.280373015391186, 0.2383269757840214], [0.2451751263734782, 0.28390540108746604, 0.20315154302732968, 0.2677679295117258], [0.2382319163485157, 0.2836323371886241, 0.21613980046066278, 0.2619959460021974], [0.22330250813699792, 0.27927789194232744, 0.24224164115531277, 0.25517795876536165], [0.2495312687662869, 0.3035208494116766, 0.16464459086721586, 0.2823032909548205], [0.23530107819609014, 0.28551102860974437, 0.2039995124153581, 0.27518838077880736], [0.2698713951206142, 0.30837110478601304, 0.11876103883786479, 0.3029964612555078], [0.25683159126158916, 0.29993966088693047, 0.1527943714717172, 0.2904343763797634], [0.2018982290027228, 0.271009757489901, 0.29137232043289746, 0.23571969307447868], [0.260762417322854, 0.2951040478959429, 0.15108906479623416, 0.29304446998496886], [0.2517026261501563, 0.29517007697079123, 0.16875632518875747, 0.284370971690295], [0.23895197254400755, 0.2883189561958127, 0.19850428079882113, 0.2742247904613587]]}, "rewritten": {"ids": ["97105760", "97106600", "97108520", "97109080", "97113260", "97113900", "97114170", "97116800", "98107410", "98108410", "98108520", "98108580", "98109570", "98111860", "98117740", "98120530", "99107300", "99108080", "99108460", "99108520", "99108580", "99109370", "99109780", "99111440", "99111620", "99117630", "99120010", "100107920", "100108080", "100108520", "100108580", "100110260", "100111080", "100111620", "100112060", "100117420", "100120010", "101110200", "101111310", "101112690", "101113210", "101115190", "101117580", "102109010", "102110240", "102110890", "102112030", "102114270", "103109641", "103111110", "103112470", "103117200", "103117461", "104111380", "104111711", "104111780", "104112201", "104113380", "104116800", "104117200", "104118070", "105111990", "105112130", "105113330", "105115250", "105115680", "105115900", "105116441", "105118171", "105118230", "106112770", "106113190", "106113360", "106115240", "106116441", "106116850", "106117650", "106117770", "106117790", "107112850", "107113200", "107113360", "107113840", "107114490", "107115140", "107116980", "107118120", "107118490", "107118780", "107119950", "108113480", "108113620", "108114360", "108116481", "108116501", "108117360", "108117610", "108118630", "108120621", "109113281", "109114220", "109115211", "109116930", "109117150", "109117431", "109117600", "109118231", "109118820", "109119340", "109121640", "110114720", "110115120", "110116300", "110116441", "110116501", "110117080", "110117200", "111114321", "111115780", "111116010", "111116110", "111118301", "111120591", "111120640", "111121351", "111121410", "112116451", "112116800", "112118550", "112118820", "112118890", "112119580", "112119930", "112120540", "112120700", "113117340", "113117630", "113118421", "113121220", "113121750", "113122220", "113122510"], "labels": [0, 3, 2, 2, 1, 2, 2, 0, 3, 1, 2, 0, 1, 0, 2, 1, 3, 3, 0, 2, 0, 1, 2, 3, 3, 3, 2, 0, 0, 2, 0, 3, 0, 3, 2, 2, 0, 2, 3, 1, 3, 1, 3, 1, 3, 0, 2, 3, 1, 3, 1, 0, 0, 3, 1, 3, 0, 1, 1, 3, 2, 2, 1, 3, 2, 2, 3, 1, 3, 1, 1, 0, 0, 1, 0, 3, 1, 0, 1, 1, 0, 0, 3, 3, 0, 3, 3, 2, 1, 3, 0, 3, 1, 0, 0, 1, 3, 1, 1, 0, 3, 0, 0, 2, 1, 1, 1, 3, 3, 0, 3, 0, 3, 3, 3, 1, 3, 1, 1, 1, 3, 3, 1, 0, 0, 0, 0, 0, 3, 0, 3, 3, 1, 3, 2, 2, 0, 3, 3, 0, 1, 2], "predicted_labels": [2, 1, 1, 3, 3, 1, 3, 0, 3, 0, 3, 1, 3, 1, 3, 3, 0, 0, 3, 1, 2, 3, 1, 3, 1, 1, 2, 3, 1, 0, 2, 0, 1, 0, 3, 2, 1, 1, 0, 1, 3, 1, 0, 3, 1, 2, 1, 1, 3, 1, 0, 1, 1, 2, 2, 1, 0, 1, 3, 1, 1, 3, 1, 3, 1, 1, 3, 1, 1, 3, 3, 0, 0, 1, 1, 3, 0, 0, 1, 1, 0, 1, 0, 3, 3, 0, 1, 1, 0, 3, 0, 3, 2, 3, 3, 2, 3, 1, 1, 1, 1, 3, 2, 0, 1, 0, 1, 0, 0, 1, 2, 1, 1, 0, 3, 1, 3, 1, 0, 1, 3, 3, 3, 3, 3, 1, 3, 1, 0, 0, 0, 3, 1, 0, 1, 1, 1, 0, 3, 1, 3, 2], "confidence_scores": [[0.21953521869362969, 0.2788943638961209, 0.24807288355842358, 0.2534975338518258], [0.2077413989987014, 0.2835730429568211, 0.2505526158760151, 0.25813294216846217], [0.2598128254145702, 0.3012207479726365, 0.15504083993251577, 0.28392558668027745], [0.23560701956757224, 0.29640462762250575, 0.18662132943478302, 0.28136702337513914], [0.22726153065274543, 0.281169324658787, 0.22490680653548656, 0.26666233815298096], [0.24999241480796155, 0.2946459757647684, 0.1781083645664525, 0.2772532448608174], [0.24243242484952904, 0.2878700089786635, 0.19480360769966268, 0.2748939584721449], [0.2515728585981278, 0.29305764284520985, 0.17399406215435645, 0.28137543640230606], [0.23680838716563724, 0.29173377299289066, 0.19540831678582624, 0.2760495230556459], [0.26070085315560765, 0.3053572936794878, 0.14070428753386213, 0.2932375656310428], [0.26168712659188875, 0.3019840921941279, 0.13951818820725947, 0.2968105930067238], [0.24507937795436988, 0.2885264055965923, 0.19175987981961456, 0.2746343366294233], [0.23173776156925535, 0.29691448447647195, 0.18810848399577534, 0.28323926995849746], [0.2331174528034726, 0.279648432869614, 0.22960867374881636, 0.2576254405780973], [0.23347294012702258, 0.29086215942769933, 0.19945350883754567, 0.27621139160773234], [0.25496757569218104, 0.30096962318045933, 0.15597975839805664, 0.28808304272930274], [0.26485838764358133, 0.31400532212034016, 0.11091033702958825, 0.3102259532064903], [0.2457381024164151, 0.2974974732565612, 0.17987925812560307, 0.27688516620142056], [0.2684192214202427, 0.30319388546240594, 0.13601836589075908, 0.2923685272265923], [0.21301080563465952, 0.28030472107826304, 0.258794515866064, 0.24788995742101355], [0.2128511027734206, 0.2771616686726337, 0.2800662284796412, 0.22992100007430444], [0.2515882610812454, 0.29308571624518676, 0.1776549956444458, 0.27767102702912244], [0.258087471126027, 0.2922435528632925, 0.1684912657122726, 0.28117771029840805], [0.24184552153708766, 0.29283500387921296, 0.19269817595252117, 0.27262129863117796], [0.24892707444300582, 0.2929160168755491, 0.17779205707716314, 0.28036485160428176], [0.2642102331243332, 0.29953139877999785, 0.1462211297826134, 0.29003723831305567], [0.21420944287665952, 0.2761263747529388, 0.26599175730617713, 0.2436724250642245], [0.2501182231968294, 0.2973437479456892, 0.16911415672864905, 0.2834238721288326], [0.271719141759173, 0.2995054789232667, 0.13278823142855142, 0.2959871478890089], [0.24910490197260354, 0.290648123684177, 0.17854063346021948, 0.28170634088300023], [0.21126843464838946, 0.2754814074634813, 0.2707342661798663, 0.24251589170826293], [0.24402429945424595, 0.2934228566338766, 0.1841110251144369, 0.27844181879744045], [0.23999756291488578, 0.2829836629143513, 0.20846739161281744, 0.26855138255794564], [0.23416975204783386, 0.2846955210042965, 0.22428779469627816, 0.2568469322515918], [0.23855598830430408, 0.29238338995572866, 0.1939040071875505, 0.27515661455241675], [0.19586703575024003, 0.2729625853281081, 0.29143982534687374, 0.23973055357477827], [0.19006701842262097, 0.2800838419328614, 0.2863301029273085, 0.2435190367172089], [0.2514661430941574, 0.2893065092461331, 0.1830794540672839, 0.2761478935924255], [0.266868945719341, 0.3104767038961022, 0.1213282814297377, 0.3013260689548187], [0.24623605612134236, 0.2885975332423676, 0.19157538063577365, 0.2735910300005167], [0.24179615723870837, 0.28606337979401125, 0.19482438135282829, 0.2773160816144518], [0.20547257615669048, 0.28226199447174116, 0.2534705493709808, 0.2587948800005875], [0.26400799804993197, 0.3130013458442692, 0.11491353896522108, 0.3080771171405775], [0.25583455206168093, 0.2987782286547302, 0.153750104784997, 0.2916371144985918], [0.2468620931489345, 0.29468835775342744, 0.18145936343944014, 0.276990185658198], [0.2042436252568564, 0.2775496630630966, 0.2639712931068095, 0.25423541857323734], [0.23635922510364424, 0.28506836317168605, 0.2152144312768205, 0.263357980447849], [0.26960258061456294, 0.30457326433699405, 0.1251638188588368, 0.3006603361896058], [0.20790209560754214, 0.2847164562136659, 0.24012812306488812, 0.2672533251139041], [0.2629676196490207, 0.29926110263500705, 0.14720015517317303, 0.29057112254279926], [0.2470094891261623, 0.29272767123701243, 0.18162025891712996, 0.2786425807196953], [0.274480862813456, 0.3070416524627416, 0.11150685469326231, 0.30697063003054004], [0.2477667691268046, 0.2895506561311821, 0.18640495207900673, 0.2762776226630065], [0.2272418484338545, 0.28079154412919904, 0.24599167879364262, 0.24597492864330373], [0.18850423914469341, 0.2671622630584366, 0.31577212109875125, 0.22856137669811857], [0.2517353583934438, 0.2892759317397883, 0.1688022342946023, 0.29018647557216576], [0.2573550607993488, 0.3090085857344492, 0.1269641979392859, 0.3066721555269164], [0.2329722407883196, 0.28064659108960177, 0.22080271692697376, 0.2655784511951048], [0.2547914663481682, 0.3026762931386682, 0.1541885443342765, 0.2883436961788869], [0.2393385125410902, 0.2917571737655036, 0.19316176429825094, 0.27574254939515513], [0.20048269468238414, 0.2832656697375346, 0.252450067880882, 0.2638015676991992], [0.26069105955725314, 0.30548531261631995, 0.13967643408856073, 0.29414719373786624], [0.24020232818940065, 0.29137438196511695, 0.19055541791069877, 0.27786787193478374], [0.26004888618214217, 0.3053436756160022, 0.13805125385755435, 0.2965561843443013], [0.24597614714946392, 0.2900373104593795, 0.19596094190910002, 0.26802560048205665], [0.25913328494298415, 0.2872154951647314, 0.1723267275020262, 0.2813244923902582], [0.25925863698668716, 0.29843217206046185, 0.15235850754264643, 0.2899506834102046], [0.242186966213306, 0.28737827226568496, 0.20018332434058367, 0.2702514371804254], [0.27352259072174334, 0.3041796806476538, 0.12172887467032031, 0.3005688539602829], [0.21030489673351263, 0.2814357198541782, 0.24037185743716136, 0.2678875259751478], [0.24531608416840653, 0.2897668142460482, 0.18118235969327043, 0.2837347418922746], [0.25458795365650383, 0.29995876795031595, 0.1569500487444995, 0.2885032296486807], [0.25669461447263586, 0.2958829885946705, 0.15829211401592522, 0.2891302829167682], [0.24263649625316377, 0.2844596644711708, 0.1989963917488053, 0.27390744752686025], [0.26079018350689287, 0.2960090381265423, 0.14929629555614254, 0.29390448281042236], [0.24338311529237397, 0.2905632214451927, 0.1912065371897986, 0.27484712607263506], [0.2397063933810786, 0.29001286158011796, 0.19681925687576193, 0.27346148816304167], [0.24431390656869312, 0.29677796917347476, 0.17516689943886443, 0.28374122481896774], [0.24752663042316506, 0.2929386291885877, 0.18530859976183262, 0.2742261406264145], [0.2420047880662742, 0.2906121894513616, 0.19479620829548783, 0.2725868141868762], [0.26094340995913834, 0.3047077348289378, 0.13906536205996214, 0.295283493151962], [0.2601365921395481, 0.2999750198217855, 0.14763338995806033, 0.29225499808060595], [0.23920021038007894, 0.2862078234078223, 0.20827309231682198, 0.26631887389527664], [0.2151840708164029, 0.28472037722212884, 0.22821418275445604, 0.27188136920701267], [0.2350639731161832, 0.27886648843763284, 0.2186875679718327, 0.2673819704743516], [0.252484635456253, 0.30355622468590876, 0.15275283124653832, 0.2912063086112998], [0.25481186405198725, 0.28366750003139823, 0.1791598226979784, 0.2823608132186361], [0.23506386994652373, 0.2837817631291047, 0.2119067532725759, 0.26924761365179567], [0.2635810043317498, 0.3150761317307033, 0.1201799851514982, 0.3011628787860489], [0.2476014638279705, 0.2988753095184985, 0.1693752453771886, 0.2841479812763425], [0.24031954976610787, 0.2847079878845344, 0.2094705609626432, 0.2655019013867148], [0.23371458713356846, 0.2897156855736904, 0.20204912302563163, 0.2745206042671096], [0.2205812173698542, 0.2773583654100349, 0.2449525132861624, 0.25710790393394833], [0.2704619862269442, 0.3145477001657872, 0.11101324467101033, 0.3039770689362582], [0.27008159483741545, 0.30777870244372585, 0.1207580305026889, 0.30138167221617], [0.15234273355465103, 0.26582456706393975, 0.34214884018353964, 0.23968385919786936], [0.26966050115189316, 0.3087111382533598, 0.12382685880417421, 0.2978015017905727], [0.24279814269285557, 0.28907891497970223, 0.18657896645630628, 0.2815439758711356], [0.2505581806596179, 0.29196362335153175, 0.1761099886101276, 0.2813682073787227], [0.2753882087225251, 0.3143678304301759, 0.10200123696640762, 0.30824272388089125], [0.24837274331849798, 0.2912079286687914, 0.18836746490682865, 0.27205186310588186], [0.23371846918061692, 0.28483706169655876, 0.20490973952197716, 0.27653472960084713], [0.22230771241435657, 0.2819803676809808, 0.2358946394366543, 0.25981728046800834], [0.25099050519248545, 0.29267691575445, 0.18540173052627681, 0.2709308485267878], [0.2585057495509546, 0.29845849193638474, 0.15435364050731593, 0.2886821180053447], [0.2512757912891088, 0.30139374254175283, 0.1635319956713037, 0.28379847049783485], [0.25482161469178666, 0.29122646474254676, 0.17563917663962425, 0.2783127439260419], [0.25379939276126356, 0.2987477523758465, 0.1639993431280354, 0.28345351173485434], [0.260487102572567, 0.30637913433612624, 0.13598967193377465, 0.2971440911575318], [0.24771753852927855, 0.2869095243515031, 0.18704757002202405, 0.2783253670971943], [0.21235916351005507, 0.26854541495393774, 0.2907896149609034, 0.2283058065751038], [0.2626886267171282, 0.3010259253508757, 0.14943877151896737, 0.28684667641302874], [0.2644503429613406, 0.2958463048961075, 0.1518520145630762, 0.28785133757947545], [0.23946839086409547, 0.27946890243332934, 0.21477768140749012, 0.26628502529508513], [0.26637076231864903, 0.30642865964402355, 0.1282836107845737, 0.29891696725275374], [0.23832217512209972, 0.2928379426185185, 0.18296283886214698, 0.2858770433972349], [0.25683110251469005, 0.2997537454798952, 0.15073364191468555, 0.2926815100907291], [0.23004184321181717, 0.2820978526032506, 0.22980014303094107, 0.25806016115399094], [0.2662886129205674, 0.30565198753061995, 0.13340899133498102, 0.2946504082138314], [0.23980701192901552, 0.2855006763031347, 0.21369470455695438, 0.2609976072108953], [0.2386604463927802, 0.2870196886641093, 0.2075268638533667, 0.266793001089744], [0.2512218402291974, 0.29512063750738854, 0.16824164790398483, 0.2854158743594294], [0.25930875217297555, 0.3075460707290559, 0.13773686322840428, 0.29540831386956473], [0.2588286283569372, 0.30288802219631955, 0.14758727011450035, 0.29069607933224284], [0.25518454032701543, 0.2985944541315123, 0.16133266148290065, 0.28488834405857144], [0.26829687157843896, 0.2965690759423101, 0.1338484544515058, 0.3012855980277454], [0.26940673973502566, 0.3083186582619455, 0.1220655692558592, 0.3002090327471694], [0.2621767401751391, 0.2997006595313782, 0.14927318220661756, 0.288849418086865], [0.2504341314523649, 0.296546754195725, 0.16943453570022463, 0.28358457865168535], [0.2593479561184175, 0.30355730329650604, 0.1431434916786574, 0.2939512489064192], [0.2656447059710093, 0.31096832336931857, 0.11911077902587201, 0.30427619163379993], [0.21923193729584317, 0.2833810594885327, 0.230332155919157, 0.26705484729646706], [0.25010515840476033, 0.2908696457110112, 0.18479530467855568, 0.2742298912056731], [0.25423408886091964, 0.2999842748358021, 0.16009883134652916, 0.2856828049567492], [0.24667952899197687, 0.2865162724469122, 0.18597920161617973, 0.28082499694493124], [0.23645975437665695, 0.2775811463181275, 0.22533135194311205, 0.26062774736210326], [0.23898456833367906, 0.2842739231685362, 0.2044580013833369, 0.2722835071144479], [0.2584976819607556, 0.31703778311921127, 0.11213735090094464, 0.31232718401908827], [0.22793641200941853, 0.2959466211996281, 0.19760655399185537, 0.27851041279909794], [0.26283336837087234, 0.29890724141520286, 0.1407436213777305, 0.2975157688361947], [0.26688397595927815, 0.29995086074923444, 0.14089906159214757, 0.29226610169934025], [0.21342827684644503, 0.27945326946827853, 0.26201059635184915, 0.24510785733342721]]}}