{"test": {"ids": ["108118810", "112117571", "111119430", "103117461", "102111990", "113118820", "111120531", "111119150", "107114621", "104111780", "109116810", "112120670", "113117401", "108115880", "108120060", "104116800", "106114880", "105110251", "109121351", "99111930", "98106560", "112116900", "106119990", "100109330", "103113270", "97107681", "101112160", "106115120", "99109311", "112120700", "99109860", "109119010", "112120270", "97112830", "108118630", "108114200", "102112170", "98109311", "108115070", "110115710", "98119591", "99110050", "110119300", "113121810", "102112301", "109119460", "111119250", "112121010", "112116880", "105113210", "105119950", "112118860", "112119580", "111115400", "105117200", "104113170", "101119591", "110119891", "98106880", "111114121", "111114321", "107118820", "107119130", "101119030", "104119290", "100108080", "109115380", "101108290", "113117340", "112119930", "111121190", "99109780", "97116401", "110120531", "109117110", "113122150", "108118060", "102110750", "102110890", "110121140", "109116170", "108120280", "104113210", "108118291", "108116120", "98110230", "100107920", "105113260", "107112840", "104112470", "112119950", "102110850", "106119580", "105113170", "110118630", "113120070", "108115500", "107120130", "111116990", "97105760", "108114360", "106116120", "103109641", "112116610", "110118301", "103113260", "99110730", "109119340", "101110740", "98108580", "100111080", "101110150", "98108370", "103120340", "102113210", "111119610", "105119550", "110114720", "99108460", "105115680", "103109791", "105112100", "99113260", "99111620", "97107920", "105117431", "113120540", "99121440", "103109021", "112117471", "110120540", "108116070", "104113550", "99108520", "108113700", "102121440", "107114200", "106116820", "113118620", "102117351", "110115890", "107121540"], "labels": [1, 3, 3, 0, 2, 0, 0, 3, 0, 3, 3, 2, 3, 3, 1, 1, 0, 0, 0, 1, 1, 3, 0, 0, 2, 3, 3, 1, 1, 2, 2, 3, 0, 2, 1, 0, 3, 1, 1, 2, 1, 3, 1, 2, 1, 1, 1, 2, 0, 3, 3, 3, 3, 0, 3, 3, 0, 3, 0, 0, 1, 3, 1, 3, 1, 0, 3, 0, 2, 1, 1, 2, 3, 0, 1, 2, 1, 1, 0, 3, 0, 3, 3, 3, 1, 3, 0, 3, 1, 1, 0, 3, 3, 0, 1, 2, 3, 2, 0, 0, 1, 1, 1, 1, 1, 3, 3, 3, 3, 0, 0, 1, 1, 1, 3, 2, 1, 3, 0, 2, 3, 1, 0, 3, 0, 1, 3, 2, 0, 3, 1, 1, 1, 2, 0, 2, 2, 1, 3, 1, 2, 2], "predicted_labels": [3, 0, 0, 3, 1, 0, 0, 3, 1, 1, 0, 3, 0, 1, 3, 3, 2, 3, 0, 3, 2, 3, 3, 1, 1, 0, 3, 1, 3, 0, 1, 1, 0, 3, 1, 0, 3, 1, 1, 3, 2, 1, 0, 2, 3, 1, 0, 1, 3, 0, 2, 1, 3, 1, 0, 2, 0, 1, 0, 3, 1, 1, 1, 3, 0, 3, 1, 3, 1, 3, 0, 2, 1, 1, 1, 1, 3, 3, 3, 0, 3, 0, 0, 0, 3, 2, 0, 1, 1, 1, 0, 1, 1, 3, 0, 1, 1, 1, 0, 0, 1, 1, 3, 1, 0, 0, 2, 0, 0, 1, 3, 1, 2, 2, 1, 1, 1, 0, 3, 1, 3, 3, 1, 1, 3, 3, 0, 0, 3, 0, 1, 2, 0, 2, 3, 3, 1, 3, 1, 0, 3, 3], "confidence_scores": [[0.1993609546472092, 0.3249562149970713, 0.0810468146214224, 0.39463601573429713], [0.3951237157126924, 0.23027006180216228, 0.19928768711992453, 0.1753185353652208], [0.46221898412239404, 0.2012868885617751, 0.1397992191895118, 0.19669490812631912], [0.20629643398518205, 0.32012679252146115, 0.1182929717828209, 0.355283801710536], [0.21761111183840526, 0.42608519906580467, 0.1480771707854473, 0.20822651831034267], [0.7377217436243115, 0.10384627764952872, 0.03432750189372715, 0.12410447683243274], [0.3388749489054862, 0.3259357310967618, 0.09991871255953026, 0.2352706074382217], [0.3480124460538966, 0.15432472590630708, 0.12051789346754467, 0.3771449345722519], [0.33734191136368835, 0.33997559973075164, 0.10968021545321459, 0.2130022734523456], [0.1750908560245376, 0.3053895935104366, 0.2741123632384413, 0.2454071872265847], [0.5110035154550591, 0.2514516897361792, 0.07165947781236374, 0.16588531699639783], [0.24164335935138254, 0.3041934203682544, 0.134600541623254, 0.31956267865710913], [0.3530539165528867, 0.3367690804683064, 0.128812427394271, 0.1813645755845358], [0.24416473348892867, 0.3599704874949802, 0.1810456015546449, 0.21481917746144644], [0.15350469611672374, 0.17536616056664017, 0.14934126065819975, 0.5217878826584363], [0.20822469074569083, 0.2736707322271971, 0.08406242085002016, 0.43404215617709196], [0.19558264032403158, 0.28290823263234166, 0.33127958783007905, 0.1902295392135478], [0.24639138997661236, 0.32567484521203743, 0.07321117979250422, 0.3547225850188461], [0.39571530804851424, 0.28880328289046636, 0.08521480578759129, 0.23026660327342813], [0.24566198811294288, 0.2455065121702873, 0.15145528682187834, 0.3573762128948916], [0.12430375508633269, 0.30033979065269983, 0.42581313497070067, 0.1495433192902668], [0.20308429362241695, 0.27657200764957435, 0.11145200622849868, 0.4088916924995101], [0.1517069075089842, 0.18689699662875706, 0.21791686551681833, 0.4434792303454405], [0.2126733195304288, 0.518145592194868, 0.10594283028971488, 0.1632382579849883], [0.1237091954118269, 0.31177713614245167, 0.3010467890962321, 0.26346687934948915], [0.36910975739373697, 0.2497760617059806, 0.0887977573412743, 0.2923164235590083], [0.2186064038767895, 0.3073035395094562, 0.11291912802383611, 0.36117092858991834], [0.28573430840314845, 0.28662986187951595, 0.17340718705901478, 0.2542286426583208], [0.24323768797494796, 0.3271019437626086, 0.07789054950550213, 0.3517698187569413], [0.29610711495899955, 0.28013093347906975, 0.19696007194446366, 0.22680187961746706], [0.18227945963671274, 0.40573803248261137, 0.14039300341360125, 0.27158950446707475], [0.21243978603935573, 0.3567738907651075, 0.13483324771128224, 0.2959530754842544], [0.37231828234602377, 0.276617688247542, 0.1255146721300671, 0.22554935727636716], [0.2316250641410438, 0.2702977280513961, 0.18116962070917222, 0.31690758709838784], [0.28749286602977847, 0.33885171404129233, 0.10991655563344777, 0.2637388642954815], [0.2754298032972742, 0.2614836532120421, 0.2650596885974198, 0.19802685489326388], [0.11371576847276464, 0.3269793832846326, 0.20162723277752714, 0.35767761546507565], [0.26112613489164055, 0.3239598533264848, 0.12367648600461686, 0.2912375257772579], [0.22957624340602423, 0.3087028366345131, 0.1704887671860287, 0.2912321527734339], [0.10200622127220851, 0.14416933911000224, 0.12154009695879936, 0.6322843426589899], [0.1318876834582595, 0.14769943781866093, 0.614774957711078, 0.10563792101200145], [0.21199339270395032, 0.3575494851506417, 0.16487119273191644, 0.2655859294134916], [0.33129857460664863, 0.3279808439122225, 0.14470356258311828, 0.1960170188980106], [0.1485350162584157, 0.22391811289999036, 0.4419209909996154, 0.1856258798419786], [0.2034461426267359, 0.14797460859964343, 0.0697460459916408, 0.5788332027819798], [0.23809353327805746, 0.4415842419825892, 0.10706051247572207, 0.21326171226363114], [0.4109625718902287, 0.23949524668312336, 0.15110964036618088, 0.1984325410604672], [0.12986900098679702, 0.4861248901773324, 0.2162242958037283, 0.16778181303214237], [0.2156835383849105, 0.1968440083209492, 0.29228918050517283, 0.29518327278896744], [0.39726373985877667, 0.18739804711762958, 0.2279192225697365, 0.18741899045385732], [0.2030007451048439, 0.20952525784490797, 0.36016635096172034, 0.22730764608852777], [0.25720909930187746, 0.37123149488201496, 0.07208686708308966, 0.29947253873301805], [0.179542498317117, 0.2595289524636044, 0.1660052428226435, 0.394923306396635], [0.27966021568840715, 0.3182843366509421, 0.12888673245595428, 0.2731687152046965], [0.3022089419403303, 0.29627839124391825, 0.18852284282355022, 0.21298982399220123], [0.18568154488431013, 0.29487825837844417, 0.3619241838634586, 0.1575160128737871], [0.479138846953499, 0.23816617206152746, 0.06791909157305849, 0.21477588941191517], [0.33210283210959984, 0.3389353236688116, 0.10173166436739606, 0.22723017985419255], [0.3633286149733437, 0.2038536367388769, 0.1927890409573601, 0.2400287073304196], [0.19249764020409635, 0.2518205729973904, 0.07726392147694054, 0.4784178653215729], [0.11936887556137668, 0.4469563655381787, 0.07118019459483743, 0.3624945643056073], [0.21055788152710972, 0.36965662928734555, 0.10461107751184646, 0.3151744116736984], [0.28138614068804074, 0.3132220348014525, 0.11573549549791567, 0.28965632901259114], [0.14596938873853402, 0.18265679084836803, 0.11971992683887984, 0.5516538935742181], [0.36388841266145694, 0.2063134020317393, 0.10924992803865993, 0.32054825726814373], [0.19000104431836864, 0.16066107498691257, 0.30647934367155594, 0.342858537023163], [0.25337569871891674, 0.3276293250858931, 0.25034703837461453, 0.16864793782057572], [0.37438309700797295, 0.10222578716474957, 0.05763901901941047, 0.465752096807867], [0.34687077023739715, 0.359143745068739, 0.07848284997146317, 0.2155026347224009], [0.26006591162610043, 0.2796620389062069, 0.1494702639484566, 0.31080178551923615], [0.34464935000663377, 0.17560772256433424, 0.3004149131877723, 0.17932801424125963], [0.1104518521587484, 0.13234283972221716, 0.5438717743934502, 0.21333353372558406], [0.25913927462447506, 0.3575679811374172, 0.08018184420633269, 0.30311090003177504], [0.27601675844068735, 0.34896386960717346, 0.11068638546282299, 0.2643329864893163], [0.20846971927972915, 0.3627868212936632, 0.2786965740310789, 0.15004688539552877], [0.2208193781726586, 0.3927674628617517, 0.10264876249594004, 0.28376439646964974], [0.12670702449565593, 0.18314149151647213, 0.28935022949455547, 0.40080125449331655], [0.21744655647634248, 0.2595491229419519, 0.20294193013987394, 0.3200623904418317], [0.2530351317541905, 0.2326997132253157, 0.09341386005766915, 0.4208512949628246], [0.5879066427782375, 0.12516891208665704, 0.05369915361453187, 0.23322529152057353], [0.1498099295640134, 0.21583660927501674, 0.11550033195834121, 0.5188531292026287], [0.5477194166259496, 0.27260590368919974, 0.05478922701420074, 0.12488545267064989], [0.3245363257010544, 0.19256924606373685, 0.20556463093504154, 0.2773297973001673], [0.417304329135998, 0.258969289723436, 0.09200325926671399, 0.23172312187385194], [0.35508142744783167, 0.1682078387083626, 0.07270417345884582, 0.4040065603849599], [0.2117418304976772, 0.2415848127059043, 0.2750696109709311, 0.2716037458254874], [0.36274106911061943, 0.2533861218184657, 0.09877001533714425, 0.28510279373377045], [0.3520823497666226, 0.41411013389997786, 0.0715010491020934, 0.16230646723130615], [0.18136258608770445, 0.46593315083778414, 0.2117431919139687, 0.14096107116054282], [0.19667969221808662, 0.3867472143648481, 0.21652649494813742, 0.2000465984689279], [0.40490083570981916, 0.23534013322916197, 0.08413450632608031, 0.2756245247349386], [0.1667912552503369, 0.41740906688402246, 0.11729691559323206, 0.2985027622724085], [0.19450764094977585, 0.4408958263547085, 0.12361151429415303, 0.24098501840136263], [0.24228082332228046, 0.2556915186638701, 0.2071025144982009, 0.2949251435156486], [0.33274001901566863, 0.22351679745348915, 0.21960915104128628, 0.22413403248955618], [0.21742288304437837, 0.44891422387075847, 0.10745664315439797, 0.22620624993046506], [0.33938483573701544, 0.36971732663548335, 0.05860249238924526, 0.2322953452382559], [0.2682307417469559, 0.40067198313672425, 0.12371904239896402, 0.20737823271735598], [0.4746963356669277, 0.2127572516234133, 0.09504721336975244, 0.21749919933990658], [0.3483598025982582, 0.27927881592514436, 0.12304309900797342, 0.24931828246862406], [0.2458032504413093, 0.3809180779351873, 0.20792424450885558, 0.16535442711464807], [0.15700255010703432, 0.3561162823390234, 0.228254560735595, 0.25862660681834754], [0.3027134797622619, 0.28563862284638114, 0.0842015611241679, 0.32744633626718905], [0.22123531325404278, 0.3111345956208906, 0.1859018578735401, 0.2817282332515267], [0.4994863176072825, 0.3120755355215324, 0.046470493019366, 0.1419676538518191], [0.34949226438804587, 0.21245645522236273, 0.2230924666536869, 0.21495881373590453], [0.16211569081765692, 0.20310757758373735, 0.38666968383712486, 0.248107047761481], [0.35766796776435617, 0.26441470087786445, 0.20191437942549678, 0.17600295193228263], [0.37877150522122677, 0.2366385713581528, 0.16654080021801498, 0.21804912320260555], [0.26820145921011085, 0.2947230599311009, 0.1730870803160624, 0.26398840054272577], [0.2279730017228354, 0.2521535334548362, 0.16350673485821285, 0.3563667299641156], [0.20699802394394812, 0.3313063142686345, 0.1375176313204979, 0.3241780304669195], [0.133682168322918, 0.3421582159457704, 0.3942966811348522, 0.12986293459645945], [0.16022584267349865, 0.27887550154025553, 0.4501731292467331, 0.11072552653951277], [0.12329143951438548, 0.31700337581761384, 0.283364759152715, 0.27634042551528576], [0.20952529485541435, 0.34787358848309835, 0.10391586879668552, 0.3386852478648018], [0.22981824603055073, 0.3591613614656441, 0.15642546848877442, 0.2545949240150308], [0.46957594457615576, 0.17918887328956795, 0.2098261819626265, 0.1414090001716499], [0.13951167469251322, 0.1819663071428454, 0.22729769442886077, 0.45122432373578053], [0.10021703418716324, 0.4834793274031565, 0.17028616773196253, 0.2460174706777179], [0.2571639866276702, 0.1768559142719691, 0.06608549785653235, 0.4998946012438284], [0.17464949899265161, 0.20489394751035078, 0.16452764969837663, 0.455928903798621], [0.15913003686849583, 0.393790688001094, 0.18608695415554663, 0.2609923209748636], [0.28200508322989676, 0.3872437980767532, 0.1841431705791255, 0.14660794811422456], [0.2223431477660857, 0.22547127479018725, 0.13365742346667056, 0.41852815397705645], [0.268669918264125, 0.2356352043637796, 0.14543603000406893, 0.3502588473680264], [0.32140079446858555, 0.16941055647492906, 0.2509453801685012, 0.25824326888798427], [0.30482832474819815, 0.27050546754060056, 0.28950052788086506, 0.1351656798303363], [0.1606361443257488, 0.24384230615815208, 0.16203514592353954, 0.43348640359255974], [0.5442552489347343, 0.24400072172589782, 0.06750833156040847, 0.1442356977789595], [0.22086384210412124, 0.3050394187706128, 0.2870738347683403, 0.18702290435692573], [0.18516809629990277, 0.3157087377821767, 0.33962898199560926, 0.15949418392231127], [0.5622550274522822, 0.15762216264690154, 0.07450255715546934, 0.20562025274534695], [0.2745385314186692, 0.21863314235139142, 0.3759516143363465, 0.1308767118935929], [0.2689035034103504, 0.24168173423123965, 0.09219148768646693, 0.3972232746719431], [0.2597581366362772, 0.17671287338433317, 0.19405080407235134, 0.3694781859070384], [0.1726748880370751, 0.4526323693644911, 0.17131710890339064, 0.20337563369504327], [0.14475016390037287, 0.15252416033428584, 0.2855102941005226, 0.4172153816648187], [0.31656308770518254, 0.3641195477655969, 0.11960905817808049, 0.19970830635114017], [0.4175653488354424, 0.21772167805958728, 0.09628953102500709, 0.2684234420799633], [0.18208228181668298, 0.3072133818310578, 0.19331092320951768, 0.3173934131427416], [0.1426822430942396, 0.1986728061817617, 0.3289371906978213, 0.32970776002617735]]}, "rewritten": {"ids": ["97105760", "97107681", "97107920", "97112830", "97116401", "98106560", "98106880", "98108370", "98108580", "98109311", "98110230", "98119591", "99108460", "99108520", "99109311", "99109780", "99109860", "99110050", "99110730", "99111620", "99111930", "99113260", "99121440", "100107920", "100108080", "100109330", "100111080", "101108290", "101110150", "101110740", "101112160", "101119030", "101119591", "102110750", "102110850", "102110890", "102111990", "102112170", "102112301", "102113210", "102117351", "102121440", "103109021", "103109641", "103109791", "103113260", "103113270", "103117461", "103120340", "104111780", "104112470", "104113170", "104113210", "104113550", "104116800", "104119290", "105110251", "105112100", "105113170", "105113210", "105113260", "105115680", "105117200", "105117431", "105119550", "105119950", "106114880", "106115120", "106116120", "106116820", "106119580", "106119990", "107112840", "107114200", "107114621", "107118820", "107119130", "107120130", "107121540", "108113700", "108114200", "108114360", "108115070", "108115500", "108115880", "108116070", "108116120", "108118060", "108118291", "108118630", "108118810", "108120060", "108120280", "109115380", "109116170", "109116810", "109117110", "109119010", "109119340", "109119460", "109121351", "110114720", "110115710", "110115890", "110118301", "110118630", "110119300", "110119891", "110120531", "110120540", "110121140", "111114121", "111114321", "111115400", "111116990", "111119150", "111119250", "111119430", "111119610", "111120531", "111121190", "112116610", "112116880", "112116900", "112117471", "112117571", "112118860", "112119580", "112119930", "112119950", "112120270", "112120670", "112120700", "112121010", "113117340", "113117401", "113118620", "113118820", "113120070", "113120540", "113121810", "113122150"], "labels": [0, 3, 0, 2, 3, 1, 0, 1, 0, 1, 3, 1, 0, 2, 1, 2, 2, 3, 3, 3, 1, 0, 2, 0, 0, 0, 0, 0, 1, 3, 3, 3, 0, 1, 3, 0, 2, 3, 1, 3, 1, 2, 0, 1, 3, 3, 2, 0, 1, 3, 1, 3, 3, 1, 1, 1, 0, 1, 0, 3, 3, 2, 3, 1, 1, 3, 0, 1, 1, 1, 3, 0, 1, 2, 0, 3, 1, 2, 2, 0, 0, 1, 1, 3, 3, 1, 1, 1, 3, 1, 1, 1, 3, 3, 0, 3, 1, 3, 3, 1, 0, 3, 2, 2, 1, 1, 1, 3, 0, 1, 3, 0, 1, 0, 0, 3, 1, 3, 2, 0, 1, 1, 0, 3, 3, 3, 3, 3, 1, 0, 0, 2, 2, 2, 2, 3, 3, 0, 2, 3, 2, 2], "predicted_labels": [1, 1, 3, 2, 3, 1, 2, 2, 1, 3, 3, 1, 1, 1, 1, 1, 1, 3, 2, 1, 2, 3, 1, 0, 3, 1, 1, 3, 1, 3, 0, 1, 3, 0, 3, 3, 1, 3, 3, 2, 0, 3, 3, 0, 3, 0, 2, 1, 2, 2, 1, 1, 3, 0, 3, 0, 0, 3, 3, 0, 0, 3, 1, 0, 1, 3, 2, 3, 1, 2, 1, 3, 1, 2, 0, 1, 3, 3, 3, 3, 1, 1, 1, 0, 1, 1, 1, 3, 0, 1, 1, 0, 0, 1, 1, 0, 0, 2, 3, 1, 0, 1, 3, 3, 0, 3, 0, 1, 3, 2, 0, 1, 1, 3, 0, 0, 1, 0, 0, 1, 0, 3, 0, 3, 1, 0, 1, 3, 0, 0, 0, 0, 0, 2, 0, 1, 1, 0, 1, 2, 2, 2], "confidence_scores": [[0.14750378013327078, 0.43672587694929893, 0.096871283339307, 0.31889905957812337], [0.19950128827993704, 0.48256136198825944, 0.08386736902409146, 0.234069980707712], [0.2281252007070349, 0.22316462440351478, 0.13446371102614701, 0.41424646386330327], [0.14129991677023612, 0.1306179790639266, 0.6214119657770713, 0.10667013838876585], [0.2072899722415942, 0.3359533524247241, 0.06931664346446281, 0.38744003186921894], [0.1722170853584413, 0.3958182376506846, 0.26738104363941, 0.16458363335146425], [0.24965302424610725, 0.16433699080138883, 0.43276986952329827, 0.15324011542920563], [0.19436811494111417, 0.33659456556776063, 0.34776211269778945, 0.12127520679333584], [0.18857705016166443, 0.5242684822497259, 0.1021117107519821, 0.18504275683662752], [0.19881594657923737, 0.23332765426220456, 0.09479161357029854, 0.4730647855882596], [0.2080307585096603, 0.29855092645325254, 0.1320103704977801, 0.3614079445393072], [0.26919150037791434, 0.29122209069577515, 0.20810601172678836, 0.23148039719952224], [0.31979873298459444, 0.40841807692048726, 0.12233005412610896, 0.14945313596880927], [0.23881821057173563, 0.3185267937061325, 0.2789741134192403, 0.16368088230289168], [0.29327748694686145, 0.30926076824918114, 0.1349241326991077, 0.2625376121048497], [0.15298327131392095, 0.471943697647292, 0.13655864525544384, 0.23851438578334327], [0.10863888406371618, 0.6304980820478266, 0.0944400658263758, 0.1664229680620814], [0.3056451787599827, 0.1931549176514288, 0.04779710816901358, 0.4534027954195749], [0.10770350643692912, 0.2058772314403718, 0.3470829704501647, 0.33933629167253426], [0.2850166339330906, 0.3521200546629756, 0.18610964752519474, 0.1767536638787392], [0.2591531130767619, 0.2653217794358225, 0.27662368018079875, 0.1989014273066169], [0.24890631183820022, 0.20221717912669895, 0.21582419830746105, 0.33305231072763986], [0.2029274170024897, 0.328314773852566, 0.3109698559212225, 0.1577879532237218], [0.44573872634336054, 0.22083817141558726, 0.09648157993214936, 0.23694152230890286], [0.1444376384933235, 0.20012478704269562, 0.31219477645026267, 0.34324279801371815], [0.2283351712639294, 0.43240360590373533, 0.07905022486154498, 0.2602109979707903], [0.22303954126089928, 0.3732839825579289, 0.17041085023845595, 0.2332656259427162], [0.2644567002745621, 0.20813431141894817, 0.19177844076319098, 0.33563054754329885], [0.2150154519186226, 0.44415359964998646, 0.1368998666088279, 0.2039310818225631], [0.2643211133307377, 0.23341750447949985, 0.1989780427499399, 0.3032833394398225], [0.31294690104679046, 0.2938493017815317, 0.09721602428587778, 0.29598777288580014], [0.22101581774363768, 0.33377970535181434, 0.24066639113229624, 0.20453808577225185], [0.297487188473979, 0.23011054587912996, 0.07342129837784946, 0.3989809672690414], [0.3127215330436487, 0.25480637726191474, 0.21640338750283453, 0.2160687021916023], [0.15789628318854187, 0.32929073728080144, 0.14599648574253252, 0.36681649378812403], [0.17876984680696853, 0.1872933711282991, 0.2666803029191828, 0.3672564791455495], [0.21761111183840526, 0.42608519906580467, 0.1480771707854473, 0.20822651831034267], [0.15046851345599802, 0.20185925553259007, 0.24522407100705007, 0.4024481600043619], [0.17710639006124343, 0.2274395117076388, 0.06346559955902761, 0.5319884986720901], [0.18254801408229743, 0.2928636474211843, 0.39706303010745575, 0.12752530838906256], [0.5172336343556824, 0.15366231155161073, 0.07115870724314477, 0.257945346849562], [0.22391751642856147, 0.14551831934592968, 0.1574962571083866, 0.47306790711712243], [0.15546547252842763, 0.24124738400062337, 0.16939725666518862, 0.4338898868057603], [0.3228008241745889, 0.3073860145585434, 0.13394280688629273, 0.23587035438057505], [0.1689972390340401, 0.26169277528961676, 0.07795954946476298, 0.49135043621158025], [0.3870423507829292, 0.1855307934263322, 0.23122872065558456, 0.19619813513515408], [0.0752544182019576, 0.28068413595378905, 0.4890225755091897, 0.15503887033506367], [0.22787001672227528, 0.3664582843679544, 0.09110546102856891, 0.3145662378812014], [0.16947344036698972, 0.1337952389593968, 0.519947330709081, 0.17678398996453262], [0.18868115088225226, 0.25333608136215907, 0.3243751681815917, 0.23360759957399707], [0.27082668252182496, 0.33632891798550435, 0.177022712399948, 0.2158216870927228], [0.2530110518725373, 0.3436932530424346, 0.19316247271899503, 0.2101332223660332], [0.20733107475013718, 0.2717648939248961, 0.11400205358181871, 0.40690197774314807], [0.3656241654664954, 0.2468643519161128, 0.10372382998970998, 0.283787652627682], [0.3061485542764389, 0.2583904972970796, 0.07067760259765038, 0.36478334582883143], [0.337049785839757, 0.24309435690703662, 0.10784488077784334, 0.31201097647536297], [0.3616789177411974, 0.28222517225669513, 0.1539569947620395, 0.20213891524006802], [0.17004458607875586, 0.202193896935866, 0.24535269773375826, 0.38240881925161985], [0.24043767124895699, 0.2143307206608505, 0.2522155201616102, 0.29301608792858225], [0.3996961822201532, 0.15376595053522207, 0.20475651911671716, 0.24178134812790764], [0.3515274497244419, 0.30604579728902365, 0.1194379745214356, 0.22298877846509882], [0.12380699395429515, 0.3233569466157649, 0.1273090150060413, 0.42552704442389855], [0.2726045099467953, 0.29299915580252733, 0.2129937772439566, 0.22140255700672085], [0.3203250112055272, 0.23330707835891543, 0.15858681351901918, 0.2877810969165384], [0.21772211788124887, 0.42083794215428927, 0.15012775326617336, 0.21131218669828844], [0.1220843371847826, 0.11512125260646075, 0.3628086755730577, 0.3999857346356991], [0.1448832966441373, 0.23714247971092686, 0.42076581224994875, 0.19720841139498702], [0.2629501630532066, 0.2402640911016131, 0.14535652327368015, 0.35142922257150017], [0.14628737276416284, 0.342926676436995, 0.30698192745361863, 0.20380402334522355], [0.26499249228744987, 0.11558269225432734, 0.3682140554413328, 0.25121076001689], [0.0894274990362516, 0.3615426689646594, 0.24557275224764274, 0.3034570797514463], [0.2545056334003703, 0.19139686478118795, 0.21582765996556277, 0.33826984185287895], [0.2154172869278313, 0.4520753676351876, 0.14589393872167153, 0.18661340671530952], [0.11820775946719891, 0.32273057196331756, 0.3462051747477622, 0.21285649382172134], [0.47092820946139985, 0.23264980167989283, 0.08018199866701607, 0.21623999019169135], [0.2523940364975164, 0.29173536758814744, 0.1874443018327202, 0.268426294081616], [0.22677541597871834, 0.2797063355737019, 0.20806462398009395, 0.28545362446748596], [0.271711033993657, 0.22766681139336986, 0.1367326715461696, 0.36388948306680374], [0.17045252873090794, 0.22698208543277884, 0.2902245100077671, 0.312340875828546], [0.20264369036018912, 0.2937907170827126, 0.1755137975465534, 0.3280517950105451], [0.17770977882687775, 0.3075666514560136, 0.24117010033860237, 0.2735534693785063], [0.22101599027641672, 0.3808867173777595, 0.24465639697063715, 0.15344089537518682], [0.20112834106376784, 0.4310999290971754, 0.21581464810496914, 0.15195708173408756], [0.4085971303061875, 0.25352387109503, 0.12144276695397262, 0.21643623164481002], [0.28103026383862084, 0.38313754512460985, 0.13038020404864473, 0.20545198698812484], [0.20089914635364742, 0.38765949863006177, 0.20072988318376828, 0.21071147183252253], [0.16648819198443876, 0.3135522127375693, 0.21533812478324685, 0.3046214704947452], [0.15392017901307392, 0.2129190121640475, 0.2894994544899398, 0.34366135433293876], [0.33602865369817575, 0.24854411245060695, 0.09042983081214297, 0.3249974030390743], [0.23838332175040594, 0.3711780304480842, 0.11489679519269975, 0.2755418526088103], [0.17331949712759787, 0.45703905864884575, 0.07847992650404662, 0.2911615177195099], [0.49654300959085973, 0.11566537515915816, 0.22987750725295508, 0.15791410799702707], [0.5477194166259496, 0.27260590368919974, 0.05478922701420074, 0.12488545267064989], [0.24239598781492128, 0.4752514630060633, 0.11833588438848164, 0.1640166647905339], [0.19800291957569416, 0.30897059431148916, 0.1968750800787277, 0.296151406034089], [0.5243982039590718, 0.25569834540260017, 0.06897351487809306, 0.15092993576023506], [0.3569702257883747, 0.29018206682813213, 0.1188469830076511, 0.2340007243758422], [0.13822194378011732, 0.26363741498817056, 0.39458505562962315, 0.20355558560208886], [0.23541676982313153, 0.15863111935017302, 0.06906688198920183, 0.5368852288374937], [0.28399348879542374, 0.32972874808852726, 0.0874835950354892, 0.2987941680805598], [0.7485011485144334, 0.13748585321888815, 0.03277772215882054, 0.08123527610785808], [0.21932448867959298, 0.36577041329009213, 0.21398636836841628, 0.20091872966189875], [0.18116968247424006, 0.15455266822940927, 0.2552675223788378, 0.4090101269175128], [0.2265927382206699, 0.22004099172886163, 0.256324365480867, 0.29704190456960144], [0.6431569676427318, 0.17266872174961387, 0.05878602973327528, 0.12538828087437912], [0.19439016946428325, 0.2810159619503267, 0.1301103788680994, 0.3944834897172906], [0.41494516823256417, 0.26328145729352803, 0.10506783768548328, 0.21670553678842444], [0.18317128378509895, 0.43030541268247063, 0.13536750181238016, 0.2511558017200503], [0.2676191889024778, 0.302537931046243, 0.09927732880817448, 0.33056555124310477], [0.20422205443817376, 0.20402015252871378, 0.4918544070887353, 0.0999033859443773], [0.38157261568277195, 0.23956904469685475, 0.12633045788996014, 0.25252788173041335], [0.1887775174294122, 0.4158415911035994, 0.08308898348439844, 0.31229190798258993], [0.21604944141501542, 0.3573738100229214, 0.12510434799489334, 0.30147240056717006], [0.2615413073253061, 0.2810046792750403, 0.11592413434356888, 0.3415298790560847], [0.37941477787100397, 0.2653920381727263, 0.13320749852859337, 0.2219856854276763], [0.36231158908443145, 0.23676447774298262, 0.1006187712333958, 0.30030516193919027], [0.1899425640740467, 0.38263690578951665, 0.1069733099910092, 0.32044722014542754], [0.42232741963096515, 0.3064827835592718, 0.1228574717295599, 0.14833232508020328], [0.4166281836115559, 0.20791568367032112, 0.1250675446464381, 0.2503885880716851], [0.276768197598169, 0.38221146984330134, 0.1201502756088682, 0.2208700569496614], [0.41431864383624395, 0.2466330520902627, 0.08741422844635126, 0.2516340756271423], [0.23641976054744784, 0.2560351933950277, 0.1731294288702276, 0.3344156171872969], [0.3593189247009438, 0.20994032505562968, 0.15929205249941455, 0.271448697744012], [0.2672024908201234, 0.24958168309935522, 0.09705074233629923, 0.3861650837442223], [0.3765559404283295, 0.3975490726733761, 0.10040532837170972, 0.12548965852658484], [0.4545692107444033, 0.23735062434277668, 0.07637025955629514, 0.23170990535652483], [0.2931317030301996, 0.3471710093577489, 0.08008052647275984, 0.27961676113929185], [0.20791235404228933, 0.29766792713091994, 0.1776996822296815, 0.3167200365971092], [0.3742314798555975, 0.3311553992182196, 0.13906912737883506, 0.15554399354734777], [0.584475802351302, 0.18959470230048667, 0.06723603325659631, 0.1586934620916149], [0.3272716763510673, 0.27180302510395415, 0.14921633654470626, 0.2517089620002724], [0.32744468345553834, 0.2826342556549861, 0.15429023970115294, 0.23563082118832263], [0.3021496695078543, 0.18993066595828606, 0.2609531971379878, 0.24696646739587175], [0.1963084019147716, 0.24899595020332757, 0.3531978710796207, 0.20149777680228015], [0.36357578385809053, 0.2860443115423597, 0.0584898896573933, 0.29189001494215666], [0.2794468759232183, 0.34768408902026693, 0.09765198952413932, 0.2752170455323754], [0.20409482774475862, 0.3734398799128731, 0.12318041460631826, 0.29928487773605], [0.7319894305629776, 0.15621946623733854, 0.04464025532984272, 0.0671508478698411], [0.16517474004319763, 0.3886010147246859, 0.11863216494714254, 0.32759208028497405], [0.26457651000646404, 0.11500640163319327, 0.5062596472772081, 0.11415744108313465], [0.136710299903755, 0.24657108792261404, 0.4998751348841783, 0.11684347728945278], [0.15552696265689117, 0.2048638867186304, 0.42249762074737857, 0.21711152987709983]]}}