{"test": {"ids": ["111115770", "111120260", "111119610", "112119320", "103110840", "110118181", "113117630", "111118910", "105113330", "109119591", "101115190", "101111140", "98108370", "98111231", "102110890", "110115890", "105110091", "110114720", "106113190", "99112840", "99108000", "102112301", "108118060", "110118630", "113118870", "105119550", "109117630", "97108520", "111119290", "107113130", "98112580", "108119550", "98106111", "101110740", "111119950", "106121190", "108118810", "104111550", "99107660", "102108621", "112117471", "107116300", "113120751", "104114410", "107113260", "103118110", "110117080", "113122170", "105116980", "103117461", "110114651", "97109570", "98113881", "104113170", "102110850", "111116040", "101121640", "108120700", "102121700", "112117790", "113118630", "111117200", "113120070", "97110950", "101111620", "112116501", "110119300", "107120260", "101114990", "101116130", "105114220", "108120260", "111114121", "109114030", "112117660", "103109641", "109118231", "107114490", "112121010", "106111321", "106119260", "113121190", "99107630", "99108520", "113118490", "101109120", "111120591", "112116810", "100109890", "97105760", "112119610", "102113981", "104116441", "113122190", "99113260", "100108260", "111118301", "108115070", "102112030", "98112300", "104113240", "109117730", "103113610", "113120591", "97105580", "112117780", "109115070", "110118121", "112116290", "99116500", "113117401", "107113200", "109113281", "106114011", "111119580", "106116370", "105115720", "101111210", "112121430", "106113260", "99108710", "97106820", "106113360", "100109000", "106116441", "112117571", "111115910", "113117550", "105110251", "109113591", "104114320", "103111930", "99108890", "99114890", "105113190", "97116790", "105115680", "110114920", "98119591", "109119340", "110120531", "108113740"], "labels": [3, 3, 2, 1, 1, 1, 0, 0, 3, 0, 1, 2, 1, 1, 0, 2, 0, 3, 0, 2, 2, 1, 1, 1, 0, 1, 0, 2, 3, 1, 2, 1, 0, 3, 0, 2, 1, 1, 3, 3, 3, 0, 1, 1, 0, 2, 1, 1, 0, 0, 3, 0, 3, 3, 3, 0, 2, 2, 1, 3, 3, 0, 2, 3, 3, 3, 1, 1, 3, 2, 3, 1, 0, 1, 0, 1, 1, 3, 2, 0, 1, 1, 2, 2, 1, 1, 1, 3, 3, 0, 0, 1, 1, 1, 0, 3, 3, 1, 2, 2, 2, 3, 2, 0, 1, 0, 0, 3, 0, 2, 3, 0, 0, 1, 3, 2, 1, 2, 2, 3, 2, 1, 0, 1, 0, 3, 2, 3, 0, 3, 2, 3, 0, 2, 3, 2, 2, 3, 1, 3, 0, 3], "predicted_labels": [0, 1, 3, 1, 1, 1, 3, 1, 3, 3, 3, 0, 3, 0, 3, 1, 3, 1, 3, 1, 1, 3, 1, 1, 1, 1, 3, 3, 3, 3, 3, 1, 0, 1, 0, 1, 1, 3, 0, 3, 1, 3, 3, 1, 3, 1, 3, 3, 0, 0, 3, 0, 1, 3, 1, 3, 1, 0, 3, 3, 1, 3, 1, 0, 0, 3, 3, 3, 1, 1, 3, 1, 0, 3, 3, 3, 1, 3, 1, 3, 3, 3, 3, 1, 3, 0, 3, 0, 3, 0, 3, 3, 1, 3, 3, 1, 3, 3, 1, 0, 1, 1, 1, 0, 1, 3, 1, 3, 0, 3, 1, 3, 1, 3, 0, 3, 3, 3, 1, 1, 1, 1, 3, 3, 3, 3, 1, 3, 0, 1, 1, 1, 1, 1, 3, 3, 1, 1, 1, 3, 3, 0], "confidence_scores": [[0.3059327422577423, 0.2733101370851373, 0.14533281163281175, 0.275424309024309], [0.26392014929514934, 0.2887440170940171, 0.17896106948606966, 0.26837476412476435], [0.1901965791518425, 0.2804097215649848, 0.18533218577088542, 0.34406151351228753], [0.2227915945165946, 0.32213066459684114, 0.1741991286491287, 0.28087861223743593], [0.2615379564879565, 0.2767488677988681, 0.19443556998557013, 0.26727760572760584], [0.21326714951714967, 0.3182858724608725, 0.1786154059992296, 0.2898315720227485], [0.2550571511821512, 0.2565375291375293, 0.1930368076368077, 0.295368512043512], [0.2455160377634064, 0.299861845464477, 0.18400996225996236, 0.27061215451215453], [0.2375931179931181, 0.2513376900876901, 0.16390471195471204, 0.3471644799644798], [0.22271613386613395, 0.28624008769008746, 0.19386877566877572, 0.29717500277500297], [0.23741831338596062, 0.2630263108236793, 0.17541001221001223, 0.3241453635803481], [0.2960421709009943, 0.25863244337362, 0.15657286798169168, 0.2887525177436943], [0.25597139527139545, 0.26514037074037095, 0.18701226989384886, 0.2918759640943853], [0.3811058164058161, 0.24515902430902442, 0.15218204018204023, 0.2215531191031192], [0.25376542901542914, 0.24673639971139996, 0.17828329725829734, 0.3212148740148739], [0.2601570290820292, 0.30055867547485204, 0.1894535631035632, 0.24983073233955586], [0.2786011904761904, 0.25773800088800114, 0.16828042790542797, 0.29538038073038086], [0.20879446664446658, 0.30948219003219, 0.18914052614052632, 0.2925828171828172], [0.22775271395271401, 0.2744552086802086, 0.2005728632478633, 0.29721921411921404], [0.2716374014874015, 0.2752772671772674, 0.21275082140082144, 0.2403345099345102], [0.2585561688311687, 0.29648791486291487, 0.18688114663114677, 0.2580747696747697], [0.2086749750249752, 0.29361430595548227, 0.1681548324224796, 0.32955588659706303], [0.22897824675324685, 0.32085798368298374, 0.15954261294261302, 0.29062115662115684], [0.20324393939393934, 0.3089109779109778, 0.22699573482073493, 0.260849347874348], [0.2437092910013962, 0.31990103127866304, 0.16305115162615175, 0.2733385260937894], [0.259792995892996, 0.2861483904983905, 0.1978635198135199, 0.256195093795094], [0.2429617493617495, 0.28645418470418454, 0.18063366078366086, 0.28995040515040515], [0.23933831446331444, 0.2859950244200246, 0.18516935841935844, 0.28949730269730284], [0.220929181929182, 0.29309807969807955, 0.18464513819513823, 0.3013276001776001], [0.24139605394605418, 0.2816876845376845, 0.1841955544455546, 0.29272070707070713], [0.2403939080527317, 0.27315545288045295, 0.20353053139670796, 0.28292010767010756], [0.19955855533355543, 0.30971496199878573, 0.22353593073593084, 0.26719055193172847], [0.26958194612405145, 0.23698892116655293, 0.23152457542457563, 0.2619045572848204], [0.23036245976245975, 0.3148258574758575, 0.2050708957708959, 0.24974078699078706], [0.30877842154405627, 0.2319188856465174, 0.19773112638995002, 0.26157156641947676], [0.17270835553335562, 0.3212922615396301, 0.19682074314574333, 0.30917863978127136], [0.2108684842934844, 0.3055118048618051, 0.18612646242646244, 0.29749324841824837], [0.21408804724687075, 0.26385307470307473, 0.21272499167499176, 0.30933388637506254], [0.3125013264513264, 0.24262250527250534, 0.15255930180930183, 0.29231686646686644], [0.29056200466200466, 0.2569082820688086, 0.1491333745202168, 0.30339633874897026], [0.2267467421467421, 0.31430422910422917, 0.15934906204906218, 0.29959996669996675], [0.22673210123210147, 0.2907943306693307, 0.18432838827838827, 0.29814517982017974], [0.24108404095904098, 0.2882201021201023, 0.1611451409701411, 0.309550715950716], [0.2441084776334777, 0.3029757898534216, 0.18822369677106526, 0.264692035742036], [0.26003466255966257, 0.2738170884670887, 0.16542326007326016, 0.3007249888999889], [0.25503020415257255, 0.27381133290514104, 0.2049002786429258, 0.26625818429936077], [0.22017615162615167, 0.31531534576534576, 0.14016995618760336, 0.3243385464208993], [0.17839746919746924, 0.29144677544677555, 0.20748491230991234, 0.32267084304584315], [0.2848986513486513, 0.274167434320066, 0.1829233360207045, 0.25801057831057844], [0.296999458874459, 0.27210759795759804, 0.17311580919080924, 0.2577771339771341], [0.29514427516927516, 0.248042984792985, 0.1510054750804752, 0.3058072649572649], [0.3579127098048151, 0.2419858714385032, 0.1673973637473638, 0.23270405500931832], [0.2599425455263692, 0.2996782891944655, 0.19221846486846494, 0.24816070041070037], [0.2190478705505022, 0.2743673215673218, 0.1871924696648381, 0.31939233821733815], [0.20304970780853143, 0.31365525667143296, 0.21838379675879685, 0.26491123876123873], [0.28199118022500386, 0.2515642476804243, 0.14494673300555658, 0.3214978390890152], [0.2555510295260297, 0.2981058885558886, 0.18066082806082817, 0.26568225385725397], [0.4034063714063714, 0.2637695138195139, 0.13931400266400273, 0.19351011211011204], [0.26228401875901874, 0.2603192057942059, 0.20035647963147962, 0.277040295815296], [0.24140000000000003, 0.265734138084138, 0.16249734709734717, 0.33036851481851476], [0.19385598568098578, 0.319312546603723, 0.19692277999778005, 0.28990868771751127], [0.29117902097902104, 0.2527717920967921, 0.14090166777666788, 0.3151475191475191], [0.21624235209235215, 0.2994487300710987, 0.206526887001887, 0.27778203083466235], [0.30634854259947164, 0.2300088529891162, 0.17332722657459504, 0.29031537783681755], [0.27604761349761353, 0.25119637029637043, 0.20918411588411595, 0.26357190032190037], [0.23598250083250097, 0.29295664335664356, 0.1764350760350762, 0.2946257797757797], [0.24758852813852814, 0.26673412698412713, 0.1719773781773782, 0.31369996669996664], [0.23646952736805696, 0.27854297597827016, 0.1767995266171737, 0.30818797003649945], [0.23041035777088414, 0.3186841106262159, 0.16044563594300443, 0.29045989565989583], [0.23384610132729325, 0.307928885003885, 0.18451786167049347, 0.2737071519983286], [0.2297286168509853, 0.25428994061494076, 0.19856882018909908, 0.31741262234497514], [0.24287489565817746, 0.3120450955477269, 0.16350556656965326, 0.2815744422244423], [0.33786294261294236, 0.296467669258846, 0.1283721020809257, 0.23729728604728612], [0.2790501454427926, 0.24897927072927087, 0.18331137196137212, 0.28865921186656496], [0.21799218004218004, 0.2836457150692444, 0.17094543463072875, 0.3274166702578468], [0.2661675907425906, 0.2540641858141859, 0.1829538350538351, 0.29681438838938834], [0.26986411366411367, 0.33397567432567427, 0.15276139416139423, 0.24339881784881806], [0.2534540404040404, 0.2930213861302096, 0.15573636363636373, 0.2977882098293866], [0.19749483016983044, 0.31354108946608966, 0.2095344694521165, 0.27942961091196383], [0.20469015984015987, 0.2777819680319682, 0.19485351315351318, 0.3226743589743591], [0.2006441780441781, 0.2548206311232627, 0.22118206062942913, 0.32335313020313017], [0.2045219613719616, 0.273474125874126, 0.19876553446553458, 0.3232383782883781], [0.26737624042624064, 0.23293116883116885, 0.20369089635854348, 0.2960016943840474], [0.2590894050394052, 0.28135145687645685, 0.20257032412032416, 0.2569888139638142], [0.2377527999778001, 0.26541163281163277, 0.17016733380998114, 0.3266682334005865], [0.28940901990166706, 0.25751791366528226, 0.17099444999445004, 0.28207861643860094], [0.2880310578310581, 0.2541528527028527, 0.16614639249639257, 0.291669696969697], [0.27410651044861584, 0.26685514485514505, 0.21752498408024737, 0.2415133606159923], [0.2605251304251305, 0.2554384615384615, 0.20091428571428568, 0.2831221223221223], [0.3398006746177798, 0.2440951260727578, 0.15949277184803506, 0.2566114274614276], [0.17149350926850931, 0.2932559190809193, 0.23363024034788749, 0.3016203313026841], [0.2663771050844581, 0.2762297702297704, 0.18012473082473085, 0.2772683938610409], [0.2557510184260186, 0.29837398989899, 0.17421758241758248, 0.27165740925740944], [0.22881731046731052, 0.27910196470196447, 0.16811498501498515, 0.32396573981573995], [0.2076554112554114, 0.27560335220335236, 0.21002561327561328, 0.3067156232656233], [0.2669071095571097, 0.3147035853035853, 0.19013210678210693, 0.2282571983571982], [0.28468848096348104, 0.2638521783771785, 0.16090446775446784, 0.290554872904873], [0.2164265753853989, 0.294372525513702, 0.19188481518481537, 0.2973160839160841], [0.255316045066045, 0.2740760664172428, 0.2024777131365368, 0.2681301753801756], [0.3719763031086561, 0.20313327783327784, 0.18144875855139014, 0.2434416605066761], [0.20230194250194264, 0.29724528216881146, 0.2260750050602993, 0.27437777026894683], [0.24115720668220678, 0.2985759684759688, 0.1886038730876967, 0.2716629517541283], [0.2548080901554586, 0.2932442196692195, 0.18866061254706776, 0.2632870776282541], [0.2740270063270062, 0.26103455155955163, 0.1941152430902432, 0.27082319902319907], [0.2636431401931404, 0.33363848373848376, 0.19169733599733604, 0.2110210400710401], [0.23986230991231008, 0.2756785631035629, 0.15778209209091576, 0.3266770348932114], [0.2755345662507428, 0.28094276752659136, 0.16864383949383963, 0.2748788267288268], [0.23598030025530026, 0.28702766122766143, 0.16682837440337442, 0.3101636641136641], [0.37744479686979693, 0.2678678266178266, 0.16600812520812536, 0.18867925130425134], [0.22058069153069174, 0.2575572177822181, 0.22252244977244995, 0.2993396409146408], [0.2741819957819957, 0.28638413808413826, 0.15555038686803394, 0.2838834792658323], [0.2101164557664557, 0.26440905936169096, 0.1679046658020343, 0.357569819069819], [0.27546096126096137, 0.2868139638139638, 0.17015814740814741, 0.26756692751692757], [0.2140915834165834, 0.2945910311910312, 0.17666360028860037, 0.31465378510378517], [0.33742196137196145, 0.26691818181818183, 0.16202363747363754, 0.23363621933621942], [0.2888393642305407, 0.23811110556110568, 0.18222644218526585, 0.2908230880230881], [0.2787966286637341, 0.24113830789093946, 0.20076798552324868, 0.279297077922078], [0.2351459030735348, 0.28017034602824087, 0.1629760096628519, 0.32170774123537277], [0.2279855375017141, 0.3208945831945832, 0.1858360325948562, 0.26528384670884697], [0.22304741369741385, 0.3172437368187368, 0.18642224442224462, 0.27328660506160507], [0.24237900608163776, 0.30280696248196226, 0.2109237855711541, 0.2438902458652459], [0.23130916860916878, 0.29063262848262844, 0.19796535569693471, 0.28009284721126837], [0.250760558885559, 0.26198066100566103, 0.1941055333555334, 0.2931532467532467], [0.2209907092907094, 0.2825059160997244, 0.1908662561724483, 0.3056371184371184], [0.21929350649350657, 0.3013209595959598, 0.15787255522255533, 0.32151297868797857], [0.182071572871573, 0.28940063825063844, 0.18018464313464325, 0.34834314574314584], [0.2647836978810664, 0.3073538570476651, 0.1597176767676769, 0.26814476830359196], [0.2508889693639694, 0.27028034743034757, 0.19233217338217348, 0.28649850982350994], [0.3047137556887559, 0.26960475635475645, 0.16105780249162602, 0.264623685464862], [0.24929119214119208, 0.31390236430236423, 0.1574704739704741, 0.27933596958596973], [0.2413369852369853, 0.27566533466533455, 0.2095217504717506, 0.27347592962592965], [0.26095862193362207, 0.27529695582195596, 0.19315149295149298, 0.27059292929292944], [0.2530570374070375, 0.3159793484293484, 0.1735684704184705, 0.25739514374514394], [0.20663095238095247, 0.2886873598623599, 0.220562592962593, 0.2841190947940951], [0.2680103341103342, 0.24931745476745484, 0.179006413031413, 0.3036657980907983], [0.2622390831390833, 0.24717953712953733, 0.2252066988566991, 0.26537468087468075], [0.16575077977577987, 0.33512887112887113, 0.23475743978243988, 0.26436290931290934], [0.23752100399600412, 0.28080104895104896, 0.20198328338328353, 0.27969466366966383], [0.21708239436002602, 0.30397024642024656, 0.20966964526701387, 0.2692777139527141], [0.22018567543567563, 0.2868828255078257, 0.17454025419025432, 0.31839124486624487], [0.26207128427128434, 0.28014203100820756, 0.13947695082695086, 0.3183097338935575], [0.2861033855033856, 0.2674593406593407, 0.16926767676767684, 0.27716959706959704]]}, "rewritten": {"ids": ["97105580", "97105760", "97106820", "97108520", "97109570", "97110950", "97116790", "98106111", "98108370", "98111231", "98112300", "98112580", "98113881", "98119591", "99107630", "99107660", "99108000", "99108520", "99108710", "99108890", "99112840", "99113260", "99114890", "99116500", "100108260", "100109000", "100109890", "101109120", "101110740", "101111140", "101111210", "101111620", "101114990", "101115190", "101116130", "101121640", "102108621", "102110850", "102110890", "102112030", "102112301", "102113981", "102121700", "103109641", "103110840", "103111930", "103113610", "103117461", "103118110", "104111550", "104113170", "104113240", "104114320", "104114410", "104116441", "105110091", "105110251", "105113190", "105113330", "105114220", "105115680", "105115720", "105116980", "105119550", "106111321", "106113190", "106113260", "106113360", "106114011", "106116370", "106116441", "106119260", "106121190", "107113130", "107113200", "107113260", "107114490", "107116300", "107120260", "108113740", "108115070", "108118060", "108118810", "108119550", "108120260", "108120700", "109113281", "109113591", "109114030", "109115070", "109117630", "109117730", "109118231", "109119340", "109119591", "110114651", "110114720", "110114920", "110115890", "110117080", "110118121", "110118181", "110118630", "110119300", "110120531", "111114121", "111115770", "111115910", "111116040", "111117200", "111118301", "111118910", "111119290", "111119580", "111119610", "111119950", "111120260", "111120591", "112116290", "112116501", "112116810", "112117471", "112117571", "112117660", "112117780", "112117790", "112119320", "112119610", "112121010", "112121430", "113117401", "113117550", "113117630", "113118490", "113118630", "113118870", "113120070", "113120591", "113120751", "113121190", "113122170", "113122190"], "labels": [1, 0, 1, 2, 0, 3, 2, 0, 1, 1, 2, 2, 3, 1, 2, 3, 2, 2, 2, 0, 2, 0, 2, 2, 3, 1, 3, 1, 3, 2, 2, 3, 3, 1, 2, 2, 3, 3, 0, 2, 1, 1, 1, 1, 1, 3, 2, 0, 2, 1, 3, 2, 2, 1, 1, 0, 0, 3, 3, 3, 2, 1, 0, 1, 0, 0, 3, 0, 1, 2, 0, 1, 2, 1, 0, 0, 3, 0, 1, 3, 1, 1, 1, 1, 1, 2, 0, 3, 1, 0, 0, 3, 1, 3, 0, 3, 3, 3, 2, 1, 3, 1, 1, 1, 0, 0, 3, 2, 0, 0, 3, 0, 3, 3, 2, 0, 3, 1, 0, 3, 3, 3, 3, 0, 0, 3, 1, 0, 2, 2, 3, 3, 0, 1, 3, 0, 2, 0, 1, 1, 1, 1], "predicted_labels": [0, 0, 0, 0, 0, 0, 0, 0, 1, 0, 0, 0, 0, 0, 0, 0, 1, 1, 1, 1, 1, 1, 0, 0, 1, 3, 0, 0, 1, 0, 0, 0, 1, 3, 3, 0, 0, 1, 0, 1, 0, 0, 0, 0, 1, 0, 1, 0, 1, 0, 0, 1, 0, 1, 0, 0, 0, 1, 0, 0, 1, 0, 0, 1, 0, 0, 1, 0, 0, 0, 0, 3, 1, 1, 1, 0, 3, 3, 0, 0, 1, 1, 1, 0, 0, 0, 0, 0, 3, 1, 0, 0, 0, 1, 0, 3, 0, 0, 0, 3, 0, 1, 0, 3, 0, 0, 0, 0, 0, 0, 0, 0, 0, 0, 0, 0, 0, 0, 0, 1, 0, 0, 0, 0, 0, 0, 1, 1, 1, 0, 0, 0, 0, 0, 1, 0, 1, 0, 0, 1, 0, 1], "confidence_scores": [[0.30026906981906987, 0.2993956404706404, 0.17231510156510163, 0.22802018814518812], [0.3580447052947055, 0.2794358030858031, 0.1530872294372295, 0.20943226218226232], [0.30032264402264397, 0.24058549506049529, 0.1954536451852242, 0.2636382157316368], [0.3156186261107313, 0.28069501609501624, 0.15026094256620573, 0.25342541522804696], [0.34071096403596407, 0.24952405094905106, 0.16933232323232325, 0.24043266178266198], [0.34641406678117215, 0.1962846105648739, 0.1879959966933652, 0.26930532596058915], [0.27175943778443784, 0.25535570818070824, 0.20853731268731268, 0.26434754134754146], [0.3889332098929623, 0.25314246309246324, 0.15120134938161253, 0.2067229776329623], [0.27476301447090923, 0.2753151737151738, 0.20615977268345695, 0.2437620391304602], [0.3514045454545454, 0.25998359418359435, 0.15551972471972483, 0.2330921356421359], [0.3687092130092131, 0.2556390054390056, 0.1509008037284354, 0.22475097782334647], [0.2849773532023532, 0.28316043123543144, 0.18194353424353435, 0.2499186813186814], [0.34947403707403707, 0.2693253135753138, 0.15202041292041296, 0.22918023643023644], [0.3439797677468731, 0.26126429126429146, 0.156884152689416, 0.23787178829942004], [0.2965480463980466, 0.25008942168942194, 0.19312127153891875, 0.26024126037361345], [0.3045730491730491, 0.25990853035853045, 0.16030653790653807, 0.27521188256188245], [0.2567143956920273, 0.32614047093257625, 0.1945752709279026, 0.22256986244749405], [0.2714544594294594, 0.28022788045288033, 0.2076019813519814, 0.24071567876567884], [0.2718723942723941, 0.28265319300582453, 0.18833120870357728, 0.2571432040182043], [0.29003743756243755, 0.3265130869130869, 0.16766148573648582, 0.21578798978798983], [0.2612096681096681, 0.2933413919413921, 0.2049530025530026, 0.24049593739593747], [0.24627566322566335, 0.29322434787434787, 0.20526813186813184, 0.255231857031857], [0.2868450937950939, 0.24524032634032644, 0.21961559551559565, 0.2482989843489846], [0.288123903873904, 0.269534473859474, 0.19977562437562446, 0.24256599789099798], [0.262449977799978, 0.28675721120984277, 0.21774547221784063, 0.23304733877233869], [0.27368968531468535, 0.25481790154290174, 0.1711569069819072, 0.30033550616050614], [0.36177482546693085, 0.22321197311460486, 0.16252816627816638, 0.25248503514029835], [0.3078729659229659, 0.2861539238539239, 0.14878417693417706, 0.2571889332889335], [0.270919794094794, 0.29309676989676986, 0.20493434620934628, 0.23104908979908992], [0.31377370048252373, 0.26649400681018337, 0.15411145439527804, 0.26562083831201494], [0.2853309135309135, 0.2607900099900101, 0.1709571373071374, 0.2829219391719392], [0.299987345987346, 0.276968093018093, 0.18553643856143873, 0.23750812243312258], [0.28083533834586455, 0.28290073844284386, 0.16102501767238622, 0.2752389055389055], [0.23852107892107904, 0.27398550893550894, 0.2067966144966146, 0.2806967976467977], [0.2522666361416362, 0.260824580974581, 0.19430667943167954, 0.2926021034521034], [0.2984308397484868, 0.28900288486023784, 0.16286885891885905, 0.24969741647241653], [0.2909454767454766, 0.26449745809745817, 0.1685818681318683, 0.27597519702519707], [0.2756121600621601, 0.2895596015096016, 0.21339950604950608, 0.22142873237873248], [0.30397949827949816, 0.23448505383505386, 0.16366878399378418, 0.29786666389166394], [0.2556488233988236, 0.28563588911088916, 0.20688849761349776, 0.25182678987678997], [0.32000590243090205, 0.28677456709956717, 0.17237730325230333, 0.2208422272172273], [0.3766187981609036, 0.2542060318336635, 0.15111933621933626, 0.21805583378609703], [0.31740553335553323, 0.2691246614496615, 0.17317660117660127, 0.24029320401820406], [0.32611901627784, 0.23695006105006114, 0.17496561412443773, 0.26196530854766165], [0.2908135503385503, 0.2936000527250527, 0.18869498279498292, 0.2268914141414144], [0.29122490871701373, 0.274605180930181, 0.18319631275157602, 0.25097359760122934], [0.27968721474603825, 0.28747488067488075, 0.1888317515817517, 0.24400615299732956], [0.32511546786546786, 0.26666708569208575, 0.1555400876900878, 0.2526773587523589], [0.28985495636114844, 0.2926859822324218, 0.18830875615612466, 0.22915030525030539], [0.3304074556162794, 0.2584103257853257, 0.212729675879676, 0.1984525427187192], [0.3213579254079255, 0.2746609751359751, 0.16560824730824736, 0.2383728521478521], [0.24231067821067828, 0.33602914862914834, 0.1968549006549007, 0.22480527250527266], [0.2954525419025419, 0.25945372960372953, 0.17522139249639263, 0.2698723359973361], [0.2553557425031109, 0.3053413510466141, 0.20734951539688398, 0.23195339105339127], [0.2964475607725607, 0.27680568598068594, 0.16211873681873695, 0.2646280164280166], [0.3204063033457772, 0.2778375511313592, 0.17521192328483362, 0.22654422223803042], [0.3895817848817849, 0.23622708680208687, 0.13025806138306145, 0.24393306693306702], [0.27946076146076165, 0.2813794223320539, 0.16404011923748774, 0.2751196969696971], [0.3300507853257854, 0.2624979982006299, 0.1612369002342687, 0.24621431623931628], [0.28366697746697744, 0.24775890220890223, 0.21563852258852276, 0.25293559773559776], [0.22996007717772432, 0.2916040126540125, 0.2426405427905431, 0.23579536737772036], [0.3264091325341325, 0.2715141525141526, 0.1560790570540572, 0.2459976578976579], [0.2964184787434789, 0.26517728280491437, 0.15566485006221853, 0.2827393883893882], [0.29013403818403827, 0.3033210622710623, 0.19510163170163178, 0.21144326784326806], [0.3027639721389722, 0.23771902541902556, 0.18392233877233882, 0.27559466366966384], [0.30611222111222103, 0.2545251720501721, 0.18801640026640043, 0.2513462065712066], [0.24871665556665545, 0.32789364699627865, 0.1926520228309703, 0.23073767460609576], [0.30932500555000564, 0.25084656177156184, 0.15445199800199808, 0.28537643467643475], [0.33399271138218506, 0.26582241267504425, 0.1952412206214838, 0.20494365532128692], [0.33950833085043625, 0.2359416184692502, 0.17124401154401162, 0.25330603913630234], [0.3276254911754911, 0.26717985902985897, 0.15558676878676891, 0.2496078810078812], [0.2799424963924964, 0.23160191650454812, 0.2006454361428046, 0.2878101509601511], [0.247021031746032, 0.30873372738372734, 0.18591611166611177, 0.2583291292041294], [0.27579924344661194, 0.31167853433116577, 0.17736010101010102, 0.23516212121212118], [0.26853602508602503, 0.2947781662781663, 0.1774565601065603, 0.2592292485292486], [0.29441551226551216, 0.2658265418791736, 0.17864059098795942, 0.2611173548673549], [0.28129982794982805, 0.2735606421356422, 0.14705589965589977, 0.2980836302586302], [0.2505828615828617, 0.2751677211677212, 0.17861349206349228, 0.2956359251859252], [0.2985986793907846, 0.2450739593739594, 0.17712187052713377, 0.27920549070812245], [0.3021142246642248, 0.2452119269619271, 0.16305453157953168, 0.2896193167943168], [0.23004266289266292, 0.32854312909312894, 0.19483147963147962, 0.24658272838272854], [0.26984948107448087, 0.2737889360639361, 0.19581055611055614, 0.26055102675102676], [0.2657693584193585, 0.28710115892879073, 0.18264618539355393, 0.26448329725829733], [0.27024799922299914, 0.2662562853812856, 0.19482989232989253, 0.2686658230658231], [0.3096342213342213, 0.26619592074592086, 0.17719658119658124, 0.24697327672327685], [0.38930341880341873, 0.2750337218337218, 0.15823413253413268, 0.17742872682872685], [0.37414660894660906, 0.2609407425907428, 0.15616595071595082, 0.2087466977466979], [0.3206961538461539, 0.2664441447441447, 0.17763008103008113, 0.23522962037962047], [0.26847700746965447, 0.2726168553668554, 0.18089472471972487, 0.27801141244376537], [0.29617978687978685, 0.29624394216894234, 0.1943378843378845, 0.21323838661338673], [0.3020885669885671, 0.27131412476412486, 0.1920074925074926, 0.23458981573981583], [0.31105945998445983, 0.2455945221445223, 0.1877534854034856, 0.25559253246753255], [0.3207971139971139, 0.28321139416139424, 0.15626357172239536, 0.23972792011909685], [0.2819742340992341, 0.29091725578343214, 0.17174317741082445, 0.25536533270650935], [0.3282975728949412, 0.25507380572643734, 0.1675767787767789, 0.24905184260184263], [0.28131463258963263, 0.25600207570207595, 0.15534103951603964, 0.30734225219225225], [0.3215585053835054, 0.26770276945276955, 0.18121249028749029, 0.2295262348762349], [0.3321079698079699, 0.2953683982683981, 0.16247476412476403, 0.21004886779886786], [0.29765851566733914, 0.25168343682461336, 0.19267142302142315, 0.2579866244866244], [0.22451116412826946, 0.27592518592518606, 0.17978337013863335, 0.31978027980791135], [0.30665345096080393, 0.2808680236430236, 0.17651777111777117, 0.23596075427840157], [0.2769402708402708, 0.3054958430458432, 0.15581184926184935, 0.2617520368520369], [0.30100151792651797, 0.2819664408690726, 0.16895113044849897, 0.2480809107559108], [0.27988831475542014, 0.23212577422577424, 0.16237842230868563, 0.32560748871012024], [0.32630419609630124, 0.23013194203457363, 0.19636603951603956, 0.24719782235308552], [0.31603989898989904, 0.28127828282828277, 0.14724569874569873, 0.2554361194361195], [0.339735137085137, 0.21644975579975606, 0.1522249417249418, 0.29159016539016536], [0.2774783310256995, 0.27608835229098394, 0.1852112332112333, 0.26122208347208364], [0.29968659510424245, 0.2641997474747476, 0.13739780138162488, 0.2987158560393852], [0.33816440063204767, 0.27047845765345757, 0.14294439449439453, 0.24841274722010032], [0.35241017316017326, 0.2905178932178934, 0.16741956376956385, 0.18965236985236994], [0.31341107883344743, 0.27180188597951765, 0.15201620601620608, 0.2627708291708291], [0.31510144051854594, 0.26991901986901984, 0.18285220130746455, 0.2321273383049698], [0.3339354145854144, 0.2546972527472528, 0.1415717005217006, 0.2697956321456323], [0.2974553113553114, 0.2569099345099345, 0.16407580752580764, 0.2815589466089466], [0.3324826454247508, 0.2069269969796287, 0.1835973914973915, 0.2769929660982295], [0.3088935064935065, 0.2733168664668665, 0.17433889639772007, 0.24345073064190717], [0.35071365219747574, 0.2272448920360685, 0.14571160783660791, 0.276329847929848], [0.4376448357198357, 0.2527819042069041, 0.13121772116772124, 0.17835553890553899], [0.2750887279387278, 0.30600775890775883, 0.1450796869796871, 0.2738238261738263], [0.27270267510267515, 0.2710903651903653, 0.2068516372516374, 0.24935532245532258], [0.3019241591741591, 0.26514254079254085, 0.1472762515262516, 0.2856570485070484], [0.3027943725864779, 0.26727684815184827, 0.18873148591174918, 0.2411972933499251], [0.37059164578111936, 0.23349470704733877, 0.16445403280929602, 0.23145961436224596], [0.29608226495726486, 0.25207082084582094, 0.1823136327724564, 0.269533281424458], [0.3015519036519037, 0.2725116744366744, 0.12773014485514492, 0.2982062770562771], [0.2532408813408815, 0.305852919302919, 0.19774721389721397, 0.24315898545898562], [0.22255261960261966, 0.2949669968919967, 0.23608008380508388, 0.2464002997002997], [0.2657031635031636, 0.29139216894216896, 0.18213145188145205, 0.2607732156732159], [0.3079025704687469, 0.2711431235431236, 0.1858665742753979, 0.2350877317127318], [0.29644241314241304, 0.2794497863247864, 0.16150721223221237, 0.2626005883005884], [0.2669191919191921, 0.26142371517371527, 0.2065891858141858, 0.26506790709290706], [0.2974887862137861, 0.28215005517358466, 0.18177883456412877, 0.2385823240485007], [0.3094756850992145, 0.25937327345856764, 0.15567913475413486, 0.27547190668808313], [0.26884624819624814, 0.30556289441552587, 0.18431096505833378, 0.24127989232989233], [0.34847110141320653, 0.2804698346974663, 0.17703194028194033, 0.19402712360738691], [0.2574610389610389, 0.2977450771450771, 0.19495023865023883, 0.2498436452436453], [0.3547287157287158, 0.2646178682428683, 0.18016919469419476, 0.20048422133422136], [0.3685146742146743, 0.28152771395271414, 0.1453846903096903, 0.20457292152292156], [0.2843362193362192, 0.28691782661782667, 0.1943910977910979, 0.23435485625485633], [0.27895957375957375, 0.2661552752802753, 0.18063094405594415, 0.27425420690420693], [0.2691958683129736, 0.2935786768786766, 0.16187713748240076, 0.275348317325949]]}}