{"test": {"ids": ["99109141", "104118340", "111121190", "106121190", "103113270", "109118820", "106111321", "101112690", "104112201", "112117660", "104116980", "99110730", "109117110", "112116451", "109118161", "111117000", "101113210", "98111860", "112121430", "109114030", "111116640", "105116441", "106115250", "103120290", "101109370", "107114200", "108118810", "104114240", "103118110", "105112240", "99112531", "113119700", "103111170", "101121640", "107119390", "102110050", "103112641", "101114990", "107118780", "100108580", "97107950", "102109850", "100110260", "107112850", "100120010", "97109570", "106118161", "103120780", "110121720", "97107821", "111119430", "112120990", "101108950", "98116090", "100111270", "108113620", "101112160", "105121370", "113120591", "111117200", "98110810", "109116930", "100109360", "110118301", "108113740", "100110050", "99108710", "112116540", "107113200", "109117080", "101117580", "110120560", "107116501", "103111990", "101109120", "110118111", "112120630", "107116980", "108120621", "112116401", "108114220", "112119930", "104119290", "111115910", "109120560", "113121190", "110119030", "105120621", "101109000", "107113550", "113121750", "111115780", "99108080", "101108121", "108118291", "109117730", "104111620", "104114740", "98109230", "109115220", "112120670", "109119010", "112116800", "103111830", "103113610", "106115240", "101110200", "100108990", "108114360", "100108260", "105116650", "111116530", "111114171", "98106680", "102109840", "99107950", "107113170", "105117431", "110118880", "103110050", "110118930", "99111440", "108118630", "111116750", "106119990", "100112060", "113118231", "98111670", "113122650", "101108080", "103117461", "105113480", "111117571", "98107340", "105116501", "111120260", "105113170", "107121640", "100109890", "112117431", "111119580", "105118740"], "labels": [3, 2, 1, 2, 2, 3, 0, 1, 0, 0, 1, 3, 1, 0, 0, 0, 3, 0, 2, 1, 0, 1, 2, 2, 1, 2, 1, 0, 2, 1, 3, 0, 2, 2, 2, 3, 3, 3, 1, 0, 2, 1, 3, 1, 0, 0, 3, 1, 3, 2, 3, 2, 2, 0, 2, 3, 3, 2, 0, 0, 1, 0, 0, 1, 3, 3, 2, 1, 0, 1, 3, 0, 1, 2, 1, 1, 3, 3, 1, 0, 3, 1, 1, 2, 1, 1, 0, 1, 1, 0, 0, 1, 3, 0, 3, 3, 0, 2, 1, 3, 2, 3, 0, 3, 2, 1, 2, 2, 1, 3, 1, 3, 3, 1, 2, 1, 0, 1, 0, 3, 1, 3, 1, 3, 0, 2, 3, 1, 2, 0, 0, 0, 3, 0, 1, 3, 0, 1, 3, 0, 3, 1], "predicted_labels": [1, 1, 1, 3, 1, 3, 3, 3, 1, 3, 3, 2, 1, 0, 3, 1, 3, 1, 3, 3, 3, 1, 1, 1, 1, 1, 1, 3, 3, 3, 3, 1, 3, 1, 3, 3, 1, 1, 3, 3, 3, 1, 1, 3, 3, 0, 1, 3, 3, 0, 3, 3, 3, 3, 1, 1, 1, 1, 3, 3, 1, 1, 0, 3, 3, 3, 1, 3, 1, 1, 3, 3, 1, 3, 1, 1, 3, 1, 3, 3, 3, 3, 1, 3, 3, 1, 3, 0, 3, 3, 1, 1, 3, 3, 1, 1, 0, 1, 3, 3, 1, 3, 3, 3, 3, 3, 1, 3, 3, 1, 1, 1, 0, 3, 1, 1, 3, 1, 0, 3, 3, 1, 3, 0, 3, 3, 1, 1, 3, 0, 1, 1, 3, 3, 3, 3, 3, 3, 0, 3, 0, 1], "confidence_scores": [[0.27885722333222335, 0.3088018703518701, 0.1565430236430237, 0.2557978826728827], [0.19358391053391066, 0.3512043456543456, 0.17683463758463758, 0.2783771062271064], [0.29079408369408366, 0.30247184123066456, 0.157195165945166, 0.24953890913008564], [0.15632121212121217, 0.31705918525918525, 0.20250719280719293, 0.3241124098124101], [0.16807846075493146, 0.30633085966321255, 0.22829941724941724, 0.29729126233243874], [0.2650654654169361, 0.28428477633477656, 0.14863804969540265, 0.302011708552885], [0.25543215673215686, 0.28035812520812525, 0.15535045510045514, 0.308859262959263], [0.23536685814185826, 0.2787877511377513, 0.18062823287823304, 0.3052171578421578], [0.28512616272616254, 0.29652635142635136, 0.1242551448551449, 0.29409234099234094], [0.25521558441558445, 0.27467090132090133, 0.15723768453768452, 0.3128758297258297], [0.17625976800976803, 0.2804852758352759, 0.19814533358798078, 0.3451096225669755], [0.19569982239982248, 0.264689704739705, 0.29826469641469633, 0.2413457764457765], [0.2091608336108337, 0.32875885780885794, 0.18974288766788774, 0.272337420912421], [0.3091398823398824, 0.24368491508491533, 0.1532072871572872, 0.29396791541791545], [0.2857338467088467, 0.24843359418359431, 0.1788678016428018, 0.28696475746475747], [0.2095669386169388, 0.30343801753801747, 0.20965443445443455, 0.2773406093906093], [0.27089357864357877, 0.24569443889443898, 0.201760755910756, 0.2816512265512266], [0.17751637251637262, 0.3562490176490175, 0.1964906648906649, 0.2697439449439448], [0.24307773615273628, 0.24974615384615387, 0.21295190087690094, 0.29422420912420916], [0.2684892496392497, 0.23713595848595845, 0.17590938505938508, 0.3184654068154068], [0.2263534576534576, 0.23880539460539454, 0.19960160395160412, 0.33523954378954396], [0.2367388053123347, 0.32136980796980796, 0.13583150379032735, 0.3060598829275301], [0.20886315351315374, 0.3204467809967809, 0.17583852813852818, 0.2948515373515376], [0.17967445887445893, 0.35011181041181033, 0.1939034798534799, 0.2763102508602509], [0.22528599733599747, 0.3553325951825951, 0.17828997639787109, 0.24109143108353642], [0.20206279831279841, 0.32522973970473956, 0.19998736818736826, 0.27272009379509393], [0.1898260517260518, 0.3258980685980689, 0.16346723831723833, 0.3208086413586412], [0.2364702717217424, 0.2462572296984062, 0.1971241266903032, 0.32014837188954864], [0.24013614718614723, 0.25994336219336234, 0.21622034632034642, 0.28370014430014434], [0.20471984126984122, 0.3068804861804862, 0.16252509712509722, 0.32587457542457554], [0.26794972249972254, 0.2607661116661118, 0.19510121741004105, 0.2761829484241253], [0.19019715007215007, 0.33000327450327427, 0.1934789202627438, 0.2863206551618317], [0.269064307914308, 0.2812180458430457, 0.15307847985347992, 0.29663916638916643], [0.24562484737484752, 0.29412276612276617, 0.20803595293595306, 0.2522164335664337], [0.18469653679653678, 0.30505904095904096, 0.19615126817626816, 0.3140931540681541], [0.25637890442890454, 0.24983491508491518, 0.2155468864468865, 0.27823929403929426], [0.28672914862914883, 0.32079032634032656, 0.15057412669030326, 0.24190639834022196], [0.18378456543456553, 0.33433298923298904, 0.21002134532134537, 0.2718611000111002], [0.20434643134643143, 0.26750965145965167, 0.22089588744588753, 0.30724802974802967], [0.24412256909756913, 0.26351194361194374, 0.20002576590076596, 0.29233972138972136], [0.20072217782217786, 0.2669075692423519, 0.24090887542409295, 0.2914613775113776], [0.21708549783549802, 0.2883496836496839, 0.2431502184090421, 0.25141460010577665], [0.26573981018981047, 0.28986276778776765, 0.16106499333999338, 0.2833324286824287], [0.21633570873570884, 0.2866281607281608, 0.19438503163503165, 0.302651098901099], [0.24666284271284292, 0.2584537074037076, 0.23391327561327566, 0.26097017427017455], [0.307383152958153, 0.23542449494949508, 0.20213636363636375, 0.25505598845598837], [0.30621803751803744, 0.31103667998668005, 0.15810257879375525, 0.2246427037015273], [0.2240691697191698, 0.25954269064269064, 0.19071334221334235, 0.32567479742479777], [0.22183356643356658, 0.2966590909090911, 0.17385231990231995, 0.3076550227550227], [0.31360275280275274, 0.26147053502053524, 0.20134792984792999, 0.22357878232878226], [0.212919130869131, 0.2945698801198803, 0.14783339993339994, 0.34467758907758905], [0.1994652181152181, 0.2882761183261185, 0.21970991981874338, 0.29254874373992024], [0.1806290764790766, 0.28184946997447, 0.21790692640692647, 0.3196145271395271], [0.22773349983349978, 0.27898271728271723, 0.19392000222000225, 0.2993637806637806], [0.20142178932178934, 0.2797888999889002, 0.24142556724321432, 0.2773637434460965], [0.24388912198912197, 0.333064812964813, 0.15566580086580095, 0.2673802641802643], [0.2392655844155845, 0.3262950937950939, 0.16011277056277065, 0.2743265512265511], [0.16614743589743597, 0.3256590132090132, 0.1962766455766456, 0.3119169053169054], [0.25362621267621277, 0.27162216949716966, 0.1829350427350429, 0.29181657509157516], [0.2792551726051727, 0.25399773559773564, 0.1782557664557665, 0.28849132534132527], [0.22776139416139418, 0.2664900765900766, 0.2549107614607615, 0.2508377677877679], [0.284770140970141, 0.30641251526251523, 0.14543795159089282, 0.2633793921764511], [0.2799961371961372, 0.2536546897546898, 0.19686632256632253, 0.2694828504828506], [0.2867950438450439, 0.2809766955266955, 0.14139886779886782, 0.2908293928293927], [0.23650106560106574, 0.25986293151293166, 0.17772185592185594, 0.32591414696414694], [0.18700626595626602, 0.28236104451104455, 0.23590004635887, 0.29473264317381964], [0.21159674769674774, 0.32362914307914303, 0.23023260628260622, 0.23454150294150303], [0.23977045144398093, 0.2742484239616592, 0.18160616458704704, 0.30437496000731284], [0.2497632950382951, 0.31880748140748144, 0.1295232628482629, 0.30190596070596104], [0.1807938034188035, 0.3808372405372403, 0.15144980019980023, 0.28691915584415584], [0.22272016872016875, 0.2645736319236319, 0.17670959040959044, 0.33599660894660904], [0.24930729767308718, 0.24638930513930551, 0.1778128099970206, 0.3264905871905874], [0.26770607725607715, 0.3434256909756908, 0.12777137862137863, 0.26109685314685316], [0.26231416916416916, 0.24151794871794885, 0.20329350094350115, 0.29287438117438125], [0.2555896381396383, 0.30173842823842806, 0.16755371295371305, 0.27511822066822084], [0.2579948384948385, 0.3157707431457432, 0.17365140692640693, 0.2525830114330116], [0.2829663780663783, 0.24318576423576424, 0.13670743145743147, 0.33714042624042617], [0.2922183427683426, 0.3119987345987344, 0.14113023088023094, 0.25465269175269195], [0.24946608391608396, 0.2986230463980464, 0.1269973665223666, 0.32491350316350315], [0.3206537601287603, 0.24537291042291046, 0.11297133422133422, 0.3210019952269953], [0.2557152125652127, 0.2562621989121991, 0.18823800643800642, 0.29978458208458214], [0.23857762237762245, 0.244508918858919, 0.20866235986235995, 0.30825109890109886], [0.22225129870129878, 0.30119865134865126, 0.1768596736596737, 0.29969037629037637], [0.2631282309194074, 0.2404259371347609, 0.1867984293484295, 0.3096474025974024], [0.25841920628391224, 0.26617812759136283, 0.16691125949214206, 0.30849140663258307], [0.22064246864246873, 0.3337646964146964, 0.14856471861471865, 0.29702811632811627], [0.18411336996337002, 0.3005712343212344, 0.19319555999556004, 0.3221198357198358], [0.30795118133500476, 0.27252178654678666, 0.1276139721389722, 0.29191305997923644], [0.2385521862124805, 0.27039487505958104, 0.1688148212898213, 0.3222381174381174], [0.23380483405483415, 0.267185497835498, 0.21026606922489285, 0.2887435988847755], [0.24761375291375298, 0.3698376540126538, 0.12284321789321795, 0.25970537518037523], [0.23594857919857926, 0.2937705572205571, 0.2023485716897483, 0.26793229189111545], [0.25136873681873695, 0.2440229437229439, 0.19868138528138532, 0.3059269341769342], [0.2989949217449218, 0.2318757797757798, 0.16783427128427142, 0.30129502719502693], [0.2924686008436007, 0.31081487123987117, 0.1270841991341992, 0.2696323287823289], [0.2501154512154513, 0.30442211954711956, 0.184495054945055, 0.2609673742923743], [0.4543270895770897, 0.26276803196803206, 0.1042705072705073, 0.1786343711843712], [0.1934846922685159, 0.322978563103563, 0.20056793206793216, 0.2829688125599893], [0.24152811436929109, 0.2510529656617893, 0.2357201243201244, 0.2716987956487957], [0.25041086355165315, 0.2597547341547343, 0.1793143445735552, 0.3105200577200578], [0.22593357753357757, 0.3164062271062273, 0.1724140526140527, 0.28524614274614274], [0.17755583305583325, 0.3034347180597182, 0.2049072954822956, 0.3141021534021532], [0.20322736707736713, 0.2753038961038961, 0.19167459762459776, 0.32979413919413925], [0.2789050310800312, 0.2055722915972918, 0.22253837828837827, 0.2929842990342992], [0.2431134421134422, 0.2727540570540572, 0.20325226440226438, 0.2808802364302366], [0.2569897935397936, 0.2893302253302254, 0.1365650682650683, 0.31711491286491306], [0.2207543456543458, 0.32215948495948493, 0.18998168468957943, 0.26710448469659004], [0.23167045162439903, 0.2600597125097125, 0.23135459277564552, 0.2769152430902432], [0.26464636474636477, 0.2699302419802421, 0.1707421800421801, 0.29468121323121316], [0.23364363954758696, 0.32443894993895, 0.17026266525871797, 0.27165474525474537], [0.17961702741702748, 0.33180732323232337, 0.19637893217893215, 0.29219671717171714], [0.21190586635586642, 0.3321635558885558, 0.18789349261849272, 0.2680370851370852], [0.30112321012321003, 0.2662662559662559, 0.15255505050505058, 0.2800554834054837], [0.22218843933843943, 0.22811158286158295, 0.25750016095016104, 0.2921998168498169], [0.20242077922077925, 0.3383262404262404, 0.17290436785436789, 0.28634861249861265], [0.16080529470529475, 0.3175632645132646, 0.26977253139017854, 0.2518589093912624], [0.2523118326118327, 0.28049148629148635, 0.1596535353535354, 0.3075431457431458], [0.21753569208569212, 0.3015487520649286, 0.18137394745777116, 0.2995416083916085], [0.30599197965776914, 0.2988376678876677, 0.14071631205052262, 0.2544540404040405], [0.21461527361527374, 0.2550711177711178, 0.2389078366078367, 0.2914057720057721], [0.18738239538239557, 0.3082847763347764, 0.1827344877344878, 0.3215983405483405], [0.2390119852369854, 0.30274764124764114, 0.16619107836607844, 0.2920492951492951], [0.18935891885891895, 0.2704337828837831, 0.18259499389499398, 0.3576123043623048], [0.3107823343323345, 0.24298071650571657, 0.14781166333666343, 0.2984252858252858], [0.2578496836496837, 0.29014367854367845, 0.16001883116883117, 0.29198780663780655], [0.22144491978609643, 0.2652696156784394, 0.22881066711066714, 0.28447479742479764], [0.23772449217449212, 0.3194064213564214, 0.1433801587301588, 0.2994889277389277], [0.21708315932433594, 0.28465734461616815, 0.21484369519369523, 0.2834158008658009], [0.22557582548170804, 0.27810692379515906, 0.19730985811574053, 0.2990073926073924], [0.29706123876123874, 0.2675622433122434, 0.19618396113690234, 0.23919255678961568], [0.2897667055167055, 0.2977215728715729, 0.1320706404706405, 0.28044108114108107], [0.18114497724497733, 0.328292352092352, 0.17245757575757573, 0.31810509490509503], [0.26192027417027425, 0.3009180375180375, 0.13261443001443007, 0.3045472582972582], [0.1965035270285272, 0.2760766039516039, 0.2478486790986792, 0.2795711899211899], [0.2554082492670729, 0.2657809357309358, 0.15327877122877132, 0.3255320437732202], [0.2697446553446552, 0.2381765123765124, 0.17138906648906652, 0.3206897657897657], [0.20411351067233424, 0.2891061133311134, 0.18684336855954514, 0.31993700743700754], [0.1917418831168831, 0.2572753607503608, 0.19117409812409827, 0.3598086580086579], [0.30612366522366524, 0.2588904595404595, 0.13805176490176496, 0.29693411033411043], [0.2599790376290378, 0.2964223165723166, 0.13903523698523712, 0.30456340881340876], [0.30092306027306026, 0.24253450160950166, 0.1849850871350871, 0.27155735098235106], [0.22857881562881588, 0.3032874514374515, 0.20059975024975044, 0.26753398268398265]]}, "rewritten": {"ids": ["97107821", "97107950", "97109570", "98106680", "98107340", "98109230", "98110810", "98111670", "98111860", "98116090", "99107950", "99108080", "99108710", "99109141", "99110730", "99111440", "99112531", "100108260", "100108580", "100108990", "100109360", "100109890", "100110050", "100110260", "100111270", "100112060", "100120010", "101108080", "101108121", "101108950", "101109000", "101109120", "101109370", "101110200", "101112160", "101112690", "101113210", "101114990", "101117580", "101121640", "102109840", "102109850", "102110050", "103110050", "103111170", "103111830", "103111990", "103112641", "103113270", "103113610", "103117461", "103118110", "103120290", "103120780", "104111620", "104112201", "104114240", "104114740", "104116980", "104118340", "104119290", "105112240", "105113170", "105113480", "105116441", "105116501", "105116650", "105117431", "105118740", "105120621", "105121370", "106111321", "106115240", "106115250", "106118161", "106119990", "106121190", "107112850", "107113170", "107113200", "107113550", "107114200", "107116501", "107116980", "107118780", "107119390", "107121640", "108113620", "108113740", "108114220", "108114360", "108118291", "108118630", "108118810", "108120621", "109114030", "109115220", "109116930", "109117080", "109117110", "109117730", "109118161", "109118820", "109119010", "109120560", "110118111", "110118301", "110118880", "110118930", "110119030", "110120560", "110121720", "111114171", "111115780", "111115910", "111116530", "111116640", "111116750", "111117000", "111117200", "111117571", "111119430", "111119580", "111120260", "111121190", "112116401", "112116451", "112116540", "112116800", "112117431", "112117660", "112119930", "112120630", "112120670", "112120990", "112121430", "113118231", "113119700", "113120591", "113121190", "113121750", "113122650"], "labels": [2, 2, 0, 1, 0, 1, 1, 1, 0, 0, 1, 3, 2, 3, 3, 3, 3, 3, 0, 2, 0, 3, 3, 3, 2, 2, 0, 0, 0, 2, 1, 1, 1, 2, 3, 1, 3, 3, 3, 2, 2, 1, 3, 3, 2, 3, 2, 3, 2, 2, 0, 2, 2, 1, 0, 0, 0, 2, 1, 2, 1, 1, 0, 0, 1, 1, 1, 1, 1, 1, 2, 0, 1, 2, 3, 0, 2, 1, 0, 0, 0, 2, 1, 3, 1, 2, 1, 3, 3, 3, 1, 3, 1, 1, 1, 1, 3, 0, 1, 1, 3, 0, 3, 3, 1, 1, 1, 0, 1, 0, 0, 3, 3, 1, 2, 3, 0, 3, 0, 0, 3, 3, 3, 3, 1, 0, 0, 1, 0, 0, 0, 1, 3, 2, 2, 2, 3, 0, 0, 1, 0, 2], "predicted_labels": [1, 1, 3, 1, 3, 2, 1, 1, 1, 3, 1, 3, 1, 0, 2, 3, 3, 1, 3, 3, 1, 3, 3, 0, 3, 3, 3, 0, 0, 3, 3, 1, 1, 1, 1, 3, 1, 1, 1, 1, 3, 1, 1, 1, 1, 0, 1, 1, 3, 3, 0, 2, 1, 3, 3, 3, 3, 1, 3, 3, 1, 1, 1, 1, 1, 3, 1, 1, 1, 0, 3, 1, 0, 1, 0, 3, 3, 1, 3, 1, 3, 1, 1, 1, 3, 3, 3, 1, 3, 3, 1, 0, 1, 3, 3, 3, 3, 1, 1, 1, 3, 0, 1, 1, 3, 0, 1, 1, 3, 3, 3, 1, 1, 1, 3, 1, 0, 3, 3, 3, 1, 1, 0, 3, 0, 3, 0, 1, 1, 1, 1, 3, 0, 1, 1, 3, 3, 1, 1, 3, 1, 3], "confidence_scores": [[0.2743356365856366, 0.28217075702075733, 0.18718942168942182, 0.25630418470418453], [0.19504668664668676, 0.2826232767232766, 0.25160174825174836, 0.2707282883782884], [0.26891814574314576, 0.2427803113553115, 0.18636536796536804, 0.3019361749361751], [0.22045479520479538, 0.3038349483849484, 0.21475274921157278, 0.2609575071986837], [0.19768409090909111, 0.2835447358197359, 0.2348904317904318, 0.2838807414807415], [0.2306759054670821, 0.24437479938362286, 0.2642595016095016, 0.2606897935397936], [0.24746063936063925, 0.2766819791319792, 0.22520029415029438, 0.25065708735708747], [0.20695605309722967, 0.2927299775388011, 0.21123025308025314, 0.2890837162837162], [0.20664890109890124, 0.30251926961926984, 0.21132103452103454, 0.27951079476079477], [0.2537546176046177, 0.2722364135864136, 0.18856870906870896, 0.28544025974025977], [0.17161832611832623, 0.318859618159618, 0.2560296853473324, 0.25349237037472344], [0.24037858807858828, 0.24940383505383526, 0.2113460372960374, 0.29887153957153967], [0.22418364968364965, 0.28818507506985774, 0.2245673169825344, 0.2630639582639582], [0.37548515096015095, 0.2626988317238317, 0.13117904709669426, 0.23063697021932328], [0.17844844599844611, 0.28015085192585193, 0.2928094655344656, 0.24859123654123652], [0.24676452991452996, 0.2785173826173826, 0.17653914418914424, 0.29817894327894334], [0.2859050893550896, 0.2533172660672661, 0.16358020313020316, 0.2971974414474417], [0.22478032785927526, 0.3117406815406815, 0.17918066670171948, 0.284298323898324], [0.2625396547896549, 0.26639737484737497, 0.1977389166389167, 0.2733240537240537], [0.23049388944388965, 0.26129906204906206, 0.2206344550873964, 0.28757259341965213], [0.2882751526251527, 0.3033885364635365, 0.17603186258186265, 0.2323044483294484], [0.2683934232434233, 0.22262692862692865, 0.21035149850149856, 0.2986281496281497], [0.21694753579753595, 0.2597035131535132, 0.21203193473193488, 0.31131701631701625], [0.30175035242535225, 0.28283802308802314, 0.1526838772338773, 0.26272774725274733], [0.22240537795537813, 0.26358363580863586, 0.24980828175092876, 0.26420270448505734], [0.23368533133533143, 0.2561067044067046, 0.22500911865911868, 0.28519884559884573], [0.21468660783660795, 0.24453206238206254, 0.25058696303696315, 0.2901943667443668], [0.3382546453546455, 0.26691526806526805, 0.16554383949383952, 0.22928624708624717], [0.3368045010545012, 0.2656010101010102, 0.1345123321123322, 0.2630821567321568], [0.19322319069819077, 0.2664397491397492, 0.2250892995892996, 0.31524776057276044], [0.24948020541549962, 0.26306095620066217, 0.20035588023088027, 0.28710295815295844], [0.28645774780774774, 0.31620361027861027, 0.1462847458097458, 0.2510538961038961], [0.24343101898101904, 0.34438711843711833, 0.192945448995449, 0.2192364135864137], [0.2353025197025199, 0.3084913364413364, 0.18691010101010117, 0.26929604284604286], [0.22256060606060604, 0.3325536796536798, 0.1447710678210679, 0.30011464646464636], [0.24607251914751915, 0.2510864524364526, 0.2099323232323233, 0.29290870518370515], [0.26696276142158504, 0.3170087967587967, 0.19226358086358092, 0.2237648609560376], [0.18349975579975594, 0.3176511100011101, 0.23584002500767223, 0.26300910919146214], [0.22107777222777245, 0.29339418359418346, 0.20026584526584532, 0.28526219891219884], [0.23391240426240448, 0.29128264513264507, 0.21129588189588192, 0.2635090687090689], [0.20324655899655908, 0.3100989732489731, 0.17596681651681664, 0.31068765123765113], [0.214583388833389, 0.2743477300477301, 0.246531681390505, 0.2645371997283764], [0.27179184704184733, 0.3011911754911755, 0.18655108225108227, 0.24046589521589534], [0.2551401820401823, 0.29641105561105563, 0.180876467976468, 0.2675722943722946], [0.2733510323010324, 0.2951801226551227, 0.14473107725607723, 0.28673776778776777], [0.2879467587967589, 0.24044693084693092, 0.18913910533910538, 0.2824672050172051], [0.25507075424575437, 0.2893626484626484, 0.20222490760873119, 0.2533416896828663], [0.2663458152958153, 0.31136383061383066, 0.1700377122877124, 0.25225264180264184], [0.18561394716394725, 0.2839664890664891, 0.22205381285381287, 0.3083657509157508], [0.25674368409368414, 0.27097368187368204, 0.19282732822732832, 0.279455305805306], [0.2988122488622489, 0.2845855644355644, 0.1664191863691864, 0.25018300033300034], [0.24707197802197822, 0.24695235875235896, 0.25326482961482977, 0.25271083361083363], [0.21020569985570006, 0.34283271728271747, 0.19167213897213897, 0.255289443889444], [0.22118732378732392, 0.27129716786481495, 0.19095399763635063, 0.3165615107115107], [0.2897049728049728, 0.21399357309357311, 0.15990963480963497, 0.33639181929181927], [0.2924165112665112, 0.2435668720168722, 0.15331810411810423, 0.31069851259851267], [0.23979474414474425, 0.25626451685569324, 0.18459964120846475, 0.3193410977910978], [0.22612115857998216, 0.319983571983572, 0.17741644466644466, 0.2764788247700013], [0.20099773559773568, 0.3019392329892331, 0.17611244703009413, 0.32095058438293733], [0.2088130758130759, 0.31762353202353216, 0.14740641580641584, 0.3261569763569766], [0.25240708735708745, 0.300843117993118, 0.16443994338994358, 0.2823098512598512], [0.16971098901098913, 0.31276384726384726, 0.205886955854603, 0.3116382078705609], [0.2212700929789167, 0.29817288822288823, 0.19270365190365193, 0.28785336689454355], [0.20300082140082157, 0.30208996003996014, 0.19477718392718404, 0.3001320346320347], [0.3034390661625955, 0.3416737151737153, 0.12045285825285826, 0.23443436041083093], [0.24190610500610507, 0.26109838494838505, 0.16930144300144304, 0.32769406704406684], [0.22357404817404833, 0.3436533466533467, 0.19203848928848935, 0.240734115884116], [0.2797316239316241, 0.2933790265290267, 0.19380354090354102, 0.23308580863580872], [0.2278635309135311, 0.3165680208680209, 0.1961105838605839, 0.2594578643578644], [0.3094225912975912, 0.2485353785103787, 0.1358584665334666, 0.30618356365856364], [0.23532859917859933, 0.289051936951937, 0.18560683760683763, 0.29001262626262636], [0.22475193140193148, 0.3109146242646243, 0.16362589077589076, 0.3007075535575536], [0.31566177711177723, 0.30125592185592187, 0.1692861416361416, 0.2137961593961596], [0.23052637362637365, 0.29632689532689543, 0.18240034965034968, 0.2907463813963815], [0.3334252747252745, 0.2702236541236542, 0.16763665974548336, 0.22871441140558796], [0.24626908091908084, 0.2809942723942725, 0.18033068598068597, 0.29240596070596075], [0.21287807388689747, 0.2990764457764457, 0.15438277115041826, 0.33366270918623864], [0.22076408591408608, 0.31060349095349077, 0.18724821289821292, 0.28138421023421045], [0.2615858863358864, 0.2421065323565324, 0.16856879231879232, 0.327738788988789], [0.24109166666666673, 0.3079952547452548, 0.14575216172716185, 0.30516091686091706], [0.2286056277056279, 0.2622680291930293, 0.23001555029937398, 0.27911079280196927], [0.2448993006993009, 0.29584718337218346, 0.18385212842712845, 0.2754013875013877], [0.2706059607059607, 0.3505023670773668, 0.1173857725607726, 0.2615058996558996], [0.273810816960817, 0.33363292263292266, 0.1483450771450771, 0.2442111832611834], [0.20270830835830841, 0.25884315684315706, 0.21766772671772677, 0.3207808080808078], [0.20467854367854366, 0.26783028083028093, 0.2205717032967034, 0.30691947219447224], [0.23907897657897675, 0.24477691752691755, 0.20337867687867703, 0.31276542901542914], [0.27787094017094016, 0.32641897546897564, 0.12776991341991348, 0.26794017094017103], [0.23550331335331348, 0.2657258852258853, 0.17378693528693523, 0.3249838661338662], [0.2605880175380176, 0.22372264957264965, 0.20033714618714626, 0.31535218670218673], [0.25145348540348555, 0.28499734154734147, 0.18166966921966926, 0.2818795038295037], [0.33295891885891865, 0.26610907148407154, 0.12686563991564, 0.2740663697413697], [0.22607654012654027, 0.2951986957486957, 0.18861103341103352, 0.29011373071373076], [0.20910793095793098, 0.2651321539571541, 0.1977527583527584, 0.32800715673215686], [0.2895035103785102, 0.22554252969252964, 0.17147831890331888, 0.31347564102564085], [0.25317306582306587, 0.26481990786990794, 0.18986082251082254, 0.2921462037962039], [0.24891829500908458, 0.2700732045732047, 0.20568097516518571, 0.2753275252525253], [0.30007699522699505, 0.3073068431568431, 0.12937959817959813, 0.26323656343656365], [0.21405920745920753, 0.35446148296148283, 0.14547943167943173, 0.285999877899878], [0.2122441502941504, 0.308436955854603, 0.1754477261300791, 0.30387116772116773], [0.24708483738483739, 0.26003178210678213, 0.1979311965811967, 0.29495218392718386], [0.4028171328671328, 0.25040439837939854, 0.10065836385836392, 0.246120104895105], [0.23940773948273947, 0.3056385225885227, 0.15792111499611497, 0.29703262293262295], [0.19004876789876793, 0.3021876401376404, 0.20998184593184605, 0.2977817460317462], [0.23818914973914979, 0.26720202020202033, 0.1960775668775671, 0.29853126318126305], [0.2971790653790654, 0.291983608058608, 0.1590576451326452, 0.2517796814296816], [0.27084763569763576, 0.2998401265401264, 0.1507653235653236, 0.27854691419691413], [0.25865602117181075, 0.3206124930624929, 0.1460593856435962, 0.27467210012210025], [0.2014933261183263, 0.30081688866688877, 0.1786784632034633, 0.31901132201132204], [0.21117614052614053, 0.2909615662115662, 0.18324440559440563, 0.31461788766788784], [0.24729763511342467, 0.2683955821955824, 0.19161504109925168, 0.29269174159174177], [0.23989113664113673, 0.30108800088800114, 0.1828037740037741, 0.2762170884670883], [0.28612974247974254, 0.3064206543456542, 0.1361792624042625, 0.27127034077034085], [0.26354944499944516, 0.28840351037851036, 0.18414005243122897, 0.2639069921908158], [0.26505453794571454, 0.24737796843679208, 0.20521550116550125, 0.2823519924519926], [0.2595159340659341, 0.3094986957486956, 0.16029667554667562, 0.2706886946386946], [0.2793296703296703, 0.23261056166056182, 0.21515826950826963, 0.2729014985014987], [0.3036094128094129, 0.2198459013209015, 0.16486363358863368, 0.31168105228105225], [0.21338500943500946, 0.2897166111666112, 0.20223578643578655, 0.294662592962593], [0.27659232989233007, 0.24985300810300815, 0.1763556277056278, 0.2971990342990341], [0.24392366522366518, 0.3173647907647908, 0.1536103896103897, 0.2851011544011545], [0.22909846264846268, 0.3011374320124318, 0.17228107448107446, 0.2974830308580309], [0.312755783105783, 0.2223941835941837, 0.1718570596070596, 0.29299297369297367], [0.26855683205683206, 0.2450441336441336, 0.19985854700854716, 0.28654048729048726], [0.2897874292374294, 0.2806122155622155, 0.14647531912531914, 0.28312503607503614], [0.3070517676767678, 0.20956656121656136, 0.12442420357420358, 0.35895746753246743], [0.307887900987901, 0.26759978354978364, 0.14762645687645692, 0.27688585858585857], [0.23108241203241214, 0.2938503996003996, 0.1915914030414032, 0.2834757853257853], [0.22577092352092373, 0.3191510101010101, 0.17648829503829513, 0.2785897713397713], [0.28787756687756716, 0.2976361638361638, 0.14768230103230104, 0.26680396825396835], [0.22574159729159748, 0.30520356865356846, 0.17075203130203126, 0.29830280275280285], [0.22361951936951938, 0.25382463484228196, 0.23264656062891378, 0.2899092851592852], [0.28999636474636487, 0.26168265068265073, 0.1698759185259186, 0.278445066045066], [0.2293718392718394, 0.30473317515817505, 0.17988851148851162, 0.28600647408147406], [0.22861121656121675, 0.3049991547668018, 0.2008490886564416, 0.26554054001554017], [0.2463950660450662, 0.2475464146964148, 0.22852824952824957, 0.2775302697302696], [0.24513805638805647, 0.29780218670218667, 0.1364851925851927, 0.32057456432456416], [0.2168288156288157, 0.31191227106227093, 0.17506090576090577, 0.2961980075480076], [0.24390682650682657, 0.2705057303807306, 0.2214730991230992, 0.2641143439893439], [0.24766641136641146, 0.2776706876456878, 0.15541480463980473, 0.3192480963480964], [0.2721938283938285, 0.3379469474969475, 0.13422742812742816, 0.2556317959817961], [0.23928898323898332, 0.26083408813408826, 0.21296189921189923, 0.28691502941502917]]}}