{"test": {"ids": ["111118910", "113118231", "108119510", "102110500", "101112201", "113118511", "109115220", "108113760", "101111990", "98120530", "101108621", "108119550", "103112641", "101111210", "97109080", "111119250", "109114030", "113118421", "111116090", "98116500", "113121190", "112118581", "102109010", "98119591", "102112170", "108118810", "110118810", "106118820", "103118110", "107118520", "97113900", "98116940", "103117461", "104113380", "107116980", "112118421", "103113170", "112117030", "100109801", "104114240", "104117630", "98117740", "113122430", "109120621", "112118530", "109118231", "110117110", "109116750", "99116500", "98106880", "112121360", "97116500", "101113210", "104109311", "107118820", "98109230", "109119591", "112117660", "111119150", "99108080", "107119130", "110115120", "113117630", "103111170", "111114941", "113122220", "111120220", "105115250", "107114490", "108118630", "103113270", "107118490", "105113210", "113120601", "112117571", "112119450", "110118450", "105112240", "106115240", "110121720", "109117150", "113122180", "113119480", "103109791", "106121190", "111116290", "97105760", "98110710", "113119700", "108121351", "98107340", "105115680", "111116990", "101115190", "101111140", "107112850", "112117210", "101121640", "111119610", "110114651", "113120531", "99108310", "107114780", "112119930", "98110810", "103110760", "109118820", "105117431", "104112470", "112118471", "100109360", "113120070", "103112470", "99108460", "107118120", "110120700", "108121190", "111117200", "101110200", "102110750", "111119340", "111121351", "108113480", "102108621", "98111670", "109117080", "104113210", "112118620", "110113931", "112119980", "105116090", "109119460", "99111930", "104117200", "103120340", "105110091", "99108710", "102112030", "103111540", "110116300", "112117461", "110114561"], "labels": [0, 3, 1, 3, 0, 1, 3, 1, 2, 1, 0, 1, 3, 2, 2, 1, 1, 3, 3, 2, 1, 1, 1, 1, 3, 1, 1, 3, 2, 2, 2, 2, 0, 1, 3, 3, 3, 2, 0, 0, 0, 2, 2, 1, 1, 1, 0, 0, 2, 0, 3, 2, 3, 3, 3, 1, 0, 0, 3, 3, 1, 0, 0, 2, 0, 1, 3, 2, 3, 1, 2, 2, 3, 2, 3, 3, 0, 1, 1, 3, 2, 2, 3, 3, 2, 2, 0, 2, 0, 3, 0, 2, 0, 1, 2, 1, 1, 2, 2, 3, 0, 2, 2, 1, 1, 1, 3, 1, 1, 1, 0, 2, 1, 0, 3, 2, 1, 0, 2, 1, 3, 0, 0, 3, 1, 1, 3, 3, 1, 0, 1, 1, 1, 3, 1, 0, 2, 2, 1, 3, 0, 0], "predicted_labels": [3, 0, 3, 3, 3, 1, 3, 2, 3, 3, 1, 3, 0, 3, 1, 3, 3, 0, 1, 3, 1, 3, 3, 1, 3, 3, 1, 3, 3, 1, 0, 3, 1, 1, 0, 0, 1, 1, 1, 1, 0, 3, 3, 3, 1, 3, 0, 3, 3, 3, 1, 1, 3, 3, 0, 2, 1, 1, 3, 3, 3, 3, 3, 1, 0, 1, 0, 3, 3, 3, 3, 3, 0, 1, 3, 3, 3, 1, 1, 1, 3, 3, 1, 0, 1, 1, 3, 1, 1, 0, 2, 1, 0, 1, 1, 1, 1, 3, 1, 3, 1, 0, 3, 3, 1, 3, 2, 3, 1, 2, 3, 0, 1, 1, 1, 1, 1, 0, 1, 1, 1, 1, 3, 2, 1, 1, 3, 1, 3, 3, 1, 1, 1, 1, 2, 3, 1, 3, 3, 3, 3, 1], "confidence_scores": [[0.23191052928323, 0.2760276948707937, 0.14825233679568003, 0.3438094390502962], [0.42590519177539715, 0.18222864880767586, 0.12598627814170474, 0.2658798812752222], [0.23251489661254718, 0.2321049268727816, 0.12941998203781702, 0.4059601944768542], [0.28935363633923794, 0.15492162515738017, 0.20623143707930125, 0.34949330142408086], [0.2023310480746128, 0.2950384025225795, 0.14689045310785254, 0.3557400962949551], [0.2299184069411097, 0.338211347012381, 0.11525675563728062, 0.31661349040922854], [0.27364716115093335, 0.21837613652314095, 0.1998382096737809, 0.30813849265214477], [0.1262437103485218, 0.23039136214127762, 0.3634328531688979, 0.2799320743413028], [0.14724653134077284, 0.20564953691807838, 0.10592016573629387, 0.5411837660048548], [0.18661844998707852, 0.20813184139719476, 0.13471760222236587, 0.47053210639336085], [0.22137451505112257, 0.3203285538209548, 0.14797809371052714, 0.31031883741739563], [0.21175190787377843, 0.19695242481168526, 0.1397970713112024, 0.45149859600333386], [0.3748445341488265, 0.267830557962419, 0.09416546890342235, 0.2631594389853324], [0.194517271981409, 0.22746081373862356, 0.18702860569555735, 0.39099330858441006], [0.1454398385310565, 0.3676630122248507, 0.2588226052437898, 0.22807454400030305], [0.12158268536350256, 0.2274646448310673, 0.13502941992006234, 0.5159232498853678], [0.3025573363702597, 0.09295132696144977, 0.06659223520845954, 0.5378991014598308], [0.32923325234424966, 0.2676488462003712, 0.09638862754010749, 0.30672927391527166], [0.2478281230379496, 0.5054710562900329, 0.1355922874960384, 0.11110853317597909], [0.1114179729843297, 0.2510719326637282, 0.11949985436697874, 0.5180102399849634], [0.29920219993881764, 0.3710238839408994, 0.11733946598219541, 0.21243445013808743], [0.08369040500430153, 0.31067078799297115, 0.1555346221383088, 0.45010418486441856], [0.3346843410956212, 0.2066590312215171, 0.12147246026582169, 0.33718416741704016], [0.24188249553053123, 0.42167938990241577, 0.1265063213895158, 0.20993179317753707], [0.23159160130713882, 0.22751987650354566, 0.1633372207355369, 0.37755130145377874], [0.2315192895500314, 0.1687845933520996, 0.25470454781142576, 0.34499156928644303], [0.21754886375802046, 0.3114925429790113, 0.20791487314336432, 0.2630437201196039], [0.1448567233200575, 0.2847857938950865, 0.111925311205883, 0.458432171578973], [0.21213177906195524, 0.1472542537380345, 0.2747379079433215, 0.365876059256689], [0.05099006387068498, 0.5988138237277274, 0.06309019347511763, 0.28710591892647], [0.3513625157344909, 0.2340468320132293, 0.20190990121908423, 0.21268075103319553], [0.14101163574298534, 0.17867770842818154, 0.26328525125814284, 0.41702540457069043], [0.23028872547475887, 0.3579271730495806, 0.09922442974292442, 0.312559671732736], [0.19792035904666735, 0.3105790959651047, 0.18191273144679157, 0.3095878135414365], [0.382040534080804, 0.3004596229506667, 0.07226561298804084, 0.24523422998048855], [0.4410138226653975, 0.17821273277238975, 0.08044018881544493, 0.3003332557467677], [0.13153671367877545, 0.3519535184962563, 0.21030507396135564, 0.30620469386361276], [0.1422362302989167, 0.4301855487238359, 0.13109240404442046, 0.29648581693282683], [0.1549702695722113, 0.6005798517365908, 0.1023174562924663, 0.1421324223987318], [0.2778574591044343, 0.44599459798334634, 0.08072719568586054, 0.19542074722635894], [0.460991219546729, 0.21739553238460788, 0.1207475028914817, 0.20086574517718161], [0.10072520941354303, 0.22361383637392762, 0.12708477220212375, 0.5485761820104056], [0.1002463290123701, 0.292287698382323, 0.08423655442910104, 0.5232294181762059], [0.2831723413133354, 0.21237854239177184, 0.08272024589947202, 0.42172887039542073], [0.14592374688549714, 0.57681618972074, 0.08589159828455645, 0.19136846510920627], [0.17528364830263854, 0.2882052209545389, 0.15931982186208152, 0.377191308880741], [0.2707373279713135, 0.2689545088221132, 0.2463498969448931, 0.21395826626168038], [0.16437717749388675, 0.26749135251023315, 0.18733721499087885, 0.38079425500500125], [0.16756390377154518, 0.23442253505939875, 0.1659117354149239, 0.43210182575413203], [0.1777398335214557, 0.1297390686922562, 0.24176582561096482, 0.4507552721753233], [0.24115609727347834, 0.4741476912700035, 0.0821692844801714, 0.20252692697634678], [0.3002887462625801, 0.30393455490766874, 0.16093228848833938, 0.23484441034141196], [0.16145337895537132, 0.23076221654693513, 0.20274226530390635, 0.4050421391937872], [0.2122067006080589, 0.25507525102715545, 0.10889199146303308, 0.42382605690175257], [0.39520763723845004, 0.21358535886752592, 0.13702046655408065, 0.2541865373399435], [0.2735111328007172, 0.22121925757505853, 0.2902609579650962, 0.21500865165912816], [0.1741536759908811, 0.554596831503407, 0.08915287235037278, 0.18209662015533917], [0.194081143687256, 0.38398893967813075, 0.12271694110977076, 0.29921297552484255], [0.2862499722401812, 0.22306260674431602, 0.1696215664412086, 0.32106585457429415], [0.30348571966745225, 0.1305580768493559, 0.1230642169635251, 0.44289198651966666], [0.15386690792234414, 0.24547903504370336, 0.12951708327530223, 0.47113697375865027], [0.29751752360042744, 0.19183690952877025, 0.19242766820736376, 0.3182178986634387], [0.20740167749248117, 0.19578151401933094, 0.2344142915419006, 0.36240251694628745], [0.21751918427352743, 0.2877252051556136, 0.21984401573250617, 0.2749115948383528], [0.3837097649331923, 0.09298453995421553, 0.15723224476680148, 0.36607345034579064], [0.11367030687744187, 0.4328301421157278, 0.17326476747379185, 0.2802347835330385], [0.4944729041385223, 0.2353031989456636, 0.12609263058585826, 0.14413126632995604], [0.21260838476876998, 0.282900154275075, 0.21230118420519364, 0.2921902767509614], [0.11112258008282956, 0.1999972139153535, 0.1953974799975577, 0.4934827260042592], [0.20283822702484827, 0.29814726175112277, 0.10552297609876372, 0.3934915351252652], [0.22654541000184109, 0.221753193050764, 0.21255679315383189, 0.339144603793563], [0.1464542302805233, 0.32360381859579324, 0.17997379121531185, 0.3499681599083716], [0.5162085333956067, 0.14881604398775228, 0.10960394887606784, 0.22537147374057312], [0.06470989162570151, 0.4722369255818362, 0.17629650088292778, 0.28675668190953446], [0.25234988876047093, 0.22247088242037727, 0.11601270990525865, 0.40916651891389305], [0.17615403903867624, 0.2419421281727076, 0.11154341816936619, 0.47036041461925004], [0.16755113043289227, 0.32493412230989493, 0.16948105352572412, 0.3380336937314885], [0.19789506995552844, 0.41398660029180784, 0.08871313737777695, 0.29940519237488683], [0.27289908514271244, 0.4264446437776277, 0.11100311992323789, 0.189653151156422], [0.15494483665331515, 0.5377862447150431, 0.1609960973715855, 0.14627282126005628], [0.19628936412839812, 0.2871946875993947, 0.18304468863499251, 0.33347125963721475], [0.15986374995484806, 0.08289950547212317, 0.2804914348002265, 0.47674530977280244], [0.2196163406230697, 0.3706473748101145, 0.13355454907269418, 0.2761817354941218], [0.528940682973465, 0.2040825635431672, 0.06777435757623583, 0.19920239590713207], [0.14970568975477244, 0.428899069810571, 0.21315437088955863, 0.20824086954509788], [0.24561932334289585, 0.358933594643638, 0.13499439105763292, 0.26045269095583345], [0.2807393105217888, 0.15930177837868434, 0.12560037751248104, 0.4343585335870459], [0.11126046329407428, 0.5414407248104781, 0.08137435110792138, 0.2659244607875262], [0.13946701850064602, 0.6316712128998487, 0.09006535565611568, 0.1387964129433896], [0.39047416535227725, 0.27605208969913986, 0.09119792165143832, 0.24227582329714453], [0.2560066590678957, 0.15355475622788703, 0.39029523839451463, 0.2001433463097026], [0.12742534502560726, 0.3556564521593177, 0.302496636009997, 0.21442156680507815], [0.370916091628737, 0.16095664147175268, 0.24717477454413328, 0.22095249235537728], [0.0997157975923301, 0.43765035265827307, 0.11982098315924972, 0.34281286659014704], [0.27699786420715855, 0.32906084762139, 0.1349197670776536, 0.2590215210937978], [0.22869536492858428, 0.2871980027532192, 0.27544941021439034, 0.20865722210380622], [0.2111587287477064, 0.3659463057765463, 0.1308727398655577, 0.2920222256101896], [0.13298256572092423, 0.2788827122188185, 0.12177552764565316, 0.466359194414604], [0.21129554262368416, 0.3835023033331171, 0.18484803202504949, 0.22035412201814936], [0.2545739386956791, 0.14947457517830062, 0.11804142052801321, 0.47791006559800714], [0.3038979812816222, 0.4826054074670152, 0.05468042108690044, 0.15881619016446227], [0.34035940524881625, 0.2535562203817485, 0.09153404083270587, 0.3145503335367293], [0.3393030078945253, 0.16193979081476242, 0.09829487174575728, 0.40046232954495514], [0.13266057739400355, 0.3405937127109462, 0.09536265168505725, 0.4313830582099929], [0.10440029887572924, 0.5564907111700526, 0.14901585467601236, 0.19009313527820598], [0.12647999123742132, 0.21884347074883723, 0.1372940085970899, 0.5173825294166516], [0.1563912939283348, 0.2327127652288107, 0.4178731545268496, 0.19302278631600486], [0.20071154265207405, 0.15724040571387027, 0.14277148261160877, 0.499276569022447], [0.20997924262547335, 0.388713424807367, 0.11236858507497237, 0.28893874749218723], [0.17426795703283823, 0.21210515710386493, 0.41829756102792953, 0.1953293248353672], [0.08143731649784695, 0.20430061586403325, 0.1296090823310922, 0.5846529853070277], [0.4751634127123635, 0.17015094713058102, 0.0900964076499569, 0.2645892325070985], [0.20952255042875825, 0.3957555240811649, 0.19155359109189649, 0.20316833439818016], [0.1863606127699998, 0.5886565285425871, 0.047631026166668006, 0.17735183252074513], [0.12183401027924008, 0.5908506989407017, 0.08043717465857653, 0.20687811612148171], [0.1683634431288162, 0.39410254314372695, 0.10070785441767495, 0.3368261593097819], [0.24124961875724804, 0.40508125384304156, 0.16059324150961732, 0.19307588589009314], [0.32418392612259966, 0.2166355666947612, 0.1508950052117176, 0.3082855019709215], [0.19455384995454167, 0.44992869482401526, 0.1133566529222242, 0.2421608022992188], [0.2228846225856111, 0.3383370635449957, 0.16238213557739517, 0.27639617829199803], [0.27107788031979385, 0.31399395901027777, 0.10432490529718418, 0.31060325537274425], [0.18145696878630488, 0.3783826228201925, 0.11686974288525047, 0.3232906655082523], [0.1318054414723583, 0.33602180706156476, 0.16525222634148004, 0.3669205251245971], [0.31623243996811634, 0.14501636781077076, 0.342859577251041, 0.19589161497007174], [0.19736990784683364, 0.3201771156015983, 0.17419702959789887, 0.3082559469536693], [0.11664495094286474, 0.5063011739398272, 0.1842584523981804, 0.19279542271912764], [0.23962307539566022, 0.09346074940674926, 0.16890614468823886, 0.4980100305093517], [0.26659906730625416, 0.35028388412383077, 0.10042252990734916, 0.28269451866256606], [0.2703647525988019, 0.20180429246333856, 0.13687959080146242, 0.3909513641363971], [0.14109998900836498, 0.257916492640341, 0.12872913318484694, 0.4722543851664469], [0.10804037712625811, 0.40918562671170344, 0.09193653035476225, 0.3908374658072761], [0.11520328628606345, 0.5047527777109128, 0.1658608798378962, 0.2141830561651277], [0.1862341584461307, 0.40912173742928193, 0.17240038406052105, 0.23224372006406624], [0.18794898594269754, 0.3397127381725212, 0.1804822745598178, 0.2918560013249637], [0.16603568736047683, 0.1397478380273014, 0.5017619983054781, 0.19245447630674364], [0.15703591981159212, 0.2910183368601916, 0.2506998322471313, 0.3012459110810851], [0.27138868828076745, 0.3680244334163034, 0.09430523173560867, 0.2662816465673204], [0.19367134012744885, 0.30873043788350446, 0.17975449468998955, 0.31784372729905713], [0.15950411503559095, 0.16565364356637452, 0.2076980015576585, 0.46714423984037623], [0.1948113383474738, 0.22660432845673936, 0.09826806230578768, 0.4803162708899992], [0.22616074472684758, 0.302555191695508, 0.126919474545014, 0.34436458903263045], [0.21625659048076046, 0.4327853445344253, 0.09482264131308803, 0.2561354236717262]]}, "rewritten": {"ids": ["97105760", "97109080", "97113900", "97116500", "98106880", "98107340", "98109230", "98110710", "98110810", "98111670", "98116500", "98116940", "98117740", "98119591", "98120530", "99108080", "99108310", "99108460", "99108710", "99111930", "99116500", "100109360", "100109801", "101108621", "101110200", "101111140", "101111210", "101111990", "101112201", "101113210", "101115190", "101121640", "102108621", "102109010", "102110500", "102110750", "102112030", "102112170", "103109791", "103110760", "103111170", "103111540", "103112470", "103112641", "103113170", "103113270", "103117461", "103118110", "103120340", "104109311", "104112470", "104113210", "104113380", "104114240", "104117200", "104117630", "105110091", "105112240", "105113210", "105115250", "105115680", "105116090", "105117431", "106115240", "106118820", "106121190", "107112850", "107114490", "107114780", "107116980", "107118120", "107118490", "107118520", "107118820", "107119130", "108113480", "108113760", "108118630", "108118810", "108119510", "108119550", "108121190", "108121351", "109114030", "109115220", "109116750", "109117080", "109117150", "109118231", "109118820", "109119460", "109119591", "109120621", "110113931", "110114561", "110114651", "110115120", "110116300", "110117110", "110118450", "110118810", "110120700", "110121720", "111114941", "111116090", "111116290", "111116990", "111117200", "111118910", "111119150", "111119250", "111119340", "111119610", "111120220", "111121351", "112117030", "112117210", "112117461", "112117571", "112117660", "112118421", "112118471", "112118530", "112118581", "112118620", "112119450", "112119930", "112119980", "112121360", "113117630", "113118231", "113118421", "113118511", "113119480", "113119700", "113120070", "113120531", "113120601", "113121190", "113122180", "113122220", "113122430"], "labels": [0, 2, 2, 2, 0, 0, 1, 2, 1, 1, 2, 2, 2, 1, 1, 3, 2, 0, 2, 1, 2, 0, 0, 0, 2, 2, 2, 2, 0, 3, 1, 2, 3, 1, 3, 1, 2, 3, 3, 1, 2, 1, 1, 3, 3, 2, 0, 2, 1, 3, 1, 3, 1, 0, 3, 0, 0, 1, 3, 2, 2, 1, 1, 1, 3, 2, 1, 3, 2, 3, 3, 2, 2, 3, 1, 0, 1, 1, 1, 1, 1, 1, 3, 1, 3, 0, 1, 2, 1, 3, 1, 0, 1, 1, 0, 3, 0, 3, 0, 0, 1, 2, 3, 0, 3, 2, 0, 0, 0, 3, 1, 3, 2, 3, 0, 2, 1, 0, 3, 0, 3, 1, 1, 1, 3, 3, 1, 0, 3, 0, 3, 3, 1, 3, 0, 2, 0, 2, 1, 2, 1, 2], "predicted_labels": [3, 3, 1, 1, 2, 3, 1, 1, 1, 1, 1, 3, 1, 1, 3, 3, 1, 1, 3, 0, 3, 3, 0, 1, 1, 3, 0, 3, 3, 3, 1, 3, 3, 0, 0, 0, 1, 3, 3, 1, 3, 0, 3, 3, 3, 1, 1, 0, 1, 3, 1, 3, 2, 1, 3, 0, 3, 1, 0, 3, 1, 3, 3, 1, 3, 0, 1, 3, 0, 1, 3, 3, 1, 0, 0, 1, 2, 3, 3, 3, 0, 2, 3, 3, 3, 1, 1, 1, 1, 2, 0, 2, 3, 3, 1, 3, 0, 3, 2, 3, 3, 1, 1, 3, 1, 1, 1, 0, 0, 0, 1, 1, 1, 1, 1, 3, 1, 0, 1, 3, 0, 1, 1, 1, 3, 1, 1, 1, 1, 2, 0, 3, 1, 3, 1, 1, 0, 1, 1, 3, 3, 3], "confidence_scores": [[0.32159319913935114, 0.19127817837691824, 0.1634137681347674, 0.32371485434896324], [0.12843219853599783, 0.32845068145949596, 0.19473276004977727, 0.34838435995472894], [0.19302831444718735, 0.3527452917470945, 0.1932899038633625, 0.26093648994235574], [0.2718518965415211, 0.3960651007552949, 0.16402410614265442, 0.16805889656052972], [0.13579175820625766, 0.20799434723783103, 0.4152216176195239, 0.24099227693638745], [0.24077325217791148, 0.19467910379094358, 0.18462936842728234, 0.37991827560386254], [0.23320045051962007, 0.44477247012624777, 0.11097441630726344, 0.21105266304686862], [0.2143342162104765, 0.3967176127416436, 0.10571320793973439, 0.2832349631081456], [0.28299081722151553, 0.46992424302134894, 0.13281278765382823, 0.11427215210330753], [0.14238215618919117, 0.35247216464897463, 0.19255631100293297, 0.3125893681589015], [0.18212711063706222, 0.5010687986419733, 0.11848368569554991, 0.19832040502541468], [0.19643011030412416, 0.29035707615006984, 0.21098678589467432, 0.30222602765113177], [0.1363483112130588, 0.33594483975603523, 0.1995030927675529, 0.3282037562633532], [0.27135588311223635, 0.3194676202558637, 0.1886247446066748, 0.2205517520252252], [0.21079296240651865, 0.3276975498256863, 0.11848750089869317, 0.34302198686910196], [0.21282035323856835, 0.2698394119536386, 0.1673989593629574, 0.34994127544483555], [0.1432216442568088, 0.4949659432133859, 0.06685876952661515, 0.2949536430031901], [0.1533571648245837, 0.4097634487129615, 0.11235363591483166, 0.3245257505476233], [0.09167801238935093, 0.28442600483722036, 0.12939953781832264, 0.4944964449551062], [0.37056360361952434, 0.25064828741913514, 0.22935642969813158, 0.1494316792632089], [0.09338112150796482, 0.15280110456154833, 0.2660790760470023, 0.4877386978834844], [0.10782431047684558, 0.18728644085185758, 0.14892762636829526, 0.5559616223030016], [0.5115396664334516, 0.29789339041927876, 0.05944787544446031, 0.1311190677028094], [0.26393345526000006, 0.3278724804475986, 0.1789636772037638, 0.22923038708863752], [0.22797101927579713, 0.3666590916169414, 0.18169721418490214, 0.22367267492235932], [0.28288570654359435, 0.14662285887619858, 0.1579591772738966, 0.4125322573063105], [0.519985217844055, 0.0642489074888817, 0.10484288466017726, 0.3109229900068858], [0.15582195958864511, 0.31158216820524987, 0.08075916499764507, 0.4518367072084599], [0.16029378353722615, 0.21861002543056238, 0.08715116771619874, 0.5339450233160128], [0.188283740435498, 0.20994420910569128, 0.1377388120234864, 0.46403323843532435], [0.08692609881944621, 0.483340497177237, 0.09854261457744222, 0.33119078942587465], [0.23685890496573864, 0.3116267096945554, 0.13171678180962795, 0.31979760353007786], [0.07233893152176069, 0.3708762312933296, 0.05263031541013963, 0.5041545217747702], [0.4639676781819242, 0.12479575480863854, 0.13845864131022073, 0.2727779256992166], [0.2929050093243924, 0.19694102293233812, 0.2663139033594735, 0.24384006438379596], [0.3168843877751703, 0.2480531722530436, 0.17468986253347707, 0.26037257743830894], [0.18612861649785953, 0.44442846642997225, 0.12019324434022113, 0.2492496727319472], [0.32208068505770976, 0.1829288869185723, 0.15052840407159118, 0.3444620239521269], [0.2054101762925787, 0.2653392683894626, 0.1662725875048521, 0.36297796781310665], [0.33130401737681536, 0.33741267923905155, 0.1046170890995173, 0.2266662142846158], [0.18457989758167487, 0.27726575224210764, 0.24490040705519675, 0.2932539431210208], [0.4625200917839843, 0.18617190679887718, 0.18375049750740652, 0.16755750390973195], [0.18817883398241417, 0.2529513654579564, 0.1802392163360416, 0.3786305842235879], [0.20305730721390305, 0.1694930557505678, 0.228518817206094, 0.39893081982943523], [0.14121650991136453, 0.3437195484636839, 0.13844277349097722, 0.3766211681339743], [0.2040476205837315, 0.33420249499911253, 0.22009711590146813, 0.24165276851568787], [0.1682154223768634, 0.41221721025467595, 0.12131801786768957, 0.2982493495007712], [0.3895286192352424, 0.21890733366971857, 0.1340741468572541, 0.257489900237785], [0.20200294706553892, 0.3045103154823791, 0.2109026914116505, 0.28258404604043147], [0.2217008228322052, 0.27487211232683617, 0.13710560018154866, 0.36632146465941023], [0.15816116200382274, 0.3725223041463628, 0.15046857508615552, 0.31884795876365907], [0.17562383629362116, 0.06818109358247643, 0.28459031127551543, 0.47160475884838693], [0.23798343386635132, 0.20837772067119062, 0.2815186570115691, 0.272120188450889], [0.1572863531731388, 0.5188907503479776, 0.06533139200585356, 0.25849150447303015], [0.15603283697239273, 0.2686790209700945, 0.0749720236289842, 0.5003161184285286], [0.30449618063280554, 0.2545315401018987, 0.24038581981322757, 0.20058645945206827], [0.141002492503184, 0.1354229840089217, 0.1879087554035351, 0.5356657680843591], [0.23343938480191562, 0.3501067549296788, 0.1097018033813957, 0.30675205688700985], [0.5253376687740715, 0.1578591124350846, 0.0975221147311274, 0.2192811040597164], [0.23025028920287824, 0.2496225019523664, 0.2064358329187873, 0.313691375925968], [0.11742889366687234, 0.40786021645393156, 0.3217254355852968, 0.1529854542938993], [0.12293353522358183, 0.342809874021681, 0.12051613597485589, 0.41374045477988136], [0.15288601297429336, 0.3252053183329721, 0.10595226932967337, 0.4159563993630613], [0.2767410108732791, 0.3662481298581094, 0.12038833605080031, 0.2366225232178113], [0.14079725106990057, 0.2924275474141298, 0.15011440166065418, 0.4166607998553156], [0.33065752139783033, 0.28185178051974286, 0.08998498844508644, 0.2975057096373404], [0.17507670589178853, 0.3272057390427592, 0.2010388283155762, 0.29667872674987616], [0.11706860036203996, 0.1075884080238762, 0.10906651021826222, 0.6662764813958217], [0.3626510474486091, 0.25881447547978187, 0.129396850956309, 0.24913762611530024], [0.30321371175893663, 0.3571409552036028, 0.11500898871275063, 0.22463634432471], [0.26364140443292844, 0.2971658570109243, 0.1182776097634287, 0.3209151287927186], [0.11096355686931166, 0.30873598828611365, 0.14839469823133256, 0.43190575661324204], [0.12183714172893549, 0.5368197055712904, 0.0704780773501239, 0.2708650753496501], [0.3775747633622653, 0.18015994424242965, 0.16824102698097623, 0.2740242654143289], [0.4452052371740772, 0.22201342467126522, 0.07403449270309445, 0.2587468454515632], [0.1272462716718249, 0.6387424743411783, 0.08472003574341327, 0.14929121824358355], [0.17349123738852787, 0.18093355188062316, 0.3997217071520798, 0.24585350357876923], [0.1904741841059527, 0.20086477429933108, 0.11008297860749258, 0.4985780629872237], [0.2940377366248138, 0.2026295855242959, 0.09045814891068794, 0.4128745289402022], [0.16314371827725116, 0.20982713502763348, 0.17880723932735915, 0.44822190736775624], [0.28873419181977844, 0.23949082825786872, 0.18787070750251567, 0.2839042724198372], [0.22106174040444965, 0.2659959170495218, 0.2914744694354095, 0.2214678731106189], [0.17938400085123513, 0.3385428094511347, 0.0793766303911592, 0.4026965593064711], [0.25359165993610494, 0.10423819612178081, 0.27667357758339106, 0.36549656635872335], [0.2850913262131171, 0.24835299034840458, 0.10269205373305468, 0.3638636297054238], [0.17896428755334506, 0.3719613653891124, 0.23865124032009344, 0.21042310673744932], [0.11149192216603504, 0.3089866243413648, 0.28154304436379607, 0.29797840912880397], [0.3043329977251702, 0.38988180256656985, 0.21293334087337545, 0.09285185883488424], [0.28145687323939933, 0.333818563588385, 0.11661173623829499, 0.26811282693392074], [0.12223181390994405, 0.2923205965880221, 0.3971968813720387, 0.188250708129995], [0.3401855079982864, 0.3119172406591386, 0.14764947825478958, 0.20024777308778544], [0.08305849167332972, 0.09122967691615046, 0.621629289285337, 0.20408254212518284], [0.2676909049471913, 0.21088114502164432, 0.09493440028534092, 0.4264935497458235], [0.17786922103716488, 0.25321966989663086, 0.10114233402794379, 0.4677687750382606], [0.19958576088411253, 0.5663521094288353, 0.07004927876029915, 0.16401285092675316], [0.2889626376528954, 0.2500774211262166, 0.11413134474458295, 0.3468285964763051], [0.6122281445228978, 0.11412819476594262, 0.10939758566187728, 0.16424607504928238], [0.2517312466087672, 0.22388872066970666, 0.11065194744226822, 0.4137280852792579], [0.14540012085017634, 0.3484518261593679, 0.3761065161213799, 0.13004153686907569], [0.16256718251240015, 0.3387148705801781, 0.15143167698824112, 0.3472862699191806], [0.2153681678181713, 0.3050317061465173, 0.13695295013979875, 0.34264717589551263], [0.261929936190534, 0.3339037378456431, 0.12830484707377238, 0.2758614788900506], [0.2251298707084696, 0.33589500967535285, 0.1287003422691682, 0.3102747773470093], [0.2199611883798246, 0.2538063318302006, 0.10873406788478855, 0.41749841190518616], [0.22661022628520944, 0.3286054598179663, 0.1626391829257128, 0.28214513097111166], [0.2618046202382557, 0.4967883936532182, 0.10326803682302836, 0.138138949285498], [0.26613723342895224, 0.37632906356103, 0.1530035673448963, 0.20453013566512143], [0.5896400494626509, 0.14323793172264188, 0.0821413847271809, 0.18498063408752627], [0.35211119170574673, 0.2704607876282008, 0.13692935562632894, 0.2404986650397235], [0.3100596637092216, 0.1832875255941627, 0.230622467795983, 0.27603034290063255], [0.1254049310475929, 0.435543289189087, 0.11289354215313008, 0.32615823761018997], [0.2781625144101999, 0.34405285420686266, 0.1058874244214084, 0.2718972069615291], [0.11774105280583612, 0.3821613848307202, 0.3487268908544486, 0.1513706715089953], [0.19580461729982335, 0.4730143830162504, 0.150911508031155, 0.18026949165277129], [0.1681686660538261, 0.5929085329114167, 0.09307069391018256, 0.14585210712457472], [0.12626985520517883, 0.3016752649259787, 0.0994075464195132, 0.4726473334493294], [0.17201304289859531, 0.46269130536411207, 0.1677719443083567, 0.1975237074289357], [0.31653210429962136, 0.30741825092338837, 0.12101506359911393, 0.2550345811778764], [0.20909092875376495, 0.3311952057641299, 0.15708931811056745, 0.3026245473715378], [0.1645037292338242, 0.3409476989631716, 0.14856051873028425, 0.3459880530727199], [0.3044808674125217, 0.26146017045816033, 0.20318708327534654, 0.23087187885397142], [0.19286749032779138, 0.46018941348487097, 0.13126470520524472, 0.21567839098209296], [0.18587245025766844, 0.5904585875535744, 0.09634563585063072, 0.12732332633812657], [0.0554319462942353, 0.4092492613777222, 0.20742737353657614, 0.32789141879146655], [0.2558517976466817, 0.29058173133742227, 0.0668039514698227, 0.3867625195460731], [0.27328980021412597, 0.4527234357282891, 0.10545415611785171, 0.16853260793973307], [0.11436909854054673, 0.3921978954911959, 0.16687799957411223, 0.32655500639414503], [0.12580686189627244, 0.45658596364838877, 0.1105029141873144, 0.3071042602680244], [0.27621867855740695, 0.5446086955259852, 0.07684566233921528, 0.1023269635773925], [0.1587871018846782, 0.16128514439442282, 0.5273311818005357, 0.15259657192036338], [0.5309035752930883, 0.1385967845470824, 0.15660658888899015, 0.17389305127083918], [0.28887660674062626, 0.26155936435408617, 0.11281774026235478, 0.33674628864293277], [0.115885075163061, 0.6205819842389457, 0.10311353726850386, 0.16041940332948942], [0.20995800248608104, 0.271901090964232, 0.09435482606778553, 0.42378608048190153], [0.06508592996183564, 0.53783989637079, 0.20580637281139275, 0.19126780085598152], [0.24400913105914285, 0.37609284489609207, 0.06994422122600574, 0.3099538028187593], [0.612271197655961, 0.0994315035717226, 0.0368571194476259, 0.2514401793246903], [0.2107942675070318, 0.30375895799823743, 0.19670980787249312, 0.2887369666222378], [0.31073172557939827, 0.3713895758770534, 0.07018483186952729, 0.2476938666740211], [0.14292002228873954, 0.10587183975708622, 0.36527233087188826, 0.385935807082286], [0.15945515236855817, 0.3000696190397905, 0.19123856395166258, 0.34923666463998876], [0.09248401731120673, 0.24222027418213013, 0.14979669210501625, 0.5154990164016469]]}}