{"test": {"ids": ["111120190", "113122510", "103109021", "103111930", "105115900", "99112840", "112118860", "110120531", "104113210", "97107920", "103113210", "99108710", "105113170", "108114200", "103120290", "100108080", "110116441", "98109570", "111118910", "112119580", "112116810", "112118471", "113120260", "101111310", "98111231", "103120340", "107121540", "113122120", "102110500", "99109910", "111115910", "108121351", "98116500", "112116540", "109117630", "111115770", "113122160", "107113130", "106112770", "110115250", "108120700", "98106880", "106116640", "101108500", "111115620", "109114651", "111116170", "111116411", "102110240", "97107950", "112118930", "100113210", "113121680", "103111830", "98109311", "100116500", "110120640", "107120260", "97105960", "105113330", "111117120", "103109641", "107119130", "104113240", "110114720", "111114171", "105116441", "99112641", "113118231", "113121220", "110121500", "97107260", "111121220", "108113740", "109116930", "100108990", "113117550", "111120320", "110117080", "98112580", "111115400", "98106680", "113119120", "102110890", "106115240", "108118630", "102113350", "99108460", "105116860", "99111340", "110115710", "111119250", "107112850", "97112170", "103118291", "107121700", "108113760", "108119550", "98120530", "112120670", "98116090", "112119120", "112117471", "112119610", "100108520", "103113101", "109120621", "100111620", "99107500", "107114621", "111117480", "111116530", "98109090", "110116300", "106118520", "100109311", "101108460", "112121430", "101111210", "109117431", "107121640", "100108490", "112119450", "111120531", "109115220", "98113881", "113120280", "99120010", "98109230", "99108010", "109115380", "98121790", "104117200", "98108970", "104117630", "97116800", "110120540", "107118780", "112118161", "109116170", "99107950", "110121170"], "labels": [3, 2, 0, 3, 3, 2, 3, 0, 3, 0, 3, 2, 0, 0, 2, 0, 3, 1, 0, 3, 3, 1, 3, 3, 1, 1, 2, 1, 3, 2, 2, 3, 2, 1, 0, 3, 3, 1, 1, 1, 2, 0, 3, 3, 1, 3, 0, 0, 3, 2, 1, 0, 1, 3, 1, 2, 0, 1, 2, 3, 2, 1, 1, 2, 3, 3, 1, 1, 3, 3, 3, 2, 3, 3, 0, 2, 3, 1, 1, 2, 0, 1, 3, 0, 1, 1, 3, 0, 2, 1, 2, 1, 1, 0, 0, 3, 1, 1, 1, 2, 0, 1, 3, 0, 2, 3, 1, 3, 0, 0, 1, 3, 1, 3, 2, 1, 0, 2, 2, 1, 1, 2, 3, 0, 3, 3, 0, 2, 1, 2, 3, 2, 3, 3, 0, 0, 1, 1, 0, 0, 1, 2], "predicted_labels": [3, 3, 0, 0, 3, 3, 2, 0, 3, 0, 2, 1, 3, 1, 1, 2, 3, 0, 3, 0, 2, 1, 0, 2, 1, 1, 2, 2, 3, 2, 1, 3, 3, 1, 0, 3, 3, 1, 1, 1, 0, 1, 1, 2, 0, 1, 3, 3, 0, 2, 0, 1, 0, 2, 1, 2, 0, 0, 0, 1, 1, 3, 3, 1, 1, 3, 1, 3, 3, 3, 0, 2, 3, 0, 1, 1, 3, 0, 3, 3, 1, 2, 0, 0, 0, 3, 3, 3, 1, 2, 0, 0, 0, 3, 0, 3, 1, 2, 3, 1, 1, 0, 3, 1, 2, 3, 3, 2, 1, 3, 1, 0, 3, 1, 2, 0, 3, 3, 3, 3, 2, 2, 0, 0, 0, 1, 0, 1, 2, 1, 1, 2, 1, 1, 1, 0, 2, 1, 0, 3, 1, 0], "confidence_scores": [[0.33403308777653523, 0.000549393064133315, 0.005181789434854755, 0.6602357297244767], [0.0014237319172451808, 0.01474834547901157, 0.42543625358647846, 0.5583916690172649], [0.9995087839956506, 1.616215068336589e-05, 5.57813452582489e-05, 0.0004192725084078377], [0.715268849946341, 0.2246479356074504, 0.04935290579295451, 0.010730308653254002], [0.444786985120147, 0.012031563679584432, 0.07170026577173569, 0.4714811854285329], [0.01010939748254927, 0.006515821556141986, 0.3290435438791773, 0.6543312370821314], [0.061269017084078725, 0.030003504722275837, 0.7587930318485524, 0.14993444634509295], [0.9921239261965923, 0.005760473683698168, 0.0001643890713981661, 0.0019512110483113267], [0.4738059214768511, 0.0010628205155671173, 0.02112014973609591, 0.5040111082714859], [0.8986832519789305, 0.00041508913959361694, 0.0008375413063982447, 0.10006411757507763], [0.0002371682525100376, 0.22093542314896758, 0.3994554964707749, 0.37937191212774757], [0.0026239722176288503, 0.9942203230028152, 0.0030286569528529166, 0.00012704782670308452], [0.002099231513453525, 0.20552614197271327, 0.002526773300352093, 0.7898478532134812], [0.0007387445790559239, 0.9626349314969684, 0.032081670946654, 0.004544652977321644], [0.05595673966282889, 0.8696781788287135, 0.007436888768793088, 0.06692819273966465], [0.0019219860776961614, 0.015596446110587307, 0.702246349618442, 0.28023521819327457], [0.0006128866689458569, 0.06862202888433268, 0.03470434654833356, 0.8960607378983878], [0.9950693616885296, 0.0005601625716753244, 0.00020603863027768274, 0.0041644371095175365], [0.014743900759195194, 0.19195610972972743, 0.075637037512738, 0.7176629519983394], [0.9997516726770321, 1.5920263432731437e-06, 1.0627979584286862e-05, 0.00023610731704016042], [0.10289144594580776, 0.1120784082281795, 0.7035667412718642, 0.08146340455414858], [0.01167934509812859, 0.9704635246117713, 0.017621669555579905, 0.00023546073452011446], [0.7675608664500525, 0.006687417477106217, 0.19702414744268137, 0.028727568630159833], [0.046271799423822035, 0.06280420819657197, 0.8558266828697371, 0.035097309509868856], [0.06590454390943219, 0.6943588106767541, 0.16279702686715114, 0.07693961854666273], [0.06501258441548984, 0.8572439000269634, 0.03976677186224107, 0.03797674369530566], [0.004134480871493955, 0.15928566487239598, 0.8337576399747973, 0.002822214281312773], [0.16761826726097215, 0.3493469929135883, 0.4467172121303256, 0.03631752769511397], [0.04008855862661321, 2.0390176782888007e-05, 0.0006797316330195647, 0.9592113195635844], [0.27581617038537926, 0.08877750288819876, 0.6140843638962254, 0.02132196283019653], [8.016511164094648e-06, 0.9996236527383341, 1.4112492735341054e-05, 0.0003542182577665005], [0.06818510463666372, 0.026266422915052358, 0.0010198739638852471, 0.9045285984843987], [0.023766558763608614, 0.00024531797648336747, 0.003681926891773141, 0.9723061963681348], [0.00018266679077124894, 0.9835549617468857, 0.0007665613701223457, 0.015495810092220647], [0.5066562766142253, 0.4772126230615382, 0.0017094712464704124, 0.014421629077765986], [0.43942749044477136, 0.07448793708780571, 0.001364277779542971, 0.48472029468787986], [0.01174390976586701, 0.009087607247372974, 0.0007076701347622765, 0.9784608128519977], [0.3323508581010499, 0.46102214987079326, 0.07856170745478677, 0.1280652845733701], [0.03726965399467124, 0.7296024262215788, 0.2045736991642404, 0.028554220619509477], [0.046312205015088176, 0.9489222797797447, 0.0018973553809414703, 0.002868159824225796], [0.9195925597637729, 0.0013879778105366407, 0.007014931111591569, 0.07200453131409887], [0.08547296892155985, 0.5678880355284882, 0.28731761389555155, 0.05932138165440043], [0.27403776743948416, 0.37977416507337575, 0.017941105831462672, 0.3282469616556774], [6.043619654285747e-05, 0.00013159087534353535, 0.9633071471540585, 0.03650082577405506], [0.8131794660033761, 0.0019105469573499553, 0.09744491063775311, 0.08746507640152075], [0.024254145470088518, 0.9586651528679224, 0.002501763902110833, 0.014578937759878318], [0.004129130096144255, 0.05161804482402908, 0.0009799031867173153, 0.9432729218931094], [0.1822177587892325, 0.0008044418115812743, 0.010850479026756793, 0.8061273203724295], [0.6244489505798769, 0.07866125296691799, 0.0021129730145813064, 0.29477682343862377], [0.0017066694577558845, 7.042924066730573e-06, 0.9745323358987268, 0.02375395171945061], [0.6927615281640722, 0.03843672274386159, 0.005876568922972059, 0.262925180169094], [0.11913827369054436, 0.6210786168556878, 0.009002301115808855, 0.25078080833795896], [0.34377456407434565, 0.3410494021278355, 0.22845882762041123, 0.08671720617740765], [0.2599798247052558, 0.10923798339199313, 0.5008139156541844, 0.12996827624856658], [0.022202370916356424, 0.9495639291826559, 0.010094363819859939, 0.01813933608112781], [0.49308172035965464, 0.00013471107770347002, 0.504411845588779, 0.0023717229738629032], [0.991272198030142, 0.00019835310233868087, 0.0001944452412032497, 0.00833500362631595], [0.9228836953149093, 0.001987908941648045, 0.05921293441375086, 0.015915461329691846], [0.8295646999741081, 0.02060736307679816, 0.06918060240745155, 0.08064733454164222], [0.03951499140842027, 0.8486981784316604, 0.0011807298240711214, 0.1106061003358482], [0.07279487435634495, 0.917658222072349, 0.003647735877567487, 0.005899167693738496], [0.0007471077324549669, 0.015049828297362016, 0.022192954006682013, 0.9620101099635011], [0.0018450141857170078, 0.022811443517620104, 0.006652492592697306, 0.9686910497039657], [0.0003772420331718535, 0.9992725359601543, 0.00034204073467238255, 8.181272001487189e-06], [0.009605104526453337, 0.5536500002878769, 0.24163180314285132, 0.19511309204281838], [0.12810929225222506, 0.14772368614694772, 0.01645074770783387, 0.7077162738929933], [0.06256312942408765, 0.9185118084891154, 0.004119264400180319, 0.014805797686616618], [0.025626395360220506, 0.03514315254861344, 0.03101742227479955, 0.9082130298163665], [0.11007757063206579, 0.26812698377542665, 0.2207660417604331, 0.40102940383207447], [0.26466235879640654, 0.0090771468697517, 0.24098776556409032, 0.4852727287697513], [0.8368149674716032, 0.04661108023355093, 0.0011708275946075062, 0.11540312470023834], [0.06925948404027375, 0.17081972113814567, 0.7437787968883446, 0.016141997933235973], [0.03871358933804938, 0.07465578407945084, 0.03932885918045899, 0.8473017674020408], [0.9634765538764569, 0.003593087202514238, 0.0025157293258614493, 0.030414629595167535], [0.013229386793540358, 0.982400936628947, 0.0008298676995326601, 0.0035398088779800335], [0.04203250128178396, 0.8569407770309808, 0.016917091975146382, 0.0841096297120888], [0.005729043102018423, 0.0003004632128031046, 0.020359192671887773, 0.9736113010132907], [0.7548272101297291, 0.09791510381795562, 0.09371851244482174, 0.053539173607493565], [0.0002958280697497484, 0.05721109890389607, 0.008518053003934208, 0.9339750200224199], [0.19256185787542, 0.05628587315337384, 0.3139519620793375, 0.43720030689186873], [0.10613824959985717, 0.8210643031961194, 0.0017774897768383447, 0.07101995742718513], [0.06997413227766146, 0.09167499938205176, 0.5745213902561596, 0.2638294780841273], [0.6335128334173448, 0.03866868312970355, 0.037303618853579516, 0.29051486459937215], [0.9755262358764268, 0.007370193412572975, 0.0023922805306857164, 0.014711290180314387], [0.5657041345337975, 0.4255268644540178, 0.003675658493843288, 0.00509334251834132], [0.00019764341345890454, 0.000868070106749752, 0.028783379428113084, 0.9701509070516782], [0.04394592023823916, 0.014649744954183783, 0.052368007024869885, 0.8890363277827071], [6.942744317634506e-06, 0.004502653526285581, 0.002465180509360054, 0.9930252232200366], [0.10089668319640789, 0.7408737421015065, 0.15712257155812095, 0.0011070031439645502], [0.0015297724723874737, 0.05405857892748028, 0.8786543659821625, 0.06575728261796965], [0.8113454537596732, 0.012062351702398525, 0.11523663630361224, 0.061355558234316224], [0.7928744014127723, 0.006720016773170486, 0.05238165996426592, 0.1480239218497912], [0.5563628864658191, 0.43181775473454026, 0.008352825027061217, 0.003466533772579499], [0.0059943273503971954, 0.025595702233210105, 0.0013839467625272122, 0.9670260236538655], [0.5175613867229405, 0.3368005300708649, 0.1392680754010162, 0.006370007805178454], [0.023581048749429998, 0.21160365408417992, 0.1817839225186542, 0.5830313746477359], [0.03610309495171111, 0.6550471493343948, 0.29464125132778585, 0.014208504386108298], [0.001962898809613806, 0.2746165420631192, 0.721143722135141, 0.0022768369921259586], [0.003666099628056029, 0.12466010964668169, 0.01663299339262057, 0.8550407973326418], [0.023285765634094065, 0.9647420244934956, 0.010944822835743747, 0.0010273870366667127], [0.010029456895874925, 0.6673658511819147, 0.05662878285517317, 0.2659759090670374], [0.5749628046240965, 0.008086682303494803, 0.05622860510307143, 0.36072190796933723], [0.3705986280287913, 0.028732636094790542, 0.028596569111189848, 0.5720721667652283], [0.0004997330870481177, 0.9869869416203902, 0.007852865663051135, 0.004660459629510727], [0.026182986269832762, 0.00010200318369395978, 0.9303237855949498, 0.04339122495152364], [0.010646742325517046, 0.12477160176204209, 0.06127188374741472, 0.8033097721650261], [0.0010412936781959655, 0.0005624953500914451, 0.00026333048750364844, 0.9981328804842089], [0.001308083786203034, 0.004228510873581286, 0.7104170255182618, 0.28404637982195385], [0.0011406206442640082, 0.9919597516848386, 0.004611058386415997, 0.002288569284481384], [0.08149662402711777, 0.0007292955510907992, 1.3062292528497907e-05, 0.9177610181292628], [0.22827741454109468, 0.6322750603634201, 0.1254870483784136, 0.013960476717071638], [0.46552149046920066, 0.1982160805011224, 0.0002903009505875386, 0.33597212807908927], [0.14089890351010786, 0.039687128045484285, 0.06511037641954849, 0.7543035920248594], [0.007509846034286157, 0.9867653757693136, 0.000849911140770652, 0.004874867055629562], [0.08667741974392444, 0.09885188142908238, 0.7664087961222997, 0.0480619027046935], [0.827807399447501, 0.027926422187229738, 0.006605565720551806, 0.13766061264471738], [0.020147801727843397, 6.469926293600925e-05, 0.0030537826738215846, 0.976733716335399], [0.030532194534649882, 0.0006362189502267271, 0.172150643121975, 0.7966809433931483], [0.04995617981159346, 0.043584604927586715, 0.039422421937829424, 0.8670367933229904], [0.2697764698226848, 0.0006370556913412029, 0.003068566952927423, 0.7265179075330467], [0.0936175794039033, 0.382140952213046, 0.4892937460420196, 0.034947722341031], [0.1858522644387599, 0.018902527677954282, 0.7829574163127435, 0.012287791570542241], [0.9943514788196554, 0.0006527894871103255, 2.446313881043154e-05, 0.004971268554423897], [0.8938504618091052, 0.0003986946407623866, 4.911468001322155e-05, 0.10570172887011925], [0.6335499927611241, 0.010418368370799463, 0.051203867019630575, 0.3048277718484458], [0.10732498597066358, 0.7290442987493313, 0.15603138385201326, 0.007599331427991979], [0.9942929233132957, 6.094189484363308e-05, 7.684746894536009e-05, 0.005569287322915546], [0.002389259241459578, 0.7728763136006115, 0.045011523259773055, 0.17972290389815582], [0.003050054953629698, 0.00020145919331081616, 0.8276095379820305, 0.169138947871029], [0.24291303390089822, 0.661840184515509, 0.09385724994486377, 0.0013895316387291404], [0.05030289709061494, 0.7119179553568676, 0.03906680932409553, 0.19871233822842196], [0.18237685785087923, 0.0976152572401828, 0.7011822963140999, 0.01882558859483801], [0.0011531622851686588, 0.9569097271094402, 0.019093748466959423, 0.022843362138431834], [0.005695149270687415, 0.8350213859054463, 0.14974074155463613, 0.009542723269230413], [0.0012208160648729733, 0.8717193859361203, 0.01829615178033044, 0.10876364621867626], [0.8933155384205028, 0.016023736591054313, 0.006360302834706891, 0.08430042215373607], [0.08707792215279322, 0.21252948262160876, 0.6877737031879727, 0.012618892037625373], [0.2748158802428222, 0.7007848313321612, 0.006854530751613236, 0.017544757673403362], [0.9106795682915906, 0.0834462739705424, 0.002645476531809819, 0.003228681206057157], [0.15231334063330823, 0.07621711147627319, 0.007023762160465153, 0.7644457857299535], [0.0048906025046035004, 0.7055606946615622, 0.28774948216290214, 0.0017992206709320547], [0.5159948553683609, 0.003746736006142179, 0.16767580699883217, 0.31258260162666474]]}, "rewritten": {"ids": ["97105960", "97107260", "97107920", "97107950", "97112170", "97116800", "98106680", "98106880", "98108970", "98109090", "98109230", "98109311", "98109570", "98111231", "98112580", "98113881", "98116090", "98116500", "98120530", "98121790", "99107500", "99107950", "99108010", "99108460", "99108710", "99109910", "99111340", "99112641", "99112840", "99120010", "100108080", "100108490", "100108520", "100108990", "100109311", "100111620", "100113210", "100116500", "101108460", "101108500", "101111210", "101111310", "102110240", "102110500", "102110890", "102113350", "103109021", "103109641", "103111830", "103111930", "103113101", "103113210", "103118291", "103120290", "103120340", "104113210", "104113240", "104117200", "104117630", "105113170", "105113330", "105115900", "105116441", "105116860", "106112770", "106115240", "106116640", "106118520", "107112850", "107113130", "107114621", "107118780", "107119130", "107120260", "107121540", "107121640", "107121700", "108113740", "108113760", "108114200", "108118630", "108119550", "108120700", "108121351", "109114651", "109115220", "109115380", "109116170", "109116930", "109117431", "109117630", "109120621", "110114720", "110115250", "110115710", "110116300", "110116441", "110117080", "110120531", "110120540", "110120640", "110121170", "110121500", "111114171", "111115400", "111115620", "111115770", "111115910", "111116170", "111116411", "111116530", "111117120", "111117480", "111118910", "111119250", "111120190", "111120320", "111120531", "111121220", "112116540", "112116810", "112117471", "112118161", "112118471", "112118860", "112118930", "112119120", "112119450", "112119580", "112119610", "112120670", "112121430", "113117550", "113118231", "113119120", "113120260", "113120280", "113121220", "113121680", "113122120", "113122160", "113122510"], "labels": [2, 2, 0, 2, 0, 0, 1, 0, 3, 1, 1, 1, 1, 1, 2, 3, 0, 2, 1, 2, 0, 1, 2, 0, 2, 2, 1, 1, 2, 2, 0, 2, 2, 2, 1, 3, 0, 2, 0, 3, 2, 3, 3, 3, 0, 3, 0, 1, 3, 3, 3, 3, 0, 2, 1, 3, 2, 3, 0, 0, 3, 3, 1, 2, 1, 1, 3, 2, 1, 1, 0, 1, 1, 1, 2, 1, 3, 3, 1, 0, 1, 1, 2, 3, 3, 3, 3, 0, 0, 1, 0, 1, 3, 1, 2, 3, 3, 1, 0, 1, 0, 2, 3, 3, 0, 1, 3, 2, 0, 0, 3, 2, 1, 0, 1, 3, 1, 0, 3, 1, 3, 3, 0, 1, 3, 1, 1, 3, 3, 0, 2, 2, 3, 3, 3, 3, 0, 3, 1, 1, 3, 2], "predicted_labels": [1, 2, 0, 2, 1, 0, 2, 0, 1, 1, 2, 1, 0, 1, 3, 0, 1, 3, 1, 2, 1, 2, 1, 3, 2, 2, 1, 1, 2, 1, 3, 2, 2, 1, 3, 2, 3, 2, 3, 2, 0, 2, 0, 3, 0, 3, 3, 1, 0, 2, 3, 3, 3, 0, 1, 2, 1, 1, 1, 2, 1, 0, 0, 1, 2, 0, 3, 0, 1, 2, 3, 0, 3, 0, 3, 2, 3, 0, 1, 2, 3, 2, 2, 3, 1, 3, 2, 3, 1, 3, 0, 3, 0, 1, 2, 3, 3, 3, 0, 1, 3, 3, 3, 3, 0, 3, 3, 1, 0, 0, 0, 1, 1, 3, 0, 3, 2, 0, 3, 1, 3, 3, 1, 0, 2, 0, 0, 0, 0, 1, 1, 2, 3, 1, 3, 3, 0, 2, 2, 1, 3, 2], "confidence_scores": [[0.0373121454580833, 0.9084637173997723, 0.03693805534074152, 0.017286081801402873], [0.10662639392224466, 0.18103288737154982, 0.7063048525948867, 0.0060358661113188074], [0.993174953925281, 5.129181194074481e-05, 1.765999333586288e-05, 0.006756094269442264], [0.0005042868088816222, 0.005755124298925235, 0.9848648927284295, 0.008875696163763665], [0.1302305299076925, 0.8025706599482083, 0.029227303791999323, 0.037971506352099844], [0.6410008406777724, 0.0005862972578432857, 0.14015581151303907, 0.2182570505513453], [0.010734262153431502, 0.03959445768220967, 0.7715820065476153, 0.17808927361674343], [0.8111848214792549, 0.13719663042718697, 0.015954028339936654, 0.03566451975362167], [0.005328633513060651, 0.7241546139981687, 0.09779056708383947, 0.17272618540493112], [0.0043393778264826125, 0.7899847069909807, 0.12828894681129777, 0.07738696837123894], [0.003895070180309881, 0.0008218015233676654, 0.9913102944466912, 0.003972833849631414], [0.06466448066752598, 0.826903031501697, 0.015349273624072502, 0.09308321420670469], [0.7349762415488593, 0.002741524620125892, 0.002446690836580668, 0.2598355429944341], [0.02625861994672409, 0.9097516279171806, 0.010505737913618255, 0.053484014222476985], [8.71584513040869e-05, 0.0009846323908453015, 0.022871038071667016, 0.9760571710861836], [0.7886503526440375, 0.0021016376089646603, 0.20667942175783638, 0.0025685879891614986], [0.0003008880431776722, 0.8837445972481627, 0.11530024512170171, 0.0006542695869580287], [0.01184172440137471, 8.917041274511073e-05, 0.002285546821119545, 0.9857835583647605], [0.00233352865447901, 0.9938856014714896, 0.000753499206639866, 0.003027370667391531], [0.3583509263604249, 0.18551477551017354, 0.4127444029486093, 0.04338989518079223], [6.508206553967204e-05, 0.9804222817339511, 0.011802993890089604, 0.007709642310419618], [0.006485154793808859, 0.0036324136229429894, 0.9898364525339077, 4.597904934025957e-05], [0.003259230359964473, 0.9894627622825551, 0.007265561212045107, 1.2446145435317222e-05], [2.4688587180912374e-05, 0.013378643896373969, 0.01675313924869403, 0.969843528267751], [0.030899591895004744, 0.39583061934629815, 0.5638851324401086, 0.009384656318588445], [0.002388815949442208, 0.00030524239228360724, 0.8735086627907478, 0.12379727886752642], [0.0008394164765736173, 0.9832078037782617, 0.008993689423396642, 0.006959090321768172], [0.0925158085397783, 0.8893235750008887, 0.013322314285121806, 0.004838302174211118], [0.02567190810102322, 0.23904905327527498, 0.40077936075356524, 0.3344996778701366], [0.04108585203773659, 0.8881724894081283, 0.01190212390346836, 0.05883953465066684], [0.0014364015223052036, 0.24767162127054262, 0.008563867204556071, 0.7423281100025961], [0.12272873075022839, 0.24705614575407597, 0.6276675158296625, 0.0025476076660330845], [0.005191697176806643, 0.00031191674672363955, 0.9214928440878117, 0.07300354198865792], [0.1485119303019919, 0.4600229830619984, 0.38986196826218267, 0.001603118373826948], [0.13209038180064195, 0.05507460578026105, 0.05719317433155058, 0.7556418380875464], [0.005040319562143928, 0.024081137660806905, 0.6642754989367468, 0.3066030438403024], [0.016883203484244293, 0.03134730122530422, 0.004078251176227564, 0.947691244114224], [0.4078510047318654, 0.004827319444394449, 0.5776587285390761, 0.00966294728466403], [0.16659494727979682, 0.0004817165771973469, 0.014153034757390767, 0.818770301385615], [0.20061924091652533, 0.002181191877236488, 0.6657900580850385, 0.13140950912119959], [0.7404476862977952, 0.005550304646805575, 0.25235882357637124, 0.0016431854790279977], [0.046705806063027704, 0.36652873802258523, 0.5721568474630803, 0.014608608451306754], [0.9712484614593838, 0.012836310693142526, 0.00031687848826768267, 0.015598349359206065], [0.15454783466599364, 0.0020344481954150573, 0.060122813147433264, 0.783294903991158], [0.9807384808361275, 0.00028585794286515085, 0.0010174906465140238, 0.017958170574493185], [0.0007923539254747442, 0.00012331407557751903, 0.16741137579536064, 0.831672956203587], [0.1939935130749769, 0.0231595225091894, 0.00040687462607925674, 0.7824400897897544], [0.03167149863523833, 0.7256432061871919, 0.019954938031997115, 0.22273035714557274], [0.8460980536702374, 0.05893391163283278, 0.050883419230749946, 0.044084615466180005], [0.296572088252923, 0.018333762156833727, 0.6559064389546942, 0.029187710635549056], [0.24994578217438304, 0.0362606436857453, 0.11841986500994227, 0.5953737091299294], [0.0009786105397030225, 0.012232123450707365, 0.038057014137416585, 0.9487322518721729], [0.3774241500905563, 0.1200502095814455, 0.03122066559520252, 0.47130497473279565], [0.5574869024469838, 0.01363590011701826, 0.40750020169561274, 0.02137699574038518], [0.15182100210656976, 0.545220906083508, 0.29634961004051813, 0.006608481769404019], [0.3034598187317425, 0.00390408010074078, 0.6377478082818386, 0.05488829288567814], [0.013402274479711112, 0.8503848442600412, 0.06569429695211747, 0.07051858430813018], [0.006713660702416074, 0.5437434344724544, 0.03761078762059988, 0.41193211720452966], [0.05022796146627287, 0.6443655659876866, 0.14583364896908227, 0.15957282357695832], [0.011619120214972144, 0.00011116910076906638, 0.9003364814143123, 0.0879332292699464], [0.0004290626344882526, 0.9830581585317162, 0.0009026846127595491, 0.015610094221036142], [0.9946147765476635, 0.00013672078072128475, 0.005068191850651573, 0.00018031082096394], [0.8179640314136801, 0.007521107305648502, 0.054349036997714026, 0.12016582428295719], [0.09031439760201605, 0.8750976344806223, 0.03159491087178277, 0.0029930570455790916], [0.04950135608886302, 0.018884163405248556, 0.9072051432239047, 0.02440933728198385], [0.5586066415387717, 0.19635956250716774, 0.004084835130932041, 0.24094896082312844], [0.0010327262816444169, 0.26786347387529263, 0.0011720739714257777, 0.7299317258716371], [0.8953131986655724, 0.025890614368122244, 0.058938032796366724, 0.01985815416993861], [0.020898993258050752, 0.5178102198127289, 0.44536371093675803, 0.015927075992462354], [0.047995716497003724, 0.01801108016929253, 0.7869456276829325, 0.14704757565077128], [0.3445146343845535, 0.2914936616184185, 0.0008709335102909609, 0.36312077048673697], [0.8702609186122836, 0.07677091570828229, 6.46912180873366e-05, 0.052903474461346786], [0.07821940622104871, 0.050657127637884346, 0.0030187583993221676, 0.8681047077417448], [0.5779193685294219, 0.00018725521599413555, 0.033079489027694836, 0.3888138872268891], [0.0001045834951352078, 3.3183392709923897e-06, 0.0014942884772852934, 0.9983978096883086], [8.852705082108382e-05, 0.024703515872440397, 0.9751141530449667, 9.38040317716589e-05], [0.03001173939012187, 0.08321060460136609, 0.039539548292489554, 0.8472381077160226], [0.9303557149851911, 0.0001280151611105462, 0.003593510175412631, 0.06592275967828552], [7.725330130780352e-05, 0.9526037073589344, 0.046677427858881924, 0.0006416114808759726], [0.007864220747325946, 0.451093462086423, 0.47362496862181813, 0.06741734854443296], [0.0003986850237828466, 0.004330429490413113, 0.004774807268849035, 0.990496078216955], [0.0001361825549716669, 0.016772141753221798, 0.970825597279679, 0.012266078412127554], [0.17497279731535456, 0.05484480295903366, 0.7617644091521342, 0.00841799057347745], [0.006093661396600332, 9.647195933460609e-06, 1.2128820909174345e-05, 0.993884562586557], [0.23907449460406932, 0.6069013286769098, 0.0015237972817767564, 0.15250037943724415], [0.014861161630977579, 0.0008191064124412315, 0.00403308784430102, 0.9802866441122803], [0.13486136813993632, 0.06407252836136094, 0.7446743466500354, 0.0563917568486673], [0.0667684084214638, 0.004855486001350203, 0.014542274984525252, 0.9138338305926609], [0.11190973265650435, 0.8854031299882498, 0.0006867726839947452, 0.0020003646712510583], [0.00017564574591355818, 1.7900705499997174e-06, 0.0006779587996321563, 0.9991446053839044], [0.6592787117414539, 0.2443070548646348, 0.0843025846841051, 0.012111648709806274], [0.0032205988067984595, 5.36340940584238e-06, 9.807763790320929e-06, 0.9967642300200055], [0.8156860330791885, 0.00013209207245574997, 0.18346624502420167, 0.0007156298241541268], [0.0075151568337995306, 0.9009205905979448, 0.08847128695099035, 0.0030929656172653435], [0.18147311370358749, 0.17301892928429918, 0.6447022997792471, 0.0008056572328662628], [0.0014501617393594542, 0.04017796253498701, 0.0010425650696756095, 0.957329310655978], [0.055970044141912256, 0.10902545212296624, 0.007560160118997658, 0.8274443436161238], [0.00013997924092689322, 0.3609034415212678, 0.04338127931522027, 0.5955752999225852], [0.7014046865708882, 0.04200309710336464, 0.009144582839509042, 0.24744763348623822], [0.17815518424744217, 0.7466082703907961, 0.03845605513298645, 0.036780490228775144], [0.20755593064099195, 0.09791135576585415, 0.014021835239250716, 0.6805108783539032], [0.2197891045694872, 4.425107993681886e-05, 0.22039007498413488, 0.5597765693664412], [7.452630601193981e-05, 0.47789866348517335, 0.00026618393505239713, 0.5217606262737623], [0.27174513048327004, 0.1857291179935633, 0.002469080356723099, 0.5400566711664435], [0.7026531879136797, 0.25913739653932405, 0.0008654450955526845, 0.03734397045144365], [0.11330200892596207, 0.00360391398633789, 0.012285592678905, 0.870808484408795], [0.21513217787938665, 0.022605618358036227, 0.01894042052772027, 0.7433217832348568], [0.0050030233601286375, 0.8118190977045712, 0.03723707214872198, 0.14594080678657817], [0.7167481356587017, 0.015625198612053, 0.10887266099683003, 0.15875400473241533], [0.9966555694692089, 2.645277235318698e-06, 5.598957289066637e-05, 0.0032857956806654357], [0.9961963191534414, 0.0017356042555594447, 0.00048327479686721594, 0.001584801794131896], [0.00039699445846397437, 0.5805833849609345, 0.004198018685299672, 0.41482160189530176], [9.576169020381922e-06, 0.9899325370798115, 0.004064490072955057, 0.00599339667821299], [0.045152024216193944, 0.00576973284575751, 0.0005481848329854877, 0.9485300581050631], [0.6261983969784213, 0.046006359685611876, 0.1902204045535807, 0.13757483878238608], [0.231388343938511, 0.00028154262966991476, 0.3810707416195639, 0.3872593718122551], [0.016879871279654596, 0.001902813245227419, 0.7477031333292853, 0.23351418214583275], [0.9442437237994509, 0.03892607589269159, 0.01242972862177124, 0.004400471686086305], [0.0295923460965607, 0.001973220600532573, 9.042786260166445e-05, 0.968344005440305], [7.052832245461144e-06, 0.9924027720437283, 0.004529634904180625, 0.0030605402198457354], [0.0026538532610029582, 0.06491545546740683, 0.4184470423725483, 0.5139836488990419], [0.06723598383581553, 0.01528209668052444, 0.00028163129129642585, 0.9172002881923635], [0.2022627885878077, 0.7946992701268787, 0.0007319681244580524, 0.002305973160855419], [0.6342439409621359, 0.08306887204194915, 0.028895425701278406, 0.2537917612946366], [0.009348457588507109, 0.0326383104515806, 0.5702232860243682, 0.3877899459355441], [0.4640907745868572, 0.02700432208007836, 0.2412296610564059, 0.26767524227665856], [0.6435611955427564, 4.666442464005228e-06, 0.003654254591982608, 0.352779883422797], [0.9992884200837706, 1.504891744128932e-05, 0.00014948558778495237, 0.0005470454110030641], [0.9948563198097009, 0.0005457986492075326, 0.0020593189036804157, 0.002538562637411345], [0.004964350940065771, 0.6455328011077319, 0.3478948902125075, 0.0016079577396947238], [0.009809275674014177, 0.6061184682112731, 0.3519217396014393, 0.032150516513273386], [0.0017074240465667506, 0.017642968639179465, 0.7324328715407409, 0.24821673577351294], [0.011352132207262344, 2.4990812879141623e-05, 0.008681745085300273, 0.9799411318945583], [0.03492399518823446, 0.4808269869134363, 0.4767116820137594, 0.007537335884569772], [0.16123894701850416, 0.07539523973238081, 0.010987086722761831, 0.7523787265263533], [0.00646371590077479, 0.0010902469845039521, 0.0010747990483817194, 0.9913712380663396], [0.9813987943857433, 4.854677970326731e-06, 0.0010329366984993533, 0.017563414237786977], [0.22386892128945615, 0.029324152173032504, 0.5548055571896133, 0.19200136934789794], [0.0927304278319374, 0.36378782532775983, 0.49615763795555845, 0.0473241088847443], [0.001200436588071247, 0.8007597023825961, 0.18531655846170556, 0.012723302567627182], [9.709388797385378e-05, 1.0122252863338067e-05, 0.001515602075752922, 0.9983771817834098], [0.004047417279444269, 0.07267935952290967, 0.7669202410119527, 0.15635298218569335]]}}