{"test": {"ids": ["112119930", "109115211", "98107340", "113117340", "107118120", "111114321", "112121351", "105114220", "99105921", "103118291", "110121170", "110115710", "111116530", "102113350", "100109890", "112116990", "103111540", "108119510", "110118181", "111119430", "105113330", "112121030", "110114321", "112116640", "109121640", "110118121", "113120591", "105113440", "100109980", "113120601", "109117080", "100111380", "106117650", "107117630", "108118060", "99108710", "102112301", "103117461", "112117790", "102121440", "109113931", "98121790", "100112060", "111116990", "113119320", "99108310", "105112240", "101110150", "98111670", "109118161", "106113260", "111114941", "106113360", "107114490", "101108621", "105112260", "97113900", "104111990", "98111860", "108121410", "100109000", "111117480", "107114280", "98109311", "112118620", "107114950", "99111440", "105116501", "103110050", "112118820", "104113170", "109115380", "107120260", "99121440", "111116090", "112118550", "106111321", "112119320", "111119580", "99113260", "107114110", "104109311", "103110760", "97109080", "111119950", "109117431", "104114230", "113122320", "109118820", "101108500", "99107950", "101112160", "101111210", "113119700", "110118111", "97106770", "97105960", "108115500", "113120830", "112116800", "113122650", "99107560", "110118740", "111118820", "102107961", "104113190", "108115870", "103111990", "100115700", "99107660", "106120640", "107116501", "107119130", "100116790", "112116451", "112119610", "110120190", "101110740", "103120780", "111117120", "102108621", "99108580", "113118810", "99108890", "108113740", "113121680", "105117200", "113118870", "105112130", "97111790", "102110690", "107120130", "108115880", "107121540", "102109850", "112118880", "112117461", "99108460", "99108010", "111116040", "108114200", "97105760"], "labels": [1, 0, 0, 2, 3, 1, 0, 3, 1, 0, 2, 2, 3, 3, 3, 0, 1, 1, 1, 3, 3, 0, 1, 0, 0, 3, 0, 0, 1, 2, 1, 3, 1, 0, 1, 2, 1, 0, 3, 2, 1, 2, 2, 0, 1, 2, 1, 1, 1, 0, 3, 0, 0, 3, 0, 3, 2, 2, 0, 0, 1, 1, 3, 1, 3, 3, 3, 1, 3, 0, 3, 3, 1, 2, 3, 3, 0, 1, 3, 0, 1, 3, 1, 2, 0, 1, 2, 1, 3, 3, 1, 3, 2, 0, 1, 3, 2, 3, 3, 0, 2, 1, 3, 0, 3, 3, 3, 2, 1, 3, 3, 1, 1, 2, 0, 0, 3, 3, 1, 2, 3, 0, 3, 0, 3, 1, 3, 0, 1, 2, 0, 2, 3, 2, 1, 1, 0, 0, 2, 0, 0, 0], "predicted_labels": [1, 3, 3, 1, 3, 1, 0, 0, 0, 3, 3, 3, 1, 3, 1, 0, 1, 1, 3, 1, 0, 0, 1, 3, 1, 3, 3, 2, 0, 3, 1, 0, 1, 0, 1, 1, 2, 3, 0, 1, 3, 2, 0, 0, 0, 1, 0, 3, 2, 0, 1, 3, 1, 3, 3, 1, 2, 0, 2, 0, 3, 3, 1, 2, 3, 3, 0, 3, 1, 3, 1, 1, 1, 1, 0, 3, 3, 2, 0, 1, 3, 3, 1, 1, 3, 1, 1, 1, 2, 1, 2, 3, 3, 1, 0, 2, 2, 1, 1, 3, 3, 3, 0, 0, 1, 1, 3, 1, 3, 0, 1, 1, 1, 1, 0, 1, 0, 1, 1, 1, 0, 2, 3, 1, 0, 1, 1, 1, 1, 3, 0, 1, 1, 3, 2, 3, 3, 3, 1, 0, 0, 3], "confidence_scores": [[0.20944973025774738, 0.3098641977344348, 0.20876959583645333, 0.2719164761713643], [0.2796936035605839, 0.28548374661861653, 0.10397786748376245, 0.33084478233703696], [0.20580027080392727, 0.2681572091445684, 0.2372139010380644, 0.2888286190134398], [0.1686956226313673, 0.3235022881905235, 0.2538903395234407, 0.2539117496546686], [0.2458105309772706, 0.30580278826481266, 0.14237126723414342, 0.30601541352377326], [0.21030693090154523, 0.32994691465243703, 0.25875112821112406, 0.20099502623489357], [0.31738601262255256, 0.273860453712672, 0.07280128820184935, 0.3359522454629264], [0.2963219492293465, 0.30437465093505184, 0.0942916430789762, 0.30501175675662523], [0.2578849945216223, 0.28373375421152497, 0.20164013118107882, 0.256741120085774], [0.23112639409842053, 0.28018709646265255, 0.21180798209713497, 0.27687852734179197], [0.21813924415860542, 0.28655390041105083, 0.20697989879109865, 0.2883269566392454], [0.2599392415840675, 0.2718199323934831, 0.18284948280435126, 0.285391343218098], [0.2302544342611838, 0.35482325176355956, 0.1527881102459122, 0.2621342037293444], [0.24128668451152324, 0.2766571936284406, 0.2098679130939639, 0.2721882087660723], [0.22183824058519605, 0.3006266435180861, 0.25777798226304793, 0.2197571336336701], [0.315983040348078, 0.22914625347489131, 0.1770253950889784, 0.27784531108805216], [0.2129881959352609, 0.32058206520390325, 0.1811986780963899, 0.2852310607644459], [0.2097114403118971, 0.3119664746297798, 0.2667609764945809, 0.21156110856374222], [0.2915903247488531, 0.2893419726084843, 0.10257894811303452, 0.316488754529628], [0.2147785627117028, 0.3141889573123154, 0.20050736238693215, 0.2705251175890498], [0.31340404425482443, 0.24981454326519814, 0.15207346413098552, 0.2847079483489917], [0.3202168123701137, 0.26251513853733893, 0.08422478012559051, 0.333043268966957], [0.22930023297665716, 0.290695310315641, 0.22508274074314105, 0.254921715964561], [0.2857328201683007, 0.284331846382087, 0.12188295525438983, 0.30805237819522246], [0.2251946361280611, 0.29251088644312045, 0.19894892637020403, 0.2833455510586143], [0.29849104780139063, 0.30814084810801545, 0.06288580812469623, 0.3304822959658975], [0.3065633856589802, 0.2829721177757776, 0.07620155865633126, 0.334262937908911], [0.21290427063780834, 0.2737177860127036, 0.2935886211507984, 0.21978932219868977], [0.2778649239198625, 0.2884004720020294, 0.1325557130973551, 0.30117889098075307], [0.22723179513446976, 0.28612469386704337, 0.19931277358885427, 0.2873307374096326], [0.16174218368303284, 0.395037481223074, 0.19469542682201746, 0.24852490827187584], [0.2758064904501562, 0.30783774381394946, 0.14158187823657636, 0.274773887499318], [0.20791601902520215, 0.2945801867837127, 0.2609386327667746, 0.23656516142431047], [0.27412190965231964, 0.25581992946581356, 0.19857280740869254, 0.27148535347317415], [0.25731381039162204, 0.3145213266513707, 0.14370576401439508, 0.28445909894261195], [0.18708796426882116, 0.35433493844002745, 0.1623092550778524, 0.29626784221329905], [0.18406846093195192, 0.2738821036703341, 0.33373105869181213, 0.20831837670590195], [0.2680246044649005, 0.28154359122763856, 0.14514200142514527, 0.3052898028823159], [0.2985963552474144, 0.25562994003832973, 0.13145432970397478, 0.31431937501028107], [0.221692217272469, 0.3350232456385178, 0.15593461673580647, 0.2873499203532068], [0.3002116142598303, 0.2930380327897646, 0.07992653232522381, 0.3268238206251815], [0.12483008672774754, 0.24888536805943307, 0.4710607575122466, 0.15522378770057266], [0.23914951023483158, 0.27465915893647397, 0.2504903946285145, 0.23570093620018023], [0.291290186124177, 0.26942453060609095, 0.14921487397273694, 0.29007040929699507], [0.3110383128772701, 0.28584148317567104, 0.06782306226772437, 0.3352971416793344], [0.25172302546493175, 0.2834484219681072, 0.1866825445569159, 0.278146008010045], [0.2836638752268993, 0.29631707851667094, 0.16271237729191826, 0.25730666896451143], [0.24767332174234294, 0.3010153935234711, 0.14277880128340928, 0.3085324834507766], [0.23972247138259203, 0.24674189663462584, 0.2686649821655548, 0.24487064981722734], [0.2867731308022849, 0.3082688513119405, 0.09078378827254452, 0.3141742296132299], [0.2378902472348382, 0.30039230166216, 0.2322236981624208, 0.22949375294058094], [0.28932817923007337, 0.30120981011570896, 0.0858235878568298, 0.32363842279738786], [0.25082271530284794, 0.3341882780098411, 0.11610729738413018, 0.2988817093031806], [0.23938413769086175, 0.2865259374786675, 0.18549146737236383, 0.2885984574581069], [0.25790042787738465, 0.30952555862095815, 0.11367081296463347, 0.31890320053702376], [0.23180297565555727, 0.3120877013517102, 0.16765981569937732, 0.28844950729335517], [0.23103849491563475, 0.26046708959105913, 0.32216496043101095, 0.18632945506229498], [0.27547231098329594, 0.3033789626885334, 0.15201754555396013, 0.26913118077421055], [0.10348032079532658, 0.2884941988498188, 0.4428933585652745, 0.16513212178958012], [0.28287157821370157, 0.29567015804002916, 0.11310821289253206, 0.30835005085373723], [0.22735144528645834, 0.24428766962412435, 0.24350721894066166, 0.28485366614875535], [0.2725759122667613, 0.31065646227284044, 0.09887060812753508, 0.31789701733286335], [0.2506261422342079, 0.3051434977992999, 0.2050168201602525, 0.23921353980623986], [0.23101515410639145, 0.2368703985924915, 0.3097028704564177, 0.22241157684469948], [0.31620769151496925, 0.2784457649634486, 0.06444879327163716, 0.34089775024994523], [0.28809095178552213, 0.26836548178044356, 0.13286723255170732, 0.310676333882327], [0.2605193641041422, 0.26176689556990324, 0.20014277172333497, 0.2775709686026197], [0.3073081721550505, 0.3104228172463098, 0.04958844750432374, 0.3326805630943158], [0.22234475073344565, 0.34044046834355707, 0.13141679708671064, 0.3057979838362868], [0.30945844404387185, 0.2877413011259979, 0.07024275528020915, 0.3325574995499209], [0.1604443899422968, 0.3446134952931042, 0.23047952375797726, 0.2644625910066218], [0.17277401946049795, 0.32702097249784284, 0.23599890181510755, 0.26420610622655183], [0.2709294230000871, 0.34106824099670024, 0.08778919517197786, 0.30021314083123474], [0.20871179253875718, 0.32983935243874374, 0.19579651811852572, 0.26565233690397383], [0.3145733115049956, 0.2718555380057556, 0.0855311853677319, 0.3280399651215167], [0.28517016067025025, 0.30661149152867945, 0.08406549671612608, 0.32415285108494435], [0.275459830476061, 0.2692462790699983, 0.17232811372420212, 0.2829657767297385], [0.10053225165914806, 0.3049109695053247, 0.40409289253117203, 0.190463886304355], [0.3058163681113542, 0.2530482240479583, 0.14308101035373996, 0.2980543974869474], [0.18689493687696532, 0.30619299290633145, 0.27156104081694726, 0.235351029399756], [0.2386737118480404, 0.29104663189218755, 0.14910953384401102, 0.3211701224157611], [0.31175243224693566, 0.2856276921817051, 0.06633309856502521, 0.3362867770063339], [0.27225753325247515, 0.30411371899277395, 0.1232365929331267, 0.3003921548216241], [0.2173613876767062, 0.3206430615580936, 0.16679574552799312, 0.295199805237207], [0.2233095035233823, 0.28896125221874547, 0.21119480299137308, 0.27653444126649906], [0.23900963768192254, 0.3104608003443807, 0.16313416534227884, 0.2873953966314178], [0.16088334017715147, 0.3240316545060188, 0.2557186973110138, 0.259366308005816], [0.2572284523066638, 0.33047033228701583, 0.15150125833030864, 0.26079995707601195], [0.19229885224870905, 0.2811471143919758, 0.3127296334533653, 0.21382439990594965], [0.22215294834343, 0.3167352782913138, 0.1901898895334212, 0.270921883831835], [0.09026276967403249, 0.2685461077273498, 0.41875943731890664, 0.2224316852797109], [0.1552194581142217, 0.2714188200639275, 0.28772941353527987, 0.2856323082865711], [0.2544291432307254, 0.27133498977495873, 0.18982817031501417, 0.28440769667930177], [0.22826526294007124, 0.3347965371966847, 0.17379974264523493, 0.26313845721800905], [0.28831075708223824, 0.31706500165256635, 0.08385801598598891, 0.31076622527920633], [0.2228315056339096, 0.24391164460911377, 0.3679435515265787, 0.16531329823039811], [0.17947949871930996, 0.2636696908307222, 0.33225776714844, 0.2245930433015277], [0.17784855818580916, 0.31829333141720473, 0.23925299331280137, 0.2646051170841849], [0.20875178523220153, 0.31227298638170947, 0.21912999851093237, 0.2598452298751565], [0.2456037816821184, 0.2795291121634658, 0.17339767161521646, 0.30146943453919933], [0.22346325793898003, 0.3168999959050482, 0.15054364115217667, 0.30909310500379483], [0.2323647306571225, 0.30473328170020575, 0.1524417898096281, 0.3104601978330436], [0.2987356247490468, 0.254019963536699, 0.15345122828487073, 0.29379318342938365], [0.3064935247331406, 0.27044070102128587, 0.1065110895780815, 0.31655468466749215], [0.21847640994137743, 0.2937044196490246, 0.22523931755301577, 0.26257985285658225], [0.25454189987153847, 0.30709749676089615, 0.14361216774231939, 0.29474843562524594], [0.2720579533932381, 0.2854612617144274, 0.13608887512629733, 0.30639190976603703], [0.24109652008672344, 0.30990151782295, 0.17047220958335293, 0.2785297525069735], [0.2597032366124314, 0.2722676987127573, 0.17087192474658214, 0.2971571399282291], [0.2563711270392469, 0.24930629726995113, 0.2791366274830825, 0.21518594820771958], [0.190594626028475, 0.3494373444966376, 0.2371350345559964, 0.22283299491889091], [0.2559994583767869, 0.29077386859034976, 0.1727874307493807, 0.2804392422834825], [0.2656307475183325, 0.31594512545692394, 0.10793133201717213, 0.3104927950075716], [0.24574611244526207, 0.3075961223583909, 0.179434985464323, 0.26722277973202385], [0.3157057561238915, 0.27760529625775787, 0.08568780976628708, 0.32100113785206374], [0.21196670328258296, 0.3046642311003607, 0.23295256786721916, 0.2504164977498369], [0.2988420429786279, 0.3021520837712651, 0.06262230158667323, 0.3363835716634336], [0.1819948725875157, 0.3136218307173105, 0.22672431394412315, 0.2776589827510507], [0.22068867999722866, 0.32113081408023847, 0.1687597696234533, 0.28942073629907983], [0.2396233450577243, 0.31858338047104356, 0.161471369885317, 0.2803219045859154], [0.3198260773970631, 0.2667089518999742, 0.08243554454365717, 0.3310294261593054], [0.15068159011169494, 0.29367171276476595, 0.41424746317729366, 0.14139923394624557], [0.2870881759480695, 0.3000381697324709, 0.08637438072640256, 0.32649927359305686], [0.2220487832521318, 0.35266996459592764, 0.13351173175397635, 0.29176952039796417], [0.3027190992927738, 0.2700846698882906, 0.162159593451855, 0.2650366373670804], [0.2211036266471245, 0.31478406971270806, 0.1847234748056527, 0.27938882883451477], [0.2407716368433638, 0.2912647077604759, 0.19690274282397313, 0.27106091257218723], [0.25176996629119996, 0.33317185316729764, 0.12546136060153296, 0.28959681993996933], [0.2374834091305855, 0.33703589852478866, 0.129553786165661, 0.29592690617896505], [0.28494129814612407, 0.22910772620821135, 0.18610298178465595, 0.2998479938610087], [0.30148890665880446, 0.30859141776251026, 0.06778476427961717, 0.32213491129906796], [0.18843579522984785, 0.31691518435605914, 0.29175001188768646, 0.20289900852640683], [0.23835112199167927, 0.31035878403957495, 0.15612845722597318, 0.29516163674277257], [0.20260940613431808, 0.29079647487271765, 0.2392374818002305, 0.26735663719273395], [0.17349866320244728, 0.29130095640839127, 0.35363331533682835, 0.18156706505233347], [0.17728512273358704, 0.3009036032195101, 0.23208099908201138, 0.2897302749648915], [0.3261794936413981, 0.26197507058683145, 0.0760417664074624, 0.3358036693643079], [0.27580375873074736, 0.31327775848224265, 0.09261855902584003, 0.3182999237611699], [0.1574189815621173, 0.31815983593167607, 0.2713622618094022, 0.2530589206968047], [0.281991445597989, 0.2901882630636287, 0.12598452861602702, 0.3018357627223553], [0.2958680961029371, 0.2813981778371382, 0.14131461364593942, 0.28141911241398565], [0.22314808035808462, 0.268762234233122, 0.21758800393750072, 0.2905016814712927]]}, "rewritten": {"ids": ["97105760", "97105960", "97106770", "97109080", "97111790", "97113900", "98107340", "98109311", "98111670", "98111860", "98121790", "99105921", "99107560", "99107660", "99107950", "99108010", "99108310", "99108460", "99108580", "99108710", "99108890", "99111440", "99113260", "99121440", "100109000", "100109890", "100109980", "100111380", "100112060", "100115700", "100116790", "101108500", "101108621", "101110150", "101110740", "101111210", "101112160", "102107961", "102108621", "102109850", "102110690", "102112301", "102113350", "102121440", "103110050", "103110760", "103111540", "103111990", "103117461", "103118291", "103120780", "104109311", "104111990", "104113170", "104113190", "104114230", "105112130", "105112240", "105112260", "105113330", "105113440", "105114220", "105116501", "105117200", "106111321", "106113260", "106113360", "106117650", "106120640", "107114110", "107114280", "107114490", "107114950", "107116501", "107117630", "107118120", "107119130", "107120130", "107120260", "107121540", "108113740", "108114200", "108115500", "108115870", "108115880", "108118060", "108119510", "108121410", "109113931", "109115211", "109115380", "109117080", "109117431", "109118161", "109118820", "109121640", "110114321", "110115710", "110118111", "110118121", "110118181", "110118740", "110120190", "110121170", "111114321", "111114941", "111116040", "111116090", "111116530", "111116990", "111117120", "111117480", "111118820", "111119430", "111119580", "111119950", "112116451", "112116640", "112116800", "112116990", "112117461", "112117790", "112118550", "112118620", "112118820", "112118880", "112119320", "112119610", "112119930", "112121030", "112121351", "113117340", "113118810", "113118870", "113119320", "113119700", "113120591", "113120601", "113120830", "113121680", "113122320", "113122650"], "labels": [0, 2, 3, 2, 2, 2, 0, 1, 1, 0, 2, 1, 1, 3, 1, 2, 2, 0, 0, 2, 0, 3, 0, 2, 1, 3, 1, 3, 2, 1, 2, 3, 0, 1, 3, 2, 3, 3, 3, 1, 0, 1, 3, 2, 3, 1, 1, 2, 0, 0, 1, 3, 2, 3, 3, 2, 1, 1, 3, 3, 0, 3, 1, 3, 0, 3, 0, 1, 3, 1, 3, 3, 3, 1, 0, 3, 1, 2, 1, 2, 3, 0, 3, 3, 3, 1, 1, 0, 1, 0, 3, 1, 1, 0, 3, 0, 1, 2, 1, 3, 1, 3, 3, 2, 1, 0, 0, 3, 3, 0, 2, 1, 0, 3, 3, 0, 0, 0, 0, 0, 0, 3, 3, 3, 0, 1, 1, 0, 1, 0, 0, 2, 3, 0, 1, 0, 0, 2, 3, 1, 1, 2], "predicted_labels": [3, 2, 0, 1, 3, 0, 3, 2, 0, 1, 0, 0, 3, 0, 3, 1, 1, 3, 1, 1, 1, 0, 0, 1, 0, 0, 0, 0, 0, 3, 0, 1, 3, 3, 1, 0, 3, 0, 3, 1, 0, 0, 3, 1, 1, 0, 3, 0, 3, 0, 0, 0, 1, 1, 0, 1, 3, 1, 1, 0, 0, 0, 0, 0, 0, 0, 1, 1, 1, 3, 0, 0, 3, 0, 0, 3, 3, 3, 1, 3, 0, 0, 1, 3, 3, 0, 0, 0, 0, 3, 1, 1, 1, 0, 0, 3, 0, 3, 0, 3, 0, 0, 0, 3, 0, 3, 3, 0, 1, 0, 1, 3, 0, 3, 0, 3, 0, 3, 3, 0, 3, 3, 0, 3, 3, 3, 2, 0, 1, 0, 0, 1, 3, 1, 0, 0, 3, 3, 1, 1, 0, 1], "confidence_scores": [[0.27974372414070936, 0.28095281287567997, 0.11513662665943057, 0.32416683632418014], [0.19896806028138134, 0.2719178194199533, 0.3193595301916318, 0.2097545901070334], [0.26205537290755376, 0.24768347918780856, 0.2929795990095255, 0.19728154889511215], [0.23879715392560466, 0.30579284490063324, 0.166669420230216, 0.2887405809435463], [0.3158964558943701, 0.26340281276233046, 0.09310648496434115, 0.32759424637895834], [0.28873255048473634, 0.2585289639112783, 0.20003830981194218, 0.25270017579204357], [0.22962103547212676, 0.28825654510533905, 0.18239548695759394, 0.29972693246494053], [0.22592489213522765, 0.26878120706627284, 0.25183517750924955, 0.25345872328925007], [0.24670704767907656, 0.25801345218033717, 0.24661043783781905, 0.24866906230276703], [0.2266077413192301, 0.2733477500442797, 0.2615623024900131, 0.23848220614647708], [0.24532510392331713, 0.2590453198985739, 0.237170766995839, 0.2584588091822699], [0.2924912510023962, 0.293263850237927, 0.11207922283623559, 0.30216567592344123], [0.30096779217458564, 0.2924273937414397, 0.07775759289121442, 0.32884722119276055], [0.28638024651666677, 0.25232583585542934, 0.19690472564677472, 0.264389191981129], [0.12413750488768895, 0.2968544838712988, 0.31397099229315545, 0.265037018947857], [0.22432084803163693, 0.32658304665349935, 0.15000402077956898, 0.2990920845352947], [0.2554750325099638, 0.28740317208710003, 0.17060774476081245, 0.28651405064212404], [0.29840963832801765, 0.2855615785159934, 0.09310095321359084, 0.3229278299423982], [0.2520965866047534, 0.29610500342968404, 0.21740130474781255, 0.23439710521775006], [0.18348997836888795, 0.3407229572206787, 0.20166315138493165, 0.2741239130255019], [0.26833898085648633, 0.3296865449300811, 0.09118015799205341, 0.3107943162213791], [0.30755156532887373, 0.25392262032946367, 0.13431169068254148, 0.30421412365912137], [0.2650688653330318, 0.28846016634277566, 0.16574037829726224, 0.2807305900269307], [0.24519346808092407, 0.31963993104182076, 0.13922923229046313, 0.29593736858679226], [0.2693787497522504, 0.2630148247024665, 0.18463318074083057, 0.28297324480445274], [0.26568303699845724, 0.2788171723581118, 0.17862264276572823, 0.2768771478777028], [0.3124390770427935, 0.2615921485192037, 0.10010280462590934, 0.3258659698120935], [0.2821951475455356, 0.30757536526722756, 0.11761574508528003, 0.29261374210195695], [0.2889194904091792, 0.2694120215074069, 0.14973948621950978, 0.291929001863904], [0.283661222801092, 0.2781461696022606, 0.130533833257494, 0.30765877433915334], [0.27280348668265286, 0.287771844040772, 0.16131513144890255, 0.2781095378276729], [0.24958000005167702, 0.3097792123809817, 0.16316698389005896, 0.27747380367728236], [0.2640153663399962, 0.3116462665688717, 0.10814688996906395, 0.31619147712206824], [0.28532283819009446, 0.2829825656926027, 0.11526011174162093, 0.31643448437568167], [0.1991888344045636, 0.2994996762923785, 0.23661538148094433, 0.26469610782211384], [0.29036295798501993, 0.27970396823914484, 0.11989598259499577, 0.3100370911808395], [0.20286072135129443, 0.272334135450567, 0.22783753570092155, 0.2969676074972171], [0.26550439231870365, 0.2898850339483725, 0.15139224810448149, 0.2932183256284423], [0.3075998385305083, 0.28563419578976157, 0.07733257953051312, 0.3294333861492171], [0.2248521180975472, 0.3046641350531708, 0.24720696792843727, 0.22327677892084458], [0.3012575012217631, 0.28867636839574995, 0.091980471561198, 0.31808565882128903], [0.26814377435018033, 0.29016611972815176, 0.15719857036969578, 0.2844915355519715], [0.2835577541925994, 0.26460759743127105, 0.15199153151777084, 0.29984311685835874], [0.2561401014277458, 0.31266604264588976, 0.13775701303121612, 0.29343684289514843], [0.23537675822030266, 0.32610867385421477, 0.13842387950747226, 0.3000906884180103], [0.2916932878987497, 0.29307173881759757, 0.1065361569201058, 0.30869881636354696], [0.2739724530862584, 0.2913223285693527, 0.12811545735689048, 0.30658976098749846], [0.2920815755013994, 0.28736133294410815, 0.10164660404072244, 0.31891048751377005], [0.27829907424681566, 0.2904684459239498, 0.12265317346081499, 0.30857930636841935], [0.2694346239119993, 0.28339559822002086, 0.15503657005315152, 0.2921332078148281], [0.2900924625680449, 0.29122896114471114, 0.10359038394183213, 0.3150881923454118], [0.31550029603994617, 0.2682365620633065, 0.08346466300686806, 0.33279847888987935], [0.20397689927715415, 0.2906521996909673, 0.291306521981977, 0.2140643790499016], [0.21611699358953354, 0.3103426175084026, 0.19716561923050815, 0.2763747696715557], [0.29734976649668765, 0.2736620406813278, 0.11424842938978019, 0.3147397634322044], [0.19565987460337683, 0.294693191041021, 0.24914519847250458, 0.26050173588309744], [0.24198502974588973, 0.2967496868546635, 0.16951507846951736, 0.2917502049299292], [0.27566063790453466, 0.30912902802852565, 0.14443219075422226, 0.2707781433127174], [0.24018891162727457, 0.294924429446093, 0.18942221898236827, 0.2754644399442642], [0.32187394165505345, 0.2442142222304562, 0.13574213819369943, 0.2981696979207912], [0.28592387933378266, 0.276687237954497, 0.13792925056435182, 0.29945963214736837], [0.30341093874014546, 0.28767103903767877, 0.10049371361809706, 0.30842430860407877], [0.3092873386040386, 0.2965609596518145, 0.06253213573270638, 0.3316195660114403], [0.2786772232766136, 0.2842464626799213, 0.12837003463579752, 0.3087062794076675], [0.2960686127251733, 0.26789524381825264, 0.13644304123258927, 0.2995931022239849], [0.2799860821018634, 0.2982341054629289, 0.13026317723679845, 0.29151663519840953], [0.27321484953109065, 0.29966785171825616, 0.1252887408303187, 0.3018285579203344], [0.22770831730216418, 0.29460257235542736, 0.2137393007762726, 0.26394980956613573], [0.2739381085290809, 0.30960280144065383, 0.12295807714627988, 0.29350101288398567], [0.2589902296637611, 0.2585742663534355, 0.161573662294263, 0.32086184168854015], [0.2724242020271551, 0.27723119916691596, 0.16840239447298522, 0.2819422043329438], [0.2683921393884988, 0.28421821080276466, 0.15605616519243637, 0.2913334846163002], [0.28863929230140845, 0.2741147944275697, 0.12124822045523301, 0.31599769281578893], [0.2955326674752885, 0.27762737503697527, 0.11327607331492433, 0.3135638841728119], [0.29483476750251036, 0.2537856342682665, 0.16010695078021214, 0.2912726474490114], [0.27988294610048897, 0.26704207834750093, 0.1345772532252588, 0.3184977223267515], [0.2879658694313346, 0.29489820255113464, 0.09806506990708772, 0.31907085811044283], [0.24710599864226968, 0.26841147691322337, 0.20464345672993228, 0.27983906771457434], [0.27784792418760357, 0.3091656392795451, 0.11002241872278812, 0.30296401781006344], [0.28992724946099957, 0.27806501266560935, 0.12360681960174172, 0.30840091827164906], [0.31698905915234593, 0.2519879091700134, 0.13573844019475592, 0.2952845914828848], [0.2934119151698896, 0.28311381857806284, 0.13551849638324626, 0.2879557698688009], [0.19080744798631105, 0.31625496029061423, 0.23221677783392197, 0.26072081388915275], [0.27993657196476224, 0.28561410701619383, 0.12497752083827117, 0.3094718001807727], [0.2700392941428721, 0.26931745932634943, 0.15319789505142312, 0.30744535147935514], [0.284509785884896, 0.2919080876210876, 0.12312452263921854, 0.30045760385479786], [0.2918519801997428, 0.2698655844551976, 0.1550249694879788, 0.2832574658570806], [0.2962690365480009, 0.3024336069171849, 0.07457938749068461, 0.3267179690441296], [0.29525502157681505, 0.29205682672774935, 0.09946180027315561, 0.31322635142227984], [0.285198302663789, 0.30135024258102633, 0.0896584799999169, 0.3237929747552675], [0.21154899506551017, 0.2998459293380049, 0.2126954456129419, 0.2759096299835433], [0.20979366666877203, 0.3464871455767274, 0.17140135294919379, 0.27231783480530686], [0.2732947797615762, 0.3021059150684082, 0.11575210754885869, 0.30884719762115703], [0.304387361874251, 0.2727313697840321, 0.10136613628388315, 0.3215151320578337], [0.27735710575031547, 0.2774132310097866, 0.1527027446057393, 0.2925269186341584], [0.2719289543698849, 0.26930072722038034, 0.16088908341088162, 0.2978812349988531], [0.2945417317249136, 0.281048032457252, 0.1218338563620546, 0.30257637945577975], [0.2641037234079527, 0.24631510567549028, 0.18199813956198138, 0.3075830313545757], [0.30986228060520293, 0.293583335080307, 0.06989553397664705, 0.3266588503378429], [0.31133259281500386, 0.2858547913321864, 0.0704621235327829, 0.33235049232002684], [0.3042777227241277, 0.29244424530778446, 0.07682469751779004, 0.32645333445029784], [0.29587106789058326, 0.25566334125875206, 0.15521349369717188, 0.2932520971534928], [0.311287444799597, 0.27660772139338763, 0.07895122320569252, 0.3331536106013228], [0.25772145524409745, 0.24570025769883683, 0.20095065834846876, 0.29562762870859716], [0.2729626467587603, 0.30214342220789886, 0.1429617290340983, 0.2819322019992425], [0.3016601206787633, 0.2791610000160785, 0.09390111616375896, 0.3252777631413992], [0.2817063492327549, 0.2718977541194897, 0.1441323167248645, 0.30226357992289093], [0.3183137807079138, 0.2750025635390966, 0.07226197229253586, 0.3344216834604537], [0.26916164955287725, 0.32116846038250657, 0.11421802216281733, 0.2954518679017986], [0.3324656645026042, 0.2520207438115898, 0.07922591519971334, 0.33628767648609276], [0.26305518244796383, 0.29886993732466594, 0.14326689716779756, 0.2948079830595727], [0.2909889271544518, 0.27576218784231754, 0.11464129436551576, 0.31860759063771493], [0.31036544221651696, 0.2557160870509813, 0.12062805808475066, 0.3132904126477512], [0.25398876572274703, 0.29179232161249385, 0.17371782195245156, 0.28050109071230755], [0.30981266295457444, 0.25849991506503983, 0.12409346690364191, 0.307593955076744], [0.24228499301120804, 0.2806513110172463, 0.19939153237602358, 0.27767216359552205], [0.3111477497576445, 0.2801963354654767, 0.09492020035275117, 0.3137357144241278], [0.2788166572877598, 0.2741050573127059, 0.14196921225238127, 0.30510907314715324], [0.28085888759571365, 0.2566173333860659, 0.15959208954312407, 0.302931689475096], [0.3179673959503562, 0.24249840825267097, 0.13134584731972343, 0.3081883484772492], [0.32099928913315584, 0.25609252443777075, 0.09062290025197808, 0.3322852861770954], [0.2902374467994883, 0.25491340293268844, 0.14335418317263704, 0.3114949670951861], [0.30148486474515085, 0.2844396711663168, 0.08697945847288811, 0.32709600561564456], [0.3127238160373161, 0.2785278066454672, 0.07238779674879259, 0.3363605805684242], [0.3184087024111306, 0.2692860903513084, 0.07548014782392187, 0.33682505941363916], [0.2026103154252038, 0.29423683746541685, 0.21021902423452918, 0.29293382287485026], [0.168907216547195, 0.2764388452891061, 0.32660287351620315, 0.2280510646474959], [0.24911189927009963, 0.28103480502183803, 0.21078297185754896, 0.2590703238505133], [0.1930556291948363, 0.2983159405763334, 0.24394858078900128, 0.26467984943982903], [0.3211338708361902, 0.24650592536287474, 0.10499195190978068, 0.3273682518911544], [0.3158843775507233, 0.2647700186990219, 0.08944972659508181, 0.32989587715517305], [0.21822121995480315, 0.30323273694041764, 0.20720224780215857, 0.2713437953026206], [0.2802340877213086, 0.27896277180837353, 0.12291769109474343, 0.3178854493755745], [0.26014142941761836, 0.3102833155679118, 0.13775553421111983, 0.29181972080335006], [0.31735237870165317, 0.26665199752648594, 0.07907654039290106, 0.3369190833789599], [0.27016950148245644, 0.29517530562343125, 0.14390674165957817, 0.2907484512345343], [0.30631451987593583, 0.2809746124128656, 0.08068010580136885, 0.3320307619098302], [0.2655269438180355, 0.29353235974117614, 0.13672993337065817, 0.30421076307013], [0.24273979776587382, 0.2953477179366639, 0.19033675952060633, 0.2715757247768557], [0.23110448041968226, 0.31165582378622064, 0.20552547311418076, 0.2517142226799162], [0.301077223134163, 0.28886627316800717, 0.10342320148592238, 0.30663330221190727], [0.22335369283530476, 0.2966407495766847, 0.20033941217830337, 0.27966614540970725]]}}