{"test": {"ids": ["110113591", "112117030", "111120190", "110115140", "101121640", "100111390", "99111000", "110121720", "113121950", "113122650", "109117150", "99108710", "105115570", "102110850", "113122430", "104110960", "100111080", "112117580", "99107300", "101119030", "113117550", "104113240", "113122180", "102110240", "107116340", "102112250", "109114030", "97116401", "107120880", "97112830", "113122230", "112117431", "104119290", "104113380", "108116120", "107116501", "97116410", "112120700", "107120130", "103109791", "100108490", "107121640", "107118490", "102113210", "108116070", "105117200", "98117740", "101112690", "109113881", "98110680", "113121750", "106114280", "108114360", "112117471", "106116441", "111119290", "111117000", "103113640", "108114040", "113119450", "97113260", "101111310", "98111620", "108117720", "110121170", "113120260", "112116640", "107121540", "99109740", "106118820", "112118511", "111116530", "104117630", "99107950", "98107010", "109114270", "107118780", "104111620", "111119950", "109120560", "99113260", "107119390", "106115240", "105112260", "102109840", "103117461", "112116810", "99110050", "113119700", "113119480", "110118111", "109113931", "108114270", "108114670", "110118740", "106121220", "105113190", "108116481", "108121410", "102116500", "110116441", "108115250", "98108520", "112119500", "98110710", "100109890", "103113610", "100109910", "113121980", "112118421", "112120640", "111116990", "110116501", "108113480", "109116930", "110116170", "99108580", "106118301", "101111210", "113119340", "100108260", "103118291", "107112840", "103120290", "110115580", "106116640", "111119250", "101108290", "107114280", "112117790", "107114780", "100108990", "106120290", "105120621", "102121440", "99109161", "109117600", "110120700", "112116401", "99108000", "106118520", "106117790"], "labels": [0, 2, 3, 0, 2, 2, 2, 3, 3, 2, 2, 2, 0, 3, 2, 2, 0, 0, 3, 3, 3, 2, 2, 3, 3, 0, 1, 3, 1, 2, 1, 0, 1, 1, 1, 1, 3, 2, 2, 3, 2, 1, 2, 3, 1, 3, 2, 1, 0, 2, 0, 3, 1, 3, 0, 3, 0, 1, 0, 3, 1, 3, 3, 1, 2, 3, 0, 2, 3, 3, 1, 3, 0, 1, 3, 3, 1, 0, 0, 1, 0, 2, 1, 3, 2, 0, 3, 3, 0, 3, 1, 1, 3, 3, 3, 1, 3, 0, 0, 1, 3, 1, 2, 2, 2, 3, 2, 2, 2, 3, 0, 0, 3, 0, 0, 0, 0, 1, 2, 0, 3, 0, 1, 2, 1, 3, 1, 0, 3, 3, 2, 2, 2, 1, 2, 3, 1, 2, 0, 2, 2, 1], "predicted_labels": [0, 0, 0, 2, 3, 1, 3, 1, 0, 3, 3, 3, 1, 2, 3, 1, 0, 1, 0, 1, 1, 1, 3, 0, 3, 0, 0, 3, 3, 1, 1, 3, 1, 3, 0, 1, 1, 1, 3, 0, 3, 3, 2, 2, 1, 0, 1, 1, 1, 1, 0, 0, 3, 0, 1, 3, 3, 1, 0, 3, 2, 1, 1, 1, 1, 1, 0, 3, 1, 0, 1, 3, 1, 2, 0, 3, 3, 3, 0, 3, 1, 1, 1, 1, 1, 1, 3, 0, 1, 1, 1, 2, 1, 3, 0, 1, 0, 0, 1, 1, 3, 2, 1, 1, 3, 3, 3, 1, 1, 1, 0, 2, 1, 1, 1, 1, 3, 1, 3, 0, 3, 2, 3, 0, 0, 1, 0, 0, 2, 0, 1, 1, 3, 3, 2, 1, 0, 3, 3, 1, 1, 3], "confidence_scores": [[0.33204887028655095, 0.3006746812323995, 0.1792213492095229, 0.1880550992715269], [0.4792197178149161, 0.20454879230642858, 0.14410448015238495, 0.1721270097262703], [0.3782574180150715, 0.24750899599244727, 0.22125193927258663, 0.15298164671989473], [0.1662589885903749, 0.19646277439499393, 0.3899113065115898, 0.24736693050304148], [0.28660831116354357, 0.2835111375500861, 0.12604553426333767, 0.30383501702303267], [0.28480173717389895, 0.33797857257646846, 0.10672771326065192, 0.2704919769889807], [0.2695789765309106, 0.25383142153781424, 0.20464669890609227, 0.27194290302518287], [0.2132200645033022, 0.358765255527775, 0.2112741231596376, 0.21674055680928542], [0.42773015838580414, 0.21492347272507295, 0.11975953053996097, 0.23758683834916194], [0.2389839936849119, 0.21850006266039076, 0.10062944923704653, 0.4418864944176509], [0.19403772844233985, 0.29970913987378217, 0.19314567144467504, 0.313107460239203], [0.3200675969991428, 0.19468296485966222, 0.12217729433576131, 0.36307214380543384], [0.1930727343232771, 0.36005575642055176, 0.254016577265547, 0.19285493199062412], [0.18921225992933324, 0.1826323631041504, 0.4140107062050158, 0.21414467076150068], [0.22434205578175823, 0.30693208683737433, 0.1485877109323307, 0.3201381464485367], [0.21762124268121616, 0.4671495730692362, 0.0942478473439637, 0.22098133690558394], [0.34335577699754244, 0.314859521715422, 0.12184372523801454, 0.21994097604902124], [0.17812066262939497, 0.2868022710956987, 0.2706627861355394, 0.26441428013936685], [0.3692637447617851, 0.16133421187335847, 0.21857720213806073, 0.2508248412267958], [0.264134299926114, 0.36734825723940123, 0.12338667273955932, 0.2451307700949255], [0.13097791649646534, 0.35710592729342094, 0.17712250090839082, 0.334793655301723], [0.1871961217064736, 0.4885960356952513, 0.08778400944050771, 0.23642383315776727], [0.25218909131443856, 0.10720655618548333, 0.15023480119414068, 0.49036955130593735], [0.3596413056625139, 0.22369722241515477, 0.12873376808132678, 0.2879277038410049], [0.20020515286716012, 0.24823439751568746, 0.08339701529498912, 0.4681634343221634], [0.39985076625250954, 0.2029486404187824, 0.1599234028251824, 0.23727719050352578], [0.32369666553229187, 0.3148935742277157, 0.16756652340054834, 0.19384323683944416], [0.24530337663070512, 0.29778930261741504, 0.1047028935638452, 0.35220442718803474], [0.1691274865878276, 0.3182758768664736, 0.17875478264867328, 0.3338418538970256], [0.2538434117037702, 0.2924802203267173, 0.1935534859652304, 0.2601228820042822], [0.20456854777437491, 0.33837418118275364, 0.1628247707026705, 0.2942325003402011], [0.23462529908702748, 0.2771639158889705, 0.17729921520456343, 0.3109115698194388], [0.11389165376776379, 0.5697659803859534, 0.1899148186606365, 0.12642754718564633], [0.2198886732209505, 0.2730244284086657, 0.11090095315373737, 0.39618594521664663], [0.3922208361674988, 0.2664973376282563, 0.18238738588666728, 0.15889444031757757], [0.24707708156532243, 0.3127686038071161, 0.24161887443130758, 0.19853544019625388], [0.22237790926597184, 0.3097442757897966, 0.2301772459656208, 0.2377005689786108], [0.1165914310328852, 0.5470366190515287, 0.14232302598131194, 0.19404892393427428], [0.18125621889632007, 0.29686205401650656, 0.13602610392556289, 0.3858556231616105], [0.3134271642338413, 0.27349542478658795, 0.16076223837860684, 0.2523151726009639], [0.19223734612411678, 0.21788796731011442, 0.26602432603913834, 0.32385036052663063], [0.12682591174711616, 0.1813697178602483, 0.26160239548032205, 0.4302019749123136], [0.18871031333841146, 0.256110034938577, 0.37748162383495365, 0.17769802788805789], [0.21886175683496936, 0.23785146365073723, 0.3502130279301918, 0.19307375158410162], [0.17994904707253773, 0.3011273668663974, 0.21986281230772314, 0.2990607737533417], [0.38968143292916463, 0.3224134935622738, 0.08771365641701336, 0.20019141709154833], [0.23395875064990065, 0.3172125874317226, 0.18078155394365747, 0.26804710797471926], [0.20602330218824685, 0.34010887020739505, 0.13963091974956285, 0.31423690785479547], [0.20488017709150547, 0.4080846917566884, 0.0898184953960513, 0.29721663575575474], [0.19344299782789273, 0.4394956210410753, 0.1319413934536602, 0.23511998767737194], [0.39251495363938294, 0.27545513873844013, 0.118937837368437, 0.21309207025374008], [0.2970787648091081, 0.2817925976002317, 0.15380615321848118, 0.26732248437217915], [0.23790883508066524, 0.31999310241923784, 0.11135014164296371, 0.3307479208571333], [0.2950653822269554, 0.2931758730583882, 0.15152208364258554, 0.26023666107207094], [0.20327806770374857, 0.38543537094815983, 0.1223746811477027, 0.28891188020038894], [0.12842773914761316, 0.2475986780753258, 0.07405945389455333, 0.5499141288825078], [0.1871321329679777, 0.2609540341713378, 0.19911445738783268, 0.3527993754728518], [0.19591532068089162, 0.5275271771052757, 0.08613058630777175, 0.19042691590606078], [0.3311849341264297, 0.2807936062511275, 0.15380175646757963, 0.2342197031548633], [0.19885295349351725, 0.29226478827698427, 0.1628983355382719, 0.34598392269122663], [0.2603699393813081, 0.22803924495603145, 0.27502168862196297, 0.23656912704069752], [0.14591008643136852, 0.4070869544952961, 0.07022978901986747, 0.3767731700534681], [0.17929541622337386, 0.3961143665398396, 0.09628335659227025, 0.3283068606445163], [0.2351415407893278, 0.34023340794783835, 0.1705683134347054, 0.25405673782812865], [0.2430418450928987, 0.3416998076078062, 0.16359494150622736, 0.25166340579306773], [0.29845383923692287, 0.3150943518624507, 0.18017947967198972, 0.20627232922863678], [0.3187243195293167, 0.22840597442317392, 0.23862588480009275, 0.21424382124741678], [0.19305873649091357, 0.3294862980828069, 0.08060631161995735, 0.39684865380632234], [0.12996250223693398, 0.3264932532569992, 0.3232714222784362, 0.22027282222763067], [0.4045338872112584, 0.20059276730317732, 0.08997096150052943, 0.304902383985035], [0.30392246003905027, 0.3264018700038955, 0.10797183854563583, 0.26170383141141845], [0.13798838726140789, 0.36061222562653455, 0.08530743460508104, 0.41609195250697645], [0.2481565639790769, 0.4025845793300892, 0.11568046178369455, 0.23357839490713952], [0.16753495001039403, 0.18995634851747698, 0.33033092105240347, 0.31217778041972555], [0.30434286613152445, 0.26701729757562254, 0.20731377525488567, 0.22132606103796731], [0.29665273434767664, 0.25167649126384134, 0.11432512990222748, 0.3373456444862545], [0.2359475782989227, 0.25750201571026016, 0.20528362118053797, 0.30126678481027913], [0.23664356279207688, 0.22982426828287758, 0.12519279316153284, 0.40833937576351276], [0.38552238102714914, 0.24004633807119466, 0.14498370795017795, 0.2294475729514783], [0.17767579424352298, 0.276645187251249, 0.26503695390445253, 0.28064206460077556], [0.1719836451854705, 0.3475290880259494, 0.23491243122681332, 0.24557483556176685], [0.20039591306158702, 0.34970136992869494, 0.11346667394966384, 0.3364360430600542], [0.28607945058035017, 0.36324491089153177, 0.0867189720853555, 0.26395666644276256], [0.13575281918296042, 0.4504144348790975, 0.23383395647360306, 0.17999878946433914], [0.26102163598990596, 0.29915038911839326, 0.1771077029736391, 0.2627202719180617], [0.2985016689938246, 0.29877734686645163, 0.16663255378778438, 0.23608843035193952], [0.2993565200280167, 0.21243454098327172, 0.14158143636634304, 0.34662750262236847], [0.3880387847822233, 0.34283184182103804, 0.10451822374534314, 0.1646111496513955], [0.18143524358797278, 0.37157336755676934, 0.20130128779160109, 0.24569010106365663], [0.18856910436751506, 0.4804606986095235, 0.09409551524358974, 0.23687468177937185], [0.25798794580761814, 0.32447814336727077, 0.131441493733271, 0.28609241709184013], [0.24587052329506773, 0.23758432145611053, 0.33734437510373905, 0.17920078014508284], [0.2055476690707737, 0.3315681381868996, 0.1450521697298985, 0.31783202301242824], [0.2260950364878016, 0.2769754709218641, 0.19962473207140133, 0.2973047605189331], [0.3622588617175897, 0.2689646760321597, 0.19848302401728019, 0.1702934382329703], [0.17151671435462804, 0.2836138420290232, 0.28062896689398126, 0.26424047672236756], [0.3879744513291383, 0.22064510617781274, 0.11830278421324705, 0.2730776582798019], [0.3771319070539897, 0.3158634110873241, 0.09278207361562066, 0.21422260824306555], [0.21462519154276427, 0.5474489623182337, 0.06069389342237267, 0.17723195271662934], [0.11658026276694915, 0.45935067816286745, 0.16505396541674153, 0.25901509365344194], [0.16922588770080546, 0.26292231654578574, 0.1901653754204494, 0.37768642033295946], [0.27917910238835036, 0.17754755372825334, 0.2985940893337575, 0.2446792545496388], [0.17894053621089293, 0.5990726128790057, 0.058501939930258685, 0.16348491097984275], [0.15643360421986566, 0.3906867545403354, 0.2665117456943621, 0.18636789554543673], [0.1606812885803423, 0.2643676763365193, 0.12989353970621748, 0.44505749537692085], [0.22702005991306254, 0.1836265019687707, 0.2707030150990605, 0.31865042301910623], [0.19970072937695577, 0.27743049758049815, 0.10718488270514787, 0.4156838903373982], [0.15935230750863244, 0.3558981076459791, 0.2760714736548745, 0.2086781111905141], [0.23982288411159614, 0.34833621746796345, 0.14226752860303685, 0.26957336981740354], [0.15301133835038125, 0.5400676650725875, 0.0696943595862978, 0.23722663699073346], [0.3872221448854571, 0.18275428845304692, 0.25427259687828724, 0.1757509697832087], [0.1931524747998717, 0.1699467001064191, 0.435131786289644, 0.2017690388040652], [0.2604376058573504, 0.3956286714399804, 0.12555292264683918, 0.21838080005582994], [0.1487480245256187, 0.5000755452446247, 0.11663659819203477, 0.2345398320377219], [0.2751059765655008, 0.49928152297254896, 0.08161718952650744, 0.143995310935443], [0.17370476931904735, 0.541502979952796, 0.0890027433231816, 0.19578950740497506], [0.27109406965052474, 0.25128646154507767, 0.20010935806514724, 0.2775101107392504], [0.2637703806352787, 0.36259180542543573, 0.10719346493725485, 0.2664443490020306], [0.33106063873964964, 0.2593109475147677, 0.07083015103902211, 0.3387982627065605], [0.35241948130334305, 0.2630729461506086, 0.13326846601496797, 0.2512391065310804], [0.18242680752517929, 0.33602234000801, 0.10981292102410502, 0.3717379314427058], [0.18420051809645566, 0.2887475618223405, 0.3097615675653019, 0.21729035251590206], [0.2440895600753118, 0.2712909157283998, 0.12692886838003814, 0.3576906558162504], [0.35288808914136005, 0.32899558845931837, 0.11378263172202036, 0.2043336906773014], [0.3513658005448009, 0.2595430233426523, 0.09523664662215629, 0.2938545294903906], [0.3020385261992255, 0.3206948907212193, 0.139810423251885, 0.23745615982767035], [0.4501721789104249, 0.21733786667609223, 0.12023626922471621, 0.21225368518876656], [0.45463621620900024, 0.22690388047516924, 0.11799919423949991, 0.20046070907633082], [0.22029719924521163, 0.24703330544409347, 0.2667272304362077, 0.2659422648744872], [0.4830174164916092, 0.19563814621717068, 0.09174384135417385, 0.22960059593704618], [0.20387562633490855, 0.38948050051670535, 0.14152941269890937, 0.2651144604494766], [0.24124090058075892, 0.4121085644642639, 0.12420816797663883, 0.2224423669783385], [0.25570352445065236, 0.23110006683367226, 0.1262938200621025, 0.3869025886535729], [0.2784181532856325, 0.28129953123391227, 0.11445162088148199, 0.32583069459897335], [0.1986011311675739, 0.17192613067108986, 0.3968215162362112, 0.2326512219251251], [0.27634985727087447, 0.3063837287384517, 0.14034285906222307, 0.27692355492845083], [0.39584539004075225, 0.19209281398802397, 0.11331331186893426, 0.2987484841022894], [0.13856838446734498, 0.1732426129653019, 0.08355254729071539, 0.6046364552766378], [0.2544818959149366, 0.23874602005889026, 0.10876407854624767, 0.3980080054799253], [0.13897094430820459, 0.42481874628390537, 0.11994448863158279, 0.31626582077630716], [0.27384747654566716, 0.3605594945856785, 0.21376873520474454, 0.15182429366390973], [0.19011555120221682, 0.2241015377528144, 0.14836718132960408, 0.4374157297153646]]}, "rewritten": {"ids": ["97112830", "97113260", "97116401", "97116410", "98107010", "98108520", "98110680", "98110710", "98111620", "98117740", "99107300", "99107950", "99108000", "99108580", "99108710", "99109161", "99109740", "99110050", "99111000", "99113260", "100108260", "100108490", "100108990", "100109890", "100109910", "100111080", "100111390", "101108290", "101111210", "101111310", "101112690", "101119030", "101121640", "102109840", "102110240", "102110850", "102112250", "102113210", "102116500", "102121440", "103109791", "103113610", "103113640", "103117461", "103118291", "103120290", "104110960", "104111620", "104113240", "104113380", "104117630", "104119290", "105112260", "105113190", "105115570", "105117200", "105120621", "106114280", "106115240", "106116441", "106116640", "106117790", "106118301", "106118520", "106118820", "106120290", "106121220", "107112840", "107114280", "107114780", "107116340", "107116501", "107118490", "107118780", "107119390", "107120130", "107120880", "107121540", "107121640", "108113480", "108114040", "108114270", "108114360", "108114670", "108115250", "108116070", "108116120", "108116481", "108117720", "108121410", "109113881", "109113931", "109114030", "109114270", "109116930", "109117150", "109117600", "109120560", "110113591", "110115140", "110115580", "110116170", "110116441", "110116501", "110118111", "110118740", "110120700", "110121170", "110121720", "111116530", "111116990", "111117000", "111119250", "111119290", "111119950", "111120190", "112116401", "112116640", "112116810", "112117030", "112117431", "112117471", "112117580", "112117790", "112118421", "112118511", "112119500", "112120640", "112120700", "113117550", "113119340", "113119450", "113119480", "113119700", "113120260", "113121750", "113121950", "113121980", "113122180", "113122230", "113122430", "113122650"], "labels": [2, 1, 3, 3, 3, 2, 2, 2, 3, 2, 3, 1, 2, 0, 2, 3, 3, 3, 2, 0, 3, 2, 2, 3, 2, 0, 2, 0, 2, 3, 1, 3, 2, 2, 3, 3, 0, 3, 1, 2, 3, 2, 1, 0, 0, 2, 2, 0, 2, 1, 0, 1, 3, 3, 0, 3, 1, 3, 1, 0, 3, 1, 1, 2, 3, 2, 1, 1, 3, 2, 3, 1, 2, 1, 2, 2, 1, 2, 1, 0, 0, 3, 1, 3, 1, 1, 1, 0, 1, 0, 0, 1, 1, 3, 0, 2, 1, 1, 0, 0, 1, 0, 3, 3, 1, 3, 2, 2, 3, 3, 0, 0, 1, 3, 0, 3, 0, 0, 3, 2, 0, 3, 0, 3, 3, 1, 2, 0, 2, 3, 0, 3, 3, 0, 3, 0, 3, 2, 2, 1, 2, 2], "predicted_labels": [1, 2, 1, 1, 0, 0, 1, 1, 1, 1, 3, 2, 3, 3, 3, 3, 0, 1, 3, 1, 1, 1, 1, 1, 1, 0, 3, 0, 1, 3, 1, 1, 3, 1, 0, 1, 0, 1, 3, 0, 1, 1, 1, 2, 2, 1, 1, 0, 1, 3, 1, 1, 1, 0, 1, 1, 0, 3, 1, 1, 1, 3, 0, 1, 3, 3, 2, 1, 3, 1, 3, 1, 2, 3, 1, 1, 2, 1, 2, 1, 1, 1, 0, 0, 3, 1, 0, 0, 0, 1, 1, 1, 0, 0, 1, 3, 0, 3, 0, 2, 1, 1, 1, 0, 1, 0, 1, 3, 1, 3, 2, 1, 0, 3, 0, 0, 1, 0, 3, 1, 1, 3, 3, 0, 1, 1, 1, 0, 1, 2, 3, 1, 3, 0, 1, 1, 0, 0, 3, 0, 3, 3], "confidence_scores": [[0.24904051146783254, 0.2869462838349811, 0.18989131456133432, 0.27412189013585225], [0.26086774479008684, 0.22419452097975304, 0.3221274053860733, 0.192810328844087], [0.2566010080492195, 0.34575437871702547, 0.14434657278701632, 0.2532980404467389], [0.21839159853331166, 0.3027630176118009, 0.24540579714923047, 0.23343958670565684], [0.3188617643815918, 0.2245337715683556, 0.20317296719028066, 0.25343149685977195], [0.32621940613441, 0.3046351931021679, 0.11993949639336154, 0.24920590437006054], [0.20568577326005905, 0.4304929044382119, 0.11566175806250731, 0.2481595642392218], [0.23035064258520227, 0.34467605968563886, 0.2110587456095213, 0.2139145521196375], [0.12145338663293859, 0.5202995608845569, 0.10725707535209365, 0.25098997713041094], [0.23550980859619602, 0.2958933456675996, 0.21628953548416455, 0.25230731025204], [0.18340060730217703, 0.21970465334816836, 0.15738076853158384, 0.4395139708180708], [0.16904207485825617, 0.19092667758122417, 0.3411143145005368, 0.29891693305998274], [0.13874887242845577, 0.3535529811917301, 0.05805558996915184, 0.4496425564106623], [0.3035604572113359, 0.21900407894637777, 0.13237247389601758, 0.34506298994626894], [0.20730462742580935, 0.3164855721867293, 0.13720753252835383, 0.33900226785910764], [0.2061326651036761, 0.3158885944561898, 0.14385001047716092, 0.33412872996297327], [0.3284716979060719, 0.31492381912864126, 0.12731548753087596, 0.22928899543441075], [0.2541353482052455, 0.3332758045017242, 0.12312068294749137, 0.289468164345539], [0.30115906777739454, 0.19383515361595557, 0.1763215501368485, 0.32868422846980144], [0.17271215787556243, 0.4007878043976185, 0.1536164493517707, 0.27288358837504834], [0.17018212444831152, 0.38058923303769804, 0.1024421599285918, 0.3467864825853987], [0.22358029815115624, 0.30933458262789176, 0.1954242337755322, 0.2716608854454197], [0.24358015626058116, 0.3247823210060978, 0.13048165368477388, 0.30115586904854696], [0.19383382664028107, 0.32523715723945645, 0.21487372967587268, 0.26605528644438975], [0.10317950224702521, 0.4755176115834584, 0.2250727372356592, 0.19623014893385715], [0.3479406334451368, 0.29915968654436736, 0.12530143648081626, 0.22759824352967944], [0.22224948562885055, 0.3286403966999512, 0.1047069900987966, 0.3444031275724015], [0.5542533058372937, 0.17195694267294773, 0.0786429159344382, 0.19514683555532036], [0.2516861223840565, 0.35433860529592986, 0.11017213988159663, 0.2838031324384171], [0.13925767241333195, 0.26025647715155426, 0.08419899871739617, 0.5162868517177177], [0.18513294723430024, 0.39250603201932066, 0.13790873813046856, 0.2844522826159107], [0.23294142054222952, 0.4420611192548832, 0.10881535200832325, 0.21618210819456407], [0.2882052874359205, 0.2735722837073852, 0.1216268431551368, 0.31659558570155755], [0.2021098654461106, 0.3821626131404415, 0.1963872379798045, 0.21934028343364342], [0.3826274064632139, 0.2291315141971212, 0.15011898680015112, 0.2381220925395138], [0.2255111017352382, 0.3042800142449143, 0.26329221290558535, 0.20691667111426226], [0.43137586819099, 0.18635784669932057, 0.16026339443374346, 0.222002890675946], [0.27140595312126015, 0.27899999862577973, 0.22049123551664618, 0.22910281273631403], [0.17495052651586804, 0.3479170201207305, 0.1075856833652151, 0.36954676999818636], [0.3185331259134785, 0.2461226357334289, 0.25887958297282126, 0.1764646553802715], [0.25195381510070847, 0.3613779854609298, 0.14874658457180673, 0.237921614866555], [0.20856368814971885, 0.3549367812962722, 0.14667994651356087, 0.2898195840404482], [0.23726197688033365, 0.36734779635583276, 0.1416344052398406, 0.25375582152399306], [0.2081664733265877, 0.25422216119366764, 0.28393250316155516, 0.2536788623181895], [0.17027378276845906, 0.25682516017446666, 0.33423503191569975, 0.23866602514137467], [0.19187946152771054, 0.41016438274962863, 0.20448231963447486, 0.19347383608818602], [0.22389999319644016, 0.3371677633062143, 0.2591650301147209, 0.17976721338262475], [0.3362154935087223, 0.28770306895667863, 0.13460762176310673, 0.24147381577149216], [0.14770657162994327, 0.44206817837920526, 0.14384298586621255, 0.2663822641246389], [0.2698046939203798, 0.218158574284, 0.09996554693889421, 0.41207118485672617], [0.22635513683110675, 0.4022753332342668, 0.11559160162111937, 0.2557779283135071], [0.1819409112828025, 0.41948146449761153, 0.12514832373914644, 0.2734293004804396], [0.10981341290115572, 0.3911521410540784, 0.3549167944519604, 0.14411765159280546], [0.3489967759502613, 0.2391312446439936, 0.17856640042865685, 0.23330557897708828], [0.2880706540228609, 0.3011306038448352, 0.25972066525175375, 0.15107807688055033], [0.2167715963143825, 0.46913270551082853, 0.11877383659642847, 0.19532186157836057], [0.3182517565138788, 0.25887062173471326, 0.10532602783293611, 0.3175515939184718], [0.18722884235682274, 0.25676913196604745, 0.21815656763859734, 0.33784545803853255], [0.2857041657681771, 0.4470085273067882, 0.09019580541423737, 0.1770915015107975], [0.12595874678974178, 0.5632905391537395, 0.09530207227286384, 0.21544864178365492], [0.2510444488052903, 0.2866558368935414, 0.20294640721464396, 0.2593533070865244], [0.12736199029771955, 0.2597804768804678, 0.20776492833869697, 0.4050926044831158], [0.37259243583715657, 0.2924074003771007, 0.0910782655515609, 0.2439218982341821], [0.233710607766077, 0.47725397152749927, 0.15090026756984812, 0.13813515313657554], [0.1068699614244307, 0.18069808912449067, 0.06822563528249204, 0.6442063141685865], [0.31586503322135917, 0.20724245652784173, 0.12774139418935973, 0.34915111606143945], [0.14318789644614782, 0.25542917085693767, 0.3103366413059118, 0.29104629139100274], [0.15441172005870907, 0.4286222245127103, 0.09327609879316501, 0.32368995663541555], [0.17897141937088148, 0.23168161577829605, 0.1042026658431771, 0.4851442990076453], [0.19056833420190322, 0.4381087160056294, 0.12351293930254542, 0.24781001048992207], [0.24431068632773703, 0.2813459013208719, 0.10947811714346575, 0.3648652952079255], [0.2582770692804467, 0.3097277672709045, 0.23926977835112, 0.1927253850975289], [0.18273227917350476, 0.24253175908740307, 0.39664080610649277, 0.17809515563259928], [0.22820268262155027, 0.26170475469988125, 0.19854525903340772, 0.31154730364516076], [0.14691494528648605, 0.43193597702527015, 0.08214786963111591, 0.3390012080571278], [0.19759902809527724, 0.36599055382818807, 0.17319816637611746, 0.2632122517004174], [0.17972962269244747, 0.2329219628003128, 0.31426766319944477, 0.27308075130779497], [0.29452389503354354, 0.29994820711024855, 0.12679227651838196, 0.27873562133782587], [0.14705150735068914, 0.21008890661530868, 0.3322471958001179, 0.3106123902338844], [0.18179688915052186, 0.3640400058242408, 0.12369623242265514, 0.3304668726025823], [0.23967115058191638, 0.28831019944045605, 0.23806637294824495, 0.23395227702938268], [0.1830494683112447, 0.3812063106679936, 0.12060365454847359, 0.3151405664722883], [0.3801275512261326, 0.20611315267820537, 0.11388282599725708, 0.299876470098405], [0.30685024630656776, 0.25068682030667166, 0.1965995971658029, 0.24586333622095774], [0.20097822187811834, 0.17057691756673485, 0.24124061548650017, 0.38720424506864665], [0.13965464468802313, 0.542552873191063, 0.14704434655232815, 0.17074813556858573], [0.2980379652606465, 0.24121613584193957, 0.22728852312231937, 0.23345737577509448], [0.42631598546780936, 0.30710626753552456, 0.11726048347158967, 0.14931726352507638], [0.3406724588093452, 0.1947738093110575, 0.22144079508249456, 0.24311293679710258], [0.23022161519381737, 0.47090435278819387, 0.0754598062909897, 0.22341422572699896], [0.30098476740656516, 0.3054535218970956, 0.19105199779224055, 0.2025097129040987], [0.21792797687173782, 0.4085535630048039, 0.1542526172287311, 0.21926584289472723], [0.37643501233799387, 0.1934740047245736, 0.2142629147610642, 0.21582806817636835], [0.403751337935887, 0.2730715185301645, 0.10656821401622774, 0.21660892951772084], [0.29729748454982036, 0.4903582770840392, 0.08015851297357166, 0.13218572539256887], [0.21411483101264808, 0.2739667140508073, 0.23736996223549825, 0.2745484927010464], [0.3704603010653836, 0.21174351500582309, 0.13105940761215518, 0.2867367763166382], [0.2587999082074334, 0.2813848704878286, 0.15176840248336873, 0.3080468188213694], [0.3230886526851753, 0.20912913629410093, 0.1456084916443078, 0.322173719376416], [0.16328116674164642, 0.19598744336241924, 0.38896793724223355, 0.2517634526537008], [0.2724736421260884, 0.38015048432894677, 0.19080327183301274, 0.1565726017119522], [0.18216752898464714, 0.5126605123926592, 0.09019977353735203, 0.21497218508534177], [0.1379501023451043, 0.3684292622835172, 0.1513044065923285, 0.3423162287790501], [0.3227653004937626, 0.3085983349980961, 0.12044194099150991, 0.24819442351663143], [0.21158395507005331, 0.5109840387712625, 0.10759506946959459, 0.16983693668908936], [0.4487220302714606, 0.1968608677826889, 0.10819676749282087, 0.24622033445302965], [0.26042884858922416, 0.3592159969148362, 0.1062758220309566, 0.27407933246498284], [0.20567903170408405, 0.2712734870758552, 0.1688591752419364, 0.3541883059781244], [0.11962848594762907, 0.44446822790534163, 0.235795360541769, 0.20010792560526047], [0.14390999241281238, 0.30547535773700524, 0.1279653886344136, 0.42264926121576873], [0.18774834761079304, 0.2114390142574899, 0.38614162034410565, 0.21467101778761133], [0.2823546835995098, 0.302894354163552, 0.14212319157579445, 0.2726277706611438], [0.4218775218036439, 0.20571104152497097, 0.12770015536853077, 0.2447112813028544], [0.11543614291599143, 0.2758575175926805, 0.0991722602832673, 0.5095340792080608], [0.4539936849218609, 0.22175144206898967, 0.11229442158110246, 0.21196045142804704], [0.298619451152525, 0.23674350322143858, 0.2633031394835161, 0.20133390614252045], [0.2657003545612111, 0.3221556732143261, 0.11681029967949824, 0.29533367254496434], [0.3761605384549082, 0.1833595943433962, 0.24751791820222355, 0.1929619489994721], [0.26628456552111845, 0.22365143891319178, 0.15590253255921638, 0.35416146300647344], [0.1896479678176052, 0.351273902838884, 0.1668052463138141, 0.2922728830296968], [0.20905374797689721, 0.38962765968429236, 0.10794244303728155, 0.2933761493015289], [0.21853123565757093, 0.3206700151086127, 0.12977583661067293, 0.3310229126231435], [0.18615686362573458, 0.20631192611572893, 0.3028822770178913, 0.3046489332406453], [0.3789527984809489, 0.2957145497354496, 0.08824378163546978, 0.2370888701481319], [0.1833164031659508, 0.4441983488699271, 0.08204565261176466, 0.29043959535235736], [0.09541591267982598, 0.6453527874810248, 0.05966034387387644, 0.1995709559652729], [0.1747662300063355, 0.44497250373613534, 0.1566160440122883, 0.22364522224524083], [0.32213227885623935, 0.23924428297653252, 0.262274858081665, 0.17634858008556328], [0.17881138038232722, 0.3308551263221526, 0.19272880963222436, 0.297604683663296], [0.09997879325004638, 0.2849888626818599, 0.3536224832166266, 0.26140986085146717], [0.1881540781616145, 0.30018575418915316, 0.12957896770368157, 0.38208119994555095], [0.11946167389580524, 0.439453315241715, 0.13637902836233184, 0.3047059825001479], [0.1875770608454176, 0.2836888759533768, 0.22408843142815604, 0.3046456317730496], [0.396390224587351, 0.21092748579310006, 0.17364962106006265, 0.2190326685594863], [0.27457627561760994, 0.354167603697967, 0.10206080478613119, 0.2691953158982919], [0.3144774678430434, 0.3900081717361065, 0.1049260624445477, 0.19058829797630225], [0.4213900577283459, 0.21314573007841248, 0.12870583496790042, 0.23675837722534127], [0.31912130981796066, 0.27538412324179756, 0.13019277566769094, 0.27530179127255106], [0.2937429960977127, 0.11661249946404095, 0.11522094273573154, 0.47442356170251493], [0.3603160094297821, 0.2987869084272146, 0.1396068683310266, 0.2012902138119766], [0.16806068049233336, 0.3635874620591429, 0.10256067032399227, 0.36579118712453157], [0.20961060008895427, 0.16820249134752047, 0.12498867080220565, 0.49719823776131955]]}}