{"test": {"ids": ["99109161", "99108710", "109114720", "110116170", "108113480", "101108580", "112119580", "105114220", "107119950", "107112840", "108116481", "111119290", "112116610", "99116500", "98116500", "106112770", "111115910", "97112830", "103113210", "98108370", "109117080", "99120010", "112116880", "104111620", "112118550", "101117580", "107113360", "106115250", "97112300", "103120730", "98120010", "107119130", "107116300", "112119500", "103120780", "113118620", "109116930", "104111711", "112120270", "105116090", "109115220", "110113591", "110118810", "99113260", "105116650", "106116120", "108120280", "104118340", "97109570", "106115240", "110116300", "101112201", "102110890", "105113210", "113120601", "99108010", "105115900", "113119950", "105113620", "107114490", "107121230", "113122170", "110117200", "113122320", "105110091", "112117030", "97113260", "101108121", "97105451", "107118780", "101110740", "111117120", "111120531", "108121160", "101111310", "113122190", "101113210", "98106680", "97108520", "104111780", "103113170", "97116790", "106116441", "113120640", "108119330", "112116540", "109121640", "107121700", "113122180", "99109910", "112120290", "99107950", "112116810", "112116990", "110118930", "106114150", "104111550", "103111170", "107120880", "104113240", "111119430", "113121980", "112117790", "100111080", "103117200", "110116501", "106113260", "107118820", "104117200", "100117420", "105117200", "103111540", "111118810", "107113200", "112118620", "102121700", "98106560", "99107630", "112117461", "112118471", "111116411", "109116750", "113120531", "98116090", "105118171", "97107040", "100120010", "103111990", "100111620", "111120280", "106116640", "102108621", "99119830", "112118890", "99110730", "110120560", "102118380", "105117351", "108120700", "111119150", "97105960", "109118820"], "labels": [3, 2, 0, 0, 0, 0, 3, 3, 3, 1, 0, 3, 1, 2, 2, 1, 2, 2, 3, 1, 1, 2, 0, 0, 3, 3, 0, 2, 2, 1, 2, 1, 0, 2, 1, 3, 0, 1, 0, 1, 3, 0, 1, 0, 1, 1, 3, 2, 0, 1, 3, 0, 0, 3, 2, 2, 3, 0, 0, 3, 0, 1, 3, 1, 0, 2, 1, 0, 0, 1, 3, 2, 0, 2, 3, 1, 3, 1, 2, 3, 3, 2, 0, 0, 0, 1, 0, 3, 2, 2, 1, 1, 3, 0, 1, 1, 1, 2, 1, 2, 3, 2, 3, 0, 0, 3, 3, 3, 3, 2, 3, 1, 0, 0, 3, 1, 1, 2, 0, 1, 0, 0, 0, 0, 3, 2, 0, 2, 3, 0, 3, 3, 1, 3, 3, 0, 1, 0, 2, 3, 2, 3], "predicted_labels": [0, 1, 2, 0, 3, 0, 1, 1, 3, 1, 3, 3, 1, 2, 0, 2, 1, 2, 1, 2, 1, 2, 1, 3, 0, 1, 2, 1, 0, 1, 3, 3, 3, 1, 2, 1, 2, 3, 1, 1, 3, 3, 1, 1, 2, 1, 3, 1, 1, 0, 1, 3, 2, 3, 2, 1, 2, 1, 1, 3, 1, 3, 0, 1, 3, 3, 3, 1, 0, 1, 2, 1, 3, 1, 1, 1, 3, 1, 2, 1, 1, 2, 0, 3, 1, 1, 2, 1, 3, 2, 2, 2, 1, 3, 3, 1, 1, 1, 2, 2, 1, 1, 0, 1, 0, 3, 0, 3, 1, 2, 1, 3, 0, 0, 0, 1, 3, 0, 0, 1, 0, 1, 3, 1, 1, 3, 1, 1, 1, 3, 3, 0, 1, 0, 3, 3, 1, 0, 3, 3, 2, 3], "confidence_scores": [[0.9999743785933632, 8.928415143874391e-07, 2.4097271450543433e-05, 6.312936717157016e-07], [2.651507327024807e-05, 0.9997274218436807, 1.780799302416842e-05, 0.00022825509002485385], [0.0035967279331797037, 0.003588123214218331, 0.9806487452978823, 0.012166403554719674], [0.7118021006175678, 0.017763114978699614, 0.26748503266583756, 0.0029497517378951838], [0.14782980169678725, 0.005018553415624689, 0.01060242268531166, 0.8365492222022765], [0.9290022309272891, 0.0007397994758112229, 0.06960848182745287, 0.0006494877694468941], [0.009850751812581543, 0.9403283763923781, 0.004862544734714622, 0.04495832706032573], [0.36580278836807295, 0.5825615251978356, 0.00012258811061632258, 0.051513098323475115], [0.0006400734699150603, 0.023847206356257852, 0.003642252243927593, 0.9718704679298995], [0.0018946293550621536, 0.9881544640483727, 0.003834822953293809, 0.006116083643271352], [0.002760332810083396, 9.396915443281826e-08, 4.487685118417406e-05, 0.997194696369578], [3.545391957451747e-05, 0.006307132522992851, 0.004128987803812609, 0.9895284257536199], [0.15987540439573572, 0.32392717004587457, 0.2830497771215993, 0.23314764843679037], [2.20789951690317e-07, 0.002524474465864539, 0.997428720720212, 4.658402397168991e-05], [0.9003290592469166, 0.02633794616827285, 0.05510052156136897, 0.018232473023441515], [7.923784419391672e-07, 0.027453599707347683, 0.9103844537543183, 0.06216115415989207], [0.20148073230085367, 0.36923775999683633, 0.09926855241723329, 0.3300129552850767], [0.004535098600050923, 0.015068268036444668, 0.728044967702438, 0.25235166566106626], [0.001213259977229586, 0.9980752918986143, 0.0006821457911221395, 2.9302333033870692e-05], [3.873199677311748e-06, 0.0071056396275062965, 0.9308246820355063, 0.062065805137310186], [2.6328190316206025e-06, 0.9999036385569695, 4.336786749841904e-05, 5.036075650032356e-05], [0.02242998515330725, 0.025756031220300592, 0.9507080660889469, 0.0011059175374453754], [0.01650292865858418, 0.9424462410652265, 0.009393013863396246, 0.031657816412793215], [0.13656046538337566, 0.1415196218268666, 0.001515212339146588, 0.7204047004506111], [0.8970039077168076, 0.0016125016376460348, 0.00021192030409287362, 0.10117167034145334], [0.32766625831384727, 0.6703757416209036, 0.00026222967935153683, 0.0016957703858974942], [0.09389222104064097, 0.009056202209781804, 0.8543283407749866, 0.04272323597459065], [0.0002475192939948919, 0.9916643847378207, 0.006231601205387311, 0.0018564947627971128], [0.6206806380471314, 0.3278655616855361, 0.04577565485588903, 0.005678145411443412], [0.09757796470358901, 0.9024182165321694, 4.999615606532092e-07, 3.3188026810616803e-06], [0.007198920615579273, 0.10751870471806552, 0.3976995120504393, 0.48758286261591594], [0.002056870605137282, 0.08540203917938992, 0.0030559844451688674, 0.9094851057703038], [0.02638755447426262, 0.4782230971472745, 0.0010578544937148997, 0.4943314938847479], [5.770394733793547e-05, 0.9980815026199389, 0.0018488359538443183, 1.1957478878999805e-05], [0.04088499335581024, 0.08335051705038239, 0.7820686347552497, 0.09369585483855754], [0.038451944394740444, 0.9614448815137417, 3.6504895089262e-07, 0.00010280904256681505], [0.00013196170747257642, 4.4435007708042387e-07, 0.9987628801939499, 0.001104713748500483], [0.016704857888990253, 0.025018610106608098, 0.023498429500474864, 0.9347781025039268], [0.0003786684588379464, 0.9801036998772875, 0.017579302991014543, 0.0019383286728600585], [0.48637204809372303, 0.49230718309863863, 3.697327409234949e-05, 0.02128379553354598], [0.00019970133156142048, 0.0008041774204118989, 0.0002552626269244876, 0.9987408586211022], [0.009036613896682736, 0.0001363585813874228, 1.8111287879520316e-09, 0.9908270257108011], [0.28522529592591733, 0.6240631006478717, 0.043800614355988636, 0.046910989070222356], [0.0016301475316259735, 0.9976402107407187, 0.0006986874039369044, 3.0954323718533684e-05], [0.04583816677667691, 0.08550299814951555, 0.8570021096796187, 0.011656725394188768], [0.0002329755669812958, 0.5100612025665735, 0.21033845990736164, 0.2793673619590836], [0.02751800352235763, 0.19449643542677963, 0.15480626074443143, 0.6231793003064313], [0.039925440796990216, 0.9598493440219881, 0.00013935073610478783, 8.586444491694701e-05], [0.3793682915034551, 0.5695357052841262, 0.041852222455241804, 0.00924378075717684], [0.6890479667048708, 0.012340241809230604, 0.1608263943538278, 0.13778539713207086], [0.013527493085672065, 0.9835936058905327, 0.0015954744766697954, 0.001283426547125547], [0.001261106180367041, 0.1425938851092791, 0.1662799014955251, 0.6898651072148289], [0.1530121338141152, 0.0002250905438929293, 0.8169386750666062, 0.029824100575385624], [0.00034261706577556113, 0.001926562609129241, 9.879737644343882e-07, 0.9977298323513307], [0.035656115555161225, 0.23015385298909144, 0.7339384770073591, 0.00025155444838826773], [0.00010374467022784851, 0.5325159861307583, 0.4611818640637466, 0.006198405135267331], [0.1343339350487131, 0.0026112942686671754, 0.8021271683464425, 0.060927602336177195], [0.37597702981571196, 0.6206505347985013, 0.0001781772610948527, 0.0031942581246918807], [0.14365538943515457, 0.8518969525759514, 0.0017648154129069438, 0.002682842575987023], [0.0002458577498766653, 0.002964279060253277, 0.054717604364388786, 0.9420722588254812], [0.007415315392930937, 0.9914222472183023, 1.4872955377083266e-06, 0.0011609500932289805], [0.15872783666207474, 0.1154216646789571, 0.14687749770296746, 0.5789730009560008], [0.9345678116235259, 0.06211293433574416, 0.0021901917403615353, 0.0011290623003685995], [0.33322796435731467, 0.42607039579800643, 0.028108024153023575, 0.2125936156916553], [0.0006868266578133157, 0.0049396977973342505, 0.00032588790595655345, 0.994047587638896], [0.0008461903988612219, 0.015531699119880163, 0.0013989411108188674, 0.9822231693704396], [0.0013957715880802482, 0.38166696114885257, 0.1253711698859725, 0.4915660973770948], [0.022842872954428516, 0.6954186023066017, 0.00995959835203369, 0.27177892638693624], [0.9987810102154944, 0.0010300716389471947, 9.523392064462003e-08, 0.00018882291163782234], [0.0069154608941130406, 0.9648845609499648, 7.040842643270741e-06, 0.028192937313278897], [0.005978425264940598, 0.13622356690477858, 0.8572407044319099, 0.0005573033983708363], [0.00015386948197666455, 0.9964615203014922, 3.232697983819586e-05, 0.0033522832366931136], [0.0005307809442008128, 0.1598248128408579, 0.00016849610020132512, 0.8394759101147399], [0.14998070259819038, 0.7503024623932583, 0.006853157196233658, 0.09286367781231772], [0.4342564394046529, 0.5572754752072037, 0.008248487163770522, 0.0002195982243729599], [0.18092844555009044, 0.4538636182326924, 0.34108660930869966, 0.02412132690851748], [0.0699233299089848, 0.02335868585412227, 0.05633626169598831, 0.8503817225409046], [0.0001229679300936395, 0.7672488224752361, 0.23239134097287587, 0.000236868621794484], [0.19088867389969155, 0.21783175325817933, 0.3993768853838369, 0.19190268745829223], [3.280441586721448e-05, 0.999851263609453, 8.283114553998416e-07, 0.00011510366322425362], [0.01894363506026903, 0.7653826746075514, 0.20956660051500323, 0.00610708981717643], [0.09850434778270367, 0.014043908817731583, 0.8585512219736642, 0.028900521425900473], [0.8572313457180053, 0.06422301900832644, 2.6894450387075237e-05, 0.07851874082328127], [0.0010019333860345552, 0.12066698916322928, 0.05605781897614902, 0.8222732584745871], [0.4054999659226733, 0.5614756631159062, 0.004686332160971654, 0.028338038800448703], [0.026709472666640588, 0.9728511029020002, 1.2708665581197491e-05, 0.0004267157657779409], [0.0005778073999022635, 0.03234210906528418, 0.9268744524767532, 0.04020563105806039], [1.3985928259025878e-05, 0.9259900154890739, 0.004587589682963255, 0.06940840889970375], [8.642051844970895e-06, 0.00010285008019571761, 0.005249568886620553, 0.9946389389813388], [2.8696608282115566e-05, 1.6760050256750914e-06, 0.99994782117188, 2.180621481221772e-05], [0.01058333641994078, 0.05070819007361994, 0.9385019189911603, 0.00020655451527896247], [2.561714273431698e-07, 0.0004995148244521828, 0.8107917313875558, 0.1887084976165647], [0.0006132829273122636, 0.9881743654540606, 0.010639298237893233, 0.0005730533807341202], [0.39356620376802426, 0.006069547315377634, 0.15262703692021445, 0.44773721199638367], [0.005496689689454626, 0.1402917786418661, 0.0335421388389731, 0.8206693928297062], [0.0021182052585951654, 0.5376688762749252, 0.0014594355998714008, 0.4587534828666082], [0.08349571281920849, 0.45726822725581384, 0.15102508125450603, 0.30821097867047176], [0.38233376462883256, 0.5986806966988167, 0.018597564991989637, 0.00038797368036101265], [0.0009070147634392834, 0.03340810410999904, 0.8230024555190935, 0.14268242560746822], [0.014412832270954646, 0.4742970970699845, 0.5111449769667666, 0.00014509369229422816], [0.0008644080901514354, 0.8367113658257734, 0.07632126493032328, 0.08610296115375174], [7.525038344900074e-05, 0.997807956837093, 2.613879944747798e-06, 0.0021141788995132625], [0.9748029933103669, 0.00279805901355407, 0.0013902982811528819, 0.021008649394926082], [0.092294502125821, 0.6147225950359746, 0.2892426060229602, 0.0037402968152442082], [0.9948313660381468, 0.0004284646813604487, 4.866718602304617e-05, 0.004691502094469746], [0.3819449023542225, 0.025840973490771586, 4.7871578923052375e-06, 0.5922093369971136], [0.7405980855940543, 0.22782212306257096, 0.006202603319008994, 0.02537718802436563], [0.04398119566142663, 0.20365007647741337, 0.015542154058691797, 0.7368265738024682], [0.0012013985860467133, 0.5024620742048358, 0.029174773886121816, 0.46716175332299564], [1.4188014612271483e-08, 1.980520993970823e-05, 0.9999699110918093, 1.0269510236386294e-05], [0.15799505783760298, 0.8318519524580604, 0.0007175261556898823, 0.009435463548646562], [0.0001766219957467188, 0.056571876246232805, 0.008475877753069197, 0.9347756240049513], [0.6797220447820145, 0.04465266185955905, 1.6152794698197175e-05, 0.2756091405637281], [0.8511116987865767, 1.5202535447108228e-05, 0.0009023865829476535, 0.14797071209502868], [0.860610050532844, 0.05338023004699819, 0.000361833235296151, 0.08564788618486177], [0.14477835707676995, 0.8360477198511724, 0.01674938514942486, 0.0024245379226327957], [0.0025632145115802264, 0.0007094210120338475, 0.004848157898244098, 0.9918792065781418], [0.9751547176176683, 0.006753994671131452, 0.0042705506058831255, 0.013820737105317307], [0.7887764104389369, 0.0005721802776263973, 0.0008149567293264182, 0.20983645255411026], [0.005584983442902199, 0.9938125412996658, 0.00024732091874554783, 0.0003551543386864609], [0.5602640430537293, 0.0017089953363284118, 7.662879807973754e-07, 0.4380261953219614], [0.04957226176334977, 0.5928041281100158, 0.008069597252603762, 0.34955401287403054], [0.15786707343750753, 0.0027449234893979586, 0.0019936667720536804, 0.8373943363010408], [0.10391602950925716, 0.7654590121360981, 0.1142199177409734, 0.016405040613671217], [0.00023967406986180378, 0.9945149563358159, 1.5312370599551827e-06, 0.005243838357262141], [0.2630956938797454, 0.05372568023495181, 0.2818060213070768, 0.40137260457822593], [0.003113061265518526, 0.9228576531372122, 0.07361681901261537, 0.0004124665846537035], [0.12292645949397514, 0.8660091218159894, 0.0104184181101582, 0.0006460005798772659], [0.03063074373825992, 0.8830760648235425, 0.07154899772692265, 0.01474419371127498], [0.11860991010121595, 0.09594684301711273, 0.015099792661312679, 0.7703434542203588], [0.015399738888496457, 5.500677857612505e-06, 0.0021463295157178887, 0.982448430917928], [0.9474009580932599, 0.047112100126165776, 2.0644161973272665e-05, 0.0054662976186010594], [0.00016535945503781408, 0.9516577033610302, 0.04292141064560891, 0.005255526538323111], [0.9784709739360326, 0.021034559707111624, 5.144435762265734e-07, 0.000493951913279689], [0.0004320302968866795, 1.2362716602109438e-05, 0.005728643973531438, 0.9938269630129797], [0.19119001786218426, 0.0005277492902502881, 0.09523918101840986, 0.7130430518291556], [8.605046031106347e-05, 0.9175760707121687, 0.07952558580473108, 0.002812293022788954], [0.8985747087180027, 0.00010180362864651111, 0.0005699869458723535, 0.10075350070747832], [0.13264897120888314, 0.27605444041998994, 0.0005386894222946234, 0.5907578989488323], [0.019461232618195542, 0.04403692807290987, 4.997843291441464e-05, 0.9364518608759803], [0.03073738288588975, 0.0013120263885458142, 0.9645850912512391, 0.003365499474325431], [0.018385411323056943, 0.0647017757479827, 0.023272898430976935, 0.8936399144979834]]}, "rewritten": {"ids": ["97105451", "97105960", "97107040", "97108520", "97109570", "97112300", "97112830", "97113260", "97116790", "98106560", "98106680", "98108370", "98116090", "98116500", "98120010", "99107630", "99107950", "99108010", "99108710", "99109161", "99109910", "99110730", "99113260", "99116500", "99119830", "99120010", "100111080", "100111620", "100117420", "100120010", "101108121", "101108580", "101110740", "101111310", "101112201", "101113210", "101117580", "102108621", "102110890", "102118380", "102121700", "103111170", "103111540", "103111990", "103113170", "103113210", "103117200", "103120730", "103120780", "104111550", "104111620", "104111711", "104111780", "104113240", "104117200", "104118340", "105110091", "105113210", "105113620", "105114220", "105115900", "105116090", "105116650", "105117200", "105117351", "105118171", "106112770", "106113260", "106114150", "106115240", "106115250", "106116120", "106116441", "106116640", "107112840", "107113200", "107113360", "107114490", "107116300", "107118780", "107118820", "107119130", "107119950", "107120880", "107121230", "107121700", "108113480", "108116481", "108119330", "108120280", "108120700", "108121160", "109114720", "109115220", "109116750", "109116930", "109117080", "109118820", "109121640", "110113591", "110116170", "110116300", "110116501", "110117200", "110118810", "110118930", "110120560", "111115910", "111116411", "111117120", "111118810", "111119150", "111119290", "111119430", "111120280", "111120531", "112116540", "112116610", "112116810", "112116880", "112116990", "112117030", "112117461", "112117790", "112118471", "112118550", "112118620", "112118890", "112119500", "112119580", "112120270", "112120290", "113118620", "113119950", "113120531", "113120601", "113120640", "113121980", "113122170", "113122180", "113122190", "113122320"], "labels": [0, 2, 2, 2, 0, 2, 2, 1, 2, 1, 1, 1, 0, 2, 2, 2, 1, 2, 2, 3, 2, 3, 0, 2, 1, 2, 0, 3, 2, 0, 0, 0, 3, 3, 0, 3, 3, 3, 0, 1, 1, 2, 1, 2, 3, 3, 0, 1, 1, 1, 0, 1, 3, 2, 3, 2, 0, 3, 0, 3, 3, 1, 1, 3, 0, 3, 1, 3, 1, 1, 2, 1, 0, 3, 1, 0, 0, 3, 0, 1, 3, 1, 3, 1, 0, 3, 0, 0, 0, 3, 2, 2, 0, 3, 0, 0, 1, 3, 0, 0, 0, 3, 3, 3, 1, 1, 0, 2, 0, 2, 0, 3, 3, 3, 0, 0, 1, 1, 3, 0, 0, 2, 0, 3, 1, 3, 3, 3, 2, 3, 0, 1, 3, 0, 0, 2, 0, 2, 1, 2, 1, 1], "predicted_labels": [0, 2, 3, 1, 1, 0, 2, 3, 0, 3, 1, 2, 1, 1, 1, 0, 3, 1, 1, 0, 2, 3, 1, 2, 1, 0, 1, 3, 2, 1, 1, 0, 2, 1, 3, 3, 1, 0, 3, 1, 1, 0, 3, 1, 3, 1, 0, 1, 0, 1, 3, 3, 1, 2, 1, 0, 3, 3, 0, 3, 3, 0, 2, 0, 0, 1, 2, 1, 3, 0, 1, 2, 0, 3, 1, 0, 2, 3, 3, 1, 1, 3, 3, 0, 1, 1, 3, 3, 0, 3, 3, 3, 2, 3, 1, 2, 1, 3, 2, 3, 1, 1, 3, 0, 3, 1, 3, 2, 3, 1, 1, 3, 1, 1, 3, 1, 1, 3, 1, 1, 2, 3, 3, 0, 1, 0, 3, 0, 1, 1, 1, 2, 1, 3, 3, 2, 3, 1, 1, 3, 0, 3], "confidence_scores": [[0.9950148641829818, 0.004504202671026137, 3.386118406747586e-07, 0.00048059453415143195], [0.32115120690924487, 0.014047236801100501, 0.6541816023187661, 0.010619953970888473], [0.07803024897133311, 0.12609433540163797, 0.004463683128637673, 0.7914117324983913], [0.032625827503154306, 0.9652514902026151, 0.0016792212751685035, 0.000443461019062105], [0.0002655411070764145, 0.9931682157993773, 0.00035201974107701634, 0.006214223352469192], [0.5448029530626043, 0.0844209598590955, 0.04710654454970817, 0.323669542528592], [4.659732008063478e-05, 0.002030227804834236, 0.9330709270137036, 0.06485224786138147], [0.004250482354509153, 0.02132126636758609, 0.13822284315321928, 0.8362054081246855], [0.6412239063396578, 0.08469329144864193, 0.21488482597061948, 0.05919797624108091], [0.002880757082534317, 0.013218342113866308, 0.005474699115706832, 0.9784262016878925], [7.435454857770571e-05, 0.9973684473145352, 0.0025470518625844243, 1.0146274302768856e-05], [2.163945097539802e-07, 0.000228563835809548, 0.9996150977029279, 0.00015612206675299343], [0.04601884126429643, 0.9185480847828876, 0.007604674240101946, 0.027828399712714006], [0.02456101756574458, 0.9553463541121201, 0.001636873384876709, 0.018455754937258706], [0.0007132528742262764, 0.8492252788751682, 0.003128757037779802, 0.14693271121282564], [0.9337249981757184, 0.0010438343380251335, 0.004789300199678118, 0.06044186728657833], [3.351628844290846e-06, 0.006128413160791179, 0.02987969002926263, 0.9639885451811019], [0.00012047000993356333, 0.828896856546477, 0.1622949955938333, 0.00868767784975588], [3.20681530051447e-08, 0.9999999655473187, 4.827120435414346e-10, 1.9018161454586386e-09], [0.9998484013515697, 0.00011357464946032105, 1.2531651929905505e-06, 3.677083377712674e-05], [0.017941248244227735, 7.204636952852974e-07, 0.982052126699037, 5.904593039941181e-06], [0.0002770839936247166, 2.320285117619328e-05, 0.001834502008422477, 0.9978652111467765], [0.0005421586705116691, 0.9993978390375821, 1.1076243236206677e-05, 4.892604866980709e-05], [0.00012135912877195102, 0.04092715082140709, 0.9341012333773415, 0.024850256672479525], [0.00012158077672140811, 0.8928013662058347, 0.0013725222765994494, 0.10570453074084447], [0.9744324603050755, 0.00012205083600936499, 0.024950676923650477, 0.0004948119352647975], [0.002345171844348215, 0.9909025409796012, 0.006361314425071204, 0.0003909727509796084], [0.07034084312362497, 0.1277597539755139, 0.27284164900378577, 0.5290577538970754], [8.682961914807965e-06, 0.004314272542138993, 0.9952852964984988, 0.00039174799744741174], [0.00019190457134738806, 0.9995348972239718, 0.0001539333131394613, 0.00011926489154142142], [0.000293145779639263, 0.9971614599219913, 8.138679076533903e-05, 0.002464007507603787], [0.874444356093109, 0.0022343861684420365, 0.12315605628571963, 0.00016520145272918297], [0.03563883958882341, 0.24093803937781658, 0.719800206938341, 0.003622914095019026], [0.4495432828432453, 0.48793796234293796, 0.06251826337034368, 4.914434729459642e-07], [0.0005611579465052214, 0.01629639359300923, 0.16670597371197882, 0.8164364747485068], [0.15444361395737458, 0.011346530413915246, 0.007487539218102748, 0.8267223164106073], [0.004883676984598622, 0.9949294144546184, 2.7121382960207843e-05, 0.00015978717782291998], [0.872884441205302, 0.030137213345407688, 0.002831623484125301, 0.09414672196516496], [0.12339780656474, 0.00927174235393473, 0.3405205133100367, 0.5268099377712886], [0.015483653186416783, 0.6546187015484658, 0.3223366045728468, 0.007561040692270558], [0.1423946875115798, 0.8486008353874845, 0.0026471899129125597, 0.006357287188023257], [0.6288039900511564, 0.37096311610326854, 8.425899890086887e-05, 0.00014863484667432616], [0.041449500519334, 0.0030085864688988396, 0.004435907591312813, 0.9511060054204543], [0.015305054090734111, 0.9837019522955627, 1.2735686388578554e-05, 0.0009802579273146025], [0.005803492204925662, 0.46173153767462455, 0.05094027372308264, 0.48152469639736717], [0.055816340169679644, 0.8753713761969023, 0.01885619890761304, 0.049956084725804935], [0.9959113688103549, 3.581340055890452e-05, 0.0002249324938300685, 0.0038278852952559326], [0.011844887231137535, 0.9881402989435896, 2.7381729459880342e-09, 1.4811087100018668e-05], [0.39072526108879907, 0.21271500230302332, 0.13272653220362676, 0.26383320440455077], [0.00035817168760844095, 0.8302993443863901, 0.15379011287394578, 0.015552371052055732], [0.00529726399283926, 0.2951897480551823, 0.0005003655081636501, 0.6990126224438148], [0.0006699362986727367, 0.09308998668812629, 0.001264185166000527, 0.9049758918472005], [0.005918110721152404, 0.8989345528574026, 7.459669407514083e-05, 0.09507273972736983], [0.00033667771340420573, 0.30785171382106846, 0.6917245659338868, 8.704253164051453e-05], [0.022941632463315886, 0.5207520915915924, 0.0007324585343492025, 0.4555738174107425], [0.9141833310942707, 0.08553444553467918, 2.237555350464213e-05, 0.0002598478175452589], [0.020860632103787375, 0.002021636395175512, 0.0005423808553304124, 0.9765753506457066], [0.000248607094787545, 0.019971315241539937, 6.675067873736981e-07, 0.9797794101568851], [0.7149370800739825, 0.2795883799484289, 6.486632801461979e-05, 0.005409673649574089], [0.1670380453592366, 0.050086683379093305, 0.0003148662475907087, 0.7825604050140793], [0.19254383297301075, 0.007233748054635031, 0.08599651283327739, 0.7142259061390769], [0.9998121474715207, 0.00016501676346822588, 7.71455966766718e-06, 1.512120534362868e-05], [0.027767783373690118, 0.24311325256275992, 0.4664635501871517, 0.2626554138763983], [0.6536062212446059, 0.3300330559211539, 0.0007539749056551219, 0.015606747928585105], [0.9996717537622579, 1.864011958158101e-05, 3.878010997739581e-06, 0.0003057281071628862], [0.0013482994611875427, 0.9986218562658138, 3.893300763122413e-06, 2.5950972235533658e-05], [4.72132003472559e-05, 0.38532495973126374, 0.6143136631985596, 0.0003141638698294006], [0.011969415373444436, 0.9742135604961772, 7.429749178007718e-07, 0.01381628115546066], [0.003964336188273938, 0.032549604346946634, 0.0022666191856978274, 0.9612194402790817], [0.8489965960657998, 0.0322836590028462, 0.031499050658687064, 0.08722069427266678], [0.013724638325560642, 0.9823014565811806, 0.003637969385665549, 0.0003359357075930714], [1.6539582417557692e-05, 0.09124305246541463, 0.756017555663249, 0.15272285228891885], [0.9994346388348647, 0.000491680662024805, 6.865817365840088e-07, 7.299392137383871e-05], [0.004728397740066892, 0.0003117533195329088, 0.002485006706499131, 0.9924748422339011], [0.00016293305656227603, 0.9991131852562932, 0.0001042242946480532, 0.0006196573924962983], [0.9773216857822921, 2.5571796955136467e-06, 0.00020925950773327176, 0.0224664975302791], [0.0002105989471843278, 0.22976467894822125, 0.7193177322515489, 0.05070698985304545], [0.02308261604666205, 0.17332518718907888, 0.024051888403512692, 0.7795403083607463], [0.11166042884244042, 0.07382143239469319, 0.04532342850665661, 0.7691947102562098], [0.08130975812582147, 0.5914952032941123, 0.0015994595854208543, 0.3255955789946454], [0.000508701694162446, 0.9868250020292653, 0.01041816834375833, 0.0022481279328137767], [0.0026553933379974853, 0.0472049567052247, 3.2980128319478645e-05, 0.9501066698284583], [7.22486553540802e-06, 1.0357181565319184e-05, 8.058364550888048e-05, 0.9999018343073904], [0.986075997831094, 0.00011344078068983344, 0.008945989274567469, 0.004864572113648597], [0.00014328235300646415, 0.9997766997311401, 1.2909065393954292e-08, 8.000500678807813e-05], [1.8701547647642242e-06, 0.9767462234820525, 9.31034327485393e-05, 0.023158802930433976], [0.12018300014703641, 0.0007947536073506837, 0.18149508226717814, 0.6975271639784348], [0.02918441432995942, 0.00014601029856161778, 0.004062510164288946, 0.9666070652071901], [0.9484592155896234, 0.00043473987763015763, 0.011522199341964775, 0.03958384519078173], [0.0035569205831010114, 0.10297597178824719, 0.019922483149865833, 0.8735446244787861], [0.004723942969081934, 0.0002774975163592386, 1.4635309838570835e-06, 0.9949970959835749], [0.04007562633089298, 0.234448546015734, 0.33772574053543036, 0.38775008711794273], [0.0005060689819596248, 0.0003208536113192273, 0.9236281409822834, 0.07554493642443756], [0.00043127531286294763, 0.0010841907310508944, 0.09462767891504363, 0.9038568550410425], [0.05783270535671909, 0.9087565000788609, 0.024876307400815596, 0.008534487163604554], [0.0030277165790018063, 0.014405323031021114, 0.7251759828743465, 0.2573909775156306], [5.908067456187879e-05, 0.9923454362592614, 0.004951664251693648, 0.0026438188144832214], [0.10889307073711431, 0.27603413247718894, 0.001431037194239033, 0.6136417595914577], [0.0023687784382914376, 0.027185045745938646, 0.5205843621169609, 0.44986181369880907], [0.0013275947200778724, 2.003973726393012e-05, 5.115958345904782e-08, 0.9986523143830748], [0.0012376018202478814, 0.9862198978922004, 0.00011946782288427575, 0.012423032464667366], [0.3805504404909064, 0.5652176121171189, 0.012738576962241071, 0.0414933704297338], [0.012473168967805747, 0.014931836194917057, 3.297205937440699e-06, 0.9725916976313397], [0.9819580634718373, 0.015216584986094024, 0.0016447672761445084, 0.0011805842659239813], [0.13101765425256004, 0.04027361171571113, 0.005542669086989819, 0.823166064944739], [1.767621199055281e-05, 0.8755872855566688, 0.0027223209853771283, 0.12167271724596342], [0.006656339909370823, 6.940938416158834e-05, 0.0040240011351338695, 0.9892502495713337], [0.03125866467714462, 0.3761503575069279, 0.4561988126343301, 0.13639216518159744], [0.10332373734853832, 6.7924588439636e-05, 7.4243726617823385e-06, 0.8966009136903602], [0.0011265950234862871, 0.7669444418712109, 2.8543655690134557e-05, 0.2319004194496126], [0.061766085381457454, 0.8978703526078573, 0.00010715941982588957, 0.04025640259085953], [4.842529133543726e-05, 0.04333168089510111, 0.00023442975726839827, 0.956385464056295], [4.174186145336149e-05, 0.46610628121320885, 0.41835796691797167, 0.1154940100073661], [0.0001036077851582669, 0.841018826744877, 0.00845493604026676, 0.15042262942969806], [0.005450146255013946, 0.00035816110947161516, 0.002593818981332836, 0.9915978736541816], [0.017799544041656293, 0.5354618271803955, 0.0005651942154902892, 0.44617343456245795], [0.08211606803162295, 0.7748969356808744, 0.00033380062581090205, 0.14265319566169157], [0.22761288456604026, 0.21561270239906294, 0.11413575608303507, 0.4426386569518616], [0.00012941220073193569, 0.9879156157734542, 0.010164686762406158, 0.0017902852634077324], [0.4390805424576715, 0.45403869413782383, 0.00825509393334644, 0.09862566947115814], [0.13248894875876835, 0.22674434187641646, 0.6060955513450779, 0.03467115801973749], [0.0022838913471399727, 0.027430028592129566, 0.01317109617195356, 0.9571149838887768], [0.3884732407318685, 0.014830194376306415, 0.0749863546699637, 0.5217102102218615], [0.8675685307076227, 0.0629487464308236, 0.021930138805669932, 0.047552584055883695], [0.0006302179410664731, 0.9992793446075849, 2.560527306205398e-06, 8.787692404231944e-05], [0.665767860801784, 0.0442379495292372, 0.006934873414199548, 0.28305931625477937], [0.0007476404179063737, 0.0011283245557184621, 0.00015086866029101, 0.9979731663660841], [0.9662998302546649, 0.0005331501181678148, 1.2477588923568945e-06, 0.033165771868274976], [0.03305756189682026, 0.9504317631820866, 0.01650771509446376, 2.959826629495227e-06], [0.0003139717214993345, 0.9834912161625501, 0.0012315701176271463, 0.014963241998323442], [0.05483969482628993, 0.8592627802148273, 0.08469551187124431, 0.0012020130876385965], [8.235548008779843e-05, 0.007432988883598406, 0.9923643604191429, 0.00012029521717083927], [0.12434318091767138, 0.8748772768181744, 1.8607137703169617e-05, 0.0007609351264511321], [0.3221972901079567, 0.16754537802549785, 0.00018152418283571225, 0.5100758076837096], [0.005986308614502481, 0.049785573163317054, 0.0009999879526655434, 0.943228130269515], [0.09619815584197089, 0.13067581576882695, 0.7669653402038018, 0.006160688185400522], [0.0001737036975233132, 0.24676363643330962, 0.2766136169080123, 0.4764490429611548], [4.256588322556093e-07, 0.9993331793022566, 9.773830445430185e-07, 0.0006654176558666548], [0.02129859941868341, 0.5894868696815893, 0.001451638462349905, 0.3877628924373774], [1.3459932693641519e-05, 0.0006411014366465341, 0.0002863205101125443, 0.9990591181205473], [0.8233207266091306, 0.15772562837994786, 0.015249024565600773, 0.0037046204453207985], [0.1840909721359725, 0.06130840289205617, 0.05451767317366872, 0.7000829517983026]]}}