{"test": {"ids": ["97116500", "107114110", "103120780", "109116930", "110115580", "97107920", "112120290", "101121640", "106114321", "100108080", "98109311", "105117431", "103113610", "100111080", "112118820", "109120540", "110115250", "100110050", "112121030", "112117780", "108115500", "100109910", "106111321", "108119510", "97107260", "103111110", "113119450", "104111990", "113120531", "105110251", "105115900", "109114270", "104119290", "112117571", "113122150", "112117030", "112120630", "100108990", "112119950", "105121370", "112117790", "104116800", "105116501", "100107920", "106114280", "99108460", "107119390", "106113190", "113122160", "113119700", "111116290", "104113380", "111119340", "97112170", "97113260", "106116441", "103113640", "111118301", "104113210", "109116750", "108117720", "107116300", "106116120", "113122320", "99111340", "105115720", "105117351", "106113170", "105114220", "99109740", "107114200", "100109801", "103111830", "111121351", "107118120", "102107961", "113122510", "110114920", "111116170", "109116170", "107113360", "98120010", "99107630", "111119300", "112118550", "104111550", "98107210", "98106680", "110114950", "111119930", "112119320", "109117271", "97105580", "103111990", "98109230", "99112840", "110121140", "101116130", "101108580", "103109641", "104110960", "113118690", "113120591", "101110740", "100120780", "104111380", "108119330", "108118291", "100112060", "111121190", "113117401", "100108490", "107118780", "103110100", "113117630", "107114780", "98110810", "113118820", "103109791", "108113480", "111116040", "98107410", "104111711", "113118630", "111114941", "100108580", "104111620", "109113931", "97110950", "98111860", "112116810", "109117630", "108121351", "112118161", "103109021", "100120010", "106113360", "98112580", "107112850", "112116401", "111116530", "111115620"], "labels": [2, 1, 1, 0, 1, 0, 1, 2, 2, 0, 1, 1, 2, 0, 0, 1, 1, 3, 0, 0, 3, 2, 0, 1, 2, 3, 3, 2, 0, 0, 3, 3, 1, 3, 2, 2, 3, 2, 0, 2, 3, 1, 1, 0, 3, 0, 2, 0, 3, 0, 2, 1, 3, 0, 1, 0, 1, 3, 3, 0, 1, 0, 1, 1, 1, 1, 0, 0, 3, 3, 2, 0, 3, 0, 3, 3, 2, 3, 0, 0, 0, 2, 2, 1, 3, 1, 1, 1, 0, 1, 1, 0, 1, 2, 1, 2, 3, 2, 0, 1, 2, 3, 0, 3, 1, 3, 0, 3, 2, 1, 3, 2, 1, 1, 0, 2, 1, 0, 3, 0, 0, 3, 1, 3, 0, 0, 0, 1, 3, 0, 3, 0, 3, 0, 0, 0, 0, 2, 1, 0, 3, 1], "predicted_labels": [1, 3, 1, 3, 1, 3, 1, 3, 0, 3, 3, 1, 3, 1, 1, 3, 1, 1, 3, 3, 1, 1, 3, 1, 1, 3, 1, 1, 1, 1, 1, 3, 1, 1, 1, 1, 3, 1, 3, 1, 3, 1, 1, 3, 3, 3, 1, 1, 1, 1, 3, 3, 3, 3, 3, 1, 3, 3, 3, 3, 3, 1, 1, 3, 1, 3, 1, 3, 3, 1, 1, 1, 3, 1, 1, 3, 3, 1, 1, 3, 3, 3, 3, 1, 3, 1, 1, 1, 3, 3, 1, 3, 1, 3, 1, 3, 3, 1, 0, 3, 3, 1, 1, 1, 3, 3, 3, 1, 3, 1, 1, 1, 3, 1, 3, 1, 1, 1, 3, 1, 3, 3, 1, 1, 1, 3, 3, 3, 0, 1, 3, 1, 3, 1, 3, 1, 3, 3, 1, 3, 3, 3], "confidence_scores": [[0.22504177766677794, 0.30124285877521173, 0.20590382509647231, 0.2678115384615386], [0.2561289266289267, 0.27090326895326894, 0.17063721833721837, 0.3023305860805862], [0.23699357276710223, 0.2992323232323234, 0.17343943866590933, 0.2903346653346653], [0.24252687312687315, 0.27450654704772354, 0.1447839901928138, 0.3381825896325897], [0.19035832500832506, 0.3249598215509981, 0.1651750471750473, 0.3195068062656299], [0.2723158008658009, 0.2356195193695195, 0.14838042513042513, 0.3436842546342547], [0.2549058275058276, 0.29540926850926835, 0.17897995892995905, 0.27070494505494525], [0.20282679346797014, 0.2706153624153625, 0.21916743811743822, 0.3073904059992297], [0.29606384638753047, 0.2698460069170596, 0.16968645243645247, 0.2644036942589575], [0.16791768231768242, 0.29192148962148934, 0.23889965034965055, 0.3012611777111777], [0.23688140470640484, 0.27985291375291377, 0.18822085414585416, 0.29504482739482757], [0.20375770618270622, 0.3077224497724497, 0.18910270007770025, 0.2994171439671442], [0.18919964447317406, 0.25291937049878227, 0.2619627013509367, 0.2959182836771073], [0.21070800865800868, 0.31474790764790755, 0.1865412698412699, 0.28800281385281373], [0.22347163114663124, 0.308287135087135, 0.16485682373182375, 0.3033844100344102], [0.2000891025641027, 0.28463829781329764, 0.20640586080586099, 0.3088667388167389], [0.1784097180597182, 0.34298500943500926, 0.19332129537129544, 0.28528397713397724], [0.20722968142968146, 0.3197666083916083, 0.22265559440559454, 0.25034811577311583], [0.2115398118221648, 0.2634537323787324, 0.1694758285831816, 0.3555306272159214], [0.2555154567654569, 0.2661124042624043, 0.1852632423132424, 0.29310889665889656], [0.24102606560106557, 0.2923576395826395, 0.20390644910644914, 0.2627098457098458], [0.21261501358119014, 0.28056290098790104, 0.22757462537462556, 0.27924746005628365], [0.21846850926850944, 0.30319244366744363, 0.1654560744810745, 0.3128829725829727], [0.21896994476112133, 0.3110169413919414, 0.1883492562992564, 0.281663857547681], [0.18491072261072267, 0.3026486271898037, 0.21019332334332347, 0.30224732685615036], [0.1877118076368078, 0.27272526917526907, 0.2200515512265513, 0.31951137196137214], [0.23063376068376074, 0.30832028527028504, 0.1753223637473639, 0.28572359029859046], [0.21762660117660118, 0.32608078392196044, 0.20089406345288713, 0.2553985514485517], [0.20570215209626985, 0.30349509150979737, 0.1897588217338218, 0.3010439346601112], [0.2802614607614608, 0.2949959373959375, 0.16286541236541235, 0.2618771894771894], [0.19088827838827857, 0.33388941613941614, 0.19020373792873807, 0.28501856754356747], [0.2606865634365634, 0.26772371794871797, 0.16560416805416825, 0.30598555056055066], [0.2335275946275948, 0.31063508158508174, 0.18356153846153858, 0.2722757853257853], [0.21361681651681663, 0.3276199827949827, 0.18311968586968602, 0.275643514818515], [0.20344004329004323, 0.3142988178488178, 0.18503138528138535, 0.2972297535797536], [0.19498819546466611, 0.3163135345047111, 0.18061681814917122, 0.30808145188145203], [0.25815987345987346, 0.2571558164058166, 0.15856149406149425, 0.3261228160728159], [0.19898241203241213, 0.29965197025197016, 0.22907429400664697, 0.27229132370897086], [0.2764418303918304, 0.23509808247308267, 0.1614554695304696, 0.32700461760461774], [0.15923906093906112, 0.339659246309246, 0.21019490509490515, 0.2909067876567878], [0.2279930458430458, 0.2709494255744257, 0.1693813436563438, 0.3316761849261849], [0.2199027306027308, 0.3200442501942502, 0.18108827283827283, 0.27896474636474633], [0.22945896603396623, 0.31807622377622385, 0.16665110445110462, 0.28581370573870596], [0.25821114800232453, 0.2508963200198496, 0.1776984365307895, 0.3131940954470368], [0.2208605745132062, 0.280057894882895, 0.18521155890892727, 0.3138699716949717], [0.2236717032967034, 0.2726686507936508, 0.176614357864358, 0.32704528804528804], [0.17073812183984605, 0.3064507437007437, 0.2213413697413699, 0.3014697647180404], [0.1630931790431792, 0.29821896714396706, 0.2556180985680986, 0.28306975524475514], [0.1823634532134532, 0.3273256132756133, 0.2192323176823178, 0.27107861582861587], [0.20938445443445464, 0.317854254079254, 0.17342264957264963, 0.29933864191364207], [0.23148822288822304, 0.2694473026973028, 0.22028452380952387, 0.27877995060495053], [0.20274026529026534, 0.2892185786435787, 0.19832481129981144, 0.30971634476634485], [0.20521912531912534, 0.28141053195170834, 0.20450404791287155, 0.30886629481629485], [0.22568444333444326, 0.24118555806938174, 0.18958436367554013, 0.34354563492063495], [0.22227163669663677, 0.26766555666555686, 0.21703487819370174, 0.29302792844410486], [0.20209890676918538, 0.3280277455001137, 0.1627639527139527, 0.30710939501674805], [0.26238481518481516, 0.27719276834276824, 0.1489429015429016, 0.31147951492951487], [0.24616238206238203, 0.2632133422133424, 0.1908409312909314, 0.2997833444333443], [0.25051265923618865, 0.24676049555020166, 0.2062367031661151, 0.2964901420474947], [0.23828725996226005, 0.2557188161511691, 0.18541900044400056, 0.3205749234425706], [0.2506418303918304, 0.2245148518148518, 0.17320552225552227, 0.35163779553779545], [0.22256802086802088, 0.2939495115995116, 0.19075439560439572, 0.29272807192807204], [0.24390544733044753, 0.2762478354978356, 0.2356928321678322, 0.24415388500388505], [0.21383459759195056, 0.2846207439619205, 0.20550266318648663, 0.2960419952596423], [0.21405135595398753, 0.28363657833394684, 0.23026292318792335, 0.27204914252414253], [0.2026315906315906, 0.2960770313020314, 0.20376959429459443, 0.29752178377178373], [0.22615103507603523, 0.3221892857142857, 0.15726082251082263, 0.2943988566988566], [0.20917662892662905, 0.2964119091692623, 0.17808966033966037, 0.3163218015644486], [0.2250623082799555, 0.269614326316958, 0.2099390369864055, 0.2953843284166815], [0.2101063991563993, 0.3091356754356754, 0.19010663225663232, 0.290651293151293], [0.20592436729936742, 0.3217833527583529, 0.18014868742368753, 0.2921435925185929], [0.2245107781107782, 0.3123997113997114, 0.17763298368298377, 0.28545652680652683], [0.24584739427239435, 0.2647546620046621, 0.15549663114663118, 0.3339013125763127], [0.26068654956154963, 0.3103642940392939, 0.1763746475746476, 0.2525745088245089], [0.2083779387279388, 0.34228849206349204, 0.15752037407037411, 0.29181319513819515], [0.24685489232989233, 0.2882307692307693, 0.15717931072195787, 0.3077350277173807], [0.1746388916638917, 0.315914285714286, 0.18649708347208357, 0.3229497391497389], [0.1741613941613942, 0.3394475135975134, 0.18928329448329453, 0.2971077977577977], [0.22951116383616396, 0.29708492618492627, 0.17886258741258745, 0.29454132256632254], [0.2250046980796979, 0.2843035187035187, 0.17923206793206803, 0.3114597152847155], [0.24350631460043218, 0.2190592884239943, 0.1934417721167722, 0.34399262485880144], [0.23023746808746817, 0.2621806265629796, 0.23474203019203022, 0.27283987515752217], [0.21332917082917094, 0.22636075036075046, 0.22670077145077155, 0.33360930735930744], [0.2364551337551338, 0.3284969086469088, 0.1816541070041071, 0.25339385059385083], [0.21682596847596844, 0.29890016650016654, 0.18168695748695757, 0.30258690753690765], [0.1967185703185703, 0.3049841214341218, 0.2252925685425686, 0.2730047397047397], [0.21143537377655036, 0.29770900765900754, 0.21017439619204328, 0.28068122237239895], [0.21117186424686435, 0.3034937570599339, 0.22712015957898324, 0.2582142191142192], [0.22810973748473756, 0.27043269230769235, 0.20585676268176284, 0.2956008075258076], [0.21769842624695573, 0.27634093977917507, 0.20992828299151842, 0.29603235098235103], [0.1874063852813854, 0.344386666111666, 0.182217945942946, 0.2859890026640026], [0.2231387057387058, 0.28506210178710184, 0.18147050727050726, 0.3103286852036854], [0.21086495726495735, 0.31147705247968416, 0.18750878945615793, 0.29014920079920076], [0.21970868020868042, 0.27079822954822963, 0.2091546453546453, 0.30033844488844474], [0.25537537915301106, 0.2681378798102485, 0.21823382173382178, 0.25825291930291944], [0.1894302697302699, 0.2824512376512377, 0.24371602678367393, 0.28440246583481904], [0.24123131002421072, 0.2786393911643912, 0.17852878902143618, 0.30160050978996217], [0.1758705294705295, 0.29833093295593294, 0.22786284826284836, 0.29793568931068914], [0.2920012151191158, 0.23691737951590902, 0.18791306242776834, 0.28316834293720705], [0.20684043456543463, 0.2810385586635589, 0.1880209207459207, 0.32410008602508594], [0.1993982323232323, 0.27407428404928413, 0.22130330225330228, 0.30522418137418134], [0.22780464812964812, 0.3010229853479853, 0.18538210678210684, 0.2857902597402598], [0.2059735875235875, 0.2809000388500391, 0.2382940476190477, 0.274832326007326], [0.2233133033633035, 0.31501833721833694, 0.20089661449661464, 0.26077174492174515], [0.20081889107624418, 0.2821351537351535, 0.19304109142491505, 0.32400486376368715], [0.24598353868353875, 0.26010622710622716, 0.20096354756354776, 0.29294668664668655], [0.2047715229215231, 0.2829867049617051, 0.18310174270174273, 0.32914002941502946], [0.24375679598179614, 0.3431744893994894, 0.14797237207237204, 0.2650963425463425], [0.23896832056832065, 0.25098131590631606, 0.24389480568451158, 0.26615555784085204], [0.26509742479742476, 0.28954901209901196, 0.18844351204351206, 0.25691005106005116], [0.23486608946608958, 0.3078144438894439, 0.150798223998224, 0.30652124264624264], [0.18289696414696416, 0.3068910145410144, 0.2606936563436563, 0.24951836496836502], [0.21571538461538473, 0.2720091927680164, 0.22404697606315271, 0.2882284465534466], [0.20643292818292822, 0.32051254301254295, 0.2258848706848708, 0.24716965811965821], [0.23707553165788464, 0.26294991674991675, 0.19187486435133497, 0.30809968724086356], [0.1874217393717394, 0.32955899100899105, 0.201268131868132, 0.28175113775113764], [0.18053481045098696, 0.31089410589410577, 0.28276489898989915, 0.2258061846650083], [0.2584343933843935, 0.3130596974920506, 0.1444959671047907, 0.28400994201876556], [0.2340098040848042, 0.28567495641613294, 0.17168525281907637, 0.30862998667998665], [0.22879148629148646, 0.29474364246864265, 0.201433914941268, 0.2750309562986034], [0.24067538295038302, 0.262337728937729, 0.1734359862359863, 0.32355090187590185], [0.2722491196711786, 0.24663818207935873, 0.1818872070739719, 0.29922549117549113], [0.23264614666379377, 0.29707218892218884, 0.18038656702774353, 0.289895097386274], [0.17200876900876916, 0.35237192252192234, 0.1993259962259963, 0.27629331224331216], [0.24877233877233892, 0.31537404899022536, 0.16308997946497958, 0.27276363277245624], [0.23296048951048953, 0.266921423021423, 0.22263575591075596, 0.2774823315573317], [0.29768206764255145, 0.25793713190759243, 0.12895829130375172, 0.31542250914610465], [0.20209294871794875, 0.28287096514596527, 0.20583414640914646, 0.3092019397269398], [0.29411805139305114, 0.22687912148910608, 0.1954024180497864, 0.28360040906805606], [0.17524828276298862, 0.32051560482001673, 0.21814996669996678, 0.2860861457170283], [0.25468853266616426, 0.2601935453435454, 0.22330326442563306, 0.26181465756465777], [0.2564752118252118, 0.28941816886816873, 0.18915155955155966, 0.2649550597550597], [0.25838344433344446, 0.26410231157731173, 0.18414943781708498, 0.29336480627215916], [0.2506517720841249, 0.32597330447330447, 0.16296841655076955, 0.2604065068918013], [0.23094701409701415, 0.28458118548118544, 0.19613070818070816, 0.2883410922410924], [0.2110600233100233, 0.276549805749806, 0.23665764615501464, 0.27573252478515636], [0.21800071215334385, 0.3064645428530878, 0.16235302736479204, 0.3131817176287765], [0.23179146964146963, 0.27785757020757046, 0.19982596684361398, 0.2905249933073463], [0.18355492007992028, 0.3098709484959486, 0.21564569597069616, 0.2909284354534355], [0.2581349948297319, 0.2710375874125874, 0.15581699134199148, 0.3150104264156896], [0.21175578000430945, 0.29932238056061583, 0.18955351054174593, 0.2993683288933291], [0.23158386450151172, 0.27749304584304574, 0.18884200799200812, 0.30208108166343456]]}, "rewritten": {"ids": ["97105580", "97107260", "97107920", "97110950", "97112170", "97113260", "97116500", "98106680", "98107210", "98107410", "98109230", "98109311", "98110810", "98111860", "98112580", "98120010", "99107630", "99108460", "99109740", "99111340", "99112840", "100107920", "100108080", "100108490", "100108580", "100108990", "100109801", "100109910", "100110050", "100111080", "100112060", "100120010", "100120780", "101108580", "101110740", "101116130", "101121640", "102107961", "103109021", "103109641", "103109791", "103110100", "103111110", "103111830", "103111990", "103113610", "103113640", "103120780", "104110960", "104111380", "104111550", "104111620", "104111711", "104111990", "104113210", "104113380", "104116800", "104119290", "105110251", "105114220", "105115720", "105115900", "105116501", "105117351", "105117431", "105121370", "106111321", "106113170", "106113190", "106113360", "106114280", "106114321", "106116120", "106116441", "107112850", "107113360", "107114110", "107114200", "107114780", "107116300", "107118120", "107118780", "107119390", "108113480", "108115500", "108117720", "108118291", "108119330", "108119510", "108121351", "109113931", "109114270", "109116170", "109116750", "109116930", "109117271", "109117630", "109120540", "110114920", "110114950", "110115250", "110115580", "110121140", "111114941", "111115620", "111116040", "111116170", "111116290", "111116530", "111118301", "111119300", "111119340", "111119930", "111121190", "111121351", "112116401", "112116810", "112117030", "112117571", "112117780", "112117790", "112118161", "112118550", "112118820", "112119320", "112119950", "112120290", "112120630", "112121030", "113117401", "113117630", "113118630", "113118690", "113118820", "113119450", "113119700", "113120531", "113120591", "113122150", "113122160", "113122320", "113122510"], "labels": [1, 2, 0, 3, 0, 1, 2, 1, 1, 3, 1, 1, 1, 0, 2, 2, 2, 0, 3, 1, 2, 0, 0, 2, 0, 2, 0, 2, 3, 0, 2, 0, 1, 0, 3, 2, 2, 3, 0, 1, 3, 1, 3, 3, 2, 2, 1, 1, 2, 3, 1, 0, 1, 2, 3, 1, 1, 1, 0, 3, 1, 3, 1, 0, 1, 2, 0, 0, 0, 0, 3, 2, 1, 0, 1, 0, 1, 2, 2, 0, 3, 1, 2, 0, 3, 1, 3, 0, 1, 3, 1, 3, 0, 0, 0, 0, 0, 1, 3, 0, 1, 1, 3, 0, 1, 0, 0, 2, 3, 3, 1, 3, 1, 1, 0, 0, 3, 2, 3, 0, 3, 0, 3, 0, 1, 0, 1, 3, 0, 3, 0, 3, 3, 0, 3, 0, 0, 0, 2, 3, 1, 2], "predicted_labels": [1, 1, 3, 0, 3, 3, 3, 1, 3, 0, 1, 3, 1, 1, 1, 3, 3, 3, 3, 1, 3, 3, 3, 1, 3, 1, 1, 3, 1, 1, 3, 3, 1, 3, 1, 1, 3, 3, 1, 3, 1, 1, 1, 3, 3, 0, 3, 1, 1, 3, 1, 3, 3, 1, 3, 3, 1, 3, 3, 1, 3, 1, 1, 3, 1, 3, 3, 3, 1, 3, 1, 0, 1, 3, 1, 0, 1, 3, 1, 3, 1, 3, 1, 3, 3, 3, 0, 3, 3, 1, 1, 3, 3, 3, 3, 3, 3, 1, 3, 3, 1, 3, 0, 3, 3, 3, 3, 3, 3, 0, 3, 3, 3, 3, 1, 3, 1, 1, 1, 3, 3, 1, 1, 1, 1, 0, 3, 3, 3, 3, 3, 3, 1, 1, 1, 1, 3, 1, 3, 1, 3, 3], "confidence_scores": [[0.20891238206238216, 0.33650818903318913, 0.1724064657564658, 0.28217296314796325], [0.23014720834720845, 0.2955850316350316, 0.210708707958708, 0.26355905205905206], [0.28513515406162476, 0.22259620722414838, 0.1472409040306101, 0.3450277346836172], [0.2954833441412388, 0.241465700965701, 0.184748081450713, 0.2783028734423472], [0.23412533022533014, 0.2611848881510648, 0.17295182040182047, 0.33173796122178495], [0.19888796758796767, 0.2787824564324566, 0.2027902874902875, 0.3195392884892883], [0.21904375624375635, 0.27469021060638704, 0.22615763403263406, 0.2801083991172227], [0.20079653124653138, 0.3133674936174936, 0.2256152902652903, 0.26022068487068506], [0.18408808954203693, 0.29048196569512347, 0.2027870581173213, 0.32264288664551843], [0.29614417249417246, 0.271165002154708, 0.13933680649415953, 0.29335401885696], [0.22594792984792994, 0.2779737123987125, 0.24008015595515608, 0.25599820179820193], [0.21577529937382886, 0.2844291514041515, 0.156783350636292, 0.343012198585728], [0.17797664002664015, 0.2862881127042894, 0.2635296278884514, 0.2722056193806193], [0.2292202741702742, 0.2889048618048619, 0.21333483020247732, 0.2685400338223869], [0.19405291456909124, 0.3233900246812012, 0.24347922077922082, 0.23907783997048726], [0.27810334490071353, 0.2582937496713812, 0.16034728327228331, 0.30325562215562213], [0.2380960847975554, 0.2113677885839653, 0.19562195745431044, 0.35491416916416896], [0.21384343544312603, 0.2675177541412835, 0.17845220445189502, 0.3401866059636957], [0.1922958374958376, 0.27213818958818964, 0.23371915306915308, 0.3018468198468197], [0.2428223554223554, 0.2761307414807417, 0.21945882450882456, 0.26158807858807887], [0.20121312102929761, 0.28451028856764143, 0.20869509412156476, 0.3055814962814964], [0.25038286239903895, 0.27085266400266417, 0.15273859196359202, 0.32602588163470536], [0.2129814878358357, 0.285730569189265, 0.21102280473150054, 0.2902651382433991], [0.22496378898878905, 0.31017345432345406, 0.18670166222666226, 0.2781610944610946], [0.256543195040254, 0.26201476823829783, 0.19426429338635234, 0.2871777433350962], [0.18865027150352248, 0.3295375883490437, 0.23222147003323473, 0.2495906701141996], [0.241617079325903, 0.3374143820232056, 0.17161689911395797, 0.24935163953693376], [0.22909809912309934, 0.2640046386619917, 0.22542010489510494, 0.28147715731980444], [0.25979820865409103, 0.28440568206303507, 0.21080259805553925, 0.24499351122733484], [0.20776235316970626, 0.3121310718693073, 0.19501816288286877, 0.2850884120781181], [0.2531663921472106, 0.2621887574062767, 0.19830386468461925, 0.28634098576189354], [0.21716829661566497, 0.2827950517318937, 0.21054281420334053, 0.2894938374491006], [0.20169624530059332, 0.32027374741626674, 0.18657814383683965, 0.29145186344630086], [0.2679306959324203, 0.24136629759129774, 0.15243552558552564, 0.33826748089075676], [0.20799345376845385, 0.3041028324616556, 0.22849860417360424, 0.25940510959628627], [0.23276406926406945, 0.2790161671661671, 0.23734562104562115, 0.2508741425241426], [0.2172750444000445, 0.2828043401043403, 0.1771278638028639, 0.3227927516927517], [0.28091697647000846, 0.2733050464921477, 0.16071231717983644, 0.28506565985800775], [0.26744356754356774, 0.27273889443889443, 0.1996549395049396, 0.2601625985125986], [0.24140094643918178, 0.2746627766024825, 0.16423525298231184, 0.3197010239760239], [0.2555676963985149, 0.274332470882343, 0.22625172744277616, 0.24384810527636622], [0.22996045314334812, 0.28790664335664357, 0.2100605301131619, 0.2720723733868472], [0.23181813186813208, 0.27913779831279845, 0.22376697746697752, 0.2652770923520924], [0.28659989796028307, 0.2506432734612571, 0.11853898626238785, 0.34421784231607244], [0.23220071040071055, 0.24902094261947222, 0.21216200351935652, 0.30661634346046135], [0.2585553398867775, 0.233015032764905, 0.25054281805151385, 0.25788680929680413], [0.25759875402375404, 0.2592358835608835, 0.12027224442224446, 0.3628931179931178], [0.26629496647143724, 0.2870961652726358, 0.18014435890906486, 0.26646450934686244], [0.19312008809903558, 0.3098441729323307, 0.21427300615621056, 0.28276273281242337], [0.24303525477790186, 0.27500763680763685, 0.18269817127317142, 0.29925893714129], [0.20966570357746836, 0.3072450285009109, 0.18862285018902672, 0.29446641773259424], [0.22605809354044662, 0.2240263736263737, 0.19313655037772692, 0.35677898245545286], [0.25981434939329684, 0.2681391834773414, 0.19012480370506696, 0.2819216634242952], [0.23813068924539516, 0.3228069799481565, 0.2062721285250698, 0.23279020228137903], [0.27850053133141367, 0.24458876678876695, 0.19114814890991372, 0.2857625529699061], [0.22443206156588508, 0.2698473498723499, 0.20045065571683224, 0.30526993284493303], [0.20215676545676559, 0.32236808191808203, 0.22635976800976818, 0.2491153846153846], [0.2746511857423622, 0.2697130335350927, 0.17252215268391752, 0.28311362803862794], [0.27541213508713513, 0.28530160950160965, 0.13607463924963922, 0.3032116161616161], [0.22286699689199704, 0.31043278943278946, 0.19184133366633363, 0.2748588800088801], [0.21425633059750704, 0.2827465958877724, 0.19147727272727283, 0.3115198007874479], [0.1973416746652043, 0.289227222777223, 0.22974341997871414, 0.2836876825788592], [0.25497043071307796, 0.3021832556332557, 0.15564007854890224, 0.28720623510476456], [0.25137740152004867, 0.29849540883952647, 0.14063431372549023, 0.30949287591493463], [0.2100880764660177, 0.33738006209476795, 0.15965227909345556, 0.29287958234575884], [0.19383603145220807, 0.2891143392555157, 0.20821886446886453, 0.30883076482341176], [0.2171000353791376, 0.28998614522732163, 0.19395392650864793, 0.298959892884893], [0.27158909978909995, 0.2786459881621647, 0.1631017799194271, 0.2866631321293086], [0.19502194438984502, 0.2894898839722369, 0.23155576090576094, 0.28393241073215725], [0.27360179150914454, 0.2559272201654556, 0.17349919018889626, 0.29697179813650404], [0.2588386603162919, 0.297593981397, 0.1906914378019641, 0.252875920484744], [0.3250418041538786, 0.2368331294092906, 0.14179611728141142, 0.29632894915541974], [0.21449405859840645, 0.28771247062116645, 0.22120710931580495, 0.2765863614646227], [0.24756699864463022, 0.27761710336447193, 0.1630878288378288, 0.3117280691530692], [0.20051401098901098, 0.3080832056832056, 0.20475832500832508, 0.2866444583194585], [0.2955413619916076, 0.27590051766184504, 0.17131899889681235, 0.25723912144973554], [0.22025482132246837, 0.3247616724778489, 0.17368679653679658, 0.28129670966288656], [0.19115783105783113, 0.2858069597069598, 0.21003202908202923, 0.3130031801531802], [0.20492683982683998, 0.3057133200133202, 0.1964545565545566, 0.2929052836052835], [0.2336244144744146, 0.28126360028860004, 0.1723111870585556, 0.31280079817842993], [0.2189953990453992, 0.330006093906094, 0.18457401487401492, 0.2664244921744922], [0.2296987049754213, 0.27752412232515555, 0.18698235857634843, 0.30579481412307513], [0.19875934898434908, 0.30459570543835235, 0.19806800030035332, 0.29857694527694556], [0.19993800170417814, 0.26005105058340366, 0.22743074703074712, 0.3125802006816712], [0.228357148115043, 0.2678725607725607, 0.21070970316233475, 0.2930605879500618], [0.24692242202242207, 0.27296496281496296, 0.138098151848152, 0.3420144633144635], [0.29270198237435074, 0.27883864366627525, 0.1481400155400156, 0.2803193584193587], [0.25885896036330824, 0.27492143943013503, 0.18618697667067247, 0.2800326235358846], [0.253857992910083, 0.29717012170835705, 0.14438880612851202, 0.3045830792530486], [0.25071565454106304, 0.30935980423085674, 0.1475510073260074, 0.292373533902073], [0.19367435803752947, 0.318856127781, 0.17431631400000966, 0.3131532001814611], [0.2554042846042848, 0.2408000721500721, 0.15388145743145754, 0.3499141858141855], [0.2404871878121879, 0.24922820235320242, 0.1766922494172495, 0.33359236041736057], [0.25003554582672244, 0.23499158227393518, 0.18648450438450453, 0.3284883675148382], [0.251067724867725, 0.2331422947422947, 0.12709538794538805, 0.3886945924445925], [0.24935650824026803, 0.2553661639866246, 0.15436545358591394, 0.340911874187194], [0.25924329281829295, 0.27319975579975575, 0.1918482184482187, 0.275708732933733], [0.23561272534654926, 0.3041917626491157, 0.17114727657962955, 0.28904823542470615], [0.2087003143914909, 0.2932857420357421, 0.18130739930004647, 0.3167065442727209], [0.2598727792675162, 0.2397946803196804, 0.1745390364537425, 0.32579350395906115], [0.19675550005550033, 0.34549046509046505, 0.17947319902319908, 0.2782808358308358], [0.21611306193806215, 0.2795712268124034, 0.20401429322311673, 0.30030141802641824], [0.2914853535353536, 0.23697031628502224, 0.1860628227981171, 0.28548150738150735], [0.2624525386378328, 0.2841107725607726, 0.15742025996878958, 0.29601642883260526], [0.21741654554595735, 0.2712127428127429, 0.1837050942521532, 0.32766561738914685], [0.2441285631035632, 0.25766115273615287, 0.16005227191109556, 0.3381580122491885], [0.24482256664903737, 0.2735158560393855, 0.1818559274059275, 0.2998056499056501], [0.23253970722260214, 0.24049210234210236, 0.23870245763008932, 0.2882657328052066], [0.23987273629363412, 0.2580747333935416, 0.21202317180583444, 0.29002935850699024], [0.328822971352319, 0.24676982992852572, 0.15392118135487715, 0.2704860173642782], [0.2192376812729755, 0.29567245107833345, 0.18725296925296933, 0.29783689839572197], [0.2634008602508602, 0.25305009157509156, 0.15933628038628053, 0.3242127677877679], [0.22844314559709308, 0.2408992262123842, 0.18341034871561201, 0.347247279474911], [0.25612184351596134, 0.2625491577050401, 0.17911963591963598, 0.3022093628593629], [0.2471567907582615, 0.3140512722571544, 0.18635927552839324, 0.25243266145619103], [0.2568132338249987, 0.2466308062852181, 0.17660209023003137, 0.31995386965975187], [0.22924736917671718, 0.2623339324926283, 0.2567310048647005, 0.2516876934659545], [0.288138945368357, 0.29272521302227195, 0.15823411000763954, 0.26090173160173175], [0.22146662226662248, 0.32285294705294715, 0.15024260657643024, 0.30543782410400067], [0.22584312354312375, 0.2816491322403087, 0.17336664969017923, 0.31914109452638856], [0.23453271728271727, 0.27731477133977156, 0.16278170718170729, 0.3253708041958043], [0.2822347923262224, 0.34333506183359114, 0.1464154535007476, 0.22801469233943875], [0.22357546342546347, 0.29664410589410606, 0.18853675213675225, 0.2912436785436786], [0.24024067876567884, 0.294751565101565, 0.17094652847152852, 0.2940612276612279], [0.20921932593550252, 0.3099720002220003, 0.18844520120402478, 0.2923634726384726], [0.30920556110556124, 0.22893705102087455, 0.17019948874654767, 0.29165789912701684], [0.24035053280053298, 0.27479083139083155, 0.2013978660228661, 0.28346076978576973], [0.29692599067599074, 0.2624556471306473, 0.12681405261405265, 0.3138043095793096], [0.2239462625609685, 0.21615895036336227, 0.18577160617160632, 0.37412318090406355], [0.2745886474636476, 0.2896074703074705, 0.13000048562548572, 0.3058033966033966], [0.25032372398843006, 0.264999395049395, 0.19279189209483322, 0.29188498886734177], [0.20014522226139891, 0.29796853865089185, 0.202978293928294, 0.2989079451594158], [0.24637607392607397, 0.29613937173937177, 0.18501688638159233, 0.27246766795296196], [0.268499877899878, 0.3023723812135578, 0.1626148149236385, 0.266512925962926], [0.21974700854700877, 0.30467036574536577, 0.18591143856143857, 0.28967118714618717], [0.1873620353502708, 0.31168222659693245, 0.19793626308332216, 0.3030194749694749], [0.285276793038403, 0.267714650038644, 0.14377791750732943, 0.3032306394156239], [0.21667428241692957, 0.28692733377733365, 0.22224184704184707, 0.2741565367638898], [0.20702057387057402, 0.2617864108114108, 0.1933428682428686, 0.337850147075147], [0.22832757899957395, 0.31553512468708667, 0.1914719646359235, 0.26466533167741635], [0.2744516622266623, 0.2546128094128096, 0.18155658785658796, 0.28937894050394075], [0.18657540515040524, 0.28909433066933066, 0.1975837773337774, 0.32674648684648694]]}}