{"test": {"ids": ["108113700", "113118870", "100109330", "104109311", "108113480", "101116130", "113120070", "112120700", "112117790", "99108580", "108118810", "99107660", "113121410", "110118121", "103113610", "109114270", "113118620", "107117630", "112116501", "112118161", "108117720", "108121410", "109118820", "109113931", "104113380", "109117150", "97109570", "99107950", "112121430", "106114880", "110116170", "112119320", "108113740", "104119340", "110114950", "105115680", "111118820", "97106600", "101109120", "111121190", "108116501", "104116800", "101112160", "112118620", "105118230", "112116880", "110117140", "98116090", "112121010", "111116640", "109113591", "107120260", "98109570", "111114321", "111117571", "113118511", "112119450", "111120640", "107113200", "108121190", "113121750", "113119450", "111117200", "107114321", "108114200", "109117110", "98110230", "112117210", "103113170", "97113260", "105115900", "111119340", "111116010", "110114321", "113117340", "109117730", "113120260", "110116501", "113119950", "113117630", "98111231", "99109840", "101108460", "113122230", "107114110", "102113981", "97106820", "103113101", "100107920", "99111620", "110118111", "100109910", "99111440", "111116100", "111116290", "112118550", "104111620", "101112201", "105120280", "98106680", "104110960", "113121220", "109118161", "101110200", "102113350", "108121351", "108117360", "109118231", "112120990", "97113900", "112116640", "108114040", "109114651", "103110050", "99109141", "104117630", "109120540", "101117580", "107121230", "107121540", "108120260", "99107630", "99117740", "107114950", "98108370", "107115250", "111119610", "112118930", "104114240", "98106560", "107114200", "101121640", "109115380", "107116300", "99108000", "98109311", "107113170", "110115120", "99107640", "99117630", "104116980", "105112240"], "labels": [0, 0, 0, 3, 0, 2, 2, 2, 3, 0, 1, 3, 0, 3, 2, 3, 3, 0, 3, 0, 1, 0, 3, 1, 1, 2, 0, 1, 2, 0, 0, 1, 3, 1, 0, 2, 0, 3, 1, 1, 0, 1, 3, 3, 1, 0, 3, 0, 2, 0, 3, 1, 1, 1, 3, 1, 3, 0, 0, 1, 0, 3, 0, 0, 0, 1, 3, 1, 3, 1, 3, 3, 1, 1, 2, 3, 3, 3, 0, 0, 1, 2, 0, 1, 1, 1, 1, 3, 0, 3, 1, 2, 3, 3, 2, 3, 0, 0, 3, 1, 2, 3, 0, 2, 3, 3, 1, 1, 2, 2, 0, 0, 3, 3, 3, 0, 1, 3, 0, 2, 1, 2, 2, 3, 1, 2, 2, 1, 0, 1, 2, 2, 3, 0, 2, 1, 0, 0, 1, 3, 1, 1], "predicted_labels": [0, 1, 1, 3, 3, 3, 2, 1, 0, 1, 3, 0, 3, 3, 0, 3, 1, 2, 3, 0, 3, 1, 1, 1, 2, 3, 1, 2, 0, 2, 0, 2, 0, 3, 0, 1, 0, 2, 1, 3, 3, 3, 3, 3, 1, 1, 1, 1, 1, 1, 1, 1, 3, 1, 0, 0, 3, 1, 3, 3, 0, 0, 1, 3, 0, 3, 1, 2, 2, 3, 3, 3, 1, 1, 1, 0, 1, 3, 0, 1, 0, 2, 1, 1, 3, 1, 2, 1, 3, 1, 1, 2, 3, 0, 1, 3, 0, 1, 2, 2, 0, 3, 1, 1, 1, 3, 2, 1, 1, 2, 3, 3, 0, 1, 1, 1, 1, 0, 3, 3, 0, 3, 2, 3, 2, 1, 2, 3, 3, 3, 3, 1, 1, 1, 1, 2, 3, 1, 3, 0, 2, 1], "confidence_scores": [[0.759297348202348, 0.16583262868085835, 0.04082435634984688, 0.03404566676694675], [0.3091543482010451, 0.44012081305196127, 0.00516252967542555, 0.24556230907156806], [0.4337145106455363, 0.35493813830096893, 0.03534656485473725, 0.17600078619875784], [0.34518919055021896, 0.04353225111378875, 0.0045349508349737215, 0.6067436075010186], [0.12936600592600409, 0.10713323687489819, 0.08881833545511227, 0.6746824217439856], [0.07014973456191073, 0.12296077069417466, 0.26933652112131706, 0.5375529736225979], [0.12655228991708486, 0.15439103559112763, 0.4555289986862003, 0.2635276758055875], [0.0291083966503711, 0.4938642872953853, 0.20318594890245814, 0.2738413671517855], [0.5079971838417007, 0.06023482058363218, 0.05973180034894469, 0.3720361952257225], [0.15669320999782602, 0.37751873655929225, 0.39590455375350164, 0.06988349968937996], [0.050079418554144904, 0.03864534715377784, 0.0014851504658847776, 0.9097900838261926], [0.46024239946456263, 0.08370901505708424, 0.27498743726659414, 0.1810611482117591], [0.13072456107844582, 0.058325493987993936, 0.0035607264249573165, 0.8073892185086029], [0.17388384130620446, 0.23037235849661578, 0.006781587928356497, 0.5889622122688232], [0.4411832709946194, 0.23613476651970638, 0.15681666372300587, 0.1658652987626684], [0.203741082014792, 0.18481250652406994, 0.14877440226158314, 0.4626720091995548], [0.18603288922619846, 0.7448437398866106, 0.004334617927281289, 0.06478875295990996], [0.2295619674908832, 0.20392881655057207, 0.4423352899184811, 0.1241739260400642], [0.09601680274477378, 0.24825618105453687, 0.05036760014551326, 0.6053594160551764], [0.5278212877171259, 0.2305165488676553, 0.03634666184183044, 0.2053155015733884], [0.05596439989147236, 0.15553128138579195, 0.03847661164608291, 0.7500277070766527], [0.4024019135774343, 0.4470708778595964, 0.02718024579173327, 0.12334696277123584], [0.19157208574636597, 0.4185506553126977, 0.18869622513475476, 0.2011810338061816], [0.36958601156948007, 0.3813220282170389, 0.015436768965674188, 0.23365519124780693], [0.2314129128403754, 0.2486548600879803, 0.4185043945124293, 0.10142783255921461], [0.2415528794955334, 0.3000660570161988, 0.05886110921634389, 0.39951995427192405], [0.09317404740964252, 0.5264183058591813, 0.1620034598395351, 0.218404186891641], [0.0022358642358633403, 0.32326111684594505, 0.5198316476668621, 0.15467137125132946], [0.5174280109994789, 0.20451088157749292, 0.01020721268778349, 0.26785389473524446], [0.1884658816161937, 0.25173054321334526, 0.5264685656749721, 0.03333500949548907], [0.41943905602715476, 0.19112849645651403, 0.11105428302725713, 0.27837816448907376], [0.012430804276384672, 0.22874633134626882, 0.6867572298843655, 0.07206563449298103], [0.6436387829737009, 0.1590254058944363, 0.014335689463922916, 0.1830001216679401], [0.1520972220791603, 0.13894619670408584, 0.033611760365087805, 0.6753448208516659], [0.8448444388710339, 0.06491474625670128, 0.006483311516247991, 0.08375750335601669], [0.020973687319672335, 0.5205319594239313, 0.2780506289278128, 0.1804437243285834], [0.7568717184976308, 0.03848292730959579, 0.0052695512157903334, 0.199375802976983], [0.01655659281267043, 0.045311078771651976, 0.8899746847194114, 0.04815764369626568], [0.0955609246634962, 0.3251579103887525, 0.32475138021588645, 0.25452978473186505], [0.11745461341879823, 0.209870920864659, 0.023811291879145585, 0.6488631738373971], [0.2227192294772519, 0.18186567840092724, 0.027952506424771043, 0.5674625856970493], [0.18593010492011042, 0.2877441499240581, 0.07654082733536371, 0.4497849178204676], [0.029267287072678026, 0.08647423882903459, 0.4951777733780317, 0.38908070072025563], [0.33627850405337195, 0.07363777991656911, 0.010623910109837929, 0.579459805920221], [0.11783568495253756, 0.4675744503727458, 0.08130727897726851, 0.3332825856974481], [0.2197712833472926, 0.41453160494628544, 0.14501518371478794, 0.22068192799163408], [0.16163141367213762, 0.4485479047809039, 0.11512633713808007, 0.27469434440887874], [0.19225235609415256, 0.5197512974648417, 0.15345357656312297, 0.13454276987788283], [0.33394683404382264, 0.33202466367213396, 0.034581454048339906, 0.29944704823570323], [0.3582930081152547, 0.41222949946319615, 0.18676875168153642, 0.04270874074001262], [0.1789297546388144, 0.6141208611734258, 0.031387891040342696, 0.17556149314741729], [0.2633724029294327, 0.6321470448192289, 0.04630960561976229, 0.05817094663157559], [0.022682301398180817, 0.025780352775636103, 0.012967789450326853, 0.9385695563758565], [0.11943295447152538, 0.5992821835453116, 0.245993677450803, 0.035291184532359694], [0.7975476921169249, 0.0964594305499353, 0.00823044917188129, 0.09776242816125846], [0.36000857374488654, 0.30994371623736394, 0.12150236139963909, 0.2085453486181102], [0.04709984335893085, 0.02337570416318282, 0.002948014427273685, 0.9265764380506125], [0.13579798519541128, 0.7894360586238601, 0.025197047783617588, 0.049568908397111124], [0.39964116097858876, 0.03527973945946366, 0.054886925409572684, 0.5101921741523748], [0.041304479633336603, 0.4208504151353644, 0.010404994126499314, 0.5274401111047997], [0.5958106685157428, 0.17638849868928386, 0.01022621711306962, 0.21757461568190348], [0.9051064055151886, 0.030582729686375706, 0.0015797230316447022, 0.06273114176679087], [0.11081757075165519, 0.47133733070226475, 0.021345733916917735, 0.39649936462916247], [0.12195827832182644, 0.24984929589346194, 0.033202055847671504, 0.59499036993704], [0.7379090436249042, 0.10758033387475775, 0.023991512724611055, 0.1305191097757271], [0.14134513432717785, 0.2944685184557419, 0.02570169527323904, 0.5384846519438409], [0.20239728056793532, 0.545541437350828, 0.04282657486596518, 0.20923470721527157], [0.10429635031187072, 0.2867067218091293, 0.505395977296259, 0.10360095058274087], [0.0421626469083679, 0.1543792873818651, 0.7401025120269701, 0.06335555368279663], [0.06439975986593122, 0.10704756534700434, 0.45417044026518627, 0.374382234521878], [0.02901832364705481, 0.05048198871920266, 0.06134541047809334, 0.8591542771556497], [0.2146555224177936, 0.3820451225480102, 0.029329614877173227, 0.3739697401570225], [0.03316562351503552, 0.7919999908471016, 0.11602051141118215, 0.05881387422668084], [0.3155254493147646, 0.39233987583222507, 0.11772018690526868, 0.17441448794774192], [0.07458558315010473, 0.4714489861525087, 0.27541459678293, 0.1785508339144566], [0.7266475124708046, 0.16884504213530077, 0.031452839198439386, 0.07305460619545515], [0.12212489347274894, 0.4559954451927234, 0.25799143519827616, 0.16388822613625167], [0.08843743683117529, 0.1705633957505375, 0.00827189049735639, 0.7327272769209308], [0.521803421477352, 0.26772982214392405, 0.014804634573620449, 0.19566212180510367], [0.08620171473207995, 0.5965260954986514, 0.09185951240861841, 0.22541267736064988], [0.6240008258563672, 0.23929958133153223, 0.08244775116662502, 0.05425184164547536], [0.007128881113169147, 0.054871246378547234, 0.7943925134960407, 0.14360735901224309], [0.19941406960503272, 0.46515406493152545, 0.15749048568883273, 0.17794137977460908], [0.11756997159728651, 0.6004099844844915, 0.14684885585925112, 0.1351711880589713], [0.01754530289675375, 0.018725401872980618, 0.049032358823239634, 0.9146969364070261], [0.16357040104083587, 0.7083010195874262, 0.06016580659584043, 0.06796277277589712], [0.27156522266170713, 0.07634531485589365, 0.5129877598817894, 0.13910170260060972], [0.2321956029223735, 0.46047243818863665, 0.15739836792292708, 0.14993359096606296], [0.1543340189787913, 0.17755827845997826, 0.07310528855887857, 0.595002414002352], [0.06424473214106927, 0.4710800771264449, 0.1635645367388943, 0.3011106539935914], [0.3825980487630194, 0.463220710689669, 0.013346427040520374, 0.14083481350679156], [0.03524149217350803, 0.020052015143472122, 0.9387653842697138, 0.00594110841330611], [0.23478631603342667, 0.19151358099494276, 0.20595412426139373, 0.3677459787102369], [0.7387086476913852, 0.18110848983054215, 0.005751574622194275, 0.07443128785587812], [0.2549224964440056, 0.5380918560835146, 0.11376395197103817, 0.09322169550144185], [0.160916066048249, 0.11514931300398243, 0.024526553998809777, 0.6994080669489586], [0.5159321054252287, 0.1969178253759089, 0.034942249446714646, 0.25220781975214795], [0.27562314707815744, 0.402415545468994, 0.11510425805446257, 0.2068570493983862], [0.019056078231914644, 0.17679011986538687, 0.6583375246226061, 0.14581627728009225], [0.028201646304424895, 0.35558384100306073, 0.5918067026801679, 0.024407810012346424], [0.7529748442241466, 0.09436965023553925, 0.07280700605108649, 0.07984849948922762], [0.05461854689413939, 0.07342580087401888, 0.15158070768389273, 0.7203749445479491], [0.3258773340457938, 0.5573107411547052, 0.01343678909350075, 0.10337513570600002], [0.024274800666627135, 0.919520056691089, 0.014183725629949857, 0.04202141701233363], [0.12536480896038255, 0.2768971608761291, 0.34783649232206987, 0.2499015378414187], [0.11075249413077264, 0.32613482729693327, 0.03320987872544957, 0.5299027998468445], [0.005533595859192458, 0.04781062713551696, 0.8501068442648182, 0.09654893274047227], [0.3909167048695509, 0.4305386388660222, 0.02323318255195783, 0.155311473712469], [0.14264038422515044, 0.7038222097917681, 0.02257412679040456, 0.13096327919267683], [0.32616532487391375, 0.10654480837139167, 0.5589758901270345, 0.008313976627660072], [0.2065286605297394, 0.30630535757837024, 0.03276787691226672, 0.45439810497962385], [0.03541937852397235, 0.15256365243429912, 0.09106672024073262, 0.720950248800996], [0.8454998190409706, 0.027274289956559363, 0.025587729519458008, 0.10163816148301177], [0.036459228536099814, 0.5575187832790055, 0.10210290177294866, 0.30391908641194565], [0.3009725064030346, 0.34400660021318, 0.12436733613039948, 0.23065355725338624], [0.20087174657906479, 0.47868041529670147, 0.08335844687664398, 0.23708939124758974], [0.17034941720058566, 0.4395480726344697, 0.029080804777988887, 0.36102170538695527], [0.5457381935818787, 0.23564191988449434, 0.02322749921393014, 0.19539238731969683], [0.10530944203772262, 0.39547828787706263, 0.09799413857357035, 0.40121813151164415], [0.17406533567660926, 0.3574514531639031, 0.10484689397685408, 0.3636363171826334], [0.4432183567327746, 0.29281881509362, 0.07993089997131352, 0.18403192820229208], [0.18327571690627087, 0.025034278554677956, 0.38386023543265063, 0.40782976910640084], [0.20443748843224271, 0.1487643746570768, 0.52844181339154, 0.1183563235191403], [0.14505091754923646, 0.07967124135141421, 0.09947502295166305, 0.6758028181476865], [0.0047914792120057875, 0.06005461096092051, 0.90325031750172, 0.03190359232535355], [0.05774517580560296, 0.3575959065667026, 0.4344887333884878, 0.15017018423920678], [0.025487661168880252, 0.1313140318359038, 0.7916770496968446, 0.05152125729837101], [0.17094308733964905, 0.08530064172512986, 0.027381133887331974, 0.7163751370478891], [0.2378670657731316, 0.2529134360097919, 0.25606011655104904, 0.2531593816660276], [0.182772303054145, 0.1958506652879359, 0.03871913291678825, 0.5826578987411307], [0.1285936354230675, 0.3949842913627494, 0.03244318980281875, 0.44397888341136416], [0.029282793619066477, 0.47157193852706286, 0.13174762197773238, 0.3673976458761386], [0.039277171435514534, 0.5435508514263838, 0.237698143128136, 0.17947383400996592], [0.27953002865275695, 0.4516135980700997, 0.08358425867100108, 0.18527211460614212], [0.016113576139090882, 0.4597811445608273, 0.28957162103275874, 0.23453365826732306], [0.2648538503521492, 0.12108440693428847, 0.4930896720818022, 0.12097207063176002], [0.4143584538132839, 0.1452448937984762, 0.06440622432178149, 0.37599042806645844], [0.13549184445507664, 0.496679935542569, 0.05550062580562052, 0.31232759419673384], [0.03243784959166482, 0.11566039900996021, 0.10399406578150684, 0.747907685616868], [0.557959087112622, 0.2561500146062471, 0.06949453590237378, 0.11639636237875685], [0.003526243027026775, 0.11929097861615014, 0.841541836539215, 0.03564094181760807], [0.37132161808115477, 0.39144304205678426, 0.13223205965104248, 0.10500328021101864]]}, "rewritten": {"ids": ["97106600", "97106820", "97109570", "97113260", "97113900", "98106560", "98106680", "98108370", "98109311", "98109570", "98110230", "98111231", "98116090", "99107630", "99107640", "99107660", "99107950", "99108000", "99108580", "99109141", "99109840", "99111440", "99111620", "99117630", "99117740", "100107920", "100109330", "100109910", "101108460", "101109120", "101110200", "101112160", "101112201", "101116130", "101117580", "101121640", "102113350", "102113981", "103110050", "103113101", "103113170", "103113610", "104109311", "104110960", "104111620", "104113380", "104114240", "104116800", "104116980", "104117630", "104119340", "105112240", "105115680", "105115900", "105118230", "105120280", "106114880", "107113170", "107113200", "107114110", "107114200", "107114321", "107114950", "107115250", "107116300", "107117630", "107120260", "107121230", "107121540", "108113480", "108113700", "108113740", "108114040", "108114200", "108116501", "108117360", "108117720", "108118810", "108120260", "108121190", "108121351", "108121410", "109113591", "109113931", "109114270", "109114651", "109115380", "109117110", "109117150", "109117730", "109118161", "109118231", "109118820", "109120540", "110114321", "110114950", "110115120", "110116170", "110116501", "110117140", "110118111", "110118121", "111114321", "111116010", "111116100", "111116290", "111116640", "111117200", "111117571", "111118820", "111119340", "111119610", "111120640", "111121190", "112116501", "112116640", "112116880", "112117210", "112117790", "112118161", "112118550", "112118620", "112118930", "112119320", "112119450", "112120700", "112120990", "112121010", "112121430", "113117340", "113117630", "113118511", "113118620", "113118870", "113119450", "113119950", "113120070", "113120260", "113121220", "113121410", "113121750", "113122230"], "labels": [3, 1, 0, 1, 2, 1, 1, 1, 1, 1, 3, 1, 0, 2, 1, 3, 1, 2, 0, 3, 2, 3, 3, 3, 2, 0, 0, 2, 0, 1, 2, 3, 0, 2, 3, 2, 3, 1, 3, 3, 3, 2, 3, 2, 0, 1, 0, 1, 1, 0, 1, 1, 2, 3, 1, 3, 0, 0, 0, 1, 2, 0, 3, 2, 0, 0, 1, 0, 2, 0, 0, 3, 0, 0, 0, 1, 1, 1, 1, 1, 3, 0, 3, 1, 3, 3, 3, 1, 2, 3, 0, 1, 3, 1, 1, 0, 0, 0, 3, 3, 1, 3, 1, 1, 3, 2, 0, 0, 3, 0, 3, 2, 0, 1, 3, 0, 0, 1, 3, 0, 3, 3, 1, 1, 3, 2, 2, 2, 2, 2, 0, 1, 3, 0, 3, 0, 2, 3, 3, 0, 0, 1], "predicted_labels": [2, 2, 1, 2, 2, 3, 1, 2, 2, 3, 1, 0, 1, 3, 3, 2, 2, 2, 1, 1, 2, 0, 3, 0, 1, 3, 0, 2, 1, 3, 1, 2, 1, 3, 0, 1, 3, 1, 1, 1, 2, 0, 3, 0, 3, 2, 3, 3, 2, 1, 3, 1, 1, 3, 1, 2, 1, 3, 0, 3, 1, 3, 3, 1, 1, 0, 1, 3, 3, 3, 0, 0, 3, 0, 3, 2, 3, 3, 1, 3, 3, 1, 1, 1, 3, 0, 1, 3, 1, 0, 1, 0, 3, 1, 1, 0, 1, 3, 3, 3, 1, 3, 1, 1, 0, 1, 1, 3, 0, 0, 1, 2, 1, 3, 3, 3, 1, 1, 3, 0, 3, 3, 3, 2, 3, 1, 1, 0, 0, 1, 1, 3, 1, 1, 0, 0, 3, 1, 3, 3, 0, 1], "confidence_scores": [[0.07101412752107872, 0.11703517538301073, 0.7051424905796928, 0.10680820651621785], [0.16068956063737855, 0.09310491361384743, 0.6942144476391164, 0.05199107810965731], [0.10792120895693098, 0.5127390760519047, 0.08046445088888797, 0.2988752641022762], [0.07695776244143367, 0.0900637789715985, 0.5585024573687369, 0.27447600121823074], [0.3624045218359769, 0.13632754304873776, 0.4890525017892651, 0.01221543332602009], [0.27024073740228866, 0.30351392577493075, 0.07130993993838004, 0.3549353968844005], [0.05967685634006751, 0.45604137665227873, 0.44280258539572404, 0.0414791816119297], [0.0035754956925324512, 0.02524561941131741, 0.9636501916579252, 0.0075286932382248725], [0.16621229082966232, 0.1570413824236507, 0.5497814791620523, 0.1269648475846351], [0.06828346917718589, 0.05021802455977538, 0.01847316708841329, 0.8630253391746254], [0.23390283948368765, 0.5086770948813243, 0.05301237580295871, 0.20440768983202934], [0.5771486488901018, 0.2695846736300674, 0.0952003412841387, 0.058066336195691994], [0.21915398060371213, 0.48480163147952865, 0.06848385359105615, 0.22756053432570295], [0.10549342539157153, 0.03490060650699541, 0.5015517060005372, 0.3580542621008959], [0.060266869491374844, 0.14057258165099698, 0.07618789224361876, 0.7229726566140096], [0.29396955808729164, 0.08439106600073724, 0.40609742098142376, 0.2155419549305473], [0.0032783792497888295, 0.3475646988363226, 0.5230742303507958, 0.12608269156309287], [0.008835447621189195, 0.28396300364052385, 0.4629183712670197, 0.24428317747126707], [0.14152696219331523, 0.3873475319074035, 0.4078529211851723, 0.06327258471410904], [0.32769022367305406, 0.4377264518205802, 0.09516207985994585, 0.13942124464641992], [0.004431246087662883, 0.052931588600818154, 0.7551968464039782, 0.1874403189075404], [0.5607518595373574, 0.08766582580220665, 0.12132327999048359, 0.23025903466995215], [0.07752574339566656, 0.35677826072939356, 0.12629694806343877, 0.4393990478115013], [0.5973871908567024, 0.19239103843907537, 0.08654675941683364, 0.12367501128738868], [0.13229458416193626, 0.35258517854351107, 0.41201018493903513, 0.10311005235551728], [0.15602555457904504, 0.22045277022643392, 0.060655616983055195, 0.5628660582114658], [0.43949620655736016, 0.27188748800659496, 0.08138285846916787, 0.20723344696687682], [0.057258072087726194, 0.020115504103483634, 0.9111912615202397, 0.011435162288550465], [0.1534234135208746, 0.6440172946430082, 0.10856576358997129, 0.0939935282461457], [0.11168229330413489, 0.2661402808849577, 0.3126465959650831, 0.30953082984582425], [0.043955259194637955, 0.9087330597058313, 0.016589687320077522, 0.030721993779453116], [0.013442862440730993, 0.05789066159345254, 0.6320619365750826, 0.29660453939073417], [0.32213245537512136, 0.42617923883768877, 0.09439214472059536, 0.15729616106659428], [0.09552261208143267, 0.15767904040021136, 0.17815194435009446, 0.5686464031682616], [0.6915524979403138, 0.18699610311980522, 0.013830628175706195, 0.10762077076417481], [0.019059936414342737, 0.5473515334534617, 0.1290823939263282, 0.3045061362058674], [0.1652782631737816, 0.2610249851580522, 0.2525144071477803, 0.3211823445203857], [0.1016359297703166, 0.7574494559133519, 0.0837951327327462, 0.057119481583585124], [0.04820496963337607, 0.5577876058661652, 0.12176464585383864, 0.27224277864662044], [0.29524387440880906, 0.4033720769145414, 0.12152677058947958, 0.1798572780871699], [0.08493227006452934, 0.16774232256037883, 0.621643102921145, 0.1256823044539469], [0.39785270385053934, 0.23775289304747246, 0.20099778359756557, 0.16339661950442244], [0.2888246967488144, 0.06390207257894367, 0.007954833762027186, 0.6393183969102145], [0.7689580420702864, 0.09581582824534127, 0.06517592329244085, 0.07005020639193146], [0.35022334460368293, 0.2833131283466651, 0.03115779970304467, 0.335305727346607], [0.17760150415558723, 0.17237756628773795, 0.5377568918530098, 0.11226403770366511], [0.227151662935311, 0.23398153473323782, 0.1551873714517635, 0.38367943087968753], [0.17801613541513436, 0.21331512436913241, 0.164200110158779, 0.4444686300569541], [0.005807046529137135, 0.09683115417746664, 0.8205212628634287, 0.07684053642996748], [0.14304893286371156, 0.4577116126411932, 0.06597180584358217, 0.33326764865151287], [0.21981406240747658, 0.1455595176097361, 0.020103909106925888, 0.6145225108758611], [0.19008718395305188, 0.607617761991646, 0.12118583917404074, 0.08110921488126163], [0.024821377746973107, 0.5576284125034803, 0.1832075327162885, 0.23434267703325823], [0.11259064461776172, 0.07453349224738702, 0.07373061842520524, 0.7391452447096459], [0.12366275207275265, 0.5710771439872462, 0.14520794760672676, 0.16005215633327466], [0.038489159454469436, 0.20253387520009114, 0.5761707881208101, 0.18280617722462936], [0.3507609564209277, 0.32191052135156006, 0.25403081347452594, 0.07329770875298626], [0.39406426756373775, 0.13819940422561636, 0.041038667655327675, 0.42669766055531816], [0.5520915795319955, 0.054194682002580895, 0.0771733301682174, 0.31654040829720625], [0.02666192266088692, 0.02890808965367973, 0.04625828964073402, 0.8981716980446992], [0.1393093698666897, 0.4405641808364825, 0.028711446954449812, 0.39141500234237797], [0.15286703412972963, 0.20140480239418468, 0.057810940327694564, 0.587917223148391], [0.08429028179839794, 0.11132889704300089, 0.15158191354696526, 0.6527989076116358], [0.10813138532129235, 0.35577475660440266, 0.2389218942123054, 0.29717196386199957], [0.2697832191693166, 0.33346500783318395, 0.10815770533843146, 0.28859406765906803], [0.29996961534544053, 0.2392897349411739, 0.3037433748282838, 0.15699727488510185], [0.17746158401649093, 0.7028764675594922, 0.056779921795404094, 0.0628820266286127], [0.04887236083628916, 0.4343424732694666, 0.0903775737538922, 0.4264075921403519], [0.22428978004500474, 0.19518068512808573, 0.07996574857145497, 0.5005637862554547], [0.12210401982425613, 0.11663270551357455, 0.09490682141985632, 0.6663564532423133], [0.7847943077663299, 0.1404025098309961, 0.0433123476202496, 0.031490834782424384], [0.5310287974300691, 0.1094041713509796, 0.016964757803093523, 0.34260227341585786], [0.12372690266243284, 0.2603460773431362, 0.038074088332925256, 0.5778529316615053], [0.7541265305161674, 0.1511364078765995, 0.02403246043986144, 0.07070460116737141], [0.23169388706684138, 0.18655611731440375, 0.03884492335695171, 0.5429050722618032], [0.00898457625038262, 0.049525680426176534, 0.8356162139050214, 0.10587352941841978], [0.06135150956002589, 0.17855895719766618, 0.04205810580853415, 0.718031427433774], [0.0720144253403391, 0.0342516746602946, 0.0013665688222457054, 0.8923673311771205], [0.2989908766696936, 0.37167026137736187, 0.08594488278795309, 0.2433939791649915], [0.028862384269708167, 0.23927456423249374, 0.008585020256388734, 0.7232780312414093], [0.1509177716712872, 0.36071127774428846, 0.039466143003871586, 0.4489048075805528], [0.42340179472899336, 0.41847561338751726, 0.009709602038833252, 0.148412989844656], [0.1905046948849021, 0.617285631929899, 0.032191749066462154, 0.16001792411873667], [0.36376509623458575, 0.4012463185087524, 0.04251703764857685, 0.192471547608085], [0.21866855409100708, 0.09955780771294769, 0.13016139208569735, 0.551612246110348], [0.8461109619789674, 0.03221745613367283, 0.011266935479112441, 0.11040464640824721], [0.021589383884268433, 0.4265987192189992, 0.2834866678897757, 0.26832522900695693], [0.18973826199113256, 0.3047928071543575, 0.011143428515644104, 0.4943255023388656], [0.3109449651748201, 0.3565121015584581, 0.04204709501348783, 0.2904958382532339], [0.6910803069250613, 0.16516428909135944, 0.045747543316123206, 0.09800786066745597], [0.296274171201875, 0.6018386048804901, 0.012250790858411107, 0.08963643305922397], [0.5409745253287483, 0.27688015448051606, 0.039665684636201036, 0.1424796355545345], [0.25869993225489857, 0.3190059351945081, 0.14200979150191767, 0.2802843410486754], [0.2547211911332131, 0.42471192013625825, 0.028299185947241172, 0.29226770278328745], [0.3138862094361106, 0.4037886098549525, 0.04086400914680827, 0.2414611715621289], [0.8729868202938945, 0.053978112763543445, 0.007840379773657872, 0.06519468716890393], [0.08933908059919095, 0.5372667624182911, 0.07813951207565349, 0.2952546449068647], [0.31290075717446414, 0.22571781305207061, 0.023077650412429776, 0.43830377936103554], [0.08992979020418491, 0.2837286650764672, 0.016437608933968777, 0.609903935785379], [0.12986941586510134, 0.4054887722660806, 0.07470697652158091, 0.3899348353472373], [0.38151652273042924, 0.5077568298141086, 0.005951893591713419, 0.1047747538637485], [0.13692786268654608, 0.2809373752435028, 0.007500759180239409, 0.5746340028897117], [0.1908990997583096, 0.557160003025129, 0.21445045251486372, 0.037490444701697816], [0.0602551483064668, 0.7685443766660192, 0.10470521046261569, 0.06649526456489817], [0.7539673691496744, 0.16450013844248296, 0.00644366327499518, 0.0750888291328472], [0.37828986415375404, 0.44964281247688037, 0.0795148492085127, 0.09255247416085272], [0.33593801694436887, 0.39293304977852567, 0.20898580907465897, 0.062143124202446665], [0.092412931090695, 0.30295096243788194, 0.046856240455858233, 0.5577798660155647], [0.7199380456708718, 0.11340859609430484, 0.013042815455770237, 0.15361054277905287], [0.5878629700930877, 0.040801890390713885, 0.007579834692243393, 0.36375530482395485], [0.1978598692279569, 0.4452174120442197, 0.021320812487890282, 0.3356019062399334], [0.006406602201773643, 0.08816178877032146, 0.8924673411865287, 0.012964267841376394], [0.21951484093187604, 0.5972433994757029, 0.06665676577065825, 0.11658499382176274], [0.10693323998026882, 0.1362650423226098, 0.012474491348730118, 0.7443272263483914], [0.09744547983708493, 0.2636960160431217, 0.09258684530215427, 0.5462716588176388], [0.2656523934228132, 0.2607537358811223, 0.02565934125455859, 0.4479345294415061], [0.27172446823204, 0.31912060059960035, 0.18862280066779982, 0.22053213050056006], [0.13246379830181598, 0.39667901810925676, 0.3804027651549738, 0.09045441843395369], [0.31441399932398506, 0.08379038833890266, 0.10687433891691958, 0.4949212734201928], [0.46975259567025063, 0.2637728020905077, 0.033241077927066785, 0.2332335243121748], [0.4028556761786081, 0.11495011087532599, 0.04364035887656194, 0.4385538540695039], [0.38073282415766335, 0.07110113631255731, 0.024110295964786088, 0.5240557435649933], [0.23782508793662002, 0.06288461305803242, 0.056643045934643685, 0.642647253070704], [0.012260361298505452, 0.3022519198932229, 0.6099954818043081, 0.07549223700396344], [0.042689300038218546, 0.013938804765296044, 0.0012404731478095367, 0.9421314220486757], [0.06822328465366895, 0.5269775584914939, 0.16524513234546237, 0.2395540245093749], [0.10474813356132995, 0.7494774178097969, 0.022880183531011112, 0.12289426509786203], [0.5020959097268174, 0.2758344887606997, 0.047066517320592895, 0.17500308419188992], [0.4366318410470134, 0.2449174706490018, 0.014737021093712766, 0.303713667210272], [0.0796432077838375, 0.4578360896625248, 0.27039132496390533, 0.19212937758973223], [0.08355567592172305, 0.5426280591734832, 0.12324714011945173, 0.250569124785342], [0.28900818182950433, 0.25251104553344944, 0.11474242040737272, 0.3437383522296736], [0.25275045224308024, 0.6714994010205031, 0.006537901062252765, 0.0692122456741639], [0.22274239052855777, 0.44606466422086244, 0.016280410663904964, 0.31491253458667484], [0.9000575414834865, 0.02133765706075295, 0.00204952227389883, 0.0765552791818619], [0.4476516355349822, 0.3010261977543239, 0.022197905039372988, 0.22912426167132097], [0.12687277786426013, 0.24253907786123977, 0.2862130700321556, 0.3443750742423447], [0.10963947087694696, 0.42344148220635114, 0.20749377596255006, 0.25942527095415174], [0.053054980389658515, 0.07441809348365146, 0.2095813910310265, 0.6629455350956637], [0.29914939326280204, 0.07475037916271257, 0.008532399957313285, 0.6175678276171722], [0.6311061926483358, 0.21956188991412554, 0.00455432963612211, 0.1447775878014166], [0.17777733351960548, 0.472501485184583, 0.1881843225086332, 0.16153685878717836]]}}