{"test": {"ids": ["103111830", "109113881", "108119330", "100113210", "104109311", "99109860", "98110710", "112120990", "100111620", "113118690", "98110810", "107121540", "110119891", "109120560", "98111620", "108120280", "104113240", "108115570", "98111860", "103111620", "97116500", "107120130", "104113550", "103113270", "109119010", "107115250", "106115250", "103113210", "103120780", "106117650", "106119260", "113120601", "108115500", "107113200", "113121010", "99111440", "103110220", "109117730", "110114920", "99108520", "105113210", "111120260", "110115140", "107121230", "101110740", "101110200", "99108710", "109118820", "109121410", "97108520", "113122320", "112117571", "108114360", "108121160", "108118291", "108121351", "108118060", "98119591", "100109000", "103117200", "100116790", "102110050", "106113170", "107113170", "101108290", "98116940", "99109910", "98109311", "102121440", "99117630", "112116610", "103118291", "99108330", "104112201", "110116170", "100110260", "104111990", "105112100", "112118860", "107113260", "99105921", "107112840", "112117780", "101108621", "113118421", "108121190", "108115070", "107117010", "109120150", "112118701", "109113281", "112118810", "104111880", "110117200", "101113210", "104114740", "99111930", "103113260", "112121430", "110115980", "99107660", "112118421", "98120530", "113119700", "111116640", "103109021", "105115380", "97114170", "99114890", "107119950", "99108460", "109115211", "113118620", "104114410", "109117600", "111115910", "108113480", "97106600", "110114561", "106114150", "113119480", "112117461", "109118701", "112121351", "112120700", "99119830", "97106770", "110121720", "113118231", "113119450", "100109910", "112121010", "111117200", "107116980", "110118880", "112117030", "104114240", "104118340", "97107920", "109114030", "98120010", "111115770"], "labels": [3, 0, 0, 0, 3, 2, 2, 2, 3, 3, 1, 2, 3, 1, 3, 3, 2, 3, 0, 0, 2, 2, 1, 2, 3, 2, 2, 3, 1, 1, 1, 2, 3, 0, 2, 3, 2, 3, 3, 2, 3, 3, 0, 0, 3, 2, 2, 3, 0, 2, 1, 3, 1, 2, 3, 3, 1, 1, 1, 0, 2, 3, 0, 0, 0, 2, 2, 1, 2, 3, 1, 0, 1, 0, 0, 3, 2, 1, 3, 0, 1, 1, 0, 0, 3, 1, 1, 1, 2, 0, 0, 3, 3, 3, 3, 2, 1, 3, 2, 1, 3, 3, 1, 0, 0, 0, 1, 2, 2, 3, 0, 0, 3, 1, 1, 2, 0, 3, 0, 1, 3, 0, 3, 0, 2, 1, 3, 3, 3, 3, 2, 2, 0, 3, 0, 2, 0, 2, 0, 1, 2, 3], "predicted_labels": [0, 1, 2, 3, 3, 1, 1, 0, 0, 1, 1, 1, 1, 3, 2, 3, 1, 2, 2, 0, 0, 1, 0, 2, 3, 1, 2, 1, 1, 2, 0, 2, 1, 3, 1, 1, 3, 0, 1, 2, 3, 0, 3, 1, 1, 1, 1, 3, 3, 1, 1, 1, 1, 0, 0, 3, 1, 1, 0, 3, 1, 3, 1, 0, 3, 1, 2, 1, 1, 1, 0, 2, 1, 0, 0, 0, 0, 3, 0, 1, 2, 1, 0, 3, 0, 3, 0, 2, 2, 3, 3, 0, 1, 0, 3, 3, 1, 1, 3, 3, 0, 1, 1, 1, 2, 3, 1, 1, 1, 3, 3, 3, 1, 3, 2, 2, 3, 1, 1, 3, 0, 3, 3, 0, 2, 1, 2, 1, 1, 0, 2, 0, 3, 1, 1, 3, 0, 1, 0, 3, 3, 3], "confidence_scores": [[0.9998941709538764, 6.855755891194087e-05, 3.532082244892199e-05, 1.9506647625090686e-06], [0.00032879856663246853, 0.996255803333165, 0.0006195693575391589, 0.002795828742663396], [0.039793815329149954, 1.5495085535035733e-05, 0.9599889710429658, 0.00020171854234937934], [0.35685776481911813, 0.044687705864768834, 7.673425276461386e-06, 0.5984468558908367], [0.18944641687760078, 0.00023174351257766705, 1.3061077403163315e-05, 0.8103087785324183], [0.00042737065689224703, 0.44344583869539256, 0.34936834147488055, 0.20675844917283465], [0.02808721217501189, 0.9690587406710461, 0.00014767243106174823, 0.0027063747228801894], [0.6246790724853235, 0.3753098086865694, 3.352274661804555e-06, 7.766553445223381e-06], [0.7921062335596923, 0.0035234330434674448, 0.0853466491501224, 0.11902368424671776], [0.008672753142023466, 0.990975304814047, 0.00034541909586876217, 6.522948060728999e-06], [2.6036832752267165e-07, 0.9999984932047494, 3.0011293743990344e-08, 1.2164156292521587e-06], [0.027490796521740572, 0.9380102120039092, 0.0032371107085177654, 0.03126188076583255], [0.0015823994186123231, 0.8021812998002068, 0.0187014577138285, 0.17753484306735248], [1.0859926580414088e-06, 0.013346531108263514, 0.31117564709187295, 0.6754767358072055], [0.0007342397032155438, 0.3723692446278736, 0.5755027347064248, 0.05139378096248611], [3.0601020677458146e-05, 1.9040153906881734e-06, 0.021003167772474695, 0.9789643271914572], [4.9059684272788755e-06, 0.9999250588362789, 7.001066357974283e-05, 2.4531714104086683e-08], [0.0008127751377577666, 0.012983574439326998, 0.9415141917229791, 0.044689458699936145], [3.1838567360500116e-05, 3.332863973751571e-06, 0.9999463717816846, 1.8456786980996765e-05], [0.9997466161841763, 7.896681188529931e-05, 0.00010264190696652099, 7.177509697204721e-05], [0.9935061925187186, 0.0003350555711375685, 0.00035661492303842873, 0.0058021369871053075], [0.007870417122892244, 0.9908453400819829, 0.00128416000922466, 8.278590028687919e-08], [0.9983513885676327, 1.5433245077497435e-07, 0.001566511403493592, 8.194569642286301e-05], [1.0571173814623672e-06, 3.2320697944959563e-06, 0.9994609436923064, 0.0005347671205175981], [0.0014009586795163708, 0.09448945867589932, 0.004778001329776581, 0.8993315813148077], [8.965519523842308e-05, 0.8790615048008285, 0.10540566320523065, 0.015443176798702666], [0.1781097791797789, 0.3870573142524417, 0.42876847995685835, 0.006064426610921128], [0.00019190090927892185, 0.8664039699526939, 0.13337754759315512, 2.6581544872005616e-05], [0.007664021228028302, 0.6477639570036626, 0.34303171080237554, 0.0015403109659336187], [2.1287608640734913e-06, 0.04072358028022797, 0.9589557978036697, 0.00031849315523826814], [0.9950213413297836, 9.982458788398154e-05, 0.004827569364919719, 5.1264717412674984e-05], [0.05538249460592712, 0.017505674430390472, 0.9271081829005988, 3.6480630834483636e-06], [0.0031724798042746067, 0.9951131602711931, 0.0010665650266670856, 0.000647794897865224], [0.08168175481126079, 4.809747741132185e-08, 4.18797077166811e-06, 0.9183140091204901], [1.0791590415740975e-05, 0.9967146448236579, 0.0031562447593186335, 0.00011831882660765526], [0.298609048202664, 0.5432977454941211, 0.04981520955370026, 0.10827799674951469], [0.00041966815887440896, 0.09688403124964785, 0.0026188122037110345, 0.9000774883877667], [0.9996684864413599, 9.989228372623647e-06, 2.453994993196913e-06, 0.0003190703352743092], [0.0003571315995497497, 0.9934027202885987, 0.006237232626288127, 2.9154855632016893e-06], [0.008883823960488672, 0.008726311043284194, 0.9822589198109287, 0.00013094518529822011], [0.00042323524099678025, 0.0020289479773052646, 1.839899436122502e-07, 0.9975476327917543], [0.9980804155853759, 4.433248047442348e-08, 7.83351098321612e-06, 0.001911706571160386], [0.01458146125722396, 0.19576996292305973, 0.06122094869883011, 0.7284276271208863], [0.0005185681042026173, 0.8364017180367609, 3.0554930220499064e-07, 0.16307940830973433], [1.6850734910078342e-08, 0.9889997151891635, 0.0063399634773180875, 0.004660304482783645], [2.721961406869167e-05, 0.9999668260578434, 4.376746521852678e-06, 1.5775815661311342e-06], [2.8794043767046346e-08, 0.9999872214389011, 1.6404968468366676e-08, 1.2733362086644969e-05], [3.108653026156743e-06, 5.893319203231722e-05, 4.236820950433808e-05, 0.9998955899454373], [0.011344945109956444, 2.3418841294658426e-06, 8.266366635902202e-06, 0.9886444466392782], [0.005495806208469616, 0.6443304049010767, 0.1069381523234511, 0.24323563656700262], [0.1888989765819088, 0.8099949909745914, 5.717920901446698e-05, 0.001048853234485418], [0.07359022223967626, 0.9050792445897882, 3.9336961433414935e-08, 0.021330493833574108], [4.1825728336194826e-09, 0.8345545324338165, 0.16544517525677407, 2.8812683651740164e-07], [0.6917678896114385, 0.30779595999105525, 3.5174814601245522e-06, 0.0004326329160461738], [0.9833365270958785, 1.2118612659907566e-05, 0.00019124264515268092, 0.016460111646308857], [0.004249510844273005, 0.0021728980457452448, 8.088608893190427e-08, 0.9935775102238928], [0.0002930578746648278, 0.9996490473283637, 5.667014158042766e-05, 1.2246553909940934e-06], [0.10529620862441105, 0.8652806093047465, 0.025588120700855605, 0.00383506136998698], [0.9481949509548547, 0.02659227677263162, 0.02312770675169329, 0.002085065520820402], [0.03216878405781832, 5.124195974061234e-05, 6.647395442197192e-06, 0.967773326586999], [0.17251676693090257, 0.6231375016945054, 0.20331618401118923, 0.0010295473634025876], [0.023463133834039827, 0.006855334281064119, 0.024521410506480244, 0.9451601213784158], [5.7409221212620825e-05, 0.9999384340983202, 2.2802239700987396e-09, 4.1544002432338596e-06], [0.9846692024977606, 0.015079094997924494, 4.371341583356768e-06, 0.00024733116273146697], [4.575153542467698e-05, 0.006117129885564782, 0.00018837344520547772, 0.9936487451338051], [1.589209622460103e-05, 0.9999433143272723, 8.141973438474053e-07, 3.997937915926889e-05], [0.0017305099297132743, 4.445815808249587e-06, 0.9982635236739383, 1.520580539957135e-06], [0.00035193928314993607, 0.748107604577381, 0.20875535547910523, 0.042785100660363756], [4.671879055142291e-06, 0.9978936542783199, 0.0008290133505895057, 0.0012726604920354268], [0.0025970889169867825, 0.9973903136499226, 1.0880729341164074e-06, 1.1509360156555e-05], [0.7795720915987449, 0.0202384371900229, 0.014264393816261892, 0.1859250773949703], [0.002175179617596562, 0.0005521343699533207, 0.6825408120815349, 0.3147318739309152], [0.006547687565321967, 0.993405450374295, 4.661153615675091e-05, 2.505242262985556e-07], [0.8664625956909286, 0.019665453486141085, 0.013189882028607762, 0.10068206879432245], [0.6529239666788318, 0.05999220955197209, 0.03674483540499928, 0.2503389883641969], [0.9909682952536414, 1.5206589970747038e-05, 0.007126036754399392, 0.0018904614019884158], [0.879652096976469, 0.11912691749381896, 0.0012209687585425192, 1.67711694001231e-08], [0.0019167413757969765, 0.3321965021120469, 0.0003669414799043577, 0.6655198150322518], [0.9972083414430993, 0.002107923374059265, 0.0006450670605007056, 3.8668122340661205e-05], [0.000609255155786869, 0.9770409441233189, 0.004488959681005, 0.017860841039889285], [0.051813184793596444, 0.00016361857475147035, 0.9480194768941563, 3.719737495708452e-06], [3.2994387033615434e-08, 0.9985054181784971, 7.301337954811982e-06, 0.0014872474891610141], [0.676595611170632, 0.1956728735529466, 0.00027472879815694203, 0.12745678647826436], [0.0004912583666977369, 0.029891768375922976, 1.0356989951006268e-05, 0.9696066162674283], [0.9981475299467911, 9.61616702866169e-08, 1.1091277909415921e-10, 0.0018523737806258752], [0.0006322205986417235, 0.4722242984474805, 0.00045299011899529974, 0.5266904908348826], [0.9229274554975139, 0.0004932245362849708, 0.07077174863078604, 0.005807571335415157], [0.000938231399464945, 0.3142606216741199, 0.6236325724554848, 0.0611685744709305], [2.3446771383064333e-06, 2.6818035920708753e-06, 0.9999949676088555, 5.910414214570983e-09], [2.719439807656001e-07, 5.673440371042379e-06, 7.152994296677438e-06, 0.9999869016213515], [0.036121220895163016, 3.5072453901524014e-07, 8.129878870592561e-15, 0.9638784283802899], [0.7343865774887428, 0.25911125128713, 1.050262455312119e-06, 0.006501120961671829], [5.7736977181714995e-06, 0.5743809139077578, 0.010569303071395973, 0.415044009323128], [0.9821816120208545, 0.0009459978549223028, 0.01256309609440932, 0.004309294029813776], [2.5616875416112855e-06, 8.996589296546681e-05, 0.0014101000760544905, 0.9984973723434383], [0.022684070506478377, 0.000124856147747497, 0.1543825819895737, 0.8228084913562004], [1.6011765247995826e-07, 0.9999359030404533, 5.816916598550096e-05, 5.767675908748387e-06], [3.357206854846107e-05, 0.9999297267988764, 1.2937374002859758e-06, 3.540739517480424e-05], [0.23458141175902364, 0.27580699574578454, 0.00045027385957685463, 0.48916131863561507], [0.054879639689495316, 1.590128909701114e-08, 4.157932132814447e-06, 0.9451161864770828], [0.8858594466924361, 3.446539977071443e-05, 0.010384577375372493, 0.10372151053242068], [0.3052550983027019, 0.6630125146009707, 1.711850703903511e-06, 0.031730675245623556], [2.6093142637577873e-07, 0.9528921998621103, 7.146424723951386e-11, 0.04710753913499919], [0.0015358302936785558, 0.9858155691731753, 0.0016237741221814313, 0.01102482641096459], [0.19219334287716805, 0.01080876992154104, 0.7969978785396747, 8.661616120194773e-09], [3.3375071131196736e-05, 0.0005000101892339631, 8.465882725354883e-08, 0.9994665300808075], [6.64187680626254e-06, 0.8838098351614686, 0.0028419926982124733, 0.11334153026351275], [1.4012460722739395e-10, 0.9999904546871613, 9.382738329353305e-06, 1.6243438483752003e-07], [8.630656669648935e-09, 0.585569811955549, 0.39825965425072635, 0.01617052516306794], [6.992405624822819e-05, 0.0013308327280000694, 2.9304837594363198e-05, 0.9985699383781573], [4.775321099391919e-09, 0.014764849455654521, 2.3181239860190655e-10, 0.9852351455372119], [0.0008798250042371805, 0.009488415094356556, 1.4641020635528793e-09, 0.9896317584373041], [2.6861534663034857e-06, 0.9999973121023026, 7.489104989643973e-11, 1.6693401132772565e-09], [4.0704598611614125e-06, 6.1160326479801034e-06, 4.967638309461223e-06, 0.9999848458691813], [0.27209476837459395, 0.05479652137289613, 0.6730814318154799, 2.7278437029993898e-05], [0.3154243774468053, 0.0007992259592621337, 0.6809306085182792, 0.0028457880756532572], [0.30080218805720327, 9.4607432045236e-08, 5.375542905452811e-05, 0.6991439619063101], [0.0016476716557684973, 0.7078375609060034, 0.28485030591277993, 0.005664461525448261], [0.09187723586299144, 0.9006686241048392, 0.0008700372159431039, 0.006584102816226377], [0.08901413233969187, 0.280518666922694, 0.0004254107844139563, 0.6300417899532001], [0.9999623148094573, 3.3661440460633137e-07, 2.2548005833161727e-08, 3.7326028132323925e-05], [0.04106403295341241, 4.2972652136023643e-05, 0.0001153862146575351, 0.958777608179794], [9.674131534078045e-08, 9.66596975626519e-10, 6.493090306162178e-09, 0.9999998957989975], [0.9999995561297724, 5.333548039467736e-11, 1.752123364264843e-09, 4.420647686620173e-07], [0.0009420165776359238, 0.018788675044601525, 0.778118274433708, 0.20215103394405454], [4.959408289808284e-07, 0.7044342681568697, 0.0001228304266921851, 0.29544240547560907], [0.07372835527162783, 1.5298556041792462e-05, 0.9262503897705182, 5.956401812201128e-06], [4.64624575906714e-08, 0.9684571941193155, 3.368481368814502e-06, 0.031539390936857904], [0.02841007978374281, 0.9681871833574952, 5.1078607499852784e-08, 0.003402685780154413], [0.8494081186325582, 0.0007002788455974522, 7.511545874607358e-06, 0.1498840909759698], [0.001807948849440337, 8.417438467732416e-05, 0.9981078444277637, 3.233811872311972e-08], [0.7939965020897364, 0.19971113498749005, 0.0001792916712604338, 0.006113071251513073], [1.3186567396041918e-06, 0.1814044331682972, 4.817347025528732e-09, 0.8185942433576161], [0.1377600371518534, 0.8622361351789767, 9.5367920613555e-07, 2.873989963812279e-06], [0.05707108446100353, 0.9427223109300074, 7.802457225382063e-06, 0.0001988021517637087], [0.0011030277354705915, 0.0001541852899177174, 8.789569270953326e-06, 0.9987339974053407], [0.8960139456175429, 0.009545674621745012, 0.09042383531526046, 0.004016544445451454], [8.624707560710958e-05, 0.9998281704306312, 4.6561428282793914e-08, 8.553593233346869e-05], [0.9677547643040311, 0.030618353722055167, 0.001508590421108576, 0.00011829155280500867], [0.00456444095119147, 0.015481616364217167, 0.00010076610119782745, 0.9798531765833935], [0.02084926637391652, 0.10190943222650718, 0.12185635033901941, 0.755384951060557], [0.012609335059169082, 0.4670514773983759, 5.089004781125872e-05, 0.5202882974946437]]}, "rewritten": {"ids": ["97106600", "97106770", "97107920", "97108520", "97114170", "97116500", "98109311", "98110710", "98110810", "98111620", "98111860", "98116940", "98119591", "98120010", "98120530", "99105921", "99107660", "99108330", "99108460", "99108520", "99108710", "99109860", "99109910", "99111440", "99111930", "99114890", "99117630", "99119830", "100109000", "100109910", "100110260", "100111620", "100113210", "100116790", "101108290", "101108621", "101110200", "101110740", "101113210", "102110050", "102121440", "103109021", "103110220", "103111620", "103111830", "103113210", "103113260", "103113270", "103117200", "103118291", "103120780", "104109311", "104111880", "104111990", "104112201", "104113240", "104113550", "104114240", "104114410", "104114740", "104118340", "105112100", "105113210", "105115380", "106113170", "106114150", "106115250", "106117650", "106119260", "107112840", "107113170", "107113200", "107113260", "107115250", "107116980", "107117010", "107119950", "107120130", "107121230", "107121540", "108113480", "108114360", "108115070", "108115500", "108115570", "108118060", "108118291", "108119330", "108120280", "108121160", "108121190", "108121351", "109113281", "109113881", "109114030", "109115211", "109117600", "109117730", "109118701", "109118820", "109119010", "109120150", "109120560", "109121410", "110114561", "110114920", "110115140", "110115980", "110116170", "110117200", "110118880", "110119891", "110121720", "111115770", "111115910", "111116640", "111117200", "111120260", "112116610", "112117030", "112117461", "112117571", "112117780", "112118421", "112118701", "112118810", "112118860", "112120700", "112120990", "112121010", "112121351", "112121430", "113118231", "113118421", "113118620", "113118690", "113119450", "113119480", "113119700", "113120601", "113121010", "113122320"], "labels": [3, 3, 0, 2, 2, 2, 1, 2, 1, 3, 0, 2, 1, 2, 1, 1, 3, 1, 0, 2, 2, 2, 2, 3, 1, 2, 3, 1, 1, 2, 3, 3, 0, 2, 0, 0, 2, 3, 3, 3, 2, 0, 2, 0, 3, 3, 3, 2, 0, 0, 1, 3, 3, 2, 0, 2, 1, 0, 1, 2, 2, 1, 3, 1, 0, 1, 2, 1, 1, 1, 0, 0, 0, 2, 3, 1, 3, 2, 0, 2, 0, 1, 1, 3, 3, 1, 3, 0, 3, 2, 1, 3, 0, 0, 1, 0, 1, 3, 3, 3, 3, 2, 1, 0, 0, 3, 0, 1, 0, 3, 0, 3, 3, 3, 2, 0, 0, 3, 1, 2, 0, 3, 0, 3, 0, 3, 3, 2, 2, 2, 0, 2, 3, 3, 3, 3, 3, 3, 0, 2, 2, 1], "predicted_labels": [0, 0, 0, 3, 1, 0, 1, 1, 1, 2, 2, 1, 1, 2, 1, 0, 0, 1, 3, 2, 1, 1, 2, 0, 1, 1, 1, 1, 0, 2, 0, 3, 0, 0, 3, 3, 1, 1, 3, 3, 1, 3, 1, 0, 0, 2, 1, 2, 3, 2, 1, 3, 3, 0, 0, 1, 0, 0, 3, 2, 1, 1, 1, 1, 1, 0, 1, 1, 0, 1, 0, 3, 1, 2, 0, 2, 3, 1, 3, 3, 0, 1, 0, 1, 2, 1, 0, 2, 3, 0, 3, 3, 3, 1, 1, 3, 2, 0, 3, 3, 3, 2, 2, 3, 1, 1, 1, 3, 3, 0, 1, 3, 1, 1, 2, 2, 3, 0, 2, 3, 0, 1, 0, 3, 3, 3, 0, 2, 1, 0, 0, 1, 0, 0, 1, 1, 0, 0, 1, 0, 1, 0], "confidence_scores": [[0.70751794478977, 0.1989881886293057, 0.07535981219948877, 0.018134054381435512], [0.8517535738844978, 7.498681452914931e-07, 0.14824476532081898, 9.109265378439365e-07], [0.8432159012631438, 0.10099210003219658, 0.05550906297289417, 0.0002829357317651617], [0.0006852650324452794, 0.0147343271137057, 0.003720534490811439, 0.9808598733630377], [6.660761664871819e-09, 0.9999779982243324, 4.833387205933928e-06, 1.7161727699826623e-05], [0.9580688417770372, 0.0061341547327849275, 0.034924680981966695, 0.0008723225082111933], [2.5911084020432992e-05, 0.9634971120506778, 0.032368920430143645, 0.004108056435158304], [0.4911733831300687, 0.5080321877104264, 1.837381094004882e-06, 0.0007925917784109126], [7.335451085546919e-09, 0.9999976365924961, 5.1548352566651594e-08, 2.304523700199957e-06], [0.014929228036984417, 0.009225055813072215, 0.9723506725287977, 0.0034950436211457618], [0.0002597016190499914, 5.600417913739421e-05, 0.9996715894636203, 1.2704738192344766e-05], [0.054175337877925875, 0.9448932279424428, 4.806267770761222e-07, 0.0009309535528543283], [0.015386070625733075, 0.9763021826255012, 0.003785013645839762, 0.004526733102926099], [0.05355356534537505, 0.005104846344040239, 0.4777430224302934, 0.4635985658802913], [7.673586952160615e-07, 0.9996421630508062, 2.5027551806505776e-12, 0.00035706958799577295], [0.7165878791627881, 0.00022566766659495513, 0.28308163967197403, 0.00010481349864285575], [0.7471011091174303, 0.0002383080049846183, 0.11532571190815337, 0.13733487096943175], [0.003953810720382314, 0.9956260232389719, 0.00042014835063083835, 1.769001488196073e-08], [6.45642573031046e-10, 1.2747416212186537e-05, 1.730562805952548e-11, 0.9999872519208395], [0.00438359498923017, 0.009522936271434078, 0.9860625173483362, 3.0951390999529306e-05], [1.6695437499256664e-09, 0.9999992992792205, 5.159675011874166e-10, 6.985352681839172e-07], [1.5635270895049024e-06, 0.7506314577914407, 0.2338880711855362, 0.015478907495933501], [0.0003925005404006333, 4.46637452919482e-06, 0.9996029523290649, 8.075600521573555e-08], [0.9999183436445552, 4.0073194123010095e-06, 6.833451992569813e-06, 7.08155840399693e-05], [5.664747695035608e-07, 0.999433468057001, 0.00046694440708592737, 9.902106114352607e-05], [3.935982556858288e-06, 0.7691487253052397, 0.22747879584594996, 0.0033685428662535845], [0.012740406503929814, 0.9841674082516289, 0.00029429879942537536, 0.002797886445015872], [1.73610169281158e-07, 0.81469567495754, 4.96764427603692e-06, 0.18529918378801483], [0.9740339349097646, 0.008594632707238042, 0.0036084122327072147, 0.013763020150290305], [0.0038809993183108525, 0.00013777806574499622, 0.995978562745033, 2.659870910984611e-06], [0.9674250324378265, 9.27038425029916e-05, 0.008451019075090068, 0.024031244644580403], [0.30713992378159827, 0.0011185178791195023, 0.050623599170726785, 0.6411179591685553], [0.7267136103972035, 0.020216380135601352, 9.548164454555398e-05, 0.2529745278226495], [0.8905425347433884, 0.01663747763386561, 0.09276251786339704, 5.746975934893755e-05], [5.036923635201631e-07, 0.00043577460032744487, 1.4393683871781847e-05, 0.9995493280234373], [0.0001502886669689223, 0.011092656160400602, 1.1087545835342594e-06, 0.988755946418047], [0.00024738065514246627, 0.9997387447170262, 1.1845584787550962e-05, 2.029043044086196e-06], [7.515615792440004e-07, 0.9115344556878231, 0.06456542252454578, 0.023899370226051972], [5.954035710173874e-05, 0.002386345288525522, 0.04002066871579464, 0.9575334456385781], [0.001035577112820025, 0.005038186738723592, 0.04838226506965295, 0.9455439710788034], [7.523155004704441e-05, 0.9847312743872282, 0.01488106049023794, 0.00031243357248681683], [0.00014696401624219037, 0.0054299332706402945, 2.2065407345396473e-10, 0.9944231024924634], [0.0008661792487629935, 0.5742960713485462, 4.771526518988484e-05, 0.424790034137501], [0.9998561532655302, 9.39104945747498e-05, 6.422093935939387e-06, 4.3514145959192375e-05], [0.9765840415101994, 0.013157085256445102, 0.010244806567301454, 1.4066666054230201e-05], [0.007758964344306587, 0.048770729506322635, 0.9434702940638977, 1.2085473160988606e-08], [0.00014159848528305598, 0.9997763099052888, 1.8784265180565398e-05, 6.330734424768732e-05], [4.8443021881215844e-08, 1.5532946489918812e-06, 0.9987346670125006, 0.0012637312498284207], [4.114769995245429e-05, 1.6180907977323866e-06, 1.4664402539705477e-08, 0.9999572195448473], [0.018769805270281135, 0.0015022899684912791, 0.9748151241318692, 0.004912780629358411], [0.0020297370613114305, 0.6306957761654335, 0.36724585677206456, 2.863000119049468e-05], [0.0007580408464410357, 0.00018526558686180714, 0.00014938411996347887, 0.9989073094467337], [0.0004525864678206527, 6.850294050702534e-05, 0.002575989567891519, 0.9969029210237808], [0.706926498638818, 0.2511233211868594, 0.04194992096802945, 2.5920629316110466e-07], [0.9924520370275102, 0.003632432737949523, 0.001568141389176293, 0.002347388845364104], [7.779866571649825e-05, 0.9999029177091743, 1.844886026681595e-05, 8.347648423948157e-07], [0.9933665008415712, 7.060997972384225e-08, 0.00661668893115554, 1.6739617293749493e-05], [0.9760402336026035, 0.0006630895612323788, 0.004064696963033049, 0.01923197987313121], [2.870324301624861e-07, 7.965195356383633e-06, 3.187016117027658e-07, 0.9999914290706018], [0.05335917529810447, 8.385509230922256e-06, 0.49386342872002836, 0.45276901047263635], [0.06065013768426827, 0.9393417717664614, 1.3535741779466588e-08, 8.0770135286893e-06], [0.13739144083110227, 0.7387001272562296, 0.05537315270473887, 0.06853527920792934], [1.2764686052344295e-05, 0.8274135239800644, 1.4348358906209303e-08, 0.1725736969855245], [0.00011591886189514798, 0.8562993788559508, 0.0006714238382711409, 0.14291327844388288], [0.11215267848681532, 0.8876242915022505, 1.6828390663366204e-07, 0.0002228617270273772], [0.8768491920993801, 0.028741475624411632, 0.005571652088552831, 0.08883768018765542], [0.013742560115605488, 0.9832676574703257, 0.002987796703636595, 1.985710432138329e-06], [8.236205409437015e-06, 0.5295231025868278, 0.4698813474205609, 0.0005873137872017988], [0.9984050656153205, 5.406741532612939e-05, 0.0014510970022952464, 8.976996705827913e-05], [2.1617640633580267e-08, 0.9999668752054808, 6.535845650698957e-06, 2.6567331227968073e-05], [0.9704047113418699, 0.02855106164923082, 3.488475132756415e-05, 0.001009342257571679], [0.3377868005051291, 9.513383641176875e-06, 5.005031565505962e-05, 0.6621536357955746], [0.1390047912828148, 0.8111465068829613, 0.008603578359966052, 0.04124512347425789], [0.005668958793273142, 0.05231693050200162, 0.7564095873657942, 0.18560452333893107], [0.6202681936037296, 0.3796124059531153, 5.971674556186975e-05, 5.9683697593159654e-05], [2.049021429186808e-06, 0.003486703289363259, 0.9964566017647687, 5.4645924438806445e-05], [1.3340785834843562e-05, 0.0002577356910372552, 1.061168159881592e-05, 0.9997183118415292], [0.019404037079034823, 0.9538476510966464, 0.026747889269052742, 4.2255526596012383e-07], [8.824988258942236e-06, 0.09394357769514687, 4.0730492868382773e-07, 0.9060471900116656], [0.04100355628645498, 0.012154798122983073, 0.0633547578252973, 0.8834868877652647], [0.6007507800735014, 5.572969216905523e-07, 0.00011978650774569757, 0.39912887612183123], [7.052784639594332e-10, 0.811384532871027, 0.18861545068622504, 1.5737469478443766e-08], [0.9167304890659089, 0.00023518435090212305, 0.017281567039563937, 0.06575275954362492], [0.00014692661440232412, 0.9997958973096562, 2.5540326458279886e-05, 3.1635749483049995e-05], [4.8086968393420995e-05, 0.00015814839947195147, 0.9928081321521286, 0.0069856324800059745], [0.0006184255112457339, 0.9993781473940014, 3.1003140171210098e-06, 3.2678073571206226e-07], [0.9999513888845439, 2.52020419099632e-08, 1.413902147216979e-07, 4.8444523199543774e-05], [0.03755699578616812, 9.639691905379502e-07, 0.9250146721947612, 0.03742736804988018], [0.00013081080557867864, 1.6086578062778298e-06, 0.0918345874111172, 0.9080329931254978], [0.9314624070596472, 0.0683956629474154, 1.0779056625789551e-08, 0.00014191921388099176], [7.20145885300684e-05, 0.040261029912462, 0.00014300337301363758, 0.9595239521259943], [0.03935554724433797, 0.010577890718780835, 5.045826413180881e-06, 0.950061516210468], [0.006063970448693449, 1.0899122351884754e-06, 6.973380680550041e-16, 0.9939349396390706], [0.0013481205876744423, 0.9921519461763135, 0.002399650940602333, 0.0041002822954097585], [0.002545052654806062, 0.9879485631339266, 8.209058357109354e-07, 0.009505563305431558], [5.35798994060103e-05, 0.0011433038224216551, 1.9195641610914408e-10, 0.998803116086216], [0.10982337765572357, 0.0020631777573601904, 0.8881095795994851, 3.8649874312723745e-06], [0.9914881927798636, 0.0005172757554823814, 0.0014442809192192175, 0.006550250545434926], [2.41550730322939e-05, 4.190790758168486e-08, 1.2093077603047697e-08, 0.9999757909259827], [3.7158583088402264e-06, 4.775180754917702e-07, 1.4497882041462593e-05, 0.9999813087415741], [4.834349471000382e-05, 0.10710423323274441, 0.0037259903133880167, 0.8891214329591575], [5.139188763728921e-06, 6.52228464114642e-07, 0.999994206742566, 1.8402061058173863e-09], [2.130927090950906e-06, 0.04106778536113434, 0.48008561200490185, 0.47884447170687283], [0.05471320802324532, 2.0294971456174512e-05, 0.0002716418185956024, 0.9449948551867028], [0.29136520565312213, 0.705328275529643, 0.0001611476479077008, 0.003145371169327099], [0.0006578287913026124, 0.9937141466951709, 0.000524113570496573, 0.005103910943029866], [0.17350193657800878, 0.4442279053632234, 0.05952579024849462, 0.3227443678102733], [0.0026305180788884436, 2.3108715574650842e-07, 1.1164010747929553e-05, 0.9973580868232078], [0.007262924261415729, 6.101289001217708e-05, 2.8233105898763993e-05, 0.9926478297426733], [0.9736875543598418, 0.025578007466183536, 0.0005895603198396166, 0.0001448778541351851], [0.009930125206393596, 0.9899728662180938, 6.922722478152147e-06, 9.008585303456624e-05], [0.00016265575792467584, 0.4451216900492559, 0.010216892064099568, 0.54449876212872], [5.182546526180142e-07, 0.9863875574167073, 1.7572206760031653e-05, 0.013594352121880059], [0.015383241351362523, 0.9808412258295939, 4.0666743844668755e-05, 0.00373486607519882], [0.0947926837688333, 0.000688826388553602, 0.9043682642125856, 0.0001502256300274855], [0.14923685974056877, 0.022985491741950692, 0.827777617305786, 3.121169447545499e-08], [4.769372781929306e-07, 0.09069066668940085, 6.028309489940467e-08, 0.9093087960902262], [0.9999456923147609, 3.875649713656123e-05, 6.8368955653930195e-06, 8.714292537090068e-06], [0.017353502585276643, 0.004663025763864531, 0.9017927482646483, 0.07619072338621044], [0.004752873914664566, 0.00023190392131334456, 0.0002698392495996025, 0.9947453829144224], [0.8048292244058722, 0.0025850036691563954, 0.004307835657103891, 0.18827793626786762], [0.004065346222300292, 0.808275046801474, 4.280901237125834e-06, 0.18765532607498842], [0.7838799110573428, 0.21367623711449404, 0.0001719557482114008, 0.0022718960799518544], [0.2638674114432887, 0.32906970762451554, 3.75579397333258e-06, 0.40705912513822234], [1.981291640944665e-06, 0.005736132205792398, 0.00025272663420459817, 0.994009159868362], [0.06911454472051919, 0.3572444365938525, 3.098769320381103e-07, 0.5736407088086963], [0.9965305674302731, 0.002928298906514875, 0.00011159031717518582, 0.00042954334603686534], [0.046283413065362794, 0.13158664026620412, 0.8212009099670864, 0.0009290367013466858], [0.4771658939381923, 0.5227998967743525, 9.999598297733983e-07, 3.320932762535258e-05], [0.9379664677049614, 0.06178252866857139, 0.00023235347760998902, 1.8650148857326584e-05], [0.9999999480569353, 2.3072384056768537e-10, 1.8440815158257528e-08, 3.327152553868839e-08], [0.004735403100035787, 0.9946801574160804, 7.076769879562953e-06, 0.0005773627140043531], [0.9810881182728648, 0.014950401126795493, 1.3080323500145474e-08, 0.0039614675200162555], [0.9833937957435157, 6.92783738676574e-05, 3.732828757226067e-10, 0.016536925509333833], [0.0004441445459112934, 0.9995557313962417, 1.3737359390032166e-08, 1.1032048759615663e-07], [0.02353666391192471, 0.9672983840149098, 0.008932937906655305, 0.00023201416651014137], [0.935750268366353, 3.225790909401261e-05, 4.8770614871601595e-06, 0.06421259666306582], [0.9998339148046093, 5.089200762656457e-06, 1.1938834102606085e-07, 0.0001608766062871138], [7.004632391586847e-05, 0.9973812765317651, 7.3424077877189e-05, 0.0024752530664419493], [0.6733409218776515, 0.09123149118359586, 0.23542463841845454, 2.9485202981145777e-06], [9.006597329344783e-06, 0.9746577236230659, 0.01958947145050645, 0.00574379832909831], [0.8477556663798609, 0.15187515973669646, 0.0003089725686964907, 6.020131474611972e-05]]}}