{"test": {"ids": ["112116501", "98120010", "106121220", "99111930", "113120591", "102121700", "105112260", "99109910", "112118581", "113121680", "100113210", "113119480", "109114720", "110117500", "109115070", "109121351", "110120640", "97106600", "104113550", "100109311", "107119390", "99117630", "97111790", "113122320", "107112850", "101111620", "104111830", "101116130", "109117600", "107120010", "112119580", "112118511", "110119891", "109116040", "108115070", "111119340", "113120830", "101111310", "106118820", "110115120", "109118701", "111116990", "98110680", "97112290", "107116340", "106116120", "100107920", "110116441", "108113740", "105116501", "110118701", "105117431", "103120290", "113122190", "107118490", "113122650", "107113130", "111115620", "113120780", "103110100", "107116980", "111120640", "107112840", "111120190", "108114270", "110115250", "106116370", "98108150", "106113190", "113118511", "105114220", "98106680", "109115211", "99108080", "99109860", "110119300", "109116441", "108116120", "98111231", "97106820", "109118231", "111120320", "100110260", "107116501", "108118291", "110116300", "106121190", "108115250", "98107210", "108118060", "113120280", "112117431", "108121160", "100113370", "97116790", "112118530", "97105760", "109115220", "110114720", "108115880", "112116401", "111119930", "107120260", "101121640", "109117080", "104117630", "101113210", "108120060", "97106970", "97116800", "99120010", "113120531", "109113591", "112118421", "108113760", "110114950", "103109791", "107113170", "107113550", "113121950", "111116090", "102111990", "104114240", "112118820", "111118910", "100111620", "102110050", "101117580", "110118810", "105112130", "111115770", "101111210", "110115890", "99107640", "112119610", "110121140", "104110960", "112116610", "112117660", "104113190", "113118690", "100120780"], "labels": [3, 2, 1, 1, 0, 1, 3, 2, 1, 1, 0, 3, 0, 1, 0, 0, 0, 3, 1, 1, 2, 3, 2, 1, 1, 3, 3, 2, 1, 1, 3, 1, 3, 0, 1, 3, 3, 3, 3, 0, 3, 0, 2, 1, 3, 1, 0, 3, 3, 1, 3, 1, 2, 1, 2, 2, 1, 1, 0, 1, 3, 0, 1, 3, 3, 1, 2, 0, 0, 1, 3, 1, 0, 3, 2, 1, 3, 1, 1, 1, 1, 1, 3, 1, 3, 3, 2, 1, 1, 1, 0, 0, 2, 3, 2, 1, 0, 3, 3, 3, 0, 1, 1, 2, 1, 0, 3, 1, 2, 0, 2, 0, 3, 3, 1, 0, 3, 0, 0, 3, 3, 2, 0, 0, 0, 3, 3, 3, 1, 1, 3, 2, 2, 1, 0, 3, 2, 1, 0, 3, 3, 1], "predicted_labels": [3, 1, 0, 1, 3, 1, 3, 2, 1, 3, 3, 0, 3, 1, 0, 0, 1, 1, 0, 0, 3, 3, 1, 3, 3, 0, 0, 3, 1, 1, 3, 3, 3, 3, 2, 3, 3, 0, 1, 0, 0, 0, 1, 3, 1, 0, 3, 0, 0, 1, 1, 1, 2, 1, 3, 3, 1, 3, 3, 0, 0, 1, 0, 1, 1, 3, 0, 1, 1, 0, 1, 1, 3, 0, 1, 0, 0, 0, 0, 3, 0, 1, 1, 0, 0, 0, 1, 1, 3, 1, 0, 0, 1, 2, 0, 1, 3, 3, 2, 2, 3, 3, 1, 3, 1, 0, 1, 2, 3, 0, 2, 1, 3, 3, 1, 3, 3, 1, 1, 2, 0, 3, 3, 0, 1, 1, 1, 1, 1, 0, 3, 1, 3, 3, 2, 0, 0, 1, 0, 1, 3, 0], "confidence_scores": [[0.2384246893470219, 0.1433248417703675, 0.08670216539025753, 0.531548303492353], [0.305324379701558, 0.36597837213936907, 0.15862951476326873, 0.17006773339580417], [0.5508257338857728, 0.15087569703661305, 0.10716715108239701, 0.19113141799521724], [0.19042576825500376, 0.34586108394059684, 0.22139785366054002, 0.2423152941438594], [0.13485584544091989, 0.10643887849319092, 0.17446167865263634, 0.5842435974132528], [0.33386258930798657, 0.40451249377460735, 0.11243225783372905, 0.14919265908367715], [0.16706007309906537, 0.19297116041490403, 0.1287116061613913, 0.5112571603246393], [0.1501845083846809, 0.13043873736696218, 0.5837843057539099, 0.13559244849444707], [0.182408739998946, 0.5696306283982057, 0.13361713633905511, 0.11434349526379335], [0.14125790303451866, 0.1646546702784152, 0.07341475945513755, 0.6206726672319286], [0.1704179247204794, 0.24743312808226317, 0.2166918262409738, 0.36545712095628363], [0.34008561779323165, 0.24042292176653068, 0.10093714972458533, 0.3185543107156523], [0.07478721949182833, 0.2479810947656894, 0.31004452234479773, 0.36718716339768465], [0.23047099202135046, 0.3924672637725836, 0.20933611556916534, 0.1677256286369006], [0.30686962850268623, 0.30362098418577066, 0.18877147060834534, 0.20073791670319768], [0.5675549085180831, 0.13904978955072053, 0.17110765464025748, 0.12228764729093887], [0.16706697259092787, 0.47093501674000915, 0.15173852623307454, 0.2102594844359885], [0.21260388073163103, 0.3163986645917537, 0.29585740554651724, 0.1751400491300981], [0.2732555099921542, 0.2476200913926829, 0.26174969694423655, 0.21737470167092623], [0.3034454680579895, 0.2652901428024263, 0.21545516072373713, 0.21580922841584693], [0.2297961419286036, 0.2724714589239996, 0.1985135779850617, 0.2992188211623351], [0.2535016993362166, 0.18114974639519285, 0.25031531178187544, 0.31503324248671505], [0.1915097824123663, 0.37223492485945064, 0.11750936843642308, 0.31874592429176], [0.24534760615704918, 0.24349725176105033, 0.08891107604886236, 0.42224406603303843], [0.13954049899470208, 0.1847823325859353, 0.315219018428902, 0.3604581499904606], [0.35495351193824365, 0.15004604818063147, 0.1549828152983031, 0.34001762458282164], [0.35380192509015657, 0.26626519837659546, 0.1074402842335953, 0.27249259229965256], [0.14531733256688242, 0.29364988567326394, 0.13992839645157182, 0.42110438530828187], [0.3420447750668092, 0.45211054539876283, 0.09718838745020712, 0.10865629208422085], [0.1561654596340145, 0.45210161768590984, 0.15144980468600516, 0.24028311799407046], [0.20294079333572634, 0.20072979127301283, 0.25619335997336423, 0.34013605541789665], [0.24091394282437095, 0.23783828683207983, 0.1576027259291979, 0.3636450444143516], [0.14001470472325128, 0.22821459358421606, 0.09404742175947832, 0.5377232799330544], [0.1655292637557577, 0.1498846397439895, 0.21655175024327813, 0.4680343462569749], [0.19307333181662997, 0.26995068163321767, 0.3211383492901038, 0.2158376372600484], [0.25426830141545553, 0.16102238989727682, 0.09730898505246253, 0.48740032363480507], [0.2709405480360291, 0.2380875594368038, 0.15632684621068943, 0.33464504631647757], [0.38539654089334274, 0.246310946036825, 0.18595143377829004, 0.18234107929154253], [0.16494892430878463, 0.35423158180939224, 0.325260092799077, 0.15555940108274627], [0.3332469811326264, 0.3318034774350157, 0.12643451793044316, 0.20851502350191478], [0.4188492940351341, 0.1527699385142003, 0.28534026098729803, 0.14304050646336747], [0.47830913661343294, 0.13989654449818525, 0.08716913139930973, 0.29462518748907196], [0.2834530652770645, 0.30445192295418705, 0.21664373002698759, 0.19545128174176093], [0.1314194656872351, 0.1530033269615557, 0.19510558130213743, 0.5204716260490719], [0.18623350933642455, 0.3605731662213231, 0.12220388876567405, 0.3309894356765782], [0.36147730458980765, 0.17721041982859992, 0.12822200246551252, 0.33309027311608], [0.26307667523847333, 0.126572377112541, 0.09207665645999291, 0.5182742911889927], [0.39332090952552445, 0.2660080034904742, 0.134590294357277, 0.20608079262672432], [0.3487120610195923, 0.23470827764564123, 0.18735923670742097, 0.22922042462734551], [0.2307115489839847, 0.41746451437376486, 0.06434470780127038, 0.28747922884098], [0.2632256130661159, 0.30137203380089417, 0.24410062295026924, 0.1913017301827208], [0.1144543822302605, 0.44393477547592497, 0.1178483767100597, 0.32376246558375477], [0.1261496889345341, 0.18885070939546358, 0.5022022236223017, 0.1827973780477006], [0.28200648956759583, 0.2851601718092408, 0.21026082011865024, 0.2225725185045131], [0.22221674014459536, 0.26866041920622147, 0.10625065581388346, 0.4028721848352995], [0.16956021452792736, 0.33443511256972824, 0.1374736453748085, 0.35853102752753574], [0.11739957354970798, 0.5131446224711352, 0.15049742679274897, 0.21895837718640787], [0.3045174776824415, 0.2133088456313382, 0.12359415429009946, 0.35857952239612095], [0.18725129481381297, 0.2014821037514107, 0.08302924665960493, 0.5282373547751714], [0.534823293399245, 0.11414050517649563, 0.15878535403750962, 0.19225084738674963], [0.3922322437142306, 0.2833013736849765, 0.12579189631180276, 0.1986744862889903], [0.15335331180465422, 0.31088169581212627, 0.23391710567495366, 0.30184788670826607], [0.3491879657200715, 0.2845117811687231, 0.21762172757077067, 0.14867852554043468], [0.15875429002702324, 0.3718298687764294, 0.23559122728436732, 0.23382461391218018], [0.2540272190139041, 0.34049900941640315, 0.2142304528717608, 0.1912433186979319], [0.17634191618777062, 0.29498958214939663, 0.07955747097371905, 0.44911103068911373], [0.3906333527826618, 0.17038134118717546, 0.11867482174789508, 0.3203104842822676], [0.13910531994928443, 0.39164773066189035, 0.2550048255274672, 0.214242123861358], [0.2667645830639038, 0.31086749211253484, 0.19003378871696494, 0.23233413610659645], [0.33631805798239645, 0.21045691170925515, 0.20277877723493368, 0.2504462530734146], [0.25493335361946196, 0.4223417810291811, 0.09406149131770049, 0.22866337403365633], [0.19158903231229002, 0.3990283652936245, 0.2196906651608084, 0.18969193723327712], [0.3367110074854045, 0.1442919289511732, 0.14254793214313166, 0.37644913142029063], [0.4138751931782078, 0.30474917264714135, 0.17094752417164363, 0.11042811000300716], [0.22482306320995976, 0.3399431229909055, 0.16750351685171067, 0.267730296947424], [0.3691393093591559, 0.2642389472321876, 0.18159443615545345, 0.18502730725320296], [0.48453623405757484, 0.14506581241160574, 0.1371560027444563, 0.23324195078636328], [0.5083718738077939, 0.19758758784545757, 0.0949714868863692, 0.1990690514603793], [0.4701919779172431, 0.13878259900563097, 0.21969382961668762, 0.1713315934604383], [0.2232868793109894, 0.17604176157742174, 0.09194187306960032, 0.5087294860419885], [0.5360029410768308, 0.09017131797614475, 0.2564771208858622, 0.11734862006116238], [0.25907167257180463, 0.35934369701994184, 0.11584625061962359, 0.2657383797886299], [0.23707260373032077, 0.41204617002193195, 0.11050456004131373, 0.24037666620643353], [0.31966828149683196, 0.2994198196171047, 0.15331371796171192, 0.2275981809243513], [0.4280597955819114, 0.1648988600381016, 0.12128810257653844, 0.28575324180344863], [0.37942589572272123, 0.16829561652318642, 0.20654969859593916, 0.24572878915815327], [0.1493592039106531, 0.35800080039478877, 0.2697557465489885, 0.22288424914556954], [0.16638193936131868, 0.31577169087033524, 0.29168551377762825, 0.2261608559907179], [0.267245124135448, 0.27718972473056164, 0.14502113143402093, 0.31054401969996953], [0.19399980057570096, 0.39295423331415724, 0.16113434673175345, 0.25191161937838835], [0.29601135660384226, 0.29274051566692333, 0.1873212839563046, 0.2239268437729298], [0.3604308325313028, 0.29463831559169423, 0.08675937375412672, 0.2581714781228763], [0.2336041880653664, 0.2909607488836151, 0.21654372678843442, 0.25889133626258404], [0.2959998048271986, 0.1487489751542675, 0.32247641668126165, 0.23277480333727238], [0.3858947689758169, 0.2641183770626219, 0.19331064538206227, 0.15667620857949877], [0.057373869513148414, 0.8262391098394967, 0.06570420257958771, 0.05068281806776725], [0.2633635595739107, 0.1396953670039146, 0.2806520794384579, 0.31628899398371685], [0.23700762870541411, 0.11075660527072093, 0.09302164038907555, 0.5592141256347896], [0.12931736621888432, 0.18307676184119032, 0.5224671766113894, 0.1651386953285359], [0.20230350834773156, 0.25091225871544465, 0.31950818647438495, 0.22727604646243885], [0.1846807325687672, 0.0890035920612408, 0.045083212924531345, 0.6812324624454607], [0.21850079774278233, 0.16032034468509695, 0.12849194856455992, 0.49268690900756096], [0.17098736528851907, 0.39568221078562266, 0.2444919149121935, 0.18883850901366486], [0.164781561126188, 0.31188211742076166, 0.08031644018247727, 0.443019881270573], [0.15224055792634153, 0.3945665032261815, 0.18355742852672155, 0.2696355103207555], [0.3392053327338581, 0.302590556119236, 0.1408691817997118, 0.21733492934719392], [0.16084975290413162, 0.47928375786091876, 0.11156316223371143, 0.2483033270012382], [0.11983833822038943, 0.1650971764009594, 0.5811796084982177, 0.13388487688043363], [0.10241541199299523, 0.11889036822986485, 0.30255796687630426, 0.4761362529008356], [0.32670133212384883, 0.22732804688216918, 0.13353127903524326, 0.31243934195873896], [0.20149663415327668, 0.24511616770484174, 0.30650572025165457, 0.24688147789022702], [0.19106894465583957, 0.4387475237178495, 0.13632435375434043, 0.23385917787197052], [0.1962534700389446, 0.247456753508432, 0.2617693845865323, 0.29452039186609114], [0.30810847248840006, 0.12543085954649774, 0.05806081056067496, 0.5083998574044273], [0.20905193628566415, 0.40415799425934706, 0.11128557881727573, 0.27550449063771326], [0.333886259223108, 0.0939213750386907, 0.22273316442122928, 0.34945920131697206], [0.2841344550592765, 0.26747979239033715, 0.13471715937421633, 0.31366859317617024], [0.19465187049797458, 0.3904377679016879, 0.17818182294828205, 0.23672853865205531], [0.181708067591762, 0.29398523343759553, 0.2617764120262464, 0.26253028694439606], [0.3187054272593349, 0.19933246068877372, 0.3407920377662914, 0.14117007428560005], [0.5214171289276358, 0.21427602021263478, 0.07965806736515312, 0.18464878349457634], [0.21777020254170354, 0.29801611699680136, 0.1713369036427948, 0.3128767768187003], [0.20129052697367225, 0.23731857494270067, 0.17213136282233094, 0.3892595352612962], [0.2811434126576983, 0.21443405741898702, 0.25689468121452497, 0.2475278487087899], [0.27187561742675587, 0.36754137131583925, 0.17973582356717016, 0.18084718769023472], [0.1457008676742247, 0.3154060516747372, 0.2673235967884549, 0.27156948386258334], [0.1931311473764422, 0.3074142710228697, 0.2664418113759047, 0.2330127702247834], [0.29158564555340705, 0.4011381093905892, 0.13075102013828863, 0.17652522491771505], [0.17373418431044427, 0.3271263859917515, 0.18908269888639023, 0.310056730811414], [0.35811825565520833, 0.19593883300180387, 0.1698753038375805, 0.2760676075054075], [0.25714660415305474, 0.32742349228629497, 0.06731217144596939, 0.348117732114681], [0.26726375587058254, 0.4113675506533844, 0.15905569178365808, 0.16231300169237503], [0.061231195541875554, 0.3193803248565391, 0.0522495117812652, 0.56713896782032], [0.27394040593984237, 0.1152988414420244, 0.19849027086121518, 0.412270481756918], [0.1978904958216242, 0.3070861548348891, 0.3546080820025986, 0.14041526734088808], [0.33530749594502085, 0.26843560004763584, 0.2001999663712109, 0.19605693763613266], [0.722550690606617, 0.1177293977170488, 0.060071049340943455, 0.09964886233539084], [0.2463849758474011, 0.4713499927225563, 0.19766164300708744, 0.08460338842295512], [0.7061999815379906, 0.12525680901427247, 0.06706965202606645, 0.1014735574216705], [0.22416527185787918, 0.384505124202843, 0.1666743981422579, 0.22465520579702009], [0.16562030456242277, 0.3203597268641256, 0.19308718651253823, 0.3209327820609133], [0.49792781092564187, 0.10686303094744178, 0.138083206664168, 0.25712595146274847]]}, "rewritten": {"ids": ["97105760", "97106600", "97106820", "97106970", "97111790", "97112290", "97116790", "97116800", "98106680", "98107210", "98108150", "98110680", "98111231", "98120010", "99107640", "99108080", "99109860", "99109910", "99111930", "99117630", "99120010", "100107920", "100109311", "100110260", "100111620", "100113210", "100113370", "100120780", "101111210", "101111310", "101111620", "101113210", "101116130", "101117580", "101121640", "102110050", "102111990", "102121700", "103109791", "103110100", "103120290", "104110960", "104111830", "104113190", "104113550", "104114240", "104117630", "105112130", "105112260", "105114220", "105116501", "105117431", "106113190", "106116120", "106116370", "106118820", "106121190", "106121220", "107112840", "107112850", "107113130", "107113170", "107113550", "107116340", "107116501", "107116980", "107118490", "107119390", "107120010", "107120260", "108113740", "108113760", "108114270", "108115070", "108115250", "108115880", "108116120", "108118060", "108118291", "108120060", "108121160", "109113591", "109114720", "109115070", "109115211", "109115220", "109116040", "109116441", "109117080", "109117600", "109118231", "109118701", "109121351", "110114720", "110114950", "110115120", "110115250", "110115890", "110116300", "110116441", "110117500", "110118701", "110118810", "110119300", "110119891", "110120640", "110121140", "111115620", "111115770", "111116090", "111116990", "111118910", "111119340", "111119930", "111120190", "111120320", "111120640", "112116401", "112116501", "112116610", "112117431", "112117660", "112118421", "112118511", "112118530", "112118581", "112118820", "112119580", "112119610", "113118511", "113118690", "113119480", "113120280", "113120531", "113120591", "113120780", "113120830", "113121680", "113121950", "113122190", "113122320", "113122650"], "labels": [0, 3, 1, 2, 2, 1, 2, 0, 1, 1, 0, 2, 1, 2, 1, 3, 2, 2, 1, 3, 2, 0, 1, 3, 3, 0, 3, 1, 2, 3, 3, 3, 2, 3, 2, 3, 2, 1, 3, 1, 2, 2, 3, 3, 1, 0, 0, 1, 3, 3, 1, 1, 0, 1, 2, 3, 2, 1, 1, 1, 1, 0, 0, 3, 1, 3, 2, 2, 1, 1, 3, 1, 3, 1, 1, 3, 1, 1, 3, 1, 2, 3, 0, 0, 0, 3, 0, 3, 1, 1, 1, 3, 0, 3, 0, 0, 1, 2, 3, 3, 1, 3, 1, 1, 3, 0, 3, 1, 3, 3, 0, 0, 3, 1, 3, 1, 0, 0, 3, 1, 0, 0, 3, 1, 1, 1, 0, 3, 0, 1, 3, 3, 0, 0, 0, 0, 3, 1, 3, 1, 1, 2], "predicted_labels": [3, 3, 3, 3, 1, 0, 0, 3, 1, 0, 1, 1, 0, 0, 0, 0, 1, 2, 1, 1, 1, 3, 0, 0, 1, 3, 3, 3, 3, 0, 3, 1, 3, 0, 3, 2, 3, 0, 3, 0, 3, 0, 1, 0, 2, 3, 1, 1, 1, 0, 3, 1, 1, 3, 0, 3, 3, 1, 0, 1, 2, 0, 1, 1, 0, 0, 1, 0, 1, 0, 0, 0, 1, 1, 3, 3, 0, 3, 0, 3, 0, 3, 2, 1, 3, 3, 3, 3, 1, 0, 0, 2, 0, 2, 3, 3, 3, 3, 3, 0, 2, 0, 1, 3, 3, 1, 2, 3, 0, 0, 0, 1, 0, 3, 3, 0, 1, 3, 3, 1, 0, 3, 3, 3, 1, 1, 3, 3, 0, 0, 1, 3, 0, 0, 3, 3, 1, 3, 1, 2, 3, 3], "confidence_scores": [[0.22845113268974762, 0.16335749038487687, 0.2980350661429531, 0.3101563107824225], [0.18231904725629877, 0.277182716081306, 0.23321733534421613, 0.30728090131817926], [0.3328490684195023, 0.17650973465233405, 0.08102160844364181, 0.40961958848452185], [0.11065361597740576, 0.14027161232185045, 0.07031204128776168, 0.6787627304129821], [0.11085624872481002, 0.34789088878124824, 0.1958046462154419, 0.3454482162784998], [0.304114237018773, 0.2003943405698539, 0.2117684124688628, 0.2837230099425105], [0.4610243117062028, 0.14713114125054333, 0.20912463482665902, 0.18271991221659484], [0.2877021471715911, 0.17057300809289275, 0.1994246898239057, 0.34230015491161053], [0.19638630513026872, 0.3416145312554111, 0.2811436376498425, 0.1808555259644776], [0.31517541929035114, 0.26993686549741247, 0.1984623343953514, 0.21642538081688514], [0.2638078162895229, 0.3729133406621161, 0.19297779691278516, 0.17030104613557584], [0.2698202608858497, 0.2705872723699618, 0.2635830964419464, 0.19600937030224186], [0.39760263932834894, 0.17870099594740474, 0.13836595320309455, 0.2853304115211518], [0.3813176575816045, 0.28634776784898514, 0.11662722149735515, 0.21570735307205527], [0.3993011917441996, 0.16312810132825617, 0.17434926121125338, 0.2632214457162908], [0.46514582112780706, 0.2379391234123174, 0.1937752772932569, 0.10313977816661843], [0.1883399822158563, 0.37463012811909857, 0.17115965491593294, 0.2658702347491123], [0.17663905622616696, 0.11858808949532082, 0.6128132049824521, 0.0919596492960602], [0.13318321237394462, 0.3208719259225931, 0.28164609107636607, 0.2642987706270962], [0.20627179227916276, 0.3331510575032844, 0.18148232219562066, 0.27909482802193225], [0.15086723732750043, 0.33935732824621934, 0.28104671579606655, 0.22872871863021366], [0.18616531944858392, 0.21613085434769674, 0.23691637046403133, 0.36078745573968807], [0.3632027988713243, 0.24800433510282605, 0.172425634123596, 0.21636723190225396], [0.3338304678599766, 0.21407182419329654, 0.12936581636102898, 0.322731891585698], [0.2870810160145633, 0.2996061803526203, 0.1963975155909558, 0.21691528804186072], [0.18328705552028465, 0.15816302154581327, 0.10924272410567896, 0.5493071988282231], [0.25539655381482074, 0.26153513127852573, 0.208111466616093, 0.27495684829056055], [0.23117132404091922, 0.2640997154915267, 0.19278291501679232, 0.31194604545076177], [0.3212384685856554, 0.17253935078173427, 0.12089413514304485, 0.3853280454895658], [0.34661385205380063, 0.23573469835310928, 0.1512871952524096, 0.26636425434068056], [0.2721971846653793, 0.23062902923922388, 0.1587240519228709, 0.33844973417252594], [0.13596516353180915, 0.5296478397817938, 0.10354827884892634, 0.23083871783747067], [0.12096105021423832, 0.21702684578602555, 0.16676743346326148, 0.49524467053647475], [0.3441897714423887, 0.2417465315958244, 0.12378133039675691, 0.29028236656503], [0.2194596680330906, 0.2839282934232047, 0.15657624479949983, 0.34003579374420484], [0.2720593025666919, 0.2779820548219504, 0.3061195520709863, 0.14383909054037133], [0.20477334463113422, 0.21943677977570608, 0.2576382255672457, 0.3181516500259141], [0.5353736054507282, 0.1445600654078169, 0.11737943594474737, 0.2026868931967073], [0.1202629133069221, 0.2383267263714952, 0.15538990844606138, 0.48602045187552134], [0.45028294879501046, 0.142283433670308, 0.1728772442456049, 0.23455637328907675], [0.09679382257916859, 0.24812509938436333, 0.32714738982262387, 0.32793368821384405], [0.46184665867540653, 0.20418529897902948, 0.16066728229244168, 0.1733007600531222], [0.1533291282409357, 0.38068283029628247, 0.18861888054264725, 0.27736916092013464], [0.2879121848361683, 0.26103771472081383, 0.21729897909341056, 0.23375112134960738], [0.2894707065558222, 0.18473187733313262, 0.3091389385325123, 0.21665847757853296], [0.2910296021928846, 0.22943030104947262, 0.09924173344857701, 0.3802983633090658], [0.1568925469408728, 0.4003702134653101, 0.14497597136656465, 0.2977612682272525], [0.1565808455944205, 0.39938925715032536, 0.19378271597042857, 0.25024718128482554], [0.21201517621301272, 0.35824807217254273, 0.1717939655811958, 0.2579427860332487], [0.3521025816394316, 0.3459703220802418, 0.08001491742989338, 0.2219121788504331], [0.16632624157638612, 0.2231819461234456, 0.0716980420630909, 0.5387937702370773], [0.16043635951310162, 0.5027881116048537, 0.12836305119719632, 0.20841247768484839], [0.182473959971522, 0.4066138836478009, 0.18004462662534237, 0.23086752975533487], [0.2689098188935432, 0.25693737242803655, 0.10609991387665882, 0.3680528948017615], [0.39953773139549337, 0.2005750259527465, 0.14840051631869972, 0.25148672633306035], [0.13474475787285883, 0.16937195678649875, 0.20830420584209391, 0.48757907949854856], [0.10778294962812793, 0.23104338715228293, 0.23166145448910072, 0.4295122087304885], [0.21901067720532957, 0.3645446794942272, 0.2149727744366196, 0.2014718688638236], [0.3051528462276322, 0.23668633579674764, 0.28042681260556757, 0.17773400537005257], [0.20972581088074121, 0.2803605690512684, 0.26657074351592736, 0.24334287655206316], [0.20247858894093318, 0.2084511873638408, 0.3563263176687473, 0.23274390602647882], [0.39864635426364553, 0.17813822358249842, 0.12843617033975716, 0.2947792518140991], [0.15890517754148406, 0.3182916373437926, 0.2193907292226314, 0.3034124558920919], [0.25602166496030704, 0.36146298108437247, 0.1398120603002219, 0.24270329365509888], [0.3897734809549837, 0.29407920257526804, 0.10271820735308697, 0.21342910911666121], [0.4414869000836856, 0.18465836732068966, 0.13761891964885523, 0.23623581294676943], [0.18813807852849251, 0.41267859182493, 0.13609685949079015, 0.26308647015578734], [0.31184131543546, 0.2519436772917267, 0.24597156593970249, 0.19024344133311114], [0.19969737520313427, 0.37979494710870304, 0.1592254347047245, 0.2612822429834383], [0.2883080973793499, 0.27042983287375844, 0.23398833842987396, 0.20727373131701782], [0.41283463443825347, 0.24772517612578587, 0.1111155625501097, 0.22832462688585103], [0.3209766458589901, 0.21658939441318267, 0.2511007830404121, 0.21133317668741503], [0.19221730153342423, 0.380355538832692, 0.15897502809933403, 0.26845213153454967], [0.2148250796215458, 0.35007801471228345, 0.2783851161892886, 0.15671178947688205], [0.19054862472540535, 0.2509624922527529, 0.17902855780618165, 0.3794603252156601], [0.1654984632118284, 0.28208596597392716, 0.13268514833595824, 0.4197304224782862], [0.3199269736381003, 0.2468783126010556, 0.15642551545828276, 0.27676919830256136], [0.2215236786875022, 0.24412371381553466, 0.08139089379849579, 0.4529617136984673], [0.34185427974965554, 0.1456282996580506, 0.2086328703843287, 0.303884550207965], [0.09853542713466497, 0.3316337256853783, 0.2244245249945534, 0.3454063221854034], [0.48196319893186673, 0.22169390259452612, 0.1112663322286614, 0.18507656624494573], [0.2635808004117307, 0.2627482355391906, 0.13952734421794455, 0.3341436198311343], [0.1628558171678942, 0.19901842701871297, 0.44561643649926685, 0.19250931931412596], [0.25731206247537497, 0.39592138979031805, 0.14657082871537022, 0.20019571901893676], [0.17679705099410387, 0.23513708009969936, 0.12147363521200838, 0.4665922336941885], [0.18646603401675912, 0.11442233270037769, 0.10452396962807763, 0.5945876636547855], [0.24608144238896393, 0.14578858951528645, 0.1238817485765474, 0.4842482195192022], [0.2403346343559587, 0.1386061287112223, 0.10784452828125346, 0.5132147086515656], [0.10937353325968945, 0.47870056875363587, 0.12807886062896728, 0.2838470373577074], [0.4017228912300314, 0.3673321615086781, 0.07232796555567796, 0.15861698170561248], [0.3378321823267232, 0.17232922693198308, 0.2897857315635468, 0.2000528591777467], [0.31420133979976006, 0.167031596999555, 0.34482076984269183, 0.17394629335799322], [0.53633137153163, 0.2258961470598931, 0.09588775650420864, 0.14188472490426823], [0.08682324204786825, 0.28713473041850707, 0.49395522359113414, 0.13208680394249064], [0.3730274429069492, 0.09369699226009794, 0.10282401546786836, 0.43045154936508445], [0.21494132648659686, 0.3126938043784608, 0.151694010815468, 0.32067085831947445], [0.24267072706279946, 0.18482629212661586, 0.12758332676660106, 0.44491965404398365], [0.12304208091599218, 0.36147872638569895, 0.12601321967692286, 0.38946597302138625], [0.1587093663639541, 0.21456113672804808, 0.29273977145683866, 0.33398972545115924], [0.3713882410166652, 0.1925522552330643, 0.1350741567972889, 0.3009853469529816], [0.27163490816888747, 0.2462333131279318, 0.3161544709966906, 0.16597730770649005], [0.30550498443933516, 0.28929370334851967, 0.22716230916116786, 0.1780390030509774], [0.161627924590655, 0.3986590867849785, 0.13978264449947855, 0.2999303441248879], [0.22732970455176915, 0.2859507169907091, 0.12688064521241182, 0.3598389332451099], [0.1498580204437907, 0.13853978456225446, 0.11544159897592478, 0.5961605960180302], [0.11789260559158211, 0.39115027230368926, 0.14423601277341214, 0.34672110933131645], [0.2546825054517799, 0.29303042907138654, 0.2995870680063046, 0.1526999974705291], [0.20276938860179503, 0.2865483180070568, 0.10707455592365606, 0.40360773746749207], [0.44056254260800265, 0.17499489405974994, 0.08254901416271435, 0.30189354916953315], [0.36693474469427356, 0.2496145092230322, 0.06818280310693463, 0.3152679429757596], [0.4214684186751219, 0.19171270173972385, 0.08924545016586939, 0.2975734294192849], [0.22145952201111677, 0.40427763242181597, 0.18295165232315522, 0.19131119324391216], [0.32954704888839975, 0.2766908976262995, 0.11327267458774903, 0.2804893788975517], [0.24477261523348273, 0.23392489517270335, 0.11297935236537181, 0.4083231372284422], [0.26818349429508054, 0.16860214863750772, 0.17256436256500546, 0.3906499945024063], [0.6146096181591552, 0.15456213563353147, 0.09295842246529311, 0.1378698237420202], [0.11165788699362356, 0.538549338675478, 0.22214603661650625, 0.12764673771439208], [0.2882248014657324, 0.211306907642511, 0.10519645221111928, 0.39527183868063726], [0.1607093229682528, 0.19165827157521576, 0.09642652271999161, 0.55120588273654], [0.18071378019659584, 0.44279675029533405, 0.25100601161152075, 0.12548345789654947], [0.3775395475070638, 0.2746166003232949, 0.125399989775514, 0.2224438623941271], [0.29733423427625433, 0.16323907141975638, 0.11929946915947608, 0.42012722514451306], [0.28716865982402867, 0.1496963332727991, 0.09477211338257834, 0.46836289352059385], [0.23236300948754102, 0.23205817636286424, 0.2167544716526832, 0.3188243424969116], [0.11078631075705977, 0.7098214279886383, 0.09456564187667627, 0.08482661937762578], [0.33216281868224445, 0.3953566695052177, 0.09218796803734967, 0.18029254377518816], [0.2711581490771217, 0.21426012682011825, 0.17723973715513935, 0.33734198694762063], [0.11443480316350571, 0.11646770755203062, 0.23204928632752972, 0.537048202956934], [0.5147687323684232, 0.2109908099115428, 0.14115434021891632, 0.13308611750111765], [0.3435220449496643, 0.2561887943522763, 0.09276350195796396, 0.30752565874009546], [0.2323074794674735, 0.31807714670196713, 0.18714740203093183, 0.26246797179962755], [0.2773340739643709, 0.28728075507955836, 0.1426424604855191, 0.2927427104705518], [0.25506562750690626, 0.25300390031696357, 0.2520789082673027, 0.2398515639088275], [0.3170024223081757, 0.26480636359377285, 0.14920591031142083, 0.2689853037866306], [0.29123289444241957, 0.10257722345626659, 0.05687364132900591, 0.5493162407723081], [0.289454989972765, 0.23756835890565128, 0.08544025130276107, 0.38753639981882276], [0.24546192540876302, 0.2942134236018256, 0.166767899759598, 0.2935567512298133], [0.18209469895682492, 0.24248405232522233, 0.15384176841294958, 0.42157948030500314], [0.286595915113261, 0.30034079872223096, 0.2761909584137847, 0.13687232775072347], [0.2718301707449969, 0.25523365018161587, 0.27618415955139924, 0.1967520195219879], [0.2162960033100296, 0.18166245111161544, 0.07353013590665942, 0.5285114096716955], [0.09147152271762736, 0.2559317942468415, 0.10825015556172676, 0.5443465274738043]]}}