{"test": {"ids": ["110121450", "108115880", "111121351", "111121220", "101108580", "108120700", "112121030", "100117420", "108121351", "111115910", "100115700", "102118380", "103111480", "104111880", "99111000", "109116170", "97113900", "99105921", "107114321", "98120010", "112117210", "105118171", "99108520", "110115580", "108118810", "103109791", "103111830", "99117740", "102110850", "108118630", "111120591", "108120060", "99108310", "102107961", "109113591", "98107380", "113122510", "109114030", "108121190", "112116501", "111117000", "104111780", "109117110", "107113550", "104111620", "100113370", "110116501", "98109090", "111120640", "107120260", "112118930", "107117630", "105121370", "107120130", "99109860", "97112290", "103111930", "103109021", "109119450", "105112100", "109117271", "105116501", "113122650", "108113760", "113121680", "113117340", "105116650", "104113380", "112118880", "112116990", "97116790", "110118161", "101108950", "112119500", "106120290", "97106591", "104109311", "108118060", "110113591", "111115400", "111117200", "112116401", "101110740", "105113330", "110119300", "110118111", "102113981", "113120601", "104114410", "106113190", "108119330", "111116290", "97112170", "105118740", "102110500", "99109141", "106115240", "103120340", "105115250", "100111080", "98111620", "112116850", "99110730", "110120700", "109117080", "99108460", "109117600", "98107410", "112121360", "112116900", "110120190", "101112201", "107113130", "104111531", "104113550", "97105451", "108115500", "109120560", "109118701", "108117360", "111119950", "113119950", "101111310", "100108260", "99112300", "108113620", "97109080", "101108500", "112120540", "104111550", "107118120", "112120270", "103111540", "113120070", "107113260", "109119010", "111119930", "104116800", "112118581", "110118181", "109114651", "113118820"], "labels": [3, 3, 0, 3, 0, 2, 0, 2, 3, 2, 1, 1, 0, 3, 2, 0, 2, 1, 0, 2, 1, 3, 2, 1, 1, 3, 3, 2, 3, 1, 1, 1, 2, 3, 3, 1, 2, 1, 1, 3, 0, 3, 1, 0, 0, 3, 3, 1, 0, 1, 1, 0, 2, 2, 2, 1, 3, 0, 3, 1, 0, 1, 2, 1, 1, 2, 1, 1, 1, 0, 2, 0, 2, 2, 2, 1, 3, 1, 0, 0, 0, 0, 3, 3, 1, 1, 1, 2, 1, 0, 0, 2, 0, 1, 3, 3, 1, 1, 2, 0, 3, 0, 3, 2, 1, 0, 1, 3, 3, 3, 3, 0, 1, 0, 1, 0, 3, 1, 3, 1, 0, 0, 3, 3, 0, 3, 2, 3, 3, 1, 3, 0, 1, 2, 0, 3, 1, 1, 1, 1, 3, 0], "predicted_labels": [3, 0, 1, 3, 3, 3, 0, 3, 1, 1, 0, 1, 0, 3, 1, 3, 0, 0, 3, 3, 1, 1, 1, 1, 3, 2, 3, 3, 1, 3, 3, 1, 1, 1, 1, 3, 1, 3, 3, 3, 1, 3, 3, 3, 0, 3, 3, 3, 3, 1, 3, 0, 3, 1, 1, 3, 1, 0, 3, 3, 3, 0, 3, 3, 3, 1, 1, 3, 3, 0, 0, 0, 2, 1, 3, 1, 3, 3, 3, 3, 3, 0, 1, 0, 3, 3, 1, 1, 3, 0, 3, 1, 1, 3, 3, 0, 0, 1, 1, 1, 1, 3, 1, 1, 1, 3, 1, 0, 1, 3, 3, 1, 1, 1, 0, 3, 1, 1, 1, 3, 3, 0, 1, 3, 3, 1, 3, 3, 3, 1, 1, 1, 3, 1, 3, 3, 0, 3, 1, 1, 0, 0], "confidence_scores": [[0.2606238317238319, 0.27648432123432126, 0.1681179653679654, 0.2947738816738817], [0.2913938672438672, 0.2685381840381841, 0.17872090132090146, 0.2613470473970476], [0.243844227994228, 0.3383748473748474, 0.17592334887334898, 0.24185757575757588], [0.23140714840714835, 0.26172615162615154, 0.16195809190809188, 0.3449086080586082], [0.26887472527472533, 0.2054342712842713, 0.2460098346098346, 0.279681168831169], [0.2759704628704629, 0.23699314019314027, 0.20295436230436228, 0.2840820346320347], [0.32176043956043954, 0.23824339826839827, 0.15956611166611168, 0.28043005050505054], [0.18174740259740266, 0.2506515873015873, 0.2587488455988457, 0.30885216450216474], [0.2524832445332445, 0.2929790986790987, 0.175075289416466, 0.27946236737119107], [0.21998110223110234, 0.3047350871350871, 0.21994549894549895, 0.2553383116883118], [0.2835594183594184, 0.24621078643578653, 0.2147630674880676, 0.2554667277167279], [0.21668249528249536, 0.2948413364413365, 0.2196041847041848, 0.26887198357198366], [0.2821376845376847, 0.2633101046012812, 0.18360347707847718, 0.2709487337825573], [0.19976246531246536, 0.25508362748362756, 0.20315432900432914, 0.3419995781995782], [0.22123129093129112, 0.27974891219891224, 0.2310650016650017, 0.26795479520479537], [0.24252380397380408, 0.2544137029637031, 0.18896778776778786, 0.3140947052947054], [0.2635634254634256, 0.2499777000777002, 0.23317541902541916, 0.2532834554334556], [0.2928730158730161, 0.247711211011211, 0.2096838605838608, 0.24973191253191265], [0.20120404399522063, 0.2585074592074592, 0.1871508103008104, 0.35313768649651], [0.23119026577997168, 0.25985123716153136, 0.23551048396048407, 0.2734480130980131], [0.22734647084941223, 0.3287680946504477, 0.1995962481962483, 0.24428918630389224], [0.24353144633144644, 0.3216640581640581, 0.165186124986125, 0.26961837051837056], [0.21705594960594968, 0.3136340251252017, 0.243582128982129, 0.2257278962867199], [0.24496136086136086, 0.28777364694129426, 0.2299357031857033, 0.23732928901164202], [0.2674873182373182, 0.2604374764124764, 0.15137345987346, 0.32070174547674546], [0.22914885669885665, 0.21967608339373051, 0.28371104451104456, 0.2674640153963684], [0.2993894197305964, 0.19565305805305808, 0.19089540655423, 0.3140621156621158], [0.24936893857776224, 0.2618333813245579, 0.21945374625374622, 0.269343933843934], [0.23802506660006673, 0.2766307359307359, 0.26658599733599736, 0.2187582001332002], [0.20978246198246212, 0.27372877677877683, 0.1850256465756467, 0.3314631146631145], [0.29209509379509385, 0.24789890387390398, 0.1597834693084694, 0.3002225330225329], [0.23467970362970367, 0.3291779720279719, 0.21970853590853598, 0.21643378843378852], [0.2428716450216451, 0.2987064158064158, 0.17346545121545126, 0.284956487956488], [0.26119573204573227, 0.26413445998445995, 0.22493392718392727, 0.24973588078588072], [0.2357098124098125, 0.3721281385281384, 0.16183222888222887, 0.23032982017982034], [0.2098230325230326, 0.26200826395826404, 0.19881486291486294, 0.3293538406038406], [0.21801851481851492, 0.3285940337440335, 0.21495672105672112, 0.23843073038073048], [0.24558563658563679, 0.26810197025197025, 0.201288616938617, 0.2850237762237763], [0.26339929874047535, 0.27360119880119893, 0.16616537547419896, 0.2968341269841271], [0.2338886502386503, 0.28105188700188705, 0.14962380952380958, 0.33543565323565316], [0.20574846542346553, 0.3155559551559553, 0.21729007381507387, 0.2614055056055057], [0.22881291486291494, 0.28118061938061945, 0.18941139971139972, 0.30059506604506614], [0.23851553446553453, 0.2750612054612055, 0.16686969696969706, 0.3195535631035633], [0.2137049894549896, 0.2642001776001777, 0.25453761793761803, 0.267557215007215], [0.3206313575313575, 0.19485514485514505, 0.1939630591630593, 0.2905504384504383], [0.20564077589077598, 0.2553130758130759, 0.2516984182484183, 0.2873477300477301], [0.2549538156288157, 0.276579908979909, 0.140276221001221, 0.3281900543900546], [0.22523056110556128, 0.25976773504273515, 0.22701414418914434, 0.2879875596625596], [0.26188282273282265, 0.2835032772782773, 0.1632751332001332, 0.2913387667887671], [0.2854664724164725, 0.3363279165279165, 0.17634897324897325, 0.2018566378066379], [0.24674504939504951, 0.25206858696858714, 0.14367985347985363, 0.3575065101565102], [0.3143867216117217, 0.20862783605283608, 0.19872029637029637, 0.2782651459651461], [0.22409119769119784, 0.2866034632034632, 0.195572632922633, 0.2937327061827062], [0.23780993450993462, 0.3273373959373958, 0.23497626262626273, 0.19987640692640696], [0.2361063214563215, 0.31587070707070714, 0.21748805083805087, 0.23053492063492068], [0.22535874403374404, 0.2765437950937952, 0.20702409061526708, 0.29107337025719393], [0.25730517684929455, 0.3170640735081912, 0.22071943514002354, 0.20491131450249103], [0.2826841908091908, 0.2797673326673328, 0.1579805916305917, 0.2795678848928849], [0.20891713564213568, 0.24716194916194928, 0.23111299811299815, 0.3128079170829172], [0.25530517260517255, 0.2512331113331113, 0.21464357309357324, 0.27881814296814306], [0.25377101787101797, 0.2334658824835297, 0.1900624597624598, 0.32270063988299275], [0.29458719058719085, 0.2879351703851703, 0.1499216117216118, 0.2675560273060274], [0.24023066933066947, 0.25616834831834845, 0.1624954489954491, 0.3411055333555331], [0.2331080364080364, 0.2796913197913197, 0.19541209346209348, 0.29178855033855033], [0.19280168165168177, 0.29060572205572205, 0.18412095682095683, 0.33247163947163944], [0.24770859140859144, 0.3222963869463868, 0.19705103785103792, 0.23294398379398376], [0.23340534465534474, 0.28642182262182275, 0.20482120657120667, 0.27535162615162617], [0.21845312742812747, 0.2735806693306693, 0.22797536075036087, 0.2799908424908425], [0.22063084415584425, 0.27023297258297263, 0.23679718614718614, 0.27233899711399717], [0.3200220446220446, 0.21865686258186268, 0.1641813852813854, 0.2971397075147075], [0.26747743922743916, 0.24946763236763242, 0.22902609057609064, 0.2540288378288379], [0.28416837900661435, 0.2816774947274947, 0.1696828919446567, 0.26447123432123437], [0.2042761904761905, 0.26109901764901783, 0.28128985458985467, 0.2533349372849374], [0.22692000728030148, 0.32832585470085457, 0.192521025053378, 0.25223311296546597], [0.20117073775897315, 0.2489476676917854, 0.25008567739450094, 0.29979591715474074], [0.2351459262959265, 0.3065902874902875, 0.20052276612276615, 0.2577410200910202], [0.28189212454212464, 0.23758424908424913, 0.13452829392829396, 0.3459953324453324], [0.2526093351093353, 0.24895845265845268, 0.18974687534687532, 0.30868533688533695], [0.26419910089910104, 0.26039149739149736, 0.14785336330336335, 0.32755603840603836], [0.2713047757797758, 0.2422057470307471, 0.18205408757908764, 0.3044353896103894], [0.24581134698634707, 0.244823885265062, 0.2090792957042958, 0.3002854720442955], [0.3284397990897991, 0.2295135642135643, 0.13955966810966816, 0.30248696858696844], [0.2600749694749695, 0.26352677877677894, 0.2248897713397713, 0.2515084804084804], [0.32262206127206117, 0.21643786213786217, 0.16672809967809976, 0.2942119769119769], [0.28275437895437894, 0.2449569042069043, 0.1364726551226551, 0.3358160617160618], [0.25121218781218796, 0.2649711815961815, 0.18955788655788666, 0.2942587440337439], [0.25570994005994013, 0.3259313630813631, 0.17931512376512385, 0.2390435730935733], [0.2300274947274947, 0.32510633533133526, 0.18294826284826288, 0.2619179070929073], [0.269080094905095, 0.26534517982017986, 0.17521204906204918, 0.29036267621267614], [0.3017549062049061, 0.2175884504384505, 0.19215831945831952, 0.28849832389832386], [0.26442854922854936, 0.2408002164502165, 0.21003181818181824, 0.2847394161394164], [0.23847543567543578, 0.3157332278832277, 0.20131269841269853, 0.24447863802863815], [0.25231257076257085, 0.2897372516372516, 0.1973618825618826, 0.2605882950382952], [0.22760687090687085, 0.2692687756687758, 0.18061394716394727, 0.3225104062604063], [0.2771094905094906, 0.22124862359862366, 0.20039037074037072, 0.30125151515151516], [0.2845331335331336, 0.28214627594627617, 0.1987158480408481, 0.23460474247974264], [0.30369113109113105, 0.2641987845487846, 0.18032692862692873, 0.25178315573315574], [0.23976447718947744, 0.26654238539238545, 0.22894560162060162, 0.2647475357975359], [0.26031884781884806, 0.3165167887667888, 0.16158699633699639, 0.2615773670773671], [0.24925300810300827, 0.33097756132756123, 0.2106140193140193, 0.2091554112554113], [0.20157430347430344, 0.3011159229659231, 0.2547630813630815, 0.2425466921966922], [0.23202811632811648, 0.24138965478965477, 0.2140627483627484, 0.3125194805194806], [0.25327049062049073, 0.2761652458652459, 0.24177537462537457, 0.22878888888888896], [0.2629434426684428, 0.3073831751581752, 0.20743023088023094, 0.22224315129315145], [0.1872055944055946, 0.37918423243423216, 0.16448913863913867, 0.26912103452103453], [0.23268487378634453, 0.27570192862692877, 0.1654000515824046, 0.3262131460043226], [0.24494173604173614, 0.29161370851370827, 0.17873597513597514, 0.2847085803085803], [0.29152792207792244, 0.23989300144300157, 0.22322963147963157, 0.24534944499944508], [0.2600969863469866, 0.3277637362637363, 0.20322104839604843, 0.208918228993229], [0.26802415084915104, 0.2604548451548452, 0.20153151293151297, 0.2699894910644911], [0.28573612498612505, 0.2591259740259742, 0.14195031080031087, 0.3131875901875902], [0.2667972832722833, 0.34865677933177947, 0.18074034103151745, 0.20380559636441994], [0.26389970584970585, 0.30026310356310354, 0.2099566378066379, 0.22588055278055297], [0.2697097707847708, 0.296164948939949, 0.16311466866466878, 0.27101061161061174], [0.31084047064047093, 0.20438380508380527, 0.1975499278499279, 0.28722579642579643], [0.27814578885167135, 0.27642929717341497, 0.16358929403929412, 0.28183561993561995], [0.221770757020757, 0.31206344211344217, 0.19436055056055068, 0.2718052503052504], [0.1999378177378178, 0.296219574869575, 0.2622206016206017, 0.24162200577200588], [0.22103318348318354, 0.28574657564657574, 0.2145417082917083, 0.2786785325785327], [0.2000410256410258, 0.25058121323121324, 0.24393699633699642, 0.30544076479076493], [0.24701464646464663, 0.2562184576861048, 0.1582929736929737, 0.33847392215627525], [0.31154108669108677, 0.23080210067710075, 0.15760799478299484, 0.3000488178488178], [0.26755253635253645, 0.2767137529137529, 0.19795896880896882, 0.257774741924742], [0.2630973082473084, 0.25412440337440345, 0.20849514374514372, 0.2742831446331448], [0.19519697606315248, 0.28134237984237986, 0.21252307414807417, 0.31093756994639354], [0.2493238011988012, 0.29757580197580197, 0.17496862859362863, 0.2781317682317682], [0.18586330336330342, 0.30405282495282493, 0.2060134532134532, 0.30407041847041855], [0.23466125541125557, 0.23015598845598864, 0.20908198468198458, 0.3261007714507714], [0.26494805749805744, 0.25451485736485735, 0.17216088911088923, 0.30837619602619604], [0.2601765234765237, 0.2929543179043179, 0.18825771450771467, 0.2586114441114443], [0.24462945942945952, 0.2971608372020138, 0.17152619047619053, 0.2866835128923364], [0.1996176046176047, 0.32089622599622597, 0.2300133477633479, 0.24947282162282175], [0.21091343574725938, 0.23914640914640933, 0.20447084859584858, 0.3454693065104832], [0.26333356218944454, 0.2732390207831385, 0.20576877566877566, 0.25765864135864136], [0.24895252525252543, 0.2403599123099123, 0.212280586080586, 0.29840697635697644], [0.2045007437007438, 0.2703632090132091, 0.21914567099567103, 0.3059903762903761], [0.28663916312445714, 0.26294986402486414, 0.16568427014162318, 0.28472670270905553], [0.24616325341325343, 0.24114980574980588, 0.19967505272505273, 0.31301188811188824], [0.2039873071373072, 0.28570950715950727, 0.22627760017760032, 0.28402558552558554], [0.23892757520257518, 0.3457703879453877, 0.16922289377289385, 0.24607914307914316], [0.30094135309135317, 0.21104729159729171, 0.2156952935952937, 0.27231606171606193], [0.29271035076035085, 0.2703130647130647, 0.15103493173493185, 0.2859416527916527]]}, "rewritten": {"ids": ["97105451", "97106591", "97109080", "97112170", "97112290", "97113900", "97116790", "98107380", "98107410", "98109090", "98111620", "98120010", "99105921", "99108310", "99108460", "99108520", "99109141", "99109860", "99110730", "99111000", "99112300", "99117740", "100108260", "100111080", "100113370", "100115700", "100117420", "101108500", "101108580", "101108950", "101110740", "101111310", "101112201", "102107961", "102110500", "102110850", "102113981", "102118380", "103109021", "103109791", "103111480", "103111540", "103111830", "103111930", "103120340", "104109311", "104111531", "104111550", "104111620", "104111780", "104111880", "104113380", "104113550", "104114410", "104116800", "105112100", "105113330", "105115250", "105116501", "105116650", "105118171", "105118740", "105121370", "106113190", "106115240", "106120290", "107113130", "107113260", "107113550", "107114321", "107117630", "107118120", "107120130", "107120260", "108113620", "108113760", "108115500", "108115880", "108117360", "108118060", "108118630", "108118810", "108119330", "108120060", "108120700", "108121190", "108121351", "109113591", "109114030", "109114651", "109116170", "109117080", "109117110", "109117271", "109117600", "109118701", "109119010", "109119450", "109120560", "110113591", "110115580", "110116501", "110118111", "110118161", "110118181", "110119300", "110120190", "110120700", "110121450", "111115400", "111115910", "111116290", "111117000", "111117200", "111119930", "111119950", "111120591", "111120640", "111121220", "111121351", "112116401", "112116501", "112116850", "112116900", "112116990", "112117210", "112118581", "112118880", "112118930", "112119500", "112120270", "112120540", "112121030", "112121360", "113117340", "113118820", "113119950", "113120070", "113120601", "113121680", "113122510", "113122650"], "labels": [0, 1, 2, 0, 1, 2, 2, 1, 3, 1, 3, 2, 1, 2, 0, 2, 3, 2, 3, 2, 0, 2, 3, 0, 3, 1, 2, 3, 0, 2, 3, 3, 0, 3, 3, 3, 1, 1, 0, 3, 0, 1, 3, 3, 1, 3, 0, 1, 0, 3, 3, 1, 1, 1, 1, 1, 3, 2, 1, 1, 3, 1, 2, 0, 1, 2, 1, 0, 0, 0, 0, 3, 2, 1, 3, 1, 3, 3, 1, 1, 1, 1, 0, 1, 2, 1, 3, 3, 1, 3, 0, 1, 1, 0, 1, 3, 3, 3, 1, 0, 1, 3, 1, 0, 1, 1, 3, 2, 3, 0, 2, 2, 0, 0, 1, 0, 1, 0, 3, 0, 0, 3, 0, 3, 0, 1, 1, 1, 1, 2, 0, 3, 0, 3, 2, 0, 0, 2, 2, 1, 2, 2], "predicted_labels": [0, 3, 3, 1, 3, 3, 3, 3, 0, 1, 1, 3, 0, 3, 3, 1, 0, 1, 3, 1, 1, 3, 1, 1, 3, 3, 3, 3, 0, 3, 3, 0, 1, 3, 0, 1, 1, 1, 1, 3, 3, 3, 0, 1, 3, 3, 0, 3, 0, 3, 3, 3, 0, 3, 3, 3, 0, 1, 1, 3, 3, 3, 3, 0, 0, 3, 0, 3, 2, 3, 0, 3, 1, 1, 3, 1, 1, 3, 3, 3, 3, 3, 3, 1, 3, 3, 3, 1, 3, 3, 3, 1, 1, 3, 1, 3, 3, 3, 3, 3, 3, 3, 3, 0, 1, 3, 3, 1, 0, 3, 1, 1, 1, 3, 0, 3, 3, 1, 3, 1, 0, 3, 3, 1, 3, 1, 3, 3, 3, 1, 1, 3, 3, 1, 1, 0, 0, 1, 1, 3, 1, 3], "confidence_scores": [[0.31827895013483243, 0.26194385483797256, 0.15375874680874685, 0.26601844821844833], [0.2535767010767012, 0.2640181374181376, 0.21681244866244873, 0.26559271284271296], [0.1782228604728606, 0.3025364302364303, 0.205004895104895, 0.31423581418581437], [0.26238403263403265, 0.26846019536019544, 0.22177804417804425, 0.24737772782772802], [0.23195951825951827, 0.29131948606948604, 0.18506043956043955, 0.2916605561105561], [0.28449521034521036, 0.20406276501276505, 0.2107851981351983, 0.30065682650682635], [0.2281664807414809, 0.262421053946054, 0.2454488095238096, 0.2639636557886559], [0.22718298498886746, 0.26949946164946176, 0.18981053391053396, 0.3135070194511372], [0.2807291874791877, 0.23226356421356434, 0.21378053058053068, 0.27322671772671786], [0.21228881951381967, 0.284871065046065, 0.24135865523365538, 0.26148146020646024], [0.2242407536907537, 0.28436470473970477, 0.24926363913863933, 0.24213090243090243], [0.23676886724386734, 0.2527480158730161, 0.23945108225108244, 0.2710320346320346], [0.2783272005772007, 0.24524923964923953, 0.24909030414030423, 0.22733325563325582], [0.27524814074814064, 0.265214790764791, 0.1421567321567322, 0.31738033633033613], [0.23020388222888233, 0.25050025252525254, 0.18259855144855155, 0.3366973137973139], [0.2055891275391276, 0.31020321900321934, 0.24431110556110552, 0.23989654789654802], [0.3068042346542347, 0.2590027306027306, 0.18178515373515383, 0.25240788100788103], [0.22762488067488076, 0.30568342213342214, 0.22817186147186153, 0.23851983571983584], [0.24588239538239548, 0.23805099149216793, 0.2194201354201355, 0.2966464777053012], [0.24347501387501397, 0.2766907731157733, 0.22717268287268297, 0.25266153013653014], [0.21116768786768797, 0.3016742868242867, 0.2183611277611277, 0.2687968975468976], [0.24026657427539788, 0.2556400413312179, 0.2276260572760573, 0.2764673271173272], [0.24399382839382855, 0.28855041625041633, 0.21020538905538905, 0.25725036630036646], [0.26248730713730734, 0.2832291208791209, 0.21477390387390394, 0.23950966810966806], [0.21695076590076603, 0.26637574092574107, 0.24747475302475316, 0.26919874014874035], [0.25334750249750254, 0.25301704129204133, 0.21571208513708523, 0.27792337107337123], [0.21016168831168835, 0.24645555555555562, 0.21992207792207805, 0.32346067821067814], [0.23261717171717178, 0.24498376623376641, 0.21425923520923526, 0.3081398268398268], [0.28786664446664467, 0.21089901209901207, 0.22625613275613277, 0.2749782106782107], [0.21043152958152958, 0.2564187312687315, 0.25976936396936395, 0.2733803751803753], [0.2380326839826841, 0.25375441225441225, 0.2364490120990121, 0.2717638916638916], [0.3140348984348983, 0.254714357864358, 0.17021380286380292, 0.26103694083694096], [0.29491153568653566, 0.324868665484842, 0.16127989787989783, 0.21893990094872473], [0.24521545480663146, 0.2634718559218559, 0.21117866773749133, 0.2801340215340215], [0.2964477577977578, 0.22933507603507605, 0.18702806082806098, 0.28718910533910524], [0.23276507381507386, 0.2979925407925408, 0.26035174825174817, 0.20889063714063724], [0.24408234673822932, 0.30612898996428417, 0.19288985099867453, 0.25689881229881234], [0.2248579087579089, 0.30349885669885684, 0.20498160173160185, 0.26666163281163285], [0.2771144827394827, 0.2860116966366967, 0.15540542235542243, 0.28146839826839837], [0.24637427572427578, 0.24232654012654017, 0.24468983238983244, 0.2666093517593518], [0.25736243201243214, 0.27131342627960275, 0.19574246586746596, 0.2755816758404993], [0.2720815537403774, 0.23551767121767123, 0.20204866244866249, 0.29035211259328914], [0.3201855846767612, 0.20477816627816633, 0.18684862555744913, 0.28818762348762367], [0.2341216518775342, 0.32077262410791796, 0.18907020202020197, 0.25603552199434565], [0.23960014430014448, 0.2774518259518261, 0.19448547563547564, 0.28846255411255406], [0.2612469363969363, 0.22703693528693528, 0.13891357531357534, 0.372802553002553], [0.293761940836941, 0.29055616883116886, 0.1671944222444224, 0.2484874680874681], [0.26783724608724624, 0.2597438672438672, 0.20129067044067056, 0.2711282162282162], [0.2878431179931181, 0.229184992784993, 0.2139924242424243, 0.2689794649794649], [0.21484539904539918, 0.2686591408591409, 0.1728058330558331, 0.3436896270396271], [0.2134333356186298, 0.2535617660117661, 0.22977090850326154, 0.3032339898663427], [0.20494677544677548, 0.2850182317682319, 0.20771849816849822, 0.3023164946164946], [0.31456744921744934, 0.20481852036852058, 0.18638207348207353, 0.29423195693195686], [0.2633641691641692, 0.2677379398379398, 0.18602246087246097, 0.28287543012543026], [0.24307846369316977, 0.23314034886681947, 0.19329915639915637, 0.33048203104085444], [0.2844712695800931, 0.21828628038628037, 0.21162622377622378, 0.2856162262574028], [0.3167682539682538, 0.22337948162948168, 0.17942730047730063, 0.28042496392496413], [0.27446422466422465, 0.31774111999112004, 0.1573752358752359, 0.2504194194694196], [0.2749003274503276, 0.3053862526362526, 0.15184886224886235, 0.2678645576645577], [0.24567748917748924, 0.2708032578532577, 0.2123206127206128, 0.2711986402486403], [0.26469637584637606, 0.2702648240648242, 0.17853517038517044, 0.2865036297036297], [0.22023172938172936, 0.3043458541458541, 0.17006971361971376, 0.3053527028527027], [0.209384126984127, 0.287315651015651, 0.19448294205794217, 0.30881727994228], [0.3130403540903539, 0.19241662226662232, 0.1892692307692308, 0.30527379287379297], [0.30131401931401947, 0.2581116605616606, 0.17405770340770346, 0.2665166167166168], [0.2098078728461083, 0.25585767108708296, 0.2498271542183307, 0.2845073018484783], [0.2854286416198181, 0.2653256410256409, 0.2280580808080809, 0.22118763654646026], [0.24433192918192928, 0.2658788711288712, 0.21039218559218564, 0.27939701409701406], [0.2386952103452104, 0.25020421245421237, 0.25716659451659457, 0.25393398268398276], [0.20877533936651602, 0.26579218004218, 0.17245663780663786, 0.3529758427846663], [0.29410250860250875, 0.21804284326784337, 0.20159545454545455, 0.2862591935841937], [0.27090218115218123, 0.2642601323513089, 0.15411443001443, 0.31072325648208005], [0.23010103230103243, 0.3148027583527583, 0.22918157398157402, 0.2259146353646355], [0.27668629148629137, 0.3284339585251351, 0.18537853257853262, 0.209501217410041], [0.22616374507845102, 0.26662467205996615, 0.2080811466311468, 0.2991304362304364], [0.24038694834577196, 0.28936570096570097, 0.1965542624042625, 0.27369308828426475], [0.1841728771228772, 0.3515245754245755, 0.18615017205017217, 0.2781523754023755], [0.25382640137640144, 0.2715420135420137, 0.17317975357975368, 0.30145183150183125], [0.21352116772116794, 0.23308134643134645, 0.2600290154290154, 0.29336847041847053], [0.26617780552780573, 0.24665455100455097, 0.18815199800199806, 0.2990156454656455], [0.21146560939060938, 0.28443866411366425, 0.16178264513264518, 0.3423130813630813], [0.2556171883671884, 0.2411753948665714, 0.17532186898069252, 0.32788554778554774], [0.2629601787101788, 0.2371144161394162, 0.18991328116328116, 0.310012123987124], [0.2350765345765346, 0.31876966089466086, 0.20802541347541356, 0.2381283910533911], [0.2774140692640692, 0.2426966533466533, 0.18838333888333897, 0.2915059385059384], [0.2575265437177203, 0.2541997613497614, 0.18670705046587405, 0.30156664446664455], [0.25756060051060053, 0.2779787601287602, 0.1795565323565325, 0.2849041070041072], [0.26727730047730053, 0.33038970278087915, 0.17221774336774345, 0.23011525337407698], [0.24207816072816074, 0.26482349676467326, 0.21299365830248182, 0.28010468420468426], [0.27424777999778, 0.2085329614829616, 0.21343020313020308, 0.30378905538905554], [0.19192332112332128, 0.2627345931845934, 0.19440599400599406, 0.3509360916860916], [0.20297466977466985, 0.33997339327339327, 0.1640690365190365, 0.2929829004329002], [0.25181613941613956, 0.3021542069042069, 0.1651091131091131, 0.2809205405705408], [0.2715363136863137, 0.2009048618048618, 0.1698143356643357, 0.3577444888444888], [0.2683085248085247, 0.28623943833943827, 0.170175801975802, 0.2752762348762349], [0.23469590964590964, 0.24318463758463765, 0.19242391497391506, 0.32969553779553806], [0.20990858585858596, 0.24778655788655812, 0.26204410589410587, 0.2802607503607503], [0.22396149961149964, 0.23781459651459652, 0.22594648684648685, 0.312277417027417], [0.20975620490620497, 0.2742923548673551, 0.21452242757242765, 0.3014290126540126], [0.2570134643134644, 0.2593571539571541, 0.15469506604506608, 0.32893431568431547], [0.2429688279041221, 0.2556775890775892, 0.21366783935019235, 0.28768574366809685], [0.2456028887778889, 0.283984471084471, 0.14937130369630378, 0.3210413364413363], [0.26379805194805217, 0.27458984903984907, 0.16866265401265412, 0.29294944499944475], [0.3173538435420788, 0.27970733710733714, 0.17313363760422593, 0.2298051817463583], [0.26950353257853243, 0.29279931734931736, 0.19070597735597744, 0.24699117271617282], [0.26128747559629917, 0.2849565656565656, 0.15204502164502165, 0.30171093710211383], [0.26507248862248867, 0.2742649572649574, 0.1408390054390055, 0.3198235486735486], [0.268287776112776, 0.2892281746031747, 0.21433910533910538, 0.2281449439449441], [0.27961098346098356, 0.26972646797646815, 0.18296583971583982, 0.267696708846709], [0.25219796037296044, 0.23812938809556472, 0.18331131368631384, 0.32636133784516125], [0.2405812909312911, 0.2876173881673881, 0.20054295149295157, 0.2712583694083694], [0.25867743645243646, 0.31088514541014545, 0.16728459595959605, 0.2631528221778223], [0.22335188063570427, 0.33133333333333337, 0.18016262903762914, 0.2651521569933335], [0.2468898518148519, 0.2230939033189034, 0.2168991230991231, 0.3131171217671216], [0.2979652592505534, 0.26363644411144427, 0.15766805857541155, 0.2807302380625909], [0.2734789543789545, 0.2102558036734508, 0.16392472527472532, 0.35234051667286975], [0.2932854312354312, 0.23972842712842724, 0.15759653679653682, 0.3093896048396049], [0.2672974192474193, 0.2773939976689977, 0.19108020590520594, 0.26422837717837744], [0.22927517482517482, 0.22991754356754363, 0.13677149517149517, 0.4040357864357863], [0.23521382506382513, 0.29862077922077923, 0.18769819624819634, 0.27846719946719933], [0.33567917915417916, 0.21153407703407723, 0.14324693362193366, 0.30953981018981025], [0.22831163836163837, 0.3005155844155845, 0.1639246586746587, 0.3072481185481185], [0.2430424464424464, 0.23849984459984475, 0.21619744699744708, 0.3022602619602619], [0.26526490176490186, 0.29371786546786555, 0.1859738483738484, 0.2550433843933844], [0.24304352314352326, 0.24332130369630375, 0.16723209013209017, 0.34640308302808326], [0.21206657851951974, 0.3140662464985995, 0.2098617382617384, 0.26400543672014265], [0.2309372521269581, 0.28402834616364026, 0.1932148906648908, 0.29181951104451104], [0.22431976911976914, 0.24453708513708522, 0.21846673881673895, 0.3126764069264069], [0.2597389221889223, 0.24469325396825412, 0.13873373848373854, 0.3568340853590853], [0.2169089521589523, 0.335192402042402, 0.1751880452880453, 0.2727106005106005], [0.1911056277056278, 0.3214641802641803, 0.21815591630591635, 0.2692742757242759], [0.24411787101787105, 0.2864129018040783, 0.17292207792207798, 0.29654714925597303], [0.28494740259740253, 0.22986168831168832, 0.18861171051171066, 0.29657919857919857], [0.2747351204351205, 0.30947693417693417, 0.22976025363525382, 0.18602769175269177], [0.22740771173271165, 0.3293753468753469, 0.19618891108891118, 0.24702803030303044], [0.29849241314241315, 0.2541407536907538, 0.18014915639915652, 0.26721767676767677], [0.3172205044955046, 0.23908642746142755, 0.1401000222000222, 0.3035930458430459], [0.24312747252747266, 0.31620140970140975, 0.2171400654900656, 0.2235310522810523], [0.22630377400377408, 0.33698820346320324, 0.15090178155178163, 0.28580624098124097], [0.24094312909312915, 0.2798640304140303, 0.1804846431346431, 0.2987081973581974], [0.2044094183594185, 0.3228550283050282, 0.2128811854811856, 0.2598543678543678], [0.25754094239094244, 0.21208709901209913, 0.21685632145632153, 0.3135156371406373]]}}