{"test": {"ids": ["111117000", "107116501", "99109740", "108115500", "109114651", "99107950", "97108520", "110119300", "108119330", "97118210", "99112300", "98107410", "100120010", "113120640", "104111990", "111121410", "110121720", "99107560", "111121190", "108118520", "113119120", "108118291", "105117200", "110118450", "110121450", "107115140", "111115400", "109115211", "97106820", "111117120", "103109021", "109116810", "110115580", "111116750", "109117600", "106119260", "111119250", "99108330", "112116640", "104112470", "107113550", "100108520", "112117571", "98110680", "103109641", "101108290", "113122650", "104111531", "101111990", "104111620", "97113900", "112116850", "113118231", "104114740", "109120150", "104113550", "107114200", "106115250", "100115700", "110115250", "104119340", "99107300", "106120640", "98107380", "99108580", "107114950", "100111390", "104114410", "105118230", "104113210", "112118581", "98108580", "101112160", "111116411", "97112830", "102110690", "99108000", "111120280", "102118380", "107119390", "100109000", "108115070", "109119460", "108114040", "98107210", "103111170", "104111830", "101113210", "109113591", "112119320", "111114941", "112121351", "106113360", "97116410", "113118870", "111119610", "104118070", "109113881", "103113640", "109114220", "106117790", "101111210", "105116980", "105113260", "106111321", "106114880", "110120640", "110118111", "98109311", "111114171", "112120670", "107114321", "102113210", "98111860", "103111990", "104111380", "108116501", "98107340", "113122170", "107116980", "113122120", "100111270", "108118301", "108114200", "107121540", "98109570", "110117080", "110114610", "98106111", "112118550", "107114110", "100110260", "111120220", "106114321", "108114670", "111120260", "100109890", "106114150", "112116800", "112116290", "109115220", "103111480"], "labels": [0, 1, 3, 3, 3, 1, 2, 1, 0, 2, 0, 3, 0, 0, 2, 0, 3, 1, 1, 0, 3, 3, 3, 0, 3, 0, 0, 0, 1, 2, 0, 3, 1, 3, 1, 1, 1, 1, 0, 1, 0, 2, 3, 2, 1, 0, 2, 0, 2, 0, 2, 0, 3, 2, 2, 1, 2, 2, 1, 1, 1, 3, 3, 1, 0, 3, 2, 1, 1, 3, 1, 0, 3, 0, 2, 0, 2, 0, 1, 2, 1, 1, 1, 0, 1, 2, 3, 3, 3, 1, 0, 0, 0, 3, 0, 2, 2, 0, 1, 3, 1, 2, 0, 3, 0, 0, 0, 1, 1, 3, 2, 0, 3, 0, 2, 3, 0, 0, 1, 3, 1, 2, 1, 0, 2, 1, 1, 1, 0, 3, 1, 3, 3, 2, 3, 3, 3, 1, 0, 0, 3, 0], "predicted_labels": [1, 3, 1, 1, 3, 1, 3, 3, 3, 3, 3, 3, 3, 1, 1, 1, 0, 1, 0, 0, 1, 1, 1, 1, 1, 3, 3, 3, 3, 3, 1, 3, 3, 3, 3, 3, 3, 3, 1, 1, 1, 3, 1, 1, 3, 1, 3, 1, 3, 0, 3, 3, 1, 1, 1, 0, 1, 1, 3, 1, 1, 3, 1, 0, 3, 3, 3, 3, 1, 1, 1, 3, 1, 3, 3, 0, 1, 3, 1, 1, 3, 1, 1, 1, 1, 3, 1, 1, 3, 1, 1, 1, 3, 1, 3, 3, 1, 0, 0, 3, 3, 3, 1, 3, 3, 1, 3, 1, 1, 3, 1, 0, 3, 2, 3, 3, 3, 1, 1, 3, 1, 1, 1, 1, 1, 1, 3, 1, 1, 1, 3, 3, 3, 1, 1, 3, 0, 1, 1, 1, 3, 3], "confidence_scores": [[0.19670606338106353, 0.2955209809798046, 0.22028770477888127, 0.287485250860251], [0.2900391108891108, 0.2829432484182486, 0.12921029721912083, 0.29780734347352], [0.2096014505102741, 0.2885877464039228, 0.2299522227772229, 0.27185858030858046], [0.2163615884115885, 0.3132469696969697, 0.18452348207348213, 0.2858679598179599], [0.27542226662226665, 0.2696065157065159, 0.1477806693306693, 0.30719054834054826], [0.14858189310689315, 0.3101501015324545, 0.26613061056590465, 0.2751373947947477], [0.23014230965113316, 0.26241993006993025, 0.18974395686013323, 0.3176938034188035], [0.2395058226087639, 0.27938397125750086, 0.17766828416681357, 0.30344192196692193], [0.21409148629148642, 0.2778742063492064, 0.20295662948162962, 0.305077677877678], [0.23377535438417787, 0.2677161374573141, 0.21663650793650796, 0.28187200022200015], [0.2770576146076147, 0.2725122211122213, 0.1698167998668, 0.28061336441336454], [0.24543485403485402, 0.23832649017649032, 0.22540204240204254, 0.2908366133866135], [0.2245128371628372, 0.26320491730491746, 0.2236664002664004, 0.2886158452658452], [0.2542437395937397, 0.29813188478188474, 0.1815369463869465, 0.2660874292374294], [0.20854269341769358, 0.3086481407481407, 0.23221367243867264, 0.2505954933954936], [0.2725101565101565, 0.2963959096459098, 0.15845478132978147, 0.2726391525141527], [0.30145730739848386, 0.268190524997878, 0.14122457134368904, 0.2891275962599493], [0.1949318903318904, 0.333690401265401, 0.1825674603174604, 0.288810248085248], [0.2869228069316304, 0.25016272061272066, 0.19703611747729405, 0.26587835497835505], [0.2824679867518104, 0.2590993209404975, 0.1792400478176794, 0.2791926444900129], [0.2514766067266068, 0.30641928626928633, 0.17825993450993458, 0.26384417249417247], [0.2694978354978356, 0.30178515928515937, 0.1619773853597383, 0.2667396198572669], [0.2575425074925074, 0.2908827866577868, 0.1957753885003885, 0.2557993173493174], [0.18688103008103016, 0.3106804223554224, 0.23817150627150632, 0.2642670412920412], [0.22836144411144432, 0.30574723609723603, 0.18265921300921312, 0.2832321067821068], [0.25592843447402286, 0.25154148367971907, 0.18290222914340565, 0.3096278527028528], [0.21138331945831942, 0.26029193584193616, 0.23852455044955065, 0.2898001942501943], [0.25159666722166735, 0.27746130536130525, 0.15627036852036852, 0.3146716588966589], [0.2081188283938285, 0.28455407647907643, 0.18120807525807528, 0.32611901986902003], [0.20754674296291953, 0.2845543983793986, 0.2056721500721503, 0.30222670858553224], [0.2642518925518926, 0.29486160506160525, 0.18123128538128547, 0.259655217005217], [0.22173178488178502, 0.27542711536829195, 0.1920116458704695, 0.3108294538794537], [0.22829565989566006, 0.27585877455877467, 0.17928571428571433, 0.31655985125985137], [0.2691044455544455, 0.22993664113664125, 0.16063991204873568, 0.3403190012601777], [0.2310171883671885, 0.2667376845376846, 0.22479987789987807, 0.2774452491952492], [0.24902154512154515, 0.24772792207792224, 0.20380593295593302, 0.2994445998445999], [0.2328677683427684, 0.2560479628214923, 0.2143890019681042, 0.29669526686763514], [0.23802524697524724, 0.23321477966477977, 0.21095429015429024, 0.31780568320568336], [0.21385557775557798, 0.3288064213564216, 0.16322862692862705, 0.29410937395937403], [0.2113047286047288, 0.3184453615098351, 0.1936100802706066, 0.2766398296148297], [0.19909572094572095, 0.3013900155400155, 0.2022511988011989, 0.2972630647130648], [0.2236023726273727, 0.22540265012765023, 0.23647454767454779, 0.3145204295704296], [0.23794387834387853, 0.32108195138195156, 0.1548832056832058, 0.28609096459096445], [0.21674156758274424, 0.30026413586413586, 0.2045543567543568, 0.2784399397987634], [0.22048621378621377, 0.2774385357332725, 0.1910003670306302, 0.31107488344988354], [0.23594235764235774, 0.30610551082904014, 0.15832776896306308, 0.29962436256553904], [0.22879947829947847, 0.28583989548463234, 0.19382718743245073, 0.2915334387834387], [0.26221569541569545, 0.3102104229104229, 0.13533593628593632, 0.2922379453879456], [0.18128261738261753, 0.29894649517149513, 0.22038445443445448, 0.29938643301143325], [0.35154509934509925, 0.24206079476079473, 0.127990281940282, 0.27840382395382385], [0.24029999444999453, 0.26766443278943275, 0.20549522144522145, 0.2865403513153513], [0.23253263958263973, 0.2925010767010768, 0.13756304528804528, 0.33740323842823855], [0.2314263958263961, 0.31740726495726507, 0.13630836549071848, 0.31485797372562085], [0.18917139527139526, 0.307960300810301, 0.23250004995005, 0.27036825396825404], [0.20722185592185596, 0.2960347874347872, 0.21313241203241223, 0.2836109446109447], [0.3132488095238094, 0.22929589577089576, 0.1547302808302809, 0.3027250138750141], [0.19471529385647046, 0.3749936396936401, 0.20188081167198813, 0.22841025477790203], [0.23682844181961843, 0.2728674214674215, 0.22894415780298139, 0.26135997890997886], [0.24808142413142428, 0.25045747030747023, 0.20866673326673332, 0.29279437229437233], [0.2380118464868465, 0.3032965173715173, 0.18530817515817521, 0.27338346098346095], [0.1675023032523033, 0.32332417027417026, 0.21825425130425136, 0.2909192751692752], [0.26403317793317804, 0.25649287934287945, 0.19758960483960497, 0.2818843378843381], [0.16666433011433027, 0.3463428182928184, 0.1914562493062494, 0.29553660228660245], [0.2998244422244421, 0.21831466311466322, 0.1923572039072039, 0.2895036907536907], [0.24194468309468323, 0.2759884226884226, 0.20436297591297597, 0.2777039183039184], [0.2274537684537684, 0.25159360639360656, 0.2186257020757021, 0.30232692307692316], [0.2169168470418471, 0.24747829670329666, 0.2203916139416139, 0.3152132423132424], [0.1891000943500945, 0.2780960872460873, 0.23488664668664672, 0.2979171717171718], [0.22209850443673998, 0.2879817437464498, 0.2200384801473038, 0.26988127166950704], [0.26499920634920643, 0.2924253774003774, 0.1756419663669664, 0.26693344988345], [0.2384113211951446, 0.32148862052979693, 0.16530471195471197, 0.2747953463203465], [0.21448831168831178, 0.2721340714840717, 0.23271717171717182, 0.28066044511044513], [0.23082986294750998, 0.3020233949057477, 0.1790600233100233, 0.2880867188367189], [0.3178792635469108, 0.20651854811854825, 0.1037729270729271, 0.37182926126161425], [0.22618299478299494, 0.2509685322847088, 0.23277609645256706, 0.2900723764797293], [0.31136123517005865, 0.2650439560439561, 0.1680559309971076, 0.25553887778887796], [0.16871003408356366, 0.32737447764653654, 0.2281669557566616, 0.27574853251323844], [0.239683479386111, 0.25086051726051745, 0.17389814600604087, 0.33555785734733096], [0.21654620020502388, 0.2945681465593232, 0.2126839715839717, 0.27620168165168174], [0.20470125430125435, 0.3019108669108668, 0.20169228549228557, 0.29169559329559347], [0.20275687090687097, 0.25972384559884565, 0.21370326895326905, 0.32381601454101455], [0.19118505106005113, 0.32634902874902877, 0.2368980658230659, 0.2455678543678545], [0.20667782217782235, 0.30838731268731273, 0.22059864024864048, 0.2643362248862248], [0.16803390498390502, 0.30159816849816845, 0.23942344877344887, 0.2909444777444781], [0.16488969363969375, 0.33437455722811754, 0.1960412047876445, 0.3046945443445444], [0.2286023190861427, 0.2787107475857477, 0.2069376326288092, 0.28574930069930055], [0.16532484182484192, 0.3034101509601509, 0.25096792096792114, 0.28029708624708627], [0.24905228660228662, 0.29384893994894007, 0.18649336219336224, 0.2706054112554113], [0.26749666444666437, 0.27608890174153355, 0.14660885780885782, 0.30980557600294445], [0.1886025752025754, 0.32137203629703615, 0.18769165279165284, 0.3023337357087356], [0.24404950327450345, 0.33065844155844143, 0.12395643523143522, 0.30133561993562], [0.26011710119945436, 0.2865482917409388, 0.20024388307770663, 0.25309072398190063], [0.2580534743034743, 0.2424379342879346, 0.168304662004662, 0.3312039294039297], [0.19610807362572075, 0.28738165690518647, 0.24133980104862462, 0.2751704684204684], [0.23501466866466866, 0.298478826728827, 0.15518471323997649, 0.31132179136652827], [0.2127593795093797, 0.3006003385503386, 0.17281581751581754, 0.3138244644244645], [0.17540463425463446, 0.3043342823842823, 0.2295311660561662, 0.2907299173049174], [0.3771316905316905, 0.2588360156183687, 0.13531082479611897, 0.22872146905382207], [0.3096783624871859, 0.2353573018484782, 0.16802872682872688, 0.2869356088356088], [0.2035296977532273, 0.24977449707155597, 0.21258989670460282, 0.3341059084706141], [0.22285941280941288, 0.24961694971694975, 0.213799755799756, 0.3137238816738818], [0.22403399378399388, 0.2821980824730826, 0.19839849203084503, 0.2953694317120789], [0.2715416361416361, 0.29799554334554323, 0.17153482628482636, 0.25892799422799445], [0.24208987123987127, 0.274759634809635, 0.19153018093018093, 0.2916203130203132], [0.2382868631368631, 0.29322587967587965, 0.16392476608358963, 0.3045624911036677], [0.17212705072705067, 0.37458852813852805, 0.20461878676878686, 0.24866563436563444], [0.21730442890442903, 0.2781692529692531, 0.18279448709185558, 0.3217318310344625], [0.2741211011211014, 0.29739199134199135, 0.15392852343734695, 0.2745583840995605], [0.25705201742701755, 0.29799057886557884, 0.15731792929292934, 0.28763947441447446], [0.26162147852147855, 0.28300346875346866, 0.15793207903207918, 0.2974429736929735], [0.23769728049728067, 0.2965666971916972, 0.17812532190032207, 0.2876107004107006], [0.3054715562215564, 0.2997798257298257, 0.11576921411921418, 0.27897940392940407], [0.2047186036186037, 0.2410387612387614, 0.24580692640692645, 0.3084357087357087], [0.19269806027306027, 0.2597093739593741, 0.27594942279942297, 0.271643142968143], [0.21884510489510495, 0.267626586158939, 0.19809276279276278, 0.31543554615319325], [0.23938184038184038, 0.2797570578544264, 0.19971546231546236, 0.2811456394482711], [0.2857204545454546, 0.26951517926517926, 0.1400686830713147, 0.30469568311805134], [0.19607200577200593, 0.2698990842490844, 0.2642290154290156, 0.26979989454989467], [0.16029261849261855, 0.31060207015207003, 0.2600095959595958, 0.26909571539571536], [0.2398246976879331, 0.2857814967712027, 0.16780208680208683, 0.3065917187387776], [0.20341981351981364, 0.33497190309690317, 0.18520898545898554, 0.276399297924298], [0.18272865680071573, 0.3079560890090302, 0.24474639804639808, 0.26456885614385617], [0.28125409590409595, 0.29558126318126327, 0.13396315351315366, 0.2892014874014874], [0.2013055000555001, 0.34401640581640575, 0.18058018093018108, 0.27409791319791343], [0.1821064491064492, 0.3043150682650683, 0.23968600484482844, 0.27389247778365444], [0.26857379287379285, 0.3086116772116772, 0.16288796203796208, 0.259926567876568], [0.20710217282717286, 0.30395219780219773, 0.17821865079365085, 0.3107269785769787], [0.20303661616161617, 0.32201258626993934, 0.21252163620693057, 0.26242916136151434], [0.2723885447885449, 0.28099170274170276, 0.2262787712287713, 0.22034098124098134], [0.2809473601561837, 0.29821891441891435, 0.16221533825651474, 0.2586183871683873], [0.23922675102675114, 0.2699687590187591, 0.1803053557553559, 0.31049913419913416], [0.2819107725607726, 0.26079194694194696, 0.17131565656565664, 0.28598162393162385], [0.2754254245754245, 0.2781809967809968, 0.1652548968575285, 0.2811386817860502], [0.28827479660862027, 0.2958730991230994, 0.14679338520956176, 0.2690587190587192], [0.19613166555666567, 0.32095034410034423, 0.2018511366084896, 0.2810668537345009], [0.2538430381709795, 0.2955394177717707, 0.13896213671948976, 0.3116554073377602], [0.3284200854700858, 0.21579489954489955, 0.15583653013653012, 0.2999484848484849], [0.22121531083295795, 0.3157788644362175, 0.19110735930735942, 0.2718984654234655], [0.19121922913687628, 0.33013272169007485, 0.1853553446553446, 0.29329270451770445], [0.29625947385947377, 0.3090123376623377, 0.1609382450882451, 0.23378994338994347], [0.2168562937062937, 0.2637822538572539, 0.2059903180153181, 0.3133711344211345], [0.2809300643800641, 0.2721462426462427, 0.15157684537684535, 0.2953468475968476]]}, "rewritten": {"ids": ["97106820", "97108520", "97112830", "97113900", "97116410", "97118210", "98106111", "98107210", "98107340", "98107380", "98107410", "98108580", "98109311", "98109570", "98110680", "98111860", "99107300", "99107560", "99107950", "99108000", "99108330", "99108580", "99109740", "99112300", "100108520", "100109000", "100109890", "100110260", "100111270", "100111390", "100115700", "100120010", "101108290", "101111210", "101111990", "101112160", "101113210", "102110690", "102113210", "102118380", "103109021", "103109641", "103111170", "103111480", "103111990", "103113640", "104111380", "104111531", "104111620", "104111830", "104111990", "104112470", "104113210", "104113550", "104114410", "104114740", "104118070", "104119340", "105113260", "105116980", "105117200", "105118230", "106111321", "106113360", "106114150", "106114321", "106114880", "106115250", "106117790", "106119260", "106120640", "107113550", "107114110", "107114200", "107114321", "107114950", "107115140", "107116501", "107116980", "107119390", "107121540", "108114040", "108114200", "108114670", "108115070", "108115500", "108116501", "108118291", "108118301", "108118520", "108119330", "109113591", "109113881", "109114220", "109114651", "109115211", "109115220", "109116810", "109117600", "109119460", "109120150", "110114610", "110115250", "110115580", "110117080", "110118111", "110118450", "110119300", "110120640", "110121450", "110121720", "111114171", "111114941", "111115400", "111116411", "111116750", "111117000", "111117120", "111119250", "111119610", "111120220", "111120260", "111120280", "111121190", "111121410", "112116290", "112116640", "112116800", "112116850", "112117571", "112118550", "112118581", "112119320", "112120670", "112121351", "113118231", "113118870", "113119120", "113120640", "113122120", "113122170", "113122650"], "labels": [1, 2, 2, 2, 3, 2, 0, 1, 0, 1, 3, 0, 1, 1, 2, 0, 3, 1, 1, 2, 1, 0, 3, 0, 2, 1, 3, 3, 2, 2, 1, 0, 0, 2, 2, 3, 3, 0, 3, 1, 0, 1, 2, 0, 2, 1, 3, 0, 0, 3, 2, 1, 3, 1, 1, 2, 2, 1, 3, 0, 3, 1, 0, 0, 1, 2, 0, 2, 1, 1, 3, 0, 1, 2, 0, 3, 0, 1, 3, 2, 2, 0, 0, 3, 1, 3, 0, 3, 1, 0, 0, 3, 0, 3, 3, 0, 3, 3, 1, 1, 2, 1, 1, 1, 1, 1, 0, 1, 0, 3, 3, 3, 0, 0, 0, 3, 0, 2, 1, 2, 3, 3, 0, 1, 0, 0, 0, 0, 0, 3, 3, 1, 1, 2, 0, 3, 0, 3, 0, 1, 1, 2], "predicted_labels": [3, 1, 1, 1, 1, 3, 0, 1, 3, 3, 3, 3, 3, 3, 1, 3, 3, 1, 3, 3, 1, 3, 3, 3, 3, 3, 3, 3, 3, 3, 3, 3, 3, 3, 1, 3, 1, 3, 3, 3, 3, 3, 3, 3, 3, 0, 3, 3, 3, 3, 1, 1, 3, 3, 3, 3, 1, 1, 3, 3, 3, 1, 1, 3, 1, 1, 3, 3, 3, 3, 1, 3, 0, 1, 3, 3, 3, 3, 3, 3, 3, 1, 1, 1, 1, 1, 3, 0, 1, 3, 3, 3, 0, 3, 3, 3, 3, 3, 3, 1, 3, 3, 1, 1, 3, 3, 1, 3, 1, 3, 3, 3, 1, 3, 3, 3, 3, 1, 3, 1, 1, 0, 3, 1, 3, 0, 3, 3, 1, 1, 3, 1, 1, 3, 3, 1, 1, 3, 3, 1, 1, 1], "confidence_scores": [[0.21678614000378707, 0.2707632312132313, 0.21042033130268445, 0.30203029748029747], [0.25827548562548575, 0.2949078664026032, 0.17693480759007066, 0.26988184038184054], [0.22474653679653692, 0.28620965423465416, 0.20777182458064822, 0.28127198438816087], [0.2297978965478966, 0.2952173742923743, 0.21386286491286505, 0.26112186424686434], [0.24140964982729693, 0.26799450712686, 0.23459015984015982, 0.25600568320568323], [0.23851890331890338, 0.24125249635984944, 0.21339428349428366, 0.3068343168269638], [0.295960535053182, 0.2708342268842269, 0.15480767010767016, 0.278397567954921], [0.17862846597846607, 0.3264431275466878, 0.19510282649926627, 0.2998255799755799], [0.2094924467689174, 0.24798717916070864, 0.2685831168831169, 0.27393725718725725], [0.28187302974802975, 0.2127632256632259, 0.21123679931179942, 0.2941269452769453], [0.2844727883227882, 0.24782209457209475, 0.16402695812958976, 0.30367815897552747], [0.18637997002997003, 0.2398977411477413, 0.24113256743256756, 0.3325897213897214], [0.2825000582750584, 0.27829482461982474, 0.13335842213342222, 0.30584669497169503], [0.20754582362082383, 0.2868498695748696, 0.17180241425241435, 0.33380189255189247], [0.22491795426795436, 0.2942929681429683, 0.21453366078366093, 0.26625541680541687], [0.2023158341658342, 0.2390032162282164, 0.2615792374292376, 0.297101712176712], [0.2981615828615831, 0.21639830724830725, 0.17230361860361862, 0.3131364912864912], [0.1714681041181042, 0.31867204184704184, 0.2013989121989123, 0.30846094183594197], [0.19441282328782344, 0.25537807633542947, 0.2672104695957638, 0.28299863078098364], [0.169522188922189, 0.291063630813631, 0.24708788433788445, 0.2923262959262958], [0.24280134228516587, 0.2793081787493552, 0.24099696137196153, 0.23689351759351784], [0.23931239871239887, 0.24546988566988578, 0.22239688922188922, 0.29282082639582635], [0.22547564298446657, 0.2611175296925299, 0.215457887374064, 0.2979489399489401], [0.26028667998668004, 0.25185481185481196, 0.1697018981018983, 0.3181566100566099], [0.24627295482295478, 0.2183869907869909, 0.2093108558108559, 0.3260291985791985], [0.18828595293595302, 0.2593852980352981, 0.2380648684648686, 0.3142638805638806], [0.28746707736707744, 0.22854879009879026, 0.17618687978687983, 0.3077972527472528], [0.29016519869019886, 0.22884927294927293, 0.13970892440892446, 0.34127660395160386], [0.19896071085776976, 0.27380517325811443, 0.24189340104340112, 0.28534071484071477], [0.23076860720978382, 0.271281240981241, 0.2061738483738484, 0.29177630343512695], [0.22893388278388282, 0.24710870240870253, 0.22498436008436007, 0.2989730547230547], [0.1850023754023755, 0.27427292707292705, 0.24477331198213562, 0.2959513855425619], [0.26719003774003774, 0.2756403263403262, 0.1433541292041293, 0.31381550671550695], [0.24024941724941726, 0.2588546120546121, 0.2023472582972584, 0.29854871239871217], [0.18811121182738838, 0.29069474136974127, 0.23422416945799301, 0.2869698773448774], [0.21769421689421703, 0.285299555999556, 0.194733793983794, 0.3022724331224333], [0.2470078116328117, 0.29654273287771743, 0.18637921082185793, 0.27007024466761315], [0.21485394050394066, 0.2711683278709595, 0.1605593073593074, 0.3534184242657926], [0.23631900876900866, 0.23931616439116465, 0.22599473859473873, 0.29837008824508854], [0.177314418914419, 0.2860403762903763, 0.22211025086025096, 0.3145349539349539], [0.29086755642018824, 0.28068705183705195, 0.1336714507714509, 0.29477394097130943], [0.26186546786546777, 0.27708968531468536, 0.14672877400377413, 0.3143160728160729], [0.24825151515151517, 0.2848035575535577, 0.15612277722277731, 0.3108221500721501], [0.24253487068487062, 0.27962714670949973, 0.16726894053658758, 0.31056904206904207], [0.20240930180930206, 0.28483418803418803, 0.18604694194694207, 0.32670956820956837], [0.36770775613275614, 0.2181019480519481, 0.14481861471861474, 0.2693716810966812], [0.27795685980685986, 0.23700541505278358, 0.1795167887667888, 0.30552093637356814], [0.24600395437895448, 0.29372514152514156, 0.15434721944721952, 0.30592368464868464], [0.3029900210900211, 0.19152908652235287, 0.15444089072262449, 0.3510400016650015], [0.20008296703296727, 0.2857390387390386, 0.21202868797868807, 0.30214930624930647], [0.1963722111222112, 0.3222219669219671, 0.20866003996004004, 0.2727457819957821], [0.20069783549783557, 0.3069096832991571, 0.20997747398800035, 0.2824150072150074], [0.26642123432123443, 0.2684317266067267, 0.18323091075591078, 0.28191612831612833], [0.28545278610278624, 0.28358836894100053, 0.13210624930624942, 0.2988525956499642], [0.2106934787434788, 0.25442634032634037, 0.22974771339771352, 0.3051324675324677], [0.20318553635906583, 0.28306015096015097, 0.21447333059097778, 0.2992809820898057], [0.20899743034743037, 0.2818966033966033, 0.2326379731379732, 0.2764679931179933], [0.2076541014541016, 0.30587440337440347, 0.23194849594849615, 0.2545229992229994], [0.2707077811077812, 0.23567998667998677, 0.19211778776778776, 0.30149444444444434], [0.2862118601986248, 0.2631039274451041, 0.15263891876097768, 0.2980452935952937], [0.22816137196137204, 0.2601804917304918, 0.1942004662004663, 0.3174576701076701], [0.21257286047286067, 0.3216381507381508, 0.18868062770562785, 0.27710836108336095], [0.2516352369852371, 0.30116418858918853, 0.160102072927073, 0.2870985014985014], [0.2944607614607613, 0.24301137196137199, 0.15965718725718733, 0.30287067932067935], [0.2339364080364082, 0.3226215118215119, 0.1650315739815741, 0.2784105061605062], [0.27080501720501743, 0.29497308247308257, 0.17259506049506054, 0.26162683982683993], [0.2151478021978023, 0.2910310439560439, 0.1928030996780997, 0.3010180541680542], [0.2188815601065602, 0.27328166555666555, 0.2180428987678989, 0.28979387556887565], [0.2024806526806527, 0.2907582695082694, 0.1953738539238541, 0.311387223887224], [0.2573563749975517, 0.25508630258630277, 0.17617352451470103, 0.3113837979014449], [0.1766109537521303, 0.34560904095904094, 0.18683237122354776, 0.29094763406528124], [0.22534256854256865, 0.2746588744588744, 0.20807676767676786, 0.29192178932178947], [0.29629397334691454, 0.2415812465312467, 0.17332369787075672, 0.28880108225108214], [0.197139998889999, 0.3510555389055387, 0.17395822510822515, 0.27784623709623707], [0.2899502025752026, 0.2973310855810857, 0.0943613303363304, 0.3183573815073814], [0.19746724811136582, 0.2632567543567546, 0.20119870619576508, 0.3380772913361151], [0.2466739619857268, 0.21998774852598402, 0.2036048451548452, 0.3297334443334441], [0.28637018537018544, 0.251651568813024, 0.13748926988044638, 0.3244889759363445], [0.23321111111111126, 0.28567200577200585, 0.17307539682539694, 0.3080414862914863], [0.22337960927960926, 0.2465317099567101, 0.23169244644244663, 0.2983962343212342], [0.2031911937735468, 0.2654511395037712, 0.21210612002376714, 0.31925154669891503], [0.177831401931402, 0.3012608208784678, 0.23033941058941063, 0.29056836660071955], [0.224475396825397, 0.3204212121212121, 0.1921319624819626, 0.26297142857142874], [0.2207925824175827, 0.3387654845154845, 0.16898051115551133, 0.271461421911422], [0.2280474247974249, 0.32541425992308354, 0.2073026196026199, 0.23923569567687225], [0.21680385725385737, 0.2805775974025976, 0.22937759740259736, 0.2732409479409481], [0.2730326173826174, 0.2721655455655456, 0.15774150849150853, 0.29706032856032855], [0.307154279054279, 0.27220080752580783, 0.12916479076479084, 0.2914801226551225], [0.25260182986947716, 0.32068411033411054, 0.1377865245865246, 0.2889275352098883], [0.2777562409812408, 0.25386765734265737, 0.18837577042840217, 0.28000033124769974], [0.2475428842399432, 0.2701416137783787, 0.16054452296069963, 0.3217709790209792], [0.24446295926295927, 0.28927148962148985, 0.1480089632589632, 0.31825658785658806], [0.3686744727494728, 0.24539111052346363, 0.148435738771033, 0.237498677956031], [0.25279929433311793, 0.20707334332334343, 0.1940815720227486, 0.3460457903207902], [0.2803034243534243, 0.27353398545898555, 0.12030561938061943, 0.3258569708069709], [0.29702735042735023, 0.2483636363636364, 0.13223956598956607, 0.32236944721944705], [0.27810599596481944, 0.25072855755355755, 0.16066925574425575, 0.31049619073736734], [0.2256058164058166, 0.28051237259472567, 0.15986728663493374, 0.3340145243645242], [0.23739524331877282, 0.2371347347097348, 0.25478798260562974, 0.270682039365863], [0.19291485736485744, 0.3340803973803976, 0.21405507270507285, 0.25894967254967266], [0.23126416916416925, 0.2632045454545454, 0.18854839604839627, 0.3169828893328895], [0.21765356310356324, 0.28693015873015865, 0.2066574758574759, 0.28875880230880224], [0.22616540126540133, 0.3132887667887669, 0.18564607059607066, 0.2748997613497613], [0.2282373015873017, 0.3123746003996006, 0.1700248501498502, 0.2893632478632479], [0.20370890971773334, 0.2969745235157, 0.186033614630983, 0.31328295213558394], [0.23658738483738484, 0.28666281773781754, 0.1645121212121213, 0.3122376762126762], [0.20739935064935072, 0.2921278083028081, 0.22706395271395274, 0.2734088883338883], [0.21999567164861286, 0.28129640359640373, 0.20841922179128072, 0.290288702963703], [0.21073730044465347, 0.3253775696525695, 0.1875289111215583, 0.27635621878121897], [0.22671532911532918, 0.28798631923631923, 0.19420228937728948, 0.29109606227106244], [0.2522056776556778, 0.2695443944943945, 0.1932656121656122, 0.2849843156843158], [0.2637917082917083, 0.27837448107448104, 0.14236116938616947, 0.3154726412476411], [0.2666612692862694, 0.30229121434121436, 0.1389556499056499, 0.2920918664668666], [0.20333333610833623, 0.2764032891944657, 0.20940620049884773, 0.31085717419835085], [0.313055614973262, 0.22521893661893683, 0.13620698190698205, 0.32551846650081945], [0.2505069930069931, 0.23090564990565027, 0.17710614940614947, 0.3414812076812076], [0.16508808413808415, 0.29965532800532807, 0.2285433066933069, 0.30671328116328117], [0.1962463425463426, 0.32507113082995437, 0.18918982488100142, 0.2894927017427019], [0.20957837717837724, 0.2736351592851593, 0.21225446220446223, 0.3045320013320013], [0.27178714063714077, 0.27815396270396264, 0.182454995004995, 0.2676039016539016], [0.239855402930403, 0.2883967254967254, 0.20710572205572209, 0.2646421495171495], [0.2929621711621711, 0.24920871154988805, 0.16757459044223755, 0.29025452684570335], [0.2728949234975551, 0.23732624875124886, 0.16400106808396295, 0.3257777596672332], [0.24867451714951727, 0.2787688894438896, 0.19388315295815295, 0.2786734404484405], [0.26169628149628155, 0.27188682983683005, 0.15349744977244986, 0.31291943889443896], [0.3195652236652236, 0.30513507326007333, 0.1480786213786215, 0.22722108169608188], [0.27901997446997445, 0.24553246753246769, 0.18345790320790323, 0.291989654789655], [0.18881783216783224, 0.2994686757686756, 0.20733571428571435, 0.3043777777777778], [0.24287071262071275, 0.3056046758796759, 0.15106756854256864, 0.3004570429570432], [0.2363991952491954, 0.3207574969148497, 0.1572760096113038, 0.2855672982246514], [0.2504522755022757, 0.2846341658341656, 0.17869531024531027, 0.28621824841824833], [0.2507266788766789, 0.30182361168243527, 0.17582473719091365, 0.2716249722499724], [0.22451169663669668, 0.29994286546786547, 0.21092580752580756, 0.2646196303696304], [0.2429704406704408, 0.26624956709956726, 0.19507456154956165, 0.2957054306804307], [0.2709735653235653, 0.2735577145077146, 0.18084953934953935, 0.2746191808191808], [0.26524739704739714, 0.2976763847263848, 0.1551401542901543, 0.28193606393606396], [0.27375541125541125, 0.29213002406949795, 0.15597843968896608, 0.27813612498612517], [0.25455594960594974, 0.2472063103563104, 0.1639316183816184, 0.3343061216561216], [0.2514477411477414, 0.2844837828837832, 0.15778479853479868, 0.30628367743367757], [0.21547456987456992, 0.32955586635586637, 0.17785580530580544, 0.27711375846375846], [0.2439269119769119, 0.29655555555555546, 0.17855620490620494, 0.28096132756132774], [0.20698157398157419, 0.2824664855612225, 0.23616736392262735, 0.2743845765345766]]}}