{"test": {"ids": ["100120780", "113120751", "106113260", "113118620", "106115120", "112116800", "108114180", "104114320", "112116451", "108121190", "101119591", "113122150", "103110100", "107114280", "103110760", "102109910", "108118301", "98106560", "111116010", "112120630", "107117010", "101109120", "111119150", "104116441", "100111390", "110119891", "108120060", "111114171", "112117580", "113118231", "101114020", "106114011", "110117200", "110121720", "103120730", "102108621", "111119290", "104111880", "109114030", "110121450", "107116340", "112121351", "100109890", "111121410", "112116501", "110116290", "112118620", "101109000", "107113550", "113120280", "106117790", "104117630", "98108370", "107112850", "100113210", "112120700", "106121190", "109113931", "110120531", "111115780", "98109090", "110118450", "112116290", "99108310", "105118171", "103109641", "113120830", "99107560", "113122190", "110120540", "103118291", "102121440", "102116500", "103109791", "107113130", "107114321", "103110220", "99109840", "110119300", "97116500", "111121930", "109115211", "113120640", "105113210", "105113480", "99120010", "99108520", "113121750", "112117210", "112119120", "107118490", "111116090", "105118230", "109117110", "106116820", "101108121", "98119591", "99112840", "97106970", "113122220", "113118490", "113121190", "101109370", "111117120", "112120670", "107114140", "109121640", "112121010", "107115140", "105116860", "113122320", "105112100", "97107920", "102112301", "105113170", "97105451", "100109910", "100112060", "112116610", "100115700", "98107380", "112119610", "110114610", "113120260", "104113190", "111115770", "105113190", "110118810", "107118780", "110120700", "113118870", "110118181", "100109311", "111116750", "111118810", "109113281", "104119340", "99107950", "110121170", "109114220", "101108290", "107118820"], "labels": [1, 1, 3, 3, 1, 0, 1, 2, 0, 1, 0, 2, 1, 3, 1, 2, 1, 1, 1, 3, 1, 1, 3, 1, 2, 3, 1, 3, 0, 3, 3, 1, 3, 3, 1, 3, 3, 3, 1, 3, 3, 0, 3, 0, 3, 2, 3, 1, 0, 0, 1, 0, 1, 1, 0, 2, 2, 1, 0, 1, 1, 0, 0, 2, 3, 1, 3, 1, 1, 1, 0, 2, 1, 3, 1, 0, 2, 2, 1, 2, 1, 0, 0, 3, 0, 2, 2, 0, 1, 1, 2, 3, 1, 1, 1, 0, 1, 2, 2, 1, 1, 1, 1, 2, 2, 2, 0, 2, 0, 2, 1, 1, 0, 1, 0, 0, 2, 2, 1, 1, 1, 0, 1, 3, 3, 3, 3, 1, 1, 2, 0, 1, 1, 3, 0, 0, 1, 1, 2, 3, 0, 3], "predicted_labels": [3, 3, 1, 1, 3, 3, 1, 1, 0, 3, 3, 1, 1, 1, 3, 3, 3, 3, 1, 0, 1, 3, 3, 1, 3, 1, 0, 3, 3, 1, 0, 1, 0, 0, 3, 3, 3, 3, 0, 3, 3, 1, 3, 1, 3, 0, 1, 3, 3, 0, 3, 3, 3, 1, 3, 1, 3, 3, 0, 3, 3, 1, 1, 1, 0, 3, 3, 1, 3, 1, 0, 0, 1, 3, 3, 0, 1, 2, 3, 3, 3, 3, 0, 3, 1, 3, 2, 1, 1, 3, 1, 0, 1, 3, 0, 0, 2, 3, 2, 1, 3, 3, 1, 1, 3, 3, 3, 3, 3, 0, 3, 3, 0, 3, 3, 0, 3, 3, 0, 3, 0, 1, 1, 3, 1, 0, 3, 0, 3, 3, 1, 1, 0, 0, 0, 0, 3, 1, 3, 3, 3, 3], "confidence_scores": [[0.22923849252204084, 0.08019407779494993, 0.04021239409924627, 0.6503550355837632], [0.3633596050860342, 0.09964616013845609, 0.018547919757999562, 0.5184463150175104], [0.09312598823765207, 0.6431404213753255, 0.06692917927700212, 0.19680441111002048], [0.08100863505969799, 0.5690346423633199, 0.06914395105373065, 0.2808127715232514], [0.13367457056548313, 0.1466148911146364, 0.006450154590550717, 0.7132603837293298], [0.056227209447800644, 0.33895812590152896, 0.0344516459535015, 0.5703630186971689], [0.11690611431192093, 0.4953498173160695, 0.048687711303388545, 0.33905635706862114], [0.16597760148454802, 0.4110171065566656, 0.2351214197375792, 0.18788387222120687], [0.8120915454722444, 0.0890350594388289, 0.013943168829570972, 0.08493022625935573], [0.022284930670657937, 0.43631769469321524, 0.2077724060478771, 0.3336249685882499], [0.33997986360224974, 0.11168633034592194, 0.03935293764626934, 0.508980868405559], [0.05901036072229357, 0.5673094727164943, 0.07764433465658899, 0.2960358319046229], [0.2118012872054586, 0.3149485891865472, 0.377257808028648, 0.09599231557934612], [0.09417643376401459, 0.5610667841586865, 0.16119059472266845, 0.18356618735463012], [0.17531740902265844, 0.0683259523612978, 0.051435189610228, 0.7049214490058159], [0.2746714902652693, 0.3181112646805133, 0.10468607751110352, 0.30253116754311377], [0.08105680110466884, 0.3013575601618722, 0.09930880111577985, 0.518276837617679], [0.03117158258186433, 0.1307862748095413, 0.5782690282611951, 0.2597731143473992], [0.09783028661143423, 0.3806689622222306, 0.3163052913217917, 0.20519545984454327], [0.63532043999262, 0.08814456508583247, 0.016679187245186584, 0.25985580767636113], [0.2030992734004557, 0.5287179924710261, 0.02999185033403884, 0.23819088379447953], [0.3133612210205747, 0.08298778907475764, 0.06739665797302005, 0.5362543319316472], [0.291055965499081, 0.3595146109957687, 0.011715857566101327, 0.3377135659390489], [0.038075681069530985, 0.7170634743698004, 0.01900265119636845, 0.22585819336430005], [0.35521145914240004, 0.07040212136360566, 0.2786897265037973, 0.29569669299019696], [0.14605809204279377, 0.7254812460118493, 0.024285921417774744, 0.10417474052758209], [0.46468338589071295, 0.1881643815198111, 0.19859685232556448, 0.1485553802639114], [0.3491530541246611, 0.34252406416049924, 0.028542244274414503, 0.2797806374404251], [0.2172696792819379, 0.2308813787559277, 0.01595267228982004, 0.5358962696723144], [0.0477934194579912, 0.7287087630102985, 0.08195238583799767, 0.14154543169371248], [0.54334010402673, 0.23273086261715967, 0.04640554555703261, 0.17752348779907784], [0.11047814660071745, 0.4666229585511844, 0.12836789996448822, 0.29453099488360956], [0.7741163072237178, 0.11787839778922664, 0.030421972430408575, 0.07758332255664704], [0.6563091287611792, 0.12596832962187815, 0.014710324660775268, 0.20301221695616742], [0.09616625122599626, 0.17858796931218024, 0.13500420088658474, 0.5902415785752387], [0.4205724231886518, 0.08030989628702154, 0.006921972639579627, 0.49219570788474726], [0.09361288858337022, 0.18966130654559168, 0.029865964590421984, 0.6868598402806161], [0.028705317861615287, 0.26919118388965657, 0.20126777967592346, 0.5008357185728045], [0.9031553781954224, 0.01849330515172492, 0.009924466864249403, 0.06842684978860344], [0.07897661719952032, 0.20180759082579738, 0.0022700126056657407, 0.7169457793690165], [0.16631593911730466, 0.18049290229719064, 0.1378594329209818, 0.5153317256645229], [0.11902661725858639, 0.6709549560471647, 0.07405531017178744, 0.1359631165224614], [0.25128314238903565, 0.12541224399250658, 0.09393954866135441, 0.5293650649571037], [0.29451176480601576, 0.5932380473887813, 0.017557035020908746, 0.09469315278429433], [0.37426433004880727, 0.1694847004293507, 0.006381294945116523, 0.4498696745767257], [0.6885969266825498, 0.04711236044121206, 0.04232289839505557, 0.2219678144811827], [0.18508370341446673, 0.6366560564636033, 0.05768138645093476, 0.12057885367099508], [0.10434840511593936, 0.1628875450404526, 0.04508402824138591, 0.6876800216022223], [0.14654715038228072, 0.05797375397523522, 0.13581167382267872, 0.6596674218198054], [0.6633905202541829, 0.004936607826398037, 0.0011697190698742475, 0.33050315284954473], [0.2030249849544806, 0.25269768582973284, 0.057052139564850966, 0.48722518965093536], [0.12630769437659392, 0.3658043494919746, 0.0970046804971868, 0.4108832756342448], [0.1594466355317999, 0.0708051292335253, 0.2401213387050831, 0.5296268965295918], [0.13823924362581697, 0.5045135467206888, 0.0767238675612376, 0.28052334209225677], [0.16385041102401107, 0.1637974270772973, 0.06912566305124765, 0.6032264988474437], [0.09036592718676957, 0.5401791555713369, 0.05432001087921877, 0.3151349063626749], [0.03884406867514343, 0.23937525639496446, 0.3716518691216999, 0.35012880580819206], [0.05972111773571483, 0.2987675618138907, 0.17473574789776078, 0.46677557255263347], [0.6546397759317986, 0.18739150031033855, 0.00590062133881626, 0.15206810241904625], [0.15945329559221624, 0.2022744924997202, 0.19235599027596573, 0.44591622163209793], [0.3484351800780578, 0.04045800222423587, 0.11146312571538973, 0.49964369198231656], [0.12029024709480453, 0.7401247405252271, 0.05043599031115801, 0.08914902206881], [0.09794693908993055, 0.5835464853460054, 0.08344120626290659, 0.2350653693011579], [0.2890027136813709, 0.32841782379487183, 0.2709795898039658, 0.11159987271979181], [0.5342093779264175, 0.25782051575238224, 0.02569553843666276, 0.18227456788453736], [0.09511998481364249, 0.17991941278414808, 0.3026322655973936, 0.42232833680481613], [0.3234362754014171, 0.10164527694719457, 0.2072527000888622, 0.3676657475625259], [0.20886263790748139, 0.5119430682991055, 0.16281614293023375, 0.11637815086317933], [0.0947332322420875, 0.40489498971399845, 0.10775266044152049, 0.39261911760239376], [0.11033177089389495, 0.4908761892854682, 0.08758843867546615, 0.31120360114517076], [0.6647307556349279, 0.07821945938163405, 0.04024423242027769, 0.21680555256316025], [0.7132379027287946, 0.05552089443733844, 0.12158931421859102, 0.10965188861527592], [0.26895557829776695, 0.346691839975742, 0.18162335460006493, 0.2027292271264263], [0.4032236126899093, 0.15225594410110113, 0.18590347535650167, 0.25861696785248833], [0.12032752862454568, 0.2688390217704485, 0.23944321106102504, 0.3713902385439805], [0.452290336036339, 0.3730314493538816, 0.0025325458674302754, 0.1721456687423491], [0.039994366668433895, 0.5986967579005008, 0.21788327744878117, 0.14342559798228455], [0.07708656725558566, 0.09169600108383384, 0.6815643528690091, 0.14965307879157166], [0.08100710999174005, 0.24675184116835552, 0.025329080006322575, 0.6469119688335819], [0.1810963324091604, 0.13452476928206383, 0.48921721126118095, 0.19516168704759446], [0.1567187870325674, 0.10589084363163163, 0.49431179412159365, 0.24307857521420725], [0.0823003054184759, 0.1994453294361215, 0.0780000505164694, 0.6402543146289332], [0.8631478646109715, 0.0814412515539464, 0.0010161944346707508, 0.05439468940041129], [0.35565954176469927, 0.11758452212708646, 0.04009884070062567, 0.48665709540758884], [0.10734158594338652, 0.4857049897346101, 0.1436523809044026, 0.2633010434176007], [0.2102563724210949, 0.2485402170330965, 0.0985661508941135, 0.44263725965169526], [0.07237393172794376, 0.1349884227097487, 0.7113365193724048, 0.08130112618990273], [0.3713435805661418, 0.4395005401493389, 0.01644950990475225, 0.1727063693797673], [0.041693857233974806, 0.49281316553489857, 0.14185417215533436, 0.3236388050757921], [0.20476747640197732, 0.1752336667770638, 0.043157000499976506, 0.5768418563209823], [0.33417169113933537, 0.3577622518707205, 0.23436868272529354, 0.07369737426465048], [0.8891280129002684, 0.05513931294934628, 0.00838853237500757, 0.04734414177537762], [0.012021845390820862, 0.8799245592253769, 0.06201360125610883, 0.04603999412769354], [0.09896875135782207, 0.36028374885103764, 0.17320032045949746, 0.36754717933164277], [0.4775441580194567, 0.17987880010756452, 0.09249413530644773, 0.2500829065665311], [0.6728347821325896, 0.08877341893150907, 0.01467904474919607, 0.22371275418670486], [0.25470031701532936, 0.09070140035432948, 0.5371333179237441, 0.11746496470659688], [0.04766066789456194, 0.12477232918040278, 0.4662282818251174, 0.36133872109991777], [0.008646834348234168, 0.17392858572015563, 0.7054147471079913, 0.11200983282361887], [0.3174385256225361, 0.4539803453046937, 0.05998525051654318, 0.16859587855622696], [0.03927207899848851, 0.019809571647630465, 0.00597978374112132, 0.9349385656127596], [0.15257467858551188, 0.35240443452203374, 0.07163127520349866, 0.4233896116889556], [0.1685962470124768, 0.32968047373944376, 0.4362137044088469, 0.06550957483923248], [0.21265807176504709, 0.5883322774353285, 0.02414445480986261, 0.1748651959897618], [0.20104064227190285, 0.4127022935683936, 0.03940885633013729, 0.3468482078295664], [0.03644727156898422, 0.38297472940880584, 0.17241085688896887, 0.4081671421332414], [0.3593005852414253, 0.19196090598332952, 0.03633804529553076, 0.4124004634797141], [0.09601802453410808, 0.1973237744771462, 0.4361322106052696, 0.27052599038347624], [0.2173952977537937, 0.005786645653402718, 0.0037090817334022625, 0.7731089748594012], [0.39379866591716844, 0.2989807172193316, 0.12442980374593089, 0.18279081311756906], [0.12095676876227027, 0.36489738678711003, 0.14709109764157724, 0.3670547468090427], [0.3389813268398051, 0.03990794058860785, 0.06593732100023404, 0.5551734115713529], [0.962595494123466, 0.002853290826413368, 0.0016394103847055077, 0.0329118046654152], [0.07959569407248832, 0.16954532978818607, 0.0495818747944206, 0.7012771013449053], [0.10333283585868575, 0.23378781165454732, 0.11796944467322348, 0.5449099078135433], [0.5236364303394155, 0.17134740875576288, 0.06313442334455818, 0.24188173756026352], [0.15217487517332995, 0.15774086789218628, 0.2852906571173411, 0.4047935998171425], [0.24425201289521845, 0.15025709102733378, 0.15755845733433735, 0.44793243874311073], [0.6842098426455633, 0.15855905871047118, 0.08652866703309828, 0.07070243161086712], [0.18330964697953575, 0.15774090642741076, 0.2649508857141492, 0.3939985608789045], [0.5828939563284352, 0.004493292989042004, 0.09911008580254473, 0.3135026648799782], [0.010238977218573727, 0.5387912387770718, 0.23179536092506697, 0.2191744230792873], [0.3829182030066822, 0.33313864487387046, 0.10743345260888962, 0.17650969951055806], [0.21642921052558894, 0.1494395355940843, 0.09543348770468219, 0.5386977661756442], [0.03944144397097597, 0.5959819080945479, 0.05308432389027878, 0.3114923240441975], [0.7690536768366371, 0.08721729139718898, 0.004969107226344266, 0.1387599245398297], [0.1825218194621748, 0.06083074076547368, 0.042005055057860584, 0.7146423847144912], [0.7410267286158828, 0.14190654966278865, 0.03629937500733751, 0.08076734671399101], [0.19215369523793102, 0.15972934655272547, 0.03887439206317617, 0.6092425661461673], [0.10649640841712953, 0.2545860257143397, 0.02840055467349838, 0.6105170111950325], [0.18696632030871035, 0.4949019283074549, 0.041216040433892286, 0.2769157109499424], [0.23093880003585607, 0.5515029460318612, 0.16806757658346935, 0.049490677348813385], [0.8358829530458645, 0.06919854825119988, 0.015512144576540553, 0.07940635412639498], [0.6008616402331283, 0.055558987674410046, 0.028493143889112723, 0.3150862282033491], [0.5250558758159091, 0.11106437195496185, 0.09585477685406385, 0.26802497537506503], [0.763392983095333, 0.06403640363742685, 0.04776326330809701, 0.12480734995914304], [0.013450672076637754, 0.44131644517538215, 0.02874182365701593, 0.5164910590909644], [0.061816624053341415, 0.471714086163128, 0.37286683861158576, 0.09360245117194488], [0.22229033683691884, 0.2760365818698888, 0.07439915832402734, 0.4272739229691653], [0.4224073354744261, 0.06837870152699296, 0.011719615549702118, 0.4974943474488788], [0.29320161764152525, 0.2661218033239309, 0.02752031092364926, 0.41315626811089456], [0.07673246275585763, 0.34229745648837107, 0.04070605001046703, 0.5402640307453046]]}, "rewritten": {"ids": ["97105451", "97106970", "97107920", "97116500", "98106560", "98107380", "98108370", "98109090", "98119591", "99107560", "99107950", "99108310", "99108520", "99109840", "99112840", "99120010", "100109311", "100109890", "100109910", "100111390", "100112060", "100113210", "100115700", "100120780", "101108121", "101108290", "101109000", "101109120", "101109370", "101114020", "101119591", "102108621", "102109910", "102112301", "102116500", "102121440", "103109641", "103109791", "103110100", "103110220", "103110760", "103118291", "103120730", "104111880", "104113190", "104114320", "104116441", "104117630", "104119340", "105112100", "105113170", "105113190", "105113210", "105113480", "105116860", "105118171", "105118230", "106113260", "106114011", "106115120", "106116820", "106117790", "106121190", "107112850", "107113130", "107113550", "107114140", "107114280", "107114321", "107115140", "107116340", "107117010", "107118490", "107118780", "107118820", "108114180", "108118301", "108120060", "108121190", "109113281", "109113931", "109114030", "109114220", "109115211", "109117110", "109121640", "110114610", "110116290", "110117200", "110118181", "110118450", "110118810", "110119300", "110119891", "110120531", "110120540", "110120700", "110121170", "110121450", "110121720", "111114171", "111115770", "111115780", "111116010", "111116090", "111116750", "111117120", "111118810", "111119150", "111119290", "111121410", "111121930", "112116290", "112116451", "112116501", "112116610", "112116800", "112117210", "112117580", "112118620", "112119120", "112119610", "112120630", "112120670", "112120700", "112121010", "112121351", "113118231", "113118490", "113118620", "113118870", "113120260", "113120280", "113120640", "113120751", "113120830", "113121190", "113121750", "113122150", "113122190", "113122220", "113122320"], "labels": [0, 2, 0, 2, 1, 1, 1, 1, 1, 1, 1, 2, 2, 2, 2, 2, 1, 3, 2, 2, 2, 0, 1, 1, 0, 0, 1, 1, 1, 3, 0, 3, 2, 1, 1, 2, 1, 3, 1, 2, 1, 0, 1, 3, 3, 2, 1, 0, 1, 1, 0, 3, 3, 0, 2, 3, 1, 3, 1, 1, 1, 1, 2, 1, 1, 0, 2, 3, 0, 0, 3, 1, 2, 1, 3, 1, 1, 1, 1, 0, 1, 1, 3, 0, 1, 0, 1, 2, 3, 1, 0, 1, 1, 3, 0, 1, 2, 2, 3, 3, 3, 3, 1, 1, 3, 3, 2, 0, 3, 3, 0, 1, 0, 0, 3, 1, 0, 1, 0, 3, 1, 0, 3, 2, 2, 2, 0, 3, 1, 3, 0, 3, 0, 0, 1, 3, 1, 0, 2, 1, 1, 1], "predicted_labels": [0, 2, 0, 1, 3, 0, 3, 3, 0, 1, 1, 1, 2, 3, 3, 3, 0, 0, 0, 3, 3, 3, 3, 0, 3, 3, 3, 3, 1, 0, 0, 3, 3, 3, 1, 0, 3, 0, 3, 3, 3, 3, 3, 3, 3, 3, 1, 3, 1, 3, 3, 3, 3, 1, 1, 0, 1, 1, 1, 3, 0, 3, 1, 1, 3, 3, 0, 1, 3, 3, 3, 1, 0, 3, 3, 1, 3, 0, 1, 3, 3, 0, 3, 0, 3, 3, 0, 0, 0, 1, 1, 0, 3, 1, 0, 1, 3, 3, 3, 3, 3, 0, 3, 1, 0, 0, 1, 0, 3, 3, 1, 1, 1, 0, 0, 0, 3, 3, 1, 3, 3, 1, 3, 3, 1, 3, 1, 1, 3, 3, 1, 3, 3, 0, 3, 2, 1, 1, 1, 1, 1, 3], "confidence_scores": [[0.5755917884329027, 0.1585509168370983, 0.026967065128414385, 0.23889022960158468], [0.011319495215757133, 0.14878869071053982, 0.8115748681723629, 0.028316945901340325], [0.9514317980334864, 0.004206356209336933, 0.002838106377640843, 0.04152373937953581], [0.13265088834145394, 0.21062808126078966, 0.4861280626487198, 0.17059296774903615], [0.03512494682623093, 0.10523847236624718, 0.44389289528891385, 0.41574368551860813], [0.7393084979370248, 0.0037926996242691694, 0.13059981688839445, 0.12629898555031205], [0.0804568938551122, 0.06038858403072222, 0.36805980660005233, 0.49109471551411316], [0.446136028851949, 0.0642275826844753, 0.11648680985326183, 0.37314957861031395], [0.4524820424351985, 0.056515612965904696, 0.37936439726339805, 0.11163794733549848], [0.16350235483888706, 0.5499271188162618, 0.159808861984873, 0.12676166435997804], [0.04098510442657522, 0.42459719445766536, 0.4225696031681468, 0.11184809794761251], [0.24287980746891075, 0.40889811590721287, 0.1763835177387211, 0.17183855888515526], [0.09555270063454242, 0.0579276553263083, 0.7179951448913338, 0.12852449914781522], [0.27146656135264297, 0.040660035853321765, 0.4244559677349371, 0.263417435059098], [0.06622691171041954, 0.22605202296902754, 0.3507604615376479, 0.35696060378290523], [0.20730253489467929, 0.23116067741187835, 0.3125068857558697, 0.24902990193757282], [0.7626499181532315, 0.04679651701275541, 0.01796468425490495, 0.17258888057910843], [0.43328809792712986, 0.19647185237017614, 0.09098844284677267, 0.2792516068559214], [0.38462500754973405, 0.09976103375745407, 0.26161971107122556, 0.25399424762158634], [0.4489848578736324, 0.05683169399806659, 0.09678757365073694, 0.39739587447756375], [0.10103428680126553, 0.30804727628569123, 0.26910056679980443, 0.32181787011323865], [0.07275523781327804, 0.2149131007875068, 0.076004736815617, 0.6363269245835986], [0.36283179818682953, 0.0801484282103336, 0.13579046597551725, 0.4212293076273194], [0.5727873499794363, 0.040502130280855926, 0.015652239353843345, 0.3710582803858644], [0.36250978486306434, 0.1478748018688787, 0.014166280047053956, 0.47544913322100263], [0.11395090543429988, 0.10063532231091511, 0.035917183110972375, 0.7494965891438128], [0.1591477738179603, 0.2233607653100002, 0.1686003679143163, 0.44889109295772334], [0.2598979142924728, 0.056721603360058104, 0.05431564288026351, 0.6290648394672056], [0.2655680675845289, 0.2672204926638033, 0.37548704801917854, 0.09172439173248899], [0.5651915779844304, 0.17946306050366523, 0.07446550994439499, 0.18087985156750955], [0.7405499960104426, 0.03675492139424149, 0.015144176863125889, 0.20755090573218968], [0.3059731766875202, 0.31170003594380136, 0.027346523875458037, 0.35498026349322004], [0.37826326176256303, 0.2008126009687068, 0.13242654162760364, 0.28849759564112654], [0.06687123069728136, 0.18072599079077334, 0.1061546544144474, 0.6462481240974979], [0.3062088621188796, 0.3630105805604721, 0.1547146703667569, 0.1760658869538914], [0.4177717844072736, 0.17142280439396954, 0.23751933050616478, 0.17328608069259208], [0.13943888556710213, 0.3863973098779191, 0.09943616097383291, 0.3747276435811458], [0.6947420142840002, 0.07638930551338088, 0.08188489927049065, 0.14698378093212797], [0.22583846528992682, 0.2225649639387957, 0.3320876450010575, 0.21950892577022027], [0.092318485086364, 0.35861650077360835, 0.2434826820932242, 0.30558233204680385], [0.09288458851002657, 0.16959482382389304, 0.2655937652466234, 0.4719268224194567], [0.2514395936762785, 0.17355389721090902, 0.015711317623922232, 0.5592951914888903], [0.07771790396730341, 0.36268407191242424, 0.0789734836293351, 0.4806245404909372], [0.10316303593935948, 0.16831465019640943, 0.05684736724590748, 0.6716749466183238], [0.08481183232301295, 0.33570472458687634, 0.022069086009033467, 0.5574143570810771], [0.2265747575126169, 0.3305750184894635, 0.13573475623196396, 0.3071154677659556], [0.04503375283936067, 0.7882323414598282, 0.04677775843986443, 0.11995614726094668], [0.34336961491709184, 0.14113641055978896, 0.04326112557047238, 0.472232848952647], [0.029106059255069386, 0.6137829963188004, 0.04768113209191264, 0.3094298123342176], [0.2937214562726214, 0.06292890525185875, 0.07180158274744908, 0.5715480557280705], [0.1196554960857569, 0.2531875563842507, 0.1765167198162842, 0.45064022771370793], [0.13992267305104875, 0.0302353089029124, 0.02495955643876665, 0.8048824616072725], [0.36094755556547975, 0.18302583950497522, 0.023450070123400578, 0.4325765348061442], [0.32146800317910673, 0.5175819116249335, 0.06295791852347248, 0.09799216667248735], [0.3270146249669465, 0.4239997508043074, 0.12201336971022232, 0.12697225451852373], [0.6532488073629606, 0.20273745061375797, 0.07059091852770587, 0.07342282349557559], [0.020916049409904568, 0.5254596360321424, 0.15462706149115818, 0.2989972530667946], [0.20651889573348145, 0.5209265174073731, 0.07686541184269116, 0.1956891750164545], [0.0883693859834313, 0.6009866585012933, 0.10714955213106427, 0.20349440338421101], [0.19366518705478605, 0.15569301800967064, 0.007809547996000186, 0.6428322469395427], [0.5511615060495432, 0.046940947684363445, 0.04755536486797374, 0.3543421813981198], [0.12127088735966861, 0.3637505169083506, 0.0744146712532305, 0.44056392447875], [0.022308794573463, 0.41974590122079336, 0.4906502087585183, 0.06729509544722544], [0.05378031323299842, 0.5433521230938936, 0.1745646415424682, 0.2283029221306396], [0.08562298226442074, 0.21562236751131575, 0.4397210828368776, 0.25903356738738625], [0.5128291612077727, 0.03634422610725573, 0.0879051426412589, 0.36292147004371283], [0.5399597674130195, 0.3746975808489772, 0.057710367833126684, 0.02763228390487634], [0.09944183085071105, 0.5677872407584175, 0.16016518242318123, 0.17260574596769052], [0.27041073001912397, 0.33237809077106034, 0.004864721046900126, 0.3923464581629155], [0.3076024716439512, 0.03086638871932523, 0.010051900655061514, 0.6514792389816619], [0.12898801737191884, 0.25354453100707797, 0.0861357742333453, 0.531331677387658], [0.14075515881705694, 0.607251937074699, 0.050707930379095184, 0.20128497372914844], [0.2747693540606802, 0.21704437635203905, 0.4448043187145238, 0.06338195087275704], [0.40943325755801224, 0.08968850295567969, 0.019050314495853298, 0.48182792499045485], [0.048465830021859085, 0.2597720716753514, 0.09808430879623337, 0.5936777895065561], [0.07832657256180091, 0.5643290555104187, 0.11023043554957748, 0.24711393637820292], [0.11772229464051116, 0.06389903926052419, 0.03368806935692587, 0.7846905967420389], [0.5893433455453632, 0.10853927612800242, 0.13656243189447256, 0.1655549464321616], [0.04792331736258936, 0.33876055687762185, 0.38379127718307604, 0.22952484857671257], [0.38662020232698546, 0.12537960266762965, 0.12239310865145667, 0.3656070863539285], [0.13762706703678346, 0.2808657599791867, 0.2174045269500561, 0.36410264603397363], [0.6135099441987174, 0.15808884976285745, 0.014459709234005863, 0.2139414968044196], [0.3659317152576299, 0.08683378229571427, 0.05220814136744208, 0.4950263610792142], [0.5347995683988992, 0.18328910926648767, 0.09702874224727664, 0.1848825800873361], [0.038941144780313186, 0.014459094909042096, 0.012407129451258748, 0.9341926308593863], [0.4173384728311178, 0.12984648555852554, 0.02018759406402254, 0.43262744754633436], [0.3950821372744274, 0.1974785360507529, 0.20676850797374408, 0.20067081870107592], [0.8003418168314368, 0.04716153296165361, 0.05073986368993669, 0.10175678651697258], [0.8230208309215442, 0.08792242064508381, 0.011016729605162668, 0.07804001882820921], [0.03849591697574442, 0.6308104205752764, 0.16876147629271282, 0.16193218615626623], [0.07744040493138657, 0.8098547985772506, 0.047574382501363505, 0.06513041398999937], [0.7370167605164419, 0.12556351326230739, 0.0439932822121519, 0.09342644400909887], [0.09720565304565935, 0.22226362314936782, 0.0196131990830494, 0.6609175247219237], [0.1693639242263897, 0.648906611783645, 0.015597928452846646, 0.16613153553711887], [0.9148272759849265, 0.05700880915012709, 0.0027290472766840555, 0.02543486758826231], [0.13837419974668744, 0.49700837556356975, 0.14432752712089367, 0.22028989756884892], [0.22355625203504248, 0.14684630230569146, 0.022055652794687436, 0.6075417928645784], [0.12709161888169498, 0.13809499416718923, 0.15045978399062832, 0.5843536029604874], [0.07820469118366473, 0.23458685970071563, 0.001954430285537576, 0.685254018830082], [0.14678883295683476, 0.2774465112970736, 0.10602410048770487, 0.4697405552583865], [0.2128009012803345, 0.31502798535506443, 0.04558207011716012, 0.4265890432474409], [0.5978300213431713, 0.21153140221622288, 0.08280723909373147, 0.10783133734687426], [0.20049915538286534, 0.16910157188168026, 0.28817751526398344, 0.3422217574714709], [0.08456792926274581, 0.3820578927977752, 0.38822912984784624, 0.14514504809163242], [0.6214690822814978, 0.17541860310525714, 0.03912347496716061, 0.16398883964608432], [0.8199480145350785, 0.04764726527644268, 0.012738566055040276, 0.11966615413343874], [0.14628117224162768, 0.4838624676982869, 0.06757931982927705, 0.30227704023080815], [0.6398787843203009, 0.10164174791251171, 0.0629269259757449, 0.1955525417914425], [0.25822751896367513, 0.37516182797364006, 0.02703856306715016, 0.3395720899955347], [0.07330678953974988, 0.23712475205479613, 0.2517196631356397, 0.4378487952698141], [0.162574707662724, 0.746554596299912, 0.04439995593539603, 0.04647074010196787], [0.29840536125390127, 0.30600716790774, 0.1846137874817698, 0.21097368335658892], [0.09466286900255548, 0.5074607686231882, 0.09272074165407346, 0.3051556207201828], [0.8493141345940262, 0.07687947718258385, 0.016300287022054605, 0.057506101201335334], [0.5337818471514302, 0.13680506106688345, 0.00462705002103271, 0.32478604176065384], [0.6687486229202936, 0.1107638338965918, 0.14135785206508636, 0.07912969111802852], [0.09329989765318158, 0.26310248747041437, 0.2534304750156855, 0.3901671398607186], [0.07214735779412643, 0.40687264671196316, 0.19908694282155787, 0.32189305267235235], [0.35552605992334346, 0.38982421616258195, 0.036315320755264086, 0.21833440315881045], [0.14171352185205432, 0.4128748447869743, 0.09554124596656224, 0.34987038739440923], [0.07110723927375193, 0.10997491990201971, 0.09974753196738449, 0.7191703088568437], [0.004546358653333967, 0.3088316483270842, 0.6273826795764947, 0.05923931344308728], [0.42696873373720756, 0.13056698817421702, 0.030362261762874317, 0.412102016325701], [0.17396513255193913, 0.2386099881171546, 0.040833872111381925, 0.5465910072195242], [0.052342717961762236, 0.6065429441734494, 0.02416701300516076, 0.3169473248596276], [0.06192760892940164, 0.24316873495991684, 0.4608027675797546, 0.2341008885309272], [0.12163285532127668, 0.6496858631111375, 0.09703329130786212, 0.1316479902597237], [0.10631035120145715, 0.265327710423517, 0.509402419119768, 0.11895951925525777], [0.04542810024202589, 0.030261125097469165, 0.01168973565919893, 0.9126210390013061], [0.10796493370196343, 0.384570418160642, 0.03614576064708553, 0.4713188874903089], [0.1153881054065546, 0.5607355092835525, 0.08511519067984614, 0.2387611946300469], [0.2509727602804455, 0.22404802772781743, 0.18485310781430989, 0.34012610417742684], [0.4744980370793452, 0.00658920753192554, 0.005054629615578839, 0.5138581257731502], [0.7956879483848246, 0.06335119617598377, 0.0015005184709424699, 0.13946033696824936], [0.5064636693534659, 0.0436625169174502, 0.010508512446594856, 0.439365301282489], [0.1542001421548091, 0.03712074555661105, 0.6168361608966418, 0.1918429513919381], [0.16617745706622986, 0.6365262195861969, 0.05763464250152949, 0.13966168084604358], [0.3885993601947301, 0.36967714884081937, 0.022939197180005377, 0.21878429378444503], [0.14743304738365623, 0.4280562377189719, 0.09803584297584082, 0.32647487192153124], [0.07296810567324812, 0.44541565747546813, 0.1630114629749841, 0.31860477387629943], [0.13081267201687702, 0.5180988517719413, 0.052425764632479575, 0.29866271157870206], [0.12722269547664672, 0.37791469938126565, 0.11813560771179422, 0.37672699743029325]]}}