{"test": {"ids": ["101111990", "102118380", "113119120", "102114270", "107118820", "112116401", "108118060", "104114320", "112120540", "105115380", "111116640", "101119030", "102112250", "105115680", "98107380", "107121640", "98108150", "109116441", "112120640", "110115980", "109121410", "112118471", "105112240", "97105451", "105112130", "110118111", "100116500", "105116860", "101117580", "106117790", "102110750", "103109021", "99109370", "99111620", "109116750", "97111790", "110120190", "111119950", "108117360", "101108370", "110121720", "106116441", "109117080", "103110050", "109121351", "98111860", "98109311", "111117480", "110118301", "104116980", "99105921", "98110680", "105120621", "109118231", "101108460", "113118620", "110115890", "100113370", "111119300", "97105580", "99111440", "106113830", "105110091", "112118581", "98120530", "113120601", "111116040", "100109890", "107113360", "106116120", "98107340", "109119591", "97116410", "102121440", "106118520", "111114321", "113122160", "98113881", "99114890", "103109791", "98116940", "112118930", "112117471", "101116130", "97107681", "99108890", "113117401", "101112690", "108115870", "113120591", "102110850", "108116481", "99107500", "100108520", "110115250", "110114920", "100111620", "111116170", "113121810", "100109910", "111115400", "97112300", "99109141", "108118520", "103112470", "106118161", "104113210", "101114990", "103120730", "103111540", "105112100", "107116980", "112119950", "105118171", "111120190", "109118701", "108120700", "106120640", "111119340", "112118550", "108114200", "97106600", "104113240", "104114240", "98110710", "101108500", "108116120", "111116750", "107113130", "112116610", "112117790", "107116501", "110118181", "111119930", "110118630", "104109311", "98112170", "111120531", "113120280", "110119030", "104113190", "111119580"], "labels": [2, 1, 3, 3, 3, 0, 1, 2, 3, 1, 0, 3, 0, 2, 1, 1, 0, 3, 0, 1, 0, 1, 1, 0, 1, 1, 2, 2, 3, 1, 1, 0, 1, 3, 0, 2, 3, 0, 1, 1, 3, 0, 1, 3, 0, 0, 1, 1, 1, 1, 1, 2, 1, 1, 0, 3, 2, 3, 1, 1, 3, 1, 0, 1, 1, 2, 0, 3, 0, 1, 0, 0, 3, 2, 2, 1, 3, 3, 2, 3, 2, 1, 3, 2, 3, 0, 3, 1, 3, 0, 3, 0, 0, 2, 1, 3, 3, 0, 2, 2, 0, 2, 3, 0, 1, 3, 3, 3, 1, 1, 1, 3, 0, 3, 3, 3, 2, 3, 3, 3, 0, 3, 2, 0, 2, 3, 1, 3, 1, 1, 3, 1, 1, 1, 1, 3, 3, 0, 0, 0, 3, 3], "predicted_labels": [1, 1, 0, 1, 1, 0, 3, 1, 3, 3, 3, 1, 0, 1, 0, 1, 1, 0, 0, 3, 1, 0, 1, 1, 3, 0, 3, 1, 3, 3, 1, 1, 1, 1, 3, 3, 3, 3, 3, 1, 3, 3, 1, 3, 0, 3, 1, 1, 0, 3, 1, 3, 0, 1, 3, 1, 1, 3, 1, 1, 3, 0, 1, 1, 3, 3, 3, 3, 0, 1, 1, 1, 1, 3, 1, 3, 1, 1, 1, 3, 1, 1, 1, 3, 0, 1, 0, 3, 3, 1, 1, 0, 1, 3, 3, 1, 3, 1, 1, 3, 1, 3, 0, 0, 1, 0, 3, 1, 1, 3, 3, 0, 0, 1, 3, 3, 0, 1, 1, 0, 1, 1, 1, 1, 2, 1, 0, 3, 1, 3, 3, 3, 1, 1, 3, 0, 3, 0, 0, 1, 1, 3], "confidence_scores": [[0.21042395741513406, 0.279220485070485, 0.23778621933621938, 0.2725693381781616], [0.21249905094905103, 0.28214007936507957, 0.2312827172827174, 0.2740781524031524], [0.2801047397047398, 0.25704563377798667, 0.18838784352902022, 0.2744617829882536], [0.21356994116994135, 0.28822831335331345, 0.23909598734598736, 0.2591057581307582], [0.2187856818018583, 0.2941660256410255, 0.1982844591682828, 0.2887638333888335], [0.3653305361305363, 0.20124987234987238, 0.1374626373626374, 0.2959569541569543], [0.2675533244533246, 0.2524802530802531, 0.18120243367743358, 0.29876398878898885], [0.22912535438417797, 0.3019874364197892, 0.2248598357524829, 0.24402737344355008], [0.26042472527472527, 0.2640642524142526, 0.1652576284826286, 0.3102533938283938], [0.21405111277611283, 0.261417526917527, 0.24132535242535252, 0.28320600788100786], [0.23970804946687302, 0.24373719417837084, 0.21588150183150195, 0.3006732545232546], [0.2478801365301367, 0.298207881007881, 0.2062507131757134, 0.24766126928626944], [0.29734739704739693, 0.23972427017427042, 0.18311413586413586, 0.27981419691419707], [0.1805069874569875, 0.32368878898878894, 0.2155752497502499, 0.28022897380397377], [0.3014906343656344, 0.19290660173160182, 0.25387335442335446, 0.2517294094794095], [0.1953955821955822, 0.28885336493571795, 0.24423010323010327, 0.27152094963859685], [0.22956221833721843, 0.26780869571604876, 0.2484530342206814, 0.2541760517260518], [0.3117720446220445, 0.2533483155733157, 0.12808883061383064, 0.30679080919080914], [0.32191244311244305, 0.2533772616272616, 0.17852794427794436, 0.24618235098235103], [0.2179604895104896, 0.2783248140748143, 0.22091608391608403, 0.28279861249861254], [0.19415687090687112, 0.37122030551148205, 0.1985117041455277, 0.2361111194361196], [0.2936682872682873, 0.2798933566433567, 0.1595122932622934, 0.26692606282606285], [0.19010978465978476, 0.3074950632700633, 0.215218575868576, 0.2871765762015761], [0.2704807858807857, 0.29316477966477966, 0.1753444832944834, 0.2610099511599513], [0.21392571317571324, 0.2868103174603177, 0.2119808635808637, 0.28728310578310573], [0.3091367407446352, 0.2442455018665546, 0.1512718754929282, 0.29534588189588207], [0.21213763458763468, 0.24958339981312122, 0.2644876680079469, 0.27379129759129756], [0.24459007659007684, 0.28943376068376064, 0.20651770451770457, 0.25945845820845814], [0.23753914418914437, 0.2843105838605837, 0.1823986957486957, 0.2957515762015762], [0.22043834776334806, 0.28060810578310574, 0.21223210678210694, 0.28672143967143987], [0.21501372793872803, 0.2911997197247198, 0.23676432178932189, 0.25702223054723083], [0.29470892995893, 0.2959537260125496, 0.16361069486069493, 0.24572664916782572], [0.2496116383616385, 0.3209726551226552, 0.19778470418470426, 0.23163100233100234], [0.1961559052059053, 0.3194561327561327, 0.22569231879231896, 0.25869564324564315], [0.25010992618492617, 0.25558011988011997, 0.22688760406260422, 0.2674223498723498], [0.25848878898878913, 0.2475392551892552, 0.20114629814629822, 0.2928256576756577], [0.2344324500662736, 0.26707399822399835, 0.20336902819402825, 0.2951245235156999], [0.258259548784549, 0.2108730896554429, 0.20625634088134095, 0.32461102067866776], [0.2093592796092797, 0.26554650627150633, 0.25352378177378176, 0.2715704323454324], [0.3094936258186259, 0.3139082056832057, 0.15288682428682424, 0.2237113442113443], [0.2723282245532247, 0.27134011544011566, 0.16386223776223785, 0.29246942224442213], [0.2546257464757465, 0.2815622183372184, 0.13628829781329785, 0.3275237373737375], [0.18223044733044733, 0.35030052610787893, 0.17841489703107372, 0.28905412953060017], [0.22495816128316137, 0.28794577644577657, 0.19334888444888446, 0.2937471778221778], [0.30409507437007427, 0.2666311827061828, 0.16504242424242424, 0.26423131868131877], [0.18627855477855476, 0.26744484959484965, 0.26116493506493516, 0.2851116605616605], [0.2665999666999668, 0.284870351870352, 0.1650127816627818, 0.2835168997668998], [0.23227183927183945, 0.3100846542346543, 0.1761925740925742, 0.28145093240093233], [0.30977822096204427, 0.2533150654900656, 0.16010506242123898, 0.27680165112665117], [0.20299070374070385, 0.2797805139305143, 0.23278413253413283, 0.28444464979464995], [0.24975499500499512, 0.3407211510711511, 0.17489206904206916, 0.23463178488178496], [0.24928436008436008, 0.24982933455433468, 0.23440934620934656, 0.26647695915195907], [0.3724064657564658, 0.24561219336219342, 0.12282741702741708, 0.2591539238539239], [0.24509428626928642, 0.3185777500277501, 0.17706235708735713, 0.2592656066156068], [0.25370447330447327, 0.2768944610944613, 0.18070419580419594, 0.28869686979686987], [0.22774717423099788, 0.2940521481786188, 0.2245257647581178, 0.25367491283226584], [0.20868638861138877, 0.29806529581529595, 0.19689458319458325, 0.2963537323787323], [0.20163872793872809, 0.28239598179598197, 0.22285372960372962, 0.2931115606615608], [0.22079065379065385, 0.34555775890775886, 0.1863938866688867, 0.24725770063270067], [0.22768093018093036, 0.33407559662559655, 0.20155698827316482, 0.23668648492030855], [0.20344516565306056, 0.28859880966986245, 0.20761374473479746, 0.3003422799422797], [0.2963598568098568, 0.23399761904761912, 0.17956910866910872, 0.2900734154734156], [0.27744762626434477, 0.30002000154987774, 0.13938690294913209, 0.2831454692366459], [0.19849844599844613, 0.3491323454323454, 0.1870354645354646, 0.2653337440337441], [0.2306156732156732, 0.25613917193917196, 0.2215975135975138, 0.2916476412476413], [0.21217978687978695, 0.2761241008991009, 0.22515601620601633, 0.2865400960150962], [0.24918968253968254, 0.2553441724941725, 0.1881479592303123, 0.3073181857358328], [0.3187531468531468, 0.19883492063492073, 0.16250680985680993, 0.31990512265512266], [0.3788057387057386, 0.22303685758685762, 0.14790888164123464, 0.25024852206616904], [0.22369022644022651, 0.2781429154179155, 0.24408394660894675, 0.2540829115329117], [0.1901885864135865, 0.2839000130588365, 0.2645278037751722, 0.26138359675240486], [0.259706304806305, 0.27705085470085483, 0.19244749694749697, 0.2707953435453435], [0.24757787212787236, 0.2830605211781683, 0.20397051086168744, 0.2653910958322725], [0.25391319579113714, 0.2527409432071198, 0.21301587987176226, 0.2803299811299812], [0.17941313131313133, 0.36806053946053907, 0.18771925851925864, 0.2648070707070708], [0.25080884115884133, 0.28100743700743697, 0.15722610722610722, 0.3109576146076146], [0.23252909312909323, 0.28360363247863263, 0.22341840659340667, 0.2604488677988679], [0.22990269175269185, 0.31192943722943745, 0.19593646353646368, 0.2622314074814077], [0.17341350871350875, 0.30541854256854256, 0.2492888278388279, 0.27187912087912075], [0.22453085248085258, 0.26672641247641266, 0.19427342379842383, 0.31446931124431116], [0.1879877269789035, 0.3752312524077231, 0.18369163059163063, 0.253089390021743], [0.2674030247530249, 0.29534012099012097, 0.1954935397935399, 0.2417633144633145], [0.24579541096158755, 0.3121971056721056, 0.17596527557409916, 0.26604220779220794], [0.21971206060021845, 0.28048352203352206, 0.20554446272681573, 0.294259954639444], [0.3178888389388387, 0.2806772802361037, 0.1570820956820958, 0.24435178514296169], [0.21368821178821187, 0.3048722582972582, 0.23451425518925545, 0.24692527472527484], [0.2991138916638922, 0.2783092074592076, 0.14746903651903662, 0.27510786435786444], [0.24851461871461875, 0.2735740165063695, 0.20338060664825386, 0.2745307581307582], [0.2708098623598623, 0.2519192085692087, 0.1869486846486847, 0.29032224442224436], [0.2431373404373405, 0.2858569308142838, 0.20011022147786858, 0.2708955072705073], [0.24126031811325926, 0.3082369610781376, 0.19970379473467725, 0.250798926073926], [0.311491353091353, 0.26601966921966924, 0.14936037296037302, 0.2731286047286048], [0.2549300865800867, 0.3207089244089244, 0.19690046065046074, 0.22746052836052844], [0.20761171606171622, 0.2410999278499279, 0.2755260184260183, 0.2757623376623376], [0.25886819262608746, 0.2637176019886547, 0.19596047578152845, 0.2814537296037297], [0.26277639305139305, 0.2910209068709069, 0.18124064824064837, 0.2649620518370519], [0.23084838772338775, 0.2515807747807748, 0.2353250333000335, 0.2822458041958044], [0.30183590853590864, 0.30209774669774675, 0.14542296037296046, 0.25064338439338446], [0.1880659174159176, 0.30632725052725057, 0.25673446830946833, 0.24887236374736388], [0.21646068849451214, 0.22785800033300033, 0.25493343878343877, 0.300747872389049], [0.2240742229992231, 0.27109192196692206, 0.24656052281052285, 0.2582733322233324], [0.22631817451554304, 0.2629155844155846, 0.22084065934065938, 0.2899255817282133], [0.28751959151959156, 0.257186408036408, 0.17475821400821412, 0.2805357864357866], [0.2863098623598624, 0.2689608669108669, 0.16286976911976922, 0.2818595016095017], [0.2503986235986237, 0.2717715451215451, 0.21362275698158054, 0.2642070742982507], [0.3401775835275833, 0.24524631871396588, 0.15127851951969606, 0.263297578238755], [0.265198527289704, 0.2192681762681763, 0.18562750223632585, 0.32990579420579436], [0.18455153735153737, 0.3296233044733045, 0.23139990564990576, 0.2544252525252525], [0.25739608789902924, 0.27139031964767263, 0.20103867292837885, 0.2701749195249197], [0.21759086469086464, 0.24235504854622505, 0.21614735264735274, 0.3239067341155578], [0.2485354284604285, 0.2805847874347874, 0.18757233322233316, 0.2833074508824508], [0.3320728513316745, 0.2723255078255079, 0.11999186450804096, 0.27560977633477657], [0.29598352203352213, 0.2274872460872462, 0.1827930347430348, 0.29373619713619725], [0.2790667574255812, 0.28919207459207463, 0.14837988482106132, 0.28336128316128345], [0.2590231102231103, 0.25181458541458546, 0.21413682036917336, 0.27502548399313104], [0.2592881035631036, 0.2717915584415587, 0.16988341103341106, 0.29903692696192674], [0.3387030081030082, 0.26473160173160176, 0.16968759018759028, 0.22687779997780005], [0.19481146549528922, 0.30831510597245915, 0.22412506219270917, 0.27274836633954286], [0.1961083638583639, 0.2856913253413254, 0.24162741702741705, 0.2765728937728939], [0.2987777389277389, 0.23192051837051847, 0.19453105783105795, 0.2747706848706849], [0.20719154179154198, 0.31799695304695286, 0.21652793317793323, 0.25828357198357205], [0.28308822288822283, 0.2882778832278833, 0.19293641913641923, 0.23569747474747488], [0.19908881118881142, 0.31415304140304123, 0.22525491175491208, 0.2615032356532358], [0.25685762293262304, 0.294609632034632, 0.21374554889554903, 0.23478719613719626], [0.18055994005994006, 0.26538312798312813, 0.31315403126285496, 0.2409029006940773], [0.17802490564990572, 0.30982205572205573, 0.24557839382839403, 0.26657464479964493], [0.33652000581118224, 0.21248235375735375, 0.20574273781773797, 0.2452549026137264], [0.29588807826160773, 0.22745288600288616, 0.17105257830404896, 0.3056064574314575], [0.18887234987235005, 0.308551799834153, 0.22250440507205224, 0.2800714452214453], [0.23799740455622823, 0.2646146409146411, 0.20733547008547024, 0.29005248444366094], [0.28571992451992456, 0.22176025641025646, 0.16029722499722507, 0.33222259407259414], [0.28983848373848387, 0.2749007956096192, 0.13614361553479204, 0.2991171051171051], [0.2478447274947275, 0.31041626151626134, 0.1830455072705074, 0.2586935037185039], [0.20803340825840838, 0.31676262626262636, 0.20980048562548584, 0.2654034798534798], [0.22809128094128098, 0.27002284104784097, 0.19201632534132548, 0.30986955266955263], [0.30331195471195477, 0.2746444361194361, 0.15015596625596628, 0.27188764291264295], [0.2950197247197247, 0.19115432900432905, 0.20454059274059286, 0.3092853535353536], [0.2930090354090355, 0.2702704395277925, 0.1616153207903209, 0.2751052042728513], [0.3146611968097264, 0.23116300921300934, 0.16737738960386025, 0.28679840437340437], [0.20989452491952507, 0.3226689663277898, 0.19660666637284294, 0.27082984237984253], [0.22441358445476106, 0.33155294182941236, 0.1938947635697635, 0.25013871014606315], [0.29989415584415585, 0.2373316980405216, 0.16180622514740167, 0.30096792096792097]]}, "rewritten": {"ids": ["97105451", "97105580", "97106600", "97107681", "97111790", "97112300", "97116410", "98107340", "98107380", "98108150", "98109311", "98110680", "98110710", "98111860", "98112170", "98113881", "98116940", "98120530", "99105921", "99107500", "99108890", "99109141", "99109370", "99111440", "99111620", "99114890", "100108520", "100109890", "100109910", "100111620", "100113370", "100116500", "101108370", "101108460", "101108500", "101111990", "101112690", "101114990", "101116130", "101117580", "101119030", "102110750", "102110850", "102112250", "102114270", "102118380", "102121440", "103109021", "103109791", "103110050", "103111540", "103112470", "103120730", "104109311", "104113190", "104113210", "104113240", "104114240", "104114320", "104116980", "105110091", "105112100", "105112130", "105112240", "105115380", "105115680", "105116860", "105118171", "105120621", "106113830", "106116120", "106116441", "106117790", "106118161", "106118520", "106120640", "107113130", "107113360", "107116501", "107116980", "107118820", "107121640", "108114200", "108115870", "108116120", "108116481", "108117360", "108118060", "108118520", "108120700", "109116441", "109116750", "109117080", "109118231", "109118701", "109119591", "109121351", "109121410", "110114920", "110115250", "110115890", "110115980", "110118111", "110118181", "110118301", "110118630", "110119030", "110120190", "110121720", "111114321", "111115400", "111116040", "111116170", "111116640", "111116750", "111117480", "111119300", "111119340", "111119580", "111119930", "111119950", "111120190", "111120531", "112116401", "112116610", "112117471", "112117790", "112118471", "112118550", "112118581", "112118930", "112119950", "112120540", "112120640", "113117401", "113118620", "113119120", "113120280", "113120591", "113120601", "113121810", "113122160"], "labels": [0, 1, 3, 3, 2, 2, 3, 0, 1, 0, 1, 2, 2, 0, 3, 3, 2, 1, 1, 0, 0, 3, 1, 3, 3, 2, 2, 3, 2, 3, 3, 2, 1, 0, 3, 2, 1, 3, 2, 3, 3, 1, 3, 0, 3, 1, 2, 0, 3, 3, 1, 1, 1, 3, 3, 3, 2, 0, 2, 1, 0, 1, 1, 1, 1, 2, 2, 3, 1, 1, 1, 0, 1, 3, 2, 3, 1, 0, 1, 3, 3, 1, 0, 3, 1, 0, 1, 1, 0, 2, 3, 0, 1, 1, 3, 0, 0, 0, 3, 1, 2, 1, 1, 1, 1, 1, 0, 3, 3, 1, 0, 0, 0, 0, 3, 1, 1, 3, 3, 1, 0, 3, 0, 0, 1, 3, 3, 1, 3, 1, 1, 0, 3, 0, 3, 3, 3, 0, 0, 2, 2, 3], "predicted_labels": [1, 1, 0, 0, 1, 3, 3, 3, 0, 1, 0, 1, 1, 3, 3, 0, 1, 3, 1, 1, 1, 0, 1, 3, 1, 1, 3, 0, 3, 0, 3, 1, 0, 3, 1, 1, 1, 1, 1, 3, 1, 1, 3, 3, 2, 3, 1, 0, 0, 1, 0, 3, 0, 0, 1, 0, 1, 1, 0, 1, 0, 3, 1, 1, 3, 3, 1, 0, 0, 0, 1, 0, 1, 0, 1, 1, 1, 0, 0, 0, 1, 1, 1, 3, 0, 0, 2, 3, 1, 0, 0, 3, 1, 1, 1, 0, 0, 3, 0, 1, 1, 3, 0, 1, 0, 3, 1, 0, 1, 3, 3, 3, 0, 3, 3, 1, 1, 3, 0, 3, 3, 0, 1, 0, 3, 1, 0, 0, 3, 1, 3, 3, 3, 0, 0, 0, 3, 0, 0, 1, 1, 3], "confidence_scores": [[0.3070371137032902, 0.3296162135250371, 0.1291969558219559, 0.23414971694971703], [0.23380924908424922, 0.3441315592903828, 0.18845664303017257, 0.23360254859519577], [0.30409187756687767, 0.27513982683982685, 0.18285778110778117, 0.23791051448551448], [0.30272604442341283, 0.27180951723714897, 0.1511934287934288, 0.27427100954600975], [0.24724890109890127, 0.25732163114663104, 0.252178996003996, 0.24325047175047182], [0.2378733953181323, 0.2646451104451107, 0.22135868020868027, 0.27612281402807715], [0.25309452769452767, 0.23820607007371727, 0.21922393325628642, 0.2894754689754691], [0.21384715007215022, 0.26401728271728264, 0.2555548451548453, 0.26658072205572214], [0.30445604673104665, 0.18883893328893325, 0.2316480685980687, 0.27505695138195135], [0.2450902902652905, 0.2675643035069506, 0.22761952851070513, 0.2597258777170542], [0.3124795704295707, 0.29596284271284273, 0.16218745698745712, 0.22937012987012975], [0.2446208902208903, 0.2802086191586191, 0.2536530358530361, 0.22151745476745482], [0.19535590993973354, 0.27529620657120657, 0.2711588911088911, 0.2581889923801689], [0.2012342712842715, 0.26548448773448774, 0.2553687479187481, 0.2779124930624931], [0.277667957042957, 0.19615396825396827, 0.23485018037518055, 0.29132789432789424], [0.29470387945387955, 0.2665393328893331, 0.17670986790986795, 0.26204691974691985], [0.2259393883893884, 0.3402646325896326, 0.18739731934731946, 0.24639865967365981], [0.24586256243756255, 0.26992673143849594, 0.211823118711354, 0.2723875874125874], [0.2730871128871126, 0.29696521256521274, 0.19485917970917987, 0.23508849483849487], [0.18572398712398713, 0.3325403753539201, 0.2502062530177084, 0.23152938450438454], [0.2033389665889667, 0.34075189255189264, 0.23910924075924087, 0.2167999000999002], [0.40516643911643907, 0.2486562659562661, 0.12980843045843046, 0.21636886446886452], [0.22196772116772126, 0.3132438450438451, 0.22258268398268408, 0.24220574980574977], [0.25757432012432024, 0.2662694232667918, 0.20155458605721782, 0.2746016705516705], [0.20490094905094908, 0.30838480408480407, 0.21649375624375639, 0.27022049062049086], [0.21593033910533926, 0.3018996891996891, 0.20709823232323252, 0.2750717393717394], [0.23820445387945388, 0.20917849095349095, 0.257942823842824, 0.2946742313242314], [0.3205428609402295, 0.23771875346875349, 0.178262370962371, 0.26347601462864617], [0.25118512598512593, 0.23748575313575318, 0.23296209901209933, 0.27836702186702206], [0.26789180819180824, 0.2349968781218783, 0.23154655344655345, 0.2655647602397602], [0.2189677877677878, 0.278355106005106, 0.21780411810411812, 0.28487298812298845], [0.23712829947829947, 0.2639511433011435, 0.237099494949495, 0.26182106227106244], [0.3737229437229437, 0.2574262404262404, 0.12390528360528369, 0.24494553224553234], [0.2654515373515374, 0.2655965256965258, 0.19741199911199928, 0.27153993783993774], [0.21138185703185713, 0.2856484590572824, 0.24287103256220902, 0.2600986513486515], [0.20986504965622627, 0.2894208458208457, 0.24623807858807867, 0.25447602593484947], [0.21374294039294037, 0.2800120537958772, 0.2314605597017364, 0.2747844461094461], [0.20601330695448347, 0.29809853479853493, 0.22273173493173498, 0.27315642331524703], [0.24681071472387262, 0.28567034632034644, 0.19089011544011564, 0.27662882351566564], [0.2347384060384061, 0.25453393828393833, 0.22428025308025323, 0.2864474025974026], [0.23630991230991225, 0.29342974802974814, 0.1816281385281385, 0.288632201132201], [0.21221901154401163, 0.26901718004218, 0.25765057997558, 0.2611132284382286], [0.2139189033189034, 0.26605457320457343, 0.23733537573537575, 0.28269114774114773], [0.3106229513176881, 0.21373426295926304, 0.15949162504162506, 0.3161511606814239], [0.1847943806193806, 0.2811178765678767, 0.28135814185814184, 0.2527296009546009], [0.22500528915528928, 0.2546668942168943, 0.2431193362193363, 0.27720848040848045], [0.2628818625818626, 0.2818159951159952, 0.2330844766344767, 0.22221766566766588], [0.3311959293974, 0.304572948130301, 0.14245876149993802, 0.2217723609723611], [0.2747692696192697, 0.26268847818847835, 0.19262803585303584, 0.2699142163392164], [0.2175336607836608, 0.29846863691863695, 0.21750544455544463, 0.26649225774225777], [0.2645239447686818, 0.26224920079920083, 0.21432587412587412, 0.2589009803062435], [0.2501173021423023, 0.26803996003996006, 0.21054067876567878, 0.2713020590520592], [0.286822100775042, 0.24754839768075076, 0.18233018027723918, 0.28329932126696844], [0.28864663114663114, 0.2730020257520258, 0.16066520146520144, 0.27768614163614175], [0.26948931346431343, 0.3267852869352867, 0.16803049450549454, 0.235694905094905], [0.31821972945355304, 0.21618921438039088, 0.1979230685980687, 0.26766798756798765], [0.21628332223332236, 0.30945903540903524, 0.22341705516705532, 0.25084058719058727], [0.23614126429126442, 0.2985688644688645, 0.20883246753246756, 0.2564574037074036], [0.26652021312021323, 0.2518240981240982, 0.22260760350760364, 0.2590480852480853], [0.20458363858363873, 0.3080484368572603, 0.20962205931323596, 0.2777458652458653], [0.2767745004995006, 0.2620633330721568, 0.18723494087611742, 0.27392722555222565], [0.26452388444888464, 0.24898450438450445, 0.20245677100677098, 0.2840348401598402], [0.23870522985786144, 0.2876088855588857, 0.23238753746253743, 0.2412983471207157], [0.19297419443301808, 0.3408482905982907, 0.2025580031080032, 0.26361951186068827], [0.20379015510633167, 0.269040304466775, 0.22726403041403054, 0.2999055100128629], [0.15863306138306144, 0.2505675185925186, 0.2732682900432902, 0.31753112998112987], [0.254958374958375, 0.33638065823065805, 0.1882815517815518, 0.2203794150294151], [0.38137279028161397, 0.24849506604506622, 0.14257974052091701, 0.22755240315240333], [0.34172242202242215, 0.23783273948273953, 0.15510167055167062, 0.26534316794316787], [0.28103852177234545, 0.2757649850149852, 0.167213974913975, 0.27598251829869497], [0.243508658008658, 0.28087017427017424, 0.19873648573648584, 0.276884681984682], [0.2895656343656345, 0.27195683205683213, 0.1733956210456211, 0.26508191253191266], [0.2167049866799868, 0.30069509759246615, 0.22480772736035898, 0.2577921883671885], [0.3219503635253636, 0.24904314296814303, 0.14075578588078586, 0.2882507076257077], [0.2791395604395605, 0.30583169608169614, 0.18210374347874353, 0.23292500000000002], [0.21237462178344546, 0.3032264252087781, 0.22525188814453517, 0.25914706486324146], [0.22133778084660466, 0.29158900368637203, 0.2417645871672188, 0.24530862829980482], [0.3855767787767786, 0.19697480297480302, 0.16411353809589102, 0.2533348801525272], [0.33222666777666776, 0.2632147963147965, 0.12107672327672324, 0.2834818126318127], [0.32045328756211106, 0.26080593850593864, 0.1647596966758732, 0.2539810772560773], [0.2042671876369245, 0.29801026473526443, 0.21477490842490843, 0.2829476392029024], [0.22573096903096906, 0.2627077494401025, 0.2518721650898123, 0.2596891164391167], [0.23143960483960496, 0.2753757353757354, 0.22222142857142865, 0.2709632312132314], [0.2795488483738484, 0.22397922355422356, 0.19986426351426362, 0.29660766455766463], [0.40519875124875143, 0.17721172161172163, 0.16172713952713955, 0.2558623876123876], [0.3435372072372074, 0.24419040959040975, 0.1477270285270285, 0.2645453546453548], [0.22270954600954607, 0.2485854664942901, 0.2650152847152849, 0.2636897027808794], [0.25133725996226003, 0.2505930902430903, 0.18237378732378737, 0.31569586247086245], [0.25165016290898645, 0.28213211788211795, 0.19291334580452243, 0.2733043734043737], [0.3328410311910312, 0.2855130647130648, 0.17921267066267077, 0.20243323343323352], [0.38895308580308574, 0.23348675213675218, 0.10485692085692086, 0.27270324120324135], [0.27272448662448673, 0.2428718614718616, 0.2073090742590743, 0.2770945776445776], [0.21327456709956713, 0.31811836219336226, 0.1719863791437322, 0.29662069156333865], [0.3074368239603534, 0.3151476329226329, 0.1524939064203771, 0.2249216366966368], [0.26754971972471986, 0.3030830744418982, 0.14055029496647142, 0.2888169108669107], [0.31519324564324575, 0.24569562659562655, 0.17461045621045637, 0.2645006715506714], [0.3209869491619491, 0.28655468420468433, 0.16750075480075485, 0.22495761183261198], [0.22938401957519614, 0.2898797924297927, 0.18906239903886968, 0.291673788956142], [0.3014139027639028, 0.30025694860694846, 0.13667299922299928, 0.26165614940614956], [0.2633295645874593, 0.30060276959882226, 0.17530981810587085, 0.2607578477078477], [0.23520574980575, 0.293580303030303, 0.18492745195980503, 0.28628649520414223], [0.25259560994561003, 0.26248869741369746, 0.21457817737817747, 0.27033751526251537], [0.33608570041070046, 0.2591688145188145, 0.14937665945165937, 0.2553688256188258], [0.25113977395153875, 0.3656760608672374, 0.1574789648260237, 0.22570520035520036], [0.30507602952602964, 0.25764815462315466, 0.16444854589854593, 0.2728272699522701], [0.25277189754689766, 0.22957623291740947, 0.22202005967888339, 0.29563180985681003], [0.20652467532467542, 0.2926850427350427, 0.2167094294594295, 0.28408085248085274], [0.2825418767507005, 0.26479740259740264, 0.1812289321789322, 0.27143178847296495], [0.24552963147963167, 0.30367659562659577, 0.18324701409701413, 0.2675467587967589], [0.28728831168831165, 0.27312965367965375, 0.14277308802308802, 0.29680894660894663], [0.2457818792318794, 0.26316250416250414, 0.2086631923631925, 0.2823924242424244], [0.2667723165723166, 0.2528472249972251, 0.18607893381128687, 0.29430152461917164], [0.33216960539460527, 0.2405192474192475, 0.19366901986902008, 0.2336421273171274], [0.231651045359869, 0.25373084301319626, 0.2280704481792717, 0.2865476634476635], [0.26063076572550264, 0.23620823065823088, 0.20111525974025976, 0.302045743876007], [0.23110193727840794, 0.29311916776034436, 0.19350799919035222, 0.2822708957708958], [0.2132545593295595, 0.3664188589188588, 0.17407279942279955, 0.24625378232878237], [0.20698316324198685, 0.2718529526029527, 0.22670690975690988, 0.2944569743981509], [0.32148580863580856, 0.21077767232767242, 0.1498862692862693, 0.3178502497502496], [0.19971378241641408, 0.26850376845376855, 0.20704103951603967, 0.32474140961377806], [0.28467536630036655, 0.20079028194028198, 0.2027267676767677, 0.3118075840825841], [0.28001742979242983, 0.2663108594020361, 0.18474470447852803, 0.26892700632700645], [0.2648757131757132, 0.2932879112717347, 0.1689887509549275, 0.2728476245976246], [0.3401762515262516, 0.21888116328116344, 0.15095138195138202, 0.2899912032412032], [0.2376314380064381, 0.24601773504273516, 0.243753021978022, 0.27259780497280506], [0.2930275335775336, 0.31421425518925516, 0.13032554112554123, 0.26243267010767024], [0.30997630147630134, 0.24679471639471645, 0.14217275502275512, 0.30105622710622726], [0.3198068958818958, 0.2554272152683917, 0.14502475498357859, 0.27974113386613403], [0.2681435564435564, 0.2463590742590743, 0.2142146159396159, 0.2712827533577534], [0.21077023532023548, 0.31674300144300144, 0.19741972341384123, 0.2750670398229223], [0.24577821622821636, 0.2597185481185483, 0.23343063048063067, 0.26107260517260517], [0.29566032301032313, 0.2190639360639362, 0.1652889665889667, 0.3199867743367743], [0.2470999833499834, 0.281831637806638, 0.18598575036075032, 0.28508262848262855], [0.30749167776667774, 0.23869314019314014, 0.18431666111666126, 0.2694985209235209], [0.311489343989344, 0.28103413808413835, 0.1460619896443425, 0.2614145282821753], [0.2930772456301868, 0.2590630516542281, 0.1999825520884346, 0.24787715062715068], [0.26950468420468415, 0.2600601787101789, 0.1490662504162505, 0.32136888666888674], [0.35089554024406977, 0.20331129981129986, 0.16519314606961671, 0.2806000138750139], [0.3538258103008104, 0.24967078199578205, 0.16240228937728943, 0.23410111832611835], [0.28234181374181383, 0.2858471944721946, 0.16984984900720207, 0.26196114277879], [0.23508769008769023, 0.3184456404706404, 0.2056321650571651, 0.24083450438450452], [0.21549301531801549, 0.26573174325674354, 0.23058576423576438, 0.28818947718947713]]}}