{"test": {"ids": ["105113440", "98106111", "106117790", "111117480", "109116040", "109120540", "113120591", "111115620", "97106820", "103118110", "99108890", "111117000", "107113840", "104113380", "113118111", "108115880", "99109370", "102112301", "110119300", "113122320", "108119510", "111114121", "101119030", "108115970", "112120270", "99112300", "111117200", "109117600", "112116640", "112117790", "108116481", "111118910", "102117351", "107116300", "113122150", "113121950", "109117080", "99108310", "107121230", "98112170", "102110750", "108118520", "113122190", "108115250", "112120640", "107116501", "112121410", "111119340", "99112531", "98106560", "110117200", "99109740", "109117110", "110118930", "113118870", "109118231", "104113210", "98108150", "105112240", "107116340", "112120290", "100111270", "109117630", "107120130", "101112201", "111116110", "105116860", "110113591", "103110760", "105113190", "99107560", "113121410", "103110220", "103118291", "107112840", "99108710", "105113480", "113119700", "110120560", "110117500", "99117630", "107113200", "109119340", "100120780", "100109801", "99109161", "106113830", "110117140", "110116501", "110118301", "113119120", "99108080", "107118780", "112119120", "112116610", "107113180", "104109311", "101108121", "106120640", "111119930", "113120531", "104116980", "108118810", "108120060", "112116810", "110121450", "111115770", "113118820", "109119450", "112117210", "105119950", "101114020", "105118171", "108120260", "100109330", "100111380", "97105580", "112118860", "109119010", "109116930", "109119460", "109116170", "98111860", "107113260", "104118340", "105116441", "103110100", "105115250", "112118550", "112117431", "100115700", "110115890", "112117461", "108114270", "108120621", "110113931", "100113370", "111120280", "105115680", "113122170", "110120700", "111120220"], "labels": [0, 0, 1, 1, 0, 1, 0, 1, 1, 2, 0, 0, 3, 1, 1, 3, 1, 1, 1, 1, 1, 0, 3, 2, 0, 0, 0, 1, 0, 3, 0, 0, 1, 0, 2, 3, 1, 2, 0, 3, 1, 0, 1, 1, 0, 1, 0, 3, 3, 1, 3, 3, 1, 1, 0, 1, 3, 0, 1, 3, 1, 2, 0, 2, 0, 3, 2, 0, 1, 3, 1, 0, 2, 0, 1, 2, 0, 0, 0, 1, 3, 0, 3, 1, 0, 3, 1, 3, 3, 1, 3, 3, 1, 1, 1, 3, 3, 0, 3, 1, 0, 1, 1, 1, 3, 3, 3, 0, 3, 1, 3, 3, 3, 1, 0, 3, 1, 3, 3, 0, 1, 0, 0, 0, 2, 1, 1, 2, 3, 0, 1, 2, 0, 3, 1, 1, 3, 0, 2, 1, 2, 3], "predicted_labels": [3, 1, 2, 3, 3, 3, 0, 0, 3, 3, 1, 3, 1, 1, 3, 0, 3, 1, 0, 3, 2, 1, 3, 1, 2, 2, 3, 0, 0, 3, 3, 3, 3, 3, 3, 2, 1, 3, 3, 0, 2, 2, 2, 2, 2, 3, 1, 0, 0, 1, 0, 2, 3, 3, 1, 1, 3, 1, 1, 3, 2, 2, 1, 2, 1, 3, 0, 3, 1, 0, 1, 3, 3, 0, 0, 1, 3, 1, 3, 0, 1, 0, 1, 3, 3, 0, 3, 3, 1, 1, 3, 0, 3, 3, 3, 3, 3, 0, 1, 0, 3, 3, 3, 2, 0, 0, 3, 0, 3, 2, 1, 3, 3, 3, 1, 0, 0, 1, 3, 2, 1, 3, 2, 1, 1, 1, 0, 1, 3, 0, 1, 1, 3, 3, 1, 1, 2, 3, 1, 1, 3, 1], "confidence_scores": [[0.2128328706677688, 0.27765375558128075, 0.22975869022842652, 0.27975468352252403], [0.23184668804859898, 0.28892484211125685, 0.21745293336840812, 0.261775536471736], [0.12148220819044937, 0.29352320505494084, 0.3462245961167802, 0.23876999063782947], [0.3199242753074997, 0.24227495607025595, 0.12676278241419958, 0.3110379862080448], [0.3061861973973232, 0.20426461649715566, 0.1851672448539332, 0.3043819412515881], [0.29239173492984705, 0.27017400026903304, 0.12799998155122516, 0.30943428324989475], [0.3168424472309051, 0.26707770427220473, 0.10268454535869223, 0.313395303138198], [0.3411139751222379, 0.23215878771749204, 0.1648353905679875, 0.26189184659228265], [0.25463732393960425, 0.2702802502892807, 0.14893182535225263, 0.3261506004188625], [0.16747221976626775, 0.2673918543441515, 0.2241468121680875, 0.3409891137214932], [0.08707241881810171, 0.33429954820146446, 0.21914120016610372, 0.3594868328143301], [0.15944940809545596, 0.2920336027161929, 0.2272846792982302, 0.32123230989012114], [0.20995448155573576, 0.27793575129605874, 0.1988505908206058, 0.31325917632759986], [0.1400083537002542, 0.29153146712443256, 0.2844543973616177, 0.2840057818136956], [0.17781542071731254, 0.3085841843137833, 0.15591392943624066, 0.35768646553266364], [0.30890341983113473, 0.2581268192682866, 0.14038353555424232, 0.2925862253463363], [0.18188360341375445, 0.25567162718620323, 0.2719158469976649, 0.2905289224023776], [0.2335028317663598, 0.2681212970780836, 0.2305362715149603, 0.2678395996405964], [0.3758321732463191, 0.23570152196385397, 0.12214555365774812, 0.26632075113207887], [0.25616451652471106, 0.2807157842964961, 0.15208764748948086, 0.3110320516893121], [0.24069467960700444, 0.24320047166348396, 0.2692320565257831, 0.24687279220372865], [0.26273132818823997, 0.2995183739668138, 0.12454355994183632, 0.31320673790310977], [0.2647824217850554, 0.27527125459772406, 0.13479041023143662, 0.32515591338578403], [0.2929259604341606, 0.27605925848086466, 0.11154372614470953, 0.31947105494026495], [0.1114964679956628, 0.2978911198430257, 0.3313866431465159, 0.25922576901479544], [0.1673891475142443, 0.2666224225982978, 0.3652727209818588, 0.20071570890559898], [0.28066629709989377, 0.2650234002977914, 0.15709399532222998, 0.2972163072800851], [0.3271199653724138, 0.2373574252520159, 0.14431542299723948, 0.29120718637833115], [0.37407251646668116, 0.20948403959426862, 0.10536552916620182, 0.31107791477284824], [0.3293994751295381, 0.1959934256735244, 0.15846479590031817, 0.31614230329661924], [0.3419062346361838, 0.22544376126755503, 0.10288438373020947, 0.3297656203660518], [0.19305714332238705, 0.27346585847819793, 0.20460428470066083, 0.32887271349875413], [0.22774165437985083, 0.311905708145723, 0.10226035770829925, 0.35809227976612684], [0.29627349557556165, 0.25146949158503185, 0.13588397305358635, 0.31637303978582015], [0.17486963654210483, 0.277584177741887, 0.2435169394386925, 0.3040292462773157], [0.1834160544736587, 0.27067014310486415, 0.2835509556595984, 0.2623628467618789], [0.13078479702114196, 0.3474598161751435, 0.13700747887285733, 0.384747907930857], [0.31394317796292537, 0.22117114583299438, 0.16684744405793284, 0.2980382321461474], [0.21450237849475892, 0.29902861658480007, 0.10834687047372002, 0.3781221344467212], [0.32516245233747343, 0.24246502405053305, 0.1297189111726214, 0.30265361243937244], [0.20399999114790054, 0.28891491547541814, 0.3530638109114276, 0.1540212824652536], [0.14682215698418635, 0.2823253039407884, 0.3062482525094662, 0.2646042865655592], [0.18177476970577736, 0.23496546314113068, 0.39138235875204525, 0.19187740840104672], [0.22378961093223806, 0.257732571530336, 0.26945420637674555, 0.24902361116068034], [0.17381609012194432, 0.2647666409294312, 0.31172664659983595, 0.24969062234878805], [0.2559858917279777, 0.26252468891774655, 0.16240992929957399, 0.3190794900547021], [0.15168021767022122, 0.33131834270416977, 0.1510220485272898, 0.36597939109831934], [0.3280633424549998, 0.2561231556296857, 0.10378370131919497, 0.31202980059611934], [0.3501703497279789, 0.21745344020396942, 0.14214083045981615, 0.2902353796082356], [0.18950115789986124, 0.2748197114035332, 0.27513088831299387, 0.2605482423836115], [0.3204849737208231, 0.23198563401143613, 0.16448570029224896, 0.2830436919754919], [0.09253786848224733, 0.3128403538953073, 0.4042638208257825, 0.19035795679666306], [0.25694491303192524, 0.26264424245726775, 0.17043215959794644, 0.3099786849128604], [0.1746595661814847, 0.3148857205444864, 0.16125832456009406, 0.34919638871393477], [0.18802858803002148, 0.3115035909362929, 0.1838211176603283, 0.3166467033733576], [0.21905254538002952, 0.2829271851148054, 0.2420027300002826, 0.2560175395048826], [0.2702755114664689, 0.26903366203050544, 0.1645573519938153, 0.2961334745092101], [0.18659532057768163, 0.3132873123283219, 0.17155438755946345, 0.3285629795345328], [0.25127329536467163, 0.295627408036856, 0.1434708766903054, 0.30962841990816714], [0.19600639114240234, 0.285698548852878, 0.1779903263192004, 0.3403047336855194], [0.21382870952478714, 0.2107816576817854, 0.4539894208136385, 0.12140021197978895], [0.10224393662999526, 0.2974199624566459, 0.4009320983047425, 0.1994040026086162], [0.2526024042559784, 0.2899658237159272, 0.22198321937438548, 0.23544855265370881], [0.15414201784339482, 0.2808761753894938, 0.34525712382052687, 0.21972468294658437], [0.22360878854537017, 0.3148051063921357, 0.1230016543218619, 0.33858445074063215], [0.12862685225989579, 0.2796686951120652, 0.23745718273828834, 0.35424726988975086], [0.29073298083164956, 0.25980438385412374, 0.17380318593101227, 0.2756594493832144], [0.3001329948338722, 0.2735598147992516, 0.10340371013396776, 0.3229034802329086], [0.3031164101397279, 0.2767930817816342, 0.1166929771069574, 0.30339753097168043], [0.387004013360833, 0.2171286697501141, 0.10609884381989165, 0.28976847306916104], [0.10760815810083818, 0.3316327271548217, 0.25111988666788293, 0.3096392280764573], [0.24136843635396407, 0.2883232506191841, 0.0782980827235452, 0.39201023030330623], [0.14417343165853344, 0.31682478414143, 0.2077593571532593, 0.3312424270467774], [0.3246782009776077, 0.26504142504931694, 0.1678504302094218, 0.24242994376365334], [0.33680704964005487, 0.2668293472692068, 0.12017065988265523, 0.27619294320808324], [0.1559303014703711, 0.30555192418663074, 0.22474718718410316, 0.31377058715889483], [0.19609132987937444, 0.30184592843679586, 0.14222568153917406, 0.3598370601446563], [0.20214150678635515, 0.3304463893423392, 0.10662750337069242, 0.3607846005006133], [0.13644700506107255, 0.28452883258477896, 0.27727756585046087, 0.3017465965036876], [0.3332277835575413, 0.2702492170279561, 0.1438783070966187, 0.25264469231788367], [0.29543637719782556, 0.26822141408951095, 0.2034355308084171, 0.23290667790424668], [0.2957702611796265, 0.2684642912329238, 0.13198244169889126, 0.30378300588855833], [0.19804883554691122, 0.27820172569973023, 0.25927289922058266, 0.26447653953277567], [0.20294951365902175, 0.25702231011783777, 0.191518015700662, 0.34851016052247796], [0.108390080083108, 0.3305665222053797, 0.16674100566697284, 0.39430239204453965], [0.3894792841501206, 0.20424752453736458, 0.23856669125025803, 0.16770650006225696], [0.24517949552468635, 0.279811661283205, 0.15708744142210843, 0.3179214017700006], [0.20385150122903672, 0.27567308507176425, 0.18370967204869348, 0.3367657416505056], [0.22567183726176931, 0.31811787039788403, 0.1227692328989289, 0.33344105944141783], [0.22167086933741062, 0.30383425048430457, 0.18398529820249346, 0.29050958197579135], [0.2702614490942341, 0.22644579556884847, 0.1926843583010634, 0.3106083970358542], [0.2634014924793216, 0.2457548147971018, 0.2482646176333873, 0.2425790750901892], [0.26646189031185413, 0.28400194464053335, 0.12399744357791767, 0.325538721469695], [0.2499914004652105, 0.2296176159271475, 0.20890135721025405, 0.31148962639738825], [0.24225976969726185, 0.25339438014313553, 0.23920671395380036, 0.2651391362058022], [0.12917427499729028, 0.29904722308302045, 0.2768319479676404, 0.2949465539520486], [0.27051532495461905, 0.26134681642365204, 0.117490941523606, 0.35064691709812307], [0.31404059932863704, 0.23626901532953054, 0.15026625647207037, 0.2994241288697619], [0.15269421189026214, 0.31713724302826773, 0.24814139359868506, 0.2820271514827852], [0.37675513345775763, 0.23007638884767456, 0.13274192081109054, 0.2604265568834771], [0.25240572175836656, 0.29459900552724816, 0.07926295151924802, 0.37373232119513755], [0.12078711786333615, 0.30781847103924465, 0.25138758931369143, 0.3200068217837279], [0.3152687879346096, 0.23346795326721695, 0.09454910977764683, 0.35671414902052656], [0.1745401731753562, 0.29150875719438196, 0.3179942549133257, 0.21595681471693626], [0.30405660165328696, 0.24157788379740158, 0.19336338819802737, 0.26100212635128417], [0.33740158055526465, 0.2426971099299456, 0.10790572638370527, 0.3119955831310843], [0.20400790293386645, 0.28729322207086366, 0.1950685959445987, 0.31363027905067115], [0.3070831679345143, 0.2643631331588799, 0.1390398840585471, 0.2895138148480588], [0.12574274315006145, 0.30761127245871367, 0.19226199786086834, 0.3743839865303565], [0.23568536168522247, 0.23887715224239978, 0.27293604869684196, 0.25250143737553593], [0.27297966735967816, 0.2746267330655433, 0.1688400197730459, 0.2835535798017327], [0.21134391617495332, 0.289861382614355, 0.14913988537013484, 0.34965481584055713], [0.22379204085667176, 0.2879388518304253, 0.1163624118459646, 0.37190669546693833], [0.25010713963107073, 0.2710234571113605, 0.18395701218099433, 0.29491239107657463], [0.24060545227126223, 0.28457512828866977, 0.17507717156695168, 0.2997422478731163], [0.38537281180141886, 0.24463893656014052, 0.0794650533194311, 0.29052319831900963], [0.3099651987517943, 0.2596499357935005, 0.22751375517048367, 0.20287111028422192], [0.23512290003442893, 0.27538826797335203, 0.21021040467521201, 0.27927842731700725], [0.2283242601850858, 0.24586143793101933, 0.23431149471221596, 0.2915028071716791], [0.23221412850142814, 0.2306383991336028, 0.349544179824562, 0.1876032925404071], [0.26003615331418695, 0.2815704539807234, 0.13296137868611813, 0.3254320140189714], [0.16110024347652305, 0.3189797987336961, 0.16936847320539655, 0.3505514845843845], [0.11915064501119278, 0.3022369435742934, 0.383064341116935, 0.1955480702975788], [0.23100554604323828, 0.31946260970203705, 0.11313779927556082, 0.336394044979164], [0.13567529390819905, 0.3247957313270017, 0.1947504624479823, 0.3447785123168169], [0.20718220307420968, 0.2996166643109874, 0.15262438259631414, 0.3405767500184887], [0.26124840310333464, 0.2552200058728349, 0.2647964723403233, 0.21873511868350734], [0.22898621345087303, 0.28050724208169076, 0.24530748488655774, 0.2451990595808786], [0.2696554499943897, 0.2781363471232562, 0.12851851978822032, 0.3236896830941337], [0.37797389091180994, 0.2156449372469268, 0.11875061295167032, 0.28763055888959294], [0.26344531143986116, 0.27885941987353546, 0.14674045101720198, 0.3109548176694015], [0.17815741677201877, 0.2633991807790537, 0.2736159834514375, 0.28482741899748987], [0.3629514940289423, 0.21823857333782198, 0.09883979563366113, 0.31997013699957466], [0.2814263663785441, 0.274298970726675, 0.08665590849335644, 0.3576187544014243], [0.2703182292673156, 0.28153454991303223, 0.17700193337846082, 0.2711452874411913], [0.26492883694879404, 0.3292499561270147, 0.08513130135698228, 0.32068990556720905], [0.16150942593839665, 0.2767615630044486, 0.31707528865545703, 0.2446537224016979], [0.25966677582396885, 0.26999099400651133, 0.08395397939885958, 0.38638825077066036], [0.13717060400982412, 0.3172666680483401, 0.2732104307256185, 0.27235229721621723], [0.17361075845223087, 0.2848667850620421, 0.26528947562989313, 0.2762329808558341], [0.24251456358281864, 0.27081994805067994, 0.19080438349199438, 0.2958611048745071], [0.3291083867113548, 0.292840000921324, 0.06540785235049874, 0.3126437600168222]]}, "rewritten": {"ids": ["97105580", "97106820", "98106111", "98106560", "98108150", "98111860", "98112170", "99107560", "99108080", "99108310", "99108710", "99108890", "99109161", "99109370", "99109740", "99112300", "99112531", "99117630", "100109330", "100109801", "100111270", "100111380", "100113370", "100115700", "100120780", "101108121", "101112201", "101114020", "101119030", "102110750", "102112301", "102117351", "103110100", "103110220", "103110760", "103118110", "103118291", "104109311", "104113210", "104113380", "104116980", "104118340", "105112240", "105113190", "105113440", "105113480", "105115250", "105115680", "105116441", "105116860", "105118171", "105119950", "106113830", "106117790", "106120640", "107112840", "107113180", "107113200", "107113260", "107113840", "107116300", "107116340", "107116501", "107118780", "107120130", "107121230", "108114270", "108115250", "108115880", "108115970", "108116481", "108118520", "108118810", "108119510", "108120060", "108120260", "108120621", "109116040", "109116170", "109116930", "109117080", "109117110", "109117600", "109117630", "109118231", "109119010", "109119340", "109119450", "109119460", "109120540", "110113591", "110113931", "110115890", "110116501", "110117140", "110117200", "110117500", "110118301", "110118930", "110119300", "110120560", "110120700", "110121450", "111114121", "111115620", "111115770", "111116110", "111117000", "111117200", "111117480", "111118910", "111119340", "111119930", "111120220", "111120280", "112116610", "112116640", "112116810", "112117210", "112117431", "112117461", "112117790", "112118550", "112118860", "112119120", "112120270", "112120290", "112120640", "112121410", "113118111", "113118820", "113118870", "113119120", "113119700", "113120531", "113120591", "113121410", "113121950", "113122150", "113122170", "113122190", "113122320"], "labels": [1, 1, 0, 1, 0, 0, 3, 1, 3, 2, 2, 0, 3, 1, 3, 0, 3, 3, 0, 0, 2, 3, 3, 1, 1, 0, 0, 3, 3, 1, 1, 1, 1, 2, 1, 2, 0, 3, 3, 1, 1, 2, 1, 3, 0, 0, 2, 2, 1, 2, 3, 3, 1, 1, 3, 1, 3, 0, 0, 3, 0, 3, 1, 1, 2, 0, 3, 1, 3, 2, 0, 0, 1, 1, 1, 1, 1, 0, 0, 0, 1, 1, 1, 0, 1, 3, 3, 3, 1, 1, 0, 1, 2, 3, 3, 3, 1, 1, 1, 1, 0, 2, 3, 0, 1, 3, 3, 0, 0, 1, 0, 3, 1, 3, 0, 1, 0, 3, 1, 0, 0, 3, 3, 3, 1, 0, 1, 0, 0, 1, 0, 0, 3, 0, 0, 0, 0, 3, 2, 1, 1, 1], "predicted_labels": [0, 3, 1, 3, 1, 2, 0, 1, 0, 3, 1, 1, 0, 3, 1, 2, 0, 1, 1, 3, 2, 0, 2, 1, 3, 3, 1, 3, 3, 2, 1, 3, 0, 1, 1, 3, 1, 3, 0, 1, 1, 1, 1, 0, 2, 3, 1, 1, 1, 1, 3, 1, 3, 2, 1, 0, 2, 0, 1, 1, 3, 3, 3, 3, 2, 3, 3, 1, 1, 1, 3, 2, 3, 2, 1, 1, 1, 3, 1, 2, 1, 0, 0, 1, 1, 3, 0, 3, 1, 3, 3, 1, 2, 1, 1, 0, 1, 1, 3, 0, 2, 1, 0, 1, 0, 3, 3, 3, 1, 3, 3, 3, 0, 0, 3, 0, 0, 0, 2, 3, 3, 3, 3, 1, 3, 2, 2, 2, 1, 3, 0, 1, 0, 1, 1, 0, 3, 3, 3, 1, 2, 1], "confidence_scores": [[0.3030911266735231, 0.23085622740216855, 0.2536067278765536, 0.21244591804775495], [0.2117284141462972, 0.27244968435554556, 0.19853026220266665, 0.3172916392954907], [0.17755655905993234, 0.3017997645984347, 0.2901105306567648, 0.2305331456848682], [0.24871649384974154, 0.26370730449467616, 0.18645330950183597, 0.3011228921537461], [0.19416746755141542, 0.32233419785180994, 0.14378869997196572, 0.3397096346248089], [0.12587225254457546, 0.29257640209608166, 0.381442407823589, 0.20010893753575454], [0.3048154129056436, 0.2600247519651791, 0.13840497987405698, 0.29675485525512], [0.10916385977886636, 0.33676085120303256, 0.24287231090477193, 0.3112029781133289], [0.2785818487086453, 0.2618927873212646, 0.1861775238888732, 0.27334784008121665], [0.26832310476149945, 0.2535534445513771, 0.1859487934684519, 0.29217465721867164], [0.12777521720385945, 0.3276741923885479, 0.20411264169506546, 0.3404379487125271], [0.11081886529487409, 0.3309228778693893, 0.1991272857281563, 0.3591309711075804], [0.40030178761239843, 0.21214412960867934, 0.19532904128881085, 0.1922250414901117], [0.14162175338126468, 0.26673305233255334, 0.2859275358421594, 0.3057176584440227], [0.09031744532991798, 0.3291902066244881, 0.394282780243749, 0.1862095678018452], [0.19217255707906755, 0.2647447135863415, 0.31644168540066014, 0.22664104393393084], [0.34145077984890665, 0.23054279781474749, 0.1497238701144649, 0.2782825522218813], [0.2859141396730543, 0.2727454781470449, 0.21760553066999064, 0.22373485150991057], [0.24948635208745207, 0.2939464240623283, 0.1654420224099462, 0.29112520144027354], [0.10970493568895251, 0.3294990746986946, 0.1781915295584842, 0.3826044600538691], [0.10286018252347384, 0.3018014657661615, 0.4036783585055681, 0.19165999320479646], [0.40076616332913073, 0.23654888586233352, 0.08379495258202838, 0.278889998226507], [0.16285924526093717, 0.2809916263020968, 0.2844141428813113, 0.27173498555565523], [0.2444540551032263, 0.2782149160899168, 0.17358084965336232, 0.3037501791534948], [0.23480210378901617, 0.25231630713208575, 0.17988423704735532, 0.3329973520315423], [0.2758650753982179, 0.2658494237341419, 0.1522566428295579, 0.3060288580380823], [0.2242005268081195, 0.30088500272995095, 0.15705363457014604, 0.31786083589178354], [0.1884648351335418, 0.30129816014330146, 0.16690613036219626, 0.34333087436096066], [0.29613222869549066, 0.2581415583910915, 0.12391468286965153, 0.3218115300437665], [0.1907137179189603, 0.2906872355595791, 0.3700874509379694, 0.1485115955834911], [0.2299608512503447, 0.27347961700871837, 0.23378723564743092, 0.26277229609350605], [0.242458070174484, 0.3075192914101672, 0.10169033186150646, 0.3483323065538425], [0.2566268429847185, 0.2486711891199744, 0.25679303856963276, 0.2379089293256742], [0.1493785600104526, 0.30970339281743753, 0.2327387450499714, 0.30817930212213873], [0.26067611493329684, 0.2933308907733307, 0.14754632374465232, 0.29844667054872015], [0.17582303865643764, 0.2666904809331933, 0.2723168568538588, 0.28516962355651015], [0.21930102176833965, 0.2766742054406184, 0.2650115740405834, 0.23901319875045873], [0.2582836429728842, 0.27500553402339234, 0.1114384551370409, 0.3552723678666825], [0.31461549319743254, 0.2523652640285862, 0.13422937523315315, 0.2987898675408284], [0.17836532259013585, 0.283793677050141, 0.2599820291260839, 0.2778589712336393], [0.10148636014740127, 0.3128524518982379, 0.28565515119017043, 0.30000603676419046], [0.1381986299537161, 0.3189846084029969, 0.21157290650810498, 0.3312438551351822], [0.2659040706893761, 0.28682572257038175, 0.14971644782668456, 0.29755375891355745], [0.3670428363885248, 0.22563702280325817, 0.11451717329594906, 0.292802967512268], [0.18699163911349992, 0.27358382515420965, 0.2914665880402865, 0.24795794769200408], [0.172164991039766, 0.2969113331835271, 0.20547408139388673, 0.3254495943828202], [0.21823374475447033, 0.28899487771846794, 0.21903561455334356, 0.27373576297371804], [0.13228384443197821, 0.32088589338232204, 0.25915392667090464, 0.2876763355147952], [0.1599601894157474, 0.3117434813487574, 0.20908096965058398, 0.319215359584911], [0.28102475495537454, 0.2670455637636633, 0.18868249660972217, 0.2632471846712399], [0.20711029024670877, 0.30693629735077566, 0.1207692909755655, 0.3651841214269501], [0.2536083089794747, 0.28068315289207957, 0.190208397106916, 0.27550014102152987], [0.271191278073842, 0.2798250130731114, 0.11970012525827836, 0.32928358359476845], [0.13211827884194755, 0.2873618235511056, 0.36880804167751013, 0.2117118559294366], [0.12108938109376222, 0.326685301566416, 0.2412681789464022, 0.3109571383934197], [0.2979874383302028, 0.25885286609377495, 0.20573423517690365, 0.23742546039911883], [0.15901074879461338, 0.28472274281043447, 0.32307302108506336, 0.2331934873098885], [0.3131113504345787, 0.2590963085352935, 0.1183070355990239, 0.30948530543110375], [0.1982472803285789, 0.31816074401156713, 0.1531507117870948, 0.330441263872759], [0.20367558748268147, 0.2826978819774913, 0.2095157064829502, 0.3041108240568773], [0.25318215482765444, 0.2561224693418203, 0.20817670541545433, 0.2825186704150711], [0.23712922543842124, 0.28664535836090427, 0.1478953413951564, 0.3283300748055179], [0.25128605684086774, 0.28216742423362956, 0.1502994420468754, 0.3162470768786274], [0.2671371093271369, 0.29256442634285523, 0.10046738602811686, 0.33983107830189097], [0.17001470180664136, 0.2776781034065485, 0.34632581243675936, 0.20598138235005103], [0.2108649014734772, 0.31208088799200756, 0.1057360075990979, 0.37131820293541734], [0.2676222375723292, 0.28107042287587936, 0.09314349709368622, 0.35816384245810523], [0.22084498863071758, 0.26816575456452313, 0.26107135655011715, 0.24991790025464225], [0.27075007274266294, 0.27221261728197266, 0.18246846870965866, 0.27456884126570574], [0.2558492136157258, 0.2932690304088306, 0.13103009540898794, 0.31985166056645553], [0.28785684379175225, 0.25722744052867125, 0.10995495487509462, 0.34496076080448185], [0.1539377112939438, 0.2844564431512875, 0.30671137583393715, 0.25489446972083185], [0.3113987653760486, 0.23863526729407847, 0.09355432019606337, 0.3564116471338098], [0.1896308556532756, 0.24153173485340046, 0.32050161772243735, 0.2483357917708868], [0.20918016231101838, 0.28790076929337394, 0.3038242278809874, 0.19909484051462034], [0.24426972936343183, 0.27098676984569425, 0.21014349289309772, 0.2746000078977763], [0.27513558905500746, 0.2752129441723192, 0.178744718362832, 0.2709067484098414], [0.15981777368055242, 0.2598601221087655, 0.2766919313627869, 0.303630172847895], [0.18033387669101952, 0.31369945577304925, 0.16469626456188116, 0.3412704029740502], [0.2296224982940482, 0.23548872578972505, 0.3444209395035466, 0.19046783641268003], [0.12171987248437229, 0.3413171398480563, 0.17294925657760343, 0.3640137310899677], [0.3139450582872865, 0.245855805433228, 0.14528041416954812, 0.29491872210993725], [0.32468126129260527, 0.23665658915699425, 0.14606143653055395, 0.29260071301984625], [0.24066729576171336, 0.2942643287307939, 0.2298745393694778, 0.23519383613801473], [0.23529207102343005, 0.29682140034740634, 0.1926723445360939, 0.2752141840930699], [0.24560560719804275, 0.24891650642803312, 0.22220975053746014, 0.2832681358364641], [0.25369831262225995, 0.25874601560373045, 0.24893512055074427, 0.23862055122326536], [0.14533802424932582, 0.30181381475689306, 0.1894133707063638, 0.363434790287417], [0.2538982066632345, 0.28202143794021944, 0.14128598941104165, 0.32279436598550415], [0.24871482725300567, 0.27759772697118346, 0.13925066544834308, 0.33443678032746765], [0.2895877155345827, 0.27942154988568985, 0.11094498010003617, 0.32004575447969136], [0.2693706219216799, 0.31979560235428134, 0.08785561583158179, 0.32297815989245693], [0.16801474455609666, 0.270089155798318, 0.29903658213805506, 0.26285951750753], [0.2445117756829496, 0.30562336385596706, 0.1189314168869941, 0.3309334435740894], [0.1893434246571058, 0.28200927953952537, 0.2032145762404251, 0.32543271956294373], [0.3195811075190666, 0.2401259758769954, 0.14754683780372094, 0.292746078800217], [0.32547788434791947, 0.27955040322115554, 0.14505636959205429, 0.24991534283887085], [0.2009043285780508, 0.3203314265703451, 0.17234340169821646, 0.3064208431533876], [0.17947613136133284, 0.30959182647899997, 0.18057306249719113, 0.33035897966247624], [0.3875438746688236, 0.2387147666525884, 0.10789608379113515, 0.2658452748874533], [0.18287915802853524, 0.26295052205070807, 0.2851384055770455, 0.26903191434371115], [0.26216576883069487, 0.26696539377491074, 0.17916580946033914, 0.2917030279340552], [0.3513317428127457, 0.2380761619928894, 0.11826470769924272, 0.29232738749512216], [0.2502691187132516, 0.2967790144459786, 0.15475246787986516, 0.29819939896090447], [0.31558277875597773, 0.2408219574698374, 0.1819708481645478, 0.2616244156096372], [0.17936150299673037, 0.3024815160545927, 0.18107204430057303, 0.337084936648104], [0.1287585002641353, 0.2797455505255651, 0.2479690680362364, 0.3435268811740636], [0.14940945279886947, 0.29198524011835936, 0.23310212870786193, 0.32550317837490994], [0.2771409449228651, 0.2814286970284228, 0.14253668011012027, 0.2988936779385919], [0.22853410943774857, 0.27749275798904943, 0.15901793099588404, 0.334955201577318], [0.18687162949205852, 0.27435673352255857, 0.2079894162628942, 0.3307822207224893], [0.30012215120901836, 0.2759323097313965, 0.09926213568541364, 0.3246834033741715], [0.37051281491266597, 0.2339252926790859, 0.14579349010172046, 0.24976840230652758], [0.35137508874557977, 0.28585246017788957, 0.0665136403134292, 0.29625881076310123], [0.26946583322185397, 0.27332498225144625, 0.08083266098830182, 0.3763765235383978], [0.2600489972407559, 0.24976281011164284, 0.23242415384580378, 0.25776403880179743], [0.36951416144409477, 0.21415429700647606, 0.11023800989706665, 0.3060935316523623], [0.2749438137919221, 0.25535080889069706, 0.20811746024757224, 0.2615879170698086], [0.19967550899722983, 0.25081097124793944, 0.28765614680966883, 0.26185737294516187], [0.2908125217248235, 0.260818210869909, 0.13230525980773067, 0.31606400759753706], [0.28800366421557544, 0.24520013457395068, 0.1157227854351155, 0.3510734157753582], [0.2788082371095246, 0.22472638650401214, 0.1716885951519893, 0.32477678123447373], [0.20966826248391585, 0.308413966256362, 0.10990761827443903, 0.3720101529852831], [0.24506770465211616, 0.27008300479672337, 0.2289569070448302, 0.2558923835063305], [0.2394485615750162, 0.22569342663859512, 0.245403344038212, 0.2894546677481768], [0.11385567756809056, 0.29740174472088593, 0.3680859823058854, 0.22065659540513816], [0.2291750643778363, 0.21388088145404616, 0.4214318264763768, 0.135512227691741], [0.17476968528422215, 0.26724084333418385, 0.2996419641399003, 0.2583475072416936], [0.17696311946191007, 0.32718406288180946, 0.12835049354319006, 0.36750232411309053], [0.16807056262884515, 0.3080659136084641, 0.15501145006743433, 0.36885207369525636], [0.35652298966113605, 0.25271301162384724, 0.10783459946644566, 0.28292939924857113], [0.21970856336231498, 0.31115976822084696, 0.1379578409982988, 0.33117382741853924], [0.33691788006459383, 0.2032688830163156, 0.17526835081757827, 0.28454488610151213], [0.23697956985392837, 0.29197149799683864, 0.20840944329937977, 0.2626394888498533], [0.2142774754878626, 0.2853979889657782, 0.17692776822448794, 0.32339676732187134], [0.38102371381574207, 0.23958985679127842, 0.08177131856744806, 0.2976151108255317], [0.23683942094644864, 0.2929115302195165, 0.07316282642622347, 0.39708622240781116], [0.17485102044037606, 0.27351308797350726, 0.2774127501438526, 0.27422314144226445], [0.16902556697226784, 0.2804942844975418, 0.24403827129594693, 0.3064418772342433], [0.19550461082491719, 0.2849054532431912, 0.21002144288041064, 0.3095684930514808], [0.17449319421809747, 0.24017871191262552, 0.3760966535178, 0.20923144035147662], [0.21950049629207669, 0.2975148843702349, 0.17118251881630242, 0.311802100521386]]}}