{"test": {"ids": ["99107950", "104117200", "110115710", "112116810", "108121351", "103113260", "109117150", "107114621", "103112641", "113118511", "113118231", "105113210", "101109370", "109114220", "99111340", "98112300", "98116940", "98113881", "112119450", "99107630", "101113210", "99109311", "101108580", "103111830", "111114121", "113120260", "106116640", "111120320", "113121220", "112120270", "106113830", "102113981", "112121030", "110120700", "100109801", "113117340", "109120150", "104109311", "108114200", "97106820", "97107950", "107114280", "111117120", "111115400", "99112840", "104116441", "105112240", "99109910", "111116110", "98106560", "112116290", "102110750", "98120530", "107121540", "107121640", "102108621", "112118530", "108119330", "105112100", "108113760", "110117080", "108121410", "98107380", "98120010", "99121440", "108119550", "113122150", "106118520", "97116800", "99110730", "108114040", "99108080", "97107681", "105121190", "106117650", "100116500", "112120290", "113119360", "98111231", "102121700", "113121010", "111117000", "99108310", "107116340", "107114200", "97112170", "100108490", "110120531", "108113620", "105116441", "110118880", "110116290", "99117630", "103113101", "101111310", "107114780", "98111860", "97105580", "111119300", "99120010", "101108500", "100109360", "98112580", "99112300", "99107640", "100110050", "108116501", "106113360", "106119580", "105118230", "113121750", "102110500", "103111540", "112116850", "110120190", "107116980", "112118421", "109121640", "101115190", "104116980", "111116100", "97118210", "113120591", "102110890", "111118820", "99108710", "112117660", "103110220", "113121810", "113119950", "103113610", "113120640", "106120290", "106115250", "99108330", "113120601", "111114941", "104113550", "99109161", "98119591", "109115070", "107120260"], "labels": [1, 3, 2, 3, 3, 3, 2, 0, 3, 1, 3, 3, 1, 3, 1, 2, 2, 3, 3, 2, 3, 1, 0, 3, 0, 3, 3, 1, 3, 0, 1, 1, 0, 2, 0, 2, 2, 3, 0, 1, 2, 3, 2, 0, 2, 1, 1, 2, 3, 1, 0, 1, 1, 2, 1, 3, 1, 0, 1, 1, 1, 0, 1, 2, 2, 1, 2, 2, 0, 3, 0, 3, 3, 2, 1, 2, 1, 0, 1, 1, 2, 0, 2, 3, 2, 0, 2, 0, 3, 1, 0, 2, 3, 3, 3, 2, 0, 1, 1, 2, 3, 0, 2, 0, 1, 3, 0, 0, 3, 1, 0, 3, 1, 0, 3, 3, 3, 0, 1, 1, 3, 2, 0, 0, 0, 2, 0, 2, 2, 0, 2, 0, 2, 2, 1, 2, 0, 1, 3, 1, 0, 1], "predicted_labels": [1, 3, 1, 1, 0, 1, 1, 1, 1, 1, 3, 3, 1, 1, 3, 3, 1, 1, 3, 0, 1, 3, 0, 3, 1, 3, 3, 3, 1, 1, 3, 1, 0, 3, 1, 1, 1, 0, 0, 3, 0, 1, 1, 1, 1, 3, 1, 2, 3, 3, 1, 1, 3, 1, 1, 0, 1, 1, 3, 1, 3, 1, 3, 1, 1, 1, 3, 0, 0, 1, 3, 1, 3, 1, 3, 3, 1, 3, 0, 1, 1, 3, 1, 1, 1, 1, 3, 3, 3, 1, 3, 3, 0, 3, 1, 1, 1, 3, 1, 1, 1, 3, 3, 3, 3, 3, 3, 0, 1, 1, 1, 3, 3, 3, 1, 1, 0, 1, 1, 3, 1, 3, 3, 3, 0, 3, 3, 1, 1, 3, 1, 3, 1, 3, 3, 1, 3, 0, 0, 0, 1, 1], "confidence_scores": [[0.18839191919191928, 0.2819777777777779, 0.26655082972582983, 0.2630794733044733], [0.22397134254634263, 0.27852610167610176, 0.16304887612387609, 0.33445367965367967], [0.20728734043734054, 0.31759639804639794, 0.17224277389277404, 0.30287348762348776], [0.28629836274836284, 0.313657509157509, 0.17738056943056937, 0.22266355866355883], [0.2792573065823065, 0.25388705738705747, 0.18971232101232113, 0.277143315018315], [0.26000738705738713, 0.2931416083916085, 0.18345501443001438, 0.26339599012099013], [0.2367238816738818, 0.31284935064935077, 0.16072251082251096, 0.2897042568542568], [0.2400823287823289, 0.3048152902652902, 0.15642856587856593, 0.2986738150738152], [0.2342696858696859, 0.28969277944277955, 0.19529911199911204, 0.2807384226884226], [0.256211544011544, 0.3243807073645309, 0.16182290568908225, 0.2575848429348429], [0.2493356143856145, 0.28891180486180496, 0.17193694083694094, 0.2898156399156398], [0.2608307026307026, 0.2603137695637696, 0.1327624930624931, 0.34609303474303477], [0.197719080919081, 0.3270041236541237, 0.19709782994782996, 0.27817896547896553], [0.25399238539238567, 0.276300038850039, 0.19729740537240545, 0.2724101703851703], [0.20129037629037652, 0.2895563214563215, 0.21632569097569104, 0.2928276112776114], [0.23047092074592085, 0.25095492840492845, 0.2077696414696416, 0.3108045093795092], [0.20848557553557565, 0.3049175213675213, 0.20023275890775902, 0.286364144189144], [0.2228485514485515, 0.2887001054501056, 0.20019292374292388, 0.2882584193584191], [0.20368715728715736, 0.26872352092352086, 0.13581782106782117, 0.3917715007215008], [0.3276405316905316, 0.18465834165834172, 0.16748119658119656, 0.3202199300699301], [0.24830966255966272, 0.3074619214119216, 0.18098131313131313, 0.26324710289710296], [0.2298917970917972, 0.27388609723609725, 0.21132429237429243, 0.28489781329781344], [0.3029343073593074, 0.183523199023199, 0.22572279664779665, 0.28781969696969695], [0.2749506132756133, 0.19001690531690543, 0.1726170773670774, 0.3624154040404042], [0.24380238095238113, 0.3485729381729382, 0.13499783549783553, 0.2726268453768454], [0.24816699966699973, 0.2471346486846486, 0.20366873126873133, 0.30102962037962044], [0.24372856587856598, 0.2813015670603907, 0.18922459011576673, 0.28574527694527707], [0.2288119325119325, 0.29550653790653786, 0.17097078346490113, 0.3047107461166286], [0.2428867021867022, 0.2874982073482074, 0.18479526029526042, 0.28481983016983026], [0.2148511988011989, 0.3148456987456988, 0.22738660228660243, 0.24291650016650018], [0.2705285991785993, 0.24395728160728167, 0.14828848373848383, 0.33722563547563544], [0.250889923964924, 0.31311278166278184, 0.1732284881784882, 0.2627688061938062], [0.3778263958263959, 0.2135047286047287, 0.12043938283938282, 0.2882294927294928], [0.23543762626262635, 0.28457914862914874, 0.18722619047619052, 0.29275703463203473], [0.2483999833499834, 0.3183081252081251, 0.18337039072039082, 0.24992150072150074], [0.20625382395382416, 0.3416763458763459, 0.1745911588411588, 0.2774786713286714], [0.22616057831057843, 0.3036170773670773, 0.16858040293040305, 0.3016419413919415], [0.3221148129648131, 0.2848960761460761, 0.12181181596181596, 0.2711772949272951], [0.30808751803751816, 0.25875562770562777, 0.1795465312465313, 0.25361032301032316], [0.26833487623487634, 0.26419244644244655, 0.1723337662337663, 0.29513891108891116], [0.2742063492063494, 0.23885591075591087, 0.22266303696303702, 0.264274703074703], [0.25758048063048056, 0.3428686008436008, 0.17460962648462655, 0.22494129204129212], [0.2286916583416584, 0.3394647241647241, 0.1349279664779665, 0.29691565101565104], [0.2680774225774227, 0.30768016428016415, 0.1841719946719947, 0.24007041847041843], [0.25722928737928746, 0.30845495615495605, 0.18792483856013265, 0.2463909179056238], [0.23921719391719398, 0.28268238705738696, 0.1424777639027639, 0.33562265512265516], [0.2446818070818072, 0.2913000666000666, 0.1852805527805529, 0.2787375735375738], [0.1883675432410727, 0.2553336136086137, 0.3146515043779748, 0.24164733877233877], [0.23142527472527472, 0.2644145687645689, 0.18979588189588195, 0.3143642746142746], [0.268062581862582, 0.2511881174381174, 0.1719381673881674, 0.30881113331113336], [0.28736211533564465, 0.3045843850593853, 0.16789580729727793, 0.24015769230769243], [0.20317939282939293, 0.36202904317904305, 0.21201828726828728, 0.22277327672327693], [0.2748018870018871, 0.2795045343545344, 0.16553378288378293, 0.2801597957597959], [0.23057014652014668, 0.3113478077478079, 0.2042266844266845, 0.25385536130536146], [0.23746152181152178, 0.27305298035298037, 0.25227395382395396, 0.23721154401154412], [0.3008229179317415, 0.2704447607947607, 0.1456692085692087, 0.2830631127042892], [0.21842775557775568, 0.34072937617937604, 0.1947404900654902, 0.2461023781773783], [0.21493058608058613, 0.32894334276834275, 0.19883955211455226, 0.25728651903651906], [0.2582082251082252, 0.27818008103008107, 0.1566475635475636, 0.30696413031413033], [0.2656780663780664, 0.2723176545676546, 0.19900860805860815, 0.26299567099567095], [0.1914499805749807, 0.3081156565656566, 0.17276171606171614, 0.32767264679764674], [0.28517707292707295, 0.30487868797868795, 0.1458201742701743, 0.26412406482406475], [0.2392813131313133, 0.24357460317460328, 0.20946633366633366, 0.30767775002775005], [0.2611816045066046, 0.2655894549894549, 0.2189098096348098, 0.254319130869131], [0.22942679183561535, 0.3364188541850305, 0.20546345680463335, 0.22869089717472088], [0.26672806082806094, 0.28303245088245105, 0.20602187257187257, 0.2442176157176158], [0.2071938394938396, 0.2936291486291487, 0.18593934398934397, 0.31323766788766805], [0.30176803751803755, 0.28564826839826846, 0.1586588447500213, 0.253924849333673], [0.3210116938616938, 0.23409734154734166, 0.18064664779664788, 0.26424431679431687], [0.22798131692868528, 0.3098371572871572, 0.17342316017316017, 0.2887583656109973], [0.20703658563658572, 0.2905578227328227, 0.16317219447219455, 0.33923339715839707], [0.24065332445332457, 0.27665007215007226, 0.21623627483627486, 0.26646032856032853], [0.1973131757131758, 0.2675182040182041, 0.2088881618381619, 0.3262804584304583], [0.18228674103674114, 0.307028801753802, 0.23743260905760927, 0.27325184815184833], [0.24296796536796544, 0.2807150016650016, 0.19289148629148636, 0.28342554667554687], [0.25122787212787223, 0.24471050616050624, 0.19476237928737944, 0.30929924242424256], [0.21918018093018096, 0.3008341491841491, 0.24606256798756798, 0.23392310189810192], [0.27610574425574436, 0.2615307969807969, 0.16746967199467191, 0.29489378676878697], [0.29448065823065817, 0.2730756576756576, 0.17206960261960272, 0.26037408147408164], [0.25191776556776574, 0.3061697191697191, 0.19382633477633485, 0.24808618048618056], [0.2240565157065158, 0.32974033744033754, 0.18832640692640698, 0.25787673992673993], [0.2157879009879009, 0.2914936285936287, 0.1486660173160173, 0.344052453102453], [0.24822163947163964, 0.31672796092796085, 0.19382676212676225, 0.2412236374736375], [0.24445317460317464, 0.30165707070707054, 0.16479581529581536, 0.2890939393939394], [0.2028570707070709, 0.3306209956709956, 0.14463170995671004, 0.32189022366522374], [0.23625723165723167, 0.2962458485958485, 0.18791575091575102, 0.27958116883116885], [0.2959763125763127, 0.2194112893642306, 0.18496880145997785, 0.29964359659947887], [0.2584173382173383, 0.2614576035076035, 0.13329107559107564, 0.34683398268398247], [0.2293759962259963, 0.3017029970029971, 0.16640232545232558, 0.30251868131868115], [0.19742529692529698, 0.35217006327006317, 0.1903320401820402, 0.26007259962259976], [0.24109529082029083, 0.29237527472527475, 0.15475668498168504, 0.31177274947274936], [0.24248349983349998, 0.26366628371628364, 0.1665497391497392, 0.32730047730047734], [0.3018477577977577, 0.24896949716949712, 0.19381394716394731, 0.2553687978687979], [0.22163737373737374, 0.2729581529581529, 0.2019540515040515, 0.30345042180042175], [0.22574099789099808, 0.3299501054501055, 0.19790377400377415, 0.24640512265512268], [0.24830316905316913, 0.32800520035520025, 0.1660289210789211, 0.2576627095127096], [0.2174733266733268, 0.2908009601509603, 0.2404765290265291, 0.2512491841491842], [0.27234551004550994, 0.26283156843156863, 0.1690419913419913, 0.2957809301809303], [0.2145224553224554, 0.3253066794316793, 0.16606676101676107, 0.29410410422910427], [0.2514767982017983, 0.3065783577533578, 0.18521450216450225, 0.25673034188034205], [0.2489441950206658, 0.30682299889652853, 0.1976435786435787, 0.2465892274392275], [0.28936375258728203, 0.2284018398268399, 0.1709414477679185, 0.31129295981795985], [0.21932273837273844, 0.2983097902097901, 0.15788910533910536, 0.3244783660783662], [0.19814520202020214, 0.25323715728715734, 0.25485215617715623, 0.2937654845154846], [0.2266303030303031, 0.2621623598623601, 0.18518610278610284, 0.32602123432123425], [0.17258423831070893, 0.2796239368474662, 0.22005068265068273, 0.3277411421911422], [0.28064028194028195, 0.2714059718059718, 0.13830108225108226, 0.3096526640026639], [0.2827335581085581, 0.27462108724608725, 0.18385616050616055, 0.2587891941391941], [0.2544786241536242, 0.3278215173715174, 0.19286353923853933, 0.22483631923631933], [0.22799531024531042, 0.32895887445887434, 0.14623701298701303, 0.29680880230880236], [0.26026884226884245, 0.33186030636030633, 0.12277669552669555, 0.28509415584415587], [0.30434131424131433, 0.23920885225885224, 0.13483776223776228, 0.32161207126207125], [0.21353954378954382, 0.23479466089466103, 0.23187715617715624, 0.3197886391386391], [0.20755825840825848, 0.24591062826062843, 0.16122652902652895, 0.3853045843045842], [0.2471242784992785, 0.3290486291486291, 0.14805220057720064, 0.27577489177489195], [0.2954169552669553, 0.3161682539682539, 0.1552873071373072, 0.2331274836274837], [0.3021140692640694, 0.27492676767676777, 0.12409516594516595, 0.2988639971139972], [0.24291538461538464, 0.302386757686758, 0.1826900932400934, 0.2720077644577644], [0.20873205128205133, 0.30775410700410694, 0.19869047064047066, 0.2848233710733712], [0.1983810356310357, 0.2869368131868132, 0.20039509379509396, 0.3142870573870574], [0.25314648048030414, 0.29080466004583644, 0.18809751914751932, 0.26795134032634044], [0.26444982794982796, 0.26032026862026875, 0.19759082029082028, 0.2776390831390832], [0.24764957460839826, 0.2733312798312798, 0.15190255300255304, 0.3271165925577689], [0.2330337107337108, 0.2263092574092575, 0.2662263236763237, 0.2744307081807084], [0.30281232656232654, 0.2836492424242426, 0.13856843434343438, 0.27496999666999666], [0.22044415584415591, 0.26747417027417036, 0.18771729381729382, 0.32436438006437995], [0.2424126762126763, 0.2512261183261185, 0.17636414141414147, 0.32999706404706414], [0.19962853257853266, 0.28314470529470526, 0.24894766344766348, 0.2682790986790986], [0.1976164946164947, 0.3523350260850261, 0.2204501665001666, 0.22959831279831283], [0.2745971972471973, 0.25896261516261526, 0.18510311077811087, 0.2813370768120769], [0.2275392440892442, 0.30216207681207663, 0.21480740370740387, 0.2554912753912755], [0.21569397269397284, 0.2636292207792207, 0.17826857031857038, 0.34240823620823624], [0.19837943722943735, 0.297421001221001, 0.2440121350871353, 0.2601874264624266], [0.21762277167277178, 0.2707583638583641, 0.2220976967476969, 0.2895211677211677], [0.21098865023865027, 0.26481693584193583, 0.2216492479742481, 0.302545165945166], [0.1832409812409813, 0.3238520923520923, 0.19056370851370855, 0.3023432178932178], [0.2682029692529692, 0.25802447552447555, 0.16369633144633136, 0.3100762237762239], [0.3173903540903539, 0.22846379731379737, 0.14364004884004888, 0.31050579975579984], [0.2984433233433235, 0.2505812631812633, 0.21293121323121328, 0.23804420024420037], [0.2901087412587413, 0.26519263514263514, 0.19376699966699973, 0.25093162393162394], [0.23152477522477527, 0.3944866966366966, 0.13443766233766236, 0.239550865800866], [0.2601389499389501, 0.3277189643689646, 0.15926298701298705, 0.25287909867909897]]}, "rewritten": {"ids": ["97105580", "97106820", "97107681", "97107950", "97112170", "97116800", "97118210", "98106560", "98107380", "98111231", "98111860", "98112300", "98112580", "98113881", "98116940", "98119591", "98120010", "98120530", "99107630", "99107640", "99107950", "99108080", "99108310", "99108330", "99108710", "99109161", "99109311", "99109910", "99110730", "99111340", "99112300", "99112840", "99117630", "99120010", "99121440", "100108490", "100109360", "100109801", "100110050", "100116500", "101108500", "101108580", "101109370", "101111310", "101113210", "101115190", "102108621", "102110500", "102110750", "102110890", "102113981", "102121700", "103110220", "103111540", "103111830", "103112641", "103113101", "103113260", "103113610", "104109311", "104113550", "104116441", "104116980", "104117200", "105112100", "105112240", "105113210", "105116441", "105118230", "105121190", "106113360", "106113830", "106115250", "106116640", "106117650", "106118520", "106119580", "106120290", "107114200", "107114280", "107114621", "107114780", "107116340", "107116980", "107120260", "107121540", "107121640", "108113620", "108113760", "108114040", "108114200", "108116501", "108119330", "108119550", "108121351", "108121410", "109114220", "109115070", "109117150", "109120150", "109121640", "110115710", "110116290", "110117080", "110118880", "110120190", "110120531", "110120700", "111114121", "111114941", "111115400", "111116100", "111116110", "111117000", "111117120", "111118820", "111119300", "111120320", "112116290", "112116810", "112116850", "112117660", "112118421", "112118530", "112119450", "112120270", "112120290", "112121030", "113117340", "113118231", "113118511", "113119360", "113119950", "113120260", "113120591", "113120601", "113120640", "113121010", "113121220", "113121750", "113121810", "113122150"], "labels": [1, 1, 3, 2, 0, 0, 2, 1, 1, 1, 0, 2, 2, 3, 2, 1, 2, 1, 2, 1, 1, 3, 2, 1, 2, 3, 1, 2, 3, 1, 0, 2, 3, 2, 2, 2, 0, 0, 3, 2, 3, 0, 1, 3, 3, 1, 3, 3, 1, 0, 1, 1, 2, 1, 3, 3, 3, 3, 2, 3, 1, 1, 1, 3, 1, 1, 3, 1, 1, 2, 0, 1, 2, 3, 1, 2, 3, 2, 2, 3, 0, 2, 3, 3, 1, 2, 1, 3, 1, 0, 0, 0, 0, 1, 3, 0, 3, 0, 2, 2, 0, 2, 2, 1, 0, 3, 0, 2, 0, 0, 0, 3, 3, 0, 2, 0, 1, 1, 0, 3, 0, 0, 3, 1, 3, 0, 1, 0, 2, 3, 1, 0, 0, 3, 0, 2, 0, 2, 3, 0, 2, 2], "predicted_labels": [0, 3, 3, 1, 3, 0, 3, 3, 3, 0, 1, 3, 3, 1, 1, 0, 1, 3, 3, 3, 1, 3, 3, 3, 1, 0, 3, 2, 1, 1, 1, 1, 3, 1, 1, 3, 3, 1, 1, 3, 1, 0, 1, 1, 1, 1, 3, 0, 1, 3, 1, 1, 1, 3, 3, 3, 3, 0, 1, 0, 0, 1, 3, 3, 3, 1, 3, 1, 1, 1, 1, 3, 1, 3, 1, 1, 1, 1, 3, 1, 0, 1, 1, 1, 1, 1, 0, 1, 0, 1, 0, 3, 1, 1, 0, 1, 3, 1, 1, 3, 1, 3, 3, 3, 3, 1, 3, 1, 1, 3, 1, 1, 3, 3, 1, 1, 1, 3, 1, 1, 3, 3, 3, 1, 3, 1, 1, 0, 1, 1, 1, 3, 0, 1, 3, 1, 3, 1, 3, 1, 1, 3], "confidence_scores": [[0.30541000698647747, 0.26360125397478346, 0.17530293595293603, 0.25568580308580324], [0.26774880119880134, 0.23160846375846383, 0.2024401875901877, 0.2982025474525475], [0.21864846264846266, 0.24957822177822178, 0.2360567987567989, 0.2957165168165168], [0.25243720723720725, 0.274341380841381, 0.20646683316683329, 0.2667545787545788], [0.27035309690309695, 0.25278376623376636, 0.16175074370074377, 0.315112393162393], [0.3108461427461428, 0.2561872738372739, 0.1688356809856811, 0.2641309024309025], [0.27220663780663784, 0.24532219447219447, 0.18769543234543237, 0.29477573537573537], [0.24654042069042065, 0.22362140637140634, 0.19377989232989234, 0.3360582806082806], [0.23268721833721845, 0.23628219558219565, 0.2103719058719059, 0.3206586802086802], [0.30713327783327793, 0.2765714285714286, 0.17391724386724397, 0.2423780497280498], [0.23539123099123113, 0.2932634920634923, 0.21846742701742713, 0.25287784992784995], [0.25901630591630587, 0.2709137751137752, 0.18492868520368536, 0.28514123376623396], [0.19135313575313584, 0.2988344377844378, 0.19095576090576089, 0.3188566655566656], [0.24239776334776347, 0.2815037518037519, 0.195283671883672, 0.28081481296481303], [0.2570185592185593, 0.28654792429792425, 0.17666026473526478, 0.2797732517482519], [0.29794466089466093, 0.25551233766233766, 0.18548672993673004, 0.2610562715062715], [0.26752992285492294, 0.27299344544344545, 0.19694601787101793, 0.26253061383061393], [0.2626571650571651, 0.28427564102564107, 0.15155706515706519, 0.30151012876012884], [0.2798658449393744, 0.20222074037074045, 0.17553547041194112, 0.34237794427794427], [0.27013222888222893, 0.2561265012765014, 0.17215067710067722, 0.30159059274059263], [0.1675689754689756, 0.30479999999999996, 0.2401791153291154, 0.2874519092019094], [0.24151310911310925, 0.2692634199134199, 0.1786852092352093, 0.3105382617382618], [0.2562808136308137, 0.2730273226773227, 0.1855561827061828, 0.28513568098568104], [0.2302249916749917, 0.2721926961926963, 0.20754730269730276, 0.29003500943500954], [0.22226590076590097, 0.29033215118215117, 0.21911407481407497, 0.2682878732378733], [0.308723276723277, 0.2468661116661117, 0.21902056832056846, 0.2253900432900434], [0.23807758352758357, 0.2598145243645245, 0.20740690420690427, 0.29470098790098803], [0.20696832889332903, 0.25062845210345214, 0.30179881784881785, 0.24060440115440113], [0.21421376401376413, 0.3245433288933288, 0.15831377511377517, 0.30292913197913207], [0.18786093906093912, 0.3038055839585252, 0.2314442038353804, 0.27688927314515566], [0.231487051837052, 0.28208621933621936, 0.24858242313242324, 0.23784430569430579], [0.2726562937062938, 0.2857444111444112, 0.1875275045216222, 0.25407179062767304], [0.2595965645465645, 0.25284701409701416, 0.20971450216450221, 0.2778419191919193], [0.27844152236652236, 0.28050133477633477, 0.17653701298701302, 0.26452012987013], [0.23632312687312684, 0.32140779220779214, 0.18288524808524817, 0.2593838328338329], [0.26680326895326906, 0.23267063492063492, 0.20546630591630588, 0.29505979020979023], [0.2996051670551672, 0.2111628205128206, 0.17661642801642813, 0.3126155844155845], [0.24269688089688088, 0.3034425047175046, 0.19179105616605624, 0.2620695582195583], [0.2320537965302672, 0.29303256155609086, 0.20674884004884017, 0.26816480186480174], [0.257515134865135, 0.23805776445776455, 0.1850110112110113, 0.31941608946608946], [0.2524507051771759, 0.29204648652001614, 0.18152272727272742, 0.27398008103008115], [0.28416959151959154, 0.2115990897990898, 0.23961672771672776, 0.26461459096459106], [0.21940758130758145, 0.32809055389055414, 0.1641694527694529, 0.28833241203241206], [0.25395370185370203, 0.31798427128427137, 0.17064421689421705, 0.2574178099678101], [0.2875174417086183, 0.29278248418248415, 0.16893907203907202, 0.2507610020698257], [0.1863044233544235, 0.3430920579420578, 0.18831136086136094, 0.28229215784215794], [0.20101284271284264, 0.30548578643578633, 0.14996897546897553, 0.3435323953823953], [0.305427677877678, 0.23732283827283832, 0.15300275835275834, 0.3042467254967256], [0.22588307525807527, 0.34858072483072466, 0.18565041347541356, 0.2398857864357866], [0.25041842046842056, 0.23555713730713723, 0.24863376623376623, 0.265390675990676], [0.2508310633810634, 0.2996340825840829, 0.19757763902763908, 0.2519572150072151], [0.22284378676878702, 0.3168437673437674, 0.20979784104784108, 0.25051460483960475], [0.219598051948052, 0.29443658008658, 0.2240790043290045, 0.26188636363636353], [0.2704657287157288, 0.22447967587967588, 0.19161368631368636, 0.3134409090909091], [0.28058983793983805, 0.20781108336108342, 0.16902205017205024, 0.34257702852702865], [0.22461516261516268, 0.29191593406593397, 0.187265911865912, 0.29620299145299134], [0.2379318459318459, 0.2825565878565879, 0.18691116106116112, 0.29260040515040525], [0.28139073981573987, 0.2737718892218892, 0.19428811188811188, 0.25054925907425923], [0.19990691530691534, 0.33379324009324013, 0.20676007881007893, 0.259539765789766], [0.318459484959485, 0.2705728965478966, 0.1211756771006771, 0.2897919413919416], [0.3216493728493727, 0.21874179154179163, 0.15294618714618713, 0.30666264846264846], [0.28159987789987795, 0.28692934287934296, 0.16780970140970147, 0.2636610778110778], [0.21496789876789882, 0.25981632811632815, 0.17228751803751827, 0.352928255078255], [0.21844644522144532, 0.2645526640026642, 0.1871545038295038, 0.3298463869463868], [0.25144321789321794, 0.25521248196248203, 0.14979769674769672, 0.34354660339660337], [0.2479223831723833, 0.3062984737484738, 0.1712554168054169, 0.27452372627372634], [0.26475825840825834, 0.27382760017760016, 0.14576006771006772, 0.3156540737040736], [0.21215798090798088, 0.32497425417719533, 0.1651795740207505, 0.2976881908940734], [0.22456940836940845, 0.3308137806637806, 0.14800202020202025, 0.2966147907647907], [0.2133883283383284, 0.31207039072039094, 0.2213045399045401, 0.2532367410367412], [0.29072291597291594, 0.3206942057942057, 0.17839628704628704, 0.2101865911865912], [0.27574605394605406, 0.24838065823065827, 0.15380332445332456, 0.3220699633699634], [0.21673888888888895, 0.2904187590187591, 0.2264204906204908, 0.26642186147186153], [0.2523117829882537, 0.2661688308423603, 0.18635054390054395, 0.2951688422688424], [0.2447183261183262, 0.29984473304473286, 0.17565901875901882, 0.2797779220779222], [0.2851078449328449, 0.3008299950049951, 0.16991017038517037, 0.24415198967698967], [0.2598298562548563, 0.3293404040404042, 0.1786477883227884, 0.23218195138195138], [0.1902266400266401, 0.31624374514374515, 0.24484045399045418, 0.2486891608391609], [0.22331483793983803, 0.30646966921966917, 0.14223062215562218, 0.3279848706848705], [0.2731061771561772, 0.338591563991564, 0.16743299478299487, 0.22086926406926405], [0.3009764874014873, 0.25423758741258745, 0.1512107448107448, 0.29357518037518043], [0.24358569763569785, 0.32932449772449757, 0.1828636807636808, 0.2442261238761239], [0.2372640914640915, 0.3081532467532468, 0.16810797535797548, 0.28647468642468654], [0.30934396714396706, 0.31157063492063497, 0.17047480297480302, 0.2086105949605951], [0.26411072620190273, 0.32775461760461766, 0.15399696969696972, 0.2541376864965101], [0.21949598179598181, 0.3004334831834831, 0.1891992327933505, 0.2908713022271846], [0.26214102564102565, 0.2474076368076369, 0.26184790209790226, 0.22860343545343553], [0.23076264846264857, 0.29331712731712734, 0.19440379065379074, 0.28151643356643363], [0.2965014541014542, 0.26500216450216446, 0.1742413142413143, 0.26425506715506714], [0.2761076534576534, 0.3023730602730604, 0.1540783161283162, 0.26744097014097024], [0.33321965811965804, 0.2515732545232547, 0.16060541125541122, 0.2546016761016761], [0.29338823953823956, 0.25318921633921654, 0.1475379453879455, 0.3058845987345988], [0.270629156954157, 0.2938732323232322, 0.17251075591075593, 0.2629868548118549], [0.2682046564546565, 0.27801928626928635, 0.19094390886890886, 0.26283214840714847], [0.3221326978576978, 0.2310971139971141, 0.171146103896104, 0.27562408424908413], [0.2809979742479741, 0.29201392496392503, 0.1666305638805639, 0.2603575369075369], [0.23730831390831403, 0.25820777000777007, 0.20430362415362432, 0.3001802919302919], [0.25027196137196156, 0.3735391941391941, 0.12988754578754577, 0.24630129870129874], [0.22385038850038866, 0.2989391552891553, 0.1911246475746476, 0.2860858086358086], [0.20934497169497182, 0.3039957209457209, 0.17299379509379503, 0.3136655122655124], [0.24729958929958937, 0.3154713258963258, 0.18295142912642923, 0.2542776556776558], [0.22508533411033424, 0.298189183039183, 0.1683995948495949, 0.30832588800088784], [0.21669487179487196, 0.28632323232323226, 0.20850318570318568, 0.28847871017871], [0.2083243506493506, 0.3020911172161173, 0.16409646464646466, 0.32548806748806736], [0.19691646131646132, 0.28009995004995014, 0.15743219558219565, 0.3655513930513928], [0.23757739482739484, 0.3334762848262848, 0.15731709956709963, 0.2716292207792208], [0.2441566322566323, 0.260059496059496, 0.14683885003885003, 0.3489450216450215], [0.2404201520701521, 0.31607705627705646, 0.19598345543345547, 0.2475193362193364], [0.26505389610389607, 0.3092151515151515, 0.11943614718614724, 0.3062948051948054], [0.27787235542235555, 0.25093767343767354, 0.17113262293262282, 0.30005734820734825], [0.24744928959928963, 0.298885458985459, 0.19088878898878903, 0.2627764624264625], [0.26341872294372304, 0.32036291486291507, 0.16688445998446003, 0.24933390220890228], [0.22742510822510822, 0.2672662226662227, 0.18445389055389066, 0.32085477855477845], [0.2090105783105784, 0.2902443223443225, 0.1617919635919637, 0.3389531357531359], [0.23769201909201915, 0.3148510989010989, 0.15928855588855598, 0.28816832611832616], [0.2811752025752026, 0.315548656898657, 0.1595838744588745, 0.24369226606726618], [0.22082137307137317, 0.32420115995116006, 0.1654584637584638, 0.28951900321900326], [0.20413112720612725, 0.2908613164613165, 0.1899305888555889, 0.3150769674769673], [0.2784349092084386, 0.29044858752358765, 0.16080146830293898, 0.27031503496503506], [0.27878239538239535, 0.3057616217116217, 0.1689201298701299, 0.2465358530358532], [0.1950078754578754, 0.2531039904539905, 0.1671757187257188, 0.3847124153624153], [0.2676369907869911, 0.22823701298701304, 0.17802503607503614, 0.32610096015096013], [0.289837595737596, 0.25397282162282186, 0.14522743922743922, 0.3109621434121433], [0.2013520701520703, 0.3601074148074147, 0.20231100288600298, 0.23622951215451227], [0.22355774780774798, 0.2676441558441559, 0.15088434343434343, 0.357913752913753], [0.19713801198801212, 0.3024089382839384, 0.22913151440063204, 0.27132153532741765], [0.23614305139305142, 0.2794203185703187, 0.24279580974580978, 0.2416408202908203], [0.3655923465423466, 0.23948450438450453, 0.14246840936840943, 0.25245473970473986], [0.18237207041324688, 0.36471097791097784, 0.17906837280366703, 0.2738485788721083], [0.27247538295038304, 0.2940419913419914, 0.17464330391830404, 0.25883932178932173], [0.27667464757464744, 0.31580764790764787, 0.15199327339327343, 0.25552443112443113], [0.2473885725385726, 0.2824968475968476, 0.15728753468753467, 0.31282704517704524], [0.2950469696969696, 0.26282184482184484, 0.18202448107448116, 0.2601067044067046], [0.2198693750693752, 0.3329457431457432, 0.1977811688311688, 0.24940371295371302], [0.2711405344655345, 0.28431998001998005, 0.15579430846930853, 0.28874517704517716], [0.23436984126984126, 0.3224269341769342, 0.15193030858030857, 0.29127291597291605], [0.22069109779109788, 0.24998559773559773, 0.17049173604173612, 0.3588315684315683], [0.2211462481962483, 0.32231655844155843, 0.14037486124986118, 0.31616233211233197], [0.23855699855699866, 0.2801928016428018, 0.18687506382506386, 0.2943751359751359], [0.2545651626151628, 0.3197536963036962, 0.11629391164391166, 0.3093872294372295], [0.21972779997780012, 0.3595715173715174, 0.19310044400044404, 0.22760023865023876], [0.20407987012987028, 0.29368650793650797, 0.18446522366522372, 0.3177683982683982]]}}