{"test": {"ids": ["99109860", "109117110", "109118701", "109120150", "105117431", "112116810", "112119980", "113121810", "111118301", "97106970", "112117210", "110114720", "105112260", "100112060", "107119950", "100109360", "101110740", "106116370", "113120280", "111114321", "111121220", "101108121", "111115780", "99108080", "103111540", "109121410", "111117000", "100113370", "104111711", "97107821", "113119300", "97112170", "110119030", "101119030", "109119591", "107113840", "104111880", "111116990", "106114880", "99109780", "109113931", "102116340", "99111620", "110118161", "110117080", "110121720", "110120560", "105113620", "102113981", "110118810", "107118490", "102110500", "112116640", "112116800", "103120340", "108119510", "112120990", "112118890", "106116850", "107120260", "98116940", "97107260", "109117431", "106118161", "101111620", "112118930", "109117630", "106113260", "110114561", "98107410", "106112770", "108113620", "105112130", "102108621", "102114270", "112120670", "105117351", "111115620", "100107920", "103110100", "105117200", "106117790", "113121220", "106118520", "103113210", "111119930", "113120780", "108118630", "104112201", "112120630", "103111930", "105116501", "101113210", "108121160", "109119010", "113121980", "97109570", "99109840", "100111390", "113119340", "104111830", "110117110", "113118690", "99119830", "112119950", "99109161", "111119300", "109120621", "98107340", "100111620", "106120290", "107117630", "108113700", "97113260", "98109311", "111121930", "106118820", "112118820", "112118581", "111114121", "97107681", "103111110", "112116401", "98121790", "97107040", "107120880", "106114321", "104111531", "111119340", "106116441", "106114011", "97109080", "97105451", "113120531", "102109010", "112118860", "101111990", "113119320", "106116120", "104111620", "112118471", "107120010"], "labels": [2, 1, 3, 2, 1, 3, 0, 2, 3, 2, 1, 3, 3, 2, 3, 0, 3, 2, 0, 1, 3, 0, 1, 3, 1, 0, 0, 3, 1, 2, 1, 0, 0, 3, 0, 3, 3, 0, 0, 2, 1, 3, 3, 0, 1, 3, 0, 0, 1, 1, 2, 3, 0, 0, 1, 1, 2, 3, 3, 1, 2, 2, 1, 3, 3, 1, 0, 3, 0, 3, 1, 3, 1, 3, 3, 2, 0, 1, 0, 1, 3, 1, 3, 2, 3, 1, 0, 1, 0, 3, 3, 1, 3, 2, 3, 2, 0, 2, 2, 0, 3, 0, 3, 1, 0, 3, 1, 1, 0, 3, 2, 0, 0, 1, 1, 1, 3, 0, 1, 0, 3, 3, 0, 2, 2, 1, 2, 0, 3, 0, 1, 2, 0, 0, 1, 3, 2, 1, 1, 0, 1, 1], "predicted_labels": [1, 1, 3, 3, 3, 1, 1, 3, 3, 1, 1, 1, 1, 1, 1, 3, 1, 3, 3, 1, 3, 0, 1, 3, 3, 1, 1, 1, 1, 1, 1, 0, 1, 3, 1, 1, 1, 3, 1, 1, 1, 3, 1, 1, 1, 1, 3, 1, 1, 3, 1, 0, 1, 3, 3, 3, 1, 1, 1, 3, 1, 1, 1, 0, 1, 3, 3, 1, 3, 0, 1, 3, 1, 0, 1, 1, 3, 0, 0, 1, 1, 1, 3, 1, 1, 3, 3, 1, 1, 3, 1, 1, 0, 1, 3, 1, 0, 2, 3, 0, 3, 1, 3, 1, 3, 1, 1, 3, 1, 3, 1, 0, 3, 1, 1, 3, 1, 3, 1, 3, 3, 3, 3, 1, 1, 3, 0, 1, 3, 3, 3, 1, 0, 3, 1, 3, 1, 1, 1, 0, 3, 3], "confidence_scores": [[0.25552494044822344, 0.31163558532141455, 0.1912318272961472, 0.2416076469342148], [0.2310329825131532, 0.30830068664411514, 0.19783033749679124, 0.2628359933459406], [0.26676461987187894, 0.2805703562638865, 0.1658530048034929, 0.286812019060742], [0.25125495109692664, 0.26139231784006883, 0.18665429420825588, 0.3006984368547491], [0.2539605475048703, 0.28540471300810677, 0.1704708810374596, 0.29016385844956366], [0.25189885968783393, 0.27163824037693746, 0.22248327017152505, 0.25397962976370364], [0.25399488408468596, 0.29993655132409885, 0.15679002582545754, 0.28927853876575815], [0.24795200374375295, 0.2513656582526758, 0.22040259876670695, 0.28027973923686467], [0.2511183854617298, 0.27359987258191154, 0.18703656531696644, 0.28824517663939253], [0.19038944811811612, 0.30455268430707116, 0.24850807732459979, 0.2565497902502136], [0.24588028900022343, 0.290986076822073, 0.1934216887923521, 0.26971194538535165], [0.19633059092727714, 0.3088441525811475, 0.20419749278931823, 0.2906277637022578], [0.22611533932828795, 0.3228271984564978, 0.1629450448559602, 0.28811241735925425], [0.2544123362855494, 0.2720893822312189, 0.21620421061508746, 0.25729407086814465], [0.2813954466732965, 0.29163578520705785, 0.15551837763065027, 0.2714503904889957], [0.2577943015652919, 0.24324568100826024, 0.18460281218626123, 0.31435720524018723], [0.18554819241315484, 0.30226157463676356, 0.2683887764997481, 0.243801456450334], [0.2677161505438506, 0.24550399940690498, 0.18726593512525638, 0.29951391492398793], [0.2652426842363924, 0.2228637080828326, 0.167244236033122, 0.3446493716476532], [0.23337852180780735, 0.30434201589889404, 0.1664955923781754, 0.29578386991512334], [0.21449215305299824, 0.29663846480396344, 0.16479983420585673, 0.3240695479371822], [0.30019342861257103, 0.24595193927445055, 0.17037726772666995, 0.2834773643863088], [0.22583289903115447, 0.2958256255657052, 0.22018325472766648, 0.25815822067547417], [0.25264784077746616, 0.24853460677562708, 0.20584602781843794, 0.29297152462846915], [0.2138539772058144, 0.28475257919465125, 0.21495759264638672, 0.286435850953148], [0.21818884291025906, 0.3097315764768792, 0.20261123435764697, 0.2694683462552152], [0.20010134018737938, 0.3094020262982489, 0.22174474472390862, 0.2687518887904636], [0.20994998014980454, 0.29835689514685937, 0.2285976722762804, 0.26309545242705623], [0.23246012241879568, 0.2750031017146755, 0.21904498856083754, 0.2734917873056913], [0.2734522869730214, 0.3249269143292878, 0.17990379750388702, 0.22171700119380408], [0.2326641381629763, 0.3011357658000591, 0.1854178605381512, 0.2807822354988137], [0.30403694920763574, 0.2457066092193867, 0.16816231106126792, 0.28209413051170973], [0.23401966578190642, 0.29607226588734853, 0.20760752806751867, 0.2623005402632264], [0.2258248622848522, 0.25788435752998545, 0.25254543027624166, 0.263745349908921], [0.23432220375258506, 0.3079786313548086, 0.17668620823770384, 0.2810129566549028], [0.2821339065008391, 0.2928960242189239, 0.17015012304975516, 0.2548199462304823], [0.19463099202827583, 0.33513371427246624, 0.19742942945265926, 0.27280586424659925], [0.2346096380514214, 0.29301315170950903, 0.1657440257099997, 0.30663318452907046], [0.21345490270498457, 0.2889557462614591, 0.24347691215849887, 0.25411243887505786], [0.23456290559135695, 0.3161073468409796, 0.23380643690911718, 0.21552331065854655], [0.2516415347470288, 0.29206969856812387, 0.21487498775322514, 0.24141377893162283], [0.24183838266882018, 0.2636341214061839, 0.1943975337248875, 0.300129962200109], [0.22699358745811907, 0.29673598046030464, 0.23724912647151797, 0.23902130561005847], [0.2763617705490085, 0.32524656518164535, 0.1287215185821365, 0.2696701456872098], [0.20949591395603626, 0.32001708730288153, 0.17760988226710575, 0.29287711647397713], [0.24645231427189476, 0.31767106013507895, 0.15510488844999576, 0.2807717371430308], [0.23821137399674958, 0.25181852151919454, 0.23056985468361618, 0.27940024980044026], [0.23629334574672128, 0.2998028131323997, 0.21766463850530832, 0.24623920261557114], [0.26780016478492075, 0.2864353563768869, 0.1750197446623447, 0.2707447341758475], [0.2774756559350801, 0.2528018434502741, 0.17057919007956887, 0.2991433105350772], [0.21610957765929947, 0.3088574074591259, 0.22279586184188, 0.25223715303969535], [0.3106880991301582, 0.2290355050048329, 0.1830861005404548, 0.2771902953245542], [0.20800449199481919, 0.2966144979723734, 0.20032780359925653, 0.295053206433551], [0.17984968492171205, 0.31172657981945706, 0.19650805410510816, 0.3119156811537228], [0.2220324111314583, 0.2605501280093496, 0.2504343858108396, 0.2669830750483526], [0.24268893471061084, 0.282943809799834, 0.17662092295816037, 0.29774633253139504], [0.22675236141652366, 0.2778931528557658, 0.2323857700249769, 0.26296871570273433], [0.23328946673963596, 0.2902020491306088, 0.20695224192037318, 0.26955624220938273], [0.1930874604017344, 0.30053691214695133, 0.23482197904846597, 0.2715536484028488], [0.2163241632037208, 0.27513166843018966, 0.20268130243767027, 0.30586286592841955], [0.24179763274860894, 0.2910324667519489, 0.19205374921479257, 0.27511615128464995], [0.21520500535035417, 0.3008891924252857, 0.21323290532741251, 0.2706728968969478], [0.2941322760310258, 0.29616016605301243, 0.14187198057407227, 0.2678355773418899], [0.29490512687020703, 0.2903746984472137, 0.14786222456397885, 0.26685795011860086], [0.2400277269579279, 0.29266671656356374, 0.2039315243453347, 0.263374032133174], [0.22631061813014347, 0.2817723318518309, 0.19233178614814128, 0.2995852638698845], [0.23056930900954675, 0.295583793896626, 0.17189976749197505, 0.3019471296018523], [0.19658868921414088, 0.31197872149392575, 0.22966301247736298, 0.2617695768145708], [0.2769960827917394, 0.2498875849504747, 0.17421788775371655, 0.2988984445040696], [0.27667985681367524, 0.24751623281613847, 0.20073222084362302, 0.2750716895265636], [0.1932013622783363, 0.295802980582538, 0.2323737909184795, 0.2786218662206465], [0.25150709216986616, 0.27147520597818003, 0.1802757273725578, 0.2967419744793963], [0.1842035093192349, 0.28863997365333965, 0.24217291959700044, 0.2849835974304248], [0.30452801323026873, 0.23528253682049505, 0.18660337935673188, 0.27358607059250484], [0.2314838691056306, 0.285523445645303, 0.20746164431027497, 0.2755310409387919], [0.21126570937339478, 0.3138758533989103, 0.19042355273326844, 0.28443488449442694], [0.24506393528662926, 0.2849568413044218, 0.15113922277072944, 0.31884000063821966], [0.3156184735088329, 0.2452072858639147, 0.1676905588576658, 0.2714836817695865], [0.32765443238994496, 0.24004617220481464, 0.18194235384629867, 0.2503570415589418], [0.22994380760772645, 0.2857916154424353, 0.2158019945943192, 0.2684625823555193], [0.2476359963251326, 0.30990383318185827, 0.18357567568779432, 0.2588844948052152], [0.20986547310124232, 0.31260914004016466, 0.227792183629631, 0.2497332032289627], [0.22989605358164789, 0.25674707438457406, 0.18129363763848907, 0.3320632343952893], [0.2211140144301411, 0.30052733658608716, 0.2377237408554047, 0.24063490812836782], [0.24124893402018593, 0.29183363854774214, 0.1899906831161549, 0.27692674431591735], [0.22315274218909162, 0.25100331316615926, 0.2381462212071911, 0.28769772343755884], [0.23622567946671477, 0.29128449375718946, 0.17126828041931044, 0.30122154635678583], [0.22015159680027493, 0.2899988311021268, 0.21049158674170734, 0.27935798535589096], [0.2762952703188383, 0.28235389317923654, 0.15940130772076438, 0.281949528781161], [0.2911921302211956, 0.24042744568533003, 0.1566904827063914, 0.3116899413870826], [0.1950638561889918, 0.30175414456191235, 0.23343998191970894, 0.26974201732938763], [0.2464560145453063, 0.28120578204933344, 0.19253649452975707, 0.2798017088756037], [0.2961942554785907, 0.2504189610827779, 0.19816986867362865, 0.25521691476500297], [0.20975672449697447, 0.3073322309921978, 0.1961126188686419, 0.28679842564218616], [0.20452745228497773, 0.2845084656831199, 0.20692334052399997, 0.30404074150790306], [0.28944176460012516, 0.2950043490748222, 0.165468403569323, 0.25008548275572956], [0.3001834193350658, 0.24762275734963515, 0.19973535508574916, 0.2524584682295503], [0.19062477266816502, 0.26363389424222844, 0.27936892557869664, 0.26637240751091007], [0.23187235421516067, 0.25199737953019224, 0.19080861449621453, 0.3253216517584326], [0.27821690742393324, 0.2746000681299816, 0.19583483859383097, 0.25134818585225455], [0.18675332913174972, 0.29742567801732867, 0.20939530827572597, 0.3064256845751959], [0.23458357579357073, 0.332349327909777, 0.18487247850625654, 0.24819461779039578], [0.2327875628237579, 0.2535606720069173, 0.1931070147848456, 0.32054475038447966], [0.27787753958265143, 0.2802710367600151, 0.17768267966808426, 0.2641687439892492], [0.2766781279130034, 0.19392521583234204, 0.14479421163611367, 0.38460244461854093], [0.2894818958468006, 0.29857690353452626, 0.148701308666758, 0.2632398919519153], [0.2348757117277306, 0.33418210895218087, 0.1860837344817443, 0.24485844483834437], [0.22519677420325318, 0.27534749082038396, 0.1813899774053303, 0.3180657575710334], [0.19751167527739555, 0.2851655734128604, 0.23676024634499931, 0.28056250496474466], [0.24458448442008407, 0.25453044371915656, 0.24582944050617722, 0.25505563135458265], [0.24588986872771074, 0.2637670584330053, 0.2373990515435064, 0.2529440212957778], [0.3002388139068925, 0.24904638606915738, 0.17643070595021568, 0.2742840940737345], [0.20355291219750765, 0.28269798724681794, 0.227209317976026, 0.2865397825796489], [0.23090221624827803, 0.27135956049904675, 0.25152260036834007, 0.24621562288433538], [0.24686763773206327, 0.28851471358166664, 0.178486766365538, 0.28613088232073236], [0.24457320742840044, 0.2668018395865913, 0.21522179062279573, 0.27340316236221274], [0.22294547775041704, 0.29271861335055654, 0.2105908123685294, 0.27374509653049733], [0.23966880244253758, 0.2720907699254948, 0.17780007838881218, 0.3104403492431559], [0.20639630940468542, 0.30799434071747345, 0.19782729447703928, 0.2877820554008019], [0.28568993002414156, 0.27626577265343, 0.1500722674865847, 0.2879720298358438], [0.2803003786765375, 0.2762628545414881, 0.16303463026265358, 0.2804021365193209], [0.2318643027893234, 0.2442729963719484, 0.24007182021638937, 0.2837908806223394], [0.28969042663790906, 0.25659704649886883, 0.14071421883190874, 0.31299830803131345], [0.2567558290653248, 0.28059407882857124, 0.18256229413763045, 0.28008779796847394], [0.24024502485096824, 0.28119741136580095, 0.2335846757713271, 0.24497288801190378], [0.16852648570816262, 0.30162058983115914, 0.20794110132214985, 0.3219118231385287], [0.3122669521655641, 0.28493506962108756, 0.16261956564062918, 0.2401784125727193], [0.29211090195477446, 0.29613388587229894, 0.16985558539203033, 0.24189962678089638], [0.21628188731753548, 0.25797345721322307, 0.21730255992982833, 0.3084420955394139], [0.21781822086310515, 0.3125900705516744, 0.14337573192340294, 0.32621597666181773], [0.23001838575850805, 0.28956458404260255, 0.18696961771740578, 0.293447412481484], [0.22074037411296218, 0.2687049871830752, 0.250628858955554, 0.25992577974840914], [0.29395180977301477, 0.27102198923488136, 0.19069964985037383, 0.24432655114173019], [0.2383407072475726, 0.30008011493261966, 0.15206233185719562, 0.3095168459626121], [0.247352790342045, 0.27837158053759614, 0.20828056589263053, 0.2659950632277285], [0.2437859361359229, 0.28483746913126107, 0.17097359695509629, 0.3004029977777201], [0.18609649616827392, 0.2808675523496313, 0.2641929186701979, 0.2688430328118974], [0.23444398523986731, 0.3151621117434758, 0.17815599246453712, 0.2722379105521203], [0.2415381412554946, 0.2669129837448016, 0.23857560567586544, 0.2529732693238391], [0.36517937290184466, 0.23818278585121022, 0.1501957666043597, 0.2464420746425852], [0.2525165080374901, 0.26332384840663425, 0.19443776335643354, 0.2897218801994425], [0.21617639449144174, 0.2491000072250682, 0.22647228646487574, 0.3082513118186147]]}, "rewritten": {"ids": ["97105451", "97106970", "97107040", "97107260", "97107681", "97107821", "97109080", "97109570", "97112170", "97113260", "98107340", "98107410", "98109311", "98116940", "98121790", "99108080", "99109161", "99109780", "99109840", "99109860", "99111620", "99119830", "100107920", "100109360", "100111390", "100111620", "100112060", "100113370", "101108121", "101110740", "101111620", "101111990", "101113210", "101119030", "102108621", "102109010", "102110500", "102113981", "102114270", "102116340", "103110100", "103111110", "103111540", "103111930", "103113210", "103120340", "104111531", "104111620", "104111711", "104111830", "104111880", "104112201", "105112130", "105112260", "105113620", "105116501", "105117200", "105117351", "105117431", "106112770", "106113260", "106114011", "106114321", "106114880", "106116120", "106116370", "106116441", "106116850", "106117790", "106118161", "106118520", "106118820", "106120290", "107113840", "107117630", "107118490", "107119950", "107120010", "107120260", "107120880", "108113620", "108113700", "108118630", "108119510", "108121160", "109113931", "109117110", "109117431", "109117630", "109118701", "109119010", "109119591", "109120150", "109120621", "109121410", "110114561", "110114720", "110117080", "110117110", "110118161", "110118810", "110119030", "110120560", "110121720", "111114121", "111114321", "111115620", "111115780", "111116990", "111117000", "111118301", "111119300", "111119340", "111119930", "111121220", "111121930", "112116401", "112116640", "112116800", "112116810", "112117210", "112118471", "112118581", "112118820", "112118860", "112118890", "112118930", "112119950", "112119980", "112120630", "112120670", "112120990", "113118690", "113119300", "113119320", "113119340", "113120280", "113120531", "113120780", "113121220", "113121810", "113121980"], "labels": [0, 2, 2, 2, 3, 2, 2, 0, 0, 1, 0, 3, 1, 2, 2, 3, 3, 2, 2, 2, 3, 1, 0, 0, 2, 3, 2, 3, 0, 3, 3, 2, 3, 3, 3, 1, 3, 1, 3, 3, 1, 3, 1, 3, 3, 1, 0, 0, 1, 3, 3, 0, 1, 3, 0, 1, 3, 0, 1, 1, 3, 1, 2, 0, 1, 2, 0, 3, 1, 3, 2, 3, 2, 3, 0, 2, 3, 1, 1, 1, 3, 0, 1, 1, 2, 1, 1, 1, 0, 3, 3, 0, 2, 1, 0, 0, 3, 1, 0, 0, 1, 0, 0, 3, 0, 1, 1, 1, 0, 0, 3, 1, 3, 1, 3, 1, 0, 0, 0, 3, 1, 1, 1, 0, 3, 3, 1, 0, 0, 3, 2, 2, 3, 1, 1, 0, 0, 0, 0, 3, 2, 2], "predicted_labels": [0, 1, 0, 0, 0, 0, 0, 0, 0, 0, 1, 0, 0, 1, 0, 0, 0, 1, 3, 0, 0, 0, 0, 0, 0, 0, 0, 1, 0, 1, 0, 3, 0, 0, 0, 0, 0, 0, 1, 0, 0, 0, 0, 0, 1, 0, 0, 0, 0, 0, 1, 0, 1, 1, 0, 1, 0, 0, 0, 0, 0, 1, 0, 0, 0, 3, 0, 0, 0, 0, 0, 0, 0, 0, 0, 1, 0, 0, 3, 1, 0, 1, 0, 0, 3, 0, 1, 0, 0, 0, 1, 0, 3, 0, 0, 0, 0, 0, 0, 0, 0, 1, 0, 0, 0, 0, 0, 0, 0, 0, 0, 1, 0, 3, 0, 0, 0, 0, 1, 0, 0, 0, 1, 0, 0, 0, 0, 0, 1, 0, 0, 0, 0, 0, 1, 0, 3, 0, 1, 0, 0, 0], "confidence_scores": [[0.3352750454283582, 0.27407752898097965, 0.1527336702848919, 0.2379137553057704], [0.21641791596821133, 0.29733649562757003, 0.2605133766862447, 0.22573221171797417], [0.30823246679548705, 0.2483141218143724, 0.21171284665605705, 0.23174056473408353], [0.2714765045555463, 0.2692383656093721, 0.20400748691781725, 0.25527764291726474], [0.309137791986492, 0.25783411531949874, 0.1990235390186537, 0.23400455367535564], [0.3144516650839607, 0.2757971327023574, 0.18028587770716945, 0.22946532450651266], [0.27582063276440266, 0.2449230566219601, 0.21019189419960102, 0.26906441641403667], [0.3333690499835782, 0.2548640983434035, 0.17718877105924094, 0.2345780806137774], [0.34808023422718287, 0.23504558461945782, 0.16321222671401428, 0.2536619544393451], [0.2742513094604461, 0.253377358999445, 0.20509059292836107, 0.26728073861174806], [0.2696597255563922, 0.30569909050548494, 0.1867771581422476, 0.23786402579587537], [0.36962506582365684, 0.23120844416754963, 0.16780397750444045, 0.23136251250435313], [0.3360963322039047, 0.26810690283926564, 0.1671823809687759, 0.2286143839880537], [0.28864469584332875, 0.29033391272447684, 0.1830728794654672, 0.23794851196672745], [0.31146323629541917, 0.2612338091848447, 0.19881964618796574, 0.22848330833177039], [0.3567624423864068, 0.22821903333720453, 0.1718227159541784, 0.2431958083222104], [0.33979684936539906, 0.2765052179463775, 0.1694517581401102, 0.21424617454811326], [0.28599855169221416, 0.30114460565050355, 0.20110757419143224, 0.21174926846585057], [0.23345644455230075, 0.24710577055233546, 0.23932869364104867, 0.28010909125431555], [0.30661822274573275, 0.29527919780121026, 0.16918418522660253, 0.2289183942264546], [0.3039459900096338, 0.2954687145299107, 0.20050435576036876, 0.20008093970008678], [0.32042216616347313, 0.28379464016844724, 0.16614266457525106, 0.22964052909282817], [0.34222520407141976, 0.2567526379641897, 0.180223225762681, 0.22079893220170968], [0.3432947836045865, 0.2527158131008557, 0.165207755525582, 0.23878164776897576], [0.301723932394426, 0.2625437556350847, 0.20705801922603057, 0.22867429274445877], [0.3139786319564114, 0.24328122017132284, 0.1951787947198295, 0.2475613531524362], [0.31989385763325345, 0.24679345686607498, 0.15926702365910686, 0.2740456618415649], [0.26402137259452296, 0.3090427150204381, 0.20478447757699414, 0.22215143480804514], [0.33467237909774544, 0.24853608634256394, 0.18555772027712483, 0.23123381428256595], [0.24037875961661287, 0.3090995249950498, 0.20583827361738335, 0.24468344177095397], [0.2914907480169028, 0.2732292927369011, 0.18250071857590247, 0.25277924067029306], [0.24135352043229769, 0.2711350612879352, 0.1941244607307961, 0.2933869575489711], [0.32707707178604917, 0.27721553248834824, 0.18471426217066703, 0.21099313355493576], [0.3076078857215691, 0.2743532140571559, 0.17839406172967842, 0.23964483849159654], [0.32795627953575307, 0.26170374080411485, 0.1639501249600376, 0.24638985470009445], [0.2924201407560835, 0.26058643759502803, 0.17186848207872413, 0.2751249395701645], [0.30439820084756114, 0.23305602553028112, 0.17863452866876023, 0.2839112449533975], [0.3561932988425537, 0.25465213370402895, 0.1759282162433589, 0.2132263512100585], [0.27425576102482885, 0.2902245204472346, 0.19790838369640312, 0.23761133483153374], [0.2957775864611266, 0.25050847166556567, 0.1894754097788323, 0.26423853209447534], [0.3255865988157053, 0.26596802881071446, 0.16169008477841224, 0.24675528759516807], [0.34459416566507645, 0.25177617150390247, 0.17978178567735564, 0.22384787715366528], [0.35217390050235275, 0.24246273796679152, 0.1815724452175068, 0.22379091631334852], [0.297477529010528, 0.2533598951539365, 0.19498082427852279, 0.25418175155701256], [0.24723807667438286, 0.2807130741118996, 0.2011826811638755, 0.27086616804984215], [0.2707269507874806, 0.26589363623327533, 0.2201891550144559, 0.2431902579647885], [0.3105534833784882, 0.23619864899149318, 0.19386967434787977, 0.25937819328213907], [0.3246040097524573, 0.24200936140783827, 0.15361599230182, 0.2797706365378847], [0.3047631953099854, 0.27833803985129585, 0.14759541936853382, 0.2693033454701852], [0.28994478629564746, 0.2713160011521907, 0.19520432142692873, 0.24353489112523355], [0.266412762294653, 0.271073684001828, 0.19694502784281556, 0.26556852586070356], [0.3734049091281731, 0.22459965969816006, 0.1590063888617602, 0.2429890423119063], [0.2521803695272949, 0.2660686435638282, 0.2196444076890102, 0.2621065792198673], [0.2445243259978634, 0.28326277451064136, 0.22106320847251365, 0.25114969101898166], [0.30950982616444583, 0.284631233713486, 0.17261367412817066, 0.2332452659938973], [0.2851280718015848, 0.2947062055322742, 0.17054613759845932, 0.249619585067682], [0.2920363514615937, 0.25786703430831204, 0.2109812046719332, 0.23911540955816143], [0.3202680079048668, 0.2731752568826171, 0.16621925001812896, 0.24033748519438727], [0.31791871216457257, 0.2698654077669416, 0.16808057398759801, 0.24413530608088807], [0.29295112439090226, 0.23895287534310394, 0.20453817945260766, 0.26355782081338586], [0.30313659175508323, 0.2946554066548605, 0.1810421271517739, 0.2211658744382826], [0.29329190209388106, 0.3044691650335455, 0.1662300999564452, 0.23600883291612834], [0.3342358819838415, 0.2261344273006112, 0.17551357385773345, 0.26411611685781433], [0.28724135330138933, 0.2593040864611048, 0.2097004080905984, 0.24375415214690785], [0.31300148780888687, 0.24999231500658164, 0.1977318177354917, 0.23927437944904004], [0.27149438828998407, 0.24401718944054798, 0.1957327903570844, 0.2887556319123836], [0.30547972468147583, 0.24350794849958987, 0.1819137357612482, 0.2690985910576864], [0.3005532699939919, 0.24745561967536434, 0.2159082230025281, 0.23608288732811525], [0.3316481228790991, 0.2805624111966325, 0.17276447967703074, 0.2150249862472377], [0.3402686742699242, 0.2653363267070082, 0.17118479368112083, 0.22321020534194685], [0.3110292207948258, 0.25609067596452817, 0.1957008080376857, 0.23717929520296083], [0.30250083724093607, 0.2536346381848715, 0.17398595985489373, 0.2698785647192989], [0.2753797161039092, 0.2622386037695633, 0.20251435272710444, 0.2598673273994232], [0.29804642493995787, 0.24489076966727483, 0.18619941220484687, 0.2708633931879208], [0.3309931425046556, 0.21712278830751208, 0.1931322953038774, 0.2587517738839548], [0.28059951923183185, 0.29387004805177475, 0.16895508062631182, 0.25657535209008187], [0.31751565277256144, 0.26288955689365934, 0.17696212708867703, 0.2426326632451023], [0.285634054255313, 0.2620358553987002, 0.18235148156894787, 0.26997860877703916], [0.2710580860451103, 0.25154527171949753, 0.2041375307479126, 0.27325911148747956], [0.2754968478865473, 0.29545757798724787, 0.19107091192635922, 0.23797466219984556], [0.2829214906390207, 0.24180809388406743, 0.19424544887865097, 0.2810249665982611], [0.2379485113834752, 0.27449695602260377, 0.22333618190560423, 0.26421835068831734], [0.30142831212900817, 0.2562791559846068, 0.17355596583719657, 0.2687365660491884], [0.33457032475412724, 0.2450273562895076, 0.1712122505105256, 0.2491900684458397], [0.2736404037702177, 0.2656578192048067, 0.1828740883109678, 0.2778276887140081], [0.32162763736187056, 0.29484990236874487, 0.16845559677097577, 0.21506686349840878], [0.25424298745838864, 0.3376118556723777, 0.1832412658421873, 0.22490389102704642], [0.30438898731021613, 0.2891438416958668, 0.18897622308639486, 0.2174909479075224], [0.2911388512843388, 0.276526301507151, 0.18996365584600636, 0.24237119136250404], [0.34679588640023123, 0.24970431209352084, 0.1514864271894244, 0.2520133743168237], [0.22953160979425716, 0.339334975055426, 0.18080633436609528, 0.2503270807842223], [0.3390044198460493, 0.24783311036660488, 0.17885679766806176, 0.23430567211928394], [0.29054395994615567, 0.23583898076717114, 0.18122493519612112, 0.2923921240905526], [0.32155732329569214, 0.2373387816199157, 0.1571423302663148, 0.28396156481807777], [0.2855933416037976, 0.2685336933501392, 0.17666364585368025, 0.26920931919238333], [0.3611733552782016, 0.2592406756923577, 0.1448107739767384, 0.23477519505270206], [0.28571002226494224, 0.28456819872112427, 0.18421806483387218, 0.24550371418006206], [0.28593788619703786, 0.2704723287750092, 0.16896575163808433, 0.27462403338986874], [0.3005823914980173, 0.2832462685036275, 0.1897225379219235, 0.22644880207643212], [0.300953606813407, 0.29775516489950776, 0.16144813237984232, 0.23984309590724276], [0.3197332731574321, 0.2523510229094807, 0.17988111914153782, 0.24803458479154958], [0.2854336747961925, 0.2875668179063957, 0.19291220230432057, 0.23408730499309133], [0.2912057822985901, 0.24967921971597848, 0.1742193221892151, 0.28489567579621644], [0.3006719281118017, 0.283543689399056, 0.175188190179702, 0.24059619230944], [0.32988535593166324, 0.24153133951957512, 0.1706918471703608, 0.2578914573784007], [0.29387417123949916, 0.28002216261189045, 0.1810111746587245, 0.24509249148988624], [0.30475303569257384, 0.22759953271298944, 0.17981047582064258, 0.28783695577379437], [0.3118054562736153, 0.26197857278359515, 0.19575030210961933, 0.2304656688331705], [0.3052316133393827, 0.24568723951126384, 0.16400945264409705, 0.2850716945052566], [0.3093077581636049, 0.29593876342436987, 0.16655042291752148, 0.2282030554945039], [0.3499969655595243, 0.257654216545023, 0.16208629008029846, 0.23026252781515424], [0.28905670376247766, 0.3136957794103571, 0.17329217190647622, 0.2239553449206892], [0.3233305687490145, 0.2313681127054514, 0.1857183314122748, 0.25958298713325934], [0.27850897235600697, 0.2423649530019973, 0.19415019404823716, 0.2849758805937593], [0.2945478438061941, 0.28198827750419214, 0.17118271491094622, 0.25228116377866755], [0.2755341916588131, 0.24781764495058395, 0.20860398242828485, 0.2680441809623185], [0.3184339097636208, 0.23150013104043538, 0.14789256084941083, 0.30217339834653345], [0.34654625624397317, 0.2541794706533682, 0.17444232180484082, 0.2248319512978178], [0.2630145427803296, 0.2769552207953454, 0.2080611037210329, 0.2519691327032924], [0.2934574155043576, 0.26870705269918166, 0.206650386692609, 0.23118514510385219], [0.2896676372690743, 0.2623948537545888, 0.1923592131669559, 0.2555782958093812], [0.29934564536527897, 0.27702955170428284, 0.16706013389847313, 0.256564669031965], [0.2900374233209618, 0.2901565346580916, 0.1725124512969671, 0.24729359072397997], [0.29108765834497147, 0.2621680349550146, 0.18107730152753992, 0.26566700517247377], [0.3379839231710923, 0.2749441263455181, 0.17392174172400743, 0.21315020875938226], [0.2798696275581028, 0.27324098713282163, 0.1852419385223887, 0.2616474467866871], [0.2817256774375074, 0.267554671752358, 0.18175802617086112, 0.26896162463927353], [0.3185130283826677, 0.22600870925161612, 0.1720302111515859, 0.2834480512141306], [0.2723214800098814, 0.2730603705604532, 0.211305926256671, 0.24331222317299514], [0.3488525121798798, 0.23888275918666382, 0.1702888782056129, 0.24197585042784328], [0.2795292850273878, 0.27309416401652625, 0.19176317050378003, 0.25561338045230586], [0.32145780514559463, 0.23711159962956405, 0.19150172767261464, 0.24992886755222662], [0.31644616471311465, 0.25045549938385325, 0.1412110186054101, 0.29188731729762235], [0.2853130622737719, 0.2728143895764203, 0.16985258794007396, 0.27201996020973424], [0.29835212190450144, 0.32040402201431806, 0.15377130288908805, 0.2274725531920928], [0.3184321871851202, 0.23637500081416823, 0.18244111765235452, 0.2627516943483573], [0.28519693058555806, 0.22195121730752235, 0.1856537400233987, 0.30719811208352105], [0.3403649412392456, 0.2512079981164818, 0.1612492796777065, 0.24717778096656587], [0.27200779055777174, 0.2888317190566917, 0.19660808622868667, 0.24255240415685028], [0.3126933092987042, 0.22972192391006477, 0.18364468866811345, 0.27394007812311755], [0.28497795945316934, 0.26236371550414656, 0.20732323276175918, 0.24533509228092545], [0.33430571118841074, 0.2465720334014404, 0.17255508077978335, 0.24656717463036543]]}}