{"test": {"ids": ["108118060", "104116980", "113122510", "106119990", "101111310", "104113000", "103120780", "106114280", "112120640", "104112201", "98108580", "100111080", "98111860", "103120531", "107121640", "101108580", "110117200", "100108990", "107114780", "105113480", "98110230", "101111140", "113117340", "112118810", "105116501", "100111390", "98108970", "108116501", "108113480", "113120540", "113121750", "105117431", "108120060", "99108710", "112120290", "113118630", "109117600", "111116290", "106118820", "102111990", "97111790", "108120280", "107118820", "103111830", "111114321", "113122230", "97106820", "113122170", "113120751", "98112580", "101111210", "112120630", "113118421", "102114270", "112117660", "112120670", "109117080", "105110251", "107116501", "110118450", "107113200", "111115910", "106117650", "99110730", "102110500", "98108370", "113120591", "107120260", "101112201", "108115970", "97106000", "113118820", "109116040", "110115250", "113122180", "110120190", "109115380", "112119450", "105119950", "102110050", "98109230", "109118231", "106116370", "110120700", "107113550", "100116790", "112116640", "104113170", "110116300", "104118340", "100120010", "104112470", "112121030", "102113210", "106116441", "99107660", "100113210", "97106970", "108120621", "106112770", "102118380", "97110950", "102110240", "102109910", "111121190", "109116750", "105112100", "108121351", "107115250", "109117150", "108114670", "112117471", "112119320", "112116290", "106118301", "108119550", "106114880", "111117200", "110117140", "99110050", "108113760", "112117780", "113119340", "106116120", "111116040", "99119830", "101110740", "109120150", "105121370", "103113640", "110114561", "98116500", "98109570", "108114180", "100111620", "111118810", "108114360", "108117610", "99109780", "108118291", "104111880", "98107380"], "labels": [1, 1, 2, 0, 3, 1, 1, 3, 0, 0, 0, 0, 0, 3, 1, 0, 3, 2, 2, 0, 3, 2, 2, 3, 1, 2, 3, 0, 0, 3, 0, 1, 1, 2, 1, 3, 1, 2, 3, 2, 2, 3, 3, 3, 1, 1, 1, 1, 1, 2, 2, 3, 3, 3, 0, 2, 1, 0, 1, 0, 0, 2, 1, 3, 3, 1, 0, 1, 0, 2, 0, 0, 0, 1, 2, 3, 3, 3, 3, 3, 1, 1, 2, 2, 0, 2, 0, 3, 3, 2, 0, 1, 0, 3, 0, 3, 0, 2, 1, 1, 1, 3, 3, 2, 1, 0, 1, 3, 2, 2, 3, 3, 1, 0, 1, 1, 0, 0, 3, 3, 1, 0, 0, 1, 0, 1, 3, 2, 2, 1, 0, 2, 1, 1, 3, 0, 1, 3, 2, 3, 3, 1], "predicted_labels": [3, 1, 1, 3, 0, 3, 3, 1, 0, 3, 3, 1, 2, 3, 3, 0, 1, 1, 1, 3, 1, 1, 1, 3, 3, 3, 1, 3, 3, 1, 1, 3, 1, 1, 3, 1, 1, 3, 1, 1, 0, 0, 1, 3, 1, 1, 3, 1, 3, 1, 3, 0, 3, 1, 3, 1, 1, 1, 1, 1, 3, 1, 1, 2, 3, 3, 3, 3, 0, 1, 2, 1, 3, 1, 3, 3, 1, 3, 0, 3, 2, 1, 0, 3, 3, 1, 1, 1, 1, 3, 3, 1, 3, 3, 3, 0, 3, 2, 0, 1, 1, 0, 1, 3, 0, 1, 3, 1, 1, 1, 3, 1, 1, 1, 0, 1, 1, 0, 0, 1, 1, 3, 0, 1, 3, 1, 1, 1, 1, 0, 0, 3, 3, 3, 3, 3, 3, 3, 1, 0, 3, 0], "confidence_scores": [[0.14095527795532076, 0.047626940517391025, 0.061817505426443514, 0.7496002761008448], [0.009126179850579383, 0.4829490200566713, 0.08065224617004252, 0.427272553922707], [0.0431908013637848, 0.30577495447894015, 0.30384997108460277, 0.3471842730726725], [0.3650656453918778, 0.17180592662563746, 0.09498785904118864, 0.36814056894129593], [0.4865527655073865, 0.2158405326109187, 0.24402344206245694, 0.053583259819238185], [0.17514775761308016, 0.08492567455603642, 0.016654462589235138, 0.7232721052416482], [0.2071278090348815, 0.11478624948608468, 0.15253670047947876, 0.5255492409995554], [0.16593908433082363, 0.3104925084213721, 0.25724427575938, 0.2663241314884242], [0.9333354339792423, 0.020730725913885653, 0.003263717004864183, 0.04267012310200773], [0.35931581433636567, 0.22926698161033507, 0.012356232894036005, 0.39906097115926364], [0.22515424033860876, 0.10641242491491507, 0.2941716824420075, 0.37426165230446873], [0.25316444676882804, 0.2623418519851268, 0.3444104339964717, 0.14008326724957304], [0.01184661419294021, 0.03666548530340948, 0.9064398845722897, 0.04504801593136057], [0.2458628288584424, 0.24374180382824912, 0.03588777350827843, 0.4745075938050299], [0.09684050764880131, 0.3336126386040385, 0.1992621154821817, 0.3702847382649781], [0.9483523596696782, 0.0014101627171209784, 0.007634567213150788, 0.042602910400049813], [0.35909796280970496, 0.4848930511282496, 0.020352200736954765, 0.13565678532509068], [0.15558130797942976, 0.43592152226549485, 0.17928090516743922, 0.2292162645876359], [0.02459138698905566, 0.7492416214742202, 0.06077598326005755, 0.16539100827666708], [0.09743527244907561, 0.31451244412535617, 0.24215109291462808, 0.3459011905109399], [0.23513195626895553, 0.3946838514955518, 0.2240806001454781, 0.1461035920900147], [0.39856075753533277, 0.27828941852401234, 0.10198934368228262, 0.22116048025837215], [0.07934207171533908, 0.5079870234492668, 0.014175100037416292, 0.3984958047979777], [0.4213267693087495, 0.13479555725673223, 0.04867694322001613, 0.3952007302145018], [0.36903716298570005, 0.23867386516791964, 0.1011265875531062, 0.2911623842932743], [0.4114677404721832, 0.15312611134222562, 0.14354307156607268, 0.2918630766195184], [0.04143775827714383, 0.24326704235406602, 0.6520151013400787, 0.06328009802871151], [0.22234806852551364, 0.29338480219211666, 0.046764515725264605, 0.4375026135571047], [0.09490738179034079, 0.2646891125447259, 0.11952120153820266, 0.5208823041267305], [0.17633489582858328, 0.5424245982263465, 0.08002325792450662, 0.20121724802056373], [0.31237992403517784, 0.5721655843331356, 0.006160530500415506, 0.1092939611312711], [0.07804496154546399, 0.25645726807949926, 0.2492728580204495, 0.41622491235458703], [0.26266513316382173, 0.4005489332545911, 0.2561053477569216, 0.0806805858246657], [0.11130999168079733, 0.7681781578940364, 0.08250905665530789, 0.038002793769858476], [0.14946619661785174, 0.32576007010574565, 0.04054517260052601, 0.4842285606758766], [0.02735767397008715, 0.47683440792902604, 0.3243263372479809, 0.1714815808529063], [0.16436509053475404, 0.2898346301332069, 0.2312078259598301, 0.3145924533722087], [0.1828108528795912, 0.2400280807775244, 0.21085768453193726, 0.3663033818109471], [0.05977423041953015, 0.7738922556505138, 0.06403689538025814, 0.10229661854969806], [0.32685495813418713, 0.23323475341363223, 0.3208736598368957, 0.11903662861528516], [0.2569270746114067, 0.14496045719564654, 0.4073803750171835, 0.19073209317576287], [0.5415000763286567, 0.047462849316289836, 0.025330428458518, 0.3857066458965355], [0.0562892085026684, 0.5288760232260781, 0.20770370130752333, 0.20713106696373035], [0.13757193596461553, 0.07041853376710935, 0.36059719173977656, 0.43141233852849886], [0.19253362903085258, 0.5149579316466162, 0.034774868351002186, 0.25773357097152905], [0.07772527831062051, 0.44042332313391647, 0.3502239401530036, 0.13162745840245976], [0.16872994276004444, 0.21363410549271677, 0.15547826148282282, 0.4621576902644163], [0.03540590047769281, 0.20779247261514475, 0.6467761947060171, 0.11002543220114532], [0.29419935997501284, 0.053092586508363626, 0.012019658064039445, 0.640688395452584], [0.09414590883117623, 0.21689539490482443, 0.5097301698656743, 0.17922852639832532], [0.27960601711805055, 0.11897505315419761, 0.10665574411391601, 0.49476318561383614], [0.5671537062542242, 0.07199819875310369, 0.005619694913295851, 0.3552284000793763], [0.2122910115537341, 0.08929069644381082, 0.018238953214538736, 0.6801793387879161], [0.05181144075692288, 0.44793247469572767, 0.31419425169935317, 0.1860618328479963], [0.32116653734403566, 0.12761109286228145, 0.020807653381259592, 0.5304147164124231], [0.1248974584752858, 0.40438445887912694, 0.10740337567632346, 0.3633147069692639], [0.012048816179911262, 0.9451020159837152, 0.015724221575877658, 0.027124946260495778], [0.38113956422489165, 0.453227252337385, 0.04405041408078936, 0.12158276935693361], [0.16499059014129017, 0.5781972042214614, 0.03471174329259406, 0.22210046234465453], [0.12909792531745334, 0.7730410915142603, 0.024231673796449034, 0.07362930937183745], [0.1523929282857889, 0.17031710803498828, 0.004247752842383351, 0.6730422108368392], [0.09355147702197722, 0.7382230950142346, 0.00727392440277078, 0.1609515035610171], [0.16052133921797426, 0.26768391887370657, 0.3120976413302905, 0.25969710057802853], [0.018041088170500204, 0.03122507675314028, 0.9068750583597879, 0.0438587767165717], [0.46982878696158126, 0.03254140209495806, 0.09274013453691292, 0.4048896764065475], [0.20956256685037833, 0.057386317659269125, 0.3536399781827608, 0.37941113730759163], [0.18374319663614605, 0.11942999134547973, 0.18816154017004516, 0.5086652718483288], [0.21653653693842148, 0.28042071015941084, 0.0676987475858052, 0.4353440053163625], [0.6216829421447585, 0.28133601446112216, 0.0114390689792358, 0.08554197441488333], [0.21990119321865048, 0.3929241865528345, 0.15457297953260107, 0.23260164069591416], [0.15903455602917266, 0.08003882200443711, 0.5968348441372117, 0.1640917778291786], [0.2533152496750323, 0.5858225743745772, 0.006137830279363221, 0.15472434567102708], [0.15950512643797263, 0.22955877943867334, 0.03774556530609604, 0.5731905288172578], [0.060029973310316606, 0.48573596878623915, 0.025065879730281657, 0.42916817817316283], [0.039807727057865915, 0.29441378592509615, 0.20999961495155828, 0.4557788720654799], [0.04178154556214335, 0.32582751961796114, 0.12073189715087813, 0.5116590376690172], [0.0811812006455998, 0.3456274732581693, 0.24020075286617357, 0.3329905732300573], [0.400428484543682, 0.27908128090608436, 0.0029339531201891347, 0.31755628143004444], [0.7141346484008918, 0.08685914403602887, 0.05506121976861319, 0.143944987794466], [0.1534891116518014, 0.1849190782652129, 0.3963095587814738, 0.265282251301512], [0.04442099352868795, 0.010036118743268752, 0.8969453987851043, 0.04859748894293883], [0.12703153593126265, 0.6401918393419712, 0.1620920773225869, 0.070684547404179], [0.719181375980372, 0.06084892087892881, 0.03434483794283915, 0.18562486519785995], [0.09054492504446666, 0.10864642735670862, 0.03759011095724541, 0.7632185366415793], [0.1269026287342008, 0.08587679730841151, 0.18996733276652586, 0.597253241190862], [0.11509070058503558, 0.3277629827349687, 0.4227549731791054, 0.1343913435008904], [0.08919799269572154, 0.6570456523383084, 0.07235362757367893, 0.1814027273922911], [0.16018245064052092, 0.41005725497800866, 0.0577723601568956, 0.3719879342245748], [0.0938815384428861, 0.5854451802629107, 0.035387505252076706, 0.28528577604212635], [0.043566029741406775, 0.0786231759106212, 0.12966223137695146, 0.7481485629710201], [0.08112416199447361, 0.05727360167516246, 0.3884928470114714, 0.47310938931889224], [0.263215267386873, 0.4522031518630656, 0.11362809241357591, 0.17095348833648566], [0.457917157713619, 0.08701148306789039, 0.042355897963052044, 0.4127154612554387], [0.13118359116161954, 0.29557423823034495, 0.047022556016927015, 0.5262196145911084], [0.07790275811480174, 0.4236519890724755, 0.02739295516262548, 0.47105229765009693], [0.8225939186655836, 0.037988412390862585, 0.010685277109282312, 0.12873239183427143], [0.09303926090764877, 0.1346388318491945, 0.18610496233994664, 0.5862169449032102], [0.01172926414602196, 0.12116502416366802, 0.7176388952986669, 0.14946681639164314], [0.5551308294105849, 0.1320661675429336, 0.04800269905236224, 0.26480030399411925], [0.11355172767323723, 0.37874973612447466, 0.2759283071434612, 0.23177022905882694], [0.1365940298894052, 0.22029164334848808, 0.5484257132940039, 0.094688613468103], [0.8557233945742567, 0.007275489163409953, 0.04015861679299028, 0.0968424994693428], [0.36406496750537964, 0.34974554413075826, 0.07951045316357024, 0.2066790352002918], [0.3368126647247081, 0.10214269650441878, 0.17251463875867523, 0.38853000001219773], [0.681809554609534, 0.1278379520879915, 0.0060651344509674715, 0.18428735885150657], [0.44057738133404295, 0.44020353388471384, 0.03531420550764977, 0.08390487927359311], [0.3778491791544779, 0.03748903238710563, 0.06438201081740925, 0.5202797776410075], [0.3108114831387038, 0.31492730356643095, 0.07972423591120727, 0.29453697738365797], [0.161468157274395, 0.6351186972285908, 0.09898790523671101, 0.10442524026030334], [0.04422335721431404, 0.828021164857354, 0.031190224952811114, 0.09656525297552096], [0.2475656297595872, 0.28508219487752756, 0.03874481613890081, 0.4286073592239845], [0.3343273981395421, 0.4202728165755564, 0.07943578159329193, 0.16596400369160955], [0.024296122179843428, 0.7674657635873489, 0.07421525448688512, 0.1340228597459224], [0.13434473422143686, 0.4309315708887762, 0.2072200210507726, 0.22750367383901426], [0.7799104392066845, 0.07063503369132615, 0.004700739910889146, 0.14475378719110032], [0.07073192500484285, 0.18074323122998898, 0.5037803615130152, 0.24474448225215295], [0.08309977379566501, 0.20101007553822334, 0.5587253971541127, 0.15716475351199868], [0.6339827232166171, 0.10641649612891667, 0.0051790022408812, 0.25442177841358476], [0.5092965385105357, 0.3222863509065054, 0.0346580816670307, 0.13375902891592809], [0.2844747546749057, 0.4005556408020491, 0.09510138229786363, 0.21986822222518163], [0.16057804933221373, 0.5076274239523969, 0.06479173990484006, 0.26700278681054945], [0.26025990481005107, 0.24572338092482174, 0.03835952393368053, 0.45565719033144647], [0.47316821276622556, 0.17764344288696501, 0.01323041605206002, 0.3359579282947494], [0.3298670436913482, 0.505522751795484, 0.09211426446153567, 0.07249594005163212], [0.22580035332533013, 0.10446630944665063, 0.017374357541735566, 0.6523589796862836], [0.14443701880656948, 0.2971560112829796, 0.3820253864099428, 0.17638158350050798], [0.14721500968063186, 0.4096670764506452, 0.16778637601400193, 0.27533153785472136], [0.12755167504046538, 0.3673131210532085, 0.3126670664272815, 0.19246813747904473], [0.018296930935852218, 0.9031336537199013, 0.03469208551432289, 0.04387732982992366], [0.8634070537453019, 0.01505757161388997, 0.0014455842216910641, 0.12008979041911702], [0.4903031048046548, 0.17105661148298312, 0.03854919127060388, 0.30009109244175813], [0.34738476776186006, 0.04428929613957609, 0.09082330820153474, 0.5175026278970293], [0.4925838114523974, 0.08796207743245503, 0.05402104814213947, 0.3654330629730081], [0.19757677006333266, 0.3158995642124804, 0.10703931027225982, 0.37948435545192705], [0.20538755163246683, 0.09373958656802422, 0.5232798497915085, 0.17759301200800062], [0.41399957163731427, 0.13573203132091552, 0.057704878693104686, 0.3925635183486659], [0.226493145421865, 0.18592477051826756, 0.1225011953328688, 0.46508088872699876], [0.034817102348036, 0.08380631589526734, 0.06934366455167705, 0.81203291720502], [0.0709471429644653, 0.1389519246712207, 0.7389600961113707, 0.05114083625294308], [0.6531160618343967, 0.1360202510435744, 0.0035779567072548716, 0.20728573041477372], [0.015379369054937276, 0.4035733008923219, 0.09797470023554215, 0.4830726298171986], [0.8253866287254742, 0.005379542903037129, 0.11687637790482244, 0.05235745046666658]]}, "rewritten": {"ids": ["97106000", "97106820", "97106970", "97110950", "97111790", "98107380", "98108370", "98108580", "98108970", "98109230", "98109570", "98110230", "98111860", "98112580", "98116500", "99107660", "99108710", "99109780", "99110050", "99110730", "99119830", "100108990", "100111080", "100111390", "100111620", "100113210", "100116790", "100120010", "101108580", "101110740", "101111140", "101111210", "101111310", "101112201", "102109910", "102110050", "102110240", "102110500", "102111990", "102113210", "102114270", "102118380", "103111830", "103113640", "103120531", "103120780", "104111880", "104112201", "104112470", "104113000", "104113170", "104116980", "104118340", "105110251", "105112100", "105113480", "105116501", "105117431", "105119950", "105121370", "106112770", "106114280", "106114880", "106116120", "106116370", "106116441", "106117650", "106118301", "106118820", "106119990", "107113200", "107113550", "107114780", "107115250", "107116501", "107118820", "107120260", "107121640", "108113480", "108113760", "108114180", "108114360", "108114670", "108115970", "108116501", "108117610", "108118060", "108118291", "108119550", "108120060", "108120280", "108120621", "108121351", "109115380", "109116040", "109116750", "109117080", "109117150", "109117600", "109118231", "109120150", "110114561", "110115250", "110116300", "110117140", "110117200", "110118450", "110120190", "110120700", "111114321", "111115910", "111116040", "111116290", "111117200", "111118810", "111121190", "112116290", "112116640", "112117471", "112117660", "112117780", "112118810", "112119320", "112119450", "112120290", "112120630", "112120640", "112120670", "112121030", "113117340", "113118421", "113118630", "113118820", "113119340", "113120540", "113120591", "113120751", "113121750", "113122170", "113122180", "113122230", "113122510"], "labels": [0, 1, 2, 3, 2, 1, 1, 0, 3, 1, 1, 3, 0, 2, 2, 3, 2, 2, 3, 3, 1, 2, 0, 2, 3, 0, 2, 0, 0, 3, 2, 2, 3, 0, 2, 3, 3, 3, 2, 3, 3, 1, 3, 1, 3, 1, 3, 0, 1, 1, 3, 1, 2, 0, 1, 0, 1, 1, 3, 2, 1, 3, 0, 1, 2, 0, 1, 1, 3, 0, 0, 0, 2, 2, 1, 3, 1, 1, 0, 1, 1, 1, 3, 2, 0, 3, 1, 3, 1, 1, 3, 1, 3, 3, 0, 0, 1, 2, 1, 1, 2, 0, 1, 3, 3, 3, 0, 3, 2, 1, 2, 0, 2, 0, 0, 1, 0, 0, 3, 0, 0, 3, 1, 3, 1, 3, 0, 2, 0, 2, 3, 3, 0, 0, 3, 0, 1, 0, 1, 2, 1, 2], "predicted_labels": [3, 3, 2, 3, 0, 0, 3, 0, 1, 2, 3, 3, 3, 1, 3, 0, 1, 1, 1, 2, 1, 1, 1, 0, 2, 3, 1, 3, 0, 1, 1, 3, 1, 1, 0, 1, 1, 3, 0, 1, 1, 1, 3, 0, 3, 3, 1, 0, 1, 3, 1, 1, 3, 0, 0, 1, 1, 3, 0, 1, 1, 3, 1, 1, 0, 3, 1, 0, 1, 3, 3, 3, 3, 1, 1, 1, 3, 3, 1, 3, 1, 3, 3, 1, 1, 3, 3, 0, 3, 1, 3, 0, 1, 3, 3, 1, 1, 1, 3, 1, 1, 3, 3, 3, 0, 1, 1, 3, 3, 1, 1, 3, 1, 0, 0, 0, 1, 1, 1, 3, 3, 3, 1, 0, 3, 0, 0, 1, 3, 1, 3, 1, 0, 3, 1, 3, 1, 1, 1, 3, 1, 1], "confidence_scores": [[0.1238300995641303, 0.06481608109070561, 0.5609295049806197, 0.2504243143645444], [0.2106519907158864, 0.10104895556571437, 0.13059326212316907, 0.5577057915952301], [0.00740851720957715, 0.08701038675746754, 0.8484457489028949, 0.05713534713006031], [0.5341311251304102, 0.01162299426011014, 0.05675308414668986, 0.39749279646278973], [0.35978709274511994, 0.13080929010113557, 0.28798442996420864, 0.22141918718953596], [0.7952767834300516, 0.005319547835361178, 0.11132669679149959, 0.08807697194308778], [0.15090058102887194, 0.11225759067915436, 0.3364149056233456, 0.40042692266862845], [0.38863968651917585, 0.10353113524902309, 0.20538983676392134, 0.3024393414678795], [0.12034865892950969, 0.4316076305081276, 0.32913763193838164, 0.11890607862398113], [0.10270789130609893, 0.02100263546621881, 0.821130954540069, 0.05515851868761302], [0.5432988516863319, 0.04173861456494193, 0.017818971567029367, 0.397143562181697], [0.2432655169334633, 0.31620640582794685, 0.1050665314900583, 0.33546154574853176], [0.10772655801614164, 0.1248665849645125, 0.4990101847211568, 0.26839667229818887], [0.05363423163992105, 0.21158432359127105, 0.608926946640948, 0.1258544981278598], [0.17935297737550776, 0.07935679031380258, 0.10902658618948297, 0.632263646121207], [0.8777238257229385, 0.01742541320515588, 0.0025373990533009306, 0.10231336201860469], [0.13577476604890149, 0.5785830489259463, 0.1672945217051385, 0.11834766332001374], [0.04858221879660224, 0.26482263407056406, 0.6166309579332112, 0.06996418919962233], [0.41289310862776574, 0.27871769497864224, 0.10978605944414715, 0.19860313694944498], [0.00753336524556025, 0.017704783549539416, 0.9517547411105433, 0.02300711009435724], [0.06395540345351683, 0.485867811860397, 0.3005000244251526, 0.1496767602609332], [0.15862902311200827, 0.4681694880687012, 0.236465249685783, 0.13673623913350733], [0.1770977654812237, 0.23730899114655887, 0.4703959039474341, 0.11519733942478327], [0.49082410663922454, 0.09659562779515483, 0.13996364820258886, 0.2726166173630315], [0.2166699081062298, 0.09060834083247385, 0.556081686394806, 0.1366400646664903], [0.08019856733900979, 0.15882001871550594, 0.35838088280071, 0.4026005311447745], [0.21357610635619323, 0.30442440680523253, 0.28406387107933684, 0.19793561575923707], [0.08398337835228449, 0.04663653136128599, 0.6184306775748158, 0.25094941271161375], [0.8311162642068031, 0.003105683559161093, 0.014380820880722846, 0.15139723135331315], [0.12405440372138977, 0.4072308719939312, 0.17914108548367602, 0.2895736388010029], [0.3512176770292956, 0.2378090065789637, 0.16434875405506938, 0.2466245623366715], [0.20196463199740555, 0.16386709880943043, 0.07957358404036094, 0.5545946851528032], [0.3042670227327752, 0.30497442074375475, 0.30657263481123986, 0.08418592171222994], [0.4082081754147057, 0.4849752968877241, 0.011395934437295765, 0.09542059326027454], [0.588954223610368, 0.05287350834398963, 0.05599988507108016, 0.30217238297456184], [0.23257037255671117, 0.26215976443295846, 0.3757626668747831, 0.12950719613554743], [0.36459198576214896, 0.4224922859512971, 0.047406246214047175, 0.16550948207250674], [0.2483397883093215, 0.03838742085330606, 0.029457358127586385, 0.6838154327097858], [0.5201613795567603, 0.2229388252562179, 0.14136999973795397, 0.11552979544906808], [0.279002928410967, 0.3117860199423555, 0.09631889996080968, 0.3128921516858677], [0.06891412134975317, 0.43782225102958977, 0.3319316134848858, 0.16133201413577122], [0.17935436018025794, 0.27032760588353677, 0.4500910182428687, 0.10022701569333645], [0.20798342242761408, 0.07855985749107441, 0.37118335692272475, 0.3422733631585867], [0.8479283092308676, 0.029178325653968294, 0.0046929276705312065, 0.11820043744463267], [0.28022878257295103, 0.20890646653503125, 0.03753686026345569, 0.47332789062856234], [0.23157871843088162, 0.14642847752412214, 0.33578822025427363, 0.2862045837907227], [0.02336767283096677, 0.5481627141571241, 0.11278404821784171, 0.3156855647940674], [0.6733637311183828, 0.050496398198138975, 0.004359700585719349, 0.27178017009775884], [0.45531431963285784, 0.3583541532874761, 0.09792117071948259, 0.08841035636018342], [0.16702912013681334, 0.0662354834808288, 0.024897709839253646, 0.7418376865431041], [0.23734943313280837, 0.36284274054958754, 0.13355250293982382, 0.26625532337778046], [0.015469319054066073, 0.7569626272916289, 0.07747237408460966, 0.15009567956969525], [0.03229268151634819, 0.04384522696548582, 0.08716752430133674, 0.8366945672168291], [0.7847267902102214, 0.18830642308446743, 0.0028008170229349805, 0.024165969682376373], [0.5531277121794186, 0.023516806392948154, 0.033931927222065894, 0.38942355420556746], [0.13009127876443516, 0.4837027656228345, 0.19495151296768315, 0.19125444264504698], [0.3115894418010793, 0.3854420295648326, 0.053977120069461676, 0.24899140856462687], [0.17638381091849226, 0.14584329852973715, 0.24396148441547044, 0.43381140613630054], [0.6751284293908181, 0.16010868511355408, 0.02820935073747119, 0.1365535347581567], [0.05962113157828167, 0.9001367870566198, 0.016798289362322628, 0.02344379200277606], [0.15262065520507082, 0.12484815927310565, 0.6058415637190824, 0.1166896218027411], [0.2470745123071243, 0.2275574235049854, 0.13352836144590383, 0.3918397027419865], [0.1356492934386177, 0.3437959096431882, 0.35256460135479617, 0.16799019556339803], [0.28793395053340815, 0.5151199716207441, 0.09358575950731879, 0.10336031833852868], [0.5253061054396186, 0.05680341246804264, 0.053735712139717985, 0.3641547699526205], [0.2081720930101954, 0.27271140661268445, 0.051768929832146614, 0.4673475705449737], [0.07296575221151469, 0.45406480838990465, 0.3708543662937898, 0.10211507310479079], [0.7764314036222817, 0.08221523634464492, 0.0039684032604282524, 0.13738495677264503], [0.038767600320441804, 0.728392151479522, 0.14258690369283894, 0.090253344507197], [0.3698234800426315, 0.22929977620604236, 0.08137890689866922, 0.319497836852657], [0.3302004971622349, 0.07246089692516287, 0.0012989704899823015, 0.59603963542262], [0.17732474873408038, 0.17756329080397815, 0.13823142928372348, 0.5068805311782181], [0.05624941070972508, 0.3823406670744624, 0.1406499230610601, 0.42075999915475243], [0.10177667417088603, 0.3493683057229308, 0.27905236538103034, 0.26980265472515264], [0.18472036772164438, 0.5735054513639003, 0.03549295325354182, 0.2062812276609131], [0.07576548493258743, 0.5868023943450256, 0.06369754689014878, 0.2737345738322385], [0.4521020103915977, 0.1585821076309406, 0.07205506400350534, 0.31726081797395633], [0.19132960520973452, 0.18641215121977986, 0.21106686970936828, 0.41119137386111754], [0.05586541386453486, 0.44095427656345004, 0.11192592087822081, 0.3912543886937944], [0.20764429454547156, 0.26852112499851266, 0.12835567853900154, 0.3954789019170141], [0.2428283801345112, 0.3858424482512752, 0.10376538352679626, 0.26756378808741726], [0.2855414727935134, 0.15353764202197348, 0.12797436977582247, 0.4329465154086909], [0.3021354004209192, 0.3221976089727565, 0.06102213770340618, 0.3146448529029182], [0.2486576553322953, 0.3467602070590693, 0.1499242808772904, 0.254657856731345], [0.2773057649276763, 0.3734686771936944, 0.07448193771712767, 0.27474362016150145], [0.029908057024228534, 0.1291226269129661, 0.06606148741057846, 0.774907828652227], [0.2239983544931776, 0.1301704257123609, 0.098753708068219, 0.5470775117262421], [0.6092074002149668, 0.326856914943822, 0.002801076626185856, 0.06113460821502534], [0.090716655009185, 0.19299017445602534, 0.40505478700872527, 0.3112383835260644], [0.22490785363662236, 0.48723473940118583, 0.19154299002449024, 0.09631441693770158], [0.5207224124940374, 0.05780175553893081, 0.025630425757562875, 0.3958454062094691], [0.6756676389987855, 0.07293404214026557, 0.021549361574987755, 0.22984895728596105], [0.3622169548727219, 0.35492949271116475, 0.046046452946993235, 0.23680709946912049], [0.12189213509909098, 0.1800005955190921, 0.46245255234261357, 0.23565471703920332], [0.1820139388890339, 0.13741968395969845, 0.05558549363590105, 0.6249808835153671], [0.4339752450234368, 0.44923596635425217, 0.015160547601654006, 0.10162824102065696], [0.035804800473673404, 0.9185702926494191, 0.008128042984420927, 0.037496863892486514], [0.09554458658544865, 0.7127190367837241, 0.06408887753427066, 0.1276474990965566], [0.16422264370953182, 0.2742549372445283, 0.174620315778733, 0.38690210326720714], [0.17855013692628688, 0.6250414724682668, 0.1320370507679446, 0.06437133983750186], [0.24543330841707695, 0.29885984934497023, 0.2315556911645996, 0.22415115107335315], [0.3350955175306339, 0.22843895841023054, 0.1375496360142935, 0.298915888044842], [0.17010060246917, 0.15780907046234352, 0.20377526930696568, 0.4683150577615206], [0.14515443700729858, 0.41758064309143955, 0.03583380863747387, 0.40143111126378794], [0.534863947447488, 0.22757851507067628, 0.02370708938260129, 0.21385044809923434], [0.18069671050046193, 0.588038405963053, 0.027790138101328143, 0.20347474543515678], [0.14790270758368643, 0.6877352202210038, 0.05262306932554377, 0.11173900286976615], [0.05799140233852423, 0.32536197352463797, 0.197594918262927, 0.41905170587391066], [0.14561018594222727, 0.2956714791430083, 0.030389273285554106, 0.5283290616292102], [0.2062835728653579, 0.43275610118242086, 0.09081987556561531, 0.2701404503866055], [0.11576120787435676, 0.7047905118984441, 0.004333526918548785, 0.17511475330865], [0.4155580029086038, 0.10863337988573248, 0.030253254341340484, 0.4455553628643231], [0.15176801766132914, 0.29527278516023303, 0.22211012738116068, 0.3308490697972769], [0.6642754460673855, 0.18338479939815153, 0.008013035985587313, 0.1443267185488759], [0.5220283687837368, 0.15181567660237533, 0.09685388235655178, 0.22930207225733612], [0.5554286374938135, 0.16718860483521875, 0.008018593979182276, 0.269364163691785], [0.1962329248734993, 0.44226614163686945, 0.143480033741536, 0.21802089974809521], [0.0762324680146017, 0.7076142694823796, 0.06419944097038334, 0.15195382153263526], [0.37363221909642, 0.5195784592776257, 0.018121038657230196, 0.08866828296872396], [0.4495158787038486, 0.1267818000191664, 0.021779667817721636, 0.40192265345926376], [0.1896087563902946, 0.3546889776199189, 0.04870299000165876, 0.4069992759881276], [0.2596422587665962, 0.12003714469467863, 0.08192251886651074, 0.5383980776722147], [0.014098691915402237, 0.8173630408114592, 0.07886200915312784, 0.08967625812001094], [0.5585039632557439, 0.14167102807363813, 0.002558373267934515, 0.2972666354026833], [0.13014576887726337, 0.30837869706063215, 0.07497125098050851, 0.4865042830815957], [0.43364783426508474, 0.25164268679830826, 0.04123993229846372, 0.2734695466381431], [0.9471543375957014, 0.010468743593265295, 0.0021939649035052455, 0.04018295390752768], [0.07777953458847447, 0.450555573606392, 0.11095497439495122, 0.36070991741018227], [0.43640652377189515, 0.039556865525323025, 0.03242625023871856, 0.4916103604640633], [0.043230709301504106, 0.6497819119279671, 0.030897540367105597, 0.2760898384034235], [0.2519706262670865, 0.11212811746729796, 0.07632220322067111, 0.5595790530449445], [0.022212944655255074, 0.22400639638070102, 0.6290953187150756, 0.12468534024896831], [0.5839741952317802, 0.2736691236545347, 0.013759764837286206, 0.12859691627639885], [0.47136959364254594, 0.11494279435356361, 0.019881236687525505, 0.39380637531636514], [0.10335405856838226, 0.6029564951357723, 0.03255694938007757, 0.261132496915768], [0.1466206962471108, 0.1133365238840177, 0.17447091646344276, 0.565571863405429], [0.2563604522398012, 0.22794678658776704, 0.26880614994022756, 0.24688661123220396], [0.2651102059751672, 0.6726393989391263, 0.002250620510261898, 0.05999977457544466], [0.0269332497151363, 0.15984185470676954, 0.6598785628100067, 0.15334633276808723], [0.05764795323775866, 0.3135273486984416, 0.12939489673801638, 0.4994298013257833], [0.09835910888734015, 0.5313176233253254, 0.15442817478849408, 0.2158950929988404], [0.01767601686432127, 0.35670344238950746, 0.5136946283831461, 0.11192591236302507]]}}