{"test": {"ids": ["104114240", "103120340", "110117870", "110121140", "111116290", "101108621", "111120220", "104111711", "99109141", "104119290", "104113000", "111116640", "111116170", "106111321", "112118880", "109117271", "99110050", "104116441", "111116110", "98108970", "109118701", "102110690", "102109840", "98111860", "111118810", "108120060", "111116990", "102112250", "102109010", "99116500", "112118620", "113117401", "111116040", "105115680", "105120280", "108118810", "103113101", "111118301", "109121640", "97113900", "103111990", "113119700", "107114200", "110118880", "106121220", "101112540", "98106880", "99107630", "97116410", "106120640", "99107300", "107115250", "110117140", "100115700", "100108080", "101119030", "110118450", "106113260", "103113260", "109119450", "109117150", "108118630", "109119460", "106114150", "107113200", "104111531", "108117720", "107113260", "108118520", "99112641", "102112170", "112117471", "110120560", "105115380", "111119930", "98109230", "106114280", "110118111", "103113270", "109113281", "99109161", "113122430", "112118890", "102113981", "99112300", "109113931", "99111340", "106116120", "108115250", "111120640", "108115070", "101108580", "107112850", "110119300", "106117770", "110121450", "97116500", "113122320", "108115570", "109115220", "107113130", "106112770", "111120280", "99107950", "97106820", "105116650", "98112170", "109117110", "113118111", "112121360", "97116401", "103120290", "109116170", "105113190", "111121410", "110115140", "102112030", "112118421", "103110100", "112116540", "112120540", "98110710", "113118690", "103111830", "97118210", "105113620", "101112690", "98106111", "103110840", "100111270", "113121750", "101114990", "111116530", "107119130", "98110680", "104118070", "112121030", "106118301", "109116810", "98110810", "113121980", "112118161"], "labels": [0, 1, 3, 3, 2, 0, 3, 1, 3, 1, 1, 0, 0, 0, 1, 0, 3, 1, 3, 3, 3, 0, 2, 0, 0, 1, 0, 0, 1, 2, 3, 3, 0, 2, 3, 1, 3, 3, 0, 2, 2, 0, 2, 0, 1, 2, 0, 2, 3, 3, 3, 2, 3, 1, 0, 3, 0, 3, 3, 3, 2, 1, 1, 1, 0, 0, 1, 0, 0, 1, 3, 3, 0, 1, 1, 1, 3, 1, 2, 0, 3, 2, 3, 1, 0, 1, 1, 1, 1, 0, 1, 0, 1, 1, 0, 3, 2, 1, 3, 3, 1, 1, 0, 1, 1, 1, 3, 1, 1, 3, 3, 2, 0, 3, 0, 0, 2, 3, 1, 1, 3, 2, 3, 3, 2, 0, 1, 0, 1, 2, 0, 3, 3, 1, 2, 2, 0, 1, 3, 1, 2, 0], "predicted_labels": [1, 3, 1, 3, 3, 3, 1, 3, 0, 3, 3, 1, 1, 1, 3, 3, 3, 3, 3, 1, 3, 3, 1, 1, 3, 1, 0, 3, 1, 1, 3, 3, 0, 1, 1, 3, 0, 3, 3, 1, 1, 1, 3, 1, 3, 3, 3, 0, 1, 1, 3, 1, 3, 3, 1, 3, 1, 1, 1, 3, 1, 3, 3, 3, 3, 3, 1, 1, 1, 0, 0, 1, 1, 1, 1, 3, 3, 3, 3, 3, 0, 1, 3, 1, 3, 1, 1, 1, 1, 1, 1, 0, 1, 1, 3, 1, 3, 3, 3, 3, 1, 3, 3, 1, 3, 1, 3, 1, 3, 0, 3, 1, 3, 0, 1, 3, 3, 3, 3, 3, 3, 1, 1, 3, 3, 1, 3, 1, 1, 1, 1, 1, 1, 1, 1, 1, 0, 1, 1, 1, 3, 0], "confidence_scores": [[0.2319224537583869, 0.2950240479486862, 0.2001526841066266, 0.2729008141863005], [0.21552562237191783, 0.2530519567964093, 0.25327459769038435, 0.2781478231412889], [0.24326035335246637, 0.2625868128629102, 0.23752855727941766, 0.2566242765052062], [0.26439905483987836, 0.26626668414128407, 0.16521219774070062, 0.3041220632781372], [0.25376069004520646, 0.25402409881314375, 0.21450137846165782, 0.2777138326799922], [0.22828699910708058, 0.2696652415639893, 0.18901294079815414, 0.31303481853077625], [0.2395726916773965, 0.3167941878166692, 0.19119594815857055, 0.2524371723473641], [0.2365207076333651, 0.26650837687891005, 0.21921957767867695, 0.2777513378090478], [0.2872026284330945, 0.26449135162227827, 0.20439859751519543, 0.2439074224294321], [0.16011701434773679, 0.2925411847039451, 0.19206581904512818, 0.35527598190319], [0.25170659175699145, 0.242469744926524, 0.18608487727051168, 0.3197387860459728], [0.24853400215285848, 0.30340021957312646, 0.1714649353592417, 0.27660084291477405], [0.2597565637998657, 0.29655929294730643, 0.1790798122049571, 0.26460433104787123], [0.25631090753210306, 0.291492720159682, 0.17267057781240946, 0.2795257944958061], [0.23010714479722583, 0.2896230128688681, 0.18691655654944017, 0.293353285784466], [0.2634361682781861, 0.24441145121195262, 0.173781911950396, 0.31837046855946516], [0.19227697702969032, 0.2817604377162732, 0.24220068021091942, 0.2837619050431174], [0.23374908214414294, 0.2590717666642151, 0.17960952132819039, 0.3275696298634518], [0.25470430992700505, 0.2597217743235075, 0.15599621524085477, 0.3295777005086325], [0.21875119192206335, 0.30148802014325915, 0.23524112395030916, 0.24451966398436875], [0.21270106314725795, 0.27221644733559563, 0.19772712178189064, 0.317355367735256], [0.2748744794631025, 0.2619530215180037, 0.15938832295011107, 0.3037841760687827], [0.21152723607735802, 0.3100576403111283, 0.2162608233311666, 0.2621543002803471], [0.23923314569507692, 0.2832104908791891, 0.22423678160862295, 0.2533195818171116], [0.2726245475168614, 0.2430688997590906, 0.14187828980396122, 0.34242826292008693], [0.22096479056164875, 0.3166932107534092, 0.22200778508068292, 0.24033421360425916], [0.29914902495239193, 0.26412615500210995, 0.16822111198824702, 0.2685037080572514], [0.2480943880477948, 0.24482392575938214, 0.2257692372289799, 0.2813124489638435], [0.236330523456688, 0.30929581994339383, 0.2159445114900891, 0.23842914510982932], [0.1923864724765096, 0.31767877285153134, 0.25258776794626675, 0.23734698672569288], [0.23602516632400075, 0.2870252650857632, 0.17241739708042286, 0.3045321715098135], [0.20584995011636156, 0.29595248971341953, 0.19223334801292294, 0.3059642121572962], [0.293408130346728, 0.23168191405123184, 0.2168120160077815, 0.25809793959425914], [0.18350906753136073, 0.3059665514161081, 0.21231510495693925, 0.2982092760955924], [0.17712602339781902, 0.2970565023694251, 0.22897607373867868, 0.29684140049407765], [0.2547309068331877, 0.2731992686112932, 0.16946659666206051, 0.30260322789345906], [0.271930429396819, 0.2672901145054538, 0.19499335005496593, 0.2657861060427615], [0.2118357009884861, 0.2944533968583536, 0.16384878897012417, 0.32986211318303654], [0.21264640894318837, 0.2554902950884029, 0.2086350737125289, 0.3232282222558804], [0.19965462185391852, 0.2860175990190504, 0.23731274889700846, 0.27701503023002283], [0.2387688445516412, 0.32081631079265127, 0.18487083387749847, 0.2555440107782092], [0.2361111798716808, 0.30525506383419143, 0.2185829180361512, 0.2400508382579774], [0.227201015702724, 0.2529590268595555, 0.1469190719769342, 0.37292088546078644], [0.27266549372658716, 0.27520943711447704, 0.18363572137973164, 0.2684893477792045], [0.22310973151948688, 0.29414653752907965, 0.18273252125196576, 0.3000112096994681], [0.21457873604712582, 0.25890660417069106, 0.18631757724680054, 0.340197082535383], [0.22125751594030463, 0.2647668827777154, 0.21354623681053397, 0.3004293644714465], [0.29999626791080525, 0.23021157677514778, 0.1868369276531353, 0.2829552276609118], [0.2187886042647322, 0.29551864816681733, 0.2576167535073373, 0.22807599406111367], [0.20993334025790056, 0.2950973338504584, 0.23353517812860453, 0.26143414776303714], [0.22139248633189815, 0.28291427732330393, 0.17756814067954463, 0.3181250956652536], [0.21155892526103814, 0.2712665538843781, 0.2549339894139976, 0.26224053144058684], [0.1904655342418184, 0.28710641402573694, 0.21686448739873312, 0.3055635643337118], [0.24581947390634395, 0.264738347558459, 0.20667301511881597, 0.28276916341638136], [0.24072339313349866, 0.31179163623406025, 0.22058370293847324, 0.2269012676939684], [0.2886629580344939, 0.23141232233473158, 0.16866716098836612, 0.3112575586424091], [0.2014219947232747, 0.28278613332243757, 0.23674107467143687, 0.279050797282851], [0.2643722573270349, 0.26556617484818174, 0.2070802328684669, 0.26298133495631715], [0.24483060084495675, 0.2966441864110262, 0.18333675781971287, 0.27518845492430466], [0.1665192201970601, 0.2700127463172815, 0.23728837395423844, 0.32617965953142025], [0.22251712941232324, 0.30205261980734943, 0.22873298875091785, 0.24669726202940995], [0.1935544304288823, 0.289182001756935, 0.19998245885992316, 0.3172811089542599], [0.20843889392422274, 0.2738654172750083, 0.1989107259680847, 0.31878496283268415], [0.2545007420478291, 0.23473323220502187, 0.22301634147653399, 0.2877496842706151], [0.2604279933281663, 0.2088216593126711, 0.2126851738941365, 0.3180651734650267], [0.27737774608514215, 0.24660773474776554, 0.18976951962770633, 0.2862449995393863], [0.23580050874638095, 0.32756742182251547, 0.1777555242377294, 0.25887654519337416], [0.2167291555156366, 0.322443546360863, 0.18973024628869192, 0.27109705183480914], [0.21853183036984197, 0.31664192163371646, 0.186211356429774, 0.2786148915666681], [0.2587331307920255, 0.2583929011006839, 0.236022538736389, 0.24685142937090204], [0.289581561440748, 0.25581583520996676, 0.18490429422472418, 0.26969830912456105], [0.271968389471131, 0.30355560725999514, 0.1718787355125896, 0.2525972677562849], [0.24958630035047805, 0.2791034415772228, 0.22290587388382518, 0.2484043841884747], [0.21676329050866777, 0.3152133002843145, 0.23009077686263055, 0.23793263234438736], [0.27556226526040206, 0.27886514295553205, 0.20858017412900354, 0.23699241765506274], [0.1926684451527241, 0.25743441908553816, 0.25043801949787264, 0.2994591162638651], [0.2171515408226866, 0.2644003155638764, 0.17969072834488176, 0.3387574152685553], [0.27686731691816596, 0.26899009380314054, 0.1769555630300092, 0.2771870262486846], [0.2277824352686181, 0.27941600711424625, 0.18948652522207632, 0.30331503239505947], [0.23863475243102109, 0.23213408696689608, 0.16698576955793107, 0.36224539104415204], [0.29123660637896237, 0.24360359323447495, 0.21861404431145948, 0.24654575607510343], [0.19871238133428043, 0.2984319845713351, 0.21521603898791272, 0.2876395951064717], [0.25498001932395326, 0.26361087850573733, 0.17706533687228118, 0.3043437652980283], [0.24717762687502992, 0.28236891534352454, 0.20112845484655106, 0.2693250029348946], [0.2200215580873636, 0.26469329495515265, 0.23495142357508836, 0.28033372338239565], [0.23090536038982887, 0.328972810616372, 0.16300121128739725, 0.27712061770640195], [0.1968570390075774, 0.2813979348211603, 0.2635692897465336, 0.2581757364247292], [0.2701699695376816, 0.2991520489986285, 0.18204255784156467, 0.2486354236221257], [0.1896743080377221, 0.2952811009039854, 0.2284050472677897, 0.2866395437905028], [0.25493618458501116, 0.31763698056936, 0.18663029211863336, 0.24079654272699585], [0.23230099950907343, 0.3568908336292236, 0.19937452285667026, 0.21143364400503353], [0.29702519931450916, 0.19395838859273848, 0.2592413076885042, 0.24977510440424866], [0.24999637414918963, 0.2962737676196887, 0.18939496876696468, 0.26433488946415706], [0.24278788528356413, 0.29579066891964834, 0.19359125748115985, 0.2678301883156279], [0.2246598945959881, 0.27942223745691536, 0.1882907233017163, 0.3076271446453804], [0.23358632848241803, 0.31608487343597447, 0.18597556011448968, 0.26435323796711835], [0.23570778070245635, 0.26064974942190183, 0.23442290030933896, 0.269219569566303], [0.25972888458054116, 0.2777442470315536, 0.16326408941415105, 0.29926277897375453], [0.24725513670533789, 0.2811903570145757, 0.18182632658991288, 0.28972817969017367], [0.20807084763526312, 0.25415700976624456, 0.18175826193516417, 0.3560138806633284], [0.217364868541753, 0.29553188195402297, 0.26664389905994607, 0.22045935044427836], [0.24280686007636162, 0.23711729555443667, 0.21129682660940022, 0.30877901775980204], [0.2615106594151534, 0.2984459891557996, 0.1413434757950047, 0.29869987563404266], [0.1695447742090854, 0.3333090934103625, 0.24564240231627593, 0.2515037300642765], [0.24531209178396582, 0.2593496430962294, 0.1998506940213726, 0.2954875710984325], [0.2294533205491491, 0.28846043058900356, 0.22139259851951326, 0.26069365034233466], [0.22332702617293756, 0.28359427473158594, 0.2053944174317224, 0.2876842816637543], [0.2214909854259782, 0.2903243842926084, 0.19834047513864866, 0.28984415514276507], [0.23643741514775465, 0.2644355090074965, 0.15544186140564936, 0.34368521443909983], [0.2955875139551863, 0.2652587488809833, 0.18163808255036026, 0.2575156546134705], [0.2100875179826172, 0.2618982949537314, 0.25426843157491585, 0.27374575548873553], [0.23486852656555743, 0.26552127191537134, 0.2606096382572061, 0.2390005632618652], [0.21144116334896126, 0.3192688982572399, 0.14457201404891426, 0.32471792434488467], [0.3452265267212723, 0.2461259668785556, 0.17432290930441016, 0.2343245970957621], [0.27726514812851055, 0.28752926992206385, 0.14768578750422084, 0.2875197944452049], [0.23175409755889165, 0.24541928239744656, 0.21035297127668895, 0.3124736487669727], [0.22706960485267544, 0.2774686225790144, 0.21339903922612893, 0.2820627333421816], [0.2840146181116681, 0.25575970377370166, 0.16887444137282112, 0.2913512367418092], [0.25706423913252585, 0.24462344208674874, 0.19842786892183628, 0.29988444985888946], [0.21380241629037317, 0.29099561498890014, 0.17272217813591437, 0.3224797905848126], [0.2681111874840219, 0.27852981274664845, 0.15328776792032625, 0.30007123184900364], [0.19184215200237179, 0.29790986165157896, 0.21501104125514647, 0.29523694509090315], [0.2235600711721854, 0.3093472406465974, 0.18086468073992637, 0.28622800744129095], [0.2771194515122831, 0.20473658451885807, 0.1773992613049187, 0.34074470266394047], [0.26405022890439495, 0.23812472560410333, 0.20109955364233148, 0.29672549184917024], [0.2392424167766563, 0.33783400797161284, 0.20152395428472808, 0.22139962096700333], [0.22860347611199464, 0.26783544829892475, 0.22270373293096488, 0.280857342658116], [0.24156385372252684, 0.2991706402911959, 0.21693304190886142, 0.24233246407741624], [0.2509436650840888, 0.273357850660319, 0.2080514821038161, 0.26764700215177617], [0.18747724508021296, 0.3463610832982031, 0.23301041184891105, 0.23315125977267345], [0.2715764522136477, 0.29329600933992184, 0.14795605834855755, 0.2871714800978732], [0.21214933840349834, 0.3413583341981997, 0.19527600312491164, 0.25121632427339086], [0.2316761254906022, 0.38229784427186503, 0.1799384915210745, 0.20608753871645877], [0.2434761563023621, 0.31010298447279233, 0.18794484443663165, 0.25847601478821436], [0.20932577860723986, 0.2734385116454923, 0.27053436107412193, 0.2467013486731462], [0.202871084352434, 0.2916593509519096, 0.260865325342155, 0.24460423935350184], [0.3429186451668813, 0.23175093829988472, 0.14124419726678059, 0.2840862192664538], [0.26439475377611954, 0.3043487437279198, 0.13850193764458385, 0.29275456485137696], [0.2733803676864254, 0.31452459591985693, 0.1819585215445832, 0.23013651484913492], [0.2133256556275949, 0.34652455342879357, 0.24145968677917817, 0.19869010416443383], [0.2003501586980892, 0.2667151240341161, 0.20324521349921787, 0.3296895037685775], [0.29186050032165245, 0.27077338556333896, 0.18320370152226856, 0.2541624125927403]]}, "rewritten": {"ids": ["97106820", "97113900", "97116401", "97116410", "97116500", "97118210", "98106111", "98106880", "98108970", "98109230", "98110680", "98110710", "98110810", "98111860", "98112170", "99107300", "99107630", "99107950", "99109141", "99109161", "99110050", "99111340", "99112300", "99112641", "99116500", "100108080", "100111270", "100115700", "101108580", "101108621", "101112540", "101112690", "101114990", "101119030", "102109010", "102109840", "102110690", "102112030", "102112170", "102112250", "102113981", "103110100", "103110840", "103111830", "103111990", "103113101", "103113260", "103113270", "103120290", "103120340", "104111531", "104111711", "104113000", "104114240", "104116441", "104118070", "104119290", "105113190", "105113620", "105115380", "105115680", "105116650", "105120280", "106111321", "106112770", "106113260", "106114150", "106114280", "106116120", "106117770", "106118301", "106120640", "106121220", "107112850", "107113130", "107113200", "107113260", "107114200", "107115250", "107119130", "108115070", "108115250", "108115570", "108117720", "108118520", "108118630", "108118810", "108120060", "109113281", "109113931", "109115220", "109116170", "109116810", "109117110", "109117150", "109117271", "109118701", "109119450", "109119460", "109121640", "110115140", "110117140", "110117870", "110118111", "110118450", "110118880", "110119300", "110120560", "110121140", "110121450", "111116040", "111116110", "111116170", "111116290", "111116530", "111116640", "111116990", "111118301", "111118810", "111119930", "111120220", "111120280", "111120640", "111121410", "112116540", "112117471", "112118161", "112118421", "112118620", "112118880", "112118890", "112120540", "112121030", "112121360", "113117401", "113118111", "113118690", "113119700", "113121750", "113121980", "113122320", "113122430"], "labels": [1, 2, 3, 3, 2, 2, 0, 0, 3, 1, 2, 2, 1, 0, 3, 3, 2, 1, 3, 3, 3, 1, 0, 1, 2, 0, 2, 1, 0, 0, 2, 1, 3, 3, 1, 2, 0, 2, 3, 0, 1, 1, 1, 3, 2, 3, 3, 2, 2, 1, 0, 1, 1, 0, 1, 2, 1, 3, 0, 1, 2, 1, 3, 0, 1, 3, 1, 3, 1, 0, 1, 3, 1, 1, 1, 0, 0, 2, 2, 1, 1, 1, 3, 1, 0, 1, 1, 1, 0, 1, 3, 0, 3, 1, 2, 0, 3, 3, 1, 0, 0, 3, 3, 1, 0, 0, 1, 0, 3, 3, 0, 3, 0, 2, 3, 0, 0, 3, 0, 1, 3, 0, 0, 0, 1, 3, 0, 3, 3, 1, 3, 3, 0, 3, 3, 1, 3, 0, 0, 2, 1, 2], "predicted_labels": [3, 3, 3, 3, 0, 3, 1, 3, 1, 1, 1, 3, 1, 1, 3, 3, 3, 1, 0, 0, 1, 1, 1, 0, 1, 1, 1, 3, 0, 3, 3, 3, 1, 3, 1, 3, 0, 1, 0, 3, 3, 0, 0, 3, 3, 1, 3, 3, 1, 3, 3, 0, 3, 1, 3, 1, 3, 0, 1, 1, 1, 1, 3, 0, 3, 1, 3, 3, 3, 1, 0, 1, 0, 1, 1, 3, 0, 3, 0, 1, 0, 1, 3, 1, 3, 3, 3, 3, 3, 3, 3, 3, 1, 1, 1, 3, 3, 3, 3, 3, 3, 3, 3, 0, 1, 0, 1, 0, 1, 1, 3, 3, 1, 1, 1, 0, 0, 3, 3, 1, 3, 3, 1, 3, 3, 3, 0, 3, 1, 1, 3, 0, 3, 0, 3, 1, 1, 3, 3, 3, 3, 1], "confidence_scores": [[0.2497972757635029, 0.2601816263055132, 0.2081138585558783, 0.281907239375106], [0.22887168769159513, 0.2433434031379537, 0.22225759168251674, 0.3055273174879348], [0.2279743378275577, 0.25491660184978054, 0.19847354996553204, 0.31863551035712984], [0.25890271711092, 0.2612316684828143, 0.21485053457716324, 0.26501507982910305], [0.27488980950351843, 0.2521948245296761, 0.24079775201327694, 0.23211761395352867], [0.26976257411536275, 0.24010265393270222, 0.19920038103224164, 0.29093439091969386], [0.22225514607048125, 0.30084814451520864, 0.24531314419693093, 0.2315835652173796], [0.21667764212038343, 0.2559078070637626, 0.23000088192878443, 0.29741366888707005], [0.22528586339986006, 0.3075467018027452, 0.23132690445745366, 0.23584053033994146], [0.23805076971107314, 0.2844142969049847, 0.21734401167329445, 0.26019092171064806], [0.2551910813577579, 0.26270856154791683, 0.2357799567691676, 0.2463204003251581], [0.21071853638242663, 0.25590918253969613, 0.22099486178894903, 0.31237741928892854], [0.259022478191084, 0.29825860155604567, 0.2153919790785869, 0.2273269411742841], [0.2357420081779647, 0.2882774793892455, 0.21214590726542354, 0.2638346051673666], [0.2547738068258739, 0.24325077742840656, 0.199383285120344, 0.30259213062537593], [0.27155105941466645, 0.25256989397544044, 0.15119373704616215, 0.3246853095637313], [0.28464180254367627, 0.2500840991576019, 0.17032978526158327, 0.2949443130371387], [0.17965711627051065, 0.31583915011590247, 0.23918820549099812, 0.2653155281225894], [0.2831216254886082, 0.2455180681616649, 0.22983371684168666, 0.2415265895080407], [0.28496227759163245, 0.26333514378389805, 0.1994957198412823, 0.2522068587831876], [0.23466396081469015, 0.2751472689554175, 0.22230011825555496, 0.26788865197433775], [0.25682577452800365, 0.3056274312999183, 0.19874017543928488, 0.2388066187327932], [0.1896877455722218, 0.316746964001141, 0.20794373645447242, 0.28562155397216527], [0.2965562020243228, 0.23760272476690353, 0.20979159323631233, 0.25604947997246186], [0.2119453138016998, 0.31711683900306475, 0.21319579610393205, 0.25774205109130366], [0.26281534394532446, 0.29006633586813063, 0.16974238252532603, 0.27737593766121915], [0.21689509105989402, 0.33626173263965, 0.19681701500966178, 0.2500261612907947], [0.27013196732097194, 0.2547722825332235, 0.20368611843196358, 0.27140963171384125], [0.2755091499386669, 0.2301371027432291, 0.23862094699269593, 0.25573280032540874], [0.25519756502513946, 0.275891924467266, 0.188171356987374, 0.2807391535202208], [0.212647058092987, 0.27493905554526976, 0.2071478163206452, 0.305266070041098], [0.22139926553656553, 0.27246021133427667, 0.23121637942548914, 0.27492414370366913], [0.18206457004151844, 0.3291898427447317, 0.22180481300663554, 0.26694077420711465], [0.27445651173191304, 0.24684597554156573, 0.18087300373810375, 0.29782450898841767], [0.2533093294067531, 0.2879783125031492, 0.20049502747809933, 0.25821733061199864], [0.22595753204514368, 0.27951988866144556, 0.18320408700648325, 0.3113184922869275], [0.31776172856035184, 0.22223439803252135, 0.19495657877684436, 0.2650472946302826], [0.23364211486991376, 0.2929713536642, 0.23499195291772643, 0.2383945785481603], [0.2902592607851825, 0.2398031869675577, 0.18267318879600408, 0.287264363451256], [0.2254411652872792, 0.25380732475675166, 0.23695424664399012, 0.28379726331197946], [0.27588194242483444, 0.28020897626229324, 0.1634610296920481, 0.28044805162082453], [0.2826758063741993, 0.24255877788393748, 0.20178309191214797, 0.2729823238297157], [0.30277218718438526, 0.2497508979146059, 0.18612695128331416, 0.2613499636176949], [0.27924511864500123, 0.2301523334853997, 0.17875129410212515, 0.311851253767474], [0.2685067110176419, 0.27441520470790753, 0.1760506212631815, 0.28102746301126913], [0.2673130261894015, 0.2961235346605873, 0.20256230127871724, 0.23400113787129442], [0.2624671681598814, 0.2765589437006159, 0.17986626412329088, 0.28110762401621225], [0.22384665798392692, 0.2748519731070364, 0.19515872621904645, 0.30614264268999053], [0.22297220120565123, 0.3046792601559047, 0.22387915437886463, 0.2484693842595798], [0.21663171755362817, 0.27524104704870517, 0.19900635370525735, 0.3091208816924099], [0.28578433791719776, 0.2452434368750573, 0.17991038915765986, 0.2890618360500853], [0.28019604631570777, 0.23794766361391292, 0.21216295389702342, 0.2696933361733563], [0.27816817168301033, 0.24636288341984205, 0.16493003845245202, 0.3105389064446956], [0.2488365808251874, 0.29617414780984413, 0.20127486602233458, 0.2537144053426344], [0.23337384929223084, 0.25851502035600793, 0.17508820245351694, 0.3330229278982445], [0.23036789810703956, 0.27818985631580917, 0.21922105199894154, 0.27222119357821045], [0.21695599698907392, 0.23917637065109576, 0.18207651279442688, 0.36179111956540394], [0.32593357591878663, 0.21442913129828758, 0.1675924823242225, 0.29204481045870345], [0.2237053659830316, 0.3194254321025576, 0.18782353995054113, 0.26904566196387], [0.23399544599854272, 0.2910699625018265, 0.20193271198339055, 0.27300187951624066], [0.20912536331602338, 0.3046589917789596, 0.20553595518603535, 0.2806796897189822], [0.23096738043024373, 0.2741868804453026, 0.23096619074477648, 0.26387954837967786], [0.2152669569403934, 0.2770425214934909, 0.22083161177381455, 0.28685890979230144], [0.31065348868338566, 0.2513478377184032, 0.17516607567922746, 0.26283259791898395], [0.24917549956293078, 0.24156661790978118, 0.20510412429137595, 0.3041537582359125], [0.2599116682179852, 0.27885619890539093, 0.19884597573147664, 0.26238615714514746], [0.2566074271074697, 0.24394807161888776, 0.22496004118726076, 0.2744844600863822], [0.25851313998272085, 0.22389788976565322, 0.2134169052180963, 0.3041720650335301], [0.26595197938142157, 0.26579668421561714, 0.16706763870148464, 0.3011836977014768], [0.26291082543852196, 0.2798755693399663, 0.1836221752786741, 0.27359142994283764], [0.29473715438694825, 0.2544537686312593, 0.17832654377291252, 0.2724825332088807], [0.24325077060896294, 0.3224805288846063, 0.1845382081441327, 0.24973049236229872], [0.2778590743582696, 0.27026104931354705, 0.19836498732137928, 0.2535148890068043], [0.20935051792563325, 0.3075595691213096, 0.21533397675756177, 0.2677559361954957], [0.23552479612728924, 0.2876109526837717, 0.24371750745123236, 0.23314674373770697], [0.27114102961542574, 0.2356570104031888, 0.19500708909383285, 0.298194870887553], [0.27213729241122153, 0.237635165644613, 0.22434425649822162, 0.2658832854459439], [0.241798237988285, 0.28045929937508124, 0.15996321445734968, 0.31777924817928466], [0.28392102467618147, 0.2518600472543515, 0.2098382577261354, 0.25438067034333206], [0.2558476218523711, 0.29389202497630446, 0.1860512000959265, 0.2642091530753981], [0.2970003737269437, 0.27763914793943395, 0.19769724255524454, 0.22766323577837771], [0.2114053810987805, 0.2905790917914864, 0.21296136431663423, 0.28505416279309914], [0.24962739330442738, 0.27060408394350993, 0.19269697933770305, 0.28707154341435986], [0.23053558059301185, 0.3083755353633677, 0.16828547879142988, 0.2928034052521907], [0.2474204400987227, 0.2530747392820348, 0.20440926181736496, 0.2950955588018778], [0.22283251286819714, 0.2771223520528285, 0.21506618425862126, 0.28497895082035335], [0.24255191645856944, 0.23932478106148175, 0.19639942482307754, 0.32172387765687166], [0.21194542439348232, 0.27411572098323844, 0.22074118950514898, 0.29319766511813067], [0.26232073721621885, 0.23582629269821678, 0.1798043216531176, 0.32204864843244724], [0.2416458725308252, 0.26346974815931595, 0.1805390486299237, 0.3143453306799355], [0.2602861262638847, 0.23537161297063555, 0.1607939790174407, 0.34354828174803936], [0.2437585559462535, 0.28177782716063043, 0.1728439159044367, 0.3016197009886801], [0.22758304711697064, 0.34221636690956325, 0.20477041315064035, 0.22543017282282649], [0.24720264480234197, 0.28683851215449285, 0.19159891586804922, 0.2743599271751166], [0.23496296634354988, 0.29595154817846064, 0.22719418990034082, 0.24189129557764905], [0.2754804953461647, 0.2609527641821817, 0.18396293428841992, 0.27960380618323405], [0.2486005796717156, 0.2586253727182921, 0.20933631816951162, 0.2834377294404812], [0.19263118974212123, 0.27206457692430064, 0.22261723279079798, 0.3126870005427805], [0.2323592021273894, 0.25531828572993054, 0.2065228045089049, 0.30579970763377556], [0.222965781050419, 0.24835283809749936, 0.2139513029526155, 0.3147300778994665], [0.2424247222066882, 0.2546373572551441, 0.1959446349275517, 0.3069932856106163], [0.20045268633767688, 0.2873670623518236, 0.21884025891263392, 0.293339992397866], [0.22577698730128518, 0.25234450885674925, 0.23014746559197655, 0.2917310382499892], [0.3151693263934495, 0.24508990996189897, 0.1487556533248551, 0.2909851103197966], [0.21047346000312794, 0.2923773925501809, 0.21306810125420944, 0.2840810461924821], [0.2808004213843764, 0.2658125953581761, 0.18340479452693367, 0.26998218873051394], [0.22923802196252668, 0.3012746380722463, 0.19738343924550042, 0.27210390071972684], [0.2800081258271401, 0.23819770388217681, 0.2272131582157786, 0.25458101207490474], [0.2584233192875334, 0.28426680162623924, 0.18131058172405964, 0.27599929736216794], [0.2609839751699883, 0.2917749525473635, 0.17307615919063293, 0.27416491309201557], [0.2895862044408491, 0.22381275107257062, 0.18846711961156054, 0.29813392487502016], [0.2614633191287672, 0.24680094841580688, 0.1699577560969927, 0.32177797635843336], [0.24261932087941604, 0.289204589124805, 0.19176449993487674, 0.2764115900609025], [0.2553251725599532, 0.2826864098277004, 0.2233673272917285, 0.2386210903206184], [0.2788349774048715, 0.30016267986109824, 0.18312521212673863, 0.237877130607292], [0.2958018457057053, 0.23656784104141476, 0.20528689137808517, 0.26234342187479515], [0.35184898957786415, 0.21735489149105447, 0.16796252875600665, 0.2628335901750749], [0.265830354770272, 0.24444476412906319, 0.1937202332001028, 0.2960046479005623], [0.26749188296814297, 0.24496230283299755, 0.16218318378726082, 0.32536263041159896], [0.2748954497530904, 0.27572494796900165, 0.2045155731126208, 0.24486402916528732], [0.23565396675917685, 0.2904548873390463, 0.18106254448978223, 0.29282860141199496], [0.25578245921084436, 0.2950542646845998, 0.1437481393150481, 0.3054151367895077], [0.24068459477365686, 0.2961785650543716, 0.2214785564479121, 0.24165828372405979], [0.26642954988481193, 0.23871853113662425, 0.17095143396696974, 0.32390048501159413], [0.24012499993172984, 0.25939586959990496, 0.18272235488044447, 0.31775677558792104], [0.26143265675853933, 0.2822483280187627, 0.17178481901817957, 0.2845341962045186], [0.3181494752280062, 0.2354252407468838, 0.19425393699966514, 0.25217134702544514], [0.26718661890693135, 0.25615756617752145, 0.17367973424874786, 0.3029760806667998], [0.2542362007123555, 0.2861371776473016, 0.18522202137222396, 0.2744046002681193], [0.2064910915497186, 0.2969514531203956, 0.2116325769820553, 0.2849248783478306], [0.240988558462814, 0.28321153300763563, 0.1808220191563728, 0.29497788937317765], [0.28949095778110107, 0.25651095997173917, 0.1676330078457869, 0.2863650744013732], [0.28747537986057775, 0.24434987360422275, 0.17432633829448033, 0.29384840824071967], [0.3019870980271356, 0.2778471071047485, 0.18522745266283208, 0.23493834220528403], [0.263335802292308, 0.26539918535559276, 0.20324330870359708, 0.26802170364850264], [0.26102865267580033, 0.3011223808982914, 0.16372419794089957, 0.27412476848500905], [0.22860149099952093, 0.2933534805492479, 0.19187258811855748, 0.2861724403326739], [0.26522041870453184, 0.24598617570775935, 0.22159192697529084, 0.26720147861241844], [0.2705096430701219, 0.2710762849889023, 0.1632527559808204, 0.29516131596015555], [0.23485582144799885, 0.24176749900494846, 0.21296487429692126, 0.31041180525013157], [0.27789607277452977, 0.26679250147480055, 0.16306859701647508, 0.2922428287341949], [0.2212706107960245, 0.35503361307597453, 0.1963772551996913, 0.2273185209283102]]}}