{"test": {"ids": ["98106560", "108116501", "110119030", "107114621", "103113210", "97107040", "111116170", "102110240", "101112160", "107113180", "105115570", "100109890", "110116290", "98107380", "105113330", "99121440", "103112641", "111115400", "111120220", "103120531", "105120621", "102111990", "112118890", "107118520", "109116810", "99108330", "104112201", "108115870", "113122190", "108113740", "107114280", "107113200", "99107500", "97111790", "112118860", "99107300", "105118230", "97116410", "98112300", "109119460", "111116990", "111114171", "101113210", "110116300", "112116850", "111120591", "110114321", "104118070", "108118291", "99116500", "108119550", "97113260", "111120280", "112118161", "112118820", "99109740", "106116120", "108121190", "97112300", "103109791", "113120540", "113119320", "111116411", "104110960", "103110220", "112121030", "104114240", "103118291", "105121190", "100109311", "107114490", "105115900", "100112060", "108116070", "108120621", "103117461", "111120531", "110118701", "109118231", "99108310", "104112470", "105116501", "108115250", "113119700", "103120290", "101115190", "111116640", "107112840", "113121220", "100113370", "108115070", "107118820", "113122150", "113120830", "101108950", "103110760", "112121410", "99107660", "101109370", "100113210", "108114200", "109113931", "113117630", "106113360", "101108621", "103113270", "111119300", "100120010", "110114920", "98120530", "103111170", "105115720", "110116170", "110117110", "99109780", "100107920", "105117431", "102118380", "112121360", "109117080", "107116501", "112120630", "103111540", "99108520", "109117630", "100108990", "99109860", "108118630", "112118550", "99109141", "111116110", "109118820", "113120591", "113122230", "111121190", "113121410", "107113130", "110118161", "98110230", "104118340", "98108520", "97107681"], "labels": [1, 0, 0, 0, 3, 2, 0, 3, 3, 3, 0, 3, 2, 1, 3, 2, 3, 0, 3, 3, 1, 2, 3, 2, 3, 1, 0, 3, 1, 3, 3, 0, 0, 2, 3, 3, 1, 3, 2, 1, 0, 3, 3, 3, 0, 1, 1, 2, 3, 2, 1, 1, 0, 0, 0, 3, 1, 1, 2, 3, 3, 1, 0, 2, 2, 0, 0, 0, 2, 1, 3, 3, 2, 1, 1, 0, 0, 3, 1, 2, 1, 1, 1, 0, 2, 1, 0, 1, 3, 3, 1, 3, 2, 3, 2, 1, 0, 3, 1, 0, 0, 1, 0, 0, 0, 2, 1, 0, 3, 1, 2, 1, 0, 0, 2, 0, 1, 1, 3, 1, 1, 3, 1, 2, 0, 2, 2, 1, 3, 3, 3, 3, 0, 1, 1, 0, 1, 0, 3, 2, 2, 3], "predicted_labels": [1, 1, 3, 0, 1, 2, 0, 3, 1, 3, 1, 0, 3, 3, 0, 2, 1, 3, 1, 1, 3, 3, 0, 0, 3, 3, 0, 1, 3, 3, 1, 1, 1, 0, 1, 3, 3, 2, 0, 3, 3, 0, 0, 1, 0, 0, 2, 3, 1, 2, 1, 2, 3, 0, 3, 3, 3, 1, 0, 0, 1, 0, 0, 1, 3, 0, 3, 0, 1, 0, 3, 3, 2, 3, 1, 0, 1, 1, 1, 3, 2, 0, 0, 1, 1, 3, 0, 1, 0, 3, 1, 3, 3, 2, 3, 3, 3, 0, 2, 3, 1, 0, 3, 1, 0, 3, 1, 2, 1, 2, 0, 1, 1, 3, 1, 0, 2, 2, 1, 1, 0, 2, 0, 1, 0, 2, 1, 3, 3, 1, 1, 0, 0, 1, 1, 1, 2, 3, 1, 0, 0, 1], "confidence_scores": [[0.24705601975808272, 0.29923571172200686, 0.256633331360342, 0.19707493715956853], [0.1787267736614056, 0.438044503990422, 0.12202558813996449, 0.26120313420820784], [0.1007987045355338, 0.39688783096396407, 0.10058136296385499, 0.4017321015366473], [0.6176271554319497, 0.164847738096845, 0.07401596330230498, 0.14350914316890032], [0.2400614255352672, 0.2655509679735892, 0.23784357765371156, 0.256544028837432], [0.32020599889052687, 0.21099409780324596, 0.34425425753493727, 0.12454564577128992], [0.4278582461502756, 0.3558088740055937, 0.11826847855709435, 0.09806440128703629], [0.14217102833459955, 0.2947713279808341, 0.1960062524045105, 0.36705139128005587], [0.16528620982104514, 0.4142524013644781, 0.12367400363405104, 0.29678738518042574], [0.11005040407653494, 0.3525455754454757, 0.17128084415022174, 0.3661231763277676], [0.16873748103174796, 0.4746545572991508, 0.09178303822562249, 0.26482492344347874], [0.528201137399307, 0.3088436921133366, 0.061753208851602855, 0.10120196163575347], [0.14247540229576877, 0.2643194022847559, 0.18753725043411912, 0.405667944985356], [0.26868044715802564, 0.23374679907537788, 0.17630629890237254, 0.321266454864224], [0.39690072945569044, 0.37807511549731737, 0.08555075475418761, 0.13947340029280458], [0.35096978027189135, 0.12684261485723014, 0.38213984545214924, 0.14004775941872935], [0.19644438497688282, 0.3786972227652525, 0.08921274626966344, 0.3356456459882015], [0.16129603409585633, 0.2453150317376099, 0.12156780560244113, 0.47182112856409275], [0.2904787407831642, 0.3297682858656022, 0.15007131588888234, 0.22968165746235136], [0.18528541573969173, 0.44828976868125714, 0.11769622162336456, 0.2487285939556866], [0.33599282733733576, 0.2393539450367618, 0.07489128813315725, 0.34976193949274526], [0.2483506074147226, 0.22011071441457786, 0.18215596748873975, 0.34938271068195975], [0.37469135801166964, 0.2995742192596934, 0.16356618947641108, 0.16216823325222596], [0.4211126886756132, 0.2836478002099103, 0.12187276208781808, 0.1733667490266585], [0.21316370374889487, 0.29255857304663796, 0.18241861238774285, 0.31185911081672435], [0.18536793007233046, 0.16813845858111867, 0.0766478427075851, 0.5698457686389657], [0.4514335776416307, 0.26921844575605663, 0.10263869114381019, 0.1767092854585025], [0.1681201772554721, 0.5735153109845491, 0.04181029167913535, 0.21655422008084346], [0.19676355313990182, 0.18368773899969296, 0.3006051410428609, 0.31894356681754427], [0.2436005660742714, 0.26796581289785515, 0.19961451513769174, 0.28881910589018167], [0.244806399575585, 0.3672809346123345, 0.16705186377156855, 0.22086080204051226], [0.08500859682361173, 0.6066760568330662, 0.13931539486446196, 0.16899995147886007], [0.2491346525442267, 0.43760198816268864, 0.1334693760515659, 0.17979398324151882], [0.30799261232680164, 0.2276097532278419, 0.18093152078720348, 0.2834661136581531], [0.10386404944618785, 0.4084495981753791, 0.20055659631030526, 0.28712975606812774], [0.250700817353318, 0.23944475322014147, 0.1582667523277194, 0.35158767709882105], [0.10767967001287408, 0.34851184207395225, 0.1609096602535106, 0.38289882765966315], [0.18169553179499823, 0.17587119356968556, 0.46363705484283607, 0.17879621979248006], [0.4588626983347088, 0.20805845992681785, 0.10619880042262213, 0.22688004131585107], [0.14988084732195, 0.32906393017303337, 0.17225317966774276, 0.34880204283727384], [0.21774316661303791, 0.3057784664804825, 0.14528275040373467, 0.3311956165027449], [0.45148523452198824, 0.2536880164712217, 0.15071248696277748, 0.1441142620440125], [0.34202023948813864, 0.17244517550136618, 0.23792875543936065, 0.24760582957113447], [0.2824957353146141, 0.34715133976513646, 0.22139495794925132, 0.14895796697099825], [0.32285990570050616, 0.2873955584662851, 0.11509862226240088, 0.274645913570808], [0.4037641566071119, 0.3430694390858312, 0.08080102163696407, 0.17236538267009263], [0.2855713493956397, 0.1692849719414889, 0.42490446760740785, 0.12023921105546348], [0.11278322972459169, 0.31187937784402475, 0.21533018601625636, 0.36000720641512723], [0.19979875273097406, 0.4204862781278643, 0.09064030950518975, 0.2890746596359718], [0.09128015286766554, 0.30200294696796137, 0.5211137074088897, 0.08560319275548317], [0.17666711938264004, 0.4862658574774289, 0.12844449901073812, 0.20862252412919305], [0.1846065449371248, 0.1306742849846899, 0.3960761839535515, 0.28864298612463385], [0.31166525810287166, 0.2465927847884431, 0.09098075308371922, 0.350761204024966], [0.39392740365911305, 0.311859029691616, 0.15563189762405985, 0.13858166902521127], [0.159265329317899, 0.19412244282235847, 0.19142567104881786, 0.45518655681092474], [0.16866978700404653, 0.270363011218264, 0.16314051278391214, 0.39782668899377727], [0.23099671652346912, 0.24765894763495036, 0.24096006270028922, 0.2803842731412915], [0.28051304389659343, 0.3052448084838006, 0.15058508142925275, 0.2636570661903532], [0.4224269866198295, 0.18278150268417354, 0.13112684945371808, 0.263664661242279], [0.6505414276381926, 0.08798602779279359, 0.12011796073596046, 0.1413545838330534], [0.16175672044832154, 0.3588961317400921, 0.26203965305371796, 0.21730749475786842], [0.3757767977007293, 0.2800995650896103, 0.09558600969296137, 0.24853762751669925], [0.3205961677177781, 0.27824886746046584, 0.1357679995199371, 0.26538696530181893], [0.1297091738480383, 0.3888501109724261, 0.11830361321678624, 0.36313710196274934], [0.12537204650118164, 0.23465007249655287, 0.2354218339674788, 0.40455604703478687], [0.4033490825414136, 0.2151283053092821, 0.11696447436548578, 0.2645581377838186], [0.2258971381913813, 0.31741935773915025, 0.13476229358542616, 0.32192121048404226], [0.2994039650151846, 0.24282727797222825, 0.26873725564879863, 0.18903150136378846], [0.14841799111264758, 0.43485110556254863, 0.10316005697275284, 0.31357084635205096], [0.47535632445333914, 0.2542395945620491, 0.07956781457092936, 0.19083626641368254], [0.11011238705475639, 0.2141205913016076, 0.10767322782211246, 0.5680937938215237], [0.3824534890921527, 0.13704296427072704, 0.09385057332630216, 0.38665297331081805], [0.0915320916028199, 0.18472967790682535, 0.4775135996314314, 0.2462246308589234], [0.16991610914739694, 0.2999014572270678, 0.21567765720993393, 0.31450477641560143], [0.24304178864862896, 0.46200467339211854, 0.06031683660920196, 0.23463670135005077], [0.3990877497224398, 0.326338640879217, 0.08362876841102056, 0.19094484098732262], [0.27390537318415736, 0.34766188482892835, 0.11861765867392703, 0.25981508331298725], [0.16849032994062668, 0.4144266298647876, 0.0687791568810354, 0.34830388331355033], [0.1996971960614336, 0.4444609892227482, 0.22220532107363733, 0.13363649364218097], [0.2522657418638292, 0.2723624463523426, 0.14402755609747334, 0.33134425568635495], [0.17264707102608212, 0.210199085151354, 0.3411925040217238, 0.27596133980084026], [0.43295155712350203, 0.176415700551343, 0.10093238519497201, 0.2897003571301829], [0.30713263878792335, 0.13652070522002901, 0.3010870398630521, 0.25525961612899545], [0.11253207898424131, 0.5682892282059973, 0.12861809135945948, 0.19056060145030204], [0.08608514718528813, 0.5294823107720474, 0.08632643190962348, 0.298106110133041], [0.11947332629826808, 0.2847184567070307, 0.20124797104658246, 0.3945602459481186], [0.3802570964042997, 0.25683198340481, 0.10095192062659004, 0.2619589995643004], [0.11892317111121413, 0.6123370136011074, 0.21784865659859026, 0.05089115868908814], [0.35651496692747797, 0.22908712902318024, 0.14233526760912707, 0.27206263644021494], [0.15906088127769655, 0.17024361078508063, 0.14904406938831538, 0.5216514385489074], [0.27936644855786646, 0.35925562693222146, 0.11273481352576624, 0.24864311098414604], [0.12280218787892593, 0.32927984887499145, 0.12802373434769335, 0.4198942288983894], [0.08143695035171722, 0.14271931535494425, 0.0947173445051044, 0.6811263897882341], [0.07956699275486603, 0.17200211296892026, 0.4506212336411058, 0.297809660635108], [0.08793003421531882, 0.14807327392263728, 0.33191047029751825, 0.4320862215645256], [0.24855718000824972, 0.14792671675273525, 0.20210458764208977, 0.4014115155969253], [0.28774487133542676, 0.23230939493763875, 0.12196794494132447, 0.3579777887856101], [0.3196910527718251, 0.2580451511204871, 0.10424224492012217, 0.3180215511875656], [0.13921902915351847, 0.21437559573799525, 0.4197691779291093, 0.22663619717937705], [0.17465658048886354, 0.2417787812466498, 0.15645930101276104, 0.4271053372517256], [0.18593613680118812, 0.3458946061088016, 0.19026568275539693, 0.2779035743346133], [0.5278777558171905, 0.13483233422175697, 0.0940238727142592, 0.24326603724679335], [0.21773009560260517, 0.16454565320655945, 0.22905057184525485, 0.3886736793455805], [0.2751677479886316, 0.3250926832929949, 0.09577376199683527, 0.3039658067215384], [0.3681684184142749, 0.2756537945976481, 0.08595416809585613, 0.2702236188922209], [0.08620511155918151, 0.14671243033743173, 0.16312138329285938, 0.6039610748105274], [0.17423814882013722, 0.3744549400259614, 0.13160660133368404, 0.3197003098202173], [0.2081021715711079, 0.21557698119337984, 0.30456164769302546, 0.2717591995424868], [0.37800773757926, 0.4043108760128913, 0.0980095640872345, 0.11967182232061417], [0.22339415426044643, 0.23034409095651817, 0.34449969094097077, 0.20176206384206477], [0.33559332817598847, 0.26765652871599077, 0.07784066368789949, 0.31890947942012143], [0.13757088378045396, 0.5167874006419133, 0.1440529803666937, 0.20158873521093895], [0.2111874794596809, 0.5669030548563374, 0.0546974027333062, 0.16721206295067562], [0.11058421576710104, 0.364608570344914, 0.12047136115303636, 0.4043358527349488], [0.169433906498457, 0.3287110739020795, 0.25431006627302666, 0.24754495332643695], [0.3532505868582682, 0.3259779910753326, 0.13261237831867656, 0.1881590437477226], [0.16067473990953302, 0.23371800701118833, 0.3942071314091188, 0.21140012167015995], [0.19323420742414202, 0.2576425914274251, 0.3526344278825273, 0.19648877326590564], [0.10434181189353942, 0.6204600918859644, 0.09974999701013715, 0.17544809921035903], [0.1999122067745329, 0.4349640036949547, 0.16837478212843918, 0.19674900740207318], [0.5666505461902883, 0.22613621999043204, 0.0808249498519541, 0.1263882839673257], [0.14894752885442394, 0.23571300058888936, 0.4171534720400686, 0.19818599851661817], [0.32552836392039913, 0.2903056228973816, 0.13034284485234557, 0.2538231683298737], [0.2526894603652218, 0.3862942726003136, 0.1258946511971665, 0.23512161583729804], [0.3423435411990072, 0.2288247222159219, 0.2087803583623614, 0.22005137822270962], [0.12500831269576507, 0.21897164437735347, 0.45815753553582617, 0.19786250739105532], [0.1424224953611048, 0.5581727701921204, 0.09691369772483482, 0.20249103672194], [0.08544240847717624, 0.16995537432472654, 0.1260162717187261, 0.6185859454793713], [0.19718377003771204, 0.2687599322391553, 0.2481354909309888, 0.28592080679214404], [0.20885081023231544, 0.40327416961492146, 0.12547558436888903, 0.2623994357838741], [0.16339495319649577, 0.49819510834506897, 0.11479658393934679, 0.2236133545190887], [0.3538821809705396, 0.2552358736738363, 0.11252725435874698, 0.27835469099687726], [0.3805978990094911, 0.19486889016954012, 0.1575757505880909, 0.26695746023287775], [0.12537871689460156, 0.39619354741728946, 0.15846317345877725, 0.3199645622293318], [0.16856954610206704, 0.5354948697138342, 0.10879480558815957, 0.18714077859593922], [0.26074807485092655, 0.2957111322374561, 0.17977162152324921, 0.26376917138836814], [0.2199896281572344, 0.23557102975296745, 0.2963872201351687, 0.24805212195462942], [0.2420215998177635, 0.25896746394393366, 0.060893883770487094, 0.43811705246781574], [0.24347962843504803, 0.4041545116808915, 0.04375785668016894, 0.3086080032038916], [0.48833851318094945, 0.24225420155241886, 0.05966922942352217, 0.20973805584310942], [0.3321413774188448, 0.3160889374415762, 0.12342862077815601, 0.22834106436142312], [0.27927168558985155, 0.3410369277120521, 0.1678693053423302, 0.2118220813557661]]}, "rewritten": {"ids": ["97107040", "97107681", "97111790", "97112300", "97113260", "97116410", "98106560", "98107380", "98108520", "98110230", "98112300", "98120530", "99107300", "99107500", "99107660", "99108310", "99108330", "99108520", "99109141", "99109740", "99109780", "99109860", "99116500", "99121440", "100107920", "100108990", "100109311", "100109890", "100112060", "100113210", "100113370", "100120010", "101108621", "101108950", "101109370", "101112160", "101113210", "101115190", "102110240", "102111990", "102118380", "103109791", "103110220", "103110760", "103111170", "103111540", "103112641", "103113210", "103113270", "103117461", "103118291", "103120290", "103120531", "104110960", "104112201", "104112470", "104114240", "104118070", "104118340", "105113330", "105115570", "105115720", "105115900", "105116501", "105117431", "105118230", "105120621", "105121190", "106113360", "106116120", "107112840", "107113130", "107113180", "107113200", "107114280", "107114490", "107114621", "107116501", "107118520", "107118820", "108113740", "108114200", "108115070", "108115250", "108115870", "108116070", "108116501", "108118291", "108118630", "108119550", "108120621", "108121190", "109113931", "109116810", "109117080", "109117630", "109118231", "109118820", "109119460", "110114321", "110114920", "110116170", "110116290", "110116300", "110117110", "110118161", "110118701", "110119030", "111114171", "111115400", "111116110", "111116170", "111116411", "111116640", "111116990", "111119300", "111120220", "111120280", "111120531", "111120591", "111121190", "112116850", "112118161", "112118550", "112118820", "112118860", "112118890", "112120630", "112121030", "112121360", "112121410", "113117630", "113119320", "113119700", "113120540", "113120591", "113120830", "113121220", "113121410", "113122150", "113122190", "113122230"], "labels": [2, 3, 2, 2, 1, 3, 1, 1, 2, 3, 2, 1, 3, 0, 3, 2, 1, 2, 3, 3, 2, 2, 2, 2, 0, 2, 1, 3, 2, 0, 3, 0, 0, 2, 1, 3, 3, 1, 3, 2, 1, 3, 2, 1, 2, 1, 3, 3, 2, 0, 0, 2, 3, 2, 0, 1, 0, 2, 2, 3, 0, 1, 3, 1, 1, 1, 1, 2, 0, 1, 1, 1, 3, 0, 3, 3, 0, 1, 2, 3, 3, 0, 1, 1, 3, 1, 0, 3, 1, 1, 1, 1, 1, 3, 1, 0, 1, 3, 1, 1, 3, 0, 2, 3, 0, 0, 3, 0, 3, 0, 3, 0, 0, 0, 0, 1, 3, 0, 0, 1, 1, 0, 0, 3, 0, 3, 3, 3, 0, 3, 0, 0, 1, 0, 3, 0, 3, 3, 0, 2, 1, 1], "predicted_labels": [2, 1, 0, 3, 0, 2, 1, 0, 0, 1, 1, 3, 0, 1, 1, 0, 1, 0, 0, 1, 1, 1, 2, 2, 0, 3, 0, 1, 3, 3, 3, 2, 1, 3, 1, 3, 1, 3, 0, 3, 1, 0, 1, 3, 0, 3, 0, 1, 3, 0, 0, 1, 1, 1, 3, 2, 1, 3, 0, 1, 1, 1, 3, 0, 2, 1, 3, 1, 0, 1, 1, 2, 1, 1, 0, 3, 0, 0, 3, 3, 1, 2, 1, 3, 1, 1, 1, 0, 3, 1, 0, 1, 0, 3, 1, 0, 1, 3, 3, 0, 0, 1, 1, 1, 1, 0, 1, 1, 0, 3, 1, 1, 0, 3, 2, 3, 1, 0, 3, 0, 1, 0, 1, 0, 3, 3, 1, 2, 0, 1, 3, 3, 3, 1, 1, 3, 2, 3, 3, 3, 3, 1], "confidence_scores": [[0.1619916398605094, 0.1957220418486591, 0.5297110177064145, 0.11257530058441709], [0.2705183928614366, 0.361690996730074, 0.16260772944474666, 0.20518288096374282], [0.2900562715182959, 0.2603783372495001, 0.2069799201066604, 0.24258547112554352], [0.24737533829724576, 0.16197446752770323, 0.17526588488988443, 0.4153843092851666], [0.3289734697682913, 0.25307226539960226, 0.2171323042654583, 0.20082196056664825], [0.15369612673625763, 0.16714416845687657, 0.5203863940606619, 0.15877331074620407], [0.2540765205144963, 0.307419311979164, 0.24099822692088216, 0.19750594058545773], [0.3877535261997242, 0.20914064152166084, 0.12119337796684286, 0.2819124543117721], [0.38848961162346396, 0.2579764029156167, 0.14005517707550072, 0.21347880838541855], [0.40167096929658114, 0.43292795909973814, 0.034903388304173125, 0.1304976832995076], [0.1432261434597944, 0.3966632197086241, 0.20881466937015322, 0.2512959674614283], [0.25646394226284835, 0.2967251562069455, 0.148247803813932, 0.29856309771627404], [0.4035442755617046, 0.1828954285131173, 0.08688009000010097, 0.3266802059250772], [0.24552183666795072, 0.48032177672631654, 0.10386583872395069, 0.17029054788178197], [0.3066146195548815, 0.3509165824153944, 0.09256706645617872, 0.2499017315735454], [0.4622602612360705, 0.196922429946814, 0.12385308283170157, 0.216964225985414], [0.19248996859073184, 0.5833656387956689, 0.052570905187485986, 0.1715734874261132], [0.33214361272330944, 0.31957895661601404, 0.1093220667806581, 0.23895536388001848], [0.5211537036767432, 0.2715536125029701, 0.05438168918283135, 0.15291099463745547], [0.12064457408074022, 0.4301627167052457, 0.1435304972995321, 0.30566221191448195], [0.16566552421026384, 0.34655188144588617, 0.332333819418844, 0.1554487749250059], [0.14408080802472473, 0.5685137949146617, 0.10054397140203725, 0.18686142565857625], [0.08499256798048233, 0.3742081482440087, 0.4524109094480996, 0.08838837432740962], [0.15805499383922728, 0.17171615275561136, 0.4736466761903029, 0.1965821772148584], [0.428280384997299, 0.28816108336553137, 0.1172279345545094, 0.1663305970826602], [0.13976834708506178, 0.25204088434561817, 0.2957875541724422, 0.3124032143968777], [0.45126028677658625, 0.35780084622791625, 0.07326522430099684, 0.11767364269450083], [0.18402255201369488, 0.4658784117709594, 0.09564683492665765, 0.25445220128868823], [0.16180276920142014, 0.31603729093016475, 0.1688168013733162, 0.3533431384950989], [0.21658909817540672, 0.13136257152624514, 0.23076373740320827, 0.4212845928951399], [0.1998969615489036, 0.19270268192241347, 0.15673224684241957, 0.4506681096862635], [0.13196127834827923, 0.18512614101811428, 0.39620543795378543, 0.28670714267982095], [0.3166621086435328, 0.35686597772531065, 0.17645390991484028, 0.15001800371631618], [0.13198483277805514, 0.22776871964289094, 0.18463563599071522, 0.45561081158833877], [0.1669125717467329, 0.3208894584495299, 0.2398057913219519, 0.2723921784817855], [0.21878359265300193, 0.30137143655945947, 0.1366363338827034, 0.34320863690483516], [0.17251397517872985, 0.3618339914598139, 0.24537381974018074, 0.22027821362127578], [0.158928208841121, 0.18410565615234428, 0.20144308869002198, 0.4555230463165129], [0.44416574316925217, 0.1663520136573316, 0.0897140906587419, 0.2997681525146744], [0.26503191258117226, 0.1749506717639323, 0.15249363864949333, 0.407523777005402], [0.25944718100242703, 0.3146781400103998, 0.1368345025787006, 0.2890401764084726], [0.5555238660617209, 0.1366266520307429, 0.12356990463486862, 0.18427957727266764], [0.17140397528506518, 0.3563301892095736, 0.11902641582805129, 0.3532394196773099], [0.28449802416255404, 0.2165632802471073, 0.1330510139178706, 0.36588768167246805], [0.4315929391419608, 0.2219606572256074, 0.09689017194341959, 0.2495562316890123], [0.20243959362820754, 0.23299069633841102, 0.2281446761972415, 0.3364250338361399], [0.3544037213479659, 0.2524498937248682, 0.10160574256171295, 0.291540642365453], [0.17591277712615783, 0.4016669445814855, 0.1927004521196162, 0.2297198261727406], [0.11884745633624669, 0.18290689014553668, 0.2267005293771398, 0.47154512414107674], [0.4380241489916552, 0.31798820664661304, 0.09892973727562916, 0.14505790708610275], [0.30179264454257815, 0.2000009638243939, 0.2598461909556974, 0.23836020067733063], [0.14949817923229736, 0.37779414194370725, 0.1499594957098333, 0.3227481831141621], [0.1897826231583976, 0.4002297596188126, 0.13168866137855365, 0.27829895584423636], [0.1152391341371874, 0.5108021007422531, 0.12333312742471748, 0.2506256376958421], [0.2967744531207132, 0.29869410017825565, 0.08669019312674109, 0.31784125357429005], [0.19093341495747426, 0.13062850111980184, 0.5675153371624878, 0.11092274676023628], [0.17963497061366962, 0.3535847242821584, 0.12827175613171865, 0.33850854897245336], [0.2894661242888661, 0.26273816082599893, 0.1285840403788397, 0.3192116745062952], [0.4331868017743367, 0.1571347906115198, 0.0682104611808369, 0.3414679464333065], [0.3460504219633434, 0.3649733218486485, 0.09143103827280057, 0.19754521791520763], [0.09826968955962397, 0.48260993896717397, 0.14171167391655695, 0.2774086975566452], [0.2443621181924096, 0.39330955801079487, 0.13116702308177908, 0.23116130071501648], [0.27598196953719306, 0.2444203059820526, 0.17970536126208295, 0.29989236321867146], [0.3760115977484739, 0.2886294282708478, 0.12731118839318473, 0.2080477855874937], [0.22711590029047396, 0.1308429062793593, 0.5504750728308098, 0.09156612059935701], [0.13499222192641822, 0.3893575119878011, 0.20258648040969854, 0.27306378567608197], [0.2685702823843945, 0.305754225966895, 0.10202421201466559, 0.3236512796340447], [0.19464088645454253, 0.4274080757721096, 0.11759923866322738, 0.26035179911012063], [0.3531586898209886, 0.1838767517564798, 0.21869655014538072, 0.2442680082771509], [0.2500764173005548, 0.2671512945344635, 0.23142618240579368, 0.2513461057591881], [0.10907514360869994, 0.5526481040770611, 0.23614960607069413, 0.10212714624354495], [0.16843784800334363, 0.26206038095914314, 0.3444366606713224, 0.22506511036619073], [0.07836807817832116, 0.6798228368733584, 0.07941522467446518, 0.16239386027385527], [0.07024704345341938, 0.6633461971108072, 0.05054971214802729, 0.2158570472877461], [0.3664296080479817, 0.24884431449568037, 0.1406991647894398, 0.24402691266689816], [0.14857732029743148, 0.2927460305034375, 0.11782520255532201, 0.44085144664380893], [0.49731896393936437, 0.22909525622291063, 0.10286283738612997, 0.17072294245159503], [0.5768057925824378, 0.23018892769120422, 0.07719428509067221, 0.11581099463568587], [0.2805179359312301, 0.24963277904346368, 0.08626185319388213, 0.3835874318314242], [0.12275940289978284, 0.36758665735074997, 0.10637884994626413, 0.4032750898032031], [0.24593394432309484, 0.3241689232021844, 0.2102989890685491, 0.21959814340617165], [0.2387698713768608, 0.21683534680162558, 0.28119799995877925, 0.26319678186273454], [0.17528514745412552, 0.40021374755991007, 0.15186353168506625, 0.2726375733008983], [0.2998977069386005, 0.18027322306791496, 0.13390412206323277, 0.3859249479302517], [0.12157093325622008, 0.6937940098158873, 0.0505788238954629, 0.13405623303242958], [0.1856897922215772, 0.4071933316193973, 0.15832267347353748, 0.24879420268548805], [0.10529696611381129, 0.6769947106698178, 0.0503302596946528, 0.16737806352171816], [0.5076821588097229, 0.2216766357174269, 0.0736405195098723, 0.197000685962978], [0.11376755486747112, 0.2986347448461318, 0.11096417583193377, 0.47663352445446344], [0.15712463123914996, 0.4554623008555403, 0.14130570395417066, 0.24610736395113922], [0.39472822274655656, 0.25513736464183223, 0.08777036129612635, 0.26236405131548496], [0.22687946129006284, 0.3558868841063252, 0.1599239516986988, 0.25730970290491345], [0.46893147105092625, 0.16779552773353126, 0.1289451455167754, 0.23432785569876707], [0.19442351774022573, 0.26768517008431914, 0.15140396451237717, 0.38648734766307796], [0.08370980376585672, 0.7376346728499472, 0.06958718025971576, 0.10906834312448051], [0.5041467954018769, 0.2520022583509059, 0.08953185156692989, 0.1543190946802874], [0.23941791475290894, 0.4504263959262502, 0.20865650704135105, 0.10149918227948987], [0.2613467890790729, 0.30344728782757074, 0.11123089227484838, 0.3239750308185079], [0.177565724369839, 0.3109816015442385, 0.1549903342365593, 0.3564623398493634], [0.5434247104905201, 0.08735860018128522, 0.28132133078616506, 0.08789535854202969], [0.5493219609125743, 0.19238739002142166, 0.13944825919074585, 0.11884238987525807], [0.21584595919476976, 0.4965325632149143, 0.06606001639604883, 0.22156146119426717], [0.13251783873307058, 0.5609606227756754, 0.15630488738915713, 0.15021665110209692], [0.2498678681733123, 0.39600291059109716, 0.20854617541254356, 0.1455830458230471], [0.16302553980474863, 0.3516607725955761, 0.14835871750905175, 0.3369549700906236], [0.3838353562332174, 0.29198499164605324, 0.05060927406404606, 0.2735703780566833], [0.2019351392503681, 0.37880468418467717, 0.11546035646805035, 0.30379982009690454], [0.10290434634261761, 0.4862954165092328, 0.090856015773225, 0.31994422137492484], [0.32216716949899654, 0.27406468956166097, 0.08271493669648605, 0.32105320424285644], [0.16303199206326605, 0.24095444135937408, 0.10682136434670945, 0.48919220223065035], [0.12675618310491313, 0.44006807194031566, 0.12087797641478779, 0.3122977685399834], [0.3320812396336282, 0.4011431525229248, 0.05602251384185059, 0.21075309400159634], [0.3518470765237329, 0.2716690930474476, 0.14647580507751137, 0.23000802535130818], [0.23110980529382896, 0.25569080145026685, 0.1752833841990927, 0.33791600905681146], [0.21629313400859354, 0.21343630667726166, 0.31059737340995913, 0.2596731859041858], [0.1849796545865555, 0.32898823474081934, 0.1397199397540995, 0.3463121709185259], [0.2597684069389893, 0.5527499026112714, 0.07480277435925892, 0.11267891609048042], [0.35688943877363893, 0.23454589018609767, 0.08444494061557227, 0.3241197304246912], [0.08756314647791195, 0.287922250411989, 0.10802678236435943, 0.5164878207457396], [0.46171681399630027, 0.2619675488064824, 0.08723175215269094, 0.18908388504452645], [0.26455154931747893, 0.45040739416181097, 0.09731421410437929, 0.18772684241633084], [0.3644936099757369, 0.23454537126983502, 0.10445332002958323, 0.2965076987248449], [0.2363862460189943, 0.6281010632478496, 0.048112770764746675, 0.0873999199684095], [0.35801308810187044, 0.29630923300582873, 0.08650201115423539, 0.2591756677380656], [0.2860893224237604, 0.19800202509540824, 0.1309725963617446, 0.38493605611908693], [0.14169490284206807, 0.27643922688485684, 0.19656887184264282, 0.38529699843043225], [0.13520477443402748, 0.3994922850801175, 0.1605152217832297, 0.3047877187026253], [0.177898911777722, 0.17373670386415377, 0.4576752315712663, 0.19068915278685797], [0.3316367322604154, 0.32716676544380646, 0.12319692565421997, 0.21799957664155808], [0.0835057692058057, 0.6940669292977597, 0.06180104722171051, 0.160626254274724], [0.2631630805760539, 0.2978925267376871, 0.11154833089926108, 0.32739606178699787], [0.1846389034434222, 0.3016052496998996, 0.09160522667884784, 0.4221506201778305], [0.22998270854006267, 0.26400202369227155, 0.08718701895642675, 0.4188282488112391], [0.1274332085927527, 0.5196711793245601, 0.06859011261266984, 0.28430549947001754], [0.1462128592866503, 0.4639862837429535, 0.11192587400305472, 0.27787498296734164], [0.25826180547507405, 0.23942972242033336, 0.11267921736382416, 0.3896292547407684], [0.08261654869208329, 0.1275043436779977, 0.6556812208861142, 0.13419788674380465], [0.28864067393976317, 0.2753946265809689, 0.14731128934623877, 0.28865341013302903], [0.16555158536138295, 0.22837496907218666, 0.16854667856988284, 0.4375267669965476], [0.13131824462435576, 0.26578344933611625, 0.13081208135789602, 0.472086224681632], [0.17075767712434864, 0.09164268124047392, 0.22133958791215402, 0.5162600537230234], [0.15222658893485053, 0.3792967335654655, 0.1686818489953381, 0.2997948285043461]]}}