{"test": {"ids": ["109118820", "106113170", "103110050", "98116940", "107114780", "101110150", "112116640", "107116980", "103113270", "100109980", "112121360", "99113260", "101109000", "104114240", "102110690", "98106560", "113120601", "110114720", "112116800", "108115500", "97106820", "106114321", "106116370", "113122320", "113122160", "99111340", "112118161", "99107640", "113118231", "113119450", "102112170", "112119500", "103118291", "102121440", "103110840", "112118930", "111116411", "99107950", "97113900", "107118820", "110118810", "106113360", "111117480", "99107500", "107113550", "104111380", "113121680", "109114720", "101116130", "112117660", "104118340", "100108580", "103113640", "111119300", "109116750", "107121230", "101111140", "106115240", "108118630", "98120010", "113118690", "108115970", "101109370", "98111860", "111116170", "107119130", "104111620", "109121640", "100110260", "107112850", "112118890", "100120780", "98108520", "111114321", "102109840", "99109141", "97116800", "103111990", "99111000", "105116441", "101108950", "103120730", "113122650", "106116820", "105115250", "103111930", "111121190", "109114220", "113120780", "112120700", "110113931", "97116410", "111119150", "109118701", "99108000", "105118740", "111115400", "99112300", "105113480", "103111620", "98108580", "106120290", "100109801", "104113170", "104114410", "105112130", "104109311", "99109161", "109115070", "108115880", "102109850", "99107560", "108119330", "105118230", "108119510", "107114280", "100108080", "107115140", "112120630", "103111170", "106118161", "102108621", "113120070", "108118520", "111118910", "110118181", "97111790", "101108121", "97116790", "113119320", "108114220", "109120560", "105119950", "98108150", "99108310", "110120531", "99109311", "107117630", "99112531", "107114490", "108118810", "107114200"], "labels": [3, 0, 3, 2, 2, 1, 0, 3, 2, 1, 3, 0, 1, 0, 0, 1, 2, 3, 0, 3, 1, 2, 2, 1, 3, 1, 0, 1, 3, 3, 3, 2, 0, 2, 1, 1, 0, 1, 2, 3, 1, 0, 1, 0, 0, 3, 1, 0, 2, 0, 2, 0, 1, 1, 0, 0, 2, 1, 1, 2, 3, 2, 1, 0, 0, 1, 0, 0, 3, 1, 3, 1, 2, 1, 2, 3, 0, 2, 2, 1, 2, 1, 2, 1, 2, 3, 1, 3, 0, 2, 1, 3, 3, 3, 2, 1, 0, 0, 0, 0, 0, 2, 0, 3, 1, 1, 3, 3, 0, 3, 1, 1, 0, 1, 1, 3, 0, 0, 3, 2, 3, 3, 2, 0, 0, 1, 2, 0, 2, 1, 3, 1, 3, 0, 2, 0, 1, 0, 3, 3, 1, 2], "predicted_labels": [1, 0, 1, 3, 1, 0, 1, 0, 2, 3, 0, 2, 3, 3, 3, 2, 1, 1, 1, 0, 3, 1, 0, 3, 3, 2, 0, 3, 2, 0, 3, 2, 1, 1, 1, 0, 3, 1, 2, 3, 1, 0, 3, 1, 3, 1, 2, 3, 1, 0, 3, 0, 0, 1, 1, 3, 3, 0, 3, 3, 1, 1, 2, 2, 1, 1, 0, 3, 3, 1, 2, 3, 1, 3, 1, 0, 0, 1, 3, 1, 3, 3, 2, 3, 0, 3, 0, 1, 0, 1, 3, 3, 0, 1, 2, 2, 0, 3, 2, 3, 2, 1, 3, 1, 1, 1, 0, 0, 1, 3, 2, 0, 1, 1, 3, 1, 2, 0, 0, 3, 1, 1, 1, 0, 3, 1, 3, 0, 1, 1, 0, 3, 3, 1, 1, 0, 0, 0, 3, 3, 1, 1], "confidence_scores": [[0.2371203764403578, 0.754539405645477, 0.004516702720063774, 0.003823515194101563], [0.5363454295010242, 0.44245344967839456, 7.455495248764326e-05, 0.021126565868093736], [0.0468611329949086, 0.5130512495005192, 0.2025192666034539, 0.23756835090111833], [0.08110743842231706, 0.4018350833455454, 0.047866460734776926, 0.46919101749736053], [0.0001424213452327086, 0.9009886007743992, 0.09765297014536396, 0.0012160077350040356], [0.7516853735658324, 0.02290439441646589, 0.0912079753681512, 0.13420225664955046], [0.10965839188367948, 0.8667893201794399, 0.00017949127653986904, 0.023372796660340735], [0.9122789738341259, 0.05149482197031516, 0.00011618970559489928, 0.03611001448996392], [0.012933912163980866, 0.041003471797003956, 0.9049349697605671, 0.04112764627844816], [0.2108652475713067, 0.23350175798085632, 0.24070440769500148, 0.31492858675283547], [0.592682740728864, 0.26115286610350397, 0.002645017219957368, 0.14351937594767475], [0.0012425164945044016, 0.0028619279366000946, 0.5608666734870132, 0.43502888208188223], [0.0004590527060385471, 0.2833146163565239, 0.00029170324140038, 0.7159346276960372], [0.16696433112255246, 0.0005307399973459421, 0.026133529130472486, 0.806371399749629], [0.03406333690897258, 0.0008548162274773337, 0.0015248580294007538, 0.9635569888341494], [0.002154668566920392, 0.00199356432602929, 0.9902364985858431, 0.005615268521207438], [0.012269855888102813, 0.6183166299186942, 0.34252151834392214, 0.02689199584928082], [0.00046520778785165136, 0.4558537562725255, 0.294199396548918, 0.2494816393907049], [0.00020833324256938333, 0.9795797658078748, 8.143268930081021e-05, 0.020130468260254948], [0.4416313457836726, 0.14894954667758298, 0.12481758273871751, 0.2846015248000269], [0.2158254646386921, 0.012951609424856085, 0.034867058348811535, 0.7363558675876403], [0.012715214485944948, 0.9851859507613361, 0.0020863171366944685, 1.2517616024483452e-05], [0.9754543432423965, 0.008030253606231105, 0.009445968830268395, 0.007069434321103941], [0.008181448465170198, 0.06170235420937382, 0.291007481141461, 0.639108716183995], [0.35563989807852797, 0.1772445678339123, 0.011422180304741854, 0.4556933537828179], [0.000828160741728339, 0.18193541793031473, 0.8142108209690634, 0.0030256003588937284], [0.8794739114047992, 0.0788626245686431, 0.001288542120874524, 0.04037492190568325], [0.137104298134681, 0.2305759893632742, 0.3151976539692205, 0.3171220585328243], [0.01661666408099497, 0.42108192699794156, 0.4943153308741702, 0.0679860780468932], [0.9643768650232502, 0.019374694180255694, 0.005423448476803048, 0.010824992319690944], [0.3604746351911076, 0.003167994600775661, 0.1266896971863956, 0.5096676730217211], [0.006812791510026433, 0.0037711672414769614, 0.9891378425558243, 0.00027819869267225745], [0.10827802034334502, 0.882322646117254, 0.0015910096732531132, 0.007808323866147943], [0.15734242157507713, 0.7839577445190911, 0.054364248009221156, 0.0043355858966107105], [0.002589815215663532, 0.900015794212672, 0.005268526498028832, 0.09212586407363565], [0.6319091450688337, 0.04167976693418927, 0.047472036556188486, 0.2789390514407887], [0.09731546031709, 0.000380372286207389, 0.005241031005717452, 0.8970631363909851], [0.28587501472893556, 0.5131015107300162, 0.11793742820432382, 0.08308604633672437], [0.08277711072653748, 0.27451635733841706, 0.5290174887261873, 0.11368904320885823], [0.0488158564057833, 0.17913641784194306, 0.07783126861649356, 0.6942164571357801], [0.4811518131546639, 0.5105498932782132, 0.0077255229482532705, 0.0005727706188694792], [0.495258832331173, 0.2653654065476866, 0.006170878640024579, 0.23320488248111595], [0.013793698278820652, 0.1468073458050696, 0.1173527113316145, 0.7220462445844953], [0.006962782975946717, 0.9656190737778745, 0.0005239867256572266, 0.02689415652052165], [0.036688451739315, 0.147948045739469, 0.14082584460515485, 0.6745376579160611], [0.3176919335550055, 0.5514928939459474, 0.03587430327048912, 0.09494086922855811], [0.02679303925234239, 0.007405185410381425, 0.9654209998268004, 0.0003807755104759263], [0.0003121034868659231, 0.016239165086783296, 0.006872468683197718, 0.9765762627431531], [0.010145025285913755, 0.6818297868980303, 0.03762923596911234, 0.2703959518469437], [0.7965960730040486, 0.0033631069859042097, 0.00011069189038084509, 0.19993012811966654], [0.0044870846098791686, 0.06749355046820117, 0.23079630650477728, 0.6972230584171423], [0.5580016668870045, 0.009388529914353978, 0.16785960467419778, 0.26475019852444376], [0.9990069354460794, 9.082707674603038e-05, 2.4683336978447412e-05, 0.0008775541401961255], [0.11862758882715597, 0.7649650910769521, 0.10880186834717108, 0.007605451748720904], [0.10483156209725579, 0.8825157605278441, 0.0015913293635706324, 0.011061348011329672], [0.0005827383080397355, 0.0010786997097991136, 0.0071876618647647396, 0.9911509001173965], [0.3391993763980779, 0.03639005987448934, 0.23641323945021425, 0.3879973242772185], [0.8540865981740273, 0.11168478181206204, 0.03268477733786074, 0.001543842676049988], [0.0002729255563595607, 0.0012560603726694329, 0.07512521321986461, 0.9233458008511065], [0.0003819283028666584, 0.018421833474043504, 0.033758978897878496, 0.9474372593252114], [0.17464881270057278, 0.5515090833621784, 0.009446888743853007, 0.26439521519339576], [9.316248081592362e-06, 0.9983064792896742, 0.0010376805090507265, 0.0006465239531933108], [0.1416197141265338, 0.052216549126860225, 0.7414661319992388, 0.0646976047473672], [1.4683469153282277e-05, 0.006323182819843729, 0.9884743309097636, 0.005187802801239291], [0.0929125240180809, 0.8861228904839515, 0.0011493829314055879, 0.019815202566561933], [0.0012649049026702418, 0.8447550546426313, 0.005279146755558982, 0.14870089369913939], [0.6658411978927948, 0.26478394636855107, 0.023231517481965308, 0.046143338256688836], [0.2775595197952684, 0.27685982567316025, 0.08388404705493392, 0.36169660747663757], [0.11707253116116394, 0.03286692862050878, 0.006131999306962074, 0.8439285409113653], [0.0454454657484256, 0.9025064314932201, 0.01878920625282224, 0.03325889650553199], [0.058540308439658094, 0.026237914315279352, 0.6674527109089464, 0.24776906633611623], [0.24298978303885618, 0.06890007028288361, 0.10910193933796757, 0.5790082073402927], [0.028869263882410675, 0.9080995730206014, 0.05859262363801476, 0.004438539458973124], [0.24867961519682563, 0.2796234551054516, 0.001297355454620329, 0.47039957424310236], [0.0010117729273238793, 0.9947088330986783, 0.0034630401374309574, 0.0008163538365667647], [0.8870295195812866, 0.09315876624223492, 0.00010109311990996872, 0.019710621056568532], [0.9796239442170578, 0.0011843534742096693, 0.004429032016313996, 0.014762670292418522], [0.0040911767329568855, 0.9857276139139101, 0.0014666060553761733, 0.008714603297756912], [0.00013997026794802155, 0.002511802823448322, 0.1957471607088789, 0.8016010661997247], [0.10170600081919162, 0.8940373103105806, 0.002184988105295037, 0.002071700764932601], [0.0021223686451500227, 0.20331328932597442, 0.06432835906040833, 0.7302359829684673], [0.01847153297482116, 0.18196422836518455, 0.022970971781212792, 0.7765932668787815], [0.0028724767486019705, 0.005163918442338155, 0.9510391949910987, 0.040924409817961194], [0.07675423087548124, 0.05789837875642111, 0.02471851558704904, 0.8406288747810486], [0.8711627444973337, 0.056302461845692806, 0.028380429733508523, 0.044154363923465036], [0.2631410486542219, 0.12259546818279742, 0.02450237847433175, 0.589761104688649], [0.9756288572372059, 0.001848231268067689, 0.01926529491414835, 0.0032576165805781204], [0.19250308674023675, 0.7848416705531548, 0.0007923705803418481, 0.021862872126266537], [0.8078320064938286, 0.08271614926732973, 0.06766100499727958, 0.04179083924156207], [0.002893694429385879, 0.8381653251496921, 0.021868414313431266, 0.13707256610749088], [0.1842301827922779, 0.11329901362383667, 0.03142177641982578, 0.6710490271640597], [0.27598016803820535, 0.018010433201445453, 0.047015875558132254, 0.6589935232022169], [0.9764657922819688, 0.016373207948445767, 0.0044533777799694, 0.0027076219896160223], [0.01190350339762838, 0.7746133989476006, 0.03571789487671169, 0.1777652027780593], [0.019395078999608184, 0.1721290848303717, 0.8050638275430745, 0.0034120086269456215], [0.009005494318137105, 0.0298979726393599, 0.958504326675374, 0.002592206367129012], [0.7220783918007299, 0.23487044568920928, 0.02808047041015553, 0.014970692099905496], [0.014026429291236238, 0.10268093997608187, 0.05035441444976292, 0.832938216282919], [0.08995637835377396, 0.2536212263721959, 0.6049052836228643, 0.051517111651165785], [0.06888246895349731, 0.13150316052068087, 0.0008443135067846269, 0.7987700570190371], [0.07557071180649078, 0.4082066435345863, 0.46927855780095495, 0.04694408685796798], [0.0002446543412907302, 0.9965782557758931, 0.0018309016955842666, 0.0013461881872321346], [0.011185631528349293, 0.19006424036265424, 0.10141089163421863, 0.6973392364747778], [0.08984014415733561, 0.8981355445688807, 0.0002778065009733072, 0.011746504772810364], [0.03428214397962537, 0.5281414751035739, 0.2739132898467149, 0.16366309107008573], [0.0020418440311705953, 0.4550442115689833, 0.37452013981824195, 0.16839380458160416], [0.6563500459149004, 0.0002187569597560128, 0.0005620071031206867, 0.3428691900222229], [0.616703822525343, 0.15993588545458406, 0.1495528118000536, 0.07380748022001941], [0.012189918138357216, 0.9872476216559433, 2.8066152904025296e-05, 0.0005343940527954682], [0.03459504834085821, 0.0012440397871398808, 0.001852571245020755, 0.9623083406269811], [0.01641116034534731, 0.01137794711688928, 0.8990425230782718, 0.07316836945949158], [0.6200969355725123, 0.36829060440956285, 0.011488014348195342, 0.000124445669729627], [0.042180109528572325, 0.47741720581870617, 0.3302861494820893, 0.15011653517063236], [9.385774671754093e-05, 0.9961258674666705, 0.0033821630747546557, 0.00039811171185714944], [0.0012997632036586097, 0.004047416085110337, 0.00215227461551666, 0.9925005460957145], [0.002079712157845278, 0.8564960091922544, 0.05451093945067382, 0.08691333919922664], [0.015431538501155998, 0.0013094012293976178, 0.9523513136664902, 0.03090774660295618], [0.7348652698400318, 0.001301981486748044, 0.0015874601512220032, 0.26224528852199824], [0.8912174224856415, 0.001816917621924383, 0.0009696701902652615, 0.10599598970216889], [0.2291096758226822, 0.049413163508541955, 0.0033082860225296974, 0.7181688746462462], [0.1259675704056144, 0.8692717514112352, 8.86803341178503e-05, 0.00467199784903263], [0.3852610628220144, 0.5540789084704338, 1.9190624103510124e-05, 0.06064083808344825], [0.0009825910339933623, 0.702522742387015, 0.0966410011027373, 0.19985366547625447], [0.6548991490845945, 0.3198354391014704, 0.013617674970800152, 0.011647736843134977], [0.04179823338005347, 0.09661565857960529, 0.23374792322565838, 0.6278381848146829], [0.02405644864430427, 0.5439748215078931, 0.43175073590002583, 0.00021799394777683345], [0.003449742267699321, 0.40907570179443403, 0.15390392602303418, 0.4335706299148324], [0.6309121406909437, 0.0008314467309374339, 0.0013683570054685448, 0.3668880555726504], [0.2738284969119649, 0.4338103420461088, 0.13034948051311726, 0.16201168052880902], [0.10303006016685676, 0.8722625323185753, 0.01376719446044481, 0.01094021305412294], [0.9624710269386353, 0.03408797545115268, 0.002239066837850731, 0.0012019307723610132], [0.13562971612037214, 0.004241448936299949, 0.01830787401524851, 0.8418209609280793], [0.17830907971669382, 0.20195144125432996, 0.2659612173526735, 0.35377826167630283], [0.001751170039639899, 0.7933556207269646, 0.19075133280877601, 0.01414187642461922], [0.009075788101459741, 0.9905343228951028, 0.00034947079517030823, 4.0418208267290375e-05], [0.9169417629427764, 0.07933480456579099, 0.0003229541285729071, 0.003400478362859709], [0.760171677691349, 0.22042100843613363, 0.000477816412539054, 0.018929497459978333], [0.9789944506156374, 0.002186557194927225, 0.01813899346053732, 0.0006799987288980123], [0.21439811945043055, 0.15818774930753057, 0.01768371634685969, 0.6097304148951792], [0.00026756009410334753, 0.008558901939616993, 0.006321782802779753, 0.9848517551634999], [0.016655750637325075, 0.5759149169536917, 0.003476671153196682, 0.4039526612557865], [0.0053736938910886895, 0.9548253667686787, 0.0014451959602779366, 0.038355743379954635]]}, "rewritten": {"ids": ["97106820", "97111790", "97113900", "97116410", "97116790", "97116800", "98106560", "98108150", "98108520", "98108580", "98111860", "98116940", "98120010", "99107500", "99107560", "99107640", "99107950", "99108000", "99108310", "99109141", "99109161", "99109311", "99111000", "99111340", "99112300", "99112531", "99113260", "100108080", "100108580", "100109801", "100109980", "100110260", "100120780", "101108121", "101108950", "101109000", "101109370", "101110150", "101111140", "101116130", "102108621", "102109840", "102109850", "102110690", "102112170", "102121440", "103110050", "103110840", "103111170", "103111620", "103111930", "103111990", "103113270", "103113640", "103118291", "103120730", "104109311", "104111380", "104111620", "104113170", "104114240", "104114410", "104118340", "105112130", "105113480", "105115250", "105116441", "105118230", "105118740", "105119950", "106113170", "106113360", "106114321", "106115240", "106116370", "106116820", "106118161", "106120290", "107112850", "107113550", "107114200", "107114280", "107114490", "107114780", "107115140", "107116980", "107117630", "107118820", "107119130", "107121230", "108114220", "108115500", "108115880", "108115970", "108118520", "108118630", "108118810", "108119330", "108119510", "109114220", "109114720", "109115070", "109116750", "109118701", "109118820", "109120560", "109121640", "110113931", "110114720", "110118181", "110118810", "110120531", "111114321", "111115400", "111116170", "111116411", "111117480", "111118910", "111119150", "111119300", "111121190", "112116640", "112116800", "112117660", "112118161", "112118890", "112118930", "112119500", "112120630", "112120700", "112121360", "113118231", "113118690", "113119320", "113119450", "113120070", "113120601", "113120780", "113121680", "113122160", "113122320", "113122650"], "labels": [1, 2, 2, 3, 2, 0, 1, 0, 2, 0, 0, 2, 2, 0, 1, 1, 1, 2, 2, 3, 3, 1, 2, 1, 0, 3, 0, 0, 0, 0, 1, 3, 1, 0, 2, 1, 1, 1, 2, 2, 3, 2, 1, 0, 3, 2, 3, 1, 2, 0, 3, 2, 2, 1, 0, 1, 3, 3, 0, 3, 0, 1, 2, 1, 0, 2, 1, 1, 1, 3, 0, 0, 2, 1, 2, 1, 3, 2, 1, 0, 2, 3, 3, 2, 0, 3, 0, 3, 1, 0, 3, 3, 3, 2, 0, 1, 1, 0, 1, 3, 0, 0, 0, 3, 3, 1, 0, 1, 3, 1, 1, 0, 1, 0, 0, 0, 1, 0, 3, 1, 1, 0, 0, 0, 0, 3, 1, 2, 3, 2, 3, 3, 3, 1, 3, 2, 2, 0, 1, 3, 1, 2], "predicted_labels": [3, 2, 1, 1, 1, 0, 1, 3, 0, 1, 2, 0, 1, 1, 1, 3, 2, 3, 1, 0, 0, 1, 1, 2, 3, 1, 2, 2, 0, 3, 2, 3, 3, 0, 3, 1, 2, 0, 1, 3, 0, 1, 0, 0, 3, 1, 1, 1, 0, 1, 3, 1, 1, 0, 1, 3, 0, 1, 1, 1, 3, 3, 3, 1, 1, 1, 3, 1, 0, 0, 0, 0, 1, 0, 0, 0, 3, 1, 1, 1, 1, 1, 3, 1, 0, 3, 0, 3, 1, 3, 0, 3, 3, 3, 0, 3, 1, 0, 3, 3, 3, 1, 1, 3, 0, 2, 0, 1, 1, 0, 1, 0, 1, 0, 1, 3, 3, 3, 1, 0, 0, 1, 1, 0, 1, 1, 0, 1, 3, 1, 3, 1, 3, 3, 3, 3, 0, 3, 3, 3, 3, 2], "confidence_scores": [[0.0029009846425204202, 4.45904346285739e-05, 9.799482117409805e-05, 0.9969564301016769], [0.006460983312533755, 0.0245199791436275, 0.9301582982033249, 0.03886073934051394], [0.003222914222098116, 0.8564999702932276, 0.13914870819819108, 0.0011284072864832832], [0.018858099795224452, 0.9008981074828065, 0.07477315723348205, 0.005470635488487048], [0.0034304866074994778, 0.8858129678207526, 0.039102009479411844, 0.07165453609233602], [0.8557875696891767, 0.1262881896116538, 0.00043476728456048685, 0.017489473414608932], [0.005763398754304488, 0.6438221962392644, 0.29746859198923115, 0.05294581301719983], [0.0009794598506234111, 0.27007478320114986, 0.013490338960707858, 0.7154554179875189], [0.5093565669741394, 0.39965385993763813, 0.0834036994663239, 0.007585873621898549], [0.09144644746531971, 0.47239783509490096, 0.3848724758614779, 0.05128324157830148], [0.001186646977266363, 0.04872476296504829, 0.9149787345578317, 0.03510985549985354], [0.978632998222577, 0.0008268722369828504, 3.648234601909451e-05, 0.020503647194421087], [0.12933532120067165, 0.7086659327334572, 0.0749228625735245, 0.08707588349234656], [3.11302245075705e-05, 0.999616443425706, 3.565850347245021e-05, 0.0003167678463140191], [0.3957879002137517, 0.5460530423494943, 0.004043010599279466, 0.05411604683747466], [0.06875145791145855, 0.19283471262929677, 0.04347506419846887, 0.6949387652607757], [0.0015912054032115625, 0.0043237331663623785, 0.7812187910898325, 0.21286627034059355], [0.12601898301759976, 0.008949107509265718, 0.1165575935011615, 0.748474315971973], [3.4936095978737645e-05, 0.9999644719606252, 3.30315372917122e-07, 2.6162802294983286e-07], [0.9906172807136355, 6.034106709326761e-05, 3.3195126210678576e-05, 0.009289183093060482], [0.7249182232624466, 0.09850061675541012, 0.1729573734788986, 0.003623786503244641], [0.20780570636865542, 0.7761283833236537, 0.007719928598226731, 0.008345981709464054], [0.0018447390033871668, 0.8556787384819615, 0.08029363881599362, 0.06218288369865761], [1.90465393255887e-06, 0.0015193670712323878, 0.998161629342768, 0.0003170989320670237], [0.0011984235416967828, 0.3932225102993415, 0.07289643405644512, 0.5326826321025167], [0.17981102615490463, 0.8031314211508804, 0.0016859271665922175, 0.015371625527622728], [0.0009570175215049158, 0.0004880677286333872, 0.9869882307605337, 0.011566683989327859], [0.11443053834013842, 0.1912449603006063, 0.5889157572939617, 0.1054087440652935], [0.9933495952888571, 0.0007118005891041813, 0.005829002728660673, 0.0001096013933780114], [1.08905150103797e-05, 7.325639598735242e-06, 0.0024462926944374005, 0.9975354911509536], [0.029995646899695593, 0.020845849106275145, 0.49197191312489935, 0.4571865908691299], [0.14726977005936673, 0.15692685856645874, 0.0036949918057306674, 0.692108379568444], [0.06925557798856122, 0.0008364555178241207, 0.07689779794416429, 0.8530101685494504], [0.9776689668928402, 0.002685813686577259, 0.00014753341429231534, 0.019497686006290284], [0.009445148932883115, 0.0033308152789957206, 0.0034547162474410707, 0.98376931954068], [0.005844306376561876, 0.7937485182910291, 0.0009711854629621673, 0.19943598986944683], [0.0006790364915496007, 0.01306477048066142, 0.9860868428990979, 0.00016935012869110107], [0.9820567583782293, 0.0018507385805830731, 0.012210689954983358, 0.0038818130862043536], [0.15759061340283906, 0.6307439614030909, 0.012552944668597375, 0.19911248052547276], [0.002618625232965706, 0.024625076626798196, 0.03864890571334528, 0.9341073924268909], [0.9939121157524948, 0.004090084583439998, 0.0017416295393595474, 0.00025617012470554185], [0.000300319486729265, 0.9984564734682031, 0.000604527262936992, 0.0006386797821305002], [0.5965377309315685, 0.26076886435303426, 0.14099340342116717, 0.0017000012942300143], [0.5202580916440823, 0.016369674203783324, 0.007403347132895319, 0.4559688870192391], [0.10786457902674128, 0.004640505183564383, 0.24781376874317515, 0.6396811470465192], [0.11366810070041115, 0.6711010406048525, 0.2009373635709844, 0.0142934951237517], [0.000711731763802706, 0.9167433445359785, 0.08239353207772768, 0.00015139162249111542], [3.62047560356288e-05, 0.9891466562309525, 0.005894966182407449, 0.004922172830604454], [0.7036990224383466, 0.2623409358848373, 0.031090080307342692, 0.0028699613694735102], [0.0037072410025122647, 0.8438138038160752, 0.13851250547654168, 0.013966449704870796], [0.4203611326086251, 0.020463903919363154, 0.00028795107076698265, 0.5588870124012448], [0.1374121781310858, 0.7840218826690848, 0.0012246732192258219, 0.07734126598060355], [0.38062993468240386, 0.48140260152187153, 0.07321190130018856, 0.06475556249553614], [0.9997125999438431, 0.00022019772277564233, 1.1651724526352038e-05, 5.555060885489236e-05], [0.15482154789197214, 0.8392818060573823, 4.9945972905767605e-06, 0.005891651453354834], [0.011612540835996677, 0.007960442856548258, 0.40918382406703385, 0.5712431922404212], [0.9739251089551061, 9.543707143291651e-05, 0.00047860928343036627, 0.02550084469003055], [0.01782759401328977, 0.575895636108961, 4.5041343626499134e-05, 0.4062317285341228], [0.27243042869920503, 0.42329544320486634, 0.00812258686408268, 0.2961515412318459], [0.06637503694534458, 0.9314857400205862, 9.701836509340309e-05, 0.002042204668975862], [0.009226611941846949, 0.17072492527643335, 0.0014993541543760812, 0.8185491086273435], [0.013614458354506982, 0.10529743360352284, 0.0002543103446632658, 0.880833797697307], [0.00038292779792782546, 0.12384097922142791, 0.0004919005784784513, 0.8752841924021657], [2.963203977347675e-05, 0.9880938846692109, 0.009566423562422176, 0.0023100597285932983], [0.0015519692665776302, 0.789267284133363, 0.00588093784701757, 0.2032998087530419], [0.0019751123649945058, 0.8323345066178851, 0.14291835386602844, 0.022772027151091986], [0.0398837597416497, 0.022961293958610445, 0.0032507927399305476, 0.9339041535598093], [0.027264521433250543, 0.8743512957689342, 0.0006745305307048168, 0.09770965226711034], [0.752974990448766, 0.01791760500716673, 0.21248824662750965, 0.016619157916557534], [0.653444335871199, 0.02965252179635883, 0.033750512591734026, 0.2831526297407082], [0.7548751720412269, 0.003744442488532435, 1.3835421833861759e-06, 0.24137900192805742], [0.6641353945076308, 0.043782739933827385, 0.19041096625463189, 0.10167089930390993], [0.36830530105669657, 0.6257733930504062, 0.0016132920331512106, 0.004308013859745972], [0.7171219252165223, 0.25332460270017776, 0.012594756180041371, 0.01695871590325855], [0.4226690317720244, 0.0067182971487736165, 0.29617030991053533, 0.27444236116866666], [0.7170933508313511, 5.017494461227808e-06, 6.826541933427703e-06, 0.28289480513225423], [0.017574609030423453, 0.42631574775056996, 9.941462880649724e-05, 0.5560102285902], [0.002195596335857216, 0.8906498923084117, 0.009914180261168736, 0.09724033109456236], [0.007496694841000663, 0.94089501423586, 0.013687371290920118, 0.037920919632219253], [0.08333710129401002, 0.8770586529166595, 0.0037359004071525824, 0.035868345382177806], [0.0035745014675333574, 0.8544311443610546, 0.02731484835173508, 0.11467950581967688], [0.0005945946509170773, 0.7698904996248707, 0.003080392436570632, 0.22643451328764175], [0.0005786077036630149, 0.28541839455237317, 0.017341592705681426, 0.6966614050382823], [8.690334174879798e-05, 0.8780411337124306, 0.12146297453106661, 0.00040898841475412253], [0.8189695023697279, 0.08443482244239307, 0.041318159819401505, 0.05527751536847752], [0.1845202391989543, 0.0041617342756724235, 2.190688115348927e-05, 0.8112961196442198], [0.29879970964521935, 0.137532954011116, 0.2948637087388163, 0.26880362760484844], [0.002490039807622528, 0.0005266968250303315, 0.010412330085123869, 0.9865709332822232], [0.00045109356526010474, 0.9776710234851768, 0.0016520078107056643, 0.020225875138857374], [0.000385783937060358, 0.00011990480951207008, 0.019177595028858713, 0.980316716224569], [0.7453689605041521, 0.21284728489577323, 0.0008016639172344589, 0.040982090682840054], [0.02280764320076007, 0.0006589229484247107, 0.32978949783496936, 0.6467439360158459], [0.0020852411327228378, 0.14748570234656228, 0.3129472512309387, 0.5374818052897762], [0.00022857308179367566, 0.11396336090716362, 0.2326107626563303, 0.6531973033547125], [0.9885842554142342, 0.008298364942034472, 0.0006547071909553563, 0.0024626724527758393], [8.55482973411746e-06, 1.0780114036129432e-05, 0.00037738634538944595, 0.9996032787108403], [0.12689885114795352, 0.8655581767052181, 9.820078512785223e-05, 0.007444771361700617], [0.5432305687690966, 0.4368964766080332, 0.0010102106372146876, 0.018862743985655538], [0.007423229693600176, 0.46632484160546384, 0.00036243869730451006, 0.5258894900036316], [0.020586035221266123, 0.0067628232281094595, 0.003534878536799471, 0.9691162630138249], [0.20141068043684326, 0.016320271022917745, 0.29737604145377594, 0.4848930070864631], [0.00016295070511211025, 0.9961197163608372, 0.00034612577340249284, 0.0033712071606481525], [0.0025966416870635937, 0.9969607166067405, 0.00027442837140071336, 0.0001682133347953866], [0.006121766297055221, 0.07054644547571791, 0.006304904489321241, 0.9170268837379056], [0.9765117657775966, 0.017393965212344906, 0.004628019563340646, 0.0014662494467179265], [0.0572839634390383, 0.010407880942450739, 0.6829061836915615, 0.24940197192694935], [0.7713582352979439, 0.19617791513773036, 0.016807535975088165, 0.015656313589237733], [0.1718623631495807, 0.39638999454409596, 0.052018625044382615, 0.3797290172619407], [0.0031193452827355077, 0.9691464484465365, 0.011234315413243092, 0.016499890857484864], [0.7263782442938346, 0.08406692649793793, 0.18880492523546843, 0.000749903972759267], [0.048598781144319855, 0.9479746727225478, 0.002806777453273585, 0.0006197686798587689], [0.9385521079930381, 0.012207315648543778, 0.03921778889171676, 0.010022787466701244], [0.00046396161764369843, 0.9746396302957183, 0.0034684012441220866, 0.021428006842515824], [0.47956304789124493, 0.41311570100411926, 0.07505199996944358, 0.0322692511351921], [0.0665199994577626, 0.8632212360910968, 0.006680164778116066, 0.06357859967302436], [0.067916452535834, 0.0003301703529590327, 0.0003199682631083811, 0.9314334088480986], [1.0507455825506607e-05, 0.0168504428756285, 0.006461492284552759, 0.9766775573839933], [0.17570802063887117, 0.007329798488909542, 0.21054494909054589, 0.6064172317816735], [0.10157961912532767, 0.8526222863248039, 0.008219170866692813, 0.037578923683175496], [0.9162696228638981, 0.041725416008944166, 0.02679342024739329, 0.015211540879764212], [0.9970848546596559, 1.7341969762675245e-05, 0.0001084809115688197, 0.002789322459012577], [0.3001393730702618, 0.3990046365684828, 0.015855958498261977, 0.28500003186299344], [5.547510148141533e-05, 0.999884039926164, 3.617636408721649e-05, 2.4308608267252276e-05], [0.5759152782871598, 0.050547478031512175, 0.006976486723488384, 0.36656075695783963], [0.0015390751799355794, 0.9949363963416683, 0.0032149589401192615, 0.0003095695382768609], [0.21277357232719674, 0.27374802599577674, 0.24805064114181513, 0.2654277605352114], [0.809556651946782, 0.0001805180058044313, 0.07409234882561662, 0.11617048122179693], [0.3461738023711646, 0.5943465828096833, 0.05940461361114342, 7.500120800851335e-05], [0.4458168342660854, 0.0872177774326531, 0.0004743839590213066, 0.4664910043422401], [0.04845449304420879, 0.9363019102902195, 0.006472585611770984, 0.008771011053800801], [0.05365573241095825, 0.05258030586451417, 0.003330653056016329, 0.8904333086685112], [0.00025230693098972243, 0.9838568770029716, 0.001840506929799367, 0.014050309136239227], [0.02053471908834055, 0.011331623164372886, 3.4499955242809186e-05, 0.9680991577920437], [4.704979865039665e-05, 0.04361048730930685, 1.4048480600215778e-05, 0.9563284144114426], [0.04046308280635004, 0.00701475902278563, 0.00013074802691435828, 0.9523914101439499], [0.0013813562159058087, 0.2815203926747026, 0.14536015721350196, 0.5717380938958897], [0.5219817150339802, 0.44123398778134937, 0.011094903176476998, 0.02568939400819346], [0.0019427570834708423, 0.021763313696928174, 0.000507868186494661, 0.9757860610331063], [0.16538057384315275, 0.008706480081210865, 0.04834724406657007, 0.7775657020090664], [0.00868641706591075, 0.000221143224353023, 0.00023281812393181596, 0.9908596215858043], [0.003112264469918504, 0.0978330763965772, 0.0016912760394356989, 0.8973633830940686], [0.022904948222539037, 0.009238457948650667, 0.8682863855515908, 0.09957020827721962]]}}