{"test": {"ids": ["112120990", "104113210", "112121010", "108118520", "110121140", "112117790", "100111270", "107119950", "103110840", "102116500", "103120340", "97109080", "109121640", "110114321", "108121190", "104111380", "97107821", "110118121", "110121450", "98111670", "98107340", "105114220", "97107681", "100109910", "107116300", "109117730", "99120010", "113120751", "97106600", "103112641", "112117780", "99107950", "109114270", "113122230", "110119300", "98116090", "106117790", "102109910", "107113180", "98107410", "109114220", "105116501", "113121750", "97107260", "113119340", "108114040", "98112300", "98119591", "110117110", "106112770", "101117580", "103111990", "111120280", "101108080", "101115190", "111117000", "109115070", "106113260", "112119930", "100108260", "111118301", "112116290", "108121410", "112116610", "100116500", "111117120", "108119510", "109114720", "103113610", "97106000", "104113190", "109120560", "99108330", "101121640", "104119290", "104114240", "112116850", "110120640", "101111310", "102109010", "97105760", "107114621", "113122120", "113119320", "110116170", "110121500", "110118740", "97114170", "100108990", "110114610", "100109000", "98107380", "113122220", "104113550", "112118550", "104111531", "103111620", "102110890", "104118340", "98107010", "112121351", "103110100", "112116640", "111120640", "106114321", "99111000", "111116040", "97106820", "101110200", "105113620", "112119320", "102110500", "107114110", "111121220", "105112100", "103110050", "100108520", "103111930", "110120190", "108115250", "98110810", "99109780", "109119010", "111116110", "99107640", "101109000", "107118780", "109116170", "109118231", "109113881", "100115700", "108117610", "101111620", "112119500", "98106560", "103118291", "97113900", "108120260", "113121810", "112117210", "104111880", "107114950"], "labels": [2, 3, 2, 0, 3, 3, 2, 3, 1, 1, 1, 2, 0, 1, 1, 3, 2, 3, 3, 1, 0, 3, 3, 2, 0, 3, 2, 1, 3, 3, 0, 1, 3, 1, 1, 0, 1, 2, 3, 3, 3, 1, 0, 2, 0, 0, 2, 1, 0, 1, 3, 2, 0, 0, 1, 0, 0, 3, 1, 3, 3, 0, 0, 1, 2, 2, 1, 0, 2, 0, 3, 1, 1, 2, 1, 0, 0, 0, 3, 1, 0, 0, 1, 1, 0, 3, 3, 2, 2, 1, 1, 1, 1, 1, 3, 0, 0, 0, 2, 3, 0, 1, 0, 0, 2, 2, 0, 1, 2, 0, 1, 3, 1, 3, 1, 3, 2, 3, 3, 1, 1, 2, 3, 3, 1, 1, 1, 0, 1, 0, 1, 3, 3, 2, 1, 0, 2, 1, 2, 1, 3, 3], "predicted_labels": [1, 3, 3, 1, 1, 0, 1, 1, 0, 1, 1, 1, 1, 1, 3, 1, 0, 3, 1, 3, 3, 0, 3, 1, 1, 0, 2, 1, 1, 3, 3, 1, 3, 1, 1, 3, 1, 0, 3, 0, 3, 3, 3, 3, 3, 1, 0, 3, 1, 3, 0, 1, 1, 1, 1, 3, 1, 1, 1, 0, 3, 1, 1, 1, 0, 3, 3, 1, 3, 3, 3, 2, 3, 3, 3, 3, 3, 1, 1, 1, 1, 3, 1, 3, 3, 0, 0, 3, 3, 1, 3, 0, 1, 0, 3, 3, 1, 3, 1, 3, 3, 0, 3, 1, 3, 2, 3, 3, 1, 1, 3, 0, 3, 3, 3, 1, 0, 1, 1, 3, 1, 1, 3, 3, 3, 3, 0, 1, 1, 1, 0, 3, 3, 1, 3, 3, 0, 0, 1, 1, 3, 3], "confidence_scores": [[0.21528069153069163, 0.3059195748695749, 0.1875228438228439, 0.2912768897768898], [0.2471098845598846, 0.2648041125541126, 0.17658730158730165, 0.3114987012987014], [0.20436238761238765, 0.28864617604617604, 0.18660951825951835, 0.32038191808191807], [0.2702341547341549, 0.2777676046176047, 0.21221434676434675, 0.23978389388389393], [0.23969278499278496, 0.29213188478188473, 0.21156885336885348, 0.25660647685647675], [0.30779054834054853, 0.20082706737706751, 0.20964489399489397, 0.28173749028749023], [0.19468956598956622, 0.30722678987678986, 0.23586984126984126, 0.26221380286380297], [0.19273304473304476, 0.323000382950383, 0.18805747389865046, 0.29620909841792203], [0.3075019980019982, 0.284620573870574, 0.1639458652458654, 0.24393156288156284], [0.2225682920021156, 0.29113656702774354, 0.2339507187257189, 0.25234442224442233], [0.21048888333888333, 0.299189022089022, 0.21830353535353536, 0.2720185592185592], [0.25040721500721513, 0.2802341269841271, 0.19069227994228005, 0.27866637806637806], [0.22717522477522487, 0.2911858585858587, 0.20973966866466867, 0.2718992479742478], [0.2520451576201577, 0.3179498501498501, 0.17974853757353762, 0.2502564546564548], [0.23991580086580092, 0.269625851925852, 0.20819846264846267, 0.2822598845598846], [0.2758713009213009, 0.2777583749583749, 0.20448117438117455, 0.2418891497391498], [0.290617698967699, 0.2505084138084138, 0.19101819569319572, 0.2678556915306915], [0.2844575036075038, 0.24564653679653692, 0.15537344877344877, 0.31452251082251087], [0.2668810966810967, 0.28584000721500724, 0.17178717116217124, 0.2754917249417249], [0.2468936749524986, 0.24035252802752802, 0.2124416527916528, 0.30031214422832075], [0.2614634421134423, 0.20918849483849491, 0.25540598290598293, 0.2739420801420801], [0.29435074925074933, 0.27222532467532473, 0.16080278610278617, 0.2726211399711402], [0.18237056277056282, 0.23454437229437242, 0.28038477633477626, 0.3027002886002885], [0.2688833028083029, 0.2786163086913088, 0.24408782883782906, 0.20841255966255975], [0.20650443445443464, 0.28776879231879243, 0.24892123432123447, 0.2568055389055388], [0.3299924464424464, 0.26230445110445116, 0.1740790043290044, 0.23362409812409818], [0.2266828393828395, 0.2611051448551448, 0.27001300921300925, 0.24219900654900672], [0.18380271395271403, 0.29782601842601847, 0.22076065046065058, 0.29761061716061726], [0.23907111222111235, 0.26460550560550566, 0.23194389499389514, 0.2643794871794871], [0.20869688644688653, 0.27116931679431683, 0.2159507353757355, 0.3041830613830614], [0.2978116883116883, 0.24956472416472428, 0.14628453213453227, 0.3063390553890553], [0.14108495670995672, 0.3101161116661118, 0.3033493867243867, 0.24544954489954499], [0.21848559218559216, 0.24981232656232663, 0.20868651348651351, 0.32301556776556795], [0.23951218226218238, 0.2878612665112665, 0.18785694860694868, 0.28476960261960266], [0.23645579420579427, 0.3123519869019869, 0.14398839493839494, 0.3072038239538241], [0.24659586524586544, 0.24704271284271295, 0.22608194028194034, 0.2802794816294816], [0.21190668220668218, 0.30513131313131303, 0.22734365079365085, 0.255618353868354], [0.28649152514152515, 0.2370191253191253, 0.19143269508269511, 0.2850566544566546], [0.18068904983904988, 0.2676383116883117, 0.25411607281607285, 0.2975565656565656], [0.3083781884781884, 0.22857333777333774, 0.19588242868242878, 0.2671660450660452], [0.25562129814629814, 0.2502210400710402, 0.2158531024531025, 0.2783045593295594], [0.2551258907758909, 0.28985846375846386, 0.15055427905427904, 0.30446136641136645], [0.270594335403159, 0.28303364772482414, 0.13873452658452673, 0.3076374902874904], [0.17641272061272073, 0.247319363969364, 0.2721683483183482, 0.30409956709956715], [0.2982329004329004, 0.26573737373737377, 0.11712557442557443, 0.31890415140415146], [0.20749615939615954, 0.3082642302142303, 0.19590303585303592, 0.2883365745365746], [0.31227900987900997, 0.21141680541680544, 0.19372484737484752, 0.2825793373293372], [0.2574760794760796, 0.23950959595959606, 0.2100677433677434, 0.2929465811965814], [0.19992966477966484, 0.32034374514374525, 0.22452202797202814, 0.25520456210456227], [0.20449979742479735, 0.28616298701298704, 0.18695039127539131, 0.3223868242868243], [0.3358306360306361, 0.24087690642690657, 0.16863153513153523, 0.2546609224109224], [0.21240253912753915, 0.345728119103119, 0.19653195138195145, 0.24533739038739039], [0.25745899100899106, 0.29526526529026537, 0.161332659007659, 0.2859430846930849], [0.26075483405483413, 0.29886221001221003, 0.15456641136641147, 0.2858165445665447], [0.17085324675324676, 0.32877394272394284, 0.22308345543345562, 0.2772893550893552], [0.21587221112221125, 0.23856185481185493, 0.2540632367632367, 0.2915026973026973], [0.21836154401154415, 0.3588198634698635, 0.17303064158064174, 0.24978795093795103], [0.2949584229495994, 0.30272846238728585, 0.16008423243423256, 0.2422288822288824], [0.17587107892107898, 0.3279383449883448, 0.19247439782439776, 0.30371617826617836], [0.28927383172383203, 0.2436569208569208, 0.23409002109002117, 0.23297922632922646], [0.27659224386724396, 0.2275036075036076, 0.16741339771339778, 0.32849075091575086], [0.24354408924408932, 0.31272457264957276, 0.18781065878565886, 0.25592067932067947], [0.2599564935064936, 0.27641819014319025, 0.2098742146742148, 0.2537511016761019], [0.23548639693639703, 0.300079575979576, 0.19488315573315568, 0.2695508713508714], [0.27098913863913876, 0.24911040626040648, 0.2190267676767678, 0.26087368742368744], [0.23279860139860156, 0.2555695582195583, 0.18403616938616937, 0.3275956709956711], [0.23826176046176056, 0.2540297979797981, 0.21635339105339108, 0.2913550505050505], [0.18483071095571094, 0.3214942501942502, 0.21726645854145862, 0.27640858030858034], [0.2262220335220337, 0.2624711260961262, 0.2165974747474748, 0.29470936563436567], [0.2026525752025753, 0.2753935841935841, 0.2266738539238539, 0.2952799866799867], [0.24978911088911104, 0.26949189144189156, 0.19973756798756812, 0.28098142968142975], [0.15183583083583088, 0.25934403374403386, 0.29674598734598734, 0.2920741480741481], [0.19744105339105342, 0.26513045288045284, 0.2294995670995671, 0.30792892662892674], [0.2271185148185148, 0.25904592074592087, 0.18770080475080486, 0.3261347596847599], [0.16864980574980581, 0.27429916194916204, 0.2216798368298369, 0.3353711954711953], [0.23076292041292049, 0.2695765512265514, 0.22815555000555007, 0.27150497835497844], [0.18714077589077596, 0.2652620601620602, 0.20554966144966158, 0.3420475024975025], [0.17563326118326128, 0.3193428995840761, 0.22679282939282935, 0.2782310098398334], [0.2829386002886002, 0.3004613941613941, 0.16452234987234995, 0.2520776556776558], [0.22667241092241094, 0.2970745448995449, 0.21219469696969706, 0.26405834720834725], [0.23377055167055172, 0.28628459873459877, 0.24800789210789215, 0.23193695748695758], [0.22060406260406273, 0.2551754467754469, 0.2050316017316017, 0.3191888888888886], [0.2692132978132978, 0.2802239205239204, 0.20223019758019772, 0.24833258408258416], [0.25454487734487763, 0.27078015873015876, 0.15715512265512274, 0.31751984126984123], [0.20048511847629497, 0.2559471770060007, 0.225906105006105, 0.31766159951159945], [0.31106038406038405, 0.264439849039849, 0.1572776001776003, 0.2672221667221667], [0.29173775668775676, 0.25581152736152746, 0.16108376623376625, 0.2913669497169497], [0.234115195915196, 0.270700432900433, 0.20328085803085802, 0.2919035131535131], [0.23323048063048063, 0.26929129204129215, 0.2115884615384616, 0.28588976578976566], [0.2321433843933846, 0.30811088356088356, 0.23013931623931622, 0.22960641580641583], [0.24660158175158187, 0.2620876678876679, 0.22114644244644246, 0.270164307914308], [0.27394859029859026, 0.2720087024087025, 0.18995643800643822, 0.2640862692862694], [0.19014496059496064, 0.2997866522366523, 0.24875273060273062, 0.26131565656565664], [0.31206352536352533, 0.2335403485403486, 0.221861421911422, 0.23253470418470426], [0.23671830391830398, 0.27081256521256525, 0.16602257742257737, 0.32644655344655343], [0.24379413364413371, 0.2692650155400157, 0.16720335497835503, 0.3197374958374959], [0.20218976023976026, 0.29492577422577415, 0.27163806748806746, 0.23124639804639824], [0.2799945665445665, 0.23108555611055617, 0.1890354617604618, 0.2998844155844157], [0.1548065878565879, 0.32467898212898233, 0.22844388944388958, 0.29207054057054055], [0.24632839937839957, 0.26771303141303143, 0.1857433455433456, 0.3002152236652238], [0.2579276945276946, 0.25866739926739946, 0.21587243867243874, 0.26753246753246773], [0.29315577200577203, 0.23738601953601984, 0.19209243534243545, 0.27736577311577326], [0.19654419991772942, 0.2771477772227772, 0.18791562555091967, 0.3383923973085737], [0.2607093295593297, 0.3022952602952604, 0.19475688200688215, 0.24223852813852814], [0.24958035853035865, 0.27296692751692764, 0.1860810966810967, 0.2913716172716172], [0.2253469363969365, 0.26992715062715056, 0.27582897102897114, 0.22889694194694202], [0.27553362193362196, 0.25115500055500073, 0.16387531912531922, 0.3094360583860586], [0.28228749583749596, 0.21842046842046853, 0.20811363636363647, 0.29117839937839934], [0.20802783327783347, 0.35338916638916634, 0.16910300810300813, 0.26947999222999225], [0.2408972582972584, 0.2691191530691531, 0.22175127927627944, 0.2682323093573093], [0.20259305694305715, 0.28033913308913316, 0.21017161172161192, 0.3068961982461982], [0.3080853257853259, 0.1960420634920636, 0.20317722277722283, 0.2926953879453881], [0.23112712646830302, 0.19310173911056275, 0.18633303918303923, 0.3894380952380953], [0.24672403152403166, 0.28102871572871563, 0.13834548784548786, 0.33390176490176493], [0.24131466311466312, 0.2745314391490862, 0.20342048507048507, 0.2807334126657657], [0.23245019702519706, 0.30347392607392615, 0.20995715950715965, 0.2541187173937175], [0.3087986957486957, 0.19692831449596168, 0.19699126037361342, 0.2972817293817296], [0.27636291486291503, 0.2799625541125541, 0.20390101010101017, 0.23977352092352097], [0.2232414585414587, 0.3199502164502165, 0.1558214285714286, 0.3009868964368964], [0.1794620906870907, 0.2826365911865913, 0.23517992644610308, 0.30272139168021545], [0.20328407703407717, 0.31715251415251416, 0.23708265068265078, 0.24248075813075814], [0.2739109612609614, 0.3001145854145854, 0.210672915972916, 0.21530153735153748], [0.16838997113997117, 0.28476111111111135, 0.23614292929292943, 0.3107059884559885], [0.20968496780996781, 0.2803491563991564, 0.1996951104451105, 0.3102707653457653], [0.20964514929514952, 0.25323528138528145, 0.2186173604173606, 0.31850220890220887], [0.2329108835608836, 0.26467145909645906, 0.22620079365079368, 0.2762168636918638], [0.31954356199356193, 0.2676593628593629, 0.15342586302586309, 0.2593712121212122], [0.18099118659118657, 0.35528010323010334, 0.18471986346986355, 0.2790088467088468], [0.23481324786324803, 0.30790633255633254, 0.19074552669552677, 0.2665348928848931], [0.2767461038961038, 0.2901111471861472, 0.18315927128427134, 0.24998347763347772], [0.2829499222999224, 0.25047537462537467, 0.2122700688200689, 0.25430463425463445], [0.19228703796203808, 0.3109652014652015, 0.15651039238539244, 0.34023736818736827], [0.2579187756687757, 0.2604431179931182, 0.19812742257742266, 0.28351068376068383], [0.17987760017760027, 0.34947092352092357, 0.20080616050616049, 0.2698453157953159], [0.24566361416361424, 0.2857342379842379, 0.165684831834832, 0.302917316017316], [0.25432560772560775, 0.2458138345314817, 0.22192848426083733, 0.27793207348207355], [0.27970028860028856, 0.2441146187146189, 0.22708004218004216, 0.24910505050505066], [0.27786228216228226, 0.2589694194694195, 0.2013721445221446, 0.2617961538461539], [0.18673795093795098, 0.33389139749139746, 0.24813285048285053, 0.2312378010878013], [0.2078250804750805, 0.3216529970029971, 0.20005027750027748, 0.2704716450216451], [0.1980763125763126, 0.2607875291375292, 0.2211292707292708, 0.32000688755688755], [0.2872560384060384, 0.22854090909090907, 0.16016330336330348, 0.3240397491397493]]}, "rewritten": {"ids": ["97105760", "97106000", "97106600", "97106820", "97107260", "97107681", "97107821", "97109080", "97113900", "97114170", "98106560", "98107010", "98107340", "98107380", "98107410", "98110810", "98111670", "98112300", "98116090", "98119591", "99107640", "99107950", "99108330", "99109780", "99111000", "99120010", "100108260", "100108520", "100108990", "100109000", "100109910", "100111270", "100115700", "100116500", "101108080", "101109000", "101110200", "101111310", "101111620", "101115190", "101117580", "101121640", "102109010", "102109910", "102110500", "102110890", "102116500", "103110050", "103110100", "103110840", "103111620", "103111930", "103111990", "103112641", "103113610", "103118291", "103120340", "104111380", "104111531", "104111880", "104113190", "104113210", "104113550", "104114240", "104118340", "104119290", "105112100", "105113620", "105114220", "105116501", "106112770", "106113260", "106114321", "106117790", "107113180", "107114110", "107114621", "107114950", "107116300", "107118780", "107119950", "108114040", "108115250", "108117610", "108118520", "108119510", "108120260", "108121190", "108121410", "109113881", "109114220", "109114270", "109114720", "109115070", "109116170", "109117730", "109118231", "109119010", "109120560", "109121640", "110114321", "110114610", "110116170", "110117110", "110118121", "110118740", "110119300", "110120190", "110120640", "110121140", "110121450", "110121500", "111116040", "111116110", "111117000", "111117120", "111118301", "111120280", "111120640", "111121220", "112116290", "112116610", "112116640", "112116850", "112117210", "112117780", "112117790", "112118550", "112119320", "112119500", "112119930", "112120990", "112121010", "112121351", "113119320", "113119340", "113120751", "113121750", "113121810", "113122120", "113122220", "113122230"], "labels": [0, 0, 3, 1, 2, 3, 2, 2, 2, 2, 1, 3, 0, 1, 3, 1, 1, 2, 0, 1, 1, 1, 1, 2, 2, 2, 3, 2, 2, 1, 2, 2, 1, 2, 0, 1, 2, 3, 3, 1, 3, 2, 1, 2, 3, 0, 1, 3, 1, 1, 0, 3, 2, 3, 2, 0, 1, 3, 0, 3, 3, 3, 1, 0, 2, 1, 1, 0, 3, 1, 1, 3, 2, 1, 3, 1, 0, 3, 0, 1, 3, 0, 1, 3, 0, 1, 1, 1, 0, 0, 3, 3, 0, 0, 0, 3, 1, 3, 1, 0, 1, 1, 0, 0, 3, 3, 1, 3, 0, 3, 3, 3, 0, 3, 0, 2, 3, 0, 0, 3, 0, 1, 0, 0, 1, 0, 3, 3, 1, 2, 1, 2, 2, 0, 1, 0, 1, 0, 2, 1, 1, 1], "predicted_labels": [3, 3, 0, 0, 3, 3, 0, 1, 0, 3, 1, 3, 3, 0, 0, 1, 3, 0, 3, 3, 3, 1, 3, 1, 3, 0, 0, 3, 1, 3, 0, 1, 0, 3, 1, 3, 1, 0, 3, 1, 0, 3, 3, 0, 3, 0, 3, 1, 0, 1, 1, 3, 1, 3, 3, 1, 1, 0, 3, 3, 3, 3, 0, 1, 3, 3, 0, 1, 0, 3, 3, 1, 0, 3, 2, 3, 3, 0, 1, 0, 1, 1, 3, 3, 1, 0, 3, 3, 1, 1, 3, 3, 3, 1, 1, 0, 1, 3, 3, 3, 1, 1, 3, 1, 0, 0, 3, 1, 3, 1, 3, 0, 3, 3, 1, 3, 3, 1, 1, 3, 1, 1, 3, 3, 1, 0, 0, 3, 3, 1, 1, 1, 1, 0, 1, 3, 1, 1, 1, 1, 1, 3], "confidence_scores": [[0.2583296814296815, 0.2468133977133978, 0.21703070818070813, 0.27782621267621266], [0.17233453213453223, 0.26680021645021645, 0.2038564657564658, 0.3570087856587856], [0.2771246753246754, 0.25730317460317476, 0.22065251970251987, 0.24491963036963052], [0.26927152292152295, 0.22902346542346558, 0.2375255466755468, 0.26417946497946493], [0.17480512265512266, 0.24340230880230887, 0.28471378066378045, 0.297078787878788], [0.2266065878565879, 0.25085454545454566, 0.24558600843600847, 0.2769528582528583], [0.29880238095238104, 0.256087012987013, 0.20055313852813858, 0.24455746753246754], [0.22658992118992133, 0.3037379509379509, 0.22168340548340557, 0.24798872238872244], [0.3098276057276057, 0.2423320290820292, 0.2092516705516707, 0.2385886946386947], [0.24846153846153873, 0.2504069486069488, 0.1941552725052726, 0.30697624042624044], [0.23780540456275756, 0.29199376293641005, 0.17859302364302368, 0.291607808857809], [0.24427365689865696, 0.2673985331661801, 0.18853823953823956, 0.2997895703969234], [0.27843427683427696, 0.18549524919524918, 0.2473206460206461, 0.288749827949828], [0.2834450715950718, 0.2637742923742925, 0.19169439449439468, 0.26108624153624155], [0.3103600677100675, 0.19575356865356866, 0.18831862026862034, 0.3055677433677435], [0.16265295815295822, 0.34677660950160955, 0.21417773337773344, 0.2763926989676991], [0.2458841178429415, 0.26442127676245325, 0.201972077922078, 0.2877225274725276], [0.31047373737373746, 0.218556920856921, 0.1937292818292819, 0.27724005994006], [0.24105921855921877, 0.24952659562659582, 0.19186226551226562, 0.3175519203019203], [0.23866616161616183, 0.24334599844599847, 0.22373904428904431, 0.2942487956487959], [0.24913510933510946, 0.23704064269064265, 0.1938121156621157, 0.32001213231213216], [0.17051114441114446, 0.2907796758796759, 0.2716846098346097, 0.26702456987456996], [0.19959326784326806, 0.2780177211677212, 0.23643756243756253, 0.2859514485514487], [0.2561035353535356, 0.2979486513486513, 0.2041499195249196, 0.24179789377289385], [0.18131040071040092, 0.26897792207792226, 0.27369217449217453, 0.2760195027195027], [0.2789558219558219, 0.23876973581973582, 0.2281820512820514, 0.254092390942391], [0.2662520257520259, 0.2561210261960263, 0.21848036130536141, 0.25914658674658675], [0.2991235264735265, 0.22369422244422263, 0.17062554112554124, 0.30655670995670997], [0.2189128427128427, 0.3259737595737595, 0.1839974525474526, 0.2711159451659452], [0.23698901098901096, 0.25460451770451775, 0.23329985569985584, 0.2751066156066156], [0.2865390831390833, 0.24834900654900663, 0.2330251304251305, 0.23208677988677986], [0.21082592407592413, 0.30349937284937284, 0.19872362441480093, 0.2869510786599023], [0.28763471528471524, 0.23981796536796537, 0.21377928737928742, 0.2587680319680322], [0.2656500832500834, 0.2518084804084806, 0.21494800199800215, 0.26759343434343424], [0.26853999333999334, 0.29340593295593304, 0.14894344544344548, 0.2891106282606281], [0.222910028860029, 0.25902619602619603, 0.20527396214896224, 0.3127898129648131], [0.2157275113775115, 0.32740474525474517, 0.16594648684648694, 0.29092125652125644], [0.28867988122988136, 0.2578853479853482, 0.20820808080808093, 0.24522668997668998], [0.2623742202242203, 0.25683287268287275, 0.19265898937663645, 0.28813391771627084], [0.20373891663891663, 0.33003005883005887, 0.20561450216450228, 0.2606165223665224], [0.36022647352647347, 0.2340381562881565, 0.152980291930292, 0.25275507825507826], [0.26925743145743153, 0.2740149406149406, 0.1771664446664448, 0.2795611832611832], [0.24222726717726725, 0.27550419302919316, 0.1919732517482518, 0.29029528804528815], [0.32157414807414825, 0.23295779220779217, 0.17406207126207135, 0.2714059884559885], [0.28254971139971147, 0.20176150516150515, 0.1977267843267845, 0.3179619991119991], [0.32862879620379615, 0.20298643578643594, 0.2086932511932512, 0.2596915168165169], [0.23515851566733934, 0.2590250285662052, 0.24556711066711073, 0.26024934509934516], [0.20183148518148525, 0.2958943944943945, 0.2147740564990566, 0.28750006382506393], [0.28533612498612504, 0.22587678432678432, 0.21402294927294932, 0.2747641414141414], [0.2695417193917195, 0.2976839993339994, 0.17690189255189268, 0.2558723887223888], [0.19943837828837843, 0.28680302475302477, 0.23829026529026534, 0.2754683316683317], [0.24742987012987022, 0.2763128593628593, 0.19828496503496512, 0.27797230547230545], [0.22162590187590192, 0.3082892662892664, 0.1650384837384838, 0.30504634809634806], [0.2280246753246753, 0.2798384920634921, 0.19479736652236657, 0.2973394660894662], [0.22447025752025768, 0.25481194083694103, 0.2250454101454102, 0.29567239149739155], [0.2769242146742148, 0.283631906981907, 0.18508658563658562, 0.25435729270729285], [0.23395863580863588, 0.29354440004440024, 0.18882481962481967, 0.2836721445221445], [0.3017309634809634, 0.2564390276390278, 0.21154540067775365, 0.23028460820225533], [0.23259069819069828, 0.2503221139971142, 0.178034595959596, 0.33905259185259184], [0.20239657769131464, 0.25510783733810066, 0.19695758963258958, 0.345537995337995], [0.24871075591075598, 0.273620462870463, 0.2037086580086581, 0.27396012321012325], [0.27821277056277066, 0.2125443500943501, 0.18626358641358653, 0.322979292929293], [0.3330487956487955, 0.2379769508269509, 0.21000742590742605, 0.2189668276168277], [0.2166816572316573, 0.2795799866799868, 0.22467826617826622, 0.27906008991008996], [0.17667570762570772, 0.2961035353535355, 0.23078410478410488, 0.2964366522366523], [0.1922429514929515, 0.2863151387827859, 0.1854429808753339, 0.3359989288489288], [0.3107994560994562, 0.21271230436230446, 0.1836274170274171, 0.2928608225108227], [0.2721521867021866, 0.2782479020979022, 0.18755407647907651, 0.2620458347208348], [0.32413844488844484, 0.24629612609612617, 0.1618161505161506, 0.26774927849927865], [0.2699196026196026, 0.30006040626040636, 0.12335261960261966, 0.30666737151737145], [0.25802210567210576, 0.24048156565656578, 0.21129742479742492, 0.29019890387390396], [0.29708231017348663, 0.304507172565996, 0.13901854811854808, 0.2593919691419691], [0.2959745865245865, 0.26275757020757023, 0.1666318903318905, 0.2746359529359529], [0.21003679653679652, 0.26450892163392176, 0.20752722555222558, 0.31792705627705614], [0.20577120657120665, 0.25848927183927184, 0.2852592407592408, 0.25048028083028095], [0.22000527250527252, 0.20648704073704086, 0.1912731546231547, 0.38223453213453223], [0.25394042624042623, 0.25362148962148984, 0.18872281607281613, 0.303715268065268], [0.3020514541014541, 0.22938518703518712, 0.16923896103896113, 0.2993243978243979], [0.22578084138084145, 0.2787997113997113, 0.22202193362193365, 0.27339751359751374], [0.31485243090243104, 0.27835296925296926, 0.13394373404373416, 0.2728508658008659], [0.1877541014541015, 0.332608968808969, 0.18574964839082495, 0.29388728134610487], [0.25925141525141526, 0.2877968031968032, 0.16891724941724945, 0.284034532134532], [0.1983329170829171, 0.26579686702186706, 0.22051137473637492, 0.31535884115884116], [0.22246195471195476, 0.23907011713776438, 0.1624067948391478, 0.3760611333111334], [0.2675960983460984, 0.2693917471417472, 0.2023504662004662, 0.2606616883116883], [0.2955396658896658, 0.2337857753357755, 0.18697235542235552, 0.2837022033522033], [0.2608023088023088, 0.26460995670995663, 0.20366399711399713, 0.2709237373737375], [0.28196868686868704, 0.2408550005550007, 0.18708681318681328, 0.29008949938949946], [0.2787014152514154, 0.29115509490509506, 0.1772602231102232, 0.2528832667332669], [0.23823203463203463, 0.2928792651792652, 0.18512818292818284, 0.2837605172605174], [0.26611724386724395, 0.2233677766677767, 0.1835090631590632, 0.3270059163059162], [0.22889756909756917, 0.25421153846153866, 0.19993211788211793, 0.3169587745587746], [0.1982099567099567, 0.301660028860029, 0.18037034632034632, 0.3197596681096682], [0.2295839826839828, 0.33898398268398255, 0.16502388167388188, 0.26640815295815307], [0.2291056388056389, 0.32223746253746266, 0.17110448995449004, 0.27755240870240877], [0.3032430153180152, 0.2434905705405707, 0.17099152236652243, 0.2822748917748919], [0.2866338661338661, 0.30356549561549556, 0.16654675324675333, 0.24325388500388512], [0.16360656565656573, 0.2726783549783551, 0.24929047619047645, 0.31442460317460325], [0.17894841269841277, 0.28086849261849267, 0.24035367965367974, 0.299829415029415], [0.21730858585858595, 0.28785209235209236, 0.20296457431457438, 0.29187474747474756], [0.23018901098901107, 0.338037606837607, 0.15018759573759585, 0.28158578643578636], [0.20488586413586435, 0.30428611943611944, 0.22354819624819627, 0.26727982017982016], [0.20995366300366303, 0.28329932844932854, 0.18263379398379395, 0.3241132145632145], [0.24293970473970478, 0.29798145743145743, 0.21871764901764912, 0.24036118881118884], [0.33157142857142874, 0.25330732045732046, 0.14267668997668997, 0.2724445609945611], [0.32428887691256114, 0.2066814907314909, 0.18119231411863007, 0.28783731823731823], [0.20317554112554123, 0.3139928876678875, 0.16065760350760366, 0.32217396769896783], [0.20603214008214005, 0.3276235153735155, 0.140022027972028, 0.3263223165723166], [0.2223119991119991, 0.2568592463092465, 0.2368434953934955, 0.2839852591852592], [0.24180220890220896, 0.2741596486846487, 0.22814242424242437, 0.25589571817071827], [0.25520842490842516, 0.283401714951715, 0.16350467310467318, 0.29788518703518707], [0.3008432511932512, 0.2939452824952825, 0.14411612831612836, 0.26109533799533813], [0.2921055944055945, 0.22092473637473645, 0.17740295815295817, 0.3095667110667112], [0.24710211455211464, 0.24050028860028866, 0.18131637806637818, 0.33108121878121877], [0.2364472360972362, 0.27251933621933633, 0.2533898490398491, 0.2376435786435788], [0.23214903984904003, 0.2797260461760463, 0.1805056277056278, 0.3076192862692863], [0.2512454184704186, 0.28147207792207796, 0.14754536019536027, 0.3197371434121433], [0.2488379786879788, 0.31407004384504367, 0.14571912254412261, 0.29137285492285525], [0.2302802170052171, 0.31683802308802295, 0.19772308802308816, 0.2551586718836719], [0.2794468364968365, 0.24215923520923527, 0.1449368187368187, 0.3334571095571095], [0.2305311632811634, 0.3140924880674881, 0.1858418276168278, 0.26953452103452114], [0.2484318154068155, 0.2849466838716838, 0.1938558802308802, 0.27276562049062064], [0.22160814098182532, 0.29397875735375745, 0.15079974280105862, 0.33361335886335863], [0.20295836385836397, 0.28187252747252756, 0.19630036075036084, 0.3188687479187478], [0.20681400821400836, 0.2972565268065268, 0.24860530580530585, 0.24732415917415923], [0.29914591797091805, 0.2529982350982352, 0.14933168498168503, 0.29852416194916187], [0.29278375513375504, 0.23997984792984806, 0.1942858585858586, 0.2729505383505383], [0.2291079725829727, 0.2836248973248974, 0.14537370962370968, 0.3418934204684206], [0.17360027750027757, 0.2937101398601401, 0.22876341436341446, 0.30392616827616825], [0.19592929292929298, 0.31003069153069174, 0.20881525141525153, 0.28522476412476433], [0.1701753135753135, 0.30733856421356426, 0.21840665445665444, 0.30407946775446776], [0.22208706848706866, 0.30360682095682096, 0.17947842712842724, 0.29482768342768345], [0.22067440892440898, 0.30100115440115455, 0.1877423465423467, 0.29058209013209013], [0.2824413142413142, 0.245214357864358, 0.19047495559995561, 0.28186937229437237], [0.24414682539682553, 0.31419592466357177, 0.14523010878010872, 0.2964271411594941], [0.2865938922188922, 0.2688707903207903, 0.1290247391497391, 0.3155105783105784], [0.21122181152181166, 0.2941716006216007, 0.20863230103230113, 0.28597428682428677], [0.2631851001939239, 0.3174485938897703, 0.13935000555000562, 0.28001630036630054], [0.19087626262626273, 0.36049819069819083, 0.199497385947386, 0.24912816072816082], [0.2288760683760684, 0.29593667443667454, 0.20779402264402272, 0.2673932345432346], [0.2053449605949607, 0.2888910533910534, 0.23381275946275953, 0.2719512265512265], [0.23493401043401055, 0.2732681984681986, 0.18575944055944063, 0.30603835053835055]]}}