{"test": {"ids": ["106118520", "112118820", "105115380", "102110690", "104111620", "104119290", "102110500", "112121030", "111117480", "111118910", "105110251", "99116500", "113119320", "110115890", "109113591", "100113370", "111116100", "100112060", "99107660", "105116090", "112118880", "100109890", "110118111", "105111990", "113122190", "98112300", "110116290", "110115710", "104111990", "111119250", "102107961", "105113480", "107114621", "108114270", "112120290", "99109780", "113118690", "110114561", "103113170", "102114270", "102109850", "105112260", "105110091", "102110850", "103110220", "98120010", "97106970", "98113881", "97106000", "110120700", "99110050", "111116530", "110117140", "107116300", "101112540", "100108260", "112118930", "107121640", "112118890", "112121410", "97112290", "106116120", "103117200", "107112850", "110118121", "113122230", "113119480", "112119320", "102113350", "110114920", "100109801", "112119450", "111119290", "108113700", "106116850", "99107300", "113121220", "109115070", "113118820", "111119300", "111116411", "98106560", "111116010", "113117340", "106121220", "112116451", "98108520", "110120540", "113122150", "104112201", "112118161", "111121190", "112117461", "97105760", "101108500", "112118860", "97106591", "106117790", "106120640", "113119360", "108120621", "108115500", "111119610", "102110050", "107119390", "111115780", "111117571", "107116980", "106116820", "98111670", "99108330", "108117610", "113122120", "109117600", "110114950", "99112641", "110117080", "100111380", "113117550", "97109570", "101109000", "102109910", "110115250", "112119980", "107121540", "105116980", "113118810", "101108121", "108114360", "101114990", "98109230", "113120531", "103120290", "103113270", "97107821", "111120260", "97107950", "105115570", "100111620", "113122320", "110114321", "111115620"], "labels": [2, 0, 1, 0, 0, 1, 3, 0, 1, 0, 0, 2, 1, 2, 3, 3, 3, 2, 3, 1, 1, 3, 1, 2, 1, 2, 2, 2, 2, 1, 3, 0, 0, 3, 1, 2, 3, 0, 3, 3, 1, 3, 0, 3, 2, 2, 2, 3, 0, 2, 3, 3, 3, 0, 2, 3, 1, 1, 3, 0, 1, 1, 0, 1, 3, 1, 3, 1, 3, 3, 0, 3, 3, 0, 3, 3, 3, 0, 0, 1, 0, 1, 1, 2, 1, 0, 2, 1, 2, 0, 0, 1, 0, 0, 3, 3, 1, 1, 3, 0, 1, 3, 2, 3, 2, 1, 3, 3, 1, 1, 1, 3, 1, 1, 0, 1, 1, 3, 3, 0, 1, 2, 1, 0, 2, 0, 3, 0, 1, 3, 1, 0, 2, 2, 2, 3, 2, 0, 3, 1, 1, 1], "predicted_labels": [1, 3, 1, 3, 3, 0, 3, 0, 1, 0, 0, 2, 1, 0, 0, 3, 3, 1, 0, 0, 0, 1, 3, 3, 1, 3, 0, 0, 2, 2, 3, 1, 0, 1, 1, 2, 3, 1, 1, 2, 2, 1, 0, 1, 1, 2, 2, 1, 1, 3, 2, 0, 0, 1, 3, 1, 1, 2, 0, 0, 2, 0, 1, 1, 1, 1, 3, 2, 1, 1, 0, 0, 0, 3, 2, 0, 1, 1, 0, 2, 1, 1, 2, 0, 2, 0, 2, 3, 1, 0, 0, 0, 0, 0, 2, 3, 1, 1, 1, 0, 0, 1, 0, 1, 1, 3, 3, 1, 0, 0, 0, 1, 0, 0, 3, 1, 2, 3, 3, 0, 0, 3, 3, 1, 2, 1, 1, 0, 0, 2, 2, 3, 3, 3, 1, 0, 3, 2, 2, 0, 0, 3], "confidence_scores": [[0.04099966946260818, 0.6972606024904862, 0.24840126912645938, 0.013338458920446111], [0.10658639769682055, 0.32231352979566485, 0.11563048247590998, 0.4554695900316046], [0.01966391222736451, 0.7649367466921514, 0.12897952842771812, 0.08641981265276609], [0.0843604292692524, 0.09007426799486828, 0.012696891186041554, 0.8128684115498377], [0.07304737588750689, 0.0023200842116497555, 0.0032371441692212463, 0.9213953957316222], [0.8544646013506644, 0.05187449015867729, 0.01270097879949654, 0.0809599296911618], [0.12656911733443413, 0.08981805758443306, 0.039992499001056246, 0.7436203260800766], [0.5369226923806776, 0.1018952905267052, 0.01065890524099064, 0.35052311185162666], [0.09268241243955652, 0.4785036737665621, 0.22361666102375466, 0.20519725277012674], [0.4217386321826474, 0.16176565702691953, 0.17920183526792496, 0.23729387552250802], [0.7116223214066184, 0.21690195759595468, 0.04981346522315228, 0.021662255774274622], [0.003922106797156564, 0.07736391460489755, 0.9085390476892592, 0.010174930908686675], [0.1251704016993608, 0.600470180282275, 0.025639490170551768, 0.24871992784781258], [0.4306427102512189, 0.37381750959116417, 0.18131551635609983, 0.014224263801517142], [0.8366807461310447, 0.09263244191301925, 0.000414585947059826, 0.07027222600887614], [0.022128291136725063, 0.052690225503312364, 0.09334427881574872, 0.831837204544214], [0.05254291687156665, 0.23303558466625576, 0.16521822984406112, 0.5492032686181165], [0.034059107402207286, 0.5084406741369022, 0.4123093006998113, 0.04519091776107922], [0.3956759232374153, 0.16596057831536498, 0.0716204375805444, 0.36674306086667535], [0.8323480331695474, 0.022947819268215593, 0.006193751620842033, 0.13851039594139505], [0.5287008836182848, 0.1088915660028412, 0.2723844038627779, 0.09002314651609612], [0.357230367031073, 0.3700026123382875, 0.19122361144263758, 0.08154340918800186], [0.3144538630804124, 0.0348615257995221, 0.08954215737933308, 0.5611424537407325], [0.1051786371055417, 0.3110487390440091, 0.14908967659425532, 0.43468294725619394], [0.046616983825984795, 0.7236896233779183, 0.15544595540396686, 0.07424743739213006], [0.22822804725609733, 0.0077515019843527036, 0.03315602286676156, 0.7308644278927884], [0.49674055905598397, 0.057517791918340194, 0.07540747770618522, 0.37033417131949065], [0.8346362410533099, 0.043517173581122476, 0.05032999028053417, 0.0715165950850334], [0.041921848088685515, 0.2522835489392965, 0.5482992569105353, 0.15749534606148274], [0.2748240898625776, 0.009856406301513196, 0.5725687036927399, 0.14275080014316913], [0.28427010154408566, 0.02355922620807125, 0.3435514159242442, 0.34861925632359886], [0.03825236997911434, 0.5524625638401247, 0.1699007664030847, 0.23938429977767622], [0.5058906063198955, 0.015784243195588715, 0.002981880443931995, 0.4753432700405838], [0.0954188755440973, 0.7476137869881413, 0.04354350811609657, 0.11342382935166477], [0.2790690660079, 0.4874321770084182, 0.151841880476451, 0.08165687650723066], [0.3610299863534512, 0.0422195013371928, 0.5595714397543778, 0.03717907255497814], [0.27085793887183873, 0.16009137977224586, 0.09828706803712463, 0.4707636133187908], [0.4425364367044526, 0.525061506203328, 0.012045506720509408, 0.020356550371709806], [0.28393435235881853, 0.6380570934065787, 0.023629129382686437, 0.0543794248519164], [0.06590165865558467, 0.2273536011828327, 0.4899437597939646, 0.21680098036761808], [0.11942150180378446, 0.13508142467134743, 0.6699318177079855, 0.07556525581688271], [0.027750771621453178, 0.6659759660209449, 0.07197706285594954, 0.23429619950165242], [0.44004902733352447, 0.21131945147207049, 0.21811793768492269, 0.1305135835094823], [0.2553895264007217, 0.6529769808088215, 0.037023443342027604, 0.05461004944842918], [0.07038847937693854, 0.7553150162082807, 0.07669387973207292, 0.09760262468270807], [0.03317066969457464, 0.18840164013096247, 0.6725709990406064, 0.10585669113385651], [0.03800318522174348, 0.4684661457135717, 0.48191009462659884, 0.01162057443808607], [0.06086881247539859, 0.764972386427157, 0.04421076270017757, 0.12994803839726685], [0.1009475719453402, 0.3900018653439145, 0.37763006733496896, 0.1314204953757765], [0.1796861279405743, 0.08829745358132485, 0.1076816436316615, 0.6243347748464394], [0.21966456444335308, 0.2894740901543367, 0.4775326326501131, 0.013328712752197158], [0.8096195709328483, 0.062012713405745164, 0.028297891821387505, 0.10006982384001899], [0.6639679649741514, 0.07180548784829005, 0.03299779721040542, 0.2312287499671531], [0.046592117558328726, 0.7041243909383893, 0.025563169979661324, 0.22372032152362084], [0.003041698601523636, 0.433944081278359, 0.01899517594201681, 0.5440190441781007], [0.042987652161353244, 0.955326574490295, 0.0005840223983999871, 0.0011017509499518126], [0.13294090119086963, 0.5504188949333068, 0.15708430451803457, 0.1595558993577892], [0.14869382778887444, 0.15781799623726886, 0.3655856936162166, 0.32790248235764], [0.5430164971327537, 0.3805272407134308, 0.05324057525053806, 0.023215686903277435], [0.47841624996671134, 0.23986438378607836, 0.07533351271018043, 0.20638585353702993], [0.02507555941988789, 0.09735613526411754, 0.8340630459130692, 0.04350525940292514], [0.40860579478091913, 0.3871585944405033, 0.17823122695413557, 0.026004383824441858], [0.006929567409898186, 0.9708696700979931, 0.014955937498358265, 0.007244824993750627], [0.0038883754834661967, 0.7378594527137804, 0.0457823988911857, 0.21246977291156768], [0.013931524813372386, 0.7621903007060832, 0.020361980336700024, 0.20351619414384453], [0.037761515287432504, 0.5480570367469734, 0.2187539150527807, 0.1954275329128134], [0.06119989622614048, 0.1021937134674206, 0.010213005512791662, 0.8263933847936472], [0.026424772368214368, 0.2519004572135992, 0.46356912805566375, 0.25810564236252265], [0.0315285060555985, 0.6758512525312592, 0.08115882159163826, 0.21146141982150396], [0.0069046181855186494, 0.9692623052471122, 0.021812282038277377, 0.0020207945290918092], [0.5780739501686861, 0.09492947585542948, 0.02955292016015361, 0.2974436538157307], [0.9118671708303903, 0.07555726849762094, 0.0016920295470175693, 0.010883531124971207], [0.5587226594631438, 0.015719111741582813, 0.12904582467542008, 0.29651240411985336], [0.013537478585407893, 0.17231655017585498, 0.13560588344208194, 0.6785400877966552], [0.17497553180973505, 0.05111759279478716, 0.5943431247455202, 0.17956375064995758], [0.8111209007583516, 0.11251804630978311, 0.018102140410888694, 0.058258912520976446], [0.1985358626316161, 0.5869121794938248, 0.09503508777463782, 0.11951687009992143], [0.1328670642870711, 0.6719066126148834, 0.09795078979771325, 0.09727553330033228], [0.6803025526998449, 0.029636427937629446, 0.007533892475251465, 0.28252712688727427], [0.18350133999197096, 0.2457916844880326, 0.5039326812919351, 0.06677429422806133], [0.1370744938943638, 0.545337815619168, 0.010954987215738137, 0.3066327032707299], [0.0069375374409495994, 0.5803335344518535, 0.15897544895957283, 0.253753479147624], [0.10333098873602585, 0.1474172478053669, 0.7324601515021869, 0.01679161195642036], [0.5179392464882718, 0.23203014465346594, 0.1830276293633113, 0.06700297949495086], [0.01219719346483221, 0.28522456954911546, 0.5127685709940829, 0.18980966599196947], [0.6874272270902232, 0.11279725869867226, 0.009234400265542026, 0.19054111394556236], [0.03220013839027666, 0.4339413772763929, 0.5155347969855593, 0.018323687347771157], [0.1973401378330632, 0.09006389072919808, 0.13497119497797713, 0.5776247764597616], [0.010529030097608465, 0.8662707052248804, 0.09550889862551991, 0.027691366051991254], [0.5298260235185394, 0.0344460502053642, 0.0025317713390595738, 0.43319615493703684], [0.5781500421358979, 0.2650633500504027, 0.13630814281844017, 0.02047846499525918], [0.6210923410738511, 0.10977346438061072, 0.019884648060142673, 0.2492495464853955], [0.47354513313092417, 0.26545474017524534, 0.0036888109231983973, 0.2573113157706321], [0.8787996260664858, 0.02040023741520082, 0.024472917035352364, 0.07632721948296106], [0.01522268458234959, 0.052671397671386073, 0.8203452023944047, 0.11176071535185976], [0.09409821539524091, 0.35983759572902846, 0.12402009654942864, 0.4220440923263021], [0.07994678351452798, 0.8644238385758134, 0.03950592652823622, 0.01612345138142241], [0.008291574294790532, 0.49975458673045153, 0.14051280113700287, 0.3514410378377552], [0.2501300154428019, 0.3759263045561025, 0.3145899607152257, 0.059353719285870035], [0.460602524186476, 0.06695477064548955, 0.027972113356918123, 0.4444705918111162], [0.39197511976022653, 0.3879133031537957, 0.02300753578399317, 0.19710404130198456], [0.3073379607812065, 0.5388920428881303, 0.017301503301091613, 0.13646849302957162], [0.5310377873863873, 0.1486644696847153, 0.27980981506558367, 0.04048792786331369], [0.3484777419821736, 0.49457213193172034, 0.061845005052703884, 0.09510512103340228], [0.014939872701160749, 0.8610826614619976, 0.09150352122415435, 0.03247394461268718], [0.10932480165445733, 0.03843706381322695, 0.3578409515545501, 0.4943971829777656], [0.038849519660888655, 0.0638734799127238, 0.2824913655981634, 0.6147856348282241], [0.08415355356649315, 0.8382258780197369, 0.0040540177473161795, 0.07356655066645378], [0.7144306417498457, 0.009811303450034838, 0.12243495490735384, 0.1533230998927657], [0.4877424113812983, 0.2390874753587859, 0.2044117861035193, 0.06875832715639649], [0.811934336632319, 0.02211307497384149, 0.06673775057028877, 0.09921483782355071], [0.22214707474817222, 0.5697835433603418, 0.08157811295666573, 0.12649126893482032], [0.4488307927025743, 0.32303110311686273, 0.14034912069995575, 0.08778898348060701], [0.5501461967651239, 0.1837105734918235, 0.20237415697020503, 0.06376907277284767], [0.06557311361244975, 0.2905171672443502, 0.020978894462607943, 0.622930824680592], [0.4325974094097242, 0.4605359381711643, 0.03805306031898981, 0.06881359210012176], [0.27789204361918746, 0.2420178453695482, 0.39302596105748877, 0.08706414995377562], [0.1575494305364728, 0.15434463922285394, 0.12981423653540516, 0.5582916937052681], [0.015204365684405146, 0.027970167582240676, 0.05493009500760126, 0.901895371725753], [0.6172478202357109, 0.11174038252802111, 0.23519150102644612, 0.035820296209821925], [0.5754175064206506, 0.23266200106391977, 0.041449885661866685, 0.15047060685356295], [0.17663255792441188, 0.033835133246595615, 0.3065510229809141, 0.4829812858480784], [0.007579899448065348, 0.10511434216052892, 0.01436588123841765, 0.872939877152988], [0.0944059451888552, 0.4566112116245852, 0.25073470050259766, 0.1982481426839619], [0.0021270225233786352, 0.25054950522901454, 0.6944458386451072, 0.05287763360249964], [0.12984064694012648, 0.8334487779581117, 0.0169668441631859, 0.019743730938575794], [0.180246270745499, 0.5197146112507799, 0.24435188143817616, 0.055687236565545035], [0.6931077995442142, 0.16316611279393758, 0.0015415227888193256, 0.14218456487302883], [0.32841749711286544, 0.2232929814010686, 0.1621524690867077, 0.28613705239935816], [0.0506175164157891, 0.02580096977946522, 0.524985151386606, 0.3985963624181398], [0.10829993010860899, 0.16141148788305282, 0.5321803834241211, 0.1981081985842171], [0.2553651074153754, 0.03230169939200922, 0.119093789638092, 0.5932394035545233], [0.01470525406056971, 0.2757636481251857, 0.06943456637703203, 0.6400965314372126], [0.10999889560852122, 0.34354154322139424, 0.18161381066527416, 0.36484575050481033], [0.18617102159829998, 0.6306823224914546, 0.018176627542404653, 0.16497002836784078], [0.6951204555946271, 0.237144420667382, 0.017050827800307897, 0.05068429593768301], [0.007342543405460283, 0.010884985247872419, 0.09018521231007198, 0.8915872590365953], [0.009151859585591742, 0.227243107335094, 0.5516576598718794, 0.2119473732074348], [0.07369697707890421, 0.060748040191517326, 0.842886326344265, 0.022668656385313683], [0.6103159128875344, 0.2729240758655526, 0.0561219320785604, 0.06063807916835256], [0.8618450169894695, 0.04368482903076127, 0.012075434340699177, 0.08239471963906998], [0.07276118777877195, 0.17981660111452552, 0.07015408028152478, 0.6772681308251778]]}, "rewritten": {"ids": ["97105760", "97106000", "97106591", "97106970", "97107821", "97107950", "97109570", "97112290", "98106560", "98108520", "98109230", "98111670", "98112300", "98113881", "98120010", "99107300", "99107660", "99108330", "99109780", "99110050", "99112641", "99116500", "100108260", "100109801", "100109890", "100111380", "100111620", "100112060", "100113370", "101108121", "101108500", "101109000", "101112540", "101114990", "102107961", "102109850", "102109910", "102110050", "102110500", "102110690", "102110850", "102113350", "102114270", "103110220", "103113170", "103113270", "103117200", "103120290", "104111620", "104111990", "104112201", "104119290", "105110091", "105110251", "105111990", "105112260", "105113480", "105115380", "105115570", "105116090", "105116980", "106116120", "106116820", "106116850", "106117790", "106118520", "106120640", "106121220", "107112850", "107114621", "107116300", "107116980", "107119390", "107121540", "107121640", "108113700", "108114270", "108114360", "108115500", "108117610", "108120621", "109113591", "109115070", "109117600", "110114321", "110114561", "110114920", "110114950", "110115250", "110115710", "110115890", "110116290", "110117080", "110117140", "110118111", "110118121", "110120540", "110120700", "111115620", "111115780", "111116010", "111116100", "111116411", "111116530", "111117480", "111117571", "111118910", "111119250", "111119290", "111119300", "111119610", "111120260", "111121190", "112116451", "112117461", "112118161", "112118820", "112118860", "112118880", "112118890", "112118930", "112119320", "112119450", "112119980", "112120290", "112121030", "112121410", "113117340", "113117550", "113118690", "113118810", "113118820", "113119320", "113119360", "113119480", "113120531", "113121220", "113122120", "113122150", "113122190", "113122230", "113122320"], "labels": [0, 0, 1, 2, 2, 2, 0, 1, 1, 2, 1, 1, 2, 3, 2, 3, 3, 1, 2, 3, 1, 2, 3, 0, 3, 3, 3, 2, 3, 0, 3, 1, 2, 3, 3, 1, 2, 3, 3, 0, 3, 3, 3, 2, 3, 2, 0, 2, 0, 2, 0, 1, 0, 0, 2, 3, 0, 1, 0, 1, 0, 1, 1, 3, 1, 2, 3, 1, 1, 0, 0, 3, 2, 2, 1, 0, 3, 1, 3, 3, 1, 3, 0, 1, 1, 0, 3, 0, 1, 2, 2, 2, 1, 3, 1, 3, 1, 2, 1, 1, 1, 3, 0, 3, 1, 3, 0, 1, 3, 1, 2, 3, 1, 0, 0, 0, 0, 3, 1, 3, 1, 1, 3, 0, 1, 0, 0, 2, 3, 3, 3, 0, 1, 0, 3, 0, 3, 1, 2, 1, 1, 1], "predicted_labels": [0, 3, 1, 1, 1, 3, 0, 1, 1, 1, 3, 0, 3, 1, 2, 0, 0, 3, 2, 1, 0, 2, 1, 0, 1, 3, 2, 3, 3, 3, 3, 1, 1, 3, 3, 2, 3, 3, 3, 3, 1, 1, 3, 1, 0, 1, 1, 3, 0, 1, 3, 0, 0, 1, 3, 1, 1, 3, 3, 1, 1, 1, 0, 2, 3, 1, 1, 3, 3, 3, 1, 1, 1, 1, 1, 3, 1, 0, 0, 3, 1, 0, 1, 0, 3, 1, 1, 3, 3, 0, 0, 3, 3, 3, 0, 3, 3, 3, 3, 3, 2, 1, 3, 3, 0, 3, 3, 0, 3, 1, 0, 3, 0, 0, 3, 1, 1, 1, 0, 1, 3, 3, 1, 1, 1, 0, 3, 1, 3, 3, 2, 3, 1, 0, 3, 3, 1, 1, 1, 1, 2, 0], "confidence_scores": [[0.9635989378195521, 0.015656897158629977, 0.0032498439454706654, 0.01749432107634721], [0.1810989992001638, 0.2660351387627949, 0.20960677133513192, 0.34325909070190946], [0.04566130660675807, 0.6644019931242605, 0.24965496351928188, 0.04028173674969942], [0.0953200292676252, 0.45183669300751333, 0.411293081315768, 0.041550196409093444], [0.2137173789731813, 0.4775877932735599, 0.08737578757863891, 0.22131904017461992], [0.0923479953532437, 0.3140568885010743, 0.19820710667233432, 0.3953880094733476], [0.7228217940029605, 0.07975656667356068, 0.16195836719910545, 0.035463272124373446], [0.045982069079072464, 0.4325627178435426, 0.2368204962693968, 0.2846347168079881], [0.01642347107024411, 0.7613930374936699, 0.12406572804332547, 0.09811776339276065], [0.17007255310264308, 0.49743976620649777, 0.18676038260056732, 0.14572729809029183], [0.19220353271315674, 0.1348381980691281, 0.09306012718039447, 0.5798981420373207], [0.7405961884782915, 0.07670192569476376, 0.13340261934455452, 0.04929926648239022], [0.18647808401484836, 0.023125615310730624, 0.24672663380191148, 0.5436696668725095], [0.020977848908089732, 0.902385099012853, 0.01408998402132959, 0.06254706805772765], [0.01509302815743836, 0.21306446261983836, 0.6130782588305638, 0.15876425039215966], [0.5852711017577777, 0.21050319470787845, 0.018302479740866177, 0.1859232237934776], [0.6118392045540373, 0.08838590111726223, 0.041739968934317404, 0.2580349253943831], [0.043837228119845376, 0.28516315670034204, 0.07593744770808057, 0.595062167471732], [0.31285936317035906, 0.07352109095069333, 0.3790415694973382, 0.23457797638160935], [0.03750739979518802, 0.7420988884518956, 0.03511516559777418, 0.18527854615514214], [0.814254443706076, 0.07226308194625397, 0.058327202767247066, 0.05515527158042289], [0.004132435526082402, 0.06947411767404678, 0.8613829299257121, 0.06501051687415856], [0.07512839743064985, 0.9093064304254264, 0.004444117937629387, 0.01112105420629438], [0.45374315709454305, 0.08612490248494398, 0.014207955903629443, 0.4459239845168835], [0.12955901686066598, 0.4132199266243313, 0.11237986669154583, 0.3448411898234569], [0.3050456299289208, 0.10473411502772434, 0.055944289497753, 0.534275965545602], [0.07467815263971199, 0.17214289895011708, 0.7045161189806751, 0.04866282942949578], [0.132200252234759, 0.15638854063808866, 0.34532097292762626, 0.36609023419952613], [0.11678688057733819, 0.04587830942101764, 0.14453089349719114, 0.692803916504453], [0.3195192184762129, 0.23331130925492405, 0.010593605910257488, 0.4365758663586056], [0.008798055205839319, 0.1684338608199266, 0.3264763860555815, 0.49629169791865246], [0.06491721140014384, 0.8913068818524155, 0.0062112261311668806, 0.03756468061627372], [0.001747287860120275, 0.5809982402170574, 0.003528495018907107, 0.4137259769039153], [0.22105277426751024, 0.03290665661432714, 0.2771728948227989, 0.46886767429536386], [0.185056299303827, 0.10758784445345326, 0.08789468440266447, 0.6194611718400553], [0.04951174670363576, 0.07320576081471347, 0.6690618291466038, 0.20822066333504693], [0.15937574475270622, 0.061743786768992705, 0.3027796609640106, 0.4761008075142905], [0.2720870022230539, 0.1574330373455717, 0.2102023856606869, 0.3602775747706874], [0.243906895672832, 0.011334481727902178, 0.04583283712694939, 0.6989257854723164], [0.013816135481993062, 0.08647722120644437, 0.008798485683444294, 0.8909081576281183], [0.07575372683879039, 0.6924268532220194, 0.026484208359200796, 0.2053352115799894], [0.022208100980143225, 0.7205586474953825, 0.16047882177858588, 0.09675442974588841], [0.06496146374282337, 0.2991515445248496, 0.29510063910738044, 0.3407863526249466], [0.0861660206023126, 0.8123298914255622, 0.03307461730850856, 0.06842947066361671], [0.4953267644028171, 0.3486507896780932, 0.017183986413102842, 0.1388384595059869], [0.017576367281782846, 0.8212988586549395, 0.08098119191084459, 0.08014358215243318], [0.07040876356571846, 0.8892432516056628, 0.015662651858149645, 0.024685332970469296], [0.3460623878623819, 0.0630187050683269, 0.20083727675358345, 0.39008163031570775], [0.5860201972383559, 0.19419479070555296, 0.05399607322084408, 0.16578893883524712], [0.1387733024574477, 0.42121216463307526, 0.2037103621594907, 0.23630417074998622], [0.27529572368977573, 0.01859668050716434, 0.006045885292085762, 0.7000617105109741], [0.8007619276771397, 0.1060115118900411, 0.01424800389364954, 0.0789785565391697], [0.5131809611741047, 0.12483998541704268, 0.024859490840107683, 0.33711956256874487], [0.11716645442922424, 0.6672219369649439, 0.19399151061280673, 0.021620097993025146], [0.012211721672693751, 0.027755974046374268, 0.0532312045454851, 0.9068010997354469], [0.017762823341864534, 0.6632905753131975, 0.04518979125237391, 0.27375681009256403], [0.01002964970854906, 0.43697636804139295, 0.3568569076042907, 0.19613707464576743], [0.05232563078713279, 0.30096698304241254, 0.1288394767175619, 0.5178679094528927], [0.060056260396611084, 0.22761066312738162, 0.35173791543708144, 0.3605951610389259], [0.22707452882299878, 0.6024209840264431, 0.010848358709689861, 0.15965612844086835], [0.15823863940612218, 0.8105624754127929, 0.014762801827922759, 0.016436083353162146], [0.22183379778689427, 0.5349341771413546, 0.20075730627554517, 0.04247471879620596], [0.8073093129424455, 0.049283774728401814, 0.06275403649751565, 0.08065287583163713], [0.07231560815635407, 0.27442953306895046, 0.6431658633269828, 0.010088995447712749], [0.01873417161204481, 0.05667390238939973, 0.066296917562305, 0.8582950084362504], [0.06040563537195953, 0.6010668154067349, 0.30225460542304367, 0.036272943798261875], [0.17691198990246523, 0.73627786385247, 0.0718032080690782, 0.015006938175986521], [0.01391426037987116, 0.23772104584373685, 0.04987428682972918, 0.6984904069466629], [0.005568736716266244, 0.15290895711142077, 0.02623357327725323, 0.8152887328950598], [0.30987531680989744, 0.024521353231486555, 0.0019091399152622475, 0.6636941900433538], [0.016149489224357418, 0.8960483367524915, 0.004191321166025302, 0.08361085285712598], [0.21325372000507695, 0.6799808333712909, 0.005504830984169979, 0.10126061563946216], [0.09834233667394754, 0.4911658997141642, 0.012575814692897605, 0.3979159489189907], [0.004460977735930975, 0.7578151361696063, 0.19645531054000848, 0.0412685755544542], [0.04960017037930765, 0.6733794263793287, 0.1191416762831565, 0.15787872695820698], [0.010840276721417583, 0.3182263929526071, 0.02318498632319999, 0.6477483440027754], [0.10091938849458074, 0.6376010875819677, 0.03756961525662695, 0.22390990866682456], [0.5894091420539899, 0.10300089556558205, 0.06665416098170603, 0.240935801398722], [0.63862930032031, 0.17401601794588187, 0.06093839822245824, 0.12641628351134987], [0.19488096550897172, 0.37166555520851374, 0.04441841979841662, 0.3890350594840979], [0.13723407385386197, 0.5041980128324931, 0.023630519784789108, 0.33493739352885593], [0.5540098692112949, 0.13773936202950782, 0.001061871325252537, 0.3071888974339448], [0.06824599133006097, 0.8494238977658423, 0.020453407942112912, 0.061876702961983845], [0.6446904338878153, 0.13335591712124192, 0.17075976936231457, 0.05119387962862812], [0.40442998256553286, 0.0982420462236536, 0.038528138964111475, 0.458799832246702], [0.1883958435990386, 0.7975105496280781, 0.007221259292607489, 0.006872347480275755], [0.24925186640674507, 0.55999768412737, 0.03384871908729971, 0.15690173037858526], [0.06013186915271796, 0.04372905860355283, 0.006725986593200942, 0.8894130856505282], [0.05813857004591519, 0.38077631185716504, 0.03574186226412124, 0.5253432558327986], [0.39543036395996295, 0.19242694043155145, 0.028344721770455477, 0.38379797383803005], [0.6758337074091425, 0.1946346166045229, 0.10345937293133932, 0.026072303054995197], [0.46614660914427725, 0.02787501541343947, 0.029198323175402663, 0.4767800522668807], [0.3254816428308389, 0.2916202628358305, 0.02243131473292967, 0.3604667796004009], [0.41418560246745595, 0.10826846978396087, 0.038808439601715476, 0.43873748814686775], [0.5564306057224363, 0.1525758262275971, 0.11222429380351379, 0.17876927424645275], [0.002764392920709664, 0.20583792277819585, 0.05579755236582831, 0.7356001319352661], [0.08828406434190403, 0.3733932495497917, 0.06447252704976458, 0.4738501590585398], [0.11328204781585684, 0.1488654890892154, 0.07015668931150462, 0.6676957737834232], [0.13164352040459126, 0.023839195894565034, 0.023957952726389203, 0.8205593309744544], [0.07261565873720845, 0.02270269871441456, 0.1445844686266783, 0.7600971739216986], [0.012626576987344065, 0.018285886784436267, 0.8782857392285554, 0.09080179699966431], [0.1466627746655629, 0.6139024638742581, 0.011230047745843607, 0.22820471371433548], [0.12453976447261415, 0.07955681553865528, 0.0130248922181548, 0.7828785277705758], [0.24272380898644166, 0.33246063468041953, 0.015207158317394423, 0.40960839801574456], [0.4420726974855575, 0.35521823940903946, 0.013176522479744131, 0.18953254062565897], [0.011508428852028326, 0.4140712795905535, 0.0025477343055630764, 0.5718725572518552], [0.22416739378597866, 0.13020979068753, 0.25173752700150015, 0.3938852885249913], [0.7269272739639882, 0.026885597381026947, 0.1615348877972637, 0.0846522408577211], [0.34741715922249095, 0.28844536237109963, 0.01429250434909215, 0.3498449740573172], [0.11848109511012414, 0.4966515291208063, 0.19092517057803168, 0.19394220519103786], [0.5353207643143545, 0.09725332979070439, 0.2428934036707118, 0.12453250222422926], [0.3789057488843628, 0.05436446356249049, 0.05859911907307383, 0.5081306684800728], [0.7654674744247958, 0.022570578462835427, 0.038914273476718976, 0.17304767363564963], [0.5516823776968214, 0.05954261871579901, 0.008606340519076754, 0.38016866306830294], [0.2455083095842358, 0.3472907112655561, 0.01876805015344952, 0.3884329289967587], [0.15823317139682921, 0.6558642397020564, 0.16039993050671875, 0.025502658394395535], [0.2635154932322903, 0.42058186655484475, 0.028912291042354318, 0.28699034917051075], [0.12891693489472525, 0.6505514964585296, 0.09326645402151972, 0.12726511462522552], [0.530683055332067, 0.0707775337667861, 0.02640304277432131, 0.37213636812682555], [0.3926906174362605, 0.420156558769911, 0.14326467067670035, 0.04388815311712839], [0.08399034268188728, 0.09636267686972819, 0.01904002221212447, 0.80060695823626], [0.03279467653265548, 0.3063535648772674, 0.08409387253343713, 0.57675788605664], [0.4370606046997782, 0.48951710590908254, 0.0063998015761513455, 0.06702248781498786], [0.17356373465192768, 0.5875926373032825, 0.08329097597876885, 0.15555265206602106], [0.17648723470738564, 0.6476841334605916, 0.009407655615459292, 0.1664209762165635], [0.8204667686980296, 0.06953638090575244, 0.01174042562855578, 0.09825642476766208], [0.1266618045848188, 0.3270204039862146, 0.016740767705620555, 0.529577023723346], [0.3448470436260784, 0.6087777131919108, 0.004885948127173458, 0.04148929505483746], [0.1061618087115754, 0.2893566725580901, 0.006937456480459564, 0.5975440622498749], [0.07228420241703706, 0.36850995172596507, 0.07277746190356273, 0.4864283839534352], [0.10094393632911353, 0.06522884666496827, 0.5491634098174702, 0.2846638071884479], [0.4078627929007625, 0.09588580680795909, 0.006506669035124109, 0.4897447312561545], [0.278127117747403, 0.5992051785630255, 0.008402139914901623, 0.11426556377466994], [0.5422659967301805, 0.05310868404194354, 0.06603169853867027, 0.3385936206892059], [0.04029695709735669, 0.13919033518109009, 0.006249774473776919, 0.8142629332477762], [0.1911678862901321, 0.31133354824604964, 0.03771609643253955, 0.4597824690312788], [0.09819471181072106, 0.5079108894146904, 0.04713265507277954, 0.34676174370180896], [0.3340678418579553, 0.3894306252929669, 0.10666771307947169, 0.16983381976960604], [0.007523025961909361, 0.9506899444075103, 0.02982317026747442, 0.011963859363105992], [0.25946813909738164, 0.49490932515574726, 0.02160082836827274, 0.22402170737859822], [0.1158867576264526, 0.22158378711962015, 0.3485336062902278, 0.3139958489636995], [0.4604885034468421, 0.34175225809427423, 0.0486569488766297, 0.14910228958225397]]}}