{"test": {"ids": ["111119150", "104113240", "109114270", "107117630", "111117480", "113121980", "113118870", "107116340", "107112840", "110118450", "109117730", "99107300", "105121190", "108116120", "105115680", "113118820", "99107660", "97113260", "112118810", "98106111", "101112160", "104113380", "109117431", "99109910", "109114220", "99109860", "113120601", "111114941", "107116501", "110118740", "112120990", "112121410", "111118810", "103113260", "105116860", "97105580", "105110251", "112119580", "97106770", "97107821", "97116401", "107121700", "113120070", "107121540", "97106970", "102116340", "108118301", "103117461", "106113190", "103110220", "111119930", "111116990", "105113440", "110120190", "108121410", "97110950", "106113830", "112118511", "100109890", "98111231", "110118930", "109119460", "102109850", "113121190", "102112301", "113120640", "104111830", "107120260", "103110100", "100109910", "112116290", "110113931", "109114030", "106111321", "108121190", "101108290", "109114651", "99117630", "102109010", "112119930", "102113350", "104113210", "104118070", "107114950", "104116980", "103120340", "111120540", "97108520", "108114180", "108113700", "99121440", "98116940", "107118780", "111115780", "98112300", "110118630", "103113640", "99109780", "101111990", "107114110", "108119510", "109118701", "109115380", "111120591", "105115900", "105113480", "112118620", "107117010", "101109120", "105112100", "112121430", "110118121", "110116300", "108113760", "105120280", "109116040", "99107560", "113118620", "111118820", "97116800", "101116130", "102110750", "110119030", "98106880", "106116820", "107114200", "97106820", "105113190", "97116410", "112121010", "99112641", "110115580", "109116750", "111116290", "101110740", "99114890", "102118380", "111120260", "106119260", "106117770", "99107630", "112119950"], "labels": [3, 2, 3, 0, 1, 2, 0, 3, 1, 0, 3, 3, 2, 1, 2, 0, 3, 1, 3, 0, 3, 1, 1, 2, 3, 2, 2, 0, 1, 3, 2, 0, 0, 3, 2, 1, 0, 3, 3, 2, 3, 3, 2, 2, 2, 3, 1, 0, 0, 2, 1, 0, 0, 3, 0, 3, 1, 1, 3, 1, 1, 1, 1, 1, 1, 0, 3, 1, 1, 2, 0, 1, 1, 0, 1, 0, 3, 3, 1, 1, 3, 3, 2, 3, 1, 1, 1, 2, 1, 0, 2, 2, 1, 1, 2, 1, 1, 2, 2, 1, 1, 3, 3, 1, 3, 0, 3, 1, 1, 1, 2, 3, 3, 1, 3, 0, 1, 3, 0, 0, 2, 1, 0, 0, 1, 2, 1, 3, 3, 2, 1, 1, 0, 2, 3, 2, 1, 3, 1, 0, 2, 0], "predicted_labels": [3, 3, 0, 3, 3, 1, 3, 3, 1, 3, 3, 0, 1, 0, 3, 3, 0, 3, 3, 0, 1, 1, 0, 3, 3, 3, 1, 3, 0, 0, 1, 3, 3, 3, 1, 3, 0, 3, 3, 0, 0, 1, 1, 3, 1, 3, 0, 3, 3, 3, 3, 3, 1, 3, 1, 0, 0, 3, 3, 0, 3, 3, 3, 1, 3, 0, 3, 1, 3, 3, 0, 3, 0, 3, 1, 3, 3, 3, 1, 3, 3, 0, 3, 3, 1, 3, 3, 1, 3, 3, 1, 1, 3, 3, 0, 3, 0, 1, 3, 3, 3, 3, 3, 0, 1, 3, 3, 1, 0, 0, 3, 1, 3, 3, 3, 1, 1, 3, 3, 0, 1, 1, 1, 1, 3, 1, 3, 3, 0, 1, 0, 3, 3, 3, 1, 1, 1, 0, 3, 3, 3, 3], "confidence_scores": [[0.22445675990676003, 0.2800677877677877, 0.19489399489399495, 0.3005814574314574], [0.20913085607203272, 0.2870320401820403, 0.21441390668155377, 0.2894231970643736], [0.30296103341103353, 0.24573964368964382, 0.16377858252858252, 0.28752074037074055], [0.2749812520812523, 0.20790068265068273, 0.16964083694083718, 0.3474772283272282], [0.25272375402375424, 0.28183121878121886, 0.1705438783438784, 0.29490114885114876], [0.26989395914542985, 0.29572207041324705, 0.14019480796980796, 0.29418916247151544], [0.2739413586413585, 0.24844372294372297, 0.17781582861582865, 0.2997990897990899], [0.24584440004440006, 0.2813586385836388, 0.18303069430569446, 0.2897662670662671], [0.23697834257246034, 0.298328049401579, 0.19838632641867943, 0.2663072816072817], [0.2419599067599067, 0.2693649850149851, 0.1859132756132758, 0.3027618326118327], [0.24113196884814542, 0.2798249417249419, 0.18690396384661095, 0.292139125580302], [0.2836567377067377, 0.25286673587850067, 0.1860067683950037, 0.27746975801975815], [0.2136368686868688, 0.3176303030303031, 0.18731550116550136, 0.28141732711732714], [0.319192585192585, 0.22388191808191824, 0.17145294705294717, 0.2854725496725497], [0.19307046287046284, 0.27549944499944506, 0.2257243230625584, 0.3057057690675336], [0.2953729992229993, 0.2825553335553335, 0.12248255633255639, 0.299589110889111], [0.3459460844710844, 0.19882497779997782, 0.1762246087246088, 0.2790043290043291], [0.22241893384393402, 0.23382836885336905, 0.21092453461571115, 0.33282816268698645], [0.2407821400821403, 0.28381185481185495, 0.14161969141969158, 0.33378631368631373], [0.2971892329892331, 0.23479032634032643, 0.22823346098346095, 0.23978697968697987], [0.2471567821067822, 0.286855316905317, 0.21122934287934292, 0.25475855810855813], [0.23013823202940856, 0.2946004689754691, 0.1914134920634922, 0.2838478069316305], [0.2920830475080476, 0.27639725829725853, 0.13987399267399267, 0.2916457015207017], [0.2671974025974025, 0.2436983405483406, 0.2198684981684983, 0.2692357586857589], [0.20484163059163069, 0.27972736707736723, 0.20522268287268297, 0.31020831945831945], [0.22517131398013762, 0.2916698912198912, 0.1824772227772229, 0.3006815720227485], [0.22282765290265297, 0.332541394716395, 0.16436900599400608, 0.2802619463869464], [0.26421073648573656, 0.2833138444888445, 0.1346916305916306, 0.3177837884337884], [0.3032210206460207, 0.27297866577866575, 0.12273197913197918, 0.30106833444333436], [0.2941524031524031, 0.265017438117438, 0.16488696303696318, 0.27594319569319586], [0.21880080834198493, 0.30109412809412806, 0.20115927797692512, 0.27894578558696215], [0.25735984015984015, 0.2644781107781109, 0.17040002775002785, 0.3077620213120214], [0.2751384504384505, 0.23194820179820183, 0.1662093628593629, 0.3267039849039848], [0.24454639249639248, 0.24901040348540357, 0.21363650793650804, 0.2928066960816959], [0.2334284992784994, 0.2868457098457099, 0.2228008436008437, 0.2569249472749474], [0.26848224553224553, 0.24363043345543361, 0.20842742257742264, 0.2794598984348986], [0.31731171883671894, 0.2903508075258075, 0.13243040293040298, 0.25990707070707075], [0.25481813741813747, 0.2406600954600956, 0.17092217227217232, 0.33359959484959495], [0.25191602286602294, 0.22472964257964262, 0.25046179376179384, 0.27289254079254094], [0.2734004773004773, 0.2717815018315019, 0.18994201354201365, 0.26487600732600736], [0.3096147352647352, 0.2672677600177602, 0.15518160728160738, 0.26793589743589763], [0.21958433788433798, 0.3765234598734598, 0.1580484903984905, 0.2458437118437119], [0.2322280136530137, 0.3179537656787657, 0.15534775975658327, 0.29447046091163764], [0.22889491978609638, 0.27089118659118677, 0.19932102733867452, 0.30089286628404277], [0.2072888342050108, 0.30022163392163387, 0.21104212454212454, 0.2814474073312309], [0.25118050838050854, 0.26156609779109774, 0.20226201853701858, 0.2849913752913753], [0.31370652680652683, 0.2686332056832058, 0.11971082251082252, 0.2979494449994451], [0.275694832944833, 0.2607067460317462, 0.13287345709845713, 0.3307249639249638], [0.2545343600843601, 0.25163441003441006, 0.2029659423909426, 0.2908652874902874], [0.22357603507603532, 0.23783762903762914, 0.22963316683316679, 0.30895316905316905], [0.2372493312243314, 0.2628931152181153, 0.2056190476190476, 0.29423850593850587], [0.2825796731046731, 0.2178842768342769, 0.15173102175602182, 0.34780502830502824], [0.22678555333555334, 0.31379226329226345, 0.1830811466311468, 0.27634103674103694], [0.2114527361527363, 0.28671320901320935, 0.174502331002331, 0.32733172383172393], [0.24269771339771354, 0.30410165945165946, 0.16925759795759793, 0.28394302919302894], [0.30624686147186103, 0.21029843489843503, 0.20828119119442662, 0.2751735124352771], [0.33303899988900004, 0.24945628538128556, 0.15958433788433785, 0.25792037684537694], [0.227612654012654, 0.29486982461982464, 0.1687287157287159, 0.3087888056388055], [0.30297186979686963, 0.2258265623265625, 0.1653447163947164, 0.3058568514818515], [0.3615762126762126, 0.19884203574203588, 0.14587589632589631, 0.2937058552558554], [0.21322844377844383, 0.30340212565212554, 0.1680678710178711, 0.31530155955155964], [0.23004623154623166, 0.2643552392052394, 0.19080233100233107, 0.3147961982461982], [0.21954189699189705, 0.23106632256632273, 0.2517247474747476, 0.29766703296703284], [0.24486383061383077, 0.3088886058386057, 0.16238826173826187, 0.28385930180930186], [0.25617021867021866, 0.27966733870704474, 0.17832117849470802, 0.28584126412802885], [0.34471744644244656, 0.21537103174603187, 0.14804084526584535, 0.29187067654567644], [0.22496314796314806, 0.28340495615495614, 0.17621103896103915, 0.3154208569208568], [0.23770703463203474, 0.31169304029304035, 0.15675017205017217, 0.29384975302475325], [0.23319629259629265, 0.245630907980908, 0.21368590853590852, 0.3074868908868909], [0.21054554334554346, 0.2562139749139751, 0.23769739149739175, 0.2955430902430903], [0.40693689088689056, 0.2247180375180376, 0.14010468975468984, 0.22824038184038195], [0.29783770673770676, 0.24505167610167605, 0.1545467920967921, 0.3025638250638251], [0.31994254634254626, 0.2458639055389056, 0.16119849317349325, 0.272995054945055], [0.25912842712842715, 0.28122144244644254, 0.1507175185925186, 0.3089326118326119], [0.22690170385170394, 0.34703392718392717, 0.18874092019092026, 0.23732344877344885], [0.272741278166278, 0.24648741536241547, 0.16794421134421136, 0.31282709512709506], [0.2662064935064934, 0.2814401348651349, 0.15325260295260296, 0.2991007686757686], [0.24859588744588756, 0.23201633366633373, 0.2383952103452105, 0.28099256854256865], [0.2570151459651461, 0.2758345265845266, 0.19994956154956156, 0.26720076590076575], [0.24946356421356436, 0.24863473748473758, 0.21657960372960386, 0.2853220945720946], [0.21910111000111, 0.2600364746364747, 0.21848769008769026, 0.3023747252747254], [0.2957933607328344, 0.24783053058053056, 0.18147047543100184, 0.2749056332556332], [0.21173247308247323, 0.21817651237651248, 0.25628579753579767, 0.3138052170052172], [0.2628380397380399, 0.23172246919746936, 0.20278570873570875, 0.3026537823287825], [0.2075602730602731, 0.28591233766233787, 0.23131240426240443, 0.2752149850149849], [0.23582893217893236, 0.2437168331668332, 0.2517817016317016, 0.26867253302253313], [0.2282673832703245, 0.2780989673724969, 0.1671955172278703, 0.3264381321293086], [0.22052848817848839, 0.2763136030636032, 0.2273925962925964, 0.27576531246531255], [0.21434707792207805, 0.2734141275391276, 0.20044901764901793, 0.3117897768897769], [0.20800261127761133, 0.26367218337218334, 0.22275818903318909, 0.3055670163170163], [0.24620508658008675, 0.2977272005772006, 0.21004134199134206, 0.24602637085137105], [0.22890736485736501, 0.33326692751692766, 0.17066502941502948, 0.26716067821067824], [0.23144177766677765, 0.2757548534798535, 0.19634427239427252, 0.29645909645909624], [0.23083544788544796, 0.22286953046953062, 0.24267982017982023, 0.3036152014652016], [0.32004704739704737, 0.20276501554001566, 0.19296690809190808, 0.2842210289710289], [0.2426976551226553, 0.2738608003108006, 0.1965869130869132, 0.2868546314796316], [0.3955978077478075, 0.21378753468753478, 0.1303274558774559, 0.2602872016872017], [0.21275578310578314, 0.27103344988344974, 0.26136868131868146, 0.25484208569208594], [0.2110039183039184, 0.27278497058497075, 0.21555886335886346, 0.3006522477522477], [0.24109940614940625, 0.26065736485736496, 0.16616700521700528, 0.3320762237762237], [0.2454634922353189, 0.24510013238395614, 0.18994317136252128, 0.319493204018204], [0.27584513819513823, 0.2648711566211567, 0.16682846238728596, 0.2924552427964193], [0.2590214840714842, 0.26482964812964815, 0.17830418470418474, 0.29784468309468326], [0.3241599567099565, 0.22401102231102238, 0.14309800199800202, 0.30873101898101885], [0.2355270673770674, 0.29505960983460994, 0.19739398379398396, 0.27201933899433905], [0.1949142357642358, 0.29178672161172176, 0.2069548562548564, 0.3063441863691866], [0.24182018537018538, 0.2930227328227327, 0.1461880730380731, 0.3189690087690089], [0.2199264069264069, 0.2936466394716396, 0.19839385059385067, 0.28803310300810303], [0.29051771561771567, 0.2387153846153848, 0.19937288267288272, 0.27139401709401706], [0.28275899296781665, 0.25829092378210045, 0.18657718947718963, 0.27237289377289364], [0.24759761904761926, 0.2654819902319902, 0.21763497613497623, 0.2692854145854147], [0.2639677025588792, 0.30185355951238313, 0.14598953823953834, 0.28818919968919965], [0.19984560994561, 0.31235514485514493, 0.17304249084249085, 0.3147567543567543], [0.26194163059163067, 0.24652501110001132, 0.21013950771450782, 0.28139385059385064], [0.243177233877234, 0.29195282217782226, 0.1606467254967255, 0.30422321844821837], [0.25028611388611405, 0.3097502747252748, 0.17045008602508618, 0.2695135253635255], [0.24191074481074487, 0.30453952713952714, 0.1674058663558664, 0.2861438616938617], [0.25884651524945645, 0.2610806468041764, 0.18586492690316245, 0.29420791104320515], [0.2750347541347543, 0.22115499500499505, 0.17653388833388842, 0.3272763625263625], [0.3669061743811743, 0.20184302641802643, 0.16156993006993017, 0.26968086913086914], [0.20667223691341344, 0.29327268287268304, 0.20968145743145752, 0.2903736227824464], [0.18389584663702316, 0.29406903929403927, 0.24031055447820182, 0.28172455959073606], [0.21457475024975045, 0.30892132589632576, 0.19282982572982582, 0.2836740981240982], [0.2548423243423244, 0.29835550560550583, 0.21614362859362862, 0.23065854145854148], [0.2414957875457876, 0.2548689421689423, 0.20162117327117335, 0.3020140970140972], [0.2445076839826841, 0.3004083916083916, 0.19976909756909778, 0.2553148268398269], [0.2268873376623377, 0.26705004995005, 0.17374976689976696, 0.33231284548784573], [0.2730187756687755, 0.22788722943722947, 0.17209557109557122, 0.32699842379842375], [0.2785967643467643, 0.2219333055833057, 0.22317217782217783, 0.2762977522477523], [0.19146724386724392, 0.32383954933954967, 0.1775689643689645, 0.3071242424242423], [0.28888716283716287, 0.2824190365190367, 0.16565210345210357, 0.26304169719169723], [0.2460571373071374, 0.26606622266622276, 0.18547683427683434, 0.3023998057498058], [0.2636988899988901, 0.2504097014097015, 0.19770012765012765, 0.2881912809412811], [0.2579598290598292, 0.2639614385614386, 0.2114870240870241, 0.2665917082917083], [0.2327933843933846, 0.28615721500721486, 0.1959881895881898, 0.28506121101121096], [0.18960861083361089, 0.352895757020757, 0.19816127206127213, 0.25933436008436017], [0.22195851370851385, 0.28280743700743705, 0.21376305916305927, 0.2814709901209904], [0.28422412456824225, 0.2619829112064405, 0.18046518644753945, 0.2733277777777778], [0.24961055056055065, 0.21663592518592534, 0.21441878121878125, 0.3193347430347429], [0.2611253468753469, 0.24359380064380065, 0.19482534687534692, 0.30045550560550555], [0.2577774753024753, 0.22844932567432574, 0.20924807969807974, 0.30452511932511933], [0.29571021756021754, 0.18264290709290715, 0.18454371184371204, 0.33710316350316344]]}, "rewritten": {"ids": ["97105580", "97106770", "97106820", "97106970", "97107821", "97108520", "97110950", "97113260", "97116401", "97116410", "97116800", "98106111", "98106880", "98111231", "98112300", "98116940", "99107300", "99107560", "99107630", "99107660", "99109780", "99109860", "99109910", "99112641", "99114890", "99117630", "99121440", "100109890", "100109910", "101108290", "101109120", "101110740", "101111990", "101112160", "101116130", "102109010", "102109850", "102110750", "102112301", "102113350", "102116340", "102118380", "103110100", "103110220", "103113260", "103113640", "103117461", "103120340", "104111830", "104113210", "104113240", "104113380", "104116980", "104118070", "105110251", "105112100", "105113190", "105113440", "105113480", "105115680", "105115900", "105116860", "105120280", "105121190", "106111321", "106113190", "106113830", "106116820", "106117770", "106119260", "107112840", "107114110", "107114200", "107114950", "107116340", "107116501", "107117010", "107117630", "107118780", "107120260", "107121540", "107121700", "108113700", "108113760", "108114180", "108116120", "108118301", "108119510", "108121190", "108121410", "109114030", "109114220", "109114270", "109114651", "109115380", "109116040", "109116750", "109117431", "109117730", "109118701", "109119460", "110113931", "110115580", "110116300", "110118121", "110118450", "110118630", "110118740", "110118930", "110119030", "110120190", "111114941", "111115780", "111116290", "111116990", "111117480", "111118810", "111118820", "111119150", "111119930", "111120260", "111120540", "111120591", "112116290", "112118511", "112118620", "112118810", "112119580", "112119930", "112119950", "112120990", "112121010", "112121410", "112121430", "113118620", "113118820", "113118870", "113120070", "113120601", "113120640", "113121190", "113121980"], "labels": [1, 3, 1, 2, 2, 2, 3, 1, 3, 3, 0, 0, 0, 1, 2, 2, 3, 1, 2, 3, 2, 2, 2, 1, 2, 3, 2, 3, 2, 0, 1, 3, 2, 3, 2, 1, 1, 1, 1, 3, 3, 1, 1, 2, 3, 1, 0, 1, 3, 3, 2, 1, 1, 2, 0, 1, 3, 0, 0, 2, 3, 2, 3, 2, 0, 0, 1, 1, 0, 1, 1, 1, 2, 3, 3, 1, 1, 0, 1, 1, 2, 3, 0, 1, 1, 1, 1, 1, 1, 0, 1, 3, 3, 3, 3, 0, 0, 1, 3, 3, 1, 1, 1, 3, 3, 0, 1, 3, 1, 0, 3, 0, 1, 2, 0, 1, 0, 0, 3, 1, 3, 1, 1, 0, 1, 3, 3, 3, 1, 0, 2, 2, 0, 2, 3, 0, 0, 2, 2, 0, 1, 2], "predicted_labels": [1, 2, 3, 1, 0, 3, 0, 3, 1, 0, 0, 3, 1, 0, 0, 1, 0, 1, 3, 0, 1, 1, 1, 1, 1, 3, 1, 0, 3, 3, 0, 3, 3, 1, 1, 3, 2, 1, 3, 3, 3, 3, 3, 1, 3, 0, 3, 3, 3, 3, 1, 1, 1, 3, 0, 0, 3, 3, 1, 1, 3, 1, 3, 1, 3, 3, 0, 3, 3, 3, 3, 3, 1, 3, 3, 3, 3, 3, 3, 1, 3, 1, 3, 1, 1, 0, 0, 3, 1, 1, 0, 3, 3, 1, 3, 1, 3, 3, 3, 0, 3, 0, 3, 3, 1, 1, 1, 3, 1, 1, 3, 3, 3, 3, 0, 3, 3, 3, 1, 3, 3, 3, 0, 0, 1, 3, 3, 0, 3, 3, 1, 1, 3, 1, 3, 3, 3, 1, 1, 3, 1, 0], "confidence_scores": [[0.2690358030858032, 0.2804947691197692, 0.17513039738039746, 0.27533903041403057], [0.2557166666666667, 0.2321945609945611, 0.2668855255855255, 0.2452032467532468], [0.2226849983349985, 0.2718319902319902, 0.16911110556110573, 0.3363719058719059], [0.19421565379065392, 0.2979097291597292, 0.24289603452103453, 0.2649785825285827], [0.28544194139194135, 0.28171052281052295, 0.14816882561882566, 0.2846787101787103], [0.2532350871350873, 0.2659445443445445, 0.20958698523698546, 0.27123338328338337], [0.32802098179598166, 0.18104479409479418, 0.21605244771568308, 0.2748817763935411], [0.20826207958707962, 0.24498240093240106, 0.22212049339549342, 0.32463502608502615], [0.2711191142191143, 0.2813509435009436, 0.19660976800976807, 0.2509201742701745], [0.28864964479964467, 0.21704196359196376, 0.23567727827727825, 0.2586311133311134], [0.4305026334776334, 0.18770362970362983, 0.14060955988455986, 0.24118417693417693], [0.268759645909646, 0.2409373459873462, 0.20001732711732717, 0.2902856809856811], [0.2636971500721501, 0.26836244588744596, 0.20678131313131326, 0.26115909090909095], [0.3305569264069266, 0.24282688977688985, 0.1458217893217894, 0.28079439449439453], [0.32370137085137096, 0.19060013875013881, 0.16736361971361974, 0.31833487068487065], [0.21450210345210352, 0.3222053002553003, 0.1767869075369076, 0.28650568875568877], [0.34811723276723283, 0.19681086136086146, 0.17669888999889, 0.27837301587301594], [0.22707802197802204, 0.2984608225108226, 0.19957527472527478, 0.274885880785881], [0.2838013597513597, 0.20420168442668446, 0.20556943889443896, 0.30642751692751685], [0.35036318403818384, 0.19796640859140863, 0.1799164890664891, 0.2717539183039183], [0.2285458541458543, 0.30100744810744795, 0.24935718921601288, 0.22108950853068504], [0.22984870684870706, 0.31201832611832603, 0.1733970862470864, 0.28473588078588064], [0.25889604284604295, 0.26153645521145535, 0.21805390720390727, 0.26151359473859487], [0.28492540515040504, 0.2949942918192919, 0.14823150819768474, 0.2718487948326185], [0.23050324675324685, 0.2808294011544012, 0.22895886890886902, 0.2597084831834832], [0.22771351426351438, 0.23361737151737155, 0.2611370129870132, 0.2775321012321014], [0.2425166999667001, 0.29410486180486184, 0.21174705849705858, 0.25163137973137983], [0.3251198995448994, 0.2063054334554336, 0.18213568376068384, 0.28643898323898326], [0.26649848484848493, 0.24372631257631278, 0.21705271950271962, 0.27272248307248304], [0.28614018759018744, 0.198620634920635, 0.16432152847152853, 0.3509176490176491], [0.2813470418470418, 0.2484697413697415, 0.19808029748029748, 0.2721029193029193], [0.24451854256854272, 0.26539662559662563, 0.19252258852258866, 0.29756224331224335], [0.22634379509379524, 0.24793068598068618, 0.21534209679209698, 0.3103834221334222], [0.2328629370629372, 0.3135067210567211, 0.18853957986458003, 0.2650907620157621], [0.2105704795204796, 0.29431206571206586, 0.21624401709401708, 0.2788734376734377], [0.2563000555000555, 0.24281586191586194, 0.21694823509823516, 0.28393584748584744], [0.21744631479631488, 0.24944064269064276, 0.270538961038961, 0.2625740814740816], [0.21564126429126437, 0.29085604395604403, 0.2413101287601289, 0.2521925629925631], [0.27038365882483534, 0.27993000055500067, 0.16912392803275164, 0.2805624125874126], [0.21358923298923313, 0.28185850522026995, 0.22107839121662662, 0.2834738705738707], [0.21899443889443895, 0.2769076701076701, 0.20042638750138758, 0.3036715034965035], [0.21940561105561113, 0.2673628454878456, 0.23649713342213344, 0.2767344100344101], [0.2630554279054281, 0.26750439560439565, 0.18296865911865917, 0.28647151737151727], [0.22343308913308926, 0.2918476051726053, 0.21498386809269182, 0.26973543760161406], [0.2623393217893218, 0.2449102591852593, 0.1865822510822511, 0.3061681679431678], [0.37101957486957454, 0.1787953102453103, 0.1398632756132756, 0.31032183927183915], [0.26861470196470216, 0.27314882339882357, 0.14943892773892783, 0.30879754689754674], [0.22582432289932303, 0.24013640526140526, 0.21967169497169503, 0.31436757686757694], [0.21009907314907317, 0.27634350094350096, 0.231372621822622, 0.282184804084804], [0.26873062493062516, 0.2562703296703298, 0.18696098623598628, 0.28803805916305913], [0.22788381618381626, 0.28567981740481746, 0.20325331335331337, 0.2831830530580532], [0.24333140748140766, 0.28084457209457214, 0.2010840270840272, 0.27473999333999344], [0.18103643301143316, 0.28946402486402484, 0.259824322899323, 0.2696752192252193], [0.22261554425966198, 0.27344335076688026, 0.1996651531475062, 0.304275951825952], [0.32682544955044956, 0.2942497585747587, 0.15058614718614727, 0.22833864468864484], [0.29365539460539486, 0.23020275835275844, 0.18572040182040195, 0.29042144522144525], [0.24364407259407267, 0.2354737762237763, 0.17243058608058617, 0.34845156510156505], [0.2053630896880898, 0.28035937950937956, 0.18863648851148873, 0.32564104229104246], [0.2624378080983344, 0.2763625124875127, 0.196931822271296, 0.2642678571428573], [0.17602218892218907, 0.312266244866245, 0.21826834276834273, 0.29344322344322366], [0.24452244422244432, 0.26785515040515057, 0.21657903762903774, 0.2710433677433678], [0.24971870906870916, 0.28391691641691663, 0.19985125430125436, 0.2665131202131203], [0.2455291791541792, 0.2794019175269178, 0.19264358974358972, 0.28242531357531353], [0.2521237096237097, 0.2919613525363524, 0.16415662670662676, 0.2917583111333112], [0.2764663003663005, 0.2757964479964481, 0.1608342157842158, 0.2869030358530359], [0.2610994533244535, 0.2286536241536242, 0.22737960650460667, 0.2828673160173163], [0.2887112387612389, 0.2368144161394164, 0.1987423021423022, 0.27573204295704296], [0.2559348290598291, 0.253652641802642, 0.20684794649794655, 0.28356458263958273], [0.22998089688089687, 0.2519835442335442, 0.23236531246531253, 0.2856702464202463], [0.24780607170607175, 0.2037526640026642, 0.23622624597624597, 0.3122150183150183], [0.24600043845043856, 0.2762031191031193, 0.19163251748251753, 0.2861639249639251], [0.25062634587634597, 0.27625101565101584, 0.15398353868353867, 0.3191390997890996], [0.22085829725829736, 0.2994461926961929, 0.20402830225330235, 0.2756672077922077], [0.24890093044210704, 0.23576868050250405, 0.23447902652902655, 0.2808513625263626], [0.2166115884115884, 0.26366285936285955, 0.19291108695226342, 0.32681446527328883], [0.2842311383061385, 0.26819155289155294, 0.1409080086580087, 0.30666930014430005], [0.22385703185703182, 0.2813627836216073, 0.19834217449217453, 0.2964380100291865], [0.25135639915639935, 0.2242342712842714, 0.18879662559662566, 0.33561270396270404], [0.256309398934399, 0.27144261294261307, 0.1874984959484959, 0.2847494921744921], [0.24150530025530031, 0.30844797424797404, 0.17205583860583865, 0.27799088689088697], [0.22665533159650808, 0.24416133588633593, 0.24726211402976112, 0.2819212184873951], [0.20824220224220236, 0.34906884226884227, 0.19329683094683106, 0.2493921245421247], [0.19686858419358427, 0.2709570124320125, 0.2265837531749298, 0.30559065019947373], [0.2576644744144744, 0.26427453102453125, 0.2171628206760561, 0.2608981738849387], [0.2358116091510829, 0.28511700521700506, 0.20063214154266798, 0.27843924408924414], [0.30197241092241084, 0.22284830169830172, 0.18866116106116118, 0.2865181263181264], [0.3167531385281385, 0.24006281218781222, 0.14506767121767128, 0.29811637806637814], [0.22173030662148313, 0.26155311355311367, 0.18514743785626156, 0.33156914196914183], [0.2288853535353536, 0.31595285270285284, 0.18934271839271846, 0.2658190753690755], [0.27952481962481956, 0.29122647907647903, 0.18184940059940066, 0.24739930069930077], [0.3109364191364192, 0.25845030525030543, 0.15710333555333558, 0.27350994005994017], [0.25523148518148536, 0.252171572871573, 0.20068655233655255, 0.2919103896103897], [0.27236776556776576, 0.24986573426573438, 0.16618207903207904, 0.3115844211344212], [0.2793175657675658, 0.28797503052503043, 0.1580212428094781, 0.27468616089792575], [0.19959577644577667, 0.28058492618492625, 0.21608644688644696, 0.30373285048285037], [0.24389913974913996, 0.3044839743589744, 0.16625848040848043, 0.2853584054834055], [0.26856735209235205, 0.25126435786435813, 0.19453136308136312, 0.2856369269619271], [0.2831141528406235, 0.24826480512951113, 0.15951629089864386, 0.30910475113122177], [0.25300730658230663, 0.2668949800199801, 0.17598187645687652, 0.30411583694083677], [0.2973622377622378, 0.2914177766677768, 0.1454137362637363, 0.2658062493062492], [0.24620380175380185, 0.26284610389610397, 0.1438357586857587, 0.34711433566433575], [0.32030007770007785, 0.27089351204351203, 0.13490843600843608, 0.27389797424797435], [0.2548055500055501, 0.2439050477300478, 0.17703289488289498, 0.3242565073815073], [0.21967037962037972, 0.2957991563991565, 0.17723943833943828, 0.3072910256410257], [0.25016123125240797, 0.3318261313849549, 0.15248099678099683, 0.26553164058164064], [0.2628136002886004, 0.28049519924519933, 0.2005518703518704, 0.2561393301143301], [0.2592603452103453, 0.28532299367299363, 0.19898588633588657, 0.2564307747807748], [0.2831025252525253, 0.26559379509379516, 0.16442521008403366, 0.286878469569646], [0.20373039738039758, 0.30781317571317557, 0.1935071262071263, 0.2949493006993009], [0.22190197025197034, 0.2948271284271284, 0.1945095737595739, 0.28876132756132755], [0.20379239094239102, 0.30386084666967017, 0.1809893606393607, 0.31135740174857823], [0.29063547318694377, 0.27803566874302177, 0.1266598762348763, 0.3046689818351584], [0.24055987900987913, 0.22258422688422697, 0.2440905927405928, 0.2927653013653014], [0.2623774614274615, 0.23235062715062724, 0.21512304362304377, 0.2901488677988678], [0.30238343323343314, 0.22296864801864802, 0.18800191475191494, 0.286646003996004], [0.24315794205794214, 0.2750039072039074, 0.1834666020254256, 0.29837154871272537], [0.29265839160839163, 0.218711138861139, 0.1646658230658231, 0.3239646464646463], [0.25121875901875923, 0.23207580752580761, 0.18817793595293603, 0.3285274975024975], [0.22772224442224448, 0.3081282217782217, 0.17849691974691978, 0.285652614052614], [0.2241790820290823, 0.250344882894883, 0.2373241258741258, 0.2881519092019092], [0.253909106253224, 0.2839455679940974, 0.1779677921751452, 0.28417753357753384], [0.23762017018928794, 0.27261060018412986, 0.18648522196757497, 0.3032840076590076], [0.3590127741539506, 0.21939222999223, 0.15262937258819625, 0.2689656232656234], [0.43250381840381813, 0.19142826895326898, 0.130462667887668, 0.2456052447552447], [0.24035038295038305, 0.3030031274281275, 0.1655696525696526, 0.29107683705183707], [0.2463400155400157, 0.26873282828282824, 0.1736393273393275, 0.31128782883782896], [0.24317609057609066, 0.2691492396492397, 0.177107012595248, 0.310567657179422], [0.3133942585192584, 0.22668759018759027, 0.16574596514596515, 0.2941721861471862], [0.2256604173604174, 0.24609821844821847, 0.23517816627816646, 0.293063197913198], [0.3044292429792429, 0.21956986901986908, 0.14139665889665898, 0.33460422910422927], [0.27570068265068276, 0.28343863913863937, 0.19354079254079257, 0.24731988566988589], [0.21515610500610516, 0.3369108336108336, 0.18183816738816747, 0.26609489399489394], [0.22646648351648363, 0.2931966366966367, 0.18293967698967706, 0.29739720279720283], [0.2309579035343742, 0.28567723550958857, 0.21712235542235556, 0.2662425055336821], [0.26768891108891124, 0.25545051337551344, 0.18878019758019768, 0.28808037795537816], [0.28283398823398825, 0.2813469891219893, 0.13515926850926857, 0.3006597541347541], [0.23004347319347315, 0.2931257242757242, 0.17556780441780462, 0.30126299811299834], [0.2223805286217052, 0.3207682539682537, 0.18901938257820625, 0.26783183483183487], [0.2448372516372517, 0.3072113775113776, 0.16889635364635372, 0.2790550172050172], [0.2935945332445332, 0.2418927683427683, 0.15351185481185484, 0.31100084360084346], [0.27896583694083693, 0.2853347763347763, 0.15484006549006563, 0.28085932123432134], [0.2992571237585943, 0.28514241673359336, 0.1299420163170163, 0.28565844319079625]]}}