{"test": {"ids": ["111120640", "109116810", "112118161", "104111990", "108118810", "105117431", "110121140", "106121190", "112121410", "100109360", "105113260", "97105960", "112120270", "104117200", "106111321", "111119430", "113122430", "105115570", "112118421", "102113210", "107120130", "100109330", "112117461", "109119010", "105111990", "112118471", "108114200", "104116800", "106117770", "109117271", "98112170", "98116940", "105114220", "111120260", "106117650", "108115570", "103112470", "109121410", "101115190", "113120280", "109115070", "108120700", "110121170", "99112300", "103118110", "109117431", "109113591", "97105760", "103120531", "104111531", "105119950", "106116441", "102121440", "109116750", "112118820", "111116170", "100117420", "98110230", "105113620", "111120280", "112121351", "107120880", "106112770", "99111440", "110114561", "101108290", "109121640", "103110050", "97107260", "105112100", "97107040", "99108330", "102110850", "106118820", "111119300", "112116880", "104111780", "106113830", "107121540", "112116501", "104113210", "105115900", "104114410", "110118630", "99109161", "97112300", "107118490", "98121790", "103120290", "112119580", "109115380", "99109740", "108119550", "99109860", "113118490", "102110240", "107113840", "112118511", "100108520", "99111340", "100108490", "112118701", "113121220", "106120290", "98113881", "110114950", "101111210", "103118291", "110120640", "111114171", "110116501", "113119320", "106115240", "103109791", "101121640", "104113240", "112116290", "100109910", "104114230", "101108950", "101108121", "98109311", "98108370", "106113190", "101116130", "97116790", "111116110", "113118111", "99117740", "102110500", "113122220", "107121640", "111121351", "107120260", "111121190", "104111620", "113118620", "111119150", "113119450", "108119510", "103111170", "108114040"], "labels": [0, 3, 0, 2, 1, 1, 3, 2, 0, 0, 3, 2, 0, 3, 0, 3, 2, 0, 3, 3, 2, 0, 0, 3, 2, 1, 0, 1, 0, 0, 3, 2, 3, 3, 1, 3, 1, 0, 1, 0, 0, 2, 2, 0, 2, 1, 3, 0, 3, 0, 3, 0, 2, 0, 0, 0, 2, 3, 0, 0, 0, 1, 1, 3, 0, 0, 0, 3, 2, 1, 2, 1, 3, 3, 1, 0, 3, 1, 2, 3, 3, 3, 1, 1, 3, 2, 2, 2, 2, 3, 3, 3, 1, 2, 1, 3, 3, 1, 2, 1, 2, 0, 3, 2, 3, 0, 2, 0, 0, 3, 3, 1, 1, 3, 2, 2, 0, 2, 2, 2, 0, 1, 1, 0, 2, 2, 3, 1, 2, 3, 1, 1, 0, 1, 1, 0, 3, 3, 3, 1, 2, 0], "predicted_labels": [3, 0, 1, 1, 1, 1, 0, 1, 3, 3, 1, 1, 1, 1, 1, 3, 1, 1, 3, 1, 1, 0, 3, 1, 1, 1, 3, 1, 3, 3, 0, 1, 3, 1, 1, 1, 1, 1, 1, 3, 1, 0, 1, 1, 1, 1, 1, 0, 3, 0, 0, 3, 1, 1, 3, 1, 3, 0, 1, 3, 1, 1, 3, 1, 1, 3, 1, 3, 3, 3, 1, 3, 1, 1, 1, 1, 0, 0, 1, 1, 1, 3, 1, 1, 1, 3, 1, 1, 1, 3, 1, 1, 3, 1, 3, 1, 1, 3, 3, 1, 3, 3, 1, 1, 1, 1, 3, 3, 3, 3, 0, 1, 1, 3, 1, 1, 0, 3, 3, 1, 0, 1, 3, 3, 1, 1, 3, 3, 0, 0, 1, 1, 1, 3, 0, 0, 1, 3, 3, 3, 3, 1], "confidence_scores": [[0.25968588078588095, 0.27320608280608294, 0.17104344544344546, 0.2960645909645909], [0.3091735375735377, 0.30686750471750457, 0.13772370962370972, 0.24623524808524808], [0.29133775391275396, 0.3077921245421246, 0.13813986013986013, 0.26273026140526157], [0.21690642968142979, 0.3227585339497103, 0.20357253661371322, 0.2567624997551469], [0.19609648684648692, 0.36927602952602956, 0.1773766233766235, 0.25725086025086036], [0.26365317460317467, 0.2910297480297481, 0.20174170829170843, 0.2435753690753692], [0.3027613664113666, 0.2685683705183705, 0.19487930957930966, 0.23379095349095366], [0.18003271173271185, 0.30367629037629024, 0.22247905427905446, 0.29381194361194357], [0.23744557942057948, 0.27961110001110023, 0.17488648851148852, 0.30805683205683215], [0.26545253080253084, 0.2501023123075756, 0.1720496894917948, 0.3123954673980991], [0.2804442057942059, 0.2962634032634034, 0.16903831168831182, 0.2542540792540795], [0.2312610445110447, 0.31632694527694544, 0.20128902208902227, 0.25112298812298817], [0.26504669219669225, 0.30289126984126974, 0.15566292596292608, 0.2763991119991121], [0.23274004329004344, 0.31874159174159156, 0.18352323787323802, 0.26499512709512724], [0.22664233544233556, 0.33993936618936604, 0.15966865911865916, 0.27374963924963935], [0.19630166500166507, 0.297017071817072, 0.1751185425685425, 0.3315627206127208], [0.23436091686091692, 0.3121385503385505, 0.16491539571539582, 0.28858513708513717], [0.21583140193140196, 0.3285774919524918, 0.16283873071373084, 0.2927523754023755], [0.2471919746919747, 0.2969476967476968, 0.13472304362304366, 0.32113728493728494], [0.22106038961038976, 0.3171951659451663, 0.18100562770562778, 0.2807388167388168], [0.27406160228660237, 0.28556879509379524, 0.1581042152292153, 0.2822653873903872], [0.34579355709649834, 0.28528091516326803, 0.12723595293595305, 0.24168957480428074], [0.2255261841873297, 0.31310835781865204, 0.14701380572471906, 0.31435165226929934], [0.1628510711510713, 0.32592415917415923, 0.22170944610944635, 0.2895153235653235], [0.2148769952269952, 0.32909270451770445, 0.1841036546786548, 0.27192664557664564], [0.21788029748029775, 0.2954859287771051, 0.20126776915894584, 0.2853660045836516], [0.2359362878951115, 0.30457640137640135, 0.1471054037465802, 0.3123819069819073], [0.2337789782113312, 0.29487565767565754, 0.17757162673927385, 0.2937737373737374], [0.23415229215229236, 0.28307589632589636, 0.17738018648018652, 0.30539162504162515], [0.23050762570762576, 0.2894990842490842, 0.16535776445776454, 0.31463552558552565], [0.3226791819291819, 0.23721697191697202, 0.15792953712953728, 0.282174309024309], [0.23803786768786767, 0.31433577533577545, 0.19429143634143642, 0.25333492063492086], [0.2572317959817961, 0.265863913863914, 0.17420928793428797, 0.30269500222000223], [0.25640647408147416, 0.30769642579642614, 0.17845111555111554, 0.2574459845709845], [0.23111222307104665, 0.34106175491175467, 0.18941420523920546, 0.23841181677799334], [0.23407729296846946, 0.3071965971936559, 0.15638740132416604, 0.3023387085137084], [0.21486964701964717, 0.2843808691308692, 0.2262834693084694, 0.27446601454101455], [0.20571527875289491, 0.3260548448283741, 0.18471580682819078, 0.28351406959054015], [0.2248302225552226, 0.30594099789099766, 0.18560601065601076, 0.28362276889776916], [0.23326252081252094, 0.2685993062493064, 0.16068961593961598, 0.33744855699855686], [0.2117173493173494, 0.34385483960483954, 0.18704589299589314, 0.25738191808191824], [0.35784758297258273, 0.35625473137973124, 0.10352229437229442, 0.1823753912753914], [0.20273106893106907, 0.30656353646353646, 0.1988387834387835, 0.29186661116661133], [0.2451409035409037, 0.3372641636141639, 0.16025543900543912, 0.2573394938394937], [0.2433519904072537, 0.27609357309357313, 0.22508820273293956, 0.2554662337662338], [0.24700851370851373, 0.3078244422244423, 0.15749796314796324, 0.287669080919081], [0.24452869075369094, 0.32077221667221645, 0.1689067377067378, 0.265792354867355], [0.36007446442446445, 0.2630582389832391, 0.12010741758241762, 0.2567598790098791], [0.202188766788767, 0.29939766344766355, 0.17019811577311583, 0.32821545399045426], [0.3592788017538016, 0.3104504051504052, 0.13048763458763457, 0.19978315850815856], [0.2704535640829759, 0.2660328824770001, 0.20600717925864984, 0.25750637418137434], [0.20217872486990143, 0.26963219590866655, 0.164812922045275, 0.36337615717615707], [0.2259742202242203, 0.33392269119769125, 0.13328135753135759, 0.306821731046731], [0.25310693277310936, 0.30462421467421485, 0.20319971890854252, 0.23906913364413365], [0.21527956847074506, 0.2920619741369742, 0.1553621675709912, 0.33729628982128984], [0.2632820235320236, 0.29779533799533797, 0.16710762570762583, 0.27181501276501296], [0.22828324730824756, 0.2902270562770564, 0.18633510656010666, 0.29515458985458976], [0.29133133491895113, 0.28431568154068143, 0.17461746350484733, 0.24973552003552008], [0.219294882894883, 0.29841175295292965, 0.1924672363584129, 0.28982612779377503], [0.2562074786324788, 0.27042816072816084, 0.1704879176379176, 0.3028764430014432], [0.24615073978309276, 0.29806482961482955, 0.2225107209783681, 0.2332737096237098], [0.18157400932400938, 0.3112119491619491, 0.2139921800421801, 0.2932218614718617], [0.19592384004884006, 0.28804985569985575, 0.220327308802309, 0.2956989954489955], [0.2630493486905253, 0.29864438927085984, 0.17849727853845507, 0.25980898350015996], [0.2477052094963862, 0.30233500943500957, 0.18073774754657104, 0.2692220335220337], [0.2477457673045911, 0.279086913086913, 0.18305818070818078, 0.2901091389003153], [0.25682864406835015, 0.297032197867492, 0.17525935175935187, 0.27087980630480635], [0.20878606116106135, 0.2916046065046064, 0.19034550449550466, 0.3092638278388277], [0.2238776112776114, 0.29501505994006005, 0.18333946053946065, 0.2977678682428683], [0.2632871489621491, 0.2629421578421581, 0.21010999000999006, 0.26366070318570317], [0.2513124986124987, 0.3003751248751248, 0.21944153069153066, 0.22887084582084602], [0.18834408091908106, 0.2864862914862914, 0.20995278332778342, 0.31521684426684426], [0.1887834443334444, 0.3187294372294371, 0.23555705960705975, 0.25693005883005904], [0.21441176405294046, 0.3168802669552671, 0.18501800895183254, 0.2836899600399601], [0.22355999164234475, 0.32229161557396874, 0.19489961933491343, 0.2592487734487736], [0.22133666692784348, 0.3051851981351983, 0.21408145384027746, 0.2593966810966812], [0.3299576423576424, 0.2930047341547344, 0.1389627872127872, 0.23807483627483653], [0.30082775382512233, 0.2743765234765236, 0.14860246975246985, 0.2761932529458846], [0.18061459651459663, 0.28957596325243373, 0.2439330360815657, 0.28587640415140425], [0.26190334110334124, 0.3073787795537797, 0.14273629148629155, 0.28798158785658795], [0.2650693933517464, 0.31582378177378195, 0.14985934457699168, 0.2692474802974804], [0.2448514374514375, 0.3030943223443222, 0.14442757520257535, 0.30762666500166536], [0.2020728382728384, 0.318195670995671, 0.1845835053835055, 0.2951479853479853], [0.22431953324453333, 0.30741648074148065, 0.194117304917305, 0.2741466810966811], [0.29279268538479075, 0.318443491596123, 0.15130955155955159, 0.23745427145953468], [0.2615904761904764, 0.25586549006549025, 0.17605166500166508, 0.30649236874236885], [0.21012732985968302, 0.3042681020733652, 0.2167105103702629, 0.26889405769668934], [0.25539409274935587, 0.2988691280941281, 0.18640408684882365, 0.25933269230769246], [0.22831685259185275, 0.29221853701853695, 0.23203244255744274, 0.24743216783216795], [0.24582486402486414, 0.2559346320346322, 0.22204514929514937, 0.27619535464535483], [0.23665189810189824, 0.29576908924408923, 0.21152608502608516, 0.25605292762792786], [0.2000658397158399, 0.319813693410133, 0.18776419916512807, 0.2923562677088992], [0.2251958125208126, 0.279802195027195, 0.21495414030414042, 0.28004785214785227], [0.22644408442434766, 0.3523888000888002, 0.19717939209912902, 0.2239877233877233], [0.22995442612942615, 0.2628320873570874, 0.17139966144966146, 0.33581382506382534], [0.27528523274111505, 0.2851389450418864, 0.197337377328554, 0.24223844488844495], [0.25441073853047547, 0.2995233783760101, 0.1534934860461177, 0.29257239704739707], [0.2557108086358087, 0.2737864108114108, 0.17876045621045622, 0.29174232434232455], [0.23812450327450338, 0.2603147241647243, 0.23047507215007232, 0.2710857004107003], [0.22202169455931076, 0.31652316539669484, 0.2149108784232624, 0.24654426162073234], [0.2425494505494508, 0.264563563070916, 0.22457642471907183, 0.26831056166056194], [0.2513918470418471, 0.271239501021854, 0.16632367469132184, 0.3110449772449773], [0.22271335331335343, 0.30733875568875585, 0.1670725996225997, 0.30287529137529146], [0.23872797398679768, 0.3238197382682678, 0.18215792295939373, 0.2552943647855413], [0.2252260295260297, 0.31205721500721506, 0.17703717393717405, 0.2856795815295815], [0.23372037334011034, 0.29147539580302734, 0.18513725616488783, 0.2896669746919748], [0.19898966866466875, 0.2922779557817484, 0.2101609027883023, 0.29857147276528084], [0.2599503108003109, 0.2694567155067155, 0.16386132201132203, 0.30673165168165173], [0.22238527861027868, 0.29202742257742237, 0.19218375513375527, 0.2934035436785438], [0.228110694860695, 0.2894174492174491, 0.14412534132534138, 0.33834651459651455], [0.33758860028860016, 0.2815096625596626, 0.13236970251970262, 0.2485320346320348], [0.2625995670995673, 0.32852442557442546, 0.14786110556110565, 0.2610149017649018], [0.2808391108891111, 0.29425072150072135, 0.18260110445110456, 0.24230906315906325], [0.23863927183927194, 0.2956048063048063, 0.16624774669774695, 0.29950817515817507], [0.24987493135519454, 0.27258069985570005, 0.21090090669564374, 0.2666434620934622], [0.17947334712071564, 0.3206892357642359, 0.20655811133311144, 0.29327930578193756], [0.3367324275397805, 0.3018384587634588, 0.16187777059541772, 0.19955134310134312], [0.20474896019013678, 0.238144969650233, 0.24988766458859357, 0.30721840557103725], [0.23074106726606733, 0.27060880230880235, 0.1937254745254747, 0.3049246558996559], [0.22089386446886458, 0.305030611055611, 0.21005515595515603, 0.2640203685203686], [0.2782900380321434, 0.26397508500271677, 0.1895215367965368, 0.2682133401686033], [0.25616450216450226, 0.3082675185925186, 0.14220419857919867, 0.29336378066378077], [0.22193223165723175, 0.27576849816849824, 0.20431046731046748, 0.2979888028638031], [0.2613648859310626, 0.25871683594183603, 0.20675896521778878, 0.2731593129093131], [0.1896887973137974, 0.33639673937173936, 0.21557270229770242, 0.2583417610167612], [0.23563810911310937, 0.28199547674547676, 0.21847930680430702, 0.26388710733710735], [0.22123620546120568, 0.2770865828615829, 0.2041466366966367, 0.297530574980575], [0.22148120490620493, 0.29087112609612614, 0.17292120657120655, 0.3147264624264625], [0.32413533851769166, 0.2995059662559663, 0.1452999650676121, 0.23105873015873007], [0.2922204184704187, 0.261123865023865, 0.16407531912531922, 0.28258039738039753], [0.21574389776889782, 0.3148606365856367, 0.18242253302253317, 0.28697293262293266], [0.20475728438228455, 0.29718992118992116, 0.20730170385170396, 0.2907510905760905], [0.2872692474192475, 0.2954810911310911, 0.1679925574425575, 0.2492571040071042], [0.22361325341325353, 0.27576461871461866, 0.1853540237540238, 0.3152681041181042], [0.3013962501550736, 0.28190101842601856, 0.1632839640751405, 0.2534187673437675], [0.41611436896436893, 0.2680483127983129, 0.1036017926517927, 0.21223552558552572], [0.22094280164280178, 0.3222172771672771, 0.18499301254301267, 0.2718469086469088], [0.20779329836829843, 0.3024105366855368, 0.17583393273393277, 0.3139622322122322], [0.2251208228905599, 0.2934909144347224, 0.16594479503125023, 0.31544346764346765], [0.24532335442335446, 0.27007559385059376, 0.1515552725052725, 0.3330457792207791], [0.2691944860694861, 0.28141431623931623, 0.15828627483627486, 0.29110492285492284], [0.23015425130425143, 0.3112163031413032, 0.17795316072816086, 0.2806762848262847]]}, "rewritten": {"ids": ["97105760", "97105960", "97107040", "97107260", "97112300", "97116790", "98108370", "98109311", "98110230", "98112170", "98113881", "98116940", "98121790", "99108330", "99109161", "99109740", "99109860", "99111340", "99111440", "99112300", "99117740", "100108490", "100108520", "100109330", "100109360", "100109910", "100117420", "101108121", "101108290", "101108950", "101111210", "101115190", "101116130", "101121640", "102110240", "102110500", "102110850", "102113210", "102121440", "103109791", "103110050", "103111170", "103112470", "103118110", "103118291", "103120290", "103120531", "104111531", "104111620", "104111780", "104111990", "104113210", "104113240", "104114230", "104114410", "104116800", "104117200", "105111990", "105112100", "105113260", "105113620", "105114220", "105115570", "105115900", "105117431", "105119950", "106111321", "106112770", "106113190", "106113830", "106115240", "106116441", "106117650", "106117770", "106118820", "106120290", "106121190", "107113840", "107118490", "107120130", "107120260", "107120880", "107121540", "107121640", "108114040", "108114200", "108115570", "108118810", "108119510", "108119550", "108120700", "109113591", "109115070", "109115380", "109116750", "109116810", "109117271", "109117431", "109119010", "109121410", "109121640", "110114561", "110114950", "110116501", "110118630", "110120640", "110121140", "110121170", "111114171", "111116110", "111116170", "111119150", "111119300", "111119430", "111120260", "111120280", "111120640", "111121190", "111121351", "112116290", "112116501", "112116880", "112117461", "112118161", "112118421", "112118471", "112118511", "112118701", "112118820", "112119580", "112120270", "112121351", "112121410", "113118111", "113118490", "113118620", "113119320", "113119450", "113120280", "113121220", "113122220", "113122430"], "labels": [0, 2, 2, 2, 2, 2, 1, 1, 3, 3, 3, 2, 2, 1, 3, 3, 2, 1, 3, 0, 2, 2, 2, 0, 0, 2, 2, 0, 0, 2, 2, 1, 2, 2, 3, 3, 3, 3, 2, 3, 3, 2, 1, 2, 0, 2, 3, 0, 0, 3, 2, 3, 2, 2, 1, 1, 3, 2, 1, 3, 0, 3, 0, 3, 1, 3, 0, 1, 0, 1, 1, 0, 1, 0, 3, 2, 2, 3, 2, 2, 1, 1, 2, 1, 0, 0, 3, 1, 1, 1, 2, 3, 0, 3, 0, 3, 0, 1, 3, 0, 0, 0, 0, 3, 1, 0, 3, 2, 3, 3, 0, 3, 1, 3, 3, 0, 0, 1, 0, 0, 3, 0, 0, 0, 3, 1, 1, 0, 0, 3, 0, 0, 0, 1, 1, 3, 1, 3, 0, 3, 1, 2], "predicted_labels": [0, 1, 1, 1, 0, 3, 0, 1, 1, 3, 0, 1, 1, 1, 1, 1, 1, 1, 0, 0, 1, 1, 3, 3, 0, 1, 1, 0, 1, 1, 3, 1, 1, 0, 0, 0, 1, 3, 1, 0, 0, 3, 1, 1, 0, 1, 0, 0, 0, 1, 1, 0, 1, 0, 3, 0, 1, 1, 0, 0, 1, 0, 1, 0, 0, 0, 0, 1, 0, 0, 0, 0, 1, 1, 1, 1, 1, 1, 1, 1, 0, 1, 1, 1, 1, 1, 1, 1, 0, 1, 0, 1, 0, 0, 1, 1, 0, 0, 1, 0, 0, 0, 1, 0, 0, 1, 0, 0, 0, 3, 0, 1, 1, 1, 0, 3, 1, 0, 0, 0, 1, 1, 0, 0, 3, 0, 1, 0, 1, 3, 1, 0, 3, 0, 1, 0, 0, 1, 3, 1, 1, 1], "confidence_scores": [[0.3303878804202333, 0.2731529331779334, 0.14888711402976113, 0.24757207237207252], [0.25054039081833224, 0.31166051889287194, 0.17346307303807323, 0.2643360172507231], [0.25659923964923975, 0.3158190306425602, 0.21726241209770622, 0.2103193176104943], [0.2406341916253683, 0.28414324009324016, 0.20048804169686535, 0.2747345265845265], [0.30573566351948717, 0.23975122100122115, 0.15573279857397507, 0.298780316905317], [0.27118255518990825, 0.24516414491940824, 0.1992425089272613, 0.2844107909634225], [0.2924984107395874, 0.26150378510378514, 0.17255218866101227, 0.2734456154956156], [0.2837639693639694, 0.29744825174825185, 0.1475320845820847, 0.27125569430569435], [0.2817602497176027, 0.29774425574425584, 0.16145827897592613, 0.2590372155622157], [0.28375792671380917, 0.2532676885206298, 0.16980981045098698, 0.2931645743145744], [0.3458030330780332, 0.28853731268731275, 0.14506954711954723, 0.22059010711510715], [0.28858797477032777, 0.3154514652014651, 0.15760595907360628, 0.23835460095460112], [0.2505494394494397, 0.33742156454656463, 0.16192809967809976, 0.2501008963258963], [0.23229963924963934, 0.31986404673757596, 0.20667104235633668, 0.24116527165644822], [0.27285705683205674, 0.299160483960484, 0.16916470751470758, 0.25881775169275173], [0.25979799644799656, 0.30841436341436346, 0.17623419635919643, 0.255553443778444], [0.2305802322720279, 0.30015439735702903, 0.20583205368762644, 0.26343331668331665], [0.28823045173780476, 0.3194780108780109, 0.16675508217272925, 0.22553645521145527], [0.2972426906426909, 0.2923008658008658, 0.17252069042069046, 0.23793575313575327], [0.32882414807414817, 0.2734970584970586, 0.15155639915639918, 0.24612239427239432], [0.2718021423021424, 0.30926191031191036, 0.11845798090798097, 0.30047796647796643], [0.26161801890919545, 0.3184719114219115, 0.18822349513231879, 0.23168657453657462], [0.2590950549450551, 0.2701055389055392, 0.18747409257409253, 0.2833253135753135], [0.2662898934398935, 0.28373697413697424, 0.1617357364857365, 0.28823739593739606], [0.32215952658452657, 0.2551152514152517, 0.16320807525807532, 0.25951714674214676], [0.27878732378732385, 0.2814253503806134, 0.18274236348446876, 0.25704496234759394], [0.27541321733821744, 0.2926008907758907, 0.17578108280608298, 0.256204809079809], [0.3232366855366854, 0.2566895965145968, 0.18297038794538795, 0.2371033300033301], [0.2701380286380288, 0.2845534521034521, 0.18464429459429466, 0.2606642246642248], [0.29412083472083483, 0.30787919302919314, 0.14970952380952401, 0.24829044844044842], [0.2483201742701744, 0.26024754689754703, 0.18500904373404375, 0.30642323509823527], [0.24034869574869588, 0.3296136918636916, 0.1700456682206683, 0.2599919441669442], [0.2471661400690814, 0.28842156895392196, 0.17945331890331903, 0.284958972073678], [0.2966568653568655, 0.2889190420690422, 0.15707309357309374, 0.257350999000999], [0.31506537514772837, 0.29711494061494065, 0.15592408261672974, 0.23189560162060183], [0.30849129759129773, 0.24427474747474762, 0.1692158230658232, 0.2780181318681319], [0.2847884892884894, 0.28564107559107577, 0.18939109779109786, 0.24017933732933752], [0.27337539127539146, 0.26221240426240433, 0.1902679181929181, 0.2741442862692863], [0.24642848817848834, 0.31096709401709416, 0.1605612498612499, 0.2820431679431678], [0.3373095959595958, 0.2594248862248864, 0.15402113442113455, 0.24924438339438346], [0.307931946648123, 0.295391810966811, 0.18072595378477738, 0.21595028860028861], [0.2474321151071153, 0.2678164363414365, 0.17427975357975353, 0.3104716949716952], [0.2478459734709736, 0.3138751387501389, 0.19930501998002007, 0.23897386779886787], [0.2621828373381006, 0.28540364635364635, 0.22115259944733645, 0.23126091686091674], [0.387837900987901, 0.24023109113109128, 0.13170432900432902, 0.24022667887667892], [0.27597118919092617, 0.3051170707947024, 0.20737590917854076, 0.21153583083583094], [0.34145301365301395, 0.28524498279498256, 0.12859856809856818, 0.2447034354534355], [0.3008663428075193, 0.2819106504606504, 0.16973538324420692, 0.24748762348762351], [0.333927883227883, 0.24287539127539154, 0.15509165834165836, 0.26810506715506716], [0.2977506196417961, 0.30156462426462444, 0.18015474721357078, 0.22053000888000898], [0.2563594155844156, 0.29827337939837945, 0.19329345099345102, 0.2520737540237542], [0.2965138103382685, 0.29306968207231354, 0.1601289804966277, 0.2502875270927903], [0.22140896325896342, 0.35080636308136315, 0.16735708180708184, 0.2604275918525918], [0.29396952655187963, 0.2682596015096015, 0.16643775505540218, 0.271333116883117], [0.274167316017316, 0.2579662282162284, 0.17834688089688083, 0.289519574869575], [0.305402572590808, 0.2564454468733882, 0.18983998974881333, 0.24831199078699068], [0.24988748816542938, 0.31961685977421267, 0.16237775557775572, 0.2681178964826026], [0.24737660672660688, 0.3260784215784214, 0.1834975246975248, 0.24304744699744718], [0.30075351315351334, 0.26189220501720495, 0.18176021201021206, 0.25559406981906996], [0.2929543686705454, 0.26902735597735605, 0.1697015504103739, 0.26831672494172487], [0.22357325379299073, 0.3064784826284828, 0.21182376862903188, 0.25812449494949496], [0.3137795871655006, 0.23852961417667318, 0.18519588246291036, 0.26249491619491644], [0.27108527335237853, 0.30280667008430173, 0.17682602397602404, 0.24928203258729592], [0.2978810300810303, 0.2772375846375845, 0.14993927738927745, 0.27494210789210793], [0.3009081591611005, 0.2761136490960022, 0.2051340104340106, 0.21784418130888725], [0.3165496377805202, 0.2718194894974306, 0.1815173695585461, 0.2301135031635033], [0.3193320004814587, 0.28336241434004594, 0.16253730550495255, 0.23476827967354286], [0.2775730230210106, 0.2911412611468338, 0.19233455237572883, 0.23895116345642667], [0.2985601018262784, 0.27693964581170477, 0.18438932440108907, 0.24011092796092806], [0.2907090225563912, 0.2904525752025753, 0.1577902375402377, 0.2610481647007964], [0.30988526538820665, 0.2824340953164485, 0.18639149184149192, 0.2212891474538534], [0.3195857004107004, 0.2604201048951051, 0.1489887862137863, 0.27100540848040844], [0.23942076812076815, 0.33008038073038065, 0.1955551892551894, 0.234943661893662], [0.268516842514211, 0.27801901431901443, 0.17563059440559445, 0.2778335487611803], [0.2662043383517068, 0.30357399822399816, 0.17144759129759146, 0.25877407212670395], [0.24957618533856948, 0.3042775835275835, 0.19202098970860593, 0.2541252414252417], [0.2630518426018429, 0.292218387168387, 0.19504754134754132, 0.249682228882229], [0.27016612276612273, 0.31152349317349337, 0.163108807858808, 0.2552015762015763], [0.24964894187340023, 0.3347964108990424, 0.18626011602776318, 0.22929453119979443], [0.26268340009663543, 0.2944455967235379, 0.17639150767533127, 0.2664794955044955], [0.30168690198690207, 0.26986064458417425, 0.1760037795537796, 0.25244867387514475], [0.2790493519552342, 0.3116050178579592, 0.16974615743733404, 0.2395994727494728], [0.28207511406721947, 0.29226631321894486, 0.17569259074259078, 0.24996598197124525], [0.2563100246159072, 0.314692019744961, 0.17673906453024102, 0.2522588911088912], [0.24698477078477096, 0.2944759962259963, 0.19357333777333788, 0.2649658952158954], [0.2626427592015828, 0.30362202797202803, 0.18332632171749821, 0.25040889110889114], [0.2507661421911423, 0.2990173382173381, 0.16809422521922532, 0.28212229437229436], [0.27350066045066057, 0.2895667166167166, 0.1835777056277057, 0.2533549173049174], [0.31307350557938807, 0.2726342552871966, 0.15845467114584766, 0.2558375679875679], [0.2713560439560442, 0.2959657231657232, 0.17549612609612605, 0.2571821067821066], [0.3738921495171494, 0.34204837662337656, 0.12006038961038969, 0.16399908424908435], [0.2779034132534135, 0.34616595071595047, 0.15777261072261084, 0.21815802530802533], [0.3028960095460096, 0.2995481213231215, 0.18961829004329023, 0.20793757908757915], [0.29499363022598324, 0.270594978877332, 0.1906750883103825, 0.24373630258630266], [0.2489071053129877, 0.30474946230240363, 0.19294639608757266, 0.25339703629703625], [0.27761790986790996, 0.3081760628260627, 0.15938104673104692, 0.25482498057498065], [0.3588406030244267, 0.2558160006660008, 0.13622411836529486, 0.24911927794427813], [0.30082115662115677, 0.28495455655455654, 0.1502779331779332, 0.2639463536463537], [0.2731220113220114, 0.2959360916860916, 0.18873842823842832, 0.24220346875346874], [0.2946851426351427, 0.2813913086913088, 0.14670137362637367, 0.2772221750471752], [0.3428853479853482, 0.28122252469752473, 0.13586060051060062, 0.24003152680652687], [0.32055789795000333, 0.2763682335208654, 0.15631687201687208, 0.24675699651225982], [0.2571518021709973, 0.2826467012519644, 0.19033836730864592, 0.26986312926839245], [0.32654050394050393, 0.30528547563547564, 0.1583655122655124, 0.20980850815850818], [0.32938638963375805, 0.30931652514152536, 0.16532895992896, 0.1959681252957569], [0.25715379620379636, 0.29547424797424804, 0.18882112887112895, 0.25855082695082693], [0.2972135247105836, 0.2622892003421415, 0.19447862137862157, 0.24601865356865352], [0.3057606671106672, 0.23854099789099809, 0.1770329115329115, 0.2786654234654235], [0.3328779728441494, 0.2750852980352981, 0.15580529666412032, 0.2362314324564326], [0.24346820781557627, 0.272269857919858, 0.19088708513708522, 0.29337484912748085], [0.30546935564435546, 0.2850936979686981, 0.14320195360195365, 0.2662349927849929], [0.2256376706626709, 0.3386231823731825, 0.17366000111000118, 0.2620791458541458], [0.26472955932955944, 0.30394991119991105, 0.16517010767010773, 0.2661504218004219], [0.280944044844045, 0.3060868184103478, 0.15173890553890562, 0.26123023120670186], [0.3029485736485738, 0.270486163836164, 0.17018794816294827, 0.2563773143523143], [0.27141007881007884, 0.2654424325674325, 0.16443691863691867, 0.29871056998557], [0.2889798923298923, 0.29001650571650583, 0.15381121378621382, 0.26719238816738816], [0.2834922819870189, 0.2729794594294597, 0.17947602748129068, 0.26405223110223114], [0.34797006151742993, 0.266068958818959, 0.15805311910311914, 0.22790786056049242], [0.3603424519924519, 0.29882753357753367, 0.1447503330003331, 0.1960796814296816], [0.27927115107115114, 0.3093632534132532, 0.14707683427683432, 0.26428876123876144], [0.24384971694971705, 0.31204135276488226, 0.17981735209235217, 0.2642915781930489], [0.3062037340110871, 0.27853085803085786, 0.13064222280986995, 0.2846231851481852], [0.35831686091686094, 0.2715715506715508, 0.12753311688311691, 0.24257847152847167], [0.2965105477855476, 0.2416900349650351, 0.15225476190476198, 0.30954465534465536], [0.35272066267066254, 0.22850550560550575, 0.18133549506049515, 0.23743833666333677], [0.27853330280830285, 0.2964546536796538, 0.14625114052614058, 0.27876090298590295], [0.29049612054612073, 0.28462897625250566, 0.1624943167943169, 0.2623805864070571], [0.24674609279609275, 0.30351689421689415, 0.16241318681318695, 0.2873238261738261], [0.27422744302481145, 0.26085890775890797, 0.18821971916971936, 0.27669393004656173], [0.2959436785436787, 0.2975603285603284, 0.18479589299589308, 0.22170009990009987], [0.30199060939060923, 0.27336012321012315, 0.1699611222111223, 0.25468814518814525], [0.2657737678987679, 0.2802191558441559, 0.1649793734043734, 0.28902770285270263], [0.3132340631590634, 0.26421183816183835, 0.16587033522033534, 0.2566837634587635], [0.23866013153513158, 0.3354398740148741, 0.1634114774114775, 0.2624885170385171], [0.29263142413142423, 0.28321124431124434, 0.1606297924297926, 0.2635275391275391], [0.31305465367965374, 0.3079082251082251, 0.14554981129981132, 0.23348730991231015], [0.26676335331335355, 0.3296580752580751, 0.16323350538350537, 0.24034506604506603], [0.2648885447885449, 0.2433487734487736, 0.18910304695304692, 0.3026596348096347], [0.2734437211910899, 0.30291428016428024, 0.18295848040848048, 0.24068351823614995], [0.2774022157580982, 0.3152675775205186, 0.16128617297734957, 0.24604403374403372], [0.26212084745320063, 0.31862656510156506, 0.18351539130803854, 0.2357371961371962]]}}