{"test": {"ids": ["106115250", "111116110", "113121980", "110118181", "109120540", "107121230", "105113480", "109115070", "109118701", "98116090", "111121351", "101109120", "102116500", "103111990", "100113210", "108121410", "105110251", "108114360", "113121220", "112116900", "105110091", "104111990", "100107920", "101109370", "107120260", "100117420", "113117630", "110121140", "113118820", "100109311", "97116410", "109117630", "113121010", "107117630", "109120150", "106113830", "113122430", "106115240", "113120780", "112116610", "101112690", "107113550", "104114410", "106111321", "109119591", "103117200", "101117580", "97107040", "106112770", "108113620", "107114110", "104113550", "109114651", "107112840", "105117431", "108119510", "110120190", "112118421", "99107560", "103113170", "99111930", "108121190", "99109311", "110120540", "103120730", "108116481", "109118231", "109113591", "100111390", "113118490", "107113170", "112116451", "101114990", "108114200", "110120531", "105115720", "107113200", "105116860", "97107950", "97109080", "100115700", "111115770", "111116010", "101108500", "106119990", "109116170", "108118301", "105119550", "108117610", "113119360", "111116530", "99109161", "102110500", "110119891", "109117150", "103113260", "112119930", "111116750", "112118810", "106120290", "110115120", "109116441", "110118301", "105118230", "110114950", "101111140", "113121410", "112120630", "109115211", "113118630", "110121450", "112117571", "98119591", "104116980", "113121190", "111118820", "97116790", "98106560", "101111310", "110118111", "111114941", "112119320", "108115870", "106116820", "111115620", "98106680", "108118060", "104114740", "106113170", "101111990", "104111830", "104118340", "103113270", "99117630", "108113740", "112119950", "97109570", "98108580", "104114240", "113120260", "105112100", "102110690"], "labels": [2, 3, 2, 1, 1, 0, 0, 0, 3, 0, 0, 1, 1, 2, 0, 0, 0, 1, 3, 3, 0, 2, 0, 1, 1, 2, 0, 3, 0, 1, 3, 0, 2, 0, 2, 1, 2, 1, 0, 1, 1, 0, 1, 0, 0, 0, 3, 2, 1, 3, 1, 1, 3, 1, 1, 1, 3, 3, 1, 3, 1, 1, 1, 1, 1, 0, 1, 3, 2, 1, 0, 0, 3, 0, 0, 1, 0, 2, 2, 2, 1, 3, 1, 3, 0, 0, 1, 1, 3, 0, 3, 3, 3, 3, 2, 3, 1, 3, 3, 2, 0, 3, 1, 1, 0, 2, 0, 3, 0, 3, 3, 3, 1, 1, 1, 0, 2, 1, 3, 1, 0, 1, 3, 1, 1, 1, 1, 2, 0, 2, 3, 2, 2, 3, 3, 0, 0, 0, 0, 3, 1, 0], "predicted_labels": [3, 3, 3, 1, 3, 1, 3, 1, 3, 3, 0, 3, 3, 3, 3, 3, 0, 3, 1, 3, 3, 3, 0, 1, 3, 3, 1, 3, 3, 0, 1, 3, 3, 3, 1, 3, 1, 3, 3, 3, 3, 3, 3, 3, 1, 3, 1, 1, 3, 3, 3, 3, 3, 1, 1, 3, 1, 3, 3, 1, 3, 1, 1, 1, 1, 0, 1, 1, 3, 3, 3, 0, 1, 3, 3, 1, 3, 1, 3, 1, 3, 3, 1, 1, 3, 3, 3, 1, 3, 3, 3, 1, 3, 1, 3, 1, 3, 0, 1, 1, 3, 0, 3, 3, 3, 3, 1, 3, 3, 1, 3, 1, 3, 1, 3, 0, 1, 3, 1, 3, 3, 1, 3, 3, 3, 1, 3, 1, 3, 1, 1, 3, 3, 3, 3, 0, 0, 3, 3, 1, 3, 0], "confidence_scores": [[0.2307645021645023, 0.26666180208680207, 0.21159371461871487, 0.2909799811299812], [0.23782053502053518, 0.2721021645021644, 0.20201931956931954, 0.28805798090798107], [0.24151405261405276, 0.2666140276390277, 0.16265864690864695, 0.32921327283827284], [0.2526634698634698, 0.28830643914908616, 0.17340281466899124, 0.28562727631845297], [0.20412622377622375, 0.26631815684315696, 0.23784513819513842, 0.29171048118548115], [0.1843534299034301, 0.3002367826617825, 0.22163437118437132, 0.2937754162504164], [0.19995947385947394, 0.2918849206349206, 0.2014885217723454, 0.3066670837332602], [0.2082398101898103, 0.3416130341880344, 0.1833740675990677, 0.2667730880230881], [0.23234785492285512, 0.2900850233100234, 0.18570201742701753, 0.2918651043401043], [0.24210887445887463, 0.23864997779997782, 0.2492301087801089, 0.2700110389610392], [0.33164096068190463, 0.2628246503496505, 0.14697620487527616, 0.2585581840931688], [0.2807350427350427, 0.24427147574647595, 0.1716844322344323, 0.30330904928404917], [0.21137129279934172, 0.26277178796812956, 0.22176260000162445, 0.3040943192309047], [0.21439542679542672, 0.27362641247641245, 0.19628959928959955, 0.31568856143856155], [0.2240979797979799, 0.265059335109335, 0.21907084582084585, 0.29177183927183925], [0.21988915251415278, 0.30436782661782685, 0.16303559773559786, 0.31270742313242295], [0.30757391056655775, 0.26380186920922233, 0.13952238872238876, 0.28910183150183166], [0.2087609123301376, 0.27446781971416145, 0.20994328075877577, 0.30682798719692567], [0.21013807683544544, 0.31214972249972256, 0.16874594849594857, 0.3089662521688839], [0.2583580586080586, 0.2799247918747918, 0.1502089022089022, 0.3115082473082474], [0.27511963314463317, 0.27751613664113667, 0.14607116772116768, 0.30129306249306237], [0.2138891691641692, 0.278712520812521, 0.2181233960483961, 0.28927491397491384], [0.29828215118215134, 0.2778558219558222, 0.15305351870351872, 0.27080850815850815], [0.23537907092907104, 0.300637481962482, 0.20182164224664237, 0.26216180486180496], [0.2053109279609281, 0.29835139121284654, 0.1820951084862849, 0.31424257233994063], [0.2676186924186925, 0.24923235375735386, 0.20191834554334553, 0.2812306082806083], [0.23027888418770795, 0.2951349261849262, 0.21377070152070146, 0.2608154881066648], [0.2672674325674327, 0.25666834276834277, 0.1677843600843601, 0.3082798645798646], [0.2652251007162773, 0.2636192235868707, 0.16258066508654753, 0.3085750106103046], [0.32797752606870256, 0.23246524782407152, 0.14719459151959163, 0.2923626345876346], [0.2128801215124745, 0.28479453242835595, 0.23564997698380055, 0.26667536907536915], [0.2511319765600254, 0.27254233408867556, 0.1923364150754395, 0.28398927427585985], [0.1871021312021313, 0.28139991119991115, 0.21123866688866696, 0.32025929070929066], [0.25877407612712483, 0.22832530112164273, 0.18968014356916799, 0.3232204791820646], [0.21792813020313026, 0.2883425241425244, 0.2088886946386948, 0.2848406510156513], [0.23875925740925746, 0.2503010101010102, 0.16603973803973815, 0.34489999444999436], [0.17899392633510294, 0.34283564964447305, 0.19311840381840395, 0.2850520202020203], [0.21699418359418376, 0.2982751332001331, 0.17183377733377744, 0.3128969058719059], [0.24294276834276834, 0.2787468975468975, 0.1806230380730382, 0.29768729603729616], [0.26250639523874836, 0.24070509327274048, 0.19987761127761133, 0.29691090021089994], [0.23685205350205374, 0.25081530136530145, 0.22716667776667787, 0.28516596736596733], [0.19592134254634264, 0.240968278943279, 0.24263979076479078, 0.3204705877455877], [0.21771105561105566, 0.2722262229600464, 0.23683802308802318, 0.273224698340875], [0.23596195471195477, 0.2938853757353757, 0.15360555555555566, 0.316547113997114], [0.2571553613053614, 0.28974445276945276, 0.17272051559551563, 0.2803796703296705], [0.22979156954156943, 0.2830057831057832, 0.17916403596403596, 0.3080386113886115], [0.22711987754792637, 0.28457953022587185, 0.21712920006822453, 0.2711713921579777], [0.214492352295401, 0.3017638708852123, 0.23347600881503344, 0.25026776800435346], [0.18972215839715847, 0.2793585692085695, 0.22422423409923425, 0.3066950382950384], [0.25309556913674575, 0.27595194805194817, 0.1754090017825313, 0.2955434810287753], [0.21065591993690996, 0.26643058472692616, 0.19637699116601576, 0.3265365041701482], [0.30197948717948714, 0.2010212842712844, 0.13539351204351205, 0.3616057165057166], [0.2514397491397493, 0.2959884310134309, 0.14951692751692758, 0.30305489232989236], [0.19438303958683223, 0.3301374786204508, 0.21800650313738568, 0.25747297865533153], [0.21308303363303369, 0.2965610492448728, 0.2234757631257632, 0.2668801539963306], [0.21646353809589108, 0.2587641825494768, 0.2002244755244756, 0.32454780383015674], [0.2100051393051394, 0.3005105172605173, 0.19973322788322792, 0.28975111555111566], [0.25982476020711337, 0.2689860789537261, 0.1579147297147297, 0.3132744311244312], [0.20640297480297504, 0.27925468420468424, 0.21935956265956275, 0.29498277833277836], [0.22252263814616768, 0.3022149850149851, 0.19451877599524672, 0.2807436008436009], [0.1987234876234877, 0.29756703296703285, 0.19476111666111678, 0.3089483627483629], [0.17586085303585308, 0.33993971861471867, 0.22784504384504398, 0.25635438450438447], [0.2291908424908426, 0.3114169885669887, 0.1938912587412589, 0.26550091020091027], [0.17689237429237434, 0.318788578088578, 0.21727703962703973, 0.287042007992008], [0.23890115080997457, 0.3031203304865069, 0.2119011682761683, 0.2460773504273505], [0.33764055944055954, 0.24131887556887555, 0.1551667415917417, 0.26587382339882343], [0.2779872131136837, 0.29818264954000256, 0.16993155537273189, 0.2538985819735821], [0.27387468940273824, 0.28851723973858134, 0.1559581988472232, 0.2816498720114574], [0.21848278943278956, 0.24476197691197704, 0.21037489177489185, 0.3263803418803419], [0.22484409201909217, 0.2571912504162505, 0.19642957597957608, 0.3215350815850816], [0.24388072780877668, 0.2215330267293685, 0.1911923813314058, 0.3433938641304494], [0.3433832628499813, 0.2598074014221074, 0.13583145115977943, 0.26097788456813237], [0.23041875901875902, 0.29567654567654555, 0.2193643856143857, 0.2545403096903097], [0.24032972582972578, 0.2827590909090909, 0.1914426628926629, 0.2854685203685203], [0.290097469197469, 0.26792792207792215, 0.12539690864690864, 0.3165777000777002], [0.22019629814629826, 0.3278097649082943, 0.1976042640366171, 0.2543896729087906], [0.20833899711399717, 0.31116056998557007, 0.13713899988899994, 0.34336143301143296], [0.1835461868540817, 0.32294292374292355, 0.22070889724310783, 0.27280199215988704], [0.21484452769452778, 0.2760798071209835, 0.23011382506382513, 0.2789618401206637], [0.21804341039077899, 0.2902117743367745, 0.23845801873565034, 0.25328679653679664], [0.20822306027306037, 0.2788439948939947, 0.2131650738150739, 0.29976787101787095], [0.2807574043603455, 0.2616816461316463, 0.15118975468975476, 0.30637119481825376], [0.25815044925834413, 0.29112604617604626, 0.1691597852439959, 0.2815637193216141], [0.21237862529627238, 0.2782804378627909, 0.24171926961926968, 0.26762166722166736], [0.25395769528574424, 0.23665499642633808, 0.19981569412971867, 0.3095716141581994], [0.24905009157509161, 0.2860031218781217, 0.17871703574203582, 0.2862297508047509], [0.237893249440618, 0.2935729437229439, 0.15449258519258527, 0.3140412216438531], [0.21691519334324214, 0.33039643554277687, 0.18654923558826017, 0.26613913552572116], [0.18878457653457667, 0.2790061965811967, 0.22000583583083588, 0.3122033910533911], [0.24512635697635707, 0.24096564269064286, 0.19604841269841275, 0.3178595876345875], [0.21088177378177397, 0.2649698242933539, 0.21393076041605466, 0.31021764150881803], [0.2771551948051949, 0.2942619547119549, 0.17201972471972476, 0.25656312576312584], [0.27622005678045847, 0.21061612255511122, 0.19953495819898262, 0.3136288624654478], [0.2342910573087046, 0.3004914490738022, 0.16867182817182824, 0.29654566544566546], [0.2293453926792163, 0.2714002136752136, 0.22178878066378077, 0.2774656129817897], [0.21915268342768354, 0.31145619658119666, 0.17813906371406385, 0.29125205627705636], [0.2348293123543125, 0.2674682206682208, 0.22710982905982918, 0.27059263791763805], [0.3407422965922965, 0.17794343989344005, 0.16321830946830956, 0.318095954045954], [0.2611936119436119, 0.30775166026783674, 0.16201258512729108, 0.2690421426612603], [0.21293614718614723, 0.29652250527250557, 0.23318226218226223, 0.25735908535908547], [0.20153383283383283, 0.2716105644355646, 0.21498197080697093, 0.31187363192363193], [0.33585709845709855, 0.251570757020757, 0.12326723831723832, 0.2893049062049063], [0.2742284640196406, 0.2372835295423531, 0.17011574536574534, 0.3183722610722609], [0.20798302253302273, 0.247664235764236, 0.236827861027861, 0.30752488067488054], [0.20977706182706202, 0.27330396270396273, 0.21842121212121224, 0.2984977633477633], [0.23787774725274724, 0.2624964368964371, 0.21905983183483188, 0.2805659840159841], [0.25387960372960394, 0.31499069819069836, 0.1503016816516817, 0.2808280164280163], [0.3021807607854824, 0.22164461061814, 0.15199197665080033, 0.32418265194557777], [0.22318025030525043, 0.2715214119214121, 0.19213393550893565, 0.3131644022644022], [0.1684742257742258, 0.30897749831867494, 0.2193822308410544, 0.3031660450660453], [0.23364183953301615, 0.2956656506891803, 0.15850237017884092, 0.3121901395989631], [0.24167220198102563, 0.2982172605172606, 0.16759823313940966, 0.29251230436230435], [0.2576558670088083, 0.24510805583305592, 0.22340321622821638, 0.2738328609299198], [0.14680816960816964, 0.33496116220380945, 0.22393393714129012, 0.29429673104673104], [0.19959807414807423, 0.3091136252636251, 0.17700183705183703, 0.3142864635364637], [0.296288295038295, 0.27631515984015964, 0.16601330058830072, 0.2613832445332448], [0.2211915306915308, 0.3038504384504383, 0.23991948051948067, 0.2350385503385505], [0.18283532023532031, 0.26525974858474854, 0.25309995282495296, 0.29880497835497843], [0.24646829836829842, 0.3140298534798534, 0.21559802419802424, 0.22390382395382408], [0.2436475468975469, 0.260091058941059, 0.1953544233544234, 0.30090697080697076], [0.26025044400044395, 0.28745724275724277, 0.15986673326673329, 0.29242557997557994], [0.2028165556665557, 0.31008812576312567, 0.19129913974913984, 0.29579617882117887], [0.24490252268057147, 0.2502641789105205, 0.17805389204291647, 0.32677940636599195], [0.21327857224474886, 0.2845889554889556, 0.2106988059326296, 0.2914336663336664], [0.2454746170496171, 0.2458392274392276, 0.20834551837051846, 0.30034063714063713], [0.23506587856587868, 0.2734867795603088, 0.22745109922756976, 0.26399624264624266], [0.2002114460702698, 0.2714519154048565, 0.1967232871703461, 0.33161335135452774], [0.22912319624819621, 0.289867390942391, 0.1981806887556888, 0.2828287240537241], [0.25499314019314023, 0.2707735708735709, 0.17229299311799323, 0.30194029581529597], [0.21127445054945068, 0.3161817959817961, 0.2257648767898768, 0.2467788766788767], [0.18451321178821195, 0.3329294788544791, 0.19775255300255304, 0.2848047563547563], [0.15700530025530032, 0.3087464646464645, 0.2021589244089244, 0.3320893106893107], [0.18026164391164398, 0.2469602786102787, 0.28599849317349324, 0.28677958430458433], [0.22719091186591212, 0.23937452269952278, 0.2566114663114663, 0.27682309912309916], [0.23678811743811748, 0.26290513375513364, 0.1877270063270064, 0.31257974247974263], [0.3216983435263922, 0.20560916366432866, 0.16780740797143248, 0.304885084837847], [0.3140269952269952, 0.2202843545343546, 0.1634474747474748, 0.30224117549117546], [0.216840173715174, 0.24417763070263054, 0.23750637973137978, 0.3014758158508159], [0.22960879120879124, 0.2559310633810635, 0.22145664613164612, 0.2930034992784991], [0.25229599044746104, 0.2631482767232767, 0.2335824960986726, 0.25097323673058985], [0.23603676878676894, 0.2243383116883117, 0.18333918858918868, 0.3562857309357307], [0.3121551357139591, 0.24090715558950868, 0.1551564510652746, 0.2917812576312577]]}, "rewritten": {"ids": ["97107040", "97107950", "97109080", "97109570", "97116410", "97116790", "98106560", "98106680", "98108580", "98116090", "98119591", "99107560", "99109161", "99109311", "99111930", "99117630", "100107920", "100109311", "100111390", "100113210", "100115700", "100117420", "101108500", "101109120", "101109370", "101111140", "101111310", "101111990", "101112690", "101114990", "101117580", "102110500", "102110690", "102116500", "103111990", "103113170", "103113260", "103113270", "103117200", "103120730", "104111830", "104111990", "104113550", "104114240", "104114410", "104114740", "104116980", "104118340", "105110091", "105110251", "105112100", "105113480", "105115720", "105116860", "105117431", "105118230", "105119550", "106111321", "106112770", "106113170", "106113830", "106115240", "106115250", "106116820", "106119990", "106120290", "107112840", "107113170", "107113200", "107113550", "107114110", "107117630", "107120260", "107121230", "108113620", "108113740", "108114200", "108114360", "108115870", "108116481", "108117610", "108118060", "108118301", "108119510", "108121190", "108121410", "109113591", "109114651", "109115070", "109115211", "109116170", "109116441", "109117150", "109117630", "109118231", "109118701", "109119591", "109120150", "109120540", "110114950", "110115120", "110118111", "110118181", "110118301", "110119891", "110120190", "110120531", "110120540", "110121140", "110121450", "111114941", "111115620", "111115770", "111116010", "111116110", "111116530", "111116750", "111118820", "111121351", "112116451", "112116610", "112116900", "112117571", "112118421", "112118810", "112119320", "112119930", "112119950", "112120630", "113117630", "113118490", "113118630", "113118820", "113119360", "113120260", "113120780", "113121010", "113121190", "113121220", "113121410", "113121980", "113122430"], "labels": [2, 2, 2, 0, 3, 2, 1, 1, 0, 0, 1, 1, 3, 1, 1, 3, 0, 1, 2, 0, 1, 2, 3, 1, 1, 2, 3, 2, 1, 3, 3, 3, 0, 1, 2, 3, 3, 2, 0, 1, 3, 2, 1, 0, 1, 2, 1, 2, 0, 0, 1, 0, 1, 2, 1, 1, 1, 0, 1, 0, 1, 1, 2, 1, 0, 2, 1, 0, 0, 0, 1, 0, 1, 0, 3, 3, 0, 1, 3, 0, 3, 1, 1, 1, 1, 0, 3, 3, 0, 0, 0, 3, 2, 0, 1, 3, 0, 2, 1, 0, 0, 1, 1, 1, 3, 3, 0, 1, 3, 3, 0, 1, 3, 1, 3, 3, 3, 0, 0, 0, 1, 3, 3, 3, 3, 1, 1, 0, 3, 0, 1, 3, 0, 0, 3, 0, 2, 1, 3, 0, 2, 2], "predicted_labels": [3, 2, 3, 0, 3, 3, 1, 1, 3, 1, 0, 3, 3, 1, 1, 3, 0, 0, 3, 3, 3, 3, 1, 3, 3, 0, 1, 1, 3, 3, 3, 3, 3, 3, 3, 1, 1, 3, 1, 3, 3, 3, 3, 1, 1, 1, 1, 3, 0, 0, 3, 3, 3, 1, 1, 3, 3, 3, 3, 1, 3, 1, 3, 1, 3, 1, 1, 3, 3, 3, 3, 3, 3, 3, 3, 3, 3, 1, 3, 0, 3, 3, 0, 3, 1, 3, 3, 3, 1, 3, 3, 0, 1, 3, 1, 1, 3, 1, 3, 3, 3, 3, 1, 3, 3, 0, 3, 1, 3, 3, 3, 3, 3, 0, 3, 3, 3, 3, 0, 1, 3, 1, 3, 3, 0, 3, 1, 3, 3, 3, 3, 3, 0, 3, 0, 1, 1, 3, 1, 3, 3, 1], "confidence_scores": [[0.20177623487623494, 0.24394299034299038, 0.25358909978910005, 0.30069167499167515], [0.19686693306693318, 0.2530520035520037, 0.29422347652347636, 0.25585758685758697], [0.2422005752417518, 0.26904679046443747, 0.2166919857919858, 0.27206064850182515], [0.31243966311466304, 0.22914894549894577, 0.17340036075036094, 0.2850110306360306], [0.2270759962259964, 0.25914462759462753, 0.24480824175824187, 0.2689711344211345], [0.20522771950271962, 0.2757465145965146, 0.224533325008325, 0.2944924408924411], [0.16410590243090256, 0.2995076118326119, 0.26681143856143874, 0.2695750471750472], [0.20338334998335006, 0.31018288459906096, 0.2103160173160174, 0.2761177481015719], [0.23502159507159506, 0.25511211288711305, 0.22756333388833397, 0.2823029581529582], [0.18223513986013998, 0.28499072871572867, 0.2634002414252415, 0.26937388999889006], [0.33190164835164826, 0.2315381285381287, 0.15904982239982254, 0.27751040071040073], [0.228875285825286, 0.24990099900099907, 0.2291861249861251, 0.2920375901875901], [0.2742336108336108, 0.28193331472449107, 0.14531679562267802, 0.29851627881922], [0.2316748140748141, 0.3078407833996069, 0.20557539878422243, 0.2549090037413569], [0.17528694638694642, 0.32152437562437564, 0.21417384837384826, 0.2890148296148297], [0.23837429237429233, 0.2475194527694529, 0.1973382173382174, 0.31676803751803756], [0.3391731160995868, 0.23853111333111338, 0.17903148322265974, 0.24326428734664043], [0.3332490481740483, 0.2715641858141859, 0.12717892107892118, 0.26800784493284496], [0.2063628094128095, 0.2752519591519593, 0.20818788433788443, 0.310197347097347], [0.23445018315018326, 0.2581496412084648, 0.1973922446834212, 0.31000793095793105], [0.2395170796523739, 0.26215879202496867, 0.2293725282887048, 0.2689516000339531], [0.2420656085744321, 0.24956482210599878, 0.2403770784770786, 0.26799249084249077], [0.23503558386058396, 0.27472125652125645, 0.21595078255078284, 0.27429237706737736], [0.2516812321665265, 0.26394711367064316, 0.16882526444144091, 0.31554638972138976], [0.24226284630402273, 0.27081363228275007, 0.1989527470895118, 0.28797077432371554], [0.30817655809103167, 0.24749347874347874, 0.14756528719818196, 0.29676467596730755], [0.25471674392858595, 0.2843584665334668, 0.21812656656209292, 0.24279822297585463], [0.2063384892884893, 0.28473855311355317, 0.2472729076479077, 0.2616500499500499], [0.22362958152958162, 0.2707713342213343, 0.21405360750360758, 0.29154547674547676], [0.19518523502641152, 0.28727242545036674, 0.22280699431287687, 0.2947353452103453], [0.2293151820401822, 0.23915064298446673, 0.21738921078921092, 0.31414496418614063], [0.28114088431893325, 0.19063403405537563, 0.18551590225492678, 0.3427091793707647], [0.21710026003408367, 0.2705834479246244, 0.1975533771783771, 0.3147629148629148], [0.23838564213564234, 0.2405610861360864, 0.21884727217227246, 0.3022059995559994], [0.23838545898545893, 0.25211063936063943, 0.18628970473970483, 0.3232141969141967], [0.2340760933510934, 0.31050245310245317, 0.16536956099456104, 0.29005189255189273], [0.21062266622266626, 0.28819015429015404, 0.2413996891996892, 0.2597874902874904], [0.2290363166643654, 0.22891428158562313, 0.24647680246582707, 0.29557259928418483], [0.1577202242202243, 0.3667944999444997, 0.21961872571872573, 0.25586655011655024], [0.24414547478665127, 0.26605131877925997, 0.20476150369238616, 0.2850417027417029], [0.21210183150183137, 0.2964533855033855, 0.1821152514152514, 0.30932953157953164], [0.22934706404706412, 0.2702504162504165, 0.22706835386835394, 0.2733341658341658], [0.31572893217893216, 0.1992911477411478, 0.15786601731601738, 0.32711390276390284], [0.21314912309912318, 0.2913348226936462, 0.2048856976356978, 0.2906303565715332], [0.21997342657342664, 0.2969232919041741, 0.2043005411255412, 0.2788027403968579], [0.18395175380175388, 0.2855703629703629, 0.258430818364642, 0.27204706486324143], [0.18627870462870472, 0.32582732822732813, 0.22923034188034197, 0.25866362526362546], [0.18170571095571103, 0.28993147963147964, 0.20554565434565444, 0.3228171550671552], [0.3078130980130979, 0.2575622932622934, 0.15194666803784454, 0.2826779406867642], [0.3042521536052023, 0.2608143620607035, 0.15262853406755844, 0.2823049502665356], [0.24644799171416826, 0.2045741861080098, 0.22162217227217226, 0.32735564990564975], [0.2105133116883117, 0.28931753801753807, 0.1633750804750806, 0.33679406981906984], [0.21438092185592192, 0.27051944166944164, 0.2029349234099236, 0.3121647130647132], [0.2522604562104562, 0.29028359973359974, 0.19625783660783666, 0.2611981074481076], [0.2044974671527305, 0.3155555631503, 0.2048016233766235, 0.27514534632034654], [0.18042126207126233, 0.2695917637917639, 0.2065412309912311, 0.34344574314574317], [0.2237197829947831, 0.2925749619661386, 0.17346761930879587, 0.3102376357302825], [0.24579257213374872, 0.2672278125469303, 0.16439777326216962, 0.3225818420571516], [0.20066856085091392, 0.24907619047619067, 0.25231023176170253, 0.29794501691119335], [0.24377281052281063, 0.2995788211788211, 0.16039269619269633, 0.2962556721056722], [0.2562597791097791, 0.24520628652393361, 0.1570924999836765, 0.3414414343826108], [0.1924844148541518, 0.30111157804184135, 0.2201178876678878, 0.2862861194361194], [0.1856589208177443, 0.2923233607895374, 0.18049065934065936, 0.3415270590520591], [0.21744118381618385, 0.3069057387057389, 0.22765348540348548, 0.2479995920745922], [0.24125810300810308, 0.2553653929403932, 0.17772740592740607, 0.3256490981240981], [0.2311077505827507, 0.2909735153735156, 0.19673987678987687, 0.28117885725385716], [0.19257586465821763, 0.34900656467715274, 0.2142402741049802, 0.2441772965596497], [0.22501764346764358, 0.2467959762459763, 0.18944629814629813, 0.33874008214008233], [0.23289914807414816, 0.26441509046509065, 0.1835668331668334, 0.3191189282939286], [0.22974118659118653, 0.23626048951048953, 0.24761623931623936, 0.28638208458208464], [0.25355341880341886, 0.21422347652347662, 0.19637974802974817, 0.33584335664335657], [0.2667855061605062, 0.20949612609612608, 0.18976222666222672, 0.33395614108114124], [0.23674222999223005, 0.26737763347763366, 0.17579779664779668, 0.3200823398823402], [0.2092017482517483, 0.2799731962481962, 0.18785894938394948, 0.322966106116106], [0.23342254412254435, 0.2579343600843602, 0.19297397602397615, 0.31566911976912004], [0.23684938692743576, 0.26044148689665186, 0.1856190935081181, 0.31709003266779456], [0.20928795648795656, 0.26152387612387623, 0.2269229492729493, 0.3022652181152181], [0.2223687815452522, 0.296022862105215, 0.19158951326451337, 0.2900188430850195], [0.23873468467062828, 0.2349447455660872, 0.1828613684846034, 0.3434592012786817], [0.340413875013875, 0.22984599289599303, 0.13103129093129107, 0.29870884115884144], [0.18718070263070272, 0.2516052392052393, 0.21188619436119444, 0.34932786380286385], [0.23106849261849283, 0.2243723665223666, 0.1870386502386503, 0.3575204906204905], [0.2920366855366855, 0.2586459271121037, 0.17075055630643876, 0.2785668310447725], [0.2563662726162728, 0.25401399156399157, 0.16262432567432575, 0.32699541014541], [0.21160406260406284, 0.2850811327561326, 0.2450466505716508, 0.25826815406815423], [0.27262546342546345, 0.2699098623598624, 0.1222986790986791, 0.33516599511599504], [0.26056558441558453, 0.288097768897769, 0.14720659895659902, 0.30413004773004776], [0.28624184704184713, 0.22271933621933646, 0.14493633588633598, 0.34610248085248074], [0.19078977493095148, 0.36685903263403247, 0.20155578898225954, 0.24079540345275663], [0.29235972165089813, 0.24104534354534377, 0.14660009565597812, 0.3199948391477803], [0.24269192196692196, 0.29122215839715826, 0.17395465645465663, 0.2921312631812633], [0.32335547263194325, 0.2299298090798092, 0.12857603311720964, 0.3181386851710381], [0.24696629257081204, 0.30418643165777304, 0.21151417701937808, 0.23733309875203737], [0.2589187090687092, 0.2678115495615496, 0.1687617687867688, 0.30450797258297274], [0.24774131424131446, 0.32922942612942596, 0.14999660339660345, 0.2730326562326564], [0.28074274614274614, 0.29350030247530257, 0.16694453046953062, 0.25881242091242096], [0.2826132256632257, 0.2187359390609391, 0.18424635560517919, 0.31440447967065616], [0.22988119103119112, 0.27669023199023224, 0.2259435675435677, 0.26748500943500964], [0.27368957781984127, 0.24432570134543827, 0.17403404373404377, 0.307950677100677], [0.22242430069930083, 0.2580924519924521, 0.2086668664668666, 0.310816380841381], [0.2171436344701051, 0.25297180482915776, 0.23345719003219012, 0.29642737066854713], [0.2276880982161471, 0.27123574704826525, 0.1710633255832325, 0.3300128291523558], [0.268966638916639, 0.3041970584970586, 0.16379967809967813, 0.26303662448662457], [0.2782244008024497, 0.25575043987178137, 0.15130462464364916, 0.31472053468212], [0.28668509823509813, 0.26024701964701963, 0.144544882894883, 0.3085229992229992], [0.2811456154956155, 0.25945182040182047, 0.20995514485514497, 0.2494474192474193], [0.26084701964701973, 0.26106269841269847, 0.16685788655788658, 0.31123239538239533], [0.24320895215895214, 0.298197519147519, 0.19661299256299258, 0.2619805361305363], [0.2613186452436454, 0.24503947441447446, 0.20117312687312686, 0.29246875346875345], [0.21338440419229912, 0.258182808857809, 0.1850696642538749, 0.3433631226960173], [0.2452587886368375, 0.3083126257251437, 0.13738901863802766, 0.3090395669999913], [0.22148684926184936, 0.2630074120324119, 0.2071343267843268, 0.30837141192141165], [0.2488512517293006, 0.22258003527637693, 0.17895174419076873, 0.3496169688035542], [0.2816530358530359, 0.2575024392274394, 0.2167337939837941, 0.24411073093573085], [0.2347679350459838, 0.26982606702240874, 0.20632283976186444, 0.2890831581697437], [0.24965427174849703, 0.20344110264038545, 0.2389821373270443, 0.30792248828407365], [0.30275441310495493, 0.20247606723342032, 0.1524517127609234, 0.3423178069007017], [0.25810139305139307, 0.2753710483960485, 0.16354598179598184, 0.30298157675657694], [0.3290332972582972, 0.27337544677544673, 0.16598851703851702, 0.23160273892773903], [0.28041194361194355, 0.2896867493617494, 0.1445835886335887, 0.28531771839271863], [0.2456411505161506, 0.24138927461427484, 0.18498070263070265, 0.3279888722388722], [0.23933033837507522, 0.2941299679852311, 0.19169224664224674, 0.2748474469974469], [0.24868295593295603, 0.2910588134088136, 0.15961708454943754, 0.30064114610879306], [0.25887287793905445, 0.26648661338661345, 0.16144916668299022, 0.3131913419913419], [0.26193685408159095, 0.25320994274902936, 0.23205940725940732, 0.25279379590997236], [0.22629426406926426, 0.24973592796092808, 0.18327132034632035, 0.34069848762348764], [0.24457979242979247, 0.29404471084471095, 0.1961613220113221, 0.26521417471417486], [0.25404692646534766, 0.23336690706953864, 0.16882147837542574, 0.343764688089688], [0.30366413586413593, 0.21532642161759807, 0.15697757928346184, 0.3240318632348044], [0.24067606253395737, 0.28927828511357917, 0.17951926351082712, 0.2905263888416366], [0.22952939414386792, 0.2526843600843601, 0.18957128120417602, 0.3282149645675962], [0.19464992229992234, 0.2632239982239981, 0.22331234517116877, 0.3188137343049109], [0.31196781551781555, 0.2465031551781552, 0.1481961205461206, 0.29333290875790885], [0.26022397635044714, 0.1983461776785308, 0.18365720194837853, 0.35777264402264386], [0.2878106782106782, 0.2428374181374182, 0.18961963591963604, 0.27973226773226784], [0.24629865710170595, 0.296603059474401, 0.17488683132585575, 0.28221145209803755], [0.19322286324786342, 0.3322085275835275, 0.16507779442779452, 0.30949081474081463], [0.23588256743256758, 0.24389286269286264, 0.19523489288489304, 0.3249896769896771], [0.23464732314469164, 0.30493336663336673, 0.20321518481518475, 0.257204125406757], [0.19558235098235097, 0.2975027028527029, 0.13954249639249644, 0.36737244977244965], [0.23342417027417037, 0.2583362193362196, 0.15344776334776344, 0.35479184704184685], [0.19458075062192723, 0.3262503558532968, 0.20830402228490472, 0.2708648712398712]]}}