{"test": {"ids": ["103112470", "108118060", "100116500", "107115250", "103109641", "100112060", "111116040", "107118820", "111120320", "104111380", "110116300", "110114920", "99107640", "112118860", "97107950", "99111930", "98116090", "99107630", "98112300", "101109370", "113118231", "112118550", "112121360", "99108330", "103111110", "101112201", "105115900", "105115720", "108115880", "112117571", "109119450", "111120190", "110118880", "113122170", "106114321", "107113260", "110116170", "111116010", "103117461", "102116500", "100109980", "103120290", "108118810", "98120010", "111117571", "111119250", "108115070", "99111620", "101111310", "97107821", "97105451", "105116980", "112118421", "109115220", "113119480", "109116040", "105112240", "99107560", "113122230", "110121140", "111116110", "110116290", "104116441", "97105960", "98110810", "99120010", "108120060", "99107950", "106118520", "112116810", "113118870", "103112641", "103113210", "106114280", "101109000", "109119460", "101112690", "112116990", "112120670", "104111531", "110115250", "112118890", "105112130", "101110200", "111118810", "105120621", "111117000", "101112160", "110118930", "112118880", "112121430", "113119360", "109114651", "109118701", "104119340", "110113931", "110117140", "105113170", "112116401", "100111620", "106115120", "109119340", "109113931", "105115250", "97116401", "112120630", "111121351", "112118511", "101111620", "101121640", "107121700", "112117471", "97109570", "112119580", "108117360", "106121220", "107113200", "99109840", "109117150", "98110710", "105117351", "102113350", "107113360", "99117630", "105116501", "113120260", "101108080", "103110840", "103111620", "110118301", "105113620", "112117580", "105113210", "112121030", "105118171", "104113240", "111119340", "108120621", "102110050", "108121410", "104116800", "110119891"], "labels": [1, 1, 2, 2, 1, 2, 0, 3, 1, 3, 3, 3, 1, 3, 2, 1, 0, 2, 2, 1, 3, 3, 3, 1, 3, 0, 3, 1, 3, 3, 3, 3, 0, 1, 2, 0, 0, 1, 0, 1, 1, 2, 1, 2, 3, 1, 1, 3, 3, 2, 0, 0, 3, 3, 3, 0, 1, 1, 1, 3, 3, 2, 1, 2, 1, 2, 1, 1, 2, 3, 0, 3, 3, 3, 1, 1, 1, 0, 2, 0, 1, 3, 1, 2, 0, 1, 0, 3, 1, 1, 2, 0, 3, 3, 1, 1, 3, 0, 0, 3, 1, 3, 1, 2, 3, 3, 0, 1, 3, 2, 3, 3, 0, 3, 1, 1, 0, 2, 2, 2, 0, 3, 0, 3, 1, 3, 0, 1, 0, 1, 0, 0, 3, 0, 3, 2, 3, 1, 3, 0, 1, 3], "predicted_labels": [0, 3, 2, 1, 2, 0, 3, 3, 2, 3, 1, 1, 3, 2, 2, 0, 3, 0, 0, 2, 3, 0, 3, 3, 0, 0, 0, 1, 3, 3, 3, 3, 3, 2, 1, 1, 0, 2, 3, 0, 0, 0, 1, 2, 3, 0, 1, 0, 2, 0, 0, 1, 3, 0, 3, 3, 3, 1, 2, 0, 3, 0, 3, 0, 2, 1, 0, 1, 2, 0, 3, 3, 2, 3, 3, 3, 3, 2, 1, 3, 1, 2, 1, 1, 3, 0, 0, 1, 1, 0, 2, 0, 3, 0, 1, 3, 0, 1, 0, 1, 3, 3, 3, 3, 1, 0, 0, 1, 0, 3, 1, 0, 2, 0, 2, 3, 3, 2, 1, 1, 3, 1, 0, 3, 3, 0, 0, 3, 1, 3, 2, 0, 1, 0, 0, 1, 3, 0, 3, 1, 3, 1], "confidence_scores": [[0.5337160252223657, 0.004749442833415857, 0.4114291013537331, 0.050105430590485264], [0.11907127725582688, 0.0024301580521053547, 0.021112616292656095, 0.8573859483994117], [0.12981713108165555, 0.00884993477778857, 0.5990955323117073, 0.26223740182884864], [0.017399630176991938, 0.46450988914846986, 0.3196740794314167, 0.19841640124312143], [0.008110221947370839, 0.16356281492973326, 0.5304534625245011, 0.2978735005983948], [0.5508155172889284, 0.1460527499253842, 0.07344063157930625, 0.22969110120638128], [0.05358844980446193, 0.006306244769787299, 0.00035238019239482957, 0.939752925233356], [0.004977956865373245, 0.36270561085156744, 0.018563517404260047, 0.6137529148787993], [0.12212383119973347, 0.24863986719192105, 0.3756078564262354, 0.25362844518211014], [0.1114367751147625, 0.3836003343129006, 0.06536846645355955, 0.4395944241187774], [0.007791286795375023, 0.9448313074819311, 0.005493610978206509, 0.041883794744487245], [0.1893920322057772, 0.7596724009794199, 0.04810273689539485, 0.002832829919408046], [0.1129815388816599, 0.09322643971341545, 0.07022821840298155, 0.7235638030019431], [0.17097278545052536, 0.021906774062364475, 0.7913827367195497, 0.01573770376756044], [0.000341267565865542, 0.00022574358226763044, 0.9082641829101612, 0.0911688059417056], [0.5841722431605111, 0.051048631017671056, 0.34407035598075103, 0.02070876984106689], [0.0006074735305035308, 0.0649783453983575, 0.006207162397383352, 0.9282070186737557], [0.6474963029638193, 0.14162256228232784, 0.0015503005013677864, 0.20933083425248508], [0.9335945569252987, 0.010774208779931852, 0.02003774920878325, 0.035593485085986226], [0.03989971929672655, 0.004462642596761774, 0.9554711532683589, 0.0001664848381529843], [0.017738196977042302, 0.20647937151787166, 0.29428884796563093, 0.48149358353945493], [0.7180880262696371, 0.016893004039209677, 0.017939809760118188, 0.24707915993103508], [0.10459768428403293, 0.017452578677140278, 0.25402250679851685, 0.6239272302403099], [0.005772519561485082, 0.00010558550669825897, 0.03552073845171191, 0.9586011564801048], [0.9792194230111269, 0.0017156975921410861, 0.016113386199006614, 0.0029514931977256504], [0.7293990980763556, 0.11296726082751216, 0.01905044506402935, 0.138583196032103], [0.48716600412661315, 0.3476533896610062, 0.03576967784319378, 0.12941092836918686], [0.3109348484882705, 0.5441119486465135, 0.08336581783575056, 0.06158738502946542], [0.005666083106974541, 0.027451194215512502, 0.000519463819027291, 0.9663632588584856], [0.00913848486687412, 0.08535062530366944, 0.008728014688595603, 0.8967828751408607], [0.3076347071767841, 0.03852272364449483, 0.19787988650964206, 0.455962682669079], [0.010142019584034727, 0.010534200080340108, 0.04429678829728723, 0.935026992038338], [0.025547300233906355, 0.0036541165858505246, 9.406165094487777e-05, 0.9707045215292981], [0.07739614372161309, 0.004224072611962056, 0.9116412020287661, 0.006738581637658858], [0.02296459314063808, 0.947319396770716, 0.002034807937491531, 0.027681202151154344], [0.053955727294682336, 0.9154800566049438, 0.028753694767627958, 0.0018105213327459316], [0.8870169875741448, 0.018845589565972175, 0.03601798177936264, 0.05811944108052042], [0.00034573647966585854, 0.054926595009098966, 0.9410505642732964, 0.003677104237938788], [0.01367730423974311, 0.28591644178894493, 0.00200047362767559, 0.6984057803436363], [0.40888440008880045, 0.3341261562343252, 0.23740480113969478, 0.019584642537179515], [0.52498301346639, 0.0257389028240573, 0.1738560645753491, 0.27542201913420344], [0.572093801192292, 0.07692741735661887, 0.2654163858706181, 0.0855623955804709], [0.0018609252621720439, 0.9199384118547997, 0.00260544480844654, 0.07559521807458158], [0.001347118633571911, 0.014100519727895446, 0.9217209015676607, 0.06283146007087193], [0.06170138871258564, 0.01811646133538518, 0.001549522743940895, 0.9186326272080884], [0.6109057979916956, 0.00291661106064141, 0.023864923074903614, 0.36231266787275934], [0.026657300643407215, 0.9647585390807027, 0.0012742001269378427, 0.007309960148952092], [0.938290604917196, 0.05838087659221914, 0.0029459535620967236, 0.0003825649284882658], [0.1842434147143084, 0.009946026728784169, 0.7600868373170805, 0.04572372123982689], [0.36272629954718344, 0.34016467560071795, 0.02592038875018973, 0.27118863610190885], [0.7905944960885364, 0.11929867187095902, 0.000442070985372324, 0.08966476105513228], [0.008655120843218756, 0.9113310289545511, 0.0017022513466230871, 0.07831159885560698], [0.38232114756786073, 0.1372861070217765, 0.00013974464193798936, 0.48025300076842464], [0.9038695839805676, 0.014553899860840066, 0.0023328806648738477, 0.07924363549371854], [0.328074644577925, 0.004956490064743819, 0.01375574299820033, 0.6532131223591308], [0.04823531309790844, 0.05701702237997149, 0.00765566456651237, 0.8870919999556077], [0.025479600778212513, 0.07854250342140873, 0.0011769466118928729, 0.8948009491884859], [0.011530500339730507, 0.9659494475135567, 0.008997723521098611, 0.013522328625614035], [0.003039459203113936, 0.021104976399591052, 0.9441855430638613, 0.0316700213334338], [0.7178309756225445, 0.2021022500496243, 0.009456409130393913, 0.07061036519743721], [0.043861649301254614, 0.0011519027598554485, 0.03328246683826532, 0.9217039811006247], [0.6325633381586536, 0.25335390006776165, 0.01657414400014302, 0.09750861777344168], [0.0016719957169739294, 0.48620651464459835, 0.001274573996567455, 0.5108469156418602], [0.9191721235700515, 0.0026463498084327085, 0.012482657191087333, 0.06569886943042857], [0.004008030966041487, 0.01243917212292865, 0.9818626090237874, 0.0016901878872424292], [0.013562621051115263, 0.9221166653851757, 0.002239030130155578, 0.062081683433553345], [0.9589308023907801, 0.010863269060688576, 0.014777020495307144, 0.015428908053224225], [0.030460514531056623, 0.5491594763677945, 0.41890170611747546, 0.0014783029836734996], [0.000461325961505309, 0.18848781925884708, 0.8108402623618568, 0.0002105924177907653], [0.6194016296827108, 0.024815651725919582, 0.3546422447448344, 0.0011404738465352906], [0.037643114171957794, 0.2565984760116096, 0.0006245107995844178, 0.7051338990168482], [0.26808759788630576, 0.017718369300520013, 0.0113482722618501, 0.7028457605513241], [0.0205212932632034, 0.11066583690163077, 0.7284531660928022, 0.14035970374236365], [0.12251041615697049, 0.15859308134444572, 0.3247749575971833, 0.39412154490140044], [0.02192357198096534, 0.14673660680973624, 0.007097041939317031, 0.8242427792699814], [0.0379701488553134, 0.02716616505978408, 0.02926571109332315, 0.9055979749915795], [0.17166879791511566, 0.0019220307193962244, 0.022644392363557208, 0.8037647790019308], [0.016391179547366255, 0.036865959816890274, 0.8167164054632227, 0.1300264551725209], [0.055722820788049146, 0.8948271090705532, 0.0030605619532751436, 0.04638950818812264], [0.03524583499481361, 0.33371051377422595, 0.07113611926669612, 0.5599075319642642], [0.004371081942303892, 0.9881500673372354, 0.0014771001925285043, 0.006001750527932289], [0.005847099639438824, 0.250892580831844, 0.7063585953327306, 0.03690172419598672], [0.008642890965894837, 0.7626681936361391, 0.058137126072043264, 0.1705517893259228], [0.0006346486235450492, 0.8222103389956519, 0.014126495291428919, 0.16302851708937424], [0.14410208632297264, 0.006563155990545854, 0.01790691992141193, 0.8314278377650696], [0.6679189904785657, 0.0016526521012274278, 2.217640369295945e-06, 0.33042613977983754], [0.7657981706726728, 0.21317476399960272, 0.0013922274293267367, 0.019634837898397827], [0.021040667859477634, 0.592997016055087, 0.2596334442637884, 0.12632887182164695], [5.488539154960529e-05, 0.9899917744228626, 0.007404910050994822, 0.0025484301345930866], [0.9268444003332017, 0.0008702637360015041, 0.026600509915202113, 0.04568482601559465], [0.05462712444757986, 0.17327753513258892, 0.5354219554100245, 0.2366733850098067], [0.8781468066382752, 0.002491137978644423, 0.030688021099655006, 0.08867403428342543], [0.41833727541312926, 0.121792784748966, 0.007764126296972219, 0.45210581354093266], [0.4360389138310808, 0.3780216757804463, 0.18411880330095118, 0.0018206070875216034], [5.2884611236833124e-05, 0.9605106698913666, 6.155372988106241e-05, 0.039374891767515414], [0.06692893367055391, 0.0008860669783171258, 0.11048446314349822, 0.8217005362076308], [0.5008140369070765, 0.09280476010882727, 0.007568460256544103, 0.3988127427275521], [0.025120639755280734, 0.6231481566815631, 0.06762615318974251, 0.28410505037341366], [0.5628493211104907, 0.0003844642849644326, 3.26040511746444e-05, 0.43673361055337034], [0.003102759109002185, 0.8904008713994979, 0.08054708061664469, 0.02594928887485518], [0.0332463576329622, 0.1450140576883106, 0.0028845990926829354, 0.8188549855860443], [0.00993421861834841, 0.046899278248014785, 0.02081864676055758, 0.9223478563730793], [0.09149876416942904, 0.04556256492770114, 0.14077842247718683, 0.722160248425683], [0.04795446405295563, 0.02611378595611906, 0.01795604934912941, 0.907975700641796], [0.0006250713045837274, 0.9952448447637561, 0.0018148822042650195, 0.00231520172739531], [0.8514004356138959, 0.006916866873838189, 0.0009437759495648215, 0.14073892156270104], [0.9642297432271877, 0.015232289890629766, 4.081640666958734e-05, 0.020497150475513138], [0.03787727368106089, 0.819322649886468, 0.10037175381772886, 0.04242832261474216], [0.5954459844523946, 0.384925655224607, 0.012790770978866774, 0.006837589344131585], [4.7697899962311326e-05, 0.18666416747964604, 0.0004830582197646111, 0.812805076400627], [0.010546019476665221, 0.9720997495021643, 0.004173011179635316, 0.013181219841535207], [0.9190692444051706, 0.011434804679577748, 0.020200586265696055, 0.049295364649555785], [0.3133713498102467, 0.16411120861603667, 0.34370769395049106, 0.17880974762322546], [0.7519468222379468, 3.8163626434176356e-05, 0.0004676206902022962, 0.24754739344541676], [0.2669624820624251, 0.010113137672451162, 0.7145411270197145, 0.008383253245409283], [0.0019530486246046145, 0.08245238887166947, 0.027218144446098335, 0.8883764180576277], [0.30019205145878225, 0.02996141219538392, 0.0017816273570631634, 0.6680649089887706], [0.005445689745938124, 0.3505820469384819, 0.6359140004758149, 0.008058262839765153], [0.000545431302176829, 0.9977886119106787, 0.0005091788217150404, 0.0011567779654294238], [6.0452274744216937e-05, 0.4908221200957098, 0.3602217559427579, 0.1488956716867881], [0.1524372291847923, 0.34150712828900465, 0.02530924667802635, 0.4807463958481769], [0.03301116860542866, 0.780433469940567, 0.04311777641468521, 0.14343758503931903], [0.9902993071039428, 0.0048922186402024555, 0.00045079291149663304, 0.0043576813443580165], [0.07714757486470321, 0.25750924090102195, 0.07332631044000902, 0.5920168737942658], [0.10323992155470371, 0.41691231341799906, 0.006217033374122682, 0.4736307316531745], [0.7208841287571507, 0.01751151592689802, 0.061865587587287954, 0.19973876772866334], [0.7743521371305963, 0.13262513026319078, 0.008162103972254675, 0.0848606286339585], [0.03077688700518822, 0.4274440633948692, 0.06703933998768952, 0.47473970961225326], [0.01325412322142977, 0.967551346706413, 0.007406326124635718, 0.011788203947521524], [0.006197765738814049, 0.045588080437131986, 0.00017936862947631472, 0.9480347851945776], [0.0005304284914379613, 0.028131444817928144, 0.92855854729224, 0.042779579398394], [0.655048520740462, 0.0015319631286967374, 0.0018579807925002887, 0.3415615353383408], [0.07406439045319714, 0.8791897208774472, 0.0025914216839150804, 0.04415446698544044], [0.7301919285193534, 0.0027714852280263345, 0.11855259851773203, 0.14848398773488827], [0.866131652335637, 0.08317513700283775, 0.0018257466929403954, 0.048867463968584844], [0.001519515570675352, 0.9946646788509007, 0.003751998593468607, 6.380698495531146e-05], [0.04915427510963404, 0.02217550104397772, 0.29813458019773803, 0.6305356436486501], [0.6745532016614518, 0.17307892849106912, 0.04662770822936231, 0.10574016161811671], [0.0006112442629170279, 0.011492100220373067, 0.07518718223643385, 0.9127094732802761], [0.002009323363750233, 0.5025168942609566, 0.0018680269478350193, 0.49360575542745816], [0.40516070977534197, 0.07804566406545797, 0.011789389700962992, 0.5050042364582371], [0.020220840937283272, 0.9788208948518268, 0.000767369753859075, 0.0001908944570306733]]}, "rewritten": {"ids": ["97105451", "97105960", "97107821", "97107950", "97109570", "97116401", "98110710", "98110810", "98112300", "98116090", "98120010", "99107560", "99107630", "99107640", "99107950", "99108330", "99109840", "99111620", "99111930", "99117630", "99120010", "100109980", "100111620", "100112060", "100116500", "101108080", "101109000", "101109370", "101110200", "101111310", "101111620", "101112160", "101112201", "101112690", "101121640", "102110050", "102113350", "102116500", "103109641", "103110840", "103111110", "103111620", "103112470", "103112641", "103113210", "103117461", "103120290", "104111380", "104111531", "104113240", "104116441", "104116800", "104119340", "105112130", "105112240", "105113170", "105113210", "105113620", "105115250", "105115720", "105115900", "105116501", "105116980", "105117351", "105118171", "105120621", "106114280", "106114321", "106115120", "106118520", "106121220", "107113200", "107113260", "107113360", "107115250", "107118820", "107121700", "108115070", "108115880", "108117360", "108118060", "108118810", "108120060", "108120621", "108121410", "109113931", "109114651", "109115220", "109116040", "109117150", "109118701", "109119340", "109119450", "109119460", "110113931", "110114920", "110115250", "110116170", "110116290", "110116300", "110117140", "110118301", "110118880", "110118930", "110119891", "110121140", "111116010", "111116040", "111116110", "111117000", "111117571", "111118810", "111119250", "111119340", "111120190", "111120320", "111121351", "112116401", "112116810", "112116990", "112117471", "112117571", "112117580", "112118421", "112118511", "112118550", "112118860", "112118880", "112118890", "112119580", "112120630", "112120670", "112121030", "112121360", "112121430", "113118231", "113118870", "113119360", "113119480", "113120260", "113122170", "113122230"], "labels": [0, 2, 2, 2, 0, 3, 2, 1, 2, 0, 2, 1, 2, 1, 1, 1, 2, 3, 1, 3, 2, 1, 3, 2, 2, 0, 1, 1, 2, 3, 3, 3, 0, 1, 2, 3, 3, 1, 1, 1, 3, 0, 1, 3, 3, 0, 2, 3, 0, 2, 1, 1, 1, 1, 1, 0, 3, 0, 2, 1, 3, 1, 0, 0, 3, 1, 3, 2, 1, 2, 1, 0, 0, 0, 2, 3, 3, 1, 3, 1, 1, 1, 1, 1, 0, 1, 3, 3, 0, 2, 3, 3, 3, 1, 1, 3, 1, 0, 2, 3, 3, 1, 0, 1, 3, 3, 1, 0, 3, 0, 3, 0, 1, 3, 3, 1, 0, 0, 3, 0, 3, 3, 0, 3, 1, 3, 3, 1, 3, 3, 3, 2, 0, 3, 2, 3, 0, 0, 3, 3, 1, 1], "predicted_labels": [0, 0, 1, 2, 0, 1, 2, 2, 0, 3, 2, 1, 0, 0, 1, 3, 2, 0, 0, 3, 1, 3, 1, 1, 2, 0, 3, 2, 3, 2, 0, 1, 0, 3, 3, 1, 1, 1, 1, 1, 0, 1, 0, 0, 3, 1, 0, 3, 3, 1, 1, 0, 1, 2, 3, 1, 1, 2, 3, 3, 3, 3, 1, 0, 0, 0, 1, 1, 3, 2, 3, 3, 1, 0, 3, 3, 1, 1, 3, 2, 3, 1, 0, 0, 1, 3, 0, 0, 3, 1, 2, 3, 3, 3, 3, 1, 1, 0, 0, 1, 0, 3, 3, 1, 1, 1, 2, 3, 3, 0, 3, 3, 0, 0, 3, 2, 0, 0, 0, 2, 0, 1, 0, 3, 0, 0, 3, 0, 0, 0, 0, 1, 0, 3, 2, 2, 1, 3, 3, 0, 0, 2], "confidence_scores": [[0.911616390835246, 0.03167162805896542, 3.425106296004681e-05, 0.056677730042828355], [0.969215291181917, 0.00010062720318268614, 0.0003568764904128499, 0.030327205124487625], [0.002720239531344887, 0.7196534017320784, 0.0053459604549253815, 0.2722803982816514], [0.0004933284071894115, 0.09233820001265843, 0.7386943621542494, 0.1684741094259026], [0.9062714140735075, 0.004926933721009078, 0.07438391358551472, 0.014417738619968572], [0.002949592208091213, 0.9916007304805917, 0.0011720323348019782, 0.004277644976515056], [0.0015988952111324825, 0.36449701010905217, 0.44300750002087097, 0.19089659465894435], [0.0003004300272888057, 0.00037874686695377446, 0.9991603856875888, 0.0001604374181685511], [0.9420759883106979, 0.0007571944931954722, 0.02523740798178714, 0.0319294092143194], [0.0007831436601193723, 0.3738606971262319, 0.006119714218134999, 0.6192364449955138], [0.0019147211609515974, 0.008326850550312587, 0.9126024994366733, 0.07715592885206253], [0.2794486025386481, 0.35746392095596924, 0.1083892340591042, 0.2546982424462784], [0.9854461704723065, 0.00646253886075292, 0.0012803499933195933, 0.00681094067362093], [0.3908527214211142, 0.3493218585639681, 0.0038537679990252576, 0.25597165201589245], [0.008021568898375055, 0.8258916397008988, 0.16064236347981223, 0.005444427920913836], [0.19682560885517394, 0.012395188253444721, 0.08578327823427191, 0.7049959246571094], [0.0930099640824319, 0.012892099218235684, 0.8486187127652214, 0.045479223934110996], [0.9562447594056258, 0.034975098383379595, 0.007341027358402528, 0.0014391148525918576], [0.6537900772049602, 0.08914521605221197, 0.19705253622960292, 0.060012170513225], [0.06175358362313345, 0.1391698161959486, 0.060256729538163405, 0.7388198706427546], [0.36509193991968825, 0.4592460182897696, 0.16158281907859298, 0.014079222711949073], [0.3171270893487998, 0.04985025159420249, 0.2087737874994318, 0.42424887155756597], [0.002553343420832876, 0.9149111833894396, 0.06901662535766431, 0.013518847832063469], [0.04582751719447322, 0.9070052819599835, 0.031193055381878734, 0.015974145463664706], [0.38957882642106184, 0.003449452156802957, 0.5983471672870061, 0.008624554135129187], [0.8188024830299532, 0.15914476059358498, 0.0010996265271018368, 0.020953129849359993], [0.06821244832369137, 0.07272329803401584, 0.007986564910140007, 0.8510776887321527], [0.10107436713873091, 0.0010492992282290917, 0.8976909897006742, 0.00018534393236575438], [0.025702835145222126, 0.32568706862306585, 0.014399576203589958, 0.6342105200281221], [0.021784722476467573, 0.1618402548546584, 0.6137351763835389, 0.20263984628533505], [0.4768347483233168, 0.4662436288508888, 0.04699949666237632, 0.009922126163418159], [0.012125747411327416, 0.6608039981662276, 0.12621235182125576, 0.20085790260118933], [0.6525250087880429, 0.09267334651948986, 0.006174623349403333, 0.24862702134306397], [0.17422631761107304, 0.00912130881722549, 0.4051249866334406, 0.41152738693826085], [8.850647309959198e-05, 0.49547820763154776, 0.0003413293564186565, 0.504091956538934], [0.01147562851421904, 0.6714696249420123, 0.10409279411259365, 0.21296195243117488], [0.0018486738508968466, 0.9687430665836716, 0.0010480677619096642, 0.028360191803521985], [0.3253538332632682, 0.4046706116619338, 0.24946296896861359, 0.020512586106184342], [0.0006655077923715634, 0.9860060547826508, 0.002430436474960792, 0.010898000950016685], [0.08450296472360162, 0.5736221597808416, 0.059515000091998144, 0.28235987540355867], [0.9843088102176936, 0.0015574688129448558, 0.01410114802490462, 3.257294445687097e-05], [0.007503787396523864, 0.9739068325321452, 0.017878221391192915, 0.0007111586801380395], [0.9305939888318936, 0.0006502249736729313, 0.021083739420500146, 0.04767204677393342], [0.6563127006547337, 0.01235183228508411, 0.023660095056366553, 0.3076753720038157], [0.01822953729145319, 0.008103844357998413, 0.20078432493144666, 0.7728822934191018], [0.0002386907757187743, 0.9940679890836542, 0.00020219679738959633, 0.005491123343237386], [0.7394739370102222, 0.24443294354142592, 0.006637867053846182, 0.009455252394505662], [0.07992514711134344, 0.3497461796731077, 0.05900824050326233, 0.5113204327122866], [0.03551150823120257, 0.25907418425380935, 0.10938169255305846, 0.5960326149619297], [0.0013117925741141514, 0.9985129777728982, 0.00017473908870918486, 4.905642783555296e-07], [0.0028251704748152233, 0.8016035773158414, 0.001323390503731227, 0.1942478617056122], [0.9610254792897039, 0.00022672755898643554, 0.002122275286756268, 0.036625517864553245], [0.0005408038251845576, 0.9664988140326924, 0.00014709686967434097, 0.03281328527244874], [0.008536490170498196, 0.42356480338554336, 0.5524013543409613, 0.015497352102997203], [0.02241811536313147, 0.1768755560881687, 0.007106005131984225, 0.7936003234167156], [0.03898583716687335, 0.6363149902719593, 0.0709720675855933, 0.2537271049755741], [0.1371174318138169, 0.8563751398505238, 0.0008496617070994913, 0.005657766628559726], [0.00019563549407374944, 0.02484735606235764, 0.9725268892523624, 0.002430119191206137], [0.0022548905808472447, 0.033351693822196445, 0.011209075571566978, 0.9531843400253893], [0.3502416695999164, 0.023317093432733166, 0.06838834117518433, 0.5580528957921661], [0.2051085721608719, 0.0011938638929652528, 0.18585852624479024, 0.6078390377013726], [0.004923754573751267, 0.1099792020861032, 0.0006804322810332897, 0.8844166110591122], [0.013490026314203532, 0.838795923867551, 0.003792059765400061, 0.14392199005284553], [0.40739086438380645, 0.27312324084759354, 0.027639660509851616, 0.2918462342587484], [0.9881894520282916, 0.004110030691586527, 0.004167640825294775, 0.0035328764548271077], [0.474142636435073, 0.062009078106064965, 1.7539164692401313e-06, 0.4638465315423927], [0.02792068666539551, 0.6528319019377402, 0.24273904664539422, 0.07650836475147003], [0.05499920573811137, 0.9106548903203534, 0.017805339642157428, 0.016540564299378016], [0.04551699432295243, 0.2153636496067356, 0.004830511370712084, 0.7342888446996], [0.002297240804576288, 0.11661535263953941, 0.8808348312012791, 0.00025257535460528296], [0.002918509301150641, 0.050670980601920254, 0.21545169227799768, 0.7309588178189315], [0.24740483238780722, 0.010991605219922972, 0.0012155907156262192, 0.7403879716766436], [0.0002515174167085761, 0.9989390545690902, 0.0006279899902678907, 0.0001814380239333251], [0.8912365525414152, 0.04930196519411289, 0.00042483513260178316, 0.05903664713187012], [0.02028749305071098, 0.3783378503939425, 0.1801336569158002, 0.42124099963954625], [0.00021619017447436662, 0.07335239861407448, 0.038606208912805334, 0.8878252022986457], [0.018713234999761876, 0.8875644659827884, 0.07580914461019012, 0.017913154407259706], [0.24003126637349104, 0.3744005655263949, 0.0633332278508497, 0.3222349402492643], [0.003780953884556692, 0.021240945752829605, 0.00243437724600907, 0.9725437231166045], [0.015334313627254077, 0.014727658068680708, 0.9509718408764856, 0.01896618742757953], [0.11783264366172921, 0.00045081365671554354, 0.022015057227730693, 0.8597014854538246], [0.030166688962247255, 0.49966080761299364, 0.007581358571472826, 0.4625911448532862], [0.9903004392534862, 0.003407423690608365, 0.0010812228845964035, 0.005210914171309125], [0.75928227090527, 0.06327464741454815, 0.0507917608171881, 0.1266513208629939], [0.005091488019762721, 0.5884338787906774, 0.002754747539114073, 0.40371988565044586], [0.2030578499923644, 0.050312065342107054, 0.2160099097099666, 0.5306201749555619], [0.78055217305727, 0.021773773767681748, 0.000924399976548791, 0.19674965319849938], [0.9250546565675388, 0.049326675128371994, 0.0008126489162546854, 0.024806019387834572], [0.0468430857418705, 0.010691440516454482, 0.008249648381646378, 0.9342158253600287], [0.0004742940528507012, 0.8869453180609531, 0.10702472021776131, 0.005555667668434872], [0.0682205761837349, 0.056375494100580265, 0.8734758691986775, 0.0019280605170073782], [0.15066496349348033, 0.1494123713317788, 0.016805188252107084, 0.6831174769226338], [0.0015062950763126799, 0.001294878774458261, 0.2353382816639091, 0.7618605444853199], [0.0001556762537112819, 0.0006520793203407126, 0.006382548920218858, 0.9928096955057292], [0.3530955065029071, 0.00812523331304281, 0.007212455009495397, 0.6315668051745548], [8.591819433175585e-06, 0.9999800587902957, 1.0727389699749218e-05, 6.220005711958987e-07], [0.004140929649912558, 0.5825594421143815, 0.03545579166343147, 0.3778438365722745], [0.7154320862694817, 0.03407554367408684, 0.05843454907964178, 0.19205782097678956], [0.8209482530926105, 0.06305482366788769, 0.03889452085879066, 0.07710240238071098], [0.004976603445457721, 0.6868125917180475, 0.0024233570105310605, 0.3057874478259637], [0.6762635061119798, 0.012443987937836192, 0.019024509168394703, 0.29226799678178933], [0.013919121524824806, 0.1107426870889725, 0.00040381986513770256, 0.874934371521065], [0.1137596652201799, 0.017551678323332816, 0.00016294686611019948, 0.8685257095903771], [0.00021367903846635655, 0.8304790065321968, 0.1637021187947555, 0.0056051956345813], [0.012515613875161041, 0.9873155712366526, 5.0398639308461755e-05, 0.00011841624887796708], [0.011744466095138021, 0.5524043364784843, 0.005919816224279448, 0.4299313812020983], [0.00016235137196107227, 0.034130912793497725, 0.9607409073466724, 0.004965828487868915], [0.053260909894311606, 0.011528210596058859, 0.00026597304676300896, 0.9349449064628665], [0.05253998684038808, 0.00101447891808879, 0.018235183606258688, 0.9282103506352644], [0.6718009645906818, 0.03769936046167781, 0.02238381239093243, 0.26811586255670794], [0.19071721949953788, 0.007663217322566663, 0.12619291644519828, 0.6754266467326971], [0.38963541676897157, 0.00982444355421, 0.003894433112872315, 0.5966457065639461], [0.46957692462836104, 0.026047237013414114, 0.40367825976121063, 0.10069757859701417], [0.7693796903317257, 0.009625158903293022, 0.046408848583877796, 0.17458630218110346], [0.00011077437951207105, 0.011169098326899595, 0.0040702326235364595, 0.9846498946700518], [0.000778017132080179, 0.0007827267184023853, 0.7989942481155676, 0.19944500803394966], [0.952046246775239, 0.022066506902924717, 9.154169004125238e-05, 0.02579570463179529], [0.5805756457246635, 0.015624835456174541, 0.002648363995563132, 0.4011511548235988], [0.5072241533891296, 0.14596503850703677, 0.3378094864095867, 0.009001321694246946], [0.054115369721620524, 0.15432181037405912, 0.41342129236272424, 0.37814152754159613], [0.9429034732196641, 0.016101077944058764, 0.028457069320816993, 0.012538379515459986], [0.0077105316764805466, 0.698946697436654, 0.12741703955454656, 0.16592573133231892], [0.9878005701796562, 0.0021765443121927216, 0.002611208021963729, 0.007411677486187705], [0.005983201942201427, 0.003959530630360831, 0.0011223896458931039, 0.9889348777815447], [0.568038323380573, 0.01666060338733192, 0.3001766073445211, 0.11512446588757401], [0.9744944034776496, 0.00050817349865539, 0.009982087249089257, 0.015015335774605615], [0.30330664945401264, 0.12958331523298322, 0.182830053094111, 0.38427998221889315], [0.8120617896886857, 0.02327696793348714, 0.16232351815259824, 0.0023377242252289585], [0.8799849108843307, 0.0009254881194781941, 0.11716038716105813, 0.0019292138351328383], [0.9893291104969195, 0.00018905590223059954, 0.00025159960912976434, 0.010230233991720227], [0.756145577016516, 0.03864791133743043, 0.0015556125373381682, 0.2036508991087156], [0.06355558163055532, 0.685683335012955, 0.026744532324764113, 0.22401655103172563], [0.7174609674879078, 0.011965713395910104, 0.1464134343700683, 0.12415988474611386], [0.1802680728191096, 0.012275194771836615, 0.022690349518733437, 0.7847663828903203], [0.0647994373848754, 0.295795948346668, 0.5689227739063194, 0.07048184036213721], [0.034489576694404854, 0.006778631255667813, 0.9500300829153159, 0.008701709134611612], [0.0032677603364452638, 0.5393750429205724, 0.0008129325318847826, 0.45654426421109756], [0.37919391679482206, 0.18727472018361732, 0.007269214671723848, 0.4262621483498368], [0.07456748124419985, 0.0003494921157448668, 0.00140109197950598, 0.9236819346605493], [0.6692716944502031, 0.2601117433540671, 0.034384980366769534, 0.03623158182896011], [0.63190093054675, 0.006145509702580572, 0.3608098842983068, 0.0011436754523625168], [0.0017638160933966703, 0.2143070389935771, 0.7822731048084558, 0.0016560401045703243]]}}