{"test": {"ids": ["104116980", "99107660", "109120560", "112118471", "112121360", "112118620", "113120591", "107112840", "103111620", "112118550", "110120560", "113119930", "105112100", "107118780", "106119260", "111120190", "101111310", "102112170", "105115900", "98109570", "99112840", "101110200", "99114890", "110117110", "107120130", "104113380", "112117461", "100111080", "107118520", "99117630", "100110050", "106121190", "109116040", "110116170", "102112250", "100115700", "97116410", "97107681", "107114280", "110116300", "108115250", "108121351", "107116340", "106114321", "102110500", "109118820", "98106680", "98108370", "111117200", "110118301", "101111620", "106121220", "108121410", "105119550", "98107410", "105117431", "111115910", "102111990", "113117630", "98106560", "112116401", "105115570", "104118070", "101111210", "103110840", "112120990", "102113350", "108116120", "104119340", "111118910", "112121430", "108118520", "107112850", "101109000", "99109860", "106115120", "111116110", "106114150", "107114490", "101108121", "99107640", "104118340", "112116640", "106111321", "112118530", "102109910", "109120540", "113120780", "112119580", "104114740", "104113240", "108116481", "97106600", "108114670", "108115870", "112116850", "109113591", "101110150", "97113900", "98107340", "105110091", "103110050", "110118121", "112120540", "100108580", "98110680", "98112170", "112120270", "107115250", "111117571", "103117461", "111120591", "107113260", "109119450", "100109000", "107113360", "113117550", "98116940", "109114720", "112120290", "110120640", "111121220", "113120640", "109120621", "101111990", "101113210", "108117610", "105118740", "110119891", "99113260", "112117431", "102112301", "109114651", "106113170", "112116810", "110113591", "99108710", "100117420", "100109360", "113121950", "102117351", "98116500"], "labels": [1, 3, 1, 1, 3, 3, 0, 1, 0, 3, 0, 1, 1, 1, 1, 3, 3, 3, 3, 1, 2, 2, 2, 0, 2, 1, 0, 0, 2, 3, 3, 2, 0, 0, 0, 1, 3, 3, 3, 3, 1, 3, 3, 2, 3, 3, 1, 1, 0, 1, 3, 1, 0, 1, 3, 1, 2, 2, 0, 1, 0, 0, 2, 2, 1, 2, 3, 1, 1, 0, 2, 0, 1, 1, 2, 1, 3, 1, 3, 0, 1, 2, 0, 0, 1, 2, 1, 0, 3, 2, 2, 0, 3, 3, 3, 0, 3, 1, 2, 0, 0, 3, 3, 3, 0, 2, 3, 0, 2, 3, 0, 1, 0, 3, 1, 0, 3, 2, 0, 1, 0, 3, 0, 1, 2, 3, 3, 1, 3, 0, 0, 1, 3, 0, 3, 0, 2, 2, 0, 3, 1, 2], "predicted_labels": [2, 0, 3, 1, 3, 0, 3, 1, 0, 0, 2, 1, 3, 1, 0, 1, 0, 0, 3, 0, 3, 1, 1, 2, 2, 1, 3, 3, 1, 1, 3, 1, 3, 0, 2, 1, 3, 2, 1, 1, 0, 3, 1, 2, 2, 1, 1, 2, 1, 1, 0, 0, 0, 1, 0, 1, 2, 2, 1, 3, 0, 3, 2, 3, 2, 1, 3, 0, 3, 3, 0, 1, 1, 3, 3, 1, 3, 1, 3, 3, 3, 1, 3, 0, 1, 3, 3, 0, 3, 0, 1, 3, 2, 1, 2, 3, 3, 3, 0, 2, 3, 1, 1, 1, 2, 1, 3, 2, 2, 0, 3, 3, 1, 3, 3, 2, 2, 1, 2, 1, 2, 1, 1, 3, 2, 3, 0, 3, 3, 1, 0, 0, 0, 1, 1, 0, 1, 2, 3, 2, 3, 0], "confidence_scores": [[2.1035396095520376e-07, 5.178557944012367e-05, 0.9770266349477131, 0.02292136911888558], [0.93898854562442, 0.038798596499634734, 0.0009092788377909767, 0.021303579038154167], [3.227289408870239e-05, 0.036872898024866554, 0.2820945884048508, 0.681000240676194], [0.0022938955476225517, 0.9775402984362714, 0.01778872852510074, 0.0023770774910054585], [0.3682510368984259, 0.025750300085930922, 0.0005344912094024754, 0.6054641718062407], [0.8511546160924895, 0.030251949376156204, 0.018585666601160837, 0.1000077679301934], [0.38099091367485544, 0.08192479915474624, 4.418999210754357e-06, 0.5370798681711876], [0.0008751406701902314, 0.9984898826978091, 0.00023455404661961305, 0.00040042258538112904], [0.5823259748135765, 0.3973846519563322, 0.003946323626997821, 0.01634304960309342], [0.8624365546790608, 0.0003473483572115595, 6.872664105403713e-05, 0.1371473703226737], [0.1844112209528249, 0.000695980963862154, 0.7431813551047702, 0.07171144297854273], [0.07398268169548372, 0.8704341789569183, 0.002530678108222956, 0.05305246123937509], [0.0032026660818249625, 0.00248114778344311, 8.454424319689429e-05, 0.994231641891535], [0.09351415351380477, 0.9029791477627049, 0.00018286722350305498, 0.0033238314999871417], [0.7858731225606013, 0.0034622422902008277, 0.09172357696794183, 0.118941058181256], [0.00012243106987565002, 0.9991706078172355, 0.0004692422534763854, 0.00023771885941252288], [0.6012746520032031, 0.14058042923313974, 0.2579954415130096, 0.00014947725064773298], [0.8900678882613017, 0.027016330020152808, 0.07019156181912006, 0.012724219899425356], [0.051916202122681575, 9.0899391849249e-06, 0.28425449601496716, 0.6638202119231664], [0.612137558562735, 0.006975127884605875, 2.530243864520018e-05, 0.38086201111401385], [0.03408305718496906, 0.003941065184438143, 0.42913790924115686, 0.532837968389436], [0.0011231306398931016, 0.9988751518426944, 5.933738831355576e-08, 1.6581800241713503e-06], [1.423374827995214e-07, 0.9959329359285953, 0.0040655722822185, 1.3494517033873793e-06], [2.207962403854863e-06, 0.0013589354100342374, 0.9941640891573897, 0.004474767470172205], [0.03719628359744886, 0.2176460493507892, 0.7451236078956248, 3.40591561370461e-05], [0.08850246979249915, 0.9062514729008865, 0.001670460144753138, 0.003575597161861223], [0.16261698657889836, 0.003205812861441067, 0.28619474141701184, 0.5479824591426486], [0.02418598402187374, 0.002074224639836797, 0.1111525788399357, 0.8625872124983537], [0.0015629958301782922, 0.7572335650301059, 0.0032618812446946147, 0.23794155789502133], [0.024694053991956153, 0.9742774260141766, 0.00039510619149920646, 0.0006334138023680943], [0.001065452909860099, 0.17559489308641799, 0.22564900280421493, 0.597690651199507], [0.05233973286357909, 0.6465652844409913, 0.2879552614952117, 0.013139721200217766], [0.004524778824785377, 0.24944958314209942, 0.06298747410247749, 0.6830381639306378], [0.9106595135616316, 0.023490090442717687, 0.0625696076024563, 0.0032807883931944754], [0.057998794082010724, 0.005672674236081893, 0.9343995444436495, 0.0019289872382580173], [0.1515321945794228, 0.5242979407418067, 0.15161121607549763, 0.1725586486032729], [7.552261644822008e-05, 0.00013507658146289544, 0.004107033250426113, 0.9956823675516627], [1.7663611684031343e-07, 6.737557619945965e-06, 0.9798567836901114, 0.020136302116151795], [0.27710411786211003, 0.37256913021738286, 0.3487503605976159, 0.0015763913228911534], [0.03541143213887486, 0.962621172658737, 0.0019597404856994726, 7.654716688595536e-06], [0.6945936841090828, 0.2988360412144268, 0.006568527521462884, 1.7471550274609937e-06], [1.9198306340564845e-05, 7.324039177997186e-05, 1.8562639092015388e-06, 0.9999057050379703], [0.0017924899057938325, 0.9944515142621876, 0.0002150497997261584, 0.0035409460322925173], [0.09901609042779261, 0.001012754572082706, 0.8521007299642496, 0.04787042503587511], [0.06986119393368306, 0.006521250298537841, 0.4893038043132352, 0.4343137514545439], [0.005232094032649396, 0.8266884387859719, 0.012225684427703524, 0.15585378275367515], [5.670910062455455e-07, 0.978145606289472, 0.019828413026809873, 0.002025413592712033], [2.2869835644930303e-06, 0.05465766940318313, 0.8636578472303894, 0.08168219638286286], [7.1228798940474e-05, 0.9996219217966645, 1.105686267227315e-08, 0.0003068383475322343], [1.167619691602479e-06, 0.9999981865187768, 2.041633171029213e-08, 6.254451998259434e-07], [0.9726268084256264, 0.0004237946928222845, 0.024478475956502165, 0.0024709209250490037], [0.9980148833500925, 0.00038555784381721784, 9.709263644512792e-05, 0.0015024661696451504], [0.9407579568000598, 0.05802807396819719, 6.984488887027016e-05, 0.0011441243428727068], [0.023842979466143808, 0.9517388632878082, 0.00010467410887120001, 0.02431348313717678], [0.9991594769852506, 1.7107463434579518e-07, 0.0008244825711588889, 1.5869368956098722e-05], [0.01801476370357264, 0.8943083676120095, 0.08594466172031469, 0.0017322069641031188], [0.009243423476896906, 0.04560769185289803, 0.9396612938065991, 0.0054875908636058375], [0.014182596180279521, 1.2890748349762353e-05, 0.9857753561647636, 2.915690660686893e-05], [0.03163052169590637, 0.9659172286398198, 0.0021530371719989455, 0.0002992124922749098], [0.04702862982275672, 0.010174918362251192, 0.08489546972611074, 0.8579009820888812], [0.9999351025937336, 1.1149631237751785e-07, 5.897567305216737e-05, 5.8102369018667195e-06], [0.0002567901123549157, 0.0009091011371864648, 0.003929321589286898, 0.9949047871611718], [0.15523806064002452, 0.005463074602250155, 0.8380458029434703, 0.001253061814254947], [0.03410344906281299, 1.206069323101841e-05, 0.0009564167287335232, 0.9649280735152224], [0.0016999541824190925, 0.09347601517036296, 0.8600050691185548, 0.044818961528663014], [0.09671486599660532, 0.9028046195411643, 0.00044844974522314916, 3.206471700715446e-05], [2.443391954633508e-05, 0.0016210013540611792, 0.01722682959429474, 0.9811277351320976], [0.996746868297528, 0.00023182486622480523, 0.0017077614539040727, 0.001313545382343101], [0.011843330186267279, 2.778102765699346e-05, 6.85747209747781e-05, 0.9880603140651009], [0.020742969776614717, 0.025094141875191864, 0.027223814587578606, 0.9269390737606148], [0.9722026775310468, 0.01633715804917634, 0.002018297159696995, 0.009441867260079723], [6.769680644754635e-06, 0.9912956555850292, 0.008677690529557459, 1.9884204768514605e-05], [0.017677274972619436, 0.8579629598108823, 0.0003096529479129103, 0.12405011226858545], [2.764649222685212e-05, 0.0011681209021150998, 0.004075300055418691, 0.9947289325502393], [0.00030417317013956143, 0.002909556837467869, 0.2724401937384743, 0.7243460762539182], [0.04944668109447976, 0.9504037773161944, 3.195500240181148e-06, 0.00014634608908555504], [4.313483421186831e-08, 3.911890769089114e-06, 0.0004788579534123726, 0.9995171870209844], [0.01696973301850424, 0.723558365801737, 0.0008127981341688986, 0.2586591030455897], [0.051343148092320545, 0.021857693329447703, 0.015443750870952485, 0.9113554077072792], [0.05429716686178946, 0.003685145640531753, 0.001142224899807029, 0.9408754625978718], [7.164485466428821e-05, 3.323427255978288e-05, 0.0011505592824054354, 0.9987445615903705], [0.26744442437744753, 0.7254082970751508, 0.0020344560224129613, 0.005112822524988869], [0.24004458570082676, 0.00037730033512521123, 0.15978051753390884, 0.5997975964301392], [0.9184438850854981, 0.010011319993396274, 0.001999805430322082, 0.0695449894907836], [0.0001271947617129999, 0.8743712149536907, 0.1254986156309117, 2.974653684761119e-06], [0.254291433319906, 0.2415023697571651, 0.13459554128371728, 0.36961065563921164], [0.00040469228213206083, 0.17038795934141518, 0.023950448516241885, 0.805256899860211], [0.9003479880449494, 0.020849221696779233, 1.2484273627948283e-06, 0.07880154183090865], [0.0016628971543218515, 0.0002670694084162784, 6.527865497804822e-05, 0.9980047547822839], [0.6735693943408125, 0.002073523628043442, 0.021797577377887588, 0.30255950465325643], [0.0034954708478335656, 0.975553477982182, 0.01634426326464717, 0.004606787905337478], [0.00760158827484089, 1.6552570247685442e-08, 8.790701692632037e-05, 0.9923104881556625], [0.04912890196243737, 0.0014020488255311477, 0.9387106903116422, 0.010758358900389182], [0.0001352615910796888, 0.9998410393354161, 1.443555309281687e-07, 2.3554717973277343e-05], [1.195312177545507e-05, 8.840473550080285e-07, 0.9988901268670021, 0.0010970359638675176], [2.2569399985972583e-05, 0.00031942234544212947, 1.8592595246200886e-07, 0.9996578223286194], [0.0007623613101255998, 0.45516814699890246, 0.0008453787886193254, 0.5432241129023526], [1.9619808964455014e-05, 0.006998003399476465, 0.00036413567552635867, 0.9926182411160326], [0.879330164111668, 0.10103391133852366, 0.019635289386216295, 6.351635921319568e-07], [8.167862860514941e-07, 3.7788828145193345e-08, 0.7231610986461308, 0.27683804677875506], [0.0005263614117977699, 0.049799577138345465, 0.0002060940264135463, 0.9494679674234433], [0.0007320551599415749, 0.8191948762202119, 0.006654321822594009, 0.17341874679725247], [7.624724203758594e-05, 0.9441712731549772, 6.227094635204152e-05, 0.0556902086566332], [0.006798192548897529, 0.9908299864189422, 0.00024330514974055692, 0.0021285158824197264], [0.016883845735020806, 0.038540822342541914, 0.8895716424548656, 0.0550036894675716], [1.8876311268520707e-05, 0.9706930841869255, 0.02927851462929161, 9.52487251441764e-06], [0.020445428346101316, 0.043308427478910894, 0.0024051552847975852, 0.9338409888901902], [0.0003911644504819061, 0.3279606693420435, 0.6706099339093526, 0.0010382322981220015], [0.001992436803831287, 0.16242676716602633, 0.8099219567762539, 0.025658839253888628], [0.9622280538962289, 0.03770141102441236, 6.103263826727958e-05, 9.502441091590302e-06], [0.22015548218211578, 0.29615091774518904, 0.0058386501923946696, 0.4778549498803005], [0.04892369983016426, 0.0761805849494026, 1.068535040009769e-06, 0.8748946466853931], [0.035493949670926526, 0.5805871059227702, 0.06677550453565839, 0.31714343987064486], [0.0038307921395965535, 0.00023909773236644209, 0.33846406696378956, 0.6574660431642475], [0.0051167295945218, 0.0011036555971444349, 0.1349700591113796, 0.858809555696954], [0.001865045055017878, 0.4288106532088599, 0.5359416046151702, 0.03338269712095208], [5.0017692541385715e-05, 0.0003478868095540799, 0.9912038289584771, 0.008398266539427423], [0.0005390743056737423, 0.9987687913025897, 0.00027674047895006844, 0.00041539391278652894], [0.003603971890138667, 0.10067909048064914, 0.891926451352006, 0.003790486277206106], [0.005261160618404242, 0.9766687265554838, 0.017994527901373313, 7.558492473874978e-05], [0.17211164752460054, 0.010298151690774896, 0.4994063419312939, 0.3181838588533308], [0.3343712755581153, 0.6627780514817149, 0.0001590896474524278, 0.0026915833127173815], [0.010938770430833487, 0.9214232692307526, 0.0018907270636312114, 0.06574723327478273], [0.0006297488594889726, 0.003385961015642649, 0.0003426026851945172, 0.9956416874396737], [4.106186739712501e-05, 0.00015786299100901423, 0.9995148911874734, 0.000286183954120685], [0.0020645199343959928, 0.3480399109977209, 0.012972406269116252, 0.6369231627987669], [0.904318586546008, 0.006410254370013534, 1.5450362501140284e-05, 0.08925570872147717], [0.05552789011816819, 1.378399754589724e-05, 0.06045382923974016, 0.8840044966445457], [0.017310965690503836, 0.13202759126706523, 0.0007582082170167697, 0.8499032348254141], [0.18238390437475, 0.8143745213564861, 0.0031437642715497964, 9.780999721417804e-05], [0.9942723485365401, 0.0018295868634821187, 2.2337215947223428e-05, 0.00387572738403041], [0.9959603131583057, 0.000976894741648653, 0.00046406224539963085, 0.002598729854645942], [0.9541036376269553, 0.042377071990640544, 9.652309205213425e-06, 0.0035096380731990218], [0.010654548382131772, 0.989303086897106, 6.942731717074889e-09, 4.235777803032903e-05], [0.008270580244180028, 0.6337876077893225, 0.32355242288494174, 0.03438938908155574], [0.967664251381394, 0.01345292962510542, 1.6164515136881296e-08, 0.018882802828985565], [1.1786100795279705e-06, 0.7769804324349411, 0.00015279277800388618, 0.2228655961769756], [2.7829132690622623e-09, 0.00046324625770118174, 0.9771262541604464, 0.022410496798939215], [0.0569387289029372, 0.0008062303677049102, 0.054067979639871956, 0.888187061089486], [4.257423348874697e-05, 1.1467888020937844e-05, 0.9987312150076505, 0.0012147428708398716], [0.00019767799971784686, 9.289132313832865e-05, 7.188532443735956e-06, 0.9997022421447], [0.8274739051025595, 0.029833237004964878, 0.14195924660308004, 0.0007336112893957291]]}, "rewritten": {"ids": ["97106600", "97107681", "97113900", "97116410", "98106560", "98106680", "98107340", "98107410", "98108370", "98109570", "98110680", "98112170", "98116500", "98116940", "99107640", "99107660", "99108710", "99109860", "99112840", "99113260", "99114890", "99117630", "100108580", "100109000", "100109360", "100110050", "100111080", "100115700", "100117420", "101108121", "101109000", "101110150", "101110200", "101111210", "101111310", "101111620", "101111990", "101113210", "102109910", "102110500", "102111990", "102112170", "102112250", "102112301", "102113350", "102117351", "103110050", "103110840", "103111620", "103117461", "104113240", "104113380", "104114740", "104116980", "104118070", "104118340", "104119340", "105110091", "105112100", "105115570", "105115900", "105117431", "105118740", "105119550", "106111321", "106113170", "106114150", "106114321", "106115120", "106119260", "106121190", "106121220", "107112840", "107112850", "107113260", "107113360", "107114280", "107114490", "107115250", "107116340", "107118520", "107118780", "107120130", "108114670", "108115250", "108115870", "108116120", "108116481", "108117610", "108118520", "108121351", "108121410", "109113591", "109114651", "109114720", "109116040", "109118820", "109119450", "109120540", "109120560", "109120621", "110113591", "110116170", "110116300", "110117110", "110118121", "110118301", "110119891", "110120560", "110120640", "111115910", "111116110", "111117200", "111117571", "111118910", "111120190", "111120591", "111121220", "112116401", "112116640", "112116810", "112116850", "112117431", "112117461", "112118471", "112118530", "112118550", "112118620", "112119580", "112120270", "112120290", "112120540", "112120990", "112121360", "112121430", "113117550", "113117630", "113119930", "113120591", "113120640", "113120780", "113121950"], "labels": [3, 3, 2, 3, 1, 1, 0, 3, 1, 1, 2, 3, 2, 2, 1, 3, 2, 2, 2, 0, 2, 3, 0, 1, 0, 3, 0, 1, 2, 0, 1, 1, 2, 2, 3, 3, 2, 3, 2, 3, 2, 3, 0, 1, 3, 1, 3, 1, 0, 0, 2, 1, 2, 1, 2, 2, 1, 0, 1, 0, 3, 1, 1, 1, 0, 0, 1, 2, 1, 1, 2, 1, 1, 1, 0, 0, 3, 3, 2, 3, 2, 1, 2, 3, 1, 3, 1, 0, 3, 0, 3, 0, 3, 3, 0, 0, 3, 3, 1, 1, 1, 0, 0, 3, 0, 3, 1, 3, 0, 0, 2, 3, 0, 3, 0, 3, 1, 3, 0, 0, 3, 0, 0, 0, 1, 1, 3, 3, 3, 0, 1, 3, 2, 3, 2, 3, 0, 1, 0, 0, 0, 3], "predicted_labels": [0, 2, 0, 3, 3, 2, 2, 2, 2, 0, 1, 3, 3, 0, 2, 0, 1, 2, 3, 0, 1, 1, 3, 2, 3, 3, 3, 1, 2, 1, 3, 3, 1, 0, 2, 0, 3, 0, 0, 0, 0, 2, 2, 0, 3, 3, 1, 2, 0, 3, 2, 2, 2, 2, 2, 0, 0, 3, 3, 3, 0, 2, 0, 1, 0, 0, 3, 2, 1, 0, 3, 0, 0, 1, 0, 3, 2, 1, 2, 1, 1, 0, 2, 1, 0, 2, 2, 3, 0, 1, 3, 0, 3, 1, 2, 0, 1, 2, 0, 2, 0, 0, 0, 0, 2, 3, 1, 3, 3, 2, 2, 3, 1, 0, 3, 1, 0, 0, 0, 2, 2, 3, 0, 3, 1, 1, 3, 0, 3, 2, 1, 3, 1, 0, 0, 2, 1, 3, 3, 2, 3, 2], "confidence_scores": [[0.8554047648551744, 0.04240719813161319, 0.10217372062946184, 1.431638375060722e-05], [9.24130376866579e-09, 1.1624983511199245e-09, 0.9998371953685937, 0.00016279422760413545], [0.5981584227190141, 0.0012983789146727913, 0.4005000277009655, 4.317066534756061e-05], [6.62542210504628e-08, 1.1157557449633424e-07, 4.385037170514526e-05, 0.9999559717984993], [0.01877930575318675, 0.04905883281412667, 0.3823433254405295, 0.5498185359921571], [2.2820269000362484e-05, 0.11839360341603102, 0.8730570383751691, 0.00852653793979952], [4.883569334840138e-05, 6.301129727619295e-07, 0.8730396582791036, 0.12691087591457528], [0.3096737304732397, 7.580555280257364e-06, 0.6903020078348672, 1.6681136612834026e-05], [1.0855714948136528e-05, 0.08958483105039425, 0.8976061898661014, 0.01279812336855637], [0.8116427651018817, 1.0263584728298733e-06, 0.004030745757044807, 0.1843254627826006], [9.143231798795047e-06, 0.9982963433726163, 0.0016911981964034116, 3.315199181401578e-06], [4.031616704271133e-05, 0.00020651725802055542, 4.394850044942583e-07, 0.9997527270899323], [0.026605497321852835, 0.0014675039416324966, 0.010157972221123643, 0.961769026515391], [0.6276830173519943, 0.3410257643290764, 0.03128749425316284, 3.7240657664657218e-06], [0.18500592602562196, 2.985428290396399e-05, 0.5424086692523175, 0.2725555504391567], [0.9157160314867587, 0.07719097708918642, 0.004154949556596496, 0.0029380418674582512], [4.650592966718973e-05, 0.907370379115794, 0.0005150496962949237, 0.09206806525824394], [0.0004839101386996356, 0.00035141904876996756, 0.9930302410976624, 0.0061344297148678804], [0.00821992862436867, 0.022503854889329804, 0.29796837692403316, 0.6713078395622685], [0.6977599758571431, 0.02786404479332472, 0.27437558286415453, 3.9648537756148595e-07], [9.521628415414324e-06, 0.9044801211331126, 0.09549174672919046, 1.8610509281618186e-05], [0.008751848047535855, 0.9899034606612825, 0.000892428932028986, 0.00045226235915254336], [0.00011823849597166496, 0.3975409600116517, 0.0034852962005747115, 0.5988555052918021], [0.002503387144783743, 0.0012169688454902435, 0.9913576435810778, 0.004922000428648362], [0.04080924838166672, 0.013774524105454034, 0.030771914470090048, 0.9146443130427893], [6.016086431354409e-06, 0.0113155731896955, 0.00010914362040925164, 0.9885692671034638], [0.00018001814140813422, 0.0006169261780881771, 0.004164440647224797, 0.995038615033279], [0.0006508660184505433, 0.9185782147521739, 0.08009991815708425, 0.000671001072291193], [5.486468416396575e-06, 0.00030489619053631636, 0.9648967287920188, 0.03479288854902857], [0.002786356729259973, 0.8993388628413517, 0.09453460306323869, 0.0033401773661495605], [0.005733968706391147, 2.570788359935989e-05, 0.014019330212924855, 0.9802209931970847], [7.634111787010496e-05, 0.0007808242738163833, 0.003579209101208068, 0.9955636255071053], [0.009327028435368239, 0.9748186956505673, 0.01556855260598304, 0.0002857233080813716], [0.8374252851569529, 0.0001338867551708506, 0.0010757536480006514, 0.16136507443987552], [0.00015776094304222383, 0.005360997045819932, 0.9944797804295278, 1.4615816101064571e-06], [0.8652942582333415, 3.2217028936662154e-06, 0.13421219081825222, 0.000490329245512696], [0.009404892136619604, 0.016965887675965158, 0.28268898506802154, 0.6909402351193937], [0.6179859134901868, 0.07113617763361853, 0.0841861901023378, 0.22669171877385677], [0.4699703983544296, 0.00335194251816814, 0.28249736246792917, 0.24418029665947313], [0.5080966566738487, 0.008715099078672467, 0.039087000053484325, 0.4441012441939945], [0.702650814727532, 0.00018780127022042132, 0.2971611928036404, 1.9119860715577414e-07], [0.05177877022096845, 6.596596881275052e-05, 0.9470575304743565, 0.001097733335862283], [0.007414999503412723, 0.00013594688850410052, 0.9915520155762131, 0.0008970380318700419], [0.9993184552620119, 0.000308678908252748, 0.00034373790922782085, 2.912792050742366e-05], [1.8085050980203925e-05, 3.5512009509351164e-07, 3.432907403962815e-05, 0.9999472307548851], [2.0502129017224467e-05, 4.4951406368885127e-07, 4.861101815245669e-07, 0.9999785622467375], [0.10885304401889163, 0.7001658654941199, 0.12970457615152128, 0.061276514335467276], [0.0002295736014622987, 0.20506225163611388, 0.716550075339651, 0.0781580994227728], [0.9978443249536789, 0.00013728152033755598, 0.0011951031166099666, 0.0008232904093737415], [0.002940386319308227, 0.004355953908706468, 0.011369362362896186, 0.9813342974090892], [0.007011593131284831, 0.17753508042857805, 0.8132435546192645, 0.002209771820872606], [0.001346362204344321, 0.25050601082749263, 0.7474976607824816, 0.0006499661856814789], [0.050092892334965236, 0.09649008756018758, 0.448642295441289, 0.40477472466355835], [2.9157235610473554e-05, 1.91066361563375e-05, 0.6431821033485103, 0.35676963277972285], [0.0041187489909038566, 2.4334496165090666e-05, 0.9957399358794884, 0.00011698063344243504], [0.9412576852540371, 0.017428261159550273, 0.006911587859525037, 0.03440246572688756], [0.99212055819686, 2.7006290419621076e-07, 2.2606622845985196e-05, 0.00785656511739003], [0.06513795489412698, 0.010202763463384694, 0.0009171829456407541, 0.9237420986968475], [0.005204606524094373, 9.766648748596136e-05, 1.058690617744641e-05, 0.9946871400822423], [0.0018934085177304849, 0.00042830043247957836, 0.0011951477846691117, 0.9964831432651209], [0.772703492554898, 0.00013578298467618424, 0.18093014361359638, 0.04623058084682955], [0.23456131475158876, 0.07919192980872644, 0.6861084708465096, 0.00013828459317519892], [0.9134828677702836, 1.9517101621521154e-07, 1.8604589803404023e-05, 0.08649833246889664], [0.022709746122999783, 0.9379744648553594, 0.01675934181499111, 0.022556447206649774], [0.9990968678555189, 0.00024883983933850803, 1.4391981069207073e-05, 0.0006399003240733895], [0.6515630002667396, 0.3114643035286057, 2.042875678396014e-07, 0.03697249191708682], [0.005437684058374377, 0.006483787291358133, 0.0007667484518837976, 0.9873117801983837], [9.933199073231877e-06, 3.42632246456758e-06, 0.9999849829168393, 1.657561622914371e-06], [0.18437746610188024, 0.8153770462517906, 0.00023683694314915327, 8.650703179980539e-06], [0.6832793125165958, 0.16002328428516227, 0.0003286379963117582, 0.15636876520193022], [0.06980197351427048, 0.003211183069446282, 0.2716491489679769, 0.6553376944483064], [0.9999878917455887, 1.0618471616582656e-07, 7.221130177653226e-10, 1.2001347582115153e-05], [0.9989249024762653, 7.2345735939714566e-06, 0.0010643734799979684, 3.489470142651492e-06], [0.4287066222335044, 0.46372775973734365, 0.0016230427867579508, 0.105942575242394], [0.9862795328174292, 0.0060549509705914, 0.004803711541357032, 0.0028618046706222044], [2.9999285278561694e-10, 0.023637253101148784, 0.014994866475239782, 0.9613678801236185], [0.19296077963142363, 0.02009618566861891, 0.7869183030005287, 2.4731699428695263e-05], [0.017541653196298954, 0.9405244252671741, 0.0026037352562118103, 0.039330186280315274], [6.275273274084166e-06, 0.002181314271442504, 0.9977455597464726, 6.685070881077231e-05], [0.0020254042322430557, 0.8203225818328049, 0.08927733437521286, 0.0883746795597392], [0.00010549472364437197, 0.8847742762998654, 0.11465583628169809, 0.0004643926947923816], [0.9618657891804426, 0.03800767803506728, 5.173032155494189e-05, 7.480246293521937e-05], [0.000399200493991054, 0.034462119354694946, 0.9649532442229276, 0.00018543592838648885], [0.004987126343670992, 0.9949732012648854, 3.195364565770484e-05, 7.718745785863446e-06], [0.9081528360173179, 0.06626172010805623, 0.025424256508907398, 0.0001611873657183441], [6.932956655197795e-06, 1.5929658747128951e-07, 0.9991708014756171, 0.0008221062711402622], [0.13402287310650748, 9.081741450893888e-06, 0.8503145059852475, 0.015653539166794253], [0.04412385884610834, 0.0005292357530527692, 0.00509766977827149, 0.9502492356225675], [0.9739900564672311, 0.00012742961830489958, 7.910829033689328e-05, 0.02580340562412709], [6.915938318482886e-06, 0.5012045954549629, 0.4987862861760514, 2.2024306673942124e-06], [0.0010215016321271256, 4.147853043383276e-06, 8.495965943181977e-06, 0.9989658545488862], [0.778838758801969, 0.2151003802289014, 3.58885838287464e-06, 0.006057272110746783], [5.372603098480244e-05, 0.0001269516773289493, 2.282025007271693e-06, 0.9998170402666791], [0.1362262521639284, 0.7864782753120467, 8.431379452692004e-07, 0.07729462938607969], [0.048255688615026965, 0.0010221196325914828, 0.9482932928978259, 0.0024288988545555805], [0.7358209419212826, 1.5798489774495778e-05, 0.044092287181803774, 0.2200709724071391], [0.22356415900718196, 0.7748657336605527, 0.000598700970347928, 0.0009714063619173899], [0.44916821582714284, 1.9486913554204337e-05, 0.4825839088362704, 0.0682283884230326], [0.9992131323930005, 0.0005495508690213936, 2.246551197459021e-05, 0.00021485122600351924], [0.0003517225021903077, 0.009009954231443228, 0.989387896603382, 0.001250426662984327], [0.7075651339419002, 0.010411725406697768, 1.7520665328780327e-06, 0.28202138858486925], [0.997353829926991, 0.002382280291684695, 1.9269680746519354e-09, 0.00026388785435609783], [0.8316926426893525, 0.13321513401092913, 0.032938624826535146, 0.0021535984731832964], [0.3628261889386092, 0.3422410030939157, 0.2949148057808494, 1.800218662585747e-05], [0.1406389347697215, 5.120976835854514e-05, 0.8592876382352326, 2.2217226687289783e-05], [0.008077321047591601, 0.07931587082493187, 0.0027681667532028194, 0.9098386413742737], [0.00012363080332370658, 0.9998763429258775, 7.320403829384904e-09, 1.895039503607071e-08], [0.00440246635124577, 0.027099733169067733, 0.00011212091762718946, 0.9683856795620592], [0.31531938956142536, 0.005477824240906735, 0.18198530706767788, 0.49721747912999004], [0.003189247052706657, 0.0021540345014161673, 0.942848331119203, 0.05180838732667428], [0.00024375020248964537, 0.003130700246188163, 0.9885124601931452, 0.008113089358176789], [3.2143278776476295e-08, 4.1193328080775147e-07, 0.026451790260168626, 0.9735477656632717], [0.00040531084343144587, 0.823191180023165, 8.3579785963511e-05, 0.17631992934743984], [0.9999808123024476, 8.401310628407267e-08, 6.233264146852901e-06, 1.2870420299334284e-05], [0.0026239117347571787, 0.0017059032611505605, 0.0053872286968594425, 0.9902829563072328], [1.887884420041194e-05, 0.9995753304317998, 7.954174765115155e-07, 0.0004049953065233822], [0.8335647459787658, 0.03598348658582851, 2.720252926611613e-05, 0.13042456490613968], [0.9943979796059563, 2.5503524335227986e-05, 3.37396566620758e-07, 0.0055761794731418795], [0.9996698669431746, 8.807396021890134e-08, 0.00017953707018547737, 0.0001505079126798174], [0.0007811283084982666, 0.0005771164994918708, 0.748781071717421, 0.24986068347458873], [8.100720297974151e-05, 0.26464660011743163, 0.3869598043551687, 0.3483125883244199], [0.02990768768366819, 0.00012481005033756012, 0.0002880107689029512, 0.9696794914970913], [0.9938453673324267, 4.4306444597606735e-05, 2.769689625565763e-05, 0.0060826293267200295], [0.05425349926772056, 4.6061116451632887e-07, 0.1494944084680088, 0.7962516316531062], [0.0009663426222424238, 0.9976634625998673, 0.0005686136862033826, 0.0008015810916869051], [0.00010103105794271237, 0.9739650403358479, 0.025933575046200565, 3.5356000884052337e-07], [0.1850963335397911, 2.4143812854549782e-05, 3.289795275849319e-05, 0.8148466246945959], [0.9865802613221597, 0.008456170215020594, 2.7397099339760426e-06, 0.004960828752885885], [0.013072945220674781, 2.968811538569044e-06, 0.0009280638744592188, 0.9859960220933274], [0.00020820022979600633, 0.123400464675547, 0.8432201596303661, 0.03317117546429086], [0.01659971434065901, 0.9707598117500064, 0.012541853092258498, 9.862081707616447e-05], [0.010046978783455094, 0.08307489299448441, 0.000311153978162254, 0.9065669742438983], [0.0003081711897427096, 0.9996809791160691, 7.864947007205313e-06, 2.984747181024307e-06], [0.5696113988653253, 0.08204546910330696, 0.276988449118203, 0.07135468291316473], [0.6903482505965234, 0.2651389989143885, 0.02980961123844746, 0.014703139250640545], [6.641949794255842e-07, 1.3352969243151715e-07, 0.9998495975533488, 0.0001496047219792005], [0.00530666920760552, 0.759585098842783, 0.23485887418362872, 0.00024935776598270653], [0.0008303842202029633, 0.0008984196231237225, 0.002168666953877245, 0.996102529202796], [0.033477020846611236, 0.14961822092606156, 2.1377334439008946e-05, 0.8168833808928883], [0.0020366016108231684, 0.19170840871302194, 0.7956846912292388, 0.010570298446916005], [0.4240110825956883, 2.1605370473374167e-05, 0.00017949173513395514, 0.5757878202987043], [3.597096833894024e-05, 3.6253926802381016e-06, 0.6003470914006775, 0.3996133122383033]]}}