{"test": {"ids": ["110114561", "109114651", "97112830", "110115980", "110120190", "109114720", "110118810", "98110230", "111120190", "113120540", "98111620", "98107380", "113119320", "100116790", "100110260", "109114030", "101108370", "99108330", "101108500", "100109910", "112119320", "103112641", "101108460", "111120220", "112117431", "104113000", "107121700", "107116980", "98117740", "109117630", "101119591", "113117340", "113119930", "113120531", "110116170", "106116820", "108118301", "106119580", "113118620", "104111531", "97105760", "111118810", "108114270", "104118340", "107118780", "110120700", "97107821", "102109850", "105111990", "109117110", "101119030", "109120621", "105117431", "113119120", "104113380", "107113840", "113119700", "111116530", "111119950", "100120010", "100116500", "103113610", "103110840", "99108890", "109121640", "110117080", "108114040", "111120540", "113118111", "97113260", "112116610", "100108490", "106120290", "110116290", "100117420", "106114321", "98112300", "102114270", "110118111", "108117451", "99108080", "108113480", "107121640", "99108520", "107115140", "106115120", "103120730", "109118701", "99108000", "101108621", "101108580", "113120070", "99105921", "110118880", "113120830", "112119500", "111114171", "105118740", "103120780", "110116300", "102110750", "110121450", "103111930", "97118210", "99109840", "110118181", "107114140", "98111860", "103109791", "111115770", "110114920", "104113170", "97107040", "108118810", "104112201", "113121190", "110119030", "111116100", "107112850", "98120530", "104112470", "108118060", "102110850", "112117471", "109116441", "112118581", "107113200", "110114610", "100108260", "111119580", "98113881", "98107410", "104119340", "105115380", "98107210", "103117200", "103113210", "104113550", "107114780", "108119330", "112117780", "97107920"], "labels": [0, 3, 2, 1, 3, 0, 1, 3, 3, 3, 3, 1, 1, 2, 3, 1, 1, 1, 3, 2, 1, 3, 0, 3, 0, 1, 3, 3, 2, 0, 0, 2, 1, 0, 0, 1, 1, 3, 3, 0, 0, 0, 3, 2, 1, 2, 2, 1, 2, 1, 3, 1, 1, 3, 1, 3, 0, 3, 0, 0, 2, 2, 1, 0, 0, 1, 0, 1, 1, 1, 1, 2, 2, 2, 2, 2, 2, 3, 1, 2, 3, 0, 1, 2, 0, 1, 1, 3, 2, 0, 0, 2, 1, 0, 3, 2, 3, 1, 1, 3, 1, 3, 3, 2, 2, 1, 2, 0, 3, 3, 3, 3, 2, 1, 0, 1, 0, 3, 1, 1, 1, 1, 3, 3, 3, 1, 0, 1, 3, 3, 3, 3, 1, 1, 1, 0, 3, 1, 2, 0, 0, 0], "predicted_labels": [0, 0, 1, 0, 3, 3, 1, 1, 1, 0, 2, 1, 0, 0, 0, 1, 0, 1, 1, 2, 1, 1, 0, 0, 3, 0, 1, 0, 3, 1, 0, 1, 0, 0, 0, 0, 3, 0, 1, 3, 2, 3, 3, 1, 1, 3, 0, 0, 0, 3, 0, 3, 2, 0, 2, 1, 2, 1, 3, 1, 2, 0, 0, 1, 0, 1, 3, 1, 3, 3, 1, 1, 2, 0, 2, 2, 3, 1, 0, 0, 0, 0, 2, 2, 3, 1, 0, 3, 1, 1, 0, 2, 0, 1, 3, 1, 0, 2, 2, 1, 1, 3, 1, 2, 1, 0, 1, 2, 2, 3, 1, 2, 3, 3, 1, 0, 3, 3, 1, 3, 2, 2, 1, 1, 0, 2, 3, 2, 0, 0, 1, 2, 3, 1, 1, 0, 0, 0, 0, 1, 0, 1], "confidence_scores": [[0.9334654348037358, 0.03017122669810354, 0.03627470901569769, 8.862948246303257e-05], [0.9999108797019095, 8.609941835110599e-05, 1.2250941163274246e-08, 3.0086287979167552e-06], [0.04493259306338721, 0.39616942684601286, 0.27241588638189107, 0.2864820937087088], [0.791575070417097, 7.150026343237368e-10, 1.2892259352264686e-07, 0.2084247999453068], [2.853272716175823e-05, 9.449176225154452e-05, 3.434541300511543e-11, 0.9998769754762412], [0.0006763541417033728, 1.4835553974410115e-05, 0.04975256321474621, 0.9495562470895759], [0.046276944347458916, 0.6150459457815608, 0.042605428172084354, 0.29607168169889614], [8.81447462743626e-06, 0.99870256147904, 0.0011878786174337333, 0.00010074542889887468], [6.173683126862458e-05, 0.9984861254041526, 0.0014318505675800185, 2.0287196998900697e-05], [0.9999133729169386, 5.001285991020841e-05, 1.6455204087009402e-09, 3.6612577630856884e-05], [0.19443646629748856, 0.014529040708866334, 0.7785059915273318, 0.0125285014663134], [0.006907157839092393, 0.7236293041741804, 0.05467141771084489, 0.2147921202758824], [0.9998930920918413, 0.00010033466206352653, 7.452194411456774e-08, 6.49872415096619e-06], [0.9604282666891472, 0.036892179928282615, 0.002471467560117011, 0.00020808582245297714], [0.9797875189662928, 2.7096216116356225e-05, 0.0010768821897106154, 0.01910850262788019], [0.003945139999334185, 0.7285553898525143, 0.2317182016547439, 0.03578126849340758], [0.9999546557700075, 7.038613540419397e-06, 2.1534921400253575e-05, 1.677069505174233e-05], [0.12741340584380864, 0.7968603623671184, 0.07554001844399692, 0.00018621334507599652], [1.975772003910966e-06, 0.9999592115891301, 7.505912597245684e-08, 3.87375797401993e-05], [0.00025041915186921224, 2.7184493973711015e-07, 0.9997492941091564, 1.4894034808770191e-08], [7.251518809085325e-09, 0.5174653275151702, 0.4807037272474468, 0.0018309379858641795], [0.2829989794855057, 0.6934224440799724, 0.013590688709529444, 0.009987887724992463], [0.7033687158188191, 0.29660426116387645, 1.8670540244900298e-05, 8.352477059570735e-06], [0.9938020346186165, 0.006159840415306944, 4.98538756864913e-06, 3.3139578507902256e-05], [0.07216508017253721, 0.08774425931175726, 0.0002131978287222892, 0.8398774626869833], [0.5064740175000711, 4.857132107755875e-09, 1.8489593094269352e-08, 0.4935259591532037], [8.185592607352878e-07, 0.5013462253611984, 0.4984901822748899, 0.000162773804650993], [0.6764144360006656, 0.3235845220128445, 9.631809030102619e-08, 9.456683996138799e-07], [0.008117792021396808, 0.0014969975259154938, 0.049638392471295166, 0.9407468179813926], [0.4747081169038621, 0.5251607746024272, 0.0001310426056853651, 6.588802544254483e-08], [0.9816955802542864, 5.5527551144975956e-05, 0.0003714680389094607, 0.017877424155659356], [0.01409786336965939, 0.46402406666843504, 0.0753988178997806, 0.446479252062125], [0.9971274485866907, 0.002866895173297357, 5.501809966987648e-06, 1.544300448736833e-07], [0.9956494162465127, 2.4554407531691738e-05, 0.004309355048233629, 1.667429772196824e-05], [0.9999993169750336, 1.5640394083677842e-07, 4.280293432565076e-07, 9.859168240758942e-08], [0.9999795498301677, 5.771526765307891e-08, 2.219845934967394e-07, 2.017046997109758e-05], [4.59806498515793e-05, 4.474669337638928e-07, 1.462697768438952e-08, 0.9999535572562369], [0.7883252635239035, 0.16178431868840817, 0.049582292738252105, 0.0003081250494361944], [0.024640598821065205, 0.9752552152615971, 1.5837993201060774e-05, 8.834792413643034e-05], [0.02739938404935836, 0.0029294797206415426, 0.02695345352111437, 0.9427176827088858], [0.09882166259849602, 0.0001092451805159814, 0.7768936542109377, 0.12417543801005035], [0.00017590488095309758, 1.0579370333786877e-07, 1.2356103734261e-09, 0.9998239880897332], [0.12408333434330482, 0.009007509840001135, 0.0008036129599645953, 0.8661055428567296], [0.0027623153105994064, 0.9958089330287864, 0.0010815990473516796, 0.0003471526132624204], [0.0010384921816629514, 0.8754001399237443, 9.700916039467333e-07, 0.123560397802989], [0.0032251836725174367, 0.18052600703340987, 0.002974073710163533, 0.8132747355839091], [0.6834357945777396, 0.005803818601052429, 0.0006424929589827933, 0.3101178938622252], [0.5736717032234818, 0.027307501797295856, 0.39901461934122295, 6.175637999417167e-06], [0.7753693449305852, 0.1949487781498808, 9.196681383260141e-05, 0.029589910105701504], [0.04005238446502159, 0.05838945782275754, 0.00019393628207775435, 0.9013642214301432], [0.9835672540039893, 0.009737532571102502, 8.451838981667994e-08, 0.006695128906518587], [0.004163404127259965, 0.0003589121496517849, 0.00022960779022917723, 0.9952480759328591], [8.174935037863556e-05, 0.015144313366283328, 0.9843735184858164, 0.0004004187975215503], [0.5088012745507979, 0.0036737346748262826, 0.002884511113923883, 0.48464047966045193], [0.35034895537988847, 0.1625761683061595, 0.4840713949865068, 0.003003481327444973], [0.00014011193688333464, 0.9998572712969277, 8.675684673080946e-07, 1.749197721631151e-06], [9.8915148200892e-06, 0.0010003375446651702, 0.9989896387606001, 1.3217991456347704e-07], [0.20056159543748853, 0.7992652765079197, 0.0001731213110853999, 6.7435063162912755e-09], [0.33171435446340236, 0.0020583388246044874, 0.0023460525075201404, 0.6638812542044731], [5.641396151270603e-06, 0.8625086910175983, 0.13747746961402288, 8.197972227435883e-06], [0.0005774226233954297, 0.21571944879657698, 0.7454152980830072, 0.038287830497020454], [0.9968867896237453, 6.082788945938743e-07, 0.00025418939604364063, 0.0028584127013165056], [0.8112916211178827, 0.15837982857741376, 0.02828988964265598, 0.002038660662047655], [4.6535991011134647e-10, 0.9995794225674556, 1.5169525388514252e-07, 0.00042042527193032417], [0.672801959930788, 0.0007203357706319623, 0.31246144458406155, 0.01401625971451864], [7.247710632126747e-08, 0.9851379318157446, 0.014673709274548686, 0.00018828643260044938], [9.61698907629188e-05, 0.00012859297752171786, 0.0005925041574464007, 0.999182732974269], [0.0002488021739320576, 0.9829195627891261, 0.016637665063717465, 0.00019396997322439273], [0.3392790320527979, 0.0033347703621242984, 0.0001800156820203793, 0.6572061819030575], [0.00030889580315816053, 0.01833612687078608, 0.03373622385492016, 0.9476187534711356], [0.2631064503481365, 0.698720944637417, 0.0011551684990573354, 0.037017436515389336], [0.010682719056661062, 0.984816670791606, 0.0029121300459049033, 0.001588480105828012], [0.00027622981068149135, 0.08268597666306951, 0.9161473685754555, 0.0008904249507934539], [0.9989679591046742, 6.830416439870255e-05, 0.0009624513263230993, 1.285404604026138e-06], [3.5097816194163873e-14, 2.1590051281207486e-12, 0.999977600496179, 2.2399501626812676e-05], [0.35420544595624154, 9.732481876943042e-05, 0.5713925721204992, 0.07430465710448991], [0.33583520468210837, 0.030255562301498378, 0.07215102596297082, 0.5617582070534225], [3.74859548136765e-08, 0.9999999381533617, 2.4298505595224696e-08, 6.217749550998911e-11], [0.993959632943424, 0.004935077287262678, 7.292929068120932e-05, 0.0010323604786321625], [0.9998487118471389, 2.4487468033954793e-09, 3.973513948543254e-11, 0.00015128566437927325], [0.9660843846381194, 0.0007635712413146994, 1.843843298108517e-05, 0.03313360568758482], [0.9986214339200888, 5.070033480216353e-07, 3.8632859344315866e-08, 0.0013780204437035205], [0.34461865766939265, 2.946836784467759e-05, 0.6268711538501825, 0.02848072011258021], [0.0012248961927641357, 0.05196740188348179, 0.9467127960115096, 9.490591224445012e-05], [0.00023486490350786623, 2.8449011002045326e-07, 0.0006442022829874036, 0.9991206483233948], [5.6684905035365364e-05, 0.9999433085667304, 1.490734577096339e-12, 6.526743422025032e-09], [0.999988470329101, 3.0846220920474477e-07, 2.74172614111226e-08, 1.1193791428396012e-05], [0.0002379156299936269, 3.7928929565134227e-06, 3.468983238545236e-10, 0.9997582911301515], [6.745780895323037e-10, 0.9997261873836385, 0.00018485299013070244, 8.895895165260779e-05], [0.0005749802806742831, 0.9982855052346677, 2.0957227998834835e-07, 0.0011393049123779846], [0.49821651452236737, 4.231626574719863e-09, 0.4369496416088041, 0.06483383963720206], [0.00015575281097131907, 1.483084298493965e-06, 0.9962648978392971, 0.00357786626543319], [0.9688265471216334, 1.4697575389311294e-06, 0.031111071659614995, 6.0911461212782145e-05], [0.033153722665346406, 0.906289153589456, 5.004786159974853e-06, 0.060552118959037476], [0.00027202280988303923, 0.020749998174041617, 0.0015217535801464528, 0.9774562254359289], [2.088298983529734e-07, 0.9961404187719923, 0.0038592654117861457, 1.0698632298212493e-07], [0.9758442398331377, 9.527248333014425e-08, 3.422154856925586e-12, 0.024155664890956642], [0.05788919289445099, 1.836473717505606e-07, 0.9420531799564739, 5.7443501703556804e-05], [0.0005108125451080107, 0.093324370198028, 0.8321859988014798, 0.07397881845538425], [0.3955693988900623, 0.5622030485700729, 0.0019744639311015727, 0.04025308860876325], [0.0013118087829428735, 0.8879479941739379, 0.1107401704413633, 2.6601756002113854e-08], [0.004292766483356445, 7.212559599533854e-05, 6.831914434302922e-07, 0.9956344247292047], [0.03977854289473187, 0.9590552468747432, 0.000689023877218434, 0.0004771863533065889], [0.0001438339364611672, 0.0014632137321458235, 0.9980928576073272, 0.000300094724065636], [0.0006993621681877194, 0.933924764010301, 0.06276669757195565, 0.0026091762495557137], [0.9846461537896631, 0.01515380824567417, 5.994188739947681e-06, 0.0001940437759225307], [0.0004766598014490457, 0.9995197078212187, 1.0603989615516372e-06, 2.5719783704410062e-06], [1.0580038992442207e-06, 0.00011215917051370882, 0.9998856965383155, 1.0862872714661294e-06], [9.01873000788311e-05, 1.5109973852914422e-06, 0.9952104544159306, 0.004697847286605375], [0.0005054995317609104, 0.26590388868036835, 7.444192394499013e-06, 0.7335831675954764], [0.0027549961743154523, 0.898914059385717, 0.08827436876805893, 0.010056575671908563], [1.2585335767056735e-06, 0.0006001224421604863, 0.9989652502668596, 0.00043336875740324077], [4.46779984943617e-06, 1.2925053691729191e-05, 0.3724314652085083, 0.6275511419379505], [3.94903896016283e-07, 1.6608687832695634e-08, 3.521238200745603e-11, 0.9999995884522037], [0.04993987289357454, 0.6514173094337997, 0.0028439961234492097, 0.29579882154917647], [0.9495230120628352, 0.03002789650102172, 0.018657490467802754, 0.0017916009683403736], [0.03170070587638837, 0.0002327819134241282, 4.614549000868614e-06, 0.9680618976611867], [0.05201773060198597, 0.0010592471575748728, 7.288554776706768e-05, 0.9468501366926722], [0.1366283816812174, 0.7690046466350227, 0.06621537466597044, 0.028151597017789638], [0.0006721670967768023, 0.33692219578758004, 5.831363960038948e-07, 0.6624050539792471], [3.420122317009573e-06, 0.00020847000571708193, 0.5991739134859182, 0.40061419638604767], [0.00247844646879065, 0.2709742580335383, 0.7264935447867014, 5.375071096982693e-05], [0.003978339874485563, 0.9892432954215672, 0.006738856789337218, 3.9507914610310664e-05], [0.00012064771421206374, 0.9959313903686046, 5.144921188825037e-07, 0.003947447425064533], [0.9896091577670145, 0.010354493088968176, 1.5523667929371697e-08, 3.633362034955471e-05], [1.0064245683792877e-09, 1.301996663910089e-05, 0.9999869720937992, 6.9331373159965786e-09], [0.24784650332314942, 1.195769367203555e-06, 2.6476332694963572e-06, 0.7521496532742138], [8.473219200334763e-05, 0.006995449461441852, 0.97681520836798, 0.01610460997857488], [0.9927481387623008, 8.381010975120911e-05, 0.00014631593290753158, 0.007021735195040493], [0.9999888001204597, 2.7448625985810087e-08, 1.0996945441521978e-05, 1.754854730183246e-07], [0.0007053388286965259, 0.9992786962747839, 9.459892235232571e-07, 1.5018907295982941e-05], [0.23372149725203542, 5.008451284896106e-06, 0.7660034137853641, 0.00027008051131566165], [0.000593785531378533, 1.8137311008098942e-07, 1.520850350095576e-06, 0.9994045122451612], [4.2011282074710194e-07, 0.8579836692330445, 0.08795231064531045, 0.054063600008824535], [0.0018149713116158708, 0.797197639631641, 0.19155319200866158, 0.009434197048081641], [0.8311336314596114, 0.0016353458548556883, 3.5304538590192035e-07, 0.167230669640147], [0.4440129791668994, 0.2753404823695872, 0.27519741136813075, 0.005449127095382761], [0.9999751665127546, 3.5666013142034684e-07, 9.170503022944945e-06, 1.5306324091073872e-05], [0.6389701981462624, 0.3567318451122556, 0.0005533658547159743, 0.003744590886766089], [0.05579244843946179, 0.9072961583344208, 0.001257806028718323, 0.03565358719739913], [0.9146390066704423, 0.03537381740600993, 0.009872737509578636, 0.04011443841396918], [0.43167220049091753, 0.5658384887116596, 3.95027089478693e-05, 0.002449808088474924]]}, "rewritten": {"ids": ["97105760", "97107040", "97107821", "97107920", "97112830", "97113260", "97118210", "98107210", "98107380", "98107410", "98110230", "98111620", "98111860", "98112300", "98113881", "98117740", "98120530", "99105921", "99108000", "99108080", "99108330", "99108520", "99108890", "99109840", "100108260", "100108490", "100109910", "100110260", "100116500", "100116790", "100117420", "100120010", "101108370", "101108460", "101108500", "101108580", "101108621", "101119030", "101119591", "102109850", "102110750", "102110850", "102114270", "103109791", "103110840", "103111930", "103112641", "103113210", "103113610", "103117200", "103120730", "103120780", "104111531", "104112201", "104112470", "104113000", "104113170", "104113380", "104113550", "104118340", "104119340", "105111990", "105115380", "105117431", "105118740", "106114321", "106115120", "106116820", "106119580", "106120290", "107112850", "107113200", "107113840", "107114140", "107114780", "107115140", "107116980", "107118780", "107121640", "107121700", "108113480", "108114040", "108114270", "108117451", "108118060", "108118301", "108118810", "108119330", "109114030", "109114651", "109114720", "109116441", "109117110", "109117630", "109118701", "109120621", "109121640", "110114561", "110114610", "110114920", "110115980", "110116170", "110116290", "110116300", "110117080", "110118111", "110118181", "110118810", "110118880", "110119030", "110120190", "110120700", "110121450", "111114171", "111115770", "111116100", "111116530", "111118810", "111119580", "111119950", "111120190", "111120220", "111120540", "112116610", "112117431", "112117471", "112117780", "112118581", "112119320", "112119500", "113117340", "113118111", "113118620", "113119120", "113119320", "113119700", "113119930", "113120070", "113120531", "113120540", "113120830", "113121190"], "labels": [0, 2, 2, 0, 2, 1, 2, 1, 1, 3, 3, 3, 0, 2, 3, 2, 1, 1, 2, 3, 1, 2, 0, 2, 3, 2, 2, 3, 2, 2, 2, 0, 1, 0, 3, 0, 0, 3, 0, 1, 1, 3, 3, 3, 1, 3, 3, 3, 2, 0, 1, 1, 0, 0, 1, 1, 3, 1, 1, 2, 1, 2, 1, 1, 1, 2, 1, 1, 3, 2, 1, 0, 3, 2, 2, 0, 3, 1, 1, 3, 0, 0, 3, 2, 1, 1, 1, 0, 1, 3, 0, 3, 1, 0, 3, 1, 0, 0, 1, 3, 1, 0, 2, 3, 1, 1, 1, 1, 0, 0, 3, 2, 3, 3, 3, 3, 3, 0, 3, 0, 3, 3, 1, 1, 0, 3, 0, 1, 1, 2, 2, 1, 3, 3, 1, 0, 1, 2, 0, 3, 3, 1], "predicted_labels": [3, 3, 3, 0, 1, 2, 2, 2, 3, 0, 1, 2, 2, 0, 0, 2, 1, 0, 1, 0, 1, 2, 1, 1, 0, 1, 2, 0, 2, 0, 2, 2, 0, 1, 1, 3, 1, 0, 0, 0, 2, 1, 1, 2, 2, 1, 3, 0, 0, 0, 0, 2, 3, 1, 3, 0, 2, 2, 0, 1, 3, 1, 1, 2, 2, 2, 1, 0, 1, 2, 1, 0, 1, 1, 1, 3, 1, 0, 0, 2, 0, 3, 0, 0, 1, 3, 3, 3, 1, 0, 3, 0, 1, 1, 3, 3, 0, 0, 2, 1, 3, 0, 0, 1, 2, 0, 0, 3, 1, 3, 3, 1, 3, 0, 1, 3, 1, 3, 0, 3, 1, 0, 1, 3, 1, 1, 0, 2, 1, 1, 3, 3, 0, 3, 0, 2, 0, 2, 0, 0, 3, 0], "confidence_scores": [[0.15886085833380226, 6.32085545545795e-05, 0.025607474090995723, 0.8154684590206475], [2.792910872229997e-07, 1.1092151672980003e-06, 0.34895917156696654, 0.6510394399267789], [0.33134409742123033, 0.13446160341305224, 1.0492358622542878e-05, 0.5341838068070949], [0.743419929000202, 0.2285966170279031, 0.001337913433906742, 0.0266455405379881], [0.0005442654013356568, 0.963375501082195, 0.031983895949923034, 0.0040963375665462156], [0.00046833940756603503, 0.001526754786592144, 0.9309134143665422, 0.06709149143929954], [0.0018329243319226498, 0.000782061108786634, 0.9966260298172891, 0.0007589847420015367], [0.001738119819957986, 0.3156087788597406, 0.6744974218165182, 0.008155679503783238], [0.002454096900939157, 0.3176914047430944, 0.11092312973552418, 0.5689313686204424], [0.9830753475355062, 2.411847610639644e-06, 0.016620859121603375, 0.00030138149527999083], [0.0002856556345844997, 0.9965473331234035, 0.002283457682539031, 0.0008835535594730485], [0.18581142594356506, 0.0001388665611529312, 0.8135588844901378, 0.0004908230051441624], [2.3056984495167447e-07, 0.00024609127127984493, 0.9997533141921242, 3.639667508868801e-07], [0.7892993652357134, 0.0021210249938456473, 0.05345491150327957, 0.15512469826716127], [0.9788152000717651, 0.013765258143715958, 3.1452726972713357e-06, 0.007416396511821704], [0.011092713614364915, 0.010017915489970828, 0.7916914978824379, 0.1871978730132263], [0.0013614339692090349, 0.9975956687616621, 1.6439537182084074e-07, 0.0010427328737571324], [0.9955058362794829, 5.856387564878957e-07, 0.004457110340815273, 3.646774094532915e-05], [2.182436965556889e-09, 0.9998043134711351, 6.459249149524074e-05, 0.0001310918549328032], [0.9915511595908443, 0.006428450912340026, 4.284968018184806e-05, 0.0019775398166340286], [0.005451127318513709, 0.5443920154289142, 0.44900842841653, 0.001148428836041979], [0.0011710057686851719, 0.2324336643176532, 0.7662741187457294, 0.00012121116793226662], [1.9656635798984727e-08, 0.964244162775127, 1.4014210267803599e-06, 0.03575441614721033], [6.616383539639205e-05, 0.991856227526511, 0.006695557843290352, 0.001382050794802106], [0.9956740849549373, 1.2491218906408015e-05, 5.992767758823941e-06, 0.004307431058397324], [0.005231402261020762, 0.9941727740571407, 3.824195280296112e-05, 0.0005575817290354493], [0.0006214366886756566, 1.6271847198076693e-07, 0.9993747758982292, 3.6246946231464468e-06], [0.945300553237974, 0.0005687608116823433, 0.0015846420500902232, 0.05254604390025323], [0.0001022476572709476, 0.010355131311533063, 0.6868158559196631, 0.3027267651115328], [0.9328602410587328, 0.06701172940279304, 0.00012457801277304274, 3.451525701312047e-06], [7.937857415833955e-13, 9.727071603011998e-13, 0.9999437976357913, 5.6202362442259644e-05], [0.00013236418070245245, 0.1541546560903998, 0.845698678277744, 1.4301451153684516e-05], [0.9998714089008784, 7.767940316399012e-05, 8.758490455192118e-06, 4.2153205502307114e-05], [0.059721544464958386, 0.9402269501761508, 4.589051310704547e-05, 5.6148457838201496e-06], [0.0033216391720600784, 0.9872009832793227, 2.393748232776139e-06, 0.009474983800384284], [0.09768938586877923, 4.4297198857820556e-10, 0.034829079802300184, 0.8674815338859485], [0.0001242916162379499, 0.9992504264798787, 4.339583664119459e-08, 0.0006252385080468613], [0.8789001535425341, 0.11647700732507701, 8.834167649605282e-06, 0.004614004964739125], [0.9918891494893999, 9.302929341962423e-05, 1.973352928932688e-05, 0.007998087687891139], [0.5356797836401695, 0.29425265002150025, 0.17005157802934745, 1.5988308982841066e-05], [0.001087330071388125, 0.041130287990353745, 0.9577823697812838, 1.2156974312829016e-08], [0.1051364199498079, 0.8762435261853153, 0.018544226017872385, 7.582784700443979e-05], [2.5864495835070482e-06, 0.9999972599209116, 7.0971264997759e-08, 8.265824009428047e-08], [0.0015058676792724275, 6.9201310082366295e-06, 0.9976175054397127, 0.0008697067500067], [0.23198360042094499, 0.06773002259004167, 0.6998299463311414, 0.0004564306578720439], [0.27190977714097714, 0.7158352942434895, 0.008974740903952302, 0.0032801877115809534], [0.14604310409667368, 0.19570641426602042, 0.07210984220675186, 0.5861406394305542], [0.7139683861828616, 0.08738144732444926, 0.1985721390958039, 7.802739688508682e-05], [0.9932544760287005, 1.6695665122644053e-07, 0.00020477978643460186, 0.006540577228213705], [0.5680813863305819, 0.016968200024674758, 5.111413753377485e-08, 0.41495036253060563], [0.9998230731732177, 0.00013985640871097953, 4.1143767499907257e-07, 3.6658980396512875e-05], [0.0007685581243702069, 0.1929385042161776, 0.8057474733289505, 0.0005454643305017651], [0.033726622231818854, 0.009487183327018174, 0.023811827293795124, 0.9329743671473678], [0.15742414122095053, 0.6936204668504599, 0.0021474378777731587, 0.14680795405081642], [1.1624053521957595e-06, 0.00044109473006619446, 0.3422532225375358, 0.6573045203270458], [0.9990316667640022, 6.940954764458513e-12, 9.054607409443138e-09, 0.0009683241744492661], [9.694841041293059e-07, 0.0007809967175829411, 0.9992172510419187, 7.827563941422834e-07], [0.3378639261095485, 0.12480383926718916, 0.5355483844906773, 0.0017838501325850434], [0.9999296714937923, 1.7481594379889982e-07, 6.46386690401365e-05, 5.515021223741867e-06], [0.11657965120846724, 0.8828145265938917, 0.000586351476904541, 1.9470720736630152e-05], [0.008183802452285472, 3.11253667927354e-09, 2.8440825542731547e-08, 0.9918161659943522], [0.029240433901085675, 0.969563186091118, 9.892529713868338e-06, 0.00118648747808246], [3.831565597613943e-06, 0.9854984530586635, 0.004102707281894463, 0.010395008093844535], [8.62535447284211e-06, 0.000286654679320877, 0.9996272077999404, 7.751216626580235e-05], [0.02843566223526618, 4.049421532322569e-05, 0.9713931975139, 0.00013064603551059015], [0.08622515035831302, 0.0001577641412141345, 0.8916885769547152, 0.02192850854575765], [2.325918331698469e-05, 0.9999767370676025, 1.0501791425898315e-12, 3.748030300527656e-09], [0.998998285980974, 7.852089727298513e-08, 1.3587081320369633e-05, 0.0009880484168085072], [0.08235656239231028, 0.5645776672326265, 0.3484903253296775, 0.004575445045385734], [4.454842459422001e-05, 0.05318668678083227, 0.9465513345719492, 0.00021743022262433686], [0.0009811580371377143, 0.9550345084329974, 0.027312133528526027, 0.016672200001338927], [0.5178189844076361, 7.397117218680273e-05, 4.6245114226833865e-05, 0.4820607993059503], [0.00030756213206075225, 0.9996685924009521, 9.612292511379805e-06, 1.4233174475660076e-05], [5.1500134409277346e-05, 0.999944068663212, 1.3928031011988035e-06, 3.0383992773712696e-06], [0.004319720093827304, 0.9908273492871074, 9.495615185832366e-05, 0.004757974467207069], [0.004388635539549292, 6.911551104099295e-07, 0.010400897814449134, 0.9852097754908911], [0.4128210922317274, 0.5870546951544345, 5.4157966303819845e-06, 0.00011879681720773415], [0.5006149181509172, 0.3681922308172903, 1.5857677210835113e-05, 0.13117699335458158], [0.6557334418669488, 1.4840580102399333e-05, 0.33537916711581683, 0.008872550437131886], [2.630997266828345e-08, 0.02627224232810974, 0.9737148304574755, 1.2900904442136143e-05], [0.9986529044456771, 8.124364938352872e-06, 9.562532664860617e-07, 0.0013380149361181418], [0.0030217505110164615, 0.00028675260727331603, 2.3940714770378594e-05, 0.9966675561669398], [0.5080164279858371, 0.0068437676728624035, 0.0015279577078347348, 0.4836118466334658], [0.9999995823315481, 2.341903705663066e-10, 1.6907729338674272e-10, 4.1726518411987504e-07], [0.08801571325176755, 0.6919646349088489, 0.2197469108069608, 0.00027274103242286117], [0.0011820428627926007, 9.671552807619445e-08, 8.29512595884783e-09, 0.9988178521265533], [6.636072545689624e-08, 2.532784028097042e-11, 7.357756760768186e-12, 0.999999933606589], [0.18898077627220464, 0.145289204599467, 6.0100674778008016e-05, 0.6656699184535504], [3.808197680217504e-06, 0.9998820819264849, 2.4001178541915416e-05, 9.010869729287672e-05], [0.9999999572065152, 4.270086841114672e-08, 3.984177865491531e-12, 8.863224787799938e-11], [0.0009186304229976632, 2.2333485855620966e-07, 0.0024004384689354378, 0.9966807077732083], [0.9847919181251469, 0.014999440203117978, 7.129257083002464e-08, 0.00020857037916450087], [0.1792104465007436, 0.5531414138826062, 1.5850749307258957e-05, 0.26763228886734297], [0.19683269959283023, 0.8030623823245925, 0.00010432641628878676, 5.916662884834991e-07], [0.03669289204439593, 0.0001255767629892086, 5.632933637554723e-10, 0.9631815306293215], [0.02777979752770527, 0.002408378289800884, 1.7660922008989235e-05, 0.9697941632604847], [0.8350850204853957, 0.0006077091574141787, 0.10715069257697957, 0.05715657778021074], [0.9992093454084021, 0.0002706138522084378, 0.0005196637716588987, 3.7696773043277485e-07], [2.231729361159929e-05, 0.012396476310932329, 0.7160738489596723, 0.27150735743578375], [0.0004280466898498226, 0.8606992263271744, 0.006505957207998643, 0.13236676977497708], [0.18264900704397916, 1.1589624017281164e-08, 1.913003075081068e-06, 0.8173490683633218], [0.9999945384786444, 2.1790711735600196e-07, 1.9022789889486386e-09, 5.241711959275824e-06], [0.8654094067034032, 0.0013297171850778892, 0.1332516505264809, 9.225585037951151e-06], [0.03706004034678778, 0.7345577351964864, 0.004069255723293361, 0.2243129687334324], [3.0087362731351325e-06, 0.36635709097925717, 0.632802421948668, 0.000837478335801795], [0.995288739476084, 0.00295542741523739, 3.6767276760781606e-07, 0.0017554654359110097], [0.8080016655578093, 0.11768228117575519, 1.9937903905273038e-07, 0.0743158538873965], [0.0042711722839508595, 0.16095323050760052, 0.06339079864604953, 0.771384798562399], [0.002258792445471131, 0.576483080851729, 1.6248172807496245e-06, 0.42125650188551916], [0.11167070838824375, 3.213046771661817e-05, 0.0014940934457168512, 0.8868030676983228], [3.286674205235077e-06, 3.3400898606283986e-05, 1.5835296125456483e-09, 0.9999633108436589], [0.0013994945898801385, 0.6760858521506824, 0.00034568257279545645, 0.322168970686642], [0.15813528249644598, 2.0188235216481835e-05, 6.532484196544581e-07, 0.841843876019918], [0.9994116535155629, 1.0865853103683951e-07, 2.350005653942203e-11, 0.000588237802406174], [0.006088248083451879, 0.9371184428136822, 1.4324792543994171e-05, 0.05677898431032207], [0.033761325386631486, 0.000524728717641818, 5.649703006970319e-06, 0.9657082961927198], [0.025729868515079257, 0.9742691031026031, 1.0278727029123434e-06, 5.096146922683048e-10], [2.5024857174482968e-06, 1.427139208255561e-06, 6.210255198443403e-10, 0.9999960697540488], [0.9999521588587007, 2.457059318787328e-06, 4.432212787852151e-05, 1.061954102088395e-06], [0.07628940493021845, 0.049475223509173404, 0.01263238370290896, 0.8616029878576992], [0.022231859103075024, 0.976987504527049, 4.973695132304166e-06, 0.0007756626747436437], [0.7344961988071839, 0.26544455890796453, 7.949690548209553e-06, 5.129259430339558e-05], [4.766652606292141e-05, 0.9972325050097428, 0.002538750374231264, 0.00018107808996287723], [0.0016199259360768212, 0.4525841662227371, 0.008093365852244709, 0.5377025419889413], [0.03817155306142514, 0.9235474458395435, 3.7800370634930716e-05, 0.038243200728396605], [5.963486311003208e-05, 0.7361886831663331, 1.948885703916749e-06, 0.26374973308485306], [0.9397330062091719, 0.0450674533193885, 0.007875550984098144, 0.007323989487341496], [3.2957800274353567e-06, 4.799530166560036e-05, 0.9999181272983942, 3.058161991278411e-05], [2.232274310712162e-09, 0.9912542287674839, 0.0017732309757893536, 0.006972538024452484], [3.7853760703359816e-06, 0.7543045703550706, 0.24569119427694058, 4.499919184746111e-07], [0.001418018386656305, 0.261270579489109, 0.15690950494095088, 0.5804018971832838], [0.027542723646248934, 0.0008108786132154428, 1.5507318593433684e-06, 0.9716448470086764], [0.8375751545794689, 0.16168806604954922, 0.00017456745975172647, 0.0005622119112299828], [0.025215512809445544, 0.02138831651485902, 0.0033535985297538954, 0.9500425721459415], [0.9984610678672945, 0.0004989332747826594, 3.849893158399789e-05, 0.0010014999263388985], [2.013880326933766e-05, 0.2761328299202949, 0.7238420801620206, 4.95111441516075e-06], [0.998888663471849, 0.0010969515863306792, 1.414343217922591e-05, 2.4150964124675983e-07], [0.00017994392020650104, 1.6777981284322034e-05, 0.9294506858553326, 0.07035259224317665], [0.9876258801220434, 0.00010262702868866621, 0.012266546092579605, 4.9467566882703986e-06], [0.9999324174832461, 5.577424351281634e-05, 1.0129052439348758e-10, 1.1808171950434375e-05], [0.0003543719683476574, 0.006053580201191374, 0.000943933741214773, 0.9926481140892462], [0.9364529677568972, 0.03415079470379009, 0.02464118246543838, 0.004755055073874276]]}}