{"test": {"ids": ["113118870", "111120320", "100111390", "102110690", "98116500", "109115070", "99107630", "99111340", "109119340", "106115240", "97112300", "112116810", "106113360", "110118630", "110118930", "112120640", "99107950", "110114950", "103110050", "110115980", "111120640", "112117210", "101109000", "104112470", "99121440", "112120290", "97110950", "107113840", "105110091", "99109840", "113118620", "102109850", "103113170", "98108370", "97107821", "109120621", "110117110", "107118520", "113121810", "102112250", "98107380", "108117720", "107113550", "108115870", "102113981", "111120190", "99108890", "113122170", "107117630", "97105451", "112118890", "107116501", "97113900", "113122190", "104113000", "112121410", "113119950", "111116040", "111117200", "111114941", "112121430", "98107210", "112116800", "103109021", "98110810", "110118450", "113122510", "110116170", "103118110", "110114651", "105118740", "107113200", "97107040", "111121351", "104118070", "110117200", "102121700", "112116880", "109117630", "111121410", "103120730", "99111620", "104113550", "111116290", "105120280", "102111990", "111120220", "107119390", "109116040", "106119990", "111119300", "111117000", "113120531", "111115620", "100108260", "97105580", "98110230", "112118860", "113119360", "107113130", "110114920", "107113260", "113121750", "109117150", "109119450", "102110850", "101110150", "109119460", "108114040", "112117780", "100113210", "98112170", "97107920", "111121220", "107118490", "111119290", "107121640", "99108460", "105111990", "99109311", "113118820", "110115890", "111116640", "98109311", "106117770", "108115970", "97106970", "100109000", "110119300", "112119580", "106114011", "100108080", "112116850", "112118550", "113122650", "109117080", "100108990", "113117340", "103110760", "105115680", "110120190", "106114321"], "labels": [0, 1, 2, 0, 2, 0, 2, 1, 3, 1, 2, 3, 0, 1, 1, 0, 1, 0, 3, 1, 0, 1, 1, 1, 2, 1, 3, 3, 0, 2, 3, 1, 3, 1, 2, 1, 0, 2, 2, 0, 1, 1, 0, 3, 1, 3, 0, 1, 0, 0, 3, 1, 2, 1, 1, 0, 0, 0, 0, 0, 2, 1, 0, 0, 1, 0, 2, 0, 2, 3, 1, 0, 2, 0, 2, 3, 1, 0, 0, 0, 1, 3, 1, 2, 3, 2, 3, 2, 0, 0, 1, 0, 0, 1, 3, 1, 3, 3, 0, 1, 3, 0, 0, 2, 3, 3, 1, 1, 0, 0, 0, 3, 0, 3, 2, 3, 1, 0, 2, 1, 0, 2, 0, 1, 0, 2, 2, 1, 1, 3, 1, 0, 0, 3, 2, 1, 2, 2, 1, 2, 3, 2], "predicted_labels": [1, 1, 3, 3, 3, 1, 3, 2, 1, 1, 0, 1, 1, 1, 1, 3, 1, 3, 3, 1, 1, 1, 1, 3, 1, 0, 3, 3, 3, 3, 1, 1, 1, 3, 3, 3, 1, 1, 1, 3, 3, 3, 3, 3, 1, 1, 1, 3, 3, 0, 3, 3, 1, 3, 3, 3, 0, 3, 3, 3, 1, 1, 1, 3, 1, 3, 1, 3, 3, 3, 1, 3, 3, 1, 1, 3, 1, 1, 1, 3, 3, 3, 3, 1, 1, 3, 1, 3, 3, 3, 3, 1, 1, 3, 1, 0, 3, 3, 3, 3, 1, 1, 3, 0, 3, 1, 3, 3, 3, 3, 3, 3, 3, 3, 1, 3, 3, 3, 3, 1, 3, 3, 3, 3, 1, 1, 2, 3, 1, 3, 1, 3, 3, 1, 3, 1, 1, 3, 3, 1, 1, 3], "confidence_scores": [[0.1719088487562345, 0.35880248614020566, 0.14675430952485516, 0.32253435557870475], [0.1997134249378235, 0.3105639574282053, 0.18080272464833208, 0.30891989298563916], [0.2255890744101227, 0.2798171015477659, 0.19739360178715526, 0.29720022225495635], [0.25800781631468345, 0.2659315055997795, 0.14275902052593437, 0.33330165755960295], [0.25598387024463387, 0.23494948354241457, 0.1831689398277568, 0.3258977063851946], [0.21219813040376245, 0.38063041473872067, 0.15261430052090635, 0.2545571543366105], [0.23845800297759584, 0.21871985331787022, 0.1787567223922593, 0.3640654213122747], [0.22982097358714831, 0.24832793853721483, 0.2707697301841151, 0.2510813576915217], [0.20236418816933172, 0.3119404107827689, 0.1878554032565314, 0.29783999779136816], [0.23296807704900002, 0.33522510336849615, 0.15132016735243967, 0.28048665223006425], [0.2891088648664876, 0.24561436235772235, 0.18665739562735711, 0.2786193771484331], [0.24638185327892845, 0.2923519781974118, 0.187571389011873, 0.27369477951178683], [0.2308745243635055, 0.3251396118289357, 0.18545511456397928, 0.2585307492435796], [0.167937987159424, 0.3607758217043098, 0.21626523410063353, 0.25502095703563293], [0.19956386687948677, 0.3176497562581235, 0.18557963434884947, 0.2972067425135404], [0.2394976898834306, 0.262470002291032, 0.20443907696465277, 0.2935932308608847], [0.15038441189641522, 0.29397308618285706, 0.270875686640228, 0.2847668152804998], [0.260736642367188, 0.22441984680215665, 0.16855197643024564, 0.34629153440040966], [0.23665997490017887, 0.2672378908441911, 0.22517542393758883, 0.2709267103180412], [0.21772134824297174, 0.2686716768968307, 0.2481064555128869, 0.2655005193473107], [0.24185721552694392, 0.31385473223643856, 0.1843468451783842, 0.25994120705823354], [0.1808703812488121, 0.30404232121062585, 0.21196190362698425, 0.303125393913578], [0.21771304340688047, 0.28670985424055556, 0.22514724635282868, 0.27042985599973546], [0.21523088036497773, 0.22934123743458368, 0.2051634363003092, 0.3502644459001293], [0.17866189693845386, 0.3417177974841057, 0.1945991614105429, 0.28502114416689756], [0.2921308122220737, 0.2385686717848846, 0.2202101184464835, 0.2490903975465584], [0.23055276229609073, 0.23812602894797488, 0.2122951601693858, 0.3190260485865486], [0.21293031355454312, 0.2866870903715137, 0.2130486285916694, 0.28733396748227413], [0.21061612853333717, 0.2603225747215515, 0.22524310274565418, 0.3038181939994571], [0.17856790485220436, 0.27132554869056313, 0.2249507987061027, 0.3251557477511299], [0.20150577055147792, 0.3944246460140862, 0.15368967028822655, 0.25037991314620933], [0.1796794049139055, 0.29003298491330953, 0.28594015183246474, 0.2443474583403202], [0.18917773767088042, 0.3108620822771069, 0.19341585188171756, 0.30654432817029525], [0.17785558514385622, 0.22819013057866655, 0.2736804746062972, 0.3202738096711802], [0.2805473230129911, 0.20391366679807693, 0.21721944326741574, 0.298319566921516], [0.2486772053837941, 0.27751131815851027, 0.17240488502921136, 0.30140659142848425], [0.18923266129881824, 0.3182668597446202, 0.24059818577201375, 0.251902293184548], [0.24032488358607332, 0.3267948127693643, 0.18049132267552787, 0.2523889809690347], [0.20935011607240753, 0.31795896454065775, 0.2637552865483597, 0.20893563283857525], [0.23290040685466415, 0.21964962620551876, 0.23771604605677177, 0.3097339208830452], [0.2562046594221934, 0.24211991901245988, 0.2155006783777312, 0.28617474318761577], [0.23963074626828257, 0.21267246686443964, 0.16111456323411943, 0.3865822236331586], [0.2262565019815923, 0.25900708119706745, 0.23926012638312744, 0.27547629043821287], [0.22594815346806954, 0.2175943039433724, 0.17675577569798268, 0.37970176689057533], [0.24146279786135302, 0.31597499716342026, 0.16619027962650018, 0.2763719253487268], [0.202972831207132, 0.3189494230284756, 0.1897776068375046, 0.28830013892688783], [0.20685641244813696, 0.3091496945267924, 0.1891054636093919, 0.2948884294156788], [0.19095182341734948, 0.2794518283071457, 0.22594235138206886, 0.3036539968934362], [0.22164927009168112, 0.24170845617163597, 0.23147793291925214, 0.30516434081743093], [0.3107376773932195, 0.2561915593262506, 0.12901481347144134, 0.3040559498090887], [0.22828511361797577, 0.2894672759427524, 0.15859871305564557, 0.32364889738362623], [0.2017838500988053, 0.27631214405321525, 0.16009874410463765, 0.361805261743342], [0.2774087612949443, 0.2909486312709027, 0.2224266412877911, 0.2092159661463623], [0.18527633336534655, 0.3002690825544318, 0.18622827081319626, 0.32822631326702534], [0.2284693664751562, 0.3025994849633874, 0.1442624596009531, 0.32466868896050344], [0.22447915309963676, 0.2585345517575933, 0.18645155335489721, 0.3305347417878727], [0.3148896169877032, 0.2285050120126339, 0.15180902923977913, 0.30479634175988385], [0.2648051786059862, 0.22979251109930818, 0.15794537762754365, 0.34745693266716215], [0.19836462591422133, 0.2854686739361221, 0.1690960103148683, 0.34707068983478867], [0.297022963283047, 0.2482306249027547, 0.15453823486288068, 0.30020817695131785], [0.2524095669613231, 0.31409561106643114, 0.12896253774136265, 0.30453228423088335], [0.21498206299333864, 0.30785939787251027, 0.22637693106083684, 0.2507816080733141], [0.20123335810509035, 0.32466880717202734, 0.1946724607346311, 0.2794253739882514], [0.23197693683579318, 0.28756102081357626, 0.1752126730299385, 0.30524936932069197], [0.21433278033527617, 0.32733478296678453, 0.20458806255895273, 0.2537443741389866], [0.19802230893141584, 0.30559166418387174, 0.15230260843325338, 0.34408341845145896], [0.21555425819781351, 0.32780261466205896, 0.1681537210981379, 0.2884894060419897], [0.18209376433016405, 0.28152624695767303, 0.21367715268369433, 0.32270283602846866], [0.22384679484070968, 0.22722371474033642, 0.2233901905355657, 0.32553929988338814], [0.25236808385818477, 0.25284050407505976, 0.14365655207294087, 0.3511348599938147], [0.26571349087052776, 0.2702671694456636, 0.19422732181555907, 0.2697920178682497], [0.22903490770810528, 0.2803175655522139, 0.1659987517092172, 0.32464877503046385], [0.22094525022507353, 0.26971963904703533, 0.19404244649622254, 0.31529266423166863], [0.2286632211213789, 0.33782889454302245, 0.17163165673571687, 0.2618762275998819], [0.17371782338636785, 0.32500093919944134, 0.25093564539033275, 0.2503455920238582], [0.23092540714962484, 0.2774023276488734, 0.17068939768563837, 0.3209828675158634], [0.2949829381337231, 0.2964630866102977, 0.15173084095723474, 0.25682313429874454], [0.22991700101767454, 0.3035793037942351, 0.18751285497826714, 0.27899084020982334], [0.2084413189659554, 0.32971254175561365, 0.21561430854155855, 0.24623183073687244], [0.2550307234601568, 0.22863590766677602, 0.13219812598131214, 0.38413524289175505], [0.25742841057779886, 0.26429013399847234, 0.20777013668311686, 0.2705113187406117], [0.15432430422498375, 0.29528627251465117, 0.23579564953200563, 0.3145937737283596], [0.22227011664514656, 0.25545690121369136, 0.17917974618179144, 0.3430932359593708], [0.16965431959237287, 0.3121281712584016, 0.2073898264050568, 0.31082768274416916], [0.20753446623697078, 0.2814879356481529, 0.23345269339413008, 0.2775249047207464], [0.267905021187396, 0.26573128103069654, 0.1815420871042139, 0.2848216106776937], [0.2600889570362858, 0.3024727221986802, 0.14313030076962815, 0.294308019995406], [0.23027991873787748, 0.21745563282831376, 0.2289111838624493, 0.3233532645713595], [0.1942885326993639, 0.24002279632478074, 0.26328977253250907, 0.30239889844334633], [0.21516562755684454, 0.2856280600042224, 0.17531720432965714, 0.32388910810927585], [0.20885646467805052, 0.3211338898551129, 0.09649223332869253, 0.37351741213814393], [0.18523319118062861, 0.3240609041928218, 0.18383451674248585, 0.3068713878840639], [0.24142409652921643, 0.2994792830470862, 0.16604428178899394, 0.29305233863470354], [0.26434501202894367, 0.28249426097383207, 0.16482924758285517, 0.2883314794143691], [0.21342078266744352, 0.2905977621321545, 0.2188344607695874, 0.27714699443081486], [0.3202754967997442, 0.2522286177497716, 0.19373355767235365, 0.23376232777813047], [0.2627734989072898, 0.2535987347441499, 0.1605271363409144, 0.32310063000764594], [0.23382957262545193, 0.25271779025583957, 0.19665556928901703, 0.31679706782969164], [0.2658890918751554, 0.24585139307631873, 0.1918039181389426, 0.2964555969095835], [0.22456811249257488, 0.25493267380548845, 0.22890741600245035, 0.29159179769948634], [0.18040243479082146, 0.3266475120365747, 0.19694344047131182, 0.296006612701292], [0.2057704968905146, 0.30642836858095956, 0.18398510107045926, 0.3038160334580665], [0.260921772528392, 0.25804744346616026, 0.1538750882233414, 0.32715569578210657], [0.2951616347363845, 0.2559674952604604, 0.21174350902524902, 0.23712736097790604], [0.14042401395462914, 0.289588431517222, 0.22322202105140326, 0.34676553347674566], [0.1773039713628367, 0.28715970889365217, 0.26582960705622477, 0.2697067126872862], [0.27851097140540865, 0.2691630535035733, 0.1617991272019499, 0.29052684788906835], [0.22146757557155705, 0.26170599919612386, 0.2405119098380517, 0.2763145153942675], [0.16323390437928725, 0.2925511196364646, 0.19684177315821721, 0.34737320282603096], [0.2423553759988382, 0.2706005456401749, 0.16725902963135217, 0.3197850487296348], [0.2328382373812758, 0.2608800074860216, 0.15265951418197687, 0.35362224095072575], [0.21100996154755772, 0.2913715295805244, 0.16832546467354306, 0.3292930441983748], [0.31954135409744844, 0.1877634564657244, 0.16134230548227893, 0.33135288395454837], [0.23122125475181815, 0.264083909880797, 0.12784707145913904, 0.37684776390824587], [0.22425253921981358, 0.31788604155467615, 0.2043811151487815, 0.2534803040767287], [0.1520354916592515, 0.3337110051858256, 0.17649483559445187, 0.337758667560471], [0.23986868376996373, 0.2610961198680103, 0.20622690762003512, 0.2928082887419909], [0.23427482661707832, 0.2848286778015061, 0.12318700515875164, 0.3577094904226639], [0.2641714255345263, 0.2636061186424746, 0.15728433121448945, 0.3149381246085098], [0.16262042275776595, 0.2911955112380259, 0.262057944424237, 0.2841261215799712], [0.2399970112454535, 0.28276750129655664, 0.1345985728252332, 0.34263691463275675], [0.18234055132326354, 0.2816575322162499, 0.1909188612841332, 0.3450830551763533], [0.24612948339541557, 0.2629793197205907, 0.18165548667054446, 0.3092357102134494], [0.2592243362446446, 0.22433002928617105, 0.22128553628740813, 0.29516009818177624], [0.20583671664081943, 0.3166676663721796, 0.2000808632540141, 0.27741475373298696], [0.18758026092169836, 0.3446801156570607, 0.20531571081424022, 0.2624239126070009], [0.1749322728699353, 0.2541294496226185, 0.29905465254761726, 0.2718836249598289], [0.18364248649764509, 0.2635909268462497, 0.24927023659052064, 0.3034963500655847], [0.20672505320072093, 0.30051770402296524, 0.21554824662638816, 0.2772089961499258], [0.18867421343550547, 0.2985649556409176, 0.16600601156207373, 0.34675481936150304], [0.27908692315901446, 0.29250248821791913, 0.16015723842126872, 0.2682533502017977], [0.2575712536532198, 0.24807272585456533, 0.1856564008875284, 0.30869961960468667], [0.1731863989492493, 0.27971882166824247, 0.22438016228885604, 0.3227146170936522], [0.21052271394002864, 0.33038832165406645, 0.15029531724917836, 0.3087936471567265], [0.1643742199052646, 0.3131699168377975, 0.18554378291102197, 0.33691208034591597], [0.20696034955318013, 0.3326000215603656, 0.178781685394987, 0.28165794349146733], [0.19233835495009885, 0.32534564224128076, 0.2414947321838733, 0.240821270624747], [0.2122431252389051, 0.27055545638739475, 0.22726011892499087, 0.2899412994487095], [0.26917793747032276, 0.29771405496384906, 0.12835749308155242, 0.304750514484276], [0.18142154158047208, 0.33153230335372114, 0.20018162758283492, 0.2868645274829721], [0.22869690564918174, 0.30272492686059327, 0.18901092268105785, 0.2795672448091674], [0.2429064118438889, 0.21998464450598532, 0.24753238616126041, 0.2895765574888653]]}, "rewritten": {"ids": ["97105451", "97105580", "97106970", "97107040", "97107821", "97107920", "97110950", "97112300", "97113900", "98107210", "98107380", "98108370", "98109311", "98110230", "98110810", "98112170", "98116500", "99107630", "99107950", "99108460", "99108890", "99109311", "99109840", "99111340", "99111620", "99121440", "100108080", "100108260", "100108990", "100109000", "100111390", "100113210", "101109000", "101110150", "102109850", "102110690", "102110850", "102111990", "102112250", "102113981", "102121700", "103109021", "103110050", "103110760", "103113170", "103118110", "103120730", "104112470", "104113000", "104113550", "104118070", "105110091", "105111990", "105115680", "105118740", "105120280", "106113360", "106114011", "106114321", "106115240", "106117770", "106119990", "107113130", "107113200", "107113260", "107113550", "107113840", "107116501", "107117630", "107118490", "107118520", "107119390", "107121640", "108114040", "108115870", "108115970", "108117720", "109115070", "109116040", "109117080", "109117150", "109117630", "109119340", "109119450", "109119460", "109120621", "110114651", "110114920", "110114950", "110115890", "110115980", "110116170", "110117110", "110117200", "110118450", "110118630", "110118930", "110119300", "110120190", "111114941", "111115620", "111116040", "111116290", "111116640", "111117000", "111117200", "111119290", "111119300", "111120190", "111120220", "111120320", "111120640", "111121220", "111121351", "111121410", "112116800", "112116810", "112116850", "112116880", "112117210", "112117780", "112118550", "112118860", "112118890", "112119580", "112120290", "112120640", "112121410", "112121430", "113117340", "113118620", "113118820", "113118870", "113119360", "113119950", "113120531", "113121750", "113121810", "113122170", "113122190", "113122510", "113122650"], "labels": [0, 1, 2, 2, 2, 0, 3, 2, 2, 1, 1, 1, 1, 3, 1, 3, 2, 2, 1, 0, 0, 1, 2, 1, 3, 2, 0, 3, 2, 1, 2, 0, 1, 1, 1, 0, 3, 2, 0, 1, 1, 0, 3, 1, 3, 2, 1, 1, 1, 1, 2, 0, 2, 2, 1, 3, 0, 1, 2, 1, 0, 0, 1, 0, 0, 0, 3, 1, 0, 2, 2, 2, 1, 0, 3, 2, 1, 0, 0, 1, 2, 0, 3, 3, 1, 1, 3, 3, 0, 2, 1, 0, 0, 3, 0, 1, 1, 1, 3, 0, 1, 0, 2, 0, 0, 0, 3, 1, 3, 3, 1, 0, 3, 0, 0, 0, 3, 0, 0, 1, 0, 3, 3, 3, 3, 1, 0, 0, 2, 2, 3, 0, 0, 0, 0, 0, 0, 2, 1, 1, 2, 2], "predicted_labels": [3, 0, 3, 3, 3, 0, 3, 3, 1, 1, 3, 3, 3, 3, 1, 0, 3, 3, 1, 3, 1, 3, 3, 3, 3, 1, 0, 1, 3, 1, 3, 3, 3, 1, 1, 3, 1, 0, 3, 3, 0, 3, 1, 1, 1, 3, 1, 3, 3, 3, 3, 1, 0, 1, 1, 1, 1, 1, 3, 3, 1, 3, 1, 3, 3, 3, 3, 3, 3, 3, 1, 3, 3, 3, 3, 1, 3, 1, 3, 3, 0, 3, 3, 1, 1, 0, 3, 3, 3, 3, 1, 3, 1, 3, 3, 1, 1, 1, 3, 3, 3, 3, 1, 3, 1, 3, 3, 3, 1, 3, 3, 1, 3, 3, 3, 1, 1, 3, 1, 1, 0, 1, 1, 3, 3, 1, 3, 3, 3, 3, 1, 3, 3, 3, 3, 1, 1, 1, 3, 3, 1, 3], "confidence_scores": [[0.2661090515392687, 0.2760747928278051, 0.11387049890757012, 0.343945656725356], [0.3060257421163023, 0.2694696946492455, 0.19459658821074938, 0.22990797502370294], [0.261361198800292, 0.24320526909531673, 0.216628804376541, 0.2788047277278504], [0.235091785092311, 0.2671538736570119, 0.21981191819936974, 0.27794242305130745], [0.2472058168857258, 0.2621981911867751, 0.1537062281314644, 0.3368897637960348], [0.3228081988429951, 0.17015774513394213, 0.18553406749731294, 0.3214999885257499], [0.20849062455117157, 0.25944874432466064, 0.2136751584788926, 0.31838547264527534], [0.2699994440320667, 0.22570085420671418, 0.19570798535294678, 0.30859171640827227], [0.27656881427278696, 0.2861654883690425, 0.20994708622399877, 0.22731861113417193], [0.2447543792289195, 0.29682938631927597, 0.1977670023400916, 0.260649232111713], [0.22730306276668644, 0.24309041500322925, 0.2007488856849742, 0.3288576365451102], [0.21479879316227599, 0.23880857016820273, 0.24050697712604485, 0.3058856595434765], [0.23243756465518783, 0.22399529943584062, 0.26860921729478787, 0.27495791861418384], [0.24182697888041751, 0.27175993059354, 0.14579933776440465, 0.34061375276163786], [0.22583046653786684, 0.33844671373001683, 0.22056321266332507, 0.2151596070687912], [0.29399366752126693, 0.2643741586981925, 0.1542992920886743, 0.2873328816918662], [0.3107723402505618, 0.20844699100980119, 0.16671335671868054, 0.31406731202095667], [0.27666621893143045, 0.21572355680294752, 0.19912453099764027, 0.30848569326798214], [0.13911792165879353, 0.3118693591626845, 0.27833679076009066, 0.27067592841843124], [0.25723602736772105, 0.23666111748228955, 0.14323662231311887, 0.36286623283687064], [0.19518699888679208, 0.33995495037473544, 0.18496331077504358, 0.2798947399634292], [0.2341331707112559, 0.24035444165021025, 0.24340204439975277, 0.28211034323878137], [0.16910926263342463, 0.25762473980195905, 0.25778432759479925, 0.315481669969817], [0.23269612330060713, 0.2502154736490757, 0.2577651712160837, 0.2593232318342337], [0.2050552385118963, 0.2717165821505613, 0.20548042001965303, 0.3177477593178894], [0.19164794462375168, 0.36827954685941866, 0.2038134899818288, 0.236259018535001], [0.29400048579072835, 0.23633985940290012, 0.18040581048409784, 0.2892538443222738], [0.2130414334331202, 0.29974778091558507, 0.23123719527571612, 0.2559735903755788], [0.2151054071952404, 0.2802752384194891, 0.17773412322718457, 0.326885231158086], [0.20583266257900468, 0.27814230941491136, 0.2552299620242155, 0.26079506598186875], [0.22523093313958578, 0.2434943886000523, 0.21800866962208165, 0.3132660086382804], [0.2647330474344503, 0.23024906297775236, 0.15511893393108825, 0.34989895565670925], [0.2351911827508599, 0.2776241526885221, 0.1811611520297441, 0.3060235125308742], [0.2503807368678675, 0.2791493829965637, 0.22666816262114978, 0.24380171751441915], [0.2432658609454682, 0.29354186018710277, 0.2453541371022738, 0.21783814176515517], [0.2544178957017968, 0.2521411120683223, 0.14723683796893833, 0.3462041542609428], [0.1382251902995106, 0.3089104759246095, 0.27765292727680446, 0.2752114064990753], [0.28926075181956146, 0.2502540838057514, 0.193632064123077, 0.26685310025161046], [0.25024962416381885, 0.20470675982763797, 0.2396722344063797, 0.30537138160216354], [0.21254261449763234, 0.28314570744678186, 0.1885241393553859, 0.3157875387002], [0.2918221589522947, 0.2703996504979001, 0.16398033770301595, 0.27379785284678926], [0.24829182550931445, 0.28302330187274727, 0.12877259623182233, 0.339912276386116], [0.21804639738788117, 0.29127603162190746, 0.20735992907963155, 0.2833176419105798], [0.2652098133998071, 0.31513124662940817, 0.11300474740360388, 0.306654192567181], [0.21886145954368075, 0.33345529486785597, 0.17147553077888167, 0.27620771480958156], [0.25334544976696655, 0.2693977997266382, 0.19297223250780998, 0.2842845179985854], [0.22831079465160556, 0.3129737259010795, 0.17526270443599667, 0.28345277501131816], [0.2200506179909172, 0.2570460620460293, 0.18315021761477804, 0.3397531023482754], [0.23035954925548496, 0.2874443969625989, 0.1308406076671447, 0.35135544611477165], [0.2468731682206598, 0.217602481315472, 0.1793168192707456, 0.3562075311931226], [0.19262318953142707, 0.2846013411035022, 0.19677134088683856, 0.32600412847823224], [0.20542133029561363, 0.30728737047806187, 0.181289981244628, 0.30600131798169666], [0.3226888129543755, 0.2301988137300434, 0.140664356410677, 0.3064480169049042], [0.24734124859559573, 0.3070079712537019, 0.18160912650698866, 0.2640416536437139], [0.2471029777909141, 0.29765606382164955, 0.1608587228851725, 0.29438223550226383], [0.2059879698927701, 0.29041621116332994, 0.21384141904152126, 0.2897543999023786], [0.23047121254857386, 0.30066289753736747, 0.1785259267511288, 0.29033996316292987], [0.25450266984510156, 0.3235141000270667, 0.14304253091745858, 0.2789406992103731], [0.20992355446919955, 0.26316500058615006, 0.23460779629878611, 0.29230364864586433], [0.2227583292227678, 0.28772298803717655, 0.1697125849921217, 0.31980609774793395], [0.2630699824674817, 0.29008646640636365, 0.16648843329936822, 0.28035511782678657], [0.21571012646948912, 0.2752434385172824, 0.2020349220847532, 0.3070115129284752], [0.2522719122888534, 0.2739746372123578, 0.21735882075259597, 0.256394629746193], [0.25297630485671246, 0.25694629090525234, 0.17207615213085528, 0.3180012521071801], [0.26495707714148137, 0.23751987168818986, 0.18325574136247633, 0.3142673098078526], [0.2693282214949564, 0.22569056448986238, 0.22952017241403802, 0.2754610416011435], [0.21200234019431743, 0.2774412866904511, 0.2105291949186825, 0.30002717819654934], [0.24284297787636203, 0.2151376033951869, 0.15654243561478717, 0.3854769831136639], [0.2597371535405719, 0.24245989980745428, 0.2015146343798405, 0.29628831227213337], [0.194273019421355, 0.2573793655728462, 0.22737605281449183, 0.32097156219130696], [0.2326680302002591, 0.35516127000963005, 0.15016474940216124, 0.26200595038794977], [0.27112295138033377, 0.2157644392461928, 0.22351176774174017, 0.2896008416317334], [0.22408718836348954, 0.25916563672076004, 0.21321623715654103, 0.3035309377592095], [0.24221446435488694, 0.2855143979779077, 0.13227543392812685, 0.3399957037390788], [0.22700230031944174, 0.2238685336446425, 0.16220998279616045, 0.3869191832397554], [0.24002370704344397, 0.30301776389133367, 0.19815321983085138, 0.2588053092343711], [0.22800438762555333, 0.20694083460379425, 0.1503443052569655, 0.414710472513687], [0.16461053961801952, 0.3344715522462267, 0.20628626240072048, 0.29463164573503314], [0.23285607556838248, 0.25329210354877024, 0.1990984363199531, 0.3147533845628943], [0.15848787143536106, 0.33105529821248353, 0.16649857127693632, 0.34395825907521915], [0.28272389748277116, 0.2576203517342886, 0.21381176990264372, 0.24584398088029652], [0.23693115884420038, 0.26061992201012796, 0.22285796768775515, 0.2795909514579166], [0.28493895015776594, 0.23186615078461464, 0.14052986757350014, 0.34266503148411936], [0.17722745349796448, 0.32773241456528757, 0.18984335201231253, 0.3051967799244354], [0.207364959147384, 0.31115984117682005, 0.19810186917065808, 0.28337333050513785], [0.31122998987383615, 0.287514177919696, 0.14605987401707027, 0.2551959581893974], [0.22990557020977995, 0.2372434596641306, 0.17579372071591848, 0.3570572494101711], [0.24823477096798308, 0.2635544842046221, 0.1711822976882185, 0.31702844713917644], [0.29919656917912496, 0.2401719981159092, 0.12792098844657268, 0.3327104442583932], [0.2009788974511853, 0.2544061578664317, 0.18189220316715646, 0.3627227415152267], [0.22821729235257304, 0.28945611067932964, 0.20393036379251206, 0.2783962331755853], [0.20749894120429715, 0.30037994201056445, 0.18195332879789636, 0.3101677879872422], [0.21620595448435712, 0.31797326377044377, 0.2238440362084755, 0.24197674553672383], [0.24002543441044838, 0.27426999998365015, 0.19369607920187867, 0.29200848640402266], [0.1944160373808352, 0.2814244440978176, 0.19825381178914078, 0.3259057067322063], [0.17656631150814894, 0.3650959210800294, 0.1770991233246868, 0.28123864408713506], [0.20761641325388724, 0.3052229264758138, 0.20796123292834345, 0.27919942734195563], [0.1805989921385528, 0.339826767103204, 0.18525103279986901, 0.29432320795837436], [0.25516071347082514, 0.26915316692170305, 0.20581699148643515, 0.2698691281210368], [0.2829612222883778, 0.26304269888599163, 0.14500939587919007, 0.30898668294644055], [0.2745554673733644, 0.24772298549886668, 0.19159943187575462, 0.28612211525201425], [0.24812765004504636, 0.2413549074102818, 0.16072072260484913, 0.34979671993982264], [0.19274839523333115, 0.30855865198564875, 0.199468820334353, 0.2992241324466674], [0.2741573578704932, 0.2657767825153394, 0.17271083357248807, 0.28735502604167956], [0.18197103240170354, 0.29528595515274975, 0.23000741756349719, 0.29273559488204953], [0.19926046933609534, 0.27287884338787316, 0.1990352393024848, 0.32882544797354696], [0.18960023846907936, 0.2865869991164473, 0.2059863617543801, 0.31782640066009316], [0.24088620829004156, 0.2724065412506517, 0.15590122780695476, 0.330806022652352], [0.22468736894540928, 0.3520660449587249, 0.15702770561192067, 0.2662188804839451], [0.25581256327905727, 0.28014574973605144, 0.15066228613991103, 0.31337940084498045], [0.26263804158927817, 0.2619900284700385, 0.19669705491021497, 0.2786748750304686], [0.2708430016045169, 0.30040159954283063, 0.18263174017078135, 0.24612365868187133], [0.2544199257004879, 0.27190127564419353, 0.11546682066984067, 0.35821197798547794], [0.24696357076418068, 0.28989573126751333, 0.15658202238410154, 0.30655867558420447], [0.21196235351325904, 0.28548224535932365, 0.15173920120787093, 0.3508161999195465], [0.20262340989594968, 0.3071556074391072, 0.18923540300439484, 0.3009855796605481], [0.26372648283504563, 0.28719201727534327, 0.1926883224092627, 0.2563931774803485], [0.20973475733382874, 0.23312347846424886, 0.20257457616794391, 0.3545671880339786], [0.22006583502520288, 0.3044682220915022, 0.21806625406971542, 0.25739968881357955], [0.1873238696129702, 0.345560788009011, 0.19920485406610006, 0.2679104883119187], [0.30078955578487415, 0.2710813653495767, 0.1718328104035941, 0.25629626846195497], [0.23192436793497684, 0.30210649104148257, 0.18742330521161754, 0.278545835811923], [0.24845222986405047, 0.3161129328886796, 0.18585390650049738, 0.24958093074677273], [0.1830983047988914, 0.31997972955649784, 0.16518990699029806, 0.3317320586543127], [0.21977910278426904, 0.30467801961580315, 0.14376747914735927, 0.3317753984525686], [0.24865186565643232, 0.2755101826061405, 0.21445083946964122, 0.26138711226778605], [0.24798981048884103, 0.25024699257693284, 0.17287784531536515, 0.3288853516188612], [0.2185856404330439, 0.28172214312283184, 0.16826609129832623, 0.33142612514579795], [0.21823707637844209, 0.2722691491626039, 0.19129946741478704, 0.3181943070441671], [0.21048348837373748, 0.2772202173897806, 0.18428074544486742, 0.3280155487916144], [0.2599127789816833, 0.32023524151851457, 0.1318312193693115, 0.2880207601304909], [0.2421059346381664, 0.2604844175171102, 0.13804652521393876, 0.3593631226307849], [0.23005755201459033, 0.29737697095496995, 0.17307588675019722, 0.2994895902802426], [0.2645476726687637, 0.25685659486066365, 0.16742926227603888, 0.31116647019453375], [0.28916758136792586, 0.21881752382516878, 0.15084159944706332, 0.34117329535984203], [0.23162512027269017, 0.30128735663185163, 0.17780383881474868, 0.2892836842807098], [0.27954699187794163, 0.30709446736838036, 0.14274477922439874, 0.27061376152927935], [0.2187794384075141, 0.31005182827279565, 0.2387169171457066, 0.23245181617398383], [0.21557090679549315, 0.2627682954418865, 0.17818885962941294, 0.3434719381332076], [0.19850102179318635, 0.2997294352418426, 0.16903460280849594, 0.33273494015647515], [0.21969132669500685, 0.3224431175382527, 0.21657795466391733, 0.24128760110282305], [0.19177535561765602, 0.29256479752478737, 0.18319253803406432, 0.3324673088234924]]}}