{"test": {"ids": ["97110950", "108115500", "99109840", "97113260", "101111620", "99108580", "112119610", "110120640", "99111440", "97106600", "112119120", "101111310", "97112170", "111120280", "105110251", "107114621", "113119950", "110118740", "103110050", "104111830", "100109910", "109121351", "99107300", "109117730", "100117420", "100109890", "101119591", "113118620", "106113360", "97106000", "105118171", "110117500", "106117650", "101109370", "110116290", "109113881", "112118161", "105116501", "113119360", "98109090", "112116880", "110116300", "111116640", "107120880", "98110810", "103120780", "106112770", "112121010", "100113210", "108114040", "108120260", "102110850", "113120780", "110121720", "102113210", "105113190", "110118181", "103113210", "98107340", "100108260", "99112300", "112120290", "99107640", "109121640", "108120700", "97107950", "111116530", "107121700", "107113360", "104112470", "110115890", "102118380", "109113931", "109118820", "99109740", "113117630", "107116501", "113121220", "112119500", "113118421", "103111480", "97105580", "109119340", "97116401", "99121440", "98120010", "100116790", "104111990", "107113550", "106118520", "110118930", "98113881", "98107010", "108118060", "104112201", "108117451", "113121680", "103120340", "113122320", "108115970", "102113981", "103111170", "111116040", "98116500", "111119300", "107120010", "109116040", "104117200", "102112250", "107114110", "110117140", "108121160", "108116501", "113120070", "103118291", "100109330", "105111990", "105115680", "100109360", "105115380", "97113900", "99111930", "99117630", "111120320", "107114280", "101110200", "109118231", "112120700", "102110500", "113118231", "102109840", "99116500", "113120640", "106119990", "110115980", "101112201", "112116900", "111118910", "97118210", "101112160", "112119580", "108116481"], "labels": [3, 3, 2, 1, 3, 0, 0, 0, 3, 3, 1, 3, 0, 0, 0, 0, 0, 3, 3, 3, 2, 0, 3, 3, 2, 3, 0, 3, 0, 0, 3, 1, 1, 1, 2, 0, 0, 1, 0, 1, 0, 3, 0, 1, 1, 1, 1, 2, 0, 0, 1, 3, 0, 3, 3, 3, 1, 3, 0, 3, 0, 1, 1, 0, 2, 2, 3, 3, 0, 1, 2, 1, 1, 3, 3, 0, 1, 3, 2, 3, 0, 1, 3, 3, 2, 2, 2, 2, 0, 2, 1, 3, 3, 1, 0, 2, 1, 1, 1, 2, 1, 2, 0, 2, 1, 1, 0, 3, 0, 1, 3, 2, 0, 2, 0, 0, 2, 2, 0, 1, 2, 1, 3, 1, 3, 2, 1, 2, 3, 3, 2, 2, 0, 0, 1, 0, 3, 0, 2, 3, 3, 0], "predicted_labels": [1, 1, 2, 3, 0, 2, 3, 1, 3, 2, 0, 1, 0, 3, 3, 1, 0, 3, 1, 3, 2, 1, 1, 0, 2, 1, 0, 1, 1, 3, 3, 1, 1, 1, 3, 1, 3, 0, 0, 2, 1, 1, 1, 3, 1, 1, 3, 1, 3, 3, 0, 2, 3, 1, 3, 0, 1, 0, 2, 0, 3, 2, 3, 1, 3, 3, 1, 1, 3, 3, 1, 2, 0, 1, 1, 1, 0, 3, 1, 0, 3, 0, 0, 1, 1, 2, 1, 0, 2, 1, 3, 1, 1, 0, 1, 3, 1, 3, 1, 3, 1, 2, 1, 3, 3, 1, 3, 3, 2, 3, 3, 1, 3, 2, 1, 3, 0, 1, 2, 1, 0, 1, 0, 3, 1, 1, 1, 1, 3, 1, 1, 1, 3, 3, 3, 1, 0, 3, 2, 2, 3, 3], "confidence_scores": [[0.26492891142764, 0.3302290951314582, 0.15204766150828994, 0.25279433193261186], [0.14815657041317945, 0.31626294304556385, 0.21176542030340464, 0.32381506623785195], [0.1253723337113586, 0.2689731097783232, 0.3590065708824438, 0.24664798562787424], [0.18265069429799877, 0.24185463919893718, 0.22927421687353147, 0.3462204496295325], [0.29877080217608015, 0.2348421985265105, 0.1581176642577229, 0.3082693350396864], [0.17336190253347109, 0.3312763863079764, 0.3218761503738883, 0.17348556078466404], [0.24849525416795765, 0.2967150642007225, 0.1396657001749995, 0.31512398145632037], [0.20772770197589846, 0.31087700916547995, 0.24865347221115106, 0.23274181664747046], [0.25975760042721385, 0.2527679310215208, 0.14420983348630173, 0.3432646350649637], [0.13522297676078127, 0.3202527412659641, 0.37772931244720537, 0.16679496952604925], [0.29654472183661396, 0.20292334738652093, 0.19431747103708413, 0.30621445973978095], [0.2829459160741735, 0.3643879069997835, 0.1911255712744327, 0.16154060565161063], [0.2996156059061634, 0.29796650278490844, 0.12506596024884092, 0.27735193106008743], [0.2720476968597773, 0.28313147975739394, 0.07772256680718725, 0.36709825657564166], [0.21606447105974455, 0.2831475530841974, 0.10621380004389568, 0.3945741758121621], [0.20668574353585353, 0.3224837402509599, 0.15451485074405574, 0.31631566546913065], [0.34037639663800073, 0.28975708029923547, 0.06417786221984237, 0.3056886608429214], [0.29459967139320364, 0.19527251858802447, 0.09490595960066293, 0.41522185041810894], [0.1604326213919271, 0.355871259292879, 0.17245452008804205, 0.31124159922715183], [0.1783159852669611, 0.27322299969531494, 0.2393437550506208, 0.3091172599871033], [0.10937318743476679, 0.2808035093617058, 0.5122751666343004, 0.097548136569227], [0.2576319157740134, 0.32000867042301806, 0.11661941196731888, 0.3057400018356497], [0.28756258056871886, 0.33914402866675325, 0.0738529402649863, 0.2994404504995417], [0.3655416281903234, 0.2825401882143755, 0.10774979679218895, 0.24416838680311215], [0.12032567014472877, 0.2475635237663137, 0.39046303816402056, 0.24164776792493656], [0.20763162235719407, 0.32685148306038087, 0.22697026871389533, 0.23854662586852948], [0.3036066183805646, 0.21608717916276757, 0.13460337669774192, 0.3457028257589261], [0.26939935431380485, 0.4360360054301263, 0.0618753691595028, 0.2326892710965658], [0.22108911878266468, 0.39255298274372113, 0.17333793206590226, 0.21301996640771212], [0.11209709603835867, 0.25134015547048216, 0.26259707163975343, 0.3739656768514056], [0.26545764820354845, 0.3116094988946911, 0.08139539708507856, 0.34153745581668205], [0.23530303289150017, 0.3944227052691777, 0.12273711062608793, 0.2475371512132343], [0.19738211901510014, 0.3164356780074698, 0.1738727018969331, 0.31230950108049726], [0.1953609941493324, 0.2905011080423729, 0.24531850961262316, 0.26881938819567164], [0.2526776322587202, 0.20633778211095058, 0.23354622223479604, 0.30743836339553327], [0.23830557439785152, 0.3311610687020412, 0.15421856578541257, 0.2763147911146947], [0.28136268217927685, 0.2927320190218062, 0.07251856014455664, 0.3533867386543603], [0.3228999433978453, 0.3007499898369183, 0.042122457085833814, 0.3342276096794026], [0.28524963648788226, 0.23909538378021103, 0.13204405507560787, 0.3436109246562991], [0.10207352541223003, 0.2859807074806529, 0.4451162207748666, 0.1668295463322503], [0.22130434684322622, 0.3875731747632495, 0.18102742468471314, 0.21009505370881124], [0.2498579134593346, 0.3829825249361881, 0.11170939181971223, 0.2554501697847652], [0.25465638418780706, 0.3460597906746622, 0.22608154963723506, 0.17320227550029574], [0.23408973454113147, 0.21056101599699242, 0.18708602784610828, 0.3682632216157682], [0.15979697177689595, 0.4627220920826558, 0.2745734237228705, 0.10290751241757784], [0.1985514360091922, 0.34723094964195045, 0.1663316331326742, 0.2878859812161829], [0.17845395729996685, 0.2712011765165611, 0.20913688234963093, 0.34120798383384104], [0.21680975930639387, 0.3595916667486096, 0.12446667359207328, 0.29913190035292314], [0.3029076312363293, 0.24488693126930788, 0.0837197840135552, 0.3684856534808074], [0.20541334101524478, 0.29670073154775883, 0.2196628152785369, 0.27822311215845974], [0.31486472893763273, 0.3336937011040101, 0.12600770739893516, 0.2254338625594221], [0.08822029888239545, 0.36313589131930446, 0.4073129969345352, 0.14133081286376506], [0.25295808770760914, 0.295317155494313, 0.1084888632391949, 0.34323589355888284], [0.18797964695719172, 0.34704930829994957, 0.20036249269003545, 0.2646085520528235], [0.17397348813904864, 0.22752814287685239, 0.22370041110920566, 0.374797957874893], [0.36901613727497956, 0.1725322804497087, 0.06546774208478061, 0.39298384019053073], [0.26158026413911006, 0.33450322913897645, 0.12815147012935904, 0.27576503659255436], [0.29110649274852607, 0.28017738346021187, 0.20439974634041724, 0.224316377450845], [0.16397528687947996, 0.2480380778529853, 0.3007353573744492, 0.28725127789308563], [0.28925472942936353, 0.30762188805404617, 0.19699180496487584, 0.2061315775517139], [0.13106853060351603, 0.26917602489068865, 0.27060845887387086, 0.32914698563192435], [0.15987189928400694, 0.28064077045727903, 0.400269775794002, 0.15921755446471197], [0.16818003639239687, 0.2844007580640603, 0.19731819311856946, 0.35010101242497316], [0.18233038829641846, 0.31415498990717855, 0.24927757306901444, 0.2542370487273886], [0.2648304157193838, 0.2993411822558537, 0.10448059825781938, 0.33134780376694334], [0.1629001792034243, 0.27712091552710316, 0.2536486237685539, 0.3063302815009187], [0.21572739526535267, 0.42110322333277855, 0.18782159639999563, 0.1753477850018729], [0.27088956584915974, 0.3423281054019258, 0.10913289270165578, 0.27764943604725845], [0.26561179724642336, 0.2644092450007962, 0.10102107153984621, 0.36895788621293435], [0.17439051272004494, 0.20857992073507414, 0.21006345495140488, 0.40696611159347595], [0.13960471031309626, 0.35786638190468845, 0.25573287323105065, 0.24679603455116478], [0.1117369317674928, 0.3505985550172236, 0.3154799472607063, 0.22218456595457753], [0.3146046464290059, 0.30156507699496854, 0.08216114344704034, 0.30166913312898525], [0.20083700218802458, 0.3089956055560654, 0.3042438725571176, 0.18592351969879226], [0.11245062606051304, 0.4032591197895451, 0.3205249617361527, 0.16376529241378904], [0.21275897479044745, 0.3521004773327916, 0.16002483058617362, 0.2751157172905871], [0.29463546077987696, 0.2504130680140792, 0.15156518040799266, 0.3033862907980511], [0.22964897344506352, 0.18301596782068608, 0.11913313178977587, 0.46820192694447466], [0.16643901808286662, 0.41376922196728183, 0.25051916307851074, 0.16927259687134052], [0.32278448817216215, 0.28357082411743856, 0.042611661397457964, 0.3510330263129412], [0.207596750932011, 0.289967290011002, 0.18796651744062715, 0.31446944161635987], [0.28834774201599905, 0.2656569340838328, 0.19358570854416748, 0.2524096153560008], [0.26369940621878485, 0.26581890668831504, 0.2576686996617786, 0.2128129874311218], [0.15722310976274442, 0.3313634673563345, 0.24851390308212432, 0.2628995197987968], [0.15532462153013943, 0.37893413004749416, 0.27161621400288277, 0.19412503441948373], [0.1937723218057678, 0.3213878454114673, 0.3188534326604596, 0.1659864001223052], [0.2234536653955673, 0.3444537071751934, 0.22205191825246612, 0.21004070917677314], [0.327119203026526, 0.3024412004825563, 0.12513088706682796, 0.2453087094240898], [0.21568496459168743, 0.2623485655822911, 0.29995448930529084, 0.22201198052073068], [0.2581470159430879, 0.3479326380373989, 0.11269500003931238, 0.2812253459802007], [0.21394547154667926, 0.2999255669082356, 0.12275827665454123, 0.36337068489054386], [0.11906464860951778, 0.40412896197053993, 0.32982481441000566, 0.14698157500993653], [0.22445855825426897, 0.29509716697986843, 0.18271697905961662, 0.297727295706246], [0.30379894912316474, 0.2950427089424607, 0.09830096868546818, 0.3028573732489062], [0.26682309595220655, 0.30868208024436783, 0.11593176688190303, 0.3085630569215226], [0.3264842905234009, 0.16549817181186888, 0.03548960294816569, 0.47252793471656485], [0.1509299363722631, 0.3610293334990984, 0.16655431674635296, 0.3214864133822857], [0.1653603311665457, 0.24269323716187535, 0.26250799087666804, 0.3294384407949108], [0.28614257236200363, 0.3354956791951373, 0.09618619361084033, 0.28217555483201895], [0.2531296787061192, 0.22449556233194914, 0.1085377424417386, 0.41383701652019295], [0.23517025961404978, 0.36482446757508097, 0.20885882815200218, 0.19114644465886715], [0.22846776126886426, 0.2674189676765008, 0.24424762355753513, 0.25986564749709984], [0.25509010364275464, 0.31725611168936096, 0.11040612160928949, 0.317247663058595], [0.2613062990964585, 0.2459059033596983, 0.13932602659136198, 0.35346177095248116], [0.23343367131157822, 0.2171724415535708, 0.10835977437028342, 0.44103411276456755], [0.17040758160869143, 0.29990631251171945, 0.24623627379466953, 0.28344983208491953], [0.1902256426003705, 0.2572404634402221, 0.2468435886764216, 0.30569030528298585], [0.15503388592290684, 0.30323939967402747, 0.24383383106806283, 0.29789288333500297], [0.20325986710311666, 0.235758120917099, 0.2840726078899441, 0.27690940408984027], [0.21554746808066289, 0.18501164896455125, 0.10802876894517799, 0.4914121140096078], [0.16672968743015593, 0.30206429583420547, 0.19479474019483906, 0.33641127654079955], [0.29621497683834946, 0.33461316131253, 0.10550636561053241, 0.26366549623858787], [0.2751218134968978, 0.2536041387396748, 0.08765897798445334, 0.38361506977897414], [0.10181082115777008, 0.2870819973396785, 0.3764181225498865, 0.23468905895266498], [0.23686190006103056, 0.2994583573507719, 0.19431299055318316, 0.26936675203501453], [0.2682953594221516, 0.29024410867215455, 0.13460048655794005, 0.3068600453477541], [0.3173605572567899, 0.28168690002982527, 0.053297374064184305, 0.34765516864920065], [0.18505528073871189, 0.34833720126387996, 0.23473739751625805, 0.23187012048114986], [0.13512496632877788, 0.21445685730396, 0.3318904931791107, 0.3185276831881513], [0.23644243340203835, 0.37218592311585963, 0.1546742644422378, 0.23669737903986418], [0.2717838076546099, 0.32162937887802406, 0.28765914197146986, 0.11892767149589631], [0.10280243515905146, 0.39425837556794546, 0.31129450626500366, 0.19164468300799942], [0.31487958651704634, 0.33702965894215403, 0.15373011464111594, 0.1943606398996836], [0.23800548195381438, 0.30872135923508665, 0.0885273682338453, 0.3647457905772537], [0.28296107537869297, 0.3179695728356754, 0.15431314653368358, 0.24475620525194788], [0.17734548564989255, 0.4076552555029071, 0.1917663545702937, 0.22323290427690656], [0.25842359067958326, 0.31490861580655116, 0.13831294035430272, 0.2883548531595629], [0.12685867636005588, 0.3566582516890925, 0.26483907070521057, 0.25164400124564107], [0.21875624125570411, 0.25078256632294776, 0.16999112695287386, 0.36047006546847415], [0.27440726415782835, 0.31759205387401385, 0.1083212178186712, 0.2996794641494865], [0.22530309579854516, 0.34320671417638243, 0.258202567441242, 0.17328762258383035], [0.0957619719045584, 0.383885227473798, 0.352557589677872, 0.16779521094377173], [0.2723881577706385, 0.29865097842151755, 0.09509215866348578, 0.33386870514435785], [0.19128662947083105, 0.28369113054452344, 0.12911378974668222, 0.39590845023796317], [0.2145563041261903, 0.3079022982984491, 0.12954127978298005, 0.34800011779238027], [0.2556590275131417, 0.33353491921479955, 0.14330478936084723, 0.26750126391121165], [0.29531471807953785, 0.31055721711043266, 0.08489174627099563, 0.30923631853903394], [0.23627328133248535, 0.2605027467628061, 0.11533384687303141, 0.3878901250316769], [0.1486167618124037, 0.2669859814162718, 0.35252055984162894, 0.2318766969296956], [0.09766626532477676, 0.26322578960164905, 0.347400522733095, 0.2917074223404793], [0.21214607817906797, 0.31584193543223904, 0.11772411353645024, 0.35428787285224267], [0.30230772503887043, 0.2511993640576344, 0.06270029172487501, 0.38379261917861984]]}, "rewritten": {"ids": ["97105580", "97106000", "97106600", "97107950", "97110950", "97112170", "97113260", "97113900", "97116401", "97118210", "98107010", "98107340", "98109090", "98110810", "98113881", "98116500", "98120010", "99107300", "99107640", "99108580", "99109740", "99109840", "99111440", "99111930", "99112300", "99116500", "99117630", "99121440", "100108260", "100109330", "100109360", "100109890", "100109910", "100113210", "100116790", "100117420", "101109370", "101110200", "101111310", "101111620", "101112160", "101112201", "101119591", "102109840", "102110500", "102110850", "102112250", "102113210", "102113981", "102118380", "103110050", "103111170", "103111480", "103113210", "103118291", "103120340", "103120780", "104111830", "104111990", "104112201", "104112470", "104117200", "105110251", "105111990", "105113190", "105115380", "105115680", "105116501", "105118171", "106112770", "106113360", "106117650", "106118520", "106119990", "107113360", "107113550", "107114110", "107114280", "107114621", "107116501", "107120010", "107120880", "107121700", "108114040", "108115500", "108115970", "108116481", "108116501", "108117451", "108118060", "108120260", "108120700", "108121160", "109113881", "109113931", "109116040", "109117730", "109118231", "109118820", "109119340", "109121351", "109121640", "110115890", "110115980", "110116290", "110116300", "110117140", "110117500", "110118181", "110118740", "110118930", "110120640", "110121720", "111116040", "111116530", "111116640", "111118910", "111119300", "111120280", "111120320", "112116880", "112116900", "112118161", "112119120", "112119500", "112119580", "112119610", "112120290", "112120700", "112121010", "113117630", "113118231", "113118421", "113118620", "113119360", "113119950", "113120070", "113120640", "113120780", "113121220", "113121680", "113122320"], "labels": [1, 0, 3, 2, 3, 0, 1, 2, 3, 2, 3, 0, 1, 1, 3, 2, 2, 3, 1, 0, 3, 2, 3, 1, 0, 2, 3, 2, 3, 0, 0, 3, 2, 0, 2, 2, 1, 2, 3, 3, 3, 0, 0, 2, 3, 3, 0, 3, 1, 1, 3, 2, 0, 3, 0, 1, 1, 3, 2, 0, 1, 3, 0, 2, 3, 1, 2, 1, 3, 1, 0, 1, 2, 0, 0, 0, 1, 3, 0, 1, 1, 1, 3, 0, 3, 2, 0, 0, 2, 1, 1, 2, 2, 0, 1, 0, 3, 1, 3, 3, 0, 0, 2, 1, 2, 3, 3, 1, 1, 3, 1, 0, 3, 0, 3, 0, 0, 1, 0, 1, 0, 3, 0, 1, 2, 3, 0, 1, 2, 2, 0, 3, 3, 3, 0, 0, 2, 0, 0, 3, 1, 1], "predicted_labels": [0, 3, 0, 3, 1, 0, 3, 0, 1, 3, 1, 3, 2, 1, 1, 3, 1, 0, 3, 1, 1, 2, 0, 1, 3, 1, 0, 1, 0, 3, 3, 1, 2, 3, 1, 2, 1, 1, 1, 0, 2, 1, 0, 0, 3, 1, 0, 3, 1, 2, 1, 0, 3, 0, 1, 3, 1, 3, 0, 3, 3, 3, 3, 0, 0, 1, 1, 0, 1, 3, 1, 1, 1, 3, 3, 0, 3, 0, 1, 0, 3, 3, 1, 0, 1, 3, 3, 3, 0, 0, 0, 3, 0, 1, 0, 3, 0, 0, 0, 0, 3, 1, 3, 3, 2, 1, 3, 1, 1, 3, 3, 1, 1, 3, 1, 1, 3, 3, 3, 3, 1, 3, 3, 0, 1, 3, 1, 2, 1, 1, 1, 0, 0, 1, 0, 0, 1, 3, 1, 3, 3, 0], "confidence_scores": [[0.30939451479269653, 0.27553799051001837, 0.16178868389655476, 0.2532788108007302], [0.1488529402131499, 0.2463769318494491, 0.18986497124450782, 0.4149051566928932], [0.2632192271318118, 0.2972458710927945, 0.21485228463037268, 0.22468261714502125], [0.16587150909730974, 0.270784891112441, 0.22035910463718944, 0.34298449515305973], [0.2902388827079532, 0.3205842200849572, 0.14188210770441292, 0.24729478950267678], [0.3256435416844017, 0.2863928861051465, 0.09557480731090284, 0.2923887648995493], [0.2307629905290341, 0.2281211965741312, 0.19616440962044213, 0.34495140327639273], [0.31725658665182505, 0.3071410880693192, 0.20717823153485718, 0.16842409374399867], [0.22445969118497527, 0.30225560880056873, 0.17039998589592142, 0.3028847141185347], [0.2293175162274761, 0.22717672717784576, 0.2249040214213774, 0.31860173517330076], [0.233623277277977, 0.30669843621386644, 0.15440336916915204, 0.30527491733900464], [0.22901885329561902, 0.24463914403525985, 0.21518023872160522, 0.3111617639475159], [0.12267638439605673, 0.2728755155551656, 0.3901768819267228, 0.21427121812205496], [0.1648985721076637, 0.46081867911437663, 0.25075780479720905, 0.12352494398075055], [0.19590151900033223, 0.3401615984183336, 0.25577203376820534, 0.20816484881312877], [0.2739056524588569, 0.2709914953719738, 0.11754092688695401, 0.3375619252822154], [0.23844716342505085, 0.3032586636500945, 0.2533164566709047, 0.20497771625394975], [0.2996837749453504, 0.32082809805064444, 0.06381770121204126, 0.315670425791964], [0.22154764569022986, 0.27607586353762714, 0.13909001547530908, 0.36328647529683417], [0.20368870523615168, 0.31925936554223816, 0.27508289097242794, 0.20196903824918233], [0.142765990864793, 0.3455587403184785, 0.2913010310308565, 0.22037423778587148], [0.1235926965910105, 0.2615314972532613, 0.34267600878220383, 0.27219979737352423], [0.35323163658918166, 0.2051522375575915, 0.09583095300689247, 0.3457851728463342], [0.1420142845353811, 0.34307407737663315, 0.2999158153275648, 0.21499582276042103], [0.14371622925131056, 0.25678569854288447, 0.2681167522900277, 0.33138131991577724], [0.13277775372844314, 0.3678864890573354, 0.27491214547427073, 0.22442361173995096], [0.3226834714585622, 0.3248835698331691, 0.14995946470404092, 0.20247349400422757], [0.2013904259918003, 0.3864141496853197, 0.21754550054996183, 0.19464992377291812], [0.30296138295568464, 0.2666045633814949, 0.1288322494227057, 0.30160180424011496], [0.2876265115434579, 0.2523520775490415, 0.11835815886581924, 0.3416632520416811], [0.19478520890950976, 0.2036452663322728, 0.2482514855326574, 0.3533180392255599], [0.23658656795715327, 0.3142181431805565, 0.1835445822931918, 0.26565070656909856], [0.1941811114035755, 0.2555788671767732, 0.4087072290406956, 0.14153279237895589], [0.30259474884287185, 0.22767988066956574, 0.07650667432877115, 0.39321869615879135], [0.2440970505317264, 0.34379557716239983, 0.20798108580461727, 0.20412628650125636], [0.17137876739391444, 0.2496641062733051, 0.3210538529942506, 0.25790327333853025], [0.2243133978506065, 0.28862965532139984, 0.19924170102986588, 0.2878152457981276], [0.22716634558496454, 0.3794656555225503, 0.14785699898805382, 0.2455109999044315], [0.30061591828291306, 0.3748964917350973, 0.1565672509672787, 0.1679203390147108], [0.31300472385033185, 0.23085901186971283, 0.11188133833330416, 0.34425492594665086], [0.09306171404162614, 0.257487693786063, 0.35660947239729973, 0.2928411197750116], [0.27769975095174615, 0.34025850734424096, 0.11999059778702781, 0.2620511439169851], [0.3367781946041309, 0.19240445960060942, 0.08747116575356258, 0.3833461800416972], [0.2815053438068231, 0.30843832481517003, 0.16088831495440903, 0.2491680164235976], [0.22957665059654278, 0.23039620583626177, 0.12557333949773705, 0.4144538040694585], [0.14002984644949706, 0.34221350038537063, 0.3134523092878841, 0.20430434387724844], [0.22694966443097994, 0.2241564317955945, 0.24744597923838663, 0.30144792453503894], [0.2206380584972166, 0.2320682136720636, 0.13563757529711248, 0.4116561525336075], [0.21206715782577126, 0.36140734085515475, 0.23035259922478882, 0.19617290209428537], [0.11724196903267028, 0.3537974523825663, 0.3397462391624187, 0.18921433942234445], [0.18602836471284168, 0.3338080059191092, 0.16477372832020648, 0.3153899010478425], [0.26517750406888946, 0.2478994545781834, 0.19295328256665029, 0.2939697587862769], [0.19366950983663955, 0.2853076921932041, 0.24524014934683738, 0.27578264862331897], [0.31545157994233225, 0.25889454211823465, 0.1402259371567047, 0.2854279407827282], [0.26749801481692265, 0.2968043444602565, 0.15013206902801168, 0.28556557169480906], [0.22646689972117595, 0.22514677417561912, 0.19786021254255837, 0.3505261135606463], [0.21433386634336543, 0.3206365416718526, 0.1835350372014005, 0.2814945547833816], [0.2737037126631973, 0.2255618712898337, 0.15306541061088194, 0.3476690054360868], [0.33562604539152313, 0.30446029628261084, 0.11128032291757022, 0.24863333540829594], [0.282294218360371, 0.2900921099507626, 0.10535368273296222, 0.3222599889559042], [0.2111042221361007, 0.2043283834305761, 0.16968182087546163, 0.4148855735578617], [0.17710015501391285, 0.2783128393202439, 0.25530491627973473, 0.28928208938610833], [0.2403028243227634, 0.28408144318247314, 0.09882242703060433, 0.3767933054641593], [0.31889463020217046, 0.2760629157298818, 0.05232322752639486, 0.35271922654155274], [0.3581855089712938, 0.18913776772073762, 0.06422114422484822, 0.3884555790831204], [0.27224026915415184, 0.33119704752724355, 0.1229358020189144, 0.2736268812996903], [0.21395668729811065, 0.31608798346149247, 0.1973581523254084, 0.2725971769149887], [0.32631454204167376, 0.2772515750834308, 0.04032164897474296, 0.3561122339001523], [0.2761207266122931, 0.3168269103106672, 0.10398291801881086, 0.303069445058229], [0.2046384121120534, 0.25717639500129225, 0.20961660333138413, 0.3285685895552703], [0.22460300989961343, 0.3562763400074907, 0.1891507678270749, 0.22996988226582127], [0.22451412722980651, 0.320804933728131, 0.1521924158121637, 0.3024885232298988], [0.27868529552843735, 0.3406424871981699, 0.09239117570161305, 0.28828104157178014], [0.23751813951369238, 0.2731731387420414, 0.09456319398153051, 0.3947455277627359], [0.26426528642422104, 0.270929886057945, 0.10587344040713335, 0.35893138711070044], [0.2509119429426063, 0.24520621881515797, 0.24814105814286916, 0.2557407800993665], [0.23115342675030276, 0.19269233778228512, 0.0929225877214416, 0.48323164774597044], [0.30794122243881733, 0.2897923446622523, 0.12385623106775516, 0.27841020183117504], [0.2545313511174336, 0.3181818134751826, 0.11909968632819959, 0.3081871490791844], [0.32623340048564126, 0.20731845928576703, 0.09971043268165042, 0.366737707546941], [0.2175301710361946, 0.27606708572623334, 0.20015002889924022, 0.3062527143383319], [0.28597571265745386, 0.1759314154744611, 0.12070212063188202, 0.41739075123620323], [0.2566861403182768, 0.33894591179332734, 0.12944595110934132, 0.2749219967790546], [0.292368855809656, 0.29777701021904035, 0.10802637967696006, 0.30182775429434333], [0.16265985996768956, 0.3161134190388687, 0.20225217848680613, 0.3189745425066353], [0.2699405005145104, 0.224679811201582, 0.08029319660581288, 0.42508649167809465], [0.303279625958198, 0.2733507536651947, 0.06478676986771124, 0.35858285050889616], [0.28536633953500906, 0.24665990583209157, 0.08684744279540574, 0.3811263118374936], [0.3448562597758849, 0.18642786174588716, 0.042728165959775105, 0.4259877125184531], [0.32366659186223673, 0.2722767769011997, 0.07667483784849578, 0.32738179338806783], [0.30525192810542146, 0.32420946965941044, 0.10704560705733675, 0.2634929951778316], [0.2614396969033365, 0.28341609707678317, 0.09607598771093208, 0.35906821830894836], [0.31909861503331427, 0.29412120831144095, 0.06504484137540806, 0.32173533527983655], [0.22983273437812965, 0.33636077003354337, 0.15651253126847575, 0.2772939643198515], [0.3123004737152971, 0.29501587710955757, 0.10437283209339088, 0.28831081708175427], [0.24209665875506511, 0.24300257309541376, 0.21244847606367576, 0.3024522920858454], [0.3602616397704874, 0.2674138712474075, 0.11710292285132184, 0.255221566130783], [0.28156756141456335, 0.2674005731607081, 0.13190272719530435, 0.319129138229424], [0.2828360161538977, 0.2748322730675205, 0.21422532909060607, 0.2281063816879756], [0.32122927622911657, 0.2621418718660554, 0.11061370589518707, 0.30601514600964086], [0.2701515667774153, 0.30574085507004795, 0.10536503405806852, 0.31874254409446806], [0.21139735944798732, 0.30719097345867485, 0.1993646244826436, 0.28204704261069447], [0.20169600158363044, 0.2875859529570331, 0.1615639518822933, 0.3491540935770432], [0.19805470098769937, 0.2787086330892311, 0.14450626384737164, 0.37873040207569814], [0.223941988940741, 0.2248137706494624, 0.2750093504166503, 0.27623488999314655], [0.2588124454056399, 0.36987495787019264, 0.08992227686567539, 0.2813903198584921], [0.19261736581610497, 0.2861615036761053, 0.15206446088899, 0.36915666961879956], [0.2729899494062523, 0.37232005310730143, 0.11109290035746613, 0.2435970971289802], [0.2761518744305764, 0.32130180020204496, 0.0854648477395599, 0.3170814776278188], [0.3098122140152823, 0.1979250658171396, 0.08326649536249621, 0.4089962248050815], [0.24377721263690064, 0.3082819526544945, 0.09570893748182431, 0.3522318972267806], [0.1856091323141559, 0.29845122675779334, 0.2750596139979146, 0.24088002693013605], [0.2449079699259111, 0.3361747139114749, 0.1520862229511305, 0.26683109321148374], [0.2817949116669941, 0.30335383716962544, 0.099676006426265, 0.31517524473711545], [0.2559749092797137, 0.39556753588949, 0.11518528697015325, 0.23327226786064298], [0.2746543736603338, 0.33517083285851096, 0.1786815952062537, 0.21149319827490157], [0.24781650421779527, 0.26535348938744197, 0.11332414583339102, 0.37350586056137186], [0.2161839038701626, 0.21032994485336232, 0.1365394994741676, 0.43694665180230735], [0.2846137995540368, 0.2987579468078967, 0.07304064342104463, 0.3435876102170216], [0.24320798167288776, 0.28061078234432896, 0.10521594826275307, 0.37096528772003007], [0.25653402079793297, 0.3457712394385314, 0.16563017806768152, 0.2320645616958542], [0.2895217025111913, 0.28723218547132784, 0.08304993680816403, 0.34019617520931716], [0.28742289202923854, 0.29342043155881553, 0.07686469551116253, 0.3422919809007835], [0.319300096263309, 0.22988456002916777, 0.16530121246111013, 0.28551413124641295], [0.19749364495317734, 0.3443355272062101, 0.26387191324949205, 0.1942989145911206], [0.2230521608031653, 0.29321477941367624, 0.10697204152412573, 0.3767610182590327], [0.28049906119429874, 0.2993786065969175, 0.12871922391083138, 0.29140310829795224], [0.19691157715104765, 0.27213661145488777, 0.3421489691030718, 0.18880284229099303], [0.19629541731821898, 0.3208746019328416, 0.21100511801824928, 0.27182486273068995], [0.2348883153791544, 0.3557288870164215, 0.13996367336193824, 0.2694191242424858], [0.2238125949470026, 0.31316866696838014, 0.15159586784818907, 0.3114228702364281], [0.3032337495771962, 0.27169722981055805, 0.1296326391116582, 0.29543638150058765], [0.33154192090348683, 0.27865460211853316, 0.04318447794802629, 0.34661899902995374], [0.2896152592744003, 0.395998562791292, 0.06450183000822328, 0.24988434792608452], [0.29158141735131127, 0.24199516986914898, 0.13430519441106642, 0.3321182183684735], [0.34702336966517, 0.2830268928770757, 0.06347831477913134, 0.30647142267862315], [0.1236968947864606, 0.3027576226775549, 0.2949127705342177, 0.27863271200176665], [0.2630404089818345, 0.3037083643653778, 0.11679397112896898, 0.3164572555238189], [0.2638330811796724, 0.30815897428359573, 0.11436212051207512, 0.31364582402465685], [0.2525876438970804, 0.1926827065824288, 0.11697813384908334, 0.4377515156714072], [0.19169086135752125, 0.3137830832936787, 0.15292929286870993, 0.3415967624800902], [0.3008056058733473, 0.31590222870964746, 0.0879414282382081, 0.2953507371787969]]}}