{"test": {"ids": ["108120280", "109118161", "112121010", "100112060", "105121370", "103113270", "103109791", "108119550", "104113000", "108113740", "111115620", "105120280", "97106600", "98108410", "108113700", "107118780", "99109161", "98107410", "107118820", "103109021", "109121640", "112117461", "101112540", "103118291", "107119950", "101111620", "112118530", "113119950", "104117630", "112120670", "100110050", "110117870", "111115770", "107112840", "113118820", "110114720", "107113360", "112118161", "106118820", "104112470", "113120070", "104113380", "110121500", "110121720", "110113591", "106112770", "97116401", "99112641", "104111780", "108114180", "99113260", "110120190", "112117790", "105114220", "99112300", "106116640", "104111550", "102110500", "100116500", "102116340", "101110150", "113117401", "113118620", "112117580", "100116790", "110118630", "111118910", "103120340", "110116501", "112117571", "109118701", "99111620", "109117110", "111117000", "107118520", "101108500", "109115211", "110120540", "102107961", "109116750", "103110100", "111118810", "107113130", "104119290", "99121440", "100113210", "99107500", "111120640", "109117431", "101112690", "111116040", "102109850", "111115780", "111116090", "110115710", "98110230", "109113281", "108120260", "98116500", "99109910", "97108520", "97113900", "111120320", "101115190", "112120990", "111121930", "111119250", "102113981", "104114240", "107113170", "99117630", "98111231", "109116930", "104111830", "108121160", "109121351", "108116120", "113120780", "108114200", "97116500", "112120270", "112117471", "108117720", "99109740", "109115070", "111117200", "107112850", "97118210", "111121410", "112117210", "105115570", "112118421", "97106000", "107114280", "103111170", "111116010", "98110710", "113120280", "107116340", "112118511", "111114171", "98107380"], "labels": [3, 0, 2, 2, 2, 2, 3, 1, 1, 3, 1, 3, 3, 1, 0, 1, 3, 3, 3, 0, 0, 0, 2, 0, 3, 3, 1, 0, 0, 2, 3, 3, 3, 1, 0, 3, 0, 0, 3, 1, 2, 1, 3, 3, 0, 1, 3, 1, 3, 1, 0, 3, 3, 3, 0, 3, 1, 3, 2, 3, 1, 3, 3, 0, 2, 1, 0, 1, 3, 3, 3, 3, 1, 0, 2, 3, 0, 1, 3, 0, 1, 0, 1, 1, 2, 0, 0, 0, 1, 1, 0, 1, 1, 3, 2, 3, 0, 1, 2, 2, 2, 2, 1, 1, 2, 1, 1, 1, 0, 0, 3, 1, 0, 3, 2, 0, 1, 0, 0, 2, 0, 3, 1, 3, 0, 0, 1, 2, 0, 1, 0, 3, 0, 3, 2, 1, 2, 0, 3, 1, 3, 1], "predicted_labels": [1, 1, 1, 1, 1, 2, 0, 2, 3, 0, 3, 2, 2, 1, 0, 1, 1, 0, 3, 0, 1, 0, 1, 1, 1, 3, 1, 0, 3, 2, 3, 1, 3, 1, 3, 3, 3, 1, 0, 2, 0, 1, 1, 1, 3, 3, 2, 0, 0, 3, 1, 1, 3, 1, 3, 0, 1, 3, 0, 1, 0, 1, 0, 3, 1, 2, 1, 1, 3, 1, 1, 1, 1, 3, 1, 1, 3, 3, 2, 0, 2, 3, 1, 1, 1, 3, 1, 1, 1, 1, 3, 1, 1, 1, 2, 3, 3, 3, 3, 2, 0, 0, 3, 1, 1, 3, 3, 3, 0, 1, 3, 0, 3, 3, 1, 1, 0, 1, 1, 3, 1, 3, 3, 2, 1, 2, 1, 2, 3, 0, 0, 1, 3, 1, 1, 1, 3, 3, 1, 0, 0, 3], "confidence_scores": [[0.17589107748174795, 0.2917745782012037, 0.2643271297540849, 0.26800721456296356], [0.29588602958923355, 0.3930302798430248, 0.13659442021511983, 0.1744892703526217], [0.2979826781287024, 0.3870559030620703, 0.17733202028397554, 0.1376293985252519], [0.23562541351127905, 0.29787722864283545, 0.24263482442755996, 0.22386253341832563], [0.12069834936435345, 0.37823021759166253, 0.1271354437698037, 0.37393598927418037], [0.1761395757499615, 0.2511113160284203, 0.3145237614502904, 0.258225346771328], [0.4161163814380717, 0.31000674180831567, 0.12661850638618685, 0.1472583703674257], [0.16960677184544246, 0.25756434193277067, 0.37904414523062957, 0.19378474099115722], [0.26245789038082984, 0.27190277184458744, 0.10732379623018708, 0.3583155415443957], [0.40169274412099254, 0.18157108389469942, 0.10263111180397713, 0.3141050601803311], [0.11908333155382879, 0.17387648273388553, 0.13192591331725984, 0.5751142723950257], [0.1964761953052707, 0.2610045894754903, 0.30436065111129035, 0.2381585641079487], [0.2031939716945078, 0.17431920617573018, 0.5604995373930942, 0.061987284736667654], [0.2475009476975839, 0.5257995633481362, 0.10998531258349781, 0.11671417637078213], [0.6404092968591829, 0.18842354893547505, 0.08059157791939552, 0.09057557628594659], [0.17526192312141195, 0.43714179905635003, 0.1056265130540287, 0.2819697647682092], [0.23448826910427167, 0.3933940847092683, 0.15826982551311392, 0.2138478206733461], [0.39007002216197373, 0.2445788186439677, 0.14892321606897937, 0.21642794312507924], [0.18786869231797804, 0.1869084311645224, 0.3016766066800576, 0.32354626983744206], [0.3606755468657923, 0.298146962945682, 0.15489616533888084, 0.18628132484964496], [0.1826943798632576, 0.40777947951407356, 0.1853326373752686, 0.22419350324740017], [0.39598743027241556, 0.13697443699142528, 0.07346086879615073, 0.3935772639400086], [0.22487685303065372, 0.36513602736903067, 0.15832239040570215, 0.2516647291946137], [0.2379034092576403, 0.5119493305800565, 0.12721220353536786, 0.12293505662693541], [0.10487902364330558, 0.5279315226540837, 0.1417771612645035, 0.2254122924381072], [0.3036575287054183, 0.18257388842595157, 0.20951681129538796, 0.3042517715732424], [0.16757246163004255, 0.4012113525688822, 0.18202349518782637, 0.24919269061324908], [0.7645188823368573, 0.10625450049477823, 0.06257898820052996, 0.06664762896783444], [0.24704635576082043, 0.17062522854934578, 0.19543498058782477, 0.3868934351020092], [0.13869195841974172, 0.27122897275628866, 0.47744207363954777, 0.11263699518442176], [0.1731517211396005, 0.27209718822479706, 0.22390031383187897, 0.33085077680372366], [0.2624601506653113, 0.3448044754032053, 0.2001689221778057, 0.19256645175367762], [0.26899100143480603, 0.24588069933334405, 0.20762879606525045, 0.27749950316659955], [0.2960583410540364, 0.33191526761509027, 0.2040535624087488, 0.16797282892212462], [0.2449972320946548, 0.3287228585521097, 0.07340399518310638, 0.35287591417012926], [0.18136882293305626, 0.24214596526243054, 0.25606841619513815, 0.3204167956093751], [0.27790641174781383, 0.2885731439956517, 0.08980575859950286, 0.3437146856570316], [0.37448033496654487, 0.3818684386016041, 0.08418663760129041, 0.15946458883056067], [0.41160887519479616, 0.3538012362175511, 0.09311839544993035, 0.14147149313772245], [0.2190095964260808, 0.2607975313178578, 0.33376574573683215, 0.18642712651922932], [0.6380162438772343, 0.10737102629954282, 0.155544933256861, 0.09906779656636172], [0.2009604096710399, 0.32831221249293935, 0.3051946440702709, 0.16553273376574992], [0.3145866379421934, 0.4180917723975148, 0.07487542103151333, 0.1924461686287783], [0.11915354880813432, 0.39674306366949097, 0.3216944947362414, 0.16240889278613327], [0.23177832302883236, 0.22413109072535364, 0.2513879589750282, 0.2927026272707858], [0.19714401282750396, 0.27092270450869405, 0.17066398070025568, 0.36126930196354634], [0.14482891015141075, 0.21328011482944195, 0.4424149946309801, 0.19947598038816713], [0.6192597016399808, 0.163802128014436, 0.09709103446004762, 0.11984713588553565], [0.2777590331542247, 0.23652445854786916, 0.24829936344714668, 0.2374171448507595], [0.24108679215720033, 0.19909669901988913, 0.18376746773691435, 0.37604904108599624], [0.16177977614814534, 0.32144012286201085, 0.2978421116544624, 0.21893798933538142], [0.33472310534791566, 0.34610434033170584, 0.1293182540562268, 0.1898543002641517], [0.26511787862283465, 0.2136417551294339, 0.12978845281207113, 0.3914519134356604], [0.24029666760779353, 0.32487817654215656, 0.16744468760413284, 0.26738046824591727], [0.16321882902665621, 0.3272809717482558, 0.12998498185404725, 0.37951521737104077], [0.35246543758821774, 0.2163598112803417, 0.15552173248950138, 0.27565301864193914], [0.1911609751166574, 0.2910364619624768, 0.23501170989865067, 0.28279085302221535], [0.28074958952868245, 0.2525546377166626, 0.16748696680138264, 0.29920880595327254], [0.3941751400607689, 0.269527216424013, 0.149912357797339, 0.18638528571787913], [0.16041631650942675, 0.31629012501186826, 0.30203815313882965, 0.22125540533987545], [0.48884137812414535, 0.27691810039440073, 0.11924967747873622, 0.11499084400271777], [0.2194113724011496, 0.4020314683976101, 0.10277552174906453, 0.27578163745217593], [0.448742101574009, 0.29587658960120294, 0.09229650061348753, 0.16308480821130059], [0.2376727618735345, 0.27157277584431777, 0.15948461146429446, 0.3312698508178534], [0.1495611448961496, 0.4042159388462053, 0.23610266702886226, 0.21012024922878264], [0.14566229821835236, 0.30808500947828127, 0.32890949398046326, 0.21734319832290308], [0.16224006921604128, 0.6246791406248283, 0.06460689313458781, 0.14847389702454247], [0.229516155610871, 0.34541061258224803, 0.22832991988146864, 0.1967433119254124], [0.18119430211514986, 0.14520264496346305, 0.0721342207563517, 0.6014688321650354], [0.2709371411212187, 0.4960860286923427, 0.057128001302845684, 0.1758488288835931], [0.16380759442207019, 0.5094717643073827, 0.2301461358029935, 0.0965745054675537], [0.272428595506475, 0.37701626289229667, 0.13133865488663868, 0.21921648671458946], [0.14071751663561252, 0.547531281833983, 0.09315008420477655, 0.2186011173256278], [0.1253556157817866, 0.25746059717001435, 0.28656372946388065, 0.33062005758431856], [0.3170013115585305, 0.4758349102393417, 0.12016752326381679, 0.08699625493831115], [0.3503094661122085, 0.36988322716895267, 0.10940296795914754, 0.17040433875969133], [0.3284796917955953, 0.23005349363124927, 0.11022825914358293, 0.3312385554295724], [0.15139770529927268, 0.26776051432712106, 0.14541064101031317, 0.435431139363293], [0.1442610391313186, 0.3299197202673688, 0.3613173702068623, 0.16450187039445024], [0.3703014398401179, 0.23708299371407185, 0.16991051209111674, 0.22270505435469362], [0.27246617015067326, 0.2355324083066791, 0.27535003478328957, 0.21665138675935805], [0.2531750025656347, 0.20654339869450913, 0.11008509379470457, 0.43019650494515177], [0.14655750609713566, 0.30090109547631455, 0.25168261953841997, 0.3008587788881298], [0.13630526511778784, 0.6628729467475116, 0.09407184580533269, 0.1067499423293678], [0.14769641722659588, 0.5430693803777485, 0.11334821613485427, 0.19588598626080134], [0.23493464527790142, 0.20043468798060346, 0.1950667647929459, 0.36956390194854927], [0.14562705159497055, 0.3459966851218054, 0.34468137881944705, 0.16369488446377684], [0.12187549534315079, 0.44473897882906127, 0.19413426046115845, 0.2392512653666296], [0.13446089736286376, 0.540966822384163, 0.12489214154859003, 0.199680138704383], [0.27100179314798706, 0.31581172923562223, 0.19365978931982802, 0.2195266882965626], [0.23344771848488075, 0.2366248233100546, 0.1006807887713614, 0.4292466694337033], [0.16889088561247514, 0.29124810489811054, 0.2795266415736166, 0.26033436791579767], [0.32806529128952583, 0.390952390063247, 0.07773824080397759, 0.20324407784324952], [0.37666285262716354, 0.4172881173705329, 0.062090651136248856, 0.14395837886605484], [0.2189801392266436, 0.1992728345060711, 0.3148855950706023, 0.2668614311966829], [0.25056451372151206, 0.25102497257413087, 0.08628316790448988, 0.41212734579986743], [0.32763162615945085, 0.2374668691455674, 0.09101348618355035, 0.34388801851143125], [0.15980024784639815, 0.07987379524157408, 0.08301190214769645, 0.6773140547643313], [0.20617850284384642, 0.2375661080373542, 0.2482394358172541, 0.30801595330154524], [0.14105931191704638, 0.18641796707708522, 0.5124381726130062, 0.1600845483928624], [0.3407261095658292, 0.20176785847913803, 0.1415022034953343, 0.31600382845969854], [0.3928823440945245, 0.2321893772018579, 0.2695878938969456, 0.10534038480667206], [0.1512110070406385, 0.34409143695980415, 0.08200693012158275, 0.42269062587797457], [0.13169947717510083, 0.570099724237174, 0.1154278992438964, 0.18277289934382876], [0.12954528378434457, 0.460996111693701, 0.15118825153341592, 0.25827035298853845], [0.24067789812069107, 0.21299182903846797, 0.08238642023110879, 0.46394385260973214], [0.11021327849047118, 0.34655655207865893, 0.17563793907510447, 0.36759223035576544], [0.18807551350513615, 0.2956467794337603, 0.21902451178298585, 0.2972531952781177], [0.4997568692498206, 0.29652728430688485, 0.13436667333834282, 0.06934917310495187], [0.26716933863464654, 0.30595294693411146, 0.1270268266931352, 0.29985088773810686], [0.2563407166005185, 0.15284903155824967, 0.2848630540986379, 0.30594719774259393], [0.5760041751488584, 0.13876664373010242, 0.07555705122983965, 0.2096721298911995], [0.16109327294281917, 0.23321686302456965, 0.2124551467158882, 0.393234717316723], [0.16725989388624996, 0.17168335059066078, 0.29332597475097716, 0.3677307807721122], [0.29523870061808793, 0.376161643966693, 0.12414502744320972, 0.2044546279720095], [0.1755937229808469, 0.39944775094873064, 0.08064621543582692, 0.34431231063459555], [0.41038195163627283, 0.14444701814796407, 0.15754758511363068, 0.2876234451021324], [0.14178956857626177, 0.3635863051371219, 0.1414852253942663, 0.35313890089235006], [0.2360457834031061, 0.28287270323608454, 0.2118759192827097, 0.26920559407809963], [0.29204950665044804, 0.1836441476555144, 0.22416518015425557, 0.30014116553978204], [0.11088062392509002, 0.6556273701135847, 0.06781248675766845, 0.16567951920365687], [0.14893515214260766, 0.3459808083756132, 0.09742110838526316, 0.407662931096516], [0.14642998048424516, 0.207798144678769, 0.0648542202669114, 0.5809176545700745], [0.17005921366672677, 0.22891915444220504, 0.38559126995009296, 0.21543036194097512], [0.16765152698464802, 0.6203612421384443, 0.11255529243590709, 0.09943193844100062], [0.12053815703416158, 0.19440028078224225, 0.473726619188801, 0.2113349429947951], [0.2357496376959502, 0.32464653535195753, 0.22936943418779124, 0.21023439276430092], [0.1334486796140823, 0.19390916680689202, 0.5083278488802847, 0.164314304698741], [0.23906686770672914, 0.2804970127756357, 0.15756856982327164, 0.3228675496943636], [0.32093138677600447, 0.24221373187970438, 0.134391554457998, 0.3024633268862932], [0.5432053041582727, 0.09287449128807276, 0.28503561288109325, 0.0788845916725611], [0.2518641731077581, 0.3984267710669225, 0.09123900969554434, 0.2584700461297751], [0.140993156597768, 0.27301764073602613, 0.19657903024603193, 0.389410172420174], [0.2930388843313372, 0.4132870662829461, 0.14996073688444309, 0.14371331250127348], [0.1548362563303732, 0.6067547527051312, 0.09463671222859762, 0.14377227873589812], [0.14884200192444583, 0.38829731901917913, 0.1893224747280431, 0.273538204328332], [0.09947377001723803, 0.29998851481330724, 0.09103927051940675, 0.509498444650048], [0.28968462128510286, 0.21040865046681553, 0.09606567964374585, 0.4038410486043358], [0.21522612921037101, 0.36671360671158576, 0.162406574671066, 0.25565368940697747], [0.32049240211297675, 0.29329177308863047, 0.15510404656004417, 0.23111177823834853], [0.3380493743469479, 0.2930116924851192, 0.06767804817244409, 0.3012608849954889], [0.16818451403906604, 0.37632129880140386, 0.07722040898431996, 0.3782737781752102]]}, "rewritten": {"ids": ["97106000", "97106600", "97108520", "97113900", "97116401", "97116500", "97118210", "98107380", "98107410", "98108410", "98110230", "98110710", "98111231", "98116500", "99107500", "99109161", "99109740", "99109910", "99111620", "99112300", "99112641", "99113260", "99117630", "99121440", "100110050", "100112060", "100113210", "100116500", "100116790", "101108500", "101110150", "101111620", "101112540", "101112690", "101115190", "102107961", "102109850", "102110500", "102113981", "102116340", "103109021", "103109791", "103110100", "103111170", "103113270", "103118291", "103120340", "104111550", "104111780", "104111830", "104112470", "104113000", "104113380", "104114240", "104117630", "104119290", "105114220", "105115570", "105120280", "105121370", "106112770", "106116640", "106118820", "107112840", "107112850", "107113130", "107113170", "107113360", "107114280", "107116340", "107118520", "107118780", "107118820", "107119950", "108113700", "108113740", "108114180", "108114200", "108116120", "108117720", "108119550", "108120260", "108120280", "108121160", "109113281", "109115070", "109115211", "109116750", "109116930", "109117110", "109117431", "109118161", "109118701", "109121351", "109121640", "110113591", "110114720", "110115710", "110116501", "110117870", "110118630", "110120190", "110120540", "110121500", "110121720", "111114171", "111115620", "111115770", "111115780", "111116010", "111116040", "111116090", "111117000", "111117200", "111118810", "111118910", "111119250", "111120320", "111120640", "111121410", "111121930", "112117210", "112117461", "112117471", "112117571", "112117580", "112117790", "112118161", "112118421", "112118511", "112118530", "112120270", "112120670", "112120990", "112121010", "113117401", "113118620", "113118820", "113119950", "113120070", "113120280", "113120780"], "labels": [0, 3, 2, 2, 3, 2, 2, 1, 3, 1, 3, 2, 1, 2, 0, 3, 3, 2, 3, 0, 1, 0, 3, 2, 3, 2, 0, 2, 2, 3, 1, 3, 2, 1, 1, 3, 1, 3, 1, 3, 0, 3, 1, 2, 2, 0, 1, 1, 3, 3, 1, 1, 1, 0, 0, 1, 3, 0, 3, 2, 1, 3, 3, 1, 1, 1, 0, 0, 3, 3, 2, 1, 3, 3, 0, 3, 1, 0, 1, 1, 1, 1, 3, 2, 0, 0, 0, 0, 0, 1, 1, 0, 3, 0, 0, 0, 3, 2, 3, 3, 1, 3, 1, 3, 3, 3, 1, 3, 1, 1, 0, 3, 0, 0, 0, 0, 1, 1, 0, 0, 1, 1, 0, 3, 3, 0, 3, 0, 3, 1, 1, 0, 2, 2, 2, 3, 3, 0, 0, 2, 0, 0], "predicted_labels": [3, 0, 3, 1, 2, 0, 2, 3, 1, 0, 3, 3, 0, 1, 2, 1, 2, 2, 1, 1, 0, 1, 0, 1, 3, 2, 3, 1, 3, 1, 0, 0, 1, 0, 1, 1, 1, 3, 0, 1, 0, 0, 1, 1, 3, 1, 1, 3, 0, 3, 2, 0, 3, 0, 0, 1, 1, 0, 1, 1, 3, 0, 1, 1, 1, 1, 2, 0, 1, 1, 0, 1, 0, 1, 0, 3, 3, 1, 0, 3, 2, 3, 3, 1, 0, 1, 3, 0, 2, 3, 1, 3, 0, 1, 1, 2, 3, 3, 3, 1, 1, 1, 3, 1, 1, 1, 3, 1, 3, 1, 0, 3, 1, 2, 3, 1, 3, 1, 1, 3, 3, 1, 0, 0, 1, 3, 3, 0, 1, 1, 1, 1, 2, 1, 3, 1, 1, 3, 0, 0, 3, 1], "confidence_scores": [[0.13533710911554042, 0.24456292055959608, 0.1016584898902934, 0.5184414804345702], [0.36844906430806396, 0.24343009685664663, 0.24263401791731495, 0.1454868209179746], [0.1983916280950013, 0.160603316758001, 0.18444589420370444, 0.45655916094329335], [0.3112592083531835, 0.4251072835631338, 0.12332750119833151, 0.1403060068853513], [0.1196239019321249, 0.14940366518982448, 0.4121215219775733, 0.3188509109004773], [0.34937543375981456, 0.15465111817783891, 0.27320870639184663, 0.2227647416705], [0.3347428636060496, 0.09859597742657304, 0.45148521906749517, 0.11517593989988215], [0.22827072073428306, 0.22054688141972775, 0.09961446846181961, 0.45156792938416973], [0.23487935792055428, 0.4149620965934904, 0.1344544236686195, 0.21570412181733556], [0.4085935014754375, 0.2915239058937982, 0.1439817198428899, 0.15590087278787457], [0.33305753232414276, 0.2316263609321743, 0.08822429645578543, 0.3470918102878976], [0.13710356572232835, 0.3541854462855433, 0.10440311061249799, 0.4043078773796304], [0.45192677682424853, 0.14564911612827633, 0.11293230664993134, 0.2894918003975439], [0.2178179777690259, 0.3889106004918391, 0.21823035502655172, 0.17504106671258315], [0.19780947170858787, 0.24895572122587342, 0.3147062751806199, 0.23852853188491902], [0.32291618837879893, 0.374660539047149, 0.13110852898719205, 0.1713147435868601], [0.1378451577753076, 0.3075841958678021, 0.3519509159218556, 0.20261973043503495], [0.17989425848969004, 0.198226731695111, 0.4074886310632392, 0.21439037875195982], [0.15535346513254802, 0.3501508185122144, 0.18688619815258972, 0.3076095182026479], [0.21306675082718998, 0.42774340475678185, 0.20533353133414925, 0.15385631308187867], [0.7049493055964695, 0.11613614037719275, 0.04224217679879052, 0.13667237722754721], [0.1264324966678506, 0.43762320799684773, 0.2846977526853535, 0.15124654264994816], [0.46436329082890965, 0.16982135264331152, 0.1476204988046253, 0.21819485772315342], [0.21707422732849568, 0.36342375832453494, 0.31934426455785314, 0.10015774978911632], [0.23129353032023098, 0.2690013296002495, 0.2017157233473339, 0.29798941673218576], [0.17665809410829136, 0.3013843922697429, 0.3458648196869737, 0.1760926939349921], [0.2928230823475364, 0.21951723961335584, 0.11960198730445226, 0.3680576907346556], [0.14654124373367677, 0.3869640087534604, 0.22650020000377832, 0.23999454750908444], [0.2467011173805413, 0.23025127510859933, 0.25990973034174325, 0.2631378771691161], [0.24528532993195215, 0.3789555027672052, 0.1331558216810261, 0.24260334561981653], [0.44184616430683166, 0.2863486730017833, 0.15212374295885986, 0.11968141973252516], [0.353073012196823, 0.20037154653135408, 0.1713491241209103, 0.2752063171509125], [0.1406954395082937, 0.33700590319830337, 0.223267666866031, 0.2990309904273721], [0.3307471490590385, 0.2814228958846897, 0.10959975747010288, 0.27823019758616874], [0.15742603159547522, 0.37442770541954307, 0.14465707935685418, 0.32348918362812756], [0.14195268895974555, 0.3462929854117724, 0.31180749834515076, 0.1999468272833312], [0.198967379613397, 0.35574949344848444, 0.197618060567883, 0.24766506637023566], [0.2754939421496366, 0.2680890075844569, 0.1503688694044058, 0.30604818086150065], [0.42444638973635873, 0.26124930087122594, 0.16820902515249275, 0.1460952842399228], [0.20818137510296256, 0.35824286087100415, 0.17838003304535271, 0.2551957309806807], [0.3130263960743152, 0.2844158806690826, 0.18798832461790235, 0.21456939863869998], [0.3039022084499512, 0.29089127786431623, 0.1452234786454732, 0.25998303504025927], [0.17361813066941975, 0.2942231521941966, 0.29097667878029165, 0.24118203835609184], [0.2414335846547789, 0.3495041518142472, 0.1594306988290921, 0.2496315647018819], [0.15079544890474508, 0.18235133293318315, 0.2226259553414484, 0.44422726282062347], [0.3493856847468506, 0.39282147733063294, 0.08694204291843763, 0.17085079500407888], [0.18528185537342584, 0.33201960755828486, 0.16099774162633776, 0.3217007954419514], [0.22974317160113703, 0.292759974802345, 0.1619970692037586, 0.3154997843927592], [0.5126090627463119, 0.24191460986261404, 0.09614953857844581, 0.14932678881262806], [0.1640089269155026, 0.2054356206102821, 0.28983541693735626, 0.34072003553685903], [0.2042153558921491, 0.20417944055901044, 0.40354638819672717, 0.18805881535211338], [0.3168285099330654, 0.27096775611674406, 0.10903631634577639, 0.30316741760441435], [0.21037581726556182, 0.21278198280814653, 0.18429064079011576, 0.3925515591361759], [0.5646543045879591, 0.26463282526376763, 0.09476638781273751, 0.07594648233553568], [0.269823796148086, 0.25773112391894365, 0.23833641124928284, 0.23410866868368754], [0.13995782688453032, 0.5310832121284779, 0.11847349522611376, 0.21048546576087795], [0.2144468374860788, 0.40021233262596684, 0.12496826634702736, 0.260372563540927], [0.33894946637841, 0.1905798285639203, 0.2744653758050061, 0.1960053292526635], [0.20179627712013545, 0.32161671664463437, 0.16954522271236092, 0.30704178352286937], [0.1292509905457497, 0.476218157229134, 0.07012522071103208, 0.3244056315140843], [0.257775501659371, 0.31389465594400356, 0.11041716457133594, 0.31791267782528954], [0.335286712719028, 0.19508053611064907, 0.18401368696738318, 0.2856190642029398], [0.3066462824572191, 0.3431792384792478, 0.20274778244400532, 0.147426696619528], [0.11356195185940181, 0.7477529232254505, 0.04696816042562627, 0.09171696448952156], [0.0924899873604266, 0.5142719110713163, 0.23472480049651068, 0.1585133010717465], [0.17810725534392435, 0.3255506310366838, 0.25278617443827267, 0.24355593918111923], [0.25827583733432236, 0.14484312122233423, 0.45452062963026657, 0.14236041181307674], [0.4859792410714374, 0.23026461362411849, 0.04570412135950018, 0.23805202394494399], [0.23116613085522902, 0.3829379435250759, 0.17288258166975431, 0.21301334394994076], [0.21314976347897605, 0.41921026829904634, 0.13002370888160902, 0.2376162593403685], [0.41984931366568917, 0.32809930019301464, 0.14366365161553882, 0.10838773452575724], [0.16740866464335435, 0.5397431345388224, 0.16760557874259802, 0.12524262207522524], [0.37267735964627124, 0.30952641164431344, 0.08289393478191173, 0.2349022939275036], [0.21984993915506582, 0.5087192973583547, 0.08339393105446018, 0.18803683243211936], [0.4965506084668934, 0.2584849450886516, 0.07254601418095512, 0.17241843226349984], [0.23689734799485704, 0.20597369927328696, 0.07388724931136038, 0.4832417034204955], [0.26961377093452354, 0.15150144303396343, 0.16568525169434317, 0.41319953433716966], [0.3134634620921894, 0.33371339846071113, 0.2155000444187978, 0.1373230950283016], [0.4431957178912521, 0.0939275460549066, 0.10563209787134811, 0.3572446381824933], [0.06963296650829764, 0.09231622648189482, 0.07586082345557721, 0.7621899835542304], [0.18952475927308365, 0.20301856930686982, 0.3566044183665536, 0.25085225305349307], [0.15579360830128205, 0.19503485000401413, 0.14039458046539113, 0.5087769612293128], [0.18468580186296238, 0.24651250652441742, 0.23587597784389847, 0.3329257137687218], [0.23385945331258332, 0.43698055912277345, 0.06408330937273352, 0.26507667819190994], [0.41781813054186573, 0.3097001517252885, 0.08968035820887313, 0.18280135952397267], [0.30118441177874994, 0.41592918398811024, 0.14421256316083794, 0.1386738410723018], [0.15573374775023602, 0.2886024068699085, 0.19365143711551638, 0.3620124082643392], [0.3199152587867797, 0.2741396948522609, 0.18103104513055418, 0.22491400123040534], [0.2140600524274353, 0.3030370093361066, 0.3237644877082418, 0.15913845052821626], [0.09539590627452536, 0.3178984490581433, 0.11941294135778452, 0.467292703309547], [0.24361713394140183, 0.3846478492236386, 0.15997919259602747, 0.2117558242389324], [0.19705426204274415, 0.2909540543741533, 0.08003917724859702, 0.4319525063345056], [0.34731971332457495, 0.3345403014209146, 0.11850956829087995, 0.19963041696363062], [0.18401602054970778, 0.47274121015650344, 0.10799576349164237, 0.23524700580214639], [0.21382732146378566, 0.3004929612084412, 0.2453310639492596, 0.2403486533785138], [0.299846909088658, 0.21358104098474434, 0.31067360669038524, 0.1758984432362123], [0.16969363286178252, 0.28434350799589814, 0.2504321479585421, 0.2955307111837773], [0.1270219558781377, 0.12053784897128793, 0.15491131639455213, 0.5975288787560223], [0.2824386927001403, 0.1952676633225774, 0.1138798013396698, 0.40841384263761243], [0.1405148597037509, 0.48189360831135397, 0.17982702046153384, 0.19776451152336116], [0.16165870587412148, 0.2901522211187644, 0.27512710408712443, 0.27306196891998974], [0.28105107534131474, 0.4334495756974079, 0.11184038427535405, 0.17365896468592334], [0.09173828178732317, 0.24926595484136704, 0.12948301307428592, 0.5295127502970239], [0.33284251177121127, 0.38925498311564527, 0.11509990879815808, 0.16280259631498534], [0.16885240146284433, 0.42991914405112186, 0.20220541648762402, 0.19902303799840992], [0.2835383922996964, 0.3053402333433445, 0.12349069221730344, 0.28763068213965576], [0.12926300031668053, 0.1933554059744101, 0.07808992129870615, 0.5992916724102032], [0.27388172721448867, 0.3972330331259161, 0.060002416862540764, 0.2688828227970544], [0.23829873408440438, 0.29771676832372984, 0.08770800380202291, 0.37627649378984285], [0.1432763750337409, 0.5329309522067326, 0.13968899971299814, 0.18410367304652833], [0.3743806097426954, 0.21799904801219971, 0.08707119754454494, 0.32054914470055995], [0.24723319369499658, 0.20694372550864262, 0.045546254285115974, 0.5002768265112448], [0.16646667280348124, 0.34857428645439353, 0.3011868348610412, 0.18377220588108384], [0.2205279112484576, 0.2659433351818462, 0.3152149073037969, 0.19831384626589935], [0.18926246933667965, 0.1475886968326526, 0.11870594764679572, 0.544442886183872], [0.2898186111864922, 0.4411352434542092, 0.09733954667203795, 0.17170659868726074], [0.10697675356897791, 0.337836756759226, 0.18880455241543198, 0.3663819372563642], [0.11236800139387056, 0.527630575381363, 0.1116751291813199, 0.2483262940434467], [0.21162144535260624, 0.5142543552387684, 0.0886277602598597, 0.18549643914876562], [0.2560635160927818, 0.29634204949158144, 0.1228289148892555, 0.3247655195263813], [0.35109155909213474, 0.17316143569230127, 0.07188107460829238, 0.4038659306072717], [0.21251302394587498, 0.33252768299249574, 0.2558381692696809, 0.19912112379194843], [0.5127425663375921, 0.25210318728594056, 0.069293447758142, 0.16586079861832542], [0.39911396090104595, 0.35302953165182394, 0.09342407060845308, 0.15443243683867708], [0.13029083257586954, 0.6481608174675576, 0.10732786666727553, 0.11422048328929724], [0.1909574908055509, 0.2936594346225566, 0.16784893838060155, 0.34753413619129103], [0.2635373827985205, 0.28862323396456874, 0.09508503521631904, 0.3527543480205918], [0.43346550086420627, 0.3073995523768653, 0.06759274565154631, 0.19154220110738204], [0.32752451166401203, 0.45440305466126185, 0.062252280293263164, 0.155820153381463], [0.306332928842714, 0.35892961604552437, 0.11724713498110702, 0.21749032013065456], [0.13604379417167536, 0.5202399042361603, 0.11764961970348851, 0.22606668188867582], [0.15571270284271854, 0.5686950497832954, 0.15227377813650886, 0.12331846923747737], [0.15052052611173425, 0.22391189354608504, 0.46352076455685415, 0.16204681578532673], [0.14639274785623743, 0.5082929526366693, 0.08805722077196441, 0.25725707873512893], [0.1758573306085588, 0.3172232400284263, 0.1534306604248749, 0.35348876893814], [0.23545267108729864, 0.5064444302551666, 0.09488359331777473, 0.16321930533976012], [0.3023818560199266, 0.4913928549330546, 0.12296005802716567, 0.08326523101985331], [0.15897837608810755, 0.11765670378613037, 0.05874254711543079, 0.6646223730103313], [0.7269040008281699, 0.13512520422609867, 0.04078782868008143, 0.09718296626565022], [0.5535649168348798, 0.24413452181620868, 0.1221501507684102, 0.08015041058050124], [0.3373037013312219, 0.20975301313376607, 0.08520973828302988, 0.36773354725198215], [0.18866178354549681, 0.46129680653841587, 0.1662459049838693, 0.183795504932218]]}}