{"test": {"ids": ["110118810", "102108621", "98116940", "109119010", "110118111", "105113210", "104113210", "105116090", "108113700", "108115250", "97112290", "111119150", "110117110", "113120260", "113118820", "108115970", "100109360", "113122150", "103120780", "98106560", "105115680", "102111990", "99108890", "108116481", "109114651", "102110850", "103113170", "113121220", "97110950", "97116800", "99109141", "103117200", "113119320", "104111780", "101112540", "112119610", "104113170", "109120560", "113121010", "111114941", "102114270", "98109090", "111120280", "99108010", "107119130", "113118511", "100120780", "111116090", "97109570", "112116290", "102110240", "111121351", "99107300", "102109010", "111115770", "111119290", "101108370", "112118471", "112119450", "107116501", "106116370", "101121640", "109116040", "99109161", "106113360", "113120640", "112119930", "108121190", "111114321", "99109740", "102110890", "110121500", "98108580", "111116010", "113120070", "113119120", "107113200", "113117401", "97118210", "110118740", "97107920", "99107660", "105121370", "104111620", "104111830", "111120540", "107113260", "101112201", "113117550", "113122320", "105116650", "97107260", "109120150", "112120990", "101108460", "113122220", "112116800", "101111210", "101111990", "113118810", "112121010", "97105451", "111118820", "112118550", "111115910", "106112770", "113120780", "98111231", "107113360", "112118930", "110118181", "104114230", "105120621", "102110050", "103110220", "98120530", "113120601", "108114220", "98121790", "106111321", "111114121", "110119300", "99117740", "111121190", "98106680", "111116411", "111121930", "103113210", "110117080", "109117110", "108120700", "106119990", "108119550", "111120591", "112120290", "103110050", "106121190", "107117010", "108120260", "102116500", "113118870", "103118291"], "labels": [1, 3, 2, 3, 1, 3, 3, 1, 0, 1, 1, 3, 0, 3, 0, 2, 0, 2, 1, 1, 2, 2, 0, 0, 3, 3, 3, 3, 3, 0, 3, 0, 1, 3, 2, 0, 3, 1, 2, 0, 3, 1, 0, 2, 1, 1, 1, 3, 0, 0, 3, 0, 3, 1, 3, 3, 1, 1, 3, 1, 2, 2, 0, 3, 0, 0, 1, 1, 1, 3, 0, 3, 0, 1, 2, 3, 0, 3, 2, 3, 0, 3, 2, 0, 3, 1, 0, 0, 3, 1, 1, 2, 2, 2, 0, 1, 0, 2, 2, 3, 2, 0, 0, 3, 2, 1, 0, 1, 0, 1, 1, 2, 1, 3, 2, 1, 2, 3, 2, 0, 0, 1, 2, 1, 1, 0, 1, 3, 1, 1, 2, 0, 1, 1, 1, 3, 2, 1, 1, 1, 0, 0], "predicted_labels": [1, 0, 1, 1, 2, 3, 3, 1, 3, 1, 1, 3, 3, 1, 1, 0, 3, 1, 1, 3, 1, 1, 2, 0, 1, 1, 2, 1, 0, 3, 0, 3, 1, 0, 0, 1, 2, 3, 1, 1, 1, 2, 3, 1, 3, 0, 3, 1, 0, 1, 3, 0, 3, 3, 3, 1, 3, 0, 0, 1, 3, 1, 3, 0, 1, 0, 1, 1, 1, 2, 0, 3, 2, 3, 1, 1, 1, 3, 3, 1, 0, 0, 1, 3, 3, 1, 0, 1, 3, 1, 2, 3, 1, 1, 3, 1, 1, 3, 3, 0, 1, 1, 3, 1, 3, 3, 1, 3, 1, 3, 1, 3, 3, 3, 2, 1, 1, 3, 2, 0, 1, 2, 0, 3, 1, 0, 0, 3, 2, 1, 1, 3, 3, 0, 2, 1, 1, 3, 3, 1, 1, 0], "confidence_scores": [[0.22371858344921752, 0.4719680791546064, 0.08863309026363635, 0.2156802471325398], [0.5811536832506465, 0.24766015693581586, 0.0587123202728138, 0.11247383954072383], [0.2077528973724642, 0.4463356738819605, 0.1161139294514032, 0.2297974992941722], [0.14955900465800512, 0.5153099488219831, 0.09391457520571478, 0.24121647131429713], [0.14520569510287198, 0.18887474740062737, 0.3591328357764658, 0.306786721720035], [0.17862856978807076, 0.15596893745966775, 0.09601147862995156, 0.5693910141223099], [0.12302749239619512, 0.18968516716893874, 0.3314148478748587, 0.35587249256000775], [0.12977570946191663, 0.600758156898013, 0.08612266184215163, 0.18334347179791893], [0.11869660384035634, 0.26339196901757617, 0.08004030043882109, 0.5378711267032463], [0.11119623448489575, 0.5041384886006484, 0.19275002392923937, 0.19191525298521644], [0.2591761041413928, 0.39129431384494007, 0.11177024039081457, 0.23775934162285267], [0.25450318282621176, 0.28541916776436993, 0.09470072586374534, 0.36537692354567297], [0.20596258220429386, 0.31480537076702253, 0.1418880029353835, 0.33734404409330004], [0.1572142928730311, 0.32694277912424763, 0.19730747889137398, 0.3185354491113473], [0.28894354881612416, 0.3426376645735424, 0.06694663756367855, 0.3014721490466551], [0.4809190624344404, 0.1465723737903697, 0.08494136037696393, 0.287567203398226], [0.18449479455709025, 0.30095319744445925, 0.13036097664773935, 0.3841910313507113], [0.187645840244449, 0.4330297385280689, 0.1170508199672458, 0.2622736012602363], [0.20437508945919777, 0.5869597795823479, 0.08305921665094085, 0.12560591430751342], [0.20157316530319713, 0.2615378628309909, 0.23551989480584384, 0.3013690770599682], [0.1543434745229378, 0.3923217971076475, 0.24901395133226822, 0.2043207770371464], [0.2980566129855281, 0.4569638594197499, 0.10124816405137178, 0.1437313635433503], [0.0923172574729526, 0.30855697410357413, 0.3532524494839159, 0.24587331893955752], [0.47457449060912765, 0.1986312435604903, 0.06920378112354773, 0.2575904847068344], [0.2251653719465554, 0.525082936028721, 0.07346573560573655, 0.17628595641898714], [0.240306159254158, 0.3679546728888211, 0.1910443142369539, 0.20069485362006703], [0.20381012727661932, 0.23760419327586269, 0.28815991315797024, 0.27042576628954795], [0.11648711028362652, 0.5030834376175266, 0.14370280183205963, 0.23672665026678733], [0.48654408995978954, 0.12232862523788472, 0.19294245939398716, 0.19818482540833868], [0.22167225949713953, 0.24252340439473644, 0.1376954997727161, 0.39810883633540795], [0.51036867766379, 0.20691075841326168, 0.0627952495980194, 0.21992531432492893], [0.19928570318460148, 0.2833705259252044, 0.14996682785223137, 0.3673769430379628], [0.12669990650607765, 0.582854507972897, 0.0577865675147576, 0.2326590180062678], [0.36532512966002234, 0.2170135922235508, 0.24450770906931574, 0.17315356904711116], [0.5306549038090292, 0.12191362409404669, 0.09839652785944096, 0.24903494423748307], [0.21733419835956436, 0.3084417183276997, 0.17157867341021776, 0.30264540990251815], [0.18223257804023898, 0.31505042086785107, 0.33472094212262304, 0.16799605896928688], [0.09604442796568545, 0.14419822274209734, 0.2610776511224934, 0.4986796981697239], [0.14345115899875976, 0.3793272514118681, 0.15046784677256508, 0.32675374281680714], [0.16744117018449448, 0.5032541804042299, 0.07923130762770383, 0.25007334178357193], [0.05041949470368369, 0.7075166228415387, 0.13349568884414514, 0.10856819361063232], [0.22616558111418555, 0.11270966429902286, 0.47647060813279324, 0.18465414645399836], [0.33779734993453414, 0.2119309744929623, 0.07989642991467218, 0.37037524565783136], [0.27140380063599795, 0.36716787242170007, 0.2024005833687205, 0.1590277435735815], [0.19557621044038795, 0.2244694587435974, 0.23040817492544535, 0.3495461558905692], [0.32296946361863726, 0.3193092349170927, 0.08897559073643163, 0.26874571072783854], [0.17458240869252123, 0.2530257995417337, 0.1177220854580257, 0.4546697063077194], [0.19584901005585909, 0.3285830910138368, 0.17549509341051006, 0.3000728055197939], [0.3216107825510089, 0.24899028661374564, 0.17139337689994005, 0.2580055539353056], [0.2251944675279083, 0.45933939182730404, 0.13415462807165854, 0.18131151257312922], [0.2278688466763715, 0.295254689197083, 0.14041587517911383, 0.33646058894743186], [0.600370720903243, 0.16336172800699278, 0.06330807415591647, 0.17295947693384783], [0.21904014544126052, 0.2248913678888319, 0.15681160748219344, 0.39925687918771413], [0.27866749988723355, 0.16200960644800627, 0.24448792158634175, 0.3148349720784184], [0.17898241624115271, 0.2872936351888235, 0.21268482736851846, 0.3210391212015053], [0.21520291054546264, 0.3813121858154534, 0.10323304116432751, 0.3002518624747565], [0.13896724422151277, 0.2568891320835047, 0.09379031535818172, 0.5103533083368007], [0.33702262516038217, 0.23192207829686337, 0.1188636156941294, 0.31219168084862514], [0.3293656376479859, 0.32431065237874945, 0.1074117755027082, 0.2389119344705565], [0.2150369162770881, 0.40089678852598154, 0.18893700418051493, 0.19512929101641552], [0.3667803748398743, 0.13007876728570847, 0.13004345006552082, 0.37309740780889655], [0.1013055959941197, 0.5721488120440573, 0.06310765874506573, 0.2634379332167572], [0.19797247734935575, 0.24165570106104986, 0.19885667475929186, 0.36151514683030256], [0.5947818532296834, 0.19742935320879013, 0.06267135736958954, 0.14511743619193695], [0.20835143079835103, 0.3245237830249665, 0.30643116684204286, 0.1606936193346398], [0.39039457295254, 0.202915375079048, 0.1768125943288016, 0.2298774576396105], [0.15865439969110842, 0.46492120530829, 0.1055431024761065, 0.27088129252449517], [0.2098408754623613, 0.43731548864715153, 0.12278983996936757, 0.23005379592111963], [0.18274204876453565, 0.3663110403540269, 0.10537986978034002, 0.3455670411010977], [0.14030335365253901, 0.1987875252441863, 0.5119728485284698, 0.14893627257480482], [0.4327823943524413, 0.31708721259613326, 0.11013297670615929, 0.13999741634526602], [0.29626124593632225, 0.18293782955605511, 0.1789138646844308, 0.34188705982319195], [0.08339320582038948, 0.261864574266864, 0.54664820286052, 0.10809401705222654], [0.22541380100219005, 0.3032206415366608, 0.082157485083104, 0.3892080723780451], [0.11567025468035619, 0.6656331982377718, 0.0801554463035072, 0.1385411007783649], [0.20023562116100616, 0.420097622683202, 0.10523711648250038, 0.2744296396732915], [0.1392218815229083, 0.5208026750782837, 0.07876108049331204, 0.2612143629054961], [0.30445343856288376, 0.22132143146862934, 0.10645804789664154, 0.3677670820718454], [0.1970573700345567, 0.22635195370927536, 0.1902633188310015, 0.38632735742516644], [0.18154849758870634, 0.36838049585955307, 0.11839564512420257, 0.331675361427538], [0.3724817567142833, 0.181938747742198, 0.1618376267079493, 0.2837418688355695], [0.5128972497666433, 0.12710978592654154, 0.14497729203689608, 0.2150156722699192], [0.1595211731437278, 0.5035788088255498, 0.13820492801091552, 0.19869509001980676], [0.23894467991945942, 0.2655245084766478, 0.17734040619324917, 0.3181904054106435], [0.20602692843264714, 0.23181449438208654, 0.2625509587817013, 0.2996076184035651], [0.15360952360269908, 0.331064443285407, 0.21699165403089068, 0.2983343790810033], [0.3644323849903146, 0.17817089478613293, 0.09508773050577063, 0.362308989717782], [0.2998279379661282, 0.33050168806686725, 0.10365667668343712, 0.26601369728356744], [0.11574385258339041, 0.35106612301012446, 0.0750899375330444, 0.45810008687344084], [0.16906307069557028, 0.3584399094074667, 0.23894298688582333, 0.23355403301113975], [0.11788764675494191, 0.3041831706862682, 0.40087687354566526, 0.17705230901312463], [0.19848104664264274, 0.274966469136648, 0.24290829759047453, 0.2836441866302347], [0.29843317753633397, 0.31792722412646673, 0.13586705654441927, 0.24777254179278016], [0.1380788179137671, 0.6237378603143261, 0.07271716658017903, 0.16546615519172775], [0.2905168066876121, 0.23551298672737708, 0.13595081520759913, 0.3380193913774117], [0.26279955400022664, 0.3669303803953624, 0.09801586297796311, 0.2722542026264477], [0.12124492223348278, 0.6135908909866261, 0.07384618987110027, 0.19131799690879084], [0.23846253448223015, 0.19642308747750029, 0.15000431557593819, 0.4151100624643316], [0.14298621803111997, 0.32083707663869776, 0.1270573041127323, 0.4091194012174501], [0.4604670119340377, 0.21551920637411798, 0.11166404314276507, 0.21234973854907935], [0.1757355388632, 0.4722704167848367, 0.13116180737516422, 0.22083223697679902], [0.26686261019958907, 0.40438946250944424, 0.05454250773386173, 0.27420541955710487], [0.3423904999025022, 0.12858107531249643, 0.11844088905365789, 0.4105875357313435], [0.31066340764466227, 0.3727261236869391, 0.14140683816903477, 0.17520363049936394], [0.21699317325405834, 0.2579148104572261, 0.11996022641618209, 0.40513178987253345], [0.206711655699902, 0.1554070339795987, 0.24999701104946548, 0.38788429927103396], [0.1987126650294666, 0.3859436169467493, 0.1113029878415627, 0.30404073018222144], [0.22838226068484668, 0.14858921787575582, 0.1534875640206563, 0.469540957418741], [0.37104116159241424, 0.38194836191371534, 0.10368271239264154, 0.1433277641012287], [0.15143796168878715, 0.20482582553978193, 0.08674450630122756, 0.5569917064702034], [0.2182186862526732, 0.451829468142419, 0.1543596786895191, 0.17559216691538876], [0.21841740359721656, 0.2655265345010805, 0.1095753194052982, 0.40648074249640487], [0.2926174783444112, 0.1803125006672913, 0.14170342132089395, 0.3853665996674036], [0.13828060970624664, 0.3302425535073188, 0.1330053347494916, 0.398471502036943], [0.1940260852526401, 0.26731376308594984, 0.3664105643340749, 0.17224958732733536], [0.27261434287166775, 0.3125625166373784, 0.12937020941171642, 0.2854529310792375], [0.14816177715842166, 0.47838025565900394, 0.059388092708138995, 0.3140698744744355], [0.2898769026959858, 0.23949388789131681, 0.0998599877875069, 0.3707692216251905], [0.16832392097020846, 0.2220762372824417, 0.36657365722915536, 0.24302618451819472], [0.36984461247638806, 0.2681174920259238, 0.07244474034091147, 0.2895931551567767], [0.19638442367440753, 0.5888846395623577, 0.04920737483213865, 0.16552356193109624], [0.24982287925760135, 0.06772964011923512, 0.46188430762991095, 0.22056317299325265], [0.30587338865419467, 0.28682017545170074, 0.1839667139703598, 0.2233397219237448], [0.21158601606251334, 0.17678485292796367, 0.2700734388825893, 0.3415556921269337], [0.18239917190518107, 0.34610012246982924, 0.14289530364858566, 0.3286054019764039], [0.4170821425408811, 0.0910339218508776, 0.07547732375524749, 0.4164066118529938], [0.33160556176320843, 0.20491834978959564, 0.19967029789412297, 0.263805790553073], [0.1244552614039099, 0.17995913815028194, 0.21335509914458037, 0.48223050130122785], [0.2806487368138717, 0.230296774673049, 0.286796566076684, 0.20225792243639532], [0.20918974021305187, 0.34935156858566835, 0.13153559378848503, 0.3099230974127948], [0.2862410693335639, 0.30999518269884796, 0.13291972135833532, 0.27084402660925283], [0.19193552093102528, 0.209531241300963, 0.1617693640897813, 0.4367638736782305], [0.09582532919654874, 0.3544705780868488, 0.0913004559459785, 0.458403636770624], [0.4748288279490584, 0.1534468339323594, 0.09289376200320063, 0.2788305761153817], [0.10240418357862696, 0.10281776144514503, 0.5500311999606392, 0.24474685501558888], [0.13523044566346146, 0.4114529607862433, 0.07037024086401436, 0.3829463526862809], [0.13562426856981002, 0.3924113326079654, 0.15313571329883852, 0.3188286855233861], [0.2013497106970092, 0.29217875791006415, 0.1347332977595137, 0.37173823363341296], [0.19157349223806233, 0.20333305343640298, 0.26954759928314, 0.3355458550423947], [0.2868333388676348, 0.3549916373335748, 0.120860228342331, 0.23731479545645964], [0.2727911280971679, 0.29435439309553585, 0.15703452126497364, 0.27581995754232275], [0.4485676142771662, 0.24495224101704577, 0.08541068461802433, 0.2210694600877637]]}, "rewritten": {"ids": ["97105451", "97107260", "97107920", "97109570", "97110950", "97112290", "97116800", "97118210", "98106560", "98106680", "98108580", "98109090", "98111231", "98116940", "98120530", "98121790", "99107300", "99107660", "99108010", "99108890", "99109141", "99109161", "99109740", "99117740", "100109360", "100120780", "101108370", "101108460", "101111210", "101111990", "101112201", "101112540", "101121640", "102108621", "102109010", "102110050", "102110240", "102110850", "102110890", "102111990", "102114270", "102116500", "103110050", "103110220", "103113170", "103113210", "103117200", "103118291", "103120780", "104111620", "104111780", "104111830", "104113170", "104113210", "104114230", "105113210", "105115680", "105116090", "105116650", "105120621", "105121370", "106111321", "106112770", "106113360", "106116370", "106119990", "106121190", "107113200", "107113260", "107113360", "107116501", "107117010", "107119130", "108113700", "108114220", "108115250", "108115970", "108116481", "108119550", "108120260", "108120700", "108121190", "109114651", "109116040", "109117110", "109119010", "109120150", "109120560", "110117080", "110117110", "110118111", "110118181", "110118740", "110118810", "110119300", "110121500", "111114121", "111114321", "111114941", "111115770", "111115910", "111116010", "111116090", "111116411", "111118820", "111119150", "111119290", "111120280", "111120540", "111120591", "111121190", "111121351", "111121930", "112116290", "112116800", "112118471", "112118550", "112118930", "112119450", "112119610", "112119930", "112120290", "112120990", "112121010", "113117401", "113117550", "113118511", "113118810", "113118820", "113118870", "113119120", "113119320", "113120070", "113120260", "113120601", "113120640", "113120780", "113121010", "113121220", "113122150", "113122220", "113122320"], "labels": [0, 2, 0, 0, 3, 1, 0, 2, 1, 1, 0, 1, 1, 2, 1, 2, 3, 3, 2, 0, 3, 3, 3, 2, 0, 1, 1, 0, 2, 2, 0, 2, 2, 3, 1, 3, 3, 3, 0, 2, 3, 1, 3, 2, 3, 3, 0, 0, 1, 0, 3, 3, 3, 3, 2, 3, 2, 1, 1, 1, 2, 0, 1, 0, 2, 0, 2, 0, 0, 0, 1, 1, 1, 0, 3, 1, 2, 0, 1, 1, 2, 1, 3, 0, 1, 3, 2, 1, 1, 0, 1, 1, 3, 1, 1, 3, 0, 1, 0, 3, 2, 1, 3, 0, 0, 3, 3, 0, 1, 1, 1, 0, 1, 0, 0, 1, 3, 1, 3, 0, 1, 1, 2, 2, 3, 3, 1, 3, 0, 0, 3, 1, 2, 3, 2, 0, 0, 2, 3, 2, 1, 1], "predicted_labels": [0, 2, 3, 0, 0, 0, 1, 3, 2, 2, 3, 2, 3, 1, 2, 2, 3, 2, 1, 2, 0, 0, 2, 0, 3, 3, 3, 0, 3, 2, 1, 3, 1, 0, 2, 1, 3, 0, 2, 1, 1, 1, 1, 2, 3, 3, 1, 3, 3, 3, 0, 3, 2, 3, 3, 3, 3, 1, 2, 3, 1, 3, 1, 3, 0, 3, 1, 1, 3, 0, 1, 2, 1, 3, 1, 3, 0, 0, 1, 3, 1, 3, 0, 3, 3, 1, 3, 3, 1, 3, 3, 1, 3, 3, 3, 3, 1, 0, 1, 3, 3, 1, 1, 3, 3, 1, 0, 3, 2, 3, 0, 0, 3, 1, 1, 0, 1, 3, 1, 2, 1, 3, 1, 1, 0, 1, 1, 1, 0, 0, 3, 3, 3, 3, 1, 0, 3, 0, 3, 1, 3, 3], "confidence_scores": [[0.4326009465191842, 0.23116121046677798, 0.06913989638916015, 0.2670979466248777], [0.07464165107576243, 0.19326654847882038, 0.42192957103486345, 0.3101622294105537], [0.20859212315104259, 0.23057514735282808, 0.12431487792453345, 0.43651785157159584], [0.3464873359086355, 0.20393397531971896, 0.167484609912894, 0.2820940788587516], [0.46001165743078715, 0.11012978399403406, 0.1514125122716019, 0.27844604630357705], [0.45188459695405425, 0.15297271486109493, 0.11559710229992294, 0.27954558588492784], [0.23602893308053652, 0.2916218936341978, 0.2540988253685247, 0.21825034791674108], [0.1915979344264839, 0.13158941876730315, 0.1325445394626993, 0.5442681073435136], [0.19624072701649478, 0.2551425640768179, 0.2878580229931362, 0.2607586859135512], [0.26131568902258284, 0.21207905399185464, 0.3798139115431566, 0.14679134544240593], [0.14850107764137385, 0.2738322910985401, 0.28382481702324747, 0.2938418142368386], [0.1479682397687117, 0.2447043421567129, 0.4224490889547769, 0.18487832911979846], [0.2498811407168616, 0.12292156314529432, 0.1405916930378192, 0.486605603100025], [0.2645347296967754, 0.32468285528672325, 0.11589042736799701, 0.2948919876485043], [0.24365179476849233, 0.13837909458739892, 0.48263039868056057, 0.1353387119635482], [0.13227807993639476, 0.15749081970837156, 0.4315741419991308, 0.27865695835610294], [0.1816531931273272, 0.18638727620665135, 0.14187920013238678, 0.4900803305336347], [0.1905086337181047, 0.16425284690874367, 0.37322075116950215, 0.27201776820364953], [0.13062327367110466, 0.5493711857425267, 0.11755885361773158, 0.20244668696863719], [0.09526552611447221, 0.2989804469733315, 0.352674170295118, 0.2530798566170784], [0.4816560676577368, 0.2961170380180553, 0.049783789037602125, 0.172443105286606], [0.38188579257102784, 0.29263182603976023, 0.09125095521969566, 0.23423142616951623], [0.1663176835446698, 0.1603311521377713, 0.40953729947969536, 0.26381386483786357], [0.4168870053038751, 0.13662799800152406, 0.07194800126143931, 0.37453699543316166], [0.14598603148624517, 0.21309412123908422, 0.13570013639687262, 0.505219710877798], [0.23370706804155292, 0.1424123562841028, 0.12199113693072537, 0.501889438743619], [0.23896123196350233, 0.31958345510552827, 0.061564996455329986, 0.3798903164756395], [0.3586033918347862, 0.23237559635978783, 0.10471906906733917, 0.304301942738087], [0.22550467408259992, 0.21904839512065277, 0.1547206719007312, 0.40072625889601615], [0.1442845997722449, 0.27187142452669893, 0.40108299558146365, 0.18276098011959258], [0.1971743960813662, 0.3954864275059633, 0.09351179889531859, 0.31382737751735185], [0.1468942625137699, 0.17936854519052145, 0.08687791706569996, 0.5868592752300086], [0.062060202704352585, 0.5169338083272933, 0.21514460091188495, 0.2058613880564692], [0.5618612493077633, 0.2338231733288205, 0.05558591663843246, 0.14872966072498392], [0.2917116013271253, 0.16229989955340818, 0.3017781124203028, 0.2442103866991637], [0.12250199394319962, 0.5419729013948693, 0.2014822870507167, 0.13404281761121448], [0.20976979627024323, 0.3005284704233282, 0.09571839118653133, 0.3939833421198974], [0.3579987663123957, 0.2952768422096875, 0.1732417365213757, 0.1734826549565412], [0.18212360621056217, 0.2149776436760327, 0.3671342303846441, 0.23576451972876114], [0.25829589154286725, 0.4474740177245255, 0.10681383841972608, 0.18741625231288123], [0.12428466294661844, 0.5316908284592189, 0.21745857227155396, 0.12656593632260868], [0.22328608398165042, 0.27694851298103096, 0.2670708293532323, 0.23269457368408616], [0.19990010395277902, 0.43192235457321676, 0.13786127443684404, 0.23031626703716024], [0.1741415183312393, 0.10599175851855129, 0.5835143526894824, 0.136352370460727], [0.16129496922886424, 0.2261342435235994, 0.27155474657788503, 0.34101604066965135], [0.13362321302790928, 0.21394149464151946, 0.18035845732727906, 0.4720768350032922], [0.13524134805193572, 0.4543837072895928, 0.12466916158083238, 0.28570578307763894], [0.22173550800321673, 0.2531505968242659, 0.10111574530346885, 0.4239981498690484], [0.19607115149311152, 0.2570574816056871, 0.26783708794048783, 0.2790342789607135], [0.2236716620157994, 0.18531202510057462, 0.09050759982839758, 0.5005087130552285], [0.28440600481399614, 0.21236469618835574, 0.2746909589251365, 0.22853834007251156], [0.15775652535506524, 0.27764006576836425, 0.2517571748150893, 0.3128462340614813], [0.19147037080622162, 0.26870916197590006, 0.3091727254404518, 0.23064774177742658], [0.16527313379155442, 0.21552965956076153, 0.1504619068653474, 0.4687352997823367], [0.27528683445875685, 0.21441237058150467, 0.20572276203062148, 0.30457803292911706], [0.15638853127698826, 0.27731593340711613, 0.1788225920746709, 0.3874729432412248], [0.13046967241487342, 0.2451573272917147, 0.1681566827681586, 0.45621631752525327], [0.09964390509696454, 0.6820597487256576, 0.06901017736764738, 0.1492861688097306], [0.13684881819256828, 0.168620882034436, 0.5314957179662526, 0.1630345818067431], [0.24005106109312788, 0.15610729553511124, 0.09371960346346724, 0.5101220399082937], [0.1271351836896864, 0.6191365180877172, 0.09140363882660288, 0.16232465939599353], [0.2678752255795224, 0.26204695857043697, 0.15415224108321757, 0.3159255747668229], [0.18473715629315116, 0.3874172832957952, 0.2614381197125545, 0.16640744069849914], [0.1335693579137375, 0.19501459377938285, 0.24091844883602712, 0.4304975994708525], [0.38421699938280185, 0.1943978695205842, 0.14448615567312992, 0.2768989754234841], [0.2387441710627101, 0.2687547755084039, 0.20706104000986753, 0.2854400134190184], [0.23769255187174676, 0.42415731135091433, 0.10871053866169819, 0.22943959811564055], [0.12787219810486541, 0.4429062318370664, 0.13855644610996545, 0.2906651239481027], [0.18914636545934388, 0.14426183898071807, 0.12375927379948232, 0.5428325217604556], [0.4276613175349146, 0.314642177985362, 0.05978136317264095, 0.19791514130708243], [0.2896761578120978, 0.34558852291489156, 0.07644779306327683, 0.2882875262097336], [0.18282905779198344, 0.1462456809870245, 0.43931925409517236, 0.23160600712581966], [0.12383721318357703, 0.49521475445915675, 0.1853384185983185, 0.19560961375894775], [0.27344843572768046, 0.22771599205148838, 0.17703059808296565, 0.3218049741378655], [0.10656317024071332, 0.36800467345094706, 0.2581467297820037, 0.267285426526336], [0.10832797874720557, 0.31997583760261744, 0.1597326354888182, 0.41196354816135894], [0.6448542065196946, 0.11905978764153409, 0.046132411642524226, 0.1899535941962471], [0.5464241402709751, 0.17806551605744284, 0.08351115139785331, 0.19199919227372889], [0.0872854961745716, 0.40469660478306796, 0.12063360433758724, 0.38738429470477315], [0.17605560126154682, 0.2430706121631258, 0.16739682648263973, 0.4134769600926877], [0.27383391998034806, 0.3152364826059564, 0.1313931350818987, 0.2795364623317969], [0.1905596255711652, 0.29701821796006317, 0.1347626942607377, 0.377659462208034], [0.49029593931208654, 0.27775559707535663, 0.060749058111368874, 0.17119940550118812], [0.15298731251071812, 0.23258531534294385, 0.22507921583962004, 0.38934815630671793], [0.14511023535497547, 0.27289371137083335, 0.10429259320025126, 0.47770346007394], [0.2045786827633767, 0.4107784303151124, 0.11865795814250264, 0.26598492877900815], [0.2432673299146822, 0.29212148527086973, 0.1452516956621628, 0.3193594891522854], [0.15842643902964, 0.3155679435886149, 0.20072972328809865, 0.3252758940936463], [0.1686365014557692, 0.4483850259952729, 0.19774690026312203, 0.18523157228583606], [0.2587422920467388, 0.2206390820571467, 0.1978795325433296, 0.32273909335278483], [0.23034250223688119, 0.17880496224320266, 0.2939501929603991, 0.296902342559517], [0.3130867313872684, 0.33959520914190144, 0.11265442876411359, 0.23466363070671648], [0.15949257871963035, 0.2871311559316772, 0.18652746035010437, 0.36684880499858813], [0.3231426064770037, 0.13653457850106615, 0.08615504625070465, 0.4541677687712254], [0.3263610752460108, 0.11348163160180125, 0.07851604678179873, 0.48164124637038924], [0.2523030391387627, 0.2265628199289485, 0.17140695500501657, 0.3497271859272721], [0.2930241848391163, 0.5050945936244591, 0.05643448189111522, 0.14544673964530958], [0.5725757994076357, 0.16792780626112097, 0.05982134135445072, 0.19967505297679253], [0.2929109087983137, 0.339383714297229, 0.10147987410251567, 0.26622550280194157], [0.22590540714375015, 0.26820799186500294, 0.13143984403267678, 0.3744467569585701], [0.2631918624161145, 0.23742027911103003, 0.13196507396014112, 0.36742278451271454], [0.28150791080728826, 0.33912003267064095, 0.10402343583945346, 0.27534862068261734], [0.2199328598655323, 0.3427899840507485, 0.13621485803230093, 0.3010622980514183], [0.23731050468602516, 0.09719247121252897, 0.08322124017440448, 0.5822757839270415], [0.3566228964484997, 0.17223001090089482, 0.10416420846279227, 0.36698288418781333], [0.20202286237714034, 0.48030634196632177, 0.09766265407668843, 0.22000814157984946], [0.29257871923832446, 0.2109056721420941, 0.24551138997394034, 0.25100421864564104], [0.32347287959568516, 0.2411023511389423, 0.09212805051502519, 0.3432967187503474], [0.12783670876576853, 0.14385439861275662, 0.5684701522476666, 0.15983874037380807], [0.3059790463023192, 0.22540305940574037, 0.10691083392210941, 0.3617070603698309], [0.31230872978229285, 0.2207773764229256, 0.20881886602791946, 0.2580950277668622], [0.40083953702600117, 0.22515315823024484, 0.11407374493131658, 0.25993355981243743], [0.25249785725413226, 0.22608514918591885, 0.10318664393255146, 0.4182303496273975], [0.18745365753359614, 0.4787604944957329, 0.1213092395242504, 0.21247660844642063], [0.13857810262417952, 0.36136741828073876, 0.19483240355489984, 0.305222075540182], [0.3375619914915855, 0.1968876673719571, 0.13571865970687835, 0.3298316814295792], [0.18223619840635752, 0.4310529116441814, 0.21664362962662687, 0.17006726032283404], [0.12977068416138968, 0.18269636546920265, 0.26182239815958896, 0.42571055220981885], [0.2692705249193779, 0.3787867587437828, 0.08898969327725159, 0.26295302305958773], [0.18956077769714233, 0.2605251562059108, 0.33524861464146566, 0.21466545145548122], [0.15761537961415226, 0.5265222692227641, 0.0801791114439415, 0.23568323971914207], [0.1846910312352633, 0.13513608129765617, 0.329172388337015, 0.3510004991300656], [0.24679822109192454, 0.40652309414292076, 0.14598890593663197, 0.20068977882852265], [0.17143222542937922, 0.34586734394433766, 0.2593220324936173, 0.22337839813266566], [0.4087612958498294, 0.18655732933324415, 0.13348952833546124, 0.2711918464814653], [0.243151448149542, 0.2856926559405395, 0.2355202659305557, 0.23563562997936277], [0.2526395452021539, 0.4152754554369988, 0.06124905413224315, 0.2708359452286042], [0.24147448878717268, 0.31674487578031163, 0.13331109374102051, 0.30846954169149515], [0.43997095265284164, 0.3248508150165215, 0.06832884462643818, 0.1668493877041987], [0.3521496296952937, 0.18930613503890217, 0.15989878419353393, 0.2986454510722704], [0.17842046693124788, 0.30227905089610096, 0.10997502177449654, 0.4093254603981546], [0.11990041700280234, 0.27516898125148925, 0.03803462988880825, 0.5668959718569003], [0.15483273373360304, 0.16225877783590464, 0.1356625546749928, 0.5472459337554995], [0.23260579429041123, 0.2382165541732233, 0.24446272086275725, 0.2847149306736083], [0.12104318622353845, 0.5855886520596472, 0.08775644019866272, 0.20561172151815177], [0.4070506048627724, 0.2081234409863703, 0.16601978408017343, 0.2188061700706838], [0.18288025370214836, 0.3127199335316017, 0.1513708975276543, 0.3530289152385955], [0.2901165998930059, 0.27288680401277804, 0.18411047146740772, 0.2528861246268084], [0.1296092244181812, 0.2892147408511461, 0.1973928450535595, 0.3837831896771133], [0.24297022559599962, 0.3550095301643973, 0.10167258716363928, 0.30034765707596384], [0.21372248400391047, 0.26607319560193776, 0.17365187562630688, 0.3465524447678448], [0.2690113064550093, 0.21317045174231672, 0.16981210075091113, 0.34800614105176264]]}}