{"test": {"ids": ["102116340", "113118630", "111117571", "109117110", "108117720", "108121190", "105115380", "111115780", "98107340", "111120280", "113119340", "108117610", "111119250", "100108080", "106114321", "113119480", "107112840", "101108950", "99107640", "111120640", "111114121", "100113210", "101112160", "105113330", "112118880", "111119300", "112116880", "113121010", "109118231", "111116750", "107117010", "110117110", "111117000", "110115890", "110114950", "112119320", "97118210", "112118530", "112120990", "104113550", "110114610", "111119950", "111114321", "100107920", "112116990", "100108990", "99113260", "112117571", "97110950", "97107681", "102113981", "109116441", "99119830", "104117630", "101114020", "101111990", "107113180", "103113101", "113119120", "110120640", "99110730", "106116441", "109115220", "110121500", "113122150", "112116401", "112118890", "108115570", "113119930", "105120621", "100109890", "104111380", "102110050", "112120290", "105116980", "99111930", "106118301", "107113170", "110114720", "113119320", "108115870", "107112850", "108119510", "112118810", "97106591", "111120260", "104110960", "101109370", "110121170", "100108520", "113117401", "98108520", "110118740", "97107040", "102110690", "104116441", "111116530", "105117200", "98108410", "106113830", "112116501", "111118820", "113120751", "112119450", "113122120", "108115070", "103120340", "105115570", "98110680", "101108370", "111117480", "105118230", "109114030", "104109311", "113120830", "108115880", "108121160", "107113260", "112121351", "98108150", "108113620", "103113260", "109117271", "107113200", "110114321", "107116340", "104111780", "109117080", "110118181", "106120640", "112118620", "97106600", "97107920", "107118820", "113121750", "99108710", "105112130", "107119950", "106114280", "103109021", "113119300", "103111540"], "labels": [3, 3, 3, 1, 1, 1, 1, 1, 0, 0, 0, 3, 1, 0, 2, 3, 1, 2, 1, 0, 0, 0, 3, 3, 1, 1, 0, 2, 1, 3, 1, 0, 0, 2, 0, 1, 2, 1, 2, 1, 1, 0, 1, 0, 0, 2, 0, 3, 3, 3, 1, 3, 1, 0, 3, 2, 3, 3, 3, 0, 3, 0, 3, 3, 2, 0, 3, 3, 1, 1, 3, 3, 3, 1, 0, 1, 1, 0, 3, 1, 3, 1, 1, 3, 1, 3, 2, 1, 2, 2, 3, 2, 3, 2, 0, 1, 3, 3, 1, 1, 3, 0, 1, 3, 1, 1, 1, 0, 2, 1, 1, 1, 1, 3, 3, 3, 2, 0, 0, 0, 3, 3, 0, 0, 1, 3, 3, 1, 1, 3, 3, 3, 0, 3, 0, 2, 1, 3, 3, 0, 1, 1], "predicted_labels": [3, 3, 0, 1, 1, 1, 1, 0, 2, 3, 0, 3, 1, 1, 0, 0, 2, 2, 3, 1, 1, 3, 3, 3, 1, 3, 1, 1, 1, 0, 2, 1, 1, 1, 3, 2, 2, 1, 1, 0, 1, 3, 1, 3, 3, 1, 1, 3, 1, 2, 1, 0, 1, 0, 3, 3, 2, 1, 3, 1, 0, 1, 3, 0, 3, 0, 0, 0, 1, 3, 0, 0, 1, 2, 0, 1, 0, 1, 2, 0, 3, 1, 2, 1, 2, 0, 0, 1, 3, 3, 0, 1, 3, 2, 0, 1, 1, 3, 0, 3, 3, 0, 1, 3, 1, 0, 3, 1, 2, 0, 1, 3, 2, 3, 1, 3, 1, 1, 0, 1, 3, 1, 3, 0, 0, 1, 1, 1, 1, 1, 0, 2, 0, 0, 0, 1, 1, 3, 3, 0, 3, 1], "confidence_scores": [[0.1563182867047731, 0.30779461683671067, 0.2814536591875891, 0.25443343727092727], [0.27546815611429815, 0.2593479061875334, 0.17970201837287939, 0.285481919325289], [0.2763404345967405, 0.284719124063916, 0.1226755598070548, 0.31626488153228866], [0.2357940025274249, 0.2770584491996499, 0.22583472895621073, 0.2613128193167146], [0.2755855968815385, 0.2837698188324106, 0.1566768726643406, 0.28396771162171014], [0.243429489546165, 0.29388296191402774, 0.19923558032982328, 0.263451968209984], [0.22232339296194492, 0.30067218706312604, 0.2460483934890164, 0.23095602648591274], [0.2796282180955881, 0.27325162464795966, 0.14925620136246634, 0.29786395589398607], [0.2199228830263389, 0.2637192995690777, 0.2766977142384822, 0.23966010316610137], [0.3027266989172523, 0.29346632814450546, 0.09192293470178306, 0.31188403823645927], [0.2851392952651014, 0.28687061207322556, 0.08290904426546127, 0.34508104839621195], [0.3295531588513731, 0.28285948428073854, 0.06103062513880983, 0.3265567317290784], [0.19563172343560203, 0.30032070761623475, 0.25052658134125283, 0.25352098760691066], [0.25101577523340163, 0.3039050645560361, 0.16050315881084565, 0.2845760013997165], [0.25006991835253706, 0.24434943708110476, 0.26566609777179045, 0.23991454679456745], [0.28010788617812243, 0.27055616000006527, 0.12326805790954008, 0.32606789591227214], [0.22173635764121297, 0.2656347774799572, 0.3049123916169798, 0.20771647326184997], [0.19700535694463625, 0.2618948834091394, 0.3140701595889689, 0.22702960005725517], [0.2550606016002694, 0.27322091177352026, 0.1841710067786266, 0.2875474798475836], [0.2508008805638287, 0.30265343661735733, 0.1424016509459763, 0.3041440318728378], [0.242792868817815, 0.3100670154660194, 0.16335363224863902, 0.28378648346752655], [0.3168804169602078, 0.27529685546907506, 0.10780175678026088, 0.30002097079045614], [0.1797081742266333, 0.2727406735680355, 0.29033831198378207, 0.2572128402215491], [0.32340420376970247, 0.25522974028074447, 0.122568266423637, 0.29879778952591607], [0.20247259512011873, 0.2775907813286173, 0.269867032585398, 0.250069590965866], [0.28402809343951074, 0.2852320961439227, 0.13522782773359182, 0.2955119826829748], [0.2251769870150789, 0.2898602278907587, 0.22199343544785224, 0.2629693496463099], [0.23398072813079007, 0.29442410071853325, 0.2028285436491159, 0.26876662750156066], [0.26609686239575026, 0.2933386260855237, 0.14004429053390124, 0.3005202209848247], [0.313914785247754, 0.24617558830307856, 0.11341246508969835, 0.32649716135946893], [0.1616395644076196, 0.24702781094208223, 0.40765844579903254, 0.18367417885126527], [0.19222442528057393, 0.2934500316391888, 0.3030036130053102, 0.21132193007492645], [0.2584828603641098, 0.2808684519358546, 0.18052312454465608, 0.28012556315537945], [0.2224871548867525, 0.2833576967594188, 0.24093826607443866, 0.25321688227938993], [0.3192988962004656, 0.2691100058940554, 0.0921552158550373, 0.3194358820504418], [0.1284760554016648, 0.28508946572172567, 0.43234193568022417, 0.15409254319638535], [0.2162185985242394, 0.2437043935696484, 0.32065896085690104, 0.2194180470492113], [0.18288994355600116, 0.32649076475027855, 0.31576387611879697, 0.17485541557492318], [0.26574436654830874, 0.3120384747053605, 0.11735611086832409, 0.3048610478780066], [0.29233118891722415, 0.2406500654095403, 0.17973839389088678, 0.2872803517823487], [0.2327216581332851, 0.29518931827621164, 0.2561615597706728, 0.21592746381983088], [0.26207883705099233, 0.28295958496359125, 0.15735801719599574, 0.2976035607894205], [0.23527831116251893, 0.294098977045101, 0.23997878547788912, 0.2306439263144909], [0.3108137055664297, 0.2680143518950235, 0.11531181841598534, 0.3058601241225616], [0.32457979302399126, 0.24787483915837114, 0.12659145682560238, 0.3009539109920354], [0.22938146357999903, 0.30635424009182194, 0.19675530779319142, 0.26750898853498756], [0.22839998585797924, 0.2820327929304508, 0.26142092256758104, 0.2281462986439887], [0.3090186997338946, 0.28872791023311006, 0.08918124529249268, 0.31307214474050254], [0.2707089851657258, 0.29078711288894227, 0.15378572391929327, 0.2847181780260385], [0.18756202288542076, 0.24888444588665637, 0.3349682556543601, 0.22858527557356306], [0.24072813058788303, 0.29483946603006883, 0.22384386521490138, 0.24058853816714681], [0.2894045557485149, 0.29286091964235145, 0.07372921778407589, 0.3440053068250577], [0.17314077827934551, 0.3026963057859971, 0.28111902063818256, 0.24304389529647483], [0.28868980567889524, 0.2674532210168307, 0.13158610766135892, 0.31227086564291523], [0.28212061521320464, 0.272139869759847, 0.16791061290173492, 0.27782890212521344], [0.23341205751671595, 0.26790164194104565, 0.22939858597895857, 0.2692877145632797], [0.212089624044259, 0.2650630302562281, 0.2950063529319185, 0.2278409927675946], [0.28236161222517603, 0.2883927981263177, 0.13194339826093943, 0.29730219138756686], [0.29860419149110706, 0.26659033116721803, 0.13022234074223263, 0.3045831365994424], [0.2242200147375917, 0.26999201221333413, 0.26276117563316215, 0.24302679741591207], [0.22849681105868289, 0.2636673557836471, 0.24220095178111364, 0.2656348813765565], [0.280021267558371, 0.3104833373308496, 0.07868834572958454, 0.33080704938119465], [0.2999113030394807, 0.28911067755911535, 0.11290210859205796, 0.2980759108093462], [0.2769854839713259, 0.28474709067647425, 0.11646722747532975, 0.32180019787686975], [0.24470996786817753, 0.27227465532138645, 0.20804221477159282, 0.27497316203884337], [0.3070799485850896, 0.2550561361967827, 0.08494317948000338, 0.3529207357381243], [0.2957927755194633, 0.3016194555409317, 0.06813023970663726, 0.33445752923296773], [0.28164473038832377, 0.24395803269088057, 0.19485095724359416, 0.2795462796772016], [0.28524012875400545, 0.2958942866937212, 0.09681422869716824, 0.32205135585510525], [0.34547986916130596, 0.2832108423292221, 0.06335830204952189, 0.30795098645994995], [0.2598074674121483, 0.27592223371907115, 0.1971657664961699, 0.26710453237261067], [0.2733151763966972, 0.2603341781030927, 0.23553053563423887, 0.23082010986597098], [0.21160990271067942, 0.280580395393891, 0.2384641570753456, 0.26934554482008405], [0.2071488678894519, 0.2391650874464964, 0.37682104479271755, 0.176864999871334], [0.3070501144533692, 0.26833095570716325, 0.1116329836380931, 0.31298594620137454], [0.15420173189732772, 0.315905587639276, 0.30210191292987154, 0.22779076753352479], [0.3060615806021492, 0.26825148163369544, 0.08207864500880369, 0.34360829275535154], [0.25232008274748025, 0.28164579009448776, 0.18742651460822987, 0.27860761254980254], [0.1505722770572833, 0.259369449483679, 0.44272349761854696, 0.14733477584049065], [0.28956679673919306, 0.28626379566483123, 0.09202539394766038, 0.3321440136483154], [0.30621273752320866, 0.2692628716221915, 0.12081995619037414, 0.3037044346642258], [0.234665106307099, 0.30638086254465574, 0.2099909718485775, 0.24896305929966772], [0.21536638071158917, 0.2792725497852824, 0.32666873253089285, 0.1786923369722357], [0.29200189982893393, 0.30883100246986217, 0.07793596785043873, 0.32123112985076513], [0.17088939948830578, 0.2807285138270633, 0.33194479971144625, 0.21643728697318476], [0.28500304327949444, 0.2750511802009496, 0.12506405079756738, 0.3148817257219888], [0.30042193626832986, 0.26004495787845855, 0.1611047717045157, 0.27842833414869567], [0.20961133731547796, 0.2907902285037372, 0.24649219856719326, 0.2531062356135917], [0.2508708945289945, 0.28953019736736907, 0.17861178473475248, 0.2809871233688841], [0.2747978248122353, 0.25784788947173576, 0.17795473752740273, 0.28939954818862623], [0.2827654668609826, 0.2806736474270916, 0.12241037575392656, 0.31415050995799937], [0.26249329552279504, 0.30034432094381047, 0.13303954735761161, 0.30412283617578284], [0.2797858572842124, 0.2517527794196459, 0.18300015186512303, 0.28546121143101905], [0.18083875167280836, 0.26943718868073846, 0.36811425844159923, 0.1816098012048538], [0.29469520691822776, 0.2884483177541868, 0.09898620759535516, 0.31787026773223054], [0.3044151025277794, 0.3068939793399938, 0.06957361191121658, 0.31911730622101037], [0.21095165943348396, 0.3098262907385686, 0.24631498060857587, 0.23290706921937146], [0.24197261264103448, 0.2767377584328957, 0.1924905760428354, 0.28879905288323443], [0.2629317042998592, 0.284032937519084, 0.180650072701378, 0.2723852854796788], [0.28057803773496776, 0.2746295986234444, 0.1515838156617027, 0.2932085479798856], [0.3062407962342365, 0.29184746425628866, 0.10065354901825718, 0.3012581904912177], [0.2861331420836417, 0.2764781897131853, 0.10093763844356353, 0.3364510297596093], [0.2508629914642718, 0.28294169485644227, 0.17610741473975863, 0.29008789893952713], [0.3074753265181825, 0.27223463332720516, 0.10444592329633531, 0.31584411685827724], [0.2488885021447888, 0.29774411651035143, 0.1956579939155342, 0.2577093874293256], [0.2583673047461318, 0.2724912147968698, 0.2273868527626017, 0.24175462769439657], [0.21714248767162184, 0.26574221009214716, 0.2612800519290422, 0.255835250307189], [0.24872825585880734, 0.2777080637876697, 0.204872700676827, 0.2686909796766959], [0.19143422439551475, 0.27657702390483807, 0.370444068755032, 0.1615446829446154], [0.2966786349839169, 0.26563679149447855, 0.09933949826310542, 0.33834507525849916], [0.26299462227921055, 0.2991982818852685, 0.13744265505552525, 0.30036444077999574], [0.2871904242880825, 0.27731707166680963, 0.1403889412095901, 0.2951035628355179], [0.2145799432742303, 0.26266543380753765, 0.27091922788545797, 0.25183539503277413], [0.31704008073094736, 0.29074261490139597, 0.06152612919499198, 0.33069117517266455], [0.24980598357719694, 0.29592784799606525, 0.1799570200891249, 0.27430914833761294], [0.2522487883928417, 0.2736007440803356, 0.190836615875039, 0.2833138516517839], [0.2764711553404335, 0.2932922190210972, 0.13557031413077555, 0.29466631150769385], [0.19701641187557126, 0.28983812147023624, 0.26897787691353536, 0.24416758974065716], [0.31145391888707713, 0.2737321289748966, 0.08133431812370033, 0.3334796340143262], [0.25235048999401555, 0.2998220255402264, 0.15420486120001972, 0.2936226232657384], [0.2979526295966003, 0.2638219281375019, 0.13456885334570798, 0.30365658892018954], [0.2475652711153985, 0.2991373866570984, 0.1891371934910756, 0.26416014873642746], [0.3008354911963998, 0.27966353562475743, 0.12993508845275056, 0.28956588472609235], [0.31324548904028815, 0.2503604709546745, 0.09597129663322135, 0.34042274337181594], [0.2802215461388771, 0.26580164344094037, 0.1623744523135202, 0.2916023581066622], [0.2661094292320226, 0.2793840072498233, 0.15912800050573192, 0.29537856301242216], [0.2715753216714433, 0.3073834748190314, 0.13490769655174953, 0.2861335069577755], [0.2156184894595622, 0.3339662145997817, 0.1745011569213761, 0.2759141390192799], [0.2628744918825195, 0.287047515322433, 0.14977391648118288, 0.3003040763138646], [0.17811488262187133, 0.33120789638970005, 0.2692049364079623, 0.221472284580466], [0.3003500325870294, 0.2803267473447589, 0.08431077161651487, 0.3350124484516968], [0.1436780542424649, 0.2595003799091033, 0.4296355983825798, 0.16718596746585232], [0.31822125493576864, 0.24517874553840344, 0.10807141698092063, 0.3285285825449073], [0.2635735449266307, 0.26965354653755397, 0.16274290373459824, 0.30403000480121706], [0.2848878591961613, 0.29510229346858696, 0.08465982564658842, 0.33535002168866346], [0.19956125977976294, 0.33460360923223836, 0.202877897305105, 0.26295723368289387], [0.23334521561353042, 0.29771839931220034, 0.18867381048955287, 0.28026257458471654], [0.28320646097054236, 0.2910820543014269, 0.12707757158099578, 0.29863391314703486], [0.2871900130185218, 0.2760666466160774, 0.1377544691627646, 0.2989888712026362], [0.3054324804984272, 0.27393918656563543, 0.09838792523705665, 0.3222404076988808], [0.33842458774462175, 0.2754264295119968, 0.07546093507158666, 0.310688047671795], [0.2460134449669584, 0.29925806658340054, 0.1809447530188461, 0.2737837354307946]]}, "rewritten": {"ids": ["97106591", "97106600", "97107040", "97107681", "97107920", "97110950", "97118210", "98107340", "98108150", "98108410", "98108520", "98110680", "99107640", "99108710", "99110730", "99111930", "99113260", "99119830", "100107920", "100108080", "100108520", "100108990", "100109890", "100113210", "101108370", "101108950", "101109370", "101111990", "101112160", "101114020", "102110050", "102110690", "102113981", "102116340", "103109021", "103111540", "103113101", "103113260", "103120340", "104109311", "104110960", "104111380", "104111780", "104113550", "104116441", "104117630", "105112130", "105113330", "105115380", "105115570", "105116980", "105117200", "105118230", "105120621", "106113830", "106114280", "106114321", "106116441", "106118301", "106120640", "107112840", "107112850", "107113170", "107113180", "107113200", "107113260", "107116340", "107117010", "107118820", "107119950", "108113620", "108115070", "108115570", "108115870", "108115880", "108117610", "108117720", "108119510", "108121160", "108121190", "109114030", "109115220", "109116441", "109117080", "109117110", "109117271", "109118231", "110114321", "110114610", "110114720", "110114950", "110115890", "110117110", "110118181", "110118740", "110120640", "110121170", "110121500", "111114121", "111114321", "111115780", "111116530", "111116750", "111117000", "111117480", "111117571", "111118820", "111119250", "111119300", "111119950", "111120260", "111120280", "111120640", "112116401", "112116501", "112116880", "112116990", "112117571", "112118530", "112118620", "112118810", "112118880", "112118890", "112119320", "112119450", "112120290", "112120990", "112121351", "113117401", "113118630", "113119120", "113119300", "113119320", "113119340", "113119480", "113119930", "113120751", "113120830", "113121010", "113121750", "113122120", "113122150"], "labels": [1, 3, 2, 3, 0, 3, 2, 0, 0, 1, 2, 2, 1, 2, 3, 1, 0, 1, 0, 0, 2, 2, 3, 0, 1, 2, 1, 2, 3, 3, 3, 0, 1, 3, 0, 1, 3, 3, 1, 3, 2, 3, 3, 1, 1, 0, 1, 3, 1, 0, 0, 3, 1, 1, 1, 3, 2, 0, 1, 3, 1, 1, 0, 3, 0, 0, 3, 1, 3, 3, 3, 1, 3, 3, 3, 3, 1, 1, 2, 1, 1, 3, 3, 1, 1, 0, 1, 1, 1, 3, 0, 2, 0, 1, 3, 0, 2, 3, 0, 1, 1, 3, 3, 0, 1, 3, 0, 1, 1, 0, 3, 0, 0, 0, 3, 0, 0, 3, 1, 3, 3, 1, 3, 1, 3, 1, 2, 0, 3, 3, 3, 1, 1, 0, 3, 1, 1, 3, 2, 0, 1, 2], "predicted_labels": [0, 2, 1, 2, 0, 0, 0, 3, 1, 0, 1, 1, 0, 1, 1, 1, 0, 1, 3, 1, 0, 1, 0, 3, 0, 0, 3, 3, 3, 3, 1, 0, 0, 1, 0, 1, 0, 1, 3, 0, 0, 0, 1, 0, 0, 0, 1, 3, 1, 1, 0, 1, 0, 3, 0, 0, 0, 0, 0, 1, 0, 1, 0, 2, 0, 3, 0, 2, 0, 3, 3, 0, 3, 3, 3, 0, 0, 0, 0, 0, 3, 3, 0, 1, 1, 3, 0, 0, 1, 0, 0, 3, 1, 0, 3, 1, 3, 0, 1, 1, 0, 1, 0, 1, 3, 0, 0, 1, 0, 0, 0, 3, 0, 0, 3, 1, 3, 0, 1, 0, 1, 1, 0, 2, 0, 0, 1, 0, 0, 0, 0, 3, 0, 0, 0, 0, 0, 1, 3, 0, 1, 3], "confidence_scores": [[0.2495210971747772, 0.2626722840627649, 0.20964030944530596, 0.278166309317152], [0.24161338053609716, 0.26193293844923293, 0.25420685047135666, 0.24224683054331334], [0.207266959931619, 0.27444789220949506, 0.29423845987397435, 0.22404668798491167], [0.21596486873279197, 0.2454123749339297, 0.3040525759132388, 0.23457018042003946], [0.31461830839913224, 0.2656516327436298, 0.07611293935322815, 0.3436171195040096], [0.2855887682450729, 0.2810506455106737, 0.12608144364746351, 0.3072791425967898], [0.26416474310637017, 0.24604250760425278, 0.21995917625519265, 0.2698335730341846], [0.2511422110592833, 0.2668637549810475, 0.21148003467934878, 0.27051399928032044], [0.2681553836984689, 0.2962361580320568, 0.12968118442931878, 0.30592727384015533], [0.27185107708769063, 0.2865257435211641, 0.14872428554574435, 0.2928988938454008], [0.2720249896036801, 0.28924802902511815, 0.12909013520238155, 0.30963684616882037], [0.23310256214736294, 0.2772972886052251, 0.2697634454565388, 0.21983670379087303], [0.2783481853293228, 0.27215112902215405, 0.1433685887320198, 0.3061320969165036], [0.21443951755628166, 0.32467714179781165, 0.19373095875268315, 0.26715238189322366], [0.21768319416361162, 0.2766842129091792, 0.2406249434471112, 0.26500764948009786], [0.19688069989972953, 0.2855361549168798, 0.27993614161537095, 0.23764700356801977], [0.27508956945245583, 0.27217172908413184, 0.16344328096023855, 0.28929542050317386], [0.25037820560880575, 0.28740427784076467, 0.1810189206796559, 0.2811985958707737], [0.31205632190027, 0.2759881555987285, 0.10023072039955107, 0.3117248021014506], [0.2900110607965686, 0.28908966031752725, 0.09991037076561321, 0.32098890812029107], [0.2927809554480895, 0.26768386068837036, 0.12404842731688988, 0.31548675654665026], [0.2544468210335229, 0.2827221375735705, 0.1810095936326184, 0.2818214477602886], [0.28057922513002365, 0.26564573158279325, 0.15294190078810402, 0.3008331424990792], [0.3211523186100255, 0.2707843468731744, 0.09482434158194863, 0.3132389929348514], [0.3041696927158383, 0.26992061203493467, 0.07299209651662326, 0.3529175987326033], [0.259054600845889, 0.2565511958728422, 0.22647324990461792, 0.25792095337665094], [0.2748308372511106, 0.2810265345414338, 0.15130599840842154, 0.2928366297990339], [0.25671485092467644, 0.27186973735711284, 0.18447737740100575, 0.2869380343172049], [0.2159062987460335, 0.258254608352073, 0.2580057039376878, 0.26783338896420567], [0.29741388887968495, 0.2809912666538929, 0.11579696633393728, 0.30579787813248493], [0.22858574389588066, 0.28347464479024287, 0.20393382006760555, 0.2840057912462708], [0.29147265602504696, 0.2700133201037101, 0.12196769193844233, 0.3165463319328006], [0.2820643889322574, 0.2865831172398908, 0.12609741412391567, 0.3052550797039363], [0.24089885802392708, 0.2884561914137206, 0.18865248552911543, 0.28199246503323705], [0.29172169160953243, 0.27952687796255293, 0.09551944176946262, 0.33323198865845205], [0.2734989853379724, 0.2826027138613086, 0.15542447784344465, 0.28847382295727414], [0.2886275206640343, 0.28784994017495924, 0.11266782412444712, 0.3108547150365594], [0.28499854835853067, 0.2924878500074963, 0.11217168971398575, 0.3103419119199873], [0.2349996838066492, 0.27541078696753174, 0.2316015746454804, 0.2579879545803388], [0.30128998741481317, 0.2797786035979929, 0.08159132829381079, 0.3373400806933831], [0.2914078488323441, 0.2663559605572571, 0.15768971527495637, 0.2845464753354425], [0.2826587244806193, 0.26182609931556095, 0.20688765253278327, 0.2486275236710365], [0.2777433357047698, 0.2952664041045167, 0.12727923044902442, 0.29971102974168917], [0.2857890112444374, 0.24960839019174852, 0.1862632404843254, 0.27833935807948895], [0.2969269250817661, 0.28815813502320337, 0.0878491469734927, 0.32706579292153765], [0.28939614903566124, 0.2695596408671882, 0.12606534451212134, 0.3149788655850294], [0.24183672365327893, 0.2871553832358785, 0.2109380402422576, 0.26006985286858514], [0.3115844835704182, 0.2519659468364211, 0.1263808059383866, 0.3100687636547741], [0.25805046962729744, 0.26820094487374685, 0.2214047115351285, 0.2523438739638271], [0.2702374901218826, 0.2759042855815201, 0.1611219512097777, 0.29273627308681954], [0.2904159453350237, 0.2717521633253255, 0.10515600575134168, 0.33267588558830924], [0.2715365988490279, 0.28053265490715906, 0.14113049327675173, 0.3068002529670613], [0.29061682305780345, 0.2795881858471282, 0.12305079020353048, 0.30674420089153775], [0.33465800195795237, 0.2760923856783889, 0.05899580656311221, 0.3302538058005464], [0.2915146994868637, 0.2757504647983613, 0.11970549370585262, 0.31302934200892224], [0.2743847749344642, 0.26939519836237796, 0.16127667860511383, 0.29494334809804423], [0.2609102324848153, 0.2511408306654743, 0.21330424514648777, 0.2746446917032225], [0.2902209477179078, 0.2897011320848296, 0.08285928169026391, 0.3372186385069987], [0.30002834893378066, 0.2648936792548452, 0.0988251541072363, 0.33625281770413773], [0.2502943574415424, 0.30718910439978786, 0.14761305125726484, 0.2949034869014051], [0.28199858412420026, 0.25996996346656875, 0.17452247048437755, 0.28350898192485324], [0.24524233291382988, 0.29955629550457313, 0.19215761111511626, 0.26304376046648065], [0.2700672367929359, 0.28450649564308095, 0.14297530534375125, 0.30245096222023177], [0.21861293669329462, 0.25793581229827856, 0.30024826312945924, 0.22320298787896775], [0.3103996243956802, 0.25188814868211024, 0.09868214788314275, 0.33903007903906673], [0.2744686336763054, 0.263244339546719, 0.1684557256541796, 0.2938313011227956], [0.2585493659223902, 0.2718390661224969, 0.18445073318355965, 0.2851608347715531], [0.2059966344079802, 0.2534066633177581, 0.32992271602406026, 0.21067398625020162], [0.28312407061198464, 0.28651165512354226, 0.1105832933210466, 0.3197809809434263], [0.28741948439350257, 0.2864910014143173, 0.12319983216085705, 0.30288968203132277], [0.2893260318532957, 0.26453281440275583, 0.15199329272614653, 0.2941478610178019], [0.2908379926871044, 0.2642812747422231, 0.13416602766893312, 0.31071470490173925], [0.2894830448653269, 0.2470641506711963, 0.17433054647571553, 0.2891222579877614], [0.30692624746401964, 0.27043811707850113, 0.11402265697274587, 0.3086129784847335], [0.28082161283200946, 0.26138969113427923, 0.15876648716014816, 0.2990222088735632], [0.32244715002495883, 0.2561509266045943, 0.08961928728385592, 0.33178263608659087], [0.2904480919521734, 0.2720865640001809, 0.13916445746792405, 0.2983008865797216], [0.27000379100478966, 0.26916706910824867, 0.18264748337976228, 0.27818165650719934], [0.28312962454153023, 0.2914473064052877, 0.11047050624161164, 0.31495256281157025], [0.2637609523844649, 0.27161017738657484, 0.1849555100496375, 0.2796733601793224], [0.24533852461926836, 0.2694831153527391, 0.20811598077630586, 0.27706237925168686], [0.3016080954133411, 0.2691137005320816, 0.12367059545546909, 0.30560760859910824], [0.2930913809890461, 0.28692995434037344, 0.08404042630870612, 0.3359382383618741], [0.25329553583796727, 0.30754520889031944, 0.1497372111652599, 0.2894220441064532], [0.24657089887582453, 0.2752664008374619, 0.21556864802776438, 0.2625940522589493], [0.29189920211200954, 0.27757127135338483, 0.12527289061570065, 0.30525663591890506], [0.29459201714228817, 0.2787062588324336, 0.10002201317864447, 0.32667971084663355], [0.3001609038521218, 0.2713812861658842, 0.09341337171504278, 0.33504443826695124], [0.2645235555972073, 0.29178954782835914, 0.17654810649690839, 0.2671387900775252], [0.24472657676073012, 0.26345907666799107, 0.24764458585852367, 0.2441697607127551], [0.3062960353783354, 0.2690337318230983, 0.10519265434777042, 0.31947757845079605], [0.2601011895128001, 0.27185577972228997, 0.1855662863580306, 0.2824767444068792], [0.21948894056570956, 0.2747240696609255, 0.26633417500717904, 0.23945281476618582], [0.2825755477205825, 0.2852988704482596, 0.112320941210564, 0.3198046406205938], [0.2834737012631793, 0.2542901671709712, 0.1756892700227664, 0.28654686154308334], [0.19945805694886215, 0.2749607454203829, 0.3062391905579383, 0.21934200707281662], [0.28446975036733746, 0.25698059691381453, 0.16339810568523255, 0.2951515470336155], [0.2850564139572959, 0.27761695359641386, 0.11549494213019966, 0.3218316903160905], [0.28009332415063665, 0.2986516647082362, 0.09477197390586335, 0.3264830372352638], [0.26799829351072796, 0.2890274088951452, 0.14411483210824236, 0.2988594654858844], [0.2893941898971721, 0.2735800714060175, 0.12690766863907194, 0.3101180700577384], [0.2585295783540195, 0.28708065596680243, 0.16591496065723738, 0.28847480502194084], [0.31077783095971967, 0.2579204511810472, 0.10385200087642754, 0.3274497169828059], [0.24339872943375343, 0.2676718145756852, 0.22580862613867322, 0.2631208298518883], [0.2915800127227952, 0.27907111599318235, 0.12408400250750834, 0.305264868776514], [0.28617637083469843, 0.27482679430710044, 0.11089925234550312, 0.3280975825126978], [0.2885573982884638, 0.27038735055351515, 0.11101658038392714, 0.33003867077409377], [0.2281919076799116, 0.2831712206706795, 0.22333815499043375, 0.26529871665897503], [0.3024119441218212, 0.27765637108515356, 0.09795740916830081, 0.3219742756247241], [0.2710894664121696, 0.27817642484099386, 0.14913737267514707, 0.3015967360716895], [0.2727701822578556, 0.27460605321158427, 0.15625960054983293, 0.29636416398072685], [0.3072958697307586, 0.28872093442138747, 0.09397684363953962, 0.3100063522083144], [0.2613126665991565, 0.2720924730393808, 0.1733927209736159, 0.29320213938784695], [0.3144698468717275, 0.2516775029209525, 0.08268576233320582, 0.35116688787411415], [0.2991467165065776, 0.28855033535679475, 0.10812728416171744, 0.3041756639749101], [0.23432988586762968, 0.2764429286460492, 0.2381182606044693, 0.2511089248818521], [0.31294082515269867, 0.2585806961525203, 0.12384689983863577, 0.3046315788561454], [0.28572875689591687, 0.2806869533180186, 0.12073223204966167, 0.3128520577364028], [0.21740261764448088, 0.3153786230309216, 0.26945728566638, 0.19776147365821742], [0.2920016178343277, 0.27906251206960314, 0.09603616543609586, 0.3328997046599731], [0.2840291782770891, 0.298756016392362, 0.10916823246229326, 0.30804657286825565], [0.23420578774534814, 0.2774134235027978, 0.2095603388474726, 0.2788204499043816], [0.28224421219693563, 0.2749057672538742, 0.13294155833221158, 0.3099084622169786], [0.1989203788785991, 0.2715350997472622, 0.33065985397768344, 0.19888466739645508], [0.31623282965587285, 0.2812584630598682, 0.06746292244186254, 0.3350457848423962], [0.2445482744052439, 0.24595733983314116, 0.3128251867481151, 0.19666919901349994], [0.2627484130111097, 0.31046076391495264, 0.11901027715937632, 0.3077805459145616], [0.3046775600653067, 0.2712925551047367, 0.09648902438764635, 0.3275408604423102], [0.28702901210230247, 0.27733311485532863, 0.10347348842903435, 0.33216438461333436], [0.3105608658343409, 0.2694743055974978, 0.08630982367806948, 0.33365500489009176], [0.296442259922419, 0.26621626838713786, 0.12658181895035178, 0.3107596527400911], [0.3224144788017858, 0.2696299016721864, 0.09227701417010511, 0.31567860535592257], [0.29597252762180826, 0.2730600174005403, 0.0977459878129324, 0.33322146716471923], [0.2950885724918504, 0.28272863519461877, 0.0830439492151829, 0.3391388430983481], [0.28180783740843274, 0.27787899861791215, 0.1124739306140915, 0.32783923335956383], [0.3057415492352593, 0.28073937056584397, 0.09264608397111446, 0.32087299622778237], [0.2746926859898947, 0.26699858186602793, 0.15764057448090923, 0.300668157663168], [0.26667769459587415, 0.28163919451368363, 0.1664536162796259, 0.2852294946108165], [0.2963480282803724, 0.2834189682467149, 0.1117491337052257, 0.30848386976768705], [0.2857452893046075, 0.28523900931268903, 0.08670545625811789, 0.34231024512458563], [0.2610087950375595, 0.2789030478430422, 0.19009465946782372, 0.26999349765157465], [0.2561608591021636, 0.2698928826302067, 0.19224983919476213, 0.2816964190728679]]}}