{"test": {"ids": ["99108000", "110115890", "111121410", "100109890", "97113900", "113118231", "108117610", "98106560", "98108150", "98112580", "105110091", "105115720", "100109980", "99110730", "112116501", "110118880", "111120531", "113117401", "108120280", "99111340", "104113380", "102110850", "111116290", "110114610", "103120780", "113121810", "106116120", "103120340", "105117351", "107114621", "112118820", "113118690", "113119480", "105119550", "103113270", "97114170", "109121410", "108116070", "98120010", "104113190", "105113330", "111115620", "109117080", "113119120", "104111990", "100120010", "107114780", "97109080", "105119950", "99108710", "99108520", "108114180", "97111790", "111120320", "98108970", "103118291", "101108460", "108120621", "113122220", "98116500", "113119360", "100109330", "107114200", "108121160", "102110750", "111114121", "100109360", "104114410", "110114651", "101117580", "108121351", "99107660", "100117420", "97107950", "112118161", "113119700", "112116810", "99111620", "102117351", "101114020", "107113360", "100111390", "99108580", "104119290", "112119500", "108117451", "102111990", "113119340", "113122180", "107114280", "113120830", "111116990", "98107340", "99107640", "108114670", "108113740", "101108290", "97106591", "108115070", "101110200", "110117140", "113122190", "108118630", "102114270", "109118161", "104118070", "108115870", "101112201", "103110840", "97106600", "97105960", "100115700", "98107210", "105115680", "113122150", "106113190", "111121190", "103109791", "105111990", "99109370", "99109740", "104109311", "109117630", "107113840", "102110050", "104111780", "110118930", "110118810", "109115211", "102116340", "104112201", "102109910", "105112240", "105113190", "111116090", "111116750", "111118301", "101112690", "106116850", "112117660", "106119580", "107116300"], "labels": [2, 2, 0, 3, 2, 3, 3, 1, 0, 2, 0, 1, 1, 3, 3, 0, 0, 3, 3, 1, 1, 3, 2, 1, 1, 2, 1, 1, 0, 0, 0, 3, 3, 1, 2, 2, 0, 1, 2, 3, 3, 1, 1, 3, 2, 0, 2, 2, 3, 2, 2, 1, 2, 1, 3, 0, 0, 1, 1, 2, 0, 0, 2, 2, 1, 0, 0, 1, 3, 3, 3, 3, 2, 2, 0, 0, 3, 3, 1, 3, 0, 2, 0, 1, 2, 2, 2, 0, 2, 3, 3, 0, 0, 1, 3, 3, 0, 1, 1, 2, 3, 1, 1, 3, 0, 2, 3, 0, 1, 3, 2, 1, 1, 2, 2, 0, 1, 3, 2, 1, 3, 3, 0, 3, 3, 3, 1, 1, 0, 3, 0, 2, 1, 3, 3, 3, 3, 1, 3, 0, 3, 0], "predicted_labels": [1, 3, 3, 1, 0, 3, 3, 3, 1, 1, 1, 1, 1, 3, 3, 1, 1, 1, 0, 1, 1, 1, 1, 1, 1, 1, 1, 3, 0, 0, 3, 1, 3, 1, 1, 3, 0, 1, 1, 1, 0, 1, 1, 3, 1, 1, 3, 1, 3, 3, 0, 3, 3, 3, 1, 1, 3, 1, 1, 3, 1, 1, 3, 0, 1, 0, 0, 3, 3, 0, 3, 3, 2, 2, 0, 1, 1, 1, 3, 1, 1, 1, 1, 1, 1, 0, 0, 0, 3, 1, 1, 1, 3, 1, 1, 0, 0, 1, 1, 1, 3, 3, 1, 1, 1, 3, 3, 0, 3, 0, 2, 0, 3, 1, 1, 3, 3, 3, 0, 1, 1, 0, 1, 1, 1, 1, 1, 1, 1, 1, 0, 0, 0, 0, 1, 0, 3, 1, 3, 3, 1, 3], "confidence_scores": [[0.1611346153846154, 0.3495177461427461, 0.24800091575091582, 0.24134672272172278], [0.2266114718614718, 0.25467694805194807, 0.21137319624819625, 0.3073383838383839], [0.23489056776556785, 0.30433477633477646, 0.1489705988455988, 0.31180405705405706], [0.2678603479853479, 0.32394209956709963, 0.19216847041847046, 0.21602908202908197], [0.2806071983571984, 0.2733729603729603, 0.1986295093795094, 0.2473903318903319], [0.2479644660894661, 0.28568867243867246, 0.15823538961038963, 0.30811147186147186], [0.2159886363636364, 0.27043743348155114, 0.1391057455616279, 0.37446818459318465], [0.28696167027417036, 0.2499700577200577, 0.1739557178932179, 0.28911255411255415], [0.179443278943279, 0.33561617549117545, 0.21795772283272288, 0.26698282273282287], [0.23352326839826845, 0.32430068542568546, 0.20625649350649358, 0.2359195526695526], [0.22910894660894662, 0.33058676046176055, 0.21925914363414367, 0.22104514929514932], [0.21849307636807633, 0.3035373931623932, 0.18885246697746694, 0.2891170634920635], [0.23224714174714176, 0.330381882006882, 0.21061111111111114, 0.22675986513486512], [0.19923586136086133, 0.29934926184926175, 0.2019140026640027, 0.29950087412587406], [0.22351875901875903, 0.29028246753246756, 0.17075577200577205, 0.31544300144300147], [0.24908813408813402, 0.3351322705072705, 0.14514214951714952, 0.2706374458874459], [0.2516103896103897, 0.31086441336441334, 0.16995250582750587, 0.26757269119769117], [0.2650806623931626, 0.3259401709401709, 0.17126747557997557, 0.2377116910866911], [0.3148055833055832, 0.21939751914751912, 0.20966973304473308, 0.25612716450216455], [0.17587481962481955, 0.33786785436785444, 0.21846013708513706, 0.2677971889221889], [0.20883122433122428, 0.32817941780441784, 0.17651136363636366, 0.2864779942279942], [0.19303911366411364, 0.2735375180375181, 0.26421875346875345, 0.26920461482961483], [0.25571572871572873, 0.33016443278943286, 0.1765639776889777, 0.23755586080586086], [0.23550037462537457, 0.3024496198246199, 0.20570869408369405, 0.2563413114663115], [0.24695948495948497, 0.3102997835497835, 0.18285341047841044, 0.25988732101232104], [0.2050854700854701, 0.3397454241020418, 0.24745903810242048, 0.20771006771006773], [0.22998647186147184, 0.31278968253968253, 0.17916883116883117, 0.2780550144300144], [0.2058491508491508, 0.26186922799422807, 0.19920317182817185, 0.3330784493284494], [0.31455856643356644, 0.24663245088245092, 0.18961706349206356, 0.24919191919191916], [0.2750793026418028, 0.25784160284160285, 0.19641738816738816, 0.2706617063492062], [0.2377683427683428, 0.31863605838605846, 0.12043686868686866, 0.32315873015873015], [0.25507846320346317, 0.28658903596403607, 0.19487337662337662, 0.2634591242091242], [0.26392760017760014, 0.2776356976356977, 0.11799716949716947, 0.3404395326895328], [0.28817388167388175, 0.2945016233766234, 0.18033333333333335, 0.23699116161616163], [0.19776399499193612, 0.315375, 0.18960137085137088, 0.29725963415669304], [0.2663083721833722, 0.2569082445332445, 0.18490534465534472, 0.2918780386280387], [0.26688005050505065, 0.264869227994228, 0.2060239898989899, 0.26222673160173166], [0.22996182983682986, 0.321154095904096, 0.20022438672438686, 0.2486596875346876], [0.2597396492396492, 0.2973694708069708, 0.17585637279387278, 0.2670345071595073], [0.25526951520701524, 0.31043398268398276, 0.15948349567099568, 0.2748130064380065], [0.3236195887445888, 0.21355584693084687, 0.170051948051948, 0.29277261627261636], [0.2987063769563769, 0.3246547341547341, 0.13884090909090907, 0.23779797979797984], [0.21108243145743144, 0.3334150987900988, 0.17473226773226777, 0.2807702020202021], [0.19567963980463987, 0.2762302281052282, 0.21645976245976248, 0.3116303696303697], [0.2487495282495283, 0.2796599927849929, 0.22823556998556999, 0.24335490897990908], [0.24562975912975907, 0.2810079601770779, 0.21148469994058228, 0.26187758075258094], [0.2787270923520924, 0.25318172799422806, 0.1459572510822511, 0.3221339285714288], [0.2180676684426685, 0.31445546120546125, 0.1854777306027305, 0.2819991397491398], [0.2604622460872461, 0.2586718281718282, 0.17886833999333995, 0.30199758574758584], [0.23378092332504097, 0.2851401139709963, 0.17041959429459433, 0.3106593684093685], [0.28131746031746035, 0.24399368686868686, 0.19401161338661338, 0.28067723942723943], [0.16862956487956487, 0.24360217560217556, 0.13219949494949496, 0.45556876456876466], [0.29646529369323493, 0.21524969474969477, 0.1815796703296704, 0.30670534122740006], [0.23202922077922083, 0.2611571067821068, 0.21416401653901662, 0.29264965589965575], [0.20315427627927626, 0.3507597957597958, 0.18881873681873682, 0.2572671911421912], [0.25496381396381396, 0.310506549006549, 0.19442117604617606, 0.240108460983461], [0.210908189033189, 0.3102774725274726, 0.16663518426018428, 0.3121791541791542], [0.30268111055611063, 0.303971916971917, 0.13659980297480298, 0.2567471694971695], [0.21792740592740598, 0.3053985875235876, 0.19916092241092248, 0.2775130841380841], [0.25616838553603266, 0.25794346829640946, 0.21260452211187506, 0.2732836240556829], [0.23051623376623379, 0.3234167915417916, 0.18783609446109442, 0.2582308802308803], [0.25061904761904763, 0.3089514790764792, 0.19324121711621714, 0.24718825618825624], [0.2445028305028305, 0.2532790404040405, 0.14838437950937952, 0.3538337495837496], [0.27271452158952164, 0.2542802614052614, 0.20034902597402598, 0.27265619103119104], [0.2506424963924964, 0.33157226107226123, 0.2045043706293706, 0.21328087190587183], [0.3529969336219336, 0.2731208513708514, 0.11948124098124097, 0.25440097402597406], [0.2806632395382397, 0.2109925352425352, 0.23648895548895546, 0.2718552697302697], [0.260810717060717, 0.2639007936507938, 0.17396507659007657, 0.3013234126984128], [0.26005756743256747, 0.28679578754578755, 0.1662371933621934, 0.28690945165945164], [0.3052355144855145, 0.2702784992784994, 0.17557725607725605, 0.24890873015873008], [0.27228282828282835, 0.289164738039738, 0.14701239038739036, 0.29154004329004335], [0.28057797757797764, 0.2390491175491176, 0.19591199078699084, 0.2844609140859141], [0.23143409368409373, 0.2581785298035298, 0.27028349428349424, 0.2401038822288822], [0.18385239760239755, 0.24007004107004104, 0.299167748917749, 0.2769098124098125], [0.31083766233766236, 0.23609271284271272, 0.19494642857142858, 0.25812319624819635], [0.2300541125541126, 0.3268998599439775, 0.1659044329853153, 0.27714159451659454], [0.24144832944832945, 0.31592278554778563, 0.2204290293040293, 0.2221998556998557], [0.19036610611610605, 0.3549150987900988, 0.22883459595959604, 0.2258841991341992], [0.27782485569985577, 0.2752124125874127, 0.14691899766899763, 0.3000437340437341], [0.2597274531024531, 0.29319516594516604, 0.17108658008658004, 0.27599080086580086], [0.2799788406038406, 0.29353108003108025, 0.1610732323232323, 0.2654168470418471], [0.27590494227994233, 0.28349404761904756, 0.1811534992784993, 0.2594475108225109], [0.24863755199049326, 0.3288169746919747, 0.2142399683649684, 0.20830550495256384], [0.23899512987012986, 0.31166522366522365, 0.22008748196248198, 0.22925216450216457], [0.23002056277056265, 0.320199494949495, 0.18737175324675323, 0.2624081890331891], [0.33105189255189255, 0.26618187368187374, 0.12967334054834054, 0.2730928932178932], [0.30586562049062066, 0.22849762329174084, 0.16725111408199642, 0.2983856421356422], [0.35811806249306266, 0.25859282384282395, 0.17026764901764896, 0.21302146464646474], [0.22504324841824844, 0.2675460748401925, 0.17182770415858648, 0.3355829725829726], [0.2646372100122101, 0.29637198912198914, 0.16548809523809527, 0.27350270562770557], [0.23523814380064376, 0.29841894216894227, 0.248639880952381, 0.21770303307803307], [0.2653108974358975, 0.27419363969363963, 0.21967952880452876, 0.2408159340659341], [0.23864187528158115, 0.24207773680567807, 0.20098956762192052, 0.31829082029082045], [0.24821013708513706, 0.2875049386887623, 0.22666065062388582, 0.2376242736022147], [0.19809036796536791, 0.30774111917494273, 0.22704755538579074, 0.2671209574738986], [0.2935063131313132, 0.2733297258297258, 0.17757539682539672, 0.2555885642135643], [0.2895613830613831, 0.2795033716283718, 0.158856240981241, 0.2720790043290043], [0.277314269064269, 0.2916523476523477, 0.1814617604617605, 0.2495716228216229], [0.27265914640914646, 0.3234723124098123, 0.1584955253080253, 0.24537301587301588], [0.20952100677100682, 0.3481662365412365, 0.22640132090132092, 0.21591143578643573], [0.22910503385503392, 0.2819764402264403, 0.19014117826617827, 0.29877734765234776], [0.23467249417249417, 0.2669851537351536, 0.2082582972582973, 0.2900840548340549], [0.21624929931179931, 0.32940066877566887, 0.17289133782883784, 0.28145869408369417], [0.2625490204240205, 0.29534310828060834, 0.20660005966255965, 0.2355078116328116], [0.29968043068043076, 0.316504329004329, 0.1584350649350649, 0.2253801753801753], [0.1929563492063492, 0.2270119047619048, 0.26736706349206346, 0.3126646825396826], [0.2540853174603175, 0.2852520396270397, 0.14140687090687087, 0.31925577200577193], [0.2946871600621601, 0.2909097430347431, 0.16052398989898986, 0.253879107004107], [0.22491930291930287, 0.2919489538239539, 0.1802276334776335, 0.30290410977910986], [0.2999099234099235, 0.24570063270063267, 0.19909258796758786, 0.25529685592185586], [0.24212727550227547, 0.2486737567987569, 0.2694945471195472, 0.23970442057942054], [0.30630303030303024, 0.30253780941280944, 0.14454299866799863, 0.24661616161616162], [0.23558279220779219, 0.2683567821067821, 0.1883176406926407, 0.30774278499278507], [0.18974198024198025, 0.35830814324564336, 0.1832497294372294, 0.2687001470751472], [0.23778517316017303, 0.28971879509379517, 0.20204491341991346, 0.27045111832611846], [0.25729377566877565, 0.2616244866244867, 0.18025690975690975, 0.30082482794982796], [0.23379458041958048, 0.27185543623043623, 0.19542718392718395, 0.29892279942279953], [0.21902904040404042, 0.26464615939615943, 0.19733436008436006, 0.3189904401154403], [0.3010227827727828, 0.2744405039405039, 0.16273863636363636, 0.261798076923077], [0.2143030441780443, 0.3168185556273791, 0.19890077161400688, 0.2699776285805699], [0.195582702020202, 0.3092674963924964, 0.250713474025974, 0.2444363275613276], [0.31390700557612317, 0.28210446906035136, 0.1648905122655122, 0.23909801309801318], [0.23607990620490618, 0.31110642135642136, 0.20371320346320337, 0.24910046897546906], [0.25557196969696977, 0.2793292402042402, 0.19984440559440558, 0.26525438450438454], [0.2172504399195576, 0.3173427577324637, 0.22773489582313114, 0.23767190652484774], [0.2539952408702408, 0.3128719336219337, 0.13070533633033626, 0.3024274891774892], [0.2108892912642913, 0.30817916111666116, 0.18010945998445993, 0.3008220876345878], [0.2586559135309136, 0.32821825396825405, 0.1574839466089466, 0.25564188589188597], [0.23867207792207798, 0.32192633755133754, 0.1793017676767677, 0.26009981684981687], [0.18718849206349208, 0.3668146853146854, 0.2150371572871573, 0.23095966533466544], [0.3029509240759242, 0.23673412698412702, 0.15863403263403258, 0.3016809163059163], [0.29404119491619496, 0.26671560384060394, 0.15752007714507707, 0.2817231240981241], [0.300787518037518, 0.28145167332667326, 0.16293145743145743, 0.25482935120435135], [0.33573622211122206, 0.2424301948051949, 0.14656475468975466, 0.2752688283938285], [0.2586143578643579, 0.30940567765567784, 0.15661134698634693, 0.27536861749361746], [0.3080792402042404, 0.23188696026196023, 0.1688492063492063, 0.2911845931845933], [0.2814417388167389, 0.24067794011544008, 0.19289799783549783, 0.28498232323232325], [0.24404147241647245, 0.3261663752913753, 0.20066690254190253, 0.22912524975024978], [0.19631168831168835, 0.29051989676989676, 0.20728367465867462, 0.3058847402597402], [0.2552029033058445, 0.1953733211233211, 0.20733898046398042, 0.342084795106854], [0.24374145299145306, 0.2948526334776336, 0.18316192141192136, 0.2782439921189921], [0.26496549284049287, 0.2340066045066045, 0.19024458874458872, 0.31078331390831393]]}, "rewritten": {"ids": ["97105960", "97106591", "97106600", "97107950", "97109080", "97111790", "97113900", "97114170", "98106560", "98107210", "98107340", "98108150", "98108970", "98112580", "98116500", "98120010", "99107640", "99107660", "99108000", "99108520", "99108580", "99108710", "99109370", "99109740", "99110730", "99111340", "99111620", "100109330", "100109360", "100109890", "100109980", "100111390", "100115700", "100117420", "100120010", "101108290", "101108460", "101110200", "101112201", "101112690", "101114020", "101117580", "102109910", "102110050", "102110750", "102110850", "102111990", "102114270", "102116340", "102117351", "103109791", "103110840", "103113270", "103118291", "103120340", "103120780", "104109311", "104111780", "104111990", "104112201", "104113190", "104113380", "104114410", "104118070", "104119290", "105110091", "105111990", "105112240", "105113190", "105113330", "105115680", "105115720", "105117351", "105119550", "105119950", "106113190", "106116120", "106116850", "106119580", "107113360", "107113840", "107114200", "107114280", "107114621", "107114780", "107116300", "108113740", "108114180", "108114670", "108115070", "108115870", "108116070", "108117451", "108117610", "108118630", "108120280", "108120621", "108121160", "108121351", "109115211", "109117080", "109117630", "109118161", "109121410", "110114610", "110114651", "110115890", "110117140", "110118810", "110118880", "110118930", "111114121", "111115620", "111116090", "111116290", "111116750", "111116990", "111118301", "111120320", "111120531", "111121190", "111121410", "112116501", "112116810", "112117660", "112118161", "112118820", "112119500", "113117401", "113118231", "113118690", "113119120", "113119340", "113119360", "113119480", "113119700", "113120830", "113121810", "113122150", "113122180", "113122190", "113122220"], "labels": [2, 1, 3, 2, 2, 2, 2, 2, 1, 1, 0, 0, 3, 2, 2, 2, 1, 3, 2, 2, 0, 2, 1, 3, 3, 1, 3, 0, 0, 3, 1, 2, 1, 2, 0, 0, 0, 2, 0, 1, 3, 3, 2, 3, 1, 3, 2, 3, 3, 1, 3, 1, 2, 0, 1, 1, 3, 3, 2, 0, 3, 1, 1, 2, 1, 0, 2, 1, 3, 3, 2, 1, 0, 1, 3, 0, 1, 3, 3, 0, 3, 2, 3, 0, 2, 0, 3, 1, 3, 1, 3, 1, 2, 3, 1, 3, 1, 2, 3, 0, 1, 0, 0, 0, 1, 3, 2, 3, 1, 0, 1, 0, 1, 3, 2, 3, 0, 3, 1, 0, 1, 0, 3, 3, 0, 0, 0, 2, 3, 3, 3, 3, 0, 0, 3, 0, 3, 2, 2, 2, 1, 1], "predicted_labels": [2, 1, 3, 1, 1, 0, 1, 3, 0, 3, 3, 1, 1, 3, 3, 1, 1, 1, 1, 1, 1, 1, 3, 1, 3, 1, 1, 1, 2, 0, 3, 3, 1, 3, 1, 0, 1, 1, 0, 1, 3, 0, 0, 1, 1, 1, 0, 1, 1, 3, 3, 3, 1, 3, 1, 1, 0, 3, 1, 0, 3, 1, 3, 3, 1, 1, 1, 1, 0, 0, 1, 3, 3, 0, 0, 3, 3, 3, 1, 3, 1, 3, 1, 3, 1, 0, 0, 3, 1, 1, 3, 1, 0, 3, 1, 0, 1, 1, 3, 1, 1, 1, 1, 1, 1, 3, 1, 1, 0, 1, 3, 1, 1, 3, 1, 3, 0, 3, 3, 1, 1, 0, 1, 1, 3, 3, 1, 1, 1, 3, 1, 3, 1, 3, 3, 1, 3, 1, 1, 3, 3, 3], "confidence_scores": [[0.21588593351093352, 0.24293252580752586, 0.29076805139305134, 0.25041348928848933], [0.22945869408369413, 0.32472943722943726, 0.2053302669552669, 0.24048160173160188], [0.1986997863247864, 0.25281219474969474, 0.20716717310467317, 0.3413208458208458], [0.20962319624819625, 0.31805526418026436, 0.23449651737151733, 0.23782502220002222], [0.2099645999425411, 0.29575916730328505, 0.2260837912087912, 0.2681924415453827], [0.2948409992784994, 0.261304292929293, 0.17401172438672435, 0.2698429834054835], [0.26029796592296595, 0.3273446553446554, 0.189540404040404, 0.22281697469197465], [0.2727275086025086, 0.23420931845931853, 0.2091715367965368, 0.28389163614163626], [0.3144506008697186, 0.2355889706698531, 0.14497492784992783, 0.3049855006105006], [0.21621915584415582, 0.2801859668109669, 0.20881583694083694, 0.2947790404040405], [0.23207152896123479, 0.2339921834701246, 0.22791368517103813, 0.3060226023976025], [0.2120303307803308, 0.3203163225663226, 0.20802997002997, 0.25962337662337664], [0.22966058941058953, 0.38270346320346327, 0.19241060328560333, 0.19522534410034403], [0.19571410533910533, 0.25965860528360535, 0.25542292429792435, 0.28920436507936503], [0.1903535720815133, 0.2304980713730714, 0.2587429098679099, 0.3204054466775055], [0.23691563991563996, 0.33461847874347883, 0.18195350482850486, 0.24651237651237654], [0.21123611111111104, 0.2830753968253969, 0.2439006132756133, 0.26178787878787874], [0.2509493700743701, 0.2773702963702964, 0.23365964590964597, 0.23802068764568765], [0.1888510101010101, 0.3151271298146299, 0.23304260323010323, 0.2629792568542568], [0.23178409090909097, 0.2944796176046176, 0.2436826784326784, 0.23005361305361305], [0.2406549214674215, 0.3486081696081697, 0.21483874458874463, 0.1958981643356644], [0.2395854284604285, 0.2997480158730159, 0.16409043734043735, 0.2965761183261184], [0.22129653679653682, 0.2610391414141414, 0.2253831168831169, 0.29228120490620496], [0.1964894480519481, 0.3138052503052503, 0.29433470002219997, 0.1953706016206016], [0.22889332889332895, 0.2682697163947164, 0.17392356254856253, 0.3289133921633922], [0.2349082029082029, 0.2893957986457988, 0.21360696248196256, 0.26208903596403593], [0.19683440170940172, 0.3686128732378733, 0.22297691197691205, 0.21157581307581308], [0.23069637307137314, 0.3637501803751805, 0.1766385836385836, 0.22891486291486296], [0.25405627705627704, 0.2296618520368521, 0.26172252747252744, 0.25455934343434344], [0.29827183927183926, 0.29756096681096694, 0.19343326118326126, 0.2107339327339327], [0.28398556998557, 0.23583603896103889, 0.18491161616161608, 0.2952667748917749], [0.20665920190920198, 0.28290151515151524, 0.2233428932178933, 0.2870963897213898], [0.2625468975468976, 0.3299904401154403, 0.13743470418470416, 0.2700279581529582], [0.23435045510045513, 0.2514096667221668, 0.2543588702963703, 0.2598810078810079], [0.24293668831168833, 0.30224512987012997, 0.1746468253968254, 0.2801713564213565], [0.3121787518037519, 0.24200068966980734, 0.15820060903149138, 0.28761994949494957], [0.27471205183705183, 0.2833760683760684, 0.19935789210789212, 0.24255398767898778], [0.22005392524142528, 0.3368733974358976, 0.25442179348429356, 0.18865088383838383], [0.30728185703185706, 0.29502640415140424, 0.1724192474192475, 0.22527249139749142], [0.24546318958818966, 0.32879209679209687, 0.19095045232545238, 0.23479426129426134], [0.2354729437229437, 0.2711020923520925, 0.2121269841269841, 0.28129797979797977], [0.3017588383838385, 0.2889747474747475, 0.18273178210678204, 0.2265346320346321], [0.28111866891278653, 0.2388921911421912, 0.20525425962925964, 0.27473488031576276], [0.21796998834498826, 0.2805365814740816, 0.2538332113148289, 0.2476602188661013], [0.20158567821067824, 0.29855512543012547, 0.23885123210123207, 0.2610079642579643], [0.20557828282828283, 0.30808681596181603, 0.267016441891442, 0.21931845931845934], [0.3274006132756132, 0.22855140692640688, 0.21138582251082258, 0.23266215728715736], [0.23150993450993462, 0.2725937395937396, 0.2497539543789543, 0.2461423715173715], [0.21403131590631588, 0.33396950271950276, 0.18563222888222897, 0.2663669524919526], [0.2907368326118327, 0.22556734931734929, 0.19028878066378074, 0.29340703740703744], [0.19941138028638025, 0.2812372488622489, 0.2020203268953269, 0.31733104395604417], [0.2546087662337663, 0.2690027056277058, 0.18794787157287154, 0.2884406565656567], [0.19475876411170526, 0.3325037878787879, 0.17731222943722943, 0.2954252185722774], [0.24623106060606056, 0.275443722943723, 0.19732377344877355, 0.28100144300144314], [0.21302344877344875, 0.3133475511416688, 0.19726915160003394, 0.2763598484848485], [0.226422292984793, 0.3464067460317461, 0.16565187590187588, 0.2615190850815851], [0.30362042124542127, 0.2630105588855589, 0.14990516428016426, 0.2834638555888556], [0.2458674658674659, 0.2788991286491287, 0.1714606782106782, 0.3037727272727273], [0.2804979048729048, 0.3110070346320347, 0.18875847763347756, 0.21973658286158299], [0.323705253080253, 0.25259325396825394, 0.16536924186924182, 0.2583322510822513], [0.22772059884559887, 0.28906727994228, 0.16541865079365084, 0.31779347041847045], [0.21085263347763356, 0.2937923881673883, 0.21978282828282822, 0.2755721500721501], [0.28441695804195805, 0.2762884199134199, 0.14822914585414582, 0.2910654761904763], [0.18985335497835504, 0.26074296536796543, 0.23587067099567097, 0.31353300865800876], [0.2322535381285381, 0.34763916638916653, 0.18452096514596508, 0.23558633033633034], [0.2183831062728121, 0.3264714264493678, 0.20970968084203379, 0.24543578643578648], [0.25055833055833066, 0.318628010878011, 0.17541576479076482, 0.2553978937728938], [0.21394985569985575, 0.3284931457431459, 0.2049406565656566, 0.2526163419913421], [0.3494328310578312, 0.22832702020202017, 0.1411917388167388, 0.28104840992340996], [0.2882526501276501, 0.2528425879675879, 0.20290223665223656, 0.25600252525252537], [0.22107074869574866, 0.3225589549339551, 0.19637451437451436, 0.2599957819957821], [0.17741233766233766, 0.30325198412698406, 0.1921610750360751, 0.3271746031746032], [0.26830712343212365, 0.2605134032634032, 0.18830808080808084, 0.2828713924963925], [0.2881709638400815, 0.25947456709956707, 0.1865470460911638, 0.2658074229691877], [0.29718621656121663, 0.2537340021090022, 0.18475955988455986, 0.2643202214452215], [0.279728687978688, 0.22697806360306372, 0.17626399988899988, 0.31702924852924863], [0.2251100843600843, 0.2915365467865467, 0.18972390109890117, 0.29362946775446774], [0.21704500360750362, 0.28369805194805187, 0.2093161976911977, 0.2899407467532468], [0.2226557331557331, 0.33378976578976594, 0.1842325036075036, 0.25932199744699747], [0.272998556998557, 0.26353939034821394, 0.18512403446226972, 0.27833801819095944], [0.23013142413142407, 0.30595140970140994, 0.19324213286713285, 0.2706750333000333], [0.2561337481962482, 0.2447604617604618, 0.15189258658008653, 0.3472132034632038], [0.20322890997891008, 0.31867988955488963, 0.1837397186147186, 0.2943514818514819], [0.20987803454715212, 0.253850468975469, 0.19600757575757577, 0.34026392071980305], [0.2642707986457987, 0.2924626623376624, 0.16077507215007217, 0.28249146686646687], [0.27513510101010114, 0.23917240398490405, 0.22010777417027408, 0.2655847208347209], [0.3005363455988457, 0.2737628066378067, 0.1522095959595959, 0.27349125180375183], [0.15082789432789434, 0.23476955683205677, 0.18079843073593072, 0.43360411810411803], [0.2314848484848485, 0.31963654401154384, 0.20946825396825397, 0.2394103535353535], [0.25047895160395167, 0.31007252469752483, 0.17745472582972577, 0.26199379786879784], [0.25339514652014655, 0.2685081723831724, 0.1387150072150072, 0.33938167388167384], [0.24281908369408367, 0.3142671356421357, 0.16524260461760457, 0.2776711760461761], [0.2900173160173161, 0.2607801226551227, 0.16072023809523805, 0.2884823232323234], [0.20341100566100564, 0.26678777758189526, 0.17055615626203868, 0.35924506049506055], [0.18747972860472856, 0.34613827838827854, 0.18245619658119655, 0.28392579642579646], [0.314855339105339, 0.2730539321789323, 0.20076497113997108, 0.21132575757575758], [0.22522584360084358, 0.33804148629148645, 0.1545894660894661, 0.28214320401820403], [0.21871620046620058, 0.3148715867465868, 0.18681549006549003, 0.27959672272172276], [0.27205681818181837, 0.2623977272727274, 0.1603697691197691, 0.30517568542568535], [0.254736471861472, 0.30840288877788874, 0.15731078643578644, 0.2795498529248531], [0.19979491341991337, 0.33586525974025966, 0.2134408369408369, 0.25089898989898995], [0.26649422799422795, 0.2707130230880231, 0.23420093795093794, 0.22859181096681105], [0.2838201659451661, 0.31424427574059943, 0.18086934470757995, 0.22106621360665482], [0.2607420634920635, 0.3374729437229438, 0.1781976911976912, 0.2235873015873016], [0.21111659174159175, 0.2952838411588413, 0.22542261904761907, 0.26817694805194814], [0.2475973401598401, 0.3129698495948496, 0.12551424963924965, 0.3139185606060606], [0.1985992063492063, 0.32044739982239984, 0.2118362887112887, 0.2691171051171052], [0.2458177863802865, 0.3140167193917193, 0.1770559163059163, 0.26310957792207795], [0.2806804653679653, 0.2512353896103896, 0.20255889249639253, 0.26552525252525255], [0.2613186535686536, 0.3212141608391609, 0.13799875124875116, 0.27946843434343444], [0.22655257242757249, 0.2847366036741037, 0.1912523171273171, 0.29745850677100694], [0.28630916305916315, 0.32292496392496406, 0.142296176046176, 0.2484696969696971], [0.2666435925185925, 0.305359237984238, 0.1574882756132756, 0.2705088938838941], [0.24921663059163054, 0.27955519480519486, 0.17008152958152956, 0.301146645021645], [0.22776136363636365, 0.3073275613275614, 0.21113347763347762, 0.2537775974025974], [0.2821412892662893, 0.2088816045066045, 0.158843018093018, 0.35013408813408814], [0.2902275641025641, 0.2695935314685315, 0.20898470973470967, 0.23119419469419472], [0.24910927960927967, 0.2435135142635143, 0.1832999639249639, 0.32407724220224216], [0.23588383838383833, 0.2815082972582973, 0.12977855477855477, 0.35282930957930964], [0.2474541847041848, 0.31622222222222224, 0.17863600288600293, 0.2576875901875903], [0.24378517316017315, 0.30020994283494284, 0.16944709457209456, 0.2865577894327895], [0.28357196969696963, 0.26663437950937957, 0.1709193722943723, 0.2788742784992786], [0.25865243783993797, 0.29160210622710625, 0.159302398989899, 0.29044305694305694], [0.23827723665223666, 0.3576035353535356, 0.19386904761904766, 0.21025018037518034], [0.23095880018674136, 0.22815903540903545, 0.21221285658785655, 0.3286693078163666], [0.28019642857142857, 0.24983261183261177, 0.18272979797979796, 0.28724116161616176], [0.25541287878787877, 0.32264390470640464, 0.1652926032301032, 0.2566506132756132], [0.24402741702741695, 0.34746148989899, 0.15866801948051948, 0.24984307359307356], [0.2334307012432012, 0.3199867354867357, 0.1881609848484849, 0.25842157842157853], [0.23565115440115447, 0.25472474747474744, 0.1525396825396825, 0.35708441558441556], [0.2438694083694083, 0.2929277597402598, 0.2086071428571429, 0.254595689033189], [0.22445804889554888, 0.27102025752025766, 0.18039518814518818, 0.32412650543900545], [0.28858580308580306, 0.3251262626262627, 0.12535930735930734, 0.260928626928627], [0.2761295301920301, 0.24734373959373954, 0.1654942834942835, 0.31103244671994684], [0.23647261072261067, 0.28728823953823956, 0.1123223859473859, 0.3639167637917639], [0.20171320346320346, 0.326003898878899, 0.1883369408369408, 0.28394595682095686], [0.2569439935064935, 0.2503282828282829, 0.22109586940836945, 0.27163185425685427], [0.18100483829895586, 0.29446049783549794, 0.29212896825396834, 0.23240569561157798], [0.20747023809523799, 0.30107557720057715, 0.23811165223665223, 0.2533425324675326], [0.2308907203907204, 0.2745016609207786, 0.19795303715891954, 0.2966545815295816], [0.20567032967032964, 0.278140096015096, 0.23679166666666668, 0.27939790764790773], [0.2370649073149073, 0.2797014097014098, 0.20253124653124654, 0.2807024364524365]]}}