{"test": {"ids": ["100109910", "100109890", "98119591", "113119930", "111121351", "99108580", "102110690", "105117431", "103110050", "107115140", "98112580", "104112470", "111116640", "105112100", "110120531", "102112250", "112117580", "103118110", "112117471", "101108080", "111119930", "105112260", "105115380", "103117200", "112119980", "108116120", "108118520", "107120260", "104111550", "104117200", "113119360", "100120010", "106119990", "111116090", "106115120", "100111390", "113120830", "111115770", "103110760", "112121030", "110116290", "103112470", "97107920", "107113180", "110113931", "110119891", "106114011", "102110750", "100107920", "112121430", "102113981", "111116290", "103117461", "104110960", "107118780", "101109120", "101112690", "105115720", "112118930", "97111790", "105113170", "104113190", "106119260", "100109000", "110117200", "110119300", "110118930", "113120751", "109115380", "108121351", "108120700", "98120530", "102113350", "99107640", "106116120", "112116501", "101110740", "107116340", "97112290", "111116010", "107118820", "109121410", "112117571", "98107410", "106118301", "112118860", "108114040", "112118471", "108119550", "110113591", "107112840", "104113380", "110120640", "99119830", "99110050", "108113480", "98112300", "105115900", "106119580", "108120260", "105118230", "113117550", "109117600", "97105451", "108114360", "97107681", "113121980", "110121170", "106113360", "111117120", "99109141", "104112201", "103110840", "105119550", "108114670", "108116481", "99111000", "105111990", "99112641", "110115710", "103120290", "97107260", "112120270", "111120320", "110118301", "110118701", "99111340", "99116500", "112120700", "109114720", "113120640", "112121360", "112120670", "100116790", "106116370", "109117730", "109120150", "107114780", "97110950", "113118620", "112117461", "107113550"], "labels": [2, 3, 1, 1, 0, 0, 0, 1, 3, 0, 2, 1, 0, 1, 0, 0, 0, 2, 3, 0, 1, 3, 1, 0, 0, 1, 0, 1, 1, 3, 0, 0, 0, 3, 1, 2, 3, 3, 1, 0, 2, 1, 0, 3, 1, 3, 1, 1, 0, 2, 1, 2, 0, 2, 1, 1, 1, 1, 1, 2, 0, 3, 1, 1, 3, 1, 1, 1, 3, 3, 2, 1, 3, 1, 1, 3, 3, 3, 1, 1, 3, 0, 3, 3, 1, 3, 0, 1, 1, 0, 1, 1, 0, 1, 3, 0, 2, 3, 3, 1, 1, 3, 1, 0, 1, 3, 2, 2, 0, 2, 3, 0, 1, 1, 3, 0, 2, 2, 1, 2, 2, 2, 0, 1, 1, 3, 1, 2, 2, 0, 0, 3, 2, 2, 2, 3, 2, 2, 3, 3, 0, 0], "predicted_labels": [3, 3, 3, 0, 0, 1, 0, 0, 1, 3, 1, 3, 2, 1, 0, 3, 1, 1, 3, 0, 3, 1, 2, 1, 3, 0, 3, 3, 1, 3, 1, 2, 3, 3, 1, 3, 2, 0, 0, 3, 3, 3, 3, 0, 1, 1, 2, 3, 0, 0, 2, 0, 3, 3, 0, 3, 3, 3, 3, 0, 3, 1, 3, 3, 1, 1, 1, 0, 0, 3, 0, 3, 3, 0, 0, 1, 1, 1, 2, 1, 1, 1, 0, 3, 3, 1, 3, 3, 1, 0, 1, 3, 3, 3, 2, 1, 0, 0, 3, 3, 3, 1, 1, 1, 1, 0, 0, 3, 0, 1, 0, 0, 3, 2, 1, 0, 3, 3, 1, 3, 1, 3, 3, 0, 0, 3, 2, 3, 2, 1, 3, 3, 3, 2, 3, 1, 3, 1, 0, 1, 3, 0], "confidence_scores": [[0.14279987631880833, 0.267078401639922, 0.20530228409123993, 0.38481943795002965], [0.2561239899298866, 0.2534274303668433, 0.0980130718569798, 0.3924355078462904], [0.15481946921432305, 0.19814382137596614, 0.2884358438202082, 0.3586008655895026], [0.34260327500319215, 0.2892726183112847, 0.13954999669528442, 0.22857410999023853], [0.44274186099861834, 0.2494097686432286, 0.13047390506792628, 0.17737446529022677], [0.1692137582552357, 0.4371833591670629, 0.09767484269833987, 0.2959280398793615], [0.5098727545217343, 0.22015791663955342, 0.1060045271643423, 0.1639648016743699], [0.2827378416391973, 0.229695860562151, 0.22696228822393671, 0.26060400957471497], [0.1821539921972878, 0.4056559439411196, 0.15267508815924943, 0.25951497570234316], [0.36080296981525845, 0.1349189006350276, 0.10030838808375869, 0.4039697414659553], [0.1489495894759384, 0.49669888019993563, 0.15792400350292418, 0.19642752682120188], [0.21904277435633882, 0.28741277051858694, 0.13929810197592354, 0.3542463531491508], [0.18248207830852764, 0.24538013285920426, 0.3055001947370507, 0.2666375940952175], [0.16873924034125817, 0.3752845065740021, 0.11338353308076199, 0.3425927200039779], [0.4165002548789151, 0.22396740657411524, 0.10126917398201778, 0.25826316456495196], [0.22354637105217837, 0.24446040214952092, 0.09609523882838221, 0.4358979879699184], [0.29422128005701936, 0.344236456510129, 0.13887721218273338, 0.2226650512501182], [0.11284328867023677, 0.4803767323037748, 0.23476757373732332, 0.17201240528866504], [0.27147382256165314, 0.19130345998377266, 0.12175286432717446, 0.41546985312739976], [0.2724514482987327, 0.26480331661336587, 0.25459227297262255, 0.20815296211527876], [0.14366044211253584, 0.3407076131422884, 0.0858229351360699, 0.42980900960910584], [0.17025807915401378, 0.4074479323100658, 0.15923791141024962, 0.2630560771256708], [0.22795697301561282, 0.2526951395991089, 0.2769251644276881, 0.24242272295759024], [0.20956093062488884, 0.32888850385900625, 0.13754181446046224, 0.32400875105564253], [0.16803496812083188, 0.29900772769073863, 0.16057620910138198, 0.3723810950870476], [0.31178394387725866, 0.2367884447141753, 0.2027811722279105, 0.2486464391806555], [0.28714042973857734, 0.11126016104894527, 0.20917132509925587, 0.3924280841132216], [0.26930068149194136, 0.21138546349761772, 0.17724097746662523, 0.34207287754381566], [0.1542312783631686, 0.35152790942177914, 0.2538558879510218, 0.24038492426403038], [0.2437108651293657, 0.2188730012320249, 0.25862935111172114, 0.27878678252688827], [0.18620087878576913, 0.37000703567994025, 0.1299313714292001, 0.31386071410509064], [0.09834344492897254, 0.08504888134663557, 0.6571177189886874, 0.15948995473570446], [0.10564584232205501, 0.14947781983288966, 0.3113268720083166, 0.4335494658367386], [0.34089288532745926, 0.18732648364663726, 0.1064009748549196, 0.3653796561709838], [0.22896781312141895, 0.3669492022481525, 0.15197507752521316, 0.25210790710521563], [0.16009374984250882, 0.25720075708343665, 0.0952153105584099, 0.48749018251564497], [0.16990160376271124, 0.24350518611896757, 0.3034813050542375, 0.28311190506408374], [0.3313436329080416, 0.2470473175063726, 0.12087872502144838, 0.3007303245641374], [0.4628762518061562, 0.16218562508106002, 0.1431004975581904, 0.23183762555459347], [0.27356862186557135, 0.12649583596149028, 0.13340820073080123, 0.46652734144213726], [0.2975045530381687, 0.18053893448420952, 0.0957863502054829, 0.426170162272139], [0.25909917459515647, 0.24071228997511968, 0.1528275814455367, 0.34736095398418715], [0.3237956684148992, 0.23744125469415991, 0.10844175949633482, 0.3303213173946062], [0.34154208664670516, 0.28661166930121124, 0.12545291271924675, 0.24639333133283686], [0.17094510801905421, 0.48076774406226547, 0.15603956053004808, 0.1922475873886322], [0.17825898526013403, 0.3851934303113574, 0.13678139509056922, 0.2997661893379395], [0.22484103277304043, 0.18740329590587904, 0.31129465968874953, 0.27646101163233117], [0.11922140729364669, 0.23215207707495142, 0.29946520022978923, 0.3491613154016126], [0.3249679530079425, 0.18637742627124515, 0.2395224508565128, 0.24913216986429973], [0.32178984001499467, 0.1651532816749845, 0.271100229135905, 0.24195664917411577], [0.2800861149683463, 0.15984117072096604, 0.290625545140537, 0.26944716917015066], [0.39571885181473976, 0.173055401351836, 0.14039533049356404, 0.2908304163398602], [0.27641774610892644, 0.24788698759648153, 0.14506853531472677, 0.33062673097986534], [0.19151614245529994, 0.18596071351332172, 0.11788606911012327, 0.5046370749212552], [0.4587005553183568, 0.16657349975739819, 0.10793581986373606, 0.266790125060509], [0.26749646261850574, 0.2650521200980034, 0.17729282293548254, 0.2901585943480082], [0.23732016699699168, 0.20531941524488231, 0.2633973796220453, 0.29396303813608077], [0.22181561399672753, 0.23076840496958453, 0.14669549528465115, 0.4007204857490368], [0.2313580794052065, 0.27375021521208287, 0.18100604149302416, 0.3138856638896865], [0.5691657395410328, 0.16996861355193169, 0.08124987107318483, 0.17961577583385063], [0.1756858488414555, 0.3680389497998987, 0.08403806079039086, 0.37223714056825524], [0.15444566781285476, 0.39123441544848325, 0.12531648822580863, 0.3290034285128534], [0.26175396742547685, 0.20222980482251804, 0.16029163345803563, 0.37572459429396954], [0.16536776978812157, 0.28235823564422774, 0.1976240449471037, 0.3546499496205471], [0.16107375694083959, 0.4186422715967767, 0.09289074260283935, 0.3273932288595444], [0.1943346567912219, 0.2863238672649485, 0.23896993901214914, 0.2803715369316805], [0.17926283604114093, 0.5615731979560499, 0.12095569237717303, 0.13820827362563612], [0.4038721273677481, 0.2671842503996254, 0.11101598950106567, 0.21792763273156085], [0.37585144405112153, 0.222364843165265, 0.15510428277108135, 0.24667943001253223], [0.336740044782966, 0.20557896730638933, 0.09387832305870294, 0.36380266485194185], [0.3058223329115888, 0.2641053626944373, 0.18072522457124274, 0.24934707982273144], [0.19311209425488468, 0.3297492376006242, 0.1380280378718676, 0.3391106302726235], [0.24888658544805334, 0.24475755427468043, 0.15482385976754065, 0.35153200050972566], [0.3228639511668474, 0.3089175477929396, 0.09559617221524754, 0.2726223288249655], [0.35772617385075645, 0.3034808457506139, 0.09932601615273809, 0.23946696424589178], [0.2846157882750147, 0.29498314834687067, 0.1520828104869957, 0.2683182528911189], [0.23965856629955004, 0.3953041245724486, 0.12221017048731098, 0.24282713864069033], [0.22691894270846116, 0.43669340091329784, 0.10559813695699413, 0.23078951942124684], [0.21996196141714502, 0.2052043564655392, 0.3060088300188023, 0.26882485209851353], [0.16489991252072037, 0.4183237663179614, 0.13587456585533383, 0.28090175530598455], [0.2239684592638176, 0.44130262797662057, 0.07479789502469228, 0.2599310177348696], [0.10424752254738973, 0.47719836406356547, 0.09084393366501771, 0.3277101797240271], [0.38431926904137614, 0.206913552186544, 0.14619110309263686, 0.2625760756794431], [0.37617647816840855, 0.17268290624263025, 0.06994488057798065, 0.38119573501098064], [0.30068334282411957, 0.1899845145047851, 0.18063518127530667, 0.3286969613957887], [0.1517761809611727, 0.41668541498244605, 0.10986145091514656, 0.3216769531412347], [0.21557706719033942, 0.26412240041727575, 0.1911471369759339, 0.32915339541645094], [0.202072504556899, 0.21768710911241346, 0.23572420266046248, 0.34451618367022513], [0.18139932738136988, 0.34659525424433824, 0.18175800184306226, 0.29024741653122976], [0.4863905160439476, 0.20519887614858046, 0.08962823470641554, 0.21878237310105653], [0.12312083603762917, 0.457792310523237, 0.27635025934796875, 0.14273659409116526], [0.16300892678763637, 0.21597162128469685, 0.1687902051842375, 0.4522292467434293], [0.21113322646352467, 0.31654102505082543, 0.13180485954331023, 0.34052088894233973], [0.2014828928656399, 0.2507014634243645, 0.11776924997919412, 0.43004639373080145], [0.1684499461584693, 0.21809533531730554, 0.3646542380237184, 0.24880048050050674], [0.14360009298348156, 0.36011151550255355, 0.20466620259850768, 0.29162218891545727], [0.427097084506124, 0.1665240027270467, 0.11553147077765132, 0.29084744198917795], [0.3318092613065422, 0.22679395221332715, 0.1154141000711813, 0.3259826864089494], [0.15637854042953908, 0.33210805142050603, 0.15871574775771746, 0.35279766039223753], [0.22483380017744198, 0.29312971032215185, 0.12360896356866184, 0.35842752593174454], [0.11655070362432023, 0.34092078473459364, 0.1737705039424731, 0.3687580076986131], [0.26964934982896793, 0.3579763930950595, 0.1665588165259902, 0.2058154405499826], [0.2599335824146593, 0.28585922326655605, 0.21197345750086138, 0.24223373681792323], [0.21590092250810214, 0.38580073503559126, 0.09968196214709282, 0.29861638030921367], [0.13526512004408653, 0.39399241652332995, 0.2800490927112117, 0.1906933707213719], [0.3825161852120282, 0.2982228868745527, 0.10081672946745587, 0.2184441984459635], [0.34226128447970433, 0.2432452223511923, 0.0974858299809246, 0.3170076631881788], [0.24700964768606412, 0.27069871191010636, 0.17751765179313914, 0.30477398861069044], [0.3523092916618531, 0.23906305620128881, 0.12103453564971928, 0.28759311648713903], [0.22223073788600328, 0.295805317903461, 0.2639237802806001, 0.2180401639299357], [0.5212712144609517, 0.13847655768772746, 0.11389333590040344, 0.22635889195091743], [0.4128672017178204, 0.1590293546188895, 0.07024563677413007, 0.35785780688916013], [0.2009067847930521, 0.2315427536355917, 0.09516091831907264, 0.4723895432522836], [0.1677282530124006, 0.23414681840262594, 0.3075411832068628, 0.2905837453781106], [0.18969294324517488, 0.36762476394646065, 0.1708610064715705, 0.27182128633679403], [0.37615458518262873, 0.16934118649146812, 0.22487437785380207, 0.22962985047210102], [0.23949599031760846, 0.2358721478563108, 0.15230692506629487, 0.3723249367597859], [0.16882919502439936, 0.16385190271607095, 0.20068618382793424, 0.46663271843159554], [0.177066042885827, 0.3216245636971076, 0.18143254014425106, 0.3198768532728143], [0.3287368197532444, 0.12782969419844117, 0.1195242628076647, 0.4239092232406498], [0.24858276562063356, 0.33211260159771333, 0.11482106597407084, 0.30448356680758226], [0.1568767378449459, 0.27456963201109036, 0.2666666789084896, 0.3018869512354743], [0.26509607723806666, 0.21532256674834244, 0.2083839316010342, 0.31119742441255666], [0.28314641633401005, 0.23974319396118882, 0.20914730702890655, 0.2679630826758947], [0.3975409209872391, 0.253851781633076, 0.08408676724167714, 0.2645205301380078], [0.2678982690823247, 0.24499685901104465, 0.12104020736136102, 0.36606466454526976], [0.16188323233285098, 0.279620443760975, 0.34309093876586655, 0.21540538514030755], [0.17044360053126995, 0.21750456146846295, 0.21210507822006727, 0.39994675978019995], [0.17447563020105883, 0.2240339005166681, 0.4057211820590904, 0.1957692872231826], [0.07596555717426826, 0.6860045639480722, 0.07682589096278787, 0.16120398791487184], [0.28452255296537626, 0.2551233738218542, 0.13614033202562895, 0.3242137411871407], [0.28512722375020955, 0.2908380641839878, 0.11986914980209597, 0.30416556226370683], [0.13255839029935407, 0.2595803754990191, 0.21786059600554983, 0.390000638196077], [0.07580812981292857, 0.09640089721593281, 0.6601181600181455, 0.1676728129529931], [0.3149688030536645, 0.1982073858658316, 0.1116467097701867, 0.37517710131031734], [0.2693224662299096, 0.3144700236011549, 0.11120354725400698, 0.30500396291492865], [0.3186435131517756, 0.18325866226704854, 0.10160729970676378, 0.39649052487441216], [0.20812662297064768, 0.4977604981658007, 0.10865215271412751, 0.1854607261494242], [0.4513293294891668, 0.1218152720447956, 0.1258272026693103, 0.30102819579672735], [0.19466347926408567, 0.29146876686779477, 0.2249935432468843, 0.28887421062123514], [0.22752434437190655, 0.33422881770787555, 0.10268351550191394, 0.3355633224183039], [0.37362176494743204, 0.18403298141931812, 0.13801008615862914, 0.30433516747462086]]}, "rewritten": {"ids": ["97105451", "97107260", "97107681", "97107920", "97110950", "97111790", "97112290", "98107410", "98112300", "98112580", "98119591", "98120530", "99107640", "99108580", "99109141", "99110050", "99111000", "99111340", "99112641", "99116500", "99119830", "100107920", "100109000", "100109890", "100109910", "100111390", "100116790", "100120010", "101108080", "101109120", "101110740", "101112690", "102110690", "102110750", "102112250", "102113350", "102113981", "103110050", "103110760", "103110840", "103112470", "103117200", "103117461", "103118110", "103120290", "104110960", "104111550", "104112201", "104112470", "104113190", "104113380", "104117200", "105111990", "105112100", "105112260", "105113170", "105115380", "105115720", "105115900", "105117431", "105118230", "105119550", "106113360", "106114011", "106115120", "106116120", "106116370", "106118301", "106119260", "106119580", "106119990", "107112840", "107113180", "107113550", "107114780", "107115140", "107116340", "107118780", "107118820", "107120260", "108113480", "108114040", "108114360", "108114670", "108116120", "108116481", "108118520", "108119550", "108120260", "108120700", "108121351", "109114720", "109115380", "109117600", "109117730", "109120150", "109121410", "110113591", "110113931", "110115710", "110116290", "110117200", "110118301", "110118701", "110118930", "110119300", "110119891", "110120531", "110120640", "110121170", "111115770", "111116010", "111116090", "111116290", "111116640", "111117120", "111119930", "111120320", "111121351", "112116501", "112117461", "112117471", "112117571", "112117580", "112118471", "112118860", "112118930", "112119980", "112120270", "112120670", "112120700", "112121030", "112121360", "112121430", "113117550", "113118620", "113119360", "113119930", "113120640", "113120751", "113120830", "113121980"], "labels": [0, 2, 3, 0, 3, 2, 1, 3, 2, 2, 1, 1, 1, 0, 3, 3, 2, 1, 1, 2, 1, 0, 1, 3, 2, 2, 2, 0, 0, 1, 3, 1, 0, 1, 0, 3, 1, 3, 1, 1, 1, 0, 0, 2, 2, 2, 1, 0, 1, 3, 1, 3, 2, 1, 3, 0, 1, 1, 3, 1, 1, 1, 0, 1, 1, 1, 2, 1, 1, 3, 0, 1, 3, 0, 2, 0, 3, 1, 3, 1, 0, 0, 1, 3, 1, 0, 0, 1, 1, 2, 3, 0, 3, 1, 3, 2, 0, 0, 1, 2, 2, 3, 1, 3, 1, 1, 3, 0, 0, 2, 3, 1, 3, 2, 0, 2, 1, 1, 0, 3, 0, 3, 3, 0, 1, 3, 1, 0, 0, 2, 2, 0, 3, 2, 3, 3, 0, 1, 0, 1, 3, 2], "predicted_labels": [1, 2, 0, 3, 0, 0, 3, 3, 0, 1, 0, 0, 0, 1, 0, 0, 1, 0, 1, 1, 1, 0, 3, 3, 1, 3, 2, 2, 1, 3, 1, 1, 0, 1, 3, 1, 0, 1, 0, 3, 0, 3, 0, 1, 0, 3, 1, 0, 3, 3, 2, 2, 3, 3, 1, 1, 1, 0, 1, 0, 1, 3, 0, 1, 3, 0, 3, 3, 3, 1, 0, 1, 1, 3, 1, 2, 1, 0, 1, 0, 3, 1, 1, 3, 3, 0, 3, 1, 0, 0, 3, 3, 0, 0, 0, 3, 1, 0, 0, 1, 0, 2, 1, 3, 1, 1, 3, 0, 3, 3, 0, 1, 0, 3, 1, 3, 3, 0, 1, 1, 1, 3, 1, 0, 2, 3, 2, 3, 0, 3, 1, 3, 3, 0, 2, 3, 3, 1, 3, 1, 2, 0], "confidence_scores": [[0.2843022159339177, 0.41027080548334816, 0.0834712847306429, 0.22195569385209152], [0.135706710967909, 0.23658842491045778, 0.40327383859271076, 0.2244310255289224], [0.3552592818251681, 0.1877808094091579, 0.17824261564278512, 0.278717293122889], [0.24366401022525327, 0.21579251302716967, 0.10490560591683966, 0.4356378708307374], [0.40156671424557344, 0.13197113602271401, 0.15758723248950982, 0.3088749172422027], [0.5819925848394851, 0.16006251414016476, 0.08308093618194443, 0.1748639648384056], [0.21228130960514927, 0.22997709966722507, 0.2296631944748142, 0.3280783962528116], [0.35666193226935794, 0.21609580744705417, 0.06525090748954833, 0.36199135279403966], [0.4747095511803196, 0.15610606712186414, 0.1299267607128701, 0.23925762098494616], [0.16265093085160715, 0.35409230972435546, 0.2556267120667411, 0.22763004735729644], [0.37162940596115973, 0.24525595708732567, 0.1696721219012467, 0.21344251505026798], [0.3589736403151029, 0.23346230720101613, 0.07618543829799285, 0.33137861418588827], [0.34093378961384296, 0.23391719265654323, 0.20089027800135767, 0.22425873972825622], [0.25485663206785275, 0.32996111821079516, 0.09936156356517789, 0.31582068615617415], [0.38122626203647114, 0.21439457471645243, 0.17538808976153958, 0.22899107348553696], [0.44059204449092293, 0.15147659643323014, 0.11055597182858355, 0.29737538724726353], [0.27322854869998175, 0.42914934538085825, 0.09508122025185312, 0.20254088566730696], [0.31751617858921627, 0.25754544811827956, 0.28347706469675893, 0.1414613085957454], [0.1793263308496815, 0.477953399070775, 0.15799754484883338, 0.18472272523071023], [0.14156666817346414, 0.4265923877612054, 0.14893229491791649, 0.28290864914741415], [0.1915920072995747, 0.36891350016195357, 0.08621878312470643, 0.3532757094137654], [0.3626708049085231, 0.24733057880280526, 0.1890922377873841, 0.20090637850128762], [0.1683306402418759, 0.28656290663687267, 0.18688395084980805, 0.3582225022714435], [0.14566933680575755, 0.2016787637990445, 0.08018282865109004, 0.5724690707441079], [0.17773801770026373, 0.35659998179392766, 0.19874728714504916, 0.2669147133607595], [0.2438874786222508, 0.24266365160250605, 0.23165971409652214, 0.2817891556787211], [0.1299954037843149, 0.27576334635127286, 0.36137805517108695, 0.2328631946933253], [0.2067599281788665, 0.14788356136046196, 0.45064947813073714, 0.19470703232993444], [0.23023266333493325, 0.42385838371337853, 0.19502163282213722, 0.15088732012955092], [0.2948878469360448, 0.2304583449851479, 0.16738252315996874, 0.3072712849188386], [0.2464908503242522, 0.3435564594601958, 0.11021923240661698, 0.29973345780893507], [0.19318899528008238, 0.33980619384966065, 0.24667147929878677, 0.22033333157147028], [0.369690318866672, 0.220357323312635, 0.15685571106317403, 0.2530966467575192], [0.11014635901165673, 0.3805520574976952, 0.3457876871770993, 0.16351389631354887], [0.27349537870988255, 0.2853249464967682, 0.13426104708446782, 0.30691862770888145], [0.16542077110960746, 0.3294327200622143, 0.27226314351436626, 0.2328833653138122], [0.3392634516173891, 0.18762758241521887, 0.1923070139066894, 0.28080195206070274], [0.16350134047162662, 0.41787247923761733, 0.1385287955774742, 0.2800973847132821], [0.6525006828039793, 0.12964604007757552, 0.05681277252088539, 0.1610405045975598], [0.3447333790443596, 0.17448263403514047, 0.10316560794230359, 0.3776183789781964], [0.3291084267481802, 0.23063204136761242, 0.11223912620900998, 0.32802040567519747], [0.21780183989134896, 0.2003143996069344, 0.1701634124453316, 0.411720348056385], [0.34200828359375607, 0.2534934142549579, 0.1117706368946458, 0.2927276652566403], [0.16222075135896966, 0.4253389606091496, 0.25620747839744296, 0.15623280963443784], [0.32526840163606446, 0.28001190277512594, 0.1655254148565302, 0.22919428073227952], [0.11963041909384951, 0.1855349202722289, 0.23956557474495327, 0.45526908588896825], [0.16177786109841702, 0.3219203783685292, 0.2763586481538405, 0.23994311237921323], [0.5804842280901451, 0.2139985558532883, 0.04413201287771126, 0.1613852031788554], [0.19400485541759493, 0.2497021988555749, 0.11044837536018924, 0.445844570366641], [0.2815727267911697, 0.16365053974794125, 0.22949845344490438, 0.32527828001598486], [0.1451888999731359, 0.13385563281823484, 0.4996084721250582, 0.22134699508357125], [0.2682593133194981, 0.19840802117332784, 0.2728948195327959, 0.260437845974378], [0.17463420736580987, 0.26681182798795916, 0.15616792967361043, 0.4023860349726205], [0.15434472120254458, 0.30325126873132796, 0.17757148605698375, 0.3648325240091438], [0.17025807915401378, 0.4074479323100658, 0.15923791141024962, 0.2630560771256708], [0.16138456229830841, 0.37215273513202957, 0.09436732686403274, 0.3720953757056293], [0.2481366182648447, 0.2761341500082246, 0.23318481925118828, 0.24254441247574263], [0.3169562095719069, 0.2681859993632819, 0.1499822410349376, 0.2648755500298736], [0.24635666114143745, 0.42220899907924825, 0.10568240759045754, 0.22575193218885692], [0.30061669884809844, 0.2507128185907735, 0.2248539962414165, 0.22381648631971152], [0.16601452572260475, 0.36479364665163966, 0.2583937832755232, 0.21079804435023242], [0.14154311002935238, 0.1769227616313171, 0.22572332066981793, 0.45581080766951276], [0.4338490159621809, 0.19103417384622084, 0.10220936206949371, 0.27290744812210466], [0.2715848614720868, 0.30106138238943625, 0.21828886957497048, 0.20906488656350647], [0.23670069814259054, 0.2511217347700255, 0.18372495909085518, 0.3284526079965288], [0.3838951114932936, 0.28315452711045286, 0.10052136650320602, 0.23242899489304766], [0.1513896140014445, 0.2039525486895889, 0.23068149293851517, 0.41397634437045144], [0.27259739921801307, 0.19560972949738514, 0.17562204199546622, 0.3561708292891357], [0.2672559929838593, 0.1963066504563238, 0.15559681565205194, 0.38084054090776503], [0.18593788339807524, 0.32890435185254097, 0.19903781147230282, 0.2861199532770812], [0.32869329590873647, 0.21272794352873362, 0.1545225121177927, 0.30405624844473705], [0.09650943364302347, 0.6976536697875386, 0.12595703882256856, 0.07987985774686919], [0.28390868461448, 0.2888691930747846, 0.22452065061486723, 0.20270147169586822], [0.25946354282645356, 0.2109337418842857, 0.16317564084964953, 0.3664270744396112], [0.2203554031259092, 0.48355951622445753, 0.09785567632237654, 0.19822940432725672], [0.10458611688335048, 0.09837929375175157, 0.4034818420670302, 0.39355274729786777], [0.24233246932483954, 0.363434260503701, 0.11288307690817367, 0.2813501932632861], [0.37782607002094704, 0.2234038671541006, 0.09817870565275667, 0.30059135717219565], [0.2743963357361339, 0.42626738384265916, 0.08633336679763426, 0.2130029136235726], [0.43317897776356656, 0.15331702279833967, 0.12810959217882953, 0.28539440725926424], [0.14961294243083098, 0.260630579813448, 0.2854177659858087, 0.3043387117699123], [0.09608763874185883, 0.5689912354993228, 0.060707134112594735, 0.27421399164622373], [0.18884819705523212, 0.36441752198876454, 0.17361955392341322, 0.27311472703259015], [0.20767692993235706, 0.2976240364676001, 0.17404536152098968, 0.32065367207905304], [0.2583084082867917, 0.27734530732078794, 0.1589795351653493, 0.30536674922707113], [0.4824589452121208, 0.14661761876276047, 0.11559925732945163, 0.2553241786956672], [0.28783153236741504, 0.1327621636753181, 0.0719392569517947, 0.5074670470054721], [0.19528640381540352, 0.31371254632991813, 0.2626670868035417, 0.22833396305113668], [0.3825029643577047, 0.23649069411058085, 0.1066818603798993, 0.2743244811518153], [0.3495884529986633, 0.2612290902851794, 0.16754336529309977, 0.22163909142305754], [0.21612092383390696, 0.34466579133542435, 0.09159407640424243, 0.34761920842642613], [0.10343791508969545, 0.38955373605974625, 0.10307478322600763, 0.4039335656245507], [0.35067956706633824, 0.26981622471365124, 0.12297385966028522, 0.2565303485597252], [0.27358626065700925, 0.2626782702773457, 0.20877871570828346, 0.2549567533573616], [0.6406140673066575, 0.11135063003090058, 0.10187842561235529, 0.14615687705008681], [0.29293642957663124, 0.20078027922023392, 0.10229733392315951, 0.4039859572799753], [0.1538979909423344, 0.42024222957209195, 0.06207502911893724, 0.36378475036663654], [0.42620110638967057, 0.36506976075010705, 0.06359003592025822, 0.14513909693996416], [0.39695454939143504, 0.23388919623157955, 0.11124067031364847, 0.2579155840633368], [0.18217737647236915, 0.39819867723364033, 0.1253761242635977, 0.2942478220303928], [0.30410254801022185, 0.1843579404233881, 0.2774129930793689, 0.23412651848702118], [0.3030972625628945, 0.1436898814881211, 0.3447461457659879, 0.2084667101829965], [0.2150099471381329, 0.3060194103830896, 0.2858765067809879, 0.19309413569778966], [0.19484079262569554, 0.30988398237050946, 0.10762976235793925, 0.3876454626458557], [0.16482896570414138, 0.6199978815424467, 0.08021131949776869, 0.13496183325564318], [0.2639011402943934, 0.3073105545636661, 0.1275238105858925, 0.30126449455604803], [0.21943076218612007, 0.27159380222352913, 0.09339983799634383, 0.41557559759400714], [0.4797285587826616, 0.12773051251768125, 0.08285548261794647, 0.30968544608171067], [0.19472850419105253, 0.3162128975596313, 0.16775857198684277, 0.3213000262624734], [0.3572068418364875, 0.120542724993353, 0.08317382348493033, 0.4390766096852293], [0.336012728928029, 0.2198013689823003, 0.1471550583747194, 0.29703084371495125], [0.20743088010005606, 0.3639857691682069, 0.20350620664913505, 0.22507714408260196], [0.36368796910651163, 0.3436591032221279, 0.06939880757826689, 0.22325412009309367], [0.28582646454981425, 0.13811574758571485, 0.0960079237682704, 0.4800498640962005], [0.19128363723958527, 0.3966391416582054, 0.13963257747297372, 0.2724446436292357], [0.21611148846369124, 0.2818289770375714, 0.17586414261401317, 0.32619539188472413], [0.11916535352288725, 0.15400233470493196, 0.13346085272896052, 0.5933714590432204], [0.2597092037782474, 0.25649248800654206, 0.25340029271089815, 0.2303980155043123], [0.3256589621461214, 0.3910088445226712, 0.11415513547213328, 0.16917705785907416], [0.1855574941218666, 0.46539706073005116, 0.18103143345190686, 0.16801401169617544], [0.1553692216224781, 0.6580556247793516, 0.07406013856523372, 0.11251501503293641], [0.2873901492683161, 0.148717995882485, 0.2620179938951688, 0.30187386095403007], [0.14975236410303483, 0.3965458276535035, 0.17032810622728523, 0.28337370201617634], [0.34309948888298447, 0.3357439079962187, 0.10194181590225107, 0.21921478721854595], [0.21570212411463438, 0.24050948470409114, 0.36773476326037513, 0.1760536279208995], [0.3147081978613705, 0.2507319549554517, 0.11060310395737975, 0.32395674322579804], [0.18359094828528913, 0.1177727766822306, 0.5292384661392737, 0.16939780889320652], [0.21654547225957613, 0.2713792741803937, 0.17627660536004328, 0.335798648199987], [0.4226804894721495, 0.2529366177685379, 0.11889494565133708, 0.20548794710797558], [0.25397988078052197, 0.2680208456022472, 0.13954657967491277, 0.3384526939423183], [0.23722019885287837, 0.30070713274507155, 0.22943507525903276, 0.2326375931430176], [0.3472119430924966, 0.14993143260859076, 0.12991446499861942, 0.3729421593002932], [0.2906134814590968, 0.2345219727842758, 0.13232115735191763, 0.34254338840470966], [0.43055103283818386, 0.18296721668488825, 0.21052732039857952, 0.17595443007834843], [0.21445332353341784, 0.21509168715229085, 0.3937440248976048, 0.17671096441668674], [0.0812128627440989, 0.20890772862680346, 0.15036985932572144, 0.5595095493033763], [0.299876528681126, 0.2374672813946553, 0.11442964053407496, 0.34822654939014375], [0.23822850115200855, 0.35045615217912307, 0.13465116149305387, 0.2766641851758144], [0.2854073207156224, 0.22329732441724343, 0.12085254078781224, 0.370442814079322], [0.27242140512990043, 0.30198878444235155, 0.25368185454245823, 0.17190795588528965], [0.2598660169886749, 0.16937503313422464, 0.3350405615314663, 0.23571838834563433], [0.38990273307566625, 0.1785897794714281, 0.10148739666745032, 0.3300200907854553]]}}