{"test": {"ids": ["103113260", "103113610", "113122150", "108120621", "103120531", "111121410", "102112170", "110118630", "104113550", "112118581", "99112840", "106116441", "110114651", "104116800", "111121220", "105119550", "108120260", "103111110", "105116650", "99107300", "99109860", "109120621", "97118210", "113119700", "113120640", "101111210", "99107640", "110114321", "113117340", "108119510", "99121440", "108118810", "98108150", "108120700", "98106560", "97107681", "106121190", "112118890", "103109641", "97107040", "106116820", "97116800", "104111620", "112118880", "107113360", "112120540", "104112201", "101119591", "113119930", "111119290", "110115580", "106115120", "113121810", "102110240", "100109890", "113120540", "109117150", "101112160", "98111670", "112121030", "108113480", "113122230", "110113931", "100111390", "112117431", "101108580", "111119930", "107116501", "111119430", "103110220", "110118161", "109114030", "110117080", "111114121", "102110850", "104111531", "108115970", "100111620", "112118860", "112118530", "99108080", "107120880", "108113700", "111120220", "112120640", "103120340", "109115211", "98110710", "113122220", "110118930", "109120540", "105118171", "105112260", "108115500", "101112540", "97112170", "97116410", "109119460", "100110260", "99112531", "112120270", "112117030", "113118111", "110117140", "97116500", "101108290", "99108890", "99119830", "104113380", "98112170", "111120280", "110118701", "113119360", "104116980", "112119500", "106111321", "113122430", "104111880", "105115570", "111119580", "107119130", "113117401", "97106000", "107114280", "111117571", "98111620", "111116290", "109114270", "102118380", "104114320", "97109570", "109114720", "109116810", "110116300", "112116990", "106114011", "98116940", "109117271", "113121410", "107117630", "112118701", "106116120"], "labels": [3, 2, 2, 1, 3, 0, 3, 1, 1, 1, 2, 0, 3, 1, 3, 1, 1, 3, 1, 3, 2, 1, 2, 0, 0, 2, 1, 1, 2, 1, 2, 1, 0, 2, 1, 3, 2, 3, 1, 2, 1, 0, 0, 1, 0, 3, 0, 0, 1, 3, 1, 1, 2, 3, 3, 3, 2, 3, 1, 0, 0, 1, 1, 2, 0, 0, 1, 1, 3, 2, 0, 1, 1, 0, 3, 0, 2, 3, 3, 1, 3, 1, 0, 3, 0, 1, 0, 2, 1, 1, 1, 3, 3, 3, 2, 0, 3, 1, 3, 3, 0, 2, 1, 3, 2, 0, 0, 1, 1, 3, 0, 3, 0, 1, 2, 0, 2, 3, 0, 3, 1, 3, 0, 3, 3, 3, 2, 3, 1, 2, 0, 0, 3, 3, 0, 1, 2, 0, 0, 0, 0, 1], "predicted_labels": [1, 0, 3, 1, 1, 1, 2, 3, 2, 2, 3, 1, 3, 3, 1, 1, 0, 0, 2, 0, 3, 3, 2, 1, 3, 3, 3, 1, 1, 2, 1, 3, 1, 1, 0, 2, 2, 3, 3, 2, 3, 0, 3, 0, 2, 1, 3, 3, 1, 3, 0, 1, 2, 0, 1, 0, 0, 2, 3, 0, 3, 0, 1, 0, 3, 2, 0, 0, 2, 3, 0, 0, 3, 1, 1, 3, 3, 1, 0, 1, 3, 2, 1, 0, 3, 3, 3, 1, 3, 3, 3, 1, 1, 1, 2, 3, 3, 1, 0, 0, 1, 1, 3, 1, 2, 3, 1, 1, 0, 0, 3, 0, 3, 2, 1, 0, 3, 3, 3, 0, 1, 3, 3, 1, 0, 2, 1, 1, 2, 0, 1, 2, 3, 0, 3, 1, 1, 3, 3, 2, 3, 1], "confidence_scores": [[0.0036303097099888585, 0.9891023610709869, 2.7103828955535238e-05, 0.007240225390068605], [0.8930226984395224, 0.006448107529259598, 0.00010384817536757547, 0.10042534585585043], [0.2345563598942801, 0.0029176435196314487, 0.2494374776910517, 0.5130885188950367], [0.0023544734224533966, 0.7639029070864901, 0.0005034919812227347, 0.23323912750983364], [0.45106244916024596, 0.5379362434718561, 0.005169856546096713, 0.005831450821801223], [0.007800813772452048, 0.9920164363074612, 1.6157403004267042e-06, 0.00018113417978645138], [0.09908987271702518, 0.03824588702178479, 0.8397660057172104, 0.02289823454397967], [6.213379490750612e-05, 0.3493332171762624, 0.0006890213675317909, 0.6499156276612983], [0.08397643746423243, 0.000563857191509915, 0.9152114604245942, 0.0002482449196634096], [2.788067389233015e-08, 0.0029788081700410393, 0.9969216555290958, 9.950842018935866e-05], [0.03218957378515716, 0.06820540487502498, 0.001823286056755192, 0.8977817352830627], [0.010171495370479596, 0.9888970200640402, 2.59297174297098e-07, 0.0009312252683057089], [0.3533443006364891, 0.09388545656678454, 0.019335879553645303, 0.533434363243081], [0.001412635009535639, 0.0029113640204423666, 4.100448890175739e-05, 0.9956349964811203], [0.0007738670184953618, 0.9910507920063443, 1.770866342182566e-05, 0.008157632311738602], [0.34534367771448277, 0.4642731498214988, 0.0006842083999377977, 0.1896989640640806], [0.6353009782550889, 0.022449850543854, 0.34036649680416137, 0.0018826743968957122], [0.9672721435873898, 0.0076777744295477846, 0.0002058669425914928, 0.024844215040470945], [0.02602225764833495, 0.026280953234569644, 0.9451086019784881, 0.002588187138607389], [0.9995370770628835, 0.0004614100502093875, 5.540421556724527e-08, 1.4574826914546284e-06], [0.0010205786578011873, 0.00030066274163015203, 0.40857606308505345, 0.5901026955155153], [0.36897349313208155, 0.002238908249192162, 0.015983636955583927, 0.6128039616631424], [1.0779220159264284e-05, 0.011364270961989609, 0.9881290273074971, 0.0004959225103541895], [3.4005511802745784e-05, 0.7630324339007958, 0.23534785683508908, 0.0015857037523123703], [9.373621240677005e-05, 0.0626588563481487, 0.0017211488489194827, 0.9355262585905252], [0.00029365894285405327, 0.000999304125278255, 0.0006258466716549364, 0.9980811902602128], [0.001464555385974002, 5.3906647886161524e-05, 0.007634448060570609, 0.9908470899055692], [0.07030164640802242, 0.92962317570215, 3.0752757034038196e-07, 7.487036225724343e-05], [3.643357120041719e-06, 0.99995109743553, 3.733952059573878e-05, 7.919686753993142e-06], [0.0001013835260310439, 0.0005506934435344653, 0.9989224697177495, 0.00042545331268504003], [9.81823246212129e-10, 0.9979982736195521, 0.0017701711808274358, 0.00023155421779719824], [1.3189463391834377e-06, 0.0004012995967131761, 1.579067855379166e-08, 0.999597365666269], [0.0027209890481055417, 0.9972175647387891, 2.3217629957611669e-07, 6.1214036805873e-05], [0.06243056365590038, 0.8790570912241706, 0.010555509213956572, 0.04795683590597252], [0.6094245844960855, 0.3736056649636601, 0.00049291459397383, 0.016476835946280584], [1.8699597175445993e-08, 6.064615918655238e-07, 0.973042300045823, 0.026957074792987944], [0.2950576586218002, 0.23714394138049408, 0.4666247715239129, 0.0011736284737929499], [0.0017809008077259957, 0.17221158245641208, 1.5000890517287647e-09, 0.826007515235773], [5.169852777023481e-08, 1.8090180903652153e-07, 1.9491834062583675e-05, 0.9999802755656007], [2.9564674192076424e-05, 0.003075882501251672, 0.8542346082850691, 0.14265994453948702], [0.2384126651543141, 3.1122488693324846e-05, 2.4515422208003095e-05, 0.7615316969347845], [0.8479199305077397, 0.1519524375248041, 8.47095706750489e-06, 0.00011916101038858004], [0.003941882462393251, 0.23462166103528684, 0.00045091645422536326, 0.7609855400480946], [0.8114382994889169, 0.15940710219819218, 0.017800400351193988, 0.011354197961696937], [0.00019323430860388312, 0.0011251139672859428, 0.9076989329580284, 0.0909827187660818], [0.12172915493276096, 0.5194220061607557, 7.5806741033146e-05, 0.35877303216545026], [0.13495329487182053, 0.00011386402730023357, 0.004781868355774824, 0.8601509727451043], [0.0007233331256898201, 1.6600615822447933e-06, 0.00036480508510177486, 0.9989102017276262], [0.05734953560935742, 0.9360446299694898, 2.3569978811154806e-05, 0.006582264442341752], [8.08738270066861e-08, 2.3116112603861816e-06, 2.6241940728693043e-06, 0.9999949833208397], [0.8164650011100645, 0.03436306084998886, 0.1386212251967159, 0.010550712843230689], [0.0021117104284608923, 0.9978441013688188, 1.6449330313960715e-07, 4.4023709417115596e-05], [0.00016241639812088085, 0.14991313941278375, 0.8499217540343905, 2.6901547049969918e-06], [0.7534469283798878, 0.0032686979962055747, 0.24327835719233956, 6.016431566950431e-06], [0.00042671686954699577, 0.9551214171301026, 0.04364561101107055, 0.0008062549892798297], [0.9978343545162776, 1.9936602076644735e-06, 2.8915270264236833e-08, 0.0021636229082444107], [0.8154280907376319, 0.004982286223670426, 0.008695600855577959, 0.17089402218311978], [0.05169266902273768, 5.034579496552833e-05, 0.8687759826613766, 0.07948100252092025], [1.3958867267915993e-07, 2.0081626562959463e-06, 0.0018244735771752775, 0.9981733786714957], [0.999736995362927, 0.0001259232422930507, 9.070287314553503e-05, 4.637852163450921e-05], [0.051355850193936216, 0.01816681421969552, 2.274642470550006e-05, 0.9304545891616628], [0.6340718104365698, 0.12684688575007266, 0.1968345246996876, 0.042246779113670016], [7.576364032414821e-06, 0.9958270999551714, 5.177739882185981e-06, 0.004160145940914026], [0.535546219473686, 0.18364052217067864, 0.27984889566641935, 0.0009643626892159864], [0.3404852525541508, 0.030776861154930554, 0.03691733031259682, 0.5918205559783218], [0.14202221064731704, 0.0004627919939960818, 0.6118706469757579, 0.24564435038292892], [0.9988473057342194, 0.000948944927170895, 0.00018781674858437916, 1.593259002541651e-05], [0.9718354254415926, 0.01633754519641095, 0.0001340225994686857, 0.01169300676252748], [2.2504813640062478e-06, 0.3543625366216351, 0.5858250736276783, 0.059810139269322625], [0.0015227257455615315, 0.09484303899795958, 0.02208401796145268, 0.8815502172950261], [0.5430155066078995, 0.0013186254499194063, 0.004074646091254886, 0.45159122185092604], [0.6645813475311291, 0.017816962388474654, 0.06567520035390113, 0.2519264897264952], [1.356382304989307e-05, 0.022521332364576416, 0.044852373740119765, 0.932612730072254], [7.803885851556834e-05, 0.9888088368947286, 0.0005511036123163035, 0.010562020634439624], [0.0015618311449872551, 0.5132868192836119, 0.46805416065310534, 0.017097188918295574], [6.817821665279007e-07, 1.3108604131701128e-08, 6.810132955849722e-08, 0.9999992370078998], [1.6432339140270474e-06, 2.931233375641883e-07, 1.3954305037060472e-11, 0.9999980636287941], [0.00034754341494440253, 0.6299990125830087, 0.0914900335836857, 0.2781634104183613], [0.7789472671360115, 0.00500623637655944, 0.0032412427168055755, 0.21280525377062365], [4.3480487108752447e-05, 0.966203932361058, 0.03343640678877406, 0.0003161803630592731], [0.11271839291243309, 0.00042374633943393156, 8.148360246750964e-06, 0.8868497123878863], [0.1362182977634915, 0.07221408048654118, 0.79058931492503, 0.0009783068249372365], [0.1486576657376431, 0.8508007398939466, 0.0005402952430568801, 1.2991253534119546e-06], [0.946406302739097, 0.053593643960740685, 1.0751296211191974e-10, 5.319264944827605e-08], [0.0012994718282125681, 0.004969301030696841, 0.11959329219257894, 0.8741379349485117], [0.34077411976885413, 0.005743650175572271, 0.01473192351303541, 0.6387503065425382], [8.917055904342458e-05, 3.136356716622121e-05, 5.726337852007599e-06, 0.9998737395359385], [0.08174167398470274, 0.9164350281913664, 0.0001703728156612961, 0.001652925008269723], [0.0021854451347769724, 0.02338421964762431, 1.6071002780023068e-05, 0.9744142642148187], [0.002969513215271769, 0.00017240043614009321, 6.849321920280934e-05, 0.9967895931293853], [0.007396780549653089, 0.021439899282179577, 0.09159826199384619, 0.8795650581743212], [0.0018996396258324332, 0.9599966484457375, 5.586098291852667e-06, 0.03809812583013817], [0.1544532444605925, 0.5640703383946877, 0.0002577827053226614, 0.2812186344393974], [0.02209076312542913, 0.9735861936909371, 0.0008749145465985358, 0.0034481286370354317], [9.672091147485115e-06, 0.007247287479632277, 0.9430230303904917, 0.049720010038728515], [0.31051795413121547, 0.001606642577715268, 0.00522352648266835, 0.6826518768084009], [6.607199578101628e-05, 4.103438745628125e-05, 0.001024860471296303, 0.9988680331454665], [0.0011117874982928037, 0.9223525872488896, 0.00010333768647300094, 0.07643228756634467], [0.9991041032942027, 1.5642909039230477e-06, 0.0005923298341874217, 0.0003020025807058024], [0.9351161140554207, 0.004160927351218655, 1.9782813407753067e-05, 0.060703175779952746], [0.0004991797210028582, 0.8898267075905402, 0.10842265912643245, 0.0012514535620244643], [0.003898648809134843, 0.9754749639297133, 9.830737967746549e-05, 0.020528079881474367], [0.02712003637864199, 0.14043564651561058, 0.0015490285191653006, 0.8308952885865822], [0.17976845760234614, 0.7962209553257231, 0.009696796084627016, 0.014313790987303733], [0.29603695818947423, 0.3121728284440606, 0.38762387585518865, 0.004166337511276432], [0.007800647338430711, 0.0004085539856422186, 0.004026957330206097, 0.987763841345721], [1.086354825086986e-06, 0.9999969259289077, 5.588255598602094e-07, 1.4288907075921642e-06], [1.2377646397410503e-06, 0.9989361370726882, 0.0006053789645588166, 0.00045724619811308173], [0.8932718163789283, 0.09097208001377573, 0.001147566105706452, 0.01460853750158936], [0.4610407766341552, 0.08584801217762894, 0.0019092854751380777, 0.4512019257130779], [7.203140750643055e-05, 0.004757326665245803, 1.9377484711852663e-06, 0.9951687041787766], [0.9871283526729171, 0.000272067688294149, 0.012487578459469477, 0.00011200117931920938], [0.13135361109018986, 0.007146335705684673, 2.6470322418545755e-06, 0.8614974061718836], [5.245552067204446e-07, 0.017841715831633517, 0.98177581576616, 0.000381943846999655], [8.677303064885137e-09, 0.9988395176198125, 0.001160429709620212, 4.39932644172053e-08], [0.6880955634453805, 0.19141651468019194, 0.1136080710000008, 0.0068798508744267375], [6.241949330962924e-07, 0.003125803893145768, 0.006541274856859528, 0.9903322970550616], [4.666022976525653e-06, 0.0006274056509600517, 0.02840186339133516, 0.9709660649347283], [0.009094613896867035, 0.01936907508916875, 0.040195904826447026, 0.9313404061875171], [0.999527756707226, 6.086469010070684e-05, 0.00025985215579163136, 0.00015152644688169959], [0.00039088140590470437, 0.9893109177257722, 3.380585445521631e-08, 0.010298167062468609], [0.004446533915600325, 5.465486377532161e-05, 0.00013462248470760412, 0.9953641887359168], [0.0009170287893889757, 0.003836664056472335, 0.019374948630568448, 0.9758713585235702], [0.008091081427077238, 0.9614337951403451, 0.020313288717188814, 0.01016183471538889], [0.9302996255811631, 0.06497203784565818, 0.0038849710029464535, 0.0008433655702321699], [0.0036750245949314754, 0.20687524346743721, 0.7748071065378985, 0.014642625399732705], [0.013926752589179569, 0.9690957366725972, 0.015866371675540596, 0.0011111390626827552], [0.0339732860527656, 0.5660715074288173, 0.015008137435589956, 0.3849470690828272], [7.475771768730676e-06, 0.10822635625646436, 0.885303231190054, 0.006462936781712927], [0.819221126738862, 0.1393879983107685, 0.037551659329144185, 0.003839215621225302], [0.33575643644612496, 0.6483673962009779, 0.015703113508012984, 0.0001730538448840998], [0.001026543875602748, 0.00038824134793733525, 0.9626758293411855, 0.03590938543527458], [0.056143088685253036, 0.007191374863710969, 7.08344814956625e-05, 0.9365947019695403], [0.8984349161965688, 0.08095842098298804, 0.014293086301250214, 0.006313576519192866], [0.237713523066032, 0.000409682194098206, 0.0012026638720743876, 0.7606741308677953], [0.0004640197798444731, 0.999530993826489, 1.0424340206982007e-08, 4.9759693264937865e-06], [0.0036427074859513514, 0.8733415130608583, 0.12246413205236725, 0.0005516474008230351], [0.01212283073499753, 0.000592389887471845, 0.00044425245604953826, 0.986840526921481], [7.858897881780384e-05, 0.001679058857902702, 3.0293101356315164e-06, 0.9982393228531439], [0.05860737481090517, 0.0656200999323704, 0.7899869256087143, 0.08578559964801011], [1.9184231616218807e-05, 0.009416109450007133, 6.371636548436455e-06, 0.9905583346818283], [0.00652327310753017, 0.5427347180336184, 0.36408941116322185, 0.08665259769562957]]}, "rewritten": {"ids": ["97106000", "97107040", "97107681", "97109570", "97112170", "97116410", "97116500", "97116800", "97118210", "98106560", "98108150", "98110710", "98111620", "98111670", "98112170", "98116940", "99107300", "99107640", "99108080", "99108890", "99109860", "99112531", "99112840", "99119830", "99121440", "100109890", "100110260", "100111390", "100111620", "101108290", "101108580", "101111210", "101112160", "101112540", "101119591", "102110240", "102110850", "102112170", "102118380", "103109641", "103110220", "103111110", "103113260", "103113610", "103120340", "103120531", "104111531", "104111620", "104111880", "104112201", "104113380", "104113550", "104114320", "104116800", "104116980", "105112260", "105115570", "105116650", "105118171", "105119550", "106111321", "106114011", "106115120", "106116120", "106116441", "106116820", "106121190", "107113360", "107114280", "107116501", "107117630", "107119130", "107120880", "108113480", "108113700", "108115500", "108115970", "108118810", "108119510", "108120260", "108120621", "108120700", "109114030", "109114270", "109114720", "109115211", "109116810", "109117150", "109117271", "109119460", "109120540", "109120621", "110113931", "110114321", "110114651", "110115580", "110116300", "110117080", "110117140", "110118161", "110118630", "110118701", "110118930", "111114121", "111116290", "111117571", "111119290", "111119430", "111119580", "111119930", "111120220", "111120280", "111121220", "111121410", "112116990", "112117030", "112117431", "112118530", "112118581", "112118701", "112118860", "112118880", "112118890", "112119500", "112120270", "112120540", "112120640", "112121030", "113117340", "113117401", "113118111", "113119360", "113119700", "113119930", "113120540", "113120640", "113121410", "113121810", "113122150", "113122220", "113122230", "113122430"], "labels": [0, 2, 3, 0, 0, 3, 2, 0, 2, 1, 0, 2, 3, 1, 3, 2, 3, 1, 3, 0, 2, 3, 2, 1, 2, 3, 3, 2, 3, 0, 0, 2, 3, 2, 0, 3, 3, 3, 1, 1, 2, 3, 3, 2, 1, 3, 0, 0, 3, 0, 1, 1, 2, 1, 1, 3, 0, 1, 3, 1, 0, 1, 1, 1, 0, 1, 2, 0, 3, 1, 0, 1, 1, 0, 0, 3, 2, 1, 1, 1, 1, 2, 1, 3, 0, 0, 3, 2, 0, 1, 1, 1, 1, 1, 3, 1, 3, 1, 3, 0, 1, 3, 1, 0, 2, 3, 3, 3, 3, 1, 3, 0, 3, 0, 0, 2, 0, 1, 1, 0, 3, 1, 3, 2, 0, 3, 0, 0, 2, 3, 1, 0, 0, 1, 3, 0, 0, 2, 2, 1, 1, 2], "predicted_labels": [3, 3, 2, 0, 3, 3, 1, 1, 2, 0, 1, 0, 2, 3, 1, 1, 0, 3, 0, 1, 3, 1, 3, 1, 1, 1, 0, 3, 3, 3, 2, 3, 2, 1, 3, 0, 2, 1, 2, 3, 3, 0, 1, 0, 3, 0, 3, 1, 3, 3, 0, 2, 0, 3, 2, 3, 2, 2, 3, 3, 0, 1, 1, 3, 1, 3, 2, 3, 3, 0, 2, 1, 0, 3, 0, 1, 3, 3, 2, 1, 3, 3, 0, 3, 2, 3, 3, 0, 3, 1, 3, 0, 1, 1, 3, 3, 1, 2, 3, 3, 3, 0, 3, 1, 0, 0, 3, 1, 0, 0, 0, 3, 1, 1, 0, 0, 3, 1, 2, 3, 3, 0, 3, 1, 2, 1, 3, 0, 1, 3, 3, 3, 1, 1, 0, 3, 3, 2, 3, 1, 0, 1], "confidence_scores": [[0.0650570900776218, 0.10149427457610449, 0.010829911267145435, 0.8226187240791282], [1.5754400925111742e-05, 0.0010131509661631469, 0.04516798631036191, 0.9538031083225498], [5.705961533079098e-09, 2.217672559287722e-06, 0.636803352227669, 0.3631944243938102], [0.5651580711044565, 0.4268150332735697, 0.007563105544036607, 0.0004637900779372385], [0.4273423482582193, 0.0002012438092036802, 0.001100426650304569, 0.5713559812822724], [3.8070566585949623e-06, 5.49969960613718e-05, 0.0005588557294439943, 0.999382340217836], [0.011014158273926914, 0.9403014825190343, 0.04780255290158577, 0.0008818063054529901], [0.07972666188504275, 0.9202222719499863, 8.8950452961154e-06, 4.217111967471504e-05], [1.892330691952967e-05, 0.0022146971952331884, 0.9946690232789224, 0.0030973562189250104], [0.8796467928712755, 0.11463675002931382, 0.005705320946665374, 1.113615274549189e-05], [7.366135103844556e-05, 0.9982338313608147, 4.3165714941835076e-07, 0.0016920756309975328], [0.6401601130913115, 0.3552305784651691, 0.0002692570837330442, 0.004340051359786346], [0.0009622100336365638, 0.06922645716313067, 0.9206858258307788, 0.009125506972453958], [1.7539516781419543e-08, 1.288501809003499e-05, 0.0021270982957776437, 0.9978599991466155], [0.09471122673329962, 0.5198357869787729, 0.0005122128716738393, 0.3849407734162536], [0.03285483210908742, 0.7759003977053273, 0.1912292179062904, 1.5552279294955425e-05], [0.9979536694241937, 0.0020437981588746937, 5.0144759438550874e-08, 2.4822721721096956e-06], [0.00021335020376521844, 7.769491219602499e-05, 0.00029266913609994095, 0.999416285747939], [0.7051853630097465, 0.0061817056600571765, 5.794255084779889e-05, 0.2885749887793485], [0.00014556253765542567, 0.9997995782034366, 6.213619009207372e-06, 4.8645639898918e-05], [9.5057634651592e-05, 0.0006244000985559236, 0.13223102223171043, 0.867049520035082], [0.05323515161383719, 0.5373837405780708, 0.0001673820767697054, 0.40921372573132236], [0.019715451977640706, 0.10996062956306915, 0.0009592671453223434, 0.8693646513139678], [3.056013478825356e-08, 0.9999698229325564, 3.323980381361554e-06, 2.6822526927303367e-05], [1.016622545376742e-09, 0.9994584121833779, 0.0005410016190236162, 5.851809759343676e-07], [0.00012185109170236836, 0.9700368567325358, 0.019045618747567994, 0.010795673428193934], [0.7379318150898113, 0.00016351002567618908, 0.023013318628870478, 0.238891356255642], [0.00015540186106188144, 2.8841847952649602e-06, 0.0023437027072707207, 0.997498011246872], [4.808101035704399e-07, 0.007699231424705531, 0.0014537932383575179, 0.9908464945268335], [0.0004975653817457337, 0.00012363313549601596, 0.0004836295759431141, 0.9988951719068151], [0.024773237680382965, 0.0008964582011027314, 0.8613188840879883, 0.11301142003052604], [0.0004565735182869894, 0.07857199409924391, 0.0007552455725695616, 0.9202161868098996], [0.00620706253386855, 9.456313540362208e-05, 0.9275777009869084, 0.0661206733438194], [3.876122955794698e-06, 0.8096279912262718, 0.14514781872632845, 0.04522031392444389], [3.4287535788951934e-05, 5.2781040799104135e-06, 5.9956412788382e-05, 0.9999004779473428], [0.8703800592783222, 0.0005223081345823849, 0.1290971013977872, 5.311893082179003e-07], [0.00037588105216801866, 0.210156775699988, 0.7864944770877871, 0.0029728661600569553], [0.0735014525107205, 0.6066890708779689, 0.31755238598087826, 0.0022570906304323537], [9.966110741518004e-06, 0.22031630112528264, 0.6005631043579241, 0.17911062840605158], [2.2962264572971987e-06, 1.8633586478105155e-06, 0.0008395012910940154, 0.9991563391238009], [0.0002275961214345061, 0.002425402491919101, 0.0005267220527986738, 0.9968202793338476], [0.7617217194756355, 0.19298559515068375, 0.00012024307631064634, 0.04517244229737018], [0.01064667277513034, 0.988816310791521, 0.0003472702222149298, 0.00018974621113368358], [0.7424259271920975, 0.016854628124609444, 9.537182183794155e-05, 0.24062407286145507], [0.012196742538395556, 0.007260784523424933, 0.001299674149219673, 0.9792427987889599], [0.941876132595624, 0.03719270934733668, 0.010615805429979638, 0.010315352627059463], [1.5280645418434418e-07, 5.458759427551566e-08, 1.578406606632564e-08, 0.9999997768218855], [0.001314792164154376, 0.6749042702331465, 0.00017022594289682215, 0.3236107116598023], [0.0081487519747911, 0.020750835114658844, 0.022139513338701497, 0.9489608995718485], [0.07467966846745965, 2.6932763975393804e-05, 0.0015976141164557288, 0.9236957846521092], [0.9977210734996047, 0.0022379656657697576, 7.76999463450168e-07, 4.018383516208714e-05], [0.0028239263484729623, 2.227878514654247e-05, 0.9970914519131018, 6.234295327885008e-05], [0.5216483561089995, 0.4477718662401776, 0.021130176399789893, 0.009449601251033007], [0.11496128232354887, 0.006580839143118255, 7.03066981593488e-05, 0.8783875718351735], [0.00034077280668714247, 0.007344551240774053, 0.9781472497366218, 0.014167426215917019], [0.00839591199467037, 0.26205340640545965, 0.005955676509911556, 0.7235950050899584], [4.765694804022407e-05, 0.05408286521613901, 0.4829747393605204, 0.4628947384753003], [0.0787175982002566, 0.015323049834731978, 0.8209501170819088, 0.08500923488310264], [0.003831192929483839, 0.0018486978676757082, 7.834035897965844e-05, 0.9942417688438607], [0.06634965514724733, 0.15567339135174174, 0.0029552839830969432, 0.775021669517914], [0.5017842107680334, 0.0014979922463014656, 0.4965813848198655, 0.0001364121657995895], [0.001116474115976529, 0.9988579651131446, 7.394457301573555e-09, 2.5553376421659912e-05], [0.0008519015349341194, 0.9991232837829432, 1.581204265510449e-07, 2.465656169596697e-05], [0.00482475886568414, 0.28929620944151546, 0.1690013385520771, 0.5368776931407232], [0.3572978390804711, 0.6421387711263736, 7.098482043622869e-05, 0.000492404972719031], [0.11500406383376098, 0.001147763578307765, 0.0009603716244574813, 0.8828878009634739], [0.15840136255251183, 0.09384108106629126, 0.744884986503641, 0.0028725698775558268], [1.9689741983856998e-06, 0.001470679956434433, 0.44267245559413126, 0.5558548954752359], [0.11531510985867958, 0.097748510432671, 0.009050513714357738, 0.7778858659942917], [0.9834320976581702, 0.001705249341687445, 0.000149832986262057, 0.014712820013880499], [0.01544726200271954, 0.027340608613220043, 0.8177756001980098, 0.13943652918605057], [0.012995766556745449, 0.9798777815713781, 2.3986593344141074e-07, 0.0071262120059431425], [0.9332172343415114, 0.01948580833853566, 0.04680812952118369, 0.0004888277987694679], [0.005292907237370726, 0.003380032791932328, 1.7231362116346928e-06, 0.9913253368344853], [0.9258104434400596, 0.07373508148014842, 0.00045430629091925843, 1.6878887258602136e-07], [0.0011314310112832452, 0.9688731574396425, 0.0009059751514006923, 0.02908943639767351], [1.0231450310242023e-09, 3.196610595733994e-10, 3.4598820701674247e-14, 0.9999999986571593], [4.0195998502714426e-07, 8.736073858860354e-07, 2.3070757949993087e-09, 0.9999987221255533], [0.00010797578434115844, 0.00038100830588730004, 0.998724047183244, 0.0007869687265276439], [0.0026265049749275076, 0.8090207374953017, 0.026820194004754522, 0.1615325635250162], [0.07090929655809704, 0.25569540929330753, 0.0006250858364920749, 0.6727702083121033], [0.3662077244015026, 0.2152894819343718, 0.011526621882058942, 0.4069761717820667], [0.8746327308852347, 0.09659693189998132, 0.0015624790006631998, 0.02720785821412071], [0.0020764826874740895, 0.0030387918694918517, 0.0027046776330106057, 0.9921800478100234], [0.0007099496019892365, 7.546312032240827e-05, 0.9801505143584109, 0.019064072919277315], [0.00018671045107709213, 0.0003129376962060571, 8.848193597221257e-05, 0.9994118699167446], [0.19657936841786727, 0.040936616566194524, 0.0001930394341831273, 0.762290975581755], [0.6548821218397625, 0.0473323507090471, 0.004829414371719412, 0.2929561130794709], [0.17800865239029365, 1.2667520193230135e-05, 0.022064538004551444, 0.7999141420849617], [8.21459604958585e-06, 0.7853515612941105, 4.573465104185722e-06, 0.21463565064473572], [0.19178447254887257, 0.006297002776603872, 0.006264990649875764, 0.7956535340246478], [0.9656703513457077, 0.0012835947208015483, 0.0010486432143521469, 0.031997410719138634], [1.7802459855453537e-06, 0.9546698539754112, 1.0536498907077992e-05, 0.04531782927969608], [0.17824592927396843, 0.8209687618779435, 3.598666309973907e-10, 0.000785308488221588], [0.07930390270695686, 0.34809412584873145, 0.007264422747084681, 0.565337548697227], [0.012363692791758366, 0.02044642424962564, 0.09998035569879243, 0.8672095272598236], [0.3754233936990209, 0.5941496930493869, 0.01999434671510714, 0.010432566536485026], [1.926395967625836e-06, 0.039221260717723694, 0.7988774536228523, 0.16189935926345647], [0.02134621238649306, 0.14852475366399026, 0.003999530165171751, 0.8261295037843449], [0.49535527479788455, 0.0008201329090207883, 0.00791813215794677, 0.49590646013514794], [9.701170501469349e-06, 0.3645026654464787, 0.00021355050869027687, 0.6352740828743296], [0.866762260326027, 0.000179251032138994, 0.13301146150101273, 4.702714082135176e-05], [0.001176491768602301, 6.527272812317752e-05, 2.0956296949719316e-06, 0.9987561398735796], [2.12002652586941e-06, 0.9973473904249518, 1.122132963028479e-05, 0.002639268218891955], [0.9960992271652487, 0.0036589530480492954, 1.2121185314668328e-05, 0.00022969860138732093], [0.9999012162244667, 7.28281027697654e-05, 2.5847432870588974e-05, 1.0823989289421738e-07], [3.8329068526728906e-07, 4.3588202845338645e-06, 4.13686505335845e-06, 0.9999911210239769], [0.0013375101303247235, 0.9888458536782964, 0.00875389505854965, 0.001062741132829047], [0.9494196924924959, 0.004883188622857293, 0.0014736035064226956, 0.04422351537822408], [0.9710443577399493, 0.01637228719573477, 0.000981135714931595, 0.011602219349384298], [0.9620490004197372, 0.03795090203677512, 2.2201476895483555e-10, 9.732147294151997e-08], [8.62418471514187e-06, 0.005523168610516358, 7.268245607229162e-07, 0.9944674803802078], [0.00018775883237725043, 0.8095277918168687, 1.6607708397060662e-05, 0.19026784164235683], [0.060152020168100895, 0.9398370445189141, 1.0561694337836195e-05, 3.7361864701589515e-07], [0.8099497346144071, 0.06244300673076536, 0.0029892113319846016, 0.12461804732284289], [0.7140195292314778, 0.2079364344009797, 0.004989307305141517, 0.07305472906240087], [0.012872648755044886, 2.6832749393375815e-05, 0.0002801434444427532, 0.986820375051119], [0.0007615086456177548, 0.6592695336298434, 0.3388644111624596, 0.001104546562079261], [5.906130816351469e-06, 0.00024664741495182503, 0.9440483898028538, 0.055699056651377976], [9.598731297067402e-06, 0.008650252537425197, 1.87262527729144e-05, 0.9913214224785049], [0.016254390548257027, 0.010030178076581088, 0.002613853483238939, 0.971101577891923], [0.8540486565798042, 0.09729578522300353, 0.028852416334978034, 0.01980314186221405], [0.0004434014056135477, 1.269718979807023e-06, 6.595290891699718e-11, 0.9995553288094536], [3.061410315527705e-08, 0.9993587857861572, 0.0006403912739603617, 7.923257791813161e-07], [0.0008758532906214125, 0.028484190433523127, 0.864104671179553, 0.1065352850963025], [0.11591456938461485, 0.609356669404403, 8.048789370468195e-05, 0.2746482733172774], [2.8308631349849107e-05, 0.002068184946123285, 0.14349390535382306, 0.8544096010687039], [0.9927782638481051, 1.7658476440751097e-07, 0.007218615775559912, 2.9437915707047367e-06], [1.2655516586321051e-05, 0.9998350267414317, 5.5577915296218084e-05, 9.673982668577638e-05], [0.0003221541933613203, 1.3409752054455691e-05, 5.615307442615596e-07, 0.99966387452384], [0.039080228277587295, 0.11541499570853749, 1.5297808478125457e-05, 0.8454894782053971], [0.009068805415633934, 0.011177000863140026, 3.9985158399382096e-06, 0.9797501952053861], [2.288978118478925e-06, 0.9991433246747544, 2.8205583563874993e-05, 0.0008261807635633566], [0.03431058303212066, 0.6238606131958873, 0.00015743152327959596, 0.3416713722487124], [0.9556762187525538, 4.3762217171504133e-05, 3.103403067211347e-07, 0.044279708689967945], [8.845441280713765e-05, 0.3974547342116084, 0.006398677708826685, 0.5960581336667579], [0.00048698716056469764, 0.0008028588326207604, 6.386766251558316e-05, 0.9986462863442989], [0.03146125397169513, 0.19900183380617856, 0.7692163828007875, 0.00032052942133896074], [0.2072648282974945, 0.0016700732386325668, 0.3712168745977564, 0.4198482238661164], [0.0013620346715692564, 0.9982552244094755, 1.0768606825945586e-06, 0.00038166405827260287], [0.9782458687682524, 0.018731774720301464, 0.002398421821111826, 0.000623934690334185], [0.00016449968101218672, 0.9964685764101595, 0.0033667574133198156, 1.6649550860650727e-07]]}}