{"test": {"ids": ["111119610", "102109910", "97107260", "108115070", "101114020", "112119610", "99109740", "101108950", "103111620", "110118181", "103117461", "99111930", "103109641", "111116040", "107116980", "111119250", "101114990", "104113000", "109117271", "113119300", "98107380", "109120560", "99109311", "101115190", "98107210", "111117571", "99107560", "112118581", "100109000", "111116990", "101117580", "111121410", "112121360", "98116940", "107119130", "113121190", "102108621", "97109570", "102110850", "111117200", "107116340", "99112840", "103112641", "110119891", "100111380", "104116980", "103111540", "98108580", "107118490", "110115140", "113118490", "98106560", "98107010", "113121750", "100109910", "113118690", "108118291", "99108080", "110121450", "111120540", "110118740", "111120531", "110114920", "112121430", "113122220", "105111990", "106116120", "97106591", "110113591", "106113190", "105117200", "110117870", "113119340", "97110950", "111119930", "102112301", "111119340", "97112290", "105113440", "112121010", "113119450", "109114030", "99109161", "113121680", "113122180", "110117500", "112119580", "101108580", "100112060", "109121351", "112117660", "105119950", "104117200", "108115970", "106114011", "102112170", "106115120", "99109370", "107116300", "103111830", "103117200", "106118301", "104110960", "106116370", "113117340", "105120280", "107114780", "103111930", "109116810", "100111270", "110114610", "105113190", "98120530", "112116880", "100108490", "107118120", "108113700", "103110050", "107114950", "110118810", "110115710", "112118550", "97118210", "109115211", "104119290", "113122190", "99108460", "107118820", "109120540", "98107340", "99112300", "108121160", "100113210", "106115240", "103120531", "102113350", "106119990", "112119120", "104111711", "103110760", "112117461", "112116640"], "labels": [2, 2, 2, 1, 3, 0, 3, 2, 0, 1, 0, 1, 1, 0, 3, 1, 3, 1, 0, 1, 1, 1, 1, 1, 1, 3, 1, 1, 1, 0, 3, 0, 3, 2, 1, 1, 3, 0, 3, 0, 3, 2, 3, 3, 3, 1, 1, 0, 2, 0, 1, 1, 3, 0, 2, 3, 3, 3, 3, 1, 3, 0, 3, 2, 1, 2, 1, 1, 0, 0, 3, 3, 0, 3, 1, 1, 3, 1, 0, 2, 3, 1, 3, 1, 2, 1, 3, 0, 2, 0, 0, 3, 3, 2, 1, 3, 1, 1, 0, 3, 0, 1, 2, 2, 2, 3, 2, 3, 3, 2, 1, 3, 1, 0, 2, 3, 0, 3, 3, 1, 2, 3, 2, 0, 1, 1, 0, 3, 1, 0, 0, 2, 0, 1, 3, 3, 0, 1, 1, 1, 0, 0], "predicted_labels": [1, 3, 0, 1, 3, 1, 1, 1, 1, 1, 0, 3, 0, 0, 1, 1, 1, 1, 0, 1, 0, 3, 0, 1, 1, 3, 1, 1, 3, 3, 0, 3, 1, 3, 1, 3, 0, 3, 1, 0, 1, 1, 1, 3, 0, 1, 3, 3, 1, 3, 3, 1, 1, 1, 0, 3, 0, 3, 3, 1, 3, 3, 3, 3, 2, 3, 0, 0, 1, 3, 1, 3, 1, 0, 3, 0, 1, 1, 1, 1, 3, 0, 1, 1, 1, 1, 1, 0, 1, 3, 3, 0, 1, 1, 0, 0, 0, 1, 1, 0, 1, 1, 1, 1, 3, 1, 1, 3, 3, 1, 0, 1, 0, 1, 1, 1, 3, 3, 0, 3, 3, 1, 3, 3, 3, 1, 1, 3, 3, 1, 3, 3, 3, 1, 3, 1, 1, 3, 1, 0, 3, 3], "confidence_scores": [[0.21819158619158624, 0.3015589688089688, 0.21473459179709192, 0.2655148532023533], [0.23070840964590963, 0.19542891830391843, 0.20843686174936185, 0.36542581030081034], [0.2673078706424295, 0.23601693445443456, 0.25068959716753836, 0.2459855977355977], [0.21069125319125326, 0.3772900432900434, 0.1816337273837274, 0.2303849761349762], [0.2834969613719614, 0.2379160353535353, 0.1761523684648685, 0.3024346348096348], [0.2094381868131868, 0.3264167915417916, 0.2147676767676768, 0.2493773448773449], [0.1960737456987458, 0.30081017593517595, 0.2482946220446221, 0.25482145632145636], [0.24374869574869573, 0.3196447857697857, 0.17590159840159836, 0.2607049200799201], [0.2149504107004108, 0.32764002664002667, 0.2166619075369076, 0.24074765512265514], [0.2316918824639414, 0.3203019896769898, 0.17765017825311935, 0.27035594960594966], [0.2974057221373398, 0.2617617354051178, 0.16675332306582308, 0.2740792193917195], [0.25898934398934403, 0.2719687534687536, 0.16728841991341994, 0.30175348262848267], [0.3081980796980798, 0.24243326118326117, 0.1930981657231657, 0.2562704933954934], [0.3241722027972028, 0.20961291486291486, 0.15707936507936504, 0.3091355172605173], [0.27564303751803754, 0.2837338356088357, 0.21029015429015427, 0.2303329725829726], [0.25620885364635365, 0.27322657203907214, 0.21556235431235432, 0.25500222000222], [0.20566156066156072, 0.3098405483405483, 0.2339769952269953, 0.25052089577089576], [0.21815440115440127, 0.3196960678210679, 0.18411282467532458, 0.27803670634920635], [0.32914744487538605, 0.23956504606504622, 0.15961505161505157, 0.2716724574445163], [0.24557823426573433, 0.2950380175380176, 0.18110923104673102, 0.27827451714951723], [0.319854256854257, 0.2096684149184149, 0.16915162615162618, 0.30132570207570203], [0.18571279619073736, 0.2829459984459984, 0.24045940170940175, 0.29088180365386257], [0.3172352092352093, 0.2449440836940838, 0.18797474747474752, 0.24984595959595957], [0.20778002553002556, 0.28097835497835505, 0.24761360861360873, 0.2636280108780108], [0.18532271894771896, 0.3084974886224887, 0.23614614552114546, 0.27003364690864695], [0.24024157786657796, 0.26047789710289715, 0.18392561605061603, 0.3153549089799089], [0.23143789543789547, 0.32227988677988684, 0.23237234987234992, 0.21390986790986782], [0.21380734543234542, 0.2923265692640693, 0.21954785492285495, 0.27431823038073044], [0.20343127705627712, 0.3043642329892331, 0.16362229437229436, 0.32858219558219565], [0.29843516206016213, 0.20219745532245537, 0.16341634754134748, 0.335951035076035], [0.27187332112332113, 0.222808621933622, 0.24598665223665223, 0.25933140470640476], [0.23914466089466085, 0.2815943917193918, 0.17488221500721501, 0.3043787323787324], [0.280116577866578, 0.3228146020646022, 0.17312851037851043, 0.22394030969030965], [0.21684379509379512, 0.26056567452155693, 0.23645528083028086, 0.28613524955436725], [0.24905110167610167, 0.3015109473859474, 0.18995009157509174, 0.25948785936285934], [0.30280260017760013, 0.22208187645687638, 0.16016093628593628, 0.3149545870795872], [0.31127568265068273, 0.2389025974025974, 0.18324787712287707, 0.26657384282384283], [0.2924946442446442, 0.23440363802863812, 0.16395122932622933, 0.3091504884004885], [0.22820326895326898, 0.3345313575313577, 0.20979569042069046, 0.22746968309468307], [0.29142060023310046, 0.2704720765345765, 0.19460668498168496, 0.2435006382506384], [0.2546986069486069, 0.3066641414141414, 0.18334157509157506, 0.2552956765456767], [0.24998519536019528, 0.30228363303363304, 0.1805168858918859, 0.2672142857142856], [0.2876421078921079, 0.3034791597291598, 0.1665251415251415, 0.24235359085359087], [0.27461982461982465, 0.24000834326492237, 0.16950549012391117, 0.315866341991342], [0.2868485403485403, 0.28534475246975255, 0.19036148573648567, 0.23744522144522165], [0.17500907425907425, 0.3677875041625043, 0.21280959318459317, 0.2443938283938285], [0.2554960317460318, 0.2484491341991343, 0.20817793317793318, 0.2878769008769008], [0.2786430236430237, 0.23940859140859153, 0.19832377344877347, 0.28362461149961143], [0.19424170274170277, 0.3360070346320347, 0.23803318903318907, 0.2317180735930736], [0.28214117826617835, 0.26268283105783113, 0.14768186878480996, 0.30749412189118075], [0.2703820693195694, 0.23728571428571424, 0.16123394660894658, 0.33109826978576995], [0.2181628510378511, 0.2961361832611833, 0.22419062881562876, 0.26151033688533704], [0.23657344044844053, 0.35064558154264036, 0.17856239593739592, 0.23421858207152327], [0.23094166944166936, 0.34615723165723167, 0.16265603840603848, 0.2602450604950606], [0.274426948051948, 0.2608699217449218, 0.1929212315462316, 0.2717818986568987], [0.25728751803751815, 0.2506954850704852, 0.21127422577422583, 0.28074277111777113], [0.3911027999777999, 0.2077954545454546, 0.10732184482184481, 0.29377990065490067], [0.2641691225441226, 0.26067155067155073, 0.17328840603840603, 0.3018709207459208], [0.19171507659007653, 0.30201286213786216, 0.18935984848484844, 0.3169122127872129], [0.2993977272727274, 0.32907629870129873, 0.17894309163059163, 0.19258288239538235], [0.2453598762348763, 0.28268037518037514, 0.17147193084693083, 0.3004878177378178], [0.2650797119547119, 0.24126668214826114, 0.21610020096862204, 0.27755340492840497], [0.20076920995671, 0.30440016233766237, 0.17533044733044734, 0.3195001803751804], [0.17040271534021526, 0.25955286788375026, 0.23343797175047182, 0.33660644502556275], [0.17151226551226548, 0.28573151154401155, 0.29947195165945173, 0.24328427128427133], [0.19083186258186266, 0.285070780526663, 0.22451724664224662, 0.2995801102492279], [0.2772840354090354, 0.27121969696969694, 0.20793367743367747, 0.2435625901875902], [0.40021787934287945, 0.22149206349206338, 0.12734114496614496, 0.2509489121989122], [0.2860493117993118, 0.29223910811410814, 0.1540815295815295, 0.26763005050505057], [0.2576783910533911, 0.25660070485070496, 0.1846789321789322, 0.301041971916972], [0.23712265512265515, 0.283080946830947, 0.20514740814740814, 0.2746489898989899], [0.1985783522033522, 0.2834043179043179, 0.22082484182484183, 0.29719248806748816], [0.2096378621378622, 0.325398212898213, 0.20546951659451665, 0.2594944083694083], [0.34197294372294357, 0.2462223470973472, 0.1183819791319791, 0.29342273004773006], [0.25144733044733036, 0.25683886946386947, 0.19518488455988464, 0.2965289155289156], [0.2940890498390498, 0.22234028471528475, 0.19155533355533355, 0.292015331890332], [0.21078635253635253, 0.2853210955710956, 0.2561937784437786, 0.24769877344877347], [0.2177599067599068, 0.30080366855366863, 0.2176057553557553, 0.26383066933066934], [0.23767639305139313, 0.3084487873237874, 0.17467424242424248, 0.2792005772005772], [0.27729283910533903, 0.29243722943722944, 0.1901746933621934, 0.24009523809523808], [0.24924929237429239, 0.28034595959595965, 0.17256132756132758, 0.29784342046842055], [0.28545114607614613, 0.24375595931845925, 0.18560389610389624, 0.2851889985014986], [0.22610045510045507, 0.32797395659895673, 0.1949920634920635, 0.2509335248085249], [0.2562823426573427, 0.2935680193989017, 0.22589671031582795, 0.22425292762792767], [0.23607979520479516, 0.2940708250083251, 0.2084597069597071, 0.2613896728271729], [0.1964854610259022, 0.3338194721944723, 0.1920944125319125, 0.2776006542477132], [0.258479797979798, 0.27906164668664685, 0.23664667277167276, 0.22581188256188253], [0.3532858391608393, 0.21428409090909098, 0.176014985014985, 0.25641508491508497], [0.2821587301587302, 0.28598629148629157, 0.17554148629148628, 0.2563134920634922], [0.24379509379509387, 0.24873303983598105, 0.21804192131398012, 0.289429945054945], [0.24646144133644132, 0.2701446886446888, 0.2127440476190476, 0.27064982239982255], [0.28719912032412037, 0.2563120768120769, 0.1922035742035742, 0.26428522866022874], [0.2815674929645518, 0.2895448162948164, 0.19191818802112917, 0.23696950271950268], [0.175150197025197, 0.31270895770895774, 0.2680662393162394, 0.24407460594960587], [0.3251075778796366, 0.26733670496170503, 0.13011111111111107, 0.2774446060475474], [0.3416881451881452, 0.28900434287934296, 0.11292543567543564, 0.25638207625707626], [0.3148869602619604, 0.2696696081696082, 0.11959308746808744, 0.29585034410034416], [0.21572614885114885, 0.2868395354645356, 0.24843174880674876, 0.24900256687756697], [0.2579205100455101, 0.2739558774558775, 0.23104563492063496, 0.23707797757797763], [0.33083387445887447, 0.20548328060828067, 0.15680522255522258, 0.30687762237762245], [0.250906093906094, 0.3444232434232435, 0.15366117216117212, 0.25100949050949056], [0.2723781218781219, 0.3260278332778333, 0.12859151959151963, 0.27300252525252516], [0.23756901431901434, 0.2900808358308359, 0.2274493700743701, 0.24490077977577987], [0.2773396325896327, 0.2887279803529804, 0.22290412365412363, 0.21102826340326342], [0.23695629370629379, 0.24592960022004146, 0.20232763559969438, 0.3147864704739704], [0.22466333176627287, 0.28382681207681215, 0.2302255383505384, 0.2612843178063767], [0.19624453324453323, 0.33809770784770793, 0.2338548881673882, 0.2318028707403708], [0.26430963480963476, 0.2741588134088133, 0.16388636363636358, 0.29764518814518826], [0.22480010267510273, 0.25516215728715713, 0.2325730727605727, 0.28746466727716735], [0.21920086857586868, 0.29669943944943944, 0.2596951104451105, 0.22440458152958148], [0.30628599178599186, 0.2927924020424022, 0.18391398878898882, 0.21700761738261748], [0.28179720279720266, 0.2893502886002885, 0.16525338550338545, 0.26359912309912314], [0.3019210650460652, 0.25160428460428463, 0.20434695165945166, 0.24212769869019865], [0.19527898490398496, 0.29661537074037075, 0.23786358086358084, 0.27024206349206353], [0.24726774614274621, 0.2795144716394716, 0.19885833610833614, 0.2743594461094462], [0.2444310966810967, 0.3295436091686092, 0.17115728715728712, 0.25486800699300693], [0.21420475357975352, 0.2591611860361861, 0.24634480796980796, 0.2802892524142524], [0.2645887445887446, 0.231100283703225, 0.2143791327136916, 0.289931838994339], [0.2745001110001111, 0.22354041791541793, 0.22818346930846928, 0.2737760017760019], [0.21761073648573656, 0.238761766011766, 0.2406276362526363, 0.3029998612498613], [0.24940646853146856, 0.2406328948828949, 0.18646475746475744, 0.3234958791208791], [0.24343391330891329, 0.31393204018204013, 0.13064448051948044, 0.311989565989566], [0.22762381368631368, 0.2542298881673882, 0.23357539682539696, 0.28457090132090146], [0.21431367243867241, 0.30185624098124114, 0.1762270368520369, 0.3076030497280497], [0.21423708236208244, 0.2659522352647353, 0.21871756715506716, 0.3010931152181153], [0.21707982295482292, 0.32988446275946276, 0.15446329365079361, 0.2985724206349207], [0.24509899822399828, 0.3208187368187369, 0.1845292207792208, 0.24955304417804416], [0.21307393994893992, 0.253291194916195, 0.21882348207348212, 0.31481138306138307], [0.22008223720723719, 0.2982359584859585, 0.17411104173604167, 0.3075707625707626], [0.2496776695526696, 0.3066380286380286, 0.18833107170607172, 0.25535323010323013], [0.23533381487793256, 0.23701733682983683, 0.2251508997538409, 0.3024979485383897], [0.2111866883116883, 0.2832333499833501, 0.17262012987012984, 0.33295983183483185], [0.24004197191697194, 0.27378021722429624, 0.21238246037588152, 0.27379535048285064], [0.2554152097902098, 0.3214281135531137, 0.14057287157287152, 0.2825838050838051], [0.21088443500943502, 0.25340182040182063, 0.20454605117105115, 0.3311676934176935], [0.2029365911865912, 0.3053251748251748, 0.20887996725496727, 0.2828582667332668], [0.2183632617382618, 0.38367640692640675, 0.13505466755466758, 0.2629056637806638], [0.21114177489177496, 0.24798493173493186, 0.22407260794760808, 0.3168006854256854], [0.25139691558441546, 0.33190376984126985, 0.18024350649350646, 0.23645580808080827], [0.28729494116994114, 0.2415859002109002, 0.2143940503940505, 0.25672510822510825], [0.30214848631760405, 0.20723877919466166, 0.1625840548340548, 0.32802867965367966], [0.19831721056721058, 0.2855979575979577, 0.21204623154623164, 0.3040386002886002]]}, "rewritten": {"ids": ["97106591", "97107260", "97109570", "97110950", "97112290", "97118210", "98106560", "98107010", "98107210", "98107340", "98107380", "98108580", "98116940", "98120530", "99107560", "99108080", "99108460", "99109161", "99109311", "99109370", "99109740", "99111930", "99112300", "99112840", "100108490", "100109000", "100109910", "100111270", "100111380", "100112060", "100113210", "101108580", "101108950", "101114020", "101114990", "101115190", "101117580", "102108621", "102109910", "102110850", "102112170", "102112301", "102113350", "103109641", "103110050", "103110760", "103111540", "103111620", "103111830", "103111930", "103112641", "103117200", "103117461", "103120531", "104110960", "104111711", "104113000", "104116980", "104117200", "104119290", "105111990", "105113190", "105113440", "105117200", "105119950", "105120280", "106113190", "106114011", "106115120", "106115240", "106116120", "106116370", "106118301", "106119990", "107114780", "107114950", "107116300", "107116340", "107116980", "107118120", "107118490", "107118820", "107119130", "108113700", "108115070", "108115970", "108118291", "108121160", "109114030", "109115211", "109116810", "109117271", "109120540", "109120560", "109121351", "110113591", "110114610", "110114920", "110115140", "110115710", "110117500", "110117870", "110118181", "110118740", "110118810", "110119891", "110121450", "111116040", "111116990", "111117200", "111117571", "111119250", "111119340", "111119610", "111119930", "111120531", "111120540", "111121410", "112116640", "112116880", "112117461", "112117660", "112118550", "112118581", "112119120", "112119580", "112119610", "112121010", "112121360", "112121430", "113117340", "113118490", "113118690", "113119300", "113119340", "113119450", "113121190", "113121680", "113121750", "113122180", "113122190", "113122220"], "labels": [1, 2, 0, 3, 1, 2, 1, 3, 1, 0, 1, 0, 2, 1, 1, 3, 0, 3, 1, 1, 3, 1, 0, 2, 2, 1, 2, 2, 3, 2, 0, 0, 2, 3, 3, 1, 3, 3, 2, 3, 3, 1, 3, 1, 3, 1, 1, 0, 3, 3, 3, 0, 0, 3, 2, 1, 1, 1, 3, 1, 2, 3, 0, 3, 3, 3, 0, 1, 1, 1, 1, 2, 1, 0, 2, 3, 0, 3, 3, 3, 2, 3, 1, 0, 1, 2, 3, 2, 1, 0, 3, 0, 1, 1, 0, 0, 1, 3, 0, 2, 1, 3, 1, 3, 1, 3, 3, 0, 0, 0, 3, 1, 3, 2, 1, 0, 1, 0, 0, 0, 0, 0, 3, 1, 1, 3, 0, 2, 3, 2, 2, 1, 3, 1, 0, 3, 1, 1, 0, 2, 1, 1], "predicted_labels": [0, 1, 0, 0, 1, 0, 1, 0, 1, 3, 1, 1, 1, 1, 1, 3, 1, 1, 0, 1, 1, 3, 1, 1, 1, 1, 3, 2, 3, 1, 1, 0, 1, 1, 3, 1, 2, 1, 3, 3, 0, 1, 1, 3, 1, 3, 1, 0, 1, 3, 0, 1, 0, 3, 2, 3, 3, 1, 1, 1, 1, 3, 1, 1, 1, 1, 1, 3, 1, 1, 1, 0, 1, 0, 3, 2, 1, 3, 0, 3, 1, 3, 1, 1, 1, 1, 1, 3, 0, 0, 1, 1, 1, 3, 3, 0, 1, 1, 1, 1, 1, 1, 1, 1, 1, 0, 3, 3, 3, 0, 1, 1, 1, 1, 3, 3, 1, 1, 1, 3, 3, 3, 3, 3, 1, 1, 1, 1, 1, 3, 1, 3, 2, 1, 1, 3, 1, 3, 1, 3, 3, 3], "confidence_scores": [[0.26765341602841614, 0.2571969141969141, 0.2100813492063492, 0.2650683205683205], [0.23759068709068715, 0.2760795732045733, 0.2653949522699523, 0.2209347874347875], [0.29355619380619385, 0.2592781524031526, 0.18925758963258965, 0.25790806415806417], [0.2818420656141244, 0.28115409590409607, 0.21089393449687566, 0.2261099039849041], [0.25328546453546463, 0.33055050505050504, 0.19841028416028422, 0.21775374625374627], [0.2845616030211619, 0.24529812548562557, 0.23150934686228805, 0.23863092463092472], [0.21293052086802086, 0.31699521312021317, 0.21918910950160955, 0.2508851565101565], [0.2942050588300588, 0.2884547535797536, 0.19971815684315683, 0.21762203074703074], [0.1942430208680209, 0.3318273580994169, 0.23444821844821853, 0.2394814025843438], [0.21589332399626524, 0.24518975468975474, 0.2453447247197248, 0.2935721965942555], [0.26729816017316027, 0.27661724386724384, 0.18492279942279943, 0.2711617965367965], [0.25341038822288825, 0.2808824855699856, 0.19767604617604617, 0.26803108003107995], [0.2398526196026197, 0.32749329836829844, 0.20658247308247313, 0.22607160894660894], [0.2519057747807748, 0.2912593448218448, 0.20957070013320006, 0.24726418026418032], [0.22944089244089244, 0.29351053807303823, 0.2122917221667221, 0.26475684731934734], [0.22910419441669447, 0.24383614996114994, 0.21522790404040415, 0.31183175158175164], [0.2524573808544397, 0.30068702131202135, 0.19772099632393758, 0.24913460150960154], [0.2509799783549785, 0.2811961510711511, 0.2504083555333556, 0.21741551504051507], [0.26246455627705634, 0.2431513347763348, 0.23804175685425707, 0.2563423520923521], [0.25158304889554883, 0.2563494422244423, 0.2411696428571429, 0.25089786602286607], [0.26024626762126785, 0.2796666944166944, 0.19388544788544793, 0.26620159007659017], [0.2609126984126985, 0.24885610223110216, 0.19326519314019322, 0.2969660062160062], [0.2675228611258023, 0.2945872322122323, 0.16248351158645272, 0.2754063950755127], [0.22702049339549343, 0.3026504745254746, 0.21814897602397604, 0.252180056055056], [0.18392084304584294, 0.3099388458763459, 0.24897895854145857, 0.25716135253635275], [0.2560844710844712, 0.28283429070929084, 0.18492544955044948, 0.2761557886557887], [0.19665792540792534, 0.2716037781662781, 0.23089690170940172, 0.30084139471639465], [0.19891308691308696, 0.2707553418803419, 0.2745675158175158, 0.25576405538905544], [0.25007929570429577, 0.2599809079809081, 0.2173912753912754, 0.27254852092352094], [0.2560851023976024, 0.27331587366881505, 0.24240925536881416, 0.22818976856476855], [0.2190206252081253, 0.3295893689643691, 0.21664910783660787, 0.23474089799089812], [0.3626872849372851, 0.24522059884559894, 0.16807733932733931, 0.22401477688977692], [0.20546077043871164, 0.3121698440448442, 0.2478465284715286, 0.23452285704491588], [0.2635021090021091, 0.28847431734931755, 0.21241672216672206, 0.2356068514818515], [0.17985597735597736, 0.27366916825005067, 0.2522961442152618, 0.2941787101787103], [0.2669179570429571, 0.2718203046953047, 0.22190154290154296, 0.2393601953601954], [0.24165692640692632, 0.21621668609168604, 0.3037631118881119, 0.23836327561327564], [0.26442637223887233, 0.34923520923520923, 0.1601999042624042, 0.22613851426351428], [0.23919049700299702, 0.23415417221667226, 0.21425636863136865, 0.3123989621489623], [0.22679505910755918, 0.2658928571428572, 0.22895416389166384, 0.27835791985791986], [0.3001324439449439, 0.26351058663558674, 0.19192356948606953, 0.24443339993339994], [0.26141735347985356, 0.279514985014985, 0.19535560966810966, 0.263712051837052], [0.21294314713064724, 0.27137626262626274, 0.2500465298590299, 0.26563406038406046], [0.2027937895437895, 0.2875396964146964, 0.21936775724275714, 0.29029875679875694], [0.2036486152736153, 0.30790452113246247, 0.2552060300810301, 0.2332408335128922], [0.25944585071790954, 0.25318494005994013, 0.20565451215451225, 0.28171469706763824], [0.2507531724811137, 0.26915169552669577, 0.2356253607503609, 0.24446977124183009], [0.2784786255411257, 0.2613194236319237, 0.2042290764790765, 0.2559728743478744], [0.2728207625707626, 0.2801221278721279, 0.19833079420579428, 0.2487263153513154], [0.24473634004883998, 0.2737799284049285, 0.19033346514596514, 0.2911502664002665], [0.2952372488622489, 0.25146725496725497, 0.19467026029526024, 0.25862523587523584], [0.2229134199134199, 0.34720634920634935, 0.17125739538239537, 0.25862283549783555], [0.31439868464868476, 0.2512521645021645, 0.19004864579864578, 0.24430050505050513], [0.2838143751673165, 0.21519314019314018, 0.19503588078588074, 0.30595660385366275], [0.1590635475635475, 0.27004340104340113, 0.3006164252414252, 0.2702766261516261], [0.23234052059052054, 0.27559559884559887, 0.19905745643245643, 0.29300642413142414], [0.21827422577422584, 0.28126923076923094, 0.19627267177267171, 0.3041838716838718], [0.21236073648573647, 0.36019338994339, 0.2224387834387835, 0.20500709013209012], [0.2175753621378621, 0.33843219280719283, 0.19265766872016868, 0.2513347763347763], [0.19287024087024085, 0.35215336052836044, 0.19619060106560102, 0.25878579753579767], [0.1770787337662338, 0.2917815974874799, 0.25245193001443, 0.2786877387318564], [0.27232407869907876, 0.23793777056277066, 0.19427110389610394, 0.29546704684204694], [0.2599598665223666, 0.2877538017538018, 0.23062399406149406, 0.22166233766233778], [0.2555444208569211, 0.28912537462537474, 0.2280064310689311, 0.22732377344877355], [0.23238401875901882, 0.30814942002442003, 0.21255873293373292, 0.24690782828282845], [0.2480399531024532, 0.2763042929292931, 0.21407133838383838, 0.26158441558441564], [0.25347581585081586, 0.28044233544233554, 0.22097487234987245, 0.2451069763569764], [0.21578836441336452, 0.2921783355533356, 0.18631739094239091, 0.30571590909090907], [0.23294354256854255, 0.33910082972582983, 0.1823946886446886, 0.24556093906093907], [0.22070018870018868, 0.3016742285492286, 0.19173369685869696, 0.285891885891886], [0.2332425491175491, 0.26427335858585876, 0.25518124236874246, 0.2473028499278499], [0.2581786269286269, 0.2510360611610612, 0.2480585941835942, 0.24272671772671778], [0.2956495171495173, 0.300691391941392, 0.14842135642135637, 0.2552377344877345], [0.3445036075036074, 0.24849098124098132, 0.18589195526695523, 0.22111345598845591], [0.18045892506186637, 0.309016539016539, 0.19599789099789094, 0.3145266449237037], [0.23079485791985796, 0.25815218115218125, 0.2640111416361417, 0.24704181929181934], [0.25752018610474503, 0.3006886724386724, 0.19447909729159732, 0.2473120441649854], [0.21754551494257382, 0.2626438977688978, 0.2505420780200192, 0.26926850926850937], [0.34523714275920164, 0.3056482683982685, 0.1627760246289658, 0.18633856421356415], [0.20116040903540905, 0.2274485930735931, 0.2677205433455434, 0.3036704545454547], [0.2304032495282495, 0.3062944000444001, 0.23926843989343993, 0.2240339105339105], [0.21698538961038966, 0.2525241702741704, 0.2332662337662338, 0.2972242063492063], [0.2045762085137086, 0.3046349206349208, 0.20994543650793657, 0.28084343434343434], [0.2340629093129093, 0.2864860278610279, 0.23056718281718286, 0.24888388000887995], [0.23921984265734259, 0.3040275280275281, 0.2263625888000888, 0.2303900405150406], [0.15534752747252745, 0.3228617632367633, 0.25931934731934736, 0.26247136197136195], [0.2882663794538797, 0.31117297979798, 0.17106803613053614, 0.2294926046176046], [0.2129435078810079, 0.2744203990453991, 0.20563531607281607, 0.30700077700077705], [0.3597061896436896, 0.21798914973914976, 0.17222793179043183, 0.2500767288267289], [0.2878614530893944, 0.2703395770895772, 0.16881253468753468, 0.272986435133494], [0.2362011738261738, 0.3061871392496392, 0.22018930375180368, 0.23742238317238332], [0.26480739603533726, 0.29572854922854924, 0.2006704684204684, 0.23879358631564507], [0.19569314713064714, 0.31738512182262185, 0.23052876984126985, 0.2563929612054612], [0.24475936073730203, 0.26614348845598845, 0.1907286255411256, 0.29836852526558405], [0.2829160977910978, 0.21710619935619943, 0.2145600371850372, 0.2854176656676655], [0.3178590367965369, 0.24191991341991337, 0.14859244227994226, 0.2916286075036076], [0.19343292124542125, 0.2879984133513546, 0.24828557349513233, 0.2702830919080918], [0.22767038517038526, 0.30680909368409376, 0.18370412920412918, 0.28181639194139196], [0.22693453972498087, 0.33322810522810536, 0.20292373598623598, 0.23691361906067784], [0.2654779803529805, 0.2923055694305695, 0.19315494227994232, 0.249061507936508], [0.22991780441780435, 0.30482467532467533, 0.17146964146964144, 0.2937878787878789], [0.18552346958596952, 0.30669476356976355, 0.2531307234432234, 0.25465104340104344], [0.22476159951159963, 0.34399947274947273, 0.19479111166611163, 0.2364478160728161], [0.26250433594183603, 0.2809877761127762, 0.20307566738816746, 0.25343222055722064], [0.238154310966811, 0.2791558649683651, 0.23375695138195138, 0.24893287268287265], [0.2909735056610058, 0.25680368242868246, 0.208121552059052, 0.2441012598512599], [0.22462813575313575, 0.280532425907426, 0.21083584471084468, 0.2840035936285938], [0.2679439033189033, 0.24817719780219794, 0.19856042568542573, 0.28531847319347314], [0.2658323224977638, 0.24771794871794878, 0.1732667540792541, 0.31318297470503365], [0.2849061702186704, 0.2624077589077589, 0.18644840576090568, 0.2662376651126651], [0.23272269397269396, 0.315696608946609, 0.2145307747807747, 0.23704992229992233], [0.22433495670995676, 0.29004195804195804, 0.21872492784992784, 0.2668981573981575], [0.2050453317107729, 0.29143226218226226, 0.2573759226884227, 0.2461464834185423], [0.23729623154623158, 0.29622970085470096, 0.2174815323565323, 0.24899253524253545], [0.2433316891441892, 0.26184147796647794, 0.22744066350316358, 0.2673861693861694], [0.2649608745013158, 0.2713514263514264, 0.17846322427572428, 0.28522447487153374], [0.24597215284715296, 0.32342254967254985, 0.1646018564768565, 0.26600344100344103], [0.2595763542013543, 0.28432656232656245, 0.19586815961815962, 0.26022892385392393], [0.24959255328005342, 0.320541860916861, 0.22643784687534693, 0.2034277389277389], [0.19235494366744363, 0.2627401903651905, 0.2583604242979243, 0.2865444416694416], [0.2511044184573597, 0.23509083971583977, 0.22718091630591633, 0.28662382552088445], [0.28783573371073373, 0.24649913974913978, 0.17557864357864358, 0.29008648296148304], [0.2535502712157125, 0.28179710567210564, 0.15933653152403152, 0.3053160915881503], [0.24037325174825178, 0.2725581918081918, 0.1935998723498723, 0.2934686840936842], [0.23141740897990914, 0.2896264568764569, 0.20262153818403816, 0.2763345959595962], [0.2185372682872683, 0.2912056554556555, 0.23763887501387507, 0.2526182012432013], [0.2172948440448441, 0.31229276279276286, 0.21378284215784216, 0.25662955100455115], [0.22371811032105154, 0.28811410811410815, 0.2092724913974914, 0.278895290167349], [0.24578595016095017, 0.286990023865024, 0.19518274780774772, 0.2720412781662782], [0.18572125097125095, 0.2961458263958264, 0.22195264457764463, 0.29618027805527797], [0.25585241841491846, 0.28904510767010777, 0.17371730352980352, 0.2813851703851704], [0.2664253108003108, 0.2337479603729604, 0.18548939948939946, 0.3143373293373295], [0.22917303529803526, 0.2625189393939395, 0.26439568764568766, 0.24391233766233775], [0.2431459651459652, 0.3159024031524032, 0.19417293817293818, 0.24677869352869355], [0.25614923964923964, 0.3195659618159619, 0.18624929237429236, 0.23803550616050614], [0.2556123737373738, 0.26365469252969254, 0.19904395604395606, 0.28168897768897777], [0.277227813852814, 0.2821177988677989, 0.17775220612720613, 0.26290218115218117], [0.21834255328005336, 0.2654834054834056, 0.23303719197469192, 0.2831368492618493], [0.23985903679653686, 0.322999222999223, 0.1603794191919192, 0.276762321012321], [0.21542803724053722, 0.26879470529470534, 0.187414300976801, 0.3283629564879565], [0.24556478937728937, 0.2591891025641026, 0.17106322150072154, 0.3241828865578864], [0.20892171717171715, 0.2780252386502388, 0.218077491952492, 0.2949755522255522]]}}