{"test": {"ids": ["103120730", "102112030", "113118111", "99113260", "106111321", "111119250", "99108710", "107119950", "106117770", "105118230", "113119340", "99109311", "108121410", "103111830", "110118701", "113118511", "113122510", "98106680", "112116610", "105118171", "106113360", "106117650", "109116930", "105111990", "105116501", "97105580", "112117210", "100107920", "99107560", "104112470", "98116090", "110118880", "111120540", "108114270", "109120540", "99120010", "111114941", "113118690", "100110260", "110117870", "108118291", "107118780", "113120601", "113122170", "105113260", "99119830", "107113260", "108117720", "110113591", "108115500", "106114150", "107120880", "105119950", "99111340", "105113480", "98111860", "105116860", "105112260", "113118231", "105113620", "97113260", "98110810", "97107821", "112120630", "100120010", "113118490", "108117360", "111115910", "111121190", "109120150", "98119591", "111116530", "106114011", "113120531", "106119990", "99111440", "102114270", "98112170", "110117140", "99109141", "113121220", "112116640", "109113281", "108115070", "101108121", "109116750", "109117630", "112117571", "107114780", "106118520", "104118340", "103111620", "112120540", "112119500", "105113440", "103117200", "105118740", "111115400", "97106820", "110115890", "98121790", "101109120", "106116441", "105116650", "108116481", "106114280", "109114720", "111119290", "108118520", "107118120", "98110710", "113118870", "103110100", "110120531", "112119930", "104114240", "110115250", "100109890", "103111110", "104113240", "100108260", "99117740", "113120780", "107114490", "97108520", "113122190", "100108490", "111116010", "105116090", "113122320", "109114030", "113117630", "113118820", "103120531", "101109000", "103113270", "106118820", "108113700", "106121190", "112116401", "111118810", "108121190"], "labels": [1, 2, 1, 0, 0, 1, 2, 3, 0, 1, 0, 1, 0, 3, 3, 1, 2, 1, 1, 3, 0, 1, 0, 2, 1, 1, 1, 0, 1, 1, 0, 0, 1, 3, 1, 2, 0, 3, 3, 3, 3, 1, 2, 1, 3, 1, 0, 1, 0, 3, 1, 1, 3, 1, 0, 0, 2, 3, 3, 0, 1, 1, 2, 3, 0, 1, 1, 2, 1, 2, 1, 3, 1, 0, 0, 3, 3, 3, 3, 3, 3, 0, 0, 1, 0, 0, 0, 3, 2, 2, 2, 0, 3, 2, 0, 0, 1, 0, 1, 2, 2, 1, 0, 1, 0, 3, 0, 3, 0, 3, 2, 0, 1, 0, 1, 0, 1, 3, 3, 2, 3, 2, 0, 3, 2, 1, 2, 1, 1, 1, 1, 0, 0, 3, 1, 2, 3, 0, 2, 0, 0, 1], "predicted_labels": [0, 3, 0, 1, 3, 3, 3, 3, 3, 1, 3, 3, 3, 0, 0, 1, 1, 3, 3, 1, 3, 1, 0, 3, 3, 1, 1, 0, 1, 3, 1, 3, 3, 1, 1, 1, 3, 3, 0, 3, 0, 3, 3, 3, 1, 1, 3, 3, 3, 3, 3, 1, 3, 1, 3, 3, 3, 1, 3, 0, 3, 3, 0, 0, 3, 3, 3, 3, 3, 3, 3, 3, 3, 0, 3, 1, 1, 3, 3, 0, 3, 3, 3, 1, 0, 3, 3, 1, 1, 3, 1, 1, 1, 3, 1, 1, 1, 3, 1, 1, 3, 1, 3, 1, 0, 3, 3, 1, 0, 1, 3, 3, 3, 0, 3, 1, 1, 0, 1, 3, 1, 0, 3, 3, 3, 3, 3, 3, 1, 0, 3, 3, 0, 0, 3, 3, 1, 3, 3, 3, 3, 3], "confidence_scores": [[0.3151604232368937, 0.23711047645165306, 0.16558746057863719, 0.2821416397328162], [0.20113214008214014, 0.2413547730047732, 0.26098092463092476, 0.29653216228216245], [0.3154863636363637, 0.24965049117549146, 0.13183651626151632, 0.303026628926629], [0.2870405649905649, 0.30632408865644156, 0.16669348690525174, 0.2399418594477419], [0.18974186924186945, 0.26232990897990904, 0.2586131562881562, 0.28931506549006547], [0.2543110108845405, 0.2442531329781331, 0.20009745695480996, 0.30133839918251676], [0.21858046953046975, 0.2939538933288933, 0.18372751970251966, 0.3037381174381174], [0.239402380952381, 0.2791425927014163, 0.1915660284160285, 0.2898889979301743], [0.20173720446220458, 0.23533711566211563, 0.22363823398823404, 0.3392874458874458], [0.16501897546897557, 0.3123233361409831, 0.23637686757686766, 0.28628082081317374], [0.24884410034410034, 0.2425000701912468, 0.19110638446520814, 0.31754944499944476], [0.19550943533590598, 0.3013460630872395, 0.18508087272204926, 0.31806362885480555], [0.23296032496914854, 0.26784252218369875, 0.19804085359085363, 0.3011562992562992], [0.34971080308580327, 0.2069039155289156, 0.1351389832389833, 0.30824629814629806], [0.30147068230187424, 0.2295979657167738, 0.17491298701298696, 0.2940183649683651], [0.21200479520479543, 0.30740291930291924, 0.1985015207015208, 0.28209076479076467], [0.16171653346653359, 0.33234718614718606, 0.19288088578088583, 0.3130553946053947], [0.1920409645909647, 0.2905379861968097, 0.189678171828172, 0.32774287738405383], [0.2137554501054502, 0.2935582251082251, 0.16338326673326675, 0.32930305805305843], [0.27033926433044086, 0.292694668403492, 0.15186618381618391, 0.28509988344988374], [0.2770295668383904, 0.2754634143634144, 0.15899934232434249, 0.2885076764738528], [0.16382433677433683, 0.29976801531801517, 0.25747708402708414, 0.27893056388056386], [0.3763438450438452, 0.20616088633588633, 0.10634490786990793, 0.31115036075036073], [0.17607870005811185, 0.2990308174281861, 0.19924787793905457, 0.32564260457464794], [0.2813026233999918, 0.24388500563763732, 0.14932800810300823, 0.3254843628593629], [0.18427430902430914, 0.3330570374070372, 0.2067400543900544, 0.27592859917859924], [0.17137660950160957, 0.33303566792684447, 0.26280639279021645, 0.2327813297813299], [0.3336259296259295, 0.2434824897324899, 0.12278202353202369, 0.300109557109557], [0.2246275613275614, 0.2618728049728052, 0.2581069708069709, 0.2553926628926631], [0.19582813852813863, 0.2658947996447995, 0.20605291930291944, 0.33222414252414245], [0.20151813741813746, 0.28107991648874, 0.25817510267510274, 0.25922684341801977], [0.273462598022892, 0.26965781767252345, 0.13163062215562216, 0.3252489621489621], [0.24969985847485848, 0.2619716588966591, 0.22256708569208572, 0.2657613969363971], [0.22772922077922084, 0.3218655511155511, 0.17096268731268743, 0.27944254079254083], [0.2272036935286936, 0.30367175324675344, 0.1778238899988901, 0.2913006632256631], [0.21584406247347443, 0.2937665723165722, 0.22700588104705774, 0.263383484162896], [0.25497588881706523, 0.2599086738424975, 0.203169094794095, 0.28194634254634254], [0.1909400876900878, 0.2695348068598071, 0.21409151681651686, 0.3254335886335883], [0.3171725738313974, 0.2587839640751406, 0.14551624486624498, 0.2785272172272174], [0.24583519375361507, 0.2771914335664336, 0.19763015580910334, 0.2793432168708485], [0.3126662060162062, 0.23434823787323805, 0.14962948717948724, 0.3033560689310689], [0.20087065712065713, 0.2766297740271425, 0.21930366300366314, 0.3031959058485375], [0.28109956987456974, 0.23217149239649248, 0.18000995670995665, 0.3067189810189812], [0.16432007763478362, 0.23257608225108223, 0.2699103468426999, 0.3331934932714345], [0.25075330502830506, 0.3252094932844934, 0.17790979853479863, 0.2461274031524032], [0.27347884337884354, 0.3011075785325784, 0.14401849261849275, 0.28139508547008535], [0.23385473970473963, 0.2703738483738484, 0.18126467698967708, 0.314506734931735], [0.21768702408702414, 0.2986839402427638, 0.144676850926851, 0.3389521847433614], [0.2878137501387503, 0.23192713397713396, 0.15255072705072717, 0.3277083888333889], [0.2055965256965258, 0.2829182622932624, 0.2132426101676102, 0.298242601842602], [0.3016737873237872, 0.24871645956382793, 0.14651017593517593, 0.30309957717720887], [0.2114212953712955, 0.2958374922463157, 0.2079229762067999, 0.2848182361755893], [0.269635236985237, 0.23397010212010216, 0.20004332611832623, 0.29635133477633474], [0.2144556665556665, 0.27652352843235206, 0.23389584027084034, 0.2751249647411411], [0.19893998974881344, 0.28236633170750824, 0.2127305416805417, 0.30596313686313664], [0.19926262626262622, 0.25338087468087483, 0.2579655788655791, 0.28939092019092005], [0.20960046391516993, 0.26674036519036537, 0.2099377971701503, 0.31372137372431486], [0.19233306693306707, 0.327508633033633, 0.21096826229326238, 0.26919003774003775], [0.22243149432267098, 0.26179853904265676, 0.19099029859029867, 0.3247796680443739], [0.2965228663493368, 0.25050278610278626, 0.1672656879068645, 0.28570865964101266], [0.2073612054612056, 0.29443790098790096, 0.1929658896658898, 0.3052350038850038], [0.1763037906537907, 0.26602484900720197, 0.2623298740475211, 0.29534148629148615], [0.32700446579564224, 0.2849980175053705, 0.15198744343891418, 0.23601007326007328], [0.3234012099012099, 0.2278302919302922, 0.15643325563325586, 0.2923352425352424], [0.21212216117216134, 0.27821514759750077, 0.21968604206251285, 0.28997664916782584], [0.2481347818847819, 0.22356502027384392, 0.1766074092574093, 0.35169278858396524], [0.23183850871350883, 0.27217495004994996, 0.205883016983017, 0.29010352425352437], [0.1996171245421246, 0.2619205544455546, 0.19703175158175174, 0.3414305694305693], [0.23585997335997333, 0.23157739760239776, 0.2265266622266623, 0.30603596681096673], [0.19320764790764786, 0.24562181707181716, 0.23873205683205695, 0.3224384781884781], [0.24085965145965152, 0.28430921023421035, 0.18510525863025884, 0.2897258796758797], [0.25021019895137553, 0.2528733163894929, 0.1875013014763016, 0.30941518318283023], [0.20813131590631598, 0.28255083331701, 0.17357817656200003, 0.3357396742146743], [0.30351682957565324, 0.27161301835419477, 0.1383468892218893, 0.28652326284826307], [0.23898789821289831, 0.2683591353091353, 0.17571098901098905, 0.31694197746697783], [0.21814028504175575, 0.3048496198246199, 0.19296164195281854, 0.2840484531808061], [0.17954958374958385, 0.32114725274725286, 0.21331704129204132, 0.28598612221112235], [0.3097942022030256, 0.2072831565493332, 0.15970238927738933, 0.323220251970252], [0.2019256354756356, 0.24026237651237667, 0.22141498223998246, 0.33639700577200576], [0.3254653921242154, 0.24311706234941535, 0.18705659536541897, 0.24436095016095022], [0.19935175380175393, 0.28817549117549124, 0.2184210067710069, 0.29405174825174824], [0.2031001620928093, 0.26837043332484506, 0.16347513548542963, 0.3650542690969164], [0.2853653540903542, 0.24585056887556894, 0.17361904206904216, 0.29516503496503493], [0.19345898350015991, 0.32155238066886693, 0.195410390100096, 0.28957824573087754], [0.340745172474584, 0.25111674616233454, 0.12994438894438892, 0.27819369241869235], [0.20945392940392954, 0.2755958208458208, 0.1714435175935176, 0.343506732156732], [0.26278828948828953, 0.2583903513153515, 0.18874502997003004, 0.29007632922632914], [0.216913630813631, 0.35136456664250776, 0.1800963477698773, 0.2516254547739844], [0.18218575558428504, 0.32165965962142434, 0.2315948686933983, 0.2645597161008926], [0.24694052140669795, 0.23629269260151625, 0.2196157092907094, 0.29715107670107666], [0.18166681733299384, 0.32093231376466685, 0.20009888755035823, 0.2973019813519812], [0.2647301099485309, 0.3292699098287331, 0.15969184967079705, 0.24630813055193876], [0.1909535076035078, 0.2764708552885025, 0.2621374161785928, 0.2704382209293975], [0.2628726495726496, 0.2773280996780997, 0.16471557609057616, 0.2950836746586747], [0.2783308580308581, 0.3181828893328895, 0.15834607059607064, 0.2451401820401823], [0.24202321208203564, 0.32256455015572666, 0.1734515318015318, 0.261960705960706], [0.18573787046287057, 0.31563418525918513, 0.23109787712287722, 0.2675300671550671], [0.20042214060449368, 0.26010193140193166, 0.2233019927784634, 0.3161739352151117], [0.22570465645465643, 0.32452187257187237, 0.19247107892107898, 0.25730239205239225], [0.2194773892773894, 0.3168123376623378, 0.19217676767676758, 0.27153350538350546], [0.23632955932955937, 0.24306302586302603, 0.21025548895548898, 0.310351925851926], [0.24501588689088696, 0.2892498512924983, 0.20458664472782132, 0.2611476170887935], [0.2454264766279473, 0.2969833832833832, 0.15893939198056847, 0.2986507481081012], [0.21248116654587246, 0.3028698020933314, 0.18581825935502405, 0.2988307720057721], [0.30299088134088137, 0.25793894716394733, 0.14458642746142752, 0.294483744033744], [0.27997795733678094, 0.21836378147995802, 0.17786267066267072, 0.3237955905205904], [0.22037831939302532, 0.2759671834701248, 0.22244548670283978, 0.2812090104340106], [0.21322569673188882, 0.31360333763243997, 0.1833923886570946, 0.2897785769785769], [0.30535232349349983, 0.2948801734213499, 0.18048162393162395, 0.2192858791535263], [0.18855727050727047, 0.33984039837011953, 0.17960113611878328, 0.2920011950038267], [0.15731319791319806, 0.2823245504495505, 0.24604335386835402, 0.31431889776889765], [0.21750258075258097, 0.2828448551448551, 0.18088214008214032, 0.3187704240204238], [0.19749243534243532, 0.2682957764457765, 0.23971119436119456, 0.29450059385059396], [0.31471943889443893, 0.2410787740037742, 0.13359640914640916, 0.3106053779553782], [0.19813935198788146, 0.2716439637160226, 0.2532143341952166, 0.27700235010087965], [0.27429740122278795, 0.30529559308940124, 0.1742073125704707, 0.2461996931173403], [0.19945120435120445, 0.3133367188367189, 0.18057878232878233, 0.3066332944832947], [0.29768712039594397, 0.24796863691863688, 0.1637048146298148, 0.29063942805560444], [0.25805463066345424, 0.26178094683094677, 0.22350561938061952, 0.25665880312497974], [0.17598174603174613, 0.2799664418914419, 0.2191433843933846, 0.32490842768342776], [0.28914309187544474, 0.3122830233491999, 0.13988403573550642, 0.2586898490398491], [0.33215556388056355, 0.22625770618270638, 0.1652552225552227, 0.2763315073815074], [0.2500014013764015, 0.27116975246975256, 0.14928713508713518, 0.32954171106671093], [0.18491813186813189, 0.2736758352758353, 0.25187017427017433, 0.28953585858585845], [0.2233413586413587, 0.2827658563658564, 0.20849503829503846, 0.28539774669774676], [0.1834916971916974, 0.2659761800291212, 0.20433189555542505, 0.3462002272237567], [0.26248682706182724, 0.22902483349983366, 0.20824558774558782, 0.30024275169275194], [0.21862873760226714, 0.2577395175086354, 0.22516151234386544, 0.2984702325452327], [0.24950980130980135, 0.3133620823620826, 0.15528789543789553, 0.281840220890221], [0.2948835676019887, 0.2367803973803975, 0.19019851718628822, 0.27813751783132595], [0.24051706626706648, 0.2810552142302144, 0.18085866078366078, 0.2975690587190588], [0.20463161838161856, 0.2602013937043349, 0.2044702627437922, 0.3306967251702546], [0.28111601176601175, 0.26970339660339687, 0.16848360250860264, 0.2806969891219892], [0.32312067377067377, 0.21967039627039645, 0.14959871794871807, 0.30761021201021205], [0.21433815106462173, 0.2887077061827062, 0.20705753217370865, 0.2898966105789634], [0.2124747141747141, 0.2580253654841891, 0.213035114885115, 0.3164648054559819], [0.21552596847596855, 0.27724620934620936, 0.2345379287379288, 0.2726898934398936], [0.2312543734043735, 0.24691447441447453, 0.2294344544344544, 0.2923966977466978], [0.21509734464881522, 0.23364230965113336, 0.2438112581862583, 0.3074490875137934], [0.29149864579864565, 0.219886843711844, 0.17124271284271309, 0.31737179764679774], [0.22185593850593865, 0.28803059163059164, 0.18289884559884576, 0.3072146242646243], [0.2140844266844269, 0.2949273706685473, 0.1953693936782174, 0.295618808968809]]}, "rewritten": {"ids": ["97105580", "97106820", "97107821", "97108520", "97113260", "98106680", "98110710", "98110810", "98111860", "98112170", "98116090", "98119591", "98121790", "99107560", "99108710", "99109141", "99109311", "99111340", "99111440", "99113260", "99117740", "99119830", "99120010", "100107920", "100108260", "100108490", "100109890", "100110260", "100120010", "101108121", "101109000", "101109120", "102112030", "102114270", "103110100", "103111110", "103111620", "103111830", "103113270", "103117200", "103120531", "103120730", "104112470", "104113240", "104114240", "104118340", "105111990", "105112260", "105113260", "105113440", "105113480", "105113620", "105116090", "105116501", "105116650", "105116860", "105118171", "105118230", "105118740", "105119950", "106111321", "106113360", "106114011", "106114150", "106114280", "106116441", "106117650", "106117770", "106118520", "106118820", "106119990", "106121190", "107113260", "107114490", "107114780", "107118120", "107118780", "107119950", "107120880", "108113700", "108114270", "108115070", "108115500", "108116481", "108117360", "108117720", "108118291", "108118520", "108121190", "108121410", "109113281", "109114030", "109114720", "109116750", "109116930", "109117630", "109120150", "109120540", "110113591", "110115250", "110115890", "110117140", "110117870", "110118701", "110118880", "110120531", "111114941", "111115400", "111115910", "111116010", "111116530", "111118810", "111119250", "111119290", "111120540", "111121190", "112116401", "112116610", "112116640", "112117210", "112117571", "112119500", "112119930", "112120540", "112120630", "113117630", "113118111", "113118231", "113118490", "113118511", "113118690", "113118820", "113118870", "113119340", "113120531", "113120601", "113120780", "113121220", "113122170", "113122190", "113122320", "113122510"], "labels": [1, 1, 2, 2, 1, 1, 2, 1, 0, 3, 0, 1, 2, 1, 2, 3, 1, 1, 3, 0, 2, 1, 2, 0, 3, 2, 3, 3, 0, 0, 1, 1, 2, 3, 1, 3, 0, 3, 2, 0, 3, 1, 1, 2, 0, 2, 2, 3, 3, 0, 0, 0, 1, 1, 1, 2, 3, 1, 1, 3, 0, 0, 1, 1, 3, 0, 1, 0, 2, 3, 0, 2, 0, 3, 2, 3, 1, 3, 1, 0, 3, 1, 3, 0, 1, 1, 3, 0, 1, 0, 0, 1, 0, 0, 0, 0, 2, 1, 0, 1, 2, 3, 3, 3, 0, 0, 0, 0, 2, 1, 3, 0, 1, 3, 1, 1, 0, 1, 0, 1, 3, 2, 1, 3, 3, 0, 1, 3, 1, 1, 3, 0, 0, 0, 0, 2, 0, 3, 1, 1, 1, 2], "predicted_labels": [3, 3, 3, 1, 3, 3, 3, 1, 3, 3, 3, 3, 3, 1, 3, 0, 3, 3, 3, 3, 3, 3, 1, 0, 1, 3, 3, 3, 3, 3, 3, 3, 3, 3, 3, 3, 3, 0, 3, 1, 3, 3, 3, 1, 3, 3, 1, 3, 3, 3, 3, 1, 3, 3, 3, 3, 3, 3, 3, 3, 3, 3, 3, 3, 3, 1, 1, 3, 3, 3, 3, 3, 3, 3, 1, 3, 3, 3, 3, 3, 3, 3, 3, 3, 3, 3, 3, 3, 3, 3, 3, 3, 3, 3, 3, 3, 3, 3, 3, 1, 1, 3, 3, 3, 3, 3, 3, 3, 3, 3, 3, 3, 3, 1, 3, 3, 3, 1, 3, 3, 3, 3, 3, 3, 3, 3, 3, 3, 3, 3, 3, 3, 3, 3, 3, 3, 3, 3, 3, 3, 3, 3], "confidence_scores": [[0.22505699055846123, 0.2820034001945766, 0.19465444359562015, 0.2982851656513422], [0.24650947141094212, 0.2595649997061764, 0.1715910569822335, 0.32233447190064834], [0.2778514877279584, 0.2663804195804198, 0.16283917553035213, 0.29292891716127], [0.23745761183261185, 0.31965076035076045, 0.18817113719613726, 0.2547204906204907], [0.2131582584082585, 0.2745853812853812, 0.2141800921300923, 0.29807626817626803], [0.22664359251859262, 0.2796594275006042, 0.20552431653314013, 0.28817266344766346], [0.19658789266289267, 0.2665240269963956, 0.23360642135642143, 0.30328165898429044], [0.20483518148518148, 0.29138300457712246, 0.2200738405385465, 0.28370797339914977], [0.20519528804528814, 0.2773822233322233, 0.17111704961704974, 0.34630543900543903], [0.27257173937173934, 0.20456011488511494, 0.2055686785436786, 0.31729946719946717], [0.26401613615143027, 0.24767598871716529, 0.16709055748173401, 0.32121731764967065], [0.22631182706182715, 0.27452399495928903, 0.16585242306712902, 0.33331175491175474], [0.23045619658119657, 0.26761043678543683, 0.20245257520257523, 0.2994807914307915], [0.22005560746443115, 0.2885854395604396, 0.20727424797424798, 0.2840847050008814], [0.2044670440670441, 0.2674602203352206, 0.2168449911199912, 0.3112277444777444], [0.3219795093795094, 0.2695128898878902, 0.14965639915639922, 0.2588512015762016], [0.2614609116373822, 0.2755846307287484, 0.16513545115015701, 0.2978190064837124], [0.19906429681429677, 0.23718571428571444, 0.24665156787656775, 0.3170984210234212], [0.22799034772417145, 0.2893412456824223, 0.14487868520368527, 0.33778972138972124], [0.22437628515275584, 0.2749453334247453, 0.21970116648057822, 0.2809772149419208], [0.28804779664779673, 0.22681955821955838, 0.15811511821511828, 0.32701752691752695], [0.2403428210678212, 0.2388669136419137, 0.17912218892218898, 0.34166807636807617], [0.23646498778998792, 0.3125902897755837, 0.16100696852167456, 0.2899377539127537], [0.36520152821035157, 0.23727058301175963, 0.11408105505605509, 0.28344683372183366], [0.2313540626040627, 0.28599916749916776, 0.20119869574869587, 0.2814480741480743], [0.22206863136863148, 0.24375241980241988, 0.22804424464424466, 0.3061347041847043], [0.2926545010545009, 0.23344907869907888, 0.17710412365412376, 0.2967922965922966], [0.2492638417138417, 0.23308492618492635, 0.19662479187479207, 0.3210264402264402], [0.2530249214837451, 0.2593786110947878, 0.1615816461316461, 0.32601482128982134], [0.28024391441891444, 0.21860438532056195, 0.19626827812710174, 0.30488342213342207], [0.23537206682206693, 0.26513437673437656, 0.17785430125430124, 0.32163925518925524], [0.2139703490953492, 0.26428264790764805, 0.21178634143634137, 0.30996066156066165], [0.22265269909828744, 0.25065335383570697, 0.19570708703061657, 0.3309868600353896], [0.22349043734043728, 0.25019910644910653, 0.18228712398712413, 0.34402333222333215], [0.22226837051837062, 0.27840111000110984, 0.21114819069819082, 0.2881823287823288], [0.2126919267007503, 0.28492738176855836, 0.1534480186480187, 0.3489326728826723], [0.24601776279276294, 0.2880859390609392, 0.17578885003885011, 0.29010744810744815], [0.2908944444444444, 0.2612060384060385, 0.1611132034632035, 0.28678631368631347], [0.2168724469974471, 0.2801297896547897, 0.1864520424020424, 0.3165457209457209], [0.24513709068709072, 0.3051839244089244, 0.16252507492507495, 0.28715390997891], [0.2478513236763239, 0.2712159673659674, 0.1777085081585081, 0.30322420079920087], [0.2102120990120991, 0.2880760190789602, 0.20585744778097737, 0.2958544341279636], [0.22356383338883357, 0.2793804057054056, 0.20109821289821286, 0.2959575480075481], [0.20369302364302377, 0.3366943858858719, 0.16059092182327483, 0.2990216686478297], [0.21687432600079667, 0.2575848021259787, 0.18407466781584436, 0.34146620405738043], [0.25157867328749683, 0.2990249258911024, 0.12953133533133537, 0.3198650654900655], [0.22714393939393956, 0.31415419470450423, 0.17393763426116376, 0.2847642316403926], [0.2181213813963814, 0.28266913364413365, 0.19708600288600298, 0.30212348207348194], [0.26797410922410914, 0.27562317682317694, 0.16834694194694202, 0.288055772005772], [0.24134377844377855, 0.27864372490254835, 0.16792128427128422, 0.3120912123823887], [0.24636318158965229, 0.27448935868053537, 0.1604986382898148, 0.31864882143999756], [0.21192297979798003, 0.3061849150849151, 0.19793120768120767, 0.2839608974358975], [0.2518437526525764, 0.26931300725418394, 0.1340304917304918, 0.3448127483627483], [0.2507465617715619, 0.2607994394923964, 0.14798512924983517, 0.34046886948620686], [0.22544237429237435, 0.26348422329304705, 0.19779636474636472, 0.31327703766821424], [0.2664120823620824, 0.24489210789210789, 0.1928061494061495, 0.29588966033966024], [0.2418720002220003, 0.2656333911186853, 0.11970045836516431, 0.3727941502941504], [0.2283982101232103, 0.287983311133311, 0.15643046398046392, 0.3271880147630148], [0.23658525086025098, 0.27145171495171505, 0.17564580974580996, 0.31631722444222443], [0.21169484045366407, 0.2575324045235812, 0.21683771228771237, 0.3139350427350428], [0.2595287010375247, 0.28260035324152954, 0.15094990009990006, 0.3069210456210456], [0.20865639915639939, 0.2856109806859807, 0.16700692640692652, 0.3387256937506937], [0.22684366940249295, 0.27126747500865156, 0.13897906537906551, 0.3629097902097903], [0.24556240148740144, 0.25409299034299015, 0.16785063270063272, 0.3324939754689757], [0.21329747784894856, 0.24641819373437035, 0.17520145769263418, 0.3650828707240474], [0.23707137307137321, 0.31880905760905764, 0.14083277833277838, 0.303286790986791], [0.2481500546838783, 0.3020816691478455, 0.19032541902541908, 0.25944285714285714], [0.26352777777777775, 0.24769318181818206, 0.19353187645687647, 0.2952471639471638], [0.21898697332079697, 0.2665239796151561, 0.21540755355755364, 0.2990814935064935], [0.19020005550005567, 0.30769015984015996, 0.17424824064824074, 0.3278615440115441], [0.22870932629462065, 0.2703575401722459, 0.16312003552003554, 0.33781309801309817], [0.20809722222222238, 0.3009354831443066, 0.1535935786435787, 0.33737371598989224], [0.20268594738594736, 0.28176018981018996, 0.21527113442113463, 0.30028272838272835], [0.20593452658452674, 0.2766310140839553, 0.21011592818945765, 0.3073185311420607], [0.20077393994894, 0.29568654482772144, 0.22845147826030188, 0.2750880369630369], [0.22971259851259862, 0.2697357902331588, 0.1829753468753469, 0.31757626437889597], [0.22191439948939962, 0.2624228649231747, 0.20793478155831102, 0.30772795402911524], [0.22471313131313136, 0.2752418692418692, 0.1961870573870575, 0.30385794205794203], [0.2118003191253193, 0.2888803549391785, 0.20863804528804542, 0.2906812806474572], [0.24145779220779232, 0.24518459873459886, 0.18133416583416592, 0.3320234432234432], [0.25356983016983026, 0.2967874958374959, 0.14675818625818626, 0.3028844877344879], [0.2203362609612611, 0.2842035120538217, 0.1799321702806997, 0.3155280567042174], [0.22249437229437252, 0.2672165563194974, 0.1950072923808218, 0.31528177900530857], [0.2538162171162173, 0.21609491325667804, 0.197721239544769, 0.33236763008233605], [0.19194290431790453, 0.2910306007717773, 0.19834404680287038, 0.3186824481074481], [0.28760227550227546, 0.21861485736485753, 0.15552760017760014, 0.338255266955267], [0.27648964646464647, 0.266879694488518, 0.16178292263292268, 0.29484773641391304], [0.24665928238428253, 0.2577955572205573, 0.20132577700077706, 0.2942193833943836], [0.21730773670773698, 0.27480366022866015, 0.19635312465312466, 0.3115354784104782], [0.20086604506604513, 0.27948164335664333, 0.17158378010878014, 0.3480685314685313], [0.2439074037074037, 0.27248979908979915, 0.16429786879786892, 0.31930492840492847], [0.23741101121101135, 0.26675057997558005, 0.16021347541347555, 0.33562493339993354], [0.22643174603174618, 0.2724713733978441, 0.175766172389702, 0.3253307081807082], [0.2255634698634699, 0.25991815035669535, 0.20822658648541, 0.30629179329442485], [0.2861269036519037, 0.24161732989232987, 0.15129483849483857, 0.32096092796092796], [0.25571826784326795, 0.265019227994228, 0.15859430014430026, 0.32066820401820406], [0.2028897556691677, 0.2571094988344988, 0.21839653761271427, 0.3216042078836196], [0.23112362947510032, 0.28234233348351007, 0.17075007019124677, 0.3157839668501435], [0.2300695851534088, 0.2837751699281111, 0.17354077001429954, 0.3126144749041806], [0.23882102815485176, 0.3251145465645466, 0.14932276612276618, 0.2867416591578356], [0.22847940115440124, 0.3196923826173826, 0.16288243423243434, 0.28894578199578197], [0.2061081030081031, 0.25615643245643266, 0.1769925352425354, 0.3607429292929291], [0.23006039238539255, 0.26163777611277617, 0.18590819735819752, 0.3223936341436341], [0.22361675824175833, 0.2726993735023147, 0.1484936199421494, 0.35519024831377793], [0.25810946553446557, 0.2891277056277055, 0.15134357864357872, 0.3014192501942503], [0.2757549284049286, 0.2538225041728139, 0.15508134055486994, 0.31534122686738786], [0.23531989676989692, 0.24802334332334341, 0.1859466644466646, 0.3307100954600955], [0.2060938894438896, 0.27296299256299256, 0.18360885421767775, 0.3373342637754403], [0.19496353368853378, 0.24159109501609505, 0.22253748751248772, 0.3409078837828838], [0.2400304695304696, 0.2871565195038879, 0.16609824064824077, 0.30671477031740185], [0.2521894078144079, 0.2543763799925565, 0.16870129233511605, 0.32473291985791963], [0.23572826813709186, 0.30015397739515415, 0.14513698523698537, 0.3189807692307691], [0.22061316428669378, 0.25611038961038973, 0.19878797477032772, 0.3244884713325892], [0.22945942390942395, 0.32509101176601174, 0.1485444305694306, 0.2969051337551339], [0.22997991452991473, 0.280722854922855, 0.15193220113220113, 0.33736502941502927], [0.21624205239205246, 0.27389431238695944, 0.20681770810888472, 0.3030459271121035], [0.2700966672216671, 0.23302822455322467, 0.18606862581862588, 0.3108064824064825], [0.23495904928404937, 0.30966272616272594, 0.17926878121878126, 0.2761094433344435], [0.22676024531024533, 0.2727943451972864, 0.1432220775956071, 0.3572233318968612], [0.20504015151515162, 0.270446991896992, 0.18629227994228004, 0.3382205766455768], [0.2467826320738087, 0.26595809354044664, 0.13047269429916492, 0.3567865800865799], [0.2363263115968999, 0.2807057962075764, 0.1954813297813298, 0.2874865624141942], [0.22700359640359655, 0.27777544677544674, 0.19267836330336321, 0.3025425935175936], [0.21107775002775006, 0.2834854007104008, 0.21977241092241093, 0.28566443833943855], [0.27091349206349213, 0.238373548673549, 0.1433260961260962, 0.347386863136863], [0.20647283272283287, 0.2861541403041405, 0.16912937617937635, 0.33824365079365054], [0.22222826340326357, 0.29364449112978525, 0.13759067370537967, 0.34653657176157177], [0.20402370129870137, 0.2678569881099293, 0.176136557560087, 0.35198275303128257], [0.21214322899322904, 0.2322465284715286, 0.1864732905982906, 0.3691369519369519], [0.22178829226329239, 0.285577467630409, 0.1809400263135557, 0.3116942137927431], [0.2109650876900878, 0.27752495837495844, 0.17119100899100897, 0.34031894494394493], [0.23477240814740827, 0.238016638916639, 0.18063796758796763, 0.3465729853479855], [0.22476240981240997, 0.25213497438234295, 0.17145426795426816, 0.3516483478509795], [0.2537017871017873, 0.2584986180486181, 0.18555389610389614, 0.3022456987456988], [0.21201655844155845, 0.29587651433533796, 0.15806124431124433, 0.3340456829118592], [0.19120262792762802, 0.2671560828060829, 0.18757831335331332, 0.35406297591297586], [0.24016126373626387, 0.26986385281385294, 0.16674397824397844, 0.3232309052059052], [0.17149362581862582, 0.29596589799089784, 0.18340987623487626, 0.3491305999555997], [0.21695278055278072, 0.261555825547002, 0.195384567393391, 0.3261068265068265], [0.19818533133533142, 0.2997747538409305, 0.19458487264369626, 0.3074550421800422], [0.21449746332099293, 0.27712754337166096, 0.1844610544684075, 0.3239139388389391], [0.23023944388944395, 0.2784251165501165, 0.1554728021978022, 0.33586263736263744]]}}