{"test": {"ids": ["104113550", "113122230", "97111790", "108114220", "113119950", "98107210", "106117790", "102107961", "113118810", "98108970", "112117431", "99110050", "107118520", "104111620", "110120540", "111119250", "98107340", "104111550", "112119580", "100108580", "107112840", "108117610", "108118630", "107118120", "98107410", "107114110", "108115880", "113121750", "101113210", "112120270", "103112470", "108114360", "102110850", "100109311", "111115910", "105121190", "113120070", "98109090", "99112840", "108116501", "105118740", "110121140", "108117720", "111117120", "101109000", "111114321", "112117030", "97118210", "97107920", "99121440", "101112690", "111121410", "109113281", "99107630", "106113170", "112118530", "106115120", "110118930", "98119591", "100109360", "106119260", "110116290", "105112260", "106121220", "99107660", "112118880", "113122650", "99109840", "112121430", "98120530", "108117451", "100108080", "107117630", "109119340", "112116800", "99109141", "112120670", "97107821", "105115380", "110121170", "99112531", "98110680", "112117210", "102117351", "107116340", "113122430", "110118880", "98111670", "110115890", "107116980", "106113260", "101108121", "112118550", "100116500", "97107260", "102110240", "98110810", "113119120", "103117200", "106114280", "110115980", "105113190", "108113760", "112121351", "112119950", "113119450", "113122180", "103109791", "104110960", "100120010", "112117790", "97114170", "107114140", "101109370", "107118780", "104117200", "98108520", "110114651", "113119480", "112121410", "105117431", "99113260", "105119550", "111119430", "98110230", "102108621", "100113210", "110119300", "111115780", "101112201", "105113260", "106116120", "108114270", "113119320", "104119290", "101115190", "112120630", "110117870", "106119990", "106111321", "113122510", "108114180"], "labels": [1, 1, 2, 3, 0, 1, 1, 3, 3, 3, 0, 3, 2, 0, 1, 1, 0, 1, 3, 0, 1, 3, 1, 3, 3, 1, 3, 0, 3, 0, 1, 1, 3, 1, 2, 2, 2, 1, 2, 0, 1, 3, 1, 2, 1, 1, 2, 2, 0, 2, 1, 0, 0, 2, 0, 1, 1, 1, 1, 0, 1, 2, 3, 1, 3, 1, 2, 2, 2, 1, 2, 0, 0, 3, 0, 3, 2, 2, 1, 2, 3, 2, 1, 1, 3, 2, 0, 1, 2, 3, 3, 0, 3, 2, 2, 3, 1, 3, 0, 3, 1, 3, 1, 0, 0, 3, 2, 3, 2, 0, 3, 2, 2, 1, 1, 3, 2, 3, 3, 0, 1, 0, 1, 3, 3, 3, 0, 1, 1, 0, 3, 1, 3, 1, 1, 1, 3, 3, 0, 0, 2, 1], "predicted_labels": [0, 3, 0, 1, 1, 3, 2, 0, 1, 1, 0, 3, 3, 3, 3, 3, 2, 3, 0, 2, 3, 1, 0, 3, 0, 3, 3, 3, 3, 0, 0, 2, 1, 1, 1, 1, 3, 3, 3, 3, 0, 0, 1, 1, 1, 3, 1, 2, 3, 2, 1, 1, 0, 3, 1, 1, 3, 1, 3, 1, 3, 3, 3, 3, 0, 1, 1, 3, 2, 3, 0, 1, 2, 0, 1, 3, 3, 1, 1, 1, 0, 1, 1, 3, 0, 3, 3, 3, 1, 0, 1, 3, 1, 3, 3, 3, 3, 0, 1, 2, 0, 1, 1, 1, 0, 1, 1, 3, 3, 1, 3, 1, 1, 2, 1, 3, 2, 0, 3, 2, 3, 1, 3, 0, 1, 3, 3, 3, 0, 3, 1, 3, 0, 1, 1, 3, 0, 3, 0, 1, 1, 1], "confidence_scores": [[0.3470784351417404, 0.2571329198674072, 0.12432753175937607, 0.2714611132314765], [0.238899169633883, 0.23926753178641902, 0.2007845432622925, 0.32104875531740557], [0.3205964534205071, 0.28653724706748207, 0.14861574796001376, 0.2442505515519972], [0.2382025900779436, 0.302648166366487, 0.1875656696872639, 0.27158357386830556], [0.24823247538828852, 0.3067887635658293, 0.16508602042349682, 0.27989274062238556], [0.2328457620023579, 0.16733993477504963, 0.15313610387090448, 0.4466781993516879], [0.15384400485039607, 0.3312694972211776, 0.3409447313063594, 0.17394176662206695], [0.40015182889488593, 0.14588560956888008, 0.1804715046644307, 0.2734910568718032], [0.1950177332802829, 0.3950972664068632, 0.18354167411427696, 0.22634332619857675], [0.18725738676980594, 0.47310782182391814, 0.12591769113570148, 0.21371710027057436], [0.346827971010919, 0.26615962613006877, 0.20909444526233234, 0.17791795759668003], [0.26283675567614934, 0.25317438101525414, 0.18020885779321658, 0.30378000551538], [0.24484270266841443, 0.2232013573070645, 0.18959693164683764, 0.3423590083776835], [0.2226678196652621, 0.21740913176094184, 0.1719673716493499, 0.38795567692444616], [0.18873798408693856, 0.30434815181691416, 0.16568777200309912, 0.34122609209304816], [0.2650245632569186, 0.2863030023269297, 0.15419932699625513, 0.2944731074198967], [0.24088685485814645, 0.21657597997313008, 0.2975242462223487, 0.24501291894637497], [0.28238606377349806, 0.23256459027481416, 0.19540369283137216, 0.2896456531203156], [0.3263417817392106, 0.26887398113899774, 0.11369213842387316, 0.2910920986979187], [0.2629017307717119, 0.22293751058202332, 0.2682976844568305, 0.24586307418943412], [0.1944227681264133, 0.2684340125686334, 0.2131581378025062, 0.32398508150244726], [0.1870151421707914, 0.28475805345958044, 0.25592822595863507, 0.2722985784109931], [0.28713832289948876, 0.24413623242862, 0.21292819811194932, 0.25579724655994196], [0.21339038313378933, 0.26073839225629236, 0.1379957707862991, 0.3878754538236193], [0.36103735263433606, 0.25709726147276113, 0.1654444537501732, 0.21642093214272992], [0.2712782471781408, 0.2551105285053024, 0.16122720753539357, 0.31238401678116323], [0.17827460361709543, 0.1748874747418465, 0.06666905785200007, 0.5801688637890581], [0.2943527077216786, 0.22598084613958852, 0.11548657534948514, 0.364179870789248], [0.26183242482148494, 0.24571056792460028, 0.17398162116537083, 0.3184753860885439], [0.3001841159801848, 0.25986604464636215, 0.19096822455871915, 0.2489816148147341], [0.3715149962209649, 0.296282946285108, 0.14331606998685725, 0.18888598750706997], [0.21518663961684065, 0.21886651022617973, 0.35763922324966696, 0.20830762690731291], [0.19233665090588858, 0.3923875497095858, 0.14497315741275463, 0.2703026419717711], [0.24471641686596643, 0.350387213841327, 0.14023393013207205, 0.2646624391606347], [0.2439899105848979, 0.33019164221252983, 0.1319355456065678, 0.2938829015960043], [0.18845576496147973, 0.296977904450068, 0.22058030594409872, 0.2939860246443535], [0.27329463252469854, 0.2504429196812604, 0.14651364205794096, 0.3297488057361001], [0.3066508888002956, 0.13916333934802133, 0.10175239750457656, 0.4524333743471067], [0.25171787262955087, 0.18860313395581546, 0.19368350785649951, 0.36599548555813427], [0.2401952440161328, 0.275279381567155, 0.13385281909743935, 0.3506725553192731], [0.30087368275424303, 0.2886769156448481, 0.13801976394255971, 0.27242963765834904], [0.6617139558457739, 0.12666994518371905, 0.0526225665403174, 0.15899353243018977], [0.1669711364034307, 0.3799724315373958, 0.2512804893167039, 0.20177594274246968], [0.26733674948459224, 0.4030002576348023, 0.08487760740381663, 0.24478538547678902], [0.19108794627041994, 0.49618798132072667, 0.15195557750655367, 0.16076849490229977], [0.18581866557605853, 0.35275253102430926, 0.10543946432197204, 0.3559893390776603], [0.18526445191283153, 0.38023854709221405, 0.13788028651997603, 0.29661671447497834], [0.1985024329171154, 0.24456732209719792, 0.2960761538853854, 0.2608540911003014], [0.29666358913790314, 0.18748754004863763, 0.1325566468202994, 0.38329222399315993], [0.16170675256249198, 0.23357399168661633, 0.4296293815107363, 0.17508987424015537], [0.27557011729452213, 0.29125730618002543, 0.20681394704091993, 0.22635862948453256], [0.21184146690824573, 0.3309968521916019, 0.216684559584457, 0.2404771213156955], [0.5227426856549559, 0.13681258308327676, 0.09868161339585765, 0.2417631178659098], [0.28017804146413333, 0.2605038377103171, 0.15356375974762934, 0.3057543610779204], [0.22827519994155884, 0.3536665209934899, 0.0782431762493923, 0.3398151028155589], [0.21301729603942243, 0.3881759398770659, 0.17194627061859133, 0.22686049346492032], [0.24353451539598653, 0.28253649272499837, 0.1782581575169787, 0.2956708343620365], [0.28391569018485396, 0.42610777009408535, 0.12101533593001046, 0.16896120379105006], [0.18123260375226888, 0.3652269439129842, 0.07885615293775934, 0.37468429939698755], [0.22408704727866297, 0.3611684787760007, 0.11511487020550086, 0.2996296037398355], [0.1977690275402418, 0.18953724036773603, 0.16607669343647793, 0.44661703865554414], [0.18359557472102353, 0.18079744793694186, 0.2625861053046038, 0.373020872037431], [0.23094034822876092, 0.2994152099002472, 0.14431895853490018, 0.3253254833360917], [0.15944192957817305, 0.2041150531886012, 0.1869971362191476, 0.44944588101407806], [0.3813814752413294, 0.21087456894623033, 0.12485071018615848, 0.28289324562628176], [0.23824154708113998, 0.41608762882129, 0.12326478750427189, 0.22240603659329797], [0.19592291164164233, 0.3376502921041169, 0.29130448056273434, 0.17512231569150633], [0.16206554549306607, 0.17068497804985958, 0.2404486174871171, 0.4268008589699573], [0.1899750361165384, 0.2377379727764911, 0.35332559759863835, 0.2189613935083322], [0.17815592565220406, 0.3299648973864572, 0.1280523747571497, 0.3638268022041892], [0.3201308431251769, 0.24287138086721058, 0.1423489254564762, 0.29464885055113643], [0.16166821491504849, 0.3051631589071821, 0.2565114594754468, 0.27665716670232265], [0.23457877636112398, 0.24658918677785882, 0.26124236216124086, 0.25758967469977634], [0.5097303506167954, 0.11938010523589754, 0.09070510708189185, 0.2801844370654153], [0.17430046110087902, 0.3236052102113234, 0.29577664973139484, 0.20631767895640277], [0.2526429177131476, 0.2757001144939101, 0.12018063645574743, 0.351476331337195], [0.17659893879375735, 0.35918466032739527, 0.09593067487368898, 0.3682857260051585], [0.25500280895768257, 0.46148313560400384, 0.10578741367990657, 0.17772664175840702], [0.12492934081624288, 0.4287416099843379, 0.27257147031738327, 0.17375757888203608], [0.2255178116565404, 0.43671329073888154, 0.11027091134940423, 0.22749798625517378], [0.5613036493586291, 0.25715932347925735, 0.04473867999190728, 0.13679834717020625], [0.2023312073479158, 0.34840529531043946, 0.16499146761565628, 0.28427202972598853], [0.2533264791004035, 0.3193601281728725, 0.129530634737422, 0.29778275798930215], [0.2387631644401152, 0.27689712498021163, 0.13197925810799985, 0.3523604524716735], [0.39483163015300526, 0.16745412136255697, 0.11977652445980792, 0.3179377240246298], [0.24717240844053012, 0.21603209499884335, 0.2555370408615067, 0.2812584556991198], [0.14669209696204494, 0.3077135130836605, 0.08325868544324991, 0.4623357045110445], [0.23838061916361206, 0.17149435942213445, 0.15600061534083295, 0.43412440607342057], [0.23199874433787787, 0.3171395720091899, 0.17718886434293296, 0.27367281930999937], [0.4054619100072133, 0.24999654415826353, 0.12333350890758449, 0.22120803692693872], [0.2701078122247092, 0.28833437606132745, 0.16377191125153118, 0.27778590046243207], [0.2745867988395665, 0.21720322893940244, 0.16457390667230667, 0.3436360655487244], [0.25876144278328705, 0.35325767179296236, 0.1358556154873595, 0.2521252699363911], [0.19043876758070757, 0.2617157135289342, 0.16888397328798027, 0.37896154560237816], [0.2533050120207786, 0.18987800982776934, 0.23341684587946132, 0.3234001322719909], [0.25657478699274955, 0.22616632049377094, 0.14516611975933402, 0.37209277275414565], [0.2519311055038437, 0.23648376302507773, 0.1732238120290424, 0.33836131944203607], [0.3048490661075274, 0.23072511127565273, 0.2535086788181545, 0.2109171437986655], [0.1892593255440139, 0.333698592592715, 0.21099985420461725, 0.2660422276586538], [0.15281042414866558, 0.17089769764377682, 0.4605885362193246, 0.21570334198823302], [0.5681383692884807, 0.14310953536631313, 0.09296901950911232, 0.19578307583609386], [0.2114350064629136, 0.3730690178971261, 0.10390439551927204, 0.31159158012068816], [0.17331999963525188, 0.3652952864711629, 0.15423213031649338, 0.3071525835770918], [0.19242508449273502, 0.44377058138814285, 0.14469840230779818, 0.21910593181132415], [0.4949664614210242, 0.20913512808039642, 0.1015826058836087, 0.19431580461497078], [0.24090074298117203, 0.4496061832053249, 0.11579395851766389, 0.19369911529583908], [0.21848316781839333, 0.3540486121376189, 0.12377360279959977, 0.30369461724438807], [0.25119202702199767, 0.23656523013054337, 0.12217165897344956, 0.3900710838740094], [0.15307554696726813, 0.24560382021769744, 0.22345760695274647, 0.37786302586228804], [0.28178315569765117, 0.306890573343507, 0.12667187765759078, 0.28465439330125125], [0.15820633126057115, 0.16209281078629506, 0.15964490067756346, 0.5200559572755704], [0.17421035515767574, 0.3332293488399609, 0.17044654419638253, 0.3221137518059809], [0.25045758548875124, 0.2800600939951621, 0.23150594000634053, 0.23797638050974618], [0.16798033136523188, 0.18412957572034103, 0.4077122025808379, 0.24017789033358927], [0.2027388159321727, 0.34712361424182764, 0.18979853656287557, 0.26033903326312413], [0.24338624441786272, 0.28833029185457376, 0.13958358261004475, 0.32869988111751886], [0.1491717625967123, 0.2180273538962376, 0.484140849964883, 0.1486600335421673], [0.7652494896095672, 0.08973585935151246, 0.03420528295620608, 0.1108093680827144], [0.16121756487891362, 0.13156124320400428, 0.09421774782123854, 0.6130034440958436], [0.19263388862618477, 0.22498124828087276, 0.36980724459972986, 0.21257761849321266], [0.21989725183437706, 0.22218591805054813, 0.2456625929931481, 0.31225423712192685], [0.22994253074850177, 0.3499745159224994, 0.12473757282066007, 0.29534538050833875], [0.2571021688716063, 0.2784015936251872, 0.16217515631438256, 0.30232108118882406], [0.671534076169694, 0.20051219849904064, 0.05228450365182063, 0.07566922167944476], [0.2412017499423179, 0.42197968351702386, 0.11465660022141068, 0.2221619663192476], [0.2686869601618903, 0.31764873243019937, 0.0943042928126331, 0.31936001459527724], [0.13634980923446813, 0.3322243993806656, 0.10890720736695939, 0.42251858401790676], [0.15522248431232016, 0.18196174921730557, 0.09174820621170078, 0.5710675602586734], [0.32002452811454535, 0.31624881444839925, 0.1294618959037321, 0.23426476153332315], [0.2677833822109947, 0.27586689692449645, 0.1343524059373572, 0.32199731492715156], [0.2742381858057872, 0.3461543735583649, 0.1081536024227917, 0.27145383821305635], [0.28349974414909257, 0.14200353060048487, 0.1583744201102476, 0.4161223051401751], [0.44199622388395715, 0.1965827596132629, 0.19566186325696594, 0.16575915324581414], [0.2555565155137301, 0.3612631306934079, 0.11439939089093228, 0.26878096290192977], [0.2236008070994132, 0.4687403101529359, 0.10629737652953836, 0.20136150621811233], [0.23293957492597295, 0.21366154826315636, 0.2541334236462625, 0.2992654531646082], [0.42315988538876353, 0.22599863186569805, 0.11065409869952138, 0.24018738404601706], [0.3060418938973173, 0.2288947360544959, 0.14886535737828754, 0.3161980126698993], [0.33926982776256126, 0.21394951848929278, 0.25595015575730984, 0.19083049799083612], [0.20073048218326386, 0.44846729055017437, 0.09087030991465417, 0.2599319173519077], [0.16546891682477685, 0.38396141826236785, 0.1429327973464569, 0.3076368675663986], [0.16348193761954796, 0.3614645822306083, 0.11999170683805631, 0.3550617733117877]]}, "rewritten": {"ids": ["97107260", "97107821", "97107920", "97111790", "97114170", "97118210", "98107210", "98107340", "98107410", "98108520", "98108970", "98109090", "98110230", "98110680", "98110810", "98111670", "98119591", "98120530", "99107630", "99107660", "99109141", "99109840", "99110050", "99112531", "99112840", "99113260", "99121440", "100108080", "100108580", "100109311", "100109360", "100113210", "100116500", "100120010", "101108121", "101109000", "101109370", "101112201", "101112690", "101113210", "101115190", "102107961", "102108621", "102110240", "102110850", "102117351", "103109791", "103112470", "103117200", "104110960", "104111550", "104111620", "104113550", "104117200", "104119290", "105112260", "105113190", "105113260", "105115380", "105117431", "105118740", "105119550", "105121190", "106111321", "106113170", "106113260", "106114280", "106115120", "106116120", "106117790", "106119260", "106119990", "106121220", "107112840", "107114110", "107114140", "107116340", "107116980", "107117630", "107118120", "107118520", "107118780", "108113760", "108114180", "108114220", "108114270", "108114360", "108115880", "108116501", "108117451", "108117610", "108117720", "108118630", "109113281", "109119340", "110114651", "110115890", "110115980", "110116290", "110117870", "110118880", "110118930", "110119300", "110120540", "110121140", "110121170", "111114321", "111115780", "111115910", "111117120", "111119250", "111119430", "111121410", "112116800", "112117030", "112117210", "112117431", "112117790", "112118530", "112118550", "112118880", "112119580", "112119950", "112120270", "112120630", "112120670", "112121351", "112121410", "112121430", "113118810", "113119120", "113119320", "113119450", "113119480", "113119950", "113120070", "113121750", "113122180", "113122230", "113122430", "113122510", "113122650"], "labels": [2, 2, 0, 2, 2, 2, 1, 0, 3, 2, 3, 1, 3, 2, 1, 1, 1, 1, 2, 3, 3, 2, 3, 3, 2, 0, 2, 0, 0, 1, 0, 0, 2, 0, 0, 1, 1, 0, 1, 3, 1, 3, 3, 3, 3, 1, 3, 1, 0, 2, 1, 0, 1, 3, 1, 3, 3, 3, 1, 1, 1, 1, 2, 0, 0, 3, 3, 1, 1, 1, 1, 0, 1, 1, 1, 2, 3, 3, 0, 3, 2, 1, 1, 1, 3, 3, 1, 3, 0, 2, 3, 1, 1, 0, 3, 3, 2, 1, 2, 3, 0, 1, 1, 1, 3, 2, 1, 1, 2, 2, 1, 3, 0, 0, 2, 1, 0, 3, 1, 3, 1, 3, 0, 0, 3, 2, 0, 0, 2, 3, 3, 1, 3, 3, 0, 2, 0, 2, 1, 2, 2, 2], "predicted_labels": [1, 2, 3, 0, 3, 1, 3, 3, 0, 2, 1, 0, 0, 1, 0, 1, 1, 3, 2, 0, 3, 2, 3, 1, 3, 0, 2, 1, 0, 0, 1, 3, 3, 3, 0, 1, 2, 0, 1, 0, 2, 0, 0, 3, 0, 1, 1, 1, 1, 1, 1, 1, 3, 3, 1, 3, 0, 3, 3, 3, 0, 1, 3, 3, 1, 2, 3, 3, 3, 3, 3, 1, 3, 1, 2, 2, 0, 0, 3, 1, 1, 3, 2, 0, 1, 1, 1, 3, 3, 1, 3, 2, 2, 0, 0, 0, 1, 0, 3, 0, 3, 2, 3, 3, 0, 3, 0, 1, 1, 3, 0, 0, 3, 1, 1, 1, 1, 3, 1, 0, 1, 3, 0, 1, 0, 3, 0, 1, 1, 1, 2, 1, 3, 3, 3, 0, 3, 2, 0, 3, 3, 1], "confidence_scores": [[0.2513752016327956, 0.26386556336855876, 0.2610126236987468, 0.22374661129989884], [0.26203073570319746, 0.2489688952594249, 0.33353321354792836, 0.15546715548944953], [0.3029616846525342, 0.1850626501183633, 0.131561356971359, 0.38041430825774364], [0.28624022525261905, 0.2843148580187618, 0.1507906776214356, 0.2786542391071837], [0.17165173129627487, 0.27779541757214854, 0.2330726500408467, 0.3174802010907299], [0.1370943767198341, 0.48294947388158205, 0.19040535726945879, 0.189550792129125], [0.1984332453631361, 0.17886174552383655, 0.2786145531701852, 0.34409045594284227], [0.1685930815509408, 0.21509940825734397, 0.24614871249122086, 0.37015879770049437], [0.6038195278216322, 0.1034086191965287, 0.10229105459026745, 0.1904807983915718], [0.14628491154805226, 0.17921444385368104, 0.5287175588527496, 0.14578308574551707], [0.2074216011638116, 0.4089884289318815, 0.1754748600122666, 0.20811510989204024], [0.37597232225985006, 0.17062257367916914, 0.16582863367445103, 0.2875764703865297], [0.3815365444795134, 0.31039249851093415, 0.12800251249348552, 0.18006844451606688], [0.26632838289408145, 0.304430222088215, 0.14436391763229833, 0.2848774773854053], [0.4229560839486739, 0.27252767245881376, 0.11929012819995732, 0.18522611539255487], [0.12416181829889045, 0.4441408167609388, 0.09203139019349849, 0.33966597474667226], [0.24923732136966445, 0.3171378818504158, 0.13678707665626436, 0.29683772012365534], [0.17135485021506874, 0.2453897414825173, 0.28175430889414976, 0.30150109940826425], [0.2679832916780192, 0.18040529584359868, 0.2921413786716018, 0.2594700338067804], [0.3726191057391523, 0.21386148385059736, 0.1266191474564247, 0.2869002629538256], [0.320418016249885, 0.1896595052325027, 0.16130158703558142, 0.32862089148203094], [0.16818093142428964, 0.2247684523689334, 0.41327693524689707, 0.1937736809598799], [0.24298979914721042, 0.28309638150685423, 0.1317355877002365, 0.34217823164569877], [0.3424041709768229, 0.4185659218705804, 0.05495582973293737, 0.18407407741965934], [0.2649611789964776, 0.13091501001815475, 0.17433557105441616, 0.42978823993095155], [0.3372093903821695, 0.29679211232159386, 0.131096047257166, 0.23490245003907054], [0.19064365257394517, 0.2626644154887005, 0.41948791760299026, 0.12720401433436418], [0.17013353330102735, 0.35876241947500626, 0.2819866450965023, 0.18911740212746414], [0.3744829407544665, 0.2581608288956936, 0.138195022848729, 0.229161207501111], [0.2888544725555207, 0.2824929714957753, 0.15672230127583722, 0.27193025467286674], [0.2198170713149649, 0.34988604139501606, 0.16209016190025924, 0.26820672538975976], [0.2105805209711649, 0.25301527057001943, 0.12866896231626235, 0.4077352461425533], [0.13202762154882675, 0.19442096974883274, 0.1788490864632349, 0.4947023222391056], [0.227871075497771, 0.18057698598192162, 0.2489254235522663, 0.342626514968041], [0.5156722364290391, 0.16690644277616512, 0.09572915994530547, 0.2216921608494903], [0.18061992286637632, 0.32376943766896576, 0.3098567623549356, 0.18575387710972235], [0.2229699191432723, 0.25415119899373906, 0.31400297789111603, 0.20887590397187258], [0.45362974822971197, 0.20584819063906867, 0.1002519692595811, 0.24027009187163828], [0.2537523589587223, 0.32581781747459715, 0.17135044391972049, 0.24907937964696017], [0.3069240303965095, 0.24489861595414714, 0.2039439554493732, 0.24423339819997011], [0.2156096676331636, 0.2066998638956118, 0.35032045283298463, 0.22737001563824022], [0.35340125446740644, 0.18630026823362675, 0.19040186560367336, 0.2698966116952935], [0.38154983594582464, 0.27053933998139, 0.1082844887271245, 0.2396263353456609], [0.2275785240676024, 0.21301347908150586, 0.18677201073337155, 0.37263598611752036], [0.34151717280460747, 0.3180179591674037, 0.11034980928853073, 0.23011505873945806], [0.2956670199687023, 0.3228254886633516, 0.1805394457095501, 0.2009680456583959], [0.25624861700454715, 0.36419400020296666, 0.1355483442735327, 0.2440090385189537], [0.14959793762054005, 0.49213059050283753, 0.15538013271977094, 0.20289133915685162], [0.2170139343547778, 0.3827418479902134, 0.15254962650136908, 0.24769459115363981], [0.1694037864896079, 0.3927601463535411, 0.1981228402276769, 0.23971322692917418], [0.14970854112633405, 0.549101476584375, 0.14567505246973778, 0.1555149298195531], [0.2860360617845056, 0.32804671396871743, 0.14648932814514343, 0.23942789610163354], [0.2693182139884787, 0.27871762038701137, 0.13476405050910095, 0.317200115115409], [0.2769419141627569, 0.24829995824724718, 0.16240700881527567, 0.3123511187747204], [0.18141025835234048, 0.5585736480212715, 0.07867717030197505, 0.18133892332441306], [0.2141901429911995, 0.30593650666250216, 0.14746224159436533, 0.332411108751933], [0.38265628570144716, 0.26215273993913035, 0.07690753282241924, 0.27828344153700324], [0.13715099916268253, 0.1921580330043263, 0.0883321574543389, 0.5823588103786523], [0.19812676659903636, 0.2659892368046534, 0.20129256104082782, 0.33459143555548243], [0.23757833933768718, 0.24472415887709578, 0.2504227055016704, 0.26727479628354667], [0.46748963376676533, 0.18744141768147382, 0.15234281420967216, 0.19272613434208877], [0.2603504391969615, 0.3062498102232462, 0.1519468670021916, 0.2814528835776006], [0.2824105409009068, 0.23080696124936745, 0.14882048840599535, 0.3379620094437305], [0.2694226759308832, 0.22763599818992392, 0.1218302221806946, 0.3811111036984984], [0.17638007702999936, 0.3732378020065323, 0.17024329466727156, 0.2801388262961968], [0.21873468846194807, 0.2943021248132908, 0.3095425298904265, 0.17742065683433456], [0.29532331704618664, 0.18588101189112052, 0.1372098041956282, 0.38158586686706475], [0.2596852451344762, 0.2686556735982587, 0.17808748382754702, 0.2935715974397181], [0.26366091370834266, 0.18828996239950313, 0.2213473830054526, 0.3267017408867018], [0.19659172351832774, 0.23910163223146322, 0.2345650509424179, 0.3297415933077911], [0.16440268288725282, 0.26967615404157785, 0.13048362226363833, 0.4354375408075309], [0.27043029138043845, 0.3526486385989847, 0.14479772738293598, 0.23212334263764112], [0.12547621295416178, 0.19980171065278776, 0.2342385146472441, 0.4404835617458062], [0.15784131316653194, 0.35912881861018425, 0.16098072877434258, 0.32204913944894126], [0.20800158211943623, 0.25985634205970176, 0.30609221708012213, 0.22604985874074007], [0.15454927790250428, 0.23552417672458195, 0.35024685481492657, 0.25967969055798706], [0.39396203179396383, 0.21779612022908026, 0.14433761381994556, 0.2439042341570103], [0.3572623832237648, 0.2776571137044482, 0.13068571852061975, 0.2343947845511675], [0.22925370713127474, 0.2169084146544362, 0.2492522788387025, 0.3045855993755866], [0.24799523829282688, 0.2976007055468839, 0.15796391247491526, 0.29644014368537386], [0.20176544953294787, 0.3199087055842135, 0.16221801264692354, 0.31610783223591515], [0.18899761508261245, 0.18329079104013787, 0.13005530171246435, 0.4976562921647854], [0.13447476428946128, 0.18017419860593875, 0.4833747444667231, 0.2019762926378768], [0.2875635042233292, 0.2646798864646001, 0.214613057743632, 0.23314355156843877], [0.2385396004861035, 0.3532139496159281, 0.1645748750102121, 0.2436715748877563], [0.177848745196982, 0.377728289056599, 0.1877271437896046, 0.25669582195681456], [0.23832130050973419, 0.3122194902733296, 0.15765506166271542, 0.29180414755422074], [0.22185864185587495, 0.267860729098014, 0.12370460341754848, 0.38657602562856247], [0.26649264287174, 0.25877035779332447, 0.1485074846640747, 0.32622951467086087], [0.29643402455787327, 0.3098510230836225, 0.11673625059156052, 0.27697870176694395], [0.2079284721925463, 0.21137194233376042, 0.19643802011981265, 0.3842615653538807], [0.1528276818304884, 0.2999773477996799, 0.3625106576034284, 0.18468431276640343], [0.1606592300918733, 0.14798340089632128, 0.44305934558172005, 0.24829802343008514], [0.6417656194140473, 0.11581039180318002, 0.1111686462134168, 0.13125534256935598], [0.5606845762684988, 0.14567256446624807, 0.051493014514121124, 0.24214984475113216], [0.7276668699857679, 0.09036709702594502, 0.05928932400470789, 0.12267670898357924], [0.18683215336894107, 0.43584507615972246, 0.13940129828582096, 0.23792147218551554], [0.45464147018959766, 0.19261277339531868, 0.11879873621431615, 0.23394702020076757], [0.25521674427410757, 0.22768346639807904, 0.12409423517503466, 0.3930055541527789], [0.5215087007853139, 0.07987612509050515, 0.09061321496160143, 0.3080019591625798], [0.23453572022716365, 0.18534462327837464, 0.09549206752281317, 0.48462758897164854], [0.19615960962485948, 0.23739635673967485, 0.29246057019334176, 0.27398346344212404], [0.22459569105717908, 0.26547026393680834, 0.13855275936483902, 0.3713812856411735], [0.1963209262399647, 0.2277715140273732, 0.16540457331210795, 0.41050298642055427], [0.6942873343814578, 0.1132135283817451, 0.05604005973742996, 0.13645907749936703], [0.2853256644163298, 0.23986995048730392, 0.11464294802960467, 0.3601614370667617], [0.39570379750981516, 0.23218375905887054, 0.2223867190819471, 0.14972572434936737], [0.25994496219683555, 0.3223526014888755, 0.23467092933303302, 0.1830315069812557], [0.23524771342071682, 0.3953228529391183, 0.11446397921613127, 0.25496545442403357], [0.23274382761998566, 0.22838552151141325, 0.1152133096731375, 0.4236573411954636], [0.31838276919120984, 0.20359222649426661, 0.1831844471956636, 0.29484055711886], [0.5979618072037531, 0.25450742159749057, 0.05064765356845351, 0.09688311763030268], [0.23248780607740252, 0.24938910015084523, 0.1729185696296412, 0.345204524142111], [0.2838524854848026, 0.3055084673010274, 0.14319821456016038, 0.2674408326540097], [0.19277443176205739, 0.32356167601274066, 0.2396890494255315, 0.24397484279967038], [0.22476021532923493, 0.3101051545076701, 0.20180641868002666, 0.2633282114830684], [0.20224076068771724, 0.5155969927610554, 0.1099319437030955, 0.17223030284813212], [0.1377890986916217, 0.16779069741634037, 0.16060822525299884, 0.5338119786390392], [0.2289573370479622, 0.3433031785436768, 0.184812975134541, 0.24292650927382017], [0.3003289360506383, 0.29237805385241, 0.15701930583863874, 0.25027370425831275], [0.32746894308752655, 0.3556831725678251, 0.12192543631566277, 0.19492244802898553], [0.19824222611993444, 0.20702506085270292, 0.09853646268727521, 0.49619625034008746], [0.38728670733211507, 0.24617957045981864, 0.11957609662305202, 0.24695762558501433], [0.26312865578087796, 0.32196428052274817, 0.1673946406555155, 0.24751242304085833], [0.4280539570953859, 0.221095355263293, 0.0915119469129585, 0.2593387407283627], [0.21444870816203385, 0.2501349653186771, 0.10699580181269805, 0.4284205247065911], [0.52160326807006, 0.2628838412215729, 0.08571742565338707, 0.12979546505498016], [0.20743415086503042, 0.3929411278119099, 0.18136722466618255, 0.21825749665687724], [0.24003640674139684, 0.33870698191966025, 0.1490999088182878, 0.2721567025206551], [0.25216767363479, 0.2901369746931007, 0.21115631033798532, 0.24653904133412408], [0.2280071602262089, 0.26631079094790566, 0.27242413726996545, 0.23325791155592004], [0.2852538824294836, 0.337691386131335, 0.1492886724978944, 0.22776605894128715], [0.2825529967069703, 0.28474203723986824, 0.110004099630598, 0.32270086642256357], [0.2831783594061209, 0.21165320132802257, 0.12918022688822883, 0.37598821237762775], [0.23633169599757553, 0.2981838744828441, 0.1310559640921872, 0.33442846542739324], [0.344846100704329, 0.23559414093259853, 0.1770205361897523, 0.2425392221733201], [0.22522199611843768, 0.1658742439068233, 0.1179240992091659, 0.49097966076557314], [0.23373428707847196, 0.2335922782537481, 0.2809485907764563, 0.2517248438913237], [0.5323082620557164, 0.20810668041211278, 0.071454229530437, 0.1881308280017338], [0.2914251092492034, 0.2346270025534117, 0.1684801825592976, 0.30546770563808734], [0.2541540171946009, 0.20428486479451533, 0.15281860138111997, 0.3887425166297638], [0.23707841023270154, 0.26901769615596327, 0.2673451407136573, 0.2265587528976778]]}}