{"test": {"ids": ["106113360", "105116441", "101108080", "101108580", "99108010", "104113550", "98110710", "107120880", "102110500", "102113210", "102113981", "108120621", "99108080", "100109801", "104113000", "111118910", "104109311", "98106680", "112117780", "108113760", "110115710", "101112201", "102108621", "101108500", "106114150", "100120010", "99108890", "99108460", "106111321", "111119250", "112118810", "104117200", "105112130", "103113260", "110119891", "108121410", "111120531", "100109360", "100111080", "100109980", "101108621", "98108970", "111115770", "98111231", "105115380", "102121700", "112120640", "111119950", "112117580", "103111480", "109117730", "112120630", "106116120", "112117660", "113119320", "110118301", "99109860", "112116990", "109113881", "110114651", "112119500", "111119610", "104111711", "102109010", "99109840", "111121220", "98107010", "112116290", "113121220", "99119830", "106119580", "100108520", "98107410", "106113170", "106112770", "109116441", "110118810", "113122510", "97112300", "98112300", "101110200", "112117790", "104119290", "110116441", "99107630", "110114321", "98106111", "110114720", "110115120", "106115240", "113118511", "112119580", "109120540", "112121430", "105116860", "103111990", "106116640", "98107340", "106115250", "102110240", "105116090", "97106600", "103113210", "107113260", "111116750", "97113900", "105115250", "97105580", "111116110", "107116340", "113118490", "110118930", "111115910", "102112301", "109115211", "111121410", "110117870", "106118520", "103111540", "103117461", "99110050", "106114280", "107114780", "101112540", "103113170", "98107210", "111114121", "102110050", "99108520", "110118111", "109114030", "101111310", "108117720", "103120730", "110120540", "112120290", "97116410", "108114360", "98108410", "112116451", "111119290", "112121010"], "labels": [0, 1, 0, 0, 2, 1, 2, 1, 3, 3, 1, 1, 3, 0, 1, 0, 3, 1, 0, 1, 2, 0, 3, 3, 1, 0, 0, 0, 0, 1, 3, 3, 1, 3, 3, 0, 0, 0, 0, 1, 0, 3, 3, 1, 1, 1, 0, 0, 0, 0, 3, 3, 1, 0, 1, 1, 2, 0, 0, 3, 2, 2, 1, 1, 2, 3, 3, 0, 3, 1, 3, 2, 3, 0, 1, 3, 1, 2, 2, 2, 2, 3, 1, 3, 2, 1, 0, 3, 0, 1, 1, 3, 1, 2, 2, 2, 3, 0, 2, 3, 1, 3, 3, 0, 3, 2, 2, 1, 3, 3, 1, 1, 2, 1, 0, 0, 3, 2, 1, 0, 3, 3, 2, 2, 3, 1, 0, 3, 2, 1, 1, 3, 1, 1, 1, 1, 3, 1, 1, 0, 3, 2], "predicted_labels": [3, 3, 3, 0, 1, 0, 2, 3, 3, 0, 3, 0, 3, 3, 1, 1, 3, 3, 3, 1, 1, 0, 0, 2, 0, 0, 1, 1, 3, 3, 1, 1, 1, 1, 3, 1, 1, 3, 1, 0, 1, 1, 3, 1, 1, 3, 0, 0, 3, 0, 0, 0, 1, 3, 1, 3, 1, 3, 1, 3, 1, 0, 1, 3, 1, 1, 1, 3, 0, 3, 1, 3, 0, 1, 2, 0, 3, 1, 3, 3, 3, 3, 1, 3, 3, 1, 3, 0, 3, 1, 1, 0, 1, 1, 0, 3, 3, 2, 3, 0, 3, 2, 3, 3, 0, 1, 1, 1, 3, 1, 3, 1, 3, 3, 0, 1, 1, 1, 1, 1, 1, 3, 1, 3, 1, 1, 3, 1, 2, 3, 0, 1, 3, 3, 3, 3, 3, 3, 1, 1, 3, 1], "confidence_scores": [[0.21960346336882114, 0.312389257247653, 0.13013967268681031, 0.3378676066967156], [0.21955354521568476, 0.28618245569316725, 0.19556258080378364, 0.29870141828736474], [0.3178340207745767, 0.2469172584737727, 0.12470616137965199, 0.3105425593719989], [0.4690281235063267, 0.1329138293427513, 0.08367685020903293, 0.3143811969418888], [0.21501710661880163, 0.3431106760956848, 0.2091966326197847, 0.23267558466572877], [0.4979115359178178, 0.15688555333682283, 0.021416840477699966, 0.32378607026765927], [0.07970759950168131, 0.26986952558647226, 0.47070467345167866, 0.17971820146016768], [0.202255341728917, 0.3067219742662228, 0.15989242213276172, 0.33113026187209843], [0.30830249153664485, 0.18574000591894407, 0.20306498517146057, 0.30289251737295053], [0.3335900619533702, 0.2150807578326669, 0.17400012594171851, 0.27732905427224447], [0.27238785315229264, 0.26259856000329007, 0.1762549488378582, 0.288758638006559], [0.39706881525396337, 0.24684512957427243, 0.09600166937922104, 0.2600843857925429], [0.2604453025644536, 0.2682691212466349, 0.1566288276636034, 0.31465674852530845], [0.1948398916955557, 0.332730099066167, 0.13117758494078677, 0.3412524242974904], [0.2109289968771002, 0.35950595118530954, 0.09974721274382174, 0.3298178391937687], [0.3213506657909816, 0.3350973693280805, 0.05871238302664529, 0.2848395818542928], [0.24558281071789112, 0.2953496584620641, 0.09323204562551889, 0.36583548519452536], [0.17005437503099313, 0.29783583992966, 0.23240438728586904, 0.2997053977534778], [0.23744790182178363, 0.32243027851379863, 0.10460194634390449, 0.33551987332051314], [0.16018929055281364, 0.28547149740478117, 0.33415984270177324, 0.22017936934063218], [0.13858165314816714, 0.3451685329405939, 0.27105592000911666, 0.24519389390212212], [0.3070457403209731, 0.273932111238437, 0.14897027235323557, 0.2700518760873545], [0.34768988523242034, 0.28579750274944854, 0.09314702077157803, 0.2733655912465532], [0.12433635860188723, 0.2711489801614968, 0.4453189577595646, 0.15919570347705125], [0.32088441008544305, 0.2856632193607998, 0.07896515894739417, 0.31448721160636295], [0.2733541622343074, 0.23939330376586052, 0.2291081362199667, 0.2581443977798657], [0.19824184266547035, 0.34010140410080814, 0.15878085452707885, 0.30287589870664255], [0.18149511117626352, 0.34289238327819827, 0.15076412073159576, 0.3248483848139423], [0.2120256694788332, 0.25384976598423187, 0.2144965258730769, 0.3196280386638579], [0.29372491261428413, 0.20408884108195358, 0.20508507696620326, 0.29710116933755937], [0.21521074476087368, 0.3165704169884251, 0.16880698422642315, 0.29941185402427817], [0.19558731243670743, 0.35238114115442254, 0.18073761417020032, 0.2712939322386697], [0.10900439853454116, 0.3106090012513009, 0.3624907657185946, 0.21789583449556318], [0.1591220085370541, 0.3415515316896611, 0.24525614146436822, 0.25407031830891663], [0.2063141871996645, 0.28298274890710495, 0.16230276607865068, 0.3484002978145801], [0.25707793323004835, 0.3633511533735826, 0.044265657736648555, 0.33530525565972064], [0.22486196635585137, 0.3199391604452946, 0.20058678838001712, 0.25461208481883674], [0.31046694043693956, 0.24420076767852825, 0.12388516262220657, 0.32144712926232555], [0.31075828928144567, 0.3487226306990572, 0.10444305950089583, 0.23607602051860152], [0.2899528730294436, 0.22108029303114854, 0.2274054205774446, 0.2615614133619631], [0.23358040675193786, 0.3297793554442124, 0.1248622275310501, 0.3117780102727997], [0.1432964508378907, 0.3311013932001917, 0.24902965426350493, 0.2765725016984128], [0.3063155241503255, 0.24501024879506703, 0.13657188927792208, 0.31210233777668545], [0.27847804755274624, 0.2955492276728807, 0.16125898392408725, 0.26471374085028565], [0.11965570229106433, 0.30436913520618536, 0.3531368083495454, 0.22283835415320496], [0.2486360556819836, 0.2966381485160585, 0.1466508181575856, 0.3080749776443719], [0.37630742834523867, 0.21918420647332162, 0.08368312267787265, 0.32082524250356675], [0.3491104656665009, 0.15624877831887993, 0.1799343571758099, 0.31470639883880913], [0.33669769072663547, 0.20501678583403235, 0.1428497473111478, 0.3154357761281845], [0.35312334283326313, 0.2969316971178228, 0.03771117680827496, 0.31223378324063883], [0.37434063204875495, 0.2086260909746008, 0.11524709954992149, 0.301786177426723], [0.3669683865500811, 0.25175076341591796, 0.06487592997308973, 0.3164049200609109], [0.3207215100060305, 0.32482835276841293, 0.10332519090713774, 0.25112494631841825], [0.231480397959161, 0.3078380745576108, 0.14592931724759287, 0.31475221023563515], [0.2102841820090061, 0.3591665339947757, 0.10065350605552655, 0.32989577794069164], [0.28202159577378444, 0.2705151229618097, 0.12551942494502433, 0.3219438563193816], [0.10849174107337528, 0.4036558485970165, 0.30648943632901193, 0.18136297400059642], [0.305676758312008, 0.19949563054678712, 0.18939906734057932, 0.30542854380062545], [0.21042051670091388, 0.35897945571862583, 0.21483042761953902, 0.21576959996092118], [0.2863226544565245, 0.26190696642303546, 0.1153452679921615, 0.3364251111282787], [0.2092896755447515, 0.34923144669630557, 0.23309420704847467, 0.208384670710468], [0.25416746083499225, 0.25819552711659616, 0.2503196128421123, 0.23731739920629902], [0.2270023314537973, 0.3264506535746087, 0.23560868763763101, 0.21093832733396306], [0.1756557936957198, 0.2880861352486342, 0.21562681153766194, 0.3206312595179845], [0.21140334628864202, 0.3209993402500186, 0.22414605209483854, 0.24345126136650044], [0.242458013658135, 0.3371434195472768, 0.08746213301378412, 0.33293643378080423], [0.20001511748961412, 0.32313757083951394, 0.198336669022785, 0.2785106426480869], [0.1826863169177791, 0.2884408962563252, 0.23508541876509198, 0.29378736806080347], [0.3319486888146067, 0.262041886425639, 0.17255365886396343, 0.23345576589579065], [0.18440951366773733, 0.26889188628064126, 0.2735258196419192, 0.2731727804097019], [0.15889737269606405, 0.30706012418857914, 0.34884912737689006, 0.18519337573846675], [0.28191850343623087, 0.16431343423927414, 0.24677740122821126, 0.3069906610962839], [0.3570357477178167, 0.1985312766515731, 0.13357007539491386, 0.31086290023569646], [0.2828156819569011, 0.3251505623177653, 0.09193788164759667, 0.3000958740777368], [0.146720928047644, 0.22280071495673232, 0.40806005333068013, 0.2224183036649436], [0.4284686513527847, 0.21935949218411782, 0.023559899695966054, 0.32861195676713156], [0.2686521388920137, 0.28903281228124544, 0.12336519385425379, 0.31894985497248685], [0.11588693584419288, 0.34367305576918117, 0.3144992135332664, 0.2259407948533593], [0.31582978152487184, 0.25548561748854204, 0.08919173821256965, 0.3394928627740163], [0.3126165727168494, 0.2550018582327478, 0.10064691409600915, 0.331734654954394], [0.19501772377022866, 0.30803032229476746, 0.16708764456756822, 0.32986430936743555], [0.2878507043555712, 0.24715536166649624, 0.07315343205199054, 0.3918405019259423], [0.20478075197050954, 0.276041520172401, 0.3345222602953207, 0.18465546756176865], [0.2212655110277419, 0.25398134606034445, 0.18093558296910997, 0.34381755994280344], [0.16135356488803915, 0.19848909707426438, 0.3224037580509107, 0.31775357998678627], [0.23114633144247065, 0.3448679601718459, 0.11638328157122213, 0.3076024268144615], [0.258866376144274, 0.2507433199178364, 0.15252487998304076, 0.33786542395484864], [0.2846630212714466, 0.2512338254832045, 0.24229827574365095, 0.22180487750169808], [0.19196363753526677, 0.2787227434367335, 0.2379777399787023, 0.29133587904929703], [0.25616084196580574, 0.3258755699118006, 0.16086847010304967, 0.25709511801934426], [0.21726054222596772, 0.33501291689771484, 0.13739943484333156, 0.3103271060329855], [0.3673725246294218, 0.20230700824877024, 0.13068620532044609, 0.29963426180136166], [0.22996414325369438, 0.3344927661347604, 0.10706879037587128, 0.32847430023567387], [0.15037990994494113, 0.29405456896896376, 0.3555799466741353, 0.19998557441195947], [0.2841088550550165, 0.25670426253190026, 0.20310662716941846, 0.2560802552436648], [0.28499548560520993, 0.23148661035337698, 0.16750249640998452, 0.3160154076314283], [0.31323273525411977, 0.2782778889322053, 0.07378173063887174, 0.33470764517480306], [0.15303765088707968, 0.2561561779836712, 0.4021276906376903, 0.18867848049155894], [0.15432097978640405, 0.2979377688394373, 0.23322386358494643, 0.3145173877892121], [0.3109998234364285, 0.24396953477684055, 0.15394347940213468, 0.2910871623845962], [0.2684313556242336, 0.28600313742897215, 0.08101098855634795, 0.36455451839044634], [0.1886901630003795, 0.23870071022822867, 0.3745946064111515, 0.19801452036024034], [0.1257645139761703, 0.30192996363516544, 0.2576414606154991, 0.31466406177316525], [0.23229337767148486, 0.22281307343051612, 0.2347174533120842, 0.31017609558591486], [0.39627706160263526, 0.215768700149453, 0.05813259588908852, 0.3298216423588231], [0.18239428300429067, 0.30185245818879364, 0.23995033192729362, 0.2758029268796224], [0.1912489783907332, 0.3001868598781736, 0.22545726077272388, 0.28310690095836916], [0.19407877524468917, 0.34798653009414215, 0.18471549798685774, 0.27321919667431105], [0.1360480739426304, 0.293998906754184, 0.2590512532955877, 0.3109017660075977], [0.160988292118033, 0.3311826036886581, 0.2075316809172444, 0.3002974232760645], [0.29948992110459843, 0.24076502638480704, 0.10736977809921128, 0.3523752744113833], [0.18207930270652603, 0.3377859228834594, 0.19183932326347647, 0.2882954511465384], [0.21896873316786616, 0.3173215841835784, 0.15258773381332824, 0.3111219488352269], [0.25648255256086394, 0.25735302995584414, 0.14513778410103148, 0.34102663338226047], [0.3589009346038131, 0.2733044717320366, 0.07250251531592349, 0.295292078348227], [0.22754635823057545, 0.34977053341137215, 0.0996409567523449, 0.3230421516057079], [0.20880584687860887, 0.3006240368708385, 0.21375465906893193, 0.2768154571816208], [0.23921080159397337, 0.31699499543870696, 0.16695928486705452, 0.27683491810026534], [0.2472740252751447, 0.2739016789285161, 0.19976519608253754, 0.27905909971380183], [0.268832249893231, 0.29689986327179474, 0.15020889698945006, 0.2840589898455244], [0.16784731729628938, 0.3383307146630811, 0.2204478402549863, 0.27337412778564324], [0.2801352818150289, 0.2799090897128655, 0.10588509044634557, 0.3340705380257597], [0.1598990688465643, 0.3343835849320105, 0.297932939204377, 0.20778440701704812], [0.15653892423959367, 0.25265133308191706, 0.3160437951818244, 0.27476594749666466], [0.17420870235648742, 0.30010019719327274, 0.23792606274716463, 0.2877650377030751], [0.07289674213969956, 0.3190754836543242, 0.37809216639800197, 0.2299356078079742], [0.2931837203251354, 0.2897828996463174, 0.0793897955770018, 0.33764358445154546], [0.1780703207282545, 0.3190904959898269, 0.20403699758993857, 0.29880218569198025], [0.14243481853129888, 0.23112268293589724, 0.3967746497598552, 0.22966784877294852], [0.29773263743102246, 0.29426866984124944, 0.05823525313271222, 0.34976343959501616], [0.3615250541321936, 0.24074462411183684, 0.11832463525737501, 0.27940568649859454], [0.15762320562341955, 0.3263096922632197, 0.2554481111618223, 0.2606189909515386], [0.34196813517282365, 0.22674112438779187, 0.07195568490859218, 0.35933505553079265], [0.21916794146308666, 0.26920631201369116, 0.2160188433169998, 0.2956069032062222], [0.22816309548431138, 0.27633916018704013, 0.1667122852273729, 0.32878545910127555], [0.24671007115759508, 0.24822810248949512, 0.20777238109194288, 0.2972894452609668], [0.22487610297293167, 0.2171458684620421, 0.2950643201294301, 0.262913708435596], [0.20131099422157564, 0.25401926159814064, 0.2627078518088203, 0.28196189237146335], [0.23549989584439648, 0.2938898882984282, 0.2054399054380178, 0.2651703104191575], [0.2684678933315157, 0.36769248290882295, 0.06507233823890067, 0.2987672855207606], [0.2244850425150312, 0.2705377127064717, 0.16468570311407446, 0.3402915416644228], [0.2089203601342824, 0.2985341761413728, 0.22686708767678523, 0.26567837604755984]]}, "rewritten": {"ids": ["97105580", "97106600", "97112300", "97113900", "97116410", "98106111", "98106680", "98107010", "98107210", "98107340", "98107410", "98108410", "98108970", "98110710", "98111231", "98112300", "99107630", "99108010", "99108080", "99108460", "99108520", "99108890", "99109840", "99109860", "99110050", "99119830", "100108520", "100109360", "100109801", "100109980", "100111080", "100120010", "101108080", "101108500", "101108580", "101108621", "101110200", "101111310", "101112201", "101112540", "102108621", "102109010", "102110050", "102110240", "102110500", "102112301", "102113210", "102113981", "102121700", "103111480", "103111540", "103111990", "103113170", "103113210", "103113260", "103117461", "103120730", "104109311", "104111711", "104113000", "104113550", "104117200", "104119290", "105112130", "105115250", "105115380", "105116090", "105116441", "105116860", "106111321", "106112770", "106113170", "106113360", "106114150", "106114280", "106115240", "106115250", "106116120", "106116640", "106118520", "106119580", "107113260", "107114780", "107116340", "107120880", "108113760", "108114360", "108117720", "108120621", "108121410", "109113881", "109114030", "109115211", "109116441", "109117730", "109120540", "110114321", "110114651", "110114720", "110115120", "110115710", "110116441", "110117870", "110118111", "110118301", "110118810", "110118930", "110119891", "110120540", "111114121", "111115770", "111115910", "111116110", "111116750", "111118910", "111119250", "111119290", "111119610", "111119950", "111120531", "111121220", "111121410", "112116290", "112116451", "112116990", "112117580", "112117660", "112117780", "112117790", "112118810", "112119500", "112119580", "112120290", "112120630", "112120640", "112121010", "112121430", "113118490", "113118511", "113119320", "113121220", "113122510"], "labels": [1, 3, 2, 2, 3, 0, 1, 3, 1, 0, 3, 1, 3, 2, 1, 2, 2, 2, 3, 0, 2, 0, 2, 2, 3, 1, 2, 0, 0, 1, 0, 0, 0, 3, 0, 0, 2, 3, 0, 2, 3, 1, 3, 3, 3, 1, 3, 1, 1, 0, 1, 2, 3, 3, 3, 0, 1, 3, 1, 1, 1, 3, 1, 1, 2, 1, 1, 1, 2, 0, 1, 0, 0, 1, 3, 1, 2, 1, 3, 2, 3, 0, 2, 3, 1, 1, 1, 1, 1, 0, 0, 1, 0, 3, 3, 1, 1, 3, 3, 0, 2, 3, 3, 1, 1, 1, 1, 3, 1, 0, 3, 2, 3, 3, 0, 1, 3, 2, 0, 0, 3, 0, 0, 0, 0, 0, 0, 0, 3, 3, 2, 3, 1, 3, 0, 2, 2, 1, 1, 1, 3, 2], "predicted_labels": [1, 2, 3, 3, 1, 2, 1, 3, 2, 2, 3, 1, 1, 2, 1, 3, 3, 1, 3, 1, 2, 1, 1, 1, 1, 1, 3, 3, 1, 3, 1, 3, 3, 1, 0, 1, 1, 1, 0, 2, 1, 1, 1, 3, 3, 2, 1, 1, 1, 1, 2, 3, 1, 1, 1, 3, 3, 3, 1, 3, 0, 1, 2, 1, 3, 2, 3, 1, 2, 1, 2, 1, 3, 1, 3, 1, 2, 1, 0, 1, 2, 2, 1, 3, 2, 1, 3, 3, 0, 1, 1, 0, 1, 3, 2, 1, 1, 3, 2, 1, 1, 3, 1, 1, 3, 3, 1, 3, 1, 0, 3, 1, 1, 3, 1, 1, 1, 1, 3, 1, 1, 1, 3, 3, 2, 3, 1, 3, 3, 1, 1, 3, 1, 0, 3, 1, 1, 3, 1, 1, 1, 1], "confidence_scores": [[0.14874406938687404, 0.38359741426473865, 0.21807455984835242, 0.24958395650003476], [0.14799049858155802, 0.25116646006064663, 0.36518167944957636, 0.23566136190821882], [0.20404329560417683, 0.2555170328826914, 0.24966098831623287, 0.29077868319689903], [0.14820724871807317, 0.259992254674207, 0.3305097576642158, 0.26129073894350385], [0.20850707303144478, 0.2424749710590547, 0.3262507139007753, 0.22276724200872505], [0.13224948733241534, 0.23709178073520099, 0.39519478108170775, 0.2354639508506759], [0.1196125508661491, 0.3244769691231789, 0.33051657490255226, 0.2253939051081199], [0.20057899228839804, 0.29095960297178997, 0.21956680592972286, 0.2888945988100892], [0.07777664709883735, 0.29731767902360334, 0.421493649753947, 0.20341202412361228], [0.07604182543250862, 0.2606283853534492, 0.515511650875879, 0.14781813833816312], [0.21517775502918338, 0.19629619839819404, 0.3258602699503959, 0.2626657766222266], [0.11674227918334178, 0.28649547215669485, 0.39182405727068315, 0.20493819138928016], [0.1160002409113359, 0.34643111392268144, 0.3222034139496582, 0.21536523121632478], [0.05434975935127382, 0.2741590883410426, 0.5257439656958264, 0.1457471866118572], [0.24591646002098186, 0.288156654177857, 0.20819471892309183, 0.25773216687806927], [0.2563159296900473, 0.24581726684036007, 0.1795377503718032, 0.31832905309778936], [0.1569326197606389, 0.21489302529283202, 0.31255130412285476, 0.3156230508236741], [0.18755083604517517, 0.3000562658895831, 0.26408090218303476, 0.24831199588220718], [0.2712714401164126, 0.2897938145288309, 0.13998299269858613, 0.2989517526561703], [0.11300689990281733, 0.3418071675718711, 0.25843464177441977, 0.2867512907508915], [0.09288380240612769, 0.20335626644765117, 0.5069705212088204, 0.19678940993740082], [0.139011239130505, 0.31087715478101924, 0.32700862190232377, 0.22310298418615165], [0.13308476637487698, 0.28280416514415085, 0.38237071137822837, 0.2017403571027437], [0.12608103962941525, 0.34537776628389916, 0.3465111961346624, 0.1820299979520232], [0.15250715740112675, 0.3167106135275385, 0.2552953638500581, 0.27548686522127686], [0.19063505395634237, 0.25778551511045356, 0.3194093470634482, 0.2321700838697556], [0.14639136641744288, 0.19405571521608142, 0.4016310200500638, 0.2579218983164119], [0.2750659253835825, 0.23474673483708886, 0.21291894351497143, 0.27726839626435723], [0.1309017228177996, 0.29883656117044116, 0.2983970402660647, 0.27186467574569473], [0.15895293713674832, 0.25461717847561655, 0.3207179588864736, 0.26571192550116135], [0.20218995205525167, 0.29560652108855046, 0.3015767141777127, 0.2006268126784852], [0.16355715460269188, 0.24758572626861902, 0.2872553577043385, 0.3016017614243508], [0.29856170510257807, 0.24776923359685366, 0.12054754801310434, 0.33312151328746364], [0.09997228631676366, 0.3247011034308023, 0.33270506363704755, 0.24262154661538654], [0.38497167001837784, 0.15175835302266422, 0.16784202384172234, 0.2954279531172355], [0.1725578712204706, 0.377241406371793, 0.19304601739340724, 0.25715470501432935], [0.11605289139456147, 0.40024432443531766, 0.21153688598914275, 0.2721658981809781], [0.11478278422946155, 0.3314404630999432, 0.3384908739000664, 0.21528587877052888], [0.2989074443773508, 0.27010085738561324, 0.18405849128392168, 0.24693320695311455], [0.0983861580230222, 0.24156648820167387, 0.43898368030892604, 0.22106367346637779], [0.27474287987001844, 0.3027470839032502, 0.15587225624021475, 0.266637779986517], [0.1640010764422929, 0.3122559786940383, 0.2589618631312924, 0.26478108173237624], [0.11650463390936469, 0.29920665165469346, 0.3533489353628708, 0.23093977907307148], [0.1910540681563965, 0.2636945816798204, 0.2722059294578594, 0.27304542070592364], [0.2986463683863277, 0.18651652807572666, 0.18745436921322384, 0.3273827343247215], [0.1155218630667245, 0.24542990055186845, 0.3871524615990742, 0.2518957747823328], [0.22442759871379067, 0.3088645693385439, 0.20651594376901303, 0.26019188817865246], [0.1570778953104316, 0.3121972331205417, 0.30183231565725804, 0.22889255591176882], [0.16564152672657564, 0.306472196969836, 0.28701636232981076, 0.2408699139737775], [0.2933158370965471, 0.31227301524009715, 0.0778104541939867, 0.316600693469369], [0.13616497795602098, 0.26571164476629483, 0.3674503048922646, 0.23067307238541948], [0.1580117454177538, 0.22964725709822542, 0.32188955208660874, 0.2904514453974117], [0.12113230051727354, 0.3407007169536091, 0.3347189884741994, 0.20344799405491804], [0.10863074154006043, 0.28982313528220155, 0.3444134225896293, 0.2571327005881084], [0.1181477156459234, 0.30085726114334976, 0.3505376168348172, 0.23045740637590936], [0.2214335283372105, 0.26042869978661604, 0.22373652617716258, 0.2944012456990108], [0.1573773099446741, 0.28693491362353074, 0.2701515816876104, 0.28553619474418496], [0.1374860631425426, 0.2034570665173834, 0.3941415015727701, 0.2649153687673037], [0.15120503649033218, 0.30639994777607704, 0.3555150718536941, 0.18687994387989668], [0.17122013411182102, 0.27525842954776514, 0.27654096510561677, 0.27698047123479685], [0.3802398159494529, 0.2254112454446903, 0.05297045957495978, 0.34137847903089713], [0.11995300921989353, 0.3592832191272142, 0.3010614369254722, 0.21970233472741993], [0.17363103357684997, 0.25273709290719637, 0.4111757890463421, 0.16245608446961174], [0.10839135356995702, 0.29723445828309636, 0.37414730776025557, 0.22022688038669133], [0.1331856419279988, 0.28826222891287473, 0.3098731733036579, 0.2686789558554687], [0.11493526098745081, 0.26106804937904404, 0.41983425888627895, 0.20416243074722623], [0.23729157019437128, 0.2775548996825239, 0.189441741947582, 0.29571178817552274], [0.13459109597625513, 0.3166274300026076, 0.2793328745455225, 0.26944859947561484], [0.2237351641025967, 0.24865396395587402, 0.34578585065508716, 0.1818250212864423], [0.13619290898698702, 0.2852601699884967, 0.3246374285156893, 0.2539094925088269], [0.08110137727180118, 0.22569275016807344, 0.4783041640349319, 0.21490170852519333], [0.21447000337038272, 0.3000147441380557, 0.238115355985481, 0.24739989650608069], [0.1636726339443724, 0.282183604667683, 0.2736397813606003, 0.2805039800273441], [0.1832220918501856, 0.2736732981227117, 0.2946350620776683, 0.24846954794943438], [0.21412440096236396, 0.23484556369368345, 0.26214439737847706, 0.28888563796547545], [0.19458000361378472, 0.36799439938240164, 0.21322842685832602, 0.22419717014548746], [0.07775693359670204, 0.29504648827826674, 0.412044063753447, 0.2151525143715844], [0.21592852407799362, 0.3209615586904705, 0.2703354462495243, 0.19277447098201173], [0.30722912107009015, 0.24184352798469128, 0.2099047643386912, 0.2410225866065274], [0.08981426906098838, 0.31060616639025784, 0.4017378749620886, 0.19784168958666543], [0.09582960311200739, 0.3070672617332149, 0.4696382977629575, 0.12746483739182043], [0.11078812362677652, 0.24221470671988804, 0.44259994383314183, 0.20439722582019376], [0.11543582124034432, 0.3431488473761607, 0.31926898793635605, 0.22214634344713882], [0.11011298410770473, 0.2739888128984555, 0.34291320006610126, 0.2729850029277387], [0.08416501276603086, 0.2651398495746306, 0.4084105836321559, 0.24228455402718224], [0.14933861278578928, 0.29547853642285526, 0.3794150968518229, 0.1757677539395326], [0.17926720807355134, 0.2835414536191362, 0.26477163726454195, 0.27241970104277063], [0.3223909313242826, 0.25648920339757764, 0.08696655472510799, 0.33415331055303177], [0.23425227542119847, 0.24779085939283646, 0.3189124883247707, 0.1990443768611946], [0.17002140463976853, 0.35711634724121705, 0.20216134950446643, 0.2707008986145481], [0.21272017044827085, 0.3494100937331684, 0.24843876415945532, 0.18943097165910538], [0.3157347940745477, 0.2538486587680181, 0.13917027354927217, 0.2912462736081618], [0.1086148580057218, 0.27970090601240444, 0.36820698903551635, 0.24347724694635753], [0.3213561988376708, 0.2711377411244141, 0.07836367481045997, 0.3291423852274551], [0.10480691315408705, 0.23888721283937886, 0.42280910396034954, 0.23349677004618458], [0.196969507228384, 0.3067232816136135, 0.1959658117917336, 0.30034139936626875], [0.1783365327250591, 0.3046264460762297, 0.26869797575490956, 0.2483390454438017], [0.228761471219598, 0.24844445476905666, 0.21550577265040616, 0.30728830136093904], [0.0945644178825335, 0.2674807347702611, 0.41863771552368895, 0.21931713182351656], [0.13734209750631488, 0.2838261179689176, 0.326942353241508, 0.2518894312832601], [0.11986584364120019, 0.3522057944012876, 0.2722809676090922, 0.25564739434842004], [0.09473245743272897, 0.2676464520079836, 0.38085166878479304, 0.25676942177449424], [0.1066390954392697, 0.2893433576650146, 0.35496910001088716, 0.24904844688482825], [0.2585485703817399, 0.2912159574219507, 0.1780851287027824, 0.2721503434935272], [0.22815826516224114, 0.24060306918019647, 0.26093946287343295, 0.27029920278412917], [0.1848742249094567, 0.2307914689521959, 0.3184756205725523, 0.26585868556579495], [0.09946426428511879, 0.3271612240470214, 0.35236274132572176, 0.22101177034213784], [0.12266401613159876, 0.2804605027936855, 0.3376539315110166, 0.259221549563699], [0.09925050066093219, 0.30635128613172163, 0.412454837857687, 0.1819433753496594], [0.2848314056633793, 0.26917858586411203, 0.20672481418956423, 0.23926519428294457], [0.2829897967760506, 0.2612373443845248, 0.18071762714741116, 0.27505523169201346], [0.1666083140461593, 0.35284291304714566, 0.20183509210504552, 0.2787136808016493], [0.12953533265413728, 0.27219392515967705, 0.3833399345484802, 0.21493080763770528], [0.288697433822064, 0.21258514531235523, 0.22408097805856983, 0.2746364428070109], [0.17994608481836943, 0.3250661064166875, 0.2507800939758751, 0.24420771478906783], [0.2006938505716257, 0.28023207378297454, 0.29603865115841443, 0.2230354244869854], [0.13778966507310228, 0.2795759642547955, 0.3531878763843866, 0.22944649428771594], [0.13955613596331629, 0.29643956524881054, 0.31489593269579785, 0.2491083660920748], [0.1793114709211795, 0.2405749683995868, 0.31397096941855435, 0.266142591260679], [0.19735426644530313, 0.30032297490012044, 0.2669254507625907, 0.23539730789198532], [0.16829057145922743, 0.3404861208626925, 0.2149422232729913, 0.2762810844050886], [0.13323727392118412, 0.31971438707045874, 0.3081127001985681, 0.23893563880978932], [0.14265689818819063, 0.31831307183106866, 0.22286935395202823, 0.3161606760287127], [0.2869488117440775, 0.29917247956959037, 0.09306955753157507, 0.32080915115475706], [0.1185072081506576, 0.20223302705083201, 0.45627956957137455, 0.22298019522713558], [0.18247681974279345, 0.26468584893535924, 0.26327707893175717, 0.2895602523900899], [0.20658512801560752, 0.26053817374219373, 0.28952175725286805, 0.24335494098933078], [0.1805090864937602, 0.25660590578704806, 0.2590017581299547, 0.3038832495892369], [0.20898985748055063, 0.244588872510709, 0.19584811335361532, 0.35057315665512473], [0.14131013453896554, 0.3214616734090158, 0.2428970615543549, 0.29433113049766385], [0.10025431247964017, 0.3293203836350003, 0.3843997216262168, 0.18602558225914292], [0.27387562563816414, 0.1973893405272795, 0.24202750344285515, 0.2867075303917012], [0.1921169831043998, 0.3024575297696437, 0.23847453846599023, 0.26695094865996616], [0.38516922458971375, 0.20907035044834474, 0.08511245048439216, 0.3206479744775492], [0.23801979662667422, 0.25503723307193416, 0.22363065848021477, 0.2833123118211771], [0.11617291050929328, 0.2876809050139143, 0.3996615049651295, 0.19648467951166276], [0.1690444276680934, 0.2833188572550146, 0.34621862263315517, 0.20141809244373715], [0.16022906576697407, 0.24143235540657298, 0.2151838481011038, 0.3831547307253491], [0.1457011903450789, 0.31997320555792963, 0.3051287491701964, 0.22919685492679515], [0.13510912214362697, 0.35565003212709756, 0.27019213196150815, 0.23904871376776737], [0.12696748279309586, 0.2865419030424973, 0.3624119442922222, 0.2240786698721845], [0.11040679843615539, 0.3035244705940518, 0.38630808126747973, 0.1997606497023129]]}}