{"test": {"ids": ["113121810", "97111790", "100109801", "97106820", "102121440", "98109311", "113122120", "108118630", "108119510", "99108330", "108121160", "104116441", "110121720", "112118810", "105114220", "110116290", "106121190", "108116481", "102109850", "98117740", "113121410", "108115570", "108115870", "113118231", "100117420", "99108580", "106116820", "105119550", "103111540", "113122150", "98112300", "107114140", "110115250", "111116411", "108117360", "100109910", "97116410", "97116500", "112119580", "99117630", "111119610", "102112030", "109114220", "106113260", "107121230", "113120830", "110120531", "109113931", "98108410", "109116040", "106114880", "107118120", "111119300", "99105921", "107114621", "108120060", "113119340", "97107260", "112118511", "110116441", "110117500", "113117550", "107118780", "105112240", "108115970", "107115140", "110120540", "109121640", "113119450", "105121370", "111116110", "104114410", "110119300", "102114270", "99108000", "108113700", "111120640", "99107660", "106111321", "104113210", "111117571", "112119320", "104111830", "101117580", "110114720", "106114321", "106116120", "103111170", "98113881", "100109311", "105115900", "100120780", "97112300", "102110500", "112119450", "111121410", "109120540", "107121640", "98109230", "109113281", "113122160", "99108890", "106119260", "99108310", "101108121", "102112250", "97107040", "99108520", "110118181", "108116070", "108115500", "111116040", "110119030", "101112160", "111114321", "99109141", "105113620", "111117480", "113122320", "104113170", "113119120", "97107920", "101110150", "97116800", "107114321", "105118230", "111119340", "109115380", "108120280", "105115250", "112120990", "113120640", "103109791", "99110050", "103110050", "100109360", "104116800", "109116750", "112116850", "105116860", "101110740", "111115770"], "labels": [2, 2, 0, 1, 2, 1, 1, 1, 1, 1, 2, 1, 3, 3, 3, 2, 2, 0, 1, 2, 0, 3, 3, 3, 2, 0, 1, 1, 1, 2, 2, 2, 1, 0, 1, 2, 3, 2, 3, 3, 2, 2, 3, 3, 0, 3, 0, 1, 1, 0, 0, 3, 1, 1, 0, 1, 0, 2, 1, 3, 1, 3, 1, 1, 2, 0, 1, 0, 3, 2, 3, 1, 1, 3, 2, 0, 0, 3, 0, 3, 3, 1, 3, 3, 3, 2, 1, 2, 3, 1, 3, 1, 2, 3, 3, 0, 1, 1, 1, 0, 3, 0, 1, 2, 0, 0, 2, 2, 1, 1, 3, 0, 0, 3, 1, 3, 0, 1, 1, 3, 3, 0, 1, 0, 0, 1, 3, 3, 3, 2, 2, 0, 3, 3, 3, 0, 1, 0, 0, 2, 3, 3], "predicted_labels": [1, 0, 3, 0, 3, 1, 0, 3, 0, 3, 0, 3, 1, 1, 1, 2, 1, 0, 2, 1, 1, 1, 3, 3, 2, 0, 0, 0, 0, 2, 0, 1, 1, 1, 3, 2, 1, 1, 0, 3, 1, 3, 1, 1, 3, 1, 3, 3, 0, 3, 1, 0, 1, 0, 1, 0, 0, 3, 3, 0, 0, 1, 0, 3, 1, 3, 1, 1, 3, 1, 3, 0, 0, 1, 0, 0, 1, 1, 0, 3, 3, 3, 1, 0, 1, 1, 3, 0, 1, 3, 3, 0, 1, 0, 1, 1, 1, 0, 1, 3, 0, 1, 2, 1, 3, 2, 1, 1, 3, 0, 1, 2, 1, 2, 1, 3, 3, 0, 0, 1, 3, 3, 0, 2, 1, 3, 1, 3, 0, 0, 1, 1, 2, 3, 1, 0, 0, 1, 3, 1, 0, 0], "confidence_scores": [[0.13353561282253038, 0.4620604713809669, 0.21288769640195818, 0.19151621939454455], [0.3684626419667304, 0.18752503260331163, 0.16125355034679448, 0.2827587750831636], [0.23950476739005816, 0.19715534974396862, 0.192044005071868, 0.3712958777941054], [0.3179842605661956, 0.2304684455356194, 0.21644653386551946, 0.23510076003266564], [0.2217915780919672, 0.2583572948409205, 0.2009977162948852, 0.3188534107722272], [0.24299199090090745, 0.387360305480224, 0.17487226279159454, 0.19477544082727397], [0.3231937350858613, 0.3155197706893145, 0.13344200024965183, 0.22784449397517254], [0.27718594504180133, 0.1881995915858261, 0.17737970766038802, 0.35723475571198476], [0.3571586237988782, 0.23610125783165786, 0.15276030531104695, 0.2539798130584171], [0.13839169013006591, 0.24558975139905395, 0.13189878873252697, 0.4841197697383533], [0.43988111892510345, 0.29086252646694394, 0.11623488557782034, 0.15302146903013225], [0.21146361213256137, 0.2994086485292823, 0.09481354716885587, 0.39431419216930047], [0.18000199934684571, 0.46465111742482723, 0.13332342472519187, 0.22202345850313518], [0.1774909474667593, 0.4092897251501187, 0.07737924707009435, 0.33584008031302764], [0.23890810334527204, 0.3269013782640881, 0.15742743308985074, 0.2767630853007892], [0.13540983657198372, 0.17252097044078563, 0.5221132753235752, 0.16995591766365548], [0.1996090039861737, 0.3533826533442852, 0.21696823377089483, 0.2300401088986462], [0.3666743583465661, 0.1791405700384558, 0.10128281602362023, 0.3529022555913578], [0.12079669567981391, 0.15313861987550886, 0.6265782403034744, 0.09948644414120288], [0.22237012431886874, 0.3643247426228682, 0.11386744431903743, 0.29943768873922594], [0.15732558631787324, 0.5255757226083744, 0.06393109626827763, 0.25316759480547474], [0.2509870449103755, 0.302710182092258, 0.15967219295278928, 0.28663058004457714], [0.2178920995089407, 0.16932545813244468, 0.1414493843421279, 0.47133305801648684], [0.2431246659171754, 0.20393542266563436, 0.22815573331354444, 0.3247841781036459], [0.10549638624808039, 0.21283062564617974, 0.42436276355175157, 0.2573102245539883], [0.2867814650252286, 0.25379502257901654, 0.21846601831202675, 0.24095749408372813], [0.3648413864718672, 0.24203550867099674, 0.25826683023228275, 0.1348562746248534], [0.41012326136115396, 0.2511147428957088, 0.0989569449084153, 0.23980505083472217], [0.35742301551992034, 0.2977255090322286, 0.11546529963036364, 0.2293861758174874], [0.18692038137656744, 0.18906882895655025, 0.38653375837999243, 0.23747703128688974], [0.31088667815583926, 0.2830921898150633, 0.1529264922294078, 0.2530946397996898], [0.19587245417879992, 0.5003562664400145, 0.13546395126561955, 0.16830732811556598], [0.17021781886167084, 0.2939073712112662, 0.2920707110644872, 0.24380409886257587], [0.26196290026920815, 0.3344905060799978, 0.08542024469104789, 0.3181263489597462], [0.2530056853550345, 0.26741742786569717, 0.17798496109603168, 0.3015919256832367], [0.18960282751683405, 0.1708461101202463, 0.501855242514765, 0.13769581984815463], [0.27741170502589196, 0.40569209789423927, 0.13350023561747099, 0.18339596146239795], [0.15940008494714797, 0.421633779366327, 0.17451372962950362, 0.24445240605702134], [0.30428782268435633, 0.16950557754726586, 0.24404251789180714, 0.2821640818765707], [0.34354561663319166, 0.22246755636723917, 0.08904749566622727, 0.3449393313333418], [0.23841246659536142, 0.32893297975030694, 0.18081050018456532, 0.25184405346976635], [0.2632417123070847, 0.23927657747588105, 0.1325711052200251, 0.3649106049970092], [0.1948587335378275, 0.31204419763813945, 0.24826006528941746, 0.24483700353461568], [0.23379719498060042, 0.3821038377313665, 0.11058995649513219, 0.273509010792901], [0.10488183798513352, 0.214237822526391, 0.2045540476656963, 0.47632629182277914], [0.2092766762332348, 0.4228773209859457, 0.14264441574295564, 0.22520158703786383], [0.14117409944157827, 0.2437427976773435, 0.14283984268655714, 0.4722432601945213], [0.14355761072576154, 0.18177602684225974, 0.18181182247584493, 0.49285453995613376], [0.4020063274537711, 0.23334532691054705, 0.13102774957092783, 0.23362059606475394], [0.14285792273711564, 0.24492446386848823, 0.3016569623023551, 0.3105606510920411], [0.1980750616849593, 0.44765697538321886, 0.11565737264665625, 0.23861059028516574], [0.4971171606742389, 0.20666592941880835, 0.13767433549007918, 0.15854257441687367], [0.25429249271844223, 0.49106188678866325, 0.050838148523252386, 0.20380747196964222], [0.461929286708488, 0.26408437315823957, 0.0925468399798258, 0.18143950015344668], [0.2612359444729415, 0.31777610102670906, 0.1662377697654514, 0.254750184734898], [0.3550014351995412, 0.31865719923328734, 0.1281882713948709, 0.19815309417230073], [0.44165691562581166, 0.23752913893033317, 0.10244809098940443, 0.21836585445445067], [0.127625767649482, 0.18377381255778197, 0.17227024741309035, 0.5163301723796456], [0.2454757824877832, 0.18781339511342646, 0.21939997300259267, 0.3473108493961978], [0.35677342719030175, 0.19051912070579086, 0.1881845360065923, 0.2645229160973153], [0.33904211805614487, 0.27089906206173403, 0.1436024893527875, 0.24645633052933363], [0.22055892877797367, 0.4667611081037436, 0.11089327229703194, 0.20178669082125072], [0.3546621889276454, 0.29606791911348307, 0.11718330279713927, 0.23208658916173242], [0.22749401865068658, 0.22510180530666143, 0.21548480157559038, 0.33191937446706177], [0.12707211645100813, 0.4744412811583304, 0.09448043811357176, 0.3040061642770899], [0.18434938208237123, 0.24436775724146098, 0.13336205728150666, 0.4379208033946614], [0.16976192483541486, 0.34501598958401997, 0.300358471372927, 0.18486361420763792], [0.19748707552973996, 0.3905405260975112, 0.21228659334843747, 0.19968580502431135], [0.28791294639264525, 0.26045676386436534, 0.08873359788770077, 0.36289669185528883], [0.19811324163713184, 0.4438032712963679, 0.12005321776476773, 0.23803026930173268], [0.15793615581322215, 0.19200489919126312, 0.16355531013103863, 0.4865036348644763], [0.4065575430229149, 0.2025775944674275, 0.1877527760999099, 0.20311208640974765], [0.3573881384104609, 0.26283789839690724, 0.13855740707779163, 0.24121655611484027], [0.04223119034104989, 0.7869984056983899, 0.08344791089636382, 0.08732249306419637], [0.34188240889551025, 0.21663234356517597, 0.18118609088746837, 0.2602991566518454], [0.343170731064116, 0.2731449248642062, 0.14209402354992828, 0.24159032052174967], [0.29854517108129375, 0.3175321484934005, 0.18962662688691712, 0.1942960535383887], [0.25030879501192194, 0.30505952757327975, 0.22866812391022664, 0.2159635535045716], [0.26620557424898716, 0.24980559762753973, 0.2375853718260841, 0.24640345629738905], [0.26735325174524005, 0.1990282570072384, 0.18010351839485472, 0.3535149728526669], [0.2305271441770181, 0.2955431510792565, 0.11468742425798722, 0.35924228048573803], [0.13754642761716487, 0.22432680525275536, 0.27200491142966216, 0.36612185570041766], [0.1611488039554609, 0.3071909062522966, 0.25872509183102355, 0.27293519796121896], [0.344403077072907, 0.24662558892372322, 0.1790134350447555, 0.2299578989586142], [0.2356797660916004, 0.2952873367079393, 0.20914345196747144, 0.2598894452329889], [0.23048087129820477, 0.3528767021143815, 0.25689186646337286, 0.159750560124041], [0.2986907450904147, 0.27254248752419796, 0.11673551878355902, 0.3120312486018283], [0.30084273858899613, 0.21697349568864474, 0.2239014314955187, 0.2582823342268405], [0.16665840215867472, 0.46215622029933057, 0.18885617648889608, 0.18232920105309874], [0.13205222646638046, 0.3023431928936198, 0.07908485294988786, 0.486519727690112], [0.16557894612670895, 0.2785080357766212, 0.196281521262906, 0.3596314968337639], [0.39117825770634274, 0.22444110245268892, 0.18546734362135883, 0.19891329621960943], [0.16034536095307675, 0.3699588519936055, 0.16230303819272834, 0.30739274886058937], [0.38987485019190005, 0.2743326328753087, 0.15278166152172012, 0.18301085541107126], [0.1617942700167615, 0.536767877922681, 0.07790258354337558, 0.22353526851718195], [0.22147720693922465, 0.4762756013008191, 0.09225338483969314, 0.2099938069202631], [0.35051753714319434, 0.3544027879483652, 0.11241559104191333, 0.18266408386652724], [0.35864594009299433, 0.2520861473566311, 0.16325178319742267, 0.22601612935295207], [0.2514545423479251, 0.29691358715887756, 0.1872298942870774, 0.2644019762061201], [0.2119949452706456, 0.15953197966868066, 0.060053073500108856, 0.5684200015605648], [0.28333536153463423, 0.23510688119377132, 0.2085532084858058, 0.2730045487857886], [0.1414893438767645, 0.5138777617621878, 0.0861823570637273, 0.2584505372973205], [0.2811649213019895, 0.15313272924741705, 0.3291093266490567, 0.23659302280153685], [0.22669986244501017, 0.3464972939970821, 0.10131325723185367, 0.32548958632605407], [0.2292583696455883, 0.2657240873877287, 0.2136727676355704, 0.2913447753311126], [0.1567086848722774, 0.2138421561531287, 0.34288789098741823, 0.2865612679871756], [0.21936135568618095, 0.34995078891260895, 0.11441375720505902, 0.31627409819615093], [0.1349145073074033, 0.5633521104050246, 0.1460265619724136, 0.1557068203151584], [0.2632047682988847, 0.19340084527350873, 0.194941869953009, 0.3484525164745977], [0.2747555934691629, 0.23173225113797097, 0.22584193664735608, 0.26767021874551], [0.20485516012504668, 0.41170296703815784, 0.105945440619276, 0.27749643221751946], [0.2640036353904145, 0.17512196926410548, 0.39278294306022343, 0.16809145228525643], [0.21214904772309895, 0.30408990840893185, 0.1833840062751355, 0.3003770375928337], [0.1309621590348863, 0.2804042334253275, 0.43893627544805497, 0.1496973320917314], [0.0979714979611276, 0.7482710630071763, 0.03916477448036394, 0.11459266455133223], [0.23521436949541738, 0.2275583669182882, 0.21644914447180177, 0.32077811911449255], [0.21462233276068882, 0.2770196184558645, 0.21332346422842016, 0.2950345845550266], [0.3594545534002123, 0.34912157591636556, 0.11689348996101287, 0.1745303807224092], [0.3464676009577345, 0.2768902279325557, 0.16916707459065308, 0.2074750965190569], [0.2659361346689951, 0.3381784911032259, 0.19117466625138357, 0.20471070797639557], [0.2769109158105314, 0.17370329770433582, 0.1969654984755523, 0.3524202880095806], [0.21339877570986943, 0.2395850375343126, 0.16349716797052738, 0.38351901878529077], [0.4189285103886144, 0.2545029015707475, 0.22403273900367243, 0.10253584903696564], [0.26200483884301046, 0.21830495124546034, 0.2859650126679286, 0.2337251972436006], [0.267465293801983, 0.4318977276690452, 0.1254266949942055, 0.1752102835347663], [0.21768219972760577, 0.25791570351305976, 0.13275077639053787, 0.3916513203687966], [0.18613643453613918, 0.35939684759210266, 0.1325414774103465, 0.3219252404614117], [0.1659259421982432, 0.2017759340605288, 0.2706240326569505, 0.3616740910842776], [0.4554399917038086, 0.17799329071738726, 0.07834138770914165, 0.28822532986966254], [0.4952924702639471, 0.18492543123693775, 0.11154722379306489, 0.2082348747060502], [0.08150641109335567, 0.6015650655924037, 0.14397410392455293, 0.17295441938968759], [0.3065519336831979, 0.35000289839103155, 0.130735274355125, 0.21270989357064568], [0.1302420128197874, 0.1864869805274589, 0.5148357074399517, 0.16843529921280218], [0.21496029338039507, 0.2777450376638113, 0.19862719497141346, 0.30866747398438027], [0.14003660888190753, 0.4116515479370234, 0.1696418731417742, 0.2786699700392949], [0.273272977178519, 0.24049547063573634, 0.24079641919385478, 0.24543513299189007], [0.41087585437241586, 0.19756084628731865, 0.10873355038986525, 0.28282974895040036], [0.18157216630144377, 0.48386955588504693, 0.1690100319412316, 0.16554824587227768], [0.11907294363677215, 0.1929126214845601, 0.11663375609550085, 0.5713806787831669], [0.215973110080869, 0.5283596656957871, 0.10082418853724759, 0.15484303568609636], [0.4452900827819548, 0.28726238004489846, 0.09296774043656496, 0.1744797967365818], [0.3429301899997488, 0.17432676955591903, 0.18759031370071103, 0.2951527267436211]]}, "rewritten": {"ids": ["97106820", "97107040", "97107260", "97107920", "97111790", "97112300", "97116410", "97116500", "97116800", "98108410", "98109230", "98109311", "98112300", "98113881", "98117740", "99105921", "99107660", "99108000", "99108310", "99108330", "99108520", "99108580", "99108890", "99109141", "99110050", "99117630", "100109311", "100109360", "100109801", "100109910", "100117420", "100120780", "101108121", "101110150", "101110740", "101112160", "101117580", "102109850", "102110500", "102112030", "102112250", "102114270", "102121440", "103109791", "103110050", "103111170", "103111540", "104111830", "104113170", "104113210", "104114410", "104116441", "104116800", "105112240", "105113620", "105114220", "105115250", "105115900", "105116860", "105118230", "105119550", "105121370", "106111321", "106113260", "106114321", "106114880", "106116120", "106116820", "106119260", "106121190", "107114140", "107114321", "107114621", "107115140", "107118120", "107118780", "107121230", "107121640", "108113700", "108115500", "108115570", "108115870", "108115970", "108116070", "108116481", "108117360", "108118630", "108119510", "108120060", "108120280", "108121160", "109113281", "109113931", "109114220", "109115380", "109116040", "109116750", "109120540", "109121640", "110114720", "110115250", "110116290", "110116441", "110117500", "110118181", "110119030", "110119300", "110120531", "110120540", "110121720", "111114321", "111115770", "111116040", "111116110", "111116411", "111117480", "111117571", "111119300", "111119340", "111119610", "111120640", "111121410", "112116850", "112118511", "112118810", "112119320", "112119450", "112119580", "112120990", "113117550", "113118231", "113119120", "113119340", "113119450", "113120640", "113120830", "113121410", "113121810", "113122120", "113122150", "113122160", "113122320"], "labels": [1, 2, 2, 0, 2, 2, 3, 2, 0, 1, 1, 1, 2, 3, 2, 1, 3, 2, 2, 1, 2, 0, 0, 3, 3, 3, 1, 0, 0, 2, 2, 1, 0, 1, 3, 3, 3, 1, 3, 2, 0, 3, 2, 3, 3, 2, 1, 3, 3, 3, 1, 1, 1, 1, 0, 3, 2, 3, 2, 1, 1, 2, 0, 3, 2, 0, 1, 1, 1, 2, 2, 0, 0, 0, 3, 1, 0, 1, 0, 3, 3, 3, 2, 1, 0, 1, 1, 1, 1, 3, 2, 0, 1, 3, 3, 0, 0, 1, 0, 3, 1, 2, 3, 1, 1, 0, 1, 0, 1, 3, 1, 3, 0, 3, 0, 1, 3, 1, 3, 2, 0, 0, 0, 1, 3, 1, 3, 3, 2, 3, 3, 3, 0, 3, 0, 3, 0, 2, 1, 2, 3, 1], "predicted_labels": [0, 1, 2, 1, 3, 1, 1, 0, 1, 0, 0, 1, 0, 1, 3, 0, 3, 3, 3, 1, 1, 1, 3, 0, 1, 0, 3, 0, 3, 0, 3, 0, 1, 0, 1, 2, 0, 2, 3, 3, 3, 1, 3, 2, 1, 0, 0, 1, 0, 2, 0, 3, 0, 1, 3, 0, 0, 2, 1, 1, 1, 1, 3, 1, 1, 1, 2, 0, 2, 1, 0, 1, 1, 0, 1, 3, 3, 0, 0, 1, 1, 0, 3, 0, 3, 3, 3, 0, 1, 0, 0, 3, 3, 1, 1, 3, 1, 1, 1, 1, 2, 1, 1, 0, 3, 3, 0, 3, 2, 1, 1, 0, 2, 3, 0, 1, 1, 0, 1, 2, 2, 1, 3, 3, 3, 3, 1, 3, 1, 1, 3, 3, 0, 0, 2, 1, 3, 1, 3, 1, 0, 0], "confidence_scores": [[0.30689450944682606, 0.23511962487511517, 0.17924644259721167, 0.2787394230808472], [0.2729054149341614, 0.4006403693014792, 0.12110692003232333, 0.20534729573203594], [0.1720801490900898, 0.21558680351971085, 0.37025267572987364, 0.2420803716603257], [0.19036061411189062, 0.2739883601525246, 0.2726162586355985, 0.26303476709998624], [0.1774838991506595, 0.17846326969306034, 0.19764403961135169, 0.44640879154492846], [0.19434697362719006, 0.3068179905257822, 0.2072221413532055, 0.29161289449382227], [0.1772647732962272, 0.5357287601770293, 0.12121962018631408, 0.16578684634042928], [0.2987907401593404, 0.2798883587371919, 0.2565587855560945, 0.16476211554737322], [0.2866590472130805, 0.4156546521798056, 0.10427281305782111, 0.19341348754929288], [0.4504280191819722, 0.20078261153548743, 0.1592198611447042, 0.18956950813783627], [0.3736984894578444, 0.20029533373773648, 0.20387637876248635, 0.22212979804193284], [0.20752095520598404, 0.49473095913096216, 0.12957971483355987, 0.16816837082949396], [0.4671812846050767, 0.22330183675225684, 0.10551389286199335, 0.204002985780673], [0.27419444673888443, 0.4729804578584903, 0.09893594959954914, 0.15388914580307606], [0.2867157873648313, 0.2116055869290338, 0.19462023093019398, 0.307058394775941], [0.5048346252841734, 0.19762567733178033, 0.09189980143622596, 0.2056398959478203], [0.25799389873298095, 0.2743974893029683, 0.1606698442089641, 0.30693876775508677], [0.3062811324034378, 0.22031048521645283, 0.14918712545316307, 0.32422125692694614], [0.22793171653100772, 0.3087106339050541, 0.13862176738021434, 0.32473588218372385], [0.08716819017988173, 0.5649523831896279, 0.13730317518354038, 0.21057625144694986], [0.24993159550373611, 0.33419283407325234, 0.2097373257621497, 0.20613824466086186], [0.340397259439494, 0.3950943448168179, 0.11073691549063368, 0.15377148025305454], [0.09471940435183825, 0.25692393691423104, 0.1634161828012625, 0.48494047593266826], [0.31694172238342994, 0.23749116089700353, 0.18620378390258135, 0.2593633328169853], [0.2627036041838932, 0.3058101434198151, 0.25943297226105677, 0.17205328013523474], [0.5695890049117869, 0.13325723983550725, 0.05659922255017093, 0.24055453270253496], [0.23715030335390835, 0.17397091289119868, 0.08397057756845897, 0.5049082061864341], [0.2965682299798645, 0.2592686974462379, 0.1710832013706449, 0.2730798712032528], [0.2790683576921058, 0.19679634581819977, 0.14347461408839765, 0.38066068240129675], [0.36430519830292973, 0.27296064217599847, 0.13557989557614608, 0.2271542639449259], [0.14303575280781186, 0.23959779602251915, 0.3050331209333319, 0.312333330236337], [0.40017212167595867, 0.21390380344851417, 0.09631229908946128, 0.2896117757860658], [0.23675533051024625, 0.34682759384750494, 0.16029574831672966, 0.25612132732551923], [0.4601629156007511, 0.17027032350781227, 0.21665789242596037, 0.15290886846547624], [0.21817377820134076, 0.37342996924796534, 0.0891869850268775, 0.3192092675238165], [0.2092493103785381, 0.22797380108387186, 0.35400923238908333, 0.2087676561485068], [0.3181161682898655, 0.28226242752749336, 0.18246092517221787, 0.21716047901042332], [0.1281948439043142, 0.1618681506077779, 0.5857542822431727, 0.12418272324473519], [0.33028786445062425, 0.19270502586046648, 0.11214608535312641, 0.3648610243357832], [0.21495468107246984, 0.30006417480988046, 0.1297620221951187, 0.355219121922531], [0.22117499572413996, 0.23873710051078503, 0.19785378260028313, 0.34223412116479196], [0.1651928976426881, 0.33624634170799006, 0.32925585961143555, 0.1693049010378861], [0.22591324768190024, 0.2754379080049999, 0.17081237184265724, 0.32783647247044256], [0.17274132443330661, 0.28385434669881465, 0.3012046350051095, 0.24219969386276918], [0.2214564977153866, 0.509714956910279, 0.14464505090518423, 0.12418349446915022], [0.3579472708147903, 0.1624897868636596, 0.15222910945195944, 0.32733383286959067], [0.34366368816144055, 0.20001241702456501, 0.20778898203941035, 0.24853491277458417], [0.2003490216619643, 0.42045947406283, 0.16455376174855163, 0.2146377425266541], [0.4356469779523929, 0.2758515863021423, 0.09857426571939176, 0.1899271700260731], [0.19183795581371543, 0.12222357705122852, 0.4467801382903417, 0.23915832884471447], [0.504022241048259, 0.16588314780758057, 0.15623935263158714, 0.1738552585125734], [0.26524717697324796, 0.2276188547524996, 0.21467374213758467, 0.2924602261366677], [0.4595409817076174, 0.19027557528361208, 0.14724004776984898, 0.20294339523892146], [0.19735903112403771, 0.3173218473807865, 0.17927339273366266, 0.3060457287615132], [0.1847268783964166, 0.3036814385523415, 0.12685794955215648, 0.3847337334990855], [0.3057841560709848, 0.2570549011061662, 0.23518284784774846, 0.20197809497510066], [0.5401860461688318, 0.16789068200724944, 0.104793122871574, 0.18713014895234492], [0.17385597836237457, 0.20151783148673122, 0.3961500769581502, 0.22847611319274405], [0.21989975011565516, 0.4630263035366257, 0.21092095894205043, 0.10615298740566852], [0.2355319647014039, 0.2911406990641992, 0.20982926671849475, 0.26349806951590204], [0.26845905089357996, 0.3496310873018621, 0.11407406685655795, 0.2678357949479999], [0.19138392536290919, 0.48034971659654974, 0.09354351004124524, 0.2347228479992959], [0.26708690521787004, 0.16807318722319847, 0.17307395137395576, 0.39176595618497584], [0.26623622574573114, 0.34756300613207164, 0.09838883160607821, 0.2878119365161188], [0.2836501690112442, 0.34591428753392073, 0.23402842419645348, 0.1364071192583817], [0.1726644223795396, 0.5630673132686714, 0.11520064794160403, 0.14906761641018507], [0.2608190419161341, 0.260720242289891, 0.2886326895238554, 0.1898280262701195], [0.6839636968940188, 0.1580510040905133, 0.06433713946665318, 0.09364815954881464], [0.17004112388222178, 0.24636565917901618, 0.3716500935704607, 0.21194312336830146], [0.11215259623982439, 0.6796690857152156, 0.12466319384545917, 0.08351512419950068], [0.30426942472429913, 0.19828555109659493, 0.2673194299251767, 0.23012559425392923], [0.05701959139506528, 0.7759936597883479, 0.10742337487248232, 0.05956337394410444], [0.2508852026483715, 0.3749717075958368, 0.17858672921251237, 0.19555636054327932], [0.3700865934467449, 0.22579996571891225, 0.16915237473767059, 0.2349610660966723], [0.28539712295925357, 0.33492624959307526, 0.1180230284439434, 0.26165359900372787], [0.23370002876290102, 0.30353192336706525, 0.10868905925115753, 0.3540789886188764], [0.11106161271924928, 0.14979477780961944, 0.2809140988987514, 0.45822951057238004], [0.45165585360986205, 0.19234336840854357, 0.22100966813740536, 0.13499110984418897], [0.35176186190396447, 0.3357321693315019, 0.10197350564569417, 0.21053246311883947], [0.19147698562683227, 0.3517562992346604, 0.128061537948462, 0.32870517719004533], [0.24366762323695737, 0.31394529317828945, 0.1368528947605943, 0.3055341888241591], [0.3152029563023099, 0.18493503806841938, 0.19570234538142187, 0.3041596602478491], [0.12103209316084222, 0.2858514172075769, 0.10189034298693563, 0.49122614664464537], [0.34414923531727176, 0.2379162557566702, 0.17567213566677475, 0.24226237325928318], [0.3037366535415062, 0.23220978542761847, 0.13005604498255763, 0.33399751604831784], [0.27307417279455865, 0.24233622806308583, 0.1503992648475782, 0.33419033429477724], [0.20891143729606754, 0.2518757888366364, 0.1290920441771246, 0.41012072969017155], [0.3612664900225517, 0.18949449996684087, 0.1491397496717085, 0.30009926033889905], [0.2972531462015731, 0.31587297724804814, 0.16246174330318175, 0.22441213324719694], [0.48276018450610125, 0.16542651891216684, 0.05045752422531395, 0.30135577235641825], [0.41633983723427676, 0.28249210170280675, 0.10482447856109006, 0.19634358250182657], [0.2023059243533332, 0.1189563754270545, 0.049697285395161696, 0.6290404148244507], [0.21725444709400088, 0.17013235073820518, 0.07077174958681083, 0.5418414525809832], [0.2698761451078153, 0.4309182107892497, 0.10135989386594835, 0.1978457502369867], [0.12135904301500236, 0.39796089023014886, 0.1503868125931777, 0.3302932541616712], [0.18649235692460972, 0.2157114525111072, 0.21729148783825755, 0.3805047027260255], [0.19333618323665877, 0.5913987404172796, 0.1031110994806505, 0.11215397686541118], [0.28282501008657374, 0.32027521581008483, 0.13658454328412115, 0.2603152308192203], [0.3026518020621031, 0.3524086376893879, 0.1432435491413536, 0.20169601110715524], [0.13305052983327212, 0.4676461718285664, 0.1184163339477003, 0.2808869643904612], [0.27211151075482126, 0.23958716294657445, 0.27709381350329026, 0.21120751279531402], [0.24125339415002595, 0.28797000674670004, 0.2644427960086348, 0.20633380309463936], [0.3020054558498163, 0.30899834834080653, 0.15574904053176492, 0.23324715527761225], [0.37242021363753736, 0.28755484233714323, 0.14453669791674825, 0.19548824610857118], [0.33539260878422283, 0.17641692849085056, 0.11721546586744334, 0.3709749968574833], [0.26468575249615883, 0.1821338538846122, 0.222525056344362, 0.33065533727486696], [0.4210754876754474, 0.2694636038259951, 0.14914644171990982, 0.1603144667786476], [0.11589798022480036, 0.13570886796346565, 0.09956729703868249, 0.6488258547730514], [0.15552978076776186, 0.29215710870797307, 0.4099817881214377, 0.14233132240282756], [0.24697313758862918, 0.4221880479862016, 0.1230228532104467, 0.20781596121472276], [0.18419217988542572, 0.6495231666087001, 0.07319115563252626, 0.09309349787334803], [0.48195592121670733, 0.20838297878874806, 0.10371470274078125, 0.20594639725376337], [0.2595530413292841, 0.15952392450710712, 0.3054244873486429, 0.2754985468149659], [0.1209396126069926, 0.3044979464812839, 0.15523764041363872, 0.41932480049808474], [0.34379687612383736, 0.2690643554360644, 0.10386694972362027, 0.28327181871647805], [0.34931350901633945, 0.35140262354476753, 0.12699869495769164, 0.17228517248120132], [0.08656868348857134, 0.548648405311794, 0.04620843149427141, 0.3185744797053634], [0.4437415786054613, 0.34733267023366354, 0.06107883879145718, 0.14784691236941788], [0.23594203233628308, 0.29252598040532035, 0.19878268174231722, 0.27274930551607945], [0.2631689358212557, 0.25377306615388484, 0.26784460629718654, 0.21521339172767295], [0.24215824387394627, 0.26404442440268194, 0.29066501574387216, 0.20313231597949982], [0.30354252533749726, 0.3159087663912508, 0.14482692744494588, 0.2357217808263059], [0.1715781663298911, 0.20950485341262665, 0.16698499076186032, 0.451931989495622], [0.23719246674693145, 0.21824998040400867, 0.1979059390004144, 0.34665161384864557], [0.1625328924736167, 0.33984469037587794, 0.09034107342383121, 0.407281343726674], [0.18596498239414105, 0.2542351307624291, 0.20687787140441233, 0.3529220154390175], [0.1918737560771089, 0.45087487600277426, 0.1389113950501127, 0.21833997287000406], [0.1860827848876142, 0.279801838284904, 0.20825772167767487, 0.32585765514980713], [0.07390884206502597, 0.7027809723555839, 0.09158928035249009, 0.13172090522690003], [0.24134365814386036, 0.3529327674781078, 0.09590514501120607, 0.30981842936682585], [0.273047036868185, 0.15994765073193623, 0.1550571737476473, 0.4119481386522316], [0.2539213827153728, 0.14872304836515104, 0.23251924968597518, 0.36483631923350107], [0.3249521000413129, 0.22041868137429296, 0.18451545291261878, 0.2701137656717756], [0.3985740742884175, 0.1587743667809325, 0.20993408063003557, 0.23271747830061446], [0.1778586908114495, 0.18628539709633601, 0.43138811350348705, 0.2044677985887276], [0.21758780089296156, 0.4410197541875177, 0.1614956728835001, 0.17989677203602059], [0.2449710682940931, 0.30668525558956883, 0.11237655121711677, 0.3359671248992213], [0.17747826414859416, 0.44775634956608035, 0.19281051644053052, 0.1819548698447951], [0.16450258922645886, 0.21932111967324483, 0.11581105658580856, 0.5003652345144879], [0.1069450561573615, 0.45321983025403284, 0.21070682016261702, 0.22912829342598873], [0.3205397229045101, 0.2315621229248991, 0.24226747146528835, 0.20563068270530258], [0.354435786594259, 0.2790681353685086, 0.12181398018852929, 0.24468209784870332]]}}