{"test": {"ids": ["104110960", "106114150", "99112840", "102109850", "112120630", "97105580", "110120560", "103120290", "108120621", "103111540", "98116500", "110118880", "113118870", "103117200", "100108260", "97111790", "99109780", "99110730", "107116340", "101109370", "100112060", "112118421", "106111321", "107114321", "101111310", "111117120", "109120540", "105121190", "111121410", "106113360", "109116441", "112118550", "109113931", "112120640", "110115980", "107121540", "104111550", "110114321", "99111930", "105113480", "99113260", "113120601", "113122160", "109116040", "98110710", "110115710", "104118070", "105113210", "103112641", "98120010", "113121220", "97106820", "98110810", "112117580", "103113270", "104109311", "106119580", "112118701", "109120560", "101109000", "102112170", "109119591", "107112840", "99108330", "108115570", "111116990", "105113260", "108119330", "97107950", "98116940", "104113170", "111119610", "107113200", "101108580", "107113180", "100108490", "109119340", "107120880", "112119120", "102110050", "108116481", "98121790", "111119950", "109117730", "111116090", "112119950", "106116820", "111121351", "110114561", "105112130", "106117790", "112117431", "107120130", "106116441", "97106591", "106115120", "98112300", "103111480", "99119830", "99108890", "106114280", "113121750", "113122190", "112119580", "109116750", "112117790", "112116990", "105110091", "99107950", "109118161", "110116501", "100120780", "106116120", "108117360", "97116790", "110116300", "101119030", "109118701", "109113281", "97106970", "106116850", "113117401", "111116100", "103111990", "101113210", "103113210", "108113700", "113117630", "112120540", "108114360", "100120010", "111121220", "97108520", "100111390", "105117351", "99107500", "100108520", "103120340", "106118301", "112118161", "101111140", "104111711"], "labels": [2, 1, 2, 1, 3, 1, 0, 2, 1, 1, 2, 0, 0, 0, 3, 2, 2, 3, 3, 1, 2, 3, 0, 0, 3, 2, 1, 2, 0, 0, 3, 3, 1, 0, 1, 2, 1, 1, 1, 0, 0, 2, 3, 0, 2, 2, 2, 3, 3, 2, 3, 1, 1, 0, 2, 3, 3, 0, 1, 1, 3, 0, 1, 1, 3, 0, 3, 0, 2, 2, 3, 2, 0, 0, 3, 2, 3, 1, 1, 3, 0, 2, 0, 3, 3, 0, 1, 0, 0, 1, 1, 0, 2, 0, 1, 1, 2, 0, 1, 0, 3, 0, 1, 3, 0, 3, 0, 0, 1, 0, 3, 1, 1, 1, 2, 3, 3, 3, 0, 2, 3, 3, 3, 2, 3, 3, 0, 0, 3, 1, 0, 3, 2, 2, 0, 0, 2, 1, 1, 0, 2, 1], "predicted_labels": [1, 3, 3, 3, 3, 1, 3, 1, 1, 2, 0, 1, 1, 2, 2, 0, 1, 2, 0, 2, 3, 3, 0, 1, 1, 1, 0, 1, 1, 2, 3, 3, 0, 0, 3, 3, 1, 3, 3, 3, 1, 1, 1, 3, 3, 1, 1, 0, 1, 0, 0, 3, 3, 0, 3, 0, 1, 0, 0, 1, 0, 1, 0, 1, 3, 0, 3, 1, 1, 1, 0, 1, 1, 0, 3, 1, 3, 1, 3, 3, 1, 0, 1, 1, 3, 0, 3, 0, 0, 1, 1, 1, 3, 1, 1, 3, 1, 0, 3, 3, 0, 3, 2, 3, 2, 0, 0, 1, 1, 0, 3, 1, 3, 3, 3, 0, 3, 0, 2, 1, 1, 3, 0, 0, 0, 0, 1, 3, 0, 1, 0, 3, 1, 0, 1, 1, 2, 3, 2, 0, 3, 1], "confidence_scores": [[0.1893323757443091, 0.4685501840134614, 0.13237110287117296, 0.20974633737105655], [0.2143501743159827, 0.273862634757352, 0.1492922765901667, 0.3624949143364986], [0.1197178275058932, 0.3032716678971524, 0.13202162347826177, 0.44498888111869267], [0.18483438949592199, 0.26069573625720976, 0.1970972929031611, 0.3573725813437072], [0.2551404675386847, 0.26301173988115556, 0.1890970788418907, 0.2927507137382691], [0.1552894847942586, 0.5406535236418766, 0.0934101014484617, 0.21064689011540308], [0.27986066064009396, 0.11138799283102126, 0.15345078106292506, 0.45530056546595976], [0.1321417468332102, 0.38074002674442603, 0.15691910453385366, 0.3301991218885102], [0.316684916647276, 0.3716800669035749, 0.10097185730696666, 0.2106631591421825], [0.33292154149563746, 0.16102180197185062, 0.3523343974499049, 0.1537222590826069], [0.3801517560885516, 0.24298329306868494, 0.19078206038380788, 0.18608289045895574], [0.21079137368720866, 0.5400929372881578, 0.04122526484407894, 0.2078904241805545], [0.26398787453967604, 0.26474597722081594, 0.22357843971682173, 0.24768770852268648], [0.19088824850588182, 0.24958093542169169, 0.2910369825308087, 0.2684938335416181], [0.19634310756983944, 0.28488974291779173, 0.34401205916202326, 0.17475509035034564], [0.3954679183373531, 0.25236164420445567, 0.090250103135797, 0.2619203343223942], [0.23547010970340354, 0.33592374790087076, 0.17850723299605414, 0.25009890939967144], [0.2012584131396162, 0.2805721731041591, 0.3524502778293179, 0.16571913592690682], [0.6508809502086077, 0.09111076474006809, 0.03843187824365123, 0.21957640680767307], [0.23440963055312675, 0.2381593177513348, 0.2856470818791503, 0.2417839698163881], [0.2895301806402984, 0.26387863071547285, 0.15668056118559978, 0.2899106274586289], [0.2711276982778261, 0.28170014638200697, 0.13534434835968653, 0.31182780698048046], [0.31578143170523365, 0.17658312628351588, 0.22551681624888764, 0.28211862576236285], [0.25624034801685125, 0.3202522101846408, 0.11723814690961913, 0.30626929488888893], [0.15693489871249844, 0.5022865950673417, 0.1710377585298735, 0.16974074769028627], [0.15589583030408538, 0.4959344703309819, 0.10779157306096826, 0.2403781263039646], [0.5171916611981031, 0.15320790374978466, 0.1436041158866536, 0.1859963191654586], [0.20416619619916732, 0.3063193621453525, 0.2714029634360048, 0.2181114782194754], [0.2501901303300244, 0.31081490889728636, 0.21166805288403737, 0.2273269078886518], [0.19624727426545496, 0.26836365068229767, 0.31154867086224075, 0.22384040419000661], [0.3358909057683982, 0.1859992204359324, 0.08924652488167129, 0.3888633489139982], [0.2371040440551489, 0.2126990882670769, 0.15853432163212547, 0.3916625460456487], [0.4629235058612452, 0.2361659969416256, 0.09225008950756776, 0.20866040768956134], [0.3634493635992255, 0.24877904769436673, 0.12554122562026254, 0.26223036308614545], [0.2637354814999819, 0.2261407077099906, 0.20231786298229976, 0.30780594780772774], [0.2323924491535646, 0.13230186458002646, 0.29265477001095896, 0.34265091625545], [0.1917089608037127, 0.3160721990063105, 0.2163985448887996, 0.2758202953011773], [0.1620627830133711, 0.33060787783797535, 0.09495825412362079, 0.41237108502503267], [0.12389072588635434, 0.22526324980271578, 0.2903667310750281, 0.3604792932359019], [0.20377057070961055, 0.2737465050828367, 0.24614769993912386, 0.2763352242684289], [0.1895578209924476, 0.3847098577996467, 0.11798886050628589, 0.30774346070161984], [0.24868359136389834, 0.42219089225274953, 0.05842904847399681, 0.27069646790935525], [0.11626212467804659, 0.631621430458131, 0.07148959058450124, 0.18062685427932115], [0.2656983500771633, 0.2019128281033642, 0.13096648391008864, 0.4014223379093839], [0.17831394940343653, 0.28459261047824513, 0.13478850974980053, 0.40230493036851783], [0.15629325959725066, 0.38593250298768317, 0.23598921202024917, 0.22178502539481706], [0.1854763449666024, 0.29943125432893325, 0.2240311353167012, 0.2910612653877633], [0.345896607137646, 0.3302979473439024, 0.07483414774168928, 0.2489712977767623], [0.09598345666154104, 0.7317823253890201, 0.06364869336139137, 0.10858552458804757], [0.3890252617744084, 0.24174917368345447, 0.17151408888067582, 0.19771147566146136], [0.35901254976743613, 0.18052829296693532, 0.2295646754051198, 0.2308944818605087], [0.15995361110732378, 0.28867242465701715, 0.1129348560468868, 0.43843910818877224], [0.2044022926830798, 0.2545898561494327, 0.2478621478552401, 0.2931457033122476], [0.45377318233038555, 0.33300878667677597, 0.05459600273274537, 0.1586220282600931], [0.1996885614286797, 0.26791608663346933, 0.15306090623608193, 0.37933444570176905], [0.28198244912196924, 0.20896822154702133, 0.24915714269391825, 0.25989218663709135], [0.19118614347756846, 0.3080999769954203, 0.3036263762008429, 0.19708750332616842], [0.32924654826370225, 0.2226649870212961, 0.14372760265802423, 0.30436086205697765], [0.41417001967222555, 0.1928718400759953, 0.14006540582313362, 0.25289273442864546], [0.24395103057108017, 0.276636601715107, 0.2728615397682005, 0.2065508279456125], [0.3438915457200429, 0.15798897695490455, 0.16846349886201956, 0.3296559784630329], [0.2151712391845426, 0.3243735300227107, 0.1505999091706637, 0.309855321622083], [0.33466888119016014, 0.2526425633366816, 0.14425913054062625, 0.26842942493253225], [0.14316703577746231, 0.40243255178300885, 0.12570502286129054, 0.32869538957823824], [0.23550133390051056, 0.21867923642238396, 0.11685571539419666, 0.42896371428290875], [0.3923623331567644, 0.2986754622431376, 0.12646593614908389, 0.18249626845101427], [0.2701395818434936, 0.24434277924974462, 0.11169723209111272, 0.37382040681564893], [0.23157395789386018, 0.4005057385342253, 0.15333343933648558, 0.21458686423542905], [0.15566651301446346, 0.3917535796585566, 0.2526398042504198, 0.1999401030765601], [0.19113560287071973, 0.46723664602653203, 0.12446590439973243, 0.21716184670301594], [0.31420551897141175, 0.29668792343644457, 0.16499027052205428, 0.22411628707008935], [0.283019744488482, 0.3599305269229001, 0.16226134852976545, 0.19478838005885243], [0.19951206164451796, 0.4083406384765859, 0.110778151571447, 0.28136914830744914], [0.39749237114131014, 0.2792192960370004, 0.13059445658635985, 0.19269387623532966], [0.20050925099437647, 0.15034032570903658, 0.2243566088385192, 0.4247938144580676], [0.18569308228768344, 0.3930769128544482, 0.14058961360493927, 0.2806403912529293], [0.22885309411909582, 0.1620622937598546, 0.17333243542200552, 0.4357521766990441], [0.11797183493178184, 0.37467138658181454, 0.1370471743422858, 0.3703096041441179], [0.17487848988945934, 0.19277827403198824, 0.10211615877562537, 0.530227077302927], [0.24703218620013584, 0.28140222912258106, 0.12127347899925, 0.3502921056780331], [0.27889059485707396, 0.40107130509408484, 0.05088955685843893, 0.2691485431904024], [0.4311318935359924, 0.23294212035221912, 0.10475067264848249, 0.23117531346330586], [0.18475923516986598, 0.3686877137990224, 0.26649459201356207, 0.1800584590175495], [0.21801619021691343, 0.3273939999117477, 0.25209868754164527, 0.20249112232969346], [0.20486669071141778, 0.22281372319654122, 0.1681404445013055, 0.40417914159073554], [0.40305654298354066, 0.2293410937030857, 0.11755395368801931, 0.25004840962535435], [0.3405977790687288, 0.19437982025030118, 0.10789397671693575, 0.3571284239640343], [0.34687928027921144, 0.2573377986109561, 0.18296853037291555, 0.21281439073691713], [0.4340135454649434, 0.24140531265269652, 0.12331018565654282, 0.2012709562258173], [0.14160841199732954, 0.5706015146103559, 0.10835528968200928, 0.17943478371030533], [0.21386360079394579, 0.34338166075843174, 0.17292070077967683, 0.2698340376679455], [0.20653889895244765, 0.31124192529880207, 0.19256453289105294, 0.2896546428576973], [0.24818433295168327, 0.252073563437212, 0.11818313114991331, 0.38155897246119136], [0.19154161382376222, 0.48632198142066646, 0.1302724978401779, 0.19186390691539368], [0.09579045427821234, 0.39401730072161245, 0.19220288912068734, 0.3179893558794877], [0.19363693732530268, 0.27480929067461474, 0.12614730661826298, 0.4054064653818198], [0.25027722203712305, 0.45384490001510625, 0.07416647155219523, 0.22171140639557538], [0.5460456378639827, 0.14011641002700254, 0.09438242664888118, 0.2194555254601336], [0.20586112589061392, 0.1698957727637336, 0.10036839629788516, 0.5238747050477672], [0.20256701323073295, 0.2748498193204589, 0.15760656190731676, 0.36497660554149153], [0.39201087670216517, 0.15572957729605102, 0.1338130341776914, 0.31844651182409267], [0.30655811341432304, 0.2806383710853227, 0.08497728762219751, 0.32782622787815674], [0.14991408623274527, 0.30988519296000544, 0.34809333511713997, 0.1921073856901092], [0.20565337128415595, 0.2974236940121461, 0.0924217913110615, 0.4045011433926365], [0.18280752759427063, 0.30441532770271096, 0.3920327003494768, 0.12074444435354165], [0.3292909823815997, 0.197416007099681, 0.1577098413671326, 0.3155831691515868], [0.2850075245398259, 0.2793790144097192, 0.22494105365014663, 0.21067240740030813], [0.15011091943067456, 0.3969295194194429, 0.14817809266541576, 0.3047814684844669], [0.1376663181399413, 0.3590186650265589, 0.20653692991220002, 0.2967780869212999], [0.3681752240586907, 0.3064385535402836, 0.10729508570780887, 0.21809113669321697], [0.13593868623428693, 0.21019989733861844, 0.12107041109513521, 0.5327910053319594], [0.23527677367966632, 0.344901301575588, 0.23573217379308728, 0.18408975095165853], [0.16508594061456375, 0.3053137281110186, 0.11807796362242014, 0.41152236765199757], [0.12042046019299427, 0.3624687834388437, 0.1298175394977718, 0.3872932168703902], [0.2059693597397248, 0.319206878912901, 0.1268704072763133, 0.34795335407106076], [0.3088100548897185, 0.2982135032298025, 0.18548390501477008, 0.20749253686570912], [0.16237113344301413, 0.20095282959839414, 0.1939406065256747, 0.4427354304329171], [0.48344725414947853, 0.2004200235923243, 0.16265835195932293, 0.15347437029887417], [0.2206777574469658, 0.23887970048151969, 0.2980168375913465, 0.24242570448016815], [0.1425566811227911, 0.4699633203093037, 0.25459532053389317, 0.1328846780340121], [0.1363062909362333, 0.6139442597701488, 0.08991217990244293, 0.1598372693911751], [0.18637360175236756, 0.15024688310248863, 0.07737000171264388, 0.5860095134325001], [0.38395987398606624, 0.25944172527730464, 0.13055992440965908, 0.22603847632697024], [0.34788774577311976, 0.33846514857891496, 0.11529394464690486, 0.1983531610010603], [0.3231724075600655, 0.1962794411655888, 0.22875793180943324, 0.2517902194649124], [0.3133914878781679, 0.17068857868378093, 0.22909136487023898, 0.2868285685678122], [0.24309400246524393, 0.41131022575117004, 0.1186192551982498, 0.22697651658533635], [0.16125744203327663, 0.3348435176817845, 0.14787009530490405, 0.3560289449800349], [0.35914166557915456, 0.3238731987031495, 0.14222075775038462, 0.17476437796731134], [0.19257593378918134, 0.3286856073111044, 0.21393721218321698, 0.26480124671649713], [0.30043204069299856, 0.22355826205873489, 0.22331342262940426, 0.25269627461886235], [0.20225219933318786, 0.17004766768182317, 0.07764919645804882, 0.5500509365269403], [0.21851313815638548, 0.4001220237726205, 0.12177932067903498, 0.259585517391959], [0.4062807954399186, 0.16523583567399872, 0.1874731338486812, 0.24101023503740146], [0.1978372185114182, 0.3521396858214556, 0.17425855395306916, 0.27576454171405695], [0.28692152428878787, 0.3483208091761267, 0.12104766663282637, 0.24370999990225928], [0.18438762911067608, 0.1610076525700947, 0.4430741990496756, 0.2115305192695535], [0.20666508118551463, 0.21128660486473763, 0.19306442283028527, 0.38898389111946235], [0.1799007419633023, 0.17592714167094017, 0.4668487753052761, 0.1773233410604814], [0.3967285563432915, 0.21544208462825867, 0.10400045521039747, 0.28382890381805254], [0.28724761650834874, 0.2673151255692022, 0.15426339719570092, 0.29117386072674806], [0.20390523123355295, 0.4067805253104841, 0.1293635534423158, 0.25995069001364746]]}, "rewritten": {"ids": ["97105580", "97106591", "97106820", "97106970", "97107950", "97108520", "97111790", "97116790", "98110710", "98110810", "98112300", "98116500", "98116940", "98120010", "98121790", "99107500", "99107950", "99108330", "99108890", "99109780", "99110730", "99111930", "99112840", "99113260", "99119830", "100108260", "100108490", "100108520", "100111390", "100112060", "100120010", "100120780", "101108580", "101109000", "101109370", "101111140", "101111310", "101113210", "101119030", "102109850", "102110050", "102112170", "103111480", "103111540", "103111990", "103112641", "103113210", "103113270", "103117200", "103120290", "103120340", "104109311", "104110960", "104111550", "104111711", "104113170", "104118070", "105110091", "105112130", "105113210", "105113260", "105113480", "105117351", "105121190", "106111321", "106113360", "106114150", "106114280", "106115120", "106116120", "106116441", "106116820", "106116850", "106117790", "106118301", "106119580", "107112840", "107113180", "107113200", "107114321", "107116340", "107120130", "107120880", "107121540", "108113700", "108114360", "108115570", "108116481", "108117360", "108119330", "108120621", "109113281", "109113931", "109116040", "109116441", "109116750", "109117730", "109118161", "109118701", "109119340", "109119591", "109120540", "109120560", "110114321", "110114561", "110115710", "110115980", "110116300", "110116501", "110118880", "110120560", "111116090", "111116100", "111116990", "111117120", "111119610", "111119950", "111121220", "111121351", "111121410", "112116990", "112117431", "112117580", "112117790", "112118161", "112118421", "112118550", "112118701", "112119120", "112119580", "112119950", "112120540", "112120630", "112120640", "113117401", "113117630", "113118870", "113120601", "113121220", "113121750", "113122160", "113122190"], "labels": [1, 1, 1, 2, 2, 2, 2, 2, 2, 1, 2, 2, 2, 2, 2, 0, 1, 1, 0, 2, 3, 1, 2, 0, 1, 3, 2, 2, 2, 2, 0, 1, 0, 1, 1, 2, 3, 3, 3, 1, 3, 3, 0, 1, 2, 3, 3, 2, 0, 2, 1, 3, 2, 1, 1, 3, 2, 0, 1, 3, 3, 0, 0, 2, 0, 0, 1, 3, 1, 1, 0, 1, 3, 1, 1, 3, 1, 3, 0, 0, 3, 2, 1, 2, 0, 1, 3, 0, 1, 0, 1, 0, 1, 0, 3, 0, 3, 0, 3, 3, 0, 1, 1, 1, 0, 2, 1, 3, 3, 0, 0, 3, 3, 0, 2, 2, 0, 3, 0, 0, 0, 0, 0, 3, 0, 3, 3, 0, 1, 3, 0, 3, 3, 0, 3, 0, 0, 2, 3, 0, 3, 1], "predicted_labels": [1, 3, 3, 1, 0, 1, 0, 3, 3, 2, 3, 0, 1, 0, 0, 0, 2, 1, 3, 1, 1, 3, 3, 1, 0, 1, 1, 2, 3, 3, 2, 1, 0, 1, 1, 3, 1, 0, 3, 3, 1, 3, 2, 0, 1, 3, 1, 1, 1, 1, 0, 0, 1, 3, 0, 1, 1, 1, 1, 0, 3, 0, 1, 1, 3, 1, 3, 3, 3, 2, 1, 1, 1, 3, 2, 1, 1, 1, 3, 1, 1, 3, 3, 2, 1, 3, 3, 1, 2, 3, 1, 0, 0, 3, 0, 1, 1, 3, 1, 3, 3, 0, 0, 3, 1, 2, 0, 0, 3, 3, 0, 1, 1, 1, 3, 1, 1, 3, 3, 1, 1, 3, 1, 0, 1, 3, 3, 3, 3, 3, 0, 3, 1, 0, 1, 1, 0, 3, 3, 3, 1, 1], "confidence_scores": [[0.1620236905166124, 0.46719507985581643, 0.12610596903628643, 0.24467526059128494], [0.2142231428600046, 0.21061134794103417, 0.20371416919864488, 0.3714513400003165], [0.20588167839368404, 0.20623417766033383, 0.1116017113345757, 0.47628243261140635], [0.1657394985340682, 0.324357756908489, 0.2792808904996908, 0.23062185405775187], [0.2774609962345451, 0.2540519052043227, 0.275919896710226, 0.1925672018509063], [0.2737977270690286, 0.30069238980443086, 0.1680665533977551, 0.2574433297287855], [0.4293429450227504, 0.22362897585992428, 0.08893227994207857, 0.2580957991752467], [0.20244335337926014, 0.26185919548444375, 0.22911603741014028, 0.3065814137261558], [0.2402048888325805, 0.15352588412832852, 0.1864610817595407, 0.4198081452795503], [0.15305213296236683, 0.2020944841025847, 0.3292559169928235, 0.315597465942225], [0.29225021872552887, 0.288785436291708, 0.1043188209727777, 0.31464552400998536], [0.4768627615079323, 0.19051733172566204, 0.17743083672688406, 0.15518907003952162], [0.21473861253506743, 0.3312935231460339, 0.19243951723077832, 0.26152834708812056], [0.3821186989327636, 0.2374572779532263, 0.16846911224425173, 0.21195491086975835], [0.34519312649134387, 0.31244384469291325, 0.1443126179696337, 0.19805041084610917], [0.4875430752696488, 0.25251370686065894, 0.08747558993746869, 0.17246762793222364], [0.09904634722493846, 0.32493928047277926, 0.3941678482762876, 0.18184652402599477], [0.1975284065743988, 0.39621953944414195, 0.19699810468117102, 0.20925394930028832], [0.22145053237500542, 0.2772088925328085, 0.1759995662024031, 0.32534100888978307], [0.1869128507933513, 0.34667052068363213, 0.2261914193993872, 0.24022520912362935], [0.2411365419970472, 0.2747988630324232, 0.272996479899779, 0.2110681150707507], [0.1309741118582897, 0.20212952626647374, 0.23749101194858924, 0.42940534992664736], [0.1440721499342154, 0.2705599138011618, 0.11559765190818232, 0.4697702843564403], [0.20032784142666457, 0.38664621504732966, 0.16140527855848025, 0.25162066496752544], [0.4862306537749611, 0.22570116236888624, 0.10384027395457346, 0.18422790990157936], [0.3119752320242085, 0.31509842541124616, 0.18892205491002073, 0.18400428765452456], [0.13020680562310108, 0.5535276298266878, 0.13837260830005838, 0.17789295625015286], [0.18999603976592375, 0.22003683980279226, 0.3795563004192811, 0.2104108200120028], [0.2754404172551948, 0.2625169775848634, 0.11073302549694551, 0.35130957966299625], [0.2404381488517649, 0.26208245897804977, 0.13934934964682147, 0.35813004252336383], [0.12899409799408482, 0.13198226795914594, 0.4246316491938308, 0.3143919848529384], [0.18455921573874062, 0.3205092502973522, 0.24510453330698023, 0.24982700065692706], [0.40170356733644064, 0.17797220868047733, 0.13202543577274534, 0.2882987882103367], [0.2148158460271132, 0.32677917204984797, 0.18659952273312605, 0.27180545918991295], [0.24788325618682197, 0.3094170201464933, 0.18298936619747286, 0.25971035746921184], [0.21008023551673558, 0.24981253686141563, 0.1352264705269519, 0.404880757094897], [0.14155071742986994, 0.6495088884173954, 0.11481050921287816, 0.0941298849398566], [0.3002615145484731, 0.2265347269439979, 0.2647854399330048, 0.20841831857452434], [0.2593287358004349, 0.2095753415948866, 0.20970405626502492, 0.32139186633965366], [0.11274433482782793, 0.20201639371692107, 0.2545848893453929, 0.43065438210985824], [0.2511230941481663, 0.3198961932333709, 0.14554105399867012, 0.2834396586197926], [0.31901274985237904, 0.23371877587894926, 0.11579880131997969, 0.3314696729486921], [0.22737326434607588, 0.20489202420649458, 0.2861412990213261, 0.2815934124261035], [0.3871658100590947, 0.19692413273477866, 0.1971999979261915, 0.21871005927993528], [0.19663727935562644, 0.3387664214144153, 0.15368122681108548, 0.31091507241887295], [0.3035824803360729, 0.22577931391607087, 0.1364844541637533, 0.33415375158410304], [0.19115410053328388, 0.42964655874995616, 0.18714339957570844, 0.19205594114105157], [0.10766411662799222, 0.4494792034044088, 0.13896851102557176, 0.30388816894202714], [0.2150429086138404, 0.34154822141857305, 0.19450148247143806, 0.2489073874961485], [0.17336538972877774, 0.34983884486261785, 0.2056971373068099, 0.2710986281017945], [0.321010489196116, 0.21547111736244623, 0.21643196427974298, 0.24708642916169476], [0.3092268257352057, 0.22919023418226545, 0.1903200257743702, 0.2712629143081587], [0.15436951006767088, 0.38474480282915074, 0.16389047041963603, 0.29699521668354223], [0.1832765848437897, 0.28452817704536404, 0.22214143195523842, 0.310053806155608], [0.38369179382033985, 0.20909888590989464, 0.18754669202405413, 0.21966262824571156], [0.23810235131874147, 0.3432218781231603, 0.1967174223635191, 0.22195834819457927], [0.2169612929060443, 0.3384248619320775, 0.1515161842762655, 0.2930976608856126], [0.15897549603469244, 0.44231513690837965, 0.11396621055336269, 0.2847431565035652], [0.21185108283740067, 0.4482651049498864, 0.11589949237704428, 0.22398431983566866], [0.34112766404802086, 0.2722665603801821, 0.08840237854112981, 0.29820339703066717], [0.20342290005650512, 0.19314515548376887, 0.12870376902621947, 0.4747281754335066], [0.2727992101123866, 0.24047966699720524, 0.23941245860804683, 0.24730866428236148], [0.22221173963865212, 0.3363332339321165, 0.19611749510924076, 0.24533753131999073], [0.11642272599743038, 0.4277112598277635, 0.205491374954658, 0.25037463922014824], [0.16998828516554174, 0.17119717433884676, 0.18615550166608635, 0.47265903882952515], [0.15687360273126555, 0.30725744782426395, 0.2599988480947858, 0.27587010134968487], [0.2260050111384871, 0.2574786744020579, 0.1261936479260056, 0.3903226665334495], [0.1942766246941948, 0.3143590916974633, 0.1504123401110954, 0.34095194349724656], [0.1976502962049803, 0.25977883929001466, 0.12876186156917763, 0.41380900293582734], [0.10743396490917227, 0.2159437085567363, 0.4472021667169214, 0.22942015981716987], [0.17225016870474594, 0.4211820709697361, 0.08750823947823802, 0.3190595208472799], [0.23828510590524069, 0.4150693114096939, 0.113417317416385, 0.2332282652686804], [0.14242186210416022, 0.5186687269816407, 0.19089422946317014, 0.148015181451029], [0.21741758489762794, 0.2781882451939535, 0.15593887435087608, 0.3484552955575425], [0.21504819201230876, 0.17154363429494385, 0.44153310793994666, 0.17187506575280073], [0.10200523012976988, 0.37021194885197906, 0.2048088296885209, 0.32297399132973037], [0.2906500413774759, 0.444669713709466, 0.09860156075373748, 0.16607868415932076], [0.2405288188633338, 0.30649629034763504, 0.2087473107856721, 0.24422758000335934], [0.17821344931805375, 0.34084336497764983, 0.09246691215569804, 0.3884762735485984], [0.17975632108259726, 0.4176575424865815, 0.13637695007447664, 0.2662091863563447], [0.29378345363968483, 0.39141392132805025, 0.1471964838580155, 0.16760614117424952], [0.21963283289547764, 0.2772511424346823, 0.12734671336600423, 0.37576931130383584], [0.13616141457216907, 0.3555229747153366, 0.09111402095944925, 0.4172015897530451], [0.26136137216308364, 0.25743354398885143, 0.3059245388906588, 0.17528054495740622], [0.15785474044138, 0.3155531378287549, 0.23387597617227124, 0.29271614555759395], [0.15923731804316194, 0.22463298662416298, 0.1918271334122719, 0.42430256192040333], [0.21584489166244136, 0.21368881109597182, 0.2666749159843377, 0.303791381257249], [0.22975667505670724, 0.4657214886407377, 0.06610264471771055, 0.23841919158484445], [0.12755809893039724, 0.27830830966788134, 0.33053972311408314, 0.2635938682876383], [0.181365478147033, 0.3207905174449451, 0.12008860060999159, 0.37775540379803024], [0.2499349437790084, 0.4040615162589583, 0.10027141006444559, 0.24573212989758772], [0.270224955505074, 0.21012712424056126, 0.26624707933838687, 0.2534008409159777], [0.30889832212893786, 0.26712525790393227, 0.1417110516865167, 0.2822653682806132], [0.2120035862692797, 0.19144257469033873, 0.07113276356166334, 0.5254210754787182], [0.36503180668794954, 0.2633307276929886, 0.11550022039604188, 0.25613724522302006], [0.1805949758655829, 0.4336945272175036, 0.2664274438561683, 0.11928305306074542], [0.267548766728558, 0.32037834589245007, 0.17389002543074544, 0.23818286194824667], [0.31450124868416723, 0.24531300491408578, 0.11504264619082986, 0.3251431002109169], [0.20449904625926782, 0.38354933272087094, 0.19456662991402787, 0.21738499110583342], [0.2730381319411915, 0.22057826180984133, 0.1189985434186632, 0.38738506283030405], [0.11673725823792976, 0.2986287065990746, 0.09899408542147749, 0.4856399497415183], [0.37823167944516645, 0.2374505052410466, 0.18345478727181108, 0.20086302804197595], [0.3804908786836094, 0.20964913358122073, 0.1547415901369552, 0.25511839759821464], [0.26751423413893904, 0.23429723066315764, 0.0838902572464756, 0.41429827795142754], [0.28647810814695623, 0.28752072526997263, 0.15086704987500948, 0.2751341167080617], [0.13920807262610574, 0.15429759600092935, 0.419507707781339, 0.286986623591626], [0.3366244677700147, 0.2897479743861843, 0.1523694573901281, 0.22125810045367283], [0.3672403283289147, 0.2167575238803118, 0.29575098088574864, 0.12025116690502491], [0.19588389520365151, 0.22336090137585066, 0.1524522783641446, 0.4283029250563532], [0.15812933164720255, 0.3580912134625838, 0.050317191181846174, 0.43346226370836743], [0.36900838871564423, 0.1636292252486124, 0.2968644239027499, 0.17049796213299342], [0.28505976596054505, 0.3162025066246302, 0.14396655612397247, 0.2547711712908523], [0.2699288205345804, 0.36546657095319535, 0.12894652823939176, 0.23565808027283244], [0.17375263914451294, 0.5226460203944092, 0.058790191357544826, 0.24481114910353297], [0.23078591197836526, 0.2515796125222428, 0.14506915124727282, 0.37256532425211913], [0.2528270538459166, 0.37001393099245034, 0.1170320824539976, 0.26012693270763565], [0.27906692172525116, 0.31153997865182625, 0.21809929906523326, 0.19129380055768938], [0.2082620935285156, 0.3328062897253766, 0.12607220522936055, 0.33285941151674714], [0.2747201386059609, 0.2283001294278229, 0.19644610359857143, 0.3005336283676449], [0.20940825015165845, 0.3952543627541616, 0.17886694132600864, 0.21647044576817134], [0.2818774138335605, 0.31447888841626426, 0.11079922405810498, 0.2928444736920703], [0.12846063494924248, 0.22431941944362516, 0.05673399883481567, 0.5904859467723166], [0.2029547220119632, 0.5684749477174943, 0.07981310796305424, 0.14875722230748828], [0.3595957236320163, 0.16559497530249612, 0.13212613537872303, 0.3426831656867646], [0.2670022552538435, 0.4244343016411878, 0.10858227671611813, 0.19998116638885063], [0.18978645409323044, 0.20333095838306808, 0.09538784135842612, 0.5114947461652753], [0.26605639887893595, 0.28888207788551423, 0.0718193855062321, 0.37324213772931775], [0.1943348250753347, 0.31189074321074234, 0.12207869466928795, 0.3716957370446351], [0.267751133959668, 0.17467437134493888, 0.12799031901354802, 0.42958417568184526], [0.22779198028561362, 0.19872264804974363, 0.14131653922459544, 0.43216883244004733], [0.44255527536641753, 0.18732615762344212, 0.12563328325996234, 0.24448528375017803], [0.12756455902017177, 0.29936320231281466, 0.12622002174640432, 0.4468522169206091], [0.25997925940749533, 0.2795254398669779, 0.19074502179003514, 0.26975027893549175], [0.4764286409480376, 0.15079583102759175, 0.09495696987800802, 0.2778185581463626], [0.2562275368007707, 0.30556885290784336, 0.1400959453275162, 0.2981076649638697], [0.26634771353043557, 0.34850846772405003, 0.13081201383566207, 0.25433180490985235], [0.47739346801642546, 0.3208272381734234, 0.07972476294992077, 0.12205453086023038], [0.0900748702100559, 0.27003153699956745, 0.03981617852070319, 0.6000774142696734], [0.19254521854911122, 0.23053170233843218, 0.11005059195292784, 0.4668724871595289], [0.242046696322108, 0.3167998116737986, 0.08641701938345771, 0.3547364726206357], [0.247452932889476, 0.3029486422700032, 0.2104346197196178, 0.23916380512090307], [0.1491389198747032, 0.37999891202133784, 0.24204412824910704, 0.2288180398548521]]}}