{"test": {"ids": ["113117550", "111117000", "113122120", "104113550", "103111110", "113119930", "107112840", "109116810", "102110690", "112118161", "113120070", "97107681", "113119320", "104116800", "104116980", "113117340", "105113440", "111118910", "110118181", "111115780", "97108520", "103120340", "113118231", "111119340", "111119580", "112118860", "98107340", "109117080", "98121790", "109119460", "108120621", "106118520", "109118161", "111117200", "104114410", "100116790", "106118301", "101112540", "107120130", "112120270", "105112100", "104111620", "98108970", "99109780", "108119330", "101111210", "110119300", "107119130", "104118070", "108119550", "106115250", "108114670", "99111930", "102121440", "99107500", "110118301", "98107010", "104114240", "106118161", "107118820", "105117200", "108113760", "107113840", "103109641", "107114780", "108115500", "107116300", "107120260", "101108080", "108115070", "103113610", "102109840", "113121010", "100113210", "105113190", "104111880", "105115680", "100108580", "101109120", "98108370", "105115250", "97105580", "111120320", "112117660", "108120280", "113122510", "103113260", "106113260", "98120530", "99116500", "100109910", "104111990", "113121190", "100109000", "109117630", "99108710", "112117471", "99107630", "98113881", "108115250", "112120290", "102110890", "97114170", "104110960", "113122190", "108114040", "107113260", "108113740", "103118291", "97113260", "99121440", "112118701", "109114270", "110121170", "108118810", "113120260", "101119030", "110118740", "97106600", "103109791", "108114220", "104111711", "105112240", "97106820", "110117110", "108115870", "100117420", "113122230", "108115970", "112119930", "110114561", "98116500", "99109311", "111115770", "113119120", "113121220", "100108520", "108116120", "111121351", "113120830", "112116540", "102110050"], "labels": [3, 0, 1, 1, 3, 1, 1, 3, 0, 0, 2, 3, 1, 1, 1, 2, 0, 0, 1, 1, 2, 1, 3, 3, 3, 3, 0, 1, 2, 1, 1, 2, 0, 0, 1, 2, 1, 2, 2, 0, 1, 0, 3, 2, 0, 2, 1, 1, 2, 1, 2, 3, 1, 2, 0, 1, 3, 0, 3, 3, 3, 1, 3, 1, 2, 3, 0, 1, 0, 1, 2, 2, 2, 0, 3, 3, 2, 0, 1, 1, 2, 1, 1, 0, 3, 2, 3, 3, 1, 2, 2, 2, 1, 1, 0, 2, 3, 2, 3, 1, 1, 0, 2, 2, 1, 0, 0, 3, 0, 1, 2, 0, 3, 2, 1, 3, 3, 3, 3, 3, 3, 1, 1, 1, 0, 3, 2, 1, 2, 1, 0, 2, 1, 3, 3, 3, 2, 1, 0, 3, 1, 3], "predicted_labels": [3, 3, 1, 0, 0, 3, 1, 3, 3, 0, 1, 1, 1, 3, 3, 3, 1, 3, 1, 3, 1, 2, 1, 3, 0, 3, 2, 1, 2, 3, 3, 2, 1, 0, 3, 1, 0, 1, 1, 0, 3, 0, 1, 2, 3, 3, 3, 1, 3, 1, 1, 1, 0, 1, 1, 3, 0, 3, 0, 1, 2, 2, 1, 3, 1, 0, 1, 1, 0, 1, 1, 1, 1, 3, 3, 3, 1, 3, 0, 0, 0, 1, 2, 3, 3, 3, 3, 1, 3, 1, 2, 1, 0, 3, 3, 1, 0, 3, 1, 3, 3, 3, 3, 3, 2, 1, 3, 0, 0, 2, 1, 3, 3, 3, 1, 3, 3, 0, 0, 0, 0, 3, 0, 3, 0, 3, 3, 2, 1, 3, 1, 3, 1, 3, 3, 3, 3, 0, 1, 2, 3, 2], "confidence_scores": [[0.0014777338604664496, 0.00022833327631061208, 0.009379398848397565, 0.9889145340148253], [0.03050716092132418, 0.38003653407791477, 0.0008711928051641428, 0.5885851121955968], [0.11420837125811317, 0.7940067286019333, 0.06256515292445722, 0.029219747215496215], [0.795718134866083, 0.013102650580875085, 0.005332786496033378, 0.18584642805700843], [0.7852781312899973, 0.0013637578371749775, 0.0007770977271515982, 0.21258101314567604], [0.016295523036035646, 0.28104851889556415, 0.04712951516539559, 0.6555264429030047], [0.0005676828040260408, 0.6522171306215669, 0.03103576027739474, 0.3161794262970122], [0.09831445693308061, 0.05796026975032259, 0.00020358121284725533, 0.8435216921037495], [0.02889235546086897, 0.00011533721449022957, 0.019510228937327425, 0.9514820783873135], [0.9336801924799731, 0.05500872188497569, 0.0022557614945201555, 0.009055324140530872], [0.0004974675987945939, 0.8431956737772428, 0.006740494776441738, 0.14956636384752092], [0.2148433051399944, 0.56879980788723, 0.19989145243494758, 0.016465434537828064], [0.25785474375827183, 0.6417636789525198, 0.023330702541191396, 0.07705087474801693], [0.008428684031958908, 0.005942945758115204, 0.0020334592190911875, 0.9835949109908347], [1.027990637588607e-06, 0.00015193617463114158, 0.002038185664229415, 0.9978088501705019], [0.016569736441444945, 0.18227956009270865, 0.00029996006597801493, 0.8008507433998683], [0.0043328462460257315, 0.838988417063352, 0.12005065635540595, 0.036628080335216424], [0.0051778403682587355, 0.056229754096610386, 0.20838026245318414, 0.7302121430819467], [0.09812456385084871, 0.8887348410105217, 0.01304859773258276, 9.199740604688555e-05], [0.15309723592092753, 0.1864366826528027, 0.029770883430734005, 0.6306951979955358], [0.04061808219537554, 0.856782708525344, 0.01064199110350799, 0.09195721817577236], [0.14455615330307145, 0.1410805468611872, 0.5900146627492134, 0.12434863708652792], [0.01685332912483033, 0.651706661523067, 0.18626141952204955, 0.14517858983005305], [0.08371809447682578, 0.013927585789757033, 0.004832075027892914, 0.8975222447055243], [0.9569445012287341, 0.013210938472030566, 0.0018054022615267532, 0.02803915803770865], [0.14621059533969016, 0.31948380699427453, 0.07205994558678404, 0.4622456520792512], [0.027348021324987506, 0.003778092985496202, 0.9036415763209437, 0.06523230936857244], [9.71939002457451e-07, 0.9997713289060501, 0.0001950456401541639, 3.26535147931149e-05], [0.15191120143462672, 0.04778253608395988, 0.7470890023119539, 0.053217260169459525], [0.03400177225324193, 0.11087418291787086, 0.005050932727283154, 0.850073112101604], [0.018574476534065087, 0.4483720929041385, 0.03465717459212453, 0.49839625596967174], [0.00040666490176188516, 0.20118946859442247, 0.7874965625530101, 0.010907303950805601], [0.008556998593964435, 0.9870793430079373, 0.0022301856047644607, 0.0021334727933338266], [0.9921295234414056, 0.006276847422414115, 8.227613194341576e-05, 0.0015113530042367464], [0.061363568216951256, 0.26019128867208896, 0.10139632542595471, 0.5770488176850049], [0.0012144830587542336, 0.9927345065150563, 0.0016048662405138585, 0.004446144185675729], [0.5194546145293294, 0.4455339170904726, 0.019769820003585323, 0.015241648376612654], [0.0006157845263970271, 0.9504597696669832, 0.01835968716303138, 0.030564758643588395], [0.031872642877989396, 0.8594882201091234, 0.10788317695874103, 0.0007559600541463683], [0.7093714737130116, 0.0024647911034511396, 0.013236811468250476, 0.2749269237152868], [0.21282039613328924, 0.0005305820808022436, 0.0033946305976125754, 0.7832543911882959], [0.6563154536171835, 0.2717897246866684, 0.03292310019579712, 0.03897172150035096], [0.0076187014741620615, 0.9825929161018758, 0.008727899677638073, 0.0010604827463241567], [0.001463507809450508, 0.012692210827978867, 0.9666473841923575, 0.019196897170212925], [0.07666164018251174, 0.00560219737596752, 0.07252289203866258, 0.8452132704028582], [0.1497605033145264, 0.25140644706477455, 0.05706290220681828, 0.5417701474138809], [0.015275759027039438, 0.007651411213168599, 0.004744496007112784, 0.9723283337526791], [0.004947854754977787, 0.8923017799258501, 0.008456510544870765, 0.0942938547743012], [0.0004654225964424227, 0.0002863932434088545, 0.0044213911814334934, 0.9948267929787152], [0.008399198767043951, 0.5618497985096931, 0.18058584015377402, 0.24916516256948895], [0.2950183176367064, 0.6883010925953719, 0.0017757420173052164, 0.014904847750616491], [0.04258468837776777, 0.6200087908480244, 5.1663508003347237e-05, 0.33735485726620457], [0.6231393529759932, 0.13612941487261562, 0.04150159694979885, 0.19922963520159226], [0.2442611655824812, 0.37451974639377095, 0.06074433854802961, 0.32047474947571813], [0.00023179840771978693, 0.9547902474821972, 0.0007701548474170286, 0.04420779926266597], [0.24846597915604493, 0.07350954510649274, 0.01167286849322226, 0.66635160724424], [0.9857007066936864, 0.0020517612236548195, 0.010984635413652124, 0.0012628966690067926], [0.03193395567623334, 3.798662841425575e-05, 0.01059378828952302, 0.9574342694058293], [0.7079793250030598, 0.2816696748633537, 0.00014698302962414705, 0.01020401710396226], [0.10789226126276504, 0.5565166889556562, 0.09223469164080496, 0.2433563581407738], [0.10042687621255626, 0.034858811838844365, 0.8027183649453481, 0.061995947003251374], [0.2681450625284839, 0.1258858947844519, 0.5092770870786205, 0.09669195560844374], [0.22834100774877855, 0.4939634892633433, 0.20505068321043896, 0.07264481977743903], [0.0016505645113303034, 0.02287007426016532, 0.47966159279690473, 0.49581776843159964], [0.00012177241051346423, 0.8059953790698781, 0.13337133732386794, 0.060511511195740435], [0.8319644897014314, 0.055944765507028676, 0.0856770720335708, 0.026413672757968968], [0.05012318496786117, 0.7336313344012819, 0.03963769734919798, 0.1766077832816589], [0.19463553146518178, 0.4133944902964668, 0.0011582028189944624, 0.39081177541935697], [0.6870970037422752, 0.061424091522163014, 0.004272603344720014, 0.24720630139084177], [0.07466580135184271, 0.9242218565710668, 0.0003832249349796138, 0.0007291171421109748], [0.04581899619471086, 0.39989696449574486, 0.399532675794259, 0.15475136351528535], [0.003779648067590667, 0.8694010524519418, 0.08555557342550343, 0.04126372605496432], [0.0003098707469353514, 0.993466233976408, 0.0036902368042952285, 0.0025336584723613894], [0.001985318898484616, 0.10743512025752974, 0.0029329469394281183, 0.8876466139045576], [0.38466399798739564, 0.002338259484356945, 0.030171492024404313, 0.5828262505038431], [0.003174119677667811, 0.10840804759819217, 0.08167538525819737, 0.8067424474659426], [0.03486883028646747, 0.6866450610777819, 0.2716748426299394, 0.006811266005811188], [0.2123540118024878, 0.0022830497434946926, 0.012335188185563018, 0.7730277502684545], [0.6418366094408434, 0.00018369644407587867, 0.010410147117246284, 0.3475695469978344], [0.8340725224298428, 0.06686170250626487, 0.02663334849551057, 0.07243242656838166], [0.850764231960498, 0.031534821288646334, 0.020470256813648374, 0.0972306899372073], [1.691878341354254e-05, 0.9300897003257463, 0.06689802211505168, 0.0029953587757885307], [0.42075087913880177, 0.048568164356720366, 0.448492491568664, 0.08218846493581386], [0.15525348916478848, 0.0002730875879504577, 4.2959757689283676e-05, 0.8444304634895717], [0.002655450549991524, 0.018819245129178333, 0.00012558817426823755, 0.978399716146562], [0.037907052909242706, 0.03207190059616668, 0.28476454810799084, 0.6452564983865997], [0.014849615589554478, 0.0027353718188582853, 0.00014663316656843587, 0.9822683794250188], [0.3270196758080223, 0.654824288496345, 0.0011820193275903985, 0.016974016368042313], [0.1792846279463942, 0.03325463231097749, 0.15549463591829443, 0.6319661038243339], [0.0003748266843315076, 0.9207646306637162, 0.027583699328624874, 0.0512768433233276], [0.040347388337664096, 0.0004199460159348639, 0.8571590706016212, 0.10207359504477988], [0.004644400981063172, 0.9850630250439809, 0.01017098304554274, 0.00012159092941306865], [0.5693925478081503, 0.11082891052980033, 0.08741844097101743, 0.2323601006910319], [0.016354668602264852, 0.05200331012088688, 0.0002200293269454056, 0.9314219919499028], [0.3314354645814754, 0.027440139655850886, 0.0020965913369557884, 0.6390278044257179], [0.0003108344369828087, 0.999675831474725, 9.705884864813002e-06, 3.6282034274109707e-06], [0.7059771920893954, 0.29161515997325266, 0.0009886186023659173, 0.0014190293349860066], [0.0165257033282079, 0.029910266739341673, 0.0002287805298434113, 0.9533352494026069], [0.2568485421374157, 0.7266901431138575, 0.011979793031752579, 0.004481521716974243], [0.05031830074079306, 0.037382946416546645, 0.06876588571588178, 0.8435328671267784], [0.02301618061681064, 0.16013658825600977, 0.0028993249093172517, 0.8139479062178624], [0.09820133810474463, 0.00014416671401135583, 0.0019930696332865587, 0.8996614255479574], [4.042850867646363e-05, 0.01133705463125695, 0.011542894249026507, 0.97707962261104], [0.004218759628221778, 0.2357969578747101, 0.006853933788993781, 0.7531303487080743], [0.00040661745444931137, 0.0043858874467768314, 0.5267017027204342, 0.46850579237833967], [0.0012097100281265552, 0.7974335511909655, 0.19800532081150618, 0.0033514179694016364], [0.2772467859115359, 0.1353640286552026, 0.0722417575491199, 0.5151474278841416], [0.6073085007210486, 0.0075392568394364035, 0.008776808563219007, 0.3763754338762959], [0.6641263034704954, 0.25202142222131524, 0.008680133229943062, 0.07517214107824642], [0.09379812018856049, 0.04466262146080021, 0.6992885036496108, 0.16225075470102865], [0.02239723009723043, 0.6193126961898874, 0.34547168231875525, 0.012818391394126856], [0.011325025742098782, 0.22335115712820516, 4.472317330604875e-05, 0.7652790939563899], [0.0002479864606531053, 3.033588946962952e-06, 1.327098858005299e-07, 0.9997488472405142], [0.12148677198992842, 0.022319177396207063, 0.034221163549687704, 0.8219728870641768], [0.00835218883319632, 0.5473223133917372, 0.01569513373259772, 0.4286303640424686], [0.0005588962681448871, 0.0038371489834951767, 0.0008364956073667956, 0.9947674591409931], [0.012968458597870613, 0.00260744941222431, 0.0022689347848527117, 0.9821551572050524], [0.6042933855767937, 0.047008231585107606, 0.0004087786443994637, 0.34828960419369914], [0.5913972724152748, 0.009120974292337347, 0.00021200304456830849, 0.3992697502478196], [0.5732075590245275, 0.0008289186570487472, 0.4209407307571922, 0.005022791561231542], [0.9941088137971049, 0.0047405258627737255, 0.00098692369768846, 0.00016373664243289724], [0.0630880306917563, 0.2305146902570215, 0.20645429481504848, 0.49994298423617367], [0.7236724399979862, 0.1687143359259928, 0.0856163103415372, 0.021996913734483644], [0.07285167495959274, 0.03061577723831838, 0.03797197482837599, 0.8585605729737128], [0.5649136506563265, 0.19675621295369192, 0.07483656359970473, 0.16349357279027688], [0.47829863989949145, 0.0009195193003824118, 0.0011626420453348068, 0.5196191987547913], [0.0007935738257804401, 0.014242174459019376, 0.01925986862326469, 0.9657043830919356], [0.004214650786358901, 0.020548720163857823, 0.9683168627488633, 0.0069197663009199165], [0.008526877021206388, 0.9760034692375676, 0.010492441646882766, 0.004977212094343078], [0.008808704941973887, 0.0008687330734475536, 0.24157242812156804, 0.7487501338630106], [0.002640733053653275, 0.9886447714925879, 0.005979945557829692, 0.0027345498959293903], [0.37680922865206556, 0.005803726868009816, 0.17944586431484125, 0.43794118016508343], [0.3993939225181872, 0.5709681579069704, 0.0019309011221123893, 0.027707018452730117], [0.23574727273345145, 0.024813326693928734, 0.006208607969699199, 0.7332307926029206], [0.13888238718703488, 0.007820683570959146, 0.0067464752518659665, 0.84655045399014], [0.043575940748078086, 0.0002191875972467241, 0.021656826288362352, 0.9345480453663129], [0.04624751684183445, 0.003074911899140083, 0.08114896522374476, 0.8695286060352806], [0.7452899883474515, 0.023309627513875004, 0.1634023143086223, 0.06799806983005126], [0.2823242899367202, 0.71582975636819, 3.822907143433598e-05, 0.0018077246236554694], [0.18396396365804799, 0.24859470210327025, 0.5601205154547879, 0.007320818783893766], [0.0012904098528220534, 0.07385848436057282, 0.001214426386083246, 0.9236366794005219], [0.01126374968232723, 0.0552878261920314, 0.6651899195067997, 0.26825850461884165]]}, "rewritten": {"ids": ["97105580", "97106600", "97106820", "97107681", "97108520", "97113260", "97114170", "98107010", "98107340", "98108370", "98108970", "98113881", "98116500", "98120530", "98121790", "99107500", "99107630", "99108710", "99109311", "99109780", "99111930", "99116500", "99121440", "100108520", "100108580", "100109000", "100109910", "100113210", "100116790", "100117420", "101108080", "101109120", "101111210", "101112540", "101119030", "102109840", "102110050", "102110690", "102110890", "102121440", "103109641", "103109791", "103111110", "103113260", "103113610", "103118291", "103120340", "104110960", "104111620", "104111711", "104111880", "104111990", "104113550", "104114240", "104114410", "104116800", "104116980", "104118070", "105112100", "105112240", "105113190", "105113440", "105115250", "105115680", "105117200", "106113260", "106115250", "106118161", "106118301", "106118520", "107112840", "107113260", "107113840", "107114780", "107116300", "107118820", "107119130", "107120130", "107120260", "108113740", "108113760", "108114040", "108114220", "108114670", "108115070", "108115250", "108115500", "108115870", "108115970", "108116120", "108118810", "108119330", "108119550", "108120280", "108120621", "109114270", "109116810", "109117080", "109117630", "109118161", "109119460", "110114561", "110117110", "110118181", "110118301", "110118740", "110119300", "110121170", "111115770", "111115780", "111117000", "111117200", "111118910", "111119340", "111119580", "111120320", "111121351", "112116540", "112117471", "112117660", "112118161", "112118701", "112118860", "112119930", "112120270", "112120290", "113117340", "113117550", "113118231", "113119120", "113119320", "113119930", "113120070", "113120260", "113120830", "113121010", "113121190", "113121220", "113122120", "113122190", "113122230", "113122510"], "labels": [1, 3, 1, 3, 2, 1, 2, 3, 0, 1, 3, 3, 2, 1, 2, 0, 2, 2, 1, 2, 1, 2, 2, 2, 0, 1, 2, 0, 2, 2, 0, 1, 2, 2, 3, 2, 3, 0, 0, 2, 1, 3, 3, 3, 2, 0, 1, 2, 0, 1, 3, 2, 1, 0, 1, 1, 1, 2, 1, 1, 3, 0, 2, 2, 3, 3, 2, 3, 1, 2, 1, 0, 3, 2, 0, 3, 1, 2, 1, 3, 1, 0, 3, 3, 1, 1, 3, 3, 2, 1, 1, 0, 1, 3, 1, 3, 3, 1, 0, 0, 1, 0, 0, 1, 1, 3, 1, 2, 3, 1, 0, 0, 0, 3, 3, 1, 0, 1, 3, 0, 0, 0, 3, 1, 0, 1, 2, 3, 3, 3, 1, 1, 2, 3, 3, 2, 1, 3, 1, 1, 1, 2], "predicted_labels": [2, 0, 3, 0, 0, 3, 3, 0, 2, 3, 1, 1, 3, 0, 3, 1, 0, 1, 1, 2, 0, 1, 1, 0, 0, 3, 2, 3, 1, 3, 3, 0, 3, 1, 3, 1, 1, 3, 3, 3, 3, 0, 3, 1, 3, 3, 3, 1, 0, 3, 3, 1, 3, 1, 3, 3, 3, 0, 0, 1, 3, 3, 1, 1, 3, 3, 0, 3, 0, 2, 3, 1, 0, 2, 1, 3, 1, 0, 0, 3, 0, 3, 3, 3, 1, 2, 2, 3, 1, 3, 1, 0, 3, 3, 3, 3, 3, 1, 3, 0, 3, 1, 0, 1, 0, 0, 3, 2, 2, 3, 1, 0, 3, 3, 0, 0, 1, 1, 1, 3, 1, 1, 0, 2, 2, 2, 1, 2, 3, 3, 3, 1, 1, 3, 2, 1, 2, 2, 1, 2, 2, 3], "confidence_scores": [[0.010449913715098399, 0.1973078861937286, 0.7722394588463516, 0.02000274124482143], [0.8038481943441103, 0.00012292597895206938, 0.1935051044405228, 0.002523775236414886], [0.0007142233098542435, 0.0008943769940054462, 0.0004451947148244482, 0.9979462049813158], [0.7337891837137467, 0.2244389588042702, 0.0386715629439168, 0.003100294538066216], [0.7589156316380017, 0.05684265186992123, 0.010260051459785929, 0.17398166503229112], [0.12349184816991603, 0.06792873009224569, 0.06050731593338947, 0.7480721058044487], [0.0012033611066645765, 0.021725660186319187, 0.004152834296967877, 0.9729181444100483], [0.9754666660275104, 0.00013486876794145238, 0.00687206225392577, 0.017526402950622588], [0.17024606758583238, 0.027283560549327412, 0.5675552695772502, 0.23491510228759005], [0.003254321170372138, 0.015527810985402183, 0.032824117984000194, 0.9483937498602255], [0.0003008485747040532, 0.9960451047276171, 0.0032597792136821826, 0.00039426748399645664], [0.00017754009331779537, 0.9997007368392323, 0.00010090336782158838, 2.0819699628347445e-05], [0.0791180432656338, 0.01632941333107539, 0.014144260370359011, 0.8904082830329318], [0.3804518388390808, 0.2438034748938603, 0.3330916283832966, 0.04265305788376229], [0.06266218169248519, 0.0009158863311948286, 0.018553843928106013, 0.9178680880482141], [5.034427269210048e-05, 0.9921192091197847, 5.178304023066344e-05, 0.007778663567292509], [0.6357590544594104, 0.2552915449294866, 0.034091657172755384, 0.07485774343834753], [0.0004502762479178516, 0.9993706282752811, 0.0001786360662386206, 4.594105624350033e-07], [0.4840450396019824, 0.501034601967951, 0.00037530727856474697, 0.014545051151501833], [0.0009286567345956002, 0.04803962777139088, 0.9509438420347589, 8.787345925460443e-05], [0.6411581202373055, 0.3190956980004973, 0.0008704656169784675, 0.03887571614521873], [0.006011306405735711, 0.9547306804202779, 0.03919635550836933, 6.165766561732907e-05], [0.028529962243209202, 0.8258642002287843, 0.0008935538549537962, 0.14471228367305283], [0.5719147705411984, 0.22268526190085755, 0.142170779878628, 0.06322918767931608], [0.9988825176993213, 5.992075833498464e-05, 0.0010290941720043976, 2.8467370339365098e-05], [0.0024404679721518503, 0.05654601563924533, 0.041467138686693404, 0.8995463777019094], [0.017499242498684148, 1.3398820610934733e-05, 0.9794139442031463, 0.003073414477558555], [0.00056653047151158, 0.39396172532644086, 0.0005845129100212638, 0.6048872312920263], [0.00043960754728290547, 0.9773241716953814, 0.001990758332455532, 0.020245462424880074], [6.353720169698572e-05, 0.0007761427875874521, 0.0072356257064708695, 0.9919246943042447], [0.00840748392804102, 0.0010868677614950864, 0.00026759983408636826, 0.9902380484763776], [0.8266180870394618, 0.012200249336590334, 0.014224731180512372, 0.1469569324434357], [0.08625156439898542, 0.30241767272094494, 0.012279897535216728, 0.599050865344853], [0.0005598044833463225, 0.8525638765214184, 0.0940235250849139, 0.05285279391032144], [0.2245328996214739, 0.31635898000519636, 0.09996502262953447, 0.3591430977437953], [0.01927216575009599, 0.9442348334213768, 0.01961064349038149, 0.016882357338145606], [0.0061629609594122245, 0.6124517570640357, 0.015822941839758662, 0.36556234013679345], [0.1856831771110958, 0.000683579759206001, 0.006164902396114964, 0.8074683407335832], [0.06764993149274046, 8.70909999965207e-05, 0.005639519727506288, 0.9266234577797567], [0.11130550234458242, 0.25242192281766157, 0.08673657365960469, 0.5495360011781513], [0.0007381063577840513, 0.19571759859507792, 0.12709063111967045, 0.6764536639274675], [0.9609385863838678, 0.00017724423679154472, 0.02622004640720343, 0.01266412297213729], [0.10261459489418046, 7.674780554829364e-05, 0.0023691956016653228, 0.894939461698606], [0.013763451969681992, 0.906383261435411, 0.0022193254237009735, 0.07763396117120595], [0.013275789019279357, 0.07882542315941424, 0.2832767402226059, 0.6246220475987004], [0.1723810538853944, 0.19043513408118062, 0.0002567503796469018, 0.6369270616537781], [0.019399341490217187, 5.159567664101069e-05, 0.08210119866863566, 0.8984478641645061], [0.14732416432387924, 0.5228407368511916, 0.2886398873067971, 0.04119521151813198], [0.7319438325241975, 0.018736389260457547, 0.00010267975498859041, 0.24921709846035653], [0.21352322807450985, 0.13617005597691764, 0.007729275392958446, 0.6425774405556142], [0.003586110883347766, 0.2473000335404798, 0.01093026295037762, 0.7381835926257948], [4.148536503208933e-05, 0.9971339009232666, 0.0016400582940862825, 0.0011845554176149018], [0.06669939728058949, 0.01267760909101132, 0.0034733549513874533, 0.9171496386770116], [0.0008018556644374059, 0.9261529222953134, 0.000236306600134272, 0.07280891544011467], [0.11430854896967144, 0.18555040250036933, 0.006212284507310442, 0.6939287640226487], [0.28978068019207004, 0.10375182411332107, 8.746166343864499e-05, 0.6063800340311702], [0.00010294422895225837, 0.032541635283946824, 0.44329114797160424, 0.5240642725154967], [0.6116692017321343, 0.23689733386134038, 0.02489972890964627, 0.1265337354968791], [0.7109559628365661, 0.02423969109305696, 0.0059431640952837565, 0.25886118197509306], [0.001956091341116386, 0.5657371081355509, 0.17613690691675726, 0.2561698936065755], [0.2050448857402787, 0.000325579900893054, 0.10420130470455778, 0.6904282296542705], [0.015143262483201655, 0.13665188818121327, 0.053728700845106676, 0.7944761484904784], [0.00048115950878599754, 0.9224121684904273, 0.0759364279701495, 0.0011702440306371475], [0.000592488931463767, 0.5646560924689972, 0.0020958134109651267, 0.43265560518857377], [0.1578429194771831, 0.08061295028887133, 0.05666800707649022, 0.7048761231574553], [0.010972158474522566, 0.15328101444572223, 0.019289577054100483, 0.8164572500256547], [0.9904731321927004, 0.0007250585526269747, 0.001790579480294574, 0.0070112297743778465], [0.03461231238467609, 0.0036883853069773057, 0.0011174423861649249, 0.9605818599221816], [0.7411225013851185, 0.031054382421456892, 0.002944737324195585, 0.224878378869229], [0.010937914536135785, 0.00029426492716235956, 0.9081391231918707, 0.08062869734483104], [0.01738145083869033, 0.068960901037087, 0.007628067809640384, 0.9060295803145823], [7.639419085588603e-05, 0.951560267938366, 0.0016390411661644372, 0.04672429670461374], [0.9988294986014655, 0.0009666942669458756, 4.063426083869411e-05, 0.00016317287074983416], [0.00017358299456568166, 0.14370540684001679, 0.8281052801116945, 0.028015730053723067], [0.19050999315422779, 0.634463229686121, 0.1718579990264335, 0.003168778133217783], [0.13494294576393798, 0.09940255980795644, 0.05153574314739043, 0.7141187512807151], [0.002188372718195406, 0.9688877524091186, 0.002263756482226816, 0.026660118390459345], [0.6138546960246175, 0.099460887149761, 0.029997839385225867, 0.2566865774403956], [0.8146871072108094, 0.031489555047064376, 0.00921060258933473, 0.14461273515279152], [0.32982638649216367, 0.000554358046425907, 0.029709155094176702, 0.6399101003672337], [0.6563054125049008, 0.039872106137042125, 0.04076557902316583, 0.26305690233489115], [0.009725790807021923, 0.013478186799324776, 0.48271396535558364, 0.4940820570380696], [0.23777306582962426, 0.07543943972635417, 0.003045704083434778, 0.6837417903605869], [0.0014346058983483608, 0.04922948953980951, 0.00014712142696160588, 0.9491887831348804], [0.001185388769679873, 0.995976119785376, 0.0020761627222579456, 0.0007623287226860338], [0.006974545334872913, 0.29498741363055064, 0.44072111811296666, 0.2573169229216097], [0.03455619821524626, 0.00032175169232095794, 0.5660234684877551, 0.3990985816046777], [0.004792077901527708, 1.3813502212789782e-05, 3.288889142345153e-05, 0.9951612197048361], [0.06322578659081625, 0.4783655856055251, 0.08479930545518947, 0.37360932234846905], [0.29106193150136417, 0.013441792327061492, 0.06654780247233998, 0.6289484736992343], [0.22166242002739903, 0.7570382238098712, 0.004556251378759256, 0.016743104783970605], [0.8973803420169812, 0.055006507284651354, 0.0029351147979776557, 0.04467803590038976], [0.0008994931252244732, 0.22210365358192133, 0.0001222013927112889, 0.7768746519001428], [0.011601275590676882, 0.010308739687974782, 0.00016615727780340824, 0.9779238274435449], [0.0054262396497481635, 0.0033609774199482596, 0.021725057446571352, 0.9694877254837322], [0.009110576921833775, 9.597781584867295e-06, 5.656259502859194e-07, 0.9908792596706311], [0.003985474813299297, 0.0017659902023277158, 2.377947450274009e-05, 0.9942247555098703], [5.3714313913472156e-05, 0.6699564031188869, 0.052067419240351666, 0.2779224633268481], [0.06000912081507085, 0.03120729979221775, 0.2207093792401378, 0.6880742001525736], [0.4148274031665623, 0.3081987351237941, 0.0010850102814382973, 0.2758888514282054], [0.024574589082725733, 0.1385254150392982, 0.016731232236755062, 0.8201687636412209], [0.0003794323931620058, 0.9958374548854225, 0.0015171020460650417, 0.0022660106753504983], [0.6369212242456506, 0.1788030880293198, 0.11154816268886705, 0.0727275250361626], [0.08272941870016999, 0.9159633835513803, 0.0011928807151916092, 0.00011431703325813188], [0.41350082901755775, 0.15474520360162114, 0.03320515130838638, 0.3985488160724348], [0.9581786917535469, 0.024707266872707866, 0.00029441759885346616, 0.016819623774891997], [0.09465830942246847, 0.021089182814174965, 0.25569797052212445, 0.6285545372412322], [0.0009335415316235136, 0.018015162013742734, 0.6300150030453099, 0.3510362934093239], [0.011801895466854532, 0.22433354087463983, 0.7235783814248767, 0.040286182233628905], [0.09455101044196033, 0.00032435770684170783, 0.0022221535182399333, 0.9029024783329581], [0.0005285704361107878, 0.9240403104584883, 0.07165426826959484, 0.0037768508358060875], [0.9297462654208313, 0.0558610024256837, 0.00647935456651839, 0.00791337758696661], [0.010894594926449458, 0.010049871672497582, 0.4311169722883244, 0.5479385611127285], [0.11699814816055006, 8.906990866842026e-05, 0.02562099611762836, 0.8572917858131532], [0.9421659442907465, 0.0036431197493286935, 0.051934963691004844, 0.002255972268920125], [0.9800460425980162, 0.0024497664802534285, 0.00042939941108864713, 0.01707479151064192], [0.06731216224564933, 0.9326605619957559, 2.473909894736797e-05, 2.536659647570106e-06], [4.198462320210553e-05, 0.5464418644837002, 0.0006806275881321378, 0.4528355233049657], [0.05623909818959355, 0.9431322425242565, 0.0005365396545176169, 9.211963163222385e-05], [0.024930875313963485, 0.0866295511154269, 0.03507157079475991, 0.8533680027758497], [0.0008371026422619836, 0.9988591602234326, 0.00029696526748113674, 6.771866824289862e-06], [0.015542494848018312, 0.9794148283284736, 0.004766618010063726, 0.0002760588134443978], [0.9854529656384462, 0.0006108547041413191, 0.0077665489961850406, 0.006169630661227495], [0.1733509299383069, 0.0006013810271344012, 0.672416665640386, 0.15363102339417278], [0.003987124860943956, 0.00034358032974217943, 0.9936297867820003, 0.002039508027313641], [0.03396083096662516, 0.07757268435659001, 0.8025112157844209, 0.08595526889236411], [3.1991153895550787e-06, 0.9905863421392792, 0.0021410273393768246, 0.0072694314059544435], [0.001427508479255361, 0.29874630178866723, 0.46524783527127866, 0.23457835446079886], [0.016406250616990328, 0.06148071200362419, 0.07187241765891245, 0.8502406197204732], [0.013450976949915748, 0.046461056960228175, 0.008656813282738707, 0.9314311528071174], [1.740566123469412e-05, 0.06353757719022546, 2.0691095237091853e-06, 0.9364429480390161], [0.006982439403818462, 0.8846037348037719, 6.840161516091321e-05, 0.10834542417724874], [7.901313996028758e-05, 0.9360203661909818, 0.0229358194876099, 0.04096480118144799], [0.00959574461561138, 0.023656317129421865, 0.0018701207979766675, 0.96487781745699], [0.035617134519067555, 0.3474089464226724, 0.6139969191737449, 0.0029769998845152507], [1.2991486029792774e-08, 0.9999941084857119, 4.4389026171877335e-06, 1.4396201848151215e-06], [0.10849775499598785, 0.019781980862285352, 0.8713457775308824, 0.0003744866108443809], [0.4082381887141359, 0.003907747485250824, 0.5269191791549438, 0.060934884645669284], [0.025435627420424524, 0.9563570823135603, 0.009256185288498215, 0.008951104977517044], [0.002075014063940943, 0.03611102215200127, 0.8473233955668458, 0.11449056821721214], [0.0077317707744817, 0.20775079586089165, 0.6820373515630055, 0.10248008180162123], [6.147030490911946e-05, 7.494301863567174e-06, 0.01608928989889682, 0.9838417454943305]]}}