{"test": {"ids": ["98107340", "103118110", "107118780", "112118550", "111116010", "112117660", "102118380", "112120990", "105113620", "113122180", "98106111", "98108370", "101121640", "98106560", "102121700", "112121351", "104113170", "107113840", "104111780", "99107300", "109117271", "104112470", "111115780", "104113000", "100108580", "101112690", "107118490", "107120130", "113119340", "99110050", "98110680", "108119330", "111116100", "99107630", "113120830", "106118161", "106118520", "99107640", "104113550", "111120591", "112116501", "112119450", "107117630", "113118820", "110115140", "110117140", "107113180", "110117200", "107113260", "112117461", "108118810", "102109840", "111119340", "113122190", "111120280", "102112301", "109116930", "107118120", "108114270", "105112240", "103120290", "108114040", "112120630", "111121351", "108114180", "111120531", "110115980", "112118810", "97106000", "98109311", "111117480", "101108080", "108115500", "107121700", "106116820", "105117351", "103111110", "99108080", "103120730", "109114651", "100109360", "97105960", "109116040", "108117720", "98116090", "98110710", "106114011", "111116110", "109121410", "104111990", "103111620", "106119990", "103109021", "98121790", "112118620", "104113210", "113117630", "110116441", "110117080", "102108621", "102116340", "107114780", "113122170", "113121810", "110114920", "112119500", "107121230", "101111310", "109121351", "109116810", "104118340", "112117210", "101111210", "113117550", "112118511", "106114150", "101108950", "99112300", "105113260", "98111860", "113122120", "110121450", "99112531", "113120260", "111117200", "110118301", "105121190", "108121351", "104116441", "112118471", "109119450", "105113440", "111120220", "102112170", "98111620", "99109161", "97105580", "110121500", "102114270", "105113210", "110118181", "105116090"], "labels": [0, 2, 1, 3, 1, 0, 1, 2, 0, 2, 0, 1, 2, 1, 1, 0, 3, 3, 3, 3, 0, 1, 1, 1, 0, 1, 2, 2, 0, 3, 2, 0, 3, 2, 3, 3, 2, 1, 1, 1, 3, 3, 0, 0, 0, 3, 3, 3, 0, 0, 1, 2, 3, 1, 0, 1, 0, 3, 3, 1, 2, 0, 3, 0, 1, 0, 1, 3, 0, 1, 1, 0, 3, 3, 1, 0, 3, 3, 1, 3, 0, 2, 0, 1, 0, 2, 1, 3, 0, 2, 0, 0, 0, 2, 3, 3, 0, 3, 1, 3, 3, 2, 1, 2, 3, 2, 0, 3, 0, 3, 2, 1, 2, 3, 1, 1, 2, 0, 3, 0, 1, 3, 3, 3, 0, 1, 2, 3, 1, 1, 3, 0, 3, 3, 3, 3, 1, 3, 3, 3, 1, 1], "predicted_labels": [3, 3, 1, 3, 1, 3, 1, 1, 1, 3, 1, 2, 1, 3, 0, 0, 1, 1, 1, 0, 3, 3, 3, 0, 2, 1, 1, 1, 0, 3, 1, 3, 0, 0, 1, 1, 1, 3, 0, 3, 3, 3, 0, 0, 3, 3, 2, 3, 1, 3, 3, 1, 3, 2, 3, 1, 2, 1, 3, 1, 2, 3, 1, 1, 3, 1, 1, 3, 3, 2, 1, 0, 1, 1, 0, 3, 1, 3, 1, 0, 3, 3, 3, 1, 1, 3, 1, 3, 3, 0, 1, 3, 3, 2, 3, 3, 1, 1, 1, 0, 1, 1, 1, 2, 1, 1, 3, 1, 1, 0, 1, 2, 3, 3, 3, 1, 2, 2, 3, 2, 1, 0, 0, 1, 1, 1, 1, 3, 1, 0, 2, 1, 0, 0, 2, 0, 0, 0, 1, 3, 0, 0], "confidence_scores": [[0.17463024467124302, 0.22036480556540683, 0.31771555019026054, 0.28728939957308997], [0.16087464016323236, 0.2650729351587241, 0.27099573224971113, 0.3030566924283321], [0.27148330299090734, 0.31099605920877066, 0.11936765306815772, 0.29815298473216445], [0.2686241994201548, 0.3001118973129251, 0.10208988026908311, 0.32917402299783705], [0.18320131367722992, 0.38608216659646194, 0.18224817781727562, 0.24846834190903272], [0.26211819853003165, 0.24688249122641961, 0.12253178162408075, 0.36846752861946785], [0.16002125951334772, 0.3616981820195057, 0.23700210638995398, 0.2412784520771922], [0.2531909358739028, 0.3456402579312301, 0.12011350938634428, 0.28105529680852254], [0.19000839615881002, 0.35036998436959, 0.19581827294625337, 0.2638033465253465], [0.27961836844421306, 0.27014996782078793, 0.09486177103877243, 0.355369892696227], [0.17607825245945338, 0.314254647523276, 0.282213988628098, 0.22745311138917254], [0.11002982121733713, 0.3009743526932288, 0.3098993781620342, 0.2790964479274002], [0.1751069321304045, 0.33824389320344045, 0.21617810749307872, 0.2704710671730763], [0.2441557187407913, 0.26106821599651164, 0.19110752667968753, 0.3036685385830096], [0.31769063088705785, 0.30852073245306366, 0.13629400924755297, 0.23749462741232533], [0.3475945291056414, 0.2581867434454794, 0.07164042349200349, 0.3225783039568755], [0.1750956822833292, 0.3514450215174285, 0.19426674615489856, 0.2791925500443439], [0.1968842717124964, 0.3729837960045484, 0.18579709931185207, 0.24433483297110312], [0.2035243712436421, 0.3932833459067621, 0.14797230627064312, 0.25521997657895246], [0.3228715253611381, 0.3070037296653384, 0.08510760491437307, 0.2850171400591503], [0.27688708516217947, 0.2603007023800923, 0.11329314160375338, 0.34951907085397527], [0.1571373369617404, 0.24151986703218273, 0.2941138393198574, 0.3072289566862195], [0.30205889444610506, 0.2835639574202941, 0.11703376780169679, 0.2973433803319037], [0.35164546622854587, 0.206838580629243, 0.12075879934682825, 0.3207571537953828], [0.17633329434844017, 0.2454659668655181, 0.36824089706607704, 0.20995984171996518], [0.17851341098194645, 0.3162878550273569, 0.24181072956550334, 0.26338800442519356], [0.22479726519944926, 0.36840118704887537, 0.1840326365105926, 0.22276891124108286], [0.13929720426015751, 0.36935668046719083, 0.3470417845787467, 0.14430433069390522], [0.36534699468777704, 0.3054327607867093, 0.07966508371945576, 0.2495551608060581], [0.10518201773408112, 0.30607038843066325, 0.254519175036827, 0.3342284187984288], [0.17508123799788272, 0.318277145070913, 0.31456493396705365, 0.19207668296415067], [0.2913553935224423, 0.27851339191714203, 0.13311882287477203, 0.2970123916856438], [0.33827495438833344, 0.2612835645778368, 0.12094955122445121, 0.2794919298093785], [0.31300509108683316, 0.18398098688786207, 0.22939460648952772, 0.27361931553577706], [0.18682941567053385, 0.33332889246212644, 0.20956850941728444, 0.27027318245005544], [0.20182801237811568, 0.33836312310633687, 0.18787014363160479, 0.27193872088394233], [0.27022173256238324, 0.3296255146642545, 0.09719893177806818, 0.3029538209952939], [0.1954257836053399, 0.2716429140626902, 0.20657477569014315, 0.326356526641827], [0.34574655166100593, 0.1918424286077722, 0.17104788230535273, 0.2913631374258693], [0.30196150724134896, 0.27816828585082903, 0.08668881085119454, 0.33318139605662744], [0.2457190057819942, 0.30638063327460224, 0.1001919456060483, 0.34770841533735514], [0.26700455800359185, 0.26493858492735123, 0.11909893696952588, 0.3489579200995311], [0.3206660467277822, 0.22763104471211884, 0.23156495143917963, 0.22013795712091921], [0.3264979696751206, 0.28525440729517043, 0.119397452808616, 0.26885017022109337], [0.2539869147787715, 0.24497658873952352, 0.21449943414486247, 0.2865370623368428], [0.19362912034572966, 0.29858932104389024, 0.18831183839348772, 0.3194697202168924], [0.13793818923512752, 0.3121441641823137, 0.3516992835204417, 0.1982183630621168], [0.2849562988946849, 0.28250662461166776, 0.11595902968013594, 0.31657804681351115], [0.21095495363549094, 0.31404280722656247, 0.2380901205554163, 0.23691211858253033], [0.3451480753928742, 0.22607826085308858, 0.08507059354399928, 0.343703070210038], [0.2462662248834783, 0.33967210958619476, 0.07719127959695644, 0.3368703859333705], [0.1763219514015819, 0.3358303718713143, 0.25918012968313225, 0.22866754704397146], [0.2733421557692578, 0.2985993411984359, 0.1052044093229951, 0.3228540937093113], [0.19259692535366577, 0.2598417300802716, 0.27839739939302155, 0.26916394517304104], [0.30165934120199595, 0.2949010210120651, 0.07046218486748056, 0.3329774529184581], [0.24669518555437356, 0.29287268911539144, 0.2349378934836908, 0.22549423184654416], [0.24094121706784918, 0.23225792819661947, 0.3017045837296195, 0.22509627100591137], [0.21961560472474703, 0.3463621782189717, 0.14881900440113946, 0.2852032126551416], [0.27901220825237016, 0.22962348115088016, 0.11032083973508533, 0.3810434708616642], [0.2522390362732874, 0.30056092307432286, 0.20961090308237584, 0.2375891375700138], [0.10663817179491586, 0.2426028102800958, 0.49408971729034856, 0.1566693006346397], [0.1825057732637234, 0.26879918667621433, 0.27283103470950937, 0.27586400535055267], [0.24141991851003136, 0.3151965688549325, 0.15738573051453414, 0.28599778212050203], [0.27057318022545407, 0.3404106894626475, 0.12943480547115363, 0.25958132484074453], [0.20651903481704298, 0.25804891500224225, 0.17403852743044337, 0.3613935227502719], [0.21522596739256242, 0.33806611775142426, 0.1847238687661375, 0.26198404608987613], [0.24184253011434817, 0.33784100089548136, 0.10891077351414725, 0.31140569547602304], [0.29025851909159545, 0.31163312621209277, 0.08728994472092956, 0.3108184099753819], [0.11420273525473222, 0.30145223585126685, 0.23926480900537894, 0.3450802198886221], [0.17594962079625653, 0.2448882359803441, 0.36623440060375845, 0.21292774261964093], [0.27500743311531717, 0.3046352782478091, 0.12084641479271101, 0.2995108738441628], [0.33194262345395253, 0.28138174278771877, 0.09839523729171072, 0.288280396466618], [0.1649910741685849, 0.34065566943268777, 0.20599095064968134, 0.28836230574904614], [0.26428961893225655, 0.3076337115132219, 0.17239839957593542, 0.2556782699785861], [0.3105181913442888, 0.26276451254335503, 0.12673423592560068, 0.2999830601867553], [0.3602979848556818, 0.2095403829244887, 0.0940291791162443, 0.3361324531035853], [0.21303554601544086, 0.3304015387176726, 0.15447381617385755, 0.3020890990930288], [0.21610978992511728, 0.29005751620024955, 0.20444707100518938, 0.28938562286944397], [0.27798133345155, 0.32526162934066666, 0.11075175046978071, 0.2860052867380024], [0.3717872388832739, 0.20838445286681823, 0.1454248583634818, 0.2744034498864262], [0.2083717412366114, 0.24342598403542348, 0.22472570053251195, 0.3234765741954531], [0.1864862411628401, 0.2686825120814863, 0.27269337704325347, 0.2721378697124197], [0.16282852827273644, 0.2577798900268433, 0.27612787161926694, 0.30326371008115377], [0.2584440284038116, 0.3152652884237508, 0.10169719638159885, 0.3245934867908389], [0.17790201745348058, 0.326469228895831, 0.22122036139721427, 0.2744083922534739], [0.1669929466080566, 0.2846286863569009, 0.25297780578305745, 0.2954005612519852], [0.3242620254170699, 0.34940124395623967, 0.10441516818349894, 0.2219215624431912], [0.2402259604230792, 0.275855532443409, 0.16081118429243577, 0.3231073228410756], [0.2644701488751435, 0.2509445584247659, 0.2045196543754351, 0.28006563832465536], [0.34640359667537074, 0.25919943784904714, 0.12032243885751762, 0.27407452661806453], [0.23263449428924637, 0.2845376308304401, 0.27779453638525936, 0.2050333384950542], [0.21216334692083677, 0.29505744663622807, 0.14110488901333249, 0.3516743174296027], [0.31556919707833647, 0.25930341279532615, 0.09090685312440899, 0.3342205370019285], [0.14358503051250346, 0.30647828311493946, 0.32420734400785495, 0.22572934236470196], [0.3155264729723622, 0.27115914362720145, 0.08752324179497924, 0.32579114160545686], [0.2764962217147197, 0.2756345942403558, 0.1333730402782551, 0.31449614376666923], [0.2717438447569625, 0.33915159321839183, 0.13196138691965306, 0.2571431751049927], [0.23808972924676186, 0.29065142904774355, 0.23719912179176814, 0.23405971991372668], [0.16040146250073647, 0.3497918456312939, 0.18512224436421798, 0.30468444750375145], [0.37089381854911607, 0.21985737426808277, 0.11157288994769662, 0.29767591723510467], [0.13147801101014045, 0.338308919661605, 0.2992334817479479, 0.2309795875803066], [0.24613357277085895, 0.3137330768872301, 0.16586058050036992, 0.27427276984154103], [0.1960837311220936, 0.3143335084774249, 0.18411229929495285, 0.30547046110552867], [0.12295610160955928, 0.3239089909332982, 0.40285787474778123, 0.1502770327093613], [0.23008721949590075, 0.35918123126209633, 0.15085485915412114, 0.25987669008788195], [0.1653353576937843, 0.37311183644790413, 0.277756984231734, 0.1837958216265777], [0.16888294719638502, 0.3420039052769985, 0.17261323703417208, 0.3164999104924444], [0.27353559624160007, 0.30777316522094805, 0.1894295057726507, 0.22926173276480105], [0.2634699841888329, 0.31595586520945373, 0.1501116675667288, 0.2704624830349848], [0.27008708046635627, 0.29837748535174574, 0.14753964719092927, 0.28399578699096867], [0.1494782872622043, 0.3520045092607162, 0.2181785502984151, 0.28033865317866485], [0.13559759124451648, 0.31200490418348203, 0.35122235308121885, 0.20117515149078213], [0.24580221776679365, 0.27009904611712277, 0.14429874239165721, 0.3397999937244263], [0.3047449794907888, 0.21950738695606573, 0.16745918604375545, 0.3082884475093899], [0.23521710204177043, 0.27187739954730844, 0.21735699371425435, 0.27554850469666675], [0.26676783175670465, 0.29380617369844736, 0.16439356889682308, 0.2750324256480249], [0.15458206327710705, 0.2918814523298569, 0.3340266562348957, 0.21950982815814038], [0.15367049241996103, 0.2961181351557902, 0.32957932695094444, 0.2206320454733045], [0.2688207051698684, 0.2853462110325226, 0.11315547103765097, 0.3326776127599578], [0.10387883706013218, 0.3244342383609175, 0.37253281321724063, 0.19915411136171], [0.24537768173933738, 0.3240178503325478, 0.19567110497538998, 0.23493336295272485], [0.32051268331715127, 0.2607096640474568, 0.11940688108773384, 0.29937077154765823], [0.2833626143714172, 0.2616334997190226, 0.17263981971346853, 0.2823640661960918], [0.16443858239547576, 0.33858127016069783, 0.2792841699111278, 0.21769597753269873], [0.272410050529229, 0.3242239145888517, 0.10882614288006548, 0.29453989200185343], [0.23788756159825422, 0.36403030361894767, 0.1106374538856465, 0.28744468089715175], [0.13557465566312832, 0.34434802700908734, 0.24614791642764702, 0.2739294009001375], [0.23099053807097852, 0.320461220295823, 0.11668159021987952, 0.33186665141331906], [0.259296807540875, 0.374086647677501, 0.07485085134258157, 0.2917656934390424], [0.2784687105253938, 0.2950296797394713, 0.15549552814667575, 0.2710060815884594], [0.10620700116618231, 0.281723219826702, 0.31570075250097956, 0.2963690265061364], [0.23837093073699123, 0.3023733392031826, 0.2214784708691544, 0.23777725919067166], [0.3379785695277643, 0.32347068418171754, 0.08013332179089128, 0.2584174244996271], [0.3279416715948673, 0.2202662224122944, 0.2125349196906478, 0.2392571863021906], [0.13054490619226586, 0.3082547108113957, 0.3834933127961113, 0.17770707020022705], [0.32563897371753864, 0.28834931684115533, 0.1642525940655281, 0.2217591153757779], [0.33862916303268065, 0.22060621468324076, 0.1876789158585607, 0.25308570642551775], [0.305550511463181, 0.3015283711129993, 0.09635030923200823, 0.29657080819181164], [0.20877484793724047, 0.38974971883509674, 0.1242966202950812, 0.2771788129325814], [0.29779258320602336, 0.2627488212280211, 0.09254800932550111, 0.3469105862404543], [0.2941595638039211, 0.3038944380763759, 0.16689237290167255, 0.2350536252180304], [0.29809031437636624, 0.2699419056948698, 0.15530918004689878, 0.2766585998818653]]}, "rewritten": {"ids": ["97105580", "97105960", "97106000", "98106111", "98106560", "98107340", "98108370", "98109311", "98110680", "98110710", "98111620", "98111860", "98116090", "98121790", "99107300", "99107630", "99107640", "99108080", "99109161", "99110050", "99112300", "99112531", "100108580", "100109360", "101108080", "101108950", "101111210", "101111310", "101112690", "101121640", "102108621", "102109840", "102112170", "102112301", "102114270", "102116340", "102118380", "102121700", "103109021", "103111110", "103111620", "103118110", "103120290", "103120730", "104111780", "104111990", "104112470", "104113000", "104113170", "104113210", "104113550", "104116441", "104118340", "105112240", "105113210", "105113260", "105113440", "105113620", "105116090", "105117351", "105121190", "106114011", "106114150", "106116820", "106118161", "106118520", "106119990", "107113180", "107113260", "107113840", "107114780", "107117630", "107118120", "107118490", "107118780", "107120130", "107121230", "107121700", "108114040", "108114180", "108114270", "108115500", "108117720", "108118810", "108119330", "108121351", "109114651", "109116040", "109116810", "109116930", "109117271", "109119450", "109121351", "109121410", "110114920", "110115140", "110115980", "110116441", "110117080", "110117140", "110117200", "110118181", "110118301", "110121450", "110121500", "111115780", "111116010", "111116100", "111116110", "111117200", "111117480", "111119340", "111120220", "111120280", "111120531", "111120591", "111121351", "112116501", "112117210", "112117461", "112117660", "112118471", "112118511", "112118550", "112118620", "112118810", "112119450", "112119500", "112120630", "112120990", "112121351", "113117550", "113117630", "113118820", "113119340", "113120260", "113120830", "113121810", "113122120", "113122170", "113122180", "113122190"], "labels": [1, 2, 0, 0, 1, 0, 1, 1, 2, 2, 3, 0, 0, 2, 3, 2, 1, 3, 3, 3, 0, 3, 0, 0, 0, 2, 2, 3, 1, 2, 3, 2, 3, 1, 3, 3, 1, 1, 0, 3, 0, 2, 2, 1, 3, 2, 1, 1, 3, 3, 1, 1, 2, 1, 3, 3, 0, 0, 1, 0, 2, 1, 1, 1, 3, 2, 0, 3, 0, 3, 2, 0, 3, 2, 1, 2, 0, 3, 0, 1, 3, 3, 1, 1, 0, 3, 3, 0, 3, 0, 0, 3, 0, 0, 3, 0, 1, 3, 1, 3, 3, 1, 1, 3, 3, 1, 1, 3, 3, 0, 1, 3, 3, 0, 0, 1, 0, 3, 1, 0, 0, 1, 1, 3, 3, 3, 3, 2, 3, 2, 0, 3, 0, 0, 0, 3, 3, 2, 1, 1, 2, 1], "predicted_labels": [0, 3, 3, 1, 3, 3, 2, 2, 1, 3, 2, 2, 3, 1, 0, 0, 3, 3, 0, 3, 2, 0, 2, 3, 0, 0, 3, 0, 1, 1, 0, 1, 0, 1, 1, 1, 1, 0, 3, 3, 0, 3, 2, 1, 1, 0, 3, 0, 1, 0, 0, 1, 1, 0, 3, 3, 1, 1, 0, 3, 1, 0, 0, 0, 1, 1, 3, 2, 0, 1, 1, 0, 1, 1, 0, 1, 1, 1, 0, 3, 3, 1, 1, 3, 3, 3, 0, 3, 1, 0, 3, 3, 1, 0, 1, 0, 3, 0, 1, 3, 0, 0, 1, 0, 1, 3, 1, 0, 3, 3, 3, 3, 0, 3, 1, 0, 1, 3, 1, 3, 3, 0, 3, 0, 0, 3, 3, 1, 3, 1, 0, 3, 1, 0, 0, 1, 1, 2, 1, 1, 3, 3], "confidence_scores": [[0.35207132614522907, 0.2243637405487341, 0.165066532340074, 0.25849840096596277], [0.2365771720367594, 0.2425583122427918, 0.24460769317645914, 0.27625682254398976], [0.16429276276945556, 0.29598504853724383, 0.18870619520957008, 0.3510159934837303], [0.2402400153207865, 0.3020367083738471, 0.20579047864577557, 0.251932797659591], [0.28222129460364687, 0.26759013096669215, 0.17707325011907202, 0.27311532431058905], [0.2396692673792308, 0.22075750232339922, 0.24948118543546746, 0.2900920448619025], [0.13702266877499614, 0.26907422603206077, 0.35623462355827795, 0.23766848163466542], [0.2043203002660758, 0.24901842965519602, 0.30421865495200257, 0.24244261512672588], [0.2303430116163487, 0.3087157699123922, 0.234625609688739, 0.22631560878252024], [0.23422860948078075, 0.2869781316247596, 0.18750368975164805, 0.2912895691428118], [0.16759485219622255, 0.324283916182346, 0.3542924235542113, 0.15382880806722007], [0.14714504144947135, 0.3135665577967872, 0.3383570600183493, 0.2009313407353923], [0.2437567511670468, 0.3040161319154802, 0.15298752558147724, 0.2992395913359958], [0.2438430980949598, 0.3052943367396309, 0.19741854194216216, 0.2534440232232472], [0.3428758708236315, 0.2854541192047538, 0.07598425381623228, 0.2956857561553823], [0.3047316995146239, 0.20308812389301617, 0.20992738956933935, 0.2822527870230206], [0.25188931655187335, 0.26424588897079104, 0.14936698776615043, 0.33449780671118534], [0.2329616401319849, 0.2944553623016312, 0.19828077450442266, 0.2743022230619613], [0.33382903788518176, 0.2835722148908315, 0.14871948460440582, 0.23387926261958075], [0.13520694662242655, 0.2961727767515638, 0.2294631337481284, 0.33915714287788135], [0.17420295344421607, 0.2811774734931786, 0.3133115025022979, 0.23130807056030778], [0.334971329779444, 0.25176626504610566, 0.10771443456389139, 0.305547970610559], [0.203390901656469, 0.26368523420142664, 0.30268056104163166, 0.2302433031004721], [0.26221473480929536, 0.23991193611017617, 0.17732382441190078, 0.32054950466862814], [0.3354958797272373, 0.28149199939772374, 0.09387528831690042, 0.2891368325581385], [0.2715221432481946, 0.2735583661255612, 0.21942670028397862, 0.2354927903422657], [0.2625705837453393, 0.2734170578657641, 0.12733945471347188, 0.3366729036754247], [0.30433519359749767, 0.319041014169935, 0.1512763256717356, 0.22534746656083177], [0.22046600282845566, 0.32309361071917103, 0.194495759638624, 0.2619446268137491], [0.1983560032791903, 0.3312770648178635, 0.1988541242087842, 0.2715128076941619], [0.38441406557449226, 0.21593050189606883, 0.09448921035492341, 0.30516622217451567], [0.26026948728639815, 0.3079100582203212, 0.17009986543723615, 0.2617205890560444], [0.3176978033942852, 0.2245654157230832, 0.18996286487277703, 0.2677739160098546], [0.24022095976464153, 0.2926246287784665, 0.2495802901335959, 0.2175741213232959], [0.2367040455863982, 0.35187679671562055, 0.11130385951810855, 0.3001152981798726], [0.19005355863024306, 0.3205859468656909, 0.24899032575391947, 0.24037016875014647], [0.16158103478205094, 0.3691028414741226, 0.24061824845355337, 0.2286978752902729], [0.3298469433118059, 0.2902829243459657, 0.13006207920772248, 0.24980805313450588], [0.3278790641377313, 0.25788795675842247, 0.08159376682454371, 0.33263921227930265], [0.2935348612450626, 0.2595347060056235, 0.13160441559108813, 0.31532601715822556], [0.317739776466878, 0.24823676979700582, 0.1904905899651288, 0.24353286377098735], [0.2008492922774647, 0.2892767874454922, 0.19080136814705526, 0.3190725521299876], [0.11885605341301342, 0.28511361393269596, 0.4191652040271588, 0.1768651286271318], [0.2603876016050179, 0.32961047542538374, 0.11278853769492049, 0.29721338527467783], [0.23797530901901362, 0.37789231570755616, 0.11675314846600253, 0.267379226807428], [0.3558649921265104, 0.25706045049926735, 0.10910671833971672, 0.2779678390345056], [0.19893842530688313, 0.24046713789908206, 0.254715834197306, 0.30587860259672883], [0.3655609569847969, 0.20085409459962378, 0.11546100029110962, 0.31812394812446926], [0.2573292935682011, 0.2989402119130063, 0.17051912057052634, 0.27321137394826667], [0.2938834854736141, 0.2831889260263772, 0.12193253343249359, 0.3009950550675151], [0.3415874558681234, 0.1880227938312176, 0.17961061619664762, 0.29077913410401107], [0.2930530113841669, 0.3464345343611765, 0.06715008094971446, 0.29336237330494197], [0.20862333571942682, 0.32187899909474005, 0.19630626878525817, 0.2731913964005751], [0.288145559148631, 0.2918265406576701, 0.15993691388904424, 0.2600909863046542], [0.30219392157183134, 0.2748595180473199, 0.08433863387245445, 0.338607926508394], [0.2932917605134386, 0.24293603423026852, 0.10771869450424001, 0.3560535107520529], [0.2809879137774121, 0.2988182376166438, 0.16647463405527646, 0.25371921455066765], [0.22004386118575817, 0.33955083253498786, 0.17367717084665782, 0.26672813543259594], [0.34184138199040526, 0.26618102172703945, 0.12380395086497593, 0.26817364541757915], [0.36319182109011533, 0.20182303752284386, 0.09296293303843207, 0.3420222083486085], [0.15661690732590272, 0.3179033539934865, 0.2554756419633239, 0.2700040967172866], [0.32462894255173846, 0.3382945356153583, 0.10614969867057915, 0.2309268231623238], [0.31442125876893773, 0.2650236914222049, 0.13802778251626052, 0.28252726729259686], [0.3260666782054332, 0.2468693646016742, 0.12097801298345709, 0.3060859442094356], [0.2346839408466971, 0.31996322154443313, 0.1634536435200219, 0.28189919408884784], [0.3007126965419073, 0.3131560582790698, 0.08138152190186211, 0.30474972327716066], [0.26194945245814694, 0.28474938750884743, 0.10094984679475584, 0.3523513132382502], [0.2334750856587397, 0.2591605137926483, 0.31494238660698837, 0.19242201394162353], [0.3131267780438571, 0.2788202674837838, 0.13211664930009248, 0.2759363051722668], [0.2143520218223372, 0.36063625024794355, 0.16967745937289908, 0.25533426855682], [0.26067685959064235, 0.3033627518588631, 0.14724505851041014, 0.288715330040084], [0.3589230385958928, 0.22238046065315628, 0.1691635211794396, 0.24953297957151158], [0.25946164118814385, 0.3075098558661304, 0.1301737059106752, 0.30285479703505086], [0.24164632156656554, 0.3587033092351039, 0.16105642996091243, 0.2385939392374179], [0.31910350213789296, 0.2798788725114652, 0.09661481604472501, 0.3044028093059168], [0.20848572082706301, 0.37754644003397875, 0.2332612692000454, 0.1807065699389129], [0.1993618043047345, 0.33279511052111665, 0.1622144040751036, 0.3056286810990455], [0.25487372044456347, 0.3055876745644539, 0.18907428669082937, 0.2504643183001533], [0.3045181908019719, 0.258953139776392, 0.16231871384062985, 0.2742099555810061], [0.22719972604736866, 0.25690827465979593, 0.1660279344689135, 0.34986406482392174], [0.3068684664483674, 0.23318596325152746, 0.09465652268886136, 0.36528904761124403], [0.1783620056076238, 0.33005989140017794, 0.20672715447604556, 0.28485094851615284], [0.25818431681046694, 0.31662059985422786, 0.10014200137885503, 0.32505308195645016], [0.27372188883311466, 0.30559709595940526, 0.07904488088916532, 0.34163613431831474], [0.3248761018454368, 0.24484048700852062, 0.10270814524969592, 0.3275752658963466], [0.24937944569632145, 0.31606367762495996, 0.11244385833144467, 0.32211301834727385], [0.4047790384407517, 0.2035513198662506, 0.1084988660578497, 0.28317077563514803], [0.2261686588271728, 0.23913458161994355, 0.2555288277046683, 0.27916793184821564], [0.27354379772545123, 0.3137558132559608, 0.13315847034252606, 0.27954191867606165], [0.26819545363453595, 0.24661640560466325, 0.23848048544208406, 0.2467076553187166], [0.3111560565998432, 0.24105620572332312, 0.11892803193474558, 0.32885970574208817], [0.15755826362927627, 0.2750960951304903, 0.2592074763947717, 0.30813816484546164], [0.2865738780799553, 0.30408939649360456, 0.13712465774095814, 0.2722120676854824], [0.2947371050433265, 0.24570945809766803, 0.17560217719905438, 0.2839512596599508], [0.26554978827179454, 0.3215723182559842, 0.11663925902845108, 0.2962386344437704], [0.2602260722408374, 0.26257796757978, 0.21371049323167682, 0.26348546694770614], [0.23277793434908992, 0.3157928401099156, 0.13329054243175587, 0.31813868310923904], [0.29976620534512166, 0.2430782352233858, 0.1805525093144161, 0.27660305011707653], [0.17454061473735166, 0.3263510960170787, 0.21178579624560898, 0.28732249299996093], [0.21466692753337657, 0.2910415400968024, 0.1549028991141857, 0.33938863325563523], [0.2931750701441211, 0.28458301541892944, 0.12499675963372091, 0.29724515480322844], [0.312279610179923, 0.29882442469230225, 0.10922595976428652, 0.2796700053634881], [0.2735964386953238, 0.3346731395236608, 0.10426153586783823, 0.28746888591317743], [0.37304693908208697, 0.23334332834112329, 0.0810267117899602, 0.3125830207868298], [0.29690122425130855, 0.3073625078526471, 0.10344728171684318, 0.2922889861792011], [0.31184726727241147, 0.2681231803978893, 0.11399887113465454, 0.3060306811950448], [0.22129437965675886, 0.3540889209301678, 0.1765233122515803, 0.24809338716149285], [0.3563727431066054, 0.2509943454583203, 0.11342740378953081, 0.27920550764554347], [0.2532318898258831, 0.25341979339959797, 0.14277627528106904, 0.3505720414934497], [0.27051911923884475, 0.3008843109102214, 0.12606201231374253, 0.3025345575371914], [0.2893624303494474, 0.2835475722815237, 0.1311051599491323, 0.2959848374198967], [0.28349754016112, 0.3050346839283782, 0.09664545188389013, 0.3148223240266119], [0.3430417989525119, 0.30863313890975486, 0.082050373909972, 0.2662746882277612], [0.30117216328359275, 0.29624349498154634, 0.07323578546281909, 0.3293485562720417], [0.25385186173426755, 0.30830461976270046, 0.17712328590946844, 0.26072023259356364], [0.3157063254476239, 0.2713856874125068, 0.08610607708007759, 0.32680191005979153], [0.2841094899088308, 0.3144178599610464, 0.13460219713301572, 0.2668704529971072], [0.25740414003297357, 0.2904766816334505, 0.10589468894826608, 0.34622448938530975], [0.1869705703581338, 0.32818349648032313, 0.26921165396829644, 0.21563427919324676], [0.3463430414576405, 0.23176503970330076, 0.09145182381502784, 0.3304400950240309], [0.30492666931847195, 0.20861139642197118, 0.12169712442327993, 0.3647648098362771], [0.2898777879263337, 0.30112857073939314, 0.1224619142384308, 0.2865317270958426], [0.2709070895881322, 0.26016392263902055, 0.1673085860843424, 0.3016204016885048], [0.3014721032104224, 0.29242955100561985, 0.11795231679285517, 0.28814602899110253], [0.31660418037533444, 0.270351635517018, 0.1114373526063236, 0.301606831501324], [0.29030510849840885, 0.300393933577712, 0.08486145941354462, 0.32443949851033466], [0.28399916838103106, 0.2656011524803544, 0.11636347793031926, 0.3340362012082956], [0.21032780213809105, 0.3290546408779469, 0.26780170694929645, 0.19281585003466545], [0.2834463761997639, 0.2906477815555001, 0.12676929949219537, 0.29913654275254054], [0.2484463437560379, 0.34722125903594875, 0.12881738803532325, 0.27551500917268995], [0.34280349459315573, 0.2574419447126322, 0.07673454705817946, 0.32302001363603233], [0.3150812694809048, 0.22311342860858044, 0.16238649772693847, 0.29941880418357625], [0.28340292039919274, 0.31329477370532316, 0.12771999299320766, 0.27558231290227647], [0.34307208746739576, 0.27289877063424106, 0.11309139768803263, 0.2709377442103304], [0.3697557764131217, 0.281620492417756, 0.09733500685624058, 0.2512887243128818], [0.22332183965124858, 0.3106423725451994, 0.22888710193144432, 0.2371486858721077], [0.22175722823046923, 0.31741089271425965, 0.18438183708869488, 0.27645004196657635], [0.15372519888866126, 0.32499185239394485, 0.3515914548410323, 0.1696914938763612], [0.2699200814864374, 0.2935110249354991, 0.1800452492773036, 0.25652364430075997], [0.23508728784570418, 0.3106728950951118, 0.15854087518664875, 0.295698941872535], [0.29464764880489336, 0.27821375591473313, 0.09036705734881727, 0.3367715379315562], [0.2300317975595258, 0.2691949889888837, 0.22510938503508512, 0.27566382841650555]]}}