{"test": {"ids": ["98106111", "104110960", "113117340", "105113190", "106120640", "105113620", "113118421", "103113170", "100111620", "110115710", "106114280", "100111380", "99111930", "112117210", "112116501", "102113981", "107116980", "103111540", "109115220", "113121410", "109118161", "111118910", "109119460", "103113101", "112121410", "109113591", "109113281", "101114020", "109116170", "107114280", "113120540", "106113260", "99112641", "101109000", "99107640", "109121351", "113119320", "105119950", "112120290", "101110150", "111119930", "107118490", "108113700", "97107040", "109119010", "113118810", "105113480", "98110810", "110121450", "100108260", "100108520", "107118820", "113120601", "113121980", "100108080", "99108520", "112118820", "112117660", "111121410", "98108970", "112119980", "98117740", "109116441", "102112250", "99105921", "108117610", "99112840", "98109230", "99110730", "111121351", "99112531", "112120630", "104118340", "98108370", "106117650", "99111440", "108116070", "107121230", "112120270", "104116441", "105116980", "100109910", "103110220", "107114621", "107119130", "98111231", "103120290", "108116481", "99119830", "110120531", "112117431", "98113881", "105115570", "103113270", "109119340", "99109910", "97107821", "108119510", "102110750", "104113210", "97116500", "98120530", "102108621", "110117200", "107114780", "105112130", "97107681", "100113210", "109117080", "103111480", "99111000", "112118511", "98121790", "97111790", "97118210", "113118490", "110116300", "113121750", "97116800", "98120010", "102110500", "104114320", "103110840", "109119591", "105115380", "100112060", "97112290", "112119450", "98106880", "106115120", "98116940", "100111390", "101108500", "102112170", "111119340", "113118511", "98107210", "112116290", "113118630", "101111310", "113119360", "113121950"], "labels": [0, 2, 2, 3, 3, 0, 3, 3, 3, 2, 3, 3, 1, 1, 3, 1, 3, 1, 3, 0, 0, 0, 1, 3, 0, 3, 0, 3, 0, 3, 3, 3, 1, 1, 1, 0, 1, 3, 1, 1, 1, 2, 0, 2, 3, 3, 0, 1, 3, 3, 2, 3, 2, 2, 0, 2, 0, 0, 0, 3, 0, 2, 3, 0, 1, 3, 2, 1, 3, 0, 3, 3, 2, 1, 1, 3, 1, 0, 0, 1, 0, 2, 2, 0, 1, 1, 2, 0, 1, 0, 0, 3, 0, 2, 3, 2, 2, 1, 1, 3, 2, 1, 3, 3, 2, 1, 3, 0, 1, 0, 2, 1, 2, 2, 2, 1, 3, 0, 0, 2, 3, 2, 1, 0, 1, 2, 1, 3, 0, 1, 2, 2, 3, 3, 3, 1, 1, 0, 3, 3, 0, 3], "predicted_labels": [3, 0, 1, 1, 3, 1, 3, 1, 0, 1, 3, 0, 1, 1, 3, 1, 0, 3, 3, 3, 1, 3, 3, 3, 3, 1, 3, 3, 1, 1, 0, 0, 0, 1, 2, 3, 1, 0, 0, 3, 0, 1, 3, 3, 3, 3, 3, 1, 0, 1, 0, 0, 1, 1, 1, 1, 1, 1, 3, 1, 1, 1, 3, 3, 1, 3, 3, 3, 0, 0, 3, 1, 1, 1, 0, 2, 2, 3, 3, 1, 0, 2, 2, 3, 0, 1, 2, 0, 1, 3, 1, 3, 1, 3, 3, 2, 0, 1, 0, 3, 1, 1, 3, 0, 1, 1, 2, 3, 1, 0, 0, 1, 1, 0, 2, 3, 1, 3, 2, 0, 3, 1, 0, 1, 1, 0, 1, 3, 0, 0, 3, 1, 0, 0, 0, 1, 1, 1, 3, 1, 0, 2], "confidence_scores": [[0.26898670727293356, 0.20979734702599395, 0.23834742510392165, 0.28286852059715095], [0.284192242743714, 0.21373372809802027, 0.2586859487184269, 0.24338808043983898], [0.09832735818250167, 0.6704854243257005, 0.0975173766934132, 0.1336698407983848], [0.23945427728577118, 0.3321267765223648, 0.16645649705854293, 0.2619624491333212], [0.1643808000524111, 0.28708314740391183, 0.1255202216693248, 0.42301583087435246], [0.09769194146835017, 0.41626035847556914, 0.3780990113780272, 0.1079486886780536], [0.3257981037750251, 0.15694088081074295, 0.11738232482143686, 0.39987869059279507], [0.10887807820785116, 0.4699727520094212, 0.19285204159832586, 0.22829712818440165], [0.4820513393301528, 0.18507573499199426, 0.13127353207962209, 0.2015993935982309], [0.1907036385817688, 0.29636594545878747, 0.21919883108295005, 0.2937315848764937], [0.14765473608739318, 0.36235101058213715, 0.11394956694898575, 0.37604468638148386], [0.3874240425495411, 0.2819833567059679, 0.07635216642041867, 0.25424043432407245], [0.1417467552893185, 0.40229679317528066, 0.11463337168799181, 0.34132307984740906], [0.14508796734916196, 0.5292067100562615, 0.1752883133169324, 0.15041700927764404], [0.16435694576670798, 0.2141326140538532, 0.16891584529257408, 0.4525945948868647], [0.21667579086424338, 0.4077001374074608, 0.15287136584092148, 0.22275270588737453], [0.5776267417029681, 0.17996227820821709, 0.08389249156046699, 0.15851848852834777], [0.2385191552949733, 0.23468041973517403, 0.2055875155568935, 0.3212129094129593], [0.2937161274326582, 0.14272945666653766, 0.08273039727536957, 0.4808240186254347], [0.1508749858412992, 0.2644077986007639, 0.09574461851538171, 0.4889725970425554], [0.3445029498972115, 0.3650579523704553, 0.09999307945573056, 0.19044601827660285], [0.22642522219748934, 0.2807354076832514, 0.12500084843769718, 0.36783852168156217], [0.1412703722484361, 0.29880265630288116, 0.058009604326619044, 0.5019173671220639], [0.15417415051174443, 0.2906324051005326, 0.1820414871923183, 0.3731519571954046], [0.14836470456165113, 0.2913424158102774, 0.18593634992417893, 0.3743565297038926], [0.22702620519651434, 0.3472668236022782, 0.17782891161198053, 0.24787805958922693], [0.08733321237167224, 0.18815495568768537, 0.0763978734037151, 0.6481139585369272], [0.12193736242908272, 0.2660005935350205, 0.2694410220911955, 0.34262102194470123], [0.11895662593401331, 0.4801983090524851, 0.16164910503538554, 0.23919595997811613], [0.2053804253555939, 0.4857201863089959, 0.09511545246496715, 0.21378393587044295], [0.39248080434805077, 0.22561825716204117, 0.18407890245716904, 0.19782203603273904], [0.4091221800581912, 0.2237827338395409, 0.07090308324380326, 0.29619200285846475], [0.32133526978657045, 0.19515293866367023, 0.25089257974190915, 0.2326192118078502], [0.16351426219739995, 0.380762640480019, 0.22550885890928496, 0.23021423841329627], [0.10798577000988639, 0.3036942140306379, 0.393899285149326, 0.19442073081014968], [0.19480157518485663, 0.3593133435668914, 0.08531910025257089, 0.3605659809956813], [0.21654888808465111, 0.34991072692314407, 0.09412149015927494, 0.33941889483292964], [0.34816925728538034, 0.3130235373604409, 0.14314439349071137, 0.19566281186346735], [0.3998830870270694, 0.16856987774698926, 0.267398993806661, 0.16414804141928044], [0.21495630183837405, 0.2550145880835674, 0.17338642585735511, 0.35664268422070355], [0.5388284414609481, 0.18455825729262393, 0.16364012605016415, 0.11297317519626392], [0.1609826626399007, 0.5012740061143249, 0.19967643428055132, 0.13806689696522292], [0.20193942509635643, 0.1904616378679338, 0.2675707182261166, 0.3400282188095933], [0.2226701007263546, 0.2115769115061786, 0.1319663818348867, 0.4337866059325802], [0.11551287119315638, 0.28640354222243825, 0.11893529704428617, 0.4791482895401193], [0.15706448162295517, 0.18487506031388828, 0.15341896243410846, 0.504641495629048], [0.13183300552599447, 0.3509205131503112, 0.1031209722062495, 0.41412550911744467], [0.1889869523623379, 0.508465152854779, 0.18391633243575303, 0.11863156234712997], [0.3781315537729851, 0.19659523325357867, 0.10468965582290843, 0.32058355715052794], [0.2516598709986244, 0.42117215124348023, 0.14645581888061776, 0.18071215887727754], [0.36312181706956304, 0.15183714111461205, 0.18593075330785747, 0.29911028850796767], [0.3607240754453121, 0.21989688865984477, 0.133610155299122, 0.285768880595721], [0.13293356295541547, 0.4183778962446992, 0.13016277912566657, 0.3185257616742187], [0.15458911525673424, 0.40712958217417394, 0.1872572214363826, 0.2510240811327092], [0.24715794340585578, 0.41748229250028335, 0.11202255277387539, 0.2233372113199855], [0.1832156894099435, 0.36948265460371144, 0.1986645477818826, 0.24863710820446247], [0.17815012913569506, 0.39996951072741516, 0.1277661336788123, 0.2941142264580776], [0.19017275301728134, 0.3699706075212829, 0.14447488095667121, 0.29538175850476456], [0.23715080417979448, 0.27130981557939066, 0.16050133261131308, 0.3310380476295017], [0.2744658128909535, 0.2860226459417016, 0.26994376942851167, 0.16956777173883325], [0.14733859243006417, 0.4155905584041581, 0.21833705395836386, 0.21873379520741373], [0.20586294434851554, 0.37516736145965807, 0.1657473377120846, 0.25322235647974173], [0.20677018349633958, 0.24960207161322862, 0.2344478588714157, 0.3091798860190164], [0.130713591744402, 0.300545359651967, 0.16899243821237714, 0.3997486103912538], [0.3193485525835997, 0.33855836325811345, 0.16388421267386377, 0.17820887148442327], [0.10375965587143245, 0.2509060202418051, 0.0743671425334663, 0.5709671813532962], [0.15862324614453802, 0.21649139804838763, 0.1920065830850337, 0.4328787727220406], [0.20482938675991408, 0.24015811936639475, 0.17608297710283732, 0.37892951677085396], [0.293230679753888, 0.22598440707529824, 0.23479255568630653, 0.2459923574845073], [0.3564168864666375, 0.30654275728556335, 0.0642775036647578, 0.2727628525830415], [0.23375116921853326, 0.29129511061975977, 0.17495108604361242, 0.30000263411809447], [0.29708194204948374, 0.3060945541719451, 0.1374420666005631, 0.2593814371780082], [0.05295828371388781, 0.6112362416724665, 0.10895674182028932, 0.22684873279335624], [0.04137106179366554, 0.40274304986267057, 0.15519333237430244, 0.40069255596936143], [0.41720568377934397, 0.13584621860986698, 0.2514379316470065, 0.19551016596378265], [0.12851110735676455, 0.24944318990175027, 0.42720034442299454, 0.1948453583184907], [0.17795126508769338, 0.2904880575112065, 0.36204236902939624, 0.16951830837170392], [0.09814936234113718, 0.24372758428498995, 0.07132795109448212, 0.5867951022793908], [0.14306568744059206, 0.2552637900720788, 0.2165025728246823, 0.38516794966264684], [0.18846237811980185, 0.5203533234840987, 0.06546615799131626, 0.22571814040478327], [0.6240542266628544, 0.15727082823061203, 0.09039301315848344, 0.12828193194805024], [0.15858613176448325, 0.22517115299271284, 0.38707279321579113, 0.2291699220270128], [0.09016759960196123, 0.28830778994649015, 0.3404816852887283, 0.2810429251628204], [0.13960974573679943, 0.1897734452035072, 0.14458958258216942, 0.526027226477524], [0.317476414054052, 0.2588124962350066, 0.11165598151955858, 0.3120551081913828], [0.2835982460739744, 0.3578947650453789, 0.17362849669700667, 0.1848784921836403], [0.1161367343582732, 0.23283252092824505, 0.5373907122321409, 0.11364003248134083], [0.49263458241927405, 0.2677749296592604, 0.1062785582465124, 0.1333119296749531], [0.10208646402206023, 0.4948229837689761, 0.18213465535941853, 0.22095589684954522], [0.16491121467541917, 0.24166783506380515, 0.2106240119807972, 0.3827969382799786], [0.1342052495167197, 0.39307290553168805, 0.14664920937007103, 0.32607263558152133], [0.191760615533124, 0.26313225676301205, 0.25275216480484425, 0.2923549628990199], [0.21707453921946734, 0.37901848733449717, 0.19528472234893837, 0.20862225109709734], [0.21723951960993912, 0.2684065289408588, 0.1761063681544811, 0.3382475832947208], [0.2578140511119589, 0.2065866744143936, 0.1386262873836476, 0.39697298708999995], [0.18124030823848114, 0.19893416057203203, 0.40834938825892264, 0.2114761429305641], [0.3738679654688179, 0.23877825420477033, 0.10516423188488883, 0.2821895484415231], [0.27272613781669025, 0.3980220363475324, 0.1205353487316161, 0.20871647710416139], [0.3484796318978241, 0.33897738692785356, 0.12644308199625973, 0.18609989917806286], [0.2686478386578262, 0.19397639860542215, 0.13523621642920658, 0.4021395463075451], [0.17596213578984102, 0.40377922353604634, 0.18013335447154225, 0.2401252862025704], [0.18184871627496818, 0.34269887322209486, 0.166608126565873, 0.308844283937064], [0.22056344194979516, 0.19053235442622454, 0.26235121552325297, 0.32655298810072714], [0.3018543938049906, 0.1763249078781281, 0.22218386792290362, 0.29963683039397765], [0.14254732594961894, 0.3536983631519406, 0.33779392934205843, 0.1659603815563821], [0.2969884410656803, 0.4534571153607141, 0.11657809283524179, 0.13297635073836392], [0.11995195684037585, 0.17604142836658185, 0.39077251130620627, 0.31323410348683606], [0.35735200211477364, 0.15612150376086334, 0.10564459670900159, 0.38088189741536155], [0.04264765932104198, 0.6284117032025773, 0.07441272513700548, 0.2545279123393754], [0.40071263599622536, 0.22130559188708068, 0.1529432888358664, 0.22503848328082743], [0.41043429792728897, 0.20657497752472243, 0.2559380106632118, 0.12705271388477685], [0.16429117636036228, 0.34552867924486375, 0.16143596266149104, 0.3287441817332829], [0.23010597132613372, 0.37526038168331505, 0.16535928499109498, 0.22927436199945633], [0.3181129404499714, 0.24775616796432295, 0.13468066935306144, 0.2994502222326444], [0.19598444615695695, 0.15878145017278478, 0.36440565135997255, 0.28082845231028564], [0.2270843717302477, 0.23695416705099404, 0.10011628649169217, 0.43584517472706624], [0.2535636452938384, 0.4635549340097702, 0.10401416452110328, 0.17886725617528806], [0.18017357582460067, 0.2912132074352311, 0.09113731280345184, 0.43747590393671626], [0.24495249128995358, 0.1847097347187902, 0.39471947154254455, 0.17561830244871168], [0.4235980850524241, 0.16330270813944142, 0.1851508341415593, 0.2279483726665753], [0.22470488680361342, 0.17983579029083827, 0.15434312807136316, 0.44111619483418524], [0.10336728148009623, 0.5469515884844853, 0.16953214623856402, 0.18014898379685448], [0.37489128425467205, 0.198131198367002, 0.22301787876531026, 0.2039596386130157], [0.07176820350011369, 0.6541589114322582, 0.14330947254674606, 0.13076341252088222], [0.23580138216363405, 0.4369979962164808, 0.1336578684696842, 0.19354275315020095], [0.3798743173566114, 0.25327800889451313, 0.15463473040744286, 0.21221294334143256], [0.24231105132830832, 0.42154103206028337, 0.15043170926702248, 0.18571620734438588], [0.13064691526590258, 0.2540217094210477, 0.22193014850134515, 0.39340122681170453], [0.46243757691851767, 0.23192164319734537, 0.15955624189216058, 0.14608453799197635], [0.648381063520976, 0.09630843253570555, 0.15429927606318575, 0.10101122788013271], [0.2906954582821978, 0.24873878932784838, 0.16105804816319752, 0.29950770422675643], [0.2643829103180679, 0.28438586481089595, 0.17517889040935453, 0.27605233446168165], [0.30431580063255687, 0.27102643345072375, 0.14907768383717276, 0.27558008207954665], [0.4300018005466101, 0.12099684125741053, 0.23964582568866805, 0.20935553250731131], [0.2916183045515363, 0.23113429067633368, 0.27316212241411225, 0.20408528235801784], [0.12471185866909157, 0.5819811676641999, 0.13516157742294702, 0.15814539624376148], [0.23195366803835105, 0.30909226371142556, 0.22524841768160023, 0.23370565056862322], [0.20791646209241726, 0.4971066361403801, 0.16381858789008724, 0.13115831387711543], [0.1490849125492069, 0.1714477791384089, 0.20689248280516662, 0.47257482550721763], [0.18260243221423686, 0.38047595856751176, 0.10680409050408263, 0.3301175187141688], [0.3786379854837159, 0.2029986124303536, 0.1055544771123835, 0.3128089249735472], [0.17114449478230695, 0.23413685862506933, 0.35438608363695057, 0.2403325629556734]]}, "rewritten": {"ids": ["97107040", "97107681", "97107821", "97111790", "97112290", "97116500", "97116800", "97118210", "98106111", "98106880", "98107210", "98108370", "98108970", "98109230", "98110810", "98111231", "98113881", "98116940", "98117740", "98120010", "98120530", "98121790", "99105921", "99107640", "99108520", "99109910", "99110730", "99111000", "99111440", "99111930", "99112531", "99112641", "99112840", "99119830", "100108080", "100108260", "100108520", "100109910", "100111380", "100111390", "100111620", "100112060", "100113210", "101108500", "101109000", "101110150", "101111310", "101114020", "102108621", "102110500", "102110750", "102112170", "102112250", "102113981", "103110220", "103110840", "103111480", "103111540", "103113101", "103113170", "103113270", "103120290", "104110960", "104113210", "104114320", "104116441", "104118340", "105112130", "105113190", "105113480", "105113620", "105115380", "105115570", "105116980", "105119950", "106113260", "106114280", "106115120", "106117650", "106120640", "107114280", "107114621", "107114780", "107116980", "107118490", "107118820", "107119130", "107121230", "108113700", "108116070", "108116481", "108117610", "108119510", "109113281", "109113591", "109115220", "109116170", "109116441", "109117080", "109118161", "109119010", "109119340", "109119460", "109119591", "109121351", "110115710", "110116300", "110117200", "110120531", "110121450", "111118910", "111119340", "111119930", "111121351", "111121410", "112116290", "112116501", "112117210", "112117431", "112117660", "112118511", "112118820", "112119450", "112119980", "112120270", "112120290", "112120630", "112121410", "113117340", "113118421", "113118490", "113118511", "113118630", "113118810", "113119320", "113119360", "113120540", "113120601", "113121410", "113121750", "113121950", "113121980"], "labels": [2, 3, 2, 2, 1, 2, 0, 2, 0, 0, 1, 1, 3, 1, 1, 1, 3, 2, 2, 2, 1, 2, 1, 1, 2, 2, 3, 2, 3, 1, 3, 1, 2, 1, 0, 3, 2, 2, 3, 2, 3, 2, 0, 3, 1, 1, 3, 3, 3, 3, 1, 3, 0, 1, 2, 1, 0, 1, 3, 3, 2, 2, 2, 3, 2, 1, 2, 1, 3, 0, 0, 1, 0, 0, 3, 3, 3, 1, 1, 3, 3, 0, 2, 3, 2, 3, 1, 0, 0, 1, 0, 3, 1, 0, 3, 3, 0, 3, 1, 0, 3, 3, 1, 0, 0, 2, 3, 3, 0, 3, 0, 3, 1, 0, 0, 0, 3, 1, 0, 0, 1, 0, 3, 0, 0, 1, 3, 0, 2, 3, 1, 1, 3, 3, 1, 0, 3, 2, 0, 0, 3, 2], "predicted_labels": [3, 2, 0, 0, 1, 1, 2, 2, 3, 2, 1, 2, 1, 3, 1, 1, 0, 1, 0, 0, 1, 3, 1, 2, 2, 2, 1, 2, 0, 3, 0, 0, 3, 3, 1, 0, 0, 0, 1, 3, 0, 0, 0, 1, 1, 3, 3, 0, 3, 3, 1, 0, 1, 1, 1, 2, 3, 2, 3, 3, 3, 2, 0, 0, 1, 1, 1, 1, 0, 1, 2, 1, 1, 0, 0, 1, 1, 0, 1, 1, 1, 1, 0, 0, 1, 1, 0, 3, 0, 2, 0, 3, 2, 3, 1, 3, 1, 3, 1, 0, 1, 0, 1, 2, 1, 3, 1, 3, 3, 3, 1, 0, 0, 3, 1, 1, 3, 1, 3, 1, 1, 1, 1, 1, 2, 2, 3, 3, 1, 0, 3, 1, 1, 3, 3, 0, 0, 1, 3, 3, 3, 1], "confidence_scores": [[0.2948772117497743, 0.27360708664812877, 0.11387340517897306, 0.31764229642312397], [0.10419301155913636, 0.18525668613941138, 0.5171587134798198, 0.19339158882163246], [0.40728148801968245, 0.15490435977288983, 0.14696244794508614, 0.2908517042623415], [0.3914876340153147, 0.17140335617976726, 0.1783567471637998, 0.2587522626411183], [0.3038401305945999, 0.3411651517057269, 0.09737676900185956, 0.2576179486978136], [0.20070470696847484, 0.35075975697987805, 0.16837974267892863, 0.2801557933727186], [0.23562856880290028, 0.14049847663941184, 0.4996810715557162, 0.12419188300197183], [0.2869732541447859, 0.14350785391951815, 0.3991811878984383, 0.1703377040372577], [0.24315031780219923, 0.2652282903267989, 0.17981701260411873, 0.31180437926688315], [0.16595506580655292, 0.20851140405055446, 0.4314308293221696, 0.19410270082072298], [0.14462588526072645, 0.342961764791818, 0.2809762535673166, 0.2314360963801389], [0.07847604589125123, 0.19557987926012685, 0.3858195376708648, 0.340124537177757], [0.32006603693190133, 0.40167473142219345, 0.10220423591388268, 0.1760549957320227], [0.2265700014485042, 0.250991105307144, 0.19130413975229948, 0.33113475349205257], [0.13749181759657153, 0.5989515509248702, 0.14666384697495802, 0.11689278450360019], [0.28856874570885, 0.42872433089273615, 0.10786778338913583, 0.1748391400092779], [0.5367302232693398, 0.19668325990454794, 0.06884194790339133, 0.19774456892272088], [0.19033976982693934, 0.33544758882655656, 0.1585958941586432, 0.3156167471878608], [0.5680839577224052, 0.12339145000135042, 0.12624613555454928, 0.1822784567216951], [0.4188885015895367, 0.14311691986409011, 0.2288886694830605, 0.20910590906331256], [0.11182942848966475, 0.6256906751148422, 0.08492103964490565, 0.1775588567505873], [0.21444197870154053, 0.24126522007340107, 0.1525405377341739, 0.3917522634908846], [0.3124607382533923, 0.32860822924588456, 0.12586914593497386, 0.23306188656574936], [0.18022677478558108, 0.2361745041708977, 0.4071833776750709, 0.1764153433684504], [0.14418595941599266, 0.26178192054322946, 0.40005043391431644, 0.1939816861264612], [0.10539497694607797, 0.2200603152553984, 0.5003781483046387, 0.17416655949388504], [0.2506767081559211, 0.2922416045455457, 0.22877849934135805, 0.22830318795717533], [0.2107967253042209, 0.25638275288214457, 0.33576122285522403, 0.1970592989584104], [0.38618474543941417, 0.1084119924357209, 0.2737773628723346, 0.23162589925253033], [0.13988413857644977, 0.27201006180048565, 0.20310204642879667, 0.38500375319426794], [0.5701174258092774, 0.138313232412531, 0.061778461803463844, 0.22979087997472786], [0.45342455829247114, 0.26211857259221827, 0.16524775077524945, 0.11920911834006111], [0.19799820711348215, 0.23361792626055194, 0.13006614904166794, 0.43831771758429794], [0.08324231450657416, 0.36495104090967406, 0.13176999233417014, 0.4200366522495818], [0.19097900830821568, 0.43029955650161456, 0.09904656797288516, 0.27967486721728446], [0.3887530783757982, 0.22551077493619615, 0.10218546577587408, 0.2835506809121316], [0.45232186318469336, 0.15715427465041346, 0.20611664584114578, 0.18440721632374743], [0.331870043778771, 0.2719679745854607, 0.18577574447928621, 0.21038623715648225], [0.24464159854036385, 0.38908362082798065, 0.09092313174397246, 0.2753516488876832], [0.2032822184005522, 0.22913753402446052, 0.13766672912358158, 0.42991351845140574], [0.3200477963380235, 0.24167557835897982, 0.1941375362385244, 0.24413908906447226], [0.5741615936249906, 0.1810126116208544, 0.09214604254630114, 0.15267975220785382], [0.41145409613029976, 0.22748719617158777, 0.09836120179204504, 0.2626975059060674], [0.18406525169025428, 0.39010339269436894, 0.19440497327416298, 0.2314263823412138], [0.2035893049893509, 0.38346415215786356, 0.16353980168708973, 0.249406741165696], [0.19734334398290823, 0.24013603652431523, 0.20679837464408662, 0.3557222448486899], [0.18429978920875667, 0.2135350223442144, 0.27770196401093206, 0.3244632244360969], [0.5062885128418319, 0.1261856704622857, 0.24423165176558725, 0.12329416493029531], [0.3240505974121951, 0.23646598325144716, 0.0903773573504901, 0.34910606198586763], [0.35780638151983174, 0.1789568202849355, 0.07235264772374808, 0.3908841504714847], [0.23558241773689975, 0.5291505403835411, 0.10465312972810446, 0.13061391215145451], [0.4779913590118099, 0.17697243085062814, 0.1858152278163661, 0.159220982321196], [0.1525121539962938, 0.36847706850763673, 0.265624366067027, 0.21338641142904263], [0.10842734259399651, 0.3766489868332786, 0.29218988442113575, 0.22273378615158917], [0.17383450236881856, 0.3356057169040485, 0.21388314588829352, 0.2766766348388395], [0.2195639801921317, 0.22988269776879697, 0.3088017390034819, 0.24175158303558936], [0.23746014364220006, 0.29563435248229386, 0.1365615407491993, 0.33034396312630676], [0.08450366394072124, 0.3479926969744811, 0.3861261263434645, 0.18137751274133307], [0.20011595940775445, 0.14585447744509872, 0.2716904342881201, 0.38233912885902677], [0.1368627157096525, 0.2532989169463369, 0.25202761151475755, 0.3578107558292532], [0.1938369079717773, 0.2908258406784986, 0.19028386153303548, 0.3250533898166886], [0.20417554900849935, 0.2517535138425004, 0.334261812628612, 0.20980912452038825], [0.4072156231989685, 0.1312143408057777, 0.22967647243879233, 0.23189356355646165], [0.429254820963347, 0.13580285253236413, 0.0971855300907178, 0.337756796413571], [0.08257924396085974, 0.6618936103418693, 0.059875892754565264, 0.19565125294270558], [0.24950515348835361, 0.4050425637235824, 0.15274958619056442, 0.19270269659749975], [0.10382670449411828, 0.49329290561568273, 0.1393869977908559, 0.26349339209934314], [0.29026545470948617, 0.44386690118212113, 0.08970372211702073, 0.1761639219913719], [0.2864019904823238, 0.22764595507847302, 0.21706904004728533, 0.26888301439191786], [0.14164682337279288, 0.36457304562957144, 0.14178714186661423, 0.3519929891310216], [0.07792795639089807, 0.3947650165915367, 0.4411812646128875, 0.08612576240467776], [0.0643421418529856, 0.6757928446447253, 0.11966534700008834, 0.14019966650220084], [0.16817288020218843, 0.32340225593128086, 0.25218734741660276, 0.25623751644992815], [0.6990268459139752, 0.10553732363219834, 0.05963630211038833, 0.13579952834343806], [0.3618467430749779, 0.2403224613322686, 0.1719115229615252, 0.22591927263122843], [0.2360315578289204, 0.42391330549472256, 0.08119352927731194, 0.2588616073990449], [0.28424103108567494, 0.3137642892234486, 0.11922829569149494, 0.2827663839993814], [0.6788602863652026, 0.10332517884678784, 0.10958253610991456, 0.10823199867809503], [0.16141656536018645, 0.4774349076460284, 0.13290600538111672, 0.22824252161266842], [0.17839556014804478, 0.37090021168503384, 0.2906482576368921, 0.16005597053002935], [0.1472241935730491, 0.5389078969641734, 0.08172772622091945, 0.23214018324185792], [0.29261319454959445, 0.31061802452688103, 0.11224297646960889, 0.28452580445391557], [0.4231888020700387, 0.2740433887047268, 0.1451057310731053, 0.1576620781521292], [0.38514975206019014, 0.2851671701737025, 0.08976977025771316, 0.23991330750839435], [0.2028781590715386, 0.3581860526641831, 0.23411343522333475, 0.20482235304094346], [0.19403827642524635, 0.36129604391290027, 0.11146561307066268, 0.3332000665911909], [0.50571839787363, 0.12210763809838464, 0.13639721779784042, 0.23577674623014494], [0.13731335644252168, 0.18488382959753447, 0.2943594353730563, 0.38344337858688754], [0.42486051109250617, 0.23346801388769395, 0.22939571432753492, 0.11227576069226489], [0.2183472515984439, 0.27720321788606833, 0.3240404745250463, 0.18040905599044155], [0.433901089329129, 0.30386099074413936, 0.12330959237420866, 0.13892832755252296], [0.16939522247949998, 0.2837796558072665, 0.21458309205126305, 0.3322420296619706], [0.08716894131707492, 0.10154664822654619, 0.7431657591961222, 0.06811865126025664], [0.22997927810755558, 0.22897548061902484, 0.10913012485785267, 0.4319151164155669], [0.1681618201906725, 0.43056006407376146, 0.14955114505794986, 0.2517269706776162], [0.08984375664625487, 0.18377743097854818, 0.11084218408871623, 0.6155366282864808], [0.07625195695638763, 0.6002358049563308, 0.07886752901976743, 0.24464470906751418], [0.23465145798328657, 0.2890776643975421, 0.18668251701677496, 0.28958836060239634], [0.03364043175302494, 0.6696213742625231, 0.057106106941870655, 0.2396320870425814], [0.33330587774224, 0.29862259462496366, 0.19794103415893627, 0.17013049347385995], [0.16012401970919118, 0.36202488659459314, 0.20233147218028952, 0.27551962151592624], [0.45208792694995736, 0.15586983006256763, 0.0710866659710919, 0.32095557701638305], [0.09763574731664226, 0.44011035842707996, 0.20576054830072138, 0.2564933459555565], [0.16158740412953376, 0.23674256265924484, 0.4351932951265601, 0.16647673808466132], [0.21994612081631928, 0.48027535049645637, 0.0742305171772109, 0.2255480115100133], [0.0929503032679031, 0.18228276399725782, 0.13294805457914352, 0.5918188781556957], [0.1516455030422743, 0.48058956802616537, 0.121491121516902, 0.24627380741465818], [0.21190437938650908, 0.2397464483394377, 0.1906704162797385, 0.357678755994315], [0.3098194586133638, 0.20410996199491957, 0.127029224887167, 0.3590413545045498], [0.3290601723849375, 0.21229157435212567, 0.12169839249041813, 0.3369498607725187], [0.19093527392904738, 0.4511714803732694, 0.09918471162791202, 0.2587085340697711], [0.32482255891719747, 0.1943748998913892, 0.3060547163231855, 0.1747478248682277], [0.43231188529901643, 0.18425496553058301, 0.14893480615345653, 0.23449834301694417], [0.22657497004527666, 0.28392461274958625, 0.09790989968862304, 0.39159051751651397], [0.21898431582414107, 0.34540113766987496, 0.17519377599840644, 0.2604207705075775], [0.07880650684200886, 0.719615660070933, 0.1446756350437799, 0.05690219804327829], [0.12956675857926667, 0.25583564294420474, 0.16334970173331073, 0.45124789674321797], [0.16241993639605412, 0.442881948376737, 0.1793294510438883, 0.2153686641833207], [0.18450040599616768, 0.2641437522196243, 0.12772576315927267, 0.4236300786249354], [0.21505754566337157, 0.4671739541244262, 0.12031074889873541, 0.19745775131346677], [0.21190653917835525, 0.3905968686434133, 0.16986251325252166, 0.22763407892570994], [0.16142135730342635, 0.5417048538316871, 0.11693502759228483, 0.17993876127260164], [0.1316345408533566, 0.3894378437203175, 0.12664990957574665, 0.3522777058505792], [0.10177426242596974, 0.495727076825185, 0.24423206034275663, 0.15826660040608875], [0.12348474047415445, 0.16961172082192086, 0.3829055902959728, 0.3239979484079518], [0.21934353271626933, 0.24300650519165165, 0.27076825643633656, 0.2668817056557424], [0.15117448670296071, 0.2699043001722835, 0.21138221120100364, 0.3675390019237523], [0.26584096489289955, 0.23411219336968084, 0.19502336304986237, 0.30502347868755736], [0.12435917867759012, 0.41148570156570063, 0.19279889607940262, 0.2713562236773066], [0.43863504897836525, 0.19645113206252196, 0.10991594775721016, 0.2549978712019027], [0.23306104959352228, 0.26713718757432076, 0.09762550866986115, 0.402176254162296], [0.11157117044475398, 0.35850443436860496, 0.34023051311898816, 0.1896938820676531], [0.17932826604870106, 0.33499407848495866, 0.22007838316631917, 0.265599272300021], [0.15228971084888296, 0.1181435905174205, 0.12332663345345671, 0.6062400651802398], [0.19365498530255132, 0.3182413035103261, 0.12972445580339234, 0.35837925538373033], [0.35585929722912185, 0.20926130069161764, 0.11140200485181927, 0.32347739722744145], [0.32482429969346943, 0.260298774640104, 0.16485052582227422, 0.25002639984415226], [0.26181227758382064, 0.48374850295417215, 0.08768619086486312, 0.16675302859714428], [0.17124981947038181, 0.233800305953069, 0.12000431001261895, 0.4749455645639302], [0.09931114802717883, 0.26916504734557506, 0.10401754734784152, 0.5275062572794047], [0.19270175998166145, 0.26141929436359534, 0.20539026368281627, 0.34048868197192694], [0.10576764117891808, 0.4552290137856534, 0.1867998572740327, 0.2522034877613959]]}}