{"test": {"ids": ["108120280", "104114230", "102118380", "102117351", "101114990", "100108490", "113122430", "112116540", "106111321", "104110960", "108113700", "103113260", "107118820", "99107660", "111115400", "102121700", "108121410", "99111620", "97105760", "99112840", "110118810", "111115620", "109113881", "109114220", "99117630", "112120630", "110115580", "112119500", "103120730", "105111990", "106113260", "107121540", "110118930", "101111990", "113121810", "109119340", "104116980", "108116070", "97107920", "103117200", "109119460", "113117340", "107112840", "105119550", "111119300", "108117451", "98120010", "109116170", "111121351", "113121680", "112116990", "103110840", "110118301", "97116800", "100111270", "109115380", "106116370", "113119480", "112119980", "113120531", "100111080", "108115880", "106115120", "113118421", "97107260", "98111231", "109120150", "104119290", "107115250", "110115980", "107114140", "106120290", "101112160", "113121750", "99107630", "99121440", "100113210", "110120531", "109114720", "109115070", "100108080", "101117580", "102107961", "98112170", "98106880", "111119150", "106116441", "108118291", "100111390", "105121190", "109117431", "98107210", "107115140", "102110500", "110120640", "105110091", "100107920", "109114030", "107114621", "99110050", "108121351", "100109000", "113121980", "107114200", "110118880", "99116500", "107120130", "107120880", "106116820", "109116750", "97109570", "112116850", "110114321", "107113130", "110114950", "112119450", "100109311", "111120320", "103110760", "104114740", "99120010", "97106770", "107113260", "97105451", "98117740", "97112170", "109117080", "98111670", "112116800", "112120640", "111114321", "110115120", "111119610", "99109161", "111116170", "104119340", "98110710", "100112060", "108115500", "108116501", "111121410", "97106970"], "labels": [3, 2, 1, 1, 3, 2, 2, 1, 0, 2, 0, 3, 3, 3, 0, 1, 0, 3, 0, 2, 1, 1, 0, 3, 3, 3, 1, 2, 1, 2, 3, 2, 1, 2, 2, 3, 1, 1, 0, 0, 1, 2, 1, 1, 1, 2, 2, 0, 0, 1, 0, 1, 1, 0, 2, 3, 2, 3, 0, 0, 0, 3, 1, 3, 2, 1, 2, 1, 2, 1, 2, 2, 3, 0, 2, 2, 0, 0, 0, 0, 0, 3, 3, 3, 0, 3, 0, 3, 2, 2, 1, 1, 0, 3, 0, 0, 0, 1, 0, 3, 3, 1, 2, 2, 0, 2, 2, 1, 1, 0, 0, 0, 1, 1, 0, 3, 1, 1, 1, 2, 2, 3, 0, 0, 2, 0, 1, 1, 0, 0, 1, 0, 2, 3, 0, 1, 2, 2, 3, 0, 0, 2], "predicted_labels": [3, 1, 3, 3, 1, 1, 3, 3, 3, 1, 1, 3, 1, 2, 1, 1, 1, 3, 1, 3, 3, 1, 1, 1, 0, 3, 3, 1, 1, 3, 1, 3, 3, 3, 1, 3, 3, 1, 0, 3, 3, 3, 1, 0, 3, 3, 1, 3, 3, 3, 3, 1, 1, 1, 1, 3, 3, 3, 3, 1, 1, 1, 3, 3, 3, 3, 3, 3, 1, 3, 1, 1, 3, 3, 3, 1, 3, 3, 3, 1, 1, 3, 1, 1, 3, 3, 1, 3, 3, 1, 3, 3, 3, 3, 1, 1, 3, 3, 1, 3, 3, 1, 3, 3, 3, 1, 1, 3, 0, 1, 3, 3, 1, 1, 3, 3, 3, 3, 1, 1, 1, 2, 3, 0, 3, 1, 1, 3, 3, 1, 3, 1, 3, 0, 3, 3, 3, 1, 1, 3, 3, 3], "confidence_scores": [[0.2647198051948052, 0.28335914918414934, 0.13396197136197144, 0.31795907425907444], [0.19259257964257964, 0.314122816072816, 0.21121669441669447, 0.2820679098679099], [0.20892683982684, 0.28146825396825415, 0.21167842712842708, 0.29792647907647907], [0.2962222016545548, 0.24141044972399467, 0.15933439926086992, 0.30303294936058084], [0.20658373848373862, 0.35117864357864365, 0.1692949494949496, 0.27294266844266857], [0.229589393939394, 0.30417888222888206, 0.16971673326673342, 0.29651499056499064], [0.18558292263292275, 0.2978958374958377, 0.19825202575202586, 0.31826921411921416], [0.24266667776667794, 0.2828569486069487, 0.12952462537462542, 0.344951748251748], [0.2551880785880788, 0.27220026640026634, 0.15892632367632373, 0.31368533133533116], [0.255058757908758, 0.2709204406704407, 0.20591466866466882, 0.26810613275613276], [0.26927630702630706, 0.2898685148185148, 0.1806720834720837, 0.2601830946830948], [0.20178691863691858, 0.291175468975469, 0.16501534021534037, 0.34202227217227216], [0.2120436452436453, 0.32530963480963465, 0.14182142857142865, 0.3208252913752914], [0.23462073122955476, 0.23507407396525065, 0.2656224664224665, 0.26468272838272844], [0.24270950715950726, 0.2815370490620491, 0.20463394579276944, 0.27111949798567453], [0.24799716949716957, 0.31790334665334674, 0.1918474247974248, 0.242252059052059], [0.24708774558774577, 0.3333814491064492, 0.16761951381951398, 0.25191129148629154], [0.18987738372738375, 0.3125224331224331, 0.17782414252414258, 0.31977604062604065], [0.24636598173068763, 0.28078595293595304, 0.20399913060795422, 0.2688489347254053], [0.1988779054279054, 0.2809112332112333, 0.17524032356532357, 0.34497053779553766], [0.24317911892029542, 0.2531462481962483, 0.17735388337153052, 0.32632074951192597], [0.23385358693593997, 0.30586691119338183, 0.1658634115884116, 0.2944160902822668], [0.24397981462981475, 0.29744819069819084, 0.2023641525141526, 0.25620784215784226], [0.25935680430680436, 0.3070410811410813, 0.16816145521145529, 0.26544065934065947], [0.280805821955822, 0.27163046398046403, 0.19237018537018544, 0.25519352869352857], [0.19911839075956725, 0.2841698135198135, 0.20441462818227524, 0.3122971675383441], [0.23373353313353318, 0.26366396381396395, 0.20769491064491075, 0.2949075924075925], [0.2181945609945611, 0.3034044733044732, 0.18891923631923638, 0.28948172938172934], [0.2713877428127431, 0.2996654179154179, 0.18052149239649243, 0.2484253468753471], [0.2749030544618779, 0.2371564887726653, 0.14574586802086797, 0.3421945887445891], [0.24140527805527812, 0.30274826839826857, 0.1766971750471751, 0.2791492784992787], [0.18532007437007444, 0.30082957042957037, 0.17343538128538136, 0.34041497391497383], [0.1935233044733045, 0.3146989343989343, 0.17027488067488064, 0.3215028804528803], [0.194433782883783, 0.2982404317904319, 0.17223257853257856, 0.3350932067932068], [0.2021778499278501, 0.3312936285936284, 0.23202409812409827, 0.23450442335442345], [0.2103505744255744, 0.28395562770562766, 0.17523422133422145, 0.3304595765345766], [0.1762174661939368, 0.2866807858807859, 0.20171432978785922, 0.3353874181374181], [0.22295149295149305, 0.30577681207681223, 0.19675664890664896, 0.2745150460650461], [0.32504582084582084, 0.21542113997114007, 0.17636636141636147, 0.28316667776667787], [0.26284044844044857, 0.2704714424464426, 0.14095468975468975, 0.32573341935841954], [0.23417435897435904, 0.2639659267632953, 0.1904384115884117, 0.3114213026739342], [0.1987778776778778, 0.30340026085026084, 0.18642258297258302, 0.3113992784992784], [0.2686220779220782, 0.3077542235542237, 0.14643160728160728, 0.2771920912420914], [0.31052134532134523, 0.26637875457875476, 0.14933137973137978, 0.2737685203685204], [0.23093900719163893, 0.2557750638250639, 0.15846533846270697, 0.3548205905205906], [0.26619210789210807, 0.2328133755133755, 0.14796984126984125, 0.3530246753246753], [0.251145927928281, 0.29879842967490033, 0.20083701853701866, 0.24921862385980045], [0.20175151515151526, 0.292155044955045, 0.18773222333222336, 0.3183612165612166], [0.25179055944055956, 0.2742296037296038, 0.17601518481518488, 0.29796465201465205], [0.17347922632922635, 0.31070648795648786, 0.1909071595071595, 0.3249071262071263], [0.26571476856476856, 0.2405238539238541, 0.16522788877788888, 0.3285334887334887], [0.2412342490842491, 0.2927788766788764, 0.20008812298812303, 0.2658987512487513], [0.2493846209346209, 0.32343219003219, 0.16707216672216674, 0.2601110223110224], [0.264123581973582, 0.2860525530025532, 0.18682127317127317, 0.26300259185259195], [0.19775638805638815, 0.3107710381122146, 0.23120566851449204, 0.2602669053169054], [0.20316061683414638, 0.26931688311688323, 0.18527979797979804, 0.3422427020691727], [0.23753493695846645, 0.24027610722610734, 0.18541536241536247, 0.33677359340006413], [0.24224240204240216, 0.27165523920523926, 0.17310123765123767, 0.3130011211011211], [0.20475821400821423, 0.2767202963702963, 0.13501637806637806, 0.3835051115551116], [0.22929933954933965, 0.30507871572871575, 0.1725774975024975, 0.2930444472194472], [0.2096768342768343, 0.3155820401820401, 0.18570548340548343, 0.28903564213564226], [0.2320162309912311, 0.3124308746808746, 0.17263585858585875, 0.2829170357420358], [0.27222471417471433, 0.2608714674214675, 0.16189883449883463, 0.305004983904984], [0.29637844932844937, 0.262082128982129, 0.1256010545010545, 0.31593836718836704], [0.18126517371517376, 0.2403913142413143, 0.21429516594516604, 0.36404834609834585], [0.2711322732822733, 0.26310164835164845, 0.18973258685758695, 0.2760334915084916], [0.20752409812409828, 0.2394189033189034, 0.21170062715062724, 0.3413563714063715], [0.18125012210012212, 0.2679557720057721, 0.18446097761887242, 0.3663331282752334], [0.2112159229659232, 0.35229300976800976, 0.16728002275502277, 0.26921104451104455], [0.24338770118770126, 0.250930563880564, 0.17311487956487964, 0.33256685536685554], [0.2301595293595295, 0.33014309579309575, 0.16372585192585193, 0.27597152292152305], [0.2173379731379732, 0.30964365079365097, 0.2022498334998336, 0.2707685425685426], [0.17802641247641243, 0.23671539571539582, 0.2304809745809746, 0.35477721722721717], [0.2346968531468532, 0.32363408454290804, 0.11554689199689201, 0.326122170313347], [0.2421674603174604, 0.21230479242979255, 0.20095483405483403, 0.3445729131979132], [0.19631790986791003, 0.3620013209013211, 0.19239669970552337, 0.2492840695252461], [0.23907063492063496, 0.2589239704739705, 0.1140654234654235, 0.38793997113997114], [0.23625217560217573, 0.27250182040182036, 0.17204829059829058, 0.31919771339771347], [0.15551936396936403, 0.316111471861472, 0.1880634532134533, 0.3403057109557111], [0.22116121656121662, 0.3679344488844488, 0.16115772560772568, 0.24974660894660905], [0.20417159507159516, 0.3625416288389972, 0.15051527916527918, 0.2827714969241287], [0.30570603285603287, 0.2423043234543236, 0.13860454545454545, 0.3133850982350981], [0.21707660117660124, 0.29021544011544015, 0.22654951714951718, 0.2661584415584415], [0.2261404317904319, 0.3120673826173827, 0.1512671051171052, 0.31052508047508043], [0.2026342213342214, 0.27951278721278733, 0.22683690476190482, 0.29101608669108664], [0.1973485791985793, 0.2835997613497614, 0.16606106116106129, 0.35299059829059826], [0.2556330447330449, 0.3164598512598513, 0.15749030969030978, 0.2704167943167944], [0.2631770840270841, 0.24048326118326133, 0.17046486291486299, 0.32587479187479196], [0.21537914862914867, 0.3048637085137085, 0.15682388167388175, 0.3229332611832614], [0.2031700133200135, 0.29924867909867914, 0.2075643245643246, 0.2900169830169831], [0.18234314574314572, 0.30131081696081696, 0.1963277111777112, 0.3200183261183261], [0.19262160617160626, 0.2890356865356867, 0.22045134310134312, 0.2978913641913641], [0.2648089688089689, 0.2114073482073483, 0.12947858252858263, 0.3943051004551002], [0.27466093906093897, 0.2607481962481964, 0.15434183039183036, 0.3102490342990343], [0.2364212343212344, 0.31690651015650995, 0.16618908313908312, 0.28048317238317244], [0.19420695415695421, 0.3059248640248639, 0.20638595848595864, 0.29348222333222346], [0.23462276971394633, 0.228901320901321, 0.1594535226211697, 0.3770223867635631], [0.257441466866467, 0.24599746087246102, 0.18667822732822736, 0.3098828449328449], [0.23437634865134874, 0.324847005772006, 0.1479270784770785, 0.2928495670995673], [0.2101077200577202, 0.26967649572649577, 0.20834193584193603, 0.31187384837384846], [0.22444386169386182, 0.2728112110112109, 0.15689584304584311, 0.3458490842490842], [0.22762929847929864, 0.2966859029859031, 0.21641683316683313, 0.25926796536796554], [0.20832690087690106, 0.28240698745698745, 0.1589062049062049, 0.35035990675990686], [0.19536181041181053, 0.2763948412698413, 0.1354281163281163, 0.39281523199023205], [0.22624064269064276, 0.2812078421578422, 0.14860916305916314, 0.34394235209235186], [0.20108239158502336, 0.37303580863580854, 0.20896885716622565, 0.21691294261294275], [0.21118952713952716, 0.31429032079032077, 0.16992720612720627, 0.3045929459429459], [0.22468314083577245, 0.2724967920967922, 0.18054440384177234, 0.32227566322566314], [0.2855057997557997, 0.26783246753246764, 0.20290730935730938, 0.2437544233544234], [0.2612721334221333, 0.3026175324675325, 0.1491584693084694, 0.2869518648018649], [0.2353726384726386, 0.2872433070197776, 0.17828562515915464, 0.29909842934842945], [0.1660086060997826, 0.25978660228660233, 0.17715513016395373, 0.3970496614496615], [0.21780454545454556, 0.3251612415362414, 0.22079373681873685, 0.23624047619047633], [0.2568563381063381, 0.3122345598845602, 0.17628905538905545, 0.25462004662004667], [0.2674810439560439, 0.21694000721500728, 0.11083777888777899, 0.40474116994116965], [0.19941103896103896, 0.22721727161727173, 0.1356700577200578, 0.43770163170163157], [0.25247990342990356, 0.2903192862692863, 0.14746662781662787, 0.3097341824841826], [0.22302004662004668, 0.309527122877123, 0.14704319569319574, 0.32040963480963486], [0.25552964257964267, 0.279319708069708, 0.19044124764124787, 0.2747094017094018], [0.17745179820179832, 0.33491697746697746, 0.1805841935841936, 0.3070470307470309], [0.22791940836940847, 0.29037188367188377, 0.23010088800088793, 0.25160781995781994], [0.23713394383394382, 0.22999085359085372, 0.2845396400984636, 0.24833556247673902], [0.21512802197802197, 0.2905150793650793, 0.16554728049728054, 0.32880961815961846], [0.28001130732013074, 0.2602940040351806, 0.2005466422466424, 0.2591480463980466], [0.1800183927183928, 0.28859699189699195, 0.21932624320124336, 0.3120583721833723], [0.2340586857586859, 0.3053787268287269, 0.1743557498057498, 0.28620683760683757], [0.1929544733044734, 0.3172572150072148, 0.1840973581973582, 0.3056909534909535], [0.20121500166500184, 0.26772499167499175, 0.22221390831390844, 0.30884609834609816], [0.22767884337884342, 0.2910920634920636, 0.17029734709734717, 0.3109317460317461], [0.21253661893661893, 0.29158160173160147, 0.22497478632478632, 0.270906993006993], [0.22288526473526485, 0.29509015984015974, 0.18174347874347885, 0.30028109668109676], [0.22983418248418255, 0.3227451881451882, 0.12610284160284166, 0.3213177877677877], [0.18734923997571068, 0.3057676972150655, 0.19393953236306183, 0.3129435304461621], [0.27511409146409166, 0.25691245421245434, 0.20725097125097144, 0.26072248307248314], [0.23847145077145085, 0.2926882062382063, 0.15478488733488735, 0.3140554556554558], [0.25250730380730396, 0.2851599678099679, 0.12937657897657903, 0.3329561494061495], [0.1909665834165835, 0.2870964757464759, 0.18145283050283048, 0.3404841103341102], [0.24943229548229565, 0.29400776445776444, 0.21746366052248406, 0.2390962795374561], [0.1784582251082252, 0.3332135864135863, 0.19051445776445783, 0.29781373071373074], [0.28351862581862586, 0.2449750249750251, 0.15055781995782003, 0.3209485292485293], [0.2614240814740816, 0.2979000000000001, 0.13798217893217893, 0.3026937395937398], [0.21207101787101806, 0.293421867021867, 0.18385235875235892, 0.31065475635475653]]}, "rewritten": {"ids": ["97105451", "97105760", "97106770", "97106970", "97107260", "97107920", "97109570", "97112170", "97116800", "98106880", "98107210", "98110710", "98111231", "98111670", "98112170", "98117740", "98120010", "99107630", "99107660", "99109161", "99110050", "99111620", "99112840", "99116500", "99117630", "99120010", "99121440", "100107920", "100108080", "100108490", "100109000", "100109311", "100111080", "100111270", "100111390", "100112060", "100113210", "101111990", "101112160", "101114990", "101117580", "102107961", "102110500", "102117351", "102118380", "102121700", "103110760", "103110840", "103113260", "103117200", "103120730", "104110960", "104114230", "104114740", "104116980", "104119290", "104119340", "105110091", "105111990", "105119550", "105121190", "106111321", "106113260", "106115120", "106116370", "106116441", "106116820", "106120290", "107112840", "107113130", "107113260", "107114140", "107114200", "107114621", "107115140", "107115250", "107118820", "107120130", "107120880", "107121540", "108113700", "108115500", "108115880", "108116070", "108116501", "108117451", "108118291", "108120280", "108121351", "108121410", "109113881", "109114030", "109114220", "109114720", "109115070", "109115380", "109116170", "109116750", "109117080", "109117431", "109119340", "109119460", "109120150", "110114321", "110114950", "110115120", "110115580", "110115980", "110118301", "110118810", "110118880", "110118930", "110120531", "110120640", "111114321", "111115400", "111115620", "111116170", "111119150", "111119300", "111119610", "111120320", "111121351", "111121410", "112116540", "112116800", "112116850", "112116990", "112119450", "112119500", "112119980", "112120630", "112120640", "113117340", "113118421", "113119480", "113120531", "113121680", "113121750", "113121810", "113121980", "113122430"], "labels": [0, 0, 3, 2, 2, 0, 0, 0, 0, 0, 1, 2, 1, 1, 3, 2, 2, 2, 3, 3, 3, 3, 2, 2, 3, 2, 2, 0, 0, 2, 1, 1, 0, 2, 2, 2, 0, 2, 3, 3, 3, 3, 3, 1, 1, 1, 1, 1, 3, 0, 1, 2, 2, 2, 1, 1, 1, 0, 2, 1, 2, 0, 3, 1, 2, 0, 1, 2, 1, 1, 0, 2, 2, 0, 0, 2, 3, 2, 1, 2, 0, 3, 3, 1, 0, 2, 3, 3, 3, 0, 0, 1, 3, 0, 0, 3, 0, 0, 1, 1, 3, 1, 2, 1, 0, 0, 1, 1, 1, 1, 0, 1, 0, 0, 1, 0, 1, 0, 3, 1, 2, 1, 0, 0, 1, 0, 0, 0, 3, 2, 0, 3, 0, 2, 3, 3, 0, 1, 0, 2, 2, 2], "predicted_labels": [0, 3, 2, 3, 3, 0, 3, 1, 0, 3, 3, 3, 0, 1, 3, 1, 3, 3, 2, 3, 3, 1, 3, 1, 0, 1, 1, 3, 3, 1, 1, 3, 1, 1, 3, 1, 3, 3, 3, 1, 0, 1, 0, 3, 1, 1, 3, 0, 1, 1, 1, 1, 1, 1, 3, 3, 3, 1, 3, 1, 3, 0, 3, 3, 3, 1, 0, 1, 1, 1, 3, 1, 3, 1, 3, 1, 1, 1, 3, 3, 1, 1, 3, 1, 0, 3, 3, 3, 3, 1, 3, 3, 1, 3, 1, 3, 3, 1, 1, 3, 3, 3, 3, 3, 3, 3, 1, 3, 1, 3, 3, 1, 3, 1, 1, 1, 3, 1, 3, 1, 1, 3, 1, 1, 3, 1, 3, 3, 3, 1, 3, 3, 1, 1, 0, 3, 1, 3, 1, 1, 3, 1], "confidence_scores": [[0.28707922355422355, 0.27564749139749156, 0.18050450105450117, 0.25676878399378417], [0.2642038961038961, 0.24410203685203688, 0.19888208458208467, 0.2928119824619826], [0.22164895104895105, 0.2457314019314021, 0.28227560968443327, 0.250344037335214], [0.21700389610389617, 0.25303508713508727, 0.20867262182262195, 0.3212883949383949], [0.19895842213342219, 0.2665218781218782, 0.20019074536574538, 0.33432895437895427], [0.3176038794538796, 0.215025840825841, 0.17403857808857817, 0.2933317016317018], [0.2636898989898991, 0.2630486291486292, 0.17358607503607512, 0.2996753968253969], [0.2528581038242804, 0.3059474603827544, 0.16435522973758274, 0.27683920605538254], [0.2947072927072928, 0.24060461760461768, 0.17246586746586742, 0.29222222222222216], [0.20915542235542237, 0.2756063603063603, 0.2335322233322235, 0.281705994005994], [0.20537456987456992, 0.26624499389499395, 0.24803953268953277, 0.28034090354090363], [0.2328157953157954, 0.2716318292818296, 0.19147494727494743, 0.30407742812742783], [0.2850340048840047, 0.2632623265623266, 0.18588940503940513, 0.26581426351426357], [0.2108658452658454, 0.279999062049062, 0.24542705627705644, 0.26370803640803636], [0.2156766455766457, 0.30720283050283054, 0.1600767121767122, 0.3170438117438119], [0.19768850593850593, 0.31510216450216455, 0.17946328393828404, 0.3077460456210456], [0.22507527080762396, 0.27864037106684175, 0.20625837495837504, 0.2900259831671598], [0.2401011766011766, 0.2531307858807861, 0.16660952380952385, 0.34015851370851374], [0.23314299034299035, 0.24238655788655802, 0.2763438061938062, 0.24812664557664565], [0.26353453768453794, 0.26640675435675454, 0.1951138000888003, 0.274944907869908], [0.23456955821955844, 0.2549041847041848, 0.2086184981684982, 0.301907758907759], [0.20159720834720835, 0.3300258519258519, 0.20703804251304267, 0.2613388972138972], [0.20832593517593523, 0.3106964313464314, 0.1543860722610723, 0.3265915612165611], [0.194480291930292, 0.338358164058164, 0.21523330003330002, 0.25192824397824415], [0.2953084693084692, 0.2639649517149517, 0.1999625374625374, 0.24076404151404157], [0.2501777833277833, 0.2865969419469419, 0.17880703185703192, 0.2844182428682429], [0.21637251082251088, 0.3453131257631257, 0.21657647907647926, 0.2217378843378845], [0.25634853235000304, 0.24226340881340883, 0.177289081996435, 0.3240989768401532], [0.22756073371073376, 0.3091787545787547, 0.15400942945942955, 0.3092510822510823], [0.21640594405594404, 0.33407233877233883, 0.19395277500277508, 0.2555689421689424], [0.22760710955710967, 0.3226936174936176, 0.1966437007437008, 0.2530555722055723], [0.23116013051276216, 0.28588061383061397, 0.16491093175830035, 0.31804832389832394], [0.22850063270063273, 0.30468190698190695, 0.19523729048729052, 0.27158016983016997], [0.2145055500055501, 0.3177854237266001, 0.23144979856744566, 0.23625922770040428], [0.2513720335220336, 0.2821210012210012, 0.16421396936396943, 0.3022929958929959], [0.260964973914974, 0.2766668961757197, 0.2061013910925676, 0.25626673881673895], [0.20728506493506493, 0.26696139971139976, 0.1364335497835498, 0.3893199855699856], [0.23358644133644144, 0.2742374125874125, 0.16343300033300043, 0.3287431457431457], [0.17523305028305028, 0.25042431457431485, 0.23757263292263295, 0.33677000222000203], [0.1971577922077922, 0.3618422077922077, 0.17174411976911982, 0.2692558802308804], [0.3016693972693973, 0.26501016761016766, 0.14970853590853592, 0.28361189921189905], [0.2491979770229771, 0.27606798201798216, 0.22175779220779235, 0.25297624875124886], [0.30226064213564197, 0.25396768231768246, 0.15955729548229564, 0.28421438006438016], [0.301340959040959, 0.26602624042624046, 0.1278633755133755, 0.3047694250194249], [0.20903739038739055, 0.3116045121545123, 0.19416298701298706, 0.2851951104451103], [0.24460460270723447, 0.3234619214119213, 0.15773350363087207, 0.27419997224997217], [0.26577366522366536, 0.26665518370518365, 0.19525329115329135, 0.27231785991785984], [0.2895081196581196, 0.2387885780885781, 0.19579802419802417, 0.27590527805527815], [0.21844463489726645, 0.28975541125541127, 0.20884543059279906, 0.28295452325452325], [0.25977034632034657, 0.3148493783993784, 0.1291531024531025, 0.29622717282717304], [0.28199787989788, 0.29451996336996333, 0.1938194222444224, 0.2296627344877346], [0.25513901098901115, 0.2746669275169277, 0.19747366522366533, 0.2727203962703962], [0.19696919191919196, 0.30590061605061614, 0.2062534354534355, 0.29087675657675677], [0.18950728160728167, 0.3313820901320902, 0.1998760961260962, 0.2792345321345321], [0.199976406926407, 0.28132787212787236, 0.16491341991341998, 0.35378230103230107], [0.15671717171717173, 0.28887460317460323, 0.16431376927166408, 0.3900944558365608], [0.2473128538128538, 0.286388628038628, 0.15160982905982923, 0.3146886890886891], [0.22215960591695902, 0.28766245225362896, 0.23077753357753386, 0.2594004082518788], [0.25303317238317247, 0.2800262043512043, 0.1486706016206017, 0.31827002164502155], [0.26816240230357896, 0.2940465090465091, 0.15948039574804282, 0.2783106929018693], [0.20027375957375973, 0.2936597680097681, 0.20268407703407712, 0.3033823953823954], [0.3120549728049727, 0.26345359640359634, 0.15113305583305595, 0.273358374958375], [0.2743341047841048, 0.27455155400155395, 0.15823352758352763, 0.29288081363081353], [0.2990209235209236, 0.26745427905427915, 0.13351247086247095, 0.3000123265623264], [0.26323541425894376, 0.2735430291930292, 0.1735366522366523, 0.28968490431137495], [0.22655760350760362, 0.3154924630924632, 0.16521489066489076, 0.2927350427350428], [0.2980720057720058, 0.25902950937950947, 0.16839536019536025, 0.2745031246531247], [0.2135257076257077, 0.28911118522000906, 0.22909968724086377, 0.26826341991342], [0.2876849372849374, 0.30386972471972484, 0.15452193917193915, 0.25392339882339904], [0.25023699078699074, 0.3048321511821512, 0.1705907425907427, 0.2743401154401154], [0.22641641969141987, 0.27935548340548344, 0.19376608946608948, 0.30046200743700757], [0.23066852212115385, 0.335898445998446, 0.17084868289605135, 0.2625843489843492], [0.19677281607281616, 0.28013232425469264, 0.11063344155844156, 0.41246141811404957], [0.26330450660450666, 0.2985003663003664, 0.14136739926739936, 0.296827727827728], [0.2590634643134643, 0.18808141662259317, 0.13574670329670338, 0.41710841576723917], [0.2338241425241427, 0.3112656954156955, 0.18833697968697963, 0.26657318237318256], [0.2057728105228107, 0.31817067377067354, 0.16290334110334115, 0.31315317460317477], [0.21958236208236215, 0.3484882617382618, 0.1380808413808414, 0.29384853479853484], [0.2272051133077449, 0.2707899433899435, 0.18602096061832918, 0.31598398268398264], [0.17754392274392278, 0.28620758685758707, 0.19585220335220344, 0.3403962870462869], [0.23680159285159286, 0.3090945332445333, 0.1746437201687202, 0.2794601537351538], [0.21390084915084923, 0.3079776057276058, 0.1861201742701744, 0.29200137085137085], [0.23293887501387506, 0.28467858252858247, 0.18000656565656586, 0.3023759768009769], [0.25348510737628377, 0.2854381035631036, 0.18435894301776667, 0.276717846042846], [0.2948803363303363, 0.2536823065823065, 0.16286071706071711, 0.28857664002664013], [0.2868271728271728, 0.2324695082695084, 0.12606688311688316, 0.35463643578643567], [0.29057036852036855, 0.2276344191755957, 0.18432326203208566, 0.2974719502719502], [0.2815421844495375, 0.2765727081741788, 0.1482036741036741, 0.29368143327260987], [0.24813604728604752, 0.2596741924741925, 0.1615892551892553, 0.3306005050505049], [0.26398919185389785, 0.29397566273595716, 0.2028640486964017, 0.23917109671374387], [0.2336421356421357, 0.27140242535242537, 0.21585608835608847, 0.27909935064935065], [0.23512843545343548, 0.2730805056055057, 0.19111030081030092, 0.300680758130758], [0.2420558497058498, 0.29136926406926406, 0.1833934343434345, 0.28318145188145194], [0.13863819513819522, 0.33635028860028854, 0.17496444111444104, 0.3500470751470752], [0.21955408480408486, 0.3798754190254189, 0.16037424797424804, 0.2401962481962482], [0.18967758320111278, 0.28837050172050177, 0.22487851037851042, 0.29707340469987525], [0.18615844710844717, 0.28172955932955945, 0.1779616383616385, 0.3541503552003553], [0.2227060023310024, 0.3335751554001555, 0.18355934065934068, 0.2601595016095017], [0.1773466033966036, 0.3262231157731158, 0.17882791652791646, 0.31760236430236427], [0.22039994449994463, 0.29503785103785096, 0.18347190032190025, 0.30109030414030435], [0.23483870851370858, 0.2794178710178711, 0.15308263403263414, 0.33266078643578645], [0.23780999555999568, 0.28626070596070596, 0.16492331557331558, 0.3110059829059828], [0.22324075924075934, 0.25267395382395386, 0.1897828782328783, 0.33430240870240885], [0.23299740259740276, 0.2937779803529804, 0.17598201243201259, 0.2972426046176049], [0.2602117712353006, 0.25417007992008006, 0.13671214341214344, 0.348906005432476], [0.21870262515262529, 0.31435233100233095, 0.1294835914085915, 0.33746145243645237], [0.2272958985458987, 0.29762869907869927, 0.2445856643356645, 0.23048973803973824], [0.23999754722401795, 0.26507952602952606, 0.16938685921921226, 0.3255360675272441], [0.25358894716394725, 0.32286600817483163, 0.14106021560139215, 0.2824848290598293], [0.20095688200688214, 0.2941839882339883, 0.16703333333333348, 0.3378257964257965], [0.263749322899323, 0.22435342435342456, 0.143406623931624, 0.3684906288156287], [0.19998580863580873, 0.3494238983238981, 0.150198595848596, 0.3003916971916971], [0.2377840159840162, 0.27024140859140855, 0.15142039627039636, 0.34055417915417924], [0.2173594960594961, 0.3084695804195804, 0.1688785492285492, 0.3052923742923742], [0.2379593073593076, 0.27757745032745046, 0.22067975912975923, 0.2637834831834832], [0.2746068709068708, 0.2764944111444112, 0.19601240981240992, 0.25288630813630797], [0.22731364746364746, 0.2893827672327671, 0.16444768287268288, 0.3188559024309022], [0.2118021423021424, 0.3419147963147963, 0.12573212898212902, 0.3205509324009326], [0.22086031746031765, 0.2781859232270997, 0.16130618270618283, 0.3396475766064002], [0.22135604015867189, 0.30139691419691417, 0.17656719216456068, 0.3006798534798533], [0.1740239167265485, 0.29343570318570306, 0.24162681587418436, 0.2909135642135642], [0.18377027221144873, 0.31046967476967463, 0.1600913661501898, 0.34566868686868696], [0.26807369297369305, 0.28594956154956175, 0.16570318570318576, 0.28027355977355983], [0.2252860972360973, 0.3121183483183484, 0.1538946886446887, 0.30870086580086603], [0.22675834720834728, 0.29310553335553347, 0.1582463924963926, 0.3218897269397269], [0.2116118548118549, 0.311982967032967, 0.17780618825618832, 0.29859898989898975], [0.21384251304251317, 0.29150269730269723, 0.17318025308025312, 0.3214745365745366], [0.260220806970807, 0.22746704961704975, 0.17108063048063063, 0.3412315129315128], [0.19245913530913547, 0.24138591963591982, 0.12527879620379623, 0.4408761488511486], [0.22262658485305545, 0.3136832001332001, 0.18355218082571037, 0.2801380341880343], [0.18963074980574993, 0.28593235571617936, 0.1347464016375781, 0.38969049284049295], [0.21071973941091596, 0.258763630813631, 0.20086126487891195, 0.3296553648965413], [0.24263196248196237, 0.2745437229437229, 0.2331553391053391, 0.24966897546897557], [0.1896031524031524, 0.30825442335442327, 0.1990091242091243, 0.3031333000333], [0.33560468975468993, 0.2292506160506161, 0.11345147075147073, 0.32169322344322343], [0.27646621156621176, 0.2319580086580088, 0.17342448107448122, 0.31815129870129855], [0.23948643578643578, 0.30416973026973027, 0.1585180097680097, 0.2978258241758242], [0.18639872904872914, 0.28389778554778555, 0.19768504273504278, 0.3320184426684426], [0.2264814574314576, 0.32699865885748225, 0.12867972582972584, 0.3178401578813344], [0.21969283494283498, 0.31193297258297276, 0.1912352536352537, 0.277138938838939], [0.19060921300921307, 0.3043938672438673, 0.16245762570762576, 0.3425392940392942], [0.19158908313908316, 0.3265711122211121, 0.20450620490620505, 0.2773335997335997]]}}