{"test": {"ids": ["99107560", "98111620", "105117351", "111115910", "102110050", "108115970", "109116040", "112121360", "101110150", "108115880", "99110730", "111118301", "110118810", "105115570", "97106000", "107116501", "103118110", "98109311", "110114720", "102109840", "104114230", "102113350", "110120640", "107121700", "97106820", "113120280", "109113281", "111118910", "105119950", "108117360", "101109000", "100113210", "97108520", "103113270", "107117630", "105114220", "101108460", "97107821", "107114140", "109115380", "113118630", "101109370", "97106600", "107114200", "105116090", "110118880", "109117600", "104116441", "112120700", "108119510", "98109230", "108117720", "106114280", "104113000", "111117200", "99111930", "109114720", "112116990", "101108080", "104113550", "110113931", "111116110", "106121220", "105116980", "101109120", "110117140", "98119591", "98108520", "110119891", "108121410", "108113620", "97106591", "110118181", "113118620", "107121230", "112118701", "110119300", "113121680", "112116850", "113121980", "110120190", "98106680", "109116930", "111115780", "101108621", "106113190", "101117580", "98121790", "113122220", "113119320", "110117080", "109118161", "104117630", "99105921", "100109980", "111114321", "104111990", "102110890", "101111140", "109119460", "107120880", "106115240", "98106111", "109119450", "111119300", "111114941", "112116501", "100109890", "97105580", "104111620", "104111550", "97106770", "108116070", "101108290", "99109311", "113118810", "99109370", "97105760", "112117790", "105112130", "111119950", "98111670", "107120010", "106116120", "102116340", "98107010", "105111990", "110116441", "109114030", "113121190", "111120640", "104113380", "111117571", "112118820", "106117650", "106119580", "107114321", "99108330", "113121750", "102113210", "110120531", "106114011"], "labels": [1, 3, 0, 2, 3, 2, 0, 3, 1, 3, 3, 3, 1, 0, 0, 1, 2, 1, 3, 2, 2, 3, 0, 3, 1, 0, 0, 0, 3, 1, 1, 0, 2, 2, 0, 3, 0, 2, 2, 3, 3, 1, 3, 2, 1, 0, 1, 1, 2, 1, 1, 1, 3, 1, 0, 1, 0, 0, 0, 1, 1, 3, 1, 0, 1, 3, 1, 2, 3, 0, 3, 1, 1, 3, 0, 0, 1, 1, 0, 2, 3, 1, 0, 1, 0, 0, 3, 2, 1, 1, 1, 0, 0, 1, 1, 1, 2, 0, 2, 1, 1, 1, 0, 3, 1, 0, 3, 3, 1, 0, 1, 3, 1, 0, 1, 3, 1, 0, 3, 1, 0, 1, 1, 1, 3, 3, 2, 3, 1, 1, 0, 1, 3, 0, 1, 3, 0, 1, 0, 3, 0, 1], "predicted_labels": [3, 1, 1, 3, 1, 2, 3, 3, 3, 0, 2, 0, 3, 1, 3, 3, 1, 3, 1, 3, 3, 3, 3, 3, 3, 3, 3, 1, 3, 3, 3, 3, 3, 2, 3, 1, 3, 0, 0, 1, 1, 3, 1, 1, 1, 3, 3, 3, 1, 3, 2, 3, 3, 3, 0, 1, 3, 1, 0, 0, 3, 1, 2, 3, 1, 3, 3, 3, 1, 3, 3, 3, 1, 3, 1, 0, 3, 1, 3, 3, 3, 3, 0, 3, 0, 3, 3, 0, 3, 3, 3, 3, 3, 1, 3, 3, 0, 3, 3, 3, 1, 1, 1, 3, 0, 3, 3, 3, 3, 0, 1, 3, 3, 3, 0, 3, 3, 3, 3, 3, 3, 1, 3, 1, 2, 3, 3, 3, 3, 3, 3, 2, 3, 1, 1, 3, 3, 0, 3, 3, 3, 3], "confidence_scores": [[0.21537554112554116, 0.2123915598290599, 0.2760875721500721, 0.29614532689532713], [0.18103445165945167, 0.32406913919413927, 0.22946002608502616, 0.2654363830613831], [0.23346986346986345, 0.33752310189810186, 0.15415818903318904, 0.27484884559884576], [0.23380951891246, 0.2982034632034632, 0.14049152236652235, 0.32749549551755436], [0.2042581862581862, 0.2876560245310246, 0.24272781385281383, 0.26535797535797534], [0.178026085026085, 0.2770161594941006, 0.2965100642821232, 0.2484476911976911], [0.23435166222666215, 0.2651778221778222, 0.2072261072261072, 0.2932444083694083], [0.23308358308358318, 0.20350728438228438, 0.2462071817071818, 0.3172019508269509], [0.27584817959817964, 0.2602056693306693, 0.13288965201465197, 0.3310564990564992], [0.2919652916527917, 0.21965571928071928, 0.20381782106782104, 0.2845611679986681], [0.21387563131313136, 0.2394255744255744, 0.28229100066600066, 0.2644077935952936], [0.29531644744144747, 0.2713681457431459, 0.15685660173160174, 0.2764588050838051], [0.24412894050394054, 0.2321884504384504, 0.20598711011211013, 0.3176954989454989], [0.1702098873348873, 0.3067470723720724, 0.2325319402819403, 0.2905111000111], [0.22131107415975845, 0.26070422632922624, 0.22297716172716167, 0.2950075377838535], [0.2651602147852147, 0.24664270451770448, 0.1498936896436896, 0.33830339105339113], [0.19436995847289967, 0.31760761460761483, 0.2478987589208177, 0.2401236679986681], [0.2838988095238095, 0.2321621572871573, 0.14771031746031743, 0.33622871572871577], [0.20648177720971833, 0.2881851759351759, 0.23518325138913374, 0.27014979546597206], [0.20511338661338663, 0.24042014929514938, 0.2375948218448218, 0.3168716422466422], [0.2163718781218782, 0.29023232323232323, 0.18086435786435787, 0.3125314407814408], [0.174091471028971, 0.2666537698412697, 0.21785612998113, 0.3413986291486292], [0.22701658940474725, 0.2300289016539017, 0.1963198110369163, 0.3466346979044348], [0.21298575036075032, 0.26832181013431017, 0.2284221472971472, 0.2902702922077923], [0.21802506725300833, 0.262473470973471, 0.18505155057360934, 0.3344499111999111], [0.2558817293817293, 0.2531038961038962, 0.1229903152403152, 0.36802405927405935], [0.2841769480519481, 0.2353333333333333, 0.19545021645021643, 0.2850395021645022], [0.2153147824397825, 0.3348532023532023, 0.14990813353313345, 0.2999238816738817], [0.2605254537129537, 0.233101023976024, 0.1720914155289155, 0.33428210678210696], [0.18533207070707075, 0.2783783855033855, 0.2301530136530137, 0.3061365301365302], [0.21921557609057604, 0.28033494721652624, 0.182908189033189, 0.31754128765970874], [0.22931409154570914, 0.26289119907869907, 0.1924959762459763, 0.3152987331296156], [0.23317503330003334, 0.22295066738816743, 0.23672090409590404, 0.3071533952158953], [0.21982191054559472, 0.22668643856143852, 0.2804627178377179, 0.27302893305524883], [0.24826355588855595, 0.24609529359529347, 0.1896401862026862, 0.31600096431346436], [0.22647191697191713, 0.2970654761904762, 0.18609523809523806, 0.29036736874236885], [0.27271788138332265, 0.2080514485514485, 0.21487467883423772, 0.30435599123099133], [0.3168629148629149, 0.22174193861693867, 0.1812848817848818, 0.2801102647352647], [0.41103481240981243, 0.20479473304473306, 0.12805627705627703, 0.2561141774891775], [0.21206222943722952, 0.2800193001443003, 0.2571626984126984, 0.250755772005772], [0.16454317904317903, 0.313428973803974, 0.2562770007770007, 0.2657508463758464], [0.26460689310689317, 0.24734274059274053, 0.21293394105894098, 0.2751164252414253], [0.25271332833832844, 0.262314393939394, 0.2552006327006328, 0.22977164502164513], [0.19628779553779552, 0.34145218670218674, 0.23594484681984695, 0.22631517094017095], [0.1976217740592741, 0.2995155726626315, 0.25582205988455997, 0.24704059339353457], [0.26250421800421814, 0.27847581585081593, 0.12791884504384504, 0.3311011211011211], [0.2850127323656735, 0.2010059523809523, 0.20868795093795098, 0.3052933643154231], [0.24163555194805197, 0.2698869047619048, 0.18147285353535353, 0.3070046897546898], [0.19048879775195554, 0.32077765290265303, 0.20237811384521906, 0.28635543550017234], [0.160565823065823, 0.27556049506049496, 0.22310907148407158, 0.34076461038961037], [0.19777109695859704, 0.2507714646464646, 0.3081660700410701, 0.24329136835386847], [0.2720253219003219, 0.223965367965368, 0.1644673520923521, 0.33954195804195814], [0.2162060202869026, 0.24508908738320506, 0.21764326523150057, 0.3210616270983918], [0.25233825896325907, 0.21154342879342877, 0.20356257631257635, 0.3325557359307358], [0.29783825896325905, 0.23670514901764902, 0.1924093684093684, 0.2730472236097236], [0.24859279609279614, 0.2705406954156955, 0.215455919080919, 0.2654105894105894], [0.22695622433122437, 0.2741094183594183, 0.2208133671883672, 0.27812099012099006], [0.24880937118437124, 0.2954108252858253, 0.17366634754134755, 0.28211345598845605], [0.3294143674952499, 0.24690568663362772, 0.16212513956631608, 0.2615548063048063], [0.34281210456210454, 0.2024504523254523, 0.13611821511821506, 0.3186192279942279], [0.22586726467976478, 0.24616486291486298, 0.2263470557220556, 0.30162081668331675], [0.2682411616161616, 0.2710155122655123, 0.20703914141414137, 0.25370418470418465], [0.2176189782439783, 0.2660155122655123, 0.27338329725829735, 0.2429822122322123], [0.19788203463203463, 0.31586464923964924, 0.15938024475524476, 0.32687307137307137], [0.2404989732489733, 0.2880970973470974, 0.23221696359196362, 0.23918696581196586], [0.24913395020012669, 0.27458916083916085, 0.17914631610219842, 0.2971305728585141], [0.297166305916306, 0.2024419191919191, 0.1969920634920635, 0.3033997113997113], [0.2685997335997337, 0.24950450937950952, 0.2118448773448773, 0.27005087967587965], [0.2673531052281053, 0.2804033605283605, 0.17755057442557443, 0.27469295981795977], [0.21102690446808092, 0.30222487234987233, 0.18066587007763474, 0.30608235310441206], [0.20928463203463196, 0.26435660173160175, 0.15825937950937946, 0.3680993867243867], [0.24322362359862365, 0.2323175851925852, 0.23913418525918526, 0.28532460594960607], [0.18566219891219896, 0.32333671883671883, 0.21948659673659676, 0.2715144855144855], [0.19796479215229212, 0.27980939893439893, 0.1649507020757021, 0.35727510683760694], [0.20712772929684703, 0.35428539516039514, 0.19544196081696083, 0.24314491472579708], [0.31054143079143076, 0.21996867021867025, 0.18549368686868692, 0.28399621212121207], [0.2169899822399823, 0.2433080114330114, 0.205611346986347, 0.3340906593406593], [0.15802953990453988, 0.36591666666666667, 0.2312206543456544, 0.24483313908313906], [0.2274373404373405, 0.23588035575535574, 0.16552472527472528, 0.3711575785325785], [0.2517928460428461, 0.2963891435362024, 0.14769255744255744, 0.30412545297839416], [0.23064130314130316, 0.2634776889776891, 0.20104803529803533, 0.3048329725829726], [0.22097957597957602, 0.22237994644244646, 0.2416208513708514, 0.31501962620712615], [0.3624616078366079, 0.20156619769119768, 0.12575977209065445, 0.31021242238154], [0.2315814602064602, 0.2204529220779221, 0.214280969030969, 0.3336846486846489], [0.30919769119769125, 0.2687504856254857, 0.15006499056499054, 0.27198683261183265], [0.2319549241608065, 0.22212188709982839, 0.2495211324623091, 0.29640205627705624], [0.22510452741702738, 0.26301827339327344, 0.20385242535242531, 0.308024773837274], [0.3315575951825952, 0.2443756105006106, 0.17348359973359972, 0.2505831945831946], [0.18249675324675324, 0.258093364968365, 0.25199748862248866, 0.3074123931623932], [0.2397796370296371, 0.29226064213564223, 0.17460245310245312, 0.2933572677322677], [0.19215963203463202, 0.280991341991342, 0.22593055555555558, 0.3009184704184704], [0.2865154845154846, 0.22352718115218106, 0.1398111471861472, 0.3501461871461874], [0.2644136002886003, 0.2795469807969807, 0.15865982628482622, 0.2973795926295926], [0.19133097458097456, 0.29837463924963925, 0.2132949272949273, 0.2969994588744589], [0.21842792828086957, 0.2174711954711956, 0.2578238754709343, 0.30627700077700093], [0.23839714452214456, 0.25219803807303803, 0.18369536019536029, 0.3257094572094574], [0.26993978937728935, 0.26353192640692635, 0.1977446997446997, 0.2687835844710843], [0.26671661671661673, 0.23513224969474966, 0.20896031746031743, 0.2891908161283162], [0.2865603146853147, 0.22210708735708734, 0.15974056499056494, 0.331592032967033], [0.20445887445887442, 0.2728102453102452, 0.18679743867243873, 0.33593344155844157], [0.18084992784992784, 0.3149617612779378, 0.2162073433102844, 0.28798096756185], [0.23524030136530144, 0.30245962370962376, 0.2100226023976024, 0.2522774725274725], [0.26059441946941947, 0.2707974941724942, 0.21834511322011327, 0.25026297313797313], [0.208477813852814, 0.25206709956709966, 0.19985950160950164, 0.3395955849705848], [0.2730371891180715, 0.23787609041285518, 0.2170189393939395, 0.272067781075134], [0.27383380508380506, 0.2809484265734266, 0.15085485347985342, 0.2943629148629148], [0.2763887432012432, 0.2584727078477079, 0.18395625901875906, 0.28118228993228994], [0.29178772616272625, 0.23082671495171492, 0.1720231435231435, 0.3053624153624155], [0.26615621878121887, 0.2002237207237208, 0.24203894716394722, 0.2915811133311134], [0.30659734709734715, 0.24585270285270291, 0.1978976023976024, 0.24965234765234764], [0.22449549062049065, 0.3254919386169387, 0.1916900599400599, 0.25832251082251084], [0.19033873765123757, 0.2545183288933289, 0.2421246947496949, 0.3130182387057388], [0.27194835719835714, 0.24956052281052288, 0.17059188034188033, 0.3078992396492397], [0.24120586643748423, 0.2296743326118326, 0.21686841630591633, 0.31225138464476715], [0.28898944805194804, 0.2603750485625486, 0.16376946664446662, 0.2868660367410367], [0.21727193925355692, 0.21916620879120877, 0.2143482836607837, 0.34921356829445066], [0.2886250000000002, 0.22553344368050254, 0.19670202020202024, 0.2891395361174773], [0.2975203893328894, 0.20191490453990446, 0.1772344183594184, 0.32333028776778794], [0.23898767898767892, 0.1920282772782773, 0.1678823815073815, 0.4011016622266624], [0.1841086968586968, 0.2880730311355312, 0.2208626651126652, 0.30695560689310697], [0.28237260860054975, 0.2032524142524143, 0.19003979353979353, 0.3243351836072425], [0.2357518939393939, 0.2754464285714287, 0.23752050727050725, 0.25128117021867025], [0.1931432962462375, 0.2738707819957821, 0.22833826386032272, 0.3046476578976579], [0.28425589688089686, 0.3025897574647577, 0.18934941447441445, 0.22380493117993125], [0.22726952214452217, 0.22907052669552663, 0.2905667388167389, 0.25309321234321236], [0.2671762820512822, 0.2485833932149721, 0.20091107503607508, 0.28332924969767087], [0.22955865866159977, 0.26627397602397607, 0.23039753302253307, 0.2737698322918913], [0.23856734931734935, 0.21952994227994235, 0.21625918525918533, 0.32564352314352313], [0.2685078463203463, 0.29112784437784445, 0.14223968392718395, 0.29812462537462553], [0.19836102296396418, 0.25953358447108454, 0.22658172872878754, 0.3155236638361638], [0.1978529248529249, 0.28955321067821066, 0.18797281884781886, 0.32462104562104566], [0.22997829947829948, 0.24392629796673912, 0.26332496465952354, 0.26277043789543797], [0.2414442404001228, 0.21353762332438803, 0.18457785270285268, 0.36044028357263663], [0.23536883255633254, 0.2884250333000334, 0.23427388583638586, 0.2419322483072483], [0.272176282051282, 0.2922257881007882, 0.1557907509157509, 0.2798071789321789], [0.18199207736707732, 0.22906426906426913, 0.22367851592851598, 0.3652651376401378], [0.21474757187257187, 0.2964707792207793, 0.18849132811632818, 0.30029032079032086], [0.2638309052059053, 0.2290497141747142, 0.24665644078144078, 0.2604629398379399], [0.2324855838605839, 0.3027641247641248, 0.14793452380952377, 0.3168157675657677], [0.2040243506493507, 0.24178138528138526, 0.2014511183261184, 0.3527431457431458], [0.28227614338276114, 0.2677160686535687, 0.14652242202242197, 0.30348536594124825], [0.21625097125097137, 0.2395448509823509, 0.19572556610056616, 0.3484786116661118]]}, "rewritten": {"ids": ["97105580", "97105760", "97106000", "97106591", "97106600", "97106770", "97106820", "97107821", "97108520", "98106111", "98106680", "98107010", "98108520", "98109230", "98109311", "98111620", "98111670", "98119591", "98121790", "99105921", "99107560", "99108330", "99109311", "99109370", "99110730", "99111930", "100109890", "100109980", "100113210", "101108080", "101108290", "101108460", "101108621", "101109000", "101109120", "101109370", "101110150", "101111140", "101117580", "102109840", "102110050", "102110890", "102113210", "102113350", "102116340", "103113270", "103118110", "104111550", "104111620", "104111990", "104113000", "104113380", "104113550", "104114230", "104116441", "104117630", "105111990", "105112130", "105114220", "105115570", "105116090", "105116980", "105117351", "105119950", "106113190", "106114011", "106114280", "106115240", "106116120", "106117650", "106119580", "106121220", "107114140", "107114200", "107114321", "107116501", "107117630", "107120010", "107120880", "107121230", "107121700", "108113620", "108115880", "108115970", "108116070", "108117360", "108117720", "108119510", "108121410", "109113281", "109114030", "109114720", "109115380", "109116040", "109116930", "109117600", "109118161", "109119450", "109119460", "110113931", "110114720", "110116441", "110117080", "110117140", "110118181", "110118810", "110118880", "110119300", "110119891", "110120190", "110120531", "110120640", "111114321", "111114941", "111115780", "111115910", "111116110", "111117200", "111117571", "111118301", "111118910", "111119300", "111119950", "111120640", "112116501", "112116850", "112116990", "112117790", "112118701", "112118820", "112120700", "112121360", "113118620", "113118630", "113118810", "113119320", "113120280", "113121190", "113121680", "113121750", "113121980", "113122220"], "labels": [1, 0, 0, 1, 3, 3, 1, 2, 2, 0, 1, 3, 2, 1, 1, 3, 1, 1, 2, 1, 1, 1, 1, 1, 3, 1, 3, 1, 0, 0, 0, 0, 0, 1, 1, 1, 1, 2, 3, 2, 3, 0, 3, 3, 3, 2, 2, 1, 0, 2, 1, 1, 1, 2, 1, 0, 2, 1, 3, 0, 1, 0, 0, 3, 0, 1, 3, 1, 1, 1, 3, 1, 2, 2, 0, 1, 0, 1, 1, 0, 3, 3, 3, 2, 1, 1, 1, 1, 0, 0, 1, 0, 3, 0, 0, 1, 0, 3, 1, 1, 3, 3, 1, 3, 1, 1, 0, 1, 3, 3, 0, 0, 1, 0, 1, 2, 3, 0, 3, 3, 0, 1, 0, 0, 3, 0, 0, 3, 0, 0, 2, 3, 3, 3, 3, 1, 0, 1, 1, 0, 2, 1], "predicted_labels": [3, 0, 3, 0, 0, 0, 3, 0, 3, 1, 3, 3, 0, 2, 0, 3, 2, 1, 3, 3, 3, 3, 3, 3, 3, 3, 3, 3, 3, 0, 3, 3, 0, 3, 3, 3, 3, 3, 3, 3, 1, 3, 3, 3, 3, 3, 1, 1, 0, 3, 3, 3, 0, 3, 0, 1, 3, 1, 1, 3, 3, 3, 3, 3, 3, 3, 3, 0, 3, 3, 3, 3, 1, 1, 3, 3, 3, 3, 3, 3, 1, 3, 3, 1, 3, 3, 3, 3, 1, 0, 0, 1, 1, 3, 3, 3, 0, 3, 1, 3, 3, 3, 1, 3, 3, 3, 3, 3, 3, 3, 3, 3, 3, 3, 3, 3, 3, 3, 3, 0, 3, 1, 3, 3, 3, 3, 3, 3, 3, 3, 3, 3, 3, 1, 3, 3, 3, 3, 1, 3, 3, 3], "confidence_scores": [[0.28234382284382276, 0.20211362248862252, 0.22830426517926525, 0.2872382894882896], [0.32222118241235903, 0.20701381951381953, 0.2024042664851488, 0.26836073158867285], [0.21655469165337593, 0.2284748584748585, 0.2428658563658564, 0.31210459350590924], [0.279890207015207, 0.26424536574536583, 0.220264985014985, 0.23559944222444223], [0.2732074314574316, 0.23682557720057723, 0.21690476190476193, 0.2730622294372294], [0.3078751803751803, 0.18148683261183254, 0.21319805194805203, 0.29743993506493516], [0.27240669053169053, 0.2427145264865853, 0.1632588522588522, 0.32161993072287187], [0.29424127261627275, 0.23337147574647582, 0.2170291514041515, 0.2553581002331002], [0.25061996336996345, 0.21047410024615915, 0.2205319264069265, 0.31837400997695114], [0.24624343711843721, 0.29005997270703154, 0.20306132756132755, 0.2606352626132039], [0.2296793802602627, 0.23408903106697226, 0.23285635279752934, 0.3033752358752359], [0.26937259962259974, 0.2117231240981241, 0.1986181318681319, 0.32028614441114456], [0.30552006327006337, 0.22201677489177502, 0.18777476689976694, 0.2846883949383949], [0.23402960927960934, 0.2370654068154068, 0.2654408508158508, 0.26346413308913325], [0.3072593795093795, 0.2151485597735598, 0.20058118270618278, 0.27701087801087804], [0.1602143967143967, 0.2802325036075036, 0.2652082084582085, 0.29434489121989127], [0.22381899350649345, 0.23749296536796546, 0.2693706154956155, 0.26931742562992567], [0.25410232822732826, 0.2808402777777778, 0.20033616383616387, 0.2647212301587302], [0.2818236971361973, 0.23305359305726958, 0.1749146637676049, 0.31020804603892854], [0.26765728715728715, 0.24717224442224445, 0.18431074481074472, 0.3008597236097237], [0.23566913641913645, 0.21376349345099352, 0.215825487012987, 0.33474188311688313], [0.2509533383283384, 0.2200883838383839, 0.2206067127317128, 0.30835156510156514], [0.2727822316572317, 0.2396153152403153, 0.2028318348318349, 0.2847706182706182], [0.24044985569985586, 0.26762850140056027, 0.2176744227994228, 0.27424722010016134], [0.2204330946830947, 0.2508109668109669, 0.261616466866467, 0.2671394716394719], [0.2133022116772117, 0.24924975024975024, 0.2038033216783217, 0.33364471639471643], [0.23547219447219447, 0.23527637640137644, 0.20170063270063263, 0.32755079642579643], [0.22130808080808087, 0.24043614718614723, 0.21664947552447555, 0.3216062964812965], [0.23679930771842536, 0.25370207570207576, 0.19966697191697194, 0.3098316446625271], [0.3580756090314916, 0.24484249982044087, 0.14610782354900007, 0.2509740675990676], [0.24051744782994788, 0.21906457431457432, 0.2269120740370742, 0.3135059038184039], [0.2479134199134198, 0.27368727106227114, 0.2005330225330225, 0.2778662864912865], [0.3049152791652793, 0.26762097624597625, 0.15768710456210452, 0.2697766400266401], [0.21848244810744816, 0.2531563852813853, 0.1633338050838051, 0.36502736152736154], [0.26390014152514146, 0.2501129148629148, 0.2020271672771673, 0.28395977633477637], [0.25930551393051393, 0.24534657499363383, 0.20383044733044728, 0.2915174637454049], [0.2359454850704851, 0.23555546536796537, 0.16988310300810297, 0.3586159465534467], [0.2602275086025086, 0.2259347784568373, 0.17868765956265956, 0.3351500533779946], [0.2532958291708292, 0.2358882228882228, 0.20179080641580652, 0.3090251415251415], [0.24169617882117886, 0.23425979575979577, 0.23044252969252976, 0.2936014957264958], [0.21108369408369407, 0.3006296481296481, 0.1967472943722944, 0.2915393634143635], [0.22837572150072155, 0.2620825216450216, 0.1923645937395938, 0.31717716311466326], [0.2306872710622711, 0.23028493728493732, 0.20226159951159953, 0.3367661921411922], [0.2108452380952381, 0.26758544233544235, 0.20104754967254973, 0.32052176989676995], [0.20617460317460312, 0.2571646825396826, 0.21355207292707296, 0.3231086413586414], [0.1954347041847042, 0.2540640886890888, 0.25691192141192143, 0.2935892857142857], [0.23139772237566356, 0.2908755966255967, 0.22789401366607243, 0.24983266733266746], [0.221466810966811, 0.30579809079809084, 0.18907557720057724, 0.28365952103452086], [0.41559794372294384, 0.1978089271839272, 0.10053986291486289, 0.2860532661782662], [0.25154507298257295, 0.2675443722943723, 0.2049850704850705, 0.2759254842379842], [0.2011563159063158, 0.27956968031968044, 0.18449586524586523, 0.3347781385281385], [0.20302176989676987, 0.2391139624264624, 0.22594357725607722, 0.33192069042069045], [0.3704211205461205, 0.19540506715506722, 0.09936032023532025, 0.334813492063492], [0.22031980519480523, 0.28860642135642134, 0.18266318403818402, 0.3084105894105894], [0.2915782828282828, 0.28774307147101263, 0.13782889822595704, 0.28284974747474745], [0.19689370351870356, 0.3125385309135309, 0.2398138666888667, 0.25075389887889876], [0.18544582704876816, 0.2565555416805417, 0.2695348124098125, 0.28846381886087774], [0.17499368686868685, 0.32230346042846053, 0.19075276112776113, 0.3119500915750916], [0.2642863525363526, 0.28435009435009434, 0.1841607142857143, 0.2672028388278389], [0.18769905094905096, 0.2576025787937553, 0.25626155992700117, 0.29843681033019276], [0.2501276362526364, 0.262025114591291, 0.18241773014567123, 0.3054295190104014], [0.19849116161616162, 0.3015630619380619, 0.1714893717393718, 0.32845640470640475], [0.24909805472305468, 0.2826311327561328, 0.15173674242424243, 0.3165340700965701], [0.25421996059496066, 0.23804105616605611, 0.1958905122655122, 0.311848470973471], [0.23826595626595629, 0.24594191919191918, 0.18766917804417807, 0.3281229464979466], [0.24993867243867254, 0.22095156926406923, 0.20300961538461543, 0.326100142912643], [0.2371751859251859, 0.25521699134199133, 0.16505677655677659, 0.3425510461760463], [0.3045949883449884, 0.2620638250638252, 0.17701978576978583, 0.2563214008214008], [0.2677239704739705, 0.26308927183927205, 0.16540965978465977, 0.303777097902098], [0.23503984903984906, 0.28886684149184155, 0.16133627483627483, 0.31475703463203464], [0.184252886002886, 0.2882973692973694, 0.22180826118326125, 0.30564148351648357], [0.1937682595182596, 0.26919416694416687, 0.2059388528138528, 0.3310987207237207], [0.22765607309357314, 0.27966328116328115, 0.23213875707625703, 0.2605418886668887], [0.22848147685647693, 0.2728466672216672, 0.23987652625152622, 0.2587953296703297], [0.304094696969697, 0.2091913780663781, 0.17754987659399427, 0.3091640483699307], [0.2668813131313131, 0.25109613997114005, 0.13914736652236645, 0.3428751803751804], [0.24287815860609982, 0.22040830003329995, 0.20771098346098352, 0.32900255789961685], [0.18178131590631585, 0.27770036213786226, 0.21773210816960817, 0.32278621378621364], [0.18228210678210682, 0.27630204599322244, 0.2165341415120827, 0.32488170571258806], [0.2410752164502165, 0.25607918470418467, 0.19610371572871568, 0.30674188311688316], [0.21246356421356413, 0.28250763125763123, 0.23680941280941273, 0.2682193917193918], [0.22238618326118328, 0.29698106060606055, 0.1802386363636364, 0.30039411976911984], [0.2696719738594739, 0.22978108003108003, 0.17109758297258293, 0.32944936313686307], [0.261197725885226, 0.30495437895437905, 0.19110579004329012, 0.24274210511710514], [0.2238260767010767, 0.2075445893975305, 0.22891608881314773, 0.339713245088245], [0.18700950438450437, 0.2877910977910978, 0.1913129925629926, 0.33388640526140523], [0.26582928182928184, 0.23351008713508725, 0.15072852147852145, 0.34993210955710957], [0.21514213564213566, 0.22890499777999784, 0.19821278721278726, 0.3577400793650794], [0.24212554112554116, 0.33182702020202043, 0.12816107503607502, 0.2978863636363636], [0.2895573593073593, 0.20519191919191915, 0.2279437368187369, 0.2773069846819848], [0.30945283189033196, 0.223882326007326, 0.1725423118548119, 0.2941225302475303], [0.24973580586080588, 0.29229137529137533, 0.2215381285381286, 0.23643469030969025], [0.1986402902652903, 0.29480456349206363, 0.22313797313797312, 0.28341717310467307], [0.2137316433566434, 0.27891355866355866, 0.19830641580641584, 0.3090483821733822], [0.3148867243867244, 0.19467969530469528, 0.12173544511044508, 0.3686981351981352], [0.26216406714200824, 0.23495147907647904, 0.18559126984126983, 0.3172931839402427], [0.3023197358197359, 0.2649246725496725, 0.1573375513375513, 0.2754180402930403], [0.258405427905428, 0.24079026529026526, 0.19963217338217334, 0.3011721334221334], [0.2576747557997559, 0.2849780636030636, 0.17398003385503383, 0.28336714674214675], [0.24197918382786812, 0.24474170274170282, 0.17559065934065943, 0.33768845408976994], [0.19434101519395638, 0.2614283216783217, 0.17818783993783993, 0.36604282318988196], [0.19685341047841043, 0.2798282828282828, 0.1937207792207792, 0.32959752747252735], [0.21838641913641926, 0.3382461843711843, 0.15774432511932507, 0.2856230713730714], [0.27946876815994476, 0.23055531968031967, 0.20859033042121283, 0.281385581738523], [0.22374747474747475, 0.26778300865800875, 0.198099567099567, 0.31036994949494945], [0.24153871128871138, 0.2396289821289821, 0.20024729437229433, 0.3185850122100123], [0.23519570707070714, 0.2772264818514818, 0.16291163003663, 0.3246661810411811], [0.20093081918081915, 0.22273981573981572, 0.1925002358752359, 0.38382912920412926], [0.23886603308971732, 0.28439772727272733, 0.17937265512265504, 0.29736358451490025], [0.24830801143301162, 0.22388279775779782, 0.18637928737928738, 0.34142990342990354], [0.26984276834276844, 0.22197474747474746, 0.13420147907647909, 0.3739810051060051], [0.23550362137862152, 0.2173508713508714, 0.2049468031968032, 0.34219870407370423], [0.22859529359529365, 0.2353150044400044, 0.17356462981462978, 0.36252507215007235], [0.22354960317460315, 0.2809588744588744, 0.18298520923520922, 0.31250631313131316], [0.22661562049062048, 0.2461571067821068, 0.2119777583527583, 0.31524951437451454], [0.22778686591186592, 0.3042345293595294, 0.14348606948606948, 0.3244925352425352], [0.21575342712842724, 0.25134886641136645, 0.23715818903318908, 0.29573951742701743], [0.26187950937950943, 0.2450898962148962, 0.16229749417249414, 0.33073310023310026], [0.20278643578643574, 0.24325817238317235, 0.18399397824397826, 0.3699614135864136], [0.3067056832056832, 0.22665770340770336, 0.18264040126540124, 0.2839962121212123], [0.19579725829725825, 0.28961976911976905, 0.16837518037518037, 0.34620779220779213], [0.2189819624819625, 0.29851677489177486, 0.19391089466089462, 0.288590367965368], [0.28589469762263875, 0.23238901376401383, 0.19023529942279946, 0.29148098919054805], [0.19712848262848268, 0.2991756854256854, 0.17602916527916532, 0.32766666666666666], [0.25736668192918183, 0.24824924381174387, 0.1714877344877345, 0.3228963397713398], [0.224106240981241, 0.24162989869607518, 0.14767364090158208, 0.38659021942110167], [0.19610975135975142, 0.2603259240759241, 0.20705752580752584, 0.33650679875679884], [0.2288062215562215, 0.2071538184038184, 0.14645381007881006, 0.41758614996115023], [0.2382815101565102, 0.2587462121212122, 0.12938561030472795, 0.3735866674175499], [0.2128127705627705, 0.2646914335664336, 0.1687475857475857, 0.3537482101232101], [0.1857389971139971, 0.308439282939283, 0.1926579392829394, 0.3131637806637808], [0.20182116494616495, 0.2872633477633478, 0.2133863705738706, 0.2975291167166168], [0.24577426821544474, 0.2585622294372294, 0.1841669482478306, 0.3114965540994953], [0.1609181096681096, 0.3317456016206015, 0.1958840326340326, 0.31145225607725613], [0.2305438866688868, 0.28891275391275395, 0.18250801975801978, 0.29803533966033974], [0.2148666194916196, 0.31412817737817733, 0.1541359751359751, 0.316869227994228], [0.26391942779442773, 0.24424747474747485, 0.13960472860472858, 0.3522283688533689], [0.21137103174603175, 0.24632036998948756, 0.16022090409590412, 0.3820876941685767], [0.2132527423556835, 0.3298971861471861, 0.1526255043975632, 0.3042245670995672], [0.25537853812853817, 0.28732971195471196, 0.140547508047508, 0.31674424186924205], [0.22427815240315244, 0.2759584076054665, 0.16014561827061827, 0.3396178217207629], [0.23528787878787877, 0.2526166333666333, 0.18001444388944388, 0.332081043956044]]}}