{"test": {"ids": ["105115250", "113118870", "106118520", "110114561", "111116411", "108115500", "111120540", "109114030", "111117571", "98108370", "113121750", "105114220", "111119250", "97105960", "103113210", "100115700", "111115620", "110118880", "101110150", "113119700", "109113281", "102116500", "113118111", "103111540", "98109230", "98112170", "104111550", "107115250", "104116441", "110121720", "102109840", "100109330", "105115570", "112118471", "104116800", "111116170", "108118630", "111116530", "113122220", "110120540", "101112540", "107113200", "98121790", "113119120", "105113190", "112117780", "99109860", "101109370", "108120260", "105116860", "112118890", "98108150", "111114941", "105118740", "109120150", "110118930", "105112130", "113119360", "105118171", "107116501", "103111110", "109119010", "101108290", "103111480", "112121010", "103113270", "108113700", "99119830", "106112770", "100108990", "112116880", "98119591", "113118511", "107112840", "112116610", "106116441", "98106560", "102111990", "112119450", "104113170", "110120640", "113122160", "97114170", "105112240", "108116120", "112116810", "102110050", "104112470", "102117351", "110117870", "108118291", "110116441", "98107410", "109118161", "106113360", "113121410", "108117360", "105117431", "98116090", "97105760", "100107920", "112120270", "110114610", "109115211", "105121190", "112120630", "111114171", "111119930", "103113101", "109117600", "103120531", "112118930", "99111340", "112117580", "111116750", "108114200", "99108080", "109118231", "108117720", "109120560", "100109801", "99108310", "110117110", "110114720", "111116010", "106118820", "112119930", "111114321", "109119591", "99110730", "104114320", "101121640", "105115380", "111121220", "110117500", "111116090", "111118810", "98106680", "113120591", "98112300", "103110100", "110118301"], "labels": [2, 0, 2, 0, 0, 3, 1, 1, 3, 1, 0, 3, 1, 2, 3, 1, 1, 0, 1, 0, 0, 1, 1, 1, 1, 3, 1, 2, 1, 3, 2, 0, 0, 1, 1, 0, 1, 3, 1, 1, 2, 0, 2, 3, 3, 0, 2, 1, 1, 2, 3, 0, 0, 1, 2, 1, 1, 0, 3, 1, 3, 3, 0, 0, 2, 2, 0, 1, 1, 2, 0, 1, 1, 1, 1, 0, 1, 2, 3, 3, 0, 3, 2, 1, 1, 3, 3, 1, 1, 3, 3, 3, 3, 0, 0, 0, 1, 1, 0, 0, 0, 0, 1, 0, 2, 3, 3, 1, 3, 1, 3, 1, 1, 0, 3, 0, 3, 1, 1, 1, 0, 2, 0, 3, 1, 3, 1, 1, 0, 3, 2, 2, 1, 3, 1, 3, 0, 1, 0, 2, 1, 1], "predicted_labels": [3, 3, 1, 1, 3, 1, 2, 3, 1, 2, 0, 0, 2, 2, 1, 1, 2, 3, 3, 1, 3, 2, 3, 3, 2, 3, 1, 2, 3, 1, 1, 0, 1, 2, 3, 0, 3, 0, 3, 2, 3, 3, 2, 3, 3, 1, 2, 2, 0, 1, 1, 1, 3, 2, 2, 3, 1, 3, 1, 0, 3, 3, 3, 3, 0, 2, 1, 2, 2, 3, 1, 0, 2, 1, 0, 1, 3, 2, 3, 2, 0, 2, 3, 0, 0, 1, 1, 3, 3, 3, 3, 0, 0, 1, 0, 3, 2, 2, 1, 2, 3, 2, 1, 3, 2, 1, 0, 0, 3, 1, 1, 3, 2, 3, 3, 0, 3, 1, 3, 2, 3, 3, 2, 2, 2, 3, 2, 1, 1, 3, 0, 3, 3, 1, 1, 0, 3, 1, 0, 3, 3, 1], "confidence_scores": [[0.4005824947180801, 0.049802892578546566, 0.018757691131175112, 0.5308569215721981], [0.13337080862234185, 0.02246436963921604, 0.005885073535345634, 0.8382797482030965], [0.24352263036899677, 0.3677253538916939, 0.02563053853793937, 0.3631214772013698], [0.03355964879058867, 0.9340670767628717, 0.029102601562553017, 0.003270672883986546], [0.4903650261651181, 0.0054087849417440576, 0.0003069318565635348, 0.5039192570365743], [0.03135184261313834, 0.9120544792836585, 0.05210610807306754, 0.004487570030135834], [0.15851679300270036, 0.32435670901030417, 0.5111437530831632, 0.00598274490383235], [0.04127546624960714, 0.055193069982589736, 0.3884044203634779, 0.5151270434043252], [0.4169388719118662, 0.5575462538928593, 0.019734861587612805, 0.005780012607661714], [0.003109542711734811, 0.03643158420503186, 0.7510061811023567, 0.20945269198087652], [0.7951782870807684, 0.18995114370465077, 0.006420041360014412, 0.00845052785456633], [0.5949595531523877, 0.3943325559954928, 0.00048753075810598176, 0.010220360094013552], [0.0009769623789200787, 0.3676253046351474, 0.5863219440652372, 0.0450757889206953], [0.07984238610922294, 0.05008317426117087, 0.8570740093801418, 0.013000430249464312], [0.10753530394286456, 0.7404860747172773, 0.09331460864881191, 0.05866401269104626], [0.08750721684124928, 0.8450648943794884, 0.04871293754462177, 0.018714951234640544], [0.13774826229951034, 0.3044363641491513, 0.33262043971734295, 0.2251949338339953], [0.015548682205411538, 0.0240965017621697, 0.0006333534290372571, 0.9597214626033814], [8.053476752751767e-05, 0.23128418665211867, 0.0010246286227859633, 0.7676106499575679], [0.00019941481547210821, 0.5645704101619206, 0.43480795181762233, 0.000422223204985004], [0.408387347325157, 0.004440674070929405, 8.616197395067046e-07, 0.5871711169841741], [0.021823210298201775, 0.0015491858139442555, 0.9548638949689077, 0.021763708918946304], [0.024503470418196917, 0.03253677355276114, 0.026204020158416087, 0.9167557358706259], [0.008912411778877838, 0.05574916689132455, 0.025119060169691215, 0.9102193611601065], [0.008406105696314012, 0.000653489500280713, 0.9882065967556924, 0.0027338080477128804], [0.2289589895075678, 0.03425065045594752, 0.015371175047869624, 0.721419184988615], [0.06760586790549467, 0.5232283105839902, 0.3490770266554069, 0.06008879485510806], [0.018616847000857507, 0.22566042574613532, 0.744771177790554, 0.010951549462453108], [0.20815596359838298, 0.2510954055462698, 1.735898768460075e-05, 0.5407312718676627], [0.0031060168086270564, 0.9477614546924583, 0.048435237212307136, 0.0006972912866074267], [0.02795897453479423, 0.5603993938862476, 0.4043777131671973, 0.007263918411760905], [0.9688509190340614, 0.02300429886792699, 0.007021982506211242, 0.001122799591800317], [0.1907436649966233, 0.5111004114220102, 0.03899911342727232, 0.25915681015409425], [0.02069398554975758, 0.39733063033067295, 0.5179180628961424, 0.06405732122342708], [0.26884345107918883, 0.2055358370791807, 0.01953149387008608, 0.5060892179715444], [0.8761215025189157, 0.08492477821752341, 3.6031856151266904e-06, 0.03895011607794556], [0.0012274552779318487, 0.0043080574546812385, 0.001304777104772714, 0.9931597101626141], [0.4696150744626441, 0.4652973717953663, 0.044823276825098075, 0.02026427691689166], [0.03255228015170685, 0.024750031975594163, 0.022924813876654893, 0.9197728739960441], [0.015551285394805634, 0.0017829266351082648, 0.8483044987681969, 0.13436128920188917], [0.06689156063437281, 0.050507549466954516, 0.3833973494370179, 0.49920354046165466], [0.18458715750370513, 5.075029073154611e-05, 0.02034074428937149, 0.795021347916192], [0.10305427607261786, 0.33063014002977265, 0.5617208984323782, 0.004594685465231452], [0.07650252656142524, 0.02536056432086248, 0.03673811446804164, 0.8613987946496706], [0.010091812728667165, 0.009049022019401852, 0.007037667217384539, 0.9738214980345465], [0.09925856748753434, 0.8920969967269368, 0.001450842417751353, 0.007193593367777628], [0.0705072074181651, 0.04144064779319679, 0.6409554945342646, 0.2470966502543735], [0.023206532449362178, 0.28392087566232593, 0.6844918898752858, 0.008380702013025989], [0.5270918611226889, 0.22975476801123004, 0.19946276043245575, 0.04369061043362525], [0.03668431615092659, 0.9504267318189236, 0.0006234190525979032, 0.012265532977552023], [0.2301115551084618, 0.4582323495527874, 0.0003226893875082287, 0.31133340595124265], [0.007469055480660465, 0.8826110528753655, 0.023071233596759933, 0.0868486580472142], [0.1056886761931684, 0.055582951763152276, 0.0005442719635394891, 0.8381841000801399], [0.07620735383929698, 0.0014486137178803323, 0.7530807028410388, 0.1692633296017839], [0.0028329089166779092, 0.001807390973067368, 0.99422266169711, 0.001137038413144708], [0.014042202516993124, 0.031055776219668364, 0.02042507611889205, 0.9344769451444465], [0.006680915398059787, 0.8615854757700048, 0.04828236145746164, 0.08345124737447361], [0.13638559650837379, 0.04006002603460776, 0.0018895814239576953, 0.8216647960330609], [0.24562681244259782, 0.6595446981366669, 0.0011101342064271426, 0.09371835521430817], [0.5662695774571015, 0.016679059529125954, 0.0021336981000411974, 0.41491766491373144], [0.019911625898920243, 0.05992713079958647, 0.005114152818293146, 0.9150470904832001], [0.13851081392882314, 0.042278817644716575, 0.02442678154729417, 0.7947835868791661], [0.0369416469147585, 0.014463989594602386, 0.010065374869668553, 0.9385289886209706], [0.06530934444671134, 0.02187441506449395, 0.01004294819379138, 0.9027732922950034], [0.4703882678633703, 0.2732836073564015, 0.10670809763650968, 0.14962002714371847], [0.006022464813529833, 0.08227881638359413, 0.5634604458179027, 0.3482382729849734], [0.05089151432582818, 0.8242431438149492, 0.12233863432128352, 0.002526707537939145], [0.0010531084723770239, 0.40295924121722476, 0.5136653418111506, 0.08232230849924758], [4.287871344867863e-05, 0.01921210759443559, 0.6195356522250028, 0.3612093614671129], [0.024023624577955042, 0.06252557399101068, 0.0485163003422932, 0.864934501088741], [0.14883440551145508, 0.4795719309433563, 0.29521427412853596, 0.07637938941665255], [0.6904464113415013, 0.1986444461137388, 0.08289409319078167, 0.02801504935397826], [0.04534816736245128, 0.005830135980345842, 0.9111283334924175, 0.03769336316478531], [0.035464018640527846, 0.8186147619973602, 0.08264566237908223, 0.06327555698302978], [0.4503277996073513, 0.0747643763241608, 0.11576481509000075, 0.35914300897848717], [0.04063239160818117, 0.9565292263616948, 0.00048019566882630927, 0.0023581863612977512], [0.16086465055589338, 0.07859383838698747, 0.06427248301001726, 0.6962690280471019], [0.10758198707586421, 0.00012073232457903274, 0.8846474684423944, 0.007649812157162409], [0.03477125357262604, 0.10562299140756963, 0.0029530108358841755, 0.8566527441839202], [0.0001664847440470247, 0.07486573588108941, 0.8853535765387998, 0.03961420283606389], [0.5472958298062757, 0.058150595793078706, 0.3112932288986561, 0.08326034550198962], [0.007448421630352941, 0.05783000025393923, 0.9013934920635412, 0.03332808605216658], [0.002564831813560263, 0.04822362457167996, 0.01763970847270762, 0.9315718351420522], [0.4612133091065922, 0.09250605048868892, 0.3937657863087159, 0.05251485409600295], [0.5525057284019814, 0.0034250913137369708, 0.004102338242604828, 0.43996684204167674], [0.21588344234559548, 0.723959215168899, 0.050149783627000344, 0.010007558858505173], [0.13560006464838859, 0.35234466672826337, 0.31407668034663355, 0.1979785882767146], [0.014965875598490979, 0.013346303056241241, 0.08244947273849243, 0.8892383486067754], [0.005242080218814753, 0.0033782527176260844, 0.0016265539165503074, 0.989753113147009], [0.00553746560981332, 0.003159865728044386, 0.49421591770558304, 0.4970867509565592], [0.359457340626744, 0.005519127244339537, 0.0004864068010107999, 0.6345371253279056], [0.7526840411921503, 0.1578696481936875, 0.0867346076977187, 0.0027117029164435507], [0.9139557225253718, 0.0011136749261582961, 0.07635481099610691, 0.008575791552362837], [0.05967347012600351, 0.9347884232074549, 0.0005076577891453794, 0.005030448877396213], [0.8996243296888159, 0.10020873822077216, 1.6924889856490305e-05, 0.0001500072005553909], [0.0011465264901279887, 0.002019123460893845, 0.0003186390036980069, 0.9965157110452803], [0.006129933874367677, 0.07847668196209763, 0.4832159912774802, 0.4321773928860544], [0.013636820396763866, 0.2788490753343418, 0.6771738394373362, 0.03034026483155815], [0.0911148279062395, 0.7397841016229615, 0.15203250790610406, 0.017068562564694956], [0.08378925686045384, 0.002947047894848996, 0.597261997102179, 0.3160016981425181], [0.33595585327438454, 0.013697766765237707, 0.009877473645232195, 0.6404689063151455], [0.005468763866554372, 0.25721083861399, 0.7246470318807142, 0.01267336563874133], [0.023043380206126514, 0.8616504175007587, 0.10436511332872216, 0.010941088964392626], [0.07630299476092109, 0.2739551394297388, 0.002596398285840476, 0.6471454675234997], [0.0009156883816824891, 0.22934515587414234, 0.7022677967543388, 0.06747135898983628], [0.002516996640015127, 0.6177253297478973, 0.07336255600824514, 0.30639511760384236], [0.5252291937857528, 0.0003112386763772527, 6.378845907443849e-07, 0.47445892965327924], [0.8347434820490023, 0.07355446527873008, 0.0021452441756241863, 0.08955680849664352], [0.006233981384786127, 0.0021502487264517586, 0.0003047625389057838, 0.9913110073498562], [0.13409030358094093, 0.6546169347133621, 0.009260245164640656, 0.20203251654105625], [0.0009894338952226092, 0.9969693660786153, 3.877871188161689e-05, 0.0020024213142802775], [0.23743767727112625, 0.18497146803393466, 0.02087436153244169, 0.5567164931624975], [0.005324001896944104, 0.167366953341191, 0.7788998203826231, 0.04840922437924176], [0.07622803660534505, 0.004380821786448536, 0.01910003263376874, 0.9002911089744376], [0.22274981989365458, 0.007872872496646697, 0.10543538488089707, 0.6639419227288017], [0.8138643980367236, 0.15985736434484615, 0.012965408870213264, 0.013312828748216881], [0.38481889185913987, 0.011999705738089523, 0.004225463895819526, 0.5989559385069511], [0.22394636755126737, 0.7614257927330447, 0.003866077457357229, 0.01076176225833058], [0.09142345863529697, 0.0972443588670553, 0.0767875065367241, 0.7345446759609237], [0.00015705410377574305, 0.0028310737748591442, 0.9879585897832304, 0.009053282338134662], [0.014162953043607571, 0.09264202302374466, 0.002235840725816873, 0.8909591832068309], [0.36620659331280325, 0.0101626753280589, 0.008537850820132956, 0.6150928805390049], [0.0002888104750601579, 0.054031251071949025, 0.9342074862146204, 0.0114724522383704], [0.01193423530250957, 0.035693189003919684, 0.9504280526077121, 0.0019445230858586874], [0.002035366657195573, 0.11728713622393808, 0.8297170887455924, 0.05096040837327396], [0.009201400336533942, 0.11572383111109664, 0.00024990005137135357, 0.874824868500998], [0.0019449473805736453, 0.03939184459268868, 0.9361397199288868, 0.022523488097850927], [0.027255388413447625, 0.9281169142898138, 0.04286387670211719, 0.0017638205946211498], [0.0020644706798824504, 0.9771843053304815, 0.019920903618646277, 0.0008303203709898281], [0.031963621375948395, 0.016722312174234786, 0.018218931609006273, 0.9330951348408104], [0.7118797694314376, 0.2564400322862845, 0.015107102352409694, 0.016573095929868154], [0.003056785353353997, 0.21446763924011672, 0.022354711687028773, 0.7601208637195006], [0.0009862808170404557, 0.041050693389890695, 0.43968630453621355, 0.5182767212568554], [0.2991454942126878, 0.3312290467259822, 0.07882586877253871, 0.2907995902887912], [0.06915475717551292, 0.6993434331624236, 0.0020488149067252395, 0.2294529947553382], [0.9717989910151711, 0.005967608090787244, 0.002500205805852008, 0.019733195088189538], [0.3147596109461624, 0.01194970483718951, 8.112672260394183e-05, 0.6732095574940442], [0.00011461335063937474, 0.7824477547854815, 0.21038670879934, 0.007050923064539187], [0.34264917662521766, 0.3254309248043429, 0.0011092807015069452, 0.3308106178689325], [0.06466587033192589, 0.06570053709834843, 0.28994591937437175, 0.579687673195354], [0.23481927024902519, 0.025394996977774163, 0.002432738440835489, 0.7373529943323651], [0.03313400080985836, 0.9648564436069459, 4.854492208776915e-05, 0.001961010661107937]]}, "rewritten": {"ids": ["97105760", "97105960", "97114170", "98106560", "98106680", "98107410", "98108150", "98108370", "98109230", "98112170", "98112300", "98116090", "98119591", "98121790", "99108080", "99108310", "99109860", "99110730", "99111340", "99119830", "100107920", "100108990", "100109330", "100109801", "100115700", "101108290", "101109370", "101110150", "101112540", "101121640", "102109840", "102110050", "102111990", "102116500", "102117351", "103110100", "103111110", "103111480", "103111540", "103113101", "103113210", "103113270", "103120531", "104111550", "104112470", "104113170", "104114320", "104116441", "104116800", "105112130", "105112240", "105113190", "105114220", "105115250", "105115380", "105115570", "105116860", "105117431", "105118171", "105118740", "105121190", "106112770", "106113360", "106116441", "106118520", "106118820", "107112840", "107113200", "107115250", "107116501", "108113700", "108114200", "108115500", "108116120", "108117360", "108117720", "108118291", "108118630", "108120260", "109113281", "109114030", "109115211", "109117600", "109118161", "109118231", "109119010", "109119591", "109120150", "109120560", "110114561", "110114610", "110114720", "110116441", "110117110", "110117500", "110117870", "110118301", "110118880", "110118930", "110120540", "110120640", "110121720", "111114171", "111114321", "111114941", "111115620", "111116010", "111116090", "111116170", "111116411", "111116530", "111116750", "111117571", "111118810", "111119250", "111119930", "111120540", "111121220", "112116610", "112116810", "112116880", "112117580", "112117780", "112118471", "112118890", "112118930", "112119450", "112119930", "112120270", "112120630", "112121010", "113118111", "113118511", "113118870", "113119120", "113119360", "113119700", "113120591", "113121410", "113121750", "113122160", "113122220"], "labels": [0, 2, 2, 1, 1, 3, 0, 1, 1, 3, 2, 0, 1, 2, 3, 2, 2, 3, 1, 1, 0, 2, 0, 0, 1, 0, 1, 1, 2, 2, 2, 3, 2, 1, 1, 1, 3, 0, 1, 3, 3, 2, 3, 1, 1, 3, 2, 1, 1, 1, 1, 3, 3, 2, 1, 0, 2, 1, 3, 1, 2, 1, 0, 0, 2, 3, 1, 0, 2, 1, 0, 0, 3, 1, 1, 1, 3, 1, 1, 0, 1, 0, 1, 0, 1, 3, 0, 2, 1, 0, 1, 3, 3, 0, 1, 3, 1, 0, 1, 1, 0, 3, 3, 1, 0, 1, 1, 3, 0, 0, 3, 3, 3, 0, 1, 1, 1, 3, 1, 3, 0, 0, 0, 1, 3, 1, 3, 1, 0, 3, 2, 1, 1, 0, 3, 0, 0, 0, 0, 0, 3, 1], "predicted_labels": [3, 2, 3, 0, 1, 0, 1, 2, 2, 3, 3, 1, 0, 1, 3, 0, 2, 0, 2, 1, 0, 3, 0, 3, 1, 3, 2, 3, 1, 1, 2, 2, 2, 2, 3, 3, 3, 0, 3, 3, 1, 3, 1, 2, 3, 2, 1, 1, 0, 1, 2, 3, 1, 0, 3, 0, 0, 2, 1, 2, 2, 2, 0, 0, 3, 3, 1, 3, 2, 3, 2, 0, 1, 3, 2, 3, 0, 3, 1, 3, 3, 1, 1, 1, 1, 2, 1, 2, 2, 0, 1, 2, 1, 2, 1, 2, 1, 3, 3, 2, 0, 1, 0, 1, 3, 3, 2, 0, 0, 3, 0, 3, 1, 3, 1, 0, 1, 3, 3, 1, 1, 3, 0, 1, 3, 0, 3, 2, 2, 3, 2, 3, 2, 3, 3, 3, 2, 3, 3, 0, 2, 3], "confidence_scores": [[0.08632773133285235, 0.002247851220915768, 0.07505972687049249, 0.8363646905757393], [0.04954088358734438, 0.1181562654873306, 0.8206637644138864, 0.011639086511438603], [0.004105791007274295, 0.14763703469385633, 0.012523385037754586, 0.8357337892611147], [0.4190655637365882, 0.1700482465402416, 0.05128298755494778, 0.3596032021682226], [0.00023042740854829373, 0.9463594717832573, 0.02904347409451757, 0.024366626713676683], [0.9551144223313683, 0.0020340447076527424, 0.03330318384812495, 0.009548349112853858], [0.013788349130390376, 0.9548744573162957, 0.005334596455989913, 0.026002597097323863], [0.0007278935798288747, 0.010254099483512746, 0.8503236752893389, 0.1386943316473194], [0.001440620936721333, 3.6716400640564634e-05, 0.9984449389949784, 7.772366765958711e-05], [0.1074123527572451, 0.026597829612629603, 0.0018043173076241602, 0.8641855003225011], [0.12347394873892709, 0.04326882330441502, 0.16571048408798392, 0.667546743868674], [0.19614685079982488, 0.7160702282675274, 0.016756216898575597, 0.0710267040340721], [0.6528862542031614, 0.289767436760461, 0.03550333663522336, 0.021842972401154254], [0.1280666504076894, 0.7505934627262908, 0.08091910809635731, 0.04042077876966249], [0.41134704981633063, 0.01113091208083024, 0.0008031187815562603, 0.5767189193212829], [0.8886225687176262, 0.004505897541252558, 0.0043972485314210585, 0.10247428520970031], [0.012604055917948907, 0.13066567872357823, 0.7927363331921629, 0.06399393216631012], [0.3564410791267998, 0.0936779866784274, 0.2641147482165542, 0.28576618597821873], [0.010232227240775724, 0.2099199198686846, 0.7638771900978557, 0.015970662792683953], [0.0013733132475289938, 0.5012052162936035, 0.4066938676593484, 0.09072760279951905], [0.616351310208277, 0.16148589610553737, 0.005343337284041866, 0.2168194564021437], [0.032178167682833714, 0.11232164567636747, 0.1018955473799037, 0.7536046392608952], [0.9822548390479956, 0.014294538457655713, 0.001655372833145637, 0.0017952496612029113], [0.02994883079573558, 0.2883805990684178, 0.003267303582353576, 0.6784032665534931], [0.08267068520769279, 0.89434996391257, 0.007832467038880554, 0.015146883840856554], [0.009878930727789814, 0.014077133103297366, 0.0010971540392840915, 0.9749467821296288], [0.026599552623510728, 0.1313072502723248, 0.8087615227445693, 0.033331674359595165], [0.0006963383722417951, 0.09242009949375014, 0.001180590504180533, 0.9057029716298275], [0.07282879445190214, 0.3858968824458068, 0.218474707299045, 0.32279961580324606], [0.0037197924499123686, 0.5349574740520741, 0.046082733896801426, 0.41523999960121216], [0.02169256618901476, 0.13995906923429335, 0.8347546599861768, 0.0035937045905150293], [0.23346731668171075, 0.021966094832532816, 0.49975167384614905, 0.24481491463960728], [0.33059092680664043, 0.00017104989375065665, 0.654179649836051, 0.015058373463557978], [0.07123579107927572, 0.00426208541922655, 0.8777681439354047, 0.04673397956609304], [0.01547168049760375, 0.005924123167425199, 0.004530379401878044, 0.974073816933093], [0.026433396875984214, 0.11369396149253559, 0.00019157219063914476, 0.8596810694408411], [0.0058903128525924515, 0.4006130530952078, 0.021624902941375132, 0.5718717311108246], [0.6603589766482685, 0.25180733317743825, 0.027924241829881378, 0.059909448344411975], [0.04095728797607866, 0.003311104376263337, 0.004615550255267953, 0.9511160573923901], [0.02660448025435803, 0.0034029350481954205, 0.0005629971484370288, 0.9694295875490094], [0.12867316832215486, 0.8638105991089068, 0.002806905980395193, 0.0047093265885430795], [0.0006253758474575664, 0.07428288439828899, 0.45213672256006066, 0.47295501719419275], [0.0019440171767780784, 0.9837364494837905, 0.00020924762601352322, 0.014110285713418066], [0.0007259295520315702, 0.12269275160481358, 0.8759504535944602, 0.0006308652486946869], [0.015287749634593843, 0.012952376572936367, 0.035170709284072295, 0.9365891645083975], [5.913364281819339e-05, 0.00422437598899971, 0.9949954448842677, 0.0007210454839143671], [0.16396554804988026, 0.7759754123417507, 0.021876971214332276, 0.038182068394036726], [0.3298751202266557, 0.42631367765323697, 4.0075584019218374e-05, 0.24377112653608823], [0.8116433068130686, 0.13891247537228216, 0.0017659760569767309, 0.04767824175767256], [0.0008625760430229002, 0.9803412908797317, 0.005775926306054801, 0.013020206771190779], [0.31642752822483455, 0.08453827826838317, 0.5380361976930127, 0.0609979958137696], [0.010499410058000267, 0.025078994245180272, 0.005738387244711212, 0.9586832084521083], [0.4812031475540877, 0.485359622140574, 0.0012273160374550443, 0.03220991426788321], [0.6204040291798947, 0.011430981341325907, 0.010846958859578945, 0.3573180306192006], [0.012590472547599041, 0.1372448392638553, 0.24573951448544515, 0.6044251737031004], [0.5630279055996528, 0.23575804746002052, 0.12401061905506637, 0.07720342788526038], [0.5418603764417288, 0.3616911185399185, 0.0015850139409778936, 0.0948634910773747], [0.009284472889570078, 0.3327575111100519, 0.625844928881616, 0.032113087118761985], [0.0753478215589778, 0.8012425273695953, 0.002308708731367212, 0.12110094234005964], [0.013912003768447609, 0.001408893474201869, 0.9696225516903518, 0.015056551066998707], [0.004653240347460782, 0.17978676890607584, 0.7925040737643185, 0.023055916982144792], [2.1549421387388677e-05, 0.039988760719786125, 0.9422499003308212, 0.017739789528005305], [0.9554151399018236, 0.043900048937808814, 2.950456385502783e-05, 0.0006553065965125702], [0.9228662461282375, 0.07098931895689253, 0.005411336661787305, 0.0007330982530828764], [0.14355750967685416, 0.2866259675020448, 0.0683510628654662, 0.5014654599556349], [0.04239795278506559, 0.3794936411771035, 0.0009347272235722963, 0.5771736788142586], [0.0783542128425455, 0.8166628765349315, 0.048943524128009154, 0.0560393864945139], [0.4151335413430741, 0.00015223659756943364, 0.030060429791853974, 0.5546537922675024], [0.008136305297449834, 0.1894133938120182, 0.7998311915956293, 0.0026191092949025643], [0.3945666137231203, 0.008537885253127693, 0.0012318030488546114, 0.5956636979748975], [0.19123010426705422, 0.35356161739566244, 0.3922335138292785, 0.06297476450800482], [0.5698473416532199, 0.42035338253652005, 0.006183817874857283, 0.0036154579354028345], [0.03565340157225579, 0.9409388982557443, 0.01792550209788817, 0.005482198074111758], [0.3469317180207284, 0.0033400057630514923, 0.013187313984040962, 0.6365409622321793], [0.014735812128949876, 0.2949096886709469, 0.3892788631837845, 0.30107563601631865], [0.02890149419394467, 0.05670677161943753, 0.010086574317505044, 0.9043051598691129], [0.8788643972821145, 0.0018460056591212825, 1.620838578605499e-05, 0.11927338867297813], [0.04803819354545992, 0.09325438808363103, 0.04047499285064044, 0.8182324255202686], [0.2928798641379854, 0.5593563413920944, 0.03303013402488569, 0.11473366044503436], [0.1152418946370717, 0.00030171523554456994, 3.95621875257177e-07, 0.8844559945055085], [0.06236410887300683, 0.12204315428351467, 0.02917266706881052, 0.786420069774668], [0.007908194567530526, 0.8637118751949256, 5.850667778760062e-05, 0.12832142355975643], [0.16824350439727628, 0.45119244265715763, 0.020029333096579692, 0.3605347198489864], [0.05509316302968942, 0.9354725857641537, 0.0004990528363149716, 0.008935198369841916], [0.3949220402540942, 0.5902618513347788, 0.0011927654141359334, 0.013623342996991073], [0.3213724513592266, 0.18226029069200694, 0.37274911559826335, 0.12361814235050304], [0.025110942011098626, 0.8255940582255212, 0.12909874850669648, 0.020196251256683916], [0.014303688723439949, 0.0033268799092827806, 0.9769696002241105, 0.0053998311431668], [0.00018325023989856115, 0.009607665220919251, 0.9538115724348905, 0.036397512104291714], [0.446816067460411, 0.3742545461422947, 0.16009154792713493, 0.01883783847015949], [0.01383606986769039, 0.8542967962674606, 0.12793750282538485, 0.003929631039464053], [0.1203083954133528, 0.08581418633183402, 0.7919622838486963, 0.0019151344061167943], [0.1959566318129233, 0.766583716179494, 0.02757396409624658, 0.009885687911336113], [0.0007445773991598834, 0.01150201665987409, 0.9849142823865269, 0.002839123554439194], [0.09902011419694784, 0.7525719958710544, 0.004071291351189855, 0.1443365985808081], [0.05117472668070422, 0.052759484572994425, 0.7128752684865812, 0.18319052025972016], [0.022901938083153304, 0.9764555514889892, 4.95058981731263e-05, 0.0005930045296844296], [0.04347916365471993, 0.14686180076333563, 0.0017415213831812393, 0.8079175141987632], [0.002653764580041651, 0.09331867160659098, 0.0025660423458879374, 0.9014615214674794], [0.003322229129522522, 0.0011181224027386062, 0.9823850671245357, 0.013174581343203113], [0.4814842447338356, 0.018785992738119782, 0.4764264182998781, 0.0233033442281665], [0.00032200750254647494, 0.9268941959949937, 0.07247139395339008, 0.00031240254906983163], [0.894173400519695, 0.00022693327938784746, 1.1434229011619301e-06, 0.10559852277801587], [0.05741368993772506, 0.9132422572024321, 0.023168289223770944, 0.0061757636360716545], [0.10049126536587082, 0.043670741346204855, 0.000815501491797042, 0.8550224917961272], [0.0422923971702991, 0.04127757047935986, 0.19414877424427915, 0.7222812581060619], [0.006454089126583565, 0.08557647303615243, 0.8243138788135493, 0.08365555902371456], [0.8793879437288075, 0.009103613810288185, 0.00019600569355484538, 0.11131243676734957], [0.527396860126888, 0.37102880053979637, 0.00010853860787317941, 0.10146580072544255], [0.19722366003456315, 0.0065335649040449036, 0.0007484473238767437, 0.7954943277375152], [0.8834306090001064, 0.1054536853398279, 0.007993005769256423, 0.0031226998908093625], [0.09393243768266803, 0.004370195407952582, 0.007288357869143685, 0.8944090090402357], [0.16237203420169646, 0.82177349488634, 0.010115506164654571, 0.005738964747308984], [0.33344388164066113, 0.05600247303439315, 8.412210640328365e-05, 0.6104695232185425], [5.9974381347119395e-05, 0.7536113088013932, 0.03292031747945515, 0.21340839933780456], [0.8655986111321874, 0.03285914693919104, 0.0004468507988685547, 0.10109539112975292], [0.2627973419362963, 0.45748826290189426, 0.27654836623221396, 0.0031660289295956006], [0.006868394736414158, 0.026102364962871084, 0.0032429827126806156, 0.9637862575880343], [0.36274364506859286, 0.12118125572502869, 0.05918020113795161, 0.4568948980684268], [0.052131362415388356, 0.8754507013723744, 0.068840020467395, 0.0035779157448424187], [0.07541830738463264, 0.5611996634986307, 0.34605568291701005, 0.017326346199726807], [0.1892009356782831, 0.03093591196289697, 0.1395388865611957, 0.6403242657976242], [0.8300653721007926, 0.14804292668500185, 0.0024307393702891096, 0.01946096184391662], [0.001768349854604834, 0.9399133514784898, 0.0517385876164752, 0.00657971105043008], [0.17021057506515144, 0.32144382613685635, 0.00033663578945884325, 0.5080089630085335], [0.46206315196478265, 0.07717794306344786, 0.23213067260744086, 0.2286282323643288], [0.018415426501045513, 0.052129670255225545, 0.0005737872269436722, 0.9288811160167854], [0.00024649057041296153, 0.05013174063579905, 0.9436600036852928, 0.005961765108495253], [0.030992968215452332, 0.4013268406197501, 0.5356452062645293, 0.03203498490026822], [0.001205436497992046, 0.23288088784463148, 0.06602546569958329, 0.6998882099577931], [0.044880804689699, 0.39570013942192367, 0.48722240421514035, 0.07219665167323705], [0.0018384033401527822, 0.011369350530838814, 0.0036482769134159486, 0.9831439692155923], [0.1996161804826312, 0.06983247277235959, 0.5142514749300068, 0.2162998718150024], [0.12384166097066364, 0.03563804235961722, 0.06991415284106686, 0.7706061438286522], [0.03481254470854661, 0.04801244120416897, 0.030190149249193606, 0.8869848648380908], [0.1408247172977836, 0.07048961571592417, 0.0007297038865579201, 0.7879559630997343], [0.006746927184631911, 0.1115147437424687, 0.8793270043767552, 0.0024113246961442584], [0.007170954363549293, 0.08829248914965622, 0.00028725582118953834, 0.9042493006656048], [0.005930923346423101, 0.017561089214920993, 0.003995758031077858, 0.972512229407578], [0.8401048201401835, 0.13825359013677252, 0.004727970414573252, 0.016913619308470792], [0.0499677491743256, 0.012638370641676736, 0.7937998990715631, 0.14359398111243443], [0.06870122065759403, 0.046226760555516874, 0.051474045432251175, 0.8335979733546379]]}}