{"test": {"ids": ["113122160", "112116900", "110118161", "108115570", "104113550", "108115970", "113120540", "111118810", "107116340", "113121950", "109118231", "97106970", "111121930", "104114240", "100120780", "107121640", "103120730", "97112300", "103120780", "112116451", "109113591", "105118171", "107118520", "109121351", "112121030", "104119290", "111118820", "108114270", "106118161", "111116170", "99111440", "100107920", "110118111", "101108121", "113121680", "97106000", "103111930", "103112470", "98106880", "100115700", "112119120", "112116290", "111120220", "106114150", "97112170", "100111380", "97118210", "97107040", "100110260", "110113591", "100109910", "99119830", "100109890", "104111780", "105111990", "105116441", "112120700", "102112301", "108115870", "113119480", "98116500", "111120591", "112116810", "103110220", "99108330", "108115070", "113117630", "105118740", "98108580", "112118890", "106120290", "113122190", "106115120", "102110050", "112118810", "111117120", "102108621", "99114890", "101111310", "105113440", "104113000", "112116880", "98117740", "112116990", "113117550", "105116650", "98108370", "104114320", "97105760", "111119610", "111119150", "108119550", "98110710", "103117200", "99109311", "103111110", "102109840", "98109570", "98119591", "103120531", "113121190", "103120290", "99107660", "113120531", "110118121", "98106560", "104114740", "113118630", "110121140", "111117000", "107114110", "104117630", "107120010", "98110230", "99108460", "105120280", "99112641", "110119891", "110121450", "101119030", "105121370", "113118490", "113122220", "106114011", "106116120", "109113881", "104111711", "108114040", "111119430", "107119390", "108113740", "99109910", "97116500", "108120280", "110115710", "113117340", "107121700", "109114220", "111116640", "105116860", "105118230", "101111140"], "labels": [3, 3, 0, 3, 1, 2, 3, 0, 3, 3, 1, 2, 1, 0, 1, 1, 1, 2, 1, 0, 3, 3, 2, 0, 0, 1, 0, 3, 3, 0, 3, 0, 1, 0, 1, 0, 3, 1, 0, 1, 1, 0, 3, 1, 0, 3, 2, 2, 3, 0, 2, 1, 3, 3, 2, 1, 2, 1, 3, 3, 2, 1, 3, 2, 1, 1, 0, 1, 0, 3, 2, 1, 1, 3, 3, 2, 3, 2, 3, 0, 1, 0, 2, 0, 3, 1, 1, 2, 0, 2, 3, 1, 2, 0, 1, 3, 2, 1, 1, 3, 1, 2, 3, 0, 3, 1, 2, 3, 3, 0, 1, 0, 1, 3, 0, 3, 1, 3, 3, 3, 2, 1, 1, 1, 1, 0, 1, 0, 3, 2, 3, 2, 2, 3, 2, 2, 3, 3, 0, 2, 1, 2], "predicted_labels": [1, 3, 3, 2, 0, 3, 0, 3, 1, 2, 1, 3, 0, 1, 3, 0, 1, 0, 1, 0, 1, 1, 1, 1, 0, 1, 0, 3, 3, 3, 3, 3, 0, 1, 3, 3, 1, 1, 3, 0, 3, 1, 0, 3, 0, 1, 2, 2, 0, 0, 2, 1, 1, 1, 3, 1, 1, 1, 3, 0, 3, 3, 3, 1, 3, 0, 1, 1, 0, 3, 1, 2, 0, 1, 1, 1, 0, 1, 1, 1, 3, 1, 3, 0, 3, 1, 2, 1, 2, 1, 3, 1, 3, 3, 3, 1, 1, 3, 1, 1, 0, 2, 0, 1, 3, 3, 1, 3, 0, 3, 3, 0, 3, 1, 3, 1, 0, 3, 0, 0, 3, 0, 1, 1, 1, 1, 2, 3, 1, 2, 0, 2, 2, 3, 2, 1, 1, 0, 0, 1, 1, 2], "confidence_scores": [[0.14706781495781696, 0.3925280765750697, 0.24427474808227292, 0.21612936038484065], [0.3087567924038651, 0.2604039973017883, 0.08754475887653342, 0.343294451417813], [0.28537039852855783, 0.2939576185459658, 0.10499608194215154, 0.31567590098332443], [0.2659864822522761, 0.23914729394727016, 0.27700963562525277, 0.21785658817520098], [0.34204875235675675, 0.21479844420669572, 0.18063148043955243, 0.26252132299699493], [0.2838600631815447, 0.2515414164423241, 0.0909136081498304, 0.37368491222630085], [0.42207238973025696, 0.220763748502313, 0.08971165750750265, 0.26745220425992733], [0.3359253349437226, 0.2514035722954348, 0.04689006894941243, 0.36578102381143], [0.27468034588406975, 0.28895874897916857, 0.1382635722416438, 0.2980973328951178], [0.201322650251311, 0.2506317895491678, 0.29645988013760827, 0.2515856800619127], [0.28510513587663255, 0.3433062969524962, 0.11516076740850685, 0.2564277997623643], [0.25302797108401376, 0.2352958519157703, 0.23209414394005726, 0.27958203306015855], [0.3648490822020189, 0.24166572243781326, 0.08554987144969595, 0.3079353239104719], [0.24539140159916822, 0.28345293884076733, 0.21688028362320047, 0.2542753759368638], [0.26523995339623585, 0.2367018522157992, 0.1434214851157979, 0.3546367092721665], [0.3105830820855719, 0.25905981497579395, 0.21840774235175353, 0.21194936058688052], [0.2966162511050639, 0.3295270630748663, 0.10716142324042639, 0.2666952625796435], [0.25527699794130837, 0.26610184382241037, 0.23436589225678928, 0.244255265979492], [0.2120057409755693, 0.33887856886467477, 0.16988219908778338, 0.27923349107197276], [0.33599152674674, 0.26122446918570746, 0.08335224090674266, 0.31943176316080973], [0.22375024325447704, 0.34944958606162396, 0.1354639525224728, 0.291336218161426], [0.2544228795067357, 0.36626819030888647, 0.10487160284121905, 0.27443732734315884], [0.17052500278063473, 0.3684302177084132, 0.22360884799431624, 0.23743593151663586], [0.26978764806737665, 0.3305194474132683, 0.11810538466797137, 0.2815875198513835], [0.42625442621943754, 0.2183312701893064, 0.09984953782626, 0.2555647657649962], [0.17591742013141431, 0.3212397845993451, 0.1866417902866378, 0.316201004982603], [0.34205412867840346, 0.2348150076853495, 0.07932056344833412, 0.34381030018791303], [0.2903637664471231, 0.23800492141965188, 0.0878013822361221, 0.3838299298971024], [0.23747894721974377, 0.2676716093042649, 0.19148145847650508, 0.30336798499948625], [0.29311300982100524, 0.28491879606978837, 0.07259604963341608, 0.3493721444757899], [0.2850665330401463, 0.2688433581149324, 0.13151505714010667, 0.3145750517048147], [0.2855354474735663, 0.2550986178434907, 0.08249293809688758, 0.3768729965860551], [0.323899293040762, 0.28203931019855033, 0.11032923306746352, 0.2837321636932244], [0.2651279709928561, 0.3005581228216353, 0.1776226800821986, 0.25669122610330997], [0.21451790229610074, 0.31764410686453654, 0.13979742460142353, 0.32804056623793937], [0.17254730959244197, 0.2503188916249445, 0.1868836521501321, 0.3902501466324816], [0.24392971546031572, 0.3523719278131117, 0.2466253441993162, 0.15707301252725617], [0.2466749251254003, 0.3018727400210276, 0.22280991740642336, 0.2286424174471488], [0.18149694913027037, 0.22304577771554276, 0.2855594082546723, 0.30989786489951454], [0.2686162749142821, 0.272943177165958, 0.1816763968128805, 0.27676415110687963], [0.2803740716439838, 0.17052739359104663, 0.2430435789137656, 0.30605495585120446], [0.28150890690164354, 0.31219806576028575, 0.14010724463854418, 0.26618578269952664], [0.3383125288231152, 0.3180093237467554, 0.07763415333036361, 0.26604399409976576], [0.2688747836299733, 0.26188245798349724, 0.1892911869012734, 0.279951571485256], [0.30383388452650634, 0.24417890428481578, 0.15849254667572973, 0.29349466451294837], [0.3082073622185599, 0.31780187224672884, 0.09046935813919664, 0.2835214073955147], [0.21644620148385466, 0.21140321204911758, 0.3206677389425458, 0.25148284752448175], [0.16545143237398655, 0.26768304337914367, 0.3014316932665417, 0.2654338309803279], [0.3213708527545667, 0.2297584902379287, 0.16258232953104373, 0.286288327476461], [0.314552854485116, 0.27909103254367335, 0.08830355945070027, 0.3180525535205107], [0.25308325325510045, 0.2524704377095781, 0.3001768562656548, 0.19426945276966662], [0.1527023113159872, 0.33101577200029814, 0.2765916821574377, 0.23969023452627697], [0.2199180180657645, 0.2986376388470161, 0.250791730945914, 0.23065261214130514], [0.2394115586653883, 0.36290258957781296, 0.12080818829184463, 0.2768776634649541], [0.30795570744753153, 0.2564502932657957, 0.07340338642934266, 0.36219061285733006], [0.2371844399052307, 0.3920092824850862, 0.16281398565803828, 0.20799229195164512], [0.21100230405066503, 0.31571391635060425, 0.2021208681999994, 0.27116291139873133], [0.23367013617212895, 0.3088590009030854, 0.2524239852671517, 0.20504687765763407], [0.2864423314268369, 0.2604355074650268, 0.09881386245558421, 0.3543082986525522], [0.3423572935934512, 0.23524775469214784, 0.11191700062181388, 0.3104779510925874], [0.2640479508625141, 0.24637698904744246, 0.16966677352090284, 0.3199082865691404], [0.3024038729277931, 0.2478694337323155, 0.07800687006366007, 0.3717198232762313], [0.2625081720308207, 0.24885837534305716, 0.203731296793387, 0.2849021558327351], [0.19879425754962218, 0.3075116665903713, 0.20522319950154283, 0.2884708763584634], [0.2181791169470793, 0.2674304547490228, 0.15839708360665058, 0.35599334469724736], [0.30653123790444414, 0.2941068741652488, 0.18765875201773938, 0.2117031359125676], [0.21632689505347774, 0.34033642574428963, 0.16211761967032137, 0.28121905953191123], [0.21638901442223918, 0.32257892890152506, 0.1928120869113532, 0.2682199697648825], [0.3028027489695045, 0.2853816823749038, 0.18551760740262657, 0.22629796125296536], [0.3282782945447136, 0.2690060578236769, 0.05824817477110243, 0.34446747286050705], [0.2116551501477889, 0.3167105329848588, 0.2315526815525059, 0.24008163531484625], [0.232054159392676, 0.23000730430639058, 0.29108170760932717, 0.2468568286916062], [0.3611353954889048, 0.2793360772322828, 0.0723428100144743, 0.28718571726433834], [0.19687859791632145, 0.31074709725572736, 0.22699095430434768, 0.2653833505236035], [0.31397312984642495, 0.3267610864751734, 0.06772568446975881, 0.291540099208643], [0.23332152882916074, 0.3695625926906361, 0.10595219260594077, 0.29116368587426245], [0.3421233240786485, 0.23611124803867523, 0.11881356537254165, 0.30295186251013484], [0.1637500092687452, 0.34554355561793804, 0.27358710022950133, 0.21711933488381532], [0.3008452249013504, 0.32612125358353466, 0.17168560676512323, 0.20134791474999186], [0.24385653969661308, 0.288743946031581, 0.2377267762566513, 0.22967273801515475], [0.3023849292294193, 0.22097121320646912, 0.10216465002324361, 0.37447920754086816], [0.23336481418969438, 0.3665827509973105, 0.17968772789150583, 0.2203647069214893], [0.208760376053479, 0.25599330158666167, 0.23468642566214581, 0.3005598966977133], [0.38764900505739613, 0.15915140620583498, 0.13058894744690078, 0.322610641289868], [0.3013717195944028, 0.22727024393004444, 0.14011648561701956, 0.3312415508585333], [0.18998192642112421, 0.32921578924344536, 0.2477323207040825, 0.2330699636313479], [0.1441225060634169, 0.2692249058469466, 0.3276073966289338, 0.2590451914607031], [0.2804217624905087, 0.29597730709657427, 0.17945747969480264, 0.24414345071811444], [0.1935798865064704, 0.21246501543964247, 0.3510319813235326, 0.24292311673035422], [0.16328055689430687, 0.34235831848748866, 0.311508999232887, 0.18285212538531723], [0.30599101091818426, 0.24338288794203944, 0.10098217195637214, 0.3496439291834043], [0.29332030225527006, 0.2978965560662258, 0.13287639852279282, 0.27590674315571145], [0.18289313248284292, 0.2800927544407165, 0.20296474445587376, 0.3340493686205667], [0.3061461271693663, 0.2731760322173982, 0.09675025587832753, 0.3239275847349078], [0.2197534487266964, 0.2730509058167377, 0.22631270280838808, 0.2808829426481778], [0.23946672148559092, 0.315185826857011, 0.1329108703255356, 0.31243658133186253], [0.22411096786503873, 0.33041848908152166, 0.2572498995746363, 0.18822064347880307], [0.27638863037348016, 0.2019080965552873, 0.08585365437299762, 0.43584961869823485], [0.24303889542969292, 0.2933431988594242, 0.24095145092352693, 0.22266645478735594], [0.2472779019362358, 0.31621283329570343, 0.11872907348426316, 0.3177801912837977], [0.2866356549382194, 0.29313590736879325, 0.11115923792348698, 0.3090691997695005], [0.20950969517652984, 0.2877249312836382, 0.3133315500853655, 0.1894338234544664], [0.2821325525414391, 0.20904350898471352, 0.2514045782551272, 0.25741936021872036], [0.25798289822856924, 0.3214491309004904, 0.15002670026854345, 0.27054127060239674], [0.26844612480409896, 0.31943736948576973, 0.06599606778482954, 0.34612043792530167], [0.28364695761654257, 0.22349500267686762, 0.19518058617541703, 0.29767745353117275], [0.20269959611457744, 0.3005852525147323, 0.2151761021127461, 0.28153904925794404], [0.2712274137100754, 0.2485639653369208, 0.177980470049322, 0.30222815090368194], [0.3176311414777929, 0.23922284610573993, 0.19579907057468002, 0.24734694184178715], [0.27479530465266644, 0.2506576004763975, 0.1471186495527222, 0.32742844531821375], [0.2314350661959414, 0.20818255345940115, 0.12229959075952533, 0.4380827895851315], [0.34225691237124795, 0.23990549907703215, 0.11030356225673595, 0.307534026294984], [0.18740833896671247, 0.27553403343140226, 0.20767631616598392, 0.32938131143590127], [0.2531020425208044, 0.3174992128024221, 0.1461689826713897, 0.28322976200538347], [0.26049813412450606, 0.2685383041995337, 0.08621882596302403, 0.3847447357129362], [0.15469414574190407, 0.3242097835503181, 0.2942804875075265, 0.22681558320025105], [0.34281030376463567, 0.25396759834344557, 0.1409718653090745, 0.2622502325828443], [0.2567002710618198, 0.2438621651916281, 0.12562483255921347, 0.3738127311873385], [0.32809514968691944, 0.2797596957980677, 0.09207297196731107, 0.3000721825477018], [0.3644908188275096, 0.23804787097570268, 0.09698074360739446, 0.30048056658939293], [0.19329280277424882, 0.28882477615731966, 0.17356882075936805, 0.34431360030906355], [0.33255111252713454, 0.25139808213030895, 0.15370480905511355, 0.26234599628744304], [0.241137863626275, 0.3179205206358638, 0.16202323264851864, 0.2789183830893424], [0.29297650345045606, 0.3504749920634472, 0.13282879220480945, 0.2237197122812873], [0.2303499823293437, 0.30559726311147545, 0.19598492553227534, 0.2680678290269053], [0.2698652725667175, 0.3031941218714335, 0.1665197294810999, 0.2604208760807491], [0.16875744824242425, 0.2588530901844466, 0.337262714108362, 0.2351267474647675], [0.1919133196341636, 0.2850409339846893, 0.1860993117561568, 0.3369464346249901], [0.20447269553215427, 0.32853224529273756, 0.18384069029293088, 0.28315436888217715], [0.2524537317205209, 0.2239102066936715, 0.2635574209237341, 0.2600786406620736], [0.34664634687771506, 0.21903184080022461, 0.1183701579465445, 0.3159516543755157], [0.20348531942232337, 0.22729210661804647, 0.3664781229788551, 0.20274445098077518], [0.23069097422281193, 0.2376436241304339, 0.2974012290020072, 0.23426417264474675], [0.2828473892904397, 0.2336245332201836, 0.1713980024134804, 0.3121300750758963], [0.2533175819378959, 0.2504064494634055, 0.24730617723323603, 0.24896979136546266], [0.1942251619085776, 0.3441599464319142, 0.23160258528910355, 0.2300123063704043], [0.25101008764667715, 0.2999142810069296, 0.17272147677308275, 0.2763541545733105], [0.29599013920879225, 0.28128622148481813, 0.13716779855002342, 0.2855558407563665], [0.27766731683063983, 0.25679630708251794, 0.24128468663978486, 0.22425168944705723], [0.2929614828069751, 0.327804393316686, 0.11778543715736567, 0.2614486867189732], [0.23385563688172778, 0.3298861045699828, 0.1274612179548504, 0.3087970405934393], [0.2634126756097245, 0.24656136877669993, 0.2632463565379755, 0.22677959907560002]]}, "rewritten": {"ids": ["97105760", "97106000", "97106970", "97107040", "97112170", "97112300", "97116500", "97118210", "98106560", "98106880", "98108370", "98108580", "98109570", "98110230", "98110710", "98116500", "98117740", "98119591", "99107660", "99108330", "99108460", "99109311", "99109910", "99111440", "99112641", "99114890", "99119830", "100107920", "100109890", "100109910", "100110260", "100111380", "100115700", "100120780", "101108121", "101111140", "101111310", "101119030", "102108621", "102109840", "102110050", "102112301", "103110220", "103111110", "103111930", "103112470", "103117200", "103120290", "103120531", "103120730", "103120780", "104111711", "104111780", "104113000", "104113550", "104114240", "104114320", "104114740", "104117630", "104119290", "105111990", "105113440", "105116441", "105116650", "105116860", "105118171", "105118230", "105118740", "105120280", "105121370", "106114011", "106114150", "106115120", "106116120", "106118161", "106120290", "107114110", "107116340", "107118520", "107119390", "107120010", "107121640", "107121700", "108113740", "108114040", "108114270", "108115070", "108115570", "108115870", "108115970", "108119550", "108120280", "109113591", "109113881", "109114220", "109118231", "109121351", "110113591", "110115710", "110118111", "110118121", "110118161", "110119891", "110121140", "110121450", "111116170", "111116640", "111117000", "111117120", "111118810", "111118820", "111119150", "111119430", "111119610", "111120220", "111120591", "111121930", "112116290", "112116451", "112116810", "112116880", "112116900", "112116990", "112118810", "112118890", "112119120", "112120700", "112121030", "113117340", "113117550", "113117630", "113118490", "113118630", "113119480", "113120531", "113120540", "113121190", "113121680", "113121950", "113122160", "113122190", "113122220"], "labels": [0, 0, 2, 2, 0, 2, 2, 2, 1, 0, 1, 0, 1, 3, 2, 2, 2, 1, 3, 1, 0, 1, 2, 3, 1, 2, 1, 0, 3, 2, 3, 3, 1, 1, 0, 2, 3, 3, 3, 2, 3, 1, 2, 3, 3, 1, 0, 2, 3, 1, 1, 1, 3, 1, 1, 0, 2, 2, 0, 1, 2, 0, 1, 1, 2, 3, 1, 1, 3, 2, 1, 1, 1, 1, 3, 2, 1, 3, 2, 2, 1, 1, 3, 3, 0, 3, 1, 3, 3, 2, 1, 3, 3, 0, 3, 1, 0, 0, 2, 1, 3, 0, 3, 3, 3, 0, 0, 0, 2, 0, 0, 3, 3, 2, 3, 1, 1, 0, 0, 3, 0, 3, 0, 3, 3, 1, 2, 0, 2, 3, 0, 1, 3, 3, 0, 3, 1, 1, 3, 3, 1, 1], "predicted_labels": [3, 3, 0, 3, 0, 0, 0, 0, 3, 3, 2, 0, 3, 0, 3, 3, 3, 0, 0, 3, 3, 1, 2, 0, 0, 1, 1, 3, 3, 0, 0, 0, 3, 3, 0, 0, 0, 0, 0, 1, 1, 1, 3, 3, 1, 0, 3, 2, 3, 1, 1, 2, 1, 0, 0, 0, 1, 3, 0, 3, 3, 3, 0, 1, 0, 0, 1, 1, 1, 3, 1, 3, 0, 3, 3, 1, 3, 3, 1, 2, 3, 0, 1, 0, 0, 3, 0, 0, 3, 3, 0, 3, 1, 0, 0, 0, 1, 0, 3, 0, 3, 0, 3, 0, 3, 3, 0, 3, 1, 0, 0, 3, 3, 2, 0, 3, 0, 0, 0, 3, 1, 3, 0, 0, 3, 0, 0, 0, 1, 3, 1, 1, 0, 0, 1, 0, 0, 3, 3, 1, 2, 1], "confidence_scores": [[0.2558255227962515, 0.20674337437819482, 0.2053342006803725, 0.33209690214518117], [0.21459660375547146, 0.2537147927968336, 0.15205869419342874, 0.3796299092542659], [0.31925952638389854, 0.24498720318841305, 0.1300883930812819, 0.3056648773464063], [0.1959382414448713, 0.25915031522656123, 0.24105654971606047, 0.303854893612507], [0.3017998770025339, 0.23745831102329018, 0.1644255420976537, 0.29631626987652226], [0.2634132717191228, 0.2655953250246857, 0.19356892991765962, 0.27742247333853165], [0.31346874980312855, 0.2229319626300856, 0.2109417060122796, 0.2526575815545063], [0.30074368208497027, 0.19506821590027495, 0.2225829936622252, 0.28160510835252955], [0.29741491131201814, 0.2182039605507436, 0.17999742637322247, 0.3043837017640157], [0.2254083210649052, 0.24129629059101368, 0.19276174214194, 0.3405336462021411], [0.19629463332818772, 0.24881214940550794, 0.3152832707105345, 0.23960994655576956], [0.33482272653824835, 0.26589627626074974, 0.1439449838879862, 0.2553360133130154], [0.3039632811237359, 0.211696863137949, 0.08721094910345599, 0.39712890663485884], [0.3000012506299011, 0.29014697315894583, 0.11888506354551136, 0.2909667126656417], [0.2461228927350869, 0.25841317391663016, 0.16712818339780797, 0.328335749950475], [0.2870368144818643, 0.2559003015891787, 0.12654012760573277, 0.330522756323224], [0.2579750763134524, 0.23963773729520338, 0.20745593914774413, 0.29493124724360015], [0.2703175129776505, 0.27283333669400694, 0.22222700373824253, 0.2346221465901], [0.3026695154155465, 0.20749743004893123, 0.18472336136180403, 0.30510969317371817], [0.2696419707947855, 0.24978682723168913, 0.13230420877812646, 0.34826699319539894], [0.29192178835565163, 0.255452693986475, 0.080858841267623, 0.37176667639025057], [0.27367185031776486, 0.27862990321074343, 0.17761064841548527, 0.2700875980560062], [0.2710475463431938, 0.22550081922501147, 0.3016491920402465, 0.20180244239154826], [0.3493397830229268, 0.21831474128251596, 0.1146013320143575, 0.31774414368019954], [0.34800366197113985, 0.2796740999159142, 0.10844547842329386, 0.2638767596896518], [0.16813543983308094, 0.34510269396234644, 0.23702516127930545, 0.24973670492526737], [0.21477022393668338, 0.2889889903848931, 0.21590697222024147, 0.28033381345818176], [0.2885341407494812, 0.2726108701096186, 0.09646734042944681, 0.3423876487114535], [0.2542761047276573, 0.2587051838129987, 0.19048161901455463, 0.2965370924447894], [0.3055926012387244, 0.2248233157470995, 0.23373720561709335, 0.23584687739708243], [0.335613785431329, 0.21334876906937217, 0.12776591440418486, 0.3232715310951139], [0.31944692770325545, 0.3144420532669724, 0.07873800869924895, 0.2873730103305233], [0.2742611140962582, 0.2739961862510499, 0.16465655345976002, 0.28708614619293205], [0.22893762712590313, 0.23703925687172633, 0.18377176132659273, 0.3502513546757778], [0.3022117894426507, 0.26720509213468985, 0.13690926963694316, 0.29367384878571606], [0.2894854457705006, 0.25136039253458825, 0.2230381065462471, 0.2361160551486641], [0.3217906215409607, 0.3419509053419573, 0.13890636868106312, 0.1973521044360188], [0.3532263429426373, 0.26227686249686766, 0.11419612890162384, 0.27030066565887123], [0.33317975241687137, 0.22035206875232932, 0.10885048027458659, 0.3376176985562123], [0.24541483844218448, 0.2999184409877804, 0.20447283517226267, 0.2501938853977727], [0.2174272997983209, 0.2984596144082595, 0.2357772465588254, 0.24833583923459404], [0.2695800017618371, 0.2783479875580477, 0.19654932949344475, 0.2555226811866705], [0.2562791031614076, 0.25478834342251994, 0.15972725815078764, 0.329205295265285], [0.27641577507508686, 0.28547355208493314, 0.11330447723880563, 0.3248061956011746], [0.260876022102038, 0.31836279164648484, 0.1895154623328095, 0.23124572391866755], [0.2780484186094246, 0.25735257792153, 0.19558754440970805, 0.2690114590593374], [0.3093388170270745, 0.255259647401335, 0.09224717903898537, 0.34315435653260523], [0.2269205330396595, 0.2939230776408466, 0.27896097332259057, 0.20019541599690302], [0.2744376233548439, 0.26735843376076796, 0.12145275414242253, 0.3367511887419658], [0.2926133923064123, 0.32541446803576746, 0.10228881499842726, 0.279683324659393], [0.2741229955424168, 0.31131335867726684, 0.13837487177468547, 0.2761887740056307], [0.22224924202809307, 0.25325594318188377, 0.26670640967624093, 0.2577884051137822], [0.27746444820290167, 0.3203071300499591, 0.11292800245261535, 0.2893004192945241], [0.34073741686961634, 0.19877719918388986, 0.09518956858269614, 0.36529581536379774], [0.3277419441766324, 0.21719002271126647, 0.19797734058094557, 0.2570906925311557], [0.29126055563680414, 0.25661737771987236, 0.1613254080753886, 0.29079665856793485], [0.26872776183276575, 0.2734296467407886, 0.19219668747415433, 0.2656459039522908], [0.25261992167731845, 0.22398989733185917, 0.22269957079119168, 0.3006906101996305], [0.3404463401922604, 0.22173115898950593, 0.10036286314128808, 0.3374596376769457], [0.21351189463183645, 0.2828881534756394, 0.2332254748867928, 0.2703744770057312], [0.31196446939880945, 0.25595821724731727, 0.07284896160840769, 0.35922835174546586], [0.26327920860255677, 0.25157498197451905, 0.20418652139082274, 0.2809592880321017], [0.3144562250842594, 0.3222181230154244, 0.13972445581120865, 0.22360119608910767], [0.21623406141244172, 0.3119958955318043, 0.19451513473217166, 0.2772549083235823], [0.3121114812857483, 0.3079728092592839, 0.10142840774411499, 0.27848730171085295], [0.3101549417907713, 0.28118225377887013, 0.10577485015428688, 0.3028879542760714], [0.24296926777208314, 0.3247423931318201, 0.15654283155559867, 0.2757455075404981], [0.23907182739568913, 0.3010754984783803, 0.1664728513621266, 0.2933798227638042], [0.22673733971360596, 0.2895289391035816, 0.209468879466974, 0.2742648417158385], [0.21709610794447845, 0.2729057966739503, 0.17642130729115546, 0.33357678809041585], [0.3006356335278071, 0.33227108151099066, 0.12122084414271353, 0.245872440818489], [0.29203794068380223, 0.2409388273578627, 0.1608583592098397, 0.30616487274849546], [0.3836968023447233, 0.26962254367195776, 0.07532097135476673, 0.2713596826285524], [0.25550667567994073, 0.2792888182437735, 0.1491417128130906, 0.3160627932631951], [0.26246631622717476, 0.25335259333819726, 0.16565312584502054, 0.3185279645896072], [0.22594262632380202, 0.31188028226445474, 0.20158512209082963, 0.2605919693209135], [0.24872259087058343, 0.2268875222520299, 0.11959116298122105, 0.40479872389616567], [0.2710418712514974, 0.2617802952039996, 0.18012138170955241, 0.28705645183495093], [0.22034057882904162, 0.31095467946324024, 0.23260601000395528, 0.23609873170376272], [0.2697432171002671, 0.22411137178553944, 0.2718780183373137, 0.23426739277688], [0.2138303429168934, 0.2723574130815176, 0.25575904388877296, 0.258053200112816], [0.2967949076625087, 0.2769016159617427, 0.20700610185600915, 0.21929737451973977], [0.27682255399577826, 0.2809877784023786, 0.16459810331793795, 0.2775915642839049], [0.3711063234485073, 0.18747028704229707, 0.09139474711991977, 0.3500286423892766], [0.28760182362417497, 0.2406696920623652, 0.16887155775700946, 0.3028569265564504], [0.3093271250414095, 0.24233879019395982, 0.08623572694725815, 0.36209835781737254], [0.3145660360530841, 0.2725355178076694, 0.17403375687821132, 0.23886468926103496], [0.2703093993734202, 0.2565498451559767, 0.22765436507008624, 0.24548639040051703], [0.2919669115127345, 0.25098121033859955, 0.1019622774727673, 0.35508960067589856], [0.30344996288287895, 0.24758317906759258, 0.08546540184735345, 0.363501456202175], [0.30338447557719633, 0.2875379935209487, 0.14100130591401494, 0.26807622498784006], [0.2997369253618316, 0.25012898361017155, 0.1328249000105746, 0.3173091910174222], [0.25208049398719945, 0.317239118592655, 0.128942086585768, 0.3017383008343778], [0.2922844046376782, 0.2686785313859651, 0.13576437232193062, 0.303272691654426], [0.34681339317535104, 0.22563050298672063, 0.1555555308690176, 0.2720005729689104], [0.2970671749806444, 0.293172292472942, 0.12418719774601927, 0.28557333480039415], [0.2989369855224761, 0.32727999756982856, 0.08868094422212117, 0.28510207268557436], [0.3261924844973733, 0.26194542082153294, 0.09295822923053546, 0.318903865450558], [0.26504492974303945, 0.20098566135445967, 0.20668922717890223, 0.32728018172359885], [0.34536387823211, 0.25046496865631895, 0.11348491098715932, 0.2906862421244116], [0.2960329704846486, 0.28241584571662753, 0.0778567734750493, 0.3436944103236746], [0.3074539428913222, 0.2800481632671135, 0.11546470024702402, 0.29703319359454056], [0.24385337058335665, 0.2463369666933444, 0.13061146735100274, 0.3791981953722962], [0.30823887748814316, 0.22790953314348067, 0.23575707249074407, 0.22809451687763194], [0.2794510298616083, 0.2815477944402047, 0.12558406583151221, 0.3134171098666748], [0.2669725949291595, 0.32540341988020216, 0.07832943348608801, 0.3292945517045502], [0.2771879181390376, 0.25472994674331617, 0.24164971138453742, 0.22643242373310846], [0.2730622261347429, 0.2529508703284367, 0.16604762730092085, 0.30793927623589973], [0.25472645655705933, 0.3445679359111762, 0.10264825136443424, 0.29805735616732987], [0.33519907508312685, 0.27196281880834544, 0.0640264417918545, 0.3288116643166731], [0.34414600268489653, 0.22887605953297227, 0.08875730612303623, 0.3382206316590951], [0.28477601861128915, 0.24573772794405319, 0.12678601567933334, 0.34270023776532416], [0.23893669148132057, 0.27798667479150563, 0.17084975555974027, 0.3122268781674333], [0.1428521889310782, 0.3253277694143274, 0.3489692677680318, 0.18285077388656262], [0.3390383708571731, 0.2950663889094518, 0.08753680326714111, 0.27835843696623375], [0.31648796268501667, 0.25168484955525644, 0.07826922103923159, 0.3535579667204953], [0.3553749198618004, 0.23601290682045079, 0.09940595162690749, 0.3092062216908414], [0.2991516509249252, 0.28002419091446024, 0.1203773923921289, 0.30044676576848595], [0.3371436362833097, 0.2607861821834749, 0.09123271117038519, 0.3108374703628303], [0.2560899798812149, 0.2545897103304133, 0.21880807781578188, 0.2705122319725901], [0.264623751800153, 0.32345828344752703, 0.17306748020759352, 0.2388504845447265], [0.301054950709101, 0.24865501450453525, 0.0914971955231953, 0.3587928392631684], [0.3879887441365841, 0.1776684648793705, 0.14553928059202498, 0.28880351039202046], [0.3128083957196284, 0.2930544735201816, 0.07592809942920827, 0.31820903133098183], [0.3053027212710062, 0.24067278721322186, 0.12017274780988395, 0.3338517437058879], [0.3094155075191868, 0.19131968541349692, 0.25222395717505197, 0.2470408498922643], [0.2570180620824918, 0.27188191714220983, 0.18627813872785956, 0.2848218820474387], [0.4146303108414776, 0.20244598857533855, 0.11248436768464588, 0.2704393328985383], [0.2098601577153745, 0.319064163789161, 0.24832205042375674, 0.22275362807170768], [0.3056254457855371, 0.22860676534208418, 0.14440382362681375, 0.3213639652455652], [0.22777189305837234, 0.31660930528426134, 0.1522317708591567, 0.30338703079821], [0.26654894160855724, 0.30601011327274885, 0.1928769932731151, 0.23456395184557927], [0.30632578822997497, 0.2674731530902898, 0.13433830251418352, 0.2918627561655515], [0.3312159017771247, 0.24369051369871067, 0.09918944118543606, 0.32590414333872886], [0.28292726587168254, 0.29028859173269295, 0.1207906403407374, 0.30599350205488735], [0.3892803268189839, 0.23542738557598122, 0.08735473025902792, 0.2879375573460068], [0.29763822780813615, 0.27012305313266294, 0.12067091805235221, 0.31156780100684844], [0.2302527948693823, 0.31390021025350806, 0.13956428527539472, 0.3162827096017148], [0.224571672481133, 0.2373484030437332, 0.2605010618994647, 0.27757886257566894], [0.15480995275874654, 0.3751375283090721, 0.25721482195439743, 0.2128376969777838], [0.26553779582704007, 0.21522160586003194, 0.2513744114626021, 0.26786618685032576], [0.26543159032178704, 0.2959174704930861, 0.1433298722045171, 0.2953210669806103]]}}