{"test": {"ids": ["97116410", "103111620", "112118890", "102112030", "106116120", "110117110", "103113640", "111120640", "102113981", "113122190", "98111860", "102116500", "110114651", "111119930", "98120010", "105113330", "101119030", "100109360", "99109161", "102108621", "108120060", "103110220", "108113480", "111116110", "109115211", "101110200", "110118161", "104111531", "112120290", "100111390", "109120150", "102114270", "109116040", "112121351", "98106111", "99107560", "101115190", "113118490", "110118740", "111121220", "107119950", "110118880", "112118701", "99107500", "100108260", "108117720", "105116650", "113118620", "100109910", "98109570", "98117740", "101108080", "109119450", "101110150", "99116500", "105110091", "108113620", "106114150", "98106560", "113120830", "105116980", "107121700", "106121220", "106115240", "105113190", "102112301", "103111930", "112119980", "100111080", "109116750", "104114410", "106119990", "100115700", "107118120", "110115980", "97107920", "107115250", "108115250", "113121190", "98107340", "103110760", "111116750", "109115220", "107113180", "100108080", "100113210", "104116441", "103120531", "109118820", "112119450", "105116090", "113118111", "109117080", "106114280", "109115070", "112121360", "106115120", "104116980", "110114720", "113120280", "109118161", "107113260", "109116810", "111120591", "99117740", "111121410", "99121440", "97106591", "111120531", "108114360", "113122510", "108115570", "107120260", "100107920", "112119930", "113121680", "110114561", "104119290", "103110840", "97112290", "104113240", "99119830", "97107040", "97105760", "104111830", "107114110", "100108580", "100109980", "111116990", "108119330", "107114280", "100108490", "98119591", "99109840", "112117660", "108118301", "106111321", "113118820", "102110890", "105115720", "111115620", "111120220"], "labels": [3, 0, 3, 2, 1, 0, 1, 0, 1, 1, 0, 1, 3, 1, 2, 3, 3, 0, 3, 3, 1, 2, 0, 3, 0, 2, 0, 0, 1, 2, 2, 3, 0, 0, 0, 1, 1, 1, 3, 3, 3, 0, 0, 0, 3, 1, 1, 3, 2, 1, 2, 0, 3, 1, 2, 0, 3, 1, 1, 3, 0, 3, 1, 1, 3, 1, 3, 0, 0, 0, 1, 0, 1, 3, 1, 0, 2, 1, 1, 0, 1, 3, 3, 3, 0, 0, 1, 3, 3, 3, 1, 1, 1, 3, 0, 3, 1, 1, 3, 0, 0, 0, 3, 1, 2, 0, 2, 1, 0, 1, 2, 3, 1, 0, 1, 1, 0, 1, 1, 1, 2, 1, 2, 0, 3, 1, 0, 1, 0, 0, 3, 2, 1, 2, 0, 1, 0, 0, 0, 1, 1, 3], "predicted_labels": [2, 2, 3, 3, 2, 1, 2, 0, 0, 1, 2, 2, 0, 3, 3, 3, 2, 3, 0, 2, 1, 1, 1, 3, 1, 3, 0, 1, 1, 1, 3, 1, 2, 1, 1, 1, 1, 3, 1, 3, 3, 2, 3, 2, 0, 3, 0, 0, 2, 3, 2, 3, 1, 3, 2, 1, 1, 2, 3, 3, 3, 0, 3, 0, 2, 3, 1, 3, 3, 1, 1, 1, 1, 3, 1, 3, 1, 3, 3, 2, 0, 0, 3, 3, 3, 0, 1, 2, 3, 1, 1, 3, 1, 3, 0, 1, 3, 1, 2, 0, 3, 3, 0, 3, 3, 0, 0, 3, 3, 1, 2, 1, 1, 3, 1, 3, 2, 1, 1, 2, 3, 1, 1, 0, 1, 0, 3, 1, 3, 2, 1, 3, 3, 3, 3, 0, 3, 3, 3, 3, 2, 1], "confidence_scores": [[0.12346985858665456, 0.24591548113600026, 0.3537211420483473, 0.27689351822899805], [0.1748434372463014, 0.1483832259204774, 0.3660004783090561, 0.3107728585241653], [0.18649044656031766, 0.1405733787855017, 0.1661935111102834, 0.5067426635438972], [0.2278656687546127, 0.17802840110515855, 0.28640385870932195, 0.3077020714309068], [0.27442659285290294, 0.26271101345143005, 0.30341637048064685, 0.15944602321502016], [0.15193222699745387, 0.32248505419587403, 0.21131940736183433, 0.31426331144483766], [0.22296199757373875, 0.22983557914835992, 0.3483275404382465, 0.1988748828396548], [0.3970963925210494, 0.279410410334232, 0.12173317207680875, 0.20176002506790988], [0.49452236098006336, 0.21209513743064423, 0.12939902185245758, 0.16398347973683478], [0.1800898945972266, 0.37301281487597854, 0.276555340071056, 0.17034195045573897], [0.12293323273461725, 0.2554303356434079, 0.49597007341222415, 0.12566635820975072], [0.26868998493884494, 0.2609209148504016, 0.36499093074106, 0.10539816946969345], [0.34929200323909465, 0.3237437423269588, 0.09060555749504867, 0.2363586969388977], [0.24681369724409732, 0.11355142061332434, 0.1954158891281854, 0.444218993014393], [0.12597716855857533, 0.1942892341974389, 0.2934320469386907, 0.38630155030529517], [0.21710903827746997, 0.25534627878711724, 0.09592356930989356, 0.4316211136255193], [0.19542744894447567, 0.2513610499742605, 0.32881349611612903, 0.22439800496513493], [0.3306889818108438, 0.14497825389819108, 0.09825236793081009, 0.42608039636015504], [0.39448879378479207, 0.23527183078341793, 0.2241690068029501, 0.14607036862883985], [0.251973262465774, 0.23012135645062265, 0.3098616558140858, 0.2080437252695175], [0.16544745068222455, 0.353224932952371, 0.2368208267648341, 0.24450678960057043], [0.1715265546865301, 0.3878860115472712, 0.2740748882787953, 0.16651254548740338], [0.09524341531396112, 0.6309619648642779, 0.21473720876547775, 0.059057411056283135], [0.16116664629713243, 0.19289751679189301, 0.20786534808843635, 0.4380704888225381], [0.23132810620008937, 0.47566985202353407, 0.0809903886461544, 0.21201165313022208], [0.14990629050909002, 0.21592764726243335, 0.2030623916641125, 0.4311036705643641], [0.6936988473189035, 0.10403181207037793, 0.07458663066267725, 0.12768270994804123], [0.21005039730240624, 0.5346683805420238, 0.11920814352009662, 0.13607307863547335], [0.15967665061463213, 0.4022946600654804, 0.31842404319396717, 0.11960464612592026], [0.11643793339456175, 0.4433241778542037, 0.24887436118691147, 0.191363527564323], [0.15137512275821724, 0.10569417281229333, 0.30458126172747424, 0.4383494427020152], [0.2465360771328436, 0.30906684581206734, 0.16995828017866776, 0.27443879687642136], [0.06393895550461141, 0.1039999880073924, 0.6249570692378547, 0.20710398725014156], [0.16017935171789402, 0.4150961509541959, 0.11583783284410827, 0.3088866644838018], [0.23285756582257863, 0.33293346899482523, 0.2547177511696849, 0.1794912140129113], [0.15267975013877175, 0.37766509995238623, 0.24714765837069824, 0.222507491538144], [0.12507752217332668, 0.5220117907971847, 0.08635430665992003, 0.2665563803695685], [0.25748576870666556, 0.12540722118884984, 0.1404713442485264, 0.4766356658559584], [0.31350294936358164, 0.3771680402067141, 0.11885088659098433, 0.19047812383872006], [0.1657958608471483, 0.23172424416128104, 0.0432344651843477, 0.5592454298072231], [0.241032923907325, 0.20027483046593264, 0.20894798179571997, 0.3497442638310224], [0.1180138746835341, 0.17805553518719497, 0.550050030363156, 0.15388055976611503], [0.12011146361486577, 0.24919272035034518, 0.15090975696335968, 0.47978605907142946], [0.09606766112977494, 0.3425137380097562, 0.4306359913072743, 0.13078260955319465], [0.37065767710971625, 0.1442355390826529, 0.26371071454849804, 0.2213960692591328], [0.15870388669131216, 0.22004170955129698, 0.2947361450148513, 0.3265182587425395], [0.384397436255911, 0.19575341852914688, 0.21197182727739172, 0.20787731793755052], [0.5124534249328289, 0.18468693636486633, 0.12087607375134332, 0.18198356495096152], [0.2707963986234688, 0.2861081378854202, 0.30295101233291916, 0.14014445115819185], [0.11233016594754903, 0.06440993862833065, 0.0635497439567215, 0.759710151467399], [0.18300639834795115, 0.14802846075977644, 0.35661044179165313, 0.3123546991006194], [0.2352893976706143, 0.2381001380925571, 0.19103857984697878, 0.3355718843898497], [0.08486786046068638, 0.6449959976457823, 0.08027726870527671, 0.1898588731882547], [0.13305600065839662, 0.2153130686064378, 0.31691869051401983, 0.33471224022114576], [0.05851407767313746, 0.31877309836883433, 0.3317650566080866, 0.2909477673499417], [0.12607454849929434, 0.46354559331427353, 0.2203109742453288, 0.19006888394110355], [0.2158957515547082, 0.3798147817066617, 0.13361905587130682, 0.2706704108673234], [0.1414594988739468, 0.16103795388223288, 0.4592108457764093, 0.23829170146741113], [0.362475195715373, 0.1274586644281762, 0.13545645647962984, 0.37460968337682105], [0.13288909674255753, 0.2676902962155606, 0.20054069902374017, 0.39887990801814166], [0.20468576042113998, 0.26697310983688705, 0.08216438553704507, 0.4461767442049278], [0.43087784911279997, 0.23868126379987722, 0.14850563757739568, 0.18193524950992723], [0.14124183312573066, 0.19724983793057912, 0.10746591077543213, 0.554042418168258], [0.5617645978859052, 0.11456928848076582, 0.06750376273114374, 0.2561623509021853], [0.20882875124374078, 0.21454720037241276, 0.29085886841820136, 0.2857651799656452], [0.19813127576993014, 0.21349609078562745, 0.09436061844173842, 0.49401201500270403], [0.19792029049003548, 0.5262105952148071, 0.08844990883648561, 0.18741920545867166], [0.2716152403440636, 0.25109180166069445, 0.09241272102549275, 0.38488023696974927], [0.23184162041181933, 0.2490510951088049, 0.11301952789656973, 0.40608775658280616], [0.23181832552000808, 0.4913518452343826, 0.05067692762811047, 0.22615290161749899], [0.20361004131219215, 0.42115139316299266, 0.10445398045822679, 0.2707845850665883], [0.2115795879225553, 0.5012705978182103, 0.1176040748885706, 0.169545739370664], [0.20309637289094187, 0.39072958107805517, 0.26298513384320693, 0.14318891218779606], [0.23454545327072335, 0.18541289753666895, 0.12294849234334748, 0.45709315684926033], [0.2002131508416409, 0.32962821858163466, 0.19448469590751627, 0.27567393466920814], [0.23934454750994263, 0.09291145276346705, 0.08775767950285132, 0.5799863202237391], [0.3223735628484372, 0.3407348070513099, 0.17521782248679393, 0.16167380761345893], [0.23031365830550155, 0.2670025158912624, 0.14675393471513964, 0.35592989108809653], [0.13335185774808003, 0.1762842868208708, 0.3378701160980367, 0.35249373933301265], [0.0933920753074452, 0.11070948608134171, 0.553925413306314, 0.24197302530489925], [0.30933900340695386, 0.2396956388939885, 0.17638453546570498, 0.27458082223335284], [0.4907285629565999, 0.16672574006852, 0.19421329073910265, 0.14833240623577765], [0.14885227758288036, 0.17335647062731907, 0.2659649961883339, 0.41182625560146663], [0.18543557503684868, 0.33812575683339063, 0.10173741176140261, 0.37470125636835827], [0.22761719769284913, 0.2816480895601512, 0.13774015878750012, 0.3529945539594997], [0.29651705719277416, 0.2729248990157977, 0.14278152246223713, 0.287776521329191], [0.139521426574074, 0.38993580338093836, 0.12637298518343443, 0.34416978486155336], [0.1217460666442746, 0.3412289944406459, 0.3591090479805067, 0.1779158909345729], [0.11779268153772027, 0.316402648400738, 0.07507664351321748, 0.49072802654832415], [0.21935114813327847, 0.3612548718855395, 0.19131105951248054, 0.22808292046870182], [0.12472462851464794, 0.41920135992227037, 0.24385416603243878, 0.21221984553064294], [0.1831925721470477, 0.233327103010806, 0.18105776566054183, 0.4024225591816046], [0.03183235709395882, 0.7728630329245426, 0.05123708756403804, 0.14406752241746057], [0.23707177467768578, 0.316629542178518, 0.12122854563413507, 0.32507013750966135], [0.5704273118589703, 0.2032785921228968, 0.07407593047439043, 0.1522181655437423], [0.21462165871890618, 0.355420312795443, 0.13765871499237886, 0.2922993134932722], [0.20025722303813673, 0.2100213346439305, 0.1486850051925053, 0.4410364371254274], [0.09671718815595792, 0.5275845137010536, 0.20891236663356716, 0.16678593150942114], [0.09870405937104385, 0.3236274571996117, 0.43632117035267926, 0.1413473130766652], [0.4139110450659445, 0.18771134023381772, 0.19495267995097837, 0.20342493474925957], [0.23097354278824378, 0.19978582467304323, 0.10275584676952101, 0.46648478576919217], [0.11011202815140653, 0.19197496739314934, 0.1265039893384709, 0.5714090151169732], [0.3471479982082315, 0.2894897572034401, 0.17902479084576567, 0.18433745374256288], [0.190820901087188, 0.14200123059216171, 0.08449166851565891, 0.5826861998049914], [0.28048044673631467, 0.242287869526756, 0.1764787364096286, 0.3007529473273009], [0.31031981117783275, 0.28325893594631807, 0.09798262121579557, 0.3084386316600536], [0.3186205211236273, 0.2500776726502973, 0.18619300380887405, 0.2451088024172016], [0.1644735597419255, 0.20864671407214802, 0.3087443714974472, 0.3181353546884792], [0.24446296315864582, 0.20654944307325723, 0.22001761020778196, 0.3289699835603151], [0.11929161981111255, 0.44549119901432066, 0.2009958792328413, 0.23422130194172552], [0.09778779995597757, 0.28817925521176485, 0.465989324301926, 0.14804362053033143], [0.23126019921864535, 0.4090128779471534, 0.1178627944980919, 0.24186412833610932], [0.11929595477466681, 0.6701381384616071, 0.09808958655576383, 0.11247632020796224], [0.27312536563212236, 0.10382392424593849, 0.10709056567597726, 0.5159601444459618], [0.12999017563320814, 0.5783714672249664, 0.12300923767105805, 0.16862911947076753], [0.08149645025654678, 0.11145813489121412, 0.05937266380835314, 0.747672751043886], [0.12039409838856856, 0.3076100088095431, 0.4432015901017934, 0.128794302700095], [0.09900843679024895, 0.5134309567923547, 0.20836296488608652, 0.17919764153130988], [0.2553799219266145, 0.3121297906694663, 0.2118717037431958, 0.22061858366072337], [0.15096657064084776, 0.33397598000479833, 0.34083250021183586, 0.17422494914251793], [0.1298215034587732, 0.3185040889936171, 0.2025133679391985, 0.3491610396084113], [0.14348912198759714, 0.4966114787697502, 0.14769945808955562, 0.21219994115309712], [0.15541998007270652, 0.38889581425710584, 0.18711041091161273, 0.2685737947585749], [0.48301824820742945, 0.15975375790655852, 0.09422777208363846, 0.2630002218023736], [0.1669091488546469, 0.4573225569380853, 0.19375350537057787, 0.18201478883669006], [0.3179144345921734, 0.22130412306279848, 0.26229794381491367, 0.19848349853011446], [0.17392379660724094, 0.21143347455138622, 0.13335542276848986, 0.481287306072883], [0.15913190339411187, 0.38323850699390194, 0.20069400544413155, 0.2569355841678547], [0.21993675019516654, 0.1219117633663393, 0.12264655161241385, 0.5355049348260803], [0.192563834073078, 0.27357179094159545, 0.38296452769710404, 0.15089984728822264], [0.10527572192122046, 0.5855303990782014, 0.14008533541600107, 0.1691085435845771], [0.20166116702152165, 0.2549260043118059, 0.17840851185880124, 0.3650043168078713], [0.29903042752103753, 0.22754861506339158, 0.13220983849557816, 0.3412111189199925], [0.1673577703876138, 0.2503931697159218, 0.13814831052842635, 0.444100749368038], [0.1704193963982838, 0.2517885747928778, 0.1792924424768761, 0.39849958633196236], [0.3425891868353608, 0.27170471324899953, 0.06848875691555592, 0.3172173430000836], [0.14558101766480444, 0.3707680845148776, 0.10657339228893585, 0.3770775055313822], [0.1826808740542573, 0.29534304831209535, 0.11686048138442519, 0.4051155962492222], [0.17108812357300063, 0.20112234637715865, 0.18485889886236698, 0.4429306311874737], [0.16377481058037502, 0.33580786696477827, 0.15010400603201213, 0.35031331642283453], [0.23346309257765577, 0.24116487074458165, 0.2803455952677217, 0.245026441410041], [0.2208482569017533, 0.38398156851625825, 0.08647131477289446, 0.30869885980909406]]}, "rewritten": {"ids": ["97105760", "97106591", "97107040", "97107920", "97112290", "97116410", "98106111", "98106560", "98107340", "98109570", "98111860", "98117740", "98119591", "98120010", "99107500", "99107560", "99109161", "99109840", "99116500", "99117740", "99119830", "99121440", "100107920", "100108080", "100108260", "100108490", "100108580", "100109360", "100109910", "100109980", "100111080", "100111390", "100113210", "100115700", "101108080", "101110150", "101110200", "101115190", "101119030", "102108621", "102110890", "102112030", "102112301", "102113981", "102114270", "102116500", "103110220", "103110760", "103110840", "103111620", "103111930", "103113640", "103120531", "104111531", "104111830", "104113240", "104114410", "104116441", "104116980", "104119290", "105110091", "105113190", "105113330", "105115720", "105116090", "105116650", "105116980", "106111321", "106114150", "106114280", "106115120", "106115240", "106116120", "106119990", "106121220", "107113180", "107113260", "107114110", "107114280", "107115250", "107118120", "107119950", "107120260", "107121700", "108113480", "108113620", "108114360", "108115250", "108115570", "108117720", "108118301", "108119330", "108120060", "109115070", "109115211", "109115220", "109116040", "109116750", "109116810", "109117080", "109118161", "109118820", "109119450", "109120150", "110114561", "110114651", "110114720", "110115980", "110117110", "110118161", "110118740", "110118880", "111115620", "111116110", "111116750", "111116990", "111119930", "111120220", "111120531", "111120591", "111120640", "111121220", "111121410", "112117660", "112118701", "112118890", "112119450", "112119930", "112119980", "112120290", "112121351", "112121360", "113118111", "113118490", "113118620", "113118820", "113120280", "113120830", "113121190", "113121680", "113122190", "113122510"], "labels": [0, 1, 2, 0, 1, 3, 0, 1, 0, 1, 0, 2, 1, 2, 0, 1, 3, 2, 2, 2, 1, 2, 0, 0, 3, 2, 0, 0, 2, 1, 0, 2, 0, 1, 0, 1, 2, 1, 3, 3, 0, 2, 1, 1, 3, 1, 2, 1, 1, 0, 3, 1, 3, 0, 3, 2, 1, 1, 1, 1, 0, 3, 3, 1, 1, 1, 0, 0, 1, 3, 1, 1, 1, 0, 1, 3, 0, 1, 3, 2, 3, 3, 1, 3, 0, 3, 1, 1, 3, 1, 1, 0, 1, 0, 0, 3, 0, 0, 3, 1, 0, 3, 3, 2, 0, 3, 3, 1, 0, 0, 3, 0, 1, 3, 3, 0, 1, 3, 0, 1, 0, 3, 0, 0, 0, 3, 3, 1, 0, 1, 0, 3, 1, 1, 3, 0, 0, 3, 1, 1, 1, 2], "predicted_labels": [3, 1, 1, 3, 3, 3, 3, 0, 3, 3, 2, 3, 0, 1, 1, 1, 0, 3, 1, 1, 1, 1, 3, 3, 3, 0, 1, 3, 2, 0, 3, 3, 2, 0, 3, 2, 3, 3, 0, 1, 3, 1, 1, 0, 3, 2, 1, 1, 0, 0, 3, 3, 2, 3, 2, 2, 1, 3, 1, 1, 2, 3, 0, 1, 1, 1, 0, 1, 3, 2, 3, 3, 0, 3, 1, 2, 3, 3, 1, 1, 3, 3, 1, 1, 1, 1, 3, 3, 1, 3, 3, 3, 1, 0, 2, 3, 2, 1, 0, 1, 1, 2, 2, 2, 1, 0, 3, 1, 2, 0, 3, 2, 1, 1, 1, 0, 0, 1, 1, 3, 3, 0, 3, 3, 0, 3, 3, 1, 0, 3, 3, 0, 1, 0, 0, 1, 2, 3, 0, 2, 1, 1], "confidence_scores": [[0.22373927860100234, 0.21114305979197903, 0.17219035705175414, 0.3929273045552645], [0.28348815504281905, 0.28447918394982824, 0.2174047059623799, 0.21462795504497298], [0.1300185861464948, 0.4881861124679203, 0.17688338053753525, 0.2049119208480498], [0.30572521544210357, 0.1266454656019045, 0.0729814419012087, 0.4946478770547832], [0.13520855657398265, 0.1280937087723548, 0.1377817235722978, 0.5989160110813648], [0.13635032968001234, 0.11975662319320746, 0.1442230254895435, 0.5996700216372367], [0.12233911995814115, 0.12610859118169998, 0.32559694400423594, 0.42595534485592285], [0.4102826375270918, 0.18408726715065385, 0.14621897867872835, 0.259411116643526], [0.1898764490495272, 0.1768120524613486, 0.22075085820200302, 0.4125606402871212], [0.1401919987270363, 0.11719692749201441, 0.09107857691205158, 0.6515324968688977], [0.22369873332261445, 0.21389716043984225, 0.30871021342036764, 0.2536938928171757], [0.21645840187830223, 0.20274538345944945, 0.17721430842306238, 0.40358190623918605], [0.4083480044616373, 0.18434285265581368, 0.10581412681800484, 0.3014950160645443], [0.308850453998612, 0.3905505721996857, 0.10019331083248466, 0.2004056629692178], [0.14058375549742524, 0.622839873833003, 0.09508330157906675, 0.14149306909050502], [0.16584935545091742, 0.4491625437505121, 0.06970544972050569, 0.3152826510780648], [0.31342913832214614, 0.19338117595322535, 0.2125009298427695, 0.28068875588185904], [0.10072543574337438, 0.19133679125460962, 0.22684050281192467, 0.48109727019009124], [0.1252459893556686, 0.30702928043149247, 0.28749020029047156, 0.2802345299223675], [0.15056640995688633, 0.47327651018316275, 0.09883323088041641, 0.2773238489795343], [0.2886042549497107, 0.3965389257519784, 0.09304489322022275, 0.2218119260780882], [0.13798563478115478, 0.48189775936933393, 0.11464238067331774, 0.2654742251761937], [0.18117692391295692, 0.2350008374059636, 0.17173722945234157, 0.41208500922873803], [0.17501565549100387, 0.2504703515486264, 0.12497315102676403, 0.4495408419336058], [0.2800847579507245, 0.24006437582947043, 0.17225286562574868, 0.30759800059405656], [0.34257544431420694, 0.2711353411710325, 0.15755548513752302, 0.22873372937723765], [0.12304885890564098, 0.35554676317350725, 0.19154812854147002, 0.32985624937938196], [0.3189883802958778, 0.08334776094953866, 0.2062212101156829, 0.3914426486389007], [0.11209803463798156, 0.24461867414453808, 0.5055214816921803, 0.13776180952530012], [0.36970883104532204, 0.2144357240485983, 0.1822438076116186, 0.2336116372944611], [0.24153335132992615, 0.15863348825158444, 0.16242917848355945, 0.4374039819349299], [0.13644828824297695, 0.2586805089216798, 0.05938278670193106, 0.5454884161334121], [0.14532080910045958, 0.30836246768353753, 0.349504134432186, 0.19681258878381686], [0.38926206218798476, 0.2614447958678746, 0.17878702461111254, 0.17050611733302817], [0.22720994219362844, 0.30169817420101436, 0.16099918488269316, 0.31009269872266404], [0.1430784338865032, 0.20712179326635316, 0.41475306146253405, 0.23504671138460942], [0.19460008106108068, 0.2473655355963545, 0.16417036722189393, 0.39386401612067096], [0.24794207942244964, 0.2885430285613071, 0.13229727638396024, 0.33121761563228314], [0.5080766880511255, 0.24968082344163267, 0.09254911915976127, 0.14969336934748068], [0.2193491529542405, 0.4586726855486006, 0.16476289267397945, 0.1572152688231793], [0.15915752112463102, 0.2727382711748956, 0.13830209245460562, 0.42980211524586776], [0.2002047782990414, 0.3576542755410265, 0.15007265638540038, 0.29206828977453186], [0.14979003398919194, 0.34882071762231454, 0.21102036562504592, 0.2903688827634478], [0.614157947079519, 0.21184639708170833, 0.04906716976662113, 0.12492848607215164], [0.26185009529044734, 0.23906856795906845, 0.1079739865436987, 0.39110735020678555], [0.16983097078301393, 0.3100642015797194, 0.3176594538283674, 0.20244537380889924], [0.12733952818382435, 0.36028307186884295, 0.2699488664095801, 0.24242853353775262], [0.22592949791950856, 0.32445914644496837, 0.18698999733414073, 0.26262135830138256], [0.29596327648988024, 0.19719918329471345, 0.22553935095154143, 0.2812981892638649], [0.3231093185112758, 0.21851567921650536, 0.1537777540885144, 0.3045972481837044], [0.19833421192125375, 0.29066515296138934, 0.10694940927041911, 0.4040512258469378], [0.3047859539258112, 0.24376577065221697, 0.1379542135443778, 0.313494061877594], [0.22971518483823217, 0.2303222677180318, 0.35403199461205964, 0.18593055283167648], [0.10138645541589537, 0.26153127331790027, 0.15110527362603715, 0.4859769976401674], [0.0991621746376942, 0.20762937348379462, 0.6190457419687875, 0.07416270990972365], [0.08641343596942404, 0.2935931696199757, 0.4455078167890391, 0.17448557762156114], [0.2991980600476759, 0.3626518940181371, 0.23612919752992065, 0.10202084840426645], [0.24854101842379422, 0.2955699763854795, 0.07929692901638354, 0.3765920761743428], [0.12164439863464926, 0.44743182832085376, 0.17549981784594776, 0.2554239551985493], [0.12212308760925833, 0.34239888773742805, 0.29729460563300697, 0.23818341902030654], [0.03920180462402467, 0.24926162067506183, 0.4780242012011621, 0.23351237349975143], [0.25474528663966767, 0.186872003073649, 0.17678451202838621, 0.3815981982582971], [0.5615822901117637, 0.18058600024991095, 0.07201036763480143, 0.18582134200352393], [0.23423531099989114, 0.35974405307086904, 0.08542674828154288, 0.3205938876476971], [0.22519865634183925, 0.4694978830096601, 0.22402296381030715, 0.08128049683819358], [0.27023854292354493, 0.2793786451415799, 0.22595227694266004, 0.22443053499221527], [0.4793901371985471, 0.16533649976518205, 0.07632715602505905, 0.27894620701121187], [0.20224068264201564, 0.3182641051852938, 0.23217735948149923, 0.24731785269119133], [0.20666503032310585, 0.12046005673879724, 0.20765498174948688, 0.46521993118861005], [0.1811789344196939, 0.17901076397141621, 0.3489304033287571, 0.29087989828013283], [0.1856325557249495, 0.14157354232686828, 0.27005778160282007, 0.4027361203453622], [0.3214642973898018, 0.22450034657376003, 0.09656240755164641, 0.35747294848479183], [0.4847465507717157, 0.14267659129379237, 0.12331440673621086, 0.2492624511982812], [0.15221326726834666, 0.2635715061857048, 0.07492358009205763, 0.5092916464538909], [0.29127750302607097, 0.2926501583958694, 0.2363809455799592, 0.17969139299810033], [0.18105560600932627, 0.24277567147929816, 0.3351960024589987, 0.2409727200523771], [0.19665625040054463, 0.2517882654739134, 0.2727801064948055, 0.2787753776307365], [0.153657563051021, 0.16784222058871195, 0.3201561707651675, 0.3583440455950996], [0.16545024435713143, 0.42431545525944137, 0.07425442996066166, 0.3359798704227655], [0.26483836906502733, 0.35006638278069346, 0.19861302588093832, 0.186482222273341], [0.2129478423832645, 0.18082092756921217, 0.1738385368804995, 0.43239269316702394], [0.16102945741622204, 0.09102001298870074, 0.11353190231083274, 0.6344186272842445], [0.27134167505501816, 0.4845369653441949, 0.0702409578213741, 0.17388040177941286], [0.27966945345785943, 0.3216644588359828, 0.11945099986633895, 0.2792150878398188], [0.1754952103978134, 0.5023671319775593, 0.18205592920916805, 0.14008172841545924], [0.3026907844637573, 0.3137945972474368, 0.12270537218411148, 0.26080924610469447], [0.20346288208870236, 0.2470590268885014, 0.22901124162912648, 0.3204668493936697], [0.2618617368125822, 0.1527183163363901, 0.11273156365258456, 0.4726883831984432], [0.27450181537717466, 0.3802315620024243, 0.08582488601814772, 0.25944173660225334], [0.25906954759521245, 0.13945436368584418, 0.28642668067705085, 0.3150494080418926], [0.2125376508666379, 0.2702685156857353, 0.06913158822872312, 0.44806224521890375], [0.2568733503347332, 0.23372950480435126, 0.14759682479148944, 0.3618003200694262], [0.1411309964903793, 0.5695647642524133, 0.0911985208872134, 0.19810571836999394], [0.6069841217311919, 0.21165154196821404, 0.07573713943623643, 0.10562719686435774], [0.08928229144508627, 0.24133388945172837, 0.414867703770638, 0.2545161153325475], [0.2786834960841152, 0.19349273660391614, 0.043723612505561, 0.48410015480640783], [0.04820552773836983, 0.10310036847174298, 0.6830748411744342, 0.1656192626154529], [0.07520389678963356, 0.7507032657162296, 0.070472880660725, 0.10361995683341185], [0.401760699787704, 0.1867058091098928, 0.17389092373499462, 0.23764256736740852], [0.09686765145089475, 0.708809582468196, 0.07015911343546188, 0.1241636526454474], [0.18459207223023277, 0.38588857650882497, 0.1596235248077294, 0.2698958264532129], [0.07295256227198091, 0.26811262372196565, 0.41819077022914447, 0.24074404377690914], [0.05123730176924255, 0.31795949375587085, 0.5464689322239921, 0.08433427225089464], [0.327370282829283, 0.06879098994027122, 0.34983090546106554, 0.25400782176938025], [0.3253814908774621, 0.4513743327820293, 0.1292593514958044, 0.09398482484470418], [0.3981287151695844, 0.18815903246726487, 0.06701704132922683, 0.3466952110339238], [0.16140409534680786, 0.1992970011678789, 0.1154405526344629, 0.5238583508508503], [0.315301162907228, 0.38152428505579455, 0.09800388371850066, 0.20517066831847683], [0.14654645136438305, 0.18462223705251435, 0.34449328449852984, 0.32433802708457277], [0.6233920517716353, 0.13990044831852383, 0.06450604256972617, 0.17220145734011463], [0.30083733265064727, 0.23384982580019748, 0.12477458476401711, 0.34053825678513816], [0.21721061181852078, 0.13100229764689478, 0.4890418638959299, 0.1627452266386547], [0.2636653344789825, 0.30567331864269864, 0.13979895894521374, 0.2908623879331049], [0.2657082042875, 0.3252623558639413, 0.20171378886748345, 0.2073156509810753], [0.3243693229517506, 0.3296737462235431, 0.13890686776375208, 0.20705006306095428], [0.5148097801045605, 0.13966613867669625, 0.08813200655319513, 0.2573920746655481], [0.30182946556862333, 0.20489792216112795, 0.2979907107831826, 0.1952819014870662], [0.19274999844304685, 0.39033494490498977, 0.07983839382425047, 0.3370766628277129], [0.27694701540598937, 0.3870290796933668, 0.07462932074146994, 0.26139458415917377], [0.16687356991981328, 0.18827452862081973, 0.2925920628000012, 0.35225983865936583], [0.22352804192266432, 0.24336682899444786, 0.25448525138223527, 0.27861987770065255], [0.5181023587097541, 0.09259816323868958, 0.0582287333742799, 0.3310707446772764], [0.21112586287761587, 0.2490631919934461, 0.16726420740847406, 0.3725467377204642], [0.23357698430409948, 0.1828269238978811, 0.15016529689513922, 0.43343079490288017], [0.4223793868714409, 0.23842324175342383, 0.06330832934235282, 0.2758890420327825], [0.15866839469822142, 0.17451542505812512, 0.28618122001589175, 0.3806349602277619], [0.17687590181616994, 0.34653256404037913, 0.12495990480838459, 0.35163162933506653], [0.1231816726097792, 0.6031708920378298, 0.13355149283909346, 0.14009594251329757], [0.4306917945941557, 0.10013504819755308, 0.1794217966074967, 0.28975136060079454], [0.19093395049357076, 0.2499266664231472, 0.1685399986441361, 0.390599384439146], [0.3287239908363608, 0.2167454280049934, 0.0994445636955473, 0.35508601746309854], [0.47361981810268694, 0.1172558432609011, 0.14650594929216224, 0.2626183893442497], [0.07251444886135949, 0.6735655004324579, 0.03268885906287717, 0.2212311916433053], [0.5613844763153486, 0.1019501633019218, 0.1602075202052978, 0.17645784017743185], [0.3878664625598669, 0.23961574235030464, 0.08603806560310932, 0.2864797294867192], [0.2178016583750405, 0.4692837525212742, 0.2085821532329149, 0.10433243587077043], [0.2948617510413639, 0.21013686816597987, 0.3890890274228004, 0.10591235336985591], [0.18762187523449506, 0.13891511326741665, 0.26289418738277626, 0.4105688241153121], [0.6664660645593956, 0.11249349738830319, 0.08601832724476637, 0.13502211080753482], [0.15166547045723092, 0.19380802175050224, 0.5116259350166543, 0.14290057277561247], [0.09852681529367317, 0.7035108192447989, 0.08738951715907067, 0.1105728483024574], [0.1489115797016918, 0.38112084521059114, 0.2413205395245915, 0.22864703556312574]]}}