{"test": {"ids": ["104113240", "105110091", "104110960", "110120560", "111116010", "106114011", "99105921", "98112170", "104111620", "110115710", "101109000", "99109141", "98109090", "110120700", "109115211", "108113700", "110117140", "110115120", "106116120", "98107410", "106119260", "112117431", "107118820", "104111990", "106112770", "109113591", "99107630", "107120010", "99108010", "109118820", "105120280", "103111930", "109119460", "108116481", "106119990", "104116800", "110114920", "108120280", "101112540", "101111210", "99107660", "108117360", "98119591", "110119300", "111116990", "108115970", "108119330", "97105451", "107116501", "108117610", "104114240", "107114140", "105119950", "98111670", "99109780", "98110230", "110114950", "112117471", "105116090", "98110710", "113120780", "113120280", "103110840", "105117431", "112117660", "113119300", "103110100", "113118511", "98112580", "104119290", "110114610", "104113190", "99111340", "109117431", "107113130", "109121410", "100107920", "109117271", "102109010", "99112300", "99108080", "109120150", "107114621", "107116980", "113117401", "112119610", "111114941", "113119120", "110117200", "111119290", "109119340", "99107640", "101110740", "107116340", "103118110", "113119700", "102110890", "113121220", "101108460", "101111140", "104112470", "112118620", "103110050", "111116100", "104119340", "105120621", "99111620", "111117200", "101121640", "99111440", "101111990", "106114321", "110116441", "99107950", "99109311", "101111620", "110121500", "99119830", "109114270", "102118380", "111116750", "97107260", "110119030", "113119320", "108115500", "103117200", "110118181", "106120640", "97112290", "110117080", "110118450", "98110680", "105117200", "107114200", "97112170", "104114320", "110115580", "102112170", "112118471", "99112840", "106111321", "103120780"], "labels": [2, 0, 2, 0, 1, 1, 1, 3, 0, 2, 1, 3, 1, 2, 0, 0, 3, 0, 1, 3, 1, 0, 3, 2, 1, 3, 2, 1, 2, 3, 3, 3, 1, 0, 0, 1, 3, 3, 2, 2, 3, 1, 1, 1, 0, 2, 0, 0, 1, 3, 0, 2, 3, 1, 2, 3, 0, 3, 1, 2, 0, 0, 1, 1, 0, 1, 1, 1, 2, 1, 1, 3, 1, 1, 1, 0, 0, 0, 1, 0, 3, 2, 0, 3, 3, 0, 0, 3, 3, 3, 3, 1, 3, 3, 2, 0, 0, 3, 0, 2, 1, 3, 3, 3, 1, 1, 3, 0, 2, 3, 2, 2, 3, 1, 1, 3, 3, 1, 3, 1, 3, 2, 0, 1, 3, 0, 1, 3, 1, 1, 0, 2, 3, 2, 0, 2, 1, 3, 1, 2, 0, 1], "predicted_labels": [3, 0, 3, 1, 2, 3, 2, 0, 3, 1, 1, 3, 1, 3, 1, 3, 1, 1, 1, 0, 3, 1, 1, 1, 1, 1, 3, 3, 1, 3, 1, 1, 3, 0, 3, 1, 3, 0, 3, 1, 0, 1, 0, 1, 1, 2, 3, 1, 0, 3, 0, 1, 3, 0, 2, 0, 1, 0, 1, 3, 3, 0, 0, 1, 0, 1, 3, 1, 3, 3, 3, 1, 0, 1, 3, 2, 0, 3, 3, 2, 3, 3, 0, 1, 0, 2, 3, 3, 0, 3, 1, 0, 1, 1, 1, 1, 0, 3, 2, 0, 1, 1, 0, 3, 1, 0, 2, 1, 1, 1, 3, 2, 3, 2, 0, 1, 0, 3, 3, 2, 0, 0, 1, 1, 1, 3, 2, 1, 1, 1, 0, 2, 1, 1, 0, 2, 1, 1, 0, 1, 3, 3], "confidence_scores": [[0.22817475926621156, 0.20129709897938722, 0.1909047192932224, 0.3796234224611789], [0.4190845581109624, 0.23891673268378938, 0.09221380385478942, 0.24978490535045897], [0.18610234318920782, 0.23764720644179863, 0.2520251628342102, 0.3242252875347834], [0.17076655878817298, 0.38515013124539516, 0.29105920411104136, 0.1530241058553905], [0.10022125638863129, 0.21735864718777953, 0.41010330423700664, 0.27231679218658256], [0.2452188040108705, 0.21853607539238368, 0.14406473833582667, 0.39218038226091906], [0.17168582151440256, 0.24481842960397, 0.480188726513605, 0.10330702236802256], [0.3500976053476599, 0.19257217914683267, 0.2135181833485704, 0.24381203215693706], [0.2762944970299849, 0.2515834533996603, 0.17613332251105773, 0.29598872705929713], [0.1784036662413229, 0.3305946022399591, 0.1958667729917544, 0.29513495852696375], [0.20865441574158053, 0.3097693544214318, 0.22331810074690045, 0.2582581290900874], [0.26135539442057, 0.2194753844807577, 0.11503510908953367, 0.40413411200913857], [0.2293125297908216, 0.3044996707750759, 0.16467442084330072, 0.3015133785908019], [0.17860467264169375, 0.2483960812421482, 0.09597574573785812, 0.4770235003783], [0.2033067533657994, 0.4538260537545119, 0.08865653978366056, 0.25421065309602825], [0.15716194800413336, 0.29264622995589556, 0.10002518356500041, 0.45016663847497057], [0.2188019115126904, 0.3192888562505415, 0.1798074343719892, 0.2821017978647791], [0.09684191770278712, 0.5802263037281746, 0.13164000664660105, 0.19129177192243715], [0.2799724867491794, 0.4228671203665866, 0.10568531754129344, 0.1914750753429406], [0.47876331095026176, 0.15820028985144113, 0.13530232707751294, 0.22773407212078411], [0.1992663066234297, 0.09711029798439938, 0.33318282560395085, 0.3704405697882201], [0.15415073819840086, 0.5078612327874642, 0.06518523272291409, 0.2728027962912209], [0.14337976235285257, 0.33626832605233026, 0.21849667244661186, 0.3018552391482055], [0.15569471314520142, 0.4646672870162279, 0.22797374645725707, 0.15166425338131362], [0.10957693560605516, 0.33734832768303535, 0.27773707536481396, 0.2753376613460954], [0.2104388983488126, 0.4466891788743815, 0.09311040001849664, 0.2497615227583092], [0.30430088457766225, 0.19662957444684462, 0.14666072577153402, 0.35240881520395895], [0.17364040729011734, 0.16635788836227527, 0.1473393607469957, 0.5126623436006118], [0.2571642750005874, 0.3683935752762189, 0.1005207481590392, 0.2739214015641545], [0.14589470812032854, 0.2520957028721725, 0.14065016852802106, 0.4613594204794778], [0.12304801609863543, 0.3977675578538909, 0.17364591989029848, 0.3055385061571752], [0.1401514935031275, 0.36453808193769555, 0.19170828435667103, 0.30360214020250587], [0.17191849339510823, 0.277047681500773, 0.17282230083634142, 0.3782115242677773], [0.4476636037109086, 0.09999420880031991, 0.053764295743428184, 0.39857789174534336], [0.1674316145920212, 0.28557089422720305, 0.22853623337973775, 0.318461257801038], [0.1675628486159169, 0.3991240050747763, 0.1706217436082514, 0.2626914027010553], [0.2684684996576899, 0.28698927581821576, 0.09593532809345505, 0.34860689643063925], [0.43771024432572364, 0.06567648455714012, 0.3820453395887205, 0.11456793152841567], [0.3162960392783556, 0.16426666742573168, 0.19984561711481208, 0.31959167618110057], [0.16524334847874975, 0.36243634187462903, 0.12424976059690188, 0.34807054904971935], [0.3846166228426934, 0.18350529558852471, 0.1417254962976869, 0.290152585271095], [0.16507017407988472, 0.41572587042487497, 0.21750174013769338, 0.201702215357547], [0.4782330927521751, 0.18920703630788144, 0.13895531668044106, 0.19360455425950243], [0.2257479048237913, 0.39021874340349477, 0.16786902012685526, 0.21616433164585871], [0.1851859862615303, 0.36641896225655507, 0.1043980317132856, 0.34399701976862906], [0.11683729717487232, 0.14421445636030525, 0.46780447533752534, 0.271143771127297], [0.19711523339047018, 0.1636193730774916, 0.07790142536769112, 0.5613639681643472], [0.2357925960340524, 0.46185219010078876, 0.09506765126421715, 0.20728756260094167], [0.417610696646478, 0.3630904051929555, 0.05633611416288782, 0.1629627839976787], [0.19833932310981275, 0.3041939940256034, 0.18876130160372104, 0.30870538126086294], [0.3772143946102147, 0.16950443272196744, 0.2754022831155021, 0.1778788895523158], [0.07019184508248931, 0.504212894996252, 0.2143135866961149, 0.21128167322514396], [0.12559907100100962, 0.22645368053563392, 0.24863375409641347, 0.39931349436694313], [0.3896807811133157, 0.2499540337095293, 0.19210867107902319, 0.1682565140981318], [0.16050753104029025, 0.27527481842380647, 0.3680475805895648, 0.19617006994633857], [0.4251451083367629, 0.2281419148773499, 0.16860511800187075, 0.17810785878401666], [0.20003039366185302, 0.3208559304321545, 0.16372343921621488, 0.31539023668977767], [0.4423501608385826, 0.2475715364323304, 0.07617817290053361, 0.23390012982855327], [0.16374223226812654, 0.463665541114489, 0.14788151045212442, 0.22471071616526], [0.15782373328770674, 0.26875643352370715, 0.12366107343827336, 0.4497587597503128], [0.15967096503203615, 0.2196047562021642, 0.1613748120058694, 0.4593494667599302], [0.6403681931167248, 0.10012224105742423, 0.05334212759064747, 0.20616743823520345], [0.29729765874145914, 0.21024050131562355, 0.22522990281994573, 0.26723193712297155], [0.2501603269034587, 0.4064174965281484, 0.07543045933612136, 0.2679917172322715], [0.3281153870168845, 0.22712889309791592, 0.1666313885388847, 0.27812433134631503], [0.20076546765972064, 0.34940150684278426, 0.1657848224793736, 0.2840482030181215], [0.22916306959235608, 0.3172373437395717, 0.09237427472544181, 0.3612253119426307], [0.20437242251595683, 0.4910165539914768, 0.0997769100847648, 0.20483411340780167], [0.15176773101801574, 0.27591151091775373, 0.23483122590389807, 0.3374895321603326], [0.19667345321595409, 0.22499111609643402, 0.1354231973793747, 0.4429122333082372], [0.13444991812059479, 0.21658183631406974, 0.22115497235950726, 0.42781327320582824], [0.16955935010776552, 0.5334956733380909, 0.09195346663035614, 0.20499150992378723], [0.36713848238449565, 0.20757917680931956, 0.08418164689006293, 0.3411006939161218], [0.302044675645799, 0.31382408961002145, 0.15883837564403114, 0.2252928591001486], [0.09861070244605617, 0.30593171038914185, 0.1033874837117827, 0.49207010345301916], [0.2129145712098315, 0.26092583854705903, 0.29705375042997473, 0.22910583981313468], [0.32308914068962363, 0.28703345876607816, 0.1494163295209757, 0.24046107102332265], [0.09708981548848496, 0.27361525646431933, 0.05208075503165247, 0.5772141730155432], [0.12062221280581593, 0.2322611807893996, 0.24428748522689936, 0.40282912117788516], [0.1801729070348324, 0.2504447230773233, 0.353393109558383, 0.21598926032946136], [0.20590998559755824, 0.24546046203826058, 0.17840742802458529, 0.370222124339596], [0.20920124165169146, 0.23491761011396575, 0.21455137499484933, 0.3413297732394934], [0.4534920984644432, 0.2336741860258378, 0.08156686637178441, 0.23126684913793444], [0.2550198345548407, 0.34470497634723046, 0.13348937335104685, 0.2667858157468819], [0.435045895382934, 0.21937687447214202, 0.08733160021161328, 0.2582456299333108], [0.14849448394933967, 0.2540842767592027, 0.34977577102473134, 0.24764546826672626], [0.2272265419990427, 0.3141357634493321, 0.11634692197656621, 0.3422907725750589], [0.25303731690935294, 0.24443780054722825, 0.10825285019193757, 0.39427203235148134], [0.41060708774281973, 0.16485086378976813, 0.20528933482625591, 0.21925271364115648], [0.16688348206761525, 0.3136568188563118, 0.18119488669238976, 0.3382648123836833], [0.13807174146759849, 0.4670291204623223, 0.06845481063755399, 0.3264443274325255], [0.4047676762826831, 0.2124837041346568, 0.16271806626625243, 0.22003055331640775], [0.2197185641932438, 0.3719338493607624, 0.1985521420331222, 0.20979544441287165], [0.132762574137599, 0.3898695724278501, 0.11008680969925602, 0.3672810437352948], [0.1636947800647792, 0.3494147743732954, 0.20212236659205082, 0.2847680789698746], [0.19813600713612017, 0.3669970278823656, 0.13779339423939913, 0.2970735707421153], [0.3823858887250712, 0.26044646977511243, 0.12524911907624917, 0.23191852242356728], [0.24548725999069745, 0.29159851498730815, 0.15119251319116506, 0.31172171183082925], [0.185036600174152, 0.2900803696644509, 0.3138762551831204, 0.21100677497827677], [0.3115819583794333, 0.2737487595450127, 0.12777331744383377, 0.2868959646317202], [0.2072885273942418, 0.3903952076146636, 0.1548241204119947, 0.2474921445790999], [0.2439530931953094, 0.38860975206634074, 0.1070800842229871, 0.260357070515363], [0.2881303480861691, 0.2071183011196258, 0.2880082003310863, 0.2167431504631187], [0.15259646110903846, 0.3751958771610363, 0.08328158556160284, 0.38892607616832253], [0.1808780325399287, 0.4623904548130202, 0.13922018115952906, 0.21751133148752205], [0.3788982981857303, 0.26144768548480185, 0.07251051785210795, 0.28714349847736], [0.2727100323945897, 0.19968161682635555, 0.41926641229927547, 0.1083419384797793], [0.23304390342374284, 0.2797513640493711, 0.21196386948583867, 0.2752408630410474], [0.16855274361828648, 0.4713322768370712, 0.1464131736435217, 0.21370180590112073], [0.09966326040982813, 0.49379246550880435, 0.262592989269212, 0.1439512848121554], [0.21252925139946827, 0.21972653128942254, 0.15556434330783778, 0.4121798740032713], [0.3183827271129487, 0.13969084293986797, 0.385461000517556, 0.15646542942962738], [0.16555709833456245, 0.2543543503433609, 0.06598538274183641, 0.5141031685802402], [0.1361120344394524, 0.3283887899650398, 0.4137049594723063, 0.12179421612320158], [0.5285873497422641, 0.23808514086298074, 0.06580393898867358, 0.1675235704060815], [0.25059917647233043, 0.3482760924628808, 0.13321172488064897, 0.26791300618413977], [0.3824051287822739, 0.321614527868956, 0.16447800009160984, 0.13150234325716043], [0.16834248369630098, 0.3107943576955689, 0.15118521322440914, 0.36967794538372106], [0.16223825424771662, 0.18810542135217265, 0.13231852406312167, 0.5173378003369891], [0.1996122756530371, 0.2599585401459808, 0.31206471962207155, 0.22836446457891044], [0.3405991502784766, 0.17880238302695844, 0.17786625409841517, 0.3027322125961498], [0.38934342854693027, 0.20486066596200456, 0.2496113261004163, 0.1561845793906489], [0.1950826796761054, 0.5260811439276188, 0.11076384815130468, 0.16807232824497123], [0.23939387225348616, 0.403003604781647, 0.08640426653379027, 0.27119825643107653], [0.15348839099454614, 0.4812333356846286, 0.15753522134390077, 0.20774305197692447], [0.2721262555327889, 0.26610481384761653, 0.1614702454885143, 0.3002986851310802], [0.17913641790771315, 0.17041154637630854, 0.40891830443959054, 0.24153373127638783], [0.1898441186360933, 0.4254126273215717, 0.12493260533464444, 0.25981064870769066], [0.2060269975566578, 0.4073309380409761, 0.21835986662564438, 0.16828219777672188], [0.26571301822888443, 0.3181713188317597, 0.1728638474312791, 0.24325181550807673], [0.34145093093328055, 0.22345598241314402, 0.16918402419113734, 0.265909062462438], [0.21346247059863122, 0.2411155763649242, 0.34022172620601554, 0.2052002268304291], [0.21440199898492857, 0.33021092853493406, 0.19587935969230166, 0.2595077127878357], [0.18129695922951913, 0.4209343816473769, 0.15600383075286764, 0.24176482837023652], [0.29438698588734014, 0.2683911980901119, 0.16708765643850582, 0.27013415958404213], [0.118156407773934, 0.26684035273794576, 0.38123903486969735, 0.23376420461842298], [0.24451220009960964, 0.4127103216680105, 0.10979866573486022, 0.2329788124975198], [0.18201686834549508, 0.47829338758255713, 0.1373266862007956, 0.20236305787115225], [0.37512623317682886, 0.1807712545580044, 0.12979456031220596, 0.3143079519529608], [0.2894945332572155, 0.3077334022429372, 0.14455384536749333, 0.25821821913235393], [0.36194129356224247, 0.19326362476847275, 0.08122917143537174, 0.3635659102339132], [0.17730790257290435, 0.19694701125346545, 0.2718385810309956, 0.35390650514263483]]}, "rewritten": {"ids": ["97105451", "97107260", "97112170", "97112290", "98107410", "98109090", "98110230", "98110680", "98110710", "98111670", "98112170", "98112580", "98119591", "99105921", "99107630", "99107640", "99107660", "99107950", "99108010", "99108080", "99109141", "99109311", "99109780", "99111340", "99111440", "99111620", "99112300", "99112840", "99119830", "100107920", "101108460", "101109000", "101110740", "101111140", "101111210", "101111620", "101111990", "101112540", "101121640", "102109010", "102110890", "102112170", "102118380", "103110050", "103110100", "103110840", "103111930", "103117200", "103118110", "103120780", "104110960", "104111620", "104111990", "104112470", "104113190", "104113240", "104114240", "104114320", "104116800", "104119290", "104119340", "105110091", "105116090", "105117200", "105117431", "105119950", "105120280", "105120621", "106111321", "106112770", "106114011", "106114321", "106116120", "106119260", "106119990", "106120640", "107113130", "107114140", "107114200", "107114621", "107116340", "107116501", "107116980", "107118820", "107120010", "108113700", "108115500", "108115970", "108116481", "108117360", "108117610", "108119330", "108120280", "109113591", "109114270", "109115211", "109117271", "109117431", "109118820", "109119340", "109119460", "109120150", "109121410", "110114610", "110114920", "110114950", "110115120", "110115580", "110115710", "110116441", "110117080", "110117140", "110117200", "110118181", "110118450", "110119030", "110119300", "110120560", "110120700", "110121500", "111114941", "111116010", "111116100", "111116750", "111116990", "111117200", "111119290", "112117431", "112117471", "112117660", "112118471", "112118620", "112119610", "113117401", "113118511", "113119120", "113119300", "113119320", "113119700", "113120280", "113120780", "113121220"], "labels": [0, 2, 0, 1, 3, 1, 3, 2, 2, 1, 3, 2, 1, 1, 2, 1, 3, 1, 2, 3, 3, 1, 2, 1, 3, 3, 0, 2, 1, 0, 0, 1, 3, 2, 2, 3, 2, 2, 2, 1, 0, 3, 1, 3, 1, 1, 3, 0, 2, 1, 2, 0, 2, 1, 3, 2, 0, 2, 1, 1, 1, 0, 1, 3, 1, 3, 3, 1, 0, 1, 1, 2, 1, 1, 0, 3, 1, 2, 2, 0, 3, 1, 3, 3, 1, 0, 3, 2, 0, 1, 3, 0, 3, 3, 3, 0, 0, 1, 3, 3, 1, 2, 0, 1, 3, 0, 0, 1, 2, 3, 1, 3, 3, 1, 0, 0, 1, 0, 2, 3, 0, 1, 3, 3, 0, 0, 3, 0, 3, 0, 1, 3, 0, 3, 1, 3, 1, 1, 0, 0, 0, 3], "predicted_labels": [0, 2, 2, 1, 3, 3, 3, 3, 3, 1, 3, 1, 0, 1, 3, 3, 0, 1, 1, 3, 3, 1, 2, 1, 0, 1, 0, 3, 3, 1, 0, 0, 0, 1, 3, 0, 1, 0, 1, 1, 0, 0, 3, 3, 1, 3, 0, 0, 0, 0, 1, 3, 2, 1, 0, 1, 1, 2, 1, 3, 0, 3, 1, 1, 1, 3, 2, 3, 3, 3, 1, 0, 1, 2, 0, 3, 1, 3, 1, 0, 0, 0, 0, 3, 0, 1, 1, 2, 3, 1, 3, 3, 2, 1, 3, 1, 0, 2, 3, 1, 1, 1, 3, 0, 3, 3, 2, 0, 0, 0, 1, 1, 0, 0, 2, 0, 3, 1, 1, 1, 3, 1, 1, 0, 1, 0, 1, 3, 0, 1, 0, 3, 3, 0, 1, 3, 3, 3, 1, 3, 3, 2], "confidence_scores": [[0.43999229958959596, 0.22315685947936745, 0.08557220303711173, 0.25127863789392496], [0.12409058669994083, 0.11140689875299309, 0.6316410599512661, 0.13286145459580012], [0.1508329993705764, 0.20478316135830726, 0.35779590312710785, 0.2865879361440085], [0.27096343206005047, 0.3113365011788621, 0.15460380583816793, 0.2630962609229194], [0.3541033448884418, 0.19548576382663235, 0.07076172643013934, 0.3796491648547865], [0.21786055613381494, 0.2949691206066838, 0.18631739229179034, 0.3008529309677109], [0.2416837617858877, 0.268060217008719, 0.1902892607526987, 0.29996676045269455], [0.2913015758958744, 0.2020949176187037, 0.16296773260531888, 0.34363577388010297], [0.21920537084160105, 0.26082578540520807, 0.1592860934636739, 0.36068275028951713], [0.2952782827643293, 0.368445079707545, 0.15164372162267825, 0.18463291590544753], [0.23837533145425793, 0.1728104242390751, 0.14530163880393693, 0.44351260550273003], [0.2310353686695912, 0.2822208599048371, 0.24315747082565747, 0.2435863005999144], [0.5552589729433399, 0.0671011333610727, 0.2748724856473349, 0.1027674080482525], [0.18633768023096378, 0.3449428726514038, 0.2994014324556599, 0.16931801466197263], [0.25359412427858113, 0.1393192631788038, 0.2169710316850185, 0.3901155808575967], [0.2899618782749304, 0.17658498525935531, 0.08284819611757509, 0.4506049403481393], [0.4130437637139697, 0.15529575193818446, 0.09932897577439283, 0.3323315085734529], [0.1785249373691127, 0.3119312375206231, 0.21031821092817446, 0.29922561418208976], [0.20981794183207372, 0.4192438849553883, 0.11832702638601005, 0.25261114682652785], [0.15633539386527934, 0.1445109867670583, 0.1053713591699269, 0.5937822601977356], [0.2328733896487252, 0.19121443421718243, 0.10360404389557468, 0.47230813223851764], [0.22591646346716882, 0.351715704436943, 0.07485086906798617, 0.3475169630279022], [0.20729710932352036, 0.23538615270291785, 0.32616149764644653, 0.23115524032711526], [0.17192483800446542, 0.5406105387747064, 0.10716531169493446, 0.18029931152589349], [0.3118580677707351, 0.2893385164102741, 0.11390305925024556, 0.2849003565687452], [0.14691393874225164, 0.5240462676690444, 0.18384717511874815, 0.14519261846995585], [0.4447359214591571, 0.14774004111584765, 0.1767739059047242, 0.23075013152027102], [0.23006522847400324, 0.2657379858349295, 0.21980080333068416, 0.284395982360383], [0.18403810191157502, 0.2544349792991161, 0.15586010100546419, 0.4056668177838448], [0.2794950629494072, 0.3221133156021148, 0.10418135846310311, 0.29421026298537495], [0.3626128569481262, 0.24635248391797465, 0.17965045277712238, 0.21138420635677665], [0.35392270691231587, 0.23615470681725814, 0.15433127140860903, 0.25559131486181713], [0.4151686265227971, 0.1757724106188917, 0.24141897596605616, 0.16763998689225507], [0.1582271874247934, 0.40585912263099194, 0.11057468014461976, 0.32533900979959485], [0.27181510008050097, 0.22017209671975013, 0.15463291305740742, 0.35337989014234156], [0.45816670749876115, 0.1839254556085813, 0.16844965041113433, 0.18945818648152343], [0.20090492906046842, 0.4345269465664933, 0.1684291143767721, 0.1961390099962661], [0.7084612061681846, 0.09439557984527473, 0.10539665828878066, 0.09174655569776013], [0.09065778979534794, 0.688742375997931, 0.08929823851837428, 0.131301595688347], [0.19816681689321533, 0.34634454498177514, 0.15245802226691352, 0.30303061585809615], [0.3098616475445469, 0.28329898968285505, 0.10646222991201218, 0.30037713286058604], [0.3732722932654378, 0.20397952408926304, 0.08561362568630898, 0.33713455695899014], [0.20395064705207544, 0.27527069496186507, 0.1888781066418529, 0.3319005513442068], [0.19451384483222273, 0.21742145412736033, 0.28254998763754624, 0.30551471340287084], [0.25251002733157574, 0.4284908145394726, 0.08563047025426096, 0.23336868787469073], [0.22937548449905754, 0.2522061765865207, 0.16331942411899655, 0.35509891479542516], [0.4100423639731383, 0.1762167612661838, 0.14880188575675685, 0.26493898900392093], [0.32682424016478356, 0.2570666005712199, 0.13211786548997345, 0.28399129377402316], [0.27983329325782286, 0.2642322124037009, 0.19261343785958615, 0.2633210564788902], [0.34082876586723865, 0.28035604990951307, 0.15051766087895208, 0.22829752334429612], [0.1648132741628398, 0.4201711113964612, 0.16763134137632513, 0.24738427306437416], [0.2336391194390433, 0.1524531132885148, 0.1082457088387127, 0.5056620584337291], [0.18633384044427312, 0.25138414878783694, 0.3960022701686711, 0.16627974059921885], [0.1496396676933209, 0.5654820668079362, 0.10193739504056086, 0.18294087045818205], [0.4246675611385136, 0.29373062149129425, 0.07311122710716261, 0.2084905902630294], [0.19631171297816144, 0.42070351276642337, 0.12405780815368835, 0.2589269661017267], [0.17992638400516053, 0.28126624564333697, 0.26086269323878875, 0.2779446771127139], [0.12840569845521763, 0.26195988344805393, 0.40710787945990573, 0.20252653863682257], [0.31491989361436606, 0.39866223907385784, 0.10289844140784093, 0.18351942590393508], [0.23483723898076792, 0.24007012257242905, 0.20667606575073594, 0.31841657269606705], [0.2985655983553511, 0.2605220989762442, 0.16382440017546496, 0.2770879024929399], [0.21571848157173545, 0.20945570548507225, 0.07512322602284362, 0.4997025869203488], [0.23461770961894468, 0.459670777018236, 0.1279590470859035, 0.17775246627691585], [0.17692161179455024, 0.5594194891325223, 0.14351410730142933, 0.12014479177149831], [0.16322505576867086, 0.46018733767026815, 0.1598027749440924, 0.21678483161696865], [0.16520408267070064, 0.2715805317248157, 0.280802567024354, 0.2824128185801297], [0.19946119325308012, 0.26772444447254373, 0.29815148485661436, 0.234662877417762], [0.34350509468616125, 0.17497893612447138, 0.0690342217958055, 0.4124817473935618], [0.26737531880716814, 0.2378777860100012, 0.1754470406634566, 0.319299854519374], [0.1138065638217916, 0.27353436220655225, 0.27055244342718787, 0.34210663054446827], [0.24517492620474698, 0.39929892316811294, 0.07421250859566779, 0.2813136420314724], [0.6936502642592725, 0.09172732587693531, 0.1038726682464059, 0.11074974161738636], [0.1732781908714469, 0.4505156630170342, 0.17447923849421398, 0.20172690761730477], [0.09305274352738384, 0.11359513578610352, 0.4685139455664656, 0.32483817512004715], [0.3344910536306062, 0.3040998294883506, 0.1350756001603112, 0.22633351672073204], [0.16170917927280176, 0.2507504895658844, 0.16323060417131557, 0.4243097269899982], [0.24229271164488622, 0.2719973874499643, 0.2360975336170321, 0.24961236728811748], [0.11346520703215462, 0.30090961888097484, 0.24749114047661935, 0.33813403361025113], [0.16626691860086026, 0.48741172352562273, 0.20007637940708597, 0.14624497846643106], [0.4302127294914852, 0.3246538828719726, 0.05767447749954189, 0.18745891013700017], [0.350907745243478, 0.2760664572234032, 0.1834180422120819, 0.18960775532103674], [0.7470002275863571, 0.095492822163577, 0.03669061648624967, 0.12081633376381619], [0.45968128104943, 0.21023619915579905, 0.1086551242142546, 0.22142739558051633], [0.1483462501845901, 0.2504401283714895, 0.2165483825381578, 0.3846652389057627], [0.34837403194328004, 0.15548106267852418, 0.18155425232055045, 0.31459065305764516], [0.13672026662399928, 0.40211405443870374, 0.1703976349325836, 0.29076804400471334], [0.10388408394291587, 0.4604353796395503, 0.2258299175779413, 0.2098506188395925], [0.12957487251992736, 0.17386322453839723, 0.5493556739141207, 0.1472062290275548], [0.24116172462728608, 0.1733057928771504, 0.06692389262575016, 0.5186085898698134], [0.27555828776258595, 0.31238962271480913, 0.1519877547434588, 0.26006433477914626], [0.1496765531220494, 0.27618230536210653, 0.18674687356553119, 0.3873942679503129], [0.19723645343176616, 0.21091340481434268, 0.15509528921768256, 0.4367548525362085], [0.18455813850937922, 0.10062440623723044, 0.5628485400604734, 0.15196891519291694], [0.22562600523338502, 0.44902675108142426, 0.08155632154617104, 0.24379092213901984], [0.19578741761312207, 0.20866910528267596, 0.12718334562299582, 0.4683601314812063], [0.21532333910439302, 0.3742815866698061, 0.10656678249023094, 0.30382829173557013], [0.3798525718295116, 0.274763181252072, 0.08615782475957712, 0.2592264221588393], [0.1673063683428736, 0.15254677314852969, 0.5395422577610008, 0.14060460074759584], [0.11858600726788168, 0.3402613517780628, 0.08295191862999012, 0.4582007223240655], [0.2643815342173924, 0.3736008592575608, 0.1127577110670013, 0.2492598954580454], [0.2132761808358239, 0.3157315748834085, 0.22448140213895626, 0.24651084214181132], [0.21023340919060404, 0.31213523630027795, 0.27772201111704986, 0.19990934339206817], [0.14840043790156077, 0.3016851522480821, 0.1871635601046039, 0.3627508497457534], [0.4443492287959253, 0.21150758200381894, 0.13828654336297802, 0.20585664583727772], [0.1978417614215665, 0.2842575148749007, 0.06651743787046606, 0.4513832858330668], [0.15045874966191683, 0.293323246831173, 0.14589080411230995, 0.4103271993946004], [0.09910991224749698, 0.11338030558317427, 0.4763147317374736, 0.3111950504318552], [0.32942510153584437, 0.32412370875008956, 0.11577963497676703, 0.23067155473729894], [0.3680022611213538, 0.22388907639529798, 0.05115003401674239, 0.35695862846660587], [0.4412410381947522, 0.20984593493735634, 0.09853853548123759, 0.25037449138665385], [0.1465907956216384, 0.4615977378083083, 0.1019414743876942, 0.2898699921823589], [0.24664054569680896, 0.3984175966514474, 0.13992215601340804, 0.21501970163833561], [0.4229217695661377, 0.24452102903935882, 0.1184905924223561, 0.21406660897214738], [0.3026643461413764, 0.2623108807809491, 0.15582654542308108, 0.2791982276545935], [0.24840949898324136, 0.15580859798527494, 0.3657309203353656, 0.23005098269611826], [0.3203878808002596, 0.2336659420666131, 0.16457029004257503, 0.2813758870905522], [0.2128259314488542, 0.2811308258994241, 0.16042656598550653, 0.345616676666215], [0.17330244755190657, 0.39801064707349615, 0.21538061338781886, 0.21330629198677842], [0.12632313509379026, 0.3541311927098949, 0.22342895973338237, 0.29611671246293253], [0.17032569412107101, 0.5847392958133876, 0.10257472815518896, 0.1423602819103523], [0.25042920406291136, 0.3050829115577729, 0.10370171160302709, 0.3407861727762885], [0.1590156459777139, 0.5207086961872468, 0.17918034591861812, 0.14109531191642113], [0.2414809514924659, 0.4097600636270007, 0.12765119247079304, 0.22110779240974038], [0.38080198319600567, 0.1636711802397356, 0.16934588866492284, 0.2861809478993359], [0.1785053762917438, 0.35471008828747413, 0.16041715869645481, 0.3063673767243273], [0.3112472230473907, 0.241413265371762, 0.18732935893115138, 0.2600101526496959], [0.2162613283718145, 0.3490723346525799, 0.20875454661729403, 0.22591179035831127], [0.18814063813730636, 0.27682588204172465, 0.07504557327072037, 0.45998790655024857], [0.3681711556031077, 0.3515221168222465, 0.07812368454050676, 0.20218304303413917], [0.23292450377447563, 0.29407493900906734, 0.1794346723067968, 0.2935658849096604], [0.37047915900173484, 0.23964125248905369, 0.15597246278309462, 0.23390712572611688], [0.2147615252577919, 0.27201962740553726, 0.09335780382220189, 0.41986104351446896], [0.12298191857493698, 0.2250318600443707, 0.2141717860929939, 0.43781443528769837], [0.4225044792614996, 0.1839418404851896, 0.06261941987828183, 0.330934260375029], [0.27887778777484235, 0.3705342117682482, 0.1051802420601925, 0.24540775839671708], [0.15993508740933635, 0.19451980803433358, 0.2896474371724003, 0.3558976673839297], [0.1383013051549767, 0.17271176712383196, 0.12567197968972488, 0.5633149480314664], [0.18252002848715937, 0.2555026862797597, 0.07829555677383951, 0.4836817284592416], [0.1955024269727266, 0.4859102010797337, 0.07838632208830543, 0.24020104985923438], [0.3327451097199966, 0.21086463516202802, 0.11756199233432515, 0.3388282627836503], [0.14003636249029386, 0.20905366205457163, 0.15839651260040524, 0.4925134628547293], [0.2443472427395428, 0.21622136446670684, 0.28670938885405917, 0.2527220039396911]]}}