{"test": {"ids": ["113118870", "101108500", "102110750", "113121410", "104112470", "112119980", "105119950", "108115970", "109115070", "109115220", "108119550", "100120780", "97111790", "98109311", "105113440", "109120560", "98121790", "109114720", "108115870", "104111990", "111120540", "110117110", "99107560", "99109370", "112119450", "111115910", "97105760", "106114280", "108114360", "110118450", "107118520", "98109090", "111117120", "102110850", "113122220", "106118301", "105112260", "97109080", "102112170", "110120700", "103110220", "112117471", "103111480", "113120640", "110115140", "113121980", "100116790", "98106680", "99108710", "108113700", "110120190", "107117010", "98109230", "113121220", "102110690", "111118810", "106118820", "104113240", "100110260", "111119950", "104117630", "97116800", "109117110", "112116850", "98108520", "102110050", "108116120", "103112470", "99121440", "105114220", "105113480", "97116410", "112118820", "108113480", "101115190", "102121700", "103110840", "97118210", "108121410", "97109570", "113120540", "99108580", "99108310", "112120670", "99112300", "103111830", "113121950", "109117150", "102109910", "101116130", "98110810", "113117340", "110114321", "113118690", "106119990", "113119930", "107113260", "109113591", "108115500", "112118161", "109121410", "105115570", "109121351", "109116040", "97113900", "99111440", "108114200", "106113830", "107113550", "103113101", "102116500", "100107920", "104118340", "110115710", "104117200", "99107640", "101119591", "112118890", "99110050", "112119930", "97106970", "105112100", "103120780", "105120280", "108115880", "97106600", "102108621", "110115980", "106113170", "99107630", "111116750", "113118810", "107121700", "109118701", "112121410", "113118111", "111121220", "103110100", "105116441", "111121930", "104119290", "106115120"], "labels": [0, 3, 1, 0, 1, 0, 3, 2, 0, 3, 1, 1, 2, 1, 0, 1, 2, 0, 3, 2, 1, 0, 1, 1, 3, 2, 0, 3, 1, 0, 2, 1, 2, 3, 1, 1, 3, 2, 3, 2, 2, 3, 0, 0, 0, 2, 2, 1, 2, 0, 3, 1, 1, 3, 0, 0, 3, 2, 3, 0, 0, 0, 1, 0, 2, 3, 1, 1, 2, 3, 0, 3, 0, 0, 1, 1, 1, 2, 0, 0, 3, 0, 2, 2, 0, 3, 3, 2, 2, 2, 1, 2, 1, 3, 0, 1, 0, 3, 3, 0, 0, 0, 0, 0, 2, 3, 0, 1, 0, 3, 1, 0, 2, 2, 3, 1, 0, 3, 3, 1, 2, 1, 1, 3, 3, 3, 3, 1, 0, 2, 3, 3, 3, 3, 0, 1, 3, 1, 1, 1, 1, 1], "predicted_labels": [3, 2, 1, 3, 3, 3, 1, 3, 1, 3, 1, 3, 3, 3, 0, 2, 2, 2, 2, 1, 2, 3, 0, 3, 0, 2, 3, 3, 1, 2, 1, 2, 3, 1, 3, 0, 3, 1, 0, 3, 3, 1, 1, 3, 3, 3, 1, 1, 1, 1, 3, 2, 2, 3, 3, 3, 3, 1, 0, 3, 0, 3, 3, 3, 3, 1, 0, 0, 1, 0, 2, 1, 0, 3, 1, 1, 0, 2, 1, 1, 0, 2, 3, 1, 2, 0, 2, 3, 2, 3, 1, 1, 3, 1, 3, 0, 3, 3, 0, 1, 0, 3, 3, 3, 0, 0, 0, 3, 3, 3, 2, 0, 1, 0, 3, 3, 0, 3, 1, 1, 2, 1, 0, 3, 1, 2, 3, 3, 1, 0, 3, 3, 1, 3, 1, 0, 1, 3, 1, 0, 1, 1], "confidence_scores": [[0.00011045371981183078, 5.049269561409127e-05, 3.262228976032287e-08, 0.9998390209622842], [0.04872847521849003, 0.3692693367252037, 0.5508618604031302, 0.031140327653176137], [0.00023911262466831096, 0.9778551546020915, 0.021880791550197867, 2.494122304232084e-05], [0.00021601925858228782, 3.537716309421981e-05, 3.7525782327150196e-06, 0.9997448510000908], [2.8369918561851293e-08, 9.45113547606094e-07, 3.0791329863828686e-05, 0.99996823518667], [3.8115567859841e-08, 5.919043135120745e-06, 1.721063717438266e-09, 0.9999940411202333], [0.011710192304702499, 0.9845846359570058, 5.877666661796685e-06, 0.0036992940716298844], [0.14348682335532828, 0.07250409087025185, 0.00013020547385730384, 0.7838788803005626], [0.00017863099371062669, 0.997525068996504, 3.848985839046536e-06, 0.002292451023946274], [0.0010212832212902, 0.08756226290565014, 0.38396769959048144, 0.5274487542825782], [0.010044486038555622, 0.7472526134814408, 0.00875868537342624, 0.23394421510657723], [0.006506943112000198, 9.451849502294643e-05, 0.04778560095772401, 0.9456129374352529], [1.8972540025632767e-06, 5.219243083912725e-07, 0.00010256960129716369, 0.9998950112203919], [0.000275202760188365, 0.0010718249781372243, 0.18889540658508294, 0.8097575656765914], [0.6580986287809604, 0.003408265347887775, 0.33709994991903736, 0.0013931559521144995], [1.2002757575889871e-05, 0.026210175977818655, 0.9221820399056603, 0.05159578135894524], [0.0001705802664996415, 0.0052369459987636, 0.9945585946038215, 3.3879130915285996e-05], [4.806269221317528e-07, 0.13585336162251022, 0.7699229882316307, 0.09422316951893697], [7.06320772790877e-05, 0.0003522543701068413, 0.9797261964201309, 0.019850917132483346], [0.1626896879148689, 0.8350249759340798, 0.002285319159626649, 1.6991424678755932e-08], [0.05354332688923868, 0.05552941814958194, 0.8906644805649161, 0.0002627743962633978], [0.0002638726142369593, 0.22737683869994363, 0.07970332811621712, 0.6926559605696022], [0.9239482065085123, 0.07579231318265006, 3.722425838719533e-05, 0.00022225605045034252], [5.928298979225886e-07, 6.075251574631828e-06, 0.0027248704675643357, 0.9972684614509632], [0.9268616246446948, 0.003465411353891652, 4.876441572171912e-05, 0.0696241995856918], [0.025133751500924315, 0.010414764541851269, 0.8828306424454981, 0.08162084151172633], [0.19295824401737602, 0.0008352850268350253, 0.3084936835742803, 0.49771278738150865], [0.12349106188124669, 0.007670276381330159, 0.0006512054188883425, 0.8681874563185348], [1.242570601510486e-09, 0.9999773186961848, 2.2668728992308234e-05, 1.1332252598575032e-08], [1.8748036593656519e-07, 0.006949089710081913, 0.9918155278890547, 0.0012351949204975029], [6.839832471907698e-05, 0.9758944901112474, 0.02325057882993601, 0.0007865327340975286], [0.00031021587505171357, 0.0914953064873907, 0.8302463701312889, 0.07794810750626881], [0.0001283258089387035, 0.01938264722210817, 0.0004188057978451737, 0.980070221171108], [6.33682044470072e-05, 0.9993334051626027, 0.0004972271629642072, 0.0001059994699858821], [1.313129108521504e-08, 4.98922489915043e-06, 1.2733913615298114e-08, 0.9999949849098961], [0.9630662468008325, 0.0369337464501284, 4.876107255639596e-11, 6.700278086968943e-09], [5.2855335348955767e-08, 0.00011929555779638048, 3.7989708167192456e-07, 0.9998802716897865], [2.902019994852693e-06, 0.8112217102269355, 0.0032591342996447815, 0.1855162534534251], [0.997201168411071, 0.002385790957326433, 0.0003824485324218451, 3.059209918069121e-05], [1.3540614607647064e-05, 0.01260607371337225, 0.0035611179814394145, 0.9838192676905806], [2.175382019625809e-05, 0.0037217632180640585, 0.004701361676529346, 0.9915551212852104], [8.492942629604017e-08, 0.9945731836453572, 1.9129134439000112e-07, 0.0054265401338724], [0.0009430351788153441, 0.9312500041614855, 0.0002764143464490504, 0.06753054631325], [0.00011353612156222363, 0.1686370312158533, 0.0002943082117425473, 0.830955124450842], [2.91781535730996e-06, 5.2008340494517726e-09, 2.0817997984218594e-07, 0.9999968688038288], [1.3878231587522325e-07, 0.04746945491967768, 6.927462953606708e-06, 0.9525234788350528], [0.02466048888860011, 0.9739630359046936, 0.0007314839486812365, 0.0006449912580248994], [0.0008753032445390648, 0.6531828444282041, 0.24301597363305086, 0.10292587869420601], [0.00014547202291307802, 0.9468183877197235, 0.0007292795672294256, 0.05230686069013423], [0.30025951156914554, 0.6993445305825517, 0.00039587265971729123, 8.518858542965785e-08], [0.0001262586405759687, 0.01551113889312495, 5.366703983351036e-10, 0.9843626019296287], [7.967284969317248e-07, 0.012955200444844583, 0.986850930434001, 0.0001930723926575626], [0.001155030074774494, 0.001168877776470132, 0.9976218594258149, 5.4232722940428955e-05], [1.973453011154763e-06, 0.0001618377376729107, 0.00034866818234849774, 0.9994875206269674], [0.006330511294168484, 0.05743867212731084, 1.3099479671534232e-07, 0.9362306855837239], [0.019140340369660485, 2.3708538582305738e-05, 2.5223422097361364e-11, 0.9808359510665339], [0.009091607786441296, 0.018991856491999796, 8.490963595626681e-06, 0.9719080447579632], [4.78115460846143e-06, 0.9997354051125815, 0.00025835585903748637, 1.4578737723258612e-06], [0.9189936514652193, 6.893675135951125e-05, 0.002190335193059925, 0.07874707659036127], [0.008946415962725279, 2.657238221245153e-06, 0.0011280420358270693, 0.9899228847632265], [0.9999965053500721, 1.1974081499866064e-06, 4.67859632287819e-08, 2.250455814696072e-06], [0.3375197205413739, 0.12890782625584396, 8.73078526758535e-05, 0.5334851453501064], [9.087308957315079e-06, 0.00029893292450166, 7.5336901174851136e-06, 0.9996844460764236], [0.013029007604661984, 0.0008058045472763896, 2.0984700467435934e-05, 0.9861442031475941], [0.11681302304645996, 0.003699025284850463, 9.959222346537695e-07, 0.879486955746455], [0.02765290950668735, 0.8652992793021805, 0.10704535726321875, 2.4539279135004536e-06], [0.9945190746612574, 0.0001734615024278908, 0.001504290055201, 0.0038031737811135466], [0.9902138433834048, 0.009654769058348738, 0.0001313504633112938, 3.7094935139091834e-08], [2.403073226285167e-09, 0.9999969145027005, 3.077027701642332e-06, 6.0665244609424005e-09], [0.9980171250927481, 0.001977071367392716, 1.4795731668286126e-11, 5.803525063348435e-06], [7.895184519418181e-05, 0.007022433612158325, 0.9894718772353293, 0.003426737307318399], [0.00014384785531468505, 0.9651271209726511, 0.01132195907088177, 0.023407072101152494], [0.864875394701182, 2.7000828713871857e-05, 5.269302736559696e-06, 0.13509233516736754], [0.13288453948495305, 4.2442586894625846e-05, 5.4632778473070486e-05, 0.8670183851496793], [0.0004516265700438556, 0.9984127603643672, 0.0011354742219657624, 1.388436229210967e-07], [0.2531393021680389, 0.746838179316405, 1.2578645348745689e-05, 9.939870207343402e-06], [0.623536007449619, 0.00014780084643254673, 0.37631164745525625, 4.544248692300646e-06], [5.825466497242789e-05, 0.0035623557349743333, 0.9963753201587376, 4.069441315438747e-06], [0.003512360836886497, 0.9964530384011443, 1.3184041601440282e-06, 3.328235780893349e-05], [0.013517826379667891, 0.8501435443981852, 0.13552086699052532, 0.0008177622316216859], [0.9891667459353537, 5.1726984122134213e-05, 7.833531531436001e-06, 0.010773693548992755], [0.0021866500850155988, 0.0004707879894783797, 0.9140037197357231, 0.08333884218978282], [0.0006908781750712872, 0.07913486022303463, 0.001403918013512255, 0.9187703435883818], [0.0009439547249460933, 0.6140087772205894, 0.3850442299973921, 3.0380570723825128e-06], [0.003909783483925881, 0.0006423166299501582, 0.9887106990703609, 0.006737200815763094], [0.9989970434856711, 0.0005088169791825161, 2.1925947481972777e-05, 0.0004722135876643964], [0.006957260681130227, 0.00048345207431197453, 0.977728847377496, 0.014830439867061892], [2.4663541442563762e-05, 0.0010206818036412415, 0.00046051587103288145, 0.9984941387838834], [0.006705584404584694, 0.18528510269617415, 0.8071630786995716, 0.0008462341996695154], [0.0028747238664790556, 0.010535287531144018, 0.052697499626889736, 0.9338924889754872], [5.188503912124901e-06, 0.9981400518408168, 0.0018547561002762475, 3.5549948965501e-09], [3.761368163544331e-07, 0.9790492031076944, 0.00601262062098796, 0.014937800134501498], [0.00025415088735797787, 0.007232906543632448, 0.0016210990610839445, 0.9908918435079256], [2.350768751873418e-06, 0.9999973329598747, 1.1398216592401268e-07, 2.0228920736537034e-07], [1.455387430044882e-08, 1.3563928299593206e-05, 0.00013686044841565353, 0.9998495610694106], [0.92444238439473, 0.07492564985515873, 0.00047972211432224885, 0.0001522436357890554], [0.0018641066387941954, 0.011870390742575175, 3.8643568304415763e-05, 0.9862268590503261], [8.66981773617762e-07, 0.009081912456378597, 8.601903859996452e-07, 0.9909163603714617], [0.7105836641759176, 0.001461560581932973, 0.2879235213679536, 3.125387419587368e-05], [0.07126056108385624, 0.8639242482430782, 8.076031778286086e-08, 0.06481510991274772], [0.555856180287238, 0.0012120698115522762, 0.0026623686284408398, 0.4402693812727687], [0.0014767381470756685, 0.014616811177750676, 9.323704673430763e-05, 0.9838132136284394], [0.0006303407435924749, 0.00138433752857691, 2.1876509168778586e-07, 0.997985102962739], [0.2933276835811885, 0.0010991230288866455, 0.028828083014360687, 0.6767451103755642], [0.993107379664254, 3.0400420878570334e-05, 0.006678872864680672, 0.00018334705018668986], [0.6616577855040554, 0.003101175449783625, 0.21661815226115502, 0.1186228867850059], [0.9244452817754265, 0.0754482925876614, 2.3715361508268097e-06, 0.00010405410076128123], [0.008819475114787308, 0.019099642920752558, 9.959517188425397e-07, 0.9720798860127412], [0.01709602400405774, 3.629111027583576e-05, 0.3025364646577965, 0.68033122022787], [0.017726773049268372, 0.00020402147182857039, 1.8665673028164604e-06, 0.9820673389116001], [0.027624502953202776, 0.00838695590403173, 0.963658949821163, 0.0003295913216025218], [0.991203598736382, 0.00014484651116123063, 0.00258623777345294, 0.006065316979004101], [2.4378347299083964e-05, 0.9999740516981919, 1.1471733895160596e-07, 1.4552371701598002e-06], [0.9968560656978536, 4.1552941427413014e-05, 0.003090401035881609, 1.1980324837258763e-05], [1.3728218367671114e-06, 0.04710290871497139, 0.0007022393717415075, 0.9521934790914504], [5.306796935483156e-05, 1.1716515954332243e-05, 0.02779356049305031, 0.9721416550216405], [0.961992079160747, 7.349736307251225e-05, 9.89098250160298e-06, 0.037924532493678824], [0.004567813246894981, 0.00013892227931554295, 1.6724556463921753e-09, 0.9952932628013339], [0.008673208691322652, 0.9638361970734699, 0.0032727975982196444, 0.024217796636987702], [2.553560327622861e-05, 0.8580862251711548, 0.11771570397961195, 0.024172535245956906], [7.947428389762349e-05, 0.15321511629703358, 0.4920659276074036, 0.3546394818116652], [0.00010086351426583489, 0.695078756800753, 0.00011176304006994497, 0.3047086166449113], [0.9982322129635474, 0.00017278744544515335, 0.001512970904673674, 8.202868633376388e-05], [0.012171030408514204, 8.463664008569494e-05, 0.057228292540408066, 0.930516040410992], [2.783831903312251e-06, 0.9879507039858042, 0.011917587951205975, 0.00012892423108650913], [0.0006890699609918928, 0.3521240174567993, 0.6438090315538608, 0.0033778810283480775], [0.015123388924787906, 1.800625186115191e-05, 2.713425397516015e-06, 0.9848558913979535], [0.0011393236874774344, 4.343009498681532e-07, 3.033994316436509e-06, 0.9988572080172564], [4.284927193536741e-07, 0.9999993460668615, 6.382005632379339e-12, 2.2543403712475173e-07], [0.9117753397097466, 0.0023924185204982876, 0.0503469143652887, 0.035485327404466485], [0.00027125882739408957, 4.910043551278441e-07, 5.083131200374942e-05, 0.999677418856247], [0.004601714674100185, 5.480696765215951e-07, 0.02732036927500935, 0.9680773679812138], [6.591785563491343e-05, 0.47393587307811846, 0.12524478124639, 0.4007534278198566], [0.018864293565142572, 0.0036499006892508363, 2.1009203380861785e-08, 0.9774857847364032], [3.6991680965982975e-09, 0.9989074442592454, 1.9261736578481085e-10, 0.0010925518489694058], [0.5616022024713578, 0.020353078571590515, 0.050132751143709395, 0.36791196781334234], [0.003992517156897891, 0.9955405743451888, 4.374839542758848e-05, 0.0004231601024857437], [0.017696700130993562, 7.043299710681679e-06, 1.7136084450337873e-05, 0.9822791204848454], [2.1134897926690106e-07, 0.9999242477660342, 2.066010302784208e-09, 7.553881897622137e-05], [0.8540002700586142, 0.018530436726458908, 0.07748657763504423, 0.0499827155798827], [3.591251465461449e-08, 0.9620456524107195, 1.8655281734512793e-07, 0.03795412512394865], [0.02650159574076848, 0.9734930238842067, 1.807302646000156e-08, 5.362301998637346e-06]]}, "rewritten": {"ids": ["97105760", "97106600", "97106970", "97109080", "97109570", "97111790", "97113900", "97116410", "97116800", "97118210", "98106680", "98108520", "98109090", "98109230", "98109311", "98110810", "98121790", "99107560", "99107630", "99107640", "99108310", "99108580", "99108710", "99109370", "99110050", "99111440", "99112300", "99121440", "100107920", "100110260", "100116790", "100120780", "101108500", "101115190", "101116130", "101119591", "102108621", "102109910", "102110050", "102110690", "102110750", "102110850", "102112170", "102116500", "102121700", "103110100", "103110220", "103110840", "103111480", "103111830", "103112470", "103113101", "103120780", "104111990", "104112470", "104113240", "104117200", "104117630", "104118340", "104119290", "105112100", "105112260", "105113440", "105113480", "105114220", "105115570", "105116441", "105119950", "105120280", "106113170", "106113830", "106114280", "106115120", "106118301", "106118820", "106119990", "107113260", "107113550", "107117010", "107118520", "107121700", "108113480", "108113700", "108114200", "108114360", "108115500", "108115870", "108115880", "108115970", "108116120", "108119550", "108121410", "109113591", "109114720", "109115070", "109115220", "109116040", "109117110", "109117150", "109118701", "109120560", "109121351", "109121410", "110114321", "110115140", "110115710", "110115980", "110117110", "110118450", "110120190", "110120700", "111115910", "111116750", "111117120", "111118810", "111119950", "111120540", "111121220", "111121930", "112116850", "112117471", "112118161", "112118820", "112118890", "112119450", "112119930", "112119980", "112120670", "112121410", "113117340", "113118111", "113118690", "113118810", "113118870", "113119930", "113120540", "113120640", "113121220", "113121410", "113121950", "113121980", "113122220"], "labels": [0, 3, 2, 2, 0, 2, 2, 3, 0, 2, 1, 2, 1, 1, 1, 1, 2, 1, 2, 1, 2, 0, 2, 1, 3, 3, 0, 2, 0, 3, 2, 1, 3, 1, 2, 0, 3, 2, 3, 0, 1, 3, 3, 1, 1, 1, 2, 1, 0, 3, 1, 3, 1, 2, 1, 2, 3, 0, 2, 1, 1, 3, 0, 0, 3, 0, 1, 3, 3, 0, 1, 3, 1, 1, 3, 0, 0, 0, 1, 2, 3, 0, 0, 0, 1, 3, 3, 3, 2, 1, 1, 0, 3, 0, 0, 3, 0, 1, 2, 3, 1, 0, 0, 1, 0, 2, 1, 0, 0, 3, 2, 2, 3, 2, 0, 0, 1, 3, 1, 0, 3, 0, 0, 3, 3, 1, 0, 2, 0, 2, 1, 3, 3, 0, 1, 3, 0, 3, 0, 3, 2, 1], "predicted_labels": [3, 1, 3, 1, 1, 3, 0, 1, 1, 2, 3, 0, 1, 2, 3, 1, 1, 0, 3, 3, 3, 2, 1, 3, 1, 3, 2, 1, 0, 3, 1, 3, 3, 1, 3, 0, 3, 2, 1, 3, 1, 1, 0, 2, 1, 3, 3, 2, 1, 0, 0, 3, 0, 2, 3, 1, 3, 0, 1, 3, 1, 3, 0, 2, 0, 3, 1, 1, 3, 1, 3, 0, 1, 0, 3, 3, 3, 2, 2, 1, 1, 3, 0, 0, 1, 2, 2, 1, 3, 0, 1, 1, 3, 2, 1, 2, 3, 3, 3, 3, 2, 3, 0, 1, 3, 0, 3, 2, 2, 3, 3, 2, 3, 3, 3, 3, 0, 1, 2, 3, 3, 0, 3, 3, 3, 1, 3, 1, 1, 1, 1, 1, 3, 3, 0, 0, 3, 3, 3, 2, 3, 3], "confidence_scores": [[0.48205135808392124, 0.0005447439356581385, 0.00037366069704044636, 0.51703023728338], [0.18058848512831524, 0.630973527699524, 0.18816337878908945, 0.0002746083830712045], [8.532685285662445e-05, 0.008112678041248995, 0.011320342814044858, 0.9804816522918495], [1.1540154562601861e-06, 0.6920859065888226, 0.007295509227734694, 0.3006174301679866], [0.246432196160738, 0.7457590075314079, 0.0047391950288601555, 0.0030696012789939507], [1.2812114946819627e-07, 7.397407643969469e-08, 9.556002751878305e-08, 0.9999997023447467], [0.9066054481168361, 0.0002656004046352351, 0.021858761592279466, 0.07127018988624921], [0.0003762971746936988, 0.8396242058072996, 0.008808972129819993, 0.1511905248881866], [0.13209420645257075, 0.7088331205870143, 0.0002969736037075216, 0.15877569935670746], [4.922920800329101e-05, 0.001664195241089418, 0.9982730805120434, 1.3495038863740653e-05], [6.690371468356914e-06, 9.152357297374019e-05, 0.0031701588830655254, 0.9967316271724923], [0.99883932602755, 0.0001358893007969325, 5.839522977405137e-05, 0.0009663894418790144], [0.002378113664772581, 0.3890048106418997, 0.3211287670556335, 0.2874883086376942], [0.0009242728958399163, 2.1989474606134005e-05, 0.9984933932983213, 0.0005603443312326619], [1.7828066877528197e-06, 0.0010863159242684235, 0.08074712653613712, 0.9181647747329067], [0.0014264537293412686, 0.9943789855036086, 0.004194560277144025, 4.899061066170797e-10], [7.179121713156185e-09, 0.9997798412860661, 0.00021944088651592962, 7.106482960918796e-07], [0.7191283022818867, 0.27976439997411073, 0.0002462212711297119, 0.0008610764728729212], [0.36534215432783057, 0.012059547730450308, 0.014545720134403818, 0.6080525778073153], [1.1255442186155323e-05, 4.6027862633670304e-06, 0.0003121854180067677, 0.9996719563535437], [7.911442785415034e-05, 0.0018105245861415285, 7.865237085439134e-05, 0.9980317086151498], [0.001167079268091056, 0.0006105101181726307, 0.9348174232234415, 0.0634049873902947], [0.00018814252458131982, 0.977903716078837, 0.00048725717375764185, 0.02142088422282405], [3.819213915487898e-06, 0.0023634271782086193, 0.018381104534544085, 0.9792516490733318], [0.003288447996697257, 0.9955569716908464, 0.0005061129079992304, 0.0006484674044568723], [0.25549427701404437, 0.0005084564185457776, 0.2070932504486475, 0.5369040161187623], [0.18500061656116815, 0.0001216737189041052, 0.8089395074313923, 0.0059382022885354595], [2.3956180477503833e-10, 0.9999926769501112, 7.32268283484685e-06, 1.2749214468440664e-10], [0.9927321625468835, 0.00013653064443819906, 1.1431473677415501e-05, 0.007119875335001108], [0.2301075430416919, 7.231675837104882e-05, 0.008648395850834737, 0.7611717443491024], [0.012583415523993537, 0.9784553962004905, 0.0007415682190266128, 0.008219620056489386], [0.0320718632815802, 0.0001986936891290526, 0.20358612674017726, 0.7641433162891135], [0.31407876318286304, 0.24298547929289574, 0.12259247093814678, 0.32034328658609434], [0.0025352928813148976, 0.9874042456155437, 0.010060411827055945, 4.967608543108519e-08], [0.023710711231563923, 0.006621862573443326, 0.15684957530512528, 0.8128178508898675], [0.9595472567250195, 3.407874463967493e-05, 5.4595896963885485e-06, 0.04041320494064443], [2.2650756163495494e-10, 0.00047832768040121667, 1.4991197865063704e-05, 0.9995066808952262], [0.02211361467331369, 0.06274467400237634, 0.9147333623184943, 0.00040834900581556305], [0.08512915150438678, 0.8464871000064812, 0.05766402346118745, 0.01071972502794439], [0.022027109526060355, 0.3030190808818676, 2.3629048014797946e-07, 0.674953573301592], [1.8007014765093857e-05, 0.9400046806000806, 0.059933872462266675, 4.343992288772474e-05], [0.00011530826421725478, 0.9864005930229254, 0.0009213185855818595, 0.012562780127275455], [0.9972659248843209, 0.0026958519009652594, 3.4844281048899215e-05, 3.3789336649709014e-06], [0.11610593112509482, 0.034702261822436395, 0.8491136203845754, 7.818666789358373e-05], [0.1879929714365398, 0.8002069143104785, 0.011784428599437647, 1.5685653544078545e-05], [0.4508254959213871, 0.08072208962026595, 0.005183278402109168, 0.4632691360562379], [9.030067627312401e-07, 4.017694323726788e-05, 5.2948788273290285e-05, 0.9999059712617268], [0.38460473904656417, 0.0004080475265014753, 0.614987152982894, 6.044404031776459e-08], [0.0009833610842032586, 0.7514651941197624, 0.043419679267084905, 0.2041317655289494], [0.9908530522933667, 0.008604072883243925, 4.905771572007562e-05, 0.0004938171076692284], [0.9986396923486653, 0.0013550069865550234, 5.255861181429058e-06, 4.480359803285615e-08], [0.023824605969983412, 1.597334473293205e-05, 1.455214839659613e-07, 0.9761592751637997], [0.9930091088531171, 0.006963913015181179, 1.8303350355400057e-05, 8.674781346417363e-06], [0.001910432112649697, 1.8244272180205515e-05, 0.9980712420708625, 8.154430757688069e-08], [3.4771737395411326e-08, 1.2657346424025798e-07, 6.880226319925506e-07, 0.9999991506321664], [8.622847144251209e-07, 0.9992957267696634, 0.000703210862610136, 2.0008301207320884e-07], [1.2111661129223116e-06, 0.044365076883524486, 0.0003774633533930729, 0.9552562485969694], [0.9999811767357811, 1.993094537860291e-06, 9.338147852342554e-07, 1.5896354895715753e-05], [0.0010455242852701306, 0.9983460498535567, 2.8417607347123295e-07, 0.0006081416850997273], [5.01144811665789e-07, 0.047231714108656196, 1.5275367548546352e-07, 0.9527676319928567], [0.00033223584317258764, 0.8680544971366522, 2.1300120203429153e-05, 0.13159196689997196], [9.082724314719672e-10, 7.961054123175687e-05, 1.1690387641027897e-06, 0.9999192195117318], [0.997443814010164, 4.6883075332308654e-05, 0.0014270954033261253, 0.001082207511177533], [3.9186731307486736e-05, 0.011890655620027595, 0.9057730228307845, 0.08229713481788038], [0.8237287240856507, 0.17625219881404844, 3.064055483875797e-10, 1.9076793895435277e-05], [0.002909032174258581, 0.02012402687975269, 7.430661356316665e-05, 0.9768926343324256], [0.01282361367786581, 0.9643752891012519, 1.22415547095889e-07, 0.022800974805335463], [0.015863499610880096, 0.981632832755259, 2.5875871741975313e-06, 0.0025010800466869396], [0.008522581458924917, 0.006226423282090779, 0.0056726359502129115, 0.9795783593087714], [2.7122446882567077e-06, 0.9999962636005469, 1.0722676408547799e-11, 1.0241440422063097e-06], [0.0015953688949449686, 0.3885112753240135, 4.0006091941476584e-05, 0.6098533496891001], [0.9604670738314344, 0.03876569952565447, 5.2049383095842095e-06, 0.0007620217046017913], [0.0008663987513641603, 0.999132153527717, 8.69907848463098e-09, 1.4390218403027005e-06], [0.6814524993315569, 0.31854731757621385, 1.4235746057195241e-09, 1.8166865450789003e-07], [0.22957328167499222, 0.12089945323303691, 6.780483713614863e-05, 0.6494594602548347], [3.8964517075072795e-08, 1.2906649298547003e-05, 1.0515471400985133e-05, 0.9999765389147834], [0.008634758226295678, 0.05535837118646779, 2.9302951405629618e-05, 0.935977567635831], [0.11688897432304549, 8.506637440825328e-06, 0.7233295024427077, 0.1597730165968061], [1.006014227085952e-06, 0.23648506897590235, 0.7614019440823826, 0.0021119809274879713], [0.0034652665724655522, 0.9550074178187311, 0.04141587342371975, 0.00011144218508357703], [2.044686663226096e-06, 0.8210840820937731, 0.04674767824699809, 0.1321661949725655], [0.3047601180926705, 1.1218918345486778e-05, 9.632125711065849e-06, 0.695219030863273], [0.9986467122000064, 0.0007666493503758099, 0.0005863770539398013, 2.613956778541078e-07], [0.9923163925747013, 0.0076691345119171426, 8.431467354081547e-07, 1.3629766646097215e-05], [1.996423261660953e-09, 0.999264513254071, 0.0007354768482365934, 7.901269296565381e-09], [0.2126267040415562, 0.004700542685640099, 0.779424932311385, 0.0032478209614187244], [5.991616522513965e-05, 0.0008682493820130209, 0.9867211824439792, 0.012350652008782546], [0.001089215808535433, 0.9835208991956024, 0.007155020440900459, 0.008234864554961856], [0.0005065006780904062, 0.007601609887111363, 1.0259728256475757e-05, 0.9918816297065417], [0.9998538161142403, 1.7590582600029786e-07, 6.690451951506363e-05, 7.910346041846136e-05], [0.001954186584450434, 0.8940962986111907, 0.009337093513989642, 0.09461242129036936], [0.013159609069913814, 0.9864743455846149, 6.115971394494718e-06, 0.00035992937407693906], [6.90349897163745e-06, 0.0014810307242817931, 1.2226795877650686e-10, 0.9985120656544786], [2.082579560220846e-08, 0.002046344797070633, 0.997289979029695, 0.0006636553474387094], [0.0010783990282150489, 0.5596209369692605, 0.000251670373578501, 0.43904899362894595], [0.004331677787020514, 0.057144760836560095, 0.4927557501400708, 0.44576781123634857], [0.0011665154516062588, 1.4458550220657759e-05, 2.370207267662539e-05, 0.9987953239254964], [2.280881742742172e-06, 0.0007819551981299385, 2.1918807229489258e-07, 0.999215544732055], [1.2251080770749503e-05, 0.000505093126656694, 3.635476350282243e-05, 0.9994463010290698], [0.1982873565906298, 0.007221130363069337, 5.755656577391516e-07, 0.7944909374806431], [5.221987542607944e-05, 0.03552698590930995, 0.9634635218489658, 0.0009572723662982494], [0.0016662826480380523, 0.0014106519268389194, 1.223694372569211e-06, 0.9969218417307505], [0.8118491713456015, 7.999048834047064e-05, 0.05583540810277161, 0.13223543006328636], [0.019956370809443683, 0.5119557536233958, 3.307894782392099e-05, 0.4680547966193365], [1.1539923435988972e-05, 9.176273434313105e-08, 7.009195830903415e-06, 0.9999813591179987], [0.9967165664242161, 1.4704465122183031e-05, 0.003265315286858768, 3.413823803014608e-06], [0.0009947350842353748, 4.813437151377255e-07, 3.214697945384144e-06, 0.999001568874104], [0.0035396999325347307, 0.030856633265408957, 0.965434870727939, 0.00016879607411734882], [8.785428520446109e-08, 0.00011117353605076358, 0.743219132386077, 0.256669606223587], [0.00030512916858451615, 0.16760228249160045, 2.6741493038292387e-08, 0.832092561598322], [3.902081692915635e-06, 0.03514580488457213, 0.009878046435864497, 0.9549722465978705], [0.11794185042220438, 0.0286295051975207, 0.49027895557064677, 0.36314968880962817], [0.00047101139104021846, 6.035864117941987e-06, 3.159119408848328e-05, 0.9994913615507534], [0.002387034445525291, 0.014500126104239886, 0.00010937156516556964, 0.9830034678850692], [0.0026788687924224216, 0.0002009828027178145, 1.607075303499633e-10, 0.9971201482441523], [0.0003355546315902872, 5.327960158683151e-07, 0.0006368918729784827, 0.9990270206994154], [0.7869438957735003, 0.033901676604527635, 0.17909509184750896, 5.93357744630421e-05], [0.01754410963664248, 0.9450564579974787, 5.7520003458207995e-05, 0.03734191236242068], [0.31384467122709614, 0.0024612979285624646, 0.44067152724533865, 0.24302250359900265], [0.097208738926893, 0.0022373485168316384, 0.0002822529801384554, 0.9002716595761369], [4.658343246126145e-06, 0.05434472486670124, 0.0001205290826950361, 0.9455300877073576], [0.8660631586034058, 0.12812984979585884, 4.796501581575031e-07, 0.005806511950577263], [0.01700871176100884, 0.001111395797798574, 0.0005435373110082743, 0.9813363551301842], [0.00027388316202853826, 2.3761458468198762e-09, 2.5329831203704552e-11, 0.9997261144364958], [0.011761769542324095, 0.012234474771653653, 0.0004972340315817947, 0.9755065216544404], [2.0237049132964553e-06, 0.9970809268643878, 0.0005362827730292971, 0.002380766657669618], [9.312316754765168e-09, 2.3286736986139898e-07, 1.784324973450723e-09, 0.9999997560359883], [0.00029801718596841875, 0.8460526274070852, 0.15364829201269872, 1.0633942477544688e-06], [6.468396473119763e-08, 0.9998276728991903, 5.759231633986363e-10, 0.0001722618409218734], [1.668725372597042e-06, 0.5898126889795695, 0.01759041471793147, 0.3925952275771264], [0.20305168584582364, 0.7364933597359633, 0.014682072610460527, 0.04577288180775241], [3.98074102783902e-07, 0.9999965316021199, 8.021701989308484e-07, 2.2681535785488334e-06], [0.0027978182762593454, 2.3292587627894262e-07, 0.11295282209739303, 0.8842491267004713], [0.00032480766547327434, 0.0009338401656089855, 5.843467444259751e-06, 0.9987355087014735], [0.983607727424953, 0.014772202579487305, 0.0002618013389816126, 0.0013582686565781705], [0.9405245407684774, 0.00035045129835491716, 9.541203509471763e-05, 0.059029595898072905], [4.6794560809508715e-05, 0.1615206282400912, 0.0010403398073757582, 0.8373922373917236], [3.617954618310876e-05, 0.0011017281178421427, 0.004107941585115822, 0.9947541507508589], [0.00044280902856592925, 9.219357256436856e-06, 7.552468927166294e-06, 0.9995404191452504], [0.005617101739172954, 0.0007988114768464202, 0.9762148286940568, 0.017369258089923664], [9.457952389368182e-09, 0.3652235196874017, 3.129011632326593e-07, 0.6347761579534826], [2.344042726677264e-05, 0.082799171185669, 9.085893498470454e-07, 0.9171764797977144]]}}