{"test": {"ids": ["105113440", "108114040", "113121950", "111116110", "99108310", "100108080", "105117200", "113121410", "110118301", "102109850", "112118820", "113119360", "106118520", "100109360", "100112060", "102110750", "98113881", "97107821", "106113830", "97112300", "113119950", "100111390", "110115140", "104116800", "108121190", "112116640", "113118511", "103110050", "113122120", "112118880", "107114321", "106112770", "108120621", "108117610", "109115380", "108119510", "113119300", "112117461", "101108460", "100110050", "98120010", "106120290", "112118511", "102107961", "109114651", "111120320", "105118230", "97116410", "112117790", "99112300", "113122230", "106118161", "104113380", "111114121", "100113210", "103109791", "101121640", "99108000", "102110240", "112118550", "108120060", "113120540", "97116790", "109115220", "112120290", "107116980", "97107681", "107113200", "98106111", "100109801", "108118630", "99121440", "109119460", "110115710", "106119260", "112117210", "97105580", "99117630", "99111440", "113122170", "100110260", "106114280", "106114011", "112117471", "100120780", "100116790", "102111990", "108113620", "106113170", "105119550", "97113900", "112118161", "106116120", "111116750", "108120280", "103111110", "112117780", "109115070", "98107210", "113120260", "98116090", "104116441", "109117271", "102110890", "112116900", "106118301", "111120260", "111119340", "98116940", "111120280", "99108080", "99109910", "98108580", "107115140", "107120130", "102109010", "108114270", "113121810", "99111340", "108120260", "102112301", "102117351", "113122650", "110114321", "105113480", "98109090", "97106000", "111121351", "105115250", "112121351", "113117401", "102109910", "102112030", "110116441", "113121010", "100111620", "109117600", "105121370", "110114950", "97114170", "113118421", "104111711"], "labels": [0, 0, 3, 3, 2, 0, 3, 0, 1, 1, 0, 0, 2, 0, 2, 1, 3, 2, 1, 2, 0, 2, 0, 1, 1, 0, 1, 3, 1, 1, 0, 1, 1, 3, 3, 1, 1, 0, 0, 3, 2, 2, 1, 3, 3, 1, 1, 3, 3, 0, 1, 3, 1, 0, 0, 3, 2, 2, 3, 3, 1, 3, 2, 3, 1, 3, 3, 0, 0, 0, 1, 2, 1, 2, 1, 1, 1, 3, 3, 1, 3, 3, 1, 3, 1, 2, 2, 3, 0, 1, 2, 0, 1, 3, 3, 3, 0, 0, 1, 3, 0, 1, 0, 0, 3, 1, 3, 3, 2, 0, 3, 2, 0, 0, 2, 1, 3, 2, 1, 1, 1, 1, 2, 1, 0, 1, 0, 0, 2, 0, 3, 2, 2, 3, 2, 3, 1, 2, 0, 2, 3, 1], "predicted_labels": [1, 1, 2, 3, 3, 1, 0, 3, 1, 2, 0, 0, 1, 3, 1, 1, 1, 3, 0, 0, 0, 1, 3, 3, 1, 3, 2, 1, 0, 2, 1, 3, 1, 3, 1, 2, 3, 0, 1, 3, 2, 2, 1, 1, 0, 3, 3, 1, 0, 2, 1, 0, 0, 1, 3, 2, 1, 1, 2, 0, 1, 0, 2, 3, 1, 1, 2, 3, 1, 1, 3, 1, 3, 0, 0, 1, 0, 1, 1, 3, 0, 3, 1, 1, 3, 1, 2, 3, 1, 1, 0, 3, 1, 0, 3, 3, 0, 1, 3, 1, 1, 3, 3, 2, 0, 0, 0, 1, 1, 3, 3, 2, 2, 3, 1, 1, 1, 2, 1, 2, 0, 3, 3, 0, 1, 2, 2, 0, 0, 0, 0, 1, 1, 0, 1, 0, 1, 2, 0, 1, 0, 3], "confidence_scores": [[0.11663971090747097, 0.6772145888763553, 0.16788621029259124, 0.0382594899235825], [0.08327063156504273, 0.4063749506421092, 0.14526278513754487, 0.36509163265530314], [0.06242316013377223, 0.009027564058058051, 0.8826707572391296, 0.04587851856904003], [0.0034989713867499203, 0.019914258774265788, 0.008687389011283528, 0.9678993808277009], [0.008347510415178517, 0.004049546622175612, 0.00018234011487755212, 0.9874206028477682], [0.005240927670707135, 0.9597553666916785, 0.004697214071820093, 0.030306491565794392], [0.7371857407303023, 0.09251883362852051, 0.008356855438420902, 0.16193857020275618], [6.294081319043764e-05, 0.0013148483031990594, 0.0003394539061200012, 0.9982827569774906], [0.009062794213639635, 0.98959558378712, 0.0002739020726850566, 0.001067719926555284], [0.2525015148449433, 0.2920441511203281, 0.42636741589500543, 0.0290869181397232], [0.7863181618914181, 0.0031125482608852124, 0.00022621148123534016, 0.21034307836646124], [0.5570643879749398, 0.15173478557285394, 0.000801769294455688, 0.29039905715775044], [0.020693023835726958, 0.9392811788139074, 0.005296412994206711, 0.034729384356158924], [0.03286943836211826, 0.036976537626938887, 0.05988105326438714, 0.8702729707465557], [0.05955705087849086, 0.41517390944479154, 0.35560526312881485, 0.16966377654790274], [0.04557950517772207, 0.8310443585070804, 0.11791994607345047, 0.005456190241747053], [0.03146132778445269, 0.936981702460773, 0.026641990069663675, 0.004914979685110634], [0.1258811978990255, 0.07102583839159901, 0.043839768992420196, 0.7592531947169554], [0.8816123274448878, 0.007571486244343401, 0.020355225128671026, 0.09046096118209782], [0.538628464926823, 0.1825759735579605, 0.2623208706933648, 0.016474690821851615], [0.4976545456169959, 0.44079741620805124, 0.00029602760926657884, 0.06125201056568615], [0.02974286274086092, 0.7609912340792984, 0.03155451867003128, 0.17771138450980936], [0.0654429093098701, 0.18250079346782794, 0.08371598786676586, 0.668340309355536], [0.023973720602689375, 0.1132099891885086, 0.004370454399649849, 0.8584458358091522], [0.09523898278888208, 0.622346408231005, 0.006831294094935207, 0.2755833148851779], [0.1490419138067788, 0.0007356205539656858, 0.029859174434651713, 0.8203632912046038], [0.2324534244590106, 0.0052602271015825715, 0.6898234269709103, 0.07246292146849662], [5.8211115967352246e-05, 0.9706367363790295, 0.0002606210237952742, 0.029044431481207823], [0.7226063248488969, 0.25323635423801, 0.016495784609241615, 0.007661536303851613], [0.4021258503641778, 0.052260215779239096, 0.44985420781234464, 0.09575972604423838], [0.05900832308147681, 0.8515943415167153, 0.08870092397343474, 0.0006964114283731822], [1.727115773064608e-05, 0.0013998143458277968, 0.06661661688617206, 0.9319662976102696], [0.34544525285052, 0.4588916001703945, 0.01301062186546617, 0.18265252511361932], [0.09065408511418023, 0.29320465138322177, 0.002098947883074578, 0.6140423156195234], [0.02119778564412529, 0.44219366926642795, 0.3477344379096137, 0.18887410717983302], [0.004677570532085836, 0.14684821470239567, 0.739054213859439, 0.10942000090607941], [0.015575294081214407, 0.02018498266038307, 0.0008829371579976019, 0.9633567861004049], [0.8100516356078181, 0.029936027182927216, 0.0667685737422561, 0.09324376346699871], [0.17040482675087026, 0.6683601919544858, 0.12898640661721741, 0.032248574677426534], [0.011006092794086892, 0.4294104246814395, 0.06691255449643033, 0.4926709280280434], [0.12384181428575818, 0.034036617699098125, 0.814292327420221, 0.02782924059492283], [0.012177385583992896, 0.08904639879841196, 0.886762508856438, 0.012013706761157074], [0.06138508597361852, 0.7885820046751302, 0.021203228239301725, 0.1288296811119495], [0.12440929474295105, 0.6499013441016945, 0.1149790015612084, 0.11071035959414581], [0.9698541796215701, 0.008419979972087453, 0.012708128849611328, 0.009017711556731275], [0.06554303558811717, 0.33689767529617154, 0.05144633116043083, 0.5461129579552805], [0.03711719373093425, 0.10881575737798511, 0.019136231623861, 0.8349308172672195], [0.10757177890128833, 0.5727499752702434, 0.1932836911172819, 0.12639455471118644], [0.5572164541048265, 0.0053184333548782015, 0.04756337523741768, 0.3899017373028776], [0.008441512771752166, 0.07877307645199001, 0.9073855808269712, 0.005399829949286615], [0.1436060465745718, 0.8369100807397698, 0.006873068643296677, 0.012610804042361676], [0.35674606039424755, 0.06473746307811874, 0.28565859889571643, 0.29285787763191723], [0.6155069239321149, 0.32900437379766456, 0.03458541182814103, 0.020903290442079402], [0.0007568844485202445, 0.9638285970943409, 0.015116372993034663, 0.02029814546410402], [0.11501845580765817, 0.052823340707886746, 0.0006876755557604818, 0.8314705279286947], [0.00900787217325497, 0.00045105367593947603, 0.9784530428583645, 0.012088031292441032], [0.00030758862663551683, 0.48258833317062555, 0.04799904419682921, 0.46910503400590986], [0.08872694588320909, 0.6231956932560413, 0.18654714871961436, 0.10153021214113517], [0.03283249980262892, 0.003623983283832739, 0.9370103546529356, 0.02653316226060285], [0.7359125205812937, 0.00245332448072824, 0.0010049025032727531, 0.2606292524347052], [0.038609166124430425, 0.9163587117263272, 0.044792929983523855, 0.00023919216571839197], [0.9213599018108342, 0.005394311817940315, 0.005483306309297266, 0.06776248006192813], [0.04004499709489931, 0.07859345664407791, 0.7602365975535109, 0.12112494870751175], [0.017011624132095195, 0.27853843654614885, 0.049468251846766065, 0.65498168747499], [0.08033029162785359, 0.8025850759081832, 0.11558398639533006, 0.001500646068633097], [0.32098363253582957, 0.5466095725825391, 0.011298164904374538, 0.1211086299772568], [0.0003995795240628146, 0.0003108107973097093, 0.6455094772731247, 0.3537801324055028], [0.0448243485880496, 2.2753575876164193e-05, 0.009936995725169708, 0.9452159021109044], [0.0007670787165490001, 0.91229649642726, 0.08378920154366461, 0.003147223312526514], [0.026913743344232542, 0.6195374337387648, 0.00773816769677423, 0.34581065522022825], [0.002206219238316084, 0.052319263142255205, 0.0002658543053373503, 0.9452086633140914], [0.012558049176616846, 0.5423111948891609, 0.40307376458513533, 0.04205699134908697], [0.07211327502808211, 0.3562130415996725, 0.058428943609927446, 0.513244739762318], [0.8035800809193787, 0.10172985266071001, 0.07198204380433418, 0.02270802261557704], [0.9229470954609696, 0.0030082659517126947, 0.03943796807933731, 0.03460667050798047], [0.18472003798756825, 0.5100271352466368, 0.28154732703970503, 0.023705499726089898], [0.815856125742286, 0.00016697711507551055, 0.11553872763517264, 0.06843816950746585], [0.20876051196925913, 0.5385513077296993, 0.0025264329282634404, 0.2501617473727782], [0.022731091638466924, 0.7140351379021974, 0.1489069145478613, 0.11432685591147441], [0.01358850215971548, 0.10868375174064814, 0.07447981121534242, 0.8032479348842939], [0.860151670401297, 0.013954062281123253, 0.09080393464823334, 0.035090332669346316], [0.09907666173177165, 0.007998114945389361, 0.03365562956031828, 0.8592695937625208], [0.1010607367707574, 0.892265772784602, 0.005677120902937547, 0.0009963695417032899], [0.02388893726454336, 0.9198415603633924, 0.000345375352078162, 0.0559241270199861], [0.008597097233265695, 0.0005789884837575552, 0.020269069829947632, 0.9705548444530292], [0.17979268495654652, 0.8063626481517462, 0.006667243222101383, 0.007177423669605905], [0.42616645782055756, 0.0007244142792340154, 0.5696329002430514, 0.0034762276571570177], [0.044468428131001464, 0.057221986092776525, 0.009202245658902874, 0.8891073401173191], [0.006852516139119636, 0.9754095334363794, 1.551576678818914e-05, 0.017722434657712633], [0.011413162910416753, 0.947988807063333, 0.005474373439897271, 0.035123656586353115], [0.5278501401728453, 0.15666672898501433, 0.31213102711478224, 0.00335210372735802], [0.05421379637532074, 0.11549586784622405, 0.002573271656174771, 0.8277170641222804], [0.3839942834488437, 0.5162942803278039, 0.02591327309002921, 0.07379816313332306], [0.41954248352017104, 0.001127215304498782, 0.1809664805193444, 0.3983638206559858], [0.0215525315630126, 0.10513104431550477, 0.1156268029303243, 0.7576896211911582], [0.03347279855369024, 0.05205700961451742, 0.016069420869223795, 0.8984007709625685], [0.9399104655256187, 0.046593684750536525, 0.001778568932875119, 0.011717280790969582], [0.12832610648837894, 0.8359488184738265, 0.0037625719291686345, 0.03196250310862588], [0.003384537352471903, 0.33730525107214465, 0.2844937257093574, 0.374816485866026], [0.0011762705722039833, 0.9656338098425137, 0.014660471579475285, 0.01852944800580707], [0.09274624737797957, 0.8923231363714262, 0.014085024631280097, 0.0008455916193140464], [0.037857845906411766, 0.032601856987034016, 0.0002041166045522643, 0.929336180502002], [0.019408951520041236, 0.0014541999367392588, 0.0012355312479626253, 0.977901317295257], [0.1373634437023946, 0.0029795139298065968, 0.5509668048540923, 0.3086902375137065], [0.5341446033778724, 0.07796134435534754, 0.0006311145845427701, 0.38726293768223713], [0.816686785617474, 0.17826402173373324, 0.0003303090399236672, 0.004718883608869049], [0.9792107192157484, 0.01359283719753447, 0.00010183521421557921, 0.007094608372501531], [0.0627131147410344, 0.8568116101321905, 0.010658466129711651, 0.06981680899706341], [0.07100321873383277, 0.5165203539182094, 0.3774504824145787, 0.035025944933379065], [0.015177671962070616, 0.004680028319897533, 0.001312755058262888, 0.9788295446597689], [0.025807182336580404, 0.12392937737029776, 0.11161436017547127, 0.7386490801176506], [0.00047378174180803605, 0.0002608504970589236, 0.9963278272880102, 0.0029375404731228506], [0.055664266759670546, 0.0772207926461959, 0.852428312719367, 0.01468662787476658], [0.004065656531295046, 0.011844098352204398, 0.046538013688356625, 0.937552231428144], [0.38959923389462053, 0.5731960721456406, 0.03578297442172338, 0.001421719538015497], [0.13855757615882192, 0.8137456186061943, 0.02089191100822384, 0.026804894226760082], [0.11112927481917667, 0.4923443839288641, 0.15805887879649352, 0.23846746245546566], [0.0007978913290171123, 0.03743686138264975, 0.9616895227230507, 7.572456528217821e-05], [0.0031443573732121833, 0.5308517368142066, 0.43318431583530953, 0.032819589977271614], [0.2782037020069165, 0.21629568705314112, 0.3583748440234806, 0.14712576691646173], [0.8888534829836617, 0.009414141589449195, 0.07279050615341116, 0.028941869273477857], [0.20278122720323916, 0.013505561029386685, 0.0015780954764478272, 0.7821351162909264], [0.1264759366672915, 0.1561665438287707, 0.022031758411437334, 0.6953257610925004], [0.5191226440958476, 0.41277379557865, 0.015208970400295984, 0.0528945899252063], [0.005195663960034844, 0.3427439823793837, 0.33470574909022166, 0.3173546045703598], [0.0008241670326597242, 0.0031063920913372636, 0.8226214815914296, 0.1734479592845735], [0.006077522925483847, 0.032179262414698845, 0.6559058826486082, 0.30583733201120916], [0.8102424505010509, 0.06653555567920823, 0.020566822087561665, 0.10265517173217906], [0.8362384955848245, 0.028775482552010005, 0.032735587414901304, 0.10225043444826414], [0.9547863510186976, 0.004461937081488516, 0.0008891953960127143, 0.03986251650380101], [0.43041549228332876, 0.08566249945514892, 0.37323874742914614, 0.11068326083237617], [0.03178747991460049, 0.4701411953033076, 0.1943860504515117, 0.3036852743305803], [0.012865631297077478, 0.8512904627172447, 0.0024902278797709863, 0.13335367810590684], [0.5955649051902657, 0.009778021548581352, 0.3939587315278511, 0.0006983417333018521], [0.04709454224608889, 0.5491787482165731, 0.01482963371215525, 0.3888970758251828], [0.8607309377501313, 0.06523871193627263, 0.0695640541036261, 0.00446629620997001], [0.12947973693354134, 0.7951850487624081, 0.028835962368165366, 0.046499251935885284], [0.0019710521212721673, 0.01635350082007998, 0.8705878817785513, 0.11108756528009658], [0.8695733402932991, 0.0021842985631019985, 0.0013791318274575196, 0.1268632293161413], [3.655407456092803e-05, 0.8367255700042415, 0.04325848218782413, 0.11997939373337342], [0.9381129649309986, 0.0032132883699885722, 7.436012850971497e-05, 0.05859938657050327], [0.028199718071014183, 0.09204140276471176, 0.4151551402761909, 0.4646037388880831]]}, "rewritten": {"ids": ["97105580", "97106000", "97107681", "97107821", "97112300", "97113900", "97114170", "97116410", "97116790", "98106111", "98107210", "98108580", "98109090", "98113881", "98116090", "98116940", "98120010", "99108000", "99108080", "99108310", "99109910", "99111340", "99111440", "99112300", "99117630", "99121440", "100108080", "100109360", "100109801", "100110050", "100110260", "100111390", "100111620", "100112060", "100113210", "100116790", "100120780", "101108460", "101121640", "102107961", "102109010", "102109850", "102109910", "102110240", "102110750", "102110890", "102111990", "102112030", "102112301", "102117351", "103109791", "103110050", "103111110", "104111711", "104113380", "104116441", "104116800", "105113440", "105113480", "105115250", "105117200", "105118230", "105119550", "105121370", "106112770", "106113170", "106113830", "106114011", "106114280", "106116120", "106118161", "106118301", "106118520", "106119260", "106120290", "107113200", "107114321", "107115140", "107116980", "107120130", "108113620", "108114040", "108114270", "108117610", "108118630", "108119510", "108120060", "108120260", "108120280", "108120621", "108121190", "109114651", "109115070", "109115220", "109115380", "109117271", "109117600", "109119460", "110114321", "110114950", "110115140", "110115710", "110116441", "110118301", "111114121", "111116110", "111116750", "111119340", "111120260", "111120280", "111120320", "111121351", "112116640", "112116900", "112117210", "112117461", "112117471", "112117780", "112117790", "112118161", "112118511", "112118550", "112118820", "112118880", "112120290", "112121351", "113117401", "113118421", "113118511", "113119300", "113119360", "113119950", "113120260", "113120540", "113121010", "113121410", "113121810", "113121950", "113122120", "113122170", "113122230", "113122650"], "labels": [1, 0, 3, 2, 2, 2, 2, 3, 2, 0, 1, 0, 1, 3, 0, 2, 2, 2, 3, 2, 2, 1, 3, 0, 3, 2, 0, 0, 0, 3, 3, 2, 3, 2, 0, 2, 1, 0, 2, 3, 1, 1, 2, 3, 1, 0, 2, 2, 1, 1, 3, 3, 3, 1, 1, 1, 1, 0, 0, 2, 3, 1, 1, 2, 1, 0, 1, 1, 3, 1, 3, 1, 2, 1, 2, 0, 0, 0, 3, 2, 3, 0, 3, 3, 1, 1, 1, 1, 3, 1, 1, 3, 0, 3, 3, 0, 1, 1, 1, 0, 0, 2, 3, 1, 0, 3, 3, 3, 3, 0, 1, 0, 0, 3, 1, 0, 3, 0, 3, 0, 1, 3, 0, 1, 1, 0, 3, 3, 1, 1, 0, 0, 3, 3, 2, 0, 2, 3, 1, 1, 1, 2], "predicted_labels": [0, 3, 2, 0, 3, 2, 3, 3, 1, 1, 2, 2, 3, 0, 1, 0, 0, 1, 3, 3, 2, 1, 1, 1, 1, 1, 0, 3, 3, 3, 0, 3, 0, 3, 3, 0, 3, 3, 1, 2, 1, 1, 3, 2, 1, 0, 0, 1, 0, 3, 2, 1, 0, 3, 2, 3, 3, 0, 2, 0, 0, 1, 1, 2, 2, 1, 0, 1, 3, 0, 2, 1, 1, 0, 2, 3, 1, 3, 1, 2, 3, 1, 2, 0, 3, 2, 0, 3, 3, 0, 1, 0, 1, 2, 2, 3, 3, 3, 0, 0, 3, 3, 0, 1, 1, 3, 3, 0, 0, 3, 2, 0, 3, 1, 2, 0, 3, 0, 3, 3, 1, 3, 3, 2, 1, 0, 0, 3, 2, 3, 0, 3, 1, 0, 3, 3, 2, 2, 1, 0, 1, 3], "confidence_scores": [[0.9720702790886626, 3.2567658936436436e-05, 0.021727963160689236, 0.006169190091711508], [0.027502718536241845, 0.010289413918262961, 0.13830147051533687, 0.8239063970301584], [0.00014345299702246288, 1.5075297472826368e-05, 0.9668150734282875, 0.033026398277217095], [0.699456373618638, 0.017257392178879557, 0.2029275341369178, 0.08035870006556459], [0.09065419779264862, 0.22992351730750646, 0.19999060192767004, 0.47943168297217476], [0.16320787657560687, 0.09125579480382058, 0.6361031481041105, 0.10943318051646198], [1.7131138444444096e-05, 0.26988235505138086, 0.0162640893800288, 0.7138364244301458], [0.0032402619343030637, 0.007189023106231282, 0.014946236062224103, 0.9746244788972416], [0.03664303493736406, 0.5318540992999112, 0.13047694429204074, 0.301025921470684], [0.0013492070348331713, 0.967630502201671, 0.0206859826631648, 0.01033430810033099], [0.0011937452338258193, 0.005093979975542636, 0.9864377202981165, 0.007274554492515206], [0.2551894964842947, 0.3352504897748658, 0.37811349241246317, 0.031446521328376324], [0.0004100731397683281, 0.0047257614638353965, 0.13533881214294027, 0.859525353253456], [0.7678978409236363, 0.12462384170122996, 0.09889466825479404, 0.008583649120339638], [0.18835477124660693, 0.7919318623790065, 0.004271520655439465, 0.01544184571894701], [0.8083542539648609, 0.02620379870986158, 0.1613778064587963, 0.004064140866481102], [0.8796542629362295, 0.022206201409217165, 0.0964988777589576, 0.0016406578955958258], [0.016416360450720726, 0.8788757705662793, 0.08209198672114193, 0.022615882261857876], [0.04465231411163728, 0.11412544400275017, 0.03415666225991558, 0.807065579625697], [0.010695897166397097, 0.10371795085370382, 0.0027387149597636793, 0.8828474370201354], [0.03562642817579852, 0.0026269711795062086, 0.9158879660728682, 0.045858634571827185], [0.03224095593106283, 0.8826489591245811, 0.08278594253585825, 0.002324142408497937], [0.15938096722977632, 0.6666809648561542, 0.03595695266606958, 0.13798111524799994], [0.18445873870294863, 0.6141318994008816, 0.1446359395106319, 0.05677342238553788], [0.21610778866952743, 0.6812793646142278, 0.002637577662312121, 0.0999752690539327], [0.08835958000102466, 0.4183260971598102, 0.3995854972831183, 0.09372882555604686], [0.5651733356701114, 0.39171648243510143, 0.0076403911189624986, 0.035469790775824656], [0.05006088279775165, 0.10730563135537466, 0.1294865227615018, 0.7131469630853718], [0.06016422078478666, 0.03429106523725559, 0.001760489691322928, 0.9037842242866349], [0.0011157602875318717, 0.07151481940707546, 0.00253028569883159, 0.924839134606561], [0.851556814018262, 0.04435164604151569, 0.07949655766787832, 0.024594982272344117], [0.0025056169167256516, 0.041371996255909725, 0.01761054830310135, 0.9385118385242632], [0.9855109404759507, 0.0001028966798094313, 0.013578879931299458, 0.000807282912940294], [0.18166335146405826, 0.3101081360144316, 0.038746656153319264, 0.46948185636819084], [0.1534002869368184, 0.06798525946893608, 0.024982026750550897, 0.7536324268436947], [0.9671714715220096, 0.012422526236436969, 0.020033517024998247, 0.00037248521655529137], [0.002960140368285235, 0.00022527758827501363, 0.16184353500193752, 0.8349710470415023], [0.017530025269164175, 0.03847106962744559, 0.09652131138115382, 0.8474775937222363], [0.0014846485216990753, 0.6289782144671237, 0.11012944843190933, 0.25940768857926794], [0.12439651293054209, 0.007917129201914326, 0.8593662029152982, 0.008320154952245482], [0.028225365811117353, 0.969635277632521, 0.001257111486533119, 0.0008822450698286673], [0.36558873649791224, 0.561987821788362, 0.05806170848697266, 0.014361733226752972], [0.04704699519950867, 0.08613874983721098, 0.1000193115163901, 0.7667949434468903], [0.23073047977006994, 0.000411249026215875, 0.7499860559298932, 0.01887221527382103], [0.035836746355096774, 0.9458373870406527, 0.016609836736850587, 0.0017160298674001287], [0.9222201757651468, 0.0014132308251482738, 0.05769338435738404, 0.01867320905232078], [0.9670259317348864, 0.014831784591959357, 0.01802426026919243, 0.00011802340396180662], [0.02250099188268112, 0.9003954107011652, 0.004900754034692907, 0.07220284338146057], [0.8584133529395882, 0.09457316680696831, 0.029662904211988805, 0.017350576041454742], [0.25104568288497137, 0.0009297561795018351, 0.0002889966860556863, 0.7477355642494711], [0.005117455072150607, 0.00016635650548221426, 0.9914706322595832, 0.0032455561627840056], [0.0003677380790418693, 0.9779785083688555, 0.0010343388327445386, 0.020619414719358117], [0.9174972849556204, 0.004638071652685314, 0.021848384611663656, 0.05601625878003057], [0.0006930587069246624, 0.024845444848138828, 0.022890215981674452, 0.951571280463262], [0.3797789901594849, 0.1761794943536769, 0.4403770224071333, 0.003664493079704911], [0.13067207115259827, 0.10246733926682924, 0.0004822037581250157, 0.7663783858224475], [0.1926484011093265, 0.09508790483868633, 0.00649882385412492, 0.7057648701978622], [0.8210012561641109, 0.04881308286568071, 0.03604230293341098, 0.0941433580367975], [0.07441065599939599, 0.06707874464293462, 0.6357509325514228, 0.22275966680624648], [0.5257124229449825, 0.04083952543037309, 0.1440914383523766, 0.2893566132722677], [0.501490856820429, 0.0850837854253973, 0.00789388354611505, 0.4055314742080587], [0.1785296436555176, 0.7095596181356976, 0.02200486942512114, 0.08990586878366359], [0.0026682733919555627, 0.9756049296076432, 0.006797261434060587, 0.014929535566340508], [0.004500094950046034, 0.012729380197045411, 0.6552465519815945, 0.327523972871314], [0.00162410652263998, 0.002775105659932264, 0.8180640197717567, 0.17753676804567092], [0.28913707859630244, 0.6499769773919273, 8.894545918866926e-05, 0.06079699855258167], [0.9370547933476222, 0.023824391158478, 0.003407513456903213, 0.03571330203699658], [0.1831080732488811, 0.8018108100727852, 0.013724492539567082, 0.0013566241387667057], [0.08845944910844485, 0.03488225978104701, 0.43669375135904, 0.43996453975146815], [0.4057872248844671, 0.20267703669177192, 0.02214153613015465, 0.3693942022936063], [0.16077637819696958, 0.09125664522465274, 0.40426711445377517, 0.3436998621246025], [0.1522715799613289, 0.8038080147441266, 0.006734838793668923, 0.037185566500875664], [0.06504766382521897, 0.9163872324678494, 0.00042911688396274773, 0.018135986822968953], [0.9412026421230942, 0.04544452634114214, 0.001574061391531775, 0.011778770144231631], [0.017453020934862923, 0.18639236689056393, 0.78636639572952, 0.009788216445053054], [0.054903486891475305, 0.00025865909243213996, 0.024831825650860912, 0.9200060283652316], [0.41929352675247744, 0.5080938224583753, 0.072321475613268, 0.000291175175879297], [0.0005032064033149798, 0.004532793662117163, 0.030109271201204133, 0.9648547287333636], [0.3818357381607168, 0.5429022914918198, 0.016791366471047283, 0.05847060387641615], [0.13755224301588204, 0.21553281841811292, 0.47571088012623286, 0.1712040584397722], [0.13825660593872305, 0.3613865705361624, 0.04909389201919032, 0.4512629315059242], [0.12366794290988206, 0.6583557934951306, 0.13030223156549642, 0.08767403202949092], [0.24571332610166707, 0.19047728669410352, 0.31912283858907375, 0.2446865486151557], [0.4750949941231404, 0.05001343957432557, 0.19671669619143495, 0.2781748701110991], [0.16465110125688398, 0.24425544943789063, 0.29393572046179023, 0.29715772884343505], [0.0003694971332387891, 0.01005524961076909, 0.9871779985224531, 0.002397254733539003], [0.6682499371664787, 0.24925710086447572, 0.08175032655803371, 0.0007426354110118661], [0.06466306394765789, 0.29684228225104303, 0.003037998972322076, 0.635456654828977], [0.00675750759817854, 0.015194938176164725, 0.062352976399325154, 0.9156945778263317], [0.4892094652730268, 0.0785906578348163, 0.0018639635219812585, 0.4303359133701756], [0.29238607789209947, 0.3648443476312797, 0.06639874291557517, 0.2763708315610457], [0.9345382406333291, 0.008705580594264621, 0.0003052320461435236, 0.05645094672626272], [0.11248794574239142, 0.8564481537679122, 0.018660286401078863, 0.012403614088617503], [0.058235974422990396, 0.01957407207925628, 0.6800903009590885, 0.24209965253866478], [0.02472058415137588, 0.04705759788421305, 0.7179276667792999, 0.21029415118511122], [0.06449895678351245, 0.009346506171969821, 0.002659651391873793, 0.9234948856526439], [0.2001679231194023, 0.12481673770641737, 0.15667226337956552, 0.5183430757946148], [0.006145891580620904, 0.019507563950586646, 0.0074966568705871805, 0.9668498875982053], [0.9919684235953625, 0.002666066140433925, 0.0010222561295872175, 0.004343254134616444], [0.9611476120137824, 0.00044312769376457636, 0.0005224220898118283, 0.03788683820264127], [0.17030313234552752, 0.2811632758875124, 0.07978301228776587, 0.46875057947919435], [0.042123611814701, 0.0050191435013903826, 0.3217058710665727, 0.6311513736173359], [0.8623281514320817, 0.0016639906727702962, 0.1336659846716091, 0.0023418732235389434], [0.015376647141272215, 0.9843714934192529, 0.00010614224703465062, 0.00014571719244020856], [0.0007384160348431401, 0.9320846130764947, 0.0010677883784613695, 0.06610918251020088], [0.003865279121322123, 0.14721429770149627, 0.12990853177695702, 0.7190118914002245], [0.24212389182311808, 0.0006931786314349296, 0.12717659174361304, 0.6300063378018339], [0.5348535855323169, 0.4005740858147188, 0.0141720451458656, 0.05040028350709869], [0.9336756546959896, 0.05241107955446084, 0.002095017010369095, 0.011818248739180508], [0.006511136694341603, 0.011293054030829724, 0.0011767095820176948, 0.9810190996928111], [0.15738048145131872, 0.05477910945273764, 0.4487285205230406, 0.339111888572903], [0.5671756853042583, 0.25021344207065405, 0.12139446214758969, 0.06121641047749805], [0.0028909197173864923, 0.00034642893977236775, 0.3208355265477772, 0.675927124795064], [0.1660733072543982, 0.6164764554044294, 0.10245100426020677, 0.11499923308096563], [0.10687984369612889, 0.3265509451761781, 0.510622569008781, 0.05594664211891199], [0.8874770446076867, 0.00014269231896328602, 0.02188128099935803, 0.09049898207399212], [0.16245531991490553, 0.00652080035226573, 0.0015084690248208493, 0.8295154107080078], [0.8878434129624015, 0.10809542360977947, 0.0011655506094114393, 0.0028956128184074036], [0.09705124125010464, 0.02302032112350039, 0.18714712854192198, 0.6927813090844729], [0.28775624463778593, 0.1962859241286841, 0.004521826316340293, 0.5114360049171898], [0.010916208211815413, 0.9779689217845784, 0.0013660277707804066, 0.009748842232825742], [0.4264061048058155, 0.0010254083451222411, 0.0008481285405272674, 0.571720358308535], [0.4946631017892418, 0.002718541143198153, 0.0004530664341398304, 0.5021652906334202], [0.07322475191388922, 0.0709963401899799, 0.8270787850253346, 0.02870012287079616], [0.1684815153189945, 0.7059497263192137, 0.12345431442774969, 0.0021144439340421506], [0.5737237249154968, 0.06362450952809497, 0.011871687603429004, 0.35078007795297916], [0.34913520237501355, 0.17496220892158973, 0.26347534707080217, 0.21242724163259452], [0.3297670888220519, 0.01615156179801345, 0.0006352120113286091, 0.653446137368606], [0.20112193065152772, 0.0051526613544997935, 0.7653810503278751, 0.028344357666097414], [0.009903829383207646, 0.006374896356859986, 0.0005961024129353109, 0.983125171846997], [0.6895504801637189, 0.03224044548559701, 0.017406658291580605, 0.26080241605910365], [0.4694563933400324, 0.05741452149034983, 6.966818969787695e-05, 0.4730594169799197], [0.017961456568466743, 0.6591130455408544, 0.09629540542583134, 0.22663009246484764], [0.9808213412434207, 0.005088572041427921, 0.0028230158605476612, 0.011267070854603774], [0.013397279929011192, 0.07975780193102303, 0.016541034771451316, 0.8903038833685145], [0.0004777247461180849, 0.05881672765488966, 0.06615542149080474, 0.8745501261081875], [0.02454143471543415, 0.1393594715082846, 0.8358091803128673, 0.00028991346341385003], [0.01615124060281151, 0.0047980316849467785, 0.546361025146463, 0.4326897025657787], [0.2920359807864912, 0.4137111838401371, 0.1824468689930829, 0.11180596638028878], [0.665475080592459, 0.11268682852271779, 0.05382284382790057, 0.16801524705692267], [0.43299590997082854, 0.4346075089574768, 0.11654936404327361, 0.015847217028421068], [0.0062844276961770374, 0.031225384556004068, 0.06649361740925178, 0.895996570338567]]}}