{"test": {"ids": ["106117770", "104113190", "100115700", "111117571", "106121190", "111121930", "108118810", "100109311", "101115190", "103111170", "113118490", "110119891", "98112170", "110117140", "109116750", "112116900", "101108950", "107120010", "107116980", "113121950", "98120010", "109118701", "109119340", "111115400", "111119250", "104111550", "107114950", "109114720", "113119950", "106112770", "112118820", "103113610", "112120540", "112116401", "104114320", "107121230", "113121220", "102118380", "108118301", "110114610", "112121430", "113122650", "111119340", "104118070", "100109910", "107113360", "112119580", "108116481", "110118810", "111116530", "106119260", "106117790", "108118520", "108118291", "99111340", "104116980", "100109360", "101109000", "111117120", "109119010", "98108150", "112120270", "97105580", "103118291", "104116800", "99121440", "113119480", "112120630", "99117630", "109120621", "112118530", "110117500", "104111620", "101111620", "98107210", "110118630", "100111380", "99116500", "108115880", "104117200", "107114490", "111114321", "106114011", "107113180", "110114920", "111119580", "107113130", "98109311", "110115890", "109114220", "99108710", "105121370", "102111990", "100117420", "102110890", "112118701", "111120540", "107114621", "108120280", "107121700", "97116410", "109121640", "113122120", "112121410", "112121360", "107113550", "113119120", "97107260", "111118910", "112118550", "105113190", "101114020", "106114880", "107117010", "109116170", "105119550", "99107560", "106114280", "109116930", "99108460", "99108000", "107119950", "112118890", "110121500", "98116090", "98108410", "111117480", "108116120", "103109021", "110119300", "102110240", "104113210", "99107640", "105118740", "103120531", "97105760", "99105921", "103120340", "99107300", "112118930", "99108010", "105111990"], "labels": [0, 3, 1, 3, 2, 1, 1, 1, 1, 2, 1, 3, 3, 3, 0, 3, 2, 1, 3, 3, 2, 3, 3, 0, 1, 1, 3, 0, 0, 1, 0, 2, 3, 0, 2, 0, 3, 1, 1, 1, 2, 2, 3, 2, 2, 0, 3, 0, 1, 3, 1, 1, 0, 3, 1, 1, 0, 1, 2, 3, 0, 0, 1, 0, 1, 2, 3, 3, 3, 1, 1, 1, 0, 3, 1, 1, 3, 2, 3, 3, 3, 1, 1, 3, 3, 3, 1, 1, 2, 3, 2, 2, 2, 2, 0, 0, 1, 0, 3, 3, 3, 0, 1, 0, 3, 0, 3, 2, 0, 3, 3, 3, 0, 1, 0, 1, 1, 3, 0, 0, 2, 3, 3, 3, 0, 1, 1, 1, 0, 1, 3, 3, 1, 1, 3, 0, 1, 1, 3, 1, 2, 2], "predicted_labels": [3, 1, 1, 1, 3, 2, 1, 0, 0, 0, 3, 1, 3, 0, 0, 0, 3, 3, 1, 1, 2, 1, 3, 0, 0, 3, 0, 1, 3, 1, 0, 2, 1, 0, 0, 3, 3, 1, 1, 2, 2, 2, 3, 3, 2, 0, 0, 3, 0, 3, 3, 3, 0, 3, 3, 1, 0, 1, 1, 3, 2, 0, 1, 0, 0, 2, 0, 0, 2, 3, 1, 0, 1, 0, 3, 3, 0, 2, 3, 1, 3, 1, 0, 1, 0, 3, 2, 3, 1, 0, 1, 1, 2, 3, 0, 3, 0, 0, 3, 3, 3, 0, 1, 0, 0, 3, 1, 0, 1, 0, 0, 0, 2, 3, 0, 1, 1, 1, 0, 3, 1, 1, 2, 0, 3, 1, 1, 0, 0, 3, 0, 0, 1, 2, 1, 0, 1, 1, 0, 1, 1, 1], "confidence_scores": [[0.3664332161095104, 0.03809510155360225, 0.16210051654626695, 0.43337116579062046], [0.03069398284111787, 0.6637258819205603, 0.07488129799864733, 0.23069883723967458], [0.16257106626414097, 0.33453537542350054, 0.20962858508821078, 0.29326497322414785], [0.14353791027080617, 0.4662922882704531, 0.04790058359393461, 0.3422692178648062], [0.021237202195785343, 0.16587721041901266, 0.26857822019062316, 0.544307367194579], [0.05945666445926028, 0.011671123186540839, 0.8803226265466649, 0.04854958580753394], [0.04829254439104695, 0.7595786067075696, 0.035782961697906325, 0.15634588720347714], [0.46684304184320774, 0.29141512354345883, 0.07697999690841881, 0.1647618377049146], [0.8474048993540655, 0.08911525852850741, 0.05495144953085043, 0.00852839258657661], [0.8666037220468288, 0.03099765448205444, 0.039846838484050455, 0.06255178498706643], [0.003111368944116831, 0.005092794110627544, 0.0011294527235892232, 0.9906663842216664], [0.25175071860952397, 0.7019097758051308, 0.005820959996543732, 0.04051854558880133], [0.37986545004974187, 0.02561348937365825, 0.10253365711586307, 0.49198740346073666], [0.505527963523743, 0.27871148127525913, 0.06981757155079464, 0.1459429836502034], [0.42007683773090754, 0.3325403714561771, 0.2050982229185404, 0.042284567894375014], [0.3945991678073373, 0.1109958011899402, 0.15472307461900603, 0.3396819563837164], [0.02827451479460324, 0.14287312227235635, 0.15695669775399393, 0.6718956651790465], [0.08500135758898805, 0.0008205728065073149, 0.03928745923026638, 0.8748906103742382], [0.25475582578459194, 0.6080574992058211, 0.0021530208448374997, 0.13503365416474947], [0.10844554143855709, 0.5073903378599487, 0.02510279609929365, 0.35906132460220064], [0.01080899747329095, 0.011952137958928542, 0.7594707927961578, 0.21776807177162277], [0.1896725450008672, 0.653995034396074, 0.10487774432279799, 0.05145467628026075], [0.02577873986026972, 0.08571545267393363, 0.010206728254587951, 0.8782990792112086], [0.6781020593844154, 0.13355084467911943, 0.07962171475393927, 0.10872538118252605], [0.694582662151166, 0.0012216001001831456, 0.0077451251916377415, 0.29645061255701294], [0.05156657227481293, 0.0471823422236654, 0.1877977606362687, 0.7134533248652529], [0.5578094089622504, 0.14467599308441195, 0.12485556746345182, 0.17265903048988585], [0.025290859548940916, 0.42244821904329477, 0.2529432440370047, 0.29931767737075965], [0.020518902481766896, 0.009259557357568908, 0.002369673222600263, 0.9678518669380638], [0.24243000328063044, 0.39884006774825415, 0.19848373336729083, 0.16024619560382464], [0.6060583559874496, 0.293715010170179, 0.01538741689482405, 0.08483921694754754], [0.14361804524104346, 0.26529941894081194, 0.521093447671429, 0.06998908814671573], [0.006416889725976311, 0.9784297347267488, 0.01342041247308913, 0.0017329630741857206], [0.539114752532254, 0.025349079969465366, 0.008893438961116423, 0.4266427285371641], [0.6612992342169514, 0.08876141660656356, 0.2184822076201506, 0.031457141556334535], [0.38786157378264957, 0.028828632872935793, 0.08778775558980884, 0.4955220377546059], [0.2011483106884536, 0.11241265260308424, 0.12328561942310384, 0.5631534172853583], [0.045453508406217015, 0.38372461743848096, 0.35327079545565876, 0.21755107869964307], [0.010270384241158692, 0.5118868810103548, 0.02713719699854025, 0.4507055377499462], [0.1800694765233698, 0.04354645572493501, 0.7384213813183679, 0.03796268643332737], [0.04880257542245077, 0.02380592897661264, 0.8282335264334192, 0.09915796916751736], [0.12065607657783994, 0.08822995901257569, 0.7615858768405485, 0.02952808756903578], [0.004926850968531836, 0.029212630867712402, 0.019141773567298005, 0.9467187445964578], [0.003714257645216544, 0.004014359824906751, 0.03864026274219123, 0.9536311197876856], [0.2848941105282927, 0.10690550084140481, 0.5146065535699286, 0.09359383506037387], [0.6685590919799168, 0.20393992324226454, 0.01402654365343523, 0.11347444112438342], [0.9848035913147954, 0.0016711719062574622, 0.003314192932678083, 0.010211043846268881], [0.3059270339895155, 0.017008766295971645, 0.0013484773571177306, 0.6757157223573952], [0.8967528209707015, 0.07618224122811962, 0.016704668975973096, 0.010360268825205889], [0.03906993665916299, 0.13854489771612905, 0.0026684424630216024, 0.8197167231616864], [0.014589484811930856, 0.01055572797391184, 0.15188419889667362, 0.8229705883174837], [0.08028535154473113, 0.3327874963383674, 0.08741920245386826, 0.4995079496630331], [0.9093109207671382, 0.06122881838312783, 0.022570834880072478, 0.006889425969661452], [0.372496962116893, 0.18399838747449573, 0.0044041735173385105, 0.43910047689127285], [0.0428242793538728, 0.10975456866538012, 0.4021083007719562, 0.4453128512087908], [0.0016932297743371028, 0.5283224508259106, 0.021701186361341118, 0.4482831330384113], [0.6090582928398666, 0.05409930262331884, 0.03880772215144461, 0.29803468238536995], [0.031047863562498834, 0.7504728736482407, 0.005822439430539434, 0.2126568233587211], [0.21418826843786126, 0.5693171916778501, 0.045663520365313945, 0.17083101951897464], [0.02123793329368558, 0.06727203236230961, 0.13443733606259312, 0.7770526982814118], [0.034666934848967594, 0.009787843985492003, 0.8793348244194403, 0.07621039674610006], [0.8480176960809638, 0.1149556971689691, 0.008085623529594037, 0.02894098322047313], [0.008152292642067658, 0.9556568632951195, 0.025464256616631976, 0.010726587446181065], [0.8448253575273192, 0.09785775185930505, 0.04900571942797447, 0.00831117118540129], [0.431546249684022, 0.27919988680389446, 0.04117279560672251, 0.2480810679053611], [0.13173153041673782, 0.12936396644394996, 0.7045336594488516, 0.03437084369046056], [0.5002645665491943, 0.07124666818957767, 0.07151988009369284, 0.35696888516753533], [0.7097468758712087, 0.034272113213454455, 0.014796145219346683, 0.2411848656959901], [0.12475494111361751, 0.09958768335160753, 0.6606845935496997, 0.11497278198507527], [0.04733319719414061, 0.10195782572493965, 0.0018377561178591917, 0.8488712209630607], [0.05305369135914278, 0.44441935556426343, 0.33033893157512706, 0.1721880215014668], [0.8101163866262537, 0.17391799836602526, 0.0043689370721458455, 0.011596677935575138], [0.22507197274252896, 0.6358837857756185, 0.013168939035449958, 0.12587530244640247], [0.5579367666524556, 0.19371316763783158, 0.20932280010634308, 0.039027265603369776], [0.03562682763655416, 0.28904750844077093, 0.09473328393202472, 0.5805923799906502], [0.05717880741571681, 0.19014638925279517, 0.14003740658945213, 0.6126373967420359], [0.6811911870339714, 0.05179063314710309, 0.11062378328542852, 0.15639439653349688], [0.006264898121972644, 0.2834561176011976, 0.4319068781284002, 0.27837210614842955], [0.15571179338261, 0.008340975649887238, 0.003848900904458098, 0.8320983300630447], [0.07150181543348957, 0.7518625918898362, 0.071813105415235, 0.10482248726143917], [0.045536447054752634, 0.13423725433188435, 0.21611996660822505, 0.604106332005138], [0.22965636064082676, 0.36936009057773456, 0.056673443253931345, 0.3443101055275074], [0.4929429947389533, 0.4406183141060365, 0.032131150543972975, 0.03430754061103718], [0.004611366307847525, 0.7293344617135619, 0.04085188393696801, 0.22520228804162268], [0.5185464892709725, 0.36002974907479707, 0.10794919429710324, 0.013474567357127197], [0.27601573619446945, 0.1371796548954525, 0.02625201178685961, 0.5605525971232184], [0.045311589773254585, 0.2338284704134671, 0.4818038179361135, 0.23905612187716493], [0.13024855981334865, 0.39148146154273805, 0.053985772178627656, 0.4242842064652856], [0.16982251799003031, 0.6709943677651954, 0.13171447595778918, 0.027468638286985085], [0.747146010749217, 0.06806747382408457, 0.005932843408272454, 0.17885367201842597], [0.06061019990077325, 0.8923479103253348, 0.011319524261307664, 0.0357223655125841], [0.0038410051884090256, 0.8328901991263703, 0.024999723154628836, 0.13826907253059184], [0.15819455516038525, 0.16201201107542, 0.5577020699044323, 0.1220913638597626], [0.026976051027555598, 0.12210621122763572, 0.11249347535729773, 0.738424262387511], [0.8659355689738684, 0.007482600162611022, 0.007468938733655776, 0.11911289212986463], [0.05283838337201336, 0.4354497894149829, 0.0020308722068026817, 0.5096809550062011], [0.7341520169735838, 0.19702380038347747, 0.06653722431099841, 0.0022869583319402513], [0.5756712251763739, 0.01956699043114002, 0.0038800536683315677, 0.4008817307241545], [0.1400313188214537, 0.01879760617588691, 0.054869959796298835, 0.7863011152063606], [0.2214689675740181, 0.18360259672436186, 0.01787560453104336, 0.5770528311705767], [0.14635061225232895, 0.01862784774643736, 0.1810579177342036, 0.6539636222670302], [0.511749058123365, 0.28304840647730545, 0.0465612739918912, 0.1586412614074383], [0.05626344748237628, 0.467913200853695, 0.06298942748062242, 0.4128339241833062], [0.6405805520012489, 0.06214668230438845, 0.1329450699208192, 0.16432769577354345], [0.47865555860281067, 0.08090362573987499, 0.0954690219765135, 0.3449717936808009], [0.06813231707800065, 0.017806630235209234, 0.2304602684892782, 0.6836007841975119], [0.13058401615219015, 0.6728590961099208, 0.06116265233308223, 0.1353942354048068], [0.45764414078464943, 0.06973325124803847, 0.41863386775451, 0.053988740212802026], [0.10363069296575249, 0.5440320659961996, 0.1836730382990665, 0.16866420273898136], [0.4194850307410037, 0.34667391584358453, 0.014886055700469436, 0.21895499771494234], [0.4565758493246001, 0.06768760284475689, 0.1667267338720101, 0.30900981395863286], [0.47466869668932854, 0.1981451797358182, 0.13995351624761004, 0.18723260732724317], [0.11038466514525996, 0.33738799949332837, 0.5343520601922921, 0.01787527516911941], [0.03351969194178964, 0.25624234551742275, 0.16075807736986975, 0.5494798851709178], [0.7434557557122847, 0.191257532644464, 0.014122212466854848, 0.051164499176396476], [0.09710515136217983, 0.6282358227192896, 0.18713369106670885, 0.08752533485182186], [0.2232817734963065, 0.7485234853840674, 0.019426990489683417, 0.008767750629942648], [0.06293690403880202, 0.40630428201530916, 0.37545308283378515, 0.1553057311121038], [0.5168908749532307, 0.2752978144916408, 0.008002557365349704, 0.19980875318977864], [0.05445653589989315, 0.16420932618597142, 0.13220187994075883, 0.6491322579733766], [0.14130978453669588, 0.5502632827830275, 0.2054667350592903, 0.10296019762098621], [0.3411765976412656, 0.3572822093485449, 0.003657431416685806, 0.29788376159350366], [0.1957617133570119, 0.1758367377048122, 0.5246926993474303, 0.10370884959074557], [0.7232899322437575, 0.13055650994147303, 0.05775273281768213, 0.08840082499708729], [0.04803415445908933, 0.1620696396687686, 0.20813839860393302, 0.581757807268209], [0.018022738295051043, 0.6272426465010653, 0.309618451965373, 0.04511616323851072], [0.1239515750228015, 0.4623374867978373, 0.08543864620925262, 0.32827229197010865], [0.7546606116412854, 0.023286352500915278, 0.1516826547232841, 0.07037038113451524], [0.7013558972218441, 0.01087078756023832, 0.08250183805348937, 0.20527147716442812], [0.05244622245625887, 0.13814279665720136, 0.09863141905780247, 0.7107795618287372], [0.9387266313450886, 0.04282100233281995, 0.009142216072592628, 0.00931015024949887], [0.6815250155703884, 0.02809879263572666, 0.02459919941448507, 0.2657769923793999], [0.1544724456787408, 0.5861738545198818, 0.10855786595307379, 0.15079583384830356], [0.08289582122619282, 0.22434549532002165, 0.5219341630231322, 0.17082452043065324], [0.10496196246192682, 0.8232579693411913, 0.024807790905857996, 0.04697227729102369], [0.6381578243427937, 0.22191342674864478, 0.016114627048776503, 0.12381412185978503], [0.22297146246836194, 0.6915894024711843, 0.022920953371099777, 0.06251818168935401], [0.12625503350110545, 0.3735375145313403, 0.34095413230784916, 0.1592533196597051], [0.698876841439791, 0.019762714008556538, 0.007681984219126143, 0.2736784603325264], [0.3172349982648475, 0.484525956693002, 0.017951751335881953, 0.1802872937062683], [0.10056646714152422, 0.7157832278419889, 0.14466030497346533, 0.0389900000430215], [0.05959685481326552, 0.49663690220578544, 0.04653177462430529, 0.39723446835664383]]}, "rewritten": {"ids": ["97105580", "97105760", "97107260", "97116410", "98107210", "98108150", "98108410", "98109311", "98112170", "98116090", "98120010", "99105921", "99107300", "99107560", "99107640", "99108000", "99108010", "99108460", "99108710", "99111340", "99116500", "99117630", "99121440", "100109311", "100109360", "100109910", "100111380", "100115700", "100117420", "101108950", "101109000", "101111620", "101114020", "101115190", "102110240", "102110890", "102111990", "102118380", "103109021", "103111170", "103113610", "103118291", "103120340", "103120531", "104111550", "104111620", "104113190", "104113210", "104114320", "104116800", "104116980", "104117200", "104118070", "105111990", "105113190", "105118740", "105119550", "105121370", "106112770", "106114011", "106114280", "106114880", "106117770", "106117790", "106119260", "106121190", "107113130", "107113180", "107113360", "107113550", "107114490", "107114621", "107114950", "107116980", "107117010", "107119950", "107120010", "107121230", "107121700", "108115880", "108116120", "108116481", "108118291", "108118301", "108118520", "108118810", "108120280", "109114220", "109114720", "109116170", "109116750", "109116930", "109118701", "109119010", "109119340", "109120621", "109121640", "110114610", "110114920", "110115890", "110117140", "110117500", "110118630", "110118810", "110119300", "110119891", "110121500", "111114321", "111115400", "111116530", "111117120", "111117480", "111117571", "111118910", "111119250", "111119340", "111119580", "111120540", "111121930", "112116401", "112116900", "112118530", "112118550", "112118701", "112118820", "112118890", "112118930", "112119580", "112120270", "112120540", "112120630", "112121360", "112121410", "112121430", "113118490", "113119120", "113119480", "113119950", "113121220", "113121950", "113122120", "113122650"], "labels": [1, 0, 2, 3, 1, 0, 1, 1, 3, 0, 2, 1, 3, 1, 1, 2, 2, 0, 2, 1, 2, 3, 2, 1, 0, 2, 3, 1, 2, 2, 1, 3, 3, 1, 3, 0, 2, 1, 0, 2, 2, 0, 1, 3, 1, 0, 3, 3, 2, 1, 1, 3, 2, 2, 3, 1, 1, 2, 1, 1, 3, 0, 0, 1, 1, 2, 1, 3, 0, 0, 3, 0, 3, 3, 1, 3, 1, 0, 3, 3, 1, 0, 3, 1, 0, 1, 3, 3, 0, 0, 0, 0, 3, 3, 3, 1, 0, 1, 3, 2, 3, 1, 1, 1, 1, 3, 3, 1, 0, 3, 2, 1, 3, 0, 1, 3, 3, 1, 1, 0, 3, 1, 3, 0, 0, 3, 1, 3, 0, 3, 3, 3, 0, 2, 1, 3, 3, 0, 3, 3, 1, 2], "predicted_labels": [1, 0, 2, 3, 1, 2, 1, 3, 0, 3, 2, 1, 0, 1, 1, 2, 1, 3, 1, 3, 1, 2, 2, 3, 0, 0, 0, 0, 3, 3, 1, 2, 1, 0, 0, 0, 0, 2, 0, 0, 2, 0, 1, 1, 3, 3, 1, 0, 0, 0, 1, 1, 3, 1, 3, 1, 1, 1, 0, 1, 3, 2, 2, 3, 3, 3, 2, 1, 0, 3, 3, 0, 0, 0, 1, 1, 3, 3, 3, 0, 0, 3, 1, 3, 0, 1, 3, 0, 1, 0, 1, 0, 1, 3, 3, 3, 0, 2, 0, 1, 3, 0, 3, 0, 3, 1, 3, 0, 0, 3, 1, 3, 3, 1, 0, 3, 3, 0, 2, 3, 1, 3, 0, 3, 0, 2, 1, 0, 1, 1, 0, 3, 0, 1, 3, 1, 3, 3, 3, 1, 3, 2], "confidence_scores": [[0.02943936750874684, 0.8445666898044173, 0.061379446467681766, 0.0646144962191542], [0.765836006910052, 0.17543487435826963, 0.0036276239996557, 0.055101494732022756], [0.1453725841630558, 0.042983823352616156, 0.784904402996186, 0.026739189488142027], [0.1775570287506715, 0.05741333188510149, 0.30445348834219466, 0.4605761510220323], [0.26588263293429565, 0.5838227410502219, 0.09638187128807865, 0.05391275472740381], [0.045877253902372156, 0.010297237319016744, 0.8693602093892677, 0.07446529938934354], [0.04738163631799274, 0.8681976280606891, 0.03422386914542183, 0.050196866475896454], [0.2005178102590861, 0.21240121792447375, 0.03802794469559598, 0.5490530271208443], [0.5919361592502604, 0.03564102795908043, 0.1006560138436213, 0.2717667989470378], [0.024135227279021506, 0.4040653766558077, 0.13545272376214068, 0.43634667230303004], [0.0040264103331357805, 0.02759572457319608, 0.8149637660720592, 0.15341409902160885], [0.3390988897356333, 0.47432511723229603, 0.09375004834673259, 0.092825944685338], [0.5223337922743378, 0.013341405154037114, 0.004372427203677133, 0.459952375367948], [0.2756704604347738, 0.6718063209475506, 0.04108728034965419, 0.011435938268021573], [0.1154591801027483, 0.6570075643384691, 0.13219505067492604, 0.09533820488385668], [0.04896957170877147, 0.2864014366719955, 0.6541092688151032, 0.010519722804129843], [0.2634520309762581, 0.6088074760356609, 0.10911403630663744, 0.01862645668144372], [0.02901637225643928, 0.1865280203409827, 0.13027439358751006, 0.654181213815068], [0.07078504494756467, 0.7098283981069752, 0.10725984822037568, 0.11212670872508446], [0.19674848964775837, 0.07126613154730402, 0.18433141329565328, 0.5476539655092844], [0.05276731734352261, 0.5892024818746274, 0.3453348989927179, 0.012695301789131948], [0.10689004351482016, 0.10821189112565262, 0.6822990263488922, 0.10259903901063507], [0.21051142729930833, 0.1451467988656127, 0.6009906918153443, 0.04335108201973473], [0.2989735081405973, 0.06142344738639307, 0.16530842787074287, 0.4742946166022668], [0.6919621188190589, 0.121329469181235, 0.03106540693152709, 0.15564300506817885], [0.6176428423702973, 0.046073119468456825, 0.29217549972576634, 0.044108538435479384], [0.4742730671840545, 0.12486702067643199, 0.2548689930785238, 0.14599091906098968], [0.7666925553449936, 0.1055956530262032, 0.023835056549157088, 0.10387673507964595], [0.015920319423764036, 0.388299615257887, 0.0603053836881572, 0.5354746816301919], [0.0349621907880086, 0.06002935006783269, 0.13843001873516692, 0.7665784404089918], [0.023822886751498847, 0.8596548037289112, 0.012579363004192249, 0.10394294651539758], [0.43101408782143885, 0.0428753618064533, 0.45184917248497813, 0.07426137788712986], [0.21088960197117568, 0.5809581741403808, 0.0558829915451604, 0.15226923234328318], [0.8760237795959183, 0.08612682957371089, 0.03426094344328789, 0.0035884473870830473], [0.7053567570385525, 0.14137615614497678, 0.01860739692446761, 0.1346596898920031], [0.6896225991801175, 0.045714859414848916, 0.013791425767247192, 0.2508711156377864], [0.610752846585584, 0.11717251740591596, 0.2333475674044858, 0.03872706860401423], [0.11926717717756241, 0.3406823801844656, 0.42767256164704165, 0.1123778809909303], [0.750556038157053, 0.009348760581562131, 0.12355238970239908, 0.11654281155898584], [0.7610729821874456, 0.08875515612670323, 0.03999245216811122, 0.11017940951774007], [0.13854892547949554, 0.24607838151161657, 0.45344056446994524, 0.1619321285389426], [0.7159296587058375, 0.07806597710621581, 0.18660051994605711, 0.019403844241889477], [0.07405779930590937, 0.5793564736468814, 0.21910112572806567, 0.1274846013191436], [0.15374436225794516, 0.7312080598415763, 0.03661078825859425, 0.07843678964188429], [0.12927221083533832, 0.10311961177444676, 0.22622269276575724, 0.5413854846244577], [0.4595176765553401, 0.06148313717108518, 0.004484801689048353, 0.47451438458452644], [0.11487578289713905, 0.3603845298270166, 0.26359716336315026, 0.2611425239126941], [0.6199037369940343, 0.147612630364424, 0.20701429390533221, 0.025469338736209404], [0.751101747567471, 0.11941413125533772, 0.0685335454567436, 0.06095057572044778], [0.6548006987597452, 0.10214881178147274, 0.004889931789845845, 0.23816055766893607], [0.004999275384611692, 0.9320846315587193, 0.02027881469196828, 0.04263727836470046], [0.012205206204504035, 0.9417679544287215, 0.010036700660774243, 0.0359901387060001], [0.016857638526719235, 0.14440846231615423, 0.18223721972823204, 0.6564966794288946], [0.040882424974798715, 0.5015043009001551, 0.08221647293901217, 0.375396801186034], [0.20376728532928212, 0.33796329088450433, 0.08650543854933407, 0.3717639852368794], [0.12046545586604282, 0.5428327392824226, 0.26219660936442135, 0.07450519548711321], [0.06620392554404686, 0.4740559626035487, 0.14691134921944426, 0.3128287626329601], [0.023731794928473826, 0.9673746654468165, 0.004344908892455468, 0.004548630732254357], [0.4389737426170899, 0.179708291340089, 0.3360603760678296, 0.0452575899749915], [0.13233938713285934, 0.8487212823265426, 0.00585358856479528, 0.013085741975802883], [0.27917508500261556, 0.05758228102257561, 0.08167684675806988, 0.5815657872167389], [0.02151152944269402, 0.35870097516869404, 0.596890682662321, 0.022896812726290957], [0.24646274730520779, 0.04382536588599391, 0.42584619697598375, 0.28386568983281457], [0.022640153421226113, 0.3969025641673967, 0.12327308075227161, 0.4571842016591056], [0.04329405004436337, 0.025514048539913275, 0.23714780932609655, 0.6940440920896268], [0.028718430896245935, 0.04254354362690546, 0.05327719331735041, 0.8754608321594982], [0.022823978188773023, 0.058077032459055156, 0.6675248929161227, 0.25157409643604917], [0.0010562522641813373, 0.8575169804673803, 0.003191936856854611, 0.13823483041158374], [0.5033502550118557, 0.1659307879221027, 0.16944960282985796, 0.16126935423618355], [0.11646916606429086, 0.08995709948679216, 0.09530843459887048, 0.6982652998500465], [0.01577867054170529, 0.4504882043417237, 0.08278478328151403, 0.45094834183505694], [0.47865870335663374, 0.05243431070984609, 0.006565646743624926, 0.4623413391898951], [0.8658050164202645, 0.01175478146751547, 0.02410961259458124, 0.09833058951763872], [0.5558401357921197, 0.4375184803947619, 0.0011497323229247723, 0.005491651490193676], [0.05317776460930408, 0.5225388006287214, 0.055796585210070214, 0.36848684955190447], [0.23641698981691647, 0.4268901966909388, 0.002545081325156859, 0.33414773216698795], [0.033309790439700566, 0.07617695341389978, 0.06426820434214336, 0.8262450518042563], [0.1863387673476459, 0.022198635279019656, 0.03612627658061007, 0.7553363207927243], [0.24743863197306473, 0.2615055744698039, 0.024120524138206503, 0.46693526941892494], [0.33584352113554816, 0.3126522138155228, 0.05489755889874565, 0.2966067061501834], [0.4977847852411961, 0.02183294476432446, 0.4119708031521668, 0.06841146684231261], [0.20019166587931259, 0.0918199601426435, 0.007319097965986638, 0.7006692760120572], [0.34491031749447304, 0.5535280204534144, 0.0004980336306921949, 0.10106362842142025], [0.03864764327835778, 0.3745089515846768, 0.04332272635451261, 0.5435206787824529], [0.8354249537748596, 0.09329543387698966, 0.047679169877733976, 0.02360044247041692], [0.14048877715931982, 0.4799694395523105, 0.031844980578812285, 0.34769680270955744], [0.12843355813115362, 0.028059171202605555, 0.054362217238082794, 0.7891450534281581], [0.43707104823263704, 0.16594200258052935, 0.007044604441723774, 0.3899423447451098], [0.16549263298260325, 0.6567255373962169, 0.1256311362652649, 0.052150693355915094], [0.7138170628934825, 0.16955981781324247, 0.01250849138961056, 0.10411462790366449], [0.33447424730562525, 0.5457337754617337, 0.05323285497667957, 0.0665591222559615], [0.4499089675427656, 0.38806595420098045, 0.013225428478497994, 0.148799649777756], [0.00515063635528476, 0.4897988339181676, 0.16071300223717766, 0.34433752748936985], [0.019252376136828918, 0.002186620041892828, 0.11436040377946384, 0.8642006000418144], [0.050972622902516605, 0.1317755515010636, 0.05357888347010926, 0.7636729421263106], [0.1889571938791158, 0.03497731464193717, 0.01525046434183378, 0.7608150271371132], [0.7001637204986725, 0.05474334474939484, 0.10396462989974248, 0.14112830485219025], [0.12462579504899525, 0.14431898197907866, 0.6793031625139461, 0.051752060457980066], [0.31983554933154906, 0.3086911535211365, 0.3090437286071612, 0.062429568540153316], [0.154520385959089, 0.7317652764371828, 0.06957279934466977, 0.04414153825905835], [0.27902186346176394, 0.24366148779412633, 0.017874856435018502, 0.4594417923090911], [0.7892737212689712, 0.17297273739384672, 0.006331926720946212, 0.031421614616235966], [0.05726702199896564, 0.14161872397172082, 0.03314747322794067, 0.7679667808013728], [0.7678089383517988, 0.16631023153764846, 0.032769128415501565, 0.033111701695051336], [0.1841034513511121, 0.15053784398548467, 0.06425435154952071, 0.6011043531138824], [0.08386254751334034, 0.8823193366135603, 0.0036468389212580966, 0.030171276951841255], [0.08686728151523213, 0.3395821967153509, 0.12865108668908495, 0.444899435080332], [0.5775694460958831, 0.3239851555459163, 0.020612868478067214, 0.07783252988013349], [0.6933869888986491, 0.15976225186143586, 0.06796137722376143, 0.07888938201615352], [0.0593118103506172, 0.1681617896005329, 0.015287480992522348, 0.7572389190563276], [0.1007311949185274, 0.5800951834002536, 0.07240788431405541, 0.24676573736716367], [0.030895023938829782, 0.01679884612324461, 0.015535647725749651, 0.936770482212176], [0.048108252890960296, 0.4379999645834951, 0.06058872208787392, 0.4533030604376706], [0.10955408075221472, 0.5617246947923406, 0.08216143330398819, 0.24655979115145663], [0.8826641283637257, 0.002554521053390367, 0.014475491194005563, 0.10030585938887841], [0.00856828858248982, 0.03515270676321731, 0.021522185856138215, 0.9347568187981546], [0.22778356498883676, 0.02982039067761421, 0.029394895469397518, 0.7130011488641514], [0.7181867101817033, 0.25417293282126635, 0.026839174923367015, 0.0008011820736632323], [0.15635002230715433, 0.02766371832631176, 0.759473365083722, 0.05651289428281193], [0.19744274140642212, 0.0107121959714239, 0.011272323135754252, 0.7805727394863997], [0.045027432589016744, 0.5974376474772556, 0.08487299242252878, 0.27266192751119894], [0.023151810094057028, 0.4059754565561621, 0.1511786265903935, 0.41969410675938734], [0.6258630264413504, 0.23660657138232405, 0.053180740563738275, 0.08434966161258714], [0.05894696666372387, 0.2879913004953887, 0.0019164846095343511, 0.6511452482313531], [0.7371897306697579, 0.16153900141569, 0.007151056049544435, 0.09412021186500766], [0.32227432239900383, 0.014023474265899097, 0.635549422529965, 0.028152780805132047], [0.1454442463222449, 0.8281319977461994, 0.002280688270983861, 0.024143067660572032], [0.9737448493503278, 0.01240585992512244, 0.005133634157832715, 0.00871565656671703], [0.3473814406900314, 0.4934278893374202, 0.018155145211764957, 0.1410355247607834], [0.0199069942833551, 0.9427692338385147, 0.03290694817534682, 0.0044168237027832746], [0.5267310513518432, 0.10001285097713976, 0.05703778171835702, 0.3162183159526601], [0.2975349565180764, 0.144823841666571, 0.10821075032359162, 0.4494304514917611], [0.5068874410739014, 0.07324523123231774, 0.2394473960424306, 0.18041993165135023], [0.037800655670631934, 0.5504549593198635, 0.37330099422758534, 0.03844339078191916], [0.004444297858239422, 0.01309159753105933, 0.0009345838006403907, 0.9815295208100607], [0.03131792093780838, 0.8929595404061884, 0.037045788848264156, 0.0386767498077392], [0.28442239461743035, 0.2609955369957832, 0.02512987953654186, 0.42945218885024455], [0.05878555475475221, 0.05544960656075621, 0.003567159271871794, 0.8821976794126198], [0.05228835433518542, 0.1928610729736595, 0.12247600351282054, 0.6323745691783346], [0.11020121688747313, 0.5411940261994569, 0.10985306705732695, 0.23875168985574302], [0.07466396384086008, 0.43289161624814276, 0.048302160388519914, 0.4441422595224773], [0.0023068832711064012, 0.028949155690016177, 0.9368642371116007, 0.03187972392727685]]}}