{"test": {"ids": ["110114720", "101108621", "107113840", "108120280", "112119450", "110120190", "104114740", "112120270", "109120621", "98110680", "106116820", "102114270", "112117471", "98121790", "97106591", "110121720", "110116300", "112121030", "99108890", "110116290", "108117720", "106116850", "108120060", "104112201", "105120621", "99109311", "100110260", "105121190", "113122190", "105114220", "112120990", "103110050", "101112201", "109116750", "111116170", "98108370", "98112580", "113118421", "102110500", "113117630", "100111380", "110118301", "105112240", "101110740", "102109850", "111117120", "112117210", "100111620", "110114321", "106117770", "108120621", "113122430", "113120591", "104113550", "109118231", "100111080", "107114280", "109115070", "113118111", "109116930", "111116990", "110114950", "108119330", "104116800", "110117110", "112121010", "106114150", "103112641", "99107300", "106121220", "103111620", "103110220", "112118620", "98120010", "112116900", "99112840", "97112300", "113121220", "110121450", "106116640", "97105960", "102116340", "113122320", "99107640", "112116290", "111116110", "112118890", "97105451", "102110690", "107115250", "99107660", "110121500", "103109791", "107116300", "98112300", "98109230", "106118820", "110114561", "113120531", "110118450", "106116441", "108114040", "110115140", "110117140", "113119340", "110118111", "113118630", "112116540", "110116170", "109119340", "109119450", "104119290", "103111830", "110115980", "99111000", "103109021", "113121750", "98108520", "109116810", "113120070", "106113170", "112118701", "109119591", "112121360", "99107950", "102121440", "111115780", "97106970", "112119500", "110120540", "107117010", "113122220", "100109910", "111115620", "109116170", "111115770", "103110760", "107121230", "107121700", "106114880", "110119891", "97116790"], "labels": [3, 0, 3, 3, 3, 3, 2, 0, 1, 2, 1, 3, 3, 2, 1, 3, 3, 0, 0, 2, 1, 3, 1, 0, 1, 1, 3, 2, 1, 3, 2, 3, 0, 0, 0, 1, 2, 3, 3, 0, 3, 1, 1, 3, 1, 2, 1, 3, 1, 0, 1, 2, 0, 1, 1, 0, 3, 0, 1, 0, 0, 0, 0, 1, 0, 2, 1, 3, 3, 1, 0, 2, 3, 2, 3, 2, 2, 3, 3, 3, 2, 3, 1, 1, 0, 3, 3, 0, 0, 2, 3, 3, 3, 0, 2, 1, 3, 0, 0, 0, 0, 0, 0, 3, 0, 1, 3, 1, 0, 3, 3, 1, 3, 1, 2, 0, 0, 2, 3, 2, 0, 0, 0, 3, 1, 2, 1, 2, 2, 1, 1, 1, 2, 1, 0, 3, 1, 0, 3, 0, 3, 2], "predicted_labels": [3, 0, 1, 0, 0, 1, 2, 0, 0, 1, 1, 1, 0, 2, 3, 3, 1, 3, 1, 3, 1, 1, 1, 0, 1, 1, 3, 3, 3, 2, 1, 2, 0, 0, 0, 1, 2, 3, 2, 3, 2, 0, 1, 1, 3, 1, 1, 3, 3, 1, 1, 2, 1, 0, 2, 0, 1, 1, 3, 0, 3, 3, 1, 1, 1, 1, 0, 1, 3, 3, 1, 3, 2, 1, 1, 2, 0, 3, 1, 3, 2, 2, 1, 0, 1, 1, 3, 3, 2, 3, 3, 0, 1, 1, 3, 3, 3, 3, 3, 2, 3, 2, 3, 0, 1, 0, 3, 3, 3, 0, 3, 3, 3, 1, 3, 1, 1, 3, 1, 3, 1, 3, 3, 3, 1, 1, 1, 1, 1, 1, 2, 0, 2, 3, 0, 0, 1, 1, 2, 1, 1, 2], "confidence_scores": [[0.2075557573337831, 0.29545078049522017, 0.0901584997986574, 0.4068349623723394], [0.3511198040152309, 0.313042024474782, 0.10197733141149858, 0.23386084009848845], [0.12826821307480363, 0.5609103090415689, 0.08903175215164442, 0.22178972573198316], [0.4074001727979942, 0.1910560979686057, 0.08783347419164896, 0.31371025504175115], [0.5015208057443509, 0.2588009419776748, 0.08775969475352537, 0.1519185575244488], [0.1884743425976005, 0.3667411218225665, 0.09246462092809765, 0.35231991465173546], [0.15493527253761574, 0.16520332926737386, 0.4896974389478111, 0.1901639592471995], [0.5515999179750519, 0.19132443965066526, 0.06281021202718748, 0.19426543034709554], [0.458731413207341, 0.20771277423188417, 0.10543347797275139, 0.22812233458802322], [0.24659972577852557, 0.27917455368848376, 0.24706749465562217, 0.2271582258773685], [0.13470556195926697, 0.38888135678889507, 0.1290338522763828, 0.34737922897545515], [0.08069684292687486, 0.4733348754152777, 0.22904889768284947, 0.21691938397499796], [0.3394098010726898, 0.27536615960537697, 0.05734233852327024, 0.32788170079866286], [0.16089652649191857, 0.23649405391842962, 0.33554335870034585, 0.267066060889306], [0.16786411208692426, 0.24099700868018095, 0.05284904743552611, 0.5382898317973687], [0.25377290993238605, 0.2644886690165588, 0.0971787555706456, 0.3845596654804096], [0.12880896315465556, 0.4908310140937997, 0.1276528760601256, 0.25270714669141914], [0.2982323448249999, 0.11155960896152242, 0.07646091394882494, 0.5137471322646527], [0.1844022886207161, 0.34387685399771056, 0.15851910492899285, 0.31320175245258064], [0.2933783085457189, 0.2580299573337107, 0.10596410648432798, 0.34262762763624255], [0.25750877717817355, 0.3884504743980681, 0.1572823022940028, 0.1967584461297555], [0.1144353424006498, 0.5430247849238733, 0.21765546425930296, 0.12488440841617394], [0.15870659147992489, 0.3711040405360477, 0.2429918708177801, 0.22719749716624757], [0.5195972161446972, 0.18274039309629808, 0.06567541713897421, 0.23198697362003046], [0.24311172992159574, 0.3424417848048345, 0.09361321743543237, 0.3208332678381374], [0.24477297932303269, 0.34969321869588926, 0.07641290893243259, 0.32912089304864556], [0.29200641227560276, 0.2754550945396416, 0.13878108601818331, 0.2937574071665724], [0.13813762391170079, 0.2967509566301699, 0.17133486540661635, 0.3937765540515131], [0.23255566301930794, 0.2878368703336521, 0.1134976701407011, 0.3661097965063391], [0.19503326671776763, 0.26037884202066086, 0.31923043174360277, 0.22535745951796876], [0.12308803310016701, 0.5150013364802556, 0.1517583123795482, 0.2101523180400292], [0.20143206454707044, 0.179686413461521, 0.5312551094081492, 0.08762641258325943], [0.5893463276419113, 0.14392422583852268, 0.05776086810152828, 0.20896857841803773], [0.5494982261917103, 0.19063546825464217, 0.08996761935834986, 0.16989868619529777], [0.32367908792318834, 0.21240914303455796, 0.184570543782207, 0.2793412252600468], [0.21369353381062406, 0.4027412491178195, 0.15384157929295983, 0.22972363777859683], [0.21177502156107947, 0.228455405898191, 0.32391461083148826, 0.23585496170924125], [0.24404907151276212, 0.20143704427849163, 0.21355110150244835, 0.3409627827062979], [0.31614648388918554, 0.11301536485692724, 0.33559706791933425, 0.23524108333455307], [0.07840530670544792, 0.0969438108542273, 0.08314893537817084, 0.741501947062154], [0.2346801459278629, 0.14736720552145025, 0.407207657623468, 0.21074499092721882], [0.46590909959323, 0.17539221351234302, 0.1775276000882059, 0.18117108680622115], [0.12279651633288059, 0.6927507021388152, 0.04638167191611057, 0.1380711096121937], [0.17974388200167626, 0.4005861906787034, 0.14329915796327153, 0.27637076935634886], [0.1182038859105014, 0.24613706433715293, 0.17118191775212546, 0.4644771320002202], [0.17205378327238247, 0.489506744644104, 0.18396372917211753, 0.15447574291139618], [0.24840861026875058, 0.5029727413829423, 0.08435224554311173, 0.16426640280519542], [0.30144734613930263, 0.20727188359783927, 0.14775669388017534, 0.3435240763826826], [0.19789747141285763, 0.27004447794742614, 0.11983926676904247, 0.4122187838706737], [0.12474877346982456, 0.33044022171360804, 0.2561090179962669, 0.2887019868203006], [0.31613082188970726, 0.34244015203293415, 0.09144951454458727, 0.24997951153277134], [0.1619863135259835, 0.30384573422557887, 0.32661592188824357, 0.20755203036019398], [0.23725068147264225, 0.3515486408469144, 0.15149867157899985, 0.2597020061014434], [0.3527068163755862, 0.33482635815305334, 0.12775783146153194, 0.1847089940098284], [0.23335172576125165, 0.212615726692037, 0.2894299630916533, 0.264602584455058], [0.38183744776254136, 0.19536732348338495, 0.10515090145296031, 0.3176443273011133], [0.21772253433952007, 0.36787277481891434, 0.22676058620542477, 0.18764410463614103], [0.1840297397111692, 0.44962092153008, 0.11911193884447975, 0.24723739991427104], [0.26937291667118796, 0.2799137497227018, 0.165369489665833, 0.28534384394027734], [0.47403483450013206, 0.15729243564583598, 0.13490516014700485, 0.233767569707027], [0.27188594773437386, 0.26910936860535906, 0.1517897233858929, 0.30721496027437417], [0.2974278316004132, 0.19898113848119053, 0.1638894345020329, 0.33970159541636336], [0.13810682947793126, 0.4083081294601833, 0.2694038904567944, 0.18418115060509105], [0.23374431617446642, 0.342764657367405, 0.177566649988307, 0.24592437646982165], [0.15560977268974485, 0.3785534918606428, 0.14070739261165818, 0.32512934283795425], [0.12557398874017994, 0.41639066119662727, 0.31310054157644085, 0.1449348084867519], [0.6688851735529313, 0.12886425913037441, 0.08572419746579191, 0.11652636985090244], [0.31144530476238064, 0.31935776848652253, 0.11764186455097475, 0.2515550622001221], [0.18253077778713891, 0.21458421316029389, 0.2801115690156441, 0.32277344003692304], [0.164129568414349, 0.32997146371632946, 0.11189374599060767, 0.39400522187871384], [0.11692499351233801, 0.4152012586710366, 0.2660381952455116, 0.20183555257111377], [0.17568352465192638, 0.2563710249256126, 0.18399393829311192, 0.3839515121293493], [0.2241841337909398, 0.2838564561209303, 0.2940513608871074, 0.19790804920102253], [0.1010631333844975, 0.3570714132543741, 0.21869104088907654, 0.3231744124720519], [0.18690239216114668, 0.48254313486550676, 0.12220041847739924, 0.2083540544959474], [0.19892821763305346, 0.29833899885513615, 0.3540693397604775, 0.14866344375133295], [0.32624706337465387, 0.23033388991692258, 0.17911314747662924, 0.2643058992317943], [0.14047411223661957, 0.1116968852572676, 0.07650036252674047, 0.6713286399793723], [0.15121274543244295, 0.6315871932392175, 0.07419099714592889, 0.14300906418241074], [0.2677297774687458, 0.2361204536759721, 0.13652597639448752, 0.35962379246079473], [0.21258580556327472, 0.1815435495391132, 0.4298487798430563, 0.17602186505455564], [0.15264797250423273, 0.24083008578451282, 0.31829593119893446, 0.28822601051231994], [0.17873382116278091, 0.4570450451086242, 0.12971271413204333, 0.23450841959655175], [0.4667991847436476, 0.27237792468582506, 0.08761486114634237, 0.17320802942418517], [0.21216464772845414, 0.482529455008542, 0.13038715968834436, 0.17491873757465964], [0.23647062351575207, 0.3792071184895589, 0.1079973596050403, 0.2763248983896488], [0.17121976077710382, 0.23754985019722208, 0.07954686597818167, 0.5116835230474923], [0.35999209939155163, 0.21149009533452245, 0.04942268707894527, 0.37909511819498065], [0.3039647985072067, 0.1719144870490081, 0.3163944328286183, 0.207726281615167], [0.1940639656189045, 0.22387374999760612, 0.18808352339327594, 0.3939787609902134], [0.30994272441936077, 0.17578976455244716, 0.1822454965156455, 0.3320220145125466], [0.5473595538162963, 0.3378570289332007, 0.04388573801211983, 0.0708976792383832], [0.24598541419042227, 0.33793495280170066, 0.15084827160236686, 0.26523136140551007], [0.12631169672357598, 0.5811639326270475, 0.06445195396310585, 0.22807241668627082], [0.23629875053964083, 0.3041917851838626, 0.10183626314831108, 0.3576732011281858], [0.11802477697043309, 0.2777912953866894, 0.29399422241469303, 0.3101897052281846], [0.1146395520406552, 0.1397538648553949, 0.1685926476725553, 0.5770139354313947], [0.14664390975992933, 0.13436311860542544, 0.07025808012420186, 0.6487348915104433], [0.2300230646569063, 0.19152659336305947, 0.1405552669627672, 0.43789507501726715], [0.2373655551927594, 0.2477916207035354, 0.39486352018529375, 0.1199793039184116], [0.16798247587545964, 0.34602477301656936, 0.08688417568787049, 0.39910857542010064], [0.12345669784928323, 0.275270942345727, 0.3013726414973922, 0.2998997183075976], [0.26729877752409886, 0.14440212970667657, 0.23588236460702328, 0.3524167281622012], [0.36994180224554146, 0.20098220254422403, 0.10530732520841486, 0.3237686700018197], [0.18253879198685483, 0.42914624543291396, 0.10329691311967476, 0.2850180494605564], [0.29924819375255374, 0.25185872179328644, 0.22030522046266454, 0.2285878639914952], [0.15479916887854983, 0.2999157905727628, 0.1675103211507081, 0.37777471939797924], [0.33351063405200565, 0.09431022256485012, 0.08636113396886516, 0.4858180094142791], [0.09141428461360447, 0.2315933395424066, 0.07590661377562177, 0.6010857620683672], [0.4020815243593275, 0.2306885192900325, 0.2187948303591844, 0.14843512599145553], [0.16945597136739174, 0.29839516123391613, 0.14730036428976354, 0.38484850310892865], [0.21358703470002752, 0.2937584083661533, 0.08810349772263011, 0.40455105921118895], [0.26813852553465983, 0.2533686403604995, 0.18554728840788978, 0.29294554569695086], [0.10991238211135075, 0.4606321321060028, 0.11377086222243338, 0.31568462356021304], [0.27520878688225636, 0.26958577469781486, 0.1251666182371127, 0.3300388201828161], [0.29870486579530725, 0.3471981053686293, 0.10453468341682341, 0.24956234541924008], [0.22395237154226022, 0.5139276458783205, 0.0895983643084483, 0.17252161827097104], [0.2562916780989389, 0.19350396219924187, 0.1549205375699383, 0.39528382213188107], [0.3174100455465046, 0.3632082617669925, 0.09829015944899024, 0.22109153323751285], [0.07281779508641471, 0.4245425876823069, 0.06957078418870165, 0.4330688330425767], [0.21825195595235397, 0.3400245267057278, 0.18856551795537987, 0.2531579993865384], [0.22036321290432404, 0.24761988513536454, 0.0572107053454877, 0.47480619661482365], [0.16453546324146529, 0.33955459441722896, 0.045402347482761445, 0.4505075948585442], [0.24386166516050886, 0.2786799913412106, 0.17268804579696997, 0.3047702977013106], [0.07736916184737783, 0.48348004635855185, 0.30020864794974017, 0.13894214384433004], [0.19489497730014294, 0.40602437674529007, 0.06353684687181202, 0.33554379908275495], [0.16412466287901037, 0.4943277406484672, 0.1815247402690314, 0.1600228562034911], [0.16672189478876498, 0.28431710772066204, 0.28142389368979986, 0.2675371038007731], [0.13479280223567885, 0.4207365638157003, 0.23525890806225866, 0.20921172588636203], [0.1588434038154164, 0.3264752449997245, 0.26357850027770363, 0.25110285090715545], [0.05542546552607916, 0.10109024328298968, 0.6593808791657824, 0.18410341202514888], [0.5426889885674615, 0.18032492860333355, 0.1461272468412383, 0.13085883598796652], [0.058016743697702176, 0.09008274638121642, 0.7452920253283065, 0.10660848459277485], [0.19571505298065311, 0.11902443888186824, 0.11107281059654031, 0.5741876975409383], [0.33482340823120577, 0.23803283228734054, 0.12088256948640409, 0.30626118999504964], [0.3508524694907097, 0.30114659206413374, 0.11408867906069113, 0.2339122593844655], [0.24733107679063793, 0.33628928796817636, 0.19058152181838006, 0.22579811342280579], [0.2007829370334953, 0.3432570458213716, 0.12102288643073167, 0.3349371307144013], [0.13054634827854406, 0.15938691765506985, 0.5733114167853527, 0.13675531728103335], [0.14446708449940585, 0.3620676891144011, 0.2389338325002278, 0.2545313938859655], [0.1342633389979189, 0.4192631750892211, 0.19188125428229458, 0.25459223163056544], [0.09267582865717325, 0.1987075276955983, 0.5822179098343965, 0.12639873381283195]]}, "rewritten": {"ids": ["97105451", "97105960", "97106591", "97106970", "97112300", "97116790", "98108370", "98108520", "98109230", "98110680", "98112300", "98112580", "98120010", "98121790", "99107300", "99107640", "99107660", "99107950", "99108890", "99109311", "99111000", "99112840", "100109910", "100110260", "100111080", "100111380", "100111620", "101108621", "101110740", "101112201", "102109850", "102110500", "102110690", "102114270", "102116340", "102121440", "103109021", "103109791", "103110050", "103110220", "103110760", "103111620", "103111830", "103112641", "104112201", "104113550", "104114740", "104116800", "104119290", "105112240", "105114220", "105120621", "105121190", "106113170", "106114150", "106114880", "106116441", "106116640", "106116820", "106116850", "106117770", "106118820", "106121220", "107113840", "107114280", "107115250", "107116300", "107117010", "107121230", "107121700", "108114040", "108117720", "108119330", "108120060", "108120280", "108120621", "109115070", "109116170", "109116750", "109116810", "109116930", "109118231", "109119340", "109119450", "109119591", "109120621", "110114321", "110114561", "110114720", "110114950", "110115140", "110115980", "110116170", "110116290", "110116300", "110117110", "110117140", "110118111", "110118301", "110118450", "110119891", "110120190", "110120540", "110121450", "110121500", "110121720", "111115620", "111115770", "111115780", "111116110", "111116170", "111116990", "111117120", "112116290", "112116540", "112116900", "112117210", "112117471", "112118620", "112118701", "112118890", "112119450", "112119500", "112120270", "112120990", "112121010", "112121030", "112121360", "113117630", "113118111", "113118421", "113118630", "113119340", "113120070", "113120531", "113120591", "113121220", "113121750", "113122190", "113122220", "113122320", "113122430"], "labels": [0, 2, 1, 2, 2, 2, 1, 2, 1, 2, 2, 2, 2, 2, 3, 1, 3, 1, 0, 1, 2, 2, 2, 3, 0, 3, 3, 0, 3, 0, 1, 3, 0, 3, 3, 2, 0, 3, 3, 2, 1, 0, 3, 3, 0, 1, 2, 1, 1, 1, 3, 1, 2, 0, 1, 0, 0, 3, 1, 3, 0, 3, 1, 3, 3, 2, 0, 1, 0, 3, 0, 1, 0, 1, 3, 1, 0, 0, 0, 3, 0, 1, 3, 3, 0, 1, 1, 0, 3, 0, 0, 1, 0, 2, 3, 0, 3, 1, 1, 0, 3, 3, 1, 3, 3, 3, 1, 3, 1, 3, 0, 0, 2, 0, 1, 3, 1, 3, 3, 0, 3, 3, 2, 0, 2, 2, 0, 3, 0, 1, 3, 3, 0, 2, 0, 0, 3, 0, 1, 1, 1, 2], "predicted_labels": [0, 0, 1, 2, 0, 2, 1, 3, 2, 1, 3, 1, 1, 1, 3, 1, 3, 1, 1, 1, 0, 1, 2, 3, 0, 1, 3, 1, 3, 0, 3, 3, 0, 3, 3, 0, 0, 1, 1, 2, 1, 1, 2, 0, 3, 0, 3, 0, 1, 1, 1, 1, 1, 1, 0, 1, 1, 3, 1, 0, 1, 3, 3, 1, 1, 3, 1, 1, 1, 2, 3, 0, 3, 3, 0, 1, 1, 0, 0, 1, 0, 2, 3, 3, 1, 3, 0, 0, 3, 3, 2, 1, 3, 3, 1, 1, 1, 1, 0, 0, 1, 1, 1, 1, 1, 0, 3, 0, 1, 1, 1, 3, 1, 1, 0, 1, 1, 1, 1, 1, 1, 0, 1, 1, 1, 1, 3, 3, 3, 0, 1, 1, 1, 3, 3, 3, 0, 1, 3, 0, 1, 1], "confidence_scores": [[0.3683392402925008, 0.2973617339871436, 0.12159334493757228, 0.2127056807827833], [0.3082318798824715, 0.22940376904213083, 0.197245271182119, 0.26511907989327876], [0.26026827796167573, 0.4072547203357168, 0.05599607023386949, 0.2764809314687379], [0.23909938492850616, 0.22187090000346568, 0.3218046153772875, 0.2172250996907409], [0.3599356840970316, 0.23686305354915665, 0.22392280927852318, 0.17927845307528856], [0.11694615131921225, 0.12585338438204238, 0.4424936373057711, 0.3147068269929742], [0.3430109252013557, 0.3546692339691141, 0.11475405916713084, 0.18756578166239954], [0.2624247940934343, 0.2169090975540663, 0.19288968022174488, 0.32777642813075447], [0.11251988501886823, 0.2845946744675511, 0.4529843395707792, 0.14990110094280165], [0.1976214466666226, 0.40067761539684227, 0.20489732260683724, 0.19680361532969787], [0.28938033186794443, 0.239980008378595, 0.08985590233748728, 0.3807837574159733], [0.20984941847030275, 0.31868051274890435, 0.21285218501740252, 0.2586178837633904], [0.10920648943787953, 0.3858431280947602, 0.21081033354504183, 0.29414004892231843], [0.23278355328169767, 0.3724957798283731, 0.21482675864795378, 0.1798939082419755], [0.20431431263820826, 0.16042383655836967, 0.1272062965854749, 0.5080555542179472], [0.3265626567483957, 0.4091301960933567, 0.06624665706616072, 0.19806049009208704], [0.27719098497786715, 0.18413315975867667, 0.19089529592721416, 0.3477805593362422], [0.1035049462268388, 0.5156204485299438, 0.2230785960136917, 0.1577960092295255], [0.18993212362921275, 0.34901689685551307, 0.1360228229796873, 0.3250281565355868], [0.17564206489389986, 0.5944651523813994, 0.08325806333206247, 0.1466347193926381], [0.47671764567109753, 0.3034836978868322, 0.08230422175695469, 0.13749443468511566], [0.25239357102887194, 0.3537463667932118, 0.20524078082959632, 0.18861928134832012], [0.18390051610120947, 0.2798304766881455, 0.32777979694226955, 0.20848921026837536], [0.28499189715316153, 0.2940574256425545, 0.11672486530947464, 0.3042258118948094], [0.3629090974915066, 0.22076656988417467, 0.13642592454424196, 0.2798984080800768], [0.22985638693286004, 0.31709721465620266, 0.22775229333225708, 0.22529410507868053], [0.15892877496187327, 0.21636079056922947, 0.11552654017068589, 0.5091838942982114], [0.342958783053412, 0.3434186843034954, 0.053886898420587394, 0.25973563422250523], [0.149989461549998, 0.3471681900876099, 0.13930596113802604, 0.363536387224366], [0.48595571608389077, 0.2227281695004505, 0.08123090763804185, 0.21008520677761688], [0.10226318296070702, 0.257593971569452, 0.2655132109936241, 0.3746296344762168], [0.24317562517884733, 0.14517427635517188, 0.20793711153985073, 0.4037129869261301], [0.30680922380899234, 0.2505833430779924, 0.24271634088732913, 0.19989109222568618], [0.1528262176044908, 0.32638687185242626, 0.13830997906020767, 0.38247693148287554], [0.12781646744839323, 0.27436161750583593, 0.22742723642753154, 0.3703946786182394], [0.38431359958319683, 0.340223816450649, 0.08098347914932104, 0.19447910481683323], [0.33886564699547883, 0.2822712679681473, 0.12085818536441986, 0.258004899671954], [0.23243213670688764, 0.315578780296645, 0.19383745646169379, 0.2581516265347736], [0.2709562942124516, 0.34026678881740263, 0.18693490101831975, 0.20184201595182602], [0.13801625204580906, 0.2456966784841158, 0.411291233824384, 0.20499583564569113], [0.24093106689154778, 0.29628914893522024, 0.2801954360585445, 0.18258434811468763], [0.1037093658844311, 0.4192914733215183, 0.2713310737969389, 0.20566808699711184], [0.19868354247865067, 0.15469761842126759, 0.37663709432967785, 0.269981744770404], [0.32499972346667133, 0.2687446060991064, 0.12992352017516545, 0.27633215025905683], [0.30995740212074324, 0.2045097580022433, 0.09587716109994106, 0.3896556787770724], [0.40368903643497706, 0.25518592498996256, 0.17159142729858037, 0.16953361127647992], [0.21256257491626465, 0.2529314051795882, 0.2248862547134385, 0.30961976519070866], [0.5293022596091521, 0.2833914051131703, 0.06036681490259123, 0.12693952037508646], [0.2711127021543973, 0.3719043408640949, 0.09877183449007919, 0.2582111224914287], [0.1507345425759032, 0.6709942596878968, 0.07436597351574246, 0.10390522422045745], [0.16177490344229273, 0.44769987950352613, 0.2688175288819339, 0.12170768817224714], [0.2667414758057959, 0.3261369664480332, 0.09509551279069144, 0.31202604495547964], [0.13179276971287332, 0.5585095035498434, 0.08558470001061129, 0.22411302672667208], [0.1739532605926013, 0.337320676014944, 0.1612288448081316, 0.3274972185843232], [0.5304329418515429, 0.2240862474218968, 0.11963555669502854, 0.12584525403153174], [0.1725901839317682, 0.44803595507494887, 0.10222670330549716, 0.27714715768778586], [0.20483304504836697, 0.42979774392083353, 0.09609851213530261, 0.2692706988954969], [0.2253717688246129, 0.26190655543310337, 0.1512006757153369, 0.3615210000269469], [0.2071301983643726, 0.3682660107472072, 0.1597949071430873, 0.2648088837453329], [0.5214532885405776, 0.26311112931426256, 0.10362230129665818, 0.11181328084850181], [0.16554209243596807, 0.40432842535669117, 0.19789605760895707, 0.2322334245983836], [0.14904499912704888, 0.2885526742661476, 0.1964552195958446, 0.3659471070109591], [0.14896867069853112, 0.29268195671895814, 0.15034576181679588, 0.4080036107657149], [0.13756187511825851, 0.5345013472592042, 0.10380897730902401, 0.22412780031351334], [0.24896248337244528, 0.4271444466860761, 0.17468318011271688, 0.14920988982876177], [0.18592066541816937, 0.2735815677555016, 0.1584888452340284, 0.38200892159230077], [0.103641164399212, 0.7080451912609779, 0.06440610456375517, 0.12390753977605498], [0.14388563660163725, 0.38993984513144486, 0.28913696953302687, 0.17703754873389105], [0.13399367065416326, 0.4720081277247679, 0.1287008013919658, 0.26529740022910314], [0.09145740812796002, 0.14013377769737023, 0.6677004447332759, 0.10070836944139377], [0.13232699869254322, 0.25195520316570136, 0.12975153952400723, 0.4859662586177483], [0.3026951833222696, 0.27985905484125156, 0.17512100044270454, 0.2423247613937744], [0.15422180791100662, 0.32242016104936816, 0.1979469244700691, 0.32541110656955613], [0.22895201221274175, 0.256440909821455, 0.2527438031045505, 0.26186327486125266], [0.5009990909533958, 0.17252719474996014, 0.07931525383669392, 0.2471584604599501], [0.22816330895326975, 0.4974318245717894, 0.06859672508338006, 0.20580814139156084], [0.3325540540608312, 0.33376962989469416, 0.10848888955334954, 0.22518742649112505], [0.3163122378794597, 0.23011365659514404, 0.1529472833104499, 0.30062682221494635], [0.45681008941481555, 0.19623402330596248, 0.16836076986811924, 0.17859511741110276], [0.27553229557761544, 0.44722389255795014, 0.08532216810920769, 0.19192164375522683], [0.4020635283572806, 0.2293999911499248, 0.12173991151539412, 0.24679656897740052], [0.20891906221628587, 0.2635772782301324, 0.35680592931641475, 0.17069773023716703], [0.3178456988341678, 0.23367995837457028, 0.11213584284166642, 0.33633849994959547], [0.11004179638806559, 0.32423442945027137, 0.16178602592732308, 0.4039377482343402], [0.31407238579092256, 0.3849286288310116, 0.05856773055620199, 0.2424312548218639], [0.34946364261474566, 0.17337287522334455, 0.11461628170504484, 0.362547200456865], [0.4372410597477439, 0.22414037524398878, 0.07476633171113291, 0.2638522332971343], [0.4955915241930493, 0.17111104840369384, 0.09612178194554592, 0.237175645457711], [0.26270840660823425, 0.23236252850910158, 0.09189909077927162, 0.41302997410339254], [0.23734582445946345, 0.27122534495270356, 0.21328432727775595, 0.27814450331007723], [0.12414693683355134, 0.1271611746048206, 0.4390888576576951, 0.3096030309039329], [0.2432743518441302, 0.3723312804405399, 0.12731173050421996, 0.25708263721110997], [0.1596261197207294, 0.2513703064659993, 0.09368336000197129, 0.49532021381130004], [0.2007615372035477, 0.2588189601797953, 0.17665675554644256, 0.36376274707021455], [0.1316132466073602, 0.40710223353503455, 0.1544577255194655, 0.30682679433813986], [0.17543593727872508, 0.35987758672014697, 0.1223553205997351, 0.3423311554013929], [0.29804939349287646, 0.30935840155142547, 0.13500762910728845, 0.25758457584840966], [0.2127183213490434, 0.3706929223690992, 0.11826219370720725, 0.2983265625746503], [0.4175405527119474, 0.17533289792024262, 0.21049038726734623, 0.19663616210046359], [0.34426367475926256, 0.2784903183282648, 0.265831564470507, 0.11141444244196562], [0.19812319810062032, 0.33608429099371956, 0.19282141702989491, 0.2729710938757653], [0.13352629046308254, 0.4417618335440359, 0.1893163853285224, 0.2353954906643592], [0.1818797629279681, 0.34747649222150523, 0.12727579285739277, 0.343367951993134], [0.14630455807980705, 0.6110866179399713, 0.07178284489110603, 0.1708259790891156], [0.23773358888820678, 0.27067894292022904, 0.252382735085605, 0.23920473310595922], [0.40748430028398047, 0.33752222181282887, 0.08095052628061358, 0.17404295162257727], [0.16447136687231448, 0.16748322105170846, 0.22446235388423907, 0.443583058191738], [0.3213163103025771, 0.25333725177815375, 0.15498303390369775, 0.27036340401557146], [0.17717130826778046, 0.3924427233900302, 0.24641273458657442, 0.183973233755615], [0.241682449864246, 0.3827903447229425, 0.13776825121827554, 0.23775895419453594], [0.15163760373674381, 0.43320426607274704, 0.13633002111326192, 0.2788281090772473], [0.34004368009148844, 0.1571692656699397, 0.15529258408282598, 0.3474944701557459], [0.1729440958260118, 0.5213933679353374, 0.11690693130832985, 0.18875560493032098], [0.2614039721050816, 0.332278907834648, 0.22682270674334962, 0.17949441331692081], [0.3868622599955875, 0.1698961601085573, 0.1610271305033814, 0.28221444939247375], [0.12625867492857382, 0.3890653522359546, 0.12570458582806468, 0.35897138700740705], [0.2750061724136251, 0.4896853496219992, 0.07630058252130532, 0.1590078954430705], [0.16669013436351401, 0.45127111166168565, 0.10797830237358386, 0.2740604516012166], [0.1696931042947984, 0.41954414483897906, 0.1449202957089, 0.2658424551573226], [0.2076612071713116, 0.382913453257651, 0.11371047674914486, 0.2957148628218925], [0.2993310351628442, 0.32334486423159137, 0.12385878791863807, 0.25346531268692624], [0.47216906367876266, 0.16047822579331303, 0.13849436494928635, 0.2288583455786381], [0.13929145070633905, 0.4732341406579911, 0.1823039894159131, 0.20517041921975673], [0.26411749846697397, 0.5270604870407223, 0.05814771112775668, 0.15067430336454699], [0.14658707704179663, 0.4858708126005204, 0.19001889964803761, 0.17752321070964552], [0.26009969424517826, 0.4251635933516677, 0.13379360368459264, 0.18094310871856165], [0.29430730307361636, 0.0967394473181199, 0.06912011282234246, 0.5398331367859214], [0.288824460868341, 0.24594715829427724, 0.14834453182085827, 0.3168838490165236], [0.21634859187940178, 0.2502230818699057, 0.174499333373482, 0.35892899287721053], [0.36324803345428114, 0.2430694531561306, 0.14464608406429968, 0.24903642932528863], [0.30309136750120774, 0.3251545524125951, 0.10348961275555892, 0.2682644673306383], [0.12220124239906746, 0.4106225743500285, 0.2226464105260268, 0.24452977272487725], [0.2154567639003525, 0.4091078475712547, 0.09301739408119203, 0.2824179944472009], [0.15913051059337943, 0.350789796983231, 0.12346493480384298, 0.3666147576195467], [0.26085500735061334, 0.14645362254440197, 0.24385431363174814, 0.34883705647323654], [0.2880945426073372, 0.19232966172149069, 0.17526677324694978, 0.3443090224242223], [0.40456203932536366, 0.1489342271016836, 0.1949646686336207, 0.25153906493933215], [0.24198562477546204, 0.41585821111585036, 0.14251205715480042, 0.19964410695388715], [0.29563786655832236, 0.253452579709639, 0.13564855976264745, 0.31526099396939117], [0.6857682115117172, 0.10911231363700316, 0.09788899772034972, 0.10723047713092988], [0.15857089598880833, 0.3904647273018, 0.07422460682674047, 0.3767397698826512], [0.08107388237638002, 0.45642550672054344, 0.31937341451812706, 0.14312719638494933]]}}