{"test": {"ids": ["108118060", "105116860", "107121700", "106121220", "101116130", "106120290", "112118860", "99111340", "108117610", "106116120", "107116980", "100111380", "111117120", "111117000", "108118520", "97116800", "102108621", "113122650", "112116401", "109117600", "107113360", "112120540", "105112260", "107114110", "109119010", "106117790", "108113480", "112118880", "101112540", "109121640", "109114651", "106114150", "99107500", "97106000", "104113240", "98112170", "111115620", "110118930", "106117770", "110118111", "100116790", "113122220", "103113170", "108114220", "110117140", "98120530", "105115250", "104111620", "106114321", "98111670", "101112160", "111119430", "97107681", "113121680", "112121351", "109114720", "111119300", "104119340", "97112170", "113118490", "108114040", "109115220", "107116300", "99111620", "99108520", "98111620", "113120540", "107117630", "109115380", "112118421", "100109801", "100109330", "101108080", "104111780", "113121950", "107121230", "112116850", "99109141", "100108580", "103118291", "110121500", "104111380", "109120150", "100109980", "110114561", "108118810", "99110730", "110115580", "98107010", "107119950", "98106560", "107115140", "102110500", "103112641", "112120990", "102112250", "109119340", "105120280", "110114651", "112120640", "107114780", "111119930", "113118870", "112119930", "111114321", "101114020", "109116930", "112119120", "112117210", "99107640", "113118511", "108113740", "107114950", "107118820", "104111711", "97116500", "106114880", "112117461", "97107920", "99107950", "112118620", "110120190", "112118161", "102110240", "107117010", "101111310", "100108080", "111116110", "110117200", "112116290", "106113260", "111114171", "110120700", "98117740", "110120540", "98108370", "113118690", "97112290", "101115190", "113119930", "113121220", "97107260"], "labels": [1, 2, 3, 1, 2, 2, 3, 1, 3, 1, 3, 3, 2, 0, 0, 0, 3, 2, 0, 1, 0, 3, 3, 1, 3, 1, 0, 1, 2, 0, 3, 1, 0, 0, 2, 3, 1, 1, 0, 1, 2, 1, 3, 3, 3, 1, 2, 0, 2, 1, 3, 3, 3, 1, 0, 0, 1, 1, 0, 1, 0, 3, 0, 3, 2, 3, 3, 0, 3, 3, 0, 0, 0, 3, 3, 0, 0, 3, 0, 0, 3, 3, 2, 1, 0, 1, 3, 1, 3, 3, 1, 0, 3, 3, 2, 0, 3, 3, 3, 0, 2, 1, 0, 1, 1, 3, 0, 1, 1, 1, 1, 3, 3, 3, 1, 2, 0, 0, 0, 1, 3, 3, 0, 3, 1, 3, 0, 3, 3, 0, 3, 3, 2, 2, 1, 1, 3, 1, 1, 1, 3, 2], "predicted_labels": [1, 1, 1, 0, 3, 1, 0, 3, 3, 1, 0, 0, 1, 3, 1, 0, 3, 3, 0, 0, 0, 3, 3, 3, 3, 2, 3, 1, 2, 1, 0, 3, 1, 3, 1, 3, 0, 1, 3, 1, 0, 1, 1, 1, 3, 3, 0, 0, 1, 3, 2, 1, 2, 3, 0, 2, 3, 3, 1, 0, 2, 3, 1, 3, 2, 2, 0, 0, 1, 0, 1, 0, 1, 1, 1, 1, 3, 0, 2, 1, 0, 0, 2, 0, 1, 3, 3, 0, 0, 3, 3, 3, 3, 2, 1, 3, 3, 1, 3, 2, 0, 0, 0, 1, 1, 3, 2, 3, 1, 3, 0, 0, 3, 0, 2, 2, 2, 3, 0, 2, 0, 0, 3, 1, 2, 1, 1, 3, 3, 0, 1, 3, 1, 3, 1, 2, 1, 1, 1, 0, 3, 2], "confidence_scores": [[0.2694331433777026, 0.3027827823786962, 0.16880737592119108, 0.2589766983224102], [0.2774377589734476, 0.2961860759619592, 0.13880029780167913, 0.28757586726291373], [0.22671700457959237, 0.30677702597195633, 0.20001964076277465, 0.26648632868567707], [0.2822690492959877, 0.26580369652532027, 0.1773822870879334, 0.2745449670907584], [0.17885415893963347, 0.27641082534661826, 0.2649102063582807, 0.27982480935546755], [0.18385870241231989, 0.3047856657733425, 0.3068889587365977, 0.2044666730777398], [0.2881569382182593, 0.2677222286109709, 0.16894308807779312, 0.2751777450929766], [0.14319662221000803, 0.2968871289400186, 0.29855404162386834, 0.26136220722610504], [0.24546342601129806, 0.3058848072568659, 0.12430540044003163, 0.3243463662918043], [0.2333450788880793, 0.29879742504835377, 0.19784263219760395, 0.2700148638659631], [0.3306810227334404, 0.294989825314294, 0.13313532477044873, 0.24119382718181706], [0.32341335494226275, 0.28499981537308583, 0.08044937937991398, 0.3111374503047375], [0.2370052245002988, 0.3336236258385015, 0.14876808906946024, 0.28060306059173895], [0.2513117418292086, 0.2873357008750852, 0.18316875918534317, 0.27818379811036276], [0.23472791219779185, 0.3475984329729247, 0.19653777289798824, 0.22113588193129524], [0.3097822521195157, 0.2538127472029536, 0.18600705994202502, 0.25039794073550564], [0.29392689599889027, 0.25075518696986226, 0.15265544113149032, 0.30266247589975726], [0.24153053178892953, 0.28484014745717434, 0.18066618952359123, 0.2929631312303049], [0.36125160800000655, 0.23250691819678523, 0.08002672068432448, 0.3262147531188835], [0.31447472505734847, 0.28182363975391717, 0.11067505148865137, 0.2930265837000832], [0.2986411377805253, 0.26836462512157244, 0.12798796891312356, 0.3050062681847786], [0.293749215411292, 0.2958889637670843, 0.08989580371745445, 0.3204660171041692], [0.2428761848449052, 0.2724530310239755, 0.20727831230318702, 0.27739247182793253], [0.23356367298409994, 0.2335572618675259, 0.21206981233233213, 0.32080925281604195], [0.19757208284783145, 0.2873717474080129, 0.24744953056553867, 0.2676066391786171], [0.2036623929353335, 0.2929355212607432, 0.31330949333907243, 0.19009259246485072], [0.26354812991047094, 0.25466716717523874, 0.19539874363651744, 0.28638595927777294], [0.20570614128739279, 0.2985252573047214, 0.2294548898988479, 0.26631371150903804], [0.18286666596563056, 0.2871972334976386, 0.2838374201273952, 0.24609868040933572], [0.2262300468222933, 0.3009381238901625, 0.2265287082583015, 0.24630312102924284], [0.30815022378400564, 0.21998532713393568, 0.18139270620209783, 0.29047174287996097], [0.2457567316392478, 0.267413936482993, 0.2093961526816664, 0.27743317919609267], [0.18244641594526645, 0.32196805492212155, 0.226004712760902, 0.26958081637170983], [0.125834898668563, 0.30819158027262405, 0.2684635576913218, 0.29750996336749125], [0.19763417296671076, 0.3583416870535798, 0.2665265489157577, 0.17749759106395172], [0.2365897651805459, 0.27863343037971816, 0.202112625612045, 0.2826641788276913], [0.30005506330797255, 0.27919016462781776, 0.1759159914297474, 0.24483878063446227], [0.23402235762350956, 0.3360821996520926, 0.1372040366946165, 0.29269140602978166], [0.21000989453628677, 0.27949144674863136, 0.23347560209341386, 0.27702305662166793], [0.2473509064546184, 0.3303282740929258, 0.13547065012449677, 0.28685016932795904], [0.2661618560728882, 0.27795624307621436, 0.20184735899383055, 0.25403454185706686], [0.2405910638533313, 0.3047454224613114, 0.17509948395923905, 0.2795640297261186], [0.1495200284754944, 0.331520922143128, 0.28873837942343145, 0.2302206699579461], [0.17298070704492005, 0.3223741667444917, 0.29865411903161865, 0.20599100717896915], [0.24266972147529225, 0.2707637220412117, 0.20595099243331158, 0.2806155640501846], [0.31765096377482355, 0.26339710854679227, 0.10032780654362214, 0.3186241211347622], [0.30679917968072584, 0.2949479744527207, 0.17862966645076916, 0.21962317941578474], [0.3306908994696249, 0.2444148599713219, 0.11282371753439435, 0.31207052302465893], [0.23416050812299904, 0.29989910548528675, 0.23662177915466184, 0.22931860723705208], [0.19134980082623834, 0.25828144743905845, 0.265117845779044, 0.2852509059556591], [0.1497084647751603, 0.2664808794859507, 0.3243211778839688, 0.25948947785491994], [0.19397913961458263, 0.33954806476822397, 0.20748166258482068, 0.2589911330323726], [0.13180953908279908, 0.2354878182447784, 0.37920453733483406, 0.25349810533758815], [0.22729433284633524, 0.31732909584778396, 0.1581340522723583, 0.2972425190335226], [0.34353457604062765, 0.23669435396087082, 0.08518989551351636, 0.3345811744849853], [0.12908250482771771, 0.2986441539964882, 0.34608251076297863, 0.2261908304128158], [0.2725624651558659, 0.2762779573013376, 0.12751402681391308, 0.3236455507288834], [0.2351650582491051, 0.3066522921843926, 0.14105297531070943, 0.31712967425579286], [0.26464318328788927, 0.2928701124250653, 0.17115665497856244, 0.27133004930848303], [0.3162450350124041, 0.2788705874531253, 0.11643263465858658, 0.2884517428758839], [0.12611323253913623, 0.3000993649878793, 0.3207975284709085, 0.25298987400207623], [0.23909842351896532, 0.2614887064582811, 0.18383858080382987, 0.31557428921892394], [0.2322284078477454, 0.3030864208163816, 0.21586462341546492, 0.24882054792040798], [0.19345046949170774, 0.29825646237939857, 0.2317397168106605, 0.2765533513182334], [0.13368701177358575, 0.3251019215656991, 0.3976116048761254, 0.14359946178458993], [0.12348807728272161, 0.3066907363910813, 0.3933529369186508, 0.17646824940754602], [0.3537993977813481, 0.24143995053075049, 0.07007867482423459, 0.3346819768636668], [0.25233673692809766, 0.2439753013416813, 0.24973273131477247, 0.2539552304154486], [0.1622142265612941, 0.3470637741530415, 0.23293829117702036, 0.25778370810864387], [0.326313129566782, 0.2680245496361089, 0.09489281315806514, 0.31076950763904404], [0.2670789431347495, 0.3098476005548066, 0.1307963807735032, 0.29227707553694093], [0.27210355214420645, 0.2785864965438822, 0.15635815594295588, 0.29295179536895527], [0.27475450339063884, 0.31286578354424344, 0.12878944993979868, 0.28359026312531915], [0.21114143459479237, 0.36911436976619033, 0.17667895969270245, 0.24306523594631502], [0.19296250705097856, 0.2973877504355677, 0.26750279737320476, 0.2421469451402488], [0.18171796806557244, 0.3285741488192506, 0.20955797108039134, 0.28014991203478556], [0.23649621453513084, 0.2753980299345976, 0.19002570225644883, 0.29808005327382303], [0.28112021435542894, 0.283617335984962, 0.17026132907871785, 0.26500112058089104], [0.1720934984042334, 0.24918841215920118, 0.40026077326417453, 0.1784573161723902], [0.24257744432073125, 0.31112236108146196, 0.1832598939045306, 0.2630403006932764], [0.3009171768428834, 0.29531975890366574, 0.11867846452170647, 0.28508459973174416], [0.2839304819984006, 0.2618366926644722, 0.23867388779385934, 0.21555893754326788], [0.14266744247122892, 0.25777324218435843, 0.4159274796076302, 0.18363183573678263], [0.2729979834010766, 0.2679546084344436, 0.18446722165607082, 0.274580186508409], [0.2691704643556133, 0.29261881411599877, 0.1669524563496127, 0.2712582651787756], [0.28943277420232855, 0.28161928234411693, 0.09810838416609678, 0.33083955928745784], [0.2162236041903723, 0.2700561478026767, 0.22948643625714454, 0.28423381174980666], [0.26521871685009785, 0.2640832858930831, 0.23741952992973614, 0.23327846732708277], [0.2701917153879867, 0.2780895685179997, 0.1939299023171787, 0.2577888137768346], [0.23614931446397466, 0.29237521496338215, 0.1866501203407685, 0.2848253502318744], [0.28413968484941327, 0.242272286510348, 0.1841248512594599, 0.28946317738077865], [0.2550437677057605, 0.23053566773650014, 0.1774787599007593, 0.33694180465697987], [0.25800767232902116, 0.24570913300756306, 0.21845454218461144, 0.27782865247880456], [0.1946359287540757, 0.2828874283284276, 0.29297655525668753, 0.2295000876608091], [0.2732930579633451, 0.31704467916993884, 0.128510501674776, 0.2811517611919406], [0.22227893908078636, 0.2357823351406372, 0.27619217096076426, 0.26574655481781223], [0.24723801708565188, 0.2615988649931534, 0.21590613625479071, 0.27525698166640383], [0.1410092798599393, 0.3173985915528168, 0.31006549737857225, 0.23152663120867134], [0.28299897164579396, 0.29231798625539196, 0.12715386850666344, 0.29752917359215064], [0.22657125172860093, 0.255480550436999, 0.26165090885281594, 0.25629728898158427], [0.28822806435282305, 0.2861551445945734, 0.19839601129112308, 0.22722077976148053], [0.306030526603717, 0.2702362218760753, 0.16248565185506847, 0.26124759966513916], [0.2997874267549878, 0.30591894596567243, 0.09319172656260878, 0.30110190071673043], [0.19449663932629568, 0.3223430452302294, 0.21917304840814858, 0.2639872670353264], [0.19100687252419588, 0.35061166740392796, 0.2617778474269701, 0.19660361264490586], [0.2680318261777002, 0.27410338807370493, 0.18507082914613404, 0.27279395660246075], [0.22113916893367327, 0.2322410935828097, 0.3279336499533506, 0.21868608753016702], [0.25704904623119357, 0.21896759982747627, 0.2588163216755514, 0.265167032265779], [0.1604238621836494, 0.3247778235651946, 0.3256434655656345, 0.18915484868552154], [0.21167530200427312, 0.26864279933393936, 0.19423074299144805, 0.3254511556703395], [0.2649735307477501, 0.27389677075615426, 0.19877777793787924, 0.26235192055821654], [0.3524271394971292, 0.22413394450713514, 0.117770215559298, 0.3056687004364378], [0.2635370066321867, 0.2571466181751532, 0.1980618065981674, 0.28125456859449266], [0.2768897048482947, 0.2756452878086028, 0.14392112961874304, 0.30354387772435965], [0.15620559320611366, 0.2768155894422255, 0.3839311266988123, 0.18304769065284854], [0.15598171644817643, 0.2941735800351154, 0.361069750427135, 0.18877495308957337], [0.197377401150776, 0.321569237384137, 0.3137993977615394, 0.16725396370354734], [0.34388291187152037, 0.24182387845971137, 0.08132895044515044, 0.3329642592236178], [0.3369435137047805, 0.22885637918573826, 0.1250639754258268, 0.3091361316836544], [0.0850609251153617, 0.3254516973326723, 0.338920645189498, 0.25056673236246824], [0.32270202920016905, 0.2657798038957689, 0.0901802793218017, 0.32133788758226045], [0.3004160825637939, 0.29725909090088615, 0.06907285920674254, 0.33325196732857754], [0.2996828727364623, 0.2779208637302311, 0.11433860657397633, 0.3080576569593299], [0.22862040287174226, 0.2952879605510829, 0.23154574447683174, 0.2445458921003429], [0.10868794842923248, 0.3004987702611504, 0.41811282371126796, 0.1727004575983491], [0.2670298404694224, 0.3221057566311251, 0.1660996636988235, 0.2447647392006291], [0.20864101628726264, 0.3568415137119247, 0.1504480123061498, 0.2840694576946628], [0.25229115053045853, 0.26218700930583727, 0.18215749941673268, 0.3033643407469713], [0.28837908218451197, 0.2643037747602289, 0.13825394777958613, 0.30906319527567294], [0.3227182218913757, 0.2697523291753028, 0.10703737386669689, 0.30049207506662473], [0.2859342809435737, 0.3093920634736314, 0.16116429900568113, 0.24350935657711376], [0.30635327747645674, 0.28364374058958663, 0.07685976117675943, 0.33314322075719743], [0.256130637593744, 0.29505054163377903, 0.17123570715154285, 0.2775831136209343], [0.1586231858748256, 0.28631114215318876, 0.2890417752991057, 0.26602389667287973], [0.16504136403759356, 0.39744336664849206, 0.23420829642705707, 0.20330697288685745], [0.08467248203139469, 0.29286579073441255, 0.4479769010570507, 0.174484826177142], [0.28601580035271995, 0.3013259863571581, 0.12049295134094981, 0.2921652619491721], [0.21220853665309009, 0.3000800993566946, 0.22988809671320168, 0.2578232672770135], [0.13630475486275512, 0.36054307394428714, 0.30250927365681723, 0.20064289753614065], [0.2928688610358447, 0.28572331281561003, 0.13007996849215847, 0.29132785765638675], [0.28857020901321295, 0.24654306268065151, 0.13717855935176734, 0.32770816895436833], [0.06749974968089144, 0.26175026092338954, 0.5353926062353095, 0.13535738316040935]]}, "rewritten": {"ids": ["97106000", "97107260", "97107681", "97107920", "97112170", "97112290", "97116500", "97116800", "98106560", "98107010", "98108370", "98111620", "98111670", "98112170", "98117740", "98120530", "99107500", "99107640", "99107950", "99108520", "99109141", "99110730", "99111340", "99111620", "100108080", "100108580", "100109330", "100109801", "100109980", "100111380", "100116790", "101108080", "101111310", "101112160", "101112540", "101114020", "101115190", "101116130", "102108621", "102110240", "102110500", "102112250", "103112641", "103113170", "103118291", "104111380", "104111620", "104111711", "104111780", "104113240", "104119340", "105112260", "105115250", "105116860", "105120280", "106113260", "106114150", "106114321", "106114880", "106116120", "106117770", "106117790", "106120290", "106121220", "107113360", "107114110", "107114780", "107114950", "107115140", "107116300", "107116980", "107117010", "107117630", "107118820", "107119950", "107121230", "107121700", "108113480", "108113740", "108114040", "108114220", "108117610", "108118060", "108118520", "108118810", "109114651", "109114720", "109115220", "109115380", "109116930", "109117600", "109119010", "109119340", "109120150", "109121640", "110114561", "110114651", "110115580", "110117140", "110117200", "110118111", "110118930", "110120190", "110120540", "110120700", "110121500", "111114171", "111114321", "111115620", "111116110", "111117000", "111117120", "111119300", "111119430", "111119930", "112116290", "112116401", "112116850", "112117210", "112117461", "112118161", "112118421", "112118620", "112118860", "112118880", "112119120", "112119930", "112120540", "112120640", "112120990", "112121351", "113118490", "113118511", "113118690", "113118870", "113119930", "113120540", "113121220", "113121680", "113121950", "113122220", "113122650"], "labels": [0, 2, 3, 0, 0, 1, 2, 0, 1, 3, 1, 3, 1, 3, 2, 1, 0, 1, 1, 2, 3, 3, 1, 3, 0, 0, 0, 0, 1, 3, 2, 0, 3, 3, 2, 3, 1, 2, 3, 3, 3, 0, 3, 3, 0, 3, 0, 1, 3, 2, 1, 3, 2, 2, 3, 3, 1, 2, 0, 1, 0, 1, 2, 1, 0, 1, 2, 3, 0, 0, 3, 1, 0, 3, 3, 0, 3, 0, 3, 0, 3, 3, 1, 0, 1, 3, 0, 3, 3, 0, 1, 3, 3, 2, 0, 0, 3, 1, 3, 3, 1, 1, 3, 1, 2, 3, 3, 1, 1, 3, 0, 2, 1, 3, 1, 0, 0, 0, 1, 0, 0, 3, 3, 3, 1, 1, 1, 3, 0, 2, 0, 1, 1, 3, 0, 1, 3, 3, 1, 3, 1, 2], "predicted_labels": [3, 2, 3, 0, 0, 3, 1, 0, 0, 0, 2, 2, 3, 3, 3, 3, 3, 3, 3, 2, 0, 3, 2, 3, 1, 2, 3, 1, 3, 0, 0, 1, 0, 3, 1, 0, 1, 3, 3, 1, 3, 3, 3, 1, 1, 0, 0, 0, 1, 1, 3, 3, 0, 3, 1, 1, 0, 1, 1, 3, 3, 1, 1, 0, 3, 3, 0, 3, 3, 0, 0, 2, 0, 3, 3, 3, 1, 3, 0, 1, 1, 3, 0, 1, 3, 0, 3, 3, 1, 2, 0, 3, 3, 2, 0, 0, 0, 3, 3, 3, 1, 1, 0, 1, 1, 0, 3, 1, 0, 3, 1, 1, 3, 1, 0, 0, 0, 3, 1, 0, 0, 0, 0, 3, 1, 3, 1, 0, 3, 1, 0, 0, 0, 1, 0, 0, 0, 3, 3, 1, 1, 3], "confidence_scores": [[0.20903242583315193, 0.27884762904648913, 0.21439892437669184, 0.297721020743667], [0.08332376223456414, 0.2608591659067965, 0.498754262994374, 0.15706280886426532], [0.15305249811723198, 0.24681290681521112, 0.32838782536127564, 0.27174676970628137], [0.3376946059756764, 0.23891454951205737, 0.10904270492249674, 0.3143481395897694], [0.2855841543172795, 0.28013633023445406, 0.14840939017334495, 0.2858701252749215], [0.26159149199219667, 0.2870534044357863, 0.16966126421921726, 0.2816938393527994], [0.18934087243204176, 0.30379398611139813, 0.2875680660422967, 0.21929707541426335], [0.3170943140382174, 0.2540864091945108, 0.1695469284228688, 0.2592723483444027], [0.2525793349418873, 0.2478860423986808, 0.25153814452813705, 0.2479964781312949], [0.28547820493296233, 0.2747143810249381, 0.17371932986505256, 0.2660880841770466], [0.12143041548390869, 0.28101231874171667, 0.42009140970026443, 0.17746585607411042], [0.14469823241418348, 0.2979896568753522, 0.35540995508551376, 0.20190215562495034], [0.18020692640950756, 0.26976989910796195, 0.246189256004893, 0.3038339184776376], [0.27255409043524675, 0.271589317789812, 0.15686322426937757, 0.2989933675055636], [0.17224624113235776, 0.2719132320983819, 0.2768173575430736, 0.2790231692261866], [0.3217839144696086, 0.25988099635216927, 0.0934705734769374, 0.32486451570128466], [0.19917947103068623, 0.31497282642291113, 0.19858081957194043, 0.28726688297446223], [0.23975129780956553, 0.2624972357234313, 0.17065415882198076, 0.3270973076450224], [0.11215062609375574, 0.33309079221131016, 0.27279851630293955, 0.28196006539199453], [0.1392552916610169, 0.321749851266234, 0.38936964279940506, 0.14962521427334416], [0.2756562642705803, 0.2897490644077333, 0.16810958570091702, 0.26648508562076934], [0.19853350740681058, 0.2707300375711702, 0.23654973822618203, 0.2941867167958372], [0.13426533918227399, 0.29894169259039904, 0.32675438076125063, 0.2400385874660759], [0.1996348243302958, 0.2910350611339666, 0.21513599853230064, 0.29419411600343676], [0.24846955214995414, 0.34293812115292527, 0.1076531540088037, 0.30093917268831694], [0.18040748035977155, 0.2660629021940315, 0.3467338174434616, 0.2067958000027354], [0.28520269934539966, 0.26224667366395665, 0.15032386223578334, 0.30222676475486054], [0.27221605787616454, 0.31039061453098193, 0.11769439864232005, 0.29969892895053335], [0.2226200669331159, 0.28966410951285654, 0.19113998265511983, 0.2965758408989078], [0.32232190074953115, 0.2850187718909145, 0.0790157092538828, 0.31364361810567176], [0.27702300696042365, 0.26539674909735395, 0.19184792535408354, 0.26573231858813867], [0.279562551581928, 0.3084476002982942, 0.12908428593050802, 0.28290556218926977], [0.2923433360643019, 0.309985310273788, 0.13735610399327608, 0.26031524966863384], [0.15790453006346963, 0.2647827863541729, 0.3077047921444087, 0.2696078914379487], [0.20296452338050647, 0.2987548662896914, 0.23844963230710411, 0.2598309780226981], [0.2792576830211831, 0.2627483951580177, 0.16939165129068856, 0.2886022705301106], [0.1664306140416975, 0.35254345228395684, 0.2752047228371301, 0.20582121083721563], [0.2586449864910132, 0.2575474056729258, 0.1749076955615488, 0.30889991227451224], [0.20168927577527296, 0.29698867195883233, 0.19356347966407528, 0.3077585726018195], [0.2577834620050474, 0.284835747901224, 0.19800076314053217, 0.2593800269531965], [0.2890961011905468, 0.2526050377583116, 0.14953337620358415, 0.3087654848475574], [0.22214764349978156, 0.24015556135940316, 0.25800523483206056, 0.27969156030875486], [0.2161042854502254, 0.28586890512914137, 0.23209446225661995, 0.2659323471640132], [0.15397778481218066, 0.33435144905273545, 0.265704912231221, 0.24596585390386283], [0.2778885177531965, 0.3061591227623511, 0.14017828026365453, 0.2757740792207977], [0.2726667811262917, 0.2731205191450072, 0.24521380598716477, 0.20899889374153638], [0.32497169734855524, 0.2590533388048429, 0.10415535483273575, 0.31181960901386635], [0.26216287020282547, 0.2911572812990225, 0.2090798756256152, 0.2375999728725365], [0.22173646139567119, 0.35208104490212916, 0.16422631383299774, 0.26195617986920205], [0.19797129439936592, 0.35551203143718907, 0.2458594172530469, 0.20065725691039804], [0.250230399324126, 0.2936090579421068, 0.1387228758330585, 0.3174376669007087], [0.20250906478000005, 0.28384311339837154, 0.2331362265840889, 0.2805115952375395], [0.2994740574604761, 0.2806894256692886, 0.195201570988668, 0.22463494588156716], [0.29246694644209864, 0.2824288620035274, 0.12548409333737537, 0.2996200982169984], [0.22456751086818827, 0.3040184703097971, 0.21642896311482865, 0.25498505570718616], [0.29003589903243737, 0.31760714514648297, 0.13473621220996432, 0.25762074361111553], [0.3019665747921394, 0.2634218987841452, 0.12224954824751987, 0.3123619781761952], [0.1918233342136365, 0.30564675302283734, 0.295633045409936, 0.20689686735359006], [0.2308985904986901, 0.3227037401653823, 0.22641703579583708, 0.21998063354009037], [0.25740074491669207, 0.2843658424411481, 0.16456455290969066, 0.2936688597324693], [0.21016309407447828, 0.2809858349845412, 0.23426476215727704, 0.2745863087837035], [0.19574809805638727, 0.28608464766203184, 0.3015325948096523, 0.2166346594719285], [0.19921104748663912, 0.2970220228508657, 0.2803810799141766, 0.22338584974831827], [0.284470628233057, 0.27436391894249507, 0.17621762810670932, 0.26494782471773876], [0.27850371759490117, 0.2745617450120702, 0.14813578307672198, 0.2987987543163064], [0.24065852887356395, 0.24386981892874662, 0.19385284102055422, 0.3216188111771351], [0.294983309327465, 0.2815801133863314, 0.16592619732743566, 0.2575103799587677], [0.2614656008748141, 0.2667815001247166, 0.17304284057601024, 0.29871005842445875], [0.2776468752019558, 0.23085071103565705, 0.15096589579390815, 0.34053651796847884], [0.3009516527814031, 0.2648202237845948, 0.1311264910843363, 0.30310163234966575], [0.31134988891443516, 0.3235994816291472, 0.09529260472547357, 0.2697580247309441], [0.15596851019582733, 0.2994702643140819, 0.3257807279049054, 0.21878049758518517], [0.28203286212222384, 0.23466205943559135, 0.2059036958325951, 0.27740138260958974], [0.2973682916006645, 0.2702376117190094, 0.10727466857313765, 0.32511942810718847], [0.2363564870967463, 0.29983056481309134, 0.16855055324902024, 0.2952623948411423], [0.2151247173093155, 0.2879322471478047, 0.2146704518528494, 0.2822725836900306], [0.22071086064986908, 0.3088850748272356, 0.20319252228130896, 0.26721154224158655], [0.2805790693557385, 0.261176725754723, 0.1537884478310001, 0.3044557570585381], [0.349429253250426, 0.2279027912377864, 0.11432935651866186, 0.30833859899312593], [0.24320177539947244, 0.2881389245767016, 0.23342955532955295, 0.23522974469427305], [0.22518046227785646, 0.3134859952878303, 0.2503053560202161, 0.21102818641409768], [0.2503707226377294, 0.2937714026200087, 0.13516528933887348, 0.3206925854033883], [0.28117548918715773, 0.2830062054982906, 0.16396627456389695, 0.27185203075065467], [0.23602387804556696, 0.3425032526692444, 0.17859077908083623, 0.2428820902043524], [0.30231805812869345, 0.2617211137686208, 0.10538653393968851, 0.3305742941629974], [0.3206511419033538, 0.2270240763807613, 0.141936515888775, 0.31038826582711004], [0.16078402665387412, 0.2892289698528408, 0.2880646282577469, 0.2619223752355382], [0.2354393126996381, 0.26582274617682616, 0.18370693590746623, 0.3150310052160693], [0.1524713659359675, 0.33348837829511957, 0.25646109774337805, 0.25757915802553455], [0.24862445098911065, 0.2450721230997166, 0.2631023297961965, 0.24320109611497606], [0.3114365887909901, 0.28525991211722684, 0.10224311843659462, 0.3010603806551886], [0.2091068580950439, 0.2834453664767681, 0.23359031649039544, 0.27385745893779234], [0.23630257293828555, 0.27631380824901197, 0.2033388787922517, 0.2840447400204509], [0.1584506181116347, 0.26333217429242006, 0.3881200154552504, 0.19009719214069484], [0.26781607168828675, 0.2833460138175243, 0.16804031426400448, 0.2807976002301846], [0.29307885969281944, 0.2742085520330941, 0.1502047719654162, 0.28250781630867017], [0.2907528759289576, 0.28792114021764215, 0.12165498614524459, 0.29967099770815536], [0.2617056956197844, 0.2512008841668426, 0.21199107961796554, 0.27510234059540783], [0.2464746862498905, 0.258346698835458, 0.19638888231046933, 0.29878973260418207], [0.28758288749974587, 0.2611662690270807, 0.14942305066674405, 0.3018277928064296], [0.28532095317822287, 0.30741386845453517, 0.10006249575307331, 0.30720268261416855], [0.24938473622570229, 0.33343435344279243, 0.12267787618456305, 0.29450303414694234], [0.29051730039344675, 0.3069111083346693, 0.08079071559934428, 0.32178087567253943], [0.16198620613007364, 0.35379302008027685, 0.27942500377114177, 0.20479577001850757], [0.25815577486635555, 0.3040673864322475, 0.16057988196653658, 0.27719695673486033], [0.30216542601173113, 0.29445471222741615, 0.1157504448314691, 0.28762941692938365], [0.31552535599462367, 0.26920415493345173, 0.08369558276218486, 0.33157490630973957], [0.22686390903526024, 0.3281838408289774, 0.23813275342762794, 0.20681949670813438], [0.29803705651859874, 0.2804222697940049, 0.16817365986259825, 0.2533670138247981], [0.2528455423795036, 0.267241723137708, 0.16875032366696271, 0.3111624108158257], [0.2550874073941588, 0.29511645890228305, 0.17469385524437392, 0.2751022784591845], [0.24117279318209953, 0.3280303681332208, 0.14382034676156813, 0.28697649192311214], [0.27310554612521565, 0.2617754580615447, 0.14173943689668153, 0.32337955891655806], [0.21746270417822866, 0.33968857218314197, 0.17772941536660627, 0.265119308272023], [0.30876162838425436, 0.2622280238686617, 0.15610441714206788, 0.2729059306050164], [0.32724127836796985, 0.26848808258613877, 0.0991591779245914, 0.3051114611212999], [0.359724171182742, 0.2319846376761601, 0.07470179445795154, 0.3335893966831463], [0.24377708489042565, 0.26960933551400634, 0.1923105072147648, 0.2943030723808029], [0.1835673349588918, 0.32726698714163477, 0.2899228386579238, 0.19924283924154965], [0.3505483476611569, 0.23737107702872384, 0.0823374669479923, 0.3297431083621266], [0.32253910059983976, 0.2521997745262217, 0.11055191582243093, 0.31470920905150745], [0.3454492024626931, 0.24536060386889993, 0.08070151855683737, 0.32848867511156943], [0.3106323804024568, 0.26309037699461885, 0.11416517382240783, 0.31211206878051667], [0.29683259112270804, 0.25604900463145003, 0.1507487255013546, 0.2963696787444873], [0.22040712327986423, 0.29861212298917383, 0.21090495490920846, 0.2700757988217535], [0.2705217008898087, 0.229158364000922, 0.2199283907060201, 0.2803915444032493], [0.19487151236772374, 0.33301987720864373, 0.2058585768449156, 0.266250033578717], [0.29835363709348683, 0.2980842813265337, 0.0889908439069688, 0.31457123767301043], [0.23061723438684795, 0.2679810477371653, 0.23504493781742922, 0.2663567800585575], [0.26995229039655144, 0.31306771085041857, 0.13860591189821764, 0.27837408685481224], [0.3300570140502086, 0.24709124087394835, 0.10068322223064331, 0.3221685228451998], [0.3068537440974527, 0.28978855299595224, 0.11342541763938643, 0.28993228526720843], [0.28880293153167597, 0.26383930087116053, 0.19005532086082688, 0.25730244673633673], [0.28654267604288014, 0.2930058444435112, 0.12165152291950485, 0.2987999565941038], [0.30347134894218364, 0.2774575222043723, 0.12427733350059546, 0.2947937953528482], [0.30443870300842457, 0.2755454421013421, 0.11576978037331041, 0.3042460745169231], [0.3481923829559706, 0.24927548392726984, 0.07082216026828148, 0.3317099728484781], [0.29254040718074564, 0.23736014446428752, 0.14074422352259705, 0.32935522483236973], [0.23623186348452732, 0.2929433631623956, 0.17892650583933062, 0.29189826751374637], [0.20062742530744695, 0.2975213650699256, 0.25998049019727243, 0.24187071942535493], [0.2553001216114947, 0.30753749553599435, 0.16315601959519066, 0.27400636325732], [0.23616233380168164, 0.2766096857611133, 0.20262756382521213, 0.2846004166119928]]}}