{"test": {"ids": ["106115120", "97118210", "113118690", "100108580", "98109311", "102110240", "99108710", "99119830", "106118301", "98119591", "104111550", "100110260", "110118701", "101108370", "107114140", "113118421", "112121360", "110117140", "112118810", "106114280", "101108500", "102118380", "105112130", "104111711", "110114651", "101116130", "110115890", "108116481", "112118550", "100111620", "111119290", "107113840", "112118880", "97113900", "111119430", "102116500", "108114180", "113118810", "113120280", "109115070", "107114621", "104118070", "108118810", "106117650", "107120880", "113119950", "106114880", "113121750", "101121640", "113120751", "101109120", "100109890", "105115680", "101112540", "98112580", "98120530", "99107950", "97112300", "111116010", "112118890", "110119300", "110121140", "106114011", "112120270", "104112470", "107117630", "99109370", "111120531", "108119330", "99108010", "103110220", "103113640", "97106000", "99107640", "97111790", "109121640", "110118301", "100108490", "113118231", "105118171", "106113190", "107116501", "112117461", "101112690", "97107681", "102110750", "109118161", "103120290", "97107040", "107115140", "99108460", "110115250", "99109740", "98110680", "108114040", "110118161", "113117630", "109115220", "107120260", "111116110", "108121351", "109121351", "108114670", "102110850", "101119591", "109114270", "108118291", "113119480", "104118340", "100120780", "100108260", "112117571", "101108580", "97106970", "108118630", "105120621", "97113260", "106116640", "112116610", "104113210", "111119930", "113118511", "99114890", "109116441", "99112531", "112118820", "108115880", "111119950", "111120190", "98106111", "97107821", "100111390", "110121500", "105116980", "112116810", "101108121", "101114020", "112119320", "110117500", "102110690", "111118820", "112118421"], "labels": [1, 2, 3, 0, 1, 3, 2, 1, 1, 1, 1, 3, 3, 1, 2, 3, 3, 3, 3, 3, 3, 1, 1, 1, 3, 2, 2, 0, 3, 3, 3, 3, 1, 2, 3, 1, 1, 3, 0, 0, 0, 2, 1, 1, 1, 0, 0, 0, 2, 1, 1, 3, 2, 2, 2, 1, 1, 2, 1, 3, 1, 3, 1, 0, 1, 0, 1, 0, 0, 2, 2, 1, 0, 1, 2, 0, 1, 2, 3, 3, 0, 1, 0, 1, 3, 1, 0, 2, 2, 0, 0, 1, 3, 2, 0, 0, 0, 3, 1, 3, 3, 0, 3, 3, 0, 3, 3, 3, 2, 1, 3, 3, 0, 2, 1, 1, 1, 3, 1, 3, 1, 1, 2, 3, 3, 0, 3, 0, 3, 0, 2, 2, 3, 0, 3, 0, 3, 1, 1, 0, 0, 3], "predicted_labels": [3, 2, 3, 0, 1, 0, 1, 2, 0, 0, 3, 0, 0, 1, 1, 3, 1, 3, 0, 2, 2, 2, 2, 1, 3, 0, 1, 3, 1, 3, 3, 0, 0, 1, 3, 1, 1, 2, 0, 1, 3, 3, 1, 3, 3, 3, 1, 0, 3, 0, 3, 3, 1, 1, 2, 3, 1, 2, 1, 2, 1, 0, 1, 0, 2, 2, 1, 0, 1, 1, 1, 0, 2, 1, 1, 1, 3, 2, 2, 0, 3, 1, 3, 3, 3, 2, 1, 3, 2, 3, 3, 1, 0, 2, 3, 0, 0, 3, 1, 3, 1, 3, 3, 1, 3, 3, 1, 3, 3, 0, 2, 1, 0, 1, 3, 0, 2, 0, 1, 3, 0, 1, 3, 0, 3, 0, 3, 0, 0, 0, 0, 2, 0, 1, 0, 0, 0, 3, 0, 0, 3, 3], "confidence_scores": [[0.05923183360215509, 0.00196034351412329, 0.019759261216688404, 0.9190485616670333], [0.11713799846111413, 0.0338288733322946, 0.8424708733450824, 0.00656225486150872], [0.0007174461075786304, 0.14157755298569905, 0.0021186826554417623, 0.8555863182512805], [0.9899822776794147, 0.0005090469224745715, 0.004280054339368294, 0.0052286210587423835], [0.00016716683444816368, 0.9994476593969502, 0.00026524171800881505, 0.00011993205059289807], [0.7372138137390015, 0.06920852621386545, 0.16404865026449317, 0.02952900978263998], [0.0012027262631736173, 0.9985058525103447, 0.00021131081130339066, 8.011041517823958e-05], [0.05369715459080887, 0.008595664805966071, 0.7644877025068542, 0.1732194780963708], [0.5577697934574276, 0.35510288817642965, 0.001354265747088248, 0.08577305261905446], [0.877558555129173, 0.013970503518994346, 0.10392330962004795, 0.004547631731784622], [0.08161211120999354, 0.012863964376911802, 0.2754691607247759, 0.6300547636883188], [0.9583985487759077, 0.000593443329558621, 0.00041876625895204145, 0.04058924163558159], [0.9744841287112678, 0.009217358298725347, 0.0015132044604156813, 0.014785308529591165], [0.25376815336799435, 0.40672346030178036, 0.0005969552767241449, 0.3389114310535012], [0.0005957783101847735, 0.9417778614999999, 0.008589964869070552, 0.04903639532074462], [0.00035740895720236346, 0.001314754457288721, 0.0008251267956754919, 0.9975027097898335], [0.40030310290968407, 0.5044810845565988, 0.03963252178002339, 0.05558329075369364], [0.007176498754790231, 0.4709561854901042, 0.01185870163687808, 0.5100086141182275], [0.5857828505676722, 0.2134573634941396, 0.032472038154598266, 0.16828774778358987], [0.2130048336622528, 0.23319250860567703, 0.324715133957513, 0.22908752377455707], [0.01962013713248758, 0.009897944126892088, 0.7824652405668626, 0.1880166781737576], [0.0024423484743373775, 0.005795642914344543, 0.9727993499315482, 0.018962658679769845], [0.0004268541356896055, 0.09777916875975247, 0.5522090418995296, 0.3495849352050283], [0.35486932577595787, 0.4376470077747819, 0.06097928487548983, 0.14650438157377046], [0.002389614670778126, 0.00025657151888310085, 0.0037908062888200975, 0.9935630075215186], [0.32231065929865904, 0.18232953320610526, 0.31445894187717666, 0.180900865618059], [0.12187276263863452, 0.8657142226493659, 0.012283398444704236, 0.0001296162672952678], [0.005447138312772775, 0.004728838064487929, 3.942984501366253e-06, 0.9898200806382379], [0.3497673310745374, 0.5332459929515699, 0.002046833089337396, 0.1149398428845553], [0.0001199969904119547, 0.00013396004543292278, 0.39700487089969594, 0.6027411720644592], [0.007746110039823961, 0.007931392707983034, 0.0002941724983297688, 0.9840283247538631], [0.8119046805018619, 0.1101994267866359, 0.0370299417139346, 0.04086595099756754], [0.8915694174257698, 0.09005811901157976, 0.010427224079980958, 0.007945239482669444], [0.024267227703990778, 0.9090677345393341, 0.0011982020247987865, 0.06546683573187638], [0.007223920405164381, 0.26253229365280384, 0.006365592220045567, 0.7238781937219863], [0.019473150166673257, 0.955402745790546, 0.0021374488851525148, 0.0229866551576282], [0.05292682971574944, 0.8836933933314137, 0.00048290721525053574, 0.06289686973758633], [0.0993245511266096, 0.05654974544771692, 0.837152356625756, 0.006973346799917261], [0.8812656532552744, 3.0770036669001865e-05, 0.0019081995063724249, 0.11679537720168402], [0.004441231291968118, 0.9935298600619362, 0.0004417025222633818, 0.0015872061238324552], [0.03473554942220784, 0.0002020513699457949, 2.1354157386921762e-05, 0.9650410450504594], [0.003106575171199286, 0.00613222758496304, 0.062011712302132975, 0.9287494849417046], [0.09832266864237703, 0.8749809319256331, 0.02574952825897112, 0.0009468711730186368], [0.015530692431950177, 0.0035077302247992245, 0.13248053282871794, 0.8484810445145327], [0.002410010267910036, 0.0026477552341889576, 0.002127235156878322, 0.9928149993410227], [0.007364377160276233, 0.0008605126252343672, 7.512609525442121e-05, 0.991699984119235], [7.483606257444366e-05, 0.9523188701729514, 0.04732972463642382, 0.0002765691280503832], [0.5334393514439997, 0.45632803188422355, 0.0009246653011062488, 0.009307951370670428], [0.0008500537776599472, 0.06509669188985677, 5.8679354392804624e-05, 0.9339945749780905], [0.86001209379687, 0.00021616487370119432, 0.004385845652119728, 0.1353858956773089], [0.021955134528290884, 3.0292625597384484e-05, 0.0014451688281621573, 0.9765694040179496], [0.06767873827742878, 0.18979836367901942, 0.050426160029423586, 0.6920967380141282], [0.000502568732196576, 0.6493668218040164, 0.2824068104986363, 0.06772379896515066], [0.0004272511640499824, 0.9620582576396652, 0.0015630760592942998, 0.03595141513699061], [0.1033615540123761, 0.053270582348030594, 0.6528453933233778, 0.19052247031621555], [0.014934669222200997, 0.07403465932034091, 0.2162572643737351, 0.694773407083723], [0.0157733240613055, 0.79282544828063, 0.17782771552239757, 0.013573512135667114], [0.00784394772502067, 0.20766659328911571, 0.743495020599588, 0.04099443838627562], [4.999013401661577e-05, 0.8134155901803517, 0.18358300547656242, 0.002951414209069345], [0.11828669212456842, 0.018493387357638735, 0.6280416457314365, 0.2351782747863563], [0.0028296345671623797, 0.6315250892292762, 0.04402524708263414, 0.32162002912092735], [0.9677765375447935, 0.010380722757676705, 0.0019336257910922497, 0.019909113906437573], [0.20855349212131785, 0.40321873183196444, 0.3781317204813463, 0.01009605556537142], [0.9951420494969128, 0.00010364537117695697, 0.00024196944864952161, 0.004512335683260827], [0.010807080495017924, 0.15703479816933874, 0.5685246371586675, 0.26363348417697574], [0.21184290131460573, 0.042750099017320575, 0.6029998890929792, 0.14240711057509453], [0.001539503164808573, 0.7619220948790508, 0.22822876356740943, 0.008309638388731064], [0.9296176110434662, 0.03564482830260135, 0.00015113834072444425, 0.034586422313207965], [0.15568556563431848, 0.3380208387649552, 0.3108422538577838, 0.19545134174294254], [0.006150180696482433, 0.9165367694051166, 0.06564450292947799, 0.011668546968922834], [0.00029680605809031803, 0.9926577776807647, 0.004128865309007615, 0.0029165509521372527], [0.8886469693848595, 0.003286575218949455, 0.0006739723446358447, 0.10739248305155513], [0.04595139399374371, 0.0006823384882296712, 0.9400804368174493, 0.013285830700577369], [0.0888157368536224, 0.7713157716204522, 0.021785302800312035, 0.11808318872561355], [0.0007171210382190417, 0.9632002548361077, 0.034339481812691565, 0.0017431423129815576], [0.16691757096885426, 0.8197174247573554, 0.0015104872407376178, 0.011854517033052585], [0.020430998532225016, 0.0002967487505533846, 5.2779103021606834e-05, 0.9792194736142], [0.04300233001919131, 0.3585203816893287, 0.5828429601738854, 0.015634328117594635], [0.05548833139182817, 0.220277653465454, 0.7009635504942092, 0.023270464648508682], [0.4150548262227365, 0.21823577735637664, 0.0027907041448377522, 0.3639186922760492], [0.02013253521184785, 0.1670238016954076, 0.08400017645391623, 0.7288434866388284], [0.0011898348565282338, 0.5517126396616213, 0.001657365978173206, 0.44544015950367727], [0.0019445737216920288, 0.048317622047471295, 0.0002091877392228509, 0.9495286164916138], [0.04685537446201856, 0.0008357470848278379, 0.009946710611606535, 0.942362167841547], [0.4410071771337115, 0.04250167718796893, 0.004348409349149393, 0.5121427363291701], [6.5221994734889e-06, 0.015101310147187639, 0.9841728568903506, 0.0007193107629882693], [0.12193673576816529, 0.8739337868641003, 0.0004432070731721651, 0.003686270294562407], [0.03513718176463504, 0.20028510997703344, 0.16732900717799637, 0.5972487010803351], [9.263165150259631e-05, 0.353127894839586, 0.6428518701950063, 0.003927603313905088], [0.061683615349664475, 0.0003638391095189312, 0.008987651712049823, 0.9289648938287669], [0.0004616869941693731, 0.00016287497157286052, 0.0011758605860464344, 0.9981995774482113], [0.00017671227270917253, 0.9972157342749775, 0.00044621812780239737, 0.0021613353245108673], [0.84710426151828, 0.04109443333765668, 0.08561505857886788, 0.026186246565195352], [0.017681255290476254, 0.07590820751517256, 0.9063269774180377, 8.355977631362104e-05], [0.010656590218320494, 0.0573506421238784, 0.05195263870301969, 0.8800401289547815], [0.49596473639412925, 0.01973684491331648, 0.0010147718760116645, 0.4832836468165427], [0.9223894775324106, 0.04361329118785844, 0.012984473182373968, 0.021012758097357163], [0.02384345985369197, 0.08246191342822361, 0.004004455235523987, 0.8896901714825605], [0.3348920969988744, 0.5780901797255423, 0.04068570401825753, 0.04633201925732583], [0.0007447274746596033, 0.0006713328768733884, 0.0014218656708295193, 0.9971620739776375], [0.1616237026535166, 0.6975156447229867, 0.003601512690401608, 0.13725913993309524], [0.25658034765312643, 0.0821211187378222, 0.048048862424187655, 0.6132496711848638], [0.31045000864389133, 0.23499982628205246, 0.000956525614034837, 0.45359363946002124], [0.00015082790575293402, 0.9344611640709197, 0.002457256310803943, 0.06293075171252344], [0.091657317617647, 0.006211498803631769, 0.004453756038178444, 0.8976774275405427], [0.0009153464035950652, 0.001081898531554081, 1.0065095634515663e-06, 0.9980017485552874], [0.08622012026696997, 0.7954540842800744, 5.735810424803899e-05, 0.11826843734870757], [0.304615578556859, 0.0015156466781624106, 0.0002921119429783031, 0.6935766628220004], [0.006972254546051642, 0.2081569637881081, 0.12081379421839546, 0.6640569874474448], [0.9121885272530817, 0.007753796188307035, 0.0038839267749254816, 0.07617374978368589], [0.42290921331506376, 0.006415518279367291, 0.46443779090521287, 0.1062374775003561], [0.1492715353041659, 0.648111237394112, 0.020652530379546917, 0.18196469692217512], [0.9636209925563103, 0.005397879028251817, 0.019563247743733688, 0.011417880671704175], [2.8689010551925537e-05, 0.9626228166328213, 0.03330318493628806, 0.004045309420338655], [0.00018391389736617755, 0.0010834325725820838, 0.010222053993792252, 0.9885105995362594], [0.9166735434108313, 0.013249733936052804, 3.084929982909528e-05, 0.07004587335328674], [0.01759682727615318, 0.0006293361444358714, 0.6935581444976426, 0.2882156920817683], [0.563998787449318, 0.09656219829812782, 0.006229458096995286, 0.333209556155559], [0.2174919793775125, 0.5684395773699117, 0.21005161001773276, 0.004016833234843221], [0.06468372407974446, 0.0042250827098831755, 0.00013804355675472204, 0.9309531496536176], [0.5096665113892523, 0.17570428928731532, 0.05192313826557346, 0.2627060610578588], [0.0018009199475161324, 0.9958374980707343, 0.0021581517176491065, 0.0002034302641003521], [9.73354162141812e-05, 0.24190026899047393, 0.2074552150732737, 0.5505471805200381], [0.6433893714130727, 2.9970553705635968e-05, 2.838062574480658e-07, 0.3565803742269642], [0.016450303813090424, 0.007053021195591918, 0.3542619904182523, 0.6222346845730654], [0.9672467588463052, 0.015158198097668062, 0.003360941910475785, 0.014234101145551063], [0.4387081581977508, 0.007196756386605367, 0.000893979988216738, 0.5532011054274272], [0.9384085485100981, 0.01930023535642606, 0.01165639573367426, 0.030634820399801654], [0.786223664761376, 0.010876999690998566, 0.005131227507131029, 0.1977681080404944], [0.44492898179869766, 0.03290916014956076, 0.2228796488106921, 0.29928220924104953], [0.9000240533345628, 0.02916942052237179, 0.022532116965879177, 0.048274409177186166], [0.34503018912492833, 0.01514099040566151, 0.49374740636775893, 0.14608141410165124], [0.9462726823216998, 0.00444003652733456, 0.027389617047649677, 0.02189766410331613], [0.38363419481372857, 0.4075867117100592, 0.0003643126038956417, 0.20841478087231655], [0.614196283578182, 0.031360719135583526, 0.24675900170304518, 0.10768399558318921], [0.723954697155929, 0.03899921421100931, 9.926442188247019e-05, 0.23694682421117927], [0.5256331023603084, 0.3014317164005055, 0.037995376631914664, 0.1349398046072715], [0.00043350394861635416, 0.1111560282774577, 0.0082247005150823, 0.8801857672588436], [0.7717581983186984, 0.22790961390686798, 7.297932588385347e-05, 0.00025920844854976756], [0.7728011506787467, 0.02644596817026065, 0.00511293991911486, 0.1956399412318779], [0.04891151249754965, 0.004937272036124523, 0.00014757576678572286, 0.9460036396995402], [0.0012136847378801806, 0.44909462961272073, 0.00012687492846156912, 0.5495648107209377]]}, "rewritten": {"ids": ["97106000", "97106970", "97107040", "97107681", "97107821", "97111790", "97112300", "97113260", "97113900", "97118210", "98106111", "98109311", "98110680", "98112580", "98119591", "98120530", "99107640", "99107950", "99108010", "99108460", "99108710", "99109370", "99109740", "99112531", "99114890", "99119830", "100108260", "100108490", "100108580", "100109890", "100110260", "100111390", "100111620", "100120780", "101108121", "101108370", "101108500", "101108580", "101109120", "101112540", "101112690", "101114020", "101116130", "101119591", "101121640", "102110240", "102110690", "102110750", "102110850", "102116500", "102118380", "103110220", "103113640", "103120290", "104111550", "104111711", "104112470", "104113210", "104118070", "104118340", "105112130", "105115680", "105116980", "105118171", "105120621", "106113190", "106114011", "106114280", "106114880", "106115120", "106116640", "106117650", "106118301", "107113840", "107114140", "107114621", "107115140", "107116501", "107117630", "107120260", "107120880", "108114040", "108114180", "108114670", "108115880", "108116481", "108118291", "108118630", "108118810", "108119330", "108121351", "109114270", "109115070", "109115220", "109116441", "109118161", "109121351", "109121640", "110114651", "110115250", "110115890", "110117140", "110117500", "110118161", "110118301", "110118701", "110119300", "110121140", "110121500", "111116010", "111116110", "111118820", "111119290", "111119430", "111119930", "111119950", "111120190", "111120531", "112116610", "112116810", "112117461", "112117571", "112118421", "112118550", "112118810", "112118820", "112118880", "112118890", "112119320", "112120270", "112121360", "113117630", "113118231", "113118421", "113118511", "113118690", "113118810", "113119480", "113119950", "113120280", "113120751", "113121750"], "labels": [0, 2, 2, 3, 2, 2, 2, 1, 2, 2, 0, 1, 2, 2, 1, 1, 1, 1, 2, 0, 2, 1, 3, 3, 2, 1, 3, 2, 0, 3, 3, 2, 3, 1, 0, 1, 3, 0, 1, 2, 1, 3, 2, 0, 2, 3, 0, 1, 3, 1, 1, 2, 1, 2, 1, 1, 1, 3, 2, 2, 1, 2, 0, 3, 1, 0, 1, 3, 0, 1, 3, 1, 1, 3, 2, 0, 0, 1, 0, 1, 1, 0, 1, 3, 3, 0, 3, 1, 1, 0, 3, 3, 0, 3, 3, 0, 0, 0, 3, 1, 2, 3, 1, 0, 1, 3, 1, 3, 3, 1, 3, 0, 3, 3, 1, 0, 3, 0, 1, 3, 0, 3, 3, 3, 3, 0, 1, 3, 1, 0, 3, 0, 3, 3, 1, 3, 3, 3, 0, 0, 1, 0], "predicted_labels": [0, 2, 1, 0, 0, 3, 0, 3, 1, 2, 0, 1, 2, 3, 0, 2, 0, 2, 1, 3, 1, 2, 0, 3, 2, 2, 1, 0, 0, 1, 0, 3, 3, 0, 0, 0, 0, 0, 3, 0, 1, 3, 0, 0, 1, 0, 1, 2, 1, 1, 1, 1, 0, 2, 3, 3, 3, 3, 3, 3, 2, 2, 0, 3, 0, 3, 0, 3, 1, 0, 1, 2, 3, 1, 1, 1, 3, 3, 0, 0, 2, 2, 1, 0, 3, 3, 3, 2, 2, 0, 1, 3, 1, 3, 0, 0, 1, 1, 3, 2, 1, 1, 1, 0, 0, 0, 1, 0, 1, 2, 1, 3, 0, 3, 1, 1, 0, 0, 1, 3, 3, 3, 3, 3, 1, 1, 0, 0, 3, 3, 3, 0, 0, 1, 1, 3, 1, 0, 3, 2, 3, 1], "confidence_scores": [[0.5399098188008931, 0.1844826171935153, 0.2686056829414355, 0.007001881064156109], [3.8537598039783745e-05, 0.053143781832668026, 0.74291923197206, 0.20389844859723213], [0.004416376578566581, 0.5784528961423756, 0.40894023961556386, 0.008190487663494011], [0.8480951695028378, 0.0004057585047260718, 0.011557762137695996, 0.13994130985473996], [0.8204431919498107, 0.005169535880950726, 0.003912416235712554, 0.17047485593352596], [0.00029316302397594025, 0.001147123104107334, 0.030222381972190893, 0.9683373318997257], [0.9885471837539223, 0.00026812778260161703, 0.007277837140754119, 0.003906851322722052], [0.0249092536783295, 0.025767427369756558, 0.03886588773860519, 0.9104574312133088], [0.04462398869698256, 0.7287302583310316, 0.0035972750501095958, 0.22304847792187643], [0.005810485168198746, 0.08942950991578225, 0.8906984854779826, 0.014061519438036543], [0.8384642060452572, 6.357400177145848e-05, 0.03910991352232746, 0.12236230643064396], [0.009882421929733577, 0.7835169583364575, 0.0003226476646483679, 0.20627797206916076], [0.04805943579156549, 0.14543100863502265, 0.8046272491053533, 0.0018823064680584124], [0.03452751908043048, 0.27942403568482027, 0.22159625657822457, 0.46445218865652477], [0.9952134869719772, 0.004554217621799818, 6.330871425254106e-05, 0.0001689866919706172], [0.14905709121695399, 0.004043512581585198, 0.8323735439578253, 0.014525852243635597], [0.8783063219546554, 0.006737497394608021, 1.2817139073189192e-06, 0.11495489893682917], [0.00023946882392405854, 0.16052139590193742, 0.8390625080296333, 0.00017662724450514972], [0.006041251434542208, 0.9856923008214751, 0.005302503189428803, 0.002963944554554051], [0.0010883510527701949, 0.014101648052156393, 0.004412816213917008, 0.9803971846811563], [0.012457113453619467, 0.6487948013895974, 0.3385213431364752, 0.00022674202030773514], [0.13628123824025823, 0.09608075374823959, 0.48002171716403, 0.2876162908474723], [0.8405339469028034, 0.08720821839777312, 0.0009403528520953569, 0.07131748184732799], [0.043109396765968866, 0.0009351125781075888, 3.5695283150730576e-06, 0.9559519211276084], [0.01379677531099256, 0.10878299721496781, 0.8612791940306146, 0.016141033443425195], [0.018685002760911926, 0.00015445797048238213, 0.9803788661778343, 0.0007816730907714998], [0.19854181947056734, 0.7301982659187423, 0.07030447398051484, 0.0009554406301754794], [0.737007499155361, 0.00430978306169726, 0.23603679467436015, 0.02264592310858165], [0.5986981337544757, 0.09519526569278564, 0.0033837221018193685, 0.30272287845091933], [0.2274066466246749, 0.7528591492307565, 0.0003924829008539106, 0.019341721243714725], [0.9817716413926842, 0.0007376935214504393, 0.0006581710831880629, 0.016832494002677216], [0.047539238055625155, 0.27259326072705226, 0.01823005020097652, 0.6616374510163461], [0.0009150349465401453, 2.4535123206801625e-05, 0.012271756785776987, 0.9867886731444759], [0.9873748006775213, 0.003377542242957223, 0.003138747870360397, 0.0061089092091610895], [0.8677461183738082, 0.09549231347516238, 3.058890425001745e-05, 0.03673097924677926], [0.9991317630453543, 6.485063922848879e-05, 1.5579156891607656e-06, 0.0008018283997279945], [0.5291239567185869, 0.003499040984668513, 0.4636651777315913, 0.0037118245651532617], [0.9933661420391741, 0.003581111248333671, 0.0006015038506710264, 0.0024512428618211762], [0.02465551419031152, 7.644107611104234e-05, 0.00047670272422381337, 0.9747913420093536], [0.7082602491879662, 0.0042980901409950985, 0.26490073496899613, 0.022540925702042656], [0.0009732405384637045, 0.9777867511182209, 0.0023764772591061342, 0.018863531084209153], [0.0012905411747677052, 0.08858795857788952, 0.0010396771328913077, 0.9090818231144514], [0.7865045946413429, 0.0001896467965643245, 0.04734830526828484, 0.16595745329380804], [0.7961414555531655, 0.10461607945096313, 0.004115936320356586, 0.09512652867551476], [2.389576140100364e-06, 0.7489920217324171, 1.519888768096428e-05, 0.25099038980376176], [0.8910281969576033, 0.09790559596866773, 0.0028608548540125798, 0.008205352219716409], [0.03318577018972373, 0.8606328349428771, 0.002883150365997367, 0.10329824450140172], [0.000321784096678733, 0.013232292377494992, 0.9796181610855706, 0.006827762440255643], [0.002359074074153336, 0.9920781323962433, 0.0004815435572037718, 0.0050812499723995284], [0.13502902614910933, 0.8621942872262444, 0.0006196812602268316, 0.002157005364419531], [0.00010745262910720661, 0.5636102629731644, 0.006858587130480622, 0.42942369726724783], [0.0005810424505252399, 0.8423769816800251, 0.06892073277940935, 0.08812124309004025], [0.9996128502613768, 7.059695723660582e-05, 0.00022621930312967687, 9.033347825694043e-05], [0.007891364555485926, 0.031733003076970315, 0.9405874578135476, 0.01978817455399617], [0.06013763661663614, 0.16441346700249584, 0.0003532801955841722, 0.775095616185284], [0.04680110420877457, 0.3177243091763396, 0.00015588084816245157, 0.6353187057667234], [0.06478341676836004, 0.20994185616268216, 0.20376179532838556, 0.5215129317405722], [0.20331385060805043, 0.012170085604715117, 0.004588000668182376, 0.7799280631190519], [0.10520866018923854, 0.0001568085482009016, 0.0058416677522448715, 0.8887928635103156], [0.0001500734764989368, 0.07386573327979616, 0.022843787663766303, 0.9031404055799387], [0.31252387589267844, 0.006213661753477212, 0.6812264858731979, 3.597648064643307e-05], [5.8096848213596954e-06, 0.2490707388886472, 0.5573735439278684, 0.193549907498663], [0.4903412248476804, 0.044265569632625415, 4.4989098368493465e-05, 0.46534821642132557], [0.037089423379563564, 0.008598287453666116, 0.008133839065658885, 0.9461784501011115], [0.996072793404827, 0.00039172016303296546, 4.604659962066158e-06, 0.0035308817721778733], [8.141813352758175e-06, 0.12278788263225658, 0.0003434144711546591, 0.876860561083236], [0.5528185522788823, 0.23078052151021458, 0.009020884795877994, 0.20738004141502525], [0.0015876280320917834, 0.016256262484350855, 0.003148204866401977, 0.9790079046171554], [5.982604132186382e-05, 0.9759034414276132, 0.013851405333487405, 0.01018532719757762], [0.9797904302642436, 0.0003058692312314021, 0.003737803146989592, 0.016165897357535295], [0.0004017000126512155, 0.9971473105941351, 1.3627362609077601e-05, 0.0024373620306047173], [0.008097392875676932, 0.06351237958777864, 0.9281809277623044, 0.0002092997742398694], [0.08341489645475707, 0.003951406719461465, 0.0004763331515459029, 0.9121573636742356], [0.1217848134287999, 0.8583260928317219, 0.019844120204331715, 4.4973535146315815e-05], [0.010598533403895324, 0.8193037818300378, 0.16699054681088116, 0.0031071379551856244], [0.0005392023458512853, 0.9724176788469939, 4.9340895565428184e-05, 0.026993777911589262], [0.08957865911858064, 5.952402142338759e-05, 0.00018138857005494882, 0.910180428289941], [5.3409270298566234e-05, 7.43266593365437e-08, 3.363635045050744e-08, 0.9999464827666915], [0.9490548487043535, 0.005668417277252542, 0.04300243950724697, 0.002274294511147081], [0.9815105339335958, 0.0008311480083312418, 0.003929494253512742, 0.01372882380456015], [0.15276027076139945, 0.044109409590585666, 0.48927478695491117, 0.31385553269310373], [0.003093301143168666, 0.05914939482420442, 0.8973255646819247, 0.040431739350702184], [0.05445226217047588, 0.9173486806811285, 0.000186101344525814, 0.02801295580386966], [0.8540365157841769, 0.034163034070633085, 0.06631745517747563, 0.04548299496771434], [0.2844285555222544, 0.06242095677062037, 0.30654930261937735, 0.3466011850877479], [0.12209040452857485, 0.018006417606787974, 0.0033789805934722346, 0.8565241972711649], [0.06948120145464608, 0.10222170574662652, 7.5781443140701936e-06, 0.8282895146544134], [0.1498697908374029, 0.0022863981401563043, 0.7229779808011889, 0.12486583022125176], [0.2871697437995998, 0.05362444053599018, 0.6445369205403678, 0.014668895124042071], [0.8059130158520271, 0.046895596824652344, 0.10514532388496654, 0.04204606343835401], [0.4288774512499419, 0.4608607857370724, 0.001185428942944768, 0.10907633407004104], [0.036638869279360824, 0.01579851070648564, 5.740290875851885e-05, 0.947505217105395], [6.669622922039569e-05, 0.9997626935316137, 0.00016926631457363594, 1.3439245922299703e-06], [0.01798083028209643, 0.06779023833613994, 0.004969611360390685, 0.909259320021373], [0.9234394306766498, 0.001155581310585091, 2.8870550384452037e-07, 0.07540469930726126], [0.7538797062885365, 0.24606167415193841, 1.6221438050997195e-05, 4.2398121473964964e-05], [0.10816029735703547, 0.8823406662186515, 0.00020634352028592862, 0.009292692904027108], [0.0006685987608098538, 0.9939977773254182, 5.065409537894686e-05, 0.005282969818393108], [0.005239983424550646, 5.144764843236824e-05, 0.1077803380204946, 0.8869282309065223], [0.16475813142636594, 0.32005073534816014, 0.44900562688197604, 0.06618550634349787], [0.030296757840369885, 0.6534854735654757, 0.007122004154916484, 0.3090957644392379], [0.00012204941751621344, 0.9953694270014795, 0.003437989881140661, 0.001070533699863754], [0.14220885324882443, 0.8550999717231168, 1.4494210401289433e-05, 0.0026766808176576845], [0.923918236996512, 0.027772816351610902, 0.0001599144302676556, 0.04814903222160948], [0.55969119732452, 0.040354305457598424, 0.008474928570437893, 0.3914795686474437], [0.9700020596025807, 0.017292394331921864, 0.0033888324144463614, 0.00931671365105126], [0.008070799051209688, 0.9666470465091093, 0.000261680745265635, 0.02502047369441534], [0.7387020830068476, 0.049776038536582634, 0.0799206102641174, 0.1316012681924523], [0.0002973419192067982, 0.9811903478695587, 0.0004522306084960541, 0.018060079602738276], [0.14773124147643477, 0.1069280398420712, 0.7231404504321302, 0.02220026824936386], [0.05940359469895906, 0.8648981272045193, 0.015782517868481272, 0.059915760228040404], [0.08901285956281012, 0.00036077427566592467, 0.0001621721264270442, 0.9104641940350969], [0.9727601824267063, 0.00017854770781441465, 0.006222891907209844, 0.020838377958269476], [5.405391157900139e-06, 0.2691289576480181, 1.0181367029806083e-05, 0.7308554555937942], [0.0032194688849787093, 0.44862429922359987, 0.11491954762750474, 0.4332366842639165], [0.25910140421331757, 0.6729118136313039, 0.03328046382353638, 0.03470631833184221], [0.9796177804473886, 0.00026457617172432723, 0.0004645295233420555, 0.019653113857545087], [0.9944012104732436, 0.00015361657288532314, 0.002087747787554732, 0.0033574251663163095], [0.019880399485679684, 0.9425524130800674, 0.028815308329549174, 0.008751879104703668], [0.03692451373367667, 0.0003362628175099423, 0.01918246244612287, 0.9435567610026905], [0.10090768960954366, 0.08579204151358265, 4.354708512684544e-05, 0.8132567217917468], [0.018004239941775246, 0.012176984972380324, 0.0010021884091936484, 0.9688165866766508], [0.003864740147370416, 0.2903628338046874, 0.07922357918910412, 0.626548846858838], [0.21301299363216983, 0.3440676838224583, 0.0051092271963860325, 0.43781009534898596], [0.1086635538549325, 0.8746116651378518, 0.007346837273407924, 0.009377943733807908], [0.40878626979685284, 0.5659434274982739, 6.906303711335747e-05, 0.02520123966775986], [0.9924487270182416, 0.005894313518729938, 8.560346238669545e-05, 0.0015713560006419811], [0.969790555930398, 0.009470286805808126, 0.010341193271576012, 0.010397963992217759], [2.8195332928883342e-05, 0.0010236392177317387, 0.0009674150154799734, 0.9979807504338595], [0.12101121017842771, 0.06870338051226155, 0.015062325322501244, 0.7952230839868095], [0.11765420940518735, 0.02712880550127792, 0.014119536699101286, 0.8410974483944335], [0.942273069807639, 0.055501899643414704, 0.0001046742640096781, 0.0021203562849363526], [0.928057886390688, 0.062179575825534676, 0.006222893375499776, 0.0035396444082775253], [0.1070247334323594, 0.512652641002808, 0.019138583039954353, 0.3611840425248783], [0.3723296977535671, 0.5832242390365089, 0.015236921132845027, 0.029209142077078965], [0.00011821664054765774, 3.4747528037101895e-05, 0.004338095553092062, 0.9955089402783232], [0.07130050750249, 0.5288258959251171, 0.3948205132731854, 0.005053083299207563], [0.9593014395256225, 0.03227482232121088, 0.006917849542215904, 0.0015058886109505347], [0.07146743081134285, 0.021238382526221216, 0.02657264496895151, 0.8807215416934844], [0.4086085784644525, 7.857282933357147e-05, 0.5764939150868515, 0.014818933619362314], [0.330877092791894, 0.19093060010677687, 0.004536262460694098, 0.4736560446406351], [0.04701647549464658, 0.9470183203088316, 0.005305814249895563, 0.0006593899466262736]]}}