{"test": {"ids": ["103120340", "97107821", "99109910", "99117740", "97108520", "113118690", "112117580", "111114321", "104113240", "106118161", "98108970", "97112830", "101112201", "108121190", "100108520", "112116640", "100108490", "104114320", "99111340", "113120531", "106118520", "113120601", "98106880", "99109141", "110114610", "113122190", "109113881", "103112641", "98107380", "108116120", "98106560", "105119550", "112117030", "100107920", "102110850", "100108990", "101109000", "100109910", "108118060", "110120560", "99109840", "112119120", "98108520", "112118620", "111116090", "112120640", "97112300", "105116090", "111120640", "112117431", "97106591", "101121640", "98111620", "106120640", "112120630", "103109791", "112118581", "110120531", "97114170", "107115140", "105113210", "111115400", "113120780", "110117870", "107112850", "108113620", "109113281", "103118110", "105121370", "103109021", "97116401", "107116980", "99107630", "113122120", "112119950", "108118520", "113118870", "112119500", "101108080", "106113170", "101116130", "110120540", "113120591", "98113881", "111115780", "107121700", "111118810", "107112840", "106116640", "107121640", "103109641", "110121170", "110118880", "107113130", "112118820", "111119150", "97111790", "97106000", "107114321", "112121410", "109121640", "113122510", "98121790", "103118291", "101117580", "101112160", "111121930", "113120260", "112116610", "109120150", "106116370", "105114220", "103110760", "106115240", "101113210", "101108621", "98108150", "104113000", "99109780", "97116500", "113117630", "113122230", "104113210", "106114150", "103111830", "101111990", "101110150", "106118820", "99109311", "108113760", "108114180", "109119450", "108115250", "98110710", "98108580", "111121351", "105115680", "110115140", "103113170", "99108520", "99112531", "110114920"], "labels": [1, 2, 2, 2, 2, 3, 0, 1, 2, 3, 3, 2, 0, 1, 2, 0, 2, 2, 1, 0, 2, 2, 0, 3, 1, 1, 0, 3, 1, 1, 1, 1, 2, 0, 3, 2, 1, 2, 1, 0, 2, 1, 2, 3, 3, 0, 2, 1, 0, 0, 1, 2, 3, 3, 3, 3, 1, 0, 2, 0, 3, 0, 0, 3, 1, 3, 0, 2, 2, 0, 3, 3, 2, 1, 0, 0, 0, 2, 0, 0, 2, 1, 0, 3, 1, 3, 0, 1, 3, 1, 1, 2, 0, 1, 0, 3, 2, 0, 0, 0, 0, 2, 2, 0, 3, 3, 1, 3, 1, 2, 2, 3, 1, 1, 3, 0, 0, 1, 2, 2, 0, 1, 3, 1, 3, 2, 1, 3, 1, 1, 1, 3, 1, 2, 0, 0, 2, 0, 3, 2, 3, 3], "predicted_labels": [3, 0, 3, 0, 1, 1, 3, 3, 1, 3, 1, 1, 0, 1, 3, 1, 3, 1, 1, 3, 1, 1, 1, 1, 3, 1, 0, 3, 0, 1, 1, 3, 3, 0, 1, 1, 3, 3, 3, 1, 3, 3, 1, 3, 3, 3, 3, 3, 3, 1, 1, 1, 1, 1, 3, 1, 1, 1, 3, 3, 3, 3, 1, 1, 1, 3, 3, 1, 1, 0, 1, 3, 3, 3, 3, 0, 3, 3, 0, 3, 1, 3, 3, 1, 3, 1, 3, 3, 0, 1, 1, 3, 3, 3, 1, 3, 1, 1, 1, 3, 3, 3, 3, 1, 1, 1, 3, 3, 0, 3, 3, 0, 3, 3, 0, 1, 1, 3, 1, 1, 3, 1, 3, 1, 3, 3, 0, 1, 0, 1, 1, 3, 1, 1, 3, 1, 1, 3, 1, 3, 1, 1], "confidence_scores": [[0.26956682900432893, 0.23532237207237205, 0.1607290834165834, 0.33438171550671564], [0.2966387085137086, 0.27328468753468754, 0.13461520424020426, 0.29546139971139973], [0.22422760980849213, 0.30256782106782115, 0.1535805028305028, 0.31962406629318396], [0.3069802350427351, 0.24189004051504046, 0.17755988251944138, 0.2735698419227831], [0.2541169386169388, 0.3105396131646132, 0.1858966033966033, 0.24944684482184487], [0.2404088758463758, 0.29810822510822527, 0.19098253829503825, 0.2705003607503606], [0.23702472527472535, 0.25643263680763684, 0.16286542624042621, 0.34367721167721177], [0.2381609075049478, 0.2878412698412698, 0.12416305916305914, 0.3498347634907232], [0.19800492562992564, 0.3410476190476191, 0.18481475468975464, 0.2761327006327006], [0.29757447128035364, 0.268529317904318, 0.1327518037518037, 0.3011444070635248], [0.18786068792318794, 0.3571381673881674, 0.199012105949606, 0.25598903873903883], [0.2649309163059163, 0.2829111582861583, 0.1836649184149184, 0.26849300699300716], [0.3614561341436341, 0.2420981934731935, 0.1121412268287268, 0.28430444555444556], [0.19246986346986347, 0.3149438894438895, 0.206249222999223, 0.2863370240870241], [0.2308581557331557, 0.23439670052170047, 0.1890912282162282, 0.3456539155289154], [0.1676857031857032, 0.32392517205017207, 0.2282017843267844, 0.28018734043734045], [0.221246003996004, 0.27906401931401936, 0.2019887334887334, 0.2977012432012433], [0.23388166000665994, 0.31824253524253526, 0.1787248307248307, 0.26915097402597415], [0.21486904761904765, 0.348887445887446, 0.16967712842712843, 0.26656637806637806], [0.21573562548562553, 0.3106046453546455, 0.13654262404262407, 0.3371171051171051], [0.25533975746475757, 0.3445200493950494, 0.1580957098457098, 0.2420444832944834], [0.22629947829947827, 0.29481517094017096, 0.1965423049173049, 0.28234304584304587], [0.27964998889998893, 0.29618716006216006, 0.14964405039405038, 0.2745188006438007], [0.2806515082140082, 0.35267692927987065, 0.12902318514818517, 0.23764837735793623], [0.21312148962148972, 0.30476615051615047, 0.1594647574647574, 0.32264760239760243], [0.2157994227994228, 0.3309614413364414, 0.18442445054945059, 0.26881468531468533], [0.30066217116217125, 0.2867326839826839, 0.16419798257298251, 0.24840716228216236], [0.27948218448218454, 0.2682967171717171, 0.1594181235431235, 0.2928029748029746], [0.2901388333888335, 0.24601839826839825, 0.18095396964146965, 0.28288879870129885], [0.24125559163059163, 0.2765762293262294, 0.21291745754245756, 0.2692507215007215], [0.22837398712398715, 0.3678012820512821, 0.18460547785547787, 0.21921925296925301], [0.26327126528442324, 0.24875432900432906, 0.15041089466089466, 0.3375635110503531], [0.22883531746031743, 0.2657523448773449, 0.20610263347763347, 0.2993097041847042], [0.33287074037074044, 0.2693355533355534, 0.15200793650793643, 0.2457857697857698], [0.20112279387279386, 0.32091484903984907, 0.17994233544233545, 0.29802002164502167], [0.19568109668109662, 0.3031320346320346, 0.22598295454545458, 0.2752039141414142], [0.27510601898101905, 0.2699690725940726, 0.1477279942279942, 0.3071969141969142], [0.24951138240844128, 0.2929477973007385, 0.14284036796536803, 0.3147004523254524], [0.23157233044733044, 0.2833042096792097, 0.16782319069819068, 0.31730026917526916], [0.2155709429459429, 0.2978341797091797, 0.19746031746031745, 0.2891345598845598], [0.23194668321874215, 0.30459101884527584, 0.14919022644022642, 0.3142720714957557], [0.24866486291486298, 0.27097619047619054, 0.18343037518037517, 0.29692857142857143], [0.2517353896103896, 0.3315636724386725, 0.1764767871017871, 0.24022415084915097], [0.2753342907092908, 0.24678223165723168, 0.16905735930735927, 0.30882611832611834], [0.25873598623598626, 0.2895497835497834, 0.13733648296148296, 0.31437774725274725], [0.26669960594960596, 0.2702320318570319, 0.17450745088245082, 0.2885609113109114], [0.23941573704073715, 0.248691391941392, 0.18434976828726823, 0.3275431027306029], [0.22658513708513714, 0.23734799922299918, 0.22575517538017537, 0.31031168831168837], [0.21155424436674447, 0.26140124458874464, 0.2144773004773005, 0.3125672105672106], [0.20578667859917876, 0.3360012834387836, 0.15691813741813743, 0.3012939005439006], [0.25589195526695535, 0.2787005633255634, 0.19767396492396488, 0.2677335164835164], [0.20751085026085034, 0.30693185980685983, 0.21065144577644584, 0.2749058441558443], [0.19802026307661322, 0.31550245587745607, 0.193886668156405, 0.2925906128895259], [0.17332160894660897, 0.37110840548340546, 0.22900577200577193, 0.2265642135642137], [0.29269332954627086, 0.25190252802752794, 0.1275255259446436, 0.32787861648155764], [0.24445873570873577, 0.3046545121545122, 0.17079378954378957, 0.2800929625929625], [0.2248177100677101, 0.3157132450882451, 0.18534940059940058, 0.2741196442446443], [0.2783535353535354, 0.2942172272172273, 0.16537169774669772, 0.26205753968253975], [0.21839486208236206, 0.2645532245532246, 0.2272509275854864, 0.28980098577892704], [0.24932882395382397, 0.22198304473304475, 0.17350133200133197, 0.35518679931179925], [0.25529299866799865, 0.22252049339549348, 0.20483814796314792, 0.31734835997336], [0.2131097243399876, 0.2921033688533689, 0.20209698561672243, 0.2926899211899212], [0.17820250582750582, 0.3302523171273172, 0.1954758852258852, 0.29606929181929176], [0.19955770618270624, 0.3296660284160284, 0.18082016594516595, 0.28995609945609946], [0.18596506271506272, 0.3249244227994228, 0.23151356282606286, 0.25759695165945173], [0.28253946747696745, 0.2738039599289601, 0.15165748834498832, 0.29199908424908433], [0.22096518759018757, 0.29575352425352436, 0.18640573315573314, 0.29687555500055496], [0.2438438505938506, 0.3011229464979466, 0.1833952115136326, 0.27163799139457034], [0.19217250804750816, 0.2981370157620158, 0.2539713203463203, 0.25571915584415583], [0.3005197163947165, 0.25262343212343213, 0.1661673326673326, 0.28068951881451876], [0.2763340548340549, 0.29777043789543783, 0.16101241813741818, 0.2648830891330891], [0.24129039710289704, 0.3011188464313465, 0.14496325896325893, 0.31262749750249763], [0.2889683043564624, 0.24791351703851702, 0.1622432151182151, 0.30087496348680554], [0.21040211177711182, 0.2859200521700522, 0.1876357115107115, 0.3160421245421245], [0.2694127955377957, 0.2219603590853592, 0.1548609307359307, 0.3537659146409146], [0.3148807026307028, 0.2542321844821845, 0.14376229326229323, 0.2871248196248195], [0.21878106200420777, 0.2821982413011826, 0.18698382173382164, 0.3120368749607881], [0.19369709457209464, 0.2952888361638362, 0.20926821789321803, 0.30174585137085136], [0.34024040542790546, 0.3003130688755688, 0.12224716949716948, 0.23719935619935614], [0.24864727633477643, 0.2717884754134755, 0.1687001609501609, 0.3108640873015873], [0.24321879509379518, 0.28731138999889005, 0.19435477716727723, 0.27511503774003776], [0.2687899808524808, 0.2815170662670663, 0.14460117660117652, 0.30509177627927636], [0.22920776445776445, 0.2764458041958042, 0.18039943389943397, 0.31394699744699744], [0.24187257881007881, 0.2986098484848485, 0.16509352453102455, 0.29442404817404827], [0.23625743700743704, 0.27712688700188703, 0.19197227772227765, 0.2946433982683983], [0.19138158369408373, 0.30059280303030306, 0.26254130591630587, 0.24548430735930743], [0.26961675824175835, 0.2198997113997115, 0.19038991563991572, 0.32009361471861475], [0.18607484182484174, 0.2889097985347985, 0.19354358141858138, 0.33147177822177826], [0.2793934676434677, 0.2677881285381286, 0.17404148629148625, 0.2787769175269175], [0.17934686147186146, 0.32124332611832623, 0.23604797979797976, 0.26336183261183255], [0.2862491140395553, 0.29322104978354974, 0.17102467956879722, 0.24950515660809777], [0.19104233266733264, 0.309226171704113, 0.16633527583527577, 0.33339621979327844], [0.25953187090687085, 0.28931078643578656, 0.11449217449217448, 0.3366651681651682], [0.20373851148851163, 0.27802500277500297, 0.23981982856324957, 0.278416657173236], [0.21567316915111043, 0.34377684815184845, 0.1478766095016095, 0.29267337319543213], [0.22388461538461538, 0.2410286241536242, 0.19178282828282825, 0.3433039321789322], [0.28118530081030085, 0.2828035575535576, 0.1685818903318903, 0.2674292513042512], [0.18069198856698854, 0.30947954822954815, 0.2158706154956155, 0.29395784770784783], [0.2123830266955267, 0.3217256146631148, 0.15759680597180595, 0.30829455266955275], [0.21122660672660679, 0.2811017871017871, 0.17006983294483288, 0.3376017732267733], [0.24967646936396937, 0.2772566322566323, 0.17341208097458105, 0.2996548174048174], [0.1989116418002287, 0.2755161435786438, 0.2421361138861139, 0.28343610073501385], [0.28077476689976694, 0.22908490120990124, 0.14466432178932176, 0.34547601010101014], [0.2584441600066601, 0.3102004245754245, 0.13768696581196582, 0.2936684496059496], [0.22883450577200576, 0.29829042485292484, 0.17831723831723828, 0.2945578310578312], [0.24106616994116994, 0.3222909626922785, 0.15191121378621383, 0.2847316535803379], [0.23243102730602724, 0.291726911976912, 0.17527293539793531, 0.3005691253191252], [0.2088888888888889, 0.3108481240981241, 0.16700259462759462, 0.31326039238539244], [0.29479924242424244, 0.29185132922632934, 0.14688028638028636, 0.266469141969142], [0.25952537250331376, 0.26582615995115993, 0.16429594017094015, 0.3103525273745862], [0.305778083028083, 0.22429800754800752, 0.1538549367299367, 0.31606897269397277], [0.3296113420892833, 0.28299981962481974, 0.14493363580863577, 0.24245520247726127], [0.24448760961260962, 0.27067196692196704, 0.17617400654900645, 0.30866641691641683], [0.2194961427461428, 0.27922792485292497, 0.17668047230547232, 0.32459546009546025], [0.3040886197136197, 0.2668560606060606, 0.1681715922965923, 0.2608837273837275], [0.276517982017982, 0.2996138167388169, 0.16573809523809527, 0.25813010600510605], [0.19887750648044758, 0.30091035353535356, 0.21294323731823728, 0.28726890266596156], [0.2517056277056277, 0.26511213786213794, 0.18018434343434347, 0.30299789099789104], [0.23017153679653674, 0.33313936063936067, 0.19998300310800313, 0.2367060994560995], [0.25637101787101785, 0.293627997002997, 0.1670915750915751, 0.2829094100344101], [0.21688010600510602, 0.3075565961815963, 0.16576893939393944, 0.3097943584193585], [0.21128181540681537, 0.30347743922743936, 0.20150643800643803, 0.2837343073593074], [0.2498490329115329, 0.25878805916305914, 0.1648883477633478, 0.3264745601620602], [0.25857153957153967, 0.28397682872682883, 0.2125847485847486, 0.24486688311688318], [0.28836401098901104, 0.19483014208014207, 0.15584251859251858, 0.3609633283383284], [0.18171784465534455, 0.24883889027639017, 0.23199347874347878, 0.33744978632478634], [0.32948111610611636, 0.24498719336219338, 0.11130555555555559, 0.314226134976135], [0.17889195526695528, 0.3198588217338217, 0.22221946109446114, 0.2790297619047619], [0.2997395700704526, 0.2893957431457432, 0.15676010101010104, 0.2541045857737034], [0.20447406066156062, 0.2959562590187591, 0.23442051004551007, 0.2651491702741703], [0.2017760295260296, 0.3351592663872078, 0.20802068764568774, 0.25504401644107544], [0.19505185786435786, 0.2765704573204572, 0.18513663419913415, 0.34324105061605065], [0.23367597190391312, 0.302086926961927, 0.19723483052894822, 0.2670022706052118], [0.20196284271284282, 0.3248369408369409, 0.193206043956044, 0.2799941724941726], [0.29447871572871576, 0.24966576479076483, 0.14539087301587297, 0.31046464646464644], [0.2663173354423355, 0.30719455544455554, 0.18296195471195467, 0.24352615440115444], [0.17493181818181822, 0.3176357670107672, 0.2722332806082804, 0.2351991341991343], [0.27703091353091364, 0.25073183760683765, 0.16574886224886223, 0.30648838661338657], [0.2069246031746032, 0.35794402819402826, 0.16017929292929295, 0.2749520757020757], [0.235016529967617, 0.27852249139749136, 0.20541383616383618, 0.28104714247105567], [0.310862114938202, 0.3176871045621045, 0.13959031246531248, 0.23186046803438107], [0.23846239177489184, 0.3456206501831501, 0.1632854437229437, 0.25263151431901426]]}, "rewritten": {"ids": ["97106000", "97106591", "97107821", "97108520", "97111790", "97112300", "97112830", "97114170", "97116401", "97116500", "98106560", "98106880", "98107380", "98108150", "98108520", "98108580", "98108970", "98110710", "98111620", "98113881", "98121790", "99107630", "99108520", "99109141", "99109311", "99109780", "99109840", "99109910", "99111340", "99112531", "99117740", "100107920", "100108490", "100108520", "100108990", "100109910", "101108080", "101108621", "101109000", "101110150", "101111990", "101112160", "101112201", "101113210", "101116130", "101117580", "101121640", "102110850", "103109021", "103109641", "103109791", "103110760", "103111830", "103112641", "103113170", "103118110", "103118291", "103120340", "104113000", "104113210", "104113240", "104114320", "105113210", "105114220", "105115680", "105116090", "105119550", "105121370", "106113170", "106114150", "106115240", "106116370", "106116640", "106118161", "106118520", "106118820", "106120640", "107112840", "107112850", "107113130", "107114321", "107115140", "107116980", "107121640", "107121700", "108113620", "108113760", "108114180", "108115250", "108116120", "108118060", "108118520", "108121190", "109113281", "109113881", "109119450", "109120150", "109121640", "110114610", "110114920", "110115140", "110117870", "110118880", "110120531", "110120540", "110120560", "110121170", "111114321", "111115400", "111115780", "111116090", "111118810", "111119150", "111120640", "111121351", "111121930", "112116610", "112116640", "112117030", "112117431", "112117580", "112118581", "112118620", "112118820", "112119120", "112119500", "112119950", "112120630", "112120640", "112121410", "113117630", "113118690", "113118870", "113120260", "113120531", "113120591", "113120601", "113120780", "113122120", "113122190", "113122230", "113122510"], "labels": [0, 1, 2, 2, 2, 2, 2, 2, 3, 2, 1, 0, 1, 0, 2, 0, 3, 2, 3, 3, 2, 2, 2, 3, 1, 2, 2, 2, 1, 3, 2, 0, 2, 2, 2, 2, 0, 0, 1, 1, 2, 3, 0, 3, 2, 3, 2, 3, 0, 1, 3, 1, 3, 3, 3, 2, 0, 1, 1, 3, 2, 2, 3, 3, 2, 1, 1, 2, 0, 1, 1, 2, 3, 3, 2, 3, 3, 1, 1, 1, 0, 0, 3, 1, 3, 3, 1, 1, 1, 1, 1, 0, 1, 0, 0, 3, 2, 0, 1, 3, 0, 3, 0, 0, 1, 0, 2, 1, 0, 1, 3, 0, 3, 0, 0, 1, 1, 0, 2, 0, 0, 1, 3, 0, 1, 2, 0, 3, 0, 0, 0, 3, 0, 3, 0, 0, 2, 0, 1, 1, 1, 2], "predicted_labels": [1, 0, 0, 0, 1, 3, 3, 1, 3, 0, 1, 3, 3, 3, 3, 3, 1, 3, 1, 1, 3, 3, 1, 3, 0, 3, 3, 3, 1, 1, 0, 1, 3, 3, 1, 1, 0, 1, 0, 3, 1, 1, 0, 3, 1, 1, 1, 1, 0, 3, 1, 3, 0, 0, 1, 3, 3, 1, 3, 0, 1, 1, 0, 0, 1, 0, 3, 1, 3, 0, 3, 3, 3, 3, 1, 1, 1, 3, 1, 3, 1, 3, 3, 3, 1, 1, 1, 1, 1, 3, 3, 3, 1, 0, 0, 1, 1, 0, 3, 1, 1, 1, 3, 3, 1, 3, 1, 1, 1, 1, 3, 3, 3, 3, 0, 3, 0, 1, 1, 1, 3, 1, 3, 3, 0, 1, 3, 3, 3, 3, 3, 3, 1, 1, 3, 3, 1, 1, 1, 3, 1, 3], "confidence_scores": [[0.2279981962481963, 0.29873544511044503, 0.18318645243645246, 0.29007990620490615], [0.28688920107670113, 0.2603878796641954, 0.17630202436452438, 0.27642089489457916], [0.3436825327450328, 0.2578619436119436, 0.14026904345654345, 0.2581864801864802], [0.3107958152958153, 0.28867725330225336, 0.1520783383283383, 0.24844859307359304], [0.26664128926628927, 0.3145196470196471, 0.13895129870129866, 0.2798877650127649], [0.28663682633791343, 0.2215008325008325, 0.1510806277056277, 0.3407817134556265], [0.2792283549783549, 0.26244498556998563, 0.1519736652236652, 0.3063529942279944], [0.24973170375376263, 0.29401557674351797, 0.1836761016761017, 0.2725766178266178], [0.2717270923520924, 0.2938977827727827, 0.1159285991785992, 0.31844652569652565], [0.3100662670662673, 0.2367815517815519, 0.180520326895327, 0.27263185425685427], [0.21968434343434343, 0.35362090687090686, 0.17263654401154402, 0.2540582056832058], [0.22320994283494297, 0.2896831640581641, 0.1818587107337107, 0.30524818237318235], [0.27785604673104686, 0.2675115578865579, 0.130145202020202, 0.3244871933621935], [0.21443585785129904, 0.2919553363303363, 0.1852890165390165, 0.3083197892793481], [0.269577380952381, 0.2474175685425685, 0.18545297757797763, 0.29755207292707303], [0.2725240453990455, 0.2787109140859142, 0.13242127317127314, 0.31634376734376735], [0.2542117882117882, 0.3627146880896881, 0.1969739565989566, 0.1860995670995671], [0.21280413132619014, 0.2901981303010715, 0.1874847236097236, 0.3095130147630149], [0.2498125117635987, 0.2880934204684206, 0.20052389277389282, 0.2615701749940881], [0.23915162411118307, 0.3098204524233936, 0.16920193001442993, 0.2818259934509934], [0.2870045371295372, 0.22195634920634924, 0.17362004662004665, 0.3174190670440671], [0.2815293872793873, 0.24950574425574415, 0.15663906926406926, 0.3123257992007992], [0.224551162002249, 0.33358658008658004, 0.18605790043290044, 0.2558043574782706], [0.2565261127761128, 0.2946129911754912, 0.14350367249709353, 0.3053572235513025], [0.29887223887223896, 0.2533691586191586, 0.16457883782883787, 0.2831797646797647], [0.21845263968058082, 0.2781580780330781, 0.17662683150183148, 0.32676245078450966], [0.24999671651877522, 0.2624381994424565, 0.18212427849927848, 0.30544080553948993], [0.2688449328449329, 0.24329978354978363, 0.17617436729936725, 0.31168091630591627], [0.19730895493395495, 0.3482215423465425, 0.1752847846597847, 0.2791847180597181], [0.29000230325230336, 0.3371622682872682, 0.16439423076923074, 0.20844119769119762], [0.3064425366300368, 0.2545864690864691, 0.17056980315436196, 0.2684011911291324], [0.29388011988011997, 0.295315392940393, 0.17044974469974472, 0.24035474247974267], [0.22159962259962263, 0.2860067432567433, 0.20292826617826612, 0.289465367965368], [0.2694635454414866, 0.26941047841047844, 0.11556042568542567, 0.34556555046260923], [0.22797204184704192, 0.28405826118326116, 0.2290009018759019, 0.25896879509379517], [0.21688113765319644, 0.33365674113468247, 0.17114135864135865, 0.27832076257076255], [0.31792285492285494, 0.28583769008768994, 0.11832761682761682, 0.27791183816183823], [0.29245705683205697, 0.300557844932845, 0.1648288378288378, 0.2421562604062605], [0.3440567626817629, 0.25909966422466435, 0.1224772727272727, 0.2743663003663004], [0.24893012543012552, 0.2979247835497835, 0.13761056998557, 0.315534521034521], [0.23112837162837166, 0.3198037934287935, 0.19396868409368406, 0.255099150849151], [0.2838085386835387, 0.285947889099205, 0.17910120435120436, 0.25114236786605215], [0.3210374833499835, 0.2571183954933955, 0.1264070998445998, 0.29543702131202126], [0.2787726023976025, 0.2654686147186147, 0.1742994782994782, 0.2814593045843046], [0.24173171273171284, 0.308786297036297, 0.1934212454212455, 0.2560607448107448], [0.2631312784437785, 0.2895435606060607, 0.17338383838383842, 0.27394132256632264], [0.2221055472305472, 0.2927072927072928, 0.19543752081252083, 0.28974963924963937], [0.24751134976134975, 0.2897439227439227, 0.20937021312021312, 0.25337451437451436], [0.31627175602175606, 0.25018001443001436, 0.16074525474525475, 0.27280297480297483], [0.2709431263181263, 0.26378026834276835, 0.16378367465867463, 0.3014929306804307], [0.2634769536019537, 0.29316490453990457, 0.1730406676656677, 0.27031747419247404], [0.24003624153624162, 0.29083058608058604, 0.15841690254190252, 0.3107162698412699], [0.33064742202242214, 0.23531356143856147, 0.12473117160617159, 0.309307844932845], [0.3213448079698081, 0.2844505772005772, 0.16418260905760904, 0.2300220057720058], [0.23938632894882905, 0.35014256576756586, 0.15623584054834053, 0.2542352647352648], [0.2680377677877679, 0.2805942113442115, 0.14537738650238644, 0.30599063436563445], [0.23372767714311837, 0.2930367826617828, 0.12032323232323229, 0.35291230787186656], [0.24292242479742485, 0.27672002997003, 0.20482919857919865, 0.27552834665334663], [0.26796176046176057, 0.24872438672438676, 0.1328472222222222, 0.35046663059163075], [0.31432771395271397, 0.2621724386724386, 0.14724489399489396, 0.27625495337995354], [0.21762877400377398, 0.3775941835941836, 0.1800792402042402, 0.22469780219780222], [0.20528024753024757, 0.3403493173493174, 0.21669209956709953, 0.2376783355533356], [0.3029868326118326, 0.2563156704406704, 0.1577047813297813, 0.2829927156177156], [0.3161235382264794, 0.2715042735042736, 0.131291847041847, 0.28108034122740017], [0.2162896825396825, 0.3204585137085138, 0.21956908369408373, 0.24368272005772013], [0.31753674103674095, 0.24785822510822508, 0.1817056277056277, 0.25289940614940626], [0.29099891774891784, 0.2203489357864358, 0.16286120129870124, 0.32579094516594503], [0.21146614496614496, 0.29468006993007, 0.20270733433233434, 0.2911464507714508], [0.26537376512376515, 0.3115818487068488, 0.10850907425907426, 0.314535311910312], [0.3389594849594851, 0.22143743756243764, 0.15056875069375064, 0.2890343267843269], [0.25080050505050516, 0.24731986069486073, 0.18961917249417248, 0.31226046176046174], [0.2482953296703297, 0.28476900876900874, 0.15701352813852806, 0.30992213342213354], [0.27031758519258525, 0.2654663947163949, 0.1747840354090354, 0.2894319846819847], [0.3015107433416257, 0.2421121933621934, 0.1433768037518037, 0.3130002595443774], [0.2751016622266624, 0.3284039571539571, 0.13111109723609723, 0.26538328338328343], [0.2453800921300922, 0.3227931096681097, 0.1609223415473415, 0.27090445665445684], [0.23456643356643359, 0.28801212676212684, 0.19273137973137972, 0.2846900599400599], [0.241509546009546, 0.25365709290709293, 0.18651297313797316, 0.3183203879453881], [0.17829466366966362, 0.3044727633477634, 0.22567981324231326, 0.29155275974025974], [0.237246447996448, 0.2524263930513931, 0.22043251193251187, 0.28989464701964707], [0.2451743534243535, 0.32791008297258306, 0.14489905927405922, 0.2820165043290044], [0.2664078282828283, 0.27877698690198693, 0.16987826062826067, 0.28493692418692435], [0.2623124930624931, 0.28895207570207576, 0.13245027195027195, 0.3162851592851593], [0.2157738095238096, 0.29508910533910554, 0.1632422438672439, 0.32589484126984125], [0.16791609085359085, 0.334907196969697, 0.25427512765012766, 0.24290158452658456], [0.26062783744033746, 0.296522866022866, 0.15505782412032412, 0.2877914724164725], [0.2650696803196803, 0.3103050838050838, 0.1711287878787879, 0.25349644799644816], [0.2214507575757576, 0.3153732378732379, 0.18968056943056955, 0.2734954351204352], [0.24307869907869908, 0.29533459595959605, 0.18117665667665672, 0.28041004828504834], [0.25428325840825844, 0.2218154900654901, 0.1715256132756133, 0.3523756382506382], [0.2024814352314352, 0.29790427627927624, 0.16971818459318452, 0.3298961038961039], [0.2906815823065823, 0.26666237928737924, 0.15148985736485734, 0.2911661810411812], [0.24234206071706071, 0.3202639166389167, 0.17824905649905656, 0.2591449661449663], [0.3071209623709624, 0.27632908757908764, 0.12343265068265065, 0.2931172993672993], [0.3289947691197691, 0.27936152736152736, 0.15082101232101233, 0.24082269119769123], [0.20951875901875905, 0.30982269119769135, 0.20018777056277057, 0.2804707792207793], [0.2704657238186651, 0.27822567016317007, 0.19041314935064932, 0.26089545666751535], [0.2971888389388391, 0.25742334054834054, 0.1505939754689754, 0.29479384504384504], [0.23252927627927633, 0.2809292651792652, 0.20428397990897992, 0.28225747863247874], [0.28459740259740257, 0.313580932955933, 0.1668294205794206, 0.23499224386724393], [0.2589791874791876, 0.3073101759351759, 0.13177172827172826, 0.3019389083139084], [0.2358551587301587, 0.3057477106227107, 0.18943073593073584, 0.2689663947163947], [0.288001554001554, 0.2438696442446443, 0.1452973137973138, 0.322831487956488], [0.2612176573426573, 0.2726144133644133, 0.11527411477411478, 0.3508938145188146], [0.2643972000222, 0.3243475274725276, 0.1560676268176268, 0.2551876456876457], [0.2676167027417028, 0.2541722582972584, 0.20604870129870137, 0.2721623376623377], [0.16466715922965922, 0.34463491369741367, 0.1707047813297813, 0.3199931457431457], [0.21357037815126056, 0.33617105117105134, 0.17358134920634918, 0.2766772214713392], [0.2558447594072594, 0.28680821262071265, 0.1754500915750916, 0.28189693639693636], [0.21633950771450777, 0.29954517704517714, 0.18782725607725606, 0.29628805916305917], [0.3113652250527252, 0.25003230796980797, 0.12327085414585413, 0.31533161283161276], [0.2592839660339661, 0.26439209401709407, 0.16469047619047622, 0.3116334637584637], [0.28374512987012995, 0.25366829004329006, 0.1674507575757576, 0.2951358225108225], [0.26132909451659453, 0.2713664876789877, 0.17634157509157503, 0.29096284271284284], [0.30018807581307594, 0.26869888444888457, 0.16068212343212337, 0.2704309163059163], [0.2825776168276169, 0.24869390331890334, 0.15969637307137305, 0.3090321067821068], [0.3152958152958153, 0.28683176545676553, 0.14731830669330667, 0.2505541125541126], [0.23008344433344438, 0.31031826506826504, 0.1611864524364524, 0.29841183816183825], [0.25839484126984136, 0.2788776223776225, 0.2015751193251193, 0.26115241702741704], [0.26707965645465653, 0.31535389610389614, 0.1335295815295815, 0.2840368659118659], [0.24908412910618793, 0.27858271793565914, 0.18261273448773452, 0.2897204184704186], [0.2225856365856366, 0.33019899544899545, 0.14839237151737153, 0.2988229964479965], [0.2574572510822511, 0.2601611305361306, 0.20041029803529806, 0.2819713203463204], [0.2512559523809524, 0.2915106421356422, 0.14306439393939394, 0.31416901154401156], [0.28616605616605617, 0.2679055527805529, 0.1633012265512265, 0.2826271645021646], [0.2538593073593075, 0.29147684260184265, 0.193583152958153, 0.26108069708069714], [0.2973188894438895, 0.21332198357198362, 0.11312734487734484, 0.3762317821067821], [0.31759122331916456, 0.2144717365967366, 0.11301815831227591, 0.35491888177182296], [0.22881432456432452, 0.26019087856587864, 0.1892699522699523, 0.32172484459984463], [0.18741648629148627, 0.2623297258297257, 0.14465891053391053, 0.4055948773448775], [0.27183799533799535, 0.2613891108891109, 0.15513918026418025, 0.31163371350871366], [0.27464520202020215, 0.2853294483294484, 0.12871253746253744, 0.3113128121878121], [0.2537791146761734, 0.3146007554536966, 0.16635420135420137, 0.26526592851592856], [0.21600681263181268, 0.31529261016761023, 0.15471757409257408, 0.31398300310800314], [0.25382858807858816, 0.280539862914863, 0.15322673160173161, 0.3124048174048174], [0.19111462842712845, 0.28685398629148634, 0.208372113997114, 0.3136592712842713], [0.21350366300366302, 0.3210257242757244, 0.16260962648462646, 0.30286098623598634], [0.2249212454212455, 0.3271127761127762, 0.1968615967365968, 0.2511043817293818], [0.23870396270396266, 0.31926928626928625, 0.130997890997891, 0.31102886002886], [0.25351226551226563, 0.2771025641025642, 0.17836316461316465, 0.29102200577200577], [0.2646774198024198, 0.28444968919968927, 0.187508547008547, 0.263364343989344], [0.16946350871350865, 0.2897467532467532, 0.23447191697191702, 0.3063178210678211]]}}