{"test": {"ids": ["99117740", "103112641", "98107010", "108121410", "108118810", "99108460", "107113360", "110117500", "97107681", "106117650", "109118820", "98111620", "104111830", "108117720", "99112531", "109115380", "107116340", "102121700", "105115380", "113118870", "99107950", "112118421", "106120290", "98120530", "99109311", "108116070", "97116500", "109114220", "108114220", "110115250", "113122220", "113121680", "97105960", "110120700", "101112690", "110121450", "102109910", "99107630", "107116300", "103113610", "110118930", "105113330", "103112470", "112119580", "98108970", "98106560", "112121430", "111119300", "98108370", "113118690", "108116501", "108116120", "97110950", "102110050", "97107950", "105115900", "104118340", "110118121", "107114490", "113122180", "111116530", "112121410", "105116090", "102113981", "113121190", "102110750", "111121410", "97113900", "113117401", "102110890", "99108010", "111119250", "111117000", "111116040", "105116441", "99108890", "112116290", "98112300", "100110050", "110121720", "100117420", "100115700", "108113620", "97107260", "110118161", "101108500", "97106770", "101108121", "102113350", "111121351", "112116810", "98112170", "100112060", "99113260", "106114880", "98109230", "108121351", "105119550", "102116500", "106114011", "111119340", "102114270", "108113700", "111119950", "105113620", "106111321", "109118701", "101114990", "98116500", "101119591", "108118301", "98107340", "98107210", "112117780", "110115120", "102109840", "109120621", "110118630", "101108580", "112118820", "104111531", "100111390", "110115890", "107116501", "97116410", "104113170", "100109980", "110113931", "99108000", "104114410", "104111711", "105110251", "110117200", "107113260", "105112260", "110117870", "103110220", "97106000", "112117580", "111120190", "99111930", "103120290"], "labels": [2, 3, 3, 0, 1, 0, 0, 1, 3, 1, 3, 3, 3, 1, 3, 3, 3, 1, 1, 0, 1, 3, 2, 1, 1, 1, 2, 3, 3, 1, 1, 1, 2, 2, 1, 3, 2, 2, 0, 2, 1, 3, 1, 3, 3, 1, 2, 1, 1, 3, 0, 1, 3, 3, 2, 3, 2, 3, 3, 2, 3, 0, 1, 1, 1, 1, 0, 2, 3, 0, 2, 1, 0, 0, 1, 0, 0, 2, 3, 3, 2, 1, 3, 2, 0, 3, 3, 0, 3, 0, 3, 3, 2, 0, 0, 1, 3, 1, 1, 1, 3, 3, 0, 0, 0, 0, 3, 3, 2, 0, 1, 0, 1, 0, 0, 2, 1, 1, 0, 0, 0, 2, 2, 1, 3, 3, 1, 1, 2, 1, 1, 0, 3, 0, 3, 3, 2, 0, 0, 3, 1, 2], "predicted_labels": [3, 0, 0, 1, 3, 3, 1, 3, 3, 1, 1, 1, 1, 3, 0, 1, 1, 0, 1, 0, 2, 3, 1, 3, 1, 2, 1, 3, 1, 3, 1, 3, 3, 1, 1, 1, 3, 3, 1, 1, 1, 0, 1, 1, 1, 1, 3, 3, 1, 1, 0, 0, 3, 1, 3, 1, 1, 3, 3, 3, 1, 1, 3, 1, 1, 1, 3, 0, 0, 3, 1, 3, 1, 0, 1, 3, 1, 3, 1, 1, 1, 3, 3, 1, 3, 3, 0, 0, 3, 3, 3, 1, 3, 1, 1, 0, 3, 1, 1, 0, 1, 3, 0, 3, 1, 3, 1, 1, 0, 3, 3, 1, 3, 3, 3, 1, 3, 1, 0, 0, 3, 1, 1, 3, 1, 3, 1, 1, 3, 3, 2, 3, 1, 3, 1, 1, 3, 3, 1, 3, 1, 2], "confidence_scores": [[0.26658261183261184, 0.2332512071262071, 0.23074242424242425, 0.2694237567987568], [0.2922879204129204, 0.26096951659451667, 0.20296149683649684, 0.24378106615606612], [0.3378556443556446, 0.2427130785880786, 0.13332978132978132, 0.28610149572649574], [0.26309848484848486, 0.32557665945165937, 0.20250162337662336, 0.20882323232323227], [0.21831367243867253, 0.2928503302253302, 0.15152895715395712, 0.33730704018204016], [0.22851767676767676, 0.2483947163947165, 0.15181137816431933, 0.3712762286732875], [0.21715487290487293, 0.3389955946830947, 0.1787201548451548, 0.2651293775668776], [0.2420246420246421, 0.2647755161505162, 0.1872124819624819, 0.3059873598623599], [0.2074852786102786, 0.24998885836385848, 0.24654924242424237, 0.29597662060162055], [0.22292135642135644, 0.28244336219336225, 0.23062337662337667, 0.2640119047619047], [0.15763221500721497, 0.3132846181596182, 0.2406210594960596, 0.2884621073371073], [0.19784601509601518, 0.3200508658008658, 0.23560119047619055, 0.24650192862692863], [0.20657756132756147, 0.30487797619047613, 0.19179455266955267, 0.29674990981240973], [0.2373958402708403, 0.2765518648018649, 0.16682924020424006, 0.31922305472305473], [0.29874615662115667, 0.22398977411477414, 0.19955290542790544, 0.2777111638361638], [0.19765931290931296, 0.3222887667887669, 0.18069803807303805, 0.29935388222888215], [0.25353300865800865, 0.32360582473082466, 0.17528522866022864, 0.24757593795093794], [0.30556845238095237, 0.26693569624819635, 0.2023938838938839, 0.22510196747696745], [0.19667947330447322, 0.3347292013542015, 0.2221670274170274, 0.246424297924298], [0.2966522297147299, 0.2749073981573981, 0.15335777417027413, 0.275082597957598], [0.1434473304473304, 0.2807920274170275, 0.32089395326895337, 0.2548666888666889], [0.25918775668775673, 0.2781985930735931, 0.14599857087357088, 0.3166150793650793], [0.24866275391275391, 0.269689060939061, 0.21710429847929846, 0.2645438866688867], [0.23033672863084628, 0.279467352092352, 0.17624404761904755, 0.31395187165775396], [0.22832215007215, 0.30346650571650574, 0.1920257381507381, 0.2761856060606062], [0.21990022803993392, 0.2538039109583228, 0.26991202261790503, 0.2563838383838383], [0.23046657509157506, 0.2607541486291487, 0.25635286935286933, 0.2524264069264069], [0.2062306443556443, 0.2777996031746031, 0.19562500000000008, 0.32034475246975247], [0.2478684509934511, 0.287071608946609, 0.2452387612387612, 0.21982117882117883], [0.26775079087579085, 0.26144311244311247, 0.14593091630591634, 0.32487518037518043], [0.21572841047841046, 0.308912518037518, 0.20812386224886217, 0.2672352092352093], [0.19845261682761678, 0.30012283549783547, 0.19196296758796763, 0.30946158008658015], [0.20217231379731382, 0.2085506715506715, 0.2645544871794872, 0.3247225274725274], [0.2466971500721501, 0.27017784992784993, 0.22451966089466102, 0.2586053391053391], [0.1896541514041513, 0.29095268620268633, 0.24267439504939514, 0.2767187673437673], [0.2821197691197692, 0.31107287157287156, 0.15406331168831167, 0.2527440476190477], [0.27208300033300037, 0.2577187118437118, 0.19246166333666337, 0.2777366244866245], [0.2820101010101011, 0.22946325896325895, 0.1962694805194805, 0.2922571595071595], [0.2670475357975358, 0.28731721056721066, 0.19648386335886334, 0.24915139027639036], [0.22823726273726272, 0.27072649572649576, 0.26957546620046635, 0.23146077533577536], [0.25745066045066045, 0.30652090964590967, 0.17380795593295592, 0.2622204739704739], [0.33083578921078927, 0.18809765234765244, 0.18696141358641355, 0.29410514485514494], [0.2431651404151404, 0.2930035658785659, 0.1738692002442002, 0.28996209346209345], [0.21189561827061826, 0.31313937451437457, 0.17898556998557005, 0.2959794372294372], [0.2560393356643357, 0.30400080475080477, 0.20222419247419246, 0.23773566711066713], [0.27777994227994235, 0.29425326756576764, 0.19506041181041184, 0.2329063783438784], [0.2708730991230992, 0.27970491314241314, 0.16300396825396823, 0.2864180194805194], [0.236321608946609, 0.2655853174603175, 0.19128138528138533, 0.30681168831168837], [0.20890616328116327, 0.28346182983683, 0.25204237429237425, 0.2555896325896326], [0.25416576479076486, 0.2813003801753802, 0.19664117826617822, 0.2678926767676768], [0.3161231692284324, 0.26567279942279937, 0.14881959633933314, 0.269384435009435], [0.2936550394050394, 0.22031857031857036, 0.21259561272061267, 0.2734307775557776], [0.25722312409812415, 0.2483653152403152, 0.19563140331890327, 0.29878015734265734], [0.2247264957264958, 0.29755344655344657, 0.22686381673881684, 0.25085624098124104], [0.24227156177156178, 0.2426113053613053, 0.24064450826950826, 0.2744726245976246], [0.23104537129537137, 0.2915809607059608, 0.20073135198135197, 0.2766423160173159], [0.16538647463647466, 0.317618561993562, 0.23273204573204567, 0.2842629176379177], [0.29961338661338677, 0.24427104839604832, 0.1473044178044178, 0.30881114718614733], [0.2547382062382062, 0.2683661754911755, 0.15764143495393498, 0.3192541833166833], [0.2455535714285714, 0.2595002497502497, 0.17307833832833835, 0.32186784049284045], [0.271542624042624, 0.3034300699300699, 0.19529696692196694, 0.22973033910533922], [0.24350865800865795, 0.2917747113997115, 0.17990422077922083, 0.28481240981240974], [0.2263479714729715, 0.2613192918192919, 0.18812151737151733, 0.3242112193362193], [0.24104531906002497, 0.31608214661155826, 0.23657483203071447, 0.2062977022977023], [0.2748291847041848, 0.3283737373737373, 0.17484686147186146, 0.22195021645021654], [0.2225336052836053, 0.3174266566766566, 0.25750607725607727, 0.2025336607836608], [0.24784920634920637, 0.30358122433122436, 0.12055748418248415, 0.3280120851370852], [0.27172212509712507, 0.2666489760239761, 0.22908140470640473, 0.23254749417249418], [0.29083949456975783, 0.26967135642135637, 0.15385254949728633, 0.2856365995115995], [0.24404166666666677, 0.24232924020424026, 0.24138486513486512, 0.272244227994228], [0.20768759018759017, 0.32696091408591405, 0.24401060051060047, 0.2213408952158952], [0.21011147186147183, 0.27882924020424016, 0.19561581474081474, 0.3154434731934731], [0.20073322510822514, 0.3118191391941392, 0.20706843156843152, 0.2803792041292041], [0.28874832112332105, 0.25531277056277063, 0.19756240981240983, 0.2583764985014985], [0.2218124236874237, 0.2811583485958486, 0.24600190781440787, 0.2510273199023198], [0.2436353368853369, 0.28270412920412924, 0.1865795177045177, 0.28708101620601634], [0.24628284215784213, 0.3030338827838828, 0.20960216172716173, 0.24108111333111332], [0.2396443001443002, 0.22081132756132757, 0.1815983044733044, 0.3579460678210678], [0.21192112054612056, 0.28971679709179715, 0.2372702713952714, 0.261091810966811], [0.2295501443001443, 0.3459945887445889, 0.20959949772449768, 0.21485576923076927], [0.21889898989898984, 0.2897890304140304, 0.24254816017316017, 0.2487638195138195], [0.2319588744588745, 0.29375487012987006, 0.1580779220779221, 0.31620833333333337], [0.2527500000000001, 0.2957530663780664, 0.15491720779220775, 0.2965797258297258], [0.18065692640692638, 0.2829957264957267, 0.26000414862914867, 0.27634319846819844], [0.29556264568764573, 0.22249981962481957, 0.17170124320124322, 0.3102362914862915], [0.26159816572316574, 0.26850165112665114, 0.1881900183150183, 0.2817101648351648], [0.320988455988456, 0.259036075036075, 0.21141049228549227, 0.20856497668997664], [0.2986572316572316, 0.29559691697191703, 0.18083906371406366, 0.22490678765678773], [0.22900849150849154, 0.23667501942501945, 0.24763243700743712, 0.2866840520590522], [0.2660856227106227, 0.27895761183261186, 0.15667092629592624, 0.29828583916083923], [0.23471735209235217, 0.27211183261183275, 0.2158955627705628, 0.27727525252525254], [0.2760342019092019, 0.29830554168054163, 0.1632749403374403, 0.2623853160728161], [0.2507213342213343, 0.2596199078699079, 0.20956257631257635, 0.2800961815961817], [0.23496855921855922, 0.28041666666666676, 0.20957341269841262, 0.27504136141636143], [0.24666919191919187, 0.2701984126984127, 0.23438358863358866, 0.2487488067488068], [0.2972272588522588, 0.2555730935730936, 0.2271328671328672, 0.2200667804417805], [0.2041827200577201, 0.3063690476190477, 0.1817171162171163, 0.3077311161061161], [0.2664167637917638, 0.2948336108336108, 0.1730742451992452, 0.26567538017538017], [0.248235125985126, 0.29415412365412374, 0.21604775779775776, 0.24156299256299266], [0.32277303252303247, 0.2944306804306804, 0.17540698190698195, 0.20738930513930512], [0.21874818237318247, 0.3326996336996338, 0.17275693750693746, 0.27579524642024644], [0.23972523310023314, 0.2699608585858585, 0.16659601509601504, 0.32371789321789324], [0.28071158008658004, 0.2632959956709957, 0.19953914141414153, 0.25645328282828284], [0.24424693362193362, 0.24264520202020207, 0.2034375901875902, 0.30967027417027415], [0.19916214341214336, 0.3153825757575758, 0.2378281163281164, 0.24762716450216454], [0.28185119047619045, 0.2494787157287158, 0.15424000509294625, 0.3144300887021475], [0.25517099567099577, 0.2864297091797091, 0.2202286602286603, 0.238170634920635], [0.21482567432567432, 0.35369314019314013, 0.2148178210678211, 0.21666336441336445], [0.2904646464646465, 0.2704032634032634, 0.16325564713064705, 0.275876443001443], [0.3087046356421357, 0.18310714285714286, 0.14947027278277278, 0.3587179487179487], [0.2519422660672661, 0.2841100011100011, 0.17772359584859587, 0.2862241369741369], [0.25794769119769123, 0.28841214341214355, 0.17904902042402043, 0.274591144966145], [0.24166117216117208, 0.2630726218226218, 0.19208802308802309, 0.303178182928183], [0.26254004329004327, 0.2709029026529026, 0.15831424131424132, 0.30824281274281273], [0.2694417943167943, 0.2858416305916306, 0.1430405844155844, 0.3016759906759907], [0.2357362914862915, 0.3378429487179487, 0.19647595460095463, 0.22994480519480517], [0.25936237373737386, 0.24811850649350656, 0.21656854256854252, 0.2759505772005772], [0.27719937007437007, 0.29092386779886786, 0.16957509157509162, 0.2623016705516707], [0.32628318903318915, 0.1955555833055833, 0.21461403873903875, 0.2635471889221889], [0.3140835137085138, 0.28543632756132775, 0.1512406204906205, 0.24923953823953812], [0.28920564158064166, 0.24254893717393725, 0.14341755466755463, 0.32482786657786655], [0.21309468309468307, 0.30501022588522586, 0.21431105006105025, 0.267584040959041], [0.19480074092574098, 0.342107253857254, 0.17225985125985122, 0.290832153957154], [0.268093018093018, 0.27754514929514934, 0.14819570707070703, 0.30616612554112554], [0.2758374472749473, 0.2759620865245865, 0.2221118603618604, 0.22608860583860582], [0.2483046398046397, 0.2753993645243646, 0.18823405760905762, 0.2880619380619381], [0.26523870573870567, 0.2965274170274172, 0.20336482961482968, 0.23486904761904775], [0.2954828643578645, 0.30094119769119776, 0.13712572150072147, 0.2664502164502165], [0.17316448828948833, 0.29015996503496505, 0.19125765900765906, 0.3454178876678877], [0.2891785714285714, 0.224786741036741, 0.18028576978576974, 0.30574891774891777], [0.21498935786435783, 0.25879996392496396, 0.2847642496392496, 0.24144642857142862], [0.26920256132756115, 0.26064538239538254, 0.19459192196692196, 0.27556013431013443], [0.1933130064380065, 0.3057027972027973, 0.2339128649128649, 0.2670713314463315], [0.22278714341214362, 0.2828890692640694, 0.19993070818070813, 0.29439307914307916], [0.2145720668220669, 0.32461616161616164, 0.18260875235875237, 0.2782030192030192], [0.2223612914862915, 0.2866717171717172, 0.2263818542568543, 0.26458513708513715], [0.17581403318903324, 0.2838782328782329, 0.20382407869907865, 0.33648365523365525], [0.18597817460317462, 0.2636230158730159, 0.23354095904095906, 0.31685785048285053], [0.2530192307692308, 0.28205014430014425, 0.1837129953379953, 0.2812176295926296], [0.25990186202686205, 0.2569087301587302, 0.20517551892551902, 0.27801388888888884], [0.22558302808302805, 0.292614010989011, 0.20249130036630036, 0.27931166056166057], [0.24786594941006712, 0.2438134920634921, 0.2899089105339105, 0.21841164799253032]]}, "rewritten": {"ids": ["97105960", "97106000", "97106770", "97107260", "97107681", "97107950", "97110950", "97113900", "97116410", "97116500", "98106560", "98107010", "98107210", "98107340", "98108370", "98108970", "98109230", "98111620", "98112170", "98112300", "98116500", "98120530", "99107630", "99107950", "99108000", "99108010", "99108460", "99108890", "99109311", "99111930", "99112531", "99113260", "99117740", "100109980", "100110050", "100111390", "100112060", "100115700", "100117420", "101108121", "101108500", "101108580", "101112690", "101114990", "101119591", "102109840", "102109910", "102110050", "102110750", "102110890", "102113350", "102113981", "102114270", "102116500", "102121700", "103110220", "103112470", "103112641", "103113610", "103120290", "104111531", "104111711", "104111830", "104113170", "104114410", "104118340", "105110251", "105112260", "105113330", "105113620", "105115380", "105115900", "105116090", "105116441", "105119550", "106111321", "106114011", "106114880", "106117650", "106120290", "107113260", "107113360", "107114490", "107116300", "107116340", "107116501", "108113620", "108113700", "108114220", "108116070", "108116120", "108116501", "108117720", "108118301", "108118810", "108121351", "108121410", "109114220", "109115380", "109118701", "109118820", "109120621", "110113931", "110115120", "110115250", "110115890", "110117200", "110117500", "110117870", "110118121", "110118161", "110118630", "110118930", "110120700", "110121450", "110121720", "111116040", "111116530", "111117000", "111119250", "111119300", "111119340", "111119950", "111120190", "111121351", "111121410", "112116290", "112116810", "112117580", "112117780", "112118421", "112118820", "112119580", "112121410", "112121430", "113117401", "113118690", "113118870", "113121190", "113121680", "113122180", "113122220"], "labels": [2, 0, 3, 2, 3, 2, 3, 2, 3, 2, 1, 3, 1, 0, 1, 3, 1, 3, 3, 2, 2, 1, 2, 1, 2, 2, 0, 0, 1, 1, 3, 0, 2, 1, 3, 2, 2, 1, 2, 0, 3, 0, 1, 3, 0, 2, 2, 3, 1, 0, 3, 1, 3, 1, 1, 2, 1, 3, 2, 2, 0, 1, 3, 3, 1, 2, 0, 3, 3, 0, 1, 3, 1, 1, 1, 0, 1, 0, 1, 2, 0, 0, 3, 0, 3, 1, 3, 0, 3, 1, 1, 0, 1, 1, 1, 3, 0, 3, 3, 3, 3, 1, 1, 0, 1, 2, 3, 1, 3, 3, 0, 1, 1, 2, 3, 3, 0, 3, 0, 1, 1, 3, 0, 3, 0, 0, 0, 3, 0, 0, 3, 0, 3, 0, 2, 3, 3, 0, 1, 1, 2, 1], "predicted_labels": [3, 3, 3, 3, 3, 1, 3, 1, 3, 1, 1, 3, 0, 3, 3, 1, 0, 1, 1, 3, 0, 1, 3, 3, 3, 0, 3, 1, 3, 1, 0, 1, 3, 3, 1, 3, 0, 3, 1, 0, 1, 0, 3, 1, 3, 1, 3, 0, 1, 3, 3, 1, 0, 1, 1, 3, 3, 3, 1, 0, 3, 1, 1, 1, 0, 1, 3, 1, 0, 1, 1, 1, 3, 0, 1, 0, 1, 3, 1, 3, 3, 1, 3, 3, 1, 3, 3, 0, 1, 1, 3, 1, 3, 3, 3, 1, 1, 3, 1, 1, 1, 0, 1, 1, 3, 1, 1, 3, 1, 3, 3, 3, 3, 1, 3, 1, 1, 1, 3, 3, 3, 3, 0, 1, 3, 3, 1, 1, 3, 0, 3, 0, 3, 1, 1, 0, 3, 3, 1, 1, 3, 1], "confidence_scores": [[0.2412599206349206, 0.23187210012210013, 0.2226655982905984, 0.3042023809523809], [0.25252777777777774, 0.2517979797979798, 0.1659722222222222, 0.32970202020202033], [0.2889532828282828, 0.2085061882561883, 0.20311786824286832, 0.29942266067266066], [0.1994664502164502, 0.26301574814074824, 0.2282575063825064, 0.3092602952602952], [0.22096579809079808, 0.23448946886446895, 0.2303995865245865, 0.31414514652014647], [0.22209991397491394, 0.30100036075036074, 0.19420245726495733, 0.2826972680097681], [0.2530367410367412, 0.2232561882561882, 0.16350297619047624, 0.3602040945165945], [0.28918717393717397, 0.2957722000222, 0.18604123654123655, 0.22899938949938953], [0.26323614579864585, 0.24242377761127767, 0.22945025807525815, 0.2648898185148185], [0.2387055722055723, 0.29100824175824175, 0.24151367382617384, 0.22877251221001216], [0.23593703518703524, 0.29872075147075156, 0.21372846597846604, 0.2516137473637474], [0.26386165223665237, 0.2647641941391941, 0.17039615939615935, 0.3009779942279943], [0.29929334554334547, 0.21831529581529582, 0.233941391941392, 0.24844996669996683], [0.22960521423021427, 0.2632112193362195, 0.21878132978132975, 0.28840223665223674], [0.22450135975135976, 0.26676986901986915, 0.2259563769563769, 0.2827723942723943], [0.25290799478299475, 0.3352069874569873, 0.18446528471528467, 0.2274197330447331], [0.2826590770340771, 0.24305072705072714, 0.25512240537240544, 0.2191677905427905], [0.21152440614940615, 0.3100435952935953, 0.24339321789321786, 0.23503878066378078], [0.265073704073704, 0.28839194139194135, 0.17251622682872675, 0.2740181277056277], [0.26712301587301585, 0.2317198357198358, 0.2016168553668553, 0.29954029304029306], [0.29502170052170057, 0.2834031385281386, 0.14038089688089683, 0.28119426406926407], [0.24738113275613272, 0.29692297979797977, 0.17024891774891773, 0.2854469696969697], [0.28111327561327565, 0.23635858585858582, 0.1929213564213564, 0.28960678210678215], [0.14552398989898985, 0.27842081529581525, 0.2579354395604396, 0.3181197552447552], [0.21080445942945944, 0.3011069763569763, 0.1850236291486292, 0.30306493506493504], [0.27577453102453103, 0.2541271367521367, 0.2144779109779111, 0.2556204212454212], [0.27131006493506493, 0.25484637584637587, 0.1385253586282998, 0.3353182005902593], [0.19960057997557992, 0.31044330669330666, 0.20626906426906427, 0.2836870490620491], [0.18306012043512043, 0.27611689699189695, 0.21663576007326005, 0.3241872224997225], [0.20062931512931503, 0.30335392385392396, 0.25618453768453764, 0.23983222333222343], [0.2849536505161506, 0.2468096694971695, 0.1842846181596181, 0.28395206182706184], [0.24731715506715507, 0.2926462842712843, 0.1836827200577201, 0.2763538406038406], [0.23120188145188136, 0.2302311161061161, 0.22702372627372622, 0.3115432761682762], [0.23961659174159178, 0.27585323010323004, 0.20660278610278612, 0.2779273920523921], [0.22602032689532692, 0.31705580530580535, 0.2127693833943834, 0.2441544844044844], [0.24988431013431014, 0.275260101010101, 0.19463453907203906, 0.2802210497835497], [0.30418284493284486, 0.25723101898101897, 0.17698003385503389, 0.2616061022311022], [0.26964208014208024, 0.21552798590298594, 0.16319065656565657, 0.35163927738927747], [0.25557364857364856, 0.28405255855255857, 0.18227340714840712, 0.27810038572538576], [0.29734096459096454, 0.27565728715728716, 0.1759333444333444, 0.25106840381840384], [0.26278436840936836, 0.27865125152625153, 0.1958803141303141, 0.262684065934066], [0.30867952880452887, 0.18740542790542786, 0.21964664502164497, 0.2842683982683982], [0.2180586496836497, 0.2627248445998447, 0.24010022616272625, 0.2791162795537796], [0.20175750638250625, 0.3181575369075369, 0.2151497252747254, 0.2649352314352315], [0.3142842712842714, 0.1831105561105561, 0.13693738206238204, 0.3656677905427906], [0.21461231823731822, 0.3628790237540238, 0.1843628593628594, 0.23814579864579863], [0.2657914479311539, 0.2541628159422278, 0.1566125720684544, 0.3234331640581641], [0.25986881174381166, 0.2588783022533023, 0.2300708874458875, 0.2511819985569986], [0.24823255910755906, 0.338595238095238, 0.2199272533022533, 0.19324494949494944], [0.2725278471528472, 0.2764745532245533, 0.1686060051060051, 0.2823915945165946], [0.23665531690531696, 0.22895460095460096, 0.25587480574980576, 0.27851527639027635], [0.22623175762146353, 0.30540228480669657, 0.23335700818789057, 0.23500894938394937], [0.2844485930735931, 0.27058874458874455, 0.17888816738816737, 0.266074494949495], [0.2704267676767677, 0.3155860042735042, 0.1865686258186258, 0.22741860223110233], [0.28724843212343215, 0.29742496392496404, 0.17676617826617833, 0.2385604256854257], [0.14829551004551, 0.2797433122433123, 0.23115814740814733, 0.34080303030303044], [0.25223230935730934, 0.2887488067488067, 0.16978971028971027, 0.2892291736041737], [0.2797475163725164, 0.2537900432900433, 0.1686062340437341, 0.29785620629370646], [0.20741518204018206, 0.28498977411477416, 0.27401730214230224, 0.2335777417027417], [0.2579957264957265, 0.2524316239316239, 0.25051877289377295, 0.23905387667887668], [0.2798121461871462, 0.2874604978354979, 0.14150407925407923, 0.2912232767232768], [0.2859642857142857, 0.28745454545454546, 0.17525198412698414, 0.2513291847041847], [0.20858333333333334, 0.31741122072372074, 0.17622866022866024, 0.29777678571428573], [0.2473912337662338, 0.32830208680208683, 0.16377976190476187, 0.2605269175269176], [0.3030047799422799, 0.23107885864135866, 0.20416004828504825, 0.2617563131313132], [0.17198255910755914, 0.3397577422577423, 0.19562814962814962, 0.29263154900654903], [0.2446212329337329, 0.2829399697524697, 0.173878663003663, 0.2985601343101344], [0.24525198412698412, 0.3035986652236652, 0.19201641414141413, 0.25913293650793656], [0.31335510323010335, 0.21730441780441784, 0.1840122169497169, 0.28532826201576195], [0.2934700022200022, 0.3086313131313132, 0.17915734265734268, 0.21874134199134204], [0.2513363997113997, 0.31977664002664014, 0.17418308080808076, 0.25470387945387946], [0.21083927183927176, 0.3195463564213565, 0.22166537629037628, 0.2479489954489954], [0.21683007270507276, 0.3028738067488068, 0.1672178377178377, 0.3130782828282828], [0.28981486568986575, 0.2601689768564767, 0.21801536657786655, 0.2320007908757908], [0.26691991341991345, 0.2971762265512266, 0.15753896103896098, 0.278364898989899], [0.29230924630924626, 0.2757285076035077, 0.14883013718307836, 0.2831321089041677], [0.30819065656565653, 0.31766305916305915, 0.17874449161949163, 0.1954017926517927], [0.24336126373626374, 0.28339600677100685, 0.17907106782106777, 0.2941716616716617], [0.23519666444666446, 0.3265193001443002, 0.18947649572649564, 0.24880753968253969], [0.2820762432012432, 0.25524837662337674, 0.1715678765678765, 0.2911075036075036], [0.25608692696192703, 0.2601708152958154, 0.16169658119658123, 0.3220456765456766], [0.2851700937950937, 0.3542860195360198, 0.14091336441336438, 0.21963052225552232], [0.22048310023310022, 0.29479996392496405, 0.15896626984126982, 0.325750666000666], [0.22779960317460318, 0.2501603535353536, 0.1569951298701298, 0.36504491341991346], [0.23133158508158527, 0.3191865218115218, 0.18845243645243648, 0.26102945665445665], [0.24628132978132974, 0.2357794566544568, 0.18073322510822515, 0.3372059884559886], [0.23442784992784993, 0.28132178932178936, 0.1833403679653679, 0.3009099927849928], [0.32179713342213345, 0.2747974386724388, 0.18620611333111342, 0.21719931457431463], [0.2395150821400822, 0.3185974997224998, 0.20094388944388936, 0.24094352869352878], [0.23242458929958926, 0.2890717060717063, 0.25390034965034963, 0.2246033549783551], [0.28855963480963487, 0.1850517815517815, 0.17255158730158737, 0.35383699633699645], [0.2864760524563156, 0.3085700410700411, 0.1656885190832559, 0.23926538739038744], [0.22325178987678984, 0.2798983655233656, 0.16955723443223436, 0.32729261016761013], [0.2631394577644577, 0.26713182650682654, 0.18507359307359306, 0.28465512265512266], [0.2526747835497835, 0.2972335303585304, 0.13548881673881671, 0.31460286935286924], [0.27218120768120774, 0.2910239898989899, 0.15750392662892662, 0.2792908757908758], [0.26108606263018036, 0.35332833832833827, 0.16150360750360748, 0.2240819915378739], [0.2430977078477078, 0.26699007936507935, 0.211761544011544, 0.2781506687756688], [0.17764453601953611, 0.3410334942834944, 0.14986544011544012, 0.33145652958152966], [0.2778927322677323, 0.3140521006771008, 0.16352522477522477, 0.24452994227994243], [0.22631721056721057, 0.3211744991119992, 0.2016070457320458, 0.2509012445887447], [0.2891887973137974, 0.2746414696414697, 0.16467723942723944, 0.2714924936174936], [0.2791017177267177, 0.30313353313353325, 0.1558846431346431, 0.2618801060051059], [0.26669719169719175, 0.2982364718614719, 0.13908226495726494, 0.2959840714840715], [0.2380580253080254, 0.29764946164946166, 0.12840548340548336, 0.33588702963702954], [0.2288169191919193, 0.32618602231102223, 0.16453379953379954, 0.280463258963259], [0.2326118326118326, 0.3061982323232323, 0.22262247474747476, 0.23856746031746032], [0.2561772394272394, 0.2900483544233544, 0.15688095238095232, 0.2968934537684539], [0.21892725330225335, 0.3188447524697524, 0.22476868964368968, 0.23745930458430467], [0.29890330502830503, 0.23422227772227772, 0.15842335442335442, 0.3084510628260628], [0.2603273532023531, 0.2583108974358975, 0.1647043650793651, 0.3166573842823842], [0.22161843711843712, 0.2826958180708181, 0.17768770118770116, 0.3179980436230436], [0.23336191586191585, 0.2878405344655345, 0.18345261682761688, 0.29534493284493285], [0.2545550144300145, 0.2935524891774892, 0.2066179653679655, 0.24527453102453098], [0.27669520757020766, 0.2610995670995671, 0.15843893606393603, 0.3037662892662893], [0.2590704018204018, 0.34258219558219566, 0.20804646742146748, 0.19030093517593513], [0.2225320512820512, 0.31322673160173176, 0.1569990981240981, 0.3072421189921189], [0.20888374125874118, 0.32023205266955274, 0.22072678710178714, 0.250157418969919], [0.2541565656565657, 0.26760647685647676, 0.20110961260961258, 0.2771273448773448], [0.21658152958152954, 0.27756492118992127, 0.21863349150849148, 0.2872200577200578], [0.2414312215562216, 0.2708986846486846, 0.1747364718614719, 0.31293362193362195], [0.25794376456876456, 0.28558775946275955, 0.1697497363747363, 0.28671873959373956], [0.27734464146964155, 0.24841107503607518, 0.20036802086802083, 0.2738762626262627], [0.2677119963369963, 0.29506776556776565, 0.17941468253968257, 0.25780555555555557], [0.2599004884004884, 0.2808901515151515, 0.16219846819846814, 0.29701089188589197], [0.26731482406482415, 0.2798880425130425, 0.17015432688226798, 0.28264280653986534], [0.2572989371739372, 0.30272342934842933, 0.1878427822177822, 0.25213485125985136], [0.2219435425685427, 0.30841883116883123, 0.20375135281385284, 0.26588627344877347], [0.2504852092352092, 0.2522527056277056, 0.19291862304362312, 0.3043434620934622], [0.31297853535353537, 0.22821590909090905, 0.17693124930624937, 0.28187430624930626], [0.2739687118437118, 0.23594581807081813, 0.12344033254327373, 0.36664513754219646], [0.2962622655122656, 0.22363855588855594, 0.19045242257742262, 0.28964675602175605], [0.24375654900654906, 0.3075048146298147, 0.13792766955266955, 0.31081096681096687], [0.21378643578643575, 0.3473805916305917, 0.1523632756132756, 0.28646969696969693], [0.275178293928294, 0.2820927197802199, 0.1736204906204906, 0.26910849567099565], [0.3038399801952434, 0.2632281746031746, 0.14540238854712537, 0.28752945665445656], [0.24795707070707068, 0.2668696442446443, 0.2121886724386724, 0.2729846126096126], [0.28865464396714413, 0.23664349539349544, 0.1719492937617938, 0.3027525668775669], [0.25795797258297265, 0.3103075396825396, 0.20583495670995675, 0.22589953102453111], [0.2459960317460318, 0.32214159451659446, 0.15318542568542567, 0.27867694805194815], [0.24206283993783995, 0.2634656177156177, 0.1851961788211789, 0.30927536352536356], [0.27533537296037297, 0.2849233405483405, 0.17952736152736157, 0.2602139249639249]]}}