{"test": {"ids": ["110115120", "113121750", "102108621", "100115700", "110116501", "113122120", "113121010", "109121410", "107114110", "101108080", "98106111", "98107340", "107119950", "112118820", "108115880", "105119950", "113119480", "107114950", "107119130", "112116610", "113122320", "110120560", "97116401", "112119120", "107121640", "112116800", "100109330", "97107040", "102109910", "98119591", "111117571", "110115890", "109113281", "103113640", "107118820", "112120630", "100109980", "111119930", "100109890", "103118291", "100120010", "109119340", "110118630", "113122150", "106113360", "109116750", "103112470", "101109370", "113118511", "111120640", "99107560", "108113760", "104119340", "106115250", "102109840", "100108580", "102113210", "98106880", "104116980", "110114561", "111119430", "97113260", "110113931", "103111170", "110121720", "107112840", "105117351", "104114410", "110118161", "100109801", "112119500", "111116990", "107115140", "103113170", "102112250", "106121190", "106116850", "106112770", "106116640", "105112100", "97112830", "99110730", "112121030", "103120780", "112117471", "113118421", "111116640", "107118120", "112118930", "110118880", "98111860", "99111620", "99107630", "104113550", "108113620", "102110050", "98120530", "108117610", "113122510", "104114230", "103110100", "105115250", "99108080", "107114490", "107113360", "104114320", "112120540", "104112201", "100109910", "113120751", "103111620", "111116010", "98116940", "111116170", "105115680", "101108460", "108113700", "100108520", "105115380", "108118810", "106116370", "107114280", "99109840", "98107010", "111118810", "110121450", "104114240", "105112260", "110118301", "110118121", "112116850", "104111830", "106113170", "111118910", "101108121", "113122190", "97105580", "108114040", "99116500", "112117660", "110121500", "104117200"], "labels": [0, 0, 3, 1, 3, 1, 2, 0, 1, 0, 0, 0, 3, 0, 3, 3, 3, 3, 1, 1, 1, 0, 3, 1, 1, 0, 0, 2, 2, 1, 3, 2, 0, 1, 3, 3, 1, 1, 3, 0, 0, 3, 1, 2, 0, 0, 1, 1, 1, 0, 1, 1, 1, 2, 2, 0, 3, 0, 1, 0, 3, 1, 1, 2, 3, 1, 0, 1, 0, 0, 2, 0, 0, 3, 0, 2, 3, 1, 3, 1, 2, 3, 0, 1, 3, 3, 0, 3, 1, 0, 0, 3, 2, 1, 3, 3, 1, 3, 2, 2, 1, 2, 3, 3, 0, 2, 3, 0, 2, 1, 0, 1, 2, 0, 2, 0, 0, 2, 1, 1, 2, 3, 2, 3, 0, 3, 0, 3, 1, 3, 0, 3, 0, 0, 0, 1, 1, 0, 2, 0, 3, 3], "predicted_labels": [1, 3, 3, 1, 3, 1, 3, 3, 3, 1, 3, 3, 1, 3, 1, 1, 3, 3, 1, 1, 1, 1, 1, 3, 3, 1, 1, 1, 3, 3, 1, 1, 3, 3, 3, 3, 0, 0, 3, 3, 1, 1, 1, 3, 1, 1, 1, 1, 1, 1, 1, 1, 1, 1, 3, 1, 3, 3, 1, 1, 1, 3, 1, 3, 1, 1, 3, 0, 0, 1, 1, 3, 3, 1, 3, 1, 3, 3, 3, 3, 3, 3, 0, 1, 1, 3, 1, 1, 3, 3, 1, 1, 3, 0, 1, 1, 3, 3, 1, 3, 0, 1, 1, 3, 3, 1, 1, 3, 2, 1, 1, 1, 1, 1, 1, 1, 1, 3, 1, 3, 3, 1, 1, 3, 3, 1, 1, 1, 1, 3, 3, 3, 1, 3, 3, 3, 1, 1, 1, 3, 1, 3], "confidence_scores": [[0.24243504273504285, 0.3165664280164282, 0.17511173271173278, 0.2658867965367966], [0.24934302086802107, 0.2949806221556221, 0.1235068986568987, 0.3321694583194582], [0.2977867687867688, 0.19444424823542478, 0.1640606282606283, 0.3437083547171784], [0.2496958652458655, 0.28186438006438014, 0.2001189033189033, 0.26832085137085143], [0.2579892052392052, 0.2869065823065823, 0.15849032079032088, 0.2966138916638916], [0.22474568209568213, 0.29053656343656326, 0.22592095682095695, 0.2587967976467977], [0.19776994949494958, 0.3149917193917193, 0.16523477910977913, 0.322003552003552], [0.2478647158397159, 0.24892367632367646, 0.22513593351093364, 0.2780756743256745], [0.2129493561993563, 0.22491950271950278, 0.17834288489288486, 0.38378825618825624], [0.24978303918303923, 0.32138826173826185, 0.18819659784659798, 0.24063210123210127], [0.22141901986902007, 0.27693871683871674, 0.22134516594516607, 0.28029709734709723], [0.19242232767232773, 0.19907863802863807, 0.2789827672327673, 0.3295162670662669], [0.22465952380952375, 0.3016910256410256, 0.1811025252525254, 0.2925469252969253], [0.2919360361860363, 0.26750954045954056, 0.14840817515817525, 0.2921462481962482], [0.25097268287268293, 0.32892362637362643, 0.17808704073704082, 0.24201665001665], [0.23141800976800986, 0.31588445165945167, 0.19137351259851268, 0.261324025974026], [0.22313830058830067, 0.288905339105339, 0.17185112110112125, 0.3161052392052392], [0.27608913308913313, 0.2135186147186148, 0.15224408369408376, 0.35814816849816833], [0.22833115218115232, 0.3216400654900655, 0.17278943278943287, 0.27723934953934976], [0.2326451603951606, 0.34395819735819727, 0.18786030636030648, 0.23553633588633588], [0.24377165644812704, 0.3182617490352784, 0.15539218559218562, 0.2825744089244088], [0.23918131313131327, 0.2971103174603176, 0.22196306748806757, 0.24174530192030208], [0.181192644490013, 0.3247619148395466, 0.2215526973026973, 0.2724927433677435], [0.22346499366646427, 0.24548084105437054, 0.1769152819402821, 0.3541388833388832], [0.2634974469974471, 0.22465343545343547, 0.24616009546009543, 0.26568902208902206], [0.16946494338994356, 0.340015886890887, 0.19746408036408047, 0.2930550893550893], [0.23824161785926504, 0.29368095238095226, 0.2085325821237587, 0.2595448476360242], [0.199845004995005, 0.2906509823509823, 0.2447457597957599, 0.26475825285825283], [0.23242846042846058, 0.21831868686868697, 0.1593032523032524, 0.3899496003996003], [0.22927979242979246, 0.2703360694860696, 0.20515704850704855, 0.29522708957708954], [0.2544421134421133, 0.31807395382395354, 0.1545931956931958, 0.27289073704073713], [0.18345609595083287, 0.3135724164724165, 0.2004348714151346, 0.30253661616161626], [0.27282059884559895, 0.2781172383172384, 0.1507048590298591, 0.2983573038073038], [0.29166937506937507, 0.21393656621156634, 0.1963089743589745, 0.29808508436008435], [0.23273402430902437, 0.24652979797979813, 0.21804576534576545, 0.30269041236541216], [0.2342558802308803, 0.261224655899656, 0.19712629037629045, 0.3073931734931734], [0.2840585137085137, 0.24320495060495073, 0.22005702630702634, 0.25267950937950956], [0.27395772560772563, 0.26533270618270627, 0.2012377677877679, 0.25947180042180046], [0.2287503690753691, 0.2817696081696082, 0.19510399045399057, 0.29437603230103226], [0.23147406482406488, 0.2825558275058275, 0.16707970917970927, 0.31889039849039846], [0.22198637196137208, 0.28777049062049065, 0.2123744283494284, 0.2778687090687091], [0.21921075591075603, 0.2874866133866135, 0.22816739926739943, 0.2651352314352314], [0.1982931845931846, 0.3391135253635251, 0.20128208458208466, 0.2613112054612054], [0.21230517538017538, 0.2623786297036298, 0.20720007492507503, 0.3181161199911199], [0.21694380064380075, 0.29440468420468413, 0.21260783105783115, 0.27604368409368407], [0.21806515151515155, 0.307288455988456, 0.22035144300144308, 0.25429494949494963], [0.22539285714285737, 0.3024601454101454, 0.1954628205128206, 0.27668417693417713], [0.22536414696414692, 0.2959370351870354, 0.2181310522810523, 0.26056776556776573], [0.23089155844155854, 0.307092731451555, 0.2007979140140905, 0.2612177960927961], [0.2335500055500056, 0.3226465201465202, 0.21561210456210458, 0.2281913697413699], [0.18794041514041526, 0.34871216561216567, 0.20915053280053297, 0.2541968864468865], [0.24085685980685975, 0.32608140748140746, 0.19816710511710525, 0.23489462759462768], [0.24984544899544894, 0.2939683427683429, 0.173826961926962, 0.28235924630924625], [0.21844504939504938, 0.31613039738039744, 0.2012799922299922, 0.264144560994561], [0.1669313908313909, 0.2941386224886222, 0.23687564102564107, 0.30205434565434564], [0.24575880230880248, 0.2807975912975913, 0.24901947496947505, 0.22442413142413142], [0.23059256299256303, 0.2566102453102453, 0.18102144522144528, 0.3317757464757465], [0.20638823953823962, 0.26151245421245434, 0.2640464868464869, 0.26805281940281933], [0.18421845376845378, 0.32979427239427245, 0.23260692085692097, 0.253380352980353], [0.2569483682983682, 0.27219134199134215, 0.20602522477522486, 0.2648350649350648], [0.2194329503829505, 0.3461683205683205, 0.1874541847041848, 0.24694454434454444], [0.21153776778776784, 0.20062678432678438, 0.2673079365079365, 0.3205275113775115], [0.23611004551004564, 0.34677173382173404, 0.17481064491064507, 0.24230757575757578], [0.21158333333333346, 0.28068213453213464, 0.1779585359085359, 0.3297759962259962], [0.22752042781779624, 0.28503150913414077, 0.21825227550227555, 0.2691957875457876], [0.2277077311577314, 0.2828754800754801, 0.240865517815518, 0.248551270951271], [0.27769153069153074, 0.250812803862804, 0.16370033300033296, 0.3077953324453326], [0.2979976551226553, 0.2764789155289155, 0.1668742729492731, 0.2586491563991565], [0.2920870851370855, 0.2640840992340993, 0.18664336774336787, 0.25718544788544795], [0.2236662115662115, 0.30910186480186486, 0.20074556554556564, 0.2664863580863582], [0.17995409035409043, 0.3612072594072593, 0.20686305916305917, 0.25197559107559125], [0.2796126005573375, 0.24805889110889118, 0.1648679411232043, 0.30746056721056725], [0.3011566472742941, 0.20401651485769134, 0.13546960261960267, 0.35935723524841157], [0.19564765512265528, 0.319579206904207, 0.2480048118548118, 0.2367683261183263], [0.2512032856032857, 0.23731118326118342, 0.1985968864468865, 0.3128886446886447], [0.17262967783850136, 0.3378585006496769, 0.21851510156510162, 0.2709967199467199], [0.22500714285714293, 0.27870451215451225, 0.21684907314907315, 0.2794392718392718], [0.19769860139860151, 0.2759466699966702, 0.21787640137640157, 0.30847832722832713], [0.24810499500499514, 0.23057181152181166, 0.19126696636696633, 0.330056227106227], [0.2531881174381174, 0.26592716091098445, 0.21250476745476757, 0.2683799541961307], [0.2242327006327007, 0.24533687423687423, 0.21241853424353438, 0.3180118908868909], [0.19697935397935395, 0.2867984570984571, 0.22557459762459767, 0.2906475912975913], [0.3207643079143079, 0.21605903540903548, 0.14263774558774564, 0.3205389110889111], [0.1819737706737708, 0.3430547952047953, 0.19800064380064383, 0.2769707903207902], [0.2578461760461763, 0.33316645021645014, 0.15242109002109, 0.25656628371628387], [0.28795462315462333, 0.2333418914418915, 0.11815238095238101, 0.36055110445110433], [0.21978013828277004, 0.29699098503835347, 0.2085459734709735, 0.2746829032079033], [0.25008538128538144, 0.3157207792207794, 0.17884903984903994, 0.2553447996447998], [0.2587310744810745, 0.2771357142857143, 0.13291399711399715, 0.3312192141192141], [0.21250358530358526, 0.26845214230214254, 0.14856959706959721, 0.3704746753246754], [0.1931554445554446, 0.28482545787545793, 0.27267984711367055, 0.249339250455427], [0.17432372072372077, 0.3357144355644355, 0.2192183094683095, 0.2707435342435343], [0.286434804084804, 0.19429294594294602, 0.17177306027306039, 0.34749918969918975], [0.2843256743256745, 0.2518511044511046, 0.21813440448440455, 0.24568881673881687], [0.22070291375291384, 0.2972781218781221, 0.19208591963591973, 0.2899330447330447], [0.19265541125541116, 0.3044940781440783, 0.25321662781662785, 0.24963388278388285], [0.25854544899544907, 0.25061168276168305, 0.17340646020646028, 0.317436408036408], [0.22719709734709748, 0.25822571317571325, 0.14577250527250532, 0.36880468420468415], [0.1901200410700411, 0.34538093573093576, 0.1872903540903541, 0.27720866910866926], [0.18323765123765134, 0.27181620397146716, 0.24056623931623944, 0.3043799054746424], [0.2853067488067488, 0.21369995633021965, 0.21759715007215005, 0.28339614479088165], [0.2252345931845932, 0.3149229714729712, 0.18489133644133648, 0.2749510989010989], [0.2344318847818849, 0.2878555167055167, 0.2028344766344768, 0.274878121878122], [0.20855033104150755, 0.2958256632256635, 0.1928157202274849, 0.3028082855053443], [0.26515537795537797, 0.24942492507492509, 0.18728654123654132, 0.29813315573315563], [0.2156014874014875, 0.288449322899323, 0.22385409035409043, 0.2720950993450996], [0.2711784271284274, 0.2731717171717173, 0.18622720057720066, 0.269422655122655], [0.2865221520309756, 0.20802562437562452, 0.19006773226773233, 0.3153844913256679], [0.208697113997114, 0.23789370629370643, 0.2921930513930516, 0.2612161283161283], [0.19161108336108354, 0.31374321234321234, 0.2128299311799314, 0.2818157731157732], [0.21576185122067476, 0.2857534909534909, 0.24766336800454447, 0.25082128982129], [0.18204195526695535, 0.3288993395493398, 0.20085456210456218, 0.28820414307914327], [0.20304851814851818, 0.34153462648462624, 0.21004280164280173, 0.24537405372405388], [0.23645520868020883, 0.3251820901320901, 0.164588147963148, 0.27377455322455346], [0.1927677655677657, 0.3206824897324897, 0.21456779331779338, 0.27198195138195136], [0.24910081030081052, 0.3070947441447442, 0.17802012987012994, 0.2657843156843158], [0.28320567765567767, 0.3002618270618271, 0.18670864690864705, 0.22982384837384837], [0.24624333444333457, 0.21345011655011673, 0.18968055278055274, 0.3506259962259961], [0.21510173715173725, 0.30474756909756906, 0.18701263181263175, 0.29313806193806197], [0.2132201631701633, 0.25563273393273406, 0.18894695859695868, 0.34220014430014445], [0.2648545604722077, 0.19855409753645067, 0.19023185703185705, 0.3463594849594847], [0.252676062826063, 0.3098853923853925, 0.18816945276945282, 0.24926909201909198], [0.1878171717171718, 0.2804261405261406, 0.2628708014208014, 0.2688858863358865], [0.23585692640692654, 0.2755742313242313, 0.18191019536019556, 0.3066586469086472], [0.3079344655344656, 0.2532443334443334, 0.12339087579087585, 0.31543032523032527], [0.23617548562548557, 0.3387093295593297, 0.17188252858252862, 0.25323265623265623], [0.2785386724386725, 0.28360724830724837, 0.19013910533910536, 0.24771497391497396], [0.20003366078366086, 0.330286469086469, 0.17539176934176945, 0.2942881007881008], [0.22422427572427575, 0.33512654567654554, 0.20257702297702315, 0.2380721556221557], [0.2854356088356089, 0.2643678155178156, 0.1512815517815518, 0.2989150238650239], [0.18024048729048736, 0.28874275724275744, 0.17101864246864248, 0.35999811299811263], [0.19943147685647697, 0.2790491286491288, 0.19796059218559225, 0.3235588023088024], [0.2010662393162393, 0.36587933177933196, 0.17742822732822744, 0.25562620157620164], [0.21266653069153074, 0.26261644466644474, 0.1954444472194473, 0.3292725774225773], [0.21520823065823078, 0.28090843600843607, 0.16714805194805193, 0.33673528138528136], [0.2366359640359642, 0.2472571151071153, 0.21222148407148403, 0.30388543678543684], [0.23428762348762344, 0.2883689976689978, 0.22147801087801097, 0.25586536796536824], [0.1962449050949051, 0.3230573065823065, 0.18706186036186045, 0.29363592796092813], [0.18043314104196456, 0.28559998139115794, 0.2590289377289377, 0.2749379398379399], [0.2643096847596849, 0.2377779942279944, 0.1798381784881785, 0.3180741425241425], [0.25209005439005455, 0.28422279942279954, 0.1866820790320792, 0.2770050671550672], [0.19932375402375407, 0.27667883227883233, 0.2202840048840049, 0.3037134088134088]]}, "rewritten": {"ids": ["97105580", "97107040", "97112830", "97113260", "97116401", "98106111", "98106880", "98107010", "98107340", "98111860", "98116940", "98119591", "98120530", "99107560", "99107630", "99108080", "99109840", "99110730", "99111620", "99116500", "100108520", "100108580", "100109330", "100109801", "100109890", "100109910", "100109980", "100115700", "100120010", "101108080", "101108121", "101108460", "101109370", "102108621", "102109840", "102109910", "102110050", "102112250", "102113210", "103110100", "103111170", "103111620", "103112470", "103113170", "103113640", "103118291", "103120780", "104111830", "104112201", "104113550", "104114230", "104114240", "104114320", "104114410", "104116980", "104117200", "104119340", "105112100", "105112260", "105115250", "105115380", "105115680", "105117351", "105119950", "106112770", "106113170", "106113360", "106115250", "106116370", "106116640", "106116850", "106121190", "107112840", "107113360", "107114110", "107114280", "107114490", "107114950", "107115140", "107118120", "107118820", "107119130", "107119950", "107121640", "108113620", "108113700", "108113760", "108114040", "108115880", "108117610", "108118810", "109113281", "109116750", "109119340", "109121410", "110113931", "110114561", "110115120", "110115890", "110116501", "110118121", "110118161", "110118301", "110118630", "110118880", "110120560", "110121450", "110121500", "110121720", "111116010", "111116170", "111116640", "111116990", "111117571", "111118810", "111118910", "111119430", "111119930", "111120640", "112116610", "112116800", "112116850", "112117471", "112117660", "112118820", "112118930", "112119120", "112119500", "112120540", "112120630", "112121030", "113118421", "113118511", "113119480", "113120751", "113121010", "113121750", "113122120", "113122150", "113122190", "113122320", "113122510"], "labels": [1, 2, 2, 1, 3, 0, 0, 3, 0, 0, 2, 1, 1, 1, 2, 3, 2, 3, 3, 2, 2, 0, 0, 0, 3, 2, 1, 1, 0, 0, 0, 0, 1, 3, 2, 2, 3, 0, 3, 1, 2, 0, 1, 3, 1, 0, 1, 3, 0, 1, 2, 0, 2, 1, 1, 3, 1, 1, 3, 2, 1, 2, 0, 3, 1, 0, 0, 2, 2, 3, 3, 2, 1, 0, 1, 3, 3, 3, 0, 3, 3, 1, 3, 1, 3, 0, 1, 0, 3, 3, 1, 0, 0, 3, 0, 1, 0, 0, 2, 3, 3, 0, 1, 1, 0, 0, 3, 3, 3, 1, 0, 0, 0, 3, 0, 0, 3, 1, 0, 1, 0, 0, 3, 0, 0, 1, 1, 2, 3, 3, 0, 3, 1, 3, 1, 2, 0, 1, 2, 1, 1, 2], "predicted_labels": [1, 3, 3, 3, 3, 1, 3, 1, 3, 2, 1, 3, 3, 1, 3, 3, 2, 1, 3, 3, 3, 1, 3, 3, 3, 2, 3, 3, 1, 1, 3, 1, 3, 3, 3, 3, 1, 3, 3, 3, 3, 1, 3, 1, 0, 3, 1, 3, 0, 3, 1, 0, 1, 0, 3, 3, 3, 0, 1, 1, 1, 1, 3, 1, 3, 1, 3, 1, 3, 3, 1, 1, 1, 3, 3, 1, 3, 3, 3, 3, 3, 1, 3, 1, 0, 0, 1, 3, 1, 3, 3, 3, 1, 3, 3, 1, 3, 1, 3, 3, 3, 1, 1, 1, 3, 1, 1, 1, 3, 1, 1, 1, 3, 1, 1, 3, 1, 3, 1, 1, 1, 3, 1, 3, 3, 3, 3, 1, 1, 3, 0, 3, 1, 3, 1, 1, 0, 1, 1, 3, 3, 1], "confidence_scores": [[0.23163239538239544, 0.28876835941835943, 0.2089217893217894, 0.2706774558774558], [0.2360105921855922, 0.25932905982905974, 0.21002720890220897, 0.2946331390831391], [0.21690972556854923, 0.24727735401853063, 0.2441314740814741, 0.2916814463314463], [0.23999116634999007, 0.20153382532500186, 0.2176291708291709, 0.34084583749583763], [0.21503184417921273, 0.28108863534126705, 0.21153137973137978, 0.29234814074814086], [0.24586894771894777, 0.282052158952159, 0.19383952158952172, 0.27823937173937174], [0.18649185259185264, 0.2783198559610325, 0.23639141414141426, 0.29879687730570087], [0.22433571820336537, 0.2951285880785881, 0.18828357002474658, 0.2922521236933003], [0.20330829170829184, 0.22383074703074718, 0.2593753135753135, 0.3134856476856478], [0.20223060273060267, 0.24949755244755265, 0.2782731490731491, 0.2699986957486957], [0.2254537185037186, 0.3380663614163616, 0.18253467088467093, 0.25394524919524925], [0.2365170737758974, 0.25741850175967834, 0.20752039072039075, 0.2985440337440337], [0.2571729603729604, 0.24300099345099363, 0.18122764457764468, 0.3185984015984017], [0.18402895992895987, 0.35142161172161185, 0.21067085692085707, 0.25387857142857156], [0.3211754689754689, 0.1977682317682318, 0.1573414177325943, 0.323714881523705], [0.25904603452103464, 0.25923265068265067, 0.1964070901320902, 0.28531422466422485], [0.1607362193362195, 0.2752759240759243, 0.28386233766233754, 0.2801255189255189], [0.1958297979797981, 0.29891143856143854, 0.25038325563325564, 0.254875507825508], [0.18358772338772342, 0.3092347818847818, 0.19756517371517382, 0.3096123210123209], [0.20301312217194575, 0.2625041549953316, 0.2656968253968253, 0.26878589743589754], [0.26953696858696863, 0.22419673104673105, 0.192788924963925, 0.31347737540237536], [0.23038199578199578, 0.30568135753135767, 0.23386876456876468, 0.2300678821178822], [0.2525121140297611, 0.2549748973248975, 0.18992160976278624, 0.30259137888255533], [0.2230061605061606, 0.2815372516372517, 0.19421469086469087, 0.3012418969918971], [0.2262065795315796, 0.2528539682539685, 0.20311235986236004, 0.3178270923520924], [0.23891493506493502, 0.24814243534243546, 0.2569954184704186, 0.25594721112221114], [0.2623839807251573, 0.24137508047508055, 0.20397483888660362, 0.29226609991315877], [0.221868858918859, 0.28258360528360543, 0.199533288933289, 0.2960142468642467], [0.20549996114996116, 0.31509920634920635, 0.19323312243312246, 0.28616771006771], [0.2785861915861915, 0.3219779664779665, 0.15850008880008887, 0.24093575313575316], [0.26701889058653755, 0.2549864282776048, 0.14460764790764793, 0.3333870332282095], [0.2337911366411367, 0.3140634254634255, 0.18496360861360872, 0.26718182928182943], [0.20494894549894555, 0.2789337384837386, 0.23363963813963817, 0.2824776778776778], [0.2864665168165168, 0.20572543012543018, 0.1370855644355644, 0.3707224886224887], [0.20184562463680122, 0.2732827006327007, 0.22276505422681897, 0.3021066205036795], [0.2570517688194159, 0.22623340548340556, 0.16559999249116905, 0.3511148332060095], [0.20311219336219336, 0.2703981795981797, 0.26945927405927417, 0.2570303529803531], [0.2672726273726274, 0.2318574148074149, 0.2014487956487957, 0.2994211621711622], [0.23689504939504952, 0.27236462981462983, 0.18066471306471307, 0.3100756077256079], [0.2308178488178489, 0.25020586635586656, 0.2271316092404329, 0.2918446755858522], [0.2017359140859141, 0.2872865745365747, 0.20989395881895884, 0.3010835525585527], [0.2519033874622111, 0.3111779109779107, 0.2143846189757955, 0.22253408258408264], [0.24673559218559232, 0.27172154512154517, 0.20152890997891001, 0.28001395271395274], [0.21593954378954386, 0.2880417249417251, 0.23641784881784886, 0.2596008824508825], [0.29735463980463983, 0.2570878427128428, 0.15651178821178832, 0.28904572927072925], [0.23886809856809865, 0.2838002608502609, 0.18605120990121002, 0.29128043068043075], [0.22264137908874765, 0.30412057562320727, 0.16996584526584538, 0.30327220002220007], [0.22368325008325007, 0.2915449217449218, 0.19105238095238103, 0.29371944721944715], [0.3186660062160061, 0.21425643800643804, 0.1760200077700079, 0.2910575480075481], [0.25680264180264184, 0.2361778943278943, 0.2446881174381175, 0.2623313464313464], [0.2215675491175492, 0.2729737630790264, 0.24365593850593856, 0.26180274929748626], [0.27957151737151753, 0.2581280552780553, 0.19467037962037967, 0.2676300477300478], [0.21948224553224566, 0.29018941613941635, 0.241997546897547, 0.2483307914307915], [0.31136951659451667, 0.24368234543234552, 0.1660769258519258, 0.27887121212121213], [0.19368581973581983, 0.301812937062937, 0.2019242091242091, 0.302577034077034], [0.21468198468198482, 0.2415360972360973, 0.21788292818292818, 0.32589898989898985], [0.25503542013542013, 0.26902710067710073, 0.15772459762459765, 0.31821288156288147], [0.27115054390054394, 0.2671430160482793, 0.20879152236652238, 0.2529149176846546], [0.21814538239538261, 0.3215481407481406, 0.2024433066933068, 0.25786317016317034], [0.2314661505161506, 0.30634625929625936, 0.20769199134199137, 0.25449559884559897], [0.24118351093351106, 0.3074123376623377, 0.17305649905649906, 0.2783476523476524], [0.19041543456543458, 0.3363645854145855, 0.19620324675324688, 0.2770167332667334], [0.28438707958707954, 0.21979488844488856, 0.1808151959151959, 0.3150028360528363], [0.2595201964701966, 0.29937852425352435, 0.18398568931068937, 0.25711558996559], [0.21278860028860025, 0.2885875901875902, 0.20250101010101015, 0.29612279942279945], [0.2267495226995228, 0.351116958041958, 0.18048642468642476, 0.24164709457209468], [0.20715461760461779, 0.2616725552225554, 0.24168722943722945, 0.28948559773559773], [0.23588848373848376, 0.2840590909090911, 0.21666792929292933, 0.26338449605949615], [0.26787956487956494, 0.24552888222888236, 0.1652948218448219, 0.32129673104673095], [0.24660035520035542, 0.2608225330225331, 0.20100356865356866, 0.2915735431235432], [0.25528601778338633, 0.27876990962254133, 0.21732758352758358, 0.24861648906648914], [0.17711946027828393, 0.3004380155791919, 0.2239731213231214, 0.2984694028194028], [0.22327950382950396, 0.2839528582528584, 0.2107424297924299, 0.28202520812520826], [0.24922212787212783, 0.2659530136530136, 0.18841603396603412, 0.29640882450882466], [0.19401352813852826, 0.2659560606060608, 0.1723467171717172, 0.3676836940836942], [0.2656001942501944, 0.2828507104007105, 0.175934398934399, 0.2756146964146967], [0.2109391996891997, 0.2902365301365302, 0.18931211566211567, 0.30951215451215475], [0.23776083916083918, 0.25797378177378166, 0.1805961149961151, 0.32366926406926405], [0.3053583694083693, 0.21676187423687432, 0.14191360861360866, 0.33596614774114786], [0.246069092019092, 0.2842413697413698, 0.1814336940836942, 0.28825584415584415], [0.23862936507936516, 0.2728328282828283, 0.20043571428571433, 0.2881020923520924], [0.23881804131540985, 0.303540594493226, 0.1686671633921634, 0.28897420079920094], [0.21357903207903214, 0.2914981684981686, 0.19454501609501615, 0.30037778332778337], [0.22002496947496955, 0.3119277999778001, 0.2289622655122656, 0.23908496503496518], [0.27564049284049286, 0.26495153735153737, 0.1946557553557555, 0.2647522144522143], [0.30321734376734394, 0.2913524031524032, 0.19477572427572432, 0.21065452880452887], [0.2700495254745256, 0.274750172050172, 0.21423414085914097, 0.24096616161616163], [0.21786501831501842, 0.2745268509268509, 0.21909667554667558, 0.28851145521145516], [0.24301558441558457, 0.28901965811965824, 0.20156717726717735, 0.2663975801975803], [0.23165039127539136, 0.2469544788544789, 0.15049989454989457, 0.370895235320235], [0.23347505272505287, 0.24000175935175952, 0.1626613497613498, 0.36386183816183826], [0.27068019790666864, 0.27589849562202506, 0.15373066933066937, 0.29969063714063715], [0.22380476190476192, 0.3261904761904763, 0.22191702741702746, 0.22808773448773448], [0.29728181263181275, 0.22928412698412706, 0.15973836163836164, 0.31369569874569875], [0.22923401875901875, 0.23931760461760473, 0.21831836219336234, 0.3131300144300144], [0.2474646686646688, 0.3617640581640583, 0.14686948051948057, 0.24390179265179274], [0.2806115143026908, 0.23388947718947728, 0.1909381977499625, 0.2945608107578696], [0.24198636918636923, 0.3195146742146743, 0.1808772394272396, 0.25762171717171717], [0.19421762681762694, 0.303806043956044, 0.1838548562548564, 0.3181214729714728], [0.25011926406926416, 0.2676914973914974, 0.15313399933399938, 0.32905523920523905], [0.25900613275613277, 0.28397044817927175, 0.15802077922077926, 0.2990026398438163], [0.27837215953980665, 0.28178493173493185, 0.18501452518070174, 0.25482838354456006], [0.24162286879786896, 0.3130609668109669, 0.19932089577089582, 0.24599526862026866], [0.22341277056277067, 0.2937683843933843, 0.19807645687645695, 0.2847423881673882], [0.22505673215673225, 0.2679927350427351, 0.14182460317460321, 0.36512592962592955], [0.2069562715062717, 0.297906870906871, 0.2151044844044844, 0.2800323731823733], [0.27656528851265694, 0.30682841778104925, 0.17149627872127882, 0.245110014985015], [0.2485924908424909, 0.2905947385947386, 0.19911241536241556, 0.2617003552003553], [0.26357215386952243, 0.25526904382167537, 0.20926962481962486, 0.2718891774891775], [0.2108407120657121, 0.3210044455544457, 0.1974451603951605, 0.27070968198468204], [0.22756771284271288, 0.3525937590187589, 0.17056651959151958, 0.24927200854700868], [0.22682935397935405, 0.30291294816294806, 0.1956571067821068, 0.2746005910755912], [0.3058296980796981, 0.21809024309024322, 0.16760107115107126, 0.3084789876789878], [0.2557666638916639, 0.2871189282939284, 0.20437805527805533, 0.25273635253635274], [0.2770036019536021, 0.2981241258741259, 0.12925032190032196, 0.29562195027195015], [0.24330841103341116, 0.2568671162171164, 0.17579470251970264, 0.32402977022977036], [0.22451590631590643, 0.3250289987789988, 0.20908701853701864, 0.2413680763680765], [0.25304778277278284, 0.24956966921966936, 0.21277620157620164, 0.2846063464313463], [0.254600826950827, 0.3064733155733156, 0.1931664391164393, 0.24575941835941864], [0.21639515484515495, 0.37521983571983564, 0.17923975468975478, 0.2291452547452548], [0.21885070762570782, 0.2962940032190032, 0.2351924797424798, 0.2496628094128094], [0.20617060162060163, 0.2732874625374627, 0.20915493395493404, 0.31138700188700197], [0.2286619380619381, 0.3131282994782996, 0.16432594627594635, 0.2938838161838162], [0.21434646464646473, 0.2501818015318017, 0.22292509990009995, 0.3125466339216339], [0.27250546675546683, 0.23325674880674901, 0.17763625263625263, 0.31660153180153183], [0.2118668664668667, 0.290174814074814, 0.13986013431013436, 0.35809818514818503], [0.21062305472305476, 0.2664396103896104, 0.19679935064935075, 0.32613798423798385], [0.19323051393051402, 0.29994559329559345, 0.25602580197580205, 0.250798090798091], [0.27798326118326133, 0.31998203463203456, 0.14690165945165953, 0.2551330447330448], [0.2662394383394384, 0.2093132756132757, 0.16649670884670884, 0.35795057720057694], [0.33541592296592304, 0.20638320013320016, 0.1381608891108891, 0.320039987789988], [0.2819718614718617, 0.23127220557220565, 0.1390820346320347, 0.34767389832389817], [0.20514852369852377, 0.3286614940614941, 0.2107797202797204, 0.25541026196026195], [0.21417090687090692, 0.27869208014208013, 0.1952439671439673, 0.3118930458430457], [0.19968994338994348, 0.2758562715062716, 0.2622248973248973, 0.2622288877788879], [0.21236767676767684, 0.3081523532023533, 0.17528971028971033, 0.3041902597402596], [0.29683286990787, 0.28472119824619824, 0.13342250527250532, 0.2850234265734267], [0.22921835386835399, 0.3142669386169387, 0.23211552891552892, 0.22439917859917866], [0.21110549728049732, 0.2978125041625042, 0.20739011544011549, 0.2836918831168831], [0.2069397546897548, 0.2607550505050507, 0.20748212065712082, 0.32482307414807393], [0.27760836385836396, 0.2766165029415029, 0.14900563325563335, 0.2967694999445], [0.2040766899766901, 0.31933896658896654, 0.208337234987235, 0.2682471084471085]]}}