{"test": {"ids": ["106120640", "99112840", "112118471", "97105451", "107117010", "105115380", "100117420", "104113380", "102108621", "109119010", "108121410", "112118890", "102113981", "104111550", "100108080", "113120260", "102121440", "111115910", "112118880", "110118880", "112117790", "106113170", "106113360", "110115140", "106119990", "105112260", "100109980", "112117660", "104116800", "98106560", "107113260", "106118161", "97108520", "107116501", "109113281", "113122430", "104111880", "108114200", "107114321", "106114150", "100109910", "113119360", "100108490", "101108580", "112121360", "104113170", "108121190", "104111620", "105110251", "110115250", "105118740", "112121010", "100108260", "110118630", "105113330", "100107920", "99108710", "109115220", "110117500", "109118161", "106116370", "107114490", "103120531", "111114121", "107114950", "105112130", "112119980", "105113480", "99113260", "104117200", "109114220", "106115240", "111114321", "111116040", "103112641", "106117650", "105115250", "106119580", "112121430", "107118820", "112118161", "109118231", "102121700", "99111440", "111119930", "109117271", "112119450", "107120260", "108115250", "103111620", "99108000", "111120591", "97106000", "110114610", "101108621", "112116900", "111121930", "107119390", "105119550", "99110730", "110117080", "101109120", "100113370", "108114360", "109117630", "103111170", "97110950", "98109090", "112116290", "109119591", "98106680", "108119330", "102110690", "102109840", "108117451", "98107010", "111120260", "106118520", "100116790", "98116090", "109117431", "113117550", "111121351", "100111390", "99107640", "97114170", "108113480", "110118450", "109117080", "100109890", "111116100", "113118111", "109113591", "104114740", "112119320", "99110050", "113120540", "111116640", "110119891", "98111860", "113122160", "98110680"], "labels": [3, 2, 1, 0, 1, 1, 2, 1, 3, 3, 0, 3, 1, 1, 0, 3, 2, 2, 1, 0, 3, 0, 0, 0, 0, 3, 1, 0, 1, 1, 0, 3, 2, 1, 0, 2, 3, 0, 0, 1, 2, 0, 2, 0, 3, 3, 1, 0, 0, 1, 1, 2, 3, 1, 3, 0, 2, 3, 1, 0, 2, 3, 3, 0, 3, 1, 0, 0, 0, 3, 3, 1, 1, 0, 3, 1, 2, 3, 2, 3, 0, 1, 1, 3, 1, 0, 3, 1, 1, 0, 2, 1, 0, 1, 0, 3, 1, 2, 1, 3, 1, 1, 3, 1, 0, 2, 3, 1, 0, 0, 1, 0, 0, 2, 2, 3, 3, 2, 2, 0, 1, 3, 0, 2, 1, 2, 0, 0, 1, 3, 3, 1, 3, 2, 1, 3, 3, 0, 3, 0, 3, 2], "predicted_labels": [1, 2, 3, 1, 1, 3, 3, 0, 0, 3, 3, 3, 2, 3, 3, 1, 0, 2, 1, 3, 1, 1, 1, 3, 1, 1, 2, 3, 2, 3, 2, 2, 3, 0, 0, 3, 3, 3, 1, 3, 1, 1, 3, 0, 1, 1, 0, 2, 1, 3, 1, 3, 3, 1, 1, 0, 1, 0, 1, 3, 1, 3, 3, 1, 3, 1, 0, 1, 0, 1, 1, 1, 0, 3, 0, 1, 3, 1, 3, 3, 1, 1, 1, 1, 1, 3, 1, 1, 1, 1, 3, 0, 2, 1, 2, 1, 1, 1, 0, 1, 3, 0, 3, 1, 0, 3, 0, 0, 1, 2, 3, 1, 3, 2, 1, 1, 1, 1, 0, 3, 1, 1, 0, 3, 0, 3, 3, 1, 3, 0, 1, 3, 3, 1, 1, 1, 1, 3, 3, 3, 1, 1], "confidence_scores": [[0.1550702009741112, 0.33463652003751587, 0.3117113605215355, 0.19858191846683748], [0.24012461792390616, 0.16009502919284727, 0.441913459326538, 0.15786689355670866], [0.21419136783856185, 0.27878811699380834, 0.16047220480730995, 0.3465483103603198], [0.27568694308455965, 0.3658502480107425, 0.08879704303189413, 0.2696657658728038], [0.15453961449786752, 0.39172936997787444, 0.15550447816958743, 0.2982265373546707], [0.18096526158370002, 0.2777327473166498, 0.2241735716694647, 0.3171284194301856], [0.16400819000674066, 0.21452398680664342, 0.215072638331695, 0.406395184854921], [0.336108784737582, 0.22526656029932227, 0.13966941237238975, 0.29895524259070605], [0.33654888933569854, 0.28163399314190996, 0.14027168492118683, 0.24154543260120462], [0.22900399524077938, 0.24657402691969774, 0.18696328672654, 0.33745869111298293], [0.23019712762698882, 0.26532082750193625, 0.22295336692417586, 0.2815286779468991], [0.16069643066025235, 0.1666196213834263, 0.17428086735864617, 0.49840308059767524], [0.2565842743234787, 0.2092518966159941, 0.2777134738604045, 0.25645035520012277], [0.2321032898637611, 0.25609521302459026, 0.1823451210023416, 0.32945637610930717], [0.27296773556580856, 0.2600423051492056, 0.17266098841247912, 0.2943289708725067], [0.15944406075869785, 0.47901149470950505, 0.1245718760884017, 0.23697256844339554], [0.4912741975371886, 0.18311794167720502, 0.11845486138819289, 0.20715299939741344], [0.26137473000592043, 0.2597671836796811, 0.29481508857043753, 0.18404299774396085], [0.26072693347937725, 0.35626234892772385, 0.15379267269681351, 0.22921804489608558], [0.23905082837233896, 0.29845937650773274, 0.1442690639759796, 0.3182207311439486], [0.17654068785617252, 0.411954287830171, 0.14750524361330092, 0.2639997807003554], [0.23525295276612748, 0.296458398822764, 0.1932613689767915, 0.27502727943431704], [0.2617429653827219, 0.28375346975152194, 0.174891805254722, 0.27961175961103435], [0.2742090498111087, 0.26079077063945716, 0.15677997457955575, 0.30822020496987845], [0.2673242470592904, 0.30422581140915506, 0.16100829239280307, 0.26744164913875135], [0.19579792408331081, 0.28141750870431553, 0.24384944693804797, 0.2789351202743257], [0.22579086950686506, 0.2141361989259942, 0.32164274706832857, 0.23843018449881226], [0.20677001398225883, 0.2806469028044742, 0.2136680999206073, 0.29891498329265964], [0.1756570925934398, 0.20472575994951725, 0.41263555313252914, 0.20698159432451385], [0.22396314789562333, 0.22216813077481104, 0.26010746771124243, 0.29376125361832317], [0.1290231214259893, 0.20611937808471356, 0.41913162150100547, 0.24572587898829162], [0.25078234500914526, 0.15801646911513767, 0.37098217636729885, 0.22021900950841827], [0.20554190688654828, 0.2989938829442234, 0.18427428810990623, 0.311189922059322], [0.34662252311709657, 0.2817185111183303, 0.11569435706257938, 0.2559646087019937], [0.29079311995894275, 0.2520454974598346, 0.173723996388756, 0.2834373861924667], [0.2507880778475712, 0.27690878516715367, 0.1915078705994587, 0.28079526638581664], [0.22632986818646947, 0.18904114144744794, 0.2791205351539405, 0.3055084552121422], [0.20878392729396902, 0.28667902976950976, 0.17136282641016234, 0.33317421652635887], [0.21139305661384786, 0.4025273534856275, 0.1353430658330311, 0.2507365240674934], [0.2880925936151478, 0.2318732946018489, 0.14516116869356163, 0.3348729430894417], [0.2505659717316469, 0.2991867406282827, 0.1633374642191932, 0.28690982342087734], [0.20462386633524868, 0.3313725794792522, 0.19569093966782353, 0.2683126145176756], [0.21755003845191334, 0.3065614349738549, 0.1675534288815394, 0.30833509769269235], [0.4441708460989087, 0.22281476010655343, 0.1251443253683678, 0.20787006842617006], [0.22525445830867918, 0.35366203657393946, 0.12330199131122895, 0.2977815138061526], [0.15119177673863265, 0.3944207045282834, 0.19298077122300897, 0.26140674751007503], [0.29756731803463754, 0.2262897112283143, 0.18082224518676343, 0.2953207255502848], [0.2048604747690955, 0.19759534921863944, 0.3486503804106393, 0.24889379560162583], [0.18457761368233308, 0.48392629655506164, 0.10406750488176922, 0.22742858488083614], [0.2205609610158656, 0.2810840625481852, 0.2035093786989241, 0.2948455977370252], [0.17632156924893816, 0.3861096232006697, 0.18456718053144047, 0.2530016270189518], [0.1821841103117011, 0.28143332933072834, 0.156451750332831, 0.3799308100247396], [0.275632270865064, 0.22482164440666794, 0.13035031898930405, 0.369195765738964], [0.2590045803948416, 0.34178830452583775, 0.11211666560970728, 0.2870904494696134], [0.18823635740950356, 0.35417325121568294, 0.16147834498847152, 0.29611204638634214], [0.4350912069849259, 0.23091362710988175, 0.11972159609637915, 0.21427356980881312], [0.25694683100644156, 0.287230968928846, 0.19422000853234864, 0.26160219153236375], [0.2795923845768315, 0.2075741277540027, 0.2533418726345026, 0.25949161503466345], [0.29404831125708575, 0.30478168511704534, 0.15274237706059654, 0.24842762656527229], [0.20548427958628074, 0.28552943560727645, 0.12088607409532721, 0.38810021071111556], [0.21286064653021278, 0.37224206414027017, 0.1598744754741168, 0.25502281385540043], [0.18172329311420857, 0.24042181667491735, 0.26053063931140796, 0.3173242508994662], [0.277458468560932, 0.2396663309295476, 0.1474778046530106, 0.3353973958565099], [0.33854362727799225, 0.3622837455583815, 0.10066932779317765, 0.19850329937044864], [0.22942921169561734, 0.2741698633907721, 0.20816646392377205, 0.2882344609898384], [0.2709069861769864, 0.28986801236091936, 0.1573172279068941, 0.2819077735552], [0.2898024884687971, 0.24417101515070075, 0.22145788191834823, 0.24456861446215417], [0.25335878249604626, 0.3844881334119047, 0.11755672364348674, 0.24459636044856245], [0.3040988502721364, 0.269200862026148, 0.13675179265388057, 0.28994849504783493], [0.19881741422713373, 0.3167657793794312, 0.17596902135809162, 0.3084477850353434], [0.1653426584362884, 0.3479815510941827, 0.21241315784190426, 0.2742626326276246], [0.23201064566113785, 0.33047928962462103, 0.16140764786969622, 0.27610241684454506], [0.292716120847929, 0.2562681242961759, 0.1824511025860754, 0.2685646522698198], [0.2096723171343398, 0.17297581265562686, 0.11464488138363309, 0.5027069888264003], [0.26418915718067837, 0.23705487323842256, 0.26122317839462655, 0.2375327911862724], [0.1476614925908713, 0.42358557411448533, 0.1167623637169213, 0.3119905695777221], [0.27282850305989437, 0.24580487491374378, 0.18897085837013944, 0.2923957636562225], [0.19247329668070623, 0.3103185734892652, 0.29222450494057634, 0.20498362488945227], [0.18614343785514856, 0.20997036517142031, 0.2762173846363572, 0.32766881233707407], [0.23804505599142642, 0.237312666078626, 0.24039445462471956, 0.28424782330522796], [0.2413591733389503, 0.3967964920504409, 0.12970421640866306, 0.23214011820194586], [0.26671774178430174, 0.3915337628634163, 0.10014110725626439, 0.2416073880960176], [0.1841633046825555, 0.4364098070371848, 0.14677762791595933, 0.23264926036430048], [0.1795386944756705, 0.34338830212087607, 0.1964065657974781, 0.2806664376059756], [0.18258821519896307, 0.4187328450491869, 0.14942950854845072, 0.24924943120339946], [0.20722892279074356, 0.24289783786322466, 0.09332121398070091, 0.45655202536533085], [0.23609955918841746, 0.3023404391971501, 0.2596295378007586, 0.20193046381367402], [0.18065554748950421, 0.426116568881263, 0.18701385383116387, 0.206214029798069], [0.21875012236965038, 0.33340720745754565, 0.14863590328968948, 0.2992067668831146], [0.27101288941122476, 0.3571096109482542, 0.14754191270918138, 0.22433558693133965], [0.18886768750674793, 0.22010102166001755, 0.24483713018299408, 0.34619416065024045], [0.32876574177423634, 0.29600658884698455, 0.13450151398389895, 0.24072615539488004], [0.14339158812984817, 0.17453508584690602, 0.5031738280651324, 0.17889949795811333], [0.1057208176511061, 0.6273179786851042, 0.10367625305830083, 0.16328495060548884], [0.21615808346427684, 0.25961470173259965, 0.2719567366916146, 0.2522704781115091], [0.28644416177074333, 0.30155761285695265, 0.13480818823153023, 0.27719003714077395], [0.17755479284299305, 0.3544628055319645, 0.1854948295396606, 0.28248757208538205], [0.15357550981877768, 0.33756297917366146, 0.2679376264034008, 0.24092388460416003], [0.31025806350975665, 0.22866835500201013, 0.1613684715332552, 0.29970510995497807], [0.17166955896214225, 0.39685463844505664, 0.18971523784906238, 0.24176056474373872], [0.23332109282535576, 0.2927703806874562, 0.17461821799104324, 0.29929030849614485], [0.36592246665985456, 0.21084485466167707, 0.17657742845358293, 0.24665525022488544], [0.1956994187952671, 0.2912422018385411, 0.19055384222604183, 0.3225045371401501], [0.16598695108715686, 0.437858988172563, 0.17394777090312732, 0.22220628983715277], [0.30623775151054505, 0.2809989996390503, 0.16223330303059091, 0.25052994581981397], [0.16077494190832237, 0.2445997786191774, 0.14464468839195443, 0.4499805910805457], [0.5035966380659338, 0.14176475982107933, 0.1074922844439711, 0.24714631766901568], [0.3460665061914354, 0.2614910645420773, 0.14210261129601812, 0.25033981797046895], [0.25098639421099345, 0.4070871310645974, 0.12981693393263027, 0.212109540791779], [0.1487525527369845, 0.16008367030291093, 0.4904843329658628, 0.20067944399424187], [0.20219967771288302, 0.29226748732736985, 0.16609250385936075, 0.3394403311003862], [0.28119982912043195, 0.3032041938761746, 0.15402520163072203, 0.2615707753726712], [0.1774444641927987, 0.3404173455012545, 0.09273502385438406, 0.3894031664515628], [0.17623065054417633, 0.21528995280912896, 0.34993617797698984, 0.25854321866970487], [0.14887168168448903, 0.44336343172862375, 0.14331009824133503, 0.26445478834555225], [0.19700554520670893, 0.32135118391233175, 0.17715220916873023, 0.30449106171222917], [0.18830691418081344, 0.3543170436478543, 0.13452268365336445, 0.3228533585179679], [0.29870790763241917, 0.3226258576735442, 0.14764760173951189, 0.2310186329545247], [0.2829471822141978, 0.2619673562441038, 0.21168897951414675, 0.2433964820275516], [0.3231055508684291, 0.24502817644294433, 0.08959577875262954, 0.34227049393599707], [0.19819567376114297, 0.4572207910195897, 0.15629285625241218, 0.1882906789668551], [0.18380584949578746, 0.4425436293363382, 0.16951428171311878, 0.2041362394547556], [0.3015087149778665, 0.2621311070631926, 0.1525437767480341, 0.2838164012109068], [0.23308506999420825, 0.22148952821306805, 0.22596812721562656, 0.31945727457709705], [0.2748854890745882, 0.24985037710090272, 0.20483047763719067, 0.2704336561873185], [0.23777949621639516, 0.30327759958427747, 0.14871814867648941, 0.310224755522838], [0.1916754597756639, 0.1969267529859799, 0.13474230770999174, 0.47665547952836446], [0.27676803664582855, 0.38669670484750757, 0.16936835458670513, 0.16716690391995878], [0.1993607806490869, 0.2897166581688204, 0.1497383526056035, 0.3611842085764892], [0.3776816600384313, 0.19917881056126413, 0.12868853875704903, 0.29445099064325575], [0.21258092919221955, 0.3303619182583936, 0.20411222647843347, 0.2529449260709534], [0.2737067349727734, 0.21465873338819824, 0.1516908097014852, 0.3599437219375433], [0.24816561132449091, 0.2704183016804719, 0.1480028129562844, 0.33341327403875276], [0.19839365300822936, 0.31833147780292687, 0.1827984270446058, 0.300476442144238], [0.1403122998002879, 0.31919545726337456, 0.2913235573169979, 0.24916868561933958], [0.24699410607880312, 0.2733149764042505, 0.249405274009494, 0.23028564350745248], [0.18949228728346768, 0.3324682723479875, 0.2927233486599679, 0.18531609170857694], [0.17003778714045967, 0.18898275912564955, 0.2603362854708617, 0.3806431682630292], [0.2712815128868011, 0.25124048488956796, 0.19809407938046214, 0.27938392284316893], [0.17115574429241795, 0.28345136475339705, 0.2296665716069333, 0.3157263193472517], [0.15229167861504783, 0.34274319514017165, 0.23029519565226425, 0.2746699305925164], [0.18177126831694704, 0.42864932434460623, 0.13074619915167068, 0.258833208186776]]}, "rewritten": {"ids": ["97105451", "97106000", "97108520", "97110950", "97114170", "98106560", "98106680", "98107010", "98109090", "98110680", "98111860", "98116090", "99107640", "99108000", "99108710", "99110050", "99110730", "99111440", "99112840", "99113260", "100107920", "100108080", "100108260", "100108490", "100109890", "100109910", "100109980", "100111390", "100113370", "100116790", "100117420", "101108580", "101108621", "101109120", "102108621", "102109840", "102110690", "102113981", "102121440", "102121700", "103111170", "103111620", "103112641", "103120531", "104111550", "104111620", "104111880", "104113170", "104113380", "104114740", "104116800", "104117200", "105110251", "105112130", "105112260", "105113330", "105113480", "105115250", "105115380", "105118740", "105119550", "106113170", "106113360", "106114150", "106115240", "106116370", "106117650", "106118161", "106118520", "106119580", "106119990", "106120640", "107113260", "107114321", "107114490", "107114950", "107116501", "107117010", "107118820", "107119390", "107120260", "108113480", "108114200", "108114360", "108115250", "108117451", "108119330", "108121190", "108121410", "109113281", "109113591", "109114220", "109115220", "109117080", "109117271", "109117431", "109117630", "109118161", "109118231", "109119010", "109119591", "110114610", "110115140", "110115250", "110117080", "110117500", "110118450", "110118630", "110118880", "110119891", "111114121", "111114321", "111115910", "111116040", "111116100", "111116640", "111119930", "111120260", "111120591", "111121351", "111121930", "112116290", "112116900", "112117660", "112117790", "112118161", "112118471", "112118880", "112118890", "112119320", "112119450", "112119980", "112121010", "112121360", "112121430", "113117550", "113118111", "113119360", "113120260", "113120540", "113122160", "113122430"], "labels": [0, 0, 2, 3, 2, 1, 1, 3, 1, 2, 0, 0, 1, 2, 2, 3, 3, 3, 2, 0, 0, 0, 3, 2, 3, 2, 1, 2, 3, 2, 2, 0, 0, 1, 3, 2, 0, 1, 2, 1, 2, 0, 3, 3, 1, 0, 3, 3, 1, 2, 1, 3, 0, 1, 3, 3, 0, 2, 1, 1, 1, 0, 0, 1, 1, 2, 1, 3, 2, 3, 0, 3, 0, 0, 3, 3, 1, 1, 3, 2, 1, 0, 0, 1, 1, 2, 0, 1, 0, 0, 3, 3, 3, 1, 0, 1, 0, 0, 1, 3, 0, 1, 0, 1, 1, 1, 0, 1, 0, 3, 0, 1, 2, 0, 3, 0, 1, 3, 1, 0, 1, 0, 3, 0, 3, 0, 1, 1, 3, 1, 3, 0, 2, 3, 2, 3, 1, 0, 3, 3, 3, 2], "predicted_labels": [1, 1, 1, 0, 1, 0, 3, 1, 0, 1, 3, 3, 1, 1, 1, 3, 3, 2, 0, 1, 0, 3, 0, 0, 0, 3, 1, 0, 1, 1, 3, 0, 2, 3, 0, 0, 0, 1, 0, 1, 3, 1, 0, 0, 3, 0, 3, 1, 1, 3, 0, 3, 1, 0, 1, 0, 0, 3, 0, 0, 0, 0, 3, 1, 1, 0, 1, 3, 1, 1, 0, 1, 2, 3, 3, 3, 0, 1, 1, 3, 1, 0, 1, 1, 3, 1, 3, 1, 3, 1, 3, 1, 0, 1, 3, 1, 3, 3, 1, 1, 0, 1, 3, 1, 3, 3, 0, 1, 0, 1, 3, 0, 1, 3, 0, 1, 3, 3, 0, 0, 1, 1, 0, 0, 3, 3, 1, 1, 1, 1, 2, 3, 1, 1, 3, 3, 1, 3, 1, 3, 1, 1], "confidence_scores": [[0.2294134164523767, 0.43177066563914224, 0.1214496095023647, 0.21736630840611632], [0.2334340166607998, 0.2879327066342041, 0.2144980451586779, 0.2641352315463183], [0.23007740561691992, 0.4031724645057336, 0.13555862384522743, 0.23119150603211924], [0.2983165530617007, 0.2631218678135416, 0.17895902134468508, 0.2596025577800727], [0.2671450409223108, 0.2948475046917966, 0.16022956816590272, 0.2777778862199899], [0.32124602425144533, 0.25654052189998755, 0.16910421510347795, 0.2531092387450893], [0.23003727613881056, 0.26114102992375265, 0.2028645146114264, 0.30595717932601046], [0.21373175785958848, 0.3957359185322459, 0.13293244602713078, 0.25759987758103503], [0.3608521850607674, 0.24415030522572406, 0.15411276590233156, 0.24088474381117728], [0.20662198119028538, 0.30328178577501697, 0.21697744506165112, 0.27311878797304656], [0.22718070146795108, 0.2535169490961339, 0.18231378418251448, 0.33698856525340054], [0.13411014361420168, 0.18735459880195565, 0.11617543559612127, 0.5623598219877215], [0.21146778138646297, 0.30853209460906, 0.23238340959230946, 0.24761671441216776], [0.21947996207681394, 0.3124797794414615, 0.18236219543759985, 0.2856780630441247], [0.17707343812948567, 0.3212098980080808, 0.2250709861221245, 0.27664567774030907], [0.23835314139362238, 0.26117868998439464, 0.1960181101230226, 0.3044500584989604], [0.22534981508788174, 0.2939320263598881, 0.16866461165979954, 0.3120535468924306], [0.2042306017432095, 0.22112857065309413, 0.31737044892955896, 0.25727037867413766], [0.31018589919496137, 0.28756466733196734, 0.15658515922229815, 0.24566427425077325], [0.18543174895037526, 0.33678661072826793, 0.2056033217810607, 0.272178318540296], [0.3174725611745116, 0.27451159435405786, 0.15328605648813998, 0.25472978798329066], [0.25629841547396953, 0.24506466508118507, 0.22558743547715432, 0.27304948396769124], [0.31009413652262946, 0.26432033526488796, 0.1680546544130421, 0.25753087379944034], [0.2992952164144338, 0.2554010110312563, 0.17370777793727893, 0.27159599461703093], [0.3438788621858584, 0.2643946724876649, 0.1593269620306348, 0.232399503295842], [0.22690085893889958, 0.29153402717120036, 0.18349218038219392, 0.29807293350770614], [0.22452857086221317, 0.28575187819409664, 0.23640548305699405, 0.2533140678866961], [0.3106372334987872, 0.2247299096578556, 0.16396911397520766, 0.3006637428681495], [0.24710325461194887, 0.3395631764670914, 0.1622353638483554, 0.25109820507260433], [0.2300747624978461, 0.2941064294415385, 0.1856461136470406, 0.2901726944135749], [0.22986325774395544, 0.2728382623704546, 0.17022127835877074, 0.3270772015268192], [0.4967646487408106, 0.18774181000658544, 0.11856011966405888, 0.196933421588545], [0.25708264018992316, 0.2162206889766638, 0.31639701625074346, 0.2102996545826696], [0.27196959282029803, 0.2591328200012505, 0.17033533216246768, 0.2985622550159838], [0.459613661991611, 0.18217454017770598, 0.10298399397073756, 0.2552278038599453], [0.2847262903448758, 0.2732299015194754, 0.17246841371530436, 0.26957539442034434], [0.29837198095138373, 0.27081188592281497, 0.16782084122702232, 0.2629952918987792], [0.19125634372320208, 0.3421912440630799, 0.18810987732086093, 0.27844253489285714], [0.39780961806305104, 0.2615370567093995, 0.11382766677590986, 0.22682565845163963], [0.2804881977597062, 0.3112111936514902, 0.13873849515113879, 0.2695621134376649], [0.1947465904166755, 0.29513503585489914, 0.1892990933448914, 0.320819280383534], [0.2738256134897554, 0.2825178266244245, 0.1885571707281825, 0.2550993891576376], [0.29784611352667917, 0.2859105344785817, 0.15163288223905702, 0.2646104697556821], [0.30390797232929856, 0.28316562757092933, 0.153881262358125, 0.25904513774164734], [0.24644452390833055, 0.261340495188249, 0.16777848924985592, 0.3244364916535647], [0.34293972577538434, 0.28178026550267266, 0.1345202751826883, 0.2407597335392547], [0.24582570494774325, 0.25097660593129956, 0.15849328623736222, 0.34470440288359494], [0.21612317605826575, 0.3054595490791998, 0.1833375758301364, 0.29507969903239817], [0.2529702061545063, 0.2995051141509196, 0.15066117362407952, 0.2968635060704946], [0.23194161651441772, 0.267476407733758, 0.1981652806882391, 0.3024166950635851], [0.36443066205409413, 0.24861053307243697, 0.15790204230627664, 0.22905676256719248], [0.22837314082068894, 0.280613730709437, 0.20410542611105237, 0.28690770235882157], [0.1854450317794968, 0.47833640402368677, 0.12654150286286853, 0.2096770613339479], [0.45557202076998327, 0.20794527784047415, 0.13131873514736966, 0.20516396624217306], [0.21403833263468336, 0.30756641286160197, 0.2386615755629648, 0.23973367894075], [0.2746403773286625, 0.2696228649428004, 0.19389616743617785, 0.2618405902923592], [0.31625414995625145, 0.29061419904269664, 0.14076994658482664, 0.2523617044162254], [0.2092569239425782, 0.2960350873214618, 0.19021769609244407, 0.3044902926435161], [0.28918629450143096, 0.26851669324189414, 0.1864694809785474, 0.25582753127812746], [0.3224493207577022, 0.29763151211682787, 0.14158077811733258, 0.23833838900813728], [0.2917146628287436, 0.2837292608217942, 0.16724650066427674, 0.25730957568518537], [0.2811003640250978, 0.25994071606917585, 0.19396429563167386, 0.26499462427405246], [0.18569885916445975, 0.2560129214335287, 0.22181291267006595, 0.3364753067319457], [0.2206661701926937, 0.31381856469422476, 0.1733964307666958, 0.29211883434638575], [0.23499929446117085, 0.33978029588509917, 0.1659503033112227, 0.25927010634250724], [0.30026110141543083, 0.26555091336923514, 0.1556360208237456, 0.27855196439158864], [0.20525064387761438, 0.37124153695566675, 0.1626770838895002, 0.2608307352772186], [0.2445879678963414, 0.28303493902343074, 0.16588318640971245, 0.3064939066705155], [0.23082458142567772, 0.30218161628826146, 0.20884238143822942, 0.25815142084783155], [0.18589151918457245, 0.4675635088836207, 0.1398332165428697, 0.20671175538893724], [0.28893277783108146, 0.26530580599565984, 0.1674665593153254, 0.27829485685793337], [0.2436387950210054, 0.2819650083540135, 0.19504276788412372, 0.27935342874085756], [0.11467822726224983, 0.17924336374032102, 0.5156551301486134, 0.1904232788488158], [0.22987621988155266, 0.27226404257949893, 0.16949420148328442, 0.3283655360556641], [0.26976962117972253, 0.21631162975802087, 0.2007793436781519, 0.31313940538410484], [0.20066651419599665, 0.2875836692847877, 0.21540244823065946, 0.29634736828855623], [0.2973451958904945, 0.2846302264625861, 0.1557811505621519, 0.26224342708476756], [0.20815257710007515, 0.4031556623597244, 0.1554712963399098, 0.23322046420029058], [0.14974082412547188, 0.48034184543012887, 0.18553170758303617, 0.1843856228613632], [0.2521477831501457, 0.27470610459712935, 0.15913212381421585, 0.3140139884385091], [0.22246640419029345, 0.36212841306800747, 0.14479755733806018, 0.27060762540363903], [0.2802991905692148, 0.27217272831900086, 0.17916161831123284, 0.2683664628005515], [0.24448652407235466, 0.3073006462358212, 0.16617919665423012, 0.28203363303759404], [0.14197594220955873, 0.5636068256853743, 0.1253081562110845, 0.1691090758939825], [0.24394756535857978, 0.28615541607824635, 0.14916051203289205, 0.3207365065302817], [0.2159207317404672, 0.30476759044818286, 0.17862041765016726, 0.3006912601611825], [0.17551943342468085, 0.2987327624300684, 0.186376618391775, 0.3393711857534755], [0.256311017612023, 0.3544955468974812, 0.15171982663477607, 0.23747360885571991], [0.2129759473546812, 0.30869875776736455, 0.14175990712875666, 0.3365653877491974], [0.19038028526078551, 0.4141619250385714, 0.1417530629324932, 0.25370472676814987], [0.2575738905004804, 0.23747576478299542, 0.1383529189954815, 0.36659742572104276], [0.2067210932801726, 0.31728673118618456, 0.18354534293695857, 0.29244683259668436], [0.3258478544189604, 0.24868122027162518, 0.14496940237649808, 0.2805015229329163], [0.26759514207846025, 0.2885040592865926, 0.16203884270588914, 0.2818619559290579], [0.25853266534067104, 0.2459524540530315, 0.1641521794745513, 0.33136270113174604], [0.21453364524318377, 0.4064037578227734, 0.15861393699070483, 0.2204486599433383], [0.15482177229552133, 0.20842497418125702, 0.1119495085326484, 0.5248037449905734], [0.27778267431010567, 0.24265104657437747, 0.17731085243922545, 0.30225542667629157], [0.21462002320752605, 0.41699615423327463, 0.15038937933898072, 0.2179944432202185], [0.20077533836927816, 0.488436321928111, 0.11321677929403587, 0.19757156040857513], [0.32359772073936915, 0.26291409704214574, 0.15409061623227033, 0.259397565986215], [0.28297994901494694, 0.31393501486390424, 0.14979080790329247, 0.2532942282178564], [0.18600244670123797, 0.3149345673390367, 0.17555030570101576, 0.3235126802587096], [0.23374844325625016, 0.2978380504108202, 0.17455910216128254, 0.2938544041716471], [0.2611398825633091, 0.2787718007913889, 0.1631597647126489, 0.2969285519326532], [0.2092723482041296, 0.2826583940752035, 0.16661526962548187, 0.3414539880951851], [0.3515772919177265, 0.2796621800038638, 0.1403620685328277, 0.22839845954558208], [0.20991901463339618, 0.33852797238803684, 0.14333753134214244, 0.3082154816364246], [0.3062281274706156, 0.27601029407976735, 0.14999282519271523, 0.2677687532569019], [0.26809534888354686, 0.28947168971725024, 0.1585914579356396, 0.28384150346356335], [0.27271284039408394, 0.2715511853323505, 0.16555826449949648, 0.29017770977406915], [0.3027847960112688, 0.2752819082423348, 0.15344867977310062, 0.268484615973296], [0.2577773842472348, 0.2792543681752692, 0.1893145069097845, 0.2736537406677118], [0.1553399419674675, 0.24661984471133735, 0.12698255589277668, 0.47105765742841843], [0.32477370353728885, 0.2993379784336533, 0.12833087517889763, 0.2475574428501601], [0.2797935569718838, 0.2834885939218806, 0.17552626262767124, 0.2611915864785645], [0.23498925027534776, 0.22931719864400416, 0.18591238909175564, 0.34978116198889253], [0.212483835508135, 0.2702229570181378, 0.1334865133860943, 0.38380669408763285], [0.2949615620039422, 0.2661027166509854, 0.15595942572550048, 0.282976295619572], [0.3073007359338097, 0.2954274276070947, 0.16234526666459434, 0.2349265697945013], [0.2546353991933635, 0.2797090509152322, 0.18761867182243924, 0.27803687806896515], [0.26457689749008745, 0.4939690276561184, 0.09940828782841052, 0.14204578702538356], [0.29646060359459997, 0.26758011088084876, 0.1891751547104157, 0.24678413081413547], [0.34753363147210736, 0.2613285478009038, 0.1430404100222346, 0.24809741070475413], [0.21109239405272548, 0.2993904379862286, 0.17546893682141357, 0.31404823113963237], [0.25921415265418624, 0.28504171054929883, 0.1462348598216478, 0.30950927697486724], [0.27949646706736864, 0.2898981483917695, 0.16046951741361962, 0.27013586712724236], [0.16017416225441894, 0.31933764622339517, 0.24469577379184135, 0.2757924177303445], [0.27747179714653225, 0.2808430069874253, 0.16459852285622795, 0.27708667300981454], [0.22145620498473406, 0.3494456289915239, 0.1563157498272687, 0.2727824161964732], [0.10637305090362896, 0.2035692747995989, 0.5401427862438382, 0.14991488805293393], [0.27408427191047097, 0.25826566374852783, 0.17565613536965546, 0.2919939289713456], [0.24072602386145742, 0.32805906059667916, 0.17767899006735832, 0.2535359254745051], [0.2504169989746269, 0.3153923103347887, 0.1618056185593113, 0.27238507213127316], [0.2039701019571142, 0.2939488194073316, 0.18264877227510765, 0.3194323063604465], [0.16848019265002964, 0.1536345567042649, 0.10317464592695144, 0.574710604718754], [0.2232055707804075, 0.3107781468958216, 0.18214312851784295, 0.28387315380592804], [0.27470731336268195, 0.24220164135786348, 0.14195130877032383, 0.3411397365091309], [0.26356797961567396, 0.31451877383917487, 0.15442797571375763, 0.26748527083139345], [0.17358028259420746, 0.18552722095434424, 0.14084435146608415, 0.5000481449853642], [0.24884718503580883, 0.33447823908614976, 0.14565457640454368, 0.2710199994734977], [0.2511658149092375, 0.3021210200821921, 0.18973326111182257, 0.25697990389674796]]}}