{"test": {"ids": ["110118450", "97107920", "109116441", "113118820", "105112130", "103120340", "101110150", "101108950", "97116790", "99107500", "101121640", "110117110", "101112201", "98110680", "99108890", "100108490", "104114230", "110114561", "105121190", "101112160", "98121790", "99121440", "113121410", "107114110", "107114621", "106115120", "105113330", "111121410", "108114670", "110121720", "109116170", "111116411", "106116120", "107113170", "101108370", "99108080", "112120670", "112118471", "110117140", "99109910", "98107340", "106116640", "110120700", "110118121", "104114410", "103120780", "98111620", "113121680", "112118550", "97106591", "113122650", "102109840", "106115250", "113122230", "100108580", "113120070", "101108080", "100110050", "107114780", "108120060", "110116501", "112118421", "109117150", "107114200", "99108330", "103111830", "113120591", "109119010", "101112540", "103118291", "101109370", "112117471", "107116501", "107114321", "105110091", "104111550", "108113700", "111120280", "100111380", "98106880", "113121810", "109121640", "109114720", "113122150", "107118520", "99112840", "97106770", "99112531", "97108520", "97107950", "113122180", "111120190", "108115500", "107115140", "105112240", "104111711", "106111321", "102111990", "110120540", "113122170", "110119300", "97112290", "103111620", "107113200", "112120700", "104118340", "97112170", "100109890", "103113640", "97116500", "111114121", "98108520", "102121700", "109116930", "112116810", "107116340", "113122190", "108113760", "111116170", "110119891", "104118070", "101119030", "99105921", "106121220", "110114950", "112120640", "98110230", "108113480", "113121950", "105115380", "108117451", "98111670", "108118520", "112118880", "107112840", "106112770", "105117431", "111116290", "113121190", "113117630", "99119830", "97106000"], "labels": [0, 0, 3, 0, 1, 1, 1, 2, 2, 0, 2, 0, 0, 2, 0, 2, 2, 0, 2, 3, 2, 2, 0, 1, 0, 1, 3, 0, 3, 3, 0, 0, 1, 0, 1, 3, 2, 1, 3, 2, 0, 3, 2, 3, 1, 1, 3, 1, 3, 1, 2, 2, 2, 1, 0, 2, 0, 3, 2, 1, 3, 3, 2, 2, 1, 3, 0, 3, 2, 0, 1, 3, 1, 0, 0, 1, 0, 0, 3, 0, 2, 0, 0, 2, 2, 2, 3, 3, 2, 2, 2, 3, 3, 0, 1, 1, 0, 2, 1, 1, 1, 1, 0, 0, 2, 2, 0, 3, 1, 2, 0, 2, 1, 0, 3, 3, 1, 1, 0, 3, 2, 3, 1, 1, 0, 0, 3, 0, 3, 1, 2, 1, 0, 1, 1, 1, 1, 2, 1, 0, 1, 0], "predicted_labels": [2, 0, 0, 0, 1, 3, 1, 0, 2, 1, 1, 2, 0, 1, 1, 1, 3, 0, 3, 2, 0, 1, 3, 3, 1, 0, 0, 1, 1, 3, 3, 0, 1, 3, 0, 3, 1, 1, 3, 2, 3, 3, 1, 3, 0, 1, 1, 1, 0, 3, 1, 1, 1, 1, 1, 2, 0, 3, 1, 2, 3, 3, 1, 3, 0, 3, 0, 1, 1, 3, 3, 3, 3, 3, 1, 1, 0, 3, 1, 1, 2, 3, 1, 3, 1, 3, 0, 3, 1, 1, 3, 3, 1, 3, 3, 2, 3, 0, 1, 1, 1, 3, 1, 0, 3, 1, 3, 3, 0, 2, 1, 0, 0, 2, 1, 3, 3, 3, 1, 3, 2, 0, 0, 3, 0, 1, 0, 3, 3, 3, 0, 1, 1, 3, 1, 2, 1, 0, 3, 1, 1, 3], "confidence_scores": [[0.15607826113622217, 0.29940225055991915, 0.30001910225004513, 0.24450038605381327], [0.3745858326115063, 0.20821628116787047, 0.06939589448989689, 0.3478019917307263], [0.30218370849806814, 0.2757417410073631, 0.08351252237897731, 0.33856202811559144], [0.294759374219972, 0.2666793747995203, 0.09961941321221823, 0.33894183776828896], [0.1391842408242137, 0.3364735910474012, 0.2657293334553106, 0.2586128346730746], [0.20428441025248847, 0.2839980208140653, 0.22888401450793083, 0.2828335544255152], [0.24995984024396292, 0.2945105461810458, 0.15180492237562696, 0.3037246911993641], [0.2453993719532224, 0.2770295586705613, 0.1986003926494961, 0.27897067672671993], [0.16123987482141364, 0.26311437707653584, 0.3730992357143918, 0.20254651238765886], [0.1790367248560488, 0.3115434610579784, 0.2152073378368312, 0.2942124762491416], [0.18390580325952285, 0.312024297863987, 0.20546105876952991, 0.2986088401069602], [0.1765527493152921, 0.29576978030865947, 0.3188672684350173, 0.20881020194103142], [0.29501243534900823, 0.28399556967894035, 0.08442663640159181, 0.3365653585704595], [0.14243476268006533, 0.31590419369692607, 0.3347490926371284, 0.20691195098588014], [0.18019997937180088, 0.3545305052324755, 0.13505270305038827, 0.33021681234533523], [0.24171655336978695, 0.3070091285165684, 0.16103221441119545, 0.2902421037024489], [0.19063906989253468, 0.296413919727019, 0.21842074669658101, 0.2945262636838653], [0.27526203891319295, 0.2916725001062222, 0.10590938248864949, 0.3271560784919353], [0.15079863789644873, 0.2888316496043112, 0.2646023791363957, 0.2957673333628441], [0.14474221950289315, 0.2593500354536466, 0.34010104523012685, 0.25580669981333354], [0.27086937910594167, 0.2650738688754002, 0.16975471873124817, 0.2943020332874103], [0.17016423035495035, 0.3133717547743401, 0.28451062402651073, 0.23195339084419883], [0.3224673524040989, 0.2557459321175258, 0.0454824494116225, 0.37630426606675277], [0.24441388547356227, 0.27219740677171356, 0.13654405489846813, 0.346844652856256], [0.2617631764534637, 0.3123704346081757, 0.09175547612382973, 0.3341109128145306], [0.3497786114434126, 0.2338984011508407, 0.08009621842396604, 0.3362267689817809], [0.3318337123711744, 0.23908748116578474, 0.07721894110968719, 0.3518598653533539], [0.2103748817250252, 0.33055384536847093, 0.13626999145971336, 0.3228012814467909], [0.18588866175951013, 0.3488037015137452, 0.16798485845494274, 0.29732277827180187], [0.2300756198483354, 0.28503105249386634, 0.18111804618196348, 0.3037752814758348], [0.22749914326561307, 0.2993676859586364, 0.12319256708319645, 0.349940603692554], [0.33046240780003966, 0.2514172697824805, 0.0545683838262378, 0.363551938591242], [0.20329332718866866, 0.33167856976469445, 0.1344056173314982, 0.3306224857151386], [0.23004948150554, 0.29251796694364157, 0.15855945574190702, 0.3188730958089112], [0.37396244054659294, 0.2095759768214453, 0.061170540258905066, 0.3552910423730567], [0.2646496178192784, 0.2640370463475598, 0.16600135607092031, 0.30531197976224167], [0.16305338620992876, 0.3215909240044039, 0.252139413926618, 0.2632162758590494], [0.2601235124184884, 0.3040543620851049, 0.13325314295554197, 0.3025689825408648], [0.23945587993281597, 0.2729805851074526, 0.17069588162490146, 0.31686765333483], [0.12309822729799678, 0.23805684823289597, 0.5142106805499267, 0.12463424391918063], [0.246192603634156, 0.2729420868200121, 0.1669815227522365, 0.3138837867935954], [0.2591721958081744, 0.2577359378806061, 0.13549367707568194, 0.34759818923553787], [0.1739545075085014, 0.29227427587178134, 0.26549587556539356, 0.26827534105432366], [0.27060673170980787, 0.31456559680744195, 0.05864677542387784, 0.35618089605887204], [0.3092938896855902, 0.25069564891355, 0.099753845626012, 0.34025661577484784], [0.22663517446096984, 0.33355529714739723, 0.11436657971530026, 0.3254429486763327], [0.15487471483417461, 0.3292387575942427, 0.31425168729144554, 0.2016348402801368], [0.18104599225336063, 0.3237854357833146, 0.2314369525330457, 0.26373161943027906], [0.2911544878312495, 0.2928914643832508, 0.07292005299553675, 0.34303399478996305], [0.23882533109400958, 0.28770408231042516, 0.15139317480364445, 0.3220774117919209], [0.22516249231196717, 0.2826131138162386, 0.2172053044132663, 0.27501908945852793], [0.20262920712488708, 0.30942312841427977, 0.27998339582185533, 0.20796426863897793], [0.1626295181745298, 0.3230025550945394, 0.24569120885839088, 0.26867671787253994], [0.1894539027460342, 0.32250601024837444, 0.23105511631860465, 0.25698497068698667], [0.2226049766455186, 0.2871762597694563, 0.2695097935799117, 0.2207089700051136], [0.1246454236618004, 0.28848353867471377, 0.40286262315014487, 0.1840084145133408], [0.30150989205580525, 0.28771513837168206, 0.09360420154800732, 0.3171707680245056], [0.1997146146245874, 0.26694184989043646, 0.207684586101595, 0.32565894938338136], [0.21702954155847248, 0.31380211663875646, 0.1771329143713959, 0.29203542743137534], [0.18521325538896236, 0.30099423102492656, 0.3226857885862732, 0.19110672499983775], [0.2752045922720883, 0.2965089609391818, 0.0605488765541395, 0.36773757023459047], [0.2757247512496977, 0.27846861935273687, 0.1087356015584395, 0.3370710278391257], [0.24209925350461894, 0.3265855758462823, 0.12121829643449236, 0.3100968742146067], [0.2548373952183609, 0.3270923000934776, 0.06651694928648258, 0.35155335540167865], [0.25466913019023213, 0.27409261541351065, 0.17669989717376397, 0.29453835722249305], [0.29601099872469927, 0.23865782097091928, 0.12520350280033699, 0.34012767750404477], [0.2930554270486035, 0.30459020531180225, 0.05020683737681097, 0.3521475302627831], [0.14875681668443852, 0.31872390017378344, 0.2727854899806055, 0.2597337931611724], [0.2252813529498557, 0.27490137088035743, 0.20070219394784855, 0.2991150822219383], [0.23523832148117155, 0.2846423459571423, 0.15627187878361415, 0.32384745377807217], [0.17541373731463267, 0.3102879137069044, 0.1725647766662211, 0.34173357231224194], [0.269778410642519, 0.3108274973282665, 0.06393058394120442, 0.35546350808800997], [0.2866381340261967, 0.2786479520421333, 0.09297640286633096, 0.3417375110653392], [0.2530225198795676, 0.284907715250476, 0.12239875459993975, 0.3396710102700169], [0.1892612034728881, 0.3351780830920107, 0.17784929010279876, 0.2977114233323026], [0.20426694360781392, 0.32121695931833333, 0.1733289132319216, 0.3011871838419311], [0.31928772411746287, 0.25887988935918005, 0.11818930248163427, 0.30364308404172274], [0.24497670659714596, 0.33336354236887056, 0.059659803259849375, 0.36199994777413413], [0.25005241041522697, 0.3435864742134977, 0.08589221030363006, 0.32046890506764514], [0.16637124729990926, 0.2906311588608783, 0.27870831382178807, 0.264289280017424], [0.09029298524719766, 0.32586490990472156, 0.4473978698359631, 0.13644423501211764], [0.25154847861467505, 0.29336631047970907, 0.12156550435262158, 0.33351970655299445], [0.17726603859078938, 0.31085950969086174, 0.20010541922040626, 0.3117690324979428], [0.24721424002201567, 0.26345134913771534, 0.16728871169206366, 0.3220456991482055], [0.1552413809431729, 0.3495107593674252, 0.23808010313149522, 0.2571677565579068], [0.206025736325271, 0.3042638974404086, 0.16478891270780904, 0.3249214535265114], [0.27174816446784217, 0.2582019147024217, 0.27263163893994896, 0.1974182818897874], [0.29172695374550894, 0.2823116048456946, 0.07820764497651161, 0.3477537964322849], [0.20461431381505585, 0.30660871514268645, 0.2286923730464294, 0.26008459799582834], [0.20899344804409814, 0.2934072108339152, 0.19467051878680997, 0.30292882233517676], [0.23675467964362934, 0.3151755581276521, 0.10965672774463407, 0.33841303448408444], [0.2605418284792837, 0.29584022724055253, 0.10398374186924084, 0.339634202410923], [0.16372367096034318, 0.33398011983561904, 0.21085508172796313, 0.29144112747607476], [0.26469287235117855, 0.21483100216763476, 0.1624665018330375, 0.35800962364814937], [0.26568530633817156, 0.2670162988979787, 0.16298652377042114, 0.30431187099342855], [0.15606635582281475, 0.29396277293059503, 0.3228159472008388, 0.22715492404575147], [0.2814728137208365, 0.2859131109694643, 0.09503829068292775, 0.3375757846267714], [0.2987356950175825, 0.22438187346812896, 0.19622953638528912, 0.2806528951289993], [0.1713631628391397, 0.35412460647385774, 0.21093716340408203, 0.26357506728292074], [0.16277763001468812, 0.2969454867633118, 0.270066723684096, 0.2702101595379041], [0.2336552362998018, 0.32437903729061096, 0.16333839393796992, 0.2786273324716174], [0.2621813029636065, 0.286342316700236, 0.12958882674327232, 0.3218875535928851], [0.19897327443242274, 0.304975291225406, 0.21811604179698257, 0.2779353925451885], [0.3032513702971542, 0.24176454920230997, 0.11806203206598447, 0.33692204843455154], [0.16844915703602434, 0.3122836082138487, 0.20683091467799294, 0.31243632007213407], [0.1967959066304833, 0.31061794599597253, 0.17273667721995703, 0.31984947015358733], [0.24376584187248343, 0.26787328867642235, 0.1765339082180207, 0.31182696123307363], [0.22047748912343923, 0.26987969177545684, 0.22120335955454357, 0.2884394595465603], [0.35427375788247717, 0.22888173196567946, 0.06737924853546821, 0.3494652616163751], [0.21337829295275487, 0.2662202785918064, 0.2859511801650847, 0.23445024829035388], [0.23357042310611192, 0.36829016536646353, 0.0690028306577821, 0.3291365808696424], [0.27488054124491157, 0.28620447441646885, 0.10871720030311886, 0.3301977840355006], [0.29846620381464417, 0.26032391492055956, 0.16676466735792667, 0.2744452139068695], [0.21074255822277563, 0.2473212095130583, 0.2780022210121509, 0.263934011252015], [0.19510466691176634, 0.3060443038738772, 0.27773717699756134, 0.22111385221679505], [0.2461938294737743, 0.27721801710942356, 0.17197988034909387, 0.3046082730677083], [0.21332603876807554, 0.262446563138079, 0.25374994849903176, 0.2704774495948135], [0.2535160045405415, 0.28152310051660645, 0.14993257314170821, 0.3150283218011438], [0.2400969590496354, 0.3527164932607377, 0.06366519051953576, 0.3435213571700912], [0.21067250777558713, 0.3135896195723991, 0.13427217462723004, 0.34146569802478377], [0.16678333497671943, 0.27458491031624227, 0.31679789057389274, 0.24183386413314545], [0.2821771723644568, 0.287321970691251, 0.11930434511859088, 0.3111965118257014], [0.28853014966852225, 0.2832362240907322, 0.11964142647202623, 0.30859219976871943], [0.24417022103314576, 0.26848903256310586, 0.1826204357124337, 0.30472031069131467], [0.3347831100144388, 0.248314791979876, 0.09042310920266475, 0.32647898880302056], [0.22359209752892387, 0.2888908579461169, 0.22675794013514605, 0.26075910438981337], [0.29599587831842805, 0.28339562876570795, 0.08498417167919321, 0.3356243212366707], [0.20586723146139543, 0.2685575139684938, 0.17282842718440602, 0.35274682738570456], [0.2727797761119458, 0.2517654450746216, 0.1579920251863714, 0.31746275362706106], [0.2316050735466379, 0.2701459292243356, 0.18226217564313155, 0.31598682158589475], [0.3351638060616054, 0.25587569799989757, 0.05365118734326038, 0.3553093085952364], [0.15293590581951488, 0.30253858733471894, 0.3073676319616331, 0.23715787488413315], [0.23545218864493123, 0.29478473599809146, 0.20389688748543502, 0.2658661878715425], [0.21242806771172368, 0.2783003562087065, 0.18382787070926257, 0.32544370537030687], [0.24031617636056377, 0.2866714360607236, 0.1841638457003054, 0.2888485418784071], [0.13499748104258888, 0.2951716983381656, 0.31886727750091964, 0.25096354311832597], [0.20280357041232794, 0.3340215320060893, 0.15194333980799005, 0.3112315577735929], [0.24491267113308685, 0.2679055007064748, 0.21687750843496695, 0.2703043197254717], [0.27554932895463613, 0.2992993356279632, 0.07376176458075465, 0.35138957083664607], [0.23364639811872273, 0.29693204569078896, 0.17861338864941464, 0.29080816754107375], [0.16826591584942763, 0.3399571197059732, 0.1750448240968047, 0.3167321403477945], [0.16669628955977056, 0.2973784338497131, 0.21996111820702396, 0.3159641583834921]]}, "rewritten": {"ids": ["97106000", "97106591", "97106770", "97107920", "97107950", "97108520", "97112170", "97112290", "97116500", "97116790", "98106880", "98107340", "98108520", "98110230", "98110680", "98111620", "98111670", "98121790", "99105921", "99107500", "99108080", "99108330", "99108890", "99109910", "99112531", "99112840", "99119830", "99121440", "100108490", "100108580", "100109890", "100110050", "100111380", "101108080", "101108370", "101108950", "101109370", "101110150", "101112160", "101112201", "101112540", "101119030", "101121640", "102109840", "102111990", "102121700", "103111620", "103111830", "103113640", "103118291", "103120340", "103120780", "104111550", "104111711", "104114230", "104114410", "104118070", "104118340", "105110091", "105112130", "105112240", "105113330", "105115380", "105117431", "105121190", "106111321", "106112770", "106115120", "106115250", "106116120", "106116640", "106121220", "107112840", "107113170", "107113200", "107114110", "107114200", "107114321", "107114621", "107114780", "107115140", "107116340", "107116501", "107118520", "108113480", "108113700", "108113760", "108114670", "108115500", "108117451", "108118520", "108120060", "109114720", "109116170", "109116441", "109116930", "109117150", "109119010", "109121640", "110114561", "110114950", "110116501", "110117110", "110117140", "110118121", "110118450", "110119300", "110119891", "110120540", "110120700", "110121720", "111114121", "111116170", "111116290", "111116411", "111120190", "111120280", "111121410", "112116810", "112117471", "112118421", "112118471", "112118550", "112118880", "112120640", "112120670", "112120700", "113117630", "113118820", "113120070", "113120591", "113121190", "113121410", "113121680", "113121810", "113121950", "113122150", "113122170", "113122180", "113122190", "113122230", "113122650"], "labels": [0, 1, 3, 0, 2, 2, 0, 1, 2, 2, 0, 0, 2, 3, 2, 3, 1, 2, 1, 0, 3, 1, 0, 2, 3, 2, 1, 2, 2, 0, 3, 3, 3, 0, 1, 2, 1, 1, 3, 0, 2, 3, 2, 2, 2, 1, 0, 3, 1, 0, 1, 1, 1, 1, 2, 1, 2, 2, 0, 1, 1, 3, 1, 1, 2, 0, 1, 1, 2, 1, 3, 1, 1, 0, 0, 1, 2, 0, 0, 2, 0, 3, 1, 2, 0, 0, 1, 3, 3, 2, 0, 1, 0, 0, 3, 0, 2, 3, 0, 0, 0, 3, 0, 3, 3, 0, 1, 3, 1, 2, 3, 0, 0, 2, 0, 3, 0, 0, 3, 3, 3, 1, 3, 1, 0, 2, 2, 0, 0, 2, 0, 1, 0, 1, 2, 3, 2, 1, 2, 1, 1, 2], "predicted_labels": [3, 1, 2, 0, 3, 1, 3, 3, 2, 2, 2, 3, 3, 1, 2, 1, 1, 2, 0, 3, 3, 1, 1, 2, 0, 3, 1, 1, 1, 2, 2, 3, 1, 0, 0, 1, 3, 3, 3, 0, 2, 0, 1, 1, 0, 0, 1, 3, 0, 3, 3, 1, 1, 2, 1, 0, 2, 1, 1, 1, 0, 0, 3, 1, 3, 3, 3, 0, 1, 1, 3, 3, 0, 1, 0, 3, 3, 3, 1, 1, 3, 0, 3, 1, 3, 0, 3, 1, 1, 0, 1, 1, 1, 3, 0, 2, 1, 3, 3, 1, 0, 3, 1, 3, 3, 2, 1, 3, 1, 3, 1, 1, 1, 1, 0, 1, 3, 1, 1, 3, 3, 1, 3, 3, 1, 2, 1, 1, 0, 2, 1, 3, 3, 1, 2, 0, 3, 1, 3, 3, 1, 1], "confidence_scores": [[0.16135212149115244, 0.2938660717341992, 0.21556282002117455, 0.3292189867534739], [0.18104816934541215, 0.3010380913463275, 0.24033917593564263, 0.2775745633726177], [0.231162613789475, 0.2448885698299686, 0.3485605917625777, 0.17538822461797884], [0.3403107783791656, 0.219409142724807, 0.1102242424364639, 0.3300558364595633], [0.23070719359362882, 0.28615956557356165, 0.16879060073369231, 0.3143426400991174], [0.21500086631930748, 0.2928316887354477, 0.23486271771726705, 0.2573047272279782], [0.23927885565379461, 0.27737977612243675, 0.17040520907661272, 0.3129361591471559], [0.24458498821473784, 0.29334313987588684, 0.13160230993885627, 0.33046956197051874], [0.14617943177019038, 0.3000168497009761, 0.3326649790057489, 0.22113873952308458], [0.2040830721321246, 0.25511250742681024, 0.30563247906702845, 0.23517194137403677], [0.1630132204143242, 0.2775010800954642, 0.2994982634857778, 0.2599874360044337], [0.22844857820915546, 0.2783333859993024, 0.17852200742722663, 0.31469602836431526], [0.2541546577251533, 0.2888041418237536, 0.13423306067143279, 0.32280813977966044], [0.2600592141059275, 0.2998045261731873, 0.10965035747730995, 0.33048590224357516], [0.16438548729729724, 0.3071750254863732, 0.3427931567175893, 0.18564633049874016], [0.16845552035253888, 0.3115327454187618, 0.2975600681211589, 0.22245166610754039], [0.1944622104697289, 0.27696855351106164, 0.28189094157352834, 0.24667829444568076], [0.18966848072909015, 0.26788398140506564, 0.29534515784181614, 0.24710238002402785], [0.2545731863079723, 0.2776476936989668, 0.19671539287316855, 0.27106372711989213], [0.19773356648124907, 0.27856907444042434, 0.2203738578464712, 0.3033235012318553], [0.22119955151692106, 0.2767336407130723, 0.2048528656987381, 0.2972139420712686], [0.23418268246851973, 0.28412364981399635, 0.19504988155812764, 0.28664378615935626], [0.17149902703222067, 0.362254310427883, 0.13958984914386577, 0.32665681339603053], [0.12520966943347672, 0.25454122575240984, 0.46468735957002594, 0.1555617452440877], [0.27292569561446617, 0.27552385349519176, 0.14194016795662362, 0.3096102829337187], [0.17527273193191176, 0.31762269752248207, 0.190359935860153, 0.3167446346854533], [0.15727109112828527, 0.343658195274559, 0.19351630885571472, 0.305554404741441], [0.15367846896324883, 0.3116875140784528, 0.3050555806417051, 0.22957843631659328], [0.228676684787682, 0.28294702358254464, 0.22922674267391574, 0.2591495489558578], [0.2203701032881288, 0.26055931322330517, 0.3334529508134156, 0.1856176326751506], [0.18449568871799607, 0.2857766378916771, 0.29217978474574313, 0.2375478886445836], [0.1613980489525304, 0.29556605499594113, 0.23143975703162112, 0.3115961390199075], [0.24655678400866246, 0.3272982184597044, 0.11216268981178366, 0.31398230771984936], [0.2948680403620347, 0.28418165145650426, 0.10758170125936074, 0.3133686069221002], [0.3674192009676, 0.20031638143133876, 0.11170399712419292, 0.3205604204768683], [0.19149978987574165, 0.2843365414325402, 0.2597085335561005, 0.2644551351356176], [0.17416672077943324, 0.30080880365951573, 0.22200904150310669, 0.3030154340579444], [0.248615046393684, 0.28733201670729575, 0.16402819722304485, 0.30002473967597554], [0.18578061328148726, 0.27510150779994125, 0.24546196781933385, 0.29365591109923767], [0.2806677311470768, 0.29361474555946226, 0.10127125259329496, 0.32444627070016596], [0.19482059903135845, 0.2800514355234433, 0.27494333564879886, 0.25018462979639955], [0.29369183914752545, 0.26200791236632726, 0.12529455723880292, 0.31900569124734435], [0.18068408735209435, 0.3010486009472215, 0.2236149533561939, 0.2946523583444903], [0.1847735595948801, 0.30484351732687404, 0.3245270785972836, 0.1858558444809619], [0.2808875708703512, 0.22716737601260883, 0.21899145488678026, 0.2729535982302596], [0.2843105399057859, 0.2645865807636202, 0.1719994432941542, 0.2791034360364398], [0.21551593014722978, 0.30526819965272, 0.2267202042258883, 0.2524956659741616], [0.30650267004299236, 0.23123082285275565, 0.11696444161238842, 0.34530206549186354], [0.3325143803225739, 0.2270551314714117, 0.10476865225809155, 0.3356618359479229], [0.2255393888465269, 0.26842253190844695, 0.1974986147404336, 0.3085394645045925], [0.18241113493921765, 0.29155301685106094, 0.23136171722337992, 0.2946741309863415], [0.20263918806532366, 0.3311718060899126, 0.15168917801103476, 0.31449982783372904], [0.20274802968498695, 0.3008148107806448, 0.21715200623250183, 0.27928515330186643], [0.1344412881673842, 0.280481156158637, 0.39815470388204743, 0.18692285179193133], [0.1674910905944052, 0.3179479750601935, 0.2516385439962397, 0.2629223903491617], [0.3131159163196339, 0.24413881113971603, 0.10865650979656481, 0.33408876274408533], [0.15758904923418152, 0.26914713172648724, 0.361790733051924, 0.21147308598740708], [0.19489450632604324, 0.33627734466419945, 0.15022879213946247, 0.3185993568702945], [0.18901778744958453, 0.3444277126893378, 0.17505443194947, 0.29150006791160793], [0.19128286403778244, 0.3239820560673472, 0.16482372667381504, 0.3199113532210555], [0.28892104927556234, 0.2569350882551514, 0.15434913955623705, 0.2997947229130492], [0.32043776549220027, 0.2381485777386193, 0.1074088414756867, 0.3340048152934938], [0.22173747529674526, 0.2690420995115892, 0.21768516751695247, 0.2915352576747128], [0.2038447333317281, 0.3182314446943038, 0.18984417212197374, 0.28807964985199463], [0.16252390123219213, 0.2982569173832693, 0.23869689603531966, 0.300522285349219], [0.27767412176255346, 0.27011799648055707, 0.13505937874448035, 0.3171485030124092], [0.1664492199779946, 0.30317029153962194, 0.23898979402584838, 0.29139069445653515], [0.33699435048628656, 0.24397687395354614, 0.08614273332599073, 0.3328860422341766], [0.1844165565351318, 0.3224736446376162, 0.1966830944637682, 0.2964267043634835], [0.21604737431338994, 0.3320571008745307, 0.13064040862446763, 0.32125511618761166], [0.2528900979992271, 0.2503669901961392, 0.15455474247747963, 0.34218816932715396], [0.2387980027306046, 0.278853529015368, 0.1701702022318044, 0.31217826602222293], [0.26055944462069014, 0.2756435115673169, 0.1720445215684676, 0.29175252224352544], [0.217192145264859, 0.30557244011202184, 0.1754801319417319, 0.3017552826813875], [0.3073045901472299, 0.23776419198683454, 0.11724930461439038, 0.33768191325154534], [0.21535089365313553, 0.2598075374107018, 0.17058625860583804, 0.35425531033032465], [0.25066866482029626, 0.31313776535064825, 0.08861307593399965, 0.347580493895056], [0.2525814177753651, 0.3020979621739763, 0.09824979244570561, 0.3470708276049528], [0.2439782949902489, 0.3131895140225852, 0.11319209716213963, 0.3296400938250266], [0.23367238628381598, 0.29737489195095546, 0.17669385720881128, 0.2922588645564172], [0.2341862504420663, 0.21333490900527563, 0.22899034174982405, 0.32348849880283387], [0.2677423377030634, 0.28351800366836166, 0.1254850472854138, 0.32325461134316086], [0.2448107867078081, 0.2744642338416385, 0.176346028336612, 0.30437895111394125], [0.1476407265700653, 0.3593290514601305, 0.2157406444707576, 0.2772895774990468], [0.22772583401086482, 0.25190867456172417, 0.1913962758522623, 0.32896921557514874], [0.31062013082395407, 0.26022867313883064, 0.1266216597189697, 0.3025295363182454], [0.2415676583380075, 0.28526658030598734, 0.170640990742774, 0.30252477061323113], [0.1824648851744729, 0.3446320344905426, 0.18535505503201, 0.2875480253029744], [0.1756463753389135, 0.3327936096168192, 0.20386887160740189, 0.28769114343686525], [0.3490992250346797, 0.23653494116617138, 0.06096663408196159, 0.3533991997171874], [0.20375432008559521, 0.323709589326992, 0.19265419409599782, 0.27988189649141476], [0.22278065503706054, 0.30471615390097984, 0.26830702767333325, 0.20419616338862617], [0.1929922282929321, 0.2876319975988111, 0.2406255216341166, 0.2787502524741404], [0.2091065599804289, 0.3116818954327343, 0.13663733341489556, 0.3425742111719411], [0.30286026019307416, 0.2786926665431863, 0.07983743106457442, 0.33860964219916506], [0.22360759636024502, 0.22754754945996478, 0.3071783093796275, 0.2416665448001628], [0.22942942561792043, 0.306265259220976, 0.17028698055921598, 0.2940183346018877], [0.21182913893635755, 0.3047679770888139, 0.17484601436748545, 0.30855686960734313], [0.23264414542469397, 0.2968200295092205, 0.15126300149494756, 0.3192728235711381], [0.23854398752918457, 0.29668237089651506, 0.19095782840671674, 0.27381581316758363], [0.322704669149486, 0.25177419143241425, 0.10409472944971737, 0.32142640996838234], [0.275152274478166, 0.29989194024948057, 0.06407432763096982, 0.36088145764138363], [0.17540398564531895, 0.31237856029350647, 0.29611559502711854, 0.2161018590340563], [0.23267682052814276, 0.28981090786317837, 0.16497754278919347, 0.31253472881948535], [0.28170015416770605, 0.3040538662606577, 0.058914421619185676, 0.3553315579524505], [0.1622610688329546, 0.2939437370194157, 0.3174388006246602, 0.22635639352296955], [0.24499159690507488, 0.3170269118976382, 0.15523726070986446, 0.28274423048742225], [0.2330314102849473, 0.2768319937674208, 0.16555616527383044, 0.3245804306738016], [0.17784524729429962, 0.3634878237991123, 0.1827242992034247, 0.2759426297031636], [0.2559070556789075, 0.2671350821834565, 0.1585332713059779, 0.3184245908316581], [0.2068108661873544, 0.29824670637918266, 0.19466107293016807, 0.30028135450329485], [0.24421541742734282, 0.3278085980071068, 0.10103406606121997, 0.3269419185043305], [0.27508059794698764, 0.3114612827146492, 0.07119291707450155, 0.3422652022638616], [0.23117282812484777, 0.27762879519324896, 0.23103565612736524, 0.2601627205545383], [0.3435996360920954, 0.23448834550503922, 0.05630992288228718, 0.36560209552057793], [0.19944222990403926, 0.3358351494630464, 0.16478838329244674, 0.2999342373404679], [0.2538449489396963, 0.3215476556692628, 0.06709981548752508, 0.3575075799035161], [0.2699197474774943, 0.29348265611389696, 0.11704322813876848, 0.31955436826984046], [0.22016208503837253, 0.29940275734417543, 0.2238097750013037, 0.25662538261614837], [0.24319858767901945, 0.3296702691046801, 0.08114094120469256, 0.3459902020116077], [0.26694352445057973, 0.29728907255319414, 0.10434300310721249, 0.3314243998890136], [0.25707342337919326, 0.2974220582951628, 0.15012253053203736, 0.2953819877936062], [0.28342789861945533, 0.29336476958403274, 0.07427347049105726, 0.3489338613054546], [0.21332583982649267, 0.2767979501154798, 0.2129647160135361, 0.2969114940444917], [0.21372591000674745, 0.2991870078410417, 0.24468831108304515, 0.2423987710691655], [0.17134623511484054, 0.3023875474059825, 0.29764975954015155, 0.22861645793902566], [0.16200622362317182, 0.3236095601471114, 0.22021959279614853, 0.2941646234335681], [0.23521352994486813, 0.29406151224556, 0.2023262345581857, 0.26839872325138603], [0.30250819886630587, 0.2643992008722455, 0.09853318387894033, 0.33455941638250825], [0.15814013183057313, 0.2789691539211527, 0.3024734553749411, 0.2604172588733333], [0.2732496563249387, 0.31479868375061193, 0.07773544380722823, 0.3342162161172212], [0.28046466639696216, 0.2913943379142303, 0.07962663250497887, 0.3485143631838286], [0.31336964458796696, 0.26614907820963446, 0.05191159287307757, 0.3685696843293212], [0.19020326234435628, 0.30561911410402987, 0.2247170446083666, 0.2794605789432472], [0.10189635437084275, 0.3397075277109219, 0.4094163719852985, 0.14897974593293703], [0.2792865018649796, 0.2560618549779556, 0.14789243320963733, 0.31675920994742746], [0.2157328559736653, 0.28285466481678356, 0.20163332549847973, 0.29977915371107133], [0.19759823567390344, 0.3056836149535263, 0.2136047291249157, 0.2831134202476548], [0.22998007932505277, 0.3175290182968245, 0.12147365683739592, 0.3310172455407271], [0.22151182173542774, 0.2561151088596785, 0.25174058136475325, 0.2706324880401406], [0.21441519403925036, 0.3076866645563214, 0.21625475079351178, 0.2616433906109166], [0.23230135598002385, 0.28459852634529514, 0.18750217643934386, 0.2955979412353373]]}}