{"test": {"ids": ["98111670", "113119950", "107116340", "105112240", "103113640", "98107340", "113120280", "104114410", "97111790", "102107961", "113120830", "111121351", "99107500", "113118511", "104113000", "99110050", "105118740", "109116750", "111119430", "101110740", "102116340", "110113591", "110121450", "112116540", "102111990", "99105921", "108116120", "100109360", "113121410", "113121750", "112119980", "113120070", "107119950", "101114020", "110117500", "109118161", "108114180", "105113260", "104111550", "98107410", "101113210", "102112170", "105113480", "101108080", "112116290", "105118230", "101112160", "107118820", "103118110", "112119500", "112119950", "109118231", "98110680", "112120540", "107117630", "102110690", "110116501", "110115580", "98107210", "98108410", "110120700", "112117461", "113118820", "105119950", "108120280", "112121360", "111120220", "108115250", "109117080", "106120640", "111116010", "103111540", "102121440", "109119340", "105113440", "101111210", "110114610", "103113270", "104113550", "111119300", "97105451", "97112290", "98108580", "110120540", "100108520", "101108621", "98111620", "112118930", "107114140", "111118301", "99108330", "112117571", "99108310", "99107300", "111116290", "113120601", "97116800", "108118301", "98116500", "100107920", "110114920", "112116800", "107116300", "112120990", "103109791", "106117650", "108113480", "99109370", "109115070", "99119830", "113122150", "103112641", "111120260", "99121440", "103113210", "104111880", "110118181", "99109311", "109119450", "105110091", "106113170", "113122230", "107120130", "108115870", "112118810", "107118490", "105112260", "100112060", "99107560", "103113101", "108116070", "112118890", "103111830", "112121351", "103111620", "99109860", "113120780", "110119300", "111116100", "103113260", "106113830", "98108970"], "labels": [1, 0, 3, 1, 1, 0, 0, 1, 2, 3, 3, 0, 0, 1, 1, 3, 1, 0, 3, 3, 3, 0, 3, 1, 2, 1, 1, 0, 0, 0, 0, 2, 3, 3, 1, 0, 1, 3, 1, 3, 3, 3, 0, 0, 0, 1, 3, 3, 2, 2, 0, 1, 2, 3, 0, 0, 3, 1, 1, 1, 2, 0, 0, 3, 3, 3, 3, 1, 1, 3, 1, 1, 2, 3, 0, 2, 1, 2, 1, 1, 0, 1, 0, 1, 2, 0, 3, 1, 2, 3, 1, 3, 2, 3, 2, 2, 0, 1, 2, 0, 3, 0, 0, 2, 3, 1, 0, 1, 0, 1, 2, 3, 3, 2, 3, 3, 1, 1, 3, 0, 0, 1, 2, 3, 3, 2, 3, 2, 1, 3, 1, 3, 3, 0, 0, 2, 0, 1, 3, 3, 1, 3], "predicted_labels": [3, 0, 0, 3, 0, 2, 0, 3, 3, 1, 3, 1, 1, 1, 0, 3, 2, 1, 3, 1, 3, 0, 3, 1, 2, 0, 0, 3, 3, 1, 3, 2, 3, 3, 1, 0, 3, 3, 1, 3, 3, 0, 1, 0, 1, 1, 2, 0, 3, 1, 3, 0, 2, 1, 3, 0, 3, 3, 3, 0, 3, 3, 0, 0, 3, 0, 0, 0, 1, 1, 1, 3, 1, 0, 2, 3, 1, 2, 0, 3, 0, 3, 2, 1, 0, 3, 2, 3, 1, 1, 1, 3, 3, 1, 1, 1, 3, 1, 0, 0, 0, 1, 1, 1, 2, 1, 3, 0, 1, 2, 0, 2, 0, 1, 2, 2, 0, 2, 3, 1, 1, 1, 0, 3, 0, 1, 3, 2, 0, 3, 2, 1, 0, 3, 2, 2, 1, 3, 3, 3, 3, 1], "confidence_scores": [[1.7746463731529504e-05, 0.0097470062665286, 0.002510135798102219, 0.9877251114716376], [0.9666588976101083, 0.0053554078006197315, 2.22600505547916e-05, 0.02796343453871726], [0.7733553706750479, 0.22664409639315072, 2.823414367971765e-08, 5.046976578318081e-07], [0.4847097571593502, 0.00821984029042705, 0.005946947073324168, 0.5011234554768986], [0.9999218332906277, 4.0017772899931026e-06, 3.527807886556696e-05, 3.888685321680532e-05], [5.79752228118529e-09, 9.660959805123254e-10, 0.9845326397924762, 0.015467353443905507], [0.9760835211599055, 0.000466974593403915, 8.463102841044008e-06, 0.02344104114384939], [2.6895498674259468e-05, 0.00019249824607051473, 4.699391334655215e-06, 0.9997759068639207], [0.01772776047000656, 8.397114774556738e-07, 0.0008794672850024429, 0.9813919325335134], [0.01338070645995102, 0.9632690251265218, 0.014428331223305509, 0.00892193719022172], [0.24577953129756486, 0.0028760566020031037, 0.009688470037029839, 0.7416559420634021], [0.0027004433106694106, 0.8488004714779613, 2.0643069912697407e-08, 0.14849906456829937], [0.0018601320133089557, 0.9555606316345968, 0.029315505773028994, 0.013263730579065295], [0.2689846850696128, 0.7245623756604952, 0.0013598968532844142, 0.005093042416607592], [0.9696381419974871, 3.690321132457533e-07, 0.02969440837540695, 0.0006670805949928083], [1.2087315285083351e-05, 0.004913979701947275, 0.06031493988767884, 0.9347589930950888], [2.932065998526875e-05, 3.761574268321093e-10, 0.9988813408216688, 0.001089338142188512], [0.007157736162834948, 0.9547762973488825, 3.756280707400209e-08, 0.03806592892547538], [9.848505629262754e-05, 0.023476162381023128, 0.023195311922849352, 0.9532300406398349], [0.00010745913783584207, 0.9864238652354719, 0.002657382330311017, 0.010811293296381206], [0.04957575656753869, 0.0001201566708169308, 0.35168400702265845, 0.598620079738986], [0.9723173210367774, 0.027681907966525292, 8.112109577382962e-13, 7.709958863044845e-07], [0.2788636753513618, 0.004306267716253291, 5.7301512382323235e-05, 0.7167727554200026], [0.03229376273168281, 0.9663941721585981, 0.00011848675850453882, 0.0011935783512144324], [0.005751878601004225, 2.685778735514865e-10, 0.9917094367657172, 0.0025386843647007217], [0.989296058016917, 1.95192651475226e-05, 0.010683651774602397, 7.709433332745461e-07], [0.9982143680560766, 2.4469842272163717e-06, 0.00024735870485069933, 0.0015358262548455898], [0.0028909702866104572, 4.942666904930975e-05, 0.055877440034880925, 0.9411821630094592], [4.757555380914989e-13, 5.8997769690909744e-09, 7.782986505101599e-10, 0.9999999933214485], [0.04454696112671301, 0.9490798225157341, 0.0003447894431115904, 0.0060284269144412666], [3.370546975569855e-07, 3.8461191477281345e-09, 2.2780596813005484e-08, 0.9999996363185865], [0.002965796645027295, 0.020118150602835602, 0.9737074266949564, 0.0032086260571806066], [0.0029169996551941294, 4.121877289821201e-05, 0.11628513667662928, 0.8807566448952785], [0.09410730462310792, 0.001225799052647552, 0.4088060617661086, 0.495860834558136], [0.05108729748918417, 0.9487341046732901, 6.868479914830011e-05, 0.00010991303837742944], [0.8434373676245495, 0.10689822653547033, 0.028565254196667906, 0.021099151643312237], [1.4240399221986686e-08, 0.0001948903724303679, 0.000397354108820937, 0.9994077412783495], [0.0013161723896097815, 0.06393970915569061, 0.007515538329551919, 0.9272285801251477], [0.002410814285037048, 0.9268085111892399, 0.07045389168975258, 0.0003267828359704209], [0.24410866279543256, 5.46063288181246e-05, 0.0003895169605700125, 0.7554472139151793], [0.00015625507718765582, 0.007480104051374294, 0.0016233345661184968, 0.9907403063053195], [0.5270196079997398, 0.0006872802017100648, 0.45780331781098194, 0.01448979398756829], [2.0015309640099643e-05, 0.9304318023362343, 0.06951363241401086, 3.454994011475982e-05], [0.9770992632665462, 0.016586803549822095, 0.00037174962634736015, 0.005942183557284183], [0.00015509803415745142, 0.9974814556700642, 4.3265845941705873e-07, 0.002363013637318936], [3.78594825789011e-07, 0.9904715458758669, 0.009207190388137566, 0.0003208851411696863], [5.848721595869927e-05, 7.524615636646836e-05, 0.9996694693236126, 0.00019679730406224662], [0.6669817042423788, 0.2953994853740115, 1.1520001491595557e-05, 0.037607290382118144], [1.1402433689296901e-05, 0.01304074447407821, 0.00430638288243779, 0.9826414702097948], [2.949116152274897e-07, 0.7027287727403801, 0.29727010606693827, 8.262810661608904e-07], [0.059077316820272584, 0.0014027361309703664, 0.0012705943207106335, 0.9382493527280464], [0.5384113867838985, 0.4552887987504771, 0.0007919827533701123, 0.005507831712254277], [0.00010310869392645581, 0.3072491038730009, 0.6925987820646479, 4.900536842463671e-05], [0.000292199052718497, 0.5427857683504868, 8.179624602411402e-06, 0.4569138529721923], [0.0003417983978485227, 7.475595097151838e-05, 0.13619599059705226, 0.8633874550541276], [0.8363516327556731, 0.11332702335032101, 4.3297392635944566e-05, 0.05027804650136994], [0.07436006033886582, 0.36339544897595394, 1.2999859080087062e-07, 0.5622443606865895], [0.24833870777999167, 0.2536157887329095, 0.18251311996196412, 0.31553238352513463], [9.277870401652511e-07, 0.003173775001667365, 0.21930980048160922, 0.7775154967296832], [0.8431223640367195, 0.15687731710394176, 3.1749534419633697e-07, 1.3639944821977335e-09], [0.00019912764774326162, 0.004061439202430298, 1.340553136029273e-05, 0.9957260276184661], [0.010848410409515966, 4.523065421123366e-06, 1.6597561067230426e-07, 0.9891469005494522], [0.9962721113278541, 0.0005762171888558301, 1.8951217718849635e-06, 0.0031497763615182376], [0.8847235383695231, 0.1152622835946013, 5.032937795610673e-06, 9.145098080162305e-06], [0.012647645275243998, 0.004392265643648949, 0.019908512689326835, 0.9630515763917802], [0.9987857672748975, 0.001211819551693456, 9.938468626633085e-08, 2.3137887227438336e-06], [0.9994744490432661, 1.635544523744935e-06, 5.156659402825413e-07, 0.0005233997462699092], [0.8966613771305014, 0.08244884325168426, 0.019340746767708236, 0.0015490328501059272], [5.0920008023285776e-09, 0.9999786748516498, 1.0212333888443717e-07, 2.1217933010415174e-05], [4.617311573331108e-05, 0.9992899422160161, 0.0006632546493498825, 6.300189008647317e-07], [1.0152823087716924e-05, 0.9021542947808842, 0.09783550147993504, 5.091609301209169e-08], [5.3983477400286156e-08, 5.551605034781742e-05, 2.1155325939526089e-07, 0.9999442184129155], [0.00016962064736328683, 0.6032232073991568, 0.008399066656020136, 0.38820810529745964], [0.5729100518226312, 0.046311188379725386, 0.05589616541730931, 0.32488259438033407], [0.03852034844678401, 0.012542157577208016, 0.9488919995757183, 4.5494400289469155e-05], [2.1578954977126287e-05, 2.7016518354344694e-05, 0.1574085196213641, 0.8425428849053044], [2.0720977964337934e-05, 0.9994728390927144, 0.0002685201477275301, 0.00023791978159359804], [2.9442718542979943e-06, 8.982640692404217e-06, 0.9992704169633314, 0.0007176561241218604], [0.95557337549784, 0.00023984405476775437, 0.03633763571602753, 0.00784914473136479], [1.1243398460314658e-10, 1.2093218885883017e-05, 3.027425515157839e-09, 0.9999879036412547], [0.9999966066955763, 4.3884584859743713e-07, 4.752368101137953e-07, 2.479221764872768e-06], [0.002659155790412225, 5.411148812740119e-05, 0.008182307502895133, 0.9891044252185653], [1.1465869702469251e-05, 0.016274734056004686, 0.9836056642245727, 0.00010813584972013085], [0.00031088690565275447, 0.9944067236614685, 0.0052820422407550876, 3.4719212353158014e-07], [0.9820633974356044, 0.0020773307782431336, 0.00016827356299175823, 0.015690998223160744], [0.1193218483967525, 0.01000757201986076, 0.00021793429130975744, 0.8704526452920769], [0.00412295941237593, 0.3639946418734015, 0.6101493136453804, 0.021733085068842185], [0.0007122848588524572, 6.741194872250498e-05, 0.0016097260043765372, 0.9976105771880486], [0.00010910600682893857, 0.9998906225523072, 1.0766051834497209e-07, 1.6378034562315887e-07], [0.003985581407756848, 0.9487520782243166, 0.005835979612884174, 0.04142636075504253], [1.1875100054147387e-05, 0.9999498469806977, 2.2311001829138986e-05, 1.596691741896922e-05], [0.0001249722462998907, 1.0818300495425813e-07, 2.206235939903838e-07, 0.9998746989471011], [4.3786551772544895e-05, 2.3328490393417812e-06, 4.056726233851122e-06, 0.9999498238729544], [0.1268809311878126, 0.872429557892257, 3.028699921088423e-07, 0.0006892080499383971], [0.159412795842829, 0.8062454193635432, 0.025480030343163748, 0.008861754450464079], [0.005859517355067529, 0.5696486844463887, 0.4122890445400027, 0.01220275365854111], [0.05232079971442807, 8.283453166590297e-05, 0.0005287022801048705, 0.9470676634738011], [0.46004028840543404, 0.5358978347750648, 0.0033073641906982924, 0.0007545126288029772], [0.5157730760073297, 0.481520822045427, 0.0004213220890926334, 0.002284779858150612], [0.979214477996709, 2.3105700607231054e-05, 0.011832282491658264, 0.008930133811025316], [0.9867635394948854, 0.010555592151986438, 0.0026808176798295445, 5.067329865089363e-08], [4.079950682163139e-06, 0.8590598488978434, 0.017527139081004145, 0.12340893207047023], [0.11171419555114641, 0.80731679029912, 2.561220008424224e-06, 0.0809664529297253], [1.3037331891804145e-05, 0.9999637989365978, 3.2169605765150616e-07, 2.2842035452918835e-05], [0.0025854632411303822, 1.8927645661220544e-05, 0.8876623306600548, 0.10973327845315368], [0.0006374489026483148, 0.9993423267299242, 4.887941036455753e-06, 1.5336426390851287e-05], [0.0320741138525546, 7.152162391226071e-06, 2.0602131801364368e-05, 0.9678981318532528], [0.760438075381206, 0.000658906831258554, 0.03182112706122415, 0.2070818907263114], [0.005189585684364648, 0.9944553993187027, 3.5927624577404725e-05, 0.000319087372355171], [1.3981365050479227e-05, 0.19973875994411458, 0.7974883520923195, 0.0027589065985153755], [0.7170944502253711, 0.229230987822552, 0.02419579297488995, 0.02947876897718713], [0.0005000755153477545, 0.000137788050900307, 0.9993584446967831, 3.691736968769562e-06], [0.9997791029349139, 0.00021785336719001746, 2.2694635876534256e-08, 3.0210032602244937e-06], [1.6313817230796893e-06, 0.9999910112711242, 7.354255083693652e-06, 3.092069020056898e-09], [0.0011835799212297942, 0.12379986763401918, 0.8748639518791987, 0.00015260056555236828], [6.480383897558369e-05, 0.007972801400079959, 0.5062881626665529, 0.48567423209439164], [0.765683911331312, 0.23307041733709344, 2.230437469282187e-06, 0.0012434408941252913], [5.7933888361179584e-05, 0.033970304367889975, 0.9319668297063445, 0.034004932037404505], [1.0315800819411423e-07, 4.7632358175262624e-07, 7.558213851227124e-05, 0.9999238383798977], [0.0003045444804666959, 0.9815255624102145, 0.0014619662257091463, 0.01670792688360937], [5.393981364278996e-06, 0.999983397119631, 8.815479190668781e-11, 1.1208810849937505e-05], [0.00037885577030119603, 0.9990964705040355, 0.00011890983938854151, 0.000405763886274858], [0.9858659785753211, 0.0002832432457345944, 0.013850695432351108, 8.274659325311904e-08], [3.2626810360971557e-07, 0.0011160910721849284, 0.02517293852925541, 0.9737106441304559], [0.9936139218206285, 0.006106499335746248, 6.956401066628222e-05, 0.0002100148329587882], [7.887989814694183e-05, 0.9997162117365842, 2.7267845426426567e-05, 0.0001776405198422628], [4.4758150058364274e-05, 8.358108640278926e-05, 6.4850405988449e-07, 0.9998710122594789], [0.018287438883618824, 4.066664838002525e-05, 0.9816624945191235, 9.399948877850673e-06], [0.9972470442699252, 0.0019893704191541, 0.00012457269296109875, 0.0006390126179597033], [0.026633595073197545, 0.007457137284656527, 0.04544312150703298, 0.9204661461351128], [0.021563464188989058, 0.0008669959853504565, 0.9775694926533525, 4.717230797962204e-08], [0.09192346720389219, 0.9065561390407018, 1.594141195695534e-06, 0.0015187996142102611], [0.7724303909034983, 0.0018095977009840974, 2.7289388319793546e-05, 0.22573272200719774], [0.0023820659023560888, 0.00018409329178387568, 6.720363767121703e-05, 0.9973666371681889], [0.10242863147648906, 0.003043017902846268, 0.7538624724774209, 0.1406658781432438], [3.878151402256198e-06, 0.0018886649630829098, 0.9235426023919489, 0.07456485449356617], [0.008649385063933684, 0.9892510406217826, 9.886873716726661e-08, 0.0020994754455465558], [0.0738597259199359, 0.08707400844527716, 0.0006173123169224935, 0.8384489533178644], [0.0037572251953253834, 2.440989177132309e-05, 8.484392163753885e-08, 0.9962182800689816], [1.7164933648852692e-05, 0.3821549799016674, 0.020134018626569532, 0.5976938365381141], [0.026127457784776112, 6.67538340922935e-05, 2.0830122512626165e-06, 0.9738037053688803], [0.25765995892850235, 0.3919539531182857, 0.34554700697690466, 0.004839080976307405]]}, "rewritten": {"ids": ["97105451", "97111790", "97112290", "97116800", "98107210", "98107340", "98107410", "98108410", "98108580", "98108970", "98110680", "98111620", "98111670", "98116500", "99105921", "99107300", "99107500", "99107560", "99108310", "99108330", "99109311", "99109370", "99109860", "99110050", "99119830", "99121440", "100107920", "100108520", "100109360", "100112060", "101108080", "101108621", "101110740", "101111210", "101112160", "101113210", "101114020", "102107961", "102110690", "102111990", "102112170", "102116340", "102121440", "103109791", "103111540", "103111620", "103111830", "103112641", "103113101", "103113210", "103113260", "103113270", "103113640", "103118110", "104111550", "104111880", "104113000", "104113550", "104114410", "105110091", "105112240", "105112260", "105113260", "105113440", "105113480", "105118230", "105118740", "105119950", "106113170", "106113830", "106117650", "106120640", "107114140", "107116300", "107116340", "107117630", "107118490", "107118820", "107119950", "107120130", "108113480", "108114180", "108115250", "108115870", "108116070", "108116120", "108118301", "108120280", "109115070", "109116750", "109117080", "109118161", "109118231", "109119340", "109119450", "110113591", "110114610", "110114920", "110115580", "110116501", "110117500", "110118181", "110119300", "110120540", "110120700", "110121450", "111116010", "111116100", "111116290", "111118301", "111119300", "111119430", "111120220", "111120260", "111121351", "112116290", "112116540", "112116800", "112117461", "112117571", "112118810", "112118890", "112118930", "112119500", "112119950", "112119980", "112120540", "112120990", "112121351", "112121360", "113118511", "113118820", "113119950", "113120070", "113120280", "113120601", "113120780", "113120830", "113121410", "113121750", "113122150", "113122230"], "labels": [0, 2, 1, 0, 1, 0, 3, 1, 0, 3, 2, 3, 1, 2, 1, 3, 0, 1, 2, 1, 1, 1, 2, 3, 1, 2, 0, 2, 0, 2, 0, 0, 3, 2, 3, 3, 3, 3, 0, 2, 3, 3, 2, 3, 1, 0, 3, 3, 3, 3, 3, 2, 1, 2, 1, 3, 1, 1, 1, 0, 1, 3, 3, 0, 0, 1, 1, 3, 0, 1, 1, 3, 2, 0, 3, 0, 2, 3, 3, 2, 0, 1, 1, 3, 1, 1, 1, 3, 0, 0, 1, 0, 1, 3, 3, 0, 1, 3, 1, 3, 1, 1, 1, 1, 2, 3, 1, 3, 2, 3, 1, 3, 3, 3, 0, 0, 1, 0, 0, 3, 3, 3, 1, 2, 0, 0, 3, 2, 0, 3, 1, 0, 0, 2, 0, 2, 0, 3, 0, 0, 2, 1], "predicted_labels": [0, 3, 3, 0, 2, 3, 0, 1, 2, 1, 2, 2, 3, 1, 0, 0, 1, 0, 3, 1, 2, 0, 2, 3, 2, 1, 0, 0, 3, 2, 0, 3, 1, 3, 2, 3, 3, 1, 3, 2, 2, 2, 1, 3, 3, 2, 0, 2, 3, 1, 3, 2, 0, 3, 1, 3, 0, 0, 3, 3, 3, 3, 3, 0, 1, 1, 2, 0, 1, 3, 1, 1, 1, 1, 1, 3, 1, 0, 3, 0, 3, 3, 0, 3, 2, 3, 0, 3, 1, 1, 1, 0, 0, 0, 3, 0, 1, 2, 1, 1, 0, 1, 1, 2, 3, 3, 1, 3, 2, 1, 3, 1, 0, 0, 1, 1, 1, 1, 3, 3, 0, 3, 3, 2, 3, 3, 1, 1, 3, 0, 0, 0, 3, 1, 0, 1, 1, 1, 3, 1, 3, 1], "confidence_scores": [[0.9995478342814337, 0.00017035534989759833, 1.2516898652264565e-05, 0.00026929347001636143], [0.2211866445601411, 3.116559593325309e-05, 0.0003181579871522158, 0.7784640318567735], [0.0026471124632316406, 0.013290980012319403, 0.15062550434295352, 0.8334364031814954], [0.7689054524949752, 0.0003406715816456852, 9.79810225834577e-07, 0.23075289611315325], [0.0001017994281750594, 0.020481950570271017, 0.7218297569258322, 0.2575864930757217], [4.045630367743968e-09, 3.0061046100206943e-09, 0.18048105384096907, 0.8195189391072959], [0.9235062209013932, 0.00011846114677902915, 0.00020780490012896823, 0.0761675130516989], [1.9997153437675934e-05, 0.9999799752441755, 3.4613412109656343e-10, 2.7256252728647907e-08], [9.157501494629412e-06, 0.1767803411283169, 0.8208619545595875, 0.0023485468106009552], [0.012576322515400803, 0.4998009543551016, 0.4876018226199123, 2.090050958526556e-05], [0.0001133420506569033, 0.2559687093904016, 0.7438715975475182, 4.635101142328682e-05], [0.00437437405628213, 0.3660045673496624, 0.622587006095655, 0.007034052498400494], [0.0010200583843711394, 0.18265417859504482, 0.025808145722471827, 0.7905176172981123], [0.008715351686678367, 0.9912759453565536, 5.8390019786515815e-06, 2.863954789341108e-06], [0.9990560532241606, 0.00011737779463567562, 0.0008233521730188656, 3.2168081847679653e-06], [0.5241201079732585, 0.10252468805477499, 5.952900873162949e-06, 0.37334925107109335], [1.1971992286660832e-09, 0.9999807075230828, 8.129298242128593e-08, 1.9209986735425785e-05], [0.9971916188093374, 0.0001396033303908202, 1.7116663008851088e-05, 0.0026516611972627687], [0.006996286583459104, 0.00029909457201090443, 2.7488727603310683e-05, 0.9926771301169267], [0.07011333417195523, 0.9280635037203343, 0.0018158506668306765, 7.311440879861817e-06], [0.0002033127700031931, 0.0020192786933584607, 0.9023720244245375, 0.09540538411210092], [0.7735397962232609, 0.0007816336708177222, 0.18376613166812, 0.0419124384378014], [1.7608235550233808e-06, 0.07048659489595234, 0.9139789859516952, 0.01553265832879733], [4.1905907126034546e-05, 0.00021607099655296584, 0.013961374703963903, 0.9857806483923571], [2.310805899344319e-06, 0.035947997913882604, 0.9593474222562585, 0.004702269023959593], [1.0919551951818628e-05, 0.999108162470384, 0.0008809147517167002, 3.2259475125241233e-09], [0.9506909682302123, 1.179551432817769e-05, 0.0007650970834843479, 0.04853213917197526], [0.6941395031896664, 0.20138738725787686, 0.0032111085971030322, 0.10126200095535373], [0.002577846135723608, 3.989393196374686e-05, 0.0028077540087045392, 0.9945745059236081], [0.1270878197973136, 0.0004487709559055336, 0.8693835051833274, 0.003079904063453386], [0.9472531603902419, 0.04572995216961537, 5.879672104988624e-05, 0.0069580907190927455], [0.0547025155020986, 0.054673166911129535, 2.036679418997894e-05, 0.8906039507925819], [1.9338515052552085e-05, 0.9999689283248825, 6.265444598326901e-06, 5.4677154666162725e-06], [0.00012068149820273696, 0.002012030969286165, 0.006135492789808041, 0.9917317947427031], [0.00036445716662714, 0.00019438880839781, 0.9991065958723371, 0.00033455815263806694], [0.0018134810169177433, 0.03872568742402142, 0.0016090182538295399, 0.9578518133052313], [1.2569908570058808e-08, 5.80399652743859e-07, 0.43821371593368524, 0.5617856910967535], [0.0024112706339200697, 0.9951359353279231, 0.001826916537796555, 0.0006258775003604367], [0.0013096670375181473, 0.026504658188898945, 4.271600156370459e-05, 0.9721429587720191], [0.028062464455177558, 4.310546035769272e-11, 0.9708708525166546, 0.001066682985062278], [0.306072049967175, 0.0008983619258444999, 0.5000502127746385, 0.19297937533234202], [0.09308340735910242, 0.00028868972106729253, 0.8178911644608567, 0.08873673845897354], [0.019674853543074435, 0.822170887197153, 0.02841140529337666, 0.12974285396639593], [0.0005719654401129321, 1.1943609723426403e-05, 0.0680352061998671, 0.9313808847502966], [4.42112232302822e-05, 6.504024145305072e-07, 8.549782521958883e-05, 0.9998696405491355], [0.0012778787585665209, 0.00011007853075904377, 0.9980613509988996, 0.0005506917117747813], [0.679324780623061, 0.0051811662718283455, 0.00027187225184008296, 0.31522218085327064], [0.000417000540105477, 3.0545703242389744e-07, 0.9989068046994426, 0.0006758893034193642], [0.11414069435636694, 0.0018753195645799178, 0.009674638671983133, 0.87430934740707], [0.0008671241607622025, 0.9974927010055105, 0.001635238497411118, 4.936336316283515e-06], [2.1915348503446785e-07, 0.06644742308142719, 0.019922685479750284, 0.9136296722853374], [3.900557192028518e-08, 1.6453730065133107e-05, 0.9930316259059181, 0.0069518813584446846], [0.9999986067442561, 3.681177835717549e-08, 8.781043224989084e-07, 4.783396432347138e-07], [9.009283849012982e-09, 0.037850820637511766, 7.343839211941723e-05, 0.9620757319610851], [5.125987120732697e-06, 0.5245773487155222, 0.475417523559938, 1.737419065808083e-09], [0.0007278189664842113, 0.0010038098647472704, 0.05206950047945315, 0.9461988706893153], [0.6134134411335525, 1.616639974839119e-05, 0.3370193562805755, 0.04955103618612367], [0.7694208334031404, 0.0015114005397553509, 0.11246410117609319, 0.11660366488101105], [4.178874635246227e-06, 0.00035960823474933654, 2.1723927530509327e-07, 0.9996359956513401], [0.002546161623805639, 0.09860666279778953, 0.007545524968572197, 0.8913016506098327], [0.16336483650126332, 0.1542783724457434, 0.07156285713840456, 0.6107939339145886], [1.2287918761639252e-05, 0.005794990169531437, 9.626546254094828e-06, 0.9941830953654529], [1.5534534017144676e-07, 1.061341142504422e-05, 7.12980025918377e-07, 0.9999885182632088], [0.5746856934369148, 0.030099342346321015, 0.39506116011305853, 0.0001538041037056495], [3.361722283304924e-05, 0.986861866272346, 0.00014951647875588556, 0.012955000026065115], [0.0002057398110844052, 0.852607192936493, 0.14506822888872276, 0.002118838363699713], [1.2694891564266073e-05, 6.852642711910435e-10, 0.9999641770659018, 2.3127357269625e-05], [0.7914069390609918, 0.10733631771037055, 0.0006341220746758219, 0.1006226211539617], [1.210111596762997e-06, 0.9999980647844845, 5.961481966216971e-12, 7.250979573980156e-07], [0.001579083046485698, 0.1561663761346199, 0.00010852944966919041, 0.8421460113692253], [0.00018160775422347862, 0.9998124152404836, 1.1390354503941196e-07, 5.863101747682788e-06], [7.556533071035908e-05, 0.9999197095866484, 4.700203250061667e-06, 2.487939129108244e-08], [0.0009252108638521558, 0.9990712417086423, 7.878950535890392e-08, 3.468638000234291e-06], [0.23346934186165894, 0.620827023526413, 6.155748785049066e-05, 0.14564207712407753], [0.0009320137910471671, 0.9986784327216782, 0.00026804712866265403, 0.00012150635861199753], [2.71079072591694e-05, 3.200462805292005e-05, 0.06332748668822244, 0.9366134007764655], [0.00021535133977610264, 0.9276029866309502, 1.577949348648712e-05, 0.07216588253578708], [0.6958787260425588, 0.15894886128874755, 0.00023147710699044955, 0.14494093556170318], [0.00029234205668793263, 0.00011006336388846876, 0.00836242105262846, 0.9912351735267951], [0.9967129461556908, 0.0018597546950113936, 0.0014271046075508256, 1.9454174706130057e-07], [0.021286722543186504, 3.205763041825403e-05, 1.1564926205986486e-05, 0.9786696549001893], [4.0411187864609313e-11, 3.6994576089177025e-06, 0.00016846916052432536, 0.9998278313414556], [0.4374435836327458, 0.15572750832612742, 0.39890118350797005, 0.007927724533156733], [2.2070955590424541e-07, 0.005507912899773824, 0.03014648529119949, 0.9643453810994708], [0.0285122530888861, 5.61302794242845e-05, 0.971431609407823, 7.223866699445157e-09], [0.44850177173751654, 9.862368750935817e-05, 0.008781121801505677, 0.5426184827734685], [0.9356437148859688, 0.0591548515661562, 0.004574949814133693, 0.0006264837337414908], [0.02799135451658963, 0.009803496655296184, 0.025913014644801294, 0.9362921341833128], [1.8313517012699555e-05, 0.9999768740752212, 3.931146076579013e-06, 8.81261689547992e-07], [0.0012954052680704466, 0.9986555539208872, 3.718078005231808e-09, 4.903709296444289e-05], [8.401677835532894e-09, 0.9939961309512418, 5.5347879296784216e-08, 0.006003805299201045], [0.6138323155717259, 0.12415332770135465, 0.1338060655695693, 0.12820829115735013], [0.9952607023676814, 0.004555967083121653, 4.474165086307951e-06, 0.00017885638411069594], [0.8241541522101499, 0.017586462488503825, 0.0004184770002464375, 0.15784090830109992], [1.6469049822260017e-05, 8.607172739054188e-07, 0.02957642445822248, 0.9704062457746814], [0.9539837009295343, 0.04601564733374014, 9.821526484408606e-13, 6.517357432630508e-07], [4.2950185934971386e-05, 0.9979953457558933, 0.0011402775866339299, 0.000821426471537803], [0.18802479431185015, 2.7967156745012293e-05, 0.8092772211118708, 0.0026700174195340427], [0.01903019924682817, 0.9755824743955404, 0.00415527474388035, 0.0012320516137512502], [0.004734492528612906, 0.9809686683609529, 1.2220029853615876e-08, 0.014296826890404284], [0.9473684375771674, 0.052608712058979094, 1.7956588318792455e-05, 4.893775534700148e-06], [0.32479455892176096, 0.6739968365008843, 4.985823781710679e-08, 0.0012085547191170707], [0.00454300900504012, 0.9808116168038924, 1.093995277556136e-05, 0.014634434238292252], [7.443206949727495e-05, 0.037501942651231426, 0.9623879367096455, 3.5688569625795325e-05], [0.0021449685129408063, 0.06659292717119523, 1.7381140094099084e-05, 0.9312447231757698], [0.19491364530353397, 0.056966957380403, 0.00026964284225685015, 0.7478497544738061], [2.6439898079920647e-05, 0.8199956132058601, 0.17997780324875712, 1.4364730286426705e-07], [0.0010834727180017469, 1.0180849392755278e-05, 1.281107104558481e-07, 0.998906218321895], [0.07448813210430259, 0.21782274279578565, 0.4931565186841844, 0.21453260641572733], [0.05876574232424865, 0.9235003695316805, 0.007341856838027448, 0.010392031306043449], [7.158451298062785e-12, 7.438596241401754e-06, 1.1905682005799086e-08, 0.9999925494909181], [0.00011691518112902969, 0.8876756597508437, 0.047176926738381184, 0.06503049832964597], [0.9990482007152551, 3.9186666980202934e-05, 2.426716279441175e-07, 0.0009123699461366766], [0.9985092037601437, 0.0014673286899167762, 5.279448291043726e-07, 2.2939605110273346e-05], [0.025470176381974737, 0.9459554677461025, 2.5936454370829357e-08, 0.028574329935468438], [0.034265198576691025, 0.9277358715197507, 5.8935166176544216e-05, 0.03793999473738158], [0.03761013208559852, 0.9167764532179475, 0.015226455414497592, 0.030386959281956442], [6.644307344312507e-09, 0.9994104352664094, 2.0372175269626512e-06, 0.0005875208717563951], [0.0038919398439937096, 0.0006655012526659809, 4.1873005449889745e-06, 0.9954383716027952], [0.011098898876611502, 1.412494452452699e-06, 2.1759271344785304e-05, 0.9888779293575911], [0.9978380291462859, 0.0021414728721660275, 1.3980561875213408e-05, 6.517419672866476e-06], [0.2027091327524763, 0.0011799522297927915, 3.0620413260707063e-06, 0.7961078529764049], [0.007320373916253022, 0.008627031088569126, 0.013003258664141924, 0.971049336331036], [5.0335461924719234e-09, 0.09959342570765507, 0.9004064895943327, 7.966446597201275e-08], [0.0724684902754693, 2.3747805813186837e-07, 0.00035466527341204213, 0.9271766069730605], [1.4085595196608504e-06, 1.1865847621959808e-08, 3.9256359218724936e-07, 0.9999981870110406], [7.475564959422967e-06, 0.9690826382409568, 4.0826654322750444e-08, 0.030909845367429443], [4.604083392624705e-06, 0.9999930019872186, 5.296786245196185e-09, 2.388632602445608e-06], [0.007626920443644444, 0.028685031838698104, 0.0014214341320328418, 0.9622666135856246], [0.9997842548360735, 0.0002131666924322324, 4.0807429352326085e-08, 2.537664065053479e-06], [0.8609519332439436, 0.11472056426071786, 1.3681128345294845e-05, 0.024313821366993393], [0.9936644744853136, 0.0008645395531805906, 4.036361055849674e-06, 0.005466949600450141], [0.4025692869130566, 0.1092439861698477, 9.290413532555087e-06, 0.48817743650356304], [0.2812262577266506, 0.5529688733389374, 0.1608032476219161, 0.005001621312495916], [0.889208384220272, 4.894371013418477e-05, 1.2085246913322091e-06, 0.11074146354490244], [9.863207021429488e-05, 0.9329609875639605, 0.05941170376144305, 0.007528676604382217], [0.0038338372867784314, 0.9872248143370768, 2.915160917941058e-07, 0.008941056860053075], [0.2624739006236217, 0.44694159808682704, 0.030993232308027443, 0.25959126898152374], [9.982659304637632e-11, 2.407564882873783e-09, 1.9164701375283172e-08, 0.9999999783279072], [0.07556546766499694, 0.8079801238158149, 0.00041108555460045963, 0.11604332296458778], [8.656610992509303e-06, 0.00022039828461246054, 0.0050006828084638005, 0.9947702622959312], [3.877987920972783e-07, 0.9998560648291522, 1.0200688743201271e-06, 0.00014252730318134885]]}}