{"test": {"ids": ["113119700", "103120340", "112118161", "104114740", "98110680", "113118421", "98110230", "112116880", "113122170", "105119950", "98108970", "110117500", "98112580", "112116451", "106114321", "111119610", "102110890", "111116170", "103120290", "113118630", "113122190", "111115910", "105111990", "104111550", "99121440", "109114720", "110121170", "112119980", "99112641", "97106000", "101112160", "103111170", "113121680", "102110750", "111119580", "100108580", "101111210", "109117600", "111118810", "107114280", "99112840", "106117650", "112121030", "101109370", "110118701", "104117200", "112116810", "105119550", "110114651", "113120070", "100111390", "97107040", "106116850", "98112170", "108121190", "113118870", "98108580", "97106600", "99110730", "97106591", "106118820", "112121010", "105115720", "99107950", "106117770", "110120640", "105116650", "107113840", "112118930", "111120220", "113122320", "113118820", "107120880", "102113981", "106115250", "107113170", "102109850", "98119591", "113117630", "100109980", "99109370", "107113550", "103113610", "110118161", "99111440", "110118301", "108119510", "113120830", "111116040", "113122230", "105115250", "101111310", "97111790", "111118301", "112118810", "113119300", "109119460", "113120780", "101114990", "113118231", "109115380", "102116340", "109116170", "108115570", "111120190", "106111321", "112121430", "107115140", "111116750", "99109840", "104114410", "109119450", "108117610", "110119300", "107113130", "104118070", "106120640", "110121500", "98109570", "106113360", "113120280", "113118511", "108118301", "103110100", "99108330", "98109311", "109117080", "105116980", "102110500", "100116790", "113121190", "113121750", "109117271", "101112540", "109120621", "109113281", "104112470", "107118820", "103111990", "112117571", "99107630", "111120540"], "labels": [0, 1, 0, 2, 2, 3, 3, 0, 1, 3, 3, 1, 2, 0, 2, 2, 0, 0, 2, 3, 1, 2, 2, 1, 2, 0, 2, 0, 1, 0, 3, 2, 1, 1, 3, 0, 2, 1, 0, 3, 2, 1, 0, 1, 3, 3, 3, 1, 3, 2, 2, 2, 3, 3, 1, 0, 0, 3, 3, 1, 3, 2, 1, 1, 0, 0, 1, 3, 1, 3, 1, 0, 1, 1, 2, 0, 1, 1, 0, 1, 1, 0, 2, 0, 3, 1, 1, 3, 0, 1, 2, 3, 2, 3, 3, 1, 1, 0, 3, 3, 3, 3, 0, 3, 3, 0, 2, 0, 3, 2, 1, 3, 3, 1, 1, 2, 3, 3, 1, 0, 0, 1, 1, 1, 1, 1, 1, 0, 3, 2, 1, 0, 0, 2, 1, 0, 1, 3, 2, 3, 2, 1], "predicted_labels": [1, 1, 0, 3, 2, 3, 3, 1, 2, 0, 1, 1, 1, 0, 0, 1, 3, 1, 3, 1, 1, 1, 1, 1, 2, 3, 3, 1, 0, 2, 1, 0, 3, 2, 0, 3, 3, 1, 0, 1, 3, 2, 3, 2, 0, 1, 2, 1, 3, 1, 3, 1, 2, 0, 1, 3, 3, 3, 2, 2, 1, 1, 1, 1, 3, 3, 1, 1, 1, 0, 1, 1, 3, 0, 1, 3, 3, 0, 1, 3, 1, 3, 1, 3, 3, 3, 3, 3, 3, 1, 3, 1, 1, 3, 1, 3, 3, 3, 1, 3, 3, 3, 3, 1, 3, 3, 1, 3, 3, 2, 3, 1, 3, 1, 3, 3, 1, 0, 0, 3, 3, 1, 3, 1, 3, 1, 1, 1, 0, 1, 3, 1, 3, 1, 3, 0, 3, 3, 3, 3, 3, 1], "confidence_scores": [[0.1270568007933296, 0.5341884435503538, 0.09333867991164055, 0.24541607574467605], [0.2574349640284476, 0.23194939998749656, 0.4425839533317138, 0.06803168265234193], [0.5442729235380078, 0.32072454520649113, 0.011375186661714652, 0.12362734459378648], [0.09091499091244327, 0.15235852758214277, 0.5985561530692457, 0.15817032843616818], [0.13056847000919897, 0.12375575972301882, 0.7352816587829644, 0.010394111484817366], [0.062252735701978604, 0.06601255582802129, 0.0202143371085449, 0.851520371361455], [0.12155364072820685, 0.2587268840006273, 0.10739613660762694, 0.5123233386635387], [0.09998903902672093, 0.5220770300904262, 0.28756551262554225, 0.09036841825731036], [0.030369105767245802, 0.10429310609777448, 0.8200515140650136, 0.04528627406996591], [0.42260484482421584, 0.23255184910482993, 0.08513366278458125, 0.2597096432863727], [0.04402893312378859, 0.17958214072609258, 0.7517274221902349, 0.024661503959883986], [0.3412012671003543, 0.3571197121782666, 0.011492170509079337, 0.2901868502122997], [0.15418766068637796, 0.25218876216176594, 0.4180832080431295, 0.1755403691087262], [0.466587875238564, 0.29074041934002676, 0.013859362474225504, 0.2288123429471838], [0.4376822472659891, 0.2995659817813297, 0.0384225361151156, 0.2243292348375655], [0.315337714639199, 0.2927366175557741, 0.17201575541969025, 0.21990991238533664], [0.43441951716417215, 0.06377475967960887, 0.044343536560329876, 0.4574621865958893], [0.16278770692268307, 0.7213435382208042, 0.005126319185099303, 0.11074243567141352], [0.07066287547361548, 0.17103165998052836, 0.5029908256044902, 0.2553146389413661], [0.022398789820323783, 0.46350946359165235, 0.3116402724937621, 0.20245147409426176], [0.03939402364855068, 0.5432809086165935, 0.26889368676852754, 0.14843138096632846], [0.07620151885450437, 0.8936924406321216, 0.007511817613513681, 0.022594222899860416], [0.05818238928030058, 0.6263576508835588, 0.17937812528076452, 0.136081834555376], [0.11811068230916445, 0.2785309342420412, 0.4334012694443727, 0.16995711400442218], [0.040597937138941324, 0.09072170571932252, 0.8102303345140428, 0.058450022627693415], [0.027298090403110136, 0.36747457226979785, 0.17833913270084545, 0.4268882046262466], [0.08398794464717801, 0.19951649944913188, 0.10965228299573315, 0.6068432729079568], [0.22404904151070826, 0.46650281744361843, 0.1047576600053505, 0.20469048104032317], [0.6116086177573667, 0.14588120623159148, 0.06160350244874518, 0.18090667356229684], [0.09000615425274006, 0.052121077577492285, 0.7137023060660446, 0.144170462103723], [0.160443337420405, 0.580768881160653, 0.0471752034153973, 0.21161257800354508], [0.6826527697414756, 0.141414456497544, 0.022382602197602804, 0.1535501715633777], [0.10042112618053826, 0.12420753524042608, 0.47789820886644757, 0.297473129712588], [0.02753941364116726, 0.13579419866971093, 0.8075850931937026, 0.02908129449541925], [0.6596165237331226, 0.25609832004994987, 0.0038329188009911487, 0.08045223741593632], [0.3013416509763945, 0.060407522970489104, 0.19743236251874396, 0.4408184635343723], [0.14566885445969321, 0.1693580049144462, 0.16466100064215244, 0.5203121399837087], [0.07120141349456607, 0.22748750526768444, 0.5584320651813921, 0.142879016056357], [0.7033070125686698, 0.08698018606360734, 0.019857839722791273, 0.1898549616449317], [0.20944060848060286, 0.5181304454229166, 0.23114414978115874, 0.041284796315321934], [0.09463018401755682, 0.13601491895219087, 0.4187920818847785, 0.3505628151454738], [0.19967745896660183, 0.13312219581208157, 0.578233947454645, 0.08896639776667169], [0.23368124079564173, 0.09696602808462658, 0.10881972110669562, 0.560533010013036], [0.20400009295346408, 0.08814790299156251, 0.6837441821554536, 0.024107821899519714], [0.4161465800929656, 0.2702143354247296, 0.023716323539566073, 0.28992276094273856], [0.12388888513917602, 0.7471228284292819, 0.020902071106773015, 0.10808621532476903], [0.12746681108492552, 0.13325050256498136, 0.6277499269390017, 0.11153275941109156], [0.06478428820096133, 0.4096314452907033, 0.28228790797634024, 0.24329635853199505], [0.12602391163212123, 0.08040746922291189, 0.08169235555567032, 0.7118762635892965], [0.04907545796315394, 0.6977877249080079, 0.10962621172684194, 0.14351060540199614], [0.2791741489207106, 0.1963384888844661, 0.17259054107902178, 0.3518968211158014], [0.10909087564891984, 0.4189468120670092, 0.4008806897727552, 0.07108162251131564], [0.041086278667015974, 0.09265436592411518, 0.8510607366559987, 0.015198618752870142], [0.7230329232261934, 0.022330478737414273, 0.02117099596136795, 0.2334656020750243], [0.03677112216290374, 0.5724481078527958, 0.2673777739878442, 0.12340299599645635], [0.1426437154830955, 0.3842032542439104, 0.017906518148445644, 0.4552465121245486], [0.10285224249132148, 0.3545379783802049, 0.1633422088519015, 0.37926757027657193], [0.3693121569758993, 0.2630322380734266, 0.013893340446867932, 0.3537622645038061], [0.02874949011099844, 0.06982954320723972, 0.8583103013610442, 0.04311066532071756], [0.10104496580577062, 0.07772117559576143, 0.7932971293502746, 0.027936729248192904], [0.056191547833841976, 0.8113050412117835, 0.07601421585880047, 0.05648919509557412], [0.06738074485817791, 0.6378742311789427, 0.19718147857363238, 0.09756354538924716], [0.11303832249019298, 0.503387504685638, 0.3050261036669258, 0.07854806915724333], [0.024863556681487424, 0.27961165272842475, 0.6734946582348335, 0.022030132355254507], [0.40739535249764214, 0.10794284848654624, 0.13650697225533767, 0.3481548267604741], [0.3430588541433574, 0.1915950377486262, 0.14039268219764242, 0.3249534259103738], [0.03341126456230634, 0.19863564027832906, 0.7444322429053257, 0.023520852254038875], [0.10690857901904566, 0.7233546289954265, 0.06658314324733453, 0.10315364873819319], [0.24754469673002213, 0.497403120862928, 0.06553106002855373, 0.18952112237849628], [0.4066248135152049, 0.2480352241826124, 0.10478612965578307, 0.24055383264639985], [0.09650955721101578, 0.5003246579669801, 0.14514649738405605, 0.25801928743794794], [0.4274152107181589, 0.39472887584670585, 0.0036147650634235726, 0.1742411483717115], [0.04708873893770591, 0.32085257585521526, 0.12977878037844373, 0.5022799048286353], [0.5557584953841737, 0.1627336218207048, 0.10798555880760338, 0.17352232398751805], [0.18227706773531888, 0.6556615731887443, 0.05998037640529344, 0.10208098267064307], [0.11301290214927256, 0.1276342908723284, 0.024191424750598083, 0.7351613822278007], [0.1186335018500013, 0.04347948996699794, 0.513700952451995, 0.3241860557310058], [0.36015220826643973, 0.1323135184462957, 0.4058240132533298, 0.10171026003393495], [0.3684055315186237, 0.3721608095927774, 0.14027443519811908, 0.1191592236904796], [0.4232986749897547, 0.09720251929503913, 0.0669391391431816, 0.4125596665720247], [0.10066446763119197, 0.4075427185581587, 0.45205371887092155, 0.03973909493972787], [0.08657994085541183, 0.21714839234636324, 0.31026662974017355, 0.38600503705805134], [0.05105029589096675, 0.25769003211185626, 0.634638222285861, 0.05662144971131602], [0.4136418368990615, 0.21672891816170337, 0.012857233523954284, 0.3567720114152809], [0.2559121331486476, 0.07390765834670575, 0.01785264337876401, 0.6523275651258825], [0.5114686740326766, 0.05182223377683028, 0.006016469038179347, 0.43069262315231377], [0.11019612381275962, 0.187778794008745, 0.08889499552192875, 0.6131300866565665], [0.13107748066997663, 0.254180359955822, 0.3009883511564339, 0.31375380821776744], [0.17710029294625806, 0.024562920194050947, 0.003774536636812692, 0.7945622502228781], [0.051369105502800216, 0.1848440227908341, 0.7161770787545143, 0.04760979295185133], [0.13931637540571298, 0.18982756105317133, 0.2441705593656087, 0.426685504175507], [0.3054392524401925, 0.34000948100650874, 0.2640317084630933, 0.09051955809020555], [0.34889107045988066, 0.33989241175758395, 0.19267146904942858, 0.11854504873310662], [0.17979790486908273, 0.20665516710390872, 0.017155941686971685, 0.5963909863400372], [0.34284163571354315, 0.3900861596845945, 0.014551310286253227, 0.2525208943156092], [0.18163098379574802, 0.3425211647472603, 0.10615106835485551, 0.3696967831021364], [0.20268784905835774, 0.36395818871204133, 0.053588340742827964, 0.37976562148677323], [0.2484657948913829, 0.34387602368321624, 0.062000373721596704, 0.34565780770380383], [0.055449831709463424, 0.3853405715519924, 0.5301929939549423, 0.029016602783601717], [0.11450785225225292, 0.3879118912303212, 0.1540014675914934, 0.3435787889259326], [0.12477082328070481, 0.2944307513490909, 0.14476355364471147, 0.43603487172549293], [0.08239352316182857, 0.10697848279000219, 0.20785207398777036, 0.602775920060399], [0.16013108933381798, 0.39337048315592577, 0.008514320140435601, 0.43798410736982074], [0.0294300897718686, 0.5682520537160937, 0.13325855137442097, 0.2690593051376165], [0.2157934424311754, 0.1644902860770754, 0.07693184846225114, 0.5427844230294979], [0.23285626918419963, 0.1453281812286736, 0.04666893467509238, 0.5751466149120343], [0.19255528588080217, 0.3597821450531443, 0.29019929091456814, 0.15746327815148542], [0.34371593206661305, 0.02457628241263586, 0.015611843802010923, 0.6160959417187405], [0.49193085908202605, 0.06067101053512397, 0.008639152601351653, 0.43875897778149825], [0.07128499872281854, 0.1157098566872601, 0.7631871045000186, 0.04981804008990256], [0.12005729198684671, 0.28845847664109026, 0.2924734991598491, 0.29901073221221375], [0.1739640585300504, 0.3685330286905226, 0.1591399514524045, 0.2983629613270223], [0.04070479994941321, 0.27886286282838374, 0.10905314430239119, 0.571379192919812], [0.14853126497786306, 0.6800065694073566, 0.07444975991933768, 0.0970124056954427], [0.08341332424653691, 0.30149232098697215, 0.2734076232230463, 0.3416867315434448], [0.06215630943825763, 0.14056053172192706, 0.5392257134515137, 0.2580574453883013], [0.12124845355419885, 0.4484110199209938, 0.2581466986909239, 0.17219382783388332], [0.5365387961374742, 0.17235671844695097, 0.011549810835854265, 0.27955467457972066], [0.6080850126044958, 0.1878268386504685, 0.060425792355229685, 0.14366235638980604], [0.18469578145699, 0.29230163622829636, 0.017632804055405876, 0.5053697782593077], [0.49341791280329456, 0.02903444388974726, 0.0034313081450350782, 0.47411633516192314], [0.1485265197165799, 0.6522247569269384, 0.10443339696694638, 0.09481532638953513], [0.2157266082172892, 0.26966705515261236, 0.03994339822006946, 0.4746629384100293], [0.32503773486081267, 0.2965223892670094, 0.18013359704720805, 0.19830627882496968], [0.08055570541005287, 0.041939333397765635, 0.5008806784296783, 0.37662428276250326], [0.3930240841104488, 0.427096420347252, 0.04785466203760344, 0.13202483350469557], [0.013906203934926803, 0.9428511936872075, 0.021971805507668588, 0.02127079687019712], [0.1863942462269815, 0.6098427162159212, 0.0008257353532922308, 0.2029373022038047], [0.6413031176580563, 0.043669632410954465, 0.023258390975434425, 0.2917688589555547], [0.14384886280124368, 0.4752968374318049, 0.271091817152926, 0.10976248261402524], [0.20629102917889933, 0.2889182571472541, 0.06254403415868343, 0.4422466795151634], [0.27787909090484025, 0.6514914876317607, 0.0041103016378305655, 0.06651911982556877], [0.07732363044003629, 0.08474140515338649, 0.016552213945992295, 0.8213827504605846], [0.07925471722251654, 0.4745669774153243, 0.08955299984810658, 0.35662530551405247], [0.04061454128819161, 0.06882969831048102, 0.01575897804847114, 0.8747967823528562], [0.61510433330449, 0.20302960417230728, 0.05972016434401077, 0.12214589817919207], [0.18828599865998902, 0.27490734718275955, 0.08397383436549105, 0.45283281979176043], [0.07546439314718943, 0.32207019338916565, 0.2800366523657292, 0.32242876109791563], [0.2676055192767974, 0.2958545892688427, 0.0982259634212728, 0.33831392803308696], [0.09881933082946963, 0.3222570246484949, 0.0990026266543136, 0.4799210178677216], [0.1319334225231786, 0.04394177201779225, 0.10560838271609284, 0.7185164227429364], [0.43375493540582194, 0.4817964752581638, 0.05962462661029868, 0.024823962725715628]]}, "rewritten": {"ids": ["97106000", "97106591", "97106600", "97107040", "97111790", "98108580", "98108970", "98109311", "98109570", "98110230", "98110680", "98112170", "98112580", "98119591", "99107630", "99107950", "99108330", "99109370", "99109840", "99110730", "99111440", "99112641", "99112840", "99121440", "100108580", "100109980", "100111390", "100116790", "101109370", "101111210", "101111310", "101112160", "101112540", "101114990", "102109850", "102110500", "102110750", "102110890", "102113981", "102116340", "103110100", "103111170", "103111990", "103113610", "103120290", "103120340", "104111550", "104112470", "104114410", "104114740", "104117200", "104118070", "105111990", "105115250", "105115720", "105116650", "105116980", "105119550", "105119950", "106111321", "106113360", "106114321", "106115250", "106116850", "106117650", "106117770", "106118820", "106120640", "107113130", "107113170", "107113550", "107113840", "107114280", "107115140", "107118820", "107120880", "108115570", "108117610", "108118301", "108119510", "108121190", "109113281", "109114720", "109115380", "109116170", "109117080", "109117271", "109117600", "109119450", "109119460", "109120621", "110114651", "110117500", "110118161", "110118301", "110118701", "110119300", "110120640", "110121170", "110121500", "111115910", "111116040", "111116170", "111116750", "111118301", "111118810", "111119580", "111119610", "111120190", "111120220", "111120540", "112116451", "112116810", "112116880", "112117571", "112118161", "112118810", "112118930", "112119980", "112121010", "112121030", "112121430", "113117630", "113118231", "113118421", "113118511", "113118630", "113118820", "113118870", "113119300", "113119700", "113120070", "113120280", "113120780", "113120830", "113121190", "113121680", "113121750", "113122170", "113122190", "113122230", "113122320"], "labels": [0, 1, 3, 2, 2, 0, 3, 1, 1, 3, 2, 3, 2, 1, 2, 1, 1, 1, 2, 3, 3, 1, 2, 2, 0, 1, 2, 2, 1, 2, 3, 3, 2, 3, 1, 3, 1, 0, 1, 3, 1, 2, 2, 2, 2, 1, 1, 1, 1, 2, 3, 2, 2, 2, 1, 1, 0, 1, 3, 0, 0, 2, 2, 3, 1, 0, 3, 3, 1, 0, 0, 3, 3, 0, 3, 1, 3, 3, 1, 1, 1, 0, 0, 3, 0, 1, 0, 1, 3, 1, 1, 3, 1, 0, 1, 3, 1, 0, 2, 3, 2, 0, 0, 3, 3, 0, 3, 2, 3, 3, 1, 0, 3, 0, 3, 0, 3, 1, 0, 2, 0, 2, 0, 3, 3, 1, 3, 0, 0, 1, 0, 2, 0, 0, 3, 1, 1, 0, 1, 1, 1, 1], "predicted_labels": [1, 3, 3, 1, 3, 3, 2, 3, 3, 3, 0, 3, 1, 0, 3, 2, 1, 2, 2, 2, 3, 3, 1, 1, 3, 3, 1, 3, 2, 3, 2, 1, 0, 1, 3, 0, 3, 3, 1, 1, 0, 0, 3, 3, 1, 0, 1, 3, 1, 3, 1, 3, 1, 1, 1, 1, 3, 1, 3, 3, 1, 0, 1, 2, 2, 3, 1, 1, 1, 3, 3, 1, 1, 3, 3, 3, 1, 1, 0, 3, 1, 1, 1, 1, 3, 1, 3, 3, 2, 1, 3, 3, 1, 3, 3, 0, 1, 2, 2, 1, 1, 3, 1, 0, 1, 1, 0, 1, 3, 1, 0, 3, 3, 2, 3, 3, 1, 2, 1, 1, 3, 1, 0, 1, 3, 1, 1, 1, 1, 1, 1, 1, 0, 3, 3, 0, 0, 1, 1, 1, 2, 1], "confidence_scores": [[0.24986746148053693, 0.21598416907346876, 0.39159104996075855, 0.14255731948523573], [0.1965364627220396, 0.13411128707472286, 0.07910845560130418, 0.5902437946019333], [0.31136591172163747, 0.2507272200925301, 0.17355011286657523, 0.26435675531925734], [0.23454290048207008, 0.37612751690504725, 0.2790733283995339, 0.1102562542133489], [0.22419278416968674, 0.053314240384748135, 0.06169345696012306, 0.6607995184854424], [0.31105131811629677, 0.19747101340299936, 0.051410619678004914, 0.44006704880269915], [0.053897788263008554, 0.04537904717197147, 0.8116437171083059, 0.08907944745671392], [0.30948542587909134, 0.28951950551494, 0.0014231064970672304, 0.3995719621089012], [0.191363949084148, 0.15718804429348934, 0.012670695798231513, 0.6387773108241313], [0.17156033509252308, 0.11296219588582097, 0.12001976316610223, 0.5954577058555539], [0.3135919197822136, 0.13974182040541208, 0.5206379120942943, 0.0260283477180802], [0.22405924630159677, 0.05841162098604267, 0.04190712477131815, 0.6756220079410425], [0.07636679532779285, 0.350281300351622, 0.4156195341032859, 0.15773237021729944], [0.6169530455250842, 0.19390673574070905, 0.08918182690958973, 0.09995839182461723], [0.2193760267481551, 0.015102623184217578, 0.031917432905019354, 0.733603917162608], [0.004459209574055354, 0.020825380721786628, 0.9725469472016873, 0.0021684625024709302], [0.037684279941797356, 0.3398691443805551, 0.5004397353729496, 0.1220068403046982], [0.1403029868575317, 0.0669229159839816, 0.7743483609196959, 0.018425736238790808], [0.13336691331067585, 0.04866358392016792, 0.6841813816208008, 0.13378812114835548], [0.013254419876220728, 0.026856843670250093, 0.9267621951146499, 0.033126541338879385], [0.17932808151327395, 0.16002310339293832, 0.3718853563593356, 0.28876345873445247], [0.2925126912030164, 0.17028611617256306, 0.2485370572847899, 0.28866413533963076], [0.26481102077580604, 0.4016614736194141, 0.08384115084834036, 0.24968635475643974], [0.2501938288635688, 0.3292623304512114, 0.1496352868543276, 0.2709085538308922], [0.17706889104970672, 0.17384252331369687, 0.08239125387041683, 0.5666973317661793], [0.059790023239064655, 0.3285226520594814, 0.04854475510661928, 0.5631425695948347], [0.2148238869310805, 0.37965754645484595, 0.1702505315016137, 0.23526803511245956], [0.2171242175459029, 0.09417162769602178, 0.49222760067174626, 0.1964765540863288], [0.08082897708871528, 0.174442272955762, 0.6926207508630283, 0.05210799909249457], [0.10440656170384495, 0.26851514246376446, 0.05771474858121556, 0.569363547251175], [0.1322515884455708, 0.07091542999169921, 0.7377503506139829, 0.05908263094874683], [0.37914850009526835, 0.3598457445651047, 0.009513520213130039, 0.25149223512649677], [0.46467366218422657, 0.1105631105155086, 0.16673340432790099, 0.2580298229723638], [0.05663869206355644, 0.23597321053589532, 0.6502457646333509, 0.057142332767197476], [0.2622985658486502, 0.08301221237167031, 0.11010341865537528, 0.5445858031243044], [0.5511374105696507, 0.019465265152134398, 0.02527696235128623, 0.40412036192692896], [0.05686704818904217, 0.13328164277208612, 0.4732193720903795, 0.3366319369484922], [0.21102011427305845, 0.12704400389038048, 0.37031432715187407, 0.29162155468468726], [0.23106142733566698, 0.358738220279061, 0.24416350941528459, 0.16603684296998755], [0.04386360736225108, 0.22957074987633597, 0.6108047187953141, 0.11576092396609892], [0.48576243924391194, 0.1452632522950042, 0.033991674132173744, 0.3349826343289104], [0.5528419219322237, 0.26331542291596427, 0.0035990449239388187, 0.180243610227873], [0.3193291653699211, 0.20299558418878208, 0.05557032391451878, 0.42210492652677817], [0.12104438410162707, 0.19777611851098928, 0.3115402050543755, 0.3696392923330081], [0.04255376543952154, 0.1741656647897329, 0.7264447883410093, 0.056835781429736124], [0.22355967435616544, 0.16075987341782133, 0.4995644125676089, 0.11611603965840442], [0.2714591774675294, 0.48441856864095423, 0.043693735512764995, 0.20042851837875147], [0.2908053581190043, 0.3064875455885055, 0.09253354810529997, 0.31017354818719], [0.20681902647702025, 0.3906094805044124, 0.05587290753442482, 0.3466985854841424], [0.0916589174662345, 0.2540773272021935, 0.057764484378499126, 0.5964992709530729], [0.12350843337606354, 0.4446604563122607, 0.1598469546322289, 0.2719841556794467], [0.2080731525476223, 0.10864070421749768, 0.2656616776263828, 0.41762446560849725], [0.07527545573975221, 0.4695072726308673, 0.37362788616584464, 0.08158938546353553], [0.1802961419146303, 0.16297177854246248, 0.5320333627734296, 0.1246987167694774], [0.11323086796650443, 0.20448896982238685, 0.4777751284947666, 0.2045050337163417], [0.0431521217074023, 0.1785849172442322, 0.7264264187524261, 0.05183654229593947], [0.19080861871280663, 0.12446640822891468, 0.003044464985227413, 0.6816805080730514], [0.026026535328411086, 0.526606216745936, 0.26004660573705357, 0.1873206421885994], [0.12126705868328178, 0.1007615248759091, 0.052929152801795755, 0.7250422636390136], [0.20767250187249361, 0.19989194913515282, 0.2199441232233756, 0.3724914257689778], [0.2993081298845387, 0.4602351578000505, 0.04705398996611803, 0.1934027223492932], [0.8687900548047155, 0.025279208550507516, 0.013470333927004743, 0.09246040271777213], [0.08003129477223964, 0.6018395083784834, 0.102416312594459, 0.2157128842548177], [0.03627929684036064, 0.06770892590508266, 0.8735765535045644, 0.022435223749991934], [0.04320437992713483, 0.02835744464067946, 0.921051905233456, 0.007386270198729854], [0.21443469021481662, 0.046642297808937624, 0.17678372359855235, 0.5621392883776933], [0.04688891504528724, 0.21912876718014962, 0.6802539852585456, 0.05372833251601785], [0.04107973248872539, 0.2712688692223269, 0.6675955751113113, 0.02005582317763616], [0.06611156001827019, 0.23229577107098467, 0.566043037806932, 0.13554963110381316], [0.10490546395087413, 0.10410585605666398, 0.10085264796617013, 0.6901360320262918], [0.34422282333130316, 0.16820799758371888, 0.12388271406787034, 0.36368646501710766], [0.2964163754820968, 0.5806332157059092, 0.0828701953298171, 0.040080213482177086], [0.15432728038508547, 0.5861489564209604, 0.1962977333873015, 0.06322602980665265], [0.24322051413599322, 0.006785412970237321, 0.001944602339380257, 0.7480494705543894], [0.037686398000267296, 0.26254758378610477, 0.3807602225428727, 0.3190057956707552], [0.16963571008920164, 0.30767847853606006, 0.10970675980077156, 0.41297905157396697], [0.02254127287714016, 0.5971433379769835, 0.3069149383931868, 0.07340045075268933], [0.06094958132910143, 0.5354734268363696, 0.09191539931295495, 0.3116615925215736], [0.7129002803158604, 0.18173279427721614, 0.018282512107611604, 0.08708441329931203], [0.04661056116470162, 0.08363384944980248, 0.028369626006955882, 0.8413859633785397], [0.39049692701840816, 0.40469219108992743, 0.11752936890150721, 0.08728151299015705], [0.18183034473019666, 0.15723096739669434, 0.5571757735288284, 0.10376291434428059], [0.046683795627859695, 0.3207009825635366, 0.3505122263987079, 0.282102995409896], [0.04163703648473784, 0.6943523901027874, 0.18979685198642396, 0.07421372142605079], [0.07642283113859753, 0.1825440753103115, 0.09802001274608815, 0.6430130808050026], [0.01555838606638076, 0.9454418250447816, 0.02521158271137566, 0.013788206177461935], [0.22390845098656928, 0.19866808030869124, 0.014675462221468144, 0.5627480064832714], [0.15132661761746097, 0.12326802151775576, 0.41987712280828254, 0.30552823805650053], [0.046152573779831445, 0.09107057834341242, 0.8318884015373899, 0.030888446339366153], [0.18579176461896596, 0.46209322468267233, 0.17114787184819222, 0.18096713885016952], [0.09029343388130785, 0.0688561110409747, 0.06368167283476411, 0.7771687822429533], [0.09442458089157854, 0.012761475592445335, 0.20953285020216586, 0.6832810933138103], [0.2838172564653504, 0.49660603509486406, 0.011895333910254855, 0.20768137452953062], [0.2658050447243748, 0.2644904920203592, 0.025112448052542244, 0.44459201520272373], [0.2786611259194112, 0.2041887300676637, 0.10339535928090882, 0.4137547847320159], [0.5575365714419133, 0.3070554325807631, 0.061272524000909684, 0.07413547197641411], [0.21214957622861996, 0.6566323023084077, 0.006145268014445975, 0.12507285344852645], [0.07420341092668381, 0.08099041797820636, 0.7987652683273204, 0.046040902767789306], [0.04318334962394332, 0.04054291164358294, 0.7713606474295449, 0.14491309130292854], [0.27796712149720554, 0.37372281395000134, 0.04305107036757216, 0.305258994185221], [0.10494962565815859, 0.8500709485949963, 0.018277021506801668, 0.026702404240043453], [0.41328499220608095, 0.04882486694527101, 0.003518950575078932, 0.534371190273569], [0.38175773184255046, 0.41720201777806576, 0.06874652126160885, 0.13229372911777504], [0.7043378394842945, 0.031914875910349604, 0.009168999335981374, 0.2545782852693749], [0.17748835735970148, 0.38812725695399697, 0.10315543389649649, 0.33122895178980466], [0.3682873674464848, 0.4059441334862687, 0.006510873146943793, 0.2192576259203022], [0.7355330627324821, 0.10797371000007076, 0.11307011063213784, 0.043423116635309324], [0.20782871486328666, 0.2781100469841519, 0.33632611644887095, 0.1777351217036899], [0.14576781660616436, 0.18577877684718386, 0.2655238043779193, 0.40292960216873247], [0.2735617603955355, 0.5320022605234926, 0.12680266238114837, 0.06763331669982312], [0.5146411832198551, 0.2763215563977581, 0.17125974248495188, 0.03777751789743504], [0.2825991488478599, 0.3061662072695717, 0.055427291169130255, 0.35580735271343816], [0.10743143816377533, 0.06994328308691375, 0.5484778501721996, 0.27414742857711133], [0.08038437767169146, 0.17271810060751558, 0.7157671071219278, 0.03113041459886513], [0.13236255884341827, 0.26222123167993366, 0.13311873760237322, 0.47229747187427507], [0.3691171772414527, 0.06965448852722324, 0.018743808811001315, 0.5424845254203227], [0.12963896418886925, 0.6713857969342415, 0.06739234517985002, 0.1315828936970395], [0.008199708496483726, 0.038620709210891745, 0.9270406702397902, 0.02613891205283407], [0.03967983963445653, 0.7413419803509026, 0.201911390411272, 0.017066789603369256], [0.07766488133129763, 0.4104825656616251, 0.3527552013280126, 0.15909735167906455], [0.2380952488825901, 0.018925548024928063, 0.05379663745900883, 0.6891825656334732], [0.015059990144918427, 0.5090817557407356, 0.11755914110669755, 0.3582991130076482], [0.6750755198743846, 0.24711074097333582, 0.02521916145287702, 0.05259457769940236], [0.3447709794760356, 0.3882859345524859, 0.09070472777835974, 0.17623835819311878], [0.13055506039012613, 0.14887534700957203, 0.030001418242878403, 0.6905681743574233], [0.12627406638846816, 0.5195320124334549, 0.211256925203273, 0.14293699597480375], [0.06685983960995391, 0.366500786857197, 0.27851312794302546, 0.2881262455898236], [0.4195697308976103, 0.42605546968564845, 0.013011560264943968, 0.14136323915179752], [0.11297216499510841, 0.6763342279279211, 0.017516600854793236, 0.1931770062221774], [0.2744925958929591, 0.3648893031512498, 0.07609025202639108, 0.28452784892940053], [0.0800041356125315, 0.5423558871971359, 0.09694956040537354, 0.2806904167849591], [0.03821430787436486, 0.3059996387732115, 0.45358382776078776, 0.2022022255916358], [0.37457969269500935, 0.020980600825546064, 0.344296173602533, 0.2601435328769114], [0.06955937621629288, 0.12402445369855142, 0.6328845383843085, 0.17353163170084707], [0.08267656305102525, 0.08983668942855814, 0.5626947907567307, 0.264791956763686], [0.42055034030471444, 0.25495975784779834, 0.08844117771529034, 0.23604872413219702], [0.271700063077351, 0.1255548263454775, 0.4460076665608672, 0.1567374440163043], [0.08200390199870355, 0.6832744847724556, 0.13322887978834536, 0.10149273344049572], [0.053002819071162374, 0.17921191652848742, 0.6389617727715128, 0.1288234916288374], [0.06099872673132029, 0.40702306470817307, 0.4676352518510896, 0.06434295670941738], [0.020780575355191996, 0.1274362081587497, 0.8285087495259246, 0.023274466960133883], [0.09483744583399477, 0.7301869298831628, 0.010780305780031769, 0.1641953185028107]]}}