{"test": {"ids": ["101109370", "102109840", "113118620", "112118620", "103111480", "111119250", "108118060", "104111830", "101108460", "112119450", "102116340", "98116940", "108120260", "100110050", "103109791", "108114180", "112120540", "99112840", "99121440", "109119591", "106114321", "111121351", "105119550", "110114610", "111119430", "105117351", "105116090", "106114011", "100120780", "113122170", "108118520", "111121410", "107117010", "101111310", "105119950", "112117210", "111118301", "104111780", "112116401", "113120640", "113119340", "105110251", "99109910", "110121500", "99109740", "100117420", "108119330", "103113640", "110120700", "99111340", "112119950", "111118810", "111117000", "99108890", "105112100", "108117610", "98110230", "113121750", "108115880", "102116500", "113119120", "112117431", "109114720", "112121430", "113118630", "103110760", "103113260", "98106111", "100108260", "105118171", "111116040", "112118890", "108115970", "106114880", "111118820", "110114920", "104113170", "97106970", "106117790", "101110150", "105115680", "113120591", "109121351", "107116501", "106114150", "98109230", "104117630", "105114220", "97112830", "110116501", "108113760", "108113480", "108120060", "113122510", "113118111", "107113200", "109116441", "112116900", "101108121", "99109840", "104114320", "104111620", "113121220", "111117120", "102117351", "99111930", "110118880", "111119610", "100111390", "97109570", "102113210", "107114280", "105113620", "104113240", "108114040", "112120270", "104117200", "98120010", "105115380", "102108621", "104114240", "100109330", "100109311", "107114110", "112121360", "112119580", "110119030", "111121220", "105116650", "112116990", "101112540", "109113591", "107119130", "110118111", "110116300", "97105960", "107113130", "109117630", "104114230", "107118820", "105115900", "113118231"], "labels": [1, 2, 3, 3, 0, 1, 1, 3, 0, 3, 3, 2, 1, 3, 3, 1, 3, 2, 2, 0, 2, 0, 1, 1, 3, 0, 1, 1, 1, 1, 0, 0, 1, 3, 3, 1, 3, 3, 0, 0, 0, 0, 2, 3, 3, 2, 0, 1, 2, 1, 0, 0, 0, 0, 1, 3, 3, 0, 3, 1, 3, 0, 0, 2, 3, 1, 3, 0, 3, 3, 0, 3, 2, 0, 0, 3, 3, 2, 1, 1, 2, 0, 0, 1, 1, 1, 0, 3, 2, 3, 1, 0, 1, 2, 1, 0, 3, 3, 0, 2, 2, 0, 3, 2, 1, 1, 0, 2, 2, 0, 3, 3, 0, 2, 0, 0, 3, 2, 1, 3, 0, 0, 1, 1, 3, 3, 0, 3, 1, 0, 2, 3, 1, 1, 3, 2, 1, 0, 2, 3, 3, 3], "predicted_labels": [1, 1, 1, 1, 0, 3, 1, 1, 3, 1, 3, 1, 1, 1, 1, 1, 1, 3, 1, 1, 3, 1, 1, 1, 1, 1, 1, 1, 3, 1, 0, 1, 1, 0, 3, 1, 1, 1, 0, 0, 0, 0, 2, 0, 3, 3, 3, 3, 3, 1, 0, 3, 1, 1, 0, 3, 3, 1, 3, 1, 3, 1, 1, 1, 1, 3, 1, 1, 1, 0, 3, 1, 1, 1, 3, 1, 1, 2, 3, 3, 1, 3, 1, 3, 0, 2, 1, 3, 3, 1, 1, 3, 0, 1, 3, 1, 0, 0, 0, 2, 1, 0, 1, 1, 1, 1, 3, 0, 0, 0, 3, 1, 1, 1, 2, 0, 1, 3, 1, 3, 3, 0, 0, 0, 0, 0, 3, 1, 1, 3, 1, 0, 1, 0, 1, 3, 1, 3, 1, 1, 3, 1], "confidence_scores": [[0.13906397918186933, 0.15792033890685073, 0.6646317496132802, 0.038383932297999614], [0.12481281792621476, 0.12292752022251102, 0.6391008350922571, 0.11315882675901708], [0.1249277626531324, 0.7620492565474891, 0.032614665634011886, 0.08040831516536656], [0.20594510152277198, 0.5544047837794792, 0.1208251266586501, 0.11882498803909913], [0.7837798910580723, 0.06593431785183479, 0.007342518520936075, 0.14294327256915668], [0.20850389464318114, 0.12810040281013274, 0.05126799424642503, 0.6121277083002611], [0.1960187190367951, 0.3482193420537133, 0.21149698209195103, 0.24426495681754043], [0.015367717473893696, 0.7279984173816895, 0.029431324830028093, 0.22720254031438866], [0.31378358411536406, 0.02359866185704428, 0.03892986954338254, 0.6236878844842092], [0.5174273245753664, 0.4058936292186611, 0.010253135373287451, 0.06642591083268479], [0.08394517152027157, 0.12738337730577856, 0.23244651226298804, 0.5562249389109618], [0.18858066092669548, 0.2759876497264604, 0.24308287182061125, 0.29234881752623276], [0.08351980608586843, 0.6286957736091454, 0.017993187563130175, 0.2697912327418562], [0.0889485086036849, 0.3628531046813742, 0.4689275923193088, 0.07927079439563194], [0.33394561441340553, 0.18825860508921743, 0.2417611166255017, 0.23603466387187527], [0.14663642029224522, 0.5762551082088092, 0.08050103470798421, 0.196607436790961], [0.028862687109643785, 0.9097529918472053, 0.055413077278072924, 0.005971243765078039], [0.05220511820336408, 0.18126618377076048, 0.42344366321341037, 0.3430850348124653], [0.10694877329990671, 0.22061736591988748, 0.6238390824543237, 0.04859477832588219], [0.07498177964702407, 0.7784107007258252, 0.09240338206297988, 0.05420413756417065], [0.3870832984981465, 0.2426368025779854, 0.057936649331230106, 0.312343249592638], [0.5286939390230585, 0.34045916049851266, 0.007134292427987432, 0.12371260805044146], [0.09246834228784528, 0.5744780688660827, 0.22023945205820986, 0.11281413678786234], [0.25883940013655754, 0.31786130527986767, 0.296680319309122, 0.12661897527445257], [0.07895315373415993, 0.32397099303271826, 0.11445907367652147, 0.4826167795566004], [0.21918047110618655, 0.3916839388652831, 0.0404663442385747, 0.3486692457899558], [0.4382269569978368, 0.43348077370208166, 0.015126342383336096, 0.11316592691674561], [0.11506010463304793, 0.620426857810681, 0.08136397612254143, 0.18314906143372958], [0.35415162882297213, 0.2181578420002775, 0.09786385975515002, 0.3298266694216004], [0.042102024899866364, 0.3670166941783041, 0.5115044013868616, 0.07937687953496798], [0.7016321761773714, 0.14338146249299769, 0.09887951459571827, 0.0561068467339125], [0.21213385542908506, 0.66737809665011, 0.014868429203534903, 0.10561961871726974], [0.07576312132548134, 0.5809393876851613, 0.2703043527389521, 0.0729931382504052], [0.4099433221338777, 0.19170501231215722, 0.32281390626457707, 0.07553775928938808], [0.21144415760087398, 0.04961262255909272, 0.20540300707952988, 0.5335402127605033], [0.017234295356128918, 0.7904756649251506, 0.10108968087518656, 0.09120035884353406], [0.13960060227216767, 0.3120376599626623, 0.14786811676858888, 0.4004936209965808], [0.18600052042932066, 0.6859770239438261, 0.08968045899146479, 0.038341996635388335], [0.7880952248422868, 0.010631323444432903, 0.0007957006881989463, 0.20047775102508134], [0.7346598896737004, 0.04798004741776673, 0.00915853844037516, 0.20820152446815765], [0.7228731565574337, 0.11878154309535871, 0.010729015475774758, 0.1476162848714327], [0.5772630142681687, 0.28498706857142053, 0.06258781739233234, 0.07516209976807837], [0.04289409790353915, 0.11028002329558795, 0.8216102377515101, 0.0252156410493625], [0.7284967269685534, 0.14094629450184576, 0.026646151619799576, 0.10391082690980145], [0.07015787289667244, 0.13792549815078525, 0.24348908330666758, 0.5484275456458746], [0.13962746329444553, 0.09130388850896501, 0.09954000545520082, 0.6695286427413888], [0.22170681289252134, 0.24388006476641585, 0.050390165702748686, 0.4840229566383143], [0.5428742730265241, 0.005583129593284879, 0.005066515813141965, 0.44647608156704877], [0.2091709772660839, 0.09786634432154305, 0.09001189125318981, 0.6029507871591833], [0.04172098632204681, 0.40367616232208814, 0.3886162090064887, 0.16598664234937616], [0.6720622033742412, 0.021843464499183594, 0.023665966647524052, 0.28242836547905137], [0.3340137781830801, 0.20220120795220425, 0.04359457484912841, 0.42019043901558756], [0.15195163329300243, 0.45549730862642923, 0.1615241509152301, 0.2310269071653383], [0.14286709013617768, 0.43968087205193446, 0.33042400243602793, 0.08702803537585967], [0.5563960637754652, 0.035139939151775434, 0.09936634458215089, 0.3090976524906082], [0.03272331568311482, 0.21272207943435736, 0.15367390337649828, 0.6008807015060297], [0.44373934430196976, 0.14273121856217255, 0.15665681177339363, 0.256872625362464], [0.5275921685231814, 0.4331143196447322, 0.014279378008567826, 0.02501413382351875], [0.22228371742503514, 0.06243280712099717, 0.009612804017257521, 0.7056706714367104], [0.24098133276859046, 0.32385967184985187, 0.3362973824925727, 0.09886161288898508], [0.19586633033671064, 0.23785363799787657, 0.027204004727815045, 0.5390760269375979], [0.44627887808227856, 0.3763267693629892, 0.019643496438454172, 0.15775085611627812], [0.03824935952418282, 0.4815196766582561, 0.262508219621077, 0.21772274419648407], [0.08229627472943084, 0.26131078028373395, 0.5481714204655587, 0.1082215245212764], [0.0318399032277755, 0.5643714750433675, 0.3613771013213935, 0.042411520407463245], [0.1789922580464238, 0.09688918316203525, 0.21370237592207866, 0.5104161828694623], [0.10719465687319468, 0.5780940779419038, 0.05164788434040528, 0.2630633808444961], [0.2904892973144213, 0.1833842932340245, 0.3671981281284537, 0.1589282813231006], [0.18408570724439863, 0.3882991653259396, 0.2173628828177627, 0.21025224461189906], [0.6021256000044141, 0.23481536250079482, 0.008483637247409402, 0.15457540024738173], [0.1108873398586096, 0.03889420003527048, 0.009894435383963222, 0.8403240247221566], [0.0622185062055962, 0.23430241144316866, 0.5487486967312948, 0.1547303856199403], [0.05212212139793694, 0.5704760035117394, 0.08896506579716887, 0.288436809293155], [0.062176443818791165, 0.46844055453382616, 0.4220326088962769, 0.04735039275110573], [0.2757350996025453, 0.07999427311810753, 0.024944340630652918, 0.6193262866486942], [0.23334501000471017, 0.4924285287864758, 0.2258006774116539, 0.04842578379716015], [0.13036543215153407, 0.5835800221725628, 0.07693295696528707, 0.2091215887106163], [0.013898589190484095, 0.0792622096740392, 0.8057098700501265, 0.10112933108535004], [0.2675427461608504, 0.16855927879650506, 0.10315033020968524, 0.4607476448329594], [0.4151344194979315, 0.19759058906712496, 0.06476125887318394, 0.32251373256175947], [0.03443428557834297, 0.5617813813313679, 0.18388492804850753, 0.21989940504178154], [0.151639551991564, 0.15817335361944732, 0.26857393799202933, 0.42161315639695923], [0.46317274248836615, 0.2801654655354002, 0.1452499960713509, 0.11141179590488273], [0.3535602935533937, 0.23483349340714674, 0.05349495748068826, 0.35811125555877144], [0.2188174687369566, 0.12306572602725444, 0.5626943922530762, 0.09542241298271263], [0.043149456648959326, 0.016756553492024883, 0.8886803739525617, 0.05141361590645417], [0.03182103360432004, 0.4858912302819472, 0.3838647463294042, 0.09842298978432865], [0.46717323428424073, 0.10540960002659873, 0.06557801061574924, 0.36183915507341136], [0.17745771594587098, 0.11012550721493723, 0.1641477783094269, 0.5482689985297649], [0.16583218106154746, 0.6121573523847278, 0.0509207909264595, 0.17108967562726524], [0.2547017854592177, 0.39422992157405096, 0.30486491329692494, 0.046203379669806435], [0.06711651636634945, 0.3226906873519502, 0.06762344137135289, 0.5425693549103475], [0.7391708718749064, 0.12503525718410274, 0.08773149603844044, 0.04806237490255041], [0.02703281738983728, 0.44760838067516784, 0.3827089122166253, 0.1426498897183695], [0.27505103949822246, 0.2309136459812775, 0.040493959450976794, 0.4535413550695233], [0.24320486372257236, 0.31604090130736334, 0.009093807633781287, 0.43166042733628285], [0.6102552815685236, 0.11167166452958831, 0.0014421578430764503, 0.2766308960588117], [0.5604375140853403, 0.13718423750480635, 0.1484769979297588, 0.1539012504800945], [0.6491843100220083, 0.04437119410278121, 0.02948769404821288, 0.27695680182699767], [0.03623907759411004, 0.1283562964131553, 0.7888445406668141, 0.046560085325920764], [0.3538841189623788, 0.22642168837861668, 0.3110329887884021, 0.10866120387060237], [0.9314266819129629, 0.018447957553240683, 0.014241530584142053, 0.03588382994965415], [0.37307677402098005, 0.24725297829996074, 0.11278349840827237, 0.2668867492707868], [0.23675343899513587, 0.4366888175149569, 0.05383196687313708, 0.27272577661677067], [0.15473912586613164, 0.5055967775358914, 0.060299753304713995, 0.27936434329326315], [0.07147384943544724, 0.5211445140087139, 0.3825132842125731, 0.024868352343266262], [0.28742141229188306, 0.01470065051518339, 0.004302940649596507, 0.6935749965433371], [0.3760916219697666, 0.14317401100610377, 0.29524392919287185, 0.18549043783125804], [0.3676606304466663, 0.12852350411745075, 0.29585418748986464, 0.20796167794601822], [0.3164478233175768, 0.01986392032233013, 0.4969993424626148, 0.1666889138974787], [0.12526564969097925, 0.2602763118633, 0.09179604072138323, 0.5226619977243375], [0.07820263537789293, 0.2995966457458184, 0.4687218673337032, 0.15347885154258542], [0.04836143010340516, 0.25910221095927277, 0.33880641502140457, 0.35372994391591767], [0.022006481107769815, 0.8710581840445908, 0.08345348494947172, 0.02348184989816784], [0.007816420742757223, 0.06674187158947689, 0.8847886466108714, 0.04065306105689455], [0.5556354344468817, 0.2552587071168857, 0.057230358372554364, 0.1318755000636783], [0.06451943508681118, 0.7811347250349279, 0.04509517222357178, 0.10925066765468913], [0.028803352241593562, 0.21215813935823036, 0.4679372805181404, 0.2911012278820356], [0.009622252366297232, 0.1602985543955803, 0.7448759926279137, 0.08520320061020882], [0.5038031209964539, 0.04973783698554667, 0.01017055810275187, 0.43628848391524744], [0.256447208419875, 0.1505279312783135, 0.15741730266341888, 0.435607557638393], [0.5241111676500578, 0.2699748341311622, 0.09483915418384548, 0.11107484403493441], [0.755693059075588, 0.09705703481482174, 0.04899564396425603, 0.09825426214533418], [0.47868719813544836, 0.15076804440319413, 0.11412080902361879, 0.2564239484377393], [0.45791391104747486, 0.16514518779869367, 0.14250978925805713, 0.2344311118957743], [0.6552303907018749, 0.041926398129007066, 0.02846793834475723, 0.2743752728243607], [0.05323280595932166, 0.32927219677372677, 0.0238098940543959, 0.5936851032125557], [0.09485776367004814, 0.6484332255751168, 0.0467297133527265, 0.20997929740210836], [0.05068150638600923, 0.26249478230182166, 0.654247548936146, 0.03257616237602277], [0.09412956299339757, 0.16366923903324487, 0.39328008238682166, 0.3489211155865359], [0.07897933383221672, 0.3891893994141328, 0.23632982565632446, 0.29550144109732623], [0.6053802288082807, 0.2591281860092961, 0.008557690512115919, 0.12693389467030713], [0.11888491285911479, 0.4728562523260365, 0.10197105753948082, 0.30628777727536793], [0.6682358698607179, 0.08367423861179726, 0.16896898559114518, 0.07912090593633946], [0.10260954750474831, 0.5266829309905964, 0.049084267253204805, 0.32162325425145083], [0.4345669687737769, 0.09511258362442095, 0.20191070519476867, 0.26840974240703375], [0.13134323928748612, 0.2754664818285986, 0.2725349099268612, 0.32065536895705393], [0.23959287621001515, 0.06311585242490753, 0.02580969284145949, 0.6714815785236181], [0.3489728497021216, 0.2327351230446254, 0.31520295187932273, 0.1030890753739299], [0.04222914482867217, 0.4231405515357784, 0.1729127651852652, 0.36171753845028426], [0.3047130072865517, 0.11034677822982634, 0.05116447806861957, 0.5337757364150023], [0.07280968198103815, 0.37850443758385827, 0.23836251747181694, 0.3103233629632866]]}, "rewritten": {"ids": ["97105960", "97106970", "97109570", "97112830", "98106111", "98109230", "98110230", "98116940", "98120010", "99108890", "99109740", "99109840", "99109910", "99111340", "99111930", "99112840", "99121440", "100108260", "100109311", "100109330", "100110050", "100111390", "100117420", "100120780", "101108121", "101108460", "101109370", "101110150", "101111310", "101112540", "102108621", "102109840", "102113210", "102116340", "102116500", "102117351", "103109791", "103110760", "103111480", "103113260", "103113640", "104111620", "104111780", "104111830", "104113170", "104113240", "104114230", "104114240", "104114320", "104117200", "104117630", "105110251", "105112100", "105113620", "105114220", "105115380", "105115680", "105115900", "105116090", "105116650", "105117351", "105118171", "105119550", "105119950", "106114011", "106114150", "106114321", "106114880", "106117790", "107113130", "107113200", "107114110", "107114280", "107116501", "107117010", "107118820", "107119130", "108113480", "108113760", "108114040", "108114180", "108115880", "108115970", "108117610", "108118060", "108118520", "108119330", "108120060", "108120260", "109113591", "109114720", "109116441", "109117630", "109119591", "109121351", "110114610", "110114920", "110116300", "110116501", "110118111", "110118880", "110119030", "110120700", "110121500", "111116040", "111117000", "111117120", "111118301", "111118810", "111118820", "111119250", "111119430", "111119610", "111121220", "111121351", "111121410", "112116401", "112116900", "112116990", "112117210", "112117431", "112118620", "112118890", "112119450", "112119580", "112119950", "112120270", "112120540", "112121360", "112121430", "113118111", "113118231", "113118620", "113118630", "113119120", "113119340", "113120591", "113120640", "113121220", "113121750", "113122170", "113122510"], "labels": [2, 2, 0, 2, 0, 1, 3, 2, 2, 0, 3, 2, 2, 1, 1, 2, 2, 3, 1, 0, 3, 2, 2, 1, 0, 0, 1, 1, 3, 2, 3, 2, 3, 3, 1, 1, 3, 1, 0, 3, 1, 0, 3, 3, 3, 2, 2, 0, 2, 3, 0, 0, 1, 0, 3, 1, 2, 3, 1, 1, 0, 3, 1, 3, 1, 1, 2, 0, 1, 1, 0, 1, 3, 1, 1, 3, 1, 0, 1, 0, 1, 3, 2, 3, 1, 0, 0, 1, 1, 3, 0, 3, 0, 0, 0, 1, 3, 3, 3, 1, 0, 0, 2, 3, 0, 0, 2, 3, 0, 0, 1, 3, 2, 3, 0, 0, 0, 3, 0, 1, 0, 3, 3, 3, 3, 0, 0, 3, 3, 2, 1, 3, 3, 3, 3, 0, 0, 0, 3, 0, 1, 2], "predicted_labels": [3, 2, 3, 3, 1, 2, 3, 3, 3, 1, 1, 2, 2, 1, 1, 1, 1, 1, 0, 1, 1, 3, 3, 0, 3, 3, 1, 0, 1, 3, 1, 1, 1, 1, 1, 1, 0, 3, 3, 1, 3, 3, 1, 1, 1, 1, 1, 1, 1, 1, 1, 0, 3, 1, 0, 1, 1, 3, 0, 1, 1, 0, 1, 3, 1, 1, 1, 1, 1, 1, 3, 0, 1, 3, 1, 1, 1, 1, 1, 2, 1, 3, 1, 1, 1, 0, 1, 0, 1, 0, 1, 0, 3, 1, 1, 1, 1, 1, 1, 0, 3, 1, 3, 1, 3, 3, 1, 1, 3, 3, 1, 1, 1, 1, 1, 1, 0, 1, 3, 1, 1, 1, 1, 1, 0, 3, 0, 1, 3, 1, 3, 1, 1, 1, 1, 0, 3, 3, 1, 1, 1, 1], "confidence_scores": [[0.5081272228217464, 0.027177698122561173, 0.0782558812373803, 0.3864391978183123], [0.009732026882128361, 0.09332035123307858, 0.8739612185314385, 0.022986403353354407], [0.3111082460257492, 0.05033319938826569, 0.46504345373666095, 0.17351510084932423], [0.26146155836511453, 0.08743990621214696, 0.30271274608837107, 0.3483857893343677], [0.14229194609714624, 0.11822985055784596, 0.6322284117219882, 0.10724979162301973], [0.006779737989316992, 0.02054595803666879, 0.9391020324926795, 0.03357227148133474], [0.33379468378705024, 0.2521737785523321, 0.022456689579462605, 0.3915748480811551], [0.11251916992078638, 0.16281544664908845, 0.2990529110693243, 0.4256124723608013], [0.038683806873633535, 0.18082252928127188, 0.5018636588954, 0.278630004949695], [0.10119116986253367, 0.4538373774785905, 0.338681272013103, 0.1062901806457729], [0.07929151208911236, 0.25382680535787067, 0.4916133949508513, 0.17526828760216595], [0.17221081328999613, 0.07306101218193671, 0.6542200971560601, 0.10050807737200737], [0.12573012897024358, 0.10253896349965098, 0.7414157544965474, 0.03031515303355789], [0.05802592524902643, 0.42362709254118375, 0.35897406855649816, 0.15937291365329184], [0.05582633122398785, 0.7416405938537981, 0.18115806483447122, 0.02137501008774317], [0.06877906624102281, 0.3509473696393593, 0.29474092078308944, 0.2855326433365283], [0.09812536830931218, 0.31195571994341526, 0.5471046458616121, 0.04281426588566006], [0.2598833278365822, 0.5904456920222578, 0.07023917997407952, 0.07943180016708079], [0.5901324976989711, 0.04886725220923607, 0.059894266189646404, 0.3011059839021465], [0.4785075305614612, 0.37818182427877745, 0.08742378497303759, 0.0558868601867239], [0.09050620536761841, 0.4295876266082722, 0.28604696657220824, 0.19385920145190125], [0.3572081692665196, 0.17303460399162895, 0.15786723303808978, 0.3118899937037615], [0.2687199841532212, 0.10794570322585388, 0.05614840523031311, 0.5671859073906116], [0.663406515343989, 0.08403239605089312, 0.04787505698986322, 0.2046860316152549], [0.35139829041287507, 0.1582614463376282, 0.03098165571105088, 0.45935860753844576], [0.2243110028640634, 0.022919558669966717, 0.029983830295498153, 0.7227856081704715], [0.17875599483614585, 0.25518305073183684, 0.49285879997969184, 0.07320215445232556], [0.7100240802663895, 0.08177345932707239, 0.022042922840735446, 0.1861595375658028], [0.09114697421331719, 0.3859522625647991, 0.4406925217857518, 0.08220824143613181], [0.1171689190790541, 0.19444532870195647, 0.27536315112865345, 0.41302260109033606], [0.16918340200547027, 0.5278908668294934, 0.03911872990430663, 0.2638070012607296], [0.12420423680967031, 0.2492589656664137, 0.2725255656755975, 0.3540112318483187], [0.09206170340312421, 0.4377374353544276, 0.17339144711677906, 0.2968094141256687], [0.07153886069580395, 0.3042962190837486, 0.492382411074913, 0.13178250914553405], [0.2491619507417599, 0.32072799386450296, 0.2943344650442916, 0.13577559034944542], [0.26438309830763335, 0.3733874796763741, 0.10878363284331627, 0.2534457891726765], [0.4441267457184596, 0.14574591666478912, 0.2117679311061648, 0.19835940651058606], [0.05857973825181377, 0.16591607148779564, 0.46602216383759215, 0.3094820264227989], [0.23431129876306425, 0.19737054737685006, 0.012377402153388803, 0.555940751706697], [0.13986611206176675, 0.5749280164382721, 0.040234223905563256, 0.24497164759439782], [0.44717554880644833, 0.015801539120522474, 0.016660147062318685, 0.5203627650107107], [0.4002488756095033, 0.07855425318774376, 0.039052740772634466, 0.48214413043011844], [0.2186860515466195, 0.4051138692550274, 0.26900781453118106, 0.10719226466717209], [0.012490804095256347, 0.9381552713446026, 0.030009517426643345, 0.01934440713349756], [0.232857497604149, 0.5794957826626428, 0.07278465041663613, 0.11486206931657225], [0.03929521175724351, 0.8821138502555307, 0.0380224631580801, 0.04056847482914589], [0.2735473437985647, 0.264204446807635, 0.36150536695125357, 0.10074284244254655], [0.19934929871500667, 0.4651663250102903, 0.17022857815283401, 0.16525579812186894], [0.21671790282420045, 0.36293219947582805, 0.19375672448250394, 0.2265931732174676], [0.22340523401195722, 0.5082398940335907, 0.11278144179726973, 0.1555734301571827], [0.06164978707223146, 0.33827609106664747, 0.38131740370750133, 0.21875671815362], [0.8374062072503294, 0.11383562208663774, 0.018385479785994353, 0.03037269087703873], [0.40536222464915656, 0.052216198750762, 0.10610268651971484, 0.4363188900803666], [0.02904334696641585, 0.3191537538163157, 0.5460424003602125, 0.10576049885705611], [0.5765143761740504, 0.11263443595583887, 0.07700631273495682, 0.23384487513515362], [0.014568729001400967, 0.3215682293984094, 0.4423290209052391, 0.2215340206949504], [0.028300222902250132, 0.6050624324211836, 0.11433695748543769, 0.2523003871911289], [0.4190966585168952, 0.05628061989228927, 0.1662886098615254, 0.3583341117292903], [0.5940381788331146, 0.1521385121971853, 0.031373416996240404, 0.22244989197345957], [0.025709767323785937, 0.34254530565099145, 0.44662287930459976, 0.1851220477206228], [0.1251390405990289, 0.39832539171232484, 0.07522600712375374, 0.4013095605648927], [0.643839949933941, 0.18932640510688603, 0.0472139904080986, 0.11961965455107436], [0.06546052777377788, 0.7145663351104385, 0.12331634070369556, 0.0966567964120881], [0.18803333294781316, 0.045929324000029075, 0.08220711379181453, 0.6838302292603433], [0.09736223841957097, 0.66881953587819, 0.07744804274045133, 0.1563701829617879], [0.09432678633376168, 0.28395613488150084, 0.534026668888153, 0.08769040989658439], [0.4623346104591818, 0.23159642663271207, 0.0768786936084305, 0.2291902692996757], [0.0862491024516559, 0.4887939240211255, 0.3771016852766567, 0.047855288250561845], [0.12867960603183368, 0.34945421012753985, 0.14582795225340503, 0.37603823158722194], [0.08267350147350042, 0.19948225677498763, 0.5455277267240263, 0.1723165150274855], [0.3004804670666804, 0.2559855575916638, 0.009192166613731078, 0.43434180872792466], [0.4718648276999769, 0.1787357720074203, 0.15232135817186424, 0.19707804212073884], [0.08598510583004333, 0.43682422448651986, 0.39097890504725646, 0.08621176463618055], [0.2542146588471921, 0.16165245820728666, 0.0640825227776665, 0.5200503601678552], [0.04967646947373495, 0.5503618602190646, 0.36401038664764956, 0.03595128365955073], [0.018950700268374525, 0.2832500058921416, 0.38797505236328, 0.30982424147620397], [0.10174377454392419, 0.45245587712723695, 0.10821650937537824, 0.33758383895346067], [0.05360402044547657, 0.5102511202376109, 0.2006595239032347, 0.23548533541367775], [0.20264267791245563, 0.5438179088588516, 0.19192826495867746, 0.0616111482700152], [0.016599291716124207, 0.026720329018375653, 0.9476017463196198, 0.009078632945880318], [0.0468282086747548, 0.7050888225325842, 0.1321092606137989, 0.1159737081788621], [0.3618646422219604, 0.11719087759377855, 0.024653454407940888, 0.49629102577632006], [0.07854989903937369, 0.2996312650838705, 0.24792412163767755, 0.37389471423907805], [0.052607336094308614, 0.5819369904074595, 0.25278752775096014, 0.11266814574727128], [0.21668523691114405, 0.24256655971217056, 0.28703527171624804, 0.2537129316604374], [0.5976346667828497, 0.13753304736177988, 0.057419705324726, 0.2074125805306445], [0.2404949501531156, 0.3014499233714795, 0.05187951947642007, 0.4061756069989849], [0.7494891712206238, 0.08934004871218691, 0.08939920519198759, 0.07177157487520192], [0.08986539418640503, 0.6997820973212631, 0.019570470511417346, 0.19078203798091423], [0.6051133619567045, 0.307929783701144, 0.00588675167553629, 0.08107010266661528], [0.12164811716899324, 0.5795436059289671, 0.18612870204916782, 0.11267957485287167], [0.7648709044663418, 0.02969085667535671, 0.0008172341681996261, 0.2046210046901016], [0.05572706787335096, 0.05512416140415471, 0.6406816474540781, 0.24846712326841613], [0.23933172112610604, 0.34290149332924624, 0.3468016090992812, 0.07096517644536654], [0.48231037783907715, 0.3890068028807431, 0.07848622211344279, 0.05019659716673694], [0.1323148116035878, 0.2889022833461929, 0.4491478119752042, 0.12963509307501542], [0.03754261981729599, 0.8957956247008839, 0.04755594131883285, 0.019105814162987088], [0.15249920737531966, 0.35929158370955266, 0.031021030818217485, 0.45718817809691015], [0.17459169634783397, 0.630031939025012, 0.04547976972312431, 0.14989659490402973], [0.7756537549589906, 0.0684419531458847, 0.027789059228183716, 0.12811523266694108], [0.5238376263142528, 0.037460208605514356, 0.0025984166484839715, 0.43610374843174876], [0.0822312925983341, 0.6322345314995604, 0.12751840376364243, 0.1580157721384629], [0.27406784151738145, 0.06812918329255241, 0.09807533176711646, 0.5597276434229498], [0.43721095299549007, 0.26058172427968596, 0.05604422820688721, 0.2461630945179369], [0.11866861886875098, 0.04996314320897374, 0.015257349625076523, 0.8161108882971988], [0.09363295973959151, 0.22135208801776127, 0.2305733903011286, 0.4544415619415187], [0.14843812509298546, 0.35564686118127603, 0.08931974083001869, 0.40659527289571984], [0.0773602724390452, 0.6603024570936017, 0.12630022725470721, 0.13603704321264554], [0.3702297088833477, 0.17421464596030345, 0.025257623888324823, 0.43029802126802413], [0.24674712553278552, 0.09142876756856252, 0.027099620072604753, 0.6347244868260471], [0.15109257910555793, 0.27978302155703116, 0.16933097853304985, 0.3997934208043613], [0.2040072061873445, 0.588787596591624, 0.023416694635582398, 0.183788502585449], [0.4700927466336216, 0.2359790408810647, 0.23213191999588612, 0.06179629248942719], [0.20260581249573112, 0.6001285547438685, 0.039192512705159346, 0.15807312005524107], [0.48771460859157223, 0.39905050868596753, 0.0071260081065435054, 0.10610887461591684], [0.16515653884159773, 0.7536440054774457, 0.03614111087508982, 0.045058344805866436], [0.7119381740510305, 0.05353456263091631, 0.02516328446633213, 0.20936397885172084], [0.28101225578879957, 0.26384809465654196, 0.13977320185562472, 0.3153664476990336], [0.14686185139111682, 0.1667994705498933, 0.2149166620569714, 0.4714220160020183], [0.029418914592023924, 0.7722842527560897, 0.12713820246016636, 0.07115863019172011], [0.06883522474785113, 0.7950839305086792, 0.0592523076118282, 0.07682853713164177], [0.11407443641181002, 0.5147828655203124, 0.13108182438669713, 0.2400608736811803], [0.26010799292192716, 0.16736508764555572, 0.43379570362037634, 0.1387312158121409], [0.5193649371982072, 0.3202956069685396, 0.021911835382573065, 0.13842762045068016], [0.6163970710506004, 0.0764946013365891, 0.03516971427003007, 0.2719386133427804], [0.5064649366832947, 0.06331808627006935, 0.039619036976102556, 0.3905979400705334], [0.5030875363733323, 0.2634509673319832, 0.07454041257545235, 0.15892108371923266], [0.12207102182920115, 0.8072088557962566, 0.04515303772345787, 0.025567084651084846], [0.31691659439739067, 0.10084979799140242, 0.10742473319207912, 0.4748088744191275], [0.06645836932660511, 0.4032166544934471, 0.44818449017271333, 0.08214048600723463], [0.2535419170758974, 0.28693691476374933, 0.032785426352081655, 0.4267357418082716], [0.07337626509008821, 0.32364370615316856, 0.4914729653431112, 0.1115070634136322], [0.20846253297180428, 0.45114196589037175, 0.04164488974900448, 0.2987506113888195], [0.03750191461132459, 0.47883709674064234, 0.445673566108077, 0.037987422539956024], [0.13589915918093703, 0.3769228645056636, 0.03251678252461474, 0.45466119378878506], [0.7886391243668082, 0.08560268337486585, 0.03877008118992369, 0.08698811106840235], [0.28220183057765347, 0.07991608962910773, 0.19058309727197412, 0.44729898252126454], [0.4748026311086172, 0.04189615800357521, 0.01669100620811218, 0.46661020467969533], [0.2057954272855825, 0.5021020814168262, 0.1611601692807686, 0.13094232201682288], [0.24623090654825833, 0.6964316060618163, 0.021967188968299092, 0.035370298421626145], [0.07771704999464116, 0.3877805180263707, 0.47498315693753634, 0.05951927504145181], [0.02412210470939236, 0.2388521156696601, 0.6797010339263974, 0.05732474569455047]]}}