{"test": {"ids": ["110119030", "112120640", "112118701", "101111620", "112120270", "109119340", "107113200", "100109311", "111115400", "113119360", "107119950", "111116040", "109115220", "105116090", "105119550", "109119010", "113117550", "99112641", "98108410", "106120290", "100108260", "100108580", "108118301", "109114720", "105121190", "105112260", "105112100", "111116990", "99109910", "97109570", "102112170", "110121720", "97105960", "100117420", "107112850", "102121440", "112120700", "111120190", "107114780", "112118890", "103109791", "107114321", "109117150", "105115900", "104111990", "107120010", "108115570", "102109850", "103120730", "106119580", "111121930", "109118231", "99110050", "101112160", "101108950", "100111270", "113119450", "102109840", "102113210", "108116120", "101109370", "111115770", "99108330", "111121351", "109116930", "111120540", "112116290", "104114320", "98108370", "105118740", "113122320", "105115570", "107113260", "111119340", "99109860", "104111531", "99108520", "111120591", "112116451", "98117740", "110115980", "107115250", "97111790", "105118171", "108117451", "109119450", "108120260", "107114950", "105115720", "101113210", "106113190", "103113270", "110118301", "107114621", "110115710", "104116441", "113118690", "110118161", "103111990", "104111830", "106115250", "112117780", "106121190", "109120540", "98111231", "107113360", "97113260", "105113190", "97116401", "99111620", "110115890", "112118930", "105116501", "109120621", "113119480", "109117080", "104112201", "104113550", "107114140", "112117471", "110114651", "98109230", "107120880", "109117431", "99111440", "107113180", "106116120", "99120010", "98111670", "110114920", "108120060", "111118820", "104112470", "105113260", "103112641", "103109021", "113117340", "106114321", "104119340", "111117000", "112118530", "98109311"], "labels": [0, 0, 0, 3, 0, 3, 0, 1, 0, 0, 3, 0, 3, 1, 1, 3, 3, 1, 1, 2, 3, 0, 1, 0, 2, 3, 1, 0, 2, 0, 3, 3, 2, 2, 1, 2, 2, 3, 2, 3, 3, 0, 2, 3, 2, 1, 3, 1, 1, 3, 1, 1, 3, 3, 2, 2, 3, 2, 3, 1, 1, 3, 1, 0, 0, 1, 0, 2, 1, 1, 1, 0, 0, 3, 2, 0, 2, 1, 0, 2, 1, 2, 2, 3, 2, 3, 1, 3, 1, 3, 0, 2, 1, 0, 2, 1, 3, 0, 2, 3, 2, 0, 2, 1, 1, 0, 1, 3, 3, 3, 2, 1, 1, 1, 3, 1, 0, 1, 2, 3, 3, 1, 1, 1, 3, 3, 1, 2, 1, 3, 1, 0, 1, 3, 3, 0, 2, 2, 1, 0, 1, 1], "predicted_labels": [3, 0, 3, 3, 0, 3, 1, 0, 1, 0, 3, 3, 0, 3, 1, 0, 1, 3, 0, 0, 2, 1, 3, 1, 1, 0, 3, 3, 3, 2, 1, 3, 3, 3, 1, 3, 3, 0, 1, 0, 3, 0, 3, 3, 3, 1, 0, 3, 0, 3, 3, 0, 0, 0, 2, 3, 3, 3, 3, 2, 3, 3, 1, 1, 1, 1, 1, 1, 2, 1, 1, 1, 1, 3, 2, 0, 2, 1, 0, 1, 3, 2, 3, 0, 3, 3, 3, 3, 1, 0, 2, 1, 3, 1, 3, 1, 1, 1, 2, 3, 1, 1, 1, 2, 0, 1, 3, 0, 1, 1, 3, 0, 0, 3, 0, 1, 0, 3, 2, 3, 0, 2, 3, 0, 1, 1, 3, 3, 1, 1, 0, 3, 3, 0, 2, 3, 0, 0, 3, 3, 3, 3], "confidence_scores": [[0.139325402640704, 0.2928331989314667, 0.09282308798330183, 0.4750183104445274], [0.5870573875254117, 0.14203078539581152, 0.08272786000134254, 0.18818396707743437], [0.3036321345101204, 0.2414547308314492, 0.10835208927158092, 0.34656104538684956], [0.1891382377090393, 0.3131625485701369, 0.14982803626856836, 0.34787117745225526], [0.3997943637954087, 0.23977466059246214, 0.12427714505974062, 0.23615383055238845], [0.21674041662063062, 0.22511254846532577, 0.1205856654884002, 0.43756136942564344], [0.2630926680662688, 0.3941861554333205, 0.07972151265818786, 0.26299966384222284], [0.432190722078749, 0.22632252026323982, 0.08357385926525975, 0.25791289839275144], [0.25300687163636626, 0.2972909196088876, 0.2290347596397176, 0.2206674491150286], [0.3627652719658797, 0.3536662781102551, 0.07191613308628339, 0.21165231683758187], [0.2870565646689928, 0.2106989569824294, 0.1844124862321518, 0.317831992116426], [0.2783515958754053, 0.17903284026523872, 0.1543920952535823, 0.38822346860577367], [0.3737841795224919, 0.33164565919992306, 0.12161358915550859, 0.17295657212207666], [0.19819987816579188, 0.28387286060739936, 0.1288069042074836, 0.38912035701932507], [0.1556966586821909, 0.4592871674270085, 0.1308252995740574, 0.2541908743167433], [0.32655624909572545, 0.22512192280468052, 0.1680952893050987, 0.2802265387944954], [0.1501684379778569, 0.49961666583483894, 0.10223949681095242, 0.24797539937635177], [0.19141632517897775, 0.24870918564716574, 0.24278293164228623, 0.3170915575315705], [0.45496437136597695, 0.27177578134634817, 0.12187169996593104, 0.15138814732174394], [0.33789318825831177, 0.24478868244084323, 0.1503706596483104, 0.2669474696525346], [0.18367874718718671, 0.22920251644816647, 0.3642729827535367, 0.2228457536111103], [0.3147299190776355, 0.3405930037456257, 0.12320157657049238, 0.22147550060624638], [0.3716770073728173, 0.15581299974408525, 0.061446302657610086, 0.4110636902254874], [0.20185015587780467, 0.42375554416119254, 0.11556450821398259, 0.25882979174702025], [0.13758116560907627, 0.5422198496048792, 0.13090671675136736, 0.18929226803467677], [0.41210513222470146, 0.28627788752960315, 0.13363374277982443, 0.16798323746587093], [0.2722445066153183, 0.2776358661840544, 0.14844176715597787, 0.3016778600446495], [0.2287510852686103, 0.28346504037455256, 0.15141783561295422, 0.336366038743883], [0.27273574964899444, 0.22283972875652666, 0.15721873792693208, 0.34720578366754684], [0.2552522363776037, 0.15325151364750475, 0.31961709597796617, 0.27187915399692547], [0.26691928999048714, 0.32306549023294556, 0.15127416180486508, 0.2587410579717022], [0.2372312655627018, 0.20059586036342839, 0.09763526774479298, 0.46453760632907676], [0.27769931014547505, 0.1837246868336231, 0.21203570833146324, 0.32654029468943874], [0.20109212633776927, 0.18836002952361372, 0.28390570463478176, 0.3266421395038354], [0.17676761317589743, 0.4863160706583888, 0.08279568885493857, 0.25412062731077506], [0.2537730971869561, 0.2407500794204425, 0.11779695661711498, 0.3876798667754865], [0.15050731453348096, 0.2502876300799236, 0.09835544102786847, 0.500849614358727], [0.40814309035984464, 0.24022295091919693, 0.1335845844930941, 0.2180493742278644], [0.24398552615413865, 0.3936059733234392, 0.16275872158534066, 0.19964977893708155], [0.3769645116894529, 0.2625774643219876, 0.1271582155836226, 0.23329980840493703], [0.14491237698935883, 0.15472055434451662, 0.0506631628881124, 0.6497039057780122], [0.3287051559677981, 0.22703240708207473, 0.12301640344532636, 0.32124603350480074], [0.23596640753140422, 0.2564742785495157, 0.1266180338123426, 0.38094128010673756], [0.22764559852049202, 0.2849839520882675, 0.12673451904783348, 0.36063593034340713], [0.18377538466296123, 0.3315849542898022, 0.11375506440934349, 0.37088459663789314], [0.27228638301222463, 0.2978399936996775, 0.14619131011134087, 0.2836823131767572], [0.30363050309728085, 0.26272663797660717, 0.20007321244768475, 0.23356964647842715], [0.2113444373990128, 0.21058841640999595, 0.28445043567033784, 0.2936167105206533], [0.32557423356161225, 0.23172015200168505, 0.19140387247607027, 0.2513017419606324], [0.1726398856236653, 0.24064679776945522, 0.19211178760330366, 0.3946015290035758], [0.11131546120337876, 0.10333239305297592, 0.3778329312994455, 0.40751921444419986], [0.27720868625687395, 0.26763572537407204, 0.21227144008478316, 0.242884148284271], [0.31776582026339256, 0.1866641848662782, 0.2725199358732906, 0.22305005899703856], [0.35450344306032155, 0.21097458556882798, 0.12477970285544934, 0.3097422685154012], [0.2337094322710846, 0.16486341497378434, 0.4148056198234986, 0.18662153293163242], [0.1969170679444067, 0.2999753733877454, 0.187884724671308, 0.31522283399654], [0.2102930484248731, 0.23099423781159747, 0.13106630797137223, 0.4276464057921573], [0.18806160488591495, 0.23705245878832168, 0.11876114666172964, 0.4561247896640339], [0.23995946650178734, 0.2673977363683238, 0.15243306636319173, 0.34020973076669714], [0.29914385040269037, 0.15099282923076274, 0.3310677709248664, 0.21879554944168053], [0.2295502878781562, 0.24576909115847614, 0.22186513526152002, 0.3028154857018477], [0.2158054378334138, 0.3088838335615561, 0.14875695345208667, 0.32655377515294337], [0.25586825476032626, 0.34375622821105856, 0.1672908800555972, 0.233084636973018], [0.21232693347444864, 0.36331871460324894, 0.187320661788611, 0.2370336901336916], [0.30686984304867826, 0.3566200240338624, 0.1257699367394392, 0.2107401961780202], [0.21027906205221658, 0.44122961342512335, 0.0951705615468287, 0.25332076297583134], [0.31448454748867566, 0.32044112966400384, 0.159641183247873, 0.2054331395994474], [0.13657071253544764, 0.5735676775160948, 0.11915746828782443, 0.17070414166063308], [0.15279078399122906, 0.284393073525683, 0.4221763935341254, 0.1406397489489626], [0.20941829668800857, 0.5327877706254517, 0.08356540773805342, 0.17422852494848645], [0.18393046655722217, 0.31982496862546106, 0.2139893710671046, 0.2822551937502122], [0.20765872154640388, 0.47312193484085335, 0.09181673283399197, 0.2274026107787509], [0.20046662775277077, 0.4070819688577477, 0.11567091617779837, 0.2767804872116831], [0.08003853213722398, 0.0991965251449649, 0.23657553261688274, 0.5841894101009284], [0.13998636500399894, 0.1455131987780234, 0.37995077742701333, 0.33454965879096443], [0.32478081315924473, 0.3238739217304082, 0.11684634176151693, 0.23449892334883016], [0.14978212849792263, 0.1118736424396705, 0.6059160617869982, 0.13242816727540863], [0.32948518764536006, 0.4039545346928234, 0.0638627198191167, 0.2026975578426999], [0.4233486986269561, 0.11127067646883962, 0.218630227546839, 0.24675039735736518], [0.1495107037409401, 0.42757710130186793, 0.0988175210291206, 0.3240946739280713], [0.19249082411042903, 0.18917732851670047, 0.2871949722217849, 0.3311368751510858], [0.14388307283843996, 0.1129223926705436, 0.41124959635754527, 0.3319449381334712], [0.3248459900527591, 0.2218292620401723, 0.1214439587935328, 0.3318807891135359], [0.4035250697980672, 0.26134844242448146, 0.10363059391790791, 0.23149589385954344], [0.2608791094919307, 0.20241670664236844, 0.09724685978863926, 0.43945732407706145], [0.21135488394936322, 0.32271964072803117, 0.11553279478265861, 0.35039268053994704], [0.16761130689881396, 0.3214531856125544, 0.09612003043188642, 0.41481547705674526], [0.22915728680124733, 0.2620371685799208, 0.12234522341840988, 0.38646032120042195], [0.23605098419721868, 0.2929398335353875, 0.19786368999299428, 0.2731454922743996], [0.3085148483194736, 0.26089962665296984, 0.1538035886634046, 0.2767819363641519], [0.22467816174148927, 0.22270350281039608, 0.2963102189213632, 0.2563081165267517], [0.18102333243181554, 0.3260801049767565, 0.21377140774380593, 0.2791251548476222], [0.19599599492131747, 0.21536975836218727, 0.064266609817663, 0.5243676368988321], [0.28248466995172394, 0.3593472848042727, 0.10502042045167892, 0.2531476247923247], [0.27991964898094324, 0.25090547227559556, 0.1872476581044499, 0.2819272206390113], [0.23636495802788304, 0.3631537137280571, 0.15176925984410627, 0.2487120683999537], [0.26047363358975056, 0.4437706408973435, 0.12181533763041595, 0.17394038788249017], [0.27127055618222073, 0.48598170816305, 0.06852246782057218, 0.17422526783415712], [0.23535198451759276, 0.24904491994985134, 0.2722814130729474, 0.24332168245960856], [0.2064421389910945, 0.27078256776755, 0.1564235007589435, 0.36635179248241206], [0.2870031669654971, 0.3017740663808613, 0.17158925179517767, 0.23963351485846393], [0.1859100691578011, 0.39898111881210724, 0.1623460267639481, 0.2527627852661437], [0.20466485411366186, 0.5493243701134368, 0.09530763045393807, 0.15070314531896326], [0.1186106839700348, 0.2867232222886919, 0.36244189895733825, 0.23222419478393508], [0.3427310524662442, 0.27703868359481887, 0.12426957456620058, 0.2559606893727364], [0.15105740330294923, 0.5482895147903926, 0.16624089068454884, 0.13441219122210935], [0.20250686876265817, 0.3417173401096695, 0.10084109680728075, 0.3549346943203916], [0.448128071543516, 0.1967107680845108, 0.16154535676393159, 0.19361580360804165], [0.19213196627914472, 0.41582653251663554, 0.09622667150869145, 0.2958148296955284], [0.30365794288015835, 0.3412562431800452, 0.1080638837074669, 0.24702193023232966], [0.14761622367572733, 0.17819005351784917, 0.07873390890895532, 0.5954598138974683], [0.3635297953023566, 0.24458403487214922, 0.1510769817712378, 0.24080918805425652], [0.4448423049109661, 0.2014451813193821, 0.09234528728626716, 0.26136722648338456], [0.2530595439109739, 0.23514851435012285, 0.09896059194456766, 0.4128313497943356], [0.35671372413017194, 0.32470762946671883, 0.13548554754534636, 0.18309309885776298], [0.18859994311876008, 0.405906487641222, 0.12034283745217202, 0.2851507317878458], [0.4147613145169599, 0.1840760589422478, 0.08775254819578052, 0.3134100783450117], [0.29806325619331164, 0.25633927700155124, 0.11383934350394484, 0.33175812330119236], [0.12958236416844435, 0.15318017793198385, 0.4310267475702767, 0.286210710329295], [0.1891085649893044, 0.19479831593495514, 0.08071648593703912, 0.5353766331387012], [0.36557459156331534, 0.3069189807972673, 0.07421473306240167, 0.25329169457701567], [0.2371032674579548, 0.24832237466083917, 0.2574209983904904, 0.25715335949071566], [0.1261553696133168, 0.14946370339485823, 0.13493128020280765, 0.5894496467890173], [0.3632624125333109, 0.2368696734504085, 0.09734330696545732, 0.3025246070508233], [0.20835331041779115, 0.39845940735495966, 0.17528651737327375, 0.21790076485397544], [0.14799749491495962, 0.3522248472852366, 0.20526771310200975, 0.2945099446977941], [0.24490142317499375, 0.19322680081868823, 0.2216662141362033, 0.34020556187011464], [0.25566237647893986, 0.2570232209464497, 0.14577176170834774, 0.34154264086626274], [0.26390934459875187, 0.33181227694478, 0.1702946208429338, 0.2339837576135343], [0.17263488144137049, 0.4856114051969426, 0.14321209426655562, 0.19854161909513132], [0.32669635451111145, 0.24280749069449578, 0.19430402768915064, 0.2361921271052423], [0.2933299857537763, 0.27090662186727693, 0.10869173617615874, 0.3270716562027882], [0.2467507760369244, 0.21654527964480905, 0.14631593032929296, 0.39038801398897355], [0.3710892976129095, 0.26324532832990294, 0.08823441711947583, 0.27743095693771175], [0.18772320596893072, 0.1625206752784268, 0.3469470836858502, 0.3028090350667924], [0.16881320364856267, 0.2821478708333328, 0.07833646923202646, 0.4707024562860781], [0.3692869870957086, 0.23432703943788477, 0.08360313689504675, 0.3127828365713599], [0.3397983193163977, 0.30293795358031295, 0.1274159069408203, 0.22984782016246888], [0.2577174032736884, 0.2033892178989173, 0.17656213107375404, 0.36233124775364023], [0.13495506369463459, 0.16175584405048357, 0.27159883046294647, 0.43169026179193537], [0.22989724412252338, 0.23649534281653972, 0.12043512057754735, 0.4131722924833896], [0.24679185577350923, 0.3067428735749875, 0.10529332448374808, 0.3411719461677552]]}, "rewritten": {"ids": ["97105960", "97109570", "97111790", "97113260", "97116401", "98108370", "98108410", "98109230", "98109311", "98111231", "98111670", "98117740", "99108330", "99108520", "99109860", "99109910", "99110050", "99111440", "99111620", "99112641", "99120010", "100108260", "100108580", "100109311", "100111270", "100117420", "101108950", "101109370", "101111620", "101112160", "101113210", "102109840", "102109850", "102112170", "102113210", "102121440", "103109021", "103109791", "103111990", "103112641", "103113270", "103120730", "104111531", "104111830", "104111990", "104112201", "104112470", "104113550", "104114320", "104116441", "104119340", "105112100", "105112260", "105113190", "105113260", "105115570", "105115720", "105115900", "105116090", "105116501", "105118171", "105118740", "105119550", "105121190", "106113190", "106114321", "106115250", "106116120", "106119580", "106120290", "106121190", "107112850", "107113180", "107113200", "107113260", "107113360", "107114140", "107114321", "107114621", "107114780", "107114950", "107115250", "107119950", "107120010", "107120880", "108115570", "108116120", "108117451", "108118301", "108120060", "108120260", "109114720", "109115220", "109116930", "109117080", "109117150", "109117431", "109118231", "109119010", "109119340", "109119450", "109120540", "109120621", "110114651", "110114920", "110115710", "110115890", "110115980", "110118161", "110118301", "110119030", "110121720", "111115400", "111115770", "111116040", "111116990", "111117000", "111118820", "111119340", "111120190", "111120540", "111120591", "111121351", "111121930", "112116290", "112116451", "112117471", "112117780", "112118530", "112118701", "112118890", "112118930", "112120270", "112120640", "112120700", "113117340", "113117550", "113118690", "113119360", "113119450", "113119480", "113122320"], "labels": [2, 0, 2, 1, 3, 1, 1, 1, 1, 1, 1, 2, 1, 2, 2, 2, 3, 3, 3, 1, 2, 3, 0, 1, 2, 2, 2, 1, 3, 3, 3, 2, 1, 3, 3, 2, 0, 3, 2, 3, 2, 1, 0, 3, 2, 0, 1, 1, 2, 1, 1, 1, 3, 3, 3, 0, 1, 3, 1, 1, 3, 1, 1, 2, 0, 2, 2, 1, 3, 2, 2, 1, 3, 0, 0, 0, 2, 0, 0, 2, 3, 2, 3, 1, 1, 3, 1, 2, 1, 1, 1, 0, 3, 0, 1, 2, 1, 1, 3, 3, 3, 1, 1, 3, 3, 2, 2, 1, 0, 1, 0, 3, 0, 3, 0, 0, 0, 0, 3, 3, 1, 1, 0, 1, 0, 0, 3, 0, 1, 0, 3, 1, 0, 0, 2, 2, 3, 3, 0, 3, 3, 1], "predicted_labels": [3, 0, 0, 0, 3, 3, 3, 1, 0, 0, 0, 1, 1, 0, 3, 2, 1, 2, 0, 1, 2, 1, 1, 0, 0, 3, 1, 1, 3, 0, 1, 1, 0, 0, 3, 0, 0, 1, 3, 0, 3, 0, 3, 1, 1, 0, 3, 1, 2, 1, 0, 3, 1, 1, 0, 1, 2, 1, 0, 0, 1, 1, 1, 2, 2, 3, 1, 2, 3, 3, 1, 1, 3, 1, 0, 0, 2, 3, 0, 3, 0, 2, 0, 3, 2, 1, 2, 3, 0, 0, 0, 3, 3, 1, 0, 0, 0, 0, 3, 1, 0, 1, 0, 3, 1, 1, 3, 1, 1, 3, 1, 1, 1, 0, 3, 0, 0, 3, 3, 0, 0, 0, 1, 3, 1, 0, 2, 3, 3, 0, 3, 1, 0, 0, 1, 1, 3, 3, 2, 0, 0, 0], "confidence_scores": [[0.14431020833860048, 0.1940656042786968, 0.1663438670824534, 0.49528032030024915], [0.3192496493852071, 0.2077246978076193, 0.2237985538727548, 0.24922709893441877], [0.3998168361492281, 0.23339362647808118, 0.14258765994058875, 0.22420187743210207], [0.32296019777109936, 0.2538748084516118, 0.24417560171671432, 0.1789893920605746], [0.28625476703800706, 0.23250667608443545, 0.17256743253878537, 0.30867112433877203], [0.23106867464326067, 0.1922091068179915, 0.17042126922803802, 0.4063009493107098], [0.16244742501870413, 0.12959248558107356, 0.22619093105970672, 0.4817691583405157], [0.2361681460939764, 0.3084112358073871, 0.20492000553138154, 0.2505006125672549], [0.3723327957477366, 0.2145447635514365, 0.11043867370858973, 0.30268376699223715], [0.36319971262780193, 0.17839949992638485, 0.14178805843153963, 0.31661272901427356], [0.4382396513831735, 0.2027359722289574, 0.11763263480309002, 0.2413917415847792], [0.3124870534166164, 0.3252088141552316, 0.16273844030125487, 0.19956569212689698], [0.1669338460995498, 0.41058104336798795, 0.13482684244882628, 0.2876582680836361], [0.3310101361422423, 0.19797342538663584, 0.1612443297061463, 0.3097721087649756], [0.2547269247899909, 0.21084955240543457, 0.16230369439937886, 0.3721198284051958], [0.2571894451060604, 0.2071517111735522, 0.2981604144700262, 0.23749842925036124], [0.1812300578432276, 0.46840530970140193, 0.23006468495608495, 0.1202999474992855], [0.29281348465069484, 0.23966458859511372, 0.3245554431122841, 0.14296648364190742], [0.39793374956849553, 0.30681136767827394, 0.14251187740119925, 0.15274300535203134], [0.25716897991604565, 0.33486135123681576, 0.19207435034710232, 0.21589531850003635], [0.2361236360296421, 0.20132372772769677, 0.2985970369338201, 0.26395559930884105], [0.20755454912001414, 0.30081517106156863, 0.23629265968118138, 0.25533762013723593], [0.21154140364193844, 0.4403292894157918, 0.13657771436102137, 0.21155159258124845], [0.40786098527489145, 0.21109473456054698, 0.18134258130192013, 0.19970169886264144], [0.4060830960458071, 0.2765626033634852, 0.1749948172747158, 0.14235948331599188], [0.26942410870808015, 0.1448455344861404, 0.1364726827030785, 0.44925767410270095], [0.19931485485212827, 0.34010875508287564, 0.19920746266968684, 0.2613689273953091], [0.250610158033379, 0.32668773339366663, 0.13332365105586433, 0.2893784575170899], [0.2788832177310298, 0.19310953284179, 0.13475229256464075, 0.3932549568625395], [0.33687120092049, 0.24958152817118945, 0.13863943992752753, 0.2749078309807931], [0.23704252522646874, 0.3150874017709706, 0.2527766056566124, 0.1950934673459482], [0.29230919423837026, 0.2985878758467473, 0.15028253590983964, 0.25882039400504303], [0.31116331432113026, 0.278612957698932, 0.14641952158715155, 0.26380420639278623], [0.3851725568239894, 0.16474394591625371, 0.1434041259961998, 0.3066793712635572], [0.17791729112508023, 0.16974715638558305, 0.20571963956128375, 0.44661591292805297], [0.354156065512306, 0.2327466864619743, 0.16474914571096852, 0.2483481023147515], [0.3659815281107085, 0.22188439222298037, 0.138715026184227, 0.27341905348208434], [0.23714756800159673, 0.28965063897099785, 0.203280732121699, 0.2699210609057064], [0.3579593137913733, 0.1308276681933292, 0.11837339904443764, 0.3928396189708599], [0.35794164260209205, 0.21444194188114007, 0.10945869809331706, 0.31815771742345095], [0.3009743775804687, 0.22115743365419313, 0.1270830305461303, 0.35078515821920797], [0.3797469785350929, 0.19916959147174704, 0.13774200112050689, 0.2833414288726532], [0.2178797204206819, 0.2232077649434689, 0.22214324360381096, 0.3367692710320384], [0.22074942397246472, 0.3943612756911531, 0.15580088075047757, 0.22908841958590462], [0.2338613793199867, 0.3763708828167726, 0.0901144269467929, 0.29965331091644776], [0.3434784442122641, 0.21626450279587395, 0.16192527274340174, 0.2783317802484602], [0.3399115422826979, 0.21993862107676632, 0.09966491242468717, 0.34048492421584853], [0.3160606227913227, 0.3624397530353396, 0.11923178346196231, 0.20226784071137568], [0.1621792536310758, 0.19327963020784053, 0.5540443551699687, 0.09049676099111482], [0.2308387390887267, 0.2978950177483779, 0.24231097874301347, 0.22895526441988198], [0.31050392991894743, 0.2530503633294083, 0.23475914929791372, 0.2016865574537306], [0.274424430798955, 0.1663081093285599, 0.2790797896858028, 0.2801876701866823], [0.18377600250458914, 0.4424375996687565, 0.10818011125311133, 0.265606286573543], [0.28370439354323207, 0.5141408473197345, 0.08246023920813662, 0.11969451992889686], [0.5624400830951203, 0.20499950855645166, 0.0998303969108245, 0.1327300114376037], [0.2872323445419923, 0.34448848764325657, 0.10520597349003229, 0.26307319432471876], [0.282434210074264, 0.16784129133246917, 0.31234175120028357, 0.2373827473929832], [0.18393388366657304, 0.30404982597408714, 0.24872005407528797, 0.2632962362840519], [0.3487188988919758, 0.31422659887648147, 0.18104433409665424, 0.15601016813488833], [0.3912000378017237, 0.17601912237672493, 0.09831200764908855, 0.33446883217246287], [0.26916999115391826, 0.30038806120664746, 0.1358080735728351, 0.2946338740665991], [0.25472293544795105, 0.3212476711237741, 0.21326420168186735, 0.2107651917464074], [0.2114878853467972, 0.5563611900458889, 0.10218295695229157, 0.12996796765502228], [0.26105979723082345, 0.24353166487296468, 0.26823002562926435, 0.22717851226694746], [0.31805490237586637, 0.15111052289931615, 0.38485658789306215, 0.14597798683175556], [0.2525172313303025, 0.23935575981394192, 0.2521121357248891, 0.2560148731308664], [0.23166810854774952, 0.35258152933730885, 0.2051737615934469, 0.210576600521495], [0.2097120183210447, 0.23504609368465576, 0.2997511913496199, 0.25549069664467977], [0.2421684795800096, 0.24122773750974702, 0.1916349471174633, 0.32496883579278], [0.14872488026626307, 0.3677429173170484, 0.07050071168039593, 0.4130314907362926], [0.30278528451751907, 0.4312668637110601, 0.05361009341791848, 0.2123377583535023], [0.1502776389852179, 0.35610003386707206, 0.23820149357800294, 0.2554208335697073], [0.22052433621941944, 0.22083530298494844, 0.18688283442889464, 0.37175752636673753], [0.18649651487257277, 0.5381754165895888, 0.11416477428848565, 0.16116329424935283], [0.3698183536677299, 0.2028804267889403, 0.17774483086399714, 0.24955638867933264], [0.2909076344998328, 0.26490395093505964, 0.18320266681723707, 0.26098574774787053], [0.16639915068118674, 0.16548222871984353, 0.4752970614823048, 0.19282155911666501], [0.28368257868526175, 0.23831633240758904, 0.1674817148679873, 0.310519374039162], [0.3521218286802694, 0.2618927745460207, 0.1445739188505328, 0.24141147792317688], [0.2104819433850991, 0.22987382699626652, 0.24212360331400626, 0.3175206263046282], [0.387376849470293, 0.14673995030114487, 0.30398475481318105, 0.16189844541538098], [0.24140976271404305, 0.20179159035744, 0.31211911611662874, 0.24467953081188829], [0.4326543439855251, 0.20030075892496635, 0.187496863742132, 0.17954803334737665], [0.24747841748721539, 0.21839486951720846, 0.2145765499630692, 0.319550163032507], [0.1773655950133279, 0.22318968850592474, 0.40700257028144965, 0.1924421461992979], [0.16262763572362834, 0.3781299949661984, 0.2861427004461526, 0.17309966886402073], [0.34711107402152797, 0.11501333294479461, 0.3573260853392352, 0.18054950769444233], [0.23618863159508985, 0.1947481097187687, 0.08996859962016807, 0.47909465906597337], [0.37625461057505327, 0.24358926830805464, 0.0985922339287483, 0.28156388718814396], [0.32752605286222936, 0.23449637487228642, 0.19309529361256694, 0.24488227865291734], [0.3284495964272466, 0.2171442934629483, 0.1703952935958995, 0.28401081651390564], [0.18168227319486885, 0.21121325714395664, 0.17581109196007744, 0.43129337770109705], [0.29942498880361224, 0.20559463492154373, 0.06529289429705327, 0.4296874819777909], [0.23557750076425815, 0.3102310993740368, 0.1490382384336217, 0.3051531614280831], [0.4143511673892448, 0.2648754919662595, 0.09704385690787702, 0.2237294837366188], [0.43928869983111263, 0.19192174233998904, 0.13272952288097853, 0.23606003494791966], [0.5271690792486013, 0.17882695695030987, 0.10537962762684171, 0.188624336174247], [0.3890279707685942, 0.237634760009342, 0.14688040885550427, 0.22645686036655957], [0.2561795596589351, 0.2532644351800518, 0.1290546208166974, 0.36150138434431583], [0.23595397927094086, 0.41417101928225614, 0.06846814246430659, 0.2814068589824964], [0.4046724120231683, 0.19887955954543785, 0.13362159322695877, 0.26282643520443516], [0.23421552321677666, 0.42566960408571963, 0.12599065459916436, 0.21412421809833937], [0.3368821325406536, 0.15985282809877469, 0.2910098875264119, 0.21225515183415988], [0.213308468036953, 0.2666764819672236, 0.1440581039241074, 0.3759569460717162], [0.22764616206711516, 0.3412482437183754, 0.17264854914503713, 0.2584570450694723], [0.1572560876667467, 0.46484946311119674, 0.10209009069125205, 0.2758043585308047], [0.2601883771015714, 0.19455131487548633, 0.21036470923999315, 0.33489559878294933], [0.21231452700614162, 0.4441837453631434, 0.17215501417963155, 0.17134671345108354], [0.2094248831709109, 0.44695767774198647, 0.09631778880322349, 0.24729965028387926], [0.20636876654868963, 0.23162696261808297, 0.09982046702875542, 0.46218380380447216], [0.2595223693739055, 0.29551376504805965, 0.17412365513624567, 0.27084021044178924], [0.2780756861869431, 0.2986795144651891, 0.15208071382324584, 0.27116408552462185], [0.242020733141348, 0.38033135157853054, 0.1103401199106625, 0.26730779536945903], [0.34551635406565484, 0.3304301474050068, 0.15269386776119817, 0.17135963076814015], [0.1678205586393324, 0.1862436536220471, 0.27591087252856117, 0.3700249152100594], [0.4623942002407777, 0.17738247116129657, 0.1320960971553563, 0.2281272314425693], [0.39417251485252364, 0.23753842421092494, 0.161766735742333, 0.2065223251942186], [0.23374177261246976, 0.24868971461025757, 0.13806231422219042, 0.37950619855508244], [0.1844843940152401, 0.10605886014008306, 0.31986161757305903, 0.3895951282716178], [0.3263536312502976, 0.20226752530696124, 0.26836226026456916, 0.20301658317817192], [0.3200111146281859, 0.24678441960662345, 0.1315254637364298, 0.3016790020287609], [0.3135756389121509, 0.26780044846936274, 0.22810931882392074, 0.19051459379456578], [0.20961067945202225, 0.3130920459844215, 0.2538498717812293, 0.2234474027823269], [0.28788190820769416, 0.20101495025947602, 0.20707019028020265, 0.30403295125262714], [0.35029979180492843, 0.3758293926271346, 0.11792021952258863, 0.15595059604534825], [0.3646655356626183, 0.27809550934063, 0.14688599264189986, 0.21035296235485218], [0.2982036352607188, 0.20653056856689084, 0.33257554825865876, 0.16269024791373163], [0.19743856815616828, 0.13102845136004523, 0.1407784022768485, 0.5307545782069379], [0.24429319948195596, 0.26355073189487715, 0.21817736287027142, 0.2739787057528955], [0.3276923831982279, 0.164099477975463, 0.28101925949478135, 0.2271888793315278], [0.19887125076478468, 0.24525686187074056, 0.16554395950081782, 0.39032792786365705], [0.26319027539984496, 0.4707044773342094, 0.1576110200228763, 0.10849422724306916], [0.33054347829472014, 0.3175408502288959, 0.13304178699854793, 0.21887388447783615], [0.4574026566813665, 0.2043744963128912, 0.09359335625423872, 0.24462949075150356], [0.287720996129952, 0.37329350512417286, 0.14776658132338644, 0.19121891742248884], [0.18868500726130524, 0.37263731720308646, 0.18017387481358113, 0.2585038007220273], [0.2540375152171327, 0.3079734963715096, 0.12629450832941244, 0.31169448008194517], [0.2913888291757179, 0.1682816749460431, 0.2035331806079391, 0.33679631527029996], [0.2396311136303959, 0.25738069710924855, 0.31873093330861657, 0.18425725595173906], [0.38825999053562443, 0.1539558633884839, 0.12701268349269393, 0.3307714625831977], [0.3924260269626636, 0.14281401395144727, 0.24180349088040143, 0.22295646820548773], [0.3268880809476771, 0.24376270843667694, 0.2334008110452242, 0.1959483995704217]]}}