{"test": {"ids": ["103120730", "112116900", "101114990", "101117580", "105112240", "108114180", "108114220", "102118380", "112117210", "109113281", "112118820", "109119591", "100116500", "113118421", "101121640", "111118810", "110120531", "97106970", "101111310", "99107660", "100111390", "108115070", "110118930", "97106600", "103111930", "99112531", "102110690", "113118690", "113122510", "112121010", "97106000", "99119830", "112117780", "106118301", "108115880", "102116340", "99112641", "108118520", "99111340", "112118161", "110114920", "111115910", "100108490", "100109311", "105120621", "105110091", "99107300", "107121700", "108119550", "103110760", "103111990", "108117360", "97116800", "108118301", "113119340", "105115720", "105116980", "110118121", "105117200", "109121351", "98109570", "97107821", "103118291", "112117471", "105116090", "103120780", "99114890", "100109360", "104111830", "110118111", "109117080", "106116850", "105110251", "99105921", "104113240", "102109910", "102107961", "103117461", "100107920", "102117351", "108121410", "98110230", "105120280", "106118161", "109113931", "110121450", "99108010", "108114200", "110113931", "104114230", "113118810", "107114140", "109116040", "106114280", "107114280", "97114170", "97105451", "101112201", "112121030", "108121160", "110115580", "102112030", "103111110", "112118810", "113120070", "98106111", "105121370", "111114941", "103112470", "112118421", "98111620", "113120591", "112117660", "110118181", "97116500", "107114950", "112120700", "98109230", "106115240", "98112300", "109120560", "110118450", "106119260", "110116441", "103113640", "100111380", "104109311", "100109000", "113122220", "103110840", "106113170", "108113700", "99111930", "98109090", "110115710", "97106591", "98112170", "111119290", "100109980", "102110890", "103110050", "98111231"], "labels": [1, 3, 3, 3, 1, 1, 3, 1, 1, 0, 0, 0, 2, 3, 2, 0, 0, 2, 3, 3, 2, 1, 1, 3, 3, 3, 0, 3, 2, 2, 0, 1, 0, 1, 3, 3, 1, 0, 1, 0, 3, 2, 2, 1, 1, 0, 3, 3, 1, 1, 2, 1, 0, 1, 0, 1, 0, 3, 3, 0, 1, 2, 0, 3, 1, 1, 2, 0, 3, 1, 1, 3, 0, 1, 2, 2, 3, 0, 0, 1, 0, 3, 3, 3, 1, 3, 2, 0, 1, 2, 3, 2, 0, 3, 3, 2, 0, 0, 0, 2, 1, 2, 3, 3, 2, 0, 2, 0, 1, 3, 3, 0, 0, 1, 2, 3, 2, 1, 1, 2, 1, 0, 1, 3, 1, 3, 3, 1, 1, 1, 0, 0, 1, 1, 2, 1, 3, 3, 1, 0, 3, 1], "predicted_labels": [0, 3, 3, 1, 1, 1, 3, 3, 3, 0, 3, 1, 2, 3, 1, 3, 0, 3, 3, 3, 3, 3, 1, 2, 0, 3, 0, 3, 1, 2, 3, 3, 3, 2, 3, 1, 3, 1, 2, 0, 1, 1, 2, 1, 0, 0, 0, 2, 3, 3, 1, 1, 2, 2, 3, 1, 3, 1, 1, 3, 1, 3, 1, 0, 2, 3, 0, 3, 1, 0, 1, 3, 0, 2, 1, 0, 0, 3, 0, 3, 3, 1, 0, 1, 1, 3, 1, 3, 1, 1, 0, 1, 1, 3, 1, 3, 3, 2, 2, 0, 3, 3, 2, 2, 1, 3, 0, 0, 1, 1, 1, 0, 0, 1, 3, 3, 1, 3, 0, 3, 1, 2, 3, 3, 1, 0, 1, 3, 2, 3, 3, 1, 0, 0, 3, 3, 3, 0, 0, 3, 1, 0], "confidence_scores": [[0.30473682638525446, 0.2989052943676459, 0.17089861048816304, 0.22545926875893657], [0.28996921993644825, 0.21858140315029584, 0.185805196586698, 0.305644180326558], [0.1848806826596872, 0.21709813817939716, 0.2627209831730328, 0.335300195987883], [0.11864658524642907, 0.578533933952157, 0.15934173409412591, 0.14347774670728805], [0.24083574645097716, 0.40173911968725023, 0.1471350247138251, 0.2102901091479474], [0.18642304669105714, 0.5419479250072813, 0.08785246991864845, 0.1837765583830131], [0.2604442384501041, 0.2604578623042999, 0.1667428071489943, 0.3123550920966016], [0.277862383061864, 0.21306799188495956, 0.17434045433336282, 0.3347291707198137], [0.15884337361859246, 0.3296047059508106, 0.1613211219554032, 0.35023079847519367], [0.4576184734127596, 0.20898580322043844, 0.20059895176382966, 0.1327967716029723], [0.2877710865926289, 0.2764909523394381, 0.0942783834611849, 0.3414595776067481], [0.194596145278494, 0.34509552525936654, 0.1730162255348266, 0.2872921039273129], [0.10289151266226475, 0.09705590714928826, 0.6804202305146145, 0.11963234967383235], [0.32034377698259753, 0.22107120324104246, 0.10870548175331854, 0.3498795380230416], [0.24989610329779094, 0.4221815391483687, 0.16968640761186018, 0.15823594994198015], [0.2930169457058088, 0.24985659941748084, 0.15095631315320338, 0.30617014172350715], [0.3317174934081087, 0.2611597589930313, 0.14045045687764168, 0.26667229072121845], [0.10999319098568007, 0.2855601922656952, 0.27150211595726575, 0.332944500791359], [0.08948993176857709, 0.1361989805100437, 0.31786600119380853, 0.4564450865275707], [0.1953220904861496, 0.10441644074633294, 0.06498496935837975, 0.6352764994091378], [0.1987254897634594, 0.2569428650825212, 0.19446804805368562, 0.34986359710033366], [0.27036838077086794, 0.24617269405894596, 0.20946137675116103, 0.273997548419025], [0.27774555640901316, 0.43265745793527793, 0.13055145540131016, 0.1590455302543989], [0.19356039285920695, 0.2592790188304401, 0.2866214573633314, 0.2605391309470216], [0.6294581155293882, 0.11675774049958865, 0.13633808147395332, 0.11744606249706979], [0.23713993251905713, 0.25672363200415155, 0.18035655809459097, 0.32577987738220043], [0.32818210095847306, 0.30293433847289164, 0.17422310864472165, 0.19466045192391357], [0.2209844952952168, 0.18180483794559144, 0.17521476962326032, 0.4219958971359315], [0.3173930492036632, 0.36255997329377737, 0.11402350355176072, 0.20602347395079887], [0.18967250589241885, 0.21793596030363516, 0.30223444967651647, 0.2901570841274297], [0.2043480873137102, 0.2055161033089654, 0.199868119219499, 0.39026769015782525], [0.1608112954300183, 0.22042039399571625, 0.183652310966921, 0.4351159996073446], [0.2317544529388843, 0.20495634032577542, 0.09986882312266133, 0.46342038361267907], [0.22083551635196746, 0.1625387334398084, 0.4545444304012619, 0.1620813198069622], [0.20157254699336977, 0.26760686526341565, 0.17793363386595235, 0.35288695387726227], [0.1360431537952194, 0.34894677236928856, 0.2647872297720311, 0.25022284406346096], [0.18749480232578894, 0.1641284366693295, 0.10552295945352874, 0.5428538015513529], [0.22145739155623054, 0.3198495355186045, 0.16577101196152316, 0.2929220609636418], [0.21760900146352632, 0.24034812565203792, 0.37856577280926906, 0.16347710007516683], [0.41890813460082976, 0.3374817680052089, 0.06683347229756069, 0.17677662509640077], [0.22100359568606134, 0.4361889820276747, 0.1665795969433713, 0.17622782534289277], [0.19234378127894566, 0.4339474047212517, 0.1146092650975432, 0.2590995489022594], [0.1821576045055348, 0.23237494840747216, 0.3469044344059973, 0.23856301268099586], [0.2632928974259253, 0.3179062089563812, 0.13523894395809272, 0.28356194965960074], [0.3935330781294955, 0.1762323267137399, 0.1034078722671003, 0.32682672288966436], [0.34765167159578464, 0.21398078514298977, 0.13426524878211898, 0.3041022944791067], [0.3527249409334412, 0.22299399001644998, 0.23298331812349635, 0.19129775092661253], [0.1090425388566467, 0.1890981892542775, 0.578666823032771, 0.1231924488563048], [0.10695131562156024, 0.21792352150201252, 0.26737608093969856, 0.4077490819367288], [0.2889248265839317, 0.20244693488641521, 0.15349160243194526, 0.35513663609770807], [0.2625382225241769, 0.3443336518394124, 0.15960815680413257, 0.2335199688322782], [0.1917873917042002, 0.3087684835958351, 0.22732278224593122, 0.2721213424540336], [0.29274252273469403, 0.198137639971671, 0.29532012601899016, 0.21379971127464467], [0.2609808751351558, 0.21201252164158546, 0.3290061430789279, 0.19800046014433095], [0.2563812248180787, 0.2632558011111469, 0.17416281467121011, 0.30620015939956435], [0.2705050181397772, 0.3158620109062468, 0.24670591948530404, 0.16692705146867207], [0.28351073918109165, 0.22545569603700488, 0.19463158527826552, 0.296401979503638], [0.1885543093137776, 0.3697269175758382, 0.19153303586480258, 0.25018573724558174], [0.1732422644294361, 0.5339290402018831, 0.10097807150355269, 0.19185062386512813], [0.26883981345473434, 0.25052087144996643, 0.12174451446864898, 0.3588948006266505], [0.19539601018855038, 0.43027748789402426, 0.12592291167433387, 0.2484035902430916], [0.199123238765282, 0.24946897456805173, 0.1327818835139616, 0.4186259031527048], [0.2432038876679417, 0.2989583652948213, 0.1769376307684374, 0.28090011626879974], [0.34800047901854436, 0.17054111357778257, 0.26261409961905313, 0.2188443077846199], [0.2791713827422154, 0.19592272137568498, 0.2799377003474454, 0.2449681955346542], [0.2638498399430354, 0.2085362327152246, 0.2112684790947378, 0.3163454482470023], [0.3102304697816564, 0.2686660870052232, 0.15965980911024474, 0.26144363410287547], [0.1898830750217962, 0.3355149702115419, 0.13569685829653672, 0.3389050964701251], [0.1672573301812515, 0.4357088793011989, 0.17176441187187655, 0.22526937864567304], [0.6839873921855305, 0.13220868158502974, 0.06548463219064522, 0.11831929403879449], [0.28127861058498493, 0.4018218584344145, 0.09161936879613691, 0.22528016218446345], [0.09786779896394251, 0.15918215687048984, 0.3354468593589486, 0.407503184806619], [0.37874512579084874, 0.271690685245843, 0.13808376312049966, 0.21148042584280857], [0.10498565472206674, 0.2550382976320066, 0.4434447492439142, 0.1965312984020126], [0.2942233547332019, 0.297901331298995, 0.16405268885815388, 0.2438226251096492], [0.35256186526079536, 0.15935809533115786, 0.25075981817846893, 0.23732022122957794], [0.3709288990739514, 0.28012789547114514, 0.18344458740747288, 0.1654986180474306], [0.21984238550116275, 0.2617030749117607, 0.1822425075638613, 0.3362120320232153], [0.29778833362583945, 0.23672641817372947, 0.19594484601947226, 0.26954040218095904], [0.19873550637238685, 0.2852528413363968, 0.14983920427102831, 0.36617244802018806], [0.1668267761098307, 0.22248215256234702, 0.14368106371837688, 0.4670100076094454], [0.2262954237776994, 0.43269503269808124, 0.0902960101766974, 0.2507135333475219], [0.485691371205825, 0.2269466795431364, 0.12541558611861994, 0.16194636313241872], [0.3335345216976099, 0.3784738917476885, 0.10009720001292448, 0.18789438654177734], [0.2510736743369251, 0.3806335885248545, 0.1784078730807601, 0.18988486405746036], [0.22922260829952895, 0.2924969078998445, 0.097774548239994, 0.3805059355606326], [0.23604935642903663, 0.44524224990205785, 0.189164018940577, 0.12954437472832858], [0.10792831036798516, 0.3393971149541804, 0.14668530689986248, 0.40598926777797206], [0.20126757968741796, 0.4646777099315558, 0.10874587817979339, 0.22530883220123296], [0.16283685110242632, 0.5347881290092877, 0.07976247856270016, 0.22261254132558567], [0.3079698531050761, 0.2238193327293505, 0.24259092859644996, 0.22561988556912346], [0.2588329038947914, 0.4138420518941532, 0.14347176472953443, 0.18385327948152108], [0.1433277743532592, 0.3509936408442012, 0.2333877000487385, 0.2722908847538011], [0.2661281343524016, 0.23006226631548085, 0.19597551077697709, 0.3078340885551405], [0.2008149402854077, 0.33091112366274866, 0.18063840809476764, 0.28763552795707603], [0.2192550060817154, 0.19138290233360725, 0.1789950006271681, 0.41036709095750934], [0.2325933429043928, 0.2927686694199494, 0.14805684269588548, 0.32658114497977236], [0.1955668572106956, 0.17016116274771026, 0.4387285299950484, 0.1955434500465457], [0.19698735607175935, 0.17594523625252845, 0.45732646628963375, 0.16974094138607831], [0.33575016041440675, 0.14172754615318017, 0.2588529742652791, 0.26366931916713415], [0.24049860262942513, 0.2518135249313247, 0.14508290478896582, 0.3626049676502846], [0.2952680373320336, 0.21297657839947776, 0.1833911225985695, 0.3083642616699192], [0.21913440274852722, 0.2866310513790728, 0.3138203300551495, 0.18041421581725073], [0.16700109053990808, 0.28232077299230346, 0.29940784259213166, 0.2512702938756568], [0.17068648765395744, 0.5942103385934822, 0.111773926306874, 0.12332924744568632], [0.15593467157377217, 0.12317469526572217, 0.26747501823816067, 0.45341561492234506], [0.3490326824837361, 0.22460548933527544, 0.16178318333813707, 0.2645786448428512], [0.36499189864892795, 0.22112266959873453, 0.1284217712931419, 0.2854636604591955], [0.08842687627194028, 0.46263390723905423, 0.2518952528191199, 0.19704396366988577], [0.2447104656858925, 0.331335909807609, 0.1703415668654443, 0.2536120576410543], [0.11595109898547276, 0.44750416302872725, 0.24149400495987353, 0.19505073302592651], [0.3714350416303232, 0.25943187825225555, 0.12658719114369607, 0.2425458889737253], [0.3546214662548511, 0.22513458066528347, 0.16829742558058355, 0.25194652749928187], [0.19106535392598967, 0.44640533480899863, 0.1426983119840794, 0.21983099928093222], [0.26471875724626553, 0.27902577394348854, 0.12921171444048615, 0.3270437543697598], [0.23237253107081704, 0.2640307269615778, 0.1852919666890477, 0.31830477527855744], [0.08419356104584587, 0.6967154281966154, 0.06818844663229627, 0.15090256412524258], [0.23643734147315035, 0.2321366036490086, 0.20032654010864984, 0.33109951476919136], [0.373798108142939, 0.24076913090631943, 0.1332622389971762, 0.2521705219535656], [0.18344948467216876, 0.31129513487498345, 0.11179294226570397, 0.393462438187144], [0.3088947284382546, 0.3588903814303846, 0.10858294009529497, 0.2236319500360659], [0.15625483977349883, 0.30779899146900086, 0.32131933957141035, 0.21462682918608994], [0.25908402944188846, 0.22510307011075334, 0.2440768346475176, 0.2717360657998407], [0.18142703644456992, 0.1866300249030517, 0.09516739902773756, 0.5367755396246408], [0.1935549922828225, 0.48605241740246513, 0.09273250769808687, 0.22766008261662557], [0.31193924148970015, 0.2550067734121134, 0.12914439987768694, 0.3039095852204997], [0.2737044422611248, 0.3486847474106622, 0.16409142132283666, 0.21351938900537631], [0.2508964007638223, 0.19359152204660768, 0.17597222144117144, 0.37953985574839866], [0.12920491529419612, 0.2912093212026863, 0.3135095065131244, 0.2660762569899933], [0.2049066046512711, 0.27484475925823176, 0.20197503429427674, 0.31827360179622055], [0.17627197519468937, 0.3176263056189556, 0.1326762246818522, 0.3734254945045028], [0.2641814090727562, 0.30701159626970975, 0.1510828757205957, 0.2777241189369384], [0.2974462743566287, 0.26850859844182867, 0.20921427918885485, 0.22483084801268782], [0.29685523273895376, 0.29464132610015764, 0.11726117442452234, 0.29124226673636633], [0.28934788585185606, 0.2789682325785708, 0.10093754243533927, 0.3307463391342337], [0.3020331167826535, 0.20458866204048481, 0.11648302007982143, 0.37689520109704033], [0.3325214923780083, 0.23205031102123155, 0.09324834611346808, 0.34217985048729194], [0.35610358323306396, 0.24214664948600811, 0.1651595394908879, 0.2365902277900401], [0.46518349462289804, 0.23268458800534844, 0.18207811133891239, 0.12005380603284116], [0.15745534386950014, 0.33796572618761317, 0.14820768426457412, 0.3563712456783127], [0.31665862099161024, 0.3525322653787271, 0.15606638723114388, 0.17474272639851882], [0.30357803541834094, 0.21772284708275202, 0.19146656314468488, 0.2872325543542221]]}, "rewritten": {"ids": ["97105451", "97106000", "97106591", "97106600", "97106970", "97107821", "97114170", "97116500", "97116800", "98106111", "98109090", "98109230", "98109570", "98110230", "98111231", "98111620", "98112170", "98112300", "99105921", "99107300", "99107660", "99108010", "99111340", "99111930", "99112531", "99112641", "99114890", "99119830", "100107920", "100108490", "100109000", "100109311", "100109360", "100109980", "100111380", "100111390", "100116500", "101111310", "101112201", "101114990", "101117580", "101121640", "102107961", "102109910", "102110690", "102110890", "102112030", "102116340", "102117351", "102118380", "103110050", "103110760", "103110840", "103111110", "103111930", "103111990", "103112470", "103113640", "103117461", "103118291", "103120730", "103120780", "104109311", "104111830", "104113240", "104114230", "105110091", "105110251", "105112240", "105115720", "105116090", "105116980", "105117200", "105120280", "105120621", "105121370", "106113170", "106114280", "106115240", "106116850", "106118161", "106118301", "106119260", "107114140", "107114280", "107114950", "107121700", "108113700", "108114180", "108114200", "108114220", "108115070", "108115880", "108117360", "108118301", "108118520", "108119550", "108121160", "108121410", "109113281", "109113931", "109116040", "109117080", "109119591", "109120560", "109121351", "110113931", "110114920", "110115580", "110115710", "110116441", "110118111", "110118121", "110118181", "110118450", "110118930", "110120531", "110121450", "111114941", "111115910", "111118810", "111119290", "112116900", "112117210", "112117471", "112117660", "112117780", "112118161", "112118421", "112118810", "112118820", "112120700", "112121010", "112121030", "113118421", "113118690", "113118810", "113119340", "113120070", "113120591", "113122220", "113122510"], "labels": [0, 0, 1, 3, 2, 2, 2, 2, 0, 0, 1, 1, 1, 3, 1, 3, 3, 2, 1, 3, 3, 2, 1, 1, 3, 1, 2, 1, 0, 2, 1, 1, 0, 1, 3, 2, 2, 3, 0, 3, 3, 2, 3, 2, 0, 0, 2, 3, 1, 1, 3, 1, 1, 3, 3, 2, 1, 1, 0, 0, 1, 1, 3, 3, 2, 2, 0, 0, 1, 1, 1, 0, 3, 3, 1, 2, 0, 3, 1, 3, 3, 1, 1, 2, 3, 3, 3, 0, 1, 0, 3, 1, 3, 1, 1, 0, 1, 2, 0, 0, 1, 0, 1, 0, 1, 0, 1, 3, 1, 2, 3, 1, 3, 1, 0, 1, 0, 3, 0, 2, 0, 3, 3, 1, 3, 0, 0, 0, 3, 3, 0, 2, 2, 0, 3, 3, 3, 0, 2, 0, 1, 2], "predicted_labels": [3, 3, 0, 2, 2, 3, 3, 1, 0, 3, 1, 1, 1, 1, 0, 1, 3, 0, 2, 1, 3, 1, 2, 0, 0, 3, 1, 3, 0, 2, 1, 3, 3, 2, 0, 2, 2, 3, 0, 3, 1, 1, 0, 1, 2, 3, 0, 2, 3, 0, 0, 0, 1, 0, 0, 1, 3, 0, 3, 0, 3, 1, 3, 1, 3, 3, 0, 0, 1, 1, 2, 3, 1, 0, 0, 0, 3, 3, 1, 1, 0, 2, 3, 2, 3, 3, 2, 1, 0, 3, 1, 1, 3, 2, 2, 1, 3, 3, 3, 0, 1, 2, 1, 1, 1, 3, 1, 1, 3, 3, 3, 0, 1, 1, 1, 1, 0, 3, 0, 1, 3, 0, 1, 1, 3, 3, 3, 1, 3, 0, 3, 1, 2, 2, 3, 3, 0, 1, 1, 3, 3, 1], "confidence_scores": [[0.2881168538772739, 0.23619141510030525, 0.15555201721282694, 0.3201397138095937], [0.3091652799253755, 0.1593125616502082, 0.13734686614820962, 0.39417529227620657], [0.372816241433245, 0.32392926254555676, 0.11653520255778863, 0.1867192934634099], [0.1377473736474423, 0.14965335229791724, 0.5129081386138765, 0.19969113544076394], [0.19101934656992117, 0.21602732891061807, 0.3902492336301883, 0.20270409088927235], [0.1922083075988538, 0.25858612182019564, 0.14685911950749447, 0.40234645107345607], [0.22996836212405702, 0.21733536956242785, 0.14616714734094757, 0.40652912097256766], [0.2729880324964506, 0.3204683574790705, 0.1758871147437502, 0.23065649528072873], [0.3214782904030537, 0.2522800618154841, 0.18475496573453165, 0.2414866820469306], [0.21310870548866562, 0.16526408529932735, 0.1042216998124191, 0.517405509399588], [0.27464760396835086, 0.29802331370383806, 0.13274384348088822, 0.2945852388469227], [0.07974634699522806, 0.5212473936093237, 0.17037222046511874, 0.2286340389303295], [0.27271167965407367, 0.2776636720297027, 0.2235139249972079, 0.2261107233190157], [0.2540911735587835, 0.4291806326693426, 0.10320967903185875, 0.21351851474001518], [0.2992063493946928, 0.23919166547339962, 0.17083525006334738, 0.2907667350685603], [0.21515344536434391, 0.3754421872995047, 0.2508669871504596, 0.1585373801856918], [0.21733429513700642, 0.20782278567332055, 0.10181042991637046, 0.4730324892733025], [0.29447830730838964, 0.2899888844205722, 0.1377262843602522, 0.27780652391078586], [0.15491142082416176, 0.27969600894509244, 0.33960476810649176, 0.22578780212425398], [0.18540274927606515, 0.3672087604021383, 0.17320854646884712, 0.27417994385294964], [0.284611615887716, 0.1279027795733442, 0.09235734523470066, 0.4951282593042392], [0.1957357045202782, 0.6179035701304815, 0.06926576795451211, 0.11709495739472817], [0.2240030618527042, 0.21980571216169142, 0.27993790488324616, 0.2762533211023584], [0.34721941973168674, 0.3051234726185674, 0.16769101739352912, 0.17996609025621685], [0.4264118791130069, 0.14420899751123586, 0.17032997175088066, 0.2590491516248765], [0.1915077434740276, 0.22247374844874157, 0.17594544150140703, 0.4100730665758239], [0.22578484702533283, 0.34149682653273583, 0.16887251464628805, 0.26384581179564315], [0.2368850633681092, 0.2294604464460746, 0.2265738153717051, 0.30708067481411117], [0.3363590882290725, 0.24426319658214077, 0.20218324094012383, 0.21719447424866278], [0.23567875290460416, 0.20345231924682045, 0.37503846525065193, 0.18583046259792343], [0.26575532265098306, 0.3671796290483216, 0.12693049878406512, 0.24013454951663016], [0.2615874505357834, 0.29787483543957055, 0.14225818551569672, 0.29827952850894945], [0.2590390441320767, 0.2889340922155761, 0.16030874263739567, 0.29171812101495154], [0.13575783757807366, 0.23221075981533953, 0.45892066567700623, 0.17311073692958068], [0.30596667657035664, 0.25884575566200735, 0.13108859552460966, 0.30409897224302657], [0.13010766273752442, 0.18286261053844735, 0.40399998395178155, 0.2830297427722468], [0.08244749386748369, 0.06860469093125189, 0.6654553236891616, 0.18349249151210276], [0.07743991699168021, 0.09905298171712, 0.30513158824078285, 0.518375513050417], [0.41545595756983505, 0.20356809209903262, 0.16177173455177288, 0.2192042157793595], [0.21375530928944256, 0.19057890280025433, 0.26175370269816156, 0.3339120852121417], [0.159253265577811, 0.40395899922641737, 0.18569196342311226, 0.25109577177265946], [0.24309816898480335, 0.4912635984903919, 0.12118263850258279, 0.144455594022222], [0.40745264697182604, 0.17271818958538585, 0.17407222621453683, 0.24575693722825145], [0.29026873130417685, 0.31555676230179974, 0.18163826210346745, 0.212536244290556], [0.1982212688374982, 0.182971675698252, 0.467927398070688, 0.15087965739356182], [0.30326174809178197, 0.22394612269946054, 0.11255635196989769, 0.36023577723885997], [0.30094352240364397, 0.229259800061382, 0.20557441117025008, 0.26422226636472396], [0.21883555232673693, 0.15415029403542593, 0.35604023115520694, 0.2709739224826303], [0.1626310324963, 0.23343067857293173, 0.12261776943552348, 0.4813205194952448], [0.34295629333197286, 0.20102045566593138, 0.16347546715254316, 0.29254778384955277], [0.32053643913615637, 0.1789467535110075, 0.18991149766933774, 0.3106053096834984], [0.3379410448576647, 0.23373121528484284, 0.18627476071325919, 0.2420529791442334], [0.1850165778582213, 0.38001256179144527, 0.145938216182416, 0.28903264416791746], [0.3241175883751635, 0.2645801921177171, 0.12724669741540512, 0.2840555220917143], [0.2960441919020016, 0.2021212051303743, 0.2504530866977187, 0.25138151626990546], [0.157005230562827, 0.4620523160235514, 0.1708987414945078, 0.21004371191911378], [0.1113466547356508, 0.16398951436710024, 0.3471067142010082, 0.3775571166962407], [0.31428742740990717, 0.2552742884616882, 0.1505756112925001, 0.2798626728359047], [0.24376652538411422, 0.2293192541163346, 0.19109159555468527, 0.33582262494486603], [0.29402547543285756, 0.2598901915035844, 0.17760767892571905, 0.26847665413783894], [0.29866101178089166, 0.214548227226089, 0.15160213790948288, 0.33518862308353664], [0.3015592433694095, 0.3276483449681054, 0.16686407604430561, 0.2039283356181796], [0.2477373794535776, 0.26858731846243317, 0.18362345991653434, 0.30005184216745495], [0.2817375679348193, 0.30694438052456413, 0.1127096325235209, 0.2986084190170957], [0.1907906072913648, 0.2912529033107766, 0.15130301415152117, 0.36665347524633757], [0.21018245379825826, 0.20189194966977927, 0.14329453937765937, 0.44463105715430296], [0.4022021920908805, 0.25257376549101385, 0.11881943037249715, 0.2264046120456086], [0.3755360651608432, 0.28191836250689506, 0.13837488995294, 0.20417068237932173], [0.2249409295427162, 0.41601082120744776, 0.1465576603460992, 0.2124905889037369], [0.24834032521584667, 0.27728030823158034, 0.22258000388587837, 0.2517993626666947], [0.2791713827422154, 0.19592272137568498, 0.2799377003474454, 0.2449681955346542], [0.28316676897206466, 0.2405058436909225, 0.1550925229158041, 0.3212348644212088], [0.20965269228422956, 0.4565233352820616, 0.09756767131711447, 0.23625630111659437], [0.31423713263145076, 0.29353253675257734, 0.1840203449703334, 0.20820998564563856], [0.366072954770814, 0.18421192338559286, 0.10809006156104445, 0.3416250602825488], [0.3418040782433044, 0.18923925901766564, 0.16949775508913137, 0.29945890764989863], [0.16100160027170923, 0.350169449280741, 0.12118253323135511, 0.3676464172161948], [0.1775516782298462, 0.2418698537641291, 0.1718599871462595, 0.4087184808597652], [0.2680332994968738, 0.30716479105582917, 0.15776649504185644, 0.26703541440544065], [0.10692431537803447, 0.4455428791950825, 0.2766824240188827, 0.17085038140800035], [0.34424973992182223, 0.3300425646785282, 0.14424773210682257, 0.18145996329282704], [0.27680823458205944, 0.2037356155292023, 0.31102633908464383, 0.2084298108040945], [0.21953842767097415, 0.20260650896935914, 0.2734344849218485, 0.3044205784378181], [0.24423574200826337, 0.1914979910775056, 0.42956166186428596, 0.13470460504994505], [0.14757256799975588, 0.2810180386639445, 0.15475966521815124, 0.4166497281181483], [0.14388272101270205, 0.20037631615999446, 0.24521898877350193, 0.4105219740538017], [0.08564781817940488, 0.24706999210422836, 0.5553048846297584, 0.1119773050866086], [0.24596913635172235, 0.36650832949346906, 0.14152082897745616, 0.24600170517735256], [0.3326514989797317, 0.30656964850360624, 0.10279718362573187, 0.25798166889093027], [0.10172722624095801, 0.3886199089922498, 0.10484232999949993, 0.40481053476729223], [0.18381650649582174, 0.44079140917436255, 0.1197681382611684, 0.2556239460686475], [0.2745558223935047, 0.28575265110696546, 0.19624286372702374, 0.24344866277250643], [0.2015739972951017, 0.2591997594444652, 0.14043281602676605, 0.39879342723366695], [0.16283098322536166, 0.173813961162857, 0.436559999610145, 0.2267950560016363], [0.3125649119853185, 0.16092780684111327, 0.3623981148439819, 0.16410916632958655], [0.19847546198227545, 0.35265301413952754, 0.18277233678143148, 0.2660991870967656], [0.11277038270532898, 0.21650354114379275, 0.2656338698163865, 0.4050922063344917], [0.19644434417515347, 0.3093781739989359, 0.12608712370895467, 0.3680903581169563], [0.16359304742927241, 0.27078934180226294, 0.13307635200291718, 0.4325412587655475], [0.4648628648272933, 0.23294985195338835, 0.11106207744810162, 0.1911252057712168], [0.18975402567154104, 0.38918663187000785, 0.2025992612382137, 0.2184600812202374], [0.15027744863831974, 0.2849164428929454, 0.33797943198160196, 0.22682667648713292], [0.1631955227136136, 0.3407574301196455, 0.18123423822555698, 0.31481280894118374], [0.21791907535577473, 0.37320301950158846, 0.1426775518817336, 0.2662003532609034], [0.32333920140195327, 0.32414723692855635, 0.09865150565498468, 0.2538620560145058], [0.17089598596193492, 0.30175433739226815, 0.1512813702584321, 0.37606830638736477], [0.23519705624471512, 0.42026349214066483, 0.1247677785367218, 0.21977167307789822], [0.2867212058982396, 0.3313024062153797, 0.20621150510032799, 0.17576488278605262], [0.25406172801768756, 0.24132195080270466, 0.14786465673612179, 0.35675166444348594], [0.28934788585185606, 0.2789682325785708, 0.10093754243533927, 0.3307463391342337], [0.1199327957472861, 0.22627301472529146, 0.18846996625272158, 0.46532422327470074], [0.3644317038723764, 0.3065662811837043, 0.11624151905899976, 0.2127604958849197], [0.1698118125005018, 0.4056697598740781, 0.1190012534991046, 0.3055171741263155], [0.1886891950894502, 0.3575656956637847, 0.09692244709693494, 0.35682266214983027], [0.2530266192375603, 0.3765550699857774, 0.1470273482598069, 0.22339096251685545], [0.29252588156221593, 0.5024965910030189, 0.1152870553604679, 0.08969047207429727], [0.39425419305491455, 0.23199900698717996, 0.12828102420593146, 0.24546577575197412], [0.20473413782446354, 0.2770538984118822, 0.09268440346332903, 0.4255275603003252], [0.48502971706462433, 0.23896575759723007, 0.09369103929614254, 0.18231348604200304], [0.1825011832873806, 0.43923575607068827, 0.11600596445590405, 0.2622570961860272], [0.2762439006025943, 0.24940422117461683, 0.13127403786667927, 0.3430778403561095], [0.32402876993402224, 0.28680394830121136, 0.18807814981918744, 0.20108913194557912], [0.23946837178742464, 0.36977856879939053, 0.1921755079371199, 0.1985775514760649], [0.2927266587671168, 0.30946398416026355, 0.1507506693523457, 0.24705868772027406], [0.22189777293541152, 0.31339549662381483, 0.14477669845412874, 0.319930031986645], [0.30522121117664985, 0.23042213861754507, 0.11998458942849081, 0.3443720607773142], [0.27822910297532133, 0.2460570573501909, 0.16673589693194835, 0.30897794274253954], [0.16368122337495375, 0.3441248217742179, 0.32446969415624544, 0.16772426069458304], [0.2420502469471838, 0.2496615395922108, 0.14015415222909006, 0.36813406123151554], [0.2909831345614621, 0.2147276262692203, 0.22988116113690363, 0.264408078032414], [0.21208685597110552, 0.28946329941716414, 0.14679784760458336, 0.351651997007147], [0.07064074891242776, 0.5862282211150803, 0.08921208804447622, 0.2539189419280157], [0.24157021322704778, 0.213174261975953, 0.27818595315145184, 0.2670695716455474], [0.16774970930522787, 0.22047099750213336, 0.37149543393766, 0.24028385925497875], [0.23211226609943936, 0.10762045183981472, 0.19553676032206468, 0.46473052173868123], [0.25800056134078736, 0.17884801541641987, 0.1724601549092753, 0.3906912683335175], [0.3294733631384287, 0.2231729415870459, 0.16156395892860262, 0.2857897363459228], [0.24789070647517403, 0.3973033875218324, 0.1235571586955202, 0.23124874730747347], [0.3185303168670314, 0.33080531479198816, 0.1789535249886585, 0.17171084335232203], [0.292633865768976, 0.22192960009314674, 0.14492688965224704, 0.34050964448563015], [0.1453879392779558, 0.2654705053842742, 0.2327286275032283, 0.35641292783454165], [0.2557571824098859, 0.4123908196078849, 0.12332735870502336, 0.20852463927720596]]}}