{"test": {"ids": ["101109370", "98112300", "113121980", "100109360", "104113170", "108116120", "109118820", "107113170", "101108290", "105121190", "100111390", "107115250", "109120150", "112116640", "100111270", "97106000", "112116810", "107112840", "108113740", "100116500", "105115250", "108114220", "100111080", "108117451", "110118880", "110117140", "108114180", "109114030", "97111790", "101112540", "102113350", "113122230", "98110710", "113121810", "98116940", "112120670", "112117471", "111116750", "101110150", "103113610", "107117010", "101112160", "99108460", "112121430", "111116040", "110116170", "107119130", "105113210", "104113190", "105112100", "111116110", "99107630", "104113000", "113117401", "109118161", "109117080", "112116401", "97116500", "107120130", "113118421", "109113881", "109121351", "113119480", "109117271", "112118930", "103109641", "105113440", "101112201", "98110810", "110117110", "109117630", "112117461", "111119430", "105115380", "105110251", "111119610", "100115700", "113122120", "112117431", "112117210", "109116441", "109116170", "104111380", "99113260", "108120260", "110114610", "113122190", "113120531", "101109000", "110118121", "106120290", "108115500", "104112470", "104112201", "110121170", "97107681", "98107010", "109115220", "109119450", "113119300", "98111620", "104116800", "109120540", "97107950", "108121190", "110118450", "97112170", "103113270", "109116930", "105113480", "109118701", "102112030", "113122430", "102110690", "98121790", "99109780", "102113981", "112121010", "109119591", "112119120", "99108000", "99119830", "106114880", "101108621", "106118820", "99108520", "104109311", "108113480", "103111170", "104114740", "101113210", "102114270", "108119550", "103112470", "110114920", "112118511", "100117420", "98117740", "108120700", "106119990", "98108970", "110120560"], "labels": [1, 2, 2, 0, 3, 1, 3, 0, 0, 2, 2, 2, 2, 0, 2, 0, 3, 1, 3, 2, 2, 3, 0, 2, 0, 3, 1, 1, 2, 2, 3, 1, 2, 2, 2, 2, 3, 3, 1, 2, 1, 3, 0, 2, 0, 0, 1, 3, 3, 1, 3, 2, 1, 3, 0, 1, 0, 2, 2, 3, 0, 0, 3, 0, 1, 1, 0, 0, 1, 0, 0, 0, 3, 1, 0, 2, 1, 1, 0, 1, 3, 0, 3, 0, 1, 1, 1, 0, 1, 3, 2, 3, 1, 0, 2, 3, 3, 3, 3, 1, 3, 1, 1, 2, 1, 0, 0, 2, 0, 0, 3, 2, 2, 0, 2, 2, 1, 2, 0, 1, 2, 1, 0, 0, 3, 2, 3, 0, 2, 2, 3, 3, 1, 1, 3, 1, 2, 2, 2, 0, 3, 0], "predicted_labels": [1, 3, 0, 3, 3, 0, 0, 3, 1, 1, 3, 1, 1, 1, 3, 2, 1, 1, 3, 2, 3, 0, 1, 3, 3, 3, 1, 0, 1, 1, 3, 1, 2, 1, 1, 1, 1, 0, 1, 1, 0, 1, 3, 3, 3, 3, 1, 3, 1, 3, 3, 3, 3, 1, 1, 1, 3, 1, 1, 3, 0, 0, 3, 3, 0, 3, 1, 0, 1, 1, 1, 3, 3, 1, 1, 3, 3, 1, 1, 1, 0, 3, 3, 3, 1, 1, 1, 3, 3, 1, 1, 1, 1, 3, 3, 3, 1, 3, 3, 1, 1, 3, 1, 2, 3, 1, 3, 3, 0, 1, 1, 1, 1, 3, 1, 1, 1, 1, 1, 3, 1, 3, 1, 1, 1, 1, 3, 3, 3, 3, 3, 1, 1, 1, 1, 1, 3, 1, 3, 0, 1, 3], "confidence_scores": [[0.32970339071055754, 0.38462902745649485, 0.24904164368593404, 0.0366259381470136], [0.4252995226665746, 0.06418664223586466, 0.18013431551783388, 0.33037951957972667], [0.4696388781537276, 0.29281658862620935, 0.016212183755698537, 0.22133234946436423], [0.30441041418635423, 0.07678954398095814, 0.09200713338497511, 0.5267929084477122], [0.2800328021290868, 0.321578588373179, 0.06287191616372113, 0.33551669333401324], [0.7930238913425144, 0.07102398661889217, 0.014856607469623858, 0.12109551456896943], [0.5503130936528697, 0.3525239459693558, 0.015003383141046801, 0.08215957723672748], [0.23122064278081988, 0.06984040584064927, 0.089755499093304, 0.6091834522852267], [0.1957267401925518, 0.5223683417771788, 0.13416182357144985, 0.14774309445881964], [0.03101073041735384, 0.38720236833557903, 0.4450816467965628, 0.1367052544505041], [0.13585761517495942, 0.08161130507939604, 0.4737243178566411, 0.30880676188900336], [0.12621255564570574, 0.5770178240012468, 0.04962746721012761, 0.2471421531429198], [0.1993731671770739, 0.11857470890246667, 0.5699855325494964, 0.11206659137096306], [0.08853224795243259, 0.6063460858460665, 0.0303698264291667, 0.27475183977233414], [0.08404833994165632, 0.29339850723989175, 0.28235724684534985, 0.34019590597310223], [0.048227132271628184, 0.05058791056203115, 0.7836869294833351, 0.11749802768300587], [0.3009858061771639, 0.21237273733359127, 0.34570984024309664, 0.14093161624614814], [0.030864407718785403, 0.823257911096982, 0.07455595079122042, 0.07132173039301247], [0.33512124761340284, 0.02298417040234583, 0.00724425893915167, 0.6346503230450999], [0.1914282453107534, 0.05687003971725623, 0.6638048583650867, 0.08789685660690395], [0.14301088142904644, 0.272980056919719, 0.33293076860870574, 0.251078293042529], [0.4122842888970191, 0.3016693564587298, 0.02093800709540966, 0.2651083475488415], [0.1887690635429734, 0.2942912494641225, 0.39567649306481234, 0.12126319392809184], [0.35602702906373257, 0.1673217557737177, 0.04618920784531813, 0.4304620073172315], [0.4605916432395249, 0.16968163081961, 0.0009246832966579428, 0.3688020426442075], [0.09355065196264284, 0.2325404100889356, 0.019929195829813943, 0.6539797421186074], [0.12144343292712667, 0.5909357471317802, 0.03305396387292724, 0.25456685606816615], [0.8331053346019611, 0.07114696132867598, 0.011753207014640546, 0.08399449705472263], [0.21109939624958024, 0.29732541191121453, 0.23923103934952458, 0.2523441524896806], [0.08305763861824271, 0.39025448712323474, 0.19150207274519773, 0.33518580151332494], [0.302898171799806, 0.2289142631956534, 0.11485182638829983, 0.35333573861624074], [0.08879708159029646, 0.2989426784161245, 0.5565745952417721, 0.055685644751806776], [0.008236437829541914, 0.04286337247942857, 0.8991485323021462, 0.04975165738888319], [0.09564762439707991, 0.35573061263025807, 0.4361953067710779, 0.1124264562015841], [0.08985078535935771, 0.5569929514762628, 0.2401504740568643, 0.11300578910751503], [0.22100051488930117, 0.30859816142508806, 0.2137813492705899, 0.2566199744150209], [0.3667666243617143, 0.4324555344939403, 0.029547197695260288, 0.17123064344908512], [0.6073460275343573, 0.05270333795861064, 0.015137742032540652, 0.3248128924744913], [0.1444218096184482, 0.7595118475613442, 0.0075881986385577796, 0.0884781441816498], [0.06793179639728199, 0.23051283463632272, 0.6499415616659594, 0.051613807300435764], [0.2627278700032126, 0.09533118785445102, 0.5561785473515054, 0.08576239479083088], [0.12405950983261425, 0.5598130953517023, 0.08685788868887605, 0.22926950612680727], [0.05745939742543188, 0.1972251898187575, 0.023289749341481064, 0.722025663414329], [0.2647470340253198, 0.20250018441843218, 0.303376476787949, 0.22937630476829887], [0.16082844980855773, 0.020375189788935048, 0.0022769192889806203, 0.8165194411135266], [0.2413671802197925, 0.28559091586846547, 0.011344876234254503, 0.4616970276774875], [0.043271366021667486, 0.6738666497659237, 0.0476948650705704, 0.23516711914183855], [0.376541831200502, 0.1105596369200689, 0.03285500697022823, 0.4800435249092007], [0.07581175406586645, 0.4575973081499095, 0.07484294567719378, 0.39174799210703015], [0.28942577433263, 0.04533908873591749, 0.07188264956191964, 0.5933524873695326], [0.15514874555655872, 0.17748499411793803, 0.021760142891403378, 0.6456061174340997], [0.23140554546192252, 0.08940980171514332, 0.13381788689514673, 0.5453667659277877], [0.23347322061368866, 0.14475410046334575, 0.04501011764951463, 0.5767625612734509], [0.1749762337717963, 0.5162554127066536, 0.007131001667837655, 0.30163735185371215], [0.14653472958864205, 0.7467623339941859, 0.028322495809883743, 0.07838044060728812], [0.018312551169241225, 0.9418513899858009, 0.009545925370867842, 0.030290133474089955], [0.6102727262646737, 0.007028559242188335, 0.0012141399030220637, 0.38148457459011603], [0.14374312138784537, 0.4455297217104998, 0.15720543607789889, 0.2535217208237558], [0.022329772239363364, 0.8927347889655091, 0.01746927349958493, 0.06746616529554254], [0.1919246706881145, 0.06891269456938942, 0.027571068669467926, 0.7115915660730283], [0.5825780454618162, 0.2666517243271899, 0.07952125049197724, 0.07124897971901666], [0.44922225948827577, 0.24488920891210708, 0.04086821005953939, 0.2650203215400776], [0.21102482520156232, 0.06890249085509885, 0.023301467697730747, 0.696771216245608], [0.07395081463448203, 0.15810754202018334, 0.01598966554145522, 0.7519519778038796], [0.42865735012226347, 0.2827381753705607, 0.05975475282743563, 0.2288497216797402], [0.055156789236795636, 0.18807963802927216, 0.26886868860783647, 0.48789488412609566], [0.10204955154135137, 0.5766313333430981, 0.14310760856129437, 0.17821150655425572], [0.7326395765143598, 0.20127170850611298, 0.00871856065698534, 0.05737015432254161], [0.03679014946201808, 0.19210811901582325, 0.73955933259091, 0.03154239893124861], [0.22202427358037394, 0.534231413206288, 0.047107090363082804, 0.19663722285025517], [0.4955406298063429, 0.30620368339472154, 0.009806068583597245, 0.18844961821533818], [0.2810486618308395, 0.17429145655490624, 0.01911708460214174, 0.5255427970121126], [0.11639002847080705, 0.3735175617432695, 0.02099401054376913, 0.48909839924215465], [0.061810485811273595, 0.2752742387399076, 0.5614445289258206, 0.10147074652299806], [0.5094145078829683, 0.3357167968923576, 0.02074287359659768, 0.13412582162807643], [0.3399085661355176, 0.16820230637656514, 0.2173189128688985, 0.27457021461901865], [0.10809280204406244, 0.21731951619437817, 0.09803618248437952, 0.5765514992771802], [0.10749308807304606, 0.7673974582224942, 0.04050626736054638, 0.08460318634391376], [0.3596539663902713, 0.334983005695399, 0.0048602829505817674, 0.300502744963748], [0.04907449084553552, 0.529061416089293, 0.19694071075915895, 0.2249233823060127], [0.7994940296435407, 0.051799511974318334, 0.0002998142325962709, 0.14840664414954455], [0.2610034221733754, 0.29478809699672853, 0.022706217137782123, 0.4215022636921139], [0.1559991904194028, 0.1262762144106935, 0.257834120994296, 0.45989047417560786], [0.06366110581963082, 0.06962190456999359, 0.6764979705752212, 0.1902190190351541], [0.3569775793020201, 0.36064482655927727, 0.12502323259521764, 0.15735436154348498], [0.21605169952183478, 0.40893458721489007, 0.2515806055956142, 0.12343310766766097], [0.017033540460173816, 0.6293495794115284, 0.10627022450770984, 0.2473466556205877], [0.3583918318587611, 0.3087499817699627, 0.02054686020712032, 0.3123113261641557], [0.09415523636998313, 0.40652717565670105, 0.024235387150926685, 0.4750822008223892], [0.10231019563885628, 0.5342338394569035, 0.015109371148155044, 0.34834659375608557], [0.07485392121576201, 0.6477159327819489, 0.11593504114126506, 0.16149510486102422], [0.34641446453821106, 0.36089406481844555, 0.09676332663610498, 0.19592814400723813], [0.23053350568962455, 0.4374647631000872, 0.1348151023641942, 0.1971866288460941], [0.292749737488937, 0.20666274090443623, 0.008243117511917879, 0.49234440409470914], [0.07855985752831816, 0.127266207293853, 0.10948921139710223, 0.6846847237807266], [0.5509602400801563, 0.08305500425596335, 0.009561764905227872, 0.3564229907586525], [0.13874815633963195, 0.3845975196457049, 0.13875387592057237, 0.3379004480940908], [0.17318466684147335, 0.1662467816277938, 0.06605018892143365, 0.594518362609299], [0.09074037158595062, 0.23214346373397496, 0.18616248150852013, 0.49095368317155424], [0.14715726163207166, 0.3986112443762326, 0.060613366243044205, 0.393618127748652], [0.019218485386989954, 0.17715849506819775, 0.7679180424333478, 0.03570497711146453], [0.1698224123307431, 0.18235958834517121, 0.060521185491755954, 0.5872968138323297], [0.28143335034393363, 0.4128272323635957, 0.047883098194190336, 0.25785631909828055], [0.04428064212516043, 0.05794816797854211, 0.7979377246693365, 0.09983346522696086], [0.03052155244374944, 0.3326183471953141, 0.07765469100372915, 0.5592054093572075], [0.07899392820220362, 0.8296882440698147, 0.07127023670947405, 0.020047591018507564], [0.2924640148400926, 0.11863283647479009, 0.06731962542552748, 0.5215835232595899], [0.13928528651430222, 0.0989785032337645, 0.5569001010356625, 0.2048361092162713], [0.6470986292893867, 0.07238332962543963, 0.006481727698644969, 0.2740363133865287], [0.1195666945696452, 0.42312455081368305, 0.22042520644412997, 0.23688354817254154], [0.19184795663116988, 0.5959739865844749, 0.040896414083276, 0.17128164270107907], [0.13426761431633827, 0.38786138203658554, 0.3579456412327737, 0.1199253624143023], [0.08764679883325534, 0.2734341459429986, 0.43938979826179503, 0.19952925696195115], [0.35901583360583494, 0.16956404115659812, 0.013771584700582812, 0.45764854053698406], [0.3949859595112885, 0.2897181475651397, 0.12652532378352252, 0.18877056914004942], [0.10373400978839774, 0.3690656177304597, 0.40602596852267686, 0.12117440395846589], [0.4711562643533773, 0.32341199331810166, 0.09131271427385769, 0.11411902805466344], [0.09076231785761822, 0.5192595607939414, 0.19523739526063952, 0.19474072608780066], [0.15028828797955374, 0.5440904145645771, 0.20954993278979844, 0.09607136466607075], [0.18694234285539346, 0.15065688757421536, 0.053652639494799696, 0.6087481300755915], [0.11749219514606991, 0.6673099754071716, 0.10434429753251924, 0.11085353191423933], [0.06214488301323487, 0.11267793273293378, 0.5737472786466923, 0.25142990560713896], [0.1154673109607409, 0.4206785778098802, 0.40501316628531975, 0.05884094494405936], [0.36073854658765525, 0.4669967166458133, 0.008053236866379977, 0.16421149990015133], [0.04689257418617367, 0.7942380703743658, 0.05879282087008266, 0.10007653456937739], [0.21710147311209044, 0.12493959205413208, 0.5889901694453634, 0.06896876538841415], [0.20508154240247156, 0.0857601488046681, 0.07272545878628757, 0.6364328500065728], [0.1101769814061445, 0.2867642522151264, 0.07536867559959003, 0.5276900907791392], [0.33771196685867133, 0.31461998676079767, 0.03516811976049189, 0.3124999266200394], [0.09505340922110626, 0.1349276672927213, 0.5534292505644082, 0.21658967292176465], [0.24074318284567012, 0.17507578992106604, 0.24837255222255344, 0.33580847501071037], [0.02061620237918331, 0.466624347110655, 0.3035482385426849, 0.2092112119674771], [0.10256488498901609, 0.40043781837262665, 0.314718543865454, 0.18227875277290312], [0.22471063718307707, 0.34962412602648374, 0.2827158112014901, 0.14294942558894927], [0.16632956905306154, 0.6223849066576274, 0.060072708281095955, 0.151212816008215], [0.06619138343460639, 0.6862167006223457, 0.1219701290629417, 0.12562178688010592], [0.08807452546458527, 0.09259393272062973, 0.42863986111840263, 0.39069168069638205], [0.1884922991513472, 0.4422963864137898, 0.12113268406615924, 0.24807863036870367], [0.24315239765731367, 0.32722918886408153, 0.08494517147274966, 0.3446732420058552], [0.6408659109239538, 0.14353652210449452, 0.11679186327524266, 0.09880570369630898], [0.045538779282466725, 0.47962955876927843, 0.4287960809552806, 0.0460355809929743], [0.14739060588849356, 0.18010211193787004, 0.20108506827444214, 0.4714222138991945]]}, "rewritten": {"ids": ["97106000", "97107681", "97107950", "97111790", "97112170", "97116500", "98107010", "98108970", "98110710", "98110810", "98111620", "98112300", "98116940", "98117740", "98121790", "99107630", "99108000", "99108460", "99108520", "99109780", "99113260", "99119830", "100109360", "100111080", "100111270", "100111390", "100115700", "100116500", "100117420", "101108290", "101108621", "101109000", "101109370", "101110150", "101112160", "101112201", "101112540", "101113210", "102110690", "102112030", "102113350", "102113981", "102114270", "103109641", "103111170", "103112470", "103113270", "103113610", "104109311", "104111380", "104112201", "104112470", "104113000", "104113170", "104113190", "104114740", "104116800", "105110251", "105112100", "105113210", "105113440", "105113480", "105115250", "105115380", "105121190", "106114880", "106118820", "106119990", "106120290", "107112840", "107113170", "107115250", "107117010", "107119130", "107120130", "108113480", "108113740", "108114180", "108114220", "108115500", "108116120", "108117451", "108119550", "108120260", "108120700", "108121190", "109113881", "109114030", "109115220", "109116170", "109116441", "109116930", "109117080", "109117271", "109117630", "109118161", "109118701", "109118820", "109119450", "109119591", "109120150", "109120540", "109121351", "110114610", "110114920", "110116170", "110117110", "110117140", "110118121", "110118450", "110118880", "110120560", "110121170", "111116040", "111116110", "111116750", "111119430", "111119610", "112116401", "112116640", "112116810", "112117210", "112117431", "112117461", "112117471", "112118511", "112118930", "112119120", "112120670", "112121010", "112121430", "113117401", "113118421", "113119300", "113119480", "113120531", "113121810", "113121980", "113122120", "113122190", "113122230", "113122430"], "labels": [0, 3, 2, 2, 0, 2, 3, 3, 2, 1, 3, 2, 2, 2, 2, 2, 2, 0, 2, 2, 0, 1, 0, 0, 2, 2, 1, 2, 2, 0, 0, 1, 1, 1, 3, 0, 2, 3, 0, 2, 3, 1, 3, 1, 2, 1, 2, 2, 3, 3, 0, 1, 1, 3, 3, 2, 1, 0, 1, 3, 0, 0, 2, 1, 2, 0, 3, 0, 2, 1, 0, 2, 1, 1, 2, 0, 3, 1, 3, 3, 1, 2, 1, 1, 2, 1, 0, 1, 3, 0, 3, 0, 1, 0, 0, 0, 3, 3, 3, 0, 2, 1, 0, 1, 3, 0, 0, 3, 3, 0, 0, 0, 2, 0, 3, 3, 3, 2, 0, 0, 3, 1, 0, 0, 3, 1, 1, 1, 2, 2, 2, 3, 3, 1, 3, 0, 2, 2, 1, 1, 1, 2], "predicted_labels": [3, 0, 1, 3, 1, 1, 1, 3, 1, 2, 1, 3, 1, 1, 1, 3, 1, 1, 2, 1, 3, 3, 3, 1, 1, 3, 3, 3, 3, 0, 1, 1, 1, 1, 0, 0, 0, 3, 3, 2, 3, 1, 3, 1, 0, 1, 3, 1, 3, 3, 3, 1, 3, 3, 1, 1, 1, 0, 0, 3, 3, 1, 3, 3, 2, 1, 1, 1, 3, 1, 3, 1, 3, 3, 1, 3, 0, 1, 1, 0, 0, 3, 1, 1, 1, 3, 1, 3, 3, 3, 0, 0, 1, 3, 1, 0, 1, 0, 3, 1, 0, 1, 0, 3, 1, 3, 1, 1, 3, 1, 3, 3, 3, 3, 1, 0, 1, 3, 0, 1, 3, 3, 1, 1, 0, 1, 2, 3, 3, 3, 1, 3, 3, 3, 1, 0, 1, 1, 1, 1, 1, 1], "confidence_scores": [[0.10473227325931772, 0.1485928519727574, 0.5723812465525203, 0.17429362821540456], [0.5902665350638233, 0.09730812991386635, 0.03402884149515994, 0.27839649352715024], [0.03133061760609695, 0.11609944642913149, 0.8019631253950962, 0.050606810569674913], [0.0260978457757096, 0.010547048872323012, 0.02539774016175079, 0.9379573651902171], [0.14880952968450012, 0.4766863342395739, 0.052406266784048194, 0.3220978692918779], [0.23965949105254997, 0.3841858030202931, 0.32803014448425816, 0.04812456144289884], [0.28342760378414017, 0.39279303561440776, 0.2266410188701671, 0.09713834173128484], [0.040305208700516265, 0.07925441413066811, 0.7493394087138491, 0.13110096845496674], [0.021532379007014445, 0.10413483566226826, 0.7590718093156662, 0.11526097601505096], [0.015054965823870345, 0.030043386492065262, 0.9481747389595688, 0.006726908724495627], [0.015914506794440925, 0.6625545917899462, 0.2616623958734032, 0.05986850554220948], [0.347085050100019, 0.10945769653352438, 0.04003054939721287, 0.5034267039692437], [0.06782752719852989, 0.5775399940979896, 0.1682623784326123, 0.18637010027086792], [0.11835441508623337, 0.5347005577377549, 0.17372565594290154, 0.17321937123311007], [0.3344601220740167, 0.5281948318958185, 0.05786363822477596, 0.0794814078053887], [0.2916234444937894, 0.013716223357488217, 0.029815057895719924, 0.6648452742530024], [0.11143131792105092, 0.47040180172317647, 0.2716879835843705, 0.1464788967714018], [0.14691586912042245, 0.4312984412091468, 0.01631590420666675, 0.40546978546376405], [0.02576162071550012, 0.09407014420930246, 0.7896700043691942, 0.09049823070600309], [0.08134330203663855, 0.5121995829932428, 0.37068489724839015, 0.03577221772172851], [0.3885459668872318, 0.15912338089680794, 0.11330773612602227, 0.3390229160899381], [0.09117629619700746, 0.16465836658703095, 0.5644176547264721, 0.17974768248948964], [0.11718149988279133, 0.1432531141661046, 0.05456892099958389, 0.6849964649515201], [0.20171362795974127, 0.6204333103615239, 0.04875737696594784, 0.12909568471278665], [0.12035918619668315, 0.10976383816577702, 0.7030298346301789, 0.06684714100736061], [0.08322246358491861, 0.1312996779755542, 0.24037477448181233, 0.5451030839577145], [0.1747048674954274, 0.08854559188890766, 0.10505886828189302, 0.6316906723337715], [0.02678716723577128, 0.058067325405312356, 0.7716793259910816, 0.14346618136783498], [0.1442234511914163, 0.1356435252877953, 0.2169785619717433, 0.5031544615490454], [0.613571152089336, 0.16193992407415173, 0.03972586776906803, 0.18476305606744398], [0.4374543608505719, 0.4256720732541672, 0.0014083071443676256, 0.13546525875089327], [0.1158898234857118, 0.7604432913375836, 0.011102402192939387, 0.11256448298376506], [0.15264548654311533, 0.48682748599824094, 0.2118057994612301, 0.14872122799741366], [0.12533937903012407, 0.6923369529724616, 0.010136934084379148, 0.1721867339130352], [0.5391409251775773, 0.3088069769215431, 0.007971736302254106, 0.1440803615986254], [0.5906047139782143, 0.25679189737420977, 0.02349731343787177, 0.12910607520970438], [0.5042690190087469, 0.07233012108712741, 0.23452567221967816, 0.18887518768444753], [0.17733447679049422, 0.022347111570656816, 0.43182943670698537, 0.3684889749318637], [0.24834205198736195, 0.24926499222649473, 0.06127055776261071, 0.4411223980235324], [0.014705555202628964, 0.04251993732252943, 0.91398844109093, 0.028786066383911388], [0.10977882170418825, 0.15717768791981127, 0.040393732252810725, 0.6926497581231899], [0.46763948488934387, 0.3833051501008162, 0.10015640232741152, 0.04889896268242827], [0.05645794689418218, 0.1683072405363055, 0.49171487979843986, 0.28351993277107246], [0.24536688470971144, 0.41150430270410576, 0.07378250630810318, 0.2693463062780797], [0.49427809039592907, 0.2679020473253177, 0.01306900086902124, 0.22475086140973205], [0.18990536501082889, 0.4234963822359907, 0.10275419908065717, 0.28384405367252313], [0.3406524984581687, 0.13204216265813445, 0.10863961583747041, 0.4186657230462266], [0.07566951775161365, 0.35185887587110165, 0.22226433985251373, 0.35020726652477074], [0.19801038341066673, 0.22981997382833286, 0.07485159723085538, 0.49731804553014536], [0.11881259022524072, 0.07553696986957975, 0.023707290598869103, 0.7819431493063104], [0.13302270440337371, 0.08078640290043283, 0.0015048660706697867, 0.7846860266255238], [0.22193039544016355, 0.4126362004255366, 0.2667690298715592, 0.09866437426274019], [0.1572167502986729, 0.15805502093623683, 0.029089245012457993, 0.6556389837526321], [0.06555603217457902, 0.1726132694076607, 0.29179053712849407, 0.4700401612892663], [0.1299847210983366, 0.7807716384217644, 0.018421874975213172, 0.07082176550468587], [0.40109214285668277, 0.3323343429712293, 0.08323197219972757, 0.18334154197236038], [0.10038270887392389, 0.6294606657070823, 0.0914578489319082, 0.1786987764870859], [0.7601722949293629, 0.17899386391842145, 0.0076697079404865216, 0.05316413321172872], [0.5522761780274508, 0.05019200989892369, 0.07319128570125111, 0.32434052637237415], [0.29883492436369863, 0.16085641310572762, 0.17483665965320525, 0.3654720028773687], [0.2799148526116588, 0.2587713177216441, 0.156461688857443, 0.3048521408092541], [0.1640914244396471, 0.6881462944009241, 0.03230385044437134, 0.11545843071505754], [0.11558727993222492, 0.18967137103909285, 0.4702361006004019, 0.22450524842828018], [0.09851432965549178, 0.16853013856814328, 0.3887644209882656, 0.3441911107880992], [0.06096116446453965, 0.05092711639002302, 0.8382454102040869, 0.04986630894135078], [0.14004298625908695, 0.4075435091934569, 0.13353957037279993, 0.3188739341746565], [0.08054543893764035, 0.24127846465432404, 0.5924036376789477, 0.08577245872908801], [0.40942616430892625, 0.3695672040612921, 0.14912370037091374, 0.0718829312588679], [0.12220634320243398, 0.33665338289134433, 0.04046072109940901, 0.5006795528068125], [0.03433087362972471, 0.8762227332744155, 0.06583026432547706, 0.02361612877038306], [0.11014673914120875, 0.06782502290970109, 0.04751936794110859, 0.7745088700079817], [0.137395477794229, 0.31204124485147544, 0.31809213540666875, 0.23247114194762664], [0.18917804318242157, 0.1777320498189348, 0.3409191652458873, 0.29217074175275637], [0.05000470812204258, 0.1352144348748789, 0.028959970217547527, 0.7858208867855309], [0.22762225024067306, 0.38763129115280837, 0.09151879376958023, 0.2932276648369382], [0.0715535348819076, 0.11551936038005531, 0.48519386891754657, 0.32773323582049035], [0.651587402356213, 0.022556284744015817, 0.0021115024974227253, 0.32374481040234854], [0.09564380233046896, 0.6483812893807447, 0.0538062655477226, 0.20216864274106416], [0.25452345946985666, 0.67259505360075, 0.040872801928147094, 0.032008685001246526], [0.5766189586804414, 0.1345491153093626, 0.1631246429927548, 0.12570728301744108], [0.6376525146807126, 0.01898371306604517, 0.0010084863166716304, 0.3423552859365705], [0.12347065916648123, 0.20140367179070162, 0.015349140334172826, 0.6597765287086446], [0.14642773804950027, 0.5273716208930619, 0.11032116492748972, 0.21587947612994812], [0.3863731859132668, 0.4917435585015681, 0.005029061648325683, 0.11685419393683953], [0.1243001662660235, 0.6984718743870507, 0.04224087274245008, 0.1349870866044757], [0.18041425095392383, 0.37832524281298757, 0.04717919969080297, 0.3940813065422857], [0.2734760385386483, 0.2770681154559939, 0.2766806732957316, 0.17277517270962595], [0.2925672627894029, 0.2316419950209516, 0.23366440299115673, 0.2421263391984887], [0.2088153773849962, 0.11611692397695249, 0.09604479560083097, 0.57902290303722], [0.22818925499306905, 0.18603211394703245, 0.1714555191313801, 0.4143231119285183], [0.6494356945155418, 0.17993988860148427, 0.002091059252406179, 0.16853335763056781], [0.7798390190093664, 0.03637631024618932, 0.008109439422355959, 0.17567523132208834], [0.018521140624170283, 0.9444377202571709, 0.017923590950765893, 0.019117548167893093], [0.13643973371482632, 0.19871735691844872, 0.01927007727176973, 0.6455728320949554], [0.27427748852583916, 0.5179315809328318, 0.0912891700891724, 0.11650176045215649], [0.7770061523661823, 0.19390568290578863, 0.004739958617924761, 0.02434820611010428], [0.07160096840944075, 0.7251388143001707, 0.01317260052491476, 0.19008761676547395], [0.513231854123331, 0.312514943592923, 0.0433822547486329, 0.13087094753511272], [0.07314050543478631, 0.18509417869224923, 0.6082314298489092, 0.1335338860240552], [0.15029307576768022, 0.5718266618880942, 0.019033978152449876, 0.2588462841917759], [0.30456534565454924, 0.021493416152872986, 0.541510910187966, 0.13243032800461174], [0.3501900495215433, 0.5689337317520649, 0.01188867616031877, 0.0689875425660729], [0.6487843474423569, 0.2242801419021958, 0.001533983309812129, 0.1254015273456353], [0.3667320190280577, 0.2349156760923333, 0.06909592703949642, 0.32925637784011275], [0.10212288818667746, 0.46366262455541396, 0.003012325027668603, 0.43120216223024], [0.16273175214366029, 0.27730175580913463, 0.007418923761918985, 0.5525475682852861], [0.22919333576819662, 0.4572745258167749, 0.24337764387123248, 0.070154494543796], [0.11107966330760219, 0.6104748700188678, 0.023808620688877558, 0.2546368459846523], [0.12423601391287903, 0.30534948418979807, 0.009392689272079285, 0.5610218126252438], [0.0963448019049797, 0.8497265454257223, 0.022359809293428692, 0.031568843375869196], [0.2164270290493321, 0.28888877800205454, 0.0004126391497455208, 0.4942715537988679], [0.16710457278111387, 0.1266022125148721, 0.46383153415967254, 0.2424616805443412], [0.08120014603319771, 0.16151639707629614, 0.48566745224969465, 0.27161600464081104], [0.544665515486371, 0.08413240834375721, 0.004220326360671047, 0.36698174980920045], [0.22918391644774233, 0.4713794370351968, 0.020721016146177915, 0.2787156303708831], [0.6497454927974864, 0.0830624869663743, 0.010994921003184449, 0.25619709923295486], [0.011541748660345942, 0.806420383084642, 0.0035716201894782067, 0.17846624806553368], [0.07988657358934288, 0.2473635710614728, 0.38508465023751914, 0.2876652051116651], [0.6933011948296619, 0.02566490360396803, 0.003135243425748324, 0.2778986581406216], [0.2769242872393122, 0.32341638744933293, 0.276607171491771, 0.12305215381958395], [0.17416569996980108, 0.06348294502667193, 0.4071781143953851, 0.35517324060814165], [0.1243021641867298, 0.17225906986351472, 0.33522609173152973, 0.36821267421822595], [0.19052731027871095, 0.389329418281702, 0.06421534906079528, 0.35592792237879173], [0.2951324778337975, 0.4451137261893233, 0.005733740174574522, 0.2540200558023044], [0.6337257014319642, 0.12473667234252697, 0.012073475929414624, 0.22946415029609393], [0.12700377483015748, 0.5600401141363506, 0.07884856514433747, 0.23410754588915475], [0.02468040460362644, 0.05269105282918129, 0.8349179489819208, 0.08771059358527135], [0.1799790119906722, 0.1405106111468139, 0.03527188561778112, 0.6442384912447325], [0.05448545071589058, 0.3560681214019105, 0.07044651553408278, 0.518999912348116], [0.1030711659542792, 0.23749402948371184, 0.3124655031045925, 0.34696930145741656], [0.02147119096369875, 0.44997571361509087, 0.27339549143832964, 0.25515760398288084], [0.23297963288414902, 0.15752180925876563, 0.0026278763882893485, 0.6068706814687959], [0.16759063681499617, 0.20792451568934361, 0.011358342623918065, 0.6131265048717419], [0.2890655316085145, 0.30238187715195064, 0.022428338424553572, 0.38612425281498125], [0.3862805552335342, 0.4467683922276251, 0.042565023169030575, 0.12438602936980986], [0.5742348043598658, 0.2634572870417471, 0.012718544195981318, 0.149589364402406], [0.10359122665737744, 0.46763116475677513, 0.1882119654878547, 0.24056564309799278], [0.36191353144198896, 0.31190201167061354, 0.005932556514400285, 0.3202519003729974], [0.13293193685306226, 0.3642286857334592, 0.3885637478192778, 0.1142756295942006], [0.06719264840763989, 0.36046877627668417, 0.4636352225057454, 0.10870335280993072], [0.04033320280834029, 0.4235300748379359, 0.4713852620090132, 0.06475146034471028], [0.13512383559143595, 0.3916104805057241, 0.4038355512608401, 0.06943013264199996]]}}