{"test": {"ids": ["99117740", "98107010", "105115250", "108115570", "101108580", "99108080", "101114990", "106114280", "109119010", "108115070", "110118301", "112120640", "107120880", "111116290", "99108580", "99107500", "97105760", "113118870", "112121430", "97116401", "104113170", "110119030", "100108520", "106117790", "111117200", "112119610", "99117630", "112117790", "105120621", "108120621", "112119980", "110118930", "103111170", "106114011", "103113210", "105117200", "107114950", "105120280", "105113480", "110121720", "103117461", "110121500", "108120280", "106113830", "106118820", "102110240", "109121640", "101119591", "106119260", "112118820", "100111270", "97106770", "97116500", "107121700", "103118110", "98111860", "99112300", "113119320", "106120640", "109117600", "108120060", "98120530", "102117351", "99121440", "110116501", "98119591", "110115140", "106116370", "111114321", "105110251", "104113210", "106116640", "110118740", "112119320", "112119500", "108115250", "109117110", "100112060", "103111620", "99110050", "111120320", "107117010", "113120070", "104113380", "112116610", "107120260", "97105960", "110114950", "97111790", "98108580", "104111880", "99112531", "112119450", "110117080", "98116500", "111115620", "107114321", "108116481", "113118111", "106113190", "101112540", "101111990", "106114880", "111120531", "97109570", "113120751", "113119700", "105112100", "107118490", "97105580", "113121980", "110118161", "103120531", "110120560", "99107300", "106115120", "112118880", "102112301", "113122650", "98109090", "101112160", "112119580", "98108520", "112118471", "108121160", "106120290", "103110760", "100108260", "103112641", "110118450", "101110740", "101111210", "102110890", "107113180", "112118620", "104111990", "108118301", "111117571", "98107410", "103111830", "109114720", "109120150"], "labels": [2, 3, 2, 3, 0, 3, 3, 3, 3, 1, 1, 0, 1, 2, 0, 0, 0, 0, 2, 3, 3, 0, 2, 1, 0, 0, 3, 3, 1, 1, 0, 1, 2, 1, 3, 3, 3, 3, 0, 3, 0, 3, 3, 1, 3, 3, 0, 0, 1, 0, 2, 3, 2, 3, 2, 0, 0, 1, 3, 1, 1, 1, 1, 2, 3, 1, 0, 2, 1, 0, 3, 3, 3, 1, 2, 1, 1, 2, 0, 3, 1, 1, 2, 1, 1, 1, 2, 0, 2, 0, 3, 3, 3, 1, 2, 1, 0, 0, 1, 0, 2, 2, 0, 0, 0, 1, 0, 1, 2, 1, 2, 0, 3, 0, 3, 1, 1, 1, 2, 1, 3, 3, 2, 1, 2, 2, 1, 3, 3, 0, 3, 2, 0, 3, 3, 2, 1, 3, 3, 3, 0, 2], "predicted_labels": [1, 1, 0, 3, 0, 1, 1, 1, 3, 0, 1, 3, 2, 1, 1, 3, 3, 3, 3, 1, 1, 3, 3, 1, 3, 1, 1, 3, 3, 0, 3, 3, 1, 1, 1, 0, 3, 1, 3, 1, 3, 0, 0, 3, 3, 0, 1, 0, 0, 0, 2, 1, 2, 1, 3, 2, 2, 0, 1, 0, 1, 0, 0, 2, 3, 1, 3, 3, 1, 3, 3, 3, 3, 2, 1, 1, 3, 1, 2, 3, 3, 2, 2, 2, 0, 1, 2, 0, 3, 1, 2, 3, 3, 1, 0, 1, 3, 0, 3, 0, 2, 3, 2, 3, 1, 3, 1, 3, 1, 2, 1, 3, 1, 2, 1, 0, 1, 2, 3, 2, 2, 3, 1, 1, 1, 1, 1, 1, 1, 1, 1, 1, 2, 0, 3, 1, 3, 0, 3, 3, 2, 2], "confidence_scores": [[0.20490717321797136, 0.3158186498341783, 0.33160612513951243, 0.1476680518083383], [0.15530641518812904, 0.3193902871352507, 0.1371722045816537, 0.38813109309496646], [0.4094170056686652, 0.32065833413405387, 0.09525328097548783, 0.17467137922179304], [0.3062218441236026, 0.084992035728516, 0.3123142616295578, 0.29647185851832364], [0.5483857038929972, 0.035925108817185844, 0.2511329496746328, 0.1645562376151841], [0.15100389326456054, 0.3492824225275478, 0.21803995035449777, 0.2816737338533938], [0.031661300776846375, 0.6082744261285983, 0.17458433371785878, 0.18547993937669663], [0.16802825269535185, 0.4287568197828516, 0.035846093448418014, 0.3673688340733786], [0.03733995513406728, 0.21415898041108525, 0.3435386602201844, 0.4049624042346631], [0.4054533756692015, 0.2602709695291872, 0.2268706129074253, 0.10740504189418591], [0.06778138402368311, 0.7855606945951863, 0.02300443942439924, 0.12365348195673141], [0.12172258148759378, 0.2529327773428179, 0.1670459626578505, 0.45829867851173783], [0.046092092318656346, 0.14639421752209408, 0.5077718880277101, 0.29974180213153984], [0.19839995755321851, 0.5649115101831763, 0.16418152051686696, 0.07250701174673846], [0.017274695942184684, 0.49279621406196117, 0.40539655582555434, 0.08453253417029954], [0.044164784859910884, 0.20149347809369123, 0.2567120210958086, 0.4976297159505892], [0.025313635955986905, 0.11218020208971015, 0.5056028979545463, 0.35690326399975686], [0.027946627013244008, 0.11129200062484801, 0.020105569341205238, 0.8406558030207029], [0.19795258337048466, 0.20254154690569184, 0.07522455835900972, 0.524281311364814], [0.07556714067773908, 0.5190299616986959, 0.2832079288968769, 0.12219496872668824], [0.06081332324471225, 0.5970953189413595, 0.25849920178966795, 0.0835921560242605], [0.05628089972750081, 0.13222651092459559, 0.04668125097889755, 0.7648113383690062], [0.13766780975170553, 0.09002603495816433, 0.16284280767121284, 0.6094633476189172], [0.08734153266999674, 0.5501951923886296, 0.2565406700327334, 0.10592260490864026], [0.06283324222435761, 0.28496582328507397, 0.012681101754777309, 0.6395198327357914], [0.10461667666370911, 0.37261716199029626, 0.15676822009549074, 0.36599794125050383], [0.2438586966664187, 0.5192044102816848, 0.1284275068231969, 0.10850938622869978], [0.33897434559295997, 0.04374976474119014, 0.01380957479027521, 0.6034663148755748], [0.20219797769246886, 0.017958448761151047, 0.0016815625963275647, 0.7781620109500524], [0.4654648793673759, 0.24882497124608022, 0.04325815979975503, 0.24245198958678907], [0.18422978328100295, 0.023963823547821055, 0.04370252890893198, 0.7481038642622441], [0.11067278971707219, 0.2256243689017195, 0.051637667271297934, 0.6120651741099102], [0.18613350069236417, 0.3232243152228834, 0.26763014750583813, 0.2230120365789141], [0.4147510241052787, 0.4808736027285809, 0.054617502058678866, 0.049757871107461715], [0.2841745141818401, 0.42882578476431255, 0.20206865596749887, 0.08493104508634845], [0.35879162127871045, 0.19092638259706132, 0.10546614130405652, 0.3448158548201718], [0.3793496989357267, 0.06457654773859693, 0.07660019587052722, 0.4794735574551493], [0.04823388289337591, 0.39761383640106596, 0.3864465261271298, 0.1677057545784284], [0.016732156538530402, 0.0727299174894671, 0.27246103433244745, 0.6380768916395553], [0.10867011713436395, 0.5396331917700872, 0.1114845949883495, 0.24021209610719937], [0.2166682553453228, 0.23119708219820023, 0.1863378120020072, 0.36579685045446975], [0.44217507970979436, 0.2090579461356826, 0.016886523411397417, 0.3318804507431254], [0.637102360842859, 0.04883447703359039, 0.0567839212247617, 0.2572792408987892], [0.2791091882506709, 0.07640555706164419, 0.05825631876126185, 0.5862289359264231], [0.11365128582275134, 0.05391031570650292, 0.013796950941323433, 0.8186414475294223], [0.23025001617720584, 0.20107437444939194, 0.3203610126966475, 0.24831459667675468], [0.163187610624102, 0.35116636367443926, 0.20880169272511498, 0.27684433297634387], [0.6808139467937363, 0.0207857317950578, 0.026911636261815593, 0.2714886851493905], [0.5339984588336676, 0.18934022244779428, 0.1052574274986959, 0.17140389121984173], [0.4294924874000396, 0.13734642198581873, 0.02595548856816354, 0.40720560204597844], [0.009278805675574174, 0.39907605162720855, 0.5725171280407728, 0.019128014656444287], [0.2044787902778214, 0.34363707647972314, 0.3389375473783583, 0.11294658586409738], [0.05577346812117806, 0.2982693084060045, 0.5115809433908804, 0.13437628008193697], [0.3474420880173739, 0.40223429250826576, 0.122717622033496, 0.1276059974408643], [0.09571176033068966, 0.2586930050873678, 0.16483834797679214, 0.4807568866051503], [0.028080593086885812, 0.22274555661131362, 0.7192422511770077, 0.029931599124792978], [0.04020178127288641, 0.300445271542133, 0.4156873869401543, 0.24366556024482616], [0.6493697340155485, 0.07938274391862495, 0.010379507401745645, 0.2608680146640806], [0.018593844698562574, 0.8605525432053389, 0.04249246291313138, 0.07836114918296701], [0.39604228367029237, 0.27598707329142624, 0.07903572840812575, 0.24893491463015557], [0.048669352080249376, 0.709950637117608, 0.21486622983153952, 0.02651378097060315], [0.43902416653127735, 0.2236075028273462, 0.01870062170316165, 0.3186677089382146], [0.4759751359093109, 0.06282725664640107, 0.010268557634343567, 0.45092904980994464], [0.0837701988980644, 0.4107768642800991, 0.471764129468204, 0.03368880735363245], [0.1266505610158102, 0.14016671176818454, 0.011814675856923628, 0.7213680513590817], [0.12603234424050933, 0.4159694137865747, 0.15977959973590167, 0.29821864223701433], [0.07235211936644072, 0.07861945231538786, 0.04293696126783617, 0.8060914670503353], [0.24280650491480235, 0.1976681757436769, 0.13951010564981794, 0.4200152136917031], [0.020997100751240713, 0.8713643506514549, 0.07563706432337913, 0.0320014842739252], [0.13257228488027747, 0.2766370429199323, 0.04071345595629152, 0.5500772162434987], [0.23066562193332296, 0.12727115145954324, 0.08197870336015112, 0.5600845232469827], [0.15195553460745198, 0.04549723459394297, 0.07136863133489128, 0.7311785994637137], [0.3799778690946615, 0.02512661372196805, 0.021036514537829953, 0.5738590026455408], [0.006581371188168456, 0.31215779777161057, 0.5569691232571553, 0.1242917077830654], [0.038579117720883294, 0.46695735057023985, 0.4368486592905353, 0.057614872418341526], [0.12903590104208063, 0.41961755902859377, 0.28420920281831596, 0.1671373371110094], [0.1626362949897222, 0.2030279732823439, 0.08731130860064398, 0.5470244231272899], [0.23031986552965558, 0.2916112598357082, 0.24495009572744975, 0.2331187789071862], [0.13630796189899141, 0.31801744729739434, 0.482643789392546, 0.06303080141106855], [0.0330862955485584, 0.24942462775093022, 0.22115580789813424, 0.4963332688023769], [0.1726107725418733, 0.08856652578737907, 0.02071184327224629, 0.7181108583985013], [0.016775564823957916, 0.04779196853020491, 0.8615507667498623, 0.07388169989597493], [0.033137936364936484, 0.11488990397373154, 0.7212085717687039, 0.13076358789262815], [0.17219795431767765, 0.29336244229964126, 0.4940450758334496, 0.04039452754923151], [0.32151114997671576, 0.2781420272501323, 0.18152501302997143, 0.21882180974318066], [0.47587402481697977, 0.37527079436499666, 0.06397497889281333, 0.08488020192521042], [0.14639790193043625, 0.15261005355229093, 0.5496079716931868, 0.15138407282408609], [0.6667107794669966, 0.05000427961896184, 0.018330766774431923, 0.26495417413960953], [0.1074926347907654, 0.11866313103384096, 0.13213284554532942, 0.6417113886300644], [0.17922799739497342, 0.31757063122160645, 0.33072258313763664, 0.17247878824578308], [0.02417328335811845, 0.049814550252759, 0.5976921079496089, 0.3283200584395137], [0.3071759588545504, 0.10097057709841477, 0.1281413984246119, 0.4637120656224231], [0.1772745856050534, 0.014545064419412154, 0.017904289036530248, 0.7902760609390043], [0.05175768482197296, 0.4317306769782232, 0.043627761580108566, 0.47288387661969544], [0.42899931322079743, 0.12426224675651636, 0.11746309646453203, 0.32927534355815397], [0.12107534498869046, 0.7094919539101522, 0.08955262904822867, 0.07988007205292891], [0.19835809155634906, 0.192623718362843, 0.12110629867388059, 0.4879118914069274], [0.7903412211269533, 0.01551178693240645, 0.010805930106072248, 0.18334106183456803], [0.10132294143730636, 0.07051405793510666, 0.032859091818291136, 0.7953039088092958], [0.6040575958981679, 0.2115401815578328, 0.03168861493040971, 0.1527136076135896], [0.07004361287327744, 0.09580940488778025, 0.6506643707600568, 0.18348261147888562], [0.12492960946481868, 0.17907728152032495, 0.38289422598055955, 0.313098883034297], [0.19475223645804637, 0.38202422030903327, 0.38968650390097703, 0.03353703933194305], [0.0604960983474005, 0.25704580436743246, 0.18501409151890752, 0.4974440057662595], [0.13016981092897453, 0.42364157728140556, 0.13564005967503168, 0.3105485521145885], [0.317574236342183, 0.14141279601906573, 0.11410715160435875, 0.42690581603439215], [0.1624599173445711, 0.6024253661315149, 0.17366755781707766, 0.06144715870683585], [0.06993868798343389, 0.1717160588707776, 0.1605067252307449, 0.5978385279150435], [0.2601037626523799, 0.491152602110626, 0.14299838330737813, 0.10574525192961602], [0.3100593665892482, 0.222042455850338, 0.3642174536814838, 0.10368072387893008], [0.027409452846296856, 0.5760161448162161, 0.04974801466632315, 0.34682638767116386], [0.36231309948540397, 0.12413852510036821, 0.05079934048945692, 0.46274903492477076], [0.23174101500548747, 0.6224822400374156, 0.04630694407522129, 0.09946980088187557], [0.25385812502806254, 0.08157387217107276, 0.5399035294643632, 0.12466447333650144], [0.33165953891408817, 0.4031201387388479, 0.015455795820057286, 0.24976452652700692], [0.738328458007521, 0.06652430527410759, 0.00717138629512864, 0.18797585042324264], [0.0655417096238174, 0.37359747534212534, 0.32842467266905756, 0.23243614236499952], [0.17693010896413275, 0.23153531294828528, 0.5009920116728672, 0.09054256641471503], [0.052083903908329315, 0.20742625525019168, 0.16839381790554234, 0.5720960229359368], [0.024487441982990327, 0.2612394871634434, 0.6715220681408004, 0.0427510027127658], [0.04345688977842444, 0.213709313719432, 0.4655994767316765, 0.2772343197704671], [0.19530802223960034, 0.22977773314112065, 0.05921907358740387, 0.515695171031875], [0.21779034292178007, 0.37385998519954355, 0.04119496030381571, 0.3671547115748605], [0.33103526289462754, 0.36773678259016745, 0.066504455221196, 0.23472349929400893], [0.20046763985269617, 0.44221747903060193, 0.07808258820437486, 0.27923229291232726], [0.06467393164875145, 0.5514251233331154, 0.31140030011573144, 0.07250064490240199], [0.2499880994759545, 0.45311413828988745, 0.05081290776732219, 0.24608485446683595], [0.3082261850441296, 0.3260104237917116, 0.20653259980620803, 0.15923079135795093], [0.06782554698809795, 0.3505766256371945, 0.34655166711443786, 0.2350461602602693], [0.017747703045095747, 0.4488247879324921, 0.40556717116233926, 0.12786033786007328], [0.06987184702230305, 0.5866199419458425, 0.20180658649787586, 0.14170162453397891], [0.1370070553324106, 0.3179908342825118, 0.12040139738566456, 0.4246007129994131], [0.13761447857829587, 0.03287238104427463, 0.5498018033264802, 0.27971133705094925], [0.3253035232805283, 0.27917270967369856, 0.30657721870693505, 0.08894654833883799], [0.3787782422870879, 0.03254552916814277, 0.009855421476291462, 0.5788208070684776], [0.40811113533020327, 0.3427642479068162, 0.08913633678814949, 0.15998827997483095], [0.16092891045141997, 0.11357536810701103, 0.03488212050648866, 0.6906136009350798], [0.7458240238563497, 0.0880704900226384, 0.02676253750224907, 0.13934294861876262], [0.38227564484536536, 0.058843995059457845, 0.11017692686326877, 0.4487034332319078], [0.4356539713056257, 0.015568055878237267, 0.01347289041667937, 0.5353050823994576], [0.036308471724503986, 0.24440418770468347, 0.467100141193919, 0.2521871993768935], [0.09170104277431577, 0.047585734765432944, 0.7882236757948049, 0.07248954666544624]]}, "rewritten": {"ids": ["97105580", "97105760", "97105960", "97106770", "97109570", "97111790", "97116401", "97116500", "98107010", "98107410", "98108520", "98108580", "98109090", "98111860", "98116500", "98119591", "98120530", "99107300", "99107500", "99108080", "99108580", "99110050", "99112300", "99112531", "99117630", "99117740", "99121440", "100108260", "100108520", "100111270", "100112060", "101108580", "101110740", "101111210", "101111990", "101112160", "101112540", "101114990", "101119591", "102110240", "102110890", "102112301", "102117351", "103110760", "103111170", "103111620", "103111830", "103112641", "103113210", "103117461", "103118110", "103120531", "104111880", "104111990", "104113170", "104113210", "104113380", "105110251", "105112100", "105113480", "105115250", "105117200", "105120280", "105120621", "106113190", "106113830", "106114011", "106114280", "106114880", "106115120", "106116370", "106116640", "106117790", "106118820", "106119260", "106120290", "106120640", "107113180", "107114321", "107114950", "107117010", "107118490", "107120260", "107120880", "107121700", "108115070", "108115250", "108115570", "108116481", "108118301", "108120060", "108120280", "108120621", "108121160", "109114720", "109117110", "109117600", "109119010", "109120150", "109121640", "110114950", "110115140", "110116501", "110117080", "110118161", "110118301", "110118450", "110118740", "110118930", "110119030", "110120560", "110121500", "110121720", "111114321", "111115620", "111116290", "111117200", "111117571", "111120320", "111120531", "112116610", "112117790", "112118471", "112118620", "112118820", "112118880", "112119320", "112119450", "112119500", "112119580", "112119610", "112119980", "112120640", "112121430", "113118111", "113118870", "113119320", "113119700", "113120070", "113120751", "113121980", "113122650"], "labels": [1, 0, 2, 3, 0, 2, 3, 2, 3, 3, 2, 0, 1, 0, 2, 1, 1, 3, 0, 3, 0, 3, 0, 3, 3, 2, 2, 3, 2, 2, 2, 0, 3, 2, 2, 3, 2, 3, 0, 3, 0, 1, 1, 1, 2, 0, 3, 3, 3, 0, 2, 3, 3, 2, 3, 3, 1, 0, 1, 0, 2, 3, 3, 1, 0, 1, 1, 3, 0, 1, 2, 3, 1, 3, 1, 2, 3, 3, 0, 3, 1, 2, 1, 1, 3, 1, 1, 3, 0, 1, 1, 3, 1, 2, 0, 1, 1, 3, 2, 0, 0, 0, 3, 1, 0, 1, 0, 3, 1, 0, 0, 3, 3, 1, 1, 2, 0, 3, 1, 0, 1, 3, 1, 3, 0, 1, 1, 3, 2, 3, 0, 0, 0, 2, 1, 0, 1, 0, 2, 1, 2, 2], "predicted_labels": [1, 3, 2, 1, 1, 3, 1, 2, 1, 0, 1, 0, 2, 2, 0, 0, 0, 1, 3, 1, 2, 3, 1, 3, 1, 1, 2, 0, 3, 2, 1, 0, 1, 1, 3, 1, 2, 1, 0, 0, 2, 2, 3, 1, 1, 2, 3, 3, 1, 1, 3, 1, 3, 2, 1, 1, 0, 1, 3, 3, 0, 0, 1, 3, 0, 3, 1, 1, 1, 0, 3, 3, 1, 3, 0, 1, 1, 1, 3, 3, 2, 1, 1, 3, 1, 0, 1, 3, 0, 3, 1, 0, 0, 1, 3, 3, 0, 3, 2, 0, 0, 3, 3, 3, 0, 1, 2, 3, 3, 3, 2, 3, 1, 1, 1, 0, 3, 0, 3, 3, 0, 3, 1, 3, 0, 1, 2, 3, 1, 3, 1, 3, 1, 1, 3, 3, 0, 1, 2, 0, 1, 3], "confidence_scores": [[0.3500635958929478, 0.3037153491197482, 0.2947644304315683, 0.051456624555735825], [0.041519238725683756, 0.03264734763399056, 0.05519898653521873, 0.8706344271051071], [0.18609557205371385, 0.12252772088315488, 0.5225901220781191, 0.16878658498501176], [0.30528491065795815, 0.33118246713830574, 0.25874024819557356, 0.10479237400816271], [0.1410538719783716, 0.33856702138357647, 0.10548726571231565, 0.41489184092573583], [0.12223716016557915, 0.11688758572491972, 0.0650667276666444, 0.6958085264428566], [0.13079081678669868, 0.291059819222865, 0.34275042700383, 0.2353989369866064], [0.06936091467624582, 0.38614347294392315, 0.4587891617118223, 0.08570645066800894], [0.18840289750512523, 0.3187668265925421, 0.15568522065705, 0.3371450552452824], [0.3732237349895618, 0.1629410271782345, 0.12232492430100605, 0.34151031353119793], [0.3723205711770213, 0.37163217898293716, 0.07693044464879004, 0.17911680519125134], [0.29344084441662965, 0.2642675519120731, 0.2691058595648171, 0.17318574410648008], [0.026102339281579064, 0.26874673727096565, 0.6351691354410238, 0.06998178800643134], [0.04180550649080906, 0.3738283252871328, 0.5503736586133394, 0.03399250960871876], [0.43609114961446027, 0.2083973887548071, 0.08637061937915971, 0.2691408422515732], [0.3437543642708421, 0.22063197418219727, 0.1339450710995013, 0.3016685904474594], [0.5056926679595627, 0.209674281214976, 0.01934106493373453, 0.26529198589172676], [0.33742041285327934, 0.35173512889153485, 0.019250763584696587, 0.29159369467048896], [0.03545742766225734, 0.14792146893817024, 0.19810241134058354, 0.6185186920589891], [0.25262271549102294, 0.24429218804010785, 0.3061562598227099, 0.1969288366461594], [0.021035254657032328, 0.4406895680219307, 0.45177944299150574, 0.08649573432953138], [0.184472627448831, 0.2578822759727923, 0.10303729919772538, 0.454607797380651], [0.06778233363361474, 0.28722896329193387, 0.40575768746831453, 0.23923101560613658], [0.34781052073643126, 0.11811683550576187, 0.11643283056967756, 0.4176398131881292], [0.3227972359360814, 0.4303277203913771, 0.12794080745295336, 0.11893423621958783], [0.09845483558615209, 0.4668928660162606, 0.3543490277380554, 0.08030327065953227], [0.08422039105757048, 0.30549764827803566, 0.584699038254465, 0.025582922409928613], [0.44540064605672747, 0.22022623455048987, 0.12095953471919423, 0.21341358467358823], [0.10015823569369081, 0.0618670871189317, 0.1355615965524673, 0.70241308063491], [0.014910770861863097, 0.3761649758421115, 0.5713780004437351, 0.037546252852290435], [0.2335418040338219, 0.3128569910509808, 0.23076691561674953, 0.2228342892984478], [0.5423904983733296, 0.03364360493820772, 0.24386903345910677, 0.18009686322935609], [0.04654583208769247, 0.5049598699924487, 0.3634626966384178, 0.0850316012814414], [0.12610499632068012, 0.3851878749119918, 0.08754774103742745, 0.4011593877299006], [0.17601918276149037, 0.2475985875236656, 0.26126112817535085, 0.3151211015394931], [0.04227358111376482, 0.21105014731879518, 0.45888800104289346, 0.28778827052454653], [0.07838959876325506, 0.17410787316505028, 0.5877215739214466, 0.15978095415024796], [0.016630289720370946, 0.6653079104708081, 0.12239878122441367, 0.19566301858440685], [0.7145346874559706, 0.019869692471808184, 0.02563917180074979, 0.23995644827147145], [0.2629730661219262, 0.20369323462921024, 0.26263207230089947, 0.27070162694796385], [0.19187644846927893, 0.031102238477034576, 0.5137679528815755, 0.2632533601721114], [0.17878496263267815, 0.2715102589127706, 0.4442818151748757, 0.10542296327967571], [0.45644873193883206, 0.06996884393040761, 0.009395643325380135, 0.4641867808053801], [0.36740333497268585, 0.3500570552238225, 0.033986102927378796, 0.24855350687611294], [0.23478609152016644, 0.3229108327447243, 0.2869923607321067, 0.1553107150030024], [0.1992648325579558, 0.3313036346241775, 0.40341554382371797, 0.06601598899414847], [0.4307421936719527, 0.027022568589485027, 0.018395337178558947, 0.5238399005600037], [0.06692585612773805, 0.291609593413235, 0.26450923907015483, 0.376955311388872], [0.3031046604595455, 0.34290224728993646, 0.23813357163338914, 0.1158595206171288], [0.0915274769271351, 0.4138936606580741, 0.11715150734408489, 0.37742735507070535], [0.045877534550474004, 0.12269141323683506, 0.11764892188500431, 0.7137821303276863], [0.19828676859032945, 0.6257246873661092, 0.06630035436858725, 0.10968818967497433], [0.05936423020267369, 0.06651892369137363, 0.3965706190816088, 0.477546227024344], [0.05372787179487388, 0.4095154862553285, 0.4404902222429059, 0.09626641970689163], [0.07461066178264233, 0.4818093211580243, 0.37128921069711496, 0.07229080636221841], [0.3021882882846981, 0.3192300959771858, 0.16326740478009807, 0.21531421095801812], [0.2501330122379952, 0.28783275606271336, 0.3899422391205452, 0.07209199257874603], [0.19775554720725483, 0.48674892373507633, 0.04587896853083098, 0.26961656052683775], [0.061694292502860223, 0.21368649292317538, 0.171087846526533, 0.5535313680474313], [0.025032637231203175, 0.05150590331402421, 0.1020229988420755, 0.8214384606126972], [0.4436794770801239, 0.2741757920311066, 0.11307160249104939, 0.16907312839772032], [0.6417186580981066, 0.05342169866814801, 0.06061910812791396, 0.24424053510583124], [0.09504269199926647, 0.5566618192544641, 0.24950635854228093, 0.09878913020398858], [0.2536112641162251, 0.0367392158115285, 0.0024329871559451307, 0.7072165329163012], [0.5741527145009093, 0.1593451801441365, 0.08195906310243617, 0.18454304225251802], [0.22012118879458595, 0.10396097940406915, 0.11900687133081035, 0.5569109604705345], [0.33874555590043376, 0.5540062685748754, 0.04927456870393405, 0.057973606820756744], [0.26236516259248294, 0.43752271988188135, 0.03521984598416239, 0.2648922715414735], [0.22258833961206592, 0.49386476931885986, 0.22714143034823614, 0.056405460720838047], [0.741545146608556, 0.11132212129213902, 0.006878464637333449, 0.14025426746197145], [0.24237830136667543, 0.12669685603169523, 0.15685422182241457, 0.4740706207792148], [0.21182892830496575, 0.049556453745519716, 0.07105183685394173, 0.6675627810955727], [0.0854178576258328, 0.5253236429247461, 0.22372165963289026, 0.16553683981653075], [0.1779434277925863, 0.057755488832029675, 0.018032309664708885, 0.746268773710675], [0.530679301848093, 0.1909035225782484, 0.07880998995342606, 0.19960718562023286], [0.08096585885775612, 0.5405042004269318, 0.296745654128718, 0.081784286586594], [0.10214187884440026, 0.7647282298745309, 0.036499521159754945, 0.0966303701213137], [0.06691766411985284, 0.6701292307943783, 0.1745940944077389, 0.08835901067802983], [0.22483825793189416, 0.16796192658391654, 0.1270707390897773, 0.480129076394412], [0.2586795842135154, 0.08658291551423805, 0.07677092524792652, 0.5779665750243199], [0.046882104479612254, 0.24782147723946077, 0.5204363312395235, 0.18486008704140353], [0.35145933058431084, 0.371264156571866, 0.12634242940688206, 0.1509340834369414], [0.4422825979473677, 0.32895960697970617, 0.09265248746778704, 0.13610530760513917], [0.031905445968877975, 0.1538363103226687, 0.33748924656462903, 0.4767689971438245], [0.2613515592912967, 0.5181692369831662, 0.13246591562355775, 0.08801328810197935], [0.6529284022770138, 0.07142849843131187, 0.11046753241699797, 0.16517556687467652], [0.1925396870480295, 0.3622530076733242, 0.2570071671241364, 0.18820013815450992], [0.26538514222436066, 0.08949588953975061, 0.3029290211128331, 0.3421899471230555], [0.7681490663515639, 0.021552197468753035, 0.015763388477039324, 0.1945353477026439], [0.25568930637727655, 0.12473012548635948, 0.03849668453345501, 0.5810838836029092], [0.06727460138116767, 0.6219728052293511, 0.2601385515913947, 0.05061404179808666], [0.620413168448326, 0.05105240019622105, 0.07366297586498748, 0.2548714554904657], [0.5587576699972938, 0.2010997818487626, 0.035360092244991634, 0.204782455908952], [0.2258342213760488, 0.342585236300335, 0.031036160379703748, 0.40054438194391245], [0.05070784579449297, 0.1830791878097541, 0.35740902604265995, 0.40880394035309303], [0.11984597434117962, 0.16573073955543996, 0.08188319227115143, 0.6325400938322289], [0.35253463964690746, 0.2683175225521597, 0.06780154336485678, 0.31134629443607603], [0.027668719122388902, 0.15911360787950013, 0.3973185983058443, 0.4158990746922669], [0.06843442835090946, 0.03903850326042337, 0.8416414533861787, 0.05088561500248823], [0.441236327003447, 0.20203144433454223, 0.11280615149361677, 0.24392607716839376], [0.7855686596560859, 0.04238546650272977, 0.018609747211158163, 0.15343612663002634], [0.07188678581074687, 0.15045845889902468, 0.08885465714654045, 0.6888000981436877], [0.12366767541604595, 0.1858290667460611, 0.018199706735065654, 0.6723035511028274], [0.065604463563597, 0.30383275400180865, 0.19674397432235508, 0.43381880811223916], [0.45977549995367817, 0.22364244665620908, 0.044266065511939866, 0.27231598787817246], [0.08783129780670798, 0.7231648382682286, 0.02575323826625688, 0.16325062565880655], [0.037212847718073004, 0.17412859434554978, 0.49424358739316093, 0.2944149705432163], [0.3477710477505499, 0.022516629903513625, 0.026922278581221513, 0.602790043764715], [0.11438126384444686, 0.17074556306023245, 0.03955537389393887, 0.6753177992013821], [0.0441838271751055, 0.08809254258789719, 0.03205988241383286, 0.8356637478231645], [0.12934098490574586, 0.124513423929991, 0.501608021322803, 0.24453756984146033], [0.3644017840548811, 0.19642126615752037, 0.022098341818527496, 0.4170786079690708], [0.16892829891938466, 0.482448541576051, 0.06099871512440817, 0.2876244443801563], [0.039370601075877094, 0.8284437111368703, 0.11456106301929464, 0.01762462476795804], [0.1805319129341455, 0.6306488423576279, 0.08935317888832532, 0.09946606581990117], [0.5906304120857508, 0.27919483186026206, 0.04405367137500268, 0.08612108467898458], [0.04515730049089032, 0.19124038589602854, 0.018292673996835738, 0.7453096396162455], [0.6819589231843822, 0.1446321848004329, 0.061355494130692335, 0.1120533978844927], [0.13930160961816374, 0.1013561185795946, 0.03983542618428857, 0.7195068456179531], [0.06757496683060032, 0.2951688826513757, 0.1852058164461814, 0.45205033407184286], [0.2888723666323013, 0.2543701029026422, 0.21183928679161063, 0.24491824367344572], [0.3634116910498745, 0.048313386154607604, 0.01653076037173348, 0.5717441624237847], [0.23830530278369522, 0.5476375528150397, 0.09793803711799348, 0.11611910728327153], [0.3053496409741457, 0.034771975094465175, 0.0182749066355001, 0.641603477295889], [0.4925546601169364, 0.10307276422797716, 0.03733828980686521, 0.3670342858482214], [0.076509170432878, 0.40435772088840477, 0.34433923179829423, 0.17479387688042308], [0.0021666519177435005, 0.3188858309952677, 0.6283779771773471, 0.05056953990964143], [0.1258357684046266, 0.025840293237918806, 0.04838185670193838, 0.7999420816555161], [0.04296905250455454, 0.4936150110102635, 0.40012895204761423, 0.0632869844375679], [0.1297870336659372, 0.11949334953078126, 0.038713096126233824, 0.712006520677048], [0.07459063968095186, 0.5269495500418975, 0.1389727759625397, 0.2594870343146109], [0.23002831156446968, 0.03212408116139204, 0.07928966121883664, 0.6585579460553017], [0.14920834884755246, 0.33858408514949623, 0.1439321252961735, 0.36827544070677776], [0.1745886500074911, 0.3681279257771136, 0.1113709564827806, 0.345912467732615], [0.20829536598251056, 0.16703294131086524, 0.05292393013320185, 0.5717477625734229], [0.026253014141585044, 0.1591280720466561, 0.03835153415164335, 0.7762673796601158], [0.6118438794771922, 0.0978638991130835, 0.020010018064783995, 0.2702822033449404], [0.07696051738667259, 0.7603945484694665, 0.02214738329397927, 0.14049755084988177], [0.04771679419501583, 0.21695961383404685, 0.6269327042468256, 0.10839088772411118], [0.3807512688403397, 0.13116925697344117, 0.08856452647734771, 0.39951494770887164], [0.04009965637181818, 0.6829031409811533, 0.04182919205794569, 0.23516801058908288], [0.03607957433564297, 0.22070687958101318, 0.23667765117451234, 0.5065358949088316]]}}