{"test": {"ids": ["106115120", "97105580", "105117351", "111116040", "110115250", "113118810", "102112170", "108113740", "102110890", "99109840", "98107210", "106117650", "112116810", "110116300", "98108150", "113119930", "109121410", "107114621", "111121930", "103112470", "101116130", "97107260", "109116810", "113117401", "103120340", "105116441", "102113981", "100113210", "99112300", "112116880", "106116370", "111120190", "112118880", "97105451", "107120130", "109115070", "100108260", "99111930", "108120260", "101111310", "102110500", "105112100", "113119700", "113118870", "99108310", "107117010", "101108500", "103111990", "113120540", "107113180", "113121010", "107114200", "97107681", "103118110", "110113591", "113120070", "100109910", "108115880", "99112641", "101109370", "107119950", "98120010", "110118111", "108114270", "107114140", "97106591", "98107410", "110114651", "112117571", "108115070", "113118111", "98119591", "112117210", "106118820", "103120730", "102117351", "102112250", "103113260", "110118161", "111115770", "100108490", "110117140", "98111670", "108114360", "108121351", "106121190", "110119891", "97109570", "104111620", "98106560", "112116990", "100111080", "111116530", "107114110", "103109791", "113120531", "112117660", "110119300", "112120670", "99109860", "110120540", "109120560", "113119120", "99111440", "111115780", "109121351", "113120260", "100120780", "109114270", "113117630", "99108080", "97111790", "108115250", "101112540", "111119610", "111116990", "106113170", "103120780", "99107300", "106112770", "111116110", "108119510", "108115570", "105121370", "109116040", "107115250", "104113210", "108120621", "107117630", "112118860", "105113620", "107121230", "104111990", "106119260", "104110960", "104114740", "110118121", "111116750", "99112531", "101121640", "102113350", "99108460"], "labels": [1, 1, 0, 0, 1, 3, 3, 3, 0, 2, 1, 1, 3, 3, 0, 1, 0, 0, 1, 1, 2, 2, 3, 3, 1, 1, 1, 0, 0, 0, 2, 3, 1, 0, 2, 0, 3, 1, 1, 3, 3, 1, 0, 0, 2, 1, 3, 2, 3, 3, 2, 2, 3, 2, 0, 2, 2, 3, 1, 1, 3, 2, 1, 3, 2, 1, 3, 3, 3, 1, 1, 1, 1, 3, 1, 1, 0, 3, 0, 3, 2, 3, 1, 1, 3, 2, 3, 0, 0, 1, 0, 0, 3, 1, 3, 0, 0, 1, 2, 2, 1, 1, 3, 3, 1, 0, 3, 1, 3, 0, 3, 2, 1, 2, 2, 0, 0, 1, 3, 1, 3, 1, 3, 2, 0, 2, 3, 1, 0, 3, 0, 0, 2, 1, 2, 2, 3, 3, 3, 2, 3, 0], "predicted_labels": [3, 1, 3, 0, 1, 2, 0, 0, 0, 2, 3, 2, 2, 1, 2, 1, 1, 3, 0, 1, 3, 2, 3, 1, 2, 0, 0, 3, 3, 0, 0, 3, 0, 1, 1, 1, 1, 1, 3, 0, 0, 3, 2, 3, 0, 3, 2, 1, 1, 1, 1, 1, 1, 0, 0, 1, 2, 3, 3, 2, 3, 2, 0, 1, 2, 1, 0, 3, 1, 1, 3, 0, 2, 1, 3, 1, 3, 3, 3, 3, 2, 1, 0, 2, 3, 2, 1, 3, 0, 2, 2, 2, 1, 0, 3, 3, 3, 3, 1, 1, 1, 3, 3, 3, 3, 0, 0, 0, 3, 3, 1, 1, 3, 1, 2, 0, 1, 0, 0, 1, 3, 1, 2, 1, 3, 3, 0, 3, 0, 2, 1, 3, 1, 3, 3, 3, 3, 0, 0, 1, 3, 1], "confidence_scores": [[0.026757642789261453, 0.04007728360448093, 1.729969723889136e-05, 0.9331477739090187], [4.0740576948233634e-05, 0.9953453611155212, 0.004005941618816716, 0.0006079566887139095], [0.015731135734213184, 0.007820871100767427, 0.003577071791036135, 0.9728709213739832], [0.6769871244259869, 0.3124685916990228, 0.0013213779297604898, 0.009222905945229861], [0.012164935948765379, 0.9732989153600723, 0.002122948559301932, 0.012413200131860489], [0.2900871603269965, 0.12055077210373509, 0.33476123029947175, 0.25460083726979665], [0.5671183231521882, 0.002114549829912564, 0.3196698921220058, 0.11109723489589339], [0.7492084385183191, 0.08880869052937024, 0.00835517476470786, 0.15362769618760277], [0.950535631515203, 0.011979540745955336, 0.00021016019302362872, 0.03727466754581806], [0.027089456375507873, 0.14496277756904374, 0.8232618035214118, 0.004685962534036541], [0.0002878137949656882, 0.2514908649209251, 0.029884691925678813, 0.7183366293584305], [0.19301280023897674, 0.24620781024470648, 0.4094172263192673, 0.1513621631970496], [0.0925446563795063, 0.0011125382709351696, 0.8759100643239337, 0.03043274102562494], [0.02253169152636177, 0.8488474433841399, 0.09981469976716975, 0.028806165322328513], [0.4406467612252336, 0.0007712632674455927, 0.5305293748291193, 0.028052600678201547], [0.3936103681659471, 0.5397033195260742, 0.0020997137138697953, 0.06458659859410887], [0.0008051252284465313, 0.8648221894751155, 0.014145019695017637, 0.1202276656014203], [0.1488289828309971, 0.00017504602262289763, 1.7240770012200304e-05, 0.8509787303763677], [0.5591903102265979, 0.001978619869575779, 0.3542074075999603, 0.08462366230386605], [0.2763654218725289, 0.6213871965649789, 0.07940897253395629, 0.022838409028535865], [0.1831927176460784, 0.03515642397908705, 0.03449358094392882, 0.7471572774309057], [0.39266435998908344, 0.020731310988564212, 0.580849894020039, 0.005754435002313333], [0.0011377436060318962, 0.002098512325493419, 1.4526517517740602e-05, 0.996749217550957], [0.00018758237031824828, 0.9769646418802447, 0.0006552297561471542, 0.022192545993289937], [0.25163251991234964, 0.2246386379699901, 0.5052448531459723, 0.018483988971687945], [0.8418634962085321, 0.14377558407829702, 0.0039002953058277934, 0.01046062440734303], [0.9036711559850031, 0.0435474054981253, 0.0004692191056560441, 0.052312219411215576], [0.21884445226920193, 0.33566885778080713, 0.004219646959003933, 0.44126704299098685], [0.3267048643686507, 0.015377027601066708, 0.050355552493673725, 0.6075625555366089], [0.7043264401895653, 0.19623525406810385, 0.09912977016759252, 0.00030853557473831144], [0.9231933303899487, 0.0004460266789337305, 0.0699434721714046, 0.006417170759712977], [0.07004911751525399, 0.00207627191095938, 0.0035940295989848924, 0.9242805809748017], [0.8267535467285857, 0.11103825332574081, 0.027533471360394877, 0.03467472858527878], [0.1442844109556732, 0.5213133609811303, 0.0017315940301270982, 0.3326706340330694], [0.008319780100376444, 0.973728307357004, 0.01720363937742744, 0.0007482731651920497], [0.21337759396808584, 0.7739656217289984, 0.000416737984666837, 0.01224004631824902], [0.17878607539082622, 0.4332118837254045, 0.23561246490833038, 0.15238957597543878], [0.07446152829839509, 0.9215070552349278, 0.001659710959640704, 0.0023717055070364783], [0.1788907442131146, 0.3236609835010879, 0.062019578489224396, 0.435428693796573], [0.5420661546064072, 0.048179777616102426, 0.37776717581084635, 0.03198689196664422], [0.5783779930688822, 0.0018549776671945466, 0.09866947749606307, 0.3210975517678602], [0.26568136215874244, 0.0018235825413003425, 0.03469183154011071, 0.6978032237598465], [0.16170051055175555, 0.31953089939091167, 0.34581656396665106, 0.17295202609068178], [0.05278251340968288, 0.1547304082600049, 0.19011426905604362, 0.6023728092742686], [0.8368341932341424, 0.08398147882125641, 0.07756535614357558, 0.0016189718010255528], [0.06662927801300592, 0.3452005871158719, 0.07587683191680411, 0.5122933029543181], [0.0022933493918053144, 0.01197342776206952, 0.9834957047015853, 0.0022375181445397963], [0.07826625077556659, 0.41872019053753623, 0.13852547274317759, 0.3644880859437195], [0.21507785308767496, 0.4694156181668776, 0.06479166134292774, 0.25071486740251975], [1.3614537645720128e-06, 0.9908402281772912, 0.001496920222444306, 0.0076614901464998565], [0.022902304452871718, 0.8021501531015316, 0.06672296557300511, 0.10822457687259165], [0.0001667382838226999, 0.9983527567084349, 4.335962602136856e-05, 0.0014371453817209208], [0.16916686874903997, 0.50247658975228, 0.000774458458667764, 0.3275820830400122], [0.6042163890305781, 0.09873230576998038, 0.1430574989476712, 0.15399380625177048], [0.9964418177215628, 0.0020269062233509235, 0.0002018949883485719, 0.0013293810667378057], [0.0005178988318709852, 0.9559938601642032, 0.005342494798527111, 0.038145746205398665], [0.22736407025885366, 0.00015907185180780113, 0.7564865255658498, 0.01599033232348874], [0.08060165674793515, 0.00829460798977749, 0.0010995395798007116, 0.9100041956824866], [0.2631115790131903, 0.0013294777069962447, 0.06456514459094215, 0.6709937986888713], [0.26572766377169293, 0.013379060685180905, 0.7208436459451947, 4.9629597931398115e-05], [0.06574949036124209, 0.02014817865538747, 0.000753152720304218, 0.9133491782630663], [0.00636452732196598, 0.10116544911164778, 0.5462656026639611, 0.3462044209024252], [0.918339786032411, 0.04114518559774681, 0.005204795204879124, 0.03531023316496312], [0.16749956098854274, 0.601899250675526, 0.05485569804233975, 0.1757454902935914], [0.0014085254275507378, 0.3764753897351537, 0.41959221157505694, 0.20252387326223856], [0.0071766475490269935, 0.9788694487341228, 0.008804467438130152, 0.0051494362787198435], [0.7126896727857253, 0.0012841280528541259, 0.006678061106650872, 0.2793481380547698], [0.0402985301503443, 0.0007703010059026188, 0.0009606503143507218, 0.9579705185294023], [0.009658883059346316, 0.7596111202440012, 0.02522523098231563, 0.20550476571433696], [0.01070156376856377, 0.982138472258436, 0.00409660194863623, 0.0030633620243639397], [0.03837338477730011, 0.0011130350827996513, 0.000734351427624901, 0.9597792287122754], [0.9887089347497153, 0.003686089867636328, 0.006239154869565011, 0.001365820513083334], [0.0014526962944880028, 0.047568975355110156, 0.7359664666644442, 0.2150118616859577], [5.6717667027798724e-05, 0.95867125971672, 0.014477778435554221, 0.026794244180698243], [0.17227066426471682, 0.19602159259249025, 0.01656784146956826, 0.6151399016732247], [0.27067321786838017, 0.7280546539910782, 0.00010472356150059024, 0.0011674045790411164], [0.02376442262542583, 6.356881038075547e-06, 0.0005198572767843579, 0.9757093632167516], [0.3015449069941624, 0.23168674079347523, 0.008779960707789483, 0.45798839150457293], [0.4657823676616202, 0.01347556935179186, 0.001085037745697628, 0.5196570252408903], [0.41238529257229417, 0.025235823879684347, 0.011122704239220758, 0.5512561793088008], [0.47234173170410326, 0.029057529626008008, 0.47540767150589597, 0.023193067163992803], [0.16009683081306442, 0.5778787375972619, 0.041823061585687216, 0.22020137000398646], [0.9917905104844513, 0.0008910002864829133, 0.004264043430865979, 0.0030544457981996806], [0.15369574189314505, 0.13233701982889493, 0.45307133012925555, 0.26089590814870456], [0.010945295056515694, 0.04357286015751827, 0.004760447135506477, 0.9407213976504595], [0.002605204697775412, 0.12671733171489583, 0.7095163535870318, 0.16116111000029706], [0.2900126146779371, 0.7039009978140969, 0.0008051437944433694, 0.005281243713522714], [0.03785534358620855, 0.001579793878788605, 0.10057372128846097, 0.8599911412465417], [0.6724760272302981, 0.14768457128299983, 0.02463147178728927, 0.15520792969941283], [0.20215183603168208, 0.07391678932191034, 0.6035227283294562, 0.12040864631695146], [0.013878151452188405, 0.10561891486056044, 0.600484824053701, 0.2800181096335501], [0.3523549603391103, 0.0802613794369127, 0.558579795407834, 0.00880386481614299], [0.2020129599858645, 0.45044284211791996, 0.0021132493235953564, 0.34543094857262013], [0.5910885185407898, 0.039719041668011, 0.011572514821180846, 0.3576199249700185], [0.2291683798070948, 0.004177562579132927, 0.01032811564932881, 0.7563259419644434], [0.4116368911241357, 0.13321202101067542, 0.021232724288599635, 0.43391836357658925], [0.17557958510329827, 0.03079339742942505, 0.0013862901528246688, 0.7922407273144519], [0.1179945005358341, 0.4002626013444174, 0.02676564880673127, 0.45497724931301714], [0.017242516284175394, 0.9575109707568485, 0.02019381747970934, 0.00505269547926677], [0.0029421681260043612, 0.9337088650357515, 0.05931009057229302, 0.004038876265951182], [0.08537799979026477, 0.7648893495559049, 0.1327882927563372, 0.016944357897493236], [0.14301779683587815, 0.01362309237231219, 0.016779548886500975, 0.8265795619053088], [0.023024086821480338, 0.42735909728956134, 0.010523205859063668, 0.5390936100298946], [0.029282889679800996, 0.04618383118081765, 0.00013153605545048177, 0.9244017430839309], [0.11252208926615938, 0.006075409111580886, 0.01579335612656178, 0.8656091454956979], [0.6001179505642539, 0.024526804482175393, 0.03459787967559939, 0.3407573652779714], [0.8434985120695038, 0.0017867533216029063, 0.14909033257095528, 0.005624402037938047], [0.8489130847346971, 0.09243375069863609, 0.0115292664689075, 0.04712389809775929], [0.022321957371589703, 0.08657873196545275, 1.3577974243468989e-05, 0.891085732688714], [0.4525280258403533, 0.016131069931575714, 0.0459183742840035, 0.4854225299440675], [0.13594037743342272, 0.7991133376232568, 0.003041879459197415, 0.06190440548412297], [0.02268633027996452, 0.6716901709165949, 0.17457836082311465, 0.13104513798032602], [0.21395000263048256, 0.21211176110421656, 0.041721333566642205, 0.5322169026986587], [0.01806212573971604, 0.4579586667138334, 0.2677520626368858, 0.2562271449095646], [0.06182341094820538, 0.16008637648132365, 0.7715578876961663, 0.006532324874304662], [0.9153099829592122, 0.011103023835477257, 0.005397532056080616, 0.0681894611492301], [0.04604563278598703, 0.9534908037397704, 1.3458702658159942e-05, 0.0004501047715844264], [0.8271995548531913, 0.03265690716985939, 0.0003361371753000995, 0.1398074008016493], [0.7137584311613966, 0.005208447193356652, 7.3160781127513e-05, 0.2809599608641193], [0.098678167955698, 0.5304718679532152, 0.1779443683596733, 0.19290559573141353], [0.3269474375762673, 0.025211295677318595, 0.035756139761379806, 0.6120851269850343], [0.2519047899395075, 0.5116820368541183, 0.026186810394774437, 0.2102263628115998], [0.0008069401072866808, 0.3756762875922813, 0.5657201908199229, 0.05779658148050925], [3.922987368926053e-06, 0.9992242745505064, 0.0007128405095536965, 5.8961952570948736e-05], [0.0015264002566227704, 0.20017582077184995, 0.00038763385735786913, 0.7979101451141694], [0.184504039390545, 0.18236101073327043, 0.21027633930876957, 0.422858610567415], [0.5183033055760734, 0.014084676845727574, 0.002786909579739104, 0.4648251079984599], [0.07790158271026185, 0.062031787931491146, 0.022432310143740076, 0.8376343192145069], [0.9701308106028542, 0.0001465344215595836, 0.026486638093496863, 0.0032360168820892324], [0.10493172564649697, 0.0759389550181149, 0.8129453636804618, 0.00618395565492638], [0.0004919351906076402, 0.48307568497000974, 0.406734666808912, 0.10969771303047057], [0.005578643649661411, 0.009024491512012527, 0.009808295948845748, 0.9755885688894803], [0.11201468185475344, 0.5796080798776974, 0.27494937143073955, 0.03342786683680958], [0.00015012802348774514, 7.813646242857553e-05, 0.07743575542568172, 0.922335980088402], [0.007031091311351081, 0.00022570704796941518, 0.0037911466938904907, 0.9889520549467892], [0.0002254965247031823, 0.03096819991634166, 0.37240308024847946, 0.5964032233104758], [0.0016775966143032267, 0.031185298625220178, 0.0011133711838668039, 0.9660237335766098], [0.9889196949635687, 8.309993569647881e-06, 0.009768506620236761, 0.0013034884226249277], [0.9483661515743368, 0.00041616029061782256, 0.011687805474065229, 0.03952988266098027], [0.00021258103749111345, 0.9951673098541068, 1.432313384404153e-05, 0.004605785974558087], [0.017524194232051676, 0.2885913540901038, 0.1779262391534753, 0.5159582125243691], [3.639786440279209e-05, 0.5866212163640186, 0.09433365251772356, 0.31900873325385504]]}, "rewritten": {"ids": ["97105451", "97105580", "97106591", "97107260", "97107681", "97109570", "97111790", "98106560", "98107210", "98107410", "98108150", "98111670", "98119591", "98120010", "99107300", "99108080", "99108310", "99108460", "99109840", "99109860", "99111440", "99111930", "99112300", "99112531", "99112641", "100108260", "100108490", "100109910", "100111080", "100113210", "100120780", "101108500", "101109370", "101111310", "101112540", "101116130", "101121640", "102110500", "102110890", "102112170", "102112250", "102113350", "102113981", "102117351", "103109791", "103111990", "103112470", "103113260", "103118110", "103120340", "103120730", "103120780", "104110960", "104111620", "104111990", "104113210", "104114740", "105112100", "105113620", "105116441", "105117351", "105121370", "106112770", "106113170", "106115120", "106116370", "106117650", "106118820", "106119260", "106121190", "107113180", "107114110", "107114140", "107114200", "107114621", "107115250", "107117010", "107117630", "107119950", "107120130", "107121230", "108113740", "108114270", "108114360", "108115070", "108115250", "108115570", "108115880", "108119510", "108120260", "108120621", "108121351", "109114270", "109115070", "109116040", "109116810", "109120560", "109121351", "109121410", "110113591", "110114651", "110115250", "110116300", "110117140", "110118111", "110118121", "110118161", "110119300", "110119891", "110120540", "111115770", "111115780", "111116040", "111116110", "111116530", "111116750", "111116990", "111119610", "111120190", "111121930", "112116810", "112116880", "112116990", "112117210", "112117571", "112117660", "112118860", "112118880", "112120670", "113117401", "113117630", "113118111", "113118810", "113118870", "113119120", "113119700", "113119930", "113120070", "113120260", "113120531", "113120540", "113121010"], "labels": [0, 1, 1, 2, 3, 0, 2, 1, 1, 3, 0, 1, 1, 2, 3, 3, 2, 0, 2, 2, 3, 1, 0, 3, 1, 3, 2, 2, 0, 0, 1, 3, 1, 3, 2, 2, 2, 3, 0, 3, 0, 3, 1, 1, 3, 2, 1, 3, 2, 1, 1, 1, 2, 0, 2, 3, 2, 1, 0, 1, 0, 2, 1, 0, 1, 2, 1, 3, 1, 2, 3, 1, 2, 2, 0, 2, 1, 0, 3, 2, 0, 3, 3, 1, 1, 1, 3, 3, 1, 1, 1, 3, 3, 0, 0, 3, 1, 0, 0, 0, 3, 1, 3, 3, 1, 3, 0, 1, 3, 1, 3, 1, 0, 3, 3, 3, 0, 2, 3, 1, 3, 0, 0, 1, 3, 0, 3, 1, 2, 3, 0, 1, 3, 0, 3, 0, 1, 2, 3, 0, 3, 2], "predicted_labels": [3, 1, 1, 2, 3, 3, 2, 3, 1, 0, 0, 0, 0, 2, 3, 1, 0, 3, 1, 1, 1, 3, 3, 0, 1, 1, 0, 2, 1, 3, 0, 2, 0, 0, 0, 3, 1, 0, 0, 0, 0, 3, 0, 1, 0, 3, 1, 1, 1, 2, 3, 0, 3, 3, 3, 0, 3, 0, 1, 2, 1, 1, 2, 0, 0, 0, 2, 1, 3, 3, 1, 0, 1, 3, 0, 1, 1, 0, 3, 1, 1, 0, 1, 2, 1, 0, 3, 3, 3, 1, 0, 3, 3, 1, 3, 3, 3, 0, 0, 0, 0, 1, 3, 3, 3, 1, 1, 3, 3, 1, 3, 3, 0, 3, 0, 0, 0, 2, 2, 0, 3, 0, 0, 3, 1, 3, 2, 3, 2, 1, 0, 3, 3, 0, 3, 1, 1, 2, 3, 3, 1, 1], "confidence_scores": [[0.2912182535251762, 0.07602477881623829, 0.00028676366741783784, 0.6324702039911676], [0.0008654066506102365, 0.9891512521316663, 0.002043986351247656, 0.007939354866475788], [0.022361533721558274, 0.9456334082299404, 0.01854690525867375, 0.013458152789827628], [0.05696717596869725, 0.007429097999190774, 0.9348281308847738, 0.0007755951473382205], [0.391390370949097, 0.01115784169802247, 0.002405685340515481, 0.5950461020123651], [0.1355843467647174, 0.010895094439997456, 0.08610754566942684, 0.7674130131258584], [0.06534750116940082, 0.2780936751533705, 0.46385707889487676, 0.19270174478235189], [0.0015413044602212583, 0.03397749782568732, 0.09426276255486116, 0.8702184351592303], [0.00048256666306315216, 0.865103772956206, 0.0007911143516231239, 0.13362254602910767], [0.9980384067042256, 0.0004662881503619432, 0.000119473236452307, 0.0013758319089601317], [0.8139412434714975, 0.011309904696288939, 0.10516331751181635, 0.06958553432039705], [0.9738917868488983, 0.0017713875640780143, 0.023402835110655607, 0.0009339904763680294], [0.9039301446546376, 0.086024491616489, 0.0012768028574705406, 0.008768560871402856], [0.004112945211117513, 0.006328480265978725, 0.8545743066588245, 0.13498426786407933], [0.05510988574523295, 0.027575286165335635, 2.3896863963368776e-05, 0.9172909312254681], [0.003618572012092629, 0.5283310691315812, 0.004558013607879987, 0.4634923452484463], [0.978090839323536, 0.004380581072322887, 0.017367740867837517, 0.00016083873630347312], [4.154472501408257e-06, 0.015489852717205413, 0.01458312311553962, 0.9699228696947536], [0.0003805618255537321, 0.8509894700870059, 0.14319067186038972, 0.0054392962270509064], [0.00010205360935058863, 0.9416265887404474, 0.05701739046056232, 0.0012539671896397372], [0.1241148579848937, 0.8471178202078191, 0.011587465033962442, 0.017179856773324592], [0.03982561779604982, 0.05114587623314017, 0.009081418719978572, 0.8999470872508314], [0.0018012485178606676, 0.011865502433036555, 0.009713702681290824, 0.9766195463678119], [0.9989648606482253, 6.305623846026373e-05, 1.827282934221202e-05, 0.0009538102839721823], [0.11032934210365708, 0.7430445943730566, 0.13099738813100914, 0.015628675392277254], [0.09580393089499949, 0.3406603320571023, 0.24281521963711447, 0.3207205174107837], [0.6172326787679355, 0.18365575039537946, 0.19770278909288022, 0.0014087817438047728], [0.22456380767397402, 3.3335069261552784e-05, 0.7689677737105367, 0.006435083546227824], [0.36599148247211133, 0.6298778443297492, 0.0027628142615374164, 0.0013678589366019575], [0.3264495475054255, 0.19343291437776616, 0.00244382653295903, 0.47767371158384925], [0.996034378227531, 1.220028855707985e-05, 0.0002938603226639338, 0.0036595611612479572], [0.05032024191457445, 0.005441267659849558, 0.9419720510317321, 0.0022664393938438784], [0.7199018745691437, 0.00914191084048972, 0.2664255482841525, 0.004530666306214069], [0.4096250901713117, 0.312902691259792, 0.2755676840429662, 0.0019045345259300266], [0.8805855317859707, 0.07750017374003922, 0.020432249554829383, 0.021482044919160972], [0.1260855158805162, 0.10173552656434434, 0.00850474444540555, 0.7636742131097339], [5.592424919024594e-05, 0.9881942332505294, 6.363006260446998e-07, 0.01174920619965445], [0.7087887686574327, 0.0029341910295478963, 0.2507430869234815, 0.03753395338953774], [0.9000510345483436, 0.013967042769072551, 0.005576898073004239, 0.0804050246095795], [0.8521603307627288, 0.002386567161482331, 0.005183221978210965, 0.14026988009757782], [0.7767861154238241, 0.0012021634152850572, 0.004035103487405343, 0.21797661767348556], [0.0020208199112336607, 0.0026398975135870544, 0.2927765202878556, 0.7025627622873236], [0.9599071573789867, 0.006402930112971346, 2.536515496852077e-05, 0.03366454735307336], [0.181189317445884, 0.8183792189049816, 0.0002779450028139023, 0.00015351864632044367], [0.8264203998307034, 0.055160737250333255, 0.08047656044092572, 0.03794230247803767], [0.041429609772631465, 0.10419433038554028, 0.005564853574078524, 0.8488112062677496], [0.18730693412051283, 0.6408844850582613, 0.09370836604081301, 0.07810021478041265], [0.002627575768409683, 0.9964503646077126, 0.000199690132649211, 0.0007223694912285872], [0.251915368156128, 0.7009623555806063, 0.033890866033308924, 0.013231410229956915], [0.0285697531461761, 0.0493594880748827, 0.9217934839000975, 0.0002772748788438371], [0.39646305421336375, 0.019827876273210754, 0.046838685164669436, 0.536870384348756], [0.7505269577042988, 0.026286401987177042, 0.0008028053486326796, 0.22238383495989164], [0.0016814773732889564, 0.00021960591640057714, 0.2509840597237747, 0.7471148569865358], [0.0014947007772702842, 5.53655635341099e-05, 5.832279061049989e-07, 0.9984493504312896], [0.13983270230968053, 0.3948868629947464, 0.006374863192249903, 0.45890557150332323], [0.9698784670023223, 0.0025949724823452185, 0.0190737793031367, 0.00845278121219587], [0.01295563755736476, 0.004363444758561899, 0.05046407229010821, 0.9322168453939651], [0.8477173517370481, 0.0020545085630340305, 0.0020925155221256306, 0.1481356241777923], [4.6335908417166925e-05, 0.9355842748047535, 0.054221825788712145, 0.010147563498117159], [0.34192755459550345, 0.03675535852297949, 0.42194392615822973, 0.19937316072328745], [0.0035818642585329656, 0.97749614656058, 0.015975847889617586, 0.0029461412912692615], [0.0022636979426081862, 0.9222145902593479, 0.00850807504964634, 0.06701363674839751], [0.011256932789799187, 0.19939912620456088, 0.7295995850486524, 0.05974435595698744], [0.7479488424582277, 0.19293974388328278, 5.2383704510191535e-05, 0.059059029953979394], [0.8789894267914318, 0.023579817884042432, 5.9487506597115516e-05, 0.09737126781792871], [0.9986460155119512, 8.369664973818716e-05, 0.0008445054288210601, 0.0004257824094894743], [0.40844247876788936, 0.002529625796568908, 0.5161470061073129, 0.07288088932822884], [0.0017146204577758533, 0.9262797565197028, 0.06624348970301965, 0.005762133319501589], [0.031222996622574405, 0.0012148908304201302, 0.33696036923011347, 0.630601743316892], [0.08750395014819437, 0.01036077953339423, 0.1458099877770354, 0.756325282541376], [1.357026679230472e-05, 0.9981007561868651, 6.890542651075681e-05, 0.0018167681198319444], [0.9965999069279412, 0.0017986366868998488, 0.0005379970052407531, 0.0010634593799182816], [0.003926314780328937, 0.9712041075350181, 0.024101598442679666, 0.0007679792419733034], [0.028874121799390067, 0.35218992530966753, 0.003716739754143386, 0.6152192131367991], [0.9822632941201723, 0.010647944842250552, 0.0002516482908438401, 0.00683711274673319], [0.04875210208688966, 0.9201943038526393, 0.0001042743638211418, 0.03094931969664991], [0.2225403900275292, 0.6964261821398187, 0.001975639213658665, 0.07905778861899342], [0.7972466538729255, 0.0031356889649337594, 0.11350432608469918, 0.08611333107744175], [0.4384028188001816, 0.002937848892333734, 0.005187684460849503, 0.5534716478466352], [0.015323267115549894, 0.6653324991782437, 0.2469018509774573, 0.07244238272874927], [0.0070501656164195115, 0.5141476961062886, 0.015367542955097934, 0.4634345953221939], [0.9428829450866272, 0.0011499057108222371, 0.009074096829943321, 0.0468930523726071], [0.009457773741525033, 0.909429003706993, 0.024510106966834345, 0.05660311558464755], [0.0388226550587279, 0.1632434276303769, 0.49793589634497365, 0.29999802096592165], [3.7716548823171685e-05, 0.9972002712455352, 0.002498220909732588, 0.00026379129590889], [0.36971839871966095, 0.2793458866963751, 0.1988993910988079, 0.15203632348515614], [0.041204992656819414, 0.11987770358657515, 0.3870443615662004, 0.4518729421904051], [0.2810951875296866, 0.04707377149196264, 0.07667334814194572, 0.5951576928364051], [0.27928053563938193, 0.049095809887969334, 6.211232321344736e-05, 0.6715615421494353], [0.15958131635350611, 0.6849713971403135, 0.001422106018663262, 0.1540251804875171], [0.5354892274398875, 0.30741237105467434, 0.0340533583013143, 0.12304504320412388], [0.05853320099620393, 0.0005125589754419067, 0.0011130135562634144, 0.9398412264720908], [0.026090997865706796, 0.01501498263800647, 0.00022660730445308788, 0.9586674121918336], [0.44044232131713823, 0.5333373908087312, 0.024779843105610662, 0.0014404447685199301], [0.0231794478264952, 0.0028118332355962995, 0.017109110514065773, 0.9568996084238426], [0.22492405842022248, 0.030723375170599893, 0.001023242834939248, 0.7433293235742384], [0.029985180227027976, 0.02361839125632815, 0.4349923765353819, 0.5114040519812619], [0.8299822344916455, 0.019428133629204907, 0.008646524806333579, 0.14194310707281602], [0.7354669485409772, 0.03658974261970647, 0.026674918168795126, 0.20126839067052113], [0.5412241781867032, 0.249804354524176, 0.1859642519756647, 0.02300721531345608], [0.5281814081463299, 0.0006527222403245559, 0.005402334033409145, 0.4657635355799364], [0.0005538737329157545, 0.7253265798564413, 0.2418652200203422, 0.03225432639030075], [0.0035874220315312115, 0.02983341076463845, 0.07037533171962049, 0.8962038354842098], [0.09041404754532242, 0.031544880739143924, 1.4163449885747608e-05, 0.8780269082656479], [0.386902211740884, 0.0116779401802278, 0.0063718460782813974, 0.5950480020006068], [0.1567100279924352, 0.6794251349630501, 0.010477367169776127, 0.15338746987473853], [0.16031674191870038, 0.5938523090703831, 0.0013660384283816012, 0.24446491058253475], [0.10970592971669288, 0.13793712616840145, 0.006453044751633929, 0.7459038993632717], [0.45288294091590575, 0.005236120157303805, 0.0006689933922673304, 0.5412119455345231], [0.048642081830577, 0.7753441082427173, 0.01990771986115451, 0.15610609006555123], [0.0318828853071434, 0.004224876798195256, 0.017989474137501356, 0.94590276375716], [0.07289227638016423, 0.18944957846591667, 0.09968385692934621, 0.6379742882245728], [0.9992307074333914, 0.00015592201432567835, 0.0006089210762792687, 4.449476003887732e-06], [0.012189904060851863, 0.10888388333403001, 0.00012538732952904614, 0.8788008252755891], [0.7129096961178417, 0.013592522375333281, 0.008119331134977342, 0.2653784503718478], [0.9948841161142367, 1.4652519798347495e-05, 0.00023301363068560483, 0.004868217735279259], [0.7880575202830858, 0.09205490836602365, 0.00040333325631639733, 0.1194842380945742], [0.05426354776249483, 0.015452741282687794, 0.9289344828666315, 0.0013492280881860239], [0.008749518226169683, 0.0002891092814414067, 0.7007458090825373, 0.29021556340985155], [0.9952468155410437, 0.00012005144946097734, 0.00410348655797796, 0.0005296464515174131], [0.01938876866916877, 0.002692510548432301, 0.4508184452289172, 0.5271002755534818], [0.9184671180448497, 0.046868108714047084, 0.015404403621593288, 0.019260369619510154], [0.5148791808557603, 0.007662641510379711, 0.03351495881392039, 0.44394321881993953], [1.9903047413626887e-05, 0.0017194037963187748, 0.08387930852721615, 0.9143813846290515], [7.181339884204656e-05, 0.8522465454209508, 0.03874826018094051, 0.10893338099926678], [0.03352422140952399, 0.1969173848764612, 0.003593320061503095, 0.7659650736525117], [0.0002797078500477427, 0.44733884011290836, 0.4897439705891103, 0.06263748144793374], [0.04942935183810892, 0.010060135895380014, 0.04165388370294049, 0.8988566285635705], [0.012520670632475195, 0.42897813723028416, 0.5285865533535569, 0.029914638783683757], [0.008001603280813343, 0.7979389259605094, 0.023232304327016208, 0.1708271664316611], [0.963587387687058, 0.021539959737121615, 0.0032885067196857113, 0.011584145856134683], [0.020854640733849114, 0.016874058492448607, 0.0008382345611858131, 0.9614330662125165], [0.02404248541933187, 0.040535496680356366, 0.1422041598533283, 0.7932178580469834], [0.3368294950727369, 0.15209270176047648, 0.20029972117305597, 0.3107780819937305], [0.02666461896698167, 0.1707264497844711, 0.0301053477536357, 0.7725035834949114], [0.0007943327244073898, 0.9985104632650326, 0.00036435163839715427, 0.0003308523721628007], [0.12220358703844011, 0.8771352138063497, 9.27899384111404e-05, 0.0005684092167989596], [0.00018874811053629182, 0.01850889719631579, 0.8535694057926152, 0.1277329489005326], [0.02839681348622524, 0.022027063636336885, 0.0016283588518199213, 0.9479477640256179], [0.13073786047454217, 0.06139834147397057, 7.313201651002032e-05, 0.8077906660349773], [0.28239457070678103, 0.473991798092122, 0.01976418898007236, 0.22384944222102457], [0.002184374143758264, 0.8903678866362411, 0.10224975240094297, 0.005197986819057483]]}}