{"test": {"ids": ["106121190", "104116800", "113118231", "108119330", "110121170", "107114621", "110113931", "100111270", "113120830", "98110230", "108120280", "111115620", "104111990", "110115890", "112118530", "103113270", "109114220", "109113881", "111116750", "101117580", "101109370", "105115720", "100111080", "113119360", "110121450", "102109850", "99108080", "102117351", "105116441", "111120640", "109117600", "111118820", "105110251", "99109910", "106115250", "105118230", "106121220", "111120320", "101119030", "113120260", "100109890", "113117340", "98110710", "112120630", "98121790", "104113380", "107113200", "111116411", "113121980", "112116880", "98107340", "104114410", "100115700", "110120540", "107114780", "103111540", "107115250", "112119320", "98110810", "98117740", "109119591", "108115070", "108114040", "100116790", "98108520", "99108520", "107114280", "102112170", "105116090", "99107660", "110117500", "106120640", "97106770", "112117431", "107118780", "105117351", "99109860", "98116500", "105119550", "111116530", "108121190", "111116040", "104111711", "101110200", "97108520", "113122180", "107120260", "103109021", "106113190", "103113610", "110120640", "112120540", "110113591", "112116900", "109119460", "99111620", "113121410", "104113240", "112117210", "102112030", "98112170", "112119930", "113120280", "97106000", "113119300", "99107630", "101108121", "108114360", "98119591", "99108710", "108113480", "101108580", "102110050", "100109000", "98111860", "104111880", "103120290", "105120621", "97116401", "106118520", "111120190", "113117401", "113120640", "101121640", "108120260", "98120010", "104116980", "105113620", "98107210", "112121351", "100108490", "105121370", "104111380", "112117580", "111119300", "112117030", "109121410", "99107950", "105115680", "112120990", "110114561", "107116501"], "labels": [2, 1, 3, 0, 2, 0, 1, 2, 3, 3, 3, 1, 2, 2, 1, 2, 3, 0, 3, 3, 1, 1, 0, 0, 3, 1, 3, 1, 1, 0, 1, 0, 0, 2, 2, 1, 1, 1, 3, 3, 3, 2, 2, 3, 2, 1, 0, 0, 2, 0, 0, 1, 1, 1, 2, 1, 2, 1, 1, 2, 0, 1, 0, 2, 2, 2, 3, 3, 1, 3, 1, 3, 3, 0, 1, 0, 2, 2, 1, 3, 1, 0, 1, 2, 2, 2, 1, 0, 0, 2, 0, 3, 0, 3, 1, 3, 0, 2, 1, 2, 3, 1, 0, 0, 1, 2, 0, 1, 1, 2, 0, 0, 3, 1, 0, 3, 2, 1, 3, 2, 3, 3, 0, 2, 1, 2, 1, 0, 1, 0, 2, 2, 3, 0, 1, 2, 0, 1, 2, 2, 0, 1], "predicted_labels": [2, 3, 3, 0, 3, 3, 1, 1, 1, 1, 3, 1, 0, 1, 1, 2, 0, 1, 3, 0, 1, 1, 2, 3, 3, 1, 3, 3, 1, 1, 0, 0, 3, 2, 1, 1, 0, 3, 0, 1, 1, 2, 1, 3, 2, 2, 3, 0, 1, 1, 3, 0, 3, 1, 0, 3, 2, 2, 1, 3, 1, 0, 3, 1, 1, 2, 1, 0, 3, 2, 1, 1, 0, 3, 3, 3, 1, 3, 0, 1, 1, 0, 2, 1, 1, 3, 1, 0, 0, 0, 1, 1, 1, 0, 3, 3, 3, 1, 1, 1, 3, 1, 0, 3, 3, 0, 3, 1, 1, 1, 3, 2, 3, 3, 2, 3, 2, 3, 1, 3, 1, 3, 1, 1, 0, 1, 2, 1, 1, 0, 3, 3, 0, 3, 3, 3, 3, 2, 1, 1, 1, 3], "confidence_scores": [[0.022994583852224446, 0.10227607044687179, 0.7106780823631167, 0.16405126333778705], [0.07506416208919794, 0.27535633255854197, 0.01830784127368398, 0.6312716640785759], [0.3415691109329084, 0.1748012958599618, 0.06860836159737592, 0.4150212316097541], [0.7284413771498129, 0.09713175668783097, 0.06075338303016838, 0.11367348313218781], [0.06307496381229791, 0.29308341699227924, 0.04562377038217065, 0.5982178488132521], [0.0710086914468092, 0.1589523475601669, 0.02736938458170636, 0.7426695764113175], [0.09283679266126044, 0.8787630332230773, 0.002201925889537917, 0.02619824822612419], [0.05114063845656705, 0.48509692282647454, 0.38897919127221137, 0.07478324744474718], [0.1544408240251747, 0.5578478464249395, 0.12376555920253282, 0.16394577034735297], [0.24432949648968635, 0.6491153034810883, 0.01573416442432865, 0.09082103560489649], [0.2746306572122875, 0.040992073078331505, 0.207646497163998, 0.476730772545383], [0.3471427043341553, 0.5355131269705704, 0.04230806496403476, 0.07503610373123978], [0.7413650874513078, 0.15903642931123022, 0.04576489377983394, 0.05383358945762783], [0.09313694575229785, 0.5191424293321695, 0.11451605667922114, 0.2732045682363114], [0.03708502629708873, 0.8277742199311076, 0.13042390562298095, 0.004716848148823093], [0.0946987656453673, 0.09357677003188065, 0.4301301631401859, 0.3815943011825663], [0.44131616076238966, 0.12747720498182857, 0.1456788410196486, 0.2855277932361333], [0.20007479457166272, 0.6858647563704802, 0.025042157991922755, 0.08901829106593451], [0.5084469123312816, 0.017638115067033604, 0.011516713742449301, 0.4623982588592353], [0.5412185305824693, 0.10095887036537535, 0.026216263484114058, 0.33160633556804153], [0.06833967442060815, 0.42505755849390986, 0.3890222103783017, 0.11758055670718011], [0.03826627030579091, 0.7023854673416061, 0.1079525435061993, 0.15139571884640327], [0.15535242085243586, 0.2004338423374826, 0.45581327401962907, 0.18840046279045294], [0.37673835755758994, 0.16005166473457524, 0.05048482982584983, 0.4127251478819849], [0.3312183215246601, 0.2631011593675582, 0.04910620566349507, 0.35657431344428636], [0.0748541849818008, 0.5846433008269615, 0.28409677696876945, 0.05640573722246834], [0.2481234908965512, 0.11535252992367404, 0.06500730811682999, 0.5715166710629448], [0.28380445246107633, 0.17078973273754922, 0.026525337316196548, 0.5188804774851784], [0.17516323661674044, 0.4752885553373699, 0.09297162556196746, 0.25657658248392234], [0.12266932220984561, 0.8445054955405094, 0.019291720030739003, 0.013533462218906018], [0.7235508159354413, 0.13621508819750763, 0.06977645402815795, 0.07045764183889294], [0.7463584727810424, 0.09789570593509243, 0.03501160273719546, 0.12073421854666991], [0.12760398918334862, 0.17463331359645926, 0.0594065920222422, 0.6383561051979498], [0.016344649139144247, 0.007570957860200562, 0.9686606849197227, 0.007423708080932706], [0.04697033216997651, 0.6670766583764444, 0.11286787647899407, 0.17308513297458494], [0.05497700281744107, 0.48967291914824446, 0.03197545755271108, 0.42337462048160335], [0.6517279756093786, 0.12132110496583005, 0.048840535386215876, 0.17811038403857538], [0.11636432815666674, 0.11839600025605086, 0.016258895357358513, 0.7489807762299239], [0.4967420449963952, 0.18548112768509162, 0.03369183041297454, 0.28408499690553907], [0.18260805430188137, 0.3428957832020756, 0.21590546916488265, 0.25859069333116036], [0.1773478179594108, 0.44935043623617793, 0.325310354364553, 0.04799139143985835], [0.05619661361503292, 0.32263362139138485, 0.561613094602793, 0.059556670390789164], [0.07484787019829889, 0.6719287906788547, 0.046778687185268626, 0.2064446519375776], [0.14590944741280962, 0.1800173261261594, 0.029628769455663482, 0.6444444570053675], [0.0866305895915136, 0.12739242961729386, 0.6886181689959765, 0.09735881179521608], [0.1119459354365722, 0.09581895251689061, 0.6796215375822284, 0.11261357446430899], [0.3080751564801023, 0.05288314652824753, 0.09739075811666235, 0.5416509388749877], [0.6245914020741341, 0.021636330225748568, 0.005241426812138611, 0.34853084088797887], [0.04234772295467616, 0.624471702661433, 0.07992103221598248, 0.2532595421679086], [0.1311163976010146, 0.7488959509218927, 0.05773894965437028, 0.062248701822722234], [0.09894130168114798, 0.0534872547889126, 0.12612496418199137, 0.7214464793479481], [0.5364058469977375, 0.08981421372721489, 0.03335956379967573, 0.34042037547537185], [0.2946276069762686, 0.17607988317264311, 0.08162805651474142, 0.44766445333634686], [0.034859390682788344, 0.9266532237187133, 0.0215372424642038, 0.016950143134294552], [0.35715925817049954, 0.3204406812704341, 0.24047811627568078, 0.08192194428338577], [0.1944182699869434, 0.14811735944123453, 0.12442524954092396, 0.533039121030898], [0.04894392065851058, 0.17531583428637948, 0.4859334164969342, 0.28980682855817574], [0.014306806915280863, 0.12070671456438985, 0.7160947317545052, 0.1488917467658243], [0.01219359306236364, 0.7861713194278864, 0.19061155384073467, 0.011023533669015404], [0.03701083742878497, 0.08760060878400841, 0.09657544866515054, 0.778813105122056], [0.16536900698781357, 0.5218760690445922, 0.09881085638835103, 0.21394406757924328], [0.3854224404928616, 0.2146730071474501, 0.2395854739515853, 0.1603190784081031], [0.05160378994919862, 0.101671580227194, 0.23174382564866625, 0.6149808041749413], [0.33269407290679526, 0.4699503107843517, 0.12383223451439074, 0.07352338179446223], [0.23696558823352598, 0.6848818646091615, 0.019524053828277356, 0.05862849332903541], [0.033602007462909124, 0.16795073083322906, 0.7936602588569798, 0.004787002846882284], [0.4287662398650863, 0.4456228718689698, 0.04649194176988539, 0.07911894649605854], [0.731353427942813, 0.022396040379710293, 0.18822909623870088, 0.05802143543877574], [0.42902841210342435, 0.053024753056496225, 0.07102195132293401, 0.44692488351714527], [0.3008954689528613, 0.0959491532380211, 0.5117049672108542, 0.09145041059826309], [0.2267615750471705, 0.5383604198527984, 0.025793395722507325, 0.20908460937752385], [0.030494569097772525, 0.800775464736448, 0.12500288568995616, 0.04372708047582335], [0.3181362388263827, 0.07561406759290096, 0.5887019122833331, 0.017547781297382842], [0.4025769655532045, 0.1388503654167047, 0.09505253172944703, 0.363520137300644], [0.398064950662565, 0.08713060957744251, 0.02139706908176362, 0.4934073706782288], [0.23477815436963764, 0.0511727751739985, 0.020238817387200916, 0.6938102530691631], [0.03634840875867222, 0.7223707025850292, 0.11676557508352897, 0.12451531357276993], [0.2176295933045261, 0.24382380360186, 0.08800658529397262, 0.4505400177996412], [0.7088486208733986, 0.16207926505429587, 0.007210390209897181, 0.12186172386240852], [0.04191548792665944, 0.9287443908022357, 0.021780691902086785, 0.007559429369018086], [0.06892471973895567, 0.6314754009414626, 0.054168530413793825, 0.245431348905788], [0.42104043083098436, 0.20551514153926242, 0.07620205991542393, 0.2972423677143291], [0.020401018934863728, 0.055663857482666446, 0.8725495790395666, 0.05138554454290298], [0.07239197971019731, 0.8554448835434426, 0.0461444077034681, 0.026018729042891868], [0.1887735538967744, 0.5704688544477426, 0.15164375657482662, 0.08911383508065628], [0.17296850332179073, 0.15099634162612974, 0.04236550828572775, 0.6336696467663521], [0.14827964712104422, 0.7987490087795575, 0.030390079756946197, 0.022581264342452233], [0.584187499714647, 0.10595567610532913, 0.018201346942098122, 0.29165547723792573], [0.5301337286434749, 0.3301092693207977, 0.010685828004057398, 0.12907117403167], [0.3837942468021458, 0.3364242624579731, 0.13041918220721682, 0.1493623085326644], [0.1935778810117806, 0.5269570498623262, 0.18599607620882105, 0.09346899291707185], [0.16933917763752565, 0.47234888211344095, 0.01710724895862368, 0.3412046912904094], [0.4352132608130412, 0.38356502279720783, 0.006459910985733981, 0.17476180540401695], [0.5239475009455536, 0.3422921470100981, 0.00402488517991373, 0.12973546686443446], [0.32987272499147646, 0.1715218955167617, 0.05198184504744513, 0.4466235344443168], [0.019666774205391088, 0.37060725532318295, 0.07151254751697494, 0.5382134229544515], [0.030137080995896192, 0.022043060229175623, 0.0016319116427992368, 0.9461879471321283], [0.0684110634856292, 0.3679721785044033, 0.4929838858375762, 0.07063287217239146], [0.04938126417836674, 0.579407530874242, 0.31270508218148324, 0.05850612276590777], [0.0541716201344516, 0.6486613366746679, 0.07822324239478043, 0.21894380079609985], [0.2508552371013029, 0.26873441251420216, 0.012906806953621744, 0.4675035434308733], [0.08917130883059833, 0.5739462476864979, 0.10043566223625791, 0.236446781246646], [0.6105133695634335, 0.017634331114807486, 0.04248618000325223, 0.32936611931850673], [0.013509765969623732, 0.20087041333666883, 0.10154242142947395, 0.6840773992642334], [0.16183330376588895, 0.015099572926408632, 0.003488934074332945, 0.8195781892333693], [0.43572141019192684, 0.02306450221974018, 0.3280991622402154, 0.21311492534811763], [0.1988184193754573, 0.2184019455167679, 0.08069774244392075, 0.5020818926638541], [0.08907407505861917, 0.5101323703460767, 0.23039980644376248, 0.1703937481515416], [0.20051087150968927, 0.32595397056728626, 0.15118290456185884, 0.3223522533611657], [0.04490353782301342, 0.7929378211242242, 0.035745397751197866, 0.1264132433015644], [0.21056778116932534, 0.10889532290252908, 0.08710446499523831, 0.5934324309329071], [0.33029615521764205, 0.006911054589496067, 0.6051940407930643, 0.057598749399797596], [0.11682726939337627, 0.36423901109954343, 0.07799667600803958, 0.4409370434990407], [0.13438193760415926, 0.15124286585780372, 0.3246761283631988, 0.3896990681748384], [0.011753749064588065, 0.10880021245003224, 0.8106662629629368, 0.06877977552244273], [0.032474918671668136, 0.032047665725778746, 0.3337473913803024, 0.6017300242222507], [0.04260813595239396, 0.017518624221829586, 0.9272241619841143, 0.012649077841661728], [0.12787049771248823, 0.017604938176512167, 0.0037899201933372048, 0.8507346439176624], [0.05197767675439085, 0.615868783839431, 0.1697992054980541, 0.16235433390812393], [0.2480802880467788, 0.302063900307214, 0.02280485057955084, 0.4270509610664564], [0.12164409367889766, 0.525250372284304, 0.02736916783891499, 0.32573636619788304], [0.2266913406219444, 0.3463749661077335, 0.0669721437341593, 0.3599615495361626], [0.18375491739354857, 0.6405140862924479, 0.11432585885660654, 0.061405137457396855], [0.05672789809786433, 0.7720992159651636, 0.04727898147571252, 0.12389390446125938], [0.5046745218854253, 0.2838164146953435, 0.03020772974409719, 0.18130133367513396], [0.16487535331269174, 0.3465175091001371, 0.20800823230002222, 0.280598905287149], [0.0073838734420992504, 0.13934797231444768, 0.5514923544889639, 0.3017757997544891], [0.12816631290905917, 0.5224804775108026, 0.16187557394947918, 0.18747763563065883], [0.11507733626430867, 0.317751160554884, 0.26964926769648323, 0.2975222354843239], [0.5931346076857842, 0.07470493833622434, 0.0061637088463921096, 0.3259967451315991], [0.14775382336750675, 0.14706569777807532, 0.17216037762855427, 0.5330201012258635], [0.03818136498631646, 0.2124065134402557, 0.07114396754019482, 0.6782681540332333], [0.5535709615536812, 0.05329029852027278, 0.27715136068963764, 0.1159873792364088], [0.06378569321240872, 0.04997617935089453, 0.04051737504077306, 0.8457207523959238], [0.05044595173265604, 0.09679065397904144, 0.014701707448548243, 0.8380616868397541], [0.140333689888702, 0.15623627446027213, 0.03892298500180124, 0.6645070506492247], [0.03544136414268295, 0.026504630461620476, 0.039318218689726174, 0.8987357867059709], [0.002125435740896261, 0.09621269257367451, 0.47685512942873015, 0.42480674225669895], [0.01955213868405036, 0.5221310052579387, 0.22279675692106043, 0.23552009913695035], [0.24381319972242316, 0.6519071300104886, 0.013297577964619377, 0.09098209230246905], [0.17963947515510817, 0.4618820497586296, 0.060511177572383903, 0.2979672975138781], [0.3417096819832119, 0.26969698073427045, 0.05961512255051877, 0.3289782147319988]]}, "rewritten": {"ids": ["97106000", "97106770", "97108520", "97116401", "98107210", "98107340", "98108520", "98110230", "98110710", "98110810", "98111860", "98112170", "98116500", "98117740", "98119591", "98120010", "98121790", "99107630", "99107660", "99107950", "99108080", "99108520", "99108710", "99109860", "99109910", "99111620", "100108490", "100109000", "100109890", "100111080", "100111270", "100115700", "100116790", "101108121", "101108580", "101109370", "101110200", "101117580", "101119030", "101121640", "102109850", "102110050", "102112030", "102112170", "102117351", "103109021", "103111540", "103113270", "103113610", "103120290", "104111380", "104111711", "104111880", "104111990", "104113240", "104113380", "104114410", "104116800", "104116980", "105110251", "105113620", "105115680", "105115720", "105116090", "105116441", "105117351", "105118230", "105119550", "105120621", "105121370", "106113190", "106115250", "106118520", "106120640", "106121190", "106121220", "107113200", "107114280", "107114621", "107114780", "107115250", "107116501", "107118780", "107120260", "108113480", "108114040", "108114360", "108115070", "108119330", "108120260", "108120280", "108121190", "109113881", "109114220", "109117600", "109119460", "109119591", "109121410", "110113591", "110113931", "110114561", "110115890", "110117500", "110120540", "110120640", "110121170", "110121450", "111115620", "111116040", "111116411", "111116530", "111116750", "111118820", "111119300", "111120190", "111120320", "111120640", "112116880", "112116900", "112117030", "112117210", "112117431", "112117580", "112118530", "112119320", "112119930", "112120540", "112120630", "112120990", "112121351", "113117340", "113117401", "113118231", "113119300", "113119360", "113120260", "113120280", "113120640", "113120830", "113121410", "113121980", "113122180"], "labels": [0, 3, 2, 3, 1, 0, 2, 3, 2, 1, 0, 3, 2, 2, 1, 2, 2, 2, 3, 1, 3, 2, 2, 2, 2, 3, 2, 1, 3, 0, 2, 1, 2, 0, 0, 1, 2, 3, 3, 2, 1, 3, 2, 3, 1, 0, 1, 2, 2, 2, 3, 1, 3, 2, 2, 1, 1, 1, 1, 0, 0, 2, 1, 1, 1, 0, 1, 1, 1, 2, 0, 2, 2, 3, 2, 1, 0, 3, 0, 2, 2, 1, 1, 1, 0, 0, 1, 1, 0, 1, 3, 1, 0, 3, 1, 1, 0, 0, 0, 1, 0, 2, 1, 1, 0, 2, 3, 1, 0, 0, 3, 3, 0, 1, 3, 1, 0, 0, 3, 2, 1, 0, 0, 1, 1, 1, 3, 3, 2, 0, 2, 3, 3, 1, 0, 3, 0, 0, 3, 0, 2, 2], "predicted_labels": [3, 0, 1, 1, 3, 3, 1, 0, 1, 1, 2, 3, 3, 3, 1, 1, 1, 0, 0, 2, 0, 2, 1, 1, 2, 3, 1, 2, 1, 1, 1, 3, 1, 3, 0, 3, 1, 0, 0, 1, 1, 1, 1, 0, 3, 0, 2, 2, 1, 2, 0, 2, 3, 0, 2, 1, 0, 3, 2, 3, 1, 1, 1, 3, 1, 3, 1, 0, 3, 3, 1, 1, 0, 1, 2, 0, 3, 1, 3, 1, 3, 3, 3, 1, 3, 3, 1, 0, 0, 0, 3, 1, 1, 0, 0, 3, 1, 3, 0, 1, 3, 1, 1, 1, 1, 3, 3, 1, 3, 0, 1, 0, 0, 3, 0, 3, 1, 1, 1, 3, 1, 0, 3, 1, 3, 1, 1, 3, 1, 3, 2, 3, 0, 3, 0, 2, 0, 1, 1, 3, 1, 3], "confidence_scores": [[0.021796543724343292, 0.19952662467503854, 0.10591362175553765, 0.6727632098450801], [0.5167268006124877, 0.12899893136929003, 0.33879448782695043, 0.015479780191271962], [0.24687315785289468, 0.5949939063173806, 0.08619937577494151, 0.07193356005478334], [0.12754053734675982, 0.5537022050225068, 0.09022933963863851, 0.228527917992095], [0.08391938657646346, 0.2817932002783625, 0.2515172420945255, 0.3827701710506488], [0.1885266262324084, 0.06808870319863047, 0.12119197800966434, 0.6221926925592969], [0.2032121811668986, 0.7002775848433803, 0.019899888275667483, 0.07661034571405348], [0.5915319076962356, 0.32520756943113155, 0.011759253828665165, 0.07150126904396745], [0.14831736059419467, 0.631957802817299, 0.04723874498420762, 0.17248609160429856], [0.00680613795465591, 0.7817849294572531, 0.18928175038937406, 0.022127182198716712], [0.03342881615701704, 0.04235292293795504, 0.7363763207303442, 0.18784194017468372], [0.30188075920781127, 0.2804310363642039, 0.007431997517959771, 0.41025620691002535], [0.14335754172344478, 0.2233004237092404, 0.05295594312042948, 0.580386091446885], [0.11185137159734099, 0.11906423120877592, 0.08296503876382519, 0.6861193584300579], [0.2982144202329308, 0.3633440030753083, 0.12826473695347027, 0.21017683973829066], [0.3150520249901915, 0.36238463895274203, 0.16784992698561588, 0.1547134090714507], [0.4347709352548589, 0.41191828264084057, 0.0943449249517647, 0.058965857152535675], [0.4399076912941953, 0.028605102091280376, 0.3228307087577778, 0.20865649785674661], [0.28361696165069616, 0.19239429876464104, 0.32868925487168554, 0.1952994847129773], [0.001943522827576977, 0.06528901669277844, 0.6674964931947782, 0.2652709672848663], [0.5158142407235791, 0.1077988901775621, 0.06041350084342674, 0.3159733682554323], [0.054197648591925475, 0.08368101521293655, 0.8473034183849878, 0.01481791781014996], [0.026641250310943485, 0.8918327559222434, 0.025846086398488816, 0.055679907368324365], [0.09377990992084288, 0.6582613987288491, 0.13414700290413023, 0.1138116884461776], [0.02383804635381832, 0.007626763439762231, 0.9639901479699643, 0.004545042236455421], [0.0208900677343929, 0.13574609567210982, 0.05677483181141407, 0.7865890047820833], [0.174655247507354, 0.40466770265543167, 0.08745124172334785, 0.3332258081138665], [0.10917191144172331, 0.25423936596246327, 0.39639932341938755, 0.2401893991764258], [0.23253925774318443, 0.33671418324151403, 0.3069395111731086, 0.12380704784219287], [0.1619482759425727, 0.307486335164101, 0.3258698654479358, 0.20469552344539044], [0.03884611242803472, 0.43937427273995744, 0.4685993525959372, 0.05318026223607071], [0.18191434508954385, 0.27227291424626276, 0.11714328706192705, 0.4286694536022664], [0.41603054462151534, 0.4545945228368634, 0.08435999750367615, 0.04501493503794501], [0.21678620029820975, 0.1346156196004618, 0.06515280465443811, 0.5834453754468899], [0.5367190412062159, 0.009330419300317883, 0.39682517061978456, 0.05712536887368146], [0.050825990899232586, 0.3230123112974455, 0.2967218021192746, 0.32943989568404725], [0.17209817708352657, 0.6837195008122942, 0.12134416166168288, 0.022838160442496366], [0.5659320578467016, 0.13530915598291993, 0.007388293456030138, 0.2913704927143485], [0.404426837412039, 0.2993269662112841, 0.13869821180655842, 0.1575479845701186], [0.06114233674356928, 0.825308526900867, 0.04225700892901305, 0.07129212742655064], [0.0400840866321785, 0.8233319887068686, 0.1004357248084155, 0.036148199852537255], [0.11373500826240039, 0.49207060395634616, 0.0902924520423494, 0.30390193573890417], [0.029892406937994373, 0.6802841780311552, 0.15341857452064966, 0.1364048405102009], [0.5397292802841205, 0.022571807506937297, 0.33614623544236805, 0.10155267676657409], [0.27342656298727785, 0.11976135431851076, 0.01688790269136415, 0.5899241800028473], [0.5338833587860211, 0.18955204909309878, 0.020790091012316773, 0.2557745011085635], [0.052795367287190004, 0.03981831097458321, 0.6898033727040928, 0.217582949034134], [0.07796732678289672, 0.09373401794170028, 0.3979485606554497, 0.43035009461995327], [0.17061586798117206, 0.4167118042979696, 0.24441302303763857, 0.16825930468321973], [0.024321972389910195, 0.0271819364997933, 0.9268143031530524, 0.021681787957244045], [0.44023329514941384, 0.0575255364283863, 0.4221217029909004, 0.08011946543129905], [0.03245768154702359, 0.07976168257723087, 0.760099336729453, 0.1276812991462923], [0.05583036007931743, 0.025455316749221597, 0.13522122674150194, 0.7834930964299591], [0.7632251740659758, 0.13993542829855654, 0.05327670057386623, 0.04356269706160138], [0.04011497822923088, 0.3007217083492634, 0.6157956480974031, 0.04336766532410217], [0.13077746076842411, 0.21279880803275916, 0.34194617301773406, 0.31447755818108253], [0.48289106146736593, 0.12683924018485812, 0.0321710517998308, 0.35809864654794493], [0.10631763896770768, 0.31423920334303823, 0.09513017741528737, 0.4843129802739666], [0.007007643611507617, 0.0898772188682766, 0.5828778854595945, 0.3202372520606212], [0.11478678542052123, 0.17929280047893165, 0.05465275480220986, 0.6512676592983372], [0.13346336460445715, 0.5041371002494507, 0.16254823021542553, 0.1998513049306665], [0.01579915304658327, 0.4666343036792217, 0.30008699197863, 0.21747955129556537], [0.051075868001425495, 0.7179760096350087, 0.08340985550550832, 0.1475382668580575], [0.3569750816616419, 0.14231885992787963, 0.08154528334496126, 0.4191607750655174], [0.4332943424993463, 0.409865428388921, 0.05447557428902015, 0.10236465482271258], [0.22239241525737008, 0.06462298903092746, 0.016446430632351187, 0.6965381650793513], [0.057441112198640516, 0.7421986923364952, 0.0694287566189307, 0.13093143884593378], [0.6703622382747503, 0.14455522061270895, 0.014635498791329825, 0.170447042321211], [0.26514429708681575, 0.05278529826128899, 0.00239186166403415, 0.6796785429878611], [0.04662984655615675, 0.1426496392609587, 0.06341788951804368, 0.7473026246648409], [0.47978653543677346, 0.38257714644894697, 0.014789140596139132, 0.12284717751814062], [0.04005470962233721, 0.5431680721033636, 0.24278927959962718, 0.17398793867467213], [0.317935793743975, 0.31971032073135786, 0.03387853473916264, 0.32847535078550444], [0.043713292788692446, 0.8799950473339947, 0.04664457617806858, 0.029647083699244237], [0.0019579382209255064, 0.01383041487119998, 0.892994106046103, 0.09121754086177153], [0.5386851194078309, 0.08847006500053838, 0.11846766268260242, 0.2543771529090284], [0.27633700542073647, 0.09434503133932312, 0.13660348007062523, 0.49271448316931515], [0.37436497601152446, 0.490536717165775, 0.061121600108705224, 0.0739767067139953], [0.25167263521845723, 0.1073672323938856, 0.03941318870800195, 0.6015469436796554], [0.263979163181883, 0.44745778736023617, 0.1960895374493912, 0.09247351200848956], [0.05322855666233779, 0.33930897549744654, 0.14963020598572183, 0.45783226185449377], [0.4717322061527464, 0.09641576241021857, 0.016644184840532032, 0.4152078465965031], [0.32671834488220847, 0.04423693073035448, 0.0372564384379841, 0.5917882859494531], [0.17145866556557438, 0.7372360766831955, 0.05511944227167614, 0.03618581547955399], [0.11730281620059124, 0.08826975058477149, 0.09314033134890579, 0.7012871018657318], [0.2840751311051812, 0.1197607501388359, 0.18685386496647471, 0.4093102537895082], [0.0733480006367338, 0.4527819374532161, 0.3529561848268488, 0.12091387708320138], [0.2935449807605359, 0.2389725559510106, 0.20764636522089244, 0.25983609806756114], [0.6610614065735012, 0.0896192089836858, 0.06353468593559226, 0.18578469850722118], [0.35639268397782103, 0.2804694718790365, 0.020378805136150376, 0.342759039006992], [0.36104344203735833, 0.1008524184987423, 0.14695640834046902, 0.3911477311234304], [0.053282965373785615, 0.4281738000732558, 0.2196494781045448, 0.29889375644841354], [0.3187692046536683, 0.41718902465344193, 0.038428153289585376, 0.22561361740330418], [0.44227667472265114, 0.05552089657456116, 0.27666210240661987, 0.22554032629616802], [0.7338952725260692, 0.09047013942061993, 0.06421565526975813, 0.11141893278355285], [0.2646689345479994, 0.13469487509049496, 0.05308002015325051, 0.5475561702082552], [0.29845551688902566, 0.36786776778586666, 0.05746814618030444, 0.2762085691448029], [0.044027324061960166, 0.023337300633018525, 0.06122157303555576, 0.8714138022694656], [0.49144804085861826, 0.3198355344394546, 0.008123795284915783, 0.18059262941701135], [0.044218639788651655, 0.9334379971050953, 0.002589532373157183, 0.01975383073309556], [0.27294181881861684, 0.3230228711221759, 0.027943084693455973, 0.3760922253657513], [0.058407662432405, 0.5360099890265176, 0.14754801458044225, 0.2580343339606351], [0.11853569300654211, 0.773842147722997, 0.04040853507395132, 0.06721362419650966], [0.06559121054402348, 0.8409704911422846, 0.06358101954840577, 0.02985727876528601], [0.07811478654901846, 0.5144886186823193, 0.3130137083989298, 0.0943828863697325], [0.0692044554524804, 0.17488998957739524, 0.3313234585923407, 0.424582096377784], [0.1416864210491944, 0.22457725318366892, 0.06384639069297227, 0.5698899350741643], [0.34135015494259857, 0.4527312568383706, 0.024436322619863345, 0.18148226559916766], [0.2616023613774241, 0.2853247585067369, 0.1164169673491453, 0.336655912766694], [0.5559736194437152, 0.04627002568893716, 0.007992447098228784, 0.3897639077691188], [0.04956886998424134, 0.929543849274105, 0.010026700458732917, 0.010860580282920269], [0.6880525092203065, 0.030409291069156963, 0.00971087396596267, 0.27182732574457386], [0.60079704037971, 0.12750895634872536, 0.1023731263469016, 0.169320876924663], [0.07506334399468238, 0.10949533212857501, 0.017451455226734074, 0.7979898686500086], [0.3984396360053152, 0.20439978043445178, 0.02103069583213753, 0.3761298877280954], [0.15039681545790984, 0.1054410322522596, 0.028343500033858042, 0.7158186522559727], [0.24366647973209418, 0.6937337646169591, 0.03552867521561928, 0.027071080435327428], [0.18812720939211558, 0.6754168360819042, 0.06579037374760491, 0.07066558077837491], [0.3327632952765133, 0.4099907958522549, 0.0060193357613383194, 0.2512265731098936], [0.18802515143975096, 0.1758700766293753, 0.04890217117617069, 0.5872026007547029], [0.10297982017285083, 0.5468641892449759, 0.21952906823716117, 0.130626922345012], [0.6544393224525453, 0.04562582692314328, 0.03871144295096694, 0.26122340767334484], [0.08707141844425391, 0.2767924127866081, 0.0864507329249647, 0.5496854358441731], [0.036438685677509394, 0.854649435102388, 0.1029740190717841, 0.005937860148318283], [0.04368362778712069, 0.1928279757796018, 0.30328567334107914, 0.4602027230921983], [0.03671525503529469, 0.5896695888663617, 0.22040600101830793, 0.15320915508003552], [0.26408467828838605, 0.4421873953781309, 0.016525084389699754, 0.2772028419437835], [0.27412864077165794, 0.09694741964176, 0.04773364297172429, 0.5811902966148578], [0.09860383896048207, 0.8487417574801773, 0.013963335125326099, 0.03869106843401469], [0.4492630041356324, 0.08349623659531455, 0.006666731117666023, 0.4605740281513868], [0.033545671273485934, 0.22445141624030845, 0.667363299645647, 0.07463961284055841], [0.17056002969581385, 0.3763778032996684, 0.0677958869486812, 0.38526628005583674], [0.5953021836819798, 0.06902943859075374, 0.10488440801898441, 0.23078396970828202], [0.14444116600955223, 0.019688600833613956, 0.005165894452935808, 0.8307043387038981], [0.4489271687436695, 0.1537103420106886, 0.12572287535512094, 0.27163961389052127], [0.16130961582253725, 0.16829928613969553, 0.4873836483523875, 0.18300744968537994], [0.5469650161930036, 0.029671804399564322, 0.0950753157743525, 0.3282878636330795], [0.12010690497488682, 0.7352547515262742, 0.1024177061660949, 0.04222063733274393], [0.2518208222641353, 0.5300717370800567, 0.07648311991836904, 0.14162432073743908], [0.03930441621962057, 0.02357557340479968, 0.001879800995380085, 0.9352402093801996], [0.03756727793518659, 0.6702783687529551, 0.09676530234237873, 0.1953890509694792], [0.20915789111913513, 0.16740588652170843, 0.05984667692804938, 0.5635895454311071]]}}