{"test": {"ids": ["112118890", "102110890", "105112130", "108120700", "107114490", "102118380", "98116500", "103120340", "110116441", "107118780", "107120130", "99109370", "105113260", "107115250", "108115870", "98116090", "111115770", "108115500", "107113180", "110121500", "105119550", "111121410", "112117571", "98120010", "113122430", "101111140", "102112250", "109114220", "105112100", "105110091", "103113260", "101108950", "100108520", "102110050", "106113170", "109117431", "111118820", "107121700", "104114740", "99108520", "104113190", "101112540", "97105760", "100113370", "108119330", "105115720", "101109120", "110119300", "99107660", "113121220", "100110050", "99107630", "109114270", "101108621", "107121540", "104113000", "108121160", "106114280", "97105580", "110116501", "97112830", "113120070", "106115240", "104119340", "110121170", "113118490", "103113640", "104111711", "112118810", "101116130", "108114360", "97109570", "110113931", "111115620", "109114720", "107113130", "106117770", "103117200", "105113190", "110120700", "110118111", "103109641", "98108150", "101108460", "107113550", "112121430", "102108621", "100111380", "97116800", "104111531", "106113360", "112121360", "107117630", "110114561", "105115570", "99105921", "109114030", "111120220", "113122170", "110114920", "97116500", "106118520", "106119260", "107113840", "101119030", "99110730", "113119480", "105112240", "103113170", "111116110", "100108260", "102111990", "113121810", "106117790", "98108580", "112120540", "112121010", "101108500", "98109311", "98111860", "106116820", "113122230", "102110500", "109121640", "112118161", "113120751", "97106600", "108118301", "106116640", "97107040", "97118210", "105116650", "101110200", "111120531", "111116411", "102112170", "112116900", "105110251", "105118230", "106121220", "111116990", "100117420"], "labels": [3, 0, 1, 2, 3, 1, 2, 1, 3, 1, 2, 1, 3, 2, 3, 0, 3, 3, 3, 3, 1, 0, 3, 2, 2, 2, 0, 3, 1, 0, 3, 2, 2, 3, 0, 1, 0, 3, 2, 2, 3, 2, 0, 3, 0, 1, 1, 1, 3, 3, 3, 2, 3, 0, 2, 1, 2, 3, 1, 3, 2, 2, 1, 1, 2, 1, 1, 1, 3, 2, 1, 0, 1, 1, 0, 1, 0, 0, 3, 2, 1, 1, 0, 0, 0, 2, 3, 3, 0, 0, 0, 3, 0, 0, 0, 1, 1, 3, 1, 3, 2, 2, 1, 3, 3, 3, 3, 1, 3, 3, 3, 2, 2, 1, 0, 3, 2, 3, 1, 0, 1, 1, 3, 0, 0, 1, 3, 1, 3, 2, 2, 1, 2, 0, 0, 3, 3, 0, 1, 1, 0, 2], "predicted_labels": [1, 3, 1, 0, 1, 1, 0, 1, 1, 1, 1, 1, 1, 1, 3, 1, 1, 1, 3, 0, 1, 1, 1, 1, 3, 3, 3, 3, 3, 1, 1, 1, 1, 3, 1, 1, 1, 3, 1, 1, 1, 1, 0, 3, 1, 1, 3, 3, 0, 3, 3, 3, 1, 1, 1, 1, 3, 3, 1, 1, 1, 1, 1, 1, 3, 3, 0, 1, 3, 1, 3, 3, 0, 0, 1, 1, 3, 1, 0, 3, 1, 1, 1, 3, 3, 1, 0, 0, 0, 1, 3, 1, 3, 3, 3, 1, 3, 0, 3, 1, 0, 1, 3, 1, 3, 2, 3, 1, 1, 3, 1, 0, 1, 1, 3, 1, 1, 3, 1, 1, 1, 1, 3, 0, 0, 1, 1, 1, 3, 1, 0, 1, 1, 1, 0, 3, 3, 0, 1, 1, 3, 3], "confidence_scores": [[0.20200200077700087, 0.32979509102009086, 0.18655921855921861, 0.28164368964368985], [0.25610426240426243, 0.24432683982683998, 0.1833594183594184, 0.3162094794094796], [0.2137981462981465, 0.33596291486291485, 0.17082714507714508, 0.2794117937617938], [0.34818628593628576, 0.2697450604950605, 0.1257819402819403, 0.2562867132867134], [0.24280212010212007, 0.3041548063048063, 0.17664977799977793, 0.27639329559329573], [0.2428655622155622, 0.29412289377289375, 0.19476699966699967, 0.2682445443445444], [0.32612840607105303, 0.2460397491397493, 0.1621920123993654, 0.26563983238983246], [0.2239095127095129, 0.27252289377289374, 0.25287895437895425, 0.25068863913863926], [0.24853994893994905, 0.29270473970473976, 0.1693551448551449, 0.28940016650016653], [0.20486208236208248, 0.31592367077367084, 0.1748671550671551, 0.3043470917970918], [0.2828822677322679, 0.29867605172605166, 0.15709991119991135, 0.2613417693417694], [0.24919689754689758, 0.3413318181818181, 0.17068343519225881, 0.2387878490790256], [0.2730303363303364, 0.3084400266400265, 0.1593242590742592, 0.259205377955378], [0.21141099456099466, 0.340405278055278, 0.16815571095571097, 0.28002801642801645], [0.2773247918747919, 0.23989136974136982, 0.1777612332112333, 0.30502260517260527], [0.25016056166056183, 0.31081217116217114, 0.17049083139083138, 0.2685364357864359], [0.30008238265002957, 0.31619175269175276, 0.14879886779886786, 0.2349269968593498], [0.2492877289377292, 0.27495861638361646, 0.2118415528915529, 0.2639121017871016], [0.22572089854589866, 0.28422802475302483, 0.18647730047730054, 0.30357377622377635], [0.29155140415140424, 0.28009659507159507, 0.16626547064047073, 0.26208653013653016], [0.24426484071484084, 0.3185043512043511, 0.17355064935064934, 0.2636801587301588], [0.2554661838161839, 0.29686878121878135, 0.1553792596292597, 0.29228577533577543], [0.20717181707181706, 0.32833737373737387, 0.1550675602175602, 0.309423248973249], [0.22935069375069386, 0.31247055167055166, 0.22093645243645255, 0.23724230214230235], [0.2600429875679876, 0.27020407925407924, 0.16673338328338336, 0.30301954989455], [0.26462026862026855, 0.26021305361305364, 0.1853505994005995, 0.2898160783660783], [0.2712010045510046, 0.22309088134088137, 0.1944404706404709, 0.3112676434676434], [0.2456309967809969, 0.2542565157065157, 0.1938712176712177, 0.30624126984127], [0.26391009268509275, 0.2690595487845487, 0.17582436452436456, 0.2912059940059941], [0.2826610112110112, 0.2980718115218116, 0.14742727272727285, 0.27183990453990464], [0.2022282412032412, 0.3245114441114442, 0.18513930513930518, 0.2881210095460097], [0.19191818540936195, 0.2932287121375357, 0.23216481296481312, 0.28268828948828967], [0.21714656454656467, 0.2673575000163236, 0.25460371099488743, 0.2608922244422246], [0.22519065934065957, 0.2728724275724277, 0.21818660228660233, 0.2837503108003107], [0.261606638622815, 0.32341932234432225, 0.1399540015540016, 0.275020037478861], [0.2513326839826841, 0.3294273892773892, 0.14177800532800536, 0.2774619214119214], [0.29214229104229095, 0.30233515928515914, 0.1556616530528296, 0.2498608966197204], [0.19676024531024533, 0.3043354700854702, 0.16375179820179825, 0.3351524864024862], [0.2141923742923743, 0.29480193140193145, 0.22728856698856711, 0.2637171273171273], [0.2030538739038742, 0.3032120823620822, 0.22623974358974355, 0.2674943001443003], [0.2265830277565572, 0.35840394605394627, 0.17770124875124893, 0.237311777438248], [0.1724870129870131, 0.3553335775335776, 0.20776334221334222, 0.26441606726606726], [0.3307059385059387, 0.26405261960261966, 0.1428575757575758, 0.26238386613386616], [0.2243387445887446, 0.25013011433011445, 0.22715947385947405, 0.2983716672216673], [0.20815940170940167, 0.29274252414252416, 0.2194866744366746, 0.2796113997113998], [0.27489397824397815, 0.284722510822511, 0.19916784326784337, 0.24121566766566785], [0.25535492285492295, 0.2769740148740149, 0.1629577866577867, 0.3047132756132757], [0.2541849536428484, 0.27121835941835937, 0.19105129986972094, 0.28354538706907134], [0.28666332001332, 0.2586160839160839, 0.17952072372072386, 0.27519987234987225], [0.2388911255411257, 0.2949779331779331, 0.16006688311688316, 0.3060640581640583], [0.23759296814296818, 0.2730134107722345, 0.20716817430935097, 0.28222544677544686], [0.2626070679320681, 0.22663719891219888, 0.2228836358086357, 0.2878720973470973], [0.23117542457542473, 0.34998088578088576, 0.12783462093462097, 0.2910090687090688], [0.2874594738594739, 0.29360458430458425, 0.1476159174159174, 0.27132002442002456], [0.19034506604506618, 0.28798845598845607, 0.2348742535242536, 0.2867922244422245], [0.21967975912975915, 0.30721318681318704, 0.18051031746031757, 0.29259673659673663], [0.18977001332001328, 0.2971298090798091, 0.17956310356310365, 0.33353707403707405], [0.28726898101898124, 0.2542768398268399, 0.16501896991897003, 0.2934352092352093], [0.23859278499278508, 0.3412113009797221, 0.19867239310397197, 0.22152352092352093], [0.2656046176046179, 0.30371597291597274, 0.1528501803751806, 0.27782922910422914], [0.23832633477633486, 0.30037864357864363, 0.20101717726717733, 0.2602778443778443], [0.1972111832611833, 0.32507007992007986, 0.21516775724275733, 0.2625509795759796], [0.28229563492063486, 0.29912059504822663, 0.14391075036075046, 0.2746730196703881], [0.21675431659843425, 0.3067464923964924, 0.1860506323741619, 0.29044855863091174], [0.21901280941280948, 0.28162529970029965, 0.17783136585636594, 0.32153052503052476], [0.24969578558696218, 0.2577699994449996, 0.17136673245055598, 0.3211674825174826], [0.36696363636363644, 0.2693304473304473, 0.10636190476190477, 0.25734401154401154], [0.28235057442557443, 0.2861001470751471, 0.16194360916860912, 0.2696056693306693], [0.2616513502837033, 0.23860062878298172, 0.18396300072476546, 0.3157850202085496], [0.2227487873237873, 0.2996707173545408, 0.1978676906426908, 0.2797128046789814], [0.19862628352040124, 0.2818409257409258, 0.21820883528236482, 0.3013239554563086], [0.27095558885558885, 0.2706358641358642, 0.17109507159507167, 0.28731347541347546], [0.28560022477522506, 0.2640374125874125, 0.1673067904317904, 0.2830555722055722], [0.2802368353868354, 0.24387632367632361, 0.19717573341691003, 0.27871110751993117], [0.2028353460265227, 0.3194648832763383, 0.1960332667332668, 0.28166650396387244], [0.21408507603507598, 0.3099388916638917, 0.20699455544455564, 0.26898147685647694], [0.2341511211011211, 0.23104910644910648, 0.24292197802197804, 0.2918777944277945], [0.2559020229770232, 0.37114671439671443, 0.1545685064935065, 0.2183827561327561], [0.30044853479853467, 0.2874886946386947, 0.13396435786435795, 0.27809841269841273], [0.19526443556443568, 0.2976789321789324, 0.18678008658008663, 0.3202765456765458], [0.2669043512043512, 0.3178677489177489, 0.16931278443778458, 0.24591511544011568], [0.2458547841047842, 0.2919724164724165, 0.17029216894216898, 0.2918806304806305], [0.23830840825840846, 0.26504172494172495, 0.23171476138240849, 0.26493510541745857], [0.27474180264180265, 0.25580250860250875, 0.17325874680874687, 0.2961969419469422], [0.2409587468087469, 0.277185703185703, 0.1759375235875237, 0.30591802641802646], [0.23469691974691984, 0.30562458097458095, 0.20431940836940846, 0.2553590909090909], [0.3337589823575119, 0.2619405154786733, 0.11505205350205353, 0.2892484486617615], [0.2921260628260628, 0.28080733710733724, 0.19176242646242644, 0.23530417360417363], [0.34502324342324336, 0.2509208236208238, 0.1605376900876901, 0.2435182428682431], [0.3102279442779443, 0.3146644466644466, 0.13613780108780113, 0.23896980796980807], [0.28893703126938436, 0.2672523487949959, 0.14288245088245088, 0.3009281690531689], [0.25029884559884585, 0.3083746919746921, 0.18465695415695418, 0.25666950826950835], [0.2661895160395162, 0.2633760850260851, 0.17665164280164286, 0.29378275613275623], [0.26212159507159516, 0.28809719724719735, 0.1474929986679987, 0.3022882090132089], [0.1956834498834499, 0.25452470862470866, 0.21728912753912769, 0.3325027139527139], [0.24701212121212135, 0.30383710733710734, 0.19057869352869364, 0.25857207792207815], [0.2862374625374628, 0.2559246253746254, 0.15690596625596628, 0.30093194583194594], [0.3303806582306583, 0.2700704038651408, 0.1383963571516203, 0.2611525807525807], [0.25692684407096167, 0.2553101783837078, 0.19256909756909768, 0.2951938799762328], [0.24519990009990034, 0.3137117993117993, 0.1767012154512154, 0.2643870851370851], [0.284766588966589, 0.2824552503052503, 0.19403872238872236, 0.23873943833943825], [0.22050353535353542, 0.3220931013431013, 0.20894730269730263, 0.2484560606060607], [0.22714506575296053, 0.273082461982462, 0.18145199362041475, 0.3183204786441628], [0.23808832278832287, 0.3433887889887891, 0.16520216450216457, 0.25332072372072373], [0.22805069930069932, 0.23127049062049082, 0.23437301587301596, 0.3063057942057943], [0.19872638472638487, 0.2646406371406371, 0.2769628760128763, 0.25967010212010216], [0.2495202741702742, 0.289375468975469, 0.1698384040795807, 0.2912658527746764], [0.21548834498834507, 0.31761660284160276, 0.20202516927516934, 0.264869882894883], [0.22446974561386326, 0.3164612720612722, 0.20992809380162336, 0.24914088852324162], [0.2405226245976247, 0.263078219003219, 0.19982020202020223, 0.2965789543789541], [0.25416075036075036, 0.31779792984792987, 0.19022927627927638, 0.23781204351204357], [0.29745135142635143, 0.2688913336663337, 0.1733957431457433, 0.2602615717615719], [0.21165563048063057, 0.3083351731601731, 0.2057428793428794, 0.27426631701631704], [0.2496923853923855, 0.2701859640359642, 0.22878392163392167, 0.25133772893772915], [0.19685924075924072, 0.29122729492729493, 0.20808717116217126, 0.3038262931512931], [0.21447563547563553, 0.3557397657897658, 0.17730310245310246, 0.2524814962814964], [0.19272988677988695, 0.3278925657675656, 0.19310243090243084, 0.28627511655011656], [0.2355200799200799, 0.23909155844155855, 0.2616008547008547, 0.26378750693750697], [0.2774532245532247, 0.307057797757798, 0.17002878232878238, 0.2454601953601954], [0.16465150796915498, 0.36897191697191695, 0.21125603285603292, 0.2551205422028952], [0.2352776481688248, 0.2978962402234849, 0.1995927782743573, 0.26723333333333327], [0.25231716061716075, 0.3128136946386948, 0.16337264957264971, 0.27149649517149516], [0.27692627535862835, 0.23297349317349333, 0.16612062218826928, 0.3239796092796092], [0.283201598109493, 0.2639046113243482, 0.19479873094741518, 0.25809505961874385], [0.3164520234667294, 0.250620251970252, 0.1522403540903541, 0.2806873704726646], [0.26373181818181834, 0.3327054612054611, 0.12201525141525145, 0.28154746919746915], [0.22668735986235994, 0.3308822982572982, 0.16671818181818188, 0.27571216006216015], [0.2649983294483296, 0.3134297508047509, 0.12824027361527365, 0.2933316461316461], [0.2699783549783549, 0.26865064935064936, 0.19076613386613397, 0.27060486180486176], [0.24793891663891662, 0.293689615939616, 0.207896486846487, 0.25047498057498074], [0.27762426462426454, 0.2639430291930291, 0.19809746919746923, 0.260335236985237], [0.17753509823509828, 0.3200344322344322, 0.23650114885114895, 0.26592932067932085], [0.17570229770229773, 0.3508553113553114, 0.20451139971139973, 0.2689309912309913], [0.258947428062134, 0.2987944400628612, 0.15076184254342156, 0.29149628933158345], [0.32692530525030516, 0.20809353505971154, 0.14428796954679315, 0.32069319014318987], [0.2795093018093017, 0.2278471417471419, 0.1819609446109446, 0.31068261183261175], [0.2775453907203908, 0.275242984792985, 0.1567414890664891, 0.29047013542013533], [0.30292839382839376, 0.3018390276390276, 0.1365489121989123, 0.2586836663336666], [0.19605651570651586, 0.3309144855144855, 0.21245992895992905, 0.26056906981907], [0.20789139063550813, 0.30691849261849263, 0.19970745333098275, 0.28548266341501627], [0.2326424741924741, 0.2612677489177492, 0.1528907148407149, 0.35319906204906193], [0.23589968364968383, 0.2777241674991676, 0.2022496558996561, 0.28412649295149306]]}, "rewritten": {"ids": ["97105580", "97105760", "97106600", "97107040", "97109570", "97112830", "97116500", "97116800", "97118210", "98108150", "98108580", "98109311", "98111860", "98116090", "98116500", "98120010", "99105921", "99107630", "99107660", "99108520", "99109370", "99110730", "100108260", "100108520", "100110050", "100111380", "100113370", "100117420", "101108460", "101108500", "101108621", "101108950", "101109120", "101110200", "101111140", "101112540", "101116130", "101119030", "102108621", "102110050", "102110500", "102110890", "102111990", "102112170", "102112250", "102118380", "103109641", "103113170", "103113260", "103113640", "103117200", "103120340", "104111531", "104111711", "104113000", "104113190", "104114740", "104119340", "105110091", "105110251", "105112100", "105112130", "105112240", "105113190", "105113260", "105115570", "105115720", "105116650", "105118230", "105119550", "106113170", "106113360", "106114280", "106115240", "106116640", "106116820", "106117770", "106117790", "106118520", "106119260", "106121220", "107113130", "107113180", "107113550", "107113840", "107114490", "107115250", "107117630", "107118780", "107120130", "107121540", "107121700", "108114360", "108115500", "108115870", "108118301", "108119330", "108120700", "108121160", "109114030", "109114220", "109114270", "109114720", "109117431", "109121640", "110113931", "110114561", "110114920", "110116441", "110116501", "110118111", "110119300", "110120700", "110121170", "110121500", "111115620", "111115770", "111116110", "111116411", "111116990", "111118820", "111120220", "111120531", "111121410", "112116900", "112117571", "112118161", "112118810", "112118890", "112120540", "112121010", "112121360", "112121430", "113118490", "113119480", "113120070", "113120751", "113121220", "113121810", "113122170", "113122230", "113122430"], "labels": [1, 0, 3, 2, 0, 2, 2, 0, 2, 0, 0, 1, 0, 0, 2, 2, 1, 2, 3, 2, 1, 3, 3, 2, 3, 3, 3, 2, 0, 3, 0, 2, 1, 2, 2, 2, 2, 3, 3, 3, 3, 0, 2, 3, 0, 1, 1, 3, 3, 1, 0, 1, 0, 1, 1, 3, 2, 1, 0, 0, 1, 1, 1, 3, 3, 0, 1, 1, 1, 1, 0, 0, 3, 1, 3, 1, 0, 1, 2, 1, 1, 1, 3, 0, 3, 3, 2, 0, 1, 2, 2, 3, 1, 3, 3, 1, 0, 2, 2, 1, 3, 3, 0, 1, 0, 1, 0, 3, 3, 3, 1, 1, 2, 2, 3, 1, 3, 3, 0, 0, 0, 3, 0, 0, 3, 3, 0, 3, 3, 3, 2, 3, 2, 1, 3, 2, 1, 3, 2, 1, 1, 2], "predicted_labels": [1, 1, 1, 1, 3, 1, 1, 0, 1, 1, 1, 0, 1, 1, 0, 1, 1, 0, 0, 1, 1, 1, 1, 1, 1, 1, 3, 1, 0, 3, 0, 1, 0, 3, 3, 1, 3, 3, 1, 1, 3, 3, 0, 3, 3, 1, 1, 1, 1, 0, 1, 1, 1, 3, 1, 1, 1, 1, 3, 0, 3, 1, 1, 0, 3, 3, 1, 1, 1, 1, 1, 0, 3, 0, 3, 1, 2, 1, 1, 3, 1, 3, 1, 1, 1, 1, 1, 3, 3, 3, 1, 3, 3, 3, 3, 1, 3, 0, 1, 1, 3, 1, 1, 1, 0, 0, 1, 1, 1, 1, 0, 1, 3, 3, 1, 0, 1, 3, 0, 0, 1, 0, 1, 1, 0, 3, 0, 3, 1, 1, 1, 1, 1, 3, 1, 1, 0, 3, 1, 1, 3, 3], "confidence_scores": [[0.23923603618603625, 0.3479853880038089, 0.193249477131056, 0.2195290986790987], [0.25423368853368866, 0.31154154631917796, 0.16027392052392053, 0.273950844623213], [0.21637060994561005, 0.3412868881118881, 0.16201136086136095, 0.28033114108114104], [0.2276782772782772, 0.31773735382264817, 0.19215394572747527, 0.2624304231715999], [0.2709616272616273, 0.23894908424908445, 0.1809622322122322, 0.3091270562770563], [0.23782287157287166, 0.28382619047619045, 0.19862749472749477, 0.27972344322344317], [0.26965843600843603, 0.2916009934509934, 0.17521592296592292, 0.2635246475746476], [0.2831270562770563, 0.2624532079032081, 0.1928588411588413, 0.26156089466089477], [0.25569761153878795, 0.2807230824730825, 0.2043945962534199, 0.25918470973470975], [0.250630774780775, 0.27347101787101785, 0.22977720057720052, 0.246121006771007], [0.21260026640026639, 0.3265357975357974, 0.18235907703407717, 0.2785048590298592], [0.28622655677655684, 0.2821408091908095, 0.15733852813852817, 0.2742941058941058], [0.1905134920634922, 0.3265881951381953, 0.19320294705294716, 0.28969536574536586], [0.2501201809628281, 0.3155366661116661, 0.18163721441956737, 0.2527059385059385], [0.3010766911193381, 0.2628207792207793, 0.15922296478031778, 0.27687956487956505], [0.22871147186147195, 0.3150650349650349, 0.20492174492174495, 0.2513017482517484], [0.25276505716505737, 0.34228626373626353, 0.1687858086358086, 0.2361628704628706], [0.3029322150072151, 0.20763892496392525, 0.1871160672660674, 0.3023127927627928], [0.32295692640692625, 0.22978732378732394, 0.1543618381618382, 0.2928939116439117], [0.21190707070707096, 0.28834629259629263, 0.23375980685980688, 0.26598682983682986], [0.24979797424797429, 0.3196886466474702, 0.1852158452658453, 0.24529753383871034], [0.21029452769452778, 0.2804341325341325, 0.24898664113664126, 0.2602846986346988], [0.26786226551226555, 0.3177732545232546, 0.17787285492285493, 0.23649162504162513], [0.2525831945831947, 0.28644797424797436, 0.2152573815073815, 0.24571144966144967], [0.1746360972360973, 0.30570482850482866, 0.2321555833055833, 0.28750349095349076], [0.283256420213773, 0.2854528784940549, 0.1922383061383061, 0.23905239515386592], [0.2501455377955378, 0.2474317460317461, 0.22057090132090143, 0.2818518148518149], [0.25859819069819084, 0.2792937062937063, 0.18529782717282725, 0.27681027583527595], [0.32035014430014447, 0.23634713064713062, 0.14191728826728833, 0.3013854367854367], [0.21931284271284274, 0.23991931401931404, 0.25478752913752917, 0.2859803141303141], [0.29404322621822615, 0.2883970501720503, 0.1551913752913754, 0.2623683483183485], [0.18598555888555895, 0.292543801812223, 0.2446970406786198, 0.27677359862359896], [0.31998044178044155, 0.2800059107559107, 0.15411815406815418, 0.24589549339549352], [0.20952577422577429, 0.29021557886557897, 0.19596405816405818, 0.30429458874458876], [0.2763870074370074, 0.2763215201465202, 0.16739899544899559, 0.27989247696747716], [0.20562645687645684, 0.3023400377400378, 0.2101996392496393, 0.28183386613386624], [0.2371139554889555, 0.26968279775779774, 0.17889816017316032, 0.3143050865800866], [0.2283805638805639, 0.2415231879231881, 0.2303752525252526, 0.29972099567099575], [0.2599534090092915, 0.3096194599518129, 0.15843481224657702, 0.2719923187923189], [0.2601142496392498, 0.3048009296259297, 0.1880921273171274, 0.2469926934176935], [0.27210768284003595, 0.2370151165827637, 0.16339656454656457, 0.32748063603063604], [0.2712483500159969, 0.23800305609423267, 0.1662262681762682, 0.3245223257135022], [0.28573920801420793, 0.2792255633255634, 0.18719024031524045, 0.24784498834498833], [0.28665205627705626, 0.21307043512043522, 0.18761595904095912, 0.3126615495615494], [0.2771430513930515, 0.24473956043956044, 0.17998645798645813, 0.2981309301809301], [0.23174810189810205, 0.30434802974802977, 0.20263491508491513, 0.2612689532689534], [0.2550664946164947, 0.2956321067821066, 0.16551184926184934, 0.2837895493395493], [0.2180277222777223, 0.30819282384282376, 0.2104234543234544, 0.2633559995559997], [0.25429964202464206, 0.2938426371014607, 0.20479622877122874, 0.24706149210266865], [0.3649797852474322, 0.2366588744588746, 0.10341552499787797, 0.29494581529581526], [0.22741797924297946, 0.36997888222888214, 0.17377297979797987, 0.2288301587301587], [0.23374236874236892, 0.2760079975579976, 0.2245627705627705, 0.26568686313686346], [0.31037206404706397, 0.31466938894438895, 0.12982697857697856, 0.2451315684315685], [0.25798328338328347, 0.26303906648906633, 0.13838227328227334, 0.34059537684537694], [0.23215364080364082, 0.30775492285492306, 0.18767575757575766, 0.2724156787656789], [0.202007915940269, 0.3350770487682253, 0.19126255966255973, 0.27165247562894634], [0.2333645021645022, 0.31991284826284827, 0.21084480519480528, 0.23587784437784445], [0.19807656657068434, 0.32454463869463873, 0.18409619791972737, 0.2932825968149498], [0.26262964812964823, 0.2626971694971697, 0.1987801753801754, 0.27589300699300706], [0.3687668470418469, 0.2603039960039961, 0.13043083028083033, 0.24049832667332682], [0.30102935952935955, 0.2224415417915419, 0.15572224997225004, 0.3208068487068484], [0.24577499885735185, 0.33486812990930637, 0.17109264624264622, 0.24826422499069578], [0.19661542346542354, 0.30343998501498515, 0.21322107892107897, 0.28672351259851253], [0.3075183094683095, 0.2615512987012987, 0.12725256965256967, 0.3036778221778223], [0.2720024253524254, 0.2637593850593853, 0.18031534576534583, 0.28392284382284394], [0.2148292540792542, 0.2524640526140527, 0.21410417915417929, 0.3186025141525143], [0.2603958041958042, 0.29439285159285167, 0.1898675324675324, 0.2553438117438118], [0.2319989787989789, 0.2914105394605395, 0.2159960428460429, 0.26059443889443895], [0.203860055304173, 0.3083907977643274, 0.23060370185370205, 0.2571454450777982], [0.24190174547674548, 0.3068315878565878, 0.1755496392496393, 0.27571702741702747], [0.2564581371243136, 0.3157627844377844, 0.12753373848373853, 0.3002453399541635], [0.2859642801642802, 0.2855061458149693, 0.16090068820068826, 0.2676288858200624], [0.2685025985452459, 0.2762203352203352, 0.16325197743433045, 0.2920250888000888], [0.31677549672549676, 0.29662812187812193, 0.1442777611277612, 0.2423186202686204], [0.24687859362859377, 0.2794177949501479, 0.18055455492220202, 0.2931490564990566], [0.23816718640836296, 0.3078648093736328, 0.20036641691641693, 0.25360158730158744], [0.24384209124209122, 0.2420706460206461, 0.2578886946386947, 0.2561985680985682], [0.21192170607170613, 0.30615250305250313, 0.20948814518814532, 0.2724376456876458], [0.2178161033411035, 0.30323986013985993, 0.2190522255522255, 0.25989181096681113], [0.24751769896769904, 0.26547474747474764, 0.1771495171495172, 0.3098580364080364], [0.2288590556502321, 0.28101154401154405, 0.2211177897266134, 0.2690116106116106], [0.20620333000333005, 0.29871605894105896, 0.18987659007659016, 0.30520402097902105], [0.20268837828837838, 0.3059369463869464, 0.21248017538017527, 0.27889449994449994], [0.2656241647241647, 0.29693630258630244, 0.17565542235542247, 0.2617841103341103], [0.2348098568098569, 0.3199233544233544, 0.1757693861693862, 0.2694974025974027], [0.2365203352203352, 0.3202138583638585, 0.19597510822510827, 0.2472906981906983], [0.18906505439005444, 0.3231596958596959, 0.18154985292485298, 0.30622539682539685], [0.28164986402486397, 0.24244062049062065, 0.16942113997114006, 0.3064883755133756], [0.22787259962259973, 0.28540624016506383, 0.18027787571905224, 0.3064432844932845], [0.2737053002553004, 0.2754029748029749, 0.1753505994005994, 0.27554112554112553], [0.22286264846264844, 0.30984718614718604, 0.21107700632700643, 0.25621315906315906], [0.20962219447219455, 0.26276642246642257, 0.2332717060717061, 0.29433967698967706], [0.23565780885780893, 0.2800082695082695, 0.16840431790431795, 0.3159296037296035], [0.23298918303918298, 0.24554305971805976, 0.24573377455877476, 0.2757339826839827], [0.2812737318237319, 0.2480279775779777, 0.16590334110334115, 0.30479494949494945], [0.27005904095904093, 0.29906123321123335, 0.14107885447885452, 0.2898008713508713], [0.2361432400932401, 0.2729766511266513, 0.2177029304029306, 0.27317717837717825], [0.3551312409812409, 0.25414976134976136, 0.11340997890997896, 0.27730901875901887], [0.21923807303807308, 0.3171580086580089, 0.17252243867243874, 0.29108147963147957], [0.24441575091575093, 0.29694242097771506, 0.16936227628580572, 0.2892795518207283], [0.2526891441891444, 0.2349596403596405, 0.18963926628926633, 0.3227119491619491], [0.2937672446834213, 0.3059904650904648, 0.13926888307770666, 0.2609734071484072], [0.22533147130647135, 0.3500513892540207, 0.18472748917748918, 0.23988965026201875], [0.23573331113331117, 0.33349526307026306, 0.15591776001775998, 0.27485366577866577], [0.36399043179043183, 0.23387563547563558, 0.17001619769119777, 0.2321177350427352], [0.312265664890665, 0.24765119325119317, 0.1643472666222666, 0.2757358752358753], [0.243463864240335, 0.3031240680887739, 0.1739543484293485, 0.279457719241543], [0.2493378343878345, 0.2956526973026974, 0.18361271506271515, 0.27139675324675344], [0.2163405261405263, 0.3170336385836387, 0.18624326784326797, 0.28038256743256745], [0.2532339105339107, 0.3165264069264069, 0.14954471084471097, 0.2806949716949716], [0.3378001443001443, 0.2845670995670997, 0.1162267676767677, 0.26140598845598856], [0.2525313017391965, 0.2991893883893886, 0.17459683766525874, 0.27368247220615644], [0.22424755799755805, 0.2693593018093019, 0.20163874458874465, 0.3047543956043957], [0.2621645382395382, 0.2642541847041847, 0.19118849206349223, 0.2823927849927851], [0.23736878954378957, 0.3074952297702298, 0.1922090187590188, 0.2629269619269621], [0.2884059829059829, 0.22647205572205564, 0.1983763236763238, 0.2867456376956379], [0.2545615090791562, 0.3281889832389832, 0.14416046176046177, 0.27308904592139904], [0.24811452991453, 0.24759959484959493, 0.1941897852147853, 0.31009609002108973], [0.3283486874236873, 0.20117071343688997, 0.15207130288012644, 0.31840929625929604], [0.2797621156621157, 0.2694155344655346, 0.1770130591630593, 0.2738092907092907], [0.2812754777901837, 0.289089129824424, 0.15192994750347694, 0.2777054448819157], [0.32610009043244337, 0.2747022144522146, 0.1567700926524456, 0.24242760246289663], [0.2704192950840011, 0.31674893556735656, 0.14435791868949766, 0.26847385065914475], [0.24728325334795934, 0.29140671909789556, 0.1701353277441513, 0.291174699809994], [0.31340387945387954, 0.28395885225885226, 0.14935749805749818, 0.2532797702297704], [0.22727357642357648, 0.28639876234876255, 0.16414370629370628, 0.32218395493395496], [0.31950081585081597, 0.29382894327894316, 0.13964703074703083, 0.24702321012321019], [0.2558673437673439, 0.24390805860805884, 0.19388552558552558, 0.30633907203907207], [0.243495376845377, 0.30500235320235314, 0.183608436008436, 0.26789383394383387], [0.22701782106782115, 0.3239730880230881, 0.15859155844155853, 0.29041753246753244], [0.22483856698856702, 0.3252889582639581, 0.20101801531801528, 0.24885445942945944], [0.2792207070707072, 0.29127968697968704, 0.15851174381174382, 0.2709878621378621], [0.22346865356865356, 0.30723117438117414, 0.20678096348096353, 0.2625192085692087], [0.26575732404850055, 0.24841100843600855, 0.1513782431620667, 0.33445342435342446], [0.2548815406815408, 0.2951074647574647, 0.17645017760017764, 0.2735608169608169], [0.2156974664224664, 0.34609919802419786, 0.16841762681762698, 0.2697857087357089], [0.346544078144078, 0.3001960123210123, 0.12721839826839831, 0.22604151126651142], [0.24395276259688026, 0.27477121489621487, 0.17224789067142018, 0.3090281318354849], [0.2372761793761795, 0.29434992784992786, 0.17482519702519708, 0.29354869574869563], [0.23799464146964153, 0.28538438228438223, 0.21285054667554681, 0.2637704295704298], [0.2406295609619141, 0.2982907572819338, 0.15336591186591192, 0.3077137698902406], [0.2538742229992231, 0.27825532800532815, 0.16746746031746038, 0.30040298867798876]]}}