{"test": {"ids": ["113122650", "100108520", "109118161", "106114321", "105112100", "99114890", "109118231", "112118701", "111116290", "110118301", "105113260", "108114180", "110121170", "104113380", "110119030", "105116860", "113119320", "110115120", "110120190", "113122190", "99107560", "108115250", "104116441", "107121640", "110114651", "111119250", "112119610", "113120640", "102109850", "113118490", "97107821", "99109910", "110114321", "105118171", "110113591", "97105760", "105113330", "105121370", "103109021", "99112300", "104112470", "109117080", "106114011", "108115500", "106118820", "108113480", "111116411", "103111170", "112119950", "113120780", "108116481", "109116441", "111118301", "113120830", "98108410", "98107380", "97112170", "107120880", "107121540", "111118820", "99117740", "111119290", "102109910", "112118620", "105112260", "104113170", "110115250", "112116401", "110118930", "101116130", "112120670", "108115970", "108121410", "101109120", "101111310", "113121810", "102114270", "113117550", "107120010", "107113200", "98109090", "113121980", "109119460", "101112540", "106114880", "105113440", "107114140", "102116500", "97108520", "109121640", "111119580", "111121190", "100120780", "110116501", "99120010", "107118120", "107117630", "107114110", "99108330", "109118701", "98108370", "109120150", "107116980", "98107010", "108118301", "111115780", "100111270", "113119120", "112117790", "100116790", "112118820", "103117461", "112120700", "112118421", "104113190", "111120531", "98110710", "111121351", "112118880", "109113931", "108120700", "108120260", "108116501", "101108580", "105112130", "101108080", "104111780", "98111231", "110115710", "108121160", "106121190", "106118161", "104114410", "104117200", "102113210", "102113350", "108121190", "99107950", "105113620", "111121410", "111120540", "100113210"], "labels": [2, 2, 0, 2, 1, 2, 1, 0, 2, 1, 3, 1, 2, 1, 0, 2, 1, 0, 3, 1, 1, 1, 1, 1, 3, 1, 0, 0, 1, 1, 2, 2, 1, 3, 0, 0, 3, 2, 0, 0, 1, 1, 1, 3, 3, 0, 0, 2, 0, 0, 0, 3, 3, 3, 1, 1, 0, 1, 2, 0, 2, 3, 2, 3, 3, 3, 1, 0, 1, 2, 2, 2, 0, 1, 3, 2, 3, 3, 1, 0, 1, 2, 1, 2, 0, 0, 2, 1, 2, 0, 3, 1, 1, 3, 2, 3, 0, 1, 1, 3, 1, 2, 3, 3, 1, 1, 2, 3, 3, 2, 0, 0, 2, 3, 3, 0, 2, 0, 1, 1, 2, 1, 0, 0, 1, 0, 3, 1, 2, 2, 2, 3, 1, 3, 3, 3, 1, 1, 0, 0, 1, 0], "predicted_labels": [1, 3, 3, 0, 3, 3, 1, 3, 3, 3, 3, 3, 3, 3, 3, 3, 1, 3, 3, 3, 1, 3, 1, 1, 3, 3, 3, 0, 3, 3, 0, 1, 3, 1, 0, 0, 3, 1, 1, 3, 3, 1, 3, 3, 3, 3, 0, 0, 3, 3, 3, 3, 3, 3, 1, 3, 0, 3, 3, 3, 0, 3, 3, 3, 1, 3, 3, 0, 1, 3, 3, 3, 1, 3, 3, 1, 3, 3, 3, 1, 3, 1, 1, 3, 1, 1, 1, 3, 3, 0, 0, 3, 3, 0, 3, 1, 3, 3, 1, 3, 3, 3, 3, 0, 1, 3, 3, 0, 3, 3, 1, 0, 3, 0, 1, 1, 1, 0, 3, 3, 0, 3, 3, 0, 3, 3, 1, 0, 3, 1, 3, 3, 1, 1, 3, 3, 1, 1, 1, 1, 3, 3], "confidence_scores": [[0.22749800950683308, 0.2891130128041893, 0.2039334221334221, 0.2794555555555556], [0.22382086524586547, 0.2236775696525699, 0.25329271006771015, 0.2992088550338551], [0.2777824453324453, 0.24069794094794106, 0.197862925962926, 0.28365668775668795], [0.30215608835608837, 0.280202059052059, 0.15667315462315465, 0.260968697968698], [0.22661603046076742, 0.23208523143523152, 0.1711228216228216, 0.3701759164811796], [0.19170403485403495, 0.30253944388944387, 0.1956506743256744, 0.3101058469308471], [0.28471444862327216, 0.3333567138743608, 0.12326998001998005, 0.25865885748238704], [0.28874237984237994, 0.2813811688311689, 0.11596154401154406, 0.31391490731490745], [0.21517884892884898, 0.2483060883560884, 0.19564544899544903, 0.34086961371961355], [0.3190028221778223, 0.22236775724275734, 0.13096555666555668, 0.327663863913864], [0.25278823953823976, 0.2636214785214786, 0.19025061605061613, 0.29333966588966576], [0.21762127872127876, 0.29728391608391597, 0.16244133089133103, 0.32265347430347413], [0.22524153069153074, 0.28791521811521814, 0.13608588078588085, 0.3507573704073704], [0.21815555000555004, 0.27156031191031194, 0.1728660395160396, 0.3374180985680983], [0.190482215007215, 0.2729449578199578, 0.1983522644022645, 0.33822056277056256], [0.23267293262293273, 0.2808821761571762, 0.19895743896626256, 0.28748745225362893], [0.2691443861693862, 0.3449709207459207, 0.1433292096792096, 0.2425554834054836], [0.23278089133089147, 0.2741333361083361, 0.18051866466866473, 0.31256710789210806], [0.21695367410367425, 0.3129897158397157, 0.1286543234543235, 0.34140228660228666], [0.2494288877788878, 0.2768635198135198, 0.15434268509268514, 0.3193649073149072], [0.22465728160728168, 0.3182002192252192, 0.16255584138084136, 0.2945866577866576], [0.23681119436119452, 0.2537413364413364, 0.17157933732933742, 0.3378681318681318], [0.2397246198246199, 0.3659480780657251, 0.12702705627705635, 0.2673002458325987], [0.2312960346842701, 0.28352814407814403, 0.20612911467617365, 0.27904670656141256], [0.31451623376623367, 0.23782606837606846, 0.13050659340659346, 0.3171511044511043], [0.23234014041514042, 0.2658114552114552, 0.1944493367743368, 0.3073990675990675], [0.17973894438894442, 0.30934155958420667, 0.18382684260184273, 0.32709265342500654], [0.3265032856032855, 0.24834574314574331, 0.13722619602619607, 0.2879247752247752], [0.22085635638870948, 0.21857887112887128, 0.26212225388990096, 0.2984425185925189], [0.23449113941613955, 0.22844563769563778, 0.179252097902098, 0.3578111249861248], [0.30814044289044296, 0.2523738261738261, 0.19163130203130205, 0.24785442890442916], [0.23947388167388178, 0.3022464146964148, 0.18411370851370845, 0.27416599511599515], [0.260484915084915, 0.2595946997446999, 0.15445134310134317, 0.3254690420690422], [0.260295301920302, 0.30892330447330446, 0.16902904872904886, 0.26175234487734506], [0.33023140193140194, 0.26962711732711725, 0.09924338439338443, 0.3008980963480964], [0.3156292318792321, 0.24581975246975257, 0.13812002997003, 0.3004309856809858], [0.24590965733612793, 0.26927585551703215, 0.15087393325628629, 0.3339405538905538], [0.18545056332556348, 0.3283133477633478, 0.1990591880341881, 0.287176900876901], [0.2785577811077812, 0.28162391823862415, 0.15855329115329125, 0.2812650095003038], [0.23522760572760582, 0.2761066766566769, 0.16684874569874575, 0.321816971916972], [0.24745160395160398, 0.2836447108447109, 0.15592924575424574, 0.31297443944943953], [0.2189812631812632, 0.33499834054834043, 0.14732736315971615, 0.29869303311068024], [0.2715645687645688, 0.2759242424242424, 0.15753509823509837, 0.29497609057609075], [0.2760083325171559, 0.2725809948221714, 0.16409377289377303, 0.2873168997668998], [0.23921343933843947, 0.2706767760017759, 0.17052075147075155, 0.3195890331890332], [0.21081007326007328, 0.29165783105783094, 0.1865498878572408, 0.3109822078248548], [0.3283377983127983, 0.2174469946719947, 0.13707577977577978, 0.31713942723942745], [0.29758865301365295, 0.2553616161616161, 0.16648923298923304, 0.2805604978354981], [0.3033485597735599, 0.2012579143079143, 0.14579110889110902, 0.349602417027417], [0.22562592374945334, 0.29978840962958614, 0.1295987998929176, 0.3449868667280431], [0.30372742433005584, 0.25424877344877345, 0.11468185703185706, 0.3273419451893137], [0.2919464721552957, 0.2642065212565214, 0.10994358974358977, 0.3339034168445933], [0.2639478354978356, 0.2954065379065379, 0.13888433037550688, 0.3017612962201197], [0.23418189033189055, 0.28450101010101003, 0.17729884559884562, 0.30401825396825405], [0.22332857159180688, 0.28302425352425337, 0.23372048719254612, 0.2599266876913936], [0.291182314907315, 0.21559710844710855, 0.1794649766899768, 0.3137555999556001], [0.33228245365745374, 0.23875556285819458, 0.15139576812076816, 0.27756621536358395], [0.1772970057720059, 0.29252745032745026, 0.18276492951492954, 0.34741061438561444], [0.2245131701631703, 0.2603051781551781, 0.19937672327672343, 0.3158049284049287], [0.2849743700743703, 0.26772587967587963, 0.12438431013431017, 0.32291544011543993], [0.30992621822621824, 0.23360764790764796, 0.17682151737151747, 0.2796446164946167], [0.227099666999667, 0.3012741036741037, 0.133633621933622, 0.3379926073926073], [0.2591534937284937, 0.27030481462981465, 0.17144850149850155, 0.2990931901431902], [0.24816116661116666, 0.2939816738816739, 0.14844482739482745, 0.30941233211233204], [0.18356163003663004, 0.3692575053601368, 0.17238432400932405, 0.27479654059390907], [0.2535888833388834, 0.26928752913752907, 0.17980024975024977, 0.2973233377733379], [0.22852767232767235, 0.27268489843489846, 0.16831242646242647, 0.33047500277500275], [0.3423443576890947, 0.24734065379065387, 0.09262447552447554, 0.3176905129957761], [0.24634152432534806, 0.28567884419502076, 0.19582844932844934, 0.2721511821511822], [0.20761280663780673, 0.29092624875124884, 0.18999381729381729, 0.3114671273171275], [0.22762078672961036, 0.2817282142693906, 0.16826374181374193, 0.32238725718725697], [0.2025619658119658, 0.2694595404595405, 0.18484780774780774, 0.3431306859806859], [0.24088887562386035, 0.2992399683649684, 0.17524030630532172, 0.28463084970584995], [0.2535682872682874, 0.2767278943278943, 0.17362544122544127, 0.29607837717837726], [0.2103759601509602, 0.27272505272505293, 0.24084215506715514, 0.27605683205683207], [0.2089696969696971, 0.3062275391275392, 0.20917462537462544, 0.27562813852813856], [0.20219278499278512, 0.29656753246753265, 0.19631053391053394, 0.3049291486291487], [0.22251279656016512, 0.27746647416910575, 0.18314785769785766, 0.3168728715728717], [0.22878284770784785, 0.2583739427239429, 0.2030971306471307, 0.3097460789210789], [0.24553872238872254, 0.3298118104118104, 0.12249817682317696, 0.30215129037629024], [0.28442588245088235, 0.23238982683982695, 0.1699844100344101, 0.31319988067488064], [0.2943304334554334, 0.34582310087573237, 0.12677401764901763, 0.2330724480198163], [0.23963068043068048, 0.2957449605949608, 0.18274232434232454, 0.2818820346320347], [0.21459281470163818, 0.3061403743315509, 0.15099929514929525, 0.3282675158175157], [0.22076736988501694, 0.2943631571043337, 0.20315429570429577, 0.2817151773063538], [0.2245700743700745, 0.3163964923964924, 0.17593077478077487, 0.2831026584526585], [0.22449108669108667, 0.282325185925186, 0.21253557553557553, 0.280648151848152], [0.22984282661782657, 0.26968944111444115, 0.18648454323454328, 0.3139831890331888], [0.23564032079032102, 0.2739588392000157, 0.2114456376956378, 0.27895520231402593], [0.3003734227760544, 0.23048499278499293, 0.17960123393977886, 0.28954035049917404], [0.30431615606615603, 0.268205944055944, 0.14991704961704963, 0.27756085026085014], [0.25885235875235885, 0.2672566322566324, 0.16862155622155617, 0.3052694527694527], [0.21782128427128428, 0.26845519480519486, 0.1908074314574316, 0.32291608946608935], [0.31373703518703494, 0.28347437007437004, 0.1292826312576313, 0.2735059634809635], [0.26294153787389085, 0.25499290546055253, 0.1935813686313687, 0.2884841880341882], [0.27780952380952384, 0.29849415584415584, 0.1346640692640693, 0.289032251082251], [0.2894690476190476, 0.22118023643023654, 0.15177505272505282, 0.33757566322566324], [0.2837268251356487, 0.24516410060527713, 0.1627337051837053, 0.30837536907536894], [0.2277253266341502, 0.3054990600902369, 0.17209877344877356, 0.29467683982683984], [0.23185833365980424, 0.2878544302103126, 0.1510157056995292, 0.3292715304303539], [0.18791678876678874, 0.25708533688533675, 0.2361503385503386, 0.3188475357975359], [0.2460453502379975, 0.2599028055278057, 0.20516368680339284, 0.2888881574308046], [0.26980444000444015, 0.28092323787323786, 0.10916448159683456, 0.3401078405254878], [0.2918749278499277, 0.25769397824397827, 0.17631730687613043, 0.27411378702996364], [0.29667665112665126, 0.3061387762564233, 0.11239230214230216, 0.28479227047462335], [0.19856896991897, 0.2659100732600733, 0.22933487819370166, 0.3061860786272551], [0.18714669774669795, 0.28808720168720175, 0.22326883116883123, 0.30149726939726945], [0.2938234229822465, 0.2881252672164437, 0.1312679098679099, 0.28678339993339996], [0.25611345843698796, 0.240830538905539, 0.15501582616729684, 0.34804017649017654], [0.18423012265512273, 0.27669010156510165, 0.21782316017316017, 0.3212566156066156], [0.26152422577422596, 0.28185629093129083, 0.18053086080586095, 0.27608862248862254], [0.3153460261960262, 0.2832794733044735, 0.10262575202575207, 0.29874874847374866], [0.17307840492840498, 0.31353281893545054, 0.17487165612165614, 0.33851712001448847], [0.3039998556998558, 0.28047217782217776, 0.1333808302808303, 0.2821471361971362], [0.24138003663003674, 0.31841661671661636, 0.17872067932067925, 0.26148266733266734], [0.25429218200100545, 0.3183015992177757, 0.13078631368631377, 0.29661990509490493], [0.20988340548340553, 0.2792551087801086, 0.238480062421239, 0.2723814233152469], [0.29593979353979344, 0.27517535079299776, 0.15823516483516495, 0.27064969083204393], [0.2486243367743368, 0.2974979575979575, 0.1514498057498057, 0.3024278998779001], [0.23615349927849938, 0.26509476911976926, 0.17489470888588543, 0.323857022715846], [0.35655266955266957, 0.32198697968697976, 0.12227803307803314, 0.19918231768231778], [0.2485824897324898, 0.2821040293040293, 0.16823084693084706, 0.301082634032634], [0.2554322213733979, 0.26900479683714984, 0.1515971512147984, 0.3239658305746543], [0.32711824768798425, 0.18242205849705845, 0.17860926850926861, 0.31185042530568835], [0.19210563292916255, 0.3101788933288934, 0.17663321710968774, 0.32108225663225665], [0.2845262404262405, 0.26812696192696195, 0.15213616938616953, 0.2952106282606283], [0.2807256176829707, 0.31312000058764766, 0.15072411477411474, 0.25543026695526716], [0.3337746642246641, 0.22983734043734058, 0.16475546120546128, 0.27163253413253424], [0.24494330669330686, 0.2734990509490512, 0.1682372183372184, 0.3133204240204241], [0.2149769813519814, 0.3123812576312577, 0.16739818433200795, 0.30524357668475316], [0.18395394050394062, 0.2806747308247309, 0.21659444803562458, 0.3187768806357043], [0.2859462481962482, 0.27151701909201925, 0.13136881729381736, 0.3111679154179155], [0.20849544344544343, 0.29222763286764836, 0.21124618775617238, 0.288030735930736], [0.23151973026973025, 0.325134398934399, 0.1566356496444732, 0.28671022115139794], [0.22441373626373623, 0.27472332112332115, 0.1482149572649573, 0.3526479853479855], [0.2310349761349762, 0.23842603127866294, 0.22762120490448676, 0.30291778768187416], [0.24074962537462544, 0.3393720279720278, 0.1677452020202021, 0.2521331446331447], [0.2164780441780443, 0.3122223998223999, 0.22042900155400152, 0.25087055444555456], [0.21078802308802322, 0.29677791097791106, 0.2690934676434676, 0.2233405982905985], [0.2256297258297261, 0.32962950937950936, 0.14997131757131765, 0.2947694472194472], [0.2825440392940393, 0.24244563769563782, 0.17724724164724173, 0.2977630813630814], [0.22899724442224464, 0.27602930680430693, 0.1597710234210235, 0.33520242535242545]]}, "rewritten": {"ids": ["97105760", "97107821", "97108520", "97112170", "98107010", "98107380", "98108370", "98108410", "98109090", "98110710", "98111231", "99107560", "99107950", "99108330", "99109910", "99112300", "99114890", "99117740", "99120010", "100108520", "100111270", "100113210", "100116790", "100120780", "101108080", "101108580", "101109120", "101111310", "101112540", "101116130", "102109850", "102109910", "102113210", "102113350", "102114270", "102116500", "103109021", "103111170", "103117461", "104111780", "104112470", "104113170", "104113190", "104113380", "104114410", "104116441", "104117200", "105112100", "105112130", "105112260", "105113260", "105113330", "105113440", "105113620", "105116860", "105118171", "105121370", "106114011", "106114321", "106114880", "106118161", "106118820", "106121190", "107113200", "107114110", "107114140", "107116980", "107117630", "107118120", "107120010", "107120880", "107121540", "107121640", "108113480", "108114180", "108115250", "108115500", "108115970", "108116481", "108116501", "108118301", "108120260", "108120700", "108121160", "108121190", "108121410", "109113931", "109116441", "109117080", "109118161", "109118231", "109118701", "109119460", "109120150", "109121640", "110113591", "110114321", "110114651", "110115120", "110115250", "110115710", "110116501", "110118301", "110118930", "110119030", "110120190", "110121170", "111115780", "111116290", "111116411", "111118301", "111118820", "111119250", "111119290", "111119580", "111120531", "111120540", "111121190", "111121351", "111121410", "112116401", "112117790", "112118421", "112118620", "112118701", "112118820", "112118880", "112119610", "112119950", "112120670", "112120700", "113117550", "113118490", "113119120", "113119320", "113120640", "113120780", "113120830", "113121810", "113121980", "113122190", "113122650"], "labels": [0, 2, 2, 0, 3, 1, 1, 1, 1, 2, 1, 1, 1, 1, 2, 0, 2, 2, 2, 2, 2, 0, 2, 1, 0, 0, 1, 3, 2, 2, 1, 2, 3, 3, 3, 1, 0, 2, 0, 3, 1, 3, 3, 1, 1, 1, 3, 1, 1, 3, 3, 3, 0, 0, 2, 3, 2, 1, 2, 0, 3, 3, 2, 0, 1, 2, 3, 0, 3, 1, 1, 2, 1, 0, 1, 1, 3, 2, 0, 0, 1, 1, 2, 2, 1, 0, 1, 3, 1, 0, 1, 3, 1, 2, 0, 0, 1, 3, 0, 1, 2, 3, 1, 1, 0, 3, 2, 1, 2, 0, 3, 0, 1, 3, 3, 0, 1, 1, 0, 0, 0, 3, 3, 3, 0, 0, 1, 0, 0, 2, 2, 3, 1, 3, 1, 0, 0, 3, 2, 2, 1, 2], "predicted_labels": [3, 1, 3, 3, 0, 0, 3, 1, 3, 1, 0, 1, 1, 3, 0, 3, 1, 0, 3, 3, 1, 1, 1, 3, 1, 3, 3, 1, 3, 1, 2, 3, 3, 3, 1, 3, 3, 1, 1, 3, 3, 1, 1, 3, 1, 1, 3, 3, 1, 1, 0, 3, 3, 1, 3, 1, 1, 1, 1, 1, 3, 1, 1, 3, 1, 0, 3, 3, 3, 3, 3, 3, 3, 3, 1, 3, 3, 3, 0, 3, 0, 3, 0, 3, 1, 1, 3, 0, 1, 1, 1, 3, 1, 3, 3, 0, 0, 0, 3, 0, 3, 3, 3, 1, 3, 1, 3, 1, 3, 0, 1, 3, 3, 3, 0, 1, 3, 3, 0, 1, 3, 3, 0, 1, 0, 1, 3, 1, 3, 3, 3, 3, 3, 3, 1, 3, 3, 3, 1, 1, 1, 1], "confidence_scores": [[0.26943805083805084, 0.24890295260295273, 0.16493676878676888, 0.31672222777222775], [0.28801329226329236, 0.2943261488511488, 0.175295018870019, 0.24236554001554012], [0.25837181152181166, 0.26405951858598925, 0.21232097869450817, 0.2652476911976913], [0.23675941105677947, 0.26315090640353794, 0.1976086060997827, 0.3024810764398998], [0.30902854367854365, 0.262341403041403, 0.15155588300588302, 0.27707417027417053], [0.32001444797033013, 0.20062806637806652, 0.19215878663819844, 0.28719869901340495], [0.22240406815406819, 0.2359146464646465, 0.24788493728493732, 0.2937963480963482], [0.23616050616050627, 0.3067866078366078, 0.22072582972582971, 0.23632705627705633], [0.2753801448551449, 0.2385082556332558, 0.17120907703407706, 0.31490252247752243], [0.19023901931401946, 0.28202525252525246, 0.24620719639837288, 0.28152853176235526], [0.3201661191749427, 0.24438530358530366, 0.15991206571206584, 0.2755365115276882], [0.2321682484182485, 0.2895388694638693, 0.19011168831168834, 0.2881811938061939], [0.19883556998557003, 0.31673960483960506, 0.24447785547785555, 0.23994696969696977], [0.20442420634920644, 0.29221035157652825, 0.1830662931839403, 0.3202991488903253], [0.27825363525363533, 0.25514298479298475, 0.19905791430791442, 0.26754546564546583], [0.23210634365634392, 0.2686056721056722, 0.19506583416583417, 0.3042221500721501], [0.20869908147408153, 0.3100350130261895, 0.2147596681096681, 0.266506237390061], [0.3080250638250638, 0.22953041958041961, 0.17609910644910662, 0.28634541014541043], [0.248436554295378, 0.25568113357231015, 0.19110451215451227, 0.30477779997780013], [0.2357187506937509, 0.22436323398823424, 0.24415023032523048, 0.29576778499278517], [0.2047706626706628, 0.2824974081474083, 0.2323337495837497, 0.28039817959817964], [0.20586102116837418, 0.3095867116543588, 0.20217051004551007, 0.282381757131757], [0.20118697413697423, 0.3072937340437341, 0.22430828256710617, 0.2672110092521858], [0.2667750249750251, 0.2545930513930516, 0.20491854256854258, 0.27371338106338106], [0.26217686757686776, 0.29614756909756884, 0.15683759018759016, 0.28483797313797327], [0.31372183299156986, 0.1783397935397937, 0.1773909562659563, 0.3305474172026802], [0.2762616883116885, 0.2571822732822734, 0.16998357198357203, 0.29657246642246643], [0.24731896991897004, 0.2970998241524557, 0.24544737513948056, 0.21013383078909414], [0.20680747585747591, 0.2642182242594007, 0.21146712845977567, 0.317507171423348], [0.19322864357864378, 0.2977428543678544, 0.21560327727827733, 0.293425224775225], [0.2106026267849797, 0.2182551004551005, 0.2881058647235118, 0.28303640803640817], [0.2559413023251259, 0.25854694276311924, 0.18024222444222449, 0.3052695304695306], [0.23964342879342887, 0.2567366633366634, 0.18054896214896213, 0.32307094572094586], [0.22462974802974814, 0.27134100621600643, 0.20862869711987375, 0.2954005486343722], [0.21149598179598195, 0.3156814074814075, 0.21142299922299929, 0.2613996114996116], [0.23732348484848492, 0.26856422466422486, 0.19867892107892118, 0.2954333694083693], [0.2759769397269398, 0.26142809184279786, 0.16947626262626275, 0.2931187058040001], [0.26438668831168843, 0.31243518426018424, 0.14434081474081478, 0.2788373126873128], [0.2734302586302586, 0.293234817959818, 0.14696606171606177, 0.2863688616938615], [0.23680049950049964, 0.2994029803529802, 0.16242034632034621, 0.30137617382617377], [0.2753086098112414, 0.21744768009768028, 0.1677143394617079, 0.3395293706293705], [0.2386715895215895, 0.29528333333333345, 0.19654190809190833, 0.26950316905316896], [0.23269403929403934, 0.3598646389558155, 0.1677509657009658, 0.23969035604917954], [0.2235779942279942, 0.23544839604839615, 0.20066832611832627, 0.34030528360528356], [0.18773585858585864, 0.31717412146676854, 0.21400639801375101, 0.28108362193362224], [0.21951823629586797, 0.3659556221556218, 0.13564585414585426, 0.2788802874026559], [0.21007153679653695, 0.2905890498390502, 0.1942754551004551, 0.30506395826395816], [0.20805235875235875, 0.2271650793650795, 0.17029186924186931, 0.3944906926406924], [0.19181517371517384, 0.30958426573426573, 0.2169375846375847, 0.281662975912976], [0.1945669691419692, 0.36184740435003576, 0.1700761710511711, 0.273509455456824], [0.2950674464424466, 0.28401452436452457, 0.1580317321567323, 0.262886297036297], [0.2765788461538462, 0.268510200910201, 0.16716909479409492, 0.2877418581418581], [0.24252996643878993, 0.2878696284108051, 0.17131967476967483, 0.29828073038073044], [0.20461977817504143, 0.2850635461030198, 0.2603181374181375, 0.24999853830380162], [0.24660557877794734, 0.27620064000327155, 0.18951596459096468, 0.28767781662781666], [0.2783987068487069, 0.3112681762681763, 0.15565951825951835, 0.25467359862359884], [0.20312658452658477, 0.31274900099900094, 0.23832617382617388, 0.2457982406482407], [0.2575600770574455, 0.28955536860800024, 0.17166691086691085, 0.28121764346764366], [0.2782390997890999, 0.2841554861804862, 0.17230122655122657, 0.2653041874791876], [0.2373290431790434, 0.30758755688755685, 0.17921885336885354, 0.2758645465645466], [0.2753319846819848, 0.2673820401820405, 0.16604076479076485, 0.2912452103452105], [0.22654888722388736, 0.28781962759462754, 0.19999458874458878, 0.2856368964368964], [0.1943348013098013, 0.32438272283272296, 0.2058934898434899, 0.27538898601398626], [0.24972569097569108, 0.3123790986790988, 0.11636056443556453, 0.32153464590964587], [0.24481149961149967, 0.2995265696292015, 0.16515723162286636, 0.2905046991364329], [0.47335079365079374, 0.31143949383949404, 0.08273636363636361, 0.1324733488733489], [0.28037070152070154, 0.2888216949716949, 0.11998442276677576, 0.3108231807408279], [0.2845784992784994, 0.2030736707736709, 0.16676844821844822, 0.34557938172938174], [0.27082910977910996, 0.26036021756021765, 0.18202365412365415, 0.2867870185370186], [0.22073713508713516, 0.2706052336552337, 0.20703868353868352, 0.30161894771894776], [0.1748397213897215, 0.3022246198246199, 0.18891336441336448, 0.33402229437229436], [0.21943731823731838, 0.2734169996669998, 0.19948260628260645, 0.307663075813076], [0.20643240648240657, 0.2610700965700966, 0.22473650238650245, 0.30776099456099454], [0.19448655233655246, 0.2783891164391164, 0.20254878895614198, 0.32457554226818935], [0.20584140026640035, 0.30470399045399066, 0.21369327339327354, 0.2757613358863358], [0.22507761127761136, 0.25859432234432245, 0.18302200577200595, 0.3333060606060605], [0.25654346209346224, 0.28146141081141096, 0.16816990231990234, 0.29382522477522466], [0.19121867021867026, 0.26721924186924184, 0.20666853146853154, 0.3348935564435564], [0.3037279906368141, 0.2528250138750138, 0.13986344766344774, 0.3035835478247243], [0.22486084275201934, 0.26905632586367906, 0.18798564409446777, 0.31809718728983455], [0.28829753857253865, 0.286237357087357, 0.14823752913752913, 0.27722757520257524], [0.21997555777555788, 0.29007015207015224, 0.16887849372849384, 0.32107579642579637], [0.4263315961815963, 0.2828265456765458, 0.08853406593406594, 0.20230779220779227], [0.2317545676545678, 0.29448573648573645, 0.1557088542176778, 0.3180508416420182], [0.23531979131979147, 0.3139125735375736, 0.19208920719803074, 0.25867842794460444], [0.2518452036525568, 0.3045622655122656, 0.18625866747631467, 0.2573338633588636], [0.24393203185703197, 0.2998054223554224, 0.15263060550560556, 0.30363194028194035], [0.3485855497443735, 0.24181570651570652, 0.14080637140637145, 0.2687923723335489], [0.22097344877344896, 0.33032022977022973, 0.1703996836496837, 0.2783066378066379], [0.27008008103008113, 0.2818941280941281, 0.17873363303363307, 0.2692921578421579], [0.26037733369142047, 0.3146680416075152, 0.16825354367854373, 0.25670108102252076], [0.22507897217161937, 0.292917519408696, 0.1747718642468643, 0.3072316441728207], [0.22594725274725283, 0.3178940559440559, 0.14889605394605399, 0.30726263736263737], [0.21940222000222012, 0.2652401154401155, 0.21943754186989492, 0.29592012268776996], [0.2791095904095905, 0.230420841903195, 0.16766345125462775, 0.3228061164325871], [0.2951351390439625, 0.27983719058719086, 0.14457628482628482, 0.2804513855425621], [0.2918614718614718, 0.2859037601287601, 0.13081017316017324, 0.29142459484959476], [0.33932373737373717, 0.23284163059163068, 0.13526443001443006, 0.2925702020202021], [0.26564893439893444, 0.2866904012654012, 0.15366858696858693, 0.29399207736707744], [0.30338969363969376, 0.2810983793983794, 0.13906913641913657, 0.2764427905427905], [0.24923002275502293, 0.27211078643578657, 0.1659056637806639, 0.31275352702852716], [0.30010454545454524, 0.26482767232767235, 0.1267174852924853, 0.30835029692529703], [0.3010663447663448, 0.2294283050283051, 0.1625920135420136, 0.30691333666333676], [0.221729428904429, 0.285846833721834, 0.21774437506937516, 0.2746793623043623], [0.24252145077145087, 0.2706635003885005, 0.20867565767565777, 0.27813939116439135], [0.23299621489621497, 0.3013371073371074, 0.1683159340659341, 0.29735074370074366], [0.24182034077034087, 0.2806639194139193, 0.14902565212565222, 0.32849008769008775], [0.2107866106116107, 0.2993216061716064, 0.2102312742812743, 0.27966050893550903], [0.23108079975579987, 0.27273472638472646, 0.20435436507936516, 0.29183010878010884], [0.35200114607614613, 0.21757800255300258, 0.12630497917115566, 0.3041158721996958], [0.2875032651558967, 0.3227189643689645, 0.15022702297702298, 0.239550747498116], [0.2895590520590523, 0.2677037962037963, 0.14886680541680547, 0.29387034632034625], [0.2192190975690977, 0.24254328624591798, 0.20182737262737277, 0.33641024355761195], [0.2030448345771875, 0.30397224442224446, 0.1752394533571005, 0.31774346764346756], [0.3095472582972583, 0.25432779997780025, 0.14205846375846382, 0.29406647796647783], [0.2669256815080345, 0.30843055082172727, 0.12559839049839053, 0.2990453771718478], [0.2497279442779443, 0.2572985070485071, 0.20356727716727727, 0.28940627150627174], [0.2714229492729495, 0.2485338106338107, 0.17483005883005884, 0.3052131812631814], [0.29245566655566646, 0.27827559662559664, 0.17177857697857704, 0.2574901598401599], [0.24055621045621067, 0.3344372294372295, 0.16733759851259852, 0.25766896159396163], [0.3115410332357701, 0.23959307914307923, 0.12029684204684213, 0.3285690455743087], [0.24620041592394545, 0.23233172938172936, 0.16114764989912056, 0.3603202047952049], [0.3099994838494841, 0.29256603951603977, 0.12159892525774882, 0.2758355513767279], [0.2462463980463982, 0.30290187590187606, 0.18087287712287722, 0.26997884892884905], [0.3190497002997005, 0.30277682595182615, 0.11103801198801201, 0.26713546176046193], [0.23067761323643682, 0.31277956847074495, 0.19810053835053842, 0.25844227994228003], [0.2626039183039183, 0.286259756909757, 0.16117072176189826, 0.28996560302442664], [0.1916835275835277, 0.3216171217671217, 0.21719374514374531, 0.26950560550560565], [0.31932501942501945, 0.19853381063381076, 0.1417077145077146, 0.3404334554334553], [0.24439144629879928, 0.2816978574916655, 0.17314254438372106, 0.30076815182581446], [0.1722920190920192, 0.29256288156288157, 0.22958644688644703, 0.3055586524586525], [0.22461857411594258, 0.27920461380724537, 0.17664420579420587, 0.31953260628260644], [0.23731331621594787, 0.22798538128538132, 0.17030942770679625, 0.36439187479187457], [0.2399049506049508, 0.3080525807525808, 0.13048928848928854, 0.3215531801531802], [0.2714060384060384, 0.3028655955155955, 0.18421561771561784, 0.2415127483627484], [0.295361308136308, 0.2358087024087026, 0.13755808358308363, 0.33127190587190586], [0.19970404767231403, 0.25701069290186934, 0.15045574849986632, 0.3928295109259505], [0.2236758630258632, 0.24726362248862246, 0.2271431235431236, 0.3019173909423909], [0.22635366300366305, 0.2961440487616959, 0.20990779939015247, 0.267594488844489], [0.30043585858585853, 0.31911988011988013, 0.12395299145299146, 0.2564912698412698], [0.23710826395826404, 0.300285730935731, 0.1797403818403819, 0.28286562326562326], [0.21967303415538728, 0.28489342161106873, 0.24630076035076037, 0.24913278388278384]]}}