{"test": {"ids": ["99109780", "110118450", "98111860", "108113480", "111116110", "103113101", "99120010", "102112030", "100108490", "105116090", "109116170", "105113170", "103113170", "108120260", "111115780", "100113370", "97107040", "111118301", "107118120", "113119120", "98112170", "101113210", "108114040", "99107950", "110121500", "101112540", "113118630", "109118820", "97109570", "101111620", "101114990", "97110950", "110116300", "113122150", "113120070", "97116410", "113117340", "104119340", "103118291", "100113210", "109119450", "99121440", "97109080", "112118820", "102110750", "112116290", "104113210", "107114621", "107113840", "111121190", "113119340", "112118161", "107116501", "113122320", "99108080", "111116640", "107118490", "106117790", "105118171", "102110690", "102111990", "107113180", "110117080", "103111990", "112120540", "98109311", "110118740", "102109010", "112116850", "110118301", "99109370", "100116500", "107112840", "97105451", "108120700", "109115380", "106121220", "103117200", "109118231", "103117461", "111116411", "105113210", "109119010", "113121410", "106113360", "101108950", "109117730", "102117351", "113118490", "113120640", "101109120", "103120531", "98120530", "97108520", "112118880", "99109910", "99114890", "111117480", "104114740", "103110220", "108115970", "103113640", "111116090", "105113620", "112118860", "105117351", "109117150", "110115890", "110116441", "113120540", "110115120", "113118820", "112119980", "98116090", "107118780", "108120280", "105119550", "108118520", "99117740", "108114670", "111116290", "108120621", "112117461", "98109570", "109118161", "108114270", "97106820", "107115250", "111115400", "104111531", "113122190", "109121351", "101119030", "101112201", "109115220", "110115710", "109116930", "99111440", "110114321", "113120531", "108119510", "112121360"], "labels": [2, 0, 0, 0, 3, 3, 2, 2, 2, 1, 0, 0, 3, 1, 1, 3, 2, 3, 3, 3, 3, 3, 0, 1, 3, 2, 3, 3, 0, 3, 3, 3, 3, 2, 2, 3, 2, 1, 0, 0, 3, 2, 2, 0, 1, 0, 3, 0, 3, 1, 0, 0, 1, 1, 3, 0, 2, 1, 3, 0, 2, 3, 1, 2, 3, 1, 3, 1, 0, 1, 1, 2, 1, 0, 2, 3, 1, 0, 1, 0, 0, 3, 3, 0, 0, 2, 3, 1, 1, 0, 1, 3, 1, 2, 1, 2, 2, 1, 2, 2, 2, 1, 3, 0, 3, 0, 2, 2, 3, 3, 0, 0, 0, 0, 1, 3, 1, 0, 2, 3, 2, 1, 0, 1, 0, 3, 1, 2, 0, 0, 1, 0, 3, 0, 3, 2, 0, 3, 1, 0, 1, 3], "predicted_labels": [1, 1, 1, 1, 3, 3, 1, 2, 1, 1, 1, 0, 3, 1, 3, 1, 2, 0, 3, 3, 3, 1, 3, 2, 1, 3, 1, 3, 3, 1, 1, 0, 1, 3, 1, 3, 3, 1, 0, 3, 3, 3, 3, 3, 3, 0, 3, 3, 0, 1, 3, 1, 3, 1, 1, 1, 1, 3, 0, 0, 1, 0, 3, 1, 1, 3, 1, 3, 3, 0, 1, 3, 1, 1, 1, 0, 1, 1, 3, 1, 3, 0, 2, 1, 1, 3, 1, 3, 3, 3, 1, 0, 3, 1, 0, 1, 1, 1, 1, 1, 2, 0, 0, 3, 3, 1, 1, 2, 1, 1, 1, 0, 1, 1, 3, 0, 3, 1, 3, 3, 1, 1, 1, 0, 1, 1, 3, 3, 3, 0, 3, 0, 3, 1, 3, 0, 1, 3, 0, 1, 3, 1], "confidence_scores": [[0.15156034397717155, 0.35202707700659924, 0.2234840921298794, 0.2729284868863502], [0.10317776912570038, 0.5629155879415733, 0.0690949510929394, 0.264811691839787], [0.25039051240660865, 0.29892452706557276, 0.1931488337554882, 0.2575361267723304], [0.22028230639255122, 0.43545253114843413, 0.1172670085116338, 0.22699815394738085], [0.17754502042108491, 0.3190047550805401, 0.1506989583780704, 0.3527512661203046], [0.20731747633476272, 0.18739339320239187, 0.2633145430780116, 0.34197458738483394], [0.1895891026098994, 0.489591113381634, 0.1324780786530878, 0.1883417053553788], [0.19324512429234897, 0.2492806591022217, 0.28093051816323406, 0.27654369844219545], [0.17460427997684047, 0.6462180130996233, 0.08544050405444951, 0.09373720286908674], [0.11781410161924444, 0.5646642162007632, 0.08582049340592623, 0.23170118877406615], [0.25164509923693723, 0.37010254398434184, 0.10704887584700126, 0.27120348093171975], [0.3859996680685155, 0.18141474100921753, 0.13151661431819547, 0.3010689766040715], [0.28585092988632244, 0.2617517953118691, 0.12586445053326759, 0.3265328242685409], [0.21822759540284484, 0.43478616656750385, 0.12221285287780903, 0.22477338515184242], [0.2740687346685315, 0.2531711574691436, 0.17015221086232013, 0.3026078970000049], [0.14308013907206055, 0.30898869674234514, 0.3057759920638212, 0.24215517212177318], [0.15043477683243608, 0.2974719202385303, 0.4416474610210432, 0.11044584190799057], [0.2810720235634186, 0.22116171853066924, 0.2315155984345777, 0.2662506594713347], [0.3042651633281808, 0.284973590474306, 0.08590178132546274, 0.3248594648720507], [0.1769770711077993, 0.34682269747809336, 0.11934599555990542, 0.3568542358542019], [0.30583884066757294, 0.1835492585957811, 0.09292539409837042, 0.4176865066382756], [0.19638679728600428, 0.378252500492846, 0.14694380556180847, 0.2784168966593415], [0.1424261542493335, 0.18532757938796982, 0.3358839337700908, 0.33636233259260595], [0.11767022722980583, 0.19267987307519746, 0.3601283009233554, 0.32952159877164144], [0.26625583439952105, 0.3996612027249559, 0.09697402182777373, 0.23710894104774924], [0.19973351391190974, 0.23798548207461667, 0.1730912040730722, 0.38918979994040137], [0.1484617862724832, 0.4703224209747569, 0.17079430635965914, 0.2104214863931007], [0.19982815634978138, 0.23149248853101936, 0.25165664955932554, 0.31702270555987366], [0.18939688463687687, 0.29542830774853834, 0.10697696100823754, 0.4081978466063472], [0.1291241172458248, 0.6555879858513252, 0.09631437731723441, 0.11897351958561558], [0.17109945834705428, 0.42344659595316864, 0.07777985674263076, 0.3276740889571462], [0.3740671104101627, 0.18609296716426485, 0.15688614260622072, 0.28295377981935166], [0.17712638945230139, 0.44382335436238246, 0.13803241430958763, 0.24101784187572872], [0.09972925282515256, 0.2907465273430015, 0.157012221092359, 0.4525119987394869], [0.11952583171009666, 0.602419270037475, 0.12341813101138646, 0.15463676724104197], [0.2001227181903864, 0.1182806625234209, 0.2573783444258655, 0.4242182748603273], [0.11264546213582807, 0.20767412515457914, 0.07257111984322377, 0.607109292866369], [0.19299649155101647, 0.3838355136916562, 0.16059618595759387, 0.26257180879973346], [0.4808733754873544, 0.32138806914762447, 0.05351810841284445, 0.14422044695217676], [0.1258585736307921, 0.16698052112401254, 0.10371884318233676, 0.6034420620628587], [0.11696682921654128, 0.12943266181125074, 0.06443760359046011, 0.689162905381748], [0.1231235076273184, 0.2914877658080574, 0.27558381994872394, 0.3098049066159003], [0.16810328167821156, 0.24675800485714805, 0.22706366889202256, 0.35807504457261774], [0.18208674513018078, 0.17450840145663243, 0.1887511133869803, 0.45465374002620645], [0.20025701142694308, 0.20398330232236217, 0.24917443246050444, 0.34658525379019045], [0.35956435996266956, 0.25865762287205124, 0.1224306490682134, 0.25934736809706554], [0.28523279180345146, 0.2435058448716631, 0.09007601517537883, 0.38118534814950666], [0.2514187939531237, 0.30424093453080603, 0.11143750874653838, 0.33290276276953196], [0.4153976658457495, 0.3488326272153087, 0.068383650955354, 0.16738605598358788], [0.2440247097752043, 0.39820731270172355, 0.1309082180582387, 0.22685975946483344], [0.30767344021595755, 0.1406057409819533, 0.11260841118473724, 0.4391124076173522], [0.2418676121074363, 0.3730038130288091, 0.12364678599557523, 0.2614817888681794], [0.21076066516057712, 0.3121022604309466, 0.08960884169893489, 0.38752823270954145], [0.2634945790232495, 0.3497188519085481, 0.13830567014515607, 0.2484808989230465], [0.24763375810787627, 0.2923358940746715, 0.20324538782287735, 0.2567849599945748], [0.11197543680438869, 0.6931315497493657, 0.06437331153800827, 0.1305197019082371], [0.16659689323222795, 0.32983648122688836, 0.3227659112040451, 0.18080071433683848], [0.18833804564067716, 0.18215868211432887, 0.13200184990552702, 0.497501422339467], [0.363331533970454, 0.28121756372403334, 0.09513945588619532, 0.2603114464193176], [0.3105220278447986, 0.28449424037460247, 0.18438680335277438, 0.22059692842782466], [0.16223730491407048, 0.5586520864324701, 0.12723911759680884, 0.15187149105665051], [0.3918143916480583, 0.19967896203699304, 0.12989513020906265, 0.2786115161058861], [0.07646974100558496, 0.41085241418065677, 0.10096388387119314, 0.41171396094256524], [0.18010670829352612, 0.4432856715769685, 0.12378722402759655, 0.25282039610190893], [0.25865389412982487, 0.34541537879767786, 0.13445046889916393, 0.26148025817333354], [0.2229607795525174, 0.2333882563134967, 0.11432779381308589, 0.4293231703209], [0.1665746741240811, 0.3987605878843171, 0.1300668031760673, 0.30459793481553454], [0.15844712511403075, 0.1261706547589309, 0.10390528282094151, 0.6114769373060969], [0.2217192565310016, 0.23363209850666616, 0.05553847136942201, 0.4891101735929102], [0.3466181486209837, 0.31875945068545225, 0.08267770772994784, 0.25194469296361593], [0.17464635479262974, 0.5179719095891837, 0.1837596703540253, 0.1236220652641613], [0.28108868130242926, 0.2450007605713162, 0.14219473260894985, 0.33171582551730494], [0.14513017935770228, 0.4503622827867934, 0.1562262149628375, 0.24828132289266683], [0.20480378532011675, 0.2980674437283944, 0.28196788190555494, 0.21516088904593395], [0.27881701867976194, 0.33770453077074075, 0.1644159128195412, 0.21906253772995612], [0.40066598794767483, 0.30693542071603025, 0.13620935415556867, 0.1561892371807261], [0.1596500216580071, 0.3666058545254024, 0.16980592212802373, 0.3039382016885669], [0.20192578117283214, 0.33974982015959426, 0.18850890214509383, 0.26981549652247977], [0.25217843886995867, 0.31558943040916776, 0.09405921520937381, 0.33817291551149997], [0.1992436760260863, 0.35694770629678224, 0.12718583119775453, 0.316622786479377], [0.35236314135669994, 0.1513911497467771, 0.10540922633593933, 0.39083648256058356], [0.3732483809673967, 0.1631615420498608, 0.11700903448544309, 0.3465810424972994], [0.1676322580955589, 0.2798643038804543, 0.35522965200106577, 0.1972737860229209], [0.23458544569488562, 0.4323702679815598, 0.17641583525860158, 0.15662845106495296], [0.14564050992113808, 0.5992987713407604, 0.07775194961573376, 0.1773087691223678], [0.14285062075984248, 0.2846731031473316, 0.2627958814060834, 0.3096803946867425], [0.14296094960488306, 0.40896995335095393, 0.15313822964024335, 0.29493086740391966], [0.2036330964998908, 0.21784249797068728, 0.054095796774938344, 0.5244286087544836], [0.07378841450820738, 0.12478311402206647, 0.06381326009027155, 0.7376152113794547], [0.23583835873998268, 0.25019218689368417, 0.14434232243031336, 0.36962713193601965], [0.19472011512852164, 0.42519953113432013, 0.20422962926959304, 0.17585072446756525], [0.5692658285562665, 0.1771607473225244, 0.07332529764302319, 0.18024812647818592], [0.29326622202827296, 0.16361158574893994, 0.2384246012354137, 0.30469759098737326], [0.3239415403266403, 0.3271190383996619, 0.17213290880653953, 0.17680651246715845], [0.4633714346487012, 0.24353396948299486, 0.12946572678414656, 0.16362886908415752], [0.18698003606885394, 0.4792117400961341, 0.1754685551428648, 0.158339668692147], [0.16922226656480857, 0.2828973464032385, 0.2813539492316993, 0.2665264378002538], [0.2914796995573167, 0.44231502667500167, 0.06176541330015395, 0.20443986046752755], [0.2284495559526329, 0.32593461878467944, 0.18934317542527873, 0.25627264983740916], [0.22510076669577875, 0.44395303180007184, 0.10644864986036738, 0.22449755164378193], [0.1712362459671933, 0.23829748719106084, 0.32701229817363997, 0.2634539686681058], [0.42923575067320635, 0.195376915173837, 0.11106326424384448, 0.26432406990911217], [0.33399104470845264, 0.26918726858482367, 0.06976965629798612, 0.3270520304087374], [0.10917649516045669, 0.25052251585261764, 0.3018992511981673, 0.3384017377887584], [0.2868498274085723, 0.1786148753196403, 0.1619410284554585, 0.37259426881632884], [0.27979129094527333, 0.3332343473067524, 0.10418152115528222, 0.2827928405926922], [0.2593624569326621, 0.299324216054777, 0.15387983180543002, 0.28743349520713096], [0.14029855788262988, 0.33639082661592484, 0.37852203183566463, 0.14478858366578068], [0.14345256234244586, 0.34266466229862436, 0.2074777122269386, 0.3064050631319914], [0.3372458564793073, 0.4703750167041684, 0.06205669431792808, 0.1303224324985962], [0.23008807561810796, 0.39955689510315656, 0.16437075054002903, 0.20598427873870645], [0.5421368511024693, 0.21456339293072837, 0.08995908757925553, 0.15334066838754662], [0.20151464291724633, 0.4053566547701423, 0.10358138608190369, 0.2895473162307076], [0.22975121922274985, 0.37726353111268257, 0.1856107269346096, 0.20737452272995816], [0.2672826359896824, 0.1523167168413683, 0.07994766832798082, 0.5004529788409685], [0.4102076353688124, 0.20742305943485329, 0.23212916509693857, 0.15024014009939565], [0.1728144267364929, 0.19033483291662356, 0.15756931732157634, 0.4792814230253073], [0.17946519884180676, 0.5165647886411998, 0.11968124252530929, 0.18428876999168417], [0.24713603855007263, 0.27829415975065164, 0.16957984327394213, 0.3049899584253338], [0.28055603519997296, 0.28580137102663633, 0.11247941799849205, 0.3211631757748986], [0.31481167618581984, 0.33172945381927677, 0.11942514796177103, 0.23403372203313244], [0.13099286078415454, 0.5474020863301476, 0.0719710306682753, 0.2496340222174226], [0.2890297530531123, 0.3982195594356611, 0.07225298296571307, 0.24049770454551336], [0.3971005299838457, 0.21451612879402973, 0.11998898392872985, 0.26839435729339467], [0.23911211507811211, 0.3376949369901762, 0.1029517851108602, 0.32024116282085147], [0.22328560743918502, 0.3415725904816343, 0.11725548285322024, 0.3178863192259604], [0.2863496000269521, 0.2526939802552305, 0.1279833071403843, 0.3329731125774331], [0.11623472605055242, 0.3151779109360644, 0.11803542420347082, 0.4505519388099124], [0.10901443965513542, 0.2760739563143364, 0.0847286162191472, 0.530182987811381], [0.455221540246993, 0.2439149063038311, 0.08410864709187478, 0.21675490635730116], [0.10455768316616021, 0.2191263457581446, 0.2346731318438014, 0.44164283923189385], [0.5146898529706375, 0.21217000307008527, 0.1184310900707712, 0.15470905388850603], [0.28593632177709827, 0.25508419134253973, 0.13852633394505787, 0.32045315293530424], [0.26397673142363687, 0.2781081779286658, 0.2307965715305634, 0.22711851911713404], [0.21241955566930368, 0.23364024222014532, 0.12077968240954808, 0.43316051970100283], [0.3310464163500075, 0.26831967222099734, 0.1092737302397417, 0.29136018118925344], [0.25557414706989406, 0.5212645907637714, 0.050725077230566164, 0.1724361849357683], [0.2064577328387344, 0.3388975749757847, 0.11176700011298335, 0.34287769207249735], [0.37976117137147564, 0.20753347371345593, 0.2779318116331136, 0.13477354328195498], [0.1805053623700604, 0.4299195832488144, 0.057497735605780316, 0.3320773187753451], [0.20194904873798533, 0.32417240541395614, 0.13249301202502023, 0.34138553382303816], [0.18461367882869636, 0.5880438411691097, 0.05696840048878012, 0.17037407951341374]]}, "rewritten": {"ids": ["97105451", "97106820", "97107040", "97108520", "97109080", "97109570", "97110950", "97116410", "98109311", "98109570", "98111860", "98112170", "98116090", "98120530", "99107950", "99108080", "99109370", "99109780", "99109910", "99111440", "99114890", "99117740", "99120010", "99121440", "100108490", "100113210", "100113370", "100116500", "101108950", "101109120", "101111620", "101112201", "101112540", "101113210", "101114990", "101119030", "102109010", "102110690", "102110750", "102111990", "102112030", "102117351", "103110220", "103111990", "103113101", "103113170", "103113640", "103117200", "103117461", "103118291", "103120531", "104111531", "104113210", "104114740", "104119340", "105113170", "105113210", "105113620", "105116090", "105117351", "105118171", "105119550", "106113360", "106117790", "106121220", "107112840", "107113180", "107113840", "107114621", "107115250", "107116501", "107118120", "107118490", "107118780", "108113480", "108114040", "108114270", "108114670", "108115970", "108118520", "108119510", "108120260", "108120280", "108120621", "108120700", "109115220", "109115380", "109116170", "109116930", "109117150", "109117730", "109118161", "109118231", "109118820", "109119010", "109119450", "109121351", "110114321", "110115120", "110115710", "110115890", "110116300", "110116441", "110117080", "110118301", "110118450", "110118740", "110121500", "111115400", "111115780", "111116090", "111116110", "111116290", "111116411", "111116640", "111117480", "111118301", "111121190", "112116290", "112116850", "112117461", "112118161", "112118820", "112118860", "112118880", "112119980", "112120540", "112121360", "113117340", "113118490", "113118630", "113118820", "113119120", "113119340", "113120070", "113120531", "113120540", "113120640", "113121410", "113122150", "113122190", "113122320"], "labels": [0, 1, 2, 2, 2, 0, 3, 3, 1, 1, 0, 3, 0, 1, 1, 3, 1, 2, 2, 3, 2, 2, 2, 2, 2, 0, 3, 2, 2, 1, 3, 0, 2, 3, 3, 3, 1, 0, 1, 2, 2, 1, 2, 2, 3, 3, 1, 0, 0, 0, 3, 0, 3, 2, 1, 0, 3, 0, 1, 0, 3, 1, 0, 1, 1, 1, 3, 3, 0, 2, 1, 3, 2, 1, 0, 0, 3, 3, 2, 0, 1, 1, 3, 1, 2, 3, 3, 0, 0, 2, 3, 0, 1, 3, 3, 3, 0, 1, 0, 2, 2, 3, 3, 1, 1, 0, 3, 3, 0, 1, 3, 3, 2, 0, 0, 1, 3, 1, 0, 0, 0, 0, 0, 3, 1, 0, 3, 3, 2, 1, 3, 0, 3, 0, 2, 0, 3, 0, 0, 2, 1, 1], "predicted_labels": [1, 3, 2, 0, 1, 3, 0, 3, 3, 3, 1, 0, 1, 1, 3, 2, 1, 1, 1, 1, 2, 0, 1, 2, 1, 3, 1, 0, 3, 1, 1, 3, 3, 1, 1, 1, 3, 0, 2, 1, 2, 3, 0, 1, 1, 3, 0, 1, 0, 0, 0, 0, 3, 1, 0, 3, 3, 3, 1, 0, 1, 1, 1, 3, 3, 3, 3, 0, 0, 3, 3, 3, 2, 3, 1, 3, 1, 0, 2, 1, 1, 3, 0, 1, 0, 1, 1, 1, 1, 1, 2, 1, 1, 0, 2, 3, 0, 0, 1, 0, 1, 1, 1, 1, 0, 3, 3, 1, 3, 1, 1, 2, 0, 3, 1, 3, 2, 1, 0, 3, 0, 1, 3, 0, 0, 1, 1, 1, 3, 3, 1, 0, 1, 0, 1, 3, 1, 3, 1, 3, 3, 3], "confidence_scores": [[0.2252477689660973, 0.3473806265722776, 0.1940358805229101, 0.233335723938715], [0.1937033580928286, 0.1866492020882939, 0.14267108963367192, 0.4769763501852056], [0.27993123759226657, 0.19750147166782964, 0.4068509075606682, 0.11571638317923544], [0.4390005360572269, 0.21809681403037762, 0.1492126323418103, 0.1936900175705852], [0.10547559336838058, 0.4976799113851466, 0.15974120411276624, 0.2371032911337066], [0.2450186205364048, 0.24703434331862192, 0.1677647827333026, 0.34018225341167063], [0.37237891852264327, 0.1581965723749971, 0.15549132851278832, 0.31393318058957137], [0.18270426831483028, 0.1094666872895281, 0.33067468023208596, 0.3771543641635558], [0.2526298400184585, 0.2318813499882509, 0.1663655539916159, 0.3491232560016745], [0.1881171635863946, 0.21147394352117813, 0.22080403002477142, 0.3796048628676558], [0.23317859847251843, 0.38153780766123463, 0.21544166415967306, 0.169841929706574], [0.3495046080566605, 0.24558721751188187, 0.1146686308771725, 0.2902395435542851], [0.3028190900749492, 0.3317273603445561, 0.11573839581721758, 0.24971515376327713], [0.17265841981206548, 0.34689122064515054, 0.18133973685822397, 0.29911062268456], [0.10100647030945119, 0.262737321623525, 0.2949988155402015, 0.34125739252682213], [0.2238370221058353, 0.2219446742301298, 0.3134658444822479, 0.2407524591817871], [0.16944631114775063, 0.5224688891027125, 0.15984173599301776, 0.1482430637565191], [0.14045385556273543, 0.4043626625450266, 0.18104791960893155, 0.27413556228330643], [0.1886485763926986, 0.41730778143369057, 0.17071831296301795, 0.22332532921059284], [0.3243036779035963, 0.3427299040371966, 0.13700598951082474, 0.19596042854838225], [0.24738964149549839, 0.2064318036593486, 0.34193725933447394, 0.2042412955106791], [0.40583611438088646, 0.21221063379426738, 0.12694159001988525, 0.2550116618049608], [0.21481508465038676, 0.4798754737144931, 0.12757065161492565, 0.17773879002019455], [0.18333888031659953, 0.2708539897406825, 0.33647496717927877, 0.20933216276343927], [0.17206470077517488, 0.5381846188071587, 0.15677597506238022, 0.13297470535528616], [0.13114332973999174, 0.209232148338347, 0.2020751847623922, 0.4575493371592692], [0.1917916053122197, 0.43851382939220457, 0.18214227158373866, 0.18755229371183701], [0.33079612613169485, 0.224916845828881, 0.16506440624233587, 0.2792226217970884], [0.14077209535094895, 0.24828114135912252, 0.21289578939807674, 0.39805097389185184], [0.32823305781414414, 0.38335774696451447, 0.1149537692986187, 0.1734554259227228], [0.11682172502229073, 0.5168155972874555, 0.17128414710062592, 0.19507853058962776], [0.23633056709881625, 0.19273286450967683, 0.10144191120250143, 0.46949465718900557], [0.1901794152804494, 0.1911399144166852, 0.16275527862918332, 0.455925391673682], [0.2226974979088683, 0.4325643596264583, 0.22018429703718434, 0.12455384542748923], [0.07178397481603666, 0.5693829425984721, 0.08951664454151476, 0.2693164380439764], [0.2933092944340416, 0.2953795410169581, 0.14209828614090275, 0.2692128784080976], [0.14867641563428233, 0.1179306066502613, 0.06652211342599597, 0.6668708642894604], [0.34636269571484324, 0.3080525660274014, 0.08679716148424677, 0.2587875767735086], [0.13670116906690788, 0.23644332310785832, 0.3729806583138697, 0.25387484951136424], [0.20040232518782403, 0.4583749042942087, 0.23262780992365747, 0.10859496059430979], [0.1348273762060632, 0.19561067484713202, 0.44942888833365446, 0.2201330606131503], [0.1932170575023382, 0.20669963370555453, 0.051328742015685394, 0.5487545667764219], [0.34105813482665326, 0.21197645235516577, 0.14577865462252534, 0.30118675819565566], [0.19376770214534572, 0.2931572164411744, 0.24693930049090382, 0.26613578092257606], [0.18329661347830692, 0.3017504212081983, 0.21800784202185394, 0.29694512329164097], [0.22106864088940406, 0.2922185697071578, 0.12563464602260818, 0.36107814338083], [0.3826284542757298, 0.24803457510406834, 0.08965777075907969, 0.2796791998611223], [0.2149385372741449, 0.349561477372373, 0.18863171401432965, 0.24686827133915243], [0.33284016199851785, 0.23876967689119005, 0.10782857680056786, 0.32056158430972437], [0.47214421769476483, 0.2583986708781678, 0.08836071289502488, 0.1810963985320424], [0.5441905455733635, 0.19573189744530425, 0.07532975565177823, 0.18474780132955398], [0.4815263523490481, 0.2329106339000249, 0.08031406775213702, 0.20524894599879], [0.2370031603264722, 0.2100470511253687, 0.19844916210355396, 0.3545006264446051], [0.21001398386626818, 0.30574882009551924, 0.21243401128759337, 0.27180318475061915], [0.39816688987725984, 0.2232681278232904, 0.1267977519283421, 0.25176723037110765], [0.1468065921483902, 0.2695701352301724, 0.14412567926325376, 0.4394975933581836], [0.11022817960018155, 0.1497165523462608, 0.14455615930415047, 0.595499108749407], [0.11545092336076838, 0.23239471285730134, 0.2602634987193736, 0.3918908650625567], [0.11781410161924444, 0.5646642162007632, 0.08582049340592623, 0.23170118877406615], [0.35322191580721923, 0.28933046012528, 0.10695897679272, 0.2504886472747807], [0.23542213247331256, 0.41583485465751785, 0.07886740754292368, 0.2698756053262459], [0.18742251036420102, 0.35431491266998233, 0.12156805611555993, 0.3366945208502569], [0.16106245578691716, 0.5217058790718474, 0.10726897480135095, 0.20996269033988463], [0.17412183947731996, 0.1690232436552559, 0.22523231503958663, 0.43162260182783746], [0.14653732756293317, 0.31189133503417293, 0.2296130861813026, 0.3119582512215912], [0.27974394944619185, 0.2508808471186447, 0.17183115068493576, 0.29754405275022766], [0.2018870167772336, 0.17420494972377445, 0.18538634251750588, 0.438521690981486], [0.43985115851577705, 0.2690770295550231, 0.07136336209745604, 0.21970844983174367], [0.30881050404215415, 0.30364883190460934, 0.09882624212673718, 0.2887144219264994], [0.10251630399978306, 0.22673549115359548, 0.08479948850230035, 0.5859487163443212], [0.16127446576177762, 0.3353927662559593, 0.08688539656217246, 0.41644737142009064], [0.2286910230769182, 0.23722903081626093, 0.1059042519371416, 0.42817569416967927], [0.14789906633446295, 0.305368154361471, 0.38692156550385143, 0.15981121380021487], [0.28623816049712886, 0.16311892719928994, 0.08561750909669706, 0.465025403206884], [0.15653936011415526, 0.5676415036059169, 0.09039856633165538, 0.18542056994827252], [0.23411728602440163, 0.29442355499643724, 0.13867818430758752, 0.3327809746715735], [0.27283382070733625, 0.31423288855746434, 0.11367938187598255, 0.29925390885921677], [0.32773766175868463, 0.3037390679658238, 0.1126746060980559, 0.2558486641774357], [0.27748428560726107, 0.16935278394462963, 0.3659319883130273, 0.18723094213508198], [0.2005142438329722, 0.4262504063217722, 0.12940162155710605, 0.24383372828814953], [0.15586262599904235, 0.4135772477077198, 0.152065948266478, 0.2784941780267599], [0.1928562422908291, 0.3274261647199984, 0.13639626214561631, 0.3433213308435561], [0.4014793019801072, 0.22428738661207134, 0.22718995732137814, 0.1470433540864432], [0.20921394504141808, 0.4229351188952666, 0.07964306601369833, 0.2882078700496171], [0.3434112441302837, 0.3074573353137231, 0.14968966606191994, 0.19944175449407311], [0.1683122615820848, 0.28961213674649905, 0.2685752856352424, 0.2735003160361738], [0.22907114259354203, 0.3274241283823425, 0.13256442638732216, 0.3109403026367933], [0.16945290044702516, 0.3673168703002732, 0.11393683627302621, 0.34929339297967543], [0.2407455895497155, 0.5366359217084375, 0.0545598899272846, 0.16805859881456223], [0.17872426911319247, 0.4457930918102696, 0.21969174719747692, 0.15579089187906103], [0.14032167236617338, 0.22388961039965669, 0.39847928438523217, 0.23730943284893768], [0.273940464265193, 0.3242923353185139, 0.127544656407355, 0.27422254400893825], [0.16253856217383122, 0.6148526379448327, 0.06922950588836377, 0.1533792939929723], [0.349362889272319, 0.2245788462221163, 0.13977639248987073, 0.2862818720156939], [0.15189717047762374, 0.2260094225779676, 0.4190035751774504, 0.20308983176695825], [0.20805312771195744, 0.1828948349221059, 0.09833412350074762, 0.510717913865189], [0.49662811753971675, 0.2645975395580604, 0.06419287528650679, 0.17458146761571608], [0.3824695540373118, 0.2386892851216558, 0.22500017720004803, 0.15384098364098445], [0.2370888066453459, 0.34310987845760604, 0.20618931785842423, 0.21361199703862369], [0.3429242496821977, 0.2420672297942749, 0.1131944346825957, 0.3018140858409315], [0.11904822524785624, 0.6057395436444404, 0.10779339823106053, 0.1674188328766428], [0.2082461056383633, 0.3554776387892043, 0.11739252444607887, 0.3188837311263536], [0.13171728940053282, 0.3777649700572936, 0.23397694204830094, 0.2565407984938726], [0.07962975376371922, 0.4278303567426215, 0.09982742037518626, 0.3927124691184732], [0.3201769508845924, 0.25293264748378724, 0.11086010471667271, 0.31603029691494766], [0.12816776257215517, 0.3351498698994687, 0.16086994444615801, 0.3758124230822183], [0.23516717831043552, 0.2972100392427977, 0.1355797198929545, 0.3320430625538123], [0.19825236458013926, 0.40531698385840703, 0.15706158695830022, 0.23936906460315363], [0.10661367079183695, 0.26877089039779345, 0.082539331920369, 0.5420761068900006], [0.25416473162087266, 0.31497564430989394, 0.208241088987963, 0.2226185350812705], [0.17243158546409135, 0.3471429743728419, 0.14538670623564756, 0.335038733927419], [0.16014090043473447, 0.30763574931534976, 0.31201620376952194, 0.22020714648039386], [0.3997047674793939, 0.19761693971464145, 0.15279505465791934, 0.2498832381480453], [0.3276556159647519, 0.16265590793731657, 0.11325254774351382, 0.3964359283544177], [0.12044952056058643, 0.46700896069896364, 0.1486380274666785, 0.26390349127377133], [0.16626014465989772, 0.3260973831147378, 0.16693876408660302, 0.3407037081387613], [0.14972625456588248, 0.22946115165364175, 0.41284221173192787, 0.2079703820485479], [0.35165899424157443, 0.35422365920401405, 0.0916054036964861, 0.2025119428579257], [0.4056952028857621, 0.23797845466849984, 0.1373457184946707, 0.2189806239510675], [0.24022556462729844, 0.21136375002519955, 0.09253659428541335, 0.4558740910620887], [0.3853865788097308, 0.15915882103397258, 0.09586971580570988, 0.35958488435058666], [0.24861466903149954, 0.3711670779719765, 0.2019483579422603, 0.1782698950542639], [0.30388761491448274, 0.20914239792840117, 0.16024271630812478, 0.32672727084899145], [0.33505792841142884, 0.3186192910585437, 0.06376523992710326, 0.2825575406029244], [0.34066487641295123, 0.22788705665897765, 0.1278247668252735, 0.30362330010279787], [0.16795956239958285, 0.4764388346395573, 0.0921422459212022, 0.2634593570396578], [0.28948160443842863, 0.30455682752770513, 0.20718132878960568, 0.1987802392442606], [0.25394526406244944, 0.41913801488550684, 0.09710033984790513, 0.22981638120413855], [0.10807428458294929, 0.21622759920493673, 0.07922681692757703, 0.596471299284537], [0.16759642419313522, 0.15479033017655905, 0.1456781661445238, 0.531935079485782], [0.10139307734336463, 0.33052743315760064, 0.26229386864314314, 0.3057856208558917], [0.37429453572548876, 0.22078630758921497, 0.0805052923685481, 0.32441386431674846], [0.15553818360629537, 0.41874946876565594, 0.16411339693566035, 0.2615989506923884], [0.3496361839381574, 0.19998248977736424, 0.11287669863392948, 0.3375046276505488], [0.1856384382092028, 0.41154220228127775, 0.20957966264430936, 0.19323969686521003], [0.23357828503448594, 0.26284254436349663, 0.10354497958800912, 0.4000341910140083], [0.15730458463424277, 0.6089626310084804, 0.04594614355932648, 0.1877866407979505], [0.22803942929917392, 0.29843944310090736, 0.12894206787721568, 0.34457905972270314], [0.15552328538173527, 0.49434152975414164, 0.16307854264360586, 0.1870566422205172], [0.08175218444106028, 0.29749100346289853, 0.08700687708401116, 0.53374993501203], [0.16351259419688557, 0.22305192654043457, 0.24363269150477976, 0.36980278775790004], [0.27167846734049805, 0.25836298745359204, 0.13043721563930655, 0.33952132956660325]]}}