{"test": {"ids": ["106116120", "110113591", "113121190", "111119300", "106120290", "112119450", "110117870", "108117360", "113119340", "104111880", "97107681", "111117571", "107114321", "107119130", "99108710", "109113591", "112120630", "107120880", "109117110", "109117431", "109114220", "113118620", "108121160", "108114040", "108113480", "110115710", "104109311", "99117740", "97105960", "110119030", "100111080", "106120640", "100108260", "112116540", "110118880", "112117660", "102113981", "109120560", "110116441", "111119950", "104113550", "97116500", "110117200", "108114670", "113119300", "98108970", "98112170", "111120190", "107113360", "110121140", "108120700", "99107300", "108115500", "113119360", "112118161", "108113740", "99109370", "101113210", "108115870", "107118120", "111120591", "110116170", "113121980", "97109570", "105116980", "113119930", "104112470", "111116100", "108117451", "102112030", "106116820", "111116090", "102116340", "109117271", "113119700", "111120220", "99107630", "106119990", "109114720", "106118520", "102109910", "105117351", "107114140", "106114321", "100120780", "111121351", "105113260", "98109090", "98120530", "110115120", "99114890", "99108330", "111116010", "112118810", "101110150", "109119010", "103111540", "113122150", "100109330", "109118231", "103120531", "113122180", "102110750", "100108490", "102109840", "106114011", "99108310", "105113480", "113117630", "109118820", "103109641", "107114200", "112119950", "101119591", "99108580", "98113881", "105116650", "113118690", "112118701", "110118810", "107114621", "111120320", "107119950", "101108621", "99120010", "106111321", "110120540", "111118820", "100109360", "104111380", "107116980", "111120260", "108120260", "105116501", "97114170", "109120540", "100108520", "105117431", "111120531", "110117080", "106119260", "103113170"], "labels": [1, 0, 1, 1, 2, 3, 3, 1, 0, 3, 3, 3, 0, 1, 2, 3, 3, 1, 1, 1, 3, 3, 2, 0, 0, 2, 3, 2, 2, 0, 0, 3, 3, 1, 0, 0, 1, 1, 3, 0, 1, 2, 3, 3, 1, 3, 3, 3, 0, 3, 2, 3, 3, 0, 0, 3, 1, 3, 3, 3, 1, 0, 2, 0, 0, 1, 1, 3, 2, 2, 1, 3, 3, 0, 0, 3, 2, 0, 0, 2, 2, 0, 2, 2, 1, 0, 3, 1, 1, 0, 2, 1, 1, 3, 1, 3, 1, 2, 0, 1, 3, 2, 1, 2, 2, 1, 2, 0, 0, 3, 1, 2, 0, 0, 0, 3, 1, 3, 0, 1, 0, 1, 3, 0, 2, 0, 1, 0, 0, 3, 3, 3, 1, 1, 2, 1, 2, 1, 0, 1, 1, 3], "predicted_labels": [0, 0, 3, 2, 1, 0, 3, 0, 0, 3, 1, 3, 1, 1, 1, 0, 0, 3, 3, 0, 3, 0, 3, 2, 1, 1, 3, 0, 2, 3, 1, 1, 1, 1, 0, 0, 0, 3, 1, 0, 0, 1, 0, 3, 3, 1, 0, 3, 0, 0, 0, 3, 1, 3, 0, 0, 1, 3, 0, 0, 0, 0, 1, 3, 1, 1, 1, 0, 3, 2, 0, 0, 3, 3, 1, 0, 3, 0, 3, 1, 0, 3, 3, 0, 0, 0, 3, 3, 3, 3, 1, 3, 2, 0, 1, 3, 0, 1, 1, 1, 3, 3, 2, 2, 1, 1, 1, 1, 3, 0, 2, 1, 0, 3, 0, 1, 1, 3, 3, 0, 0, 0, 0, 0, 1, 3, 1, 3, 3, 3, 1, 0, 3, 3, 3, 1, 3, 1, 0, 3, 3, 1], "confidence_scores": [[0.5717794308247087, 0.32416650648381073, 0.04347620784070665, 0.06057785485077402], [0.9922486350163172, 0.005236448445832664, 0.0006104238539343607, 0.0019044926839157743], [0.049417842792709436, 0.21322870816226155, 0.07641833608590255, 0.6609351129591265], [0.013016224491038331, 0.03400058705279301, 0.9431338011118627, 0.009849387344305944], [0.002595506083619307, 0.9589939604402212, 0.01539203613199503, 0.02301849734416457], [0.5210501255436086, 0.473683001674145, 0.0007085728331680612, 0.00455829994907828], [0.1938048075325547, 0.0012236209872582566, 0.03519098829846909, 0.7697805831817179], [0.427017694826205, 0.054561158194475996, 0.35671941658954714, 0.1617017303897717], [0.9455934597808241, 0.009569160722940034, 0.0006111079337862795, 0.0442262715624496], [7.081551538362149e-05, 0.28323759986354186, 0.3239784186222781, 0.39271316599879635], [0.03591627794167774, 0.9395566478858711, 0.004967891676159825, 0.019559182496291225], [0.1190857059538257, 0.1780351592714337, 0.0027595480976462675, 0.7001195866770944], [0.11530613340645035, 0.49498041434298806, 0.0006878652020561167, 0.3890255870485055], [0.0611113242306552, 0.46811150673655433, 0.2735120715879423, 0.19726509744484816], [0.00790178517464321, 0.9761790494405674, 0.01543471941231299, 0.0004844459724765889], [0.64217640959962, 0.04629212751161781, 0.0007190222284399723, 0.31081244066032215], [0.6501077057514392, 0.020602503864602714, 0.0034831495353730662, 0.3258066408485851], [0.0007628191424156142, 0.08252044769424978, 0.024850673779902386, 0.8918660593834322], [0.012282737513200874, 0.34747800096179565, 0.12224965771292737, 0.517989603812076], [0.8873685402724728, 0.03293437135169192, 0.0017651671867988025, 0.07793192118903629], [0.32971726725375106, 0.003751169158134445, 0.0003528821482587188, 0.6661786814398558], [0.5974647449683839, 0.35014414874906064, 0.01008786153228049, 0.042303244750275026], [0.02088254034549887, 0.019461930873146488, 0.02592951173549162, 0.9337260170458631], [0.030388545326233588, 0.224505433618818, 0.5333181265305369, 0.2117878945244115], [0.021718851146668522, 0.7867604851904659, 0.006010747813724148, 0.18550991584914148], [0.0451292841296862, 0.9359795338957596, 0.01481220897796829, 0.004078972996585846], [0.4895937680978451, 0.0005478808247654985, 0.009957982568371245, 0.4999003685090181], [0.918784833673045, 0.06884593941858218, 0.005400680470545416, 0.006968546437827175], [0.39705566673037657, 0.02690573146997589, 0.41984267634931943, 0.15619592545032804], [0.0013594131503857365, 0.03478117696869837, 0.0003623108531284115, 0.9634970990277875], [0.00890175659483805, 0.8489432465255425, 0.09808435330684563, 0.04407064357277384], [0.0408928711945222, 0.9196389485623745, 0.01462818617889758, 0.024839994064205766], [0.12744160595630122, 0.8123948703046606, 0.03700906482311959, 0.023154458915918563], [0.0229591866667079, 0.9064509606451163, 0.0009510393026966685, 0.0696388133854789], [0.6224622769309079, 0.13764882176896753, 0.00024237765135375593, 0.23964652364877082], [0.5103574345818191, 0.08881949964073396, 0.03608230177166212, 0.3647407640057848], [0.9196247738844832, 0.023076193538312473, 0.0019319580772918846, 0.05536707449991262], [0.06986250658494449, 0.02928355600819266, 0.009956815704668439, 0.8908971217021945], [0.01456198100943495, 0.796245336996953, 0.006440601988583302, 0.1827520800050287], [0.7010586640674382, 0.07309831319457458, 0.005128270514786515, 0.22071475222320064], [0.9426528954492389, 0.01870580977707332, 0.0017693915657923517, 0.03687190320789516], [0.035921586380475254, 0.5117995754359586, 0.05929234702997199, 0.39298649115359424], [0.9412511405384033, 0.03876144249551418, 0.007839624128210135, 0.012147792837872338], [0.09684953189892988, 0.06667992424566871, 0.0002314202493418633, 0.8362391236060596], [0.0892163976662556, 0.3408304476310103, 0.009994071675018043, 0.559959083027716], [0.00453219140876048, 0.8201376442612277, 0.1719782807531679, 0.0033518835768438695], [0.7725394539564455, 0.002234434724462136, 0.04617907152260224, 0.17904703979648998], [0.015306381622189585, 0.01198466991118758, 0.10667419757070379, 0.8660347508959191], [0.9743834282700956, 0.021553624706663218, 0.000732663125067305, 0.0033302838981739795], [0.9184991643714144, 0.031758914601041105, 0.008652631947901961, 0.041089289079642474], [0.6280067633741788, 0.3277259876905463, 0.0065994889612384505, 0.03766775997403657], [0.43208235765817954, 0.06484334757039281, 0.00015326307911849293, 0.5029210316923092], [0.07948686870084486, 0.48361791565610235, 0.15220175367800098, 0.2846934619650519], [0.017645921183565692, 0.002715374087254402, 0.0073680516488697145, 0.9722706530803101], [0.8577626674763206, 0.12297980210756781, 0.006548887001702862, 0.012708643414408577], [0.8475321626531305, 0.05788117774245294, 0.003629539472677737, 0.09095712013173882], [0.0067162292742533845, 0.9575896530670335, 0.030187387260666467, 0.0055067303980465806], [0.08860406219064246, 0.002513228774062102, 0.2448306052115831, 0.6640521038237124], [0.8853668707882434, 0.022945557928124062, 0.00018463153308243756, 0.0915029397505501], [0.5024109522869028, 0.2606057425374239, 0.0003768816524079811, 0.2366064235232655], [0.9851613291096245, 0.0005146360050909955, 0.00034222722682361665, 0.013981807658460889], [0.5720260343891402, 0.07006686985143513, 0.04689623386323649, 0.3110108618961881], [0.13210904569848217, 0.7833540633568917, 0.003357367982381174, 0.08117952296224508], [0.1498597934352749, 0.008140346853923008, 0.4184104042186931, 0.423589455492109], [0.06611150577515976, 0.9241641023832012, 0.00014826189344734671, 0.009576129948191648], [0.002106286075158795, 0.992297514635721, 0.00015623971962353542, 0.005439959569496587], [0.00872939359307502, 0.8659409141840351, 0.09879472464374056, 0.02653496757914942], [0.3357321569957766, 0.3310956165661687, 0.03771172677093097, 0.2954604996671239], [0.06955535671242236, 0.008448871685841033, 0.007242316586708609, 0.914753455015028], [0.019251359477032874, 0.02733480839538172, 0.5986346023889847, 0.3547792297386008], [0.7158824728301535, 0.04672741907644998, 0.22323762569953648, 0.014152482393860126], [0.6342981314385915, 0.06968731710480236, 0.000752062034500259, 0.295262489422106], [0.010068952469335585, 0.03997391878601042, 0.020098740520239303, 0.9298583882244147], [0.0054120639755668625, 0.012721672587908331, 0.01246333293359992, 0.9694029305029248], [0.15583442128200153, 0.7491716197925817, 0.025059377530051778, 0.06993458139536485], [0.9234926093223027, 0.04522174489978106, 0.020182370582202295, 0.011103275195713939], [0.02967829232739775, 0.008244887444662962, 0.000697189098167301, 0.9613796311297721], [0.7821282991381998, 0.00174013001161686, 0.2098861589860832, 0.006245411864100085], [0.000548009164904917, 0.10486802417043302, 0.01178338396165968, 0.8828005827030024], [0.004539617437580962, 0.9235338215351898, 0.0709659837298929, 0.0009605772973362515], [0.8393298866251505, 0.037342866238049326, 0.004496025723219393, 0.11883122141358092], [0.05154249212724069, 0.12552449932098464, 0.0028754405096159574, 0.8200575680421587], [0.006239050682613753, 0.06679714837761011, 0.30358471405111376, 0.6233790868886624], [0.5089013154429627, 0.47173463295420537, 0.004357285305262654, 0.015006766297569297], [0.7994958255711085, 0.14603097339547177, 0.015877679428183335, 0.03859552160523638], [0.9981472534580876, 0.0013716234873292835, 5.9540439382690045e-05, 0.0004215826152003211], [0.332337647790092, 0.04086217702970738, 0.07484454509874801, 0.5519556300814525], [0.29035645080408345, 0.1652912282403501, 0.009315570909112982, 0.5350367500464535], [0.18200113754317304, 0.09094161714735165, 0.025328993440416895, 0.7017282518690584], [0.09539185549469774, 0.007618108932450913, 0.05419130761607863, 0.8427987279567727], [0.00018591719804198867, 0.689415707349196, 0.051875345300519175, 0.25852303015224276], [0.009305405750191655, 0.002124468439074926, 0.27082369369601844, 0.717746432114715], [6.807475560438741e-05, 0.46371334215577864, 0.5038329571468678, 0.03238562594174913], [0.8606111107090811, 0.03040988929278967, 0.0049478595663268, 0.10403114043180246], [0.0009689805040941119, 0.9691743033287163, 0.02733464956401964, 0.002522066603169895], [0.0019064451969960008, 0.014412143202982968, 0.02555041389680261, 0.9581309977032185], [0.3953234777257834, 0.18792768431806114, 0.08820247642775782, 0.3285463615283976], [4.7087412470826725e-05, 0.9980033871028856, 0.00040247355687129114, 0.0015470519277722007], [0.03697535043195154, 0.80755093898502, 0.018397761139531045, 0.13707594944349735], [0.04263084999281251, 0.8426788185444862, 0.1074988260773197, 0.00719150538538135], [0.007569374060684717, 0.3954876062955017, 0.0057831686141279785, 0.5911598510296856], [0.008062954167544415, 0.04870992150375527, 0.07866178997197575, 0.8645653343567246], [0.00031044245630171394, 0.029909994721029422, 0.9697233001785408, 5.626264412814611e-05], [0.06777700124881901, 0.26639486553211217, 0.6610167651432801, 0.0048113680757885975], [0.05259483710128023, 0.8100464274671034, 0.1131321091739037, 0.024226626257712488], [0.30749545489141283, 0.5870195479544442, 0.03732822714882649, 0.06815677000531652], [0.19065220067483393, 0.5422569617607493, 0.12541527997332197, 0.14167555759109482], [0.08329664000353308, 0.7414901028946241, 0.11411338273079297, 0.0610998743710497], [0.43845795631230744, 0.007055863438144005, 0.006103352220361884, 0.5483828280291867], [0.5790239678228949, 0.4125576203531089, 0.004374417657612134, 0.004043994166384023], [0.0053009676818814985, 0.0611840939978067, 0.7695165635785708, 0.16399837474174112], [0.007238323191618997, 0.9581656174109178, 0.0004920239187066115, 0.03410403547875656], [0.6409851385169262, 0.00042127114422594366, 0.0005880921063008919, 0.358005498232547], [0.051765207582484755, 0.043959576118091516, 0.005579829836789496, 0.8986953864626342], [0.48132544075346756, 0.40171875402991436, 0.039109496837700125, 0.0778463083789179], [0.01857488699710983, 0.8535101273278349, 0.07664123186417197, 0.05127375381088337], [0.0027517775244281294, 0.6899940659507421, 0.3031329884337681, 0.004121168091061742], [0.11773178071281433, 0.3700426032656233, 0.008878704115324161, 0.5033469119062383], [0.0016887002408928343, 0.033942223263776494, 0.00041647081326179477, 0.963952605682069], [0.989645851313246, 0.010161419295495184, 0.00016700958245569137, 2.5719808803304332e-05], [0.512831698743043, 0.0008095679972893404, 0.00024046228136912493, 0.48611827097829846], [0.3837207829060167, 0.29938419006969974, 0.11475535072807752, 0.20213967629620616], [0.5657814731284376, 0.024528508646313837, 0.000774107491903848, 0.4089159107333446], [0.6734335703826004, 0.30963407298085277, 0.008228695739904868, 0.008703660896641818], [0.011807021813666028, 0.9029478412539487, 0.06821142720741785, 0.01703370972496732], [0.023317079692537445, 0.22711142581538893, 0.011152779452049982, 0.7384187150400235], [0.0012311438672787999, 0.9799785134186704, 0.007971667943283592, 0.010818674770767204], [0.46737765971582773, 0.02731179487821647, 0.00025402314563909, 0.5050565222603167], [0.19530993625503545, 0.10042472854752658, 0.01962937024988042, 0.6846359649475575], [0.3239996391303657, 0.011517530587081418, 0.05161632439165389, 0.6128665058908991], [0.08276140963741699, 0.5110115858736174, 0.001540091722588884, 0.40468691276637686], [0.8158239568631248, 0.07926848330863814, 0.002600013196224608, 0.10230754663201248], [0.12963014420835184, 0.1802188484312316, 0.0343175222634188, 0.6558334850969977], [0.20612262465451622, 0.26562674850873247, 0.001753482946269551, 0.5264971438904817], [0.00022274697686275357, 0.006670857841802616, 0.2835056454341716, 0.7096007497471631], [0.23225499829013757, 0.5556084352982046, 0.0071723254057949395, 0.20496424100586277], [0.0008755387418971913, 0.0008845345205033386, 0.4716840852944753, 0.5265558414431242], [0.02075943545142004, 0.7451620792995518, 0.0949370745576164, 0.13914141069141173], [0.7420130172030196, 0.021680178324817133, 0.0016930442438172096, 0.23461376022834607], [0.0005167664094666724, 0.04158111886676436, 0.004727894307632539, 0.9531742204161363], [0.0075028817171588665, 0.00115735468216927, 0.05927281425110783, 0.932066949349564], [0.31513748152937615, 0.3982662901301181, 0.2612390113896234, 0.02535721695088246]]}, "rewritten": {"ids": ["97105960", "97107681", "97109570", "97114170", "97116500", "98108970", "98109090", "98112170", "98113881", "98120530", "99107300", "99107630", "99108310", "99108330", "99108580", "99108710", "99109370", "99114890", "99117740", "99120010", "100108260", "100108490", "100108520", "100109330", "100109360", "100111080", "100120780", "101108621", "101110150", "101113210", "101119591", "102109840", "102109910", "102110750", "102112030", "102113981", "102116340", "103109641", "103111540", "103113170", "103120531", "104109311", "104111380", "104111880", "104112470", "104113550", "105113260", "105113480", "105116501", "105116650", "105116980", "105117351", "105117431", "106111321", "106114011", "106114321", "106116120", "106116820", "106118520", "106119260", "106119990", "106120290", "106120640", "107113360", "107114140", "107114200", "107114321", "107114621", "107116980", "107118120", "107119130", "107119950", "107120880", "108113480", "108113740", "108114040", "108114670", "108115500", "108115870", "108117360", "108117451", "108120260", "108120700", "108121160", "109113591", "109114220", "109114720", "109117110", "109117271", "109117431", "109118231", "109118820", "109119010", "109120540", "109120560", "110113591", "110115120", "110115710", "110116170", "110116441", "110117080", "110117200", "110117870", "110118810", "110118880", "110119030", "110120540", "110121140", "111116010", "111116090", "111116100", "111117571", "111118820", "111119300", "111119950", "111120190", "111120220", "111120260", "111120320", "111120531", "111120591", "111121351", "112116540", "112117660", "112118161", "112118701", "112118810", "112119450", "112119950", "112120630", "113117630", "113118620", "113118690", "113119300", "113119340", "113119360", "113119700", "113119930", "113121190", "113121980", "113122150", "113122180"], "labels": [2, 3, 0, 2, 2, 3, 1, 3, 3, 1, 3, 2, 2, 1, 0, 2, 1, 2, 2, 2, 3, 2, 2, 0, 0, 0, 1, 0, 1, 3, 0, 2, 2, 1, 2, 1, 3, 1, 1, 3, 3, 3, 3, 3, 1, 1, 3, 0, 1, 1, 0, 0, 1, 0, 1, 2, 1, 1, 2, 1, 0, 2, 3, 0, 2, 2, 0, 0, 3, 3, 1, 3, 1, 0, 3, 0, 3, 3, 3, 1, 2, 1, 2, 2, 3, 3, 0, 1, 0, 1, 1, 3, 3, 1, 1, 0, 0, 2, 0, 3, 1, 3, 3, 1, 0, 0, 1, 3, 1, 3, 3, 3, 0, 1, 0, 3, 3, 3, 1, 0, 1, 0, 1, 0, 0, 0, 3, 3, 0, 3, 0, 3, 3, 1, 0, 0, 0, 1, 1, 2, 2, 2], "predicted_labels": [3, 1, 2, 3, 3, 1, 0, 0, 2, 3, 3, 3, 0, 1, 0, 1, 1, 1, 0, 2, 1, 0, 3, 1, 0, 2, 0, 0, 1, 0, 3, 2, 0, 2, 2, 0, 1, 2, 3, 1, 3, 3, 0, 1, 1, 0, 0, 1, 0, 1, 1, 3, 0, 0, 0, 0, 0, 0, 2, 3, 0, 1, 0, 0, 2, 0, 0, 3, 0, 0, 0, 0, 3, 1, 0, 2, 0, 3, 0, 0, 3, 1, 0, 3, 0, 3, 3, 3, 1, 0, 1, 0, 3, 0, 0, 0, 0, 1, 1, 3, 3, 1, 0, 0, 0, 1, 1, 0, 1, 0, 1, 3, 3, 2, 0, 3, 0, 0, 0, 0, 0, 0, 1, 0, 0, 3, 0, 0, 0, 0, 0, 1, 1, 3, 0, 3, 1, 1, 3, 0, 1, 3], "confidence_scores": [[0.21375210853688217, 0.0024111288734387183, 0.08254952192594739, 0.7012872406637318], [0.07659734736397163, 0.8840628740885309, 0.009539912126900531, 0.02979986642059708], [0.0843065498617594, 0.006972362734799493, 0.6521676611130047, 0.2565534262904364], [0.002245058693034636, 0.001506757057271683, 0.29063558389556643, 0.7056126003541273], [0.0238542777307722, 0.16186068384897245, 0.06510860394143839, 0.7491764344788169], [0.024043876438117142, 0.7105229165876493, 0.263483597408052, 0.001949609566181575], [0.8821313529233703, 0.03831576458474489, 0.002104017343456482, 0.07744886514842834], [0.9697595556731258, 0.0012630841718655839, 0.005504128527384642, 0.02347323162762416], [0.10367433094853881, 0.259211859134504, 0.6309067090516915, 0.006207100865265642], [0.02363160210458716, 0.00015417873786869967, 0.0020165735586222004, 0.974197645598922], [0.3418465409648325, 0.023780526226119682, 6.047164161154381e-05, 0.6343124611674362], [0.2344627090277705, 0.01641246558829404, 0.03651102630193129, 0.7126137990820043], [0.9458425089061206, 0.045331755203995266, 0.00042775767410343124, 0.008397978215780704], [0.0004862564081692025, 0.9165460969233745, 0.013775821088106259, 0.0691918255803499], [0.4447478958403878, 0.389453426266855, 0.07275524555270471, 0.09304343234005237], [0.04595931362929353, 0.8320235966246557, 0.11408718504507921, 0.00792990470097163], [0.0017139199927222514, 0.9943794320023772, 0.0023351885081110495, 0.001571459496789386], [0.0032624510598358177, 0.7440310240989213, 0.11874800044600058, 0.1339585243952423], [0.7635124909419654, 0.2076406977760209, 0.017771488873657964, 0.011075322408355777], [0.12703679499307463, 0.1717244785536968, 0.688744968650379, 0.012493757802849365], [0.05465959401761511, 0.9040108752254945, 0.017289411712994324, 0.02404011904389604], [0.48380341266082316, 0.22672142649678767, 0.2852302131106243, 0.004244947731764675], [0.04278231715026137, 0.03153358367341312, 0.44979525566913703, 0.47588884350718846], [0.11457619190127817, 0.5006948934211838, 0.09318912261101915, 0.2915397920665188], [0.3330116701945673, 0.3250555086315416, 0.022804403889136515, 0.31912841728475466], [0.005714516176703555, 0.40476588999828333, 0.5068529583474104, 0.08266663547760279], [0.8156335019633065, 0.07866386647637777, 0.013949718348086466, 0.09175291321222918], [0.7897771693837616, 0.20470849612204342, 0.003607577920445907, 0.0019067565737489894], [0.011599931561635381, 0.8172400616701692, 0.1601909099395607, 0.010969096828634652], [0.8085575228303363, 0.031024220212106792, 0.11636714752326281, 0.044051109434294126], [0.181254479055804, 0.002764702738470439, 0.012082646947664874, 0.8038981712580606], [0.21088772682960227, 0.2017367925055826, 0.36177668188369383, 0.2255987987811215], [0.9892215360070887, 0.0022315923813455174, 0.00027320644065377157, 0.008273665170911935], [0.001140850096520567, 0.005814225419918012, 0.9929575431528774, 8.738133068388903e-05], [0.030930220895846874, 0.04245722647284502, 0.7766794578062891, 0.14993309482501913], [0.9554043235794399, 0.009309678382553381, 0.0010754658811972385, 0.034210532156809456], [0.18464652306935161, 0.6281065929998326, 0.15207053914463006, 0.03517634478618575], [0.007970186841982951, 0.14706630932758843, 0.7419910823624972, 0.1029724214679315], [0.11044729359774075, 0.03572531937089947, 0.01785699633093501, 0.8359703907004248], [0.08580018412359455, 0.6776426056186531, 0.20676409099236917, 0.029793119265383073], [0.011532998395191438, 0.34624887555259354, 0.00645235747343009, 0.6357657685787849], [0.14032285725511792, 3.403203691609136e-05, 0.003077150711753635, 0.8565659599962123], [0.5662864520169749, 0.006573798744470092, 0.05796941241376604, 0.369170336824789], [3.0651531756651504e-05, 0.8835001932558518, 0.047440888777706226, 0.0690282664346853], [0.13731541844693634, 0.4539569432630931, 0.2803896985851488, 0.1283379397048217], [0.8210550158065153, 0.04110759801757902, 0.005475607270441706, 0.13236177890546405], [0.8540957138989045, 0.10407485998866914, 0.024174654093167623, 0.01765477201925879], [0.3199591841693745, 0.6414839227007052, 0.031747535437207604, 0.0068093576927128], [0.47414019478083874, 0.3245717877346681, 0.0004700703072226283, 0.20081794717727072], [0.30956632464863326, 0.45557435479198843, 0.07868887757147519, 0.1561704429879031], [0.10857728594889345, 0.8668424179504518, 0.0005044897943448766, 0.02407580630630998], [0.006375358131235919, 0.04185416587557244, 0.002773705062257217, 0.9489967709309345], [0.3065325639974585, 0.22952302554559859, 0.22205526441730916, 0.24188914603963382], [0.5819888307029514, 0.37569319449982413, 0.008345352675062144, 0.03397262212216241], [0.5770015316825563, 0.2441336601147239, 0.01210169547760304, 0.16676311272511674], [0.6183718679490721, 0.3590562985438707, 0.003557751678523768, 0.019014081828533484], [0.7037102764441435, 0.12432591023887714, 0.14682882558164992, 0.025134987735329475], [0.7821352770781383, 0.08521072926159433, 0.11379531570074586, 0.018858677959521574], [0.08731914556626762, 0.027244472021047447, 0.7761368373527494, 0.10929954505993551], [0.02482502821996224, 0.0024750170028815647, 0.05145744542191364, 0.9212425093552425], [0.49412659859960134, 0.002804585884963362, 0.4810510584888384, 0.022017757026596765], [0.026219934967305413, 0.6424620773509543, 0.011337097949553678, 0.3199808897321868], [0.9898319786442369, 0.007766574707137589, 0.0019079905076514968, 0.0004934561409739475], [0.973642970743257, 0.012726593895668747, 0.012022032351700171, 0.001608403009374157], [0.01858118068101205, 0.04312137938042589, 0.7296893762016764, 0.20860806373688567], [0.5504719320017086, 0.3501814719218521, 0.0010010918554789491, 0.09834550422096022], [0.4881812196492083, 0.055050248243804945, 0.00012079931497356166, 0.4566477327920133], [0.19698691873523527, 0.0036288514899178825, 0.0004087199584383154, 0.7989755098164085], [0.7455256220546674, 0.25185398835030554, 0.0019150043016303026, 0.0007053852933966004], [0.528967084532545, 0.11654667495241304, 0.000683959181051867, 0.35380228133399017], [0.5763793852360978, 0.12662705252466183, 0.06641845101835389, 0.23057511122088648], [0.5944750814721168, 0.037705531719734175, 0.0005146871096005295, 0.36730469969854845], [0.0047867368055233344, 0.11970628829162432, 0.18328290296968483, 0.6922240719331676], [0.016632652604127135, 0.8847892138179764, 0.004672396006758224, 0.09390573757113806], [0.7880871768109928, 0.1245046577375551, 0.010575889437063704, 0.07683227601438843], [0.2671256740660657, 0.005849945411545242, 0.6722896247613293, 0.05473475576105984], [0.38606552075416095, 0.26681510534515684, 0.0017242481519694672, 0.3453951257487128], [0.07096401333865095, 0.15240822718658603, 0.3371089032888717, 0.4395188561858913], [0.8794574002285144, 0.02784733433109221, 0.00037721055145931214, 0.09231805488893399], [0.673039605595546, 0.02762041004044319, 0.2877382257074857, 0.011601758656525121], [0.025716421639616318, 0.0020047428070506497, 0.0016043449380074774, 0.9706744906153256], [0.37360129398571673, 0.56463778831211, 0.0061362364782111154, 0.05562468122396211], [0.7050181102457075, 0.29444614176300893, 0.00013397760924147568, 0.0004017703820419442], [0.24335384379691968, 0.3540789506424186, 0.0344865274140171, 0.3680806781466447], [0.8414058226670976, 0.003939624180410822, 4.3407802353030214e-05, 0.15461114535013856], [0.26496558190846775, 0.008352519025496035, 0.00022602852128108497, 0.7264558705447551], [0.02956552842914103, 0.1870027794012585, 0.3856075529384928, 0.39782413923110777], [0.0022585751591325783, 0.020247785048724192, 0.012443399838606593, 0.9650502399535367], [0.039316958170812905, 0.9164376532280032, 0.0033934988903270846, 0.040851889710856876], [0.5345231698134146, 0.05654129517387572, 0.007391053935020816, 0.4015444810776888], [0.07339468072544651, 0.7378240088086807, 0.1784973807104777, 0.01028392975539506], [0.9827633211109453, 0.014685909572143765, 0.0019114728750324226, 0.0006392964418783147], [0.01522579102654712, 0.0027683808445612365, 0.05046001364833911, 0.9315458144805525], [0.45446881790801374, 0.10975754483172763, 0.01355062707380819, 0.4222230101864504], [0.4911864585640744, 0.01044970894090658, 0.0190394980024048, 0.47932433449261413], [0.9955716411262766, 0.0038319987111763987, 0.0002876057828686803, 0.0003087543796782862], [0.6264225449871156, 0.13707016131575347, 0.04614357632315499, 0.19036371737397598], [0.05230766508258129, 0.9346683957733963, 0.010480574097209377, 0.0025433650468130588], [0.05687440027462531, 0.5906592971544324, 0.03325421261335684, 0.31921208995758554], [0.003311198106926843, 0.4698206990504387, 0.016779125591159412, 0.5100889772514751], [0.0002492257793363432, 0.015551127630325954, 0.002532658719792621, 0.9816669878705451], [0.41147378519770816, 0.45964300404331465, 0.033327986747663706, 0.09555522401131339], [0.6159065851551271, 0.0024784334355853234, 0.15427775221469414, 0.2273372291945935], [0.9503121176084434, 0.04846014465924149, 0.0011109791808224959, 0.00011675855149252771], [0.800502084042467, 0.06667168542206975, 0.00021723292367451354, 0.13260899761178874], [0.003804427479055273, 0.8168597624164526, 0.000857059438726635, 0.17847875066576557], [0.04100702336992555, 0.544609110498273, 0.1440972294082899, 0.27028663672351155], [0.5546225422742457, 0.32692325982327625, 0.050288792230640346, 0.06816540567183768], [0.00490884074151914, 0.43131803880668057, 0.4118698414170933, 0.151903279034707], [0.9741879592677412, 0.00493153008793332, 0.00021641447379408164, 0.020664096170531433], [0.1668757410143263, 0.570974740472317, 0.016555121727205434, 0.2455943967861512], [0.004944628511222334, 0.3132351779244882, 0.0011876807599403981, 0.6806325128043491], [0.242328946814879, 0.003584449617022456, 0.000422251614997496, 0.753664351953101], [0.12281510001130194, 0.1243185834804687, 0.716139803463591, 0.03672651304463847], [0.9171424479542336, 0.02284366087119747, 0.009015271235826818, 0.05099861993874205], [0.02826423756024143, 0.056058832190934056, 0.1610273192512432, 0.7546496109975812], [0.941578032488123, 0.04404112253569295, 0.014089002919586941, 0.00029184205659719774], [0.6169738120698791, 0.24870126377796678, 0.014839389329984735, 0.11948553482216932], [0.4501710690231672, 0.37231008825620215, 0.10377236825608083, 0.07374647446454985], [0.6048578871168387, 0.01284998151414757, 0.000406653538423755, 0.38188547783058985], [0.9997588289546205, 1.9889953060155225e-05, 4.939914772143535e-05, 0.0001718819445977332], [0.9988717695071203, 0.0009272909180351549, 0.00014305097618788214, 5.788859865676096e-05], [0.00031389899241302747, 0.9992661445047807, 8.547151316669708e-05, 0.0003344849896394253], [0.9565477424517576, 0.03270709482493472, 0.0015100510547678236, 0.009235111668540148], [0.6368255893694267, 0.3498460708859056, 0.011506326154554644, 0.0018220135901132243], [0.10672951323911439, 0.1044465997036136, 0.003020592709408337, 0.7858032943478638], [0.9167644166432808, 0.00589759131988865, 0.00019683143393067296, 0.07714116060289991], [0.986678375227172, 0.01235267731385586, 0.00024123858828517376, 0.0007277088706868479], [0.9863501231192278, 0.0002277422756093354, 0.0006415705667186112, 0.012780564038444206], [0.9101026377802398, 0.05715806977134972, 0.006204553957787654, 0.026534738490622874], [0.6643075750870685, 0.011153845103308817, 0.005631990483014771, 0.31890658932660804], [0.3997961565564402, 0.5338579801282551, 0.03510026585951901, 0.031245597455785576], [0.3686218782853919, 0.5033029272683285, 0.000367503302896386, 0.12770769114338326], [0.3309137237586641, 0.15437437634874998, 0.025900276454236953, 0.48881162343834894], [0.9906316234752256, 0.0012658904803329342, 0.00028609713284002443, 0.007816388911601557], [0.00393662218203158, 0.02364282344401983, 0.009435602511146104, 0.9629849518628025], [0.1369277487161474, 0.5997588080565774, 0.007378060571798589, 0.2559353826554765], [0.06773956138229514, 0.9278507631298977, 0.000657929126384208, 0.0037517463614227834], [0.11548624317443167, 0.03373421835779038, 0.08892696604731833, 0.7618525724204597], [0.39773635309522476, 0.37108054459664097, 0.008072904996095994, 0.2231101973120382], [0.001275498696173372, 0.905067528391366, 0.03301755236246843, 0.06063942054999233], [0.01995425398793523, 0.0005372776348355786, 0.007933757082711611, 0.9715747112945176]]}}