{"test": {"ids": ["113121010", "103109791", "103109021", "107118520", "111116990", "109116040", "110120700", "101117580", "101111990", "103113270", "99107500", "99111440", "109115070", "98108970", "107121700", "105120280", "108121160", "113122160", "110114720", "99113260", "113118630", "106116441", "109114270", "113122120", "101109120", "113120640", "105118740", "101108080", "113122180", "113122650", "105110091", "110118701", "104111780", "110117140", "110117080", "109116930", "97107920", "103110220", "109117271", "99117740", "110121500", "99121440", "112121360", "112120540", "98107410", "113122230", "110120540", "111117000", "101110150", "108117720", "113118511", "102113210", "100108990", "105113620", "107119130", "106116820", "103110050", "104116980", "110121450", "107113550", "107120260", "113118490", "107121540", "101111620", "109120621", "98117740", "103110760", "99107950", "98121790", "108121190", "104113380", "101121640", "111116530", "112118530", "107113170", "106114011", "98108410", "106118820", "104113190", "104113000", "111121220", "109113881", "101108500", "109121351", "112118860", "98107340", "113118231", "97106770", "110118740", "104116441", "111115780", "108114360", "97116410", "111120531", "107119390", "100108490", "110118301", "108118520", "113121680", "106113830", "107118120", "106114280", "111120260", "105112100", "112120990", "107114200", "107116501", "98108580", "113118870", "102110050", "113117401", "109114720", "113121980", "108116070", "101108580", "112118581", "107118780", "113119480", "102112301", "99120010", "108115070", "106114880", "98109570", "110116300", "101111210", "110114610", "101108290", "112121030", "105116980", "99109740", "104112470", "111116750", "112118550", "106116120", "105112240", "105116090", "100117420", "106117650", "110116170", "111119150", "98119591", "103120730"], "labels": [2, 3, 0, 2, 0, 0, 2, 3, 2, 2, 0, 3, 0, 3, 3, 3, 2, 3, 3, 0, 3, 0, 3, 1, 1, 0, 1, 0, 2, 2, 0, 3, 3, 3, 1, 0, 0, 2, 0, 2, 3, 2, 3, 3, 3, 1, 1, 0, 1, 1, 1, 3, 2, 0, 1, 1, 3, 1, 3, 0, 1, 1, 2, 3, 1, 2, 1, 1, 2, 1, 1, 2, 3, 1, 0, 1, 1, 3, 3, 1, 3, 0, 3, 0, 3, 0, 3, 3, 3, 1, 1, 1, 3, 0, 2, 2, 1, 0, 1, 1, 3, 3, 3, 1, 2, 2, 1, 0, 0, 3, 3, 0, 2, 1, 0, 1, 1, 3, 1, 2, 1, 0, 1, 3, 2, 1, 0, 0, 0, 3, 1, 3, 3, 1, 1, 1, 2, 1, 0, 3, 1, 1], "predicted_labels": [1, 3, 3, 1, 0, 3, 1, 0, 3, 3, 1, 3, 1, 1, 3, 3, 3, 1, 2, 1, 3, 1, 1, 1, 1, 3, 3, 0, 3, 3, 1, 3, 3, 3, 3, 3, 3, 3, 1, 1, 0, 1, 0, 3, 3, 1, 1, 1, 3, 3, 1, 3, 1, 1, 3, 3, 1, 1, 3, 2, 1, 3, 1, 0, 3, 1, 3, 1, 0, 1, 1, 3, 1, 1, 3, 1, 0, 1, 3, 3, 3, 1, 1, 1, 1, 3, 3, 1, 0, 3, 1, 3, 1, 1, 1, 3, 1, 3, 3, 3, 3, 3, 0, 3, 3, 3, 3, 1, 1, 1, 3, 1, 3, 0, 0, 1, 3, 3, 2, 2, 1, 1, 3, 3, 0, 1, 3, 0, 0, 1, 3, 0, 3, 3, 3, 3, 2, 1, 3, 3, 1, 1], "confidence_scores": [[0.23019621489621495, 0.3196782273282274, 0.1529196137196137, 0.2972059440559442], [0.21772231657231658, 0.23746976356976368, 0.23617479742479763, 0.3086331224331225], [0.2774984164957847, 0.2584280810692575, 0.1698710271324822, 0.29420247530247545], [0.19934467003584666, 0.3376332464920702, 0.19853503718503718, 0.26448704628704633], [0.30481633366633365, 0.2543854478854479, 0.17576137196137206, 0.26503684648684656], [0.1956626123876124, 0.28455770895770915, 0.23510835553335552, 0.284671323121323], [0.20938499278499273, 0.2924059884559885, 0.2143476634476635, 0.2838613553113553], [0.28848595293595286, 0.2568186813186813, 0.17840287490287496, 0.27629249084249097], [0.2446260961260962, 0.2698129148629151, 0.1882589688089689, 0.2973020202020204], [0.25299499769236616, 0.2689953952480269, 0.19161130536130538, 0.2863983016983017], [0.2109485922574158, 0.3168687015598782, 0.1857312187812189, 0.28645148740148746], [0.24377638472638485, 0.22401209346209366, 0.2250048063048063, 0.30720671550671563], [0.28801835941835946, 0.3228256465756469, 0.1669771617271618, 0.22217883227883223], [0.2229646749449383, 0.3579412663360031, 0.2212450466200466, 0.1978490120990123], [0.2353440476190477, 0.27130658785658796, 0.19438891663891664, 0.29896044788544796], [0.23392130647130657, 0.25688154345654357, 0.2347843795093796, 0.2744127705627707], [0.2694271284271284, 0.265111038961039, 0.18620836940836938, 0.27925346320346306], [0.24862206682206692, 0.34330026362526356, 0.1811941586191586, 0.22688351093351083], [0.20666234321234317, 0.29183734043734044, 0.30207419802419827, 0.19942611832611845], [0.255540048840049, 0.28205585525585547, 0.22565209790209795, 0.2367519980019981], [0.23826849261849267, 0.28815574425574436, 0.16850108225108237, 0.3050746808746809], [0.25840010267510266, 0.32614897047397057, 0.17736361416361426, 0.23808731268731262], [0.21144248529248538, 0.29959049284049305, 0.21338301698301698, 0.275584004884005], [0.24955873015873034, 0.2795139341051106, 0.23642756328638698, 0.23449977244977263], [0.2660270285270287, 0.27342301587301593, 0.19821914196914212, 0.2623308136308137], [0.2586128666654983, 0.2490069995793682, 0.19418436840936854, 0.2981957653457653], [0.22440444359562012, 0.28298924213041865, 0.2089013930513931, 0.28370492122256813], [0.2932790986790986, 0.2534161616161616, 0.19994686979687, 0.25335786990786996], [0.25993228993229, 0.2635322455322455, 0.1787690864690865, 0.29776637806637807], [0.21700158730158736, 0.2995630591630591, 0.17022049062049063, 0.3132148629148631], [0.22364602897102903, 0.3238447921359684, 0.19289905927405934, 0.2596101196189432], [0.23106053391053394, 0.27482244977244985, 0.2155824175824176, 0.27853459873459885], [0.23449964108818613, 0.2641806193806194, 0.18336125357270872, 0.3179584859584859], [0.19119901209901222, 0.3061356365856365, 0.1961094960594961, 0.30655585525585544], [0.186710805860806, 0.30674684204684216, 0.17621676656676663, 0.33032558552558533], [0.22907106031223687, 0.25222428682428694, 0.24111600817483175, 0.27758864468864475], [0.2680187645687647, 0.21935988455988464, 0.19079715284715293, 0.32182419802419787], [0.20996695526695536, 0.2658774753024753, 0.22081867854367862, 0.303336890886891], [0.24476010378510396, 0.30040530931057224, 0.18117217504717498, 0.27366241185714874], [0.24641024531024544, 0.2692271284271284, 0.23122604617604633, 0.2531365800865801], [0.31215686176568536, 0.2798130266792034, 0.16063676323676326, 0.2473933483183483], [0.2243762737262738, 0.3188273781773781, 0.2340855477855478, 0.2227108003108003], [0.307634892884893, 0.27828030303030316, 0.1659894938394939, 0.2480953102453103], [0.26240860805860816, 0.2648909312909313, 0.18495057720057717, 0.2877498834498833], [0.23510317460317454, 0.23465930735930746, 0.23954112554112567, 0.2906963924963925], [0.26354329004329013, 0.3086124986124985, 0.1608519536019536, 0.2669922577422579], [0.21462946118209286, 0.34004103498840316, 0.1819913475413475, 0.26333815628815627], [0.22135772005772014, 0.2964526937115173, 0.2055013875013875, 0.2766881987293752], [0.25138044178044183, 0.25786899766899785, 0.1899574703074704, 0.30079309024309014], [0.22902041847041854, 0.26257650127650134, 0.17683755411255414, 0.3315655261405261], [0.2502978909978912, 0.30453318772730553, 0.19515774225774232, 0.25001117901706144], [0.2557051486525171, 0.24418137038400206, 0.18980714285714292, 0.310306338106338], [0.22570281385281393, 0.3040982683982685, 0.1956177128427129, 0.27458120490620497], [0.21863910533910538, 0.27621249861249875, 0.2514813741813744, 0.25366702186702206], [0.22828503163503172, 0.2875228327228329, 0.16615199245199247, 0.3180401431901431], [0.2686209013209013, 0.2712765290265291, 0.17848643578643586, 0.28161613386613404], [0.21205755005228696, 0.3234521052047368, 0.20441394716394728, 0.26007639757902934], [0.19420814740814749, 0.2829311688311691, 0.245214701964702, 0.2776459817959819], [0.27462597402597405, 0.23634552669552683, 0.18684065934065935, 0.30218783993783993], [0.21398778998779006, 0.2473115884115884, 0.3126978132978135, 0.22600280830280842], [0.22878015873015892, 0.3522847763347763, 0.17696551226551227, 0.24196955266955275], [0.2844242313242314, 0.24401713286713297, 0.1725933677433678, 0.29896526806526835], [0.2266137334887335, 0.3116276556776557, 0.18426257631257636, 0.27749603452103433], [0.28968982683982675, 0.24555078255078258, 0.19684666999667, 0.2679127206127208], [0.2738407481407482, 0.25020216450216465, 0.18400310800310804, 0.29195397935397943], [0.18335264735264745, 0.3194572594072593, 0.23335945165945168, 0.26383064158064173], [0.26951770451770457, 0.24460389610389632, 0.18238132145632147, 0.303497077922078], [0.14916207681207683, 0.35920018037518053, 0.25411498778998787, 0.23752275502275516], [0.26354170274170285, 0.2583191364191367, 0.2509664169164171, 0.2271727439227439], [0.23245188145188161, 0.3299924630924631, 0.19939959484959485, 0.23815606060606068], [0.21265937950937966, 0.29714139194139216, 0.2079537240537241, 0.2822455044955046], [0.20095129968071154, 0.26175690975690985, 0.2146362137862139, 0.32265557677616485], [0.24474102564102562, 0.31779841547341536, 0.21002615995115995, 0.227434398934399], [0.183951542901543, 0.3386939754689755, 0.2464311050061051, 0.23092337662337667], [0.21962267732267746, 0.28697243867243866, 0.19787566322566338, 0.2955292207792207], [0.2794795593295595, 0.2987056721056719, 0.21179627594627595, 0.21001849261849267], [0.30403246753246754, 0.26063338883338893, 0.19315405705405714, 0.2421800865800868], [0.2493141719391722, 0.3062994449994449, 0.13928676323676323, 0.3050996198246198], [0.2418118104118106, 0.249397324897325, 0.18827252192252197, 0.3205183427683429], [0.2805864635364637, 0.2562367049617051, 0.16507218614718608, 0.29810464535464526], [0.28312760376878027, 0.23510142912642923, 0.1464085517423753, 0.33536241536241546], [0.2546988178488179, 0.30823943001443005, 0.21372113164613166, 0.22334062049062056], [0.2668639249639251, 0.2843652680652682, 0.18243131313131322, 0.26633949383949385], [0.253131413031413, 0.2850134199134201, 0.18771858696858704, 0.27413658008658], [0.2515829503829504, 0.3059618548118548, 0.19100374347874366, 0.2514514513264513], [0.24750367965367978, 0.23521276851803183, 0.21980082140082152, 0.2974827304274672], [0.27599825174825177, 0.22330533910533928, 0.20682911532911535, 0.29386729381729376], [0.22658524253524254, 0.28698086080586094, 0.24358714341214358, 0.24284675324675348], [0.30891088356088375, 0.2183722555222557, 0.1974070818070819, 0.27530977910977905], [0.2313116272616273, 0.2933194305694306, 0.14185521145521146, 0.33351373071373075], [0.27485144300144293, 0.2798312742812744, 0.2097199300699302, 0.23559735264735251], [0.2291478132978134, 0.25069805194805206, 0.24836601731601743, 0.2717881174381175], [0.23503565878565888, 0.27798100788100805, 0.2641816960816962, 0.22280163725163737], [0.25862208347208354, 0.298152591852592, 0.18759516039516055, 0.2556301642801644], [0.21098629148629153, 0.28766748251748264, 0.2578227217227218, 0.2435235042735044], [0.20379726384726385, 0.27006960816960834, 0.22488552281052293, 0.3012476051726054], [0.24014265734265747, 0.28751974136974146, 0.22964341769341773, 0.24269418359418363], [0.2554990196078432, 0.2719579567491333, 0.19539605394605397, 0.2771469696969697], [0.2297100205350205, 0.27542073482073487, 0.21106091131091148, 0.28380833333333333], [0.24787524697524704, 0.258990281940282, 0.1747096015096014, 0.3184248695748698], [0.24311292596292614, 0.2783244422244423, 0.17750190365190371, 0.30106072816072815], [0.2465809579309579, 0.25499732489732496, 0.16384175269175272, 0.33457996447996446], [0.2775113997113999, 0.2735315116256291, 0.17826142191142205, 0.2706956667515492], [0.24811089188589197, 0.23923698523698536, 0.20512087912087928, 0.30753124375624363], [0.2588156981906983, 0.2686620934620935, 0.20278461815961826, 0.26973759018759025], [0.2461104839604841, 0.27502862137862155, 0.1698033910533911, 0.30905750360750356], [0.26660486180486187, 0.2542937118437119, 0.18772301587301604, 0.2913784104784105], [0.24493268398268414, 0.2624031024531025, 0.25098381618381627, 0.24168039738039745], [0.22642183372183383, 0.31277755381873024, 0.1574801032301033, 0.3033205092293328], [0.24147592407592422, 0.29952463647463634, 0.203416409734057, 0.25558302971538277], [0.24194203574203593, 0.2401745310245311, 0.19410216450216458, 0.32378126873126867], [0.19212210567210572, 0.32381633791045566, 0.19393219558219565, 0.2901293608352431], [0.22136093906093912, 0.26959908424908435, 0.1696383616383617, 0.339401615051615], [0.261870634920635, 0.2546413273001508, 0.23299157509157534, 0.25049646268763914], [0.27501560857443214, 0.2149532059443826, 0.2449018981018982, 0.26512928737928737], [0.20561212398712408, 0.2768827172827175, 0.2500922161172161, 0.2674129426129426], [0.29329995004994996, 0.23408498723498733, 0.15634270174270182, 0.3162723609723612], [0.27568037518037525, 0.2192037240537242, 0.18777400377400386, 0.31734189699189697], [0.20782075147075169, 0.23700022200022203, 0.2905177544677546, 0.26466127206127205], [0.2572727272727274, 0.2523884282384284, 0.2643918026418028, 0.22594704184704195], [0.26377610363492726, 0.3346750230161997, 0.19954932844932854, 0.20199954489954502], [0.26307731712731713, 0.3191551837051839, 0.20371353091353095, 0.21405396825396839], [0.23378147963147972, 0.23908616938616942, 0.17098922743922765, 0.3561431235431234], [0.265371530430354, 0.2749947033358799, 0.18200072150072152, 0.2776330447330448], [0.2768132423132426, 0.23394027361527372, 0.22999142246642246, 0.25925506160506173], [0.22048903494166658, 0.3123321383295068, 0.21743872238872244, 0.24974010434010444], [0.2856015484515486, 0.2288237040737042, 0.1770000499500501, 0.3085746975246975], [0.3274343101343102, 0.22092141747141752, 0.17380696525696532, 0.27783730713730725], [0.3088404650904652, 0.25745842490842497, 0.1819297091797093, 0.25177140082140104], [0.17869736652236667, 0.3510635198135198, 0.2722853257853259, 0.19795378787878798], [0.19635417915417913, 0.2856832611832612, 0.21633341103341114, 0.3016291486291488], [0.3672609668109668, 0.20436428571428586, 0.13381168831168835, 0.29456305916305914], [0.30767287712287705, 0.2325979076479076, 0.13212832722832726, 0.3276008880008879], [0.2539569273863391, 0.278159588450765, 0.18364914170796523, 0.2842343424549307], [0.2626236513486514, 0.26956893939393944, 0.1967262404262406, 0.2710811688311689], [0.2400303585303585, 0.2760714424464426, 0.19812738372738375, 0.2857708152958152], [0.23950353535353558, 0.2336352813852814, 0.276808694083694, 0.25005248917748923], [0.24286212676212693, 0.2819817460317461, 0.22062984237984257, 0.2545262848262849], [0.18719545454545458, 0.2550129648129649, 0.2128946164946166, 0.34489696414696414], [0.24224171939171943, 0.282479129934393, 0.15507801642801652, 0.3202011342458709], [0.2487759129759132, 0.27496709956709947, 0.21109723054723062, 0.2651597569097569], [0.2850509684759685, 0.30828864468864475, 0.16694130591630593, 0.23971908091908095]]}, "rewritten": {"ids": ["97106770", "97107920", "97116410", "98107340", "98107410", "98108410", "98108580", "98108970", "98109570", "98117740", "98119591", "98121790", "99107500", "99107950", "99109740", "99111440", "99113260", "99117740", "99120010", "99121440", "100108490", "100108990", "100117420", "101108080", "101108290", "101108500", "101108580", "101109120", "101110150", "101111210", "101111620", "101111990", "101117580", "101121640", "102110050", "102112301", "102113210", "103109021", "103109791", "103110050", "103110220", "103110760", "103113270", "103120730", "104111780", "104112470", "104113000", "104113190", "104113380", "104116441", "104116980", "105110091", "105112100", "105112240", "105113620", "105116090", "105116980", "105118740", "105120280", "106113830", "106114011", "106114280", "106114880", "106116120", "106116441", "106116820", "106117650", "106118820", "107113170", "107113550", "107114200", "107116501", "107118120", "107118520", "107118780", "107119130", "107119390", "107120260", "107121540", "107121700", "108114360", "108115070", "108116070", "108117720", "108118520", "108121160", "108121190", "109113881", "109114270", "109114720", "109115070", "109116040", "109116930", "109117271", "109120621", "109121351", "110114610", "110114720", "110116170", "110116300", "110117080", "110117140", "110118301", "110118701", "110118740", "110120540", "110120700", "110121450", "110121500", "111115780", "111116530", "111116750", "111116990", "111117000", "111119150", "111120260", "111120531", "111121220", "112118530", "112118550", "112118581", "112118860", "112120540", "112120990", "112121030", "112121360", "113117401", "113118231", "113118490", "113118511", "113118630", "113118870", "113119480", "113120640", "113121010", "113121680", "113121980", "113122120", "113122160", "113122180", "113122230", "113122650"], "labels": [3, 0, 3, 0, 3, 1, 0, 3, 1, 2, 1, 2, 0, 1, 3, 3, 0, 2, 2, 2, 2, 2, 2, 0, 0, 3, 0, 1, 1, 2, 3, 2, 3, 2, 3, 1, 3, 0, 3, 3, 2, 1, 2, 1, 3, 1, 1, 3, 1, 1, 1, 0, 1, 1, 0, 1, 0, 1, 3, 1, 1, 3, 0, 1, 0, 1, 1, 3, 0, 0, 2, 1, 3, 2, 1, 1, 2, 1, 2, 3, 1, 1, 1, 1, 0, 2, 1, 0, 3, 0, 0, 0, 0, 0, 1, 0, 1, 3, 0, 3, 1, 3, 1, 3, 3, 1, 2, 3, 3, 1, 3, 3, 0, 0, 3, 3, 0, 3, 1, 3, 1, 3, 3, 2, 0, 3, 3, 3, 1, 1, 3, 0, 3, 0, 2, 1, 2, 1, 3, 2, 1, 2], "predicted_labels": [1, 3, 1, 3, 0, 0, 1, 1, 3, 1, 3, 3, 1, 1, 1, 3, 0, 1, 0, 1, 1, 3, 2, 0, 3, 1, 3, 1, 0, 0, 3, 3, 1, 3, 1, 0, 3, 1, 3, 1, 3, 3, 3, 1, 3, 3, 3, 3, 3, 3, 3, 3, 0, 0, 1, 0, 0, 1, 3, 3, 0, 3, 0, 1, 1, 3, 0, 3, 3, 2, 3, 0, 0, 1, 3, 1, 2, 1, 1, 3, 3, 1, 0, 3, 3, 1, 1, 1, 3, 1, 1, 3, 0, 3, 3, 3, 1, 2, 3, 3, 1, 3, 0, 1, 3, 1, 1, 3, 0, 1, 1, 0, 0, 1, 3, 3, 1, 3, 1, 3, 3, 1, 3, 3, 0, 0, 3, 3, 3, 1, 3, 0, 3, 0, 1, 1, 3, 0, 1, 3, 1, 1], "confidence_scores": [[0.219207042957043, 0.28546745199245216, 0.25617020479520486, 0.23915530025530043], [0.279837357087357, 0.21385025530025542, 0.15398133533133557, 0.3523310522810524], [0.23218448773448777, 0.26351997446997444, 0.25213288933288946, 0.25216264846264846], [0.24911103896103906, 0.21029728604728617, 0.2529149350649352, 0.2876767399267401], [0.2647601232101232, 0.2497787157287158, 0.22569572094572116, 0.2597654401154401], [0.2794184815184816, 0.2733226384726385, 0.1683051004551005, 0.27895377955377965], [0.23239808524808528, 0.27986840659340667, 0.24550145132645138, 0.24223205683205692], [0.21337202242202244, 0.34488036963036967, 0.2261480003656474, 0.21559960758196067], [0.27416804336014866, 0.24990153530679848, 0.13013999888999891, 0.3457904224430539], [0.21085934343434354, 0.2841082084582086, 0.2379023365523366, 0.2671301115551117], [0.23845165945165944, 0.23851573426573433, 0.24629785769785792, 0.2767347485847487], [0.26338248973248984, 0.24275728993228998, 0.21269867632367642, 0.2811615440115439], [0.2592137520975755, 0.30231510238127907, 0.1997151570651571, 0.2387559884559885], [0.16806774891774906, 0.3542098124098126, 0.22806352373117095, 0.24965891494126802], [0.19963647186147201, 0.3512895743145742, 0.2214035631035632, 0.22767039072039083], [0.24702220002220007, 0.2508472222222224, 0.21320292207792224, 0.28892765567765577], [0.2899209956709958, 0.2673788045288046, 0.1889147463647465, 0.25378545343545356], [0.24346932054873244, 0.27393573648573655, 0.2326700577200578, 0.24992488524547363], [0.29054273504273503, 0.213446558996559, 0.24665601065601073, 0.24935469530469534], [0.2304094932844933, 0.30604511599511597, 0.21456036186036206, 0.248985028860029], [0.2549063658563659, 0.29777164502164516, 0.20175801975801985, 0.2455639693639695], [0.20587071086807943, 0.27633566156066164, 0.2184439550215867, 0.2993496725496726], [0.2440284992784994, 0.24682914862914873, 0.26479199134199155, 0.2443503607503608], [0.32703404928404933, 0.24941244588744588, 0.1793239649239651, 0.24422953990454002], [0.26192541143067455, 0.2572182449129819, 0.16301088356088356, 0.3178454600954601], [0.25428727938727935, 0.294643031968032, 0.16713982683982698, 0.2839298618048619], [0.2515448440448442, 0.2303868492618494, 0.25234870407370413, 0.2657196026196027], [0.27598921633921647, 0.28441191308691327, 0.19012337662337667, 0.24947549395049393], [0.27947292984792993, 0.22727201409701425, 0.22131863691863699, 0.2719364191364192], [0.29816175491175484, 0.2563437839937841, 0.17503611111111123, 0.27045834998335], [0.28465530580530585, 0.2520609584859585, 0.1724868076368077, 0.2907969280719281], [0.2657042485292485, 0.2544334915084916, 0.19249310411810416, 0.28736915584415584], [0.28105006105006103, 0.28204639249639246, 0.19162372627372637, 0.2452798201798203], [0.25931666944166953, 0.23643671883671893, 0.20450083250083262, 0.29974577922077916], [0.2233566156066156, 0.29722984792984813, 0.22006995618760336, 0.25934358027593335], [0.2763234154734155, 0.2666927627927628, 0.19344610389610398, 0.26353771783771784], [0.2627587284060969, 0.22999361092124257, 0.1919938672438674, 0.3152537934287935], [0.24104379509379517, 0.2863674590115768, 0.19235493395493403, 0.28023381193969427], [0.21535079365079368, 0.24494069264069268, 0.23991694971694982, 0.2997915639915641], [0.23087407592407602, 0.27838071928071917, 0.23247796647796656, 0.2582672383172385], [0.1991784715284716, 0.27910978465978487, 0.19085460095460097, 0.33085714285714285], [0.2766547674547674, 0.24922295759795768, 0.1692731046731048, 0.3048491702741703], [0.21337968306203606, 0.25325079005961376, 0.22707605923488272, 0.3062934676434676], [0.2754717298181694, 0.318956458660019, 0.16764362304362312, 0.23792818847818858], [0.2689082362082362, 0.29080750915750925, 0.1326061327561328, 0.30767812187812205], [0.21846575646575658, 0.24016602564102577, 0.2116563492063493, 0.32971186868686864], [0.28018612498612505, 0.22249958929958927, 0.15016406926406936, 0.34715021645021643], [0.2420253968253968, 0.25967825507825526, 0.16833323343323345, 0.3299631146631147], [0.233414518814519, 0.2387314685314685, 0.21184958929958947, 0.31600442335442347], [0.2301084748584748, 0.2739253690753692, 0.16503298923298929, 0.3309331668331668], [0.20559494949494958, 0.24467099567099582, 0.24869711399711406, 0.3010369408369408], [0.23754749694749688, 0.28750990120990133, 0.18040659895659905, 0.2945360028860029], [0.2951606671106671, 0.21688200133200156, 0.1940466866466867, 0.2939106449106449], [0.2675197857697857, 0.2527963591963593, 0.2131805749805751, 0.26650328005328017], [0.23129670884670886, 0.31241010101010114, 0.2172546620046621, 0.23903852813852816], [0.2903016594516596, 0.23839672549672553, 0.18509201354201366, 0.2862096015096014], [0.3091085137085138, 0.27807212232212236, 0.1714974469974471, 0.24132191697191702], [0.21650779775779783, 0.31400740370740376, 0.21712236652236663, 0.25236243201243197], [0.2531864857364857, 0.24542191974691985, 0.22255997058497057, 0.27883162393162403], [0.2631977605727606, 0.27139390886890885, 0.18603278943278947, 0.2793755411255412], [0.2871193591496222, 0.2863198016895387, 0.20156394716394724, 0.224996891996892], [0.23864782162282175, 0.2587448051948052, 0.17259404761904779, 0.33001332556332547], [0.2826953324453325, 0.24839119769119772, 0.1966935064935066, 0.2722199633699634], [0.24339274516333334, 0.3008888389388389, 0.17662344518226877, 0.2790949707155591], [0.25535779220779226, 0.2953123376623376, 0.19597486402486403, 0.2533550061050063], [0.24454336774336788, 0.23932419247419265, 0.21441603396603393, 0.30171640581640596], [0.27197232212232225, 0.24522221112221124, 0.23662869907869918, 0.24617676767676774], [0.2698701243201245, 0.26216600621600633, 0.15879713619713615, 0.3091667332667333], [0.2821322011322013, 0.2115624042624043, 0.19118081363081368, 0.31512458097458096], [0.19527938727938746, 0.2410340492840493, 0.3247697635697638, 0.2389167998668], [0.28624262228999064, 0.23109930245193416, 0.13848686313686323, 0.3441712121212121], [0.2905173881673881, 0.252501603951604, 0.19412077922077944, 0.2628602286602286], [0.28944764679764684, 0.2764682761682763, 0.14794113664113664, 0.28614294039294036], [0.20754586524586532, 0.33229491619491625, 0.19594120879120883, 0.26421800976800974], [0.2670855866355868, 0.22692903762903777, 0.17888109668109667, 0.32710427905427913], [0.22644412809412826, 0.30944844044844044, 0.1873025696525697, 0.27680486180486175], [0.21359679764679765, 0.24114360639360644, 0.3008332556332557, 0.2444263403263403], [0.24142566322566333, 0.3032632034632035, 0.22071017316017322, 0.23460096015096016], [0.20358232323232334, 0.2941691197691197, 0.22136911976911994, 0.28087943722943715], [0.2680312742812745, 0.2835900142341319, 0.14296238206238213, 0.3054163294222117], [0.24445190365190375, 0.26602811077811084, 0.21834538239538248, 0.27117460317460323], [0.2654618389780156, 0.34206715343480043, 0.1618312195973961, 0.23063978798978804], [0.33851214896214876, 0.24937172468054827, 0.16859503274503287, 0.24352109361227017], [0.2272890415140416, 0.2583910755910757, 0.185638641913642, 0.3286812409812411], [0.24170923520923532, 0.2543840881340882, 0.2173140748140749, 0.28659260184260205], [0.24466450216450225, 0.2985341047841049, 0.19555492840492847, 0.26124646464646467], [0.2226778277278278, 0.29481918914418903, 0.20778418248418262, 0.2747188006438008], [0.2705844155844157, 0.3000735347985349, 0.1906422077922078, 0.23869984182484197], [0.24950754800754804, 0.27067922273804623, 0.17744029304029313, 0.30237293621411254], [0.21017650127650137, 0.3116097430347432, 0.22469946997447007, 0.2535142857142857], [0.22799165001665003, 0.30611841491841507, 0.20838796122178488, 0.2575019738431504], [0.21192120379620386, 0.27095998723498727, 0.2363456321456321, 0.2807731768231767], [0.29845969112586757, 0.21055767010767015, 0.22466507299889663, 0.2663175657675658], [0.21644678932178954, 0.2609294705294706, 0.2083697774447775, 0.31425396270396294], [0.27947784992784996, 0.21379112554112567, 0.21974603174603197, 0.28698499278499273], [0.26559196914196925, 0.28040661560661573, 0.1584987456987458, 0.29550266955266963], [0.22808172003435176, 0.2992673420147105, 0.23116883116883127, 0.24148210678210694], [0.209971794871795, 0.2729788211788214, 0.2854664391164392, 0.2315829448329448], [0.21311055611055632, 0.30075050505050505, 0.17077960927960933, 0.31535932955932955], [0.27118323898323904, 0.27312127317127316, 0.17794255744255755, 0.2777529304029306], [0.18035274170274185, 0.2928064213564215, 0.24135266955266976, 0.28548816738816746], [0.22969718614718615, 0.26094834054834054, 0.17282738927738941, 0.33652708402708403], [0.28903658008658006, 0.27424042624042627, 0.19573958818958828, 0.24098340548340552], [0.24487171162171167, 0.28567572705072736, 0.2108706793206793, 0.25858188200688215], [0.30207373737373744, 0.2053015651015651, 0.18040641580641592, 0.31221828171828175], [0.24557051282051287, 0.27812159784659785, 0.21171790154290165, 0.2645899877899878], [0.2117935489347255, 0.3040243589743591, 0.23159606145488507, 0.2525860306360308], [0.24372787212787225, 0.21803586691086715, 0.1916128260628261, 0.3466234348984349], [0.28982077089577096, 0.2682531107781108, 0.17434521589521595, 0.2675809024309026], [0.2802202131202132, 0.28673385503385523, 0.190326406926407, 0.2427195249195248], [0.28717234432234434, 0.3004584360084359, 0.18777620712620716, 0.22459301254301267], [0.32761029526029534, 0.18381274281274282, 0.16600628456510816, 0.32257067736185385], [0.32192435897435895, 0.21331328116328124, 0.16561510156510167, 0.29914725829725813], [0.20722207792207795, 0.3104305916305917, 0.23969769119769124, 0.24264963924963934], [0.2461778055278055, 0.2977787878787878, 0.15790923520923522, 0.2981341713841714], [0.2701760184260185, 0.26482010767010766, 0.1940701576201578, 0.2709337162837163], [0.2500191031191033, 0.3138848429348429, 0.17268226773226777, 0.2634137862137864], [0.27280959595959603, 0.27584812409812415, 0.12646962481962484, 0.324872655122655], [0.22143181818181826, 0.3519754190254191, 0.20755475080475083, 0.2190380119880121], [0.29842381507381516, 0.2409463203463204, 0.1619440337440338, 0.2986858308358307], [0.20207681762681778, 0.2545731435231435, 0.24248830058830076, 0.30086173826173823], [0.270120584970585, 0.3133373737373738, 0.19021563436563443, 0.226326406926407], [0.2647897047397047, 0.22317200022200026, 0.20936717171717187, 0.302671123321123], [0.2721362387612389, 0.2716708624708626, 0.16914037351537364, 0.2870525252525254], [0.3083209540459542, 0.21032920967920982, 0.1854185175935178, 0.29593131868131867], [0.26895642968142974, 0.2659627705627707, 0.203224161949162, 0.26185663780663787], [0.24881252636252654, 0.2156353757353759, 0.19095639752404459, 0.3445957003780535], [0.2504550227550229, 0.24629708624708652, 0.21943037518037517, 0.2838175158175159], [0.27992667887667894, 0.22121677766677766, 0.1849365523365525, 0.3139199911199911], [0.25306168831168846, 0.2963076923076923, 0.2019585914085915, 0.24867202797202814], [0.26552164502164516, 0.2628117965367966, 0.17123445165945178, 0.30043210678210674], [0.2774286806330924, 0.2750985014985016, 0.17120318015318017, 0.27626963771522595], [0.28905529470529456, 0.21519770229770235, 0.15627724775224788, 0.33946975524475553], [0.2727114718614718, 0.24311189366189376, 0.23181646686646695, 0.2523601676101676], [0.2754225219225219, 0.3050732711732712, 0.13932283827283834, 0.2801813686313687], [0.23548696858696866, 0.3052049506049507, 0.20638976301476306, 0.25291831779331786], [0.24313202353202348, 0.2549907481407483, 0.18745642690642703, 0.3144208014208015], [0.28199157509157513, 0.25392552447552463, 0.22776059496059498, 0.23632230547230565], [0.2459700835112601, 0.32066202327084664, 0.19323729603729609, 0.24013059718059718], [0.2539785436785437, 0.2677657620157621, 0.17674703629703634, 0.30150865800865795], [0.24135290820290828, 0.31261108336108334, 0.1876276723276724, 0.25840833610833625], [0.24560689865689866, 0.2964701354201354, 0.20086214341214345, 0.25706082251082263]]}}