{"test": {"ids": ["112121010", "109116170", "105118740", "108118301", "103112470", "104119340", "98106560", "113121750", "110121500", "106115240", "99117630", "110115710", "113121410", "97108520", "107116300", "97110950", "108115500", "102108621", "97106820", "107113170", "103109641", "113119120", "104114240", "105119550", "110116290", "108120060", "113120260", "111116090", "111114121", "104116980", "101108580", "112117660", "98108970", "107121540", "98110230", "111115400", "112120270", "105116980", "99109780", "106120640", "100112060", "99110050", "99111620", "98110810", "111117000", "99119830", "103111830", "110114610", "105114220", "98111620", "109115211", "112118581", "105117431", "99108010", "108119510", "98112580", "98108520", "113121220", "98108580", "100109910", "109120560", "98117740", "100110260", "112116401", "108116501", "97112290", "111116040", "97107920", "106118820", "108121160", "105113260", "111115910", "100108490", "102121700", "103112641", "104113380", "102112030", "109120150", "110114321", "105113170", "98109230", "113121810", "107114621", "105116441", "97112830", "110115140", "97114170", "110121720", "112118701", "99111340", "105113620", "113120280", "111119610", "106113170", "110114561", "111120280", "108113480", "112120670", "99114890", "110120190", "108118520", "106117650", "99107950", "101112540", "98120530", "108117360", "104116441", "109121351", "106118301", "110118301", "111114941", "111116010", "104117200", "111117571", "107115140", "98109570", "103118291", "113121680", "99110730", "108121410", "113120531", "110116170", "100108080", "113119300", "103113170", "109113281", "109118231", "111118820", "104111830", "111121190", "111118301", "112118530", "105111990", "111115620", "105120280", "99116500", "99111930", "100109330", "107113840", "103120340", "107113550", "105118171"], "labels": [2, 0, 1, 1, 1, 1, 1, 0, 3, 1, 3, 2, 0, 2, 0, 3, 3, 3, 1, 0, 1, 3, 0, 1, 2, 1, 3, 3, 0, 1, 0, 0, 3, 2, 3, 0, 0, 0, 2, 3, 2, 3, 3, 1, 0, 1, 3, 1, 3, 3, 0, 1, 1, 2, 1, 2, 2, 3, 0, 2, 1, 2, 3, 0, 0, 1, 0, 0, 3, 2, 3, 2, 2, 1, 3, 1, 2, 2, 1, 0, 1, 2, 0, 1, 2, 0, 2, 3, 0, 1, 0, 0, 2, 0, 0, 0, 0, 2, 2, 3, 0, 1, 1, 2, 1, 1, 1, 0, 1, 1, 0, 1, 3, 3, 0, 1, 0, 1, 3, 0, 0, 0, 0, 1, 3, 0, 1, 0, 3, 1, 3, 1, 2, 1, 3, 2, 1, 0, 3, 1, 0, 3], "predicted_labels": [1, 3, 3, 3, 3, 1, 3, 1, 0, 1, 3, 3, 3, 1, 3, 3, 3, 0, 3, 3, 3, 3, 3, 1, 0, 1, 3, 3, 3, 1, 3, 3, 1, 1, 3, 3, 1, 0, 3, 3, 2, 0, 1, 1, 3, 3, 3, 1, 0, 1, 1, 3, 1, 1, 1, 3, 0, 3, 3, 3, 3, 3, 0, 3, 3, 3, 3, 3, 3, 3, 3, 1, 3, 1, 1, 1, 1, 3, 1, 3, 3, 1, 0, 3, 3, 1, 3, 1, 3, 1, 1, 3, 3, 3, 3, 3, 3, 3, 3, 3, 1, 2, 3, 1, 3, 3, 1, 3, 0, 3, 3, 1, 1, 3, 3, 3, 3, 3, 1, 3, 3, 3, 3, 3, 3, 3, 1, 3, 1, 3, 3, 1, 3, 3, 1, 1, 3, 0, 3, 1, 3, 3], "confidence_scores": [[0.1956713564213565, 0.3420523088023091, 0.19148647186147194, 0.2707898629148629], [0.2354080017205017, 0.2949108252858254, 0.1632351606726607, 0.3064460123210124], [0.20722118159618158, 0.3037673507048508, 0.1758630258630258, 0.313148441835942], [0.22831791125541132, 0.2727301587301588, 0.15961309523809522, 0.33933883477633486], [0.22495586358086367, 0.25470297064047065, 0.23488167388167394, 0.285459491896992], [0.20869522430184204, 0.3150048701298703, 0.16761862851201084, 0.308681277056277], [0.24261986624486628, 0.26429634254634254, 0.19580979437229432, 0.2972739968364969], [0.26639831002331005, 0.35305068542568546, 0.11204115329115329, 0.2685098512598513], [0.28847859085359084, 0.2698077894327894, 0.18313959651459646, 0.25857402319902323], [0.27727890165390173, 0.2893433996558996, 0.17478343184593192, 0.2585942668442668], [0.21655484792984797, 0.2829040959040958, 0.21158809736015613, 0.2889529588059001], [0.2194608585858586, 0.295811507936508, 0.15911688311688313, 0.3256107503607504], [0.22490079365079368, 0.312994463869464, 0.1336366688866688, 0.3284680735930737], [0.2231302447552448, 0.2981494061494062, 0.207679292929293, 0.27104105616605617], [0.1881693029193029, 0.29205892718392734, 0.18655898268398272, 0.33321278721278735], [0.2412417027417028, 0.21209508955097195, 0.2351324378236143, 0.31153076988371114], [0.22189781746031748, 0.2497195512820514, 0.2081250555000556, 0.3202575757575758], [0.32100146381396394, 0.25887442418692413, 0.15847782772782767, 0.26164628427128434], [0.21558621933621933, 0.24960082972582984, 0.22879166666666673, 0.3060212842712843], [0.28421547896547883, 0.22729518398268408, 0.15687220418470418, 0.33161713286713296], [0.20153715728715726, 0.293181277056277, 0.19067893217893228, 0.3146026334776335], [0.24705059523809528, 0.27390000277500287, 0.1225916305916306, 0.3564577713952714], [0.23410941835941834, 0.25568629287379285, 0.19898322510822525, 0.31122106365856367], [0.22304199272949274, 0.27963208809164686, 0.23160064445358572, 0.26572527472527474], [0.2840243506493507, 0.2633632943853532, 0.1880550462609286, 0.26455730870436756], [0.20345525797731678, 0.3335299422799421, 0.20277850825644947, 0.2602362914862915], [0.2433823260073261, 0.25997841047841047, 0.23492234154734162, 0.261716921966922], [0.219689824064824, 0.26235551948051944, 0.13761753524253525, 0.3803371212121213], [0.24670317876567885, 0.25610063547563544, 0.15796189227439222, 0.33923429348429357], [0.1662608225108225, 0.3281009546009547, 0.23427813852813867, 0.2713600843600843], [0.24709804982599107, 0.23593722943722933, 0.19820385578473815, 0.31876086495204137], [0.22218163780663794, 0.28719149600399607, 0.14578072621822613, 0.34484613997114005], [0.17272240259740265, 0.32347943722943734, 0.21988654401154398, 0.2839116161616162], [0.1901015512265513, 0.3294040404040404, 0.207811507936508, 0.27268290043290044], [0.24749310411810424, 0.2784955114330115, 0.18937480574980572, 0.2846365786990787], [0.21141314935064948, 0.2508359695859696, 0.23258760683760696, 0.3051632742257742], [0.2329498556998557, 0.3012169913419914, 0.18275255300255303, 0.2830805999555999], [0.29177913059163074, 0.23052967171717165, 0.18966612554112566, 0.2880250721500722], [0.17662965792377558, 0.2729436486715899, 0.2633224365503777, 0.2871042568542569], [0.19001893939393938, 0.279047854922855, 0.21837043512043514, 0.31256277056277065], [0.2433078102453102, 0.23252871434121442, 0.26950818625818634, 0.2546552891552892], [0.2699105020796197, 0.26980829301417536, 0.21757503607503614, 0.24270616883116886], [0.21061463536463537, 0.3125852342102343, 0.22666659729159722, 0.25013353313353315], [0.22783540479128722, 0.2726750145279558, 0.24021807359307368, 0.25927150708768354], [0.21620586358086366, 0.2726123182373183, 0.2005699884266061, 0.310611829755212], [0.24443452380952377, 0.26910714285714293, 0.18361372655122657, 0.3028446067821068], [0.2062739898989899, 0.27759604978354985, 0.20822573953823953, 0.30790422077922075], [0.22591919191919196, 0.335229256854257, 0.17925324675324678, 0.25959830447330445], [0.29414105339105345, 0.2700205072705072, 0.1790763542013541, 0.25676208513708515], [0.18259538663950423, 0.3508965707495122, 0.26705340696884833, 0.19945463564213559], [0.23875176212676208, 0.307931512931513, 0.15507269119769115, 0.29824403374403374], [0.22104385891885897, 0.28983172383172384, 0.19060230997073102, 0.29852210727868617], [0.21678293928293918, 0.32698407148407166, 0.17018568931068928, 0.28604729992229994], [0.24081729381729386, 0.30939507714507714, 0.18326737151737152, 0.26652025752025754], [0.2157727411477412, 0.3015025946275947, 0.1858998778998779, 0.29682478632478637], [0.22986499611499617, 0.25958573371073373, 0.23280939893439892, 0.27773987123987137], [0.28918432955932954, 0.2760165945165944, 0.16618507881007877, 0.26861399711399714], [0.23028936341436335, 0.22316010378510387, 0.17887975474817577, 0.3676707780523569], [0.186409527972028, 0.2693714479964481, 0.22852364302364314, 0.315695381007881], [0.22824041930291938, 0.24702861027861026, 0.23633495670995672, 0.28839601370851375], [0.19300919913419912, 0.2285645951270951, 0.23056653762903767, 0.34785966810966806], [0.15431518073429837, 0.2771762445071269, 0.19888222888222892, 0.369626345876346], [0.32378877658289423, 0.17344826905121022, 0.20222796158090275, 0.3005349927849929], [0.25513502184090414, 0.22839891562685682, 0.1555942301162889, 0.3608718324159501], [0.27435389610389616, 0.27114423076923083, 0.13863776501276504, 0.3158641081141081], [0.21890148740148743, 0.2793152958152958, 0.21757117882117888, 0.2842120379620379], [0.23324316655566657, 0.2778783716283717, 0.20713253413253416, 0.2817459276834276], [0.3035534049284049, 0.2170071644042233, 0.16895212630506748, 0.3104873043623043], [0.20904279054279062, 0.2950935730935732, 0.17195256132756126, 0.323911075036075], [0.17590304140304142, 0.267344030969031, 0.18270201582043694, 0.37405091180749084], [0.20941392349480592, 0.27956018450503745, 0.20610165814577588, 0.30492423385438094], [0.2092146672771673, 0.28014439033189037, 0.23210326479076482, 0.27853767760017767], [0.20005416805416806, 0.27170995670995685, 0.25463450438450436, 0.2736013708513709], [0.2493834498834499, 0.26447942988384165, 0.2231826996532879, 0.2629544205794206], [0.27258553252303264, 0.3063692279942281, 0.15346789321789314, 0.26757734626484625], [0.24408843240093245, 0.2905288461538462, 0.19097535797535795, 0.2744073634698635], [0.17979456654456655, 0.33607112332112343, 0.22974805749805746, 0.25438625263625264], [0.2703852744477744, 0.22970784770784777, 0.2163872516372516, 0.2835196262071262], [0.1827159784659785, 0.2959799644799645, 0.2292615673799885, 0.29204248967406865], [0.20075335775335776, 0.28036509324009334, 0.17112913475413477, 0.3477524142524143], [0.1912785131535131, 0.24192943861693872, 0.28118396187146194, 0.2856080863580863], [0.21193073593073597, 0.3110824869574871, 0.2271534576534577, 0.2498333194583195], [0.3396300198339672, 0.20894978632478634, 0.12268970284101861, 0.32873049100022783], [0.2729396922521922, 0.3000045648795649, 0.10803737490579604, 0.3190183679624469], [0.19232498057498057, 0.25953811466311466, 0.25152990065490066, 0.29660700410700414], [0.2604170482295482, 0.2804303751803753, 0.18370027195027194, 0.2754523046398046], [0.21574766317911487, 0.24940714527408075, 0.21093956402020922, 0.32390562752659535], [0.23571645021645032, 0.30907764865853105, 0.16099078780696424, 0.29421511331805456], [0.243669968919969, 0.299566163003663, 0.12916739766081872, 0.32759647041554935], [0.1932458513708514, 0.3043468614718614, 0.22002272727272726, 0.2823845598845598], [0.19848528554778558, 0.28317969326425213, 0.24456400747944865, 0.27377101370851376], [0.22236111111111115, 0.20232295400677758, 0.1893542291042291, 0.38596170577788236], [0.22891570929070937, 0.2897794150294152, 0.15758885558885558, 0.32371602009101996], [0.22132593795093805, 0.30395490620490623, 0.1573362193362193, 0.3173829365079364], [0.26996957209457223, 0.2651877844377844, 0.15260157897657894, 0.3122410644910645], [0.18986425051556632, 0.2550020111467479, 0.23985773729194787, 0.31527600104573794], [0.22859785353535356, 0.27372727272727276, 0.20375883838383838, 0.2939160353535355], [0.18622287434787438, 0.32198544511044525, 0.15676524425866525, 0.33502643628301526], [0.19373558304440647, 0.291470842474519, 0.20518087468087465, 0.30961269980019995], [0.19325750638250638, 0.29923776917526923, 0.15063422688422684, 0.3568704975579977], [0.221786976911977, 0.32480212842712847, 0.1914509934509935, 0.26195990120990126], [0.23676356976356988, 0.24946843434343435, 0.25884779109779116, 0.25492020479520483], [0.19046339077589078, 0.27864278776778784, 0.21201434676434677, 0.31887947469197464], [0.2181187701187702, 0.3070588578088577, 0.19537206543456556, 0.2794503066378067], [0.18127147566485796, 0.2950197788322789, 0.21519303204964974, 0.30851571345321344], [0.2583246822621823, 0.2556861471861472, 0.19674206349206336, 0.28924710705960716], [0.2510593711843712, 0.3260966117216118, 0.14650185925185918, 0.2763421578421578], [0.2331637806637808, 0.2798659812409812, 0.18663708513708513, 0.30033315295815305], [0.31373747086247095, 0.2393612012987013, 0.1603262015762016, 0.2865751262626263], [0.2775354090354091, 0.2759754551004551, 0.1627916666666666, 0.2836974691974692], [0.2628128202442718, 0.26130650979844533, 0.20053951962016478, 0.27534115033711815], [0.224922077922078, 0.3407486124986125, 0.13070035520035517, 0.3036289543789544], [0.20138455988455992, 0.3613437257187258, 0.13422120934620935, 0.30305050505050507], [0.21784403096903093, 0.26987852425352427, 0.13225969425311532, 0.3800177505243296], [0.20029581529581528, 0.23080784493284492, 0.21516060328560332, 0.3537357364857367], [0.21980961399711396, 0.288627997002997, 0.18297102203352206, 0.3085913669663671], [0.2476044372294373, 0.28079202741702747, 0.15514879564879555, 0.3164547397047397], [0.21921830946830959, 0.28127952602952605, 0.2029125527250527, 0.29658961177711174], [0.18044870407370406, 0.2996397907647908, 0.23348400210900228, 0.2864275030525031], [0.18259078421578426, 0.30645171495171497, 0.1445696803196803, 0.36638782051282043], [0.20892814130314133, 0.2908464105339106, 0.1648028915528915, 0.3354225566100567], [0.1968070887445887, 0.3131087662337664, 0.15712229437229439, 0.33296185064935074], [0.26339296814296825, 0.24245611333111342, 0.1981009823509823, 0.29604993617493625], [0.17943138805638803, 0.32352631355572525, 0.15557888271858858, 0.34146341566929794], [0.2094174575424577, 0.272535977910978, 0.19778732378732372, 0.32025924075924084], [0.24968275188863437, 0.2482860195360195, 0.18027864782276548, 0.3217525807525808], [0.24474213980463985, 0.3223116883116884, 0.12413645382395379, 0.30880971805971813], [0.2683266594516595, 0.26978773310023313, 0.14364475108225108, 0.3182408563658564], [0.20770490620490617, 0.3235151009121599, 0.19235917758711885, 0.2764208152958154], [0.30460768398268406, 0.24018542568542567, 0.13832792207792208, 0.3168789682539682], [0.27135299830888066, 0.2459225794630207, 0.15344984876234874, 0.3292745734657499], [0.20235250166500168, 0.33121547896547915, 0.18689742202242196, 0.27953459734709724], [0.1705933302808303, 0.2835643731268733, 0.18843661199911196, 0.35740568459318456], [0.229177503052503, 0.25671535409035423, 0.22691974691974695, 0.2871873959373961], [0.24717807192807195, 0.28315433177933186, 0.22893146436896433, 0.2407361319236319], [0.2154271790301202, 0.3304695720945721, 0.17786438969527196, 0.27623885918003566], [0.18273502886002888, 0.31360380591630593, 0.18115440115440118, 0.32250676406926393], [0.34140723165723175, 0.23036742424242426, 0.14303138528138526, 0.2851939588189588], [0.2742123917748918, 0.2641185966810968, 0.17324503968253968, 0.2884239718614719], [0.22626275113775118, 0.26061111804861803, 0.25340641099096983, 0.2597197198226611], [0.22722158111496346, 0.24956209710911711, 0.23648503835345946, 0.2867312834224598], [0.22322029359529355, 0.29536877175112475, 0.16207148407148408, 0.3193394505820977]]}, "rewritten": {"ids": ["97106820", "97107920", "97108520", "97110950", "97112290", "97112830", "97114170", "98106560", "98108520", "98108580", "98108970", "98109230", "98109570", "98110230", "98110810", "98111620", "98112580", "98117740", "98120530", "99107950", "99108010", "99109780", "99110050", "99110730", "99111340", "99111620", "99111930", "99114890", "99116500", "99117630", "99119830", "100108080", "100108490", "100109330", "100109910", "100110260", "100112060", "101108580", "101112540", "102108621", "102112030", "102121700", "103109641", "103111830", "103112470", "103112641", "103113170", "103118291", "103120340", "104111830", "104113380", "104114240", "104116441", "104116980", "104117200", "104119340", "105111990", "105113170", "105113260", "105113620", "105114220", "105116441", "105116980", "105117431", "105118171", "105118740", "105119550", "105120280", "106113170", "106115240", "106117650", "106118301", "106118820", "106120640", "107113170", "107113550", "107113840", "107114621", "107115140", "107116300", "107121540", "108113480", "108115500", "108116501", "108117360", "108118301", "108118520", "108119510", "108120060", "108121160", "108121410", "109113281", "109115211", "109116170", "109118231", "109120150", "109120560", "109121351", "110114321", "110114561", "110114610", "110115140", "110115710", "110116170", "110116290", "110118301", "110120190", "110121500", "110121720", "111114121", "111114941", "111115400", "111115620", "111115910", "111116010", "111116040", "111116090", "111117000", "111117571", "111118301", "111118820", "111119610", "111120280", "111121190", "112116401", "112117660", "112118530", "112118581", "112118701", "112120270", "112120670", "112121010", "113119120", "113119300", "113120260", "113120280", "113120531", "113121220", "113121410", "113121680", "113121750", "113121810"], "labels": [1, 0, 2, 3, 1, 2, 2, 1, 2, 0, 3, 1, 1, 3, 1, 3, 2, 2, 1, 1, 2, 2, 3, 3, 1, 3, 1, 2, 2, 3, 1, 0, 2, 0, 2, 3, 2, 0, 2, 3, 2, 1, 1, 3, 1, 3, 3, 0, 1, 3, 1, 0, 1, 1, 3, 1, 2, 0, 3, 0, 3, 1, 0, 1, 3, 1, 1, 3, 0, 1, 1, 1, 3, 3, 0, 0, 3, 0, 0, 0, 2, 0, 3, 0, 1, 1, 0, 1, 1, 2, 0, 0, 0, 0, 1, 2, 1, 0, 1, 0, 1, 0, 2, 0, 2, 1, 3, 3, 3, 0, 0, 0, 1, 2, 1, 0, 3, 0, 3, 3, 0, 2, 0, 1, 0, 0, 1, 1, 0, 0, 2, 2, 3, 1, 3, 0, 0, 3, 0, 1, 0, 2], "predicted_labels": [3, 3, 1, 3, 1, 3, 3, 3, 1, 3, 1, 3, 3, 0, 1, 1, 3, 1, 3, 1, 0, 1, 1, 1, 1, 1, 3, 3, 1, 3, 1, 0, 1, 3, 2, 3, 0, 3, 3, 0, 1, 1, 3, 3, 3, 1, 1, 0, 3, 3, 3, 0, 3, 1, 3, 3, 3, 3, 3, 3, 1, 3, 1, 1, 1, 3, 3, 1, 3, 0, 3, 3, 3, 3, 3, 3, 3, 3, 3, 1, 3, 1, 3, 0, 3, 0, 0, 3, 1, 3, 3, 3, 3, 3, 3, 3, 3, 3, 0, 1, 3, 3, 3, 3, 0, 3, 3, 1, 3, 3, 3, 3, 1, 3, 3, 3, 3, 3, 3, 0, 3, 3, 3, 0, 3, 3, 1, 1, 0, 1, 3, 1, 3, 1, 3, 3, 3, 3, 0, 1, 3, 1], "confidence_scores": [[0.24112624875124872, 0.2219594988344989, 0.22523484848484843, 0.31167940392940374], [0.29087781377119626, 0.20642857020430547, 0.13349338569926802, 0.36920023032523036], [0.19250402375402376, 0.32712481962481976, 0.16051605339105335, 0.3198551032301034], [0.24237853812853818, 0.254720917970918, 0.18893061105561107, 0.3139699328449329], [0.21360446497946498, 0.31869842657342656, 0.19042188367188373, 0.27727522477522476], [0.20615649628149624, 0.2105799617049618, 0.2697980352980353, 0.3134655067155067], [0.21630735522647296, 0.274129795857737, 0.2284011703166115, 0.28116167859917857], [0.20218950493950494, 0.27094617882117866, 0.24760168997669005, 0.2792626262626264], [0.2931688589188589, 0.30226578976578994, 0.16146203592159472, 0.24310331539375657], [0.198063492063492, 0.24079483669924845, 0.237904387687476, 0.3232372835497837], [0.20247934407991328, 0.29780664569196363, 0.2367907614339066, 0.2629232487942166], [0.22714136557886566, 0.2591663197913199, 0.21493161005661002, 0.29876070457320464], [0.24354967948717943, 0.2718089826839828, 0.1425439976689977, 0.34209734015984017], [0.31340342114026326, 0.23164271583679483, 0.1852674666020255, 0.2696863964209166], [0.2206385142635143, 0.2814684343434343, 0.2660785048285048, 0.2318145465645466], [0.1843518217893218, 0.34886471861471874, 0.25208089826839836, 0.2147025613275614], [0.24887253024753023, 0.268465374902875, 0.20793492618492615, 0.27472716866466873], [0.26068794685706453, 0.3066815170123995, 0.19824504662004663, 0.23438548951048943], [0.20989188589188593, 0.2012151043401044, 0.2599946858696859, 0.3288983238983239], [0.16406707987353147, 0.30628245052438613, 0.24711086494151002, 0.28253960466057243], [0.28368399247811016, 0.2759263832572656, 0.21048851148851164, 0.2299011127761128], [0.23546812032996242, 0.32484687238286314, 0.20648162295221117, 0.23320338433496324], [0.2326149267399268, 0.3256096403596404, 0.1870823967698968, 0.2546930361305361], [0.1786270396270396, 0.2876956515706516, 0.2739398101898103, 0.2597374986124985], [0.15780353388441623, 0.34938360332477986, 0.2617868332647745, 0.2310260295260297], [0.2461393051393051, 0.2962499722499722, 0.19891335053835046, 0.25869737207237226], [0.20546976634476644, 0.2702612526362527, 0.15487762237762237, 0.36939135864135864], [0.21232084582084582, 0.2558216852591853, 0.21261832611832612, 0.3192391428016428], [0.2645011100011101, 0.29641586191586194, 0.17764410589410595, 0.26143892218892223], [0.18269389750034906, 0.27197964222157767, 0.24804078714349123, 0.2972856731345821], [0.29581397075147076, 0.311716595904096, 0.16029075091575087, 0.23217868242868242], [0.28841022866022875, 0.2306650987900989, 0.19289431401931412, 0.2880303585303585], [0.2408429279054279, 0.2890335844710845, 0.20217532467532467, 0.2679481629481629], [0.2603757215007214, 0.2514725135975136, 0.1742867965367965, 0.31386496836496847], [0.1860915563194975, 0.24407368326118323, 0.29141592925048804, 0.2784188311688312], [0.23007128002716246, 0.23318102240896357, 0.19306727994227996, 0.34368041762159407], [0.27582001740089973, 0.2593190996095409, 0.2123840028435616, 0.2524768801459979], [0.2507501754781167, 0.21357693695193697, 0.19961108825814708, 0.33606179931179936], [0.16241992035742028, 0.32135253635253647, 0.18441157453657456, 0.33181596875346875], [0.33839957264957266, 0.2659807692307693, 0.1351606726606726, 0.26045898545898555], [0.23104971417471418, 0.32159787434787446, 0.17671393883893882, 0.2706384726384726], [0.22303493840389002, 0.2947842677431151, 0.2031649779037113, 0.2790158159492837], [0.2301312755871579, 0.2965833125208126, 0.16138669255581017, 0.3118987193362193], [0.28651849049643174, 0.18720403901653898, 0.11085245024583257, 0.41542502024119676], [0.19694864449276214, 0.319300874778816, 0.13036834203378317, 0.3533821386946387], [0.32104818792318796, 0.32134192196692196, 0.1459961982461982, 0.21161369186369186], [0.19307629870129875, 0.30121109446109456, 0.21194011544011548, 0.2937724913974914], [0.3045010903075421, 0.2479077557746913, 0.1489088724895176, 0.2986822814282492], [0.21363618326118336, 0.2835346320346321, 0.19064006132756137, 0.31218912337662347], [0.24697376164205534, 0.27737976037827483, 0.1857181742988195, 0.28992830368085043], [0.2298366772116772, 0.2601685952935953, 0.20579077866577872, 0.3042039488289488], [0.2965789816908237, 0.24857912664820564, 0.1996661255411256, 0.25517576611984516], [0.27392417998668, 0.2768713994338996, 0.16327773615273614, 0.28592668442668434], [0.12453874269005846, 0.34150122027095703, 0.2393039161131267, 0.2946561209258577], [0.19510108641358648, 0.2806633852258853, 0.20385642135642137, 0.32037910700410693], [0.27409868603618603, 0.2433330627705628, 0.18008038489288491, 0.3024878663003663], [0.1789703490953491, 0.3358480408480407, 0.13247713397713393, 0.3527044760794762], [0.1862485806676983, 0.2466269049577874, 0.18437866300366298, 0.38274585137085154], [0.26387830633418874, 0.2588651556776558, 0.1962633991825168, 0.2809931388056388], [0.23287093462093472, 0.2727396214896215, 0.17808386058386058, 0.3163055833055834], [0.25882666456350667, 0.2960726955792744, 0.224034527972028, 0.22106611188519093], [0.2498843795093795, 0.2700999000999001, 0.14354971417471415, 0.33646600621600625], [0.27499621212121217, 0.2805993867243868, 0.1715618686868687, 0.2728425324675326], [0.22440703740703744, 0.31906855644355653, 0.18888823676323674, 0.2676361693861694], [0.27053889166389167, 0.290249680874681, 0.17380960705960702, 0.2654018204018203], [0.23119125319125325, 0.27404161116661124, 0.21092766955266967, 0.2838394660894662], [0.24749644799644802, 0.25509599428349433, 0.20598208041958047, 0.29142547730047735], [0.1928480449289272, 0.33013217338217343, 0.18930852072763835, 0.28771126096126104], [0.2800591838716839, 0.270195727883228, 0.13806539987789987, 0.31167968836718846], [0.3114426626241141, 0.2897639690059046, 0.15825980627795144, 0.24053356209202983], [0.263095251970252, 0.22384607059607056, 0.2457074314574315, 0.267351245976246], [0.26065153106697236, 0.2263313700188701, 0.1976676697485521, 0.31534942916560565], [0.2560085886335887, 0.27363873626373636, 0.1551618916214504, 0.3151907834812248], [0.15358216089466084, 0.2743809523809524, 0.257702922077922, 0.31433396464646474], [0.20920291834068938, 0.26798147195941324, 0.19684655007874827, 0.3259690596211493], [0.24098537083831217, 0.23637572150072156, 0.24326679366385254, 0.279372113997114], [0.22123060681148918, 0.2598971861471861, 0.2393206405522582, 0.27955156648906654], [0.33761872563710815, 0.19787385612753258, 0.0939537427441839, 0.37055367549117557], [0.21238806536600663, 0.22224825174825186, 0.17124482176320413, 0.39411886112253763], [0.22830663780663787, 0.31761953324453335, 0.14337131618381613, 0.31070251276501276], [0.23197573953823955, 0.2357909382284383, 0.1829528180153181, 0.3492805042180043], [0.19712454906204901, 0.3067761544011544, 0.2153527236652237, 0.28074657287157284], [0.19832250388500391, 0.295124451936952, 0.18766200466200464, 0.31889103951603953], [0.30829229104229117, 0.2688021769896771, 0.1510992687867688, 0.2718062631812632], [0.2617640694788528, 0.2130035841351631, 0.21575096839435073, 0.3094813779916334], [0.2986833437266375, 0.26653664679251404, 0.14727142660207174, 0.28750858287877656], [0.3024909239152661, 0.2508210787320695, 0.17805835177894003, 0.2686296455737246], [0.25560247799586044, 0.29443034049284056, 0.14883292687704452, 0.30113425463425464], [0.2243921744105568, 0.3313695409982175, 0.21590248150542274, 0.22833580308580304], [0.2240359790299307, 0.2602181814601171, 0.21432833497148018, 0.30141750453847244], [0.2136706487956487, 0.26514496614496613, 0.16193084693084692, 0.35925353812853833], [0.310250084304601, 0.22672546298578083, 0.13866655596101685, 0.32435789674860144], [0.24864043911233183, 0.2888435838355193, 0.140095606507134, 0.3224203705450148], [0.2703861832611833, 0.26541221278721283, 0.17897650960150954, 0.2852250943500944], [0.2776489246048069, 0.27607946302063946, 0.16397980695774808, 0.2822918054168055], [0.23323820623820637, 0.269281204906205, 0.21696471583971585, 0.28051587301587305], [0.19840349927849932, 0.28411282467532467, 0.16052341408591403, 0.35696026196026204], [0.2774188193342606, 0.27548098429348433, 0.14801368566074452, 0.29908651071151066], [0.29867766465560597, 0.22249382561882564, 0.21554804019509902, 0.26328046953046963], [0.2708323204573204, 0.3225141663891665, 0.12312049062049062, 0.28353302253302265], [0.2511436549561549, 0.2821749431124432, 0.18354460816960816, 0.2831367937617938], [0.22414100154231734, 0.24211158906882585, 0.1733690988878682, 0.36037831050098856], [0.24807602120102115, 0.20130667943167949, 0.15261160367410362, 0.3980056956931958], [0.19254646742146744, 0.3073470140970142, 0.1729566405816405, 0.32714987789987793], [0.30659595959595964, 0.21204659229659234, 0.17920739676989675, 0.3021500513375514], [0.23533585858585856, 0.283888999889, 0.15947186147186143, 0.32130328005327996], [0.22125366008260758, 0.22958818958818966, 0.1572226213114371, 0.3919355290177658], [0.2075117185681702, 0.32341004515198063, 0.14868436089000606, 0.32039387538984326], [0.20447956904206901, 0.29061042429792433, 0.1755452394827394, 0.3293647671772672], [0.30249237282325525, 0.24480151874269523, 0.14988969568013683, 0.30281641275391263], [0.27434283771783774, 0.23973211510711517, 0.18196991896991896, 0.30395512820512827], [0.24534298340548344, 0.2546746933621933, 0.19204496198246196, 0.3079373612498612], [0.17220683483183474, 0.3079144744144745, 0.24013482350982365, 0.27974386724386713], [0.22293794400044412, 0.26430314130314125, 0.23147859085359088, 0.2812803238428239], [0.2190661768786769, 0.27754168747918756, 0.22579902042402045, 0.2775931152181153], [0.20907740870240876, 0.25783193195693194, 0.2147789710289711, 0.3183116883116883], [0.2288914696414697, 0.254352430249489, 0.15620037805331918, 0.3605557220557219], [0.24671320857505066, 0.27951874952532857, 0.143011766011766, 0.33075627588785494], [0.26334946711784946, 0.24719058719058717, 0.16331377160421273, 0.3261461740873506], [0.3124874916749917, 0.23877442002442018, 0.1816841214341214, 0.2670539668664669], [0.22718319180819183, 0.20503811466311475, 0.15733053058053056, 0.4104481629481629], [0.2550292554667555, 0.28035957792207805, 0.15931195887445887, 0.3052992077367078], [0.21222888222888225, 0.29275139443889453, 0.17710676823176827, 0.3179129551004552], [0.2892757958415853, 0.20540625091282994, 0.21799807502439092, 0.287319878221194], [0.2671572447160684, 0.2530022151051563, 0.15405737726325955, 0.3257831629155158], [0.26609645909645907, 0.2552127247752249, 0.13481673187923188, 0.3438740842490844], [0.195544289044289, 0.33080433455433467, 0.24092726717726723, 0.23272410922410927], [0.24814434870684876, 0.30788067488067483, 0.18289140720390715, 0.26108356920856923], [0.309266095016095, 0.2766582722832724, 0.13226917526917525, 0.28180645743145755], [0.23499278499278506, 0.2986131854256855, 0.1890902341122929, 0.2773037954692367], [0.2349782162282163, 0.29674156399156393, 0.1686657509157509, 0.29961446886446885], [0.2713737928737928, 0.29787701187701193, 0.15788220113220108, 0.27286699411699417], [0.24512867687867682, 0.27326100288600297, 0.12947127872127867, 0.35213904151404146], [0.23688833388833377, 0.3095256018491313, 0.1875620098855393, 0.26602405437699567], [0.25372841047841044, 0.26242538017538025, 0.1832921016891605, 0.3005541076570488], [0.2525436875216287, 0.21852459346209355, 0.16183269916358145, 0.3670990198526962], [0.2932262043512044, 0.2026189782439783, 0.17752929015429014, 0.32662552725052735], [0.1961466114530631, 0.23780725904919464, 0.2366112534418986, 0.32943487605584393], [0.3119768645333162, 0.2851797754217109, 0.10861699769764284, 0.29422636234733013], [0.22281102231102232, 0.2927309496059497, 0.2046299256299257, 0.2798281024531025], [0.173645313020313, 0.31028570041070036, 0.1451621989121989, 0.3709067876567876], [0.19797064047064047, 0.3327502171031582, 0.21823087125293011, 0.25104827117327116]]}}