{"test": {"ids": ["106113190", "106113360", "103113260", "100108260", "99109910", "113119120", "100109311", "106113830", "103120730", "103113210", "112120670", "113121750", "111119150", "110121170", "113120751", "111114321", "106119260", "105110251", "99111930", "107115250", "107114950", "105113190", "104111550", "104113210", "101111990", "113120780", "106115250", "110115140", "99108580", "99111000", "98116940", "109113881", "113117340", "98108370", "107119950", "110115710", "111116990", "98108150", "109116930", "106120640", "99107660", "109119340", "97109080", "111117200", "98108580", "112117431", "100117420", "111116290", "107116340", "111116530", "111116750", "103110840", "106117790", "104116441", "110119030", "98112170", "113120591", "102116500", "111118820", "105121190", "101114020", "105112100", "112116290", "102117351", "113120280", "113118820", "101108500", "99107560", "104111830", "100107920", "108114200", "112119930", "102110690", "113119480", "97105760", "100120780", "101111210", "113120830", "112118701", "104109311", "103110760", "104112201", "97107681", "97114170", "111119340", "113122170", "111120260", "112120630", "106116120", "112118860", "101108950", "100108490", "111119290", "109113281", "108119550", "103118110", "108113480", "105115250", "107118490", "105116501", "110115890", "105119950", "105112130", "113120260", "97106600", "113120531", "109117271", "112117780", "110116441", "98109230", "104114740", "113118620", "99109311", "110114920", "112117461", "104111620", "103113170", "107113260", "106111321", "113120601", "97116500", "102109840", "107114621", "106116370", "99114890", "108116070", "102112030", "99112300", "113120640", "108120700", "98110230", "104114320", "97112830", "109114270", "105115900", "97118210", "107121700", "112120290", "97105451", "106114880", "107113180", "104119290"], "labels": [0, 0, 3, 3, 2, 3, 1, 1, 1, 3, 2, 0, 3, 2, 1, 1, 1, 0, 1, 2, 3, 3, 1, 3, 2, 0, 2, 0, 0, 2, 2, 0, 2, 1, 3, 2, 0, 0, 0, 3, 3, 3, 2, 0, 0, 0, 2, 2, 3, 3, 3, 1, 1, 1, 0, 3, 0, 1, 0, 2, 3, 1, 0, 1, 0, 0, 3, 1, 3, 0, 0, 1, 0, 3, 0, 1, 2, 3, 0, 3, 1, 0, 3, 2, 3, 1, 3, 3, 1, 3, 2, 2, 3, 0, 1, 2, 0, 2, 2, 1, 2, 3, 1, 3, 3, 0, 0, 0, 3, 1, 2, 3, 1, 3, 0, 0, 3, 0, 0, 2, 2, 2, 0, 2, 2, 1, 2, 0, 0, 2, 3, 2, 2, 3, 3, 2, 3, 1, 0, 0, 3, 1], "predicted_labels": [0, 0, 1, 0, 2, 3, 3, 3, 0, 0, 1, 0, 0, 3, 0, 1, 0, 3, 1, 2, 3, 3, 1, 3, 2, 0, 1, 3, 2, 2, 1, 1, 1, 3, 2, 0, 0, 1, 2, 1, 3, 2, 1, 1, 2, 3, 2, 0, 1, 1, 3, 2, 2, 3, 3, 0, 3, 2, 0, 3, 3, 3, 1, 3, 0, 0, 1, 0, 3, 0, 0, 2, 0, 0, 0, 3, 0, 2, 3, 3, 0, 1, 3, 1, 3, 1, 0, 3, 3, 1, 2, 0, 3, 3, 3, 3, 3, 0, 1, 1, 1, 1, 1, 1, 2, 0, 3, 0, 0, 2, 3, 1, 2, 1, 3, 0, 0, 2, 1, 1, 3, 2, 1, 2, 1, 2, 1, 3, 3, 3, 1, 0, 3, 3, 2, 2, 3, 1, 0, 2, 0, 3], "confidence_scores": [[0.9999999699847109, 8.789290997703558e-09, 2.8608731981585417e-09, 1.8365124938546515e-08], [0.8683220088689515, 0.13167457940610133, 2.1008607053260695e-09, 3.4096240864191037e-06], [5.718159142335765e-08, 0.999998109077401, 1.8388261494665272e-08, 1.8153527459133675e-06], [0.898206835226264, 0.0018629435574021706, 0.09005421635858908, 0.00987600485774474], [4.879272242994413e-05, 2.0101533425456527e-07, 0.9999498765907401, 1.1296714957107428e-06], [0.06662411358023715, 0.00036816449393747776, 0.00036427377449649626, 0.9326434481513288], [0.34119686490687634, 0.0007797123601381074, 9.839247961354002e-09, 0.6580234128937376], [0.011996636665789713, 0.0015363309313776346, 0.0008083068937786288, 0.9856587255090541], [0.9977532470060106, 0.002168327787691231, 2.2771192012084424e-05, 5.5654014285909945e-05], [0.5337555656337534, 0.0002783189169343036, 0.4656785823584713, 0.00028753309084107856], [0.04522105990837524, 0.9382285693190504, 0.015803582332105652, 0.0007467884404687633], [0.929934724506962, 0.06959759501786195, 2.8606453975278942e-06, 0.00046481982977830607], [0.9866754649788604, 0.00019811203008342007, 6.250956237505839e-08, 0.013126360481493807], [0.001115668695272658, 0.01453368875639387, 0.0014257815735442053, 0.9829248609747891], [0.8224962242292375, 0.0005684369295072612, 0.0005255552031327524, 0.17640978363812237], [5.754721926158712e-07, 0.9996862751780022, 0.00031311722557790127, 3.2124227243888215e-08], [0.9952732386329393, 4.0363724909496113e-07, 0.004726313605316686, 4.412449489991252e-08], [0.00021363410629144167, 0.0009424530393322225, 0.00035862555170858914, 0.9984852873026677], [1.4496973424764633e-07, 0.9999053852254473, 1.81880309174771e-05, 7.628177390090173e-05], [8.918882757916268e-06, 0.32584656975629184, 0.6733330157938288, 0.0008114955671213349], [0.04230185256843484, 0.0026881187731631075, 0.0002964339583636799, 0.9547135947000382], [0.00235861912978625, 0.010532076843314789, 0.004028972049887077, 0.983080331977012], [0.0003969472720784896, 0.9733425544576021, 0.0117938127391645, 0.014466685531154913], [0.004895466448188044, 5.483574765888939e-05, 0.00014116550575592676, 0.9949085322983972], [1.0478259196925052e-05, 1.0449640524869673e-06, 0.9999788567783516, 9.619998398821691e-06], [0.8616118707457868, 0.1383152042765744, 2.87041204534574e-09, 7.292210722667326e-05], [1.982348274371599e-06, 0.9970121344240783, 0.0028388670980511927, 0.0001470161295962349], [0.00016343473997847968, 0.02725532788922743, 0.045988020806778294, 0.9265932165640157], [1.342058316252973e-06, 0.1749668191946228, 0.8249688502025603, 6.298854450055135e-05], [1.0971773180584779e-07, 0.01242312069415759, 0.9875765972732354, 1.7231487509072802e-07], [1.92598990604415e-05, 0.971514928915323, 0.0017228730234542869, 0.026742938162162142], [4.729947152550779e-05, 0.9883583473629165, 0.011552799041677107, 4.155412388091143e-05], [0.00024006663687348208, 0.8585155124889223, 0.1410834782798497, 0.00016094259435459122], [3.131585466648994e-05, 0.0023858263873452576, 0.037772744881649736, 0.9598101128763386], [0.000871439593658168, 0.00020511037762939883, 0.6075283728940555, 0.391395077134657], [0.9956452375507165, 3.83513665820288e-05, 0.003859127745349307, 0.0004572833373520598], [0.9761275980204547, 0.01635198619256284, 0.005429624654954822, 0.002090791132027848], [0.11258329291976928, 0.5083328739838308, 0.14057182534680196, 0.23851200774959797], [8.687920980924683e-05, 3.8280280792066613e-07, 0.9999119192822767, 8.187051060463135e-07], [1.6474600811431143e-06, 0.9993662015890109, 0.0006133668113622454, 1.878413954570685e-05], [0.18464301341384817, 0.00018098898671531745, 0.0002351406182866528, 0.8149408569811499], [0.01717049612887362, 0.00017114584164636514, 0.7702950215294776, 0.21236333650000255], [1.4416116747854629e-11, 0.9999908493667801, 2.360615611895404e-07, 8.914557242843108e-06], [6.767337751269786e-05, 0.5829126718451492, 2.373022110864649e-07, 0.41701941747512705], [3.319707226160916e-05, 0.0026153659126836215, 0.9973093170388975, 4.2119976157286216e-05], [0.002671953619562994, 0.0005136464815529157, 4.7661902405526555e-06, 0.9968096337086436], [1.8527157567511267e-11, 2.800542511610327e-08, 0.9999999671005806, 4.875467159938702e-09], [0.9974680165995209, 0.002373155435994594, 5.48064691587551e-05, 0.0001040214953258946], [0.0005802030713703216, 0.9991305736254286, 7.388802796266934e-07, 0.0002884844229214779], [0.0016538064496257404, 0.9983202876831054, 2.562835730899097e-05, 2.7750995990559687e-07], [1.1305134863088577e-06, 4.3345106849063356e-11, 1.775649929965066e-05, 0.999981112943869], [0.0020238422649054995, 0.020546554906357734, 0.9760603084995751, 0.0013692943291616336], [0.0006762489270964129, 0.002025499830328248, 0.8363688122627737, 0.16092943897980164], [0.0041026150848423515, 2.075557508640793e-06, 2.1976392703003856e-08, 0.9958952873812562], [0.3472695086531977, 0.0035949201787110804, 0.00034510615399748173, 0.6487904650140938], [0.37895457408716005, 0.08518164678646006, 0.2578328535818602, 0.2780309255445196], [0.007852763834765896, 0.001168433700372984, 1.2316231015429027e-07, 0.9909786793025509], [5.0588068771982606e-05, 2.0185919589231915e-05, 0.9991538883254706, 0.0007753376861681305], [0.9689851145252835, 5.50959633696693e-08, 1.5832218010415037e-08, 0.031014814546535218], [5.347876135873614e-09, 0.01240932851899083, 0.07323783704320144, 0.9143528290899315], [0.0006084346413257586, 0.0022756669757120216, 0.4464677115053375, 0.5506481868776247], [0.00054113215762779, 0.048105160130428204, 0.004018144057098427, 0.9473355636548456], [0.12245274128720189, 0.7085729644873979, 6.03393933047951e-05, 0.16891395483209534], [0.0007490825953863259, 0.00019865945303957976, 0.00013749148143801012, 0.998914766470136], [0.982251102758832, 0.0010075297483017984, 0.0002852976643351298, 0.016456069828530907], [0.8867328107316861, 0.08560518531498541, 0.02063503085373469, 0.0070269730995939075], [2.0712809829184613e-06, 0.9997348198316487, 4.4679215701111266e-05, 0.00021842967166736438], [0.9583739018302843, 0.026922337653491606, 0.00025701100457341003, 0.014446749511650689], [3.1356887814541735e-05, 2.385641538757332e-05, 1.7880543796629435e-07, 0.9999446078913599], [0.9999912774645502, 2.9032284561102624e-07, 7.009254336873233e-06, 1.422958267453849e-06], [0.9982119799370016, 0.001762836192914429, 5.735850307062387e-06, 1.944801977706144e-05], [7.661918127552121e-08, 0.008433316272497285, 0.8703972230775631, 0.1211693840307583], [0.9892780393788062, 0.00404718490679121, 3.9163829107600863e-07, 0.006674384076111341], [0.9999719846365938, 5.7389892090886826e-08, 8.97126582896209e-09, 2.7949002248335757e-05], [0.8806650317426974, 0.00041473625210655543, 0.010030090481624688, 0.1088901415235714], [0.004491883258031912, 3.432676882358406e-09, 7.830257389862576e-05, 0.9954298107353926], [0.7759700590994447, 0.00690105232592425, 0.00013334694856108456, 0.21699554162606996], [0.00036574746311612204, 5.921580780013339e-06, 0.9769398968334927, 0.022688434122611137], [0.006181233152297749, 0.0019388734841144137, 0.0005222314865712802, 0.9913576618770166], [0.010547191935477653, 0.00018447147879350963, 0.002344703455732199, 0.9869236331299966], [0.9019487725576939, 0.054434711108706256, 0.03674869438463287, 0.006867821948966983], [0.01779720318136567, 0.554390646014598, 0.0003391377562123741, 0.42747301304782404], [2.6771885602786463e-05, 1.1655432705392441e-08, 0.06486847686622527, 0.9351047395927392], [1.1273883975342254e-08, 0.9665425679447908, 0.005264455604909254, 0.028192965176415744], [4.2817798479131244e-05, 0.012193592401638953, 7.063226249863957e-07, 0.9877628834772569], [0.00028854483464141637, 0.5384977651768695, 0.0001509511555156625, 0.46106273883297344], [0.9674921328039441, 0.007098863111393522, 1.4594829245644716e-07, 0.02540885813636988], [1.1056346287363604e-06, 0.1012684472231905, 0.022218606368253443, 0.8765118407739272], [0.00800351712315529, 0.214090176821681, 0.007082061095163515, 0.7708242449600001], [3.830216610897197e-05, 0.9996918553082011, 8.618280962909708e-09, 0.0002698339074087982], [0.00091032552204114, 1.9877468324570096e-05, 0.9120648468430271, 0.08700495016660732], [0.9838956440843101, 0.0003313996110754684, 0.0015288857146070454, 0.01424407059000752], [3.487632676875164e-09, 1.0580889594239994e-06, 2.0159585914800073e-06, 0.9999969224648163], [0.06800097110482461, 2.2856584247123857e-07, 5.435851443262655e-10, 0.9319987997857476], [0.015279032209794038, 0.3404966079826035, 0.004018292523234347, 0.6402060672843681], [8.8192757151664e-05, 0.0002118646428334932, 0.018873457909050536, 0.9808264846909642], [0.3174344686640685, 4.230531349632733e-07, 7.493585566108139e-08, 0.6825650333469409], [0.563940633039834, 0.21840688151297105, 0.08871913130987145, 0.12893335413732357], [0.0008414231431424282, 0.9202321627534386, 0.07859982308689742, 0.0003265910165217081], [0.009529986190285028, 0.9904649054385358, 2.4957206663730938e-11, 5.108346221857023e-06], [8.736159378624113e-05, 0.938063963537656, 0.049992453521194836, 0.0118562213473628], [0.001615529870462803, 0.998382600842055, 1.6474059373070394e-06, 2.2188154503234829e-07], [0.0004341550951369085, 0.5549701907981608, 2.401628317999591e-05, 0.4445716378235223], [0.00037205451820053107, 0.8272753951798995, 0.00014194910316340479, 0.17221060119873666], [0.026792484579354785, 0.0002295930282460415, 0.9714657040813633, 0.0015122183110357448], [0.9910806884391785, 4.722736617110798e-05, 3.1362114018851044e-06, 0.008868947983248728], [0.02643390697678944, 3.695748723138037e-05, 4.861377363407284e-05, 0.9734805217623451], [0.9854816726876762, 0.00020456425241342424, 5.1634840366866414e-05, 0.014262128219543648], [0.9963333354341322, 0.00358247880118951, 7.184794000143606e-05, 1.2337824676896234e-05], [3.332108081942398e-05, 0.00016135021188121813, 0.9995768857396841, 0.0002284429676154008], [0.008268700661382602, 1.472742771810998e-06, 0.10959293072815529, 0.8821368958676903], [0.0006194014766045106, 0.9993805865118982, 1.1544968768867888e-10, 1.1896047582961353e-08], [0.00022973297025515437, 0.00024688465970751, 0.9985693610194134, 0.000954021350623942], [0.019946971194124957, 0.979262750080367, 0.0007894186065191547, 8.60118988891903e-07], [0.0008376241719556638, 2.6253031585309656e-05, 0.0013197750607453187, 0.9978163477357138], [0.8943736308705597, 0.06927161862443292, 2.113630495735577e-05, 0.03633361420004982], [0.7830843634845667, 0.008803831805504396, 0.20810464860226022, 7.156107668878523e-06], [0.009458926796758934, 0.0002623730431015777, 0.965924041207827, 0.024354658952312508], [0.00048791864113787397, 0.9570616089807745, 0.036458277565709046, 0.005992194812378715], [0.005257566460730786, 0.9868049355924894, 0.007933498733077662, 3.999213702074333e-06], [0.017612941286596885, 0.005872801822990195, 0.2035030354706981, 0.7730112214197148], [1.4428407422184699e-06, 0.00012254813153875406, 0.9998759910627293, 1.79649897329416e-08], [0.003057447286148682, 0.9918851803390323, 6.643867849818545e-05, 0.004990933696320781], [0.00026670530459570093, 0.3821004743069305, 0.40139648279283097, 0.21623633759564295], [4.43941967220667e-08, 0.8279619615679806, 0.008833555703242544, 0.16320443833458026], [1.555306831036668e-05, 0.014602453587680685, 0.9853819837190012, 9.625007600491144e-09], [0.10841649165946213, 0.8914850911481108, 8.289454798167881e-05, 1.552264444519937e-05], [0.0061969368888155464, 2.1812306837512677e-05, 0.37898128905519807, 0.6147999617491489], [0.002027679494464291, 0.17433528740352863, 9.760024430014675e-05, 0.8235394328577069], [0.028499613011364926, 0.04199982696157453, 3.579147461398014e-07, 0.9295002021123144], [1.1201932608850019e-08, 0.9995354587180896, 0.0004622063914888885, 2.323688488817277e-06], [0.9632900419348613, 0.03612467537140334, 0.0005608273070270194, 2.4455386708243785e-05], [0.015002978006996862, 0.20698977511865307, 0.3790498076825811, 0.398957439191769], [0.0031498574343242656, 0.1464631109572934, 0.0023726057252566905, 0.8480144258831256], [0.42263571345730594, 8.02555867080284e-09, 0.5403910372223251, 0.03697324129481021], [0.006048124379425208, 0.06360749599640922, 0.881640715402241, 0.04870366422192451], [3.675790826126987e-05, 0.05852719799946425, 0.005923843618804269, 0.9355122004734702], [7.059568280528576e-06, 0.9999269635420018, 6.597678771536207e-05, 1.020019869406145e-10], [0.8675720198889565, 1.7304879396615107e-06, 8.333113096601076e-09, 0.1324262412899907], [0.002496925231479816, 0.0012567167738143491, 0.9962463520998609, 5.894845073742856e-09], [0.816699936441518, 0.17668805119582426, 0.006282769197952702, 0.0003292431647050142], [6.925724584989289e-06, 0.03042507219243703, 0.0008201543026303109, 0.9687478477803477]]}, "rewritten": {"ids": ["97105451", "97105760", "97106600", "97107681", "97109080", "97112830", "97114170", "97116500", "97118210", "98108150", "98108370", "98108580", "98109230", "98110230", "98112170", "98116940", "99107560", "99107660", "99108580", "99109311", "99109910", "99111000", "99111930", "99112300", "99114890", "100107920", "100108260", "100108490", "100109311", "100117420", "100120780", "101108500", "101108950", "101111210", "101111990", "101114020", "102109840", "102110690", "102112030", "102116500", "102117351", "103110760", "103110840", "103113170", "103113210", "103113260", "103118110", "103120730", "104109311", "104111550", "104111620", "104111830", "104112201", "104113210", "104114320", "104114740", "104116441", "104119290", "105110251", "105112100", "105112130", "105113190", "105115250", "105115900", "105116501", "105119950", "105121190", "106111321", "106113190", "106113360", "106113830", "106114880", "106115250", "106116120", "106116370", "106117790", "106119260", "106120640", "107113180", "107113260", "107114621", "107114950", "107115250", "107116340", "107118490", "107119950", "107121700", "108113480", "108114200", "108116070", "108119550", "108120700", "109113281", "109113881", "109114270", "109116930", "109117271", "109119340", "110114920", "110115140", "110115710", "110115890", "110116441", "110119030", "110121170", "111114321", "111116290", "111116530", "111116750", "111116990", "111117200", "111118820", "111119150", "111119290", "111119340", "111120260", "112116290", "112117431", "112117461", "112117780", "112118701", "112118860", "112119930", "112120290", "112120630", "112120670", "113117340", "113118620", "113118820", "113119120", "113119480", "113120260", "113120280", "113120531", "113120591", "113120601", "113120640", "113120751", "113120780", "113120830", "113121750", "113122170"], "labels": [0, 0, 3, 3, 2, 2, 2, 2, 2, 0, 1, 0, 1, 3, 3, 2, 1, 3, 0, 1, 2, 2, 1, 0, 2, 0, 3, 2, 1, 2, 1, 3, 2, 2, 2, 3, 2, 0, 2, 1, 1, 1, 1, 3, 3, 3, 2, 1, 3, 1, 0, 3, 0, 3, 2, 2, 1, 1, 0, 1, 1, 3, 2, 3, 1, 3, 2, 0, 0, 0, 1, 0, 2, 1, 2, 1, 1, 3, 3, 0, 0, 3, 2, 3, 2, 3, 3, 0, 0, 1, 1, 2, 0, 0, 3, 0, 0, 3, 3, 0, 2, 2, 3, 0, 2, 1, 2, 3, 3, 0, 0, 0, 3, 3, 3, 3, 0, 0, 0, 0, 0, 3, 1, 1, 3, 2, 2, 3, 0, 3, 3, 3, 0, 0, 0, 2, 0, 1, 0, 3, 0, 1], "predicted_labels": [0, 0, 0, 3, 1, 2, 1, 0, 0, 1, 2, 2, 2, 1, 0, 2, 0, 3, 2, 2, 2, 2, 1, 3, 2, 0, 0, 0, 3, 2, 3, 1, 0, 1, 2, 3, 2, 0, 1, 2, 3, 0, 2, 2, 2, 1, 1, 0, 3, 1, 0, 3, 3, 3, 0, 2, 3, 3, 3, 3, 1, 3, 0, 0, 1, 0, 2, 1, 0, 3, 3, 2, 1, 3, 1, 2, 0, 1, 0, 2, 1, 3, 2, 1, 1, 3, 3, 3, 0, 2, 3, 3, 0, 1, 3, 2, 3, 3, 1, 1, 0, 1, 0, 2, 2, 1, 0, 1, 3, 0, 1, 0, 3, 3, 3, 0, 3, 3, 1, 0, 3, 1, 1, 1, 3, 1, 1, 1, 0, 3, 0, 1, 0, 0, 3, 1, 1, 3, 0, 3, 0, 3], "confidence_scores": [[0.945073765509064, 4.1417489316660035e-09, 1.1947856122697273e-08, 0.05492621840133091], [0.9897048132301138, 0.00648928043779255, 0.0011716877024875259, 0.002634218629606034], [0.6693801215405314, 7.722419004354782e-05, 0.09953613941076479, 0.23100651485866017], [2.489862499604418e-07, 4.1348186537641895e-08, 0.0035251473282207424, 0.9964745623373427], [1.2983678029472405e-11, 0.9997075542515111, 0.00027929679747706675, 1.3148938028244366e-05], [3.8470812319225654e-05, 0.033254568835339886, 0.9665420169044326, 0.00016494344790818707], [1.2921545907019533e-08, 0.9288942804243725, 0.005934660213747509, 0.06517104644033418], [0.8031964172549093, 3.343935854532369e-05, 0.16905591480681956, 0.02771422857972576], [0.5463980043763956, 0.0003015545724484483, 0.3631539006048697, 0.09014654044628623], [0.00011076443136675976, 0.9997503483275443, 0.00011881087594097134, 2.0076365148145186e-05], [0.04248071090714577, 0.0014710900212230465, 0.9447936654895166, 0.011254533582114694], [0.0014357781901701053, 0.00027835364305938163, 0.9977450561028817, 0.0005408120638887309], [1.0837217037531634e-05, 0.0030510718639539264, 0.9831038217771643, 0.013834269141844355], [0.0013664204152150077, 0.9986110813175608, 1.8717630577104632e-05, 3.7806366470930304e-06], [0.9691448312665633, 0.0036700280101170076, 0.02441614166915422, 0.00276899905416575], [0.037730346222046574, 0.26572770689755726, 0.5796853257198198, 0.11685662116057628], [0.9312296781830375, 0.04417411977966689, 0.02457360141174325, 2.2600625552215365e-05], [0.010021387655521729, 0.00039105649362589193, 2.6825293774164003e-05, 0.9895607305570782], [5.392422215205063e-08, 0.12130944170304227, 0.8786309800372208, 5.952433551470317e-05], [0.007225680938952336, 0.003217169403915823, 0.6744922941542308, 0.3150648555029011], [0.00042591445426911164, 2.4034717492496217e-07, 0.9995656850179968, 8.160180559074084e-06], [5.150242155648225e-09, 1.5839932603594767e-06, 0.9999982651489744, 1.4570752307053764e-07], [1.2873489586705448e-06, 0.9989142112559837, 0.0008548667778316081, 0.00022963461722611784], [0.0008037859519471774, 1.6681580850884794e-05, 0.04512710971963236, 0.9540524227475696], [3.706997915881628e-08, 0.036286516113664395, 0.5859067095520912, 0.3778067372642653], [0.9987540560705463, 6.369929007269912e-05, 0.0010910387779436135, 9.120586143739053e-05], [0.9874691936577061, 0.00013432750178041586, 0.0002225158965176391, 0.012173962943995725], [0.9545785758642795, 0.04352361583737904, 1.2886662390043257e-06, 0.0018965196321025504], [0.006096422447061009, 0.0001205188214253849, 5.5665548636393496e-09, 0.9937830531649587], [4.328066403387871e-10, 5.169266319249712e-06, 0.999991116160984, 3.7141398899219834e-06], [0.32388847657574354, 2.9969785660334005e-05, 0.034763948638928475, 0.6413176049996677], [2.113211629809365e-05, 0.9954108649978589, 0.002184739418594044, 0.0023832634672489197], [0.8396070810917023, 0.04599780757396515, 0.08734861187274279, 0.027046499461589664], [0.1392987764077172, 0.8413910832696487, 2.6324458539230394e-05, 0.019283815864094927], [0.21482334934046432, 0.002546020925366265, 0.7821244780711119, 0.0005061516630574771], [0.0001731991555118857, 0.0006251233848626169, 0.032585700754217066, 0.9666159767054084], [1.797123677462041e-06, 0.00047240795623017213, 0.9995250962877487, 6.986323436229236e-07], [0.7868092447132005, 0.16738044472078992, 3.3949542455073586e-07, 0.04580997107058497], [0.10608415224933494, 0.8908369520025312, 0.0030721246945644054, 6.7710535695817396e-06], [0.00012586261241180025, 0.0007539541172694974, 0.998812634611079, 0.0003075486592395832], [0.00034883659081323307, 0.0003295771915724147, 4.702114193083354e-05, 0.9992745650756836], [0.9718564960246416, 0.021751524500271357, 0.006216971775978096, 0.00017500769910881722], [1.58034165579321e-05, 4.987054784699702e-06, 0.9999779190056062, 1.2905230511222544e-06], [0.027364722929231894, 0.003888101168706019, 0.9685418509619755, 0.00020532494008635338], [0.21417448072409676, 5.3588166915606244e-05, 0.7857718846316041, 4.6477383610808044e-08], [8.574845110205549e-07, 0.9995171343212098, 3.372342002624106e-07, 0.00048167096007878396], [7.309319088353401e-06, 0.49952717049139045, 0.021830525363670677, 0.47863499482585053], [0.9847026546717214, 0.01519273622881329, 1.2059928682349281e-06, 0.00010340310659719586], [0.05906334679811707, 0.0058895758883592084, 0.007922869427987717, 0.9271242078855361], [1.1013329348085334e-06, 0.9999918867515849, 2.702321414730121e-06, 4.3095940655285504e-06], [0.888942840997235, 0.10831596823328465, 0.0009684812483112061, 0.0017727095211690833], [0.3053919357435745, 0.0009545999055263546, 1.294710223587854e-06, 0.6936521696406756], [0.340794605005261, 0.0026194824937575164, 5.4799904468558145e-06, 0.6565804325105346], [0.008463642181592866, 0.002035561094239146, 0.0012979142152218823, 0.9882028825089461], [0.9054784087474611, 0.004677619976985765, 0.08977046036639488, 7.351090915805405e-05], [0.06170678430374455, 9.857495523113796e-07, 0.869227783635374, 0.06906444631132916], [0.11409116199012663, 4.789342256856665e-08, 6.158783814531834e-12, 0.885908790110292], [2.100148857509048e-05, 0.0005242514841251523, 0.1379973511868733, 0.8614573958404266], [0.000493155098503373, 0.34100728281702997, 0.00045380835662509744, 0.6580457537278416], [0.0003228738016945466, 0.05838379060872261, 0.0908716600291704, 0.8504216755604125], [4.1918424184402815e-06, 0.9999826356648037, 7.289477731981886e-06, 5.883015045867421e-06], [0.00017135332396451956, 0.00012510649868644182, 0.0029395430997723013, 0.9967639970775768], [0.3823689626706296, 0.03310755527752901, 0.3376205406261252, 0.24690294142571628], [0.5848759797144714, 5.482921900778576e-07, 0.39201460879934025, 0.023108863193998238], [0.054544888825763846, 0.9454531157054031, 3.437019029194832e-12, 1.9954653960000136e-06], [0.5240523569081031, 0.47399637227513497, 0.001713534931859116, 0.00023773588490279415], [4.173202155043633e-08, 0.0006947594940804241, 0.9641104976283285, 0.035194701145569544], [0.001810850335273374, 0.8860538294730687, 0.00011381774541476386, 0.11202150244624309], [0.9999998597867495, 1.0987203375441163e-07, 1.291464427631246e-08, 1.7426572339401265e-08], [0.20080915324731022, 0.06707102250454915, 8.611807214706112e-05, 0.7320337061759936], [0.002970384283050407, 0.001984885173667859, 0.0029717230133346415, 0.9920730075299471], [6.4568761902211495e-06, 3.809164453407028e-08, 0.9999935049583495, 7.381579943719747e-11], [5.764008485454638e-07, 0.9972970033133628, 0.0026683811588898323, 3.403912689876049e-05], [7.024811887098224e-05, 0.0019545698370225777, 0.0018903536123981517, 0.9960848284317082], [0.0002999583679512031, 0.6950391095251423, 0.29519254460098393, 0.009468387505922448], [5.3993794503655414e-06, 0.004144728714941403, 0.9934722962424346, 0.002377575663173629], [0.9995984905516726, 2.3562455760295258e-09, 0.00040142902285572493, 7.806922612808654e-08], [6.088283573431708e-08, 0.9999893639758619, 9.901803850166575e-06, 6.733374522072774e-07], [0.6205232667124709, 0.19751138926426487, 0.18194379640763275, 2.1547615631500966e-05], [0.21946177198914155, 0.09905427227245556, 0.6759776202175792, 0.005506335520823707], [0.0415861467795977, 0.7470223180682926, 0.0010820319578782767, 0.21030950319423145], [0.0007190662626834772, 0.22589548613674776, 0.00013865739204935363, 0.7732467902085194], [6.247000725651242e-06, 0.05553716459695232, 0.943628616762719, 0.0008279716396029187], [0.07938757569835317, 0.8988365160368968, 0.019393048190002298, 0.0023828600747476674], [0.00011419449928485779, 0.8074793581102319, 0.19232313757320393, 8.330981727937811e-05], [0.00012558571653533586, 7.031324646712689e-05, 0.28929368923265736, 0.7105104118043402], [0.0002414722134163996, 0.3140465503768068, 0.006631821201397603, 0.6790801562083792], [0.0019475632616902134, 4.960082396113314e-07, 1.4816856729865431e-06, 0.9980504590443972], [0.9997405121934002, 0.0002594652990594953, 2.2339928965815657e-08, 1.6761135100272573e-10], [7.330073974429025e-06, 0.00020501301079768906, 0.9997876203887234, 3.652650458895688e-08], [0.2571492530986536, 0.28355345079867417, 0.1393124273225565, 0.31998486878011567], [0.0004841296387353901, 0.0002490914322410297, 1.0318407157331029e-09, 0.9992667778971828], [0.7976723347199064, 2.4645649997470424e-05, 2.360014644302198e-07, 0.20230278362863185], [0.0011110550070789118, 0.9978626928572958, 0.000367303271024928, 0.0006589488646004027], [0.0022405378140699897, 0.017859604851326455, 0.03481965309725933, 0.9450802042373442], [1.326728480298021e-06, 1.2806347106399874e-05, 0.9999854764622649, 3.9046214839379025e-07], [0.010804829326690765, 3.862899304477688e-05, 2.3573663197935207e-07, 0.9891563059436325], [0.2461655950242062, 0.32645734966622575, 0.06552638511377529, 0.36185067019579287], [0.4769994790978408, 0.5105891876480705, 2.8425795776482236e-05, 0.012382907458312322], [0.00850713464549395, 0.7426314862289684, 0.04689078282860154, 0.2019705962969362], [0.9603992343252205, 0.0003498611930934799, 0.017914414563705225, 0.02133648991798087], [8.200430965528846e-06, 0.9962720788665949, 0.0013977513537902048, 0.002321969348649547], [0.9994566272471515, 1.5056572984815005e-05, 0.0002613953927946211, 0.0002669207870692381], [0.4027923256724703, 0.01647567872512022, 0.519331162507756, 0.061400833094653454], [0.00013717719257425783, 0.22775083814685354, 0.768058088246869, 0.004053896413703142], [0.0004212856211782099, 0.9888800672460233, 0.01069402262060475, 4.624512193488089e-06], [0.9971563083919693, 2.997170390391286e-06, 5.929201375275708e-06, 0.0028347652362648197], [0.0076544377446279436, 0.992274159645289, 4.854908989768275e-07, 7.091711918417384e-05], [1.4377645122369423e-05, 4.677151568522214e-09, 3.1148634047483686e-05, 0.9999544690436787], [0.9968392344928257, 0.0028970515227158497, 0.0002439347507097439, 1.9779233748725174e-05], [2.0964829217131572e-06, 0.8669637138312388, 1.0649349118914428e-07, 0.13303408319234822], [0.9943603442365647, 2.508974286512172e-06, 4.681246382345867e-06, 0.0056324655427664174], [0.11954874607738884, 0.0050658823574297246, 0.0012565785904991766, 0.8741287929746823], [7.206779320602279e-06, 0.04369160951528352, 0.00037400397626751814, 0.9559271797291284], [3.9761359453770684e-05, 0.0788300586429129, 1.3098773664792637e-06, 0.9211288701202669], [0.9799123799410894, 0.019160027046596702, 6.338094123258663e-07, 0.0009269592029016912], [0.026011591505418413, 0.002043815747640063, 2.318462929784899e-06, 0.9719422742840117], [0.17517701805059913, 6.917327666417089e-05, 3.929829212051682e-09, 0.8247538047429075], [0.0034282606735725786, 0.4745778660799001, 0.1600696165995493, 0.3619242566469779], [0.9272394622975203, 0.07020641268695521, 0.0012076941039248336, 0.0013464309115996448], [0.005050276478648061, 0.06926535543775353, 0.010002744844429399, 0.9156816232391689], [0.00010399495603131807, 0.7882776476411927, 0.0017224659133785731, 0.2098958914893974], [2.3035826841513444e-09, 0.9240326106381636, 0.07289789037907601, 0.003069496679177625], [1.6652356522710792e-06, 0.9999813567405523, 1.6977951971146776e-05, 7.182422152555934e-11], [3.1223954137403854e-05, 0.33765167989280975, 0.07631950931618922, 0.5859975868368636], [7.807264564305335e-06, 0.9992547499959872, 0.0007241196972471952, 1.3323042201444261e-05], [0.00021421261760019205, 0.9525742392836323, 0.04652373253780249, 0.0006878155609649826], [0.006131481228248699, 0.993868276064687, 5.400515831174766e-11, 2.426530591321394e-07], [0.9858776577879128, 0.0038287451411338075, 0.0047195304488997555, 0.005574066622053682], [0.1451957863046661, 0.09379711420779692, 0.04956283842237699, 0.71144426106516], [0.9984360531803264, 1.5794809420470107e-06, 1.756940416174861e-09, 0.0015623655817912265], [3.477896002367968e-05, 0.9791055485861403, 0.0006993328829212633, 0.0201603395709147], [0.9297224200850949, 0.0027448221185920395, 0.011845249866202095, 0.055687507930111194], [0.9453554420247957, 3.596898855777044e-05, 7.215404932756483e-05, 0.05453643493731914], [9.411805826717797e-05, 0.0005744710494523818, 1.1206921595903384e-10, 0.9993314107802111], [0.00029327191900925726, 0.997439911560033, 0.0020686012041795923, 0.0001982153167780792], [0.00040007015288007815, 0.9930838064740656, 0.0001694117763075201, 0.006346711596746977], [0.07740947432677657, 0.025371099284935018, 0.21768201772368087, 0.6795374086646077], [0.992646801565078, 0.0050386074271677435, 1.5497967290507882e-07, 0.0023144360280813858], [0.004521574905043416, 1.2541181091537088e-05, 0.37992932196455587, 0.6155365619493092], [0.9998973482208106, 0.00010226551718724984, 2.7734086335924313e-10, 3.8598466138135153e-07], [1.7845182908742937e-05, 0.05846938880155732, 0.013988156857924811, 0.9275246091576091]]}}