{"test": {"ids": ["111120531", "109114030", "111120591", "105112260", "112120270", "99116500", "109119340", "104114410", "108118630", "103112641", "113117630", "110120531", "110121500", "112118890", "112119120", "98111620", "98113881", "98107010", "100108080", "101109120", "113118620", "112120540", "108119510", "111116090", "99108460", "104111550", "111116010", "109121410", "101111140", "105115900", "107113260", "111116290", "109115070", "106120640", "98109090", "108118301", "107114200", "103111480", "112117210", "107118520", "113120780", "99108000", "113121010", "102113210", "112117780", "112117790", "112119610", "103111110", "103117461", "98111670", "110118121", "100111620", "105121370", "112117660", "110115890", "109114220", "107121230", "100112060", "107116340", "110118181", "106112770", "113122180", "109115380", "112120630", "111117000", "109113281", "113120640", "104117630", "105112130", "101116130", "112120990", "99108710", "103113260", "105111990", "102110500", "109115220", "107117630", "113120830", "112119450", "100111390", "106114280", "110117140", "98112580", "107112840", "112117571", "112118820", "105116980", "112121410", "99108010", "105116090", "111119250", "97110950", "113119930", "98108370", "100108520", "106115240", "112118161", "108114270", "99112531", "106114321", "105113170", "112120640", "112117461", "100113370", "108116481", "103111830", "99119830", "110121170", "97107821", "101112160", "107120130", "99109141", "98119591", "103109021", "113118421", "102112250", "103118110", "102114270", "105115680", "107117010", "111114321", "110115580", "112118880", "104113380", "112121030", "105113620", "99109370", "110113591", "110116501", "110114920", "111121351", "105113440", "110119300", "109117600", "111119950", "106113830", "101112201", "104109311", "112116900", "98120530", "104111380", "108119550"], "labels": [0, 1, 1, 3, 0, 2, 3, 1, 1, 3, 0, 0, 3, 3, 1, 3, 3, 3, 0, 1, 3, 3, 1, 3, 0, 1, 1, 0, 2, 3, 0, 2, 0, 3, 1, 1, 2, 0, 1, 2, 0, 2, 2, 3, 0, 3, 0, 3, 0, 1, 3, 3, 2, 0, 2, 3, 0, 2, 3, 1, 1, 2, 3, 3, 0, 0, 0, 0, 1, 2, 2, 2, 3, 2, 3, 3, 0, 3, 3, 2, 3, 3, 2, 1, 3, 0, 0, 0, 2, 1, 1, 3, 1, 1, 2, 1, 0, 3, 3, 2, 0, 0, 0, 3, 0, 3, 1, 2, 2, 3, 2, 3, 1, 0, 3, 0, 2, 3, 2, 1, 1, 1, 1, 1, 0, 0, 1, 0, 3, 3, 0, 0, 1, 1, 0, 1, 0, 3, 3, 1, 3, 1], "predicted_labels": [3, 1, 3, 1, 3, 1, 1, 1, 1, 3, 2, 3, 0, 1, 3, 2, 1, 1, 3, 2, 3, 3, 3, 1, 3, 1, 0, 1, 0, 3, 2, 0, 3, 1, 3, 1, 1, 0, 1, 3, 3, 1, 1, 0, 0, 0, 3, 3, 0, 0, 1, 0, 1, 2, 0, 1, 1, 1, 3, 1, 3, 3, 3, 3, 1, 1, 3, 1, 2, 3, 3, 3, 1, 0, 0, 3, 0, 1, 3, 3, 3, 3, 3, 1, 0, 1, 3, 3, 1, 0, 3, 3, 3, 1, 0, 3, 0, 3, 0, 0, 3, 1, 1, 1, 1, 0, 3, 3, 3, 2, 3, 1, 1, 0, 3, 0, 3, 0, 2, 2, 1, 1, 1, 1, 0, 0, 0, 1, 3, 0, 1, 1, 0, 1, 3, 3, 0, 1, 1, 1, 1, 2], "confidence_scores": [[0.19829982259154352, 0.30267308071977206, 0.17741255712072698, 0.3216145395679574], [0.2500498967733322, 0.3257919645416191, 0.17553264146886907, 0.24862549721617966], [0.29438407170002173, 0.2510655353977846, 0.10944698864920491, 0.34510340425298885], [0.125769570081865, 0.4111822517395451, 0.29318235760367806, 0.16986582057491212], [0.16056123695023872, 0.2751837967317036, 0.22602060556978743, 0.3382343607482704], [0.24166740242607804, 0.2588538815176491, 0.2561690625622456, 0.2433096534940272], [0.18644895016241209, 0.37594696056385435, 0.1289664482796157, 0.30863764099411783], [0.2914397379449551, 0.3136973914716661, 0.13782047202676545, 0.2570423985566134], [0.24916369428486504, 0.38123815273638356, 0.12157491235422407, 0.24802324062452746], [0.23529763998829187, 0.30275477994288247, 0.11635691229282637, 0.3455906677759994], [0.17987794226421605, 0.23077321759586947, 0.4330413704359192, 0.15630746970399523], [0.17093693875219257, 0.28009932222289685, 0.10958213365655908, 0.4393816053683516], [0.3600190544631552, 0.2876268029728799, 0.13158891947738402, 0.22076522308658098], [0.23673923670514, 0.3191473371744147, 0.15149073102400695, 0.2926226950964387], [0.1739371244459006, 0.2730973270582506, 0.26286454754619376, 0.290101000949655], [0.1785858637472559, 0.310746169447871, 0.32554959226480623, 0.18511837454006672], [0.15223824127123597, 0.5343882310648701, 0.11603504936203517, 0.19733847830185886], [0.13808882764019384, 0.496143099073906, 0.13311482087637955, 0.2326532524095207], [0.18079454275850768, 0.25861832553449327, 0.17932297819941756, 0.38126415350758164], [0.1295753349347581, 0.24984248172494938, 0.4735711067194796, 0.14701107662081297], [0.217335946499843, 0.22671340790689598, 0.1335041735754792, 0.4224464720177818], [0.18525176497076903, 0.22002403484046248, 0.2215060492875109, 0.37321815090125754], [0.2253829507673725, 0.29250537044196734, 0.1737327016093926, 0.30837897718126756], [0.21523512258683264, 0.3092723451145813, 0.1703019665322442, 0.30519056576634196], [0.22114595246115368, 0.2972838967277611, 0.10474829659765006, 0.37682185421343517], [0.1740944029504545, 0.40213063567730567, 0.1857779888843427, 0.2379969724878973], [0.28060275488286535, 0.26733398619646775, 0.19721501085723753, 0.25484824806342943], [0.1915235188928058, 0.3332260864779644, 0.2371526617346023, 0.23809773289462732], [0.3694122352972378, 0.20329668102010917, 0.23401671178579925, 0.19327437189685392], [0.19848300875776778, 0.2431757056318546, 0.17973537055711664, 0.37860591505326113], [0.12675063782656995, 0.24341087878277295, 0.3950570301383994, 0.23478145325225794], [0.3059238302416189, 0.2624644357706391, 0.24044005663951373, 0.19117167734822843], [0.1756912149043973, 0.2476515545423778, 0.21859556042766642, 0.3580616701255585], [0.19852091433856012, 0.41137507593481476, 0.12975347035568505, 0.2603505393709401], [0.2282599911437916, 0.30266935752124097, 0.11899314891158667, 0.35007750242338076], [0.22733497788566295, 0.35968726562904435, 0.1676793491989127, 0.24529840728638003], [0.2469512060266342, 0.31806085819986746, 0.12016355541438993, 0.3148243803591084], [0.3567669107629747, 0.21164688496204662, 0.1158579280122373, 0.3157282762627416], [0.2122969514510331, 0.29165934399455307, 0.2379255832210948, 0.2581181213333191], [0.25113847911339393, 0.2896520459237224, 0.1387270459528076, 0.3204824290100761], [0.19610811878398374, 0.20502827253974923, 0.22076497114252527, 0.37809863753374184], [0.20455642668635826, 0.29693229025967766, 0.22979810761446248, 0.2687131754395016], [0.21975612088412033, 0.32792507512793, 0.142688746757371, 0.30963005723057857], [0.31451053660070466, 0.28803983467435007, 0.13408640947257267, 0.2633632192523725], [0.6238422417986978, 0.15079391531410763, 0.0740065217270967, 0.1513573211600979], [0.4324056155475367, 0.1602652711041757, 0.2002086623927936, 0.20712045095549397], [0.16784790014826106, 0.3038610890441725, 0.21379914274966763, 0.3144918680578988], [0.2332756524836723, 0.25366339124621057, 0.24312909528133203, 0.2699318609887852], [0.2895430019362224, 0.2699851193984106, 0.17782063776562723, 0.26265124089973985], [0.3693089739893879, 0.3023037888653574, 0.11837145136530394, 0.2100157857799509], [0.22257614854617783, 0.46688802386633493, 0.12119634502996028, 0.18933948255752708], [0.35430954137842685, 0.2074117404476967, 0.12221116029452059, 0.31606755787935586], [0.19526873537635842, 0.43177073370993546, 0.17184141719916518, 0.20111911371454086], [0.22172010487008084, 0.17681544366531482, 0.32992147345311174, 0.2715429780114928], [0.29623302300116383, 0.23719491864357975, 0.23036752246653366, 0.23620453588872292], [0.24141925672370584, 0.32913089771781784, 0.16239919093468855, 0.2670506546237877], [0.16735389477180912, 0.3071235519640333, 0.27118352176184846, 0.254339031502309], [0.2669649625796604, 0.37990164832679724, 0.13372477283002232, 0.21940861626352015], [0.27273328442624806, 0.2559581230727599, 0.18203346887722616, 0.28927512362376584], [0.22519505560168884, 0.41010467717211163, 0.12197382272617051, 0.2427264445000292], [0.23057918676172157, 0.2725651467022627, 0.17119993448861298, 0.32565573204740267], [0.22094743016532056, 0.31783247998049186, 0.11892980930480217, 0.3422902805493852], [0.1446297879505924, 0.16237905134951128, 0.24176072725756706, 0.4512304334423293], [0.20950879295912647, 0.22368473373752312, 0.276909844006958, 0.2898966292963925], [0.2643925136834673, 0.36275212000061413, 0.12186471430053275, 0.2509906520153859], [0.24924014116349463, 0.34154337582776884, 0.15293516145754513, 0.2562813215511913], [0.16348124726843502, 0.3211605697545511, 0.16133258323389968, 0.3540255997431144], [0.2405806407314721, 0.3029096876223301, 0.17359074350162923, 0.2829189281445686], [0.18022315639797512, 0.24003452174377132, 0.32619598534327143, 0.2535463365149823], [0.2122104896640331, 0.2661996045422195, 0.17506580017683834, 0.3465241056169089], [0.1551946577148666, 0.3210593682799649, 0.10770364476178398, 0.4160423292433846], [0.14711366611792143, 0.2375956374313754, 0.12103472479230722, 0.494255971658396], [0.19857468488756377, 0.34249836084412394, 0.11805890950474172, 0.3408680447635706], [0.32869562423690285, 0.26654754145891074, 0.10088803275677667, 0.3038688015474098], [0.38682551099827317, 0.1584046182066483, 0.11501872677900334, 0.3397511440160752], [0.23228669159916998, 0.21292639773365624, 0.15639473244060542, 0.3983921782265685], [0.28790672069252066, 0.2460506077925348, 0.23993801574294604, 0.22610465577199854], [0.2762637709135049, 0.3335369358141031, 0.1637291151627663, 0.2264701781096258], [0.2141194326225955, 0.25224547435190753, 0.225847950061642, 0.30778714296385495], [0.22940610286647775, 0.18773365839144043, 0.0963860981098934, 0.48647414063218847], [0.2775556695758709, 0.21974386731194825, 0.1719962579224988, 0.3307042051896821], [0.1916620093970245, 0.2883684901403619, 0.13455009209450883, 0.38541940836810473], [0.2272636722009594, 0.2318590290068622, 0.19159591081405825, 0.34928138797812003], [0.2576758050946249, 0.3757603638840249, 0.18698690920133548, 0.17957692182001486], [0.39379390942471343, 0.24759549635342357, 0.13416788373252758, 0.22444271048933545], [0.14546501761677016, 0.3990810654825572, 0.15869778786762334, 0.29675612903304927], [0.27563208166892245, 0.2268222527796283, 0.2101631737266908, 0.28738249182475845], [0.19802078510097476, 0.2882033340483933, 0.22437900044811745, 0.2893968804025146], [0.23082400411173043, 0.31363086385068695, 0.15744038460781867, 0.2981047474297638], [0.3550953154435894, 0.25771987101778343, 0.1344699076828452, 0.252714905855782], [0.12972270797086768, 0.24361237386683843, 0.27061079496260493, 0.356054123199689], [0.21157100284502653, 0.2733360022824664, 0.23264226146328615, 0.282450733409221], [0.1823013441687762, 0.22258409752081293, 0.1052021079859055, 0.4899124503245055], [0.17839403150722202, 0.33057304850548297, 0.21167794678321003, 0.27935497320408503], [0.4084569336686461, 0.23583013680951853, 0.13641094842458573, 0.21930198109724983], [0.28253075252370197, 0.25588829365290644, 0.11174297348668032, 0.3498379803367113], [0.3281967278715253, 0.29853677526134503, 0.14374772165628535, 0.22951877521084416], [0.3799629472918865, 0.14648565980215839, 0.08295766000347148, 0.39059373290248356], [0.5163032565788879, 0.18965631620680728, 0.0928464731637146, 0.20119395405059035], [0.3659473600172249, 0.2772812074091308, 0.11615422128391077, 0.24061721128973343], [0.24359108319137335, 0.254813638796853, 0.15474212564512724, 0.3468531523666463], [0.2545695940894969, 0.30437216685822344, 0.2680641779768885, 0.17299406107539103], [0.2115817097513972, 0.3100342659386263, 0.17874537209480934, 0.2996386522151674], [0.23775668241209671, 0.3654505382588147, 0.1836574446219065, 0.21313533470718213], [0.2816460138090874, 0.366451962217752, 0.13010529613287852, 0.22179672784028207], [0.4858727456971127, 0.14430779511848976, 0.1670017294505368, 0.20281772973386086], [0.22117076494008195, 0.24015386916974857, 0.13199511098942768, 0.40668025490074194], [0.2386094963567539, 0.2786660870247888, 0.1850361733884451, 0.29768824323001236], [0.2151223947159255, 0.2523367497547651, 0.26046225120049327, 0.27207860432881614], [0.2437568321822386, 0.26346136025192607, 0.33823844588954627, 0.15454336167628907], [0.1724648456287485, 0.29980852495796273, 0.22358215314108426, 0.30414447627220453], [0.3470447884758507, 0.3625362546035354, 0.11901922615064199, 0.1713997307699722], [0.2453564621057191, 0.35798787943454224, 0.14792713163148696, 0.2487285268282518], [0.3273162469951354, 0.21551462798423543, 0.2313535493460793, 0.22581557567454996], [0.30673186826235277, 0.2744912456914566, 0.10012714243540227, 0.3186497436107884], [0.3384506281405271, 0.18491662803844283, 0.15940974426150792, 0.3172229995595222], [0.2698120756260278, 0.2938659437530851, 0.12486080108663845, 0.3114611795342488], [0.35240782653784064, 0.301058163597747, 0.10902741426537561, 0.2375065955990366], [0.22266319725245315, 0.2347911270088455, 0.2939895470928391, 0.2485561286458624], [0.15008920733790615, 0.2656358248880632, 0.33128163255429693, 0.2529933352197338], [0.20821116465480016, 0.40729235958446786, 0.11130312839920854, 0.27319334736152356], [0.2188223261213181, 0.31649212264403986, 0.18648858762310142, 0.2781969636115408], [0.1481352740001869, 0.502831460285961, 0.15685165039778698, 0.19218161531606504], [0.20613124125393362, 0.30122567619832613, 0.22166065986177083, 0.2709824226859694], [0.4021987320246049, 0.2025443241136714, 0.18198944394670327, 0.21326749991502056], [0.2717052656221564, 0.26878229674752924, 0.26071096400295585, 0.1988014736273584], [0.32107608388158143, 0.3055155511171278, 0.15669836684704122, 0.21670999815424935], [0.19982176576797422, 0.36758450467505105, 0.2085154727412857, 0.224078256815689], [0.19599013134786858, 0.22867753037822167, 0.28401861702809694, 0.291313721245813], [0.3448908176036803, 0.24873111750713028, 0.09711733417867868, 0.30926073071051075], [0.1734840584167071, 0.32921462645184796, 0.2698442402448317, 0.2274570748866131], [0.17071560720391768, 0.3982460467595232, 0.20119822931979706, 0.22984011671676224], [0.4283636765825175, 0.24766923287731635, 0.12102850529088427, 0.20293858524928193], [0.262324874565959, 0.3518423412380119, 0.1687773710543865, 0.2170554131416424], [0.20632649369566916, 0.2898187499009768, 0.12788449573607721, 0.37597026066727696], [0.17577713575884124, 0.32519155580572484, 0.1340388460848471, 0.3649924623505868], [0.4478225127689279, 0.2285811344072016, 0.13035469330672086, 0.19324165951714975], [0.15831401741071455, 0.39040737263815734, 0.10566590254339325, 0.34561270740773486], [0.2447070733637331, 0.4065614635749076, 0.16814708331023015, 0.18058437975112915], [0.2688512017461528, 0.31849851625416237, 0.13335749804345812, 0.27929278395622675], [0.20175726422005305, 0.33528375791999615, 0.264573227437044, 0.19838575042290693], [0.14900694347968246, 0.2554479483260207, 0.4607526675496896, 0.1347924406446072]]}, "rewritten": {"ids": ["97107821", "97110950", "98107010", "98108370", "98109090", "98111620", "98111670", "98112580", "98113881", "98119591", "98120530", "99108000", "99108010", "99108460", "99108710", "99109141", "99109370", "99112531", "99116500", "99119830", "100108080", "100108520", "100111390", "100111620", "100112060", "100113370", "101109120", "101111140", "101112160", "101112201", "101116130", "102110500", "102112250", "102113210", "102114270", "103109021", "103111110", "103111480", "103111830", "103112641", "103113260", "103117461", "103118110", "104109311", "104111380", "104111550", "104113380", "104114410", "104117630", "105111990", "105112130", "105112260", "105113170", "105113440", "105113620", "105115680", "105115900", "105116090", "105116980", "105121370", "106112770", "106113830", "106114280", "106114321", "106115240", "106120640", "107112840", "107113260", "107114200", "107116340", "107117010", "107117630", "107118520", "107120130", "107121230", "108114270", "108116481", "108118301", "108118630", "108119510", "108119550", "109113281", "109114030", "109114220", "109115070", "109115220", "109115380", "109117600", "109119340", "109121410", "110113591", "110114920", "110115580", "110115890", "110116501", "110117140", "110118121", "110118181", "110119300", "110120531", "110121170", "110121500", "111114321", "111116010", "111116090", "111116290", "111117000", "111119250", "111119950", "111120531", "111120591", "111121351", "112116900", "112117210", "112117461", "112117571", "112117660", "112117780", "112117790", "112118161", "112118820", "112118880", "112118890", "112119120", "112119450", "112119610", "112120270", "112120540", "112120630", "112120640", "112120990", "112121030", "112121410", "113117630", "113118421", "113118620", "113119930", "113120640", "113120780", "113120830", "113121010", "113122180"], "labels": [2, 3, 3, 1, 1, 3, 1, 2, 3, 1, 1, 2, 2, 0, 2, 3, 1, 3, 2, 1, 0, 2, 2, 3, 2, 3, 1, 2, 3, 0, 2, 3, 0, 3, 3, 0, 3, 0, 3, 3, 3, 0, 2, 3, 3, 1, 1, 1, 0, 2, 1, 3, 0, 0, 0, 2, 3, 1, 0, 2, 1, 1, 3, 2, 1, 3, 1, 0, 2, 3, 1, 0, 2, 2, 0, 3, 0, 1, 1, 1, 1, 0, 1, 3, 0, 3, 3, 1, 3, 0, 0, 3, 1, 2, 3, 3, 3, 1, 1, 0, 2, 3, 1, 1, 3, 2, 0, 1, 0, 0, 1, 0, 3, 1, 0, 3, 0, 0, 3, 0, 0, 1, 3, 1, 3, 0, 0, 3, 3, 0, 2, 0, 0, 0, 3, 3, 1, 0, 0, 3, 2, 2], "predicted_labels": [1, 1, 1, 2, 1, 3, 0, 1, 1, 1, 3, 3, 1, 3, 1, 0, 1, 1, 3, 1, 3, 2, 3, 0, 0, 0, 1, 1, 0, 0, 1, 0, 2, 0, 1, 1, 3, 0, 0, 2, 1, 1, 3, 3, 1, 3, 1, 3, 1, 3, 1, 3, 3, 1, 0, 3, 3, 0, 3, 0, 0, 0, 3, 0, 3, 1, 0, 3, 1, 0, 2, 2, 3, 2, 2, 3, 0, 3, 1, 1, 1, 1, 3, 1, 1, 3, 0, 0, 3, 1, 1, 1, 2, 0, 3, 1, 0, 1, 3, 3, 3, 1, 1, 3, 3, 0, 3, 1, 0, 3, 3, 2, 1, 1, 3, 3, 0, 0, 1, 1, 1, 1, 3, 0, 3, 0, 2, 0, 2, 2, 3, 0, 1, 1, 0, 3, 3, 3, 3, 1, 3, 1], "confidence_scores": [[0.24809419860874773, 0.3861722751752886, 0.11059630722103284, 0.25513721899493086], [0.18601146892705442, 0.4526783589482849, 0.1568611197702802, 0.20444905235438054], [0.1913031775249881, 0.3341773204560143, 0.18711574597050284, 0.2874037560484948], [0.20527932621704195, 0.21544378174987341, 0.3428145189157455, 0.23646237311733911], [0.17398792184409992, 0.31400812697944513, 0.23508126029938645, 0.2769226908770686], [0.19375852883587402, 0.2111881627022404, 0.21522863165951264, 0.3798246768023727], [0.3883474203427321, 0.2880219924155191, 0.1673737780201081, 0.15625680922164065], [0.16938976896808142, 0.3086963438997715, 0.22238725032455606, 0.2995266368075909], [0.20764286420087266, 0.2899709818689236, 0.2657132548812621, 0.2366728990489417], [0.21422309019342833, 0.40110290814940897, 0.1886171648039562, 0.19605683685320657], [0.13263411135745667, 0.23559815619045824, 0.2111034271772491, 0.42066430527483606], [0.21428061436413282, 0.30499525210313877, 0.13304196164110826, 0.34768217189162004], [0.20562760615818534, 0.26543035391629444, 0.26506947737380715, 0.26387256255171315], [0.15002082757190718, 0.18406653327127578, 0.0910264552063243, 0.5748861839504928], [0.24980563973457334, 0.32863183414496444, 0.1979951337515193, 0.22356739236894296], [0.38551821555854987, 0.27533026074972206, 0.1529478090539483, 0.18620371463777982], [0.2874064676040828, 0.30820777234648805, 0.1738314493229455, 0.2305543107264838], [0.237813248676072, 0.31494775557716037, 0.1654576751345203, 0.28178132061224737], [0.24749364328866852, 0.2552043243586745, 0.21482093635013016, 0.28248109600252697], [0.17475667003583872, 0.4253173336540561, 0.08695509776213603, 0.3129708985479689], [0.19111879277241597, 0.24047297234484166, 0.12490899977523105, 0.4434992351075114], [0.30622031907177144, 0.18722770555409723, 0.3520818019950784, 0.15447017337905286], [0.19691406060947358, 0.22924965975454073, 0.138520639395314, 0.43531564024067176], [0.31978559364084824, 0.30347234692879205, 0.15949827929000535, 0.21724378014035442], [0.34569287711496505, 0.2767742936859633, 0.14673210256756397, 0.23080072663150777], [0.33169960613691235, 0.2696084127035841, 0.19469663282989144, 0.20399534832961222], [0.16050422102443243, 0.39194245348956236, 0.2560169853325336, 0.19153634015347157], [0.25565540912942536, 0.29021158239801803, 0.2348109677825614, 0.21932204068999525], [0.28951704968227115, 0.2735793738105913, 0.23868237955648308, 0.19822119695065457], [0.4239155413175476, 0.25179617479007826, 0.16521287941487484, 0.1590754044774993], [0.24813252361189658, 0.31015499217074904, 0.16926709554646197, 0.27244538867089246], [0.4096948344282015, 0.22709898611910456, 0.1911266054074728, 0.1720795740452213], [0.2440786160157536, 0.20586149381421048, 0.3552639401089885, 0.19479595006104752], [0.44466406362593885, 0.17180292058136054, 0.16233448563006533, 0.2211985301626353], [0.2753445450524953, 0.32427415631856277, 0.1803274867158045, 0.2200538119131377], [0.16124880609064482, 0.5335272519572023, 0.16981740581387714, 0.13540653613827588], [0.13747297005959153, 0.25082740539593984, 0.12320054280664355, 0.488499081737825], [0.40963814811539806, 0.1680013286052907, 0.14256373402529868, 0.27979678925401263], [0.4362186308402452, 0.12925839831539365, 0.17622027814723726, 0.25830269269712386], [0.24770181170572214, 0.26479241402477327, 0.2870724383091723, 0.20043333596033228], [0.24826241923039258, 0.34686400804994943, 0.13547632293838055, 0.26939724978127727], [0.24402835766030642, 0.32176880862719026, 0.1480440905141532, 0.2861587431983502], [0.2581369497750093, 0.25902424509219996, 0.22272449439475273, 0.26011431073803826], [0.19146234568417808, 0.30726792935944547, 0.13940952682734473, 0.36186019812903175], [0.23012500133372948, 0.3333244939187947, 0.1852148686933893, 0.25133563605408654], [0.15023059964517446, 0.2711356027209614, 0.14911280912438693, 0.42952098850947734], [0.21336377168569398, 0.35890878709759205, 0.19660228480162292, 0.23112515641509113], [0.24135495924487277, 0.25050705158464337, 0.18409750695186, 0.3240404822186239], [0.21469167075143303, 0.32321591789256837, 0.1500459521114979, 0.3120464592445007], [0.22953124422251356, 0.2915614072857451, 0.07805844743121622, 0.4008489010605252], [0.22846406018764723, 0.3814584525135574, 0.13850571146486695, 0.2515717758339285], [0.15244661278779356, 0.0961203210557495, 0.11908253785122347, 0.6323505283052335], [0.2546949623893141, 0.3117632728739561, 0.11222198917247585, 0.32131977556425406], [0.18405548086686419, 0.37516654697491975, 0.22036615060085588, 0.22041182155736028], [0.29570009304943323, 0.2535989102211505, 0.18010300011818464, 0.27059799661123174], [0.28655924206293953, 0.2516517907024247, 0.15824761537509835, 0.30354135185953746], [0.23930219361319116, 0.2887288539395387, 0.1300789253699973, 0.34189002707727284], [0.46015277397374194, 0.23853435667775028, 0.14910950078421778, 0.15220336856429012], [0.2523200305794968, 0.19619723675619288, 0.1313331206551781, 0.4201496120091322], [0.3560168464734729, 0.3348036531427396, 0.12370106901481494, 0.18547843136897268], [0.33458802267999793, 0.21456667456354264, 0.1316136019698342, 0.3192317007866252], [0.45047396036553006, 0.1782573278087944, 0.18068418514859524, 0.19058452667708042], [0.20459523724107515, 0.21693718265944378, 0.12591072500527048, 0.4525568550942105], [0.38799358588053184, 0.23239931867893937, 0.11038867169103898, 0.26921842374948973], [0.2623193857155212, 0.16394300899819703, 0.16816187178458553, 0.4055757335016963], [0.16499067666218017, 0.5378487064046779, 0.11830930784845728, 0.1788513090846846], [0.45463402533517683, 0.21371924821857033, 0.12426314157845812, 0.20738358486779473], [0.21427049207033833, 0.2404918203462934, 0.1715344431076752, 0.37370324447569314], [0.28840508704112344, 0.30192079902168195, 0.1255714843431175, 0.2841026295940773], [0.3674304017988863, 0.26245718340035123, 0.12968674679109907, 0.24042566800966345], [0.21691482438391335, 0.19278673780022848, 0.3722039285778087, 0.21809450923804966], [0.20834957182407446, 0.22821403433199286, 0.39983757351538135, 0.1635988203285513], [0.2008426016713423, 0.2641103792089182, 0.13656206411602018, 0.3984849550037193], [0.17056247456486698, 0.26299976203658243, 0.4128621145458683, 0.15357564885268224], [0.1506685092592417, 0.26031692166485304, 0.3079289916925359, 0.2810855773833696], [0.18797357099227377, 0.22509607549393154, 0.16845831841171327, 0.4184720351020816], [0.3591344435585898, 0.3321981598172686, 0.13816456598541002, 0.17050283063873176], [0.2359256300382459, 0.24551431751635175, 0.18087634532442243, 0.33768370712098006], [0.15238131873905353, 0.31551033628390923, 0.227529914869759, 0.30457843010727836], [0.252354737636642, 0.3232331311118141, 0.2130148152661748, 0.21139731598536912], [0.17396607287472993, 0.3327079823059805, 0.30686442623950894, 0.18646151857978066], [0.2273789213737933, 0.37282046867500923, 0.11469985549523735, 0.28510075445596006], [0.18940796606931054, 0.2914341597829832, 0.12900348385446414, 0.3901543902932421], [0.1786158490678309, 0.49510737402971583, 0.13291132685335896, 0.19336545004909445], [0.2593868312897726, 0.3681966513516743, 0.14914930809402127, 0.223267209264532], [0.1840037299162485, 0.1837397553866115, 0.1379370292040322, 0.4943194854931079], [0.3385793918096583, 0.3255620805834779, 0.13117831340234637, 0.2046802142045175], [0.3027818624322409, 0.2722911308901065, 0.20426029537395662, 0.22066671130369594], [0.1949767561579677, 0.23550283008156464, 0.15872338532704697, 0.4107970284334207], [0.27181558959559493, 0.3423671803747141, 0.16682801575730793, 0.2189892142723831], [0.23882261789400364, 0.3335901011126834, 0.1379637765719662, 0.2896235044213468], [0.2327451546601199, 0.3223158880737784, 0.18165395842345353, 0.2632849988426481], [0.1877602127729535, 0.22645942724185514, 0.3289685476253815, 0.2568118123598098], [0.27774548296026624, 0.25796398879409516, 0.222037877675436, 0.2422526505702026], [0.13969412487683863, 0.2921975359825938, 0.23883862461113856, 0.32926971452942905], [0.21821450660826808, 0.31061138722671155, 0.20725826622773785, 0.26391583993728246], [0.39283482825939425, 0.27492324131048285, 0.12460221858442959, 0.2076397118456935], [0.23945127195340063, 0.35124002792571896, 0.13324064870289726, 0.2760680514179831], [0.23788576144698995, 0.31096865102613813, 0.11892625908127495, 0.33221932844559704], [0.24563511386418424, 0.270480240351418, 0.15567085534983222, 0.32821379043456544], [0.262200750485984, 0.20521111649691, 0.1802066461784732, 0.35238148683863296], [0.3096036524093135, 0.33869796628297105, 0.15573657595463822, 0.19596180535307722], [0.2682634740597208, 0.3109662452049033, 0.11701034989779847, 0.30375993083757746], [0.2750714326890912, 0.2021168129388506, 0.13165396688521736, 0.39115778748684077], [0.28296712992616835, 0.20232207761068727, 0.17448810743282267, 0.34022268503032177], [0.3031000141047936, 0.24132385634815304, 0.21496267768816735, 0.2406134518588861], [0.212596946344013, 0.2636220952611521, 0.2302544743613658, 0.29352648403346904], [0.2076914124592441, 0.31822396693075206, 0.15706367270238034, 0.31702094790762353], [0.3703984895099529, 0.18064680260263233, 0.10572598274689582, 0.343228725140519], [0.21058946558526964, 0.29214555332733466, 0.15224469726731046, 0.3450202838200853], [0.27214159099869617, 0.2296560983233738, 0.1085595424791699, 0.3896427681987602], [0.17464661268398807, 0.2972159621271205, 0.32563214240179983, 0.20250528278709157], [0.21266398025475947, 0.3418851924232796, 0.19405965681478313, 0.2513911705071779], [0.20703521613128567, 0.3006535032928216, 0.2516735365991551, 0.24063774397673768], [0.23342290045182712, 0.2553341820214929, 0.1362175763479592, 0.37502534117872105], [0.2532255732663034, 0.2492940185603949, 0.13834444283884967, 0.35913596533445186], [0.3312121179304878, 0.14524431200240573, 0.28672078013597835, 0.236822789931128], [0.4768657155735865, 0.15105922317953188, 0.11924837408833029, 0.2528266871585513], [0.1712192546021631, 0.31501147038733013, 0.21213871429608216, 0.3016305607144246], [0.19829133970178564, 0.39271606003246884, 0.13435536189800146, 0.27463723836774406], [0.14932959407897645, 0.4195095636709636, 0.18509782677490264, 0.24606301547515746], [0.19861179950103666, 0.3988048959876052, 0.1983351966397998, 0.20424810787155823], [0.16882987902160407, 0.2846690973964877, 0.0997245517060912, 0.44677647187581704], [0.27130046765576726, 0.2416851701973702, 0.2681226908155104, 0.21889167133135207], [0.2022807369976413, 0.2845547469969929, 0.15846800627828714, 0.3546965097270786], [0.31917532916166225, 0.2419252717528751, 0.21076143588579913, 0.22813796319966362], [0.1636904961388519, 0.2305243566656031, 0.3978979646339342, 0.2078871825616109], [0.2790176392123343, 0.2501215774302213, 0.23545985148745635, 0.2354009318699883], [0.17095517936092472, 0.24267362626668235, 0.2999349150639038, 0.28643627930848925], [0.19573143201394566, 0.21313578399128505, 0.4171946537700449, 0.17393813022472435], [0.22531064285504213, 0.31576954658032136, 0.11970121379427649, 0.33921859677036], [0.5147506693349291, 0.15667959735620343, 0.1668832543513306, 0.16168647895753685], [0.2608401752979279, 0.5095295608316245, 0.08231781551329431, 0.14731244835715335], [0.18782441998831162, 0.3559367407535728, 0.1403669836819671, 0.3158718555761486], [0.3455413798691934, 0.3152904064047856, 0.11944476197762745, 0.21972345174839336], [0.15673581884429652, 0.2141521770341363, 0.20539590491378945, 0.42371609920777775], [0.306245503366458, 0.2387148762231826, 0.11114510932543534, 0.3438945110849239], [0.17149790336301818, 0.2177449976096273, 0.1538575866826824, 0.4568995123446722], [0.22424259697293683, 0.25420032038528684, 0.16130824697184765, 0.3602488356699289], [0.240265032588379, 0.35941122120759605, 0.1704320766726871, 0.22989166953133802], [0.1775080727590165, 0.2975687597949382, 0.16258316209943222, 0.36234000534661315], [0.322451947154123, 0.34660822555958853, 0.08665651983676378, 0.2442833074495247]]}}