{"test": {"ids": ["98107340", "99109311", "104113000", "104113210", "113121750", "106113830", "113118820", "113119950", "110117080", "100115700", "104118070", "110116441", "108119550", "99108080", "109113591", "112120290", "101121640", "109113881", "109116441", "98110710", "113121680", "110115710", "103113101", "112116501", "110118880", "111117480", "99108710", "109117600", "110121720", "103111480", "113121220", "102113350", "99107300", "99109370", "107116300", "103120340", "109115211", "106118161", "97118210", "103113260", "110119300", "108118630", "99108310", "111116411", "110118701", "112118550", "107120260", "97107260", "98108150", "100109000", "102110890", "98106880", "105113260", "108118520", "111116170", "113122170", "113117340", "99119830", "110120190", "110117870", "100110260", "99111440", "99108330", "102107961", "110116170", "101110740", "97107821", "112116990", "109119340", "108115250", "113120601", "111118820", "110115980", "97108520", "109113281", "112116290", "100111380", "103111170", "110114950", "102112030", "107113200", "109117150", "108116481", "103112641", "104113240", "112120640", "98116940", "100111390", "109114720", "111115770", "113121010", "110116290", "112118880", "107114140", "109115220", "110115120", "98109090", "99105921", "113122160", "107113360", "104111830", "102110500", "105114220", "106116850", "101112540", "105121190", "109120150", "101114990", "104117200", "105115380", "111116640", "111119340", "104112201", "105116090", "106113190", "108114180", "97111790", "107120880", "101108080", "109115070", "105112100", "112120990", "101112201", "106115250", "109120540", "101108121", "110118930", "100111620", "106113360", "107117630", "100109360", "105118230", "111117120", "110118111", "110115580", "109120621", "109118701", "107116340", "110115250", "98107210", "113119360", "108114360"], "labels": [0, 1, 1, 3, 0, 1, 0, 0, 1, 1, 2, 3, 1, 3, 3, 1, 2, 0, 3, 2, 1, 2, 3, 3, 0, 1, 2, 1, 3, 0, 3, 3, 3, 1, 0, 1, 0, 3, 2, 3, 1, 1, 2, 0, 3, 3, 1, 2, 0, 1, 0, 0, 3, 0, 0, 1, 2, 1, 3, 3, 3, 3, 1, 3, 0, 3, 2, 0, 3, 1, 2, 0, 1, 2, 0, 0, 3, 2, 0, 2, 0, 2, 0, 3, 2, 0, 2, 2, 0, 3, 2, 2, 1, 2, 3, 0, 1, 1, 3, 0, 3, 3, 3, 3, 2, 2, 2, 3, 3, 1, 0, 3, 0, 1, 0, 1, 2, 1, 0, 0, 1, 2, 0, 2, 1, 0, 1, 3, 0, 0, 0, 1, 2, 1, 1, 1, 3, 3, 1, 1, 0, 1], "predicted_labels": [2, 1, 3, 3, 1, 0, 1, 3, 3, 3, 3, 1, 3, 0, 3, 1, 3, 0, 0, 2, 3, 1, 1, 0, 3, 1, 1, 3, 0, 1, 3, 1, 3, 1, 1, 1, 3, 1, 0, 1, 3, 3, 1, 3, 1, 1, 3, 3, 3, 3, 3, 1, 3, 0, 1, 3, 3, 3, 3, 3, 0, 3, 3, 3, 3, 1, 0, 3, 1, 3, 1, 1, 1, 1, 0, 1, 2, 0, 3, 3, 3, 1, 1, 0, 1, 0, 1, 1, 3, 0, 1, 3, 1, 3, 3, 3, 0, 1, 3, 0, 1, 3, 3, 2, 3, 1, 1, 1, 1, 1, 3, 3, 3, 3, 3, 1, 3, 3, 1, 1, 3, 1, 1, 1, 1, 0, 1, 3, 3, 0, 3, 1, 1, 0, 1, 3, 1, 3, 3, 3, 3, 3], "confidence_scores": [[0.10154808603113036, 0.1358653111250725, 0.6075108053478675, 0.1550757974959299], [0.2672794845651046, 0.49683685565888325, 0.06803905076810336, 0.16784460900790885], [0.35477130249668637, 0.06062745651393363, 0.031631168882266726, 0.5529700721071136], [0.3771914633196922, 0.12234797811667716, 0.1118854428196413, 0.3885751157439895], [0.38262238311107233, 0.4930252783126432, 0.0158092658564798, 0.10854307271980493], [0.6814025658915834, 0.07031265372409952, 0.005481777123190811, 0.24280300326112633], [0.17454800173162413, 0.6721680041425306, 0.01632172874778282, 0.13696226537806266], [0.09244017514626711, 0.08500895617650812, 0.014378943967834618, 0.8081719247093898], [0.03912560238344394, 0.4166944558376688, 0.04112680938651554, 0.5030531323923716], [0.3236371507850284, 0.09199340455954946, 0.08763488809236002, 0.4967345565630622], [0.020771321178696987, 0.18332135797890536, 0.18316077604493888, 0.6127465447974587], [0.0946234520495837, 0.47586022887670415, 0.06260107054717137, 0.3669152485265411], [0.07081850595438076, 0.2688838102446543, 0.28560432241513517, 0.37469336138582987], [0.5909287773634471, 0.21864848230959688, 0.08923583548368498, 0.10118690484327103], [0.270739477171108, 0.3200801222806932, 0.010820811642118233, 0.39835958890608053], [0.32060281550570424, 0.42619810527991725, 0.03049676315938205, 0.22270231605499624], [0.06109262437997873, 0.38237586759367814, 0.0727404568007436, 0.48379105122559973], [0.8497638353280719, 0.07252980043818817, 0.044383636546047316, 0.03332272768769294], [0.7853072415279901, 0.0762829225713304, 0.00200290283734818, 0.13640693306333124], [0.02141209423533037, 0.16568163838375152, 0.6835662771168799, 0.12933999026403803], [0.11087828911812093, 0.24571840756274177, 0.35830716742331625, 0.28509613589582117], [0.2966151371801963, 0.31036225310835686, 0.1331782045906615, 0.25984440512078516], [0.26429484787031843, 0.3431545809081182, 0.14649522148263747, 0.24605534973892565], [0.47100722477281165, 0.1769162715622147, 0.030373987586640963, 0.3217025160783327], [0.1703240620274863, 0.08108885332571643, 0.004887857124179688, 0.7436992275226177], [0.19092644615143034, 0.5097390352078449, 0.0765478797305153, 0.22278663891020972], [0.08912520522633692, 0.7383555319171119, 0.11129711511816888, 0.0612221477383826], [0.07655437452432301, 0.33577247843644376, 0.23942489218529522, 0.34824825485393834], [0.5933032098954724, 0.24011092343085177, 0.03660790547644926, 0.12997796119722704], [0.39890107661336166, 0.38711161096185626, 0.010788593806132767, 0.20319871861864944], [0.2742075125218916, 0.19700504535046381, 0.06532325442836309, 0.4634641876992816], [0.1085404785373963, 0.5076200856670582, 0.1502806687396809, 0.23355876705586467], [0.38806678250309457, 0.03694204411539035, 0.0358091955973348, 0.5391819777841801], [0.11351507640039021, 0.6083000470771868, 0.1756259108747824, 0.10255896564764061], [0.044724604352784435, 0.8195464256822527, 0.031430436421742765, 0.10429853354322047], [0.1762941731966956, 0.41102041583194043, 0.23706904339334986, 0.17561636757801422], [0.18770079679723706, 0.167990882409172, 0.1055777724687705, 0.5387305483248206], [0.2539631740987409, 0.42626344540294964, 0.037116872821806736, 0.28265650767650297], [0.2545150165317912, 0.10693526442828089, 0.4385688792239151, 0.19998083981601278], [0.06207613232087343, 0.5207809610785027, 0.08879058930775457, 0.3283523172928693], [0.06852212618250875, 0.3249969407741737, 0.12221811208699682, 0.48426282095632084], [0.031211680860977652, 0.07618421020755396, 0.1016572806927733, 0.7909468282386953], [0.19582466802148255, 0.4337761311749978, 0.2772000320604381, 0.09319916874308155], [0.45313701314444116, 0.12268270602988414, 0.03076179925939489, 0.39341848156627984], [0.44761598831850874, 0.2965252128150309, 0.024334686276045327, 0.23152411259041497], [0.3810963273374856, 0.2930392791254248, 0.04410056348480465, 0.2817638300522849], [0.18535783818483317, 0.13784706043338937, 0.05673818822686418, 0.6200569131549134], [0.23130665076023027, 0.15013739069286505, 0.38983167609523534, 0.22872428245166945], [0.07540704602291827, 0.1661417214125933, 0.49414065119676365, 0.26431058136772484], [0.12433835598785911, 0.25127234430890716, 0.05724350637771287, 0.5671457933255206], [0.5161406529769393, 0.021219923220757594, 0.01996266765553754, 0.44267675614676527], [0.17743249155058397, 0.37957757987561797, 0.3621891125320389, 0.08080081604175901], [0.21249714677341228, 0.2959920090135377, 0.11439196356242669, 0.3771188806506235], [0.6873025169236351, 0.2096882829782339, 0.022217522991997887, 0.08079167710613305], [0.19601912249591502, 0.6494079360530455, 0.028631414198726602, 0.1259415272523129], [0.035580567405284584, 0.11602690640887754, 0.5544851494898554, 0.29390737669598227], [0.23314678611516698, 0.2868912660149794, 0.021124607728339937, 0.4588373401415136], [0.33743709765098395, 0.18150272813707696, 0.22377825618074745, 0.25728191803119166], [0.024727450623349467, 0.34828386172835557, 0.12333294772189521, 0.5036557399263998], [0.3572988535605034, 0.06330700132179201, 0.1814237549685447, 0.39797039014916014], [0.6622647486390778, 0.049165769279792264, 0.0423922841831656, 0.24617719789796422], [0.2018025568051345, 0.12974882729032428, 0.04213639412452651, 0.6263122217800144], [0.06456934521680034, 0.09741385830756542, 0.24656356118531758, 0.5914532352903165], [0.4016515807101132, 0.05554227040398453, 0.026066078615454222, 0.516740070270448], [0.35141251333354717, 0.2486438270221695, 0.07371697543790263, 0.3262266842063807], [0.15433112889062625, 0.35988404769471055, 0.2748331650018687, 0.21095165841279453], [0.5834544859596993, 0.10326124782327087, 0.0766708643431466, 0.23661340187388305], [0.15720643257858677, 0.06655429155090312, 0.2778772151716297, 0.4983620606988805], [0.17546192698355548, 0.4410350236580911, 0.03503352140792245, 0.3484695279504312], [0.08457935550388895, 0.05554062094726875, 0.11210767213605785, 0.7477723514127843], [0.03286309648645566, 0.34886612979288656, 0.33727405508870256, 0.28099671863195536], [0.4559124382290718, 0.34443326851770134, 0.023398813218244646, 0.17625548003498215], [0.3467518426137596, 0.3245016400362523, 0.17648584766962241, 0.15226066968036572], [0.44221080439294924, 0.35567495644022307, 0.0829861190763273, 0.11912812009050074], [0.6283255773473728, 0.24252179858547507, 0.0783849671831798, 0.050767656883972376], [0.04356404212032255, 0.5293113123261717, 0.2094100135702195, 0.21771463198328614], [0.1530169594323216, 0.19447933824513455, 0.5208837111752455, 0.13161999114729825], [0.7681152938872672, 0.07622251188802528, 0.01433397570768787, 0.1413282185170197], [0.18231235744606145, 0.19800674068815657, 0.07135603952072932, 0.5483248623450526], [0.193480341549175, 0.1525181263061295, 0.2940933822467353, 0.3599081498979602], [0.23405983972916952, 0.12576629209722784, 0.007823397062201969, 0.6323504711114009], [0.031736558454952074, 0.7781228005961116, 0.08859128230934624, 0.10154935863958993], [0.34686698407044586, 0.3464986208877336, 0.016569057319559013, 0.29006533772226156], [0.6681768921183842, 0.10590805647642501, 0.03663771562230974, 0.18927733578288117], [0.04668152620173004, 0.7975035962799333, 0.08138312761324483, 0.0744317499050916], [0.9185384091960221, 0.04073282163427557, 0.009285676476132534, 0.03144309269356958], [0.08559678822391129, 0.4967287194875056, 0.17683503067130896, 0.2408394616172743], [0.28510254015129183, 0.21180639939231655, 0.27866445028324144, 0.22442661017315055], [0.028496685575567903, 0.22236970993840138, 0.3010399088401955, 0.4480936956458354], [0.6631438855815928, 0.06818743201746004, 0.014441169896646629, 0.2542275125043006], [0.04253706955061367, 0.6211891055886168, 0.18508672652360744, 0.15118709833716173], [0.2766928825411351, 0.17496114366471122, 0.11315329382662398, 0.43519267996752947], [0.4259470193071604, 0.37810000983319925, 0.039867277516257384, 0.15608569334338293], [0.0352482024514832, 0.15526488118489415, 0.27396729069470854, 0.5355196256689146], [0.1939373161455199, 0.15748978573443298, 0.15153798080710026, 0.49703491731294697], [0.09352808657723677, 0.3420184498767056, 0.12102726485780108, 0.4434261986882569], [0.5176265226396862, 0.1020884265116019, 0.08738954345018439, 0.2928955073985273], [0.09170661279781518, 0.8147940584429082, 0.028476306152999648, 0.06502302260627721], [0.040326832327178826, 0.28433194741206674, 0.06182088238157197, 0.6135203378791827], [0.7314444177670109, 0.12489607489397478, 0.035309892252305616, 0.10834961508670861], [0.030342437450908526, 0.516436742093231, 0.03466522784504864, 0.41855559261081193], [0.12173820058326536, 0.08236341747165826, 0.32040077680983553, 0.4754976051352409], [0.42411698002679554, 0.09526011106774017, 0.043316552951525526, 0.4373063559539389], [0.05440745387576389, 0.18578030371034565, 0.697230383015859, 0.06258185939803158], [0.21250743405384273, 0.12110362933537737, 0.10815014019967867, 0.5582387964111013], [0.16084908672821419, 0.31961156634751975, 0.31930502986785103, 0.20023431705641542], [0.11825136859469387, 0.31823022830458425, 0.3544822189819597, 0.2090361841187619], [0.21020643690093502, 0.41246316451785514, 0.25123237156205713, 0.12609802701915274], [0.20532292595558016, 0.5253557039870612, 0.11425053269955375, 0.1550708373578047], [0.05051845578661025, 0.34196784934365804, 0.32509944172601063, 0.28241425314372115], [0.23970024723236594, 0.25072295635365266, 0.18463970113357187, 0.32493709528040954], [0.060088260902502244, 0.16218490890199722, 0.1005125533201182, 0.677214276875382], [0.24607197919061632, 0.19155121809244147, 0.035121731236997016, 0.5272550714799452], [0.3419606870995657, 0.06929625438835448, 0.02269433853934742, 0.5660487199727324], [0.1346850823579674, 0.2678475924169078, 0.13225814012992207, 0.4652091850952031], [0.2832508797749655, 0.3152361516401654, 0.08008903637579332, 0.32142393220907556], [0.28573831633781344, 0.10408895339057916, 0.2915691104180185, 0.3186036198535888], [0.02530694885473253, 0.18568906091764265, 0.10290780682046746, 0.6860961834071575], [0.49661505363219927, 0.29388207298708807, 0.058821541230444606, 0.15068133215026816], [0.12251071117456099, 0.7271063761450074, 0.06493613202117818, 0.08544678065925387], [0.315838189308999, 0.021625696326929185, 0.04728285158409241, 0.6152532627799793], [0.07622298002639023, 0.26940799136785754, 0.5506866281902313, 0.10368240041552118], [0.5240651649209064, 0.3832726240467509, 0.012224041185258798, 0.08043816984708398], [0.27495192425674875, 0.30836892278507505, 0.18768006310401908, 0.2289990898541575], [0.06544753663054126, 0.7339560193977845, 0.041356699421586596, 0.1592397445500876], [0.5999546973828631, 0.08021565103963141, 0.026318035626648445, 0.29351161595085706], [0.0202687037215948, 0.6459070283641588, 0.2185098183486378, 0.11531444956560827], [0.06337200877965253, 0.10189703284972115, 0.3766013113957758, 0.45812964697485076], [0.06706017683705946, 0.17770728781611303, 0.03986069069135381, 0.7153718446554734], [0.7714321013088532, 0.03398337372333378, 0.05914595173447021, 0.1354385732333426], [0.2858474239555935, 0.16697481814020648, 0.06344773771865946, 0.4837300201855404], [0.0121842112343437, 0.8820542631058749, 0.06313786359111814, 0.042623662068663366], [0.19979851159133039, 0.5787458386512799, 0.08263698310655804, 0.1388186666508317], [0.8483145964013012, 0.07123221630769197, 0.045272718855500174, 0.03518046843550659], [0.16070135170624553, 0.4614864667325164, 0.0984391844972755, 0.2793729970639627], [0.05604491484436121, 0.12473524401265304, 0.017527098869542065, 0.8016927422734437], [0.23234733435643748, 0.3944152326428014, 0.1381696563198265, 0.23506777668093448], [0.09512666862214686, 0.17563223277589335, 0.22298487278561863, 0.5062562258163411], [0.07484391356648083, 0.3192286961084312, 0.07161536564917316, 0.5343120246759148], [0.09696662492143357, 0.2054688942529509, 0.16480331699448925, 0.5327611638311261], [0.10174787665095178, 0.09884765141154075, 0.10360638705611332, 0.6957980848813944], [0.13378217113181293, 0.2558766436373503, 0.1130834106705147, 0.49725777456032205]]}, "rewritten": {"ids": ["97107260", "97107821", "97108520", "97111790", "97118210", "98106880", "98107210", "98107340", "98108150", "98109090", "98110710", "98116940", "99105921", "99107300", "99108080", "99108310", "99108330", "99108710", "99109311", "99109370", "99111440", "99119830", "100109000", "100109360", "100110260", "100111380", "100111390", "100111620", "100115700", "101108080", "101108121", "101110740", "101112201", "101112540", "101114990", "101121640", "102107961", "102110500", "102110890", "102112030", "102113350", "103111170", "103111480", "103112641", "103113101", "103113260", "103120340", "104111830", "104112201", "104113000", "104113210", "104113240", "104117200", "104118070", "105112100", "105113260", "105114220", "105115380", "105116090", "105118230", "105121190", "106113190", "106113360", "106113830", "106115250", "106116850", "106118161", "107113200", "107113360", "107114140", "107116300", "107116340", "107117630", "107120260", "107120880", "108114180", "108114360", "108115250", "108116481", "108118520", "108118630", "108119550", "109113281", "109113591", "109113881", "109114720", "109115070", "109115211", "109115220", "109116441", "109117150", "109117600", "109118701", "109119340", "109120150", "109120540", "109120621", "110114950", "110115120", "110115250", "110115580", "110115710", "110115980", "110116170", "110116290", "110116441", "110117080", "110117870", "110118111", "110118701", "110118880", "110118930", "110119300", "110120190", "110121720", "111115770", "111116170", "111116411", "111116640", "111117120", "111117480", "111118820", "111119340", "112116290", "112116501", "112116990", "112118550", "112118880", "112120290", "112120640", "112120990", "113117340", "113118820", "113119360", "113119950", "113120601", "113121010", "113121220", "113121680", "113121750", "113122160", "113122170"], "labels": [2, 2, 2, 2, 2, 0, 1, 0, 0, 1, 2, 2, 1, 3, 3, 2, 1, 2, 1, 1, 3, 1, 1, 0, 3, 3, 2, 3, 1, 0, 0, 3, 0, 2, 3, 2, 3, 3, 0, 2, 3, 2, 0, 3, 3, 3, 1, 3, 0, 1, 3, 2, 3, 2, 1, 3, 3, 1, 1, 1, 2, 0, 0, 1, 2, 3, 3, 0, 0, 2, 0, 3, 0, 1, 1, 1, 1, 1, 0, 0, 1, 1, 0, 3, 0, 0, 0, 0, 3, 3, 2, 1, 3, 3, 2, 1, 1, 0, 0, 1, 1, 2, 1, 0, 2, 3, 1, 3, 1, 3, 0, 1, 1, 3, 3, 3, 0, 0, 0, 2, 1, 0, 3, 0, 3, 0, 3, 1, 1, 0, 2, 2, 0, 0, 0, 2, 2, 3, 1, 0, 3, 1], "predicted_labels": [1, 3, 0, 0, 0, 1, 1, 1, 3, 0, 2, 1, 1, 3, 0, 3, 1, 1, 1, 1, 3, 3, 3, 3, 0, 1, 3, 3, 0, 1, 3, 1, 1, 3, 1, 3, 0, 3, 3, 3, 1, 0, 1, 0, 1, 3, 1, 1, 3, 3, 3, 1, 1, 3, 3, 1, 0, 1, 3, 1, 1, 1, 1, 0, 1, 2, 3, 3, 1, 3, 1, 3, 0, 0, 3, 1, 1, 3, 3, 1, 3, 3, 0, 1, 1, 1, 1, 3, 3, 0, 1, 1, 1, 1, 1, 1, 3, 3, 1, 3, 3, 1, 0, 1, 1, 3, 3, 3, 0, 1, 3, 1, 3, 3, 1, 0, 1, 3, 0, 1, 3, 1, 3, 1, 0, 3, 1, 1, 1, 0, 1, 3, 1, 3, 3, 1, 1, 1, 3, 1, 3, 3], "confidence_scores": [[0.24171004285915945, 0.20730394889083317, 0.4273370345953507, 0.12364897365465663], [0.26822944128767906, 0.24193471522047685, 0.18706288320549966, 0.3027729602863445], [0.5276027423090832, 0.22747581674136808, 0.06227989673684525, 0.18264154421270348], [0.426473703032712, 0.09721676155559153, 0.18868494384624812, 0.2876245915654485], [0.33804773748649636, 0.09360572670252887, 0.3775803868996203, 0.1907661489113545], [0.2757137648312245, 0.4143677857873058, 0.25057100871338467, 0.05934744066808482], [0.2197356050358221, 0.4195830593795724, 0.14523610495311906, 0.2154452306314864], [0.12766455319093234, 0.28630167168641746, 0.4310111641313547, 0.15502261099129522], [0.14488013574009428, 0.15418321287325418, 0.4299935710666329, 0.2709430803200188], [0.7213843657836648, 0.07064478134364426, 0.06793300683091141, 0.1400378460417798], [0.03324050346084802, 0.18790884391537382, 0.6470046319170246, 0.13184602070675347], [0.05090826150971939, 0.6776396224931074, 0.1217028344964602, 0.14974928150071326], [0.1177976325870939, 0.7320193573403257, 0.06181843483785046, 0.08836457523472963], [0.4509825214541127, 0.022991961196319355, 0.012103647861518426, 0.5139218694880496], [0.5559356957498013, 0.21334985807575763, 0.08491653568979314, 0.14579791048464802], [0.2645987904267164, 0.23227024803963556, 0.15715669619373263, 0.34597426533991577], [0.03185775494230644, 0.45158660612212215, 0.21840551137250436, 0.298150127563067], [0.12637021732437143, 0.5810856706723019, 0.16065490835323976, 0.13188920365008688], [0.437733413718053, 0.26393131694354866, 0.03949751312784212, 0.25883775621055605], [0.08845984625501334, 0.7051403233576138, 0.0764855061095107, 0.12991432427786206], [0.282428757027563, 0.13020557917904174, 0.08999339018479122, 0.497372273608604], [0.1131207651669817, 0.2811877112974225, 0.3038296923919139, 0.30186183114368204], [0.17238370874159945, 0.1957233672338921, 0.06391208675876708, 0.5679808372657413], [0.30100041914255465, 0.23325991269755253, 0.032689071485272045, 0.4330505966746211], [0.6927091778629498, 0.15492126007766396, 0.03189127291454201, 0.12047828914484442], [0.10407064864809755, 0.2276916336056843, 0.5226981173532144, 0.14553960039300362], [0.21665596262203998, 0.2135391898721421, 0.28577903011091177, 0.284025817394906], [0.0993759369852647, 0.17112459774044103, 0.38673966905955953, 0.3427597962147347], [0.6358516834965393, 0.08904188669412297, 0.06603686417571204, 0.20906956563362572], [0.4873477814720093, 0.3646460126433381, 0.04721126402364815, 0.10079494186100409], [0.34328680805759454, 0.1270473109123192, 0.02931262292901765, 0.5003532581010683], [0.13985744074763795, 0.3393337144629824, 0.28568884635287617, 0.23511999843650358], [0.22716298741199537, 0.6499697191931268, 0.013775842498955797, 0.10909145089592169], [0.20908542173086056, 0.11816590684170702, 0.12196427557844142, 0.5507843958489912], [0.08519986926900225, 0.4324868175816106, 0.4014892319558283, 0.08082408119355887], [0.1033326819227887, 0.3634784642186517, 0.08236966191726054, 0.450819191941299], [0.49961578092293935, 0.20075834531879355, 0.06271533392050438, 0.23691053983776222], [0.07519649225237972, 0.08690247812806119, 0.08805414313201029, 0.7498468864875488], [0.37189485945717876, 0.06691546413408946, 0.03879758342118185, 0.5223920929875502], [0.27878735428132784, 0.16133984241159527, 0.25202804511463267, 0.30784475819244406], [0.11845153907550504, 0.6257758500780722, 0.1335127065409144, 0.12225990430550805], [0.6996859128384356, 0.1478774587872018, 0.015217448278465714, 0.13721918009589704], [0.39130977626570385, 0.43624018563426037, 0.019320170745814304, 0.1531298673542211], [0.530904424269962, 0.23978025573203673, 0.015319143413928005, 0.21399617658407338], [0.18062570917278623, 0.5040396727701242, 0.10327886493585778, 0.21205575312123204], [0.04912444183789579, 0.3918168796961003, 0.16146634601145216, 0.3975923324545516], [0.16677015228326011, 0.4995360350437514, 0.12833475391945803, 0.20535905875353036], [0.010102687056479123, 0.6711724341366769, 0.01937864423808005, 0.2993462345687639], [0.4615199590473249, 0.06577902034574754, 0.023562785839239157, 0.44913823476768827], [0.3611641111684993, 0.06511131234933283, 0.04381131619454001, 0.5299132602876276], [0.15634779860770742, 0.258297183316406, 0.3252853099453119, 0.2600697081305749], [0.10005284963226106, 0.7024371317539692, 0.0752655902483866, 0.12224442836538287], [0.27236750366612095, 0.5337215619375443, 0.06804992904983657, 0.12586100534649824], [0.042169316590838155, 0.3474450842628352, 0.2944650975700184, 0.315920501576308], [0.41231947706618766, 0.022323910177139486, 0.028847172194690837, 0.5365094405619817], [0.11351612428783454, 0.43017153724222024, 0.1981756218422876, 0.2581367166276575], [0.5792214427060135, 0.06559515957903211, 0.025519946980266297, 0.3296634507346881], [0.05431435868056568, 0.27537238814356163, 0.4880771527528647, 0.1822361004230079], [0.36939096381161896, 0.06551133527151595, 0.020975845931968645, 0.5441218549848965], [0.03122288485123082, 0.7476132375067118, 0.16223347905329405, 0.05893039858876355], [0.24177366053439972, 0.3311896826384176, 0.2956848070596066, 0.131351849767576], [0.1432754460700753, 0.42587576802139426, 0.14517967359969247, 0.2856691123088379], [0.08511928939445834, 0.498052450136502, 0.10376940378413807, 0.31305885668490147], [0.7071424381695989, 0.057835547308048386, 0.025569309055135197, 0.20945270546721756], [0.26132267859909486, 0.45854176444834854, 0.11619326160400159, 0.16394229534855492], [0.04662565419410345, 0.20759507293657292, 0.6162316739427753, 0.12954759892654824], [0.24727986846455638, 0.2526358447740093, 0.03733816399816121, 0.4627461227632727], [0.48835239018557114, 0.05628593876310136, 0.003681232804428841, 0.45168043824689863], [0.19828762056267668, 0.3407766663436037, 0.21456748697811232, 0.24636822611560694], [0.028593451426457677, 0.3583927959337053, 0.27204541211280425, 0.3409683405270328], [0.0834475147872695, 0.7835958386937651, 0.021497789926008416, 0.11145885659295715], [0.09636048387048755, 0.1743894712613279, 0.2371694445861869, 0.49208060028199757], [0.7859227237991924, 0.03668503316581128, 0.03866092265529792, 0.13873132037969832], [0.5055289437214765, 0.06933769925175275, 0.043908483333197516, 0.3812248736935736], [0.02881128740899057, 0.25954092506009135, 0.3274922836124831, 0.3841555039184345], [0.3441652481994502, 0.4258499113848289, 0.05745790793557461, 0.17252693248014625], [0.15612856305829764, 0.38629985492527297, 0.08381896251202664, 0.3737526195044026], [0.12924288681773607, 0.07753759107113553, 0.09311699179564384, 0.7001025303154844], [0.16641321832134756, 0.337468341709532, 0.11892304261474529, 0.37719539735437546], [0.5121326650327027, 0.3188750308469773, 0.03382344239230934, 0.13516886172801024], [0.0789731948020527, 0.19343859660846074, 0.03754205557142384, 0.6900461530180624], [0.08979174327189, 0.2813936523865939, 0.2420076583922458, 0.38680694594927073], [0.6908670406120098, 0.14684673102714, 0.0825060202011282, 0.07978020815972209], [0.3623212902901711, 0.29609824442944416, 0.007733450128017136, 0.3338470151523674], [0.5432203827776126, 0.3046303857263174, 0.07722350256845326, 0.07492572892761662], [0.07674381734439123, 0.319294159432689, 0.36610362040279226, 0.23785840282012766], [0.21841246128092065, 0.5672799099983792, 0.11964467413084458, 0.0946629545898559], [0.2585490700976899, 0.19147094568726455, 0.08477751814956073, 0.4652024660654845], [0.199802701364161, 0.22151579388865913, 0.16796582459697265, 0.4107156801502074], [0.6362458751415879, 0.1267746519063101, 0.008988176492643704, 0.22799129645945843], [0.08055526313971521, 0.6493485361093522, 0.16134418411732643, 0.1087520166336061], [0.07805247713308142, 0.32727544062613834, 0.24914497161931762, 0.34552711062146196], [0.087476004461398, 0.43264430252990044, 0.21407716185628076, 0.2658025311524204], [0.19501211580625946, 0.44411778485500775, 0.0979671985075937, 0.26290290083113926], [0.26321358129741396, 0.2370672588574412, 0.2912883074408584, 0.2084308524042867], [0.06967527932240869, 0.5551245428056039, 0.06805957010254973, 0.3071406077694377], [0.07868437069911866, 0.1610767840815764, 0.08009934570728558, 0.6801394995120192], [0.11899381223499507, 0.13947501827862532, 0.028768086482328786, 0.7127630830040506], [0.15330753071439213, 0.5143618682612882, 0.12537557324177975, 0.20695502778253982], [0.10344172521251109, 0.15929860500339374, 0.17752039164595662, 0.5597392781381385], [0.0548947698795109, 0.3715175864857381, 0.1877797300126142, 0.3858079136221369], [0.2817272763548462, 0.32335628479050127, 0.13203382209985748, 0.26288261675479535], [0.44843735123298173, 0.22370766715370735, 0.1866256442671463, 0.14122933734616452], [0.18163720451840715, 0.43506814523327175, 0.0852283353834896, 0.29806631486483137], [0.2779916584877861, 0.31435908700804094, 0.09062153832296503, 0.317027716181208], [0.03579407655651389, 0.37893957136948553, 0.08876039721286512, 0.49650595486113547], [0.03402625572148807, 0.4709026240843589, 0.0423337086053132, 0.45273741158883996], [0.286815292817166, 0.06535991621392973, 0.1987683608180264, 0.44905643015087765], [0.6019416275625772, 0.2576559335635509, 0.05888907724326325, 0.08151336163060867], [0.2474387913865818, 0.42252642409281055, 0.017781636367069892, 0.31225314815353794], [0.16148504150146048, 0.08718217017751151, 0.009066624940672058, 0.7422661633803558], [0.04725460695776159, 0.5826306952923126, 0.20498682446365973, 0.1651278732862661], [0.07907165700783755, 0.38974652777713226, 0.08044632188589378, 0.45073549332913654], [0.04563802145689793, 0.3617670963832913, 0.19604164039229505, 0.3965532417675156], [0.44272855338838646, 0.3851870775695137, 0.014472838558786382, 0.15761153048331364], [0.6583871484191516, 0.0736896526375463, 0.027227610332008927, 0.24069558861129314], [0.17145944369109684, 0.6177042463930965, 0.09792399751918651, 0.11291231239662047], [0.42267671324615913, 0.12851569578039612, 0.035158203357602676, 0.41364938761584197], [0.5030019857059826, 0.25624220872016656, 0.1059503162587373, 0.1348054893151134], [0.11519318247114316, 0.6523434299371478, 0.11084314657415319, 0.12162024101755574], [0.09439036300730705, 0.23993363585642302, 0.10684268443370774, 0.5588333167025623], [0.1160441222116016, 0.6023902966596781, 0.04359583174875806, 0.2379697493799623], [0.05649823412237584, 0.22650296087537056, 0.14420292744758187, 0.5727958775546718], [0.09985058368943862, 0.48242570801222384, 0.16450232376499974, 0.253221384533338], [0.6174155606562595, 0.14789621822510696, 0.025234346372010826, 0.20945387474662283], [0.07679677692143502, 0.08612915881887535, 0.12654047165769347, 0.7105335926019964], [0.46784307359838867, 0.3055863265334603, 0.07385401772897299, 0.15271658213917821], [0.3925986095577431, 0.4195834974485329, 0.030270127901674163, 0.1575477650920498], [0.40159699994077813, 0.31545616956376743, 0.045031330763219954, 0.23791549973223464], [0.9303543934885979, 0.027612849886172297, 0.006563947276163893, 0.03546880934906576], [0.09556264921368596, 0.545412423360857, 0.24956116105489112, 0.10946376637056578], [0.13046659739390928, 0.4224260362542011, 0.03163197790739657, 0.4154753884444932], [0.20306399634436623, 0.575508295381254, 0.048554222620706355, 0.17287348565367341], [0.08510675011617037, 0.17917617643085587, 0.09374578699421163, 0.6419712864587621], [0.15799046894657814, 0.19524756423913325, 0.026164062549485004, 0.6205979042648041], [0.059383534132437625, 0.45013135980564684, 0.13889563753620518, 0.35158946852571044], [0.03939448739553662, 0.7852284859451781, 0.09240475999213739, 0.08297226666714765], [0.2974986403046947, 0.3445525592911262, 0.11905573038126147, 0.23889307002291743], [0.05093483571693105, 0.26809189705905856, 0.32569727677212285, 0.3552759904518873], [0.25690604021972685, 0.6830734962935324, 0.005563064360566171, 0.05445739912617453], [0.03947027905945075, 0.4169332254191796, 0.142403736416449, 0.4011927591049207], [0.015081744915088563, 0.2117195669200499, 0.5011047213101102, 0.27209396685475146]]}}