{"test": {"ids": ["104113210", "106116120", "104114320", "100109801", "104119290", "102114270", "98107340", "105116090", "105119950", "110113931", "113118630", "113119320", "110120540", "104111780", "101111210", "108114270", "107114621", "112120700", "109114220", "105115380", "108117451", "111119150", "113121410", "112118930", "111116110", "107116980", "106117770", "101108500", "106114280", "110114321", "107117630", "112120990", "111120220", "111118820", "109113881", "97106000", "98113881", "99107300", "99116500", "106113360", "111120591", "106117650", "107114140", "103113270", "105114220", "110121500", "112117580", "102109850", "111120260", "102107961", "105115900", "113121190", "110118450", "99111340", "112119450", "111121190", "100113370", "113118421", "97112290", "105113260", "97106600", "112119120", "99112300", "106112770", "110121170", "100109330", "101111620", "110117870", "105116650", "103110050", "113120601", "98112580", "99112840", "105110091", "110117080", "113119300", "103120340", "103109021", "106115250", "107115140", "110121450", "110121720", "109117150", "100111270", "98116090", "101108121", "105119550", "110114651", "108114200", "110114920", "102109010", "104111550", "112118161", "108115880", "113120070", "111120190", "109117431", "99109840", "112117780", "111119300", "109121410", "103117461", "110120560", "108115500", "104118070", "109115211", "102118380", "111116411", "110118181", "101117580", "98110230", "105113620", "110118111", "104111711", "105113170", "102117351", "104116800", "101108621", "107113550", "100117420", "105116501", "99107500", "97112170", "110117200", "111119580", "102111990", "104114240", "113120830", "102110240", "102112030", "113121750", "97107681", "106114880", "101111990", "99108710", "108119510", "113118231", "98111620", "111119430", "112121360", "111119250", "98108370"], "labels": [3, 1, 2, 0, 1, 3, 0, 1, 3, 1, 3, 1, 1, 3, 2, 3, 0, 2, 3, 1, 2, 3, 0, 1, 3, 3, 0, 3, 3, 1, 0, 2, 3, 0, 0, 0, 3, 3, 2, 0, 1, 1, 2, 2, 3, 3, 0, 1, 3, 3, 3, 1, 0, 1, 3, 1, 3, 3, 1, 3, 3, 1, 0, 1, 2, 0, 3, 3, 1, 3, 2, 2, 2, 0, 1, 1, 1, 0, 2, 0, 3, 3, 2, 2, 0, 0, 1, 3, 0, 3, 1, 1, 0, 3, 2, 3, 1, 2, 0, 1, 0, 0, 0, 3, 2, 0, 1, 0, 1, 3, 3, 0, 1, 1, 0, 1, 1, 0, 0, 2, 1, 0, 0, 3, 3, 2, 0, 3, 3, 2, 0, 3, 0, 2, 2, 1, 3, 3, 3, 3, 1, 1], "predicted_labels": [3, 3, 0, 1, 1, 3, 1, 0, 0, 3, 3, 2, 3, 0, 1, 2, 0, 1, 1, 1, 0, 0, 1, 0, 1, 3, 0, 3, 2, 1, 3, 1, 0, 0, 0, 3, 1, 1, 1, 1, 3, 1, 3, 1, 3, 1, 0, 1, 0, 2, 1, 2, 0, 1, 0, 1, 3, 0, 1, 2, 1, 0, 0, 1, 3, 0, 3, 1, 1, 1, 1, 1, 1, 0, 1, 3, 2, 1, 0, 3, 3, 1, 1, 1, 1, 0, 0, 3, 1, 1, 3, 2, 1, 3, 1, 0, 1, 2, 1, 0, 1, 1, 0, 2, 1, 1, 3, 3, 0, 1, 3, 1, 0, 1, 1, 0, 1, 3, 3, 1, 1, 3, 3, 3, 3, 3, 1, 1, 2, 3, 0, 1, 1, 1, 0, 0, 1, 1, 1, 0, 0, 2], "confidence_scores": [[0.24608592870468765, 0.22073601506887075, 0.22116694275814822, 0.31201111346829347], [0.23709508843019195, 0.27893037271303317, 0.2021363868807811, 0.2818381519759937], [0.32638530486897066, 0.23437741028304815, 0.2990456160079485, 0.14019166884003295], [0.11528655416082544, 0.6365844232274321, 0.07609416970929898, 0.17203485290244352], [0.19123836272966646, 0.4439482384285694, 0.1631822767036221, 0.20163112213814205], [0.14297071981810772, 0.22385886069420136, 0.2830598003995566, 0.35011061908813434], [0.2051233662947773, 0.4787774795653533, 0.16762346099939904, 0.14847569314047027], [0.4072958757777832, 0.13099241139541296, 0.3123096747908609, 0.14940203803594307], [0.38174160634241444, 0.1313541107572271, 0.33178136768098254, 0.15512291521937574], [0.175362071757926, 0.2751713710356765, 0.058764426575940124, 0.49070213063045737], [0.32638152628576683, 0.17097447682449243, 0.1714394527884988, 0.331204544101242], [0.30773762506162883, 0.09997902003651031, 0.531499847502361, 0.06078350739949992], [0.21340478756261222, 0.2747653788987731, 0.2270104340364525, 0.2848193995021621], [0.4314532185774724, 0.2570447377138177, 0.09174965979895582, 0.21975238390975402], [0.24044594377429096, 0.3152550173070323, 0.25011269605366104, 0.19418634286501577], [0.1286025632105746, 0.2300810762315434, 0.48444117963190986, 0.15687518092597225], [0.46863284454548365, 0.1901471653150271, 0.11858180041115896, 0.22263818972833022], [0.08657720961351069, 0.5574733497800811, 0.15664369041223514, 0.1993057501941731], [0.13875805530640337, 0.33882507669983075, 0.31109487232907573, 0.21132199566469], [0.16168085742904545, 0.31580315139495435, 0.2588699112207561, 0.26364607995524425], [0.33041985567703774, 0.2572429749458198, 0.11119792663528769, 0.3011392427418546], [0.5435005945840198, 0.18225337809421188, 0.11465344289004982, 0.15959258443171848], [0.27585000869924015, 0.31812740232782805, 0.16475876712893386, 0.2412638218439981], [0.3901143298941118, 0.2470751648578082, 0.11308104185729213, 0.24972946339078791], [0.29625511495180573, 0.4144521097421648, 0.12284018180965205, 0.16645259349637734], [0.22146438452139208, 0.24217384483548016, 0.16680859774611667, 0.36955317289701106], [0.3383373940936582, 0.18154614211206097, 0.3036875782264857, 0.1764288855677952], [0.1936457281019914, 0.22887381467791285, 0.16847196897373884, 0.4090084882463569], [0.16013657365993833, 0.13129159841757426, 0.5753228573578811, 0.1332489705646063], [0.24882112815596186, 0.3917357732121969, 0.0950195476000452, 0.2644235510317961], [0.20381523144481006, 0.27943352725844584, 0.20321720319360043, 0.3135340381031437], [0.2436350932546493, 0.5694001451218345, 0.061488605411592304, 0.12547615621192393], [0.5875526112326811, 0.13128217169851925, 0.14290749572802175, 0.13825772134077782], [0.4536325825954991, 0.2824891831140087, 0.09284634296438399, 0.17103189132610822], [0.49764123466829896, 0.22839934288066474, 0.06929167767994035, 0.20466774477109606], [0.06796639574001306, 0.25879315721955065, 0.1918516350243717, 0.48138881201606454], [0.2404056919457571, 0.595574191030914, 0.07285357052666516, 0.09116654649666364], [0.20929041688309735, 0.4004184003667105, 0.09163451768097236, 0.2986566650692197], [0.15823361591566157, 0.3302869535510904, 0.3231047126338048, 0.1883747178994433], [0.23552992031752495, 0.5183080867761098, 0.109304028198074, 0.13685796470829117], [0.2992119943563315, 0.24003917238173084, 0.12006801773068498, 0.34068081553125257], [0.1141637029974748, 0.4043636825477872, 0.15822105501373765, 0.3232515594410002], [0.12283306542064487, 0.2616255277559534, 0.2529744823671223, 0.3625669244562794], [0.12237325377036555, 0.5526367705629832, 0.14015325062218195, 0.1848367250444693], [0.28945614396273905, 0.23394517036620413, 0.12621116035140056, 0.35038752531965617], [0.11530425770465229, 0.5482899310567895, 0.13907110594666594, 0.1973347052918924], [0.3206486748972655, 0.2960173911335516, 0.24863644197180879, 0.13469749199737424], [0.178853467287735, 0.4176011309055144, 0.24067610230445158, 0.16286929950229895], [0.34425271390341117, 0.2606804371335869, 0.1602985346440827, 0.23476831431891912], [0.2164920762147737, 0.27443985987224223, 0.31917110390489717, 0.189896960008087], [0.09035075651955285, 0.6643237723512158, 0.07373686732555645, 0.17158860380367494], [0.11777093645439814, 0.2973960994020988, 0.32576016240307165, 0.2590728017404313], [0.35360753141229867, 0.2697565217461019, 0.144796745077363, 0.2318392017642366], [0.24921079280359804, 0.5019798764237164, 0.06513583656556302, 0.18367349420712253], [0.5369794216115856, 0.18432314910888817, 0.06256685663670203, 0.2161305726428241], [0.2438179755556411, 0.42826346602643295, 0.1280730780945974, 0.19984548032332844], [0.19630926450605524, 0.2688242503731194, 0.188409583814953, 0.3464569013058724], [0.3201225935630659, 0.17252161165360685, 0.21814003905924798, 0.2892157557240792], [0.14707974765836157, 0.5682580138090343, 0.04047222534423951, 0.24419001318836467], [0.16450427681203195, 0.176684720512579, 0.41813452880756297, 0.24067647386782623], [0.22005554663529855, 0.3350546835940845, 0.33400923198052274, 0.11088053779009412], [0.37255939072915606, 0.20238240766378496, 0.12739408847192926, 0.2976641131351298], [0.36755208746294243, 0.19994730547926648, 0.16028617204646228, 0.27221443501132886], [0.09797221349325588, 0.44378032450999366, 0.13023716303507327, 0.32801029896167716], [0.15152979322850782, 0.2727437293423966, 0.20166579612056146, 0.374060681308534], [0.43716797236821886, 0.26051451124304426, 0.09796006054470166, 0.20435745584403528], [0.07098740480870479, 0.41519876420374113, 0.07533394772271397, 0.4384798832648399], [0.2635944275615076, 0.3249735501842924, 0.11488687024494501, 0.296545152009255], [0.24763204330351749, 0.3734820902250708, 0.1597474555833946, 0.2191384108880172], [0.14065278906177797, 0.5169183695745364, 0.14508700042220093, 0.1973418409414848], [0.2601234119777046, 0.4041712985608032, 0.046599432890340346, 0.2891058565711518], [0.1284155842184283, 0.5397635409571127, 0.07747111048301539, 0.25434976434144363], [0.19971394524293698, 0.42410097707728456, 0.15125676476127373, 0.2249283129185048], [0.37807408492679556, 0.23218175817715078, 0.24710352098454072, 0.14264063591151283], [0.19943224168649998, 0.32815158420238544, 0.24576554596756878, 0.22665062814354578], [0.2651299269431516, 0.27486879433414085, 0.14604838322256583, 0.3139528955001416], [0.09863626893397373, 0.2965282516140396, 0.35720150285043073, 0.24763397660155595], [0.28587928428256704, 0.31090654591789507, 0.10193584566109028, 0.3012783241384477], [0.4094230943709876, 0.24708496432307514, 0.18172908687742498, 0.16176285442851213], [0.08451835588521209, 0.16607149070162175, 0.2314436304846594, 0.5179665229285068], [0.23480598211920953, 0.18637674711976807, 0.26773242713371825, 0.31108484362730426], [0.1937191080137693, 0.3149200956776224, 0.24033521448573283, 0.25102558182287554], [0.3032937735348013, 0.34829594160890764, 0.14689905745290854, 0.20151122740338268], [0.2155100285964622, 0.5457026824546842, 0.13323065599247366, 0.10555663295637999], [0.1733111994116856, 0.5506315580545513, 0.12022472011817463, 0.15583252241558848], [0.33409610829601555, 0.23154603139569924, 0.12582892766473905, 0.30852893264354625], [0.3292134062485464, 0.28502719180050806, 0.11470389862992107, 0.2710555033210244], [0.2696419247359922, 0.15082575700334844, 0.09441283379598023, 0.4851194844646791], [0.09738952709933238, 0.5086137345630686, 0.17842696928374635, 0.21556976905385283], [0.10693896685891825, 0.71803322317721, 0.08413876516700848, 0.09088904479686329], [0.2196132437901291, 0.33834554639487235, 0.049035848146568105, 0.3930053616684306], [0.0964325632875183, 0.24070181551145953, 0.46312703071935263, 0.19973859048166936], [0.26927893066534964, 0.5674910553925409, 0.0464908975411465, 0.11673911640096302], [0.10389554947400488, 0.2466995502568393, 0.2218476829310947, 0.4275572173380611], [0.145752701012749, 0.6015747184910493, 0.16156301089361175, 0.0911095696025899], [0.38629770051594237, 0.16476643498703922, 0.34289296446830975, 0.10604290002870857], [0.36837603930323864, 0.36935844692154557, 0.07883117064855032, 0.18343434312666548], [0.11897199040604206, 0.11420504877391043, 0.5026391588714187, 0.2641838019486287], [0.23495127090743242, 0.3481788053192202, 0.13460771792724016, 0.28226220584610734], [0.3136345625021198, 0.30160353616770014, 0.15585695240373976, 0.22890494892644025], [0.1808425777477386, 0.3156122543991295, 0.21000387872285936, 0.29354128913027255], [0.21271544370466103, 0.4264052424801353, 0.14713658687891754, 0.21374272693628615], [0.2919369172562998, 0.29059635053014815, 0.13862909635828066, 0.2788376358552714], [0.1892397862282918, 0.25455427302121014, 0.32576521219168697, 0.23044072855881095], [0.23820643625367727, 0.352053518111588, 0.13129817876456812, 0.2784418668701665], [0.1368079767104216, 0.6545873079495481, 0.08301691119998277, 0.1255878041400473], [0.09960751749601038, 0.17657683076717595, 0.2687759970835059, 0.45503965465330787], [0.18202129321174548, 0.16121462715280604, 0.1686855363061797, 0.48807854332926875], [0.34703287478675887, 0.30722437044331125, 0.1467836109804154, 0.19895914378951451], [0.14466003130347113, 0.5019738332110895, 0.18310490526619952, 0.17026123021923992], [0.06919958681627222, 0.3295162294930147, 0.1115624306797863, 0.48972175301092685], [0.19951481601870827, 0.6202759131169764, 0.08198589048783897, 0.09822338037647642], [0.41005350976094646, 0.1930662666188773, 0.0654638984301732, 0.3314163251900031], [0.23482893590344878, 0.3791801918626413, 0.16042966792205932, 0.2255612043118506], [0.14117757975134082, 0.30657063749718794, 0.2761841394747838, 0.2760676432766872], [0.3883090457497018, 0.28001778437186275, 0.148496925617365, 0.1831762442610703], [0.1354454716275088, 0.46400997237153113, 0.23627697441731932, 0.16426758158364083], [0.2592793572980491, 0.2833616863099651, 0.11628505142003162, 0.34107390497195417], [0.17683050630204936, 0.22467129357439874, 0.1670133919801262, 0.4314848081434255], [0.19623324766698802, 0.3537561942512168, 0.17965824787835957, 0.2703523102034355], [0.34270647438282986, 0.3598964770649934, 0.0844756225479093, 0.2129214260042674], [0.09385776562829384, 0.32457058278566053, 0.13442905707392874, 0.44714259451211685], [0.25251954843600244, 0.25924398342220656, 0.1299255933512696, 0.3583108747905213], [0.2815240171300199, 0.1594495864354432, 0.09134004083566928, 0.4676863555988676], [0.28635669580368084, 0.22922743959119943, 0.12671324135940304, 0.3577026232457166], [0.29883560118436686, 0.23147814440900907, 0.1707742831774401, 0.298911971229184], [0.1071439007281994, 0.5462850701506279, 0.17605839890481736, 0.17051263021635532], [0.19162644012041055, 0.361542411321404, 0.18324966588071073, 0.26358148267747467], [0.20817752162312597, 0.24688930159156244, 0.28034985297503245, 0.26458332381027905], [0.15227077767350483, 0.2556109022710289, 0.17857478606466604, 0.4135435339908003], [0.3046110085706786, 0.1981122405009731, 0.2824522560289716, 0.21482449489937652], [0.2995010568564523, 0.3988423902943821, 0.1040050086258192, 0.1976515442233464], [0.2991194757169775, 0.3994749349567785, 0.10307717104932575, 0.1983284182769184], [0.10743727927860362, 0.3760232098924277, 0.30789076447773966, 0.20864874635122904], [0.3638325451997843, 0.35751947274180984, 0.1454892519003288, 0.13315873015807717], [0.3569924225327332, 0.27986725309829746, 0.14802006379965005, 0.2151202605693193], [0.15178212621350348, 0.4118589299122876, 0.05071362558211104, 0.38564531829209786], [0.18985656418791258, 0.4241390355007115, 0.20174085051447865, 0.18426354979689724], [0.3213987967248425, 0.38356099110261566, 0.10929451069012257, 0.18574570148241934], [0.36340042378854315, 0.25957497155741033, 0.25728101025933003, 0.11974359439471652], [0.3917467994866489, 0.21849387666965303, 0.188172353292828, 0.20158697055086994], [0.056723411653469315, 0.3586692557271619, 0.4369071289975501, 0.1477002036218188]]}, "rewritten": {"ids": ["97106000", "97106600", "97107681", "97112170", "97112290", "98107340", "98108370", "98110230", "98111620", "98112580", "98113881", "98116090", "99107300", "99107500", "99108710", "99109840", "99111340", "99112300", "99112840", "99116500", "100109330", "100109801", "100111270", "100113370", "100117420", "101108121", "101108500", "101108621", "101111210", "101111620", "101111990", "101117580", "102107961", "102109010", "102109850", "102110240", "102111990", "102112030", "102114270", "102117351", "102118380", "103109021", "103110050", "103113270", "103117461", "103120340", "104111550", "104111711", "104111780", "104113210", "104114240", "104114320", "104116800", "104118070", "104119290", "105110091", "105113170", "105113260", "105113620", "105114220", "105115380", "105115900", "105116090", "105116501", "105116650", "105119550", "105119950", "106112770", "106113360", "106114280", "106114880", "106115250", "106116120", "106117650", "106117770", "107113550", "107114140", "107114621", "107115140", "107116980", "107117630", "108114200", "108114270", "108115500", "108115880", "108117451", "108119510", "109113881", "109114220", "109115211", "109117150", "109117431", "109121410", "110113931", "110114321", "110114651", "110114920", "110117080", "110117200", "110117870", "110118111", "110118181", "110118450", "110120540", "110120560", "110121170", "110121450", "110121500", "110121720", "111116110", "111116411", "111118820", "111119150", "111119250", "111119300", "111119430", "111119580", "111120190", "111120220", "111120260", "111120591", "111121190", "112117580", "112117780", "112118161", "112118930", "112119120", "112119450", "112120700", "112120990", "112121360", "113118231", "113118421", "113118630", "113119300", "113119320", "113120070", "113120601", "113120830", "113121190", "113121410", "113121750"], "labels": [0, 3, 3, 0, 1, 0, 1, 3, 3, 2, 3, 0, 3, 0, 2, 2, 1, 0, 2, 2, 0, 0, 2, 3, 2, 0, 3, 0, 2, 3, 2, 3, 3, 1, 1, 3, 2, 2, 3, 1, 1, 0, 3, 2, 0, 1, 1, 1, 3, 3, 0, 2, 1, 2, 1, 0, 0, 3, 0, 3, 1, 3, 1, 1, 1, 1, 3, 1, 0, 3, 0, 2, 1, 1, 0, 0, 2, 0, 0, 3, 0, 0, 3, 3, 3, 2, 1, 0, 3, 0, 2, 1, 0, 1, 1, 3, 3, 1, 3, 3, 1, 1, 0, 1, 0, 2, 3, 3, 3, 3, 0, 0, 3, 1, 1, 3, 3, 3, 3, 3, 1, 1, 0, 0, 0, 1, 1, 3, 2, 2, 3, 3, 3, 3, 1, 1, 2, 2, 3, 1, 0, 0], "predicted_labels": [2, 2, 0, 0, 1, 1, 2, 1, 1, 0, 1, 1, 3, 1, 0, 2, 3, 1, 1, 2, 3, 1, 1, 1, 1, 0, 3, 0, 0, 1, 2, 3, 3, 3, 1, 2, 0, 1, 3, 3, 1, 1, 3, 1, 3, 3, 2, 0, 3, 3, 1, 1, 1, 1, 1, 3, 1, 1, 3, 3, 1, 3, 0, 1, 1, 1, 2, 1, 0, 0, 1, 1, 3, 1, 0, 1, 3, 0, 3, 0, 0, 1, 2, 2, 3, 0, 1, 0, 3, 1, 1, 0, 3, 3, 1, 3, 1, 1, 1, 0, 0, 3, 0, 1, 0, 1, 3, 1, 0, 1, 3, 3, 0, 1, 0, 0, 3, 2, 0, 1, 3, 1, 0, 1, 1, 3, 0, 0, 1, 1, 2, 1, 3, 2, 0, 2, 2, 0, 2, 2, 3, 0], "confidence_scores": [[0.1473933767786248, 0.30049805764945786, 0.3028243407080433, 0.2492842248638741], [0.16434118303140088, 0.2672082003671023, 0.3828320072320714, 0.18561860936942537], [0.34607953666508834, 0.331891535047007, 0.1292184677320972, 0.19281046055580733], [0.31070679854468464, 0.27284505798884084, 0.10942025951734777, 0.30702788394912667], [0.1779216195135412, 0.6133121502281669, 0.06969856464109399, 0.13906766561719788], [0.26654865012126255, 0.2995513324349608, 0.24096248771575157, 0.19293752972802503], [0.08021586125883283, 0.08950577198804431, 0.6834989626959499, 0.14677940405717305], [0.2666837506671499, 0.29604659982294124, 0.25589052702955767, 0.181379122480351], [0.2275434941238453, 0.2908812696435386, 0.27680710223090466, 0.20476813400171154], [0.36159589397159103, 0.27393025713713776, 0.1264096628768998, 0.2380641860143716], [0.2566467547589497, 0.5154624174684438, 0.09661444671186188, 0.1312763810607447], [0.13174993024179668, 0.7012434029785887, 0.07567948582977103, 0.09132718094984361], [0.10530104803638922, 0.19367469101993415, 0.2000985703003618, 0.5009256906433148], [0.07441849267908832, 0.5362109220246102, 0.14701952380703529, 0.24235106148926622], [0.4829625036881065, 0.2065099891250862, 0.16565222324084394, 0.14487528394596316], [0.048796289785911, 0.2598791634993513, 0.3923093903408851, 0.29901515637385245], [0.22333456500956078, 0.30993325350134143, 0.1105704700716384, 0.35616171141745967], [0.16795189600997623, 0.36393626524436934, 0.17499599358724272, 0.2931158451584118], [0.14693506530401543, 0.5275479214492735, 0.17284304163071176, 0.15267397161599924], [0.15313494541571349, 0.18833056078725116, 0.4106856379998675, 0.24784885579716776], [0.31892443105418694, 0.24304256441189348, 0.09620395216691505, 0.34182905236700456], [0.08220519555878014, 0.6175037081787657, 0.05466858784911391, 0.24562250841334027], [0.2257261242672385, 0.49799194611440145, 0.1372666124541634, 0.13901531716419674], [0.2203133160702927, 0.3149397246272347, 0.2104136217380391, 0.25433333756443344], [0.20994097836495862, 0.35879331446828644, 0.17214091943463988, 0.25912478773211506], [0.27521815143507, 0.2309034598189, 0.24711333172310906, 0.24676505702292098], [0.20567954926330148, 0.17652024149209095, 0.1785592359448217, 0.43924097329978595], [0.4951126347152553, 0.22571524851203534, 0.08082232295002215, 0.1983497938226874], [0.3742273966281635, 0.28577606981708775, 0.14129676379306913, 0.19869976976167952], [0.08508345511637301, 0.5997191291840631, 0.10313661493848963, 0.21206080076107423], [0.08295469214971879, 0.33626239704172883, 0.37523730828676344, 0.20554560252178888], [0.266279692506565, 0.26367342003356137, 0.17563923867128417, 0.29440764878858955], [0.1992962783203216, 0.3056995788326613, 0.1667778168352038, 0.32822632601181334], [0.17810221649377006, 0.27962165913640435, 0.05816745059028105, 0.4841086737795445], [0.19732180839679367, 0.4833335848481235, 0.1827573676861612, 0.13658723906892162], [0.17799229583841872, 0.2778461080046894, 0.2855588172169005, 0.25860277893999134], [0.29746062838619036, 0.2935772271188402, 0.19482266901837705, 0.21413947547659226], [0.24920481541441838, 0.3726298718116121, 0.14226823980027137, 0.2358970729736982], [0.10134083046692413, 0.21992935260202537, 0.23441624811942152, 0.44431356881162887], [0.22996167760716127, 0.24484690351768612, 0.12984536857495924, 0.3953460503001934], [0.09966476530817402, 0.3980738637477924, 0.2504940484421179, 0.25176732250191564], [0.181183173063822, 0.6167980160012082, 0.07698055177479587, 0.12503825916017394], [0.09294904831284143, 0.1984168549521271, 0.19151950132639833, 0.5171145954086332], [0.07336157106329061, 0.7011855556458743, 0.08513551714057473, 0.14031735615026028], [0.17016094521824637, 0.22897790723653555, 0.0861566596097541, 0.514704487935464], [0.11917523605548547, 0.3442508048636404, 0.15892433248418886, 0.3776496265966852], [0.12765548458575288, 0.263083091978372, 0.35936532216915523, 0.2498961012667199], [0.4485851056374694, 0.29513202255983967, 0.1164573869064898, 0.1398254848962011], [0.2943720008758461, 0.2613996148721279, 0.11216407293469116, 0.3320643113173348], [0.13637041673914047, 0.2439637924865407, 0.18940292454259375, 0.4302628662317251], [0.2590338800071489, 0.27267499855366817, 0.2232815907516487, 0.2450095306875342], [0.32515546182429145, 0.41089454926090696, 0.15386572779784538, 0.11008426111695636], [0.2219501133108441, 0.47131836520291154, 0.1301228977664772, 0.1766086237197671], [0.05355377909621567, 0.5027913038035535, 0.09722238217212095, 0.34643253492811], [0.24450016938111427, 0.4184783867659938, 0.09602845503877079, 0.24099298881412096], [0.18188831878884393, 0.2609696679060288, 0.2225727138384281, 0.3345692994666992], [0.10706791327767741, 0.34169127942490574, 0.3145026267575021, 0.23673818053991486], [0.1244859128098013, 0.4874326190007849, 0.23383156393996485, 0.15424990424944887], [0.1498855202039613, 0.2446040029834443, 0.10793193928219673, 0.4975785375303977], [0.2062647516774756, 0.1975297014964682, 0.18663391764623224, 0.40957162917982387], [0.1737264146312549, 0.3142124923849152, 0.3093849880478206, 0.20267610493600932], [0.2755837634469751, 0.25277369639682024, 0.12340532534260082, 0.348237214813604], [0.3584874879686727, 0.14177946037002206, 0.338027956646471, 0.16170509501483435], [0.2794933168256252, 0.4716681520779356, 0.07951440720008553, 0.16932412389635362], [0.05762448326013739, 0.42367417810284863, 0.3585853085216504, 0.1601160301153637], [0.12805643451312218, 0.4453972126375834, 0.16449758520421798, 0.2620487676450764], [0.12212429841037051, 0.1245355698544352, 0.5981367404186486, 0.15520339131654562], [0.07003974660771768, 0.6927315689963239, 0.10214111918038003, 0.13508756521557838], [0.492973440485386, 0.2041152771478058, 0.07289328999161442, 0.23001799237519385], [0.37503744326807076, 0.18470120363006254, 0.17403603997829, 0.2662253131235768], [0.12543273129199495, 0.4530805487759818, 0.13991795534646145, 0.28156876458556185], [0.10130658355916913, 0.39109617833045607, 0.29340614435103796, 0.21419109375933676], [0.1781864747747893, 0.22762545065012454, 0.24365847247261338, 0.3505296021024727], [0.11073370691061221, 0.4595744606630359, 0.11944489162259016, 0.31024694080376153], [0.3972457213483957, 0.22469303184526015, 0.23328688755685578, 0.1447743592494884], [0.1179656150368237, 0.3380350507863383, 0.3113431473790754, 0.23265618679776265], [0.11678108505919448, 0.17921562680202105, 0.22540140486056853, 0.478601883278216], [0.434922480834549, 0.17839669305521014, 0.14959935956240844, 0.23708146654783244], [0.08570363101396286, 0.2716304213855634, 0.1318056068694371, 0.5108603407310366], [0.37578985718910446, 0.24398306622305901, 0.1523483098577005, 0.22787876673013605], [0.32507938447313595, 0.18986971529627125, 0.18170422276573084, 0.30334667746486194], [0.12032676993200632, 0.39830908879442867, 0.1914347534868344, 0.28992938778673066], [0.10166178003598356, 0.30066057560095066, 0.42415787557889184, 0.17351976878417394], [0.16687752481529106, 0.3023855921072339, 0.32968762171464344, 0.20104926136283147], [0.14890888270679095, 0.2203518797164411, 0.20240682830983678, 0.4283324092669312], [0.3687163830190503, 0.24654661117887455, 0.10126276307644415, 0.28347424272563104], [0.2398704534825311, 0.3088039644506322, 0.18724908090128858, 0.26407650116554804], [0.3639780711653764, 0.31672973866826665, 0.1319460016502487, 0.18734618851610826], [0.1441355528289981, 0.3206485146433293, 0.1867967432642754, 0.34841918926339727], [0.20710693691377205, 0.39612449536647276, 0.16601067708906256, 0.23075789063069255], [0.2646237379497121, 0.373234661929866, 0.22620559306876495, 0.135936007051657], [0.4423497786957664, 0.2846353700146366, 0.08816802795334107, 0.18484682333625596], [0.1495619102394204, 0.24843200654191475, 0.2044818917473025, 0.39752419147136236], [0.3667468163406107, 0.19262851895058686, 0.06564582123248623, 0.37497884347631627], [0.2518820239678724, 0.47368028577190646, 0.10437718609912496, 0.1700605041610961], [0.3358494989152362, 0.1870557935405154, 0.07726277190347176, 0.39983193564077657], [0.09888088788094784, 0.4846828907764795, 0.29216964052539923, 0.1242665808171732], [0.14508400934600346, 0.34653325616539665, 0.3019776429986938, 0.20640509148990624], [0.10035506440663239, 0.5108104120770324, 0.16960754366239172, 0.21922697985394368], [0.3438604934251573, 0.2473532405462252, 0.24275202408618032, 0.16603424194243716], [0.38188199572389575, 0.35711220184436987, 0.06555145464589412, 0.19545434778584025], [0.28947980204317153, 0.2337542664573163, 0.10558288910387305, 0.37118304239563904], [0.30391740568933906, 0.23263014056547254, 0.18486814853879147, 0.278584305206397], [0.2745453219988423, 0.2843537292286591, 0.1985468604922664, 0.2425540882802321], [0.613506385187984, 0.09775930588427831, 0.1338311512634082, 0.15490315766432952], [0.22820617723999895, 0.2925422369943101, 0.26777644800766626, 0.21147513775802468], [0.20777802978594476, 0.2166415087972071, 0.2662352381836624, 0.3093452232331858], [0.19194629313588132, 0.5781410380727917, 0.11337918686725888, 0.11653348192406807], [0.3027276775260808, 0.29961468912441575, 0.19894545135141173, 0.19871218199809176], [0.11131539541168972, 0.7041069652438514, 0.10087743997240246, 0.08370019937205642], [0.1842881225095804, 0.15320818230883423, 0.17078628676824253, 0.49171740841334294], [0.15851165759230026, 0.28910352694433455, 0.2567294697652064, 0.29565534569815893], [0.4800839949623477, 0.23865709738885393, 0.11375571360226536, 0.16750319404653302], [0.319279836511045, 0.44937113000492773, 0.12771175533830886, 0.10363727814571844], [0.31772817971444445, 0.29095663366132307, 0.14249799875137428, 0.24881718787285803], [0.46706607070588974, 0.219019475016185, 0.1004420422379837, 0.21347241203994163], [0.25937904769093045, 0.19715579427294397, 0.20573677254907813, 0.3377283854870476], [0.2360682346621352, 0.2581029707200014, 0.2743128898748568, 0.2315159047430068], [0.5489035111029236, 0.18557521477080163, 0.1379224675303449, 0.12759880659592987], [0.1625581695608922, 0.5118234133342321, 0.0980389118341838, 0.22757950527069187], [0.3097337830289277, 0.2411390313868442, 0.10335737301026716, 0.3457698125739609], [0.2788697279074354, 0.40435958420457774, 0.1009355116699412, 0.21583517621804565], [0.38809024288796057, 0.23672353464642007, 0.07256430638871504, 0.3026219160769043], [0.26616348943510404, 0.3484635748032809, 0.13625536970295632, 0.24911756605865862], [0.2966941444216501, 0.4345943432272686, 0.09026938286917484, 0.17844212948190655], [0.2404089832564252, 0.26340940674137225, 0.12112719959036669, 0.3750544104118359], [0.28530506798642136, 0.26375643526165565, 0.17724610505948432, 0.27369239169243864], [0.3794522227953879, 0.300805704211878, 0.09228630369738808, 0.22745576929534608], [0.10507616166929354, 0.4659782639635309, 0.24066566236489315, 0.1882799120022824], [0.17292844043955288, 0.5020086647183516, 0.23005036006651894, 0.09501253477557671], [0.2851985088370962, 0.2371511549059792, 0.3016462476339625, 0.17600408862296205], [0.19330687104216415, 0.5988937674146282, 0.0679788304575702, 0.13982053108563733], [0.3153632450548291, 0.167473146532578, 0.18543777192482014, 0.33172583648777276], [0.26913010963673795, 0.16709794153457241, 0.4199785396934798, 0.14379340913520985], [0.4048496794048599, 0.25350247783432034, 0.2089065311344939, 0.1327413116263258], [0.30956395415588495, 0.13964208634726544, 0.41571517822164605, 0.13507878127520367], [0.30393580514160995, 0.2532752462381003, 0.3503105842307389, 0.09247836438955082], [0.32101976645737257, 0.257256581795395, 0.14506808897657794, 0.27665556277065445], [0.16000063123777675, 0.2516142624315432, 0.40032097195861727, 0.18806413437206268], [0.20519738158299392, 0.22781444168226458, 0.33079457373867965, 0.23619360299606199], [0.2400509092450474, 0.28224020718176446, 0.12388419099264365, 0.35382469258054455], [0.5412907716892926, 0.13514897106005894, 0.20945848052254804, 0.11410177672810036]]}}