{"test": {"ids": ["109117630", "111119580", "107115250", "104112201", "101119030", "105115680", "103111480", "103110050", "106117650", "99112641", "112119950", "110114920", "113122230", "99107500", "106121190", "102112301", "108113480", "103113101", "99109370", "111114941", "98107340", "109116810", "103110100", "108121351", "111114321", "104113550", "107118780", "99111620", "103113210", "112119320", "98107410", "101111210", "103111540", "111119300", "108114200", "113120591", "107112850", "102109850", "103120531", "111116411", "103112470", "113121950", "104116800", "104109311", "98108970", "107118520", "112116900", "104113380", "108120280", "108114040", "108118810", "112116501", "111115770", "99121440", "109115211", "111115620", "101113210", "113122430", "98109090", "113118870", "98113881", "112117580", "112119610", "106118820", "99119830", "111121220", "112118161", "111114171", "101109370", "102116500", "112119500", "108116120", "109118701", "100109311", "112116800", "109116170", "104114240", "108113620", "97116800", "99109780", "113119360", "100110260", "105110091", "97110950", "112116850", "110115710", "110121500", "98106560", "111116040", "108116481", "102110240", "98108520", "105120621", "100117420", "113118111", "97107260", "102121700", "110114561", "99113260", "105121190", "111119340", "111115780", "98116500", "109120621", "106118161", "107119390", "97108520", "111120540", "112118701", "111118810", "112118930", "109118231", "107113180", "106114011", "106113260", "97113900", "109119460", "106119990", "108118291", "110118111", "109121351", "99108580", "106113830", "110119300", "111116170", "105117431", "112119980", "112116610", "112121010", "101110150", "104111531", "101108460", "110117140", "103110840", "108120260", "97112830", "111117480", "112118581", "97105960", "104119290", "113120280", "101112690"], "labels": [0, 3, 2, 0, 3, 2, 0, 3, 1, 1, 0, 3, 1, 0, 2, 1, 0, 3, 1, 0, 0, 3, 1, 3, 1, 1, 1, 3, 3, 1, 3, 2, 1, 1, 0, 0, 1, 1, 3, 0, 1, 3, 1, 3, 3, 2, 3, 1, 3, 0, 1, 3, 3, 2, 0, 1, 3, 2, 1, 0, 3, 0, 0, 3, 1, 3, 0, 3, 1, 1, 2, 1, 3, 1, 0, 0, 0, 3, 0, 2, 0, 3, 0, 3, 0, 2, 3, 1, 0, 0, 3, 2, 1, 2, 1, 2, 1, 0, 0, 2, 3, 1, 2, 1, 3, 2, 2, 1, 0, 0, 1, 1, 3, 1, 3, 2, 1, 0, 3, 1, 0, 0, 1, 1, 0, 1, 0, 1, 2, 1, 0, 0, 3, 1, 1, 2, 1, 1, 2, 1, 0, 1], "predicted_labels": [0, 0, 2, 0, 3, 1, 0, 1, 1, 0, 0, 1, 1, 1, 2, 1, 3, 1, 2, 3, 3, 3, 0, 3, 1, 3, 3, 1, 0, 2, 3, 3, 3, 3, 0, 3, 1, 2, 1, 0, 1, 2, 3, 3, 1, 1, 3, 0, 3, 3, 3, 3, 3, 1, 3, 1, 1, 1, 2, 3, 1, 3, 3, 3, 1, 3, 0, 3, 2, 2, 1, 0, 3, 3, 1, 3, 1, 3, 0, 1, 0, 0, 1, 3, 3, 0, 0, 3, 0, 0, 1, 0, 3, 2, 3, 2, 1, 1, 2, 1, 3, 1, 3, 3, 1, 2, 1, 1, 3, 3, 0, 1, 1, 0, 1, 0, 0, 3, 3, 3, 3, 2, 3, 1, 1, 1, 3, 1, 1, 3, 3, 0, 1, 2, 0, 0, 3, 1, 2, 3, 0, 1], "confidence_scores": [[0.29949264579932827, 0.2785556649272362, 0.22075670403513886, 0.20119498523829654], [0.3388254097359078, 0.2332135562860988, 0.17136177683146472, 0.2565992571465288], [0.20890191786842746, 0.28345974037279986, 0.3002689950973077, 0.20736934666146517], [0.29909199525117863, 0.23580785330143353, 0.1659828382806651, 0.2991173131667227], [0.2997594396728135, 0.23721858808556692, 0.11582230970641741, 0.3471996625352022], [0.17597144543250917, 0.3283858412076185, 0.2225840766576761, 0.27305863670219627], [0.3004691473983883, 0.2471696780416921, 0.14387495379076337, 0.3084862207691562], [0.17333654351315125, 0.3078553224359849, 0.19950656278579637, 0.3193015712650675], [0.2271882599450352, 0.2783649017867377, 0.20150259127675327, 0.29294424699147414], [0.3013209849006585, 0.2508806929189384, 0.1763233652538221, 0.271474956926581], [0.3201303911920024, 0.24599952111667947, 0.09164252887064715, 0.34222755882067096], [0.2368091696096009, 0.29930212555118924, 0.1515388950248132, 0.3123498098143965], [0.21784752572759605, 0.28974646235106133, 0.24583267037088014, 0.24657334155046245], [0.16454581521103936, 0.29371612582085355, 0.23646842841323656, 0.3052696305548707], [0.1781217652543044, 0.2763672206426153, 0.27415008677867936, 0.27136092732440104], [0.22471487619934188, 0.2841652561314174, 0.23461319285667495, 0.25650667481256584], [0.20058462746316177, 0.27801709846300854, 0.22218410404743677, 0.299214170026393], [0.26928319732226125, 0.27899578289238197, 0.15836457632575796, 0.2933564434595989], [0.23435991567090697, 0.2528045842689525, 0.2456557945592704, 0.2671797055008703], [0.2679738721166879, 0.27609347345023677, 0.11341021114067905, 0.34252244329239634], [0.20452466201590386, 0.24078712312440217, 0.26892486786120373, 0.2857633469984906], [0.2146272626680272, 0.297914665160955, 0.14751938049255647, 0.3399386916784612], [0.27748712749154997, 0.2475631546055656, 0.18774199764267027, 0.2872077202602143], [0.23116121780423576, 0.2706014556053437, 0.13974963050233902, 0.35848769608808134], [0.21274652229875332, 0.33102610442576946, 0.24909665693359156, 0.20713071634188576], [0.2936430449733533, 0.21611132772039204, 0.1835274952647627, 0.3067181320414923], [0.25848604881442094, 0.28058830472032326, 0.119408422068916, 0.34151722439634], [0.18856488991041742, 0.291722585695514, 0.21884691394790626, 0.3008656104461623], [0.2931332985209898, 0.26378339613412083, 0.22125588393167867, 0.22182742141321088], [0.11714306028013012, 0.3035334807006031, 0.34075850390624585, 0.23856495511302098], [0.26968398366074203, 0.22705827808317416, 0.18797691469943467, 0.3152808235566489], [0.2489828151313016, 0.24336517994899268, 0.17380631402603236, 0.33384569089367316], [0.2154293289229684, 0.26859876086663104, 0.17347020365094806, 0.3425017065594525], [0.24890184619922354, 0.26087772988677166, 0.13213532043188633, 0.35808510348211847], [0.3308584839141, 0.25038374739373503, 0.1581174515879002, 0.26064031710426466], [0.29654839677303696, 0.2544602382299398, 0.09988501133534161, 0.3491063536616815], [0.24791970432244287, 0.3045507438738573, 0.2026787575417644, 0.24485079426193526], [0.2121222407488196, 0.2835417137876132, 0.32831308451514873, 0.17602296094841838], [0.22504840118273778, 0.314559457130129, 0.13534532498573673, 0.3250468167013966], [0.3729560345648089, 0.18608679823933846, 0.08791240755390463, 0.35304475964194804], [0.2565790300909929, 0.29129080364722176, 0.19337968675889203, 0.25875047950289276], [0.212917522193417, 0.25624232766433813, 0.2597519774391735, 0.2710881727030711], [0.22557025402765266, 0.2565217975701993, 0.1828392510235107, 0.3350686973786373], [0.3063929737941852, 0.23734379098850683, 0.0849036622536511, 0.37135957296365674], [0.1817748610956264, 0.3237278892991162, 0.22212500719625172, 0.2723722424090056], [0.21412428754831947, 0.2972115154190065, 0.22472401460154887, 0.26394018243112494], [0.31073071180414064, 0.2505672536466614, 0.1010383749770876, 0.33766365957211036], [0.24418284733822643, 0.2657116665464656, 0.20598364590600712, 0.2841218402093007], [0.2714204574554016, 0.2230138954723336, 0.19042427169629483, 0.31514137537597026], [0.17291547349985778, 0.27382289558000245, 0.21898458279157473, 0.334277048128565], [0.21392280164299105, 0.2875810530317297, 0.09906679725172637, 0.39942934807355285], [0.26535788783492664, 0.24287861790671103, 0.10544656120478907, 0.3863169330535734], [0.2329920398967645, 0.2693017009378549, 0.15216496311696573, 0.34554129604841516], [0.21263638256402778, 0.3076091912347417, 0.26197638092219866, 0.21777804527903208], [0.19184743848153918, 0.2745510536865045, 0.12167627656436426, 0.4119252312675919], [0.2781878677667414, 0.28251727752605094, 0.19059309089621362, 0.24870176381099393], [0.23669246563903235, 0.3009784884056978, 0.15840386082700764, 0.3039251851282619], [0.20288896575175144, 0.29866117226932715, 0.18158967615490806, 0.3168601858240134], [0.17375903680987295, 0.26273634845734295, 0.3461149811887897, 0.21738963354399427], [0.23430154851345997, 0.27590837974982707, 0.12303046145551876, 0.36675961028119397], [0.2008130954406032, 0.29544228147029455, 0.27016948286624504, 0.23357514022285727], [0.23880375393381228, 0.2542887829756931, 0.16262550047756288, 0.3442819626129318], [0.245073415041531, 0.269833615818293, 0.18106804908611593, 0.30402492005405996], [0.21616061185598612, 0.29154319416065044, 0.11256064862613081, 0.3797355453572328], [0.16019325931145478, 0.31005976506939154, 0.24314229185851796, 0.2866046837606358], [0.26633407627583744, 0.24866421253617693, 0.10400658326207106, 0.38099512792591467], [0.3027036645009598, 0.266189657604991, 0.11616755711478399, 0.31493912077926495], [0.28928823289525685, 0.2600745408816607, 0.07473330779916518, 0.37590391842391724], [0.19806125275482547, 0.3007377526756503, 0.28158388150401187, 0.21961711306551224], [0.22482044056393627, 0.2628310923564097, 0.25860340531908854, 0.2537450617605654], [0.1502107824198357, 0.33438203733806343, 0.2753177401668968, 0.24008944007520386], [0.3221209358076205, 0.21200918934168547, 0.13531089693671308, 0.33055897791398087], [0.2257704214215154, 0.2857973727797328, 0.12245478631131522, 0.3659774194874369], [0.2659202638021082, 0.2616741966186153, 0.11799008049110417, 0.35441545908817235], [0.1963245345547941, 0.2996108047983959, 0.17812307381628834, 0.32594158683052166], [0.21530715819357424, 0.2762812502261357, 0.1509188744372238, 0.3574927171430664], [0.23519015746392533, 0.2809313345784987, 0.20946735777835943, 0.2744111501792165], [0.24566820037184253, 0.2610344931306584, 0.15942698930009988, 0.33387031719739935], [0.3168707884640157, 0.25071297658099356, 0.1921819670699488, 0.24023426788504174], [0.17637198360684317, 0.305372824399746, 0.26246600785636554, 0.255789184137045], [0.299858035682368, 0.252044246619061, 0.13034437955867284, 0.3177533381398983], [0.3064287597514862, 0.22484442478840935, 0.17925658986419568, 0.2894702255959089], [0.21173176447293368, 0.28440741140155795, 0.19370786237401677, 0.3101529617514915], [0.27346160140288545, 0.2429242514666913, 0.1793899785263002, 0.3042241686041232], [0.1878953851680085, 0.28672391644096445, 0.15821611360013885, 0.3671645847908885], [0.25782161473733506, 0.27142053879354266, 0.20689591517720773, 0.26386193129191476], [0.3200616753200535, 0.2713372835886717, 0.11478995409352322, 0.29381108699775144], [0.259929365596983, 0.2517360542998096, 0.17210549256360208, 0.3162290875396049], [0.2976604844043916, 0.23966956640412465, 0.14652940287376442, 0.3161405463177196], [0.33456954601980565, 0.221989483343802, 0.10341563788909637, 0.34002533274729607], [0.2717955034484097, 0.27431750449054276, 0.18361136988835808, 0.2702756221726894], [0.2969992753380737, 0.26760706502164316, 0.11715249209311422, 0.3182411675471688], [0.27659503852810324, 0.2374713597379025, 0.08079069131185371, 0.40514291042214057], [0.148183730288095, 0.2759922349378811, 0.3427096550424273, 0.2331143797315967], [0.2610454234845864, 0.24469151963681132, 0.12786983627066772, 0.3663932206079342], [0.1018658550371063, 0.2537738032891412, 0.38282018788971234, 0.26154015378404016], [0.2811700311330118, 0.2902432753666793, 0.15686767232364157, 0.2717190211766673], [0.2567586682234178, 0.2765880403412243, 0.1645003517641661, 0.30215293967119167], [0.19743036551570056, 0.2863116659739048, 0.3132148165146906, 0.20304315199570414], [0.16377184459187802, 0.3143019917315682, 0.2391017305240858, 0.28282443315246836], [0.252722224197414, 0.2848527893607884, 0.10917474920404349, 0.3532502372377538], [0.2627867063001291, 0.2748186249939571, 0.1578536289774594, 0.30454103972845425], [0.25006768154307135, 0.2674372572386887, 0.15425063457388263, 0.3282444266443573], [0.2890255797218133, 0.2455158310395743, 0.14698086348004924, 0.31847772575856315], [0.22537300515125763, 0.2929441995343068, 0.21568198298501087, 0.2660008123294247], [0.19004486411404273, 0.26459676685336053, 0.3014042458776656, 0.24395412315493087], [0.2584933371469825, 0.2838636508960873, 0.22715018593725583, 0.23049282601967447], [0.1765019463390357, 0.3072342571575594, 0.2802020995876823, 0.2360616969157228], [0.22183681913920889, 0.29083031973114193, 0.1222458023257673, 0.365087058803882], [0.31100079046903245, 0.24896172201813627, 0.06757974874589948, 0.3724577387669318], [0.29687906841089795, 0.2561740420443412, 0.10196922699459726, 0.3449776625501632], [0.2292983996581316, 0.2939146558798565, 0.18036790384478874, 0.2964190406172231], [0.20944733597207532, 0.29680536819806824, 0.27315171146801726, 0.2205955843618392], [0.3108487329867489, 0.30125450543352156, 0.1535960733796446, 0.23430068820008487], [0.26862181680650826, 0.2852602333421884, 0.19009720086339157, 0.25602074898791155], [0.26269615202208685, 0.28177334376729996, 0.26828668900559444, 0.18724381520501918], [0.2834414766465357, 0.26486403350708193, 0.1422447254593159, 0.3094497643870664], [0.20812129335624205, 0.2696085247516175, 0.1483736825244789, 0.37389649936766134], [0.28320151586099923, 0.2227551481332235, 0.13082035926263966, 0.36322297674313764], [0.25388017779867134, 0.2771365348417234, 0.12764125002881815, 0.3413420373307872], [0.2567586631369121, 0.2750771172414634, 0.14341564039920687, 0.3247485792224176], [0.21139182309693408, 0.2784853527800044, 0.32324841531845117, 0.18687440880461015], [0.24755466576857912, 0.2738917960542192, 0.15012519594502577, 0.328428342232176], [0.27838392021909286, 0.2762066151596891, 0.14463198167760702, 0.3007774829436109], [0.2617262974833466, 0.30549732645596195, 0.08458422176748473, 0.34819215429320644], [0.18347124225164763, 0.30596185426072603, 0.2617359311334304, 0.24883097235419574], [0.25461856523744025, 0.26867953177392606, 0.1273994241625891, 0.34930247882604465], [0.26024261847115165, 0.2785975123901877, 0.20608489780859748, 0.25507497133006346], [0.200382141805949, 0.30448946310227654, 0.18261843284842777, 0.31250996224334654], [0.22075635715495873, 0.2792677930105355, 0.18423769080597382, 0.3157381590285319], [0.25526844710159147, 0.2560776628963754, 0.13924755433817373, 0.34940633566385937], [0.3076997528211871, 0.27921241181044726, 0.18131582088112772, 0.23177201448723814], [0.2029300084155019, 0.29661138229553013, 0.1738038141879319, 0.32665479510103623], [0.21685259375182342, 0.2776208461013959, 0.27827788036658463, 0.22724867978019586], [0.3272515056738064, 0.26892942551309035, 0.13836161259425214, 0.2654574562188509], [0.26822146525964136, 0.2627654872015558, 0.170959323540137, 0.29805372399866614], [0.2506813858753412, 0.28517359658214536, 0.12657390981838113, 0.337571107724132], [0.14317345804851211, 0.30450186175813515, 0.3014522437259253, 0.25087243646742746], [0.21083112299944182, 0.2702167229308071, 0.26889721737641564, 0.25005493669333534], [0.14102674053757364, 0.29739682403190676, 0.24757539929070854, 0.31400103613981084], [0.38266689993562714, 0.17421947766011447, 0.09976742926886692, 0.3433461931353918], [0.23407969595168168, 0.28861600735333975, 0.24443232226140135, 0.23287197443357763]]}, "rewritten": {"ids": ["97105960", "97107260", "97108520", "97110950", "97112830", "97113900", "97116800", "98106560", "98107340", "98107410", "98108520", "98108970", "98109090", "98113881", "98116500", "99107500", "99108580", "99109370", "99109780", "99111620", "99112641", "99113260", "99119830", "99121440", "100109311", "100110260", "100117420", "101108460", "101109370", "101110150", "101111210", "101112690", "101113210", "101119030", "102109850", "102110240", "102112301", "102116500", "102121700", "103110050", "103110100", "103110840", "103111480", "103111540", "103112470", "103113101", "103113210", "103120531", "104109311", "104111531", "104112201", "104113380", "104113550", "104114240", "104116800", "104119290", "105110091", "105115680", "105117431", "105120621", "105121190", "106113260", "106113830", "106114011", "106117650", "106118161", "106118820", "106119990", "106121190", "107112850", "107113180", "107115250", "107118520", "107118780", "107119390", "108113480", "108113620", "108114040", "108114200", "108116120", "108116481", "108118291", "108118810", "108120260", "108120280", "108121351", "109115211", "109116170", "109116810", "109117630", "109118231", "109118701", "109119460", "109120621", "109121351", "110114561", "110114920", "110115710", "110117140", "110118111", "110119300", "110121500", "111114171", "111114321", "111114941", "111115620", "111115770", "111115780", "111116040", "111116170", "111116411", "111117480", "111118810", "111119300", "111119340", "111119580", "111120540", "111121220", "112116501", "112116610", "112116800", "112116850", "112116900", "112117580", "112118161", "112118581", "112118701", "112118930", "112119320", "112119500", "112119610", "112119950", "112119980", "112121010", "113118111", "113118870", "113119360", "113120280", "113120591", "113121950", "113122230", "113122430"], "labels": [2, 2, 2, 3, 2, 2, 0, 1, 0, 3, 2, 3, 1, 3, 2, 0, 0, 1, 2, 3, 1, 0, 1, 2, 1, 3, 2, 0, 1, 1, 2, 1, 3, 3, 1, 3, 1, 1, 1, 3, 1, 1, 0, 1, 1, 3, 3, 3, 3, 0, 0, 1, 1, 0, 1, 1, 0, 2, 1, 1, 2, 3, 1, 1, 1, 3, 3, 0, 2, 1, 3, 2, 2, 1, 2, 0, 3, 0, 0, 1, 0, 3, 1, 1, 3, 3, 0, 0, 3, 0, 1, 3, 1, 1, 0, 0, 3, 2, 3, 1, 1, 3, 3, 1, 0, 1, 3, 1, 0, 0, 0, 1, 0, 1, 3, 3, 1, 3, 3, 1, 0, 0, 3, 0, 0, 1, 0, 1, 1, 2, 0, 0, 0, 2, 1, 0, 0, 0, 0, 3, 1, 2], "predicted_labels": [2, 2, 0, 0, 1, 0, 0, 3, 3, 0, 0, 1, 3, 1, 3, 1, 2, 3, 1, 3, 0, 0, 1, 1, 3, 0, 2, 0, 1, 1, 3, 1, 1, 0, 1, 0, 3, 0, 0, 1, 0, 1, 0, 1, 0, 0, 0, 1, 3, 3, 0, 0, 0, 1, 0, 1, 1, 1, 1, 3, 1, 1, 1, 0, 1, 1, 3, 3, 2, 1, 2, 1, 1, 0, 2, 1, 1, 3, 0, 0, 0, 3, 3, 0, 3, 3, 3, 3, 1, 0, 1, 3, 0, 0, 1, 0, 3, 0, 1, 3, 1, 0, 3, 1, 3, 0, 3, 1, 0, 1, 0, 0, 0, 3, 3, 0, 1, 3, 3, 0, 1, 3, 3, 3, 0, 1, 1, 0, 1, 1, 0, 0, 3, 1, 3, 3, 0, 0, 3, 3, 1, 1], "confidence_scores": [[0.24684105292175113, 0.26836103689020097, 0.2670520967983788, 0.21774581338966925], [0.1276704724120925, 0.2630998419123708, 0.3936317996941618, 0.2155978859813753], [0.28253509271765226, 0.2780143628892247, 0.18840539572956883, 0.25104514866355426], [0.3128891736505296, 0.21938957331395295, 0.15374870920223185, 0.31397254383328516], [0.2654923601160362, 0.27968427027994885, 0.18918225377004316, 0.265641115833972], [0.31721881622750403, 0.28024805550471843, 0.16647219689089932, 0.23606093137687856], [0.3123110413012725, 0.2583319919813193, 0.18931118297795152, 0.24004578373945654], [0.2669256954429528, 0.24760213677059653, 0.1526766179214035, 0.332795549865047], [0.24496260559787508, 0.24431718086924545, 0.22213708976378524, 0.28858312376909423], [0.3600664079381983, 0.21711586570286598, 0.12718634904777712, 0.29563137731115857], [0.31520363792421424, 0.25950789745756736, 0.11768118736799993, 0.3076072772502185], [0.19957180734779978, 0.32395360089390846, 0.20925693180786833, 0.26721765995042346], [0.21773960224643607, 0.2539234095178733, 0.24562403770116276, 0.2827129505345277], [0.2596416688943825, 0.26936640352637403, 0.22080191777616764, 0.25019000980307593], [0.26203854267586846, 0.2749035595392672, 0.13372569779639146, 0.3293321999884729], [0.1716751193301906, 0.3245262403098895, 0.22761761901264976, 0.27618102134727013], [0.23186858972861527, 0.2764448896795832, 0.2745261596862834, 0.21716036090551843], [0.2597619750127149, 0.24832339774280857, 0.17037290226452487, 0.3215417249799518], [0.18727921040637088, 0.2984146834558108, 0.2532111963607792, 0.26109490977703875], [0.22820773587855903, 0.27380182816151666, 0.16510027414801692, 0.3328901618119076], [0.30730214846945136, 0.26315917406133366, 0.16243802386472891, 0.2671006536044858], [0.25427898572401947, 0.27336051511035453, 0.24574644076681224, 0.2266140583988137], [0.20909616391735822, 0.28945131010612274, 0.18973330125006352, 0.3117192247264553], [0.24609935325391344, 0.30633326918807885, 0.21939524330969307, 0.2281721342483143], [0.2734152848817656, 0.2535100306968429, 0.12262350743417483, 0.3504511769872166], [0.3151938824519556, 0.22339751236074554, 0.15389633562055927, 0.30751226956673966], [0.20098238789545791, 0.26288892409852027, 0.2819000290781216, 0.2542286589279001], [0.3090216140848313, 0.28288817341080746, 0.15307683975505165, 0.25501337274930935], [0.21722492224722595, 0.2940245539114009, 0.21683735008835195, 0.2719131737530208], [0.24792512827557311, 0.28135042696451584, 0.1853913817500438, 0.28533306300986727], [0.268989874018357, 0.2437985767001393, 0.15409639631692595, 0.3331151529645774], [0.26428294575338807, 0.28151927247821884, 0.19227332964241842, 0.26192445212597454], [0.25421341116435026, 0.2987592633544422, 0.1484478485312485, 0.2985794769499592], [0.31880344603128336, 0.23661315122915114, 0.14917633639952682, 0.29540706634003844], [0.22121252515962514, 0.29470879811167555, 0.26212969659216934, 0.22194898013652986], [0.3142904882300846, 0.2599857045654447, 0.14473073017703555, 0.28099307702743503], [0.2494886642367995, 0.2712975393670104, 0.17384702652293327, 0.30536676987325706], [0.23709862054454972, 0.2621441187298159, 0.2265756499575244, 0.2741816107681101], [0.2995271182462558, 0.2800488778270487, 0.14482650312245457, 0.275597500804241], [0.20542707012425604, 0.2933908483088163, 0.1986089243457635, 0.30257315722116424], [0.2988418860643024, 0.2589954877437143, 0.14398807747932837, 0.2981745487126551], [0.24571943814617295, 0.27277942906245045, 0.24164033179078587, 0.23986080100059107], [0.3031945577410696, 0.24091111816194055, 0.15756973175712172, 0.29832459233986824], [0.23169908324992788, 0.26871228940270514, 0.2242194451092046, 0.2753691822381625], [0.2789891257991935, 0.27017274165880917, 0.18183236837018385, 0.2690057641718134], [0.2835173309558504, 0.2775535726892431, 0.15300145977535226, 0.2859276365795543], [0.29291075430495966, 0.264876405402795, 0.19554616966572919, 0.24666667062651615], [0.24282821963572981, 0.2839366474380666, 0.14393963171770327, 0.3292955012085002], [0.3076630847346214, 0.24695396881556278, 0.09314707051508189, 0.35223587593473427], [0.2608915971518867, 0.26617988033854384, 0.13261560194091876, 0.3403129205686505], [0.3379890332086608, 0.23196845716994677, 0.11950507306659691, 0.31053743655479576], [0.2626193392459203, 0.2693738843861909, 0.1659690568604639, 0.3020377195074247], [0.2940574412445376, 0.21895737797331982, 0.19497432665284256, 0.2920108541292999], [0.2571212174703546, 0.2774365942508851, 0.17468994150837183, 0.2907522467703882], [0.26568409681921595, 0.25081931555708126, 0.19927283343251742, 0.28422375419118523], [0.18274021472418026, 0.28128336860129355, 0.2548710357930499, 0.281105380881476], [0.22686629884870635, 0.27557643946557175, 0.2094508239594015, 0.28810643772632083], [0.18223864101904677, 0.32772037782526786, 0.2251358189424663, 0.26490516221321886], [0.21224392203435608, 0.29889109216079507, 0.2306870042137683, 0.2581779815910803], [0.29548655651496863, 0.2426015278915583, 0.07613145356349527, 0.3857804620299777], [0.19277954971792374, 0.2926255288413047, 0.23932867533366114, 0.2752662461071103], [0.2795658757413902, 0.29076400043802225, 0.15032403355936438, 0.2793460902612227], [0.25111496691660695, 0.27459282609135316, 0.154235989664838, 0.32005621732720185], [0.3188419894975005, 0.2823711688642776, 0.15844116840724654, 0.24034567323097528], [0.25033230036472964, 0.27582173666688486, 0.18284138897614138, 0.2910045739922438], [0.25410937914273274, 0.2829736718209513, 0.18870462316485948, 0.27421232587145644], [0.24379891737535686, 0.28177486668925206, 0.11490822221080825, 0.35951799372458265], [0.23127318110384623, 0.2741547655222502, 0.1335487943052166, 0.3610232590686872], [0.14727853153836015, 0.28786685325146727, 0.2878833697537923, 0.27697124545638024], [0.2608553918890109, 0.29609204149727275, 0.1936144797875415, 0.24943808682617488], [0.2681334956989828, 0.2851425308813497, 0.2931899994439986, 0.15353397397566915], [0.24045336901058517, 0.27634785300515496, 0.22943903949180472, 0.2537597384924552], [0.24555641655767133, 0.2861512263794137, 0.21384774739220297, 0.2544446096707121], [0.2864006260760206, 0.2645860443425853, 0.12095569558572244, 0.3280576339956718], [0.21432546363414592, 0.26316043696377706, 0.28188073422348714, 0.24063336517858988], [0.20888559531505965, 0.27983963546447305, 0.21385654556747336, 0.2974182236529939], [0.2559286189597271, 0.2669162964058608, 0.18543790807947122, 0.291717176554941], [0.2609021138989117, 0.2532052392451877, 0.1920925755553361, 0.29380007130056407], [0.33557134299584873, 0.25142866721939144, 0.1631745728204685, 0.2498254169642914], [0.3392385652390873, 0.21267388316374494, 0.12154979201422013, 0.32653775958294745], [0.33025929065883775, 0.23675709140175014, 0.10009774941700948, 0.33288586852240276], [0.3017535650213119, 0.24070730493592404, 0.12193553086298436, 0.33560359917977994], [0.24637985172821353, 0.27482127571666537, 0.09704995697217232, 0.3817489155829488], [0.3320151151603767, 0.2678517041285946, 0.10704233789418895, 0.29309084281683995], [0.2852683310862814, 0.23742768470887327, 0.16323466452786506, 0.31406931967698015], [0.26154923608105346, 0.26619633318032376, 0.12332761864145729, 0.34892681209716586], [0.22918563846658607, 0.28032052892003134, 0.12395191764216353, 0.3665419149712188], [0.26055230210227176, 0.25989759630856835, 0.1307489235814157, 0.3488011780077442], [0.23197245032963387, 0.2971317205813131, 0.14464390670964092, 0.32625192237941186], [0.3228798637396061, 0.27143239244008466, 0.1753995349439583, 0.2302882088763507], [0.2573326067052438, 0.27496166101592506, 0.16629835589279982, 0.30140737638603105], [0.2621932063638986, 0.2697612709040366, 0.12564326430503567, 0.3424022584270289], [0.28563997861073764, 0.2647811104305145, 0.14227825424494644, 0.30730065671380113], [0.3281538111233162, 0.23352440392999774, 0.12936143332878156, 0.3089603516179044], [0.28260862477805004, 0.28243524696655714, 0.11777934578859152, 0.3171767824668013], [0.30967370108947556, 0.2527645457753556, 0.12673403188359084, 0.3108277212515778], [0.2841374658779833, 0.26157426127332567, 0.11212622530951802, 0.3421620475391728], [0.25899730872401716, 0.25946226854690585, 0.19993191493573195, 0.281608507793345], [0.2125431031385138, 0.29798652595497055, 0.16892981535493193, 0.32054055555158384], [0.2898954222540345, 0.2552956369976705, 0.11613723280395492, 0.33867170794434026], [0.2812758438905272, 0.27937926482581965, 0.1506447189715873, 0.28870017231206613], [0.32443979374610177, 0.2623075752995315, 0.11899693834960579, 0.2942556926047608], [0.296786754794176, 0.26209369633725654, 0.10093238948967607, 0.34018715937889143], [0.22927577008907832, 0.304482519150324, 0.24422785898845575, 0.22201385177214208], [0.286464122100901, 0.26983440399601877, 0.10634850923430626, 0.33735296466877396], [0.29452127537458733, 0.26424880916151505, 0.15525466062203225, 0.28597525484186526], [0.2451955279536245, 0.2560127086818476, 0.1674088081005451, 0.3313829552639829], [0.26464902227018616, 0.27218485871255627, 0.15143229563875016, 0.3117338233785075], [0.2943138464479137, 0.24758408419404687, 0.16082179555666865, 0.29728027380137084], [0.24659883175357064, 0.3242632526212565, 0.09142201129738296, 0.33771590432778986], [0.3589774332212467, 0.20073905968525196, 0.09114555917930024, 0.34913794791420133], [0.2887671453780492, 0.2714432898945248, 0.11717835093020978, 0.3226112137972163], [0.3339472454283281, 0.2568721012649357, 0.07964658916688289, 0.3295340641398532], [0.2781086320986167, 0.24661361612685628, 0.13389885710097024, 0.3413788946735569], [0.2701197641508061, 0.2828341258750391, 0.10694949009664331, 0.3400966198775115], [0.33848005900416633, 0.23641480119017447, 0.1678630742172525, 0.25724206558840684], [0.20562322364607194, 0.30222732232622623, 0.213166841816564, 0.27898261221113796], [0.3059380134969246, 0.2334996802350094, 0.09028556580146392, 0.37027674046660214], [0.2707930525542833, 0.2415139339542957, 0.11554987364740227, 0.3721431398440185], [0.2616354456203856, 0.27068602465571423, 0.22851384480471743, 0.23916468491918272], [0.21748584087465253, 0.29793668869794715, 0.17286990201421165, 0.3117075684131884], [0.20886911368444294, 0.277121378204458, 0.2129363266914734, 0.3010731814196258], [0.2884243319314383, 0.2478137384403859, 0.11233317187361502, 0.3514287577545609], [0.23905648830385012, 0.26753252543404527, 0.17109796545520006, 0.32231302080690444], [0.3068882752872212, 0.25919325259887527, 0.11900133212087168, 0.3149171399930321], [0.18374320908300013, 0.289944183068629, 0.2426410726452104, 0.28367153520316046], [0.23008297835423655, 0.29701266174608987, 0.1450171956704255, 0.32788716422924796], [0.2926605667037464, 0.2498348042340044, 0.12257948043632669, 0.33492514862592265], [0.18376229424894264, 0.281296746093094, 0.26909088746371856, 0.265850072194245], [0.19568833013917045, 0.3097557026132546, 0.25633720672944416, 0.23821876051813112], [0.2675192957594852, 0.2682780556420311, 0.20042096422254924, 0.26378168437593463], [0.33070077894066713, 0.24739040297123727, 0.09879604309668086, 0.32311277499141466], [0.2680748337479995, 0.2638034036584522, 0.1467652099622255, 0.3213565526313227], [0.25630658566939296, 0.2830989367203508, 0.17179036054917676, 0.2888041170610794], [0.268187655807535, 0.23926246003393992, 0.13105497291214704, 0.3614949112463783], [0.25691501591501736, 0.26035455267791663, 0.13935679006834023, 0.34337364133872594], [0.31759722450159306, 0.2465271569939622, 0.15810790959424068, 0.2777677089102038], [0.3767966368737165, 0.18496784675283476, 0.13031673168611047, 0.3079187846873386], [0.29853577529891867, 0.25929207836735846, 0.09243619418477349, 0.34973595214894926], [0.23253515188437449, 0.24723415970149248, 0.232627681699152, 0.2876030067149809], [0.21335293483161402, 0.2856590061516761, 0.2402816810224352, 0.26070637799427476], [0.20802445777381592, 0.30318704300180316, 0.1671030544244938, 0.3216854447998871]]}}