{"test": {"ids": ["104111780", "105110251", "105118230", "103109641", "99112300", "112117461", "108117360", "111116110", "107119130", "101112160", "113122150", "111118810", "106121220", "100115700", "98107010", "102110500", "110120560", "113117401", "105116441", "107114621", "105113480", "107113840", "108121410", "106120640", "105110091", "102112170", "100108490", "113122120", "105117431", "105112240", "111117000", "99109780", "97114170", "111119430", "108114270", "110118301", "97107950", "111116750", "113120601", "98110230", "111119610", "100111080", "105113260", "111117480", "113120280", "111116100", "109117630", "105115250", "108118810", "112118550", "108115570", "110114651", "107118520", "111121220", "113122320", "103113170", "102112301", "103110220", "99108460", "111118910", "98108970", "109117150", "102117351", "102116500", "104113240", "110118701", "98116500", "112118421", "98120010", "99105921", "101111990", "111119250", "101111310", "113122650", "108114220", "113117630", "113122510", "103111110", "108116120", "98106111", "107114780", "97107920", "98121790", "102109010", "103120531", "97110950", "113121980", "110114561", "110116290", "110117870", "111115400", "106114150", "108117610", "113121950", "105112130", "112117660", "110120190", "99108310", "110118930", "107113170", "112116401", "108114200", "112119320", "104114320", "101108370", "99119830", "111115780", "108118291", "110113591", "99107500", "102116340", "104119290", "104111620", "97108520", "99109161", "110119030", "103120780", "107114321", "113121220", "105115570", "102121700", "112116451", "101111140", "113117340", "100109910", "110115120", "98116090", "103110050", "107116501", "101115190", "98111670", "100108520", "101109000", "106115120", "97116401", "107120880", "111114321", "109115380", "112117030", "104111380", "108115970", "107113550"], "labels": [3, 0, 1, 1, 0, 0, 1, 3, 1, 3, 2, 0, 1, 1, 3, 3, 0, 3, 1, 0, 0, 3, 0, 3, 0, 3, 2, 1, 1, 1, 0, 2, 2, 3, 3, 1, 2, 3, 2, 3, 2, 0, 3, 1, 0, 3, 0, 2, 1, 3, 3, 3, 2, 3, 1, 3, 1, 2, 0, 0, 3, 2, 1, 1, 2, 3, 2, 3, 2, 1, 2, 1, 3, 2, 3, 0, 2, 3, 1, 0, 2, 0, 2, 1, 3, 3, 2, 0, 2, 3, 0, 1, 3, 3, 1, 0, 3, 2, 1, 0, 0, 0, 1, 2, 1, 1, 1, 3, 0, 0, 3, 1, 0, 2, 3, 0, 1, 0, 3, 0, 1, 0, 2, 2, 2, 0, 0, 3, 1, 1, 1, 2, 1, 1, 3, 1, 1, 3, 2, 3, 2, 0], "predicted_labels": [1, 1, 1, 0, 3, 3, 3, 3, 3, 3, 1, 3, 3, 0, 1, 0, 2, 1, 1, 3, 3, 1, 0, 3, 2, 3, 2, 1, 2, 1, 1, 1, 3, 3, 1, 3, 3, 0, 2, 3, 1, 2, 0, 3, 3, 1, 1, 1, 1, 1, 0, 3, 3, 1, 1, 1, 3, 3, 1, 0, 3, 2, 3, 1, 1, 3, 3, 0, 0, 1, 3, 1, 1, 1, 3, 3, 1, 3, 3, 3, 0, 3, 3, 1, 0, 3, 3, 1, 0, 1, 3, 3, 3, 2, 1, 1, 0, 3, 1, 0, 3, 0, 1, 3, 3, 3, 0, 3, 0, 1, 2, 3, 0, 1, 2, 1, 1, 3, 3, 1, 2, 1, 3, 3, 2, 3, 1, 3, 3, 3, 3, 2, 3, 0, 2, 3, 1, 2, 3, 0, 0, 3], "confidence_scores": [[0.243885950627497, 0.38462938527699425, 0.14439921881125117, 0.22708544528425767], [0.21876844535936035, 0.5454116267371475, 0.08499200896285287, 0.15082791894063918], [0.11951807831279558, 0.4203630667280344, 0.10347451102862804, 0.35664434393054184], [0.2945680851721849, 0.16725727389479428, 0.24487301788187377, 0.2933016230511471], [0.23273479307203115, 0.22364741480232095, 0.1989313949626239, 0.34468639716302396], [0.29129819869245993, 0.29442249714935065, 0.0987384065924344, 0.3155408975657549], [0.0927313671755413, 0.3278437146669233, 0.20200704952152299, 0.3774178686360125], [0.18861289234805748, 0.25857267006017226, 0.13963778556629708, 0.4131766520254733], [0.13657473680758334, 0.23545941398406015, 0.15949926605050502, 0.4684665831578516], [0.25984918612292435, 0.2268572129010453, 0.19362481140860272, 0.31966878956742756], [0.16383131896561975, 0.3042569953890346, 0.2360236242008688, 0.295888061444477], [0.20777413866149927, 0.28027331031517055, 0.10842367554370347, 0.40352887547962674], [0.19163106575167815, 0.34517625280492215, 0.06738744062546244, 0.3958052408179374], [0.33556549275796654, 0.1684524602981442, 0.21545260083737192, 0.2805294461065174], [0.29524857381620184, 0.3060801009900068, 0.14362059347577924, 0.25505073171801196], [0.4485217797570937, 0.1772452378256572, 0.17533262367163577, 0.19890035874561335], [0.12398017147419318, 0.23385743117836397, 0.3717739010003508, 0.27038849634709206], [0.12453815609455317, 0.3454684686475654, 0.3130886667338435, 0.216904708524038], [0.22894923283672478, 0.43514138514495565, 0.14819664955924303, 0.18771273245907666], [0.11590684226839609, 0.30337075714554895, 0.10473353961827364, 0.4759888609677812], [0.22385565368830312, 0.2935078107356747, 0.10209270318212661, 0.3805438323938958], [0.18209392970515864, 0.37512918235800413, 0.21376102946298906, 0.2290158584738482], [0.58600851162337, 0.19537120834043287, 0.11597251524248577, 0.10264776479371145], [0.2452383283604396, 0.3136459720563656, 0.09437386736644086, 0.34674183221675386], [0.24229052155970837, 0.2616810178162655, 0.3301160535885178, 0.16591240703550827], [0.2417288967204576, 0.1804468559152594, 0.2650515884514681, 0.31277265891281486], [0.1315550646289571, 0.2389717245832946, 0.3380924326579311, 0.29138077812981705], [0.23074676949678008, 0.36109148408387837, 0.15472983892041936, 0.2534319074989224], [0.13583255167492803, 0.34555556236241775, 0.3989886851746432, 0.11962320078801107], [0.11319245641153869, 0.5828624218214151, 0.07383383073689624, 0.23011129103015], [0.27261447738082767, 0.3709798916366111, 0.10502093389214193, 0.25138469709041955], [0.2706846652640963, 0.30851657449915104, 0.22499499601337486, 0.1958037642233777], [0.260294686981479, 0.21961387162436338, 0.16906968868743183, 0.3510217527067258], [0.1157921289464488, 0.24897686820914378, 0.11655332819099275, 0.5186776746534147], [0.23183045081234252, 0.35367028915805393, 0.20353989268008238, 0.21095936734952134], [0.19429824961903525, 0.32518480016982865, 0.13529075626396908, 0.345226193947167], [0.11942772018992605, 0.15567772446310335, 0.1515444560684283, 0.5733500992785423], [0.41818169017487633, 0.15536216164117378, 0.10253359238610585, 0.3239225557978441], [0.14876844026291627, 0.20679090118656482, 0.46810019018900384, 0.17634046836151515], [0.2158996525321883, 0.20027495376259447, 0.08559710484374942, 0.498228288861468], [0.1104764868659269, 0.6534786904873776, 0.14456567206996634, 0.09147915057672915], [0.2179677048939028, 0.20495008528036265, 0.37662542684061406, 0.20045678298512074], [0.39974180294839956, 0.17450472687099144, 0.11099496519100917, 0.31475850498959995], [0.2290999019503132, 0.21591318941579032, 0.10671900983238605, 0.44826789880151047], [0.2503421071613913, 0.08242457196780843, 0.048998486860061044, 0.6182348340107392], [0.1865337032972226, 0.43144119249668805, 0.08139830332092168, 0.3006268008851676], [0.2226719203229713, 0.4838755777900543, 0.13651100602026317, 0.15694149586671133], [0.19196948446922263, 0.41770853300755034, 0.17106201078540947, 0.2192599717378176], [0.17005943850616956, 0.38517358638849697, 0.08013053317898891, 0.36463644192634465], [0.2545051217839451, 0.35235644535274696, 0.08976751796029427, 0.3033709149030137], [0.30230697323471756, 0.23818472199217844, 0.23814738546242595, 0.22136091931067808], [0.15347831940880946, 0.19322282243646163, 0.05963924840308702, 0.5936596097516419], [0.12811191467278865, 0.3600498481604579, 0.07484355797316869, 0.43699467919358476], [0.10269455438562766, 0.54003478294281, 0.049762232292010454, 0.3075084303795517], [0.25817558351812414, 0.3303548795414169, 0.18028936361525177, 0.23118017332520716], [0.1878566350033801, 0.4823089909511464, 0.13466016691222749, 0.19517420713324624], [0.16020681706729542, 0.2765634468535757, 0.11031198596298616, 0.4529177501161427], [0.10587850774443604, 0.28703304575791927, 0.10601916081416855, 0.5010692856834762], [0.1427023390745398, 0.4560381472086329, 0.1353931474024027, 0.2658663663144245], [0.3220709179154086, 0.27865557886163705, 0.1919478844055829, 0.20732561881737166], [0.16165787681360894, 0.33435967453475773, 0.1544143645081514, 0.3495680841434819], [0.26579998801483046, 0.24793308105553943, 0.2967832291484412, 0.189483701781189], [0.28283091314868564, 0.24288142675185823, 0.11621976567659255, 0.35806789442286385], [0.183326827944545, 0.33914140118814456, 0.142962034225058, 0.3345697366422523], [0.212919167837956, 0.4074565162748812, 0.21414996917988938, 0.16547434670727346], [0.14960856948081563, 0.31018036375261504, 0.19425788916783443, 0.345953177598735], [0.11231611660260035, 0.3066471464183708, 0.09213513713308712, 0.48890159984594167], [0.3398488069733449, 0.2857414090760046, 0.1194983674442671, 0.2549114165063835], [0.30028046836195527, 0.21827788882078233, 0.2867018442291783, 0.19473979858808396], [0.19366763212718544, 0.3625579537245715, 0.27378335204982873, 0.1699910620984144], [0.13561460640721953, 0.20961734677127486, 0.2100948080017501, 0.44467323881975557], [0.11075094515073225, 0.48611749174230057, 0.14736084898062118, 0.25577071412634605], [0.25376416018261366, 0.3651310324436802, 0.14379367982229616, 0.2373111275514101], [0.26017233027818504, 0.31740969311089917, 0.1415875640288888, 0.2808304125820272], [0.2329851193770009, 0.22201324258053204, 0.2370150662886884, 0.30798657175377864], [0.13521804170782967, 0.2029587356755343, 0.07897157658408176, 0.5828516460325543], [0.21980477715430372, 0.3559048641630588, 0.20032343428498633, 0.22396692439765128], [0.21659015142537758, 0.2669773823552585, 0.08789061094943813, 0.4285418552699258], [0.1541848931500439, 0.2424406704387701, 0.06311872643587758, 0.5402557099753084], [0.22634108152198842, 0.27318143429966646, 0.07136761431683436, 0.42910986986151073], [0.32328116763362463, 0.27723935886443385, 0.21623236758506761, 0.18324710591687396], [0.2897674361292981, 0.16921893116617442, 0.11201902102973019, 0.4289946116747972], [0.24651544449984616, 0.23662575601993494, 0.18588199434472533, 0.3309768051354935], [0.26970067362595007, 0.4325579038398084, 0.09676010282450893, 0.20098131970973243], [0.3067282475023656, 0.289641321185054, 0.25631847470858327, 0.14731195660399707], [0.16807975037929657, 0.36044519372771533, 0.08273507051535454, 0.3887399853776336], [0.1865780463115262, 0.2904010147792135, 0.14667547499894573, 0.3763454639103147], [0.22735302479835062, 0.3440836921065034, 0.14450927260495047, 0.28405401049019563], [0.36858269785930026, 0.11632473999697372, 0.2612374735693515, 0.2538550885743747], [0.20583729570609371, 0.310608279372196, 0.1812448904340344, 0.3023095344876759], [0.2998209339721414, 0.2562012716863165, 0.11721183161869288, 0.32676596272284936], [0.14123176483918928, 0.19794133859675278, 0.08731034780922592, 0.573516548754832], [0.26376609679982915, 0.2667093758644409, 0.1377912659076935, 0.3317332614280366], [0.2896167333134557, 0.19421716995680732, 0.29900500050529893, 0.21716109622443808], [0.2310128039408406, 0.5216065683816934, 0.061596248387338196, 0.1857843792901278], [0.2307376602833382, 0.34357565913589194, 0.1600531492965697, 0.2656335312842001], [0.48014999551209653, 0.17547914174746915, 0.05281222655541725, 0.2915586361850172], [0.1363019811748896, 0.27411208930428727, 0.21572601833071378, 0.37385991119010936], [0.18890522393299414, 0.38062129731099054, 0.16407626200886657, 0.26639721674714895], [0.27858704998940625, 0.25524130257927347, 0.21609643479199117, 0.2500752126393289], [0.19677559614986598, 0.2560336535704006, 0.05909951565728548, 0.4880912346224481], [0.3583142213311679, 0.1926197057541806, 0.1455611978037189, 0.30350487511093266], [0.1095408470001493, 0.4734244831017685, 0.10489006021605561, 0.3121446096820265], [0.2783254426640553, 0.2973830320129139, 0.05970126161190057, 0.36459026371113035], [0.2900097280575705, 0.26621471221382365, 0.10597202117893281, 0.33780353854967304], [0.12610118719812982, 0.3190668771989186, 0.23337504352684302, 0.32145689207610867], [0.4435916497535537, 0.367888546657281, 0.0784487500074027, 0.11007105358176258], [0.24298684897840242, 0.18818196426723116, 0.15418133865776967, 0.41464984809659694], [0.37613537329616703, 0.21225748587846824, 0.17493266199607438, 0.23667447882929063], [0.1226039637533219, 0.3771743136081947, 0.15883697571607328, 0.34138474692241016], [0.18567342959108785, 0.22479347377788034, 0.44209862886804707, 0.14743446776298466], [0.0979857326374705, 0.3627441558527484, 0.08902361006451796, 0.4502465014452633], [0.40755412650830164, 0.21741304908712095, 0.1220211563899468, 0.25301166801463065], [0.22133526732557143, 0.46381243583684506, 0.10298615626202484, 0.21186614057555866], [0.2835270590202501, 0.17889987162074936, 0.3920339238407013, 0.14553914551829936], [0.29873134960326636, 0.34323393397085955, 0.09115271638881203, 0.26688200003706214], [0.2134229259130241, 0.3406786669506548, 0.16933884365559568, 0.27655956348072536], [0.11091729025461482, 0.26237361367540396, 0.21909847300310087, 0.40761062306688034], [0.2690702507085704, 0.09642669124662125, 0.07969682318780194, 0.5548062348570064], [0.11191969423643933, 0.50909944557083, 0.09803819150218547, 0.28094266869054535], [0.25671127397909616, 0.28748554542385013, 0.2920044124370714, 0.16379876815998243], [0.20072401232774256, 0.3538247351876816, 0.14364033905862472, 0.3018109134259512], [0.3005435387575114, 0.15708054652084297, 0.23408372682378226, 0.3082921878978634], [0.1530044670790042, 0.3511372826566053, 0.13408770263037817, 0.36177054763401234], [0.13100521407773388, 0.17278060343619714, 0.5342980984431014, 0.16191608404296745], [0.2357881992076809, 0.27546230227731144, 0.09413810982869361, 0.3946113886863142], [0.10586074810455805, 0.4022253967039518, 0.19963194706701423, 0.29228190812447596], [0.08315387635293195, 0.26215542097541084, 0.22017552925174014, 0.43451517341991713], [0.19627207158315532, 0.3097542679939454, 0.13424406331324135, 0.35972959710965796], [0.1707913731482997, 0.22403199838339197, 0.1984009507889803, 0.406775677679328], [0.13314204388825532, 0.19029858228662985, 0.3073732093699585, 0.36918616445515645], [0.25529770453620765, 0.22975426842830066, 0.2594267389454328, 0.255521288090059], [0.09502104099515686, 0.2538753411352984, 0.11373375097364619, 0.5373698668958985], [0.2988715842927582, 0.21602865255170403, 0.22925203479638862, 0.2558477283591492], [0.17462357165966494, 0.20746006927175376, 0.46901811631572743, 0.14889824275285382], [0.18770576396300287, 0.14490088828654174, 0.1820878585606413, 0.4853054891898141], [0.20348390297751295, 0.4245371217747976, 0.168814201764269, 0.2031647734834205], [0.2701625824024291, 0.21292142842031445, 0.2968225257558888, 0.22009346342136768], [0.1508607553592897, 0.21640743171377913, 0.10247481508980492, 0.5302569978371262], [0.3069459323382868, 0.23975895696480823, 0.2460476728070817, 0.20724743788982322], [0.3909316199462477, 0.286600577640227, 0.16311165410659642, 0.15935614830692876], [0.21436161451342992, 0.27731528967642033, 0.12898995126317636, 0.3793331445469735]]}, "rewritten": {"ids": ["97107920", "97107950", "97108520", "97110950", "97114170", "97116401", "98106111", "98107010", "98108970", "98110230", "98111670", "98116090", "98116500", "98120010", "98121790", "99105921", "99107500", "99108310", "99108460", "99109161", "99109780", "99112300", "99119830", "100108490", "100108520", "100109910", "100111080", "100115700", "101108370", "101109000", "101111140", "101111310", "101111990", "101112160", "101115190", "102109010", "102110500", "102112170", "102112301", "102116340", "102116500", "102117351", "102121700", "103109641", "103110050", "103110220", "103111110", "103113170", "103120531", "103120780", "104111380", "104111620", "104111780", "104113240", "104114320", "104119290", "105110091", "105110251", "105112130", "105112240", "105113260", "105113480", "105115250", "105115570", "105116441", "105117431", "105118230", "106114150", "106115120", "106120640", "106121220", "107113170", "107113550", "107113840", "107114321", "107114621", "107114780", "107116501", "107118520", "107119130", "107120880", "108114200", "108114220", "108114270", "108115570", "108115970", "108116120", "108117360", "108117610", "108118291", "108118810", "108121410", "109115380", "109117150", "109117630", "110113591", "110114561", "110114651", "110115120", "110116290", "110117870", "110118301", "110118701", "110118930", "110119030", "110120190", "110120560", "111114321", "111115400", "111115780", "111116100", "111116110", "111116750", "111117000", "111117480", "111118810", "111118910", "111119250", "111119430", "111119610", "111121220", "112116401", "112116451", "112117030", "112117461", "112117660", "112118421", "112118550", "112119320", "113117340", "113117401", "113117630", "113120280", "113120601", "113121220", "113121950", "113121980", "113122120", "113122150", "113122320", "113122510", "113122650"], "labels": [0, 2, 2, 3, 2, 3, 0, 3, 3, 3, 1, 0, 2, 2, 2, 1, 0, 2, 0, 3, 2, 0, 1, 2, 2, 2, 0, 1, 1, 1, 2, 3, 2, 3, 1, 1, 3, 3, 1, 3, 1, 1, 1, 1, 3, 2, 3, 3, 3, 1, 3, 0, 3, 2, 2, 1, 0, 0, 1, 1, 3, 0, 2, 0, 1, 1, 1, 1, 1, 3, 1, 0, 0, 3, 0, 0, 2, 1, 2, 1, 1, 0, 3, 3, 3, 2, 1, 1, 3, 3, 1, 0, 3, 2, 0, 0, 0, 3, 0, 2, 3, 1, 3, 1, 0, 3, 0, 1, 0, 1, 3, 3, 3, 0, 1, 0, 0, 1, 3, 2, 3, 0, 0, 2, 0, 0, 3, 3, 1, 2, 3, 0, 0, 2, 3, 3, 2, 1, 2, 1, 2, 2], "predicted_labels": [3, 3, 1, 3, 1, 3, 1, 1, 1, 3, 3, 1, 3, 0, 0, 0, 1, 3, 1, 0, 1, 1, 3, 1, 2, 2, 1, 3, 0, 3, 0, 1, 1, 0, 2, 1, 0, 3, 0, 0, 0, 3, 3, 3, 1, 3, 0, 1, 0, 0, 0, 0, 1, 2, 1, 3, 3, 3, 3, 1, 3, 1, 3, 1, 0, 1, 1, 1, 0, 0, 3, 0, 1, 0, 1, 3, 1, 1, 2, 3, 0, 1, 0, 0, 2, 3, 3, 3, 3, 3, 1, 0, 0, 0, 1, 3, 2, 3, 1, 0, 3, 1, 0, 0, 1, 3, 2, 1, 2, 0, 1, 3, 2, 2, 2, 0, 0, 1, 3, 1, 1, 0, 0, 3, 0, 3, 1, 0, 2, 1, 1, 3, 3, 3, 3, 0, 1, 3, 0, 3, 1, 1], "confidence_scores": [[0.2699524487277995, 0.18056330768777906, 0.0909816187710997, 0.4585026248133218], [0.1567782089939266, 0.22640269407929559, 0.1713073381209839, 0.4455117588057939], [0.3442440053777302, 0.3569112928555357, 0.12531947397883647, 0.17352522778789783], [0.10647251306279146, 0.24549985868907148, 0.1095401161496621, 0.5384875120984751], [0.15888427823422716, 0.34836045760265144, 0.15490841646579212, 0.3378468476973294], [0.19291802472961614, 0.17860564097616702, 0.21326524221698967, 0.41521109207722723], [0.25814929113553414, 0.2706764531898205, 0.21043135408724398, 0.26074290158740127], [0.19003806118101682, 0.40668358205303784, 0.17142985479761325, 0.23184850196833218], [0.22447288282243924, 0.39715135006048513, 0.25453868347093145, 0.1238370836461444], [0.30574809794444685, 0.1797832270388255, 0.20711652105323428, 0.30735215396349336], [0.10699742784610985, 0.1542221070706522, 0.21089466215743868, 0.5278858029257993], [0.19165107672093376, 0.2923626386188957, 0.28002872933829154, 0.23595755532187895], [0.20860158017968491, 0.3226479165070458, 0.08774732467372737, 0.38100317863954186], [0.6757192961888625, 0.12996903669028362, 0.112125326763342, 0.0821863403575119], [0.4267665990278095, 0.11947633554946803, 0.235866673626469, 0.21789039179625333], [0.39331720791439007, 0.3594965769931081, 0.10190002406203569, 0.1452861910304661], [0.13681713548479074, 0.48436810062683494, 0.1462740231484784, 0.23254074073989595], [0.1174111269474211, 0.2922473703127628, 0.16464463216804665, 0.42569687057176936], [0.26204451708195037, 0.5513346896089327, 0.06393792926077249, 0.12268286404834446], [0.41802628235488204, 0.2661704694481389, 0.20131048724370484, 0.11449276095327424], [0.19148185059075268, 0.48278549362973605, 0.05972040805409918, 0.26601224772541227], [0.26945202140076474, 0.3571907183236312, 0.1662988780050347, 0.2070583822705695], [0.1824006128118424, 0.28386010081290525, 0.15674380996852755, 0.37699547640672487], [0.1697301516790548, 0.2998457090167382, 0.2997031521793087, 0.23072098712489839], [0.2883748073154006, 0.15255542025413688, 0.38089992941696005, 0.17816984301350233], [0.15085527618752848, 0.24784167829785475, 0.4284514556855859, 0.17285158982903093], [0.1687481090772264, 0.4450147894397641, 0.2421599970343918, 0.14407710444861765], [0.23125948960864673, 0.2991707032261344, 0.15099319737087705, 0.3185766097943418], [0.3571956515645829, 0.21798692413742243, 0.08995722647789285, 0.334860197820102], [0.11739633798796861, 0.2989544594559488, 0.09137557868486383, 0.4922736238712188], [0.48571657966128473, 0.11875976414090768, 0.23728558633465868, 0.15823806986314898], [0.2706860563720824, 0.29897448616657335, 0.16137523482218472, 0.2689642226391597], [0.22162155085478497, 0.35703647983093756, 0.20059293784500845, 0.2207490314692692], [0.34472568727216923, 0.20582355455223236, 0.28056690212840896, 0.16888385604718947], [0.17434698580862978, 0.1817493020565045, 0.345859183383318, 0.2980445287515477], [0.33315568177465027, 0.42029597030429044, 0.07721121703628145, 0.16933713088477784], [0.33166075368397413, 0.2328849282898223, 0.1278784134285672, 0.3075759045976364], [0.1783748660060905, 0.14481504477731286, 0.1643927828270471, 0.5124173063895496], [0.3432057269262916, 0.3066216128639906, 0.13725301940691662, 0.21291964080280118], [0.650627612545255, 0.11147040364345182, 0.11008322447751295, 0.12781875933378037], [0.3266735895368966, 0.21535856623197505, 0.1987377969058763, 0.2592300473252521], [0.22126675101137167, 0.14233458426042164, 0.044293569527294234, 0.5921050952009124], [0.3171152351362073, 0.163246093714182, 0.15088860628061412, 0.36875006486899675], [0.17924491571334147, 0.2215923145428559, 0.2359338400951959, 0.36322892964860676], [0.07045094356524388, 0.5774835786107505, 0.1942607723236532, 0.1578047055003525], [0.11381686252866938, 0.28770026331875465, 0.29733657927414875, 0.30114629487842715], [0.2869736083925828, 0.26920617674654057, 0.2655904443359115, 0.17822977052496503], [0.2698724943829225, 0.41816730999395757, 0.17386439054170977, 0.1380958050814102], [0.3215212620867407, 0.3175919007517725, 0.19340003937974576, 0.1674867977817411], [0.34922188890739103, 0.26927479416463146, 0.0791360558038634, 0.3023672611241141], [0.40169456880474225, 0.19557764075911938, 0.1858807113846346, 0.2168470790515039], [0.622815972019495, 0.12215458002150228, 0.10424668877560911, 0.15078275918339365], [0.21910469338763758, 0.43091058838758645, 0.24653167335990453, 0.10345304486487152], [0.17063702156127386, 0.19187033324235936, 0.476540842749895, 0.16095180244647164], [0.17952286538588008, 0.4466272428375089, 0.11428219039133546, 0.2595677013852756], [0.2568535087186359, 0.22723399844904354, 0.10362549234828893, 0.41228700048403166], [0.21403144727799317, 0.21538747374858092, 0.1607329000818508, 0.4098481788915752], [0.14029292180020797, 0.25439360322306903, 0.061534508322166226, 0.5437789666545567], [0.2318628624675229, 0.2730970064978336, 0.09192710992928661, 0.40311302110535685], [0.11800116465172164, 0.5507834889933156, 0.07682200879989697, 0.2543933375550658], [0.31939610562500215, 0.11607834006810158, 0.06751286700558498, 0.49701268730131126], [0.15961893614602082, 0.447790226584768, 0.14260393059424917, 0.249986906674962], [0.25763997390491394, 0.2516688333259559, 0.12723589768724208, 0.36345529508188806], [0.15492774130543382, 0.49487282280973793, 0.11401270175813492, 0.2361867341266935], [0.2926576317363822, 0.239075499208249, 0.19032424550102556, 0.2779426235543434], [0.20107013765594334, 0.519062508421821, 0.1291112592960412, 0.1507560946261945], [0.16623504789541874, 0.3523621493354026, 0.15635831798383795, 0.32504448478534065], [0.22476358733763852, 0.32736563835052307, 0.12256009809131413, 0.32531067622052445], [0.36540768756514963, 0.1616144092892454, 0.22119106317991125, 0.2517868399656938], [0.3543970869866495, 0.3251657593755698, 0.1049913669522593, 0.2154457866855213], [0.19214765328067643, 0.1394677143680977, 0.07497898681888919, 0.5934056455323368], [0.36042527726775236, 0.25015356905994307, 0.2081374159248515, 0.1812837377474531], [0.16658904841580927, 0.3500151192701127, 0.2566664436364085, 0.22672938867766954], [0.3276840691058025, 0.2736918136297459, 0.1708565604133204, 0.22776755685113137], [0.2614473332548171, 0.2937549007303663, 0.2380851550530023, 0.2067126109618142], [0.1241589701268985, 0.3483016687977672, 0.05255050320147879, 0.4749888578738555], [0.19131424559621785, 0.329584903540618, 0.21247888456353908, 0.2666219662996252], [0.2017170300514832, 0.4554082635215349, 0.12167606853066379, 0.22119863789631816], [0.06719662458745398, 0.25266768173358345, 0.4779547647924638, 0.20218092888649888], [0.18259179752982643, 0.2877114563956699, 0.11974419630066045, 0.4099525497738431], [0.33599046131816385, 0.18473861403306452, 0.20959914418350856, 0.269671780465263], [0.23457838178350204, 0.3339704556301816, 0.23289265603382817, 0.19855850655248833], [0.3955148373199089, 0.2602390082232044, 0.19488970271242287, 0.14935645174446388], [0.5385090045629831, 0.24589577159171352, 0.09164748938673824, 0.12394773445856534], [0.262179566502791, 0.21834496173086027, 0.29051383857662477, 0.22896163318972396], [0.119045892639, 0.14854212031828187, 0.25041955218533685, 0.4819924348573813], [0.17430063835928247, 0.19134074053033492, 0.14928416003204045, 0.4850744610783422], [0.20960885182831085, 0.19438663939874112, 0.28366762337416995, 0.31233688539877835], [0.21882125110347136, 0.17158082629634713, 0.25476555107023763, 0.3548323715299441], [0.2206288768769922, 0.24246178902262186, 0.11755644563373259, 0.4193528884666534], [0.18192860246543122, 0.4475343800914763, 0.11706032134726929, 0.2534766960958233], [0.4520028922922461, 0.39259204030029016, 0.059017318974971485, 0.09638774843249216], [0.3057776286007469, 0.15717053615694043, 0.29995125951320506, 0.23710057572910762], [0.35222727222315053, 0.23215991427613725, 0.25627631621208613, 0.15933649728862617], [0.2167082384342456, 0.4269978450741254, 0.11275868540819184, 0.24353523108343722], [0.18927581452196665, 0.19541092737700214, 0.1549851685743673, 0.460328089526664], [0.2334842886313578, 0.20694623464070908, 0.36238615728257156, 0.19718331944536174], [0.22998992190487952, 0.26067966177847446, 0.0830120843678418, 0.42631833194880414], [0.2697954520375715, 0.4337091425938798, 0.08975872800069179, 0.20673667736785686], [0.32393093807909407, 0.1226542629363934, 0.3168018481923928, 0.2366129507921196], [0.21963370549737096, 0.2553876887169154, 0.13093188930262112, 0.39404671648309236], [0.27590678282033326, 0.30796796611505495, 0.16324269966914862, 0.2528825513954632], [0.42834102705873234, 0.18227722638875707, 0.22564995191599593, 0.16373179463651472], [0.47256304296437324, 0.18616833522135143, 0.20033740980510073, 0.14093121200917472], [0.18125955732136811, 0.5483333106328809, 0.042641211331179985, 0.227765920714571], [0.18503735080471306, 0.20786006005784421, 0.12553529814627273, 0.48156729099117], [0.18603285772582512, 0.26704229913308863, 0.3072584213240427, 0.23966642181704356], [0.20113077046467204, 0.44436844511626655, 0.13656861754880692, 0.21793216687025443], [0.1888829526671065, 0.11686290469966595, 0.41117548510078206, 0.28307865753244565], [0.5167830439135404, 0.19707835228576068, 0.11488963773513547, 0.17124896606556358], [0.16898096672912416, 0.4736972461831781, 0.1252249408854702, 0.2320968462022276], [0.17587732292355174, 0.17611390609445798, 0.12677390684769038, 0.5212348641342999], [0.2831318870215152, 0.1634476385956938, 0.3579471310146212, 0.1954733433681699], [0.1620109737771155, 0.19725096889333268, 0.370704577780713, 0.2700334795488388], [0.13499679999636824, 0.17347419006762912, 0.3602669562393828, 0.3312620536966198], [0.3158338301778134, 0.2676629466594766, 0.1284328427222871, 0.28807038044042305], [0.5078050798592532, 0.1951569054062783, 0.13297671283271253, 0.16406130190175586], [0.26063848222222347, 0.34735407743661123, 0.14623336446191268, 0.24577407587925265], [0.15082892761060646, 0.21209501721620655, 0.19280709202719865, 0.4442689631459883], [0.16126296154245606, 0.3595125537529244, 0.32062606519139647, 0.158598419513223], [0.3318824696818617, 0.3929226979595065, 0.051209177924610806, 0.22398565443402102], [0.34307285605900917, 0.31069320872477285, 0.08649685111430507, 0.25973708410191276], [0.4272243879488746, 0.2898853492148364, 0.16413473480168375, 0.11875552803460522], [0.18327061155497265, 0.3409126414214572, 0.13147467331829005, 0.34434207370528], [0.4044503595371152, 0.31652359776413996, 0.11273012222960102, 0.1662959204691438], [0.15304815197773786, 0.21637176222265772, 0.16902572258509935, 0.46155436321450505], [0.3489318495344499, 0.4423231128634914, 0.07645095082557521, 0.13229408677648344], [0.3501917916530373, 0.2655593705886631, 0.16137589489714096, 0.22287294286115877], [0.1850303021058359, 0.16718807850700557, 0.3368327244038831, 0.31094889498327544], [0.18097690669036634, 0.40522973496731235, 0.11451987584212617, 0.2992734825001952], [0.2625673920927153, 0.39725510282429993, 0.18358517161485816, 0.15659233346812654], [0.18746512817256447, 0.29316326560859607, 0.1299393767156439, 0.38943222950319556], [0.16893239215595435, 0.24727257681725623, 0.14799963585532055, 0.43579539517146887], [0.18439636670321152, 0.24991863631414787, 0.18787531348933328, 0.37780968349330735], [0.2269928995630577, 0.20693077399820528, 0.1588202098114934, 0.4072561166272436], [0.31760987089322185, 0.2784255220366623, 0.22198062990865444, 0.18198397716146153], [0.2780090280349812, 0.32948468306441053, 0.10973393972172306, 0.2827723491788854], [0.1636692721457534, 0.3165188137948318, 0.1484183572125696, 0.37139355684684516], [0.3244890494457438, 0.20771842351083736, 0.2987750474267098, 0.1690174796167092], [0.2024321143595569, 0.3420494745811654, 0.077788106210881, 0.3777303048483968], [0.1733115703777382, 0.32483919993340205, 0.2540007692412829, 0.2478484604475768], [0.16432739929693263, 0.41899338960723126, 0.2385667454697618, 0.1781124656260744]]}}