{"test": {"ids": ["105112100", "98111670", "107116300", "107120010", "105117200", "112117210", "102110890", "104111531", "104112201", "99108520", "111116411", "112121430", "112117431", "113120540", "112120990", "104111550", "97105580", "106114280", "107116340", "107119130", "110118701", "113119340", "112118161", "107113200", "108114040", "100111270", "99112641", "101110150", "109119460", "112119500", "108113700", "111119340", "112118930", "97116410", "103113210", "98106880", "109117080", "101111990", "97105960", "110117870", "102108621", "107116980", "110118930", "99121440", "107115140", "103112470", "102112301", "112118890", "103109791", "113122230", "99108460", "101110740", "113122190", "110115120", "104114740", "112119320", "98108370", "113120601", "107113170", "102113210", "112118860", "103111540", "103111990", "97111790", "101108460", "108115570", "97110950", "99110730", "107117630", "111119290", "108117451", "110116170", "108113760", "99108080", "99107660", "103113170", "99112531", "101112540", "113118820", "101112201", "110116290", "98116090", "111116290", "113117401", "107118120", "97118210", "98107340", "105113210", "102109010", "102113350", "98111231", "113118690", "99108710", "105116090", "99111000", "111119930", "109113931", "106118820", "109115211", "112116501", "111120640", "108121351", "113118870", "111121220", "111114321", "105115380", "97116500", "111117120", "109121640", "110120190", "111116750", "102118380", "100116500", "111119250", "111116170", "113122150", "109116810", "110120531", "113118231", "99117740", "113122650", "108114180", "102110750", "110120640", "112119450", "103113640", "104110960", "102111990", "97113900", "97114170", "112116401", "98111860", "98121790", "107114280", "113120531", "104116800", "98109570", "111120220", "101113210", "99112840", "111121351", "113122160"], "labels": [1, 1, 0, 1, 3, 1, 0, 0, 0, 2, 0, 2, 0, 3, 2, 1, 1, 3, 3, 1, 3, 0, 0, 0, 0, 2, 1, 1, 1, 2, 0, 3, 1, 3, 3, 0, 1, 2, 2, 3, 3, 3, 1, 2, 0, 1, 1, 3, 3, 1, 0, 3, 1, 0, 2, 1, 1, 2, 0, 3, 3, 1, 2, 2, 0, 3, 3, 3, 0, 3, 2, 0, 1, 3, 3, 3, 3, 2, 0, 0, 2, 0, 2, 3, 3, 2, 0, 3, 1, 3, 1, 3, 2, 1, 2, 1, 1, 3, 0, 3, 0, 3, 0, 3, 1, 1, 2, 2, 0, 3, 3, 1, 2, 1, 0, 2, 3, 0, 3, 2, 2, 1, 1, 0, 3, 1, 2, 2, 2, 2, 0, 0, 2, 3, 0, 1, 1, 3, 3, 2, 0, 3], "predicted_labels": [3, 1, 1, 0, 1, 1, 3, 1, 3, 0, 3, 0, 0, 0, 2, 1, 1, 1, 1, 1, 1, 0, 1, 1, 2, 1, 3, 3, 0, 3, 1, 3, 0, 3, 3, 1, 1, 1, 2, 3, 0, 0, 1, 1, 3, 1, 0, 3, 3, 1, 3, 2, 2, 3, 3, 3, 3, 1, 3, 0, 2, 0, 3, 1, 1, 3, 3, 1, 1, 1, 0, 3, 0, 0, 1, 1, 1, 3, 1, 1, 3, 1, 1, 1, 1, 0, 1, 0, 1, 3, 0, 1, 2, 1, 1, 1, 3, 3, 3, 1, 2, 3, 1, 3, 3, 3, 3, 1, 1, 1, 1, 1, 1, 3, 3, 0, 0, 3, 3, 3, 0, 3, 1, 3, 1, 0, 0, 0, 1, 3, 0, 1, 1, 1, 2, 3, 3, 0, 3, 1, 1, 1], "confidence_scores": [[0.21161487630271572, 0.3007461751668459, 0.18291452870086525, 0.3047244198295733], [0.23063609740126836, 0.3736174262981929, 0.1329143752528112, 0.2628321010477276], [0.19938780818937996, 0.33226712368063, 0.22299758313672613, 0.24534748499326386], [0.4062845207398817, 0.2236741898088411, 0.14186001531936882, 0.22818127413190847], [0.16515667372498408, 0.374209419941163, 0.1849370322225684, 0.2756968741112846], [0.16733536497726653, 0.33571067926156367, 0.25911813687600094, 0.23783581888516905], [0.2148209470767384, 0.2600933880562437, 0.2032040175072898, 0.32188164735972813], [0.22694210156608072, 0.3123779854936393, 0.15874356781652474, 0.30193634512375506], [0.2356647186587621, 0.29351658222077437, 0.14698398604445334, 0.3238347130760103], [0.3676185489462567, 0.27408415288590565, 0.14687227986693588, 0.21142501830090188], [0.18679986635128631, 0.23903968212120646, 0.17464978675105308, 0.39951066477645425], [0.3314813486310239, 0.2797368539318386, 0.12414824467266203, 0.2646335527644756], [0.31028537442791376, 0.2645100989056214, 0.13977871771214817, 0.28542580895431685], [0.3664869079724769, 0.24564606553235993, 0.16701453459884782, 0.22085249189631548], [0.18502265140771829, 0.2320611645698476, 0.3638106689232356, 0.21910551509919857], [0.23151353157278273, 0.340465479332767, 0.15653827069991133, 0.27148271839453886], [0.2592876772307006, 0.3733451279000524, 0.1663859309157397, 0.20098126395350735], [0.18955963692657474, 0.2861630140425824, 0.2724510485006181, 0.2518263005302248], [0.2804286782707951, 0.28226817425600187, 0.16494406819426555, 0.27235907927893743], [0.1674763694785703, 0.35332008958256955, 0.23240400970376968, 0.2467995312350905], [0.1974317127415157, 0.3448286021470192, 0.16370847891667373, 0.2940312061947915], [0.30570772254923206, 0.27342245320750075, 0.12737777919461316, 0.293492045048654], [0.2853487517437698, 0.33930847462057173, 0.1992273281498725, 0.17611544548578603], [0.2549797224940478, 0.299853713434955, 0.14969176993876512, 0.29547479413223193], [0.15703083148141603, 0.277373322449783, 0.31355355705690935, 0.2520422890118916], [0.17214980152120127, 0.3746607188275785, 0.2702518071838899, 0.18293767246733034], [0.2459076764117485, 0.3037341074698573, 0.14589992467469, 0.30445829144370423], [0.16840572604925103, 0.19953556172336737, 0.12481322580405665, 0.507245486423325], [0.49485699692137164, 0.20342340868307657, 0.10754837636017164, 0.19417121803538012], [0.24906677707115893, 0.24663268583750483, 0.23237148191667725, 0.27192905517465904], [0.2646666599685864, 0.28543012998161404, 0.19765165695010267, 0.25225155309969693], [0.17751839560937702, 0.1784859542471274, 0.09079326017086571, 0.55320238997263], [0.447165749159203, 0.2552316216179093, 0.12131051099231623, 0.17629211823057153], [0.2334332326854271, 0.26919371865921116, 0.16389104849424002, 0.33348200016112184], [0.22438906056342178, 0.24583241614774157, 0.18812592925777002, 0.34165259403106674], [0.18725578383342517, 0.3764554827629068, 0.1972768834764633, 0.23901184992720487], [0.2514142532851829, 0.2940752463409161, 0.23994025812638625, 0.21457024224751473], [0.2773032255607008, 0.2909638459029993, 0.16931981922358683, 0.262413109312713], [0.23893247352138147, 0.23925570071756655, 0.2619879732539319, 0.25982385250712003], [0.23514158198391152, 0.2980529349648654, 0.16289182119015655, 0.3039136618610665], [0.34604823815245106, 0.2319261175930548, 0.16447703382741827, 0.25754861042707594], [0.3492498835807669, 0.3031292310972827, 0.14313179999249062, 0.20448908532945967], [0.20500349558850442, 0.33383475535572366, 0.17833998121110767, 0.2828217678446642], [0.22534179722293898, 0.34467086412992226, 0.184465130488908, 0.24552220815823084], [0.2366621992574384, 0.2126451611811294, 0.241618185409045, 0.3090744541523874], [0.24987133278483245, 0.3240712802488594, 0.14186777295248634, 0.2841896140138217], [0.39746648419683145, 0.2450778871250196, 0.12989861457983606, 0.22755701409831297], [0.2434425303504506, 0.2868758849275355, 0.1298804113382717, 0.33980117338374205], [0.27452755823244573, 0.19557723716456543, 0.19175972377292338, 0.33813548083006556], [0.30618644951611645, 0.41418688287339017, 0.09609442851771123, 0.18353223909278218], [0.22172175879247308, 0.2504622067457351, 0.10690951829565923, 0.4209065161661327], [0.1613786924109232, 0.2852390969204958, 0.3257558294235042, 0.22762638124507675], [0.14497293117849386, 0.23026992287446438, 0.39586989194734346, 0.22888725399969834], [0.23314868307711573, 0.30182134396705074, 0.16008361849768094, 0.3049463544581526], [0.1995555639172072, 0.30806635595465925, 0.18157379297962117, 0.3108042871485124], [0.19056557088056303, 0.24995277203263463, 0.16536687198337358, 0.3941147851034289], [0.14112886725937335, 0.23250828229217285, 0.21656140757976317, 0.4098014428686907], [0.24265538261870437, 0.29729500884441307, 0.246740206645517, 0.21330940189136563], [0.24681784721408226, 0.18230759725289808, 0.14712227895064622, 0.4237522765823735], [0.31944793714320385, 0.2485045565834532, 0.11512277270660427, 0.3169247335667388], [0.2127641496061275, 0.19415257442301992, 0.3613047381059399, 0.23177853786491287], [0.39966375519864294, 0.2020596237416941, 0.1946224358604481, 0.2036541851992149], [0.1979606987740704, 0.2632054548057088, 0.19927353656556562, 0.33956030985465513], [0.25494424565504925, 0.28725957545159075, 0.23025305283843897, 0.22754312605492105], [0.2055748823131057, 0.41449475483572407, 0.1616086214133742, 0.2183217414377962], [0.21588693483085278, 0.30631185168050973, 0.15047895415327892, 0.3273222593353586], [0.3119620446785681, 0.22997162174337354, 0.10419486621345557, 0.3538714673646029], [0.15991173449696472, 0.4592233321953735, 0.1170778818874282, 0.2637870514202336], [0.2805739964175592, 0.2919796317607645, 0.20962718979746733, 0.217819182024209], [0.1452973917340854, 0.3699895876805133, 0.210984151172341, 0.27372886941306035], [0.28258159829167406, 0.2678227684928494, 0.17629401441604628, 0.2733016187994302], [0.18490838493554515, 0.23320400722930962, 0.26707014925292083, 0.31481745858222443], [0.41268968995685834, 0.15634480798310452, 0.15551942931805235, 0.27544607274198496], [0.38498626341786973, 0.20716229435229092, 0.2062569261219996, 0.20159451610783985], [0.17873962016131706, 0.3174738013258015, 0.2524973797246015, 0.25128919878828], [0.19552661081109887, 0.4023949559113802, 0.151816913387426, 0.250261519890095], [0.2836564938658482, 0.3138929290773653, 0.19271365143176283, 0.20973692562502372], [0.16125296069454562, 0.3143145072021547, 0.14250373171933098, 0.3819288003839687], [0.23996574025150175, 0.37632967650285426, 0.1093203901904582, 0.27438419305518585], [0.28284015310263383, 0.3098394686367443, 0.15390211496545106, 0.253418263295171], [0.18262385570451295, 0.2839844372867602, 0.24240488990871129, 0.2909868171000156], [0.28343404079320145, 0.36784277185698977, 0.13947329555211693, 0.20924989179769204], [0.27651189801297604, 0.2849649495855822, 0.1844726373428345, 0.2540505150586072], [0.294289307825827, 0.3106952126047347, 0.14804170045577256, 0.2469737791136659], [0.25591032188864765, 0.30414789876524995, 0.15871564696139362, 0.2812261323847088], [0.3426220186553541, 0.25054590405346666, 0.17275405272829258, 0.23407802456288665], [0.21519673332517603, 0.2801650342611951, 0.25825921517591927, 0.2463790172377096], [0.3526932254228402, 0.2417568564813148, 0.1609612921592448, 0.2445886259366003], [0.28171059352815453, 0.293785659390189, 0.16187535017807775, 0.2626283969035786], [0.26127923528135466, 0.2710109275071142, 0.18379631349542175, 0.2839135237161093], [0.357397373477883, 0.3102275360383283, 0.15389915578212254, 0.17847593470166628], [0.30848695991894326, 0.3188892264616897, 0.13272087896320572, 0.23990293465616144], [0.1412070453515943, 0.3025805089941374, 0.34117480082267865, 0.2150376448315897], [0.237426195115425, 0.3477458693247938, 0.2336157501700158, 0.18121218538976544], [0.19395336979985012, 0.36724534313140605, 0.2081893448489978, 0.23061194221974612], [0.26046100847462417, 0.2990068734394441, 0.19720438574872662, 0.2433277323372054], [0.2574647053440683, 0.1697094010948968, 0.21674616337118074, 0.3560797301898542], [0.17923303930954368, 0.2680903525336699, 0.1608857595838377, 0.39179084857294877], [0.19918725588677266, 0.26973791316843954, 0.22471776249177858, 0.3063570684530093], [0.28142275583337023, 0.3051026144440038, 0.13925662901193372, 0.27421800071069213], [0.15097392888237923, 0.22822924990262425, 0.4321432150259078, 0.18865360618908866], [0.15066437567204985, 0.2458228785668843, 0.14405887504777967, 0.45945387071328636], [0.1613392635224578, 0.4410327253650089, 0.19135931282218044, 0.2062686982903528], [0.155525690903753, 0.2590532249110151, 0.10170261648264502, 0.483718467702587], [0.2286801614435581, 0.266940447574011, 0.22854614819679728, 0.27583324278563354], [0.18996973973171266, 0.24949909672321105, 0.24309633408505135, 0.31743482946002505], [0.2854327547139644, 0.20376501345408976, 0.20306523012103558, 0.30773700171091023], [0.18369683717313937, 0.32941474763738876, 0.17490432261272826, 0.31198409257674375], [0.24275011742515626, 0.35359810942823044, 0.14170236644549972, 0.26194940670111366], [0.23628000681221945, 0.3185949216912748, 0.17388188767102883, 0.27124318382547685], [0.2940185720350924, 0.3199837500771286, 0.1326491016853135, 0.25334857620246554], [0.2040263316987433, 0.3179325735982048, 0.2579928541626586, 0.22004824054039343], [0.20683599347809165, 0.32036077263232016, 0.21338015036715385, 0.2594230835224345], [0.1788053329559032, 0.2263600084690544, 0.26971091553525833, 0.32512374303978414], [0.1562862722325234, 0.29051585555287457, 0.09797911315700493, 0.455218759057597], [0.2958345143427526, 0.2593248115307191, 0.18512984899466842, 0.2597108251318601], [0.3593472747569941, 0.27293131844794266, 0.10419731476061021, 0.2635240920344531], [0.29551006390935136, 0.2841766759265278, 0.1127693910671964, 0.3075438690969244], [0.21262814543687494, 0.22980107227230637, 0.22373894265693642, 0.33383183963388235], [0.17722326797316404, 0.27917780013536514, 0.24666455262463285, 0.296934379266838], [0.40015386589687174, 0.27546666790061947, 0.14825406789752918, 0.17612539830497956], [0.1822385975010107, 0.13514433582918123, 0.13443690320705745, 0.5481801634627508], [0.17615379515890006, 0.3806025993252074, 0.2007066199794328, 0.24253698553645983], [0.17779317581351672, 0.2523997092086665, 0.2418919016771362, 0.3279152133006807], [0.21593430354367335, 0.3205408791219866, 0.17914790441743275, 0.28437691291690737], [0.3939965855197271, 0.28987906917533396, 0.11196884136289222, 0.20415550394204665], [0.3731517929861235, 0.2825132698630137, 0.12987911092622256, 0.2144558262246403], [0.3101689511994737, 0.26629658289658215, 0.17187892539230956, 0.2516555405116347], [0.23425927461441595, 0.33059998938741636, 0.18953061991401163, 0.245610116084156], [0.2686499155100731, 0.27150028005797827, 0.16392812131467852, 0.29592168311727], [0.31864446895015214, 0.20964643945013164, 0.17629664660158167, 0.2954124449981345], [0.25922774001722343, 0.28964075507841225, 0.1762030844917559, 0.27492842041260857], [0.2578102777557351, 0.28346483312632287, 0.22127386162137774, 0.23745102749656427], [0.22612048564177387, 0.4215485049834429, 0.1278945155989768, 0.22443649377580638], [0.20075658363726412, 0.28402379162081703, 0.29604886398892477, 0.21917076075299416], [0.18672166813272634, 0.2621770008400882, 0.21065900348989033, 0.34044232753729503], [0.1475561744738014, 0.30406941103153196, 0.09003586985208527, 0.45833854464258145], [0.28705786473719064, 0.2619510416154535, 0.20845108406024096, 0.24254000958711483], [0.23537504702196424, 0.24448380034428255, 0.1457107810883508, 0.37443037154540243], [0.24861884885174687, 0.3870931114180308, 0.10347927474516957, 0.2608087649850528], [0.2659487015446092, 0.2953719453627803, 0.1635916255684363, 0.2750877275241742], [0.2373990553103251, 0.3177065339885223, 0.22183906771047557, 0.22305534299067697]]}, "rewritten": {"ids": ["97105580", "97105960", "97110950", "97111790", "97113900", "97114170", "97116410", "97116500", "97118210", "98106880", "98107340", "98108370", "98109570", "98111231", "98111670", "98111860", "98116090", "98121790", "99107660", "99108080", "99108460", "99108520", "99108710", "99110730", "99111000", "99112531", "99112641", "99112840", "99117740", "99121440", "100111270", "100116500", "101108460", "101110150", "101110740", "101111990", "101112201", "101112540", "101113210", "102108621", "102109010", "102110750", "102110890", "102111990", "102112301", "102113210", "102113350", "102118380", "103109791", "103111540", "103111990", "103112470", "103113170", "103113210", "103113640", "104110960", "104111531", "104111550", "104112201", "104114740", "104116800", "105112100", "105113210", "105115380", "105116090", "105117200", "106114280", "106118820", "107113170", "107113200", "107114280", "107115140", "107116300", "107116340", "107116980", "107117630", "107118120", "107119130", "107120010", "108113700", "108113760", "108114040", "108114180", "108115570", "108117451", "108121351", "109113931", "109115211", "109116810", "109117080", "109119460", "109121640", "110115120", "110116170", "110116290", "110117870", "110118701", "110118930", "110120190", "110120531", "110120640", "111114321", "111116170", "111116290", "111116411", "111116750", "111117120", "111119250", "111119290", "111119340", "111119930", "111120220", "111120640", "111121220", "111121351", "112116401", "112116501", "112117210", "112117431", "112118161", "112118860", "112118890", "112118930", "112119320", "112119450", "112119500", "112120990", "112121430", "113117401", "113118231", "113118690", "113118820", "113118870", "113119340", "113120531", "113120540", "113120601", "113122150", "113122160", "113122190", "113122230", "113122650"], "labels": [1, 2, 3, 2, 2, 2, 3, 2, 2, 0, 0, 1, 1, 1, 1, 0, 0, 2, 3, 3, 0, 2, 2, 3, 2, 3, 1, 2, 2, 2, 2, 2, 0, 1, 3, 2, 0, 2, 3, 3, 1, 1, 0, 2, 1, 3, 3, 1, 3, 1, 2, 1, 3, 3, 1, 2, 0, 1, 0, 2, 1, 1, 3, 1, 1, 3, 3, 3, 0, 0, 3, 0, 0, 3, 3, 0, 3, 1, 1, 0, 1, 0, 1, 3, 2, 3, 1, 0, 3, 1, 1, 0, 0, 0, 2, 3, 3, 1, 3, 0, 0, 1, 0, 2, 0, 3, 2, 1, 3, 3, 1, 3, 0, 3, 0, 0, 3, 1, 0, 0, 3, 3, 1, 1, 3, 2, 2, 2, 3, 3, 3, 0, 0, 0, 0, 3, 2, 2, 3, 1, 1, 2], "predicted_labels": [0, 3, 3, 1, 1, 1, 1, 0, 1, 1, 1, 0, 3, 1, 1, 1, 1, 1, 1, 0, 0, 0, 1, 1, 1, 1, 0, 0, 0, 1, 1, 3, 1, 3, 1, 1, 1, 1, 3, 0, 1, 1, 3, 1, 3, 1, 1, 1, 3, 0, 1, 0, 1, 1, 0, 3, 1, 0, 0, 3, 1, 3, 3, 1, 3, 1, 1, 1, 3, 1, 1, 3, 1, 1, 0, 0, 3, 1, 0, 0, 3, 3, 3, 1, 3, 1, 3, 3, 0, 1, 0, 1, 3, 3, 3, 3, 1, 1, 3, 1, 1, 3, 3, 1, 3, 0, 1, 3, 3, 3, 0, 1, 3, 3, 1, 3, 1, 1, 1, 0, 2, 3, 1, 1, 1, 0, 1, 0, 0, 0, 0, 1, 1, 1, 1, 3, 1, 1, 1, 3, 1, 1], "confidence_scores": [[0.3039404686299022, 0.28394246552700547, 0.14817809795191605, 0.2639389678911762], [0.23929927329705078, 0.2973717030243436, 0.11902231163488503, 0.34430671204372054], [0.2642544765798057, 0.26247359658350894, 0.17179490262959232, 0.30147702420709305], [0.27395117529848206, 0.27834503478467143, 0.2115589922078215, 0.23614479770902497], [0.23816585985764152, 0.3653048150239409, 0.16566049699730614, 0.23086882812111145], [0.2530587594193526, 0.31162845790390287, 0.171364868397767, 0.26394791427897757], [0.17778442435344324, 0.4728059017456554, 0.1396945398009234, 0.20971513409997797], [0.28572064786894047, 0.2575783040336089, 0.2040220093609452, 0.2526790387365055], [0.23379853797883995, 0.32196291351435824, 0.24211992857594544, 0.2021186199308564], [0.17039638662278217, 0.31082240425558133, 0.22193667811154275, 0.29684453101009367], [0.22373809611410356, 0.3341893991954088, 0.19657533224482815, 0.24549717244565938], [0.3309014582208435, 0.28084905637925134, 0.19663898734287372, 0.19161049805703156], [0.1528494748355089, 0.29309990782117695, 0.18575881243531486, 0.36829180490799934], [0.2824635180185501, 0.4194348203241704, 0.13889620788428067, 0.15920545377299883], [0.26018352040881526, 0.38526141867225505, 0.11841520730624089, 0.23613985361268883], [0.20105260325274718, 0.4192104925909335, 0.13837245559654712, 0.24136444855977235], [0.25922720038099656, 0.29917002451152397, 0.2209737501076115, 0.22062902499986783], [0.16221223165071666, 0.5285944374907678, 0.13839792499099682, 0.1707954058675186], [0.24999731372535675, 0.3179491969283895, 0.1541136877836076, 0.27793980156264636], [0.39047108898371113, 0.24529312269258272, 0.1321036671983527, 0.23213212112535347], [0.46797104964722275, 0.23559883848446828, 0.10220075306260755, 0.1942293588057015], [0.33666218609299386, 0.31727097314075686, 0.13633691175154428, 0.20972992901470494], [0.19212013404072956, 0.3641014903386139, 0.22193464253134687, 0.22184373308930974], [0.18962975271765545, 0.37204695294184237, 0.13428249999885924, 0.30404079434164305], [0.2591910924352728, 0.378511787754613, 0.18394424533498058, 0.17835287447513368], [0.2501039284465037, 0.33849929374467164, 0.16760368143520718, 0.24379309637361754], [0.32540454906135, 0.3167860966080461, 0.16083355833485785, 0.19697579599574586], [0.3698117579949544, 0.3377245264892143, 0.08847261150809463, 0.20399110400773662], [0.2916491465045073, 0.2535559837583591, 0.200681730722642, 0.25411313901449184], [0.2551652362035262, 0.3506927858497033, 0.15651894706282068, 0.23762303088394982], [0.22430512543416514, 0.34711188053331715, 0.17821043984575882, 0.2503725541867589], [0.2025318316515065, 0.2396370750922586, 0.1820492468030532, 0.37578184645318186], [0.3257584622585032, 0.3605582554888394, 0.13371491735353283, 0.17996836489912468], [0.1849062004290108, 0.31411103922440564, 0.1340255672539782, 0.3669571930926055], [0.1580149451267741, 0.37154468009839053, 0.2407983286788549, 0.22964204609598038], [0.2751597450002479, 0.323291913631291, 0.14294784317309, 0.2586004981953713], [0.26251894276960397, 0.33478875129814845, 0.08894232528613132, 0.31374998064611603], [0.18666049329971507, 0.33303214690732036, 0.19100227773459355, 0.2893050820583711], [0.270793205029636, 0.306630085763155, 0.09607051401830213, 0.3265061951889071], [0.3468261800980814, 0.27301751711436195, 0.13792028742917015, 0.24223601535838651], [0.18208668414084953, 0.4306681195805593, 0.1180079076983694, 0.2692372885802216], [0.17005636860841084, 0.4118478623837208, 0.19526798332250878, 0.22282778568535963], [0.24523982659641905, 0.28224914167716514, 0.176510171035214, 0.29600086069120196], [0.2553848596100493, 0.3008572969661726, 0.19865498766221085, 0.24510285576156743], [0.22435738603969616, 0.32158188571994345, 0.11276459373643619, 0.3412961345039242], [0.32755690196281695, 0.3358361437980364, 0.1330848369597773, 0.20352211727936945], [0.22269922206014786, 0.31642241466177856, 0.173759447846711, 0.28711891543136264], [0.21456164908628936, 0.3365870195751108, 0.15462574837138385, 0.2942255829672159], [0.14181689421962473, 0.2658165737262643, 0.24592165404724906, 0.3464448780068619], [0.37069508757233366, 0.2932146582124313, 0.13180244290890422, 0.20428781130633086], [0.203599881229096, 0.38004730756803484, 0.1738379243345534, 0.24251488686831593], [0.2677507767537483, 0.2620415746695871, 0.20789216619940573, 0.2623154823772587], [0.1562620534325662, 0.3750859591165319, 0.2138271651243938, 0.2548248223265082], [0.2653550110486136, 0.31368834353608616, 0.113043705920639, 0.3079129394946614], [0.46284942658373723, 0.19674994441284557, 0.11360871354474082, 0.22679191545867644], [0.28364110917657837, 0.2811763722821827, 0.13713690237839163, 0.2980456161628473], [0.19487199668815766, 0.33209255754401906, 0.14387168885884793, 0.3291637569089755], [0.3834033942560464, 0.2721950427430668, 0.1159005799153829, 0.22850098308550396], [0.3055412557297105, 0.2993165052026613, 0.1382615698811337, 0.2568806691864944], [0.1929305208553625, 0.29049653880940834, 0.20258412270144296, 0.3139888176337863], [0.17479614701198248, 0.33583444854056155, 0.22792691939665824, 0.26144248505079765], [0.18212447062461828, 0.27496416458167294, 0.24259283592979203, 0.30031852886391674], [0.25693731636982226, 0.3005573148849197, 0.12792759212356447, 0.3145777766216937], [0.21759348078444943, 0.3072475045320311, 0.19084330180482706, 0.2843157128786925], [0.2492146803471552, 0.2721512770355566, 0.176273599696074, 0.30236044292121433], [0.22732816540822212, 0.33443099443911317, 0.15282619118145677, 0.28541464897120794], [0.297846809061755, 0.3042378595290553, 0.1037674915998224, 0.29414783980936726], [0.1850474848053645, 0.3543792984529226, 0.17493339301467306, 0.28563982372703994], [0.20140736582404897, 0.2646035067616282, 0.1140276629663466, 0.4199614644479763], [0.26329831329520365, 0.3163072877387958, 0.17593074107050619, 0.24446365789549443], [0.24807654042095165, 0.3681915363686619, 0.14525696264792112, 0.23847496056246548], [0.24256819989829206, 0.2763885840441558, 0.13925402351126656, 0.34178919254628554], [0.1845492695911586, 0.404267331466561, 0.1386236776230386, 0.2725597213192417], [0.19985565605418415, 0.32896611164526246, 0.24730439180832203, 0.22387384049223152], [0.3473923561081343, 0.24224549608745138, 0.16344101336418426, 0.24692113444023017], [0.3273451186734859, 0.30485845132916056, 0.14923567491628278, 0.21856075508107065], [0.2165252215245839, 0.2782700135902431, 0.20794721531650712, 0.2972575495686658], [0.21003589742985962, 0.3128683016560149, 0.1946896744706123, 0.28240612644351326], [0.37588055799074366, 0.26984356463273657, 0.17220391979397448, 0.18207195758254532], [0.28465549063547735, 0.27525320545708654, 0.19981998787683566, 0.24027131603060056], [0.23516781640805443, 0.21256189055940974, 0.23695760108880667, 0.3153126919437291], [0.18068993861884228, 0.3246999097535834, 0.15521248582389208, 0.33939766580368236], [0.20138885569813156, 0.261260650442434, 0.13172191042160283, 0.4056285834378316], [0.2440412968041864, 0.28545354134996476, 0.18775839440551212, 0.28274676744033683], [0.2317906487462826, 0.2655025698366739, 0.19312809009447449, 0.3095786913225692], [0.2843908115153425, 0.29948219990934366, 0.11726406799290501, 0.2988629205824089], [0.14983185250372866, 0.30958902449141795, 0.1924308578312538, 0.34814826517359965], [0.18888270731415435, 0.33465140308914987, 0.1293739040941564, 0.34709198550253956], [0.3488240431670432, 0.31235811603068364, 0.09600721783450641, 0.24281062296776687], [0.26028955941879284, 0.26645666055262596, 0.23203652761894278, 0.24121725240963846], [0.3195849764016269, 0.25111610651634214, 0.15613181563629602, 0.27316710144573486], [0.2697338131144852, 0.3692485846308029, 0.12646947350111512, 0.23454812875359682], [0.26191503048540504, 0.2812173948445101, 0.1567066714791157, 0.3001609031909692], [0.1950365779085194, 0.3196141526832988, 0.15499411076271205, 0.33035515864546994], [0.15846253866648433, 0.26448649042740136, 0.26216947319610395, 0.3148814977100104], [0.23691671385036858, 0.2676018656943757, 0.16409300821377185, 0.33138841224148397], [0.297773467262741, 0.3009476883988624, 0.12451078408887406, 0.27676806024952266], [0.19154474403157573, 0.37361862061640505, 0.18831767945950692, 0.24651895589251233], [0.27878124734478965, 0.21818861044357524, 0.14589918793357365, 0.35713095427806174], [0.23692512257944345, 0.3859444716981511, 0.20288470749527834, 0.17424569822712735], [0.2590116872281415, 0.3372666270144964, 0.14791657110211168, 0.25580511465525047], [0.20147565288850633, 0.2905302298570243, 0.2161114865776016, 0.2918826306768678], [0.1884738742660656, 0.34250735999059184, 0.12283768167458156, 0.3461810840687609], [0.25856136340047126, 0.2815601341572887, 0.2088634312671541, 0.25101507117508604], [0.19241835278334427, 0.22703994059494212, 0.1551130185377173, 0.4254286880839963], [0.36607863308615396, 0.25024969156335325, 0.09470597168166531, 0.28896570366882773], [0.2374149886402487, 0.3465702694932209, 0.16149040159337807, 0.2545243402731522], [0.21288642878938244, 0.31178632586869415, 0.15965714261422992, 0.3156701027276934], [0.16484916541828193, 0.27163667975025946, 0.18520919822796175, 0.37830495660349706], [0.16100037565611558, 0.3360084719583732, 0.13509671486271646, 0.36789443752279494], [0.3536187429749863, 0.2708600643491032, 0.17151496530024052, 0.20400622737567015], [0.2718624319773058, 0.3143687923867028, 0.15418226597515097, 0.2595865096608405], [0.21592668789203126, 0.26739265191135647, 0.2472397545108224, 0.2694409056857898], [0.15530728709289165, 0.20606340983178503, 0.1506241076995172, 0.4880051953758062], [0.20606817413273765, 0.3741022762553394, 0.18057209192360024, 0.2392574576883227], [0.2315419821731062, 0.19730601769037934, 0.13940083710142218, 0.4317511630350923], [0.12188590535603026, 0.6196357388591771, 0.07555069293564426, 0.18292766284914835], [0.14606340831719947, 0.4078524497550771, 0.22671391378961375, 0.2193702281381097], [0.20974489493279894, 0.36529436987927394, 0.13241339528301369, 0.2925473399049136], [0.3461412655684793, 0.20425861685630387, 0.17227555567641994, 0.27732456189879695], [0.14079456990209469, 0.25672432323913086, 0.44621854502833735, 0.1562625618304372], [0.17544194025609813, 0.32049552501170514, 0.132925708747665, 0.3711368259845317], [0.1929063175576262, 0.3909366855834426, 0.12588178040079478, 0.2902752164581363], [0.20460575215712162, 0.4125260068499248, 0.15908432932327374, 0.22378391166967992], [0.27047594743335956, 0.3420992100105001, 0.11351371990789498, 0.2739111226482454], [0.3210613911883364, 0.2684456152990847, 0.19026628631513975, 0.22022670719743914], [0.2572759779717867, 0.3806546436205201, 0.15229609667602648, 0.20977328173166662], [0.3454925378675796, 0.269169122126327, 0.11132353801558476, 0.2740148019905088], [0.30027784963652365, 0.28973836786948653, 0.14487234837436067, 0.265111434119629], [0.34938652944781246, 0.2438858118684407, 0.19128343369573825, 0.21544422498800864], [0.38533478555250744, 0.2932722751455392, 0.12205916946376108, 0.19933376983819232], [0.25613548319501644, 0.350427627755836, 0.10955969381633267, 0.283877195232815], [0.1763444878518799, 0.3979736348941417, 0.20051871188335593, 0.22516316537062242], [0.2705512692105424, 0.32863951582626094, 0.10820315600081463, 0.29260605896238207], [0.15014657091630693, 0.48113079763668504, 0.17429945800463992, 0.19442317344236815], [0.19788910692209583, 0.21606072415853236, 0.1306805072672589, 0.455369661652113], [0.17468153387480265, 0.36458898686700786, 0.24094818372625265, 0.21978129553193695], [0.30841585203815036, 0.3141388447896929, 0.1200000899704617, 0.25744521320169506], [0.18882489800110014, 0.30066206770745413, 0.21997968806472576, 0.29053334622672006], [0.19058948208022305, 0.2842208138821158, 0.18759252727923276, 0.33759717675842843], [0.20626427873519396, 0.3227758221800822, 0.15738197587317354, 0.3135779232115505], [0.19824850663797025, 0.35037941815534573, 0.1758195849707622, 0.2755524902359218]]}}