{"test": {"ids": ["113122120", "104114320", "100109801", "112116401", "108118520", "111117480", "108118291", "105113330", "111118301", "97116401", "101108580", "110114561", "101121640", "101111310", "106114150", "107114321", "104111990", "104113380", "112116880", "106111321", "112118511", "98112580", "97106820", "108120621", "112118421", "101110200", "107118520", "103111620", "103113260", "102113210", "111117120", "103111170", "102112030", "112120290", "104111620", "112116451", "97107260", "103113210", "109118701", "111119430", "112120540", "97109570", "104111550", "97114170", "110118740", "99112300", "109120150", "104111830", "98108370", "101111620", "113121220", "107119390", "113119480", "111114321", "109117271", "107114140", "112117790", "106115250", "108116481", "100109890", "97116790", "97107920", "99108710", "108115880", "106119260", "107120260", "98109311", "107116340", "108114200", "106121190", "111116040", "112119500", "98111670", "108117720", "99109370", "103112641", "111120190", "102108621", "111119340", "97111790", "104117630", "98111860", "112119120", "107118490", "112120990", "110120540", "111120220", "109117431", "109116441", "108117451", "105120621", "109113591", "100109330", "112118701", "101112540", "98107380", "113122320", "103113270", "106116820", "104112470", "108114670", "105113480", "111116010", "98116090", "102109910", "104111711", "111116411", "104113000", "107120880", "97116410", "113120260", "103118291", "108113740", "113121750", "109117730", "100108080", "107117010", "113119360", "99110730", "111121190", "112120270", "106118820", "108119550", "105113210", "99111930", "106116120", "107114621", "112116290", "98113881", "113121810", "105113190", "101108621", "106117650", "111119580", "105118740", "107121700", "112118820", "99108330", "103112470", "108120700", "107119950", "110119891"], "labels": [1, 2, 0, 0, 0, 1, 3, 3, 3, 3, 0, 0, 2, 3, 1, 0, 2, 1, 0, 0, 1, 2, 1, 1, 3, 2, 2, 0, 3, 3, 2, 2, 2, 1, 0, 0, 2, 3, 3, 3, 3, 0, 1, 2, 3, 0, 2, 3, 1, 3, 3, 2, 3, 1, 0, 2, 3, 2, 0, 3, 2, 0, 2, 3, 1, 1, 1, 3, 0, 2, 0, 2, 1, 1, 1, 3, 3, 3, 3, 2, 0, 0, 1, 2, 2, 1, 3, 1, 3, 2, 1, 3, 0, 0, 2, 1, 1, 2, 1, 1, 3, 0, 1, 0, 2, 1, 0, 1, 1, 3, 3, 0, 3, 0, 3, 0, 1, 0, 3, 1, 0, 3, 1, 3, 1, 1, 0, 0, 3, 2, 3, 0, 1, 3, 1, 3, 0, 1, 1, 2, 3, 3], "predicted_labels": [1, 1, 1, 0, 1, 1, 3, 0, 3, 1, 0, 0, 3, 1, 1, 3, 0, 3, 1, 3, 3, 1, 3, 3, 0, 1, 1, 0, 1, 3, 1, 3, 1, 2, 3, 0, 3, 1, 1, 1, 0, 3, 1, 1, 1, 1, 0, 3, 3, 0, 1, 1, 1, 1, 1, 1, 0, 1, 3, 0, 3, 3, 3, 1, 0, 1, 0, 1, 1, 1, 1, 1, 0, 3, 1, 1, 1, 0, 1, 3, 3, 3, 3, 1, 1, 1, 1, 1, 1, 3, 3, 1, 1, 3, 3, 3, 3, 1, 1, 3, 1, 3, 1, 1, 0, 1, 0, 3, 3, 1, 0, 1, 0, 1, 3, 1, 3, 1, 3, 1, 1, 1, 0, 1, 1, 3, 1, 1, 1, 1, 3, 1, 1, 0, 1, 1, 1, 1, 1, 3, 1, 3], "confidence_scores": [[0.24111215451215456, 0.28387864357864345, 0.2028061494061495, 0.27220305250305243], [0.23817988122988132, 0.2708008325008325, 0.238737506937507, 0.25228177933177937], [0.2490887168387168, 0.3107781607281607, 0.18598756243756256, 0.2541455599955601], [0.34342935479553116, 0.26316975524475533, 0.14497829033711393, 0.24842259962259974], [0.2585131812631813, 0.30156981351981377, 0.18107821067821084, 0.2588387945387946], [0.20782337662337677, 0.31231645021645027, 0.1755717671217672, 0.30428840603840607], [0.2858546065046064, 0.2269241425241426, 0.17103618603618606, 0.31618506493506504], [0.3494339715839717, 0.23891386946386958, 0.17205360195360198, 0.23959855699855706], [0.2626500444000445, 0.2603321289821291, 0.18350740020213716, 0.29351042641568964], [0.2303017632694105, 0.2826203313026843, 0.2597246808746811, 0.2273532245532246], [0.30157252469752466, 0.1813382284382285, 0.22555007215007222, 0.29153917471417456], [0.2858540126540127, 0.28336676656676657, 0.1564654401154402, 0.27431378066378065], [0.24232027417027424, 0.19950699855699858, 0.2678212842712843, 0.2903514430014431], [0.24354663669663673, 0.30113205683205685, 0.19372116217116217, 0.2616001443001442], [0.2659564935064935, 0.28138820068820075, 0.21418172383172399, 0.238473581973582], [0.21468091630591635, 0.2329407925407926, 0.19176379453879458, 0.3606144966144966], [0.290320462870463, 0.282215084915085, 0.19851334221334233, 0.22895111000111007], [0.2132648296148295, 0.29165955155955164, 0.17916255966255987, 0.3159130591630591], [0.19066948051948057, 0.36431955821955825, 0.18714371739371746, 0.257867243867244], [0.267831857031857, 0.26259052614052625, 0.1633803918303918, 0.30619722499722496], [0.22092502468291958, 0.25777736736947265, 0.16982542457542463, 0.3514721833721835], [0.22312514707514713, 0.2970679986679987, 0.21022886002886018, 0.26957799422799417], [0.2447756132756134, 0.23046962481962507, 0.19228711288711287, 0.332467649017649], [0.265233608058608, 0.26347977022977026, 0.16597226662226675, 0.30531435508935506], [0.3173492063492063, 0.2653561910311911, 0.16535646853146857, 0.25193813408813426], [0.2176589521589523, 0.3324751082251082, 0.1910335664335665, 0.25883237318237334], [0.21500504495504505, 0.30746876179376187, 0.18542911532911546, 0.29209707792207773], [0.26675241980241987, 0.2654310828060829, 0.22900687645687662, 0.23880962093462102], [0.23834811495693858, 0.29584570788688447, 0.1927511211011212, 0.2730550560550562], [0.27916022866022866, 0.24867363469863477, 0.1903035076035078, 0.28186262903762904], [0.23802881007881016, 0.32054347319347337, 0.16812415917415927, 0.2733035575535577], [0.2376657287157287, 0.2617505772005773, 0.2086520923520924, 0.29193160173160204], [0.23164449439449447, 0.3165288017538017, 0.18805396825396825, 0.2637727355977356], [0.21863518703518714, 0.2572910977910979, 0.2801015207015208, 0.24397219447219462], [0.29975687645687643, 0.21103152958152965, 0.18785360750360758, 0.30135798645798656], [0.33048108660345515, 0.30050386002886004, 0.14611416536679703, 0.22290088800088806], [0.1799014038249332, 0.2341923881673883, 0.22532626262626265, 0.36057994538141586], [0.2587997169497171, 0.30503637473637474, 0.1907704295704296, 0.2453934787434788], [0.24117845487845507, 0.2694267954267955, 0.2209980574980576, 0.26839669219669227], [0.2332950160950162, 0.3204721778221778, 0.16956773226773225, 0.27666507381507394], [0.27567657342657353, 0.24939781052281076, 0.2032971583971585, 0.2716284576534578], [0.2407620435120437, 0.2503354312354312, 0.21492912642912665, 0.29397339882339896], [0.21126915861915865, 0.3229842934842936, 0.19652917637917638, 0.26921737151737163], [0.2037211621711622, 0.3005416305916307, 0.2054042124542126, 0.29033299478299474], [0.2781927552839316, 0.2844649017649018, 0.18838019953902324, 0.24896214341214365], [0.21261666111666122, 0.2955237484737485, 0.20542485292485307, 0.2864347374847375], [0.2719886557886559, 0.2535175602175602, 0.20963578643578643, 0.26485799755799777], [0.22551348128995202, 0.22787919857919864, 0.20681210423563373, 0.3397952158952158], [0.21422446997447, 0.254033904983905, 0.2579187479187481, 0.2738228771228774], [0.28040835275835274, 0.24138778998779004, 0.20834763569763573, 0.26985622155622163], [0.2396742146742147, 0.300944733044733, 0.1638953157953158, 0.29548573648573645], [0.22993040570540577, 0.26629440559440554, 0.24627423409923413, 0.2575009546009547], [0.2403092796092798, 0.2945994949494948, 0.18067899322899333, 0.28441223221223233], [0.23732198357198347, 0.3282152736152737, 0.19898737928737933, 0.2354753635253636], [0.2698818348318348, 0.27611822066822084, 0.18018515373515384, 0.27381479076479076], [0.20473183483183488, 0.3430781385281386, 0.21094997779997798, 0.24124004884004893], [0.3065753191253191, 0.24241648351648368, 0.16113096625596623, 0.2898772311022313], [0.20233759018759032, 0.3586503663003661, 0.18104952269952287, 0.25796252081252097], [0.2920243253478548, 0.2637645687645688, 0.15189663669663672, 0.2923144691909398], [0.2842327283827285, 0.24702939837939838, 0.19477844932844948, 0.27395942390942407], [0.23205448995449005, 0.22690087135087128, 0.23308274666509976, 0.30796189202953916], [0.285561410811411, 0.20311059496059503, 0.195534276834277, 0.31579371739371725], [0.20540067155067165, 0.28002310467310465, 0.1838566433566433, 0.33071958041958033], [0.21670786435786446, 0.3244291902541903, 0.2014734931734933, 0.2573894522144522], [0.2716723165723166, 0.23183333333333342, 0.24265169275169282, 0.25384265734265754], [0.2729920135420135, 0.2850409312909312, 0.18004358419358438, 0.26192347097347113], [0.265766317016317, 0.24255178155178153, 0.25279989454989465, 0.23888200688200703], [0.23594895659895668, 0.34167644577644596, 0.19190818625818643, 0.23046641136641152], [0.28837505827505844, 0.29980142635142637, 0.17828018093018108, 0.23354333444333455], [0.18431198801198814, 0.32666551781551784, 0.23651528471528482, 0.2525072094572095], [0.2777864690864692, 0.28994594849594857, 0.1757001332001333, 0.25656744921744923], [0.2280261294261295, 0.34123344433344444, 0.19334490509490515, 0.23739552114552126], [0.26371861471861474, 0.24019087856587865, 0.24885515318015336, 0.24723535353535359], [0.20001448828948834, 0.25297271617271616, 0.1767032578532579, 0.3703095376845377], [0.23151726606726616, 0.31560499500499506, 0.18286229881229887, 0.27001544011544026], [0.21831255688755696, 0.28988416028416036, 0.22002403707403728, 0.27177924575424567], [0.24224925042278, 0.3230974636474636, 0.1754919635919637, 0.25916132233779315], [0.33047923742923757, 0.22708679098679113, 0.13472243312243315, 0.30771153846153837], [0.23975501720501738, 0.32347075147075144, 0.13844027084027094, 0.29833396048396044], [0.2645284326784327, 0.23147833277833288, 0.19810093240093243, 0.3058923021423022], [0.26060723524841173, 0.27236136641136643, 0.18884461192402371, 0.2781867864161982], [0.2099161394161394, 0.26745931290931296, 0.2350389554889556, 0.2875855921855922], [0.24991447441447454, 0.2361817016317017, 0.213375468975469, 0.300528354978355], [0.20330336330336332, 0.34142473082473085, 0.2023321012321013, 0.25293980463980487], [0.2534687534687535, 0.3202949217449217, 0.17463644133644138, 0.2515998834498836], [0.2541555722055722, 0.3368524309024309, 0.1980981351981353, 0.2108938616938617], [0.2902560214295509, 0.344795892995893, 0.1559760184260185, 0.20897206714853778], [0.211352763902764, 0.3208599733599733, 0.19065422910422922, 0.27713303363303377], [0.27851798201798217, 0.32965985680985666, 0.16256744921744928, 0.22925471195471211], [0.2880490786990787, 0.23431801531801538, 0.14559958929958935, 0.3320333166833166], [0.24040825285825296, 0.23144468309468305, 0.11943403818403826, 0.40871302586302566], [0.20211320346320355, 0.37693116883116873, 0.1855068820068821, 0.23544874569874577], [0.20677638472638485, 0.297352308802309, 0.2106132589632591, 0.2852580475080475], [0.26654471639471655, 0.26160969030969033, 0.18352094572094574, 0.2883246475746476], [0.20634079809079817, 0.27565518370518377, 0.21668552558552567, 0.3013184926184925], [0.2415105727605729, 0.23726082251082267, 0.2191484126984128, 0.302080192030192], [0.28197458652458657, 0.2672450826950827, 0.15098031968031977, 0.29980001110001125], [0.23487647907647918, 0.27518337773337775, 0.22755986790986804, 0.26238027528027535], [0.30059162700045056, 0.30791652595770264, 0.15313813963813966, 0.23835370740370745], [0.24280811410811418, 0.2854909701409702, 0.17810303030303043, 0.29359788544788556], [0.23845129315129326, 0.3208313686313684, 0.2139688644688645, 0.22674847374847382], [0.2624050116550117, 0.21102076812076825, 0.19809691974691984, 0.32847730047730034], [0.2220520368520369, 0.34369868464868464, 0.18701504051504048, 0.24723423798423808], [0.21228146823936306, 0.293340348832454, 0.2242896936396937, 0.27008848928848944], [0.29067474747474764, 0.22089729714729728, 0.21601371961371968, 0.2724142357642358], [0.18907825507825513, 0.29380284992784994, 0.23797094572094582, 0.2791479492729495], [0.31643850038850063, 0.2197563325563326, 0.1519002497502498, 0.31190491730491743], [0.24976955205097615, 0.2353689813110868, 0.1733305971805973, 0.34153086945734007], [0.2534400876900878, 0.26189062049062045, 0.19432881562881554, 0.2903404761904763], [0.22633127983127987, 0.2946121989121989, 0.25803137418137434, 0.22102514707514712], [0.2664601232101233, 0.26400533910533913, 0.22389381729381727, 0.2456407203907204], [0.25425657675657687, 0.28181476856476867, 0.198842562992563, 0.26508609168609176], [0.34054215045360553, 0.23405201269318926, 0.1653932383406068, 0.26001259851259856], [0.2794460650460651, 0.3118830391830391, 0.15784401709401716, 0.2508268786768787], [0.2851966533466534, 0.24818106338106358, 0.1646686036186037, 0.30195367965367975], [0.23796041181041175, 0.3510988677988679, 0.1498844211344212, 0.2610562992562992], [0.20434720834720835, 0.21286363636363642, 0.21607125097125107, 0.3667179043179042], [0.2177522311022313, 0.28996707736707733, 0.21996712731712745, 0.27231356421356434], [0.23117229437229442, 0.29427012987012996, 0.16516219336219343, 0.3093953823953824], [0.2650999195249196, 0.29625786990786995, 0.17998571983571993, 0.25865649073149105], [0.18808983238983257, 0.3092429958929958, 0.23816964701964716, 0.26449752469752474], [0.22811003996003995, 0.3260480852480852, 0.16167232767232775, 0.2841695471195472], [0.2906028305028304, 0.2530557886557887, 0.20273231213231227, 0.2536090687090688], [0.2582313412078118, 0.2918860916860918, 0.16687695605048547, 0.283005611055611], [0.18192544060686475, 0.3599933291854343, 0.22702291597291607, 0.23105831423478493], [0.29161449661449673, 0.2514623543123544, 0.15178321123321126, 0.30513993783993787], [0.2245763292263293, 0.3268616383616381, 0.15750137640137643, 0.29106065601065595], [0.23122950105450124, 0.3253905705405706, 0.1812121434121436, 0.26216778499278504], [0.2217962759462759, 0.325463197913198, 0.22865237540237554, 0.22408815073815075], [0.1919376262626262, 0.3344526751026751, 0.24449056221556226, 0.2291191364191365], [0.2949702575202576, 0.22683608891108892, 0.1802095515595516, 0.29798410200910197], [0.24125375180375191, 0.322179625929626, 0.15554206349206368, 0.2810245587745589], [0.2425960289710291, 0.28484399766899765, 0.20051028971028992, 0.27204968364968374], [0.3043685703185704, 0.27722625707625725, 0.1704241758241759, 0.24798099678099692], [0.20981495726495733, 0.34264980019980024, 0.19207755022755033, 0.25545769230769244], [0.18938493450993463, 0.31829480519480535, 0.24959847374847383, 0.24272178654678667], [0.25040434565434555, 0.30168207903207905, 0.18697271062271067, 0.2609408646908647], [0.19087524697524705, 0.3424225080475079, 0.18950305250305252, 0.27719919247419245], [0.2532834276834276, 0.30777980352980366, 0.1790101676101677, 0.2599266011766012], [0.2603416305916307, 0.28365414030414055, 0.16853951048951055, 0.28746471861471873], [0.25126144966144964, 0.3258752858252857, 0.18189844599844607, 0.24096481851481863], [0.18529669774669782, 0.2671203407703408, 0.2131140581640582, 0.33446890331890317]]}, "rewritten": {"ids": ["97106820", "97107260", "97107920", "97109570", "97111790", "97114170", "97116401", "97116410", "97116790", "98107380", "98108370", "98109311", "98111670", "98111860", "98112580", "98113881", "98116090", "99108330", "99108710", "99109370", "99110730", "99111930", "99112300", "100108080", "100109330", "100109801", "100109890", "101108580", "101108621", "101110200", "101111310", "101111620", "101112540", "101121640", "102108621", "102109910", "102112030", "102113210", "103111170", "103111620", "103112470", "103112641", "103113210", "103113260", "103113270", "103118291", "104111550", "104111620", "104111711", "104111830", "104111990", "104112470", "104113000", "104113380", "104114320", "104117630", "105113190", "105113210", "105113330", "105113480", "105118740", "105120621", "106111321", "106114150", "106115250", "106116120", "106116820", "106117650", "106118820", "106119260", "106121190", "107114140", "107114321", "107114621", "107116340", "107117010", "107118490", "107118520", "107119390", "107119950", "107120260", "107120880", "107121700", "108113740", "108114200", "108114670", "108115880", "108116481", "108117451", "108117720", "108118291", "108118520", "108119550", "108120621", "108120700", "109113591", "109116441", "109117271", "109117431", "109117730", "109118701", "109120150", "110114561", "110118740", "110119891", "110120540", "111114321", "111116010", "111116040", "111116411", "111117120", "111117480", "111118301", "111119340", "111119430", "111119580", "111120190", "111120220", "111121190", "112116290", "112116401", "112116451", "112116880", "112117790", "112118421", "112118511", "112118701", "112118820", "112119120", "112119500", "112120270", "112120290", "112120540", "112120990", "113119360", "113119480", "113120260", "113121220", "113121750", "113121810", "113122120", "113122320"], "labels": [1, 2, 0, 0, 2, 2, 3, 3, 2, 1, 1, 1, 1, 0, 2, 3, 0, 1, 2, 1, 3, 1, 0, 0, 0, 0, 3, 0, 0, 2, 3, 3, 2, 2, 3, 2, 2, 3, 2, 0, 1, 3, 3, 3, 2, 0, 1, 0, 1, 3, 2, 1, 1, 1, 2, 0, 3, 3, 3, 0, 1, 1, 0, 1, 2, 1, 1, 1, 3, 1, 2, 2, 0, 0, 3, 1, 2, 2, 2, 3, 1, 1, 3, 3, 0, 3, 3, 0, 2, 1, 3, 0, 1, 1, 2, 3, 3, 0, 1, 3, 3, 2, 0, 3, 3, 1, 1, 1, 0, 0, 2, 1, 3, 3, 3, 3, 3, 3, 1, 0, 0, 0, 0, 3, 3, 1, 0, 0, 1, 2, 0, 1, 3, 2, 0, 3, 3, 3, 0, 2, 1, 1], "predicted_labels": [3, 3, 3, 3, 3, 3, 1, 1, 3, 3, 2, 1, 3, 3, 1, 1, 1, 1, 1, 1, 3, 1, 1, 1, 1, 1, 0, 0, 1, 1, 1, 0, 3, 3, 0, 0, 1, 3, 3, 1, 1, 1, 1, 1, 3, 1, 1, 3, 1, 3, 0, 3, 3, 1, 1, 0, 0, 3, 0, 3, 1, 3, 1, 1, 1, 3, 0, 1, 1, 3, 1, 1, 3, 1, 1, 3, 1, 1, 1, 1, 1, 0, 1, 0, 1, 1, 1, 3, 3, 3, 3, 0, 0, 0, 3, 1, 1, 1, 1, 0, 3, 0, 3, 0, 3, 1, 1, 1, 0, 0, 1, 1, 3, 1, 1, 0, 1, 1, 0, 1, 0, 0, 1, 0, 0, 3, 1, 3, 3, 1, 1, 2, 0, 1, 3, 1, 1, 3, 3, 1, 2, 3], "confidence_scores": [[0.24532437007437016, 0.23179562937062945, 0.20717461982461993, 0.31570538073038074], [0.18476789321789322, 0.244829725829726, 0.2341895604395605, 0.3362128205128203], [0.2946248584748586, 0.19310113775113782, 0.18114567099567103, 0.3311283327783327], [0.24599705294705304, 0.2617778388278389, 0.19510041820924193, 0.29712469001586655], [0.2854076923076925, 0.22505461205461208, 0.19178393273393274, 0.2977537629037628], [0.23268195693195703, 0.28234788544788564, 0.194121522921523, 0.2908486346986345], [0.21860539819657482, 0.27270500218735516, 0.2506884060384061, 0.2580011935776642], [0.23988969918969927, 0.2807494116994116, 0.25310548340548356, 0.22625540570540578], [0.21632539682539695, 0.25168230658230656, 0.24191638361638368, 0.2900759129759129], [0.23621533466533481, 0.2284303751803753, 0.2203865578865579, 0.3149677322677323], [0.20308493728493734, 0.24998564213564223, 0.2869151959151959, 0.2600142246642248], [0.2683496947496949, 0.27292413419913414, 0.23306562881562887, 0.22566054223554233], [0.2674893939393941, 0.2370921078921079, 0.22748030858030874, 0.26793818958818977], [0.22830890220890226, 0.26206048951048966, 0.20369479964479972, 0.3059358086358086], [0.21482810522810541, 0.3128607448107447, 0.22145111000110998, 0.25086003996004], [0.230103540903541, 0.30373419913419925, 0.2208966977466978, 0.24526556221556217], [0.22809977244977256, 0.3062921467421467, 0.1998417138417139, 0.265766366966367], [0.19036699966699977, 0.3426293872793872, 0.19258071373071373, 0.2744228993228994], [0.20227999222999232, 0.31762953712953695, 0.1775714452214453, 0.3025190254190254], [0.22860427905427907, 0.3103621489621489, 0.2129827783327784, 0.24805079365079372], [0.23755529666412023, 0.25879013764013775, 0.19280422714540366, 0.3108503385503384], [0.17854801309801313, 0.35800910200910196, 0.209139343989344, 0.25430354090354096], [0.23521683039183047, 0.2770517038517038, 0.22271681096681117, 0.26501465478965464], [0.2680267815517815, 0.3338671273171275, 0.14854359529359543, 0.24956249583749587], [0.2191446248196251, 0.3123660977910978, 0.2071324286824287, 0.26135684870684883], [0.25530744533244537, 0.30688351648351647, 0.20009388944388953, 0.23771514874014887], [0.28987102721839586, 0.23601947496947503, 0.18827979973243136, 0.28582969807969816], [0.3404323426573427, 0.17211239038739046, 0.18254896214896216, 0.30490630480630465], [0.2557765734265735, 0.2977318237318236, 0.1562184759684761, 0.29027312687312684], [0.20450959040959057, 0.34290644355644356, 0.20837827172827175, 0.2442056943056944], [0.25598268398268403, 0.3203509546009548, 0.17483028258291422, 0.24883607883344713], [0.2990010378510379, 0.2524044677544679, 0.20028754023754042, 0.2483069541569542], [0.20027348207348214, 0.2565438061938063, 0.21872017982017986, 0.3244625319125318], [0.21987967587967594, 0.2313304473304475, 0.23545870795870807, 0.3133311688311689], [0.3189476467976469, 0.2541606005106006, 0.14891342546342548, 0.2779783272283272], [0.2976941475191478, 0.21991454378954386, 0.20758717948717967, 0.27480412920412933], [0.2523801587301588, 0.30037710622710617, 0.20058665223665223, 0.24665608280608292], [0.26331895326895327, 0.26198469030969035, 0.19812343767343782, 0.27657291874791895], [0.26494963924963927, 0.26294258519258523, 0.2012983016983017, 0.2708094738594739], [0.25398920246420253, 0.2786984126984127, 0.2097153180153181, 0.2575970668220669], [0.24231325618825628, 0.2930192696192697, 0.20266392496392502, 0.2620035492285493], [0.24375059940059957, 0.2774779220779221, 0.21246130536130553, 0.26631017316017325], [0.2645524816686582, 0.2801692640692641, 0.17708084888967252, 0.27819740537240545], [0.2660511932511932, 0.30708040293040295, 0.18564968364968368, 0.24121872016872029], [0.2733431623931624, 0.23338368298368314, 0.20832634032634043, 0.2849468142968143], [0.27099886779886795, 0.3107411754911755, 0.192345165945166, 0.22591479076479082], [0.22286230991231004, 0.3108867826617827, 0.19713384393384406, 0.2691170634920637], [0.2546290598290599, 0.2378704462204462, 0.20301741036741056, 0.30448308358308357], [0.19435077700077708, 0.2914163530913531, 0.2336276945276946, 0.2806051753801756], [0.21765287522934587, 0.2158788433788435, 0.2200153010388306, 0.34645298035298017], [0.3334356920856921, 0.29565218670218685, 0.17482606837606846, 0.1960860528360529], [0.25437965367965365, 0.2551049783549784, 0.19126118326118335, 0.2992541847041848], [0.2564938333252575, 0.2231679129350183, 0.17980805305805322, 0.34053020068167117], [0.23169351204351207, 0.2895852369852371, 0.1996266622266623, 0.27909458874458876], [0.2535015595515596, 0.2672208902208903, 0.22572267936741627, 0.25355487086013406], [0.2824471009382775, 0.26515876345876366, 0.18053718601659785, 0.27185694958636136], [0.2965578837828837, 0.23012347929847932, 0.1905411421911423, 0.2827774947274948], [0.26567684015331094, 0.28737847707847725, 0.15007448074801033, 0.296870202020202], [0.34638538128538143, 0.2440479076479077, 0.15246476301476294, 0.2571019480519482], [0.24183975468975485, 0.2132191641691642, 0.18359702519702523, 0.3613440559440559], [0.22303804528804544, 0.35145162615162606, 0.18830915195915202, 0.23720117660117673], [0.2619010434010434, 0.19478712953712962, 0.12133694083694088, 0.42197488622488594], [0.26233026695526696, 0.30364045399045403, 0.19445209235209243, 0.23957718670218695], [0.24648645243645248, 0.29572677322677327, 0.22690556665556672, 0.23088120768120776], [0.26325376290376296, 0.31182503607503603, 0.19278734598734604, 0.23213385503385503], [0.28765739815739827, 0.23171074481074488, 0.17614900099900105, 0.3044828560328561], [0.30732257938140306, 0.2832984551396317, 0.17353073593073598, 0.2358482295482297], [0.2526698246198247, 0.3108930014430014, 0.1920019702519704, 0.2444352036852038], [0.22420356865356866, 0.30995069930069935, 0.16804010434010447, 0.29780562770562785], [0.2522142135642137, 0.2561028138528139, 0.21301734931734936, 0.2786656232656234], [0.19738792318792328, 0.31418001998002, 0.23437836607836615, 0.2540536907536908], [0.20368496503496514, 0.3411444333444333, 0.1891802641802643, 0.2659903374403374], [0.19831149961149963, 0.2558088161838162, 0.16229350649350655, 0.3835861777111776], [0.23369744699744696, 0.30485572760572777, 0.17369834054834063, 0.287748484848485], [0.2097149572649574, 0.3181992784992785, 0.2294335497835499, 0.24265221445221463], [0.19338705183705188, 0.22357383727383734, 0.25292988122988136, 0.3301092296592297], [0.2068842934842935, 0.3508917748917747, 0.18849306804306803, 0.2537308635808637], [0.2135958818958819, 0.3125372016872018, 0.19191362526362538, 0.28195329115329115], [0.22482952602952602, 0.274020501720502, 0.24697551337551343, 0.2541744588744591], [0.2631578976578977, 0.2818043012543013, 0.1930192085692087, 0.2620185925185926], [0.24025278610278616, 0.30610568320568327, 0.18849780774780797, 0.2651437229437231], [0.28477673992674013, 0.2426036796536798, 0.19473723498723491, 0.2778823454323455], [0.21907648462648466, 0.2867051670551671, 0.25038180708180724, 0.24383654123654122], [0.35321032301032296, 0.23592794982794982, 0.15432233877233884, 0.2565393883893885], [0.2889281329781331, 0.2968210567210567, 0.18474109779109793, 0.22950971250971264], [0.2504386946386946, 0.30213001443001447, 0.18988506493506507, 0.2575462259962261], [0.2193296922032216, 0.3325182262182263, 0.20099309024309034, 0.24715899133546212], [0.2587924630924632, 0.27902082917082927, 0.17172641247641257, 0.29046029526029526], [0.29885697635697633, 0.21958650793650797, 0.164074148074148, 0.3174823676323677], [0.20076386113886124, 0.2603527916527917, 0.16014432234432244, 0.3787390248640247], [0.28393616383616377, 0.25369085359085364, 0.15167398712398725, 0.3106989954489955], [0.31467818847818857, 0.25821505161505187, 0.16878377178377185, 0.25832298812298826], [0.28801437451437445, 0.25475642135642135, 0.20429164724164733, 0.2529375568875571], [0.3211741674991674, 0.2321127594627596, 0.15104852924852938, 0.295664543789544], [0.21909213564213587, 0.2877883172383174, 0.1795328227328228, 0.31358672438672436], [0.22524344369081217, 0.38478590853590827, 0.15906870527133687, 0.23090194250194274], [0.29502504684857633, 0.30442688422688446, 0.14257582972582977, 0.25797223919871], [0.2929141525141525, 0.3042650460650461, 0.15079057054057068, 0.25203023088023085], [0.24121666666666666, 0.32674539349539344, 0.16905105450105457, 0.2629868853368856], [0.29804625929625933, 0.23174513819513828, 0.18110606060606058, 0.28910254190254203], [0.2646309246309247, 0.2598851870351871, 0.1969145243645244, 0.278569363969364], [0.284942895992896, 0.25562717282717284, 0.19325107670107666, 0.26617885447885464], [0.24550494505494513, 0.2708966311466311, 0.17589900099900102, 0.3076994227994229], [0.31098578725196363, 0.24139874847374868, 0.17023941532323889, 0.27737604895104895], [0.1934946775446776, 0.25833502053502055, 0.19472937617937616, 0.3534409257409258], [0.23416772671772687, 0.31211026751026755, 0.21024820734820743, 0.24347379842379852], [0.2712113275613276, 0.2815937978687979, 0.23073527028527036, 0.21645960428460428], [0.22818673826173833, 0.32709160284160277, 0.1686700910200911, 0.27605156787656787], [0.30477089022089027, 0.2426458152958154, 0.14982519702519712, 0.30275809745809734], [0.30449088134088137, 0.23338122433122427, 0.1597201298701299, 0.30240776445776457], [0.23113326118326127, 0.29787276057276063, 0.1808363081363082, 0.2901576701076702], [0.23311694971694968, 0.3047872183372184, 0.1690768176268177, 0.2930190143190143], [0.24621161616161616, 0.2612198357198357, 0.190657328052065, 0.30191122006648335], [0.231870684870685, 0.3238997113997117, 0.1633440836940838, 0.28088552003552014], [0.22713816183816193, 0.30408543401043403, 0.19221413031413043, 0.27656227383727394], [0.30687227217227225, 0.28094307359307374, 0.16848691863691873, 0.24369773559773578], [0.24723333333333325, 0.31091441336441344, 0.15724847929847938, 0.28460377400377407], [0.2743484789720085, 0.37534336774336796, 0.15095135975135984, 0.19935679353326413], [0.3168250111000112, 0.2544583416583416, 0.17337307137307145, 0.2553435758685762], [0.22143857808857814, 0.3609076035076035, 0.1766858308358309, 0.2409679875679877], [0.36502993395493377, 0.23815043012543022, 0.12596546231546238, 0.2708541736041737], [0.3324488882462566, 0.27791688311688323, 0.1463055739582056, 0.24332865467865467], [0.23245568320568316, 0.3429843156843157, 0.1884962925962926, 0.23606370851370864], [0.30748326016089167, 0.24937770007770016, 0.17504820004556845, 0.2680908397158398], [0.3119012876012878, 0.24959376734376734, 0.14620871350871353, 0.2922962315462317], [0.22645619351408833, 0.22387480326690842, 0.16290276945276955, 0.38676623376623354], [0.24771996728761447, 0.3160794416367947, 0.16431862859362859, 0.2718819624819624], [0.24257680652680658, 0.28000770895770893, 0.18728124098124105, 0.2901342435342435], [0.22828905538905545, 0.24497100122100132, 0.16878451548451562, 0.35795542790542795], [0.2511953046953049, 0.2974409216514479, 0.20802067231014612, 0.24334310134310141], [0.17588404928404927, 0.28861320346320335, 0.2608369963369965, 0.2746657509157509], [0.2586900571650572, 0.21688588779641413, 0.28160584474005534, 0.24281821029847353], [0.27743501498501494, 0.2568531773781774, 0.20488015318015332, 0.2608316544566546], [0.231533982683983, 0.34994797979797987, 0.17597340437340442, 0.24254463314463315], [0.24059959680842039, 0.26201075950193603, 0.20906766566766583, 0.2883219780219781], [0.2721560550560552, 0.2795314463314461, 0.17958387723387734, 0.26872862137862147], [0.2344487956487956, 0.28016991341991343, 0.23599640359640353, 0.2493848873348873], [0.25603816738816737, 0.26213451548451555, 0.16996879231879242, 0.3118585248085249], [0.25230874680874693, 0.3001749195249197, 0.14154181929181928, 0.30597451437451423], [0.1857528887778888, 0.32818315573315576, 0.27683762071262086, 0.20922633477633487], [0.24634343989343999, 0.2530407203907204, 0.2563913586413587, 0.2442244810744812], [0.29108342768342776, 0.2628776112776113, 0.14966774891774906, 0.2963712121212122]]}}