{"test": {"ids": ["112119320", "107117010", "98108150", "106112770", "98110680", "101114020", "110120700", "110115980", "99109141", "113121950", "110114651", "111117120", "110117200", "109116441", "99114890", "108119510", "99112840", "106116850", "108114200", "111116750", "102109850", "102118380", "107113260", "98106560", "100109000", "97107950", "99110050", "113120780", "100110260", "109114030", "108114670", "102116340", "111116290", "105117351", "111118820", "101112690", "109120540", "99105921", "111120540", "110114321", "110117080", "112117660", "99117630", "105116090", "113118231", "111116090", "103110840", "100111080", "108114270", "112118471", "97105760", "98110230", "102110050", "112121430", "112119930", "108120280", "106117770", "106116120", "102108621", "105116441", "113119450", "112118701", "107120130", "97106600", "111119250", "109117271", "102112250", "110114720", "103111930", "103113610", "99116500", "107113180", "111114321", "99108520", "104112470", "107116980", "112116990", "98111860", "108113700", "97107821", "98116500", "102113981", "108116481", "107114280", "108118301", "113117550", "101108580", "107113360", "106118301", "100111390", "105113620", "113118870", "113119360", "103118110", "98112300", "110118450", "109114651", "111116100", "110117110", "111118301", "99109780", "106118520", "113120640", "108117610", "102116500", "102117351", "104111531", "101117580", "112121360", "107120880", "113120070", "110115140", "105118740", "100110050", "97112290", "107120010", "97116500", "99113260", "108113620", "110117140", "113120751", "101116130", "107113550", "109118701", "101111210", "105115250", "98111670", "98109311", "98107340", "103109791", "113120260", "105115680", "104111880", "108116501", "112120540", "104114740", "100113210", "110114610", "108120621", "111116411", "97112300", "101110740"], "labels": [1, 1, 0, 1, 2, 3, 2, 1, 3, 3, 3, 2, 3, 3, 2, 1, 2, 3, 0, 3, 1, 1, 0, 1, 1, 2, 3, 0, 3, 1, 3, 3, 2, 0, 0, 1, 1, 1, 1, 1, 1, 0, 3, 1, 3, 3, 1, 0, 3, 1, 0, 3, 3, 2, 1, 3, 0, 1, 3, 1, 3, 0, 2, 3, 1, 0, 0, 3, 3, 2, 2, 3, 1, 2, 1, 3, 0, 0, 0, 2, 2, 1, 0, 3, 1, 3, 0, 0, 1, 2, 0, 0, 0, 2, 2, 0, 3, 3, 0, 3, 2, 2, 0, 3, 1, 1, 0, 3, 3, 1, 2, 0, 1, 3, 1, 1, 2, 0, 3, 3, 1, 2, 0, 3, 2, 2, 1, 1, 0, 3, 3, 2, 3, 0, 3, 2, 0, 1, 1, 0, 2, 3], "predicted_labels": [1, 3, 1, 3, 1, 0, 2, 1, 0, 1, 3, 3, 1, 3, 1, 2, 1, 1, 3, 1, 1, 1, 2, 1, 1, 3, 2, 1, 0, 3, 2, 1, 3, 0, 0, 3, 1, 1, 2, 1, 2, 1, 1, 1, 1, 3, 3, 3, 1, 3, 0, 0, 3, 3, 0, 0, 2, 3, 1, 2, 0, 1, 0, 2, 1, 1, 2, 1, 3, 1, 2, 1, 1, 1, 1, 1, 2, 1, 1, 1, 3, 3, 1, 3, 3, 1, 0, 0, 0, 3, 3, 3, 1, 3, 0, 1, 1, 3, 0, 3, 3, 3, 3, 1, 2, 0, 2, 0, 1, 3, 0, 1, 0, 0, 0, 1, 2, 1, 1, 3, 1, 3, 3, 3, 3, 3, 2, 0, 0, 2, 2, 1, 1, 3, 1, 0, 2, 2, 1, 0, 0, 1], "confidence_scores": [[0.17181954790687226, 0.37809594912805833, 0.18009738918716023, 0.2699871137779094], [0.134998361049794, 0.21381760960373622, 0.243765461856499, 0.40741856748997085], [0.152022621483138, 0.5088310294337902, 0.0897932328468281, 0.24935311623624384], [0.18101318529206953, 0.2234583199866633, 0.22919310975676074, 0.3663353849645066], [0.21901355428808733, 0.3707981298323503, 0.22147831061351841, 0.18871000526604395], [0.3861071719865194, 0.24116185486685143, 0.20370497514940367, 0.16902599799722565], [0.2487742866207413, 0.2685186256274711, 0.32997437382778405, 0.15273271392400364], [0.26075627799238676, 0.35574880995909663, 0.22874065713792271, 0.15475425491059402], [0.3991263174077252, 0.35657167405121215, 0.14645875860382235, 0.09784324993724026], [0.21652705580523957, 0.35308014548373107, 0.1504189225225004, 0.2799738761885291], [0.24444818633423127, 0.15933614653842657, 0.2082399695358817, 0.3879756975914604], [0.23376589880947665, 0.1911240530706018, 0.1915064339607319, 0.38360361415918975], [0.22450719208004677, 0.311402127751598, 0.25815976492040293, 0.20593091524795237], [0.19637755654216446, 0.12297764974871044, 0.11213655957230916, 0.568508234136816], [0.2187767830873582, 0.3723070797765573, 0.1811387441454667, 0.2277773929906178], [0.13845714858387737, 0.26129318058549, 0.4191347974037823, 0.1811148734268503], [0.26563447714204313, 0.41263333310559375, 0.051507306852599265, 0.27022488289976376], [0.19691967546125413, 0.36205394056492934, 0.2413988878333046, 0.1996274961405122], [0.2266447485125605, 0.20060255894789975, 0.190659722030028, 0.3820929705095118], [0.20192650466493534, 0.42818056094518053, 0.11609572013120427, 0.25379721425867985], [0.11336603511079295, 0.3918504567676477, 0.24415439914928397, 0.25062910897227536], [0.19394898432254443, 0.33218593054477996, 0.2928953337610554, 0.1809697513716202], [0.20062961110805932, 0.25094868375312185, 0.4327670806815388, 0.11565462445727988], [0.11359723879024315, 0.5161879026961691, 0.252206736742718, 0.11800812177086974], [0.1460984297939298, 0.33947416055872104, 0.20061698347376325, 0.313810426173586], [0.15396519059186867, 0.22234611800395554, 0.27237608474950387, 0.351312606654672], [0.25933698058824284, 0.2400809147754374, 0.27495279923856797, 0.22562930539775183], [0.10907898535895855, 0.8082633750290588, 0.03745152496646664, 0.045206114645516146], [0.5392165216644833, 0.15565355130354197, 0.19758897831056352, 0.10754094872141125], [0.28273742207804803, 0.24244453152987672, 0.09506278405634122, 0.3797552623357342], [0.08933708459224532, 0.18995146396261503, 0.44418464222820225, 0.27652680921693745], [0.22501037168663293, 0.32922856179389587, 0.23865387147213102, 0.2071071950473402], [0.229392437496358, 0.2250453680715891, 0.14264617209173025, 0.40291602234032275], [0.5438727839069863, 0.2132160782918301, 0.12967526551572497, 0.11323587228545863], [0.40319519664059517, 0.24418199327528908, 0.12654624177193935, 0.22607656831217637], [0.2541956392593343, 0.18428450643631972, 0.2660413293919751, 0.2954785249123708], [0.42223005031320876, 0.44401326385083734, 0.03364645788171062, 0.10011022795424313], [0.0877131342827673, 0.6056772997895008, 0.15305884495194905, 0.15355072097578307], [0.15958593100664276, 0.18384797633230027, 0.46023073770960904, 0.19633535495144797], [0.20552408604657701, 0.35075628243988755, 0.1229962086089138, 0.3207234229046218], [0.2015288648242641, 0.16214409074977626, 0.4740992833422088, 0.16222776108375095], [0.2214765649615207, 0.35967744901443266, 0.16091052297317093, 0.2579354630508759], [0.24110701767451384, 0.4042836634746987, 0.13646866590992365, 0.21814065294086385], [0.11917711878747587, 0.8013383786344418, 0.03253893790425787, 0.046945564673824436], [0.1731261964986781, 0.6141671492956524, 0.08518673418573075, 0.12751992001993875], [0.29643240876138316, 0.28794983693995235, 0.11750744266217093, 0.2981103116364935], [0.1464928229291118, 0.2028646081703595, 0.269640748588249, 0.38100182031227986], [0.1804458057034799, 0.25844703880580283, 0.09496081011485809, 0.4661463453758592], [0.22234364559924047, 0.43683131345578025, 0.14297643924286685, 0.19784860170211252], [0.19063761244788546, 0.35377359101868877, 0.06351632732470891, 0.3920724692087168], [0.41778480531177875, 0.18346453205859947, 0.15304839217643884, 0.245702270453183], [0.4535781028650318, 0.3321661521641454, 0.07052672807368576, 0.14372901689713702], [0.2042454205883941, 0.2722577290843409, 0.13283523908894387, 0.3906616112383212], [0.11869784206180536, 0.14933650064754958, 0.11261636092831719, 0.6193492963623279], [0.3204671786833799, 0.26239082063752256, 0.2125807017527953, 0.2045612989263022], [0.5978674487716741, 0.17050482721721075, 0.06312168051527356, 0.16850604349584164], [0.092691219558194, 0.2208526958030353, 0.5940503338426, 0.09240575079617062], [0.2651520958534676, 0.18067162622049976, 0.1145080218256621, 0.4396682561003704], [0.28134934038519405, 0.2864148263910086, 0.24203375041660743, 0.19020208280719003], [0.18544532143624637, 0.18231575189022256, 0.325911442085825, 0.30632748458770614], [0.6757711179663236, 0.12256555555479785, 0.04801120975440935, 0.15365211672446918], [0.26898170554841727, 0.43576227943714935, 0.09943644791753183, 0.19581956709690154], [0.34881316566327947, 0.2761995925522598, 0.1840382552042187, 0.19094898658024217], [0.25285368042267825, 0.22296455061523435, 0.30057916420118563, 0.2236026047609019], [0.2485965643318002, 0.3121736348077408, 0.14493621003743465, 0.29429359082302436], [0.25817995271927413, 0.34492616845057344, 0.1921796672291295, 0.2047142116010229], [0.2726098600455193, 0.15574523947974955, 0.3370773825981578, 0.2345675178765734], [0.22850324166692182, 0.33509571272378036, 0.2766082043778303, 0.15979284123146767], [0.23276466900631493, 0.1959610639346813, 0.1514030303983611, 0.4198712366606426], [0.21283448650779271, 0.47445574528739815, 0.1281275779516975, 0.1845821902531117], [0.061364425042796475, 0.1278066904210784, 0.7374027903381554, 0.07342609419796993], [0.09746628264932923, 0.4105163979446154, 0.33316096710030824, 0.15885635230574724], [0.13551113040302437, 0.5947288833572708, 0.15480695790134377, 0.11495302833836112], [0.1525558974074177, 0.4811016583678882, 0.1933298199615882, 0.173012624263106], [0.23379178508305698, 0.384950108085558, 0.09412613128470021, 0.2871319755466848], [0.2768355739946897, 0.36391682147313914, 0.16391121293925295, 0.19533639159291832], [0.1597382727952064, 0.2979297498955186, 0.4232102287840671, 0.11912174852520785], [0.19719363759515884, 0.46005769022127224, 0.20291167780314898, 0.13983699438041988], [0.21094345062807132, 0.4989013827002689, 0.10798094645967744, 0.18217422021198237], [0.19846851004997246, 0.6412460767646703, 0.049115373667249135, 0.11117003951810821], [0.16014946709897918, 0.2850527521795712, 0.11133280544599909, 0.44346497527545065], [0.10116970590426581, 0.1569268909388589, 0.32791119803619123, 0.4139922051206841], [0.2159663139240144, 0.529308359181919, 0.08533081973837943, 0.16939450715568713], [0.23998469504769512, 0.21984565841666973, 0.07380460787937553, 0.4663650386562597], [0.204540614003453, 0.17845773296909706, 0.2931590371226393, 0.32384261590481045], [0.1385280465483837, 0.3077482041133807, 0.2539242345912401, 0.2997995147469954], [0.34560153530683785, 0.250861466962335, 0.13266207272913974, 0.2708749250016872], [0.454340111516958, 0.21589213391908893, 0.11615799531711275, 0.21360975924684025], [0.2781566249453787, 0.24588259016284064, 0.24960733391628642, 0.22635345097549447], [0.11605911842505977, 0.10747063548081753, 0.09062848980110266, 0.68584175629302], [0.1084099996084747, 0.22448081381635324, 0.08679298912880133, 0.5803161974463708], [0.13184397099766862, 0.11101460979824807, 0.10237019623160099, 0.6547712229724824], [0.26992514279457575, 0.301942510430323, 0.18193643253779773, 0.2461959142373035], [0.1901147806597429, 0.14492298017160551, 0.18238420437508548, 0.48257803479356626], [0.4545911611574695, 0.12503541276041075, 0.18290253535596637, 0.23747089072615327], [0.25739503628723764, 0.3022855268230295, 0.15154785103666676, 0.2887715858530661], [0.19654845441439917, 0.3785430844247457, 0.20820377439648685, 0.21670468676436833], [0.3281070137022794, 0.17920673368940415, 0.1437716041166896, 0.3489146484916266], [0.41681801706519805, 0.17369866801090741, 0.2149823145438113, 0.19450100038008322], [0.27384074748138953, 0.2698480036087066, 0.11457644194357405, 0.34173480696632996], [0.12617361266249863, 0.2117281786285167, 0.07372592679363817, 0.5883722819153465], [0.14710644231401285, 0.1122028722007935, 0.15536967051565628, 0.5853210149695374], [0.22048301950352878, 0.2205295672866148, 0.10687006292225437, 0.4521173502876021], [0.22902687475174432, 0.5157213649454876, 0.1095434459720437, 0.14570831433072431], [0.14391171927466062, 0.34643940625668185, 0.37406184590820224, 0.1355870285604552], [0.4807210568728662, 0.16286857216662265, 0.22045515279593178, 0.1359552181645795], [0.20019256595193982, 0.23735454700382436, 0.28138389671349046, 0.28106899033074534], [0.30779000200902934, 0.29388690258122874, 0.14434988601920914, 0.25397320939053286], [0.1321950498765906, 0.35680875938615736, 0.17654481060812852, 0.33445138012912345], [0.15041323658917227, 0.25576414071451026, 0.24560325758386517, 0.34821936511245233], [0.3360558665811436, 0.17546588227006826, 0.30749512067024254, 0.18098313047854575], [0.22280312307830596, 0.3424128837968374, 0.1037701587252072, 0.3310138343996495], [0.38652030084367234, 0.2739293164856682, 0.04255835290088093, 0.29699202976977856], [0.3583608197448269, 0.24755177665054526, 0.0894805938422679, 0.30460680976236004], [0.5259916094325949, 0.1724923963443881, 0.07124501096896328, 0.23027098325405362], [0.27278163067534694, 0.28115266071871603, 0.22014879570846843, 0.22591691289746874], [0.19064570953917612, 0.26676203718017416, 0.3628440371863273, 0.17974821609432268], [0.28970899261059607, 0.2964870027617421, 0.266578161434938, 0.14722584319272367], [0.19157984665839248, 0.315650324310764, 0.19894702586178734, 0.2938228031690562], [0.18027653512709002, 0.29446953585123725, 0.10080797612552972, 0.424445952896143], [0.13680617461599526, 0.3313483396802624, 0.21394608498453682, 0.31789940071920564], [0.1833317076442009, 0.2450882496513859, 0.14587322099805894, 0.4257068217063542], [0.3400292707497031, 0.19540720544063306, 0.11486663432148292, 0.3496968894881808], [0.12488618067364411, 0.20889416703934283, 0.263685411715877, 0.40253424057113596], [0.22880017924020762, 0.26994677205797696, 0.1490417071525084, 0.35221134154930706], [0.18660291940007287, 0.34023136496960726, 0.11965575976406775, 0.3535099558662523], [0.08280003225230856, 0.11166180997564273, 0.4354653148475841, 0.37007284292446463], [0.4910943383769968, 0.22929834782649292, 0.11423188529296034, 0.16537542850355008], [0.6547903261684983, 0.12839051361385737, 0.10319715712812311, 0.11362200308952129], [0.20240114891483682, 0.18546603610787982, 0.43486662835293616, 0.17726618662434718], [0.16837567527254513, 0.1384922416801755, 0.53475727638637, 0.15837480666090928], [0.1174007961840416, 0.6475470446013853, 0.152771650730063, 0.08228050848451006], [0.18181361026662446, 0.5030467687478175, 0.12177861506642572, 0.19336100591913227], [0.20755609900424754, 0.27724161323880575, 0.06777386847048174, 0.44742841928646515], [0.24039069718746597, 0.47778262232377333, 0.12392829699252329, 0.15789838349623733], [0.34514174226687494, 0.25743682391905703, 0.254172541185796, 0.14324889262827217], [0.1531916457359575, 0.18620454268060319, 0.44926264877113864, 0.21134116281230067], [0.16961932610613162, 0.25127387307296134, 0.2896336672331555, 0.2894731335877517], [0.3083486713723482, 0.414481179684177, 0.07624074526873545, 0.20092940367473933], [0.4865595928488475, 0.058311366035686554, 0.036245133100480116, 0.41888390801498593], [0.7175594965452944, 0.06549541326081809, 0.049115048988881124, 0.1678300412050064], [0.1158286350504806, 0.437445749381323, 0.28538968571529616, 0.16133592985290018]]}, "rewritten": {"ids": ["97105760", "97106600", "97107821", "97107950", "97112290", "97112300", "97116500", "98106560", "98107340", "98108150", "98109311", "98110230", "98110680", "98111670", "98111860", "98112300", "98116500", "99105921", "99108520", "99109141", "99109780", "99110050", "99112840", "99113260", "99114890", "99116500", "99117630", "100109000", "100110050", "100110260", "100111080", "100111390", "100113210", "101108580", "101110740", "101111210", "101112690", "101114020", "101116130", "101117580", "102108621", "102109850", "102110050", "102112250", "102113981", "102116340", "102116500", "102117351", "102118380", "103109791", "103110840", "103111930", "103113610", "103118110", "104111531", "104111880", "104112470", "104114740", "105113620", "105115250", "105115680", "105116090", "105116441", "105117351", "105118740", "106112770", "106116120", "106116850", "106117770", "106118301", "106118520", "107113180", "107113260", "107113360", "107113550", "107114280", "107116980", "107117010", "107120010", "107120130", "107120880", "108113620", "108113700", "108114200", "108114270", "108114670", "108116481", "108116501", "108117610", "108118301", "108119510", "108120280", "108120621", "109114030", "109114651", "109116441", "109117271", "109118701", "109120540", "110114321", "110114610", "110114651", "110114720", "110115140", "110115980", "110117080", "110117110", "110117140", "110117200", "110118450", "110120700", "111114321", "111116090", "111116100", "111116290", "111116411", "111116750", "111117120", "111118301", "111118820", "111119250", "111120540", "112116990", "112117660", "112118471", "112118701", "112119320", "112119930", "112120540", "112121360", "112121430", "113117550", "113118231", "113118870", "113119360", "113119450", "113120070", "113120260", "113120640", "113120751", "113120780", "113121950"], "labels": [0, 3, 2, 2, 1, 2, 2, 1, 0, 0, 1, 3, 2, 1, 0, 2, 2, 1, 2, 3, 2, 3, 2, 0, 2, 2, 3, 1, 3, 3, 0, 2, 0, 0, 3, 2, 1, 3, 2, 3, 3, 1, 3, 0, 1, 3, 1, 1, 1, 3, 1, 3, 2, 2, 0, 3, 1, 2, 0, 2, 2, 1, 1, 0, 1, 1, 1, 3, 0, 1, 2, 3, 0, 0, 0, 3, 3, 1, 1, 2, 1, 3, 0, 0, 3, 3, 0, 0, 3, 1, 1, 3, 1, 1, 3, 3, 0, 3, 1, 1, 1, 3, 3, 0, 1, 1, 0, 3, 3, 0, 2, 1, 3, 3, 2, 0, 3, 2, 3, 0, 1, 1, 0, 0, 1, 0, 1, 1, 3, 3, 2, 3, 3, 0, 0, 3, 2, 3, 0, 1, 0, 3], "predicted_labels": [1, 3, 0, 1, 2, 3, 1, 1, 0, 0, 1, 1, 1, 2, 1, 1, 2, 1, 0, 2, 2, 1, 1, 2, 1, 1, 0, 0, 0, 2, 3, 1, 0, 1, 2, 1, 0, 3, 3, 2, 1, 1, 1, 0, 3, 0, 3, 0, 2, 2, 3, 3, 1, 3, 1, 1, 1, 0, 1, 0, 0, 3, 0, 0, 1, 1, 2, 2, 1, 0, 0, 0, 0, 3, 0, 3, 0, 0, 0, 3, 1, 0, 1, 1, 1, 2, 0, 1, 1, 3, 2, 3, 3, 0, 1, 3, 2, 1, 0, 1, 3, 3, 1, 0, 0, 0, 3, 1, 1, 0, 0, 1, 3, 0, 3, 0, 0, 0, 1, 3, 3, 2, 1, 1, 0, 0, 3, 3, 0, 0, 0, 2, 0, 3, 0, 2, 0, 1, 0, 1, 0, 3], "confidence_scores": [[0.2329912142350989, 0.3161094996773919, 0.2304620269978243, 0.22043725908968492], [0.3382237402266808, 0.16569845390429472, 0.15094762961599792, 0.3451301762530267], [0.5582480316723781, 0.13490693751321695, 0.1734451709328612, 0.13339985988154365], [0.2280658942373668, 0.3606079370652797, 0.20164494819137635, 0.2096812205059771], [0.18021288361129884, 0.23659031873913755, 0.3330202291253148, 0.2501765685242489], [0.265228371664446, 0.2302922840669562, 0.1584705497442573, 0.3460087945243403], [0.2772057278676639, 0.37158659517349624, 0.1395984858008621, 0.21160919115797766], [0.23189932757197584, 0.3841874620243989, 0.16416419910222363, 0.2197490113014019], [0.5655753048771021, 0.18176810865297824, 0.12739230323454076, 0.12526428323537897], [0.4905362398365726, 0.1105208743985231, 0.1475733290876931, 0.25136955667721145], [0.19444548660677555, 0.33835568271366684, 0.2644226891862353, 0.2027761414933224], [0.25616789768230763, 0.3628354016666137, 0.1498868604441106, 0.23110984020696815], [0.25077734085159886, 0.337051586232916, 0.12587920630531926, 0.2862918666101661], [0.30576040937820487, 0.171402147255752, 0.316236938515427, 0.20660050485061623], [0.20193884825540037, 0.32800795662890114, 0.2864548483195608, 0.18359834679613787], [0.2737218407531652, 0.2993426814048982, 0.19780001875624523, 0.22913545908569147], [0.14120123060111994, 0.11364063285560527, 0.39662896800426484, 0.34852916853901], [0.17255186499232125, 0.42453822058618507, 0.21181500788158886, 0.19109490653990477], [0.33625648571249495, 0.23463036820077762, 0.19236882216589457, 0.23674432392083283], [0.34314272480074015, 0.1707995759461033, 0.3706216530713505, 0.115436046181806], [0.07562858947678548, 0.1705078537527768, 0.6260265781441547, 0.12783697862628302], [0.21631304897844453, 0.44989276839952247, 0.15167780075695309, 0.18211638186508], [0.15859297007079204, 0.5816901018805204, 0.1407956513405809, 0.11892127670810661], [0.13313665362604785, 0.1552396253332848, 0.40992927524241063, 0.3016944457982567], [0.29554386776937225, 0.48311741140275033, 0.12315010460647871, 0.09818861622139866], [0.22209177610845857, 0.41474874327045386, 0.2335082455776995, 0.12965123504338802], [0.3124885361034946, 0.29858505619519804, 0.20974342336072527, 0.17918298434058222], [0.349007900072376, 0.26937145489747966, 0.17302683594675977, 0.20859380908338465], [0.47771900914058446, 0.20177957864867108, 0.15829003025979665, 0.16221138195094797], [0.20013631327581055, 0.22095622506555335, 0.4161709117738781, 0.16273654988475816], [0.2889126337278917, 0.25937760097771434, 0.14128337909318883, 0.31042638620120516], [0.20929646541164754, 0.37776112840586706, 0.18788279928289736, 0.22505960689958812], [0.31547846864752266, 0.3046260879372164, 0.1742301836267782, 0.2056652597884827], [0.23751479168124975, 0.4154076380675112, 0.13246043398068427, 0.21461713627055476], [0.08533946834659804, 0.14268785833864564, 0.6803700117727651, 0.09160266154199108], [0.20648831756752345, 0.49204650848353876, 0.1334199301263942, 0.16804524382254363], [0.6639689939182347, 0.15810348275474184, 0.060195547877425086, 0.11773197544959847], [0.24530851159985012, 0.28811188515478503, 0.14952566279927623, 0.3170539404460886], [0.28822035136448043, 0.24459256074110353, 0.11711271422289397, 0.35007437367152205], [0.21048097004653307, 0.25338271324787964, 0.3687464382783633, 0.1673898784272241], [0.2996752665910798, 0.33134115653960694, 0.2010187224534785, 0.16796485441583467], [0.21246425645422906, 0.486665890195389, 0.17501940991326306, 0.12585044343711893], [0.25501185536288645, 0.46602765301787863, 0.09864623335329371, 0.18031425826594147], [0.32159047248263734, 0.3106819077566432, 0.15557292052858543, 0.21215469923213395], [0.1391845488253539, 0.12021173816054805, 0.15004785861827633, 0.5905558543958219], [0.30986664033409433, 0.2768494715262359, 0.21491334412358126, 0.19837054401608875], [0.16702180102245098, 0.1652925194446636, 0.16033176040456742, 0.5073539191283181], [0.3838264717516016, 0.21244457569215006, 0.2644126819161529, 0.13931627064009552], [0.1173401738285846, 0.288090493374467, 0.5016429752230894, 0.09292635757385902], [0.2409989195311838, 0.1486203145430609, 0.5256048292379784, 0.0847759366877769], [0.2608461377525119, 0.25407321866123855, 0.15814828613261112, 0.3269323574536386], [0.11450388635114883, 0.2768752261881357, 0.06866362732795449, 0.5399572601327611], [0.3517857898482808, 0.36545246509998724, 0.136430466505218, 0.14633127854651393], [0.29708259179900004, 0.21446443617839758, 0.1822061807857386, 0.30624679123686366], [0.246282804939129, 0.3609331616316995, 0.1741936105607912, 0.21859042286838049], [0.17851945974596706, 0.5325721722351767, 0.09104593576374416, 0.19786243225511188], [0.3304726231134716, 0.3923040230546274, 0.12579779206945532, 0.15142556176244568], [0.3868169974793388, 0.2696266887406211, 0.17020706197368674, 0.17334925180635327], [0.1314069090381751, 0.5367850567281334, 0.15288592528324826, 0.17892210895044316], [0.512167484894655, 0.14104125822256286, 0.07463178998424655, 0.27215946689853565], [0.6567926377160396, 0.15245348836965497, 0.062396410119886024, 0.12835746379441934], [0.22881422836270954, 0.2791659223453898, 0.19659018732196434, 0.2954296619699364], [0.5830342907511096, 0.15234996892493166, 0.17329209810260987, 0.0913236422213488], [0.4696018977143501, 0.27928722995930544, 0.0999221394174152, 0.15118873290892929], [0.29483680359917985, 0.302676004844569, 0.2593008358356024, 0.14318635572064867], [0.1336692531641772, 0.4508379427652016, 0.17225110983031372, 0.24324169424030745], [0.3504245824134548, 0.1388434812516554, 0.4165262578145413, 0.09420567852034849], [0.10206921351294408, 0.33062343833975005, 0.49014909913121557, 0.07715824901609038], [0.2653279331288243, 0.36016680667474105, 0.12383438401410331, 0.25067087618233136], [0.43016590588775216, 0.19119030976482496, 0.21253603870233687, 0.16610774564508599], [0.37040775468316756, 0.28278023262208746, 0.1492188996914875, 0.19759311300325783], [0.25464861695972785, 0.24794630129398987, 0.25255741225038003, 0.24484766949590228], [0.615933272459418, 0.20567050531279552, 0.05487845881825647, 0.12351776340953001], [0.31814807521683597, 0.22919584122130893, 0.12984890081833986, 0.32280718274351544], [0.48530188078625686, 0.12953433540134066, 0.15835051261045405, 0.22681327120194852], [0.19705004050087652, 0.3126448897345691, 0.10703303686519805, 0.3832720328993564], [0.3738401202246309, 0.3165654686341635, 0.12138803937137044, 0.18820637176983523], [0.34704542394029586, 0.18971631381116533, 0.2016641293218176, 0.2615741329267212], [0.4254946378935697, 0.18068184677098428, 0.2186454152018732, 0.17517810013357263], [0.1881091066132881, 0.21644961331978363, 0.27331425268176746, 0.32212702738516086], [0.1641388574001367, 0.3862871054974065, 0.2823992842623667, 0.16717475284009012], [0.35478732686098663, 0.27951600678408045, 0.16115698181299182, 0.20453968454194132], [0.31610201274990646, 0.3932566473562218, 0.12759884309899938, 0.16304249679487248], [0.27796822151149553, 0.38881944865212337, 0.12398537455538307, 0.20922695528099797], [0.2501956581641328, 0.40640198736155386, 0.1547908942505519, 0.18861146022376143], [0.06734716111375902, 0.1356084795990562, 0.4133323455175261, 0.38371201376965863], [0.415393414578194, 0.4090794130653955, 0.05117798356209153, 0.12434918879431898], [0.18626937207075056, 0.41408481077088716, 0.15675964109425083, 0.24288617606411156], [0.21263459172177684, 0.4412154784968045, 0.17643235327140327, 0.16971757651001548], [0.16746662634762444, 0.20852273088336531, 0.21877591731858806, 0.4052347254504221], [0.1697060974647324, 0.24883636250587807, 0.42788191607054005, 0.1535756239588496], [0.2586403358514009, 0.2983578417279997, 0.10386968959504894, 0.33913213282555044], [0.1631702685390243, 0.28903594218640755, 0.1826320612686925, 0.36516172800587565], [0.3227319577759113, 0.2417101417563989, 0.1740885757304238, 0.261469324737266], [0.22295761798501956, 0.4137663233155151, 0.1533321747580492, 0.20994388394141622], [0.24177316659894335, 0.3090061556594681, 0.12346402560926274, 0.32575665213232574], [0.19374975182235535, 0.2324201951585678, 0.3213786613477955, 0.2524513916712812], [0.19686215474375532, 0.6229979113632973, 0.0827263464911768, 0.09741358740177043], [0.5709263041075044, 0.13714483651217058, 0.0954635992203109, 0.19646526016001414], [0.20624272999502924, 0.3588784707843783, 0.23335906546791305, 0.20151973375267962], [0.36883427390894663, 0.17446487044207906, 0.08715383942611636, 0.36954701622285796], [0.2892386490024514, 0.16589187658780288, 0.2553142796465153, 0.2895551947632306], [0.2883579228632009, 0.43764039338530464, 0.13991194186276926, 0.13408974188872522], [0.3314296032169079, 0.2381264620665777, 0.18407076056152713, 0.24637317415498736], [0.45443039575186794, 0.31576488874514275, 0.10815046223122204, 0.12165425327176733], [0.3166581584718733, 0.24012334952346737, 0.24858614488696565, 0.19463234711769367], [0.24376639807842498, 0.23209408225530875, 0.13185138599744237, 0.3922881336688239], [0.18867143128043312, 0.5133780900711548, 0.13037971203527543, 0.16757076661313663], [0.29021559667191926, 0.2975547961302848, 0.21648712524301428, 0.19574248195478167], [0.3632537191626455, 0.12616647256181407, 0.20729461791877982, 0.3032851903567608], [0.365837676628985, 0.25490309432262687, 0.18418144358599708, 0.1950777854623913], [0.29917732292728133, 0.36703092447128416, 0.10550867584141278, 0.228283076760022], [0.1768976570507917, 0.32326265524833736, 0.14559951185768188, 0.35424017584318923], [0.4519633417188827, 0.1870481811321875, 0.15825236845399898, 0.2027361086949309], [0.13915253901847588, 0.28747819897113297, 0.10144528761953277, 0.4719239743908583], [0.42352528744441487, 0.11263679613328406, 0.09461658408318852, 0.3692213323391127], [0.33251313279273775, 0.30070998050024134, 0.15844437260014088, 0.2083325141068801], [0.45385132059947364, 0.07426872519658613, 0.3765309768044082, 0.09534897739953199], [0.23100060745963488, 0.2887444753083767, 0.23492499574493858, 0.24532992148704996], [0.3076900387122625, 0.16874224967314935, 0.1176952013878547, 0.4058725102267333], [0.22893432574479475, 0.13657832085409943, 0.155952178992721, 0.4785351744083849], [0.3112654351836997, 0.14734855389073243, 0.3608481225516711, 0.18053788837389692], [0.2871910081396056, 0.3233801629944199, 0.28313029815168045, 0.10629853071429417], [0.2459326408495263, 0.3779519749613648, 0.13723589263192967, 0.2388794915571795], [0.36398946132934384, 0.2375842860468403, 0.16583481841661796, 0.2325914342071981], [0.3579124573396257, 0.32509546319883764, 0.11058744512124845, 0.20640463434028825], [0.16955133731985145, 0.14998773080405925, 0.20895174338892536, 0.47150918848716394], [0.13364336893461207, 0.14471719832393173, 0.15585495915030345, 0.5657844735911528], [0.3227766540120296, 0.2701525884119965, 0.22132547460305496, 0.185745282972919], [0.42243403399130813, 0.15781099067543836, 0.0875322583369653, 0.33222271699628814], [0.42486708453909455, 0.1807782611701955, 0.18184621071791182, 0.21250844357279827], [0.23150696356897546, 0.16739574796488466, 0.3918766263337333, 0.2092206621324066], [0.32752983762609694, 0.23347937616821446, 0.18820539257247337, 0.25078539363321534], [0.20689742287495286, 0.19273329830661187, 0.10028993875924039, 0.500079340059195], [0.5990619892756773, 0.2285240681854641, 0.0805316526127112, 0.09188228992614726], [0.25659486502949663, 0.24385528221321204, 0.28340220162916513, 0.21614765112812626], [0.6100438789381659, 0.08468675310282711, 0.16735707049285184, 0.13791229746615524], [0.16829797961685217, 0.48019218814468845, 0.12428887154902074, 0.22722096068943862], [0.40307084453234887, 0.19047825938558025, 0.18265600124221343, 0.22379489483985748], [0.19577522749965773, 0.39328755946183047, 0.15049954347254466, 0.26043766956596714], [0.38070813368816936, 0.22881507459210554, 0.17752265246859544, 0.2129541392511297], [0.29352806252355756, 0.2070636839390926, 0.17680709307811002, 0.3226011604592397]]}}