{"test": {"ids": ["98111670", "100112060", "108120621", "104113380", "112118511", "97114170", "109121410", "103110220", "106116441", "110121720", "109117150", "100109330", "103110760", "107114321", "100111380", "107118490", "108114360", "99111620", "107112850", "112118890", "98116940", "107120260", "111121410", "100111080", "97107260", "106114280", "109121640", "110119300", "108115500", "102110890", "107118120", "100109890", "110118930", "107114200", "105113440", "97105960", "101114020", "105115570", "104111620", "98110680", "112116900", "110117110", "101117580", "103111480", "110118701", "103113270", "106114880", "109117730", "99107950", "101110740", "111116090", "102112030", "98120010", "99117740", "105113190", "108114180", "97105451", "110121500", "104111531", "103111620", "99119830", "101111310", "106117770", "108113480", "113120531", "99108710", "111121351", "104113170", "110116441", "99109780", "110116501", "111117200", "111114171", "110117870", "102114270", "97108520", "102113210", "107113180", "110120700", "105110091", "113119450", "97110950", "112116540", "108113740", "111116110", "112118530", "98112300", "111115910", "111119340", "107114780", "105115680", "105115900", "98113881", "108121351", "106112770", "97113900", "102110850", "101109000", "110114651", "103111170", "97112300", "112119610", "107120010", "98111860", "107115250", "113118231", "99108310", "103113101", "106114321", "105113620", "113122120", "112120630", "97116790", "98106560", "108113760", "111117480", "113122320", "99109910", "99105921", "101111620", "110118121", "102112301", "112120990", "109121351", "110117200", "109116170", "100108520", "98107010", "99107560", "111115770", "109115211", "106116120", "101112540", "110118740", "104113240", "110118301", "108115070", "101110150", "113121410", "111119290", "103118291", "100120780"], "labels": [1, 2, 1, 1, 1, 2, 0, 2, 0, 3, 2, 0, 1, 0, 3, 2, 1, 3, 1, 3, 2, 1, 0, 0, 2, 3, 0, 1, 3, 0, 3, 3, 1, 2, 0, 2, 3, 0, 0, 2, 3, 0, 3, 0, 3, 2, 0, 3, 1, 3, 3, 2, 2, 2, 3, 1, 0, 3, 0, 0, 1, 3, 0, 0, 0, 2, 0, 3, 3, 2, 3, 0, 3, 3, 3, 2, 3, 3, 2, 0, 3, 3, 1, 3, 3, 1, 2, 2, 3, 2, 2, 3, 3, 3, 1, 2, 3, 1, 3, 2, 2, 0, 1, 0, 2, 3, 2, 3, 2, 0, 1, 3, 2, 1, 1, 1, 1, 2, 1, 3, 3, 1, 2, 0, 3, 0, 2, 3, 1, 3, 0, 1, 2, 3, 2, 1, 1, 1, 0, 3, 0, 1], "predicted_labels": [1, 1, 1, 1, 1, 3, 0, 1, 3, 1, 1, 0, 3, 0, 1, 1, 2, 0, 3, 1, 3, 3, 1, 0, 1, 1, 1, 0, 1, 1, 1, 0, 0, 1, 1, 1, 3, 1, 0, 1, 1, 1, 1, 0, 1, 1, 1, 1, 2, 1, 3, 3, 1, 1, 0, 3, 3, 1, 1, 3, 3, 1, 1, 1, 1, 3, 0, 1, 1, 1, 1, 0, 1, 3, 1, 0, 3, 0, 3, 3, 3, 3, 3, 1, 0, 0, 0, 2, 1, 1, 3, 1, 0, 0, 3, 1, 1, 2, 0, 1, 3, 3, 3, 1, 3, 3, 1, 0, 1, 3, 3, 3, 3, 2, 1, 1, 1, 3, 1, 3, 3, 3, 3, 0, 0, 3, 0, 1, 3, 3, 3, 1, 1, 0, 1, 1, 1, 3, 1, 0, 0, 1], "confidence_scores": [[0.2829167256238957, 0.2965547420405758, 0.1749809458828706, 0.24554758645265803], [0.26513477999151536, 0.29494013547286496, 0.15246059366578646, 0.2874644908698332], [0.24864209697170758, 0.30952810600597896, 0.18914750315754975, 0.25268229386476365], [0.1839621068356079, 0.2952030951829684, 0.2627428057860535, 0.25809199219537027], [0.23199133860803703, 0.31525614960489395, 0.16115395945629193, 0.2915985523307771], [0.2031945301649007, 0.2708775413985172, 0.22046407389272585, 0.30546385454385616], [0.3466619894821472, 0.29747596397302767, 0.15535578313838477, 0.20050626340644026], [0.1635482565429992, 0.3935618487983509, 0.16687936835488376, 0.27601052630376616], [0.2593430253066187, 0.17001952232787104, 0.28128300089947483, 0.28935445146603544], [0.24353908737157084, 0.41194452549566635, 0.12044877835848027, 0.22406760877428264], [0.1559722013603608, 0.4721270784562213, 0.11417590102480506, 0.25772481915861295], [0.30074694656307477, 0.2628020283136643, 0.15196994025116708, 0.2844810848720939], [0.29957005098876727, 0.20306783527013844, 0.18966042063811095, 0.3077016931029834], [0.3030618551530385, 0.2832038053520657, 0.13508195726804678, 0.278652382226849], [0.23883531133500174, 0.3908330255411289, 0.13960356010588776, 0.23072810301798174], [0.21715539108915552, 0.3161420689395399, 0.18998353863728618, 0.27671900133401833], [0.1640570794148891, 0.2675144111757348, 0.3444534213306675, 0.22397508807870875], [0.33572294003206354, 0.28369286916429504, 0.15004923022402533, 0.230534960579616], [0.19609661921014182, 0.3226807775649793, 0.13731661788451172, 0.34390598534036715], [0.24680884116072704, 0.3617272471494278, 0.1774290390523895, 0.21403487263745571], [0.23129465684251013, 0.28342180794093036, 0.19764231620034306, 0.2876412190162164], [0.18778207285407497, 0.3333070236664437, 0.14230154308406937, 0.336609360395412], [0.20717818171676236, 0.4683391548158746, 0.11957472057722009, 0.20490794289014308], [0.291332783536812, 0.28000365017301326, 0.16427690362135347, 0.26438666266882127], [0.27441906898150703, 0.2849208837053182, 0.17864364995132778, 0.26201639736184695], [0.21637544907695394, 0.3245805044051666, 0.1731690565145583, 0.285874990003321], [0.3142811278720928, 0.3623225841789531, 0.09398689437424766, 0.22940939357470644], [0.30906635459145987, 0.2208831109929672, 0.19446252320859994, 0.27558801120697307], [0.2358379581171286, 0.29671148682634085, 0.17545802457363033, 0.29199253048290014], [0.17749995768121496, 0.42403078536142863, 0.12319033252488291, 0.2752789244324735], [0.23220788102503237, 0.3005697815409591, 0.17053102286756255, 0.29669131456644604], [0.31715337253276227, 0.2587535825723937, 0.18753981126374997, 0.2365532336310941], [0.289793190019182, 0.2895167140026346, 0.17709288048522226, 0.2435972154929612], [0.20462238921025339, 0.3118510476951572, 0.2219294629088255, 0.26159710018576404], [0.24379039831092064, 0.38047820616281897, 0.12834450570931608, 0.2473868898169442], [0.2328012718111989, 0.3117864969962097, 0.17099526679077146, 0.28441696440181996], [0.22003582365446708, 0.25159389540413546, 0.13560289342334025, 0.39276738751805723], [0.21757600362546875, 0.37642754512229765, 0.14036804039563686, 0.2656284108565968], [0.30239508343950855, 0.2887350465288172, 0.17185992319610593, 0.23700994683556822], [0.246094342122104, 0.2760934935555403, 0.216458581069789, 0.26135358325256675], [0.23263305690599978, 0.3540132346007244, 0.1651429310761861, 0.24821077741708988], [0.26700125595400925, 0.33579713976505954, 0.11986515239597435, 0.27733645188495687], [0.2163766102826234, 0.3090020606583695, 0.17634937967169576, 0.2982719493873113], [0.4640244990784227, 0.17355025766007262, 0.11975621964692067, 0.24266902361458398], [0.24837713403411105, 0.3727013227696515, 0.1373180544948778, 0.2416034887013596], [0.16463435117349554, 0.519332427031206, 0.13697142200021725, 0.17906179979508124], [0.21264959052247953, 0.4294431753111067, 0.12769754569386504, 0.23020968847254858], [0.2413596929579698, 0.4144784052242486, 0.15523537147792696, 0.18892653033985465], [0.19817401548883903, 0.23865091644998976, 0.43090604867525967, 0.13226901938591157], [0.3061147842681833, 0.33233180550081426, 0.14234645446040947, 0.21920695577059296], [0.24921499872871017, 0.25426479374337485, 0.12127868818892888, 0.37524151933898614], [0.2550026406643075, 0.27075700327052254, 0.1640934021756102, 0.3101469538895597], [0.232880650119208, 0.3075071761481431, 0.1990143316425421, 0.2605978420901069], [0.2943077309275567, 0.3483856092490553, 0.13370812463206652, 0.22359853519132164], [0.3738749677598474, 0.24937003992162343, 0.14802681825045516, 0.22872817406807394], [0.2160726042442155, 0.31383949260128885, 0.12217436850054855, 0.347913534653947], [0.27195207297559737, 0.20831797017965692, 0.19172536796448383, 0.3280045888802618], [0.2731000448492043, 0.3542622171126582, 0.122728759667066, 0.24990897837107132], [0.27777293907559175, 0.34733024304811205, 0.13707448807607794, 0.23782232980021817], [0.21573437686783375, 0.216558979386753, 0.15837913482513075, 0.4093275089202824], [0.22905194329098136, 0.21418890979909486, 0.19741580445905055, 0.3593433424508733], [0.1977970155482205, 0.2957837523615161, 0.21687832696928333, 0.2895409051209801], [0.2478471804119153, 0.29192522634683027, 0.21398251940489793, 0.24624507383635644], [0.1536102753956958, 0.5174188284789762, 0.17197493420343676, 0.15699596192189116], [0.20446206038352865, 0.440208774928056, 0.11075001065196124, 0.24457915403645406], [0.16350322399409023, 0.28418142899022836, 0.19770824457743594, 0.35460710243824545], [0.40665979693430904, 0.2417527209100325, 0.135667825551932, 0.2159196566037267], [0.18215571406356604, 0.4060417768492181, 0.12314611562990271, 0.2886563934573132], [0.21395740075326874, 0.39656561848929733, 0.19637922859193377, 0.19309775216550024], [0.16297331087356368, 0.44641850165578595, 0.13339904146804765, 0.25720914600260264], [0.26547608427051933, 0.28503188492419956, 0.20335348832914202, 0.24613854247613912], [0.37788206261716334, 0.23913453029783804, 0.14363862064248767, 0.23934478644251087], [0.2498415964581959, 0.2737631411392654, 0.22558159050474597, 0.2508136718977928], [0.21217156637570023, 0.26902335888274814, 0.14221479323304156, 0.3765902815085099], [0.1728875397658648, 0.5247372248569643, 0.10535652353746536, 0.19701871183970546], [0.41194352666226197, 0.22455905245817465, 0.14632870638546674, 0.21716871449409655], [0.20430205206301572, 0.20398232537220767, 0.13508793381603695, 0.45662768874873977], [0.3046162089308158, 0.2661780662062971, 0.21142719999192044, 0.21777852487096666], [0.28575474256694355, 0.1970654096702824, 0.2031996626148307, 0.3139801851479435], [0.23492396926006556, 0.26206009651614276, 0.11444055619224326, 0.3885753780315484], [0.212257469039528, 0.2486223577253789, 0.23144582371709338, 0.3076743495179996], [0.2661817674970072, 0.1813851866533455, 0.20040476943156477, 0.35202827641808254], [0.3009173082787747, 0.2131706343925744, 0.1458791006160314, 0.3400329567126195], [0.23407425057711256, 0.33757816793285356, 0.15445417266005587, 0.27389340882997804], [0.4390389175220457, 0.1987808042570831, 0.15593353223357584, 0.2062467459872954], [0.2748808715166845, 0.25046509997837135, 0.24306208193649118, 0.23159194656845292], [0.36760974655521456, 0.1875372694920027, 0.12698017311248078, 0.3178728108403019], [0.24778807439817266, 0.2432257621999844, 0.27330950079009086, 0.235676662611752], [0.2253779815775945, 0.3202641503182897, 0.21093359175641138, 0.24342427634770444], [0.2126217120682188, 0.42510802196343506, 0.14533268333156002, 0.216937582636786], [0.13917098534421202, 0.22418985909853426, 0.13372361903510377, 0.5029155365221499], [0.15551122464510278, 0.48653380121927936, 0.16617863868158228, 0.19177633545403558], [0.32282883856609584, 0.29461358675190474, 0.1940744374326017, 0.18848313724939766], [0.343918303890963, 0.22021779612328585, 0.15146645765296546, 0.2843974423327857], [0.1962276179631223, 0.2170449250196559, 0.2574304575140848, 0.3292969995031371], [0.17279982698575155, 0.5364058293001512, 0.12257248610449913, 0.1682218576095979], [0.11355762045082729, 0.3811784124664027, 0.13876789887476576, 0.3664960682080043], [0.23366875401714388, 0.26104022519545755, 0.31595280535566844, 0.1893382154317299], [0.484556701238753, 0.18289754012978657, 0.125600410596721, 0.2069453480347394], [0.27560241612416775, 0.29806965110612893, 0.18389247643597217, 0.24243545633373118], [0.2487367104993514, 0.26543743502415273, 0.2012091893778189, 0.28461666509867695], [0.16433679931686587, 0.2953122644918741, 0.2195851487921001, 0.3207657873991598], [0.1955979153366197, 0.28503431033609067, 0.1418342360811761, 0.3775335382461136], [0.314404657523685, 0.4325885404570655, 0.09633699866550564, 0.1566698033537438], [0.18493415820965936, 0.23526016188959883, 0.15929300967286095, 0.4205126702278809], [0.2157864623054052, 0.19534100470854598, 0.2684352693912778, 0.3204372635947709], [0.2557177457453176, 0.31943826602616665, 0.2117900961679754, 0.21305389206054043], [0.33305240980438744, 0.3285933261648139, 0.09312527922817823, 0.24522898480262056], [0.27418174039699394, 0.3239859028523501, 0.1361283624244454, 0.26570399432621045], [0.2511510759412977, 0.23871744501263276, 0.18557711548845282, 0.32455436355761674], [0.21654211058672837, 0.20978027158622986, 0.12785939949245836, 0.44581821833458346], [0.2853694280019732, 0.25070109826285103, 0.15569031395741104, 0.3082391597777647], [0.26867313170838447, 0.26754058573686434, 0.1511910243828953, 0.31259525817185585], [0.07296522064556552, 0.3177472571746945, 0.4707259512015099, 0.1385615709782301], [0.17797075811618235, 0.5774796063811547, 0.09398097033684556, 0.15056866516581735], [0.23826815539414006, 0.3106676815601638, 0.17382407683777867, 0.2772400862079174], [0.1864689238890927, 0.3541987417707638, 0.19418826951230173, 0.26514406482784186], [0.19355006047316345, 0.3042316243318881, 0.1583969524869328, 0.34382136270801544], [0.15436508480835315, 0.3571671030755926, 0.13195325941627342, 0.35651455269978083], [0.20481647677983109, 0.31439065231650515, 0.10869233892361038, 0.37210053198005333], [0.21744280614051253, 0.20092178688055623, 0.11274684415661407, 0.46888856282231717], [0.31632048510871313, 0.22933419947774744, 0.10491534890078037, 0.34942996651275887], [0.2881779449098088, 0.2624831407929183, 0.14526764075248316, 0.30407127354478986], [0.4246085900549771, 0.2119305545243556, 0.16080674455911387, 0.2026541108615535], [0.3009693232989539, 0.27033793420919744, 0.1788806279957904, 0.24981211449605814], [0.2851431817122673, 0.2473527319809872, 0.14400065449443913, 0.3235034318123063], [0.4406692952606651, 0.24993058794192852, 0.12445260870240342, 0.18494750809500304], [0.24576401467105446, 0.36398926916713564, 0.1985446972623658, 0.1917020188994442], [0.17517214852693863, 0.2554699555241864, 0.18314313563536005, 0.3862147603135149], [0.22950944397845827, 0.2893933471898099, 0.15033296829321377, 0.3307642405385179], [0.3065401169698424, 0.19911055578221917, 0.13446770780818768, 0.35988161943975067], [0.2524426867834346, 0.3043736328798778, 0.2320496741401488, 0.21113400619653877], [0.20359691361126814, 0.3362763894639974, 0.20080811210456848, 0.25931858482016606], [0.3667328312871186, 0.2636267940863172, 0.17037037398459529, 0.19927000064196876], [0.19311056162251522, 0.37061935319375333, 0.14627982338444084, 0.28999026179929066], [0.2943867630540063, 0.3182239865770523, 0.11462676751449415, 0.27276248285444726], [0.17823825593972698, 0.4401905662557444, 0.10146650436497692, 0.28010467343955187], [0.22427598817540156, 0.2535866793644476, 0.17015024522596, 0.3519870872341908], [0.1470398081505562, 0.38517952132156863, 0.18987769136850957, 0.2779029791593655], [0.29502906427279435, 0.23508980148946337, 0.1964852031841194, 0.27339593105362286], [0.30242905145578625, 0.26117039672183523, 0.14479745852727052, 0.29160309329510786], [0.2762791402386685, 0.29418998061613316, 0.16572326322358585, 0.2638076159216123]]}, "rewritten": {"ids": ["97105451", "97105960", "97107260", "97108520", "97110950", "97112300", "97113900", "97114170", "97116790", "98106560", "98107010", "98110680", "98111670", "98111860", "98112300", "98113881", "98116940", "98120010", "99105921", "99107560", "99107950", "99108310", "99108710", "99109780", "99109910", "99111620", "99117740", "99119830", "100108520", "100109330", "100109890", "100111080", "100111380", "100112060", "100120780", "101109000", "101110150", "101110740", "101111310", "101111620", "101112540", "101114020", "101117580", "102110850", "102110890", "102112030", "102112301", "102113210", "102114270", "103110220", "103110760", "103111170", "103111480", "103111620", "103113101", "103113270", "103118291", "104111531", "104111620", "104113170", "104113240", "104113380", "105110091", "105113190", "105113440", "105113620", "105115570", "105115680", "105115900", "106112770", "106114280", "106114321", "106114880", "106116120", "106116441", "106117770", "107112850", "107113180", "107114200", "107114321", "107114780", "107115250", "107118120", "107118490", "107120010", "107120260", "108113480", "108113740", "108113760", "108114180", "108114360", "108115070", "108115500", "108120621", "108121351", "109115211", "109116170", "109117150", "109117730", "109121351", "109121410", "109121640", "110114651", "110116441", "110116501", "110117110", "110117200", "110117870", "110118121", "110118301", "110118701", "110118740", "110118930", "110119300", "110120700", "110121500", "110121720", "111114171", "111115770", "111115910", "111116090", "111116110", "111117200", "111117480", "111119290", "111119340", "111121351", "111121410", "112116540", "112116900", "112118511", "112118530", "112118890", "112119610", "112120630", "112120990", "113118231", "113119450", "113120531", "113121410", "113122120", "113122320"], "labels": [0, 2, 2, 2, 3, 2, 2, 2, 2, 1, 3, 2, 1, 0, 2, 3, 2, 2, 1, 1, 1, 2, 2, 2, 2, 3, 2, 1, 2, 0, 3, 0, 3, 2, 1, 1, 1, 3, 3, 3, 2, 3, 3, 3, 0, 2, 1, 3, 3, 2, 1, 2, 0, 0, 3, 2, 0, 0, 0, 3, 2, 1, 0, 3, 0, 0, 0, 2, 3, 1, 3, 2, 0, 1, 0, 0, 1, 3, 2, 0, 2, 2, 3, 2, 1, 1, 0, 3, 1, 1, 1, 1, 3, 1, 3, 0, 0, 2, 3, 0, 0, 0, 3, 3, 3, 0, 3, 3, 3, 1, 3, 3, 1, 1, 2, 3, 3, 3, 3, 2, 3, 3, 0, 1, 3, 3, 0, 0, 1, 3, 1, 1, 3, 0, 3, 2, 3, 3, 0, 0, 1, 1], "predicted_labels": [3, 0, 3, 0, 0, 1, 1, 3, 2, 2, 1, 0, 1, 1, 1, 1, 1, 3, 1, 1, 2, 1, 2, 1, 1, 0, 0, 3, 0, 3, 0, 0, 1, 0, 1, 0, 3, 1, 3, 0, 1, 1, 2, 2, 3, 1, 0, 1, 1, 1, 3, 0, 0, 3, 1, 1, 0, 1, 3, 1, 1, 2, 0, 1, 1, 3, 1, 0, 1, 1, 0, 0, 1, 0, 1, 0, 3, 1, 1, 1, 0, 0, 1, 3, 2, 1, 1, 1, 0, 2, 3, 1, 0, 0, 0, 0, 0, 1, 0, 0, 1, 0, 0, 1, 0, 1, 0, 3, 1, 1, 1, 0, 1, 0, 0, 1, 0, 3, 1, 0, 0, 0, 0, 2, 1, 1, 0, 1, 0, 1, 1, 1, 3, 1, 0, 3, 1, 1, 3, 2, 3, 1], "confidence_scores": [[0.2988956021297265, 0.20060855834765748, 0.18463001359344658, 0.31586582592916934], [0.2933623465573851, 0.25640205868856114, 0.18295438599523717, 0.2672812087588166], [0.21452141941853609, 0.2672592607545675, 0.24345123381710965, 0.2747680860097867], [0.45713843580567776, 0.21570324737528784, 0.15352349421610853, 0.17363482260292587], [0.3130190669493366, 0.22997349924354682, 0.17405693524502924, 0.2829504985620873], [0.21393759690628397, 0.29352080902291533, 0.22989903848799734, 0.2626425555828033], [0.2656150684423287, 0.41288157525307334, 0.13331642572617822, 0.18818693057841973], [0.2364057579783747, 0.246360350366533, 0.2447064537799711, 0.27252743787512124], [0.14612686864041363, 0.2479844085332101, 0.37890930113303467, 0.2269794216933416], [0.08547138768092435, 0.3722088244542195, 0.4055282770717513, 0.13679151079310503], [0.2768508619501805, 0.3620476090866286, 0.1456825017444609, 0.21541902721873007], [0.28329981807646804, 0.2582570481942904, 0.21898922894945555, 0.23945390477978606], [0.28431424325593857, 0.34059404443398067, 0.15067018148497502, 0.22442153082510566], [0.2218017643648395, 0.4398258273632673, 0.16858240226779259, 0.1697900060041007], [0.26872564351295725, 0.31067348789410437, 0.14293330939914792, 0.27766755919379055], [0.18987227987633656, 0.3603410805446245, 0.2629296694802347, 0.18685697009880434], [0.24141560753557434, 0.36840783171782787, 0.14165025739276116, 0.24852630335383674], [0.2798077912712573, 0.21673438125610078, 0.13926091143272276, 0.36419691603991927], [0.17218722328747693, 0.3984036403346725, 0.14718785255634934, 0.28222128382150113], [0.11387816368708041, 0.40948222562204134, 0.12821333471683338, 0.34842627597404485], [0.2338884514360341, 0.21746638846434777, 0.3925389418306748, 0.1561062182689432], [0.23926652569835674, 0.37512698290995466, 0.1689357884910786, 0.21667070290061013], [0.1388148003577174, 0.19169596580592763, 0.3674415574048818, 0.30204767643147334], [0.13999612167432932, 0.4758436724755677, 0.24956637271635934, 0.13459383313374385], [0.27068841904042945, 0.33961236981897, 0.15201930306864736, 0.23767990807195333], [0.4820013049029198, 0.2202384384610595, 0.13497538021685368, 0.16278487641916697], [0.36390895494381853, 0.2690535958735888, 0.1450208027901485, 0.22201664639244406], [0.1884041159110907, 0.2141008356015947, 0.21683361502230375, 0.38066143346501086], [0.32019564884306123, 0.19948124899185324, 0.24638396796192266, 0.233939134203163], [0.20239999119130553, 0.2855884154022341, 0.12869497373730288, 0.3833166196691574], [0.30208764476868855, 0.22984911888069404, 0.2608649841651105, 0.20719825218550703], [0.34596675827643075, 0.26198411398803223, 0.16581342787316644, 0.2262356998623705], [0.26456638686451805, 0.3759968080075214, 0.13549653628230435, 0.22394026884565615], [0.31714672835736474, 0.25502604763289544, 0.13182818459079315, 0.2959990394189466], [0.27947054436953145, 0.29758827959225476, 0.1676375948896499, 0.2553035811485638], [0.32060514014362723, 0.27285375424127006, 0.15417228393862906, 0.2523688216764736], [0.21188303257617744, 0.28708585301648887, 0.16849399316853067, 0.33253712123880297], [0.3189321232875604, 0.3462468780060802, 0.14830664605777763, 0.18651435264858196], [0.18354701284054536, 0.30033540827649374, 0.20037414504001216, 0.3157434338429487], [0.3065164838407294, 0.20956006207627176, 0.18124560754812472, 0.302677846534874], [0.19688069636514127, 0.3058998488029678, 0.19418389132559374, 0.3030355635062974], [0.23023865956889017, 0.34070046670640275, 0.2013898343233377, 0.22767103940136954], [0.23311667166247882, 0.2600528615293557, 0.2681060302992176, 0.23872443650894787], [0.16907200469801803, 0.282199182618504, 0.34233641294650596, 0.2063923997369718], [0.2386549080356517, 0.3028114153131689, 0.11116161945139477, 0.3473720571997845], [0.23049773448968794, 0.32483610221220477, 0.1886588648206321, 0.2560072984774751], [0.36424042825362063, 0.2748268892690253, 0.1391477487012087, 0.22178493377614528], [0.22800519531005856, 0.3884903578911928, 0.18656773369889834, 0.1969367130998503], [0.21302754613941757, 0.41439352484718234, 0.12981757800105723, 0.24276135101234278], [0.204015678403403, 0.29145441836847014, 0.2592666182879272, 0.2452632849401996], [0.2344934173532386, 0.22891080779655135, 0.21379712861738479, 0.32279864623282534], [0.2918553494030932, 0.2813060537601889, 0.18411274649733098, 0.24272585033938682], [0.33031430547702484, 0.24235937390931256, 0.1587573708155463, 0.2685689497981162], [0.26172591872265016, 0.22700563760769754, 0.19214334391407953, 0.3191250997555727], [0.18829954430570173, 0.35960110354784014, 0.155007391036515, 0.29709196110994307], [0.2162150513484746, 0.35122411571475226, 0.1707641465267207, 0.26179668641005244], [0.3199853040150096, 0.2576090889976532, 0.14762925311561279, 0.2747763538717245], [0.28401229620025203, 0.33266992476210444, 0.1401534657714318, 0.24316431326621193], [0.3247627681256709, 0.18505961743855048, 0.14673096282588474, 0.34344665160989385], [0.22861015717404845, 0.4255719920260241, 0.12906932420982412, 0.21674852659010324], [0.20588024466938337, 0.31103294810262816, 0.19156344086344854, 0.29152336636454007], [0.27872306014819914, 0.19808924924725854, 0.3089295127802771, 0.21425817782426518], [0.332252046160099, 0.23603019622132498, 0.10954292345576258, 0.3221748341628132], [0.24703471992181963, 0.35484672558297015, 0.15642054945504724, 0.2416980050401631], [0.15252246611458842, 0.402296809987551, 0.24873498204721156, 0.19644574185064903], [0.15985279480217923, 0.1989155260236546, 0.16923413855432898, 0.4719975406198373], [0.2377381114724579, 0.33777400875240615, 0.16445533144633098, 0.26003254832880507], [0.36880126034311983, 0.22549226750467347, 0.2098841324864092, 0.19582233966579746], [0.19657343111072959, 0.37138419358108976, 0.14513446942285257, 0.28690790588532805], [0.2735172217704285, 0.2852085168445132, 0.18980288489358707, 0.25147137649147117], [0.40954376534059456, 0.19724218752046999, 0.138059365552168, 0.2551546815867675], [0.41405061969779666, 0.2615521674899982, 0.1098957329177492, 0.21450147989445592], [0.1881495617781446, 0.3923155659550282, 0.11730213200163471, 0.3022327402651926], [0.37144230005899803, 0.24527989562629463, 0.18771593798148167, 0.19556186633322575], [0.2740520508116859, 0.2873482663346486, 0.17844620837511763, 0.26015347447854764], [0.32860388052119227, 0.262746595366453, 0.19259445011023238, 0.2160550740021224], [0.21867218738720828, 0.2899199158685781, 0.17133204770949284, 0.32007584903472064], [0.1889687331052045, 0.3262406741269153, 0.19126703968925818, 0.293523553078622], [0.18297998987481792, 0.36972738853573217, 0.18808540509183827, 0.2592072164976116], [0.2845732407497235, 0.3030889921872393, 0.15228851896189058, 0.26004924810114655], [0.29280098996405907, 0.22092782184686513, 0.21542946974465724, 0.2708417184444186], [0.3009521927139784, 0.25987147088736445, 0.1935156570063279, 0.24566067939232922], [0.29084502136680723, 0.3075492812693271, 0.14177302054791904, 0.2598326768159465], [0.15081777031636037, 0.31192146105569124, 0.20733564598525192, 0.3299251226426964], [0.2616701202222557, 0.19968689482596436, 0.3794059004747831, 0.15923708447699675], [0.24506007684888942, 0.28439625177409233, 0.22673919659289682, 0.2438044747841213], [0.12122658156412341, 0.5319364001250503, 0.17021860961083649, 0.1766184086999899], [0.24279135490624837, 0.346059367254467, 0.13935344688626117, 0.2717958309530235], [0.3630071937699144, 0.22553204153742296, 0.11206610856725174, 0.29939465612541094], [0.15550008765327297, 0.19365920893520575, 0.4022118886947029, 0.2486288147168184], [0.25955762071876565, 0.2090342223746899, 0.23710542605686336, 0.2943027308496811], [0.21079721488572672, 0.47730593280791433, 0.11925752163307839, 0.1926393306732806], [0.37691266131989115, 0.26641504367295576, 0.146505629068385, 0.2101666659387682], [0.3093944788712949, 0.2414515303025825, 0.22515674952951067, 0.2239972412966118], [0.3086895339983895, 0.2285640630211721, 0.19401549261321394, 0.2687309103672244], [0.35876720285725466, 0.2558511908677474, 0.16271979486973653, 0.22266181140526123], [0.33817376364567553, 0.2682251384588264, 0.10632991454910254, 0.2872711833463956], [0.19493966528508147, 0.350088807114142, 0.14270114632782666, 0.31227038127294987], [0.33206657313083576, 0.27808758221643354, 0.19603366831897517, 0.19381217633375555], [0.5040648314485279, 0.21382680505026053, 0.11178082714799388, 0.17032753635321762], [0.2764505818736654, 0.4216333703792118, 0.14846916731284798, 0.15344688043427474], [0.42982302731986616, 0.20232481445844666, 0.12801867349568152, 0.2398334847260058], [0.4252459732088324, 0.18906658479761032, 0.13677184750574892, 0.24891559448780823], [0.22182952811966614, 0.3549756373899289, 0.1612074831600131, 0.26198735133039186], [0.2786010437637196, 0.23948451752537284, 0.24233998355786843, 0.23957445515303913], [0.273211323495074, 0.36098132026459867, 0.12885482287278968, 0.23695253336753755], [0.36951894431748805, 0.24834243672391754, 0.13747594354344, 0.24466267541515435], [0.19541165746443256, 0.27679617034039367, 0.18379277943844033, 0.34399939275673325], [0.2479694710943525, 0.45665239090633547, 0.13792091230335463, 0.1574572256959573], [0.32036510268945984, 0.34748376320338864, 0.10949570358611624, 0.22265543052103542], [0.21052997711637048, 0.3551504979949335, 0.15245018072200542, 0.28186934416669074], [0.4278794941150717, 0.22662197789565106, 0.1826682024648726, 0.16283032552440463], [0.20165210603792125, 0.306347876363726, 0.20090968108061452, 0.29109033651773825], [0.31722561696225515, 0.25878397790748, 0.16580182685008218, 0.2581885782801827], [0.3273054814313641, 0.23005988214333736, 0.17443636131002807, 0.26819827511527056], [0.3287563848348712, 0.36094572993855445, 0.11151294192635454, 0.19878494330021995], [0.4043932251180323, 0.2188136565173298, 0.13679710388533037, 0.23999601447930766], [0.3414461493816974, 0.18423283038772806, 0.10444539916649376, 0.36987562106408073], [0.27161679836473335, 0.3208251002337985, 0.16616377714127292, 0.24139432426019514], [0.2552000277156807, 0.25050124549118064, 0.25157239310441054, 0.2427263336887281], [0.2867717642128822, 0.22781460667214887, 0.23459753393136548, 0.2508160951836035], [0.4390389175220457, 0.1987808042570831, 0.15593353223357584, 0.2062467459872954], [0.3083257464001731, 0.25948997496288156, 0.14881784854520053, 0.2833664300917449], [0.22272991923459284, 0.1480400884355621, 0.4187797158410291, 0.210450276488816], [0.2846589420069688, 0.2925300630287618, 0.15902479249448453, 0.26378620246978474], [0.14237291381795372, 0.47732939248324247, 0.19089666930321617, 0.1894010243955875], [0.3514195023652766, 0.26426003028656697, 0.1482985736595216, 0.23602189368863508], [0.2070707241860085, 0.4571909817922892, 0.13667125646197648, 0.19906703755972593], [0.3926015903121198, 0.24316235488427318, 0.150064197364673, 0.2141718574389342], [0.2916531991155613, 0.37529608018250626, 0.14073422041278136, 0.19231650028915104], [0.3012799875454163, 0.30129519666852794, 0.1348862742595213, 0.2625385415265345], [0.22699263181925242, 0.3672684814313424, 0.21449362050130996, 0.19124526624809535], [0.24100379909208428, 0.26456505350277865, 0.21500413374561897, 0.27942701365951816], [0.24076157788266786, 0.27188460505288686, 0.24447051437021583, 0.24288330269422942], [0.2874053431543019, 0.2380993774739364, 0.20989492039921637, 0.2646003589725454], [0.2788001644794245, 0.17791206544354968, 0.10989219563847985, 0.43339557443854615], [0.15283435120979738, 0.3799558117050232, 0.2186926200252448, 0.2485172170599346], [0.22578490312228214, 0.2644673716645711, 0.24619615565230865, 0.2635515695608381], [0.23432490872380168, 0.22631756479096932, 0.24194541141111311, 0.2974121150741158], [0.26256163371574165, 0.25230447331589, 0.2646637950088132, 0.22047009795955508], [0.21155872697814504, 0.2828456696886942, 0.13012901770685092, 0.37546658562630975], [0.18050317262518564, 0.34563134562564346, 0.16331844484684813, 0.3105470369023229]]}}