{"test": {"ids": ["99109840", "112120990", "108114220", "113119360", "110118121", "110118701", "113117550", "103110220", "101108500", "103120290", "110119030", "108115570", "100109330", "103118291", "107114200", "111118820", "103113270", "99111000", "112119580", "105113480", "112117210", "111120220", "110114720", "107118520", "113121810", "105115900", "111121351", "107117630", "103120340", "104114240", "103109021", "111117480", "112120670", "112116610", "101108290", "112121410", "104111550", "111119430", "107112850", "99107560", "100107920", "99108580", "99117630", "111116530", "99110730", "103113640", "107116501", "106116120", "101110740", "108114200", "98116940", "105111990", "111115780", "111116990", "102113210", "112116640", "100109910", "108117610", "98120010", "108119330", "105120280", "97116500", "107117010", "104116800", "100109311", "97114170", "110121450", "108113740", "98107210", "109113591", "104111711", "103117200", "112119980", "103110050", "109119460", "110115120", "101111310", "110118740", "112118810", "101108950", "104118070", "97107950", "98120530", "102113981", "111121190", "108114270", "98107010", "109118231", "106119260", "113122150", "113120070", "103110100", "108119550", "110120560", "99116500", "97105760", "108118810", "103111540", "104113170", "113122180", "104111830", "103111110", "102109910", "109119591", "108114040", "108115880", "101112690", "111118301", "107115140", "103110760", "104114740", "105116650", "98109090", "112116800", "110116501", "102111990", "107118820", "110114920", "111120591", "105117200", "112118930", "112120700", "103111930", "113122190", "107114321", "105117431", "102107961", "97107821", "107114621", "100111390", "103109641", "112118530", "100120780", "97108520", "107114780", "99117740", "113118820", "106115240", "100116790", "111119950", "111119340", "108120700"], "labels": [2, 2, 3, 0, 3, 3, 3, 2, 3, 2, 0, 3, 0, 0, 2, 0, 2, 2, 3, 0, 1, 3, 3, 2, 2, 3, 0, 0, 1, 0, 0, 1, 2, 1, 0, 0, 1, 3, 1, 1, 0, 0, 3, 3, 3, 1, 1, 1, 3, 0, 2, 2, 1, 0, 3, 0, 2, 3, 2, 0, 3, 2, 1, 1, 1, 2, 3, 3, 1, 3, 1, 0, 0, 3, 1, 0, 3, 3, 3, 2, 2, 2, 1, 1, 1, 3, 3, 1, 1, 2, 2, 1, 1, 0, 2, 0, 1, 1, 3, 2, 3, 3, 2, 0, 0, 3, 1, 3, 0, 1, 2, 1, 1, 0, 3, 2, 3, 3, 1, 3, 1, 2, 3, 1, 0, 1, 3, 2, 0, 2, 1, 1, 1, 2, 2, 2, 0, 1, 2, 0, 3, 2], "predicted_labels": [1, 1, 0, 3, 3, 1, 3, 1, 3, 1, 3, 1, 1, 0, 1, 0, 2, 3, 0, 0, 2, 0, 2, 1, 2, 0, 0, 0, 1, 0, 0, 1, 1, 0, 1, 0, 2, 3, 1, 1, 3, 0, 3, 1, 2, 0, 1, 1, 1, 3, 3, 3, 3, 0, 3, 1, 2, 3, 3, 1, 1, 1, 1, 3, 0, 3, 1, 0, 3, 0, 3, 1, 1, 0, 3, 3, 0, 0, 0, 3, 3, 2, 0, 3, 0, 1, 1, 1, 3, 1, 1, 1, 2, 3, 2, 3, 1, 0, 0, 3, 1, 0, 0, 1, 2, 3, 3, 0, 3, 3, 3, 2, 3, 3, 3, 1, 3, 0, 0, 3, 1, 3, 0, 3, 1, 1, 3, 0, 3, 3, 2, 2, 3, 0, 1, 0, 0, 0, 1, 0, 3, 0], "confidence_scores": [[0.013650934351096936, 0.562059667963823, 0.41958949003974916, 0.004699907645330903], [0.031521702257756745, 0.7710187089289637, 0.19462985300491142, 0.0028297358083680083], [0.9417471737957559, 0.01861930170796912, 0.03216991333097591, 0.007463611165299025], [0.058104410169197436, 0.08992061417981248, 0.07109627198356576, 0.7808787036674242], [0.0009841224387653934, 0.1652947636170339, 0.0036669073939482833, 0.8300542065502525], [0.32770627457122375, 0.5485852384320518, 0.014791143263261412, 0.10891734373346307], [0.09439907044649867, 0.028066633717052387, 0.008228627679562447, 0.8693056681568865], [0.0015231145852873046, 0.9037487661253376, 0.05975675285619063, 0.0349713664331842], [0.014185874599889002, 0.04532131160082612, 0.4383665482847896, 0.5021262655144952], [0.14513243138254217, 0.5031455101996601, 0.03878846663653916, 0.3129335917812586], [0.0022604502834975074, 0.1628673447072861, 0.0012326491437029685, 0.8336395558655133], [0.022046598667390196, 0.48225600135916874, 0.3696525996586658, 0.12604480031477527], [0.4018081514843609, 0.45160699739502075, 0.030065162329836307, 0.11651968879078199], [0.6668611403160354, 0.17935420814331274, 0.12490954325149661, 0.028875108289155283], [0.00269143588379073, 0.9575863779365341, 0.0005280255478691067, 0.039194160631805974], [0.5505055049529033, 0.2514477196583383, 0.008101308466295065, 0.18994546692246345], [0.013342695117740923, 0.16917537836675633, 0.7980856512966077, 0.01939627521889507], [0.0005860007258972715, 0.13779938349944276, 0.027218508073273934, 0.834396107701386], [0.9995021586718953, 9.044122126287709e-06, 0.00012250464772957164, 0.0003662925582488813], [0.40820738995505934, 0.17553773629449668, 0.0972512916540145, 0.3190035820964295], [0.0007209409100541739, 0.06963934424390536, 0.7281682284941439, 0.20147148635189663], [0.9125269539079338, 0.01708322084157326, 0.05865369343037362, 0.01173613182011932], [0.043013130961342315, 0.3407911425603715, 0.43972055270351573, 0.17647517377477037], [0.030315303513584302, 0.921319393419008, 0.01170371042294766, 0.036661592644459874], [0.08674879331930625, 0.1350366425600609, 0.6085725593116745, 0.1696420048089584], [0.8159533235298659, 0.013052739791541392, 0.0021416618706443656, 0.1688522748079483], [0.9907181180498285, 0.008818969035597892, 4.2741998521791045e-05, 0.0004201709160518908], [0.9664515450575126, 0.0003814853091128699, 0.01804523005097055, 0.015121739582404058], [0.0412574400387805, 0.7753698717056504, 0.14183110884351643, 0.04154157941205264], [0.6676170773769596, 0.06261005734757259, 0.1859803724554616, 0.08379249282000631], [0.795917517352202, 0.00410604932419817, 0.010463207919742068, 0.18951322540385795], [0.10618877472276592, 0.7750024880995874, 0.038507563942030476, 0.08030117323561638], [0.23382813454356888, 0.5419627564462237, 0.04573781792139484, 0.17847129108881252], [0.9342666152827895, 0.009550444741652347, 0.046292082667265366, 0.009890857308292582], [0.07996124841920178, 0.7271102891535064, 0.0020395693771502626, 0.1908888930501415], [0.682336358511769, 0.10825181089706538, 0.0537010966708553, 0.1557107339203103], [0.07143185474403577, 0.023827426296019298, 0.669282070216236, 0.23545864874370892], [0.0001432843779841225, 0.015799104169086267, 0.001087069107373475, 0.982970542345556], [0.4399337219875045, 0.5048581994940674, 0.02822341416906544, 0.026984664349362652], [0.26611356841287537, 0.7164451735901726, 0.01330449033824191, 0.004136767658709933], [0.023504047407225562, 0.007245664178368955, 0.0023423467779341302, 0.9669079416364714], [0.6448093814187918, 0.30375855916030353, 0.019515686513425286, 0.031916372907479416], [0.1017622087668598, 0.09844220041308265, 0.3745115211962881, 0.42528406962376936], [0.021630347293584182, 0.8501652500198759, 0.00014150008548721507, 0.1280629026010528], [0.010897309804465924, 0.022433932690644056, 0.727983963170214, 0.23868479433467604], [0.7767800753249244, 0.0009241271491870764, 0.0013016529880368257, 0.22099414453785166], [0.036978381645726914, 0.959547939237757, 0.00023076406911501997, 0.0032429150474010925], [0.3343150140676128, 0.4172120352223001, 0.11005239223611205, 0.1384205584739751], [0.1560756171032228, 0.3670388246995358, 0.15215029960427898, 0.3247352585929624], [0.1267355411946681, 0.351982270112517, 0.07901132918763186, 0.442270859505183], [0.12103214127702716, 0.05340615774625846, 0.04152834250643826, 0.7840333584702761], [0.012551631410133903, 0.15983448478773216, 0.017529165768882454, 0.8100847180332515], [0.03552930535795131, 0.15985855040045277, 0.29257191655679216, 0.5120402276848037], [0.9719178294853839, 0.0022947949123511193, 0.00422612073271954, 0.021561254869545608], [0.005053413730189068, 0.4429360202973546, 0.05920535984696025, 0.49280520612549616], [0.03239909674287786, 0.7126960097612388, 0.021164193569888985, 0.23374069992599433], [0.10576122970229251, 0.09612559241205254, 0.6776794125919268, 0.12043376529372823], [0.01642193308709998, 0.439844052252013, 0.035939964682994, 0.507794049977893], [0.017298890163733236, 0.08065779871857795, 0.32496336024513234, 0.5770799508725565], [0.08961461007478111, 0.5261018255365285, 0.07262902014686637, 0.31165454424182404], [0.03980710605974181, 0.9588446120378659, 0.00011991743272680973, 0.0012283644696655229], [0.060566657098051944, 0.7533365475024484, 0.0996074096718693, 0.08648938572763053], [0.0616222950269058, 0.4787538890068775, 0.12051153081190519, 0.33911228515431147], [0.05741615816870412, 0.015262615225825752, 0.0021347304778289084, 0.9251864961276413], [0.8290543627514669, 0.07454498205626503, 0.004327281349416751, 0.09207337384285133], [0.004559221504237997, 0.005290518055071016, 0.02652224643204108, 0.96362801400865], [0.3388835994479943, 0.4237156521060061, 0.00019407380987707926, 0.23720667463612236], [0.5048361625475452, 0.0616628940560786, 0.16450069004447634, 0.2690002533518999], [0.002511480488968569, 0.07410144219548113, 0.004824574546828798, 0.9185625027687214], [0.7279720180831688, 0.08295672120278513, 0.0002683953492392453, 0.18880286536480695], [0.20772132464590093, 0.12738924064738305, 0.09779003148505983, 0.5670994032216562], [0.014260142986200349, 0.9784923497129678, 0.0020888433671816583, 0.0051586639336501025], [0.07668677559850946, 0.8396830290835969, 0.045722992083020976, 0.037907203234872705], [0.3215084319909304, 0.22722600886416233, 0.187122582293906, 0.2641429768510013], [0.3339936944584083, 0.030786036828881255, 0.04980644537823879, 0.5854138233344717], [0.3124130294150754, 0.057779790671084186, 0.05999802273050989, 0.5698091571833305], [0.7778932654442908, 0.03643603360962251, 0.1784916436538772, 0.007179057292209385], [0.6254379786844986, 0.006598343883183468, 0.0015647146136965535, 0.3663989628186213], [0.8144033118251585, 0.0220592577293632, 0.008237572067425944, 0.15529985837805252], [0.020159048673305927, 0.0780874473185138, 0.04785296500515521, 0.853900539003025], [0.009948957554830795, 0.00802412749498958, 0.03930686874410309, 0.9427200462060764], [0.005967335135201569, 0.02779634102882553, 0.6663858890094642, 0.2998504348265088], [0.30243803106578226, 0.21476043268531134, 0.28287329632320996, 0.1999282399256964], [0.38175977014469753, 0.06245197197315157, 0.0020728804716657156, 0.5537153774104853], [0.92783424749845, 0.009825038022998332, 0.01578169800364169, 0.04655901647490987], [0.039251464114253336, 0.838654607423143, 0.004679111886596259, 0.1174148165760075], [0.028472575626934414, 0.8762451081565756, 0.042094632497173365, 0.05318768371931655], [0.015996490643055295, 0.754534449658048, 0.22076234497084665, 0.008706714728050303], [0.009477321909670582, 0.0020995595940135853, 0.050836229939790395, 0.9375868885565254], [0.0016825520360436092, 0.9768356887741978, 0.0005975811221794985, 0.020884178067579286], [0.009446789886141643, 0.9041888840892229, 0.06155805202164819, 0.024806274002987093], [0.020236870234087746, 0.7230716851193373, 0.14972774519426615, 0.10696369945230881], [0.012559893317266662, 0.1319041792312638, 0.5599509530296601, 0.29558497442180937], [0.08918664870866766, 0.22254779565831, 0.30882766666546324, 0.3794378889675592], [0.002166889354122242, 0.15717200670571838, 0.6637327056072628, 0.17692839833289647], [0.14208324339416942, 0.09534658584854003, 0.0016474177625584395, 0.7609227529947321], [0.01246451392327379, 0.8140070252062297, 0.022513283041312393, 0.1510151778291841], [0.5804191837258781, 0.32600587801297454, 0.0036770927060393844, 0.08989784555510802], [0.7772805851079768, 0.1950438699521041, 0.009750084834211897, 0.017925460105707156], [0.004802557284309829, 0.0021687477857396287, 0.0073318534937775025, 0.9856968414361731], [0.004256963326654702, 0.8438510972575006, 0.0013590423034173815, 0.15053289711242737], [0.9695526427885037, 0.00010542623342228511, 0.003340650315508183, 0.02700128066256587], [0.8030810152487791, 0.12756417251172708, 0.032918787516625934, 0.036436024722867943], [0.12000743378993459, 0.8410313183899414, 0.029844750324553474, 0.009116497495570594], [0.1799350192282228, 0.1354921256242961, 0.5497836557319763, 0.13478919941550485], [0.03510052049146812, 0.0004208938216277909, 0.0007989927095635651, 0.9636795929773406], [0.16233369709926204, 0.004368718283522836, 0.03837226284292536, 0.7949253217742898], [0.4589499026521274, 0.004183583493767104, 0.10203939171126715, 0.43482712214283853], [0.06305657994968211, 0.0020178212865443962, 0.003910781294384642, 0.9310148174693889], [0.020381065299590148, 0.025145154020978715, 0.020403122993379656, 0.9340706576860516], [0.0020471937549999962, 0.009470240016068096, 0.09650580750671883, 0.891976758722213], [0.016011852624986025, 0.3587659935801705, 0.6187996825928702, 0.006422471201973262], [0.08314191587415802, 0.004085940170228743, 0.008820548468313446, 0.9039515954872998], [0.015139041347803339, 0.2633186972191045, 0.0008085440242942152, 0.7207337174087979], [0.005982832611642452, 0.4654767252247034, 0.0008515100617206336, 0.5276889321019335], [0.06125950716075567, 0.8084785782759357, 0.09785689399166637, 0.03240502057164208], [0.14033505229438242, 0.41391015294271283, 0.014056200520610336, 0.43169859424229434], [0.5748562181521951, 0.4031202295313356, 0.0199460923809918, 0.002077459935477562], [0.9593840909899145, 0.0011993364286760925, 0.0010169559319856054, 0.03839961664942385], [0.037375848769205036, 0.13360034149065902, 0.23288389682182328, 0.5961399129183126], [0.12336552954687083, 0.6211062068464177, 0.0032605670275198013, 0.25226769657919185], [0.047638356221000364, 0.32102080895043206, 0.07823652137698202, 0.5531043134515855], [0.7372417274442996, 0.15092969749003363, 0.09016739478371637, 0.021661180281950264], [0.03866603304639588, 0.06151267563900095, 0.27347385798372525, 0.626347433330878], [0.044207109762020025, 0.8838625836818484, 0.002004824136843127, 0.06992548241928831], [0.01056489335838135, 0.8148769447790873, 0.12658278854697083, 0.04797537331556051], [0.07594650639697646, 0.0013984641959117838, 0.029337618527453122, 0.8933174108796587], [0.5139304973633615, 0.049573299454306476, 0.13882164188589965, 0.2976745612964324], [0.13140118502470718, 0.0012110958168742544, 0.000419220054772909, 0.8669684991036457], [0.3542195981243561, 0.17155954376148172, 0.0797705943462987, 0.3944502637678634], [0.012912853258496169, 0.11736398567802074, 0.8214769476874133, 0.04824621337606985], [0.009639366647130956, 0.2219218257910094, 0.5870928669242408, 0.18134594063761886], [0.4152518782791293, 0.0718408337740488, 0.008810242132736575, 0.5040970458140853], [0.4872270673357417, 0.31714550988466095, 0.07616698920212511, 0.1194604335774723], [0.004435476435418221, 0.8817658797485051, 0.0984640898547993, 0.015334553961277274], [0.8799037315867464, 0.03730987331455955, 0.055383114542325584, 0.027403280556368648], [0.5027936307441166, 0.4927376897560867, 0.00021275446252967998, 0.004255925037266978], [0.6912391879009158, 0.2738997666576037, 0.015248348044721506, 0.019612697396758975], [0.10481750115577407, 0.537337926465938, 0.3026695034019425, 0.055175068976345464], [0.8557315391101898, 0.04734994864533968, 0.04819055839287941, 0.048727953851590955], [0.006236373912267641, 0.10903151391898873, 0.06249639348436545, 0.8222357186843782], [0.7202361091718712, 0.14376545010042127, 0.023717519318366274, 0.11228092140934133]]}, "rewritten": {"ids": ["97105760", "97107821", "97107950", "97108520", "97114170", "97116500", "98107010", "98107210", "98109090", "98116940", "98120010", "98120530", "99107560", "99108580", "99109840", "99110730", "99111000", "99116500", "99117630", "99117740", "100107920", "100109311", "100109330", "100109910", "100111390", "100116790", "100120780", "101108290", "101108500", "101108950", "101110740", "101111310", "101112690", "102107961", "102109910", "102111990", "102113210", "102113981", "103109021", "103109641", "103110050", "103110100", "103110220", "103110760", "103111110", "103111540", "103111930", "103113270", "103113640", "103117200", "103118291", "103120290", "103120340", "104111550", "104111711", "104111830", "104113170", "104114240", "104114740", "104116800", "104118070", "105111990", "105113480", "105115900", "105116650", "105117200", "105117431", "105120280", "106115240", "106116120", "106119260", "107112850", "107114200", "107114321", "107114621", "107114780", "107115140", "107116501", "107117010", "107117630", "107118520", "107118820", "108113740", "108114040", "108114200", "108114220", "108114270", "108115570", "108115880", "108117610", "108118810", "108119330", "108119550", "108120700", "109113591", "109118231", "109119460", "109119591", "110114720", "110114920", "110115120", "110116501", "110118121", "110118701", "110118740", "110119030", "110120560", "110121450", "111115780", "111116530", "111116990", "111117480", "111118301", "111118820", "111119340", "111119430", "111119950", "111120220", "111120591", "111121190", "111121351", "112116610", "112116640", "112116800", "112117210", "112118530", "112118810", "112118930", "112119580", "112119980", "112120670", "112120700", "112120990", "112121410", "113117550", "113118820", "113119360", "113120070", "113121810", "113122150", "113122180", "113122190"], "labels": [0, 2, 2, 2, 2, 2, 3, 1, 1, 2, 2, 1, 1, 0, 2, 3, 2, 2, 3, 2, 0, 1, 0, 2, 2, 2, 1, 0, 3, 2, 3, 3, 1, 3, 2, 2, 3, 1, 0, 1, 3, 1, 2, 1, 3, 1, 3, 2, 1, 0, 0, 2, 1, 1, 1, 3, 3, 0, 2, 1, 2, 2, 0, 3, 1, 3, 1, 3, 1, 1, 1, 1, 2, 0, 0, 2, 0, 1, 1, 0, 2, 3, 3, 0, 0, 3, 3, 3, 3, 3, 1, 0, 1, 2, 3, 1, 1, 0, 3, 3, 0, 3, 3, 3, 3, 0, 0, 3, 1, 3, 0, 1, 3, 0, 3, 3, 0, 3, 1, 1, 0, 1, 0, 0, 1, 1, 3, 1, 3, 0, 2, 2, 2, 0, 3, 0, 0, 2, 2, 2, 2, 1], "predicted_labels": [1, 2, 2, 3, 3, 1, 0, 1, 3, 3, 3, 3, 0, 1, 1, 2, 3, 1, 1, 0, 3, 0, 1, 2, 3, 1, 3, 1, 3, 3, 3, 2, 3, 3, 0, 1, 1, 3, 0, 2, 1, 1, 3, 3, 0, 0, 0, 2, 0, 1, 0, 3, 1, 2, 3, 1, 0, 0, 3, 3, 3, 1, 1, 0, 1, 3, 1, 0, 0, 3, 3, 1, 1, 3, 3, 1, 3, 1, 3, 0, 1, 1, 0, 2, 1, 3, 1, 1, 3, 1, 1, 1, 2, 0, 3, 1, 3, 1, 2, 0, 1, 3, 3, 1, 0, 1, 0, 0, 2, 1, 1, 3, 0, 1, 3, 3, 0, 0, 0, 0, 0, 0, 3, 1, 2, 3, 3, 1, 0, 1, 1, 1, 1, 0, 3, 0, 3, 1, 1, 1, 3, 3], "confidence_scores": [[0.17859568283413893, 0.5503180301526877, 0.0018338167871302785, 0.2692524702260431], [0.1505551617989645, 0.10729712015582572, 0.43701639332635456, 0.3051313247188552], [0.004096732575705927, 0.018494376858500472, 0.9032837173525853, 0.07412517321320825], [0.15671555576032095, 0.25060102676725166, 0.04947017548078722, 0.5432132419916401], [0.02341896908863583, 0.004326838074775455, 0.02631191643069917, 0.9459422764058897], [0.03757089824415085, 0.6152295391205089, 0.11311535320502716, 0.23408420943031305], [0.6252639549348077, 0.24644355019736358, 0.04636717986204984, 0.0819253150057788], [0.04373557843922278, 0.8967140423958567, 0.027399983917669117, 0.032150395247251336], [0.3472412323290143, 0.004051663404785521, 0.009506803494918593, 0.6392003007712815], [0.0964132537678654, 0.24169929263126796, 0.19106916378104158, 0.4708182898198251], [0.005024233786348797, 0.11664504492019058, 0.3590308486711347, 0.5192998726223258], [0.0749703868414421, 0.0043718663192086485, 0.12035428753839003, 0.8003034593009591], [0.5714407541058238, 0.4113469922730003, 0.012306977979944839, 0.00490527564123099], [0.4312023333150888, 0.48115512840456104, 0.0182123070398584, 0.06943023124049173], [0.006482451065842539, 0.5509449593511092, 0.44138805093403155, 0.0011845386490168001], [0.0033437417977447144, 0.028432903426435587, 0.7573470543412274, 0.21087630043459227], [0.009272159728642301, 0.14269822921993072, 0.3114562620483034, 0.5365733490031235], [0.03208118660325742, 0.8191589803587043, 0.1479483232932374, 0.0008115097448007474], [0.10229113225807475, 0.3880140594450072, 0.16766702139087036, 0.3420277869060477], [0.6783270951952396, 0.1609899760564296, 0.08941655365844466, 0.07126637508988638], [0.01033472539683265, 0.004642479316727478, 0.000621806579753556, 0.9844009887066864], [0.5145108453542474, 0.026145430878805692, 0.028530038450784133, 0.4308136853161628], [0.30700847764053035, 0.4194030007198354, 0.08014483374068747, 0.19344368789894686], [0.3297748424877381, 0.05113876414691485, 0.5610543536720197, 0.05803203969332739], [0.35710530381645045, 0.051928922174970644, 0.08369230221000924, 0.5072734717985696], [0.2518245813445076, 0.33328567371628776, 0.20437687951343084, 0.21051286542577383], [0.2652579723109727, 0.04565871595775469, 0.002287811857696868, 0.6867954998735758], [0.05555674734964436, 0.7856624515503958, 0.002610890495307434, 0.15616991060465238], [0.005080632037164991, 0.008917466751426654, 0.4896821504624562, 0.49631975074895224], [0.028521551543024774, 0.03544365662005225, 0.04187281951861494, 0.8941619723183081], [0.09760370718634598, 0.3272593711683114, 0.20124356802494608, 0.37389335362039644], [0.37395966905380307, 0.042270534108214505, 0.5729211341467502, 0.010848662691232289], [0.13260970195927355, 0.00841194921137619, 0.0541516545428356, 0.8048266942865148], [0.11596755012797158, 0.11349220724018835, 0.1688340041798955, 0.6017062384519446], [0.9627842859854528, 0.01004827988396927, 0.003449369696499597, 0.023718064434078267], [0.15002260221880342, 0.7532979691171, 0.08792429621603863, 0.008755132448057819], [0.10753725101264928, 0.5524572319046065, 0.1205539028185761, 0.21945161426416815], [0.423760479769989, 0.03071022380552135, 0.0012948720597108655, 0.5442344243647789], [0.8574746726183395, 0.009775524598044531, 0.012056404562630735, 0.12069339822098524], [0.0033747473632814366, 0.23617928953624104, 0.6493364415855131, 0.11110952151496438], [0.3858651420789426, 0.5804889561156386, 0.028196326993989978, 0.005449574811428845], [0.0014509215884348523, 0.9297514668927753, 0.025406770184095456, 0.04339084133469443], [0.07788259503067632, 0.18113158909578522, 0.20325961645567464, 0.5377261994178638], [0.015278726086961705, 0.2588590552641142, 0.02905625702989746, 0.6968059616190267], [0.9857987079051214, 0.003438636816355349, 0.0017586915281150306, 0.00900396375040838], [0.5305625275084814, 0.15446754274926672, 0.0015280701206564784, 0.3134418596215953], [0.7796768019346226, 0.09223088275810326, 0.1047129307294561, 0.02337938457781821], [0.03053683518323921, 0.16535607326539375, 0.7400475465254359, 0.06405954502593114], [0.8465320898846562, 0.004110592577109579, 0.003267113772323893, 0.14609020376591034], [0.0018325845234973786, 0.996692170595505, 0.0006366583591058637, 0.0008385865218918096], [0.41557045197566056, 0.09561357084940793, 0.4035904929696124, 0.08522548420531911], [0.15086688977742865, 0.36774654539576085, 0.09655797734938536, 0.38482858747742515], [0.15436328239464733, 0.5929614665820067, 0.22666438611412365, 0.026010864909222314], [0.12742925932933805, 0.030717545382815452, 0.7502721433310051, 0.0915810519568414], [0.0024372085730609474, 0.07044960275634654, 0.0006551955916345542, 0.9264579930789579], [0.002057020702327234, 0.9820485830828808, 0.0005007774357726216, 0.01539361877901918], [0.7574219538486882, 0.20615889175693944, 0.025660447726682304, 0.010758706667690037], [0.3236126575356107, 0.282117698192003, 0.1885597060286709, 0.20570993824371556], [0.005131830558641031, 0.01069087255458896, 0.057601065092737394, 0.9265762317940327], [0.052515121223593295, 0.006176922110812622, 0.0004236318578481565, 0.9408843248077459], [0.03773405838114082, 0.035286321279386065, 0.05538639979598035, 0.8715932205434928], [0.009123840517345496, 0.8912652693004576, 0.016580923541398028, 0.08302996664079904], [0.09368180110531205, 0.6934953057885597, 0.04423228301937583, 0.16859061008675247], [0.9354896959512601, 0.008479591326264354, 0.04764797813783638, 0.008382734584639027], [0.17180221146038163, 0.6448401427823698, 0.03192312338653148, 0.15143452237071708], [0.20259158380236805, 0.20192272692608332, 0.07434613122144507, 0.5211395580501036], [0.03133309724329885, 0.5592855010685472, 0.3045063464957053, 0.10487505519244862], [0.5662989833426824, 0.43340267693499096, 0.0002424551002370449, 5.58846220894554e-05], [0.7587826153602669, 0.003281214303767617, 0.09308328789584476, 0.14485288244012076], [0.30601101047635926, 0.2105366973545129, 0.12729382283873922, 0.35615846933038864], [0.021717022219206347, 0.019810666984278625, 0.0716721005309923, 0.8868002102655228], [0.0477823574160364, 0.9282671777983728, 0.013842596509532186, 0.010107868276058618], [0.0013968108712609872, 0.9968445118250282, 5.281468655245254e-05, 0.001705862617158152], [0.12890535784544038, 0.3909926199951845, 0.0005049481802429248, 0.47959707397913215], [0.04447617959167214, 0.004509501036894679, 0.00053183159550537, 0.9504824877759277], [0.01536063625705213, 0.5003018133527679, 0.30283960117623737, 0.18149794921394247], [0.020266398547510386, 0.00030300385499975886, 0.002065698441995616, 0.9773648991554942], [0.049662534300997166, 0.947341696154315, 0.0003634319579228352, 0.0026323375867652247], [0.04895633277897764, 0.24458752709702086, 0.1157261384659307, 0.5907300016580709], [0.9543748048085416, 0.0007664265486145702, 0.01832584881524127, 0.02653291982760271], [0.12483095669546614, 0.7321259353465066, 0.017552018652334262, 0.12549108930569297], [0.003909130468797108, 0.9889396782066076, 6.0770799031141344e-05, 0.00709042052556418], [0.4461465080143568, 0.2034448232426214, 0.22081778980578332, 0.12959087893723853], [0.41667372847266043, 0.028152690873486475, 0.5097037308201671, 0.04546984983368597], [0.058037008791555454, 0.8327785630421607, 0.016485166257750244, 0.09269926190853367], [0.26504436762590605, 0.021065641986576667, 0.11236416328179238, 0.6015258271057248], [0.18333466933078216, 0.6342270464619848, 0.00782944656460767, 0.17460883764262528], [0.010077660688697532, 0.46580495050564175, 0.42103192929905536, 0.10308545950660539], [0.049892902469217855, 0.30360251792770215, 0.04309123744308926, 0.6034133421599908], [0.0009100670133667645, 0.7849122878034677, 0.0019645567822445574, 0.21221308840092099], [0.04306225907592498, 0.6045226202908509, 0.01275950209973842, 0.3396556185334856], [0.04029653767856802, 0.7889923452555053, 0.046665778861610455, 0.12404533820431636], [0.032550886059310634, 0.29892921972211656, 0.33593869307867974, 0.33258120113989303], [0.7916030856361406, 0.20478349844710808, 0.00132540014025947, 0.002288015776491788], [0.3789954131541966, 0.14570692670998178, 6.203057883547353e-05, 0.47523562955698617], [0.019849740493802333, 0.8441192446006088, 0.1293983177148356, 0.006632697190753272], [0.14421674141456825, 0.07373436873855668, 0.06543273037919099, 0.7166161594676841], [0.011600869207058016, 0.980722217991273, 0.004697302697768762, 0.00297961010390024], [0.01392184331880498, 0.4122918533022505, 0.5482004555224753, 0.025585847856469182], [0.628404686427748, 0.28940396162842036, 0.07087131818079627, 0.0113200337630354], [0.1686036979676006, 0.669696294829916, 0.05524784706597834, 0.10645216013650517], [0.00819354823417375, 0.04441926187226731, 0.0004509220398826329, 0.9469362678536762], [0.09478291834998182, 0.026448139824638617, 0.0024531799135920334, 0.8763157619117875], [0.04236433184037781, 0.6188185298330561, 0.008158329879856383, 0.33065880844670975], [0.8157949841852605, 0.1509845861938064, 0.0017542730681760048, 0.03146615655275717], [0.002520236960613057, 0.7143872270688012, 0.0016324063438738039, 0.281460129626712], [0.5874423466719204, 0.023695069427604146, 0.16422519742702435, 0.2246373864734511], [0.7749889010438061, 0.08636134433429668, 0.00015226672837064155, 0.13849748789352637], [0.02545487273781902, 0.3973440486690569, 0.45140987412884676, 0.12579120446427725], [0.0585720253628715, 0.5807512557372927, 0.0006328611833350474, 0.3600438577165007], [0.30973037771097245, 0.3339127781517389, 0.09500876789034335, 0.26134807624694534], [0.15889467985049338, 0.06414772411461592, 0.009454999319675268, 0.7675025967152154], [0.7309282618762478, 0.001503466658233497, 0.11767703556544706, 0.14989123590007164], [0.4226985702846694, 0.48512056823041927, 0.0049127836618364186, 0.08726807782307497], [0.02122014213717455, 0.2484078129875875, 0.09810399963915799, 0.63226804523608], [7.270115628901089e-05, 0.016568294231777587, 0.002501357321136456, 0.980857647290797], [0.9768883643866147, 0.003473931772235084, 0.014803576666688148, 0.00483412717446198], [0.9728906195082362, 0.0014020745613926807, 0.025376677024629174, 0.00033062890574192224], [0.9940087693431845, 0.0001888763500049266, 0.00034649539914048563, 0.0054558589076701015], [0.932428078161836, 0.003079472605372739, 0.013243804977367279, 0.05124864425542396], [0.9710430002995919, 0.028379404109693245, 0.00020791067701278422, 0.00036968491370188087], [0.9205875845128196, 0.001203002630827663, 0.04620216784844653, 0.03200724500790618], [0.07638990142548806, 0.3789160017332154, 0.05799786965743612, 0.4866962271838605], [0.06013438250107141, 0.7069825722785023, 0.00638427347240968, 0.2264987717480167], [0.0018848511271464404, 0.10167014338838788, 0.8709811560035006, 0.025463849480965126], [0.004719521885864149, 0.12992633920111196, 0.26602636803140656, 0.5993277708816174], [0.2825270006440271, 0.005369122283110464, 0.01248729553194713, 0.6996165815409153], [0.07296169884806628, 0.9215699104019548, 0.00014250574416212647, 0.005325885005816808], [0.9978468831013161, 0.0012847670236209817, 0.00022005366259118057, 0.0006482962124717706], [0.15017476523302167, 0.6211495112316597, 0.07626657885869602, 0.15240914467662264], [0.36816356270883865, 0.4094616337463488, 0.04882083658595783, 0.17355396695885472], [0.11793936256377999, 0.32756100641793945, 0.2543635920596367, 0.3001360389586439], [0.046495598309512054, 0.5912309201983557, 0.3490196625695395, 0.013253818922592671], [0.5919847727012578, 0.1321685060245968, 0.11658477555926432, 0.15926194571488095], [0.01455963497679172, 0.0011464683686526666, 0.004163079556691912, 0.9801308170978638], [0.8740018725388081, 0.12173327408392344, 0.0007306752037383805, 0.003534178173529994], [0.004991353685059733, 0.13611997381838517, 0.04373674970510408, 0.815151922791451], [0.004702693213697656, 0.8038572726438821, 0.10695103164086714, 0.08448900250155311], [0.14308261279411374, 0.34408636480670873, 0.24467211261721852, 0.268158909781959], [0.005517658619110743, 0.9295280332763272, 0.004501271971413898, 0.06045303613314822], [0.005217894835684331, 0.001909077823636352, 0.0015830724795926543, 0.9912899548610867], [0.007794969356635426, 0.01592141217842089, 0.05255022303699315, 0.9237333954279505]]}}