{"test": {"ids": ["99108000", "106121190", "113118620", "102117351", "111120320", "100108260", "109120560", "112119320", "108113700", "98111620", "110115580", "110114720", "113118810", "113119360", "110117200", "108121410", "98107380", "111116290", "107117630", "111119610", "101119591", "105116860", "102112030", "113117630", "103111990", "104113000", "99116500", "104112201", "99121440", "106116120", "100116500", "113120260", "106120290", "109120621", "107114321", "107118120", "113122430", "97107681", "105111990", "102112170", "99111620", "102110500", "110117080", "109117271", "106118301", "101111990", "103118110", "108114220", "106113830", "111115620", "111121190", "98106111", "106119260", "107113180", "113120640", "112116451", "105115720", "110119030", "103120531", "112120540", "113120591", "101111620", "99107950", "112118471", "98112580", "113120830", "110118161", "98108970", "112118890", "112116401", "101109370", "112119580", "99113260", "109115211", "112119980", "99109141", "106116850", "102109840", "109117080", "110120560", "113121680", "97116800", "107116980", "100107920", "113121190", "109114220", "97105580", "100116790", "109118161", "111120190", "107116300", "97107040", "108113740", "101108580", "103112470", "110118450", "111116990", "99108580", "113118421", "102109850", "106116640", "113118630", "112121030", "112118810", "112118701", "104113380", "105113260", "107113360", "101109120", "107121540", "111117200", "99108460", "112116610", "105115900", "98109090", "111115780", "102114270", "110116170", "97106770", "110115140", "102110850", "112120640", "101111140", "108114270", "100120780", "108114670", "101115190", "113119120", "98111670", "103111830", "108119330", "111120640", "108118060", "112121010", "113122180", "100109000", "109114720", "103110100", "97113260", "110118810", "104119290", "108113760"], "labels": [2, 2, 3, 1, 1, 3, 1, 1, 0, 3, 1, 3, 3, 0, 3, 0, 1, 2, 0, 2, 0, 2, 2, 0, 2, 1, 2, 0, 2, 1, 2, 3, 2, 1, 0, 3, 2, 3, 2, 3, 3, 3, 1, 0, 1, 2, 2, 3, 1, 1, 1, 0, 1, 3, 0, 0, 1, 0, 3, 3, 0, 3, 1, 1, 2, 3, 0, 3, 3, 0, 1, 3, 0, 0, 0, 3, 3, 2, 1, 0, 1, 0, 3, 0, 1, 3, 1, 2, 0, 3, 0, 2, 3, 0, 1, 0, 0, 0, 3, 1, 3, 3, 0, 3, 0, 1, 3, 0, 1, 2, 0, 0, 1, 3, 1, 1, 3, 0, 3, 0, 3, 0, 2, 3, 1, 3, 1, 3, 1, 3, 0, 0, 1, 2, 2, 1, 0, 1, 1, 1, 1, 1], "predicted_labels": [1, 2, 1, 1, 0, 0, 3, 1, 1, 2, 1, 2, 2, 3, 0, 1, 2, 2, 0, 2, 3, 0, 2, 3, 1, 3, 2, 3, 2, 0, 2, 2, 1, 3, 3, 0, 1, 1, 3, 2, 1, 3, 3, 3, 0, 0, 1, 0, 3, 2, 0, 2, 3, 1, 1, 3, 1, 1, 3, 1, 3, 1, 1, 1, 3, 0, 0, 1, 2, 3, 2, 0, 2, 3, 1, 3, 2, 3, 1, 2, 0, 0, 1, 3, 3, 3, 1, 2, 1, 3, 1, 2, 0, 0, 1, 1, 0, 0, 3, 2, 3, 1, 3, 1, 3, 3, 2, 0, 0, 2, 0, 3, 0, 3, 3, 3, 2, 3, 2, 0, 1, 3, 2, 0, 0, 1, 0, 3, 0, 3, 0, 2, 3, 2, 3, 3, 2, 2, 3, 1, 1, 1], "confidence_scores": [[2.2236781200094063e-05, 0.9999008490613998, 6.914229732075998e-05, 7.771860079198278e-06], [0.00013189362442818942, 0.046855704553047314, 0.8200158790841304, 0.13299652273839405], [0.008471223468053311, 0.9767173764578118, 0.00019002980543468467, 0.014621370268700263], [0.02566180681119407, 0.9721271391414227, 0.0002367636876751801, 0.0019742903597079853], [0.833334067037943, 0.01081892804942246, 0.011115162438971662, 0.14473184247366297], [0.79405682341815, 0.009912729458694305, 0.15601380598897735, 0.04001664113417836], [0.17754906135406048, 0.08086822096206399, 0.03959662947996451, 0.701986088203911], [9.355514101760426e-05, 0.8348662711035433, 0.0024590913884101695, 0.16258108236702903], [0.15976935610469464, 0.595125231441095, 0.028662933498423606, 0.21644247895578686], [8.680418310352191e-06, 0.032701104490941865, 0.9664666762768327, 0.0008235388139151233], [0.2907669182301911, 0.4112927649669919, 0.024265364505214947, 0.273674952297602], [0.014046287124607473, 0.05162609075758434, 0.8633272381285149, 0.07100038398929341], [0.19760610134987017, 0.32124401998356417, 0.38835232989938984, 0.09279754876717582], [0.048426109753343556, 0.06679369667300185, 0.026493553075204648, 0.85828664049845], [0.5816274443319024, 0.12698836895838816, 0.0039487107561240195, 0.28743547595358554], [0.22778784417330067, 0.6315029909734774, 0.00013930986200190717, 0.14056985499121993], [0.3739194016102882, 0.0007903977880735037, 0.43033782532548276, 0.19495237527615566], [0.08477978280412031, 0.0007507769717271395, 0.8714327442387988, 0.043036695985353646], [0.9835665147538487, 3.681570646609907e-05, 0.01585771795930238, 0.0005389515803827389], [0.05242695738497206, 0.06072384784709752, 0.8577188425898677, 0.029130352178062598], [0.0018652596802809559, 0.04398283663823287, 0.0007785777666445412, 0.9533733259148416], [0.7559597845539051, 0.033269732952657734, 0.20974811939149698, 0.0010223631019401283], [0.18401463864992051, 0.0435484829444995, 0.7078582898846558, 0.0645785885209241], [0.25672437805249365, 0.0004932043654930104, 0.003319141567874609, 0.7394632760141387], [0.2344630114841738, 0.4736946012435726, 0.18631727892799546, 0.1055251083442581], [0.11919419269924425, 0.0005414410109772198, 0.0008565042840827471, 0.8794078620056958], [0.0034856216610523283, 0.11554429195179884, 0.644751002140627, 0.2362190842465217], [0.27323839926228066, 0.030851847985157783, 0.003299122377890728, 0.6926106303746709], [0.03934302114428774, 0.033000434681547744, 0.9273607668613575, 0.00029577731280693573], [0.686175634346578, 0.2999605484889922, 0.013224786997193039, 0.0006390301672368964], [0.013798655328507058, 0.00022215606235839668, 0.9398133759457973, 0.04616581266333702], [0.3046486750701249, 0.006452487566696681, 0.613011320951926, 0.07588751641125234], [0.0022362774112930643, 0.995123364555852, 6.170970791598607e-05, 0.002578648324939028], [0.00016399672271681453, 0.00033907043228650365, 9.556965602874125e-05, 0.999401363188968], [0.11809259985426557, 0.34795096109780504, 0.001099114852689558, 0.5328573241952398], [0.9803175559575412, 0.011868740783990306, 1.1348633205318784e-05, 0.007802354625263331], [3.55623635217439e-06, 0.9989717690119478, 0.0009249367649267743, 9.973798677328466e-05], [0.043840326348501796, 0.7923224274992917, 0.005233801752956746, 0.15860344439924987], [0.0016334837293487873, 0.012942306516125917, 0.00586473123639155, 0.9795594785181337], [0.11302569486275332, 0.011273253283105817, 0.6780873867047854, 0.1976136651493554], [0.005615923662093146, 0.9698784602505597, 0.02444262146933578, 6.299461801142081e-05], [0.49527579614439704, 3.113054325226239e-05, 0.0039436274655907525, 0.50074944584676], [7.69349867942648e-05, 0.0447523043982477, 0.0467721388573724, 0.9083986217575856], [0.0018645012618870745, 0.0862954916822221, 0.0004372511643464462, 0.9114027558915444], [0.6675982889897479, 0.07236610961878438, 0.027165550692025545, 0.2328700506994422], [0.6972733315846005, 0.02516642933183367, 0.2563035757915065, 0.02125666329205934], [0.06903485697216526, 0.510440008933493, 0.1665291873683508, 0.2539959467259911], [0.9883898248284335, 0.0032730626843644394, 0.0005943771871911262, 0.007742735300010906], [0.020572334811057632, 0.03342493263821746, 0.0013816722091854361, 0.9446210603415395], [0.1798707369829235, 0.01609073204097602, 0.6330999224905155, 0.1709386084855849], [0.9509874316292319, 0.002992574055691299, 0.006002026994308762, 0.04001796732076792], [0.1969011965349671, 0.00013522240914161986, 0.7151405126585955, 0.08782306839729588], [0.00291558228102762, 0.00014719242451205396, 0.04755339359072104, 0.9493838317037394], [0.00032546646614916165, 0.8056459668725788, 0.15253373540847656, 0.04149483125279559], [0.44539339311755094, 0.4621708953439705, 0.005830304526334153, 0.08660540701214443], [0.013552294099647318, 0.00513482264828823, 0.00019325961483819215, 0.9811196236372264], [0.0010276876744058979, 0.9504871744942351, 0.02229219654039582, 0.026192941290963057], [0.014838907929500864, 0.7176949623009895, 0.0016529493997119418, 0.26581318036979756], [0.00021707822070572705, 0.0059698944868138435, 0.0018897066095002989, 0.9919233206829801], [0.018319904435478564, 0.9806918868733197, 0.0009370224119052825, 5.118627929636517e-05], [0.3884600759564026, 0.12989821129822313, 0.0721660627802853, 0.4094756499650889], [0.38772079471837784, 0.5397670926487426, 0.06581256762472878, 0.0066995450081507625], [2.8895409874210324e-05, 0.9963117735071391, 0.0036228204387468185, 3.6510644239781606e-05], [0.19029846906239034, 0.6331003980303426, 0.17504487767393073, 0.0015562552333363334], [0.25043775931865786, 0.005848352323460021, 0.1723693970080679, 0.5713444913498141], [0.6323647003935635, 0.025456207416762883, 0.33830388870163314, 0.0038752034880403987], [0.5565444993998016, 0.2626707519658038, 0.007229837474204304, 0.17355491116019028], [0.00409670378855008, 0.8937137909274814, 0.10052893394759622, 0.0016605713363723187], [0.27007736015792805, 0.0588940350463978, 0.5876989429717883, 0.08332966182388594], [0.01638861601010913, 2.656824929656223e-05, 4.948167976949807e-05, 0.9835353340608247], [0.13926341116971716, 0.0019072105351504737, 0.8587583515830935, 7.102671203873423e-05], [0.9871842740607516, 0.001948374431197248, 0.00048089481524331783, 0.010386456692807695], [0.004290193150126981, 3.725115257891374e-05, 0.9954571199288668, 0.00021543576842741693], [0.00939909598619357, 0.06577735936388247, 0.005294616262722408, 0.9195289283872016], [0.03407762890473631, 0.7650587255538275, 0.09682727680145478, 0.10403636873998143], [0.07286885373723591, 0.12459561073717126, 0.00018190562485795702, 0.8023536299007349], [0.0006640252748706078, 0.3504330299016688, 0.6449100552675139, 0.003992889555946625], [0.004303498872675854, 0.0460890722528666, 0.10590884661522965, 0.8436985822592279], [5.8956907875680684e-06, 0.9973608581968811, 0.0017991072279782843, 0.0008341388843529552], [0.04528501041732924, 4.484765471392155e-05, 0.7300390684533185, 0.22463107347463837], [0.5929951093650359, 0.1910306017183365, 0.15728631978785693, 0.05868796912877078], [0.9589732524059672, 0.01517911065674037, 0.014313540332756005, 0.01153409660453636], [0.35663059019855226, 0.4789124849047512, 8.565825248234139e-05, 0.16437126664421417], [0.062310593853950026, 0.025191594776445295, 0.00016197753862394896, 0.9123358338309808], [0.1722779397782651, 0.1633073469814788, 0.06957473461288533, 0.5948399786273708], [0.19508992797539196, 0.00020303361922918603, 0.00018671273466944747, 0.8045203256707094], [5.495593415202938e-07, 0.9990286260999611, 0.0009428152096776654, 2.800913101951862e-05], [0.009163684129009112, 0.26820536595069366, 0.6296617448730849, 0.0929692050472123], [0.004381641159713757, 0.9938732106933836, 8.234300117825555e-05, 0.00166280514572441], [0.008862910414959848, 0.001636637511902297, 0.002211213971344678, 0.9872892381017933], [7.095987559689274e-05, 0.9999224221285241, 7.665317568350657e-07, 5.851464122006829e-06], [0.0003981244531903024, 0.0006181812309111257, 0.9708712906559062, 0.02811240365999252], [0.9071790960381906, 0.02032621618657506, 0.0006362362407890344, 0.0718584515344455], [0.9358852496642933, 0.007175076261450115, 0.04435389904859334, 0.012585775025663277], [0.12223890211006047, 0.5654577891061274, 0.2769504627176907, 0.03535284606612129], [0.021762049732508667, 0.9183205422760092, 0.057082597278404514, 0.0028348107130775875], [0.9777258782444518, 0.00012961653591105882, 0.008084809295769279, 0.014059695923867894], [0.9669533606370156, 0.02700534591968945, 0.005759799416065741, 0.0002814940272292408], [0.0035960733934098676, 0.0002579055371770167, 9.804978895510482e-05, 0.996047971280458], [0.0053059210389635745, 8.711763032792766e-05, 0.9933078104635936, 0.0012991508671149172], [0.2848564074049903, 0.07993745339180414, 0.033590662752359994, 0.6016154764508456], [0.0003233837268041332, 0.843426104692251, 0.05680467582113419, 0.09944583575981053], [0.06764048004558634, 0.0024547650901718954, 0.09392936469855755, 0.8359753901656842], [0.007570225938418014, 0.9915664973505237, 0.0002511065641234571, 0.0006121701469347875], [0.0019383604016054885, 0.0025017683601960376, 1.166433639486681e-05, 0.9955482069018036], [0.34653831167868643, 0.0033147157521162887, 0.008090795107730801, 0.6420561774614666], [0.0012815822770265086, 0.04388133205284676, 0.5121821400262456, 0.44265494564388114], [0.7006914218584382, 0.22753617167946874, 0.0031274071457661682, 0.0686449993163267], [0.6763012898561734, 0.003323009120454571, 0.004456984826069112, 0.3159187161973029], [0.0016946236200341537, 0.09115765695071401, 0.9065485941928796, 0.0005991252363723162], [0.6490617149569391, 0.006435699598119855, 0.0007867038950163715, 0.3437158815499246], [0.0002417487334332095, 0.028046046201234524, 0.001984868957702808, 0.9697273361076294], [0.9701231076996564, 0.003774674188693083, 0.025006146719728183, 0.0010960713919225245], [0.07434627611868824, 0.0014364973218694314, 0.007088180876502594, 0.9171290456829398], [0.11441652599424547, 0.14870560896065027, 0.13923883819892796, 0.5976390268461764], [0.03252389408578308, 0.010306888914808587, 0.06978029440013052, 0.8873889225992778], [0.006651364069324254, 0.2287029701176153, 0.47812792912827257, 0.2865177366847879], [0.3756827825558569, 0.12889408361108126, 0.02347339518444263, 0.4719497386486191], [0.005390054023962247, 0.00018465378665990498, 0.9933350852874094, 0.0010902069019685034], [0.694640283192685, 0.025005015487006014, 0.07582245059033989, 0.20453225072996925], [0.001988347215912229, 0.9456432207693329, 0.0036810684803085052, 0.04868736353444629], [0.4762420354774696, 0.006690584274755722, 0.014794109602283105, 0.5022732706454915], [0.14548540010314195, 0.0004677983318610009, 0.6290210564418176, 0.2250257451231794], [0.3539761207820414, 0.1829049831665935, 0.13564933985700345, 0.32746955619436163], [0.9744070760956823, 0.001978600701386685, 0.0040105013580793575, 0.019603821844851644], [0.011162998747977517, 0.6559151964418177, 4.884410491347634e-05, 0.3328729607052913], [0.8351848205228904, 0.08849972975074913, 0.059066236059733546, 0.017249213666626847], [0.04909018636306827, 0.0401648297408066, 0.00825385523555392, 0.9024911286605712], [0.4080128780002026, 0.24614898443858918, 0.26256899967593983, 0.08326913788526842], [0.0024577842204323605, 0.04779839060137877, 0.09364080787637945, 0.8561030173018094], [0.8938104350413958, 0.011561233275192456, 0.08258682898882924, 0.012041502694582398], [0.33826774144428323, 0.14878824942712057, 0.49992768858740555, 0.013016320541190654], [0.10361518903773874, 0.11684214671808471, 0.2841156935438459, 0.49542697070033065], [0.015833473829465032, 0.03137141368504661, 0.8777745359540556, 0.07502057653143253], [0.0007047660901206782, 0.0024027539947124536, 0.013572878562144947, 0.9833196013530219], [0.03324152943695534, 0.0008136150656366145, 0.0023108811606363075, 0.9636339743367718], [0.020005164738004674, 0.00559840463631759, 0.9220669351199364, 0.052329495505741355], [0.018377280467417025, 0.038095141145465944, 0.9393909881476714, 0.004136590239445548], [0.00013820026533179129, 0.0003425902545669079, 0.33205200132876084, 0.6674672081513404], [0.19362312075584068, 0.803314222070404, 0.0016434346516836127, 0.0014192225220714975], [0.020503579604879703, 0.9506579848306945, 0.025513326549407824, 0.0033251090150182043], [0.1881947819665907, 0.3545164736549126, 0.27747143375501776, 0.17981731062347883]]}, "rewritten": {"ids": ["97105580", "97106770", "97107040", "97107681", "97113260", "97116800", "98106111", "98107380", "98108970", "98109090", "98111620", "98111670", "98112580", "99107950", "99108000", "99108460", "99108580", "99109141", "99111620", "99113260", "99116500", "99121440", "100107920", "100108260", "100109000", "100116500", "100116790", "100120780", "101108580", "101109120", "101109370", "101111140", "101111620", "101111990", "101115190", "101119591", "102109840", "102109850", "102110500", "102110850", "102112030", "102112170", "102114270", "102117351", "103110100", "103111830", "103111990", "103112470", "103118110", "103120531", "104112201", "104113000", "104113380", "104119290", "105111990", "105113260", "105115720", "105115900", "105116860", "106113830", "106116120", "106116640", "106116850", "106118301", "106119260", "106120290", "106121190", "107113180", "107113360", "107114321", "107116300", "107116980", "107117630", "107118120", "107121540", "108113700", "108113740", "108113760", "108114220", "108114270", "108114670", "108118060", "108119330", "108121410", "109114220", "109114720", "109115211", "109117080", "109117271", "109118161", "109120560", "109120621", "110114720", "110115140", "110115580", "110116170", "110117080", "110117200", "110118161", "110118450", "110118810", "110119030", "110120560", "111115620", "111115780", "111116290", "111116990", "111117200", "111119610", "111120190", "111120320", "111120640", "111121190", "112116401", "112116451", "112116610", "112118471", "112118701", "112118810", "112118890", "112119320", "112119580", "112119980", "112120540", "112120640", "112121010", "112121030", "113117630", "113118421", "113118620", "113118630", "113118810", "113119120", "113119360", "113120260", "113120591", "113120640", "113120830", "113121190", "113121680", "113122180", "113122430"], "labels": [1, 3, 2, 3, 1, 0, 0, 1, 3, 1, 3, 1, 2, 1, 2, 0, 0, 3, 3, 0, 2, 2, 0, 3, 1, 2, 2, 1, 0, 1, 1, 2, 3, 2, 1, 0, 2, 1, 3, 3, 2, 3, 3, 1, 1, 3, 2, 1, 2, 3, 0, 1, 1, 1, 2, 3, 1, 3, 2, 1, 1, 3, 3, 1, 1, 2, 2, 3, 0, 0, 0, 3, 0, 3, 2, 0, 3, 1, 3, 3, 3, 1, 0, 0, 3, 0, 0, 1, 0, 0, 1, 1, 3, 0, 1, 0, 1, 3, 0, 0, 1, 0, 0, 1, 1, 2, 0, 0, 2, 3, 1, 0, 1, 0, 0, 1, 1, 0, 3, 3, 1, 3, 0, 3, 0, 2, 0, 0, 3, 3, 3, 3, 3, 0, 3, 0, 0, 3, 1, 1, 2, 2], "predicted_labels": [1, 2, 2, 0, 2, 2, 0, 2, 3, 1, 1, 2, 3, 2, 1, 3, 1, 3, 1, 2, 2, 1, 0, 0, 3, 2, 1, 0, 0, 3, 0, 2, 0, 2, 1, 2, 1, 2, 0, 3, 2, 3, 3, 1, 2, 3, 3, 3, 1, 3, 0, 3, 3, 1, 3, 3, 1, 0, 0, 3, 0, 3, 2, 0, 3, 1, 2, 1, 0, 0, 1, 1, 0, 1, 3, 3, 0, 2, 0, 1, 1, 3, 0, 1, 0, 2, 0, 1, 1, 1, 3, 3, 0, 0, 3, 1, 3, 1, 1, 1, 0, 3, 2, 3, 3, 2, 0, 0, 2, 2, 2, 2, 0, 3, 1, 2, 0, 0, 1, 0, 2, 3, 1, 0, 0, 2, 3, 0, 3, 3, 1, 1, 3, 2, 3, 0, 1, 3, 0, 1, 3, 1], "confidence_scores": [[2.2594942028981972e-05, 0.9976889383270897, 0.0018554556916452274, 0.0004330110392363333], [0.013107844665229233, 0.012242226841283175, 0.9738859542405106, 0.0007639742529768308], [9.852444061905953e-05, 0.010727536108172495, 0.9669032298973996, 0.022270709553808832], [0.7050329614674845, 0.03695391132861402, 0.025426306008482454, 0.23258682119541904], [0.000767882331791276, 0.010564316992835053, 0.9628862476475375, 0.025781553027836253], [0.24667112042167286, 0.0005054989754302674, 0.718034189898119, 0.034789190704777914], [0.9936038875145978, 8.780483959474836e-07, 4.31907970020422e-05, 0.00635204364000401], [0.04106645255432665, 0.0012461730144241966, 0.7465656982030698, 0.21112167622817937], [0.03048522980475697, 0.282007842377879, 0.2966681126443567, 0.39083881517300734], [0.0034331174364256416, 0.86086920918301, 0.11814038428353463, 0.017557289097029753], [7.5294969869406465e-06, 0.98181786935845, 0.018079464646872313, 9.513649769066992e-05], [0.007905294213381627, 0.030594892941578165, 0.958806596545349, 0.002693216299691186], [1.989612654977062e-05, 0.0014661008377956633, 0.0024965211259581734, 0.9960174819096964], [0.0012862571689806722, 0.006577046005705764, 0.9920430941940181, 9.360263129534655e-05], [0.00015588173203832256, 0.9223479495535691, 0.07688222122216287, 0.0006139474922296532], [1.7374444579304157e-05, 0.09250176861376906, 0.0023225184898914594, 0.9051583384517602], [0.25229987090774914, 0.572193604010958, 0.17540737649936922, 9.914858192378873e-05], [0.162896091258129, 0.1180852404165292, 8.383194276842481e-05, 0.7189348363825734], [0.06339648101098631, 0.9235625908489132, 0.012759010215695381, 0.00028191792440511736], [0.0003784943548774628, 0.00027689480627389516, 0.981085944940444, 0.018258665898404716], [2.517458260546916e-05, 0.4221569335405309, 0.5663718795691768, 0.011446012307686814], [0.0168647564566226, 0.9781461949809821, 0.004970024921499852, 1.9023640895574333e-05], [0.7674319672127177, 0.08803272274062698, 0.00021606861368163224, 0.14431924143297367], [0.4014741303300156, 0.0017958964392758958, 0.19823794136158912, 0.3984920318691194], [0.04203784752908041, 0.012556838898623883, 0.014326380931921099, 0.9310789326403747], [0.003263402910978867, 0.0014886040055326344, 0.9795136778613525, 0.015734315222136], [0.4761118712415121, 0.49510228601779704, 0.017077954195454048, 0.011707888545236736], [0.9151758088979723, 0.00010873056744905641, 0.0058852559372505765, 0.07883020459732805], [0.8427176859325192, 0.0015181044489009524, 0.08761796963832454, 0.06814623998025542], [0.03688891403916307, 0.0005223148718009775, 0.05858287812363428, 0.9040058929654017], [0.49458175369036, 0.004739968320663575, 0.4929760486456302, 0.007702229343346142], [0.1908052126167392, 0.009086458824099752, 0.4584224296269355, 0.3416858989322256], [0.4514423023253994, 0.2143536045183686, 0.29139119532956403, 0.04281289782666794], [0.06358811090377241, 0.0033755536377401262, 0.9321565264288004, 0.000879809029687109], [0.16545275757134711, 0.6828345990290633, 0.03630486073119821, 0.11540778266839154], [0.09525379735357403, 0.0989597624067572, 0.4988699731877162, 0.3069164670519525], [0.016236562088901688, 0.46803871835255784, 0.33817334516300757, 0.17755137439553298], [0.003011502962324467, 0.001065193247430478, 0.9948086151077191, 0.0011146886825258737], [0.6616587484831703, 0.010415907604115029, 0.031016625829963337, 0.2969087180827513], [0.00027466658620845706, 0.03185082820228594, 0.02240469139754718, 0.9454698138139584], [0.005592704994863538, 0.001048611125401428, 0.9862289251414191, 0.007129758738315774], [0.1999115294811256, 0.015811085085286638, 0.06752696081901506, 0.7167504246145726], [0.0007799561493121895, 0.2341149627011944, 0.2614193390157703, 0.5036857421337231], [0.1681949207826363, 0.8307289764343722, 5.8387019244150824e-05, 0.0010177157637474806], [0.03414144929859673, 0.11925407269751064, 0.8198878171688923, 0.02671666083500054], [0.12428084877801672, 0.004151727460312689, 0.00945214093612212, 0.8621152828255485], [0.27453142268595626, 0.09671448575906941, 0.022787298886908083, 0.6059667926680663], [0.00945714115949106, 0.034405026084282385, 0.04296269887639999, 0.9131751338798266], [0.01002602859225204, 0.9130843083463265, 0.017366080633388205, 0.05952358242803357], [0.00015340974750408448, 0.17430093116284356, 5.175024789497712e-05, 0.8254939088417573], [0.49396487096025077, 0.018835786851818973, 0.0018528007575956062, 0.4853465414303345], [0.23446537712337076, 0.009186284293861374, 0.00012830022370661766, 0.7562200383590612], [0.012422041973073124, 0.002688118182123515, 0.004818873618317136, 0.9800709662264862], [0.0010796808080937247, 0.9969925150738742, 0.0007348461419928758, 0.0011929579760392942], [0.00029622687756241555, 0.003709647908910794, 0.003896012274011582, 0.9920981129395151], [2.1338755845102424e-05, 0.015868774830608272, 0.27805008434225803, 0.7060598020712887], [0.007985547056814887, 0.8984641013290467, 0.08530824446866736, 0.008242107145471118], [0.8411205820883638, 2.497304127623835e-05, 0.13445879472698877, 0.024395650143371236], [0.9209873292453928, 0.04036960295558011, 0.03135248783191495, 0.007290579967112048], [0.2202696982365042, 0.3633120050717265, 0.0019490398191429202, 0.4144692568726265], [0.5810165643035703, 0.39856635073481284, 0.0014690563790068325, 0.018948028582610056], [0.008634459812608348, 0.39422065422783836, 0.0031751319241132146, 0.5939697540354401], [0.013268176091668978, 0.08915295585960448, 0.8921313218059289, 0.005447546242797626], [0.5510055624729666, 0.05860709495048402, 0.002739917925802168, 0.38764742465074714], [0.10811173606381871, 0.00018824852569373536, 0.2721349066832741, 0.6195651087272134], [0.004220146545911383, 0.8081802400148487, 0.0003037043325677078, 0.187295909106672], [0.0018160674742214822, 0.03488411000688504, 0.9229695422158287, 0.04033028030306466], [0.007202558543271197, 0.9877767107820101, 0.004628899981353293, 0.00039183069336552577], [0.9148433905366081, 0.03838570230968428, 0.00030290244467457464, 0.046468004709033124], [0.5853608586409504, 0.24264146821323748, 0.07432190322110384, 0.09767576992470822], [0.005033264951392842, 0.9944129382207489, 0.00025922209520422767, 0.00029457473265407774], [0.48841992401837625, 0.5050001267176681, 4.556768908787756e-06, 0.006575392495046852], [0.9606667658677558, 0.0011309968838839053, 0.02985925658254377, 0.008342980665816336], [0.03480171139051778, 0.9631361559505116, 3.4881003318447886e-05, 0.0020272516556524606], [0.02885366867521843, 0.002141290332710456, 0.05459041889322556, 0.9144146220988456], [0.002828502158929124, 0.14224735634733482, 0.08486675478954725, 0.7700573867041889], [0.9935833016641619, 0.00023580349725080198, 7.923150655880929e-05, 0.006101663332028554], [0.006709257000696902, 0.394204972236816, 0.5234689806863841, 0.07561679007610295], [0.7696392710004443, 0.1233501154184495, 0.002518048352392111, 0.10449256522871424], [0.008787053444804982, 0.6365341605952203, 0.18382410098599744, 0.17085468497397724], [0.17738030051852002, 0.4862117273147455, 0.010027200759307523, 0.32638077140742694], [0.41606404876647396, 0.0030256365558537215, 0.07485083777613602, 0.5060594769015363], [0.4050687889157219, 0.19985418672451855, 0.17453384030184385, 0.22054318405791565], [0.05972963959378478, 0.7486785684601305, 1.7305324804405415e-05, 0.19157448662128035], [0.8651673984975042, 3.6852424419813753e-06, 2.5925715634758803e-06, 0.1348263236884904], [0.3177457718620281, 0.00015138021081573895, 0.6115623506327386, 0.0705404972944175], [0.8929460996085311, 0.00015058564756463596, 0.001177557283063717, 0.10572575746084054], [2.106244078194455e-05, 0.9995062651793852, 0.00034150943773030885, 0.00013116294210254058], [0.39311168224205445, 0.4240109312659874, 0.0003626654121060513, 0.18251472107985217], [0.2339506535605654, 0.7049136830709255, 0.0005119160352137291, 0.06062374733329533], [0.025340518864949195, 0.11334654886283012, 0.22234719213484155, 0.6389657401373791], [0.0001723038834981897, 0.00022313752382816042, 2.8065763435180802e-05, 0.9995764928292385], [0.7149462562291495, 1.5862064440229664e-05, 0.28497046657956066, 6.741512684969227e-05], [0.9760897698889645, 0.004360702150379305, 0.015043471851494076, 0.004506056109161989], [0.0071528121179250045, 0.00337547357373388, 0.03749040285929372, 0.9519813114490473], [0.018045784428439557, 0.8001455869636299, 0.007693403960799922, 0.1741152246471305], [1.2297337781190538e-05, 0.004088003658801911, 0.08347252090152157, 0.9124271781018954], [0.0042095986697378044, 0.9582545717834436, 0.036368192425534795, 0.001167637121283963], [0.07881194275292072, 0.9015103521662827, 0.0021313730137160623, 0.01754633206708044], [0.00042609665781825223, 0.7433919556721132, 0.2513970525774644, 0.004784895092604004], [0.843898913969494, 0.12518268138199118, 0.001752332082319212, 0.029166072566195557], [2.516518267039728e-05, 0.31387681655468347, 0.00017893659689044284, 0.6859190816657558], [0.0682229490605971, 0.042997746728749335, 0.8749765325472177, 0.01380277166343589], [0.0007515605220688865, 0.00042764655498529443, 0.010607504496416, 0.9882132884265298], [0.014936258130704882, 0.018322737792798634, 0.44475614677454695, 0.5219848573019495], [0.10665394240833576, 0.027008833192315822, 0.5179941180136628, 0.34834310638568555], [0.9597717292330444, 0.001397044097947584, 0.000609362336315452, 0.03822186433269245], [0.9974750546065955, 8.87304323142413e-06, 7.006867421909262e-05, 0.002446003675953844], [0.2962345374392852, 0.04951073213244808, 0.640145444132843, 0.014109286295423745], [0.14836010775982766, 0.005399875994543463, 0.5692119080167722, 0.2770281082288567], [0.23269512761637942, 0.012256226426862664, 0.5698421905289197, 0.1852064554278382], [0.2870408455636896, 0.009311983044031759, 0.600536585854249, 0.10311058553802979], [0.967795689564838, 0.003358841851718578, 0.003036186068977967, 0.02580928251446532], [0.0006900722113465873, 1.48735849772567e-05, 4.512804943997489e-06, 0.9992905413987321], [0.010479227497456505, 0.8823530506719153, 3.974245666353982e-05, 0.10712797937396466], [0.3024688442388391, 0.006731314013278688, 0.68878795841716, 0.0020118833307222056], [0.8898069051624592, 0.029410144803585815, 0.016662167053750714, 0.06412078298020403], [0.9109809622658147, 0.0014546514668219478, 9.433461721278162e-06, 0.087554952805642], [0.0038995761817805525, 0.9043610791848552, 0.00028676482056250304, 0.09145257981280168], [0.8120098858025143, 0.015265954010200273, 0.07289885417075041, 0.099825306016535], [0.00028546335919668944, 0.14785133679901263, 0.7149451390790571, 0.1369180607627336], [0.1540252835546443, 0.04912763600993957, 0.03233650418700146, 0.7645105762484147], [7.441056855131306e-05, 0.9953557575877533, 0.0024312164444504443, 0.0021386153992450615], [0.6777983610705773, 0.31820743710190685, 0.00027826938354091766, 0.003715932443974936], [0.5020087735225796, 0.010783528108647982, 0.05190204225114051, 0.435305656117632], [0.16172845295112032, 0.0046229374068879866, 0.47956219671229894, 0.35408641292969273], [0.3551760799830974, 0.01665882890435121, 0.06675012946621359, 0.5614149616463378], [0.9295605692683532, 0.021120248825987814, 0.004786599761102713, 0.04453258214455626], [0.00021096511139367407, 0.0001512198554521329, 5.3158258842472204e-05, 0.9995846567743117], [0.0030127322422653056, 0.0035256190588476444, 0.015977349245711352, 0.9774842994531757], [2.8747634025121783e-05, 0.9968294781271997, 0.00016698319488041044, 0.0029747910438946996], [0.007036681225851888, 0.9100528417518157, 0.05897898340092834, 0.023931493621404155], [0.0028907469841507826, 0.008062075725452898, 0.0006637960051104664, 0.9883833812852859], [0.2317702064213024, 0.2245037105035002, 0.4878456318307827, 0.05588045124441463], [0.00038560878411650324, 0.008264047365580451, 0.0007307691253308226, 0.9906195747249722], [0.8378137975264002, 0.07425046298188508, 0.04781945616422025, 0.04011628332749448], [0.04632381713009781, 0.5302816057617787, 0.007242926475307444, 0.41615165063281595], [0.05784845109616068, 0.01518811546083115, 0.2678557440007221, 0.659107689442286], [0.9162365615268968, 0.002493278904663504, 0.008011613258910835, 0.07325854630952895], [0.1958658371440751, 0.4567984669928568, 0.31454084301586366, 0.03279485284720439], [0.04517305086075553, 0.03943236292818832, 0.04632886719992191, 0.8690657190111342], [1.7153000968031546e-05, 0.9885159996625098, 0.01136533796031251, 0.00010150937620964547]]}}