{"test": {"ids": ["109117600", "106112770", "112119120", "108115500", "108121410", "106114280", "112120700", "106118520", "99108580", "108115250", "97107920", "109117271", "106113170", "108113760", "108113620", "108120700", "101119030", "111114121", "104111531", "111120540", "107118780", "101110740", "109114030", "102114270", "109121410", "109119010", "109116750", "110115710", "109113881", "104111620", "113121190", "100109000", "107113170", "112118820", "101111990", "109118231", "101108580", "109116930", "100111390", "113119320", "99108710", "97105960", "98110710", "100109311", "108119550", "102110850", "109116810", "105110251", "102109840", "113119450", "110118301", "111115780", "100108580", "107119390", "99110730", "108116070", "100117420", "112118511", "104118070", "112118701", "108118520", "97118210", "112118860", "109119450", "108118291", "103117461", "101108500", "100110260", "111120220", "111117200", "105115720", "106114321", "106117770", "113118231", "111116010", "107114200", "113121950", "111116110", "109114720", "103113210", "107116300", "111115910", "110117500", "108120260", "110115980", "113120540", "105116501", "99108080", "105115900", "102110500", "101112540", "107117630", "111116040", "98119591", "101111310", "111118820", "109118820", "111116411", "103111830", "113120780", "110120560", "111120591", "100109330", "99112840", "98116940", "104113240", "98106680", "104119290", "112117431", "113122190", "108114040", "97106970", "112120640", "112116501", "113121680", "102117351", "113118511", "100120010", "105120280", "103111990", "101108370", "109116441", "110115250", "109119460", "102109910", "113117340", "99111930", "108115880", "97105580", "99111000", "110118450", "99109161", "110113591", "112118810", "106121190", "111117000", "107119130", "112119580", "103120290", "99109840", "111118810", "105116650"], "labels": [1, 1, 1, 3, 0, 3, 2, 2, 0, 1, 0, 0, 0, 1, 3, 2, 3, 0, 0, 1, 1, 3, 1, 3, 0, 3, 0, 2, 0, 0, 1, 1, 0, 0, 2, 1, 0, 0, 2, 1, 2, 2, 2, 1, 1, 3, 3, 0, 2, 3, 1, 1, 0, 2, 3, 1, 2, 1, 2, 0, 0, 2, 3, 3, 3, 0, 3, 3, 3, 0, 1, 2, 0, 3, 1, 2, 3, 3, 0, 3, 0, 2, 1, 1, 1, 3, 1, 3, 3, 3, 2, 0, 0, 1, 3, 0, 3, 0, 3, 0, 0, 1, 0, 2, 2, 2, 1, 1, 0, 1, 0, 2, 0, 3, 1, 1, 1, 0, 3, 2, 1, 3, 1, 1, 2, 2, 1, 3, 1, 2, 0, 3, 0, 3, 2, 0, 1, 3, 2, 2, 0, 1], "predicted_labels": [3, 2, 3, 2, 3, 3, 2, 1, 1, 2, 0, 1, 3, 2, 3, 0, 3, 3, 3, 0, 3, 3, 0, 2, 3, 1, 2, 3, 3, 0, 2, 3, 3, 1, 0, 0, 1, 0, 3, 1, 1, 0, 3, 3, 1, 1, 0, 0, 0, 3, 1, 2, 2, 2, 1, 0, 1, 3, 3, 3, 3, 3, 3, 1, 1, 0, 2, 0, 0, 3, 1, 3, 1, 1, 3, 3, 0, 3, 3, 3, 3, 1, 1, 1, 2, 1, 0, 3, 0, 3, 0, 3, 3, 0, 1, 0, 3, 1, 3, 1, 2, 0, 3, 1, 3, 2, 3, 1, 0, 3, 1, 2, 3, 3, 1, 3, 0, 2, 1, 1, 3, 0, 3, 0, 3, 2, 1, 0, 3, 3, 1, 0, 1, 1, 3, 1, 3, 0, 1, 0, 0, 2], "confidence_scores": [[0.24531924920254825, 0.2096458039785059, 0.2500463131139969, 0.29498863370494904], [0.13647373946968158, 0.19933232532692205, 0.4360648950403297, 0.22812904016306676], [0.20438064961737196, 0.15349990551616274, 0.23322442425788745, 0.40889502060857785], [0.07540544509522205, 0.1150303891399079, 0.7007989592444659, 0.10876520652040413], [0.1741540924177272, 0.3291151195613535, 0.14417058695869164, 0.3525602010622276], [0.2129062781036005, 0.258265617418801, 0.14187646648964955, 0.386951637987949], [0.25230593299409454, 0.25216663546095164, 0.2946210264176779, 0.20090640512727595], [0.2215011673202455, 0.38148594043569684, 0.19948228383055513, 0.19753060841350265], [0.2523985246529939, 0.3682314940000844, 0.11619736428979646, 0.2631726170571254], [0.09964075949048777, 0.17266263027637435, 0.5224232448992479, 0.20527336533389], [0.39649670923463665, 0.18657045117445073, 0.09670449476196998, 0.32022834482894275], [0.13180358222261068, 0.3969403525178299, 0.08980108159773655, 0.3814549836618229], [0.294432630709792, 0.2867259588563084, 0.0918336542403025, 0.32700775619359707], [0.2778211798801315, 0.2189831462575191, 0.2811836091007774, 0.22201206476157204], [0.26160209029025944, 0.2634832591592776, 0.1771570705086743, 0.2977575800417887], [0.38385001921941236, 0.2441963507898152, 0.13056921037587121, 0.24138441961490129], [0.2297056187592974, 0.22003098050763836, 0.11377815964725443, 0.43648524108580966], [0.26591034270588737, 0.3121083950784634, 0.09552983131694807, 0.32645143089870127], [0.23136039829106003, 0.28225815959467065, 0.14887398377729918, 0.3375074583369701], [0.2959283232954352, 0.24643434409522844, 0.19925677000128386, 0.2583805626080525], [0.20360148149047355, 0.17566711251504927, 0.20536692941582507, 0.4153644765786521], [0.1471243881881565, 0.33301910127701945, 0.1121343896415879, 0.4077221208932362], [0.4699745393832518, 0.17283396397056291, 0.1507578609584557, 0.20643363568772954], [0.14284928887902504, 0.22224791880121808, 0.33114105001714517, 0.3037617423026117], [0.206282533295666, 0.15777085909862767, 0.06595908000190609, 0.5699875276038002], [0.17600529886742547, 0.4176071617139201, 0.13150602124285712, 0.2748815181757974], [0.17140536280658128, 0.2360479169301233, 0.31575444112544077, 0.2767922791378547], [0.16311422580769513, 0.12005954074699415, 0.10510721595453566, 0.6117190174907751], [0.18238233379491797, 0.2712930751628845, 0.17527993617766902, 0.3710446548645287], [0.41114063037244875, 0.18449763857619375, 0.12864460612801956, 0.275717124923338], [0.2836910963135017, 0.20919202866376663, 0.31907631991174124, 0.18804055511099074], [0.14064453474815247, 0.1829548854541661, 0.1554725533408593, 0.5209280264568223], [0.17289851742402673, 0.14957922421803252, 0.2935694337564191, 0.3839528246015217], [0.2658788058877918, 0.27959560818640095, 0.2172456737630145, 0.23727991216279276], [0.2638940232599748, 0.2419140454863722, 0.2571554051901629, 0.23703652606349013], [0.2998874066880018, 0.29746457638858864, 0.15679585658468329, 0.24585216033872642], [0.30028637436634387, 0.3110293214868, 0.12004511950926348, 0.26863918463759257], [0.61786117077369, 0.14621085301000616, 0.10434205405047564, 0.13158592216582835], [0.20477262865021142, 0.227748472633353, 0.11961449428614247, 0.44786440443029313], [0.27122332746868527, 0.45091431024602996, 0.0828895283086469, 0.1949728339766379], [0.22175564628688754, 0.4665515655196889, 0.15202251601718395, 0.15967027217623966], [0.30554624888624327, 0.24814914891827652, 0.20659643612890077, 0.2397081660665796], [0.15504470115255645, 0.2864189637891088, 0.2356272742762102, 0.32290906078212445], [0.2921137597817118, 0.1694703190021171, 0.1422777685798898, 0.39613815263628116], [0.13119421908237824, 0.40747454788842596, 0.16743459714160436, 0.29389663588759135], [0.22886117034973538, 0.3688150672840115, 0.10255963205575215, 0.29976413031050103], [0.3572071951743429, 0.1830791158243071, 0.11183160213965666, 0.34788208686169336], [0.46067457343330603, 0.21151341111560712, 0.18181589361013634, 0.1459961218409506], [0.40801197872106076, 0.12603283211167238, 0.13462059830441533, 0.33133459086285166], [0.29373892171780225, 0.2438366559581556, 0.118390401892107, 0.34403402043193504], [0.27904820255184315, 0.3241367913315568, 0.08172436406477024, 0.3150906420518299], [0.1894040703995535, 0.22532176838353685, 0.40064133777624805, 0.18463282344066162], [0.21051389287626382, 0.20567900329656413, 0.3459739145940266, 0.23783318923314548], [0.2008575181286772, 0.24398189494409744, 0.31097106653894757, 0.24418952038827785], [0.16457431943910708, 0.3838829361994262, 0.24772093610942025, 0.2038218082520465], [0.2650735624482212, 0.2269818289926733, 0.24547630787893682, 0.2624683006801685], [0.1905550236603421, 0.4060324799100523, 0.1712027386530496, 0.23220975777655595], [0.22259242817517375, 0.23693841849576916, 0.14799246145439118, 0.3924766918746659], [0.13293657472575654, 0.18088084570406454, 0.2610570622332402, 0.4251255173369387], [0.18523689139492056, 0.3192998872163338, 0.1684425966409012, 0.3270206247478445], [0.26238894240183275, 0.22531447698682003, 0.24819334727809736, 0.26410323333325003], [0.173787183007982, 0.24034453292642619, 0.1407925868492522, 0.44507569721633977], [0.21019009696711663, 0.2913990115475378, 0.09348061399056133, 0.4049302774947844], [0.15164226504007414, 0.45528007545002375, 0.1651894281945195, 0.2278882313153826], [0.30216166317096743, 0.3128311523052015, 0.12334522437546318, 0.26166196014836796], [0.4697635734794822, 0.22707516422911897, 0.0897675249467417, 0.21339373734465714], [0.15346203558771693, 0.14987622766936368, 0.5644305670413778, 0.1322311697015416], [0.3954073865047191, 0.21650271367375015, 0.12737711321741774, 0.2607127866041129], [0.3255341126460139, 0.2638090417512886, 0.18113871882930818, 0.22951812677338926], [0.2700753038859133, 0.21693532066111626, 0.11305680769744357, 0.39993256775552694], [0.18888613929762288, 0.3358736452462565, 0.17995656440935692, 0.2952836510467637], [0.3686160386225696, 0.1474239778941031, 0.08192011366223795, 0.40203986982108947], [0.25967665904710785, 0.2869216420500153, 0.19617639531975958, 0.25722530358311724], [0.1962812064260159, 0.45483807888927896, 0.09018088794403777, 0.2586998267406674], [0.3285957395460478, 0.15311088063554087, 0.1411046522662923, 0.3771887275521191], [0.18429275694509642, 0.28009560570558406, 0.155575074080208, 0.38003656326911156], [0.27203107331816806, 0.2591633471727442, 0.25198368823350437, 0.21682189127558343], [0.21549424391622343, 0.3218455886764415, 0.132578459168009, 0.33008170823932603], [0.2270360482582813, 0.21141518461282172, 0.1346542457641776, 0.4268945213647194], [0.3032446954355244, 0.2289812432979431, 0.16141685071076212, 0.30635721055577053], [0.20601937937708023, 0.306081867408115, 0.1768631323662859, 0.3110356208485188], [0.2762343910895022, 0.3325191734524747, 0.14716496596087356, 0.24408146949714957], [0.15580464611066722, 0.41717969928590454, 0.1255554354826359, 0.3014602191207924], [0.1706848361219449, 0.3705286433825852, 0.29052430575674404, 0.16826221473872602], [0.1882298642267051, 0.12295671700905068, 0.5435368935620555, 0.14527652520218876], [0.20929046266840876, 0.3904738039022345, 0.1992367881439871, 0.20099894528536968], [0.39664431803020717, 0.14886035459950242, 0.10505020138129743, 0.34944512598899313], [0.1755183187636973, 0.1634718185283591, 0.12147055176682163, 0.5395393109411218], [0.3898669814758727, 0.30476958629660494, 0.11493323205865728, 0.1904302001688653], [0.22349015849811832, 0.20693052668911666, 0.13231854659919376, 0.4372607682135712], [0.47997197163215155, 0.18096752479912565, 0.08368275744256722, 0.2553777461261556], [0.1709798512259571, 0.17579649130092254, 0.2615712932909543, 0.39165236418216604], [0.2769815541497383, 0.22757973376427656, 0.10014240879366705, 0.39529630329231813], [0.5779047424871594, 0.2340294339502574, 0.08318688339894281, 0.10487894016364031], [0.30512498174001274, 0.3169654464281284, 0.12777680540217695, 0.2501327664296818], [0.3500486321584593, 0.24281813597785903, 0.16532682833262552, 0.24180640353105612], [0.17861321738292316, 0.2161537500319584, 0.1353096465522271, 0.4699233860328914], [0.26619858756684467, 0.3604578467542305, 0.09689292589258126, 0.27645063978634365], [0.1905906448807028, 0.16796470852790546, 0.12719848911011192, 0.5142461574812798], [0.2520263041692479, 0.3245122840793458, 0.12444487090629079, 0.29901654084511553], [0.13085011850594858, 0.3216329112877614, 0.3686237419338409, 0.17889322827244908], [0.3194518596005157, 0.2445310117354459, 0.1527828637297592, 0.28323426493427906], [0.2588953524675146, 0.2371807183149045, 0.13942197428923447, 0.3645019549283464], [0.2511377239104019, 0.2789477337685258, 0.19551578141550627, 0.2743987609055662], [0.19221015357876142, 0.27994079081567996, 0.12475181940462707, 0.4030972362009316], [0.16500391062503736, 0.29377526872016557, 0.3512819069070543, 0.18993891374774285], [0.2375819362482974, 0.26436430729346977, 0.14780723607673724, 0.3502465203814956], [0.12935544402630272, 0.5736499592074324, 0.09604190451281878, 0.20095269225344606], [0.33075711615785996, 0.31689776657066426, 0.08901517581152205, 0.26332994145995386], [0.11881163018698214, 0.3056796643772358, 0.09877125817608365, 0.4767374472596986], [0.10227856302487222, 0.45276589023574565, 0.2551003604983028, 0.18985518624107928], [0.13911278193000384, 0.23421140136095078, 0.3417588011837578, 0.28491701552528753], [0.27825318400434573, 0.16373955721782993, 0.1072149098852979, 0.4507923488925264], [0.29268462113441346, 0.2618860070687067, 0.1426445809888713, 0.3027847908080084], [0.22413809238432855, 0.38141202553999776, 0.197372665717186, 0.1970772163584878], [0.2804323200796511, 0.29694307917751955, 0.11331303163100497, 0.3093115691118243], [0.31041086230658993, 0.21949129709788376, 0.22296964623273774, 0.24712819436278877], [0.11902023157498703, 0.1269084533906244, 0.5464825431212428, 0.20758877191314604], [0.235791074971149, 0.40231788513933747, 0.15684412479198956, 0.20504691509752382], [0.17143552442215562, 0.37901077111730763, 0.11644213470544032, 0.33311156975509654], [0.2881041109179714, 0.291222124362142, 0.11426952157403428, 0.30640424314585235], [0.37968969995658025, 0.18181332525790608, 0.1087537828117388, 0.3297431919737751], [0.28414775065446224, 0.2537079883284332, 0.1442638654276121, 0.3178803955894925], [0.3498989578370222, 0.19607404623953567, 0.16722142477379573, 0.28680557114964633], [0.13752499642837088, 0.12741727369110303, 0.1348700275595334, 0.6001877023209927], [0.10149757191172977, 0.32358994728607526, 0.4182166670133401, 0.1566958137888549], [0.20988841684448667, 0.35852530445446945, 0.15276913783061222, 0.27881714087043186], [0.45153569212248457, 0.2314310792915017, 0.11542606864547143, 0.2016071599405425], [0.2275861492094702, 0.19546515627812797, 0.13753099004801916, 0.4394177044643828], [0.19311807313175436, 0.17587031986657986, 0.25654291045692906, 0.37446869654473675], [0.2799446770472293, 0.32115740094709155, 0.17476334841853755, 0.2241345735871415], [0.3655748642362829, 0.2636352455410605, 0.13796903054656887, 0.23282085967608784], [0.2658937349521043, 0.446637401478734, 0.12842350688488882, 0.15904535668427286], [0.1592552580660573, 0.327350787877745, 0.30467811830683583, 0.20871583574936195], [0.12598841560461013, 0.2623456104871653, 0.27189851377289054, 0.33976746013533393], [0.2034031509143371, 0.4483996854621454, 0.1776759617090641, 0.17052120191445347], [0.2330688891887366, 0.29741565752613053, 0.15244578862106398, 0.31706966466406894], [0.3926776865527215, 0.2343598063215087, 0.16424467949842428, 0.20871782762734548], [0.3170715251238485, 0.3680597750431065, 0.12591034190693376, 0.18895835792611126], [0.5104123102191976, 0.17253200520892428, 0.10032738404124784, 0.21672830053063025], [0.41340819927390854, 0.1674823146222625, 0.13360758210947504, 0.28550190399435393], [0.11245293763232823, 0.2760467708192352, 0.46747065082694245, 0.1440296407214943]]}, "rewritten": {"ids": ["97105580", "97105960", "97106970", "97107920", "97118210", "98106680", "98110710", "98116940", "98119591", "99108080", "99108580", "99108710", "99109161", "99109840", "99110730", "99111000", "99111930", "99112840", "100108580", "100109000", "100109311", "100109330", "100110260", "100111390", "100117420", "100120010", "101108370", "101108500", "101108580", "101110740", "101111310", "101111990", "101112540", "101119030", "102109840", "102109910", "102110500", "102110850", "102114270", "102117351", "103111830", "103111990", "103113210", "103117461", "103120290", "104111531", "104111620", "104113240", "104118070", "104119290", "105110251", "105115720", "105115900", "105116501", "105116650", "105120280", "106112770", "106113170", "106114280", "106114321", "106117770", "106118520", "106121190", "107113170", "107114200", "107116300", "107117630", "107118780", "107119130", "107119390", "108113620", "108113760", "108114040", "108115250", "108115500", "108115880", "108116070", "108118291", "108118520", "108119550", "108120260", "108120700", "108121410", "109113881", "109114030", "109114720", "109116441", "109116750", "109116810", "109116930", "109117271", "109117600", "109118231", "109118820", "109119010", "109119450", "109119460", "109121410", "110113591", "110115250", "110115710", "110115980", "110117500", "110118301", "110118450", "110120560", "111114121", "111115780", "111115910", "111116010", "111116040", "111116110", "111116411", "111117000", "111117200", "111118810", "111118820", "111120220", "111120540", "111120591", "112116501", "112117431", "112118511", "112118701", "112118810", "112118820", "112118860", "112119120", "112119580", "112120640", "112120700", "113117340", "113118231", "113118511", "113119320", "113119450", "113120540", "113120780", "113121190", "113121680", "113121950", "113122190"], "labels": [1, 2, 2, 0, 2, 1, 2, 2, 1, 3, 0, 2, 3, 2, 3, 2, 1, 2, 0, 1, 1, 0, 3, 2, 2, 0, 1, 3, 0, 3, 3, 2, 2, 3, 2, 2, 3, 3, 3, 1, 3, 2, 3, 0, 2, 0, 0, 2, 2, 1, 0, 1, 3, 1, 1, 3, 1, 0, 3, 2, 0, 2, 2, 0, 2, 0, 0, 1, 1, 2, 3, 1, 0, 1, 3, 3, 1, 3, 0, 1, 1, 2, 0, 0, 1, 0, 3, 0, 3, 0, 0, 1, 1, 3, 3, 3, 1, 0, 0, 1, 2, 1, 1, 1, 0, 0, 0, 1, 2, 1, 0, 3, 0, 0, 0, 0, 0, 3, 1, 1, 3, 0, 1, 0, 3, 0, 3, 1, 3, 0, 2, 2, 3, 1, 1, 3, 3, 0, 1, 1, 3, 1], "predicted_labels": [1, 1, 1, 0, 1, 3, 1, 1, 0, 1, 3, 1, 1, 1, 1, 1, 3, 0, 0, 2, 3, 3, 0, 1, 1, 1, 0, 2, 0, 1, 1, 1, 1, 1, 1, 1, 1, 2, 2, 3, 1, 3, 3, 3, 1, 1, 3, 1, 2, 1, 1, 1, 1, 0, 2, 1, 0, 3, 1, 0, 1, 1, 3, 1, 1, 1, 1, 1, 1, 1, 1, 1, 1, 2, 2, 0, 1, 1, 0, 1, 1, 2, 1, 1, 0, 1, 0, 1, 3, 0, 1, 2, 3, 1, 1, 3, 1, 1, 3, 1, 1, 2, 1, 3, 1, 2, 1, 1, 1, 1, 1, 1, 1, 1, 1, 0, 1, 1, 1, 1, 1, 1, 1, 1, 1, 1, 1, 1, 1, 1, 1, 1, 1, 1, 1, 1, 1, 1, 1, 1, 1, 1], "confidence_scores": [[0.2063651844969027, 0.322275566041796, 0.20062938260910404, 0.2707298668521974], [0.2291367395543999, 0.31170826966692994, 0.1841087518391162, 0.27504623893955404], [0.20966954043883357, 0.3351919425418884, 0.16100250809219846, 0.2941360089270798], [0.34216999936782516, 0.2513210215866462, 0.13288738720251075, 0.2736215918430179], [0.2421755853592581, 0.3312554074161294, 0.18641595731298097, 0.24015304991163153], [0.26953363215350723, 0.25041591144477504, 0.1792273866681424, 0.3008230697335754], [0.1995335029657108, 0.4212760159996401, 0.1737488973297033, 0.2054415837049457], [0.19781966889513644, 0.31744126010529594, 0.20070049194518477, 0.28403857905438296], [0.44096489985829235, 0.29190825500269063, 0.09807231831342166, 0.1690545268255953], [0.2427548258374646, 0.4198574256946024, 0.13844103721533213, 0.19894671125260097], [0.21976666227118186, 0.24073714609984426, 0.13556086477693338, 0.40393532685204053], [0.20949595484095163, 0.4592231785111494, 0.15410080729332368, 0.1771800593545752], [0.23708166274109216, 0.39517628893698237, 0.17768315981325097, 0.19005888850867458], [0.1853502615470698, 0.4903747615382099, 0.1590502693979823, 0.16522470751673798], [0.21977221070215894, 0.32995892604876204, 0.2908879769332865, 0.1593808863157925], [0.16399012265970098, 0.42758884557035476, 0.2609680498479193, 0.1474529819220249], [0.24624838820161205, 0.2563247323876889, 0.10827780824233815, 0.389149071168361], [0.36707833857085564, 0.36511854051531006, 0.11191075924667712, 0.15589236166715723], [0.3423180434269647, 0.21563134281763302, 0.11489613661765516, 0.3271544771377472], [0.19449327385407827, 0.30276744168896985, 0.3472852284573623, 0.1554540559995895], [0.25490334470523957, 0.3102758336561439, 0.123257795521824, 0.3115630261167927], [0.2796136162670262, 0.26799828640109813, 0.13696710395247422, 0.31542099337940166], [0.34612678193532503, 0.2598253424591557, 0.19030756716696667, 0.20374030843855268], [0.2133580967941309, 0.3709273994909794, 0.1853428332198972, 0.23037167049499258], [0.24074195767823237, 0.3413462233774939, 0.10621705124073012, 0.3116947677035436], [0.25241581586689577, 0.32489267933228605, 0.18332946522291488, 0.23936203957790328], [0.41713320999270204, 0.2593004402547143, 0.09881669231327807, 0.22474965743930553], [0.20165947140602353, 0.2677517806970311, 0.318502451132802, 0.21208629676414342], [0.30229405146130317, 0.27156313016175554, 0.14904609269409827, 0.27709672568284305], [0.18104111056870095, 0.46641931463949055, 0.17142479106981903, 0.1811147837219895], [0.29257877909349495, 0.36457031723584066, 0.12332120561494535, 0.21952969805571915], [0.22766789302423499, 0.34338839888003553, 0.23434925361309747, 0.1945944544826319], [0.21937684588672998, 0.3832959253445219, 0.2301672245876657, 0.16716000418108262], [0.23035987215010675, 0.523136665774622, 0.10549264365838784, 0.1410108184168833], [0.2584148251873964, 0.37026122996669336, 0.1969191989871913, 0.1744047458587191], [0.2014962854327511, 0.4223776155471187, 0.12822247665736447, 0.24790362236276567], [0.2878640592129367, 0.34310359610142327, 0.1503085894981747, 0.21872375518746534], [0.1962775047119038, 0.31499836653207053, 0.3484048994353706, 0.14031922932065496], [0.08202779536043757, 0.30186132199838317, 0.49892912930288014, 0.11718175333829929], [0.22721797321723383, 0.3045119656834547, 0.12486422455255097, 0.3434058365467604], [0.2572456680910038, 0.3003752816746997, 0.210211636068558, 0.2321674141657387], [0.2827037781940015, 0.23978310122035967, 0.18947969291992992, 0.28803342766570894], [0.1495172636502879, 0.2837607246723478, 0.1274367059832185, 0.43928530569414587], [0.26149623492857704, 0.2832059590946607, 0.11595359117757206, 0.3393442147991903], [0.23859949062817243, 0.3244485409411745, 0.196872540745856, 0.24007942768479704], [0.20837011777370504, 0.475570776411805, 0.12330434155052988, 0.19275476426396007], [0.28804547097442823, 0.2543064938105668, 0.141097398948974, 0.3165506362660308], [0.1839266394708201, 0.39403033299375084, 0.243412250699492, 0.17863077683593712], [0.1863947635690486, 0.29255678000189395, 0.3659711309234083, 0.1550773255056491], [0.20632974986717306, 0.5415994023603127, 0.11638996042506967, 0.1356808873474446], [0.26850956020507954, 0.3311208880189656, 0.236267251701938, 0.1641023000740168], [0.20337678539057552, 0.34147427659904717, 0.18463524486551935, 0.27051369314485807], [0.32590252556611654, 0.39802993376195167, 0.10999800695115233, 0.16606953372077937], [0.5536112314979863, 0.22177802527160936, 0.07833766697798768, 0.14627307625241662], [0.13944720696219987, 0.20899203691726717, 0.5492622194382417, 0.10229853668229123], [0.250233685152552, 0.31196328633167225, 0.13925818953076927, 0.29854483898500656], [0.3527420332905683, 0.3238655820620691, 0.13787187445703825, 0.18552051019032434], [0.14707383710180924, 0.26782203987980724, 0.11887234223951035, 0.46623178077887306], [0.2799440349296841, 0.3029258151873026, 0.16613868272382232, 0.250991467159191], [0.3140769702707764, 0.3058218636319615, 0.1304759542378543, 0.24962521185940773], [0.24461736836249914, 0.44798130884776305, 0.1689543680427027, 0.13844695474703497], [0.1635813276701281, 0.44838497690418366, 0.1358526587928847, 0.2521810366328036], [0.11723306463716358, 0.3169111592746929, 0.20420538445923106, 0.3616503916289125], [0.1281390269296747, 0.5647867295091812, 0.1204226831096179, 0.18665156045152637], [0.21735623412398572, 0.3638468604872543, 0.16364362121377643, 0.2551532841749836], [0.28261826791389544, 0.3287378801524436, 0.1555933412586845, 0.2330505106749765], [0.1542571245005784, 0.3579348593256278, 0.2969805166162392, 0.1908274995575548], [0.1725183032077035, 0.3048574737279168, 0.22681210617056194, 0.2958121168938178], [0.22436161788468933, 0.3232351913523018, 0.15936626406435067, 0.2930369266986583], [0.23092058437689533, 0.41836848029620816, 0.1321875078732862, 0.21852342745361034], [0.20332222869118238, 0.4062072743291466, 0.27094373588126586, 0.11952676109840502], [0.2141013243011799, 0.27337371378826947, 0.24570787823669588, 0.26681708367385476], [0.18519168325323013, 0.5184975858330237, 0.14817565539338948, 0.14813507552035673], [0.12827630818361727, 0.2871653094783238, 0.48374707219119045, 0.10081131014686859], [0.10522632802669514, 0.1789282763046867, 0.5738293487507837, 0.14201604691783445], [0.3786838616164741, 0.23955790926049625, 0.14751774824402833, 0.23424048087900143], [0.2735103995146206, 0.31309984906715016, 0.14470948421156185, 0.2686802672066675], [0.20820218313426841, 0.4583419997544021, 0.08606513729505132, 0.24739067981627827], [0.3130423766828095, 0.2581048340517281, 0.1899418571460657, 0.23891093211939682], [0.1794164806867817, 0.30344464017365114, 0.25730423289734816, 0.259834646242219], [0.24722757611292656, 0.32507912305220926, 0.2716278253144287, 0.15606547552043556], [0.2214184792872758, 0.1929464682095677, 0.3582606222777555, 0.22737443022540113], [0.265727352244854, 0.39015856902803187, 0.13463360948993147, 0.2094804692371826], [0.3225447125857562, 0.3399698762726378, 0.12216546534042133, 0.2153199458011846], [0.38357532577849396, 0.2549307222353084, 0.12501114376526407, 0.2364828082209336], [0.277595760760154, 0.355618465288602, 0.1232238848182576, 0.24356188913298638], [0.3660599897570762, 0.25383311574091916, 0.10493689858257327, 0.27516999591943153], [0.20253501630023935, 0.3971797031214745, 0.210084138081939, 0.19020114249634706], [0.21897345068582658, 0.23336981929771508, 0.17515711783448604, 0.37249961218197253], [0.3828943241591061, 0.294530810229718, 0.1404132493623395, 0.1821616162488363], [0.1551036254244776, 0.473952232311135, 0.20097105544173016, 0.16997308682265733], [0.19814107854129964, 0.28497621184526123, 0.36419202813199403, 0.15269068148144532], [0.26249169956031865, 0.2922954368203589, 0.11962754861375002, 0.3255853150055723], [0.1821260561133248, 0.43579672675860526, 0.1295563191382454, 0.25252089798982463], [0.20198950746779729, 0.4727001794036134, 0.12968512546931604, 0.19562518765927323], [0.15247087037185186, 0.2793586497566805, 0.2754651981906364, 0.2927052816808313], [0.3492543715352729, 0.40404918676981105, 0.09182306633869165, 0.15487337535622436], [0.23534623524883613, 0.3942630298156403, 0.16108332872493478, 0.20930740621058894], [0.2793653304424901, 0.29496704361197706, 0.10773997396560404, 0.3179276519799289], [0.27423204787332944, 0.3274669162547477, 0.19213276887281194, 0.20616826699911084], [0.1310575310102154, 0.38592210205404454, 0.20622352470943994, 0.2767968422263003], [0.15633333698927424, 0.3346482176541298, 0.3498346139299387, 0.15918383142665735], [0.20462455469789087, 0.36763994825992935, 0.23922118249308996, 0.1885143145490899], [0.17862023888222037, 0.34739299983382677, 0.0845568987055177, 0.3894298625784351], [0.19161307410143957, 0.30247287438077325, 0.2147577376728436, 0.2911563138449436], [0.11779573831149188, 0.27296083784006825, 0.4549916031361566, 0.15425182071228327], [0.24095968072430726, 0.37872496597432925, 0.09839703462101262, 0.281918318680351], [0.26063310456351674, 0.3232811601144365, 0.20077614118429363, 0.21530959413775339], [0.26882622750175506, 0.39385771834852407, 0.12737769288289488, 0.2099383612668261], [0.25926872569464243, 0.26406753906976177, 0.23342702821575573, 0.2432367070198401], [0.19840865915089945, 0.3713820530649213, 0.2328751412239725, 0.19733414656020684], [0.17743615669198304, 0.314384603606819, 0.22751947241475837, 0.28065976728643965], [0.24790682583414855, 0.35540960373879577, 0.13034101974687515, 0.2663425506801807], [0.21961239009711067, 0.45468524157876516, 0.19363350389608222, 0.1320688644280419], [0.31614484839015117, 0.35845012050637337, 0.13839849330981066, 0.18700653779366502], [0.2867472303859036, 0.252022361728665, 0.21105898254413358, 0.25017142534129794], [0.2701530172605772, 0.3242794056045038, 0.2083454261975228, 0.1972221509373962], [0.2401724120181378, 0.5120396739636272, 0.11078093851945536, 0.13700697549877972], [0.19422851425655327, 0.4220925062023556, 0.1939948311503178, 0.18968414839077327], [0.2607253584019024, 0.40179680739905566, 0.1636495689163624, 0.17382826528267958], [0.23560460295014102, 0.40818956649748234, 0.11442618029258404, 0.2417796502597927], [0.2536307369694228, 0.3654865927015965, 0.1356948720322141, 0.24518779829676665], [0.1528376848086138, 0.3086407680710112, 0.26265412214488537, 0.2758674249754897], [0.18165294295206255, 0.4778165526417227, 0.10256166389187318, 0.23796884051434156], [0.17879457433867607, 0.31880667635255333, 0.303681526425, 0.19871722288377056], [0.17198061757512292, 0.44982413380653197, 0.1787364934506924, 0.19945875516765282], [0.11296494413562808, 0.5551932081197324, 0.1608221547060706, 0.17101969303856887], [0.3212823791387263, 0.3544546506148473, 0.15783114105993354, 0.1664318291864928], [0.24506396633004962, 0.3725155291702142, 0.16706990650333453, 0.2153505979964017], [0.2452058305617705, 0.3504694011653393, 0.09493429150081763, 0.3093904767720727], [0.2192609338641057, 0.4325258052803344, 0.17352895900200652, 0.17468430185355346], [0.19031938251148176, 0.5470531757755936, 0.09352427571485332, 0.1691031659980714], [0.22153910383343417, 0.47699083471859355, 0.16920550550628805, 0.1322645559416843], [0.25192497001413955, 0.3404526933113863, 0.13361640354571525, 0.2740059331287589], [0.2308329888838812, 0.4996970951551091, 0.11177844694188561, 0.1576914690191243], [0.24710168941875235, 0.404228191011214, 0.15391207320330919, 0.19475804636672447], [0.17186982447180532, 0.4823311929994737, 0.20105976391584102, 0.14473921861287986], [0.1902936651696737, 0.45393571586287956, 0.1528268141732059, 0.20294380479424098], [0.26379581469959257, 0.3548740630214756, 0.2072970048076054, 0.17403311747132635], [0.19218740877222948, 0.3467785149335103, 0.11647044423791182, 0.3445636320563484], [0.26077123405262226, 0.32292880924114215, 0.18915756226750977, 0.22714239443872605], [0.14571942977011224, 0.4007618985032165, 0.11480415080603903, 0.3387145209206321]]}}