{"test": {"ids": ["110114561", "111120591", "108115880", "109119591", "108118630", "112116990", "110115140", "101112690", "113121680", "103113101", "109118231", "112119500", "106120640", "102112250", "99108890", "110121450", "107113360", "112116540", "107119130", "97107260", "111119250", "101117580", "99107630", "97106000", "108118810", "112121360", "111116010", "103120780", "100120780", "102108621", "109116930", "113118421", "107118520", "110119300", "107117630", "105116090", "105117431", "106116441", "112118511", "106118301", "109116441", "98112300", "112118820", "110120560", "107114780", "101112540", "107114950", "108117610", "110118740", "106113360", "98106560", "102112030", "112117580", "108116120", "111116530", "110115250", "102114270", "101111140", "107114110", "98109090", "112119930", "109117431", "104111531", "109116750", "111119950", "101109000", "103117200", "112117030", "112119450", "106114280", "104111380", "99108000", "106115240", "112118810", "107113260", "108114670", "107120010", "109115220", "98107340", "99116500", "112120640", "101111990", "112118890", "102110050", "103112641", "98108970", "111118301", "106113170", "107116300", "110116441", "110119891", "100116500", "110116501", "98112580", "110118701", "102107961", "105110091", "101114020", "112117210", "108120700", "104111780", "108118520", "107118820", "105115380", "112120270", "97111790", "113122150", "99111340", "108120621", "97116410", "100113370", "101111310", "99109311", "113120540", "100111270", "113120280", "111115910", "99110730", "111116411", "105114220", "113121190", "110121720", "100111380", "102110690", "111121220", "99107560", "104117200", "111120540", "100117420", "102112170", "111116170", "110117500", "105118171", "97106770", "111120640", "105113330", "108114220", "109114651", "112121030", "104111990", "112118471", "99107500"], "labels": [0, 1, 3, 0, 1, 0, 0, 1, 1, 3, 1, 2, 3, 0, 0, 3, 0, 1, 1, 2, 1, 3, 2, 0, 1, 3, 1, 1, 1, 3, 0, 3, 2, 1, 0, 1, 1, 0, 1, 1, 3, 2, 0, 0, 2, 2, 3, 3, 3, 0, 1, 2, 0, 1, 3, 1, 3, 2, 1, 1, 1, 1, 0, 0, 0, 1, 0, 2, 3, 3, 3, 2, 1, 3, 0, 3, 1, 3, 0, 2, 0, 2, 3, 3, 3, 3, 3, 0, 0, 3, 3, 2, 3, 2, 3, 3, 0, 3, 1, 2, 3, 0, 3, 1, 0, 2, 2, 1, 1, 3, 3, 3, 1, 3, 2, 0, 2, 3, 0, 3, 1, 3, 3, 0, 3, 1, 3, 1, 2, 3, 0, 1, 3, 3, 0, 3, 3, 3, 0, 2, 1, 0], "predicted_labels": [1, 3, 0, 1, 3, 0, 3, 3, 3, 1, 2, 1, 1, 1, 1, 0, 1, 1, 1, 3, 3, 0, 3, 3, 3, 0, 3, 1, 0, 0, 0, 0, 1, 0, 1, 1, 3, 0, 3, 0, 0, 3, 0, 0, 3, 3, 3, 3, 0, 1, 1, 3, 2, 3, 1, 1, 1, 0, 3, 2, 1, 1, 1, 1, 3, 1, 3, 3, 3, 3, 2, 2, 0, 3, 3, 1, 1, 3, 3, 1, 1, 3, 3, 3, 1, 1, 3, 1, 0, 0, 0, 3, 3, 1, 0, 0, 1, 3, 0, 3, 3, 1, 3, 3, 1, 1, 1, 3, 1, 1, 2, 3, 0, 0, 1, 1, 2, 2, 3, 1, 2, 3, 0, 1, 3, 1, 3, 1, 1, 3, 1, 0, 3, 1, 1, 3, 1, 0, 0, 0, 3, 3], "confidence_scores": [[0.21581128716840298, 0.34159590814797064, 0.2968383122848009, 0.14575449239882554], [0.24541250519146993, 0.09400821218890748, 0.13249924548447098, 0.5280800371351515], [0.3400651798477916, 0.233557148681534, 0.16817749660737322, 0.25820017486330116], [0.210658783390348, 0.43946410608504, 0.15022747562878752, 0.19964963489582443], [0.14903799278347768, 0.19989897422206038, 0.17160117894327476, 0.47946185405118724], [0.39449185790297, 0.17089099151909234, 0.12871602538016041, 0.30590112519777735], [0.27850970805227016, 0.29843118305782906, 0.10470169559886557, 0.31835741329103545], [0.24141009405531688, 0.23774541253145645, 0.10314408123574152, 0.41770041217748505], [0.2008732779900816, 0.22327731709899123, 0.1385083285288232, 0.43734107638210384], [0.12882722796517498, 0.5359752104155563, 0.14267173876034245, 0.1925258228589262], [0.17252401009358648, 0.2388929140434085, 0.4145559055266709, 0.1740271703363341], [0.15323257350399996, 0.38032415930069186, 0.1797547483151418, 0.28668851888016633], [0.12240746061517331, 0.5443064137359681, 0.20646874319909167, 0.12681738244976695], [0.17808204542917985, 0.3037729430327349, 0.26623392202187696, 0.2519110895162083], [0.1917601700036808, 0.39952525456485866, 0.09676879036443511, 0.31194578506702536], [0.4878928237573495, 0.29567872543975093, 0.08151395635807578, 0.13491449444482387], [0.25485635181207916, 0.3989279232676994, 0.15435288861591176, 0.19186283630430992], [0.12182170024348282, 0.5878582655921974, 0.09056101684254148, 0.19975901732177828], [0.2505395334637398, 0.34252787222602177, 0.15660797354322128, 0.25032462076701706], [0.11716242561419779, 0.2081624803461889, 0.29669866486031515, 0.3779764291792982], [0.13800673477112757, 0.28732922761004404, 0.26851370998949337, 0.30615032762933514], [0.481192152505792, 0.2543417992373876, 0.08228728743789601, 0.1821787608189246], [0.22180272846407345, 0.2228214757003135, 0.07064835057688809, 0.4847274452587249], [0.16650712611384627, 0.26229931011706714, 0.2149446664358169, 0.35624889733326975], [0.2629637474549366, 0.23856893165604906, 0.17173921047677188, 0.3267281104122426], [0.3182806889395719, 0.2847720320081466, 0.12087857889035969, 0.27606870016192175], [0.1375232799561361, 0.22621048333791446, 0.2538465448054773, 0.38241969190047215], [0.13099718538052352, 0.6805251029283051, 0.06680599783482284, 0.12167171385634824], [0.3872705210930061, 0.14771116580321378, 0.13248483054266927, 0.33253348256111087], [0.42075181410796625, 0.1728169989733567, 0.20588135083494327, 0.20054983608373372], [0.32151507867005596, 0.3155564783227486, 0.172725460007977, 0.19020298299921856], [0.35673386963670944, 0.21920679903386814, 0.0808125165488004, 0.3432468147806221], [0.14315054143087663, 0.4918478390869054, 0.1426009017142506, 0.22240071776796738], [0.39151321705357156, 0.2418128362244917, 0.12169443306499972, 0.24497951365693715], [0.178375859910806, 0.41594501795402133, 0.14461281061370565, 0.2610663115214671], [0.268064617784063, 0.4378452080875885, 0.12771482440562473, 0.1663753497227241], [0.24750220854546937, 0.180723552513312, 0.2780092802330362, 0.2937649587081825], [0.3286828824021157, 0.30818116082824626, 0.08889183340080423, 0.2742441233688338], [0.24383445320084163, 0.26060917421982227, 0.17882742011381922, 0.3167289524655171], [0.552700728981159, 0.19805938091673367, 0.11328463180421569, 0.1359552582978916], [0.3780919071535928, 0.2803730339738109, 0.20088039982880806, 0.14065465904378835], [0.29106903422838115, 0.15751889200843674, 0.22707664344196996, 0.3243354303212121], [0.30696230677543007, 0.20984630263025053, 0.19007647363844227, 0.2931149169558772], [0.41826733190848886, 0.26056470535032983, 0.1488694308168626, 0.17229853192431874], [0.21713750493419648, 0.293082546192377, 0.1850263750608727, 0.3047535738125539], [0.1842075847699033, 0.25428551390308013, 0.2118895091846772, 0.34961739214233956], [0.2639744094120604, 0.16059707148506072, 0.10741625637139304, 0.4680122627314857], [0.2252236768581425, 0.1657235760668479, 0.09624464054981016, 0.5128081065251996], [0.3527456029072087, 0.2510626300687325, 0.12729515231299196, 0.2688966147110669], [0.2653720348494741, 0.3346435457203379, 0.2284623924683134, 0.17152202696187466], [0.19630535545591413, 0.3322113661447141, 0.2046131160290016, 0.2668701623703701], [0.2956626332913396, 0.24543121028860618, 0.14768528074748324, 0.3112208756725709], [0.2679698413704962, 0.16237150992876856, 0.3850196641728056, 0.18463898452792973], [0.18419819536386678, 0.24193025160127554, 0.11748986337037234, 0.45638168966448533], [0.3077446137689437, 0.4246118563732534, 0.12009350916038289, 0.14755002069742001], [0.27035569031627665, 0.35393456629050396, 0.14665026673022483, 0.22905947666299484], [0.1527083787727476, 0.5429788167556644, 0.13392845568772616, 0.17038434878386194], [0.6429286531402011, 0.10199048969106868, 0.1269403544398994, 0.12814050272883087], [0.2654521685994456, 0.27314460265321383, 0.14191524163033956, 0.3194879871170012], [0.20346593062765767, 0.21660336646381098, 0.2987299365499884, 0.28120076635854296], [0.14750917860125656, 0.4703412807811723, 0.0603882836963192, 0.3217612569212519], [0.2812505260958292, 0.42007642831238434, 0.10651610442402676, 0.19215694116775972], [0.173457408637296, 0.5424466669730623, 0.08416024396851038, 0.1999356804211311], [0.29095955065478435, 0.3737326229048822, 0.11208431602837474, 0.2232235104119587], [0.19174389894780575, 0.19729410376898812, 0.2237440808914164, 0.3872179163917896], [0.108592602014764, 0.38604721642216155, 0.14460773093636373, 0.36075245062671063], [0.21024530650643838, 0.3414807990091823, 0.06424404051394393, 0.38402985397043526], [0.12423122223838366, 0.2510289459890097, 0.12992103852635944, 0.49481879324624745], [0.15256725003358823, 0.23738239392349586, 0.11068092438740747, 0.4993694316555085], [0.24483689035579462, 0.32569049072729994, 0.06427188012924502, 0.36520073878766046], [0.24303976278752565, 0.18634737555530614, 0.361738786363302, 0.20887407529386628], [0.1764821756514275, 0.22033947783180335, 0.30471561014348825, 0.29846273637328113], [0.3401765828719453, 0.18396330187496418, 0.176767310641538, 0.29909280461155235], [0.18895792227855168, 0.29062432098171986, 0.0837324018206083, 0.4366853549191201], [0.13875365099224682, 0.28326558038553773, 0.12434954272822803, 0.4536312258939875], [0.10541515350519759, 0.5163901877082469, 0.20086587701771455, 0.17732878176884098], [0.14805118207323206, 0.504295781384322, 0.11944254107925216, 0.2282104954631938], [0.25643289486945064, 0.19552863426468106, 0.267226901830209, 0.2808115690356594], [0.22774559628382837, 0.13432861140370786, 0.2181834018151194, 0.41974239049734435], [0.10703161104033337, 0.4482119286646266, 0.20060416844402681, 0.24415229185101336], [0.09307477203520353, 0.5462769657463852, 0.16754644317128659, 0.1931018190471246], [0.13711152728981998, 0.08584816012979683, 0.081772967552015, 0.6952673450283682], [0.21209977140743197, 0.2823170426887287, 0.1475539375463071, 0.3580292483575322], [0.08338925789971217, 0.36336589218108023, 0.08433761544578425, 0.4689072344734233], [0.33649013486901824, 0.3425277739646594, 0.10506406640344934, 0.21591802476287303], [0.2175689980419661, 0.3828514711373997, 0.1888281956238135, 0.2107513351968208], [0.26501755735086, 0.20431822559646864, 0.14789654446434708, 0.3827676725883245], [0.24229564801235662, 0.5000908432844017, 0.04971813387958593, 0.20789537482365586], [0.3375996523263657, 0.21439791541549427, 0.19138017184013892, 0.256622260418001], [0.35641180550441937, 0.21158671538214008, 0.14748325447887314, 0.28451822463456766], [0.408498362707942, 0.16228231786028982, 0.13749210206769372, 0.29172721736407436], [0.15800931397455775, 0.18865173243756858, 0.13709485058236456, 0.5162441030055092], [0.24307862426731436, 0.28589141352371295, 0.07011832613617217, 0.4009116360728006], [0.14050409847348005, 0.29638719540269426, 0.2685568878863984, 0.2945518182374271], [0.34537552404475624, 0.20688492764650585, 0.2735939099355112, 0.17414563837322677], [0.39593695076974367, 0.2787634252895177, 0.17518996360080452, 0.1501096603399341], [0.2709643945396131, 0.45088015163643286, 0.12934664110112518, 0.14880881272282906], [0.19780658342362178, 0.15982779837977956, 0.23976335773161378, 0.40260226046498493], [0.40406745391133725, 0.2132125679307158, 0.1750180411116574, 0.20770193704628973], [0.24807150218123628, 0.2608497361771451, 0.18218033986965432, 0.3088984217719643], [0.2302006836295466, 0.2654025343638162, 0.0990568666954155, 0.4053399153112217], [0.15007546042050732, 0.47282140156615343, 0.13190992099147347, 0.2451932170218658], [0.16901525120107844, 0.2327607727191942, 0.12185818457001589, 0.47636579150971137], [0.21283232611451566, 0.30716498234795375, 0.12827919465489568, 0.35172349688263477], [0.23286597953624535, 0.36641911637317554, 0.12335972193215784, 0.27735518215842125], [0.2257162788045696, 0.4077624175281479, 0.18739565137017494, 0.17912565229710775], [0.15623713661323832, 0.4542723961810825, 0.20567339514083463, 0.18381707206484463], [0.14123207475061864, 0.33092467406497156, 0.16603520903312566, 0.3618080421512843], [0.3257029383565885, 0.359959714983464, 0.19728219428742985, 0.1170551523725178], [0.17320763924365357, 0.5815419987217295, 0.15601037068854778, 0.089239991346069], [0.24105655063219722, 0.11238489724998595, 0.38649631623903663, 0.26006223587878025], [0.24916601777891592, 0.3171508513061946, 0.08868564878292343, 0.34499748213196624], [0.35878561414310467, 0.2623747716903227, 0.19693435328286849, 0.1819052608837041], [0.4824964754276609, 0.12493094193662106, 0.09282323986357698, 0.29974934277214094], [0.09264041170081593, 0.5392725820382749, 0.1754756287696871, 0.19261137749122195], [0.18910090923621128, 0.35673773718050567, 0.11457683467852094, 0.3395845189047624], [0.21227707531247972, 0.1876245523028259, 0.34837437824854106, 0.25172399413615315], [0.16723694043004672, 0.2533341487446695, 0.3841846344248102, 0.19524427640047376], [0.2201510673545023, 0.24663900114997278, 0.0906043662525564, 0.4426055652429685], [0.32702902366435643, 0.41087225374878783, 0.10618459030061614, 0.1559141322862397], [0.2722341201600266, 0.23363713399130095, 0.2822554658320314, 0.21187328001664102], [0.15807639177146426, 0.19325632540596444, 0.1858289372500558, 0.4628383455725155], [0.5168362346184937, 0.18273768389720932, 0.10843404944222551, 0.19199203204207133], [0.25595029685848913, 0.4866383275517788, 0.07867805825143082, 0.17873331733830142], [0.28626356120540686, 0.2388831377349977, 0.07183601814547082, 0.4030172829141246], [0.13147247826592692, 0.5383535812000315, 0.11741485667893482, 0.21275908385510664], [0.14332019611404626, 0.243525270533028, 0.273417819230931, 0.33973671412199463], [0.20893382697080373, 0.42509563291316915, 0.15029505872729243, 0.21567548138873469], [0.2541466379257484, 0.27416734125699677, 0.24150659341384823, 0.23017942740340663], [0.2170637406533668, 0.24838417562316079, 0.20647044982793078, 0.32808163389554174], [0.2712850034713766, 0.3741059211360805, 0.12445005623907819, 0.23015901915346498], [0.3426330002898057, 0.32935516035775303, 0.169026400768964, 0.15898543858347722], [0.17460298610133212, 0.30172976111104866, 0.15619987627501072, 0.3674673765126086], [0.23584980929684063, 0.37626777692148683, 0.17845070369948612, 0.20943171008218636], [0.18638951278297328, 0.5508497725361502, 0.0945199019176039, 0.16824081276327266], [0.27958985936997943, 0.1329367003082723, 0.0736238302679149, 0.5138496100538334], [0.1754571505529611, 0.3571528432470215, 0.3169827650246493, 0.15040724117536805], [0.450850959313183, 0.09883882861023437, 0.18372733786901604, 0.26658287420756677], [0.5612451644389947, 0.20367597566795306, 0.07744420162773664, 0.15763465826531553], [0.6062205424468768, 0.25987956897794323, 0.04241277726915987, 0.09148711130602007], [0.2975529859351845, 0.14175850390707778, 0.25941322837221437, 0.30127528178552326], [0.14776147838434506, 0.2464886480626441, 0.16082758519866994, 0.4449222883543411]]}, "rewritten": {"ids": ["97106000", "97106770", "97107260", "97111790", "97116410", "98106560", "98107340", "98108970", "98109090", "98112300", "98112580", "99107500", "99107560", "99107630", "99108000", "99108890", "99109311", "99110730", "99111340", "99116500", "100111270", "100111380", "100113370", "100116500", "100117420", "100120780", "101109000", "101111140", "101111310", "101111990", "101112540", "101112690", "101114020", "101117580", "102107961", "102108621", "102110050", "102110690", "102112030", "102112170", "102112250", "102114270", "103112641", "103113101", "103117200", "103120780", "104111380", "104111531", "104111780", "104111990", "104117200", "105110091", "105113330", "105114220", "105115380", "105116090", "105117431", "105118171", "106113170", "106113360", "106114280", "106115240", "106116441", "106118301", "106120640", "107113260", "107113360", "107114110", "107114780", "107114950", "107116300", "107117630", "107118520", "107118820", "107119130", "107120010", "108114220", "108114670", "108115880", "108116120", "108117610", "108118520", "108118630", "108118810", "108120621", "108120700", "109114651", "109115220", "109116441", "109116750", "109116930", "109117431", "109118231", "109119591", "110114561", "110115140", "110115250", "110116441", "110116501", "110117500", "110118701", "110118740", "110119300", "110119891", "110120560", "110121450", "110121720", "111115910", "111116010", "111116170", "111116411", "111116530", "111118301", "111119250", "111119950", "111120540", "111120591", "111120640", "111121220", "112116540", "112116990", "112117030", "112117210", "112117580", "112118471", "112118511", "112118810", "112118820", "112118890", "112119450", "112119500", "112119930", "112120270", "112120640", "112121030", "112121360", "113118421", "113120280", "113120540", "113121190", "113121680", "113122150"], "labels": [0, 3, 2, 2, 3, 1, 0, 3, 1, 2, 2, 0, 1, 2, 2, 0, 1, 3, 1, 2, 2, 3, 3, 2, 2, 1, 1, 2, 3, 2, 2, 1, 3, 3, 3, 3, 3, 0, 2, 3, 0, 3, 3, 3, 0, 1, 3, 0, 3, 2, 3, 0, 3, 3, 1, 1, 1, 3, 0, 0, 3, 1, 0, 1, 3, 0, 0, 1, 2, 3, 0, 0, 2, 3, 1, 1, 3, 3, 3, 1, 3, 0, 1, 1, 1, 2, 3, 3, 3, 0, 0, 1, 1, 0, 0, 0, 1, 3, 3, 1, 3, 3, 1, 3, 0, 3, 3, 2, 1, 0, 0, 3, 3, 1, 0, 1, 1, 0, 3, 1, 0, 2, 1, 0, 1, 1, 3, 0, 3, 3, 2, 1, 0, 0, 0, 3, 3, 0, 3, 1, 1, 2], "predicted_labels": [3, 1, 1, 1, 2, 3, 3, 1, 3, 3, 1, 1, 1, 3, 2, 1, 1, 2, 1, 3, 1, 3, 3, 3, 2, 3, 3, 0, 3, 1, 0, 3, 3, 0, 1, 1, 1, 1, 1, 0, 0, 1, 0, 1, 1, 1, 0, 3, 1, 1, 3, 0, 3, 1, 1, 1, 3, 0, 1, 1, 3, 3, 0, 0, 1, 0, 0, 3, 3, 3, 0, 3, 1, 3, 0, 1, 0, 1, 3, 3, 3, 1, 3, 0, 1, 0, 0, 3, 0, 1, 0, 3, 2, 1, 3, 0, 3, 3, 1, 1, 2, 3, 3, 3, 3, 0, 2, 1, 3, 1, 0, 1, 3, 3, 3, 1, 3, 1, 3, 1, 0, 3, 3, 0, 3, 3, 3, 3, 2, 3, 3, 3, 1, 1, 0, 2, 3, 3, 0, 1, 3, 1], "confidence_scores": [[0.18903656022211124, 0.17751644281953344, 0.3106429911266632, 0.3228040058316922], [0.2941006953777451, 0.3234937730839907, 0.10798854448587517, 0.2744169870523892], [0.1872958231121705, 0.3529368288576368, 0.24995417816796434, 0.20981316986222853], [0.22988252049092867, 0.32780429592636584, 0.20843944214151558, 0.2338737414411899], [0.15759962089064286, 0.2078645069418091, 0.4898617201238276, 0.1446741520437205], [0.18820015051875402, 0.24531901847565743, 0.2622687498675233, 0.30421208113806536], [0.3135214146190383, 0.12777489265221695, 0.1316455503902349, 0.42705814233850975], [0.18322931402215367, 0.3680563601496504, 0.2457518955855354, 0.20296243024266072], [0.20585937147459854, 0.2270043758681627, 0.1517382969259585, 0.41539795573128035], [0.21071668611206626, 0.17190422209331924, 0.22144994580355185, 0.3959291459910626], [0.18732288278024847, 0.46538456900746994, 0.17473819203562296, 0.1725543561766585], [0.09994883708916015, 0.49243749014489757, 0.1616754541677809, 0.24593821859816148], [0.09598539097963908, 0.5644198474646785, 0.17551562742555935, 0.16407913413012298], [0.30927551353667915, 0.10425970582117601, 0.10187513149866806, 0.4845896491434769], [0.1544124618782824, 0.2610837419878955, 0.344757591733142, 0.23974620440068012], [0.24744235670813858, 0.3421521751692478, 0.12738734068552243, 0.2830181274370911], [0.23804216129401434, 0.36096802593706034, 0.11634463675815455, 0.2846451760107708], [0.12067186811481169, 0.26178964031487045, 0.40768070644325116, 0.20985778512706685], [0.17039270553307312, 0.2990478050223409, 0.28113412337316157, 0.24942536607142463], [0.183787047547435, 0.2846542721061496, 0.16089366098169156, 0.370665019364724], [0.05976320543896544, 0.714761989158418, 0.10922201092512164, 0.11625279447749493], [0.24397445519070027, 0.25097450317401987, 0.1344708596960704, 0.3705801819392096], [0.25619074877360404, 0.13634957720482016, 0.26134194295182, 0.3461177310697558], [0.20770943458151722, 0.25934804578735643, 0.15036192992225828, 0.3825805897088681], [0.2077466066260567, 0.21771765481249836, 0.33302327107361407, 0.24151246748783095], [0.2505005499290827, 0.13567634760016284, 0.14728236825246516, 0.4665407342182893], [0.16400182492323126, 0.260263886559569, 0.18820777912459702, 0.38752650939260275], [0.6414740874577751, 0.15331652206222057, 0.09581443083907112, 0.1093949596409332], [0.21790144104920303, 0.27111899172518383, 0.16121989565859182, 0.3497596715670214], [0.21672296086630696, 0.34138842659931495, 0.17542164951002884, 0.2664669630243492], [0.3058254775626912, 0.25630842751824623, 0.2235925670720841, 0.21427352784697842], [0.25880356147686234, 0.21864751419809808, 0.13641320385416583, 0.3861357204708737], [0.29434438818506364, 0.17394199715900424, 0.21261361438442117, 0.3191000002715109], [0.3462703029320937, 0.3242631899934798, 0.11638564426249721, 0.2130808628119293], [0.18604243528294193, 0.36489016496000787, 0.128257238752428, 0.3208101610046222], [0.3192762017382454, 0.33845242510349083, 0.1640152888468501, 0.17825608431141374], [0.11432862920849729, 0.4235181280409547, 0.1452329513733582, 0.31692029137718963], [0.14327269515336438, 0.6258057331080091, 0.06345962575600494, 0.16746194598262137], [0.260314093568509, 0.32750265888898467, 0.16461340756589551, 0.2475698399766108], [0.3115329629466872, 0.15486983611091595, 0.25529317965351406, 0.2783040212888828], [0.3533928096339772, 0.21923131065991017, 0.20112544448312458, 0.22625043522298802], [0.28504243015556313, 0.44271582484025257, 0.13303030385988873, 0.13921144114429573], [0.3106029667146718, 0.27951853854704123, 0.2865948334538728, 0.12328366128441422], [0.14137410842686873, 0.44495773950527107, 0.16566924574418918, 0.24799890632367103], [0.2661657622377232, 0.3610305702182654, 0.13089512466767275, 0.24190854287633873], [0.21076534084274476, 0.6510173133644253, 0.03591948245537532, 0.10229786333745482], [0.34713659406828073, 0.1833282978065754, 0.2806031032737455, 0.18893200485139852], [0.12467352260208969, 0.20991511878157404, 0.13337951802066855, 0.5320318405956678], [0.1205590195596755, 0.42716907939968823, 0.14588368654064746, 0.3063882144999886], [0.2519181845130245, 0.5733950446039545, 0.08318679245781012, 0.0914999784252109], [0.11108629719190219, 0.18118943084819344, 0.1260615121427247, 0.5816627598171795], [0.3582504633348468, 0.2661133825565712, 0.2034822901182083, 0.17215386399037366], [0.2670151431616843, 0.23104004225849664, 0.1239247229107307, 0.3780200916690885], [0.3070210039839881, 0.41557533206551717, 0.14833456560619263, 0.12906909834430214], [0.20979784661616818, 0.4609862081747997, 0.16938746929281948, 0.15982847591621252], [0.2516437504654491, 0.3159394077059187, 0.2319509073593024, 0.20046593446932967], [0.1579405385583849, 0.28261545276800726, 0.22319012507039873, 0.33625388360320896], [0.3796567737280931, 0.37274827378686687, 0.08890033790819309, 0.1586946145768471], [0.10537237014851086, 0.649581783903082, 0.04994102524373766, 0.1951048207046695], [0.231158875924611, 0.39691518335102294, 0.10803535988996693, 0.2638905808343992], [0.17317794907813458, 0.2544486188135076, 0.08915556075698161, 0.4832178713513761], [0.26947574283176606, 0.31711577767007126, 0.07657673074591743, 0.33683174875224536], [0.4524861046250657, 0.24809319009932418, 0.12036947051652008, 0.17905123475909013], [0.3339417149044793, 0.28503563250694464, 0.10685994240342199, 0.2741627101851542], [0.15395446144757513, 0.5644217037867655, 0.16668700959537466, 0.11493682517028476], [0.3146919866723621, 0.27586687154684825, 0.1627398561424298, 0.24670128563835989], [0.48462714943284874, 0.19129801204579613, 0.1936471641977813, 0.13042767432357383], [0.2136585598903632, 0.19795476596957132, 0.17706480885842882, 0.4113218652816368], [0.2921884064773838, 0.23921723362337596, 0.1584940160967754, 0.3101003438024648], [0.248622453139565, 0.08844368116334926, 0.06894674236626083, 0.593987123330825], [0.31424789477447096, 0.2667115730861117, 0.1273510941644305, 0.29168943797498686], [0.13489716783588607, 0.3685521115978776, 0.1130332332533182, 0.3835174873129183], [0.07163909843129959, 0.6405899459372703, 0.10943706456221548, 0.1783338910692148], [0.2234484680168265, 0.15087027445456286, 0.10874482838886435, 0.5169364291397462], [0.32197961286616406, 0.2650084694759804, 0.09511039976016962, 0.31790151789768584], [0.12761561002808308, 0.4583698797028805, 0.16711375795813987, 0.2469007523108966], [0.35107311485250614, 0.18336233241516425, 0.29421161554966335, 0.1713529371826664], [0.17792475284814735, 0.5544079781946434, 0.12171485441271301, 0.1459524145444963], [0.23872288318838186, 0.1925449376374731, 0.1809225878621817, 0.3878095913119634], [0.199839951344525, 0.1905492500135129, 0.1075177745190863, 0.5020930241228758], [0.31285379278422853, 0.11301966390117267, 0.13142423526984623, 0.4427023080447524], [0.12488102246621371, 0.45743267285323796, 0.10479708004370215, 0.31288922463684643], [0.2488257995419097, 0.1589711644471736, 0.12341729517545277, 0.4687857408354639], [0.49738355614989804, 0.20391849013449206, 0.07791833163021325, 0.22077962208539678], [0.23288708610952769, 0.33512511430215686, 0.12238414182810098, 0.30960365776021453], [0.3447496393513091, 0.23905163443504232, 0.17028130642392744, 0.245917419789721], [0.4098210951856044, 0.17594741721558332, 0.11993284531955363, 0.29429864227925867], [0.2327087915703816, 0.23005188543872274, 0.11059823621807525, 0.42664108677282053], [0.3205453342245776, 0.1965868091130823, 0.21440673890716078, 0.2684611177551794], [0.09734026450880272, 0.6773551835344576, 0.15526722910120572, 0.0700373228555339], [0.38423465374815335, 0.2547357705622698, 0.17813449469004117, 0.1828950809995356], [0.17529386700201194, 0.3206333190938783, 0.09686549976357045, 0.4072073141405393], [0.202355317325803, 0.23536795448560155, 0.29426560492540854, 0.2680111232631869], [0.3377488157163497, 0.3573032306426943, 0.1102322865112721, 0.19471566712968394], [0.33327151513856496, 0.21266034692092944, 0.10633939325156944, 0.3477287446889361], [0.348898192432126, 0.24404613619713705, 0.10460796352505812, 0.30244770784567887], [0.15212236846128915, 0.24069601978322774, 0.1817568993968605, 0.42542471235862267], [0.19531027428249123, 0.1479802857739344, 0.2832235064492622, 0.37348593349431225], [0.25923314301672973, 0.36030909682669465, 0.09540696378023197, 0.2850507963763436], [0.20168435003520302, 0.5579301995983661, 0.0903737436395663, 0.1500117067268647], [0.18490098386035667, 0.1788573163652955, 0.3301753683942426, 0.30606633138010525], [0.2376825202787236, 0.25685657210963864, 0.224472729543717, 0.28098817806792087], [0.25861023017704243, 0.2852136987058268, 0.1418637036098076, 0.3143123675073231], [0.20789187288297273, 0.1961898592546787, 0.12617388329056492, 0.46974438457178364], [0.15432647423816306, 0.28407026809958885, 0.23022516253957315, 0.33137809512267513], [0.5807080020242454, 0.17202618430441607, 0.111236592884364, 0.13602922078697446], [0.13550558932399565, 0.199317803155258, 0.35669680798730496, 0.3084797995334415], [0.18547773421276362, 0.37090552072683264, 0.17121806302433978, 0.272398682036064], [0.1320695296218715, 0.19921144832268106, 0.1320954072396422, 0.5366236148158052], [0.17988052834180257, 0.4552045676374661, 0.1051912053534048, 0.2597236986673267], [0.341391025057318, 0.2500333638120004, 0.08531357699983615, 0.3232620341308454], [0.23800177707452197, 0.3125871612724409, 0.26252088224657494, 0.18689017940646213], [0.2803039335917438, 0.14443051820794292, 0.11192542030246157, 0.46334012789785173], [0.1206331292604637, 0.17376736772822984, 0.26987949824577123, 0.4357200047655351], [0.111257996332672, 0.23183492919876642, 0.06251320666591262, 0.5943938678026489], [0.1450842210742893, 0.43089283450332777, 0.20885122874099515, 0.21517171568138782], [0.3078376930582944, 0.13012027786748412, 0.12429261419450467, 0.4377494148797168], [0.24781368528461292, 0.5056437558176566, 0.11912411424756525, 0.12741844465016522], [0.2549470000008717, 0.19855889865707807, 0.07904088412941974, 0.4674532172126306], [0.09253581599013641, 0.4997895207721473, 0.10546018672875013, 0.3022144765089663], [0.3762963575345837, 0.18972093011518285, 0.11776551172514528, 0.31621720062508824], [0.17867669221100035, 0.22425282623937456, 0.21476043004951054, 0.38231005150011466], [0.18250010893253488, 0.2531526455793368, 0.17854716077812194, 0.3858000847100064], [0.3375699060027964, 0.25440650734414166, 0.16491851592178072, 0.24310507073128124], [0.31742029714811176, 0.18432474234969912, 0.13163299107126836, 0.36662196943092085], [0.2286093615004121, 0.3000963880232822, 0.17095666463928696, 0.30033758583701875], [0.17321934451300944, 0.29306815837522254, 0.07916118789746789, 0.4545513092142999], [0.2929279886330541, 0.12989005365250472, 0.08349890550735241, 0.4936830522070888], [0.19771740443173408, 0.2585012994865478, 0.29011743038129006, 0.2536638657004281], [0.2159890466954429, 0.25732645190773673, 0.093011096588723, 0.4336734048080972], [0.14849280309987473, 0.2936398067293683, 0.2018572439532611, 0.35601014621749594], [0.12094542658038693, 0.3553373818181102, 0.1252329347779086, 0.3984842568235943], [0.2644300327465791, 0.42079621494865627, 0.09000882484701433, 0.22476492745775023], [0.1912507012169672, 0.41248593028762803, 0.19457059680269728, 0.20169277169270755], [0.5521160858118672, 0.24940562980762795, 0.06020388516525767, 0.13827439921524728], [0.2566981476961626, 0.23366189857926792, 0.35531263599961166, 0.15432731772495797], [0.25265312097569953, 0.2657125126605357, 0.10785743002611273, 0.37377693633765197], [0.213449816722887, 0.2379340567178223, 0.11622827571200113, 0.4323878508472897], [0.41090798354874064, 0.21311701230250704, 0.1998879030870417, 0.17608710106171072], [0.16596191220745785, 0.31465933152608505, 0.23383785089494158, 0.28554090537151544], [0.2728804567341547, 0.19725951610656137, 0.1892811072885203, 0.34057891987076366], [0.18220176413823236, 0.4065034035604186, 0.18733354369936, 0.2239612886019892]]}}