{"test": {"ids": ["98106560", "112120640", "110117200", "110118121", "108117451", "110118880", "111119300", "100113370", "106117770", "108120060", "105113480", "99112840", "111119580", "106116120", "102112301", "112117571", "105116860", "98116940", "103117200", "106116820", "99108580", "104114240", "102109010", "98111231", "104111550", "109117730", "110121140", "100116500", "98110230", "99109141", "111119430", "106118301", "107118490", "104114230", "108113740", "108115870", "111121190", "111119290", "108116481", "99107500", "110115890", "112116900", "107114621", "108114670", "109113881", "97112830", "108119510", "107115140", "113118820", "108114200", "99107660", "97107920", "109116040", "97116790", "100108260", "105113620", "110118630", "111119930", "111116990", "106113260", "111115780", "101110150", "106117650", "108121190", "99109161", "112119320", "106119260", "113122320", "107121230", "108115250", "106114150", "112119120", "111116170", "104112201", "104113190", "113118421", "112119450", "112119980", "107114110", "111114941", "111117120", "98106880", "105111990", "102109910", "107116501", "102114270", "109115380", "104118340", "106114880", "97113900", "105110091", "111116090", "109114651", "107113130", "109117630", "102117351", "112119610", "103111930", "101116130", "113120640", "105112260", "97107821", "100108580", "113117550", "102118380", "109117431", "108114270", "97113260", "108118520", "101111310", "109119340", "109117150", "106115250", "99111340", "99107640", "111119950", "105117351", "107114490", "102112170", "107120130", "112119930", "107112840", "98109090", "102116500", "108118630", "99108520", "100116790", "108121410", "108115970", "106118820", "105118171", "110120640", "105116501", "107113200", "107113260", "103113260", "113121750", "108113760", "110114651", "101111990", "108118060", "111116010"], "labels": [1, 0, 3, 3, 2, 0, 1, 3, 0, 1, 0, 2, 3, 1, 1, 3, 2, 2, 0, 1, 0, 0, 1, 1, 1, 3, 3, 2, 3, 3, 3, 1, 2, 2, 3, 3, 1, 3, 0, 0, 2, 3, 0, 3, 0, 2, 1, 0, 0, 0, 3, 0, 0, 2, 3, 0, 1, 1, 0, 3, 1, 1, 1, 1, 3, 1, 1, 1, 0, 1, 1, 1, 0, 0, 3, 3, 3, 0, 1, 0, 2, 0, 2, 2, 1, 3, 3, 2, 0, 2, 0, 3, 3, 1, 0, 1, 0, 3, 2, 0, 3, 2, 0, 3, 1, 1, 3, 1, 0, 3, 3, 2, 2, 1, 1, 0, 0, 3, 3, 2, 1, 1, 1, 1, 1, 2, 2, 0, 2, 3, 3, 0, 1, 0, 0, 3, 0, 1, 3, 2, 1, 1], "predicted_labels": [2, 0, 0, 1, 3, 0, 1, 3, 3, 0, 1, 2, 0, 0, 3, 1, 1, 1, 1, 0, 0, 0, 2, 0, 2, 0, 0, 2, 1, 0, 3, 0, 2, 0, 3, 0, 0, 3, 0, 1, 1, 3, 3, 3, 0, 3, 3, 3, 1, 1, 0, 0, 3, 0, 0, 1, 2, 3, 0, 1, 3, 1, 2, 1, 0, 1, 3, 2, 3, 3, 0, 3, 1, 3, 1, 3, 0, 1, 3, 1, 0, 1, 3, 0, 1, 2, 3, 0, 1, 1, 0, 0, 3, 2, 3, 0, 1, 0, 3, 3, 3, 0, 0, 3, 2, 0, 0, 2, 0, 2, 3, 1, 1, 2, 0, 0, 3, 3, 0, 1, 2, 1, 3, 1, 3, 2, 2, 1, 1, 1, 0, 3, 1, 3, 1, 1, 1, 1, 3, 3, 1, 2], "confidence_scores": [[0.03655406088586977, 0.006313516602960369, 0.8083748890222118, 0.14875753348895818], [0.5022996423291723, 0.04050891335716895, 0.011921964942875308, 0.44526947937078326], [0.9503306855583689, 0.01220224594706551, 0.0028094774704927046, 0.03465759102407273], [0.005927692396240711, 0.5476364224546594, 0.0017097430465800925, 0.44472614210251965], [0.27964198750702307, 0.027059427286797267, 0.0093106560153507, 0.6839879291908291], [0.670032708107687, 0.11873062091760146, 0.0014326866310459066, 0.20980398434366565], [0.005116088849411772, 0.7640100661028755, 0.21067092704687546, 0.02020291800083736], [0.020401012438123943, 0.1679006532443062, 0.22016932368900738, 0.5915290106285624], [0.09194260914597266, 0.06626818222532607, 0.09216864038029238, 0.749620568248409], [0.681724974164692, 0.2795716652730808, 0.02104465305833703, 0.01765870750389032], [0.1904723819893727, 0.5101038407553853, 0.10274463170225391, 0.19667914555298804], [0.12991297969983862, 0.12902650834838217, 0.599238800875397, 0.14182171107638214], [0.38299197561561615, 0.2043920029604541, 0.0719239982836862, 0.3406920231402436], [0.4644799199009913, 0.28060535366313616, 0.06031129213333926, 0.1946034343025333], [0.08274875827908096, 0.3686326228704997, 0.0020947832226747326, 0.5465238356277446], [0.0038802713295180494, 0.6142710418550047, 0.015227098173733723, 0.36662158864174355], [0.08811780302447549, 0.8387715161649595, 0.04600686506728122, 0.027103815743283723], [0.02769919369562054, 0.7035830663797045, 0.05620341002251381, 0.21251432990216138], [0.07070768849890334, 0.9040423475581246, 0.018194699256499053, 0.0070552646864731885], [0.49265081315663306, 0.32676441479502594, 0.07868922670427382, 0.10189554534406718], [0.3994048362861457, 0.2155463248345061, 0.1414485928628525, 0.2436002460164957], [0.8353557638348957, 0.10175665439874661, 0.04431791356054105, 0.018569668205816584], [0.3389777182846344, 0.26178587727146607, 0.3469737303503591, 0.052262674093540344], [0.7324337180877779, 0.043980374213204526, 0.18285158185463007, 0.04073432584438756], [0.019635924467936106, 0.09094692324206652, 0.6372592658565074, 0.2521578864334899], [0.46059273775331216, 0.3093638690405759, 0.12528554727412794, 0.10475784593198392], [0.8132089329379272, 0.044912877435549656, 0.00675645265248239, 0.13512173697404078], [0.09711207016891639, 0.007059970172391594, 0.8582726292959624, 0.037555330362729726], [0.01598413577238859, 0.6894649018690773, 0.17176150303820453, 0.12278945932032961], [0.5798725675225661, 0.04900765673002669, 0.0022900646326578593, 0.36882971111474944], [0.002583774946440843, 0.04738988328747225, 0.006233268834884994, 0.9437930729312018], [0.8965519076149313, 0.04859194620579865, 0.004063274947034101, 0.050792871232235935], [0.13580973300019938, 0.12219730812007096, 0.7203713446723602, 0.021621614207369307], [0.760225140640866, 0.05645072218190679, 0.14881005349222035, 0.0345140836850068], [0.23376824142960959, 0.033153370995013136, 0.039307244814986125, 0.6937711427603911], [0.7385672740404786, 0.009500054074653024, 0.0035302091534002203, 0.24840246273146815], [0.8987327060489305, 0.009747050053660404, 0.018993378558583764, 0.07252686533882524], [0.022023729052211668, 0.006448034862735429, 0.00102347296041308, 0.9705047631246398], [0.8079226215370123, 0.009157500836064317, 0.000450871414987406, 0.182469006211936], [0.12234730455252468, 0.6700145545099719, 0.09573652122111821, 0.11190161971638524], [0.10597580713548155, 0.8527719123267767, 0.039199398004344466, 0.0020528825333972966], [0.2117666409943054, 0.2222901952501269, 0.049866004175974345, 0.5160771595795933], [0.3366042984620823, 0.004761313918453316, 0.0007466961323180607, 0.6578876914871463], [0.3334762271244386, 0.1784698273581209, 0.006313715352900008, 0.4817402301645403], [0.8638192195368154, 0.03140099543610755, 0.09668467121847611, 0.00809511380860105], [0.044903280440194676, 0.06017780385426803, 0.3231092809644684, 0.5718096347410689], [0.05688052392417797, 0.09789219319978246, 0.09901680363861509, 0.7462104792374246], [0.04103223349154692, 0.020799574146902707, 0.01589898853298746, 0.9222692038285629], [0.21011406519988793, 0.7717302091808157, 0.0016668331118607225, 0.01648889250743571], [0.015801755177498426, 0.9351451290791215, 0.03619596706457768, 0.012857148678802506], [0.717991323030711, 0.024061268662873638, 0.012827070844695034, 0.2451203374617204], [0.9508502195243114, 0.0008638927116128952, 0.0025149389615322284, 0.04577094880254352], [0.05530551964026098, 0.1804490588890967, 0.01543517623960054, 0.7488102452310418], [0.6682107777820863, 0.1818141680654283, 0.12035881560245118, 0.029616238550034292], [0.46601111838641, 0.27464663534131695, 0.17712892259557347, 0.0822133236766996], [0.0018960806126657194, 0.9196909559252145, 0.06952941757483065, 0.008883545887288964], [0.1838453396781995, 0.03931169931753787, 0.40756077526787987, 0.3692821857363827], [0.33273687320607637, 0.08410047018526016, 0.0052563663997309265, 0.5779062902089325], [0.6153849789741405, 0.17926560224131213, 0.009777070168584727, 0.19557234861596265], [0.04221266919367235, 0.5922277096694445, 0.16887019960667674, 0.19668942153020652], [0.018494797003654497, 0.3120957837278263, 0.07123246481768607, 0.5981769544508331], [0.026476156209407183, 0.5960606001359215, 0.36753151190381833, 0.009931731750852803], [0.17480012708120013, 0.3325525873421804, 0.44681989963960245, 0.04582738593701693], [0.000654636621083253, 0.5804853555935815, 0.15313161671833095, 0.2657283910670042], [0.782962439781913, 0.09998667203045254, 0.05621784241078789, 0.06083304577684646], [0.0014019460612424309, 0.5779687787235539, 0.08552658802224705, 0.3351026871929565], [0.00902008067373153, 0.002513497800870353, 0.10646107007039185, 0.8820053514550062], [0.06744940424597358, 0.12204937074335498, 0.6626671235535361, 0.14783410145713533], [0.14314504802004852, 0.03763336764076606, 0.06637526846916957, 0.7528463158700159], [0.1582096488525149, 0.05384085274391332, 0.02410035495933899, 0.7638491434442328], [0.4436790767900036, 0.14139542345243883, 0.1968371416037356, 0.21808835815382183], [0.22438409812572885, 0.1347934970808588, 0.03540567988734441, 0.6054167249060679], [0.0273938535579752, 0.7544481467761796, 0.0029777565298699086, 0.21518024313597517], [0.20384812910495198, 0.009583490761576668, 0.01542074261172258, 0.7711476375217486], [0.007733711589694178, 0.5567534327264965, 0.010083172863043539, 0.4254296828207659], [0.0072146402957275115, 0.0010549007137161239, 0.0012612140530316057, 0.9904692449375248], [0.7768843734513082, 0.15496094767167667, 0.005643848993971388, 0.06251082988304375], [0.09774173731436708, 0.4648815427355943, 0.22130476545344474, 0.21607195449659392], [0.1974340550097174, 0.15851855232570636, 0.035139648879557735, 0.6089077437850186], [0.02156879394709788, 0.7044102066509601, 0.04184343707620353, 0.2321775623257384], [0.7587877140201418, 0.21770073189157474, 0.0041155092554208276, 0.019396044832862655], [0.18345399591118938, 0.604556978916679, 0.18862542433376855, 0.02336360083836307], [0.07389560867486081, 0.151686951463065, 0.19696057840546122, 0.577456861456613], [0.6118813572261266, 0.22846961308977795, 0.05600951895954298, 0.10363951072455249], [0.10819625420731278, 0.647695497867021, 0.04534412169117236, 0.1987641262344938], [0.005315602801867003, 0.2521562380000745, 0.6165396796548713, 0.12598847954318718], [0.1438869262143938, 0.37396370519487176, 0.06265427809305879, 0.41949509049767564], [0.32630608534281474, 0.18052553360122828, 0.2710087313086519, 0.2221596497473052], [0.008920651509380402, 0.8200067858658393, 0.14833478017388796, 0.022737782450892356], [0.4110427565662895, 0.42619286382876614, 0.15544808839446686, 0.007316291210477371], [0.9395170829751333, 0.026621271607609704, 0.0096484637033172, 0.02421318171393987], [0.6932439245862967, 0.045136359262944306, 0.008795346904518388, 0.2528243692462406], [0.19426404998723135, 0.35250058366261305, 0.012987034916971467, 0.4402483314331842], [0.06876814218960714, 0.37509617670032075, 0.4833734525472047, 0.07276222856286743], [0.2535607690120339, 0.17016897791626515, 0.003844858603736486, 0.5724253944679645], [0.5287266925286673, 0.3762870353627653, 0.004518121710574224, 0.09046815039799311], [0.0012363555453843832, 0.6674859336623454, 0.19322047990960428, 0.13805723088266605], [0.6265044467364463, 0.16949107608661715, 0.11406188307731548, 0.08994259409962105], [0.08322605088964234, 0.23471272126354345, 0.16579305588714274, 0.5162681719596715], [0.2556038289495242, 0.2116664828476978, 0.01763656701479932, 0.5150931211879787], [0.0017813310094056194, 0.4076582154172082, 0.02610552968685442, 0.5644549238865317], [0.7238045530610671, 0.06222375063289389, 0.027994193973603598, 0.18597750233243546], [0.6527073937261877, 0.054035798145031295, 0.19617535215179235, 0.09708145597698856], [0.01644009884955184, 0.00985543956054073, 0.006799884849126407, 0.966904576740781], [0.036432243468118714, 0.18145162757359376, 0.7039160665129033, 0.07820006244538416], [0.6368352129190457, 0.030217016071369625, 0.0008918291935969462, 0.3320559418159878], [0.4997115371198495, 0.2861263161814992, 0.1194045947889435, 0.0947575519097078], [0.07367996412236638, 0.0142752044983334, 0.8039607023716909, 0.10808412900760944], [0.8189903286227815, 0.1247342501432051, 0.023321049389273433, 0.03295437184473979], [0.3905116276544889, 0.18571346999955982, 0.4190166942121185, 0.004758208133832758], [0.08066597731111351, 0.06067828966138336, 0.012652701260683092, 0.8460030317668201], [0.0035280714997663865, 0.985113324431188, 0.002659881245335962, 0.00869872282370976], [0.23834838580746295, 0.4212739036741498, 0.13986905261854513, 0.2005086578998421], [0.0023560649039111588, 0.033855186152713726, 0.9536078446823377, 0.010180904261037418], [0.4478341758788479, 0.06745324610810337, 0.4039938714339148, 0.08071870657913395], [0.9182985596981392, 0.0033635287838688598, 0.009381701949996596, 0.06895620956799539], [0.14671095885124624, 0.26352254278782333, 0.09386595430940607, 0.49590054405152434], [0.10009689891942819, 0.027136590497927784, 0.18384071676772612, 0.6889257938149179], [0.8253606467585893, 0.014584628471957451, 0.014271264509900038, 0.14578346025955308], [0.04144292166843778, 0.872932531022626, 0.023754910765224548, 0.061869636543711484], [0.10518386964835913, 0.025310899252100127, 0.7831623519893361, 0.08634287911020457], [0.002782969982041631, 0.9791679896452743, 0.016939387303214596, 0.001109653069469683], [0.13028945144261048, 0.04089665627136842, 0.05188741497371371, 0.7769264773123074], [0.039404199127577436, 0.7755306855439503, 0.11936247639277595, 0.06570263893569628], [0.009328799612844597, 0.0026834449510711924, 0.13756195206307228, 0.850425803373012], [0.01585724368387269, 0.08710224003167573, 0.8896693096450251, 0.007371206639426686], [0.10448088337263682, 0.3575333232887511, 0.4443024338045867, 0.09368335953402539], [0.14177991269744755, 0.4966631753362467, 0.007426525689536881, 0.35413038627676874], [0.0034071517516901626, 0.9385484489494382, 0.012903544163926226, 0.04514085513494543], [0.004292740978974933, 0.9343787765679454, 0.0140575283675121, 0.04727095408556765], [0.585828644764945, 0.21816792408118932, 0.002145091994289111, 0.19385833915957648], [0.32562665411216746, 0.001067887438580137, 0.0024375487265682755, 0.6708679097226841], [0.11879983969263055, 0.6655415221100027, 0.004409122054375771, 0.21124951614299092], [0.1274339375925921, 0.27051317622280546, 0.0021460171116270566, 0.5999068690729753], [0.08357960573704093, 0.6854023709124206, 0.12400700046756914, 0.10701102288296932], [0.020799770742511495, 0.6148192475386404, 0.011755844720269403, 0.35262513699857884], [0.1447308860540792, 0.8260323028865615, 0.011260156125070482, 0.017976654934288776], [0.06866189169730584, 0.8471666812966595, 0.02263893048499059, 0.06153249652104405], [0.027799600461198296, 0.006574445160013346, 0.009278559846688298, 0.9563473945320999], [0.06306363799549922, 0.028971035377769804, 0.22190353500307894, 0.6860617916236521], [0.1672093808184551, 0.357920402452821, 0.1298133733059362, 0.34505684342278786], [0.0019237111111016637, 0.4293438339270669, 0.5072046473032141, 0.06152780765861725]]}, "rewritten": {"ids": ["97107821", "97107920", "97112830", "97113260", "97113900", "97116790", "98106560", "98106880", "98109090", "98110230", "98111231", "98116940", "99107500", "99107640", "99107660", "99108520", "99108580", "99109141", "99109161", "99111340", "99112840", "100108260", "100108580", "100113370", "100116500", "100116790", "101110150", "101111310", "101111990", "101116130", "102109010", "102109910", "102112170", "102112301", "102114270", "102116500", "102117351", "102118380", "103111930", "103113260", "103117200", "104111550", "104112201", "104113190", "104114230", "104114240", "104118340", "105110091", "105111990", "105112260", "105113480", "105113620", "105116501", "105116860", "105117351", "105118171", "106113260", "106114150", "106114880", "106115250", "106116120", "106116820", "106117650", "106117770", "106118301", "106118820", "106119260", "107112840", "107113130", "107113200", "107113260", "107114110", "107114490", "107114621", "107115140", "107116501", "107118490", "107120130", "107121230", "108113740", "108113760", "108114200", "108114270", "108114670", "108115250", "108115870", "108115970", "108116481", "108117451", "108118060", "108118520", "108118630", "108119510", "108120060", "108121190", "108121410", "109113881", "109114651", "109115380", "109116040", "109117150", "109117431", "109117630", "109117730", "109119340", "110114651", "110115890", "110117200", "110118121", "110118630", "110118880", "110120640", "110121140", "111114941", "111115780", "111116010", "111116090", "111116170", "111116990", "111117120", "111119290", "111119300", "111119430", "111119580", "111119930", "111119950", "111121190", "112116900", "112117571", "112119120", "112119320", "112119450", "112119610", "112119930", "112119980", "112120640", "113117550", "113118421", "113118820", "113120640", "113121750", "113122320"], "labels": [2, 0, 2, 1, 2, 2, 1, 0, 1, 3, 1, 2, 0, 1, 3, 2, 0, 3, 3, 1, 2, 3, 0, 3, 2, 2, 1, 3, 2, 2, 1, 2, 3, 1, 3, 1, 1, 1, 3, 3, 0, 1, 0, 3, 2, 0, 2, 0, 2, 3, 0, 0, 1, 2, 0, 3, 3, 1, 0, 2, 1, 1, 1, 0, 1, 3, 1, 1, 1, 0, 0, 1, 3, 0, 0, 1, 2, 2, 0, 3, 1, 0, 3, 3, 1, 3, 2, 0, 2, 1, 0, 1, 1, 1, 1, 0, 0, 3, 3, 0, 2, 1, 0, 3, 3, 3, 2, 3, 3, 1, 0, 0, 3, 0, 1, 1, 3, 0, 0, 2, 3, 1, 3, 3, 1, 0, 1, 3, 3, 1, 1, 3, 0, 1, 0, 0, 3, 3, 0, 0, 0, 1], "predicted_labels": [0, 0, 3, 0, 0, 0, 2, 0, 0, 0, 0, 1, 0, 0, 0, 2, 0, 0, 0, 2, 0, 1, 0, 3, 2, 0, 1, 2, 3, 1, 0, 0, 0, 0, 2, 0, 0, 2, 0, 1, 1, 2, 0, 1, 3, 0, 0, 0, 2, 3, 1, 2, 1, 1, 3, 0, 1, 0, 1, 1, 0, 0, 1, 2, 0, 1, 3, 1, 2, 0, 1, 0, 3, 3, 3, 1, 2, 1, 0, 3, 0, 1, 0, 0, 3, 0, 1, 0, 3, 3, 0, 3, 3, 0, 2, 1, 0, 3, 0, 3, 1, 3, 0, 0, 3, 3, 1, 0, 0, 3, 0, 3, 0, 1, 3, 2, 0, 1, 1, 0, 3, 1, 3, 0, 3, 0, 0, 3, 1, 3, 1, 0, 1, 2, 1, 3, 3, 3, 0, 3, 1, 0], "confidence_scores": [[0.44238743937222846, 0.15858180658174506, 0.18601854338738522, 0.2130122106586413], [0.9599280240731866, 0.000991422780748373, 0.002249727236026768, 0.03683082591003813], [0.04339146196900035, 0.03568270173516108, 0.3792290073992651, 0.5416968288965736], [0.41997159606041284, 0.09558583088014172, 0.4181043461539971, 0.06633822690544845], [0.6116833800939321, 0.22565860896988632, 0.13794878647264075, 0.024709224463540864], [0.9788276654770929, 0.0017350767540764563, 0.0170586014266069, 0.0023786563422237474], [0.06665559172014122, 0.010046243092828316, 0.5470736887656644, 0.3762244764213661], [0.5553350552466156, 0.3581916401305747, 0.06503531443377007, 0.02143799018903961], [0.4612021562805596, 0.03878812595364162, 0.038972392210297455, 0.4610373255555012], [0.42629961889976586, 0.12151592656383084, 0.1323533505137949, 0.3198311040226084], [0.7049959301808695, 0.054876363792194106, 0.17226805132324735, 0.06785965470368917], [0.005206456177835721, 0.9533637029636987, 0.020991412067416188, 0.02043842879104964], [0.3862813700661308, 0.37007707292771014, 0.0801041475428459, 0.16353740946331324], [0.7588579785864181, 0.020600679087748354, 0.14119058875260088, 0.07935075357323278], [0.8523796605614564, 0.009002132970739558, 0.006529932945397159, 0.13208827352240693], [0.07737963094280378, 0.08415588381410646, 0.6423959144256574, 0.1960685708174325], [0.48508998067927406, 0.2217262449425013, 0.1307671240482486, 0.16241665032997624], [0.9953316537759808, 0.0011362909016416837, 8.353329792766889e-05, 0.0034485220244497186], [0.7179478679160349, 0.16870933915791456, 0.06445978139286843, 0.04888301153318218], [0.08557995513464693, 0.1397308900568001, 0.7196266713690175, 0.05506248343953557], [0.3800880137437516, 0.16574502565284108, 0.23863211953497654, 0.2155348410684309], [0.3224476031475184, 0.3917416304377248, 0.17490120287516583, 0.11090956353959089], [0.5043270882675055, 0.06818533306741728, 0.27835608182390537, 0.14913149684117166], [0.048631709120246454, 0.12236868307211488, 0.11129999914811813, 0.7176996086595205], [0.12726410845943026, 0.01518793210090236, 0.7122671929844158, 0.1452807664552515], [0.5582835657547408, 0.03378207404827477, 0.15054804462905985, 0.2573863155679246], [0.03539557019280869, 0.6090218397048899, 0.3441224957511803, 0.01146009435112117], [0.40657090829887443, 0.04806392441624424, 0.5252281660844857, 0.020137001200395577], [0.20438923275719093, 0.03403953581715358, 0.1140625715234363, 0.6475086599022192], [0.24486416968110156, 0.4815304954594025, 0.0708372113387892, 0.20276812352070672], [0.5925057136247309, 0.2194708575298769, 0.14582122405648526, 0.042202204788907065], [0.9399817989590885, 0.02054703425277349, 0.006128596783782185, 0.03334257000435581], [0.7944576347274841, 0.010095561406466932, 0.02007926200391419, 0.1753675418621348], [0.9475240228490722, 0.04196979380250216, 0.005733475752654429, 0.0047727075957710785], [0.004675847797949886, 0.30738280408383223, 0.5091895334729749, 0.17875181464524295], [0.6486296451780368, 0.10575237589774075, 0.2188941006602997, 0.02672387826392279], [0.512418290402076, 0.4099502046967475, 0.006429615780522471, 0.07120188912065416], [0.11269884372739408, 0.11923041374704178, 0.7056348454759783, 0.06243589704958572], [0.6700129465634677, 0.08944759043085089, 0.11752421440295985, 0.12301524860272166], [0.01795116158466137, 0.868081946886968, 0.04090727549115571, 0.07305961603721485], [0.054853188263377525, 0.9274360817760504, 0.012476418209717505, 0.005234311750854567], [0.022511328342214268, 0.10385439524734309, 0.7083543431218616, 0.1652799332885809], [0.7991292686590463, 0.0011984611285597128, 0.0025415159857715927, 0.19713075422662238], [0.020857784109374188, 0.8702985007209951, 0.03459022652475227, 0.07425348864487837], [0.3130547730286975, 0.27198886523581095, 0.026435735431101233, 0.3885206263043902], [0.5122121379987763, 0.44947078709639743, 0.013606052300905972, 0.024711022603920375], [0.4973553681497511, 0.03942741063884367, 0.10241074792374126, 0.36080647328766385], [0.9842895402785865, 0.004892327752929626, 0.008851895324340414, 0.001966236644143423], [0.2864227045684902, 0.12376184699924372, 0.41585359892471874, 0.1739618495075473], [0.002939964072449939, 0.37738498562993483, 0.022697436723949437, 0.5969776135736657], [0.21766754341710998, 0.6081539903700709, 0.06724795691340628, 0.1069305092994128], [0.21164597246152103, 0.08685678325146913, 0.6667784949918429, 0.034718749295166954], [0.07190045900476219, 0.8548051833051477, 0.0010588810198430495, 0.07223547667024714], [0.225086003829527, 0.6767491594688652, 0.08086740256908168, 0.01729743413252621], [0.06326771035411285, 0.3799135912354776, 0.10774851484311217, 0.4490701835672974], [0.90776535259713, 0.04031319731576224, 0.034501441960047965, 0.017420008127059808], [0.08748413642176679, 0.49518466153030677, 0.2504934285764525, 0.16683777347147383], [0.6901672700113548, 0.017637775704979985, 0.11330231482375118, 0.178892639459914], [0.009385384745220597, 0.8659474162842605, 0.11894246601204751, 0.005724732958471547], [0.1652472328229738, 0.462186243890137, 0.03425668697130845, 0.33830983631558076], [0.4216659587411772, 0.14704944394041225, 0.11593670904615858, 0.315347888272252], [0.49835203792639127, 0.19691868428418055, 0.041077778299386976, 0.26365149949004124], [0.306223323539341, 0.47354967532065606, 0.21604390477784366, 0.00418309636215925], [0.282794636971404, 0.0701307610016631, 0.44101854928137785, 0.20605605274555502], [0.7949151462985877, 0.12937273372026434, 0.008670725042555656, 0.06704139493859237], [0.008775596925640814, 0.5080189270876736, 0.28221665535570656, 0.20098882063097911], [0.023934830248051837, 0.010253382252958437, 0.10235030645187504, 0.8634614810471147], [0.2535100465704454, 0.6158845359016402, 0.1285819156824627, 0.002023501845451783], [0.044872722632299016, 0.40911626406991886, 0.4150049315849119, 0.13100608171287018], [0.5201627931162808, 0.12773360451835994, 0.00148471240866263, 0.35061888995669666], [0.07376917827209026, 0.6996793796935339, 0.06943671866006905, 0.15711472337430685], [0.500506145011647, 0.15030062463717703, 0.021429859962136807, 0.3277633703890391], [0.06266693218130903, 0.10426344898007799, 0.13747836084379012, 0.6955912579948229], [0.2824455510593764, 0.009011307653793703, 0.002171462262535476, 0.7063716790242944], [0.04756733074974637, 0.0009504976127356359, 0.012149040583505346, 0.9393331310540126], [0.19150416057161743, 0.5361716697461426, 0.06758585468055157, 0.20473831500168835], [0.3225749461479128, 0.2692986691157176, 0.3943454878034864, 0.01378089693288317], [0.058826300202227816, 0.8252665635983615, 0.032415399744269616, 0.08349173645514107], [0.6015203573038502, 0.02485903540306317, 0.19091707126710275, 0.18270353602598377], [0.319616660325909, 0.050196639201602174, 0.05814190578253871, 0.57204479468995], [0.5295524461108257, 0.10911091436999241, 0.16976095185583243, 0.19157568766334945], [0.024517774989728354, 0.9506220355403436, 0.019169231999810313, 0.00569095747011748], [0.7302700772235386, 0.10205892770545433, 0.08302930820850224, 0.08464168686250488], [0.7106839930211255, 0.18887330891152088, 0.013750710647895396, 0.08669198741945834], [0.3641719795355409, 0.011647957866482156, 0.04803333970503614, 0.5761467228929407], [0.5537324228263166, 0.01356015911001534, 0.0066030213908863855, 0.4261043966727817], [0.006436309302980558, 0.885908810009692, 0.024837324965762447, 0.08281755572156488], [0.8253787490065746, 0.03611551404675694, 0.001413548839998882, 0.13709218810666948], [0.08251386251487736, 0.043569384829806455, 0.006220486153531303, 0.8676962665017849], [0.22168903557032388, 0.12921888891052755, 0.2193262388747399, 0.42976583664440865], [0.7873421306937125, 0.07905926089205788, 0.033327157630848106, 0.10027145078338144], [0.19678270897696426, 0.001229103797037643, 0.015047562181064301, 0.7869406250449338], [0.2735567833746659, 0.043424069991905984, 0.010007001207325459, 0.6730121454261028], [0.8947243129750739, 0.09639422065850946, 0.006352229385286695, 0.0025292369811299015], [0.010233360953253912, 0.3893811808040019, 0.4032359238970952, 0.19714953434564905], [0.10466499331347959, 0.49308328750578645, 0.006019068998086845, 0.3962326501826472], [0.7318976028778347, 0.17897155990581662, 0.08481556058216976, 0.0043152766341789444], [0.0913376123349733, 0.3896927312076179, 0.013827333341865979, 0.5051423231155429], [0.620640617504014, 0.08263202592244251, 0.0891431583930025, 0.20758419818054097], [0.05923454290234212, 0.12770577995494162, 0.021533502803445296, 0.791526174339271], [0.06671412370427593, 0.8886685335007123, 0.016140807508517607, 0.028476535286494176], [0.40519932510342077, 0.016002535200214926, 0.001956831786985785, 0.5768413079093786], [0.6064125051876053, 0.16595523506049437, 0.005288953628401029, 0.22234330612349942], [0.6960773882557568, 0.07099649776663194, 0.09491936337451704, 0.13800675060309417], [0.1714946013209018, 0.2744688341730137, 0.10201295872557875, 0.45202360578050577], [0.004881443164576418, 0.004755851847593355, 0.0021221226763452608, 0.988240582311485], [0.2069487435545545, 0.7681092233364301, 0.01927117999288693, 0.005670853116128329], [0.777110944803298, 0.03428294159883989, 0.01218109569035818, 0.1764250179075041], [0.4942456611903498, 0.2835195107278397, 0.0017444675376638227, 0.22049036054414684], [0.43262690671962845, 0.04363810675135564, 0.053962320924361255, 0.4697726656046546], [0.7440358478017751, 0.09023596560827707, 0.002234156495469213, 0.16349403009447852], [0.41411210341991095, 0.0014915174366820492, 0.0164958622290551, 0.5679005169143518], [0.6004546102337871, 0.11798900074407966, 0.011135904171351256, 0.27042048485078196], [0.221259419385979, 0.3173702090054931, 0.23092613133313916, 0.23044424027538882], [0.04244130352303555, 0.3593045369062174, 0.19261202860448107, 0.40564213096626606], [0.02687184131126757, 0.3303145576142882, 0.489248264743606, 0.15356533633083824], [0.9176481347903155, 0.03300469745716619, 0.0028905053336172573, 0.046456662418901], [0.12852534834682156, 0.8456552497016145, 0.007765074251903202, 0.018054327699660453], [0.18453920553055309, 0.6713193110405461, 0.01731823514574767, 0.1268232482831532], [0.7304775257557897, 0.19048351212954423, 0.01875837720260869, 0.06028058491205733], [0.009123281054930769, 0.00753801789223586, 0.0007777676455829741, 0.9825609334072505], [0.004708430631503606, 0.896845893681143, 0.06762579418658238, 0.030819881500770963], [0.0020034024811068606, 0.24921134048464955, 0.008573662195460206, 0.7402115948387834], [0.537439678915655, 0.012175996572290215, 0.036762136089326554, 0.41362218842272813], [0.39828223340244645, 0.013048535016378086, 0.003472429532846134, 0.5851968020483294], [0.9537217391943106, 0.001686501209534488, 0.018940771315143077, 0.025650988281011564], [0.8319644057234329, 0.0023932912284158675, 0.011136271715484997, 0.15450603133266622], [0.05312191365362981, 0.40751867405890263, 0.0628317339679323, 0.4765276783195353], [0.019651366638001114, 0.7357315238518585, 0.02496533506363435, 0.21965177444650585], [0.06105777762628235, 0.03494034185644564, 0.0037213377670849454, 0.900280542750187], [0.0002538142450835456, 0.9383171607316334, 0.019195531648532414, 0.04223349337475064], [0.9681272473984439, 0.013860726251784378, 0.001824883629587902, 0.016187142720183886], [0.03351184382139559, 0.6431168844711821, 0.3025806418724214, 0.020790629835000882], [0.04047895144673413, 0.015313567543944633, 0.7504781259715422, 0.193729355037779], [0.12231530109888875, 0.4587936191924287, 0.09748396715609534, 0.32140711255258725], [0.19689107144504453, 0.018586096327153717, 0.009448026654995268, 0.7750748055728066], [0.004131041701611691, 0.006296685616609614, 0.0024393662331069757, 0.9871329064486717], [0.0281182379592672, 0.0005135417667408455, 0.010864777616216039, 0.9605034426577759], [0.8244292485647429, 0.17299989590444603, 0.000681057130660506, 0.0018897984001506284], [0.1266094477201307, 0.3276350181712115, 0.01437320643575652, 0.5313823276729014], [0.08264636512432154, 0.9114763579156696, 0.004213922147261008, 0.0016633548127478772], [0.5272157037014495, 0.1723634899289583, 0.19087066831659408, 0.10955013805299815]]}}