{"test": {"ids": ["101119030", "112121351", "101112540", "101109120", "102121700", "103111540", "100113210", "97108520", "101112690", "100108520", "111114941", "100111380", "112120290", "97112170", "98107340", "113119950", "107116340", "108118060", "106121220", "110117140", "112116880", "113118810", "103120340", "112117571", "97105960", "110119030", "110121450", "108115880", "112118820", "99107300", "97106000", "107118780", "105112100", "112119980", "109115380", "110118701", "110118880", "107114280", "108115070", "108119550", "102113350", "109117431", "111120220", "103112470", "98108150", "113117401", "109113591", "100108990", "98116940", "113120601", "106116640", "110121170", "113118231", "110121140", "101108500", "100109801", "101115190", "113122150", "113117550", "97107681", "108116481", "110120640", "111119340", "106119990", "97116401", "108121190", "102112170", "112117660", "113117630", "100111270", "98106680", "105113170", "101109370", "106119580", "109115220", "99109910", "99111930", "107113180", "111119250", "103109791", "98120530", "103110050", "112119120", "102116340", "102117351", "109117630", "101112201", "111115770", "100111390", "100116790", "112118860", "107116300", "99119830", "101116130", "109114220", "98119591", "112121030", "111121930", "102116500", "112116990", "111117120", "109114030", "112118810", "113122180", "113119120", "104117630", "108113740", "97116500", "105119550", "112118930", "105118740", "107120130", "106118520", "98116500", "105110091", "104113190", "113121190", "97112290", "101111210", "111121410", "109121351", "102110750", "97109080", "103113210", "108121410", "111118301", "113118490", "112117471", "111115400", "113119320", "112118421", "111120190", "113121810", "106116441", "112120990", "99108460", "113122430", "102109010", "98111231", "110114321", "107117630", "109120560"], "labels": [3, 0, 2, 1, 1, 1, 0, 2, 1, 2, 0, 3, 1, 0, 0, 0, 3, 1, 1, 3, 0, 3, 1, 3, 2, 0, 3, 3, 0, 3, 0, 1, 1, 0, 3, 3, 0, 3, 1, 1, 3, 1, 3, 1, 0, 3, 3, 2, 2, 2, 3, 2, 3, 3, 3, 0, 1, 2, 3, 3, 0, 0, 3, 0, 3, 1, 3, 0, 0, 2, 1, 0, 1, 3, 3, 2, 1, 3, 1, 3, 1, 3, 1, 3, 1, 0, 0, 3, 2, 2, 3, 0, 1, 2, 3, 1, 0, 1, 1, 0, 2, 1, 3, 2, 3, 0, 3, 2, 1, 1, 1, 2, 2, 2, 0, 3, 1, 1, 2, 0, 0, 1, 2, 3, 0, 3, 1, 3, 0, 1, 3, 3, 2, 0, 2, 0, 2, 1, 1, 1, 0, 1], "predicted_labels": [0, 3, 1, 0, 1, 3, 3, 1, 1, 0, 0, 1, 2, 0, 3, 0, 1, 0, 3, 3, 1, 3, 3, 3, 3, 3, 0, 1, 0, 1, 3, 3, 3, 3, 1, 1, 1, 1, 0, 0, 1, 0, 0, 0, 3, 3, 1, 3, 1, 1, 3, 1, 0, 1, 0, 3, 1, 3, 3, 2, 3, 2, 3, 3, 1, 3, 3, 0, 1, 1, 1, 3, 2, 0, 3, 2, 1, 1, 1, 2, 3, 1, 3, 1, 3, 1, 1, 0, 3, 3, 1, 0, 1, 2, 3, 1, 0, 0, 2, 0, 3, 3, 1, 3, 3, 0, 0, 1, 0, 3, 3, 2, 0, 3, 1, 3, 3, 3, 3, 0, 1, 1, 1, 0, 1, 1, 0, 3, 0, 0, 0, 1, 2, 1, 1, 3, 1, 3, 0, 1, 3, 1], "confidence_scores": [[0.2938387093536052, 0.2933656582213687, 0.11776708762514113, 0.2950285447998848], [0.30038422745321336, 0.29601664443189674, 0.08726714216179987, 0.31633198595309], [0.20410180915705092, 0.28498300650526587, 0.2689029261696064, 0.24201225816807678], [0.2797956136406528, 0.2903902603553095, 0.17311395955045017, 0.25670016645358723], [0.27451042483646393, 0.3022080626782596, 0.13551942539385986, 0.2877620870914164], [0.24672040377337193, 0.28999656418151837, 0.18066717932334697, 0.2826158527217628], [0.31636783977202537, 0.25167014538722215, 0.10418391941643453, 0.3277780954243182], [0.22038116106506325, 0.3067031172913376, 0.21347372534447245, 0.2594419962991265], [0.19908045705273222, 0.29704440664358517, 0.24225127564707388, 0.26162386065660875], [0.2827724722969267, 0.25736197979564285, 0.16283837008769678, 0.29702717781973376], [0.3011258918955044, 0.2890555775468665, 0.10269020166862008, 0.3071283288890092], [0.2908208949407782, 0.34689751564321347, 0.05599888454583571, 0.3062827048701728], [0.19085961719236283, 0.2402917319825581, 0.41096376715555666, 0.15788488366952244], [0.2832086451347628, 0.2597277567090071, 0.18045845603512278, 0.27660514212110726], [0.24415643195160006, 0.23802356781051154, 0.23170112403136855, 0.2861188762065198], [0.3007528723876477, 0.3141653956381731, 0.06849965394566591, 0.31658207802851335], [0.2693548299887095, 0.3076833560783692, 0.11880495136837164, 0.30415686256454966], [0.29589928449224145, 0.280099140290901, 0.16899123478499342, 0.25501034043186416], [0.2700129471994731, 0.2635525854955897, 0.18153804372307536, 0.2848964235818617], [0.23473780463946273, 0.31571125301279224, 0.14021995196216874, 0.3093309903855762], [0.21743391329810965, 0.2818053763919051, 0.22582892469552543, 0.2749317856144598], [0.2818547074467959, 0.2697086797650716, 0.12579199727403848, 0.3226446155140939], [0.22816371064925686, 0.2712593723153011, 0.21864767955874737, 0.2819292374766945], [0.29240129313050345, 0.29465493309643803, 0.10246106529624163, 0.3104827084768169], [0.2116713391809063, 0.2597061789602264, 0.2515572323354478, 0.2770652495234196], [0.280741837128629, 0.2784356653416745, 0.12026620647964022, 0.320556291050056], [0.2756847462391215, 0.29642011920416766, 0.12414010357856332, 0.30375503097814743], [0.25587887240342133, 0.3200713116489862, 0.1424669798264188, 0.28158283612117374], [0.31076848288240466, 0.2681400291286458, 0.09400843581339227, 0.327083052175557], [0.28815365883578653, 0.3202075780207249, 0.07458724863634485, 0.3170515145071437], [0.2684471116147346, 0.29708594586494413, 0.12708788600343177, 0.3073790565168895], [0.3041957441365282, 0.2660627257622063, 0.10936747457745072, 0.32037405552381487], [0.26386042256978626, 0.2717964216697241, 0.15866528450323136, 0.30567787125725826], [0.2759504193621655, 0.289884572191129, 0.11073742919555946, 0.32342757925114596], [0.21578415959747466, 0.3084361362769633, 0.20346587759824958, 0.27231382652731256], [0.16122275138575837, 0.2977016014399509, 0.3113624640448475, 0.2297131831294431], [0.2598355073170116, 0.3588654656812382, 0.06794554660151482, 0.3133534804002352], [0.275927955381311, 0.30630176275176113, 0.1561670144608582, 0.26160326740606954], [0.29973443724843024, 0.25533283635742615, 0.1890193922558523, 0.25591333413829137], [0.27342563676800813, 0.2522829964363436, 0.19271529835833098, 0.28157606843731736], [0.1941930032420581, 0.3198296039106473, 0.21745239186534088, 0.2685250009819536], [0.2864767660623126, 0.314812965180946, 0.07764884181456044, 0.32106142694218104], [0.3046312117625692, 0.3188304407766401, 0.057594671569220414, 0.3189436758915703], [0.29252551354285294, 0.2666200679640303, 0.18496437023681578, 0.25589004825630113], [0.24761668991157193, 0.30073188720099964, 0.14447508082215965, 0.3071763420652689], [0.27884313954150924, 0.31280317766266913, 0.08690257196135709, 0.32145111083446454], [0.267481890231189, 0.3404065134587316, 0.0779155713540481, 0.31419602495603144], [0.18906398409071334, 0.2968953736295575, 0.21829073531639162, 0.29574990696333764], [0.20343553952724963, 0.30964047954932034, 0.2219211352488339, 0.2650028456745962], [0.21494024565956035, 0.34529258558168774, 0.13423018705691384, 0.3055369817018382], [0.3123251811329242, 0.22939606613653002, 0.12591396043071543, 0.3323647922998303], [0.23057709179583344, 0.31742866737920594, 0.2194732991056882, 0.2325209417192723], [0.29551529436420637, 0.2909731339465416, 0.11796579180940425, 0.29554577987984765], [0.23845358879462056, 0.2969121421899575, 0.24598503969177443, 0.2186492293236476], [0.27450070984393454, 0.26253513290703046, 0.18011329937949994, 0.2828508578695352], [0.22877694221320172, 0.3293425254869422, 0.13614600872916682, 0.3057345235706892], [0.16576232560500784, 0.307658829391203, 0.276875163179945, 0.24970368182384425], [0.21824292237151277, 0.2997165167225298, 0.18959257472639512, 0.2924479861795623], [0.2576502001165414, 0.30614454173131894, 0.14835275380489454, 0.2878525043472451], [0.14300820462284622, 0.26834545716271185, 0.3459347769751111, 0.24271156123933119], [0.30798543817366125, 0.28558978298274706, 0.07811790021619437, 0.328306878627397], [0.18339723006491743, 0.2737028148364062, 0.37429250650693763, 0.16860744859173912], [0.3067498662743533, 0.27423444774926703, 0.08806012468210406, 0.33095556129427567], [0.2522711872123345, 0.31701434943019724, 0.11173665223547886, 0.31897781112198936], [0.21147019471969453, 0.2945509475945395, 0.22972037479832932, 0.26425848288743675], [0.21181155130891255, 0.29014432734602796, 0.21762749189505975, 0.28041662944999984], [0.24264373830649547, 0.20713390330525877, 0.2648720626134429, 0.28535029577480286], [0.3033946615535148, 0.25470475432669976, 0.13577178786131086, 0.3061287962584746], [0.24279420698064233, 0.31747700130342993, 0.15833744913327796, 0.28139134258265025], [0.13597425539199454, 0.3378700043171888, 0.3121327548841206, 0.21402298540669598], [0.23990168988079957, 0.29044577954635864, 0.17687189930151348, 0.29278063127132875], [0.2812883549987023, 0.2967839109317732, 0.09371599386846156, 0.3282117402010632], [0.18079478223390671, 0.2593102653244666, 0.3325328160892863, 0.22736213635234015], [0.2444246925742824, 0.25255084199254496, 0.2926896495641978, 0.21033481586897484], [0.2603926255479096, 0.3102703887112079, 0.12162473602651802, 0.30771224971436445], [0.10210392942748057, 0.16545441171689007, 0.6389090807755587, 0.09353257808007094], [0.1872860863127546, 0.288295093666266, 0.26331488173098916, 0.2611039382899903], [0.18521526049563453, 0.321227539655149, 0.23840892674535544, 0.25514827310386085], [0.16853452443173952, 0.3366830535454694, 0.22368587125961584, 0.2710965507631752], [0.1644011312981575, 0.2232922894173808, 0.41332924100177576, 0.19897733828268593], [0.28038864989717416, 0.3036301892053629, 0.10728903608406322, 0.30869212481339975], [0.18309865782401233, 0.35670333007861016, 0.16657776357656454, 0.2936202485208129], [0.2695338674661662, 0.2624433097363312, 0.18697932091723038, 0.28104350188027255], [0.20433838481499164, 0.3393633079356155, 0.2081916509182212, 0.24810665633117174], [0.3042808593240279, 0.2803490242805417, 0.08316354108409517, 0.3322065753113354], [0.2765008907574198, 0.3388640830053979, 0.1400318785459237, 0.24460314769125838], [0.2639063336101209, 0.3283524922905108, 0.10327526098818243, 0.30446591311118604], [0.28349804699073655, 0.31339731217814887, 0.1316576597511116, 0.27144698108000304], [0.2547912109374541, 0.3042425321059594, 0.14260389509943952, 0.2983623618571472], [0.2257946241535738, 0.2969025487179758, 0.1819539242193484, 0.2953489029091023], [0.2651326294359496, 0.31755562592751907, 0.13866627539476933, 0.2786454692417617], [0.2780769382140489, 0.26674652619757655, 0.17034131519252402, 0.2848352203958505], [0.1754856342825871, 0.3249178086012556, 0.21515695055704426, 0.2844396065591129], [0.21421476822367375, 0.2670681132058171, 0.2684526099556733, 0.2502645086148358], [0.27020581044448133, 0.25134231067499263, 0.17537924132736393, 0.30307263755316205], [0.26854826487435957, 0.2940911732260172, 0.1564113670008393, 0.28094919489878356], [0.322195672513029, 0.24138035657479487, 0.12677332921760673, 0.3096506416945696], [0.3403602034115755, 0.241743851109093, 0.10018516814832654, 0.31771077733100467], [0.23959125080929983, 0.2374408273675738, 0.29631530426501324, 0.22665261755811317], [0.3216145839194679, 0.26586247431067744, 0.11599215701391177, 0.2965307847559432], [0.26529919726417756, 0.2968683114056863, 0.13310833005846537, 0.3047241612716708], [0.26226361897792205, 0.28502371622651246, 0.1519505699292773, 0.30076209486628824], [0.29041999568787613, 0.32165944271790087, 0.06947879804604284, 0.3184417635481801], [0.25310357925732424, 0.30489271393406725, 0.14249518055261495, 0.29950852625599367], [0.2486872238934366, 0.2646125633891262, 0.17260377285667675, 0.3140964398607606], [0.29374802547697004, 0.25284106761051967, 0.15149479420317039, 0.30191611270934005], [0.3274722612572737, 0.27687413186953674, 0.09026754640864736, 0.3053860604645422], [0.22995096261110146, 0.2883640937782069, 0.30381691798015975, 0.17786802563053158], [0.30167540026215883, 0.2932453201545337, 0.09712320618150058, 0.3079560734018071], [0.2709046051891979, 0.2741768897025398, 0.13552785307663684, 0.3193906520316257], [0.2456286177185701, 0.3048058216036436, 0.13215600988836282, 0.3174095507894231], [0.16995106063968332, 0.3009344267732864, 0.3497539743975629, 0.1793605381894672], [0.32499334885369535, 0.26942084080277223, 0.08923338895628205, 0.3163524213872503], [0.25408336707118245, 0.2892696697477561, 0.15420753149240124, 0.3024394316886604], [0.22546284706037018, 0.29149661637357843, 0.20884080281636372, 0.2741997337496876], [0.24684374001778656, 0.262081882970297, 0.21073778179654948, 0.28033659521536713], [0.26891571964223077, 0.26563847678326585, 0.1677414075061908, 0.29770439606831267], [0.292354874345168, 0.2953046010849063, 0.09655552362034296, 0.3157850009495829], [0.2244772752830245, 0.29771491589536525, 0.18941938524225269, 0.2883884235793576], [0.27464055557021805, 0.28697173574116475, 0.14464420086030874, 0.2937435078283085], [0.28820214689918966, 0.3291105509071107, 0.06836767684689804, 0.3143196253468017], [0.18133439247559105, 0.3331757385458485, 0.3173989945144392, 0.16809087446412127], [0.196738714283069, 0.3204772349909909, 0.20618327698236447, 0.2766007737435755], [0.25928871261010855, 0.2031658990316609, 0.29465092045408964, 0.2428944679041409], [0.25312304001935665, 0.32159099124979557, 0.13080590039553736, 0.2944800683353106], [0.2544545465871532, 0.3106249815966468, 0.15399071758262392, 0.28092975423357613], [0.3038373876476003, 0.2469122619685587, 0.13534865690308595, 0.31390169348075514], [0.2796861873446027, 0.30518155185405393, 0.09799279339157814, 0.31713946740976506], [0.2875927926539074, 0.2906134581709891, 0.1653344229514587, 0.2564593262236448], [0.31000227045441187, 0.26984138625178045, 0.09762861642365811, 0.32252772687014913], [0.3086740730418457, 0.2933744038126319, 0.08439095354995925, 0.3135605695955631], [0.23956231555225505, 0.33454828016971094, 0.14550571108915739, 0.2803836931888767], [0.13097637889615463, 0.28874694073184143, 0.4684356565078572, 0.11184102386414688], [0.283132135462048, 0.3354069739596385, 0.1065853485925749, 0.27487554198573855], [0.24741753716307044, 0.3637861640834825, 0.11041238591885665, 0.2783839128345902], [0.2864921180627291, 0.2906540243659284, 0.09740796722257361, 0.32544589034876875], [0.2581938072151748, 0.28911059782598214, 0.208152504898713, 0.24454309006013045], [0.2622203615534186, 0.27576649870059133, 0.16009137134499085, 0.3019217684009991], [0.2939451506107452, 0.2868280360596027, 0.12269905804199199, 0.2965277552876603], [0.2885853908408925, 0.3315611288994415, 0.10984172594779612, 0.2700117543118699], [0.23625695207584327, 0.26740811291801597, 0.23398564547738845, 0.2623492895287522], [0.15317119702251233, 0.30154598705340924, 0.29438958862860914, 0.2508932272954695]]}, "rewritten": {"ids": ["97105960", "97106000", "97107681", "97108520", "97109080", "97112170", "97112290", "97116401", "97116500", "98106680", "98107340", "98108150", "98111231", "98116500", "98116940", "98119591", "98120530", "99107300", "99108460", "99109910", "99111930", "99119830", "100108520", "100108990", "100109801", "100111270", "100111380", "100111390", "100113210", "100116790", "101108500", "101109120", "101109370", "101111210", "101112201", "101112540", "101112690", "101115190", "101116130", "101119030", "102109010", "102110750", "102112170", "102113350", "102116340", "102116500", "102117351", "102121700", "103109791", "103110050", "103111540", "103112470", "103113210", "103120340", "104113190", "104117630", "105110091", "105112100", "105113170", "105118740", "105119550", "106116441", "106116640", "106118520", "106119580", "106119990", "106121220", "107113180", "107114280", "107116300", "107116340", "107117630", "107118780", "107120130", "108113740", "108115070", "108115880", "108116481", "108118060", "108119550", "108121190", "108121410", "109113591", "109114030", "109114220", "109115220", "109115380", "109117431", "109117630", "109120560", "109121351", "110114321", "110117140", "110118701", "110118880", "110119030", "110120640", "110121140", "110121170", "110121450", "111114941", "111115400", "111115770", "111117120", "111118301", "111119250", "111119340", "111120190", "111120220", "111121410", "111121930", "112116880", "112116990", "112117471", "112117571", "112117660", "112118421", "112118810", "112118820", "112118860", "112118930", "112119120", "112119980", "112120290", "112120990", "112121030", "112121351", "113117401", "113117550", "113117630", "113118231", "113118490", "113118810", "113119120", "113119320", "113119950", "113120601", "113121190", "113121810", "113122150", "113122180", "113122430"], "labels": [2, 0, 3, 2, 2, 0, 1, 3, 2, 1, 0, 0, 1, 2, 2, 1, 1, 3, 0, 2, 1, 1, 2, 2, 0, 2, 3, 2, 0, 2, 3, 1, 1, 2, 0, 2, 1, 1, 2, 3, 1, 1, 3, 3, 3, 1, 1, 1, 3, 3, 1, 1, 3, 1, 3, 0, 0, 1, 0, 1, 1, 0, 3, 2, 3, 0, 1, 3, 3, 0, 3, 0, 1, 2, 3, 1, 3, 0, 1, 1, 1, 0, 3, 1, 3, 3, 3, 1, 0, 1, 0, 1, 3, 3, 0, 0, 0, 3, 2, 3, 0, 0, 3, 2, 3, 1, 3, 3, 3, 0, 1, 0, 0, 3, 3, 0, 3, 3, 0, 3, 1, 1, 0, 1, 2, 0, 0, 3, 3, 0, 3, 1, 3, 3, 1, 0, 2, 1, 2, 2, 2, 2], "predicted_labels": [3, 1, 2, 1, 1, 1, 3, 1, 2, 2, 3, 3, 0, 3, 1, 1, 3, 1, 3, 2, 1, 1, 0, 3, 1, 1, 1, 1, 3, 1, 0, 2, 2, 3, 1, 2, 1, 1, 2, 0, 3, 1, 2, 1, 3, 2, 3, 1, 2, 1, 3, 0, 2, 3, 3, 0, 1, 3, 3, 3, 0, 1, 3, 3, 2, 3, 3, 1, 1, 1, 1, 2, 3, 2, 0, 0, 1, 3, 0, 0, 1, 1, 1, 3, 0, 3, 1, 1, 1, 2, 1, 1, 1, 1, 1, 3, 2, 1, 1, 1, 0, 0, 1, 3, 1, 1, 3, 1, 0, 0, 0, 1, 0, 1, 3, 3, 0, 0, 0, 1, 3, 0, 3, 2, 1, 0, 3, 0, 3, 1, 0, 0, 3, 3, 0, 0, 1, 3, 2, 1, 3, 3], "confidence_scores": [[0.20004872967280918, 0.2689093133634653, 0.2540992559000085, 0.2769427010637171], [0.19026323718155594, 0.31687995402093877, 0.20860966270287837, 0.2842471460946268], [0.14704950960826835, 0.2599493800629576, 0.359403555420908, 0.23359755490786582], [0.21315355669075264, 0.30566258991506495, 0.24772845940020718, 0.23345539399397527], [0.21493531878243194, 0.3239945046621829, 0.18062077540605628, 0.2804494011493291], [0.25704305433319175, 0.2753738599042504, 0.19842484640893795, 0.2691582393536198], [0.2616858018221862, 0.29644365370225767, 0.1384656931048675, 0.3034048513706885], [0.20213369940441198, 0.30906922164546935, 0.24005841688325733, 0.2487386620668614], [0.1973637116575452, 0.276322182623461, 0.3471069413976629, 0.17920716432133085], [0.173946719511344, 0.2781596111053944, 0.322360634490086, 0.22553303489317578], [0.24279941704462682, 0.24762055657034154, 0.22250204114101801, 0.2870779852440138], [0.26054329118785197, 0.308162390771767, 0.12211383261664177, 0.30918048542373916], [0.28473793979527484, 0.29283242713841356, 0.12887514120956037, 0.29355449185675103], [0.24744241695120706, 0.2836462870385479, 0.15893933380103412, 0.3099719622092107], [0.186144275423776, 0.3096384318585177, 0.2539484961930256, 0.25026879652468065], [0.24088341764740012, 0.31168335102199485, 0.1800470386218974, 0.2673861927087073], [0.27490397993797827, 0.3112212311480923, 0.10400358623339497, 0.3098712026805344], [0.2782350503394663, 0.3308612438858833, 0.08456907814760697, 0.3063346276270431], [0.26995563517773163, 0.2920128241540908, 0.11375780383888587, 0.32427373682929184], [0.12010987266470531, 0.1781373860449713, 0.5746664776320547, 0.1270862636582684], [0.1484311359031779, 0.3155060759382618, 0.28121324819830534, 0.25484953996025467], [0.17867768581363105, 0.32452974633447057, 0.211966396377028, 0.28482617147487066], [0.2635354578232749, 0.2642251511983577, 0.1993653460618092, 0.27287404491655776], [0.19202803978966793, 0.29476911214943213, 0.2264087377740202, 0.2867941102868797], [0.222557039874572, 0.3301051264623158, 0.14933849955966516, 0.29799933410344687], [0.12735148196912813, 0.3360442206470312, 0.33612438529066146, 0.20047991209317928], [0.29234324025941866, 0.336839087170497, 0.06977660247706755, 0.301041070093017], [0.24175828265139912, 0.3034411330950384, 0.1735733730260259, 0.28122721122753597], [0.2996786899561038, 0.26896245407175073, 0.10878253708609625, 0.3225763188860493], [0.21546517051966033, 0.29693634872776886, 0.2080032567600505, 0.27959522399252007], [0.26811769786493894, 0.2661855486067966, 0.1886574766198045, 0.2770392769084601], [0.2264683990919432, 0.2730400109908988, 0.26937109684245125, 0.23112049307470683], [0.17052584916581356, 0.26489208238234485, 0.3506182192736935, 0.21396384917814812], [0.2029920879491509, 0.28525290908541073, 0.24167847954143798, 0.27007652342400024], [0.25689713524812546, 0.31229405223373496, 0.13989200820039735, 0.2909168043177425], [0.20679952775967983, 0.262200516758755, 0.2940993655297918, 0.23690058995177332], [0.1884670229943276, 0.3055950338325483, 0.24469321638972996, 0.2612447267833943], [0.15137334121559012, 0.3046153903294287, 0.30336605009205647, 0.240645218362925], [0.19510396050628434, 0.26252263904319917, 0.3029310093707424, 0.2394423910797739], [0.28806097403575526, 0.28051091782089016, 0.14106436475110287, 0.29036374339225174], [0.226694040173913, 0.2895154040837637, 0.19500806164845175, 0.2887824940938714], [0.16090331647717082, 0.3159624445677129, 0.3661786490190078, 0.15695558993610856], [0.24803879860524675, 0.1945347186364581, 0.307089581073712, 0.2503369016845832], [0.17833632159261253, 0.3204559984587774, 0.24355610920878232, 0.2576515707398278], [0.16830219558556045, 0.29229424007933735, 0.2658880243848086, 0.27351553995029393], [0.21138883910100487, 0.23484204968680145, 0.34474682227618236, 0.2090222889360117], [0.2989244612967516, 0.2849029397831136, 0.08818846329714189, 0.3279841356229929], [0.2798985868469891, 0.313048425771347, 0.121092704937785, 0.2859602824438789], [0.19419162181494035, 0.23938862693069884, 0.36577437403465035, 0.20064537721971062], [0.18431220386839967, 0.3511167416664657, 0.17193977794849993, 0.292631276516635], [0.24086395444034894, 0.28643619776772594, 0.18700901398940076, 0.2856908338025243], [0.26272288221746876, 0.26689047797632365, 0.2391754594944537, 0.23121118031175394], [0.23221855058313134, 0.202774180168705, 0.3376430055777625, 0.22736426367040083], [0.22878071334953876, 0.2780122284665751, 0.2055294996479534, 0.28767755853593274], [0.2436340636538121, 0.27858730769925794, 0.17536273355880438, 0.3024158950881256], [0.2939934861441522, 0.2665110781297695, 0.15153390512378237, 0.28796153060229573], [0.21346842622657003, 0.299841028145535, 0.21148329719755024, 0.2752072484303446], [0.2433735154891868, 0.26372246166102253, 0.19536993780034206, 0.29753408504944845], [0.27996541183559254, 0.28915300579969033, 0.1066098710929612, 0.3242717112717557], [0.20694773957598098, 0.2944291569322775, 0.19437352772440758, 0.30424957576733375], [0.3139370068988033, 0.28280801414031076, 0.09008121413433388, 0.313173764826552], [0.27522728522983336, 0.3497708629073123, 0.09536206413833791, 0.2796397877245165], [0.2943345322771296, 0.23291739550944462, 0.1524596809864162, 0.3202883912270098], [0.29340046618433224, 0.3132624149508995, 0.07493869073316012, 0.31839842813160807], [0.2378008879950154, 0.24981581086909194, 0.30612088215809286, 0.20626241897779943], [0.24109148304909633, 0.31257520657505466, 0.12930810936654769, 0.3170252010093013], [0.26869001203998677, 0.25191410859267216, 0.20236729359833946, 0.27702858576900175], [0.18367778065278412, 0.32268311032416436, 0.28629768685179047, 0.2073414221712609], [0.25996274562080096, 0.32129397335648996, 0.1676217039323761, 0.25112157709033306], [0.2472307709649012, 0.2811663267672875, 0.2397020792573428, 0.2319008230104685], [0.2716651435666876, 0.3200665586865618, 0.10631106229043878, 0.30195723545631187], [0.22492227761886444, 0.26301439801789633, 0.2706309549034351, 0.24143236945980442], [0.3058387110683179, 0.27571531523888115, 0.0980162866255036, 0.3204296870672972], [0.16259257563326773, 0.3080273762212983, 0.3611939307040233, 0.16818611744141085], [0.32466775617154137, 0.27482115364646104, 0.09966779092968658, 0.300843299252311], [0.25458671333654775, 0.2670745921277688, 0.2689950875950445, 0.20934360694063864], [0.2346024763429591, 0.31498691929833394, 0.19195683435227393, 0.2584537700064332], [0.30516648885394687, 0.28569452018871416, 0.08079571850405329, 0.3283432724532858], [0.2901525955572437, 0.2782703031090547, 0.1831042394842065, 0.248472861849495], [0.2807824682640063, 0.252250968544478, 0.1898733599315758, 0.27709320325993986], [0.24063854007980517, 0.30258081126414804, 0.1742723618710101, 0.2825082867850361], [0.25444782110832503, 0.33113751026920696, 0.12835849251529383, 0.2860561761071744], [0.22897614834144495, 0.36209933629938545, 0.11624775822269805, 0.2926767571364715], [0.24576086747708786, 0.27881750954305695, 0.17999146330153035, 0.2954301596783248], [0.2574604409315187, 0.2548360547994115, 0.20993345990650658, 0.27777004436256303], [0.25308854094914535, 0.31355270951446823, 0.1278769912568526, 0.3054817582795339], [0.22079640771156095, 0.32001954084752837, 0.19047829025987772, 0.26870576118103306], [0.2686109755026725, 0.3274649281813301, 0.0991011078886035, 0.304822988427394], [0.26691573576355654, 0.32783426269533056, 0.1794594821924738, 0.22579051934863942], [0.10907381942936031, 0.2895412282956129, 0.3917828523818046, 0.2096020998932222], [0.2749343958695958, 0.3369570369601268, 0.0788512701902274, 0.30925729698005], [0.26766916515899747, 0.3026282316829261, 0.1895516930226006, 0.24015091013547601], [0.21781627084369612, 0.3284721798025949, 0.1605669964499369, 0.29314455290377217], [0.1939189405243363, 0.296879115729729, 0.24929693183197804, 0.2599050119139567], [0.2729112659408067, 0.347517573050465, 0.06575337514338675, 0.3138177858653416], [0.2640742470386578, 0.28753108519980236, 0.13739254812891136, 0.31100211963262864], [0.2308406758734959, 0.2754120421940836, 0.30851808029493594, 0.18522920163748482], [0.2500136553890974, 0.2832708490452918, 0.2536354405870091, 0.21308005497860188], [0.21272596357766602, 0.32379738489316545, 0.22886996362308154, 0.2346066879060868], [0.2755735044302871, 0.29632885744173354, 0.14062589883364887, 0.2874717392943304], [0.28953134844922446, 0.29615022442300015, 0.11012976859360693, 0.3041886585341684], [0.2921780197936181, 0.2836085161655922, 0.1745391596955633, 0.2496743043452263], [0.2663147018881296, 0.3151638147424101, 0.1405833968138195, 0.2779380865556406], [0.26058975257125105, 0.2975621633871005, 0.14443251117228012, 0.29741557286936804], [0.2556028661545704, 0.30885167534314006, 0.1588660460058955, 0.27667941249639394], [0.17349722927291905, 0.3306943548951423, 0.22602736547343796, 0.2697810503585007], [0.29814962917860566, 0.2856514522050946, 0.08776358061932552, 0.32843533799697433], [0.21718766533631587, 0.3386161251517205, 0.18306537212407528, 0.26113083738788834], [0.3046672705402914, 0.31483850718575646, 0.06883649948139291, 0.31165772279255916], [0.28655315362138356, 0.2664203508228405, 0.14430275528157363, 0.3027237402742024], [0.3484290573556645, 0.25110412531774734, 0.08299365898401789, 0.31747315834257017], [0.22300600853698854, 0.3039102616755421, 0.20140281306211605, 0.2716809167253534], [0.3413644666395996, 0.23647730515753854, 0.12043239431926399, 0.3017258338835982], [0.25931676220850447, 0.32714900780796874, 0.10719209150187933, 0.30634213848164754], [0.2916653487365512, 0.30312496271653894, 0.09310962508615729, 0.3121000634607525], [0.29563277625796885, 0.2722395679023132, 0.12198496468944392, 0.310142691150274], [0.283198565840189, 0.2999167899114221, 0.1162340632264995, 0.30065058102188935], [0.29379641481707186, 0.31159994952023007, 0.07991581697053982, 0.3146878186921583], [0.3121856746813264, 0.2711786045831547, 0.08970294069739766, 0.3269327800381211], [0.24971127481596153, 0.3185705520438963, 0.17828187760505435, 0.2534362955350882], [0.26661320411303635, 0.286862831523111, 0.1280519581906778, 0.31847200617317484], [0.25941462069209237, 0.25122111722270285, 0.2333647296091711, 0.2559995324760334], [0.2713201489766208, 0.30204005815218476, 0.10280505634391252, 0.32383473652728206], [0.1898475643773828, 0.23921439230667696, 0.4052841111694452, 0.165653932146495], [0.25338494459765637, 0.36418069357633465, 0.10420339417622734, 0.2782309676497812], [0.3400276795571841, 0.24540189816128788, 0.09717323934453014, 0.3173971829369979], [0.30548525223009826, 0.2880600601805483, 0.08491945647001924, 0.3215352311193339], [0.27835087721763047, 0.3080735919216954, 0.10652358827902131, 0.3070519425816529], [0.26229125434746575, 0.3061619057329514, 0.1405052364887088, 0.29104160343087404], [0.24765444779863532, 0.32288330420409445, 0.14916915554639637, 0.2802930924508742], [0.300747779101712, 0.28926574616304646, 0.10899646914641292, 0.30099000558882877], [0.3079217511962325, 0.2514473016886368, 0.12896660391019846, 0.3116643432049322], [0.276456491442494, 0.28073894902771696, 0.128820528959414, 0.31398403057037505], [0.26594577697195093, 0.25913228137021665, 0.17882131416100983, 0.2961006274968224], [0.3119074291796408, 0.2783749614890641, 0.08693007270815628, 0.32278753662313875], [0.294749305736856, 0.30908572789858735, 0.08607923464843956, 0.31008573171611725], [0.18524716453606332, 0.3223933538819568, 0.24544575868965687, 0.2469137228923231], [0.2683605997582647, 0.2764552538324778, 0.15127556208349227, 0.30390858432576506], [0.11678376022911384, 0.288675581546297, 0.4737639108035098, 0.12077674742107936], [0.20810319736354346, 0.31239057221336564, 0.21057701453384584, 0.268929215889245], [0.27178942580623966, 0.2971640603278208, 0.11671255513300793, 0.3143339587329317], [0.17922599922135124, 0.3147747797095701, 0.20516983449764903, 0.3008293865714297]]}}