{"test": {"ids": ["111120320", "100109000", "106119580", "112116290", "112119950", "99112531", "113120830", "100112060", "113118421", "107115140", "111117480", "109117080", "106117650", "109117431", "108115970", "105116501", "106112770", "103111620", "113118620", "101108950", "97109570", "105112130", "113122220", "99119830", "99107640", "113121680", "101108460", "100120780", "99109740", "113118490", "106116640", "97116800", "113121220", "99117630", "110118930", "101109000", "113118111", "105121190", "111117571", "102112250", "112116900", "101108621", "104117630", "103113270", "110117870", "108117610", "97116401", "100111270", "97112300", "110117500", "106120640", "111118910", "101110200", "103109641", "113120280", "101116130", "113121980", "98107210", "101110740", "112116540", "105112240", "112119610", "113120260", "103110050", "99110730", "111118301", "103110100", "111120540", "113121810", "107113550", "100110260", "100113370", "109116441", "99108330", "104111711", "108121351", "106114880", "113118630", "108113740", "113119300", "103110220", "108120060", "113117401", "110120560", "100107920", "111116640", "111121930", "106116850", "113122320", "105114220", "107120880", "105112260", "113120070", "108114180", "99109311", "98116940", "110120190", "99105921", "107120010", "110120640", "112118820", "104113000", "104114410", "99111930", "104111830", "106118301", "112117471", "100108580", "107121230", "99108710", "105118230", "108118810", "102110690", "101108580", "109119450", "107120260", "108114200", "113119320", "112118620", "108118060", "108121410", "107116300", "107114621", "113120751", "99108010", "101121640", "109119340", "111116040", "113120531", "101112540", "109116170", "98107380", "104114320", "103113210", "108115500", "100111620", "110114920", "102110050", "113118511", "107113360", "99109910", "112119120"], "labels": [1, 1, 3, 0, 0, 3, 3, 2, 3, 0, 1, 1, 1, 1, 2, 1, 1, 0, 3, 2, 0, 1, 1, 1, 1, 1, 0, 1, 3, 1, 3, 0, 3, 3, 1, 1, 1, 2, 3, 0, 3, 0, 0, 2, 3, 3, 3, 2, 2, 1, 3, 0, 2, 1, 0, 2, 2, 1, 3, 1, 1, 0, 3, 3, 3, 3, 1, 1, 2, 0, 3, 3, 3, 1, 1, 3, 0, 3, 3, 1, 2, 1, 3, 0, 0, 0, 1, 3, 1, 3, 1, 3, 2, 1, 1, 2, 3, 1, 1, 0, 0, 1, 1, 1, 3, 1, 3, 0, 0, 2, 1, 1, 0, 0, 3, 1, 0, 1, 3, 1, 0, 0, 0, 1, 2, 2, 3, 0, 0, 2, 0, 1, 2, 3, 3, 3, 3, 3, 1, 0, 2, 1], "predicted_labels": [3, 0, 1, 1, 2, 0, 3, 3, 0, 3, 3, 3, 1, 0, 1, 3, 3, 1, 3, 3, 3, 0, 0, 3, 3, 3, 3, 3, 1, 2, 3, 3, 1, 3, 0, 3, 1, 1, 0, 3, 1, 0, 1, 3, 3, 3, 1, 0, 0, 3, 1, 3, 1, 1, 0, 2, 1, 1, 2, 1, 3, 3, 1, 3, 2, 0, 1, 1, 1, 0, 3, 1, 1, 3, 0, 3, 3, 3, 3, 0, 0, 3, 1, 1, 0, 1, 3, 0, 2, 1, 3, 3, 3, 1, 3, 3, 0, 1, 3, 1, 3, 3, 3, 1, 3, 3, 0, 3, 2, 1, 3, 0, 3, 3, 3, 0, 1, 1, 3, 3, 0, 3, 3, 0, 1, 3, 1, 3, 3, 1, 0, 2, 2, 1, 1, 1, 0, 0, 1, 0, 3, 3], "confidence_scores": [[0.2608266586342826, 0.2312739213335824, 0.24408861131467868, 0.26381080871745627], [0.27294371377294857, 0.24976660233177161, 0.2360796126779586, 0.24121007121732135], [0.11025661795225833, 0.3959881423045732, 0.24886506071653644, 0.244890179026632], [0.232859495328592, 0.44098930591991764, 0.09782878706395663, 0.2283224116875338], [0.1965314959285407, 0.12431711094120049, 0.40396723938882595, 0.2751841537414329], [0.3645762486590837, 0.3187338121110666, 0.062419707067176394, 0.2542702321626733], [0.19965824572402088, 0.1647892346768371, 0.2180508655540145, 0.4175016540451274], [0.162541167422213, 0.23666974406092461, 0.22365091167728746, 0.37713817683957496], [0.3748637906169773, 0.19502110631930755, 0.16659170623689487, 0.26352339682682047], [0.1447793223126612, 0.3087097115262944, 0.22392901951840777, 0.3225819466426366], [0.19329805166116928, 0.23029297977824686, 0.21118194641600532, 0.3652270221445786], [0.1407220316484186, 0.26668083173504525, 0.14138449194832367, 0.4512126446682124], [0.10065737381405429, 0.5458109080150857, 0.10067031260757298, 0.2528614055632871], [0.640197006580377, 0.1334150953166004, 0.05887828156045981, 0.1675096165425629], [0.2001208543364933, 0.3342934442870156, 0.2168785702349481, 0.24870713114154314], [0.2367074641489896, 0.2631523437685765, 0.13179156087144117, 0.36834863121099287], [0.20257216146115517, 0.17251668689867602, 0.1460305098033382, 0.4788806418368307], [0.1336659043813237, 0.44187780189310544, 0.10564268101002192, 0.31881361271554887], [0.18062813457781202, 0.15884401889181443, 0.1239221397433059, 0.5366057067870678], [0.06717386502995296, 0.23560142796901698, 0.14100647390493787, 0.5562182330960923], [0.2030198220819789, 0.31774184401487504, 0.16143138148011169, 0.31780695242303436], [0.4082022678036361, 0.1754801296221687, 0.1341550382700636, 0.2821625643041318], [0.394446509557539, 0.11150018737732303, 0.24117585622788215, 0.25287744683725594], [0.29861192881317616, 0.19017384294186687, 0.16899689006193416, 0.3422173381830227], [0.23681686311625358, 0.3257380748386933, 0.07571542618703461, 0.3617296358580186], [0.13374834663646612, 0.2807658385636549, 0.2306521431011684, 0.3548336716987108], [0.12022410314591396, 0.26548335343901147, 0.2406943542960169, 0.3735981891190578], [0.15710126139341163, 0.22821653653126064, 0.13659713301409454, 0.4780850690612334], [0.1507869603759763, 0.2985470969188523, 0.27615026993532227, 0.274515672769849], [0.14127958251253558, 0.10963000144442814, 0.5296085695561253, 0.21948184648691077], [0.16699809759212395, 0.20694088367997684, 0.23253471173505205, 0.3935263069928472], [0.28957082427849107, 0.24279710719988756, 0.1204287885352862, 0.3472032799863351], [0.21306749183639193, 0.453905623670242, 0.14714099915922002, 0.185885885334146], [0.15992663121926334, 0.300415764088467, 0.14841142138011876, 0.3912461833121508], [0.3543333952768039, 0.2908134191594946, 0.17157596102209205, 0.1832772245416096], [0.1473480745534971, 0.19630958894148953, 0.2010558312110062, 0.45528650529400727], [0.21847374926405275, 0.40112209480958505, 0.0681046532146321, 0.3122995027117302], [0.288975825743606, 0.3689341091585245, 0.13424962182561886, 0.20784044327225082], [0.40493321005747157, 0.222826957983086, 0.07050299925175317, 0.30173683270768936], [0.29488479470175305, 0.25535093579895396, 0.15250820945572913, 0.2972560600435639], [0.15122263805196348, 0.33425502916840466, 0.2375992123792572, 0.27692312040037453], [0.4524882430287911, 0.19359412892710634, 0.11359634565006504, 0.2403212823940377], [0.19225989484295652, 0.40859127008559526, 0.18084234755720244, 0.21830648751424572], [0.2537196539834776, 0.24420607622554671, 0.16158361017774778, 0.34049065961322783], [0.16931915051537755, 0.2879279643343895, 0.17885191988179214, 0.3639009652684409], [0.12615774455789264, 0.30539364724425505, 0.13933697973571063, 0.4291116284621415], [0.28455593456166456, 0.434221168320466, 0.10287010875460163, 0.1783527883632678], [0.32538964711614293, 0.30016242879597055, 0.16849541682757366, 0.2059525072603128], [0.3404180288190596, 0.22804188854218138, 0.12607052962748738, 0.3054695530112717], [0.20400985693121315, 0.33799684981359124, 0.10003071140113408, 0.35796258185406166], [0.2773992609478557, 0.34279200203944515, 0.11872638400168146, 0.26108235301101756], [0.17792054733303309, 0.2252238637658651, 0.21040903974898875, 0.386446549152113], [0.2146934170894681, 0.5268118660825833, 0.1036113459541122, 0.1548833708738363], [0.1921474162545893, 0.3961087239914944, 0.3135103190566762, 0.09823354069724011], [0.4516437707663036, 0.09834966857734795, 0.17856964112747895, 0.2714369195288696], [0.10447066684876871, 0.22176028247808857, 0.3640170468376165, 0.30975200383552637], [0.2910213220914536, 0.37427008990991434, 0.1413483456546744, 0.19336024234395774], [0.2687120636065069, 0.3118759844780547, 0.14558980983340875, 0.2738221420820296], [0.1769709931656194, 0.2787825301933069, 0.3603739354864498, 0.18387254115462398], [0.20439530575514137, 0.4175530368991105, 0.13502513099680355, 0.24302652634894448], [0.21831379494695094, 0.27215558144127483, 0.21328968062952872, 0.2962409429822457], [0.13068096737695814, 0.30376851431844204, 0.1750675092898585, 0.3904830090147413], [0.28847201614375473, 0.3561462322525554, 0.10898545073836756, 0.24639630086532222], [0.1514939984171535, 0.17317226402730101, 0.1952383068442983, 0.4800954307112472], [0.0820713902241479, 0.15695608693033225, 0.5348630454302549, 0.22610947741526496], [0.5320008264979792, 0.2300205039809337, 0.05265641063866975, 0.18532225888241732], [0.19810101647006917, 0.3654203863607996, 0.1204588353908201, 0.3160197617783114], [0.19209904169980946, 0.3806769293310895, 0.24793736918628353, 0.1792866597828176], [0.145359030857767, 0.433803289598104, 0.2817740284317138, 0.13906365111241517], [0.26691590232603096, 0.2330744347164214, 0.2582307900143402, 0.24177887294320752], [0.18150984672709683, 0.21573814961378365, 0.10287983829031622, 0.4998721653688034], [0.2436963593140058, 0.3626020781277829, 0.1328117023658046, 0.26088986019240684], [0.207457632332562, 0.37447115594750785, 0.1680479257799646, 0.25002328593996553], [0.22756016545398056, 0.23790241670465168, 0.16412780715391365, 0.3704096106874543], [0.5036829028718793, 0.3124338926066448, 0.06134756904632769, 0.1225356354751484], [0.26205954196616754, 0.21771164340848392, 0.10409932760507436, 0.4161294870202742], [0.14129982934140153, 0.24911521348725435, 0.21975933060569494, 0.3898256265656492], [0.15331376480715686, 0.2710880453502445, 0.18386897759275314, 0.3917292122498454], [0.13308684709795673, 0.22976741154378588, 0.09295940726155709, 0.5441863340967004], [0.33211603196023926, 0.1776283174562111, 0.17201104748197557, 0.3182446031015741], [0.3494160461194877, 0.22378178369346985, 0.12757462775788683, 0.2992275424291557], [0.17766659545227145, 0.22502557922551455, 0.23313953752928218, 0.36416828779293187], [0.35737983028377374, 0.42555059610026746, 0.07934892469683333, 0.13772064891912564], [0.20669780378286567, 0.39888516011133823, 0.12747244205147096, 0.2669445940543252], [0.5649925642106236, 0.14502392695665142, 0.06619004487030139, 0.22379346396242358], [0.23798647970459366, 0.46057593321178164, 0.13453843374993366, 0.16689915333369088], [0.21874847202226144, 0.1874805111543912, 0.20085966709867412, 0.39291134972467323], [0.3540729917725212, 0.3385758221867156, 0.14528409585851723, 0.1620670901822461], [0.24617628466917524, 0.2125091886991509, 0.2726559858895331, 0.26865854074214085], [0.22056863050872788, 0.2953041112817968, 0.21488013964496505, 0.26924711856451017], [0.18102359560581685, 0.29062570311638986, 0.16911856821046442, 0.359232133067329], [0.20815450826654144, 0.2265224818417186, 0.1210135620851946, 0.4443094478065452], [0.20022217111986407, 0.27739348214686876, 0.22136086631278962, 0.3010234804204775], [0.21152303084384863, 0.32900636695390567, 0.19987170336335158, 0.2595988988388941], [0.18191389486126563, 0.3710779378501363, 0.05924091772385248, 0.3877672495647456], [0.21632078246357375, 0.2274402094396493, 0.11971724221208872, 0.43652176588468816], [0.3894576556177556, 0.26136702669902223, 0.18416888898210151, 0.16500642870112056], [0.19902398343382996, 0.40885707445294295, 0.16878630223469726, 0.22333263987852994], [0.2666453542720463, 0.2672679786154429, 0.1705505215699415, 0.29553614554256935], [0.21841271931971126, 0.3247940887338475, 0.2055388834671575, 0.25125430847928387], [0.17918717587688823, 0.2618619796341525, 0.16617655429185402, 0.3927742901971055], [0.1688231629391974, 0.3082199138991113, 0.1701436262141217, 0.35281329694756963], [0.11711205646665367, 0.22208429910467864, 0.22779981308399, 0.4330038313446778], [0.2792815804784503, 0.31079929235894493, 0.19126566133703068, 0.2186534658255744], [0.2602259544934151, 0.1696904084617224, 0.16260678364532385, 0.40747685339953854], [0.20464601988843084, 0.30005861431517106, 0.1601995585863488, 0.3350958072100494], [0.4747477569554834, 0.16303774788792472, 0.10150409774433819, 0.2607103974122536], [0.10062342627998402, 0.19548810915342985, 0.12101162823471184, 0.5828768363318743], [0.09113313449190379, 0.19979568416842336, 0.487589912642696, 0.22148126869697687], [0.15843602568897053, 0.3689333996740353, 0.24966967509335838, 0.22296089954363602], [0.1655558259024032, 0.3197187785540222, 0.1831345750185634, 0.33159082052501104], [0.30575324561050493, 0.2412557875098098, 0.16775444357738914, 0.28523652330229615], [0.2577715588029173, 0.16888332150622992, 0.11786281646866123, 0.4554823032221916], [0.1536463650664043, 0.16234234122213304, 0.16490529100496035, 0.5191060027065024], [0.10594904101209314, 0.22717076439207615, 0.13606545888007437, 0.5308147357157563], [0.315402346827809, 0.20746450150108472, 0.2151657109643932, 0.26196744070671335], [0.1747387483975235, 0.372212422894793, 0.21034976790424678, 0.24269906080343664], [0.2243447733580579, 0.3501695830551694, 0.09229731376422212, 0.3331883298225505], [0.2743361892760447, 0.18812329670337694, 0.1597767414717984, 0.37776377254878013], [0.17277413305405673, 0.2773104093325252, 0.1322960354884801, 0.4176194221249379], [0.32806110059352234, 0.2164309339159497, 0.18307364814229796, 0.2724343173482301], [0.24864149756070586, 0.2777503362736413, 0.17976633626992586, 0.2938418298957272], [0.23164614675545603, 0.2664610793485867, 0.10745391873468567, 0.39443885516127153], [0.35192936706360817, 0.2235404839934925, 0.12362566098787381, 0.30090448795502556], [0.16776334631905962, 0.5084914523018425, 0.14200975653610753, 0.18173544484299048], [0.11611075429511737, 0.31633057111166635, 0.1744837565796095, 0.3930749180136068], [0.18776808668373157, 0.4457485001067657, 0.13350213078690673, 0.23298128242259605], [0.15945184847997662, 0.08101170035692362, 0.040532793375594886, 0.719003657787505], [0.18819104902466702, 0.24714575908408587, 0.10947465459500968, 0.45518853729623754], [0.17579414479585523, 0.4242631128323732, 0.09719932004494868, 0.3027434223268228], [0.3759777144332457, 0.2088056430523534, 0.14240425227747897, 0.272812390236922], [0.3434155916918654, 0.0608721496976546, 0.360673642566966, 0.23503861604351403], [0.1703917646932479, 0.20700676523431302, 0.3619956351645087, 0.2606058349079305], [0.12051406043868648, 0.3607660659421, 0.2685331913058516, 0.25018668231336205], [0.14074809349901307, 0.5097545566014003, 0.1389715970586141, 0.2105257528409726], [0.21050904740444673, 0.38626211198071525, 0.12034012171586383, 0.2828887188989742], [0.39145881886788353, 0.237578301248879, 0.13480885509205134, 0.23615402479118605], [0.30731798146906125, 0.27761158232985333, 0.1413129318914791, 0.2737575043096065], [0.32930390118431, 0.34199689995944593, 0.10871281647361036, 0.21998638238263366], [0.4214931200267685, 0.17376639542898828, 0.05983368586713188, 0.34490679867711127], [0.1814625965303346, 0.19557502417929923, 0.27846500988759504, 0.34449736940277126], [0.24380569670885816, 0.19155306410837752, 0.10476330023032565, 0.4598779389524387]]}, "rewritten": {"ids": ["97109570", "97112300", "97116401", "97116800", "98107210", "98107380", "98116940", "99105921", "99107640", "99108010", "99108330", "99108710", "99109311", "99109740", "99109910", "99110730", "99111930", "99112531", "99117630", "99119830", "100107920", "100108580", "100109000", "100110260", "100111270", "100111620", "100112060", "100113370", "100120780", "101108460", "101108580", "101108621", "101108950", "101109000", "101110200", "101110740", "101112540", "101116130", "101121640", "102110050", "102110690", "102112250", "103109641", "103110050", "103110100", "103110220", "103111620", "103113210", "103113270", "104111711", "104111830", "104113000", "104114320", "104114410", "104117630", "105112130", "105112240", "105112260", "105114220", "105116501", "105118230", "105121190", "106112770", "106114880", "106116640", "106116850", "106117650", "106118301", "106119580", "106120640", "107113360", "107113550", "107114621", "107115140", "107116300", "107120010", "107120260", "107120880", "107121230", "108113740", "108114180", "108114200", "108115500", "108115970", "108117610", "108118060", "108118810", "108120060", "108121351", "108121410", "109116170", "109116441", "109117080", "109117431", "109119340", "109119450", "110114920", "110117500", "110117870", "110118930", "110120190", "110120560", "110120640", "111116040", "111116640", "111117480", "111117571", "111118301", "111118910", "111120320", "111120540", "111121930", "112116290", "112116540", "112116900", "112117471", "112118620", "112118820", "112119120", "112119610", "112119950", "113117401", "113118111", "113118421", "113118490", "113118511", "113118620", "113118630", "113119300", "113119320", "113120070", "113120260", "113120280", "113120531", "113120751", "113120830", "113121220", "113121680", "113121810", "113121980", "113122220", "113122320"], "labels": [0, 2, 3, 0, 1, 1, 2, 1, 1, 2, 1, 2, 1, 3, 2, 3, 1, 3, 3, 1, 0, 0, 1, 3, 2, 3, 2, 3, 1, 0, 0, 0, 2, 1, 2, 3, 2, 2, 2, 3, 0, 0, 1, 3, 1, 2, 0, 3, 2, 1, 3, 1, 2, 1, 0, 1, 1, 3, 3, 1, 1, 2, 1, 0, 3, 3, 1, 1, 3, 3, 0, 0, 0, 0, 0, 1, 1, 1, 0, 3, 1, 0, 3, 2, 3, 1, 1, 1, 3, 0, 0, 3, 1, 1, 3, 3, 3, 1, 3, 1, 3, 0, 0, 0, 0, 1, 3, 3, 0, 1, 1, 1, 0, 1, 3, 3, 3, 0, 1, 0, 0, 3, 1, 3, 1, 1, 3, 3, 1, 1, 2, 3, 0, 0, 1, 3, 3, 1, 2, 2, 1, 1], "predicted_labels": [1, 3, 2, 1, 3, 0, 3, 1, 3, 1, 1, 1, 1, 3, 3, 2, 0, 0, 3, 3, 0, 3, 1, 0, 1, 1, 3, 1, 3, 3, 2, 0, 3, 3, 1, 2, 0, 2, 3, 1, 3, 0, 2, 3, 3, 0, 3, 1, 0, 0, 0, 3, 3, 1, 1, 1, 3, 3, 2, 3, 1, 1, 0, 3, 3, 0, 1, 3, 1, 1, 3, 2, 3, 3, 1, 1, 1, 3, 1, 3, 3, 3, 1, 2, 3, 3, 3, 3, 0, 0, 3, 1, 3, 0, 1, 3, 0, 3, 3, 0, 3, 3, 1, 3, 1, 3, 0, 2, 3, 1, 3, 3, 1, 1, 1, 1, 0, 3, 0, 2, 0, 0, 1, 3, 2, 1, 0, 1, 3, 1, 1, 3, 3, 0, 0, 3, 1, 3, 0, 0, 3, 3], "confidence_scores": [[0.16594263646522206, 0.36980366890357147, 0.2103810939832436, 0.253872600647963], [0.28938522143557255, 0.19812604344230117, 0.11788381222251999, 0.3946049228996061], [0.14967793082759814, 0.1536415363678927, 0.5706450760742979, 0.12603545673021116], [0.30423509069920807, 0.3182256399080898, 0.1415234595109228, 0.2360158098817795], [0.20653379159172358, 0.2861716312315826, 0.1773800115742701, 0.32991456560242377], [0.3857096712792981, 0.064503534814743, 0.35334765490339626, 0.19643913900256282], [0.20219844128955733, 0.29087354837487467, 0.17980460235441584, 0.3271234079811521], [0.1390562373280183, 0.35118999213833413, 0.1831517780012544, 0.3266019925323931], [0.15960512984960018, 0.21239944438685315, 0.06624670916438455, 0.5617487165991623], [0.17870225555672722, 0.4199383853801837, 0.21802552937088288, 0.18333382969220638], [0.22168993938191553, 0.337063542602826, 0.19344327902987796, 0.24780323898538054], [0.1947337718683529, 0.2977859339607005, 0.26906646534502277, 0.23841382882592374], [0.1455021848017117, 0.41382441771865663, 0.09237635004688055, 0.3482970474327513], [0.13462579474273548, 0.24228440664149628, 0.27340296202411174, 0.34968683659165656], [0.1727110436136844, 0.20704265183263532, 0.25637345216427965, 0.36387285238940076], [0.08242647623457296, 0.16668671297262053, 0.6135790840761834, 0.1373077267166231], [0.4755104783539828, 0.1572806702696969, 0.1180378414473055, 0.24917100992901478], [0.5611734484116857, 0.16985219542168223, 0.07570883187359256, 0.1932655242930396], [0.1744166029467455, 0.28334258850085037, 0.17900084449357517, 0.3632399640588291], [0.1982479000530713, 0.21016686073530447, 0.11860432756789953, 0.47298091164372463], [0.6347578990881758, 0.14984905886418137, 0.06839227249002368, 0.14700076955761904], [0.09738446802694993, 0.1665270006829372, 0.17405395129049286, 0.5620345799996201], [0.22342129395779803, 0.3297008055949352, 0.3212543716489305, 0.12562352879833616], [0.43091638186491, 0.18881856735264124, 0.08796329805732571, 0.2923017527251231], [0.2939292065557749, 0.35137790688358594, 0.17786769693873677, 0.17682518962190233], [0.20391044396570238, 0.3874968511258837, 0.10375594292557105, 0.30483676198284276], [0.15111392941241097, 0.24261611378157846, 0.18167169988282453, 0.42459825692318603], [0.19652685560312272, 0.35841233613907536, 0.11338271377313351, 0.3316780944846685], [0.16654693358399802, 0.21906663331755902, 0.18097431362978555, 0.43341211946865726], [0.3608377579900154, 0.20931460835629848, 0.05005317673014348, 0.3797944569235427], [0.054352235705390634, 0.07053414368698789, 0.5403671942337352, 0.33474642637388613], [0.3849755637551012, 0.1982671682284824, 0.11306023093257543, 0.30369703708384094], [0.1121589456220242, 0.15202229257545177, 0.15196660371975218, 0.5838521580827717], [0.13152217674673644, 0.24478682253135448, 0.12985584046924117, 0.493835160252668], [0.26832302684341997, 0.33856406339956896, 0.14608308429301042, 0.24702982546400057], [0.16414243980194532, 0.2563866446363855, 0.354415897614504, 0.2250550179471651], [0.3535995695704187, 0.23171858826845365, 0.12299853252305415, 0.2916833096380736], [0.13095249016979696, 0.19350912839360485, 0.39720090658932805, 0.2783374748472701], [0.11031243288369476, 0.3250068798342815, 0.16716609551314246, 0.3975145917688813], [0.21128908287718537, 0.4900721440095523, 0.12363258070910373, 0.17500619240415868], [0.3080010416835377, 0.225150974747404, 0.14317515171789463, 0.3236728318511635], [0.3071082482044237, 0.2705796834817074, 0.15637602633013056, 0.2659360419837385], [0.16633366556949303, 0.2321991586588305, 0.5075640086049593, 0.09390316716671715], [0.2577898082581359, 0.20072065741779213, 0.1435871665774796, 0.3979023677465923], [0.16677290734662642, 0.27431982022891843, 0.22192735855190548, 0.3369799138725495], [0.3945970280945526, 0.2224972490580361, 0.17583090802256418, 0.2070748148248471], [0.18363574187988105, 0.2827498955125842, 0.1483363176664325, 0.38527804494110207], [0.2287453724180502, 0.31212670920584573, 0.15514180351986864, 0.3039861148562354], [0.272903456311711, 0.22972222858945496, 0.2449289508543044, 0.2524453642445299], [0.4720347263054024, 0.35699840059356447, 0.06745750113908107, 0.10350937196195223], [0.377462759187173, 0.17775874979861112, 0.2452971472105599, 0.19948134380365604], [0.1463875652424772, 0.31607707044928607, 0.17130195294645212, 0.3662334113617846], [0.1907360370695075, 0.2266221375229934, 0.29033677219870846, 0.29230505320879074], [0.1691391875558626, 0.3045704339038643, 0.2497897092008143, 0.2765006693394589], [0.1681341163301135, 0.4314707862727837, 0.1623277809125027, 0.23806731648460014], [0.34921237982744524, 0.3754344899373936, 0.08426983626757417, 0.19108329396758686], [0.18463354029185483, 0.22877333940738537, 0.2557158328333212, 0.3308772874674386], [0.25259212572417855, 0.20990272212365269, 0.23618548380353133, 0.3013196683486375], [0.1809602013206168, 0.22904538727504836, 0.3110210515526805, 0.27897335985165433], [0.20737459270279787, 0.20220387175186724, 0.15463886977681424, 0.4357826657685207], [0.16789983802394884, 0.30340948561285136, 0.2411881628939743, 0.2875025134692257], [0.32886352036377386, 0.385151107842036, 0.1194035081971252, 0.16658186359706498], [0.3225847035366358, 0.2140595742669289, 0.14203938112292191, 0.3213163410735134], [0.20605789764298105, 0.24297843189793528, 0.1618688278780917, 0.3890948425809921], [0.16494900694368878, 0.28456499093429316, 0.19945635068773854, 0.3510296514342795], [0.4457502695497272, 0.25343312473424795, 0.13636784950464498, 0.16444875621137997], [0.12554658251741765, 0.4951914303656695, 0.1642103348048585, 0.21505165231205428], [0.2755211489735089, 0.19037108253053361, 0.18298218192192706, 0.3511255865740305], [0.15295081161479132, 0.40227995481895434, 0.1963572406853849, 0.2484119928808696], [0.07603222011850323, 0.6286973892912997, 0.07300535060720169, 0.22226503998299538], [0.19197698338504476, 0.18607166103146178, 0.23595297336887106, 0.3859983822146224], [0.1973171519969928, 0.23875781129910492, 0.2834411029118515, 0.28048393379205083], [0.235824352967665, 0.286359361661366, 0.10939206723001729, 0.3684242181409518], [0.1250885343752924, 0.2667234847173093, 0.29336607962710504, 0.31482190128029336], [0.10143278313361102, 0.4202051625754974, 0.15368666581553447, 0.32467538847535715], [0.24458868698747419, 0.2843746715932712, 0.2653320453164339, 0.20570459610282085], [0.23395674865696087, 0.30378813099208324, 0.1820442676275254, 0.2802108527234306], [0.3469359478161232, 0.17417190503357416, 0.12307480443245312, 0.35581734271784954], [0.20687591168329242, 0.3735159511450423, 0.09991137936789433, 0.319696757803771], [0.13436303975959882, 0.2216631699345339, 0.10655551221544692, 0.5374182780904203], [0.19558677760266827, 0.19155910613921429, 0.14966932524682153, 0.4631847910112958], [0.19928515758784035, 0.2176822704828309, 0.2779387447868607, 0.3050938271424681], [0.16534855699666898, 0.47372086428466176, 0.18920029581194572, 0.17173028290672357], [0.17167334812573395, 0.28677308533141804, 0.32820056019388016, 0.2133530063489677], [0.13300459883074783, 0.32017455101977244, 0.16136217175171974, 0.38545867839776], [0.2653256429247187, 0.22610823587717818, 0.1769511282664914, 0.331614992931612], [0.1871500092507546, 0.2671371461816476, 0.09675086365778934, 0.4489619809098087], [0.11885132163887364, 0.2422069156915305, 0.26967809303180945, 0.36926366963778634], [0.32420335272201345, 0.2656135765989932, 0.09936036117963365, 0.3108227094993596], [0.5048808436885232, 0.1496856617665543, 0.09908677369255482, 0.24634672085236775], [0.2686590969012026, 0.15771748335916747, 0.1465719555141545, 0.4270514642254753], [0.27633888151734964, 0.3633949849634374, 0.08322975604565194, 0.2770363774735611], [0.09151004845443053, 0.30578723341934955, 0.11125794342537462, 0.49144477470084535], [0.4030625862177537, 0.23278107095976577, 0.09944219293349855, 0.2647141498889819], [0.10411882098108537, 0.5423350920306167, 0.16291950862066804, 0.19062657836762986], [0.12475662361622497, 0.28473222037686396, 0.09553690836954515, 0.4949742476373659], [0.35506013593375985, 0.299509295718952, 0.13077467611647534, 0.21465589223081283], [0.2419042389903258, 0.24675146330173608, 0.10450781395681685, 0.4068364837511213], [0.17876239086062376, 0.2518519211352648, 0.1361057479118428, 0.43327994009226867], [0.3491538301840656, 0.3407258626987393, 0.14654287201696978, 0.16357743510022552], [0.15820034069579053, 0.31176706853182673, 0.07569598667622522, 0.4543366040961574], [0.22990297975441015, 0.22728842524795834, 0.26437769906843617, 0.27843089592919534], [0.12641780385674306, 0.31380649647424647, 0.2820797715944643, 0.2776959280745462], [0.22951129177089724, 0.16078352061296614, 0.09683581481375898, 0.5128693728023775], [0.12582914549884588, 0.29781961323078654, 0.28786176169512395, 0.2884894795752437], [0.1275728954435201, 0.0973007102780187, 0.0749960161130285, 0.7001303781654326], [0.5357023457827129, 0.22129445074710744, 0.048320054028925134, 0.19468314944125428], [0.2745798205717097, 0.19859662381521814, 0.42837158477635506, 0.0984519708367171], [0.14116407986774915, 0.21087908896492705, 0.2684394965553823, 0.3795173346119414], [0.27618224918407436, 0.31273028316098817, 0.1446290294898718, 0.26645843816506576], [0.2808055323434377, 0.18334987589198398, 0.15503008060145373, 0.38081451116312465], [0.20071082078022803, 0.18670431138975113, 0.19344153759870253, 0.41914333023131845], [0.2652100354984791, 0.36332746142989536, 0.11141987597883184, 0.2600426270927938], [0.32038778758727626, 0.44166917824990876, 0.12205090181567663, 0.11589213234713824], [0.25252028171907115, 0.26847942796941004, 0.26249558465669554, 0.21650470565482324], [0.30157912051705943, 0.3431521534208023, 0.12343009501148945, 0.2318386310506487], [0.4151672267601712, 0.2675592196464926, 0.09461726588209818, 0.22265628771123808], [0.14663582454584914, 0.1575924229469165, 0.080307441030089, 0.6154643114771454], [0.4197587210560031, 0.11561082559507657, 0.09146761100463598, 0.3731628423442843], [0.1807521281392675, 0.29589192938764947, 0.32074642192969965, 0.2026095205433833], [0.3504510751278365, 0.2256899545854724, 0.2756233786140646, 0.1482355916726266], [0.4224133445823101, 0.3739343297382218, 0.08183629876411419, 0.1218160269153539], [0.26289160463035777, 0.3652901322540437, 0.0782866753803697, 0.29353158773522875], [0.2464615796256085, 0.22719966410961184, 0.2101210984210598, 0.3162176578437198], [0.09112642104781273, 0.24632775167625867, 0.4773885843983572, 0.18515724287757143], [0.08480836785726197, 0.8161864204086199, 0.03321157807045768, 0.06579363366366044], [0.29093846918473665, 0.2614179243418922, 0.22238217510058297, 0.22526143137278806], [0.1084620310733645, 0.45301170956375514, 0.15678938743057882, 0.2817368719323015], [0.17691920660692542, 0.18631666994778862, 0.09524094230931388, 0.541523181135972], [0.18450962921068362, 0.3791907323700869, 0.1448694032748343, 0.29143023514439526], [0.16281654612382476, 0.38176774427701604, 0.19195139968362362, 0.2634643099155357], [0.16238788415088784, 0.3384592777437181, 0.12469188966134946, 0.3744609484440447], [0.3494686686881634, 0.13348519500853506, 0.14392093141133352, 0.37312520489196804], [0.5447593191203964, 0.11844224473077866, 0.06009629641897451, 0.2767021397298506], [0.4235090788928457, 0.2478640984892152, 0.08896068118044947, 0.23966614143748965], [0.2470615440409771, 0.11887743454273167, 0.21041926163234517, 0.423641759783946], [0.20384950313563327, 0.3711008244238457, 0.11130556676161156, 0.3137441056789096], [0.09901561829198656, 0.3014160699675678, 0.1327456151553418, 0.46682269658510367], [0.2957438490873295, 0.25080906470684833, 0.21024697550395235, 0.24320011070186986], [0.37061641207088986, 0.2622837204523319, 0.12085509496435252, 0.24624477251242574], [0.147235311817243, 0.19469669298161407, 0.3112012629714586, 0.3468667322296842], [0.2522385394395646, 0.1509450397069219, 0.27961626029477643, 0.31720016055873723]]}}