{"test": {"ids": ["112116850", "108116481", "102111990", "112116640", "108119510", "112119980", "104118070", "103111540", "100120780", "99110050", "112119450", "110121500", "104113240", "109117271", "112121351", "108118301", "113121680", "107120010", "101108500", "105118740", "110120540", "107112850", "99108580", "107118490", "105113190", "113117340", "103120730", "108115500", "113119360", "100108990", "101112201", "111120320", "103111990", "102121440", "106116120", "109114270", "105115250", "107115250", "105110091", "97108520", "109120560", "106116370", "110121170", "112116290", "101110740", "112119320", "112120990", "113122190", "109116040", "108115570", "108113620", "105117351", "109114720", "110114950", "107121540", "110118701", "105118171", "112119500", "104112201", "108115880", "102110850", "98116500", "112120540", "112118550", "112121360", "105120621", "110114610", "105116860", "106116820", "99111440", "112120270", "109118231", "98109570", "111119290", "113119340", "109116441", "106113170", "98111670", "110119891", "97113900", "106111321", "97106600", "101111990", "100112060", "101114020", "103120290", "107121230", "105113260", "103118110", "112118620", "109117730", "100110050", "108120280", "112118930", "100117420", "113122230", "111121190", "105119950", "108116501", "99107630", "108118810", "108115250", "107116340", "108117451", "111119580", "105112100", "100109360", "105120280", "107114780", "103118291", "110115250", "99109860", "112116610", "99112300", "105117200", "108115070", "98112300", "97106591", "101110150", "108114220", "100109330", "102110050", "102113210", "101115190", "99116500", "106118161", "113120780", "101119591", "105115720", "110114920", "113120640", "111119930", "106117650", "107118820", "99108310", "107114140", "109116170", "109119591", "112116540", "100108080", "105113170", "100116790"], "labels": [0, 0, 2, 0, 1, 0, 2, 1, 1, 3, 3, 3, 2, 0, 0, 1, 1, 1, 3, 1, 1, 1, 0, 2, 3, 2, 1, 3, 0, 2, 0, 1, 2, 2, 1, 3, 2, 2, 0, 2, 1, 2, 2, 0, 3, 1, 2, 1, 0, 3, 3, 0, 0, 0, 2, 3, 3, 2, 0, 3, 3, 2, 3, 3, 3, 1, 1, 2, 1, 3, 0, 1, 1, 3, 0, 3, 0, 1, 3, 2, 0, 3, 2, 2, 3, 2, 0, 3, 2, 3, 3, 3, 3, 1, 2, 1, 1, 3, 0, 2, 1, 1, 3, 2, 3, 1, 0, 3, 2, 0, 1, 2, 1, 0, 3, 1, 2, 1, 1, 3, 0, 3, 3, 1, 2, 3, 0, 0, 1, 3, 0, 1, 1, 3, 2, 2, 0, 0, 1, 0, 0, 2], "predicted_labels": [3, 3, 0, 1, 1, 3, 1, 3, 3, 1, 3, 0, 1, 3, 3, 3, 3, 1, 3, 1, 1, 1, 1, 1, 0, 1, 1, 1, 0, 1, 3, 3, 1, 1, 1, 3, 0, 1, 1, 1, 1, 3, 1, 1, 1, 1, 3, 3, 1, 3, 3, 3, 3, 0, 1, 3, 1, 1, 0, 1, 1, 3, 1, 3, 0, 3, 1, 1, 1, 1, 1, 1, 3, 3, 0, 0, 3, 1, 3, 1, 0, 1, 3, 3, 3, 1, 1, 3, 1, 3, 0, 1, 3, 3, 1, 1, 1, 0, 3, 3, 3, 3, 3, 3, 0, 3, 1, 3, 1, 1, 3, 1, 1, 3, 3, 1, 3, 0, 0, 1, 1, 1, 3, 1, 1, 1, 1, 0, 1, 3, 3, 1, 1, 1, 1, 1, 3, 1, 3, 1, 3, 1], "confidence_scores": [[0.19322998945498948, 0.2984832881171115, 0.1584998612498614, 0.3497868611780376], [0.2741248418248421, 0.28454440559440564, 0.12079533522033531, 0.3205354173604172], [0.30815165112665105, 0.2540292013542014, 0.18771105006105016, 0.25010809745809764], [0.2732205128205129, 0.2857335386835386, 0.16950865800865803, 0.27153729048729053], [0.2734719752469753, 0.30038005050505046, 0.18034538239538253, 0.245802591852592], [0.21401531801531817, 0.2597005272505274, 0.17215448995449006, 0.3541296647796646], [0.21163320845820852, 0.288287493062493, 0.23715914640914648, 0.2629201520701522], [0.2288984007822244, 0.2743581751581751, 0.2068245623657389, 0.2899188616938617], [0.2409530136530138, 0.2674463203463204, 0.18669358974358985, 0.30490707625707625], [0.199224133382957, 0.29795186839304477, 0.24943227328227338, 0.2533917249417252], [0.2115631832220068, 0.2511397971309737, 0.19052665112665126, 0.3467703685203684], [0.3206217893217895, 0.2852710900210902, 0.1407455322455323, 0.2533615884115887], [0.2346026584526586, 0.3588569819069819, 0.1985222352810588, 0.20801812435930092], [0.21128376541758906, 0.2748718206629971, 0.1897689338439339, 0.3240754800754803], [0.29129152318269963, 0.2709044086632321, 0.14022121767121767, 0.2975828504828504], [0.2651918935639525, 0.2783074758574758, 0.17575072411248882, 0.2807499064660829], [0.18904719724719732, 0.286747125423596, 0.19240297170150117, 0.33180270562770564], [0.18586639471639482, 0.3129333111333111, 0.23267328782328786, 0.26852700632700643], [0.2460734340822578, 0.28881773063537763, 0.17276272502007803, 0.29234611026228674], [0.2368190836940838, 0.31001350871350875, 0.18750767288267303, 0.26565973470973475], [0.22940722055722068, 0.3580083472083471, 0.15980102675102675, 0.2527834054834055], [0.2621137862137861, 0.31700919080919066, 0.16409665889665898, 0.2567803640803641], [0.2381628926628928, 0.29680999000999003, 0.2127263514263514, 0.252300765900766], [0.22269135031635037, 0.31694135586635575, 0.1947174880674882, 0.2656498057498058], [0.33649941643324005, 0.24848021700521708, 0.13428338328338332, 0.28073698327815994], [0.1992651737151737, 0.3283694615841674, 0.21909620477561678, 0.25326915992504245], [0.2456381851808324, 0.3108717235379, 0.17716832220067522, 0.2663217690805927], [0.22267079032079035, 0.3016836813513283, 0.1770634124045889, 0.2985821159232925], [0.28884537129537113, 0.24186855921855935, 0.19217877677877676, 0.2771072927072928], [0.22221349957232328, 0.3286653382565148, 0.16529357864357874, 0.28382758352758364], [0.25828701298701295, 0.2840543564278859, 0.1628659063159064, 0.2947927242691948], [0.2174477661227662, 0.29842289491554175, 0.17079479213596863, 0.31333454682572354], [0.2627870213120214, 0.3007889388389388, 0.17683792792175146, 0.2595861119272886], [0.25824010989011004, 0.28746980241980236, 0.16938250054039536, 0.28490758714969255], [0.2768810744810745, 0.29314942998178295, 0.19099007952831482, 0.23897941600882783], [0.23428096070596074, 0.2743839116765589, 0.20088349787467433, 0.2904516297428062], [0.2915551141239221, 0.28887886002886004, 0.16638146988030889, 0.25318455596690914], [0.22286943611943616, 0.30817941502941487, 0.24075970336852698, 0.22819144548262205], [0.19406913641913656, 0.35500945720945726, 0.2060408008658009, 0.24488060550560567], [0.2813416028416029, 0.2983578449328449, 0.1755482212232214, 0.24475233100233104], [0.16585272227772233, 0.31902609057609044, 0.2593670690420692, 0.25575411810411824], [0.28821052836052835, 0.23508028638028636, 0.16994733044733049, 0.30676185481185486], [0.2040758943670709, 0.30198696499578864, 0.20682644022644034, 0.2871107004107003], [0.2912522311022312, 0.30378029193029193, 0.1422876567876569, 0.2626798201798202], [0.21595850815850834, 0.3388996059496061, 0.21152564102564114, 0.2336162448662449], [0.15872343212343218, 0.32180851370851377, 0.24127039627039634, 0.27819765789765794], [0.2474775890775892, 0.2938515373515374, 0.14454837352190297, 0.31412250004897074], [0.24746063936063942, 0.2351119824619825, 0.19881849261849274, 0.31860888555888517], [0.2242794261294262, 0.3122956931956934, 0.20903207348207353, 0.25439280719280716], [0.25991492951492956, 0.2761961035696332, 0.1820791652791653, 0.28180980163627245], [0.20261747696747703, 0.2896760092848327, 0.19367028886146537, 0.3140362248862248], [0.2701882672882674, 0.2515533244533245, 0.16378236763236764, 0.3144760406260406], [0.17500972360972367, 0.2688948381683676, 0.24013822452057754, 0.31595721370133134], [0.30470210900210903, 0.23801968195203502, 0.15776986640810178, 0.2995083426377543], [0.23122688422688428, 0.30602102342102344, 0.20054576534576538, 0.2622063270063272], [0.20899729159729172, 0.27738334165834166, 0.2136567793317794, 0.2999625874125875], [0.24312657342657354, 0.2956416305916306, 0.1900763847263848, 0.2711554112554113], [0.18208138887256545, 0.35132476249240957, 0.21352884892884905, 0.2530649997061763], [0.2968677913589677, 0.2592932234432235, 0.18047771509536223, 0.2633612701024466], [0.21520798645798667, 0.32591828171828163, 0.17483303918303925, 0.28404069264069254], [0.17630231435231442, 0.3213148989898989, 0.27098698523698544, 0.23139580142080143], [0.2442564623285212, 0.2735551753801755, 0.19459965296141782, 0.28758870932988606], [0.27675093240093257, 0.2875938074996899, 0.15653530162647822, 0.27911995847289967], [0.24197124819624835, 0.2522463009213008, 0.1605596570096571, 0.345222793872794], [0.31867598708481093, 0.26298142413142434, 0.17536034880152543, 0.24298223998224], [0.21736538461538482, 0.23238171273171276, 0.12940459540459545, 0.420848307248307], [0.23196774891774902, 0.3283453102453104, 0.20049235209235214, 0.2391945887445888], [0.2619875957375957, 0.2801617327117328, 0.18864870129870134, 0.2692019702519703], [0.21796023339405704, 0.29938667247784895, 0.19918662252779906, 0.28346647160029514], [0.2139027306027307, 0.3019220668220669, 0.19337272727272745, 0.2908024753024753], [0.17994466089466102, 0.3248417206976031, 0.2148483996395762, 0.28036521876815995], [0.24447047119547127, 0.3427793650793649, 0.16862000222000237, 0.24413016150516165], [0.24954479964479978, 0.25753121878121865, 0.1380577394827395, 0.3548662420912422], [0.12204457764457767, 0.2996045621045621, 0.22123190143190144, 0.3571189588189588], [0.2915072372072372, 0.2761563567151802, 0.1444467310467311, 0.28788967503085156], [0.320583311133311, 0.25882039072039076, 0.14484163059163063, 0.27575466755466754], [0.24797145273027638, 0.27299091464091463, 0.1847675665837432, 0.29427006604506606], [0.27051710511710525, 0.27899537684537684, 0.17967670107670117, 0.27081081696081705], [0.2385026509438275, 0.23688767376414446, 0.15092059770295085, 0.37368907758907766], [0.19015950993450997, 0.30540444000443995, 0.2371602314352315, 0.2672758186258186], [0.2746585775335775, 0.2696759379509379, 0.1898980741480742, 0.26576741036741036], [0.23208499278499298, 0.27841803751803745, 0.22813989898989914, 0.26135707070707087], [0.22319642024642036, 0.27483927738927755, 0.20263902734692207, 0.2993252750173804], [0.22915632145632156, 0.2656802530802532, 0.20377739482739488, 0.30138603063603076], [0.2583004412254413, 0.2434855755355756, 0.20081359444648925, 0.2974003887924941], [0.20123561438561446, 0.28406945276945283, 0.24970952380952394, 0.26498540903540896], [0.15553576423576426, 0.3130701687201685, 0.2248491785991787, 0.3065448884448884], [0.23638460428460437, 0.26645158730158736, 0.16864292733410385, 0.3285208810797046], [0.2227500305250306, 0.2691753555268261, 0.24045307078542388, 0.26762154316271974], [0.2724867521367524, 0.26728219754102117, 0.13859163140780797, 0.3216394189144189], [0.29125909645909653, 0.25582630702630704, 0.1688312909312911, 0.28408330558330563], [0.21405935730935732, 0.31177273282273266, 0.23032528027528035, 0.24384262959262964], [0.2485263200851437, 0.2654337384837385, 0.1655868187368188, 0.3204531226942992], [0.280587353496177, 0.2758023956435722, 0.1371525641025641, 0.3064576867576868], [0.2608384745972982, 0.2622025974025974, 0.239697539388716, 0.2372613886113886], [0.24481742701742715, 0.3142457811796048, 0.15987488981606635, 0.28106190198690206], [0.26685318847818856, 0.278830636030636, 0.1865897907647909, 0.2677263847263849], [0.3035226126814362, 0.2442177275339041, 0.20407553475935836, 0.24818412502530152], [0.26487592962592965, 0.2591026320085143, 0.19666831224331233, 0.2793531261222437], [0.2859097366685603, 0.23503846153846156, 0.15273362193362197, 0.3263181798593564], [0.2402237873237874, 0.27038992118992133, 0.14185774225774234, 0.34752854922854926], [0.22800429015429022, 0.261386285936286, 0.22445819180819185, 0.2861512321012322], [0.21926154123654135, 0.28170153033241274, 0.18936058190175845, 0.3096763465292879], [0.2559790098790099, 0.22472306027306035, 0.17114009324009335, 0.3481578366078365], [0.34976310633810637, 0.24908189033189032, 0.14998889721389727, 0.25116610611610624], [0.2839059448721214, 0.25181326483973565, 0.1508376370361665, 0.31344315325197686], [0.2624583610833613, 0.26370927405927425, 0.2118559468309469, 0.2619764180264181], [0.20864222166722182, 0.29800990675990674, 0.1950906426906428, 0.2982572288822289], [0.249689690864691, 0.31651077811077805, 0.17883484015984022, 0.25496469086469103], [0.22700713649095997, 0.2986120851370851, 0.21224425656043316, 0.2621365218115219], [0.28225808080808074, 0.2679416805416807, 0.16482344877344884, 0.2849767898767899], [0.2053866541954779, 0.31058448577566217, 0.23939399652634957, 0.2446348635025105], [0.21471363081363085, 0.33825049395049406, 0.17357323232323238, 0.2734626429126428], [0.24340254745254744, 0.25122604617604616, 0.21282701187701197, 0.29254439449439457], [0.24640573315573322, 0.2539770895770897, 0.19722032967032982, 0.30239684759684754], [0.2666651154401156, 0.3347647824397824, 0.1801085636585637, 0.21846153846153873], [0.2598146325896327, 0.24310086580086593, 0.19312219169719175, 0.3039623099123099], [0.26715307470307476, 0.2564436202686204, 0.2163722333222334, 0.26003107170607165], [0.2863857420357422, 0.25510564990565004, 0.17537617908407396, 0.28313242897453433], [0.2268563067651305, 0.32451666470784124, 0.19435653790653784, 0.25427049062049073], [0.24124257409257419, 0.28231661116661133, 0.20647158922948405, 0.26996922551133085], [0.1974669100507337, 0.3154702186702187, 0.2476816247478015, 0.23938124653124662], [0.24735959253165163, 0.26342189673072036, 0.18523685187361663, 0.303981658864012], [0.1914810542398777, 0.3168687848099613, 0.2283363802863803, 0.2633137806637808], [0.175438563397387, 0.348026249567426, 0.2313983607895374, 0.24513682624564986], [0.27131189921189913, 0.29336754911754925, 0.17961227661227663, 0.2557082750582751], [0.23318729603729602, 0.31291260536848764, 0.19555998805116448, 0.2583401105430518], [0.3053397122485358, 0.2456037498449264, 0.14824787989787996, 0.30080865800865797], [0.21605359640359642, 0.33167518315018324, 0.17941120546120548, 0.27286001498501505], [0.23961187701187703, 0.3149358974358973, 0.12691421356421362, 0.31853801198801185], [0.2726259834936304, 0.25329990369108024, 0.18025101010101013, 0.29382310271427925], [0.28958753468753473, 0.2904194857430151, 0.15477540792540795, 0.2652175716440423], [0.24807765567765572, 0.29318429903429905, 0.16927145077145092, 0.2894665945165945], [0.2608628751966988, 0.30837553557553554, 0.17363095042212698, 0.2571306388056389], [0.2779654345654346, 0.29049014319014316, 0.1514882034632036, 0.2800562187812187], [0.23222272172272185, 0.3357439060939061, 0.19586553805671467, 0.23616783412665768], [0.21169768564768573, 0.30089714174714166, 0.17275630203130213, 0.31464887057387075], [0.24878946527328893, 0.35303681122798775, 0.16449770507270517, 0.23367601842601862], [0.22356900321900336, 0.26530088800088814, 0.1482964146964147, 0.362833694083694], [0.23739592074592067, 0.28657388167388176, 0.19528561242678874, 0.2807445851534088], [0.2607918414918416, 0.2580060744810746, 0.1739632284382285, 0.3072388555888557], [0.2749091575091575, 0.27730698745698745, 0.17760137085137093, 0.2701824841824843]]}, "rewritten": {"ids": ["97106591", "97106600", "97108520", "97113900", "98109570", "98111670", "98112300", "98116500", "99107630", "99108310", "99108580", "99109860", "99110050", "99111440", "99112300", "99116500", "100108080", "100108990", "100109330", "100109360", "100110050", "100112060", "100116790", "100117420", "100120780", "101108500", "101110150", "101110740", "101111990", "101112201", "101114020", "101115190", "101119591", "102110050", "102110850", "102111990", "102113210", "102121440", "103111540", "103111990", "103118110", "103118291", "103120290", "103120730", "104112201", "104113240", "104118070", "105110091", "105112100", "105113170", "105113190", "105113260", "105115250", "105115720", "105116860", "105117200", "105117351", "105118171", "105118740", "105119950", "105120280", "105120621", "106111321", "106113170", "106116120", "106116370", "106116820", "106117650", "106118161", "107112850", "107114140", "107114780", "107115250", "107116340", "107118490", "107118820", "107120010", "107121230", "107121540", "108113620", "108114220", "108115070", "108115250", "108115500", "108115570", "108115880", "108116481", "108116501", "108117451", "108118301", "108118810", "108119510", "108120280", "109114270", "109114720", "109116040", "109116170", "109116441", "109117271", "109117730", "109118231", "109119591", "109120560", "110114610", "110114920", "110114950", "110115250", "110118701", "110119891", "110120540", "110121170", "110121500", "111119290", "111119580", "111119930", "111120320", "111121190", "112116290", "112116540", "112116610", "112116640", "112116850", "112118550", "112118620", "112118930", "112119320", "112119450", "112119500", "112119980", "112120270", "112120540", "112120990", "112121351", "112121360", "113117340", "113119340", "113119360", "113120640", "113120780", "113121680", "113122190", "113122230"], "labels": [1, 3, 2, 2, 1, 1, 2, 2, 2, 2, 0, 2, 3, 3, 0, 2, 0, 2, 0, 0, 3, 2, 2, 2, 1, 3, 1, 3, 2, 0, 3, 1, 0, 3, 3, 2, 3, 2, 1, 2, 2, 0, 2, 1, 0, 2, 2, 0, 1, 0, 3, 3, 2, 1, 2, 3, 0, 3, 1, 3, 3, 1, 0, 0, 1, 2, 1, 1, 3, 1, 2, 2, 2, 3, 2, 3, 1, 0, 2, 3, 3, 1, 1, 3, 3, 3, 0, 0, 2, 1, 1, 1, 3, 3, 0, 0, 0, 3, 0, 3, 1, 0, 1, 1, 3, 0, 1, 3, 3, 1, 2, 3, 3, 3, 1, 1, 1, 0, 1, 1, 0, 0, 3, 3, 1, 1, 3, 2, 0, 0, 3, 2, 0, 3, 2, 0, 0, 0, 0, 1, 1, 1], "predicted_labels": [0, 1, 1, 1, 3, 3, 0, 1, 3, 0, 1, 1, 3, 3, 1, 1, 3, 1, 3, 3, 1, 3, 1, 3, 3, 1, 1, 1, 3, 1, 3, 1, 0, 1, 1, 0, 1, 3, 3, 1, 3, 1, 1, 1, 3, 1, 1, 3, 3, 3, 0, 0, 0, 1, 0, 1, 3, 3, 3, 0, 3, 3, 3, 0, 0, 3, 1, 1, 3, 1, 1, 1, 1, 1, 1, 3, 1, 3, 1, 1, 0, 0, 3, 3, 3, 3, 3, 3, 3, 0, 3, 0, 0, 3, 3, 3, 3, 0, 3, 1, 1, 1, 1, 1, 3, 3, 0, 1, 3, 1, 3, 0, 1, 0, 1, 1, 3, 0, 3, 1, 3, 3, 3, 3, 3, 1, 3, 1, 3, 1, 3, 1, 1, 0, 1, 0, 1, 3, 3, 1, 3, 1], "confidence_scores": [[0.2869944583194583, 0.26562915972915985, 0.21063999693117352, 0.23673638502020858], [0.2390231304643069, 0.2843340218604925, 0.19841219776955063, 0.27823064990565005], [0.2705788822288824, 0.29373812576312586, 0.1785178016428017, 0.2571651903651905], [0.25596500248117904, 0.3017918279432985, 0.20750253635253643, 0.23474063322298624], [0.26948366633366644, 0.22009130591630585, 0.16213575591075605, 0.34828927183927194], [0.26548705183705196, 0.23875962370962373, 0.21734689199689214, 0.2784064324564326], [0.3253931096681097, 0.23657002164502183, 0.17382411836529496, 0.26421275032157393], [0.25499723936194524, 0.30830019702519706, 0.16197649637943773, 0.27472606723342036], [0.28255971055088713, 0.24943931101578173, 0.16274794813030113, 0.30525303030303036], [0.2959650405150406, 0.27421712731712733, 0.17041502386502386, 0.25940280830280843], [0.2552742951492954, 0.2924151265401265, 0.19528079143079158, 0.25702978687978684], [0.25498184315684336, 0.28304403015285373, 0.217237827695181, 0.24473629899512256], [0.2564349829908655, 0.2690571852983618, 0.20242279648456138, 0.2720850352262116], [0.2567610314522079, 0.2752183985948693, 0.18703046006281313, 0.2809901098901099], [0.252338838938839, 0.2843727161727162, 0.17985783660783672, 0.28343060828060834], [0.21487667332667348, 0.3475516816516816, 0.17450129870129885, 0.2630703463203464], [0.2712450291538527, 0.2736050505050505, 0.1732293956043958, 0.28192052473670126], [0.23702664557664566, 0.31304124764124763, 0.1626489732489733, 0.2872831335331337], [0.2365138694638694, 0.2613537792616741, 0.20322925437135975, 0.298903096903097], [0.2675374958374961, 0.2689635142635142, 0.18751083638583652, 0.27598815351315364], [0.22572029832912205, 0.30108781577899224, 0.21663150183150187, 0.2565603840603841], [0.25614459902842257, 0.2518389027639028, 0.1793630647130647, 0.31265343349460994], [0.24741363717981366, 0.2815140140904846, 0.20388808136308154, 0.26718426736662054], [0.24668193669076013, 0.25443648573648586, 0.21841424490542155, 0.28046733266733276], [0.2560352972191209, 0.2596485125985126, 0.18922339686457337, 0.2950927933177935], [0.26980518093018097, 0.29531049342814053, 0.1494572713234479, 0.2854270543182309], [0.25988066378066405, 0.2857595061371375, 0.1815828706381339, 0.27277695944406477], [0.23585266400266416, 0.3121543234543234, 0.2111400432900434, 0.24085296925296942], [0.2549569061657299, 0.2469385558885561, 0.2015297460709226, 0.296574791874792], [0.27778757712875357, 0.28483137421573956, 0.16803680792891332, 0.26934424072659374], [0.27855743978243985, 0.2558662381735912, 0.1689552501763803, 0.296621071867589], [0.2214945019033255, 0.3489175357666069, 0.17962042986253518, 0.2499675324675326], [0.3051895307307071, 0.22662107924755007, 0.16579089799089805, 0.3023984920308451], [0.21639204292439596, 0.2998567768832475, 0.22121146272028638, 0.2625397174720706], [0.19257524697524706, 0.2924991232194018, 0.26947044055016206, 0.24545518925518942], [0.31403114744732386, 0.26485085110967466, 0.175454775779776, 0.24566322566322576], [0.258812461884521, 0.3124446925623396, 0.14121758584552704, 0.2875252597076127], [0.26405463980464, 0.26029749694749704, 0.17039288489288495, 0.3052549783549784], [0.2974070798482564, 0.2520013323278032, 0.14503158785658798, 0.3055599999673529], [0.2702599270011035, 0.29120863776746114, 0.15389011544011558, 0.2846413197913198], [0.2442413539075304, 0.2575471202000613, 0.20933684534419833, 0.28887468054821], [0.2770379509379509, 0.2783701298701299, 0.2037266677766678, 0.24086525141525153], [0.1963821893792484, 0.2959163197913198, 0.2557413557031205, 0.2519601351263115], [0.22852328504828515, 0.311004809079809, 0.18580936285936298, 0.27466254301254317], [0.2742395085306851, 0.23102418170065236, 0.17509392829392828, 0.31964238147473445], [0.2494738594738594, 0.3137033688533688, 0.24414166030048384, 0.19268111137228783], [0.23277736152736153, 0.2839399766899767, 0.24479633977133977, 0.2384863220113222], [0.255972281313458, 0.2948770110608345, 0.147630735930736, 0.30151997169497174], [0.290239769380946, 0.22606615084262152, 0.17260358138593435, 0.31109049839049835], [0.2446507936507939, 0.2602211621711623, 0.15781770451770466, 0.33731033966033963], [0.3239449300699302, 0.25299498589645647, 0.164141116073469, 0.2589189679601445], [0.30081818181818193, 0.25575814916078077, 0.1518643533367218, 0.29155931568431576], [0.33034502719502734, 0.23357735205970498, 0.14976644760468297, 0.28631117314058496], [0.2635270673770674, 0.29964460539460547, 0.17281603951603966, 0.26401228771228785], [0.29292719143601487, 0.24179420024420037, 0.18382838272838278, 0.2814502255914021], [0.2566037573537573, 0.3035828282828281, 0.17006817904317903, 0.2697452353202354], [0.29138272838272833, 0.24303099678099693, 0.16970539738039742, 0.2958808774558776], [0.25701257631257657, 0.28433381618381615, 0.1686098845598846, 0.29004372294372305], [0.24590514763014765, 0.2999509573759574, 0.1375020895770897, 0.31664180541680564], [0.27497550505050516, 0.2587536602286603, 0.19144775224775232, 0.2748230824730825], [0.23933233710733728, 0.26807389832389844, 0.2033147269397269, 0.2892790376290377], [0.27004734709734723, 0.23616204906204907, 0.1395695471195472, 0.35422105672105686], [0.2617813353313353, 0.26832825507825514, 0.19172529970029972, 0.27816510989010995], [0.27437196969696964, 0.2706249650676121, 0.1937843212343213, 0.26121874400109707], [0.29448476245976246, 0.2882157342657342, 0.15491342823842832, 0.26238607503607514], [0.29515042735042757, 0.23560041625041633, 0.1513872738372739, 0.3178618825618827], [0.24779294594294604, 0.29779936452436473, 0.18669193029193035, 0.2677157592407593], [0.255039174061233, 0.3257395243645243, 0.14613986830163317, 0.2730814332726097], [0.272891176307353, 0.2553744339337995, 0.18169483878694423, 0.290039550971904], [0.30186175409557764, 0.3061675388337152, 0.138860698451875, 0.25311000861883237], [0.2424785214785216, 0.3451030342206811, 0.1909200058111824, 0.22149843848961503], [0.24501808191808197, 0.2982200019278966, 0.1925618495539548, 0.2642000666000666], [0.2651886299974535, 0.2944123797770856, 0.15262261235496527, 0.2877763778704955], [0.2441289710289712, 0.27376099031687273, 0.21753653927771582, 0.26457349937644065], [0.23889611222111237, 0.32667916250416246, 0.17903566988566996, 0.25538905538905554], [0.2578600011100011, 0.2841117521367521, 0.17123360805860813, 0.28679463869463884], [0.1727035603285605, 0.30517582531847237, 0.24196953961071613, 0.2801510747422512], [0.2056499278499279, 0.2843721500721501, 0.21860537518037523, 0.291372546897547], [0.27707342657342643, 0.2988264248823075, 0.162173252564429, 0.2619268959798372], [0.23904271561771556, 0.3050365348703582, 0.17460355004472666, 0.2813171994671995], [0.29891360502242875, 0.228035880785881, 0.1782281718281719, 0.2948223423635189], [0.2874638389388391, 0.28501393051393076, 0.17765753968253983, 0.24986469086469093], [0.2377624819624821, 0.2568024364524365, 0.21763418803418808, 0.2878008935508936], [0.24062881562881563, 0.270720524246995, 0.21137640300875596, 0.27727425711543346], [0.22434291623409275, 0.26905286967934056, 0.1929459168282698, 0.3136582972582972], [0.2451548320960087, 0.2536756707344945, 0.1852912143412145, 0.31587828282828273], [0.30197241369741357, 0.2654931540681541, 0.12303023088023092, 0.30950420135420137], [0.28272671772671776, 0.248483954933955, 0.18298236208236218, 0.2858069652569654], [0.28064368131868134, 0.2499530996780997, 0.13725606060606066, 0.33214715839715836], [0.2934622723681548, 0.284171572871573, 0.15722496180290307, 0.26514119295736954], [0.2459265512265512, 0.24615513930513944, 0.15196239316239327, 0.3559559163059163], [0.2839789524201292, 0.2764358799697035, 0.2072385049590932, 0.23234666265107456], [0.32175935894171187, 0.2320832024184966, 0.16051982987772465, 0.2856376087620674], [0.27068938006438015, 0.2441617576867577, 0.15647429433311794, 0.32867456791574423], [0.21417881840381853, 0.24688103416191665, 0.21762871931989586, 0.32131142811436925], [0.26276151430269096, 0.2516965537730244, 0.18144481792717101, 0.3040971139971139], [0.2764883755133757, 0.2680764430014432, 0.17086584526584542, 0.2845693362193362], [0.2977166333666333, 0.25781089466089474, 0.16029080086580094, 0.284181671106671], [0.23786647453853355, 0.26433068598068593, 0.18446891425567902, 0.31333392522510156], [0.28113662807780476, 0.2977694974959679, 0.16272807911043208, 0.25836579531579545], [0.2834388639138638, 0.2879751601339837, 0.1710440206851972, 0.25754195526695545], [0.2686292132703899, 0.3109046167884401, 0.16453046120546122, 0.2559357087357088], [0.255665653790654, 0.2777828865578867, 0.19860190642690653, 0.26794955322455327], [0.2662248196248197, 0.2976765012765013, 0.18935729466611823, 0.24674138443256102], [0.22218674103674105, 0.29331266511266507, 0.17276894494394493, 0.3117316489066489], [0.291897994489171, 0.2594094186858894, 0.14043571591806897, 0.30825687090687093], [0.283962667887668, 0.2519715506715507, 0.19467831890331908, 0.2693874625374623], [0.2622041605453372, 0.285614514896868, 0.17627589240824534, 0.27590543214955], [0.22323690753690761, 0.26363175713175724, 0.15571137196137205, 0.3574199633699634], [0.23543268953268967, 0.3297970362970362, 0.19837554112554126, 0.23639473304473305], [0.22740303030303038, 0.25980564990565014, 0.22153778443778455, 0.29125353535353543], [0.31535641515347407, 0.29098528693528686, 0.1500883587001234, 0.24356993921111586], [0.19036280663780672, 0.3119274975024975, 0.22867913197913214, 0.26903056388056384], [0.3418705508543742, 0.24662097151214799, 0.1565975663225665, 0.2549109113109115], [0.2866887409975645, 0.3103047289311996, 0.1405239851651617, 0.2624825449060745], [0.2176026120937886, 0.30780551425698466, 0.1903247677159443, 0.28426710593328236], [0.2481153402153402, 0.27047412587412595, 0.18022542457542465, 0.3011851093351094], [0.2979195221445221, 0.24870742313242325, 0.15792972027972035, 0.2954433344433344], [0.23835637140637142, 0.2802283771783771, 0.15598593628593632, 0.32542931512931506], [0.2216727791816028, 0.3384516408428175, 0.1749385447885449, 0.2649370351870351], [0.21356951381951383, 0.29149415029415016, 0.18608369963369975, 0.30885263625263626], [0.2172468253968254, 0.3009332184155715, 0.1590986931369285, 0.3227212630506748], [0.25669446941946955, 0.2462199272949273, 0.17272952047952056, 0.3243560828060827], [0.25441736041736057, 0.2836380397380398, 0.15360089077589092, 0.3083437090687092], [0.2986423715173715, 0.253892662892663, 0.13999641469641477, 0.30746855089355096], [0.18732469752469763, 0.30891860525095827, 0.24605285841609367, 0.2577038388082508], [0.26925926850926857, 0.24567274784039492, 0.15664911559029218, 0.3284188680600445], [0.21701415822739364, 0.3188964249802484, 0.19422483333659812, 0.26986458345576003], [0.22980627150627153, 0.2697836552336553, 0.1642725108225109, 0.33613756243756254], [0.19060702075702085, 0.30778864044452287, 0.22777718196835858, 0.2738271568300979], [0.2680322510822512, 0.28365885225885223, 0.14280613275613283, 0.3055027639027639], [0.26110014430014444, 0.3043934787434789, 0.17447350982350998, 0.260032867132867], [0.27349019395637036, 0.2961060958649193, 0.1512964285714287, 0.27910728160728165], [0.33009381451881453, 0.2509292013542014, 0.16805594960594974, 0.2509210345210346], [0.20896728826728825, 0.28640655618890903, 0.2327718033600388, 0.2718543521837639], [0.3270114573335161, 0.24826743256743253, 0.12803154329330807, 0.29668956680574327], [0.27968321123321116, 0.2816604784104783, 0.1875262432012433, 0.25113006715506725], [0.26039043374925736, 0.2633163483575249, 0.1894461815961817, 0.2868470362970362], [0.24282132116249772, 0.2638565382330089, 0.194658807858808, 0.29866333274568563], [0.23883999888999907, 0.28673179989944714, 0.20690792067409716, 0.2675202805364571], [0.2156667776667778, 0.2773250654574185, 0.229428571591807, 0.27757958528399707], [0.2614580031080033, 0.2986252131855074, 0.16803847035317632, 0.2718783133533133]]}}