{"test": {"ids": ["108121351", "101110740", "113122510", "97107260", "105113170", "110117080", "113119360", "112118880", "101112160", "104111531", "100109311", "107113130", "103110220", "113118690", "112120640", "106114321", "106121220", "104113210", "105112100", "106111321", "111116170", "97116401", "110115580", "109115070", "110120531", "106116820", "97105960", "97106600", "109120560", "98107410", "97107821", "108118630", "102110240", "112121010", "98108970", "112120290", "98116940", "110120540", "105121370", "109113931", "111120320", "98108410", "107121700", "106115120", "111119610", "101108500", "108120260", "112121360", "99108080", "101108290", "111116110", "104117630", "109119010", "110118880", "100108990", "99109780", "103111930", "106114011", "104111780", "101112690", "113121680", "106113170", "108116501", "98120010", "105116501", "110115140", "101117580", "97113900", "103117200", "98113881", "101109370", "112116810", "97105451", "113119320", "98106680", "111116411", "99114890", "99111440", "108120060", "105120280", "107118820", "103113260", "105117200", "111119930", "113122230", "99112531", "102112030", "107112850", "98109311", "107119950", "112117030", "112120630", "105113330", "107120260", "113121010", "104119340", "106121190", "105117431", "110118121", "110118301", "103120340", "102117351", "97116410", "111120220", "106118520", "108118060", "113119700", "104117200", "111116530", "111119430", "105110251", "100120010", "107112840", "100109801", "111118820", "105113440", "99108000", "100117420", "113117340", "111119340", "112121030", "99121440", "113117401", "111117000", "109115220", "105115250", "106119580", "107116501", "110115890", "99111930", "110114321", "103120730", "99109740", "97110950", "113117550", "97106770", "101116130", "113122650", "109120150", "110116441", "105116090", "109119340"], "labels": [3, 3, 2, 2, 0, 1, 0, 1, 3, 0, 1, 1, 2, 3, 0, 2, 1, 3, 1, 0, 0, 3, 1, 0, 0, 1, 2, 3, 1, 3, 2, 1, 3, 2, 3, 1, 2, 1, 2, 1, 1, 1, 3, 1, 2, 3, 1, 3, 3, 0, 3, 0, 3, 0, 2, 2, 3, 1, 3, 1, 1, 0, 0, 2, 1, 0, 3, 2, 0, 3, 1, 3, 0, 1, 1, 0, 2, 3, 1, 3, 3, 3, 3, 1, 1, 3, 2, 1, 1, 3, 2, 3, 3, 1, 2, 1, 2, 1, 3, 1, 1, 1, 3, 3, 2, 1, 0, 3, 3, 3, 0, 0, 1, 0, 0, 0, 2, 2, 2, 3, 0, 2, 3, 0, 3, 2, 3, 1, 2, 1, 1, 1, 3, 3, 3, 3, 2, 2, 2, 3, 1, 3], "predicted_labels": [1, 3, 1, 1, 0, 1, 0, 3, 1, 3, 0, 1, 3, 1, 3, 0, 3, 3, 0, 1, 1, 1, 1, 1, 1, 0, 0, 0, 0, 0, 1, 3, 0, 3, 1, 0, 1, 3, 1, 0, 0, 0, 3, 1, 2, 3, 1, 3, 3, 0, 3, 1, 1, 0, 2, 0, 3, 1, 0, 3, 1, 1, 3, 3, 3, 3, 0, 3, 0, 1, 2, 3, 0, 3, 1, 3, 1, 1, 0, 2, 0, 3, 3, 3, 1, 0, 2, 3, 3, 1, 3, 3, 2, 3, 1, 3, 1, 3, 1, 0, 1, 0, 1, 1, 1, 3, 0, 3, 1, 1, 1, 3, 1, 0, 3, 0, 2, 1, 0, 1, 3, 3, 1, 3, 3, 3, 1, 1, 3, 1, 1, 3, 1, 0, 1, 1, 3, 3, 1, 1, 1, 3], "confidence_scores": [[0.2869799854303212, 0.3423611596485318, 0.15409799706303143, 0.21656085785811546], [0.22339401533507286, 0.28302187313262195, 0.19383426494820447, 0.2997498465841008], [0.16609221012479938, 0.42823831206396584, 0.15451835411925238, 0.2511511236919824], [0.2025551713790467, 0.30764691095757485, 0.192893038742261, 0.2969048789211174], [0.39564956409687824, 0.23130981769911077, 0.21789191442836806, 0.15514870377564294], [0.20915172754959752, 0.30128886660024856, 0.1959882608901016, 0.2935711449600522], [0.318751216609092, 0.291433668838865, 0.12369299785517127, 0.26612211669687186], [0.2419744603023611, 0.24161757911191095, 0.1501633862384066, 0.3662445743473215], [0.18301013893758275, 0.4896376678311457, 0.15841169137995373, 0.16894050185131793], [0.23314411841647098, 0.29318684944820056, 0.17347792013122146, 0.30019111200410714], [0.363525851109385, 0.22918123293922493, 0.1722337280195312, 0.23505918793185895], [0.24871519065491987, 0.3204618129949165, 0.1909985972252154, 0.23982439912494827], [0.3365340883216623, 0.20786870756030065, 0.11711811474232278, 0.33847908937571425], [0.12279674246105535, 0.6407190733367732, 0.0862394846350421, 0.15024469956712916], [0.20794372657710616, 0.30094263470415455, 0.17307159361454968, 0.31804204510418954], [0.27194763346214945, 0.26586967341944184, 0.20999898042951748, 0.25218371268889134], [0.251687851989513, 0.23194532383018185, 0.19083056800733228, 0.3255362561729728], [0.27414437123321056, 0.2756164211589727, 0.1455978517129387, 0.304641355894878], [0.41782122302019326, 0.24657257621908643, 0.13744238453463908, 0.19816381622608126], [0.17078240936524217, 0.5001817897168992, 0.11670758171603991, 0.21232821920181885], [0.2604705500763484, 0.35356201828338285, 0.16046999242114268, 0.22549743921912616], [0.16814825064719557, 0.3450089172779191, 0.23087336745016346, 0.2559694646247219], [0.2711846429516732, 0.28165561410157813, 0.23715347153945152, 0.21000627140729725], [0.2308390807064217, 0.29821828454979493, 0.19163193502464018, 0.27931069971914313], [0.2725175355255494, 0.285479939321105, 0.18292311755708263, 0.2590794075962629], [0.4514491403992236, 0.20454297370835717, 0.1299872674539444, 0.21402061843847495], [0.32048608239357956, 0.28837812556873205, 0.12153180855682039, 0.2696039834808679], [0.370374958874737, 0.2657084918872619, 0.1059001134739239, 0.2580164357640772], [0.3758322703114524, 0.2415829263193624, 0.12113831395078183, 0.2614464894184034], [0.43495156967046217, 0.2965350227884644, 0.08360997323081658, 0.18490343431025688], [0.19018564715687958, 0.5507546117726777, 0.111018518380944, 0.14804122268949887], [0.2515210812293683, 0.24450275540953775, 0.19440803963155617, 0.3095681237295379], [0.5000680802790881, 0.16564068756285627, 0.11906025950866213, 0.2152309726493934], [0.20846819958795118, 0.24957672723102897, 0.16907152388139118, 0.3728835492996289], [0.21075367489138114, 0.3409002729942451, 0.14785410834137816, 0.30049194377299554], [0.35381230695520777, 0.22257694057391622, 0.22748230549124765, 0.19612844697962853], [0.2719204471322001, 0.29013470607815994, 0.17350344689155422, 0.2644413998980857], [0.2718344594020585, 0.29844937082165857, 0.12582940847601037, 0.30388676130027237], [0.22152413039981592, 0.2780853287300737, 0.25084008620465437, 0.24955045466545628], [0.41514478375699776, 0.20142721692796958, 0.13417244464459085, 0.24925555467044194], [0.40927552686568514, 0.26862896351357396, 0.21541129450760474, 0.10668421511313607], [0.35775603957407653, 0.2807319113241182, 0.14714224983618696, 0.21436979926561844], [0.28429431415997836, 0.18530816651199244, 0.14073521492660263, 0.38966230440142663], [0.2532378628590063, 0.355621574487532, 0.12749918742071195, 0.26364137523274966], [0.19267275199845932, 0.22037295053007866, 0.30677318732713915, 0.28018111014432284], [0.22704856008369248, 0.26544062438642213, 0.1213728594064918, 0.38613795612339363], [0.23652064557703456, 0.3538811636351281, 0.1622937927322915, 0.24730439805554583], [0.23309450976796275, 0.19440648300818053, 0.13515983488965652, 0.4373391723342003], [0.23122083865454568, 0.2525328325431639, 0.1415419553637492, 0.37470437343854135], [0.4259408802059695, 0.15724654568887153, 0.12817880586286706, 0.288633768242292], [0.2934133416727961, 0.20693187930286336, 0.20446257952152397, 0.2951921995028166], [0.2666102065274911, 0.27806091726797194, 0.21279661316841358, 0.24253226303612327], [0.2795508531933824, 0.3346486862284475, 0.15975707479795284, 0.22604338578021732], [0.367307901393313, 0.21441720899273628, 0.13041117184645692, 0.2878637177674938], [0.2453083736256189, 0.210650720482947, 0.3154828833461667, 0.22855802254526733], [0.31270878890007475, 0.2732784817694231, 0.1955099150191447, 0.2185028143113574], [0.1914051080832166, 0.32108942710311256, 0.15489628733229385, 0.33260917748137697], [0.235009631434537, 0.40360477338452233, 0.1128716969792053, 0.24851389820173547], [0.32391688059600887, 0.3166061874054387, 0.13611958696299897, 0.22335734503555355], [0.23030445060640464, 0.24550799587897967, 0.20424364610623574, 0.31994390740837997], [0.09870999085888237, 0.5114048618716518, 0.08696162251076556, 0.3029235247587003], [0.15854658269899513, 0.47064124524052553, 0.139437179990997, 0.2313749920694824], [0.23331241536326608, 0.23472919263026606, 0.2327962434036746, 0.2991621486027932], [0.2723990134401516, 0.2415872825808768, 0.1285619349193395, 0.3574517690596323], [0.29201659214437853, 0.21326219444663033, 0.17437307164687044, 0.32034814176212073], [0.2433132818603682, 0.1965855964985717, 0.242070622750113, 0.3180304988909472], [0.3050669105661999, 0.26108057597548834, 0.16565708474597696, 0.268195428712335], [0.2746848360998989, 0.27931638988271995, 0.09392579354816741, 0.35207298046921387], [0.29695959919247694, 0.25908340503946137, 0.14829934537671827, 0.2956576503913434], [0.3037726616883384, 0.30901542797456816, 0.15216537212381007, 0.23504653821328353], [0.21660659330387605, 0.21773705958275003, 0.2960209601064009, 0.26963538700697287], [0.242353388108192, 0.28807588924711214, 0.15925554869997544, 0.3103151739447205], [0.3609086198906004, 0.28076185312218077, 0.107701859889852, 0.25062766709736684], [0.24999792615365815, 0.2613569139050886, 0.15649873961660843, 0.3321464203246449], [0.26376293509397813, 0.2941581122335494, 0.18244127466229046, 0.259637678010182], [0.2410095190096455, 0.2047589691025361, 0.11878729670516162, 0.4354442151826568], [0.2795687416396375, 0.29620847267752803, 0.1666747155030345, 0.25754807017979986], [0.24884812000777085, 0.3220995490095401, 0.16114071481056327, 0.2679116161721258], [0.40443181335734324, 0.3692057213218123, 0.09671854897522071, 0.12964391634562392], [0.257271885738526, 0.21533073421757037, 0.26974988135620315, 0.2576474986877003], [0.353549930618854, 0.2887775703244678, 0.12963475425832383, 0.22803774479835426], [0.24462658082896757, 0.30162207723788226, 0.14801147401182022, 0.30573986792133007], [0.26739415963285584, 0.2399199944788987, 0.1962100285086609, 0.2964758173795846], [0.20228738569034443, 0.2742217770613001, 0.2460596600956903, 0.2774311771526653], [0.13759886319230655, 0.4627558028509973, 0.13910185028841354, 0.26054348366828267], [0.3621032501405748, 0.2755967207725148, 0.17583094899272111, 0.18646908009418942], [0.15449167688532545, 0.2548647972149355, 0.3842542257026779, 0.2063893001970612], [0.2039432489292131, 0.24919992650432796, 0.08456429538473054, 0.46229252918172853], [0.20423288117558744, 0.24559809882795114, 0.18711268171554363, 0.36305633828091777], [0.2758479393136084, 0.3531580845906817, 0.14423711232815678, 0.22675686376755338], [0.266941829721586, 0.2307650032240503, 0.11156956070359551, 0.39072360635076836], [0.25747343318294774, 0.28135112472760143, 0.1712163344749484, 0.28995910761450244], [0.20537806487852991, 0.22752277090680198, 0.36766341444235623, 0.19943574977231182], [0.18096301019762698, 0.17874679717156233, 0.14222727000252197, 0.4980629226282887], [0.19164788334426197, 0.47452155502924115, 0.12776072360887386, 0.206069838017623], [0.15743316305566632, 0.13342833154320577, 0.20309959829428215, 0.5060389071068458], [0.21028043481020847, 0.316547077580501, 0.20378236510910921, 0.2693901225001813], [0.2018368963381933, 0.2549948113330177, 0.21276363764471734, 0.3304046546840716], [0.28337694808698627, 0.3465150505717767, 0.14252863756061784, 0.22757936378061921], [0.30432013797862306, 0.2594555782547736, 0.18237531823826636, 0.2538489655283371], [0.23106118800495784, 0.29844835217260374, 0.1878068478768813, 0.2826836119455574], [0.46623882140935813, 0.20729584060473333, 0.11957714030511384, 0.20688819768079478], [0.24672854543958947, 0.3122255505816464, 0.2084640310579013, 0.23258187292086285], [0.27413258513644045, 0.28224455273004, 0.1987654646134098, 0.24485739752010996], [0.21326751008937228, 0.3005300359810551, 0.21433545156774822, 0.2718670023618244], [0.19758075129717861, 0.21299486728557457, 0.14963485529445925, 0.4397895261227876], [0.40337169565555936, 0.20835078528919027, 0.15460110114548803, 0.23367641790976224], [0.30349091008088286, 0.22193152530806562, 0.13313130859321137, 0.34144625601784023], [0.23800462553714288, 0.296539045028633, 0.17058060455988394, 0.29487572487434016], [0.1802351000292156, 0.30457117637454495, 0.2114986940560879, 0.3036950295401516], [0.19373695667130622, 0.45965668469380644, 0.1572728973468624, 0.18933346128802497], [0.19672220078253472, 0.2783113910034342, 0.16388690000034323, 0.36107950821368795], [0.24228608617903125, 0.3053771604719519, 0.20505676698750605, 0.24727998636151094], [0.3095529648330385, 0.23639987949357452, 0.16872843900948406, 0.285318716663903], [0.27327070125102454, 0.24614421754171906, 0.16674622836867273, 0.31383885283858387], [0.3320156841484891, 0.2718583547414544, 0.15330607300532997, 0.24281988810472654], [0.12578583572956115, 0.172552391980097, 0.5384506433404789, 0.16321112894986298], [0.2491009588351176, 0.31109662466311083, 0.1370009508354072, 0.3028014656663645], [0.3112277756166816, 0.2945394202319316, 0.17372656560431476, 0.22050623854707208], [0.26712946506008783, 0.30160104530859905, 0.1693324500923824, 0.26193703953893055], [0.17862543177523182, 0.1843109787049654, 0.19349046177362494, 0.4435731277461779], [0.2598410389722518, 0.2722075876671274, 0.17483633697707468, 0.2931150363835463], [0.22738372324903985, 0.4205612733150893, 0.14682025999651058, 0.20523474343936038], [0.23381733087254725, 0.25432065548678634, 0.17409773883586419, 0.33776427480480214], [0.2311602545692614, 0.2657459718218443, 0.10475676156519263, 0.3983370120437016], [0.1938516281870702, 0.1426804525854843, 0.09712405056932742, 0.5663438686581181], [0.21463107184448635, 0.4917719757789913, 0.14074164884499232, 0.15285530353153004], [0.2610111015238997, 0.29193017308381003, 0.22378677109397985, 0.2232719542983104], [0.2661363767282527, 0.27081722235798034, 0.1880343431658123, 0.2750120577479547], [0.28113151872381964, 0.28597594617404, 0.18205091318201871, 0.2508416219201217], [0.2475161468485238, 0.34438336812676507, 0.1596134885218433, 0.24848699650286787], [0.2530147098291167, 0.22564103342213807, 0.20337087200703388, 0.31797338474171144], [0.262345615585008, 0.3310724485896767, 0.15183346521993749, 0.2547484706053778], [0.45097685598495163, 0.18951408138067727, 0.13347990981327798, 0.22602915282109315], [0.22019462812184334, 0.28133950731415974, 0.23972830537207335, 0.25873755919192376], [0.20472307204059872, 0.3788131522368287, 0.1307571489953622, 0.2857066267272104], [0.257157510587765, 0.2826899223139348, 0.14333628803720658, 0.3168162790610937], [0.16161851460977095, 0.2475610673101783, 0.10003012775150585, 0.490790290328545], [0.26859700847475015, 0.32665730506016655, 0.14051804704888698, 0.26422763941619615], [0.27787485451728466, 0.3231594552095707, 0.16066182128046996, 0.23830386899267483], [0.25632254827893164, 0.4824218635585221, 0.11162743506497107, 0.14962815309757543], [0.2540819667202041, 0.27619843509428177, 0.13951996596167196, 0.3301996322238422]]}, "rewritten": {"ids": ["97105451", "97105960", "97106600", "97106770", "97107260", "97107821", "97110950", "97113900", "97116401", "97116410", "98106680", "98107410", "98108410", "98108970", "98109311", "98113881", "98116940", "98120010", "99108000", "99108080", "99109740", "99109780", "99111440", "99111930", "99112531", "99114890", "99121440", "100108990", "100109311", "100109801", "100117420", "100120010", "101108290", "101108500", "101109370", "101110740", "101112160", "101112690", "101116130", "101117580", "102110240", "102112030", "102117351", "103110220", "103111930", "103113260", "103117200", "103120340", "103120730", "104111531", "104111780", "104113210", "104117200", "104117630", "104119340", "105110251", "105112100", "105113170", "105113330", "105113440", "105115250", "105116090", "105116501", "105117200", "105117431", "105120280", "105121370", "106111321", "106113170", "106114011", "106114321", "106115120", "106116820", "106118520", "106119580", "106121190", "106121220", "107112840", "107112850", "107113130", "107116501", "107118820", "107119950", "107120260", "107121700", "108116501", "108118060", "108118630", "108120060", "108120260", "108121351", "109113931", "109115070", "109115220", "109119010", "109119340", "109120150", "109120560", "110114321", "110115140", "110115580", "110115890", "110116441", "110117080", "110118121", "110118301", "110118880", "110120531", "110120540", "111116110", "111116170", "111116411", "111116530", "111117000", "111118820", "111119340", "111119430", "111119610", "111119930", "111120220", "111120320", "112116810", "112117030", "112118880", "112120290", "112120630", "112120640", "112121010", "112121030", "112121360", "113117340", "113117401", "113117550", "113118690", "113119320", "113119360", "113119700", "113121010", "113121680", "113122230", "113122510", "113122650"], "labels": [0, 2, 3, 3, 2, 2, 3, 2, 3, 3, 1, 3, 1, 3, 1, 3, 2, 2, 2, 3, 3, 2, 3, 1, 3, 2, 2, 2, 1, 0, 2, 0, 0, 3, 1, 3, 3, 1, 2, 3, 3, 2, 1, 2, 3, 3, 0, 1, 1, 0, 3, 3, 3, 0, 1, 0, 1, 0, 3, 0, 2, 1, 1, 3, 1, 3, 2, 0, 0, 1, 2, 1, 1, 2, 3, 2, 1, 1, 1, 1, 1, 3, 3, 1, 3, 0, 1, 1, 1, 1, 3, 1, 0, 3, 3, 3, 2, 1, 1, 0, 1, 2, 3, 1, 3, 1, 0, 0, 1, 3, 0, 0, 3, 0, 0, 3, 3, 2, 1, 3, 1, 3, 2, 1, 1, 3, 0, 2, 0, 3, 2, 3, 3, 3, 1, 0, 0, 2, 1, 1, 2, 2], "predicted_labels": [0, 1, 0, 2, 1, 3, 0, 1, 0, 2, 0, 0, 0, 1, 3, 1, 1, 1, 2, 1, 0, 0, 0, 0, 0, 0, 1, 2, 0, 3, 2, 0, 0, 1, 3, 0, 1, 0, 3, 0, 0, 1, 1, 0, 1, 0, 0, 0, 0, 1, 1, 0, 0, 0, 3, 0, 0, 0, 0, 1, 0, 0, 0, 0, 1, 1, 0, 0, 1, 1, 1, 1, 3, 3, 1, 0, 1, 0, 1, 3, 1, 0, 1, 1, 1, 3, 1, 1, 1, 1, 0, 1, 0, 0, 1, 2, 0, 0, 0, 0, 1, 0, 0, 0, 1, 3, 3, 1, 1, 1, 0, 0, 3, 0, 0, 1, 1, 0, 1, 0, 0, 2, 1, 3, 1, 0, 3, 0, 1, 0, 1, 0, 0, 1, 1, 1, 1, 1, 1, 0, 1, 1], "confidence_scores": [[0.2928599344407267, 0.2762963816059896, 0.157255319564033, 0.2735883643892507], [0.2861595587924775, 0.31064037985714577, 0.15050029158531855, 0.25269976976505815], [0.47533700580240545, 0.187466051827056, 0.12990809688816088, 0.20728884548237772], [0.26110606722784246, 0.1966868449079245, 0.2927302845255356, 0.24947680333869734], [0.22442482700120447, 0.36116897911110935, 0.18643710550965303, 0.22796908837803317], [0.26574849449995247, 0.23016308603180563, 0.224116019824119, 0.27997239964412296], [0.4863448985765131, 0.19421195062413535, 0.11504508265010077, 0.2043980681492508], [0.1972601157681747, 0.37518001748282825, 0.13718293856577832, 0.2903769281832188], [0.274780905135656, 0.2680010608472179, 0.21133918788189876, 0.24587884613522726], [0.15770759323430603, 0.24264243149795414, 0.3997900579163761, 0.1998599173513637], [0.3285637065311208, 0.2482764299589055, 0.17013338164556271, 0.253026481864411], [0.43913640278030475, 0.16171487995107317, 0.22134204428573667, 0.17780667298288544], [0.3058677585564301, 0.2955263064859883, 0.161805355276195, 0.23680057968138676], [0.23397442270520089, 0.3241257345980923, 0.14776690564646866, 0.2941329370502381], [0.21910771538816756, 0.2990589453204076, 0.1807114970605878, 0.30112184223083704], [0.12465757992271459, 0.5807958831919879, 0.14100897993205208, 0.15353755695324553], [0.2775830103180067, 0.30576135585769426, 0.1830866441380054, 0.23356898968629394], [0.26376651264199097, 0.3200687045081835, 0.17768651636750685, 0.23847826648231876], [0.15423474447066776, 0.2428776215015737, 0.43159470098411845, 0.17129293304364024], [0.29347602672775214, 0.3089196655407626, 0.17698902993351612, 0.22061527779796927], [0.27785312733300493, 0.2543154597170962, 0.2702091538612914, 0.19762225908860745], [0.2921864582227399, 0.2846526917396294, 0.19683599619538322, 0.22632485384224738], [0.392887139243245, 0.24158588196650724, 0.15617977543131803, 0.2093472033589296], [0.31392867349382747, 0.295875544556945, 0.16722081030693903, 0.2229749716422886], [0.466416891978549, 0.22239002582524214, 0.13218740022365233, 0.17900568197255662], [0.4722457586212544, 0.21644965716576964, 0.14963222151144281, 0.16167236270153323], [0.2689618469791522, 0.3322642335198359, 0.20795167057264183, 0.19082224892837005], [0.2824162214834558, 0.22848358307592442, 0.32328003377931386, 0.16582016166130595], [0.4863237642189183, 0.18243702292715844, 0.146543034801422, 0.18469617805250121], [0.2817473622568589, 0.2726981362283244, 0.14943616349917596, 0.2961183380156408], [0.19259138598232797, 0.29509752568461073, 0.32410769596662065, 0.18820339236644054], [0.2934886099620939, 0.2605343686099514, 0.215875422978102, 0.2301015984498528], [0.304709348948664, 0.27058818643117727, 0.17997393193830155, 0.24472853268185726], [0.24876754590210562, 0.3243560692393622, 0.20716185530664646, 0.21971452955188572], [0.2439192994436273, 0.26316064128404076, 0.2036123071388408, 0.2893077521334912], [0.349830850025249, 0.295590095288686, 0.21231143893657647, 0.1422676157494885], [0.2735752620675233, 0.31982786574456296, 0.15780452218725186, 0.24879235000066208], [0.29978915714676024, 0.26000896274753493, 0.2605911131956035, 0.17961076691010136], [0.25904762131823894, 0.24558379651497808, 0.19011790460214573, 0.3052506775646374], [0.2899228116648457, 0.2687526757254512, 0.244083058841328, 0.19724145376837524], [0.5386593397026794, 0.1658798356865176, 0.1514928042445671, 0.1439680203662358], [0.22568100203162214, 0.31088614283115423, 0.19326903926410618, 0.27016381587311733], [0.26335566397113824, 0.3004076264687589, 0.20707332104538229, 0.22916338851472062], [0.4441155305292858, 0.2267004524615662, 0.1764838917162555, 0.15270012529289248], [0.26530669607133817, 0.38826275087409307, 0.13728612410204838, 0.2091444289525205], [0.2905871419971888, 0.29033381808721553, 0.17470417746043834, 0.2443748624551573], [0.3205840574842185, 0.28901840941242396, 0.16009721858597606, 0.23030031451738137], [0.4403354407830417, 0.20859535456065395, 0.13985096618954332, 0.2112182384667611], [0.47411336439835733, 0.2046304301686835, 0.1415036166954146, 0.17975258873754457], [0.29313999057534773, 0.3131087154383474, 0.15524087553235819, 0.23851041845394655], [0.27287801322735983, 0.3837531935663335, 0.13583287811112277, 0.207535915095184], [0.30287201741846853, 0.27845241391850106, 0.17888872801887992, 0.2397868406441507], [0.429630089922082, 0.3249702718153062, 0.12374954650617137, 0.12165009175644051], [0.3000212269193148, 0.285069487509333, 0.2327575099162896, 0.18215177565506277], [0.2270596339663479, 0.27171551816952727, 0.19838213983142577, 0.302842708032699], [0.2945014447973258, 0.2715415099786013, 0.21454223812035356, 0.2194148071037194], [0.34286722713958107, 0.2451858211664839, 0.1542222445405868, 0.2577247071533483], [0.3826945978079116, 0.25521434925530445, 0.13985520308330643, 0.22223584985347744], [0.28776174901764606, 0.2619301544068073, 0.20563317043706877, 0.24467492613847794], [0.1824481821924254, 0.34765902681449434, 0.290089371526217, 0.1798034194668632], [0.3309220014361483, 0.2579772151349313, 0.1756077418768182, 0.23549304155210218], [0.36535227342409315, 0.2537284447931594, 0.18308576218286673, 0.19783351959988077], [0.3410407679437101, 0.319304805790233, 0.14629769359791361, 0.19335673266814313], [0.3430462940325514, 0.264946525888946, 0.19041333511288788, 0.20159384496561483], [0.25847542590236816, 0.45396213968706034, 0.11050590157132265, 0.1770565328392488], [0.19399121312475043, 0.3361316919167989, 0.18794433477338382, 0.28193276018506697], [0.3061882073989544, 0.25447888185031337, 0.17395221900370333, 0.26538069174702883], [0.29419367065369595, 0.2767070550864621, 0.2025177394735243, 0.2265815347863178], [0.22084148158508712, 0.3371626408033763, 0.16933528335763456, 0.27266059425390204], [0.18425285589824023, 0.36598786475828526, 0.23697607563139833, 0.21278320371207632], [0.2545746503947547, 0.3582671406265079, 0.18770086774196929, 0.19945734123676814], [0.25826750318073016, 0.39761392893371544, 0.15719532702211556, 0.18692324086343878], [0.17356083670719816, 0.2551426678526864, 0.16214342445401242, 0.40915307098610304], [0.22245040620788964, 0.22628364717296567, 0.2300132857973703, 0.3212526608217745], [0.25081433076384163, 0.4460530954460531, 0.15952971589626352, 0.14360285789384167], [0.3889549145520977, 0.2699558893905, 0.17797093370493627, 0.16311826235246624], [0.2715753247207856, 0.35751709463482934, 0.16402003024283315, 0.206887550401552], [0.346347831989478, 0.2741890848226826, 0.1629804904475067, 0.21648259274033274], [0.279035072097611, 0.3419829742362225, 0.18057312265324638, 0.19840883101292012], [0.246245829063431, 0.26803328284460115, 0.1965323865562376, 0.2891885015357303], [0.25167054655795335, 0.30183720691263344, 0.19272985275906962, 0.25376239377034365], [0.3795817203061236, 0.2872360361378336, 0.16261056901783097, 0.170571674538212], [0.2646313749162456, 0.319465364297161, 0.1539594834635465, 0.26194377732304697], [0.24979350922072874, 0.36185503695872806, 0.14578061369072037, 0.242570840129823], [0.25629466444639293, 0.3542187780110036, 0.15003461117560019, 0.23945194636700332], [0.19759106208876323, 0.3361262491972562, 0.12430447248427187, 0.3419782162297086], [0.2930528309258517, 0.3173894909078096, 0.1725236513310278, 0.21703402683531112], [0.2538449468945911, 0.358414591426042, 0.13451627256753332, 0.2532241891118334], [0.28688634770063026, 0.3055062808734326, 0.18570687475223702, 0.22190049667370002], [0.1852521722755407, 0.32578405520359505, 0.20709433639327157, 0.28186943612759274], [0.3457541983497149, 0.28919280611805737, 0.14107664097747832, 0.2239763545547495], [0.24882506832062967, 0.2871264589084819, 0.1888295904079622, 0.2752188823629263], [0.33196324705431524, 0.26010605252659574, 0.15548722179695448, 0.2524434786221347], [0.46343775998909525, 0.17580272353363666, 0.12115850052952504, 0.2396010159477429], [0.19382197779162627, 0.4169594969677287, 0.17127860027724634, 0.21793992496339856], [0.23619447379680206, 0.2333723031492126, 0.27247624034243967, 0.2579569827115458], [0.3684623085020368, 0.20751172414518637, 0.12937879888478793, 0.2946471684679892], [0.3315489215709163, 0.22593339786595884, 0.1914314581429372, 0.25108622242018763], [0.38588451646172184, 0.2885871265665297, 0.13596621909891113, 0.18956213787283727], [0.40259678365998186, 0.22169636755642122, 0.13914929387905145, 0.23655755490454547], [0.22627497598417312, 0.4294198289107251, 0.14506067865148992, 0.19924451645361207], [0.29159826667009436, 0.27426591965528063, 0.19527483296293535, 0.23886098071168976], [0.4229746852736301, 0.27252138466438464, 0.12415691864332788, 0.18034701141865742], [0.3486725560448001, 0.2804482161568657, 0.1408512462617728, 0.23002798153656143], [0.29429155561712156, 0.38386324911116637, 0.13423156501378392, 0.18761363025792804], [0.29996784237677576, 0.27219340002178827, 0.1228922400568397, 0.3049465175445961], [0.1834038402156767, 0.2850924000217981, 0.17209592261918166, 0.3594078371433435], [0.31093021464977094, 0.34383308693986325, 0.1608897119245423, 0.18434698648582357], [0.2925428344703897, 0.3963160200823424, 0.163559451426387, 0.1475816940208809], [0.29974705967827114, 0.3296737049954127, 0.14062312930092288, 0.22995610602539335], [0.31626072343806666, 0.274694757116184, 0.17058704494768592, 0.2384574744980634], [0.2947887258179527, 0.2736183925672869, 0.16492825389837285, 0.2666646277163876], [0.22235608829799064, 0.2344622341453477, 0.16074810018816504, 0.38243357736849676], [0.2749867965639413, 0.24550788641000562, 0.2569639570461873, 0.22254135997986577], [0.3494075253811774, 0.19675980783447816, 0.10892472846489805, 0.3449079383194463], [0.20655391100748027, 0.36823646172321367, 0.17389492680200347, 0.25131470046730264], [0.2635515378963654, 0.3272251432089249, 0.19121760299222834, 0.2180057159024815], [0.32389546849410056, 0.24772528151691192, 0.16788941419068146, 0.26048983579830626], [0.27106017015908923, 0.3279053832851244, 0.17011595724536438, 0.23091848931042197], [0.41972565054227984, 0.23262700558541904, 0.13038495196598285, 0.2172623919063183], [0.3436206973306875, 0.2181359588605074, 0.14733339400553383, 0.2909099498032712], [0.2805895524963642, 0.1814859560316658, 0.2860123779969313, 0.2519121134750387], [0.209016434893807, 0.4193909040590503, 0.15792780122463812, 0.21366485982250463], [0.24205267409743553, 0.23910167418809877, 0.2035055882613388, 0.315340063453127], [0.2403612587185811, 0.346849808541974, 0.188192998078765, 0.22459593466068006], [0.4499392734622051, 0.19600005546556454, 0.10485554563864997, 0.2492051254335805], [0.22347713293230329, 0.2712628605384444, 0.20210840603354788, 0.30315160049570455], [0.3853282299141418, 0.22217255537646954, 0.1913490389038985, 0.20115017580549008], [0.24944825738004295, 0.3234086669104687, 0.14139592705462375, 0.2857471486548646], [0.3378463988765182, 0.29034316536186994, 0.14668134218812337, 0.22512909357348845], [0.2634316456611988, 0.3234365501398787, 0.15294879327109903, 0.26018301092782353], [0.3586824237705778, 0.295397000371773, 0.14554163812547724, 0.20037893773217183], [0.38380526921054176, 0.24368582646827527, 0.1406275904676113, 0.23188131385357152], [0.22939098832036006, 0.5124930934548321, 0.09554173212684186, 0.16257418609796598], [0.24682018035591288, 0.3091662743586995, 0.2105461032823418, 0.23346744200304584], [0.2899809236056633, 0.3754951255613711, 0.13076503546922447, 0.20375891536374113], [0.20861633522778847, 0.402958741621697, 0.18766036991396656, 0.20076455323654785], [0.22121076624165262, 0.40018273197731996, 0.14948357400057632, 0.22912292778045104], [0.2880317475211954, 0.3024796534703406, 0.17069004353363557, 0.23879855547482834], [0.3404641572449161, 0.29937025914752274, 0.148414960785782, 0.21175062282177906], [0.29230397277266584, 0.3239339483824112, 0.17355841141410458, 0.2102036674308182], [0.21009044489322448, 0.43090250364066846, 0.10190366746620039, 0.2571033839999066]]}}