{"test": {"ids": ["102113350", "106117790", "105113440", "111115780", "110119300", "111117480", "101112201", "113119950", "113121680", "112119500", "104116800", "109121351", "107114321", "110118630", "109120621", "104114410", "102118380", "109113281", "113118421", "111119610", "113122160", "107117010", "104113240", "113120601", "99107950", "103113270", "107119390", "99112840", "112121010", "106115240", "108115250", "110118161", "104114320", "98108520", "109117150", "113120540", "99107560", "107120880", "108118520", "97109570", "112117471", "111118301", "108115070", "111118810", "107118780", "104116441", "110117500", "104114240", "112121430", "107121230", "102110690", "112119980", "105117351", "99109840", "101108500", "107118520", "113119700", "113117630", "101119591", "112121360", "107118490", "105120280", "99111930", "97114170", "98121790", "110115140", "110115980", "99107630", "110121140", "109116040", "109120150", "103120730", "102111990", "99107500", "111114321", "107120130", "110114651", "111116170", "107114780", "106114011", "112118810", "112117431", "109113931", "109114720", "113121410", "105115680", "113118630", "105115380", "98108150", "100109311", "112118421", "111119930", "113120280", "110116170", "106114880", "112118511", "109116750", "110115890", "107119950", "104117630", "110118880", "103120340", "106114280", "105114220", "107119130", "111114941", "103110100", "103113640", "113122170", "110115250", "109113881", "110121500", "112120540", "98110680", "101112540", "98116500", "108116501", "98108970", "97105960", "104116980", "101114990", "112117030", "109121410", "100110050", "99112300", "101108460", "112118820", "109114270", "106113360", "103111620", "102110240", "103109641", "109117730", "110115120", "103111170", "108121160", "113120070", "108116481", "105116501", "100108260", "111119290", "106112770"], "labels": [3, 1, 0, 1, 1, 1, 0, 0, 1, 2, 1, 0, 0, 1, 1, 1, 1, 0, 3, 2, 3, 1, 2, 2, 1, 2, 2, 2, 2, 1, 1, 0, 2, 2, 2, 3, 1, 1, 0, 0, 3, 3, 1, 0, 1, 1, 1, 0, 2, 0, 0, 0, 0, 2, 3, 2, 0, 0, 0, 3, 2, 3, 1, 2, 2, 0, 1, 2, 3, 0, 2, 1, 2, 0, 1, 2, 3, 0, 2, 1, 3, 0, 1, 0, 0, 2, 3, 1, 0, 1, 3, 1, 0, 0, 0, 1, 0, 2, 3, 0, 0, 1, 3, 3, 1, 0, 1, 1, 1, 1, 0, 3, 3, 2, 2, 2, 0, 3, 2, 1, 3, 2, 0, 3, 0, 0, 0, 3, 0, 0, 3, 1, 3, 0, 2, 2, 2, 0, 1, 3, 3, 1], "predicted_labels": [3, 3, 1, 3, 1, 1, 1, 3, 3, 1, 3, 1, 1, 1, 3, 3, 1, 0, 3, 3, 1, 1, 1, 1, 1, 3, 1, 3, 3, 1, 3, 3, 0, 1, 1, 1, 1, 3, 0, 3, 3, 3, 1, 0, 1, 3, 3, 3, 1, 3, 3, 1, 3, 1, 3, 1, 1, 3, 3, 3, 1, 1, 1, 3, 0, 3, 1, 3, 3, 3, 1, 1, 1, 1, 3, 1, 3, 1, 1, 1, 3, 0, 3, 3, 3, 1, 1, 1, 1, 1, 3, 3, 0, 3, 1, 3, 0, 1, 3, 3, 3, 3, 1, 0, 1, 1, 1, 0, 3, 1, 0, 0, 1, 1, 3, 3, 3, 1, 3, 3, 1, 1, 3, 1, 3, 3, 1, 3, 3, 3, 3, 1, 1, 3, 0, 3, 1, 3, 1, 1, 3, 3], "confidence_scores": [[0.15277760042644833, 0.2252196284856788, 0.2958709794288216, 0.3261317916590512], [0.09128901898027045, 0.24877575425922935, 0.22911439269485548, 0.4308208340656446], [0.1099829909486009, 0.4887755985485043, 0.31119584191024174, 0.09004556859265313], [0.11582048702996481, 0.30392207434458846, 0.2008599756994432, 0.37939746292600357], [0.1337591392812023, 0.5223143922814033, 0.02806907737592103, 0.3158573910614731], [0.16587585823085105, 0.49783844958627216, 0.0583789715947874, 0.2779067205880894], [0.5004654309342406, 0.35048467252479854, 0.032332236817103566, 0.1167176597238573], [0.4285454747109297, 0.08449295589134855, 0.029045625533155813, 0.45791594386456574], [0.12397248468398038, 0.3003141048408509, 0.26463017259862837, 0.31108323787654035], [0.09611981875726049, 0.4649536148620475, 0.4149927340208848, 0.023933832359807186], [0.15438980485311307, 0.15833160411748576, 0.046466183408422304, 0.6408124076209789], [0.39403297666257386, 0.29239201530994774, 0.15679115868430632, 0.1567838493431723], [0.28740077674481945, 0.42625627469722654, 0.007619289058683919, 0.2787236594992702], [0.08363577921205528, 0.2798205346523165, 0.4013428067605768, 0.23520087937505138], [0.1111945836098207, 0.2984038700002905, 0.020522967146085588, 0.569878579243803], [0.05440241492385166, 0.2729216803554825, 0.3655252389684015, 0.30715066575226424], [0.0373694742991065, 0.18553669298709072, 0.6273920329834932, 0.14970179973030967], [0.5580574983165144, 0.21107061477146374, 0.08174843787211639, 0.14912344903990546], [0.11469071126351713, 0.06743161782995524, 0.02819006524425284, 0.7896876056622749], [0.24276610607118468, 0.1613078326517741, 0.11650181152893893, 0.4794242497481024], [0.07227491032063964, 0.4832853955799295, 0.028282360834019984, 0.41615733326541077], [0.06587198576285457, 0.4827851858261333, 0.2799788226350549, 0.17136400577595698], [0.06414792662159088, 0.7257511641226569, 0.11097713127764373, 0.09912377797810867], [0.027558860353424353, 0.5094732308447736, 0.3488044959053274, 0.11416341289647446], [0.03206614907215721, 0.5603700763958412, 0.35338782849671574, 0.05417594603528593], [0.12182914812849488, 0.11106123972509813, 0.5519802035866315, 0.21512940855977564], [0.12961959805643314, 0.44551741211623136, 0.06565175057783194, 0.3592112392495035], [0.08923557567804272, 0.1868596729591219, 0.4520533753274553, 0.27185137603537957], [0.08894965267881463, 0.22497218757184742, 0.28059139167174585, 0.40548676807759193], [0.5269077250846147, 0.3396289305894623, 0.047490324095758395, 0.08597302023016476], [0.07291278266900723, 0.03635889769779895, 0.13009832428700846, 0.7606299953461854], [0.2812127156261569, 0.3302723057788855, 0.0241684253608264, 0.36434655323413123], [0.44104923760338055, 0.1376630854416543, 0.2667111911457777, 0.1545764858091874], [0.16365167994145247, 0.605480735353516, 0.17869986152113881, 0.05216772318389306], [0.08379054145330198, 0.7489650481146166, 0.04699168289107721, 0.1202527275410045], [0.11945905230941464, 0.7294004163945332, 0.05442927361997389, 0.09671125767607856], [0.11334774064044884, 0.6937465679207454, 0.11459723162983715, 0.07830845980896868], [0.024966763979262355, 0.08857204755390684, 0.06826636050514252, 0.8181948279616883], [0.7604624248866247, 0.18187128895730867, 0.031149729132174356, 0.02651655702389218], [0.18813629359714237, 0.04038020709407851, 0.44457735072413684, 0.32690614858464234], [0.2606721882742087, 0.32476231719850435, 0.06547666257165599, 0.34908883195563106], [0.5519680141772678, 0.128388574772818, 0.06485912901455129, 0.2547842820353625], [0.05807010968334697, 0.8363002979004073, 0.054012848980285244, 0.051616743435960684], [0.6663184999043057, 0.0754698012537382, 0.046724856626310984, 0.21148684221564545], [0.15331396578519163, 0.43623669334748244, 0.13012686160969938, 0.2803224792576263], [0.14672654442208172, 0.2783641135078228, 0.02234618037859296, 0.5525631616915027], [0.3662425325962631, 0.2555107974905784, 0.02672108494652768, 0.35152558496663067], [0.15130767146742902, 0.17219269443320862, 0.14862238289422547, 0.527877251205137], [0.19929992641771252, 0.5065604512380996, 0.0759100830448099, 0.21822953929937808], [0.06402963604273537, 0.12948361237335904, 0.08709969040416181, 0.7193870611797439], [0.41613447365211476, 0.10205808394269955, 0.091597762884645, 0.39020967952054064], [0.15219507264425897, 0.6203215471975705, 0.036033717669630115, 0.19144966248854042], [0.2994727801876218, 0.1652504937929851, 0.03587535286760138, 0.4994013731517916], [0.08220370059888951, 0.21587287989104711, 0.6099740505248445, 0.09194936898521877], [0.07446775552882037, 0.12944264689245072, 0.5050008405631184, 0.2910887570156107], [0.22251005151705303, 0.60772048336008, 0.013704448241399199, 0.15606501688146793], [0.22613077507775983, 0.4213559134828074, 0.10868054320100626, 0.2438327682384265], [0.311981136299909, 0.06350275117725646, 0.08768774964587497, 0.5368283628769598], [0.5677190086126507, 0.10491606041373139, 0.07035775479825837, 0.2570071761753599], [0.13733882126877486, 0.3341977044680069, 0.13429707358869966, 0.3941664006745188], [0.18282985550310116, 0.5711837841855041, 0.14874507954598998, 0.09724128076540463], [0.08139624276481286, 0.8011242552921751, 0.014291165768952244, 0.10318833617405941], [0.16832050543779423, 0.6383887733935681, 0.13577313755185738, 0.057517583616780346], [0.02469534433205936, 0.1685498389931566, 0.6025601117994507, 0.20419470487533356], [0.5620723126601561, 0.16130372531038786, 0.08397643313492559, 0.19264752889453024], [0.18453235584343602, 0.09099655963085, 0.11859100371772872, 0.6058800808079855], [0.29817395442866085, 0.31641233074272274, 0.1728747451284915, 0.21253896970012492], [0.44981109234185757, 0.11146054132516967, 0.05782131138190979, 0.380907054951063], [0.37179231040975014, 0.06285274877355256, 0.015233458599131496, 0.5501214822175657], [0.06277915786418947, 0.2233126743892125, 0.038356232569662925, 0.6755519351769352], [0.15411100410694448, 0.3167331915284384, 0.3648415149253581, 0.1643142894392592], [0.057668087298764, 0.4108133079800675, 0.18083218448401073, 0.3506864202371577], [0.4337813246959836, 0.2622995182851936, 0.14373533659625295, 0.1601838204225701], [0.21078576376568295, 0.5215663647360465, 0.12675274653999158, 0.14089512495827905], [0.22945295166153024, 0.3460095481114986, 0.09098824301990088, 0.33354925720707007], [0.06400768635411844, 0.7591572145394029, 0.07618806540122443, 0.10064703370525446], [0.1611923807564077, 0.027383661475670912, 0.02328287350568024, 0.7881410842622413], [0.2562856612216413, 0.5995552559730308, 0.01764593153541814, 0.12651315126990975], [0.03970153578436326, 0.7951091582380733, 0.12666243462826995, 0.03852687134929343], [0.26414917297952145, 0.37754817762477705, 0.13704211656237225, 0.22126053283332903], [0.23215130122473962, 0.11080059458431207, 0.04988005101342535, 0.6071680531775231], [0.701938102218214, 0.11314383418195502, 0.025165363956584606, 0.15975269964324668], [0.04701807386549383, 0.27087966026810917, 0.24847917278866768, 0.4336230930777294], [0.023868306653568535, 0.41404679613421286, 0.09305565398833908, 0.46902924322387957], [0.14590878429875626, 0.1386771020092245, 0.014397680815562289, 0.7010164328764569], [0.017419661842787027, 0.45660801011780555, 0.30696105338552016, 0.21901127465388737], [0.03766955444618327, 0.37537103190023374, 0.2820548146326035, 0.30490459902097977], [0.077717184921888, 0.2584727616758562, 0.4472035712420432, 0.21660648216021283], [0.0778074914636814, 0.32496265842049427, 0.44362835516595295, 0.1536014949498716], [0.35376047429029983, 0.3440681498868029, 0.08983434127709877, 0.21233703454579872], [0.2105231394612428, 0.2832516097013892, 0.020712318937878896, 0.4855129318994892], [0.3083604215039434, 0.14642108099834678, 0.04083421829526048, 0.5043842792024495], [0.8855207002261829, 0.006264513392736449, 0.0027713584345322034, 0.10544342794654848], [0.15885336397921526, 0.3251437937805085, 0.02575454733403135, 0.49024829490624483], [0.09134165291881685, 0.46511940221247766, 0.34412773821045883, 0.09941120665824678], [0.09404567935272176, 0.16918684176373056, 0.2653506788723553, 0.47141680001119224], [0.6873282766038262, 0.19666535640492092, 0.055352741039995136, 0.06065362595125819], [0.09730488567464875, 0.603367475010477, 0.2291376676115301, 0.07018997170334411], [0.19310102764567527, 0.19563786433774194, 0.007854219774629464, 0.6034068882419533], [0.11111574836124744, 0.27460093377440725, 0.20495895230763853, 0.40932436555670704], [0.29951587373138633, 0.011722036418532452, 0.002895004053610667, 0.6858670857964703], [0.19196310235529412, 0.20731501852392006, 0.4014829795944089, 0.19923889952637722], [0.26626059517036427, 0.591234905658691, 0.0745657177264564, 0.06793878144448814], [0.5757627900063367, 0.1735375252166199, 0.0677119298821992, 0.1829877548948446], [0.030441224765262245, 0.6643263246437195, 0.08880979880232588, 0.21642265178869252], [0.07249423408929824, 0.6010852068848506, 0.03831480121802794, 0.28810575780782327], [0.14738351950237444, 0.5153124827662279, 0.2517274726397961, 0.0855765250916015], [0.7366002329769914, 0.011988889913834408, 0.007339945351125269, 0.244070931758049], [0.0692668704821156, 0.2561425788143368, 0.45663004517710576, 0.2179605055264419], [0.06052275120598511, 0.4807694270297683, 0.03993460101128311, 0.41877322075296325], [0.6209911754615145, 0.1583013887055191, 0.1868275724588066, 0.03387986337416014], [0.5258192620204722, 0.24900588230229095, 0.05165249183657261, 0.17352236384066416], [0.04454395956316123, 0.9257709259360988, 0.0202923186048631, 0.009392795895877108], [0.20304885915262338, 0.3162227362561685, 0.44364435163603155, 0.03708405295517661], [0.09051634704028617, 0.277890676048445, 0.14530644698617187, 0.4862865299250968], [0.4396723063555793, 0.0453131066033613, 0.14480968740692407, 0.37020489963413566], [0.1685068713455485, 0.25011445230569057, 0.09527734268758165, 0.48610133366117914], [0.042122893460435996, 0.5355418047284553, 0.3396894874546119, 0.08264581435649689], [0.20881242560308627, 0.11514219671605636, 0.19135373063833963, 0.4846916470425175], [0.02111462724325682, 0.1818712248378767, 0.24964637941054457, 0.5473677685083218], [0.038774005360655305, 0.2604683677411338, 0.5664414921471707, 0.13431613475104023], [0.09021204571380495, 0.44930176024404483, 0.0950845620095042, 0.365401632032646], [0.026899837769649375, 0.3348905145993247, 0.04853371902873426, 0.5896759286022917], [0.06357349009281574, 0.4446180351935411, 0.33901810919234926, 0.15279036552129424], [0.25950684990334427, 0.04716228136637424, 0.28053194702412065, 0.4127989217061606], [0.3177713050513093, 0.045998041658220246, 0.19877526455755018, 0.43745538873292034], [0.3240909417558089, 0.5087568743675968, 0.016799755961949672, 0.15035242791464482], [0.19930776824144755, 0.03066602350186801, 0.0029302260941614453, 0.7670959821625231], [0.08441067443175614, 0.09630891541820877, 0.025474308984981153, 0.793806101165054], [0.24366198495202426, 0.20810818084383428, 0.09491636343092265, 0.45331347077321865], [0.1413404913076613, 0.11801197681021725, 0.29634566721297134, 0.44430186466915], [0.07452944494198632, 0.3740134123243821, 0.2694844251004265, 0.2819727176332049], [0.26198532069882846, 0.28564998165663136, 0.28392866428887464, 0.16843603335566573], [0.17927708504583795, 0.29171469325023636, 0.10728155612192936, 0.4217266655819962], [0.8289704037204587, 0.10660683298290825, 0.011954589527510646, 0.05246817376912216], [0.03886468404212482, 0.08879205080893049, 0.009482855947480074, 0.8628604092014649], [0.061872545642680785, 0.5751386382658563, 0.1610380859077973, 0.20195073018366558], [0.34620975762591943, 0.12189843816459443, 0.020648044460974346, 0.5112437597485119], [0.1480226010303019, 0.4825626615888417, 0.030588528171219678, 0.3388262092096369], [0.43244680696137716, 0.3458214909893493, 0.05332506540166049, 0.16840663664761318], [0.09648002500763245, 0.08037445745574005, 0.018017473514859435, 0.8051280440217682], [0.10179150211711095, 0.3362021175382883, 0.17860501305969517, 0.38340136728490576]]}, "rewritten": {"ids": ["97105960", "97109570", "97114170", "98108150", "98108520", "98108970", "98110680", "98116500", "98121790", "99107500", "99107560", "99107630", "99107950", "99109840", "99111930", "99112300", "99112840", "100108260", "100109311", "100110050", "101108460", "101108500", "101112201", "101112540", "101114990", "101119591", "102110240", "102110690", "102111990", "102113350", "102118380", "103109641", "103110100", "103111170", "103111620", "103113270", "103113640", "103120340", "103120730", "104113240", "104114240", "104114320", "104114410", "104116441", "104116800", "104116980", "104117630", "105113440", "105114220", "105115380", "105115680", "105116501", "105117351", "105120280", "106112770", "106113360", "106114011", "106114280", "106114880", "106115240", "106117790", "107114321", "107114780", "107117010", "107118490", "107118520", "107118780", "107119130", "107119390", "107119950", "107120130", "107120880", "107121230", "108115070", "108115250", "108116481", "108116501", "108118520", "108121160", "109113281", "109113881", "109113931", "109114270", "109114720", "109116040", "109116750", "109117150", "109117730", "109120150", "109120621", "109121351", "109121410", "110114651", "110115120", "110115140", "110115250", "110115890", "110115980", "110116170", "110117500", "110118161", "110118630", "110118880", "110119300", "110121140", "110121500", "111114321", "111114941", "111115780", "111116170", "111117480", "111118301", "111118810", "111119290", "111119610", "111119930", "112117030", "112117431", "112117471", "112118421", "112118511", "112118810", "112118820", "112119500", "112119980", "112120540", "112121010", "112121360", "112121430", "113117630", "113118421", "113118630", "113119700", "113119950", "113120070", "113120280", "113120540", "113120601", "113121410", "113121680", "113122160", "113122170"], "labels": [2, 0, 2, 0, 2, 3, 2, 2, 2, 0, 1, 2, 1, 2, 1, 0, 2, 3, 1, 3, 0, 3, 0, 2, 3, 0, 3, 0, 2, 3, 1, 1, 1, 2, 0, 2, 1, 1, 1, 2, 0, 2, 1, 1, 1, 1, 0, 0, 3, 1, 2, 1, 0, 3, 1, 0, 1, 3, 0, 1, 1, 0, 2, 1, 2, 2, 1, 1, 2, 3, 2, 1, 0, 1, 1, 0, 0, 0, 2, 0, 0, 1, 3, 0, 0, 0, 2, 3, 2, 1, 0, 0, 3, 0, 0, 1, 2, 1, 0, 1, 0, 1, 0, 1, 3, 3, 1, 0, 1, 0, 1, 3, 0, 3, 2, 1, 2, 0, 3, 3, 1, 3, 0, 2, 0, 3, 2, 3, 2, 0, 3, 3, 0, 0, 2, 0, 3, 2, 0, 1, 3, 1], "predicted_labels": [3, 3, 3, 3, 1, 1, 1, 3, 0, 3, 1, 0, 1, 3, 1, 3, 1, 1, 3, 1, 3, 3, 1, 3, 1, 0, 3, 3, 0, 1, 3, 1, 1, 1, 3, 3, 3, 1, 3, 1, 1, 3, 1, 1, 3, 3, 3, 1, 0, 3, 1, 3, 3, 1, 1, 3, 1, 1, 1, 1, 3, 1, 1, 1, 1, 1, 3, 1, 1, 3, 1, 3, 3, 1, 3, 3, 3, 0, 3, 3, 0, 3, 3, 3, 3, 0, 1, 3, 3, 3, 1, 3, 3, 1, 3, 3, 1, 3, 3, 1, 3, 3, 3, 1, 3, 0, 3, 1, 1, 1, 3, 1, 0, 3, 3, 3, 3, 1, 1, 3, 3, 3, 1, 1, 1, 1, 3, 3, 1, 3, 3, 1, 1, 3, 1, 0, 1, 1, 1, 3, 1, 1], "confidence_scores": [[0.3443360033676228, 0.05795803597760474, 0.05854735088657232, 0.5391586097682], [0.28732252244501544, 0.050571072135363264, 0.38432501869312563, 0.2777813867264957], [0.0856126521444267, 0.1177984727602851, 0.37843853415399836, 0.41815034094128994], [0.10704227285854859, 0.20441073949293956, 0.33209300713429596, 0.35645398051421606], [0.09837440483060139, 0.4351800053681815, 0.3766363108508282, 0.08980927895038919], [0.13356399385886017, 0.26370966700495296, 0.43469412015567704, 0.16803221898050996], [0.4179437548047831, 0.3597158794461833, 0.2010890151706765, 0.02125135057835714], [0.33454616226411565, 0.08481953861420902, 0.19218356883282325, 0.388450730288852], [0.6150426203546704, 0.14010277773940383, 0.12169211918976634, 0.12316248271615948], [0.27848715654727085, 0.2681373027471276, 0.15080695411369874, 0.3025685865919028], [0.13788228449269616, 0.5369406920534994, 0.16757521826189944, 0.15760180519190498], [0.6237003087245452, 0.089392188999293, 0.08140619995976539, 0.20550130231639657], [0.029473661289408596, 0.502920773148106, 0.38911748708271815, 0.07848807847976724], [0.2530938385318317, 0.09969620798060831, 0.4193853739125337, 0.22782457957502608], [0.18635679771858868, 0.688996305538491, 0.053633191099570106, 0.07101370564335051], [0.27900419925485465, 0.07781314068376176, 0.3350454444604653, 0.3081372156009186], [0.09899996825903036, 0.3491298169286436, 0.31237920216382914, 0.23949101264849687], [0.44049415880298454, 0.48185996284809596, 0.010718164246655323, 0.0669277141022642], [0.2697964729555723, 0.10065803536298723, 0.08211919357851315, 0.5474262981029271], [0.06604587832172225, 0.45631079624500026, 0.23920812058452878, 0.23843520484874856], [0.33450818731052384, 0.04233331547170211, 0.18247983651584995, 0.440678660701924], [0.1350634315157326, 0.10274154912321336, 0.5002392544196773, 0.2619557649413766], [0.4468545530368032, 0.3440519345015646, 0.03439485367361663, 0.1746986587880152], [0.1638829578485717, 0.16944691948745927, 0.1962121701524845, 0.47045795251148476], [0.02258004581333722, 0.2168733011589887, 0.6210222865488956, 0.13952436647877872], [0.9386734723494992, 0.007122216765110927, 0.014182729920220604, 0.040021580965169334], [0.30173250684156416, 0.06776535430089951, 0.1885221912469333, 0.4419799476106028], [0.6319048941375219, 0.055410278665287464, 0.07062957043858464, 0.24205525675860604], [0.5333728972054214, 0.21851095260971853, 0.0945610966062988, 0.15355505357856133], [0.2502202940825501, 0.3848366586692492, 0.1588698874647136, 0.2060731597834873], [0.03605864870153801, 0.07286016440028505, 0.6017326053043633, 0.28934858159381355], [0.08851320064682923, 0.45798960416048135, 0.1378179263235425, 0.3156792688691468], [0.1629771242972462, 0.38851325010324755, 0.18956720621948117, 0.25894241938002505], [0.46943221186249834, 0.353367015291184, 0.0097885660596882, 0.16741220678662921], [0.2689761738448688, 0.24412375831063765, 0.29273794703997047, 0.19416212080452352], [0.20936847486745647, 0.14674655851312915, 0.3171486803528478, 0.32673628626656626], [0.6855130161494738, 0.021689988075618827, 0.01800262338400761, 0.27479437239089993], [0.1280183336416943, 0.311931737312885, 0.3480108420421057, 0.21203908700331547], [0.04943335393958107, 0.3904565971682828, 0.14549909894345328, 0.4146109499486829], [0.08316071357792654, 0.7578849673492494, 0.07772667568374825, 0.08122764338907608], [0.3155089003286942, 0.32879663529472947, 0.23207539223451698, 0.12361907214205942], [0.3345095621406931, 0.16903762874671704, 0.18062431588396008, 0.3158284932286296], [0.18412339020953156, 0.26963855108179985, 0.3135036403653628, 0.23273441834330566], [0.2466960139648838, 0.3793197887186087, 0.11132094486736888, 0.2626632524491389], [0.22893021264098204, 0.10199055647326129, 0.07964275845863646, 0.5894364724271203], [0.026858399003108574, 0.16017164306290754, 0.5185441831143002, 0.2944257748196835], [0.2656901392286152, 0.1471002530879295, 0.20715554172499653, 0.38005406595845903], [0.22082147356863085, 0.27399914247556306, 0.3159029431141948, 0.18927644084161133], [0.6830366029856443, 0.14802934691283773, 0.06066619707532371, 0.10826785302619403], [0.07347796878901278, 0.21436141166481243, 0.17947901284014156, 0.5326816067060335], [0.01908515335001004, 0.5292909298249624, 0.24012259713690845, 0.211501319688119], [0.06418270359684848, 0.3056081700488974, 0.03301962678877369, 0.5971894995654805], [0.3932625311210337, 0.24786239661325304, 0.04613796422567033, 0.3127371080400425], [0.07255198442709644, 0.8540815767016, 0.018206220989419267, 0.05516021788188446], [0.09781563418060553, 0.4823157596633019, 0.16598985383477033, 0.2538787523213219], [0.08299862021261187, 0.17663103837003158, 0.036379346085539034, 0.7039909953318176], [0.1600080894988972, 0.5007824122156522, 0.10080304069145177, 0.23840645759399867], [0.2592654676080667, 0.5868260282981116, 0.10217414317331029, 0.05173436092051151], [0.30960259123278605, 0.4181075558548366, 0.1762640556118834, 0.09602579730049426], [0.29650465014904276, 0.3435569861127448, 0.11017646623292794, 0.24976189750528444], [0.08398179095940476, 0.3370031092835947, 0.19237893519253263, 0.38663616456446764], [0.19713060753189518, 0.6327108001479623, 0.02825715387188596, 0.14190143844825664], [0.02615994198956555, 0.3760047159508822, 0.5459280300962385, 0.05190731196331386], [0.08875482678305, 0.516326074070692, 0.260907190923806, 0.13401190822245226], [0.16516784126505812, 0.571270045669964, 0.1790322059818525, 0.08452990708312524], [0.2078465507834994, 0.5063402315964505, 0.0394880151009374, 0.2463252025191129], [0.3071473244429648, 0.2883532613277177, 0.1017678096591057, 0.30273160457021175], [0.028008724155656663, 0.6072553232189248, 0.1025377720453223, 0.262198180580096], [0.05499806903076803, 0.6486859131535726, 0.1476823086703782, 0.148633709145281], [0.15144132940484176, 0.17228996177257125, 0.009000790309797854, 0.667267918512789], [0.2164070424139291, 0.5684879512840635, 0.07353939508785251, 0.1415656112141547], [0.061095825388951704, 0.37207256690277624, 0.19872051761666287, 0.3681110900916092], [0.2611540851338788, 0.10191811090457654, 0.1664191274358539, 0.4705086765256906], [0.13175727982441507, 0.6161305359602872, 0.13556998630830086, 0.11654219790699695], [0.15544689960426844, 0.037051431603434326, 0.11974471804953024, 0.6877569507427671], [0.22704572113799779, 0.13705798780964648, 0.03944100612525443, 0.5964552849271012], [0.11919478448269237, 0.3037314514086124, 0.08748481953517184, 0.48958894457352337], [0.7612187473244468, 0.13863917902764683, 0.023418032771349746, 0.0767240408765568], [0.060370922433124204, 0.14992256469934326, 0.009892603893621949, 0.7798139089739105], [0.46741119396391495, 0.17090431915692575, 0.14171676981484338, 0.21996771706431587], [0.6544660089739526, 0.09376123767741405, 0.2116801039127076, 0.040092649435925616], [0.06665656466045328, 0.30907163174100494, 0.3308516760598003, 0.29342012753874164], [0.1459829675119483, 0.028929247780225507, 0.004558802278073553, 0.8205289824297526], [0.09438343728195175, 0.38857047779850046, 0.10923099813293034, 0.4078150867866173], [0.04219585906733427, 0.1245986932971621, 0.018560043120206166, 0.8146454045152978], [0.6285249460769995, 0.2555411176945029, 0.02608012114238142, 0.08985381508611644], [0.05683898472391942, 0.6368077072979413, 0.16906303636752637, 0.13729027161061305], [0.3214705354124525, 0.22627685085878574, 0.21915346600127644, 0.2330991477274854], [0.19277975233766803, 0.22594301635261016, 0.2759278668848539, 0.30534936442486776], [0.25920937663959565, 0.14704700129305293, 0.0689984365382983, 0.524745185529053], [0.4261339184291426, 0.30608075444311555, 0.09300408388499894, 0.1747812432427428], [0.0427815703422461, 0.3948203275308149, 0.06689068263842468, 0.49550741948851407], [0.24135993872538172, 0.04847039399313701, 0.04032795489466976, 0.6698417123868113], [0.112903980704176, 0.5470078281965206, 0.09441037755508712, 0.24567781354421642], [0.35009271942861614, 0.07451548380177334, 0.23403007656890365, 0.3413617202007066], [0.05216037660591788, 0.17144746310049477, 0.11738430633685239, 0.6590078539567347], [0.17370978085887417, 0.47121436190401567, 0.21641738477446829, 0.1386584724626417], [0.21089748850719015, 0.09558269916717105, 0.16953922916533132, 0.5239805831603077], [0.24518075429760955, 0.2733246857801539, 0.05892397010177486, 0.42257058982046175], [0.4024891320241435, 0.312522230777227, 0.03583962128494429, 0.24914901591368488], [0.2752118498190752, 0.18939638213218823, 0.05582284020326379, 0.47956892784547284], [0.18713709666354977, 0.20945802465223812, 0.19807066240758764, 0.4053342162766245], [0.6414822219919495, 0.03491873869700438, 0.0027150143069634273, 0.32088402500408275], [0.1701909383816303, 0.4620649637794465, 0.02899035069430928, 0.3387537471446138], [0.08166703166532795, 0.06999141103120558, 0.009570838304818316, 0.8387707189986477], [0.5107322405473054, 0.22259500742343707, 0.07232745478474535, 0.19434529724451224], [0.34549325892044663, 0.18057891793911915, 0.11440722144173263, 0.3595206016987014], [0.06198213665314506, 0.6655490717786255, 0.03521865025344032, 0.2372501413147889], [0.1620765456264547, 0.33146746829488005, 0.2963881659573089, 0.21006782012135652], [0.2854697922122684, 0.4267264359187545, 0.06012615984948683, 0.2276776120194903], [0.07561438640929456, 0.3284704356834733, 0.12544928655734394, 0.47046589134988825], [0.4000783382614349, 0.37855732328064473, 0.08639307402601729, 0.13497126443190322], [0.7270374595117499, 0.09167851601064131, 0.03347405797669727, 0.1478099665009114], [0.2077537425755071, 0.19509599754837892, 0.18233437220234894, 0.4148158876737648], [0.40781821119403294, 0.16749916535828893, 0.11881364646809339, 0.30586897697958476], [0.27037440135456625, 0.16477214869505294, 0.04503942974570505, 0.5198140202046756], [0.14033049735657815, 0.3308373796495395, 0.08388949267603577, 0.44494263031784637], [0.0970967876952459, 0.5961456772874463, 0.11029704417554885, 0.19646049084175884], [0.3074758798118795, 0.41914334783741936, 0.076759921901056, 0.19662085044964514], [0.12231355110033748, 0.24958024851337998, 0.06068574245963236, 0.5674204579266501], [0.16347808117554044, 0.05200073682913335, 0.5169040632977976, 0.26761711869752886], [0.07209364372778854, 0.05494129468365509, 0.021491073276131145, 0.8514739883124248], [0.3419895503821228, 0.38287075017799993, 0.017410303345601664, 0.2577293960942756], [0.1741095310705634, 0.4276525486473982, 0.29347697032255016, 0.10476094995948826], [0.08335026157190109, 0.6806332044236014, 0.14560906089920264, 0.09040747310529489], [0.17078762114101012, 0.7575362954838707, 0.01184872804701609, 0.05982735532810296], [0.15410725846651627, 0.28067934305749936, 0.1631293276634556, 0.4020840708125287], [0.14618553802672554, 0.1410388588619303, 0.11825762732829957, 0.5945179757830447], [0.14619004940294342, 0.6389983039283279, 0.0977079250097993, 0.11710372165892932], [0.281317822468874, 0.09437852716145807, 0.12016334471649136, 0.5041403056531765], [0.3153080378640041, 0.06771009525248738, 0.10000352759772964, 0.5169783392857787], [0.07153728418316802, 0.48463736121371015, 0.2705212425166426, 0.17330411208647914], [0.3771657473743219, 0.4094022315205696, 0.11874393472499942, 0.09468808638010894], [0.5040347851257777, 0.11566027536123716, 0.03246393064585588, 0.34784100886712915], [0.04136053948822234, 0.5948429198740176, 0.09948332819023349, 0.26431321244752665], [0.792522067866052, 0.013818999840541368, 0.012491129525500726, 0.1811678027679061], [0.10509427952265063, 0.7761791776693189, 0.037830345597120424, 0.08089619721091], [0.0473939029389399, 0.5406336731672327, 0.22903740838664527, 0.18293501550718205], [0.16729518495980192, 0.47801316692718115, 0.018306551776056397, 0.33638509633696045], [0.10382990267747826, 0.22023939834989686, 0.3369102365522026, 0.33902046242042233], [0.05479696107797206, 0.4652954843725243, 0.02849219917024619, 0.45141535537925775], [0.13289224407339317, 0.2906993786599929, 0.4353261202859103, 0.14108225698070317]]}}