{"test": {"ids": ["112120670", "106117650", "109119460", "104118070", "107112850", "109118231", "99116500", "98112580", "110118630", "99108890", "110115710", "99107640", "110115980", "108114200", "108119330", "106111321", "111120640", "105117431", "110115890", "103118291", "103111620", "97111790", "112116990", "107114140", "104114740", "103113101", "103109021", "112121430", "100111080", "107120130", "109117110", "105113440", "111116411", "104114240", "100116500", "97107260", "109118820", "99111000", "101114020", "97106591", "101114990", "112116880", "98106560", "101111620", "99109840", "98110230", "99108330", "110118181", "110115120", "113122120", "105113170", "109119010", "98110680", "112118880", "111114941", "113118231", "113118630", "113122160", "103111990", "99110050", "97116800", "111116990", "113119950", "106113170", "101108370", "99109910", "102110240", "113119340", "112119930", "103120290", "110117500", "107117010", "109117600", "100109890", "109119450", "106119580", "106114280", "106119260", "110114651", "112118421", "104110960", "105117351", "107113550", "111115780", "105115720", "105121370", "101109000", "101113210", "107116340", "107119130", "112117660", "102116340", "111120320", "99111930", "110120540", "103112470", "99109311", "113120591", "107116980", "112121351", "98106880", "108120260", "106116441", "98109230", "112116401", "111116110", "111120531", "103111930", "102110500", "113119360", "103112641", "105115380", "109116040", "110120531", "111119610", "108115870", "112121410", "100115700", "113118820", "106116850", "97116401", "111115770", "111116010", "108120621", "109120150", "98110710", "112118581", "110114950", "97105580", "113118690", "98120010", "99107560", "110121170", "105116980", "98106111", "113121410", "111119250", "108114670", "112117030", "113121950", "104114410", "111120220"], "labels": [2, 1, 1, 2, 1, 1, 2, 2, 1, 0, 2, 1, 1, 0, 0, 0, 0, 1, 2, 0, 0, 2, 0, 2, 2, 3, 0, 2, 0, 2, 1, 0, 0, 0, 2, 2, 3, 2, 3, 1, 3, 0, 1, 3, 2, 3, 1, 1, 0, 1, 0, 3, 2, 1, 0, 3, 3, 3, 2, 3, 0, 0, 0, 0, 1, 2, 3, 0, 1, 2, 1, 1, 1, 3, 3, 3, 3, 1, 3, 3, 2, 0, 0, 1, 1, 2, 1, 3, 3, 1, 0, 3, 1, 1, 1, 1, 1, 0, 3, 0, 0, 1, 0, 1, 0, 3, 0, 3, 3, 0, 3, 1, 0, 0, 2, 3, 0, 1, 0, 3, 3, 3, 1, 1, 2, 2, 1, 0, 1, 3, 2, 1, 2, 0, 0, 0, 1, 3, 2, 3, 1, 3], "predicted_labels": [1, 1, 1, 3, 1, 1, 3, 1, 3, 3, 1, 3, 3, 1, 3, 3, 1, 1, 1, 3, 3, 3, 3, 3, 3, 1, 3, 3, 1, 1, 1, 1, 0, 3, 1, 3, 3, 3, 3, 1, 1, 1, 3, 1, 3, 1, 3, 1, 3, 3, 1, 1, 1, 3, 1, 1, 1, 3, 3, 3, 0, 3, 3, 1, 3, 1, 1, 3, 3, 1, 3, 1, 3, 3, 3, 1, 1, 3, 3, 3, 3, 3, 3, 3, 3, 1, 3, 1, 3, 3, 3, 3, 3, 3, 1, 3, 3, 3, 0, 3, 1, 1, 3, 3, 3, 3, 3, 3, 3, 3, 1, 1, 3, 3, 3, 3, 3, 3, 3, 1, 1, 1, 3, 3, 3, 1, 3, 3, 1, 3, 3, 3, 3, 1, 3, 3, 0, 3, 3, 0, 3, 0], "confidence_scores": [[0.2132826950826952, 0.3262505661005661, 0.1615071761571762, 0.29895956265956286], [0.18328664113664125, 0.30455017760017766, 0.224702824952825, 0.2874603563103563], [0.24954265909529083, 0.290328719526088, 0.2012973914973915, 0.25883122988123], [0.17596439393939398, 0.2984602092352094, 0.2187398268398269, 0.30683556998557016], [0.19617549395049408, 0.32105719558219564, 0.21734641469641458, 0.26542089577089595], [0.23690232055526175, 0.3072733988233988, 0.1639756354756356, 0.2918486451457039], [0.1964708494120259, 0.2769403341756282, 0.23785015148250452, 0.28873866492984157], [0.20588509268509267, 0.3008213702963705, 0.22524777167277168, 0.26804576534576535], [0.20803398268398277, 0.31041220723720747, 0.1683941863691864, 0.31315962370962364], [0.2539145021645023, 0.2732156926406927, 0.19262967865467867, 0.2802401265401266], [0.21690290820290822, 0.33665015540015536, 0.15632880452880457, 0.2901181318681319], [0.2583204351204352, 0.26186573981574013, 0.15504269896769907, 0.3247711260961262], [0.2420469419469422, 0.2754033966033967, 0.17524260461760474, 0.30730705683205684], [0.20731108336108336, 0.33946383616383613, 0.17525576645576643, 0.2779693140193142], [0.21751454101454124, 0.25281294261294274, 0.1810412309912311, 0.3486312853812853], [0.18768233433233453, 0.2963219558219558, 0.16328063603063614, 0.3527150738150737], [0.23609597902097912, 0.30791789876789905, 0.15723125763125761, 0.2987548645798646], [0.25806230991231, 0.2891191919191919, 0.18483755688755696, 0.26798094128094135], [0.1879400516150516, 0.3429498529248529, 0.18091399156399166, 0.2881961038961038], [0.2575686369186369, 0.26490692085692097, 0.17465774780774782, 0.3028666944166945], [0.19872727272727284, 0.2860015873015873, 0.2006933011433012, 0.3145778388278387], [0.24001342268842293, 0.27676701631701645, 0.1898684065934067, 0.2933511544011542], [0.2213513930513933, 0.2836449827949829, 0.20106514596514594, 0.2939384781884783], [0.1881101787101788, 0.2570770451770453, 0.251789910416381, 0.30302286569639525], [0.20854904262404278, 0.27055817238317226, 0.2120052875229346, 0.3088874974698504], [0.270766996891997, 0.305988788988789, 0.15678330003330018, 0.26646091408591416], [0.20601616161616174, 0.28450834165834177, 0.17055418470418482, 0.3389213120213122], [0.23253159291688713, 0.25429969197469204, 0.20210381921999576, 0.3110648958884254], [0.24014126429126437, 0.296866255966256, 0.17535378510378516, 0.2876386946386948], [0.2749770784770785, 0.29563068598068604, 0.15669642024642036, 0.27269581529581527], [0.21498595016095037, 0.3064908424908426, 0.18448669108669116, 0.29403651626151617], [0.20825704524233943, 0.31003025308025295, 0.17533773448773457, 0.3063749671896731], [0.31359126151626154, 0.22536734931734934, 0.16397282994783005, 0.2970685592185593], [0.19516881729381738, 0.27433660897925627, 0.19538489092606734, 0.3351096828008595], [0.23181499114920173, 0.287685586343481, 0.21681021201021222, 0.2636892104971053], [0.19858159647370188, 0.2764474099000416, 0.23189901764901769, 0.2930719759772393], [0.25050073260073275, 0.28407732626850274, 0.17846348651348654, 0.28695845461727837], [0.20009347874347885, 0.2824476995226996, 0.2289435148185148, 0.2885153069153067], [0.19611579531579543, 0.24187738731856379, 0.22385508935508946, 0.33815172801055143], [0.2110309163059164, 0.30257191697191704, 0.202560447885448, 0.2838367188367188], [0.20421421633921655, 0.3020135999621295, 0.21082220589867653, 0.28294997779997794], [0.19855521145521154, 0.3028853174603176, 0.22426547896547902, 0.27429399211899225], [0.19797479742479743, 0.28481555666555664, 0.21696885891885903, 0.30024078699078705], [0.24468741813741834, 0.28468475413475436, 0.20092027417027425, 0.26970755355755366], [0.22067067932067944, 0.2684115495615497, 0.22202712842712857, 0.2888906426906427], [0.25695455655455657, 0.3009089965589966, 0.15383519258519257, 0.2883012543012544], [0.2246500561529974, 0.25032170329670345, 0.21407062659562667, 0.3109576139546728], [0.2729698357198359, 0.3039505514093749, 0.17522580197580198, 0.24785381089498748], [0.2312546037296039, 0.26934861804861815, 0.17828440448440439, 0.32111237373737367], [0.2255607281607282, 0.3011000222000222, 0.15647263292263297, 0.3168666167166168], [0.17942938450438453, 0.32116828449328466, 0.1933373237873238, 0.3060650072150073], [0.1831765309853546, 0.31767828919446567, 0.21344274891774911, 0.28570243090243097], [0.21405307470307483, 0.29327239427239443, 0.2188267954267955, 0.27384773559773584], [0.23076882006882013, 0.2886467310467311, 0.17029794649794658, 0.31028650238650207], [0.2692976634476635, 0.30974513819513816, 0.14724025974025984, 0.2737169386169385], [0.19578130758130763, 0.31597062382062363, 0.17322408147408155, 0.31502398712398705], [0.18723970261764386, 0.3221126567876566, 0.17338788988788995, 0.3172597507068097], [0.20834623709623726, 0.26825363802863805, 0.19354280996781006, 0.3298573149073149], [0.23973778472989, 0.24059185156948337, 0.2172815517815518, 0.3023888119190752], [0.25218383838383845, 0.26314713619713626, 0.17224350094350097, 0.31242552447552446], [0.3705955044955044, 0.2538911976911979, 0.1697278721278723, 0.2057854256854258], [0.2250109640359642, 0.2358205322455324, 0.18445054945054942, 0.35471795426795427], [0.25957673992674013, 0.24727298257298286, 0.12883307525807539, 0.36431720224220243], [0.2523747827336063, 0.31993520172637796, 0.16907938727938734, 0.2586106282606284], [0.2540240707005413, 0.283092490842491, 0.15445102087455026, 0.3084324175824175], [0.23741847041847058, 0.29405175935175926, 0.19297879179643893, 0.2755509784333315], [0.25648677433677436, 0.2722792651792653, 0.23545553335553338, 0.23577842712842717], [0.26004175546675534, 0.27510859695859713, 0.1553687451437453, 0.3094809024309023], [0.22996653375863907, 0.2691114319890636, 0.2058949134199136, 0.29502712083238386], [0.2037888333888335, 0.3057590520590523, 0.22076793402675768, 0.2696841805253572], [0.22464308746808748, 0.2973211260961259, 0.1554540126540127, 0.32258177378177366], [0.21014877214288982, 0.3093520404432169, 0.20224082616729694, 0.27825836124659653], [0.21483169710406558, 0.27857548480930855, 0.20114907869907891, 0.3054437393875472], [0.24551277611277628, 0.2651087856587859, 0.15857365412365418, 0.3308047841047839], [0.19417256077256081, 0.2994158064158065, 0.1630177711177712, 0.34339386169386155], [0.19394105339105344, 0.3081547841047839, 0.2214162673927381, 0.2764878951114247], [0.23221112025229687, 0.2856983816836759, 0.1993232839056368, 0.2827672141583906], [0.221397175047175, 0.26316268731268744, 0.20486890331890342, 0.31057123432123446], [0.3018003219003219, 0.22966356421356438, 0.141736963036963, 0.3267991508491505], [0.26014348266112985, 0.2572454045954048, 0.15680214393449687, 0.3258089688089689], [0.23959859388977045, 0.2760830581183522, 0.20131400984636286, 0.2830043381455148], [0.21897027417027423, 0.3142175685425686, 0.12114355644355652, 0.34566860084360085], [0.2128081030081031, 0.2938936507936509, 0.1835624692301164, 0.3097357769681301], [0.23059005994006, 0.24098474858474872, 0.19893060109824828, 0.32949459037694323], [0.2572939782439783, 0.27924068154068166, 0.18395142080142096, 0.2795139194139196], [0.17960892163392161, 0.3366906482406484, 0.20288838383838395, 0.28081204628704626], [0.2134867965367966, 0.28373566711066706, 0.18783407703407717, 0.3149434593184593], [0.2810928626928628, 0.3018647741147741, 0.1657400654900656, 0.25130229770229773], [0.23276229685347338, 0.25762274620804043, 0.20102915581150882, 0.3085858011269778], [0.1955865967365968, 0.2986272505272506, 0.20067395382395398, 0.30511219891219865], [0.2103915806415808, 0.2751945804195805, 0.16034151681651684, 0.35407232212232215], [0.20093720168720178, 0.26699302919302936, 0.25674679242326315, 0.2753229766965063], [0.22965589410589407, 0.2739710900210902, 0.1933679431679432, 0.3030050727050727], [0.20616325618825623, 0.2975612998112998, 0.18127813852813862, 0.31499730547230553], [0.18593038628038636, 0.3267106643356645, 0.22036189921189928, 0.2669970501720502], [0.2298979964479966, 0.2780681596181598, 0.19718313908313906, 0.29485070485070486], [0.2495802086802089, 0.2743529109779108, 0.18518243978243987, 0.2908844405594409], [0.21509991119991145, 0.28359872349872345, 0.1811509102009102, 0.320150455100455], [0.30333499278499254, 0.27380286935286946, 0.1340899378399379, 0.28877220002220017], [0.24072484574249303, 0.2714395362807128, 0.20925864805129538, 0.27857696992549946], [0.24563118270618287, 0.32000162892662903, 0.18421601176601182, 0.25015117660117675], [0.180751443001443, 0.34917720057720036, 0.1856213786213786, 0.2844499777999779], [0.196895473970474, 0.2833118714618714, 0.17819247696747703, 0.34160017760017736], [0.20055870959106262, 0.2709674000835767, 0.25071737184384246, 0.27775651848151844], [0.2948500666000667, 0.24853610278610277, 0.11584672549672552, 0.340767105117105], [0.21818050560550567, 0.26274076479076475, 0.1839781746031746, 0.33510055500055497], [0.2474429376179377, 0.27742585747585746, 0.16535799478299482, 0.30977321012321013], [0.21670911588411593, 0.27993564768564777, 0.21014209956709953, 0.2932131368631369], [0.26639829059829057, 0.2524654623154624, 0.1688867021867023, 0.312249544899545], [0.2146991203241204, 0.2526099234099235, 0.1689781607281609, 0.36371279553779523], [0.273302444777445, 0.30012251278133634, 0.14257980630480632, 0.2839952361364127], [0.17539262681762688, 0.33677812465312446, 0.19062074592074602, 0.2972085026085028], [0.1955507714507715, 0.29653717393717394, 0.17133680763680773, 0.3365752469752471], [0.24762133422133434, 0.2537673160173162, 0.14934410589410588, 0.3492672438672436], [0.2421079975579976, 0.2608560162060163, 0.16710021645021653, 0.3299357697857698], [0.255321905871906, 0.25599689199689213, 0.1806448773448773, 0.30803632478632464], [0.19652956765456775, 0.2674242757242758, 0.18791355033855028, 0.3481326062826062], [0.23075391830391845, 0.2613390767729003, 0.16198313908313924, 0.34592386584004237], [0.25893328615828626, 0.29588253413253407, 0.1487507298257299, 0.2964334498834499], [0.1909849483849485, 0.29758107170607173, 0.23902889610389616, 0.2724050838050838], [0.2564730796980798, 0.3022754329004328, 0.17793868908868918, 0.2633127983127984], [0.29840646298146306, 0.3212515115603351, 0.12607080974580978, 0.25427121571239225], [0.24565606060606063, 0.2641587051837052, 0.19724400044400048, 0.2929412337662337], [0.22558658645276292, 0.271090557808205, 0.16290554086436437, 0.34041731487466786], [0.22924777999778007, 0.22474092378210034, 0.20169037269919632, 0.34432092352092347], [0.19056119991119985, 0.28920790875790875, 0.2534317460317461, 0.2667991452991454], [0.20167526640026653, 0.2765143856143856, 0.16443017538017532, 0.35738017260517274], [0.22983139638139652, 0.25706040348540365, 0.17624218836718844, 0.3368660117660116], [0.2529162365412366, 0.2878188616938617, 0.24301068931068928, 0.21625421245421267], [0.17309839882339892, 0.31030792818292807, 0.1691879453879455, 0.3474057276057276], [0.23714528053645706, 0.25251127238774307, 0.2087030061441827, 0.3016404409316173], [0.2058989898989899, 0.3044721278721279, 0.17770877455877454, 0.3119201076701076], [0.18436990231990236, 0.27643691308691315, 0.14015403485403494, 0.39903914973914967], [0.24941593961593964, 0.32105402930402926, 0.14432162837162843, 0.2852084027084026], [0.2630205322455324, 0.24781006493506502, 0.22106887001887013, 0.2681005328005329], [0.20206700521700532, 0.31275952380952365, 0.14650586080586087, 0.3386676101676101], [0.28095774225774234, 0.24017836052836053, 0.2154126262626263, 0.2634512709512711], [0.22050980685980698, 0.28403830026182975, 0.20675982938630005, 0.28869206349206367], [0.2242111966464908, 0.24377059052059066, 0.22344995364113027, 0.3085682591917884], [0.29040494782994786, 0.27914900459018116, 0.17552440255822618, 0.25492164502164516], [0.20256322843822855, 0.28173400765900763, 0.21802694527694527, 0.2976758186258186], [0.3142146464646465, 0.2690292263292264, 0.16280331890331892, 0.2539528083028085]]}, "rewritten": {"ids": ["97105580", "97106591", "97107260", "97111790", "97116401", "97116800", "98106111", "98106560", "98106880", "98109230", "98110230", "98110680", "98110710", "98112580", "98120010", "99107560", "99107640", "99108330", "99108890", "99109311", "99109840", "99109910", "99110050", "99111000", "99111930", "99116500", "100109890", "100111080", "100115700", "100116500", "101108370", "101109000", "101111620", "101113210", "101114020", "101114990", "102110240", "102110500", "102116340", "103109021", "103111620", "103111930", "103111990", "103112470", "103112641", "103113101", "103118291", "103120290", "104110960", "104114240", "104114410", "104114740", "104118070", "105113170", "105113440", "105115380", "105115720", "105116980", "105117351", "105117431", "105121370", "106111321", "106113170", "106114280", "106116441", "106116850", "106117650", "106119260", "106119580", "107112850", "107113550", "107114140", "107116340", "107116980", "107117010", "107119130", "107120130", "108114200", "108114670", "108115870", "108119330", "108120260", "108120621", "109116040", "109117110", "109117600", "109118231", "109118820", "109119010", "109119450", "109119460", "109120150", "110114651", "110114950", "110115120", "110115710", "110115890", "110115980", "110117500", "110118181", "110118630", "110120531", "110120540", "110121170", "111114941", "111115770", "111115780", "111116010", "111116110", "111116411", "111116990", "111119250", "111119610", "111120220", "111120320", "111120531", "111120640", "112116401", "112116880", "112116990", "112117030", "112117660", "112118421", "112118581", "112118880", "112119930", "112120670", "112121351", "112121410", "112121430", "113118231", "113118630", "113118690", "113118820", "113119340", "113119360", "113119950", "113120591", "113121410", "113121950", "113122120", "113122160"], "labels": [1, 1, 2, 2, 3, 0, 0, 1, 0, 1, 3, 2, 2, 2, 2, 1, 1, 1, 0, 1, 2, 2, 3, 2, 1, 2, 3, 0, 1, 2, 1, 1, 3, 3, 3, 3, 3, 3, 3, 0, 0, 3, 2, 1, 3, 3, 0, 2, 2, 0, 1, 2, 2, 0, 0, 1, 1, 0, 0, 1, 2, 0, 0, 3, 0, 3, 1, 1, 3, 1, 0, 2, 3, 3, 1, 1, 2, 0, 3, 3, 0, 1, 1, 0, 1, 1, 1, 3, 3, 3, 1, 2, 3, 0, 0, 2, 2, 1, 1, 1, 1, 0, 1, 2, 0, 3, 1, 1, 3, 0, 0, 1, 2, 3, 1, 0, 0, 0, 0, 0, 2, 0, 3, 1, 1, 1, 2, 0, 0, 2, 3, 3, 3, 0, 0, 0, 0, 0, 0, 3, 1, 3], "predicted_labels": [1, 0, 1, 1, 1, 0, 1, 3, 1, 3, 1, 1, 3, 3, 1, 1, 3, 1, 1, 1, 3, 1, 0, 3, 1, 1, 3, 3, 3, 3, 3, 3, 1, 0, 3, 1, 1, 0, 1, 1, 3, 3, 1, 1, 1, 1, 3, 1, 3, 3, 3, 3, 1, 1, 1, 3, 1, 3, 3, 0, 1, 1, 1, 3, 3, 1, 1, 3, 1, 1, 3, 3, 3, 0, 1, 1, 3, 1, 3, 3, 3, 1, 3, 3, 1, 3, 1, 1, 3, 3, 1, 3, 3, 3, 3, 1, 1, 3, 3, 1, 3, 3, 1, 3, 1, 3, 3, 1, 3, 0, 3, 0, 3, 0, 3, 0, 3, 3, 3, 3, 3, 3, 1, 3, 3, 3, 1, 1, 3, 1, 3, 3, 3, 1, 3, 3, 3, 3, 3, 0, 1, 1], "confidence_scores": [[0.2544581030081031, 0.2859487623487625, 0.23284779664779673, 0.22674533799533808], [0.42797034077034085, 0.26652943167943166, 0.12812935952935955, 0.17737086802086807], [0.1998940337440338, 0.28720214230214264, 0.22616466866466856, 0.2867391552891555], [0.2558703490953492, 0.28642448107448115, 0.17640445942945943, 0.2813007104007102], [0.2398739177489179, 0.2964784271284271, 0.20694386724386737, 0.2567037878787881], [0.290300482850483, 0.25393432955932965, 0.1878532634032635, 0.2679119241869243], [0.2635574314574315, 0.27754025974025975, 0.20627084582084604, 0.25263146298146316], [0.20155348540348547, 0.2855343434343433, 0.21245180375180392, 0.3004603674103675], [0.2582988344988346, 0.2805458291708292, 0.20402879897879897, 0.2571265373515375], [0.19532317682317688, 0.2618197247197246, 0.2640538184038185, 0.27880328005328], [0.2550380508380509, 0.30258907203907204, 0.17662599622599628, 0.26574688089688103], [0.2358021756021757, 0.27240222000222014, 0.2253924575424576, 0.26640314685314687], [0.1985004518357459, 0.26160808080808085, 0.2681961574373338, 0.2716953099188395], [0.23251973581973578, 0.2733126873126872, 0.20888809523809518, 0.28527948162948163], [0.25101075036075043, 0.27719153069153085, 0.1968141747141749, 0.2749835442335443], [0.23583380736910153, 0.3013209235209236, 0.1928082508994274, 0.2700370182105477], [0.2701465831554067, 0.2642708771620538, 0.149074827949828, 0.31650771173271175], [0.23215265290265294, 0.3199466616716619, 0.19416119713619734, 0.25373948828948834], [0.2152667665667667, 0.30700860805860797, 0.2451646686646687, 0.23255995670995688], [0.28230212010212014, 0.2883900488400489, 0.16801394716394719, 0.261293883893884], [0.20038363858363872, 0.27682469752469757, 0.24290212565212568, 0.27988953823953844], [0.25548952158952176, 0.30842515262515274, 0.17750430517195231, 0.2585810206133737], [0.3301130314130317, 0.2545335386835388, 0.13187542457542464, 0.28347800532800543], [0.19583584193584203, 0.2919648823398824, 0.21405858863358876, 0.29814068709068686], [0.2304726662226663, 0.2990747363747364, 0.18084885114885113, 0.28960374625374646], [0.18846871461871467, 0.31085287490287516, 0.22078665223665234, 0.2798917582417583], [0.2462516983016984, 0.24027253857253864, 0.23966839826839823, 0.273807364857365], [0.2386157287157287, 0.2629776834276836, 0.2137821067821068, 0.2846244810744812], [0.2319490620490621, 0.27397983127983117, 0.2081178341266576, 0.28595327254444924], [0.21601587360008412, 0.2809841599920547, 0.2214747086247087, 0.2815252577831528], [0.2517856893106894, 0.28272059884559886, 0.1440496447996448, 0.3214440670440671], [0.2446823787323788, 0.2555259046509048, 0.1766394660894662, 0.3231522505272506], [0.21941675824175835, 0.2895957264957267, 0.20813644411144408, 0.2828510711510714], [0.3069686729936731, 0.2820803890553892, 0.20529018759018766, 0.20566075036075046], [0.21398003108003116, 0.26200032745032764, 0.19653322233322243, 0.3274864191364192], [0.20549635919635934, 0.27781664414017365, 0.24982389310036365, 0.26686310356310367], [0.2479192990016519, 0.2897309024309025, 0.1876088003499769, 0.274740998217469], [0.3056851592851593, 0.2093001443001442, 0.18705921300921308, 0.2979554834054835], [0.24767414807414814, 0.2834690254190255, 0.21067581895228965, 0.25818100755453716], [0.2501672216672218, 0.30442975635475633, 0.18927228327228338, 0.2561307387057389], [0.17613282828282834, 0.3079839327339328, 0.1922311965811967, 0.3236520424020424], [0.21313906926406925, 0.2797506132756133, 0.18108470418470424, 0.32602561327561325], [0.2212445859695861, 0.2799967032967035, 0.22221535686535682, 0.2765433538683538], [0.24926003996004012, 0.2915019980019979, 0.19681573426573445, 0.2624222277722279], [0.28041983294483297, 0.31134625374625374, 0.1846521284271285, 0.22358178488178496], [0.23515455655455664, 0.32021726051726035, 0.16638275335775338, 0.2782454295704297], [0.26847380952380956, 0.27282738927738936, 0.1736205461205461, 0.285078255078255], [0.19614015984015995, 0.3009512598512598, 0.22551465952348318, 0.2773939207850972], [0.21684771894771904, 0.27053505661005667, 0.21817720890220882, 0.2944400155400154], [0.2182745532245531, 0.2556007725934198, 0.20031555470673124, 0.3258091194752961], [0.22521206293706295, 0.28396294261294264, 0.18158444055944054, 0.30924055389055394], [0.24076114163614176, 0.27152092270474615, 0.20715606060606068, 0.2805618750530514], [0.14915121267621284, 0.31084456931956955, 0.2516865634365635, 0.2883176545676548], [0.2341004745254746, 0.2772802392052395, 0.22036818181818188, 0.2682511044511046], [0.19940093240093248, 0.333692352092352, 0.19582471972471974, 0.2710819957819959], [0.18115530025530036, 0.3033166555666557, 0.20874357309357325, 0.3067844710844711], [0.23207797757797777, 0.3160832667332668, 0.1791819125319127, 0.27265684315684335], [0.23742412864912868, 0.2827636724386724, 0.1838909867909869, 0.29592121212121214], [0.23043068663362792, 0.29040144300144305, 0.16600266955266968, 0.3131652008122597], [0.3114189560439561, 0.28899961149961156, 0.18967837995338002, 0.2099030525030527], [0.1997342546342546, 0.34585774780774814, 0.17299855422355434, 0.28140944333444345], [0.2123829365079367, 0.3153626318126319, 0.16774691142191156, 0.30450752025752], [0.2585128982128983, 0.3256792873792874, 0.16042917082917088, 0.2553786435786437], [0.2798409756909758, 0.23175152625152629, 0.19260269730269738, 0.2958048007548008], [0.27088364968364986, 0.27479955044955046, 0.16061078366078377, 0.2937060162060162], [0.19796270951270956, 0.30786603233367954, 0.23441233570351225, 0.259758922450099], [0.19263016428016447, 0.32121932234432216, 0.2363688450438451, 0.2497816683316685], [0.2347031524031524, 0.26733455988455995, 0.19662403707403725, 0.3013382506382506], [0.19496522366522376, 0.30130934343434346, 0.22300108225108242, 0.28072435064935053], [0.1900936840936842, 0.33149292929292934, 0.2287547508047507, 0.24965863580863587], [0.23866272338772332, 0.2688532550782552, 0.1719299961476433, 0.3205540253863785], [0.1926353646353647, 0.2842750138750139, 0.2158880983395689, 0.3072015231500527], [0.21541997806115457, 0.2719500355853297, 0.21193644296879602, 0.30069354338472004], [0.32221363636363615, 0.30645446220446204, 0.15014403374403368, 0.2211878676878678], [0.21558206793206797, 0.30896943056943055, 0.20818072483072483, 0.2672677766677768], [0.2539412282162284, 0.2703455488955489, 0.23108763181263184, 0.24462559107559115], [0.27370329115329123, 0.2550932678432679, 0.19154076479076482, 0.2796626762126762], [0.21121235986235992, 0.32550438842203555, 0.17472734487734498, 0.28855590683825993], [0.23793174048174043, 0.2559894546629844, 0.23434760827407888, 0.27173119658119665], [0.2854799145299146, 0.2440048784548785, 0.17639901209901215, 0.29411619491619495], [0.22839791874791895, 0.26612520257520256, 0.19984666999666995, 0.30563020868020874], [0.21535445665445688, 0.3206434343434343, 0.18689047619047616, 0.2771116328116328], [0.2813068181818182, 0.24294868742368755, 0.16936342823842832, 0.3063810661560662], [0.20460483960483977, 0.29936920301920295, 0.16558860028860037, 0.33043735708735694], [0.19302168860551222, 0.2938947477359242, 0.22594020424020428, 0.28714335941835945], [0.2476278365854991, 0.26336925215307583, 0.205851936951937, 0.2831509743094882], [0.24434481074481085, 0.30207200577200594, 0.17687777777777783, 0.2767054057054056], [0.24893018648018658, 0.2992671336833102, 0.18297164502164517, 0.26883103481485826], [0.20209199330081684, 0.2783213766625533, 0.23077268842268844, 0.2888139416139416], [0.20273602508602517, 0.2863630341880343, 0.21980214230214246, 0.29109879842379843], [0.22248865754128924, 0.31750099724836583, 0.225082006882007, 0.23492833832833848], [0.22643263125763136, 0.25726760820878464, 0.2094825055663292, 0.30681725496725504], [0.2941199356199357, 0.25493939393939413, 0.13490508380508384, 0.31603558663558656], [0.20493888888888898, 0.265624148074148, 0.17809542679542692, 0.3513415362415361], [0.22312052669552687, 0.2647823593073594, 0.1857033078033078, 0.3263938061938061], [0.21971872849372853, 0.3214053002553004, 0.15985109335109338, 0.2990248778998779], [0.21705654623154624, 0.31680049672549665, 0.18520330780330793, 0.28093964923964915], [0.26734945609945615, 0.262836186036186, 0.18277597402597415, 0.2870383838383838], [0.21762463924963932, 0.2955262487512486, 0.1777413863913865, 0.3091077256077256], [0.2610111666111667, 0.34710441976324347, 0.15873768453768458, 0.23314672908790565], [0.195922854922855, 0.28190894383394377, 0.20325483127983127, 0.3189133699633699], [0.2787948273948275, 0.24003431568431577, 0.1327995135583371, 0.3483713433625198], [0.2610265337603574, 0.28537898017015667, 0.21057235264735277, 0.24302213342213352], [0.2139282384282384, 0.23174581529581542, 0.20255070125952482, 0.35177524501642127], [0.2791937229437229, 0.29764237233354895, 0.1537267676767677, 0.2694371370459606], [0.294205316905317, 0.270887950937951, 0.1260500943500944, 0.3088566378066378], [0.23856611721611723, 0.2416749916749918, 0.2089823787323788, 0.3107765123765125], [0.25937403984904, 0.28673802031302026, 0.18785646575646572, 0.2660314740814742], [0.20501658064158074, 0.28277057387057375, 0.21172397602397605, 0.3004888694638694], [0.30879007381507384, 0.2300569208569209, 0.15353384115884128, 0.30761916416916424], [0.22464971139971143, 0.273406637806638, 0.20461380841380836, 0.2973298423798424], [0.28532623487623493, 0.2500256632256633, 0.21997270507270514, 0.24467539682539688], [0.2689680486180486, 0.23835224497724505, 0.17994522699522703, 0.31273447940947946], [0.29951175491175497, 0.266360533910534, 0.1874706238206239, 0.24665708735708736], [0.2455559662559662, 0.2821462148962151, 0.1789040348540349, 0.2933937839937842], [0.29566838439338433, 0.2843012598512598, 0.15558492340992347, 0.26444543234543244], [0.25657698412698415, 0.2651840159840162, 0.18373272838272847, 0.2945062715062716], [0.29568879764026823, 0.22882246087246097, 0.13297281574634517, 0.34251592574092576], [0.2249518786768788, 0.2816594932844933, 0.2092704600954602, 0.28411816794316785], [0.23087394549894572, 0.25440313575313583, 0.21311073648573658, 0.3016121822621821], [0.23606767121767142, 0.26257561327561324, 0.19401345876345888, 0.3073432567432566], [0.23633794538794567, 0.29319500222000233, 0.15632186424686434, 0.3141451881451881], [0.25789394216894235, 0.29571128871128866, 0.15347352092352098, 0.2929212481962482], [0.20194252414252414, 0.30229896769896764, 0.18459259074259074, 0.31116591741591737], [0.23690428460428462, 0.28287676767676784, 0.16256665556665562, 0.3176522921522919], [0.20009084804084812, 0.28486450216450215, 0.20865650460650478, 0.30638814518814506], [0.19560188700188716, 0.34633846153846154, 0.17335635475635483, 0.28470329670329675], [0.2467647680750623, 0.2949169080919081, 0.1904639812801579, 0.26785434255287194], [0.2027282634032635, 0.27558201243201264, 0.182931376956377, 0.3387583472083472], [0.22840141753671175, 0.2847038017538018, 0.20938675295292944, 0.2775080277565574], [0.2257681424784366, 0.27196190198690195, 0.17780671632289272, 0.32446323921176856], [0.20861550671550694, 0.28320250582750595, 0.19781338106338112, 0.31036860639360636], [0.19926759906759917, 0.3074524753024753, 0.1690967032967034, 0.3241832223332224], [0.2733070845820846, 0.27597095682095674, 0.1909137778887779, 0.25980818070818085], [0.2775207191930876, 0.27288513153513155, 0.15763353035853048, 0.2919606189132507], [0.19523226218226225, 0.2630541236541238, 0.18737824675324688, 0.3543353674103674], [0.23710217005217027, 0.27419019314019333, 0.1842852758352759, 0.304422360972361], [0.2236650483503425, 0.2636475912975913, 0.22494236123353767, 0.2877449991185284], [0.20132837995338, 0.27012474192474184, 0.17872030469530475, 0.3498265734265734], [0.28432570762570764, 0.2660895806807572, 0.18527778528660896, 0.26430692640692666], [0.23016729381729395, 0.3185857115107114, 0.16351945554445568, 0.287727539127539], [0.2343512876012876, 0.30944233544233557, 0.17606172716172727, 0.2801446497946499]]}}