{"test": {"ids": ["100110050", "103111930", "109121410", "103110220", "112116850", "112119450", "99110730", "101108290", "110121170", "103113270", "111120280", "104113190", "108120060", "102118380", "110118930", "107114140", "99109860", "99107660", "110114321", "101108080", "110118880", "111119610", "109117630", "99108520", "104117200", "98106111", "98108370", "98119591", "111116411", "112119950", "111116100", "100110260", "113118690", "108116481", "99109840", "107120130", "112118620", "107115250", "112121410", "109113931", "101112540", "110113931", "106116441", "108115500", "102109840", "104118340", "113122320", "113119120", "110115250", "113119300", "112117571", "106118820", "99112531", "103109021", "111119150", "112120700", "113121220", "103120531", "113118620", "99112300", "108113480", "106118520", "98120530", "113121810", "111120190", "109114270", "105119950", "112116610", "112118471", "99121440", "108120280", "99109311", "101111620", "109116750", "107116300", "97110950", "109115070", "105120280", "111115770", "106116120", "112118581", "111121351", "105117431", "108115570", "99119830", "109114651", "99116500", "113120780", "103120780", "107116340", "98108150", "111116990", "105113480", "105118230", "105116860", "101108121", "99107560", "109116441", "108115880", "110120190", "108119330", "104117630", "102110690", "102113210", "106111321", "110119030", "113122190", "112118810", "111121220", "113120531", "113121750", "106114880", "101109370", "107118780", "104114230", "107114780", "107113360", "106120290", "99111000", "105118171", "108115070", "108113760", "99120010", "108117720", "113122120", "111114321", "110116170", "111116110", "97105580", "99108890", "113121010", "110115980", "113120830", "99113260", "108119550", "97112170", "107114490", "105110091", "103111480", "109116810", "105115570", "105121370"], "labels": [3, 3, 0, 2, 0, 3, 3, 0, 2, 2, 0, 3, 1, 1, 1, 2, 2, 3, 1, 0, 0, 2, 0, 2, 3, 0, 1, 1, 0, 0, 3, 3, 3, 0, 2, 2, 3, 2, 0, 1, 2, 1, 0, 3, 2, 2, 1, 3, 1, 1, 3, 3, 3, 0, 3, 2, 3, 3, 3, 0, 0, 2, 1, 2, 3, 3, 3, 1, 1, 2, 3, 1, 3, 0, 0, 3, 0, 3, 3, 1, 1, 0, 1, 3, 1, 3, 2, 0, 1, 3, 0, 0, 0, 1, 2, 0, 1, 3, 3, 3, 0, 0, 0, 3, 0, 0, 1, 3, 3, 0, 0, 0, 1, 1, 2, 2, 0, 2, 2, 3, 1, 1, 2, 1, 1, 1, 0, 3, 1, 0, 2, 1, 3, 0, 1, 0, 3, 0, 0, 3, 0, 2], "predicted_labels": [1, 1, 1, 3, 3, 3, 3, 0, 0, 3, 3, 3, 1, 2, 1, 3, 0, 2, 0, 0, 3, 1, 2, 2, 3, 0, 3, 1, 3, 0, 3, 3, 1, 3, 3, 1, 3, 2, 3, 3, 0, 0, 1, 1, 1, 1, 1, 3, 1, 1, 1, 3, 1, 1, 0, 1, 3, 3, 0, 3, 3, 1, 0, 0, 1, 3, 3, 1, 3, 1, 3, 3, 3, 1, 1, 1, 1, 3, 1, 3, 3, 3, 1, 2, 1, 0, 1, 1, 2, 0, 2, 0, 1, 1, 0, 1, 1, 1, 3, 3, 3, 1, 1, 2, 2, 0, 2, 3, 3, 1, 1, 3, 1, 3, 1, 3, 0, 2, 2, 0, 1, 3, 2, 3, 0, 1, 0, 3, 3, 1, 3, 0, 1, 2, 1, 2, 1, 1, 1, 0, 0, 3], "confidence_scores": [[0.1387971302114273, 0.334261464691712, 0.23409310302517972, 0.2928483020716811], [0.14618449705622633, 0.43428710269027027, 0.22717819841538014, 0.1923502018381232], [0.2550828880183269, 0.37158804308447635, 0.12158704332374458, 0.25174202557345243], [0.1355542027751318, 0.2579389821686885, 0.29211085896770045, 0.3143959560884794], [0.13213090118673948, 0.305019573980139, 0.14438348383380886, 0.4184660409993127], [0.1460217188805204, 0.190288372390987, 0.11954897137594218, 0.5441409373525505], [0.16678982012872925, 0.2830058260104124, 0.1460176182882292, 0.404186735572629], [0.3891724454949875, 0.15755163917234594, 0.23206468804183591, 0.22121122729083065], [0.3730763061088193, 0.2887239103597488, 0.09046986226199707, 0.24772992126943486], [0.12081884051915356, 0.10618334776141126, 0.15279746357871865, 0.6202003481407166], [0.19571859302285394, 0.2917713009230221, 0.09520384566602473, 0.417306260388099], [0.17383198245219583, 0.29964941831393366, 0.19360024985400118, 0.3329183493798694], [0.1723939481375576, 0.3578612115360629, 0.2553554355249628, 0.21438940480141655], [0.25080546446603663, 0.13106689648512018, 0.33032620937187607, 0.28780142967696704], [0.14018618242493364, 0.4396580045168833, 0.1360300595345351, 0.28412575352364794], [0.14609936223693473, 0.30752823865081097, 0.18992490483179694, 0.3564474942804574], [0.2963132114792033, 0.2713983318487217, 0.19835744038934214, 0.2339310162827328], [0.11990381852792426, 0.2759303846410898, 0.4250205744895934, 0.17914522234139257], [0.3011103267135788, 0.261251932659645, 0.24134663933813838, 0.19629110128863778], [0.30717973514137653, 0.30532879595038326, 0.1618548122935668, 0.22563665661467366], [0.16222472234921276, 0.3052983371161175, 0.16864107958081367, 0.3638358609538562], [0.2771691397169282, 0.284857492707295, 0.17017631818617712, 0.2677970493895998], [0.1730247146384951, 0.21544701830298055, 0.4647766667324155, 0.14675160032610884], [0.2788015564770556, 0.23094210539025103, 0.2997054774500483, 0.19055086068264504], [0.17550773999624109, 0.30732692773806014, 0.1728766372194952, 0.3442886950462035], [0.3078750089099146, 0.3038629534451763, 0.23263917905071388, 0.15562285859419528], [0.2739433235390533, 0.18101439668369068, 0.2438779881618563, 0.30116429161539987], [0.1705876621928739, 0.4061236450407881, 0.13988698459146998, 0.28340170817486804], [0.23524010397634956, 0.1911508814390253, 0.13039251643913255, 0.4432164981454927], [0.6922142129606398, 0.15366214917459892, 0.041061732062805376, 0.11306190580195596], [0.20001621931759103, 0.30980810759827343, 0.14212059641854438, 0.34805507666559116], [0.1326545835936991, 0.13262035501460764, 0.15169193863003105, 0.5830331227616621], [0.2406627636977474, 0.3085631030345442, 0.14348990856135796, 0.3072842247063506], [0.13544390932306116, 0.19355080138362127, 0.06836641945814127, 0.6026388698351763], [0.191878744832278, 0.18552191442042534, 0.22699235861771463, 0.3956069821295821], [0.15139921404687398, 0.5155606458751394, 0.10670829276896554, 0.22633184730902114], [0.131006446382853, 0.1345760073896776, 0.04226735889465222, 0.6921501873328171], [0.14863149669465506, 0.32405748757507097, 0.3645324273574891, 0.1627785883727849], [0.2051788794289558, 0.22489864810136792, 0.07113620373773613, 0.4987862687319403], [0.25883672976325156, 0.20228154796854475, 0.07092938553744245, 0.46795233673076136], [0.2648598058948999, 0.25410113451433597, 0.2223959076699595, 0.25864315192080456], [0.41083425097073645, 0.28965246354501356, 0.06912117394821503, 0.23039211153603478], [0.09289519868329571, 0.7147612860167861, 0.051466562198608096, 0.14087695310131018], [0.3508847262025082, 0.36842947480711874, 0.18130449903745305, 0.09938129995292], [0.12980715595496545, 0.41274670598548063, 0.1471831127513617, 0.31026302530819205], [0.08060540296683903, 0.44868641050730473, 0.34486345919708034, 0.12584472732877588], [0.2673174979457443, 0.3196193477192155, 0.18649575726987846, 0.22656739706516185], [0.2238839374114517, 0.11136597135753044, 0.14378042105083946, 0.5209696701801785], [0.19169127408519268, 0.4176759762492127, 0.0889273261457342, 0.30170542351986035], [0.1449013941918283, 0.3859000316350849, 0.09194864166002095, 0.3772499325130659], [0.18502399943206949, 0.36072588755551643, 0.18374055923637203, 0.2705095537760421], [0.16665595390287102, 0.3541182720408895, 0.08064683807460475, 0.39857893598163474], [0.16366457619571506, 0.4258873131707305, 0.24412686280906745, 0.16632124782448704], [0.2589415866753192, 0.367740536948677, 0.11121384370639092, 0.262104032669613], [0.48670782588648104, 0.2070020973351515, 0.11461907910498494, 0.19167099767338266], [0.12984903328709857, 0.36921336786729014, 0.1989381961092135, 0.3019994027363978], [0.1617981812155971, 0.24102880964674495, 0.2283212050562869, 0.3688518040813712], [0.10358621045233014, 0.28999616120425675, 0.1571108020920398, 0.4493068262513733], [0.5841490763257084, 0.13753148301336202, 0.0848642017351612, 0.19345523892576824], [0.14443298990112632, 0.16904075890604806, 0.3021301486852265, 0.38439610250759926], [0.1598340673414221, 0.3368914281857548, 0.13534102705932116, 0.3679334774135019], [0.18768949130298448, 0.3729012423000975, 0.1714528494253778, 0.26795641697154016], [0.4480725639870415, 0.23032509562274492, 0.16364631016841133, 0.15795603022180232], [0.30472714914235804, 0.14642998035523744, 0.2787275977670417, 0.27011527273536273], [0.14642939491986098, 0.3808538022513153, 0.14127473550495234, 0.3314420673238714], [0.14089027482911798, 0.27513902153062103, 0.21492285353750248, 0.36904785010275865], [0.23689176407013188, 0.28613949418403617, 0.0811892147953738, 0.39577952695045815], [0.17213257292018305, 0.482824854103631, 0.12411624026359652, 0.22092633271258932], [0.1571788731782546, 0.18872257294054076, 0.24628081190429932, 0.40781774197690535], [0.13521110607599315, 0.5462564920197664, 0.12002906905916809, 0.19850333284507235], [0.1816854236450721, 0.31896741479498714, 0.11592978892542337, 0.3834173726345173], [0.24562463523366207, 0.27496297070551373, 0.16519299756054373, 0.31421939650028063], [0.17508349422973346, 0.170175407417296, 0.20746245429358814, 0.4472786440593823], [0.11511273104981627, 0.438076726101221, 0.09373436900651004, 0.3530761738424528], [0.21436726430851405, 0.33595952234924026, 0.29816142874091084, 0.15151178460133466], [0.18032330959842924, 0.34502345791659933, 0.1682793951924005, 0.3063738372925711], [0.1896503324914624, 0.4249284416088192, 0.20986371863800218, 0.1755575072617162], [0.14596563680976582, 0.20062570371994445, 0.25000590641327036, 0.4034027530570194], [0.15555625962341058, 0.3200107723981453, 0.25431179259806946, 0.2701211753803748], [0.18400296165571256, 0.18373316355043, 0.28928630271329425, 0.3429775720805631], [0.2305814921169128, 0.22295835585515256, 0.22247650600547642, 0.3239836460224582], [0.22765133548220803, 0.11608165529585654, 0.21120643986135382, 0.4450605693605816], [0.05936262010238381, 0.6760013567709212, 0.046163356024051035, 0.218472667102644], [0.15268921977272165, 0.28189405089705105, 0.33456856921907263, 0.2308481601111546], [0.20085793116447023, 0.556501144173361, 0.08433517311833434, 0.15830575154383442], [0.3370621851817466, 0.25041535415803134, 0.15797352863753608, 0.254548932022686], [0.20140594902940792, 0.3745585619356065, 0.14625073373683437, 0.27778475529815144], [0.12431647609940112, 0.5652773336959569, 0.10673049700982458, 0.2036756931948176], [0.30394770348277406, 0.19732065271923524, 0.3780537302367, 0.1206779135612908], [0.37780272279502514, 0.3211419676843537, 0.09980003799009281, 0.20125527153052855], [0.14348507375606226, 0.33898256960939566, 0.45558886505022284, 0.06194349158431929], [0.42853177932417974, 0.14420666627509987, 0.07980917482007986, 0.3474523795806405], [0.12783426556941305, 0.4428379007677426, 0.09959623773877022, 0.3297315959240741], [0.11789713112498257, 0.40630291009244757, 0.25698591249289726, 0.21881404628967288], [0.30150436597737007, 0.2663731805760841, 0.20035645330354554, 0.23176600014300028], [0.18880208276634972, 0.3788623082599575, 0.13955995129054624, 0.29277565768314656], [0.21070102208610064, 0.4131159143564204, 0.16601745732052672, 0.2101656062369522], [0.24759375762516886, 0.5060702541113485, 0.09280087357686906, 0.15353511468661363], [0.17230944700336753, 0.21573940481133905, 0.07047908041921054, 0.5414720677660829], [0.17698572182770883, 0.2384382300884794, 0.13308035565344742, 0.45149569243036447], [0.18641246890819665, 0.2754568198427653, 0.13584967755767505, 0.4022810336913631], [0.2168659924628747, 0.3784135281767184, 0.1299590480495331, 0.27476143131087377], [0.15688750557517414, 0.5948165183618116, 0.11468486730758976, 0.1336111087554245], [0.14757146711602664, 0.10256640635337412, 0.486223979504094, 0.2636381470265053], [0.20528014873303269, 0.23517031682210857, 0.29060633637970495, 0.2689431980651537], [0.35708486101059506, 0.20797141374548814, 0.08147666061049949, 0.3534670646334173], [0.1594257685959236, 0.19660348627770488, 0.42818619575760536, 0.2157845493687663], [0.3103721942701961, 0.2603823022945181, 0.10366963592787048, 0.32557586750741535], [0.13467386867466777, 0.18834758604120236, 0.11728613524130818, 0.5596924100428217], [0.07785235962786682, 0.5629851246479453, 0.0858590676949528, 0.2733034480292351], [0.2807408420209125, 0.3838788247337943, 0.07899712988081216, 0.2563832033644811], [0.17464262551423346, 0.2508918929353075, 0.2473784932022992, 0.3270869883481597], [0.222111085812663, 0.3767737580218796, 0.1099060765982666, 0.2912090795671909], [0.18157730510492578, 0.2458528208447755, 0.15878435605869662, 0.4137855179916021], [0.10667160205537751, 0.6503905816602159, 0.12040669881692567, 0.12253111746748087], [0.27427913683330235, 0.2703862939538278, 0.14060234181403336, 0.3147322273988366], [0.7239062801886669, 0.15690809330618208, 0.060212035420825406, 0.05897359108432578], [0.08155372978540118, 0.19039511120419794, 0.6343056383670305, 0.09374552064337044], [0.14608552635805228, 0.2701354362685627, 0.32145921046322795, 0.26231982691015715], [0.5084631038630576, 0.23637427413811749, 0.061798721600737204, 0.1933639003980876], [0.29176342891358714, 0.35445898868588777, 0.1268046829245436, 0.22697289947598168], [0.17754612929301314, 0.2769403203115381, 0.24309165329829813, 0.3024218970971507], [0.17937483717345354, 0.3008562823029195, 0.3154135247054464, 0.2043553558181808], [0.1623395330682038, 0.1506960292605436, 0.2864211122862958, 0.40054332538495674], [0.29983310401629026, 0.21845942297157092, 0.26569417488880126, 0.21601329812333758], [0.18346500964815357, 0.3902656471205719, 0.14901720877602984, 0.27725213445524477], [0.44295467090260443, 0.16641031437751524, 0.05804561413611983, 0.33258940058376046], [0.11696240978783345, 0.16027978701885306, 0.1120900469352061, 0.6106677562581073], [0.17161142298890453, 0.2436685334710752, 0.1572396263590214, 0.4274804171809989], [0.1295196640803955, 0.4532081606495917, 0.09650665245939871, 0.3207655228106142], [0.17311749026250303, 0.3123697028765537, 0.07989596845518529, 0.43461683840575804], [0.3650067687816482, 0.2082156339483115, 0.24170768090030104, 0.1850699163697395], [0.16586139786698093, 0.4970443044856398, 0.08453337054076414, 0.2525609271066154], [0.2563953035207843, 0.18338421117724713, 0.4026409487100084, 0.15757953659196017], [0.19265962694381683, 0.3675353884727318, 0.20434011422892767, 0.235464870354524], [0.1870175573634825, 0.23044596958912153, 0.3706578335911165, 0.21187863945627952], [0.16229731086482943, 0.4610397353498329, 0.14098382335282622, 0.2356791304325113], [0.18974405192072008, 0.4628794950848162, 0.15901931999629484, 0.18835713299816903], [0.32603822829002466, 0.35291520904602103, 0.15049870378656388, 0.17054785887739038], [0.405415893019363, 0.21663877171261886, 0.09139588397714635, 0.2865494512908716], [0.7801631372257751, 0.09371425949164759, 0.05656913410614567, 0.06955346917643143], [0.13113237400705777, 0.291650193653244, 0.1191949704648213, 0.4580224618748768]]}, "rewritten": {"ids": ["97105580", "97110950", "97112170", "98106111", "98108150", "98108370", "98119591", "98120530", "99107560", "99107660", "99108520", "99108890", "99109311", "99109840", "99109860", "99110730", "99111000", "99112300", "99112531", "99113260", "99116500", "99119830", "99120010", "99121440", "100110050", "100110260", "101108080", "101108121", "101108290", "101109370", "101111620", "101112540", "102109840", "102110690", "102113210", "102118380", "103109021", "103110220", "103111480", "103111930", "103113270", "103120531", "103120780", "104113190", "104114230", "104117200", "104117630", "104118340", "105110091", "105113480", "105115570", "105116860", "105117431", "105118171", "105118230", "105119950", "105120280", "105121370", "106111321", "106114880", "106116120", "106116441", "106118520", "106118820", "106120290", "107113360", "107114140", "107114490", "107114780", "107115250", "107116300", "107116340", "107118780", "107120130", "108113480", "108113760", "108115070", "108115500", "108115570", "108115880", "108116481", "108117720", "108119330", "108119550", "108120060", "108120280", "109113931", "109114270", "109114651", "109115070", "109116441", "109116750", "109116810", "109117630", "109121410", "110113931", "110114321", "110115250", "110115980", "110116170", "110118880", "110118930", "110119030", "110120190", "110121170", "111114321", "111115770", "111116100", "111116110", "111116411", "111116990", "111119150", "111119610", "111120190", "111120280", "111121220", "111121351", "112116610", "112116850", "112117571", "112118471", "112118581", "112118620", "112118810", "112119450", "112119950", "112120700", "112121410", "113118620", "113118690", "113119120", "113119300", "113120531", "113120780", "113120830", "113121010", "113121220", "113121750", "113121810", "113122120", "113122190", "113122320"], "labels": [1, 3, 0, 0, 0, 1, 1, 1, 1, 3, 2, 0, 1, 2, 2, 3, 2, 0, 3, 0, 2, 1, 2, 2, 3, 3, 0, 0, 0, 1, 3, 2, 2, 0, 3, 1, 0, 2, 0, 3, 2, 3, 1, 3, 2, 3, 0, 2, 0, 0, 0, 2, 1, 3, 1, 3, 3, 2, 0, 0, 1, 0, 2, 3, 2, 0, 2, 3, 2, 2, 0, 3, 1, 2, 0, 1, 1, 3, 3, 3, 0, 1, 0, 1, 1, 3, 1, 3, 3, 0, 3, 0, 3, 0, 0, 1, 1, 1, 1, 0, 0, 1, 0, 3, 2, 1, 3, 3, 3, 0, 0, 3, 2, 3, 0, 3, 0, 1, 0, 3, 1, 1, 3, 3, 3, 0, 2, 0, 3, 3, 3, 1, 0, 0, 3, 2, 3, 0, 2, 1, 1, 1], "predicted_labels": [0, 3, 1, 1, 1, 0, 1, 0, 1, 1, 2, 1, 3, 3, 1, 3, 3, 1, 1, 1, 1, 1, 1, 1, 1, 3, 1, 1, 0, 1, 3, 1, 3, 1, 1, 2, 3, 1, 2, 1, 3, 3, 0, 1, 1, 1, 1, 1, 1, 3, 1, 1, 3, 0, 1, 1, 3, 1, 1, 1, 3, 1, 2, 1, 3, 0, 3, 1, 3, 3, 3, 3, 0, 1, 1, 3, 1, 1, 3, 3, 3, 3, 1, 1, 2, 3, 3, 1, 0, 1, 1, 1, 3, 2, 1, 0, 1, 1, 1, 0, 1, 1, 3, 3, 3, 1, 3, 3, 3, 0, 0, 3, 1, 1, 0, 3, 3, 1, 3, 1, 2, 2, 3, 3, 1, 0, 1, 3, 0, 3, 3, 0, 1, 1, 1, 1, 3, 0, 1, 1, 2, 1], "confidence_scores": [[0.3305742486844481, 0.24188583717661863, 0.129114645770502, 0.2984252683684313], [0.15162974145904184, 0.2383782669776116, 0.14274126136450813, 0.4672507301988384], [0.15784221924593125, 0.3782243063496352, 0.2922777720556403, 0.1716557023487931], [0.2007901383232453, 0.4166506527082327, 0.2267880390105376, 0.15577116995798432], [0.1714964987977644, 0.4447715748780376, 0.2270439818978162, 0.1566879444263818], [0.42097812715463506, 0.27861735501379215, 0.1498198775017234, 0.15058464032984953], [0.1923159128823207, 0.389269230604965, 0.23630656655487106, 0.18210828995784323], [0.4213856196652659, 0.2977275281063899, 0.07324973460521983, 0.20763711762312428], [0.21571352245757877, 0.3976976290851279, 0.19342185843799153, 0.19316699001930188], [0.29998128690059744, 0.4248318763740934, 0.12141381921355414, 0.15377301751175507], [0.12735865974319377, 0.15019229360584643, 0.5990697227477247, 0.12337932390323504], [0.1430668117517066, 0.44069152734704875, 0.1373830929661619, 0.27885856793508285], [0.2044478691693134, 0.2189336800551314, 0.2779559066469592, 0.29866254412859605], [0.17968152504264598, 0.18003764460623095, 0.2169477187042815, 0.4233331116468416], [0.3108787069308215, 0.3474083575612563, 0.16120648371169685, 0.18050645179622524], [0.15103954633617314, 0.3145388418068346, 0.10538305569754157, 0.4290385561594505], [0.16291328839040456, 0.2226552725395405, 0.19834180379915511, 0.4160896352708998], [0.2549653407859842, 0.315428579197598, 0.21955759545130682, 0.2100484845651111], [0.22555734154952817, 0.3933739293281098, 0.11664694532164008, 0.264421783800722], [0.29027001366943306, 0.5200156289402085, 0.08324075865157467, 0.10647359873878377], [0.17006080174613353, 0.4737216144505081, 0.14520993267701315, 0.21100765112634523], [0.18075403114464733, 0.6252586500846623, 0.08194254941441544, 0.11204476935627483], [0.1942386586863155, 0.3978373733046429, 0.21181181658731507, 0.19611215142172655], [0.10454053219981214, 0.5518098870082397, 0.15885034012348817, 0.18479924066845996], [0.13613716860154088, 0.3482689183045002, 0.23116327731268335, 0.2844306357812756], [0.1902639812391559, 0.3233989955464899, 0.09048794155187216, 0.3958490816624821], [0.20045565480381317, 0.3651149506800183, 0.16274608288853118, 0.27168331162763737], [0.10237113234948944, 0.5396584973688727, 0.07780218991809164, 0.28016818036354635], [0.3190864017440072, 0.2549965524573773, 0.1577447641077686, 0.2681722816908467], [0.23177782488208926, 0.3187748154831859, 0.14254853342475884, 0.3068988262099658], [0.24025514402285086, 0.26396075301802235, 0.13946764286454402, 0.3563164600945829], [0.19396432661669433, 0.41364543627505895, 0.11675003943088275, 0.2756401976773641], [0.044176137809932556, 0.33192546406124385, 0.12490388134819602, 0.4989945167806277], [0.2408012349438417, 0.4597976078553272, 0.12024902662934682, 0.17915213057148438], [0.22252631727144961, 0.2944014674820003, 0.19704964409830902, 0.28602257114824103], [0.2426221489233199, 0.22089305123957031, 0.27113648338070834, 0.26534831645640133], [0.2359943278452122, 0.20433762333305192, 0.08371959444969523, 0.47594845437204064], [0.12484916407781611, 0.3872779990636685, 0.29950790187072784, 0.18836493498778753], [0.24990763978532549, 0.2741167823676948, 0.3097373571077909, 0.16623822073918898], [0.1739675308477837, 0.5906175049961684, 0.08443529185189226, 0.15097967230415565], [0.14739282213451393, 0.19968404929843608, 0.13980378300207003, 0.51311934556498], [0.177304154306731, 0.21850529776069239, 0.11369388900890492, 0.4904966589236718], [0.511199257617249, 0.20282711876997073, 0.07460981509970845, 0.21136380851307196], [0.2082891376369458, 0.32269798753302015, 0.19391831566290707, 0.275094559167127], [0.11820856685015887, 0.46651267780541866, 0.18807549903143725, 0.22720325631298513], [0.17046222933834235, 0.4190347313684388, 0.127043610003175, 0.283459429290044], [0.243574063316989, 0.35143450432072176, 0.21239232659587007, 0.19259910576641925], [0.09445334221925548, 0.4932631068535109, 0.2077361364805327, 0.20454741444670108], [0.11677007008060504, 0.3687094008671033, 0.3295453476907907, 0.18497518136150107], [0.15376635035852976, 0.24962184218940345, 0.10752881273773522, 0.48908299471433175], [0.23854138740652603, 0.397966646596954, 0.231545008471164, 0.13194695752535593], [0.27151400031605943, 0.31771276154627365, 0.2145553457158171, 0.19621789242184973], [0.06612180875647106, 0.43613244295917364, 0.046556649439350395, 0.45118909884500497], [0.4530417785107521, 0.22250437821924118, 0.07292621309126995, 0.2515276301787369], [0.17989483292648445, 0.3754141715092504, 0.24672387267348805, 0.19796712289077703], [0.3067324849680101, 0.3694970926247119, 0.072124159971495, 0.2516462624357832], [0.08100189230441043, 0.2720040915128893, 0.06770900467469099, 0.5792850115080093], [0.11201328276384222, 0.39889830127593195, 0.10538911907227133, 0.38369929688795434], [0.188952019684328, 0.3833543634237358, 0.15937739116812005, 0.2683162257238162], [0.20682946630267793, 0.2825656204289306, 0.24228238440887506, 0.2683225288595166], [0.16883726289099152, 0.3018874268800968, 0.1763982154554323, 0.3528770947734794], [0.10881086149572226, 0.5776254916869905, 0.10295283507215604, 0.2106108117451312], [0.2751019639458475, 0.1775856270910644, 0.36490570705332326, 0.18240670190976502], [0.12254174973344875, 0.4428553050733262, 0.06678963769314199, 0.36781330750008306], [0.12841256541414914, 0.2850522001126307, 0.2789527902528789, 0.30758244422034126], [0.6747737267041009, 0.1733697740481435, 0.050347434120356235, 0.10150906512739935], [0.13104065772200618, 0.2565712529882003, 0.19003010307104276, 0.4223579862187507], [0.09301512520678538, 0.3759346572761921, 0.17207573536123932, 0.35897448215578326], [0.2572829226837103, 0.22733753536128923, 0.10107205041934737, 0.41430749153565305], [0.2211542088658013, 0.24330695189305274, 0.11599881396237419, 0.4195400252787719], [0.2957458223613358, 0.22211112648210452, 0.1802697859521651, 0.30187326520439467], [0.259398239484038, 0.21142444270497407, 0.12241690652816672, 0.406760411282821], [0.41916978351157785, 0.24303962943012297, 0.11453822866599211, 0.22325235839230706], [0.19681296976320828, 0.5042237325886925, 0.10850322447268401, 0.19046007317541536], [0.2367976042690013, 0.33208385235375487, 0.1505707060542015, 0.2805478373230422], [0.12289456323663103, 0.33545170895217835, 0.19492379196101273, 0.3467299358501779], [0.21527853349698112, 0.5210482584352107, 0.06914884317952055, 0.19452436488828764], [0.27543575848034507, 0.428435361686091, 0.15040364627559769, 0.14572523355796635], [0.22261413598490296, 0.29663493672533375, 0.14925478565998057, 0.33149614162978275], [0.15640544684517974, 0.25762032664941653, 0.1022273250373719, 0.48374690146803184], [0.13661796875566187, 0.09847298868575996, 0.04550696089344636, 0.7194020816651319], [0.16329877325942457, 0.2499009651421374, 0.10234831161418927, 0.48445194998424895], [0.19281426388167872, 0.45418180900402993, 0.10545864496861741, 0.24754528214567387], [0.19492849043327928, 0.38336987710473464, 0.20087527864762617, 0.22082635381436], [0.15925620149877992, 0.26422658597209847, 0.38187873396721905, 0.1946384785619026], [0.16453156659943913, 0.11297689400136238, 0.10223969717179623, 0.6202518422274022], [0.2017935212262067, 0.2648584913313552, 0.1132650530952808, 0.42008293434715716], [0.14958371681079533, 0.38616228412054493, 0.2041280358868759, 0.26012596318178405], [0.33396818529596095, 0.287576586307791, 0.14695497916482952, 0.2315002492314184], [0.2944992585469678, 0.44587879896736055, 0.07679406750234553, 0.18282787498332614], [0.280482879338645, 0.4873645891690256, 0.06847992398357226, 0.16367260750875728], [0.2029234403950435, 0.48779252863087774, 0.11859643683861099, 0.19068759413546793], [0.23524278821879957, 0.24552167487618812, 0.04390190591175841, 0.4753336309932539], [0.14941971817655444, 0.2981543190614221, 0.4228119564004216, 0.12961400636160195], [0.2986862440467401, 0.3731424185219372, 0.16957482332916649, 0.15859651410215642], [0.47816698502387794, 0.19057208708781248, 0.04434807359597198, 0.28691285429233765], [0.15152633545891486, 0.31545058547516946, 0.2937405005409547, 0.23928257852496124], [0.16687662088948682, 0.5050693170382994, 0.08648762561700381, 0.24156643645521003], [0.17950817864160462, 0.46097707073936856, 0.13956408034459467, 0.21995067027443213], [0.38609362308142536, 0.3461944393533713, 0.06368231593554484, 0.2040296216296586], [0.22716961356576112, 0.3659224567176359, 0.16032923868338161, 0.24657869103322133], [0.16438244303973543, 0.4745000864016999, 0.13121275317581463, 0.22990471738274998], [0.2330154407412637, 0.27779198906466185, 0.17020079143898165, 0.31899177875509277], [0.17633521976166733, 0.37439617253222024, 0.06675112844751346, 0.38251747925859914], [0.16209443170712995, 0.2338537170899109, 0.11827177313684022, 0.4857800780661189], [0.1440844504589157, 0.4538892729011886, 0.16251802539620433, 0.2395082512436913], [0.20229017760273807, 0.19885939805003489, 0.2359089395037913, 0.3629414848434358], [0.2360776458567728, 0.22853694210811784, 0.10779203809333943, 0.42759337394176994], [0.1889275055680172, 0.24384879437116674, 0.09012357351087175, 0.47710012654994427], [0.31641045894643516, 0.28093992347195207, 0.10531303262978339, 0.29733658495182935], [0.4649496235792467, 0.11484933867544381, 0.07022961404685212, 0.34997142369845735], [0.25699069012229925, 0.23461177292881719, 0.0733884963623857, 0.43500904058649775], [0.25217318380630455, 0.32919871340132184, 0.11222662214848479, 0.30640148064388883], [0.13217660062521694, 0.4397957029258026, 0.12619015814162673, 0.30183753830735377], [0.3642809770369847, 0.3171261156444679, 0.06692764711987442, 0.25166526019867297], [0.14756961130378787, 0.20842614995569358, 0.14799329126100014, 0.4960109474795184], [0.2338266235554638, 0.17209160298821327, 0.197665957127854, 0.39641581632846895], [0.1729037248897076, 0.45744818189517045, 0.08124887363197536, 0.2883992195831468], [0.1186697211184605, 0.3362046755875111, 0.20793837082875888, 0.33718723246526944], [0.2881469211267788, 0.2966133261936271, 0.12121479278392969, 0.29402495989566446], [0.18258001670128407, 0.2976232749163905, 0.36124217758904337, 0.15855453079328202], [0.1912156831316435, 0.24258421981127068, 0.29256463552979495, 0.2736354615272911], [0.18745120738041987, 0.32331015000290775, 0.11524289607598369, 0.37399574654068873], [0.2919487229015619, 0.2435880280237055, 0.0941841248623152, 0.3702791242124175], [0.14473849768246777, 0.4195648288315113, 0.1017570086544108, 0.33393966483161014], [0.8225372792771861, 0.07776192370853777, 0.028508746330658082, 0.07119205068361813], [0.1444856211680995, 0.31846508679421986, 0.3044994951118224, 0.23254979692585837], [0.17523606814224715, 0.3543065514386263, 0.06591554089229638, 0.40454183952683015], [0.5040937886298813, 0.20993940866769414, 0.10273882559032138, 0.18322797711210323], [0.15572591453465282, 0.3558854681867643, 0.11670145242475545, 0.37168716485382763], [0.15501698941730443, 0.1606278580673654, 0.13764465075047283, 0.5467105017648574], [0.32894906442156574, 0.27942473326557077, 0.1500724139957177, 0.2415537883171458], [0.1588191527162443, 0.6302398934804089, 0.06280691512031687, 0.14813403868303007], [0.17868165173092923, 0.6061422954693597, 0.07720039867044518, 0.1379756541292661], [0.14368505710149293, 0.5968633840885041, 0.09716932777916318, 0.16228223103083986], [0.1474779189128498, 0.4475932055571377, 0.12113181571290832, 0.2837970598171042], [0.25233781631411184, 0.23027086489614607, 0.11034254304921093, 0.40704877574053117], [0.40129127960323185, 0.3418092160602989, 0.061780278989690775, 0.19511922534677859], [0.11457072718965543, 0.49954893285811247, 0.20052390699133535, 0.18535643296089688], [0.1544822641685131, 0.35829219593325456, 0.23125860872973086, 0.2559669311685016], [0.17805950189333886, 0.30964594434722137, 0.328456870468527, 0.18383768329091293], [0.22125125902797993, 0.32561295859850725, 0.19730233798033617, 0.2558334443931768]]}}