{"test": {"ids": ["102121700", "113122510", "101108580", "106120290", "113122170", "105115250", "111120540", "108118810", "110115250", "106120640", "112117790", "107114140", "101110740", "111114321", "104114230", "106119580", "103111480", "101108370", "108113620", "98110680", "112118530", "103117461", "111116290", "113121810", "112121030", "103113210", "111119300", "106114321", "112119500", "112117571", "111116170", "112118890", "104113190", "97114170", "99108520", "110121500", "100113210", "105116980", "104119340", "99109910", "103118291", "113121410", "110116300", "101108621", "99111340", "97107681", "102113350", "105118740", "111121410", "100120010", "111120591", "109114220", "102110890", "104114240", "100109330", "102110850", "110119300", "104116980", "101108950", "99107500", "97105580", "101108080", "113117550", "110113931", "113122160", "113119950", "98112580", "105112100", "108113760", "104112201", "98106560", "105120621", "109120560", "112117431", "104113000", "109120621", "99110730", "111121930", "98111860", "110117500", "113120070", "97108520", "100115700", "107113170", "108121410", "98119591", "112119950", "102109010", "111114121", "103109021", "107118520", "107115250", "110120190", "105116090", "103120290", "105110251", "113119450", "109120540", "107118820", "110121450", "110120540", "113118620", "106113360", "105110091", "108120700", "113121750", "108120280", "110118930", "112116610", "107119390", "108115570", "113118810", "101114020", "107114780", "110120700", "112120270", "105115570", "113119360", "113122650", "102110690", "105113620", "100111390", "100109311", "109119010", "111116750", "99108080", "98109570", "112117471", "113119320", "108114200", "99109311", "104113550", "110115980", "107120010", "98107010", "107114490", "105112130", "101109120", "102111990", "99108310", "111119950", "105119950"], "labels": [1, 2, 0, 2, 1, 2, 1, 1, 1, 3, 3, 2, 3, 1, 2, 3, 0, 1, 3, 2, 1, 0, 2, 2, 0, 3, 1, 2, 2, 3, 0, 3, 3, 2, 2, 3, 0, 0, 1, 2, 0, 0, 3, 0, 1, 3, 3, 1, 0, 0, 1, 3, 0, 0, 0, 3, 1, 1, 2, 0, 1, 0, 3, 1, 3, 0, 2, 1, 1, 0, 1, 1, 1, 0, 1, 1, 3, 1, 0, 1, 2, 2, 1, 0, 0, 1, 0, 1, 0, 0, 2, 2, 3, 1, 2, 0, 3, 1, 3, 3, 1, 3, 0, 0, 2, 0, 3, 1, 1, 2, 3, 3, 3, 2, 2, 0, 0, 0, 2, 0, 0, 2, 1, 3, 3, 3, 1, 3, 1, 0, 1, 1, 1, 1, 3, 3, 1, 1, 2, 2, 0, 3], "predicted_labels": [0, 0, 0, 0, 1, 3, 0, 0, 3, 3, 3, 2, 1, 1, 1, 3, 0, 2, 1, 2, 0, 3, 0, 1, 3, 0, 1, 1, 1, 1, 0, 1, 1, 2, 1, 0, 2, 3, 3, 2, 3, 0, 1, 3, 2, 3, 2, 3, 1, 2, 3, 1, 3, 3, 3, 2, 0, 1, 3, 0, 3, 3, 1, 3, 1, 3, 2, 1, 1, 2, 1, 3, 3, 3, 3, 3, 1, 0, 1, 0, 2, 3, 2, 1, 1, 0, 3, 3, 1, 0, 1, 1, 3, 3, 3, 0, 0, 0, 3, 1, 1, 1, 0, 0, 1, 3, 3, 0, 0, 3, 0, 1, 3, 1, 3, 3, 2, 1, 1, 0, 3, 3, 3, 3, 0, 0, 3, 1, 3, 0, 3, 0, 0, 1, 3, 1, 1, 3, 2, 1, 3, 0], "confidence_scores": [[0.39728929213349057, 0.3381566008421925, 0.12343933767893502, 0.141114769345382], [0.42237413135039514, 0.2645574617844541, 0.14448342889173546, 0.16858497797341532], [0.3941259220939682, 0.13766689682187186, 0.18052208276783221, 0.2876850983163277], [0.32517020108491135, 0.268529846857833, 0.14576474235498782, 0.26053520970226796], [0.06098188847119572, 0.694155398225052, 0.12635610589509833, 0.11850660740865375], [0.3074913548517596, 0.23344534683264245, 0.13561531015088946, 0.32344798816470866], [0.4417096223950387, 0.18285209064710256, 0.21668640567277853, 0.15875188128508028], [0.3366898288913647, 0.16931926285210716, 0.2936391914036236, 0.2003517168529045], [0.21170619135813495, 0.16755490575928658, 0.10048161939364236, 0.5202572834889361], [0.21121624223072388, 0.21915548862727477, 0.10524985209081575, 0.46437841705118565], [0.19080324993785425, 0.3278935471844545, 0.0959230409057323, 0.385380161971959], [0.10861959001545787, 0.2529921229711706, 0.46985178419097584, 0.168536502822396], [0.2491790443649832, 0.30160761109225825, 0.2639158566302062, 0.18529748791255246], [0.16198571118801705, 0.5948005499168955, 0.08410954868398936, 0.1591041902110982], [0.217134412914581, 0.2961192939810713, 0.230013346056926, 0.2567329470474216], [0.28838148095904903, 0.158358295417543, 0.13206366600010452, 0.42119655762330344], [0.406632879289997, 0.23115684987089763, 0.1818954252900658, 0.1803148455490397], [0.26506007526690195, 0.21937722048743163, 0.39422104280277265, 0.12134166144289381], [0.12260980272672184, 0.4191192406616437, 0.18312304880278982, 0.27514790780884474], [0.2186965336788179, 0.22160200274186462, 0.3170072641695021, 0.2426941994098155], [0.32887984555284466, 0.31671013839012235, 0.11726307606372466, 0.23714693999330844], [0.16633845332821623, 0.20266476805255892, 0.18328529267668306, 0.44771148594254184], [0.34285908214600413, 0.18063821502184893, 0.21768391933411252, 0.2588187834980345], [0.1861331543398646, 0.31778871184180935, 0.19622293928948198, 0.29985519452884424], [0.36324047522399716, 0.1130408097899791, 0.14947138266746282, 0.3742473323185611], [0.34573068149835096, 0.28245195535659745, 0.17916063174416114, 0.19265673140089046], [0.32684202320825584, 0.37653144192064597, 0.07639833786413916, 0.22022819700695895], [0.12050084998929071, 0.5228158566898973, 0.1397145999864561, 0.21696869333435592], [0.23375535914512965, 0.49664961094142696, 0.10102889269617144, 0.1685661372172719], [0.3252348636856334, 0.42207104380509186, 0.08479418042822806, 0.1678999120810468], [0.5268572820986618, 0.22353179515603985, 0.07576104242516186, 0.17384988032013646], [0.2592692945302866, 0.36962067227125683, 0.12460498193095926, 0.24650505126749744], [0.10723340430343946, 0.564827129607971, 0.09389849690684358, 0.23404096918174608], [0.09917398642617396, 0.22223697289283614, 0.403903365163538, 0.274685675517452], [0.21690069522486494, 0.45529448370927367, 0.17012286797210566, 0.15768195309375563], [0.3466834537778046, 0.3255855897321552, 0.10361482952718666, 0.22411612696285363], [0.21890809225049435, 0.07343336892754249, 0.4514120389952955, 0.25624649982666775], [0.27803050694502435, 0.24048214479188615, 0.124334458519949, 0.35715288974314063], [0.22592737164527785, 0.22300279011251978, 0.11556176276588796, 0.43550807547631454], [0.16183533836759428, 0.12517220641565277, 0.5172897861536373, 0.19570266906311565], [0.1233345240310163, 0.15576560301294118, 0.10591827925055386, 0.6149815937054885], [0.4071967323275393, 0.14192279255169826, 0.06646095549309654, 0.38441951962766596], [0.15319299447727658, 0.46554294894440756, 0.12168939516279988, 0.2595746614155159], [0.15998756949736714, 0.18852727064055716, 0.2327941648780142, 0.4186909949840615], [0.12869270632187454, 0.15318319197252894, 0.5618028503321596, 0.1563212513734368], [0.16385155081871766, 0.23995561519403782, 0.2797810420750705, 0.3164117919121743], [0.16672902495397282, 0.07018287864072276, 0.6517228592415228, 0.11136523716378154], [0.15186604968872938, 0.15575566176865147, 0.06338405216596861, 0.6289942363766505], [0.20574105497559236, 0.3765820248709459, 0.14367850702027624, 0.27399841313318557], [0.23676777576643845, 0.21262747617830602, 0.2788882568036177, 0.2717164912516378], [0.2850742430513629, 0.1556314862476926, 0.21965566643202586, 0.33963860426891856], [0.19260842007839168, 0.3675473429941151, 0.0879964307367902, 0.3518478061907031], [0.18129435492814172, 0.16845510632691052, 0.2852405259960628, 0.365010012748885], [0.22318961167892126, 0.30090307761032864, 0.06577751001776394, 0.4101298006929862], [0.2787999793238643, 0.14198952028858441, 0.277913463813423, 0.30129703657412843], [0.1184113101909847, 0.23414325379774828, 0.4208290683504471, 0.2266163676608199], [0.3351737913939615, 0.16122702914778506, 0.1765611393572563, 0.3270380401009973], [0.08632048341877566, 0.68063325161582, 0.10312836428807286, 0.12991790067733158], [0.10875244588250912, 0.26893077303433804, 0.17553594650079718, 0.44678083458235557], [0.44764278207362346, 0.19786521044350633, 0.15378139541799213, 0.20071061206487817], [0.33535522930238665, 0.2146892847785708, 0.10966237391252141, 0.3402931120065212], [0.15805233516567269, 0.14168070653392803, 0.06423307103334491, 0.6360338872670542], [0.23465490201692893, 0.38899185195447644, 0.0906953729620269, 0.2856578730665678], [0.17267447505072187, 0.19519132053521027, 0.05430049828786583, 0.5778337061262021], [0.21291630394769592, 0.49584013918558945, 0.10387203835026138, 0.1873715185164533], [0.28627497526015366, 0.08894871409719905, 0.3116557967663064, 0.3131205138763409], [0.05249706596080147, 0.33050528900590875, 0.38426901012208686, 0.2327286349112029], [0.2107480453624249, 0.31887991622275264, 0.1895235376827614, 0.28084850073206136], [0.04607477103861748, 0.47285044760690303, 0.1231160797919611, 0.3579587015625186], [0.27253262496277825, 0.10800782860824001, 0.35262955737336515, 0.2668299890556167], [0.2952290996443416, 0.35397936896121257, 0.13583632011041608, 0.2149552112840298], [0.10109085605592114, 0.1551389959854895, 0.050976484427955174, 0.6927936635306341], [0.1010253503881748, 0.20904924924821308, 0.07707040301357294, 0.6128549973500392], [0.3013624680313668, 0.27705387019844724, 0.052251736596010054, 0.36933192517417596], [0.1640249006817601, 0.23358954753585232, 0.23252857298514545, 0.36985697879724216], [0.24219774770110308, 0.2721332894622443, 0.12005853708381123, 0.3656104257528416], [0.11582316965248617, 0.5564749051071441, 0.09659053030653256, 0.23111139493383726], [0.43548110515341765, 0.1863271084692275, 0.08393185479742098, 0.2942599315799339], [0.16920284332745142, 0.3457837470413124, 0.19829310890206284, 0.2867203007291733], [0.44823596586231146, 0.10960305381940653, 0.09370175549123336, 0.3484592248270488], [0.26343534127921286, 0.25260607191326173, 0.3630040031172009, 0.12095458369032475], [0.11632752770122963, 0.29071017232229446, 0.11495065961432421, 0.4780116403621516], [0.15905647501690132, 0.19831326092642035, 0.5330735403949332, 0.10955672366174514], [0.22993930198094514, 0.3072448007728711, 0.2082277793054103, 0.25458811794077363], [0.3249137036894355, 0.34669109565726935, 0.1443159857432318, 0.18407921491006343], [0.3874425943280777, 0.15768578737207828, 0.19007536350094653, 0.2647962547988975], [0.12501082994530738, 0.03882452339855289, 0.08396696811842179, 0.7521976785377179], [0.2260990194201695, 0.2568571153530479, 0.2236504658241629, 0.29339339940261966], [0.04310412831785989, 0.501977320893684, 0.02930822739837603, 0.4256103233900802], [0.45116550835665825, 0.19793586456784562, 0.12032262093036684, 0.2305760061451294], [0.12962710030872002, 0.5568577023696362, 0.13380229891615872, 0.17971289840548527], [0.2823707376456067, 0.3491638098321628, 0.18906436696399773, 0.17940108555823273], [0.2727632381900707, 0.22351813963368286, 0.08812738534529342, 0.4155912368309533], [0.3548082375611443, 0.20719013506075498, 0.07987842251191153, 0.35812320486618926], [0.2992621770858941, 0.22978686347241992, 0.14178824137017676, 0.32916271807150915], [0.7574598440720024, 0.07340822386465538, 0.0515037954750036, 0.11762813658833865], [0.39202017109358966, 0.2458519478329292, 0.13440513569653587, 0.22772274537694534], [0.32227773485549954, 0.2978320770801095, 0.2189566737403685, 0.16093351432402234], [0.17892894844528878, 0.309633569715664, 0.07918927427348403, 0.4322482075655631], [0.2258924509763231, 0.37043105615015204, 0.1333578071772178, 0.270318685696307], [0.1455547342786987, 0.3101643702875189, 0.2678165740151343, 0.27646432141864796], [0.25569202592650475, 0.4023166049967354, 0.08644532302492068, 0.25554604605183934], [0.2986276935477928, 0.2709701650255412, 0.1350757334548958, 0.29532640797177007], [0.4184956017714013, 0.22517628782764088, 0.15413780677376424, 0.20219030362719362], [0.18798563073593091, 0.5937557963195943, 0.09143796364813742, 0.1268206092963374], [0.25710254645984587, 0.14703312163060603, 0.05315127950867498, 0.5427130524008733], [0.12763726226106314, 0.10168868578228567, 0.19498500970005142, 0.5756890422565998], [0.6957358394618207, 0.15141790980360223, 0.05093421183208156, 0.10191203890249567], [0.37201168910703253, 0.22901156998219574, 0.11490036754644713, 0.28407637336432456], [0.14118519656691156, 0.23718753361245187, 0.1959661630277505, 0.4256611067928861], [0.4544078988534025, 0.27927661559109224, 0.11362183292372567, 0.1526936526317796], [0.19858342817711785, 0.3921131911230626, 0.14889114841698484, 0.2604122322828348], [0.17540759632996347, 0.15244556226172068, 0.2786434838055307, 0.39350335760278515], [0.2322249815878428, 0.3972456093973762, 0.20085944625123667, 0.16966996276354432], [0.22880740215306633, 0.2369319167350004, 0.14840128651592763, 0.38585939459600577], [0.09125665677349669, 0.16392899215289686, 0.12117460577908193, 0.6236397452945246], [0.12390426209267859, 0.10715238002566427, 0.507904402856575, 0.2610389550250821], [0.24633470477397063, 0.35018337602140226, 0.06029647570950222, 0.3431854434951248], [0.1644441854322921, 0.31031113427705176, 0.225062476781509, 0.30018220350914726], [0.36060935742286176, 0.2674313789111629, 0.09938520843314357, 0.2725740552328317], [0.3073802922142818, 0.2590515418318379, 0.08455857132394218, 0.34900959462993814], [0.2601442267850036, 0.1919895290875415, 0.12406406047373489, 0.4238021836537201], [0.12144366713508166, 0.25649934490432297, 0.13935274007379408, 0.48270424788680133], [0.24263393208209363, 0.17367906467495955, 0.08306387451100991, 0.5006231287319369], [0.667592746565699, 0.08015903840652754, 0.12314107893538688, 0.12910713609238667], [0.6313437329340372, 0.13744097492478613, 0.09651029396312348, 0.13470499817805315], [0.33054536228632775, 0.20591303267941466, 0.11052081667700928, 0.3530207883572482], [0.10300039693406356, 0.6248312647359139, 0.06839435280032598, 0.20377398552969675], [0.11752675897034993, 0.24845848831848732, 0.07887524896987648, 0.5551395037412864], [0.37989784213344574, 0.2681538725847253, 0.15505200932024618, 0.19689627596158282], [0.19685337173202674, 0.17955875703117075, 0.2039350731005964, 0.4196527981362062], [0.38273142535905497, 0.16675125605613614, 0.17878420493566297, 0.2717331136491461], [0.34880894180621863, 0.279019800013899, 0.1123358282522261, 0.2598354299276564], [0.1350080756110509, 0.4964116742391007, 0.13222778016358813, 0.23635246998626044], [0.3362316898760668, 0.12589811621640548, 0.10113068397196644, 0.4367395099355611], [0.10958465249496355, 0.432414297634558, 0.10227343783485943, 0.35572761203561903], [0.2547449793011322, 0.3294589601391558, 0.1312679778131889, 0.2845280827465231], [0.18091095585789835, 0.21053983398324416, 0.11988520057240801, 0.48866400958644957], [0.29802303427664895, 0.11973310802815128, 0.3481755442834079, 0.23406831341179196], [0.15898901642839192, 0.3334494648658152, 0.24066226661579404, 0.2668992520899989], [0.31297510819240054, 0.08171814954111992, 0.09741753050108336, 0.5078892117653963], [0.43519470931374277, 0.2328591154840164, 0.06121433353128914, 0.27073184167095177]]}, "rewritten": {"ids": ["97105580", "97107681", "97108520", "97114170", "98106560", "98107010", "98109570", "98110680", "98111860", "98112580", "98119591", "99107500", "99108080", "99108310", "99108520", "99109311", "99109910", "99110730", "99111340", "100109311", "100109330", "100111390", "100113210", "100115700", "100120010", "101108080", "101108370", "101108580", "101108621", "101108950", "101109120", "101110740", "101114020", "102109010", "102110690", "102110850", "102110890", "102111990", "102113350", "102121700", "103109021", "103111480", "103113210", "103117461", "103118291", "103120290", "104112201", "104113000", "104113190", "104113550", "104114230", "104114240", "104116980", "104119340", "105110091", "105110251", "105112100", "105112130", "105113620", "105115250", "105115570", "105116090", "105116980", "105118740", "105119950", "105120621", "106113360", "106114321", "106119580", "106120290", "106120640", "107113170", "107114140", "107114490", "107114780", "107115250", "107118520", "107118820", "107119390", "107120010", "108113620", "108113760", "108114200", "108115570", "108118810", "108120280", "108120700", "108121410", "109114220", "109119010", "109120540", "109120560", "109120621", "110113931", "110115250", "110115980", "110116300", "110117500", "110118930", "110119300", "110120190", "110120540", "110120700", "110121450", "110121500", "111114121", "111114321", "111116170", "111116290", "111116750", "111119300", "111119950", "111120540", "111120591", "111121410", "111121930", "112116610", "112117431", "112117471", "112117571", "112117790", "112118530", "112118890", "112119500", "112119950", "112120270", "112121030", "113117550", "113118620", "113118810", "113119320", "113119360", "113119450", "113119950", "113120070", "113121410", "113121750", "113121810", "113122160", "113122170", "113122510", "113122650"], "labels": [1, 3, 2, 2, 1, 3, 1, 2, 0, 2, 1, 0, 3, 2, 2, 1, 2, 3, 1, 1, 0, 2, 0, 1, 0, 0, 1, 0, 0, 2, 1, 3, 3, 1, 0, 3, 0, 2, 3, 1, 0, 0, 3, 0, 0, 2, 0, 1, 3, 1, 2, 0, 1, 1, 0, 0, 1, 1, 0, 2, 0, 1, 0, 1, 3, 1, 0, 2, 3, 2, 3, 0, 2, 3, 2, 2, 2, 3, 2, 1, 3, 1, 0, 3, 1, 3, 2, 0, 3, 3, 1, 1, 1, 1, 1, 1, 3, 1, 1, 1, 3, 1, 2, 3, 3, 0, 1, 0, 2, 3, 1, 0, 1, 1, 0, 1, 1, 0, 3, 3, 3, 1, 3, 2, 0, 0, 0, 3, 3, 3, 1, 0, 3, 0, 2, 0, 0, 2, 3, 1, 2, 2], "predicted_labels": [1, 2, 3, 3, 3, 1, 0, 0, 2, 2, 1, 0, 0, 3, 2, 3, 1, 3, 2, 3, 3, 0, 0, 2, 3, 3, 0, 0, 3, 3, 3, 1, 3, 1, 0, 2, 0, 1, 0, 1, 3, 0, 2, 3, 1, 3, 2, 0, 3, 0, 3, 0, 1, 3, 3, 0, 1, 3, 1, 0, 3, 3, 0, 1, 1, 3, 2, 0, 1, 3, 1, 3, 1, 0, 3, 2, 2, 3, 3, 1, 1, 3, 0, 0, 0, 0, 0, 0, 1, 1, 0, 3, 0, 1, 3, 1, 3, 0, 0, 0, 0, 3, 3, 3, 0, 1, 0, 3, 0, 0, 0, 3, 0, 0, 3, 0, 0, 2, 1, 0, 3, 1, 0, 1, 3, 1, 3, 1, 1, 3, 3, 3, 0, 3, 2, 2, 3, 1, 1, 1, 0, 1], "confidence_scores": [[0.2492627489029292, 0.33374547662577386, 0.15288022724528194, 0.2641115472260151], [0.21502030733823455, 0.13357858075110154, 0.4480982977831562, 0.20330281412750775], [0.15525286113889092, 0.32297295997646264, 0.1778583888045511, 0.3439157900800953], [0.11598539482113085, 0.2861613605161528, 0.09034071156154896, 0.5075125331011673], [0.2614391578246936, 0.2887749458746203, 0.12376669877460404, 0.326019197526082], [0.2861359174242432, 0.43721485201953086, 0.06508226271901564, 0.21156696783721038], [0.45246774409554663, 0.13148550684992535, 0.09975465721443354, 0.31629209184009455], [0.352781223873923, 0.17368270275708322, 0.20463180531437045, 0.26890426805462325], [0.29300723383225913, 0.18653653753501037, 0.41176848761797424, 0.10868774101475626], [0.05351697432997823, 0.0855698444122822, 0.736108882128266, 0.12480429912947387], [0.29289245625534965, 0.30454396941752104, 0.1942710831636037, 0.2082924911635256], [0.3786577500331487, 0.3328168368563239, 0.07766681056640139, 0.2108586025441259], [0.6046429457221514, 0.1629407981080655, 0.09952441160667515, 0.13289184456310807], [0.186188490549625, 0.3093022407824948, 0.13468731962120753, 0.3698219490466727], [0.1993890542808788, 0.2123089867935898, 0.35968648021537836, 0.22861547871015317], [0.28383290228208446, 0.20871031633224946, 0.14180767024727664, 0.3656491111383896], [0.26268562208701507, 0.44180259242934206, 0.13122716529698694, 0.1642846201866558], [0.2623757453261736, 0.2648208351726687, 0.12674258449739742, 0.3460608350037602], [0.148886436198916, 0.28152985641211475, 0.4208439105715375, 0.14873979681743157], [0.24445943268564355, 0.13674348948812756, 0.2733163488193582, 0.3454807290068709], [0.1769157494951114, 0.24045707374833292, 0.20122727563624718, 0.3813999011203085], [0.6136306759880117, 0.06318018356234754, 0.057258812290704376, 0.26593032815893636], [0.40746983627290956, 0.19740458551659934, 0.12917151627861942, 0.2659540619318716], [0.18332157331929166, 0.05815874186435835, 0.6609246385943112, 0.097595046222039], [0.1210335466167878, 0.25661454705375936, 0.17081052129757018, 0.4515413850318826], [0.1661663480841165, 0.3061399342307709, 0.10840159736817707, 0.4192921203169353], [0.3038637359737117, 0.25929821574010425, 0.2047124506595451, 0.232125597626639], [0.37909537685051187, 0.08209098085832307, 0.3560004193413189, 0.1828132229498462], [0.1370249688406964, 0.16980257156722822, 0.17269053236280565, 0.5204819272292698], [0.20290612946210163, 0.22699365675154903, 0.09213311715795834, 0.47796709662839104], [0.21534366589522605, 0.06594075437674804, 0.07736681418120685, 0.6413487655468191], [0.21096980003447588, 0.4342840391469253, 0.1813659578155226, 0.1733802030030761], [0.16722645174201145, 0.1354362994870729, 0.32057098872883705, 0.3767662600420785], [0.17921218726734459, 0.39627248538911314, 0.08630966179786477, 0.33820566554567744], [0.3756280011419411, 0.27124577541138045, 0.1808663578016877, 0.17225986564499074], [0.23563960458616032, 0.2306799173214827, 0.3072754815589726, 0.22640499653338444], [0.35980557596583257, 0.1533845551892622, 0.13675546154521823, 0.35005440729968706], [0.17309989083962574, 0.42147170047416854, 0.20757213748403677, 0.19785627120216903], [0.6663307073643052, 0.10801424826377481, 0.12328145621841793, 0.1023735881535021], [0.2693499581356971, 0.4087912949013955, 0.11607735506054002, 0.20578139190236738], [0.16973250415237312, 0.21802999637397327, 0.18717096426405797, 0.4250665352095956], [0.3774976637995294, 0.16016818442175593, 0.12260469016664213, 0.33972946161207274], [0.19722407743934872, 0.13489077440248864, 0.5753651883062979, 0.09251995985186476], [0.27691649926517037, 0.2465350254299878, 0.11410117471122427, 0.3624473005936178], [0.15260930714627066, 0.4222388041938251, 0.06368489794542828, 0.36146699071447613], [0.2904597646344853, 0.08848735080178331, 0.12914425695590642, 0.491908627607825], [0.22355936706255877, 0.05730736948976601, 0.491535049730724, 0.22759821371695144], [0.37290640874727254, 0.07252212668498786, 0.24208248982559877, 0.3124889747421407], [0.19670922912165542, 0.3282030727300801, 0.1108992339829835, 0.364188464165281], [0.5313642140907118, 0.22683946975078578, 0.0778765001264226, 0.16391981603207975], [0.21525298591202457, 0.16909231300516964, 0.11217229289714391, 0.5034824081856618], [0.5579136912330969, 0.26058406461841477, 0.06942552359782903, 0.11207672055065937], [0.20390696639413913, 0.444776759604317, 0.10427420093284849, 0.24704207306869533], [0.2121471743553904, 0.25782625449546887, 0.13593200077412362, 0.39409457037501716], [0.23166027910070985, 0.21887945464397335, 0.24247748738541686, 0.30698277886989994], [0.5839508688603995, 0.1457363064160913, 0.07612850017103072, 0.1941843245524785], [0.14378787055602352, 0.6120495833195817, 0.13902107796363306, 0.1051414681607617], [0.23106599191257132, 0.27155668823669527, 0.16861148812950122, 0.32876583172123236], [0.10246319985377127, 0.569229767006029, 0.10482277574639921, 0.2234842573938005], [0.3695761789161083, 0.22165425335394126, 0.19336392707010366, 0.21540564065984696], [0.22152979587917007, 0.2835799167279739, 0.19841134725516588, 0.2964789401376904], [0.21486847937616552, 0.2783360313765412, 0.1451582559161063, 0.36163723333118714], [0.38199733210265013, 0.12727677694011594, 0.11499655041207389, 0.37572934054516016], [0.20769067943703162, 0.4787472915130213, 0.09986690338629325, 0.21369512566365376], [0.12175171297850994, 0.5820608080344268, 0.06287630323348868, 0.23331117575357457], [0.18987977696569816, 0.20830265642229423, 0.04519830929352386, 0.5566192573184838], [0.07784426670013864, 0.09005745277645012, 0.6703736437044573, 0.1617246368189539], [0.39004075840903774, 0.178953413166751, 0.21104461485726586, 0.21996121356694545], [0.2524469664540059, 0.381836808950349, 0.0853836697847162, 0.2803325548109288], [0.3123765367311526, 0.2117884591235274, 0.11221728344164865, 0.3636177207036715], [0.20291927292853304, 0.5001852446610497, 0.09227847838511323, 0.204617004025304], [0.3471612473545753, 0.07459639232022225, 0.063006749620338, 0.5152356107048646], [0.1365942292918701, 0.3977183229117795, 0.11066474526480803, 0.35502270253154256], [0.3933124337145233, 0.15093115381667316, 0.06505830850955077, 0.3906981039592527], [0.22226375643965435, 0.18260241012220071, 0.21960342843108013, 0.3755304050070648], [0.09466924164553393, 0.35189800913347036, 0.43400781981529724, 0.11942492940569853], [0.08233164796923327, 0.2504454192179607, 0.5364290802138328, 0.13079385259897305], [0.30042570427423565, 0.1390694630801526, 0.0887044427204594, 0.47180038992515216], [0.2177068301363386, 0.13781239267615625, 0.2627817100873224, 0.3816990671001828], [0.09037067774229153, 0.46160019203242186, 0.28005205812239115, 0.16797707210289547], [0.10986446554931774, 0.724048849983172, 0.060036719609417755, 0.10604996485809269], [0.10725593740037763, 0.1728589650345269, 0.24212270603495697, 0.47776239153013855], [0.33688959570212634, 0.1763611247165084, 0.24150106649261827, 0.24524821308874697], [0.4759829153381855, 0.10738567986280935, 0.08804858138438938, 0.32858282341461603], [0.28843631787470353, 0.27752616934624424, 0.16999868825400238, 0.2640388245250499], [0.6379382139763244, 0.031268201587541705, 0.0798256955748541, 0.25096788886127985], [0.35407465010457606, 0.2668667262980803, 0.13695452465941282, 0.24210409893793097], [0.3538679405492567, 0.33911728458643114, 0.06458233435721253, 0.24243244050709983], [0.30390403947186273, 0.41328593409336745, 0.11746209870585514, 0.1653479277289148], [0.24037480500013905, 0.36541091932038755, 0.1151597413099973, 0.2790545343694763], [0.7746824610001545, 0.112221319865952, 0.030158600174060343, 0.08293761895983319], [0.20390633027065191, 0.17567653295480168, 0.25034329254530063, 0.3700738442292458], [0.44843670196002755, 0.17792369256272603, 0.06950566839702367, 0.30413393708022285], [0.14975795272954884, 0.4396690716208425, 0.04944400026456884, 0.36112897538503996], [0.2258182716962569, 0.14389113729610564, 0.2656127462260576, 0.36467784478158], [0.26239270212358884, 0.3295454946480884, 0.13885084545980475, 0.26921095776851806], [0.3068791268948449, 0.2541810180479722, 0.062097950745950085, 0.37684190431123277], [0.4547719509066581, 0.1984534102955881, 0.16281384522632897, 0.18396079357142478], [0.812061631966808, 0.0696939931650758, 0.04902850236702375, 0.06921587250109229], [0.6471440565192587, 0.09312200839159258, 0.06887042973059891, 0.19086350535854985], [0.46381467144587324, 0.16509452486922652, 0.09638799107225213, 0.2747028126126481], [0.155006234411869, 0.23746875420165847, 0.14005032025821915, 0.46747469112825346], [0.31922227999184805, 0.08603067409676071, 0.08507412707190262, 0.5096729188394885], [0.2321098492799678, 0.210541397056534, 0.17273160616210165, 0.38461714750139653], [0.4128760159175435, 0.24587443889201382, 0.10819593725459788, 0.2330536079358447], [0.20998057174775045, 0.4587979010813851, 0.07042495131393986, 0.2607965758569246], [0.3939391633117377, 0.27405127759548653, 0.11645068211501815, 0.21555887697775758], [0.26088382071212984, 0.16346700676526266, 0.20591363036248297, 0.36973554216012466], [0.4125569004274217, 0.1844998112501066, 0.14647362245117287, 0.256469665871299], [0.6107389025118994, 0.0560749706481764, 0.11130152812132908, 0.22188459871859495], [0.5623486873166542, 0.16571659656751367, 0.08937912200202357, 0.18255559411380867], [0.15120456431945614, 0.12367323332883753, 0.15319405687390752, 0.5719281454777989], [0.5743776821177904, 0.11268431611821965, 0.13682643274626236, 0.17611156901772754], [0.3600178855042064, 0.11643990132493987, 0.2145129060281905, 0.30902930714266325], [0.24442542999790906, 0.19269079134812997, 0.10001177085545548, 0.4628720077985055], [0.7135792363213525, 0.08316845217553229, 0.05101886945569714, 0.15223344204741823], [0.7107920416974015, 0.16142532623216668, 0.06977628606375076, 0.058006346006681225], [0.12868779300248442, 0.21835689959722177, 0.43806070314203194, 0.2148946042582618], [0.1715282877808507, 0.5440703815882584, 0.06855605746095406, 0.2158452731699369], [0.3535886604340192, 0.1821235699521047, 0.23173588398710046, 0.23255188562677567], [0.2181417661715998, 0.25161577610122754, 0.23057818039329483, 0.2996642773338779], [0.24772913094979332, 0.4798995957303084, 0.1581347516236752, 0.11423652169622332], [0.31227830314259736, 0.2913758305464374, 0.1287702535692242, 0.2675756127417411], [0.18676473180422626, 0.3429333026602751, 0.16001553366397994, 0.3102864318715188], [0.11437352517259587, 0.03849418882375227, 0.062059924124137605, 0.7850723618795142], [0.3378833086454218, 0.4458910165549992, 0.09566140405492435, 0.12056427074465473], [0.2028820505256365, 0.13270814700043845, 0.20263726232924575, 0.46177254014467944], [0.26999243884171853, 0.32418784225944514, 0.11773926925210852, 0.28808044964672785], [0.1561659097157989, 0.44074719298702497, 0.055838145696646774, 0.34724875160052926], [0.10864274307875138, 0.25650615707255253, 0.05241620530581975, 0.5824348945428763], [0.14289626923948656, 0.2679951570638796, 0.04713140971056987, 0.541977163986064], [0.2613725621937888, 0.14579298615447567, 0.2468468625686572, 0.34598758908307836], [0.5008874658855982, 0.2366032987083783, 0.11860582827425131, 0.14390340713177222], [0.2781893810383273, 0.13837689641396683, 0.055754959143625445, 0.5276787634040804], [0.1275997324706314, 0.1900960542339544, 0.5792169357790358, 0.10308727751637849], [0.16366109013616292, 0.11373916155723095, 0.397476500912145, 0.32512324739446113], [0.21741572334343331, 0.21893534339304221, 0.05897123488541737, 0.5046776983781072], [0.14402799228369642, 0.4855587312918315, 0.13543311869677463, 0.23498015772769754], [0.24206548444023407, 0.34365235723170745, 0.10814332036303187, 0.3061388379650267], [0.21193716953616787, 0.4674251381294944, 0.12086102209497343, 0.19977667023936438], [0.38040622839851895, 0.1845927073562394, 0.21274457940060562, 0.2222564848446359], [0.08430005249633436, 0.3377812211915612, 0.28977947215150063, 0.28813925416060376]]}}