{"test": {"ids": ["107116980", "106116441", "113121010", "113117401", "113118111", "113120280", "111116170", "106119260", "101111210", "110116501", "109116040", "113120830", "97113900", "98110680", "102118380", "113122180", "98107010", "97116800", "100120780", "113120601", "108117451", "111117120", "108115250", "105113440", "99108520", "101114020", "109116810", "99117630", "113122320", "106112770", "111120540", "109119010", "113117340", "101115190", "113122120", "111119580", "110117870", "108118630", "110117140", "100108580", "110116300", "107116300", "111119930", "110114920", "109115211", "98106880", "104113240", "106118520", "99108000", "106119580", "99117740", "107121640", "107112850", "108116481", "113122220", "106116850", "102116340", "98112580", "98121790", "99110050", "108116501", "98107340", "102113210", "104116980", "108115870", "108117360", "106117790", "109117110", "109113881", "112121010", "104119340", "103109641", "99107560", "100107920", "103113270", "113122160", "113117550", "111121351", "104111880", "101108080", "109117630", "99108580", "102121700", "106113830", "110114561", "101114990", "113120640", "98110710", "103120780", "109118161", "102110890", "98108150", "107114110", "105120280", "105113190", "110118121", "110113931", "111118820", "109114651", "102111990", "108114670", "102112030", "111119610", "104114240", "100109890", "109114720", "100111080", "105115680", "111116411", "103120531", "99112840", "103110760", "112119980", "100109000", "101119591", "112118930", "112120290", "112118530", "112121410", "103120340", "111117200", "108120280", "108115880", "110118930", "110116170", "112120630", "106118161", "109119591", "104116441", "98119591", "103113170", "106113170", "110114610", "112121360", "113121220", "104113550", "105117431", "113118810", "111115400", "101111990", "104111531", "102116500"], "labels": [3, 0, 2, 3, 1, 0, 0, 1, 2, 3, 0, 3, 2, 2, 1, 2, 3, 0, 1, 2, 2, 2, 1, 0, 2, 3, 3, 3, 1, 1, 1, 3, 2, 1, 1, 3, 3, 1, 3, 0, 3, 0, 1, 3, 0, 0, 2, 2, 2, 3, 2, 1, 1, 0, 1, 3, 3, 2, 2, 3, 0, 0, 3, 1, 3, 1, 1, 1, 0, 2, 1, 1, 1, 0, 2, 3, 3, 0, 3, 0, 0, 0, 1, 1, 0, 3, 0, 2, 1, 0, 0, 0, 1, 3, 3, 3, 1, 0, 3, 2, 3, 2, 2, 0, 3, 0, 0, 2, 0, 3, 2, 1, 0, 1, 0, 1, 1, 1, 0, 1, 0, 3, 3, 1, 0, 3, 3, 0, 1, 1, 3, 0, 1, 3, 3, 1, 1, 3, 0, 2, 0, 1], "predicted_labels": [0, 1, 1, 1, 3, 0, 3, 0, 3, 3, 3, 1, 2, 2, 2, 3, 1, 0, 3, 1, 0, 1, 2, 2, 2, 3, 0, 0, 1, 3, 1, 3, 1, 1, 1, 0, 1, 3, 3, 2, 1, 1, 0, 1, 3, 2, 1, 3, 1, 1, 2, 0, 1, 0, 1, 3, 3, 3, 2, 3, 3, 2, 3, 2, 3, 2, 1, 1, 1, 1, 3, 3, 1, 3, 2, 1, 3, 1, 3, 0, 1, 2, 1, 3, 1, 1, 1, 1, 1, 1, 2, 1, 3, 2, 0, 3, 1, 0, 0, 0, 1, 1, 2, 3, 1, 2, 1, 1, 0, 1, 1, 1, 3, 3, 0, 0, 2, 1, 1, 3, 1, 3, 1, 3, 3, 1, 1, 1, 1, 1, 1, 1, 1, 0, 3, 3, 1, 3, 0, 3, 3, 2], "confidence_scores": [[0.8558969651539499, 0.11138294925295635, 0.018252754835427747, 0.014467330757666296], [0.21486180873803862, 0.6938944986107226, 0.009572839711021179, 0.0816708529402178], [0.21232336943727914, 0.6140981283474983, 0.04380117256450293, 0.12977732965071992], [0.3227820974608883, 0.3241740165453098, 0.06716540703203516, 0.2858784789617667], [0.17365897163431804, 0.154918307434624, 0.04057348881095367, 0.6308492321201042], [0.9002777270639121, 0.006368705624894182, 0.0027695009203774776, 0.09058406639081627], [0.38380857074908264, 0.2238057483174375, 0.006316678645188653, 0.38606900228829116], [0.4643098714999615, 0.16930471106088008, 0.29579006010730785, 0.07059535733185054], [0.09498860968334677, 0.22502573097153297, 0.09625851744187106, 0.5837271419032494], [0.24875294537790935, 0.17607106943268258, 0.011824189479500407, 0.5633517957099077], [0.03331363707749342, 0.053224305365343456, 0.11804447281720029, 0.7954175847399625], [0.14061873644107944, 0.19992258936518378, 0.34719081907942695, 0.31226785511430966], [0.3215643916403792, 0.25911469035825047, 0.3430111090600505, 0.07630980894131965], [0.06755059620878974, 0.17604934993360216, 0.6974946737037124, 0.05890538015389536], [0.10616725489288974, 0.27959560884336326, 0.34527068293069, 0.26896645333305685], [0.1452997659904323, 0.19615306025838425, 0.031293418637781636, 0.6272537551134018], [0.2747584627950145, 0.26698082259157885, 0.15142659826326763, 0.3068341163501392], [0.5367582486636303, 0.24812572223323615, 0.07239609171313455, 0.1427199373899987], [0.1865215776155105, 0.06461157416095598, 0.19822855590323807, 0.5506382923202954], [0.08819615484467416, 0.597518197626548, 0.13035321547861015, 0.1839324320501675], [0.5993981552288301, 0.011611458429512486, 0.0046274819396265885, 0.3843629044020306], [0.16447036364602263, 0.5984449710285473, 0.08923011952286122, 0.14785454580256885], [0.1786505487809267, 0.19868200929977312, 0.4080594671830113, 0.21460797473628865], [0.2021081231317067, 0.22629716344239115, 0.38597317776554796, 0.18562153566035391], [0.014232636722784167, 0.2636825372602542, 0.701201433076417, 0.020883392940544712], [0.15405488385310237, 0.14033970823431682, 0.10566489640084392, 0.5999405115117369], [0.5178799459090622, 0.29853985309342845, 0.03369561355897107, 0.14988458743853794], [0.4812474386239001, 0.2449550228611054, 0.1376760065404029, 0.1361215319745917], [0.20289860060404005, 0.6477141415701159, 0.02549587941275606, 0.12389137841308807], [0.04128272157617761, 0.22889093808770977, 0.31536306892167015, 0.41446327141444284], [0.14264503941639342, 0.5083299375298298, 0.2120683958597036, 0.13695662719407312], [0.1123505963165369, 0.2244000884335177, 0.15325985638664918, 0.509989458863296], [0.08174081110709812, 0.6703313230618431, 0.1405938216127685, 0.10733404421829056], [0.03471374744059022, 0.6826687705647485, 0.1572821411553824, 0.12533534083927905], [0.26127926024114984, 0.6303631167046995, 0.06881779908119769, 0.03953982397295315], [0.7703415405240555, 0.10606329434977681, 0.04574820412312477, 0.07784696100304271], [0.09356830371280102, 0.25986794625004683, 0.37648905775052843, 0.27007469228662395], [0.04873480319567896, 0.2680771494022476, 0.017274954503103384, 0.6659130928989699], [0.053887271878979646, 0.1893530533737816, 0.05502599170379619, 0.7017336830434429], [0.15086018661067088, 0.15083028833921258, 0.5674265660720544, 0.1308829589780618], [0.2060137190218558, 0.47019467715101515, 0.08177654175484154, 0.24201506207228723], [0.29145164726042455, 0.33792968759031955, 0.12156605303757431, 0.24905261211168175], [0.5376408056670292, 0.32355040413298497, 0.04948739304191287, 0.08932139715807305], [0.2515867285771752, 0.582942653991366, 0.015481820433733307, 0.1499887969977256], [0.13542687747787333, 0.10827784035572642, 0.028509465151528128, 0.7277858170148722], [0.09836602292517126, 0.13105304775282714, 0.46395647622235486, 0.30662445309964675], [0.07673293129897234, 0.795925424761457, 0.10280721384441473, 0.0245344300951556], [0.4373306526961191, 0.17609247439130374, 0.02683086715102115, 0.35974600576155624], [0.03735221690650765, 0.4039561160970317, 0.39846258602691453, 0.16022908096954613], [0.14735343324448485, 0.5417772338848732, 0.0945769020962908, 0.2162924307743513], [0.14642615683826207, 0.16615236999835373, 0.5527821647691993, 0.13463930839418506], [0.35980849598897113, 0.08298723953820315, 0.38836047667175533, 0.16884378780107065], [0.17526347955897523, 0.668743290351595, 0.07059388069802076, 0.08539934939140917], [0.6444677066772435, 0.06502943170974164, 0.0076350598569966625, 0.28286780175601817], [0.04882517327506082, 0.6308871132823868, 0.04025342815980621, 0.28003428528274654], [0.38428237881941246, 0.10135508806321124, 0.2507524560104615, 0.2636100771069151], [0.03157019831316916, 0.16124629421414846, 0.33478424302994264, 0.4723992644427397], [0.06491543229445429, 0.3033166848673924, 0.08834755510248288, 0.5434203277356704], [0.127423748234183, 0.10969487460079705, 0.6432602726413913, 0.11962110452362847], [0.010752626106731054, 0.19401032177838554, 0.15525420617701452, 0.6399828459378692], [0.22077257328348923, 0.16402398970920024, 0.05303603471236986, 0.5621674022949403], [0.0827761045141926, 0.03575864085642023, 0.6002154420003657, 0.2812498126290216], [0.42630783975516956, 0.07946828372581954, 0.06703460012961307, 0.427189276389398], [0.0199190223083486, 0.3974610858912068, 0.5000476270623876, 0.08257226473805698], [0.2132154750028188, 0.12681554283132113, 0.04871551641703538, 0.6112534657488247], [0.00883853401066597, 0.08629862277847619, 0.6041476276930862, 0.30071521551777186], [0.10877488453184161, 0.44847779680788363, 0.36779481087093546, 0.07495250778933943], [0.3029213457728882, 0.35763094064539036, 0.08004464302748762, 0.25940307055423345], [0.15842512525532754, 0.5494555328042185, 0.11564369223457728, 0.1764756497058769], [0.22974403260071097, 0.5819317605803364, 0.0502255640867756, 0.1380986427321769], [0.2859031791017264, 0.06206302440143597, 0.0530948567305127, 0.5989389397663246], [0.025413725933133065, 0.10556165243111472, 0.13909086239342985, 0.7299337592423224], [0.1211504962451907, 0.5772519022547232, 0.04666457203616315, 0.25493302946392293], [0.16290306319638312, 0.15699874942535708, 0.030352912641979802, 0.64974527473628], [0.15727741341709944, 0.04593322624498048, 0.5616208330324289, 0.23516852730549107], [0.03367545695084261, 0.5382689714631322, 0.3125449208643767, 0.11551065072164884], [0.2131669595324533, 0.25905792292667135, 0.0802980465691067, 0.4474770709717683], [0.31327290197992463, 0.4544407814004573, 0.034562193826277614, 0.19772412279334053], [0.025207589525673244, 0.04869187405894021, 0.11686056937727542, 0.8092399670381113], [0.520798898006245, 0.282037769817235, 0.0178863408454775, 0.17927699133104255], [0.3392722579077278, 0.4957916462825513, 0.12424379172960795, 0.04069230408011256], [0.2210558938110347, 0.25306321722372904, 0.44669306324671665, 0.07918782571851947], [0.4582656733600482, 0.4592761925564355, 0.02948598857452116, 0.05297214550899513], [0.13597967973152414, 0.21606404465343243, 0.03887436171616324, 0.6090819138988801], [0.3116639696323245, 0.33785384794572776, 0.1728142282411551, 0.17766795418079273], [0.0299205464023217, 0.7422441182841691, 0.06868532128172038, 0.15915001403178863], [0.419309669484461, 0.3156852472756048, 0.04596285554354271, 0.21904222769639137], [0.056188579876145846, 0.4584209893034217, 0.17405898082363883, 0.31133144999679396], [0.2820246881879311, 0.36036412816827484, 0.1403251505765445, 0.2172860330672497], [0.36576179811514686, 0.5455519210787523, 0.011712841523083547, 0.0769734392830174], [0.27303290632509464, 0.01091272008741752, 0.45806504633846196, 0.2579893272490258], [0.12617950347222043, 0.5964852686408401, 0.05517664507180351, 0.22215858281513615], [0.01822915332261921, 0.02120221703429478, 0.049804045689562156, 0.910764583953524], [0.026558016296620204, 0.19209006254589844, 0.5582724481830803, 0.2230794729744008], [0.7504200310236553, 0.0323961637824793, 0.020929518590591844, 0.19625428660327382], [0.1431822929377425, 0.16787997325039358, 0.0036507066106925123, 0.6852870272011713], [0.46977094026414096, 0.41279107373087753, 0.007975923987507289, 0.10946206201747403], [0.7652728399599531, 0.05316155339283939, 0.013711576777990172, 0.16785402986921721], [0.7732741437201874, 0.04128929939473524, 0.015491742663508468, 0.16994481422156898], [0.568450693503249, 0.11018280549959864, 0.22692807210422317, 0.09443842889292921], [0.20364073947961783, 0.4039494578359109, 0.1849903406306698, 0.20741946205380182], [0.11031271855263806, 0.5501728888756283, 0.11179035209243357, 0.22772404047930012], [0.07124369011239155, 0.33441028517846755, 0.5282675067379903, 0.06607851797115041], [0.21382035286899437, 0.2797880474867944, 0.1309786618759152, 0.37541293776829593], [0.11709608922058916, 0.30371745517295395, 0.28559583536936667, 0.29359062023708976], [0.04358145243697217, 0.15697098800400663, 0.4648951686948324, 0.33455239086418875], [0.19720102841333942, 0.3883217388102367, 0.2565805116809192, 0.1578967210955047], [0.024922376353465298, 0.8227524755356236, 0.08139225752084626, 0.07093289059006448], [0.7086166254515323, 0.012419941538152547, 0.004262345767807574, 0.274701087242508], [0.20060476698737967, 0.48719700812968464, 0.035897341577853105, 0.2763008833050827], [0.07686074663404922, 0.4936061948905695, 0.14110077306215388, 0.28843228541322774], [0.22352280336947522, 0.4237959407913155, 0.07489851085612748, 0.277782744983082], [0.15934223178924173, 0.0920970520759427, 0.015327355639904639, 0.7332333604949108], [0.25992570213806543, 0.11556696464990268, 0.25768686970568894, 0.36682046350634284], [0.7493165690203614, 0.025314555082798083, 0.019671402826434422, 0.20569747307040612], [0.5636021644870309, 0.08774883484911648, 0.02409640006394618, 0.3245526005999064], [0.05804990749511819, 0.1258253174642091, 0.7806542805706191, 0.035470494470053564], [0.04992371044595946, 0.6332337740039259, 0.25701508245534793, 0.059827433094767], [0.0763554944374954, 0.4190032413235938, 0.013750886759623493, 0.4908903774792875], [0.197037335523499, 0.26818107264272123, 0.11490959933992803, 0.4198719924938517], [0.16766034145298417, 0.42076845936329066, 0.048850711655110284, 0.36272048752861513], [0.3808180719725285, 0.0637932955861094, 0.15492987350534607, 0.4004587589360164], [0.22227214336487294, 0.47457286870149895, 0.0915981712827479, 0.21155681665087991], [0.05182789024750681, 0.3663288260384585, 0.056585266577792975, 0.525258017136242], [0.26344386055895147, 0.1444329071898234, 0.1384619857633617, 0.45366124648786305], [0.26739445294930103, 0.3597163266837659, 0.06978361841777536, 0.30310560194915775], [0.12949486612010805, 0.4151870473814747, 0.16674886604063557, 0.28856922045778144], [0.3023528312048593, 0.4387390949374837, 0.15578177304730667, 0.10312630081035026], [0.2832949256507019, 0.3567644170337509, 0.005799169593000919, 0.35414148772254606], [0.13462656226800057, 0.5907189628457064, 0.1074625869171231, 0.1671918879691699], [0.11168022173798538, 0.4165088445108797, 0.33166481817259225, 0.14014611557854253], [0.09596390248425628, 0.736716729612618, 0.023015164007701875, 0.14430420389542392], [0.09073766330080388, 0.42513927132396157, 0.44988113858682033, 0.034241926788414416], [0.620696867448822, 0.2468922147980534, 0.031274365015234104, 0.10113655273789064], [0.19944633485274257, 0.06462665555770866, 0.05389199327262846, 0.6820350163169204], [0.45796362949283775, 0.06496846770193142, 0.10602209208021086, 0.37104581072502], [0.12519021702524089, 0.6713799741204693, 0.12445480106928145, 0.07897500778500802], [0.18628528242149645, 0.14352088721284803, 0.029845009638115864, 0.6403488207275392], [0.5951023612400266, 0.235442177353362, 0.1263865232144939, 0.043068938192117476], [0.1971512930258508, 0.13467747597738597, 0.3263930143285996, 0.3417782166681635], [0.252493784845426, 0.2918090082819072, 0.02691545984109396, 0.4287817470315726], [0.15270723215837012, 0.12728309012578448, 0.601522828400483, 0.11848684931536262]]}, "rewritten": {"ids": ["97113900", "97116800", "98106880", "98107010", "98107340", "98108150", "98110680", "98110710", "98112580", "98119591", "98121790", "99107560", "99108000", "99108520", "99108580", "99110050", "99112840", "99117630", "99117740", "100107920", "100108580", "100109000", "100109890", "100111080", "100120780", "101108080", "101111210", "101111990", "101114020", "101114990", "101115190", "101119591", "102110890", "102111990", "102112030", "102113210", "102116340", "102116500", "102118380", "102121700", "103109641", "103110760", "103113170", "103113270", "103120340", "103120531", "103120780", "104111531", "104111880", "104113240", "104113550", "104114240", "104116441", "104116980", "104119340", "105113190", "105113440", "105115680", "105117431", "105120280", "106112770", "106113170", "106113830", "106116441", "106116850", "106117790", "106118161", "106118520", "106119260", "106119580", "107112850", "107114110", "107116300", "107116980", "107121640", "108114670", "108115250", "108115870", "108115880", "108116481", "108116501", "108117360", "108117451", "108118630", "108120280", "109113881", "109114651", "109114720", "109115211", "109116040", "109116810", "109117110", "109117630", "109118161", "109119010", "109119591", "110113931", "110114561", "110114610", "110114920", "110116170", "110116300", "110116501", "110117140", "110117870", "110118121", "110118930", "111115400", "111116170", "111116411", "111117120", "111117200", "111118820", "111119580", "111119610", "111119930", "111120540", "111121351", "112118530", "112118930", "112119980", "112120290", "112120630", "112121010", "112121360", "112121410", "113117340", "113117401", "113117550", "113118111", "113118810", "113120280", "113120601", "113120640", "113120830", "113121010", "113121220", "113122120", "113122160", "113122180", "113122220", "113122320"], "labels": [2, 0, 0, 3, 0, 0, 2, 2, 2, 1, 2, 1, 2, 2, 0, 3, 2, 3, 2, 0, 0, 1, 3, 0, 1, 0, 2, 2, 3, 3, 1, 0, 0, 2, 2, 3, 3, 1, 1, 1, 1, 1, 3, 2, 1, 3, 1, 0, 3, 2, 1, 0, 1, 1, 1, 3, 0, 2, 1, 3, 1, 0, 1, 0, 3, 1, 3, 2, 1, 3, 1, 1, 0, 3, 1, 3, 1, 3, 3, 0, 0, 1, 2, 1, 3, 0, 3, 0, 0, 0, 3, 1, 0, 0, 3, 0, 1, 0, 1, 3, 0, 3, 3, 3, 3, 3, 1, 0, 0, 0, 2, 0, 0, 3, 2, 1, 1, 0, 1, 1, 0, 1, 3, 2, 3, 0, 2, 3, 3, 1, 3, 0, 2, 0, 3, 2, 3, 1, 3, 2, 1, 1], "predicted_labels": [0, 0, 1, 0, 2, 1, 2, 1, 1, 1, 1, 1, 1, 2, 0, 3, 1, 0, 2, 3, 2, 0, 2, 1, 3, 0, 3, 3, 3, 1, 1, 0, 0, 0, 1, 3, 1, 2, 3, 1, 3, 1, 2, 2, 3, 1, 0, 1, 3, 1, 3, 1, 1, 2, 3, 0, 3, 1, 1, 1, 3, 1, 3, 1, 3, 1, 3, 0, 0, 1, 1, 3, 3, 0, 0, 1, 2, 3, 1, 0, 3, 3, 0, 3, 3, 1, 0, 2, 3, 3, 1, 1, 1, 0, 3, 1, 1, 0, 2, 1, 3, 1, 3, 3, 1, 3, 3, 0, 3, 0, 1, 3, 0, 0, 1, 0, 1, 1, 1, 0, 3, 2, 0, 1, 0, 1, 1, 1, 3, 3, 3, 0, 1, 1, 2, 1, 3, 1, 1, 3, 1, 1], "confidence_scores": [[0.3574699392331474, 0.2306167082524051, 0.2856519652301785, 0.12626138728426917], [0.4931655817917551, 0.2940806816032099, 0.0875927193300179, 0.12516101727501733], [0.10222585994112701, 0.288309612318355, 0.36249687426294347, 0.24696765347757454], [0.33317894674583115, 0.2558501111975061, 0.1714676670083169, 0.23950327504834623], [0.081036035118553, 0.032901909449873576, 0.6216107691666781, 0.2644512862648951], [0.11127645889537723, 0.5088577162853957, 0.08350547292060757, 0.2963603518986197], [0.04990454498336987, 0.2502260786087483, 0.6410124841781355, 0.058856892229746334], [0.09264578751340323, 0.3770782388726216, 0.09377501130739495, 0.43650096230658025], [0.08321542324597485, 0.3736951886265502, 0.12844135105580656, 0.4146480370716683], [0.2626605997017533, 0.3758787070009842, 0.12887797292491826, 0.2325827203723448], [0.1964821913783705, 0.4160043231848743, 0.22898366809178386, 0.15852981734497118], [0.1298087443831187, 0.595624955442263, 0.052229887660198114, 0.22233641251442024], [0.02379174557927774, 0.5084747547077512, 0.35543330747094615, 0.11230019224202524], [0.010869957089272447, 0.18647591181027662, 0.7823586175870577, 0.020295513513393437], [0.2954688738892582, 0.250181277761909, 0.3752310329843141, 0.07911881536451854], [0.06771291610943982, 0.302434744021519, 0.08484442241973664, 0.5450079174493044], [0.07774751259619185, 0.4729337118999698, 0.13875650209836254, 0.31056227340547565], [0.4397342484482493, 0.2682737546540045, 0.1198151421569172, 0.1721768547408292], [0.0756259264253964, 0.3065414543131883, 0.5249941034814294, 0.09283851577998566], [0.1755761750466807, 0.16412169107490648, 0.022760498591193456, 0.6375416352872194], [0.08079994236619241, 0.2087154782337812, 0.5725056194667839, 0.1379789599332428], [0.3809101611085751, 0.23053167228835397, 0.15047860189988377, 0.23807956470318706], [0.10263580979508921, 0.25339495744992085, 0.3477208901881043, 0.2962483425668858], [0.12692182195488738, 0.2909695079287596, 0.2611134003813952, 0.3209952697349576], [0.12262309264948838, 0.05576806438693469, 0.19337315948226985, 0.6282356834813071], [0.5667439158938815, 0.2555523034009606, 0.020448917178714228, 0.15725486352644347], [0.09600324079195957, 0.30443711178323074, 0.0579141191363398, 0.54164552828847], [0.29360294859535324, 0.14609507875134042, 0.17368427545095289, 0.3866176972023535], [0.1342146162800306, 0.09267538283661092, 0.1357392690805676, 0.6373707318027905], [0.025109911593778345, 0.7864752568758353, 0.054085060756959714, 0.13432977077342662], [0.05804191422690849, 0.6026731455692136, 0.21146904908531777, 0.12781589111856012], [0.7242185309148245, 0.02752324175363302, 0.02444218395843333, 0.22381604337310942], [0.4629500199270344, 0.012940003866399567, 0.31266728408161015, 0.21144269212495595], [0.6203045268842593, 0.07556805631400453, 0.2329440823247485, 0.07118333447698784], [0.10590739574050735, 0.5197142942934977, 0.13669815011350006, 0.23768015985249494], [0.3323171334300864, 0.11446940316563622, 0.07454612055353155, 0.4786673428507456], [0.09533840365984769, 0.3979228044458634, 0.11697696461034679, 0.38976182728394204], [0.23727282065575317, 0.14530547349885026, 0.48650418306299004, 0.13091752278240662], [0.14005436522055661, 0.2877485832695552, 0.2517599288952528, 0.3204371226146352], [0.40766292808789717, 0.44723756428229905, 0.06216587095192994, 0.08293363667787398], [0.0240047644185017, 0.1450219030814492, 0.2983326040862275, 0.5326407284138216], [0.33953891958301047, 0.3504801266676404, 0.03995168159287688, 0.2700292721564721], [0.09498570961468078, 0.32458753144731245, 0.4293263445578994, 0.15110041438010735], [0.14682490045291546, 0.04703393794422864, 0.48124540920514863, 0.32489575239770724], [0.21477700886381518, 0.2752428647658969, 0.07862572279489177, 0.4313544035753963], [0.1750435734671509, 0.46870861121181207, 0.03953338478805243, 0.31671443053298437], [0.49545941981336317, 0.3519730551684904, 0.06224421256322954, 0.0903233124549173], [0.1687483606897833, 0.36484178661094, 0.030594576728899044, 0.43581527597037756], [0.053097890089015574, 0.0630482483959624, 0.06827264578017898, 0.8155812157348428], [0.040237423102848634, 0.8062640267276727, 0.13206100914213129, 0.021437541027347226], [0.4126714878764307, 0.05373954505196612, 0.13588696721753002, 0.3977019998540731], [0.21703164790712817, 0.3556961307611972, 0.15144985459221136, 0.275822366739463], [0.32672819198096753, 0.3322214382218833, 0.008162547417942133, 0.33288782237920717], [0.05898907388042144, 0.3162856637821058, 0.41820596856443376, 0.20651929377303907], [0.2556052319486153, 0.07622570563535809, 0.06073298461292133, 0.6074360778031054], [0.7513255391897319, 0.041050165299133, 0.022024687899232696, 0.18559960761190242], [0.19530774400366915, 0.2686207264585221, 0.18487138116831217, 0.35120014836949653], [0.03702048442291263, 0.7559989886450569, 0.13249024011516417, 0.0744902868168664], [0.10011567104673424, 0.6656259932425108, 0.15894852563067183, 0.0753098100800832], [0.09210030522417567, 0.5260161860574699, 0.16022305747760945, 0.22166045124074504], [0.046187586723386805, 0.193355657028245, 0.3890041887054877, 0.37145256754288036], [0.10170435861573325, 0.7044405887810089, 0.02510036112848316, 0.1687546914747745], [0.11726123913670175, 0.24955329224810013, 0.06575674511327621, 0.567428723501922], [0.37368812904030035, 0.5225345219656498, 0.024730975746470023, 0.07904637324757968], [0.2510703576397812, 0.1490767046761996, 0.2849885126140778, 0.3148644250699413], [0.10641478950874911, 0.31805799563021586, 0.43487580580004065, 0.14065140906099388], [0.16058784227245934, 0.3061103668005327, 0.11717520198175144, 0.4161265889452564], [0.801338593813339, 0.12128064428051219, 0.01305824231960726, 0.06432251958654177], [0.4676849364254225, 0.1607349774272169, 0.28286174865437863, 0.08871833749298222], [0.11502546348170442, 0.5416200430459018, 0.10757435209134225, 0.23578014138105147], [0.1405491737754033, 0.7198100201465328, 0.06263978122479621, 0.07700102485326753], [0.02589477145737543, 0.04622731724804078, 0.06128222001140123, 0.8665956912831825], [0.3509895643090153, 0.17680777652320384, 0.04207385381948533, 0.4301288053482956], [0.8372344016660468, 0.14602243783596847, 0.004899405752021322, 0.011843754745963725], [0.5285752695900392, 0.07175811789532699, 0.25587623533223264, 0.14379037718240134], [0.17576980717896926, 0.4176583973170753, 0.21658386904127697, 0.1899879264626782], [0.16938003217355968, 0.17157364598483377, 0.44504285369957247, 0.21400346814203422], [0.22706127074114169, 0.12030926478014464, 0.04629874772007038, 0.6063307167586431], [0.22821803045956487, 0.4190234505466295, 0.054034370863904585, 0.29872414812990117], [0.6570667996620323, 0.08038408393967021, 0.004562062603073, 0.25798705379522424], [0.30740477719914955, 0.17897281843990512, 0.033360901374626835, 0.4802615029863185], [0.009466134505762787, 0.06743595656110479, 0.5014113904480331, 0.42168651848509925], [0.7944451517946701, 0.013404331530031052, 0.003672061685856092, 0.1884784549894425], [0.033287443186279, 0.22909267656986282, 0.020797576600889694, 0.7168223036429686], [0.4471331809131798, 0.05715017824863892, 0.16120619372040906, 0.33451044711777245], [0.1296613909139405, 0.5897403527006675, 0.10183453813377324, 0.17876371825161871], [0.7136673281939991, 0.04615959333795142, 0.015264168001046532, 0.22490891046700315], [0.08941707156995317, 0.1608994683394621, 0.43391952684130763, 0.31576393324927704], [0.18615898195799135, 0.1179163903829947, 0.04383986519014614, 0.6520847624688679], [0.20718656899375634, 0.0691349973759139, 0.07759070770765156, 0.6460877259226778], [0.49062303874582713, 0.3612740880136391, 0.03911942040156554, 0.10898345283896817], [0.1640188557264399, 0.4665527456920527, 0.05774790885805496, 0.3116804897234525], [0.38803450448688204, 0.48424661740947483, 0.0793594555923937, 0.04835942251124953], [0.5991462163458839, 0.30362639015286547, 0.008659372559490027, 0.08856802094176029], [0.07474150819177386, 0.2212515567956228, 0.15759121944947377, 0.5464157155631295], [0.30662179015409974, 0.38046091532447474, 0.20775956152164862, 0.10515773299977701], [0.37143611039646446, 0.5439395848020873, 0.007845667608005777, 0.07677863719344238], [0.42649238906517883, 0.22401887482748062, 0.18213237230449136, 0.16735636380284946], [0.12849750603709395, 0.3153139926064009, 0.5079469947257119, 0.04824150663079337], [0.2689501426853832, 0.5407682003066757, 0.01565610005280643, 0.17462555695513457], [0.17047005359399894, 0.2720079183780992, 0.07210309053682479, 0.4854189374910772], [0.1405091790001093, 0.5151821104814945, 0.06198309564115532, 0.2823256148772407], [0.22844599286840658, 0.28629951782988583, 0.016641052847067732, 0.46861343645463993], [0.04219864282449563, 0.15988384298223882, 0.037802687329571934, 0.7601148268636935], [0.08831075678558761, 0.36731708672937335, 0.2953918677589098, 0.24898028872612937], [0.26137376582536576, 0.1681689132540735, 0.006464620124054366, 0.5639927007965067], [0.04721476986250595, 0.23850095336246524, 0.04958612173561556, 0.664698155039413], [0.48144424663225205, 0.26849096898552155, 0.1999200681322478, 0.05014471624997857], [0.3464484518424745, 0.24604891052807074, 0.008296826262523975, 0.3992058113669308], [0.7456188440843098, 0.02244885325113034, 0.006174222737144779, 0.22575807992741523], [0.14907111612485432, 0.6149664649601239, 0.08363884922384884, 0.15232356969117256], [0.1355080594347586, 0.3046504032293477, 0.0856022185954794, 0.4742393187404144], [0.8026518878996362, 0.04691404433662825, 0.010622302759061711, 0.1398117650046739], [0.6790374122605864, 0.1704146959067195, 0.03895176093562898, 0.11159613089706533], [0.05196291406510464, 0.4782661197536296, 0.4215452030696283, 0.048225763111637565], [0.5498712923490828, 0.2739934359813784, 0.04918175410661627, 0.1269535175629225], [0.21330457566522662, 0.43230884554224086, 0.2116593248125909, 0.14272725397994152], [0.2940044195903115, 0.5441688503712215, 0.01826928072068626, 0.14355744931778078], [0.06312907699220224, 0.5530396492776386, 0.2895016182882696, 0.09432965544188915], [0.6415502934697378, 0.0704102142146215, 0.03937338254718381, 0.24866610976845718], [0.19821438576135164, 0.09031740057992695, 0.030883927574206813, 0.6805842860845146], [0.06337475469003918, 0.10079074626149476, 0.8091672117446962, 0.026667287303769688], [0.6624468553334154, 0.13289633667708978, 0.04053432573039685, 0.164122482259098], [0.33020162538981385, 0.47023556756429574, 0.06321713247600777, 0.13634567456988286], [0.6160486962639461, 0.2627074009863336, 0.03387045345528945, 0.08737344929443089], [0.06343100963716518, 0.48833913582541405, 0.0210466417774091, 0.4271832127600119], [0.11571525515249728, 0.6146626308128732, 0.12257137445253787, 0.1470507395820914], [0.2268079445219429, 0.36465255014367953, 0.036203448434750506, 0.3723360568996273], [0.2065155205267777, 0.27624920678103476, 0.11483466896102562, 0.40240060373116215], [0.249634246136739, 0.20598393491054884, 0.06146354980811517, 0.482918269144597], [0.1812783241787948, 0.1289203640085004, 0.03687396600112404, 0.6529273458115807], [0.9123679778603471, 0.006509819361508732, 0.0028456934391612875, 0.07827650933898296], [0.12215262272517338, 0.5451904530320947, 0.03210408401498983, 0.3005528402277418], [0.401287353693317, 0.3388552183640274, 0.06925740444902789, 0.1906000234936276], [0.053844700623798564, 0.1305132070501079, 0.7089632867939532, 0.10667880553214079], [0.22563463842195827, 0.5266459904636567, 0.04021268216055588, 0.2075066889538291], [0.18758792514936481, 0.06975819769729649, 0.062084459506200125, 0.6805694176471389], [0.2768018676923671, 0.5892197296492345, 0.08361263247747262, 0.05036577018092608], [0.03597727910223321, 0.5164855073167476, 0.20415484173654075, 0.24338237184447828], [0.16332382183930208, 0.32556072472047154, 0.05810102605721995, 0.4530144273830061], [0.0762322728327713, 0.7174645568768933, 0.02532397431385218, 0.18097919597648338], [0.3201253457530217, 0.4274476942702192, 0.034742718680371994, 0.2176842412963871]]}}