{"test": {"ids": ["111116010", "113121410", "108120700", "108114200", "113119320", "102116500", "100111390", "98107340", "107116340", "111114121", "113118810", "110114651", "113121220", "110118740", "113119450", "111120280", "98110710", "99109860", "110119300", "99112840", "102113350", "111120540", "113118620", "98107380", "99109141", "112120290", "112118930", "109114220", "106116441", "109116930", "113121980", "97116790", "98107010", "111119250", "107113840", "111118910", "107112850", "107118120", "113119700", "104116800", "111119430", "108116120", "104111620", "107118520", "111120190", "109117271", "102108621", "109118161", "112121410", "111115780", "111116750", "101108370", "111119340", "109119010", "112119980", "107113200", "104111780", "105119950", "109119591", "106117770", "108117610", "106116370", "97107681", "102121440", "107113180", "104111531", "111120531", "97114170", "101119591", "110118930", "100109910", "100111080", "113118690", "100109330", "110114720", "98111670", "103113170", "98107410", "111117000", "106115250", "106120640", "104119290", "112120990", "99111930", "102114270", "99107640", "100110260", "104112470", "107114200", "103120531", "112119120", "101112540", "107121230", "103117461", "113118421", "112117790", "107117630", "99114890", "107113130", "99105921", "109115220", "105113260", "107114140", "111116090", "108114670", "111120320", "100109801", "101108580", "110121140", "97112170", "108121160", "101117580", "110116441", "105113170", "108121410", "99107560", "113121190", "106117650", "111120591", "105112260", "113122170", "110120700", "98106680", "107118820", "102109840", "107120010", "109118701", "109115380", "97116401", "113117630", "98106560", "102110750", "102113210", "111119150", "108113480", "111116640", "110118630", "106121220", "98107210", "111116110", "111119290", "109120150"], "labels": [1, 0, 2, 0, 1, 1, 2, 0, 3, 0, 3, 3, 3, 3, 3, 0, 2, 2, 1, 2, 3, 1, 3, 1, 3, 1, 1, 3, 0, 0, 2, 2, 3, 1, 3, 0, 1, 3, 0, 1, 3, 1, 0, 2, 3, 0, 3, 0, 0, 1, 3, 1, 3, 3, 0, 0, 3, 3, 0, 0, 3, 2, 3, 2, 3, 0, 0, 2, 0, 1, 2, 0, 3, 0, 3, 1, 3, 3, 0, 2, 3, 1, 2, 1, 3, 1, 3, 1, 2, 3, 1, 2, 0, 0, 3, 3, 0, 2, 1, 1, 3, 3, 2, 3, 3, 1, 0, 0, 3, 0, 2, 3, 3, 0, 0, 1, 1, 1, 1, 3, 1, 2, 1, 3, 2, 1, 3, 3, 3, 0, 1, 1, 3, 3, 0, 0, 1, 1, 1, 3, 3, 2], "predicted_labels": [1, 3, 3, 1, 3, 1, 0, 1, 1, 1, 3, 1, 0, 0, 0, 3, 3, 3, 0, 1, 1, 1, 3, 1, 1, 2, 3, 3, 1, 3, 3, 1, 1, 1, 1, 1, 1, 0, 1, 1, 1, 0, 0, 1, 3, 0, 3, 1, 1, 0, 0, 0, 0, 3, 3, 1, 1, 1, 3, 1, 3, 0, 3, 3, 2, 0, 1, 3, 0, 3, 2, 1, 1, 1, 3, 3, 1, 0, 1, 3, 0, 1, 3, 1, 1, 3, 3, 3, 0, 1, 0, 1, 2, 0, 1, 0, 2, 0, 2, 0, 3, 3, 0, 0, 1, 3, 1, 3, 1, 1, 0, 0, 3, 3, 0, 1, 3, 0, 3, 1, 0, 1, 1, 3, 1, 1, 0, 2, 1, 2, 3, 1, 3, 1, 3, 1, 1, 0, 2, 3, 1, 1], "confidence_scores": [[0.1704855464460255, 0.5802212336742055, 0.09997965039759023, 0.1493135694821787], [0.1618598268867798, 0.3359012356798407, 0.08878709007549852, 0.41345184735788093], [0.223894939869879, 0.19233680806070802, 0.12232135381943117, 0.46144689824998175], [0.2421830315927596, 0.43764659345547696, 0.1734627455316671, 0.14670762942009646], [0.29596490300100986, 0.29518586037773537, 0.08764152348321501, 0.32120771313803986], [0.17884397192800436, 0.4991471167423911, 0.08165463638009532, 0.24035427494950926], [0.3530026533197036, 0.338725692617303, 0.0749448752360677, 0.2333267788269257], [0.16221968901700293, 0.31077483582218873, 0.24085151629342608, 0.2861539588673824], [0.12661674039640836, 0.6252139599248953, 0.09962401768897057, 0.14854528198972594], [0.2812763368443895, 0.5097800760467266, 0.05873229024591813, 0.15021129686296586], [0.22342791129822812, 0.2236553372471464, 0.15456504168973179, 0.39835170976489376], [0.13902468238328147, 0.3963389911613436, 0.08394849626464304, 0.380687830190732], [0.30859184170321263, 0.23133676107240536, 0.16243381251856306, 0.29763758470581897], [0.3945000429401755, 0.2557365197310981, 0.08776677330771757, 0.26199666402100896], [0.4947361377780809, 0.11541432977444709, 0.16402392384774545, 0.22582560859972667], [0.19044438618837, 0.3010928139104886, 0.11345650012794649, 0.3950062997731948], [0.22424116538352482, 0.2442406519397013, 0.16863865084562762, 0.36287953183114646], [0.17476889621191924, 0.3028321534225477, 0.19009778455185897, 0.332301165813674], [0.382428710565038, 0.28178453254591374, 0.11249021857073793, 0.22329653831831037], [0.2550641638466716, 0.47706411724314723, 0.08932826011930374, 0.17854345879087757], [0.22018335654690327, 0.40006408159592194, 0.22788745811962216, 0.15186510373755271], [0.28469389867412676, 0.3033679330865883, 0.12273151051917403, 0.2892066577201109], [0.13285761466844828, 0.3017597640645991, 0.09670453410050378, 0.4686780871664489], [0.09070756936269837, 0.6578885911419534, 0.14008638447132524, 0.11131745502402308], [0.18625201520693935, 0.5459700968192339, 0.08621420272301858, 0.1815636852508082], [0.20009266161671035, 0.18303186324425783, 0.44653799094412827, 0.17033748419490358], [0.16367367329413343, 0.07500578095871381, 0.045075503222211, 0.7162450425249418], [0.1258473096671177, 0.2386820141969152, 0.3169764675693327, 0.31849420856663435], [0.26147097207966236, 0.487469727680268, 0.07106875973295426, 0.17999054050711558], [0.2884111851710673, 0.16425536282071698, 0.14830354244126295, 0.3990299095669528], [0.10453852351883346, 0.07719919320573705, 0.16037090383083585, 0.6578913794445936], [0.15050467927300418, 0.37841810198593445, 0.2915154692858132, 0.1795617494552482], [0.24662615035987573, 0.31877657248229974, 0.17771612570050527, 0.2568811514573193], [0.22474924342511352, 0.4364069523204669, 0.1678755250537101, 0.17096827920070945], [0.3647526188981929, 0.3735275436033726, 0.1170904647143815, 0.14462937278405313], [0.1639312812031929, 0.3879600045285202, 0.11990979042208846, 0.32819892384619836], [0.17026194107290651, 0.4788898806152266, 0.16763644472567005, 0.18321173358619688], [0.3869697504103729, 0.29589715308169795, 0.12142540109712191, 0.1957076954108072], [0.16523481574926302, 0.6382930374919141, 0.0964584362816914, 0.10001371047713149], [0.24243983081834322, 0.3299660545352436, 0.12836924663752816, 0.29922486800888504], [0.2502430346259354, 0.39052105428487816, 0.14838233766736428, 0.21085357342182226], [0.41115898822731045, 0.1881039225613279, 0.1392369708882656, 0.2615001183230961], [0.36200194259107266, 0.20251334634158843, 0.14610625332189675, 0.2893784577454422], [0.10580293471218842, 0.635317290791765, 0.0836888833679143, 0.17519089112813221], [0.17423551475776197, 0.21158601445976258, 0.1034895021947888, 0.5106889685876868], [0.44505591720924054, 0.15157966012652355, 0.2065143664188884, 0.19685005624534765], [0.3183488329895535, 0.10543548256746248, 0.1392146978316259, 0.43700098661135794], [0.14808083319529527, 0.6046342807824586, 0.07902393399044332, 0.16826095203180272], [0.06697789634825027, 0.5977438095743556, 0.06472657316326676, 0.2705517209141273], [0.4013302557831862, 0.27522004882994777, 0.08316063517643203, 0.24028906021043417], [0.4305050075235684, 0.23237193728584332, 0.09758842213918521, 0.23953463305140327], [0.566569049344769, 0.10742474247615212, 0.1422410172606577, 0.1837651909184213], [0.49838547396248906, 0.1461969245504815, 0.1573798751638554, 0.1980377263231742], [0.21315103068794505, 0.29316713597482036, 0.16191181051167075, 0.33177002282556384], [0.21295374518927934, 0.2356918045820184, 0.19755706651190302, 0.35379738371679936], [0.3395333986776787, 0.4117292937532131, 0.06549313212283796, 0.18324417544627022], [0.214457707164181, 0.404677477602767, 0.13711476595646202, 0.24375004927659008], [0.3134627225718305, 0.3248847173902282, 0.10992626050145343, 0.2517262995364878], [0.11829191195958999, 0.35283546551966, 0.0867316882431441, 0.4421409342776058], [0.15637003907386954, 0.43649753780261025, 0.16696909522096465, 0.24016332790255562], [0.2334027337878166, 0.18387990015208364, 0.06574639975911221, 0.5169709663009876], [0.3322912392350391, 0.18393908117211177, 0.19944704208813205, 0.28432263750471704], [0.04782019358960441, 0.12535329998378883, 0.333492908793169, 0.4933335976334378], [0.0677110138514017, 0.2654684347338804, 0.17766462197448651, 0.4891559294402314], [0.2466918009270862, 0.2806697945924226, 0.2889134190961953, 0.18372498538429596], [0.4038257223040118, 0.16333925464341575, 0.09888761266243776, 0.33394741039013465], [0.14885322098688378, 0.40728251262669257, 0.09426379804432786, 0.34960046834209585], [0.18702338211867878, 0.33910572301276565, 0.07649688650528201, 0.3973740083632735], [0.4927325704624433, 0.139506584825283, 0.16502266097252158, 0.20273818373975216], [0.20863208601908134, 0.25038726139191925, 0.0538198561845824, 0.48716079640441706], [0.3294946497111991, 0.15565140841043537, 0.405154840496681, 0.10969910138168466], [0.1910020059808256, 0.3180686078038881, 0.2841877768324006, 0.2067416093828857], [0.19607219074941493, 0.468276065545009, 0.1636670200836353, 0.17198472362194075], [0.21526711498594484, 0.32413475809824205, 0.22632992994268283, 0.23426819697313042], [0.15807303605812653, 0.2805621100338533, 0.2796762843786742, 0.2816885695293461], [0.15428699092799125, 0.24855743686251675, 0.2288844652638586, 0.36827110694563353], [0.1593428412812002, 0.538655057981701, 0.1734994552760034, 0.12850264546109547], [0.3826265522097273, 0.18979792459617903, 0.2519369441619401, 0.1756385790321535], [0.13730006045561774, 0.4847557033321924, 0.16369952356517956, 0.21424471264701034], [0.18494765641197317, 0.2732132657989189, 0.25188062049486687, 0.2899584572942411], [0.3336944724691491, 0.2456564491796321, 0.1272918949810431, 0.2933571833701757], [0.06137126350762555, 0.5264392801446462, 0.2602156308196056, 0.1519738255281226], [0.13620258319193052, 0.24526463682458435, 0.059261886836886705, 0.5592708931465983], [0.16989110648098868, 0.5476296199724906, 0.14499966109124965, 0.13747961245527107], [0.10629990682290298, 0.7024289844513203, 0.09341894574945, 0.09785216297632683], [0.09777885026690912, 0.1118941972086358, 0.08310857797619035, 0.7072183745482647], [0.2774304593980099, 0.15847963980701446, 0.12529059725316793, 0.43879930354180774], [0.23517807018624534, 0.2679730067386019, 0.21217316671103784, 0.2846757563641151], [0.3927758038471472, 0.17500286251082567, 0.13106278431223475, 0.3011585493297924], [0.21980315232317954, 0.3328699334683388, 0.24136190083644427, 0.2059650133720376], [0.315583352336124, 0.23719319732756164, 0.16646587561774026, 0.2807575747185741], [0.10278374796716823, 0.4140100239310329, 0.2987595546721499, 0.1844466734296491], [0.05675369812664367, 0.30133918081023026, 0.45160953740145104, 0.19029758366167487], [0.3594477470645671, 0.23071132258377608, 0.12412416674392945, 0.28571676360772746], [0.32843339869605126, 0.33773162257690315, 0.07443740171806339, 0.2593975770089822], [0.5950949131611724, 0.0851122002755169, 0.08512227727630643, 0.23467060928700437], [0.3720588965250581, 0.1047521831623322, 0.4103255055865459, 0.11286341472606391], [0.3340752067402358, 0.2855323588261772, 0.14422654760578857, 0.23616588682779843], [0.16421506050096935, 0.24946986791288078, 0.420025427080081, 0.166289644506069], [0.4184897058088691, 0.2584759003082128, 0.14047526852920092, 0.18255912535371713], [0.20863558366023272, 0.24152350269854123, 0.26981955068463037, 0.2800213629565957], [0.15191025554692375, 0.382670519568505, 0.062464701597466296, 0.4029545232871049], [0.3666354926876461, 0.15892766300274777, 0.3286855701910194, 0.14575127411858688], [0.46354449785369434, 0.138367426151745, 0.13751657540975154, 0.26057150058480905], [0.21810658179694964, 0.5552979649259548, 0.1203913400212356, 0.10620411325585997], [0.22289372542273903, 0.29877176358103946, 0.0706739989978988, 0.40766051199832265], [0.1392596352875511, 0.5125637065993736, 0.1425312578406686, 0.20564540027240685], [0.32585738046922375, 0.17090339065606291, 0.13141108123206124, 0.37182814764265215], [0.2037757903095578, 0.5043238180234215, 0.19060261730659867, 0.101297774360422], [0.2787214767350248, 0.3104088421118945, 0.11949099106308841, 0.29137869008999245], [0.4174178277970942, 0.20975876664869209, 0.16504412188130238, 0.2077792836729114], [0.31948580288027284, 0.21052927420690884, 0.15070084521749105, 0.3192840776953273], [0.17937792963294055, 0.23038787189427917, 0.2525494852540455, 0.3376847132187346], [0.06195566009322474, 0.1353965765534153, 0.04200046324172149, 0.7606473001116385], [0.38973674287116605, 0.28990522394886437, 0.11395245820193059, 0.20640557497803894], [0.10956350128011494, 0.48706379727823107, 0.1024563245819435, 0.30091637685971057], [0.13473915993266755, 0.21139269332225077, 0.1029854448526316, 0.5508827018924501], [0.3467877462245717, 0.2914717477282807, 0.17810551223118554, 0.18363499381596204], [0.1253394325750473, 0.23031962614428642, 0.08897131202412452, 0.5553696292565419], [0.11155580161255386, 0.5793953735390635, 0.07174805727010247, 0.23730076757828028], [0.5071923625320875, 0.23602153826655886, 0.09933112541514016, 0.15745497378621354], [0.2152996276923203, 0.3672731024604251, 0.13579275521796524, 0.28163451462928946], [0.1779231259727967, 0.4015134604870876, 0.2520709539794597, 0.16849245956065606], [0.19090731782987685, 0.2815370809927152, 0.18350079754195728, 0.34405480363545077], [0.14194238971671286, 0.6036171447338519, 0.06607223723843357, 0.1883682283110018], [0.20219100126173498, 0.48543790215491617, 0.16091135155558473, 0.15145974502776424], [0.4177009607729017, 0.2004793271597103, 0.07383435701210757, 0.30798535505528035], [0.10187714071962493, 0.21956083367978807, 0.48865034270580365, 0.18991168289478347], [0.18419522130136984, 0.4415431204543379, 0.15099629512667537, 0.223265363117617], [0.10937512245554055, 0.22948350249504026, 0.4897685136816281, 0.17137286136779106], [0.2651204209546873, 0.2697204453347765, 0.12368556450720566, 0.34147356920333044], [0.14062160634714574, 0.5827125367097573, 0.09597093177104211, 0.18069492517205485], [0.3455945348965967, 0.1928284512794739, 0.1074108355091103, 0.3541661783148191], [0.08657455698773542, 0.5596349833588283, 0.11480360790709564, 0.23898685174634074], [0.20452555960052574, 0.32928484632397714, 0.12615504758335316, 0.34003454649214393], [0.27187579763908903, 0.3873062270786505, 0.14640650487300122, 0.1944114704092592], [0.31530343674615513, 0.3909466941648451, 0.19180418177550507, 0.10194568731349463], [0.3272965922138233, 0.32597624093907623, 0.1204692300412135, 0.22625793680588716], [0.2864083021573307, 0.23933974514870127, 0.3077854479188274, 0.16646650477514077], [0.20085539663955865, 0.2642617765114535, 0.1810018686825422, 0.35388095816644566], [0.1367718898167297, 0.34402149766122725, 0.18216147223397558, 0.3370451402880674], [0.26459022078936273, 0.26869965542106194, 0.22365060218942973, 0.24305952160014543]]}, "rewritten": {"ids": ["97107681", "97112170", "97114170", "97116401", "97116790", "98106560", "98106680", "98107010", "98107210", "98107340", "98107380", "98107410", "98110710", "98111670", "99105921", "99107560", "99107640", "99109141", "99109860", "99111930", "99112840", "99114890", "100109330", "100109801", "100109910", "100110260", "100111080", "100111390", "101108370", "101108580", "101112540", "101117580", "101119591", "102108621", "102109840", "102110750", "102113210", "102113350", "102114270", "102116500", "102121440", "103113170", "103117461", "103120531", "104111531", "104111620", "104111780", "104112470", "104116800", "104119290", "105112260", "105113170", "105113260", "105119950", "106115250", "106116370", "106116441", "106117650", "106117770", "106120640", "106121220", "107112850", "107113130", "107113180", "107113200", "107113840", "107114140", "107114200", "107116340", "107117630", "107118120", "107118520", "107118820", "107120010", "107121230", "108113480", "108114200", "108114670", "108116120", "108117610", "108120700", "108121160", "108121410", "109114220", "109115220", "109115380", "109116930", "109117271", "109118161", "109118701", "109119010", "109119591", "109120150", "110114651", "110114720", "110116441", "110118630", "110118740", "110118930", "110119300", "110120700", "110121140", "111114121", "111115780", "111116010", "111116090", "111116110", "111116640", "111116750", "111117000", "111118910", "111119150", "111119250", "111119290", "111119340", "111119430", "111120190", "111120280", "111120320", "111120531", "111120540", "111120591", "112117790", "112118930", "112119120", "112119980", "112120290", "112120990", "112121410", "113117630", "113118421", "113118620", "113118690", "113118810", "113119320", "113119450", "113119700", "113121190", "113121220", "113121410", "113121980", "113122170"], "labels": [3, 0, 2, 3, 2, 1, 1, 3, 1, 0, 1, 3, 2, 1, 1, 1, 1, 3, 2, 1, 2, 2, 0, 0, 2, 3, 0, 2, 1, 0, 2, 3, 0, 3, 2, 1, 3, 3, 3, 1, 2, 3, 0, 3, 0, 0, 3, 1, 1, 1, 3, 0, 3, 3, 2, 2, 0, 1, 0, 3, 1, 1, 1, 3, 0, 3, 2, 2, 3, 0, 3, 2, 3, 1, 0, 0, 0, 3, 1, 3, 2, 2, 0, 3, 3, 3, 0, 0, 0, 3, 3, 0, 2, 3, 3, 3, 1, 3, 1, 1, 2, 3, 0, 1, 1, 3, 3, 0, 3, 0, 0, 3, 1, 3, 3, 3, 3, 0, 1, 0, 1, 1, 3, 1, 1, 0, 1, 2, 0, 0, 3, 3, 3, 3, 1, 3, 0, 1, 3, 0, 2, 1], "predicted_labels": [2, 3, 3, 3, 1, 0, 1, 3, 1, 3, 1, 0, 3, 1, 0, 1, 3, 3, 1, 1, 1, 1, 3, 1, 0, 3, 2, 0, 1, 0, 1, 0, 3, 3, 1, 1, 3, 2, 1, 1, 1, 2, 0, 1, 0, 1, 1, 3, 0, 1, 1, 3, 1, 3, 1, 3, 3, 3, 3, 1, 3, 1, 2, 2, 3, 0, 3, 3, 1, 0, 1, 1, 3, 3, 2, 1, 1, 2, 3, 3, 3, 1, 0, 1, 3, 2, 3, 3, 0, 0, 2, 3, 0, 1, 2, 1, 1, 2, 1, 1, 1, 1, 1, 1, 1, 1, 1, 1, 3, 0, 3, 1, 1, 3, 3, 3, 3, 3, 0, 1, 0, 3, 0, 3, 3, 3, 2, 3, 3, 1, 3, 1, 2, 3, 3, 0, 1, 3, 3, 3, 3, 0], "confidence_scores": [[0.057964346335373576, 0.05508798548281115, 0.5598562104208352, 0.32709145776098003], [0.2023043785968461, 0.17520545616645677, 0.07534310756809545, 0.5471470576686018], [0.16964905043198997, 0.2747275872830184, 0.1330467332284019, 0.4225766290565897], [0.19596988608579782, 0.20192078518466772, 0.1940426164719586, 0.4080667122575759], [0.15252091587638392, 0.4866502703924023, 0.09053319788954592, 0.270295615841668], [0.3653663688708192, 0.2516722496741118, 0.1507027840998288, 0.23225859735524032], [0.16918718447183728, 0.4487107070419243, 0.20934685114999835, 0.17275525733624014], [0.18229847336483299, 0.20095469474975625, 0.09778897999638957, 0.5189578518890213], [0.11901002273584997, 0.5027128756413144, 0.11343200801627092, 0.26484509360656466], [0.1713263276539834, 0.23213979941392238, 0.16363330893653172, 0.4329005639955625], [0.24379623969374478, 0.3259936315694868, 0.24709594057894269, 0.18311418815782576], [0.4138387952229247, 0.23146871410509626, 0.10311354348152857, 0.2515789471904505], [0.15425487252405312, 0.29398633720338624, 0.1149658554066125, 0.43679293486594817], [0.12550667650944866, 0.36615440435022284, 0.25020398584724907, 0.2581349332930795], [0.5343922675580168, 0.13440590542786912, 0.1604187971600177, 0.17078302985409627], [0.14010152418608762, 0.45695705839156003, 0.11125800896330633, 0.2916834084590461], [0.16835924129425622, 0.11537286916913228, 0.07595512141675562, 0.6403127681198558], [0.2964284970191745, 0.25589621056302925, 0.14158086797376218, 0.30609442444403406], [0.19916339247677742, 0.3347198377357585, 0.23057351552877853, 0.2355432542586855], [0.11189867434066388, 0.4439091339129542, 0.14664534329685805, 0.2975468484495237], [0.2549572906923313, 0.48000041811098937, 0.09162485900516214, 0.1734174321915174], [0.10454166807946201, 0.46651056123677903, 0.09271032164827173, 0.3362374490354873], [0.28215952748267314, 0.15646929779779678, 0.10955718553910525, 0.4518139891804248], [0.17218573123894865, 0.495960484069563, 0.08626232513750372, 0.2455914595539848], [0.4497512367571821, 0.22597511210008103, 0.1793312632936817, 0.14494238784905525], [0.3887533927434918, 0.09572260491533986, 0.11075244892096178, 0.4047715534202066], [0.14250076476118723, 0.2773312860744126, 0.40847459088162474, 0.17169335828277554], [0.5005531098316481, 0.1643549111739774, 0.10864613032542746, 0.226445848668947], [0.1676329743997266, 0.3820191669317276, 0.10291515736603735, 0.34743270130250864], [0.3211647379613838, 0.13080363521136606, 0.2624399412956409, 0.28559168553160935], [0.14937433600360278, 0.32319599340468896, 0.2466810076098318, 0.2807486629818765], [0.41941926727015094, 0.14393521932967399, 0.08217100929135579, 0.35447450410881937], [0.33070800742704876, 0.11654617118652352, 0.1776913433771937, 0.37505447800923397], [0.19043024397651848, 0.34206003678385166, 0.11958581816869206, 0.3479239010709379], [0.22380440076965227, 0.4505626783140572, 0.1804244520534338, 0.14520846886285677], [0.19533147746905977, 0.40406140461376244, 0.20915829630763433, 0.19144882160954327], [0.31689620078037073, 0.18161870958707357, 0.06575805954741555, 0.43572703008514013], [0.17669431714489256, 0.2298054296954986, 0.4233377287771087, 0.1701625243825002], [0.28235524859859396, 0.3700485982256768, 0.16810858196241862, 0.17948757121331055], [0.24212113118221293, 0.4028220358169166, 0.2409711687160217, 0.11408566428484879], [0.15886071035680538, 0.4713719041567688, 0.15398237413008084, 0.2157850113563451], [0.09991129179734792, 0.2286118207549902, 0.5330954634449101, 0.13838142400275188], [0.5448796574623936, 0.15638500271277658, 0.16891316136438797, 0.12982217846044183], [0.19574130060255238, 0.3815241806064915, 0.16844545676433575, 0.2542890620266204], [0.520776442138935, 0.2326067861630743, 0.05458437668076586, 0.192032395017225], [0.23606712923296175, 0.36433100717722083, 0.110480467938857, 0.2891213956509605], [0.31340861360318184, 0.4185100356433088, 0.06725726790240903, 0.20082408285110023], [0.19198718945464593, 0.26700825054641875, 0.13423342443690953, 0.40677113556202577], [0.2989783443352256, 0.23125225307345035, 0.20754556123415357, 0.2622238413571706], [0.11082484606871364, 0.6563719568393755, 0.11795404729834336, 0.11484914979356735], [0.23207058316368498, 0.42475930488587715, 0.1574603918684629, 0.18570972008197492], [0.05571105038528858, 0.0766380256928364, 0.02861148373928895, 0.839039440182586], [0.16005919385447145, 0.5027993725607871, 0.09770246770239682, 0.23943896588234473], [0.23821176637947594, 0.23296213554265505, 0.13479517711441535, 0.3940309209634536], [0.2823385743910593, 0.3263677934032554, 0.0662784549957829, 0.3250151772099027], [0.21427568753012735, 0.11573260546483743, 0.11588762861285268, 0.5541040783921826], [0.10650233119232742, 0.27210649272151344, 0.059568326555549896, 0.5618228495306092], [0.29411667502548394, 0.2339049016081617, 0.10659671342489666, 0.36538170994145786], [0.18932613770728107, 0.17627927640028213, 0.13716718198438949, 0.49722740390804726], [0.32620950148997185, 0.398250820615304, 0.08661802923431611, 0.1889216486604082], [0.1797096025434709, 0.2394527290130111, 0.10640762608072334, 0.47443004236279473], [0.2279776993856351, 0.330740125242333, 0.25816837482451277, 0.18311380054751936], [0.17406449427059012, 0.24984170662077082, 0.4203935146463099, 0.155700284462329], [0.13384963910397077, 0.15768321744516495, 0.5889806594972246, 0.11948648395363969], [0.19110642433574018, 0.20854535963970858, 0.09008502773522266, 0.5102631882893286], [0.4217076185955023, 0.39849968305190514, 0.06940605394288372, 0.11038664440970883], [0.2686757129828193, 0.22544356952018507, 0.1875436432126606, 0.3183370742843352], [0.22836412496109007, 0.2732605086784896, 0.1330165045067888, 0.3653588618536315], [0.24386011309829242, 0.3372269553182921, 0.20699983655729526, 0.21191309502612027], [0.30226632732617753, 0.2452603850797452, 0.2185196019523, 0.23395368564177718], [0.23299013285188702, 0.32980286315651525, 0.15410426904661498, 0.28310273494498284], [0.1579108276017112, 0.4384906006749476, 0.19425421054300943, 0.20934436118033176], [0.1313452965467743, 0.2931451693784741, 0.13697631424063414, 0.43853321983411747], [0.11575217927663356, 0.34484089624449965, 0.1265346721012223, 0.41287225237764463], [0.04972206353539398, 0.26854123138682595, 0.5632380098298898, 0.11849869524789022], [0.1456180910740518, 0.34087173039521823, 0.22626710508101405, 0.28724307344971584], [0.18519350444106755, 0.4571608505833344, 0.10135522273817102, 0.25629042223742704], [0.2642461329400309, 0.2820308676149411, 0.28472530029846843, 0.1689976991465596], [0.3706076943292378, 0.17459068130791922, 0.08030216258990212, 0.3744994617729409], [0.1392514912286436, 0.10105840880187368, 0.14963138192697453, 0.6100587180425081], [0.3269331074618147, 0.13618387751326932, 0.15294943141389455, 0.3839335836110215], [0.24952542165588268, 0.4468524070631777, 0.16589555178533388, 0.13772661949560588], [0.34180422043945713, 0.32749647510079927, 0.1502676385636291, 0.18043166589611473], [0.15915496716309996, 0.5579863755836877, 0.11077983755027661, 0.1720788197029358], [0.2706036631301705, 0.17215934822954326, 0.14038094575482973, 0.41685604288545636], [0.14360382971958777, 0.1849917166471779, 0.46718078020392523, 0.20422367342930908], [0.24647841680780455, 0.10889774256701419, 0.21256134302516877, 0.4320624976000124], [0.2729098835962673, 0.16184026885830272, 0.27552748405282623, 0.2897223634926039], [0.4425813033842693, 0.2542980488430313, 0.07713709025619729, 0.22598355751650212], [0.4246029518237786, 0.1481939180637206, 0.11089447666485777, 0.3163086534476429], [0.15678488847567773, 0.3135388526688675, 0.34394483185606883, 0.18573142699938588], [0.11221048858358307, 0.19158440072034402, 0.2658940903061406, 0.4303110203899324], [0.33504144550343845, 0.17571499481328087, 0.290821475539086, 0.19842208414419465], [0.1945592460877851, 0.35400275195390973, 0.09996427114911938, 0.35147373080918576], [0.17562924975811656, 0.27898260251610435, 0.31392210515313823, 0.231466042572641], [0.15448538544008367, 0.2933202288584235, 0.2647597575641156, 0.2874346281373773], [0.2729214533829894, 0.39739246610839923, 0.12278409336363554, 0.20690198714497596], [0.26308947268256044, 0.21386231308961504, 0.2825653489723923, 0.2404828652554324], [0.14814628959974907, 0.6246245755459346, 0.10176472293929922, 0.12546441191501712], [0.31639674692453457, 0.3256503898575079, 0.11103375375708881, 0.24691910946086887], [0.2063786786176507, 0.40822076037611493, 0.16906104103772776, 0.2163395199685067], [0.1817382852151709, 0.31409961159341876, 0.28692051315424216, 0.21724159003716828], [0.129576914800063, 0.6295483341022771, 0.05809723704225648, 0.1827775140554036], [0.29543545980912134, 0.39484976819287765, 0.0851462511044609, 0.22456852089354012], [0.113217888990628, 0.6029318011254837, 0.09095748350539438, 0.192892826378494], [0.2618208099193925, 0.3607693507786562, 0.09098173890543054, 0.28642810039652083], [0.2366068242605407, 0.3501731593623438, 0.18155626187432777, 0.2316637545027878], [0.25388843885848844, 0.3915672435596233, 0.1549747938004261, 0.19956952378146214], [0.2775268071738329, 0.19020258013646368, 0.17962732491082592, 0.3526432877788777], [0.3854283534206545, 0.34209849923206154, 0.10918184804722404, 0.16329129930005998], [0.3241897777627286, 0.2111910210192361, 0.05975872446768263, 0.4048604767503527], [0.15007146177613517, 0.4745677651669344, 0.1425261409846564, 0.23283463207227406], [0.12636706403767894, 0.3665658389719655, 0.35510522672434996, 0.15196187026600566], [0.1195918482080875, 0.24544907468799443, 0.2984875208290784, 0.33647155627483954], [0.2264716032156201, 0.31954601512722497, 0.09928528589252684, 0.35469709576462816], [0.201612681183762, 0.226943860737894, 0.14403498375361512, 0.42740847432472884], [0.23556870796564197, 0.21746935995543776, 0.1769392924710896, 0.37002263960783055], [0.18389470069446012, 0.350669785121671, 0.10072959300488513, 0.36470592117898365], [0.31746317977550637, 0.30745913194877944, 0.12135843157211944, 0.25371925670359463], [0.10000201461683399, 0.4572642041129473, 0.06358305218259214, 0.3791507290876266], [0.3134074040842461, 0.3030104389829364, 0.14519573911235986, 0.23838641782045744], [0.20180565531385067, 0.1283257704874067, 0.04947269840802825, 0.6203958757907144], [0.46094865755637665, 0.21024923540915297, 0.21066029042620585, 0.11814181660826466], [0.20676439341058475, 0.13916784049613226, 0.06232818127953093, 0.5917395848137521], [0.15014392560112258, 0.21231893502232196, 0.1634986745049457, 0.47403846487160983], [0.18350071246017605, 0.2563182201692573, 0.21380269978529315, 0.3463783675852735], [0.23217951734859604, 0.24970885999907372, 0.3157665327640252, 0.20234508988830513], [0.2225115368745379, 0.1792227286923567, 0.05198851435231461, 0.5462772200807908], [0.2566861220166839, 0.24312135950244432, 0.12133574078414237, 0.3788567776967295], [0.13108840519510281, 0.3890105777677204, 0.17197085165624929, 0.30793016538092727], [0.19503430165485663, 0.19834788461182631, 0.0737460885159652, 0.5328717252173518], [0.20934459571058384, 0.39033762486384294, 0.09595003314726162, 0.30436774627831165], [0.22744683748286945, 0.26715980455676513, 0.3148837387191161, 0.19050961924124934], [0.14170308427531292, 0.08546418714775071, 0.05505091511091408, 0.7177818134660223], [0.19128180667514724, 0.31590508363395475, 0.11148625799035806, 0.3813268517005401], [0.3433878135183377, 0.2570961831485823, 0.15916772637077625, 0.2403482769623039], [0.24884961900460525, 0.36008909532589656, 0.09409801090269776, 0.2969632747668005], [0.2534350148895003, 0.28034900823956715, 0.16247705552828023, 0.3037389213426523], [0.15123353732895956, 0.3397432904667616, 0.15749644830695045, 0.3515267238973285], [0.07256063709362584, 0.15407644296682096, 0.04635190838294663, 0.7270110115566066], [0.06691544989865819, 0.16020652089198206, 0.10003545290529844, 0.6728425763040612], [0.5744598569034046, 0.21793383136411454, 0.079967940199606, 0.12763837153287477]]}}