{"test": {"ids": ["110115580", "108120060", "98110710", "101114990", "99119830", "111119610", "106120640", "111117000", "99120010", "111121351", "113120640", "108115500", "99108330", "113122180", "100108520", "99111340", "109113881", "111121410", "104111711", "102117351", "106116850", "98110230", "108115970", "106113360", "98110680", "97110950", "111117200", "103117461", "105115570", "111116530", "113122190", "112116501", "107121230", "105118230", "112119610", "107113360", "113118231", "104116441", "112118860", "112120700", "98109311", "113121810", "108120700", "100109801", "102112301", "110117200", "112119950", "111120280", "106116640", "110116300", "107114140", "111120531", "104113000", "113121680", "105115900", "98108150", "109115220", "101121640", "97116800", "101119030", "99109141", "109120621", "106117650", "107116300", "102109010", "113118870", "106113830", "101108950", "113120070", "106116120", "105115680", "99107560", "98111670", "110121170", "104114240", "112118471", "100112060", "105120621", "99108890", "110119891", "106117790", "97106000", "97107681", "110117500", "111119930", "112117571", "111119950", "110117110", "108119510", "111116040", "102113210", "108118630", "113121950", "104111531", "99109910", "98112580", "111119250", "99112840", "111115400", "106116441", "104114410", "100109980", "101111620", "100109330", "112117461", "113121750", "110120640", "104114230", "113121410", "98106111", "105118171", "111116290", "108119330", "101115190", "110118701", "100110260", "99107500", "111116750", "104117630", "102110500", "98108580", "107120260", "99109860", "109115380", "110115980", "112120990", "104117200", "108114200", "111119300", "112117790", "100108580", "112117030", "110118121", "105113620", "105117431", "98107410", "105112240", "107118120", "97113900", "102112250", "110118301", "107113260"], "labels": [1, 1, 2, 3, 1, 2, 3, 0, 2, 0, 0, 3, 1, 2, 2, 1, 0, 0, 1, 1, 3, 3, 2, 0, 2, 3, 0, 0, 0, 3, 1, 3, 0, 1, 0, 0, 3, 1, 3, 2, 1, 2, 2, 0, 1, 3, 0, 0, 3, 3, 2, 0, 1, 1, 3, 0, 3, 2, 0, 3, 3, 1, 1, 0, 1, 0, 1, 2, 2, 1, 2, 1, 1, 2, 0, 1, 2, 1, 0, 3, 1, 0, 3, 1, 1, 3, 0, 0, 1, 0, 3, 1, 3, 0, 2, 2, 1, 2, 0, 0, 1, 1, 3, 0, 0, 0, 0, 2, 0, 0, 3, 2, 0, 1, 3, 3, 0, 3, 0, 3, 0, 1, 2, 3, 1, 2, 3, 0, 1, 3, 0, 2, 3, 0, 1, 3, 1, 3, 2, 0, 1, 0], "predicted_labels": [0, 1, 1, 1, 1, 1, 1, 1, 2, 3, 0, 1, 1, 3, 0, 3, 1, 1, 2, 0, 3, 1, 3, 1, 2, 3, 3, 1, 1, 1, 2, 3, 1, 1, 3, 0, 0, 3, 1, 1, 2, 2, 3, 1, 2, 3, 0, 3, 3, 1, 1, 1, 0, 3, 3, 1, 3, 1, 0, 0, 0, 0, 1, 1, 1, 1, 3, 2, 2, 1, 1, 1, 3, 3, 0, 1, 0, 3, 1, 3, 2, 3, 2, 3, 0, 3, 3, 1, 2, 0, 3, 3, 2, 3, 2, 3, 1, 1, 0, 1, 3, 3, 0, 3, 3, 1, 0, 2, 3, 1, 1, 1, 3, 1, 1, 0, 1, 3, 0, 3, 1, 1, 3, 1, 3, 1, 3, 0, 3, 3, 2, 3, 3, 1, 1, 3, 1, 1, 0, 0, 1, 1], "confidence_scores": [[0.36108449688841443, 0.04028136550569938, 0.5550070900050343, 0.043627047600852044], [0.15401776220170735, 0.4231835828865871, 0.4097921129460028, 0.01300654196570272], [0.02534044333028793, 0.47089178022418976, 0.10020817924966235, 0.40355959719585965], [0.0014744664002086108, 0.799855263566407, 0.1190537369717264, 0.079616533061658], [0.001067529302149685, 0.6689341208924053, 0.182732901396411, 0.14726544840903427], [0.015415006815710747, 0.6006879252465761, 0.339534919398656, 0.044362148539057115], [0.008427265024679081, 0.9056679482745529, 0.05363822069958868, 0.032266566001179046], [0.041482572205817074, 0.688266155892598, 0.05264391155140283, 0.21760736035018188], [0.04860877801001319, 0.07788405012713352, 0.840908635750857, 0.032598536111996354], [0.2659155828219223, 0.18322799769955386, 0.04010790722953738, 0.5107485122489868], [0.520761491495587, 0.21229254726996755, 0.03750041864532484, 0.22944554258912042], [0.02113978668071994, 0.5838878190474845, 0.07416626829530513, 0.32080612597648994], [0.028114094361919997, 0.4340876508320661, 0.27259063794667426, 0.2652076168593395], [0.0759827594109178, 0.20458637749582925, 0.036166207813127675, 0.6832646552801253], [0.3321389670516705, 0.14200075424879174, 0.2931870754933282, 0.23267320320620954], [0.003811254394905481, 0.2546096888784733, 0.18881697004461595, 0.5527620866820053], [0.15737828468620607, 0.5388954178188938, 0.11350426173840282, 0.19022203575649713], [0.32287722502042043, 0.3935261344108364, 0.009723750966294244, 0.2738728896024489], [0.015134286990664676, 0.0369767895124824, 0.9181679811319629, 0.02972094236489022], [0.6903830872607977, 0.03703686630059973, 0.0033460347900041423, 0.26923401164859867], [0.181710862516701, 0.23541514829392318, 0.11054108624466664, 0.47233290294470914], [0.12230475233209358, 0.797473967657712, 0.04195737496069227, 0.03826390504950194], [0.030379475433936865, 0.051110349259030206, 0.015702979243993172, 0.90280719606304], [0.1554681643151751, 0.7496578702518822, 0.06307873219492653, 0.03179523323801615], [0.008802858244295388, 0.25944979917079264, 0.7251595354181175, 0.006587807166794552], [0.12853200710163712, 0.2547862209281904, 0.2692942819089048, 0.34738749006126735], [0.09495921186641679, 0.25612588568277805, 0.014276943508731767, 0.6346379589420734], [0.26226944980090855, 0.4386016595279371, 0.12703060868173496, 0.17209828198941945], [0.08325665814289461, 0.3911092417721199, 0.24202668096430227, 0.28360741912068343], [0.015461661356703894, 0.9314817975311775, 0.039251128341845465, 0.013805412770273313], [0.05817904752730825, 0.10132928033838107, 0.7780707486868006, 0.06242092344751033], [0.015799186966938748, 0.12372005117579954, 0.024827533860136537, 0.8356532279971253], [0.007782995056317938, 0.7063215698214097, 0.01122523921710884, 0.2746701959051634], [0.014708735175889888, 0.5443258677103121, 0.06185617487460158, 0.3791092222391964], [0.039568125154985284, 0.22412804843540374, 0.37558268629967717, 0.3607211401099337], [0.5927086871211953, 0.19399910714942226, 0.03140002427175453, 0.18189218145762764], [0.7371562524485924, 0.10101666965597954, 0.030358174618368105, 0.13146890327706007], [0.4027565195650032, 0.12602081261392636, 0.0032859414063150134, 0.4679367264147555], [0.08278862533552322, 0.43145424157104467, 0.14501281054013299, 0.340744322553299], [0.010955164546893569, 0.6064383866596603, 0.1890840979101862, 0.19352235088325992], [0.0438001461841421, 0.03812968078889044, 0.799743175434406, 0.11832699759256152], [0.004922719238272362, 0.15939617001448694, 0.832972075947363, 0.002709034799877819], [0.4249854950192374, 0.12735972213806332, 0.064030593444178, 0.3836241893985213], [0.18784840480286116, 0.6361035645701807, 0.025842984106781458, 0.15020504652017702], [0.08991042427863051, 0.3235061009056548, 0.5028324779750277, 0.08375099684068683], [0.29262703270742535, 0.22312052472851748, 0.02644205805980939, 0.45781038450424777], [0.810885337566471, 0.026852945728838912, 0.0034030342066903, 0.15885868249800014], [0.03892157558406954, 0.1663063073402681, 0.0029392810890338235, 0.7918328359866289], [0.12360783107053289, 0.028682096777090008, 0.014296386366835535, 0.8334136857855419], [0.2769319026015978, 0.6428041833352272, 0.023457187313199734, 0.056806726749975174], [0.032773342670469205, 0.9149785030600568, 0.02565103856464594, 0.02659711570482823], [0.1387505221101977, 0.5062186224237076, 0.04696616877961611, 0.30806468668647835], [0.815468487848915, 0.010906991706047902, 0.00659329508773488, 0.16703122535730208], [0.06086277958672835, 0.3459984337322848, 0.21572643099777977, 0.37741235568320697], [0.031784715793364705, 0.14734532372114406, 0.22823089490716453, 0.5926390655783266], [0.016962939175635468, 0.8185811781136968, 0.03957790349238995, 0.12487797921827776], [0.08270056073545827, 0.14218343693628924, 0.06414900031420724, 0.7109670020140453], [0.013089117411916469, 0.5923689378233407, 0.058768353282307534, 0.3357735914824352], [0.8648662283821573, 0.07904903559194147, 0.02743956704435202, 0.028645168981548997], [0.6171133860080208, 0.06868712933259055, 0.004475656317971676, 0.30972382834141693], [0.6359360469054295, 0.2753025509239061, 0.049308112397191135, 0.03945328977347343], [0.4243936120583746, 0.3320125009522158, 0.05912331914688753, 0.18447056784252194], [0.11702402464244493, 0.35715909387094696, 0.38398021354803746, 0.1418366679385704], [0.28802245953891004, 0.37145637045619667, 0.07837912972339052, 0.26214204028150273], [0.07733512202199767, 0.6230059015361732, 0.10765971807573008, 0.19199925836609913], [0.0672188463889669, 0.625411010104088, 0.004218040356371597, 0.30315210315057356], [0.4696506547207551, 0.11826233345094005, 0.06548517244353258, 0.3466018393847725], [0.03412477245739661, 0.10339249709632625, 0.7222899272360557, 0.14019280321022162], [0.04199488040638009, 0.14141957205125394, 0.6732256739600494, 0.1433598735823166], [0.07022104125054678, 0.5270861656091599, 0.0061932845262706315, 0.39649950861402244], [0.006108766593869604, 0.7867547610733769, 0.13052592728443452, 0.07661054504831924], [0.011725262221982433, 0.5544549988231193, 0.047826630216345346, 0.38599310873855286], [0.08373866938067887, 0.05101986796848256, 0.4509065778640284, 0.41433488478681013], [0.06372764341517714, 0.27020724864291634, 0.28156963393234513, 0.3844954740095617], [0.4275514689676844, 0.3302785596132935, 0.10186117975794698, 0.14030879166107507], [0.22163111704139907, 0.42925537323125207, 0.1518878743789805, 0.1972256353483678], [0.2968461358562214, 0.22336046719711375, 0.3256809334597663, 0.15411246348689878], [0.1450233232634952, 0.012305840706397248, 0.002086677332946222, 0.8405841586971613], [0.00346145112231268, 0.9071267486480785, 0.027488503384674175, 0.06192329684493455], [0.051914278477228105, 0.13523490270203603, 0.057226516995818086, 0.7556243018249177], [0.153135889228492, 0.2636361309291473, 0.5595509592614847, 0.023677020580875688], [0.009631533503281922, 0.16309136927705858, 0.18042276210337832, 0.6468543351162817], [0.004450215735118164, 0.013608166126298437, 0.8028150570140142, 0.17912656112456904], [0.1971841997915366, 0.31903074549720806, 0.036549354359865116, 0.4472357003513901], [0.5173345327317954, 0.296835143116488, 0.07487591734808402, 0.11095440680363286], [0.08782952429079278, 0.057062145879970654, 0.002564968702575199, 0.8525433611266613], [0.2057997144877261, 0.08646961872762107, 0.04593321555149777, 0.661797451233155], [0.01930846523965568, 0.4109529612490148, 0.51103030650109, 0.05870826701023932], [0.08551155609287005, 0.10824236824040322, 0.7922892625337442, 0.01395681313298267], [0.6422948422492384, 0.03735043711774528, 0.049675827359938196, 0.27067889327307776], [0.08709340574320917, 0.1655448287701835, 0.039414174355202676, 0.7079475911314046], [0.00886575136344439, 0.15157424554477017, 0.005281438645746453, 0.8342785644460391], [0.05267831650966336, 0.11957022092195649, 0.7028014380902271, 0.12495002447815323], [0.032007288629385, 0.34409958476208624, 0.015263101933628724, 0.6086300246749003], [0.002524420534179231, 0.02045789009845072, 0.9750492802129854, 0.001968409154384436], [0.019508770270703808, 0.19677921148947, 0.04791185798851029, 0.7358001602513159], [0.006904153675632306, 0.5543451986914963, 0.21554786555874692, 0.22320278207412442], [0.02065247255244261, 0.5117965306182903, 0.2298941055412597, 0.23765689128800746], [0.6981890540930038, 0.16153152331530926, 0.09659840109797285, 0.043681021493714105], [0.2258982237270376, 0.7294119239880619, 0.006597543800904255, 0.03809230848399599], [0.21316356305901205, 0.1402838356642054, 0.014075253962554263, 0.6324773473142282], [0.31666959848104204, 0.18193060390886104, 0.13748634036736332, 0.36391345724273383], [0.8854355084686457, 0.03212929728195796, 0.02221497307102537, 0.06022022117837116], [0.28340808353178143, 0.22273100602874124, 0.04946799467993833, 0.44439291575953904], [0.3048179812344797, 0.036230480558128865, 0.010209544344507895, 0.6487419938628837], [0.2462417511619418, 0.3863981128503326, 0.007666687642045931, 0.35969344834567973], [0.46549876385758254, 0.34947247583205177, 0.09783380648716664, 0.08719495382319913], [0.01037400775887436, 0.26787292206223706, 0.6646130095179492, 0.05714006066093956], [0.030861303584538702, 0.017918976284626784, 0.0010227609301849462, 0.9501969592006494], [0.19686291592967645, 0.31020169724914676, 0.3075072971734827, 0.18542808964769417], [0.0972174428428612, 0.5657781969184458, 0.003233662017446121, 0.33377069822124694], [0.3160387211303851, 0.3635069589126251, 0.23012467042335866, 0.09032964953363118], [0.31328204898528633, 0.21452540205512197, 0.07225513965603997, 0.39993740930355154], [0.0074055513241321775, 0.5113855081457074, 0.4280452433016894, 0.05316369722847088], [0.08186140538798281, 0.35300163702439746, 0.3091351007176652, 0.2560018568699546], [0.633017974042374, 0.11401214045818878, 0.11781083087272323, 0.13515905462671407], [0.04306362691070517, 0.6652122305877375, 0.0715636918488016, 0.22016045065275558], [0.08213146454823926, 0.009052417324963908, 0.0031973675378262896, 0.9056187505889705], [0.9345639679960861, 0.03172239045123979, 0.006547253735346821, 0.027166387817327536], [0.10646778840623204, 0.03011880282211501, 0.10938553967508256, 0.7540278690965703], [0.3122270393880017, 0.3239317693257867, 0.216036006993195, 0.14780518429301623], [0.12031545703522442, 0.836862142226727, 0.03285452111296102, 0.009967879625087299], [0.008257570774893398, 0.37195575095545796, 0.13657918541613484, 0.4832074928535139], [0.014437389962982931, 0.49190151404579596, 0.28444686939316055, 0.20921422659806033], [0.11115676547620512, 0.13974885939803736, 0.0111005454595875, 0.73799382966617], [0.24106869679313636, 0.3872153582961489, 0.05689213361483565, 0.31482381129587916], [0.05635304383842766, 0.11502255058619033, 0.0739089698212224, 0.7547154357541594], [0.6795194326770577, 0.1691483743680805, 0.04706138154774099, 0.10427081140712065], [0.029746807788800386, 0.16109447875554708, 0.017408897836094388, 0.791749815619558], [0.5931340002710469, 0.027241760174905948, 0.014307994321485374, 0.365316245232562], [0.09533547458197955, 0.11130774208128236, 0.7239704208354242, 0.06938636250131391], [0.07073781142553702, 0.3610356635372464, 0.025967411571304343, 0.5422591134659122], [0.23341167219461276, 0.17530966489991626, 0.0015004853740911554, 0.5897781775313797], [0.07580045149668896, 0.456127865412349, 0.36613602706283727, 0.10193565602812504], [0.12381558096252243, 0.2855708369958565, 0.39565000421431684, 0.19496357782730417], [0.5393944874648342, 0.04098280937392483, 0.07584964342779289, 0.34377305973344785], [0.22060193390672347, 0.3714806665107756, 0.19402641899238296, 0.2138909805901175], [0.009632483863977578, 0.9245072164487718, 0.018991232372144857, 0.04686906731510592], [0.4057740982909303, 0.12058644642445357, 0.43076601258904385, 0.042873442695572195], [0.7407977676787059, 0.034859717979883055, 0.12975184125813935, 0.09459067308327145], [0.0742518472981245, 0.8156958706201844, 0.015923391438804366, 0.09412889064288696], [0.06054063695608039, 0.544728349845002, 0.27919992551891887, 0.1155310876799986]]}, "rewritten": {"ids": ["97106000", "97107681", "97110950", "97113900", "97116800", "98106111", "98107410", "98108150", "98108580", "98109311", "98110230", "98110680", "98110710", "98111670", "98112580", "99107500", "99107560", "99108330", "99108890", "99109141", "99109860", "99109910", "99111340", "99112840", "99119830", "99120010", "100108520", "100108580", "100109330", "100109801", "100109980", "100110260", "100112060", "101108950", "101111620", "101114990", "101115190", "101119030", "101121640", "102109010", "102110500", "102112250", "102112301", "102113210", "102117351", "103117461", "104111531", "104111711", "104113000", "104114230", "104114240", "104114410", "104116441", "104117200", "104117630", "105112240", "105113620", "105115570", "105115680", "105115900", "105117431", "105118171", "105118230", "105120621", "106113360", "106113830", "106116120", "106116441", "106116640", "106116850", "106117650", "106117790", "106120640", "107113260", "107113360", "107114140", "107116300", "107118120", "107120260", "107121230", "108114200", "108115500", "108115970", "108118630", "108119330", "108119510", "108120060", "108120700", "109113881", "109115220", "109115380", "109120621", "110115580", "110115980", "110116300", "110117110", "110117200", "110117500", "110118121", "110118301", "110118701", "110119891", "110120640", "110121170", "111115400", "111116040", "111116290", "111116530", "111116750", "111117000", "111117200", "111119250", "111119300", "111119610", "111119930", "111119950", "111120280", "111120531", "111121351", "111121410", "112116501", "112117030", "112117461", "112117571", "112117790", "112118471", "112118860", "112119610", "112119950", "112120700", "112120990", "113118231", "113118870", "113120070", "113120640", "113121410", "113121680", "113121750", "113121810", "113121950", "113122180", "113122190"], "labels": [0, 3, 3, 2, 0, 0, 3, 0, 0, 1, 3, 2, 2, 1, 2, 0, 1, 1, 0, 3, 2, 2, 1, 2, 1, 2, 2, 0, 0, 0, 1, 3, 2, 2, 3, 3, 1, 3, 2, 1, 3, 0, 1, 3, 1, 0, 0, 1, 1, 2, 0, 1, 1, 3, 0, 1, 0, 0, 2, 3, 1, 3, 1, 1, 0, 1, 1, 0, 3, 3, 1, 1, 3, 0, 0, 2, 0, 3, 1, 0, 0, 3, 2, 1, 0, 1, 1, 2, 0, 3, 3, 1, 1, 1, 3, 0, 3, 1, 3, 1, 3, 3, 0, 2, 0, 0, 2, 3, 3, 0, 0, 1, 1, 2, 1, 0, 0, 0, 0, 0, 3, 2, 0, 3, 3, 1, 3, 0, 0, 2, 2, 3, 0, 2, 0, 0, 1, 0, 2, 3, 2, 1], "predicted_labels": [3, 2, 0, 0, 0, 1, 0, 1, 1, 2, 1, 2, 3, 3, 3, 1, 3, 3, 1, 0, 1, 2, 1, 1, 1, 2, 3, 2, 3, 3, 3, 0, 0, 3, 0, 1, 1, 3, 1, 1, 3, 0, 1, 3, 0, 0, 1, 2, 0, 3, 1, 3, 3, 3, 0, 1, 1, 1, 1, 3, 1, 1, 1, 3, 1, 3, 1, 0, 3, 3, 1, 1, 1, 0, 3, 1, 1, 1, 1, 1, 0, 1, 3, 3, 1, 2, 0, 3, 3, 1, 1, 1, 0, 3, 1, 2, 3, 3, 0, 0, 2, 3, 2, 2, 0, 3, 1, 1, 3, 1, 3, 1, 3, 2, 0, 3, 3, 1, 1, 3, 3, 3, 3, 3, 3, 1, 0, 1, 0, 1, 1, 0, 1, 1, 1, 3, 1, 1, 2, 2, 3, 1], "confidence_scores": [[0.029125350730835206, 0.2156447351057861, 0.19344085169501749, 0.5617890624683608], [0.005649050831708991, 0.050888069624334585, 0.7400908036363725, 0.20337207590758408], [0.517046353515207, 0.1849559912853647, 0.08335170122002276, 0.21464595397940525], [0.3208224020734442, 0.09938524546633079, 0.5006220212361361, 0.07917033122408876], [0.8312828839605916, 0.08706387063041193, 0.03129149640795876, 0.05036174900103756], [0.19778360818603227, 0.34589546925042597, 0.2715529791895462, 0.1847679433739958], [0.840098307133284, 0.018128494505116756, 0.08590991849181319, 0.05586327986978608], [0.013903902873151928, 0.7394021755716548, 0.035723767667434556, 0.2109701538877586], [0.2583231521169977, 0.4060136823018625, 0.2734047339985287, 0.06225843158261102], [0.05387398601721592, 0.0616908875856975, 0.5849235163450329, 0.29951161005205346], [0.2038921175440019, 0.6836824198633242, 0.041119290095426114, 0.07130617249724802], [0.013352306476189997, 0.3272820194275633, 0.6524180615604181, 0.00694761253582829], [0.20218502401339492, 0.19015741205787504, 0.11449147743121575, 0.4931660864975142], [0.07197008256827621, 0.06977562622503604, 0.4408001156324153, 0.4174541755742724], [0.01562257251973944, 0.27281582809956234, 0.14128701541140407, 0.5702745839692936], [0.06882482273004965, 0.8311540687182263, 0.041576525556877124, 0.05844458299484712], [0.026693448097550993, 0.4279612949476254, 0.0216577278911844, 0.523687529063639], [0.014060425363329148, 0.2840612266627586, 0.36991240337073117, 0.33196594460318113], [0.0025508666390357633, 0.8747355988033876, 0.023310746251633895, 0.09940278830594286], [0.5276911303978646, 0.3883844968162085, 0.04019030227823054, 0.04373407050769639], [0.014411351735585309, 0.5018836192932165, 0.06266530354571549, 0.4210397254254829], [0.032794611195740474, 0.08451329746743479, 0.8810028687892675, 0.0016892225475571517], [0.008999738640193456, 0.44073532368559765, 0.1376494076096477, 0.412615530064561], [0.015305026641277695, 0.5820948793641685, 0.25363475599002444, 0.14896533800452932], [0.004039839576663871, 0.5827827291149827, 0.14470547161932867, 0.26847195968902454], [0.1881929183040775, 0.033224240419693074, 0.7337678834408646, 0.044814957835364676], [0.23672247048849948, 0.11423870970287928, 0.2608857304222556, 0.38815308938636567], [0.09464463479516735, 0.2705194794923558, 0.5410173917529781, 0.09381849395949858], [0.274563773939023, 0.10655044894397575, 0.053185485748928875, 0.5657002913680721], [0.28871076717801847, 0.2922717121902551, 0.02792394879234068, 0.39109357183938576], [0.3027602878742075, 0.05671486944320883, 0.18712474860018583, 0.45340009408239773], [0.6927258743558418, 0.12894813460556556, 0.07210439224635898, 0.10622159879223406], [0.49235404974553615, 0.17522071843678894, 0.21762708392741567, 0.1147981478902592], [0.2538402978780589, 0.024732783333808784, 0.30663803161778286, 0.4147888871703496], [0.8256833089290728, 0.08039941178831135, 0.013948877425660455, 0.07996840185695563], [0.0006941372691486266, 0.8858586334140034, 0.049382468935763896, 0.06406476038108387], [0.0165479783874775, 0.46431387962457604, 0.31474457366898895, 0.20439356831895733], [0.48149537930827213, 0.08195865176861977, 0.0914727082445704, 0.3450732606785377], [0.025845608421949055, 0.6418720733557864, 0.13086146429881987, 0.20142085392344491], [0.013135338825195455, 0.9272654056821188, 0.024964128867756667, 0.03463512662492893], [0.09084381002837653, 0.027604358314669005, 0.07223550519172732, 0.8093163264652273], [0.9140893847204583, 0.007777487931261776, 0.04198025073230955, 0.03615287661597047], [0.21726184065930518, 0.5339128700953562, 0.20124347251526342, 0.0475818167300753], [0.04144169207081942, 0.0661574163959085, 0.011871305827705451, 0.8805295857055665], [0.7528087508594001, 0.14064564104834817, 0.0022171808136899167, 0.10432842727856188], [0.5067425935900599, 0.25672200169796633, 0.06946536616387711, 0.1670700385480965], [0.017895483950307295, 0.5986988863207616, 0.027655018348848925, 0.3557506113800822], [0.09384641640955704, 0.07851141777807374, 0.5800496586496208, 0.24759250716274817], [0.6698119784552488, 0.015091844590116577, 0.008217172195110159, 0.30687900475952434], [0.09383001304699672, 0.1486841061396699, 0.24948856175882328, 0.5079973190545102], [0.05040419703933867, 0.8394227775371711, 0.08478207624715331, 0.025390949176337264], [0.1323290808842147, 0.1278615355220086, 0.009519108539698517, 0.7302902750540783], [0.4127687214527843, 0.14774042923546202, 0.006493543316434456, 0.4329973059953193], [0.05611197095619983, 0.0810846746854225, 0.027312398670699217, 0.8354909556876784], [0.7848489049880976, 0.1071368869788003, 0.012095490741710319, 0.09591871729139188], [0.09381139231745049, 0.49115621355792066, 0.13244209148711614, 0.2825903026375128], [0.12920585705556464, 0.5281896040839541, 0.15707137231708337, 0.1855331665433975], [0.02695419119009098, 0.31835670526909043, 0.26245954860554943, 0.39222955493526923], [0.022155344769046945, 0.6320860701843498, 0.21614151114080948, 0.12961707390579372], [0.059995688772444586, 0.10429910318865422, 0.19036325482639804, 0.6453419532125033], [0.17623020654599597, 0.4569303263404066, 0.18295774534469328, 0.18388172176890422], [0.14151556541295784, 0.7003023871041941, 0.0345760982803301, 0.12360594920251791], [0.021867637510493615, 0.7998493881582428, 0.09358790150362997, 0.08469507282763333], [0.3362324959465744, 0.0592855058471163, 0.0021247370167736092, 0.6023572611895357], [0.07246391008133828, 0.520901659487084, 0.3095190176204047, 0.09711541281117281], [0.04090242419711377, 0.15739440463826085, 0.047093205150512234, 0.7546099660141129], [0.03831025418542676, 0.6137811005830496, 0.01146099371596726, 0.33644765151555617], [0.7561369583032499, 0.14222384212912698, 0.03199189895706433, 0.06964730061055903], [0.06010399891713521, 0.04214961057908053, 0.0341728936663534, 0.8635734968374309], [0.22503914387410082, 0.3429604841237733, 0.12480670890144677, 0.3071936631006791], [0.08954923221643796, 0.41946134030348986, 0.3808097018701487, 0.11017972560992356], [0.1724149534419458, 0.3520282322788113, 0.4053719640867293, 0.07018485019251383], [0.029316878471180523, 0.8877805002945099, 0.03390685882614949, 0.048995762408160004], [0.5649967696549865, 0.25160726055215477, 0.10669534630232588, 0.07670062349053273], [0.29486804874234157, 0.2643290240983577, 0.07740817596613261, 0.36339475119316805], [0.20242413741952617, 0.5574098661869328, 0.13163052033947584, 0.10853547605406515], [0.2736405458755155, 0.3218906319171132, 0.18972912267871037, 0.21473969952866065], [0.059871760409901734, 0.7441637132868592, 0.03340947407324209, 0.162555052229997], [0.08843466772600646, 0.4538656576313652, 0.42640673854241307, 0.03129293610021496], [0.002147276802070773, 0.7717350744859529, 0.012542219687128169, 0.21357542902484827], [0.7734522337116838, 0.09459579965555986, 0.030978410054785778, 0.10097355657797061], [0.014248272732237515, 0.7798484332436767, 0.07039411519855052, 0.13550917882553504], [0.1629209438718053, 0.10744922483838408, 0.025312969599136086, 0.7043168616906746], [0.15525686460921578, 0.1870756938807642, 0.03075581640682555, 0.6269116251031945], [0.17322565053849392, 0.34005374346504175, 0.27360386313537105, 0.21311674286109325], [0.3064349000105633, 0.044006425538897456, 0.6066267538543562, 0.04293192059618322], [0.2815829817214082, 0.2642219132762193, 0.3390538992004096, 0.11514120580196267], [0.3803513643089369, 0.06424131716423083, 0.026781049374388154, 0.5286262691524442], [0.2530479593538641, 0.28557007255612776, 0.08502534147215293, 0.3763566266178552], [0.08677344993143947, 0.34248841975827354, 0.2896608272506228, 0.2810773030596644], [0.0024561859804853666, 0.3805252168787489, 0.5237212534263241, 0.09329734371444183], [0.2901539169017255, 0.3816319427134116, 0.2814426845780524, 0.04677145580681042], [0.5500555418235412, 0.22409671923885124, 0.17986496003775837, 0.04598277889984938], [0.06494340283053182, 0.09984706258308373, 0.012103051909014366, 0.8231064826773697], [0.08557500147484799, 0.8024474924991651, 0.018338860510250923, 0.09363864551573582], [0.010848466490332553, 0.18495600314274677, 0.7768012339217338, 0.02739429644518687], [0.22275438319312776, 0.15924157950088036, 0.034200649626275295, 0.5838033876797165], [0.09825199634066353, 0.3169592375640081, 0.1052084269186616, 0.4795803391766668], [0.4132936204227227, 0.28993682594920195, 0.014981081629008573, 0.2817884719990668], [0.6152437721146872, 0.22562849291633205, 0.03751930882551256, 0.12160842614346787], [0.04991337951759317, 0.3390231226686425, 0.515738802672786, 0.09532469514097783], [0.057318147764861084, 0.2659074476604417, 0.024727980750058352, 0.6520464238246391], [0.1306829105908363, 0.2501844294822804, 0.576547950960467, 0.04258470896641641], [0.17528683442256535, 0.032691031833519284, 0.7215177579695606, 0.0705043757743548], [0.7627280371951445, 0.11216208342812674, 0.09637582756168037, 0.028734051815048386], [0.3579387108706546, 0.016605213222919826, 0.13460017511826855, 0.4908559007881572], [0.28943479036271896, 0.4260026348378605, 0.20945976310281975, 0.07510281169660082], [0.11545821831069027, 0.7938414405074264, 0.030112172838521536, 0.06058816834336173], [0.19496062773913586, 0.06297004839569995, 0.021987331169156528, 0.7200819926960078], [0.008243008761942077, 0.928783717603036, 0.025447623003580777, 0.03752565063144112], [0.1384919660808054, 0.18202804522258817, 0.0700786555944894, 0.6094013331021173], [0.006892365750121806, 0.675827606132426, 0.16124447126978772, 0.15603555684766443], [0.07503037968423648, 0.16221914454332856, 0.034410461588010505, 0.7283400141844245], [0.00514180601056666, 0.3809768966828685, 0.6066331149343682, 0.007248182372196443], [0.45966524261938563, 0.22371075431386972, 0.09229486708754302, 0.224329135979202], [0.14203304318603452, 0.0694222345080332, 0.026241017753426223, 0.762303704552506], [0.07615356578262213, 0.1275029425728615, 0.010260284201778658, 0.786083207442738], [0.204816888843416, 0.5689494312778656, 0.020625856390083974, 0.2056078234886346], [0.30755950180133246, 0.3814284236859974, 0.036396951564982946, 0.2746151229476869], [0.3748368844026194, 0.1064509793378522, 0.02282327874048995, 0.49588885751903855], [0.033305404116654315, 0.23117454861454528, 0.0695951163237139, 0.6659249309450866], [0.050870543927714576, 0.10553819594436743, 0.03663076579501217, 0.8069604943329057], [0.3718573975255436, 0.03640174284755701, 0.055984917587124254, 0.5357559420397751], [0.2595745380308945, 0.06099480415923323, 0.0038461350955976224, 0.6755845227142748], [0.33501972093315363, 0.024251977621640615, 0.08171401474435763, 0.559014286700848], [0.07655337619417141, 0.8119034451283031, 0.035357758588633326, 0.07618542008889222], [0.33353290752496056, 0.2637671482993281, 0.3069790828151819, 0.0957208613605293], [0.006345713363479763, 0.48549346947766553, 0.4512441768921162, 0.05691664026673849], [0.7126267654479557, 0.040962339195708186, 0.00765722694440667, 0.23875366841192955], [0.01338491437112379, 0.4826365507766933, 0.3829536853671149, 0.12102484948506795], [0.12362893115203143, 0.4569244290746913, 0.032651454205872434, 0.3867951855674051], [0.6389852717516027, 0.1479780120310574, 0.17636242079961154, 0.03667429541772816], [0.09131947903837137, 0.6826497266152752, 0.06271895553794393, 0.1633118388084095], [0.04175692326421272, 0.3859147681906761, 0.46775763745115084, 0.10457067109396057], [0.28847495330003775, 0.39615728675274475, 0.14848704303564542, 0.166880716911572], [0.09304656044238446, 0.05544330995239786, 0.003914227852968357, 0.8475959017522493], [0.05561639144254958, 0.5306186620536766, 0.23762705887921046, 0.17613788762456328], [0.16361575972920717, 0.5016007336140399, 0.0047963852272617504, 0.3299871214294912], [0.009144607797850554, 0.20159669428170823, 0.783770975907383, 0.005487722013057985], [0.08351175421698066, 0.15476075563828487, 0.5938318871469244, 0.1678956029978101], [0.05320608856569415, 0.21496454283206823, 0.025099179414215102, 0.7067301891880228], [0.13783345519299944, 0.31981527496221546, 0.3349782165155517, 0.20737305332923306]]}}