{"test": {"ids": ["102112030", "108117610", "109117150", "109118820", "104116441", "100109311", "103111170", "109114270", "110121170", "100116500", "99110730", "98110710", "103112641", "105116860", "100108080", "109120540", "112118701", "113122430", "101111620", "107117010", "101111210", "105117351", "100110260", "101116130", "113117340", "111119340", "97107920", "105118171", "107113200", "99111340", "108113740", "100108990", "98121790", "105116650", "105115680", "105115900", "97110950", "104119340", "107121640", "111116090", "113122510", "103110760", "108121351", "97116410", "111118820", "99109141", "99109740", "98111670", "108114220", "98108970", "108121410", "97107950", "111118301", "107114110", "103111830", "113120531", "98107340", "99112641", "108121160", "112116501", "111116990", "109119591", "102110500", "101109370", "98113881", "103113640", "101114020", "107120010", "109117600", "106114011", "111118810", "113120830", "103117461", "106119580", "103109791", "105120280", "101108950", "110114610", "104114410", "108115970", "107116300", "111117200", "111121220", "113122650", "109116750", "100109360", "99107950", "110118701", "109117730", "101109120", "101121640", "104111990", "113121680", "113118870", "98110230", "110116300", "113119120", "111119150", "107118820", "113121410", "101110150", "106116441", "111115620", "111116750", "107119950", "107117630", "98120010", "105116501", "112117790", "110115120", "111115400", "112118161", "99107300", "104111380", "102110050", "107114321", "111116640", "112119930", "108118630", "113120640", "104113240", "110118121", "111117000", "105113620", "102117351", "100108260", "110118740", "103110220", "99120010", "110118161", "113121750", "105115380", "113119360", "97107821", "97118210", "101108370", "105118740", "107113130", "99112840", "105114220", "100120780", "97106970"], "labels": [2, 3, 2, 3, 1, 1, 2, 3, 2, 2, 3, 2, 3, 2, 0, 1, 0, 2, 3, 1, 2, 0, 3, 2, 2, 3, 0, 3, 0, 1, 3, 2, 2, 1, 2, 3, 3, 1, 1, 3, 2, 1, 3, 3, 0, 3, 3, 1, 3, 3, 0, 2, 3, 1, 3, 0, 0, 1, 2, 3, 0, 0, 3, 1, 3, 1, 3, 1, 1, 1, 0, 3, 0, 3, 3, 3, 2, 1, 1, 2, 0, 0, 3, 2, 0, 0, 1, 3, 3, 1, 2, 2, 1, 0, 3, 3, 3, 3, 3, 0, 1, 0, 1, 3, 3, 0, 2, 1, 3, 0, 0, 0, 3, 3, 3, 0, 0, 1, 1, 0, 2, 3, 0, 0, 1, 3, 3, 2, 2, 0, 0, 1, 0, 2, 2, 1, 1, 1, 2, 3, 1, 2], "predicted_labels": [2, 3, 0, 3, 3, 0, 0, 3, 1, 1, 1, 1, 0, 0, 3, 0, 3, 2, 1, 2, 3, 3, 0, 3, 1, 3, 0, 1, 1, 1, 3, 3, 2, 3, 3, 2, 0, 3, 3, 3, 1, 1, 3, 1, 3, 3, 0, 2, 1, 1, 0, 3, 0, 3, 3, 1, 0, 1, 1, 3, 0, 1, 3, 3, 0, 0, 0, 1, 0, 1, 1, 1, 1, 0, 1, 1, 3, 1, 0, 1, 0, 3, 3, 1, 3, 1, 1, 1, 1, 1, 3, 0, 3, 0, 1, 3, 3, 0, 0, 3, 1, 0, 2, 0, 0, 3, 1, 1, 3, 1, 1, 3, 1, 2, 1, 3, 3, 3, 3, 1, 1, 3, 3, 1, 1, 0, 0, 1, 1, 0, 3, 0, 0, 0, 2, 2, 0, 1, 1, 0, 3, 0], "confidence_scores": [[0.13169776219251872, 0.26753064042971975, 0.4250605937669423, 0.17571100361081918], [0.2526051851976247, 0.31333658565018363, 0.09799385099240095, 0.33606437815979057], [0.376558243018318, 0.22139849103054804, 0.16803731576576755, 0.23400595018536652], [0.17954902882903445, 0.2532101946145996, 0.19523530128934977, 0.3720054752670164], [0.1771578966008937, 0.3142712881017531, 0.12379112851161211, 0.38477968678574104], [0.39999889176541537, 0.24708985655583451, 0.1201292203816653, 0.2327820312970847], [0.2818922770412693, 0.2043829850544356, 0.26716259020046573, 0.24656214770382934], [0.18351049116085585, 0.15949561071203144, 0.29261157678646327, 0.36438232134064935], [0.2695819159002306, 0.31876826570446876, 0.2135601404473769, 0.19808967794792381], [0.2527471240298401, 0.36032546474818994, 0.1862111652626047, 0.2007162459593653], [0.17442363499526992, 0.3512200132936932, 0.15392393952913175, 0.32043241218190505], [0.14091893792449384, 0.4481057042803745, 0.1783774594945981, 0.23259789830053357], [0.36374750194093003, 0.2242295735941466, 0.13004573795362914, 0.2819771865112941], [0.3741770619868393, 0.28083107859197276, 0.10037306144072515, 0.2446187979804628], [0.1856080253068535, 0.23062589455525453, 0.10882047739638412, 0.47494560274150804], [0.3427488100460978, 0.2946583420619821, 0.09971917645551101, 0.262873671436409], [0.26143447559356275, 0.25639463822682834, 0.15586324191513748, 0.32630764426447134], [0.19081514035717287, 0.2197841315120832, 0.3061795509420209, 0.28322117718872303], [0.2629399751704546, 0.32113845932462615, 0.133183000625715, 0.28273856487920423], [0.0877186026174146, 0.17570879408584095, 0.4909627206515166, 0.245609882645228], [0.27278000014777426, 0.21644694319306038, 0.21863419305802087, 0.2921388636011443], [0.22595744582340507, 0.28462085072770915, 0.1567493745458709, 0.33267232890301507], [0.4290539517552794, 0.22266617944615372, 0.1623456076374246, 0.18593426116114217], [0.25533285276377166, 0.19957934219973905, 0.2014423614836509, 0.3436454435528385], [0.24089799107774287, 0.3531130235607107, 0.1274672984574104, 0.2785216869041362], [0.10381116612438139, 0.1849810604655248, 0.06068848172154183, 0.6505192916885519], [0.46972972372364874, 0.2572867603349389, 0.13555371108201203, 0.1374298048594003], [0.24002213869402148, 0.39510925374246275, 0.12166819190013699, 0.24320041566337894], [0.32244900771171325, 0.34917112815165474, 0.10669290048337252, 0.22168696365325946], [0.21870133245200618, 0.3104406950019106, 0.27541281205815865, 0.19544516048792457], [0.2645862777247204, 0.1845894358661286, 0.11280713443696584, 0.43801715197218527], [0.23902965620237449, 0.26473109922871113, 0.16792127553241584, 0.3283179690364986], [0.15052703176046683, 0.3201130690186018, 0.3601048765883067, 0.16925502263262487], [0.22175275933577213, 0.2921960666678474, 0.14034358009741635, 0.3457075938989641], [0.12094008646905774, 0.33714876729027615, 0.09252123183963144, 0.4493899144010347], [0.21104324113896833, 0.25326160723168784, 0.28136723841307215, 0.2543279132162718], [0.3280074453124203, 0.3034745789254617, 0.139597335190193, 0.22892064057192496], [0.264917857499135, 0.25160611737778654, 0.19672323108405484, 0.28675279403902365], [0.20392169893944445, 0.2609367614261308, 0.25322704403975327, 0.28191449559467147], [0.14472250752852855, 0.18555794078044185, 0.08405652681053323, 0.5856630248804963], [0.13982543792460875, 0.4753109631996302, 0.19081057975131616, 0.1940530191244449], [0.24522611266806213, 0.34275031825234087, 0.09559654643038241, 0.31642702264921474], [0.18399909784823512, 0.3285167227611817, 0.0722752792315181, 0.4152089001590652], [0.11607549614657257, 0.40139288164466713, 0.370965466090753, 0.11156615611800742], [0.3034376143876197, 0.22060751982584154, 0.1148930573659616, 0.36106180842057717], [0.2897747556991014, 0.2593982835552673, 0.15071141188084305, 0.30011554886478825], [0.33624514757575213, 0.2710308962645774, 0.19053265841055064, 0.2021912977491198], [0.24346082027643046, 0.11565335107953442, 0.33983936203789233, 0.3010464666061428], [0.21675446157180048, 0.309406611173093, 0.29127889335311474, 0.18256003390199183], [0.24108479383404355, 0.2792958421976951, 0.21725761467030794, 0.26236174929795353], [0.3301711269413412, 0.32917616895970264, 0.1420137847215227, 0.19863891937743344], [0.25813446939974977, 0.2761749406619796, 0.1504658727925726, 0.3152247171456981], [0.39632055111910885, 0.16442225357943788, 0.09061181245981322, 0.34864538284164015], [0.14588530420438653, 0.1318274398442235, 0.2697611778499122, 0.45252607810147766], [0.26156261785239115, 0.2207371815587521, 0.11928371053962337, 0.3984164900492334], [0.27615519418722845, 0.4218989152156869, 0.08602304722987456, 0.21592284336721015], [0.31139047042010765, 0.2950455916289652, 0.18268565094486913, 0.210878287006058], [0.3116469670639941, 0.323820738878733, 0.10046030317132641, 0.2640719908859465], [0.2080563395346647, 0.34600121604473305, 0.1237087639520355, 0.3222336804685667], [0.25210521128509683, 0.2632520321796842, 0.17239696553031916, 0.3122457910048998], [0.4507120070954291, 0.15313979893545113, 0.15630011899480706, 0.23984807497431268], [0.18798595903907475, 0.3644910519755001, 0.10123370851111414, 0.34628928047431123], [0.21508330041740686, 0.22449187505210907, 0.16700412483195698, 0.3934206996985273], [0.19055362644261997, 0.308714509749649, 0.08328239137540518, 0.41744947243232594], [0.39029056046389093, 0.2893260550217519, 0.1341289234314028, 0.18625446108295424], [0.4021837221481187, 0.20733726398350816, 0.12740159526360972, 0.26307741860476336], [0.30876011971895184, 0.1832948159119314, 0.21983667216322905, 0.2881083922058877], [0.2236497553478064, 0.405376211895867, 0.16349221091343394, 0.20748182184289268], [0.3197769039170381, 0.25332535297560926, 0.1342593401225921, 0.29263840298476057], [0.3210899206621112, 0.4322580538911437, 0.12294892954035545, 0.12370309590638977], [0.22644387674449754, 0.42025411044278965, 0.1064597136841861, 0.24684229912852673], [0.14342998088627282, 0.582084725205794, 0.09488720639391998, 0.1795980875140132], [0.29665061849660607, 0.3096320142600403, 0.12612949910108395, 0.26758786814226965], [0.34627286941608626, 0.18724628772304708, 0.2376096958850901, 0.22887114697577654], [0.15402868959736135, 0.39635171236621247, 0.21976482165183822, 0.22985477638458807], [0.1728507856984176, 0.4122009263070912, 0.19674931102094498, 0.21819897697354604], [0.1645909414469097, 0.3112170757080796, 0.19614969093891302, 0.3280422919060978], [0.1869780774734976, 0.5656739357049926, 0.12752148757807003, 0.1198264992434399], [0.38335388475537147, 0.21379959102977425, 0.1479461349894928, 0.25490038922536157], [0.20052333594217445, 0.3823337305711523, 0.11105137160612187, 0.3060915618805514], [0.310549341523906, 0.22205111380131815, 0.18492538609964948, 0.2824741585751264], [0.16035832867452773, 0.2852286710263448, 0.19596261239533566, 0.35845038790379175], [0.3637634695173545, 0.1669896042250288, 0.08846720373788683, 0.3807797225197299], [0.22734852113838497, 0.31346310033035163, 0.2132960855420256, 0.24589229298923793], [0.2407623713667809, 0.3123441830241837, 0.10712634454786128, 0.3397671010611742], [0.24027448103484692, 0.2824721181213534, 0.20009723422887793, 0.2771561666149219], [0.19156883862274954, 0.3410652178297279, 0.25749296284108153, 0.2098729807064411], [0.21733008599315698, 0.49664261387211683, 0.15194797673194624, 0.13407932340278012], [0.3022219045726461, 0.41297137057350414, 0.08424487714220902, 0.20056184771164073], [0.2550207932856221, 0.3279495539996854, 0.14782594183430392, 0.2692037108803887], [0.12086156092110865, 0.1661973597361297, 0.10856547754117798, 0.6043756018015837], [0.38260250404482926, 0.33112051347020793, 0.09677277829579402, 0.1895042041891689], [0.13862070099645382, 0.24116555631828052, 0.09664202022800203, 0.5235717224572637], [0.37522197009909664, 0.17418083108494545, 0.1141635220538523, 0.3364336767621057], [0.3065781272664789, 0.3221283230343378, 0.12359074774941609, 0.2477028019497674], [0.26895623614437775, 0.2567272603964041, 0.1326402449180204, 0.3416762585411977], [0.1607808204418112, 0.21700531457215266, 0.12301465337191433, 0.49919921161412184], [0.38709879977423917, 0.2880840283294624, 0.09268574949222484, 0.23213142240407372], [0.3380321583981683, 0.21361850044685707, 0.11606355644076671, 0.33228578471420783], [0.22653060052734408, 0.2958289703832359, 0.12365809496405228, 0.35398233412536784], [0.20978547039223286, 0.3218270658447993, 0.21034219497784334, 0.25804526878512446], [0.5122202400135527, 0.26551455978470273, 0.07354357642938782, 0.1487216237723569], [0.1709810357646123, 0.19064777996882165, 0.44209829999560835, 0.1962728842709577], [0.451160771748036, 0.21454997686740762, 0.08624795720859797, 0.2480412941759585], [0.45222999104632966, 0.17822199293688445, 0.1051530076792249, 0.26439500833756086], [0.16979946878815375, 0.25248836025767774, 0.17615957912745198, 0.40155259182671665], [0.24811482227211337, 0.3202175225168983, 0.2639623682755932, 0.16770528693539513], [0.252617843482657, 0.5595948127101369, 0.05552293954655252, 0.13226440426065356], [0.3265953605409756, 0.20838743344032717, 0.12498966926323878, 0.34002753675545844], [0.21772292599506704, 0.3596474204879718, 0.10526836390917717, 0.31736128960778404], [0.22714806592844528, 0.2682753331119697, 0.2665326363657997, 0.2380439645937853], [0.14448761867649174, 0.3675141108967065, 0.08451313938392359, 0.40348513104287836], [0.22245577424851137, 0.44163190763925575, 0.15619105018234566, 0.17972126792988724], [0.22191666234275162, 0.16997101032776882, 0.40351707695198036, 0.20459525037749915], [0.1390156814088272, 0.5397309086133819, 0.12361312771752192, 0.19764028226026897], [0.3139990823890964, 0.24061326164331232, 0.11766628762882296, 0.3277213683387683], [0.20401805567573517, 0.23128285478834523, 0.13222048215060836, 0.43247860738531113], [0.20411079905397136, 0.2967241620158099, 0.17547681270315277, 0.3236882262270661], [0.20440395645579065, 0.19592386484340565, 0.2281694811044516, 0.3715026975963522], [0.3115776905835924, 0.3296666543721593, 0.07852763046835111, 0.2802280245758972], [0.24368776145379178, 0.3048299456086666, 0.2639280925515407, 0.18755420038600107], [0.1837563105350068, 0.25558440038454067, 0.12310806635638405, 0.4375512227240685], [0.21790325129844307, 0.23871015465866416, 0.2124524108722123, 0.3309341831706805], [0.29033474679062843, 0.40606338144313175, 0.13028481094391295, 0.17331706082232687], [0.24898589443603883, 0.46739379757044125, 0.10296691893529607, 0.180653389058224], [0.31100086575748465, 0.19595888314495927, 0.20476933405100964, 0.28827091704654667], [0.41594297152948523, 0.16597897460021915, 0.09214852943259283, 0.3259295244377028], [0.22171499933454022, 0.3716758120395651, 0.13836771974415826, 0.2682414688817365], [0.2969131192415783, 0.42091586266112724, 0.1296877409138838, 0.15248327718341076], [0.3487722540331217, 0.26867167864058417, 0.12241865930472073, 0.2601374080215734], [0.1396760390211896, 0.3762129736356243, 0.10430567653527507, 0.379805310807911], [0.33584692139395134, 0.26857868200335216, 0.1962011185411195, 0.1993732780615772], [0.38853915999789146, 0.19392652508057348, 0.1973648615442368, 0.22016945337729824], [0.374235527522515, 0.2279084863799931, 0.21234520181718217, 0.1855107842803097], [0.14454050012732822, 0.31653504751752093, 0.4047363569955812, 0.13418809535956966], [0.22702203540254662, 0.2626968099354519, 0.3598148372647982, 0.15046631739720337], [0.3513426644805284, 0.2171927476172495, 0.20402483792508352, 0.22743974997713837], [0.2383278780095755, 0.343787636620703, 0.17917169920079737, 0.23871278616892413], [0.30929769781649086, 0.31217002977580177, 0.1955677452484558, 0.18296452715925157], [0.3695307270556137, 0.31066337652198767, 0.11920687381295764, 0.20059902260944099], [0.22368249998462517, 0.25185449763460316, 0.19817054267581125, 0.32629245970496046], [0.3945610197525325, 0.2412193047313499, 0.10857129557495272, 0.25564837994116496]]}, "rewritten": {"ids": ["97106970", "97107821", "97107920", "97107950", "97110950", "97116410", "97118210", "98107340", "98108970", "98110230", "98110710", "98111670", "98113881", "98120010", "98121790", "99107300", "99107950", "99109141", "99109740", "99110730", "99111340", "99112641", "99112840", "99120010", "100108080", "100108260", "100108990", "100109311", "100109360", "100110260", "100116500", "100120780", "101108370", "101108950", "101109120", "101109370", "101110150", "101111210", "101111620", "101114020", "101116130", "101121640", "102110050", "102110500", "102112030", "102117351", "103109791", "103110220", "103110760", "103111170", "103111830", "103112641", "103113640", "103117461", "104111380", "104111990", "104113240", "104114410", "104116441", "104119340", "105113620", "105114220", "105115380", "105115680", "105115900", "105116501", "105116650", "105116860", "105117351", "105118171", "105118740", "105120280", "106114011", "106116441", "106119580", "107113130", "107113200", "107114110", "107114321", "107116300", "107117010", "107117630", "107118820", "107119950", "107120010", "107121640", "108113740", "108114220", "108115970", "108117610", "108118630", "108121160", "108121351", "108121410", "109114270", "109116750", "109117150", "109117600", "109117730", "109118820", "109119591", "109120540", "110114610", "110115120", "110116300", "110118121", "110118161", "110118701", "110118740", "110121170", "111115400", "111115620", "111116090", "111116640", "111116750", "111116990", "111117000", "111117200", "111118301", "111118810", "111118820", "111119150", "111119340", "111121220", "112116501", "112117790", "112118161", "112118701", "112119930", "113117340", "113118870", "113119120", "113119360", "113120531", "113120640", "113120830", "113121410", "113121680", "113121750", "113122430", "113122510", "113122650"], "labels": [2, 2, 0, 2, 3, 3, 2, 0, 3, 3, 2, 1, 3, 2, 2, 3, 1, 3, 3, 3, 1, 1, 2, 2, 0, 3, 2, 1, 0, 3, 2, 1, 1, 2, 1, 1, 1, 2, 3, 3, 2, 2, 3, 3, 2, 1, 3, 2, 1, 2, 3, 3, 1, 0, 3, 2, 2, 1, 1, 1, 0, 3, 1, 2, 3, 1, 1, 2, 0, 3, 1, 3, 1, 0, 3, 1, 0, 1, 0, 0, 1, 0, 3, 3, 1, 1, 3, 3, 2, 3, 1, 2, 3, 0, 3, 0, 2, 1, 3, 3, 0, 1, 1, 0, 3, 3, 0, 3, 3, 2, 0, 1, 3, 0, 3, 0, 0, 0, 3, 0, 0, 3, 3, 3, 3, 3, 0, 0, 1, 2, 0, 3, 0, 0, 0, 3, 0, 1, 0, 2, 2, 2], "predicted_labels": [3, 0, 0, 1, 0, 1, 2, 0, 2, 0, 1, 3, 0, 1, 1, 0, 0, 1, 0, 0, 2, 0, 1, 1, 3, 0, 1, 0, 3, 0, 1, 1, 2, 1, 0, 3, 2, 3, 3, 1, 3, 3, 1, 3, 3, 3, 0, 3, 1, 3, 0, 3, 0, 1, 0, 1, 1, 0, 1, 0, 1, 0, 3, 3, 0, 1, 3, 0, 3, 1, 1, 1, 1, 0, 0, 3, 3, 2, 1, 1, 1, 0, 3, 3, 1, 0, 0, 1, 1, 3, 0, 1, 1, 1, 3, 1, 0, 0, 0, 3, 1, 0, 1, 0, 3, 1, 0, 1, 0, 2, 3, 1, 3, 0, 3, 0, 1, 3, 0, 1, 3, 0, 3, 1, 3, 0, 0, 0, 1, 3, 0, 1, 3, 1, 1, 1, 1, 3, 1, 1, 1, 3], "confidence_scores": [[0.19076762732311223, 0.18534558297126474, 0.10834844722081563, 0.5155383424848073], [0.4619220388366439, 0.23655518407686812, 0.07859279116353779, 0.22292998592295019], [0.5149899266965654, 0.2653121501948537, 0.09322384151326242, 0.12647408159531853], [0.26970996123564517, 0.3272705233389939, 0.15752933014893164, 0.2454901852764294], [0.32959260880742486, 0.32518983168187576, 0.1256726262629922, 0.2195449332477071], [0.15710654934590423, 0.41786762352418433, 0.23382711828453678, 0.1911987088453746], [0.19141529123411002, 0.1560339586188058, 0.4756033577598456, 0.17694739238723875], [0.48586178536453495, 0.19789585533438445, 0.1430225921394484, 0.1732197671616322], [0.18459528801363642, 0.16657586106083383, 0.5093069825282397, 0.13952186839729022], [0.6028941196687991, 0.11311480391669859, 0.11161100907614008, 0.17238006733836206], [0.2596987249465578, 0.3424108590985418, 0.11690756650896714, 0.2809828494459333], [0.08234056007974902, 0.2215847254949145, 0.286721417358872, 0.4093532970664645], [0.3573605843158687, 0.2031488087759898, 0.22904901047971854, 0.2104415964284231], [0.24146906544544075, 0.28028533936296546, 0.2494531442563716, 0.22879245093522238], [0.21796387917272622, 0.2931234291513402, 0.2138690648173429, 0.27504362685859074], [0.4165331438832561, 0.2908548503439216, 0.0822992342986038, 0.21031277147421845], [0.4454166482850251, 0.26466162372630736, 0.11187643593938643, 0.1780452920492812], [0.3286029983176386, 0.3308561349617677, 0.1254865156944049, 0.2150543510261888], [0.335715198470087, 0.2677035985880472, 0.1833834518568443, 0.21319775108502154], [0.2890143920524177, 0.2585591291070745, 0.22763957456204179, 0.2247869042784661], [0.2762193080020203, 0.2121331365194228, 0.33851044008996745, 0.17313711538858945], [0.4700049378801412, 0.2281965616759575, 0.08262453494174458, 0.2191739655021567], [0.3198377031560879, 0.38593361366339474, 0.11029334021404141, 0.18393534296647604], [0.19360003929392702, 0.35210552732804945, 0.2532396338221495, 0.20105479955587405], [0.29310477457075956, 0.17405298974408115, 0.09798123141809696, 0.4348610042670622], [0.42384000471130706, 0.1964692115873704, 0.17447435560011032, 0.2052164281012121], [0.18224113780652437, 0.38858484797660087, 0.13982510677507715, 0.2893489074417976], [0.36922856198898696, 0.18090849764357136, 0.16298297395774153, 0.2868799664097002], [0.2287658017657433, 0.26231663040885195, 0.20856589230105646, 0.3003516755243484], [0.3567197744914003, 0.27706419352976125, 0.15501594984113198, 0.2112000821377064], [0.2820215845669333, 0.35298219076048737, 0.15383711041703696, 0.21115911425554254], [0.18756627702085663, 0.4316418310097101, 0.1852710864845144, 0.19552080548491907], [0.23161734687684823, 0.21885879052174473, 0.284199325899262, 0.2653245367021451], [0.2008851484023589, 0.3558124548764242, 0.11943238980354898, 0.3238700069176683], [0.2939036607661078, 0.29082765040302155, 0.1493887905831453, 0.2658798982477253], [0.2621007716642966, 0.24691398244361393, 0.14314184948059622, 0.3478433964114933], [0.201787042177778, 0.1606870517435055, 0.4012185914189374, 0.23630731465977914], [0.290821260954252, 0.20470014933625472, 0.09508810608884619, 0.4093904836206471], [0.17552958290156162, 0.24920361388354312, 0.2398066907656269, 0.3354601124492684], [0.2504222445102168, 0.30002142115648583, 0.15884723066278383, 0.2907091036705138], [0.23655750102048384, 0.16690312705992802, 0.1295351519389105, 0.4670042199806777], [0.17082356565626144, 0.16950611461861373, 0.09339120660083114, 0.5662791131242938], [0.21464995321428287, 0.4334509385230352, 0.14974704196195296, 0.20215206630072896], [0.20767494897798336, 0.28522327999571423, 0.21282536616225628, 0.2942764048640461], [0.28093003853006093, 0.28794321238911696, 0.10129253672838985, 0.32983421235243227], [0.13376158732247875, 0.13826424616277438, 0.10025649299775691, 0.6277176735169899], [0.47999415115358085, 0.23122725714569264, 0.114732414953289, 0.17404617674743764], [0.12821184272423053, 0.15159481580956558, 0.08360337242784144, 0.6365899690383624], [0.20599921021454545, 0.352050579811495, 0.13247012528172042, 0.3094800846922392], [0.16522310473282897, 0.28559969424394877, 0.25752077743672, 0.2916564235865021], [0.4625855427426395, 0.23357989843346808, 0.1630947781148237, 0.14073978070906876], [0.2237266558780026, 0.18229726777892913, 0.18383629361916762, 0.4101397827239006], [0.5870284995558815, 0.12925050043147704, 0.1831722171668674, 0.10054878284577395], [0.17089576694358327, 0.39833923369852714, 0.23531699955603613, 0.1954479998018534], [0.279353434411718, 0.24942636922006986, 0.2641003712849794, 0.2071198250832328], [0.1838914141861091, 0.48475070436245493, 0.1344388143018326, 0.19691906714960347], [0.22606507513474045, 0.40376078628500783, 0.1674899540624276, 0.2026841845178239], [0.4489211455123695, 0.23692101040719826, 0.10438990189206461, 0.2097679421883677], [0.1621993488767566, 0.423749393467257, 0.07019352222348933, 0.34385773543249704], [0.3564345308560806, 0.2862200396188761, 0.1577207793918311, 0.1996246501332125], [0.1211305342634869, 0.6698090742411711, 0.09002656030516053, 0.1190338311901816], [0.4071072668792278, 0.19632063653206058, 0.12237339091772433, 0.2741987056709874], [0.18857784769568764, 0.10292692007266045, 0.056999511070195505, 0.6514957211614565], [0.13704423803519317, 0.35650932509830324, 0.10428502961952382, 0.4021614072469798], [0.2850236639467032, 0.187337513704091, 0.25313395055632826, 0.2745048717928775], [0.26257612178936, 0.48320226303508185, 0.09814660773958675, 0.1560750074359714], [0.2206863306199544, 0.30869936904888523, 0.14486957212100068, 0.32574472821015976], [0.4029752803684021, 0.31125421043068796, 0.10437119127296153, 0.18139931792794847], [0.293859037853392, 0.1737443465326925, 0.23413226781969007, 0.2982643477942254], [0.3228386314532166, 0.32321311115941154, 0.09684436667556859, 0.2571038907118035], [0.280158063942282, 0.4140876997191471, 0.13604248490383103, 0.16971175143473996], [0.22235955998200901, 0.38113834795807444, 0.16539541008750855, 0.2311066819724082], [0.1947504050252303, 0.4023478897252059, 0.15286997438596578, 0.25003173086359815], [0.43007416352402006, 0.19953355797813926, 0.12603699550140712, 0.24435528299643355], [0.33791165381571664, 0.12311311285873651, 0.23949852839540395, 0.29947670493014295], [0.153293508752593, 0.32652239786276155, 0.1762029188190072, 0.34398117456563826], [0.21448522607429749, 0.20635543306152582, 0.12439604509860507, 0.45476329576557173], [0.11476422002185027, 0.2626147831548255, 0.35225753331310067, 0.27036346351022356], [0.24690703188829882, 0.39009359624305334, 0.08462638140231132, 0.27837299046633646], [0.32774022342900705, 0.3574521066192404, 0.1301756979627841, 0.18463197198896864], [0.13654029701768927, 0.5107686685284302, 0.17835328900009711, 0.17433774545378344], [0.45700133474214255, 0.1772810169581118, 0.13825865383926922, 0.22745899446047652], [0.23485544159974706, 0.23691489423624015, 0.146765551357141, 0.3814641128068719], [0.3004402740899536, 0.2399962466587849, 0.08243354601882885, 0.37712993323243277], [0.18725888715832892, 0.5332435040742395, 0.10216991217009937, 0.1773276965973322], [0.3323695980796578, 0.2942097560691807, 0.2009198798439163, 0.17250076600724518], [0.4184582471186884, 0.16574676256191162, 0.1476178456827049, 0.26817714463669506], [0.1724801211618504, 0.5833002272338448, 0.13389824837622472, 0.11032140322808012], [0.14830078201910604, 0.43009682984478764, 0.18845308775907454, 0.23314930037703166], [0.09064333227150209, 0.1303693846487073, 0.16235400568626512, 0.6166332773935256], [0.32306971460812417, 0.14876557433256457, 0.2189171334394849, 0.30924757761982635], [0.10192614591364882, 0.47934324852202376, 0.18926076183294693, 0.22946984373138052], [0.14942784046135882, 0.4721947584649557, 0.12038588857577967, 0.25799151249790603], [0.2370325964170481, 0.3106341489045451, 0.2098064200825935, 0.24252683459581328], [0.23567635564106795, 0.19128993666590188, 0.23911742476977202, 0.33391628292325826], [0.22727381171908392, 0.45340311695284474, 0.07475408094201692, 0.2445689903860545], [0.4340799144444519, 0.22763022289867993, 0.15300261355928535, 0.18528724909758287], [0.34889011041606083, 0.2424625125711835, 0.1864748614423717, 0.2221725155703841], [0.47105962198067447, 0.1822114527480304, 0.12589738248493013, 0.22083154278636494], [0.28620060963455124, 0.22856685496635124, 0.09054264067776334, 0.3946898947213343], [0.07017374812066059, 0.40566268650072607, 0.2560780832454627, 0.2680854821331507], [0.39206682064040893, 0.24731500324722833, 0.14432829974666594, 0.21628987636569688], [0.15438417479217026, 0.42486347911747685, 0.20883635624882757, 0.21191598984152515], [0.42190796128816566, 0.21360522580020602, 0.11521359403145029, 0.24927321888017806], [0.21830927349488985, 0.23390270267787616, 0.1421150389293249, 0.4056729848979092], [0.25687716075414546, 0.30560542737096835, 0.14855341814567544, 0.2889639937292108], [0.346900100323818, 0.18006511040003112, 0.14543946827993867, 0.32759532099621214], [0.1715241581947673, 0.4216854358704517, 0.13829719996710668, 0.26849320596767434], [0.4741291716495019, 0.1335432152581925, 0.10583423524057567, 0.28649337785172996], [0.26834923691792456, 0.1560888737562802, 0.38074019118370084, 0.19482169814209452], [0.2910525270055648, 0.20672012853657018, 0.2060464292036382, 0.2961809152542268], [0.24077179070985674, 0.30790555040148726, 0.2033989117217796, 0.24792374716687643], [0.2691300382861234, 0.09446712896848593, 0.07705756914701224, 0.5593452635983784], [0.4161561248792087, 0.22939367694915677, 0.12346193320630604, 0.23098826496532843], [0.3282372140130967, 0.1812297292281036, 0.15548513247476825, 0.3350479242840315], [0.3903313425339445, 0.18807943288771772, 0.21002319590382398, 0.2115660286745138], [0.17376099331680234, 0.33090025928735495, 0.2786612998289717, 0.2166774475668711], [0.2842556825698451, 0.2070451606484775, 0.1390056667118257, 0.36969349006985175], [0.36323602002968225, 0.2467024725535112, 0.08502038299700877, 0.3050411244197979], [0.3030678669225869, 0.30962463169010507, 0.14167907436446756, 0.24562842702284066], [0.20867848806474806, 0.2520148192748216, 0.1609018610586185, 0.37840483160181193], [0.39636470803402235, 0.16153082778219652, 0.08378343073756024, 0.358321033446221], [0.1530660481052745, 0.12408812706174102, 0.13773515339177678, 0.5851106714412079], [0.18626981622903804, 0.37573226788909103, 0.1810095916715015, 0.25698832421036955], [0.3018201725992109, 0.18701555631025044, 0.17032301978220976, 0.3408412513083289], [0.32972206317178565, 0.28805383808651397, 0.10540069008862692, 0.27682340865307353], [0.4210864020180598, 0.2462642070786265, 0.11864324686181982, 0.21400614404149393], [0.37979904301757694, 0.34631735924078405, 0.07504024647464255, 0.19884335126699662], [0.1466431561060065, 0.35651799799568507, 0.20578331661809204, 0.2910555292802165], [0.3096763593739968, 0.20273266257731803, 0.15979920184384108, 0.32779177620484395], [0.3617041709924141, 0.2333595865994491, 0.14072471801546074, 0.2642115243926763], [0.27700636773646947, 0.27774978255607163, 0.18838198762313266, 0.25686186208432626], [0.18380194956238463, 0.16741129280747216, 0.1465748926248596, 0.5022118650052836], [0.14170900887154095, 0.45468091495922835, 0.09197688970985567, 0.31163318645937516], [0.13241958087692818, 0.5234580672062227, 0.14487205583463883, 0.19925029608221012], [0.2113795062918354, 0.4066030322202124, 0.13372143608723092, 0.2482960254007214], [0.24448110061086986, 0.3300952029095476, 0.11427602900108953, 0.31114766747849315], [0.21687154905473427, 0.30333439780224103, 0.17287758013270466, 0.30691647301032016], [0.23609884083859062, 0.40336264677213635, 0.06548547249320857, 0.2950530398960645], [0.1804568235632, 0.3752033636453015, 0.2391778035530727, 0.20516200923842587], [0.23763746878427097, 0.32273937193233126, 0.23966834801403783, 0.19995481126936], [0.13577319501134913, 0.31102814834631404, 0.2391557812263438, 0.3140428754159931]]}}