{"test": {"ids": ["113117630", "106117650", "98112170", "105116650", "104118340", "110116300", "107113130", "102110850", "107116980", "111119930", "113118511", "106116640", "112118550", "99116500", "110117500", "113118810", "110113591", "108117360", "106114150", "109120560", "105112240", "106120640", "110115120", "108114270", "97107040", "107121230", "109118701", "102108621", "107114321", "101109120", "98106560", "97105580", "112120630", "112121351", "106119580", "106113830", "106121190", "103111620", "102113210", "112120290", "105113260", "113119480", "108114040", "113119340", "99112641", "98106680", "97111790", "101109370", "111117000", "109113881", "102117351", "110120700", "102110690", "103117200", "109119450", "101112160", "97107260", "107115140", "106118301", "111119300", "103118291", "113122230", "112120670", "99108000", "106117790", "98108370", "109116170", "100111270", "104117630", "103113101", "109117431", "110119300", "106116850", "113118690", "105117431", "108116501", "99107660", "97107950", "110115710", "109114220", "100115700", "99107300", "113119450", "103120290", "97106600", "101111620", "109117630", "112118620", "107121700", "111120280", "113119320", "103120780", "111120591", "99111340", "98116500", "98108970", "100112060", "108115070", "104111880", "111120260", "111121410", "113117550", "100116790", "105113440", "108119550", "110120190", "98111231", "105110091", "99107950", "108120700", "107121640", "98109311", "106116370", "112118421", "108116120", "113122320", "109116040", "113118630", "111121190", "109120621", "98108580", "105117351", "105113480", "105115570", "106120290", "109120150", "99108710", "108115880", "106113170", "113117340", "102112170", "112119610", "112118471", "108115500", "113118111", "111118810", "100107920", "108115870", "112117780", "110118301", "111119290", "108114200"], "labels": [0, 1, 3, 1, 2, 3, 1, 3, 3, 1, 1, 3, 3, 2, 1, 3, 0, 1, 1, 1, 1, 3, 0, 3, 2, 0, 3, 3, 0, 1, 1, 1, 3, 0, 3, 1, 2, 0, 3, 1, 3, 3, 0, 0, 1, 1, 2, 1, 0, 0, 1, 2, 0, 0, 3, 3, 2, 0, 1, 1, 0, 1, 2, 2, 1, 1, 0, 2, 0, 3, 1, 1, 3, 3, 1, 0, 3, 2, 2, 3, 1, 3, 3, 2, 3, 3, 0, 3, 3, 0, 1, 1, 1, 1, 2, 3, 2, 1, 3, 3, 0, 3, 2, 0, 1, 3, 1, 0, 1, 2, 1, 1, 2, 3, 1, 1, 0, 3, 1, 1, 0, 0, 0, 0, 2, 2, 2, 3, 0, 2, 3, 0, 1, 3, 1, 0, 0, 3, 0, 1, 3, 0], "predicted_labels": [1, 3, 3, 2, 1, 1, 2, 2, 0, 0, 0, 3, 3, 2, 1, 3, 0, 2, 1, 2, 1, 1, 3, 3, 2, 1, 3, 0, 3, 2, 3, 2, 1, 0, 1, 3, 2, 2, 3, 2, 3, 0, 3, 0, 0, 2, 3, 1, 1, 0, 3, 0, 3, 3, 1, 3, 2, 3, 0, 3, 3, 1, 2, 1, 2, 2, 1, 1, 0, 3, 1, 1, 3, 1, 1, 0, 0, 3, 1, 1, 1, 0, 0, 2, 2, 0, 1, 0, 1, 3, 0, 1, 0, 3, 3, 1, 0, 0, 3, 0, 1, 3, 1, 2, 3, 0, 0, 3, 2, 0, 0, 2, 0, 3, 0, 1, 3, 3, 3, 0, 2, 3, 1, 1, 1, 2, 1, 1, 1, 1, 0, 1, 1, 3, 3, 3, 3, 3, 0, 1, 3, 0], "confidence_scores": [[0.2477730151279006, 0.31049577056107097, 0.15613519372946677, 0.2855960205815618], [0.2609779018135506, 0.2583603908599706, 0.2038039979221974, 0.2768577094042813], [0.2732605183549614, 0.25807435289015, 0.17361897832503975, 0.29504615042984883], [0.21436142585133913, 0.25488455222989675, 0.2842783793801686, 0.24647564253859527], [0.15867373849832989, 0.3497937694289247, 0.22522864901843037, 0.26630384305431526], [0.2586824576971361, 0.2940279522949879, 0.16241786645454304, 0.2848717235533332], [0.2217602093307654, 0.2727456428742051, 0.2923260325995995, 0.2131681151954298], [0.13340990927561625, 0.29704215971223435, 0.3505145043804676, 0.21903342663168163], [0.31508271257574894, 0.277284510156506, 0.1325998114337218, 0.2750329658340231], [0.2792291010291886, 0.2896812870828935, 0.15951489404925392, 0.2715747178386639], [0.26727051904325627, 0.2576737484993887, 0.19393049046467536, 0.2811252419926797], [0.29114169267154477, 0.24055040171675496, 0.15655345641311175, 0.3117544491985884], [0.2748827484170294, 0.2760726836409487, 0.13032055926658992, 0.3187240086754319], [0.09545294338901232, 0.3040272883847903, 0.39572940138382023, 0.20479036684237745], [0.2370613567179827, 0.3134325617792775, 0.15677266373850787, 0.29273341776423206], [0.278859143611259, 0.27267617358514257, 0.13027166384030406, 0.31819301896329405], [0.32126013000941445, 0.26069186280498846, 0.08908150189253722, 0.32896650529306004], [0.1197252836664771, 0.28052849566170496, 0.3386898496970364, 0.26105637097478146], [0.23741148021981084, 0.27712678008246894, 0.21510831913755216, 0.27035342056016826], [0.11441338919687316, 0.2776308380224406, 0.42188489364985976, 0.18607087913082634], [0.2551000173033768, 0.28654700610069717, 0.17931010737168163, 0.2790428692242446], [0.16345014133781183, 0.35432328954057496, 0.22535493328472855, 0.2568716358368848], [0.25948177718200066, 0.30619199528793506, 0.12991853265765527, 0.30440769487240904], [0.2757024088654656, 0.2815202387609499, 0.12373772793987282, 0.31903962443371153], [0.1501457059195002, 0.2653939132607992, 0.36911555276219027, 0.21534482805751035], [0.2060571308633682, 0.3345159302121893, 0.15965855706649157, 0.2997683818579509], [0.2635246259749233, 0.3013887227084733, 0.11700029886549884, 0.3180863524511045], [0.3361047473364857, 0.2340561979833674, 0.09549348489775555, 0.33434556978239127], [0.2611273277431128, 0.2742760931747834, 0.15823139004965084, 0.30636518903245297], [0.1903527961842048, 0.2613874985225454, 0.3210922283542524, 0.22716747693899725], [0.27942014813121624, 0.26833143636074047, 0.15918888226166994, 0.2930595332463733], [0.2591144303826314, 0.21864470077065234, 0.2745991043275336, 0.24764176451918304], [0.2565536012268122, 0.29223331877383435, 0.15204843989981073, 0.2991646400995428], [0.33242951001195, 0.2509968630510914, 0.08338299700215061, 0.33319062993480814], [0.21997137021602162, 0.2792933662744244, 0.2438664614328575, 0.25686880207669643], [0.26726245421230094, 0.2879236919667938, 0.1414426806682966, 0.3033711731526087], [0.15957536527980593, 0.2898880827402133, 0.3116687587779534, 0.2388677932020273], [0.23080247348354216, 0.23174208897233986, 0.2976150639740765, 0.2398403735700416], [0.25314488339769253, 0.25145448553168864, 0.20626243171205783, 0.289138199358561], [0.20914162003664183, 0.22228693575396094, 0.3629418885816325, 0.20562955562776458], [0.2816175744612108, 0.27069907118600045, 0.14090789210918986, 0.3067754622435988], [0.3126890893950162, 0.2467620383044983, 0.12662660368963463, 0.31392226861085076], [0.18822624925652162, 0.30489555002238955, 0.23653697853350522, 0.27034122218758366], [0.3283147929202509, 0.26353671737406587, 0.07907887268285246, 0.32906961702283094], [0.30228684701186265, 0.24835379875285604, 0.15536815331912301, 0.2939912009161585], [0.1502258244165046, 0.30243502167768693, 0.33254632248478283, 0.21479283142102634], [0.2852555888215519, 0.23296763052982364, 0.1834838792442256, 0.29829290140439896], [0.18837427431957554, 0.2909771745473726, 0.25253838783463356, 0.26811016329841847], [0.22766053290406313, 0.3343271022092784, 0.13389864350704794, 0.30411372137961035], [0.28140286343144505, 0.2589087447797769, 0.15862039159952748, 0.3010680001892505], [0.32123100172669833, 0.23835456596908758, 0.11007190067694313, 0.3303425316272709], [0.28289842833790946, 0.27737265616170775, 0.15125096275564393, 0.28847795274473914], [0.29964892614684413, 0.2909205420268351, 0.0913630888588899, 0.31806744296743095], [0.300430060720874, 0.27046358251815444, 0.11126394121862945, 0.3178424155423423], [0.15929990237018118, 0.294324178207186, 0.2716163335702495, 0.2747595858523833], [0.15641403097444104, 0.26888268387792097, 0.29869405867027476, 0.2760092264773635], [0.08136631893309407, 0.23574177624817663, 0.4979864919462123, 0.18490541287251666], [0.2925789930842098, 0.22354904311808182, 0.17304743333976105, 0.31082453045794706], [0.31236568409752835, 0.28133501814113343, 0.08343385497924476, 0.32286544278209334], [0.26074335543577953, 0.2736006944777034, 0.15711504225985007, 0.3085409078266671], [0.23860740136061276, 0.27644107423207637, 0.19511965946436605, 0.289831864942945], [0.2175840260877604, 0.2926365223058753, 0.22422579801806114, 0.26555365358830313], [0.20153871191611245, 0.26001987110088404, 0.3140647829380814, 0.22437663404492186], [0.15186992324243268, 0.3107268460154427, 0.28621536097240763, 0.251187869769717], [0.19235128169565954, 0.26644655935646866, 0.3054374177906848, 0.23576474115718685], [0.11638926305772376, 0.25972531980021424, 0.42403884007268233, 0.19984657706937928], [0.24239784279004725, 0.3198253511239894, 0.1307701876110837, 0.3070066184748794], [0.13506879391465199, 0.3190569937635163, 0.33938977953942656, 0.20648443278240491], [0.2987727514841565, 0.27755874907758915, 0.1239060495969209, 0.29976244984133366], [0.26812607507811453, 0.2650856799484142, 0.17176882752937683, 0.29501941744409443], [0.25416123358897247, 0.3142320325853895, 0.12605911081826607, 0.30554762300737187], [0.27422248404400024, 0.3019212765300431, 0.13109287426102698, 0.29276336516492957], [0.2831927928783029, 0.25622760586762583, 0.16579369488877532, 0.2947859063652962], [0.25500814088646767, 0.3121645018808686, 0.14373174148846243, 0.2890956157442012], [0.21717414516727374, 0.30601860605899744, 0.22042942268348284, 0.25637782609024584], [0.31714052359554995, 0.2604406895075893, 0.10435497021209965, 0.31806381668476136], [0.2964817650441379, 0.21564378615298124, 0.2255987463338414, 0.26227570246903986], [0.20918589580932706, 0.2754139559117991, 0.22874889643168367, 0.2866512518471902], [0.22928989590554377, 0.2803059903747218, 0.21933210194382952, 0.27107201177590456], [0.25543053057846193, 0.2688036736793214, 0.1966442334121975, 0.27912156233001906], [0.24583878254643732, 0.2876180562360847, 0.1876400846350845, 0.2789030765823934], [0.294621700388791, 0.2891546814092253, 0.0994782676972909, 0.3167453505046928], [0.3070558340225431, 0.2521055149795317, 0.12742028491976132, 0.313418366078164], [0.15214138952139536, 0.23147194446512895, 0.43885552385930243, 0.1775311421541732], [0.14905495565631055, 0.274618913453611, 0.34182452619703035, 0.234501604693048], [0.3350863843277745, 0.19820307200664986, 0.14663111495620051, 0.32007942870937495], [0.26244138174352605, 0.29606567619169666, 0.20190336696672845, 0.2395895750980486], [0.3097357691727307, 0.27488904147712584, 0.08947841546436562, 0.32589677388577776], [0.22822393482189773, 0.2993632595242261, 0.19641847082546612, 0.2759943348284102], [0.2832844902224159, 0.29950036634865373, 0.09532020479100788, 0.32189493863792257], [0.3130107747438204, 0.2745077783067791, 0.08925366417679928, 0.32322778277260095], [0.20039663829325566, 0.32190813553401404, 0.18926252199717516, 0.2884327041755554], [0.3207464263969186, 0.2559198549639799, 0.09463164666732225, 0.3287020719717793], [0.18618722736469917, 0.27755279119017534, 0.2442525913302396, 0.2920073901148857], [0.277653179352953, 0.2457206054786371, 0.17685562847390138, 0.29977058669450835], [0.2180688786816347, 0.32777443764447534, 0.16798380840588767, 0.28617287526800195], [0.27220538988375304, 0.23622389643909567, 0.22427264702028962, 0.2672980666568617], [0.2717469927732236, 0.27536695853243204, 0.21406172940917054, 0.23882431928517384], [0.16605243037495243, 0.2806865841514811, 0.26720409542638535, 0.286056890047181], [0.3091458954097581, 0.27371212454222493, 0.103480196152008, 0.313661783896009], [0.26704112619490866, 0.29221318656587164, 0.14222887769599013, 0.2985168095432298], [0.2809754784727291, 0.26608860511593896, 0.15021214648405848, 0.3027237699272735], [0.2384064603692044, 0.30566736846339015, 0.18776741288552312, 0.26815875828188207], [0.18453509498512904, 0.27459454254197113, 0.3105468935161916, 0.23032346895670788], [0.2795747570813398, 0.2561914401563261, 0.16340686360296675, 0.3008269391593675], [0.3111482189235686, 0.28335991602037763, 0.07122003441053436, 0.3342718306455193], [0.28242771182867965, 0.27760779062229596, 0.1365244852540608, 0.3034400122949638], [0.23806533736023963, 0.2777641673426992, 0.18963620255395147, 0.2945342927431096], [0.09846249141783758, 0.3242186346047438, 0.33871265524554783, 0.23860621873187088], [0.3210147606903214, 0.2521990026569808, 0.11200069258031975, 0.3147855440723783], [0.2643361337880134, 0.23984655283989414, 0.24373485469252396, 0.25208245867956874], [0.23149952974512136, 0.21956643258986358, 0.3031169363437227, 0.24581710132129256], [0.3026104268563822, 0.21354645753009993, 0.2110224365355544, 0.27282067907796376], [0.2913303770754623, 0.2851114111618991, 0.10803160397745297, 0.31552660778518576], [0.29329782585376657, 0.2695548960732151, 0.13375224304041997, 0.30339503503259835], [0.23787990883693483, 0.3183216191306108, 0.16250623590454175, 0.28129223612791276], [0.21339245708448754, 0.2550518766526615, 0.23791136607426694, 0.293644300188584], [0.255953624351445, 0.2736436825368059, 0.17904295808848955, 0.2913597350232597], [0.2839997368587718, 0.24753152080390212, 0.17017512543375043, 0.29829361690357564], [0.27359069595675983, 0.28510290537468586, 0.1427048952387386, 0.29860150342981545], [0.25223883025755817, 0.23021915042231172, 0.27672941965940195, 0.2408125996607281], [0.341717333472112, 0.20748304675439852, 0.1332768725664744, 0.3175227472070148], [0.17032116032285877, 0.3060604720674452, 0.25996490013601997, 0.2636534674736761], [0.2527295663217585, 0.2703596282552229, 0.2047488691852498, 0.27216193623776885], [0.20352208097630986, 0.30085791806421114, 0.2558858107257757, 0.23973419023370324], [0.17356421089193644, 0.21058806418463424, 0.41350806445880045, 0.20233966046462845], [0.19495021157015852, 0.3494710189469886, 0.16112193198873315, 0.29445683749412005], [0.2798954502050554, 0.2923040668898256, 0.12423228041652055, 0.3035682024885984], [0.25124864880395853, 0.33006267181031473, 0.11289030202069851, 0.30579837736502846], [0.14749384669537818, 0.31718642585740336, 0.3039880634210197, 0.23133166402619929], [0.27610321922069564, 0.22703603269915823, 0.2275032037351494, 0.2693575443449968], [0.2006109235157286, 0.2967665115640438, 0.22803151718531783, 0.27459104773490967], [0.2647290115339733, 0.2898079879902151, 0.15486004332032616, 0.2906029571554855], [0.20211423331597111, 0.27845651414526557, 0.23288351372396396, 0.28654573881479917], [0.29670172937781686, 0.2540003285907818, 0.1261288188838694, 0.3231691231475318], [0.3124245032983677, 0.28369625995925746, 0.07314752798876617, 0.3307317087536086], [0.2985629475422153, 0.2623602375815376, 0.12283443395492394, 0.3162423809213231], [0.2787290195534691, 0.257270829571846, 0.16262034534763853, 0.30137980552704646], [0.3143112563412541, 0.25810943982421586, 0.11386248779699268, 0.3137168160375373], [0.2532236884189889, 0.3153287115096906, 0.12924106624789264, 0.30220653382342755], [0.16810812238846892, 0.342176548955463, 0.17965484655865543, 0.3100604820974125], [0.3118659060063158, 0.23884793223474324, 0.14816974310754508, 0.30111641865139593]]}, "rewritten": {"ids": ["97105580", "97106600", "97107040", "97107260", "97107950", "97111790", "98106560", "98106680", "98108370", "98108580", "98108970", "98109311", "98111231", "98112170", "98116500", "99107300", "99107660", "99107950", "99108000", "99108710", "99111340", "99112641", "99116500", "100107920", "100111270", "100112060", "100115700", "100116790", "101109120", "101109370", "101111620", "101112160", "102108621", "102110690", "102110850", "102112170", "102113210", "102117351", "103111620", "103113101", "103117200", "103118291", "103120290", "103120780", "104111880", "104117630", "104118340", "105110091", "105112240", "105113260", "105113440", "105113480", "105115570", "105116650", "105117351", "105117431", "106113170", "106113830", "106114150", "106116370", "106116640", "106116850", "106117650", "106117790", "106118301", "106119580", "106120290", "106120640", "106121190", "107113130", "107114321", "107115140", "107116980", "107121230", "107121640", "107121700", "108114040", "108114200", "108114270", "108115070", "108115500", "108115870", "108115880", "108116120", "108116501", "108117360", "108119550", "108120700", "109113881", "109114220", "109116040", "109116170", "109117431", "109117630", "109118701", "109119450", "109120150", "109120560", "109120621", "110113591", "110115120", "110115710", "110116300", "110117500", "110118301", "110119300", "110120190", "110120700", "111117000", "111118810", "111119290", "111119300", "111119930", "111120260", "111120280", "111120591", "111121190", "111121410", "112117780", "112118421", "112118471", "112118550", "112118620", "112119610", "112120290", "112120630", "112120670", "112121351", "113117340", "113117550", "113117630", "113118111", "113118511", "113118630", "113118690", "113118810", "113119320", "113119340", "113119450", "113119480", "113122230", "113122320"], "labels": [1, 3, 2, 2, 2, 2, 1, 1, 1, 0, 3, 1, 1, 3, 2, 3, 3, 1, 2, 2, 1, 1, 2, 0, 2, 2, 1, 2, 1, 1, 3, 3, 3, 0, 3, 3, 3, 1, 0, 3, 0, 0, 2, 1, 3, 0, 2, 0, 1, 3, 0, 0, 0, 1, 0, 1, 0, 1, 1, 2, 3, 3, 1, 1, 1, 3, 2, 3, 2, 1, 0, 0, 3, 0, 1, 3, 0, 0, 3, 1, 3, 3, 3, 1, 0, 1, 1, 2, 0, 3, 0, 0, 1, 0, 3, 3, 2, 1, 1, 0, 0, 2, 3, 1, 1, 1, 3, 2, 0, 0, 3, 1, 1, 3, 0, 1, 1, 0, 0, 3, 1, 3, 3, 0, 1, 3, 2, 0, 2, 3, 0, 1, 1, 3, 3, 3, 1, 0, 3, 3, 1, 1], "predicted_labels": [0, 2, 2, 2, 3, 3, 0, 1, 2, 0, 1, 0, 0, 3, 0, 0, 0, 1, 1, 1, 3, 0, 2, 3, 1, 0, 1, 1, 0, 3, 0, 3, 3, 3, 2, 3, 3, 0, 0, 3, 3, 0, 2, 1, 3, 0, 1, 3, 1, 3, 2, 3, 3, 2, 0, 1, 1, 1, 0, 0, 3, 0, 3, 2, 3, 1, 1, 1, 1, 1, 3, 3, 0, 1, 0, 1, 1, 0, 3, 0, 3, 3, 1, 0, 0, 2, 3, 0, 0, 1, 3, 1, 0, 1, 3, 1, 2, 2, 0, 0, 3, 1, 1, 3, 1, 1, 0, 1, 1, 3, 1, 3, 0, 0, 3, 0, 3, 1, 0, 3, 1, 3, 0, 1, 2, 0, 2, 0, 1, 3, 1, 3, 0, 0, 1, 3, 0, 0, 0, 0, 1, 1], "confidence_scores": [[0.2855963458438789, 0.2277621091776717, 0.21815407279855034, 0.268487472179899], [0.2091885320413262, 0.2766832028845737, 0.2562023217003175, 0.25792594337378233], [0.17550007718642963, 0.280562169928019, 0.30328608024329773, 0.2406516726422537], [0.11956113674833109, 0.23842793399035517, 0.45499277872067445, 0.1870181505406395], [0.22216738329507896, 0.28803967039361067, 0.19428834834912018, 0.29550459796219025], [0.30157373529279113, 0.2516782821199825, 0.13513474451777455, 0.31161323806945185], [0.2905309415508364, 0.2724129320174906, 0.14041858443480626, 0.29663754199686637], [0.1991718071999457, 0.30415441146200645, 0.24814098108729404, 0.24853280025075383], [0.12749836472363207, 0.26716672830487764, 0.404753717873568, 0.20058118909792227], [0.2631964584300116, 0.23021035107592036, 0.26134520953604695, 0.24524798095802133], [0.24923814404808026, 0.32238134169198646, 0.13342396724196703, 0.29495654701796614], [0.25829371800234313, 0.22896484473556233, 0.24725519022551543, 0.2654862470365792], [0.28989963127678714, 0.27839286875044345, 0.12152627924132378, 0.3101812207314453], [0.2920655124593346, 0.26893941891301754, 0.13076969074343425, 0.3082253778842134], [0.2810005367635512, 0.26613531128442913, 0.1568107191923471, 0.2960534327596728], [0.3214266456061274, 0.266384183960004, 0.08849302314563547, 0.3236961472882333], [0.29530967373389067, 0.2266301385331408, 0.21085288154017612, 0.26720730619279254], [0.14862066542289482, 0.31182007611899215, 0.28516529004605917, 0.25439396841205375], [0.15669838278192333, 0.3043929932193745, 0.2840651209581307, 0.25484350304057124], [0.17273262603637327, 0.36316461768093505, 0.18322124152846, 0.28088151475423156], [0.20497226588345158, 0.2723430253555568, 0.2381865768768656, 0.28449813188412587], [0.28556044208121356, 0.26730273866661564, 0.15930389009619145, 0.28783292915597936], [0.11653561634006393, 0.31897564953419943, 0.33958117220074835, 0.224907561924988], [0.3019785281270521, 0.26372215494898055, 0.1195925227550952, 0.3147067941688721], [0.17691586260792905, 0.3220483095009244, 0.27469885832881547, 0.22633696956233096], [0.27994654162971966, 0.24621353723680628, 0.20444918633617262, 0.2693907347973013], [0.2741240784361862, 0.2934781140770137, 0.1401249693740064, 0.2922728381127938], [0.2522785445397339, 0.3110062741364309, 0.17366434130346783, 0.26305084002036716], [0.24195852607558213, 0.264539069035833, 0.24677553381074838, 0.24672687107783625], [0.23985797824876348, 0.28584869104281185, 0.18411835329185805, 0.2901749774165665], [0.32681425764376565, 0.21796517940295135, 0.13527132028644648, 0.3199492426668367], [0.16091180080085374, 0.27524035562641, 0.29604089501438585, 0.26780694855835036], [0.2875029713228064, 0.2783837190723057, 0.11359747890670806, 0.32051583069817985], [0.2823675325928494, 0.2904884565461767, 0.11958846683927177, 0.3075555440217021], [0.19717645650443877, 0.27650017139488564, 0.2759924462575701, 0.25033092584310546], [0.26619398651927945, 0.23218969578144016, 0.22027621535551975, 0.2813401023437608], [0.26235652509066043, 0.26400290154015, 0.17654248810385173, 0.29709808526533804], [0.3381637981378729, 0.22920003786643464, 0.09845008258507287, 0.33418608141061945], [0.260558220112012, 0.237798946117232, 0.23413697512704607, 0.26750585864370974], [0.27614290469709885, 0.2629746450812407, 0.16850749900706177, 0.2923749512145988], [0.290460356129377, 0.2890134922013612, 0.10121683844155038, 0.31930931322771156], [0.29384727005788414, 0.2648190875836943, 0.133016445458424, 0.3083171968999977], [0.21309832845402596, 0.2780365794019669, 0.2703086929632345, 0.23855639918077276], [0.2274833774353271, 0.32106568714899875, 0.15789237463369146, 0.2935585607819826], [0.19941225153532663, 0.27280267728184315, 0.24055773145720855, 0.28722733972562176], [0.3046185340741753, 0.26899316048680993, 0.12286265567264934, 0.3035256497663653], [0.2444717108873365, 0.2999016258330448, 0.17935130293105, 0.27627536034856837], [0.2639383274592796, 0.25107302930750175, 0.2024016244025615, 0.28258701883065723], [0.25735509275956425, 0.28772649253539007, 0.17328628955432768, 0.2816321251507179], [0.3121600782258538, 0.25760352511727275, 0.1105813454390893, 0.3196550512177842], [0.20435139027950974, 0.2669265218866716, 0.29114635145173634, 0.23757573638208235], [0.2498115937840541, 0.2966858048747603, 0.15003501818315612, 0.3034675831580295], [0.27965823775681387, 0.2631075413081677, 0.16796464711588793, 0.2892695738191304], [0.22461874382802202, 0.25135461100760403, 0.26870237849559353, 0.25532426666878016], [0.3514493387741322, 0.21580582270798315, 0.10360536041982261, 0.3291394780980621], [0.24477736830563146, 0.30153333487222134, 0.1808023587084837, 0.2728869381136635], [0.273454151235955, 0.3119294782036653, 0.1071922962650586, 0.30742407429532104], [0.243585700260549, 0.2909062446420746, 0.18116000278503439, 0.2843480523123421], [0.2817445791972559, 0.2615582901547409, 0.16967264568909698, 0.287024484958906], [0.315758234158913, 0.21765133812144616, 0.17841026813770947, 0.28818015958193127], [0.2880736480581095, 0.24817034211370825, 0.15806487187563398, 0.3056911379525484], [0.2977261404206844, 0.2601004819475853, 0.13327786059703586, 0.30889551703469437], [0.26730885713294167, 0.2696297118274017, 0.17462724699149113, 0.2884341840481659], [0.21918427874720853, 0.2586826804329657, 0.26484288703031067, 0.2572901537895153], [0.3031887256294434, 0.2823647815191977, 0.09567794520321302, 0.3187685476481458], [0.22235333346650119, 0.279899010943003, 0.24396544835246495, 0.2537822072380306], [0.219533632223746, 0.29934563583392293, 0.23250618750690993, 0.2486145444354211], [0.21441448809526673, 0.3401728208405909, 0.16826194713541223, 0.2771507439287301], [0.19580176248530415, 0.28067124404960214, 0.2555945191870588, 0.2679324742780347], [0.2656596442305074, 0.2814028763033424, 0.18901905221873957, 0.26391842724741066], [0.2828833718535885, 0.256841536253264, 0.15230909443948631, 0.30796599745366127], [0.3185063754565971, 0.2253667650876099, 0.13918740218027517, 0.31693945727551764], [0.31326293064570737, 0.28407427425432674, 0.11738944482975572, 0.28527335027020995], [0.2202374144998302, 0.3293211311694334, 0.15663315161094432, 0.29380830271979225], [0.29155166866596804, 0.2502532711101982, 0.1781925850100643, 0.2800024752137694], [0.23659054020437542, 0.30180308552941154, 0.18695218178561157, 0.27465419248060147], [0.23436833887408856, 0.29659479263270927, 0.19783942786937203, 0.27119744062383], [0.3079630350056329, 0.2511176436703446, 0.14693313755137827, 0.2939861837726441], [0.30877917411152556, 0.26194821639300414, 0.10744678040215815, 0.32182582909331225], [0.2842656737509859, 0.2789275861294352, 0.17325096384322647, 0.26355577627635274], [0.23340226089170227, 0.27922243984825285, 0.19408678205518878, 0.293288517204856], [0.28567732630654136, 0.25825501493033626, 0.15074539769194312, 0.30532226107117943], [0.28000544561031687, 0.2947646797367703, 0.12043587811084017, 0.3047939965420726], [0.2925478887476248, 0.26655166547250275, 0.14810528351026964, 0.2927951622696028], [0.32581467115993046, 0.24583869743484865, 0.10950946645149001, 0.31883716495373104], [0.15117966031699792, 0.27259264480015516, 0.32654259093613375, 0.24968510394671292], [0.2722995323157715, 0.2603987909351252, 0.1729875579078463, 0.294314118841257], [0.3341161884492798, 0.24903396159107902, 0.08814229212541767, 0.32870755783422356], [0.2961460404001605, 0.25567441332989066, 0.1319712595583397, 0.31620828671160905], [0.2691405423246789, 0.2959043797116499, 0.16190486607025928, 0.27305021189341194], [0.23882677917347128, 0.25329589617438997, 0.2157408094373061, 0.29213651521483247], [0.23719556458739607, 0.3254743671475231, 0.13999394720053596, 0.29733612106454516], [0.292276495790608, 0.28493066495851305, 0.1084013274705076, 0.3143915117803711], [0.2696417943863005, 0.29519737019145775, 0.18379910398816632, 0.25136173143407536], [0.2858501714598082, 0.29269829669270486, 0.09784889639351925, 0.3236026354539677], [0.2011678509210535, 0.2844458840739897, 0.2519778222899421, 0.2624084427150142], [0.23217415529785898, 0.21997694190029846, 0.3140955097793616, 0.23375339302248105], [0.15325591625654233, 0.2950116905614146, 0.33480440401645073, 0.21692798916559233], [0.33698371980647834, 0.23384799662878247, 0.10537409776765977, 0.32379418579707925], [0.3161257499348171, 0.2572405756409732, 0.10348005665234769, 0.3231536177718621], [0.2740767467951873, 0.30253248066277444, 0.1127047961487019, 0.3106859763933366], [0.23516045250477036, 0.2948802328234347, 0.18285619996987088, 0.28710311470192384], [0.2494933072012521, 0.3003612928771499, 0.17112031390290616, 0.2790250860186917], [0.26342517669362286, 0.29216287388762047, 0.14817691163641564, 0.2962350377823411], [0.267226410908676, 0.318986378892117, 0.10383970771966017, 0.3099475024795468], [0.25907312047744296, 0.31472018158755843, 0.1394973510981497, 0.28670934683684873], [0.30650942549270754, 0.28765617066882787, 0.07645347424382344, 0.3293809295946411], [0.2793517040283777, 0.2895745664868428, 0.13463655483919656, 0.2964371746455828], [0.22193856489702657, 0.32359430232991093, 0.1673478519100104, 0.2871192808630519], [0.3029192971104449, 0.29417316732820625, 0.07521901497565169, 0.32768852058569686], [0.1877980936628366, 0.2820606746578406, 0.2882805734017282, 0.2418606582775946], [0.25411189434374043, 0.2732711930872987, 0.17108970605757715, 0.3015272065113841], [0.2947938635925596, 0.2833979696674156, 0.13631705390436086, 0.28549111283566403], [0.30850401966836255, 0.2746023805557566, 0.10733805253324252, 0.3095555472426381], [0.2805774229190753, 0.29318567129352757, 0.1096800650158055, 0.3165568407715917], [0.31707781229069154, 0.25794304458831935, 0.09968599340369305, 0.32529314971729584], [0.3122943170450385, 0.24043869681317798, 0.13167571456451796, 0.31559127157726546], [0.23926494139088347, 0.2954952615641894, 0.18191795233413843, 0.283321844710789], [0.31694157904037196, 0.25036209124539605, 0.12124925456061457, 0.31144707515361714], [0.29516297556214516, 0.26984516725391294, 0.12142976135022225, 0.31356209583371997], [0.25571413504688006, 0.3049864541010371, 0.15480546677560683, 0.28449394407647616], [0.28769883435709653, 0.2673020877805131, 0.12643095789944214, 0.31856811996294837], [0.3035090821011125, 0.2759707068757295, 0.1003945500623014, 0.32012566096085654], [0.18862638786111408, 0.30464950950872294, 0.2558102596079676, 0.25091384302219505], [0.21856997272996065, 0.23072180493273353, 0.3379872882762998, 0.21272093406100592], [0.27739422590900464, 0.2736503608359279, 0.14760705804238994, 0.3013483552126772], [0.23001300731075555, 0.2615340208677881, 0.24694521645220352, 0.26150775536925275], [0.3261417633435791, 0.25992217151158353, 0.08373481781338074, 0.33020124733145645], [0.16456333187532318, 0.3131522876153692, 0.2798233885861162, 0.24246099192319134], [0.27045185283752615, 0.26489376639732476, 0.1761958918332047, 0.2884584889319444], [0.2408762250320937, 0.30931404740333096, 0.16345408926248942, 0.28635563830208594], [0.30451706197435785, 0.2617973231504889, 0.10615141885851632, 0.3275341960166368], [0.2954531905093118, 0.257772446539034, 0.14687101664695384, 0.2999033463047002], [0.2698352354458267, 0.2669498766013153, 0.20922247519627601, 0.2539924127565818], [0.24547633748552208, 0.30769123110288626, 0.17489521934254654, 0.27193721206904536], [0.2617316944375918, 0.286277564172913, 0.14001615833038855, 0.3119745830591065], [0.31901562348705387, 0.26643035165984985, 0.08818405534887179, 0.3263699695042244], [0.3318907462356616, 0.25316965178040596, 0.09199415586208515, 0.32294544612184706], [0.2844476715984199, 0.26390801906080213, 0.1573247109582289, 0.2943195983825489], [0.3131008905684429, 0.25276068248777006, 0.11710314819313608, 0.3170352787506508], [0.21548304675436125, 0.3104852154517369, 0.20592712700109878, 0.268104610792803], [0.25801778595167296, 0.3069204523073364, 0.15217682297366492, 0.28288493876732607]]}}