{"test": {"ids": ["109120150", "99109860", "110114651", "100109311", "103111930", "97114170", "102110240", "100109360", "100109980", "102107961", "101112690", "112121430", "108113740", "110120700", "108119330", "100108260", "109113281", "110116300", "98113881", "112120270", "101111310", "113119320", "102109010", "107114321", "98108150", "108113760", "107116501", "113117550", "105112260", "99109311", "97116500", "101119030", "100109330", "105118740", "101112160", "104110960", "106116370", "106113260", "108121410", "99107300", "98109311", "105112240", "100113370", "97107821", "99111930", "110114720", "97113900", "101119591", "104111620", "113120540", "103109021", "109119460", "105113480", "110118701", "113121220", "110114920", "98121790", "106114880", "103113260", "111114941", "113117401", "109120621", "103111110", "105120280", "109117150", "108118810", "105112130", "111116750", "104118340", "106114150", "103118110", "108121351", "111116100", "108118630", "111120280", "98112300", "113120531", "97116401", "97112290", "112121410", "98120530", "106114321", "111119290", "98108370", "108114040", "109115211", "99112840", "105118171", "99116500", "106119580", "112120290", "106115240", "105114220", "104116980", "104113210", "107113200", "98109570", "99111620", "108115570", "111120540", "106111321", "107116300", "108113480", "103113270", "113119120", "105116441", "99107640", "101110200", "108121160", "110116441", "113118421", "110117200", "108114360", "111119930", "102110890", "104113190", "108117720", "109116040", "111115770", "107120880", "100108080", "109115220", "100109000", "113119950", "106119990", "110116501", "112121351", "109117431", "111121220", "110118121", "110113591", "111116110", "108115870", "100120010", "107115140", "106120640", "109117600", "105117200", "99109370", "112118930", "98107340", "105110091"], "labels": [2, 2, 3, 1, 3, 2, 3, 0, 1, 3, 1, 2, 3, 2, 0, 3, 0, 3, 3, 0, 3, 1, 1, 0, 0, 1, 1, 3, 3, 1, 2, 3, 0, 1, 3, 2, 2, 3, 0, 3, 1, 1, 3, 2, 1, 3, 2, 0, 0, 3, 0, 1, 0, 3, 3, 3, 2, 0, 3, 0, 3, 1, 3, 3, 2, 1, 1, 3, 2, 1, 2, 3, 3, 1, 0, 2, 0, 3, 1, 0, 1, 2, 3, 1, 0, 0, 2, 3, 2, 3, 1, 1, 3, 1, 3, 0, 1, 3, 3, 1, 0, 0, 0, 2, 3, 1, 1, 2, 2, 3, 3, 3, 1, 1, 0, 3, 1, 0, 3, 1, 0, 3, 1, 0, 0, 3, 0, 1, 3, 3, 0, 3, 3, 0, 0, 3, 1, 3, 1, 1, 0, 0], "predicted_labels": [1, 3, 0, 0, 1, 1, 3, 0, 2, 0, 3, 2, 3, 1, 3, 2, 0, 1, 0, 3, 3, 0, 1, 0, 2, 1, 1, 0, 3, 1, 2, 2, 1, 3, 1, 1, 0, 2, 1, 2, 1, 1, 2, 3, 2, 2, 1, 0, 1, 1, 0, 1, 1, 1, 1, 1, 3, 1, 1, 1, 0, 3, 3, 2, 1, 3, 2, 0, 3, 2, 1, 0, 0, 1, 1, 3, 0, 0, 2, 1, 0, 3, 1, 2, 3, 1, 2, 1, 1, 1, 0, 1, 2, 1, 2, 1, 1, 1, 2, 0, 1, 3, 1, 1, 1, 1, 0, 3, 1, 1, 1, 0, 2, 3, 1, 1, 3, 1, 0, 1, 2, 0, 1, 3, 3, 1, 3, 3, 1, 1, 0, 1, 1, 1, 3, 3, 3, 1, 3, 1, 1, 1], "confidence_scores": [[0.17404967272143396, 0.418990299270656, 0.2002771933311573, 0.20668283467675272], [0.18507357421216517, 0.25391473191616976, 0.2435467463997211, 0.31746494747194415], [0.34521050481306664, 0.258505937528868, 0.11316989441897476, 0.28311366323909054], [0.37942710783618944, 0.25865888379145924, 0.10473798626197835, 0.25717602211037316], [0.18027110311947955, 0.27970710743402977, 0.26776561951042843, 0.27225616993606233], [0.17163299201425025, 0.3306392870144713, 0.22007106978780022, 0.2776566511834783], [0.17102199429516712, 0.26974994130966734, 0.2418316907695795, 0.3173963736255861], [0.30267322918245165, 0.24484436427802153, 0.16496344228007684, 0.28751896425945], [0.13062233422699163, 0.2001515944910923, 0.5075327728596855, 0.1616932984222306], [0.41385830016647734, 0.20925550426917808, 0.09137742699647661, 0.28550876856786794], [0.17928978058338577, 0.27246901356495884, 0.24826347029434093, 0.29997773555731466], [0.15814003997929793, 0.2860757278069151, 0.3392020778375379, 0.21658215437624895], [0.185584319059739, 0.28542014642983565, 0.24301408479385594, 0.28598144971656947], [0.2890688969027675, 0.3228850094084007, 0.14063184057635472, 0.24741425311247695], [0.2089405896759586, 0.20738254651746918, 0.28953202679967716, 0.29414483700689514], [0.1995808597780041, 0.2479136298727925, 0.28313192270039933, 0.26937358764880404], [0.33828393544410823, 0.2954578044814457, 0.1442206677354276, 0.22203759233901835], [0.168264736708645, 0.3651518501170662, 0.1331865282917591, 0.33339688488252994], [0.3955300746914734, 0.2645722585888106, 0.1483067631976621, 0.1915909035220541], [0.2666513685348828, 0.26297978330056837, 0.12092533352329639, 0.34944351464125245], [0.18120868206777294, 0.2791305651685568, 0.24480199539689526, 0.29485875736677525], [0.3110991569401732, 0.3095215140315827, 0.10587502837933761, 0.2735043006489066], [0.20299156229700846, 0.2745987428965006, 0.2737592560797401, 0.248650438726751], [0.34809534259944497, 0.3204100817753578, 0.08917276875712196, 0.2423218068680755], [0.11283114019316776, 0.3093480419564207, 0.4155187610609743, 0.16230205678943724], [0.1894838478514683, 0.40824910967635736, 0.25361802962246693, 0.1486490128497077], [0.18509914262542596, 0.49070401633666005, 0.10830881492219978, 0.2158880261157141], [0.49670394919945454, 0.19569929637119154, 0.10845590328001793, 0.19914085114933613], [0.1531893764042799, 0.25525629529596944, 0.27025544812443525, 0.3212988801753155], [0.15656538660071465, 0.42911944500511906, 0.14902655289513267, 0.26528861549903365], [0.23603556343360121, 0.16712531724203905, 0.39672356445671164, 0.20011555486764807], [0.12883416980626225, 0.3025900912261523, 0.3573949503386164, 0.211180788628969], [0.2568170504116935, 0.3173516071392812, 0.20547632118464637, 0.2203550212643791], [0.22976673485083257, 0.23568085150144027, 0.20370213151624114, 0.3308502821314862], [0.26626153576158396, 0.29011186488889007, 0.2231709249400416, 0.22045567440948455], [0.15676830837079542, 0.39455317787169547, 0.15964961508167722, 0.28902889867583187], [0.33250097171194126, 0.2416819341600172, 0.2077245917756104, 0.21809250235243108], [0.11405488463542192, 0.23763154980384996, 0.4407520618936491, 0.20756150366707898], [0.21796224318574542, 0.3310774033080871, 0.20538565894154273, 0.24557469456462472], [0.19849850084416842, 0.15604218603228673, 0.480233135353212, 0.16522617777033285], [0.2488497622920362, 0.38435704861769054, 0.1258454493752671, 0.24094773971500633], [0.13096236866846725, 0.5791469534686586, 0.11570091553204763, 0.17418976233082653], [0.2002432587775839, 0.23410674301340195, 0.324266300781395, 0.24138369742761903], [0.1761456643476352, 0.2979257488437381, 0.20304810557963032, 0.3228804812289963], [0.17610200327474426, 0.20544642579533146, 0.34048139663289945, 0.27797017429702486], [0.1895181353589298, 0.2641763192864184, 0.32833418954805044, 0.2179713558066014], [0.20932782979337483, 0.350462295727948, 0.19649185862746668, 0.2437180158512105], [0.34814029781053557, 0.32803725404469647, 0.10955605253107671, 0.2142663956136913], [0.2665818668931435, 0.2820419061887596, 0.1965269990110749, 0.25484922790702214], [0.26423015992641147, 0.3418289380868594, 0.11310525306388328, 0.2808356489228458], [0.3448607441257506, 0.3263555355257193, 0.10239478548391746, 0.2263889348646126], [0.20974274967216652, 0.38756834109701666, 0.12980581282253165, 0.27288309640828506], [0.1546665566486439, 0.4717413103400067, 0.12604023370199133, 0.2475518993093582], [0.2766086929488785, 0.2925406609377556, 0.16548488306701686, 0.2653657630463492], [0.17528048173144087, 0.4557926102942272, 0.12895791533748294, 0.2399689926368489], [0.21410973976058342, 0.33413658483629644, 0.20264431859118712, 0.24910935681193308], [0.14038643963877392, 0.28717226208658087, 0.2821344148443726, 0.2903068834302727], [0.13661758336416518, 0.547483110610949, 0.1343677327050578, 0.18153157331982797], [0.2526448191956313, 0.35724346480020663, 0.20326629598226462, 0.18684542002189758], [0.2749466476314513, 0.3048486467033022, 0.11961962445918937, 0.30058508120605704], [0.3272379659028867, 0.27540146459471726, 0.12804839782888253, 0.26931217167351346], [0.26164498886108406, 0.24583837655101282, 0.09744419153799645, 0.39507244304990685], [0.1315439480734912, 0.15381485927289568, 0.15255226912576197, 0.5620889235278511], [0.14436381981466279, 0.17369757301208502, 0.3454855028699223, 0.33645310430332986], [0.24912281035039335, 0.3152323719038261, 0.21562627286231303, 0.22001854488346756], [0.20165412900048893, 0.2730348016384621, 0.12549421070822137, 0.39981685865282773], [0.12661562631530263, 0.32579759933037095, 0.3491042082410773, 0.1984825661132491], [0.3088151039189063, 0.24311895147127754, 0.18820233119633964, 0.25986361341347664], [0.1974612405755553, 0.19909276031830572, 0.10790954271758442, 0.49553645638855454], [0.24073838620038418, 0.25080375591483545, 0.2943958279005441, 0.21406202998423632], [0.20862812401937353, 0.3882391976456259, 0.17402174664565784, 0.22911093168934285], [0.34045109790235956, 0.26313603331627117, 0.12841999733509862, 0.26799287144627065], [0.32203355416526697, 0.25693350806443993, 0.13466503059284707, 0.28636790717744603], [0.21044032490047254, 0.3081267459474258, 0.2002717155884413, 0.28116121356366025], [0.17790246313479768, 0.3924737798248963, 0.15107612561358977, 0.2785476314267163], [0.13853930580820847, 0.20449627426295489, 0.3191770061332583, 0.3377874137955785], [0.35812426196549246, 0.27161962943819956, 0.16642804490502186, 0.20382806369128617], [0.30047485088013115, 0.2848127802448116, 0.14948792453503265, 0.26522444434002446], [0.07419272477918991, 0.24865304571412866, 0.37074845876236373, 0.3064057707443178], [0.2528965445604855, 0.3731386337885237, 0.14617023780724275, 0.22779458384374826], [0.3755907619058512, 0.22663718582646433, 0.20777736948250064, 0.18999468278518394], [0.2371135614144786, 0.23859646003663623, 0.21038454727482217, 0.313905431274063], [0.27431264436020725, 0.30114298706118353, 0.14573443253321303, 0.2788099360453962], [0.22205544003870967, 0.20273316226584795, 0.29438839027303193, 0.28082300742241045], [0.1266783373807806, 0.267061920687827, 0.2225949192746198, 0.3836648226567725], [0.26801337350408705, 0.3369402639021968, 0.11775865331179447, 0.27728770928192187], [0.18430736856673272, 0.17617438981348174, 0.38202435790084177, 0.2574938837189438], [0.2582165445806741, 0.4070159634340787, 0.11229125533814364, 0.22247623664710356], [0.13984849218119685, 0.477840505041003, 0.1802813919502363, 0.20202961082756388], [0.11168856458297256, 0.3950558632560537, 0.2417517525638876, 0.25150381959708623], [0.5789952087881679, 0.14522885524795978, 0.12211043510437121, 0.15366550085950098], [0.2655752677707942, 0.328150248144145, 0.167674377530788, 0.23860010655427277], [0.2097128523994192, 0.16491257127364894, 0.40054640680275677, 0.22482816952417523], [0.14193915384854974, 0.44278318423419155, 0.1594725914363894, 0.25580507048086937], [0.2301350019577475, 0.20079370997851373, 0.3236622547066416, 0.24540903335709724], [0.19598301364913104, 0.4349320747872315, 0.10043144880513225, 0.2686534627585054], [0.2618928535942507, 0.3273728150909371, 0.16306626980183517, 0.2476680615129771], [0.17294629107222784, 0.42891973385334875, 0.23279526262576952, 0.16533871244865375], [0.1502109727885106, 0.23571422430289674, 0.3241027797886901, 0.2899720231199025], [0.2976264531350714, 0.28745917588825937, 0.14452325123068793, 0.27039111974598107], [0.2548921970538029, 0.39637350083344214, 0.11280595830787452, 0.2359283438048806], [0.16597644787038607, 0.281596601265328, 0.21282089322466086, 0.33960605763962515], [0.30587311385734095, 0.31013514037466705, 0.19210565325034934, 0.1918860925176426], [0.18263802895944112, 0.30159159943902225, 0.25184101144023396, 0.26392936016130286], [0.28093396120575437, 0.3457505672758254, 0.1208182111429426, 0.2524972603754775], [0.21255317073275973, 0.4182168634442832, 0.09256011399719985, 0.2766698518257572], [0.45801329468660246, 0.20322666231504838, 0.14169776564597625, 0.19706227735237292], [0.1248077659794643, 0.2703540141688965, 0.21427029670123884, 0.39056792315040034], [0.2506446088810195, 0.40923752681233133, 0.10290324656421489, 0.23721461774243435], [0.2365379931201235, 0.3285687784315208, 0.16595859394698237, 0.26893463450137334], [0.19911037086096678, 0.46522656344534097, 0.10467555925395688, 0.23098750643973517], [0.43794401288567236, 0.3064682105906932, 0.09630808874599205, 0.1592796877776426], [0.20157052704420667, 0.1925153108530692, 0.35710016329201827, 0.24881399881070615], [0.24898746648205478, 0.24541025261892035, 0.20973931645877242, 0.2958629644402524], [0.23603484375176878, 0.3171423104341373, 0.18556261414322192, 0.2612602316708722], [0.27981751853900527, 0.28475266324878956, 0.17492916816547271, 0.2605006500467325], [0.19542559435436044, 0.2567298610976599, 0.16160787845722166, 0.3862366660907581], [0.13390380876482177, 0.5559726834592528, 0.12704372194324087, 0.18307978583268464], [0.3425044490512653, 0.26510355082610787, 0.14727664572768492, 0.2451153543949417], [0.18329119958404008, 0.414246226245149, 0.16574469418685914, 0.23671787998395188], [0.21007548316594918, 0.21346567848766226, 0.2889906926533944, 0.2874681456929941], [0.3395462442468211, 0.2931592229112647, 0.13844407799140168, 0.22885045485051236], [0.19540715116294505, 0.4031482992852184, 0.15122697538472446, 0.2502175741671121], [0.147830274014672, 0.18789511086601277, 0.11526961640776708, 0.5490049987115482], [0.2674458813815826, 0.26936994121467783, 0.17859173696316433, 0.2845924404405754], [0.2677653844869999, 0.31377742489557103, 0.12901003345827533, 0.2894471571591538], [0.1806402679196062, 0.3309645573844311, 0.14964374664993907, 0.33875142804602354], [0.20935570462660966, 0.2800281287247436, 0.12658027763805293, 0.38403588901059393], [0.21628778874844093, 0.4124464897740936, 0.09966821818746101, 0.27159750329000454], [0.18944767781912153, 0.567838806354849, 0.09733539152706626, 0.14537812429896327], [0.4416411463382396, 0.2051246759091532, 0.1041374864771396, 0.24909669127546755], [0.2597144088369614, 0.2966758864430928, 0.15341775863518903, 0.2901919460847567], [0.2812121488971212, 0.36369701198446014, 0.19669877453218373, 0.15839206458623495], [0.15353186753898307, 0.3638833544977877, 0.19788156109525276, 0.2847032168679765], [0.1584687031241229, 0.24554870231920015, 0.17386992361456313, 0.42211267094211397], [0.25638209284554064, 0.21224038617479898, 0.17066301598841957, 0.36071450499124086], [0.25566476662119525, 0.2385422542700051, 0.19213831406838477, 0.31365466504041484], [0.14418592205899122, 0.5477894057822709, 0.1889361425286213, 0.11908852963011665], [0.1578432003927909, 0.2685367967536229, 0.19404731837877054, 0.37957268447481557], [0.1797736652583899, 0.3431606824523416, 0.1657130127234842, 0.31135263956578446], [0.18904106383714622, 0.4203818551878144, 0.2563556605476885, 0.13422142042735113], [0.2886750474397948, 0.3112703150245058, 0.1114114608794741, 0.28864317665622524]]}, "rewritten": {"ids": ["97107821", "97112290", "97113900", "97114170", "97116401", "97116500", "98107340", "98108150", "98108370", "98109311", "98109570", "98112300", "98113881", "98120530", "98121790", "99107300", "99107640", "99109311", "99109370", "99109860", "99111620", "99111930", "99112840", "99116500", "100108080", "100108260", "100109000", "100109311", "100109330", "100109360", "100109980", "100113370", "100120010", "101110200", "101111310", "101112160", "101112690", "101119030", "101119591", "102107961", "102109010", "102110240", "102110890", "103109021", "103111110", "103111930", "103113260", "103113270", "103118110", "104110960", "104111620", "104113190", "104113210", "104116980", "104118340", "105110091", "105112130", "105112240", "105112260", "105113480", "105114220", "105116441", "105117200", "105118171", "105118740", "105120280", "106111321", "106113260", "106114150", "106114321", "106114880", "106115240", "106116370", "106119580", "106119990", "106120640", "107113200", "107114321", "107115140", "107116300", "107116501", "107120880", "108113480", "108113740", "108113760", "108114040", "108114360", "108115570", "108115870", "108117720", "108118630", "108118810", "108119330", "108121160", "108121351", "108121410", "109113281", "109115211", "109115220", "109116040", "109117150", "109117431", "109117600", "109119460", "109120150", "109120621", "110113591", "110114651", "110114720", "110114920", "110116300", "110116441", "110116501", "110117200", "110118121", "110118701", "110120700", "111114941", "111115770", "111116100", "111116110", "111116750", "111119290", "111119930", "111120280", "111120540", "111121220", "112118930", "112120270", "112120290", "112121351", "112121410", "112121430", "113117401", "113117550", "113118421", "113119120", "113119320", "113119950", "113120531", "113120540", "113121220"], "labels": [2, 1, 2, 2, 3, 2, 0, 0, 1, 1, 1, 2, 3, 1, 2, 3, 1, 1, 1, 2, 3, 1, 2, 2, 0, 3, 1, 1, 0, 0, 1, 3, 0, 2, 3, 3, 1, 3, 0, 3, 1, 3, 0, 0, 3, 3, 3, 2, 2, 2, 0, 3, 3, 1, 2, 0, 1, 1, 3, 0, 3, 1, 3, 3, 1, 3, 0, 3, 1, 2, 0, 1, 2, 3, 0, 3, 0, 0, 0, 0, 1, 1, 0, 3, 1, 0, 1, 3, 3, 1, 1, 1, 0, 2, 3, 0, 0, 0, 3, 0, 2, 1, 1, 1, 2, 1, 0, 3, 3, 3, 3, 3, 3, 3, 3, 3, 2, 0, 3, 3, 3, 3, 3, 1, 0, 1, 3, 1, 0, 1, 0, 0, 2, 3, 3, 3, 3, 1, 0, 0, 3, 3], "predicted_labels": [1, 1, 1, 2, 1, 0, 1, 1, 3, 1, 0, 3, 0, 2, 2, 0, 0, 1, 0, 3, 1, 3, 1, 1, 2, 3, 3, 3, 1, 2, 1, 3, 0, 3, 1, 1, 2, 1, 0, 1, 1, 0, 0, 0, 2, 0, 0, 2, 0, 1, 3, 1, 0, 1, 3, 0, 2, 1, 3, 1, 2, 1, 1, 1, 2, 1, 0, 2, 0, 3, 1, 1, 3, 2, 1, 3, 1, 3, 3, 1, 1, 0, 3, 3, 2, 1, 1, 1, 0, 0, 1, 1, 0, 1, 0, 1, 0, 3, 0, 3, 1, 1, 3, 1, 1, 3, 3, 3, 1, 1, 2, 0, 0, 0, 3, 2, 1, 0, 0, 0, 1, 3, 3, 1, 1, 0, 1, 1, 1, 0, 1, 1, 1, 0, 0, 0, 3, 1, 3, 0, 3, 3], "confidence_scores": [[0.20445078389084004, 0.42249790638097173, 0.1300389472223303, 0.2430123625058579], [0.11924608169993706, 0.3903627193669075, 0.31831338920590213, 0.17207780972725326], [0.2507966911305923, 0.2951753221716339, 0.24578586668716376, 0.20824212001061024], [0.17864549954633202, 0.17555587420031926, 0.4123078915348315, 0.23349073471851725], [0.2670775182387159, 0.31679307219241026, 0.15500090253289595, 0.261128507035978], [0.32551207420478356, 0.2553701041051244, 0.2615521549900525, 0.15756566670003955], [0.3166974966702153, 0.39008180457791514, 0.1561785917702613, 0.1370421069816082], [0.20602012046290546, 0.340073807971783, 0.20171288432152035, 0.25219318724379114], [0.24199371649440238, 0.20833191025236164, 0.24389212647988684, 0.3057822467733493], [0.27460630070165143, 0.3178375410026127, 0.14255986843620028, 0.2649962898595356], [0.36897290146017536, 0.23641568156617385, 0.1533222466371102, 0.24128917033654068], [0.1591231896898196, 0.19468501381633602, 0.14457121605774756, 0.5016205804360969], [0.37473086282375606, 0.35663755209870707, 0.0788370791946992, 0.18979450588283772], [0.1747896246690611, 0.21927719926276157, 0.31298139391788543, 0.2929517821502921], [0.19589724860171623, 0.2545502648280459, 0.30286241061763897, 0.2466900759525992], [0.42992203428604076, 0.1672607543372723, 0.25196225547297874, 0.15085495590370826], [0.4816851947386537, 0.21187886160475247, 0.12621247451858056, 0.18022346913801351], [0.209955808747091, 0.35365410981422646, 0.19194335849930214, 0.24444672293938066], [0.39672660239787705, 0.2500506075088315, 0.15482135174110082, 0.1984014383521906], [0.21273130060621595, 0.27124118815924536, 0.20914789084142377, 0.30687962039311506], [0.2516743547277526, 0.32604348070482897, 0.20942660556883602, 0.2128555589985826], [0.2113980430680175, 0.23420539446336885, 0.14890984599059848, 0.40548671647801515], [0.21033694654606128, 0.3373034279904834, 0.1802596409175566, 0.2720999845458987], [0.2138707526978679, 0.34982200538302016, 0.22106493403169705, 0.21524230788741477], [0.18226985017987582, 0.21509347521152145, 0.3806949270906485, 0.2219417475179543], [0.18463409191199895, 0.2520007683358854, 0.21612374886398947, 0.34724139088812617], [0.2407849193073277, 0.2605473578449876, 0.19187122691651232, 0.30679649593117264], [0.23919542816507214, 0.2488894622307402, 0.24679058813282664, 0.2651245214713612], [0.2471281894202502, 0.3536852610299303, 0.18261268790424692, 0.21657386164557274], [0.24530815729007252, 0.22886535579690187, 0.2646624731960535, 0.2611640137169721], [0.19611037057826128, 0.33894285562230986, 0.22844696669468023, 0.2364998071047488], [0.19623874412653816, 0.2959463730524766, 0.1823184467460236, 0.3254964360749617], [0.3241671124464424, 0.24568602961241065, 0.20820569207802073, 0.22194116586312623], [0.287063505580079, 0.2309101812690623, 0.18834375838226713, 0.2936825547685916], [0.2484927382174396, 0.28475883756542236, 0.2163103890960089, 0.25043803512112917], [0.29829119714750135, 0.34837689026437385, 0.12842722092412925, 0.22490469166399557], [0.1714616119840534, 0.2860225669189129, 0.37158222155369014, 0.17093359954334356], [0.2200763317754365, 0.326215865167387, 0.19911077085153558, 0.25459703220564106], [0.3598801505521616, 0.28028726256555475, 0.15340478126317028, 0.20642780561911356], [0.2667465723351832, 0.3489836801798103, 0.1183397730653019, 0.26592997441970456], [0.23104579922886204, 0.43481346189282377, 0.12659451000177988, 0.2075462288765344], [0.3262103820530333, 0.2537065508006486, 0.21098743437121711, 0.20909563277510096], [0.31397272154548284, 0.20719846125240557, 0.2492906145114674, 0.22953820269064426], [0.3214500983729585, 0.2845298613379073, 0.13927746187104426, 0.2547425784180901], [0.26024196901962815, 0.24767329884673953, 0.2744588464906323, 0.21762588564300017], [0.2879586073045611, 0.24085770490432756, 0.2742544088245411, 0.19692927896657036], [0.28880230677333285, 0.28548162380597847, 0.2020844760000412, 0.22363159342064748], [0.246564916331378, 0.19915891945535044, 0.3110021398965533, 0.24327402431671832], [0.3318471800398863, 0.29929404745622157, 0.11710447370371949, 0.2517542988001727], [0.1578512382595475, 0.3635736159394359, 0.2577716320879322, 0.22080351371308451], [0.22032041851044953, 0.17614876160828033, 0.26948276980090236, 0.33404805008036775], [0.24165965717410826, 0.2896404017752407, 0.18014392720748382, 0.28855601384316715], [0.3925539787502606, 0.20810325999940335, 0.17779591085015886, 0.22154685040017733], [0.1364816784259533, 0.4517494103274246, 0.14056286727283707, 0.27120604397378506], [0.1577994591396438, 0.20186206833551734, 0.2383721443864535, 0.40196632813838556], [0.41383547829364714, 0.2478527636819665, 0.14231117219447484, 0.1960005858299116], [0.21685839895574935, 0.25036312375722425, 0.36357641604085367, 0.16920206124617293], [0.16923120490207974, 0.38082600540367767, 0.24823704562433976, 0.201705744069903], [0.2858993076098008, 0.25919314802108573, 0.13155152921986094, 0.32335601514925244], [0.1914574683041009, 0.3246887739303094, 0.20629727000669926, 0.27755648775889047], [0.17537993410201755, 0.18995188193155363, 0.4844296765928124, 0.15023850737361652], [0.26777783422663815, 0.2990891711209194, 0.2041328379643407, 0.22900015668810186], [0.10858078368675461, 0.6286974558366527, 0.09898484077875036, 0.16373691969784232], [0.21169825859037023, 0.3781807031459597, 0.17795374284967835, 0.23216729541399167], [0.20603170960285008, 0.2646279787747289, 0.3346456528724076, 0.1946946587500136], [0.24181522827931506, 0.31695366725788415, 0.23479326276327242, 0.2064378416995284], [0.3464425432725694, 0.30840024111461845, 0.13934714750559943, 0.20581006810721292], [0.12626125252692502, 0.26233047526841663, 0.38240155486779254, 0.229006717336866], [0.3116092532003362, 0.28847860918376933, 0.12329504336493081, 0.27661709425096365], [0.27796281597496364, 0.2011665705339323, 0.17293098026700415, 0.34793963322409993], [0.15414416700386424, 0.48453211177014505, 0.1791968668269478, 0.18212685439904297], [0.31405503927086825, 0.35157658345923415, 0.12718813414010322, 0.20718024312979458], [0.22065604420533314, 0.24794991124154653, 0.19018608006277096, 0.3412079644903492], [0.15564580000231432, 0.2742743846549226, 0.33163582719072776, 0.23844398815203552], [0.1692997164155905, 0.6337637597762241, 0.059831657563517, 0.13710486624466833], [0.14053116507905627, 0.24776305369220897, 0.16570696078541838, 0.44599882044331635], [0.18783725557549358, 0.45827118224944136, 0.1277267310792767, 0.22616483109578844], [0.2472997257116347, 0.23071327160047767, 0.10853954388664026, 0.4134474588012473], [0.20688762247803458, 0.22868825386322783, 0.2082379782066975, 0.35618614545204025], [0.17657884802014373, 0.4532758791543792, 0.16518376487839634, 0.20496150794708085], [0.2417659217681085, 0.3168318556482573, 0.2014296958511453, 0.239972526732489], [0.3141851578941796, 0.2698998983532854, 0.23941984986504167, 0.17649509388749338], [0.15842028556420737, 0.23041900503224866, 0.16856291833941192, 0.4425977910641321], [0.24477630881808793, 0.22319662223038006, 0.2233532155840834, 0.3086738533674487], [0.21523722025743156, 0.20109018166689496, 0.3664217313147413, 0.21725086676093236], [0.23034211303962795, 0.27546568611844346, 0.22349876357615636, 0.2706934372657724], [0.1125538670618528, 0.33876046127665566, 0.33277653636169935, 0.21590913529979208], [0.19013953861652994, 0.2933833632041589, 0.24059930819557962, 0.2758777899837315], [0.49635558758205534, 0.1415721286785624, 0.19692260698389596, 0.16514967675548622], [0.3618622460705989, 0.25814496382240865, 0.11766394567923821, 0.26232884442775417], [0.27546449577907395, 0.3601071105942913, 0.1662295445085049, 0.19819884911812988], [0.26403938084524753, 0.28975792808398365, 0.20138308776898758, 0.2448196033017814], [0.2784570742501393, 0.27313087070032, 0.2208862166795361, 0.22752583837000478], [0.2476471171301097, 0.29843544779723596, 0.229969480201225, 0.2239479548714293], [0.37173500803291293, 0.2187964763353616, 0.08470453424971307, 0.3247639813820126], [0.21563555552166574, 0.3737731000445068, 0.18915833633155593, 0.22143300810227148], [0.3474322600648062, 0.3257036472444812, 0.15605637656867133, 0.17080771612204107], [0.2566053361641265, 0.25441143240706643, 0.12732287112919902, 0.36166036029960835], [0.4268556253472889, 0.1501686696039406, 0.17520557182921295, 0.2477701332195576], [0.18742469845179455, 0.1906965131618933, 0.2647239614065214, 0.357154826979791], [0.2595449951867164, 0.306833508430128, 0.27912059918975163, 0.15450089719340412], [0.2837510887387058, 0.2957685571834503, 0.17099930833435004, 0.24948104574349392], [0.20061298986327328, 0.257156187646272, 0.1606236123806539, 0.3816072101098009], [0.20797245556021418, 0.42246574058462794, 0.18277439438285584, 0.18678740947230207], [0.18794087812707128, 0.352922618671472, 0.23680576120734892, 0.2223307419941078], [0.28477357414816457, 0.1847901272040519, 0.13942310866965074, 0.3910131899781328], [0.26494163369556195, 0.22783536556538553, 0.14890505159536382, 0.35831794914368864], [0.2586372247209134, 0.2562842013019739, 0.17026565847975594, 0.31481291549735685], [0.2739740090637991, 0.35497240451517603, 0.18063004992968085, 0.19042353649134422], [0.2384434423289624, 0.3557099530010054, 0.18307779168843, 0.22276881298160228], [0.20743616505034343, 0.2688751585396335, 0.288765358155456, 0.23492331825456703], [0.4918424151909503, 0.1828543607014932, 0.07998062753254355, 0.245322596575013], [0.318539419921047, 0.2513771150276169, 0.15296002102676703, 0.2771234440245691], [0.46090099365205595, 0.2894005849254985, 0.12129213086992627, 0.1284062905525193], [0.21542039101095267, 0.2635800762443195, 0.11417109658385755, 0.4068284361608702], [0.26505783370035685, 0.22131520567654112, 0.3128564074874047, 0.2007705531356975], [0.19527729688456333, 0.4291334158051251, 0.1615950315782305, 0.21399425573208108], [0.32093175392842543, 0.30960693318258564, 0.13018051477797815, 0.23928079811101058], [0.5105290082642997, 0.22513800909351553, 0.10316415067135593, 0.16116883197082907], [0.31938203867254583, 0.2243577081629165, 0.23394036513225078, 0.22231988803228678], [0.3241300864986275, 0.3318059028200448, 0.12368800437935394, 0.2203760063019738], [0.20760587404193104, 0.2547081523573805, 0.11681706012213729, 0.420868913478551], [0.1367656122842132, 0.19445949905512788, 0.13202487094263252, 0.5367500177180266], [0.09487412462924481, 0.4543984668562502, 0.1817546642389866, 0.26897274427551837], [0.21480920486517852, 0.3164306479892124, 0.2027411883323837, 0.26601895881322535], [0.2975385628545052, 0.26086835176052275, 0.18637497564654243, 0.2552181097384298], [0.2484080810925742, 0.3127937979399189, 0.1381579103622984, 0.3006402106052086], [0.20495881997558485, 0.4624669416315777, 0.14582520337026253, 0.1867490350225749], [0.25691706033625517, 0.4260766661010717, 0.14401415224688854, 0.17299212131578454], [0.4424061963526719, 0.23893679214414443, 0.13377115799461706, 0.18488585350856668], [0.18378751158671514, 0.43393424710590695, 0.1262982865209256, 0.25597995478645236], [0.29240596395579166, 0.35851530321565456, 0.12288726117234744, 0.22619147165620646], [0.1796073487300727, 0.3217760548610845, 0.23446835751146164, 0.26414823889738115], [0.5132280460491229, 0.20305759188501518, 0.0983935657655168, 0.18532079630034515], [0.2766391553669772, 0.23348658278451714, 0.23270786413258177, 0.257166397715924], [0.3496667031993405, 0.27053223368909307, 0.12440134235530018, 0.2553997207562664], [0.25593828070654007, 0.27085101732754413, 0.1866844266870814, 0.28652627527883445], [0.27740383509015243, 0.30825409763042183, 0.11981507412421681, 0.2945269931552089], [0.30195277713692514, 0.20845817762624821, 0.1486866782221882, 0.34090236701463833], [0.3934485503512353, 0.26028326857524015, 0.10088008191568429, 0.24538809915784035], [0.2559918916562013, 0.2697093919533008, 0.16530329633967364, 0.30899542005082425], [0.23871238422991226, 0.23189779390836102, 0.24089092387658298, 0.2884988979851438]]}}