{"test": {"ids": ["110117870", "110114561", "107113840", "99109740", "98109230", "102111990", "97116500", "98110680", "113118111", "108115070", "101112201", "103120780", "106112770", "112116810", "111115910", "110120531", "113122510", "112117431", "104114740", "99108710", "105112260", "103113170", "105110091", "108118520", "99109860", "111115620", "106116370", "110115890", "102116340", "109116441", "103111110", "113122430", "99107560", "97112290", "103111170", "111116530", "111119250", "107120130", "112118421", "98107210", "103109791", "98112170", "102110500", "111116040", "112119120", "99108580", "111120280", "108115880", "97106591", "110118301", "108118291", "110116501", "106119580", "98107410", "104114240", "111116110", "99108310", "97116790", "108114200", "109115211", "108120260", "109115220", "102112301", "99108460", "101119591", "110121450", "113122170", "97107920", "112121430", "106113830", "98119591", "111119300", "104119340", "109113881", "111121190", "108118810", "108114180", "98106111", "111118910", "101108290", "102113981", "100113370", "97105760", "112116401", "105119550", "100111270", "104111531", "112116540", "99111440", "101108500", "104119290", "110114950", "97116800", "100109330", "100109890", "112118890", "102112170", "112121410", "110116441", "98106880", "97106600", "106113170", "109119450", "113119120", "108116070", "97116401", "99114890", "110119030", "103113270", "109121410", "106118820", "105112130", "100112060", "108113700", "112118161", "100115700", "102121440", "107121540", "98112300", "113117550", "104110960", "108116120", "112118581", "105117431", "107118820", "110115580", "101110150", "111116100", "101108080", "97107681", "111118301", "113122230", "109117150", "112121030", "113121980", "113122320", "99107660", "107117630", "111114321", "110121720", "106117770", "111117120"], "labels": [3, 0, 3, 3, 1, 2, 2, 2, 1, 1, 0, 1, 1, 3, 2, 0, 2, 0, 2, 2, 3, 3, 0, 0, 2, 1, 2, 2, 3, 3, 3, 2, 1, 1, 2, 3, 1, 2, 3, 1, 3, 3, 3, 0, 1, 0, 0, 3, 1, 1, 3, 3, 3, 3, 0, 3, 2, 2, 0, 0, 1, 3, 1, 0, 0, 3, 1, 0, 2, 1, 1, 1, 1, 0, 1, 1, 1, 0, 0, 0, 1, 3, 0, 0, 1, 2, 0, 1, 3, 3, 1, 0, 0, 0, 3, 3, 3, 0, 3, 0, 3, 0, 3, 3, 1, 3, 2, 0, 2, 0, 3, 1, 2, 0, 0, 1, 2, 2, 2, 3, 2, 1, 1, 1, 3, 1, 1, 3, 0, 3, 3, 1, 2, 0, 2, 1, 3, 0, 1, 3, 0, 2], "predicted_labels": [3, 1, 1, 1, 2, 2, 1, 2, 3, 1, 3, 0, 1, 0, 1, 0, 2, 0, 2, 1, 1, 2, 0, 0, 1, 3, 0, 1, 3, 3, 0, 1, 1, 2, 0, 1, 0, 1, 1, 3, 0, 0, 3, 3, 0, 3, 3, 3, 2, 0, 1, 1, 1, 0, 3, 3, 1, 1, 2, 1, 3, 0, 3, 2, 3, 3, 2, 0, 2, 0, 1, 1, 1, 0, 0, 1, 1, 2, 3, 0, 0, 1, 3, 3, 2, 1, 1, 3, 0, 2, 0, 3, 0, 0, 3, 1, 0, 3, 3, 1, 3, 0, 2, 3, 1, 1, 1, 3, 2, 1, 1, 2, 1, 1, 0, 3, 2, 2, 3, 3, 3, 3, 1, 2, 1, 3, 1, 1, 1, 2, 1, 2, 1, 2, 3, 2, 3, 0, 3, 1, 0, 0], "confidence_scores": [[0.0572121294787687, 0.0027431702584396725, 0.0019209140915198274, 0.9381237861712718], [0.32734079229149327, 0.4021192313820081, 0.2453449701533297, 0.025195006173168867], [0.10761544291425176, 0.7561610175623784, 0.05120144751288588, 0.08502209201048404], [0.09075827285232758, 0.6450007009440115, 0.08597834513728438, 0.17826268106637658], [0.006224738340294556, 0.0007838898774435165, 0.7273252093693294, 0.26566616241293234], [0.012350259001295213, 0.02086241908547835, 0.9255947585491576, 0.041192563364069026], [0.24717872148486872, 0.4405649226730523, 0.24249709981185313, 0.06975925603022583], [0.16827565903712702, 0.22511143035003753, 0.602263216532194, 0.004349694080641502], [0.019271915703489267, 0.0001524089767176053, 0.001419377177682977, 0.97915629814211], [0.15999196369521562, 0.8385253940441422, 0.0007150224174252919, 0.000767619843217103], [0.3824361999046524, 0.1315224175592689, 0.006579455906370772, 0.47946192662970794], [0.9231757114356925, 0.016415408537300506, 0.0066073005834445375, 0.05380157944356261], [0.0015968981953083312, 0.9947431911662428, 0.0010581208152097242, 0.002601789823239141], [0.5951801137472755, 0.27604176590542234, 0.10913871762683326, 0.019639402720468876], [0.0023425722643680117, 0.9905597694131476, 0.0009596869746295241, 0.006137971347855109], [0.9443277702758949, 0.054718680913221414, 1.4952633220579165e-05, 0.0009385961776631768], [0.006203780619094955, 0.003194215680576093, 0.9320388973288777, 0.058563106371451304], [0.8579730932414433, 0.12948005444849112, 0.00020616122992044977, 0.012340691080145055], [0.0014890721489734919, 0.02725036495572809, 0.5415426220640204, 0.42971794083127807], [0.00211380240882629, 0.9967961350029844, 0.0009849336546925902, 0.00010512893349667121], [0.0003659978168426235, 0.9856864264481555, 0.0013707145216164146, 0.012576861213385372], [0.4424830859544465, 0.054893191446069266, 0.4969207590886632, 0.005702963510821157], [0.643437839624965, 0.012001101232467315, 0.014455442212455092, 0.33010561693011253], [0.8199270442476512, 0.003305041137928016, 0.06439369128390175, 0.11237422333051916], [0.0014080805361330045, 0.7476549743984224, 0.25065602231841166, 0.0002809227470329204], [0.17159583346284818, 0.007614388189950538, 0.03605467962065731, 0.784735098726544], [0.9808213126682732, 0.007789773484840318, 0.004704205767332334, 0.00668470807955429], [0.06039063434417671, 0.8862346956796365, 0.05206525816410078, 0.001309411812085992], [0.011552453799237849, 0.00577962769876487, 0.05346114957408803, 0.9292067689279093], [0.4378792947822527, 0.000769552876468359, 5.9481779507804036e-06, 0.5613452041633281], [0.9969914982591503, 0.0011541934783349088, 0.0005452800371292748, 0.001309028225385442], [0.000258691884345883, 0.986095069719206, 0.0076915585026158095, 0.0059546798938321125], [6.3988475221571e-05, 0.9999269096333299, 7.788488248980675e-06, 1.3134031995133217e-06], [0.048352217370862434, 0.053287508199810846, 0.8966925804216374, 0.0016676940076893584], [0.5817913395258261, 0.1416391435835282, 0.019800937503798893, 0.2567685793868469], [0.0020728478798417794, 0.9634123618853273, 0.00021255265652090098, 0.03430223757830982], [0.9911402312501012, 0.0005777899280021458, 0.0011002856415511292, 0.007181693180345603], [0.0005981221825469576, 0.9943991934185332, 0.004681820385912985, 0.00032086401300678117], [0.02733625794103543, 0.5780648114045872, 1.650312840254264e-05, 0.39458242752597494], [0.01481323677699029, 0.04139876109458345, 0.10306038864259286, 0.8407276134858335], [0.4878465569190107, 0.2260429557740046, 0.23908256151688992, 0.047027925790094835], [0.946336992586103, 0.031818093722873524, 0.010779810460613342, 0.011065103230410165], [0.08548945975687396, 0.007405587130014407, 0.3132554404799524, 0.5938495126331592], [0.15353831479199054, 0.0015286783374379414, 0.00024480828794619554, 0.8446881985826253], [0.9108332846623476, 0.0128595309957314, 0.04075047607241062, 0.03555670826951038], [0.13925745873800183, 0.05170978894269381, 0.14565990827021602, 0.6633728440490883], [0.017634325292025847, 0.010155731839872272, 0.0006681008068248083, 0.971541842061277], [0.2994765908172851, 0.062242016321797086, 0.000572938321637745, 0.6377084545392802], [0.027657296251155008, 0.19162030549977294, 0.7795595892042678, 0.0011628090448042368], [0.5655070809937248, 0.009076563986850587, 0.0002568094203272742, 0.4251595455990973], [0.02815520172149211, 0.9710524097131865, 1.4073465596017184e-05, 0.0007783150997255771], [0.04976804318893153, 0.47972082394989374, 0.012597188366426313, 0.4579139444947484], [0.001729910688676011, 0.9416357714645287, 0.03777297508204649, 0.018861342764748767], [0.9789011880571747, 0.0003096077849391386, 0.00047379634850441534, 0.020315407809381646], [0.06042825318441993, 0.00019943763715519797, 0.019014093983437636, 0.9203582151949872], [0.010016738033849691, 0.009232578349920556, 0.042706278990644025, 0.9380444046255856], [0.024184850790497286, 0.9745533710696389, 0.001081288336109036, 0.00018048980375469142], [0.45318896540838993, 0.45457153105906606, 0.059504631991300634, 0.032734871541243285], [0.008907624008605846, 0.15451656827028384, 0.6595726479209368, 0.1770031598001734], [0.00024066383567091778, 0.936490551617976, 2.6491296699018145e-05, 0.06324229324965416], [0.00041076891627266256, 0.0037831419476760933, 0.00649132249546732, 0.9893147666405839], [0.9337805073473515, 0.004769541238682688, 0.05082737356719041, 0.010622577846775312], [0.0016184394739401807, 0.00011339298178547864, 0.00542975188653951, 0.9928384156577349], [0.001893801756279029, 0.18290852638529415, 0.5930986623496128, 0.22209900950881406], [0.32714211648912594, 0.09418016885383707, 0.0001285278166578109, 0.5785491868403791], [0.1146458267273714, 0.06400235199288459, 3.1008274288001077e-05, 0.8213208130054559], [0.0017541267668934814, 0.005347120492279033, 0.9903532648849255, 0.0025454878559019864], [0.7782336075028892, 0.013737745950236156, 0.02851069739163042, 0.17951794915524408], [0.16341257775591045, 0.012703171136161106, 0.6016842628987618, 0.22219998820916667], [0.5648318447252444, 0.26689407516974817, 0.011575413187311001, 0.15669866691769643], [0.04066172430100425, 0.517400977825253, 0.279209389530033, 0.1627279083437099], [0.07763819554298025, 0.6664151049863981, 0.2197166066064484, 0.03623009286417319], [2.818287826616838e-05, 0.9447649180086384, 7.852282128698108e-05, 0.05512837629180821], [0.7891709671321119, 0.01004945066830618, 0.20018051167307502, 0.0005990705265069237], [0.8857948826698424, 0.10979438592247892, 0.0017969403295783352, 0.0026137910781002813], [0.08895916303177916, 0.6091960056943175, 0.0024989353520809584, 0.2993458959218224], [0.07082803306295385, 0.8750788158534534, 0.02673173894754786, 0.02736141213604481], [0.13462857790443472, 0.042844046184404475, 0.7632994207687898, 0.059227955142370975], [0.04154162798621007, 0.024615474097471484, 0.06800327167339187, 0.8658396262429267], [0.7005433427015466, 0.18166488966214137, 0.013994880022659998, 0.10379688761365198], [0.5632013319984382, 0.011190551291745237, 0.13088222389175322, 0.29472589281806333], [0.06169729784800558, 0.5851389317834296, 0.0751338381155874, 0.2780299322529775], [0.29904181225325893, 0.13672925694894067, 0.006262959131857664, 0.5579659716659428], [0.006352991476215841, 0.0012959082246837923, 0.0003093533609003917, 0.9920417469382001], [0.0911522275280318, 0.033324856469461435, 0.635069636334915, 0.24045327966759183], [0.09480610713240957, 0.7084566927156445, 0.15603984406976573, 0.04069735608218018], [0.031194456981636292, 0.5620343872327658, 0.05777729052919838, 0.3489938652563996], [0.0006665430674766303, 0.002391617638472955, 0.003696428543081098, 0.9932454107509694], [0.5583086473446779, 0.41985453968901604, 0.0014138863358362863, 0.02042292663046991], [0.00012539038489871998, 0.017704764207844868, 0.9601624747309367, 0.022007370676319672], [0.810180819588932, 0.0738442984858122, 0.07155741919327924, 0.044417462731976484], [0.14098795687836155, 0.014683695428927904, 0.004723164126706022, 0.8396051835660044], [0.9796363113435524, 0.004264878185693105, 0.01258364129475534, 0.0035151691759991595], [0.40366305159347926, 0.3511406007862861, 0.010451517652815313, 0.23474482996741933], [0.01854722620729598, 0.09305635799833951, 0.36713033858782357, 0.521266077206541], [0.05734599200180186, 0.3600752964694109, 0.34025318568566426, 0.24232552584312306], [0.9786515305208848, 6.231668376650856e-05, 0.0014810254966624663, 0.019805127298686453], [0.39550218346023236, 0.005666414769081756, 0.1351396129441554, 0.46369178882653045], [0.06872488751814627, 0.38597077092299553, 0.07476070322670718, 0.47054363833215096], [0.06822512917907865, 0.9244344661062365, 0.0071018421628074885, 0.00023856255187747406], [0.024725443816338077, 0.11678167954670181, 8.984253318390305e-05, 0.8584030341037762], [0.6134650847996734, 0.346734380649786, 0.0021694534180243994, 0.03763108113251602], [0.09002076629827192, 0.002392630831084365, 0.7042857041477666, 0.20330089872287713], [0.008037232476090056, 0.0003202975277634917, 0.0006510315199313357, 0.9909914384762151], [0.016156973588383285, 0.5767349402774956, 0.07139896087425569, 0.3357091252598654], [0.03459786918000047, 0.7655766809563588, 0.19080150115619407, 0.009023948707446671], [0.0012306764710025393, 0.6657038424480376, 0.0815767698683707, 0.2514887112125892], [1.1494871650650166e-05, 0.00521947286485274, 4.492423378180877e-05, 0.9947241080297149], [0.06842742715075457, 0.02370927706551633, 0.5023186243257698, 0.40554467145795925], [3.146150619267866e-05, 0.9967902640966482, 1.6991529517284153e-05, 0.0031612828676416817], [0.010867756097153784, 0.7597037127535592, 0.04030356969463216, 0.18912496145465493], [0.0018903778771872013, 0.05760132145634894, 0.6575622920114789, 0.28294600865498504], [0.0426950487433979, 0.37182169343596055, 0.3509596600995217, 0.23452359772111991], [0.04187559964338589, 0.5912649373958215, 0.0035936057357868925, 0.3632658572250058], [0.7247701862251172, 0.2646131998770736, 0.0034563676548026545, 0.007160246243006436], [0.0014499271366892564, 0.01488716160171509, 0.015199092560881854, 0.9684638187007139], [0.11071853445735294, 0.11721391750597611, 0.7504343307277848, 0.021633217308886205], [0.0031551423335557465, 0.06907935549730822, 0.9273457977181414, 0.0004197044509946109], [0.019841681735076323, 0.0027082458620722233, 0.15248328152087, 0.8249667908819813], [0.0008313855126140514, 0.0005813902688040975, 0.0004597763829253562, 0.9981274478356564], [0.014419639852315277, 0.06767813034050421, 0.12257420701192517, 0.7953280227952554], [0.15645557837124852, 0.04998739849945385, 0.1597433213442088, 0.6338137017850888], [0.47188717051956663, 0.5062182974007267, 0.018119000722268082, 0.0037755313574385396], [0.027242120059354478, 0.04948862099188703, 0.8613892178612187, 0.06188004108753969], [0.019908860314181653, 0.8672572628946592, 0.055941498039499216, 0.05689237875165999], [0.10613491683125555, 0.16281904622400162, 0.15564763383662591, 0.575398403108117], [0.01916382810498181, 0.8418422623019685, 0.02664224547606784, 0.1123516641169821], [0.023943784000478738, 0.9180394170269868, 0.014390602191004347, 0.04362619678153], [0.006953318965867007, 0.7231195367014938, 0.0025048967756504644, 0.26742224755698896], [0.07264444288485704, 0.1366527117821942, 0.785085170464943, 0.005617674868005808], [0.07936709406124187, 0.9166291371214613, 0.0018928259975076714, 0.0021109428197890728], [0.020271589069032196, 0.003046453263949831, 0.9712542171178203, 0.005427740549197676], [0.002825859990477379, 0.9701827836375662, 0.018936576793849122, 0.008054779578107275], [0.02066030156897717, 0.033597801686956294, 0.8982431123280119, 0.04749878441605453], [0.28624135456718974, 0.027748263651054553, 0.013648919681838855, 0.6723614620999169], [0.005708278096687311, 0.16025385051079113, 0.6682508658874555, 0.1657870055050661], [0.3504399382751545, 0.002640563794701037, 0.01331997480135097, 0.6335995231287934], [0.9749852819175652, 0.010807154450220595, 0.010292723551407913, 0.003914840080806336], [0.03708586200605386, 0.016998242337517244, 0.008502201890452593, 0.9374136937659763], [0.18998151508597014, 0.4585512315791518, 0.011404654567667222, 0.34006259876721096], [0.7170214630680045, 0.11534001198526923, 0.10206072678252699, 0.0655777981641994], [0.8840349150466438, 0.08402303125604121, 0.014849782722187364, 0.01709227097512769]]}, "rewritten": {"ids": ["97105760", "97106591", "97106600", "97107681", "97107920", "97112290", "97116401", "97116500", "97116790", "97116800", "98106111", "98106880", "98107210", "98107410", "98109230", "98110680", "98112170", "98112300", "98119591", "99107560", "99107660", "99108310", "99108460", "99108580", "99108710", "99109740", "99109860", "99111440", "99114890", "100109330", "100109890", "100111270", "100112060", "100113370", "100115700", "101108080", "101108290", "101108500", "101110150", "101112201", "101119591", "102110500", "102111990", "102112170", "102112301", "102113981", "102116340", "102121440", "103109791", "103111110", "103111170", "103113170", "103113270", "103120780", "104110960", "104111531", "104114240", "104114740", "104119290", "104119340", "105110091", "105112130", "105112260", "105117431", "105119550", "106112770", "106113170", "106113830", "106116370", "106117770", "106118820", "106119580", "107113840", "107117630", "107118820", "107120130", "107121540", "108113700", "108114180", "108114200", "108115070", "108115880", "108116070", "108116120", "108118291", "108118520", "108118810", "108120260", "109113881", "109115211", "109115220", "109116441", "109117150", "109119450", "109121410", "110114561", "110114950", "110115580", "110115890", "110116441", "110116501", "110117870", "110118301", "110119030", "110120531", "110121450", "110121720", "111114321", "111115620", "111115910", "111116040", "111116100", "111116110", "111116530", "111117120", "111118301", "111118910", "111119250", "111119300", "111120280", "111121190", "112116401", "112116540", "112116810", "112117431", "112118161", "112118421", "112118581", "112118890", "112119120", "112121030", "112121410", "112121430", "113117550", "113118111", "113119120", "113121980", "113122170", "113122230", "113122320", "113122430", "113122510"], "labels": [0, 1, 3, 3, 0, 1, 3, 2, 2, 0, 0, 0, 1, 3, 1, 2, 3, 2, 1, 1, 3, 2, 0, 0, 2, 3, 2, 3, 2, 0, 3, 2, 2, 3, 1, 0, 0, 3, 1, 0, 0, 3, 2, 3, 1, 1, 3, 2, 3, 3, 2, 3, 2, 1, 2, 0, 0, 2, 1, 1, 0, 1, 3, 1, 1, 1, 0, 1, 2, 0, 3, 3, 3, 0, 3, 2, 2, 0, 1, 0, 1, 3, 1, 1, 3, 0, 1, 1, 0, 0, 3, 3, 2, 3, 0, 0, 0, 1, 2, 3, 3, 3, 1, 0, 0, 3, 3, 1, 1, 2, 0, 3, 3, 3, 2, 3, 0, 1, 1, 0, 1, 0, 1, 3, 0, 0, 3, 1, 3, 1, 0, 0, 2, 3, 1, 3, 2, 1, 1, 1, 2, 2], "predicted_labels": [0, 2, 0, 2, 0, 2, 3, 2, 1, 0, 0, 0, 1, 0, 2, 2, 0, 0, 3, 1, 0, 1, 1, 0, 1, 0, 2, 0, 1, 0, 1, 2, 1, 0, 3, 3, 0, 2, 0, 1, 0, 3, 2, 3, 0, 2, 1, 3, 0, 0, 0, 1, 1, 0, 3, 1, 1, 3, 2, 0, 3, 1, 1, 2, 3, 1, 0, 3, 2, 3, 1, 1, 0, 1, 3, 1, 2, 1, 1, 3, 1, 1, 3, 3, 0, 0, 0, 3, 2, 0, 3, 1, 1, 2, 3, 1, 3, 2, 1, 1, 3, 3, 0, 3, 0, 3, 1, 1, 2, 1, 3, 1, 3, 1, 0, 1, 3, 2, 0, 0, 0, 1, 3, 0, 1, 1, 1, 2, 1, 3, 0, 2, 3, 2, 3, 3, 0, 2, 1, 3, 1, 3], "confidence_scores": [[0.4236499730951136, 0.06925268374486086, 0.34775424740894095, 0.1593430957510845], [0.013467119960481035, 0.32224015880437074, 0.6049636672384401, 0.05932905399670816], [0.5527495088681869, 0.003949422934491146, 0.2680440489364837, 0.17525701926083825], [0.22435932235585543, 0.3190675967363653, 0.4080993084762111, 0.0484737724315681], [0.8896097150801979, 3.57973057285526e-05, 0.01535224954848234, 0.09500223806559117], [9.331962135874493e-05, 0.025546595945384814, 0.9652025461217545, 0.009157538311501836], [0.03993256664470528, 0.26029388337678844, 0.008661469601111334, 0.691112080377395], [0.0905258507070613, 0.018928983066858574, 0.8806634606284847, 0.009881705597595488], [0.0001380435722843983, 0.9922313811318885, 0.006814675208498924, 0.0008159000873281426], [0.7879731434526869, 0.035142593289561715, 0.005411845446227349, 0.17147241781152417], [0.594170611438306, 0.019076299057346372, 0.1554165446007709, 0.2313365449035768], [0.958253383722273, 0.001798536971523689, 0.034188237764329193, 0.005759841541874285], [0.013935209420058478, 0.8358566031316151, 0.018288176513435495, 0.13192001093489092], [0.8639489721486115, 0.13170839483643962, 0.0014327340762923125, 0.0029098989386564028], [0.012368355854672802, 8.097414464696239e-06, 0.9859965312145264, 0.0016270155163363614], [0.30516299266312363, 0.06562379720106108, 0.5483629674494185, 0.08085024268639683], [0.9432459563819433, 0.007070580048082783, 0.004345711505649019, 0.04533775206432498], [0.9706909498556947, 0.00014232840434549323, 0.0023254289658072346, 0.026841292774152564], [0.0026690045225349107, 0.0006399074514485978, 0.31692709672533415, 0.6797639913006823], [3.229267911608171e-05, 0.999939896248414, 1.0948011392805558e-06, 2.671627133072883e-05], [0.9445878240758108, 0.00023183402055854886, 0.006991159662185168, 0.04818918224144548], [0.003672508540872873, 0.9963113327145212, 1.0268200749173828e-05, 5.890543856727369e-06], [0.0005574212447724922, 0.9628599859795273, 0.034711386624530306, 0.0018712061511700533], [0.8083563215213875, 0.12936410647454774, 0.038512503865174304, 0.023767068138890325], [0.07865819843189456, 0.8397704413093772, 0.08033412555199818, 0.0012372347067299244], [0.6553255443226463, 0.04155726383193244, 0.010528009549876071, 0.29258918229554526], [0.0006089274950955555, 0.1893616011003618, 0.7980063818380421, 0.012023089566500524], [0.6264598113699086, 0.038061744711225975, 0.0011024088066603776, 0.334376035112205], [0.4102932098152777, 0.4722249180993359, 0.11726134246194066, 0.0002205296234456694], [0.7813842322461533, 0.002245323107916836, 0.058711411656200654, 0.15765903298972925], [0.4227403710438558, 0.4366546265174114, 0.0755123396116782, 0.06509266282705482], [0.009867168027802103, 0.2708231246876843, 0.7167552446825284, 0.0025544626019852095], [0.12286775360792122, 0.7322840146880999, 0.061701546475128745, 0.08314668522885021], [0.9674545800805174, 0.0001071209074543664, 0.021272181337891913, 0.011166117674136262], [0.0016362118776429577, 0.0012781116982445353, 0.09806376239765707, 0.8990219140264555], [0.0005684180672248775, 0.0533296487113483, 0.0008265073526016667, 0.9452754258688252], [0.9742486859025771, 0.023353956927026038, 0.0005539656251667394, 0.0018433915452301629], [4.618654750944485e-05, 0.007394107725790264, 0.9896877850589708, 0.0028719206677294347], [0.6040758248314381, 0.22222477147243289, 0.14079086900849921, 0.03290853468762981], [0.30510360127213204, 0.6697014324066316, 0.00040534154344536, 0.024789624777790984], [0.6202824400653031, 0.054972096907445554, 0.026462230923200235, 0.2982832321040511], [0.017487047042668385, 0.24658001292816392, 0.02735656522984615, 0.7085763747993216], [0.0035363898912530852, 0.006859840184014063, 0.9874186499052134, 0.0021851200195194542], [0.13879508939591417, 0.0009387048409915883, 0.26554920750604166, 0.5947169982570526], [0.7410023745408016, 0.00010512464752059826, 0.238101679256204, 0.020790821555473613], [0.38829331792417826, 0.0006466279403653438, 0.6036286157738863, 0.007431438361570069], [0.0007903615958644358, 0.9097054614751443, 0.025010456702463008, 0.06449372022652824], [0.021824977242293236, 0.04703723550023576, 0.08331689197835009, 0.847820895279121], [0.929429274678461, 0.0014183575370648061, 0.01793743899655506, 0.051214928787919146], [0.997574219370861, 6.717443038623364e-06, 5.649409130837916e-05, 0.002362569094792116], [0.9571425752301115, 0.032097092873207, 0.00951440521274409, 0.0012459266839373088], [0.00020139140121863436, 0.9717646272610256, 0.02772466457890749, 0.0003093167588483175], [0.06646829652223614, 0.6679987752642852, 0.09833284725928343, 0.16720008095419525], [0.8211504286787875, 0.11552391728709914, 0.000618120889501287, 0.06270753314461187], [0.04024293551155293, 0.26661479992423215, 0.30993482668646727, 0.3832074378777476], [0.00867541460529183, 0.9829633196009729, 0.00014011979512919837, 0.008221145998606065], [0.005556414861623011, 0.9441818640402622, 0.00019008440631981447, 0.05007163669179496], [0.0038287266498185065, 0.12628799495391643, 0.00602456913031474, 0.8638587092659503], [0.037717312750297195, 0.00508814422578975, 0.9462191436459022, 0.010975399378010757], [0.604504483549989, 0.1185036535917564, 0.029512669037631882, 0.24747919382062278], [8.25878223733706e-05, 6.905961479027772e-06, 7.458543882914439e-05, 0.9998359207773185], [2.5946571963605803e-05, 0.9839946262874532, 0.009146497653211572, 0.0068329294873717755], [0.00027175306428449153, 0.9787415731765894, 0.020221734913232176, 0.0007649388458940271], [0.0068530257295506426, 0.0980854517539249, 0.5368404059636683, 0.3582211165528562], [0.034946253921017405, 0.07772849248151771, 0.34528922704956844, 0.5420360265478964], [0.00026400676677952963, 0.9016723645166961, 0.04027110325542535, 0.05779252546109894], [0.5616470425174197, 0.006963874450882218, 1.767619176395248e-05, 0.43137140683993425], [0.011672421719304249, 0.00048048000373571376, 0.0001937387085285466, 0.9876533595684315], [0.4035876581822207, 0.00030986493238164837, 0.42125179326442663, 0.17485068362097095], [0.009336121425309226, 3.5484896359097414e-05, 0.4134020332716884, 0.5772263604066432], [0.0005665686872884061, 0.9988995763566737, 0.00031437432810423315, 0.00021948062793365283], [0.005402216994383248, 0.8361871817386414, 0.0891653653752087, 0.06924523589176655], [0.9551601742335881, 0.04442119370195482, 0.00016047088116719448, 0.0002581611832899087], [0.02380568703810499, 0.6858674253387651, 0.12654951231652742, 0.16377737530660252], [0.32082080457454537, 0.023901777604322726, 0.0006025506990544081, 0.6546748671220775], [0.30675522393984095, 0.6173360434929498, 0.0061554419049743014, 0.069753290662235], [0.11723306670871717, 0.0056195481087201625, 0.8754110233399947, 0.0017363618425679814], [0.03328648822563291, 0.9452782576000907, 0.007567708550969986, 0.013867545623306672], [6.426015637367838e-06, 0.9990198436722287, 0.000971354310976046, 2.3760011578048635e-06], [0.0001493199356906584, 6.604710368853966e-05, 4.965381254657655e-06, 0.9997796675793661], [0.00229663898880456, 0.9083394901184101, 0.07216106921987593, 0.017202801672909367], [0.006359653632071444, 0.959200274398156, 0.021016642455927305, 0.013423429513845144], [0.11920344066438122, 0.2846041012550229, 0.017884996348849515, 0.5783074617317464], [0.028405511446952563, 0.0037756449690074913, 0.23239475783239824, 0.7354240857516416], [0.7965705185206466, 0.1599375776272413, 5.3047302112306453e-05, 0.04343885654999971], [0.9554688393148684, 0.0008608057189114628, 0.013315092458287561, 0.0303552625079327], [0.5973054675843914, 0.35996047658916563, 0.00015129835818650993, 0.04258275746825643], [0.0005008729873492559, 0.0021521415006998013, 0.004490408233403486, 0.9928565772785475], [0.4110488386803116, 3.0470343003942667e-05, 0.586288722124768, 0.002631968851916523], [0.9626524607226903, 0.00024125569244976846, 0.0038010447842238785, 0.033305238800636], [0.09274214473849149, 0.05048851990831001, 0.020545354981591782, 0.8362239803716067], [0.040479405251786595, 0.61241823716709, 0.0006675973628695554, 0.3464347602182538], [0.0006843192895294295, 0.9560885847606299, 0.039104297762150575, 0.004122798187690119], [0.028569231735200217, 0.0027792743436894623, 0.7276917383197568, 0.24095975560135352], [0.0006837411505989331, 0.021341429889843097, 2.9687905341578207e-05, 0.9779451410542164], [0.020336568921186366, 0.9738724321844469, 0.004956499306196032, 0.0008344995881705648], [0.28374175932930745, 0.07977339609802911, 0.04881562763321794, 0.5876692169394456], [0.023101049378453028, 0.06358559565293068, 0.6561646988890374, 0.2571486560795789], [0.018715987322357096, 0.808086484868481, 0.051371510900631946, 0.12182601690852991], [0.22085603481093144, 0.3985502146577867, 0.01296339391817015, 0.3676303566131118], [0.014030564842851723, 0.017653703064435686, 0.21249296746151353, 0.755822764631199], [0.3854572326847793, 0.1922952813048708, 0.00823124032504082, 0.414016245685309], [0.7896568452379376, 0.035605559660720175, 0.0007586166039433125, 0.17397897849739896], [0.06828993971002557, 0.30843480356221864, 3.1442645082561077e-06, 0.6232721124632474], [0.9632623436054855, 0.021669916282996058, 0.0011063089782257993, 0.013961431133292526], [0.1038290165353825, 0.017336258455556912, 4.0964490000336885e-05, 0.8787937605190602], [0.0003871278305547923, 0.8940983891513185, 0.06519928841140134, 0.04031519460672552], [4.3466391262722064e-05, 0.6768209442408837, 0.03651510120545883, 0.28662048816239466], [8.878143473304157e-05, 0.0009563950278022278, 0.6065193498038152, 0.39243547373364956], [0.02624947921143961, 0.5696126112787377, 0.40063556060570016, 0.0035023489041224216], [0.06560746743339829, 0.00164057540650351, 1.582605061381958e-05, 0.9327361311094843], [0.05982272195364642, 0.7153297339735619, 0.006452662917609602, 0.21839488115518205], [0.0059259110718611376, 0.13748467140203108, 0.004183929144094238, 0.8524054883820136], [0.33952654951849104, 0.6582944314802602, 6.318930355937354e-05, 0.0021158296976893196], [0.9209695700302061, 0.024936913865782426, 0.00540675366167763, 0.04868676244233403], [0.0033262205837176467, 0.9948089959949545, 0.00040374232148458967, 0.0014610410998431625], [0.021257078619925006, 0.018956300009566638, 0.2804243605332874, 0.6793622608372208], [0.26864756193312883, 0.007328009963198518, 0.3733852642752075, 0.3506391638284651], [0.5272961710699563, 0.0710387142406571, 0.17860761718386997, 0.2230574975055166], [0.7272902899896639, 0.0003172167086035864, 0.0012182068324817182, 0.2711742864692509], [0.9944315832562716, 0.0005788142040492173, 0.0004138823680578843, 0.004575720171621113], [0.31500737973546805, 0.6599850103096617, 0.00041114360570724943, 0.024596466349162856], [4.776174601307463e-05, 0.421196368412385, 0.0010486253451643078, 0.5777072444964376], [0.4664520697891297, 0.2626335769111781, 0.1762505544341997, 0.09466379886549253], [0.14015091407455776, 0.8531716245593104, 0.005685668571620485, 0.0009917927945115445], [0.0040544120119115346, 0.9669238662215399, 0.028807347069675866, 0.00021437469687260623], [0.0015787495240978675, 0.5235225106230068, 5.66578234878198e-05, 0.4748420820294076], [0.394370671841809, 0.019165426439007958, 0.4836617083097752, 0.10280219340940783], [0.06106975190976127, 0.6892576748970938, 0.22920830104590376, 0.02046427214724123], [0.0056676027138486415, 0.05971469963531511, 0.0007230591207560593, 0.9338946385300803], [0.7226145670367036, 8.7474329675498e-05, 0.2770349592737903, 0.0002629993598306854], [0.09649909830790648, 0.010896030656808548, 0.8461319994655534, 0.04647287156973162], [0.007492996499282907, 0.38130641472865995, 0.02867396219832338, 0.5825266265737339], [0.005465142813630117, 0.11307264553858813, 0.659366107947362, 0.2220961037004198], [0.006615011078331542, 0.0005494753421260631, 4.1669083824421434e-05, 0.992793844495718], [0.015947872444723482, 0.12960355630830364, 0.001070525590739246, 0.8533780456562335], [0.6078640550453002, 0.01715664013741296, 0.036450310535541174, 0.3385289942817456], [3.467792685911075e-05, 0.0038371608707227865, 0.955294182794094, 0.04083397840832416], [0.08976363858178296, 0.5375692749656217, 0.2794284084606791, 0.09323867799191628], [0.00887397448093076, 0.2583671525520625, 0.0013466862492476455, 0.7314121867177591], [2.070327367120555e-07, 0.9991078622694983, 8.600291431572878e-05, 0.0008059277834492876], [0.00015078697748152544, 0.0008759077547382035, 0.3619776732834678, 0.6369956319843125]]}}