{"test": {"ids": ["110115120", "112121351", "101108080", "113117340", "112120630", "108115880", "109120150", "98108150", "113118490", "102109010", "98112170", "106116820", "99109370", "100109000", "110115980", "111116170", "112118701", "98112580", "99109740", "97116401", "110115140", "101108621", "99107660", "106118820", "102121440", "110117200", "110119891", "107114950", "106116640", "112121360", "108113740", "108116501", "97107681", "112116810", "99119830", "111115770", "108118060", "103110760", "105112260", "100117420", "107116980", "111119930", "105113190", "108117360", "97109080", "103113101", "102112250", "113120640", "105120280", "105116860", "107119390", "109116810", "98120530", "110118111", "111118820", "112116640", "106115240", "106119990", "99117630", "109117730", "106111321", "111117200", "113119300", "106118520", "104113170", "111121410", "103110220", "102110690", "112120290", "109115070", "113119950", "108121190", "113118870", "97113260", "104111780", "112118550", "99109860", "104113550", "111116090", "101112540", "100111620", "112116800", "105113620", "107116501", "103109641", "112116900", "109116930", "111119340", "99110730", "97105960", "113121750", "110121140", "100109980", "106116120", "112120640", "113122510", "112117790", "99108330", "108121160", "103113170", "99110050", "110121500", "97116800", "97112300", "97116790", "107115250", "107113130", "105121190", "106115120", "113119480", "110119030", "99105921", "108117610", "99108580", "102110850", "106121220", "112117660", "98113881", "101108290", "107113840", "110118810", "105111990", "109117271", "111120531", "108114180", "101119030", "101112690", "103113260", "104119340", "103113610", "103111620", "105117351", "109113591", "103110840", "103120531", "103117461", "97105580", "101111140", "104118070", "107112850", "110118181", "99108520"], "labels": [0, 0, 0, 2, 3, 3, 2, 0, 1, 1, 3, 1, 1, 1, 1, 0, 0, 2, 3, 3, 0, 0, 3, 3, 2, 3, 3, 3, 3, 3, 3, 0, 3, 3, 1, 3, 1, 1, 3, 2, 3, 1, 3, 1, 2, 3, 0, 0, 3, 2, 2, 3, 1, 1, 0, 0, 1, 0, 3, 3, 0, 0, 1, 2, 3, 0, 2, 0, 1, 0, 0, 1, 0, 1, 3, 3, 2, 1, 3, 2, 3, 0, 0, 1, 1, 3, 0, 3, 3, 2, 0, 3, 1, 1, 0, 2, 3, 1, 2, 3, 3, 3, 0, 2, 2, 2, 1, 2, 1, 3, 0, 1, 3, 0, 3, 1, 0, 3, 0, 3, 1, 2, 0, 0, 1, 3, 1, 3, 1, 2, 0, 0, 3, 1, 3, 0, 1, 2, 2, 1, 1, 2], "predicted_labels": [3, 0, 0, 1, 3, 3, 2, 1, 0, 1, 3, 0, 0, 0, 3, 3, 3, 1, 1, 1, 3, 3, 2, 3, 1, 3, 3, 0, 3, 0, 0, 3, 2, 1, 1, 3, 1, 3, 3, 2, 0, 0, 0, 2, 3, 0, 3, 1, 2, 1, 2, 0, 3, 1, 0, 3, 0, 3, 0, 0, 3, 3, 3, 3, 1, 0, 1, 3, 2, 1, 0, 1, 3, 3, 1, 3, 1, 3, 0, 2, 2, 1, 1, 3, 3, 0, 2, 3, 3, 2, 1, 0, 0, 1, 1, 1, 3, 1, 1, 1, 3, 0, 0, 0, 2, 2, 2, 2, 0, 0, 3, 0, 3, 2, 2, 3, 3, 1, 3, 1, 3, 3, 3, 1, 3, 3, 1, 1, 3, 0, 1, 0, 1, 1, 1, 1, 0, 2, 2, 1, 1, 2], "confidence_scores": [[0.23296789191973782, 0.30741298490162167, 0.13905124537270383, 0.3205678778059365], [0.3414972591400978, 0.2366814131339163, 0.08471496922161549, 0.3371063585043704], [0.3174263599326413, 0.2874420134207469, 0.09590543241728773, 0.29922619422932406], [0.175515632293009, 0.33600200105110295, 0.23237387789688765, 0.2561084887590003], [0.21720461483855263, 0.3066236350765169, 0.18132827275954985, 0.2948434773253808], [0.24789223687299264, 0.27971197737643705, 0.18483784620120164, 0.2875579395493686], [0.148342900169943, 0.25952538004630876, 0.3950136440173343, 0.19711807576641377], [0.23225256316762155, 0.3288459314593299, 0.14670160104997382, 0.29219990432307474], [0.341066721864188, 0.23850835402003212, 0.11567095256063638, 0.3047539715551436], [0.2378710836154999, 0.3307479141611119, 0.1991133891135263, 0.23226761310986202], [0.27085438880412677, 0.25669178765506967, 0.17309156662308922, 0.2993622569177141], [0.292879548809104, 0.284181791269475, 0.14022625311000148, 0.28271240681141935], [0.26522468659563014, 0.22058404641652624, 0.24082167583776595, 0.2733695911500777], [0.2768957036744071, 0.2545898785233858, 0.22038944264681584, 0.24812497515539123], [0.24674725049092663, 0.29842433147044684, 0.1431692586505128, 0.31165915938811356], [0.2923643586147699, 0.2964999533569656, 0.0748097053345284, 0.33632598269373626], [0.22048449006298104, 0.31516594787249774, 0.11354363635057918, 0.3508059257139419], [0.21315296182704532, 0.3202029053895711, 0.2134170531182365, 0.25322707966514674], [0.14468524873527647, 0.3747536975648778, 0.3370912150419689, 0.1434698386578767], [0.20156361048386026, 0.30333899444035173, 0.23895403035282053, 0.25614336472296756], [0.2348150248591609, 0.2660597557318297, 0.18390156227719068, 0.31522365713181855], [0.22753371546700918, 0.2929351500100599, 0.18072906235003958, 0.2988020721728914], [0.23995850530339716, 0.2571589898925433, 0.25724392004000846, 0.24563858476405095], [0.25662371968631276, 0.25857916864859937, 0.0966061492022684, 0.3881909624628195], [0.22181645661205832, 0.2997321950388314, 0.22841444388042645, 0.250036904468684], [0.3088513620482057, 0.24241100599506657, 0.12347070628475963, 0.3252669256719683], [0.17221585748923218, 0.3266707871142703, 0.182391539367252, 0.31872181602924576], [0.30679794387970966, 0.22299676221489834, 0.17698825404380591, 0.29321703986158626], [0.2737195312819345, 0.2063932673226843, 0.15755532854034365, 0.3623318728550371], [0.33979504000434807, 0.29979495191262695, 0.10560333807344073, 0.2548066700095844], [0.3357468816413541, 0.21028519483387323, 0.15453425244769536, 0.2994336710770776], [0.3040352848151254, 0.21883108106297192, 0.13960044079897546, 0.3375331933229273], [0.17380317880261778, 0.24194366354381258, 0.3513186017693997, 0.2329345558841699], [0.21481580438952422, 0.3248620681892419, 0.20800723425263312, 0.25231489316860056], [0.17004573547772434, 0.3397906565096488, 0.22697428234413464, 0.26318932566849224], [0.29293897800599733, 0.271381934008791, 0.11828819117636605, 0.31739089680884586], [0.2723182428088074, 0.31964338510686413, 0.16339883423179496, 0.24463953785253337], [0.2546014181928855, 0.29053852207191533, 0.139739287362496, 0.3151207723727031], [0.2528539831507121, 0.29718834864154253, 0.1413540271518738, 0.30860364105587146], [0.1310256814848054, 0.25115834555091465, 0.4596189578735926, 0.1581970150906873], [0.3747807089375881, 0.2621666712904999, 0.1504028060030794, 0.2126498137688327], [0.2867280989348596, 0.3042308925472488, 0.15131939320741633, 0.2577216153104752], [0.3371702974518531, 0.19060016414265007, 0.10761534346311512, 0.36461419494238184], [0.12090764643386004, 0.323148561754867, 0.3269412391946959, 0.2290025526165772], [0.2527453072562071, 0.29318581186425424, 0.17412633314029213, 0.27994254773924687], [0.28819758464965245, 0.30454586609525214, 0.13677632609722465, 0.2704802231578711], [0.26008761890897836, 0.21099664233463425, 0.218630199925287, 0.31028553883110044], [0.2279309007792446, 0.3301002003750239, 0.15877442983339352, 0.28319446901233813], [0.16563075274360517, 0.30342142440902203, 0.30328722655740215, 0.22766059628997065], [0.2696889490424689, 0.31556400056243356, 0.15073995002147483, 0.26400710037362257], [0.17816584962713022, 0.261726186968024, 0.3003792749968949, 0.25972868840795144], [0.2580835456546396, 0.30798689192183065, 0.13118018942259255, 0.30274937300093735], [0.3115524505955064, 0.27779882548523593, 0.08915416578863428, 0.3214945581306233], [0.2831916978506783, 0.3317881925715269, 0.12182841347843548, 0.2631916960993592], [0.3497085707198324, 0.22239018673826708, 0.08496195812731655, 0.3429392844145838], [0.32439909390941074, 0.23563476975419975, 0.10672581942653322, 0.33324031690985617], [0.3425794035182263, 0.26469710283155673, 0.10831328797913149, 0.2844102056710854], [0.22466926314921132, 0.2590505174670539, 0.13921680773323597, 0.37706341165049845], [0.3045461652757397, 0.29474337772654857, 0.15023228774989072, 0.2504781692478209], [0.3593934202766885, 0.23944178172733077, 0.14017349674914717, 0.2609913012468337], [0.2995160552110024, 0.2604371323187579, 0.15627335740390372, 0.2837734550663355], [0.24752615493713437, 0.3023498861222467, 0.11294000089330776, 0.33718395804731127], [0.29476525332088116, 0.23150922475645708, 0.0777933268428008, 0.39593219507986094], [0.266558646278807, 0.29219482446356343, 0.12929683077305062, 0.311949698484579], [0.19313581325860474, 0.3562033768835891, 0.21562079210607601, 0.23504001775173014], [0.32539538157704323, 0.26055186776009126, 0.10175004280522086, 0.31230270785764447], [0.1545927551393097, 0.33926282869693725, 0.2797057620255224, 0.22643865413823064], [0.3207971890596393, 0.27089980746840503, 0.06942705231961813, 0.33887595115233754], [0.24065342483778257, 0.2423770946136602, 0.3115673355320634, 0.20540214501649415], [0.17121802470466124, 0.4371186586072898, 0.16177864925334234, 0.22988466743470673], [0.3268100668986779, 0.26214381527036695, 0.1053021082922637, 0.30574400953869124], [0.20199440032597912, 0.3432958806256178, 0.16301405148594283, 0.29169566756246035], [0.21605162856799295, 0.32950260156940114, 0.13580035160216036, 0.31864541826044557], [0.21329187483313405, 0.24169613881722132, 0.2667231756613834, 0.278288810688261], [0.2354299080710457, 0.3724161296943769, 0.12969495850274848, 0.26245900373182884], [0.26965541437150714, 0.26437119443468127, 0.11359691736199401, 0.3523764738318178], [0.17648294734906297, 0.30416423888378497, 0.27473326483351, 0.24461954893364188], [0.30655690800308405, 0.18667532217738467, 0.18692711803889991, 0.31984065178063104], [0.3405269204272521, 0.25933652222794684, 0.11474314235716868, 0.2853934149876323], [0.1710626673873218, 0.3201543449949788, 0.28099304014276555, 0.22778994747493406], [0.17247798911619278, 0.2988304609552736, 0.31812170825598507, 0.21056984167254852], [0.24163282881671536, 0.3198064573224921, 0.14482598979907887, 0.29373472406171386], [0.20532793369252836, 0.34921322742774313, 0.19159005447711686, 0.25386878440261224], [0.2516294759226862, 0.30133931197212926, 0.15271990505868213, 0.29431130704650244], [0.2002247791121432, 0.2718253308041772, 0.1955109517929662, 0.3324389382907133], [0.31187811884722755, 0.2764075277957477, 0.0881058395711437, 0.32360851378588135], [0.21919039095624543, 0.24733649217963669, 0.3020173176051079, 0.2314557992590097], [0.24281869729719574, 0.3098080001645094, 0.11394842759746647, 0.33342487494082856], [0.23224614155848713, 0.19858772179277728, 0.2180702217040203, 0.35109591494471515], [0.21535252019442738, 0.2507539891240574, 0.2792363958542554, 0.25465709482725973], [0.2829459631727654, 0.31602342058562854, 0.09687465536831598, 0.30415596087329044], [0.34633180724898305, 0.21109092597263773, 0.15080920380114013, 0.29176806297723884], [0.3008081369056599, 0.2649419285566301, 0.20397514952119378, 0.23027478501651633], [0.1705857064820404, 0.32577754925496494, 0.23937609950440303, 0.2642606447585917], [0.17588499373411073, 0.30983632930951893, 0.2772162954308587, 0.23706238152551184], [0.17680889637410807, 0.352574963114543, 0.24574721844807057, 0.22486892206327846], [0.3163909070248315, 0.22391012906990143, 0.12313976715987948, 0.33655919674538715], [0.19076191946186458, 0.306250027695678, 0.2456697399439059, 0.2573183128985516], [0.2821573760661877, 0.32866977719197193, 0.12833255652680584, 0.2608402902150346], [0.19261145202756788, 0.34608305241616594, 0.24877896327091711, 0.212526532285349], [0.11724624215446179, 0.31855904967143933, 0.2879514585953122, 0.2762432495787865], [0.32424106528745517, 0.2713405367399458, 0.11030744163804461, 0.2941109563345546], [0.34975807587343416, 0.22960909575117344, 0.18003532758896382, 0.2405975007864286], [0.2624928521453953, 0.2666468656097827, 0.20960366905583333, 0.2612566131889888], [0.23017317309048518, 0.2678724835449737, 0.3067108905569902, 0.19524345280755068], [0.1847077456690236, 0.30707843818669334, 0.3334590908439625, 0.1747547253003204], [0.2033945203359191, 0.2936108154086145, 0.3276535439319749, 0.17534112032349158], [0.1336371837747695, 0.31700349909368225, 0.296417358498049, 0.2529419586334991], [0.37374794722572946, 0.299126463276323, 0.1020177461635681, 0.22510784333437922], [0.33660755333989584, 0.24724053774805999, 0.111456660152465, 0.30469524875957915], [0.22877120283126431, 0.2873291323747254, 0.17113015571269363, 0.3127695090813168], [0.28567313354412366, 0.28367374339414686, 0.21945730662285204, 0.2111958164388774], [0.34270321630199374, 0.2123622511513086, 0.06220678156580861, 0.3827277509808888], [0.1594399419576695, 0.3483655338230084, 0.34668101000147494, 0.14551351421784742], [0.13469576162206554, 0.3383196488558392, 0.39410750843783093, 0.13287708108426455], [0.24943420079477907, 0.26038544440137285, 0.18097329444627236, 0.3092070603575759], [0.3073573799529678, 0.24630282764023795, 0.1118843303925941, 0.33445546201420023], [0.201280905971084, 0.3837586474371595, 0.23972110103508604, 0.1752393455566708], [0.32285712435993447, 0.20357925310742647, 0.12666982671080015, 0.3468937958218393], [0.21567229081137784, 0.3422829720206312, 0.1956580802887845, 0.2463866568792065], [0.23842627803729602, 0.26329680051119864, 0.18787238077074514, 0.31040454068076057], [0.31553356062782906, 0.2583742765088978, 0.09362345154311502, 0.332468711320158], [0.28646388982909443, 0.205082990628257, 0.12604976709661833, 0.38240335244603013], [0.19110503632776943, 0.3745793200594454, 0.17368378780292584, 0.2606318558098595], [0.20352478937604668, 0.25325633187620955, 0.17240635560914866, 0.370812523138595], [0.30247788305634515, 0.2634346249133827, 0.10637426533807318, 0.3277132266921991], [0.20038413507969216, 0.3580667246579526, 0.21174114645099681, 0.22980799381135825], [0.22429385703382526, 0.3379436623641298, 0.16688162208199217, 0.27088085852005245], [0.24723742079742383, 0.28407320116052337, 0.13083561981725386, 0.33785375822479885], [0.24733293117007024, 0.2671611001107954, 0.22253483575651092, 0.26297113296262337], [0.21618101583661567, 0.31012585001363474, 0.2702247764353877, 0.20346835771436197], [0.3522202890703923, 0.20056008351084714, 0.11126126140447266, 0.33595836601428786], [0.23791924447047275, 0.3447423627335727, 0.136126429125794, 0.2812119636701606], [0.201928149192087, 0.29894394099380134, 0.25414659281895935, 0.2449813169951524], [0.21114067938716144, 0.35455971102820594, 0.14083621310959088, 0.2934633964750419], [0.24301618948885514, 0.30253115257508006, 0.17516790126318368, 0.27928475667288116], [0.3019308414155346, 0.24661008499042603, 0.22397265029558117, 0.2274864232984582], [0.24302019035063005, 0.22167764855068392, 0.2637190804552777, 0.27158308064340825], [0.15897234387940148, 0.3281679064757312, 0.3367880414255427, 0.1760717082193247], [0.2678391190915135, 0.33058265734609477, 0.17587193079378527, 0.2257062927686064], [0.24476012489256777, 0.3445457331622384, 0.15867176636310656, 0.25202237558208734], [0.1701011704668438, 0.3155737732448616, 0.35218610550567425, 0.16213895078262006]]}, "rewritten": {"ids": ["97105580", "97105960", "97107681", "97109080", "97112300", "97113260", "97116401", "97116790", "97116800", "98108150", "98112170", "98112580", "98113881", "98120530", "99105921", "99107660", "99108330", "99108520", "99108580", "99109370", "99109740", "99109860", "99110050", "99110730", "99117630", "99119830", "100109000", "100109980", "100111620", "100117420", "101108080", "101108290", "101108621", "101111140", "101112540", "101112690", "101119030", "102109010", "102110690", "102110850", "102112250", "102121440", "103109641", "103110220", "103110760", "103110840", "103111620", "103113101", "103113170", "103113260", "103113610", "103117461", "103120531", "104111780", "104113170", "104113550", "104118070", "104119340", "105111990", "105112260", "105113190", "105113620", "105116860", "105117351", "105120280", "105121190", "106111321", "106115120", "106115240", "106116120", "106116640", "106116820", "106118520", "106118820", "106119990", "106121220", "107112850", "107113130", "107113840", "107114950", "107115250", "107116501", "107116980", "107119390", "108113740", "108114180", "108115880", "108116501", "108117360", "108117610", "108118060", "108121160", "108121190", "109113591", "109115070", "109116810", "109116930", "109117271", "109117730", "109120150", "110115120", "110115140", "110115980", "110117200", "110118111", "110118181", "110118810", "110119030", "110119891", "110121140", "110121500", "111115770", "111116090", "111116170", "111117200", "111118820", "111119340", "111119930", "111120531", "111121410", "112116640", "112116800", "112116810", "112116900", "112117660", "112117790", "112118550", "112118701", "112120290", "112120630", "112120640", "112121351", "112121360", "113117340", "113118490", "113118870", "113119300", "113119480", "113119950", "113120640", "113121750", "113122510"], "labels": [1, 2, 3, 2, 2, 1, 3, 2, 0, 0, 3, 2, 3, 1, 1, 3, 1, 2, 0, 1, 3, 2, 3, 3, 3, 1, 1, 1, 3, 2, 0, 0, 0, 2, 2, 1, 3, 1, 0, 3, 0, 2, 1, 2, 1, 1, 0, 3, 3, 3, 2, 0, 3, 3, 3, 1, 2, 1, 2, 3, 3, 0, 2, 0, 3, 2, 0, 1, 1, 1, 3, 1, 2, 3, 0, 1, 1, 1, 3, 3, 2, 1, 3, 2, 3, 1, 3, 0, 1, 3, 1, 2, 1, 3, 0, 3, 0, 0, 3, 2, 0, 0, 1, 3, 1, 1, 1, 0, 3, 3, 3, 3, 3, 0, 0, 0, 3, 1, 0, 0, 0, 0, 3, 3, 0, 3, 3, 0, 1, 3, 0, 0, 3, 2, 1, 0, 1, 3, 0, 0, 0, 2], "predicted_labels": [0, 0, 3, 3, 0, 3, 3, 0, 0, 1, 0, 1, 1, 0, 0, 0, 0, 0, 1, 0, 1, 1, 1, 3, 0, 3, 0, 0, 3, 2, 0, 3, 0, 0, 0, 1, 3, 1, 0, 0, 0, 0, 0, 1, 3, 3, 0, 0, 1, 3, 0, 0, 3, 1, 0, 3, 1, 3, 0, 1, 0, 1, 1, 0, 1, 1, 0, 0, 0, 1, 3, 0, 1, 3, 3, 3, 1, 1, 1, 3, 0, 0, 0, 0, 0, 3, 3, 0, 2, 0, 0, 1, 1, 1, 1, 1, 0, 3, 0, 2, 3, 3, 3, 3, 0, 1, 0, 0, 3, 0, 0, 0, 0, 3, 3, 0, 3, 0, 1, 3, 3, 0, 1, 0, 0, 3, 0, 3, 2, 0, 3, 0, 0, 1, 0, 3, 3, 0, 0, 3, 0, 1], "confidence_scores": [[0.3196444060211002, 0.2422103960296364, 0.17957863803260027, 0.25856655991666283], [0.2777406887393594, 0.2301888382428836, 0.23365063537980685, 0.2584198376379501], [0.22772767842344502, 0.24720914322239643, 0.23566090848761653, 0.289402269866542], [0.26168000665257235, 0.26664857756997273, 0.1827810302547279, 0.28889038552272706], [0.2670215173107884, 0.27049349711035775, 0.18226147294221662, 0.2802235126366373], [0.25396386996561393, 0.2297104329867092, 0.21772934830313198, 0.2985963487445451], [0.29686961658031197, 0.25948613202980025, 0.13180032518901502, 0.3118439262008725], [0.27968121666971407, 0.27018475480225834, 0.24350079896735957, 0.20663322956066807], [0.3430028742916986, 0.24113206248322144, 0.15512413752375884, 0.26074092570132107], [0.24898825115758938, 0.3140415354303226, 0.13986797317338345, 0.29710224023870474], [0.32513083597121695, 0.22775142605088347, 0.10985652110161126, 0.3372612168762883], [0.23279086060430426, 0.31343039434186787, 0.19974495063706094, 0.2540337944167668], [0.24292899229251286, 0.33058169749945676, 0.19605480369257633, 0.23043450651545397], [0.34785332460850876, 0.25954058039948197, 0.08796500987508192, 0.3046410851169272], [0.31957819707526847, 0.27710504970326155, 0.1263049970477191, 0.2770117561737508], [0.2618841027546175, 0.2398869565682049, 0.22794486816062234, 0.2702840725165551], [0.27001792584771334, 0.27334669212467855, 0.1779374911145535, 0.2786978909130544], [0.26604861477440284, 0.28822711110645044, 0.25289425783167246, 0.19283001628747434], [0.23969117820243288, 0.3252578440044338, 0.23913787943792175, 0.19591309835521153], [0.26752895866884757, 0.23676515350465618, 0.20721628592078215, 0.288489601905714], [0.21024272452124423, 0.34943096010951363, 0.256750607690644, 0.1835757076785982], [0.25232393092372474, 0.30083219804853195, 0.18218533322383285, 0.26465853780391063], [0.2198473118747842, 0.29217899429229466, 0.21273610593074332, 0.27523758790217806], [0.2079779332417408, 0.2523770668942891, 0.20803489750076845, 0.33161010236320165], [0.32642588477246826, 0.2779228819173957, 0.12918449740777607, 0.26646673590235986], [0.26475143158253583, 0.2893983856795244, 0.14848714846826244, 0.2973630342696771], [0.3015111544867872, 0.27333037927051723, 0.1650053692370738, 0.26015309700562156], [0.36612790325432215, 0.19592007357820582, 0.14737531195703293, 0.2905767112104387], [0.22596892219894954, 0.2662361847610193, 0.2399485453057925, 0.267846347734239], [0.20489645999461908, 0.27656160340512154, 0.3302828422471301, 0.1882590943531294], [0.32346961148836023, 0.2704601663028191, 0.09307447049519244, 0.31299575171362815], [0.337758891074662, 0.20663736669009145, 0.11405922532545379, 0.3415445169097929], [0.30770573268242796, 0.24355199825553742, 0.1312010931280308, 0.3175411759340039], [0.2861611871552071, 0.23754249378574052, 0.21415360168678077, 0.26214271737227185], [0.32262178242493844, 0.2755508636024375, 0.13359500649962208, 0.2682323474730019], [0.2186812400617406, 0.3988746196628564, 0.1873206684551318, 0.19512347182027165], [0.2884737178165094, 0.24849303657013896, 0.15258852060972108, 0.3104447250036304], [0.24459059555983656, 0.35124087564564965, 0.1764273115665075, 0.22774121722800617], [0.3388804440641984, 0.24181874400505254, 0.0742818733753722, 0.3450189385553766], [0.2683631559598652, 0.2859092125224912, 0.20906021190252722, 0.23666741961511645], [0.3183930632047595, 0.19298809350679486, 0.1622470770348612, 0.32637176625358405], [0.3064157124616113, 0.2545099439590007, 0.18421865004621246, 0.2548556935331756], [0.27921603795474637, 0.2558111603035488, 0.17766527998537743, 0.2873075217563275], [0.22719605149573746, 0.30845526294981385, 0.17771692183195967, 0.28663176372248883], [0.29449236822364955, 0.27505076590954486, 0.11383435119922734, 0.3166225146675784], [0.27751961922347673, 0.27725937447585464, 0.14878648131496996, 0.29643452498569894], [0.27086299724612334, 0.2842599200978902, 0.1815474220669306, 0.263329660589056], [0.30150050476635465, 0.310215031591001, 0.11923957264784137, 0.2690448909948027], [0.24016268783861316, 0.31415192731705843, 0.18764353818227034, 0.2580418466620581], [0.2797426145194668, 0.27959628691750243, 0.12048368732679113, 0.3201774112362399], [0.26150682698217365, 0.27354137383098626, 0.18739522633991135, 0.277556572846929], [0.3151087597051971, 0.26497832481828115, 0.12212438002272764, 0.29778853545379436], [0.26445317432558074, 0.30283120413702885, 0.11891316816951569, 0.31380245336787466], [0.281926441580453, 0.3167009072968245, 0.10145390829958906, 0.29991874282313347], [0.2921697914297315, 0.2957164916499108, 0.14903802610098005, 0.26307569081937776], [0.30380685599500407, 0.18978708839506866, 0.16997725573334566, 0.33642879987658175], [0.2295359753601187, 0.31564289010544455, 0.21307418358739433, 0.24174695094704224], [0.29233819735363237, 0.2932473032899795, 0.09138586643200239, 0.3230286329243859], [0.32637235916279755, 0.2671887031326899, 0.08238118062337411, 0.3240577570811382], [0.2435416665992425, 0.3150055905116231, 0.18578179255669902, 0.2556709503324352], [0.3520776933045811, 0.18822363967810135, 0.10321412681067059, 0.3564845402066469], [0.26034235400784544, 0.33767350813909747, 0.12928994747792483, 0.2726941903751321], [0.27610522813490324, 0.31736558643663426, 0.13340977203954021, 0.2731194133889221], [0.37080471060629683, 0.20882499953643335, 0.09790459932652236, 0.3224656905307478], [0.23305926400836052, 0.2842318041763479, 0.23218302318397835, 0.25052590863131347], [0.16116312903046714, 0.3240050204869268, 0.2816798952211302, 0.23315195526147575], [0.3486115169745968, 0.22459090448962402, 0.11341807549942545, 0.3133795030363539], [0.3683461308880554, 0.2899593702088365, 0.08615034205783753, 0.25554415684527065], [0.35225577114394935, 0.2562265117237517, 0.0995965585327609, 0.29192115859953816], [0.16120462621174575, 0.3301409712584206, 0.23581174272366043, 0.27284265980617306], [0.2703532162464029, 0.235914452160951, 0.15615983042178633, 0.33757250117085974], [0.3202392098296892, 0.2381799871559269, 0.11869931565172342, 0.32288148736266037], [0.2827810755330449, 0.2974728989414416, 0.11477079885060967, 0.30497522667490384], [0.2907386752988183, 0.24658920245431606, 0.09008255666152165, 0.3725895655853438], [0.26738540500336266, 0.27515928667131156, 0.11855467774842411, 0.3389006305769015], [0.30452682392169, 0.21538993129508102, 0.12353966737029888, 0.35654357741293047], [0.2744028094248941, 0.3273543989878875, 0.17319620130305402, 0.2250465902841647], [0.17054339290095927, 0.3297459307768598, 0.2836604167541957, 0.21605025956798518], [0.2501078611205971, 0.3427056808283469, 0.1508896315421746, 0.25629682650888136], [0.3268994051971776, 0.21079600811766064, 0.10875329478319772, 0.3535512919019642], [0.279244446732042, 0.259258126994463, 0.20068174557555232, 0.2608156806979424], [0.3047117678227033, 0.2716224681972195, 0.12620884193513104, 0.29745692204494606], [0.34952358893045576, 0.2720088597050134, 0.1353029685348795, 0.2431645828296512], [0.2522812082218778, 0.24199737566678292, 0.23245848470163372, 0.2732629314097056], [0.35783490315989963, 0.1856313880143035, 0.135175891193691, 0.321357817632106], [0.2880444201317273, 0.22471226731307323, 0.11851257337714227, 0.3687307391780571], [0.28127367182627977, 0.24766588157697453, 0.13890266379161517, 0.33215778280513053], [0.3122356725299462, 0.23368646738422577, 0.13434417287622155, 0.3197336872096063], [0.20307075686794557, 0.2648533241122839, 0.27363859165579724, 0.2584373273639733], [0.3551103422387189, 0.21393427704887935, 0.0823783388151965, 0.34857704189720534], [0.3251049964627544, 0.2593262471090511, 0.12817822204616505, 0.28739053438202944], [0.2895112143606709, 0.3082651196797527, 0.1404350400685444, 0.26178862589103186], [0.22889038644565834, 0.32143808312385047, 0.16524119888143196, 0.2844303315490594], [0.26557768657618336, 0.3551496418711438, 0.10622369779713865, 0.27304897375553394], [0.19872536142935812, 0.368798698553823, 0.2041696625150214, 0.22830627750179733], [0.26141275115077833, 0.31389405931620157, 0.13143530110894755, 0.2932578884240731], [0.23906872369794038, 0.26643282530137674, 0.2470497965748914, 0.24744865442579148], [0.3141160056596489, 0.2015090351954163, 0.1099538582498037, 0.3744211008951309], [0.35517788974303643, 0.23305547606176202, 0.1398883616909484, 0.27187827250425295], [0.211321705645392, 0.27682948759268905, 0.2584150007188674, 0.25343380604305155], [0.2574391525807862, 0.302108859511662, 0.12792554408300846, 0.3125264438245436], [0.29851359732294414, 0.22732670329773064, 0.14625404205234488, 0.32790565732698046], [0.2677496246435973, 0.2761159104909177, 0.14583314589522456, 0.31030131897026036], [0.3232794279006544, 0.22625910704873492, 0.11645300316381259, 0.3340084618867982], [0.33206553563241353, 0.29620739717900163, 0.07740795063422383, 0.29431911655436094], [0.2841443423072851, 0.34497344794094836, 0.09757957091191405, 0.27330263883985234], [0.3180287849116429, 0.23288009206430704, 0.14948355574316396, 0.29960756728088606], [0.2801194317478207, 0.2751571327935955, 0.1593853819668307, 0.285338053491753], [0.24685028574741438, 0.2972815655026577, 0.1272041474570821, 0.32866400129284556], [0.3193213521283987, 0.21563846538380602, 0.19250850957588986, 0.2725316729119053], [0.3435800621507009, 0.24267161924345937, 0.09783755930969294, 0.31591075929614665], [0.30359834793075796, 0.2604089383336064, 0.17282430626421375, 0.26316840747142217], [0.35539574973056415, 0.2570828640033975, 0.09247649129040492, 0.2950448949756332], [0.28478093483472966, 0.2993570136532738, 0.08216385938674889, 0.33369819212524765], [0.2646214093829161, 0.2609434750851992, 0.13990746942903629, 0.3345276461028482], [0.3295197966390784, 0.2282414529875884, 0.10524260439900492, 0.3369961459743284], [0.28222526609225485, 0.2792088114642499, 0.10806607813843225, 0.33049984430506285], [0.31333117463911475, 0.27328504081317795, 0.1349700479481451, 0.2784137365995624], [0.2389283927935189, 0.35593259920110437, 0.13442177480648332, 0.27071723319889307], [0.31142760365226413, 0.24290248032006023, 0.128500355388564, 0.31716956063911156], [0.27793636663104526, 0.28865402953179875, 0.12102755669537438, 0.31238204714178175], [0.27969894525540706, 0.2856021506429208, 0.15622499612558635, 0.27847390797608607], [0.22411738650447707, 0.32079032632865795, 0.20704904833912688, 0.24804323882773785], [0.32098272011882656, 0.28557493374700477, 0.07718302638948696, 0.31625931974468163], [0.31651083369693206, 0.2475468031385371, 0.12403205539199987, 0.311910307772531], [0.3130399573749117, 0.2021336213471879, 0.16181714192949095, 0.32300927934840934], [0.3005824592560613, 0.2600438250768356, 0.12194942012194361, 0.3174242955451594], [0.2724354036510321, 0.30407399570509375, 0.10902809135395784, 0.31446250928991615], [0.2671471140045568, 0.2147122483430062, 0.311422911576232, 0.20671772607620525], [0.3071665921880655, 0.23039374686553046, 0.13848753885769885, 0.32395212208870494], [0.21899167334532524, 0.2875179736790429, 0.21724071543905582, 0.2762496375365759], [0.32779804944373975, 0.2492651405077198, 0.10663291060967311, 0.31630389943886755], [0.3335356597900087, 0.2993715641708398, 0.1280984110904548, 0.2389943649486968], [0.21026047818449806, 0.3341647157833443, 0.20966209214975573, 0.24591271388240207], [0.32325328816092613, 0.2553309554535619, 0.1078773181613489, 0.31353843822416294], [0.23271723995737462, 0.29403959028138815, 0.16964471534444847, 0.3035984544167887], [0.29895164738153446, 0.24037416103280537, 0.09619516342102907, 0.3644790281646312], [0.3572879326216042, 0.24829269519371375, 0.09668185112925548, 0.2977375210554269], [0.34412551267821906, 0.23168261829730255, 0.10653629217901535, 0.3176555768454629], [0.23018903415107028, 0.300561650387553, 0.18596666638342474, 0.2832826490779522], [0.31121716457484605, 0.3067949487904806, 0.08139071346426094, 0.3005971731704124], [0.20987270045533213, 0.31694852407411717, 0.2547483870165426, 0.21843038845400806]]}}