{"test": {"ids": ["100108520", "99109860", "112118161", "106118520", "107113170", "113120531", "109116750", "109118161", "106113190", "108115500", "112118581", "108116501", "107113130", "101109370", "101110200", "102109840", "112121010", "103120531", "111118301", "98107010", "110117500", "98116500", "113120540", "103118110", "111119610", "101119030", "104113210", "100109980", "104109311", "109120150", "105113210", "109116930", "113118490", "113117630", "109114030", "103113610", "109121351", "108114220", "99111340", "100111380", "107116501", "108120060", "112121360", "99111440", "105110091", "112119500", "109113591", "106119580", "109117110", "107114140", "101112160", "106114280", "109114720", "105121370", "99109311", "104110960", "110115140", "111120320", "99107500", "103120730", "99108010", "98109230", "110120540", "99111930", "106117790", "113119340", "104119290", "98113881", "98108970", "112120640", "110117200", "109118820", "97106820", "106119990", "106117770", "107120010", "106120290", "112117580", "110115980", "112116640", "105119950", "106113830", "105119550", "113122220", "101108950", "111119430", "98112300", "100111620", "110118630", "99113260", "112118810", "109116441", "99110050", "112118890", "99109840", "101116130", "106114150", "99105921", "108118630", "101111990", "112121351", "100109311", "112116800", "100109890", "107121540", "112116900", "103109641", "109116810", "112118421", "106116820", "107114621", "108117451", "110118810", "109113931", "99109740", "100113370", "108115970", "111116411", "103120290", "111119290", "113121980", "111114321", "102107961", "102109010", "108114180", "107114110", "112119320", "103120780", "102116340", "101109120", "102111990", "112120670", "102121440", "107120880", "110119891", "109119460", "110121720", "106114321", "99117740", "109120621", "97116800", "99108000"], "labels": [2, 2, 0, 2, 0, 0, 0, 0, 0, 3, 1, 0, 1, 1, 2, 2, 2, 3, 3, 3, 1, 2, 3, 2, 2, 3, 3, 1, 3, 2, 3, 0, 1, 0, 1, 2, 0, 3, 1, 3, 1, 1, 3, 3, 0, 2, 3, 3, 1, 2, 3, 3, 0, 2, 1, 2, 0, 1, 0, 1, 2, 1, 1, 1, 1, 0, 1, 3, 3, 0, 3, 3, 1, 0, 0, 1, 2, 0, 1, 0, 3, 1, 1, 1, 2, 3, 2, 3, 1, 0, 3, 3, 3, 3, 2, 2, 1, 1, 1, 2, 0, 1, 0, 3, 2, 3, 1, 3, 3, 1, 0, 2, 1, 1, 3, 3, 2, 0, 2, 3, 2, 1, 3, 1, 1, 1, 1, 1, 3, 1, 2, 2, 2, 1, 3, 1, 3, 2, 2, 1, 0, 2], "predicted_labels": [0, 1, 3, 3, 3, 1, 1, 1, 0, 3, 1, 1, 1, 1, 1, 1, 1, 1, 0, 3, 1, 3, 0, 0, 1, 3, 3, 0, 0, 1, 3, 3, 0, 1, 3, 1, 1, 1, 1, 1, 1, 1, 1, 3, 1, 1, 1, 1, 3, 1, 3, 3, 1, 3, 2, 0, 3, 3, 1, 1, 1, 0, 1, 1, 1, 0, 3, 1, 1, 1, 3, 1, 3, 3, 3, 3, 1, 3, 1, 3, 1, 3, 0, 1, 3, 3, 0, 0, 1, 1, 3, 3, 3, 3, 3, 3, 3, 1, 3, 3, 3, 3, 3, 1, 1, 0, 3, 3, 3, 0, 3, 3, 1, 3, 1, 3, 3, 0, 1, 3, 3, 1, 1, 3, 3, 3, 3, 1, 1, 3, 0, 1, 1, 3, 3, 3, 1, 3, 1, 1, 0, 1], "confidence_scores": [[0.350206349206349, 0.19597979797979803, 0.20267770562770582, 0.25113614718614735], [0.2146621434121435, 0.2923307081807081, 0.21949386724386738, 0.2735132811632813], [0.2423488455988456, 0.27621505161505167, 0.18888957153957164, 0.2925465312465312], [0.26963700743700747, 0.2621825896325898, 0.16841660006660011, 0.299763802863803], [0.22825092407592418, 0.30450595515595535, 0.13667481407481413, 0.33056830669330656], [0.2286623598623599, 0.3145499500499499, 0.1885847541347544, 0.26820293595293604], [0.2567701298701299, 0.3044923687423687, 0.17432621822621822, 0.2644112831612833], [0.27706534576534597, 0.30173174603174596, 0.17000139305139308, 0.2512015151515153], [0.32530679875679896, 0.22753881673881676, 0.144970362970363, 0.3021840215340215], [0.24465764790764807, 0.29540008047508065, 0.15866221556221566, 0.3012800560550562], [0.21651559551559557, 0.3093783882783882, 0.19090910755910767, 0.2831969086469089], [0.2551221445221446, 0.31647378352641514, 0.13303210123210127, 0.29537197071933924], [0.24887785547785557, 0.2797869352869354, 0.21013556998557004, 0.26119963924963946], [0.2579117826617827, 0.275445165945166, 0.21752607392607404, 0.24911697746697758], [0.21953752358752365, 0.3412440524387893, 0.17945152420678737, 0.2597668997668998], [0.24267606837606837, 0.3366621739371738, 0.18425885225885236, 0.23640290542790546], [0.2106258352758354, 0.3601158397158398, 0.1683531857031857, 0.2609051393051395], [0.23500229770229786, 0.3183804195804197, 0.14521868131868138, 0.30139860139860153], [0.2792367687867689, 0.24840153735153747, 0.1934025308025309, 0.2789591630591632], [0.2446041292041293, 0.2700024309024309, 0.15924114774114784, 0.3261522921522922], [0.27694540459540473, 0.28828334092807767, 0.17942712083238402, 0.2553441336441337], [0.24022979797979815, 0.27089549894549886, 0.17607105117105126, 0.312803651903652], [0.3761408702408702, 0.22573380508380525, 0.1219325840825841, 0.2761927405927407], [0.2762215950715951, 0.2625995393495394, 0.20598643578643577, 0.25519242979242995], [0.2046864801864801, 0.29933189588189574, 0.21600663780663804, 0.2799749861249861], [0.28901445221445216, 0.2321509934509935, 0.16314720834720844, 0.3156873459873461], [0.2801794594294594, 0.24370874680874713, 0.15746859806859814, 0.31864319569319566], [0.2837963147963148, 0.2725533633033634, 0.2056962093462094, 0.2379541125541126], [0.3222473304473304, 0.2732726689976691, 0.12934468864468865, 0.275135311910312], [0.2229888777888779, 0.3187225885225885, 0.2097902985902986, 0.24849823509823524], [0.2806743145743147, 0.23755209235209232, 0.14801202686202689, 0.33376156621156633], [0.2499506715506716, 0.26073084415584435, 0.18663235930735947, 0.30268612498612507], [0.3407294744471213, 0.24752886002886007, 0.16438097066332363, 0.2473606948606949], [0.23624548784548788, 0.3153837051837051, 0.18126921411921418, 0.267101592851593], [0.24039804639804643, 0.25825091020091034, 0.19939552669552682, 0.3019555167055168], [0.2535258297258299, 0.26958988788988797, 0.24611964701964717, 0.23076463536463532], [0.26870461760461767, 0.29836536241536254, 0.16222634032634045, 0.27070367965367986], [0.23580428101310463, 0.3275517926517925, 0.2376408793820559, 0.1990030469530471], [0.21987536907536917, 0.3162494755244757, 0.2180327727827728, 0.24584238261738273], [0.27506221556221566, 0.28918474025974034, 0.15100004440004453, 0.28475299977799984], [0.27601255411255426, 0.29216433011433013, 0.15142782772782779, 0.2803952880452882], [0.25077058219558235, 0.3299777722277721, 0.19599706404706413, 0.2232545815295817], [0.27676286491286484, 0.3119462609286138, 0.164338455988456, 0.24695241817006527], [0.2383619436119437, 0.2825701909201911, 0.18654847929847934, 0.2925193861693862], [0.1982198135198136, 0.3176638444888445, 0.23606674159174165, 0.2480496003996005], [0.23816139971139985, 0.34674559884559875, 0.18133730158730169, 0.23375569985570002], [0.2591876401376403, 0.29743061383061375, 0.17863217893217903, 0.26474956709956715], [0.2267793206793208, 0.28885319125319137, 0.21038884448884448, 0.27397864357864365], [0.21417779997780012, 0.2902372516372518, 0.14785497835497838, 0.3477299700299699], [0.240452553002553, 0.3310646131646134, 0.18638293373293385, 0.24209990009990026], [0.21384628120417612, 0.2554843580396212, 0.23646293501819818, 0.2942064257380045], [0.2482282994782995, 0.255375357975358, 0.1466264790764791, 0.34976986346986355], [0.1843230880230881, 0.32479308469308465, 0.17737964257964264, 0.31350418470418495], [0.23153233988233984, 0.27215347985348, 0.19501923076923078, 0.3012949494949496], [0.24615343545343554, 0.24929124209124215, 0.2538989288489288, 0.2506563936063936], [0.29142755022755035, 0.25379819624819644, 0.2190225052725054, 0.23575174825174836], [0.21750656010656022, 0.2813557775557775, 0.18273196248196258, 0.3184056998556999], [0.26750506160506166, 0.29181228216228233, 0.13976665001665006, 0.3009160062160062], [0.2136430125430127, 0.3025948551448553, 0.19579274614274628, 0.2879693861693862], [0.26255959040959054, 0.3041560109824816, 0.18038017505370463, 0.25290422355422365], [0.2083802752802754, 0.2924862692862695, 0.2507517760017759, 0.24838167943167958], [0.26359907869907867, 0.25850569430569426, 0.2313609113109114, 0.24653431568431583], [0.2502281884781885, 0.35255793650793654, 0.17957900432900437, 0.21763487068487083], [0.2280418858918859, 0.3133297813297813, 0.16128641913641917, 0.2973419136419137], [0.2598771284271284, 0.26288225108225105, 0.2170791486291487, 0.26016147186147204], [0.33568283775048446, 0.2828922133422135, 0.11756708454943753, 0.2638578643578644], [0.17594401709401716, 0.270377727827728, 0.2109366355866356, 0.3427416194916193], [0.2696763125763127, 0.3051244255744255, 0.2172071761571762, 0.2079920856920857], [0.22196573981573983, 0.37713972693972686, 0.18923722388722405, 0.2116573093573093], [0.26916329226329233, 0.32046098346098345, 0.19908539793539803, 0.21129032634032646], [0.2400366966366967, 0.27353521478521486, 0.17280140970140973, 0.3136266788766791], [0.2037747807747809, 0.2888176767676767, 0.22581293706293706, 0.2815946053946055], [0.253545498945499, 0.20551004273504286, 0.2108373376623377, 0.33010712065712067], [0.22998050283050303, 0.2875648407148408, 0.15893833388833398, 0.32351632256632273], [0.22702596847596854, 0.2521577145077145, 0.19898579753579757, 0.32183051948051944], [0.21129860694860714, 0.26283895548895553, 0.24888088023088034, 0.27698155733155744], [0.21834300144300156, 0.3031600344100345, 0.21376591186591187, 0.26473105228105226], [0.2265477716727718, 0.29194645077145076, 0.16494389776889778, 0.3165618797868797], [0.23772198357198357, 0.30606096681096673, 0.19367971472971482, 0.26253733488733494], [0.22812373182373188, 0.2442795482295483, 0.16260700965700964, 0.36498971028971033], [0.2917751193251194, 0.2929777056277057, 0.15967560217560228, 0.2555715728715729], [0.2288122100122102, 0.2614588245088246, 0.14817399267399273, 0.36155497280497295], [0.30099768009768024, 0.28110866355866343, 0.13842948717948728, 0.2794641691641693], [0.2563100566100566, 0.2840352314352313, 0.19091494616494623, 0.268739765789766], [0.20410255855255857, 0.23299728049728063, 0.23041484071484075, 0.33248532023532035], [0.22018512957630612, 0.27291976911976923, 0.20886785795903443, 0.2980272433448905], [0.2917541791541793, 0.2681077256077257, 0.18955536685536703, 0.2505827283827285], [0.3000975488563724, 0.28531351785469433, 0.18955870795870805, 0.22503022533022543], [0.18475180375180378, 0.3213310372633903, 0.21082303807303815, 0.28309412091176805], [0.24631953046953048, 0.2678908730158731, 0.2355723887223889, 0.2502172077922079], [0.2649342944637062, 0.2691762116968, 0.15826789321789328, 0.3076216006216006], [0.29364223554223556, 0.2761650876900878, 0.13608268398268408, 0.294109992784993], [0.218708535908536, 0.27163376068376077, 0.2319430458430459, 0.27771465756465763], [0.24425752580752594, 0.23911413586413593, 0.16519440836940838, 0.3514339299589299], [0.20603881118881126, 0.24822922077922077, 0.2292343711843712, 0.3164975968475971], [0.22349684759684774, 0.26953598068598056, 0.23195317460317466, 0.2750139971139973], [0.2412711899211901, 0.2365928793428794, 0.24442972582972594, 0.27770620490620496], [0.2860832278832279, 0.28706571059659314, 0.1906074912016089, 0.23624357031857035], [0.18303331113331126, 0.29750721500721505, 0.1480696303696304, 0.3713898434898434], [0.237059251859252, 0.28210319680319673, 0.16061364746364754, 0.3202239038739038], [0.27584734317969595, 0.2558005411255412, 0.1556784865461336, 0.3126736291486292], [0.25892269952269975, 0.2504022588522589, 0.17634889554889557, 0.31432614607614606], [0.23788636086136092, 0.274901479076479, 0.18371142746142757, 0.3035007326007326], [0.28323711288711295, 0.2906710844710844, 0.21173040848040853, 0.21436139416139416], [0.229290503940504, 0.3127586675622279, 0.16333390098034062, 0.2946169275169276], [0.2725010378510379, 0.269009706959707, 0.18657934287934286, 0.27190991230991235], [0.23267621822621826, 0.22779470529470533, 0.19971657231657236, 0.33981250416250414], [0.24482410367410382, 0.27589858474858486, 0.16375358530358536, 0.3155237262737262], [0.29031241258741247, 0.2502675213675215, 0.15195692085692092, 0.3074631451881451], [0.3539776723276722, 0.23067247474747485, 0.17785008325008322, 0.23749976967476974], [0.2700125152625152, 0.2582245976245978, 0.16406514041514048, 0.3076977466977468], [0.2862252525252525, 0.26063131313131327, 0.14562925407925417, 0.3075141802641802], [0.2607601731601733, 0.28929022089022083, 0.16997311022311026, 0.2799764957264957], [0.26800499500499514, 0.29553343910990965, 0.12963220635573583, 0.30682935952935947], [0.21235123487623495, 0.2896852730602731, 0.26060184815184834, 0.237361643911644], [0.236005427905428, 0.25314795563913206, 0.18667116217116217, 0.3241754542842778], [0.2543822011322013, 0.2760836052836052, 0.162327294927295, 0.3072068986568987], [0.3597041220217692, 0.18977789432789433, 0.133382511932512, 0.3171354717178246], [0.2104918109668111, 0.28176939376413085, 0.2775819049371681, 0.23015689033189038], [0.17863277833277838, 0.278140331890332, 0.1580472083472084, 0.38517968142968145], [0.20815717060717073, 0.302196670323141, 0.1664931176666472, 0.3231530414030415], [0.2594691586191588, 0.332247186147186, 0.17373323898323897, 0.2345504162504164], [0.2638209235209235, 0.3029517316017316, 0.2170979797979799, 0.21612936507936523], [0.276022077922078, 0.2567510101010103, 0.18203262848262863, 0.2851942834942836], [0.19802284382284385, 0.19050349650349654, 0.19946361416361427, 0.41201004551004555], [0.22126399711399714, 0.223195165945166, 0.14270142080142084, 0.41283941613941655], [0.17178739593739595, 0.2563124597624598, 0.22029249639249648, 0.351607647907648], [0.23382605172605175, 0.3035826784326784, 0.18838766233766235, 0.2742036075036077], [0.20037333777333777, 0.2951847600112308, 0.2203409587144882, 0.2841009435009436], [0.25154055944055964, 0.24512653065888362, 0.17894778554778562, 0.3243851243527714], [0.3363418636918636, 0.25654548784548786, 0.1630684593184595, 0.24404418914418924], [0.21864925074925087, 0.2909686036186037, 0.20977179487179493, 0.2806103507603509], [0.2505216838716839, 0.27583914973914986, 0.2004496614496616, 0.27318950493950495], [0.24417601842601855, 0.22689429459429467, 0.20143422133422145, 0.32749546564546567], [0.26869083139083144, 0.24254725274725286, 0.1389641136641137, 0.34979780219780215], [0.2460133422133422, 0.27126496836496833, 0.16227147297147315, 0.32045021645021643], [0.22885465873995287, 0.3005402524376211, 0.18990355322352237, 0.280701535598904], [0.27137342657342667, 0.2539818625818627, 0.2012577977577979, 0.27338691308691315], [0.2645139749139749, 0.2785099289599289, 0.19086428016428034, 0.26611181596181605], [0.25320820290820306, 0.2947879009879011, 0.1607648351648353, 0.29123906093906105], [0.30049085914085905, 0.2785550962109787, 0.1845037338478515, 0.2364503108003109], [0.2198913253413254, 0.3312813242313243, 0.198619191919192, 0.25020815850815853]]}, "rewritten": {"ids": ["97106820", "97116800", "98107010", "98108970", "98109230", "98112300", "98113881", "98116500", "99105921", "99107500", "99108000", "99108010", "99109311", "99109740", "99109840", "99109860", "99110050", "99111340", "99111440", "99111930", "99113260", "99117740", "100108520", "100109311", "100109890", "100109980", "100111380", "100111620", "100113370", "101108950", "101109120", "101109370", "101110200", "101111990", "101112160", "101116130", "101119030", "102107961", "102109010", "102109840", "102111990", "102116340", "102121440", "103109641", "103113610", "103118110", "103120290", "103120531", "103120730", "103120780", "104109311", "104110960", "104113210", "104119290", "105110091", "105113210", "105119550", "105119950", "105121370", "106113190", "106113830", "106114150", "106114280", "106114321", "106116820", "106117770", "106117790", "106118520", "106119580", "106119990", "106120290", "107113130", "107113170", "107114110", "107114140", "107114621", "107116501", "107120010", "107120880", "107121540", "108114180", "108114220", "108115500", "108115970", "108116501", "108117451", "108118630", "108120060", "109113591", "109113931", "109114030", "109114720", "109116441", "109116750", "109116810", "109116930", "109117110", "109118161", "109118820", "109119460", "109120150", "109120621", "109121351", "110115140", "110115980", "110117200", "110117500", "110118630", "110118810", "110119891", "110120540", "110121720", "111114321", "111116411", "111118301", "111119290", "111119430", "111119610", "111120320", "112116640", "112116800", "112116900", "112117580", "112118161", "112118421", "112118581", "112118810", "112118890", "112119320", "112119500", "112120640", "112120670", "112121010", "112121351", "112121360", "113117630", "113118490", "113119340", "113120531", "113120540", "113121980", "113122220"], "labels": [1, 0, 3, 3, 1, 2, 3, 2, 1, 0, 2, 2, 1, 3, 2, 2, 3, 1, 3, 1, 0, 2, 2, 1, 3, 1, 3, 3, 3, 2, 1, 1, 2, 2, 3, 2, 3, 3, 1, 2, 2, 3, 2, 1, 2, 2, 2, 3, 1, 1, 3, 2, 3, 1, 0, 3, 1, 3, 2, 0, 1, 1, 3, 2, 1, 0, 1, 2, 3, 0, 2, 1, 0, 1, 2, 0, 1, 1, 1, 2, 1, 3, 3, 2, 0, 2, 1, 1, 3, 1, 1, 0, 3, 0, 3, 0, 1, 0, 3, 1, 2, 1, 0, 0, 1, 3, 1, 1, 1, 3, 1, 3, 1, 0, 3, 3, 3, 2, 1, 0, 0, 3, 0, 0, 3, 1, 3, 3, 1, 2, 0, 2, 2, 0, 3, 0, 1, 0, 0, 3, 2, 1], "predicted_labels": [3, 1, 3, 1, 0, 0, 0, 1, 0, 3, 1, 1, 3, 1, 3, 3, 1, 1, 3, 1, 1, 3, 0, 3, 0, 1, 0, 0, 3, 3, 1, 1, 1, 3, 3, 1, 0, 1, 0, 1, 0, 1, 3, 3, 1, 3, 2, 3, 0, 1, 0, 0, 0, 1, 1, 0, 1, 1, 3, 0, 3, 1, 3, 0, 0, 1, 0, 0, 1, 3, 1, 1, 3, 3, 1, 3, 0, 1, 0, 1, 3, 1, 1, 1, 3, 0, 3, 0, 0, 1, 3, 3, 1, 1, 3, 0, 3, 1, 3, 3, 1, 3, 3, 3, 1, 3, 1, 1, 1, 3, 1, 1, 1, 0, 3, 3, 1, 1, 3, 3, 1, 1, 1, 3, 3, 3, 3, 3, 3, 1, 1, 1, 1, 3, 1, 1, 0, 0, 1, 0, 3, 1], "confidence_scores": [[0.27295564435564434, 0.20808005605505608, 0.21889592907092917, 0.3000683705183705], [0.29342474747474745, 0.29929170274170264, 0.19477337662337665, 0.2125101731601733], [0.25725955155955177, 0.27544515484515497, 0.16460273060273067, 0.3026925629925631], [0.2502795482295483, 0.320901567876568, 0.17972688422688424, 0.24909199966699982], [0.2784054723054722, 0.26300529470529466, 0.22101891441891447, 0.23757031857031868], [0.2903199855699856, 0.2513946830946831, 0.2016370629370631, 0.25664826839826854], [0.3106675158175159, 0.2903752802752802, 0.19883492618492624, 0.20012227772227786], [0.2514185703185704, 0.2911269638857875, 0.1782440428852194, 0.27921042291042303], [0.33856749361749366, 0.2603872973431797, 0.16732141616553398, 0.23372379287379297], [0.22645596625596642, 0.27812881007881, 0.20477453657453656, 0.29064068709068697], [0.20806904206904206, 0.3365306582306584, 0.20913874458874465, 0.24626155511155515], [0.2208813575313576, 0.32822567432567445, 0.22852490287490285, 0.22236806526806527], [0.25960843600843614, 0.24668547563547583, 0.22639799089799084, 0.2673080974580976], [0.21431316461316474, 0.30642780552780546, 0.2358177600177602, 0.24344126984126985], [0.1846865301365303, 0.2622691530691532, 0.26024260184260195, 0.29280171495171514], [0.2239259851259851, 0.26028623043623056, 0.23091798201798217, 0.28486980241980236], [0.24450774225774236, 0.2717191835941837, 0.2303257853257854, 0.25344728882228884], [0.2449480602730604, 0.3197635669885671, 0.22951480741480748, 0.20577356532356533], [0.23642091797091797, 0.2516994671994673, 0.19517908202908207, 0.31670053280053273], [0.27422210012210013, 0.28137395937395937, 0.20717313797313808, 0.23723080253080273], [0.21667527472527484, 0.2977325951825953, 0.2491015393103629, 0.23649059078176735], [0.2709677711177711, 0.26451643911643913, 0.1924685536685538, 0.272047236097236], [0.29874096459096455, 0.21569978354978364, 0.222030735930736, 0.26352851592851606], [0.2461120823620826, 0.26156684426684434, 0.1978672882672884, 0.29445378510378517], [0.2775545288045289, 0.26922678432678443, 0.19076955266955273, 0.26244913419913424], [0.2632985292485293, 0.32139145299145305, 0.17998382728382734, 0.23532619047619052], [0.29580795870795873, 0.29156645021645017, 0.13951339216339223, 0.273112198912199], [0.2977330946830947, 0.27447167277167267, 0.18798526473526475, 0.23980996780996794], [0.23308291708291726, 0.29227662141779814, 0.18102169497169504, 0.29361876652758995], [0.23376369186369186, 0.2316417804417807, 0.21758008658008665, 0.3170144411144409], [0.26920617993117996, 0.29504472953946626, 0.1729321741124373, 0.2628169164169164], [0.26258220668220683, 0.3009095515595519, 0.17654604839604854, 0.25996219336219356], [0.25176290376290367, 0.30513721278721284, 0.1654662892662893, 0.2776335941835943], [0.25599821844821863, 0.2822274614274614, 0.14415681540681544, 0.3176175047175047], [0.21428563629353106, 0.24611939522465842, 0.24303928644454967, 0.29655568203726096], [0.23082621267621276, 0.2957969530469529, 0.2191754190254191, 0.25420141525141543], [0.32468662448662444, 0.2563430014430016, 0.16355024975024987, 0.25542012432012445], [0.2558995615495615, 0.290637518037518, 0.1996474691974693, 0.2538154512154513], [0.32224422799422797, 0.24853897377132683, 0.1585454545454546, 0.2706713436889908], [0.24682585192585202, 0.33403429348429337, 0.19120623265623266, 0.22793362193362188], [0.31342622377622364, 0.279859534909535, 0.16983543678543683, 0.2368788045288046], [0.18679799089799093, 0.3241341436341437, 0.19102446442446439, 0.29804340104340105], [0.25614038739038736, 0.2712493783993785, 0.1924093351093352, 0.28020089910089907], [0.26083607503607503, 0.24171729381729393, 0.2068955766455767, 0.29055105450105456], [0.23377965922965935, 0.2924764572029278, 0.23060940693293647, 0.2431344766344767], [0.26348257298257316, 0.23901599511599522, 0.18598947718947728, 0.3115119547119549], [0.2007745892995894, 0.27517842712842716, 0.27546692751692753, 0.24858005605505612], [0.22958060273060285, 0.2986625874125874, 0.1515886002886003, 0.32016820956820957], [0.29136021201021206, 0.28448726861373924, 0.16506318648671606, 0.25908933288933295], [0.26675346320346327, 0.30048369408369424, 0.14905562770562777, 0.28370721500721485], [0.30849303474303474, 0.2597939976689978, 0.1312061494061494, 0.30050681818181824], [0.31669568764568756, 0.23839449439449448, 0.22292681207681206, 0.22198300588300587], [0.2973608669108669, 0.25661967476967495, 0.15405649350649359, 0.29196296481296485], [0.1831484404484406, 0.31994748029748044, 0.22434472749472747, 0.27255935175935175], [0.22867104007104022, 0.3089759601509602, 0.2152198967698968, 0.24713310300810307], [0.31998975468975466, 0.2504288600288601, 0.13150959595959594, 0.29807178932178924], [0.2797971417471418, 0.3086568764568763, 0.16112907647907648, 0.2504169053169055], [0.2845684648684648, 0.30417102342102326, 0.16452646242646238, 0.24673404928404935], [0.20127099012099012, 0.2666282790309107, 0.22795469530469528, 0.304146035543404], [0.31120765900765907, 0.22679260461760473, 0.17110424575424585, 0.29089549062049064], [0.24073174252647958, 0.2714957577510209, 0.1667946275946277, 0.3209778721278721], [0.2618996245584482, 0.3053240184651949, 0.19146660561660558, 0.24130975135975127], [0.28149243534243557, 0.2421257298257299, 0.15641541236541234, 0.3199664224664224], [0.2770970085470086, 0.2631014763014765, 0.19835222000222014, 0.2614492951492952], [0.315784348984349, 0.24607006604506612, 0.17969913419913425, 0.2584464507714508], [0.2170768398268399, 0.29467393472540526, 0.20062307104660043, 0.2876261544011544], [0.27819416139416125, 0.2668053835053835, 0.2056408147408148, 0.24935964035964045], [0.31799289599289604, 0.2428695360195363, 0.1525523199023199, 0.2865852480852482], [0.22750380730380737, 0.29976103341103355, 0.1851411976911978, 0.28759396159396156], [0.23506188966692076, 0.29669977040503365, 0.14955074141544733, 0.3186875985125986], [0.21889825729825743, 0.3146792374292373, 0.2135204795204796, 0.25290202575202575], [0.20884514374514382, 0.31286981589102336, 0.19039831042710306, 0.28788672993673003], [0.2619529997779998, 0.2842777555777555, 0.13972373737373742, 0.31404550727050723], [0.2214340381840383, 0.2518338550338551, 0.14661446331446334, 0.38011764346764343], [0.2357640137640139, 0.33619792984792984, 0.1881138195138197, 0.2399242368742371], [0.2840465589965589, 0.22379559884559894, 0.15816144966144965, 0.33399639249639274], [0.30695437895437916, 0.2523791930291931, 0.14525204991087348, 0.2954143781055547], [0.2131304584304585, 0.2801704628704629, 0.23286825396825397, 0.27383082473082476], [0.298221114996115, 0.2333303613053614, 0.17244720279720285, 0.296001320901321], [0.2639649850149851, 0.32383157594039974, 0.14908889998890007, 0.26311453905571563], [0.211709312909313, 0.21459388944388966, 0.1957240703740703, 0.37797272727272724], [0.2868703760291995, 0.32656901431901436, 0.19519801668919334, 0.19136259296259295], [0.22280945720945736, 0.3141165945165947, 0.19229025419025422, 0.27078369408369407], [0.2580217171717172, 0.30200683205683204, 0.14696991341991347, 0.2930015373515373], [0.265621867021867, 0.28023034743034747, 0.14700911310911313, 0.3071386724386726], [0.3412019758019758, 0.23615128760128776, 0.1329262126762128, 0.28972052392052383], [0.17648014412488106, 0.3072316163368796, 0.14883239538239543, 0.3674558441558442], [0.2857148795648796, 0.2826257853257852, 0.1995415140415141, 0.23211782106782114], [0.28209179154179165, 0.2398546314796317, 0.2006266289266289, 0.2774269480519481], [0.26847019647019654, 0.3129754245754245, 0.14916802086802083, 0.26938635808635814], [0.2310413586413588, 0.26328472083472093, 0.1961190753690755, 0.30955484515484516], [0.21450251970251974, 0.2963106393606394, 0.18922876012876008, 0.29995808080808095], [0.2846072871572872, 0.29833575036075033, 0.14017640692640693, 0.27688055555555563], [0.24114191919191938, 0.3117237298649062, 0.18539898989898995, 0.26173536104418477], [0.2516286824286825, 0.294923631923632, 0.1487618381618382, 0.30468584748584754], [0.2827603896103897, 0.2480926184926186, 0.18884624819624835, 0.28030074370074354], [0.19451460206460208, 0.29699105339105336, 0.14586541236541234, 0.36262893217893216], [0.24345975690975702, 0.31258180708180716, 0.16202226662226665, 0.2819361693861693], [0.260525507825508, 0.2627694805194807, 0.20015439837939838, 0.27655061327561326], [0.2413974525474526, 0.27223318903318916, 0.1480573815073816, 0.3383119769119767], [0.23085660450660472, 0.3041239038739041, 0.20223156288156285, 0.26278792873792894], [0.28980106200988553, 0.2683425019425019, 0.1290439318851084, 0.3128125041625042], [0.26450984293484286, 0.26794588467088465, 0.1911711621711623, 0.27637311022311045], [0.2277065122012491, 0.2645925442978076, 0.20779812964812974, 0.29990281385281375], [0.2282972582972584, 0.3261208513708515, 0.18254840714840725, 0.2630334831834832], [0.24535829725829733, 0.2755258297258298, 0.18311304251304256, 0.29600283050283066], [0.24078297258297265, 0.3243705738705738, 0.1783263236763237, 0.25652012987013], [0.21846469641469643, 0.31979308632543935, 0.1911479520479521, 0.2705942652119124], [0.2372971639471641, 0.3180878621378621, 0.1542722999222999, 0.2903426739926738], [0.25710713730713736, 0.26298830613830604, 0.12295791430791439, 0.35694664224664224], [0.2287159090909091, 0.33166403041403025, 0.21079100344100354, 0.2288290570540572], [0.22519805194805192, 0.31218378492852183, 0.1678775481828114, 0.294740614940615], [0.2410221556221558, 0.3330917915417917, 0.18779799644799638, 0.23808805638805644], [0.3656755061931533, 0.2388226773226773, 0.12274496059496062, 0.27275685588920895], [0.26044192474192485, 0.255535921388553, 0.21066782106782114, 0.2733543328017012], [0.1870406204906206, 0.2468977466977469, 0.1906203463203464, 0.3754412864912866], [0.23846163836163836, 0.32046612276612285, 0.16545005550005557, 0.27562218337218364], [0.24063158508158514, 0.29050103230103236, 0.2186096681096682, 0.2502577145077147], [0.2287469161557397, 0.3105981906981906, 0.14315619184736833, 0.3174987012987014], [0.24778724053724066, 0.26292985902985927, 0.1299220668220669, 0.3593608336108335], [0.2222141636141636, 0.32985379620379607, 0.17771088911088923, 0.2702211510711511], [0.2841723554223554, 0.29437657897657876, 0.18709555444555453, 0.23435551115551118], [0.2215598568098569, 0.31127484737484734, 0.15857733377733385, 0.308587962037962], [0.2719650793650793, 0.2719811188811189, 0.16824913974913974, 0.28780466200466204], [0.28192775835275824, 0.25759301254301264, 0.12890083805083805, 0.33157839105339093], [0.2312818403818405, 0.27516411366411364, 0.19898390498390517, 0.2945701409701411], [0.25668361736302914, 0.2612905362611247, 0.16109232434232437, 0.3209335220335219], [0.2960122127872128, 0.2424879287379288, 0.15006057276057283, 0.3114392857142859], [0.17605252525252527, 0.262864208014208, 0.2482795093795094, 0.31280375735375754], [0.23521229326229337, 0.3294859973359973, 0.18900456765456772, 0.24629714174714185], [0.26410054945054945, 0.3142549950049949, 0.20345456765456765, 0.218189887889888], [0.24587191697191713, 0.2838503108003108, 0.205952664002664, 0.2643251082251084], [0.23844247419247425, 0.34743883893883903, 0.16410039960039968, 0.2500182872682874], [0.2846577700077701, 0.2823014291264291, 0.14695331890331895, 0.28608748196248207], [0.29323387168387166, 0.30890678210678196, 0.16922507492507494, 0.2286342712842713], [0.24499136696636709, 0.29723306138306144, 0.19827833555333568, 0.25949723609723613], [0.3705397919074388, 0.21612899877899883, 0.1462910716734247, 0.26704013764013784], [0.3293964452214453, 0.25869678932178936, 0.14866587301587303, 0.26324089244089266], [0.2349253246753248, 0.3454951790040024, 0.13616488511488503, 0.28341461120578765], [0.37032642912642894, 0.2336501776001776, 0.1336878232878233, 0.26233556998557017], [0.19648600288600307, 0.2942070599335304, 0.18206012843365793, 0.32724680874680884], [0.2599202519702521, 0.27864307359307366, 0.20097611832611842, 0.2604605561105563]]}}