{"test": {"ids": ["113119320", "101113210", "98107210", "110119030", "112116290", "105115900", "108117720", "98110680", "105116501", "109121410", "99108710", "113121810", "98109570", "99109910", "103120340", "108118301", "104111531", "110118181", "112116850", "112117780", "112120700", "104113380", "108120280", "110114651", "106113830", "101119030", "102110850", "107118520", "105118740", "113119950", "101114020", "111116411", "110116441", "109120150", "101112690", "99108000", "107120260", "104113000", "109117600", "110116170", "108121351", "104110960", "108115570", "109113881", "101108621", "104113550", "102110500", "103111620", "100113210", "102121700", "99108460", "112118161", "99107500", "99109740", "113121750", "108114220", "108114180", "112118860", "108119550", "103111830", "111120540", "108115970", "103110760", "111116090", "109119591", "106115250", "112118890", "112118530", "101111140", "97112830", "99107640", "99112531", "99109311", "107121640", "109116930", "111120280", "99117630", "103112470", "107115250", "111116750", "113118810", "112116451", "103111110", "102109850", "98120530", "113122650", "110115710", "113119930", "105113170", "113120830", "113122190", "104111780", "105110091", "105115680", "112116540", "109115220", "104119290", "99107950", "100111080", "104111711", "110120531", "113119700", "111121220", "97105580", "113122160", "106116120", "109120540", "107116501", "101112201", "107116980", "97116401", "111116530", "113121950", "105117351", "113122170", "98109311", "103109021", "105120280", "100107920", "111116010", "105117200", "104112201", "108118060", "110118161", "100109890", "108120060", "113117340", "111116110", "110113931", "110121140", "103113210", "109118161", "105115380", "104116441", "113120531", "109114220", "110117080", "105116650", "99111930", "112119610", "112118880", "103113101"], "labels": [1, 3, 1, 0, 0, 3, 1, 2, 1, 0, 2, 2, 1, 2, 1, 1, 0, 1, 0, 0, 2, 1, 3, 3, 1, 3, 3, 2, 1, 0, 3, 0, 3, 2, 1, 2, 1, 1, 1, 0, 3, 2, 3, 0, 0, 1, 3, 0, 0, 1, 0, 0, 0, 3, 0, 3, 1, 3, 1, 3, 1, 2, 1, 3, 0, 2, 3, 1, 2, 2, 1, 3, 1, 1, 0, 0, 3, 1, 2, 3, 3, 0, 3, 1, 1, 2, 2, 1, 0, 3, 1, 3, 0, 2, 1, 3, 1, 1, 0, 1, 0, 0, 3, 1, 3, 1, 1, 1, 0, 3, 3, 3, 3, 0, 1, 1, 0, 3, 0, 1, 3, 0, 1, 0, 3, 1, 2, 3, 1, 3, 3, 0, 1, 1, 0, 3, 1, 1, 1, 0, 1, 3], "predicted_labels": [0, 3, 0, 3, 1, 2, 3, 1, 0, 1, 1, 3, 3, 2, 1, 1, 3, 3, 3, 0, 1, 3, 3, 3, 0, 0, 1, 1, 3, 3, 0, 3, 3, 1, 2, 3, 1, 3, 3, 3, 1, 2, 1, 1, 2, 1, 2, 1, 3, 1, 0, 3, 1, 1, 0, 1, 3, 1, 3, 0, 1, 3, 1, 0, 1, 1, 3, 1, 0, 0, 2, 3, 0, 3, 1, 3, 0, 3, 1, 0, 0, 1, 1, 2, 3, 1, 3, 2, 3, 1, 0, 3, 1, 1, 3, 3, 3, 2, 3, 2, 3, 1, 3, 0, 1, 1, 0, 0, 3, 0, 2, 1, 3, 3, 3, 2, 3, 2, 1, 1, 3, 0, 3, 3, 1, 3, 1, 3, 3, 0, 1, 1, 1, 1, 1, 0, 3, 2, 0, 3, 3, 3], "confidence_scores": [[0.3960760514745681, 0.15521476372099402, 0.1818585140358294, 0.2668506707686084], [0.23503137681715086, 0.2562263485925019, 0.1980727665716122, 0.3106695080187351], [0.3928174146418632, 0.2807052865200616, 0.12949339611236924, 0.19698390272570604], [0.09668436539553492, 0.3361370212716557, 0.06679567652966359, 0.5003829368031457], [0.30351528939551825, 0.48128445482455556, 0.08692681407201204, 0.12827344170791427], [0.16570630757035457, 0.23608587248842117, 0.3806635674745949, 0.21754425246662945], [0.29239757615172934, 0.07068876788200845, 0.24352523050361052, 0.3933884254626518], [0.20032417995657864, 0.42654858843230553, 0.24321820210530137, 0.12990902950581457], [0.48213600974293813, 0.19625916826356024, 0.09993683264741282, 0.22166798934608897], [0.24876506145848748, 0.3403806757801985, 0.17886544814442895, 0.23198881461688534], [0.23651310067336245, 0.3785176896991697, 0.11601969244354941, 0.2689495171839184], [0.1806765809125844, 0.20942707061300744, 0.28720398026361527, 0.32269236821079306], [0.2542753133795465, 0.13044202723499515, 0.15053934655789727, 0.4647433128275611], [0.06504704251309865, 0.12803710225363166, 0.5376553659058326, 0.26926048932743707], [0.24162094202370565, 0.4618935687981559, 0.18936522754111862, 0.10712026163701978], [0.35212315814057427, 0.396473183398175, 0.061125551440700934, 0.19027810702054976], [0.31550883216030623, 0.14800727885820952, 0.10541943085556682, 0.4310644581259175], [0.2373075685093179, 0.2710857159333845, 0.12883974020800731, 0.3627669753492904], [0.16535964897299577, 0.15603588732858475, 0.1879245643969839, 0.4906798993014357], [0.2965411361903978, 0.25746484140280756, 0.16525828958621266, 0.28073573282058195], [0.09783686463770012, 0.5331420087959076, 0.06336715639611262, 0.3056539701702797], [0.14776953548293317, 0.24739019236563456, 0.2862432541653547, 0.3185970179860776], [0.14093717600078673, 0.21056915965383743, 0.2178267566371957, 0.43066690770818006], [0.15782488055345714, 0.3609098154004069, 0.10548400164384915, 0.37578130240228685], [0.36805737487724327, 0.0802569293286856, 0.23483012639267425, 0.3168555694013971], [0.6780127206028934, 0.09996420890154027, 0.0725615428981889, 0.14946152759737752], [0.11715500741766165, 0.4900412700954939, 0.28858534386079787, 0.10421837862604663], [0.1051724630919351, 0.4963818434911817, 0.15720151525499632, 0.24124417816188698], [0.12977093371688683, 0.27248569834811137, 0.15120869003174184, 0.44653467790325985], [0.29052915673354424, 0.14746892937322656, 0.1905761306396296, 0.3714257832535995], [0.37420994456944184, 0.2458504133155855, 0.13930360544914566, 0.2406360366658271], [0.2748096743142799, 0.24951065924455382, 0.06569740501066407, 0.40998226143050226], [0.22272923860902716, 0.2174140675070236, 0.23111667383168535, 0.328740020052264], [0.25933224761602613, 0.2877100652126249, 0.22967440674166573, 0.2232832804296834], [0.19614051664090276, 0.22680637617678528, 0.298533206967905, 0.278519900214407], [0.15467524680684466, 0.13158142495977146, 0.2152021413675304, 0.49854118686585347], [0.20604590467237327, 0.305410511742183, 0.25334481624856614, 0.23519876733687778], [0.25910536924319016, 0.16034625777438488, 0.23597658364891894, 0.34457178933350613], [0.19895662220235732, 0.19066560385459097, 0.26508858392480933, 0.3452891900182423], [0.11573450356883103, 0.18101478424584014, 0.1570270261824288, 0.5462236860029002], [0.14047232159867534, 0.49019021035923777, 0.1412838896355226, 0.22805357840656465], [0.25445335068235037, 0.25871856051328795, 0.2635136197315978, 0.2233144690727638], [0.2871437391148871, 0.29235184458953983, 0.1666440122083067, 0.2538604040872663], [0.23235472008905972, 0.4374595408223378, 0.16697184200074391, 0.16321389708785863], [0.16876423512470348, 0.1346272739902249, 0.5033744174600628, 0.19323407342500895], [0.2380482965981411, 0.3246375508246063, 0.12042059104591647, 0.3168935615313363], [0.2923922781602921, 0.1835663016766368, 0.29536618490268834, 0.2286752352603828], [0.10210178823228337, 0.4705013217518647, 0.31609207238541254, 0.11130481763043935], [0.2429295746611136, 0.12736393708034335, 0.15498105729977135, 0.4747254309587718], [0.21074701074067154, 0.3822156925340408, 0.0964746423248261, 0.3105626544004615], [0.33402731618873677, 0.2858563040355249, 0.05344225680859081, 0.3266741229671475], [0.2599800435176892, 0.24276408058919288, 0.07257941499840073, 0.4246764608947173], [0.12575146107677224, 0.48302427152407973, 0.2234615632454352, 0.16776270415371308], [0.20620914108910116, 0.28126460580284507, 0.2759291019842739, 0.2365971511237799], [0.3564096009867769, 0.23614572173868012, 0.08421576018237431, 0.3232289170921689], [0.1916489116506843, 0.37514099698658215, 0.30178247463939667, 0.1314276167233368], [0.1014847321140707, 0.09327564558212084, 0.1309359630657771, 0.6743036592380314], [0.1562094525549758, 0.37942462039250024, 0.14359769715345724, 0.32076822989906667], [0.2961021954116441, 0.18557026302872975, 0.13542245349868762, 0.38290508806093865], [0.5160272400842669, 0.18936759121647964, 0.08990417476905876, 0.20470099393019475], [0.13585694484052976, 0.426291209053902, 0.18193267884007458, 0.25591916726549385], [0.1788307545042422, 0.13374373892072516, 0.153098133876233, 0.5343273726987994], [0.2914218973214572, 0.30128868515617163, 0.1655741691913284, 0.24171524833104274], [0.35003373992762676, 0.3107797256375938, 0.18773749164259756, 0.15144904279218196], [0.12077138379169872, 0.4665372890477954, 0.25270527984483093, 0.1599860473156751], [0.13759583256934496, 0.45353834901297924, 0.17896290382629174, 0.22990291459138404], [0.21680581723825929, 0.2550577388106318, 0.2496603376672262, 0.27847610628388264], [0.11457776781229281, 0.5509497621893967, 0.12211878982810465, 0.2123536801702059], [0.39028660515779734, 0.182287951009439, 0.17437818603470187, 0.2530472577980618], [0.3977920603004874, 0.20733837569169725, 0.22556489144006164, 0.16930467256775372], [0.1229171698736371, 0.2701695986883486, 0.392342051708421, 0.21457117972959325], [0.15113307595849124, 0.16661299767386062, 0.11985052072930272, 0.5624034056383456], [0.38486603801842745, 0.20148998485013575, 0.26291084803649467, 0.15073312909494235], [0.21284550715096395, 0.30203188659509295, 0.13561511519198965, 0.3495074910619535], [0.3278899636618508, 0.344836974513845, 0.14831897393222984, 0.17895408789207443], [0.21502887397513057, 0.23363232394802974, 0.1021180279930588, 0.4492207740837808], [0.3023867465148116, 0.1995224242550419, 0.22344440917866637, 0.2746464200514802], [0.27937286978356485, 0.1435635649237129, 0.265959646036532, 0.3111039192561903], [0.17088409051346307, 0.40910073056787905, 0.20253559248273179, 0.21747958643592605], [0.5377862766443086, 0.11198313106383542, 0.09696649661401373, 0.25326409567784225], [0.38920402283143773, 0.2001293068572296, 0.12493317007562331, 0.2857335002357093], [0.2890985753810712, 0.3948033178049294, 0.1439925089897245, 0.1721055978242749], [0.11013500816310604, 0.5128491217639796, 0.10266900540758106, 0.2743468646653335], [0.20290466575400148, 0.20086002386540883, 0.45084902331705284, 0.14538628706353682], [0.1501946045916013, 0.18229791565839515, 0.16505744028893188, 0.5024500394610717], [0.18488467281122342, 0.35453563308436004, 0.25514437801808426, 0.20543531608633245], [0.19829559951995254, 0.27214358738930083, 0.11118191986527783, 0.4183788932254689], [0.2786747707857099, 0.16637396414603212, 0.299809575891101, 0.25514168917715685], [0.15939830829309173, 0.31753554870326733, 0.15981701882429059, 0.36324912417935046], [0.1634162623928139, 0.46166542851932374, 0.08084273722170048, 0.2940755718661618], [0.3051876329651253, 0.19347694671127796, 0.2305382580472165, 0.27079716227638034], [0.2073216328122739, 0.18720786667135483, 0.21956784694288722, 0.385902653573484], [0.16352454776054579, 0.3959388404310549, 0.26486644907571383, 0.17567016273268532], [0.1574685801897602, 0.5579076554453121, 0.1185432731536617, 0.16608049121126608], [0.14131329485438554, 0.255555128866891, 0.089514646778097, 0.5136169295006264], [0.1414468695110141, 0.3503555879013152, 0.14333706137324764, 0.36486048121442305], [0.1754472498513266, 0.22353609648471892, 0.1894185124687982, 0.41159814119515653], [0.14180898160239644, 0.260810116707994, 0.37452423601671436, 0.22285666567289525], [0.23790119422347672, 0.2341216317360345, 0.23227946869514554, 0.2956977053453431], [0.23675418587789912, 0.255509645916911, 0.33718297089761146, 0.1705531973075786], [0.11714559597179541, 0.1023977522431415, 0.07038199923013624, 0.710074652554927], [0.1304910983969839, 0.6073545721216922, 0.12949224796322678, 0.13266208151809727], [0.3027200337492506, 0.10289452674041635, 0.1732235179331377, 0.4211619215771954], [0.5469566025954334, 0.1464276566375675, 0.12666053023384297, 0.1799552105331561], [0.13943707786480197, 0.41176020028918003, 0.2495804944381016, 0.1992222274079166], [0.18473711173354876, 0.44416246234656154, 0.14245981176234598, 0.22864061415754372], [0.3487961165965528, 0.31293922962321724, 0.11576873381966452, 0.22249591996056525], [0.37843147641210945, 0.18933184284636884, 0.2717052502713332, 0.16053143047018853], [0.2581816453496982, 0.25084717855934263, 0.22625849182706603, 0.26471268426389327], [0.6623599249579245, 0.1756704480590396, 0.06218889826813804, 0.09978072871489786], [0.11553714695909657, 0.22846124103051837, 0.3745484394037288, 0.2814531726066562], [0.16179672485488966, 0.46637311466115416, 0.22589935264309338, 0.1459308078408629], [0.12932892455272046, 0.24124060487968038, 0.19558529841629457, 0.4338451721513046], [0.27911553770205705, 0.20394382486505394, 0.22404647862066582, 0.29289415881222314], [0.18071069781824547, 0.24569669216627849, 0.2572835526576513, 0.316309057357825], [0.2971289080694565, 0.10643118922699656, 0.4964613536728998, 0.09997854903064719], [0.2494244797863817, 0.14418902908370523, 0.10904023022042263, 0.49734626090949074], [0.09038065154770418, 0.24137598391290555, 0.36658710749605183, 0.3016562570433386], [0.08139516169144823, 0.3838011308915094, 0.2633656352926917, 0.2714380721243507], [0.10998794883037151, 0.3915626592481417, 0.29229383004196324, 0.2061555618795237], [0.3291902071220886, 0.16898868876432505, 0.1259272439570688, 0.3758938601565176], [0.3199395859130495, 0.162899626981211, 0.2574893213962972, 0.2596714657094424], [0.21531486677347714, 0.17061686628782297, 0.16451543480455963, 0.4495528321341403], [0.12864348931929928, 0.25257132743750293, 0.10306868668156001, 0.5157164965616378], [0.14327497689952368, 0.37717726423663345, 0.22555116123118507, 0.2539965976326581], [0.1285667829095827, 0.24213486211220459, 0.2914812229198911, 0.33781713205832165], [0.16911856970303513, 0.5555821952012915, 0.1432322416890545, 0.13206699340661907], [0.1852627525563568, 0.14930762474621026, 0.30800377700812326, 0.3574258456893095], [0.15360595983608988, 0.27456628804408867, 0.07150977909814202, 0.5003179730216796], [0.4506063714222786, 0.20981748614419493, 0.12684169577932558, 0.2127344466542009], [0.22093980183978937, 0.375704337124929, 0.10434255608413058, 0.299013304951151], [0.19606126861642073, 0.4978342167675243, 0.11661650648990976, 0.1894880081261452], [0.19917355854009272, 0.44328426533436827, 0.12255657493198654, 0.23498560119355258], [0.24314771106873104, 0.4044918353855172, 0.13131431752756476, 0.22104613601818682], [0.2989784549115579, 0.49132596469002204, 0.07971607331044502, 0.12997950708797493], [0.6893108573824596, 0.13694825358341975, 0.05835526287330695, 0.11538562616081377], [0.11430452541132954, 0.16425396431208433, 0.15359914015433732, 0.5678423701222489], [0.12325885944648991, 0.20600231562260934, 0.5372781714375495, 0.13346065349335126], [0.4321077492217441, 0.2993128640782176, 0.08902811259333045, 0.17955127410670785], [0.1394085040626964, 0.266968662527788, 0.2585301117035887, 0.33509272170592713], [0.1768102887252564, 0.2395877128508184, 0.24138635093118205, 0.3422156474927433], [0.27225558111062326, 0.2522797759290004, 0.17812313234149188, 0.29734151061888453]]}, "rewritten": {"ids": ["97105580", "97112830", "97116401", "98107210", "98109311", "98109570", "98110680", "98120530", "99107500", "99107640", "99107950", "99108000", "99108460", "99108710", "99109311", "99109740", "99109910", "99111930", "99112531", "99117630", "100107920", "100109890", "100111080", "100113210", "101108621", "101111140", "101112201", "101112690", "101113210", "101114020", "101119030", "102109850", "102110500", "102110850", "102121700", "103109021", "103110760", "103111110", "103111620", "103111830", "103112470", "103113101", "103113210", "103120340", "104110960", "104111531", "104111711", "104111780", "104112201", "104113000", "104113380", "104113550", "104116441", "104119290", "105110091", "105113170", "105115380", "105115680", "105115900", "105116501", "105116650", "105117200", "105117351", "105118740", "105120280", "106113830", "106115250", "106116120", "107115250", "107116501", "107116980", "107118520", "107120260", "107121640", "108114180", "108114220", "108115570", "108115970", "108117720", "108118060", "108118301", "108119550", "108120060", "108120280", "108121351", "109113881", "109114220", "109115220", "109116930", "109117600", "109118161", "109119591", "109120150", "109120540", "109121410", "110113931", "110114651", "110115710", "110116170", "110116441", "110117080", "110118161", "110118181", "110119030", "110120531", "110121140", "111116010", "111116090", "111116110", "111116411", "111116530", "111116750", "111120280", "111120540", "111121220", "112116290", "112116451", "112116540", "112116850", "112117780", "112118161", "112118530", "112118860", "112118880", "112118890", "112119610", "112120700", "113117340", "113118810", "113119320", "113119700", "113119930", "113119950", "113120531", "113120830", "113121750", "113121810", "113121950", "113122160", "113122170", "113122190", "113122650"], "labels": [1, 2, 3, 1, 1, 1, 2, 1, 0, 1, 1, 2, 0, 2, 1, 3, 2, 1, 3, 3, 0, 3, 0, 0, 0, 2, 0, 1, 3, 3, 3, 1, 3, 3, 1, 0, 1, 3, 0, 3, 1, 3, 3, 1, 2, 0, 1, 3, 0, 1, 1, 1, 1, 1, 0, 0, 1, 2, 3, 1, 1, 3, 0, 1, 3, 1, 2, 1, 2, 1, 3, 2, 1, 1, 1, 3, 3, 2, 1, 1, 1, 1, 1, 3, 3, 0, 3, 3, 0, 1, 0, 0, 2, 1, 0, 1, 3, 2, 0, 3, 1, 0, 1, 0, 0, 3, 1, 3, 3, 0, 3, 3, 0, 1, 3, 0, 0, 1, 0, 0, 0, 1, 3, 1, 3, 0, 2, 2, 3, 1, 0, 1, 0, 0, 3, 0, 2, 3, 3, 1, 1, 2], "predicted_labels": [0, 0, 2, 1, 2, 3, 1, 1, 1, 2, 1, 3, 1, 1, 0, 2, 3, 1, 3, 0, 3, 1, 2, 3, 3, 2, 1, 0, 1, 0, 3, 2, 2, 2, 1, 0, 1, 3, 1, 0, 0, 1, 1, 1, 0, 3, 2, 3, 0, 3, 2, 0, 1, 3, 3, 3, 0, 1, 3, 3, 2, 3, 2, 3, 3, 2, 3, 1, 0, 0, 0, 1, 2, 0, 3, 1, 3, 1, 3, 3, 1, 0, 1, 3, 1, 0, 0, 1, 0, 0, 1, 2, 3, 1, 1, 3, 3, 1, 2, 1, 3, 1, 3, 3, 3, 0, 3, 1, 3, 3, 1, 0, 3, 3, 3, 1, 1, 1, 3, 0, 1, 1, 1, 3, 3, 3, 1, 1, 3, 0, 1, 3, 3, 1, 1, 3, 3, 1, 1, 1, 2, 3], "confidence_scores": [[0.33597951474239707, 0.30655648588250833, 0.14496174175995924, 0.21250225761513516], [0.4087038294700016, 0.2595600858012735, 0.12938269553572343, 0.20235338919300164], [0.18235114779311493, 0.2351062746738086, 0.37025815153326147, 0.2122844259998151], [0.22555644918718923, 0.2716670067286353, 0.2565379122499316, 0.24623863183424385], [0.24571740489120963, 0.11341345079450679, 0.5292113103385017, 0.11165783397578183], [0.07036745137602472, 0.07725914341515244, 0.11816226820896189, 0.7342111369998611], [0.13271348102859923, 0.577046424007626, 0.16633365539234504, 0.12390643957142972], [0.1459545947232595, 0.4909567037820292, 0.07168050656120385, 0.2914081949335075], [0.09205858676804815, 0.4041546191053905, 0.2790529815492088, 0.22473381257735253], [0.12970316778768173, 0.2212644598782807, 0.5119500468975072, 0.13708232543653054], [0.19338164028576996, 0.420182875878046, 0.22680987568881705, 0.159625608147367], [0.07960417305624962, 0.21964432599452288, 0.17643355109813924, 0.5243179498510884], [0.1705057223350656, 0.5011188482220755, 0.12393613272128721, 0.20443929672157182], [0.092432832133645, 0.7020172055813925, 0.09889489335020023, 0.10665506893476207], [0.40242687049488085, 0.20853183158813013, 0.2631105374849741, 0.12593076043201493], [0.17301891719778556, 0.24785636559460858, 0.36898526572815105, 0.21013945147945473], [0.20676819739910096, 0.2233493711868905, 0.2039766607214712, 0.36590577069253755], [0.14965248045475674, 0.5331177606908334, 0.12265808808337168, 0.1945716707710382], [0.11857836713983308, 0.11647378073712304, 0.06681615102719285, 0.6981317010958509], [0.32437150880127863, 0.15370852636606122, 0.2536012726614226, 0.2683186921712376], [0.09875376559222089, 0.37001198204001884, 0.15268580331520593, 0.3785484490525544], [0.2175472908181088, 0.43826470509112303, 0.14760654893829567, 0.19658145515247244], [0.24814172585747932, 0.18559174572097653, 0.40451642085851097, 0.1617501075630331], [0.37134645755379575, 0.12819037355559157, 0.09060403504855234, 0.4098591338420604], [0.2027660411910088, 0.2095207166891499, 0.26815948327804745, 0.3195537588417938], [0.27024098579092537, 0.1394244918324474, 0.30476165532782046, 0.2855728670488068], [0.2294134355634824, 0.31440549871450907, 0.17077726634584475, 0.28540379937616384], [0.3628609558354941, 0.18014298565134587, 0.253076345805586, 0.203919712707574], [0.3257978950840618, 0.34855699550671104, 0.10062287977086766, 0.22502222963835958], [0.3233973185880393, 0.1015081339346763, 0.2701095988419332, 0.30498494863535125], [0.2648028740334623, 0.21184320203244508, 0.1545849298704103, 0.3687689940636824], [0.14980508013271485, 0.21186500903673336, 0.5233909297338205, 0.11493898109673135], [0.26722375143843663, 0.22604569791920373, 0.31266718420027784, 0.19406336644208197], [0.25908537046252944, 0.27306893814828187, 0.2859600299203786, 0.18188566146881008], [0.15816891842674635, 0.400244335957402, 0.14759043365008928, 0.2939963119657623], [0.37127732851345446, 0.1787618172257807, 0.12858391774035394, 0.321376936520411], [0.25387572648994916, 0.46415257819732303, 0.1211230125271597, 0.16084868278556816], [0.16446088401905604, 0.14233401387103486, 0.1092332642141316, 0.5839718378957776], [0.1167317508801347, 0.4064720986552175, 0.23785265094894295, 0.23894349951570493], [0.5808261203443339, 0.1473068201024549, 0.09983848238776369, 0.1720285771654473], [0.3564901851295806, 0.22635388397166167, 0.1917359075485315, 0.22542002335022632], [0.2749136295295875, 0.29499463536558523, 0.20809055614308697, 0.2220011789617403], [0.29248555815120797, 0.37161458484724474, 0.15038764300296298, 0.18551221399858442], [0.13560375417076476, 0.6776730462530237, 0.08082361305607222, 0.1058995865201393], [0.29151257414103515, 0.28795627494192366, 0.17475233611716084, 0.24577881479988037], [0.2893063038988847, 0.1468593779030235, 0.10487636036109348, 0.45895795783699833], [0.12976233822366656, 0.18894622685799978, 0.5047734861473546, 0.17651794877097898], [0.1902447463716017, 0.0931859993011067, 0.06006312502226447, 0.6565061293050273], [0.4093528343991716, 0.2799788708634388, 0.09170616222452313, 0.21896213251286636], [0.2130978145155216, 0.1028068059172012, 0.2725952468860807, 0.4115001326811965], [0.14863008084863766, 0.14201423703183502, 0.5273104936916208, 0.18204518842790654], [0.31271543469307433, 0.23302722932344805, 0.17355813473964385, 0.2806992012438337], [0.2834353630793524, 0.3504631936801101, 0.0840131135168592, 0.2820883297236782], [0.16086633691349744, 0.19775389191280648, 0.13440296478280814, 0.5069768063908879], [0.13064994663580717, 0.26986902180885614, 0.17163202604459596, 0.4278490055107407], [0.16995610362871663, 0.26189555584647917, 0.12299689628276447, 0.4451514442420398], [0.46333563853548276, 0.2602542177535478, 0.09757985180968996, 0.1788302919012796], [0.12262399455888494, 0.580182301387552, 0.1609898236139056, 0.13620388043965745], [0.12048441594404283, 0.29497547280224656, 0.12413567673229371, 0.4604044345214169], [0.18107822449133576, 0.30268600133241697, 0.14727498485834203, 0.36896078931790527], [0.1299187450865083, 0.1746688886484944, 0.5515720383190756, 0.14384032794592166], [0.2897951087351306, 0.21679597811141846, 0.11735186311197404, 0.37605705004147705], [0.2795440286658997, 0.15054441764227675, 0.316364786713062, 0.25354676697876166], [0.1439064274214466, 0.33723286385030915, 0.16168629047957805, 0.3571744182486663], [0.2049033445328944, 0.1815890483404158, 0.2926443266792364, 0.32086328044745327], [0.14933941161251332, 0.18131914359121867, 0.34894673438782087, 0.32039471040844725], [0.15127622907436408, 0.31541007494626855, 0.18199609903320163, 0.3513175969461657], [0.17630376540074305, 0.35669470387093394, 0.11466255415753578, 0.35233897657078705], [0.3083102501868296, 0.28020073500179954, 0.22911201873441422, 0.18237699607695673], [0.37883637569080036, 0.19863299362660558, 0.22343349011527022, 0.199097140567324], [0.5865302400568502, 0.19736183438055813, 0.09111195568107316, 0.1249959698815185], [0.1362546579664934, 0.530698287417616, 0.1379494617158708, 0.1950975929000197], [0.1657399724223513, 0.20823549860609417, 0.3912763490113458, 0.2347481799602087], [0.4042130763228218, 0.2751457656208254, 0.13731348569990734, 0.18332767235644548], [0.1284724806651866, 0.18331045408130217, 0.15432521074779032, 0.5338918545057209], [0.19988652378289248, 0.4692592662334031, 0.16154418968098463, 0.16931002030271988], [0.24958563483772375, 0.18768084578539984, 0.20654521408789422, 0.3561883052889824], [0.25710004249512713, 0.34373127215721677, 0.17927835684845259, 0.21989032849920345], [0.19831652095416205, 0.13295762365063973, 0.14627233156518973, 0.5224535238300084], [0.1472858800336205, 0.21402952465078096, 0.09860790384371569, 0.5400766914718829], [0.24691654339278588, 0.39080237818078706, 0.0834490263894749, 0.27883205203695216], [0.43394200039358805, 0.1395126808536766, 0.0953448600271635, 0.33120045872557197], [0.1422453282705878, 0.36894459368804267, 0.3500055944281628, 0.13880448361320671], [0.1898206259577838, 0.20701558274009788, 0.1823610172395434, 0.42080277406257494], [0.15937851737551564, 0.4982475092473048, 0.13628700071341848, 0.20608697266376105], [0.3795743025262271, 0.24617001226387797, 0.19036766560520343, 0.1838880196046918], [0.37419094449976686, 0.30042151259326755, 0.08497875661657349, 0.2404087862903923], [0.19560325510345083, 0.40099152050634557, 0.09285072882548902, 0.31055449556471465], [0.3451875136532767, 0.2067759850759375, 0.21974668564571306, 0.2282898156250728], [0.30573101786787976, 0.21972585355011423, 0.1795543305323634, 0.2949887980496427], [0.20324053547403403, 0.3778925439294439, 0.12259766414666307, 0.2962692564498591], [0.13082163291914714, 0.12943363016422468, 0.5835248578367894, 0.1562198790798387], [0.17051150765324413, 0.21958914278921288, 0.19300693881212758, 0.41689241074541544], [0.3019880391648382, 0.32747913969645803, 0.12106007013363826, 0.24947275100506552], [0.23761018066313033, 0.31582617191313117, 0.1991975761852769, 0.2473660712384617], [0.09990493257799173, 0.25355502745423825, 0.08366320555736853, 0.5628768344104015], [0.2178668782818172, 0.34178117033849287, 0.0927276042621558, 0.347624347117534], [0.12244721734617905, 0.3957622710471127, 0.10173718963975707, 0.3800533219669513], [0.24175985633346625, 0.14733312922637876, 0.3717290546706583, 0.23917795976949685], [0.0952491350972502, 0.5833981688262154, 0.1417230763751202, 0.17962961970141414], [0.06554278047556411, 0.11408380046029043, 0.09860219756023386, 0.7217712215039116], [0.134719923804907, 0.4570609650398767, 0.1684923559505843, 0.23972675520463202], [0.19242991223515168, 0.1809100921196193, 0.12860851082921088, 0.4980514848160183], [0.11567524920896499, 0.2714048420288177, 0.1317926994821483, 0.48112720928006913], [0.262352897448543, 0.15126816159222004, 0.10428066159104389, 0.48209827936819316], [0.415583763159801, 0.2766947732415138, 0.18753976166003222, 0.12018170193865294], [0.18504034894208374, 0.20740651610068372, 0.10767939242028272, 0.4998737425369498], [0.20626889595545317, 0.4909318898091319, 0.100021321099138, 0.20277789313627706], [0.16465061325302693, 0.14557198465612084, 0.1259929959630745, 0.5637844061277777], [0.2782224241399212, 0.18833875573462414, 0.0697683935998929, 0.4636704265255618], [0.19604376304253435, 0.42990846441417585, 0.16210254870377044, 0.21194522383951933], [0.419713246055966, 0.14255946855281698, 0.1581306234355901, 0.27959666195562705], [0.2660954800151852, 0.24580134846243198, 0.13267367343006503, 0.35542949809231794], [0.10277219550737686, 0.35584602310987684, 0.14610793813608605, 0.3952738432466601], [0.17654350216300893, 0.2126135339667612, 0.23894189322693027, 0.37190107064329975], [0.20960058418742333, 0.52856876322202, 0.0637890736186221, 0.19804157897193464], [0.12901107274355805, 0.550066675982857, 0.05092702311051674, 0.2699952281630682], [0.2106986337787818, 0.4249303889005718, 0.09632628054837626, 0.26804469677227016], [0.19036405372602155, 0.21141128170247078, 0.182171729045222, 0.41605293552628575], [0.4358520324189767, 0.12637617193095785, 0.24950394186615235, 0.18826785378391325], [0.15977267438635162, 0.32406677352800034, 0.2285785887824439, 0.28758196330320407], [0.08759079757703553, 0.5768398198657804, 0.22455757948179414, 0.11101180307538998], [0.15583123610681077, 0.6545295630108573, 0.06434608187799784, 0.12529311900433399], [0.16629176362903403, 0.1761871133137677, 0.2529216768279145, 0.4045994462292837], [0.1642884739332398, 0.18071273253173498, 0.22841662021584289, 0.42658217331918225], [0.050996562402649145, 0.23490412310755182, 0.23222274043024108, 0.4818765740595581], [0.14715078007118204, 0.5129393115581848, 0.1364662961120848, 0.20344361225854846], [0.10603129920651148, 0.418749891329499, 0.3528040651123299, 0.12241474435165946], [0.1851657107783278, 0.20468070676084243, 0.10092675027814679, 0.509226832182683], [0.40406586178735054, 0.16743492973186364, 0.15854099508174677, 0.2699582133990392], [0.24486719290797002, 0.39742460438723887, 0.20462684180730265, 0.1530813608974885], [0.20004723626994095, 0.21463873482247528, 0.26277123326065227, 0.32254279564693145], [0.25090614008310236, 0.1315248444857585, 0.2103488184587832, 0.407220196972356], [0.3383802113541799, 0.3431679217343547, 0.10162514482043668, 0.21682672209102877], [0.20781369082083412, 0.3570120227575415, 0.09324567832187584, 0.3419286080997485], [0.27516826123029786, 0.2593901591226609, 0.08383564455614144, 0.38160593509089985], [0.19853577309797985, 0.20795655529943707, 0.2519103188334709, 0.34159735276911213], [0.10115407114911966, 0.35195637413109243, 0.29544674943010896, 0.25144280528967894], [0.19072223176476905, 0.44171862950258756, 0.11103617768171532, 0.2565229610509281], [0.2371768953241425, 0.31507419485308213, 0.22662725854843654, 0.2211216512743389], [0.2609832938637553, 0.2099829080255798, 0.27797623411633976, 0.2510575639943251], [0.15226265294185395, 0.3051644107151759, 0.1945400280524019, 0.3480329082905681]]}}