{"test": {"ids": ["108117720", "107115140", "105114220", "110120540", "109117431", "106114150", "106116820", "98107010", "98111620", "111119290", "108115570", "105112240", "112117431", "106120290", "103109791", "111117200", "102117351", "112116451", "109120150", "113120751", "104116980", "110118161", "108121351", "106114280", "111119340", "105112130", "111119930", "112120670", "105120621", "98111860", "109121410", "111118301", "112118860", "101108290", "102110850", "104113380", "98116940", "97106970", "112121030", "106116640", "99109141", "99112300", "105121190", "105115570", "104112201", "101112690", "97113900", "100109980", "102109840", "112118471", "104118070", "107120010", "113122510", "109116441", "110120700", "102110050", "100120010", "100113210", "101119591", "111119610", "108117451", "113120780", "109120560", "111119950", "112117461", "111120591", "102109850", "98113881", "105115250", "113119950", "113118620", "98116500", "112117780", "112116290", "111114171", "99110050", "98106560", "102112170", "107114621", "105117431", "107113260", "99107300", "103109021", "107121540", "110117200", "101108500", "99111440", "105113190", "102114270", "113118810", "106118820", "103113101", "111121410", "109117600", "103111480", "109117730", "98121790", "111117571", "105110091", "110118121", "105110251", "112118550", "110114561", "107113360", "112119580", "101111620", "99111930", "110118740", "105118740", "113121950", "102110500", "106113260", "104113190", "104119340", "113118490", "108120280", "111117480", "103113610", "108119550", "110121140", "101109120", "101108580", "97114170", "107114140", "108118301", "101113210", "98117740", "113117401", "99114890", "98106880", "99113260", "113122120", "101112201", "104111830", "109113281", "99109161", "107114950", "97118210", "99112641", "110115580", "101108950", "102116340"], "labels": [1, 0, 3, 1, 1, 1, 1, 3, 3, 3, 3, 1, 0, 2, 3, 0, 1, 0, 2, 1, 1, 0, 3, 3, 3, 1, 1, 2, 1, 0, 0, 3, 3, 0, 3, 1, 2, 2, 0, 3, 3, 0, 2, 0, 0, 1, 2, 1, 2, 1, 2, 1, 2, 3, 2, 3, 0, 0, 0, 2, 2, 0, 1, 0, 0, 1, 1, 3, 2, 0, 3, 2, 0, 0, 3, 3, 1, 3, 0, 1, 0, 3, 0, 2, 3, 3, 3, 3, 3, 3, 3, 3, 0, 1, 0, 3, 2, 3, 0, 3, 0, 3, 0, 0, 3, 3, 1, 3, 1, 3, 3, 3, 3, 1, 1, 3, 1, 2, 1, 3, 1, 0, 2, 2, 1, 3, 2, 3, 2, 0, 0, 1, 0, 3, 0, 3, 3, 2, 1, 1, 2, 3], "predicted_labels": [1, 0, 1, 1, 1, 1, 0, 0, 1, 3, 1, 1, 0, 1, 0, 3, 0, 0, 2, 2, 1, 1, 3, 1, 1, 1, 0, 2, 3, 2, 3, 3, 1, 0, 2, 0, 3, 1, 1, 3, 1, 0, 3, 3, 2, 1, 0, 2, 1, 3, 0, 1, 2, 3, 0, 1, 0, 0, 1, 3, 3, 1, 2, 3, 3, 0, 1, 1, 1, 0, 0, 3, 3, 1, 1, 1, 3, 3, 3, 1, 1, 1, 1, 1, 0, 1, 0, 1, 1, 3, 3, 0, 0, 1, 3, 1, 3, 0, 1, 3, 3, 3, 3, 2, 3, 3, 1, 1, 1, 1, 0, 1, 3, 0, 0, 3, 1, 2, 1, 0, 3, 3, 3, 2, 1, 2, 3, 3, 1, 0, 3, 1, 0, 1, 0, 0, 1, 0, 0, 2, 1, 1], "confidence_scores": [[0.16807748088832217, 0.4966615742625819, 0.11137277498573475, 0.22388816986336135], [0.3157085550837712, 0.23571082979016092, 0.18595418313324028, 0.26262643199282765], [0.17067983727140074, 0.3255716480187729, 0.2699414273068976, 0.2338070874029287], [0.13265679750227646, 0.45735973325223767, 0.11994913049138733, 0.2900343387540986], [0.12849546150203706, 0.40458620638528975, 0.1912361376693327, 0.2756821944433406], [0.24866879202800288, 0.2910154862926213, 0.2254308161272685, 0.2348849055521074], [0.5748498226132215, 0.17038308750594341, 0.08042296592254643, 0.1743441239582886], [0.4865224089812282, 0.20327462172720936, 0.0810151637638393, 0.2291878055277231], [0.13750873148493914, 0.4883209326066631, 0.19312808682225058, 0.18104224908614736], [0.10853829232621498, 0.3043567000982421, 0.1912691426057564, 0.3958358649697865], [0.12662408049528454, 0.37723426651784925, 0.17512344177467587, 0.3210182112121904], [0.19178076222157747, 0.389347339414961, 0.13909573446570006, 0.27977616389776155], [0.47966570067226616, 0.25523169829661313, 0.07142315842473017, 0.19367944260639058], [0.15358678903217082, 0.45966396518016706, 0.16906861467427825, 0.2176806311133837], [0.3697234009424565, 0.1556531808286781, 0.14967117833529028, 0.32495223989357513], [0.26939404148462937, 0.24683606203494546, 0.1452825083333866, 0.3384873881470385], [0.5299347590415505, 0.08362396387613057, 0.10257111181617991, 0.2838701652661391], [0.3553762165072281, 0.2639366426827562, 0.22114094038240018, 0.15954620042761541], [0.220856848432664, 0.17586646404540449, 0.40159442107663285, 0.20168226644529869], [0.2774286083638164, 0.23583747220695273, 0.3210760567311023, 0.16565786269812857], [0.23610467565738288, 0.48233073795030057, 0.18563860088192063, 0.09592598551039581], [0.24500486082472342, 0.3384118206733955, 0.1034944700518914, 0.3130888484499899], [0.21720287308716985, 0.28866533027444574, 0.1819653207487176, 0.3121664758896668], [0.22171109000295172, 0.2883749369616182, 0.2577162746343676, 0.2321976984010625], [0.16814621872533422, 0.39429474906409423, 0.09727686497158719, 0.34028216723898425], [0.12169032330991206, 0.32649300357183814, 0.2993148811518013, 0.25250179196644856], [0.37480829596245335, 0.33996341524510637, 0.12696783295104974, 0.15826045584139067], [0.2134564195452049, 0.25525998610946304, 0.31906538973584886, 0.21221820460948326], [0.3789790288132193, 0.11822033884575364, 0.04165448594673986, 0.4611461463942872], [0.19689610100807972, 0.2317657086513069, 0.3238905347047417, 0.2474476556358717], [0.18544878573258733, 0.18556569688329724, 0.18443870427217193, 0.4445468131119435], [0.29988319871380126, 0.249891186249228, 0.06921682320301673, 0.38100879183395414], [0.1431733183459547, 0.617901584784466, 0.07202509213932971, 0.16690000473024946], [0.7387382150224514, 0.09461328285785137, 0.07133238052501234, 0.09531612159468503], [0.1707272558993638, 0.12826385103057564, 0.5689480280265934, 0.13206086504346726], [0.4645522465574354, 0.2629783783473303, 0.1477458817976303, 0.12472349329760415], [0.14140677699954177, 0.2542062471789075, 0.3017239808467096, 0.3026629949748411], [0.1547010684216794, 0.3476765523173691, 0.16974251637700133, 0.3278798628839501], [0.21933819358458304, 0.4387796860559837, 0.12639704770851531, 0.21548507265091785], [0.1472235137910705, 0.22872922310677035, 0.2755911606648505, 0.3484561024373087], [0.2367642919499205, 0.4544727232714899, 0.20668799424006037, 0.10207499053852938], [0.2973324054735385, 0.2617816897421386, 0.218510310556225, 0.22237559422809783], [0.1355300536017247, 0.22367362462438597, 0.2959526588639406, 0.3448436629099488], [0.2887200586316231, 0.26525697714953206, 0.14213322608159829, 0.3038897381372467], [0.2055358524193686, 0.2321944317491533, 0.31900780878105717, 0.243261907050421], [0.16663922796517383, 0.5121949784053742, 0.14454918171535222, 0.17661661191409975], [0.3601838681880089, 0.16588152569978362, 0.27257659432064063, 0.20135801179156687], [0.19715898844481147, 0.23050284399543836, 0.29613553014324384, 0.27620263741650625], [0.09888526729773915, 0.522552627438569, 0.2678155973451515, 0.11074650791854025], [0.23950117760241435, 0.16912906451860044, 0.19119244524718437, 0.40017731263180106], [0.391837538381109, 0.3647049461799216, 0.16118086902182777, 0.08227664641714166], [0.11863897219731007, 0.4530854921751975, 0.3165476526293304, 0.11172788299816207], [0.2634252267233747, 0.20672980854775092, 0.29590468436001477, 0.23394028036885964], [0.27098815751345495, 0.238104196213843, 0.17662928940207295, 0.31427835687062916], [0.4271160497499753, 0.22897798275912246, 0.17832772368514135, 0.16557824380576092], [0.1328662624356818, 0.5020238007883605, 0.19886012890755392, 0.16624980786840382], [0.28602926724311806, 0.23335364179673898, 0.2690939700144499, 0.21152312094569328], [0.4248296446299549, 0.18447381077440028, 0.08368345314166166, 0.30701309145398326], [0.2454929700401701, 0.27356977534133486, 0.22227937238006493, 0.25865788223843017], [0.20462334621602438, 0.1985640657227804, 0.19280822962012506, 0.40400435844107013], [0.17700825544364687, 0.22147956285093748, 0.26084138234844695, 0.3406707993569688], [0.2795179637768583, 0.4141662645133386, 0.0965064824299986, 0.20980928927980444], [0.13604595475342784, 0.1302526536134466, 0.5714246499862533, 0.16227674164687242], [0.24507488915021614, 0.17780552900517793, 0.11509662339706238, 0.46202295844754354], [0.1884157127523104, 0.208528371381691, 0.17761156321927493, 0.42544435264672364], [0.3400188395258272, 0.23022134134049707, 0.100138636936981, 0.3296211821966949], [0.10542459606806089, 0.459050166543524, 0.3625435603889037, 0.0729816769995115], [0.14855177891014357, 0.3723192294958554, 0.3072797678726435, 0.1718492237213576], [0.23234734109644298, 0.4590783157047433, 0.08645473948697531, 0.22211960371183848], [0.3382929561859996, 0.2658649165392686, 0.23495065313390132, 0.16089147414083044], [0.3920859444358228, 0.27203457785890706, 0.1372056751540714, 0.19867380255119862], [0.356441315921881, 0.14992847936918335, 0.11684426863290122, 0.37678593607603444], [0.2887618004054614, 0.2318000484448562, 0.1539323564019542, 0.32550579474772817], [0.3267353051489518, 0.38260122194738216, 0.1902264731888791, 0.10043699971478688], [0.1567765803334305, 0.3967263803768434, 0.11094079811642427, 0.33555624117330196], [0.2386905198674369, 0.31742361682287235, 0.18610321330830124, 0.2577826500013894], [0.2702220852341711, 0.24054088107750268, 0.14821541006315855, 0.3410216236251675], [0.17821196782266713, 0.21146038541042547, 0.18207152717740488, 0.4282561195895026], [0.13568345762409142, 0.15020980111410964, 0.09822037805347551, 0.6158863632083234], [0.32258942980163813, 0.4085431883603621, 0.09449866036544913, 0.17436872147255064], [0.1630029541011529, 0.37840571050141997, 0.17343618785541773, 0.2851551475420096], [0.2789652927188097, 0.3435079812041286, 0.15161337784799042, 0.22591334822907128], [0.24603024347774938, 0.3802565895607001, 0.13557855009738184, 0.23813461686416895], [0.1334056193187411, 0.5710072171018568, 0.07356924646539172, 0.22201791711401042], [0.33656324834933526, 0.2820245171226069, 0.20437781511048392, 0.177034419417574], [0.12493959461452386, 0.4192054170723585, 0.15669286975167543, 0.29916211856144215], [0.4952927452498996, 0.2528012793963556, 0.0638377138109523, 0.1880682615427925], [0.2786124396594227, 0.4377315622452263, 0.12186962841037853, 0.16178636968497276], [0.2294881637217524, 0.5757031596354152, 0.08844458353364497, 0.10636409310918743], [0.17760552328747956, 0.23711426167325034, 0.08681553013371107, 0.49846468490555906], [0.21389574083395105, 0.2720641800054487, 0.13117144789985202, 0.3828686312607483], [0.3200186930986269, 0.2875888634178386, 0.14008099001116014, 0.25231145347237427], [0.3603769798461239, 0.21561956022003548, 0.14313839414160986, 0.280865065792231], [0.3202627471473214, 0.37103920693238335, 0.11785441195620804, 0.1908436339640872], [0.2608942671543379, 0.28399607698554463, 0.09484981714553932, 0.3602598387145783], [0.2402338131673952, 0.3703136173871896, 0.168408473352318, 0.2210440960930974], [0.14135705412281127, 0.16096314905991327, 0.29472932852756856, 0.4029504682897068], [0.43485350822578345, 0.24706324567010138, 0.09158894881590178, 0.22649429728821338], [0.20653453521453746, 0.4048769903195, 0.16754426482589402, 0.22104420964006855], [0.24628992117144796, 0.2723413928412392, 0.11029104276638865, 0.3710776432209244], [0.20042471966561404, 0.19399405309533999, 0.12050207080543006, 0.4850791564336159], [0.13847464085369823, 0.3248945005785169, 0.0698133893779324, 0.4668174691898525], [0.13674574855264918, 0.33524677272542225, 0.1316109033601492, 0.3963965753617794], [0.16053885774800603, 0.15723408716310944, 0.45089192699705993, 0.23133512809182472], [0.14372710819074322, 0.25063950495283055, 0.19103939254421368, 0.41459399431221255], [0.18150394839745448, 0.14106379063459382, 0.12460041410933886, 0.5528318468586131], [0.07904908287919882, 0.689252782204294, 0.04495684689694419, 0.18674128801956305], [0.17582211301289816, 0.4204499316365176, 0.15604349267033904, 0.2476844626802453], [0.28466239153109535, 0.3828668755116362, 0.13231294156438023, 0.20015779139288825], [0.17133747866087048, 0.36595713076979824, 0.15036629448992142, 0.31233909607940996], [0.376623100389249, 0.12370919486480615, 0.17894012340258109, 0.320727581343364], [0.22582130126212385, 0.3436798332306373, 0.11909206528515257, 0.31140680022208644], [0.2682410565379574, 0.2755369135440235, 0.16650361395572508, 0.2897184159622941], [0.36481919875799756, 0.16938024456099937, 0.1719485572197997, 0.2938519994612035], [0.2978857402155424, 0.18888490389338694, 0.275819024266859, 0.23741033162421177], [0.20476113920205538, 0.19816915399677443, 0.10808069049397724, 0.48898901630719294], [0.23677166954423023, 0.35793966376751224, 0.16672771217349075, 0.23856095451476683], [0.11416724654599397, 0.218610612093579, 0.4546579804096766, 0.21256416095075042], [0.16701642904279226, 0.3165911337712956, 0.2111677784126071, 0.305224658773305], [0.32875660600141104, 0.25622520731507814, 0.22005366545216076, 0.1949645212313501], [0.20823784036940174, 0.21378991707360395, 0.2599413148952054, 0.3180309276617891], [0.12697619230843377, 0.11553928129103765, 0.061743435391116104, 0.6957410910094124], [0.18045479093400155, 0.2893569918412394, 0.18659352296689863, 0.34359469425786054], [0.23879115078592864, 0.23007973769509998, 0.31440929912619875, 0.2167198123927726], [0.2473720463224853, 0.41569899576749536, 0.1834975508939831, 0.1534314070160361], [0.218553969735333, 0.25717427095478484, 0.3154831706837408, 0.2087885886261414], [0.27951284736324417, 0.2911012340687006, 0.08339857760938829, 0.345987340958667], [0.13543339672994847, 0.21189398377716961, 0.11673970334653068, 0.5359329161463512], [0.12215770893831362, 0.346242109682501, 0.1871160371637883, 0.3444841442153968], [0.33344394327842025, 0.18760763340824985, 0.2765935342312177, 0.20235488908211235], [0.1814270896866978, 0.1588647789043182, 0.3088891156129833, 0.35081901579600056], [0.15090535079199052, 0.6620587707854363, 0.06719421194552479, 0.11984166647704841], [0.4082432452352485, 0.3345315085109467, 0.11935610737845696, 0.13786913887534788], [0.10897389673669326, 0.48809399618122545, 0.09778245097110906, 0.305149656110972], [0.39154119723663866, 0.2534418164367311, 0.09702750645477524, 0.25798947987185505], [0.3606588185829861, 0.2852320123127663, 0.23367881938681637, 0.12043034971743141], [0.19549783568569293, 0.3619244601591221, 0.0807811916779575, 0.3617965124772276], [0.3256776488244129, 0.2555883387349622, 0.28348854678016017, 0.13524546566046478], [0.33628446999388684, 0.22490326025135177, 0.27117669213702794, 0.1676355776177334], [0.2169996906258561, 0.1543781514296561, 0.48954108534954444, 0.1390810725949435], [0.1892716954776191, 0.5072421251188978, 0.13391474395446804, 0.16957143544901512], [0.20824309475203556, 0.375506628535427, 0.15161586282126244, 0.264634413891275]]}, "rewritten": {"ids": ["97106970", "97113900", "97114170", "97118210", "98106560", "98106880", "98107010", "98111620", "98111860", "98113881", "98116500", "98116940", "98117740", "98121790", "99107300", "99109141", "99109161", "99110050", "99111440", "99111930", "99112300", "99112641", "99113260", "99114890", "100109980", "100113210", "100120010", "101108290", "101108500", "101108580", "101108950", "101109120", "101111620", "101112201", "101112690", "101113210", "101119591", "102109840", "102109850", "102110050", "102110500", "102110850", "102112170", "102114270", "102116340", "102117351", "103109021", "103109791", "103111480", "103113101", "103113610", "104111830", "104112201", "104113190", "104113380", "104116980", "104118070", "104119340", "105110091", "105110251", "105112130", "105112240", "105113190", "105114220", "105115250", "105115570", "105117431", "105118740", "105120621", "105121190", "106113260", "106114150", "106114280", "106116640", "106116820", "106118820", "106120290", "107113260", "107113360", "107114140", "107114621", "107114950", "107115140", "107120010", "107121540", "108115570", "108117451", "108117720", "108118301", "108119550", "108120280", "108121351", "109113281", "109116441", "109117431", "109117600", "109117730", "109120150", "109120560", "109121410", "110114561", "110115580", "110117200", "110118121", "110118161", "110118740", "110120540", "110120700", "110121140", "111114171", "111117200", "111117480", "111117571", "111118301", "111119290", "111119340", "111119610", "111119930", "111119950", "111120591", "111121410", "112116290", "112116451", "112117431", "112117461", "112117780", "112118471", "112118550", "112118860", "112119580", "112120670", "112121030", "113117401", "113118490", "113118620", "113118810", "113119950", "113120751", "113120780", "113121950", "113122120", "113122510"], "labels": [2, 2, 2, 2, 1, 0, 3, 3, 0, 3, 2, 2, 2, 2, 3, 3, 3, 3, 3, 1, 0, 1, 0, 2, 1, 0, 0, 0, 3, 0, 2, 1, 3, 0, 1, 3, 0, 2, 1, 3, 3, 3, 3, 3, 3, 1, 0, 3, 0, 3, 2, 3, 0, 3, 1, 1, 2, 1, 0, 0, 1, 1, 3, 3, 2, 0, 1, 1, 1, 2, 3, 1, 3, 3, 1, 3, 2, 0, 0, 2, 0, 3, 0, 1, 2, 3, 2, 1, 1, 1, 3, 3, 0, 3, 1, 1, 3, 2, 1, 0, 0, 1, 3, 3, 0, 3, 1, 2, 3, 3, 0, 1, 3, 3, 3, 3, 2, 1, 0, 1, 0, 0, 0, 0, 0, 0, 1, 3, 3, 3, 2, 0, 3, 1, 3, 3, 0, 1, 0, 3, 1, 2], "predicted_labels": [0, 3, 3, 2, 3, 0, 0, 1, 2, 1, 2, 3, 3, 1, 0, 1, 2, 1, 3, 1, 0, 1, 3, 3, 1, 3, 0, 1, 1, 3, 1, 3, 3, 1, 1, 1, 1, 1, 1, 3, 3, 2, 3, 1, 1, 0, 1, 2, 3, 3, 2, 2, 3, 0, 1, 3, 1, 0, 3, 0, 0, 0, 1, 1, 1, 2, 1, 1, 3, 1, 1, 0, 1, 3, 0, 0, 1, 1, 0, 3, 3, 1, 3, 1, 1, 1, 0, 1, 0, 3, 3, 0, 1, 3, 2, 1, 1, 2, 2, 3, 1, 3, 0, 1, 1, 1, 1, 0, 1, 3, 1, 1, 1, 1, 3, 3, 1, 0, 3, 3, 0, 1, 0, 0, 3, 3, 2, 3, 3, 3, 1, 1, 3, 0, 1, 3, 3, 1, 0, 3, 1, 0], "confidence_scores": [[0.2775862286914809, 0.26171298604184945, 0.2090393396745446, 0.25166144559212494], [0.2577122427389896, 0.2693512465386462, 0.14799289973260293, 0.3249436109897613], [0.052994344219688176, 0.1257931993558352, 0.07046902118342843, 0.7507434352410483], [0.2489814566747455, 0.11667963869711714, 0.411521071633024, 0.2228178329951134], [0.24049191649813417, 0.22459176969734693, 0.15523795700666906, 0.3796783567978498], [0.40782523083674543, 0.31058779424579097, 0.1275529131401299, 0.15403406177733378], [0.40355689628840846, 0.2910812304046433, 0.09566421442146118, 0.2096976588854871], [0.1336642351189636, 0.5138970958515644, 0.13810985555694974, 0.21432881347252228], [0.27912716245923636, 0.1879668351156913, 0.35851914229198484, 0.17438686013308768], [0.20927963844831782, 0.383418665762377, 0.25665124400577805, 0.15065045178352726], [0.23160796024926508, 0.21659340654040563, 0.3364719870249022, 0.21532664618542693], [0.18773469331707962, 0.26728584093432073, 0.15886080175087408, 0.3861186639977256], [0.30714607504280567, 0.20560881938773132, 0.12627837575898723, 0.36096672981047595], [0.12612360912892623, 0.3874998217487832, 0.25572235885664746, 0.2306542102656432], [0.49044940456652897, 0.18961610194373707, 0.10273283678597843, 0.21720165670375563], [0.20887985719756108, 0.43187837723037587, 0.16842588804716938, 0.1908158775248937], [0.2731457649202953, 0.23646462344148467, 0.3228128705123881, 0.16757674112583196], [0.27316428498106, 0.28128421533681214, 0.2372309521813553, 0.20832054750077272], [0.156724400370069, 0.18174200050139222, 0.11520495314746569, 0.5463286459810732], [0.18054240578250366, 0.4138651390792707, 0.16363294401898382, 0.24195951111924185], [0.3141435706164207, 0.2501454011228466, 0.17205125463497475, 0.26365977362575804], [0.34229044871293307, 0.36807498621338514, 0.14404147144053248, 0.14559309363314926], [0.1977679612372321, 0.16466083197595693, 0.21241327038370608, 0.42515793640310484], [0.12115452041089231, 0.3622692518468095, 0.13900493831988206, 0.3775712894224163], [0.16562480486391346, 0.3885225382505398, 0.23496694024447481, 0.21088571664107197], [0.3393989685199834, 0.19826606105453248, 0.1222062772461012, 0.34012869317938277], [0.3772572948556199, 0.27948929682666157, 0.2045898215623528, 0.13866358675536578], [0.2723200953621208, 0.2785364269935934, 0.25041419777140717, 0.1987292798728787], [0.12178487413838843, 0.4089132944719606, 0.18147837601210198, 0.287823455377549], [0.2653327323563466, 0.1348411896158751, 0.14493472992568424, 0.45489134810209403], [0.28899087592996786, 0.3117037451072279, 0.262545914120364, 0.13675946484244025], [0.16552949276452572, 0.21535925637072983, 0.16390823620207204, 0.45520301466267243], [0.23851504289178932, 0.11048216483319354, 0.12640768720042053, 0.5245951050745965], [0.23984071033808638, 0.4210495162937406, 0.12460258537560952, 0.21450718799256357], [0.18852328186442613, 0.5799519300899026, 0.08565374917715979, 0.14587103886851124], [0.2492587914042886, 0.2768966015747495, 0.22651741658034327, 0.2473271904406186], [0.20651417382531068, 0.3014993931922397, 0.2783531939870278, 0.213633238995422], [0.16450151414752326, 0.39665034200740595, 0.23572208756303079, 0.2031260562820401], [0.07699077039929221, 0.59099135409851, 0.2628612119048838, 0.06915666359731382], [0.17744989024815805, 0.2529845551481446, 0.26207794515360944, 0.30748760945008785], [0.3213875340351423, 0.11929560308190908, 0.10035366179309894, 0.4589632010898496], [0.15139023882000655, 0.16323431438480981, 0.5388555303076495, 0.14651991648753399], [0.17859453792725066, 0.18889579338784893, 0.14226636505902, 0.49024330362588053], [0.2015165950927788, 0.5176658131882018, 0.13588537854402316, 0.14493221317499624], [0.14748918456383237, 0.40892618865938335, 0.1100593534327815, 0.3335252733440028], [0.46628135330676396, 0.10926713073779985, 0.12521541033872388, 0.2992361056167124], [0.20021281923770576, 0.4194257979239983, 0.11633441515562767, 0.2640269676826682], [0.23113044545108946, 0.20177638481150773, 0.39182905986897815, 0.1752641098684246], [0.196622898284653, 0.19851816723489302, 0.1799237136335707, 0.4249352208468833], [0.22085200010074985, 0.2652911394310387, 0.16599578193138978, 0.3478610785368218], [0.16838701474515377, 0.2217744926331621, 0.3108702223219375, 0.29896827029974665], [0.1495258067442653, 0.19847492288248186, 0.4331431144023462, 0.2188561559709067], [0.2144650608746692, 0.18924328530319218, 0.2562835462121894, 0.34000810760994915], [0.37124007631512923, 0.27957503464902195, 0.13024221606574085, 0.21894267297010814], [0.13746714161916304, 0.4660613334619143, 0.18282688643080083, 0.21364463848812196], [0.19836495375367735, 0.2651765483007897, 0.2489767220809666, 0.28748177586456647], [0.1675819497049826, 0.5593333545563839, 0.13405048828144916, 0.13903420745718445], [0.3218489556034839, 0.24901050289725582, 0.11776806642248709, 0.3113724750767733], [0.16577930256425333, 0.25673022481870517, 0.2717265855149253, 0.3057638871021162], [0.4128216231982809, 0.2774895875975431, 0.08408164941242302, 0.22560713979175315], [0.33064254071760146, 0.28189315481700755, 0.15147024696971617, 0.23599405749567495], [0.3854215831877847, 0.29333184705682336, 0.07511734292484423, 0.24612922683054772], [0.23396295111212329, 0.3612695784927458, 0.11338154829440043, 0.2913859221007306], [0.21501134656142148, 0.3522582837161832, 0.10886518312015302, 0.3238651866022424], [0.3417736035580232, 0.34936297150343254, 0.08584752542884508, 0.22301589950969886], [0.19947445302700717, 0.18823813898833047, 0.45735797359878966, 0.15492943438587267], [0.24428602892094672, 0.4271874615070642, 0.11807414483061449, 0.21045236474137446], [0.3315745735178416, 0.3502138345459274, 0.10611184780375159, 0.21209974413247945], [0.28187068678025023, 0.18815094043090977, 0.03837288738850863, 0.49160548540033144], [0.10506983801542466, 0.3600774777074275, 0.1901528780737465, 0.34469980620340146], [0.26060170874895133, 0.310506900236954, 0.16727732877644227, 0.2616140622376524], [0.3707241562739839, 0.27178779803022984, 0.12741295301486366, 0.2300750926809225], [0.26584091281113703, 0.3722886701280021, 0.11755801204790141, 0.2443124050129594], [0.21113596613973645, 0.25895521436450764, 0.21307844110959495, 0.31683037838616107], [0.4148722614027773, 0.26015981284144746, 0.12007527105951481, 0.2048926546962605], [0.38181637287992204, 0.25587785002049607, 0.08498287293485268, 0.2773229041647292], [0.28362506560521805, 0.39466793187823834, 0.11789345238240581, 0.20381355013413766], [0.2711370796240097, 0.4244072226234651, 0.1617738352040449, 0.14268186254848042], [0.5191739598250895, 0.18503944437743125, 0.16048402596228173, 0.13530256983519753], [0.18665139140564746, 0.2845483350242747, 0.20615480505329717, 0.3226454685167808], [0.16910695461237654, 0.26638054269945977, 0.2801820090556216, 0.28433049363254215], [0.20877815562190197, 0.4189632004582631, 0.09644492952332262, 0.2758137143965124], [0.22340202255923367, 0.18864307968329344, 0.1515293943453035, 0.4364255034121695], [0.15409326897073042, 0.42887086759572085, 0.2520838091799405, 0.16495205425360834], [0.1317206155294924, 0.6189318745423698, 0.11581502349114946, 0.13353248643698845], [0.13270595127553608, 0.38861428215858, 0.14729284432728346, 0.33138692223860045], [0.31781133397915007, 0.23061799586063034, 0.14517975516204634, 0.3063909149981732], [0.16070686276223406, 0.6207366571902181, 0.0893139580866237, 0.12924252196092414], [0.31061785994780106, 0.23205692164273667, 0.26526432779089487, 0.19206089061856746], [0.20772927740512265, 0.2809508347097601, 0.17971978182470139, 0.3316001060604159], [0.3130554347911257, 0.20050079336085405, 0.13587456868055897, 0.35056920316746126], [0.28448896365903975, 0.25995759302658994, 0.20096284584161114, 0.2545905974727593], [0.26900346646585355, 0.30514668630437064, 0.15559203951847478, 0.2702578077113011], [0.1711962921047994, 0.34393147376642585, 0.11288354679773334, 0.3719886873310415], [0.13145969454865358, 0.3042763598671303, 0.3055884815142196, 0.2586754640699965], [0.2902110347081618, 0.3490346086744266, 0.10980224599003764, 0.25095211062737405], [0.27952227740933294, 0.419501167949595, 0.15106062494540218, 0.14991592969567], [0.293089607791727, 0.19306449508012616, 0.3097235426356513, 0.20412235449249566], [0.15090333148137905, 0.2869332307049929, 0.4045149362540229, 0.15764850155960505], [0.1627627995494489, 0.21810893246445098, 0.17882166672739794, 0.4403066012587022], [0.15055405883310946, 0.42852176555987287, 0.2015171080279005, 0.21940706757911715], [0.1493377715587695, 0.24403258494125224, 0.23754030288491268, 0.36908934061506554], [0.37741435334013995, 0.2854673581914757, 0.18386040730657374, 0.15325788116181074], [0.14003582350478275, 0.5602475427484142, 0.11584804480813797, 0.18386858893866515], [0.1886093105022644, 0.3307930225764711, 0.2056241318690477, 0.27497353505221683], [0.24776193631772364, 0.3048842567509189, 0.2655092749810683, 0.18184453195028918], [0.16564480402051318, 0.5378961166262509, 0.18382918281833344, 0.11262989653490255], [0.31393417968971016, 0.25523096062959544, 0.24782615600776614, 0.1830087036729283], [0.2007320908171064, 0.40199682302764905, 0.25743460116815287, 0.13983648498709164], [0.1402055708384585, 0.31544294534820233, 0.09573274949993762, 0.44861873431340166], [0.21964112662130164, 0.34328284742759063, 0.10036268631833113, 0.33671333963277666], [0.28492113348144305, 0.34581472553637155, 0.0710842010857426, 0.2981799398964428], [0.24603725239781696, 0.4565254533021642, 0.08832973831279206, 0.20910755598722702], [0.2762603097702123, 0.38305548309895177, 0.08436909066883712, 0.2563151164619989], [0.14838810307724604, 0.23554853941921755, 0.2946055760176232, 0.3214577814859132], [0.22403848400871154, 0.3492646986561797, 0.07264188685285064, 0.35405493048225817], [0.27253621724257016, 0.3796486450436739, 0.18802003264664957, 0.15979510506710648], [0.3600277758531483, 0.33827460695287276, 0.1476033769495265, 0.15409424024445242], [0.30082729051624085, 0.18676013166554775, 0.11810149807491276, 0.39431107974329876], [0.3262726097442727, 0.14410205414116722, 0.164031742603218, 0.365593593511342], [0.33619937769689007, 0.30647081499847206, 0.08012257598963432, 0.2772072313150037], [0.1584814460871934, 0.5286896752613738, 0.1085891756788041, 0.2042397029726287], [0.3846173695786459, 0.2260125584835552, 0.2097744090020201, 0.1795956629357788], [0.4492419419820673, 0.13815858620997892, 0.11137469980362967, 0.30122477200432407], [0.15131337089128657, 0.2597896279892069, 0.2891240607393038, 0.2997729403802028], [0.17676784566325873, 0.32615502449616873, 0.09043204072462031, 0.40664508911595226], [0.1826809727465192, 0.2707861663667541, 0.28343863698907007, 0.2630942238976567], [0.23520223815803012, 0.3029713955105224, 0.14332505230605228, 0.3185013140253954], [0.23549706149513605, 0.2732208193506194, 0.19676382837268544, 0.2945182907815591], [0.10618261270186773, 0.20768034993877665, 0.13707720098717072, 0.549059836372185], [0.18278342276005038, 0.3253964158527516, 0.21797039921178543, 0.2738497621754127], [0.38042997897765723, 0.3883973848303328, 0.15193097519932947, 0.07924166099268047], [0.13601393547377183, 0.1562410314359409, 0.08425582051508393, 0.6234892125752034], [0.41620515636053423, 0.2837393999741903, 0.12548687077434523, 0.17456857289093036], [0.19685892514787956, 0.3418179493284588, 0.16481694923343823, 0.2965061762902232], [0.27682361275636863, 0.2913893680973526, 0.11214202181616122, 0.31964499733011775], [0.3045102671942399, 0.2224410659885094, 0.14506267088690872, 0.327985995930342], [0.1439630921821169, 0.40950735520381487, 0.21080407086735192, 0.23572548174671631], [0.34616691082019796, 0.2928916530515994, 0.10464510650938899, 0.2562963296188136], [0.1780239830567072, 0.2570312955819465, 0.1668454203079462, 0.3980993010534002], [0.20939285047741102, 0.5895509624686018, 0.08690499353749943, 0.11415119351648767], [0.35399633099161754, 0.1878482907962967, 0.19549020933388472, 0.2626651688782011]]}}