{"test": {"ids": ["113121950", "97107040", "107118820", "110115710", "109118701", "97106770", "113118820", "102110500", "99117630", "109117630", "110119891", "99111000", "112116640", "113119480", "110116290", "97106820", "109113281", "108115970", "99112840", "105118171", "108118301", "102110050", "106116370", "112118701", "113118810", "101108080", "110118880", "107118780", "108114180", "112120990", "108113760", "109116750", "109117080", "112119320", "100109311", "105118230", "113119950", "100111380", "112117580", "105112260", "107118520", "110117110", "101111620", "112120700", "107114621", "102112250", "106120290", "108118630", "99111620", "102110750", "102121440", "107119130", "97112290", "109119591", "113122170", "113119930", "107114490", "113121410", "109119010", "102112170", "99107660", "101116130", "112117471", "111119250", "109113881", "104114320", "98108150", "112117030", "103110840", "111114321", "109120621", "107119950", "103113610", "113121010", "99108460", "97105760", "112118550", "113119340", "105113480", "106113830", "103113170", "105119950", "113118511", "107118490", "99114890", "109120560", "104119340", "106116120", "105120621", "113122160", "98110710", "106116441", "108113700", "113118630", "111120220", "99107640", "111119430", "111119930", "98117740", "112118880", "110118701", "111116990", "99109141", "98107210", "110121140", "100109360", "109121351", "99109311", "100120780", "104117630", "97108520", "97112830", "107114200", "103110100", "112119980", "108115870", "99112641", "111116110", "107113170", "101112160", "109119460", "105116441", "111116090", "108113480", "103117200", "102121700", "102116500", "113120070", "111116100", "101119591", "113122510", "104111880", "100111080", "111121220", "98108410", "104111990", "107116340", "113118870", "98116500", "101119030", "110118630", "101108290"], "labels": [3, 2, 3, 2, 3, 3, 0, 3, 3, 0, 3, 2, 0, 3, 2, 1, 0, 2, 2, 3, 1, 3, 2, 0, 3, 0, 0, 1, 1, 2, 1, 0, 1, 1, 1, 1, 0, 3, 0, 3, 2, 0, 3, 2, 0, 0, 2, 1, 3, 1, 2, 1, 1, 0, 1, 1, 3, 0, 3, 3, 3, 2, 3, 1, 0, 2, 0, 2, 1, 1, 1, 3, 2, 2, 0, 0, 3, 0, 0, 1, 3, 3, 1, 2, 2, 1, 1, 1, 1, 3, 2, 0, 0, 3, 3, 1, 3, 1, 2, 1, 3, 0, 3, 1, 3, 0, 0, 1, 1, 0, 2, 2, 2, 1, 0, 3, 1, 3, 0, 3, 1, 1, 3, 0, 0, 1, 1, 2, 3, 0, 2, 3, 0, 3, 1, 2, 3, 0, 2, 3, 1, 0], "predicted_labels": [0, 2, 3, 0, 3, 0, 0, 3, 0, 1, 3, 2, 0, 0, 0, 0, 3, 3, 3, 3, 3, 1, 0, 3, 3, 0, 1, 3, 3, 1, 1, 1, 1, 2, 3, 1, 0, 0, 3, 3, 1, 1, 0, 1, 3, 0, 1, 3, 1, 1, 1, 1, 3, 1, 3, 1, 3, 3, 3, 0, 2, 3, 3, 1, 1, 0, 1, 1, 1, 1, 0, 3, 1, 1, 3, 2, 3, 0, 3, 3, 1, 0, 1, 1, 2, 2, 3, 1, 3, 1, 1, 1, 0, 3, 0, 3, 1, 0, 3, 1, 1, 0, 0, 2, 3, 3, 3, 2, 3, 0, 1, 1, 0, 0, 3, 3, 0, 3, 0, 3, 3, 1, 0, 3, 3, 1, 2, 2, 1, 0, 1, 3, 1, 3, 1, 0, 0, 3, 3, 3, 3, 3], "confidence_scores": [[0.2500914471857401, 0.2757585343516308, 0.2000612320574277, 0.2740887864052015], [0.19277236620551785, 0.2570350078415987, 0.3080631920937995, 0.242129433859084], [0.26343620904230486, 0.2690058700466064, 0.16230348037845485, 0.30525444053263395], [0.25176856513886475, 0.27660120562285195, 0.19843485231899075, 0.2731953769192921], [0.25923629466179526, 0.302706141009012, 0.13255368578628188, 0.30550387854291094], [0.23644909037623474, 0.23822683379383305, 0.2768093460771001, 0.2485147297528319], [0.2718546607902521, 0.29009488690847823, 0.1369035223468128, 0.30114692995445685], [0.26092027415906555, 0.2401317747491609, 0.22268866138111476, 0.2762592897106587], [0.2713458823096813, 0.27574773222163845, 0.16957266575908006, 0.2833337197096004], [0.2405356336304219, 0.3191383619606593, 0.1935806337239579, 0.24674537068496094], [0.25272309770616375, 0.3195285555397592, 0.12538929145719996, 0.3023590552968771], [0.13177269399962746, 0.2715578907088809, 0.3595679168697543, 0.2371014984217374], [0.30052426563931056, 0.27799574347161876, 0.10243385010871955, 0.31904614078035143], [0.29509420168672157, 0.27061736268670233, 0.10574937509956887, 0.3285390605270074], [0.25861409602880475, 0.241328537420725, 0.23409057913132272, 0.2659667874191478], [0.27572000140600106, 0.24635785038806587, 0.1818609289123093, 0.29606121929362356], [0.31369577694988027, 0.2811370226055266, 0.06850665579962002, 0.3366605446449732], [0.292067527595375, 0.257891719367229, 0.13464435356645663, 0.3153963994709393], [0.21849974208671225, 0.29145046219530363, 0.19301614189300909, 0.2970336538249748], [0.26728465964614984, 0.31001857512121894, 0.12081339420197797, 0.30188337103065355], [0.28185722852427186, 0.29959565144655387, 0.10387854911697461, 0.3146685709121998], [0.2085146679981808, 0.28669723544612297, 0.22432006841674954, 0.28046802813894656], [0.2827435682374167, 0.2143988809455089, 0.20674317404952425, 0.2961143767675501], [0.2607917989397041, 0.30772966159483206, 0.12639161156754455, 0.3050869278979191], [0.2809719159308012, 0.3155240476196709, 0.09393139772311326, 0.30957263872641444], [0.287525289022886, 0.28372684710660606, 0.11503964625772987, 0.31370821761277795], [0.27562290394899436, 0.34514703058481383, 0.0606544555676047, 0.3185756098985866], [0.28514403483206474, 0.30664348882821724, 0.09229843875020456, 0.31591403758951325], [0.28048071501581034, 0.3038617007222576, 0.11085257308976773, 0.3048050111721641], [0.25675476278155684, 0.34166120539279304, 0.10359409852923784, 0.29798993329641266], [0.25460538934949256, 0.2994861450853264, 0.17014027161318626, 0.275768193951995], [0.2515702849390183, 0.3282250320517729, 0.14702274256318645, 0.27318194044602234], [0.19005303803059645, 0.371336444506873, 0.17116921816753974, 0.26744129929499055], [0.1380671050619622, 0.30250609747629087, 0.32813493727868914, 0.23129186018305758], [0.2705264436440803, 0.29671153985668797, 0.1295786563274655, 0.3031833601717664], [0.25930000263816766, 0.3306986671876015, 0.11382749767358889, 0.29617383250064233], [0.2941498218872818, 0.3024771014764489, 0.07992085098720081, 0.32345222564906867], [0.2828223230490559, 0.31421598860329175, 0.0814603797227345, 0.3215013086249176], [0.29272908178394236, 0.27202879156925847, 0.12365033257459421, 0.311591794072205], [0.25666124152190395, 0.2954680306607138, 0.15566450404440543, 0.29220622377297695], [0.2174714983782862, 0.3497675351778486, 0.15774346120041408, 0.2750175052434513], [0.1804354679834442, 0.3150342031080302, 0.26477495012384705, 0.23975537878467817], [0.2854259759498358, 0.25633828426115557, 0.16254510462091992, 0.29569063516808874], [0.18594076591876815, 0.30763761554941343, 0.23443374245235957, 0.2719878760794588], [0.23872149803240417, 0.30742809654002, 0.16758993602198508, 0.2862604694055909], [0.2713494801084865, 0.2232450732143499, 0.21685544354065364, 0.28855000313651], [0.20192840061426923, 0.30772673883714874, 0.24208752383529306, 0.24825733671328892], [0.25434819043241563, 0.30768306526060213, 0.13221724429087936, 0.30575150001610274], [0.20395305424481316, 0.3001177994201972, 0.23891102765315997, 0.25701811868183005], [0.1655997168131302, 0.3446420736058065, 0.27963984728840857, 0.2101183622926546], [0.21981567593329995, 0.3103736427131777, 0.19791573190154263, 0.2718949494519792], [0.26670952290390504, 0.31095319551230965, 0.11252809690688458, 0.3098091846769008], [0.23638912988102165, 0.26860247091578376, 0.21427216173329627, 0.28073623746989834], [0.23492752607489625, 0.27841430813514595, 0.22402805846144588, 0.26263010732851194], [0.22193614731306915, 0.2854919108802045, 0.2105568775825893, 0.2820150642241371], [0.2693676443179649, 0.307449792357689, 0.13014327242865176, 0.2930392908956945], [0.28816716052847885, 0.2690228575101855, 0.13788710958493078, 0.3049228723764051], [0.3142028808647682, 0.29626129908113474, 0.06734564809638183, 0.3221901719577151], [0.24471548298452608, 0.2637052814394005, 0.21789539780750275, 0.2736838377685709], [0.2567279470070219, 0.2161070619642389, 0.25236720192126194, 0.2747977891074774], [0.2236020051892364, 0.23533451382323095, 0.28556438229468456, 0.2554990986928479], [0.17097571091752906, 0.21581765894543634, 0.34318273649808245, 0.27002389363895224], [0.2756651310519013, 0.32816765414292604, 0.08747862298483085, 0.30868859182034175], [0.19863919225148952, 0.30647604757731883, 0.22693013125017616, 0.26795462892101546], [0.2638428922363899, 0.3047571669005932, 0.13207467119415425, 0.2993252696688626], [0.2548876578946864, 0.27784228296789937, 0.22341672704727153, 0.24385333209014265], [0.2507109075256076, 0.3298051889121551, 0.12413552085255287, 0.29534838270968433], [0.2619369516642085, 0.3045768471050236, 0.14009809249594712, 0.2933881087348206], [0.19535532405455713, 0.28064871286820253, 0.2772512758686697, 0.2467446872085706], [0.2226622797236224, 0.3352588307001646, 0.18566746849158672, 0.2564114210846265], [0.27550337482657944, 0.31425607719134724, 0.10476770387802255, 0.3054728441040503], [0.2670214483346439, 0.2888224788848317, 0.14274373567514145, 0.3014123371053831], [0.21982363433503374, 0.2692458040586289, 0.24477741896638744, 0.2661531426399498], [0.25127653664921495, 0.33211617694704937, 0.12944755512505335, 0.28715973127868216], [0.29190782514613733, 0.3053786783429621, 0.08626344322988301, 0.3164500532810177], [0.1805134182937627, 0.232478883689925, 0.33503856698580453, 0.25196913103050755], [0.2964378967389336, 0.2968206063338091, 0.08414771416716027, 0.32259378276009726], [0.29560846734371626, 0.31010549308670143, 0.05696167344533333, 0.3373243661242489], [0.2335317119953208, 0.2880977664826589, 0.19907335656454114, 0.27929716495747936], [0.28160879055572435, 0.27323277673960766, 0.14407898421271323, 0.30107944849195495], [0.21373419547424236, 0.311582650422085, 0.21849340875771212, 0.25618974534596084], [0.26800203816076906, 0.29770222241088684, 0.144839751286054, 0.28945598814229023], [0.2526591969503462, 0.2990060599255535, 0.15672163813172652, 0.291613104992374], [0.2563522383224674, 0.31609874837593394, 0.1465685033036949, 0.28098050999790375], [0.15949476345893338, 0.280667102076018, 0.3356227357246532, 0.22421539874039542], [0.11715425489536285, 0.2553037715851073, 0.4068781274078892, 0.22066384611164058], [0.2850653779019258, 0.2852254051453792, 0.11445478245756513, 0.31525443449512996], [0.20870387521624337, 0.3267135907972206, 0.18585510678963865, 0.27872742719689764], [0.32349105800227035, 0.28357897534761417, 0.0581371510947051, 0.33479281555541035], [0.16469637736417586, 0.29581358030987326, 0.2752646271191195, 0.2642254152068314], [0.2034642051250702, 0.3253597684317031, 0.20109982998240758, 0.27007619646081893], [0.2753705548772579, 0.3335791641187118, 0.08040488948307208, 0.3106453915209581], [0.2802870966571501, 0.29210523423251, 0.1435785720313902, 0.2840290970789494], [0.27227385401673526, 0.2876420970028778, 0.144766810711034, 0.29531723826935286], [0.2868761085648419, 0.31667696813512064, 0.06792196950007165, 0.32852495379996566], [0.23021064040466682, 0.283944022349504, 0.18698804540299932, 0.29885729184283], [0.2090281154620465, 0.3039086476931228, 0.21888956820800268, 0.2681736686368282], [0.27796589085192586, 0.2824175282712234, 0.15837991575303417, 0.2812366651238166], [0.18998427840504462, 0.2712460225610214, 0.2580162838397182, 0.28075341519421587], [0.19388686869317776, 0.26825172555158255, 0.27038977884484555, 0.2674716269103943], [0.24699637303313965, 0.2912072489733369, 0.1878964050197785, 0.2738999729737452], [0.2894216875426115, 0.28486321856402436, 0.11594036703447513, 0.30977472685888857], [0.27390518670945885, 0.27889570590404933, 0.15629340236001332, 0.2909057050264786], [0.17758643252812553, 0.24485365780863666, 0.3360040203739763, 0.2415558892892617], [0.2689293789613738, 0.29133824777299466, 0.1532193120343277, 0.2865130612313038], [0.21317995197309494, 0.2182917238919947, 0.29809538201925206, 0.2704329421156583], [0.26644178599953156, 0.31104448457787126, 0.1188593878442625, 0.30365434157833465], [0.20658629750849203, 0.2563604189896835, 0.2765830547809013, 0.2604702287209232], [0.27147912354005366, 0.2521471432268683, 0.17495638601133315, 0.30141734722174496], [0.29461794206605624, 0.26126042206637456, 0.15986770751091764, 0.28425392835665186], [0.21726841994685392, 0.32289255510045534, 0.22204890814770473, 0.23779011680498616], [0.2526400940496589, 0.2879952051398494, 0.1929048896159035, 0.26645981119458817], [0.2954977113224823, 0.3072448561219448, 0.07507216357778101, 0.32218526897779187], [0.2709266883056942, 0.2433487788139631, 0.208736771479358, 0.27698776140098463], [0.29904687209497954, 0.2896980676354854, 0.09243750192433228, 0.3188175583452026], [0.29270253451370654, 0.28426557559476223, 0.10559820317833661, 0.3174336867131946], [0.2837836385283946, 0.26747784735620644, 0.1484150887440092, 0.30032342537138945], [0.28254648521077075, 0.28229565454037653, 0.12884217659656283, 0.30631568365229006], [0.28187089643454616, 0.2872128410427432, 0.11926759589852212, 0.3116486666241886], [0.18016530181758128, 0.25237304586838427, 0.2855974085955584, 0.281864243718476], [0.2862898524046137, 0.29272289726013867, 0.11007938492780167, 0.31090786540744614], [0.22379906255191526, 0.32967520725649596, 0.16238218955256384, 0.2841435406390248], [0.3016361756618865, 0.27274128924439434, 0.1054471094762008, 0.3201754256175184], [0.2523072766710933, 0.26499784598868004, 0.19385477847518193, 0.28884009886504497], [0.29300868492558146, 0.3016384906001555, 0.08143219991010446, 0.32392062456415854], [0.25994398132178953, 0.3220365044464487, 0.12390536042113738, 0.2941141538106244], [0.21432031900389023, 0.25613194579814175, 0.2721180470287806, 0.25742968816918743], [0.16038073406295053, 0.22041216219869586, 0.3829710613498156, 0.23623604238853826], [0.2820599287568102, 0.3161309596421071, 0.08917316874668167, 0.3126359428544009], [0.2973634101494346, 0.23984304461856398, 0.148567780456769, 0.3142257647752324], [0.23329610457225566, 0.31428741994108433, 0.1897344483018625, 0.2626820271847974], [0.2094525293674363, 0.25909070073259766, 0.23733537099940594, 0.29412139890056016], [0.2294416598618655, 0.28770529485119517, 0.21134745480335598, 0.27150559048358336], [0.3137524759833831, 0.29088561913943606, 0.06514657812389868, 0.33021532675328225], [0.26864570276400507, 0.3110777590186058, 0.12847691356194207, 0.2917996246554472], [0.27943502209991405, 0.27193299423537265, 0.15628550308599362, 0.2923464805787197], [0.27067996617391343, 0.2935637757298101, 0.1330514210977475, 0.302704836998529], [0.28287176591514523, 0.33205117757348696, 0.06639680820622601, 0.318680248305142], [0.2683378504091566, 0.26876620774787946, 0.16497817687894067, 0.297917764964023], [0.28699051795105907, 0.27938346025252025, 0.12438663468002563, 0.3092393871163951], [0.2501403126405076, 0.30451194269900267, 0.1541936540027689, 0.29115409065772074], [0.2893816545520129, 0.2538653063922304, 0.14013266117233594, 0.3166203778834208]]}, "rewritten": {"ids": ["97105760", "97106770", "97106820", "97107040", "97108520", "97112290", "97112830", "98107210", "98108150", "98108410", "98110710", "98116500", "98117740", "99107640", "99107660", "99108460", "99109141", "99109311", "99111000", "99111620", "99112641", "99112840", "99114890", "99117630", "100109311", "100109360", "100111080", "100111380", "100120780", "101108080", "101108290", "101111620", "101112160", "101116130", "101119030", "101119591", "102110050", "102110500", "102110750", "102112170", "102112250", "102116500", "102121440", "102121700", "103110100", "103110840", "103113170", "103113610", "103117200", "104111880", "104111990", "104114320", "104117630", "104119340", "105112260", "105113480", "105116441", "105118171", "105118230", "105119950", "105120621", "106113830", "106116120", "106116370", "106116441", "106120290", "107113170", "107114200", "107114490", "107114621", "107116340", "107118490", "107118520", "107118780", "107118820", "107119130", "107119950", "108113480", "108113700", "108113760", "108114180", "108115870", "108115970", "108118301", "108118630", "109113281", "109113881", "109116750", "109117080", "109117630", "109118701", "109119010", "109119460", "109119591", "109120560", "109120621", "109121351", "110115710", "110116290", "110117110", "110118630", "110118701", "110118880", "110119891", "110121140", "111114321", "111116090", "111116100", "111116110", "111116990", "111119250", "111119430", "111119930", "111120220", "111121220", "112116640", "112117030", "112117471", "112117580", "112118550", "112118701", "112118880", "112119320", "112119980", "112120700", "112120990", "113118511", "113118630", "113118810", "113118820", "113118870", "113119340", "113119480", "113119930", "113119950", "113120070", "113121010", "113121410", "113121950", "113122160", "113122170", "113122510"], "labels": [0, 3, 1, 2, 2, 1, 2, 1, 0, 1, 2, 2, 2, 1, 3, 0, 3, 1, 2, 3, 1, 2, 2, 3, 1, 0, 0, 3, 1, 0, 0, 3, 3, 2, 3, 0, 3, 3, 1, 3, 0, 1, 2, 1, 1, 1, 3, 2, 0, 3, 2, 2, 0, 1, 3, 0, 1, 3, 1, 3, 1, 1, 1, 2, 0, 2, 0, 2, 3, 0, 3, 2, 2, 1, 3, 1, 3, 0, 0, 1, 1, 3, 2, 1, 1, 0, 0, 0, 1, 0, 3, 3, 1, 0, 1, 1, 0, 2, 2, 0, 1, 3, 0, 3, 3, 1, 3, 3, 3, 0, 1, 3, 1, 3, 3, 0, 2, 3, 0, 3, 0, 1, 1, 0, 2, 2, 1, 3, 3, 0, 0, 0, 3, 1, 0, 2, 2, 0, 3, 3, 1, 2], "predicted_labels": [3, 0, 0, 1, 1, 3, 1, 2, 1, 1, 1, 1, 3, 3, 0, 3, 0, 3, 2, 1, 0, 3, 1, 0, 3, 3, 3, 0, 3, 0, 3, 0, 3, 3, 0, 0, 3, 3, 1, 0, 0, 0, 1, 1, 0, 1, 1, 1, 3, 3, 3, 1, 0, 3, 3, 3, 0, 3, 1, 0, 3, 3, 3, 3, 0, 1, 0, 0, 3, 3, 0, 1, 1, 3, 3, 3, 3, 3, 0, 0, 3, 3, 3, 3, 3, 3, 1, 1, 1, 1, 3, 3, 3, 1, 1, 0, 3, 1, 0, 1, 3, 1, 1, 3, 1, 1, 0, 1, 3, 0, 1, 1, 0, 0, 3, 3, 3, 3, 3, 0, 3, 1, 2, 3, 1, 1, 1, 3, 3, 0, 3, 0, 0, 0, 0, 2, 1, 3, 0, 3, 1, 1], "confidence_scores": [[0.27598981439356624, 0.2562185281660728, 0.167651954653708, 0.3001397027866529], [0.26060909844162083, 0.24685523418618072, 0.2257622068837575, 0.26677346048844097], [0.29005808180100373, 0.26366219052996037, 0.13694864356180841, 0.3093310841072273], [0.20160593059873164, 0.2685119294241574, 0.275553266278148, 0.254328873698963], [0.24143032056935276, 0.32417469569997814, 0.17386324714058995, 0.2605317365900786], [0.2656027823071303, 0.2825902979562516, 0.1580242452633439, 0.2937826744732745], [0.2480010323804317, 0.2852722083578947, 0.20187964167129144, 0.2648471175903824], [0.21972641952017546, 0.24076991648047408, 0.2850513140806105, 0.25445234991874005], [0.24239288635272693, 0.3316628887930983, 0.132093530918939, 0.293850693935236], [0.26879742126653106, 0.31651158183685546, 0.11856187757438819, 0.2961291193222249], [0.24094680290092496, 0.30803780987878376, 0.17129599219236954, 0.2797193950279217], [0.26658219641624126, 0.2974054363873003, 0.13935183100166582, 0.2966605361947922], [0.21017729802917245, 0.26385133856350357, 0.24925870305231138, 0.2767126603550128], [0.2527592294778371, 0.2757567855079856, 0.16973452385494983, 0.3017494611592276], [0.2728607463976937, 0.2733878910040017, 0.1664664480633762, 0.2872849145349284], [0.2965619011319846, 0.2995133514755387, 0.08338650484449629, 0.32053824254798013], [0.2695450872309221, 0.29006666605098813, 0.14522075206183271, 0.2951674946562573], [0.23002034305781072, 0.25628298886453027, 0.24511916591419575, 0.2685775021634633], [0.1624221553464658, 0.2817050971577744, 0.3045824814433417, 0.2512902660524181], [0.20936271237830667, 0.30939782435971935, 0.21253542272361245, 0.2687040405383617], [0.28942736002581554, 0.27447458252372015, 0.12622366472676336, 0.30987439272370115], [0.23233208848023462, 0.2876997158366396, 0.1848455648090152, 0.2951226308741106], [0.19605250490911574, 0.32250919732243355, 0.22727512821884546, 0.2541631695496053], [0.28224201206263194, 0.2762668855041698, 0.14978589204767792, 0.2917052103855205], [0.2673222268939204, 0.27641849227442294, 0.15836216250318663, 0.2978971183284699], [0.22931469467081156, 0.23814170346013233, 0.2528425775539411, 0.2797010243151151], [0.2500501771840045, 0.28236403555624656, 0.17705287149698107, 0.2905329157627681], [0.2814500718566857, 0.3172007906731769, 0.08123279036208071, 0.3201163471080567], [0.26082275794400644, 0.2639186006057209, 0.17123455980042973, 0.30402408164984285], [0.28557518449225616, 0.28579352045704426, 0.117463791857527, 0.31116750319317266], [0.2945040054185962, 0.2614324885918939, 0.12473439925897954, 0.3193291067305303], [0.29333480794232364, 0.259637541029177, 0.13061297069459488, 0.31641468033390424], [0.18528988899730117, 0.2458776351061429, 0.29162144343628654, 0.27721103246026985], [0.23590835796678034, 0.23083590906648413, 0.25134243471698003, 0.2819132982497552], [0.2768878972172828, 0.29188879560770253, 0.1350201336727306, 0.29620317350228376], [0.2989588292783368, 0.24616777530148928, 0.14022781365900286, 0.31464558176117097], [0.2353549982018524, 0.2773843443849034, 0.1987762405259468, 0.28848441688729715], [0.2839783959786942, 0.26833845356845804, 0.14851547247886038, 0.2991676779739875], [0.19702468298109393, 0.34170156338262864, 0.23161687098261813, 0.2296568826536591], [0.267596273730315, 0.22780335574675292, 0.2187231583274321, 0.28587721219549983], [0.2717775502323685, 0.2326993335846894, 0.20267855493576847, 0.29284456124717356], [0.24352502793129982, 0.26288672682786574, 0.22562871742501042, 0.2679595278158241], [0.22979743467000227, 0.3040735081677016, 0.19181333738621426, 0.2743157197760822], [0.25979455638963755, 0.30101134597441404, 0.14635381158772168, 0.29284028604822626], [0.29008106190577987, 0.26181237049756073, 0.14813171820575732, 0.2999748493909017], [0.20683930749570037, 0.3169237047722434, 0.2190375328783948, 0.25719945485366136], [0.21750400013747892, 0.3184820807802216, 0.20032909638988664, 0.2636848226924129], [0.23574674045840427, 0.28828470392383343, 0.1993057448887153, 0.27666281072904686], [0.29565817790992127, 0.30523657987008423, 0.07196436214980631, 0.32714088007018827], [0.2508750987748698, 0.2679541938624539, 0.18272237036220654, 0.2984483370004698], [0.24538456685891435, 0.2509157878347172, 0.224821141222028, 0.2788785040843406], [0.24876131071188515, 0.28487758789715706, 0.21712253825682964, 0.2492385631341279], [0.2924331744154731, 0.2598363041411232, 0.16337374731640258, 0.2843567741270015], [0.2829825806792964, 0.2824463888536733, 0.1178424590218003, 0.3167285714452299], [0.23392006675613342, 0.30646120322481923, 0.1694159614501196, 0.29020276856892785], [0.27243026516462737, 0.2861935571179662, 0.13959018903473375, 0.3017859886826731], [0.27838313996603425, 0.2904305373689538, 0.12307554240121066, 0.30811078026380134], [0.28251041295186247, 0.28378179117925567, 0.12567023829805538, 0.3080375575708264], [0.2584914376438785, 0.3307209958610549, 0.1160473857123324, 0.2947401807827343], [0.2878007127145847, 0.2886264911964414, 0.1142137088715937, 0.30935908721738037], [0.31724539153979897, 0.2835219268260791, 0.06550727324950084, 0.33372540838462106], [0.2638433849897844, 0.26367280111728336, 0.1857852820233801, 0.2866985318695522], [0.23665865253449886, 0.321326477364644, 0.15214272838855034, 0.28987214171230663], [0.286551001604209, 0.22202786213207976, 0.1848525492186767, 0.3065685870450343], [0.2807856202441945, 0.3107263486299486, 0.1007873163868161, 0.30770071473904065], [0.2097281808424671, 0.31030682742827304, 0.2260468878580998, 0.25391810387115976], [0.2717081078668054, 0.2837296836362943, 0.14310502502349062, 0.30145718347340966], [0.2953628325609422, 0.3088290725011681, 0.07316972468562911, 0.3226383702522606], [0.29209225840414377, 0.2774955848448025, 0.11986375597367466, 0.31054840077737883], [0.2880892777684729, 0.289308864349158, 0.11260914483181533, 0.30999271305055354], [0.26778635885509694, 0.2858437229336256, 0.1483984744274941, 0.2979714437837834], [0.2673266518404145, 0.3110663447028659, 0.12950166997719484, 0.2921053334795249], [0.23941316321070608, 0.3353709612296535, 0.14300610417492576, 0.2822097713847148], [0.2724299934467864, 0.3095055904715558, 0.10919425000890598, 0.30887016607275164], [0.2787421782236733, 0.2856464604501937, 0.12065168765856953, 0.3149596736675635], [0.28582013965391545, 0.2986452273283908, 0.09374010709597144, 0.3217945259217223], [0.2630220728280423, 0.2969005623047028, 0.13702769510495755, 0.3030496697622974], [0.26701695605670095, 0.2783964256298955, 0.15396830025283223, 0.30061831806057127], [0.2822686162138579, 0.2931591687198028, 0.12865313089849983, 0.29591908416783946], [0.2610528431754457, 0.29797741584640225, 0.15685420879907433, 0.2841155321790774], [0.30131035121347116, 0.2854389773135831, 0.09918815983223883, 0.31406251164070703], [0.29292795445697944, 0.28445788202121824, 0.10485952822193108, 0.3177546352998713], [0.30156514160070286, 0.27039664902669025, 0.10520523448229457, 0.3228329748903126], [0.2916790831524893, 0.29584090860834483, 0.09249703415586853, 0.3199829740832975], [0.2567465826168779, 0.29641911925399406, 0.14206712447166772, 0.30476717365746064], [0.3098480965760661, 0.282927083847513, 0.07349937583400794, 0.3337254437424133], [0.26069961147793463, 0.30880593682860924, 0.134184897507753, 0.2963095541857032], [0.26394805094934637, 0.31872941090582735, 0.13798976313778336, 0.2793327750070427], [0.22107849508277302, 0.3607710887673829, 0.1408763819917088, 0.27727403415813556], [0.25935298262831163, 0.32199705068931433, 0.15331640976003283, 0.26533355692234123], [0.2728565005154426, 0.286950158019723, 0.13162402034248813, 0.30856932112234625], [0.23276962492497114, 0.28134518577495454, 0.20973665321629975, 0.27614853608377493], [0.2831841033345213, 0.29642506729940327, 0.10974480892196659, 0.310646020444109], [0.23938115000113744, 0.2737781364784999, 0.2251475646183527, 0.26169314890200995], [0.19170635213136802, 0.2889833996695139, 0.2533237984497103, 0.26598644974940766], [0.30057224624755785, 0.2968717058665848, 0.07826736387970107, 0.3242886840061564], [0.27556525110510727, 0.3017810622461718, 0.11898589886789408, 0.3036677877808269], [0.24241820313622758, 0.28161061111295, 0.20941198854771081, 0.26655919720311155], [0.24624242169830832, 0.25224752129424605, 0.24019193931077285, 0.26131811769667274], [0.21631767664496732, 0.2914285553416539, 0.22708028333806574, 0.26517348467531326], [0.2633930086143887, 0.3117913055511629, 0.12831415002156119, 0.29650153581288735], [0.21934415443033958, 0.2859372635346572, 0.24695828245085824, 0.24776029958414486], [0.26830554808865864, 0.35626337838642225, 0.06366907549137693, 0.31176199803354215], [0.2499860561468851, 0.32482689635095374, 0.12459975711228834, 0.3005872903898726], [0.2512931088145029, 0.297063891533499, 0.1747623742551425, 0.27688062539685543], [0.24066178304264418, 0.33474245124816937, 0.16597173521039096, 0.2586240304987956], [0.3041029670024336, 0.27897074305964487, 0.09151918396688292, 0.3254071059710385], [0.28419243462640265, 0.3144626977073134, 0.08567224917272177, 0.3156726184935621], [0.2779075426074589, 0.28580482269121676, 0.1308824469885944, 0.30540518771273], [0.2961033647008888, 0.2922394346716352, 0.09182861873238009, 0.31982858189509594], [0.19062739042418453, 0.3069538092162819, 0.23831039295160333, 0.26410840740793023], [0.20210109935812517, 0.3228579101163415, 0.21500012101564916, 0.2600408695098842], [0.2845633197134468, 0.28188129422666847, 0.14300552334282365, 0.2905498627170608], [0.29044291160580676, 0.30687663656738046, 0.07520262054380732, 0.3274778312830053], [0.3170303433226466, 0.29282169103516015, 0.05630343519157192, 0.33384453045062157], [0.29797222363702536, 0.2757903666431065, 0.10857000255720439, 0.3176674071626636], [0.2865966725847317, 0.2978086820633922, 0.10612642502670157, 0.30946822032517446], [0.2960773190707261, 0.290732108279685, 0.09530488569260405, 0.3178856869569848], [0.27777210942993263, 0.2786043875035499, 0.1374066885565078, 0.30621681451000965], [0.2846957176001299, 0.2877908989794649, 0.12133818507945011, 0.306175198340955], [0.2583172411175341, 0.30814201977653016, 0.13066838861561525, 0.3028723504903204], [0.20211216558238843, 0.27785898716790003, 0.2548417634913611, 0.26518708375835043], [0.12440284783662278, 0.3131411238689589, 0.3443828153923275, 0.21807321290209064], [0.2972685398702805, 0.28482253693610626, 0.1016623997583401, 0.31624652343527315], [0.19537626654452916, 0.2998594559633641, 0.23837901009792647, 0.26638526739418], [0.2529585567160708, 0.3409972292952488, 0.11155380194976397, 0.2944904120389163], [0.2454088536066728, 0.29536186471623993, 0.17565489025810851, 0.28357439141897883], [0.2692254559442043, 0.28981490943063515, 0.14973339503141553, 0.29122623959374505], [0.28014322218140986, 0.30405484848929004, 0.10719503406424909, 0.30860689526505103], [0.27393756049057383, 0.28656605368982935, 0.14120287406821203, 0.29829351175138463], [0.28169674714227566, 0.31001232119573374, 0.09587388774020567, 0.31241704392178465], [0.2914025427616483, 0.2995980058175468, 0.08174469223172133, 0.3272547591890836], [0.2917257278847476, 0.2794901048517902, 0.10442690336203259, 0.32435726390142955], [0.28103775771252865, 0.29847490520491976, 0.11800303272792131, 0.30248430435463003], [0.2947955906499956, 0.3037815517893241, 0.0773824468011958, 0.3240404107594848], [0.18228660714610836, 0.2431999197390476, 0.3342531382513477, 0.24026033486349632], [0.2632116706315677, 0.322241448693574, 0.1188500431279043, 0.29569683754695414], [0.31345775622616734, 0.28098144142755443, 0.08329271090112096, 0.3222680914451572], [0.2488395939444567, 0.27995199787251074, 0.19917270040915763, 0.27203570777387487], [0.19955941155266488, 0.2905476903508975, 0.2362460718192799, 0.27364682627715786], [0.1995905782475694, 0.2871220830660146, 0.24763403086870556, 0.2656533078177102], [0.2432732647538855, 0.2998616429855819, 0.19056062555485218, 0.26630446670568014]]}}