{"test": {"ids": ["112119120", "108120621", "107117010", "103111480", "106111321", "100109801", "110120640", "102117351", "103120340", "106119580", "100108520", "104111550", "113122510", "113120260", "105111990", "109116810", "106117790", "105114220", "103120290", "105115380", "97116401", "109118820", "98121790", "108113740", "107113180", "109114220", "110118181", "98110810", "99114890", "99112531", "103113101", "107121640", "100111270", "104112470", "101108580", "98108970", "108117451", "110119891", "101110200", "113121680", "103117200", "111121351", "113120601", "112120540", "107115140", "107121700", "109121351", "103113270", "100111390", "101111310", "104111531", "108115250", "111116170", "112116990", "100120010", "109114270", "106114880", "112120990", "100113370", "112116810", "112118820", "112116850", "111116040", "100110260", "100109311", "112118421", "101108621", "108120280", "112117431", "97106770", "100107920", "107116501", "101112201", "110120190", "111115620", "110121170", "101112690", "113118620", "98111620", "105112260", "99109161", "100111380", "103109021", "99107640", "109116040", "98107410", "106120290", "103111170", "109117600", "105113260", "111120320", "111120640", "102118380", "106117650", "112118471", "108121190", "106115240", "111120260", "107118820", "99111440", "113119700", "104113550", "105116441", "105116860", "99112641", "98106680", "111118301", "112119610", "110116441", "110114720", "100108080", "111116530", "99109860", "107114200", "105115250", "113121010", "110116170", "105113620", "97116800", "100109360", "110117080", "112120640", "104114410", "111117571", "110120560", "104116800", "110120531", "105117200", "113121810", "106116370", "110121720", "110116300", "113122120", "100108260", "107118120", "112117790", "104119290", "108115970", "102110240", "107114780", "109120150", "111117000"], "labels": [1, 1, 1, 0, 0, 0, 0, 1, 1, 3, 2, 1, 2, 3, 2, 3, 1, 3, 2, 1, 3, 3, 2, 3, 3, 3, 1, 1, 2, 3, 3, 1, 2, 1, 0, 3, 2, 3, 2, 1, 0, 0, 2, 3, 0, 3, 0, 2, 2, 3, 0, 1, 0, 0, 0, 3, 0, 2, 3, 3, 0, 0, 0, 3, 1, 3, 0, 3, 0, 3, 0, 1, 0, 3, 1, 2, 1, 3, 3, 3, 3, 3, 0, 1, 0, 3, 2, 2, 1, 3, 1, 0, 1, 1, 1, 1, 1, 3, 3, 3, 0, 1, 1, 2, 1, 1, 3, 0, 3, 3, 0, 3, 2, 2, 2, 2, 0, 0, 0, 0, 1, 0, 1, 3, 0, 1, 0, 3, 2, 2, 3, 3, 1, 3, 3, 3, 1, 2, 3, 2, 2, 0], "predicted_labels": [3, 1, 1, 1, 3, 3, 3, 1, 2, 1, 2, 2, 2, 0, 3, 3, 3, 0, 0, 2, 1, 0, 0, 0, 1, 0, 1, 2, 1, 0, 1, 1, 0, 1, 0, 1, 3, 1, 1, 1, 1, 0, 1, 1, 3, 1, 3, 2, 3, 2, 1, 3, 1, 3, 2, 3, 1, 1, 1, 2, 0, 3, 3, 0, 0, 3, 1, 3, 0, 2, 3, 0, 0, 3, 3, 3, 3, 1, 1, 3, 1, 3, 0, 1, 3, 0, 1, 0, 0, 1, 3, 3, 2, 1, 1, 1, 0, 3, 3, 0, 1, 0, 0, 0, 0, 2, 3, 1, 1, 1, 2, 3, 1, 1, 1, 1, 3, 1, 0, 3, 3, 0, 2, 1, 3, 3, 0, 1, 2, 0, 0, 1, 1, 1, 3, 3, 0, 1, 0, 1, 2, 1], "confidence_scores": [[0.12841920135874765, 0.10887118817665366, 0.017543572588682787, 0.745166037875916], [0.09298850047182884, 0.5167784614705023, 0.046783257403283644, 0.34344978065438514], [0.3340942063013936, 0.45796266884793035, 0.11285565889650538, 0.0950874659541707], [0.17399081314677164, 0.8073057028975066, 0.0011543013302289806, 0.017549182625492828], [0.19620312789634478, 0.1759770392091738, 0.006299030487229734, 0.6215208024072517], [0.05028759461656917, 0.39728724208075517, 0.02399625204880086, 0.5284289112538748], [0.03805121376799878, 0.0015647754500036943, 0.005997304917396986, 0.9543867058646005], [0.07573624619302242, 0.8029164120047747, 0.004694702814129174, 0.11665263898807382], [0.029080178383081304, 0.056183488616449305, 0.8497191258971555, 0.06501720710331388], [0.003097755454184513, 0.9547603515256162, 0.03823747265919737, 0.003904420361001983], [0.0076682097225957094, 0.006717181013321242, 0.8834109778992442, 0.10220363136483895], [0.05650424972476716, 0.05581527404782008, 0.8251573853819089, 0.06252309084550405], [0.011902226703324893, 0.08031771781875233, 0.5775416011020008, 0.3302384543759221], [0.5523168029344877, 0.030118710431377642, 0.18545881136276732, 0.23210567527136733], [0.0013050101633196335, 0.01138513493230913, 0.0044156208257433525, 0.982894234078628], [0.07843574204270046, 0.12305235476373387, 0.0018605999563829545, 0.7966513032371827], [0.23015402727413523, 0.07472145646854118, 0.13466485795081182, 0.5604596583065118], [0.8902706257943113, 0.009353726155494728, 0.07661666112617327, 0.023758986924020814], [0.5347537498688972, 0.19579457811823833, 0.08141688748289781, 0.18803478452996675], [0.04450520679022014, 0.3545610321954597, 0.5395095710508753, 0.061424189963444877], [0.008604090351033444, 0.9356461549205551, 0.04320864336889745, 0.012541111359514058], [0.568504057438015, 0.31328197421407583, 0.001348133312975416, 0.11686583503493388], [0.49107425024356643, 0.33432111918279966, 0.10776326644613202, 0.06684136412750191], [0.8881967240136586, 0.0018648195947064974, 0.00787154365544643, 0.10206691273618848], [0.0006843265335352044, 0.608865404629513, 0.11354081539249698, 0.27690945344445483], [0.9091175495251513, 0.019950544150169926, 0.0001519880419539527, 0.07077991828272481], [0.38882746497403115, 0.4025574544136535, 0.20846530247773387, 0.00014977813458159355], [0.007188668394670624, 0.006355340694028889, 0.985682322714753, 0.0007736681965475496], [0.0007482705474584145, 0.9303340031004868, 0.04220365331003592, 0.026714073042018924], [0.5967369438671822, 0.05420150357319083, 0.08541249720904581, 0.2636490553505812], [0.06290807059810587, 0.60550286215942, 0.243862837175903, 0.08772623006657118], [0.15871549536868582, 0.5754276704479548, 0.14648363642411677, 0.1193731977592426], [0.4487673258280617, 0.43840920628652585, 0.06675682500439684, 0.04606664288101562], [0.024372388205354513, 0.8800586856965811, 0.04539595248132557, 0.05017297361673883], [0.9796273747696357, 0.0005991921279270347, 0.012972564856810155, 0.006800868245627186], [0.002549574890387947, 0.852321171509163, 0.1423106008164722, 0.002818652783976856], [0.13708030336565954, 0.13327466523521633, 0.016376160306570353, 0.7132688710925538], [0.0948151281033958, 0.8859343422061294, 0.0008375251115772066, 0.018413004578897565], [0.013170181514976039, 0.858839029476618, 0.006755697765572061, 0.12123509124283388], [0.03828588809057134, 0.47898547530241037, 0.38674829979905073, 0.09598033680796744], [0.19613457548661226, 0.7796262633606231, 0.005949161266550485, 0.018289999886214218], [0.701267595916529, 0.28951956788683314, 0.0027685719798190875, 0.006444264216818697], [0.007253496375559714, 0.6337291335999502, 0.34578119876906793, 0.013236171255422138], [0.0018376790370458107, 0.9934326654450364, 0.0043726589739118684, 0.00035699654400576675], [0.12966576523856493, 0.017441395114796858, 0.02007256073682156, 0.8328202789098166], [0.17178474595381663, 0.6419910851070291, 0.08710568266841288, 0.09911848627074132], [0.23216755865620836, 0.13787098208489268, 0.11306355448901137, 0.5168979047698875], [0.032391931834996834, 0.132878702712773, 0.7488012926637253, 0.08592807278850485], [0.05771901852323534, 0.3264331855723637, 0.25239870124068714, 0.36344909466371383], [0.3176791379204498, 0.04730534588999203, 0.5833601980150236, 0.05165531817453456], [0.09517749623931061, 0.5091157390582955, 0.1797554158675055, 0.21595134883488837], [0.09437173379812822, 0.008562812995766654, 0.35896996257514213, 0.5380954906309631], [0.06889963237208149, 0.7594084005705739, 0.005888285025459843, 0.16580368203188467], [0.20334480326869478, 0.05337297817148554, 0.34601872268842926, 0.3972634958713905], [0.0991800341841437, 0.0389681892781116, 0.7394042325917948, 0.12244754394594981], [0.02875936015648349, 0.004025707695659802, 8.551290706622929e-05, 0.9671294192407904], [0.15153594355454586, 0.42680277769823843, 0.4161700702214215, 0.005491208525794236], [0.06510587389907171, 0.6752113914813204, 0.2591667878536545, 0.0005159467659535813], [0.2851405719844692, 0.44585878023844133, 0.17071324999414733, 0.09828739778294208], [0.44348133881755153, 0.01969181628570551, 0.5321067828815843, 0.0047200620151586145], [0.7366745246391345, 0.24423938367789644, 0.0023596906449400877, 0.016726401038029023], [0.00620675224164901, 0.2092166011141024, 0.0009051477736876536, 0.7836714988705609], [0.11095652758730337, 0.000977063062074396, 0.0031866142241346847, 0.8848797951264875], [0.8410987707655712, 0.019744560056641026, 0.0022092150780478894, 0.1369474540997401], [0.4814321790412093, 0.2772147981251058, 0.016626640473048352, 0.22472638236063652], [0.05960510633374397, 0.09983298147939787, 0.0003159774325929444, 0.8402459347542652], [0.35736260434690154, 0.622118753097872, 0.008559812703559442, 0.011958829851666995], [0.0038650852003188716, 0.00032911564617699396, 0.0021322968507023893, 0.9936735023028017], [0.9138832329755036, 0.06882598401779587, 0.0001241287340748304, 0.017166654272625773], [0.056613289102019924, 0.0012643152166816798, 0.9419267716118073, 0.0001956240694911907], [0.338536875963364, 0.0021311369009563504, 0.02770687830646067, 0.631625108829219], [0.4138566409090789, 0.33133307487377367, 0.01936877244612573, 0.23544151177102168], [0.6935362331668925, 0.2457240100420452, 0.006719893465526, 0.054019863325536405], [0.00023157554043897052, 0.17296115200076162, 0.004969279311160556, 0.8218379931476388], [0.31018380230331766, 0.20491460901208935, 0.11312074315718822, 0.3717808455274047], [0.020463267789708715, 0.02946877901163748, 0.017901781554163672, 0.9321661716444901], [0.4589055961229904, 0.023089169632075135, 0.034341209796439044, 0.48366402444849527], [0.03744126560000955, 0.9036829336911882, 0.0006388193018427078, 0.05823698140695941], [0.00022259001342684175, 0.6982646790605355, 0.29007236235246175, 0.011440368573576084], [0.003949629500423342, 0.16982623523085322, 0.00827689307431821, 0.8179472421944053], [0.13256560174759563, 0.8043770746813128, 0.0465873744105933, 0.01646994916049818], [0.3246458340008685, 0.007095668990260078, 0.23768587005188452, 0.43057262695698695], [0.5511615107128786, 0.002963207634037125, 0.11599366417886212, 0.3298816174742222], [0.21285248216068786, 0.44585945169147845, 0.2412147274480652, 0.10007333869976838], [0.030225130461722715, 0.32331764310134165, 0.005199436581653447, 0.6412577898552821], [0.9585348464518595, 0.001324932806343923, 0.001023188089684803, 0.03911703265211195], [0.014251078689979857, 0.9702548113352638, 0.0121340578211219, 0.003360052153634392], [0.7373724984569798, 0.12081146769686668, 0.1013124145806776, 0.0405036192654759], [0.7821560499854034, 0.10571352021519759, 0.036750043866871134, 0.07538038593252787], [0.0457459441525171, 0.7282281876824166, 0.07498363278236925, 0.15104223538269712], [0.23642077256696367, 0.2824240373107063, 0.14494511621682343, 0.3362100739055066], [0.15231616964692854, 0.38203496931044073, 0.06855647347396243, 0.3970923875686683], [0.02064901235380139, 0.10018349492150438, 0.8363320964326473, 0.04283539629204693], [0.3140394863310985, 0.41514282299424177, 0.2275984867624553, 0.043219203912204435], [0.06379107893451773, 0.8728976876547447, 0.05193945224337995, 0.011371781167357507], [0.009242311690695613, 0.5240902284514982, 0.2734091519683346, 0.19325830788947154], [0.7980562325652238, 0.18697889660235395, 0.007513023108037972, 0.007451847724384248], [0.39620518828736234, 0.1956752477875002, 0.0071254602588250214, 0.4009941036663124], [0.03822115757148247, 0.06344746519406957, 0.06540986439756093, 0.832921512836887], [0.5558277182993387, 0.09001946155087179, 0.008038479706170271, 0.34611434044361905], [0.18162988783086595, 0.47479037101532157, 0.12221971759828534, 0.22136002355552714], [0.8430764290589529, 0.021941069635371936, 0.006896105735219791, 0.1280863955704553], [0.6618517520450261, 0.32960823109612425, 0.003209830220822794, 0.005330186638026907], [0.5655252031103605, 0.3979682009857902, 0.034407171928777416, 0.0020994239750718783], [0.4888623820931081, 0.024165289499846, 0.27619265769882156, 0.21077967070822434], [0.015737329915168, 0.25282233942363247, 0.7217105645481622, 0.009729766113037289], [0.406309858266452, 0.03421222870338733, 0.1238644365911361, 0.43561347643902465], [7.34588714833231e-05, 0.9378728981473267, 0.04331085816981909, 0.018742784811370955], [0.013497056189216457, 0.6179746719693803, 0.03729957056852879, 0.3312287012728745], [0.014197188128516055, 0.7357783045679717, 0.066959064149389, 0.18306544315412318], [0.012206337769154803, 0.005381723693840836, 0.8625316448977164, 0.119880293639288], [0.02339141022997796, 0.19331381882679421, 0.0031524238430392, 0.7801423471001886], [0.021355230231411674, 0.7262485309509867, 0.23085153343052822, 0.021544705387073478], [0.09410208684893488, 0.8029176300869482, 0.002646841735720643, 0.10033344132839636], [0.1741632524336198, 0.4093705033463293, 0.11587065088375462, 0.30059559333629615], [0.005811644114814994, 0.8200869929624193, 0.1445628977074671, 0.02953846521529853], [0.30293468041902943, 0.03608302085416008, 0.08021492990828083, 0.5807673688185296], [0.0018018908559351524, 0.5246568851927986, 0.4503698484642181, 0.023171375487048233], [0.9639252720148597, 0.017529638343916975, 0.0047487844283859056, 0.013796305212837336], [0.391488867871064, 0.14402970123201814, 0.06400542209999939, 0.40047600879691836], [0.0014838839956948264, 0.01830939889524694, 0.0049103729548431235, 0.9752963441542152], [0.7336295546494424, 0.006063284075630606, 0.009122870658574806, 0.2511842906163522], [0.0027575761581574896, 0.07168384676539512, 0.8235498436782175, 0.10200873339822977], [0.02209072903174442, 0.7982720147796253, 0.008278255780551847, 0.17135900040807844], [0.006857299693098776, 0.033883674254654245, 0.0897664848888905, 0.8694925411633564], [0.18705859331521926, 0.12549905934766348, 0.006848414381993301, 0.6805939329551239], [0.895882437499131, 0.05989579546363663, 0.0017511040767550904, 0.042470662960477204], [0.03937327649526385, 0.6507733556590399, 0.023271226497908862, 0.2865821413477875], [0.10494315981788876, 0.1774117419119136, 0.46027553047732284, 0.2573695677928747], [0.8540455795951086, 0.0021208447210582957, 0.05890874340558209, 0.08492483227825097], [0.8000120559052504, 0.030486218170133358, 0.016240384122041734, 0.15326134180257464], [0.020558298275797603, 0.9511582788064538, 0.003981325350701265, 0.0243020975670473], [0.035365494550527156, 0.8880851934595406, 0.04930187549743768, 0.02724743649249451], [0.22644779109462393, 0.6783354186320653, 0.03762979479343145, 0.0575869954798794], [0.39111128878398255, 0.15842680163312065, 0.0008227783925268637, 0.44963913119037], [0.40839762305808125, 0.008602857562735418, 0.00035243886977952494, 0.5826470805094038], [0.5693631587214331, 0.0977377214389086, 0.1581079291804893, 0.17479119065916912], [0.010501883466380401, 0.757563768870156, 0.012326343439201394, 0.21960800422426233], [0.7692622680232598, 0.17123864565721478, 0.03212679075442588, 0.027372295565099597], [0.0009649943873465712, 0.9480415749335459, 0.03142032042876706, 0.019573110250340333], [0.005754105745484403, 0.08065710586225813, 0.9086370278625723, 0.004951760529685021], [0.13651271478782587, 0.7203166636447887, 0.03541535765384381, 0.10775526391354162]]}, "rewritten": {"ids": ["97106770", "97116401", "97116800", "98106680", "98107410", "98108970", "98110810", "98111620", "98121790", "99107640", "99109161", "99109860", "99111440", "99112531", "99112641", "99114890", "100107920", "100108080", "100108260", "100108520", "100109311", "100109360", "100109801", "100110260", "100111270", "100111380", "100111390", "100113370", "100120010", "101108580", "101108621", "101110200", "101111310", "101112201", "101112690", "102110240", "102117351", "102118380", "103109021", "103111170", "103111480", "103113101", "103113270", "103117200", "103120290", "103120340", "104111531", "104111550", "104112470", "104113550", "104114410", "104116800", "104119290", "105111990", "105112260", "105113260", "105113620", "105114220", "105115250", "105115380", "105116441", "105116860", "105117200", "106111321", "106114880", "106115240", "106116370", "106117650", "106117790", "106119580", "106120290", "107113180", "107114200", "107114780", "107115140", "107116501", "107117010", "107118120", "107118820", "107121640", "107121700", "108113740", "108115250", "108115970", "108117451", "108120280", "108120621", "108121190", "109114220", "109114270", "109116040", "109116810", "109117600", "109118820", "109120150", "109121351", "110114720", "110116170", "110116300", "110116441", "110117080", "110118181", "110119891", "110120190", "110120531", "110120560", "110120640", "110121170", "110121720", "111115620", "111116040", "111116170", "111116530", "111117000", "111117571", "111118301", "111120260", "111120320", "111120640", "111121351", "112116810", "112116850", "112116990", "112117431", "112117790", "112118421", "112118471", "112118820", "112119120", "112119610", "112120540", "112120640", "112120990", "113118620", "113119700", "113120260", "113120601", "113121010", "113121680", "113121810", "113122120", "113122510"], "labels": [3, 3, 0, 1, 3, 3, 1, 3, 2, 1, 3, 2, 3, 3, 1, 2, 0, 0, 3, 2, 1, 0, 0, 3, 2, 3, 2, 3, 0, 0, 0, 2, 3, 0, 1, 3, 1, 1, 0, 2, 0, 3, 2, 0, 2, 1, 0, 1, 1, 1, 1, 1, 1, 2, 3, 3, 0, 3, 2, 1, 1, 2, 3, 0, 0, 1, 2, 1, 1, 3, 2, 3, 2, 2, 0, 1, 1, 3, 3, 1, 3, 3, 1, 2, 2, 3, 1, 1, 3, 3, 0, 3, 1, 3, 2, 0, 3, 0, 3, 3, 1, 1, 3, 3, 0, 0, 0, 2, 3, 1, 0, 0, 3, 0, 3, 3, 3, 1, 0, 0, 3, 0, 0, 0, 3, 3, 1, 0, 1, 0, 3, 0, 2, 3, 0, 3, 2, 2, 1, 2, 1, 2], "predicted_labels": [2, 1, 0, 2, 0, 2, 2, 1, 0, 1, 3, 1, 0, 0, 1, 2, 1, 3, 1, 2, 3, 3, 1, 0, 0, 2, 1, 2, 2, 0, 1, 1, 1, 0, 2, 0, 3, 3, 3, 1, 1, 1, 2, 1, 3, 2, 1, 2, 1, 0, 2, 0, 0, 3, 3, 1, 1, 0, 3, 1, 2, 1, 3, 1, 1, 0, 0, 1, 1, 1, 1, 1, 1, 2, 3, 1, 0, 0, 3, 1, 1, 0, 3, 3, 1, 3, 1, 2, 0, 3, 3, 3, 0, 0, 2, 0, 3, 3, 1, 3, 3, 2, 1, 1, 0, 3, 3, 3, 0, 3, 3, 3, 3, 3, 3, 1, 1, 2, 3, 0, 2, 3, 3, 1, 3, 3, 1, 1, 3, 2, 1, 0, 1, 3, 0, 1, 1, 1, 2, 3, 1, 2], "confidence_scores": [[0.06456516593602603, 0.024874991248438266, 0.9058380192355855, 0.0047218235799501174], [0.008722348407669575, 0.9542224091914803, 0.02338619456731005, 0.01366904783353997], [0.7942523910180883, 0.042554816176419846, 0.008544355539349879, 0.1546484372661421], [0.0683429855891459, 0.40470046599652176, 0.5044746882903887, 0.02248186012394366], [0.9840778012914808, 0.0007385236538196637, 0.0014386746313860322, 0.013745000423313449], [0.014127109349248275, 0.30148039847853936, 0.679032695599641, 0.005359796572571329], [0.000270328197693458, 0.0009276477527289787, 0.9987432486839296, 5.8775365647898704e-05], [2.8283373852380843e-05, 0.7564632049613682, 0.24259149268738672, 0.0009170189773927481], [0.5991631981879633, 0.14411160602325035, 0.12416639310951626, 0.13255880267927028], [0.07634875967847186, 0.8812294708316784, 0.01850441348813542, 0.023917356001714324], [0.14061930553132299, 0.31148915124367826, 0.15846399323426916, 0.38942754999072954], [0.002297771305531677, 0.801706388454768, 0.09022578967622262, 0.10577005056347785], [0.3533157034558412, 0.3447157989572616, 0.004955434106922933, 0.29701306347997425], [0.6355759640739084, 0.00984542334172075, 0.008219718227543069, 0.34635889435682776], [0.11974796407950418, 0.7893389551263646, 0.03775884363660287, 0.0531542371575282], [0.0003096969193089927, 0.32807273841067947, 0.4908044295344636, 0.18081313513554795], [0.04401643953065242, 0.5614453846250982, 0.002354458298785202, 0.3921837175454641], [0.008836858792928674, 0.14063481939808395, 0.24638591589272701, 0.6041424059162602], [0.07736986654533586, 0.9212975498152015, 0.000200290577381836, 0.0011322930620807194], [0.018767032217338827, 0.009630667806204928, 0.8492916018904858, 0.1223106980859704], [0.14016632592007755, 0.008268934156508105, 0.0058004970981981666, 0.8457642428252162], [0.08852595867486855, 0.052804644289967236, 0.1292847720470942, 0.72938462498807], [0.047838749263603056, 0.6203972253630384, 0.11530396252857725, 0.2164600628447813], [0.9561597011692073, 0.02000860733311715, 0.005146393040886986, 0.01868529845678865], [0.47716406934919303, 0.19569028076610345, 0.28610904145860844, 0.041036608426095036], [0.09838379791592317, 0.0050140727543237515, 0.6165075548657066, 0.2800945744640465], [0.10237446706442294, 0.4552243758193846, 0.04821941093345225, 0.39418174618274027], [0.20219359433463013, 0.14778870759353296, 0.5288843055472328, 0.12113339252460421], [0.0614472460264204, 0.03445581771233873, 0.7750795568142164, 0.12901737944702457], [0.9331867507440131, 0.0009993041476675044, 0.00887028897969803, 0.05694365612862123], [0.05500316192326879, 0.9327382605215339, 0.002603392866231292, 0.00965518468896605], [0.02340172697824289, 0.7533683923737485, 0.0015036602930613562, 0.22172622035494718], [0.026335772721990218, 0.5649420423949447, 0.3614087304831869, 0.04731345439987822], [0.7233508106394922, 0.20457377863060078, 0.00664161464866943, 0.0654337960812375], [0.33548504006967106, 0.10263682786732424, 0.34221826942837097, 0.21965986263463377], [0.9653658479763527, 0.009549570470219664, 0.011062353345725284, 0.01402222820770222], [0.04701221693968112, 0.4295353233654861, 0.016916059005522396, 0.5065364006893104], [0.08370360008208348, 0.040782140211573586, 0.26536993375131523, 0.6101443259550277], [0.04638245801435094, 0.00038462825850775316, 0.017991015335062022, 0.9352418983920793], [0.10659598294392703, 0.8012779961458013, 0.02132921371451677, 0.07079680719575487], [0.00959697534749766, 0.9589983641030332, 0.00089691935550999, 0.030507741193959194], [0.04000280567244777, 0.8809034138150303, 0.043248326224433954, 0.035845454288087816], [0.09208257545271928, 0.08254849962174753, 0.644169346854476, 0.18119957807105708], [0.01470547086431667, 0.9805543991750232, 0.0022924585491726547, 0.0024476714114875704], [0.37589672863398604, 0.10585463349134387, 0.012594627254382932, 0.5056540106202871], [0.008286814908742638, 0.024610414639249498, 0.8694889633046305, 0.09761380714737722], [0.05765431091824827, 0.48623353109780676, 0.33926674212251323, 0.11684541586143168], [0.21018229765609478, 0.054431020105825074, 0.4071572501068999, 0.32822943213118017], [0.15022857619763555, 0.5810339020337664, 0.16578340274238187, 0.10295411902621618], [0.7559912490285796, 0.01572185300927256, 0.011469200493465729, 0.21681769746868224], [0.06277198632881577, 0.054141265554959815, 0.5934181268008781, 0.2896686213153463], [0.8807179032520193, 0.0004015013144131734, 0.0009202037356648053, 0.11796039169790264], [0.4119358406036087, 0.14031649368159768, 0.3292100599399347, 0.11853760577485899], [0.012715869972005425, 0.027843748716633757, 0.001564143334693289, 0.9578762379766674], [0.006855065156581648, 0.22680876031419103, 0.01028060362083271, 0.7560555709083946], [0.373394169230277, 0.5796240599162557, 0.02584204657536941, 0.021139724278098057], [0.0013599176615405773, 0.6726618524539502, 0.3244284699858833, 0.0015497598986260633], [0.940673534283627, 0.004311642282610559, 0.0337460487576672, 0.021268774676095233], [0.0040656456670157826, 0.2157524557165175, 0.025817446910461266, 0.7543644517060053], [0.006915929836126904, 0.7579318183852364, 0.10922142099924133, 0.12593083077939535], [0.009856833087069142, 0.2154179655072311, 0.4159299117864758, 0.35879528961922386], [0.1581448683751522, 0.8350254876391605, 0.0038458381125180004, 0.002983805873169283], [0.07501561554335988, 0.2884870324908321, 0.01057912086233285, 0.6259182311034751], [0.028649882400838905, 0.9072132937155397, 0.005342969327530874, 0.05879385455609043], [0.09899700246876715, 0.774173842106505, 0.1152741869742778, 0.01155496845044998], [0.6391016389896877, 0.1874196058584899, 0.043625709535496354, 0.12985304561632594], [0.9322841272681865, 0.0003265372715044647, 0.010879611536960465, 0.056509723923348465], [0.30910359198450404, 0.5387803939404561, 0.08640289504136948, 0.06571311903367046], [0.015195958661513458, 0.4546910310628593, 0.07851212167791063, 0.4516008885977167], [0.0011602981922756615, 0.9918947475058172, 0.00514972851414747, 0.0017952257877596875], [0.010563261226266293, 0.9286452581492773, 0.032396132631945435, 0.028395347992510915], [0.0019937771422772125, 0.8487778792711838, 0.013351063711686083, 0.13587727987485293], [0.025368619762273087, 0.9504363090755473, 0.007285873759065609, 0.016909197403113998], [0.0002729292221704542, 0.2448046831099525, 0.7406514748261095, 0.014270912841767465], [0.10934874741802596, 0.019604912979348296, 0.003930041550703095, 0.8671162980519226], [0.10410705487541662, 0.6168165485787738, 0.01970887125040012, 0.2593675252954095], [0.4566327220373629, 0.44794754367527045, 0.06287913383526063, 0.03254060045210611], [0.5544748688866842, 0.2784870894086262, 0.003728311485129525, 0.16330973021956002], [0.0025977385341856432, 0.020760538905498917, 0.02910360324885561, 0.9475381193114598], [0.01179897817021681, 0.6348335549708044, 0.23323941205442092, 0.1201280548045579], [0.11170804583391036, 0.4512170980875046, 0.21526881193515565, 0.22180604414342944], [0.7465977292864795, 0.005197286827742461, 0.03780829541779, 0.21039668846798812], [0.1924042572508151, 0.002042510671638065, 0.17779352438338503, 0.6277597076941619], [0.0032210362593726497, 0.06424114326900782, 0.01646519409261421, 0.9160726263790053], [0.049841189570525544, 0.6318290359253319, 0.01706808896106259, 0.3012616855430801], [0.005564946925344748, 0.00046117446747833286, 0.0014718649620291055, 0.9925020136451477], [0.08575453060083682, 0.48118118127905074, 0.01957714679854965, 0.41348714132156295], [0.007743777703021283, 0.06800498577272449, 0.8827940032470145, 0.0414572332772398], [0.9275926887611791, 0.0042719982278768345, 0.0003413981297613465, 0.06779391488118272], [0.01944945763187362, 0.009695427965001419, 0.00021365561336447045, 0.9706414587897606], [0.038285530636460924, 0.09787468691785589, 0.005963624096610693, 0.8578761583490726], [0.033996900483465674, 0.044251649460778315, 0.0009777782592884068, 0.9207736717964675], [0.6335310222784347, 0.29459603193750306, 0.01668929174481845, 0.05518365403924383], [0.9767364156812615, 0.008386388849897604, 0.0016519524457683059, 0.01322524302307258], [0.010136786928536009, 0.14946910890548434, 0.8113153638434905, 0.029078740322489263], [0.41860459793209437, 0.29813751524868803, 0.06968253211767579, 0.21357535470154176], [0.006882558911887046, 0.0035824464606636357, 0.059956564905246736, 0.9295784297222025], [0.24264585328660312, 0.0245825367958774, 0.1449514975194996, 0.5878201123980198], [0.051784394245591545, 0.8129483119032002, 0.003546410322625506, 0.13172088352858288], [0.00013923563629767813, 0.2020658817926331, 0.0019357085467702467, 0.795859174024299], [0.005722988528882078, 0.08682729894138283, 0.1039209148140689, 0.8035287977156662], [0.09443428419512159, 0.27231151063866316, 0.6225996297633039, 0.010654575402911322], [0.014781141780256083, 0.9818621001072423, 0.00012740691936000454, 0.0032293511931418334], [0.004604773657469241, 0.4546157940213037, 0.08832929119683885, 0.4524501411243882], [0.9907382499822797, 0.005312587463712802, 0.0018256682055225492, 0.0021234943484849003], [0.025854738424968673, 0.011758883469531816, 0.45730265388967606, 0.5050837242158235], [0.008372487913800736, 0.003821056824767296, 0.009269561120940772, 0.9785368941404913], [0.0010530510133734598, 0.0017100244925308229, 0.004596514896948907, 0.9926404095971467], [0.7841298169157689, 0.06138113248710611, 0.07538212849685678, 0.07910692210026835], [0.007816931403240857, 0.2254643602260002, 0.006095406303102261, 0.7606233020676567], [0.10253199344918174, 0.0031622544532043787, 0.0028510950320938615, 0.8914546570655201], [0.10607697293891383, 0.30273018029099963, 0.02162078021309225, 0.5695720665569942], [0.0992259827791395, 0.04024581320248443, 0.0015570721089653674, 0.8589711319094107], [0.009319909791159955, 0.043833630808998665, 0.009693828595964155, 0.9371526308038773], [0.024762083941661427, 0.2773968906054468, 0.24390253291615654, 0.4539384925367352], [0.2703797967430641, 0.6360635265313643, 0.039870333562418495, 0.053686343163153176], [0.004170181182693094, 0.7911038795595642, 0.001499268638960896, 0.20322667061878172], [0.002732085043743013, 0.0037785110021758637, 0.8924329406403482, 0.10105646331373297], [0.008041873407667757, 0.18294472134318515, 0.037981895743862765, 0.7710315095052843], [0.8368276035270302, 0.15724869788745693, 0.002888246771302827, 0.003035451814210098], [0.1364765936620699, 0.16410188248014743, 0.6629503006014225, 0.03647122325636025], [0.0014918026441683174, 0.01586065103797323, 0.00010293362236136778, 0.9825446126954971], [0.25773460395579834, 0.028310521616953063, 0.13430964186632582, 0.5796452325609227], [5.103576776063344e-05, 0.9770456368379877, 9.394051508925789e-05, 0.022809386879162515], [0.24783338841120556, 0.004457955128502302, 0.00043205168944385067, 0.7472766047708482], [0.0029986022233675857, 0.034031466753970695, 0.0006288230688625445, 0.9623411079537991], [0.2139010332785294, 0.7196388755901937, 0.06614955075078684, 0.0003105403804900191], [0.12567787532622748, 0.5974918814997385, 0.07007271829741284, 0.20675752487662113], [0.0008283096609350455, 0.0005127281797053283, 0.0020067708842660564, 0.9966521912750935], [0.00012004827270982339, 0.2114585490106095, 0.7793773980559064, 0.009044004660774234], [0.06299015080037958, 0.8310800556743052, 0.00922563863375083, 0.09670415489156438], [0.49636257766802566, 0.02998009862573643, 0.040907388536056764, 0.43274993517018123], [0.005116665737035379, 0.9740238132046012, 0.020752478649400857, 0.00010704240896265782], [0.027346928175626922, 0.01725466944523003, 0.0006780625107045122, 0.9547203398684386], [0.8013438512938132, 0.09579134058879328, 0.10132780450190398, 0.00153700361548956], [0.28480450965175774, 0.5064344348385736, 0.15944164328762359, 0.04931941222204499], [0.045889480905446096, 0.7653827908546031, 0.12062713997587758, 0.06810058826407316], [0.00016664298789042733, 0.8414336958298998, 0.0312591682266846, 0.12714049295552537], [0.00596797020142822, 0.02238418791411125, 0.8501975695397217, 0.12145027234473893], [0.012568392446160415, 0.0518707643425914, 0.09648623104249857, 0.8390746121687497], [0.0005569934490978752, 0.9975888054631737, 0.001436193531406843, 0.00041800755632162334], [0.0024191084501789337, 0.008830565963461854, 0.7238299160874401, 0.2649204094989191]]}}