{"test": {"ids": ["113119300", "109114720", "107113180", "101119030", "106115250", "108116120", "98110810", "110121500", "110114720", "99108580", "113122320", "102110850", "112118530", "105116501", "107118120", "105116860", "100107920", "108115970", "107117630", "109120150", "99117630", "111119930", "107114621", "100113210", "110120531", "113119450", "103120531", "103111110", "104111780", "104112201", "98111670", "108120260", "113121950", "111120280", "111117480", "102111990", "105117431", "108118291", "99112300", "113121190", "110114950", "108115880", "103110760", "103113270", "101109120", "108118520", "113121750", "111118820", "112116501", "105112100", "110114610", "99108890", "100108520", "102110750", "110116170", "108117720", "105119550", "111120591", "110115580", "99108710", "106113360", "97110950", "98107410", "111116170", "99120010", "106119260", "101109370", "105112240", "98109311", "103111170", "112121030", "105116090", "110117110", "105112260", "112119950", "110121450", "108113480", "106115120", "112120990", "101108580", "109119340", "101114020", "110118450", "99109141", "99116500", "108118810", "101111990", "97107681", "103109641", "110118810", "112118161", "107116501", "110114651", "109116040", "108116501", "111116090", "108118301", "108120700", "113117550", "110117500", "109117730", "110118930", "105110251", "107114200", "110115120", "103111620", "99117740", "97106000", "108119550", "110119891", "108117360", "113120751", "99112641", "107114280", "105113330", "111121930", "113119120", "99112531", "104114410", "99110050", "104113210", "108121351", "103113610", "112120270", "105115380", "113122510", "107114140", "112118860", "105113620", "111116640", "110115980", "104119290", "97112290", "112118890", "100120780", "102112030", "111120531", "99108520", "99109161", "111115770", "113122220", "107118780"], "labels": [1, 0, 3, 3, 2, 1, 1, 3, 3, 0, 1, 3, 1, 1, 3, 2, 0, 2, 0, 2, 3, 1, 0, 0, 0, 3, 3, 3, 3, 0, 1, 1, 3, 0, 1, 2, 1, 3, 0, 1, 0, 3, 1, 2, 1, 0, 0, 0, 3, 1, 1, 0, 2, 1, 0, 1, 1, 1, 1, 2, 0, 3, 3, 0, 2, 1, 1, 1, 1, 2, 0, 1, 0, 3, 0, 3, 0, 1, 2, 0, 3, 3, 0, 3, 2, 1, 2, 3, 1, 1, 0, 1, 3, 0, 0, 3, 1, 2, 3, 1, 3, 1, 0, 2, 0, 0, 2, 0, 1, 3, 1, 1, 1, 3, 3, 1, 3, 3, 1, 3, 3, 3, 2, 0, 1, 2, 2, 3, 0, 0, 1, 1, 1, 3, 1, 2, 0, 2, 3, 3, 1, 1], "predicted_labels": [1, 2, 1, 1, 2, 0, 1, 1, 2, 0, 3, 2, 3, 0, 0, 3, 1, 1, 2, 3, 3, 2, 1, 3, 3, 3, 0, 3, 0, 3, 3, 0, 3, 3, 3, 3, 3, 0, 3, 1, 1, 1, 3, 2, 3, 3, 3, 0, 1, 3, 2, 1, 3, 1, 3, 3, 1, 3, 0, 1, 1, 1, 0, 3, 2, 3, 3, 0, 0, 1, 1, 3, 2, 3, 0, 0, 0, 0, 1, 0, 2, 3, 3, 2, 1, 3, 3, 2, 1, 1, 3, 3, 3, 1, 3, 0, 0, 3, 3, 3, 1, 1, 3, 3, 1, 1, 1, 3, 2, 3, 2, 1, 0, 3, 3, 0, 3, 0, 0, 2, 1, 0, 2, 1, 3, 1, 2, 3, 3, 0, 3, 3, 0, 3, 3, 1, 1, 3, 0, 0, 1, 1], "confidence_scores": [[0.2387445087208069, 0.3315335735475869, 0.12451648768399429, 0.30520543004761197], [0.09820516705636763, 0.3118375543829103, 0.32888949566874315, 0.26106778289197907], [0.22420696613393426, 0.3394499095212146, 0.2601156486440445, 0.1762274757008066], [0.21824145044027135, 0.4407100734186263, 0.1294904637524061, 0.2115580123886962], [0.24616636443759976, 0.23032490774714884, 0.27648421642213283, 0.2470245113931187], [0.34397427514606116, 0.2853021643380131, 0.10541021972133431, 0.26531334079459157], [0.27866209829504135, 0.28790025500241706, 0.18763904367483705, 0.24579860302770454], [0.24910183817815187, 0.45590689184148026, 0.06304261956604802, 0.23194865041431992], [0.07562490998497698, 0.13002642337698317, 0.6425498655449488, 0.15179880109309102], [0.3157840260070734, 0.18860775642471314, 0.3047887020264592, 0.19081951554175433], [0.27864695592521177, 0.19140822113544412, 0.118409272978547, 0.4115355499607971], [0.17517213347021837, 0.2926478676289766, 0.32572870888476296, 0.2064512900160421], [0.13273253071981317, 0.30195505706693887, 0.08459663788886772, 0.4807157743243801], [0.3563662289325295, 0.2530826245998854, 0.11635335823101565, 0.2741977882365695], [0.3524122852735506, 0.19421986591367327, 0.18602492775503518, 0.26734292105774093], [0.07435526022065328, 0.18640687499421385, 0.060732622846370474, 0.6785052419387623], [0.18119016571310814, 0.372133102110489, 0.09952954627696511, 0.347147185899438], [0.20932245875179828, 0.4115858871291886, 0.10015900873848022, 0.27893264538053286], [0.22272009204246634, 0.16588361868635135, 0.3060539184136919, 0.3053423708574903], [0.22342127816292146, 0.2677223748034073, 0.186619514364894, 0.32223683266877723], [0.12516429142993607, 0.13106350212087228, 0.12218976740531347, 0.6215824390438783], [0.11578946077623899, 0.22052915765825828, 0.35894811004395716, 0.3047332715215455], [0.24145703526504525, 0.34033629122407894, 0.1511744374115368, 0.2670322360993391], [0.2923143051374926, 0.2613560097920909, 0.1250685868695115, 0.32126109820090515], [0.15491173848863624, 0.2021832691748199, 0.10316218436813361, 0.5397428079684102], [0.27095828065235394, 0.1617470720497033, 0.15501167272880537, 0.4122829745691374], [0.42939868256718833, 0.19245201011465454, 0.14663619760553004, 0.23151310971262704], [0.14897136047783843, 0.19441553003542572, 0.11221551780949096, 0.544397591677245], [0.3604588388903122, 0.21629209070597125, 0.12555629487940517, 0.2976927755243114], [0.1784539766662191, 0.17678757974562467, 0.31227364523310236, 0.33248479835505407], [0.20802004990867035, 0.22130832911452805, 0.22267344049775667, 0.3479981804790449], [0.3530974979487989, 0.3036814530584433, 0.16439328092427824, 0.1788277680684795], [0.22017565608932899, 0.22532721107096776, 0.1564737008627641, 0.3980234319769391], [0.26742487553985644, 0.2654242762288064, 0.13673672312745017, 0.3304141251038872], [0.19941235665154952, 0.26923635778374366, 0.08798910188864494, 0.4433621836760616], [0.2530565627976684, 0.1803367026283201, 0.12806085831692998, 0.4385458762570818], [0.10759567392407203, 0.34107698230616146, 0.10416136055431595, 0.44716598321545054], [0.45980678515280193, 0.3402233898137374, 0.07414923450654204, 0.1258205905269185], [0.1874859635013455, 0.24770576364723673, 0.12984644371179035, 0.4349618291396274], [0.2572813219649261, 0.3056490312194403, 0.1778673351412858, 0.2592023116743479], [0.29843689176980537, 0.30062180398519944, 0.18870461961509905, 0.21223668462989637], [0.26200034319069937, 0.36682504094698815, 0.15291558537614391, 0.2182590304861686], [0.290821129584959, 0.2423688033656009, 0.07787382334634321, 0.38893624370309693], [0.1884407144277406, 0.265888945093737, 0.34037682737404584, 0.20529351310447644], [0.2944277837537387, 0.2616427786541227, 0.14016171628842755, 0.303767721303711], [0.1777113969735892, 0.16671615173513246, 0.25908940866305585, 0.3964830426282224], [0.24986447022422043, 0.21168185056561353, 0.2428177909069894, 0.29563588830317666], [0.38772985171337954, 0.1886839004850292, 0.14812498158208834, 0.2754612662195031], [0.306228044936194, 0.3170334835379091, 0.14323093554669075, 0.23350753597920626], [0.24642289700751302, 0.2006249952103395, 0.2631733777198898, 0.2897787300622576], [0.20794315144893494, 0.1649168138947485, 0.4013993605649858, 0.2257406740913308], [0.17147378240231428, 0.41506595206149854, 0.22550722539944917, 0.18795304013673803], [0.3012862282183552, 0.181516391301096, 0.15184512174640494, 0.36535225873414384], [0.11701190356055524, 0.355950602068629, 0.23185983159941959, 0.2951776627713963], [0.17473506814073791, 0.29972442588869735, 0.18958455908295216, 0.3359559468876125], [0.21327332967664736, 0.3202300559723354, 0.11032639384594807, 0.3561702205050693], [0.2992171296370903, 0.30324008995442986, 0.10876845697706207, 0.2887743234314177], [0.22874033016154988, 0.17795819548615244, 0.14704229460670312, 0.44625917974559476], [0.5380906086185125, 0.1422712412373242, 0.09790593785464093, 0.22173221228952233], [0.30583182350970395, 0.31137023171560707, 0.17713914984273865, 0.2056587949319505], [0.22329209117788984, 0.3643478335502227, 0.12683422635132913, 0.28552584892055854], [0.16323345471534184, 0.3820260044946907, 0.1532375349203563, 0.30150300586961126], [0.31059438441883774, 0.21519612435206598, 0.29518127609553385, 0.1790282151335625], [0.2194496989758034, 0.3025263695270323, 0.12659464860218447, 0.3514292828949796], [0.18528244217261328, 0.3029965997537267, 0.3088620063335011, 0.20285895174015892], [0.2586844119868248, 0.1528684546186291, 0.2740702014314609, 0.3143769319630852], [0.2191775473002863, 0.27590433362268857, 0.16956431277920703, 0.3353538062978183], [0.28571202605720064, 0.2819708617134795, 0.25950011529762257, 0.17281699693169741], [0.3615022024131643, 0.15714453135798, 0.12241977447833594, 0.35893349175051986], [0.21614777899610188, 0.31847364165459385, 0.19271091271632182, 0.27266766663298253], [0.2626144436139373, 0.3345988447558794, 0.21696000849003774, 0.18582670314014546], [0.1684350779454612, 0.18539557432788462, 0.14940687754721138, 0.49676247017944286], [0.18318115071474078, 0.28462016639122734, 0.33773936176454933, 0.19445932112948258], [0.1802918422896411, 0.17705953916100609, 0.12456428324404867, 0.5180843353053041], [0.3823225725700231, 0.3636394675300691, 0.1005624781869059, 0.15347548171300193], [0.35899610812093463, 0.3146056174521254, 0.10012058660684507, 0.22627768782009494], [0.4185691681501513, 0.22928646086983664, 0.1264726621426266, 0.22567170883738552], [0.3721141810085407, 0.324682696567637, 0.12943535665173833, 0.1737677657720839], [0.18586380959400803, 0.4332027340373077, 0.20884122806195227, 0.1720922283067321], [0.3149710986802101, 0.1884986421567025, 0.3006924966978253, 0.1958377624652622], [0.20478192311179852, 0.24632033481734766, 0.2900931779784052, 0.2588045640924486], [0.2287055117311851, 0.2231364681956505, 0.1641816217595202, 0.38397639831364433], [0.1968499381619084, 0.2278845720005476, 0.16116985743104476, 0.4140956324064992], [0.1766342897711933, 0.21333368188197083, 0.4721437003288456, 0.13788832801799017], [0.12991636122866476, 0.3935625066737516, 0.2009102621735556, 0.2756108699240283], [0.20480038697696545, 0.23196605533611478, 0.10735129611020917, 0.4558822615767106], [0.13515242605824426, 0.2529449675329824, 0.2638444456190665, 0.3480581607897067], [0.2596927415142301, 0.17435266754529022, 0.37916023801400445, 0.1867943529264752], [0.24691108634871506, 0.2946477082242151, 0.20187085300222102, 0.256570352424849], [0.24359930339041058, 0.3708050066017601, 0.15819009262569933, 0.22740559738213006], [0.2854726629307335, 0.2568336045059341, 0.15949670040117123, 0.2981970321621612], [0.29323084111714, 0.25204828856351574, 0.11715139430416956, 0.3375694760151746], [0.21491147804821564, 0.19466726861131944, 0.16069655536731803, 0.42972469797314694], [0.25529990355850574, 0.31350544299386945, 0.1198211934685383, 0.3113734599790866], [0.14842014841211387, 0.3428401438683243, 0.1333960399924352, 0.3753436677271265], [0.4227233892228089, 0.33504599381611344, 0.075970165852932, 0.1662604511081459], [0.360282556361917, 0.30076188267242276, 0.09857123031437535, 0.24038433065128487], [0.3311740248110539, 0.2149716114484878, 0.08347319678912198, 0.3703811669513363], [0.24848864000240767, 0.25287404601731966, 0.2331999584027316, 0.2654373555775411], [0.22773469938972565, 0.1931866228087089, 0.1694549860498132, 0.4096236917517522], [0.1685278489165963, 0.3553965734419208, 0.1313639884970286, 0.34471158914445427], [0.27977415318489096, 0.3349899228100325, 0.12078538572875058, 0.26445053827632603], [0.26361981222294634, 0.27148356280129715, 0.11389967929685574, 0.35099694567890066], [0.17374611812314483, 0.2972804345796665, 0.10941862808747428, 0.4195548192097143], [0.2397699195902831, 0.3761497135869036, 0.11908324882174605, 0.2649971180010674], [0.21735745545850338, 0.3828748083270915, 0.1895385252468451, 0.21022921096756014], [0.18313130891907223, 0.37784012457693333, 0.11456912148372046, 0.3244594450202741], [0.12948533538685086, 0.21547578539133574, 0.24635617823777728, 0.4086827009840363], [0.1940855270396521, 0.17369899107477108, 0.42291862580587797, 0.20929685607969886], [0.18290499451120085, 0.2916008608986505, 0.21912806898399373, 0.3063660756061549], [0.21432092822109372, 0.17221127560507885, 0.3680761259851602, 0.24539167018866742], [0.21819689846588067, 0.36713229401723285, 0.2205640167282136, 0.19410679078867285], [0.6149151997710903, 0.16803493499720557, 0.0740302161563588, 0.14301964907534534], [0.24333987680730487, 0.21352222699607576, 0.11025586478166759, 0.4328820314149518], [0.2572726219756294, 0.1708180773027466, 0.183483324996805, 0.388425975724819], [0.3715671688548308, 0.200116922254052, 0.09186600190031112, 0.336449906990806], [0.24989464044519916, 0.22653953063552487, 0.1651954440867077, 0.3583703848325684], [0.4008773523217627, 0.19116886598235933, 0.13224594019231295, 0.2757078415035651], [0.30465047063262146, 0.29831742898687935, 0.26511053925056816, 0.13192156112993098], [0.15193459635620743, 0.15762563977535862, 0.45444570013315216, 0.2359940637352817], [0.1833690931536763, 0.3640646442203827, 0.19003226725147668, 0.2625339953744645], [0.38685180440702543, 0.20681146078061555, 0.1939172266236536, 0.2124195081887055], [0.14725852169659223, 0.21156208556124745, 0.32580421267005155, 0.315375180072109], [0.12774804618860275, 0.3902085793033005, 0.20778121091552182, 0.274262163592575], [0.18787643603775966, 0.22871730450979139, 0.24887345648448864, 0.33453280296796045], [0.14650663292507973, 0.4318318999505213, 0.22078551451379808, 0.2008759526106009], [0.09705397605134296, 0.25574389745476694, 0.5414900353552639, 0.10571209113862616], [0.2630343960828042, 0.21789249307990105, 0.17532825853687786, 0.3437448523004168], [0.17958081376564178, 0.24626811824993866, 0.1175446540088418, 0.456606413975578], [0.29247426786494807, 0.2620287129865947, 0.16106885423177186, 0.2844281649166854], [0.2657969617305442, 0.2881732758607516, 0.13395476056429192, 0.3120750018444123], [0.13721853600898914, 0.24300070688361328, 0.30375531568873687, 0.3160254414186608], [0.31113128956163383, 0.1855985063336025, 0.19587922488132425, 0.30739097922343955], [0.2309608460914868, 0.2567408054795906, 0.23180932270951884, 0.2804890257194038], [0.13920135515559173, 0.15945662689248577, 0.11614757987854275, 0.5851944380733798], [0.15682261953059834, 0.5178176377331198, 0.10114560268966105, 0.22421414004662074], [0.17967492890834164, 0.3134312396549502, 0.26479460988991305, 0.24209922154679525], [0.21957566824699584, 0.18083945525874548, 0.2608064234988822, 0.33877845299537634], [0.3461487221921944, 0.2352738128524782, 0.24934530707299152, 0.16923215788233592], [0.4514307248533813, 0.15247353677435818, 0.2565546538488859, 0.1395410845233745], [0.20654090280157492, 0.43106305448671606, 0.165552285474511, 0.19684375723719794], [0.18900437081942786, 0.35591929176885323, 0.24580671578703442, 0.2092696216246846]]}, "rewritten": {"ids": ["97106000", "97107681", "97110950", "97112290", "98107410", "98109311", "98110810", "98111670", "99108520", "99108580", "99108710", "99108890", "99109141", "99109161", "99110050", "99112300", "99112531", "99112641", "99116500", "99117630", "99117740", "99120010", "100107920", "100108520", "100113210", "100120780", "101108580", "101109120", "101109370", "101111990", "101114020", "101119030", "102110750", "102110850", "102111990", "102112030", "103109641", "103110760", "103111110", "103111170", "103111620", "103113270", "103113610", "103120531", "104111780", "104112201", "104113210", "104114410", "104119290", "105110251", "105112100", "105112240", "105112260", "105113330", "105113620", "105115380", "105116090", "105116501", "105116860", "105117431", "105119550", "106113360", "106115120", "106115250", "106119260", "107113180", "107114140", "107114200", "107114280", "107114621", "107116501", "107117630", "107118120", "107118780", "108113480", "108115880", "108115970", "108116120", "108116501", "108117360", "108117720", "108118291", "108118301", "108118520", "108118810", "108119550", "108120260", "108120700", "108121351", "109114720", "109116040", "109117730", "109119340", "109120150", "110114610", "110114651", "110114720", "110114950", "110115120", "110115580", "110115980", "110116170", "110117110", "110117500", "110118450", "110118810", "110118930", "110119891", "110120531", "110121450", "110121500", "111115770", "111116090", "111116170", "111116640", "111117480", "111118820", "111119930", "111120280", "111120531", "111120591", "111121930", "112116501", "112118161", "112118530", "112118860", "112118890", "112119950", "112120270", "112120990", "112121030", "113117550", "113119120", "113119300", "113119450", "113120751", "113121190", "113121750", "113121950", "113122220", "113122320", "113122510"], "labels": [0, 3, 3, 1, 3, 1, 1, 1, 2, 0, 2, 0, 3, 3, 3, 0, 3, 1, 2, 3, 2, 2, 0, 2, 0, 1, 0, 1, 1, 2, 3, 3, 1, 3, 2, 2, 1, 1, 3, 2, 0, 2, 2, 3, 3, 0, 3, 1, 1, 0, 1, 1, 3, 3, 0, 1, 1, 1, 2, 1, 1, 0, 1, 2, 1, 3, 2, 2, 3, 0, 1, 0, 3, 1, 0, 3, 2, 1, 0, 1, 1, 3, 1, 0, 1, 1, 1, 2, 3, 0, 0, 3, 3, 2, 1, 3, 3, 0, 0, 1, 1, 0, 0, 1, 0, 1, 1, 3, 0, 3, 3, 3, 3, 0, 0, 1, 0, 1, 0, 0, 1, 1, 3, 0, 1, 3, 3, 0, 0, 2, 0, 3, 3, 1, 3, 1, 1, 0, 3, 1, 1, 2], "predicted_labels": [3, 2, 2, 0, 3, 3, 1, 0, 3, 2, 1, 1, 1, 0, 3, 1, 3, 0, 1, 3, 1, 0, 3, 0, 3, 3, 0, 3, 0, 2, 3, 3, 1, 3, 3, 1, 3, 3, 1, 3, 1, 3, 1, 1, 0, 2, 3, 0, 3, 0, 2, 0, 3, 0, 1, 1, 1, 0, 1, 3, 0, 1, 1, 2, 0, 1, 2, 1, 3, 3, 3, 2, 3, 3, 3, 3, 1, 3, 3, 2, 1, 0, 1, 2, 3, 0, 0, 3, 1, 3, 1, 0, 2, 3, 2, 3, 3, 3, 1, 2, 3, 3, 2, 1, 3, 1, 1, 1, 3, 0, 1, 0, 1, 3, 0, 1, 0, 2, 3, 1, 3, 0, 1, 1, 1, 1, 0, 0, 1, 1, 1, 3, 3, 3, 1, 3, 1, 0, 3, 3, 3, 1], "confidence_scores": [[0.1569824256007384, 0.24068755422105328, 0.2421512448892756, 0.3601787752889328], [0.21360725617712212, 0.11931697768487821, 0.46144938736762897, 0.2056263787703707], [0.1748456960968121, 0.28889519251880696, 0.2936499458966838, 0.2426091654876971], [0.29675679526479676, 0.25401401093139425, 0.1841739696176988, 0.26505522418611027], [0.1349207222708605, 0.26195640380181345, 0.20187655587726652, 0.4012463180500596], [0.24943178194199467, 0.20968135479182304, 0.22602496280117798, 0.3148619004650045], [0.26572245473276523, 0.3660277608439757, 0.18416584438175462, 0.18408394004150455], [0.2910051677152349, 0.1935489237310947, 0.23154247182409574, 0.28390343672957463], [0.19358740870854418, 0.1354851670234873, 0.3159541008117874, 0.3549733234561812], [0.20027546235369967, 0.187307100710594, 0.3380549167861447, 0.27436252014956164], [0.2199162260317393, 0.3767890721037251, 0.1265842887189965, 0.27671041314553924], [0.1600124688304929, 0.5611304971522909, 0.15821243902063886, 0.12064459499657737], [0.17890584273379098, 0.4810020435659766, 0.1630691096158079, 0.1770230040844247], [0.3362557012979779, 0.1829474006348424, 0.276458423828336, 0.20433847423884363], [0.10401996384481987, 0.28700840836973024, 0.25558845696997473, 0.35338317081547527], [0.17799390193000392, 0.3273036291020177, 0.18476345335396294, 0.30993901561401566], [0.16110133863019419, 0.23877772035817008, 0.18641698543149005, 0.4137039555801457], [0.43415181411538606, 0.21620772202149346, 0.20441064689708457, 0.14522981696603587], [0.13058324271602367, 0.4446498291893417, 0.18169171634193412, 0.24307521175270067], [0.21869509697845632, 0.2609833640825868, 0.14459794561431072, 0.375723593324646], [0.18000616617634493, 0.43302062719409523, 0.14027708771829386, 0.24669611891126594], [0.33145383012072177, 0.18234368973806928, 0.159923296133238, 0.326279184007971], [0.2433135627657495, 0.2548694404640142, 0.09690674321511247, 0.40491025355512383], [0.38585705349932126, 0.16633197891522755, 0.183599223957735, 0.2642117436277163], [0.24944781785281397, 0.26418814344585406, 0.15575475377712936, 0.3306092849242025], [0.22862683654818713, 0.19500834653107238, 0.14054930208937996, 0.4358155148313605], [0.53175980285305, 0.19504501690404832, 0.10674488978027526, 0.16645029046262633], [0.15985805986489102, 0.31865633974933305, 0.20098642276720474, 0.3204991776185712], [0.30723717548922186, 0.23142759867002044, 0.19349980745081993, 0.26783541838993785], [0.14596835828730756, 0.27211343644395863, 0.29377033641069855, 0.2881478688580352], [0.21525295205125525, 0.23899545020843754, 0.18658730864629844, 0.3591642890940088], [0.34137188149449504, 0.1567171332512414, 0.14173726049368685, 0.36017372476057685], [0.2265844298956975, 0.3738245255986894, 0.1383880755860087, 0.26120296891960443], [0.17274090342776915, 0.22075482871059693, 0.2749709786181668, 0.33153328924346737], [0.29707468242705914, 0.13144425632075704, 0.26342208199466993, 0.3080589792575137], [0.26774406104021836, 0.3901301753480451, 0.10478114010986078, 0.2373446235018757], [0.24091408983397272, 0.22715798541850196, 0.14585020147783526, 0.38607772326969], [0.24914472620486094, 0.302621272754051, 0.09804434735551637, 0.35018965368557187], [0.23205798586730197, 0.31434386205734277, 0.16954981232447824, 0.28404833975087707], [0.1884998452605426, 0.3140622060035272, 0.14151422554718304, 0.35592372318874727], [0.1466826282281923, 0.39938252030355403, 0.15899966510404498, 0.2949351863642087], [0.24659551395669385, 0.23755933895003195, 0.24565436966502777, 0.2701907774282464], [0.15736215332548031, 0.3981787514214966, 0.1940958338446716, 0.2503632614083515], [0.3316402687022188, 0.333929170894588, 0.16367181563224273, 0.17075874477095027], [0.4146317939269457, 0.16318780700178143, 0.09762717578771438, 0.32455322328355857], [0.18265590404434207, 0.21658561667002646, 0.30680590891787096, 0.2939525703677604], [0.24783008168239515, 0.25878870816228466, 0.12754759360303242, 0.36583361655228785], [0.35689022307869944, 0.21094271656923014, 0.24553536279058122, 0.18663169756148945], [0.17055977174923462, 0.2911447610497525, 0.17578911285568208, 0.3625063543453308], [0.3342554009352751, 0.22282500449788128, 0.15256032575466902, 0.2903592688121746], [0.2581612200270207, 0.19859425854651847, 0.31913269001889366, 0.22411183140756732], [0.3104705636068299, 0.2635825696266447, 0.15388183551508292, 0.2720650312514426], [0.34621237126434257, 0.17239659345397554, 0.08659184421596569, 0.3947991910657161], [0.32156946429266153, 0.2758490587549353, 0.14401203994349007, 0.258569437008913], [0.2868442970897437, 0.38311097886000933, 0.12747536019323774, 0.20256936385700935], [0.26357544722102527, 0.292129086004741, 0.188713986106375, 0.2555814806678588], [0.23071957629390497, 0.27703946293656795, 0.2480458665268809, 0.24419509424264635], [0.342038557655312, 0.22263549497341656, 0.12371108177459327, 0.3116148655966782], [0.1585893306974712, 0.4631926622070197, 0.09776668928237664, 0.28045131781313243], [0.21858413139158525, 0.24926315627636345, 0.17650478552633825, 0.3556479268057131], [0.45868897340290055, 0.19189281750503995, 0.12007190840609781, 0.22934630068596157], [0.2301461404433337, 0.36406191141311883, 0.12761796478607973, 0.2781739833574679], [0.30494692535341633, 0.39173611494870214, 0.1342537806393701, 0.16906317905851145], [0.18183032310056704, 0.2976521241789056, 0.33448177105242416, 0.18603578166810333], [0.29061468167163557, 0.20319779389207168, 0.2688472441642073, 0.23734028027208565], [0.27748120445845925, 0.4216902112806012, 0.11941569487666026, 0.18141288938427932], [0.13505304038141994, 0.26383639769905204, 0.43544720778238605, 0.16566335413714195], [0.22692729673033893, 0.3785989837589344, 0.116490161682683, 0.2779835578280438], [0.26812235128109946, 0.20715636691416908, 0.13055575381889747, 0.39416552798583393], [0.18911601213565096, 0.297658777819711, 0.1499097092497498, 0.3633155007948883], [0.2904877353799895, 0.2656769913824731, 0.12778618932952343, 0.3160490839080141], [0.2712072993581363, 0.1596787685852406, 0.3193082478760479, 0.24980568418057533], [0.1481734143720753, 0.2701923034408534, 0.1320288362235871, 0.44960544596348423], [0.20634137837503266, 0.29587640305362933, 0.14320898433891915, 0.35457323423241893], [0.22327078393963248, 0.27335806666378304, 0.16137620154749233, 0.3419949478490921], [0.23953001421094516, 0.23231736703611672, 0.12068970547606817, 0.40746291327687006], [0.19310856018858205, 0.5073398979444163, 0.13231999073206482, 0.16723155113493693], [0.2584983172910176, 0.2801560815175119, 0.1633893897617438, 0.2979562114297268], [0.19091138740472188, 0.2531483660945317, 0.10731140148943673, 0.4486288450113097], [0.22509665068594006, 0.14444776347469876, 0.41437337816130204, 0.21608220767805922], [0.1977979076413595, 0.4851128267727816, 0.08899242476654197, 0.22809684081931686], [0.45936260693771663, 0.19095830263286093, 0.12634491159635994, 0.22333417883306259], [0.16304477684334873, 0.4314374326972427, 0.11345759129860146, 0.292060199160807], [0.18933545049338227, 0.2568799180532109, 0.2843518055172361, 0.2694328259361708], [0.17210723999622293, 0.28991371343968436, 0.09703353419218642, 0.4409455123719062], [0.2987110380105767, 0.2123437552102731, 0.2557308255144076, 0.23321438126474275], [0.30916417194038376, 0.24672811800892097, 0.20929236361348974, 0.2348153464372057], [0.2939733068423609, 0.19315318562254685, 0.18062681700682368, 0.3322466905282686], [0.19476419088073324, 0.41592932590401194, 0.11083835456840706, 0.2784681286468479], [0.10129581199652536, 0.1892177878826797, 0.17643970704768233, 0.5330466930731125], [0.19143339467273657, 0.3420094308741415, 0.15713656206119028, 0.30942061239193175], [0.3129412997069048, 0.22619592820858, 0.1485270956721287, 0.31233567641238646], [0.19478846847681733, 0.150906097551286, 0.5216117988526242, 0.1326936351192725], [0.22716955324858007, 0.24144450133215462, 0.21174270955497823, 0.319643235864287], [0.15457124875214576, 0.21881670436352615, 0.3714200476382121, 0.255191999246116], [0.2129590630880917, 0.1672177572317832, 0.20859093280300242, 0.4112322468771226], [0.21942328774539616, 0.2815160812016454, 0.1833521334654024, 0.31570849758755615], [0.25860758347178253, 0.25900036775750374, 0.16775708173985407, 0.3146349670308598], [0.18812559378101623, 0.36523034228089135, 0.1362248148072378, 0.31041924913085484], [0.2288813948425089, 0.27995657947154623, 0.2811335736266824, 0.21002845205926254], [0.17305860809368315, 0.3079493809398531, 0.15753577098788088, 0.36145623997858306], [0.24807504223168583, 0.24351706208765345, 0.1510466935270281, 0.3573612021536329], [0.1718551237378446, 0.32443439933032675, 0.3278414577683648, 0.1758690191634639], [0.24550496519176063, 0.3118938557685857, 0.14834887248286366, 0.29425230655679], [0.17322367219684412, 0.22826810279522067, 0.15539718398217656, 0.44311104102575866], [0.22700841001151348, 0.4513382371870471, 0.1169470625205044, 0.20470629028093504], [0.21570713128468036, 0.3323171010465833, 0.16514245735404684, 0.28683331031468945], [0.2097715111524097, 0.3773895387803448, 0.20880926762627788, 0.2040296824409679], [0.2626412784371759, 0.16199424289109232, 0.09370549974035383, 0.481658978931378], [0.3552122273288454, 0.33858322538457075, 0.12292717885373872, 0.18327736843284534], [0.1484166158485792, 0.44205006662529406, 0.07662927579398703, 0.33290404173213983], [0.3259793723342076, 0.20398339244970168, 0.31792169561004424, 0.1521155396060464], [0.2524771455142898, 0.3466068599293081, 0.08856531125082315, 0.312350683305579], [0.22729554350974782, 0.3141876638508749, 0.0815707166813869, 0.3769460759579905], [0.38553831874353767, 0.2425112536440409, 0.13495611012598877, 0.23699431748643277], [0.15371306826959463, 0.37029277020956236, 0.14025428695632397, 0.33573987456451915], [0.3932127869008892, 0.1777041870934302, 0.13304104267318695, 0.29604198333249365], [0.13752862413774056, 0.20407219537117222, 0.40597929005331296, 0.2524198904377743], [0.24359626181922678, 0.2360351260428536, 0.11925325547468368, 0.40111535666323606], [0.17928935287854636, 0.36299537034762713, 0.2536389442825395, 0.2040763324912872], [0.22068424387372307, 0.17244099810749777, 0.15165959788473418, 0.455215160134045], [0.34799437092395724, 0.28593234449543203, 0.07510523275015946, 0.29096805183045127], [0.30315844568489514, 0.4333768547156292, 0.07317198212827158, 0.19029271747120421], [0.15112019343735186, 0.5907637011655188, 0.1128270070468858, 0.14528909835024345], [0.18712188405659672, 0.3689138126551623, 0.11315014858366595, 0.3308141547045751], [0.11630287959579755, 0.6044820300200412, 0.09334339535855324, 0.18587169502560813], [0.30412406678831344, 0.19814010079997615, 0.22159707563373646, 0.27613875677797406], [0.3373439162073223, 0.2855011610581846, 0.09938231730618671, 0.2777726054283063], [0.15209650229634203, 0.44373455863380384, 0.15488579436457905, 0.2492831447052751], [0.1946713679793365, 0.39993232572218596, 0.11187309874806621, 0.2935232075504112], [0.307749398868894, 0.3087589531416918, 0.15080982845278215, 0.23268181953663183], [0.2664285225782904, 0.2630675643686193, 0.19852070975917602, 0.2719832032939141], [0.23936944660015283, 0.2816801381601701, 0.15150469741140182, 0.32744571782827525], [0.13221026191829255, 0.18268001425481892, 0.10619134598318229, 0.5789183778437063], [0.22704091319921485, 0.31719454408964215, 0.15367955591560464, 0.3020849867955383], [0.23265739924952797, 0.2861010058142515, 0.15508094061037295, 0.3261606543258476], [0.19801505178288295, 0.5709969423537413, 0.09360234697848288, 0.13738565888489288], [0.4265243910106177, 0.16008838972982167, 0.16446958952146642, 0.2489176297380943], [0.18410808505116746, 0.17567388993219885, 0.14741576823219174, 0.4928022567844421], [0.22753625810343042, 0.20984751023941803, 0.20176479685467344, 0.36085143480247833], [0.35131285750028873, 0.16032346956740373, 0.10691669475279908, 0.3814469781795084], [0.12740810056025764, 0.5908321403898785, 0.14601646911724953, 0.13574328993261442]]}}