{"test": {"ids": ["112117790", "101112690", "107118490", "100109000", "105110091", "108117360", "101111210", "97112300", "100111380", "106116850", "111115400", "99116500", "103111540", "102114270", "106114880", "98107410", "99109141", "97106820", "109117431", "106115250", "97107040", "99107660", "103113101", "101108500", "109114220", "106113190", "107113180", "102116500", "107113130", "112121360", "105111990", "105112130", "109119460", "109115211", "113120540", "108113620", "97105960", "112116810", "105115570", "111119290", "113118690", "109120150", "97116401", "97106000", "108119550", "110121170", "111116010", "110113591", "112119320", "99107560", "108114670", "106120290", "102112250", "113122510", "111116090", "97107920", "98108580", "108114040", "104118070", "113120280", "102109850", "99111930", "111119930", "112120670", "106117770", "105116441", "100117420", "104111620", "99111000", "98116940", "101111990", "105113480", "106115120", "101110150", "100109890", "101117580", "108121160", "103117200", "98107380", "101115190", "113122150", "112116290", "109114030", "112116640", "98108410", "104114230", "108120060", "102118380", "113122230", "108116070", "110114610", "113120260", "102112170", "100107920", "101112201", "98120530", "108113480", "106114280", "104119340", "108113740", "99109161", "101116130", "104114240", "107114280", "100109801", "111116170", "108117720", "111117480", "113117630", "102110500", "113118630", "112119930", "97114170", "102107961", "106113830", "110120540", "98109570", "111119430", "108121190", "113120751", "101110200", "111119340", "97106970", "99109910", "109121410", "107120010", "104113550", "101114990", "109121640", "113120601", "99109840", "108121410", "110119030", "113119480", "113118511", "97112170", "100111080", "105120621", "105121190", "109118231", "110115890", "103111110"], "labels": [3, 1, 2, 1, 0, 1, 2, 2, 3, 3, 0, 2, 1, 3, 0, 3, 3, 1, 1, 2, 2, 3, 3, 3, 3, 0, 3, 1, 1, 3, 2, 1, 1, 0, 3, 3, 2, 3, 0, 3, 3, 2, 3, 0, 1, 2, 1, 0, 1, 1, 3, 2, 0, 2, 3, 0, 0, 0, 2, 0, 1, 1, 1, 2, 0, 1, 2, 0, 2, 2, 2, 0, 1, 1, 3, 3, 2, 0, 1, 1, 2, 0, 1, 0, 1, 2, 1, 1, 1, 1, 1, 3, 3, 0, 0, 1, 0, 3, 1, 3, 3, 2, 0, 3, 0, 0, 1, 1, 0, 3, 3, 1, 2, 3, 1, 1, 1, 3, 1, 1, 2, 3, 2, 2, 0, 1, 1, 3, 0, 2, 2, 0, 0, 3, 1, 0, 0, 1, 2, 1, 2, 3], "predicted_labels": [3, 3, 1, 3, 0, 2, 3, 2, 3, 2, 1, 2, 0, 2, 1, 0, 0, 3, 0, 1, 2, 0, 3, 2, 3, 3, 1, 1, 1, 0, 3, 3, 3, 3, 1, 0, 3, 2, 3, 3, 1, 2, 1, 2, 1, 3, 1, 0, 1, 1, 3, 1, 3, 1, 0, 0, 3, 2, 3, 0, 2, 0, 3, 3, 0, 1, 3, 0, 2, 1, 3, 1, 3, 1, 3, 3, 3, 1, 0, 0, 1, 1, 0, 1, 1, 0, 0, 2, 2, 3, 0, 3, 0, 3, 0, 3, 1, 2, 1, 0, 1, 1, 0, 1, 3, 1, 3, 1, 3, 0, 1, 2, 1, 3, 0, 1, 0, 3, 1, 0, 1, 3, 2, 2, 1, 3, 0, 1, 1, 1, 2, 3, 3, 3, 1, 0, 1, 0, 1, 1, 1, 0], "confidence_scores": [[0.4424927895993623, 0.0037517955527347673, 0.0006557137041782808, 0.5530997011437248], [0.20571569151535898, 0.004165448021312237, 0.015725759270884505, 0.7743931011924443], [0.3028796353068924, 0.477520161864968, 0.2094873238108601, 0.010112879017279435], [0.001307005478690894, 0.003574500546460229, 0.004552851965737555, 0.9905656420091113], [0.9759901459112382, 0.0076653965545461005, 0.006269986103075026, 0.010074471431140672], [0.19920176238440931, 0.07093113743914232, 0.3649551113013056, 0.3649119888751428], [0.007906920289171549, 0.1082492211773415, 0.011734288478104926, 0.8721095700553819], [0.30463920517900106, 0.07947856557725141, 0.563444708336481, 0.05243752090726654], [0.06568218922097241, 0.20118551347586017, 0.15522278430956984, 0.5779095129935975], [0.061398482388677574, 0.3817487158392367, 0.5422820334426868, 0.014570768329398853], [0.09819951827381364, 0.8216726998862215, 0.06945300738224348, 0.010674774457721546], [0.001531333214235904, 0.19230808403310923, 0.7867171980403135, 0.01944338471234127], [0.8616482031869662, 0.06877147241217192, 0.035516457824568526, 0.034063866576293456], [0.0031929757246619036, 0.2586130846538103, 0.44678971821207336, 0.2914042214094545], [0.025679954558833273, 0.8321966872762468, 0.11362974051764403, 0.028493617647275944], [0.8776799567138882, 0.008475198469679484, 0.011703699501385745, 0.10214114531504669], [0.7240569278018729, 0.022106580389117295, 0.003603390055508577, 0.2502331017535011], [0.07951634663532005, 0.014366418174065991, 0.007556505252486571, 0.8985607299381273], [0.560907764962546, 0.060404842712866245, 0.0008025155447721252, 0.3778848767798156], [0.11513675392559737, 0.5436668667083416, 0.060404862155804075, 0.2807915172102569], [0.001664543885918539, 0.013348790871717078, 0.9604745164236616, 0.02451214881870285], [0.6452651010163848, 0.1066284443194319, 0.015612913221004505, 0.23249354144317877], [0.08578508796891204, 0.29315905528676944, 0.13208594781899452, 0.48896990892532416], [0.008161443989009972, 0.062079110782035894, 0.6808650139583033, 0.24889443127065083], [0.11662606412634026, 0.009238904282703206, 0.002766054879910807, 0.8713689767110456], [0.02836031820093013, 0.06093268071647459, 0.00540970312994106, 0.9052972979526542], [0.0015242067748968437, 0.6824211309200056, 0.04581128139432592, 0.27024338091077166], [0.2956292884447064, 0.4492890946866153, 0.13419977330731517, 0.12088184356136307], [0.0629828493230473, 0.4439696028281959, 0.24215841986874104, 0.2508891279800157], [0.6666164274791385, 0.06155469747650905, 0.05021076384260816, 0.22161811120174432], [0.005717885432613643, 0.08912290141152363, 0.05483057114081225, 0.8503286420150504], [0.0071534573466754525, 0.3861833059751161, 0.017788424236112356, 0.588874812442096], [0.14130505481717773, 0.008480077854012415, 0.010069158521448799, 0.8401457088073611], [0.007037499251232546, 0.02198982106406925, 0.006849790171489772, 0.9641228895132086], [0.06276478267663976, 0.8948464293423919, 0.029931220365602126, 0.012457567615366266], [0.6525190509411009, 0.22374264521869466, 0.010750784421555408, 0.11298751941864905], [0.08952662551327353, 0.06255874128039819, 0.09928206098225738, 0.748632572224071], [0.3581640723698055, 0.1464285254691981, 0.4711277706876164, 0.024279631473379998], [0.07923813117995372, 0.22702838391863764, 0.12356453615580897, 0.5701689487455998], [0.0050602331326741095, 0.00276990694332104, 0.0006742320052939985, 0.9914956279187108], [0.01986212829187774, 0.7909888559547942, 0.008181306890258347, 0.1809677088630697], [0.0309352540510797, 0.039544409019574636, 0.894115438565161, 0.035404898364184874], [0.009669179470616192, 0.9115440764307741, 0.06459978074135096, 0.014186963357258754], [0.10124634251128206, 0.013252978141683127, 0.8432445958693395, 0.04225608347769532], [0.0032625335593379867, 0.9484944789553914, 0.03075519642189801, 0.017487791063372747], [0.07754932260907316, 0.013478997114014393, 0.04647147426698428, 0.8625002060099283], [0.0008456207123448577, 0.787841016667136, 0.1952522167931211, 0.01606114582739807], [0.9612096322501431, 0.018414543354631007, 0.010894959031530748, 0.009480865363694987], [0.002015463936421107, 0.5679493871640722, 0.021395184320417097, 0.40863996457908947], [0.045810349603276165, 0.9289118991529988, 0.02363560447316297, 0.0016421467705620715], [0.20514093649161325, 0.09678184539986888, 0.0008623574725992241, 0.6972148606359186], [0.009405002851324791, 0.9446333128580586, 0.02560809696806199, 0.020353587322554507], [0.1607879150948713, 0.002050688454227359, 0.006142324319760951, 0.8310190721311405], [0.019175205606887596, 0.39930053232359924, 0.211103718082562, 0.37042054398695107], [0.6102074169083537, 0.11716143326286234, 0.0027787384314833757, 0.2698524113973007], [0.9480127915525206, 0.0009367796511317443, 0.006320279282674113, 0.04473014951367347], [0.07390845910751323, 0.18563652406992795, 0.1493479913239016, 0.5911070254986572], [0.039635435913538304, 0.13483801146924318, 0.7275020557362688, 0.09802449688094962], [0.0031685231560356028, 0.0038463536916417233, 0.06582919883382213, 0.9271559243185005], [0.9614237062566051, 9.50018637018165e-05, 0.0012335467501643643, 0.03724774512952863], [0.05046942953691434, 0.03167962298447066, 0.8040851562922655, 0.11376579118634944], [0.32812836164473835, 0.31797834965794053, 0.3180116125481536, 0.03588167614916753], [0.14577780302236804, 0.17815387763988, 0.04265107809704591, 0.6334172412407061], [0.18536355856800907, 0.13466963809663726, 0.023107759564526455, 0.6568590437708272], [0.6431875395851465, 0.033471637164023925, 0.07890175096267175, 0.2444390722881579], [0.18700691071075734, 0.7865777562721089, 0.0022518666045669112, 0.024163466412566795], [0.038268516267557805, 0.10903612463950546, 0.01402080366135988, 0.838674555431577], [0.7365582716896087, 0.1530100588540886, 0.03752406004042289, 0.07290760941587988], [0.02782254512230031, 0.1472384128708455, 0.41492374699863066, 0.4100152950082235], [0.06783081830058374, 0.7762668030590494, 0.09339249850289741, 0.06250988013746937], [0.03925960323104856, 0.011366941411088842, 0.4270937577040659, 0.5222796976537967], [0.08101259290971997, 0.6809909429833396, 0.07662960150839171, 0.16136686259854868], [0.125261335854737, 0.2569474266914546, 0.003847541566068281, 0.6139436958877401], [0.021629638927756656, 0.8424613203444193, 0.1104726065782998, 0.02543643414952419], [0.0801590155710821, 0.049865970946937704, 0.04212588435368722, 0.8278491291282929], [0.20467465499370088, 0.1819621144610839, 0.014807002750293277, 0.5985562277949219], [0.18186275697515952, 0.1363947771047359, 0.13497074975054074, 0.5467717161695639], [0.08628937167563364, 0.8846300685267207, 0.020119125472955614, 0.00896143432469013], [0.4903682178271076, 0.007758697664860735, 0.4339702297856341, 0.06790285472239749], [0.8688256276639597, 0.027155024801616325, 0.044158780292523944, 0.05986056724189996], [0.004438930381631729, 0.9325124983532185, 0.007867352743401664, 0.055181218521748156], [0.012958066294076203, 0.8304070229743081, 0.08491854768840691, 0.07171636304320886], [0.7624736758132287, 0.09042619005528565, 0.02509591143312134, 0.12200422269836445], [0.3009691891219398, 0.49176126754873517, 0.024334838191636895, 0.18293470513768811], [0.020551970718148006, 0.6777713682523773, 0.1192393729199998, 0.18243728810947496], [0.6536053193560293, 0.14394821754618797, 0.11148088759032462, 0.09096557550745815], [0.8074748980951808, 0.17006673262434766, 0.004761991756647104, 0.017696377523824275], [0.06634048420924295, 0.4097647722132223, 0.4403180855451657, 0.08357665803236919], [0.0384846147383806, 0.19883000171705667, 0.727260197439003, 0.035425186105559794], [0.22739013818158635, 0.10433991789483799, 0.2034339885388309, 0.46483595538474487], [0.7726516379529079, 0.1431307817617524, 0.0657543763590372, 0.018463203926302595], [0.34347998994656326, 0.07815685655547423, 0.08935974175019182, 0.4890034117477707], [0.5428240302566001, 0.08305248887379404, 0.23324707986450818, 0.14087640100509763], [0.47279051174532305, 0.008111206475117486, 0.02342203662492298, 0.49567624515463654], [0.9406941615994694, 0.0201573651097362, 0.005833340455120765, 0.0333151328356738], [0.05771510792461157, 0.13374361510458532, 0.3752397756939045, 0.43330150127689876], [0.1324835157602145, 0.7680272679555249, 0.01566448875645075, 0.08382472752780983], [0.10419141977571411, 0.25455831100274195, 0.36588599538055455, 0.27536427384098944], [0.0007233873822276922, 0.6944746047571204, 0.008408668515181707, 0.29639333934547013], [0.7988892798909569, 0.10183861887308221, 0.02702470123138465, 0.07224740000457634], [0.31213195933606763, 0.43184874219486225, 0.0868432814486139, 0.1691760170204562], [0.0950277008025243, 0.5454353978919848, 0.32145224455185045, 0.03808465675364044], [0.9213466575368101, 0.018037297967956684, 0.02746365203943535, 0.03315239245579805], [0.04118982085387457, 0.4220463019183046, 0.23499402559514604, 0.3017698516326747], [0.017193770150950857, 0.18381649888401805, 0.002351712832710961, 0.7966380181323202], [0.11204995314267634, 0.7018619733343584, 0.018775314799087964, 0.16731275872387721], [0.07567720371614498, 0.09461091803963093, 0.025794415291847277, 0.8039174629523768], [0.19372924525267968, 0.7528476381892427, 0.021443641570628547, 0.031979474987449054], [0.46079423402738023, 0.006869652701421265, 0.01655229207175053, 0.515783821199448], [0.4786828512261689, 0.0022657529455028464, 0.15177987828537381, 0.36727151754295445], [0.003062267618004217, 0.8285780404553716, 0.008852119252098247, 0.15950757267452584], [0.31906815148606854, 0.013681913432716316, 0.39572185854534425, 0.27152807653587097], [0.001304935009068341, 0.3814978696706446, 0.23737021913257897, 0.379826976187708], [0.00278428397592788, 0.0014429513906268913, 0.00027733027240085405, 0.9954954343610445], [0.5821260610646263, 0.16886926783411482, 0.01939338961224384, 0.22961128148901497], [0.026761646271996332, 0.9337377556430101, 0.009907442563109086, 0.029593155521884497], [0.7874685531171257, 0.010623088466416415, 0.013415772535847722, 0.18849258588060994], [0.039006307808616345, 0.4317654427843168, 0.007920414703225626, 0.5213078347038412], [0.0008700160977568411, 0.5553420814217039, 0.11835251641629585, 0.3254353860642434], [0.96148946488084, 0.0028036648998684055, 0.004469847081145171, 0.031237023138146428], [0.012428908726163448, 0.8961094231118676, 0.006896491389802737, 0.08456517677216611], [0.0745348980204628, 0.06855283955374153, 0.22515655675751156, 0.6317557056682841], [0.0014614351153767664, 0.06449026053226362, 0.7033550192644767, 0.2306932850878829], [0.021847512556100113, 0.462979118736734, 0.5016870601380743, 0.013486308569091733], [0.014397493596217418, 0.762133942788455, 0.0016941801505682762, 0.22177438346475914], [0.003970416298075117, 0.012058949376519261, 0.03044088849975128, 0.9535297458256544], [0.7914887311303851, 0.11802940713026815, 0.009625949582929763, 0.08085591215641699], [0.27721962444273035, 0.4059403338066911, 0.1170244381791743, 0.19981560357140415], [0.26399035669916865, 0.3605832342099409, 0.09465705388216195, 0.28076935520872853], [0.04384662202507031, 0.5734622397536983, 0.3429137819141201, 0.03977735630711138], [0.04703785200272597, 0.13108360392711707, 0.7592270772570628, 0.06265146681309408], [0.0955346015611874, 0.29183208479996836, 0.00682647358438139, 0.6058068400544628], [0.002389285335712174, 0.14095275704499757, 0.0006964940901721309, 0.8559614635291182], [0.31566501033360045, 0.00836382168413145, 0.005024882518742448, 0.6709462854635256], [0.02388338039649611, 0.9622898436263377, 0.0009293812034136971, 0.012897394773752338], [0.4494352968718784, 0.13164343832704728, 0.10573346533010261, 0.31318779947097175], [0.03562135354212043, 0.4968366010500739, 0.4107853559481167, 0.056756689459689064], [0.5001094537873493, 0.04111274100021031, 0.0024133521868065478, 0.4563644530256339], [0.0025965648040103878, 0.43119746246863677, 0.26760714653612877, 0.29859882619122413], [0.011633081192136394, 0.9165145879805936, 0.06864373001545518, 0.00320860081181482], [0.09338747359834289, 0.8203111961916641, 0.08179501143767758, 0.004506318772315342], [0.6659618425428299, 0.003300538508584722, 0.008788313040704338, 0.3219493059078811]]}, "rewritten": {"ids": ["97105960", "97106000", "97106820", "97106970", "97107040", "97107920", "97112170", "97112300", "97114170", "97116401", "98107380", "98107410", "98108410", "98108580", "98109570", "98116940", "98120530", "99107560", "99107660", "99109141", "99109161", "99109840", "99109910", "99111000", "99111930", "99116500", "100107920", "100109000", "100109801", "100109890", "100111080", "100111380", "100117420", "101108500", "101110150", "101110200", "101111210", "101111990", "101112201", "101112690", "101114990", "101115190", "101116130", "101117580", "102107961", "102109850", "102110500", "102112170", "102112250", "102114270", "102116500", "102118380", "103111110", "103111540", "103113101", "103117200", "104111620", "104113550", "104114230", "104114240", "104118070", "104119340", "105110091", "105111990", "105112130", "105113480", "105115570", "105116441", "105120621", "105121190", "106113190", "106113830", "106114280", "106114880", "106115120", "106115250", "106116850", "106117770", "106120290", "107113130", "107113180", "107114280", "107118490", "107120010", "108113480", "108113620", "108113740", "108114040", "108114670", "108116070", "108117360", "108117720", "108119550", "108120060", "108121160", "108121190", "108121410", "109114030", "109114220", "109115211", "109117431", "109118231", "109119460", "109120150", "109121410", "109121640", "110113591", "110114610", "110115890", "110119030", "110120540", "110121170", "111115400", "111116010", "111116090", "111116170", "111117480", "111119290", "111119340", "111119430", "111119930", "112116290", "112116640", "112116810", "112117790", "112119320", "112119930", "112120670", "112121360", "113117630", "113118511", "113118630", "113118690", "113119480", "113120260", "113120280", "113120540", "113120601", "113120751", "113122150", "113122230", "113122510"], "labels": [2, 0, 1, 2, 2, 0, 0, 2, 2, 3, 1, 3, 1, 0, 1, 2, 1, 1, 3, 3, 3, 2, 2, 2, 1, 2, 0, 1, 0, 3, 0, 3, 2, 3, 1, 2, 2, 2, 0, 1, 3, 1, 2, 3, 3, 1, 3, 3, 0, 3, 1, 1, 3, 1, 3, 0, 0, 1, 2, 0, 2, 1, 0, 2, 1, 0, 0, 1, 1, 2, 0, 1, 3, 0, 1, 2, 3, 0, 2, 1, 3, 3, 2, 1, 0, 3, 3, 0, 3, 1, 1, 1, 1, 1, 2, 1, 0, 1, 3, 0, 1, 1, 1, 2, 0, 0, 0, 1, 2, 0, 1, 2, 0, 1, 3, 0, 1, 3, 3, 3, 1, 0, 0, 3, 3, 1, 1, 2, 3, 0, 1, 3, 3, 3, 3, 0, 3, 2, 1, 2, 1, 2], "predicted_labels": [2, 0, 3, 2, 1, 0, 1, 0, 1, 3, 2, 0, 0, 0, 3, 1, 0, 1, 0, 0, 0, 3, 2, 2, 0, 2, 0, 3, 0, 0, 2, 3, 0, 0, 2, 1, 3, 2, 0, 3, 3, 0, 0, 3, 0, 0, 0, 0, 0, 2, 1, 3, 1, 0, 1, 1, 3, 0, 0, 3, 0, 2, 0, 0, 2, 0, 0, 0, 0, 2, 3, 0, 2, 1, 0, 2, 0, 1, 1, 2, 3, 2, 1, 0, 0, 0, 0, 0, 0, 2, 2, 0, 1, 1, 0, 0, 0, 0, 3, 0, 0, 0, 0, 2, 3, 1, 0, 0, 0, 1, 0, 2, 0, 3, 0, 0, 1, 0, 0, 1, 1, 1, 0, 0, 0, 3, 0, 3, 2, 0, 0, 0, 0, 0, 0, 0, 1, 0, 0, 1, 1, 2], "confidence_scores": [[0.2617878892800239, 0.0412652732062605, 0.6730476247444992, 0.023899212769216457], [0.8719502090297919, 0.05236943524263843, 0.0740291681490444, 0.0016511875785252407], [0.04246465743180315, 0.02042514107502444, 0.02654302647479451, 0.9105671750183778], [0.09275346776217688, 0.05301780711448855, 0.8067164649148346, 0.047512260208499996], [0.17776154387883716, 0.49339658869816727, 0.23639520930540378, 0.09244665811759165], [0.8644698823356054, 0.0027847622391732278, 0.007509377804122736, 0.1252359776210985], [0.08375204576937262, 0.8734582825797416, 0.02239106049847912, 0.02039861115240681], [0.6910644327407378, 0.014186335819164304, 0.28821749795641655, 0.006531733483681334], [0.027410818399015158, 0.9023737170281234, 0.05180599754472047, 0.018409467028141016], [0.24910948309379272, 0.1465058140859277, 0.23687148910017872, 0.3675132137201008], [0.2030893193053712, 0.010379298627090874, 0.7432560984764288, 0.04327528359110916], [0.9630030603694231, 0.016665630422035057, 0.015607622997968237, 0.004723686210573505], [0.8340755004206437, 0.007515488585707963, 0.03188913124573467, 0.12651987974791368], [0.8606629810919474, 0.035512599025123284, 0.01967933789403892, 0.08414508198889038], [0.39828613042017935, 0.010264720245683347, 0.0023118454616335373, 0.5891373038725038], [0.032737847596287055, 0.507322924120043, 0.30314164188221415, 0.15679758640145586], [0.5346525264715765, 0.058842689823724634, 0.2773146876069932, 0.12919009609770582], [0.1812415530067581, 0.8051124386312235, 0.012845195740954789, 0.0008008126210634667], [0.5234461399105566, 0.021292109127428873, 0.18091076909825718, 0.2743509818637573], [0.938580563574279, 0.04472014757483982, 0.00021464114950789452, 0.016484647701373128], [0.9268735503982601, 0.03706890249193339, 0.011987115169429796, 0.024070431940376506], [0.06127527355391493, 0.00040411600121635345, 0.3834448534190061, 0.5548757570258627], [0.36707289380815894, 0.009293882090972896, 0.6008563187972942, 0.02277690530357398], [0.026409240083694344, 0.005985772770012751, 0.9649135062098733, 0.0026914809364196523], [0.6313928255507334, 0.20356011584075603, 0.12652308583218969, 0.03852397277632088], [0.4449800655131205, 0.026771062876559823, 0.5179184153266859, 0.010330456283633807], [0.8365913670093729, 0.005234415694113546, 0.04675188393198535, 0.11142233336452825], [0.12382208050971423, 0.02802081116835, 0.10123309055982016, 0.7469240177621155], [0.8269823508756556, 0.0206033748577701, 0.012696852989561871, 0.1397174212770123], [0.799456887062384, 0.11949933493763354, 0.034851511702022143, 0.046192266297960236], [0.09421747843532138, 0.28856281763080627, 0.6087817854654297, 0.008437918468442511], [0.15892445963371066, 0.013009135291102206, 0.2104171214738614, 0.6176492836013258], [0.47033064950974923, 0.2235495678468524, 0.1522385729908038, 0.15388120965259458], [0.7603933706346185, 0.0939631231606774, 0.13782661430237805, 0.007816891902326015], [0.09518986916450868, 0.05640054427950132, 0.7175848017381972, 0.13082478481779292], [0.05168118219329211, 0.6934456102006259, 0.05841351870244746, 0.1964596889036346], [0.011892561748669851, 0.2893036413021159, 0.010763771998280334, 0.6880400249509339], [0.2060034997024023, 0.1469987561931125, 0.6368622391901388, 0.010135504914346309], [0.9933273622485731, 0.00047473928086724614, 0.0035053627093372657, 0.002692535761222544], [0.33291270257635136, 0.0015351787495196455, 0.10474898433088599, 0.560803134343243], [0.07355653019108699, 0.13038022443004454, 0.23839931479184417, 0.5576639305870243], [0.9109469292037942, 0.012042261917849214, 0.07231217427356072, 0.004698634604795808], [0.7513385082843836, 0.039155085479845406, 0.20706121379863757, 0.0024451924371333166], [0.091094829390147, 0.02390439704099375, 0.058746748442570995, 0.8262540251262882], [0.9302899768412037, 0.022920460317425766, 0.03671487634751713, 0.010074686493853418], [0.715985572639516, 0.037789079715108816, 0.19712832769275426, 0.04909701995262078], [0.528269029739401, 0.011872470438648784, 0.013434895890994284, 0.4464236039309558], [0.7766827015351069, 0.0019105118519508386, 0.08301393444399213, 0.1383928521689501], [0.9022897982669104, 0.03452655782130127, 0.01169494253843482, 0.05148870137335368], [0.15521323559759403, 0.013510449236107386, 0.8149952148845392, 0.01628110028175946], [0.4503596615188193, 0.5158854717489655, 0.019815399700018204, 0.013939467032196987], [0.10365195466213231, 0.13082912846428074, 0.352646333587792, 0.41287258328579485], [0.029491380119406052, 0.9347025269170071, 0.012351219083177403, 0.023454873880409486], [0.5452023859110864, 0.023263594541531086, 0.29917023766127426, 0.13236378188610828], [0.424392915825794, 0.42906516487488466, 0.11109997379011353, 0.035441945509207685], [0.00048582507975763973, 0.9835251506314749, 0.0053886861201034334, 0.010600338168664163], [0.1929742730357548, 0.003165900331856361, 0.0013558903335819017, 0.8025039362988069], [0.9170699242433036, 0.02819945588336776, 0.009675103948921739, 0.04505551592440709], [0.3947882418811864, 0.3568550197182668, 0.11007190096941304, 0.13828483743113373], [0.3028459082503897, 0.0944558569525416, 0.12787643075813737, 0.47482180403893126], [0.6411017623397646, 0.010429730175226014, 0.3005510902087126, 0.04791741727629686], [0.16118703592734018, 0.28767002290868343, 0.44996627870147543, 0.10117666246250091], [0.9951509113472049, 0.0006557164182267783, 0.0013845680218752298, 0.00280880421269299], [0.5679819840487437, 0.2072086410082772, 0.1517239397565793, 0.07308543518639975], [0.07509320648707414, 0.4121619869506943, 0.5082592092112304, 0.004485597351001333], [0.7384607537734131, 0.0850698672730825, 0.13596134676964075, 0.04050803218386354], [0.7309932381238536, 0.006661225596832792, 0.08864210328541607, 0.17370343299389762], [0.7889755853767438, 0.048256725806224, 0.11764821947015845, 0.04511946934687368], [0.8876500301205722, 0.026766656775981276, 0.003404414120412112, 0.08217889898303446], [0.032942472770039276, 0.08890852595243082, 0.8232457173699097, 0.05490328390762023], [0.16187957940339587, 0.1440536303972527, 0.3275544474545992, 0.3665123427447523], [0.9761432816410063, 0.020624881798301443, 0.0022410970301137497, 0.0009907395305784978], [0.21135707016539554, 0.020585150155692605, 0.4922686189399854, 0.2757891607389265], [0.06918779659360336, 0.5023923610673571, 0.2995793370676189, 0.1288405052714207], [0.7667857665873309, 0.01973369763701439, 0.006001809911717106, 0.20747872586393754], [0.038186913279917585, 0.3855873055076648, 0.5597308939829003, 0.0164948872295173], [0.8500265991289087, 0.013091424518662539, 0.09112113315497726, 0.04576084319745151], [0.3085088755245963, 0.37363310706796243, 0.2622434261325486, 0.055614591274892676], [0.11827099676361769, 0.7712173548377422, 0.06756355467292025, 0.042948093725719796], [0.0858106423888128, 0.3395943122002652, 0.4284664566172175, 0.1461285887937044], [0.042226451171233574, 0.37528754802855496, 0.036422669404551876, 0.5460633313956597], [0.020674591000853476, 0.45486349109556745, 0.4899985479655546, 0.0344633699380244], [0.42051398781267346, 0.5044818171072428, 0.06670745693065623, 0.008296738149427397], [0.9377862558053841, 0.004988142055791678, 0.05017027736106311, 0.007055324777761099], [0.48670863083005594, 0.0289523458419751, 0.4790563760141785, 0.005282647313790494], [0.46835708755358463, 0.42366026717822464, 0.040180983401725254, 0.06780166186646558], [0.9709327818612064, 0.0008265204051752978, 0.0026123594571857557, 0.02562833827643262], [0.5348132592392223, 0.014550215258111558, 0.42428559870087895, 0.026350926801787293], [0.9685017306992527, 0.011862851556611173, 0.01686925788326357, 0.0027661598608726095], [0.23045232887528927, 0.2762808122131716, 0.3135905121112285, 0.17967634680031072], [0.02426829850007679, 0.0881383438299481, 0.879063540842145, 0.008529816827830085], [0.4583503598337695, 0.07425262151667923, 0.03009012182641844, 0.43730689682313295], [0.45488333716816476, 0.5269477232928473, 0.010569512596297638, 0.0075994269426903184], [0.180253582210519, 0.7958266022885242, 0.02323852861029191, 0.0006812868906649026], [0.9880483793797408, 0.0045985603986481, 0.004127966528428412, 0.003225093693182891], [0.41172628473968254, 0.2561141556713466, 0.2044706168767468, 0.1276889427122242], [0.8985202864797641, 0.07146202233982481, 0.010531452156362232, 0.019486239024048804], [0.453137831042944, 0.30834102029029603, 0.04709164230722651, 0.19142950635953349], [0.3653748448506442, 0.0003647595811245901, 0.015205783098428955, 0.6190546124698022], [0.9124883900716064, 0.021986135389655152, 0.022112670284415114, 0.04341280425432315], [0.5848303331322768, 0.10964895350450181, 0.03838648575127195, 0.2671342276119493], [0.4468832261781597, 0.09290404496626538, 0.38517017480160753, 0.07504255405396748], [0.5251442634269425, 0.003825834232289051, 0.03635041532698189, 0.43467948701378656], [0.09758792009905157, 0.004298719251303486, 0.7256183559678794, 0.17249500468176548], [0.32977110656769326, 0.033264613321465956, 0.04109848743578396, 0.5958657926750568], [0.30910213829346017, 0.36386964884627904, 0.07230525209671916, 0.25472296076354173], [0.8126500895173843, 0.03772409585654206, 0.1111133706483303, 0.038512443977743324], [0.6997906623256427, 0.14043469651464427, 0.035137041650451555, 0.12463759950926155], [0.4151899742610305, 0.36811876510044717, 0.028790635217159143, 0.18790062542136327], [0.05668036841532354, 0.668242879002062, 0.2025681599449641, 0.07250859263765017], [0.7603408116650222, 0.030492692802479977, 0.043419007474805364, 0.1657474880576925], [0.09444065243286054, 0.022575283152638088, 0.8700578549436565, 0.012926209470844885], [0.6708151409973344, 0.050174450505040366, 0.2231629213306121, 0.05584748716701316], [0.1387298961222771, 0.1169082772136379, 0.2708462385407666, 0.47351558812331834], [0.670362348560242, 0.21902086221185096, 0.004584901581258783, 0.10603188764664832], [0.7029778274356239, 0.038227322324672484, 0.07255073795439275, 0.1862441122853109], [0.2168677925662632, 0.45883335687903326, 0.007833659951807025, 0.31646519060289646], [0.9008635431074773, 0.003474652038824437, 0.09283760481624447, 0.002824200037453816], [0.7544188980076374, 0.015510253458005916, 0.200775992482999, 0.029294856051357687], [0.04230130287580555, 0.6010412332525771, 0.008536496543701748, 0.34812096732791553], [0.06646613209153433, 0.4479250406317428, 0.13417424322492158, 0.3514345840518012], [0.03728928779155366, 0.8997293554822092, 0.0093710229128094, 0.05361033381342777], [0.7698301936524805, 0.0540061273638973, 0.08295023890596746, 0.09321344007765481], [0.5167151582510159, 0.078929966931486, 0.270666299193014, 0.1336885756244842], [0.9849890812037695, 0.0001865743824884521, 0.0005799504940441365, 0.014244393919697954], [0.15226069283999105, 0.3113593859174203, 0.062341874141249004, 0.4740380471013395], [0.789993220509104, 0.05588577100563596, 0.08550499765316431, 0.06861601083209565], [0.0311714690898395, 0.020724051160857487, 0.06747803324105882, 0.8806264465082442], [0.3361848408267225, 0.010623136485767204, 0.3485968380767534, 0.304595184610757], [0.981460227484488, 0.010713408592640588, 0.004708785340077982, 0.0031175785827935397], [0.597028386378042, 0.29439302177085014, 0.09333453474312017, 0.015244057107987668], [0.9454322107433114, 0.022301866726152003, 0.00994497099148183, 0.022320951539054713], [0.805206037569331, 0.009143761767285593, 0.08158243753758922, 0.10406776312579438], [0.9488229735098038, 0.010084344622552411, 0.017656383540566038, 0.023436298327077904], [0.8411466376006823, 0.005189177861975023, 0.09526524904162191, 0.058398935495720776], [0.969888801489123, 0.00013319296995769453, 0.01670514759881847, 0.013272857942100976], [0.05609886193226486, 0.9360020616230216, 0.003211975641780922, 0.004687100802932662], [0.8640256751808018, 0.06532982236113456, 0.06690498436867649, 0.0037395180893871434], [0.8981241415776202, 0.0023692045552486636, 0.020112482555177474, 0.07939417131195366], [0.06588044310356564, 0.4648206442338724, 0.11419877755134752, 0.35510013511121463], [0.0039638463066272046, 0.8408225956823534, 0.12443624159454932, 0.030777316416470104], [0.019167953904464182, 0.013263394123867374, 0.9260299191167152, 0.041538732854953186]]}}