{"test": {"ids": ["105115250", "113119300", "97114170", "110121720", "107113550", "109113881", "99111930", "98112300", "103111480", "102110690", "101112160", "110114720", "98111670", "105118740", "107113180", "100109980", "113119480", "110121140", "110118880", "98116500", "107116340", "111117000", "110119300", "100108520", "97106970", "110117870", "105121190", "105113480", "101111210", "98110680", "111116040", "109116810", "103120340", "97107920", "104113550", "101111990", "112116610", "98107210", "113119360", "111120540", "111116411", "99108710", "111117200", "111118820", "100115700", "111114321", "112116640", "100109890", "103117200", "109119010", "111119430", "111116990", "107118820", "113120531", "110117500", "111120220", "102110750", "99121440", "107114321", "107120260", "99111000", "109121640", "105115570", "101119030", "111116100", "112119610", "110120700", "104113240", "106121220", "111121190", "105112130", "108119550", "108116481", "101114990", "113117401", "109117730", "112120540", "97106591", "113122510", "104113170", "107114280", "106118520", "113118810", "112120290", "100109801", "105116090", "109116441", "112116900", "106116441", "108113620", "109113591", "103112470", "101112690", "112116990", "110115710", "97116500", "98108580", "111119290", "107113260", "98107010", "112116501", "109119340", "99109910", "98107410", "113122190", "112118890", "112118161", "104117630", "103117461", "107116501", "113120591", "109120150", "97106820", "111115400", "101117580", "112118511", "111120320", "110114920", "107113130", "99116500", "97107821", "107118520", "111115780", "108120260", "110114651", "99119830", "105114220", "107116980", "97116800", "103113270", "103120730", "109114720", "101111140", "102117351", "112117660", "99108310", "102113210", "112119580", "110116290", "108114360", "113121410", "99112840"], "labels": [2, 1, 2, 3, 0, 0, 1, 2, 0, 0, 3, 3, 1, 1, 3, 1, 3, 3, 0, 2, 3, 0, 1, 2, 2, 3, 2, 0, 2, 2, 0, 3, 1, 0, 1, 2, 1, 1, 0, 1, 0, 2, 0, 0, 1, 1, 0, 3, 0, 3, 3, 0, 3, 0, 1, 3, 1, 2, 0, 1, 2, 0, 0, 3, 3, 0, 2, 2, 1, 1, 1, 1, 0, 3, 3, 3, 3, 1, 2, 3, 3, 2, 3, 1, 0, 1, 3, 3, 0, 3, 3, 1, 1, 0, 2, 2, 0, 3, 0, 3, 3, 3, 2, 3, 1, 3, 0, 0, 0, 1, 0, 2, 1, 0, 3, 1, 1, 3, 1, 2, 2, 2, 1, 1, 3, 1, 3, 3, 0, 2, 1, 0, 2, 1, 0, 2, 3, 3, 2, 1, 0, 2], "predicted_labels": [0, 3, 3, 1, 2, 1, 1, 3, 3, 1, 2, 2, 0, 1, 2, 0, 0, 0, 1, 3, 1, 1, 0, 3, 3, 1, 2, 3, 1, 2, 0, 1, 1, 0, 0, 3, 0, 3, 3, 1, 0, 1, 3, 3, 3, 1, 0, 1, 3, 2, 1, 0, 0, 3, 0, 0, 2, 1, 3, 0, 2, 3, 0, 0, 0, 1, 0, 1, 3, 3, 1, 0, 3, 1, 3, 0, 1, 1, 1, 1, 1, 3, 3, 2, 3, 3, 0, 1, 0, 3, 1, 3, 1, 0, 1, 2, 0, 3, 1, 1, 3, 3, 2, 0, 2, 0, 3, 0, 3, 3, 3, 2, 3, 0, 0, 3, 3, 1, 2, 1, 3, 1, 1, 1, 3, 3, 0, 0, 0, 2, 1, 2, 3, 0, 3, 3, 3, 3, 2, 1, 3, 1], "confidence_scores": [[0.2758612171527007, 0.2810985641845432, 0.15084888711252484, 0.2921913315502313], [0.29160282326374076, 0.2319898072513056, 0.08143702782647967, 0.39497034165847406], [0.21843646197524685, 0.2774808642484306, 0.1587482428637684, 0.34533443091255384], [0.2363652779124554, 0.305627854028425, 0.20057003379104046, 0.2574368342680788], [0.23087814277645666, 0.261287177374885, 0.2832895152585725, 0.2245451645900858], [0.2514109791767055, 0.31383929951356226, 0.1502817030469481, 0.284468018262784], [0.17033377471535904, 0.3351351135686413, 0.28345444060661823, 0.2110766711093814], [0.2641465998763681, 0.25227360720698144, 0.1430909667423859, 0.34048882617426457], [0.23148490430639107, 0.27214169468631494, 0.19809184279031491, 0.2982815582169793], [0.2576270863755923, 0.31358759373653505, 0.11631935648478357, 0.312465963403089], [0.15674568094465782, 0.28084879408844365, 0.3073088888174275, 0.2550966361494711], [0.15685421178506462, 0.28730584341119053, 0.39425807550331776, 0.16158186930042687], [0.24383187558442332, 0.2561229202709077, 0.2351912918062872, 0.26485391233838185], [0.21514569544611786, 0.298633654280178, 0.22645054484330132, 0.2597701054304026], [0.2292181383428676, 0.3062286821927295, 0.3102084058932393, 0.15434477357116327], [0.27628016633716895, 0.2653396381489887, 0.18507435209902745, 0.2733058434148148], [0.2700699895070631, 0.27301050440933294, 0.1307175601717408, 0.32620194591186336], [0.25317487937665145, 0.2802192886217044, 0.2664580917856432, 0.2001477402160009], [0.2632242348017742, 0.3249762187532332, 0.12494451300888168, 0.2868550334361109], [0.2550306562575111, 0.26916718817966273, 0.14222840947061827, 0.33357374609220786], [0.2557977937862922, 0.300971548200104, 0.15524368975616198, 0.28798696825744186], [0.2351558026935742, 0.3255740655539957, 0.1857363812294922, 0.25353375052293764], [0.2725433600977216, 0.30069844832125076, 0.16494464128122024, 0.26181355029980746], [0.2364875692703928, 0.2534780392092519, 0.18435067558206564, 0.3256837159382897], [0.23999184971370358, 0.2751359165854356, 0.22110621326793298, 0.26376602043292785], [0.2178832724854233, 0.29848213657652717, 0.2221650755643621, 0.26146951537368757], [0.1547600915957055, 0.2804040184188365, 0.29508489982664804, 0.26975099015880993], [0.21475468514171694, 0.28682126519842155, 0.18701236525346135, 0.3114116844064001], [0.22934495494192517, 0.3112058659086583, 0.21135918711921747, 0.24808999203019919], [0.1743652761706069, 0.3043582421065197, 0.36777498864625996, 0.1535014930766135], [0.2707301398953079, 0.25812108415217405, 0.17695272710163684, 0.2941960488508813], [0.2595103634265077, 0.3180694403846899, 0.13826032848304268, 0.2841598677057599], [0.22528786522341104, 0.29227907147587423, 0.23066966233246522, 0.2517634009682491], [0.3075112531211845, 0.22334514635858704, 0.10864481192353781, 0.36049878859669027], [0.29075462640820926, 0.24930995340565862, 0.18214294929853125, 0.277792470887601], [0.24757775967473597, 0.2574242495035068, 0.16992369226395038, 0.325074298557807], [0.2875119356813351, 0.3014995944454583, 0.14626555222992565, 0.264722917643281], [0.21615728474527324, 0.2640861323269629, 0.22761231541652474, 0.2921442675112389], [0.26526865270740735, 0.25432389507629105, 0.1351259096144549, 0.34528154260184657], [0.22657801111974749, 0.321217838871303, 0.22552769447622, 0.22667645553272925], [0.3075013464805677, 0.24415555256296886, 0.06247557514098002, 0.385867525815483], [0.21840324181179988, 0.31860235948068677, 0.18968083066079916, 0.27331356804671403], [0.26356116104087013, 0.2659899105664162, 0.12307234551756145, 0.34737658287515216], [0.28486143823151977, 0.2533109037874532, 0.09630383287089238, 0.3655238251101347], [0.2514329953715569, 0.2750333018554206, 0.18270781565271035, 0.2908258871203124], [0.24071072132705362, 0.32942707600902593, 0.21923065229074254, 0.21063155037317796], [0.28616250567482604, 0.2644924054453948, 0.11675655153787909, 0.33258853734190025], [0.23688678501827362, 0.2782266218194282, 0.21298723605848482, 0.2718993571038133], [0.2707055395609362, 0.27216519272744333, 0.10255399071411453, 0.3545752769975059], [0.18251754283928706, 0.282400407258934, 0.3048889324154518, 0.23019311748632706], [0.2218828701802321, 0.31647665192403474, 0.23812504128813622, 0.22351543660759704], [0.3063346959814268, 0.24861020186110053, 0.10369066861182483, 0.3413644335456475], [0.27402783655684965, 0.30942450430459156, 0.13181427382218097, 0.2847333853163776], [0.26709892141103425, 0.2862707895226819, 0.12707893630204223, 0.31955135276424157], [0.27949154386340846, 0.31851849070002475, 0.14589383905465372, 0.2560961263819128], [0.29467003333502545, 0.29988188482895384, 0.10045231265224645, 0.30499576918377463], [0.19593497226418416, 0.3367716459734015, 0.343958306285998, 0.12333507547641606], [0.23880322579190844, 0.3358300051064355, 0.1811002264293128, 0.2442665426723435], [0.23804945116279977, 0.26519032055818187, 0.1725455906489387, 0.3242146376300795], [0.27210710114583797, 0.311427285290427, 0.18796119428193922, 0.22850441928179563], [0.1596024776452664, 0.3376353612918624, 0.37197512581020864, 0.1307870352526627], [0.24545015928924485, 0.2883870602993287, 0.15066963337814243, 0.3154931470332844], [0.25281453556554356, 0.28423104425394724, 0.21758634554668002, 0.24536807463382912], [0.2739004262282533, 0.2977595999210427, 0.126099425927271, 0.3022405479234334], [0.28108319415755095, 0.30422680879955566, 0.12769765702491995, 0.28699234001797347], [0.21404328255244104, 0.29469540067625055, 0.26182406496265576, 0.22943725180865243], [0.28368310991302803, 0.3222417478200866, 0.15436357773085488, 0.2397115645360303], [0.22371057095489613, 0.3562462731448465, 0.23022556440016656, 0.18981759150009084], [0.24225465648440372, 0.2782249732384144, 0.1604164090930088, 0.31910396118417295], [0.25158394074215723, 0.27270391767866903, 0.15260079505624538, 0.3231113465229283], [0.22930794475919924, 0.310317821823241, 0.16296011177302827, 0.2974141216445312], [0.26881375187691886, 0.26136908593150326, 0.15235925469106407, 0.31745790750051367], [0.28389877644449274, 0.26581695185535587, 0.09614404735477321, 0.3541402243453781], [0.21648155171454872, 0.3518904429534256, 0.17443318564126895, 0.2571948196907565], [0.24190757631117124, 0.29754569670001496, 0.1467710206441216, 0.3137757063446921], [0.27101436977613363, 0.2813378045912854, 0.15724978957020128, 0.2903980360623798], [0.2524406802888836, 0.31349485052926707, 0.13637956944312676, 0.2976848997387231], [0.23734089897493893, 0.2861380433091783, 0.18887266285185184, 0.28764839486403054], [0.2402999215944976, 0.29003278742839234, 0.23198304790659144, 0.23768424307051872], [0.23554481904160163, 0.32515351726528985, 0.16682766374966965, 0.27247399994343896], [0.24332264581911722, 0.32273121252258247, 0.1860948096086856, 0.2478513320496145], [0.28734820046744547, 0.2858240815954322, 0.08600264431787547, 0.34082507361924697], [0.2513818378895605, 0.2805023358364251, 0.12157661293755176, 0.3465392133364625], [0.2056456699930149, 0.27090453453008256, 0.3648372847873187, 0.15861251068958399], [0.2673269215281705, 0.2939239180806964, 0.11684616011037782, 0.3219030002807553], [0.27103112292641174, 0.2661889519406531, 0.13383822727956193, 0.3289416978533732], [0.2947819202783912, 0.30806716324453365, 0.08105484110648127, 0.3160960753705937], [0.2746891194554492, 0.30739337157548935, 0.11772481731980308, 0.3001926916492582], [0.28476918791656286, 0.3194291005754879, 0.11681477528070774, 0.2789869362272417], [0.24048939694546975, 0.2611848116527873, 0.186451139029505, 0.311874652372238], [0.26904813645343245, 0.34408950284739637, 0.12086382894120132, 0.2659985317579699], [0.2556430636619716, 0.2897533864670053, 0.14943342424901504, 0.3051701256220082], [0.22372614242381644, 0.31093545194946287, 0.17767838816443932, 0.2876600174622812], [0.29785412725532373, 0.23283128280066331, 0.14000277928379165, 0.3293118106602214], [0.24442003858934705, 0.2838145733754563, 0.2090245768590872, 0.2627408111761095], [0.20985652152381923, 0.28137241198785806, 0.33181322631440496, 0.17695784017391783], [0.25471305244824716, 0.2681280239743337, 0.20212902892606252, 0.2750298946513566], [0.2298677909598356, 0.2843557002049863, 0.14595166569176962, 0.33982484314340844], [0.22589104381813987, 0.2957607098259571, 0.17331261562383146, 0.30503563073207174], [0.23872515612113449, 0.31381742036871735, 0.16693062487670143, 0.2805267986334469], [0.24240303387758635, 0.3016973955915014, 0.13071392571613502, 0.32518564481477763], [0.2574532646917753, 0.2811330100083394, 0.14894310647699777, 0.31247061882288735], [0.13312108499364003, 0.2818406041086761, 0.4612082081827675, 0.12383010271491601], [0.2916492191759465, 0.23634030878574813, 0.1519198930647062, 0.3200905789735995], [0.22943708087011327, 0.27583096131306073, 0.23507675793520885, 0.2596551998816169], [0.28307898084068467, 0.30679354462665726, 0.10432484067391787, 0.30580263385874007], [0.27952208769947745, 0.2580818080476487, 0.11227225058082554, 0.3501238536720484], [0.295593676849339, 0.2625489399194395, 0.14724727488795614, 0.29461010834326523], [0.24213751012286924, 0.2798334947630088, 0.13981302358349526, 0.3382159715306266], [0.2794482119053376, 0.2947921450379011, 0.10023649666367429, 0.3255231463930873], [0.2839580747344051, 0.24900477541504348, 0.08921594359269247, 0.37782120625785903], [0.22558975088139413, 0.3054594984941792, 0.31567977724820606, 0.15327097337622056], [0.24578389647615853, 0.2446884246711427, 0.19151902126375842, 0.3180086575889407], [0.25499264928231097, 0.30473145588209105, 0.2459964125576915, 0.19427948227790662], [0.29405484392587056, 0.28561277180507727, 0.09303024824557944, 0.3273021360234726], [0.21343245224966959, 0.26274178509438895, 0.19201623551261962, 0.3318095271433215], [0.25879197756258826, 0.26469614495078203, 0.129205879671606, 0.34730599781502364], [0.2701382798399305, 0.3101105127158527, 0.1156858207567505, 0.3040653866874664], [0.22257029396832062, 0.30012216501315236, 0.31159971950773335, 0.1657078215107934], [0.16493094665681332, 0.3555603853813709, 0.2571978427073426, 0.2223108252544734], [0.27473295328599817, 0.28550204477946495, 0.1079639046770883, 0.3318010972574486], [0.21194598704739803, 0.3496939122345307, 0.2205893334099441, 0.21777076730812706], [0.27358187320760363, 0.30628166298448206, 0.14097473229218313, 0.27916173151573176], [0.28304756498606326, 0.325781117193918, 0.119239589695717, 0.2719317281243016], [0.26344767201188307, 0.30708770353215425, 0.10461526705514801, 0.3248493574008148], [0.21264338577879857, 0.2992395960714858, 0.17264671142707239, 0.3154703067226434], [0.28402920782353425, 0.29839660569550247, 0.10233308745050333, 0.31524109903046027], [0.2777731158306013, 0.31966200729967403, 0.1755983863701386, 0.2269664904995857], [0.2845277033800641, 0.29863433054836463, 0.20623112058489054, 0.21060684548668052], [0.20593973897857576, 0.2715893611319216, 0.27768976215698493, 0.24478113773251808], [0.2731558912382728, 0.3220764627510156, 0.10504942816370735, 0.2997182178470043], [0.16330856982786546, 0.2744151526834213, 0.3108753781947609, 0.2514008992939521], [0.26096784407461976, 0.25607754184701104, 0.1694790243390716, 0.31347558973929746], [0.295381588754059, 0.2778857593136343, 0.07862509943356419, 0.34810755249874253], [0.26074744753756146, 0.280209545006024, 0.15547027320323578, 0.3035727342531786], [0.258752766212054, 0.2772477064944049, 0.15658575151019968, 0.3074137757833414], [0.2615511470067282, 0.26939964276811856, 0.1375901254047886, 0.33145908482036457], [0.21802029259974848, 0.30203107174755456, 0.13959852331469907, 0.34035011233799795], [0.21777937671112363, 0.2510054937908621, 0.3317336548522346, 0.1994814746457796], [0.18869398958752523, 0.31569394010589075, 0.2836586404236821, 0.21195342988290214], [0.27709968517859146, 0.27038918745529433, 0.08430392522919403, 0.36820720213692015], [0.2315459184858525, 0.3158437338090332, 0.19577881871387137, 0.25683152899124295]]}, "rewritten": {"ids": ["97106591", "97106820", "97106970", "97107821", "97107920", "97114170", "97116500", "97116800", "98107010", "98107210", "98107410", "98108580", "98110680", "98111670", "98112300", "98116500", "99108310", "99108710", "99109910", "99111000", "99111930", "99112840", "99116500", "99119830", "99121440", "100108520", "100109801", "100109890", "100109980", "100115700", "101111140", "101111210", "101111990", "101112160", "101112690", "101114990", "101117580", "101119030", "102110690", "102110750", "102113210", "102117351", "103111480", "103112470", "103113270", "103117200", "103117461", "103120340", "103120730", "104113170", "104113240", "104113550", "104117630", "105112130", "105113480", "105114220", "105115250", "105115570", "105116090", "105118740", "105121190", "106116441", "106118520", "106121220", "107113130", "107113180", "107113260", "107113550", "107114280", "107114321", "107116340", "107116501", "107116980", "107118520", "107118820", "107120260", "108113620", "108114360", "108116481", "108119550", "108120260", "109113591", "109113881", "109114720", "109116441", "109116810", "109117730", "109119010", "109119340", "109120150", "109121640", "110114651", "110114720", "110114920", "110115710", "110116290", "110117500", "110117870", "110118880", "110119300", "110120700", "110121140", "110121720", "111114321", "111115400", "111115780", "111116040", "111116100", "111116411", "111116990", "111117000", "111117200", "111118820", "111119290", "111119430", "111120220", "111120320", "111120540", "111121190", "112116501", "112116610", "112116640", "112116900", "112116990", "112117660", "112118161", "112118511", "112118890", "112119580", "112119610", "112120290", "112120540", "113117401", "113118810", "113119300", "113119360", "113119480", "113120531", "113120591", "113121410", "113122190", "113122510"], "labels": [1, 1, 2, 2, 0, 2, 2, 0, 3, 1, 3, 0, 2, 1, 2, 2, 2, 2, 2, 2, 1, 2, 2, 1, 2, 2, 0, 3, 1, 1, 2, 2, 2, 3, 1, 3, 3, 3, 0, 1, 3, 1, 0, 1, 2, 0, 0, 1, 1, 3, 2, 1, 0, 1, 0, 3, 2, 0, 1, 1, 2, 0, 2, 1, 1, 3, 0, 0, 3, 0, 3, 1, 3, 2, 3, 1, 3, 1, 0, 1, 1, 3, 0, 0, 3, 3, 3, 3, 3, 2, 0, 3, 3, 3, 2, 2, 1, 3, 0, 1, 2, 3, 3, 1, 0, 1, 0, 3, 0, 0, 0, 0, 0, 3, 3, 3, 1, 1, 1, 3, 1, 0, 3, 0, 0, 0, 1, 3, 3, 0, 1, 3, 3, 3, 1, 0, 3, 0, 0, 0, 1, 2], "predicted_labels": [3, 3, 3, 3, 0, 3, 2, 0, 1, 3, 0, 1, 2, 3, 3, 3, 3, 1, 2, 1, 1, 1, 1, 1, 1, 0, 1, 1, 0, 3, 3, 1, 3, 3, 1, 1, 0, 0, 1, 1, 3, 0, 3, 1, 2, 3, 3, 1, 1, 1, 1, 0, 0, 1, 1, 0, 0, 3, 3, 1, 3, 1, 3, 3, 0, 1, 1, 2, 1, 3, 1, 1, 0, 1, 1, 0, 3, 1, 0, 0, 0, 1, 1, 2, 0, 1, 0, 1, 1, 2, 3, 1, 2, 1, 1, 2, 1, 3, 1, 0, 0, 0, 1, 1, 0, 1, 0, 1, 0, 0, 1, 3, 3, 3, 1, 0, 3, 1, 3, 3, 0, 3, 1, 0, 3, 3, 3, 3, 3, 1, 2, 1, 1, 3, 3, 3, 0, 1, 3, 3, 3, 1], "confidence_scores": [[0.21663985440035832, 0.2861075800475482, 0.20976777341481068, 0.28748479213728256], [0.2650641611366904, 0.24743076581130916, 0.13471036603625333, 0.35279470701574733], [0.22985066054642211, 0.2718286932178287, 0.22482347269055167, 0.2734971735451975], [0.26197948325630394, 0.26800929218627906, 0.1362213710794489, 0.3337898534779683], [0.30527304720179266, 0.23297341616589629, 0.10848174853812409, 0.35327178809418674], [0.20695758533290454, 0.28413256570024553, 0.17435622569934092, 0.3345536232675088], [0.21432953452767278, 0.27021202588546134, 0.30576766559994023, 0.20969077398692548], [0.2738384300622427, 0.2961902317320432, 0.1987471625842815, 0.23122417562143266], [0.23909108785417718, 0.3085766195171584, 0.1658780431717376, 0.2864542494569269], [0.2065578860100647, 0.2759089731715502, 0.2308883760662545, 0.2866447647521306], [0.2628080394225177, 0.25138930892129585, 0.1864593246487245, 0.2993433270074624], [0.24997362026735265, 0.28272229301015966, 0.18754146341118455, 0.27976262331130336], [0.18190678992819992, 0.2973526324546173, 0.34758534447630546, 0.17315523314087736], [0.25199621980744447, 0.2478097786629647, 0.20855294008665853, 0.29164106144293234], [0.24830388336393497, 0.24857471455429433, 0.161513610320654, 0.341607791761117], [0.25293652120668353, 0.2718050836146171, 0.1387912931628235, 0.33646710201587604], [0.2646625731278543, 0.27824233251174524, 0.14599768793591925, 0.3110974064244815], [0.21692577633035778, 0.3144117489415106, 0.1842930248693921, 0.2843694498587394], [0.13803993047135785, 0.26864403915137985, 0.4271562124532034, 0.16615981792405865], [0.16285622971996153, 0.3423351535486773, 0.34614536520765915, 0.1486632515237018], [0.17960596823215735, 0.327570675143031, 0.2521860812674977, 0.24063727535731386], [0.23720527762400279, 0.3193220058874427, 0.18934674166610718, 0.25412597482244786], [0.17068207249123996, 0.3411613636775044, 0.2547661663088323, 0.23339039752242335], [0.2101186673429555, 0.30623869770108575, 0.17815511099365186, 0.30548752396230666], [0.2300483800663943, 0.3227021174951173, 0.18158839078996725, 0.26566111164852096], [0.25655043753970996, 0.2527823779909102, 0.17642806807734324, 0.3142391163920368], [0.2604276029977175, 0.31105119811728854, 0.11782660004896639, 0.3106945988360277], [0.23360510237732202, 0.2877040813597636, 0.2137829585547955, 0.2649078577081187], [0.268127422567611, 0.27897927050924604, 0.1742750829933877, 0.27861822392975527], [0.24672575448438014, 0.2727110408715693, 0.18659037156579664, 0.2939728330782539], [0.253575193445563, 0.25122388053622796, 0.18275518558785925, 0.3124457404303501], [0.2204517428599963, 0.2884500565523784, 0.23300165771940404, 0.25809654286822103], [0.2270048780678075, 0.25425527072482956, 0.2050363249146727, 0.3137035262926901], [0.188947702203403, 0.27439903360642676, 0.24662037921331847, 0.2900328849768519], [0.20884177844256357, 0.30639551849736646, 0.19846455887164455, 0.2862981441884255], [0.22123419189031365, 0.32941785931296796, 0.17668821934219445, 0.2726597294545238], [0.28574441738336814, 0.2839923217992613, 0.10193370853640245, 0.3283295522809682], [0.2825188532559306, 0.27736249535643237, 0.12196682246999023, 0.31815182891764704], [0.26617232853319805, 0.3061300743130753, 0.11734717911676328, 0.31035041803696334], [0.19930754890627528, 0.34148595079029925, 0.32035238231505747, 0.13885411798836803], [0.26149306447190124, 0.26976986196442804, 0.15209630416415856, 0.3166407693995119], [0.2846463757277744, 0.2915709511209439, 0.09359183180324543, 0.33019084134803606], [0.26166950721562343, 0.29033159160040345, 0.11895175122613133, 0.3290471499578419], [0.2516794139328747, 0.31662555757739963, 0.1497833982764477, 0.2819116302132775], [0.2136726042175404, 0.2704672418634545, 0.27459450628464954, 0.24126564763435537], [0.27662099502225507, 0.27295902259914784, 0.10280286788663848, 0.34761711449195865], [0.2669548750986037, 0.28863317429747787, 0.1207867296384642, 0.32362522096545426], [0.23115753424539728, 0.29548932171931763, 0.1898246326051165, 0.28352851143016894], [0.2789366675105035, 0.31303750665267854, 0.10296695200982704, 0.3050588738269907], [0.21211633461039686, 0.33473509598621126, 0.18726584698537074, 0.26588272241802086], [0.2308578048004576, 0.34905546841892365, 0.20012517826391327, 0.21996154851670568], [0.28906989744253025, 0.24917873986897887, 0.161453424451399, 0.30029793823709194], [0.2932859434796584, 0.2698771622438054, 0.15966457415985966, 0.27717232011667675], [0.22761493880610523, 0.3083927836785208, 0.156597274885865, 0.30739500262950914], [0.21075924682741998, 0.29971526499003726, 0.19474588098047665, 0.2947796072020661], [0.27920024188508963, 0.302745361047544, 0.11070373045528378, 0.3073506666120822], [0.2643125668532547, 0.29198743943164623, 0.16028916339022622, 0.2834108303248727], [0.23313983316690592, 0.2793356046306506, 0.2210738699167818, 0.2664506922856621], [0.2537383489821883, 0.2821994823095803, 0.15411948184110097, 0.3099426868671304], [0.22041635307535143, 0.28967715268535965, 0.23218553760447636, 0.25772095663481304], [0.17190509086786876, 0.2872603163498539, 0.25318025269038225, 0.28765434009189533], [0.2742027435603451, 0.3394368945375712, 0.10846856759497767, 0.27789179430710587], [0.2836770891176772, 0.28531418241968176, 0.09212266416954137, 0.33888606429309953], [0.23223187155954808, 0.29002573224525097, 0.17268606841220213, 0.3050563277829987], [0.25775252836020385, 0.31367829244260353, 0.25628001497602704, 0.17228916422116586], [0.23378111602902218, 0.32415131145271486, 0.2479613963032723, 0.19410617621499066], [0.20856998086441159, 0.3305031618498262, 0.18533244836494064, 0.27559440892082143], [0.2166883831468413, 0.26968596250065235, 0.28624010285980545, 0.22738555149270107], [0.23124482465146853, 0.3279214473156434, 0.2028370918420648, 0.23799663619082323], [0.24154046305193116, 0.2726824670353979, 0.15346347566727447, 0.3323135942453964], [0.267408206224037, 0.3018397013836722, 0.12232389311557676, 0.30842819927671405], [0.26569251077497064, 0.30856996844178547, 0.12353533700826645, 0.30220218377497765], [0.28118383570437167, 0.3313653894249911, 0.157570485771864, 0.229880289098773], [0.20200799070629624, 0.3445129801914078, 0.21198013036581387, 0.24149889873648228], [0.2669714056025335, 0.31269731399380873, 0.12782922626581153, 0.29250205413784613], [0.2763528642462546, 0.30550354623441445, 0.16080379626631477, 0.25733979325301637], [0.25992836508439937, 0.27698461528900137, 0.1415188267040222, 0.32156819292257677], [0.19585104274320175, 0.30464384839988684, 0.24745923835914965, 0.25204587049776184], [0.2898657949629628, 0.2680930538996384, 0.09004854391715804, 0.351992607220241], [0.26107938480765264, 0.26922991512986333, 0.16495777724318506, 0.30473292281929876], [0.28290673437494906, 0.3280381142628714, 0.1397725586941596, 0.24928259266802022], [0.26759563755715926, 0.3359956629451344, 0.12114354693931136, 0.27526515255839495], [0.25670630590172, 0.3136191847373938, 0.14229986348075171, 0.28737464588013434], [0.1732909247331644, 0.3129039024939583, 0.2991663924093027, 0.21463878036357473], [0.2948271081966936, 0.30632340314368073, 0.08389128020769497, 0.3149582084519308], [0.2667627116369105, 0.3036124498143956, 0.133231128769659, 0.2963937097790344], [0.27064368663157906, 0.29029326330196614, 0.1506869745427023, 0.2883760755237528], [0.21849890056964716, 0.2889814155850598, 0.2206229136807983, 0.2718967701644946], [0.24357004486936257, 0.28607491239687205, 0.1946812371067975, 0.2756738056269679], [0.21781350256580598, 0.30430713748872007, 0.31070463507822066, 0.16717472486725335], [0.23936799501258021, 0.2921301551186676, 0.15299522084114683, 0.31550662902760535], [0.25317149084465257, 0.3155974946023805, 0.11968351629254283, 0.3115474982604242], [0.14456508080578584, 0.2982940877190782, 0.3894452637285029, 0.16769556774663325], [0.2583944947413885, 0.3286870321512666, 0.13593820262534534, 0.2769802704819996], [0.24635552403756172, 0.2974123015247798, 0.18513915193375644, 0.27109302250390205], [0.23316797333912004, 0.2517742703224051, 0.2783421213679515, 0.23671563497052367], [0.26931177942465195, 0.320278453369123, 0.14459176485364397, 0.26581800235258113], [0.2165939495346747, 0.2850648457960849, 0.21401273426872947, 0.284328470400511], [0.26244500223798345, 0.33840211142459603, 0.12625294720823096, 0.2728999391291895], [0.2798146552646586, 0.2985849491654218, 0.15849274515138137, 0.2631076504185381], [0.2841691730365416, 0.3058002379197253, 0.1411232665219081, 0.26890732252182503], [0.2629903305756691, 0.2845837642837714, 0.21642392600833146, 0.23600197913222778], [0.23301294488580235, 0.3056700552971661, 0.2155264772817995, 0.2457905225352322], [0.21236232506905117, 0.3394049932389684, 0.24866784799366617, 0.19956483369831432], [0.2632652156691313, 0.30256053643579234, 0.22041886119119927, 0.21375538670387714], [0.2708624185824151, 0.3129032432441396, 0.1463520027744086, 0.26988233539903655], [0.2697659028443807, 0.25924552437645926, 0.17125852179072654, 0.29973005098843347], [0.2738724898588064, 0.3181822862542752, 0.13127089763007013, 0.2766743262568482], [0.3061674533624589, 0.23446348190681984, 0.06984433800655923, 0.38952472672416205], [0.2827699856527474, 0.26203810973271174, 0.12726043717289542, 0.32793146744164553], [0.2390943936569297, 0.32126139126081704, 0.174554270546314, 0.26508994453593915], [0.26276434881176924, 0.2792167280937365, 0.11980228626837268, 0.33821663682612185], [0.28474994903340806, 0.2641338951960576, 0.09602041248688846, 0.35509574328364607], [0.20370335337624842, 0.30517498467321674, 0.18680471780434244, 0.30431694414619237], [0.22344532088030175, 0.3227363978694978, 0.21418384138031674, 0.23963443986988386], [0.2895215466670092, 0.30508623844391003, 0.10582440217072478, 0.2995678127183559], [0.26782542123951114, 0.2800463527246456, 0.10938581804100603, 0.34274240799483724], [0.1993934226907393, 0.3165142819593937, 0.25409038077238844, 0.2300019145774787], [0.24025033285330175, 0.2778750929376837, 0.1820325899939221, 0.2998419842150926], [0.25593491792143647, 0.3055730358980367, 0.11249630183504268, 0.32599574434548406], [0.28202251867980493, 0.30657989391417634, 0.14762162750044805, 0.2637759599055708], [0.26952392724070756, 0.27503224285653866, 0.14265207548960385, 0.31279175441315], [0.27434879735069806, 0.30961585521624996, 0.11717729159686725, 0.298858055836185], [0.29001724133002177, 0.22550316392842634, 0.14347079368976726, 0.34100880105178477], [0.2613559169158841, 0.2889229605653747, 0.1289301069696634, 0.32079101554907774], [0.2786946175876697, 0.2610138735653515, 0.10735014559823369, 0.3529413632487451], [0.21427221436103122, 0.29150483550454026, 0.18535335088514024, 0.3088695992492882], [0.2801995169014986, 0.2990117448801406, 0.08928315858570354, 0.3315055796326575], [0.22590031054247112, 0.3113966583186374, 0.13680278570742307, 0.3259002454314684], [0.2227383752634289, 0.2896930522483665, 0.2192352841888756, 0.26833328829932895], [0.19527973663568982, 0.2747910034723136, 0.37415433754351624, 0.15577492234848037], [0.24192872398661755, 0.30704619777074554, 0.13792395611665634, 0.31310112212598074], [0.2449456421757456, 0.29729000944458844, 0.15007565448761856, 0.3076886938920474], [0.24845547806163346, 0.28447524735896734, 0.12224736781752057, 0.3448219067618788], [0.27973038214576207, 0.2457415652263777, 0.09408769678323672, 0.3804403558446234], [0.25709115418825, 0.2583732780912797, 0.14724860097617967, 0.3372869667442904], [0.28324963179706364, 0.2724521920850867, 0.11387490608264526, 0.3304232700352044], [0.25799270683082376, 0.28833684158535927, 0.14956676171964708, 0.30410368986417025], [0.2765853668731256, 0.2695569281959829, 0.09284931840152534, 0.3610083865293659], [0.2718009437057884, 0.2700001181237354, 0.08165134629823044, 0.37654759187224573], [0.2177071579761877, 0.26642274107617203, 0.24688538182053238, 0.2689847191271079], [0.23441261390041288, 0.3025106172889764, 0.22208868115826044, 0.24098808765235033]]}}