{"test": {"ids": ["99108310", "106116820", "100108580", "108114180", "103110760", "97108520", "113119340", "112118620", "112116800", "112116990", "102110050", "98109090", "105113210", "97106600", "104112201", "111120640", "107116980", "101108460", "107116300", "105115380", "110120531", "111119580", "104111380", "102109010", "108116120", "99117740", "104116980", "112117471", "106114880", "113119700", "98116500", "109116040", "106119990", "111115620", "110117110", "110120540", "103120290", "104114740", "109118161", "102110240", "107114621", "108114220", "101108290", "99120010", "97107821", "110118111", "97114170", "112117210", "105110251", "108118301", "110120640", "113120531", "103120340", "109119591", "107121640", "105113330", "99111000", "112118471", "98111860", "109117431", "103110220", "108120621", "105116650", "113118111", "113119450", "101112690", "108113700", "105119950", "101117580", "103109021", "109116930", "100111270", "99111340", "104113550", "108118810", "106113190", "100109890", "112117580", "109117600", "106114321", "99117630", "110115250", "107121230", "106120640", "111116640", "107115250", "111121351", "107113180", "98107410", "111120220", "108118060", "106115250", "112116900", "99108580", "101114020", "106113360", "97105451", "102108621", "101121640", "113120640", "99107630", "103120730", "111120540", "107113550", "100116500", "107118820", "103113640", "101111990", "99114890", "109113881", "106117790", "110113931", "100109801", "112116451", "109120540", "113122510", "102112301", "100109330", "110121170", "112117660", "98110810", "111119300", "99109311", "109120560", "100113210", "110116501", "100111620", "110119300", "106116441", "110121720", "99108710", "99111620", "101108370", "97106970", "112116401", "109121640", "109114220", "111117120", "109119010", "101108121", "110115710", "99116500"], "labels": [2, 1, 0, 1, 1, 2, 0, 3, 0, 0, 3, 1, 3, 3, 0, 0, 3, 0, 0, 1, 0, 3, 3, 1, 1, 2, 1, 3, 0, 0, 2, 0, 0, 1, 0, 1, 2, 2, 0, 3, 0, 3, 0, 2, 2, 1, 2, 1, 0, 1, 0, 0, 1, 0, 1, 3, 2, 1, 0, 1, 2, 1, 1, 1, 3, 1, 0, 3, 3, 0, 0, 2, 1, 1, 1, 0, 3, 0, 1, 2, 3, 1, 0, 3, 0, 2, 0, 3, 3, 3, 1, 2, 3, 0, 3, 0, 0, 3, 2, 0, 2, 1, 1, 0, 2, 3, 1, 2, 2, 0, 1, 1, 0, 0, 1, 2, 1, 0, 2, 0, 1, 1, 1, 1, 0, 3, 3, 1, 0, 3, 2, 3, 1, 2, 0, 0, 3, 2, 3, 0, 2, 2], "predicted_labels": [1, 0, 3, 0, 3, 1, 0, 3, 1, 3, 3, 3, 3, 1, 3, 3, 0, 0, 1, 2, 0, 3, 1, 0, 2, 0, 3, 0, 1, 1, 3, 3, 2, 3, 1, 1, 1, 3, 1, 0, 3, 0, 1, 1, 3, 2, 3, 1, 1, 3, 3, 3, 1, 1, 3, 3, 3, 1, 2, 0, 1, 3, 2, 0, 0, 3, 3, 2, 3, 0, 0, 3, 2, 0, 1, 1, 3, 3, 0, 0, 2, 1, 3, 1, 0, 1, 0, 1, 0, 0, 3, 1, 3, 0, 1, 3, 1, 1, 3, 0, 3, 0, 0, 3, 3, 1, 0, 3, 3, 0, 1, 3, 3, 0, 1, 3, 3, 0, 3, 3, 2, 1, 1, 0, 3, 3, 3, 2, 1, 1, 1, 1, 3, 2, 3, 1, 0, 1, 3, 3, 1, 2], "confidence_scores": [[0.0294476823287788, 0.8651258230184484, 0.1052647178005274, 0.00016177685224525422], [0.9313880890711904, 0.0048396503531755435, 0.040795973402547626, 0.022976287173086564], [0.011516816798283714, 0.01715097963725896, 0.009121020681122687, 0.9622111828833346], [0.4146284590748854, 0.31209969026542284, 0.015956641541037226, 0.2573152091186547], [0.019240217454457406, 0.0072151573588439795, 0.013991290592734844, 0.9595533345939637], [0.16940832537708786, 0.7304989896548333, 0.02930092558712339, 0.0707917593809556], [0.8926215595075192, 0.028398065185606676, 7.525701294164709e-05, 0.07890511829393235], [0.0067722103433815704, 0.1682971183212427, 0.009721468590925994, 0.8152092027444497], [0.011472910539975793, 0.704597574964373, 0.01361953812040427, 0.27030997637524695], [0.04757449530380626, 0.006590308744278815, 0.25970938581560515, 0.6861258101363097], [0.01258863133559682, 0.0028637020555256154, 0.191611851533478, 0.7929358150753996], [0.003938850774622156, 0.011202582881179937, 0.0014593575424653976, 0.9833992088017326], [0.26211188035682903, 0.0692445546899275, 0.010100108960806535, 0.6585434559924368], [0.04871447160986595, 0.4908281686404326, 0.0013813476857444783, 0.459076012063957], [0.012654659289176211, 0.007300436050125375, 0.012179699092814383, 0.9678652055678841], [0.12239246078525451, 0.31108811890298244, 0.09010923112709107, 0.4764101891846721], [0.9506358048892977, 0.01242984499609369, 0.00035375158170630777, 0.03658059853290237], [0.9268195885591993, 5.6912941742598034e-05, 0.0008811834546373952, 0.07224231504442066], [0.03180452599721162, 0.9379297478767338, 0.00861328985364193, 0.021652436272412662], [0.006004344347063293, 0.15299592230764328, 0.7503759448078514, 0.09062378853744209], [0.8870760462986302, 0.08205249469528472, 0.01922441047696565, 0.011647048529119488], [0.25014105023038957, 0.01361093582214609, 0.0021035831475076316, 0.7341444307999567], [0.1617841681579277, 0.6719581065351108, 0.09713235500136361, 0.06912537030559791], [0.5670806606946796, 0.10332368381606838, 0.2815627785818307, 0.04803287690742136], [0.2960147021528356, 0.11325655391727571, 0.4333929536467618, 0.1573357902831269], [0.9122159916868781, 0.07203919079163915, 0.011388812203101884, 0.004356005318380935], [4.9116960144869974e-06, 0.18832387793002042, 0.007038042317932393, 0.8046331680560327], [0.9334848653499954, 0.012299195467268603, 0.021756800734264902, 0.03245913844847127], [0.045318779601986874, 0.5942111230659658, 0.22717925073174577, 0.1332908466003016], [0.027640719623034, 0.9013458763269757, 0.02958842727079811, 0.041424976779191956], [0.2362372367569737, 0.0038283806237260844, 0.0075149383967453385, 0.7524194442225548], [0.015411463285173312, 0.3089841330085167, 0.014572550662325408, 0.6610318530439846], [0.23310376108230865, 0.016449435110085443, 0.5660344690623592, 0.18441233474524676], [0.024126262197518584, 0.0099773937941405, 0.059581799901982396, 0.9063145441063586], [0.031021069434212196, 0.9403339578070722, 0.007410904150230287, 0.021234068608485236], [0.002004290237839679, 0.9121159209200682, 0.04728416889555455, 0.038595619946537464], [0.18865188831240048, 0.46691999565137154, 0.029326737826995606, 0.3151013782092323], [0.0003289876125948975, 0.024954991099355315, 0.07009350367619338, 0.9046225176118564], [0.006903613414411647, 0.987183188834229, 0.001639109771837867, 0.004274087979521327], [0.6987588475413952, 0.2780710531515791, 0.0024463568264940995, 0.020723742480531694], [0.18856568530918663, 0.00011290965548850413, 3.011730781340564e-05, 0.8112912877275116], [0.5316377494553645, 0.317354776609298, 0.02470893229569428, 0.1262985416396432], [0.041001061432655056, 0.8951134681728085, 0.0003525994434768022, 0.06353287095105979], [0.007406522471149147, 0.5137248636823153, 0.05736242102273606, 0.4215061928237995], [0.09948798377941641, 0.029640488452721516, 0.009991064099553608, 0.8608804636683085], [0.1777348413759994, 0.2658525027562904, 0.3085269708229591, 0.247885685044751], [0.0012072916766850273, 0.4435963087650149, 0.08013202512649978, 0.4750643744318003], [0.000453999284345756, 0.6579177855553425, 0.0857527727736954, 0.2558754423866164], [0.028391359011294415, 0.9366943685311248, 0.029312118885269946, 0.005602153572310884], [0.0014389228933469134, 0.2556938853834138, 0.023371783096269506, 0.7194954086269698], [0.027151593298870413, 0.00038641054043781435, 0.003295998443687959, 0.9691659977170037], [0.06956380471694648, 0.0039295361919857545, 0.005904013448630018, 0.9206026456424377], [0.02024059523937403, 0.8350069896538176, 0.10053871531719409, 0.044213699789614085], [0.15017064121153317, 0.7960907417384833, 0.05317338178022054, 0.0005652352697630348], [0.016686527518337785, 0.006703658271023017, 0.025480727460752566, 0.9511290867498867], [0.02441337685995216, 0.02453480478154823, 0.0005041554600089575, 0.9505476628984907], [0.0002539497015948929, 0.03745553160081977, 0.03926862357492373, 0.9230218951226616], [0.15821037426043588, 0.832247550592498, 0.00913657018001498, 0.00040550496705109117], [2.1957892584104424e-05, 0.010313204999836512, 0.9886508844840298, 0.001013952623549445], [0.9337041796274212, 0.009135939347593222, 0.001971971262113529, 0.05518790976287221], [0.015026268275748664, 0.7872265594975472, 0.04288771644485522, 0.1548594557818491], [0.17524113988125112, 0.043625092460104736, 0.13297330739671995, 0.6481604602619242], [0.0003781693935765158, 0.4095988949226857, 0.5725681473804414, 0.017454788303296276], [0.5219695905603574, 0.00526231805777162, 0.012302196072060739, 0.46046589530981025], [0.5243549051271017, 0.3362990299787065, 0.07922010652812445, 0.060125958366067586], [0.12501349810045595, 0.00928205754646103, 0.001356348779353976, 0.864348095573729], [0.004590618607716071, 0.15164719268071739, 0.021203006220250828, 0.8225591824913157], [0.43970891838762494, 0.012531567008593921, 0.5377838563136752, 0.009975658290105906], [0.007469788340269188, 0.011572193084135115, 0.0009216133294092756, 0.9800364052461865], [0.8504650904543282, 0.04028766327888769, 0.002433226918718795, 0.1068140193480653], [0.7389638090867762, 0.2556834231859979, 0.0004926926024140207, 0.004860075124811839], [0.0025642250507396866, 0.11146415698987225, 0.19775193198131966, 0.6882196859780684], [0.00036023045260229105, 0.05317180255826472, 0.9367565870526422, 0.009711379936490756], [0.899395863417192, 0.05501083557104471, 0.009635754337738682, 0.03595754667402476], [0.0167275411344686, 0.5494927069677696, 0.09927162788338433, 0.33450812401437746], [0.04742865132987858, 0.83720477797892, 0.014287137841913761, 0.10107943284928765], [0.0175526274109915, 0.034123300941991695, 0.07052586238858265, 0.8777982092584341], [0.23872762092322672, 0.06103520503287598, 0.00027156632661638595, 0.699965607717281], [0.5028303448962493, 0.045022594639151786, 0.11994041372316994, 0.3322066467414289], [0.830025366108527, 0.16370523741019952, 0.004880549212948983, 0.0013888472683244394], [0.17899213280903212, 0.00713265763059205, 0.5708593430093987, 0.24301586655097715], [0.0029502885057756537, 0.5868691963407101, 0.001881511474025601, 0.40829900367948857], [0.02887549671945431, 0.04088171241194496, 0.04445710858686041, 0.8857856822817404], [0.0046466201550899675, 0.8361901027110779, 0.01922644980931614, 0.13993682732451607], [0.5518006760265834, 0.04579252631313946, 0.23530030786528797, 0.16710648979498907], [0.12633040615008923, 0.7134117845352625, 0.024751258177493345, 0.13550655113715487], [0.553148897160408, 0.4408474597226807, 5.146668187758443e-05, 0.005952176435033678], [8.484992891465906e-05, 0.9388945271102347, 0.0023386360221594386, 0.05868198693869104], [0.9478212514596482, 0.002891457706807877, 0.0011127624967586633, 0.04817452833678513], [0.9693641851313928, 0.01542233206652948, 0.004658120754235822, 0.01055536204784202], [0.005393067772486767, 0.12233661478776643, 0.06316609051601885, 0.8091042269237279], [0.022053173592214665, 0.9493378689651177, 0.025127404909854247, 0.0034815525328134914], [0.3547116281917716, 0.036208307372244564, 0.015874905027486542, 0.5932051594084973], [0.5322158756759044, 0.41134383591117, 0.011138187280817913, 0.04530210113210748], [0.08181187301844986, 0.5868823210663087, 0.11152613490750173, 0.21977967100773985], [0.009524543148375973, 0.013328253599303345, 0.0011962360995253192, 0.9759509671527954], [0.017782546482096682, 0.8016472283496229, 0.0006620066873986116, 0.1799082184808817], [0.06092338683391452, 0.6675818288917618, 2.092641741334598e-05, 0.27147385785691036], [0.00020304073038857545, 0.21103667057487444, 3.775323400901258e-05, 0.788722535460728], [0.5413522666106676, 0.05546006942291174, 0.0028198485949228773, 0.4003678153714978], [0.12117552805141386, 0.0283085381776976, 0.002505287355244559, 0.8480106464156439], [0.35356284448257597, 0.04216245595425004, 0.27141487367144546, 0.3328598258917286], [0.8463019508651739, 0.14149885610130386, 0.012116382433775753, 8.281059974647625e-05], [0.036138617254263004, 0.0028090943277911066, 0.14232400815639, 0.8187282802615559], [0.056014367889291726, 0.006973026870617168, 0.24298626485121763, 0.6940263403888735], [0.014494038221594846, 0.5235427190491292, 0.07763144627970618, 0.38433179644956983], [0.981195871623854, 0.007586108237618698, 0.0007405404359797034, 0.010477479702547586], [0.2288201296349329, 0.01184633752773419, 0.07548232708103511, 0.6838512057562978], [0.0007974528807553563, 0.2521474003475574, 0.020291537928530813, 0.7267636088431564], [0.8822235975692356, 0.07343968594429115, 0.034070323031822634, 0.010266393454650746], [0.01761058467855852, 0.5085525325589573, 0.004093220791225452, 0.4697436619712587], [0.04043779872120615, 0.0063699202147910385, 0.024902381866666084, 0.9282898991973367], [0.012746883912531762, 0.20854511918673987, 0.004596795060292887, 0.7741112018404355], [0.6100567516376603, 0.0021824607153536455, 0.0006306273172140971, 0.3871301603297719], [0.06205573089107541, 0.7869114704681841, 0.0037145563664918234, 0.1473182422742487], [0.007264059097994376, 0.1525424991111714, 0.3352071442283156, 0.5049862975625187], [0.015390237991073688, 0.011916686127248466, 0.0020077584005517755, 0.9706853174811261], [0.7194693022471212, 0.17923978371972354, 0.029807755528231374, 0.07148315850492387], [0.06644889220333361, 0.2503705590320828, 0.014344298077867527, 0.6688362506867161], [0.09516231441281904, 0.04808068684979525, 0.004630337891171706, 0.852126660846214], [0.0013279104482321845, 0.26241149758586463, 0.7264049762882954, 0.009855615677608013], [0.005411542779237351, 0.9621696458142924, 0.025682299297313797, 0.006736512109156333], [0.18367181678315234, 0.8127743213229652, 0.000258323055223451, 0.0032955388386590157], [0.5304046407082236, 0.0028380551426012554, 0.031192284789595837, 0.43556501935957936], [0.0001624648143060929, 0.003159160469567255, 0.0002408372154005361, 0.9964375375007262], [0.1016112633095906, 0.3591512163644793, 0.012112411563239082, 0.527125108762691], [0.021767128404725097, 0.041520771870003186, 0.35741270327414393, 0.5792993964511278], [0.00431140133175218, 0.12506746929783025, 0.6617421015469178, 0.20887902782349974], [0.003097550874710793, 0.9375812042717395, 0.013977417911680964, 0.04534382694186883], [0.22275917623775282, 0.630621967149047, 0.005014843097223356, 0.1416040135159769], [0.00016584729891693303, 0.9996987728101371, 0.0001255326684125465, 9.84722253335263e-06], [0.039307924182944466, 0.957910287009829, 0.002415751892859662, 0.00036603691436689137], [0.013090353162533895, 0.021994455309116704, 0.0004832049581317356, 0.9644319865702177], [0.00045295532218879447, 0.21733050120606576, 0.5120254767948267, 0.27019106667691883], [0.017961236551985407, 0.00042405767176890345, 6.643087512391699e-05, 0.9815482749011217], [0.2676467011542778, 0.6913165604268113, 0.010292984646932657, 0.030743753771978213], [0.7907115038285836, 0.04403790940608454, 0.0017181910937962897, 0.16353239567153563], [0.0439358399128558, 0.9549264409987072, 0.0003364090636808041, 0.0008013100247563141], [0.0014649157899689087, 0.019473153015221883, 0.011919664790350164, 0.9671422664044591], [0.29382241552831817, 0.00641607310372106, 0.003779306646122612, 0.6959822047218381], [0.010868191704794413, 0.9807923722464987, 0.0041402520978956435, 0.0041991839508110276], [0.0003276908339678731, 0.05683133430671277, 0.5376900199881783, 0.40515095487114094]]}, "rewritten": {"ids": ["97105451", "97106600", "97106970", "97107821", "97108520", "97114170", "98107410", "98109090", "98110810", "98111860", "98116500", "99107630", "99108310", "99108580", "99108710", "99109311", "99111000", "99111340", "99111620", "99114890", "99116500", "99117630", "99117740", "99120010", "100108580", "100109330", "100109801", "100109890", "100111270", "100111620", "100113210", "100116500", "101108121", "101108290", "101108370", "101108460", "101111990", "101112690", "101114020", "101117580", "101121640", "102108621", "102109010", "102110050", "102110240", "102112301", "103109021", "103110220", "103110760", "103113640", "103120290", "103120340", "103120730", "104111380", "104112201", "104113550", "104114740", "104116980", "105110251", "105113210", "105113330", "105115380", "105116650", "105119950", "106113190", "106113360", "106114321", "106114880", "106115250", "106116441", "106116820", "106117790", "106119990", "106120640", "107113180", "107113550", "107114621", "107115250", "107116300", "107116980", "107118820", "107121230", "107121640", "108113700", "108114180", "108114220", "108116120", "108118060", "108118301", "108118810", "108120621", "109113881", "109114220", "109116040", "109116930", "109117431", "109117600", "109118161", "109119010", "109119591", "109120540", "109120560", "109121640", "110113931", "110115250", "110115710", "110116501", "110117110", "110118111", "110119300", "110120531", "110120540", "110120640", "110121170", "110121720", "111115620", "111116640", "111117120", "111119300", "111119580", "111120220", "111120540", "111120640", "111121351", "112116401", "112116451", "112116800", "112116900", "112116990", "112117210", "112117471", "112117580", "112117660", "112118471", "112118620", "113118111", "113119340", "113119450", "113119700", "113120531", "113120640", "113122510"], "labels": [0, 3, 2, 2, 2, 2, 3, 1, 1, 0, 2, 2, 2, 0, 2, 1, 2, 1, 3, 2, 2, 3, 2, 2, 0, 0, 0, 3, 2, 3, 0, 2, 0, 0, 1, 0, 2, 1, 3, 3, 2, 3, 1, 3, 3, 1, 0, 2, 1, 1, 2, 1, 1, 3, 0, 1, 2, 1, 0, 3, 3, 1, 1, 3, 0, 0, 2, 0, 2, 0, 1, 1, 0, 3, 3, 0, 0, 2, 0, 3, 3, 0, 1, 0, 1, 3, 1, 1, 1, 1, 1, 0, 3, 0, 0, 1, 1, 0, 3, 0, 1, 1, 0, 1, 1, 2, 3, 0, 1, 1, 0, 1, 0, 2, 3, 1, 0, 2, 1, 3, 3, 1, 0, 0, 0, 0, 0, 3, 0, 1, 3, 0, 0, 1, 3, 1, 0, 3, 0, 0, 0, 2], "predicted_labels": [1, 3, 3, 3, 3, 3, 0, 3, 2, 2, 3, 3, 0, 0, 1, 0, 3, 2, 1, 3, 1, 3, 0, 3, 3, 0, 3, 3, 2, 0, 3, 3, 3, 1, 3, 0, 0, 3, 1, 3, 1, 1, 1, 2, 1, 0, 0, 3, 3, 0, 1, 1, 3, 0, 3, 0, 3, 1, 1, 1, 1, 2, 3, 2, 1, 0, 0, 1, 1, 1, 0, 1, 2, 1, 1, 3, 3, 1, 0, 0, 1, 3, 3, 3, 1, 3, 2, 1, 3, 1, 0, 1, 3, 3, 1, 0, 0, 1, 3, 1, 1, 3, 1, 3, 3, 1, 3, 1, 0, 3, 0, 1, 3, 3, 1, 3, 0, 1, 1, 3, 0, 1, 1, 1, 3, 0, 1, 1, 3, 1, 0, 0, 0, 0, 3, 0, 0, 0, 3, 0, 3, 1], "confidence_scores": [[0.000949775139100281, 0.9918739061335193, 5.667072690944939e-05, 0.0071196480004710955], [0.20223841553182925, 0.38251661673560033, 0.00302171220628391, 0.4122232555262865], [0.00020325307248190402, 0.2832558313731193, 0.3041141410834867, 0.41242677447091197], [0.05223779340248121, 0.17495285293927298, 0.05417780726267291, 0.7186315463955729], [0.12782707779702807, 0.3014187189233907, 0.013926547777265841, 0.5568276555023154], [0.021563048771665875, 0.18955851296857398, 0.0707815338124187, 0.7180969044473415], [0.746028383126522, 0.013206354326035577, 0.2406293796138846, 0.0001358829335579741], [0.05433688766720693, 0.01095936208332576, 0.002116174762662017, 0.9325875754868053], [0.00042159202098550086, 0.4688907969526196, 0.5052438359857983, 0.02544377504059676], [0.0013953971456708942, 0.023712157122582116, 0.9368496240301204, 0.03804282170162657], [0.005976761007609483, 0.00025572980395968653, 0.0009579940318017895, 0.9928095151566291], [0.08916915489673148, 0.07964423180306367, 0.06056890169182164, 0.7706177116083831], [0.9994476348690889, 0.0004996176565366831, 4.120808714571562e-05, 1.153938722868358e-05], [0.6329053820373964, 0.26501055940231316, 0.027465132994640033, 0.07461892556565043], [0.0002262424546814505, 0.9895054064138187, 0.00959224696631446, 0.0006761041651854376], [0.518458295134719, 0.4741001575771212, 2.8308874978947575e-06, 0.007438716400661762], [0.004331469159919785, 0.11862200813459703, 0.4005479625699858, 0.4764985601354974], [0.04310897413403252, 0.14055321173027963, 0.7724883761556831, 0.04384943798000468], [0.22036980488625918, 0.716572604261883, 0.06277397513630606, 0.0002836157155518706], [0.0006887151062832994, 0.17971474032241008, 0.025986317907189867, 0.7936102266641167], [0.022127428294929443, 0.606316637331474, 0.37005605130684777, 0.0014998830667487344], [0.17385214445652886, 0.012977063249412113, 0.30404622279832594, 0.509124569495733], [0.6893430033832064, 0.29186225293098866, 0.013789546567690707, 0.005005197118114059], [0.030906211283361237, 0.2575186608213192, 0.13909016830083448, 0.5724849595944851], [0.0053369976325309924, 0.015945196117629904, 0.02390503439999329, 0.9548127718498457], [0.6584054817395835, 0.02464048005527218, 0.03205131404608143, 0.284902724159063], [0.021151266162192615, 0.23139111913245047, 0.002603597759043572, 0.7448540169463135], [0.007990191386201412, 0.004138820128847016, 0.050298515741461616, 0.9375724727434899], [0.0066124398199093985, 0.08193295023944779, 0.6279932883872071, 0.2834613215534356], [0.4908772357649564, 0.026538264507070537, 0.17821180917056734, 0.30437269055740585], [0.0009523196350445583, 0.0013033970176214067, 0.0053374074434779616, 0.992406875903856], [0.04129628929868132, 0.007992073184132016, 0.06787319466576583, 0.8828384428514209], [0.3250524563615033, 0.007826536890757886, 0.003932442111962658, 0.6631885646357762], [0.029787951694202317, 0.8874336217714782, 0.0006973468518401025, 0.08208107968247941], [0.07553199445287752, 0.016333008662146122, 0.0005228170207316663, 0.9076121798642448], [0.8482205610920021, 0.0011237679581744626, 0.0012439211301055561, 0.14941174981971786], [0.5356220887688374, 0.003646344079093762, 0.05908038128431801, 0.4016511858677506], [0.029072076783246425, 0.008244096698982172, 0.003254507127603234, 0.9594293193901683], [0.01690733011638296, 0.7889424260707173, 0.023930065158166078, 0.1702201786547336], [0.014314310100735897, 0.03929047534099075, 0.0011231738437022102, 0.9452720407145712], [0.0010868257601180562, 0.6221391224762224, 0.00010801408728699205, 0.3766660376763725], [0.00027709468553594813, 0.9407695871665865, 3.457909236286788e-05, 0.058918739055514376], [0.3370426264106954, 0.44451665912995464, 0.16927874548955163, 0.049161968969798374], [0.23273929371062863, 0.09626445633851438, 0.64215527882957, 0.028840971121286894], [0.06632469128433038, 0.8729463518804048, 0.0027729386907230777, 0.057956018144541745], [0.9628273691174202, 0.0177376614673178, 0.006796544725542731, 0.012638424689719274], [0.8559015246758324, 0.015710359914044965, 0.04164575267116165, 0.0867423627389611], [0.4506675385389422, 0.011262245838163092, 0.05172887119002763, 0.486341344432867], [0.004600883423531955, 0.07486125618424312, 0.011050680301517964, 0.9094871800907068], [0.9626832465650406, 0.03474099887308202, 0.0010605221610339149, 0.001515232400843675], [0.2679968864848438, 0.696481723020283, 0.011206482377157451, 0.024314908117715656], [0.006419870095997433, 0.9424717984172603, 0.020517105411975833, 0.030591226074766577], [0.09998533270455516, 0.1580575210016586, 0.08319212775300737, 0.658765018540779], [0.3875765847250785, 0.37747034148131, 0.16146809436833723, 0.07348497942527427], [0.046219580114188696, 0.00016453404634811348, 0.0008110913844585553, 0.9528047944550047], [0.8106442791164294, 0.13280816309000842, 0.01992721132151503, 0.03662034647204694], [0.0013392669719692351, 0.006052101330268682, 0.0330660025967451, 0.959542629101017], [6.301133940174744e-05, 0.9379279059048315, 0.003597976753732582, 0.05841110600203405], [0.43028843764222036, 0.5608152534683528, 0.005364059330101606, 0.0035322495593251464], [0.13837442690749846, 0.7438168482925086, 0.01316834803950684, 0.10464037676048601], [0.01428792885238197, 0.8489677630931146, 0.0022624408461915336, 0.1344818672083118], [0.01971884757084389, 0.03847653239486292, 0.9190644832135938, 0.022740136820699555], [0.1439458532700162, 0.33383430205913694, 0.11820425282709136, 0.4040155918437556], [0.31872024192892384, 0.23294970789314837, 0.430569152160521, 0.017760898017406813], [0.04337796180643118, 0.4949884707038695, 0.05164763368844334, 0.40998593380125603], [0.8463890438758476, 0.0730760152090987, 0.04499252449675196, 0.03554241641830157], [0.9377421192011058, 0.0588096267449617, 0.0029742196318488785, 0.00047403442208371907], [0.007583031143553539, 0.8782000999134807, 0.019929071657342312, 0.09428779728562346], [0.00803198831829242, 0.9440761315665087, 0.04175452430608646, 0.0061373558091123185], [0.001488589554474599, 0.6672094542181356, 0.006371780838043257, 0.32493017538934654], [0.9063328754639591, 0.023174931704090893, 0.023568942370972124, 0.04692325046097768], [4.314129600183285e-05, 0.9446211479022254, 0.004147324951210889, 0.051188385850561735], [0.17507225416099245, 0.04518803559384706, 0.6340170340597301, 0.14572267618543044], [0.17601914381078956, 0.7386299869936457, 0.023216471191571168, 0.062134398003993487], [3.4933641897734917e-06, 0.9576155971625023, 5.072003526077463e-05, 0.04233018943804682], [0.12772987017585372, 0.16703621950177383, 0.19181271647349962, 0.5134211938488727], [0.08541836917731345, 0.00105830629698926, 0.00013372599097634963, 0.9133895985347209], [0.026304767430640006, 0.6674843895063461, 0.012616706454442721, 0.2935941366085709], [0.5305210941813242, 0.44687199698760793, 0.0020330538013834366, 0.020573855029684368], [0.9990092151260237, 0.0009420995641941031, 3.300711951383167e-05, 1.5678190268514866e-05], [0.0012825787063603451, 0.9761343058103414, 3.104604446542699e-05, 0.022552069438832652], [0.03162546201079104, 0.005685880614953317, 0.017115327315304203, 0.9455733300589514], [0.009736080439518456, 0.0014693272259175575, 0.09090609728673418, 0.8978884950478297], [0.001119941299049456, 0.13852676069160857, 0.03449762667571165, 0.8258556713336304], [0.19446661016224948, 0.7472938173934326, 0.03722751266597798, 0.02101205977834006], [0.1336462366658517, 0.21452891962932616, 0.01199057247276105, 0.639834271232061], [0.36676144991022896, 0.11509646498702997, 0.4403677034838165, 0.0777743816189246], [0.027445520175973268, 0.4864576492758051, 0.12930453153336105, 0.3567922990148606], [0.0056194510579221915, 0.2252550767123982, 0.03347973212828489, 0.7356457401013946], [0.10115656692097437, 0.6395123278862248, 0.1088986868194011, 0.15043241837339968], [0.8967800501710147, 0.009040014368020101, 0.020221465269600888, 0.0739584701913642], [0.4332961505175437, 0.5151651763834212, 0.042476722260232046, 0.009061950838803002], [0.39633848055552623, 0.05679294828233982, 0.0024416926340916673, 0.5444268785280423], [0.002566272130615, 0.28756138823188565, 0.01094401884619268, 0.6989283207913067], [0.4947960427716929, 0.49872726207926793, 0.0023071704243959566, 0.004169524724643195], [0.9003223777227494, 0.004931609137731761, 0.013518180163239229, 0.08122783297627952], [0.34796856283364447, 0.10482520550396127, 0.2941326468005248, 0.25307358486186965], [0.48928754149586473, 0.5068903049273402, 0.002716217721982641, 0.0011059358548122778], [0.0010072666682669003, 0.0015108873553017436, 0.00761603710447247, 0.9898658088719589], [0.04415120519590958, 0.9452280525536504, 0.010496654873594587, 0.00012408737684557793], [0.01922355225188258, 0.7580237879258249, 0.008820150572057994, 0.21393250925023444], [0.4601303701900516, 0.00022864568464692073, 0.02530255472333406, 0.5143384294019674], [0.3653165336277272, 0.5703607927739797, 0.05327336263167189, 0.011049310966621328], [0.011515187884856315, 0.0003212158671713168, 0.000288699446972441, 0.9878748968009999], [0.0012131192397838017, 0.007214360786428494, 0.04058323992047458, 0.9509892800533132], [0.021794288153102907, 0.967714782412339, 0.005809462601225662, 0.004681466833332405], [0.46099825715043735, 0.04291653704206143, 0.015954643215482317, 0.4801305625920191], [0.008123530053042604, 0.9900375403160122, 6.749178179420044e-05, 0.001771437849150973], [0.9313315243972801, 0.03284988138301458, 0.004186275618139039, 0.031632318601566366], [0.02833109313779049, 0.2952922388073363, 0.22293538138937366, 0.45344128666549954], [0.9451850482981258, 0.04074472138100069, 0.006161103173431054, 0.007909127147442595], [0.005755795435383, 0.9564440899880491, 0.01863854957360771, 0.019161565002960235], [0.0723503567087844, 0.0008386860370637626, 0.029842503442221804, 0.8969684538119301], [0.08285078110089651, 0.0033884783881775373, 0.03453593007047271, 0.8792248104404533], [0.10686872011407669, 0.7762548584606683, 0.000282136850201895, 0.11659428457505297], [0.01925509199218075, 0.013083948525906107, 0.1615096335090251, 0.806151325972888], [0.7045632466380052, 0.13324583158791306, 0.08906417336111533, 0.07312674841296651], [0.004110656404269653, 0.995190473796, 0.0005422039418199291, 0.00015666585791038415], [0.0030140123910960396, 0.9514647678928959, 0.007108788386601086, 0.03841243132940701], [0.1759723154433685, 0.0017547731416787395, 0.0009758782790504977, 0.8212970331359022], [0.9293832375591479, 0.03613871343093765, 0.033653170356399476, 0.0008248786535149897], [0.4918341949866359, 0.5006262618581028, 0.007525290971180542, 1.425218408094316e-05], [0.04496008155252962, 0.4567992495314616, 0.14906656557062165, 0.3491741033453872], [0.11600229063317545, 0.883540770139577, 0.00013255299512012863, 0.00032438623212757364], [0.004465246839062355, 7.517438018354649e-05, 2.339412907528567e-05, 0.9954361846516789], [0.9417938705243916, 0.0013077885904751914, 0.0012227632077547001, 0.05567557767737852], [0.3554136867401015, 0.5539595265642865, 0.030365270128307482, 0.06026151656730453], [0.07657912511007978, 0.6958146003244506, 0.012766179548587933, 0.21484009501688175], [0.0036665746336750726, 0.014882683376028393, 0.01697348793292267, 0.964477254057374], [0.0015826975591626397, 0.7053506085552141, 0.2789218388087467, 0.014144855076876536], [0.9912907866735104, 0.00816801034475858, 1.5024867099062423e-05, 0.0005261781146320708], [0.7400299409112026, 0.246224038487621, 0.00014859897698044286, 0.01359742162419599], [0.8634831304911925, 0.036569608748665605, 0.0025579619634383257, 0.09738929879670363], [0.7382271651426413, 0.2182147530950663, 0.04336655851809997, 0.00019152324419250468], [0.053739522088994615, 0.38179866861772205, 0.011647798577860717, 0.5528140107154227], [0.7788794119106879, 0.09023585594589646, 0.008504962305943014, 0.12237976983747266], [0.902079942256932, 0.03774658378172486, 4.608029575865268e-05, 0.06012739366558466], [0.8481486441889916, 0.09107179317681584, 0.0233833222695492, 0.03739624036464324], [0.06740678448209665, 0.3056629721700127, 0.0075177273352632305, 0.6194125160126274], [0.8596851432077188, 0.05963829082906647, 0.005541627479062467, 0.07513493848415229], [0.15956360680657591, 0.11107329561599143, 0.003641121850841077, 0.7257219757265915], [6.538777267944522e-06, 0.9332163134448824, 0.05963605115626118, 0.007141096621588633]]}}