{"test": {"ids": ["106118301", "113120830", "99108460", "99107500", "110120700", "109115220", "99112641", "97113260", "98116090", "99117630", "107114200", "99107300", "98110680", "108118291", "112118530", "112117461", "112121410", "111116100", "107113360", "109114720", "106119580", "107119390", "110118930", "101111990", "102111990", "100110050", "98107380", "104112470", "103117461", "109118231", "111116640", "111119290", "98107210", "113121410", "112121430", "105115680", "98106680", "97105451", "113119700", "97106820", "102113350", "113119480", "102109910", "112116290", "99111340", "113119120", "97110950", "104113380", "112116610", "100109980", "103111110", "112119500", "97118210", "110116441", "110114651", "111119950", "110118810", "106113190", "109115380", "108116481", "113118630", "113120540", "103112470", "97116790", "106118161", "109117630", "97106770", "113121220", "101108370", "108118520", "110119300", "110116290", "106118820", "102116340", "109117730", "112119450", "110121720", "111118820", "106117790", "100111380", "105121190", "105110091", "107118490", "109116170", "112118620", "99119830", "102112301", "106113360", "112118820", "112118161", "112120640", "102112170", "113121680", "113119320", "105118230", "99112300", "107117010", "111117000", "101111140", "103113260", "107115250", "109113931", "99107630", "104111380", "105115250", "106113170", "111116411", "111120540", "106114880", "109119450", "104116980", "111118301", "98107010", "97106000", "104113210", "98116940", "108117360", "112120290", "99111000", "109116810", "98111620", "109119460", "102110690", "107114780", "113118810", "105116090", "107120880", "100111080", "102107961", "105112100", "98117740", "113118511", "107120010", "99110050", "113122120", "98109230", "109114270", "105120280", "113121010", "107112850", "112119610", "101108121"], "labels": [1, 3, 0, 0, 2, 3, 1, 1, 0, 3, 2, 3, 2, 3, 1, 0, 0, 3, 0, 0, 3, 2, 1, 2, 2, 3, 1, 1, 0, 1, 0, 3, 1, 0, 2, 2, 1, 0, 0, 1, 3, 3, 2, 0, 1, 3, 3, 1, 1, 1, 3, 2, 2, 3, 3, 0, 1, 0, 3, 0, 3, 3, 1, 2, 3, 0, 3, 3, 1, 0, 1, 2, 3, 3, 3, 3, 3, 0, 1, 3, 2, 0, 2, 0, 3, 1, 1, 0, 0, 0, 0, 3, 1, 1, 1, 0, 1, 0, 2, 3, 2, 1, 2, 3, 2, 0, 0, 1, 0, 3, 1, 3, 3, 0, 3, 2, 1, 1, 2, 3, 3, 1, 0, 2, 3, 1, 1, 0, 3, 1, 2, 1, 1, 3, 1, 1, 3, 3, 2, 1, 0, 0], "predicted_labels": [0, 3, 3, 1, 3, 3, 1, 0, 1, 2, 1, 0, 1, 3, 1, 3, 3, 1, 0, 3, 2, 1, 1, 3, 3, 1, 0, 3, 1, 0, 2, 1, 1, 3, 1, 1, 0, 3, 1, 1, 3, 3, 0, 3, 1, 1, 0, 3, 3, 2, 3, 3, 3, 1, 3, 0, 0, 3, 3, 3, 1, 1, 1, 1, 1, 0, 1, 3, 1, 1, 1, 3, 1, 3, 2, 0, 1, 0, 1, 0, 3, 0, 3, 3, 3, 1, 0, 3, 3, 1, 0, 0, 1, 3, 1, 0, 3, 3, 0, 1, 1, 3, 0, 1, 2, 1, 3, 1, 1, 2, 1, 1, 3, 2, 3, 3, 3, 1, 1, 3, 1, 1, 1, 1, 1, 0, 0, 1, 0, 0, 1, 1, 3, 1, 1, 2, 3, 3, 1, 1, 1, 0], "confidence_scores": [[0.2748103372474502, 0.27631223537089544, 0.1615363167053293, 0.2873411106763252], [0.24057531717733172, 0.26649860800659625, 0.23876686391622698, 0.25415921089984495], [0.2044077585000257, 0.298189408163394, 0.20983385150692677, 0.28756898182965357], [0.20822953397084126, 0.3071407161977086, 0.1913064084594218, 0.29332334137202826], [0.2976381929707652, 0.27872714386256287, 0.1261495446751566, 0.29748511849151543], [0.24594082076936366, 0.3030828923853604, 0.15474146968718122, 0.2962348171580949], [0.2765372480634733, 0.30107936948978214, 0.10153308225318122, 0.3208503001935633], [0.2611466457148635, 0.2674038957330034, 0.21577709676217588, 0.25567236178995745], [0.15012219483481257, 0.300355468266628, 0.2966346902273547, 0.2528876466712049], [0.20830972270327525, 0.26368214170128773, 0.31231232666273595, 0.21569580893270135], [0.24270653911794954, 0.28778717731500153, 0.1761574584663066, 0.29334882510074245], [0.35239227461878436, 0.26966689211789435, 0.06840114364071113, 0.30953968962261], [0.24862086084677443, 0.28118663457603404, 0.202711695675171, 0.26748080890202025], [0.2793302967338331, 0.2955007939218994, 0.12628479938843729, 0.2988841099558301], [0.1345369065306076, 0.30541652861860935, 0.3203090720056897, 0.23973749284509333], [0.29156259538939483, 0.29184372059614955, 0.11388048072014266, 0.3027132032943128], [0.26379273274463766, 0.2957659386724687, 0.14348903340680472, 0.29695229517608906], [0.21465802734303305, 0.3093828948395781, 0.16041162552186405, 0.31554745229552483], [0.2610094972619106, 0.2716363084975068, 0.196252268344464, 0.2711019258961187], [0.18770254063810846, 0.288211895356456, 0.2692078660498398, 0.25487769795559545], [0.13924373006482177, 0.2877992225597771, 0.39097763014610976, 0.18197941722929145], [0.18876578415499917, 0.2865213007682742, 0.2684264060874163, 0.2562865089893104], [0.17462095605041683, 0.3140837762997498, 0.21516477680694052, 0.2961304908428927], [0.18624133179446656, 0.30319733791742276, 0.22497424771186897, 0.28558708257624166], [0.26590067613316803, 0.28853033067047146, 0.14727086740918763, 0.298298125787173], [0.2258280402551481, 0.27517213815868635, 0.26389711645677993, 0.23510270512938575], [0.322548836731163, 0.2250449425593959, 0.23615118958405035, 0.21625503112539085], [0.20548076909411933, 0.2865867138023652, 0.24444533652086697, 0.26348718058264836], [0.2632992703284623, 0.28284356896309637, 0.1736776530601994, 0.28017950764824184], [0.3423459334718686, 0.25960279971388983, 0.10488724040441168, 0.2931640264098302], [0.19152662784636415, 0.2817869118180357, 0.2777768527181336, 0.24890960761746658], [0.1915034852409101, 0.2896791704079043, 0.2566786404931968, 0.2621387038579888], [0.1301217733920574, 0.3149494313569434, 0.27057800484069205, 0.2843507904103073], [0.34775005976317724, 0.28641996275224396, 0.058468672554182845, 0.3073613049303959], [0.15671890719300344, 0.30460995753123565, 0.29353913277892574, 0.24513200249683545], [0.10412940963780426, 0.32565806304356054, 0.28868939889762407, 0.2815231284210114], [0.24344452500923713, 0.2684373327382213, 0.22487119532885763, 0.26324694692368383], [0.22797076656629184, 0.30871582694423494, 0.1546206212260177, 0.30869278526345567], [0.25689247946590626, 0.2898722587835219, 0.146449668092761, 0.30678559365781094], [0.18374397834732745, 0.3056475383395168, 0.21734861936013075, 0.2932598639530253], [0.16418145632036954, 0.29270877030700865, 0.2932456314251647, 0.2498641419474573], [0.22075217966548905, 0.3082014060934283, 0.16878017866682882, 0.3022662355742536], [0.3614310910648235, 0.22877866600545943, 0.1540045849448336, 0.2557856579848831], [0.19194622474025233, 0.31027086749679306, 0.2019586876171042, 0.29582422014585064], [0.13851860144472797, 0.3017958406120637, 0.31511042373434694, 0.24457513420886157], [0.22754521444318673, 0.2993736211797755, 0.16088929131951582, 0.31219187305752194], [0.41050742672257245, 0.2166247556076442, 0.13328981952598337, 0.2395779981438001], [0.22728544404228757, 0.3184094517991534, 0.14302764331219825, 0.31127746084636065], [0.24465393366470997, 0.31387108556740023, 0.1314320872705456, 0.3100428934973441], [0.19646280646417438, 0.265793010645065, 0.31845884097209887, 0.21928534191866206], [0.22900565192516018, 0.2761461971004037, 0.24029916730639977, 0.25454898366803624], [0.22318449698195159, 0.267399086591023, 0.2607669854301231, 0.24864943099690218], [0.20376166574425095, 0.28745013216809784, 0.250481054999936, 0.25830714708771535], [0.22923060995061917, 0.31040534884491267, 0.1360554640080217, 0.32430857719644623], [0.23551886375383613, 0.2834095581194067, 0.2033173613196724, 0.2777542168070849], [0.30399985806845004, 0.24199960568111328, 0.20009306878927924, 0.2539074674611574], [0.3243465741599478, 0.2644108895315508, 0.13237720007832665, 0.2788653362301745], [0.24090293241996033, 0.2715803548344463, 0.23567817946400868, 0.25183853328158456], [0.20245771918445002, 0.28164153821114285, 0.25891506450909346, 0.25698567809531364], [0.26352232626670985, 0.30229062261597056, 0.13044234525937431, 0.3037447058579453], [0.12451235760115935, 0.3199547564825633, 0.2779275120105388, 0.27760537390573853], [0.2230392751961437, 0.29719221010090796, 0.18086309854053825, 0.29890541616241006], [0.2097577743403531, 0.294399944314109, 0.206221623286047, 0.28962065805949067], [0.15484472976221142, 0.2896644896278607, 0.3655780951272687, 0.18991268548265935], [0.26095029617168225, 0.28843247092728413, 0.16025511856551145, 0.29036211433552195], [0.3298454835741471, 0.27321037774065876, 0.09413109185855024, 0.30281304682664384], [0.18977420168924297, 0.30338506134210347, 0.21726856724820853, 0.28957216972044486], [0.2115140088956943, 0.2911056146119227, 0.21704925208546008, 0.2803311244069228], [0.2827265898601623, 0.3085434622568179, 0.08104039540152327, 0.32768955248149645], [0.2849267711727085, 0.28027179023625776, 0.15141497737138113, 0.2833864612196527], [0.2030647446770807, 0.2879340081685076, 0.23527931197709934, 0.27372193517731264], [0.22465863265165864, 0.2841401191642848, 0.2071148417603498, 0.28408640642370675], [0.20121120130816908, 0.28679939291073836, 0.2434334205270803, 0.2685559852540122], [0.15664089048851232, 0.305658794777034, 0.26913867663397195, 0.2685616381004816], [0.16815354636414967, 0.28419660109622624, 0.3097639555893226, 0.23788589695030152], [0.3681795981946042, 0.24243331142202085, 0.13051334817389776, 0.25887374220947684], [0.2544256452076824, 0.2952368207173741, 0.13867610571813976, 0.3116614283568037], [0.3248879381710536, 0.27029183462735257, 0.10663305037673182, 0.29818717682486195], [0.19748100691153858, 0.2994164594202995, 0.22059537252043065, 0.2825071611477311], [0.31742417988908017, 0.2737557602482345, 0.12283455418410713, 0.28598550567857794], [0.20728293990665345, 0.2914230709806919, 0.2226826128513053, 0.278611376261349], [0.3007720550810322, 0.27038577408283493, 0.14399974414817357, 0.28484242668795895], [0.1926135947476363, 0.3007713992014182, 0.2223317683200366, 0.28428323773090874], [0.2745148622353211, 0.2960472588186924, 0.1252514163562551, 0.3041864625897313], [0.2641565777580361, 0.2877863521473651, 0.16111393572553775, 0.28694313436906105], [0.17788939487771513, 0.3004200162129473, 0.24128311817863285, 0.280407470730705], [0.3168125291550055, 0.2847548371569937, 0.09399039939555609, 0.3044422342924447], [0.23832122203555206, 0.2768199688632282, 0.2101024297821746, 0.2747563793190452], [0.23447829966117567, 0.32323122622616834, 0.11969896956181443, 0.32259150455084173], [0.21099553378002603, 0.3040468721950043, 0.17601218334147317, 0.3089454106834965], [0.3398803317340336, 0.25826201892024575, 0.12640678056290305, 0.27545086878281727], [0.4061564777296864, 0.2274102164012465, 0.08188564595769544, 0.28454765991137165], [0.17115904053157807, 0.2934329252704973, 0.29120170895292247, 0.24420632524500255], [0.23566374553067038, 0.3022148421448152, 0.1652478079630985, 0.29687360436141574], [0.18616832542903766, 0.3042933098463909, 0.2114522428029887, 0.29808612192158296], [0.290981228230865, 0.2747653495908467, 0.16858253302328083, 0.2656708891550074], [0.22970593035607328, 0.29859234892732534, 0.1767188907771534, 0.29498282993944774], [0.23223331297747388, 0.2843421347880325, 0.20156385449915348, 0.28186069773534], [0.3535184037220064, 0.26525554375856947, 0.08503928526443078, 0.29618676725499327], [0.20655992945661553, 0.29854757634075035, 0.2013512521145137, 0.2935412420881202], [0.20449090096291833, 0.30326942908709603, 0.1979074191873415, 0.2943322507626441], [0.1633927126641666, 0.32048018119712113, 0.22003097649962378, 0.2960961296390884], [0.29556061570577674, 0.26024408636515084, 0.18534903587350254, 0.2588462620555698], [0.2674851736350733, 0.28419448265963043, 0.16477220634985648, 0.2835481373554396], [0.2203226293408228, 0.27168318339591874, 0.2709807767841664, 0.23701341047909216], [0.25071662715813847, 0.2939524713311404, 0.16217432537359844, 0.2931565761371227], [0.36744026158868826, 0.23507954230503952, 0.11818928947239052, 0.2792909066338816], [0.20948465536606375, 0.28155659752878354, 0.2499830272458456, 0.2589757198593071], [0.16973333437866125, 0.3046691211349238, 0.23918745512100328, 0.2864100893654118], [0.15805022365022428, 0.2875056002157853, 0.32355458337666543, 0.23088959275732504], [0.09743022778672915, 0.32150680410383004, 0.3276602839094242, 0.25340268420001627], [0.3124673515901997, 0.2877335901626645, 0.09136738996242415, 0.30843166828471147], [0.20991980828854287, 0.28703247470313803, 0.23156086470156145, 0.2714868523067577], [0.1652011797387156, 0.27387726572934684, 0.3493286712774566, 0.211592883254481], [0.3594958214274612, 0.25408650997114357, 0.09463107460431106, 0.2917865939970843], [0.20508996697504328, 0.3076092202044622, 0.19486883347725284, 0.292431979343242], [0.25037675363021955, 0.28103291903175126, 0.1810213361526586, 0.28756899118537027], [0.2474669943113493, 0.28884545488000607, 0.17227144400824512, 0.2914161068003997], [0.1563677781836577, 0.3204573312457529, 0.21031199013375707, 0.3128629004368325], [0.3100589040917603, 0.29052955301670463, 0.08683944717702756, 0.31257209571450756], [0.13601573737449454, 0.3246609453545047, 0.2173189091847299, 0.3220044080862708], [0.20830941690319088, 0.303027385256947, 0.18694697184175071, 0.30171622599811126], [0.23683491441968205, 0.30319313485934346, 0.15956325969902302, 0.3004086910219516], [0.11050798568268871, 0.3274185534093472, 0.26478472291558336, 0.2972887379923806], [0.25271876834555906, 0.2938974235886303, 0.15756495614451613, 0.2958188519212945], [0.3823358165435048, 0.24589620775870272, 0.08200931238689874, 0.289758663310894], [0.24909155679688139, 0.26901082250224584, 0.22967251524040763, 0.25222510546046517], [0.2920488862749355, 0.2899205403486907, 0.09546967993724208, 0.3225608934391317], [0.41934718708675356, 0.217480890534436, 0.09104054310916262, 0.2721313792696477], [0.3456807188760478, 0.24259968730864373, 0.1438761381558444, 0.2678434556594639], [0.24177296458476288, 0.27605969046731016, 0.23109170125604114, 0.25107564369188584], [0.16918931787309952, 0.31138703828545505, 0.22439162168660728, 0.2950320221548381], [0.20411420907246855, 0.28580269064421077, 0.24666320266473168, 0.26341989761858875], [0.24747479298997457, 0.28483901937995487, 0.20323766126350962, 0.2644485263665611], [0.22792963151310877, 0.3018998818802387, 0.16432307508384167, 0.3058474115228109], [0.13404769615723194, 0.3010766954141196, 0.33566774173393343, 0.22920786669471516], [0.26317467881313705, 0.2784033206236458, 0.18399450228042116, 0.2744274982827961], [0.23570431486476479, 0.3037554512087074, 0.1613654805356394, 0.2991747533908883], [0.1968484542992418, 0.2945277200146392, 0.23585798321487267, 0.27276584247124624], [0.21129577051035633, 0.28880116040303677, 0.22567813854077484, 0.27422493054583197], [0.21686081358360212, 0.2922285067106585, 0.22080746243898924, 0.2701032172667501], [0.3117058805941382, 0.2906809243350024, 0.07990424004696259, 0.31770895502389684]]}, "rewritten": {"ids": ["97105451", "97106000", "97106770", "97106820", "97110950", "97113260", "97116790", "97118210", "98106680", "98107010", "98107210", "98107380", "98109230", "98110680", "98111620", "98116090", "98116940", "98117740", "99107300", "99107500", "99107630", "99108460", "99110050", "99111000", "99111340", "99112300", "99112641", "99117630", "99119830", "100109980", "100110050", "100111080", "100111380", "101108121", "101108370", "101111140", "101111990", "102107961", "102109910", "102110690", "102111990", "102112170", "102112301", "102113350", "102116340", "103111110", "103112470", "103113260", "103117461", "104111380", "104112470", "104113210", "104113380", "104116980", "105110091", "105112100", "105115250", "105115680", "105116090", "105118230", "105120280", "105121190", "106113170", "106113190", "106113360", "106114880", "106117790", "106118161", "106118301", "106118820", "106119580", "107112850", "107113360", "107114200", "107114780", "107115250", "107117010", "107118490", "107119390", "107120010", "107120880", "108116481", "108117360", "108118291", "108118520", "109113931", "109114270", "109114720", "109115220", "109115380", "109116170", "109116810", "109117630", "109117730", "109118231", "109119450", "109119460", "110114651", "110116290", "110116441", "110118810", "110118930", "110119300", "110120700", "110121720", "111116100", "111116411", "111116640", "111117000", "111118301", "111118820", "111119290", "111119950", "111120540", "112116290", "112116610", "112117461", "112118161", "112118530", "112118620", "112118820", "112119450", "112119500", "112119610", "112120290", "112120640", "112121410", "112121430", "113118511", "113118630", "113118810", "113119120", "113119320", "113119480", "113119700", "113120540", "113120830", "113121010", "113121220", "113121410", "113121680", "113122120"], "labels": [0, 0, 3, 1, 3, 1, 2, 2, 1, 3, 1, 1, 1, 2, 3, 0, 2, 2, 3, 0, 2, 0, 3, 2, 1, 0, 1, 3, 1, 1, 3, 0, 3, 0, 1, 2, 2, 3, 2, 0, 2, 3, 1, 3, 3, 3, 1, 3, 0, 3, 1, 3, 1, 1, 0, 1, 2, 2, 1, 1, 3, 2, 0, 0, 0, 0, 1, 3, 1, 3, 3, 1, 0, 2, 2, 2, 1, 2, 2, 1, 1, 0, 1, 3, 0, 1, 3, 0, 3, 3, 0, 3, 0, 3, 1, 3, 1, 3, 2, 3, 1, 1, 1, 2, 3, 3, 0, 0, 0, 3, 0, 3, 0, 1, 0, 1, 0, 0, 1, 3, 0, 3, 2, 0, 1, 0, 0, 2, 1, 3, 3, 3, 1, 3, 0, 3, 3, 2, 3, 0, 1, 1], "predicted_labels": [1, 3, 3, 1, 0, 3, 1, 0, 1, 3, 1, 0, 1, 0, 1, 1, 1, 1, 1, 3, 3, 3, 1, 3, 1, 0, 3, 3, 3, 1, 1, 1, 0, 0, 3, 1, 3, 3, 0, 1, 0, 0, 3, 0, 1, 3, 3, 1, 0, 1, 1, 0, 3, 1, 3, 0, 3, 3, 3, 1, 1, 1, 3, 3, 3, 1, 3, 1, 0, 1, 1, 1, 0, 1, 1, 3, 3, 3, 3, 3, 3, 3, 3, 1, 0, 1, 3, 3, 1, 1, 1, 3, 0, 3, 1, 1, 1, 3, 1, 3, 0, 1, 1, 3, 1, 1, 0, 1, 1, 1, 0, 1, 0, 1, 1, 1, 0, 1, 1, 0, 1, 0, 3, 3, 1, 0, 3, 1, 3, 3, 1, 1, 3, 3, 1, 1, 3, 3, 3, 3, 3, 1], "confidence_scores": [[0.26729515681026095, 0.31348767420523016, 0.0869047759187245, 0.33231239306578414], [0.2118909805244269, 0.29593206603511446, 0.21511700177975118, 0.2770599516607076], [0.23939805430789643, 0.2928016953111019, 0.18872493595658854, 0.27907531442441297], [0.24935125539341432, 0.2919051076996379, 0.16444013724912337, 0.2943034996578243], [0.4302402004907036, 0.21786829847211395, 0.12254084241471172, 0.2293506586224706], [0.2062036274575872, 0.2950634857429186, 0.22026352766475388, 0.2784693591347405], [0.19463532068604247, 0.2833357244535874, 0.31711340401380106, 0.20491555084656887], [0.30812703156703986, 0.2623306157525091, 0.16736761794233745, 0.26217473473811365], [0.24342027008287423, 0.28238494498334893, 0.20005309222465747, 0.27414169270911914], [0.26771622617199464, 0.29729769718683063, 0.1238503627080977, 0.3111357139330766], [0.22106135015908018, 0.30307509127016763, 0.17689897639196317, 0.29896458217878863], [0.34496714139352547, 0.22261649270948602, 0.22342903934175737, 0.20898732655523117], [0.19077982843642316, 0.29147481436799316, 0.27214853602676853, 0.2455968211688151], [0.2608367516659284, 0.2598929131459317, 0.25917098773425734, 0.2200993474538823], [0.2038569873105529, 0.32487234468647264, 0.13780125408262037, 0.3334694139203545], [0.25249953046465023, 0.2852122479729052, 0.18338049298354483, 0.27890772857889995], [0.20225168993416173, 0.31377006634274074, 0.17007885595794692, 0.3138993877651507], [0.26710663844687393, 0.2911943906073024, 0.1513844408070017, 0.29031453013882214], [0.30067078234439354, 0.29226860987168374, 0.08363404087267093, 0.32342656691125193], [0.2489389672816677, 0.29381542484452017, 0.16638549620163587, 0.29086011167217635], [0.3103443034281946, 0.27516954353250317, 0.11460484149170512, 0.2998813115475969], [0.2680277225700871, 0.3050534866515352, 0.11647483661971621, 0.31044395415866133], [0.22288629879872288, 0.30545463657443966, 0.14902173926079823, 0.3226373253660393], [0.16196418911192634, 0.3269724996369763, 0.20372541544916534, 0.30733789580193205], [0.1498226662557892, 0.30684030839372745, 0.28596977671382046, 0.2573672486366625], [0.3378869590542292, 0.26514915189656435, 0.11380690736262553, 0.2831569816865806], [0.2386347682191293, 0.3080914993885528, 0.15037634428363925, 0.30289738810867883], [0.24987861860688523, 0.2794855918208679, 0.20552226780778018, 0.2651135217644666], [0.20721342482954655, 0.2871630397802257, 0.23643396565899688, 0.269189569731231], [0.22217292744854877, 0.2848397384464626, 0.2295844207001849, 0.2634029134048037], [0.20152554421717636, 0.29047311337949355, 0.2584113816638414, 0.24958996073948836], [0.22936529795629845, 0.3023421759931022, 0.14774728671583945, 0.32054523933476], [0.36540168837702514, 0.24782549860418246, 0.10071351597060607, 0.28605929704818633], [0.3580044473962046, 0.2527617168126063, 0.10949964569059815, 0.279734190100591], [0.30266075189902475, 0.29707313249558287, 0.08549153305114307, 0.3147745825542495], [0.2484539597283021, 0.29260804253878386, 0.16842375872605386, 0.29051423900686046], [0.24960980295916244, 0.29981001034671767, 0.15354149642945553, 0.2970386902646646], [0.3234058852617252, 0.2796281288487496, 0.09706437341339146, 0.2999016124761337], [0.2981019763115178, 0.2529812964109606, 0.19984832856420376, 0.24906839871331793], [0.3017533676338849, 0.2868657451739911, 0.1091348833749983, 0.30224600381712546], [0.28614227807775094, 0.268475487358401, 0.1789798892427112, 0.2664023453211371], [0.3661785178222946, 0.24900726694597922, 0.09729711189863373, 0.28751710333309266], [0.24221321812976895, 0.32979769741074083, 0.10984313811751764, 0.3181459463419728], [0.2769402736535394, 0.2788476770141544, 0.16985487205758004, 0.27435717727472614], [0.21805088919287027, 0.29795115889777196, 0.19446316356546933, 0.28953478834388857], [0.2599424151118594, 0.3099366495147483, 0.12041483229400678, 0.3097061030793859], [0.23815360732969448, 0.3013517444876126, 0.15589754776234455, 0.3045971004203487], [0.2296511911653223, 0.29062087517422003, 0.195286539836579, 0.2844413938238789], [0.3068929205369513, 0.29467001010162336, 0.0856349454118893, 0.3128021239495362], [0.24075070138328303, 0.28682544241990127, 0.2092233671333388, 0.26320048906347704], [0.23943466346497302, 0.29406534806285367, 0.17642350643985885, 0.2900764820323142], [0.3306352050263171, 0.26403612315172886, 0.12367944438337072, 0.2816492274385834], [0.23876493298111828, 0.32061869692501604, 0.12406954639205785, 0.31654682370180764], [0.1876013359843924, 0.30625089812386797, 0.20960010994921388, 0.29654765594252563], [0.2995092006903174, 0.29741285184610405, 0.08950204226787774, 0.3135759051957008], [0.29440490192364166, 0.28301214814160425, 0.12410873045308993, 0.2984742194816641], [0.2906182722223763, 0.2932532032270721, 0.1170908065590625, 0.299037717991489], [0.18532018475524464, 0.31798485163463375, 0.20423378241498058, 0.292461181195141], [0.3552046102318386, 0.2716430559417725, 0.0675879533364594, 0.30556438048992957], [0.2672429118152307, 0.29391833779950743, 0.13674719827361578, 0.3020915521116462], [0.25330313767603624, 0.29015995221259855, 0.16556084528482076, 0.2909760648265444], [0.21504761164303474, 0.30876192142970743, 0.17352819832747962, 0.30266226859977846], [0.2257760323668513, 0.31982772380083463, 0.14837466436259308, 0.3060215794697209], [0.27580418238446364, 0.2919831754600499, 0.1390720217214023, 0.2931406204340842], [0.22240316934857418, 0.30914503973670915, 0.1603654408273173, 0.3080863500873993], [0.23650435656419222, 0.2932299657007344, 0.1814475494133075, 0.28881812832176573], [0.22470016315812355, 0.3160142058271646, 0.1459886808587973, 0.31329695015591463], [0.24710908740650175, 0.2798199816216621, 0.20343112327375942, 0.2696398076980768], [0.34030004353809196, 0.27024689478914354, 0.0813060373992501, 0.30814702427351437], [0.2178112524981994, 0.31037695265035253, 0.1499145122013346, 0.3218972826501135], [0.2012127131592216, 0.2936223312105193, 0.23961582858611163, 0.2655491270441479], [0.25168311666614884, 0.30650177731269673, 0.1249014757119041, 0.31691363030925035], [0.4004943851556661, 0.23648937263904649, 0.08004027799073675, 0.2829759642145506], [0.2182335098986283, 0.32797330352277265, 0.11562922055529382, 0.3381639660233052], [0.1652412767312433, 0.31630555880662137, 0.22241919121520023, 0.2960339732469351], [0.24657717677027952, 0.311310143286409, 0.12445007487613699, 0.3176626050671747], [0.23949727040358507, 0.2881652369035372, 0.1846265997879209, 0.2877108929049568], [0.26730261926900745, 0.27819412470661986, 0.17301162733756206, 0.2814916286868103], [0.20972142125069554, 0.3283993543633506, 0.14490726722700112, 0.316971957158953], [0.21528499526886677, 0.3118003949450716, 0.1756827254057326, 0.29723188438032927], [0.21828579821593902, 0.30904929864570935, 0.18479391495061076, 0.28787098818774054], [0.3073859019584833, 0.27617457795308353, 0.12405685540503336, 0.2923826646833997], [0.23496055874343397, 0.2943087834481506, 0.1898373027724409, 0.28089335503597473], [0.25914377351373513, 0.3092473437973019, 0.11702340959384805, 0.3145854730951147], [0.35103663306821814, 0.2474302647294147, 0.14546593058455665, 0.2560671716178105], [0.20397683421442078, 0.31344996644583845, 0.17767979552822538, 0.30489340381151564], [0.32261694983154365, 0.280172046118359, 0.09417427859574098, 0.3030367254543564], [0.24396277703421054, 0.3110585547017006, 0.13712481085583828, 0.3078538574082506], [0.3106601628655027, 0.2854040471199749, 0.09773663033254282, 0.3061991596819797], [0.20128126063596105, 0.3085203784148212, 0.1914094723386208, 0.29878888861059677], [0.2609380795045267, 0.27709329096588764, 0.19499401039617992, 0.26697461913340564], [0.2999813196483319, 0.2961986023137546, 0.09495657353252773, 0.30886350450538563], [0.34492394546184857, 0.27257313739759426, 0.0747198614762203, 0.3077830556643368], [0.2587905606535342, 0.2892923059249462, 0.17260434824853996, 0.2793127851729798], [0.26779750417163894, 0.28864694864447915, 0.14688964577919736, 0.29666590140468485], [0.23125148175983623, 0.3055242560903286, 0.15920441344256744, 0.30401984870726745], [0.27076746993087314, 0.2972163968031076, 0.10708926089819372, 0.3249268723678257], [0.25827742829001893, 0.3009798671876442, 0.1435683931181274, 0.29717431140420963], [0.25585957465425, 0.28773980138987826, 0.1692136946925876, 0.2871869292632841], [0.2218871366392839, 0.3247777739822647, 0.13061905475166852, 0.32271603462678244], [0.2971450914376503, 0.27174916173529723, 0.16396142026459976, 0.2671443265624532], [0.17055082599903915, 0.32530812954341054, 0.17041943157122694, 0.33372161288632324], [0.22747348630699596, 0.2950075743619979, 0.18429391910686757, 0.2932250202241385], [0.24284289524899982, 0.3118017601959815, 0.1362265300679375, 0.30912881448708124], [0.28105080400327576, 0.29887800185409164, 0.1015275310045646, 0.31854366313806814], [0.2988687539764077, 0.29810065526609053, 0.08330995485287117, 0.31972063590463046], [0.31121900094649496, 0.25982477395833764, 0.16038766648576003, 0.2685685586094076], [0.2727828329318899, 0.297923246079261, 0.12419184867439194, 0.30510207231445696], [0.20627030133747504, 0.307754803674646, 0.17082512016021673, 0.31514977482766243], [0.26511202820580343, 0.29142132319220704, 0.15057301225877798, 0.29289363634321164], [0.364491634623024, 0.2522694500996574, 0.09113512662888597, 0.2921037886484325], [0.23629610202279477, 0.30405988916837084, 0.14791686761115927, 0.31172714119767536], [0.28421231909228806, 0.2726254504449333, 0.1650263030429817, 0.27813592741979704], [0.2853462491067935, 0.286666032108044, 0.12667873747092712, 0.30130898131423545], [0.23547156440686326, 0.29294891436102666, 0.1843258057068727, 0.2872537155252374], [0.2471053313676609, 0.30317436587097685, 0.15062618516397291, 0.2990941175973895], [0.3515501004759429, 0.26020765246992267, 0.10939534686234718, 0.27884690019178693], [0.21980372684243096, 0.3052394068046067, 0.16929947258360933, 0.305657393769353], [0.19669501710687132, 0.3155429608078191, 0.18695028046514203, 0.30081174162016744], [0.32187374906069666, 0.27574677910614426, 0.10981987478546434, 0.2925595970476949], [0.2966846567416995, 0.3017887217957695, 0.0777951608344077, 0.32373146062812347], [0.33061985137404126, 0.26047840857594434, 0.12994624962463214, 0.2789554904253825], [0.2429046294998185, 0.271620545830235, 0.23422319764721844, 0.2512516270227276], [0.21736993929549836, 0.3093674351281741, 0.1791207180377096, 0.2941419075386175], [0.23801854013791446, 0.32217139680732687, 0.10482397100752387, 0.3349860920472349], [0.3512126451789408, 0.2586829048585505, 0.11606016351081909, 0.2740442864516895], [0.2668523746132365, 0.2861633934949005, 0.15852200001161743, 0.2884622318802456], [0.2666787544766025, 0.2786686239481722, 0.19837467073747253, 0.25627795083775273], [0.27707621529931226, 0.30395307170587477, 0.10829561206026847, 0.31067510093454453], [0.20081061396441247, 0.33317626295662384, 0.1390373188129625, 0.32697580426600104], [0.28702867866753334, 0.2938525033261279, 0.11496280822929178, 0.304156009777047], [0.21970976737857256, 0.3123353052261855, 0.14661488189849914, 0.32134004549674267], [0.3164769855206198, 0.3016897335368596, 0.05932241898757385, 0.3225108619549469], [0.25422777052364187, 0.3138176013346277, 0.1190826790397641, 0.31287194910196603], [0.291448403148783, 0.2980537106713095, 0.07986618591492045, 0.3306317002649873], [0.24631865823282037, 0.29939609974231507, 0.150310136846823, 0.3039751051780413], [0.2917506946713955, 0.29108821593759515, 0.11821226881581853, 0.2989488205751906], [0.2405044628873151, 0.3155319522531616, 0.1305395486613284, 0.3134240361981951], [0.24487120772568885, 0.3167965591854025, 0.11710415662803479, 0.3212280764608739], [0.29345443687705497, 0.3188550262230734, 0.05240145049210132, 0.3352890864077705], [0.22347224871359986, 0.32678186591706904, 0.12955430983532315, 0.32019157553400784], [0.2395269346921652, 0.3238204551260572, 0.095832071526909, 0.3408205386548685]]}}