{"test": {"ids": ["101117580", "111115780", "108117451", "97112170", "103113170", "113117630", "108121190", "99111620", "105113440", "104118340", "97109080", "99112840", "101108621", "110115710", "106111321", "109121351", "97105960", "109117600", "108118630", "112119950", "113122190", "112117660", "112121410", "102110750", "105116090", "112117030", "113121810", "111115910", "113122510", "103111110", "107119390", "112116850", "107113180", "112121430", "103112470", "109117730", "110115980", "99108310", "110117200", "112118701", "109120540", "106121190", "107119950", "102107961", "99109740", "113118231", "99110050", "112119120", "104112201", "108115500", "98110230", "112116610", "109114220", "110118111", "110118810", "112117780", "106118161", "113119300", "105113260", "104111620", "113120780", "104111531", "103120340", "102114270", "101112160", "111120220", "98113881", "99109311", "98108150", "113122230", "103113260", "106117790", "108120280", "104110960", "108116070", "102116500", "105115680", "110114720", "113120751", "98108970", "97112830", "97105580", "100117420", "109114030", "111119340", "97114170", "103113210", "111116110", "101114020", "106116370", "109117630", "108118810", "111121930", "112116451", "111116411", "111119950", "108114180", "106114321", "98110810", "105119950", "113119700", "98112170", "111121220", "113119360", "112117571", "99107660", "109119591", "113117401", "99109370", "103118110", "108115970", "110117140", "110117080", "106113170", "100107920", "98107010", "108121160", "99108520", "101115190", "102113350", "113122170", "102110050", "101114990", "113121010", "112116540", "110119030", "111116170", "109121640", "112120290", "101111620", "109115380", "105115380", "113117340", "97106600", "101111140", "102110850", "113119930", "107114110", "113122320", "97106000", "107118820", "105112130"], "labels": [3, 1, 2, 0, 3, 0, 1, 3, 0, 2, 2, 2, 0, 2, 0, 0, 2, 1, 1, 0, 1, 0, 0, 1, 1, 2, 2, 2, 2, 3, 2, 0, 3, 2, 1, 3, 1, 2, 3, 0, 1, 2, 3, 3, 3, 3, 3, 1, 0, 3, 3, 1, 3, 1, 1, 0, 3, 1, 3, 0, 0, 0, 1, 3, 3, 3, 3, 1, 0, 1, 3, 1, 3, 2, 1, 1, 2, 3, 1, 3, 2, 1, 2, 1, 3, 2, 3, 3, 3, 2, 0, 1, 1, 0, 0, 0, 1, 2, 1, 3, 0, 3, 3, 0, 3, 3, 0, 3, 1, 2, 2, 3, 1, 0, 0, 3, 2, 2, 1, 3, 1, 3, 3, 2, 1, 0, 0, 0, 1, 3, 3, 1, 2, 3, 2, 3, 1, 1, 1, 0, 3, 1], "predicted_labels": [0, 1, 0, 0, 1, 3, 3, 3, 1, 1, 1, 1, 0, 0, 1, 3, 2, 3, 1, 3, 2, 3, 1, 1, 0, 1, 1, 0, 1, 3, 1, 3, 1, 1, 0, 0, 0, 3, 0, 3, 3, 1, 3, 1, 1, 1, 2, 0, 1, 1, 2, 0, 3, 1, 1, 3, 0, 3, 3, 3, 0, 3, 0, 1, 2, 0, 1, 2, 1, 0, 3, 2, 3, 0, 1, 2, 1, 2, 1, 2, 3, 0, 2, 2, 3, 1, 2, 3, 0, 1, 1, 3, 0, 0, 0, 3, 3, 3, 1, 1, 1, 0, 1, 3, 1, 0, 1, 0, 3, 1, 3, 3, 3, 1, 3, 1, 1, 2, 2, 2, 3, 1, 1, 3, 1, 3, 3, 2, 1, 0, 1, 1, 1, 1, 0, 1, 1, 3, 0, 3, 3, 1], "confidence_scores": [[0.6118348769255478, 0.06476207852337779, 3.125079663153899e-05, 0.32337179375444286], [0.0289533600705801, 0.6199859948002334, 0.0002716666363749586, 0.3507889784928116], [0.9919277345383823, 1.4374129028947414e-08, 1.7075147420491687e-07, 0.00807208033601444], [0.889194253734151, 0.019624217610141725, 0.0025816403535242334, 0.08859988830218318], [0.11024601605188583, 0.8364369472640676, 0.017344172632818487, 0.03597286405122816], [0.018369995692047458, 0.1427843998938099, 0.0068641228598548916, 0.8319814815542879], [0.0038960949276937375, 0.34901507693944683, 0.0002126413766829037, 0.6468761867561765], [0.06783647710718341, 0.15662301261653333, 0.17808498501257403, 0.5974555252637093], [0.020499760061060426, 0.5417208525893118, 0.43666173799076, 0.0011176493588676746], [0.00039662930330062595, 0.999093115606211, 0.00018283785295243764, 0.0003274172375360418], [1.1807356012909634e-07, 0.9745648049365361, 0.00023660967075509785, 0.02519846731914866], [0.000180779184177081, 0.9624271832679658, 0.00040817045782513524, 0.03698386709003197], [0.45988845699260145, 0.4573642512155965, 0.00012514994753786552, 0.08262214184426407], [0.9949768223690514, 0.00011614606725012272, 0.004906568995941646, 4.625677567230132e-07], [0.2708438731036598, 0.6840434514268676, 1.5224658230312146e-05, 0.0450974508112422], [0.0010719779102292676, 0.0008031098983052673, 1.1190897981898625e-07, 0.9981248002824856], [0.04886714486206529, 7.154185145181617e-05, 0.9508737851542853, 0.0001875281321975981], [0.025234427201576794, 0.0077893933225660515, 0.026438409430367474, 0.9405377700454896], [0.0025482927800978094, 0.7302288175205234, 0.23729817608972859, 0.029924713609650346], [0.11111860302562483, 0.0011240041283339204, 0.0002272012368239547, 0.8875301916092173], [0.2798634721412045, 0.00932081338070198, 0.657764490727982, 0.05305122375011152], [0.024982607105030485, 0.0019415709201574085, 0.00014118864643109698, 0.9729346333283811], [0.0002670873651919069, 0.9997077448229499, 3.1605353373929e-07, 2.485175832446227e-05], [0.0023525336996745244, 0.9054345391381564, 0.09092434152921858, 0.001288585632950511], [0.73847116455254, 0.2603160552426167, 1.3123934652438049e-05, 0.0011996562701907605], [0.12075241079056814, 0.7153120901148289, 0.017363272558122325, 0.1465722265364806], [3.3250933221178884e-05, 0.7267059100169966, 0.273231212381198, 2.9626668584317887e-05], [0.9302065068477433, 0.016089699569353084, 0.01220525320125734, 0.041498540381646215], [0.33534714459799614, 0.6592295182896173, 0.005225117900355791, 0.0001982192120308072], [0.07044322127094767, 0.0008019835853098308, 0.00026514268833632143, 0.928489652455406], [0.1805725038816775, 0.753634768185963, 0.0011615852329823625, 0.06463114269937717], [0.09817042165876817, 0.00129106291246125, 1.4388696743939096e-05, 0.9005241267320266], [0.021144917001033665, 0.701288189265326, 0.27742108989934705, 0.00014580383429323653], [0.13829186008663008, 0.860062330690176, 0.000733111423866566, 0.0009126977993272629], [0.9556647852554396, 0.03900775832293214, 0.005315502954015756, 1.1953467612293102e-05], [0.9961337308977855, 0.003513241815701601, 1.1444789135299136e-06, 0.0003518828075994126], [0.6040897920048558, 7.013984551273956e-05, 0.0995175295042048, 0.29632253864542674], [0.00016956208018760094, 4.4007914840572994e-05, 0.001712864638319497, 0.9980735653666524], [0.9371421518547759, 0.043075404957933036, 0.01068257554037947, 0.00909986764691149], [2.7575693226415083e-05, 0.00034140802435541116, 1.8491646149420227e-05, 0.9996125246362687], [0.0020959199221397113, 0.024744437137984594, 0.01083191406502037, 0.9623277288748553], [0.047871621561272025, 0.8583616069347857, 0.09365681913879234, 0.0001099523651499744], [0.0032783211195283627, 0.13753798627429353, 0.1624034182345261, 0.696780274371652], [0.003207445383995403, 0.9848626376378513, 0.005055929615288095, 0.006873987362865205], [0.0026270102331675082, 0.7015217039477071, 0.2952580945275948, 0.0005931912915306879], [0.0017710079605477275, 0.9960431222766144, 1.0876285066871238e-06, 0.0021847821343312737], [1.6305193906668754e-05, 0.03787992131219564, 0.8348698794731196, 0.1272338940207781], [0.9948390191834842, 0.0002802984501485204, 0.0012878918337225766, 0.0035927905326448707], [0.38015229921895743, 0.5435181822280013, 0.024789276774575642, 0.05154024177846556], [0.08005220986565413, 0.8552549397009227, 0.06450339151680093, 0.00018945891662230493], [0.057853513358887616, 0.35873976449893374, 0.5634182068090079, 0.0199885153331707], [0.6203342282759999, 0.005761377381786975, 5.7433873555062796e-05, 0.37384696046865784], [0.14551574714265733, 0.017893484339929933, 0.0006541978262871601, 0.8359365706911256], [0.3222693500713037, 0.6754122217584573, 1.4601757705374005e-06, 0.002316967994468589], [0.40104226203837723, 0.491756371933582, 0.08518532993087159, 0.022016036097169133], [0.10713993750458058, 0.0020494264711193697, 0.028723296224596157, 0.8620873397997039], [0.6519003055084931, 0.1072136624918919, 0.1546421942341784, 0.08624383776543652], [1.1612539773222345e-05, 1.1934884960710973e-06, 1.3153382805880413e-07, 0.9999870624379027], [0.0010484677912599588, 0.000894325466528563, 0.009062984011392492, 0.988994222730819], [0.2401259933521782, 0.1324295282149117, 0.0006124241689477254, 0.6268320542639624], [0.45988297100456726, 0.23612841241172947, 0.00033159237069442754, 0.3036570242130087], [0.001067050052570307, 0.030362805608622603, 0.1578311415913715, 0.8107390027474355], [0.7162255134053034, 0.12359581569653137, 0.01237188283572174, 0.14780678806244354], [0.002527517220461745, 0.9974625434266413, 5.678011046050072e-06, 4.261341850967541e-06], [0.0001800595515810334, 0.00014480151453249553, 0.9983831590075013, 0.0012919799263851736], [0.9985675727023254, 0.001429664380507413, 2.5293773637684504e-07, 2.509979430947686e-06], [0.027113166276886147, 0.9720844367619343, 0.00042284174765316965, 0.00037955521352648773], [0.0005988859881794369, 0.16845854288338985, 0.780388469156109, 0.05055410197232155], [0.0005728317131546767, 0.9986542263930944, 0.00022707667549220855, 0.0005458652182587987], [0.5172812464914224, 0.02739961380439082, 0.45427231810505647, 0.0010468215991303357], [0.00020887781886585164, 0.034428907106664255, 0.00039032723508040007, 0.9649718878393896], [6.51624907309796e-05, 0.017238547758457116, 0.9807118920175875, 0.001984397733224438], [0.008404210867720571, 0.002242126565142469, 0.009471752671122635, 0.9798819098960143], [0.8924243165922322, 0.05746548672390815, 0.0011361326589216384, 0.04897406402493796], [0.009718540704682614, 0.8403050080680842, 0.1499211518162611, 5.5299410972119556e-05], [0.001656982845214784, 0.008222946752093192, 0.9901171784410983, 2.8919615937259986e-06], [2.6085590474065576e-05, 0.9991496662151831, 0.0006510204832466044, 0.00017322771109635788], [0.00454521630280167, 0.0008706004841497495, 0.9929726594887109, 0.0016115237243376607], [0.0007217573776644252, 0.9945356238240853, 0.0014738636350815457, 0.0032687551631687653], [0.00030559484926278294, 0.4629099176278089, 0.5367238377144745, 6.064980845373931e-05], [0.08416923807543256, 0.008135407906874843, 0.0061056330883680655, 0.9015897209293245], [0.9566078227049627, 0.00010200555814626065, 0.04118003377720708, 0.0021101379596839332], [2.519622293479773e-10, 6.403226593106204e-08, 0.9999998214202354, 1.1429553647413407e-07], [0.0037678094568454187, 0.0005692533522540362, 0.8999939691420785, 0.09566896804882209], [0.00016162744927463417, 0.0003734444457000456, 5.87946340765798e-08, 0.9994648693103911], [0.00031591060665990024, 0.9819555140150765, 0.007830113396196032, 0.009898461982067392], [0.0391173295909763, 0.00904370506506091, 0.9350707061173278, 0.01676825922663507], [0.0004508447200791611, 0.00017402447291842876, 8.801840407263682e-06, 0.999366328966595], [0.574198150813089, 0.013700729744385838, 0.045897080699913995, 0.36620403874261126], [0.23853578918599574, 0.5262866412127034, 0.014065449678181921, 0.22111211992311897], [0.11627357475451196, 0.8823444032740192, 0.0008410128632698704, 0.0005410091081991731], [0.00015580984168024224, 2.789950290010437e-06, 2.2932400219678556e-08, 0.9998413772756294], [0.8224514303138425, 6.0772605507383274e-05, 9.09416300473416e-06, 0.17747870291764528], [0.9999276921875153, 4.919475690104773e-05, 1.3905297076858752e-07, 2.2974002612819985e-05], [0.9109237254501213, 4.2348480961698835e-05, 9.110791910772167e-09, 0.08903391695812508], [0.1807833829461415, 0.001457760970554705, 0.0008400507593825059, 0.8169188053239212], [2.32285964836223e-10, 8.14370456005872e-06, 8.763716800561077e-06, 0.9999830923463533], [0.10868911421710643, 0.019799802483982384, 0.050227136938286496, 0.8212839463606246], [1.330603402704387e-05, 0.9679107561464835, 0.03207575886462086, 1.7895486845325241e-07], [0.01656523399232994, 0.9806339700825627, 0.0001255822061515034, 0.002675213718955901], [0.004600289369024427, 0.8182586608170354, 0.1679630403147247, 0.009178009499215397], [0.45155757123803986, 0.0016800103456862427, 0.12289480066206789, 0.42386761775420606], [0.0013508353004411185, 0.9980919741916556, 5.71961712195634e-06, 0.0005514708907814335], [0.13686308366666533, 0.0014826501441228624, 0.00021500451495639646, 0.8614392616742554], [0.0003826111526658783, 0.925188978806823, 2.9394113314132927e-06, 0.07442547062917956], [0.9158595219179628, 0.0006344847304293416, 0.016910148778839288, 0.06659584457276856], [0.0331699914318575, 0.9663397611564648, 0.00039770721447862336, 9.254019719918845e-05], [0.8014821444709045, 0.00014296938988289906, 0.015224984334462557, 0.1831499018047501], [0.009822528474753208, 0.020261801768180057, 0.28989809655656773, 0.680017573200499], [0.0025646097334212797, 0.5021979926486483, 0.46911659308992326, 0.026120804528007167], [0.0008792959010312968, 0.00716139783061601, 5.1808254156180625e-08, 0.9919592544600986], [0.07573559266964272, 0.04559324804148899, 0.00010517995144967457, 0.8785659793374186], [0.0007582116083765983, 0.10456306925373926, 0.2687729976200241, 0.6259057215178601], [0.00016938866952626933, 0.9931832306923294, 1.5008405990958274e-07, 0.006647230554084282], [0.10786958964941175, 1.3897939887234757e-05, 0.10270228532644801, 0.789414227084253], [0.03396060943659152, 0.5059053839319078, 0.24440385430774877, 0.21573015232375184], [0.0013760555795266248, 0.9985983619379265, 1.1315791406340304e-05, 1.4266691140504315e-05], [0.006777810061240462, 0.3886014177842211, 0.603695929382286, 0.0009248427722525497], [0.002563207221770216, 0.22335664959564677, 0.7739357412921142, 0.00014440189046881707], [6.105822007330879e-05, 0.0005630628150285416, 0.76887467591132, 0.23050120305357824], [0.00011385063650976189, 0.005365198409967339, 0.022474840650815953, 0.972046110302707], [0.006798506913365069, 0.9063335212258204, 0.08299485772449311, 0.0038731141363213635], [2.3918222232858986e-06, 0.7914801392135628, 0.20783985712178277, 0.0006776118424311984], [0.003493444596310536, 0.026271932770526026, 0.003140996422614644, 0.9670936262105487], [0.1853046354233509, 0.8091224037918539, 5.249400971255667e-05, 0.00552046677508274], [0.002887555206135245, 0.015915947634147717, 2.5583704424933253e-05, 0.9811709134552921], [0.007687775698330724, 2.5773434022835997e-06, 3.1965655370780783e-10, 0.9923096466386104], [0.0018959230839164327, 0.002866253537159918, 0.9834340231441094, 0.011803800234814003], [0.0070687248461588584, 0.990509971381947, 0.0019630109155132002, 0.0004582928563808125], [0.9996742208765657, 6.558623101488792e-07, 0.00010522907323451813, 0.00021989418788985688], [0.00013393569242858597, 0.8672403235825409, 0.02323488168662762, 0.10939085903840279], [0.026640248923498405, 0.7397044884290279, 0.19147626469796644, 0.042178997949507455], [0.0776169359374199, 0.7264646077017125, 0.11133487815918042, 0.08458357820168715], [0.07760361379991876, 0.7698432077394357, 0.15170304778517213, 0.0008501306754733225], [0.4771261419028198, 0.0012939658882880332, 0.47215783524119453, 0.049422056967697726], [0.08266307785721705, 0.8838830284464166, 0.021944115493246423, 0.01150977820311985], [0.0066014931273103445, 0.9895511536607412, 2.7111871389648854e-06, 0.003844642024809567], [0.009048071806868296, 2.044563462604389e-05, 0.054809998274718844, 0.9361214842837868], [0.9425843700819508, 0.05038489097276959, 5.012410426159568e-05, 0.006980614841017824], [1.1634960746697614e-05, 0.038716759705652345, 0.03509648909247095, 0.9261751162411299], [0.3000633375751417, 0.0005471196762203874, 0.000844085462946137, 0.6985454572856917], [0.008519254134286508, 0.8456088460064202, 0.00026400321771969813, 0.14560789664157364]]}, "rewritten": {"ids": ["97105580", "97105960", "97106000", "97106600", "97109080", "97112170", "97112830", "97114170", "98107010", "98108150", "98108970", "98110230", "98110810", "98112170", "98113881", "99107660", "99108310", "99108520", "99109311", "99109370", "99109740", "99110050", "99111620", "99112840", "100107920", "100117420", "101108621", "101111140", "101111620", "101112160", "101114020", "101114990", "101115190", "101117580", "102107961", "102110050", "102110750", "102110850", "102113350", "102114270", "102116500", "103111110", "103112470", "103113170", "103113210", "103113260", "103118110", "103120340", "104110960", "104111531", "104111620", "104112201", "104118340", "105112130", "105113260", "105113440", "105115380", "105115680", "105116090", "105119950", "106111321", "106113170", "106114321", "106116370", "106117790", "106118161", "106121190", "107113180", "107114110", "107118820", "107119390", "107119950", "108114180", "108115500", "108115970", "108116070", "108117451", "108118630", "108118810", "108120280", "108121160", "108121190", "109114030", "109114220", "109115380", "109117600", "109117630", "109117730", "109119591", "109120540", "109121351", "109121640", "110114720", "110115710", "110115980", "110117080", "110117140", "110117200", "110118111", "110118810", "110119030", "111115780", "111115910", "111116110", "111116170", "111116411", "111119340", "111119950", "111120220", "111121220", "111121930", "112116451", "112116540", "112116610", "112116850", "112117030", "112117571", "112117660", "112117780", "112118701", "112119120", "112119950", "112120290", "112121410", "112121430", "113117340", "113117401", "113117630", "113118231", "113119300", "113119360", "113119700", "113119930", "113120751", "113120780", "113121010", "113121810", "113122170", "113122190", "113122230", "113122320", "113122510"], "labels": [1, 2, 0, 3, 2, 0, 2, 2, 3, 0, 3, 3, 1, 3, 3, 3, 2, 2, 1, 1, 3, 3, 3, 2, 0, 2, 0, 2, 3, 3, 3, 3, 1, 3, 3, 3, 1, 3, 3, 3, 1, 3, 1, 3, 3, 3, 2, 1, 2, 0, 0, 0, 2, 1, 3, 0, 1, 2, 1, 3, 0, 0, 2, 2, 1, 3, 2, 3, 1, 3, 2, 3, 1, 3, 2, 1, 2, 1, 1, 3, 2, 1, 1, 3, 3, 1, 0, 3, 0, 1, 0, 0, 3, 2, 1, 1, 3, 3, 1, 1, 0, 1, 2, 3, 0, 0, 3, 0, 3, 3, 1, 0, 1, 1, 0, 2, 3, 0, 0, 0, 1, 0, 1, 0, 2, 2, 3, 0, 3, 1, 0, 0, 1, 1, 0, 2, 2, 1, 1, 1, 1, 2], "predicted_labels": [0, 2, 3, 1, 3, 0, 3, 1, 2, 1, 1, 1, 1, 0, 1, 0, 3, 2, 2, 2, 2, 2, 3, 1, 0, 2, 0, 0, 0, 2, 3, 1, 2, 0, 1, 2, 1, 0, 2, 1, 2, 3, 0, 1, 0, 3, 1, 0, 0, 2, 3, 0, 1, 1, 3, 2, 0, 1, 0, 1, 0, 1, 2, 0, 2, 0, 1, 1, 3, 3, 3, 3, 3, 1, 1, 0, 0, 1, 3, 3, 1, 1, 3, 0, 1, 3, 1, 0, 1, 3, 3, 2, 2, 0, 3, 2, 3, 0, 1, 3, 3, 1, 0, 3, 3, 3, 3, 3, 0, 3, 3, 0, 1, 3, 3, 1, 1, 3, 3, 3, 0, 0, 1, 1, 1, 1, 0, 3, 1, 3, 3, 2, 1, 1, 0, 3, 2, 3, 2, 2, 0, 0], "confidence_scores": [[0.8128048686578998, 0.035234968873912524, 0.1513266730217168, 0.0006334894464708607], [0.009061021538662548, 8.499753553102418e-05, 0.9906831242951472, 0.0001708566306591944], [3.1439615114159676e-05, 9.85550975764117e-05, 0.002501151560173685, 0.9973688537271358], [0.37484544468251163, 0.5883972724614867, 0.03608773767124935, 0.0006695451847522274], [1.965981316722316e-08, 0.24233978348364546, 0.028292687382452657, 0.7293675094740888], [0.6268158410594893, 0.11864968189991812, 0.05585602994199708, 0.1986784470985956], [0.02639021704818638, 0.020565159800744564, 0.03654189303204569, 0.9165027301190234], [8.81397879211589e-05, 0.8255191675417317, 0.007069959978278437, 0.1673227326920688], [0.31036394496846953, 0.22786758177153427, 0.35084413147348914, 0.11092434178650698], [0.0010142704031692465, 0.9986708011710567, 2.812228472101123e-05, 0.00028680614105293807], [0.00012719575278442757, 0.7973744983053473, 0.2024662290994383, 3.2076842429816805e-05], [0.07850722398358903, 0.7481474040022664, 0.030093042264211337, 0.14325232974993332], [3.652350792834431e-05, 0.9975516130022918, 0.002411760754128188, 1.02735651683534e-07], [0.6406445493429977, 0.000622804928746974, 0.019885513808337658, 0.3388471319199177], [6.787174597317276e-05, 0.9999073748598964, 3.474372450175031e-06, 2.1279021680188993e-05], [0.4554864518892668, 0.001449524038723085, 0.23379729493020632, 0.30926672914180375], [0.005333605111049112, 0.00019027258978665068, 0.013307255258249185, 0.9811688670409151], [0.002959080981052305, 0.011151528776188364, 0.9848767940308898, 0.0010125962118694208], [0.0038072883425600097, 0.026431097984646018, 0.9503890888394471, 0.019372524833346904], [0.0021724615600350835, 0.035729383222591664, 0.7341331937882685, 0.22796496142910475], [0.04648007809118142, 0.011711540372687805, 0.6390927279101781, 0.30271565362595265], [1.8691608424144536e-05, 0.00031173405215309676, 0.5085032547514441, 0.49116631958797874], [0.05000660463299706, 0.4444714217212276, 0.033562184112549506, 0.4719597895332258], [7.424706100773556e-05, 0.959500691985028, 0.0010285625182740873, 0.03939649843569023], [0.7176650225280443, 6.107660233147408e-06, 0.0036646415524707963, 0.2786642282592517], [6.313064931431977e-07, 0.0005077622692250866, 0.9994903980769805, 1.2083473013819448e-06], [0.6452366108675002, 0.3440166712158501, 3.528192379915757e-05, 0.010711435992850508], [0.8764792992243611, 0.007774291363353435, 0.11176308567104554, 0.003983323741240035], [0.9996882063225191, 3.8441358723711536e-07, 0.00016707612091874, 0.0001443331429748705], [0.00011807712061239015, 0.00022497174983973078, 0.9992049015904393, 0.00045204953910850675], [0.0005166593148270484, 0.00010870921334885116, 0.0019142164153263747, 0.9974604150564976], [2.2566806812559697e-07, 0.6778701827442214, 0.3215387114498082, 0.0005908801379022064], [0.006550794655630738, 0.3253041804772948, 0.6675447950569199, 0.0006002298101545724], [0.4466104829295674, 0.12136976048905451, 3.85858576883789e-05, 0.4319811707236897], [0.007290226671908371, 0.9865539685657505, 0.005348476378255879, 0.000807328384085166], [0.0978580061427831, 0.019162164741093862, 0.6385336324680342, 0.24444619664808886], [0.00022835095679001437, 0.862710240069465, 0.13556728404946086, 0.0014941249242841253], [0.9550352453773786, 0.03423449793067372, 0.008760040747318945, 0.001970215944628599], [0.013824513718536142, 0.00012760325444742686, 0.6917679613520997, 0.2942799216749168], [0.27517874414218507, 0.7248090080460123, 3.521589619562941e-07, 1.1895652840651327e-05], [0.004125624571137196, 0.008393334473017062, 0.9874759653071343, 5.075648711289179e-06], [0.0013993947328373396, 0.0008743162607163752, 0.011298354566089358, 0.9864279344403569], [0.6878749886095487, 0.05444377603777469, 0.25739819253647883, 0.000283042816197915], [0.22776720537108727, 0.6306716051792534, 0.04085848335879311, 0.10070270609086626], [0.4974578447191359, 0.05208757599952739, 0.4340085936777044, 0.01644598560363223], [7.578159475564188e-06, 0.005211957468560892, 0.0001629321845094632, 0.994617532187454], [7.20583372299506e-08, 0.9986005386821291, 0.0002343107478790507, 0.0011650785116545659], [0.4322886284627271, 0.2323315955501661, 0.00022428829059484122, 0.3351554876965119], [0.831286357003555, 0.10718311307286052, 0.046770774974768795, 0.014759754948815719], [0.015056493151097732, 0.3072275725098416, 0.49965051389579124, 0.17806542044326934], [0.10886059370547299, 0.01629882128830681, 0.3280522157044065, 0.5467883693018137], [0.9788028605738175, 0.017705920046690037, 0.0008504750866198039, 0.002640744292872662], [0.20223996863042648, 0.7883764908552574, 0.00024164036884083884, 0.009141900145475293], [9.812625224898906e-05, 0.9986661414500617, 7.2786838874313905e-06, 0.0012284536138019416], [7.26296694851468e-06, 2.1945110548664394e-07, 8.8723856243443e-07, 0.9999916303433836], [0.03972009007357178, 0.22333788955319012, 0.731250691198715, 0.005691329174522992], [0.5068773675014024, 0.4522504349698499, 0.0033716756776325106, 0.03750052185111514], [8.331790409103508e-05, 0.9463543987351073, 0.052052019532219905, 0.0015102638285818858], [0.7726986990142991, 0.22556634502411774, 5.893191560651545e-05, 0.0016760240459765337], [0.0025887775539733195, 0.961653733978438, 2.430699381522522e-06, 0.03575505776820721], [0.9998493276919923, 1.4493868715657594e-05, 1.2338895579682006e-05, 0.00012383954371245108], [0.0005080039899831741, 0.998621380111991, 5.0326445109208695e-08, 0.0008705655715808405], [0.0005025050372865816, 0.004582584511943079, 0.7963464554457214, 0.1985684550050489], [0.6136007649806939, 0.13777957093772703, 0.0027838098609685156, 0.24583585422061052], [4.6634509686632144e-06, 0.021157452256466213, 0.9731776325991014, 0.005660251693463848], [0.5789844944463709, 0.02037259984468348, 0.338244465454274, 0.06239844025467169], [0.0012648652634155843, 0.8715505317710295, 0.1266261553756961, 0.0005584475898586726], [0.06475300565027942, 0.8519846383087853, 0.08297107001864447, 0.0002912860222907705], [0.0005084044505133857, 1.1464845333474331e-08, 0.0011916708021764998, 0.9982999132824648], [0.056683370965787155, 1.7585468970747553e-05, 0.0006383360759432243, 0.9426607074892988], [0.006873750423455059, 0.022670152888255368, 0.0002820726395931416, 0.9701740240486965], [0.0008316431091267478, 0.3787767922263117, 0.036034300155136145, 0.5843572645094254], [4.009019092295463e-11, 1.5975404010485838e-06, 8.235213841164496e-06, 0.9999901672056676], [0.22043320577419281, 0.776221226794512, 0.002678104891133683, 0.0006674625401613051], [0.18306038403608293, 0.4991176524306301, 7.010555617577076e-07, 0.31782126247772513], [0.9091251583865174, 0.06037526727106037, 0.030446934328811237, 5.2640013610944326e-05], [0.9999666997855046, 6.182696956291296e-09, 1.595194436562825e-09, 3.329243660416056e-05], [0.15103030869729786, 0.44084986095651607, 0.2801173899001856, 0.1280024404460005], [4.688810745330137e-05, 1.4002799237318696e-06, 4.398797387305326e-09, 0.9999517072138256], [0.01239925774671498, 0.0017511825886260752, 0.010996306995049804, 0.9748532526696092], [0.006329014038948982, 0.9933914039923963, 6.0278025156579823e-05, 0.0002193039434981755], [0.00266894862506818, 0.7800791923735811, 0.00043506108776684705, 0.21681679791358383], [0.0027412274641347616, 0.018632545344349393, 0.3370950275143624, 0.6415311996771534], [0.6060789209379235, 0.36827149230784734, 0.0004651997911071403, 0.025184386963122217], [0.00043214435374675663, 0.5410873670319044, 0.4549359986017783, 0.003544490012570528], [0.013177835274122722, 0.0011153338470373496, 0.020234871400630905, 0.965471959478209], [0.02739039064448645, 0.9692609569199512, 0.0030906078893308707, 0.0002580445462313891], [0.9996150102363371, 0.00033103937183484594, 7.601292427221999e-07, 5.319026258515062e-05], [0.3403184730257491, 0.630595275352948, 0.016434996659041797, 0.01265125496226116], [0.013490051586417992, 0.08518774105073243, 0.012438608253959349, 0.8888835991088903], [5.891432812681147e-06, 2.9406602027083336e-05, 5.986831640725854e-10, 0.999964701366477], [0.16881286653150215, 0.015612393456381204, 0.7974517416296889, 0.018122998382427757], [0.26150200011636276, 0.005306125249218616, 0.728027569936733, 0.005164304697685579], [0.9618552688999822, 0.0014454070031617479, 0.03668706265670571, 1.2261440150364481e-05], [0.09600452737009162, 0.002163365348622591, 0.04217962384331501, 0.8596524834379708], [0.0001170277622046248, 0.0002805108327172554, 0.992447304863249, 0.007155156541829072], [0.0010510016287522644, 0.0005647951551604913, 5.893707317926453e-07, 0.9983836138453555], [0.9742085151759422, 0.01624888088030529, 0.008630947566957297, 0.0009116563767950764], [0.22114153563409028, 0.4882182551331496, 4.110385164522753e-06, 0.29063609884759567], [0.42087751091155895, 0.061994060309405775, 0.01072224373674906, 0.5064061850422862], [0.017400052407089153, 0.10910410610925307, 1.3856416795577867e-06, 0.8734944558419783], [0.06165168946114882, 0.8189303440149549, 0.0006825058740993198, 0.11873546064979695], [0.9124092108392345, 0.020344221159307545, 0.04081559009746657, 0.02643097790399144], [8.222203144136477e-05, 6.4184624881731275e-06, 1.517469355187587e-06, 0.9999098420367153], [0.007230103117093133, 8.407092898707812e-07, 1.5720976630831508e-07, 0.9927688989638507], [0.07530278016773552, 0.0003027296378109088, 5.517330598477012e-07, 0.9243939384613938], [0.00036295314325850787, 9.095996113866742e-06, 2.6918996655644e-07, 0.999627681670661], [0.1094816410750918, 4.976303337633476e-05, 0.00042187547101231546, 0.8900467204205195], [0.9981254837259238, 0.0018737041143892241, 9.604019934225246e-08, 7.161194876048547e-07], [0.0056651046568585795, 0.19383192718246925, 0.00038826152444863593, 0.8001147066362235], [0.4651996576252777, 4.059859881943694e-05, 0.0010713799153783865, 0.5336883638605244], [0.9977098698753168, 0.0016244717395629653, 7.955211031338303e-07, 0.0006648628640170243], [0.09091370514155589, 0.9045598060447966, 0.00032584816769355945, 0.004200640645953968], [0.1725587410751413, 0.02334919975408512, 8.823768218155491e-05, 0.8040038214885921], [0.3261431789616809, 0.0938998561490246, 0.0002706187869644135, 0.57968634610233], [0.36472559780137137, 0.5375886207618835, 0.04869847821066, 0.04898730322608511], [0.40821613167092563, 0.5516495077206388, 0.00020644382483912767, 0.03992791678359644], [0.03903620902445852, 0.012739194940975897, 0.0001695948946725364, 0.9480550011398929], [0.23541744748837648, 0.001172574087933051, 0.10502135916633286, 0.6583886192573576], [0.0001493890160041872, 3.150029827049079e-05, 0.0016690758976223281, 0.9981500347881029], [0.9609155380764957, 0.02598244122061543, 0.00944469184596342, 0.00365732885692549], [0.5876640203409811, 2.1134355631035455e-05, 0.00035083737040738375, 0.41196400793298055], [0.0001575573397293067, 0.998329957258357, 0.0013056783898854746, 0.00020680701202806148], [0.295376723340666, 0.7044751849720734, 3.427712530694147e-05, 0.00011381456195356588], [0.20714705115405393, 0.7893801030132833, 0.0007992846499445578, 0.002673561182718196], [0.003400251209773689, 0.5806838760058627, 0.10894129556885483, 0.3069745772155089], [0.92959344828891, 8.859504436393837e-05, 0.029225388881958133, 0.04109256778476797], [2.598974483230293e-05, 0.08133911242728832, 0.005409823025337435, 0.913225074802542], [0.01143630603423959, 0.9882814797686431, 8.959930420585902e-07, 0.00028131820407543815], [6.198660797367675e-05, 1.010223798530537e-06, 2.3716130090183592e-08, 0.9999369794520976], [0.021206587400086054, 0.001196792075048853, 2.530497973801214e-05, 0.9775713155451271], [0.4265376670665513, 0.010025314380535456, 0.43861854547168994, 0.12481847308122335], [0.0026008595680498785, 0.9951246580745778, 6.842395735421156e-05, 0.002206058400018072], [1.071503004138923e-06, 0.999629507011867, 0.00010804222582113284, 0.0002613792593078866], [0.40176568863974726, 0.21895360045902862, 0.0011479976465115426, 0.37813271325471265], [0.004911929601252425, 0.0038593532572094883, 0.004372825438631895, 0.9868558917029062], [0.0006944884071685429, 0.36688228345546686, 0.631365887024282, 0.0010573411130827218], [0.00039584608962057815, 0.03507967895427659, 0.07690657032978919, 0.8876179046263137], [0.0017675144252540511, 3.060989864584952e-05, 0.9955632001946295, 0.0026386754814706134], [0.05411050763377788, 0.03328332564478854, 0.8992390925983679, 0.013367074123065904], [0.9648810183951069, 0.0316549866717826, 2.0083431921744617e-05, 0.003443911501188684], [0.8730899494684091, 0.12655885719558943, 0.00032457081031338485, 2.6622525687889778e-05]]}}