{"test": {"ids": ["100109311", "112118550", "111117200", "99109910", "103120290", "110120700", "113118111", "112120270", "104113240", "102111990", "111114121", "102113350", "104112470", "112119950", "110115120", "109119591", "113121190", "109115220", "108113620", "97105451", "97109570", "97109080", "98109311", "100113370", "108114220", "105115250", "99114890", "112116540", "108117360", "113120640", "108120260", "109114030", "112117780", "109117630", "108113480", "113120591", "110118930", "102112030", "103109641", "107120260", "103111990", "99112840", "113119930", "99111620", "112119120", "111119290", "107116300", "110114950", "99107630", "109117600", "103111480", "106114011", "100111620", "97106591", "99108580", "112121010", "106115240", "113118690", "104111531", "97105960", "99116500", "108116481", "113122430", "107114280", "98106880", "103113270", "97107821", "112116401", "99108520", "105115570", "105114220", "109116810", "100113210", "100109980", "106117650", "111118820", "109113591", "103120780", "98107410", "107120010", "110118810", "101117580", "113118511", "105116501", "103111830", "101112201", "107119390", "98109570", "112116610", "99110050", "110121720", "105113170", "102109850", "110116300", "100111390", "108113700", "113120260", "99117630", "102117351", "107118520", "105113210", "104111880", "97110950", "106121190", "102114270", "110117200", "101119030", "110113931", "112118930", "105112260", "97106000", "98111860", "111114321", "111119340", "102118380", "105115720", "107121540", "112121410", "113118820", "109115380", "106116640", "112118421", "97105760", "102113210", "105113620", "113120830", "113119700", "107118490", "100108990", "99107660", "112118820", "112118701", "98110710", "107113170", "107117630", "107120130", "107114140", "113119320", "101109000", "97118210", "97106970", "113119340"], "labels": [1, 3, 0, 2, 2, 2, 1, 0, 2, 2, 0, 3, 1, 0, 0, 0, 1, 3, 3, 0, 0, 2, 1, 3, 3, 2, 2, 1, 1, 0, 1, 1, 0, 0, 0, 0, 1, 2, 1, 1, 2, 2, 1, 3, 1, 3, 0, 0, 2, 1, 0, 1, 3, 1, 0, 2, 1, 3, 0, 2, 2, 0, 2, 3, 0, 2, 2, 0, 2, 0, 3, 3, 0, 1, 1, 0, 3, 1, 3, 1, 1, 3, 1, 1, 3, 0, 2, 1, 1, 3, 3, 0, 1, 3, 2, 0, 3, 3, 1, 2, 3, 3, 3, 2, 3, 3, 3, 1, 1, 3, 0, 0, 1, 3, 1, 1, 2, 0, 0, 3, 3, 3, 0, 3, 0, 3, 0, 2, 2, 3, 0, 0, 2, 0, 0, 2, 2, 1, 1, 2, 2, 0], "predicted_labels": [0, 3, 0, 1, 1, 3, 3, 0, 1, 3, 3, 1, 1, 0, 1, 1, 3, 3, 1, 1, 0, 1, 1, 1, 3, 1, 1, 1, 3, 0, 3, 0, 3, 3, 3, 3, 1, 1, 3, 3, 1, 1, 1, 1, 3, 3, 1, 3, 3, 1, 0, 3, 1, 1, 0, 1, 0, 3, 3, 3, 1, 0, 1, 1, 1, 3, 3, 3, 1, 1, 0, 1, 3, 3, 1, 0, 0, 3, 0, 3, 0, 3, 1, 1, 3, 0, 3, 3, 1, 3, 0, 3, 1, 1, 3, 3, 3, 3, 1, 1, 0, 3, 0, 3, 1, 1, 3, 3, 3, 3, 3, 2, 1, 3, 1, 1, 1, 3, 1, 3, 3, 3, 0, 1, 1, 3, 1, 1, 1, 0, 1, 3, 1, 3, 0, 1, 3, 1, 3, 0, 3, 0], "confidence_scores": [[0.3169952018800243, 0.2799892522334603, 0.09838885936235693, 0.3046266865241582], [0.26758106967363104, 0.27193675053986216, 0.12804391981430407, 0.33243825997220267], [0.31228754004132997, 0.2664742584255942, 0.0999136102596112, 0.32132459127346463], [0.21148399430871354, 0.31855019411360264, 0.2995970217475113, 0.17036878983017226], [0.17465166721844372, 0.3118951814364498, 0.2685651906661155, 0.2448879606789907], [0.2697198342928881, 0.2599664369887318, 0.11122486816252225, 0.3590888605558578], [0.23227155121925677, 0.2711463608431962, 0.15840662007429254, 0.3381754678632546], [0.30367112983517924, 0.25007643644858285, 0.12003545037267153, 0.3262169833435663], [0.15522261938877985, 0.35003205695541056, 0.2448594308812752, 0.24988589277453438], [0.24620234648803324, 0.27588076560289804, 0.2194020045647617, 0.258514883344307], [0.29713681984821716, 0.2762852977203314, 0.09317095127014849, 0.3334069311613031], [0.19119909502916957, 0.3060518535645277, 0.24657413377076626, 0.2561749176355368], [0.21969892485847534, 0.31208013538182555, 0.18831250915743897, 0.2799084306022601], [0.32460779473612944, 0.2270158250601063, 0.097653403258813, 0.35072297694495147], [0.22277834911393668, 0.3019384182644166, 0.18527656566947504, 0.2900066669521712], [0.1982799567173449, 0.30851916711204574, 0.2564990274967156, 0.23670184867389363], [0.2244632453392232, 0.28308655932627735, 0.1524534202326287, 0.339996775101871], [0.24114382352099184, 0.2793082331671301, 0.14707849354054106, 0.33246944977133724], [0.2969763452517104, 0.295826047419609, 0.0836235421143551, 0.3235740652143257], [0.25722589810340024, 0.2999339470248777, 0.14896887998128078, 0.29387127489044135], [0.2875965216675714, 0.2496919838496842, 0.18265642797389606, 0.2800550665088483], [0.2040097924832273, 0.3028809494437225, 0.2662659563404586, 0.2268433017325916], [0.2575954144676548, 0.2980266244359046, 0.21798079048877259, 0.22639717060766792], [0.2647394192811283, 0.28579227936555224, 0.17006660034715634, 0.27940170100616324], [0.2833939653926318, 0.2807553721936559, 0.1090138512271974, 0.3268368111865149], [0.1995419706126893, 0.3035684610701513, 0.21629905962598245, 0.280590508691177], [0.13837931493433273, 0.3292314289765651, 0.24865241902770385, 0.28373683706139824], [0.2199669432450355, 0.3035781177422388, 0.15561273069933138, 0.3208422083133941], [0.22096525236536443, 0.2892305271992252, 0.23312614500812545, 0.2566780754272848], [0.3501473400099102, 0.2745884290330855, 0.09506215325659889, 0.28020207770040556], [0.26450854806606644, 0.2950929000372853, 0.091597935997657, 0.3488006158989911], [0.3303890382348462, 0.2513105456915145, 0.10126200980556274, 0.31703840626807633], [0.26111275772580805, 0.283217235290501, 0.11629113316440598, 0.3393788738192851], [0.30553908286016085, 0.26754539816584993, 0.08415907742618561, 0.34275644154780366], [0.22082561814207777, 0.30322565220688785, 0.15681421796473696, 0.3191345116862975], [0.21534889419014158, 0.273768683266484, 0.2151012343286847, 0.2957811882146897], [0.1773113186199985, 0.33073788116763914, 0.2104931862353642, 0.28145761397699826], [0.20345953365152777, 0.312115643701272, 0.25836421177836877, 0.2260606108688315], [0.20580532043572095, 0.29420068767911806, 0.19934696479691658, 0.30064702708824453], [0.2508749576512962, 0.2694770011113283, 0.14073501609056693, 0.33891302514680854], [0.23954432701553283, 0.29588557708409136, 0.18851378453385292, 0.2760563113665231], [0.1954654642528089, 0.3046261600861247, 0.27294347580226136, 0.22696489985880483], [0.24923683427539775, 0.3150770681540488, 0.12949499395354502, 0.30619110361700846], [0.20253789003731315, 0.3399057172735671, 0.28005573735558215, 0.1775006553335375], [0.24547731218307775, 0.2731418368077689, 0.16878235148036844, 0.3125984995287849], [0.21104763209445673, 0.2855605034523964, 0.13441380407763792, 0.3689780603755091], [0.23902644678241178, 0.32980931953194564, 0.13841845879931275, 0.2927457748863297], [0.24737950136439243, 0.28901802326964987, 0.12876764041396677, 0.33483483495199096], [0.2724549556024978, 0.2705069903325321, 0.14527095006922564, 0.3117671039957444], [0.2102469848479773, 0.3016885256710584, 0.27039721112783255, 0.21766727835313163], [0.3287427074977425, 0.29044234708828276, 0.06919703795083018, 0.31161790746314466], [0.1989512061679437, 0.29458283122467244, 0.23415157103883522, 0.272314391568549], [0.19890803064657056, 0.307650980080609, 0.2870805329468821, 0.20636045632593825], [0.17943337633830758, 0.3298739542741448, 0.29839979874032163, 0.19229287064722583], [0.2760686986786075, 0.2917969539349347, 0.22063024779386053, 0.2115040995925972], [0.17691778321824483, 0.3157385480582356, 0.2632822495257713, 0.24406141919774837], [0.30718300569399115, 0.2752512744255567, 0.14559955178896808, 0.27196616809148416], [0.21228974636125514, 0.292004353310565, 0.1834716084379708, 0.3122342918902088], [0.2610391329338048, 0.2845966267582409, 0.16246968250086236, 0.29189455780709184], [0.25324264791960294, 0.2702150108001124, 0.18757269678214342, 0.2889696444981411], [0.15509011182134713, 0.33701775543430035, 0.3148646247054684, 0.19302750803888424], [0.3088196132457431, 0.2740457943833891, 0.09104891379508222, 0.32608567857578585], [0.1832466159195817, 0.31657514543944887, 0.22889492015275814, 0.27128331848821136], [0.23316356193511845, 0.3121418382815219, 0.20601022092169724, 0.24868437886166253], [0.23435027560808075, 0.30437218187882287, 0.2548466305815331, 0.2064309119315631], [0.17294942145808442, 0.303111875606436, 0.28741635162662443, 0.23652235130885493], [0.2494607292192626, 0.27471067990923353, 0.2146419758153108, 0.2611866150561935], [0.33857018552802043, 0.23525477618130575, 0.052739820676533565, 0.3734352176141401], [0.19567341941739494, 0.308950643484712, 0.3008054296791764, 0.1945705074187165], [0.17151489958227703, 0.31148317545109055, 0.2360825085836583, 0.280919416382974], [0.2922130219374131, 0.26824190711293705, 0.12743660780677635, 0.3121084631428734], [0.27255773083955265, 0.3121248999430188, 0.09760947221173549, 0.3177078970056931], [0.2394472106977817, 0.2822498790474643, 0.16383818146000512, 0.31446472879474896], [0.2361604925791329, 0.27208846368312617, 0.2004446421491565, 0.2913064015885847], [0.20048580298104496, 0.3292745749607811, 0.2717276795644713, 0.19851194249370246], [0.3151741208836697, 0.2582671791536985, 0.0852658027362747, 0.34129289722635714], [0.31152986530166804, 0.2790609228426134, 0.0791566285946764, 0.33025258326104207], [0.24611481603901197, 0.2697984599064519, 0.1726764208473028, 0.3114103032072332], [0.31095236218790273, 0.24262656941234054, 0.14643425910284955, 0.29998680929690685], [0.2067704008516148, 0.28045928328424785, 0.1579852372544827, 0.3547850786096547], [0.34867677639780914, 0.2604423836885544, 0.09363574306577632, 0.29724509684786005], [0.261881568820852, 0.2759679934585233, 0.1382755921395208, 0.3238748455811042], [0.2309636952460073, 0.3135157860717279, 0.16577112131004246, 0.28974939737222233], [0.2518968191643172, 0.3007823896636605, 0.12404773919068614, 0.3232730519813359], [0.22095602509834197, 0.2816322572664786, 0.24709669211943666, 0.2503150255157427], [0.32887129602566173, 0.26213472907305574, 0.12483194763761991, 0.2841620272636626], [0.1710934502457366, 0.3125171719461284, 0.21121088751353628, 0.30517849029459876], [0.2972491308153761, 0.25307266475233503, 0.11254104410342734, 0.33713716032886154], [0.2568803674215893, 0.30033599915906445, 0.24392439143254188, 0.19885924198680446], [0.22771734898633827, 0.28109324614635806, 0.18954019902233357, 0.30164920584497], [0.29860051897802237, 0.26430464184811014, 0.11036030954111814, 0.3267345296327492], [0.20512550472180782, 0.28806118623253363, 0.1683389017937099, 0.3384744072519485], [0.17640531552456584, 0.3227334190344606, 0.32397006435021586, 0.17689120109075726], [0.2245969109735023, 0.31438869878838294, 0.17359168178242693, 0.28742270845568774], [0.2539515644417871, 0.2773773855917925, 0.20460689079924127, 0.264064159167179], [0.22562974790427126, 0.3004152661310243, 0.13654859272366854, 0.33740639324103605], [0.23963889044506725, 0.2840023347469298, 0.15912063564430584, 0.3172381391636972], [0.2136609067907745, 0.29154782459574347, 0.26738657471179966, 0.22740469390168222], [0.271578436881959, 0.3102162924853525, 0.13004768099923342, 0.28815758963345517], [0.2536908365681198, 0.3034340872331734, 0.1398616650082693, 0.3030134111904373], [0.28107317202585075, 0.272536021567167, 0.1462447461848643, 0.30014606022211776], [0.15154948163301385, 0.3179812571905011, 0.17952778862623744, 0.35094147255024777], [0.34244037492954643, 0.2295638778917843, 0.14489163814124734, 0.28310410903742184], [0.13243580475949307, 0.32271858239433454, 0.21607026365169182, 0.32877534919448065], [0.16591096558997004, 0.31723815947822354, 0.2687954472767476, 0.2480554276550588], [0.2878742557551288, 0.2858711228802983, 0.11574398185569636, 0.3105106395088768], [0.22643752955428242, 0.28592831235329513, 0.19763150267870455, 0.2900026554137176], [0.23338110530408762, 0.2819439796138648, 0.1918863930334673, 0.2927885220485804], [0.28138290616162354, 0.2587525521823604, 0.09215993274019907, 0.367704608915817], [0.21171507440027126, 0.30336880182040143, 0.15482522767053947, 0.330090896108788], [0.21481882936284635, 0.26918344645966574, 0.2453893445946298, 0.2706083795828582], [0.13111528724135255, 0.33923503215411516, 0.350007869977666, 0.17964181062686646], [0.23063109301757462, 0.30161529180780894, 0.18724587235990453, 0.2805077428147119], [0.20227114824099957, 0.29712640478864694, 0.20048200371083785, 0.3001204432595157], [0.21661895608068044, 0.3075898127063688, 0.23354695766952033, 0.24224427354343053], [0.22108310694411537, 0.30554865670705683, 0.19425281549382023, 0.2791154208550074], [0.15892885687612318, 0.31683885464335715, 0.27189764971301844, 0.2523346387675012], [0.26764527320119275, 0.276014104582827, 0.1296572841721804, 0.32668333804379984], [0.2819969222931747, 0.31334914643443756, 0.09093540697379322, 0.31371852429859437], [0.17620818571120475, 0.30678823458677457, 0.1965523260900023, 0.32045125361201865], [0.2773781652965066, 0.26543804419361705, 0.12799459844776503, 0.3291891920621115], [0.2562837890248636, 0.294372811476482, 0.08369914665532081, 0.36564425284333385], [0.3238101838850943, 0.25647452271886034, 0.09803367229594648, 0.32168162110009885], [0.2257140494685002, 0.2980844211848958, 0.19210144069811758, 0.2841000886484864], [0.1611712386468129, 0.33285247286557385, 0.2802955595649094, 0.2256807289227037], [0.2172923336007854, 0.2876319193275815, 0.27543338574643145, 0.2196423613252019], [0.20184872397669704, 0.306855609267727, 0.20344855525064823, 0.2878471115049278], [0.2036974988818433, 0.329415876142683, 0.28343701092074547, 0.18344961405472807], [0.20768402299546973, 0.3051502908989177, 0.20751414541198315, 0.2796515406936296], [0.30599773757302445, 0.2885951460259934, 0.09742568915900657, 0.3079814272419755], [0.2768982074644507, 0.2860936895006237, 0.11978734402391822, 0.3172207590110075], [0.27239176582237223, 0.2726567997808333, 0.07790357072599412, 0.3770478636708004], [0.12375941282900373, 0.353167823607779, 0.34502033079611283, 0.17805243276710433], [0.2896549668804188, 0.25737883353470026, 0.12048705197197815, 0.33247914761290254], [0.33772634135967383, 0.2566205132186644, 0.19077677317039943, 0.2148763722512624], [0.2155614217817219, 0.3220083613571349, 0.1690874358954304, 0.29334278096571254], [0.16943350839500904, 0.3102830931850794, 0.19914037877968382, 0.3211430196402276], [0.26118265127280005, 0.29928629446004995, 0.10480925035481989, 0.33472180391233014], [0.24148798982691086, 0.2829872440005623, 0.1172042505229847, 0.35832051564954237], [0.2641071718640266, 0.28620244114610077, 0.2547155229087114, 0.19497486408116124], [0.12641807649174208, 0.32630131674245466, 0.2940157475169234, 0.25326485924888], [0.30999143264692797, 0.2809395693898569, 0.09666382286548185, 0.3124051750977334]]}, "rewritten": {"ids": ["97105451", "97105760", "97105960", "97106000", "97106591", "97106970", "97107821", "97109080", "97109570", "97110950", "97118210", "98106880", "98107410", "98109311", "98109570", "98110710", "98111860", "99107630", "99107660", "99108520", "99108580", "99109910", "99110050", "99111620", "99112840", "99114890", "99116500", "99117630", "100108990", "100109311", "100109980", "100111390", "100111620", "100113210", "100113370", "101109000", "101112201", "101117580", "101119030", "102109850", "102111990", "102112030", "102113210", "102113350", "102114270", "102117351", "102118380", "103109641", "103111480", "103111830", "103111990", "103113270", "103120290", "103120780", "104111531", "104111880", "104112470", "104113240", "105112260", "105113170", "105113210", "105113620", "105114220", "105115250", "105115570", "105115720", "105116501", "106114011", "106115240", "106116640", "106117650", "106121190", "107113170", "107114140", "107114280", "107116300", "107117630", "107118490", "107118520", "107119390", "107120010", "107120130", "107120260", "107121540", "108113480", "108113620", "108113700", "108114220", "108116481", "108117360", "108120260", "109113591", "109114030", "109115220", "109115380", "109116810", "109117600", "109117630", "109119591", "110113931", "110114950", "110115120", "110116300", "110117200", "110118810", "110118930", "110120700", "110121720", "111114121", "111114321", "111117200", "111118820", "111119290", "111119340", "112116401", "112116540", "112116610", "112117780", "112118421", "112118550", "112118701", "112118820", "112118930", "112119120", "112119950", "112120270", "112121010", "112121410", "113118111", "113118511", "113118690", "113118820", "113119320", "113119340", "113119700", "113119930", "113120260", "113120591", "113120640", "113120830", "113121190", "113122430"], "labels": [0, 0, 2, 0, 1, 2, 2, 2, 0, 3, 2, 0, 3, 1, 1, 2, 0, 2, 3, 2, 0, 2, 3, 3, 2, 2, 2, 3, 2, 1, 1, 2, 3, 0, 3, 1, 0, 3, 3, 1, 2, 2, 3, 3, 3, 1, 1, 1, 0, 3, 2, 2, 2, 1, 0, 3, 1, 2, 3, 0, 3, 0, 3, 2, 0, 1, 1, 1, 1, 3, 1, 2, 0, 2, 3, 0, 0, 2, 2, 2, 1, 2, 1, 2, 0, 3, 0, 3, 0, 1, 1, 3, 1, 3, 3, 3, 1, 0, 0, 1, 0, 0, 3, 3, 1, 1, 2, 3, 0, 1, 0, 0, 3, 3, 0, 1, 1, 0, 3, 3, 0, 0, 1, 1, 0, 0, 2, 0, 1, 1, 3, 0, 1, 0, 0, 1, 3, 0, 0, 3, 1, 2], "predicted_labels": [3, 0, 1, 1, 1, 1, 0, 1, 0, 0, 0, 0, 0, 1, 3, 1, 0, 0, 0, 1, 1, 0, 1, 1, 1, 1, 1, 1, 1, 0, 0, 1, 1, 1, 3, 3, 0, 3, 1, 1, 3, 1, 0, 1, 1, 1, 1, 1, 1, 0, 1, 1, 1, 1, 1, 3, 1, 1, 1, 3, 0, 1, 0, 1, 1, 1, 1, 1, 0, 3, 1, 1, 0, 1, 1, 1, 0, 1, 1, 1, 0, 1, 0, 3, 1, 1, 1, 0, 3, 1, 3, 0, 0, 0, 1, 1, 3, 0, 1, 0, 0, 1, 1, 1, 0, 1, 3, 1, 0, 1, 0, 0, 1, 1, 3, 1, 0, 0, 3, 0, 3, 1, 3, 0, 0, 1, 3, 1, 0, 0, 3, 0, 1, 0, 1, 1, 3, 3, 0, 0, 1, 1], "confidence_scores": [[0.22070705941533988, 0.29259393220554514, 0.20212488643766308, 0.2845741219414517], [0.3186921257092698, 0.28230605280786814, 0.09459289775149635, 0.30440892373136563], [0.2533746728511286, 0.282626187529867, 0.20886483462591446, 0.2551343049930902], [0.22534535310867343, 0.309465729547231, 0.2639882540683716, 0.20120066327572386], [0.22657528604249624, 0.3150449458388477, 0.23194893187470905, 0.2264308362439469], [0.16368663943498735, 0.32622596878411186, 0.2847822582779198, 0.22530513350298081], [0.2799918956520311, 0.274721926332571, 0.2091488978815365, 0.23613728013386132], [0.2203740819240423, 0.3074920133695093, 0.27697620731559014, 0.19515769739085834], [0.2976114619091866, 0.2773243683614582, 0.1923340332119874, 0.23273013651736768], [0.3454356272752496, 0.25262065030569997, 0.1951343348355275, 0.20680938758352313], [0.27220856897143164, 0.2797837105472272, 0.23365364705815514, 0.21435407342318608], [0.3208414240029752, 0.26320772004892884, 0.14718928155603464, 0.2687615743920615], [0.3322620753269735, 0.2645320730504177, 0.16303141372822158, 0.2401744378943872], [0.2513688485375354, 0.3009294249673164, 0.21254224006215955, 0.23515948643298867], [0.28624613327934967, 0.2560820463328355, 0.1282563736032834, 0.32941544678453144], [0.14701452247499022, 0.34377293868252157, 0.3392476547989358, 0.16996488404355228], [0.2770232918780165, 0.27611657158189207, 0.2201085858028648, 0.22675155073722672], [0.27609855271312267, 0.2840348098476612, 0.1804919718653595, 0.2593746655738564], [0.3164121066160544, 0.2765445261731113, 0.11320192155216856, 0.29384144565866566], [0.22308469669313613, 0.298854426560116, 0.2886526564056595, 0.1894082203410884], [0.26636380239365665, 0.30881408021841594, 0.23805688732904676, 0.1867652300588805], [0.2655369347598799, 0.2772265041687132, 0.29291292737785685, 0.16432363369355005], [0.1904593162941411, 0.3054223861885402, 0.24400741499410478, 0.2601108825232139], [0.24649508082729427, 0.31751741843534875, 0.2552730086746777, 0.1807144920626793], [0.21222222640904562, 0.30582010005519805, 0.23174559650877463, 0.25021207702698167], [0.18842314247737088, 0.3205410131356756, 0.27917258837165104, 0.21186325601530248], [0.14317493833543302, 0.3593240527051315, 0.32893309064344145, 0.16856791831599438], [0.2472080090361209, 0.306716494843873, 0.27496906499320506, 0.17110643112680085], [0.1865900042648155, 0.34263957368737047, 0.30835940241613313, 0.16241101963168067], [0.3064468747092671, 0.2764569663501925, 0.128928593834015, 0.28816756510652514], [0.2518731152562264, 0.29754593995412815, 0.26063158997834585, 0.18994935481130001], [0.259181065042608, 0.2981783050434682, 0.2122041807668142, 0.23043644914710978], [0.20883109410175454, 0.30329618785600015, 0.25833100604864184, 0.22954171199360332], [0.24330346539852474, 0.29334314959547403, 0.18568987116824587, 0.2776635138377553], [0.25811421420149505, 0.2660625544988415, 0.2061835247095477, 0.2696397065901158], [0.25425960003517867, 0.27558316079006395, 0.14390819715628386, 0.3262490420184736], [0.327699226412386, 0.2691639044935114, 0.13883160776401016, 0.26430526133009236], [0.26530518495460664, 0.2730756417273116, 0.17551286516728365, 0.2861063081507979], [0.2714515827345074, 0.29073629517491745, 0.18000363965129382, 0.25780848243928123], [0.22882352377269727, 0.32200786440507784, 0.29697774350133616, 0.15219086832088916], [0.2687337706074278, 0.25976003564546346, 0.18197568184373714, 0.2895305119033713], [0.22183778868021362, 0.3143753495704793, 0.28027891168993213, 0.18350795005937462], [0.2821435455138903, 0.26639813079159935, 0.16924037561002625, 0.28221794808448397], [0.2375524177916265, 0.2895549803653069, 0.22976707280933978, 0.24312552903372694], [0.19761632513745894, 0.31683016376729456, 0.2840279805326148, 0.20152553056263167], [0.3003970624206068, 0.32952808832268493, 0.11582946197928508, 0.25424538727742296], [0.20886887562059508, 0.3223356710457134, 0.2465458880632484, 0.2222495652704427], [0.26281065892659705, 0.3115773382722071, 0.22747411949634574, 0.19813788330485008], [0.29494633322345615, 0.30494728223620693, 0.1245012234458494, 0.27560516109448724], [0.297685050652557, 0.2542587407388773, 0.1756842082772571, 0.2723720003313086], [0.25448168080523764, 0.29381943247145925, 0.17884086821296363, 0.2728580185103394], [0.2154974114209988, 0.3117267615920802, 0.24988545636658616, 0.22289037062033507], [0.18646605248308637, 0.31999917229996466, 0.2893380626006806, 0.2041967126162687], [0.213459850424989, 0.3124468839161221, 0.2708401269016098, 0.2032531387572792], [0.25828010526912787, 0.28638122544627964, 0.16500032427560565, 0.29033834500898675], [0.2315209513788687, 0.2855140708501398, 0.17791817156430523, 0.30504680620668667], [0.2594222121555163, 0.29242010758297005, 0.20718536537530136, 0.24097231488621249], [0.194459151251693, 0.3240331867872847, 0.2050287147192803, 0.27647894724174205], [0.20648359886850146, 0.31446097325136413, 0.2356080855189101, 0.2434473423612243], [0.17174190638305079, 0.3038068348108966, 0.2877960218531334, 0.23665523695291893], [0.2684283828232342, 0.27656840842045477, 0.17942966266663823, 0.275573546089673], [0.14965970971123443, 0.35203187735475, 0.3326733569573701, 0.16563505597664538], [0.28417339262896696, 0.2839630662017314, 0.1829811031485356, 0.24888243802076593], [0.21803545125358434, 0.3032268372769534, 0.22986094440715324, 0.2488767670623091], [0.2016381205154572, 0.30819194430402613, 0.1996568749623147, 0.2905130602182017], [0.2308606404222032, 0.2918337077945103, 0.19155447270061757, 0.28575117908266906], [0.2794998822859995, 0.2947595779716787, 0.09848135158307017, 0.32725918815925165], [0.21940039090383956, 0.3116915627318219, 0.2477794653573624, 0.22112858100697602], [0.28025987245139894, 0.2860130086371335, 0.1582928662161022, 0.27543425269536514], [0.2568880069704161, 0.2778002016834814, 0.17358707531307938, 0.2917247160330231], [0.23033716875316312, 0.30510484732714643, 0.2567432807850143, 0.20781470313467604], [0.2148467508427205, 0.2925880336322965, 0.2560665238884966, 0.23649869163648685], [0.26805568996170887, 0.25880004448738525, 0.2143486702831217, 0.2587955952677841], [0.1970670245886341, 0.3098225378269341, 0.24987320980261774, 0.24323722778181373], [0.2465992389597794, 0.3253359654327844, 0.2239685493765729, 0.20409624623086306], [0.26437631305223963, 0.30060244684813786, 0.1690624540827544, 0.2659587860168683], [0.36266389856277276, 0.23136931549469028, 0.1385942486421755, 0.2673725373003613], [0.20745642332363082, 0.34227909215589764, 0.25908625310344946, 0.19117823141702203], [0.29068638857625456, 0.2867190982348011, 0.10604733590580045, 0.316547177283144], [0.21147286624033576, 0.3195665177778304, 0.24895483044221048, 0.22000578553962322], [0.2582314354940141, 0.289655085674864, 0.22997346355239442, 0.22214001527872734], [0.25157118340565, 0.2919617499827045, 0.15343378656988957, 0.30303328004175567], [0.29980873490287835, 0.26207584877166223, 0.17279083102882165, 0.26532458529663755], [0.21006033041002958, 0.2849356455364273, 0.18861769410693888, 0.3163863299466045], [0.22788072364183495, 0.3092021520952778, 0.21860791902786877, 0.2443092052350188], [0.28989031420615313, 0.2966496994259387, 0.11658665590543252, 0.29687333046247594], [0.18101684167442703, 0.318558828851714, 0.26092931798092134, 0.23949501149293786], [0.33644737502957045, 0.25534951505572884, 0.10244813290633113, 0.3057549770083695], [0.2938283488939307, 0.2806711812978854, 0.09233158126177683, 0.3331688885464073], [0.22982304402298412, 0.31198788878729555, 0.29276785047058373, 0.16542121671913634], [0.29681487353701563, 0.2768090766878821, 0.09147416677912928, 0.3349018829959729], [0.3023092197696681, 0.27150460684645256, 0.11155139028075825, 0.3146347831031212], [0.3112559962655662, 0.2554951330142613, 0.13139569389282243, 0.3018531768273501], [0.27047868273662057, 0.27722268312871934, 0.15892638829331593, 0.2933722458413441], [0.19382158642233757, 0.314766705726068, 0.27772912253156495, 0.21368258532002932], [0.2813831900266924, 0.3067577702674791, 0.10717438044319695, 0.3046846592626313], [0.24195928583791027, 0.2811122278536486, 0.23144621348267425, 0.24548227282576723], [0.3015477533546346, 0.27547471156691855, 0.15963676380185732, 0.2633407712765892], [0.25736913425387115, 0.2918142571346839, 0.22514892712775095, 0.22566768148369404], [0.2843949504477713, 0.2809377129265309, 0.15689565039264705, 0.27777168623305093], [0.28573314441543474, 0.28225281283379366, 0.1278724608921132, 0.3041415818586585], [0.21317972055826417, 0.3105718727970695, 0.28048687715639187, 0.19576152948827405], [0.24544173657604368, 0.3040035883584895, 0.19345436978255107, 0.2571003052829155], [0.2642390701085816, 0.3103045624745661, 0.23163693375508418, 0.19381943366176807], [0.317598542427528, 0.26903299077199777, 0.14244606349178376, 0.27092240330869033], [0.20740941135287486, 0.31459075040662976, 0.25182809154242264, 0.22617174669807308], [0.2754229602936072, 0.2503393656657512, 0.2037199269349986, 0.2705177471056428], [0.27038140912790676, 0.2998765291469467, 0.18247108036551515, 0.24727098135963194], [0.3005931789511761, 0.28439344356834256, 0.12189071387140683, 0.29312266360907446], [0.27661835230246057, 0.28739779501018436, 0.1542685940391146, 0.2817152586482404], [0.31422083650784866, 0.26558399365658253, 0.18243907793735056, 0.23775609189821847], [0.323141871399868, 0.24301215062448506, 0.09780923716461072, 0.33603674081103607], [0.24642005136560297, 0.3019954595639376, 0.25200193564889384, 0.1995825534215658], [0.2190978327128086, 0.30502299852167764, 0.25862991417780395, 0.21724925458771002], [0.33435548453733177, 0.23914144963166095, 0.05221797552848577, 0.37428509030252155], [0.24332355654620716, 0.2950862945827543, 0.1901259117513297, 0.2714642371197086], [0.2859734242822792, 0.2913655943751263, 0.24224405639795116, 0.1804169249446433], [0.2809084037750834, 0.28678298983364064, 0.1534416577093611, 0.27886694868191475], [0.2703923752811915, 0.2694423124344922, 0.14783161572183084, 0.31233369656248544], [0.2957827157301419, 0.2635975302587743, 0.15177449046051464, 0.28884526355056905], [0.2511811458647084, 0.2784028718083203, 0.18692451539192975, 0.2834914669350414], [0.2686820207961634, 0.2902933912355289, 0.15587218706409767, 0.28515240090421], [0.24833739188015752, 0.2717104985939561, 0.1744849917341285, 0.305467117791758], [0.280355202181084, 0.27459920481535244, 0.1931840964717549, 0.2518614965318086], [0.3224507055157937, 0.23840774396006303, 0.11905120429110969, 0.3200903462330336], [0.26488503215088327, 0.29075595803985715, 0.21691775543039432, 0.2274412543788652], [0.18778185527326519, 0.303038875590102, 0.28703035935098786, 0.22214890978564528], [0.26473254671846064, 0.29897591619101177, 0.1987898621620314, 0.23750167492849658], [0.27286990175362336, 0.28320857488054174, 0.173376404125597, 0.2705451192402383], [0.28326759554711434, 0.28347882692011883, 0.16915994129709572, 0.2640936362356709], [0.2568436670973579, 0.2704906174429745, 0.1906140562615494, 0.2820516591981179], [0.3095840019635073, 0.2919010956763707, 0.09524880799366114, 0.3032660943664608], [0.21584961841710346, 0.3110201671993678, 0.2324639935028554, 0.24066622088067358], [0.30774802866639417, 0.27101589599636156, 0.11961840356739133, 0.30161767176985266], [0.2081654440425032, 0.32751558205069914, 0.257330496334968, 0.20698847757182964], [0.26267033525175904, 0.3081468421793453, 0.13206004512835653, 0.2971227774405393], [0.2522500519291436, 0.2733718015538895, 0.20464834779785276, 0.26972979871911434], [0.27540036441320637, 0.26622885953522096, 0.16074838809427025, 0.2976223879573025], [0.3295433716035341, 0.2853568386867631, 0.13752633185049076, 0.2475734578592118], [0.25747006075774004, 0.2865662339969241, 0.2639440016167463, 0.19201970362858953], [0.2475684926534992, 0.28700242523531944, 0.22981545118269972, 0.23561363092848153], [0.20234820762233968, 0.32042863690091244, 0.2806181206311583, 0.19660503484558967]]}}