{"test": {"ids": ["101108121", "100110050", "99111930", "109120621", "99112531", "98111620", "99112641", "107114780", "107114110", "110118450", "98116090", "113120830", "97107821", "109114720", "110118880", "101111210", "100109000", "106119580", "101110740", "107120880", "97105451", "109121410", "109115380", "112116850", "104113380", "98107380", "107114321", "107113360", "108115070", "102110240", "108114220", "113121410", "101116130", "110116501", "104113210", "111117120", "105118171", "110117500", "112118581", "110115710", "112116810", "104114320", "113118421", "106120290", "105120621", "100108490", "112117660", "109118820", "102109010", "112118620", "113122650", "107113550", "108121190", "102117351", "108117360", "110114651", "110117870", "101108621", "111120220", "113121950", "111120540", "108121410", "98108410", "103120531", "103118110", "99105921", "97105760", "101108290", "111121190", "98108520", "109119450", "112121360", "101121640", "112120540", "98110710", "102110500", "100109801", "109113281", "107112840", "103118291", "108119550", "112119320", "109117730", "113121190", "109119340", "102111990", "109114220", "111116100", "105119550", "103112470", "98107210", "103113610", "112118161", "101108460", "109118161", "106115250", "108121351", "105114220", "97107950", "109119010", "110117110", "108116501", "112119950", "105121370", "105113480", "113122180", "100117420", "107119130", "104112201", "108118060", "106118520", "101111990", "110118740", "113117630", "98111670", "98108370", "105117351", "102121440", "112119500", "100111380", "109119591", "112120670", "113119320", "108114670", "98108150", "107121540", "100116500", "111116010", "107113180", "112119980", "113119360", "110118121", "104114240", "97109080", "99116500", "105117200", "99108000", "99108580", "97116410", "112116880", "106118820", "104114410"], "labels": [0, 3, 1, 1, 3, 3, 1, 2, 1, 0, 0, 3, 2, 0, 0, 2, 1, 3, 3, 1, 0, 0, 3, 0, 1, 1, 0, 0, 1, 3, 3, 0, 2, 3, 3, 2, 3, 1, 1, 2, 3, 2, 3, 2, 1, 2, 0, 3, 1, 3, 2, 0, 1, 1, 1, 3, 3, 0, 3, 3, 1, 0, 1, 3, 2, 1, 0, 0, 1, 2, 3, 3, 2, 3, 2, 3, 0, 0, 1, 0, 1, 1, 3, 1, 3, 2, 3, 3, 1, 1, 1, 2, 0, 0, 0, 2, 3, 3, 2, 3, 0, 0, 0, 2, 0, 2, 2, 1, 0, 1, 2, 2, 3, 0, 1, 1, 0, 2, 2, 3, 0, 2, 1, 3, 0, 2, 2, 1, 3, 0, 0, 3, 0, 2, 2, 3, 2, 0, 3, 0, 3, 1], "predicted_labels": [3, 2, 3, 1, 1, 0, 3, 1, 0, 1, 3, 0, 3, 1, 3, 3, 2, 3, 1, 2, 1, 1, 1, 1, 2, 0, 1, 1, 1, 2, 1, 1, 1, 3, 1, 1, 1, 3, 1, 3, 1, 2, 3, 3, 0, 0, 3, 3, 3, 3, 0, 2, 1, 0, 0, 3, 3, 1, 0, 0, 3, 3, 3, 3, 1, 1, 0, 3, 3, 0, 3, 1, 1, 1, 3, 0, 1, 0, 1, 3, 3, 1, 3, 1, 1, 1, 1, 3, 3, 3, 3, 3, 1, 3, 1, 0, 3, 1, 2, 1, 0, 1, 0, 1, 1, 3, 1, 1, 0, 3, 1, 3, 0, 2, 1, 1, 1, 1, 1, 1, 3, 1, 0, 1, 3, 3, 3, 0, 3, 3, 0, 1, 3, 1, 1, 2, 1, 0, 1, 1, 1, 1], "confidence_scores": [[0.20575444753186356, 0.25952214639499926, 0.09683752554714287, 0.4378858805259943], [0.2506571751709957, 0.1973170944769763, 0.30496854692398756, 0.24705718342804045], [0.19657045192227313, 0.2810357861593399, 0.20663140865145999, 0.315762353266927], [0.3240524135365438, 0.4164873445897194, 0.12496789697432843, 0.1344923448994085], [0.28227348989204076, 0.2865511128666926, 0.17295103034221496, 0.2582243668990517], [0.3061866256392918, 0.1970806183841147, 0.24427031585680728, 0.25246244011978636], [0.13770805653938895, 0.3347308693439162, 0.1921447394063012, 0.3354163347103936], [0.17711472838273443, 0.34272879694051694, 0.29781936867225867, 0.18233710600449013], [0.31098115204125515, 0.2430143409857905, 0.14258038431937153, 0.3034241226535828], [0.16963063536146486, 0.5342225813986119, 0.08999831224930849, 0.2061484709906148], [0.26322480299753276, 0.2539370910152602, 0.20240085913416545, 0.2804372468530416], [0.340240567742625, 0.2778785904895152, 0.21985561566249845, 0.1620252261053612], [0.15683991744988138, 0.29557515417860775, 0.12456579080410052, 0.42301913756741033], [0.14250861463898554, 0.470090096481672, 0.11944208762932419, 0.2679592012500182], [0.18002262523285117, 0.24178598921255662, 0.10975679903123331, 0.46843458652335884], [0.12475346831517081, 0.3007896027546773, 0.18727794837622236, 0.38717898055392946], [0.19092957026989726, 0.3206320284927637, 0.33208411427852486, 0.15635428695881423], [0.1445476240074358, 0.26130832515765373, 0.14498895264016967, 0.4491550981947407], [0.2247729659917832, 0.3324469631813603, 0.2530516906416045, 0.1897283801852522], [0.11964358110081277, 0.22039141232504528, 0.5450436488958283, 0.1149213576783136], [0.15661839659646382, 0.49717181174605013, 0.08111960223072087, 0.2650901894267654], [0.3049051091245045, 0.3109512106675371, 0.0900662980393296, 0.2940773821686288], [0.2375987926214097, 0.2985807913540582, 0.2179398844387241, 0.24588053158580797], [0.22700215529952764, 0.4487181683517129, 0.07635857351034589, 0.2479211028384137], [0.14172673015771073, 0.26092540215236076, 0.30406056301581824, 0.2932873046741102], [0.30666500386960294, 0.19438107516103986, 0.2945963065398264, 0.20435761442953077], [0.3147394400217607, 0.3340077473759877, 0.1259651046665924, 0.22528770793565908], [0.29348922724897714, 0.3739132048446831, 0.07154202345336248, 0.2610555444529774], [0.1590103016589165, 0.3905408618383772, 0.11201404607482354, 0.3384347904278827], [0.21841065742278143, 0.19474760269968378, 0.43798501926573996, 0.14885672061179472], [0.23431132712065994, 0.3446183103804717, 0.11467044133870796, 0.3063999211601607], [0.09827963515236299, 0.59004382357701, 0.1337918449782963, 0.17788469629233072], [0.1390598743258979, 0.354329519454123, 0.15665785503090188, 0.34995275118907737], [0.20751990031692308, 0.29312085294073903, 0.1287330714973145, 0.3706261752450233], [0.2346017686961583, 0.307158300032359, 0.1530388427533803, 0.30520108851810246], [0.1407032758788661, 0.48366430143710876, 0.21333207624525594, 0.1623003464387694], [0.27871282400363356, 0.3276231433500883, 0.12187543812756446, 0.2717885945187138], [0.19960111007887604, 0.2691629877350337, 0.14404812214236487, 0.3871877800437253], [0.08266179904830506, 0.564933302051505, 0.10564940076329207, 0.24675549813689776], [0.23479683640597873, 0.27425301423102477, 0.20502399828433446, 0.285926151078662], [0.2522114601883895, 0.32537698446524654, 0.1485546002087908, 0.2738569551375732], [0.19253517585658061, 0.27039704684002785, 0.4088625476801132, 0.12820522962327827], [0.23647860443381197, 0.23613579236745458, 0.09575944222261584, 0.4316261609761175], [0.2710955764976763, 0.17942372781289495, 0.18552375090340725, 0.36395694478602164], [0.6373351513918865, 0.15216647316329063, 0.050328306351658726, 0.16017006909316409], [0.2979136408893199, 0.24230418969586556, 0.21463495510523886, 0.2451472143095755], [0.2144450163161442, 0.22834694155419294, 0.12383849536776172, 0.4333695467619012], [0.2761798784992795, 0.22562407034508128, 0.12863717558129578, 0.3695588755743435], [0.25331373395966666, 0.17740084522757954, 0.21301598308738187, 0.3562694377253719], [0.17240816482823015, 0.23322858985371062, 0.16700306968857956, 0.4273601756294797], [0.2729538146280325, 0.2231738906071624, 0.24617753010065807, 0.25769476466414704], [0.21960171107348253, 0.1942153147217704, 0.3418223609288199, 0.2443606132759271], [0.1617795322017276, 0.4800331784477687, 0.0959763175158668, 0.262210971834637], [0.33715424389211474, 0.32383162182544434, 0.14195899695470926, 0.19705513732773172], [0.3292450201415033, 0.21247040372417864, 0.2679464977907117, 0.19033807834360636], [0.18817535168648666, 0.18349828708623805, 0.07859348657959726, 0.5497328746476781], [0.25852010953454263, 0.1602955522826536, 0.07649277598905721, 0.5046915621937467], [0.23781182446105834, 0.48543159927379465, 0.09647490752899261, 0.1802816687361545], [0.3679733491917054, 0.271566347484752, 0.09012736923797517, 0.27033293408556747], [0.45273473322732183, 0.1673945474113484, 0.14774093967919302, 0.2321297796821367], [0.11897971753741189, 0.3603722158716153, 0.09416638202047221, 0.42648168457050084], [0.2019694225795864, 0.27647080688710474, 0.18579355627224692, 0.33576621426106185], [0.13076133818105282, 0.30460462971324603, 0.10708922285837623, 0.45754480924732505], [0.18224156012568496, 0.27567049997228876, 0.17225086644693274, 0.36983707345509376], [0.16768582325498535, 0.4848100404268632, 0.09044999551152495, 0.25705414080662664], [0.1619158818215225, 0.4787814420202622, 0.08052592141476979, 0.27877675474344554], [0.34697585642708345, 0.2734194341940414, 0.15087193524332349, 0.22873277413555165], [0.3429445490431405, 0.19803039975236159, 0.07313881721402375, 0.38588623399047417], [0.3012151946445257, 0.23028385720668215, 0.1650936363251542, 0.30340731182363806], [0.3224289551286995, 0.31153763636640475, 0.20122414668879257, 0.1648092618161031], [0.12786880935598688, 0.33418222627325805, 0.1679052209475448, 0.3700437434232104], [0.2038432251083823, 0.33947978343540824, 0.1421540770994014, 0.3145229143568081], [0.18783395444360051, 0.3285537218794353, 0.21786704430038314, 0.265745279376581], [0.3099257791645484, 0.3878111757581902, 0.12232452515402166, 0.17993851992323978], [0.16181403547424944, 0.1497779728892642, 0.30064714493282196, 0.3877608467036645], [0.31278363657939534, 0.24163128081400212, 0.1666598208578969, 0.27892526174870585], [0.18048714759771511, 0.38646704460481185, 0.13283901937698644, 0.30020678842048654], [0.6328662829151787, 0.2337855046218481, 0.0510468742199244, 0.08230133824304886], [0.11463392180549485, 0.6140098245599349, 0.09348580814973839, 0.17787044548483183], [0.23266851225446972, 0.2937199037732203, 0.1289712065482296, 0.3446403774240803], [0.1080790210199441, 0.3226728376421589, 0.19465924351205474, 0.3745888978258424], [0.16304149707858492, 0.4952828809909958, 0.11076491878542498, 0.2309107031449943], [0.25017251866168644, 0.2556815708445415, 0.22311415107038388, 0.2710317594233882], [0.2715957434479207, 0.3572732654258494, 0.12002663064603593, 0.25110436048019397], [0.2400281346953533, 0.3723583657455882, 0.1256313339756728, 0.26198216558338566], [0.22863001786052436, 0.42207443375101616, 0.11817136851117473, 0.23112417987728456], [0.28221020907891103, 0.3098096159226916, 0.11911313300841302, 0.28886704198998425], [0.22393172831668176, 0.1615188815837023, 0.08410026623676913, 0.5304491238628466], [0.20143149900574694, 0.31004332070417245, 0.12810584151070428, 0.3604193387793765], [0.14894641610148282, 0.29935586273500037, 0.18920545539807804, 0.3624922657654389], [0.20686778854592483, 0.24167706665692132, 0.25326281460985633, 0.29819233018729774], [0.09800477307756007, 0.27682719669144823, 0.20043781938521565, 0.42473021084577595], [0.2857948866979079, 0.4448789170655019, 0.06737950577458508, 0.20194669046200517], [0.22053041755240974, 0.22735021321176682, 0.10006491347728559, 0.4520544557585378], [0.3218409818487851, 0.3240770600815023, 0.15866114001537426, 0.19542081805433836], [0.5006241248222055, 0.17136143758005343, 0.10986293898569932, 0.21815149861204178], [0.3070992188647842, 0.22461721776161298, 0.14140642018397392, 0.326877143189629], [0.19511279446438123, 0.4459915331025952, 0.20040134574792418, 0.1584943266850994], [0.254777353986658, 0.2099325083638537, 0.32299952542931937, 0.21229061222016893], [0.10340201724580485, 0.5237767663123092, 0.11367012341418475, 0.2591510930277013], [0.30463797037083973, 0.28789502844163894, 0.17820376966396237, 0.22926323152355907], [0.18749997292904752, 0.37187605957067965, 0.21189704667567644, 0.2287269208245964], [0.42272036259711504, 0.12205653738619428, 0.07294045453891229, 0.38228264547777835], [0.1901787655433255, 0.4270039121940071, 0.11687286407383042, 0.26594445818883705], [0.11610953002311249, 0.4455830419036461, 0.0920970321522714, 0.34621039592096997], [0.13961264005577823, 0.31091808910966456, 0.12487869292026366, 0.42459057791429355], [0.14487711271430714, 0.4799465786645778, 0.08001230763928545, 0.2951640009818296], [0.09834184331051618, 0.46075916709606346, 0.19473828385756228, 0.24616070573585816], [0.3592919351878909, 0.26542213918265556, 0.1351887891449513, 0.2400971364845024], [0.1891934141719899, 0.2586462122032257, 0.133782735304038, 0.41837763832074626], [0.14769793828507538, 0.46816755895468537, 0.1644475927158717, 0.21968691004436755], [0.2410175182213115, 0.2483734580541622, 0.2310211861724151, 0.27958783755211125], [0.5757960119785368, 0.13095685376558105, 0.11513019897781054, 0.17811693527807132], [0.1101155871712872, 0.2695254415345523, 0.34819318599062576, 0.2721657853035347], [0.13436380382237215, 0.38311694627554693, 0.26485671430133684, 0.217662535600744], [0.22387955040759508, 0.4048300307958297, 0.1282384346122259, 0.24305198418434937], [0.17700016025636695, 0.36712792072572287, 0.14118975349196228, 0.31468216552594774], [0.2683083622071993, 0.303550169234111, 0.17932159322773872, 0.24881987533095118], [0.10046918165981233, 0.37024057945376426, 0.22087062055893428, 0.3084196183274892], [0.2573385143051068, 0.32062383671921285, 0.1907237243329456, 0.23131392464273473], [0.21410586217301045, 0.14808494798275848, 0.21214239816269223, 0.4256667916815386], [0.09123702872159177, 0.688246357448925, 0.07745257238415461, 0.1430640414453286], [0.36722926357033714, 0.2622048030427786, 0.12403822640392198, 0.24652770698296236], [0.20036895696341658, 0.34889059848376686, 0.2196651918808352, 0.23107525267198145], [0.2813363713688499, 0.17432808145986584, 0.10553915335725167, 0.43879639381403257], [0.06327014406160203, 0.2238706065186647, 0.25326953303720134, 0.459589716382532], [0.22938694982772792, 0.24573795385285352, 0.1758432191222465, 0.34903187719717205], [0.4214865525007594, 0.3184605130476888, 0.11660783865742615, 0.14344509579412573], [0.19097877818777914, 0.190771132520915, 0.1827435802489782, 0.43550650904232774], [0.1570524326448935, 0.21577081024881348, 0.08732199437916895, 0.539854762727124], [0.31669846090555664, 0.2718245873209917, 0.11811352174185893, 0.29336343003159265], [0.14528769427334937, 0.5419366285258206, 0.07470077774401035, 0.23807489945681964], [0.10460245326551973, 0.10101618653383614, 0.1326704262420098, 0.6617109339586345], [0.08177136595257622, 0.7033498745198856, 0.09940778433773213, 0.11547097518980595], [0.12421611352434724, 0.3674063065404771, 0.3041451185162412, 0.20423246141893428], [0.16769378453957745, 0.28637751805469075, 0.36969652558884875, 0.17623217181688317], [0.09026711710045923, 0.39586507590377645, 0.30171683080662876, 0.2121509761891356], [0.41814723340195875, 0.2308139901764474, 0.15836422184710489, 0.19267455457448893], [0.1788557597855107, 0.3208796339252374, 0.2954275187775167, 0.20483708751173535], [0.30628137151862544, 0.37650070984871, 0.19550975625317288, 0.12170816237949171], [0.25662432821541026, 0.3048735514996919, 0.1420913332187344, 0.2964107870661634], [0.11060298631841144, 0.39485378206101923, 0.20786579947590753, 0.28667743214466185]]}, "rewritten": {"ids": ["97105451", "97105760", "97107821", "97107950", "97109080", "97116410", "98107210", "98107380", "98108150", "98108370", "98108410", "98108520", "98110710", "98111620", "98111670", "98116090", "99105921", "99108000", "99108580", "99111930", "99112531", "99112641", "99116500", "100108490", "100109000", "100109801", "100110050", "100111380", "100116500", "100117420", "101108121", "101108290", "101108460", "101108621", "101110740", "101111210", "101111990", "101116130", "101121640", "102109010", "102110240", "102110500", "102111990", "102117351", "102121440", "103112470", "103113610", "103118110", "103118291", "103120531", "104112201", "104113210", "104113380", "104114240", "104114320", "104114410", "105113480", "105114220", "105117200", "105117351", "105118171", "105119550", "105120621", "105121370", "106115250", "106118520", "106118820", "106119580", "106120290", "107112840", "107113180", "107113360", "107113550", "107114110", "107114321", "107114780", "107119130", "107120880", "107121540", "108114220", "108114670", "108115070", "108116501", "108117360", "108118060", "108119550", "108121190", "108121351", "108121410", "109113281", "109114220", "109114720", "109115380", "109117730", "109118161", "109118820", "109119010", "109119340", "109119450", "109119591", "109120621", "109121410", "110114651", "110115710", "110116501", "110117110", "110117500", "110117870", "110118121", "110118450", "110118740", "110118880", "111116010", "111116100", "111117120", "111120220", "111120540", "111121190", "112116810", "112116850", "112116880", "112117660", "112118161", "112118581", "112118620", "112119320", "112119500", "112119950", "112119980", "112120540", "112120670", "112121360", "113117630", "113118421", "113119320", "113119360", "113120830", "113121190", "113121410", "113121950", "113122180", "113122650"], "labels": [0, 0, 2, 2, 2, 3, 1, 1, 0, 1, 1, 2, 2, 3, 1, 0, 1, 2, 0, 1, 3, 1, 2, 2, 1, 0, 3, 3, 2, 2, 0, 0, 0, 0, 3, 2, 2, 2, 2, 1, 3, 3, 2, 1, 2, 1, 2, 2, 0, 3, 0, 3, 1, 0, 2, 1, 0, 3, 3, 0, 3, 1, 1, 2, 2, 2, 3, 3, 2, 1, 3, 0, 0, 1, 0, 2, 1, 1, 2, 3, 3, 1, 0, 1, 1, 1, 1, 3, 0, 0, 3, 0, 3, 3, 0, 3, 3, 3, 3, 0, 1, 0, 3, 2, 3, 0, 1, 3, 3, 0, 3, 0, 1, 3, 2, 3, 1, 1, 3, 0, 0, 0, 0, 1, 3, 1, 2, 0, 0, 3, 2, 3, 0, 3, 1, 0, 3, 1, 0, 3, 2, 2], "predicted_labels": [3, 1, 1, 2, 1, 3, 1, 0, 1, 1, 3, 1, 3, 1, 3, 1, 1, 1, 1, 1, 1, 1, 1, 3, 2, 3, 3, 1, 1, 3, 3, 3, 3, 1, 1, 1, 3, 1, 1, 1, 0, 3, 3, 1, 3, 1, 2, 1, 3, 3, 0, 3, 2, 1, 1, 3, 1, 1, 1, 1, 1, 3, 0, 1, 1, 1, 3, 3, 0, 1, 1, 0, 0, 3, 1, 1, 3, 3, 1, 3, 1, 1, 1, 0, 3, 3, 1, 0, 1, 1, 0, 0, 1, 0, 1, 1, 1, 0, 3, 1, 1, 1, 3, 1, 3, 1, 1, 3, 3, 1, 0, 3, 1, 3, 1, 0, 2, 0, 1, 1, 1, 3, 0, 1, 0, 1, 1, 3, 1, 1, 1, 1, 3, 3, 3, 1, 2, 3, 0, 0, 3, 1], "confidence_scores": [[0.2580746295072289, 0.26589613733544026, 0.10100366882739552, 0.37502556432993533], [0.24833854396496238, 0.3332649226296563, 0.12075643381027196, 0.2976400995951094], [0.22509909537451428, 0.416157048423345, 0.10548818674952211, 0.25325566945261874], [0.12706829047339177, 0.22873610408827713, 0.4301474715563947, 0.21404813388193641], [0.15467151998859296, 0.39786649338824703, 0.16513094928033226, 0.2823310373428278], [0.1780729189924656, 0.20399871076790432, 0.23889852539313955, 0.3790298448464906], [0.20778987866204193, 0.37948412341375554, 0.16653313356719732, 0.24619286435700533], [0.6179663543689478, 0.13335195260315788, 0.11553192496546026, 0.13314976806243428], [0.23327477841236322, 0.3463991036373752, 0.07700568253434356, 0.34332043541591806], [0.21336908196595272, 0.3880981677216026, 0.1497320169231491, 0.24880073338929554], [0.20011852042641398, 0.3298510209779673, 0.13430719996384563, 0.3357232586317733], [0.1978638222259766, 0.3518578791737434, 0.24284111397683175, 0.20743718462344837], [0.1913238629946361, 0.3092471972441887, 0.16521642869697192, 0.3342125110642032], [0.20310536813049238, 0.36403299828982677, 0.1809546575744542, 0.2519069760052267], [0.19458104557182163, 0.23117962032066702, 0.26644516767344106, 0.30779416643407026], [0.23639354773346455, 0.3271490405335716, 0.21062212261116334, 0.22583528912180048], [0.15722589483051433, 0.5283481932801829, 0.09138946141796749, 0.22303645047133527], [0.17230907304227014, 0.48170026757943196, 0.1399489619708504, 0.2060416974074476], [0.2224512197668784, 0.37791831800447445, 0.2553449704788, 0.14428549174984734], [0.18975858911996446, 0.3353797277596053, 0.14764075687412404, 0.32722092624630617], [0.1293392439613166, 0.45761112345817334, 0.29533274441089885, 0.11771688816961111], [0.20311710911812408, 0.5018216153782523, 0.1161208311566213, 0.1789404443470023], [0.1556389923993037, 0.3449437939565199, 0.31995338741846585, 0.17946382622571064], [0.25132779622582446, 0.2644888017740225, 0.17929854079532284, 0.30488486120483016], [0.1492092767759229, 0.1787326147972731, 0.39764123891686, 0.2744168695099442], [0.15929319954508508, 0.29803529883549, 0.12916752879688995, 0.41350397282253504], [0.22718767899062559, 0.28161872797039095, 0.1690600858557552, 0.3221335071832283], [0.25370651285648294, 0.4057823891246345, 0.1686306262036315, 0.17188047181525098], [0.17664890820999501, 0.438906444456593, 0.18157676714068022, 0.20286788019273164], [0.18875669033770057, 0.2707715926053668, 0.23657357935305368, 0.30389813770387897], [0.20332418731246554, 0.21758411151921417, 0.10411551301725416, 0.4749761881510662], [0.18167754098745584, 0.30892513374222597, 0.13276802680470434, 0.37662929846561394], [0.2561901480910105, 0.20929261734174087, 0.09930068861259335, 0.4352165459546552], [0.15485438570523946, 0.53948808462358, 0.13340779945563314, 0.1722497302155474], [0.15478921883714758, 0.3327244010626787, 0.33173981645493117, 0.18074656364524277], [0.23993912772285908, 0.3255356195716408, 0.18850030208784177, 0.24602495061765847], [0.25955866436589325, 0.21297641974125928, 0.1429931409043986, 0.3844717749884488], [0.1969137759867339, 0.4074813026104576, 0.1845536723108335, 0.21105124909197495], [0.17935422723718172, 0.3806679842443289, 0.1527191873673459, 0.28725860115114343], [0.1576815583243357, 0.4163408295507027, 0.15160891892758513, 0.27436869319737645], [0.35725490509940805, 0.2738023711240089, 0.14386635495129027, 0.2250763688252931], [0.22415674985445252, 0.18320132732009164, 0.0926450678901098, 0.4999968549353462], [0.20044907483679478, 0.16905763249170133, 0.17458716135767322, 0.4559061313138307], [0.31441673761376554, 0.3290289587965171, 0.12468727743719764, 0.23186702615251975], [0.24396855003042267, 0.18123201521125495, 0.2617911943695536, 0.31300824038876895], [0.13144715612116822, 0.3967931080226111, 0.17400068687076145, 0.29775904898545924], [0.2101841691558377, 0.1944315197082445, 0.3495546358794253, 0.2458296752564925], [0.14737771687045684, 0.5670702601597709, 0.13936202474465162, 0.14618999822512066], [0.20311528303771917, 0.31854783311513657, 0.1284126466965689, 0.34992423715057547], [0.21787366035819344, 0.25379474649131184, 0.10860603348536864, 0.4197255596651261], [0.38085059959125755, 0.26299220014805436, 0.1278592114012854, 0.22829798885940272], [0.24381389275424986, 0.26199546152399905, 0.16750062641025076, 0.3266900193115004], [0.1269706827354724, 0.07919969765653125, 0.678382242663944, 0.11544737694405238], [0.17313932013075684, 0.3745092037429361, 0.12611280234998962, 0.3262386737763175], [0.22177017016597292, 0.3469437966859778, 0.21430244509999483, 0.21698358804805445], [0.23322592433708772, 0.20377923862297043, 0.11465130971424839, 0.4483435273256934], [0.13438077721034347, 0.502170098554487, 0.11152270806494219, 0.2519264161702273], [0.2206386597818866, 0.42205394732161344, 0.1681034624986954, 0.18920393039780448], [0.1567559637132237, 0.3435188438851588, 0.3176605042482752, 0.18206468815334226], [0.20202369010452273, 0.3408509224263152, 0.24907968293463564, 0.2080457045345266], [0.16388748270452994, 0.5185786075418926, 0.1332060476794377, 0.18432786207413987], [0.2127421507179322, 0.21622997351368103, 0.09141645061109023, 0.47961142515729654], [0.6411268170800335, 0.12584748550153924, 0.04919101598161635, 0.1838346814368108], [0.25390716582981326, 0.36168247409371, 0.15606918331441272, 0.22834117676206409], [0.15830440641013496, 0.578948204312842, 0.0862382563806874, 0.17650913289633557], [0.1366983655174141, 0.39222404616453416, 0.13819820308508182, 0.33287938523297], [0.18348143024109229, 0.213121099532725, 0.19125895323271205, 0.4121385169934707], [0.146042241231603, 0.2680756217647877, 0.2816237809993718, 0.30425835600423756], [0.3813365437507358, 0.22523111440484833, 0.11923992367579472, 0.2741924181686213], [0.14674340444912568, 0.5562313166433667, 0.16701663038371276, 0.130008648523795], [0.21268260740069275, 0.3546199011918717, 0.1829481233971245, 0.2497493680103113], [0.3933865390780052, 0.26003676927957226, 0.0885601815978746, 0.2580165100445482], [0.345109523371947, 0.20889884205434703, 0.1145284569466086, 0.33146317762709754], [0.2782227118957511, 0.2620546157314046, 0.15012458624860084, 0.3095980861242435], [0.24404039447279843, 0.5033076619954562, 0.09090770238539586, 0.16174424114634947], [0.1230339344279896, 0.5495689160627059, 0.12286931899908726, 0.2045278305102173], [0.15840052531456014, 0.33707867783225526, 0.14267266842099638, 0.36184812843218844], [0.2145871123418195, 0.17668498874350969, 0.18894436590747477, 0.419783533007196], [0.21816225402133957, 0.4084917638555264, 0.1265913620625224, 0.24675462006061152], [0.14685308450734721, 0.2491494976377971, 0.08483300458322338, 0.5191644132716323], [0.20953270662212742, 0.3065827943464172, 0.2537590321455698, 0.2301254668858856], [0.18146074249408728, 0.41566148898099897, 0.23827196914179258, 0.16460579938312114], [0.27805973762710234, 0.35717407540434365, 0.1763315554988384, 0.1884346314697156], [0.385345572297661, 0.2262230571062469, 0.15775801628068495, 0.23067335431540714], [0.2309187472912045, 0.26906362207772294, 0.18468391716939425, 0.31533371346167827], [0.09074112468725201, 0.19234005330288148, 0.08232941071863606, 0.6345894112912304], [0.18491426955772453, 0.4408768227280278, 0.10177806447230597, 0.27243084324194156], [0.34386616160540984, 0.3359117708814489, 0.1243342029783907, 0.19588786453475057], [0.19312880791072387, 0.41619158084160446, 0.17461422323765893, 0.21606538801001263], [0.30001918755404755, 0.3513113167481, 0.09869429085547256, 0.24997520484237995], [0.3498889394745175, 0.20258423834658362, 0.19534127444460667, 0.2521855477342921], [0.3639667835160769, 0.2574259348114051, 0.1290457994808121, 0.2495614821917059], [0.1924041049824593, 0.30272189547965883, 0.22019893524401132, 0.2846750642938707], [0.44564415624329295, 0.17496430848171796, 0.19816606125613453, 0.18122547401885458], [0.15990003698998706, 0.42522531465857366, 0.1928680246740458, 0.2220066236773935], [0.27968663379535014, 0.37045344446027956, 0.15699314540956663, 0.19286677633480376], [0.2048517553609932, 0.33907275376174717, 0.18348715987170172, 0.2725883310055579], [0.3628675904520873, 0.2765526206974774, 0.09332810312579531, 0.2672516857246403], [0.18105171058605143, 0.2576908973028143, 0.2197884630048011, 0.34146892910633314], [0.21707023003380846, 0.3913630092139699, 0.21167052061018476, 0.17989624014203714], [0.3490871813062519, 0.37237917491890504, 0.1877522928225144, 0.09078135095232867], [0.17072325794976606, 0.45460080316355256, 0.15299707510905478, 0.2216788637776265], [0.19612303246046803, 0.30901667161009094, 0.14353263045093537, 0.3513276654785057], [0.2910520392141968, 0.3305222353221624, 0.17411743938217017, 0.2043082860814705], [0.2064541686202843, 0.19628372079903547, 0.20420849694728416, 0.39305361363339614], [0.283861806622167, 0.3427837866212481, 0.14532894296666984, 0.22802546378991514], [0.13240307266736515, 0.36889847701921197, 0.2626522667862284, 0.23604618352719467], [0.2816516202684921, 0.1865905568968036, 0.0927126727713821, 0.4390451500633223], [0.19614125550053552, 0.31464098473314867, 0.13073215444970138, 0.3584856053166145], [0.2232799663842161, 0.4211347817667907, 0.12719326903762296, 0.22839198281137033], [0.6424250391572214, 0.15120263085873753, 0.0845201256027601, 0.12185220438128096], [0.15403345390432696, 0.16328095873422557, 0.0880758686532169, 0.5946097187082305], [0.1444678224752948, 0.44113908510651584, 0.1913459505223135, 0.2230471418958758], [0.1760791171572532, 0.2737377923725446, 0.11375369266368925, 0.43642939780651313], [0.1770956090608526, 0.446798042069677, 0.14370812694993082, 0.23239822191953943], [0.38373716190717194, 0.3777305456348069, 0.08082097817549785, 0.15771131428252336], [0.12215041710557849, 0.17502506958057654, 0.3695361940195104, 0.3332883192943347], [0.37757109263437677, 0.2561986047125405, 0.12335867309200785, 0.24287162956107486], [0.27649250858889185, 0.28029558359457496, 0.21035827810107754, 0.23285362971545578], [0.3299428809354194, 0.3318788024810946, 0.12444307973688234, 0.21373523684660353], [0.16769569346986923, 0.3777020730071989, 0.285154076371403, 0.16944815715152903], [0.11669980380819427, 0.38806184655173714, 0.08675276946758341, 0.4084855801724853], [0.3966880483034068, 0.29269394473468996, 0.14305990298844298, 0.1675581039734603], [0.21042069722669693, 0.34086168260386546, 0.1709937835397574, 0.2777238366296802], [0.32229816839806025, 0.18062633877465428, 0.17654092323279041, 0.32053456959449506], [0.20717481017547243, 0.33680691225014364, 0.17108469937819157, 0.28493357819619247], [0.18934580568934337, 0.32027927597287226, 0.30201916696655196, 0.1883557513712326], [0.135608241868604, 0.29301215813748666, 0.09316098342599544, 0.47821861656791376], [0.15388628675817673, 0.4058643846600586, 0.19908261561029103, 0.24116671297147346], [0.15301975780596203, 0.36871019274782774, 0.13333062135169838, 0.34493942809451184], [0.2497708434009046, 0.34598697768461667, 0.14235550798059468, 0.26188667093388396], [0.1703935974343806, 0.3704624444183296, 0.16337712892702805, 0.2957668292202619], [0.2268711914719293, 0.20074888057564486, 0.14325914193886852, 0.4291207860135573], [0.2097040482229325, 0.24087114697083611, 0.10806818322117911, 0.44135662158505234], [0.19556952820632734, 0.2944542643359669, 0.11262943494117753, 0.3973467725165282], [0.25325236173434673, 0.34331795707451623, 0.1435211241228833, 0.2599085570682537], [0.2950429119365974, 0.18651898773029157, 0.32110433320524395, 0.1973337671278671], [0.20497847958266072, 0.3363697692979637, 0.11979866671152484, 0.33885308440785084], [0.3944504938611324, 0.19327163206024367, 0.18217743070746226, 0.23010044337116176], [0.3950260726559608, 0.19805032230556183, 0.22542156627934237, 0.18150203875913515], [0.09529837268123524, 0.233254147201465, 0.11271038625325992, 0.5587370938640399], [0.22318924392727835, 0.3204174490602435, 0.19363132174127143, 0.2627619852712068]]}}