{"test": {"ids": ["111119610", "105113210", "110120531", "105112100", "113121010", "110118301", "99109910", "100111380", "110114321", "97109570", "111119290", "107114140", "103120340", "112120290", "111118820", "97105960", "110116501", "113120260", "110117110", "99108710", "108114360", "101108370", "101117580", "112118511", "110119891", "111119430", "97112170", "111117000", "112116850", "110118701", "110117870", "110117500", "111120531", "101108080", "112116540", "111116100", "101111310", "99111930", "107119390", "106115240", "110119300", "98112170", "113118511", "97112830", "109116930", "111118301", "111119300", "107117630", "110116170", "99109740", "109115220", "112119930", "113120531", "105113440", "106118161", "108118301", "113120540", "111115910", "104113380", "102110690", "100107920", "113118870", "102110850", "112116810", "107113260", "113122170", "102108621", "100111080", "102117351", "102113350", "113119340", "104111830", "112119120", "109120540", "104111531", "110121170", "103120780", "113118490", "108117720", "109116750", "99107630", "103110220", "100109910", "102109840", "104111780", "113121220", "106118301", "110121500", "98120010", "103109641", "112116501", "111120220", "101108950", "102110890", "110120640", "101115190", "104118340", "104112470", "111120320", "102112301", "99121440", "100115700", "99107660", "106114880", "104114740", "102109850", "112116640", "104111550", "107121640", "100108580", "102107961", "98107340", "109121410", "97106770", "108113700", "99112531", "113122160", "103120730", "108114270", "111117200", "108121190", "102110500", "113118620", "99111000", "104113000", "105115720", "100110050", "110114651", "109113931", "103111540", "101114990", "110119030", "113120280", "111120640", "97106000", "99107300", "109117150", "105119550", "100120010", "112119610", "97111790", "107114280"], "labels": [2, 3, 0, 1, 2, 1, 2, 3, 1, 0, 3, 2, 1, 1, 0, 2, 3, 3, 0, 2, 1, 1, 3, 1, 3, 3, 0, 0, 0, 3, 3, 1, 0, 0, 1, 3, 3, 1, 2, 1, 1, 3, 1, 2, 0, 3, 1, 0, 0, 3, 3, 1, 0, 0, 3, 1, 3, 2, 1, 0, 0, 0, 3, 3, 0, 1, 3, 0, 1, 3, 0, 3, 1, 1, 0, 2, 1, 1, 1, 0, 2, 2, 2, 2, 3, 3, 1, 3, 2, 1, 3, 3, 2, 0, 0, 1, 2, 1, 1, 1, 2, 1, 3, 0, 2, 1, 0, 1, 1, 0, 3, 0, 0, 3, 0, 3, 3, 1, 3, 0, 1, 3, 3, 2, 1, 1, 3, 3, 1, 1, 3, 0, 0, 0, 0, 3, 2, 1, 0, 0, 2, 3], "predicted_labels": [3, 0, 0, 3, 1, 0, 2, 1, 0, 0, 3, 3, 2, 3, 0, 2, 1, 3, 1, 1, 3, 0, 3, 1, 1, 3, 0, 1, 3, 3, 3, 1, 1, 0, 1, 1, 1, 1, 3, 0, 1, 0, 1, 3, 0, 1, 1, 0, 1, 1, 3, 2, 1, 1, 0, 1, 3, 1, 3, 0, 3, 3, 1, 0, 3, 2, 0, 1, 1, 1, 0, 1, 3, 1, 1, 3, 3, 3, 3, 1, 3, 1, 3, 1, 1, 3, 0, 0, 2, 1, 3, 1, 3, 0, 3, 3, 3, 1, 3, 3, 2, 3, 0, 2, 1, 3, 1, 3, 3, 0, 3, 2, 3, 2, 3, 3, 3, 1, 3, 0, 1, 0, 1, 3, 3, 1, 1, 3, 1, 3, 1, 1, 0, 1, 2, 0, 1, 1, 3, 1, 1, 1], "confidence_scores": [[0.20320175377508876, 0.14917147190007055, 0.2566041123856014, 0.39102266193923935], [0.7248253547226512, 0.051744146963258394, 0.03891667540430708, 0.18451382290978344], [0.49452094692445464, 0.329769097453744, 0.009683950189419876, 0.16602600543238133], [0.34983282501231144, 0.03621022469941132, 0.06443844933333365, 0.5495185009549438], [0.05240573739107539, 0.5966320913619878, 0.2297082985184392, 0.12125387272849772], [0.6169845044593841, 0.13554309291849562, 0.015968499081602243, 0.23150390354051809], [0.08441830672277748, 0.19925369445781146, 0.6485638252306444, 0.06776417358876649], [0.20863707793589814, 0.40075906698202335, 0.10704980032733745, 0.2835540547547412], [0.43289166581472033, 0.32592710795627805, 0.09886202734421894, 0.14231919888478267], [0.6334903376186007, 0.07974743851812502, 0.12989741114913178, 0.1568648127141422], [0.07471303726613669, 0.04721526317825249, 0.017589697521709267, 0.8604820020339015], [0.03008964531503332, 0.3797827042556052, 0.1614474313469513, 0.4286802190824102], [0.05576201933035591, 0.19099482579414834, 0.6537882451791432, 0.09945490969635211], [0.31367448869914827, 0.3367635717457898, 0.017458756231800394, 0.3321031833232613], [0.6107680464230769, 0.10766072807127453, 0.010711605875156446, 0.27085961963049215], [0.2528751793748785, 0.09835233140846268, 0.5361659258571656, 0.11260656335949318], [0.15121505047783138, 0.8004297180658797, 0.004394467716156818, 0.043960763740131754], [0.2765162579668927, 0.18323859777558218, 0.22910849891915006, 0.311136645338375], [0.14821010197833595, 0.7274113954049191, 0.03706872749584792, 0.0873097751208971], [0.16744102503343455, 0.6809697529939219, 0.11110301123325467, 0.04048621073938871], [0.24184784410745624, 0.22985561403557617, 0.212102823881156, 0.31619371797581175], [0.45036747912475233, 0.218422264560764, 0.0011866920580681222, 0.3300235642564155], [0.3693289127760335, 0.219676874263282, 0.04196354903917238, 0.36903066392151235], [0.06505584854788714, 0.37360646134999664, 0.33761512076915884, 0.22372256933295714], [0.3184765146735363, 0.3914684499558006, 0.023918949354292562, 0.2661360860163706], [0.10942067795076288, 0.40018631684845984, 0.043683964042070485, 0.4467090411587065], [0.5785694107972462, 0.1304924087574974, 0.03154269566653083, 0.25939548477872554], [0.0847352144596734, 0.47756285737702653, 0.09198767003599473, 0.34571425812730516], [0.2151963508415466, 0.20209160199092166, 0.03469044564020037, 0.548021601527331], [0.29088363198249995, 0.20793723050388807, 0.005518388697540337, 0.4956607488160715], [0.3429255896010429, 0.10969283994590272, 0.23565110754264593, 0.311730462910408], [0.2641294969730906, 0.4945376081626539, 0.008040794494916738, 0.23329210036933892], [0.3692442255168952, 0.3504311318336905, 0.005149946232358568, 0.27517469641705566], [0.49019319579373494, 0.34822299946068447, 0.026748564008446347, 0.13483524073713435], [0.06354946310466257, 0.4290927275004779, 0.10499277075633691, 0.40236503863852263], [0.2283232460197671, 0.558055954990634, 0.012834990177524479, 0.20078580881207497], [0.18190456971618485, 0.5137148334253291, 0.23405042729525136, 0.07033016956323453], [0.2234002186676255, 0.47775930914100484, 0.23847020528173826, 0.060370266909631404], [0.08485794487193024, 0.3623684966879059, 0.20354889574480875, 0.3492246626953551], [0.6360002627191234, 0.21912524895536323, 0.014364107490243964, 0.13051038083526945], [0.15842177418521533, 0.41441772230696367, 0.1536285834395577, 0.27353192006826316], [0.7443660781171029, 0.009116592678405045, 0.05888430219012071, 0.1876330270143714], [0.2408458993964627, 0.565244124188343, 0.0429161234912667, 0.15099385292392792], [0.2180071790912702, 0.1080258967002042, 0.1378757981787279, 0.5360911260297979], [0.6233019373033718, 0.0979843084114781, 0.0026092546801572405, 0.2761044996049928], [0.3352433646916448, 0.26352872258060145, 0.15611349117166864, 0.24511442155608526], [0.07557228891613248, 0.348795783292817, 0.322398958251307, 0.2532329695397435], [0.5009065438617201, 0.09547321755438998, 0.21483514324912986, 0.18878509533476004], [0.1561209367914321, 0.46272534164087, 0.015003106695653698, 0.36615061487204426], [0.18934696514853175, 0.307888371171139, 0.26041964827989794, 0.2423450154004313], [0.13262728729540116, 0.1988817508992939, 0.06150835291353245, 0.6069826088917724], [0.12988693911424581, 0.13877735180087103, 0.5329022682190727, 0.19843344086581016], [0.322991667732697, 0.41694843798662273, 0.008689676257611297, 0.25137021802306875], [0.06448672746106324, 0.6604860222818668, 0.15360919319059516, 0.12141805706647499], [0.4913592764160573, 0.36328740117363123, 0.035278886730852964, 0.11007443567945839], [0.07908742023007169, 0.5340280615676868, 0.015629108575253528, 0.371255409626988], [0.300503601478213, 0.14289763333779282, 0.1652685831829259, 0.39133018200106834], [0.03821561463074181, 0.8792552752790259, 0.025744430367737083, 0.056784679722495526], [0.18568766829406808, 0.1574041837423251, 0.07658162438708341, 0.5803265235765237], [0.5670107347142377, 0.16559302980918372, 0.052595262788560096, 0.21480097268801857], [0.31782354674235297, 0.2057087403102106, 0.07063924681432694, 0.40582846613310963], [0.33206682222579187, 0.2868755231742611, 0.04683328414667433, 0.33422437045327263], [0.016352339744951244, 0.8127135331762522, 0.04517598041716848, 0.12575814666162802], [0.2762001820580664, 0.22618432774947284, 0.39468886055268654, 0.10292662963977438], [0.1728785201397928, 0.16958312454506946, 0.27545493346461947, 0.3820834218505183], [0.004778068583265766, 0.03218342626892256, 0.9115994895249201, 0.0514390156228915], [0.5129724915170962, 0.20790620468877494, 0.0015119907846941048, 0.2776093130094348], [0.1991331121697368, 0.4129340710516194, 0.18330667180242116, 0.20462614497622253], [0.47152643208100836, 0.43266032171045293, 0.016977610086837888, 0.0788356361217009], [0.17252178898677556, 0.32483254580491044, 0.2426556918444737, 0.25998997336384033], [0.6500440115800323, 0.13054281480396476, 0.011914276185788103, 0.20749889743021455], [0.021236135349946023, 0.534677760808382, 0.0441219984263362, 0.39996410541533567], [0.19008406838150657, 0.13315319176926355, 0.0587765396058015, 0.6179862002434284], [0.26858775077784913, 0.3997371506580988, 0.05524604583941547, 0.2764290527246364], [0.11709367889358481, 0.6620387766311678, 0.017268827335227045, 0.20359871714002037], [0.08830653017410897, 0.12257240286211803, 0.12350296598297379, 0.6656181009807992], [0.3520832927303023, 0.10567061063494035, 0.17060572437948557, 0.37164037225527197], [0.10977613174003913, 0.02881294743299573, 0.008686411093212198, 0.8527245097337531], [0.30689733076545117, 0.17656372147519686, 0.025367027960552273, 0.4911719197987996], [0.3780539202510636, 0.4662385434317207, 0.08332802664912313, 0.07237950966809278], [0.3160784669171771, 0.07333144490514881, 0.10893006188035075, 0.5016600262973234], [0.08350035085230624, 0.5297696287251172, 0.23528302281748054, 0.15144699760509614], [0.1115795031617564, 0.1129856970963689, 0.272854461097148, 0.502580338644727], [0.2844486791483959, 0.3167999468800334, 0.1814602849188497, 0.2172910890527211], [0.2952112027355637, 0.5500282009194307, 0.005892273756748784, 0.14886832258825666], [0.2735136961024619, 0.055711891612270414, 0.03977664225404531, 0.6309977700312221], [0.7873546333965113, 0.1827005283564074, 0.001437031750619839, 0.028507806496461518], [0.47724221223355173, 0.36778942929018, 0.028222721917006414, 0.12674563655926172], [0.03335472893233302, 0.10909554315786733, 0.7064900420975782, 0.15105968581222143], [0.050560535790343024, 0.279740471436413, 0.4772416434244615, 0.19245734934878259], [0.31697123625637286, 0.22013878899787936, 0.005542014365939363, 0.4573479603798083], [0.20121189990726648, 0.4556737963204384, 0.20197311685298727, 0.1411411869193077], [0.037757607813332185, 0.21560015193806548, 0.2457130136339452, 0.5009292266146573], [0.6574090009029596, 0.026029684558192028, 0.007328580232993794, 0.3092327343058544], [0.31904235095134353, 0.22691362171746593, 0.08348264514635494, 0.3705613821848356], [0.26322444670795325, 0.10842199114546988, 0.26926911441065626, 0.35908444773592046], [0.1419989875020847, 0.19151457812393813, 0.14170320276782636, 0.524783231606151], [0.23268898009976158, 0.3853295923520599, 0.12852608981363706, 0.2534553377345415], [0.19398590244651945, 0.19306594081922973, 0.020378436468115522, 0.5925697202661357], [0.2800609994991962, 0.12179284217377419, 0.022628203912769977, 0.5755179544142597], [0.03633685746789295, 0.15963995902939718, 0.7517167113790624, 0.05230647212364744], [0.20330288877728345, 0.145330669751193, 0.09816606281168404, 0.5532003786598395], [0.7880716248535891, 0.1387472368229534, 0.004169654604747766, 0.06901148371870952], [0.08001524396492725, 0.16420126061371473, 0.6741037421197993, 0.08167975330155876], [0.06384583614028122, 0.3998049729016548, 0.47252650262086815, 0.06382268833719569], [0.07909401554290053, 0.09013146264748853, 0.529817801258695, 0.3009567205509155], [0.07138906124626955, 0.6629127785226275, 0.033716777345849644, 0.23198138288525308], [0.028540797427557153, 0.1320197250364392, 0.4908192185218395, 0.3486202590141642], [0.10861281149716617, 0.19146318285849845, 0.23045892166517573, 0.4694650839791594], [0.5721532817654358, 0.05542919668295563, 0.0868837738467314, 0.28553374770487744], [0.3672671110561155, 0.07235840457541169, 0.012465328098671805, 0.5479091562698009], [0.04324439540022723, 0.20243823471006672, 0.7343221405568812, 0.01999522933282497], [0.07426872274268251, 0.38870714043787746, 0.10951733345722368, 0.42750680336221625], [0.21129636790354422, 0.05270111678697873, 0.6578299256928066, 0.07817258961667023], [0.06249977268198021, 0.3294720958788703, 0.03495817028216395, 0.5730699611569854], [0.11648618123293149, 0.1783538647857903, 0.3353070209238003, 0.36985293305747746], [0.08135137615771132, 0.30152251153529824, 0.05173455469002446, 0.5653915576169662], [0.09612701064567916, 0.36390109911670465, 0.3419819348831181, 0.1979899553544979], [0.28387619851004203, 0.2405306919367312, 0.009807335829904605, 0.4657857737233221], [0.5292932087942045, 0.15915736341598752, 0.03235433049334435, 0.2791950972964635], [0.020171768781588297, 0.652314467720821, 0.12560238343359975, 0.20191138006399112], [0.5773195272679202, 0.06480478590036963, 0.05649963788486454, 0.3013760489468453], [0.3488963982577341, 0.34772264998896446, 0.026896207656653976, 0.27648474409664764], [0.026489236833839785, 0.19909774346204484, 0.5211882037969452, 0.25322481590717033], [0.16185207817925595, 0.15780247972845085, 0.01874042882759902, 0.6616050132646942], [0.06875236734151847, 0.5101154906573148, 0.30996701800880355, 0.11116512399236317], [0.033862957915430404, 0.34620013438418007, 0.5275504295661492, 0.09238647813424013], [0.20306506006752098, 0.12110324815666972, 0.08478287542579915, 0.5910488163500102], [0.06417751885204097, 0.5612677089739326, 0.14540997375659923, 0.22914479841742705], [0.30496637397057375, 0.2563308305098116, 0.08821599426373976, 0.3504868012558749], [0.016279296107797363, 0.4818210503062986, 0.43830019576276613, 0.06359945782313775], [0.15157554177562824, 0.4957864174982044, 0.018182288369590897, 0.33445575235657665], [0.5714165124771018, 0.010796515849473364, 0.003800643539119899, 0.41398632813430514], [0.07795279117179836, 0.44236848728240796, 0.13784655431320184, 0.3418321672325918], [0.0741447314988454, 0.04469213739163442, 0.6734186899362532, 0.20774444117326693], [0.5860536712123404, 0.09086823637520244, 0.005824892284633161, 0.31725320012782393], [0.04505062664882908, 0.7648034544679106, 0.11561768443552244, 0.0745282344477379], [0.1481092663486512, 0.37645111625551037, 0.18149254512062443, 0.2939470722752141], [0.15149887291363787, 0.1267988764052914, 0.2726002964831117, 0.44910195419795906], [0.02270008870676648, 0.38621961597729093, 0.37842795219386915, 0.2126523431220736], [0.10143517477004428, 0.3775634985993507, 0.3187432003685416, 0.20225812626206385], [0.18869518793262274, 0.49612553498584766, 0.27262421083368504, 0.042555066247844324]]}, "rewritten": {"ids": ["97105960", "97106000", "97106770", "97109570", "97111790", "97112170", "97112830", "98107340", "98112170", "98120010", "99107300", "99107630", "99107660", "99108710", "99109740", "99109910", "99111000", "99111930", "99112531", "99121440", "100107920", "100108580", "100109910", "100110050", "100111080", "100111380", "100115700", "100120010", "101108080", "101108370", "101108950", "101111310", "101114990", "101115190", "101117580", "102107961", "102108621", "102109840", "102109850", "102110500", "102110690", "102110850", "102110890", "102112301", "102113350", "102117351", "103109641", "103110220", "103111540", "103120340", "103120730", "103120780", "104111531", "104111550", "104111780", "104111830", "104112470", "104113000", "104113380", "104114740", "104118340", "105112100", "105113210", "105113440", "105115720", "105119550", "106114880", "106115240", "106118161", "106118301", "107113260", "107114140", "107114280", "107117630", "107119390", "107121640", "108113700", "108114270", "108114360", "108117720", "108118301", "108121190", "109113931", "109115220", "109116750", "109116930", "109117150", "109120540", "109121410", "110114321", "110114651", "110116170", "110116501", "110117110", "110117500", "110117870", "110118301", "110118701", "110119030", "110119300", "110119891", "110120531", "110120640", "110121170", "110121500", "111115910", "111116100", "111117000", "111117200", "111118301", "111118820", "111119290", "111119300", "111119430", "111119610", "111120220", "111120320", "111120531", "111120640", "112116501", "112116540", "112116640", "112116810", "112116850", "112118511", "112119120", "112119610", "112119930", "112120290", "113118490", "113118511", "113118620", "113118870", "113119340", "113120260", "113120280", "113120531", "113120540", "113121010", "113121220", "113122160", "113122170"], "labels": [2, 0, 3, 0, 2, 0, 2, 0, 3, 2, 3, 2, 3, 2, 3, 2, 2, 1, 3, 2, 0, 0, 2, 3, 0, 3, 1, 0, 0, 1, 2, 3, 3, 1, 3, 3, 3, 2, 1, 3, 0, 3, 0, 1, 3, 1, 1, 2, 1, 1, 1, 1, 0, 1, 3, 3, 1, 1, 1, 2, 2, 1, 3, 0, 1, 1, 0, 1, 3, 1, 0, 2, 3, 0, 2, 1, 0, 3, 1, 1, 1, 1, 1, 3, 0, 0, 2, 1, 0, 1, 3, 0, 3, 0, 1, 3, 1, 3, 0, 1, 3, 0, 0, 2, 3, 2, 3, 0, 0, 3, 0, 3, 1, 3, 2, 3, 1, 0, 0, 3, 1, 0, 3, 0, 1, 1, 0, 1, 1, 1, 1, 3, 0, 0, 3, 0, 0, 3, 2, 3, 3, 1], "predicted_labels": [2, 3, 0, 0, 3, 3, 3, 2, 3, 2, 0, 3, 0, 1, 1, 3, 1, 1, 3, 1, 0, 3, 1, 2, 1, 1, 3, 1, 0, 0, 3, 2, 1, 2, 3, 3, 0, 3, 0, 3, 1, 1, 3, 1, 3, 1, 1, 1, 3, 2, 3, 3, 3, 1, 1, 3, 1, 3, 3, 1, 3, 3, 0, 1, 3, 1, 3, 3, 0, 3, 3, 1, 1, 0, 1, 3, 3, 0, 1, 3, 1, 1, 3, 3, 1, 0, 1, 1, 3, 1, 3, 3, 1, 1, 1, 1, 0, 0, 3, 1, 3, 3, 3, 3, 1, 1, 1, 1, 0, 1, 0, 3, 3, 1, 3, 1, 3, 0, 3, 0, 3, 1, 3, 3, 1, 3, 3, 3, 1, 3, 1, 3, 1, 0, 3, 0, 1, 1, 1, 0, 1, 3], "confidence_scores": [[0.16086740103058345, 0.06522612307794712, 0.741186612358813, 0.03271986353265619], [0.15506243824125604, 0.12456081887509435, 0.419212332729416, 0.3011644101542333], [0.42525537911829636, 0.2476359681410911, 0.20958871797911027, 0.11751993476150256], [0.9463100129033855, 0.019475383357177863, 0.00786487090478153, 0.026349732834655495], [0.10129387808277313, 0.04480222349720369, 0.056549577821750206, 0.797354320598273], [0.18746312496997522, 0.32848809971846477, 0.0945318761896361, 0.3895168991219241], [0.3412169512108816, 0.17096635495763388, 0.08974886538257229, 0.3980678284489125], [0.22811074369192938, 0.14299686390516936, 0.6187459300440156, 0.010146462358885392], [0.30995713390033497, 0.0242751541512187, 0.0823184508232431, 0.5834492611252035], [0.04829868402737244, 0.07553471655602875, 0.6844815974422328, 0.19168500197436603], [0.876989985936641, 0.013527594238631152, 0.004180311168599592, 0.10530210865612821], [0.29871950219206733, 0.057083900204583815, 0.09335847467524507, 0.5508381229281039], [0.5214603552440156, 0.29045559435898993, 0.042198553067002625, 0.14588549732999198], [0.06659176888864715, 0.6809055665707406, 0.22692141516028208, 0.025581249380330105], [0.08209922869090612, 0.5278778222863734, 0.1257777790641996, 0.26424516995852104], [0.13624149634695315, 0.09357848001865698, 0.5779459178351695, 0.19223410579922012], [0.037477346565109454, 0.3404639721759597, 0.46990001907552914, 0.15215866218340193], [0.07843688193406867, 0.689297445858707, 0.07959406008613279, 0.15267161212109123], [0.23301529691946332, 0.13892780098969043, 0.03314473301352669, 0.5949121690773198], [0.18094027322926431, 0.33212611357911215, 0.23597671557784608, 0.2509568976137774], [0.6146162438526231, 0.21121662483459183, 0.02394713130968236, 0.15022000000310254], [0.3506502758367673, 0.14341046642744945, 0.08513625895033458, 0.4208029987854488], [0.32568860609, 0.24652880427085766, 0.24240838582338856, 0.18537420381575398], [0.05579621152630269, 0.17724900605905683, 0.6240410805948202, 0.14291370181982002], [0.1539903971932718, 0.5369358561408778, 0.0951317587467094, 0.21394198791914068], [0.20696237555584968, 0.23397684326187523, 0.3512216357068917, 0.20783914547538326], [0.19420405297931573, 0.23588943581906247, 0.13313749794951504, 0.4367690132521068], [0.08194883400752355, 0.23919445035779477, 0.5031162636663453, 0.1757404519683362], [0.5943370811395138, 0.3414309729484683, 0.02313497883167069, 0.041096967080347234], [0.8192585780415952, 0.11146965410080734, 0.0004311478773583532, 0.06884061998023912], [0.046413254144676806, 0.1484997428172639, 0.056226353688590455, 0.7488606493494687], [0.047990325412361666, 0.1987145873773887, 0.6884416530397455, 0.06485343417050436], [0.034719226842064216, 0.21207665412675905, 0.5885462034777003, 0.16465791555347664], [0.061725640001051435, 0.08678425014160805, 0.7877927772599196, 0.06369733259742053], [0.03845267966901695, 0.1536920323550782, 0.09247627901737487, 0.7153790089585299], [0.4215630327686262, 0.053632579194463584, 0.030864602319650863, 0.4939397857172596], [0.42203616548269424, 0.29675854945278096, 0.03518264494909979, 0.2460226401154249], [0.15578308601742205, 0.16849826004046825, 0.2662313511567909, 0.40948730278531875], [0.29544289263648366, 0.13705128988327023, 0.40857053875244836, 0.15893527872779764], [0.395117456706711, 0.02000873518575792, 0.06267018577661886, 0.5222036223309123], [0.2840682788783118, 0.37885396574846747, 0.1558126254142187, 0.18126512995900199], [0.10657519920596012, 0.4960352571805383, 0.22858542013288982, 0.16880412348061183], [0.31779533041117186, 0.09050833268651536, 0.10360498437386417, 0.48809135252844865], [0.29337049174647273, 0.31369004694907315, 0.11251237681448958, 0.2804270844899641], [0.17715395842743828, 0.25269153884962364, 0.09158135610827679, 0.47857314661466144], [0.20929642274129664, 0.7582550801708715, 0.0018443536468662535, 0.030604143440965476], [0.3000414498315217, 0.3374687102594425, 0.14330131686670888, 0.21918852304232755], [0.052700983823971856, 0.4626082312118993, 0.144146853438361, 0.34054393152576773], [0.10325240985903304, 0.044364488249536024, 0.14264731369301173, 0.7097357881984194], [0.03730487881264025, 0.169953480064158, 0.6338643266421948, 0.1588773144810072], [0.06258725651792924, 0.14679028862633675, 0.47249196141054967, 0.3181304934451847], [0.3599129446847851, 0.14610735069880015, 0.09291482369647155, 0.40106488091994347], [0.20141430804538335, 0.21552841666097552, 0.00996355248362343, 0.5730937228100181], [0.17164677669987025, 0.3715433821076695, 0.20308217011441942, 0.2537276710780409], [0.4452223383347586, 0.40415702509264806, 0.05850149888511825, 0.09211913768747539], [0.11946638303574086, 0.22548751263494438, 0.06114138598396214, 0.5939047183453527], [0.14944250121222497, 0.5582080746190385, 0.13396067774694406, 0.15838874642179218], [0.09771419998510358, 0.09499596866352489, 0.0031249146669742604, 0.8041649166843972], [0.025730372278339273, 0.07885874759161261, 0.16146320808980966, 0.7339476720402389], [0.3332896915254814, 0.30984790805292667, 0.17770433677927472, 0.179158063642317], [0.039593990822229266, 0.11955447777477585, 0.3403295678204919, 0.5005219635825029], [0.4632111213799443, 0.023760131508928344, 0.0943231366494015, 0.41870561046172616], [0.40999573411142465, 0.0812666552064528, 0.3416547187026394, 0.16708289197948323], [0.19402054889354295, 0.41798697927279993, 0.25364993576836736, 0.13434253606528976], [0.05810050955581546, 0.20392094653961618, 0.31499703307923843, 0.42298151082533], [0.035437375808613045, 0.5293976666557931, 0.15139148886858633, 0.28377346866700737], [0.10441229085803777, 0.25851244839027604, 0.2280505907235207, 0.40902467002816517], [0.3257352158060764, 0.2600071425541437, 0.10568917547957132, 0.3085684661602085], [0.5391509114793653, 0.18649493811169107, 0.13540613677893873, 0.13894801363000514], [0.32400514205871783, 0.19007909582722926, 0.01793984922577966, 0.46797591288827345], [0.23984942663063882, 0.12694223059695708, 0.39286582507184137, 0.24034251770056267], [0.07198421610462563, 0.5313539559442991, 0.3194340828344965, 0.0772277451165788], [0.14460135852418368, 0.5981913718714824, 0.19383888262049173, 0.06336838698384267], [0.6671021002030515, 0.03541942168153235, 0.0892630493072292, 0.20821542880818672], [0.12397207475707, 0.20419831498383656, 0.5262912091635901, 0.1455384010955034], [0.013960330099904395, 0.08310010369421082, 0.6522453455483981, 0.25069422065748653], [0.02264055541514412, 0.24098394459758596, 0.22040453960794107, 0.5159709603793291], [0.6386685881080106, 0.06361454617177327, 0.000981441817408513, 0.2967354239028075], [0.0501817579536348, 0.545110792818919, 0.26186561720213114, 0.14284183202531506], [0.2415097750009267, 0.1286868119234401, 0.0008862578082491466, 0.6289171552673841], [0.3682268444896236, 0.4311405813864117, 0.023907657052501946, 0.1767249170714631], [0.18286751004032614, 0.5297587199830829, 0.15676338061386297, 0.13061038936272784], [0.21362669778524354, 0.3059311097525669, 0.14799187715861906, 0.3324503153035706], [0.16121235499772418, 0.08111002976005452, 0.06513312967818892, 0.6925444855640323], [0.058154253295558796, 0.3543628341888837, 0.5718035394124861, 0.015679373103071353], [0.7121903850369679, 0.029913651614797546, 0.008021994455839825, 0.24987396889239474], [0.05316369871047695, 0.6056382362165088, 0.2886009863989225, 0.05259707867409205], [0.31208947197729925, 0.43233769853019494, 0.06922233165516947, 0.1863504978373363], [0.09527479024481667, 0.20186716827883142, 0.051991928598364705, 0.6508661128779872], [0.25364478524797646, 0.5193829966936299, 0.04662213922559296, 0.18035007883280052], [0.11849763677644895, 0.02895258673502806, 0.2323352308238481, 0.6202145456646749], [0.3108451408426454, 0.2762214710545032, 0.008536833874017984, 0.4043965542288336], [0.37524945018068356, 0.38957249548099926, 0.1429779740155503, 0.09220008032276651], [0.16994512966602923, 0.6778347862975269, 0.11168930684419466, 0.04053077719224941], [0.10614345426688765, 0.7746893201585289, 0.00541933853177673, 0.11374788704280656], [0.3408861404510906, 0.3480331589041441, 0.15910167865189956, 0.15197902199286548], [0.4976739011409131, 0.24611273748136256, 0.06818900391188316, 0.18802435746584145], [0.5154127616684452, 0.25384145342570485, 0.045744623486672055, 0.18500116141917802], [0.03878308008088508, 0.14467665555168663, 0.08864827282807781, 0.7278919915393508], [0.2780895425447116, 0.5016286841586058, 0.007845818302205022, 0.21243595499447776], [0.14274480952576155, 0.11180339245880556, 0.042608518378233574, 0.7028432796371993], [0.42956288020464345, 0.14670603880019414, 0.010080951788072544, 0.4136501292070899], [0.09481632599637664, 0.14485327857301455, 0.28839912169271764, 0.47193127373789145], [0.030420374048787387, 0.0458544387412212, 0.4454282401065646, 0.47829694710342696], [0.17077519183752204, 0.5046268477784132, 0.031356141771980976, 0.29324181861208376], [0.055990983116608, 0.8346453045732454, 0.04563562672394413, 0.06372808558620223], [0.16828732051584466, 0.6875870177698387, 0.005809344967516137, 0.1383163167468007], [0.036127419667788756, 0.5269783214363779, 0.35888978496259394, 0.07800447393323966], [0.420339283537884, 0.08171384385330407, 0.4209163752387982, 0.07703049737001369], [0.1369840997375338, 0.38907246961905384, 0.2805079122943141, 0.1934355183490981], [0.6180898552579012, 0.05317349450429845, 0.0074070982466066795, 0.32132955199119384], [0.4546550008141799, 0.060319618250432805, 0.10136351525041744, 0.38366186568496985], [0.02989102391148015, 0.19184513211868134, 0.4903232012545353, 0.28794064271530306], [0.022658744044165947, 0.7018641437711721, 0.008747347980992535, 0.26672976420366923], [0.06613876622600241, 0.2160016140481518, 0.39928964690023927, 0.3185699728256064], [0.24586907228030191, 0.6148089876264853, 0.0759033967501329, 0.06341854334308], [0.2987698634374915, 0.062335904858215156, 0.03998857517687974, 0.5989056565274137], [0.6276789710661305, 0.17842835334609722, 0.028109634524845648, 0.16578304106292646], [0.21961417137333278, 0.07605548472766965, 0.06909311890730263, 0.6352372249916947], [0.6352008448877506, 0.16784355308833393, 0.004667190488897906, 0.19228841153501786], [0.045910499971084456, 0.19425518199835562, 0.2516432810398716, 0.508191036990688], [0.3228298369534079, 0.2536329221021155, 0.2753260286419932, 0.14821121230248344], [0.12521071321548544, 0.1137549829393789, 0.4881493290978656, 0.2728849747472699], [0.3075889959087635, 0.15391842612190348, 0.02682863386110125, 0.5116639441082318], [0.24778760087550225, 0.42811682231985215, 0.15873010339542978, 0.1653654734092161], [0.1482129336615318, 0.15262360875905132, 0.14181796863562215, 0.5573454889437944], [0.03810391997478916, 0.22598959945242592, 0.4154475108479792, 0.320458969724806], [0.2328819669342214, 0.27695402395688795, 0.20419812596982992, 0.2859658831390606], [0.06153346530048055, 0.5184214710244752, 0.28006230921442477, 0.13998275446061953], [0.19930100508810325, 0.10369844201087305, 0.006983673272542908, 0.6900168796284809], [0.12504388770938887, 0.6914075213780709, 0.05918006167246683, 0.1243685292400732], [0.25882447984044715, 0.31543610122216637, 0.014038147396878368, 0.4117012715405079], [0.1472113243283612, 0.690413169140704, 0.03227465162164088, 0.13010085490929363], [0.7369905024320947, 0.14296553553580596, 0.00889288173283129, 0.11115108029926815], [0.1767046038658147, 0.14818263862000344, 0.23292051480063813, 0.4421922427135434], [0.5256992675435758, 0.011514083923010399, 0.2316446051134721, 0.23114204341994196], [0.34763194455256613, 0.4958809303233974, 0.011610358382189837, 0.14487676674184685], [0.2190938151214858, 0.4187153946166147, 0.04890560749582484, 0.31328518276607503], [0.02518091164072289, 0.5499941101141387, 0.15541693899066827, 0.26940803925447027], [0.5588882890565882, 0.15948942655376358, 0.02194421431625133, 0.259678070073397], [0.044369365967992916, 0.37331430501626917, 0.39462677306023614, 0.1876895559555017], [0.012767644777520216, 0.06160946843371191, 0.49768716731022195, 0.42793571947854625]]}}