{"test": {"ids": ["98109230", "112120540", "97106000", "107113170", "112121410", "104114320", "113122150", "111117480", "109117431", "100113370", "108116501", "105112100", "99109910", "111114171", "101108460", "108114180", "106121220", "100109311", "106112770", "112118421", "110118450", "108116070", "107120880", "103111620", "109115211", "97113900", "104111990", "112116990", "108120621", "101111620", "110121450", "110116170", "110121170", "111120540", "112118890", "113120070", "109117110", "105117431", "97107920", "97107821", "99108520", "113117550", "113118421", "113118620", "103109641", "100108260", "112118511", "108118291", "106116120", "113119930", "107115250", "113122190", "111116170", "113118810", "111119580", "113119950", "102112250", "110114610", "98106680", "103113270", "101115190", "112118161", "108119550", "106117770", "107115140", "101121640", "104113550", "104119340", "109120150", "99109141", "113119450", "107119130", "113120280", "107114200", "101112690", "112116900", "113120591", "111120220", "105120621", "108115500", "97107040", "110118630", "99120010", "104114410", "104118070", "107118520", "99119830", "107114780", "99111440", "109117150", "105119950", "100115700", "112118820", "113118870", "110115890", "112116451", "107114490", "97113260", "111119150", "112119580", "112120290", "101108290", "103110100", "99108460", "111121190", "113118630", "105115680", "111118820", "110117870", "98106111", "97114170", "104117630", "109113591", "100109000", "98116500", "103117461", "109114720", "112120670", "108115250", "110114720", "112117030", "99111340", "111117571", "111117200", "107118820", "105113170", "103113640", "101110200", "103120531", "100111620", "112116800", "108121351", "101114020", "97105960", "99107560", "104119290", "112117660", "103113101", "108114220", "103109791", "102121440", "98107410"], "labels": [1, 3, 0, 0, 0, 2, 2, 1, 1, 3, 0, 1, 2, 3, 0, 1, 1, 1, 1, 3, 0, 1, 1, 0, 0, 2, 2, 0, 1, 3, 3, 0, 2, 1, 3, 2, 1, 1, 0, 2, 2, 3, 3, 3, 1, 3, 1, 3, 1, 1, 2, 1, 0, 3, 3, 0, 0, 1, 1, 2, 1, 0, 1, 0, 0, 2, 1, 1, 2, 3, 3, 1, 0, 2, 1, 3, 0, 3, 1, 3, 2, 1, 2, 1, 2, 2, 1, 2, 3, 2, 3, 1, 0, 0, 2, 0, 3, 1, 3, 3, 1, 0, 1, 0, 1, 3, 2, 0, 3, 0, 2, 0, 3, 1, 2, 0, 0, 2, 1, 3, 2, 1, 3, 0, 3, 0, 1, 2, 3, 3, 0, 3, 3, 2, 1, 1, 0, 3, 3, 3, 2, 3], "predicted_labels": [2, 1, 3, 1, 0, 0, 2, 0, 3, 2, 2, 3, 2, 3, 1, 3, 0, 3, 2, 3, 2, 2, 2, 2, 1, 2, 0, 0, 0, 0, 1, 0, 3, 0, 3, 2, 0, 2, 3, 0, 2, 2, 0, 1, 3, 3, 3, 0, 1, 0, 2, 2, 1, 3, 0, 0, 2, 1, 1, 2, 1, 1, 3, 3, 3, 3, 2, 0, 2, 3, 1, 1, 0, 1, 2, 0, 0, 0, 3, 0, 3, 3, 3, 3, 2, 1, 2, 3, 0, 0, 3, 0, 3, 1, 1, 0, 3, 2, 3, 3, 2, 3, 0, 3, 0, 0, 1, 0, 1, 1, 1, 0, 0, 1, 2, 3, 3, 3, 3, 0, 0, 2, 1, 1, 3, 3, 0, 1, 1, 0, 3, 3, 3, 0, 0, 3, 3, 3, 2, 2, 3, 0], "confidence_scores": [[0.03368808294848232, 0.007651266675127702, 0.9582083787521056, 0.0004522716242842685], [0.34018565720825517, 0.35829895657150457, 0.001053885815632072, 0.30046150040460823], [0.0006878333114534593, 0.056407614162720957, 0.0367460861111277, 0.9061584664146979], [0.015060859084883955, 0.6493873114430849, 5.072266457006084e-05, 0.33550110680746104], [0.7173188795721293, 0.2759907615200945, 1.5839337387277352e-05, 0.0066745195703889855], [0.42052959996198497, 0.16570609282750565, 0.03870385545918671, 0.37506045175132263], [0.0048176024422944665, 0.1496539340745755, 0.7767503270121329, 0.06877813647099712], [0.5231050652554352, 0.11607986990350881, 0.3091979428289808, 0.0516171220120752], [0.005318857369375723, 0.0011376291531518864, 0.0015518277190244975, 0.9919916857584479], [0.029917213112412987, 0.31282797888247044, 0.4527098878334299, 0.20454492017168677], [0.03286350485468373, 5.212537641255606e-05, 0.9653539120323619, 0.0017304577365419502], [0.15262541505726068, 0.07686949094534674, 0.11644229021959303, 0.6540628037777996], [0.02512415794384618, 7.469905004036906e-05, 0.9713211162001498, 0.0034800268059635778], [0.0230666050770396, 9.543091360438828e-05, 4.444519615763824e-09, 0.9768379595648363], [0.13644309639197658, 0.7282616949947374, 0.003989865229888002, 0.13130534338339783], [1.914923223683819e-06, 0.0001077949732778604, 7.622524449686162e-06, 0.9998826675790489], [0.8639987951965337, 0.0004668302204421453, 0.002348389867246326, 0.133185984715778], [0.0032831294022772736, 0.00065200011237866, 0.00021772705139834267, 0.9958471434339458], [6.856915739835652e-08, 0.3056570620100793, 0.5142194910551071, 0.18012337836565617], [0.00013572128078717172, 0.0011386846686083684, 0.00027529873651594875, 0.9984502953140886], [0.0007595037516946848, 0.006557846385083164, 0.9750422553838323, 0.01764039447938996], [0.014474737176806732, 0.04115297099903036, 0.9443576478972557, 1.464392690711469e-05], [0.0021446789839979752, 0.025027686329537314, 0.9635537396208728, 0.009273895065592078], [0.003348420965151463, 0.00034135419781222454, 0.9963080248111872, 2.2000258492407507e-06], [0.12960469206060998, 0.4389152078982454, 4.59754350265505e-06, 0.431475502497642], [0.03357537524561317, 2.568057060452742e-05, 0.9643199353904524, 0.0020790087933298704], [0.9973334319951541, 0.001652815890380008, 0.0008382186208622668, 0.00017553349360361243], [0.8334610153149764, 0.004346047293061376, 0.14904694081865727, 0.01314599657330476], [0.7014598736826946, 0.28042118687596496, 0.0004238351836433945, 0.017695104257697103], [0.9973857350311062, 4.775890161815964e-07, 0.002511895845149485, 0.00010189153472827145], [0.0350000969978275, 0.9588289389808021, 4.3666607321878644e-05, 0.006127297414048597], [0.9204431103786008, 0.033601278431082966, 0.03991147386178899, 0.0060441373285271245], [7.564497934928759e-05, 1.6255070426614756e-06, 0.0002658220473533473, 0.9996569074662548], [0.9414235517207649, 0.020235134160182543, 0.03827364933452153, 6.766478453102263e-05], [0.2962938751311432, 2.5701558929511024e-06, 2.2603037389312715e-07, 0.70370332868259], [0.03017042805201267, 0.00720782099837834, 0.9190098423927073, 0.04361190855690156], [0.999456152927966, 0.0005223586507292272, 3.4785265078188864e-06, 1.8009894797027733e-05], [1.1485498383535587e-05, 0.33906058462177135, 0.43247945006665933, 0.22844847981318583], [0.03746947226990156, 0.09319347405968648, 0.03846572016841413, 0.8308713335019977], [0.9462215797939959, 0.03177439583448715, 0.020691301264149874, 0.001312723107366812], [0.0007221091596826388, 0.0014608290577999945, 0.9970369178870847, 0.0007801438954325435], [0.03167219814580519, 0.012793411448855542, 0.5814977184880799, 0.37403667191725937], [0.8090028980188477, 0.0492632080816405, 1.2528985397038592e-05, 0.14172136491411458], [0.008158158579590291, 0.9913093317710778, 0.0005236713194724191, 8.838329859403805e-06], [0.004180998101022669, 0.0007572866525603333, 0.000603998599556266, 0.9944577166468608], [0.0020362812185142918, 0.17481619539119087, 0.2171995371101202, 0.6059479862801747], [0.03382997727391682, 0.048472703627133525, 0.005729749898853446, 0.9119675692000963], [0.9912919456602057, 4.738442518972146e-06, 0.001026072605696006, 0.007677243291579167], [0.00046307870540166797, 0.9177227562025053, 9.502483980850547e-05, 0.08171914025228445], [0.4271084055165677, 0.417549177148739, 0.1517335402046196, 0.003608877130073644], [0.18948209431527377, 0.24118691043125928, 0.5480551808256798, 0.021275814427787115], [0.0002740858709799384, 8.882094571239714e-05, 0.9976235767573433, 0.0020135164259645244], [0.00017379105195614898, 0.7520700941083206, 4.119841354593178e-07, 0.24775570285558765], [0.008015520184698343, 0.0030717577902616704, 0.025848108062206415, 0.9630646139628335], [0.7131989673152902, 0.001119657823850054, 0.2850727499177249, 0.0006086249431349355], [0.5404574550755773, 0.07927576632833656, 0.0014951998701697887, 0.3787715787259164], [0.001971406147100977, 0.017716397672855988, 0.9759898243197507, 0.004322371860292398], [0.004970277662174392, 0.9825627551160279, 0.011773367745420548, 0.0006935994763772105], [0.0015842762590270593, 0.9905077191573464, 0.0064225552306519445, 0.0014854493529744073], [2.9229176312810696e-05, 0.0009179540233330776, 0.9723962487608115, 0.026656568039542635], [0.015580308710294696, 0.7373377644844866, 0.24565538893682637, 0.0014265378683922941], [0.05627424661679042, 0.9269546061908921, 0.0015176049886071877, 0.015253542203710287], [0.009548317350767048, 0.0004761962085303378, 0.0014838250290648304, 0.9884916614116377], [0.013730528665651553, 0.22866469761361205, 0.0049959639249437205, 0.7526088097957926], [0.0012694799212650397, 1.2170393010995366e-06, 0.0010330119070047256, 0.9976962911324292], [2.2244509449238897e-05, 0.016376288308940574, 0.0027818917578461585, 0.9808195754237641], [0.01243390509835865, 0.0001285793333769508, 0.5416323909529078, 0.4458051246153565], [0.9710582660700854, 8.76057047687146e-05, 0.006947326385823433, 0.02190680183932239], [0.0007890830385366849, 0.0020097370993145953, 0.997120776426685, 8.040343546379435e-05], [0.3074923944612546, 0.2802175386579969, 0.0011562925502284058, 0.41113377433052006], [0.42398962630212716, 0.5217516245471505, 0.013615705426032042, 0.04064304372469022], [0.00017570987075978076, 0.9995745911292377, 6.462495775746127e-05, 0.00018507404224502876], [0.9408033371007817, 0.0032960563375974104, 0.0007456793084273847, 0.05515492725319367], [0.3224127896528529, 0.6738113357664093, 7.26761487526278e-05, 0.0037031984319852015], [0.01304277678393853, 0.11112009883200694, 0.8292749716241252, 0.046562152759929185], [0.8486037898923542, 0.07716219081094562, 3.052979895826082e-05, 0.07420348949774175], [0.998829454121451, 0.000668494937529714, 2.4472943716731585e-06, 0.0004996036466476056], [0.9235811783003683, 0.07507781218462119, 7.857149507960473e-05, 0.001262438019930845], [0.0028055740370740386, 0.06191282999294123, 6.1505626493665674e-06, 0.9352754454073353], [0.9299928632632214, 0.06954295521315304, 0.00045406201444869786, 1.0119509176793403e-05], [0.01065877908477189, 0.01331806598743, 0.008754388083060305, 0.9672687668447378], [1.0083832052747887e-05, 0.002935805969572494, 0.004337897388943912, 0.9927162128094309], [0.052233584054318084, 0.006288205653533571, 0.0659703109725465, 0.8755078993196018], [0.32968531073497137, 0.0016038445482358598, 0.0003791256795913414, 0.6683317190372013], [0.16942739840623572, 0.2947139389718995, 0.5293289546697144, 0.006529707952150386], [0.00104749036745591, 0.8461018609776881, 0.09825017816704411, 0.05460047048781182], [0.005575884545598784, 0.3376755697164649, 0.46195041898956074, 0.1947981267483756], [0.3633911293344194, 0.08038284622181734, 0.07072242258885961, 0.4855036018549036], [0.9859419713812386, 0.00261452669788383, 0.01135906770623869, 8.443421463881846e-05], [0.41594351261122775, 0.3144535997616656, 0.19524189920406934, 0.07436098842303726], [0.04664000846152211, 0.02212806739115394, 0.0005063014517819632, 0.930725622695542], [0.3439181469936122, 0.245728160072691, 0.2845983194947735, 0.1257553734389233], [0.04521977583574523, 0.0020037415343025504, 0.0003457733258308492, 0.9524307093041213], [0.19319878395682394, 0.8021066950853138, 0.0031883021604011547, 0.0015062187974609414], [4.263797694313586e-06, 0.8916077117991228, 7.52995836783443e-06, 0.10838049444481501], [0.8449631681621722, 0.14382874613370916, 0.0002271056076329263, 0.010980980096485822], [0.002171585365988226, 0.016567027380276468, 0.0013705051453579355, 0.9798908821083775], [6.712439019552322e-08, 0.0002715944254634468, 0.912165616592024, 0.08756272185812235], [0.05300133536772588, 0.020675010028899866, 0.0007701960841224582, 0.9255534585192517], [0.0008552976913265006, 0.0035708487401879276, 0.0001516531365284449, 0.9954222004319572], [0.1304126778603586, 0.15551270704760564, 0.702694224520315, 0.011380390571720854], [0.008959577485591133, 0.023039586292122584, 0.00010222443150561072, 0.9678986117907807], [0.8801700958510085, 0.008807662598208997, 0.0009681850093274232, 0.11005405654145504], [0.16004166798492908, 0.006340345808448864, 0.003585115785176426, 0.8300328704214456], [0.9541002941748697, 0.0008617252725382424, 0.00047090394206522135, 0.04456707661052679], [0.9303000396275078, 0.0408044039182704, 0.016340104974632088, 0.012555451479589785], [2.3036965089628525e-06, 0.9801606501489339, 0.015231060834798811, 0.0046059853197582155], [0.707628804268646, 6.679781389497224e-05, 3.860087275733505e-06, 0.2923005378301833], [2.0050443470686957e-05, 0.8500751576977488, 0.00771143963892982, 0.14219335221985083], [0.003483059483888883, 0.8869676222625512, 0.012384064681032647, 0.09716525357252702], [9.169408420909268e-06, 0.5598486497549225, 0.01880896993130421, 0.4213332109053523], [0.9867627742691435, 0.000530742267721212, 0.00011943378886731699, 0.012587049674267856], [0.7008367256236118, 0.11755372243694685, 0.01604581716555053, 0.16556373477389089], [0.11027403736833365, 0.7059478313862456, 0.00585926236102726, 0.17791886888439343], [0.11890324849903558, 0.0507303219008622, 0.7975829538366007, 0.0327834757635014], [0.041458738341151685, 0.1653928968031729, 0.013005657938678517, 0.7801427069169968], [6.0732064864197435e-05, 0.002790576082039239, 0.2701020387729102, 0.7270466530801863], [0.049634822874390326, 0.09190647394795606, 0.11028509703819168, 0.7481736061394619], [0.000282207663553955, 0.009897547363924307, 0.03390091946174084, 0.9559193255107808], [0.6234233655191923, 0.004454827213384918, 0.35289889539608094, 0.019222911871341793], [0.8623181018301039, 0.07953700100839417, 0.028145845476242194, 0.029999051685259705], [0.0005897451583676978, 0.0008134140754356468, 0.9138995575902148, 0.08469728317598184], [0.05438736562614352, 0.8696534759245351, 5.335799104559667e-05, 0.07590580045827565], [0.010916219328684673, 0.9694520398959765, 0.0070669659543126685, 0.01256477482102614], [0.0734302119523595, 0.02308541841884433, 0.01256519721654022, 0.8909191724122559], [0.0021652672528343973, 0.0015708849379013525, 0.06623624372907075, 0.9300276040801935], [0.9831955717896295, 0.0024269130112265307, 0.00586375345519812, 0.008513761743946007], [0.02294806698855838, 0.9757736782607213, 2.199686875854577e-05, 0.001256257881961745], [0.0020984923694843008, 0.9072711796682574, 0.015094311050022877, 0.07553601691223537], [0.6352854083400628, 0.005664022746555121, 0.3372849269424027, 0.021765641970979535], [3.5643959065910115e-05, 0.25022065636060553, 0.0003829217398888434, 0.7493607779404396], [0.013137511407070283, 0.048457984243177106, 0.003960388857467579, 0.934444115492285], [0.00906871701808745, 8.305597610389029e-06, 0.003365643821017321, 0.9875573335632849], [0.38630857078502034, 0.02147580303088246, 0.2591954372208494, 0.33302018896324787], [0.70262484648206, 0.0002856828144426767, 0.0017431165218352103, 0.29534635418166194], [0.0010682104620887828, 0.1717644308176572, 0.0005290005170717881, 0.8266383582031822], [0.21521136505558186, 0.005304570380968285, 0.017373661440434136, 0.7621104031230156], [0.00031322837013146994, 0.0025097186281119667, 0.00032521874214533466, 0.9968518342596112], [0.007486639256897099, 0.24426578754662717, 0.7447403704863583, 0.0035072027101173465], [0.0010334011476040167, 0.00014061875712296156, 0.9624077892690682, 0.03641819082620471], [0.0008482992032346827, 0.1975885816004488, 0.00312016627635535, 0.7984429529199611], [0.998250809173556, 0.0006925992867054281, 0.0005536969631559315, 0.0005028945765823923]]}, "rewritten": {"ids": ["97105960", "97106000", "97107040", "97107821", "97107920", "97113260", "97113900", "97114170", "98106111", "98106680", "98107410", "98109230", "98116500", "99107560", "99108460", "99108520", "99109141", "99109910", "99111340", "99111440", "99119830", "99120010", "100108260", "100109000", "100109311", "100111620", "100113370", "100115700", "101108290", "101108460", "101110200", "101111620", "101112690", "101114020", "101115190", "101121640", "102112250", "102121440", "103109641", "103109791", "103110100", "103111620", "103113101", "103113270", "103113640", "103117461", "103120531", "104111990", "104113550", "104114320", "104114410", "104117630", "104118070", "104119290", "104119340", "105112100", "105113170", "105115680", "105117431", "105119950", "105120621", "106112770", "106116120", "106117770", "106121220", "107113170", "107114200", "107114490", "107114780", "107115140", "107115250", "107118520", "107118820", "107119130", "107120880", "108114180", "108114220", "108115250", "108115500", "108116070", "108116501", "108118291", "108119550", "108120621", "108121351", "109113591", "109114720", "109115211", "109117110", "109117150", "109117431", "109120150", "110114610", "110114720", "110115890", "110116170", "110117870", "110118450", "110118630", "110121170", "110121450", "111114171", "111116170", "111117200", "111117480", "111117571", "111118820", "111119150", "111119580", "111120220", "111120540", "111121190", "112116451", "112116800", "112116900", "112116990", "112117030", "112117660", "112118161", "112118421", "112118511", "112118820", "112118890", "112119580", "112120290", "112120540", "112120670", "112121410", "113117550", "113118421", "113118620", "113118630", "113118810", "113118870", "113119450", "113119930", "113119950", "113120070", "113120280", "113120591", "113122150", "113122190"], "labels": [2, 0, 2, 2, 0, 1, 2, 2, 0, 1, 3, 1, 2, 1, 0, 2, 3, 2, 1, 3, 1, 2, 3, 1, 1, 3, 3, 1, 0, 0, 2, 3, 1, 3, 1, 2, 0, 2, 1, 3, 1, 0, 3, 2, 1, 0, 3, 2, 1, 2, 1, 0, 2, 1, 1, 1, 0, 2, 1, 3, 1, 1, 1, 0, 1, 0, 2, 3, 2, 0, 2, 2, 3, 1, 1, 1, 3, 1, 3, 1, 0, 3, 1, 1, 3, 3, 0, 0, 1, 2, 1, 2, 1, 3, 2, 0, 3, 0, 1, 2, 3, 3, 0, 0, 1, 3, 0, 3, 3, 3, 1, 1, 0, 0, 3, 0, 2, 0, 0, 3, 1, 0, 3, 3, 1, 3, 2, 0, 3, 3, 3, 3, 3, 0, 3, 1, 0, 2, 0, 0, 2, 1], "predicted_labels": [0, 3, 3, 0, 3, 2, 2, 3, 2, 1, 0, 2, 2, 0, 3, 2, 3, 2, 2, 0, 3, 2, 2, 3, 3, 2, 3, 2, 3, 1, 1, 0, 2, 0, 2, 3, 2, 3, 3, 2, 0, 2, 3, 2, 0, 3, 1, 0, 2, 0, 3, 0, 2, 3, 3, 3, 3, 1, 2, 0, 3, 3, 1, 1, 0, 3, 0, 3, 0, 3, 2, 1, 3, 1, 2, 3, 2, 3, 0, 2, 2, 0, 3, 0, 3, 0, 2, 3, 0, 0, 3, 2, 1, 2, 1, 2, 2, 2, 3, 3, 1, 3, 1, 3, 0, 1, 0, 3, 0, 0, 0, 0, 0, 3, 3, 0, 0, 3, 1, 3, 3, 0, 3, 3, 0, 0, 0, 1, 3, 0, 1, 3, 3, 0, 0, 0, 0, 2, 0, 0, 2, 2], "confidence_scores": [[0.4980772495100637, 0.009827413442362964, 0.2075469493772137, 0.2845483876703598], [1.1910917949827613e-06, 0.061736983955679205, 0.03874932550550338, 0.8995124994470225], [0.00495722793122838, 0.002314806802216226, 0.20372508807378462, 0.7890028771927707], [0.9708292511073325, 0.0028098839592473474, 0.01778061763445932, 0.008580247298960805], [0.2626586817734786, 0.05043998335897222, 0.044401533124929705, 0.6424998017426194], [4.955802066616128e-08, 0.00047812903615799884, 0.6013295918717412, 0.3981922295340801], [0.025617167711374414, 0.00012065601353289143, 0.9647151638066332, 0.009547012468459392], [3.902763407141051e-05, 0.4276495492943314, 0.11308719117510752, 0.4592242318964897], [0.0005592854928318038, 0.12228619912645322, 0.8749394429026979, 0.002215072478017017], [0.0009116985681332873, 0.971515841097167, 0.027365894247839848, 0.00020656608685984596], [0.9897541268040405, 6.293878931396393e-05, 0.003092039425213405, 0.007090894981432112], [0.2184421038566949, 0.004364100894515476, 0.7689988011057789, 0.008194994143010855], [0.01942639035225913, 0.0011418774557054468, 0.6395387082132393, 0.33989302397879606], [0.7421201930511214, 0.0007545471110847767, 0.003608825618531476, 0.2535164342192622], [4.144860070934303e-07, 0.0005331061896131575, 2.7574030673139954e-06, 0.9994637219213124], [0.001050150563207602, 0.0018806818655164705, 0.9961749218424181, 0.0008942457288579202], [0.18459249011793857, 0.07069666810240852, 0.02214689799229721, 0.7225639437873558], [0.00010344976787843054, 5.0288257794441074e-08, 0.9982905629817501, 0.0016059369621136963], [9.464416136386139e-06, 0.0001307053462837748, 0.9550923218465645, 0.0447675083910153], [0.692136544361958, 0.03483116896281489, 0.2629532682952338, 0.010079018379993313], [0.003923030719654087, 0.1093903384246228, 0.19367703916941637, 0.6930095916863067], [0.0003518838788702198, 0.006228365508737328, 0.9569588468420022, 0.03646090377039037], [0.057715522077052155, 0.05156429763133518, 0.7719707463742999, 0.11874943391731277], [0.10731548564217022, 0.1690154449121579, 0.08574340891588172, 0.6379256605297902], [0.0007961769984873166, 2.274432475529909e-05, 2.3478993050050243e-05, 0.9991575996837074], [0.24477906055429094, 0.004146415640377062, 0.7104173253928739, 0.04065719841245815], [0.008048891793145848, 0.018018491796884296, 0.07355821682077754, 0.9003743995891924], [0.010384315522274128, 0.003248650683385124, 0.9726974829807629, 0.013669550813577847], [0.010738005411703621, 0.0519149285749648, 0.001675500661816437, 0.9356715653515152], [0.10470159175256909, 0.6370726812351112, 0.011328754444353441, 0.24689697256796647], [0.00016072342060569671, 0.9997833787928422, 2.6498976677654255e-05, 2.9398809874316402e-05], [0.9979985432568915, 9.548180925600592e-07, 0.0017403522872639018, 0.00026014963775202084], [0.003857743904904766, 0.010596350558788272, 0.9830101917108208, 0.002535713825486148], [0.5723502107666438, 0.0005760673447029716, 0.2544524419558402, 0.17262127993281282], [0.026196240630766695, 0.06036261812389557, 0.9091904059428024, 0.0042507353025352836], [1.6424670954493829e-06, 3.7724024276939684e-05, 0.0001019940224830181, 0.9998586394861446], [0.0009516690395504621, 0.0034835936743097874, 0.992439072027501, 0.003125665258638745], [0.00021058379039671235, 0.0681454839306455, 0.013003656034332367, 0.9186402762446254], [0.0001838759466007164, 4.502711814069186e-06, 0.03264433988404376, 0.9671672814575414], [0.0007123510667857218, 7.083132108320386e-05, 0.9847321668530851, 0.014484650759046102], [0.5673657426669113, 6.482869991037333e-05, 0.029020510927606172, 0.4035489177055722], [0.032757226254190905, 0.000512200702151028, 0.96656001841736, 0.00017055462629812226], [0.0001241238129931922, 0.001270169583293578, 0.0005276315805213752, 0.9980780750231918], [0.00036941020974984773, 0.0019675899181073233, 0.9738849181840461, 0.02377808168809678], [0.6902107715025311, 0.013184320131350492, 0.10079566198760644, 0.19580924637851216], [0.3573719916471535, 0.017385644455493062, 0.0764551605241018, 0.5487872033732517], [0.002671679689108117, 0.9865097971890135, 0.0008989356732191137, 0.009919587448659091], [0.9905669123849156, 0.000691817701448496, 0.008466526593990206, 0.00027474331964574513], [0.030166316135536133, 8.433938011007442e-05, 0.7531771783091705, 0.21657216617518324], [0.9912653287774893, 0.007278044654666786, 0.0013747464669689874, 8.188010087505542e-05], [0.189491346990518, 0.0011082573494270056, 0.0013927513070634433, 0.8080076443529917], [0.9984748561830009, 3.673777702480815e-05, 1.2595156402571259e-05, 0.0014758108835717279], [0.0031445641416484567, 0.3675535477209302, 0.6054556480868523, 0.023846240050569095], [0.001783427023960911, 0.33719564713793865, 0.0016455392073355458, 0.6593753866307649], [0.1001855431074768, 2.6814215565141422e-05, 0.3073873026892749, 0.5924003399876832], [0.020605573935262928, 0.020916464980514263, 0.18901827760817366, 0.7694596834760492], [0.02360844179240699, 0.001500127247033717, 0.027862489733445094, 0.9470289412271141], [4.650317745335016e-06, 0.9311456850131111, 0.025838862365296224, 0.04301080230384736], [2.341427250024896e-05, 0.16965118505432736, 0.8186906609494463, 0.011634739723726131], [0.6279018572999377, 0.24261436699273906, 0.015625534736181005, 0.11385824097114222], [0.20545422482762546, 0.007995618601220606, 4.346346771368195e-05, 0.7865066931034402], [9.755152516149986e-09, 0.0008272231153612445, 0.4960468712892676, 0.5031258958402186], [0.006653428971209373, 0.6108509401410681, 0.000907781892770934, 0.3815878489949516], [0.006188243610578134, 0.6307025194117049, 0.00724103123578049, 0.3558682057419366], [0.9890691475374531, 1.5221679649038453e-05, 0.007035492421225045, 0.0038801383616726202], [0.039846219127388054, 0.03179858907995873, 0.001219990415684035, 0.9271352013769691], [0.9544099510262167, 0.044283465459945194, 0.00048809690073991347, 0.0008184866130979979], [0.0017875782003391827, 0.008740071516422468, 0.022316912291271425, 0.967155437991967], [0.8992338741965163, 0.0025275940603892433, 0.010507307210518131, 0.08773122453257624], [0.00013335085800896757, 1.5438049803429024e-06, 0.0558061823347609, 0.9440589230022498], [0.09222698070662473, 0.10298620209331169, 0.74271950193283, 0.06206731526723356], [0.002842556418573823, 0.5108366077053565, 0.39369048243454313, 0.09263035344152655], [0.31281824950499043, 0.02207751110831854, 0.0077668767165842536, 0.6573373626701067], [0.004638580139236873, 0.9922591942634057, 0.0007125793111001056, 0.0023896462862573564], [0.004698656107582812, 0.010138835502732587, 0.5142371055555364, 0.47092540283414824], [4.5561076269199465e-05, 0.00015667805265599425, 5.723194970882904e-06, 0.9997920376761039], [4.7572044998379065e-06, 0.06388999859602296, 0.9357841287066159, 0.0003211154928614054], [0.003300820411052856, 0.013430504281394706, 0.02210701549435982, 0.9611616598131926], [0.9829715767493392, 0.013654075166900573, 0.0033643010003615685, 1.004708339889368e-05], [0.0004945116369790585, 0.05680121693574375, 0.9427008323766284, 3.4390506489322503e-06], [0.004942033747511944, 0.00021611715301476087, 0.9871374151616211, 0.007704433937852209], [0.574403243260616, 7.811668104018078e-06, 0.015052178302690516, 0.4105367667685895], [0.021528443821921973, 7.075758537376029e-05, 0.00019238749169789196, 0.9782084111010063], [0.9691439307416888, 0.025053651846402892, 0.0025951089749145697, 0.0032073084369936794], [0.010558774022184164, 0.034050975814173025, 0.08895719831461085, 0.866433051849032], [0.6343404876314589, 0.11841027087774693, 0.05874978520258083, 0.18849945628821332], [1.2805055763836642e-05, 0.002193083455770809, 0.8340115268811114, 0.16378258460735412], [0.002110079944678958, 1.4046837729999554e-05, 5.0766336692866206e-06, 0.9978707965839216], [0.9559080889184794, 0.03454092994014387, 0.00045507103508991354, 0.009095910106286756], [0.9111014493539386, 0.002590301482152675, 0.007788184021570858, 0.07852006514233813], [0.0042032279487873615, 0.0032039470935095273, 0.001704080700543739, 0.9908887442571593], [0.0005207277829845355, 0.0009946589518440275, 0.9984796032559937, 5.010009177832522e-06], [0.002208928949796903, 0.9518052952493248, 0.023265452639396708, 0.022720323161481516], [0.015324719710141333, 8.753321580991393e-06, 0.9719489032647735, 0.012717623703504108], [7.249621764104974e-06, 0.5296886113471067, 0.06323515665590035, 0.4070689823752289], [0.2789449334488765, 0.006754556635792233, 0.699622450686031, 0.014678059229300142], [0.00010640319444799085, 0.38494487687022144, 0.4541117138975074, 0.16083700603782317], [0.0006465609308096067, 0.014361767289539588, 0.9714355126050177, 0.01355615917463307], [3.689921553634684e-05, 0.001989385423630246, 0.0019086612478895926, 0.9960650541129438], [9.319967274012007e-05, 0.0004915671648524306, 0.017616058462077134, 0.9817991747003303], [0.3364683483187622, 0.6306783217939518, 0.0004389139708255864, 0.032414415916460514], [0.0003486078059927946, 3.0849746183862464e-08, 1.462223605126272e-09, 0.9996513598820373], [0.0022362284276770867, 0.5756614032822305, 1.18355238141853e-07, 0.42210224993485446], [0.040002870149317596, 0.16069797606184047, 0.0013794467509950915, 0.7979197070378468], [0.7659773924750909, 9.630352520153495e-05, 0.016002522502042694, 0.21792378149766492], [0.06480664700506018, 0.9199845280206089, 0.00022093503190094956, 0.014987889942429774], [0.7781891635114943, 3.1747729279079937e-06, 2.2447701755119516e-07, 0.22180743723856022], [0.24785286186114955, 0.04361542467312305, 0.0006095610042961974, 0.7079221524614312], [0.9576381377198347, 0.00010270376261424596, 0.04177079308491442, 0.0004883654326367255], [0.9539489205221069, 0.04316206820363813, 7.698317879914302e-05, 0.0028120280954556836], [0.7221377431090693, 0.006259032876451989, 0.2714399779844294, 0.00016324603004928226], [0.6695494651805682, 0.0023419208743667617, 0.05421168850015443, 0.2738969254449105], [0.9977158351182256, 0.0011843816598879242, 0.00010958048828394411, 0.0009902027336024999], [8.315037501362603e-06, 0.008878814869714771, 0.003900250784663127, 0.9872126193081208], [0.3065876872028276, 0.06798309968242018, 0.0034052779890648066, 0.6220239351256873], [0.8907089629817069, 0.008843848039587097, 0.08295126814888834, 0.017495920829817768], [0.6230306266211936, 0.051070009793803946, 0.15310175250821506, 0.1727976110767874], [0.2506726069192953, 0.001158140757737912, 0.015470689049922229, 0.7326985632730446], [0.41598050575185425, 0.46239670830924995, 0.0009778508962726992, 0.12064493504262308], [0.024259086496793206, 0.09112169352305434, 0.0008753174124138348, 0.8837439025677386], [0.001333493325820464, 0.021474548493864397, 0.00433616126926077, 0.9728557969110543], [0.8415962001947028, 0.0003748574802975876, 8.035657772653572e-05, 0.15794858574727305], [0.12206875446898274, 2.9350798284884216e-05, 4.177820194457738e-06, 0.8778977169125379], [0.00039612594441766304, 0.00014272065112704387, 3.068957308822931e-05, 0.999430463831367], [0.494196628332556, 0.08881375595503324, 0.4064268969176409, 0.01056271879476985], [0.8922446474698243, 0.0456111196692211, 0.0015319194874564492, 0.06061231337349803], [0.43272750386608017, 0.017193382761047187, 0.24546225301691982, 0.30461686035595287], [0.0069101505289446185, 0.9803409621248762, 1.9424589596192228e-05, 0.012729462756582977], [0.02966172494365056, 0.006615033723000991, 0.31451286473864964, 0.6492103765946988], [0.9838500505967537, 0.00010518301138029417, 1.0113522352189236e-05, 0.016034652869513756], [0.015298595391456246, 0.9845223130450872, 0.0001764092181339903, 2.68234532257429e-06], [0.22776794919952575, 0.01930734505373165, 0.1648206786271307, 0.5881040271196118], [0.04161212717327555, 0.0005507926344440915, 0.00396521509701199, 0.9538718650952683], [0.6012465617461181, 0.2608516118527223, 0.007117696014349547, 0.13078413038681003], [0.9120120452510687, 0.004742387858451235, 0.0075436312483104385, 0.07570193564216951], [0.8854144517189726, 0.09903058965463504, 0.007542444247653911, 0.008012514378738457], [0.581167601694539, 0.01569035136860339, 0.005421682159336897, 0.3977203647775206], [7.723474460243249e-05, 0.000553033644034308, 0.9621701405296798, 0.0371995910816837], [0.981111626014599, 0.00118718512762927, 0.003209035926126324, 0.014492152931645607], [0.9996894687117102, 0.00022309394110362526, 2.469817334801849e-06, 8.496752985146337e-05], [0.07203005638059362, 0.06747569525438149, 0.8233615182882011, 0.03713273007682368], [0.21609959127032094, 0.001889569836078427, 0.5204461997098375, 0.261564639183763]]}}