{"test": {"ids": ["100108580", "110116441", "112117790", "103111620", "108113480", "110121140", "107120260", "109121351", "113121220", "112118161", "111116010", "97116500", "111120260", "102110750", "113122650", "112118860", "104116441", "106111321", "99109860", "98106680", "109118161", "106116850", "105112100", "103111540", "106113830", "110117200", "110115120", "97111790", "99108010", "104114320", "103111110", "104111990", "113120601", "109117110", "108118291", "107118120", "101109120", "112118880", "98108150", "99112300", "98111670", "105117200", "111119950", "99110730", "110119891", "109114720", "102112170", "104116980", "100109910", "112120670", "113118490", "113122320", "113118620", "100109980", "100109000", "112116900", "109120540", "110117110", "99108310", "103120340", "108118520", "101109370", "99111440", "108118301", "107112850", "97107681", "107113170", "112119320", "107115140", "98110230", "98106111", "106114150", "107120130", "99114890", "112121030", "113119480", "107114280", "105115900", "108117451", "97110950", "107113360", "112116540", "109113881", "102113210", "111120190", "109118820", "113120751", "106113170", "107116980", "113120780", "104113380", "100117420", "106115250", "97112830", "97112170", "112116401", "105115250", "113118820", "105119950", "106119260", "103109021", "105113260", "105110251", "107114780", "113119950", "100113210", "99107950", "103110050", "105121370", "109120560", "107119130", "102112301", "97108520", "104116800", "112119610", "106114011", "112118820", "97107950", "111119930", "99111930", "108118630", "97109080", "110118701", "105117431", "112118620", "98109230", "107120880", "112118471", "110117140", "109120150", "113117340", "112117780", "107115250", "111119610", "107116300", "102121440", "98121790", "110118630", "98116500", "111120280", "113122120", "110118301"], "labels": [0, 3, 3, 0, 0, 3, 1, 0, 3, 0, 1, 2, 3, 1, 2, 3, 1, 0, 2, 1, 0, 3, 1, 1, 1, 3, 0, 2, 2, 2, 3, 2, 2, 1, 3, 3, 1, 1, 0, 0, 1, 3, 0, 3, 3, 0, 3, 1, 2, 2, 1, 1, 3, 1, 1, 3, 1, 0, 2, 1, 0, 1, 3, 1, 1, 3, 0, 1, 0, 3, 0, 1, 2, 2, 0, 3, 3, 3, 2, 3, 0, 1, 0, 3, 3, 3, 1, 0, 3, 0, 1, 2, 2, 2, 0, 0, 2, 0, 3, 1, 0, 3, 0, 2, 0, 0, 1, 3, 2, 1, 1, 1, 2, 1, 0, 1, 0, 2, 1, 1, 1, 2, 3, 1, 3, 1, 1, 1, 3, 2, 2, 0, 2, 2, 0, 2, 2, 1, 2, 0, 1, 1], "predicted_labels": [1, 1, 0, 0, 3, 1, 0, 1, 3, 2, 1, 1, 1, 0, 0, 1, 0, 3, 3, 1, 3, 3, 0, 3, 2, 3, 1, 3, 1, 3, 1, 1, 1, 0, 3, 1, 1, 2, 0, 1, 0, 3, 0, 3, 1, 3, 3, 0, 3, 3, 0, 0, 0, 0, 2, 0, 1, 1, 1, 1, 1, 3, 3, 3, 1, 0, 1, 3, 1, 1, 0, 1, 1, 2, 3, 3, 1, 3, 1, 3, 1, 1, 1, 3, 1, 3, 2, 0, 2, 3, 2, 0, 3, 2, 3, 0, 3, 0, 0, 3, 3, 0, 2, 3, 1, 3, 1, 3, 3, 1, 1, 3, 2, 0, 1, 1, 0, 1, 0, 1, 2, 1, 1, 1, 3, 3, 3, 3, 1, 1, 2, 0, 3, 0, 3, 1, 0, 0, 1, 0, 1, 1], "confidence_scores": [[0.20763086669009517, 0.3324867028669493, 0.22541496871733163, 0.2344674617256241], [0.2684757889360883, 0.35388250422189643, 0.2241020791923451, 0.15353962764967025], [0.3702648091073552, 0.15266055149157529, 0.2659833658029321, 0.21109127359813737], [0.4472679057364618, 0.1653075229639648, 0.21318151341436084, 0.17424305788521263], [0.19834623625271364, 0.15026991478940727, 0.09287201058791991, 0.5585118383699592], [0.2805808750138737, 0.31273626027267687, 0.17464941038417556, 0.23203345432927383], [0.5089279908092629, 0.318547816141465, 0.07406032202304333, 0.09846387102622878], [0.16918961790075476, 0.4625634161066902, 0.13641919629155358, 0.23182776970100147], [0.22197146225332723, 0.26924408106745973, 0.23641087598655036, 0.2723735806926628], [0.28665940014470453, 0.14043330704110638, 0.30026689167139636, 0.2726404011427929], [0.08919769391190442, 0.6692152757064042, 0.1366311219812606, 0.10495590840043091], [0.3156331198446432, 0.34845604847574085, 0.14198884115437507, 0.193921990525241], [0.31055105627356955, 0.5055860585846472, 0.06579605246945142, 0.11806683267233188], [0.2576376701883363, 0.2521414148342029, 0.2360800843155323, 0.25414083066192866], [0.3651664288685054, 0.18176955549048, 0.17310045266039883, 0.2799635629806159], [0.22672799477667685, 0.3488856027345175, 0.2884813162345586, 0.1359050862542469], [0.35497283450580525, 0.2476780720528266, 0.09920134908670378, 0.2981477443546645], [0.16718507930773713, 0.23711439935654316, 0.24583338553866751, 0.3498671357970522], [0.26547217441931115, 0.1542662825994267, 0.14169597623816163, 0.43856556674310054], [0.29494715741164035, 0.3337477518441105, 0.1813914631768994, 0.1899136275673499], [0.2836541261174613, 0.2146619347618081, 0.21802821897080532, 0.28365572014992524], [0.13179790730911747, 0.287471494301, 0.15050696619909687, 0.43022363219078574], [0.4177985696953974, 0.21725274800834227, 0.11591006147026714, 0.24903862082599323], [0.23544962519051923, 0.14402024937912705, 0.24235074664075765, 0.378179378789596], [0.1699713763011007, 0.304730277137676, 0.3050927709625197, 0.22020557559870374], [0.15215851366770106, 0.3318930807977381, 0.18245056700317003, 0.33349783853139076], [0.0556250638581358, 0.7657332060536258, 0.05299424771722472, 0.1256474823710136], [0.2805092236864556, 0.20915725891278908, 0.09362708459869137, 0.41670643280206393], [0.3166298849302507, 0.35510578194622927, 0.1630724245960822, 0.16519190852743804], [0.2444366805607471, 0.21768799738378145, 0.26040733321367737, 0.2774679888417942], [0.25088776053642425, 0.387200954846642, 0.11712299017395741, 0.2447882944429764], [0.23366851684647275, 0.4029203830883429, 0.13059372208239264, 0.23281737798279176], [0.1848202477396745, 0.4920358332159932, 0.13681300409474176, 0.18633091494959056], [0.33929547721964376, 0.22793169798849522, 0.1826844265886642, 0.2500883982031969], [0.1999675999645313, 0.1663453156359319, 0.061627863525736945, 0.5720592208737998], [0.1721337524650263, 0.33831421521165694, 0.21659111261239336, 0.27296091971092346], [0.13749010677779294, 0.32658122408808804, 0.29552141959694794, 0.2404072495371712], [0.2725373754244653, 0.22092814261534563, 0.353409983981503, 0.15312449797868616], [0.3946815205162262, 0.2363369329830163, 0.13426615911809728, 0.23471538738266018], [0.1535172755021884, 0.3743026489699808, 0.25973048957480294, 0.21244958595302785], [0.40178506200014996, 0.28971125912682466, 0.11173693225801204, 0.1967667466150134], [0.12206744502579549, 0.27177938439940985, 0.09804046999682398, 0.5081127005779708], [0.4107531280917818, 0.0971815637650318, 0.3371799675814261, 0.15488534056176048], [0.13675586001864068, 0.3276901035399591, 0.09186077773564606, 0.4436932587057543], [0.08285994214756161, 0.36704795363570025, 0.2416693281492176, 0.3084227760675207], [0.14799649497200154, 0.1932777681693437, 0.2070957680732236, 0.45162996878543116], [0.1226941054970848, 0.21122140765908776, 0.3328953985109051, 0.3331890883329224], [0.35829672574415294, 0.231341339060802, 0.1436901565642685, 0.26667177863077657], [0.23693004864919484, 0.2331828132800345, 0.25141019829320527, 0.2784769397775655], [0.30959864220143035, 0.23115005000791555, 0.106383339630757, 0.3528679681598973], [0.43651283687290676, 0.13424862142856978, 0.07700359021465099, 0.3522349514838725], [0.37878587380454526, 0.17466533254640781, 0.1656765414987505, 0.2808722521502965], [0.4361789550286655, 0.3647903402034872, 0.07508518886874975, 0.12394551589909765], [0.35183396518134336, 0.13867122027632475, 0.21772830294642903, 0.29176651159590283], [0.15209160719885634, 0.22576751166701114, 0.3129298224073393, 0.3092110587267933], [0.4699941722065866, 0.352626826424212, 0.08281994377452429, 0.0945590575946772], [0.26444442661800743, 0.4158385466898348, 0.13590667159068207, 0.18381035510147575], [0.15171316839383753, 0.3850651709250398, 0.20842489672766443, 0.25479676395345846], [0.15706661349602896, 0.36174012431477465, 0.180643090371917, 0.3005501718172795], [0.13626569246921932, 0.5215429395884763, 0.13099841792041939, 0.21119295002188493], [0.179700822494769, 0.36295589962717023, 0.12459922381838143, 0.3327440540596794], [0.14870136550494722, 0.17356390803057992, 0.18083916713086495, 0.4968955593336078], [0.24562578240442282, 0.248850049548576, 0.17051048213777967, 0.3350136859092216], [0.30177197682365303, 0.21551749834581277, 0.1126637729542988, 0.37004675187623554], [0.19332730535938197, 0.4459982763100509, 0.19221972994814288, 0.16845468838242414], [0.34363577227293535, 0.2535726777116675, 0.1593521525445066, 0.24343939747089033], [0.25232890168690186, 0.29680615741626676, 0.19581084870750712, 0.25505409218932423], [0.1038707178440338, 0.1972739810834679, 0.3095411740882469, 0.3893141269842515], [0.22803695544428623, 0.30750623980065633, 0.19348843744376526, 0.2709683673112922], [0.3909591259584478, 0.42057282206303237, 0.08265737617318926, 0.10581067580533059], [0.368770936501127, 0.2640734896436663, 0.0835502833902342, 0.2836052904649724], [0.18198818149344423, 0.42821563440085575, 0.2589449552789822, 0.13085122882671787], [0.17492253428609297, 0.5299044869046452, 0.15105457282770227, 0.1441184059815595], [0.26468705565325057, 0.2129374622638705, 0.39555446871665556, 0.12682101336622328], [0.22115086347737523, 0.31890487837016, 0.06353185649845271, 0.39641240165401204], [0.09368483103649451, 0.30714639011972117, 0.28332836020370006, 0.31584041864008416], [0.11951911174411782, 0.35902401161250413, 0.24385525767902264, 0.2776016189643556], [0.3176737023110423, 0.19784745822457053, 0.11287573193542888, 0.3716031075289584], [0.3016533750449424, 0.40601205138422386, 0.08692555329406645, 0.2054090202767673], [0.10460452178943416, 0.23989285890999135, 0.17953400523610302, 0.4759686140644716], [0.1486816692907062, 0.4346652296599246, 0.13182564588681264, 0.2848274551625564], [0.3442435620520052, 0.3558848393458732, 0.07414487795033284, 0.22572672065178861], [0.344277084096209, 0.3573308726361886, 0.2072640754656597, 0.09112796780194289], [0.275098094834481, 0.2386746564942211, 0.18042099531501457, 0.3058062533562835], [0.16420589240227157, 0.36850994080265675, 0.19947898568595385, 0.2678051811091177], [0.1179138939358382, 0.2780917903814209, 0.23757202029536179, 0.36642229538737936], [0.2109831625219311, 0.21390162164226303, 0.3271892525854229, 0.24792596325038282], [0.4773473151696751, 0.18853014040942537, 0.10261262240477506, 0.23150992201612458], [0.3053734827597423, 0.16603971775608775, 0.3184234362525895, 0.21016336323158052], [0.19140898183310126, 0.3172504508136982, 0.1660816338325202, 0.32525893352068047], [0.1876867611150545, 0.13562886723771617, 0.5081827345422635, 0.16850163710496593], [0.41596130065177417, 0.1536369780017073, 0.11905782062464786, 0.31134390072187085], [0.20513414970540592, 0.23479161953404573, 0.24888412732633286, 0.31119010343421555], [0.2537473580461347, 0.2610480987235988, 0.26217433742952145, 0.2230302058007449], [0.15288456026878686, 0.311529747780082, 0.12990434072449317, 0.40568135122663795], [0.4986148733754161, 0.17036265386304364, 0.11281861420506566, 0.2182038585564747], [0.2966060844196667, 0.17287073080077983, 0.07528642503793263, 0.45523675974162064], [0.3789384508276576, 0.17127389831768253, 0.12428592635363464, 0.3255017245010255], [0.4525203051827387, 0.18647903936756288, 0.07675770179845935, 0.28424295365123925], [0.23820592328309553, 0.17099132514976426, 0.11289674635936262, 0.47790600520777754], [0.3368855120137618, 0.23253606376345634, 0.05951787718416669, 0.37106054703861535], [0.33065989444229577, 0.20761345528650266, 0.205492193120673, 0.25623445715052845], [0.17458040213794881, 0.16746777545112224, 0.37988077290523137, 0.2780710495056977], [0.11555134998882687, 0.3734001296519349, 0.12036096254374386, 0.3906875578154944], [0.272145828194385, 0.515343043095911, 0.10922516471312793, 0.10328596399657626], [0.13435727472067505, 0.2761884187366053, 0.07300550744353557, 0.5164487990991841], [0.031024731573844475, 0.5039657424453929, 0.13843372867810588, 0.3265757973026567], [0.2795372075873394, 0.2868337578782308, 0.13477996593210095, 0.29884906860232874], [0.1610421322649893, 0.2914072663187201, 0.11358865029218966, 0.43396195112410096], [0.08688141119797643, 0.3899306234764881, 0.30332683346874506, 0.2198611318567903], [0.10568495177026546, 0.5190701364743779, 0.12206597311434292, 0.2531789386410136], [0.2830228247749523, 0.16886210073342725, 0.15100612454267234, 0.39710894994894796], [0.27805947901479583, 0.15192673388222522, 0.4512864477763351, 0.11872733932664377], [0.3699337807056203, 0.16685219800514287, 0.17526930169301458, 0.28794471959622236], [0.13145572107772518, 0.44973145590972513, 0.10872556972471753, 0.3100872532878323], [0.20538171233257968, 0.3515771221823554, 0.3049747495941664, 0.1380664158908987], [0.56631945638817, 0.16413495222450356, 0.07907308643895453, 0.19047250494837167], [0.11489859531498836, 0.5265171982602216, 0.177118822467366, 0.181465383957424], [0.3225391214467276, 0.28936067059270154, 0.2113158478285841, 0.17678436013198684], [0.09877369146291697, 0.3763172770569792, 0.18605127527769863, 0.3388577562024052], [0.14179751664495344, 0.26854006486409693, 0.3258283768548288, 0.2638340416361206], [0.15980013702139015, 0.5221123340975342, 0.18858152690820235, 0.12950600197287318], [0.20496553519552155, 0.3272066485711767, 0.28562988411268997, 0.18219793212061178], [0.08635476072667295, 0.5681738618418173, 0.11349899458711953, 0.23197238284439045], [0.2944001207163166, 0.26147890478048025, 0.08423449977502288, 0.3598864747281803], [0.3161002900630848, 0.15801037089948416, 0.1852530243484985, 0.3406363146889326], [0.21027745952710752, 0.31791066826853376, 0.09600020573960598, 0.3758116664647527], [0.292392247540576, 0.2696486609042842, 0.10947105875924897, 0.32848803279589084], [0.15507506287389292, 0.4052089956531797, 0.14374390474932222, 0.295972036723605], [0.25142451401975546, 0.3660502486035865, 0.13160258311546938, 0.25092265426118876], [0.254900920729119, 0.26374986204828077, 0.2877069034112868, 0.19364231381131347], [0.4066230216336994, 0.34400534638625935, 0.10749639119446003, 0.14187524078558122], [0.16282076541417667, 0.33764239767507215, 0.14999658566062252, 0.3495402512501287], [0.3473540856523587, 0.16191544714630127, 0.27237130740090143, 0.21835915980043863], [0.24029076257051532, 0.1488185709020188, 0.2874210257592125, 0.32346964076825335], [0.132332223017284, 0.5564079446414988, 0.1397316109330104, 0.171528221408207], [0.40877935470229176, 0.15914330642059946, 0.21487976643059456, 0.2171975724465141], [0.4158661559463109, 0.17361859038829608, 0.14895234305931632, 0.2615629106060767], [0.2844615379878424, 0.33483610250360646, 0.15468520440741246, 0.22601715510113865], [0.3579163489585545, 0.2566986028318861, 0.11637508962647869, 0.2690099585830809], [0.23978037364866248, 0.2747556706644372, 0.23959801160939725, 0.24586594407750312], [0.31462013443232206, 0.34379615593743834, 0.13708043048374816, 0.20450327914649144]]}, "rewritten": {"ids": ["97107681", "97107950", "97108520", "97109080", "97110950", "97111790", "97112170", "97112830", "97116500", "98106111", "98106680", "98108150", "98109230", "98110230", "98111670", "98116500", "98121790", "99107950", "99108010", "99108310", "99109860", "99110730", "99111440", "99111930", "99112300", "99114890", "100108580", "100109000", "100109910", "100109980", "100113210", "100117420", "101109120", "101109370", "102110750", "102112170", "102112301", "102113210", "102121440", "103109021", "103110050", "103111110", "103111540", "103111620", "103120340", "104111990", "104113380", "104114320", "104116441", "104116800", "104116980", "105110251", "105112100", "105113260", "105115250", "105115900", "105117200", "105117431", "105119950", "105121370", "106111321", "106113170", "106113830", "106114011", "106114150", "106115250", "106116850", "106119260", "107112850", "107113170", "107113360", "107114280", "107114780", "107115140", "107115250", "107116300", "107116980", "107118120", "107119130", "107120130", "107120260", "107120880", "108113480", "108117451", "108118291", "108118301", "108118520", "108118630", "109113881", "109114720", "109117110", "109118161", "109118820", "109120150", "109120540", "109120560", "109121351", "110115120", "110116441", "110117110", "110117140", "110117200", "110118301", "110118630", "110118701", "110119891", "110121140", "111116010", "111119610", "111119930", "111119950", "111120190", "111120260", "111120280", "112116401", "112116540", "112116900", "112117780", "112117790", "112118161", "112118471", "112118620", "112118820", "112118860", "112118880", "112119320", "112119610", "112120670", "112121030", "113117340", "113118490", "113118620", "113118820", "113119480", "113119950", "113120601", "113120751", "113120780", "113121220", "113122120", "113122320", "113122650"], "labels": [3, 2, 2, 2, 3, 2, 0, 2, 2, 0, 1, 0, 1, 3, 1, 2, 2, 1, 2, 2, 2, 3, 3, 1, 0, 2, 0, 1, 2, 1, 0, 2, 1, 1, 1, 3, 1, 3, 2, 0, 3, 3, 1, 0, 1, 2, 1, 2, 1, 1, 1, 0, 1, 3, 2, 3, 3, 1, 3, 2, 0, 0, 1, 1, 1, 2, 3, 1, 1, 0, 0, 3, 2, 0, 2, 0, 3, 3, 1, 2, 1, 1, 0, 2, 3, 1, 0, 1, 0, 0, 1, 0, 3, 2, 1, 1, 0, 0, 3, 0, 3, 3, 1, 1, 3, 3, 3, 1, 2, 1, 0, 3, 3, 0, 0, 1, 3, 0, 3, 0, 1, 3, 0, 3, 1, 1, 0, 2, 0, 2, 1, 3, 0, 3, 0, 2, 1, 0, 3, 1, 1, 2], "predicted_labels": [0, 1, 3, 1, 3, 3, 3, 0, 3, 3, 3, 0, 1, 1, 0, 0, 3, 1, 0, 1, 3, 1, 3, 1, 1, 0, 0, 3, 2, 0, 3, 3, 3, 3, 0, 3, 3, 0, 0, 3, 3, 1, 1, 0, 1, 1, 1, 3, 3, 3, 3, 3, 1, 3, 0, 3, 3, 1, 0, 1, 3, 1, 0, 0, 2, 2, 3, 3, 1, 1, 1, 1, 3, 3, 1, 3, 1, 3, 1, 1, 0, 3, 3, 1, 3, 3, 1, 3, 1, 3, 3, 2, 3, 0, 3, 3, 1, 1, 3, 2, 1, 3, 1, 3, 1, 3, 1, 2, 3, 0, 3, 1, 3, 0, 3, 0, 1, 0, 2, 3, 1, 3, 3, 2, 2, 3, 3, 3, 3, 3, 3, 0, 3, 1, 3, 1, 3, 3, 3, 0, 0, 1], "confidence_scores": [[0.4525292374555368, 0.13302236591239697, 0.19348185481033117, 0.22096654182173492], [0.10121824017966542, 0.38107627323499166, 0.1540603032953826, 0.36364518328996026], [0.2828986892594518, 0.18791575215112796, 0.1411724935066336, 0.38801306508278666], [0.11071575220781603, 0.639823470799484, 0.13073183074397662, 0.11872894624872335], [0.12460167904746088, 0.2160905048337118, 0.18198741709678712, 0.4773203990220402], [0.20063955188440363, 0.29520437836430113, 0.13103976380091362, 0.3731163059503817], [0.09710554447260987, 0.16739616595692727, 0.15967955803107592, 0.5758187315393869], [0.2857036389985113, 0.2144362666446024, 0.2625449614555012, 0.23731513290138512], [0.16404478592282878, 0.26929872673919747, 0.13405565830088625, 0.43260082903708735], [0.08352444383912107, 0.17618193643481217, 0.1020548726972374, 0.6382387470288293], [0.2408246947775182, 0.16887405566881894, 0.09639683038181583, 0.49390441917184713], [0.3836276333812032, 0.16279920433487743, 0.30243768436016205, 0.15113547792375756], [0.1467991484400159, 0.4725050257322868, 0.15147181736367785, 0.22922400846401939], [0.2671461726049147, 0.4029507304796842, 0.1495837316548619, 0.180319365260539], [0.3600302078382059, 0.3137574717579531, 0.1602088123957151, 0.166003508008126], [0.5559650797928329, 0.20994242115206968, 0.12805113632004497, 0.10604136273505263], [0.19301506427078274, 0.15822233238700287, 0.152652933440351, 0.4961096699018634], [0.04161643830823194, 0.37278919629539947, 0.33179427622503804, 0.2538000891713307], [0.344405157884314, 0.2721661294654118, 0.1229587464520694, 0.26046996619820484], [0.21675722937050235, 0.42689301806324526, 0.0735839977434342, 0.28276575482281807], [0.1539424732181355, 0.2775650939985142, 0.14100418018498356, 0.42748825259836665], [0.14655407081207314, 0.5350563125872161, 0.08326250770761033, 0.2351271088931005], [0.16748971145350355, 0.1928333839173446, 0.20721589962409773, 0.4324610050050541], [0.18229571075868303, 0.4035433533800989, 0.15417748296282727, 0.25998345289839087], [0.16634257768029284, 0.42953947377159885, 0.2499062649992143, 0.15421168354889406], [0.33891777122977307, 0.18783770485077764, 0.28128116770456474, 0.1919633562148844], [0.3617362793992777, 0.2669479553290743, 0.1571356750113254, 0.21418009026032278], [0.2271185805533625, 0.17566941623989624, 0.22232131215805223, 0.3748906910486891], [0.2450974210093249, 0.12699184961589574, 0.3376825541106324, 0.290228175264147], [0.3623260844056374, 0.11921416163068345, 0.29664292680302995, 0.2218168271606494], [0.1745239041253765, 0.28892710733803384, 0.06044274199838173, 0.4761062465382079], [0.14894118230964107, 0.11760149062294299, 0.16514924449856466, 0.5683080825688512], [0.25728434832021085, 0.19847977524588453, 0.08953692916327376, 0.4546989472706308], [0.07985712030578426, 0.10627677644542903, 0.09907321518880714, 0.7147928880599796], [0.3075227519012715, 0.211107373256209, 0.24117947652965327, 0.24019039831286637], [0.1654047483592048, 0.13897109613430841, 0.2059453940505943, 0.48967876145589256], [0.16611364632678352, 0.20849275567594422, 0.085576707888833, 0.5398168901084391], [0.3462303176043231, 0.22393728923892875, 0.15551890371295962, 0.2743134894437885], [0.3479075045643823, 0.20862683718662206, 0.1164319541152728, 0.32703370413372274], [0.1636164032778214, 0.13577201351915383, 0.08709731703629396, 0.6135142661667309], [0.19142499962893963, 0.2421882503820311, 0.19712340792015431, 0.36926334206887484], [0.22999960951283432, 0.4078255718654619, 0.2111261443064335, 0.15104867431527022], [0.23410891605734388, 0.38667079484731576, 0.11098644245764859, 0.26823384663769173], [0.4122717410233437, 0.14969284523598347, 0.16042974606471808, 0.27760566767595474], [0.2616309130287212, 0.31199685498074764, 0.1357630572803429, 0.29060917471018827], [0.22061112557435864, 0.4982592259257925, 0.08268562029176575, 0.19844402820808327], [0.13955236792131698, 0.3449488209384836, 0.2712574519155808, 0.24424135922461868], [0.17772748143474124, 0.2526652669079545, 0.21546523807431292, 0.35414201358299136], [0.24896088902341906, 0.15185121657400616, 0.07234720955445455, 0.5268406848481203], [0.2957936662320065, 0.14740456747484487, 0.20239983775665144, 0.3544019285364973], [0.13628538588296038, 0.3498192606860326, 0.12573738560777756, 0.38815796782322937], [0.1739572415596339, 0.2428009032930537, 0.2323452473791998, 0.35089660776811243], [0.23727139624170454, 0.4222275824419871, 0.11208006638865507, 0.22842095492765335], [0.24441271261970074, 0.1425759168860697, 0.3017534435759429, 0.3112579269182866], [0.31799537966620733, 0.311651850312533, 0.07543909768797046, 0.2949136723332892], [0.1279192755781863, 0.10649302758967347, 0.3097997523539188, 0.45578794447822135], [0.2100731940734255, 0.27135044740564107, 0.24320559818710932, 0.2753707603338241], [0.13812563862350277, 0.43568806388066655, 0.2044850844701369, 0.22170121302569382], [0.6348295034903557, 0.14976942710677554, 0.0597782552487643, 0.1556228141541045], [0.1082605291111134, 0.36503743415503687, 0.2400219260494654, 0.2866801106843845], [0.1498834785352037, 0.16240208574680162, 0.18399304497257038, 0.5037213907454243], [0.31713453831898547, 0.39785360738090003, 0.08579024511366283, 0.19922160918645157], [0.34055507203044105, 0.22527021017761722, 0.2182747050459674, 0.21590001274597417], [0.37275141665266887, 0.269392579058996, 0.11790514791653642, 0.2399508563717986], [0.16272529443324418, 0.35275399686650377, 0.36080450568047234, 0.12371620301977962], [0.12759854318123506, 0.26850366183087654, 0.35484139001625903, 0.24905640497162934], [0.2119544978649591, 0.23601499023262218, 0.18763803332351378, 0.3643924785789051], [0.0983374071753185, 0.15925887104891562, 0.09567965847200857, 0.6467240633037573], [0.12417674867737251, 0.45700249765627843, 0.15746258550652004, 0.26135816815982893], [0.21240796484821398, 0.29697951453613336, 0.24685737919526934, 0.2437551414203833], [0.211604261784247, 0.4347551078129732, 0.08351476095770238, 0.2701258694450774], [0.2731766435410108, 0.30582036796911216, 0.22734428263037373, 0.19365870585950323], [0.06679124314919206, 0.14237370031592025, 0.20198731798865344, 0.5888477385462342], [0.163630423447794, 0.18348572656048354, 0.23501949110487186, 0.41786435888685064], [0.09754320000061469, 0.5003011634202139, 0.18693756084570634, 0.21521807573346502], [0.23766799637788383, 0.12494849653707177, 0.16353288283878903, 0.4738506242462554], [0.19122874785699046, 0.3214624068674418, 0.271789307028024, 0.21551953824754363], [0.2503775183606847, 0.1344087572025892, 0.15024925039607734, 0.46496447404064883], [0.1096643339613012, 0.46148368495334596, 0.2984979344154294, 0.13035404666992348], [0.07443641704843107, 0.6086960611821268, 0.12709797685117466, 0.1897695449182674], [0.4712593616458775, 0.3185142562202106, 0.10055303388517411, 0.10967334824873788], [0.33818829510940474, 0.1285402586859374, 0.05576602270758679, 0.47750542349707115], [0.25817931173130226, 0.18735582644086654, 0.14467285248305345, 0.40979200934477766], [0.2139545603795915, 0.34892534250700274, 0.09081524424321609, 0.3463048528701896], [0.15646206179188177, 0.08709310552563297, 0.03263623540277673, 0.7238085972797086], [0.20488599154711476, 0.1935702504549383, 0.0678314682535063, 0.5337122897444406], [0.18286240620553906, 0.37439312890728077, 0.113467139036973, 0.3292773258502074], [0.10845638742992848, 0.22717286549752683, 0.2466584299209396, 0.4177123171516052], [0.3024957399654536, 0.3193795262420678, 0.2409194054404292, 0.13720532835204952], [0.08997920306958551, 0.25999975421759386, 0.08807744605251544, 0.5619435966603052], [0.23657127340632259, 0.2217477480457828, 0.2128629705626255, 0.32881800798526906], [0.09662261810569792, 0.2329740670902416, 0.35815215439494275, 0.3122511604091178], [0.0728331645459967, 0.17416256531040855, 0.3463516088206451, 0.4066526613229497], [0.35301328992545183, 0.2755854766669253, 0.1935409265153555, 0.1778603068922673], [0.26364084057153886, 0.2928224787056967, 0.0863130758935449, 0.3572236048292195], [0.07677333267635979, 0.2084937041111392, 0.2687232616832128, 0.4460097015292883], [0.1205207578213492, 0.5582694206546648, 0.10471540492301616, 0.21649441660096994], [0.26769000976166374, 0.41830168032486637, 0.1211726988437114, 0.1928356110697586], [0.28339151300122356, 0.2497087422483559, 0.1530053671945816, 0.31389437755583904], [0.1314412428919005, 0.28044483535297915, 0.3649952495442076, 0.22311867221091283], [0.09155687005804666, 0.5014591195606356, 0.1440767579831115, 0.26290725239820634], [0.19897559677978421, 0.21016586300216183, 0.22818433270742142, 0.3626742075106327], [0.166945779224279, 0.41393104806198683, 0.16005786640608585, 0.25906530630764824], [0.3437609621706531, 0.05944273286693456, 0.061368477936274556, 0.5354278270261378], [0.13891956850946618, 0.37304362061246454, 0.24806856632005486, 0.23996824455801447], [0.08581854504552223, 0.374159437026775, 0.1507337820307393, 0.3892882358969633], [0.12310200520319682, 0.3988070135525736, 0.22476222274378121, 0.2533287585004484], [0.11054737975730351, 0.3314646858183492, 0.423552636096695, 0.13443529832765225], [0.29168530169949786, 0.12891336938411427, 0.21313886017934652, 0.3662624687370414], [0.4499973863452773, 0.25301678150321066, 0.1572595052108141, 0.1397263269406981], [0.12482952375014394, 0.3228133089714002, 0.162382116820382, 0.389975050458074], [0.23133488455554577, 0.44922263905077603, 0.14804822143747157, 0.17139425495620653], [0.21243771749459514, 0.3118076577051056, 0.09790129504822388, 0.37785332975207536], [0.3187076567412449, 0.2323686721225098, 0.15828606332679918, 0.2906376078094461], [0.2498967525459058, 0.2708840191041061, 0.14588112057542058, 0.33333810777456746], [0.3363133765296098, 0.32791005109102506, 0.1114261554152841, 0.22435041696408123], [0.1737502609887026, 0.5061216416514808, 0.04477437050107288, 0.27535372685874376], [0.3592651483845049, 0.24038429602027256, 0.1357252425860397, 0.2646253130091828], [0.19789982037894902, 0.10935353307305419, 0.48955304190711935, 0.20319360464087743], [0.1715570575179038, 0.1991475158034708, 0.09525907676149328, 0.5340363499171321], [0.13153228802366665, 0.34870493812867037, 0.1730410966258181, 0.34672167722184477], [0.279947719075613, 0.18248988957320258, 0.1320806108894393, 0.40548178046174527], [0.1612368024216175, 0.2733896959729323, 0.14661635859601915, 0.4187571430094312], [0.22369333844398995, 0.32681212248962827, 0.3518817787189712, 0.09761276034741052], [0.2694378451434786, 0.14681482141101634, 0.383671627282401, 0.20007570616310402], [0.14328567480560941, 0.18453198400979287, 0.2685994630336261, 0.40358287815097166], [0.14558647926635174, 0.2891373344627291, 0.2685095310460589, 0.2967666552248601], [0.15324533593356912, 0.21930205269873687, 0.04883347640034607, 0.5786191349673478], [0.15817934315805982, 0.13001646111802112, 0.18410972854330282, 0.5276944671806162], [0.19021196530945014, 0.2041802694500254, 0.25692996673519175, 0.34867779850533265], [0.14754690308772983, 0.1664195840697826, 0.11291737047498762, 0.5731161423674999], [0.298968755679737, 0.29133798240468084, 0.12928149647850556, 0.2804117654370765], [0.29597930046274534, 0.10371399516032564, 0.17611458671509014, 0.42419211766183884], [0.10653299970181374, 0.5143965867749725, 0.11682301797041499, 0.2622473955527989], [0.08686688214844578, 0.25730347843564, 0.26293548153360796, 0.3928941578823063], [0.1682394845259286, 0.3605480212800694, 0.1955052454560233, 0.27570724873797886], [0.13126798465094353, 0.26215145264541784, 0.1156407615975035, 0.4909398011061353], [0.22026445197221975, 0.26720399896749103, 0.08866680826385515, 0.42386474079643416], [0.18657840509897747, 0.3177934422213258, 0.1273165722951549, 0.36831158038454204], [0.3267519204091445, 0.1936913191452506, 0.21279215497923895, 0.2667646054663658], [0.5601025263403877, 0.1440852945990593, 0.10404720069795353, 0.1917649783625994], [0.10941787939711664, 0.4298742291072543, 0.12356738457266284, 0.33714050692296627]]}}