{"test": {"ids": ["102110690", "107117010", "113122510", "112117210", "113118620", "105110251", "98106560", "109119450", "105115680", "109119591", "98111860", "108114220", "111117000", "113119120", "112121410", "100108580", "103110220", "113120601", "97105760", "111121930", "98116090", "108120280", "102109010", "109113931", "108116120", "109115211", "110114610", "103113260", "107118120", "101121640", "104111531", "113120780", "111119580", "112120990", "113120260", "98106880", "100111080", "109119340", "107120010", "113118820", "112119320", "105116090", "99109780", "104111380", "99107500", "106114880", "108114180", "110114720", "111121351", "111114171", "111119430", "108118630", "99109370", "112119930", "101108080", "104114240", "101112540", "98110680", "111117571", "107115250", "107114621", "112119580", "113120640", "110119891", "101112690", "110116501", "103112470", "107114280", "107114140", "112118820", "105117351", "106113830", "105113440", "98112300", "97109080", "112117780", "113120830", "109121410", "108113700", "112116900", "104111830", "107121700", "103111170", "101110150", "112116810", "111116010", "100108990", "102107961", "113118630", "106117650", "102110240", "97107950", "97116410", "99107560", "108113760", "110118301", "98109570", "106112770", "111121190", "109120150", "105112130", "99109860", "97113260", "102113350", "113120280", "111120280", "106116820", "107113360", "109117150", "103111990", "99108000", "109117730", "110116290", "104113380", "110114950", "98108520", "98109311", "111120260", "106114011", "98117740", "108116481", "106119260", "99105921", "104110960", "109120540", "113119700", "112116401", "99112641", "113120070", "100109311", "104112470", "109117431", "110120531", "102109850", "100110260", "97111790", "110114561", "107121230", "105113170", "100109330", "102110850", "102117351"], "labels": [0, 1, 2, 1, 3, 0, 1, 3, 2, 0, 0, 3, 0, 3, 0, 0, 2, 2, 0, 1, 0, 3, 1, 1, 1, 0, 1, 3, 3, 2, 0, 0, 3, 2, 3, 0, 0, 3, 1, 0, 1, 1, 2, 3, 0, 0, 1, 3, 0, 3, 3, 1, 1, 1, 0, 0, 2, 2, 3, 2, 0, 3, 0, 3, 1, 3, 1, 3, 2, 0, 0, 1, 0, 2, 2, 0, 3, 0, 0, 3, 3, 3, 2, 1, 3, 1, 2, 3, 3, 1, 3, 2, 3, 1, 1, 1, 1, 1, 1, 2, 1, 2, 1, 3, 0, 0, 1, 0, 2, 2, 2, 3, 2, 1, 0, 2, 1, 3, 1, 2, 0, 1, 1, 2, 1, 0, 0, 1, 2, 1, 1, 1, 0, 1, 3, 2, 0, 0, 0, 0, 3, 1], "predicted_labels": [3, 1, 2, 1, 1, 1, 2, 3, 1, 1, 2, 0, 3, 1, 2, 3, 1, 2, 0, 2, 3, 3, 0, 3, 0, 3, 2, 3, 3, 3, 3, 1, 1, 2, 3, 1, 2, 3, 3, 0, 1, 1, 2, 2, 1, 1, 1, 2, 0, 3, 1, 3, 1, 3, 0, 0, 1, 1, 3, 3, 3, 0, 0, 1, 0, 3, 3, 1, 1, 0, 1, 0, 1, 0, 1, 3, 3, 3, 3, 1, 1, 1, 0, 1, 2, 2, 1, 3, 1, 0, 0, 2, 3, 1, 3, 3, 0, 1, 0, 2, 1, 1, 3, 1, 0, 3, 0, 0, 1, 3, 1, 0, 0, 3, 3, 2, 1, 3, 1, 1, 3, 3, 1, 2, 1, 1, 3, 3, 3, 0, 3, 0, 0, 2, 0, 2, 3, 3, 3, 0, 1, 1], "confidence_scores": [[0.0656060902353241, 0.0009717950624014883, 0.003648302990282539, 0.9297738117119919], [0.13909173277569575, 0.46344723820866196, 0.04111457439395251, 0.35634645462168973], [0.00018241379398388111, 0.18758157549680435, 0.5876670525612744, 0.22456895814793734], [0.0005052629165021742, 0.8826971264008571, 0.00803385542066648, 0.10876375526197442], [0.00018034103767366588, 0.997559881472891, 0.00017479174914102565, 0.00208498574029437], [0.13468128571810567, 0.8372466229866605, 0.022688513974946246, 0.005383577320287419], [0.00016712182679703825, 0.0019531209986132184, 0.9358056189888219, 0.06207413818576764], [0.020841521981952858, 0.04594266725469429, 0.11658989699636918, 0.8166259137669837], [0.0018513663168326208, 0.9207125755412979, 0.039629075684289715, 0.03780698245757966], [0.19100730906789481, 0.4189624327415695, 0.170755987700325, 0.21927427049021075], [1.4651588000443858e-05, 0.00015713770657087425, 0.9987759165496597, 0.0010522941557689924], [0.7396681453375185, 0.055969787328433725, 0.0009583412665524306, 0.20340372606749524], [0.08029750307237873, 0.2636752511953832, 0.00693454235960148, 0.6490927033726366], [0.15953283459679127, 0.752953220919328, 0.004057238476033755, 0.08345670600784706], [0.06543174833700623, 0.04391008723668173, 0.5710603271346418, 0.31959783729167024], [0.16130610494389178, 0.012389132680883437, 0.10282770683392192, 0.7234770555413029], [0.00010454343860931424, 0.9476494601931934, 0.05111924470663536, 0.0011267516615618954], [0.0004497956474670296, 0.3146299934171905, 0.6398872726561311, 0.04503293827921142], [0.8121116866897599, 0.02793406952819327, 0.005589003745774721, 0.15436524003627206], [0.0032126347887736673, 0.0017149803157361582, 0.9641161049271028, 0.03095627996838741], [7.96868843229438e-05, 0.0013094989998133234, 0.0014629825499103972, 0.9971478315659533], [0.00033821339228130024, 0.00023986457941385617, 0.0009460399262965631, 0.9984758821020083], [0.4270736585985527, 0.2822361861250266, 0.2551841500456545, 0.03550600523076635], [0.002405255559454018, 0.02174213143839703, 0.036914403528935026, 0.938938209473214], [0.6326392258741887, 0.024449214490023633, 0.1367688256627109, 0.20614273397307661], [0.00023192732324106176, 0.0005067318193840367, 0.0010384880725949981, 0.9982228527847798], [0.05968006424369514, 0.060411958624332525, 0.8777301917623245, 0.0021777853696477827], [0.00044144437136773765, 0.10789230424073566, 0.0001156365499543249, 0.8915506148379423], [0.09390804433180384, 0.04575584744774812, 8.181357073363278e-05, 0.8602542946497144], [5.519030898052937e-05, 0.11177634294555137, 0.0010161105798468547, 0.8871523561656213], [0.0064015137563758606, 0.032715012460847966, 0.023019269819117703, 0.9378642039636585], [0.064317605306132, 0.6558859112838922, 0.012380658218927077, 0.2674158251910488], [0.31006685096522274, 0.4127219084813674, 0.07684694920392948, 0.20036429134948036], [0.01842744062284882, 0.2252376477478606, 0.7562490104673573, 8.590116193323897e-05], [0.3346970573294577, 0.008755209431562527, 0.127275926223163, 0.5292718070158168], [0.16156436241916186, 0.566768967636409, 0.23814899455383137, 0.03351767539059768], [0.04326653273615032, 0.3028093760577282, 0.5604434175370324, 0.09348067366908905], [0.0018517352403697705, 0.004401615445712289, 0.0019178990392246557, 0.9918287502746933], [0.0002297029956023661, 5.6422194687004754e-05, 0.004321417621548379, 0.9953924571881624], [0.7668915735756143, 0.20127199580526003, 0.0009507427173333754, 0.03088568790179223], [0.00017826471271410027, 0.7177207421548355, 0.10137713818988867, 0.1807238549425616], [0.011246106788063948, 0.9553512098649498, 0.0001394935254813138, 0.03326318982150491], [0.025363686294733578, 0.003950520551210003, 0.9661971014881622, 0.00448869166589424], [0.3742090541391315, 0.1106285497821313, 0.49834431916866073, 0.016818076910076474], [0.0017321289604045563, 0.9780268044451531, 0.005909740193477347, 0.014331326400964859], [6.492629524720964e-05, 0.9118135471373591, 0.08640299346278685, 0.0017185331046067295], [0.28881771529300654, 0.4626949329457939, 0.012399433396022556, 0.236087918365177], [0.04441208821026111, 0.21637029236610394, 0.6893897895287175, 0.04982782989491754], [0.6741590158848009, 0.31036841415668837, 0.008230089982423743, 0.007242479976087076], [0.03419199301691255, 0.033860567186273956, 0.023632800889299335, 0.9083146389075141], [0.016444517515825513, 0.5835224584229697, 0.02801510195571059, 0.37201792210549417], [0.0001325169878753869, 0.00019944314410180546, 0.1024790162776719, 0.8971890235903508], [3.31034185831718e-05, 0.994441280596848, 0.00038982342512980075, 0.005135792559439182], [0.01213942395218601, 0.09398875314401423, 0.3666135180339547, 0.527258304869845], [0.6397435610261233, 0.05561405627662659, 0.0025496393126264666, 0.30209274338462366], [0.8989731093212684, 0.01590191430485904, 0.0030169644892036294, 0.08210801188466903], [0.0008171759150487774, 0.9003600193725434, 0.03941272419649485, 0.059410080515912934], [0.17775602637488966, 0.5100257614360104, 0.30483236519951656, 0.007385846989583172], [0.024908621227550165, 0.4271219724246862, 0.014408696017744934, 0.5335607103300187], [0.040251925929711184, 0.40002264449119634, 0.013434771446379551, 0.5462906581327129], [0.21933911732705383, 0.0007586851679148854, 2.0359657107283675e-05, 0.7798818378479241], [0.803317820560793, 0.009528569492619035, 0.0012923824255637868, 0.18586122752102407], [0.4334935852479786, 0.4135037762772401, 0.002447002281394195, 0.1505556361933872], [0.023888919260426876, 0.9760073887277169, 6.245749682709904e-05, 4.1234515029087864e-05], [0.5727106506969719, 0.020936199229353775, 0.004577151385971371, 0.40177599868770286], [0.08638763042537159, 0.1715752968851872, 0.006141000137107849, 0.7358960725523334], [0.06900396486739326, 0.15130786331459223, 0.22076490729652792, 0.5589232645214867], [0.002571900784914162, 0.9186457339571228, 0.06334878307570212, 0.015433582182260944], [0.1406801027598411, 0.5329394692659112, 0.22789709126096128, 0.09848333671328646], [0.8294267310461608, 0.043343811609185025, 0.0035913446360643407, 0.12363811270858996], [0.08462676022508205, 0.8111549869711887, 0.009679397849551795, 0.09453885495417742], [0.823861391722594, 0.04137186915107341, 0.001632137387441754, 0.13313460173889086], [0.00839137295162245, 0.784626777567157, 0.20334287435941262, 0.0036389751218079947], [0.6806687711901573, 0.004498142553093555, 0.09422380533887605, 0.220609280917873], [0.01995137378176394, 0.9201371036742764, 0.028905771873350337, 0.03100575067060938], [0.0595691531058471, 0.002680308184256794, 0.0001039963616323395, 0.9376465423482637], [0.18815548670235122, 0.017470947951240497, 0.3601727792434385, 0.4342007861029699], [0.0004940691723220334, 0.10070469358261136, 0.00025098144083697706, 0.8985502558042296], [0.05350260129841103, 0.16420663765732796, 0.07189275594230651, 0.7103980051019546], [0.15899863452101168, 0.3952505350085882, 0.0578180038914538, 0.38793282657894623], [0.0007520915402519408, 0.6129257262266238, 0.0073425762090266475, 0.3789796060240976], [0.053848079826345395, 0.8849814854868026, 0.01157736565247361, 0.049593069034378545], [0.7171876987449487, 0.05176109925140709, 0.03946264126143525, 0.19158856074220915], [0.03324807407293329, 0.9581185952454322, 0.0027430934277084713, 0.00589023725392607], [0.227306237698024, 0.014037331558940444, 0.7539760233641346, 0.004680407378900921], [0.006754702308211891, 0.45335121406384543, 0.4832069570611895, 0.05668712656675323], [0.3772668055399561, 0.4846221777050512, 0.12815111921445776, 0.009959897540534734], [0.11016359728720182, 0.009593983576738333, 0.012437491651950247, 0.8678049274841096], [0.0009352294183785807, 0.7962479593868395, 0.18499766097946313, 0.01781915021531893], [0.6673869260157557, 0.03172236506872869, 0.2937460850419667, 0.007144623873549134], [0.9558404154216972, 0.032210883014188035, 0.0005512995101739407, 0.011397402053940749], [0.0003151317248465401, 0.007213047361673469, 0.7968526378449067, 0.1956191830685733], [0.22823177047386958, 0.005078153379985186, 0.03290188221068447, 0.7337881939354608], [3.215714084611239e-05, 0.9935353733337594, 0.0014721877380554193, 0.00496028178733903], [0.19983933892128175, 0.04475789710638887, 0.27437407615559456, 0.48102868781673497], [0.0013711834708577406, 0.07253518845895018, 0.0001455110846210133, 0.925948116985571], [0.9920356868065903, 0.0010291366473719396, 0.0006632891010853466, 0.006271887444952354], [0.02404857465398368, 0.8153695299983269, 0.12558808003364436, 0.03499381531404522], [0.9846562701078503, 0.00295459077055951, 0.0010690945754718141, 0.011320044546118317], [0.034945709758635916, 0.03770400892856711, 0.9151391076576327, 0.0122111736551642], [0.002610750046794071, 0.8008945539469697, 0.18117039872122867, 0.015324297285007652], [0.0003778681466985666, 0.8169249944286444, 0.12465676604311182, 0.058040371381545185], [0.00035477544510333683, 0.03749196399131822, 0.03718645184487477, 0.9249668087187036], [0.08159098713092057, 0.4378530553555775, 0.13747519089898536, 0.34308076661451664], [0.6632504993744065, 0.00011715214234626984, 0.00010643768044839865, 0.33652591080279887], [0.4055851340598621, 0.11536093225590938, 0.004928426786829884, 0.4741255068973986], [0.9852020230199754, 0.000471434810488458, 0.009426730830849531, 0.004899811338686629], [0.9327145433205765, 0.06166146212329763, 0.0026557435171844063, 0.0029682510389415044], [0.0006121531478893045, 0.9963787406747721, 0.002081697704801635, 0.0009274084725371378], [0.016062345069219178, 0.3607172355425904, 0.2469040739230103, 0.37631634546518017], [0.005450900415045563, 0.8755593770759053, 0.11021299944691568, 0.008776723062133427], [0.43724139095943443, 0.27801622016596184, 0.2784237167754352, 0.006318672099168549], [0.7278538880420732, 0.003768565261728065, 0.24465783610259131, 0.02371971059360739], [0.037633170497061226, 0.005794521341509778, 0.010627641726599052, 0.9459446664348299], [0.34452488727884484, 0.01397972436615376, 0.0021141265501913873, 0.63938126180481], [0.029037538368347233, 0.3075258164329992, 0.6255482418484772, 0.037888403350176264], [0.015744498827604626, 0.721824414200118, 0.03155603073073772, 0.23087505624153962], [0.48926712028524955, 0.004967169656367586, 0.0006982090986824054, 0.5050675009597004], [0.02940851068780575, 0.939650332316145, 0.01759296939673794, 0.013348187599311117], [0.05595721088096225, 0.891380025900173, 0.03346411447006171, 0.019198648748803202], [0.02417874993536979, 0.07895023113436726, 2.176524445752895e-05, 0.8968492536858055], [0.0006075768216425814, 9.953319513419213e-05, 0.032917431680053455, 0.9663754583031697], [0.15292552030780202, 0.7711538320749213, 0.014810433818213512, 0.061110213799063194], [0.02543971653693048, 0.13208898887510495, 0.44796637482998986, 0.39450491975797464], [0.0013287743969896764, 0.8380884221151814, 0.05983453753085788, 0.10074826595697119], [0.24026536891003428, 0.38827501997092756, 0.08541178937634318, 0.2860478217426951], [0.1356576586485252, 0.0006937747387060215, 8.210741092629353e-06, 0.8636403558716761], [0.3171810060572759, 0.19597707715835241, 0.03456464762432665, 0.45227726916004507], [0.00423489811416178, 0.3698456428464349, 0.09313045318741826, 0.5327890058519851], [0.5859568099356486, 0.028155696356108505, 0.0033600953210917743, 0.3825273983871512], [0.039402556068421635, 0.36075031228012316, 0.04213538626275083, 0.5577117453887043], [0.9949068728769479, 3.994865572720725e-05, 0.00011126925800144078, 0.004941909209323314], [0.8281460603596631, 0.11312531658599302, 0.0032544424507432055, 0.055474180603600674], [0.014860206021730594, 0.004202391347850827, 0.8638008338676656, 0.1171365687627531], [0.638923905764437, 0.0006492440117763391, 0.00011930652488761526, 0.36030754369889917], [0.020480940718766265, 0.3698862828791034, 0.48588237823458047, 0.12375039816754992], [0.26203213875867865, 0.26457880632273345, 0.037192810041049115, 0.4361962448775387], [0.03240492795020116, 0.0008558342790391542, 0.0034466881472765653, 0.9632925496234832], [0.04897629909715306, 0.021435219918831776, 0.01244632056592943, 0.9171421604180858], [0.5571390415856723, 0.2224409235306898, 0.007538892790659094, 0.21288114209297868], [0.00018647554381603042, 0.9697597502359067, 0.0011568946366016103, 0.02889687958367585], [0.12986379797599515, 0.7464676948464245, 0.00240267697369677, 0.12126583020388365]]}, "rewritten": {"ids": ["97105760", "97107950", "97109080", "97111790", "97113260", "97116410", "98106560", "98106880", "98108520", "98109311", "98109570", "98110680", "98111860", "98112300", "98116090", "98117740", "99105921", "99107500", "99107560", "99108000", "99109370", "99109780", "99109860", "99112641", "100108580", "100108990", "100109311", "100109330", "100110260", "100111080", "101108080", "101110150", "101112540", "101112690", "101121640", "102107961", "102109010", "102109850", "102110240", "102110690", "102110850", "102113350", "102117351", "103110220", "103111170", "103111990", "103112470", "103113260", "104110960", "104111380", "104111531", "104111830", "104112470", "104113380", "104114240", "105110251", "105112130", "105113170", "105113440", "105115680", "105116090", "105117351", "106112770", "106113830", "106114011", "106114880", "106116820", "106117650", "106119260", "107113360", "107114140", "107114280", "107114621", "107115250", "107117010", "107118120", "107120010", "107121230", "107121700", "108113700", "108113760", "108114180", "108114220", "108116120", "108116481", "108118630", "108120280", "109113931", "109115211", "109117150", "109117431", "109117730", "109119340", "109119450", "109119591", "109120150", "109120540", "109121410", "110114561", "110114610", "110114720", "110114950", "110116290", "110116501", "110118301", "110119891", "110120531", "111114171", "111116010", "111117000", "111117571", "111119430", "111119580", "111120260", "111120280", "111121190", "111121351", "111121930", "112116401", "112116810", "112116900", "112117210", "112117780", "112118820", "112119320", "112119580", "112119930", "112120990", "112121410", "113118620", "113118630", "113118820", "113119120", "113119700", "113120070", "113120260", "113120280", "113120601", "113120640", "113120780", "113120830", "113122510"], "labels": [0, 2, 2, 2, 1, 3, 1, 0, 2, 1, 1, 2, 0, 2, 0, 2, 1, 0, 1, 2, 1, 2, 2, 1, 0, 2, 1, 0, 3, 0, 0, 1, 2, 1, 2, 3, 1, 1, 3, 0, 3, 3, 1, 2, 2, 2, 1, 3, 2, 3, 0, 3, 1, 1, 0, 0, 1, 0, 0, 2, 1, 0, 1, 1, 1, 0, 1, 1, 1, 0, 2, 3, 0, 2, 1, 3, 1, 0, 3, 0, 1, 1, 3, 1, 0, 1, 3, 1, 0, 2, 1, 3, 3, 3, 0, 2, 1, 0, 0, 1, 3, 0, 2, 3, 1, 3, 0, 3, 1, 0, 3, 3, 3, 3, 0, 1, 0, 1, 0, 3, 3, 1, 0, 0, 1, 3, 1, 2, 0, 3, 3, 0, 3, 0, 2, 3, 0, 2, 0, 0, 3, 2], "predicted_labels": [1, 1, 1, 2, 3, 0, 3, 0, 2, 1, 0, 0, 2, 0, 3, 1, 3, 1, 1, 2, 1, 2, 1, 1, 3, 1, 0, 1, 0, 1, 0, 0, 1, 0, 3, 3, 0, 2, 0, 0, 1, 1, 0, 1, 1, 3, 3, 3, 3, 0, 3, 1, 3, 3, 0, 0, 2, 0, 0, 1, 3, 1, 1, 0, 1, 1, 0, 0, 3, 0, 1, 1, 3, 3, 1, 1, 3, 0, 1, 3, 3, 1, 3, 1, 3, 3, 3, 1, 3, 2, 0, 0, 3, 3, 0, 2, 1, 3, 0, 2, 3, 3, 0, 0, 3, 1, 0, 3, 1, 3, 2, 1, 0, 1, 3, 0, 1, 1, 3, 2, 1, 1, 3, 1, 2, 0, 2, 1, 1, 3, 1, 0, 1, 1, 3, 2, 3, 1, 3, 3, 2, 2], "confidence_scores": [[0.031508148190394505, 0.6692814866094405, 0.006277014302615267, 0.29293335089754974], [0.00016509395522688595, 0.46378829809742944, 0.26783386903439954, 0.26821273891294395], [0.003289231416206092, 0.968079891050349, 0.026212512596501907, 0.002418364936943075], [0.0229332588670598, 0.271745111926105, 0.4234000711513211, 0.2819215580555141], [0.0006124514053379608, 0.06093334450931045, 0.004830859277397721, 0.9336233448079537], [0.8171703133667929, 0.007704790563189541, 0.03806801271111186, 0.13705688335890578], [0.0006989359733042459, 0.001982768120206308, 0.29226067726121613, 0.7050576186452733], [0.8770778618436901, 0.0631556124877206, 0.051765460186948345, 0.00800106548164086], [0.0007742227007356005, 0.015804142429211358, 0.9823226032404465, 0.0010990316296064836], [0.06211621679044165, 0.3954225134337892, 0.16157784678662132, 0.38088342298914785], [0.4416652438186689, 0.17329497806761038, 0.23468724520425588, 0.15035253290946485], [0.6211803068649815, 0.3416463951157856, 0.03201471474832405, 0.00515858327090897], [0.0014368554525208326, 0.0012326190892060565, 0.9734010804082694, 0.023929445050003637], [0.7234695961835041, 0.0006628710320389251, 0.03260324019872348, 0.24326429258573348], [0.0001477846267673355, 0.002377259896348828, 0.0005520299804869402, 0.9969229254963968], [0.0048837215117193, 0.7870595027452097, 0.1990963781978226, 0.008960397545248482], [0.0008555763297360278, 0.24209180840926237, 0.003088846668774765, 0.7539637685922269], [0.008166428717122382, 0.7550234560110096, 0.016252356369429864, 0.22055775890243806], [0.0005530414974249737, 0.9585409158670187, 0.014085379046354412, 0.026820663589201998], [0.08945710717815457, 0.23539912595550389, 0.6149246213894174, 0.06021914547692427], [1.854510144536151e-05, 0.9945312112199002, 0.00019176449936281103, 0.005258479179291797], [0.047153060730433544, 0.05413986208178527, 0.8984530570212144, 0.0002540201665668102], [1.601465407823899e-05, 0.8100837475888379, 0.07675094709004093, 0.11314929066704306], [0.013803752279055675, 0.9686129181954996, 0.0029542025010157393, 0.014629127024429183], [0.11837000555087074, 0.17906054395146762, 0.028683969733625216, 0.6738854807640365], [0.17682495423278824, 0.8018998531008024, 0.011575956269665469, 0.009699236396743983], [0.7226542589171566, 8.402826255330553e-05, 0.001395911367738418, 0.2758658014525516], [0.07594107304044201, 0.9190593661484069, 0.0017943565641049613, 0.003205204247046119], [0.9498384002886501, 0.0019713883241532517, 0.0011264218850452886, 0.04706378950215136], [0.01152119767071872, 0.47011142244451576, 0.17128638956521694, 0.3470809903195487], [0.7185770431379143, 0.24917702949272447, 0.00041172889927508586, 0.03183419847008624], [0.5445942631464573, 0.44163161771526477, 0.000677320903962557, 0.01309679823431537], [0.008804367777871809, 0.5764036849120406, 0.15365043338349182, 0.2611415139265958], [0.8406222866222575, 0.038106741879921656, 0.07308878109243018, 0.04818219040539064], [0.00010712185615742778, 0.07190776206367551, 0.0007411242981954624, 0.9272439917819716], [0.017216061559126614, 0.017742485004034293, 0.32379410013076054, 0.6412473533060785], [0.8819203700994628, 0.06875831609314843, 0.014994424516245245, 0.034326889291143615], [0.0784291899567659, 0.03116341611479369, 0.8631363278367062, 0.027271066091734044], [0.9945651275400152, 0.003928613476975443, 8.907862466129642e-05, 0.0014171803583478916], [0.5517721362398896, 6.102038988090443e-05, 0.0021470942413710425, 0.4460197491288585], [0.022147767826496786, 0.8276878850779182, 0.025381108912137598, 0.12478323818344741], [0.11388738014635742, 0.48559853964885985, 0.027604757567982214, 0.37290932263680043], [0.767408497609808, 0.16799045516642278, 0.0026384489930567656, 0.0619625982307124], [0.003566213203862132, 0.9652238656971622, 0.019281881652984154, 0.011928039445991582], [0.04134166474673381, 0.8785310367789945, 0.012844677197532182, 0.06728262127673944], [6.224396961855517e-05, 0.004444215979796236, 0.010279968441414067, 0.9852135716091712], [0.1165428865722244, 0.015665039132406744, 0.3871582204052165, 0.48063385389015234], [0.00121640532130157, 0.18940111358278386, 9.146023687647939e-05, 0.809291020859038], [8.969948928167312e-05, 0.0036229340543097125, 0.11647701134820344, 0.8798103551082053], [0.5506909257458574, 0.14853004820177065, 0.24912891805460521, 0.05165010799776671], [0.009368230984508421, 0.033288893885088454, 0.11706763093348778, 0.8402752441969155], [0.0034906929988958524, 0.98789199699005, 0.001994825169626098, 0.006622484841428185], [0.06521632788234391, 0.3497779120843407, 0.03559742731656474, 0.5494083327167506], [0.11891671698658023, 0.005934714743321612, 0.005277005373956541, 0.8698715628961416], [0.9739181775608869, 0.022134532235246956, 0.0027099300443490224, 0.0012373601595172677], [0.7944170057896892, 0.17377427085075883, 0.027682985617406928, 0.004125737742145089], [0.0029516546479255337, 0.08371169109271308, 0.9027637769155348, 0.010572877343826552], [0.5688996771336126, 0.01275206016064426, 0.02515575032111311, 0.39319251238463004], [0.4955128864140558, 0.13245914189151833, 0.3334287383630826, 0.03859923333134344], [0.0002804581370201675, 0.9709592080715326, 0.002362599419519398, 0.0263977343719279], [0.2606672294452434, 0.3016198403027614, 0.0005296425484191054, 0.43718328770357606], [0.08910771156968478, 0.7287730498535454, 0.011841240984727167, 0.17027799759204265], [0.0035731306588049076, 0.9597270888584747, 0.02436284162680642, 0.012336938855914139], [0.6997549265678686, 0.07620853715070333, 0.00504540721521277, 0.21899112906621504], [0.005815712263112928, 0.990106247677615, 0.0012434622982078597, 0.0028345777610641765], [0.002184950248595251, 0.653074004405376, 0.3444164584969453, 0.00032458684908340723], [0.9847923029328557, 0.001167110152264423, 0.0024306052964868496, 0.011609981618392827], [0.7942386301506352, 0.020507463181393338, 0.177392393029151, 0.007861513638820353], [0.0027788884279194292, 0.00013798395738011268, 0.030569805394481876, 0.9665133222202187], [0.7287168913908656, 0.2608463921222393, 0.0006162871227850761, 0.009820429364110223], [0.012027309586389085, 0.9190978704194467, 0.06632068971752164, 0.0025541302766425474], [0.0004516265069025649, 0.9816249155349336, 0.01450865578738272, 0.003414802170781199], [0.002063635150514689, 3.4972710536536234e-05, 1.4620528408867276e-05, 0.9978867716105398], [0.023465705902417373, 0.06502060933052185, 0.0037774706710852397, 0.9077362140959756], [0.17679573920072755, 0.7003529461511384, 0.03107800492887526, 0.09177330971925858], [0.36653091952617156, 0.5266461529322041, 0.0005211891249285995, 0.10630173841669575], [9.839258259797895e-05, 0.0012818560244318973, 0.0010494854358867364, 0.9975702659570833], [0.9193403774564874, 0.0003253951490578836, 0.00259234421113512, 0.07774188318331965], [0.08240697931262175, 0.7139208420644276, 0.08979844546452681, 0.11387373315842385], [0.0005030122535331972, 0.002125686166190416, 0.094408096975595, 0.9029632046046813], [0.3500010523647275, 0.01945744954788878, 0.04785602082240025, 0.5826854772649835], [0.0011572083310852923, 0.9852331655940383, 0.00024084634804934351, 0.013368779726827172], [0.3101682295498112, 0.02140486028223532, 0.0008755986761974036, 0.6675513114917562], [0.05858634139826486, 0.6826217673244066, 0.006002712080979807, 0.2527891791963487], [0.032414976093647484, 0.05675922885613186, 0.00011840656609663177, 0.9107073884841239], [0.006434808778866367, 0.0011992947753132906, 0.048943902916017835, 0.9434219935298026], [0.0008085843300914054, 0.0004930038757338513, 0.0011711232840879435, 0.9975272885100868], [0.306058340775371, 0.30860173142709457, 0.17012232670976138, 0.215217601087773], [0.11610886344286066, 0.056482848539212725, 0.2788954130147633, 0.5485128750031635], [0.0001674547899436599, 0.25974157079359217, 0.7325861788750182, 0.00750479554144592], [0.8551460458666877, 0.000857905072962153, 0.0048795958177495396, 0.13911645324260052], [0.5846605636608242, 0.38204929362531387, 0.027025909919737377, 0.006264232794124601], [0.024729138110776146, 0.04164106579287779, 0.0031040314545239273, 0.930525764641822], [5.611849822396975e-05, 0.001190340694677642, 0.021114786888294258, 0.9776387539188042], [0.5224087670719728, 0.22006914723854445, 0.133306600172984, 0.12421548551649869], [0.02835487139043612, 0.014527230254487279, 0.930835343200562, 0.026282555154514525], [0.0015090081699314693, 0.8978130339804077, 0.03816805639382066, 0.06250990145584], [0.0026906743951384104, 0.26986261201517087, 0.0007887565997737996, 0.7266579569899169], [0.4372318874699295, 0.4098243500000951, 0.004748592144849521, 0.1481951703851258], [0.2768367936531565, 0.08187161810771074, 0.6280557958557902, 0.013235792383342587], [0.01638481364197715, 0.00017772791922022156, 0.3229703615459304, 0.6604670968928722], [0.24471632342530136, 0.06389209852289715, 0.0014505458875847894, 0.6899410321642168], [0.6634119436652842, 0.0030508541691442546, 0.3253012907510646, 0.008235911414506764], [0.3859306047886769, 0.33346286296957733, 0.005063015765143055, 0.2755435164766027], [0.00920213344438196, 0.3443338871356035, 0.0004032772827213111, 0.6460607021372933], [0.002159235260122245, 0.9978266330840497, 4.614960112986942e-06, 9.516695715040016e-06], [0.9988795873246781, 0.0006548348437984311, 0.00032844827548388886, 0.0001371295560395371], [0.13061830668064128, 0.26673199916211054, 0.005666046129619008, 0.5969836480276292], [0.014358089281648478, 0.6201583364165835, 0.36088859082417873, 0.004594983477589202], [0.0057577419447852095, 9.42831893958158e-05, 0.0008646236341641918, 0.9932833512316548], [0.12340544087563396, 0.38988633677835144, 0.44008879262951944, 0.04661942971649511], [0.0005091703646770653, 0.9930944639304606, 0.00012924359209103104, 0.00626712211277138], [0.715248134768819, 0.035094887756050304, 0.18216551700228376, 0.06749146047284692], [0.041741518917994845, 0.8270411344292712, 0.0016615867399399548, 0.1295557599127939], [0.13239948850937322, 0.10623247886657529, 0.0037737319111392953, 0.7575943007129122], [0.992316445052215, 0.0009455987073618656, 6.49796572312778e-05, 0.0066729765831919615], [0.46176812040666826, 0.526663208549404, 0.007759397190274591, 0.003809273853653244], [0.05633192554381806, 0.4507111435160761, 0.44564113942217154, 0.047315791517934296], [0.3682812228770863, 0.017497635041429902, 0.0012500555828747185, 0.6129710864986091], [0.06365960490277135, 0.21892779009884225, 0.6790084992720492, 0.03840410572633721], [0.0017461698377048236, 0.9410444853481084, 0.0008445023606690877, 0.05636484245351786], [0.0007851167961677339, 0.9282695061192705, 0.011050898091553645, 0.05989447899300782], [0.08986513851735758, 0.004113063212324942, 0.00026129129390304305, 0.9057605069764144], [0.04994368664062759, 0.44688418743373204, 0.09351620334969345, 0.40965592257594685], [0.0003370772359004627, 0.06726352411496603, 0.6794297820132855, 0.25296961663584794], [0.9934565872370189, 0.0025084553571703212, 0.00023524890911795645, 0.0037997084966930137], [0.0012774604159624743, 0.023855358088477833, 0.9673475156759774, 0.007519665819582386], [0.006496047657455337, 0.5557608924394938, 0.4376956551874529, 4.7404715597961254e-05], [0.0005597240415863516, 0.9835949694036653, 0.014344449865872763, 0.0015008566888756506], [0.000522204476917366, 0.3857857870402397, 0.00021383926260342025, 0.6134781692202396], [0.00013427855905287378, 0.8872297796822175, 0.11249194942321775, 0.00014399233551175736], [0.822710876200336, 0.1691979313060292, 0.0007591667313490236, 0.0073320257622859165], [0.049640486467255586, 0.8161273351731879, 0.006512792225263344, 0.12771938613429307], [0.3728558950503068, 0.6240699727653986, 0.002906787060431707, 0.0001673451238628449], [0.0017249724542905672, 0.242638412097074, 0.0030981263299533516, 0.752538489118682], [0.2095124342643762, 0.06947259406495217, 0.5293816323424259, 0.1916333393282458], [0.3729452599281493, 0.00020183505717365425, 0.0021784462832019863, 0.624674458731475], [0.0004261203324039083, 0.43773210111881483, 0.37711684978159893, 0.18472492876718233], [0.20783791837407664, 0.3134536797652686, 0.0033618160527670296, 0.4753465858078877], [0.04512538675008428, 0.443008733989206, 0.007049559296911442, 0.5048163199637983], [0.005231628598556968, 0.0011702285312894594, 0.968218100984677, 0.025380041885476642], [8.046718095995705e-05, 0.0017458221783623912, 0.9188926560624182, 0.07928105457825946]]}}