{"test": {"ids": ["99109860", "97106820", "98108970", "107114200", "104111880", "99108520", "100109000", "111120320", "107121540", "111119950", "103113640", "105116980", "111116010", "107113360", "111115400", "112121360", "99111340", "102110240", "111118910", "111120540", "103111540", "104113240", "99119830", "102112030", "112116990", "112117471", "113121190", "108117360", "112120990", "112118511", "112116850", "112116540", "113117630", "97107260", "106116370", "113121010", "101108121", "100113370", "111118301", "110117500", "100109360", "105116650", "99108460", "113121680", "104111830", "106116120", "101109370", "103110050", "98106560", "103111830", "108114670", "110114321", "113119320", "110120700", "101108580", "99108010", "100111380", "103109021", "97107920", "98116940", "113118630", "105113620", "110116441", "111115770", "110118630", "102118380", "107120260", "101111210", "104114410", "112119580", "112116451", "105112100", "107121230", "108114040", "108117720", "112116880", "99107500", "109117110", "103120730", "106113830", "105116441", "105112240", "107113130", "113121750", "113122510", "106118520", "107116501", "113122230", "110118181", "108117451", "110114920", "104111531", "107114140", "103112470", "108115250", "110114561", "105115570", "113121980", "104111711", "111120640", "98110230", "108113620", "97112300", "103113170", "107112840", "97106600", "108114220", "108120260", "108115500", "109113281", "102110690", "97106591", "112117571", "111119300", "105113330", "101109120", "108114360", "113118620", "106119580", "112117210", "99107640", "107120130", "102112301", "102113981", "113118690", "109121640", "103111990", "111117480", "110115980", "108116070", "112117580", "100109910", "111116110", "102109850", "98117740", "104114320", "102113350", "103109641", "107114950", "112118550", "105117200", "111114321"], "labels": [2, 1, 3, 2, 3, 2, 1, 1, 2, 0, 1, 0, 1, 0, 0, 3, 1, 3, 0, 1, 1, 2, 1, 2, 0, 3, 1, 1, 2, 1, 0, 1, 0, 2, 2, 2, 0, 3, 3, 1, 0, 1, 0, 1, 3, 1, 1, 3, 1, 3, 3, 1, 1, 2, 0, 2, 3, 0, 0, 2, 3, 0, 3, 3, 1, 1, 1, 2, 1, 3, 0, 1, 0, 0, 1, 0, 0, 1, 1, 1, 1, 1, 1, 0, 2, 2, 1, 1, 1, 2, 3, 0, 2, 1, 1, 0, 0, 2, 1, 0, 3, 3, 2, 3, 1, 3, 3, 1, 3, 0, 0, 1, 3, 1, 3, 1, 1, 3, 3, 1, 1, 2, 1, 1, 3, 0, 2, 1, 1, 1, 0, 2, 3, 1, 2, 2, 3, 1, 3, 3, 3, 1], "predicted_labels": [3, 0, 1, 2, 3, 2, 3, 3, 0, 1, 1, 3, 3, 0, 3, 1, 0, 0, 3, 3, 2, 1, 3, 2, 3, 3, 2, 1, 2, 3, 3, 3, 0, 1, 1, 3, 0, 3, 1, 3, 0, 1, 2, 3, 1, 0, 3, 1, 2, 2, 1, 1, 3, 1, 1, 0, 0, 1, 0, 3, 3, 3, 3, 3, 2, 3, 3, 0, 3, 2, 3, 1, 2, 3, 1, 2, 1, 1, 0, 0, 0, 0, 1, 1, 3, 0, 0, 1, 1, 3, 2, 1, 1, 1, 1, 3, 3, 0, 0, 1, 3, 3, 3, 3, 1, 3, 0, 1, 3, 0, 0, 3, 3, 1, 1, 3, 1, 2, 3, 1, 1, 0, 3, 0, 1, 1, 2, 3, 3, 3, 0, 3, 0, 1, 3, 1, 1, 3, 3, 3, 3, 1], "confidence_scores": [[0.15791073717999946, 0.2326468010392611, 0.22093620466140265, 0.38850625711933684], [0.5318228225270804, 0.25382150050792707, 0.0892490221864077, 0.1251066547785851], [0.1068497519705006, 0.49498134340327177, 0.182971393425256, 0.2151975112009717], [0.0999815311409111, 0.3724910256024207, 0.3789860166257827, 0.14854142663088554], [0.19522081884997858, 0.21075339700111329, 0.2968017557299095, 0.2972240284189986], [0.18648203769449337, 0.20490641611298532, 0.3457975903777827, 0.26281395581473854], [0.10536881636541778, 0.2872571974959671, 0.2156664618768249, 0.3917075242617901], [0.18410841590998483, 0.19594207574122344, 0.3013943278356995, 0.3185551805130924], [0.3484693443771925, 0.10390931360408406, 0.2080856027064629, 0.3395357393122604], [0.10522539994263524, 0.43805288658553215, 0.1979623595442525, 0.2587593539275801], [0.10582167053592251, 0.6436906953288587, 0.06160014968322853, 0.1888874844519904], [0.2656650135610381, 0.24870646869571963, 0.12218345994272256, 0.36344505780051994], [0.13153176514757026, 0.32001754255010084, 0.09307619477242189, 0.45537449752990705], [0.4267700282237, 0.30194074087343153, 0.06162237291749545, 0.20966685798537305], [0.13424854181226198, 0.28189018089892076, 0.20321863221418618, 0.3806426450746312], [0.13415120750781007, 0.6101914454973457, 0.063866701320242, 0.19179064567460216], [0.40527051679452253, 0.17357944591461505, 0.3202910097352175, 0.10085902755564485], [0.5133053583847842, 0.16826233701070778, 0.13747967164709457, 0.18095263295741346], [0.12059991465861616, 0.23531174006894887, 0.07850872910999071, 0.5655796161624443], [0.22711889428964316, 0.18614711519130792, 0.26064961432036343, 0.32608437619868563], [0.2231369711053426, 0.13212187274514758, 0.3330963821872964, 0.31164477396221346], [0.18136751903084297, 0.41106992947571996, 0.07513643894630143, 0.33242611254713567], [0.24498785376368362, 0.16780519856337298, 0.17315548933256258, 0.414051458340381], [0.12889583810520783, 0.29559897037112526, 0.3172124049849582, 0.25829278653870863], [0.10926411679400923, 0.23047742453756265, 0.1826119132360573, 0.4776465454323708], [0.327865759512839, 0.11292164853601747, 0.0891221779392109, 0.4700904140119326], [0.17235019628882842, 0.22204369084615028, 0.3379198005078516, 0.26768631235716966], [0.3136082285780766, 0.35045413987957436, 0.15803170973554453, 0.17790592180680465], [0.1815054643133858, 0.25449995738741443, 0.3399229438137207, 0.22407163448547915], [0.33600746552776134, 0.16387126422114856, 0.09624422125732711, 0.40387704899376314], [0.3083938795949503, 0.19780020279259505, 0.06833716788159812, 0.42546874973085647], [0.3418673211069282, 0.16822181703652547, 0.09261123441935604, 0.39729962743719033], [0.29496148130802124, 0.2911077934580725, 0.13443510855278112, 0.27949561668112527], [0.19525898795929347, 0.3594848749010712, 0.28657059845469307, 0.1586855386849423], [0.13169385552107252, 0.4231956772044224, 0.11461466027911307, 0.3304958069953918], [0.17362406302747108, 0.3467552540833495, 0.11350778365025332, 0.3661128992389263], [0.3541288252845534, 0.1885569220697777, 0.23346837042054094, 0.22384588222512794], [0.22903815022726687, 0.18153173753024968, 0.2719536104281948, 0.3174765018142887], [0.1915098215354484, 0.2989305165868836, 0.2427003986571549, 0.2668592632205132], [0.1759534146375933, 0.20365122565319926, 0.12336734389324049, 0.49702801581596706], [0.48600891462179663, 0.1574870001032823, 0.15481424701950047, 0.20168983825542064], [0.1268345197483856, 0.43088184173542216, 0.14060222193939687, 0.3016814165767954], [0.13449090435896308, 0.0869895685352388, 0.6530767668050588, 0.1254427603007394], [0.16120407247457957, 0.24324739521552438, 0.12374909351106736, 0.4717994387988289], [0.09835744310646438, 0.37643683261571736, 0.2459416132829784, 0.2792641109948399], [0.3346079906238267, 0.21542251347225938, 0.23928123764775144, 0.2106882582561625], [0.1907207670279853, 0.2234984013171759, 0.11095522551855795, 0.4748256061362809], [0.1716578160291942, 0.4244423771479599, 0.14534291631816923, 0.2585568905046767], [0.10097147601274903, 0.18814720273375482, 0.4662942326333592, 0.244587088620137], [0.10363552953956305, 0.15484750002454747, 0.5567537160451215, 0.184763254390768], [0.15679894634070468, 0.5260244428583952, 0.21228789982552052, 0.10488871097537965], [0.2738265642118697, 0.4023698900390072, 0.08318099246347056, 0.24062255328565257], [0.2546847319342908, 0.27050353794029847, 0.07568328775159665, 0.39912844237381406], [0.19977961919606405, 0.386190300072864, 0.10561444727470429, 0.30841563345636785], [0.255834565797251, 0.31381483463802257, 0.139325918471472, 0.29102468109325463], [0.467087110836127, 0.22003452295578113, 0.10758423967052004, 0.205294126537572], [0.30287581059649454, 0.2897005010250389, 0.11516998057909161, 0.2922537077993748], [0.2582084556222515, 0.33557343607943946, 0.13007887584309732, 0.27613923245521166], [0.31561600399363005, 0.19609964555013512, 0.231394033170095, 0.2568903172861396], [0.1834737907017136, 0.3358141750461702, 0.0990287599550853, 0.38168327429703097], [0.2812357423161914, 0.24765961300696812, 0.15277482573525583, 0.31832981894158474], [0.20884743979135217, 0.26737046369210815, 0.2040898729833913, 0.3196922235331483], [0.22633533040676465, 0.19524799231422638, 0.09403928876133509, 0.4843773885176739], [0.1143761651632304, 0.22625635618815348, 0.13020994464442315, 0.5291575340041931], [0.11558125748833632, 0.25476121402917895, 0.35318972815305294, 0.2764678003294318], [0.14335133344889028, 0.2503631001190315, 0.25943487888109135, 0.3468506875509869], [0.20874406328279707, 0.2586835741449815, 0.0569201443968572, 0.4756522181753643], [0.5815418130116325, 0.11865457734687347, 0.10516221568024861, 0.19464139396124538], [0.11851831473260864, 0.3149726003189798, 0.16928902826397946, 0.39722005668443217], [0.10924652381415668, 0.3267947543205361, 0.3738373890738316, 0.19012133279147572], [0.2875912265900008, 0.14796271710545122, 0.20477627162997414, 0.35966978467457383], [0.22738530803945262, 0.3114891228324713, 0.1919662407734105, 0.2691593283546658], [0.08164310796957544, 0.13175151749857486, 0.4698950303879588, 0.3167103441438907], [0.23979053015215315, 0.23833237376414404, 0.23504751674845287, 0.2868295793352499], [0.31879294051417983, 0.32492186244686344, 0.15776511377182234, 0.1985200832671344], [0.15462141467354337, 0.29781449984140984, 0.35880035764996526, 0.1887637278350818], [0.3091195180343336, 0.3602656124739098, 0.10964322456319492, 0.2209716449285619], [0.10759516425637358, 0.5185808457601395, 0.09883218324432148, 0.2749918067391655], [0.504730332849224, 0.1517115055908348, 0.11056903858327284, 0.23298912297666846], [0.5430789390264041, 0.09284446696272376, 0.07731630901920386, 0.28676028499166817], [0.4040334013505154, 0.2679093815152486, 0.09364596564968625, 0.23441125148454975], [0.4213313634110832, 0.20996538395330858, 0.13240588744670856, 0.23629736518889957], [0.14800401635516378, 0.4027588734424279, 0.18773816702991322, 0.26149894317249534], [0.2860007533902976, 0.2929899106748056, 0.17510569975254206, 0.24590363618235495], [0.12744995013341326, 0.2379160018251391, 0.18968493565656247, 0.4449491123848853], [0.28792429161978017, 0.19572448305184767, 0.25147364160459756, 0.2648775837237746], [0.38883760788953337, 0.37202158965155646, 0.07000894895976716, 0.16913185349914298], [0.2450159095797365, 0.4132722344094881, 0.19592567550488427, 0.14578618050589123], [0.384373630432333, 0.3867063635328351, 0.07980962277012342, 0.14911038326470843], [0.17946967751926113, 0.1570774993801493, 0.07537476266839015, 0.5880780604321995], [0.25494629016003356, 0.20318243898606825, 0.4077821759663839, 0.13408909488751442], [0.29740161291064027, 0.3437152828511792, 0.08446902605029394, 0.27441407818788666], [0.1852471858189114, 0.4417399927893751, 0.22486521487842448, 0.14814760651328915], [0.2821768705056912, 0.4003920001093301, 0.0917273379191956, 0.22570379146578304], [0.31627183747290566, 0.32603024237446027, 0.11558817390207395, 0.24210974625056014], [0.3628988295380063, 0.15517362902751933, 0.11295044151100313, 0.3689770999234714], [0.12200940462998008, 0.2771288739118072, 0.08625851746431831, 0.5146032039938945], [0.3766247283132013, 0.14788289772082053, 0.11357660492686143, 0.36191576903911676], [0.3652868017455175, 0.28265441942029634, 0.0878278743622679, 0.2642309044719181], [0.19046722470123434, 0.39889980193641367, 0.1664040087737626, 0.24422896458858936], [0.2674880562602872, 0.18473076969189703, 0.1759424679183568, 0.371838706129459], [0.14958786833415064, 0.13239943964391246, 0.10467693394131308, 0.6133357580806238], [0.2757661835781853, 0.23637906327215208, 0.15929723507234025, 0.3285575180773222], [0.1255763486683724, 0.16509194460487628, 0.20222115870449978, 0.5071105480222515], [0.2938915927250278, 0.3487967757331808, 0.15088951447221563, 0.20642211706957597], [0.2277358483390396, 0.21582515485679032, 0.10358688437699004, 0.45285211242717993], [0.3766984795585526, 0.22725322212290788, 0.08850987476280125, 0.3075384235557385], [0.1128592266804256, 0.4256100192355956, 0.07127944412590216, 0.3902513099580767], [0.3528505042164894, 0.19698804964836475, 0.07812142343060059, 0.3720400227045455], [0.3102746299184535, 0.29017153566764897, 0.092010603288505, 0.3075432311253927], [0.3191909481362111, 0.15536320638469794, 0.2775242787888212, 0.24792156669026982], [0.1955098261802446, 0.2790004957750051, 0.14524326982787436, 0.3802464082168759], [0.22293281902414172, 0.27008644467551973, 0.08375302628729284, 0.42322771001304593], [0.19401159098376622, 0.34439376276427336, 0.1459909279680461, 0.3156037182839142], [0.20111179473649848, 0.3280197184816848, 0.14390339984323341, 0.3269650869385834], [0.2526949444424592, 0.20624862854050383, 0.21953730446114486, 0.3215191225558921], [0.09075918801177932, 0.6247233140544712, 0.09893944327878312, 0.18557805465496646], [0.18974339191371659, 0.16362929402923715, 0.3897842713097364, 0.25684304274730985], [0.19200318174763314, 0.19723674134659236, 0.14276366001742938, 0.4679964168883452], [0.3219691159696427, 0.3336006932411449, 0.1167875519000081, 0.22764263888920439], [0.24357522161403414, 0.42650618484066105, 0.11899384754168157, 0.2109247460036233], [0.5335442878633132, 0.12522755261034826, 0.09765674617924948, 0.24357141334708887], [0.3098506553851029, 0.16889608370320253, 0.0835589674764255, 0.43769429343526906], [0.38156069189212793, 0.20049433701653538, 0.08401311946801952, 0.3339318516233174], [0.10377461259060872, 0.614578254267042, 0.06090500094880338, 0.22074213219354585], [0.3106814309124629, 0.3558551493318432, 0.10228352538375254, 0.23117989437194156], [0.2192002274871428, 0.1984435433229125, 0.34456612166356443, 0.2377901075263803], [0.16788083336571677, 0.19496459818839382, 0.17655713056476935, 0.46059743788112006], [0.23332996459918415, 0.25233470352356513, 0.2315952951538542, 0.28274003672339654], [0.15672350338437022, 0.21751368486055878, 0.2740525477839051, 0.35171026397116606], [0.39194877122497646, 0.252265424982829, 0.0824890908829073, 0.2732967129092873], [0.1873614453637842, 0.2718174631759911, 0.24256402398725527, 0.29825706747296943], [0.46485673600406324, 0.1929790005410108, 0.14747484708931619, 0.19468941636560963], [0.12637508655462065, 0.3831080423160974, 0.15440339544163503, 0.3361134756876468], [0.2128559546883708, 0.14655636491684595, 0.12056814229060812, 0.5200195381041751], [0.12953626626051368, 0.5452481968543348, 0.10336343646327617, 0.2218521004218753], [0.19203223941020736, 0.41115939996606926, 0.14679672204999697, 0.2500116385737264], [0.16544222471856532, 0.28277430800437936, 0.25914841060028787, 0.29263505667676754], [0.13842720689392665, 0.19543275691153347, 0.2029568675239612, 0.46318316867057874], [0.30621198843393843, 0.22455725897589737, 0.14301423255479243, 0.32621652003537194], [0.2722196374711123, 0.11396112832558014, 0.17164887759556738, 0.44217035660774023], [0.2780823493806877, 0.363553792866095, 0.10000214685997166, 0.25836171089324567]]}, "rewritten": {"ids": ["97106591", "97106600", "97106820", "97107260", "97107920", "97112300", "98106560", "98108970", "98110230", "98116940", "98117740", "99107500", "99107640", "99108010", "99108460", "99108520", "99109860", "99111340", "99119830", "100109000", "100109360", "100109910", "100111380", "100113370", "101108121", "101108580", "101109120", "101109370", "101111210", "102109850", "102110240", "102110690", "102112030", "102112301", "102113350", "102113981", "102118380", "103109021", "103109641", "103110050", "103111540", "103111830", "103111990", "103112470", "103113170", "103113640", "103120730", "104111531", "104111711", "104111830", "104111880", "104113240", "104114320", "104114410", "105112100", "105112240", "105113330", "105113620", "105115570", "105116441", "105116650", "105116980", "105117200", "106113830", "106116120", "106116370", "106118520", "106119580", "107112840", "107113130", "107113360", "107114140", "107114200", "107114950", "107116501", "107120130", "107120260", "107121230", "107121540", "108113620", "108114040", "108114220", "108114360", "108114670", "108115250", "108115500", "108116070", "108117360", "108117451", "108117720", "108120260", "109113281", "109117110", "109121640", "110114321", "110114561", "110114920", "110115980", "110116441", "110117500", "110118181", "110118630", "110120700", "111114321", "111115400", "111115770", "111116010", "111116110", "111117480", "111118301", "111118910", "111119300", "111119950", "111120320", "111120540", "111120640", "112116451", "112116540", "112116850", "112116880", "112116990", "112117210", "112117471", "112117571", "112117580", "112118511", "112118550", "112119580", "112120990", "112121360", "113117630", "113118620", "113118630", "113118690", "113119320", "113121010", "113121190", "113121680", "113121750", "113121980", "113122230", "113122510"], "labels": [1, 3, 1, 2, 0, 2, 1, 3, 3, 2, 2, 0, 1, 2, 0, 2, 2, 1, 1, 1, 0, 2, 3, 3, 0, 0, 1, 1, 2, 1, 3, 0, 2, 1, 3, 1, 1, 0, 1, 3, 1, 3, 2, 1, 3, 1, 1, 0, 1, 3, 3, 2, 2, 1, 1, 1, 3, 0, 0, 1, 1, 0, 3, 1, 1, 2, 2, 3, 1, 1, 0, 2, 2, 3, 1, 2, 1, 0, 2, 3, 0, 3, 1, 3, 1, 3, 1, 1, 2, 1, 1, 0, 1, 0, 1, 0, 3, 1, 3, 1, 1, 1, 2, 1, 0, 3, 1, 3, 1, 3, 0, 1, 0, 1, 1, 0, 0, 1, 0, 0, 0, 1, 3, 3, 0, 1, 3, 3, 2, 3, 0, 3, 3, 3, 1, 2, 1, 1, 0, 2, 1, 2], "predicted_labels": [1, 1, 0, 3, 2, 0, 1, 1, 3, 1, 2, 3, 3, 0, 1, 0, 3, 0, 3, 3, 3, 1, 0, 1, 0, 1, 3, 0, 0, 3, 0, 2, 2, 1, 3, 0, 2, 0, 0, 3, 0, 3, 3, 3, 3, 3, 3, 1, 0, 1, 3, 1, 1, 3, 3, 0, 0, 2, 1, 1, 2, 3, 2, 0, 0, 1, 2, 1, 1, 0, 0, 2, 2, 3, 0, 0, 3, 2, 3, 3, 0, 3, 3, 1, 3, 3, 2, 3, 3, 0, 1, 0, 1, 1, 1, 0, 1, 1, 3, 3, 1, 3, 3, 0, 3, 1, 2, 0, 1, 1, 3, 0, 1, 3, 3, 3, 0, 1, 3, 1, 3, 1, 2, 3, 3, 3, 0, 1, 2, 1, 1, 3, 1, 1, 3, 3, 3, 0, 1, 3, 0, 1], "confidence_scores": [[0.24709521657710193, 0.3869270304548554, 0.2499403214878543, 0.11603743148018844], [0.30802356362044714, 0.3783713473721437, 0.12811669614399343, 0.18548839286341584], [0.48217913365119003, 0.2223661931887942, 0.09530628356107475, 0.20014838959894093], [0.24774832231086436, 0.1624932008902951, 0.22289234969274618, 0.3668661271060944], [0.2019816540423087, 0.18436735394072715, 0.36501156067537044, 0.24863943134159364], [0.3378785558997233, 0.22790380269928223, 0.1486095966600715, 0.28560804474092305], [0.1700067636514464, 0.35027759249213863, 0.24277853743755187, 0.23693710641886306], [0.07915654980100567, 0.5664029013580295, 0.15490499470644814, 0.1995355541345167], [0.14146827347983956, 0.2851827022782377, 0.09596575387106036, 0.4773832703708625], [0.09213945002488244, 0.42462390694091334, 0.08464824967038652, 0.39858839336381774], [0.0853682708498008, 0.32844625788038345, 0.3647161607903845, 0.2214693104794314], [0.25462097039670906, 0.2550007965936826, 0.0988047846475005, 0.39157344836210795], [0.1683648267305654, 0.20846203941034738, 0.2259733765272211, 0.3971997573318661], [0.2928233949864424, 0.2669629805440642, 0.20399268960393646, 0.23622093486555704], [0.22681066450458126, 0.49730149665818335, 0.11545077518593036, 0.16043706365130522], [0.45662313206115773, 0.12271703737361349, 0.17126520936961065, 0.24939462119561817], [0.12216169951358656, 0.2666399059390362, 0.17944894945104972, 0.4317494450963276], [0.4714520241168278, 0.11631901445731455, 0.12282402657061675, 0.2894049348552409], [0.26543575016332843, 0.11926670127420487, 0.18600483385335215, 0.4292927147091144], [0.10435824827612637, 0.15397319505705215, 0.2124081723552391, 0.5292603843115823], [0.2992459059694699, 0.0956947196267536, 0.24070117066439106, 0.36435820373938566], [0.1547382173455098, 0.4048771525947721, 0.24245890247165133, 0.1979257275880668], [0.3966730020281407, 0.31382874920182413, 0.12683065892066248, 0.1626675898493726], [0.15917402159739458, 0.4611241579825767, 0.1852334668690535, 0.1944683535509752], [0.5279701340760178, 0.10962371430261562, 0.08441888667438502, 0.27798726494698145], [0.24203759543613798, 0.4968035935101355, 0.10073590484486525, 0.16042290620886138], [0.21128086817413083, 0.1580182459290458, 0.24437106358987867, 0.3863298223069447], [0.3185270664910626, 0.27559085871383526, 0.1626589479962172, 0.24322312679888516], [0.5193220062684478, 0.12262932197758775, 0.15405560703673765, 0.20399306471722686], [0.1636282214812951, 0.2854927465412914, 0.26436734176196064, 0.2865116902154527], [0.39463380337673803, 0.26331949746799094, 0.11989847561863086, 0.22214822353664013], [0.1843509615285389, 0.20557168953823507, 0.3568791374563702, 0.2531982114768561], [0.09457672922826865, 0.2906939149139773, 0.48313438099495526, 0.13159497486279886], [0.25333561639509494, 0.3331073897219975, 0.08223035468487076, 0.3313266391980368], [0.11895724758268912, 0.19282260742558155, 0.13156627167839327, 0.5566538733133362], [0.4204570718212101, 0.17723316065593117, 0.08465227496805819, 0.31765749255480064], [0.12267061051715711, 0.2298245431952501, 0.4531356201920906, 0.1943692260955023], [0.5315254445055814, 0.18515714313228698, 0.09072370176018257, 0.19259371060194913], [0.5823806523753248, 0.16226391470758936, 0.07228939802740501, 0.18306603488968076], [0.1320117319032857, 0.3198889903733558, 0.19524588644574228, 0.35285339127761634], [0.40184245899092724, 0.1889421863998464, 0.20518614984789207, 0.2040292047613344], [0.17751548435283715, 0.1344913092144952, 0.26903125306442266, 0.41896195336824504], [0.15721351266060954, 0.1867386961791592, 0.2756822450120467, 0.38036554614818463], [0.3494443864037404, 0.17138168003604468, 0.10386653183065314, 0.3753074017295618], [0.23531730301693793, 0.19549619637382218, 0.1665182034940057, 0.4026682971152341], [0.2566900375385858, 0.16748040825179977, 0.11713144374944641, 0.4586981104601679], [0.3512107704568355, 0.1809441148714959, 0.07161537205115004, 0.39622974262051863], [0.24869642479202791, 0.4828246522995198, 0.09400674552446213, 0.17447217738399032], [0.3577853026582064, 0.20166597183315094, 0.15180807058238108, 0.2887406549262616], [0.17444656254322052, 0.48819398876304937, 0.18668862578870044, 0.1506708229050298], [0.10672336446608145, 0.17693109126146542, 0.10812834933489394, 0.6082171949375592], [0.1561506612060855, 0.4341186567622132, 0.1120235712126031, 0.2977071108190983], [0.10961515572320352, 0.3871378478428962, 0.16254864420287132, 0.3406983522310289], [0.10131463338571771, 0.27228385102746044, 0.11339844400559174, 0.5130030715812302], [0.15597960535284094, 0.18632017590048783, 0.3165708262252091, 0.3411293925214622], [0.3647467021325807, 0.3044633294855464, 0.0864232623721081, 0.24436670600976476], [0.30773038974729783, 0.287019419092182, 0.1919372672482618, 0.21331292391225837], [0.07803310495934235, 0.1474389218817522, 0.5387907613029579, 0.23573721185594762], [0.25738409169899434, 0.3372686663980256, 0.10712452743281664, 0.29822271447016346], [0.2896871398570456, 0.44093622946874717, 0.10039549330581796, 0.1689811373683892], [0.16722477341280956, 0.2448747877690877, 0.3269654448975456, 0.2609349939205573], [0.19276022673331972, 0.19234005447737426, 0.08865341779831105, 0.526246300990995], [0.12988235179291147, 0.20694959207273347, 0.5021133054001927, 0.16105475073416242], [0.3289874615635164, 0.12978627362826378, 0.28134393617637293, 0.25988232863184685], [0.28086583337125365, 0.2682262143176267, 0.22866010036973106, 0.22224785194138869], [0.2395413191964049, 0.39583151655964494, 0.1183418178501164, 0.2462853463938338], [0.24610175851291052, 0.15822052283798405, 0.34033686992823553, 0.25534084872086993], [0.20093744960151885, 0.2954596504142161, 0.22915128417560288, 0.27445161580866245], [0.1578177991188012, 0.43953695887146643, 0.11532032171956415, 0.2873249202901681], [0.31735607307089436, 0.2880918921186616, 0.1318897857182639, 0.2626622490921802], [0.39611014209968504, 0.291448264659511, 0.09907738394902514, 0.21336420929177877], [0.23507968466544316, 0.216576631646472, 0.2991632461319041, 0.2491804375561808], [0.21279549073663587, 0.2634022682497231, 0.3601459520089959, 0.16365628900464507], [0.12949539324188664, 0.3214303835729164, 0.15622984374191803, 0.3928443794432788], [0.3759686760452065, 0.31715193742341036, 0.07688681022492296, 0.2299925763064601], [0.44634888509097365, 0.1942457091292716, 0.08091025116222296, 0.2784951546175318], [0.3142288575566189, 0.08659495789720015, 0.07129233669851619, 0.5278838478476648], [0.1110598373505809, 0.126230420185182, 0.6315169394192477, 0.13119280304498937], [0.38721239971649213, 0.13476600622456186, 0.08635604488839044, 0.39166554917055557], [0.1708159017119333, 0.2485726039420924, 0.11166437693009894, 0.46894711741587547], [0.4016319089868562, 0.2538063306956634, 0.12162750009702084, 0.22293426022045953], [0.1948547497757308, 0.2038117478366663, 0.15302736613339357, 0.44830613625420945], [0.12447117094281984, 0.3722830703807, 0.12409046687345959, 0.3791552918030207], [0.108041782699691, 0.38217532544155675, 0.21411172933855616, 0.29567116252019604], [0.18288486229605483, 0.2523710578442572, 0.2088995076546859, 0.3558445722050021], [0.294226380650313, 0.21026549763265706, 0.14745319343577773, 0.3480549282812522], [0.24255470167268098, 0.18574636386703305, 0.3190348546374643, 0.2526640798228218], [0.20782533041176615, 0.15246589186452972, 0.2685402359240685, 0.3711685417996357], [0.2250798139794337, 0.21661685698058675, 0.1157771597746199, 0.44252616926535965], [0.33169316623978345, 0.28075121640159095, 0.16427789731163708, 0.22327772004698845], [0.12628966210056533, 0.4312110245871831, 0.06466628275127485, 0.3778330305609767], [0.35179662299379044, 0.33696389403421156, 0.06856318759682284, 0.24267629537517532], [0.20178114480389814, 0.45625172136825415, 0.07374336338088412, 0.26822377044696366], [0.2944867237525173, 0.3868446489606303, 0.0841951598692705, 0.23447346741758202], [0.2622261183106156, 0.6384577957852507, 0.03183898560864731, 0.06747710029548633], [0.3276390329132098, 0.21162328734593244, 0.2538460809685846, 0.20689159877227312], [0.18840024097665167, 0.41327725155189243, 0.17962394731128775, 0.21869856016016817], [0.16999934886402743, 0.4222537914107625, 0.12849246275099951, 0.27925439697421056], [0.21251140133835, 0.18187083781643984, 0.0816837699324238, 0.5239339909127863], [0.14814234637907983, 0.16803894943997558, 0.2024859602384581, 0.4813327439424865], [0.2780619604755913, 0.31048797570760667, 0.2180063194684628, 0.19344374434833916], [0.25766953940505, 0.24074234964699215, 0.2183609791537535, 0.28322713179420433], [0.24011629194762063, 0.1329623003276264, 0.10494651285190326, 0.5219748948728498], [0.3922326913280541, 0.20860636108622754, 0.08872078598816836, 0.31044016159755006], [0.19962495707015737, 0.24154845823148205, 0.18031638215498083, 0.3785102025433799], [0.1965904139850337, 0.3780769138044996, 0.12696007607436968, 0.29837259613609707], [0.0929599995141013, 0.2482666603227138, 0.5093669445792789, 0.14940639558390598], [0.48964069491102064, 0.22519796192843422, 0.1584390513152575, 0.1267222918452877], [0.08765324560902388, 0.4354954480538588, 0.11723815003840438, 0.35961315629871293], [0.20687774041458698, 0.4461271378491944, 0.18898360774542905, 0.15801151399078955], [0.18417187848658076, 0.13753120478790523, 0.15498716277224775, 0.5233097539532662], [0.3131425836583195, 0.27850875164605754, 0.14243116687313326, 0.26591749782248963], [0.09886380628677756, 0.40539972975150257, 0.20009051145477402, 0.29564595250694586], [0.12652457793381278, 0.18007667802866772, 0.24397679117249957, 0.4494219528650199], [0.15641483791158475, 0.30190847140771615, 0.19981941543898704, 0.3418572752417123], [0.2106804215468236, 0.13855859808860926, 0.11953834703055506, 0.5312226333340122], [0.5200309808636422, 0.13606536922852655, 0.10213868324923876, 0.24176496665859246], [0.3468946630207959, 0.3749671460275583, 0.08970960170003427, 0.18842858925161132], [0.29595206397000734, 0.19751047166388275, 0.06119028875870533, 0.4453471756074045], [0.25445238032635525, 0.34702225237751916, 0.11413341882615184, 0.2843919484699736], [0.09735817736894996, 0.2575149077954509, 0.2457458681351272, 0.399381046700472], [0.20214129549029666, 0.5178062339731067, 0.08829757482433598, 0.1917548957122608], [0.259870293896682, 0.15120670387277302, 0.29537417834226476, 0.2935488238882802], [0.22962809978507923, 0.2507922500923643, 0.13275164835858272, 0.3868280017639739], [0.28547253006927015, 0.2709625400358523, 0.13419653566128129, 0.3093683942335962], [0.28196121031822274, 0.18554114076672482, 0.2360863651387358, 0.29641128377631665], [0.46591766812507757, 0.18687152153113964, 0.11634672103849612, 0.23086408930528662], [0.07861824696680092, 0.4775889685396109, 0.24613141721638052, 0.19766136727720768], [0.14327674662309653, 0.2589522281685611, 0.3998394755433081, 0.19793154966503432], [0.12961261908891245, 0.48052359649076665, 0.15658695278492066, 0.2332768316354004], [0.19535597222656026, 0.44980615181496975, 0.08018576952119646, 0.27465210643727356], [0.21856174227871067, 0.2755469670648746, 0.16148992571132972, 0.344401364945085], [0.12095980047436744, 0.32011103230354715, 0.2403438717811812, 0.31858529544090447], [0.20291368251451833, 0.2956227837730452, 0.23149143715187737, 0.26997209656055915], [0.10574003541676621, 0.2582131719479403, 0.08557578204899843, 0.5504710105862952], [0.1554512084654482, 0.23329057858286498, 0.08295792588566232, 0.5283002870660245], [0.2616469642435126, 0.19663594982159063, 0.12637147563929127, 0.4153456102956055], [0.35026840255796154, 0.2419080875881684, 0.15877628980893957, 0.24904722004493057], [0.34405995679054746, 0.39009629077186553, 0.09728609469248323, 0.16855765774510392], [0.2803359182884458, 0.22568941258195732, 0.12454351357846975, 0.3694311555511274], [0.42189598041062365, 0.18936278667789744, 0.24948462378505087, 0.13925660912642782], [0.3715738142338467, 0.42247391980900956, 0.04361404364707737, 0.16233822231006625]]}}