{"test": {"ids": ["103111990", "109113281", "107120880", "109115070", "100110260", "101113210", "110117080", "113118490", "112120270", "111116100", "106118520", "102110240", "99108310", "111116010", "109114030", "98111670", "111121220", "110114950", "106120640", "112118620", "99111440", "112121030", "110114720", "99112641", "100115700", "106116120", "104113170", "100109801", "97112170", "99109740", "110121500", "108115500", "110118121", "106113170", "113122190", "107115250", "97112830", "111120190", "110118880", "111116750", "97116410", "111118910", "97106591", "108118291", "106116441", "113118231", "106114321", "105120621", "102110500", "106113360", "102108621", "105113440", "109121640", "112117790", "113118870", "103120730", "103111620", "103113640", "110117110", "102111990", "108116120", "111120591", "110119030", "102121700", "110117140", "108113740", "98106880", "101108080", "110116290", "112117210", "99108520", "98107410", "113120280", "112118530", "109115380", "110121170", "108120621", "110118450", "112116800", "102113350", "105117351", "101108290", "103110050", "111119300", "109114220", "104114320", "112117471", "113119340", "97105760", "105115380", "109119340", "100108580", "98121790", "112120630", "110115890", "108115070", "104114230", "110121450", "108121410", "109121351", "101119591", "113120260", "105120280", "103120780", "106119990", "112121351", "108114180", "100113210", "106119260", "107120010", "112117461", "113120780", "105115720", "112117030", "101109000", "112118860", "105112130", "103113610", "106121220", "111119150", "112118820", "109118231", "106118820", "105119550", "97116401", "97111790", "111114941", "99120010", "104119340", "109116750", "104114410", "103113170", "99105921", "108119510", "103109641", "113119480", "99107300", "98110810", "100120010", "104113210", "100108260", "103113270"], "labels": [2, 0, 1, 0, 3, 3, 1, 1, 0, 3, 2, 3, 2, 1, 1, 1, 3, 0, 3, 3, 3, 0, 3, 1, 1, 1, 3, 0, 0, 3, 3, 3, 3, 0, 1, 2, 2, 3, 0, 3, 3, 0, 1, 3, 0, 3, 2, 1, 3, 0, 3, 0, 0, 3, 0, 1, 0, 1, 0, 2, 1, 1, 0, 1, 3, 3, 0, 0, 2, 1, 2, 3, 0, 1, 3, 2, 1, 0, 0, 3, 0, 0, 3, 1, 3, 2, 3, 0, 0, 1, 3, 0, 2, 3, 2, 1, 2, 3, 0, 0, 0, 3, 3, 1, 0, 0, 1, 0, 1, 1, 0, 0, 1, 2, 1, 3, 1, 2, 1, 3, 0, 1, 3, 1, 3, 2, 0, 2, 1, 0, 1, 3, 1, 1, 1, 3, 3, 1, 0, 3, 3, 2], "predicted_labels": [0, 1, 3, 1, 0, 0, 3, 3, 3, 0, 1, 1, 1, 1, 0, 0, 1, 3, 1, 1, 3, 3, 1, 0, 1, 1, 1, 3, 0, 3, 0, 1, 1, 1, 1, 1, 3, 3, 0, 0, 0, 1, 1, 3, 1, 1, 0, 0, 0, 3, 0, 1, 3, 3, 3, 3, 3, 0, 1, 1, 0, 0, 1, 1, 3, 3, 1, 1, 0, 1, 2, 0, 3, 1, 1, 3, 3, 1, 1, 1, 1, 1, 3, 1, 3, 2, 1, 3, 0, 1, 3, 0, 0, 0, 1, 1, 3, 3, 1, 0, 0, 3, 1, 3, 0, 1, 1, 1, 3, 3, 3, 1, 1, 1, 3, 1, 1, 1, 1, 1, 1, 1, 1, 1, 0, 0, 1, 1, 1, 0, 3, 1, 1, 3, 3, 3, 0, 1, 3, 3, 1, 2], "confidence_scores": [[0.27558933904973887, 0.26860778878357494, 0.17593015227820752, 0.27987271988847895], [0.22771174174620135, 0.3029845560741539, 0.23043423333683274, 0.23886946884281196], [0.13767760040639798, 0.31441745946945404, 0.22302006272109284, 0.32488487740305505], [0.25067768324524853, 0.36365819851565473, 0.13482198649180172, 0.25084213174729486], [0.352996856304872, 0.23114769104041868, 0.0892526943255558, 0.32660275832915364], [0.2949753342390996, 0.25623637003811217, 0.17162427844406258, 0.27716401727872564], [0.1644985234134894, 0.3390916977975853, 0.14923455339287833, 0.3471752253960467], [0.23794842169120006, 0.26826388361268894, 0.12326677056375344, 0.3705209241323576], [0.2570178193831275, 0.30423556570305266, 0.12059856183327192, 0.3181480530805479], [0.3096864759889996, 0.30230076007624673, 0.1040102526785123, 0.2840025112562413], [0.17133455422136684, 0.33745681418725243, 0.3293440752547126, 0.16186455633666838], [0.23232491335848188, 0.28642936840476857, 0.20911293944514445, 0.2721327787916052], [0.21853924664613725, 0.3294270846265887, 0.25105814135360266, 0.20097552737367128], [0.15161778369739953, 0.3075034495405747, 0.3461808048972359, 0.19469796186479005], [0.3253059726874631, 0.26062736115952834, 0.11924357895678336, 0.29482308719622524], [0.291469785651705, 0.24114970668969923, 0.17563556436509245, 0.29174494329350387], [0.2253358791710248, 0.3404288365049267, 0.13615319898446138, 0.2980820853395874], [0.2576965345092526, 0.27874551586604984, 0.14216367299919594, 0.32139427662550146], [0.14865783566441196, 0.34368679080090797, 0.2627645288440195, 0.24489084469066064], [0.23482944735730038, 0.3367955139669459, 0.16332322743234448, 0.2650518112434094], [0.2385817102300997, 0.2804752841915634, 0.15853692017789078, 0.322406085400446], [0.2787339018865342, 0.2170483815442818, 0.1365187639303098, 0.3676989526388745], [0.17160113727222703, 0.33945264397852015, 0.23899572204254557, 0.2499504967067073], [0.2901983020877611, 0.2794242102709624, 0.1580301187458214, 0.272347368895455], [0.20618287660518564, 0.29283884362589535, 0.2163068563037177, 0.28467142346520113], [0.2443356150419841, 0.2977350978881058, 0.237269665564529, 0.22065962150538107], [0.2674586917812914, 0.30650290200081254, 0.1460934044732248, 0.27994500174467146], [0.2251401287853966, 0.27989854725396607, 0.17142779593881663, 0.32353352802182056], [0.3372570571651972, 0.26245350925201943, 0.1548507240158632, 0.24543870956691993], [0.18299920364899533, 0.2745727958701428, 0.2723902102360612, 0.27003779024480074], [0.2936282458111797, 0.27252325892888785, 0.15630494220143717, 0.2775435530584957], [0.24688850025405903, 0.2987708524589984, 0.17553924167908097, 0.27880140560786154], [0.18911017965462257, 0.36674669022268136, 0.1587333957053233, 0.2854097344173725], [0.2678288961232319, 0.3618930404206247, 0.09281239322314294, 0.2774656702330001], [0.16025718960334429, 0.3304405047339276, 0.2175035695415248, 0.29179873612120333], [0.21846321491906914, 0.3420154043254967, 0.1745903126299711, 0.26493106812546313], [0.2351342312890251, 0.2482650444084025, 0.24657488772861483, 0.27002583657395746], [0.20589983320004937, 0.24290941722590076, 0.22130372867286358, 0.3298870209011862], [0.3666216551068942, 0.21788414132399558, 0.048737262436672105, 0.3667569411324382], [0.3191000871063101, 0.25671214169033696, 0.11355626303268505, 0.31063150817066765], [0.3049377021924504, 0.2382435824789663, 0.18602022305717705, 0.2707984922714061], [0.24949866311901736, 0.3122467050786452, 0.18448894310406752, 0.2537656886982695], [0.16950618180766236, 0.3250600442085684, 0.3433378744513168, 0.16209589953245246], [0.3124141441476265, 0.27256197313729175, 0.06139244222774253, 0.3536314404873389], [0.2158075031395906, 0.37093116398728193, 0.08195888249366719, 0.3313024503794602], [0.16604752807105175, 0.34513620160139163, 0.20487482018053485, 0.28394145014702205], [0.3304744828481427, 0.2933453894931892, 0.10126574598380421, 0.27491438167486354], [0.3663787292977313, 0.2653713774011102, 0.03381938174900282, 0.33443051155215553], [0.35897136528018075, 0.18081119941265936, 0.13611213726823168, 0.32410529803892846], [0.26142464621609274, 0.2604919747057243, 0.1331151657921965, 0.3449682132859863], [0.3544814829093939, 0.24500659992972224, 0.04601577395599928, 0.35449614320488454], [0.2011263839380557, 0.33195824195221973, 0.24318021381982954, 0.22373516028989485], [0.2578261507489699, 0.259224184107756, 0.14214934315628638, 0.34080032198698795], [0.2758779312661609, 0.24831412844367884, 0.11043364508199094, 0.3653742952081696], [0.22920418921868527, 0.3092090567002817, 0.140480271255264, 0.3211064828257688], [0.14847576112097274, 0.2808462262370947, 0.3138707017755974, 0.2568073108663351], [0.24160272600773647, 0.2885989268739953, 0.1463960698910225, 0.32340227722724585], [0.3723332449125495, 0.22356743738889204, 0.04343836481317424, 0.36066095288538436], [0.2521865948743745, 0.32673015083220763, 0.14876623368723776, 0.2723170206061802], [0.2516559955630266, 0.2852166869494964, 0.2525689382126133, 0.21055837927486346], [0.3817362636380138, 0.2474609626750864, 0.061815831903138566, 0.3089869417837615], [0.35811036697017373, 0.22544949046326765, 0.06463783248618996, 0.3518023100803689], [0.2055747604726722, 0.3283460493882104, 0.14027773271365038, 0.3258014574254671], [0.22454158419018325, 0.27708016434002675, 0.2906448841921773, 0.20773336727761257], [0.28431612992626726, 0.2747268561727945, 0.10423754522732193, 0.3367194686736163], [0.31147758200078807, 0.2207421308072563, 0.1111743065804267, 0.3566059806115289], [0.2268857972682259, 0.28215384168185775, 0.28578710457062884, 0.2051732564792875], [0.2846273461726403, 0.28899365079123857, 0.1461924865263351, 0.2801865165097859], [0.3301617489665443, 0.24267623843828318, 0.1762132648953911, 0.25094874769978137], [0.12342678417736348, 0.341165342806508, 0.303057237694336, 0.2323506353217924], [0.21804902454762864, 0.2504355936417444, 0.33530202368095435, 0.19621335812967275], [0.335467839868974, 0.22764084528546652, 0.1444877768857197, 0.29240353795983987], [0.3598496163297436, 0.18100495667493488, 0.04719468153796242, 0.4119507454573591], [0.1470255183715154, 0.33994005732797766, 0.26254143410997666, 0.25049299019053045], [0.13949818750880902, 0.3196909069161034, 0.26468895567395323, 0.2761219499011344], [0.21861160820698072, 0.2852141302337252, 0.19306791230307582, 0.3031063492562179], [0.26951640827403395, 0.29180386769234795, 0.12980684710721682, 0.30887287692640125], [0.17260362261888623, 0.3698230868967342, 0.211336893010652, 0.2462363974737276], [0.16691453255528974, 0.34685696514772046, 0.1845632467306501, 0.3016652555663396], [0.19546000329842422, 0.30603422010291925, 0.21664407579647885, 0.2818617008021778], [0.21722499507249102, 0.3320247371578086, 0.14096164984045978, 0.3097886179292408], [0.25758941892069454, 0.3047259189996843, 0.1472004145989771, 0.29048424748064394], [0.24435756438364242, 0.2773847165012925, 0.2017609941653524, 0.27649672494971284], [0.14443602699716826, 0.33366622170246324, 0.3243942637727486, 0.19750348752761995], [0.3011927567575673, 0.2625415738852613, 0.10555943429561891, 0.33070623506155244], [0.1807806744846576, 0.24815488065375046, 0.3567895037599646, 0.21427494110162693], [0.22708812236286025, 0.333826429150681, 0.1803975862949875, 0.25868786219147116], [0.3116873071281449, 0.2722863886279394, 0.08341329648709742, 0.33261300775681835], [0.34366351839104914, 0.26142627581491, 0.09645285704735117, 0.29845734874668955], [0.13469230531680862, 0.33656240683281935, 0.32386210698647444, 0.2048831808638973], [0.23911899157025626, 0.3086690109280192, 0.1353042144728302, 0.3169077830288945], [0.2715854333192587, 0.24583758562206906, 0.22719120695144424, 0.2553857741072277], [0.3032184944303974, 0.265316079260633, 0.18514259134567435, 0.24632283496329532], [0.34054668399646826, 0.22909480828218703, 0.08407815518768068, 0.34628035253366374], [0.23026782833771323, 0.3470593026311436, 0.18218531953546746, 0.24048754949567583], [0.16576097363639467, 0.387078752353168, 0.2118904967997705, 0.23526977721066672], [0.19687932363059182, 0.27548099231821016, 0.24674367827220514, 0.280896005778993], [0.25522866086123397, 0.32194731877401306, 0.0748135800339294, 0.34801044033082346], [0.2290792446774729, 0.3539072880696897, 0.11266177903308926, 0.3043516882197482], [0.3005114255178948, 0.2701072777892087, 0.14654729901064348, 0.28283399768225287], [0.3393665471246815, 0.23859672455639355, 0.10898167247597, 0.313055055842955], [0.23263125904053716, 0.2665835696053759, 0.2287028979140566, 0.27208227344003016], [0.1716656697917968, 0.39052534144425943, 0.17917577223301506, 0.2586332165309285], [0.23376719884233654, 0.26990766393015775, 0.21303424174479382, 0.2832908954827119], [0.2643757157115114, 0.22816489648068317, 0.2536208758896763, 0.25383851191812906], [0.17151594574249113, 0.3609285360737749, 0.21972611271730327, 0.24782940546643062], [0.22172245662096224, 0.3299169084369522, 0.15091220193282262, 0.29744843300926294], [0.21604568344135885, 0.29533445157791444, 0.19644944808026432, 0.2921704169004624], [0.2863520066550613, 0.18331975499555295, 0.19373657782242595, 0.33659166052695966], [0.20844103950329315, 0.22971373009094062, 0.18602449337106186, 0.37582073703470437], [0.24493090804772308, 0.293613747763032, 0.13167279798699114, 0.32978254620225383], [0.21817393143345315, 0.337776366210809, 0.18257889942817393, 0.26147080292756397], [0.21125275021191972, 0.33827228227967987, 0.20659213708863514, 0.24388283041976544], [0.15596925333970918, 0.32374842266874043, 0.27593308716599146, 0.24434923682555892], [0.26080269902915976, 0.2880139915435807, 0.11540307325073543, 0.33578023617652436], [0.2018080146133332, 0.28684430613258965, 0.24698520565476867, 0.26436247359930876], [0.15134094088490987, 0.3458152032794317, 0.2554121361933421, 0.2474317196423161], [0.1796783860996422, 0.2995004625244086, 0.3099167648946012, 0.21090438648134824], [0.15020385101526523, 0.3367122397678089, 0.2084847427977842, 0.30459916641914164], [0.2550008380265953, 0.31481305530154435, 0.13330568075861354, 0.2968804259132469], [0.2682632705345738, 0.3249216867302088, 0.11608017185965011, 0.2907348708755673], [0.19316708650461967, 0.3709538589113145, 0.21887539212124194, 0.21700366246282407], [0.14000176305522852, 0.3629407274416228, 0.20940647320892158, 0.28765103629422717], [0.18351985877091126, 0.34352736820349394, 0.2338213942636437, 0.23913137876195112], [0.3209901515211822, 0.28956456597928193, 0.17342589854459547, 0.2160193839549406], [0.2585554326905298, 0.2526849022705962, 0.2509399512531186, 0.23781971378575512], [0.22370492046289553, 0.33504439073558345, 0.14109497671654148, 0.30015571208497965], [0.25519741077158115, 0.31094143287238685, 0.18273598216497072, 0.25112517419106134], [0.13886651218921148, 0.3427355076872867, 0.21808133286411194, 0.30031664725938995], [0.30708719331897943, 0.27906350789140777, 0.17596251878484037, 0.2378867800047723], [0.19666201439098704, 0.27676450736575975, 0.2607790045885, 0.26579447365475317], [0.19997618863804936, 0.28338928579025996, 0.28545974637850186, 0.23117477919318866], [0.20725687722703046, 0.3202803305259818, 0.19720658685501416, 0.27525620539197343], [0.25478802688554936, 0.2773011302553518, 0.1581078770972934, 0.3098029657618054], [0.16092431934131146, 0.2781589835570357, 0.29244279938616463, 0.2684738977154881], [0.27373540398176427, 0.2732929140306069, 0.1366973617707868, 0.3162743202168418], [0.34481129989140824, 0.2253699157931221, 0.07399857866066833, 0.35582020565480127], [0.13583773952757575, 0.3008025105436161, 0.40381900704569434, 0.15954074288311376], [0.23541352492979872, 0.23415645637159943, 0.24393929826168703, 0.286490720436915], [0.3061431427361375, 0.23091303827335488, 0.14500612986534658, 0.317937689125161], [0.25310952138635995, 0.302472319438963, 0.18812038630444758, 0.2562977728702296], [0.17486594847730533, 0.2545344532054996, 0.360254934062467, 0.21034466425472811]]}, "rewritten": {"ids": ["97105760", "97106591", "97111790", "97112170", "97112830", "97116401", "97116410", "98106880", "98107410", "98110810", "98111670", "98121790", "99105921", "99107300", "99108310", "99108520", "99109740", "99111440", "99112641", "99120010", "100108260", "100108580", "100109801", "100110260", "100113210", "100115700", "100120010", "101108080", "101108290", "101109000", "101113210", "101119591", "102108621", "102110240", "102110500", "102111990", "102113350", "102121700", "103109641", "103110050", "103111620", "103111990", "103113170", "103113270", "103113610", "103113640", "103120730", "103120780", "104113170", "104113210", "104114230", "104114320", "104114410", "104119340", "105112130", "105113440", "105115380", "105115720", "105117351", "105119550", "105120280", "105120621", "106113170", "106113360", "106114321", "106116120", "106116441", "106118520", "106118820", "106119260", "106119990", "106120640", "106121220", "107115250", "107120010", "107120880", "108113740", "108114180", "108115070", "108115500", "108116120", "108118291", "108119510", "108120621", "108121410", "109113281", "109114030", "109114220", "109115070", "109115380", "109116750", "109118231", "109119340", "109121351", "109121640", "110114720", "110114950", "110115890", "110116290", "110117080", "110117110", "110117140", "110118121", "110118450", "110118880", "110119030", "110121170", "110121450", "110121500", "111114941", "111116010", "111116100", "111116750", "111118910", "111119150", "111119300", "111120190", "111120591", "111121220", "112116800", "112117030", "112117210", "112117461", "112117471", "112117790", "112118530", "112118620", "112118820", "112118860", "112120270", "112120630", "112121030", "112121351", "113118231", "113118490", "113118870", "113119340", "113119480", "113120260", "113120280", "113120780", "113122190"], "labels": [0, 1, 2, 0, 2, 3, 3, 0, 3, 1, 1, 2, 1, 3, 2, 2, 3, 3, 1, 2, 3, 0, 0, 3, 0, 1, 0, 0, 0, 1, 3, 0, 3, 3, 3, 2, 3, 1, 1, 3, 0, 2, 3, 2, 2, 1, 1, 1, 3, 3, 2, 2, 1, 1, 1, 0, 1, 1, 0, 1, 3, 1, 0, 0, 2, 1, 0, 2, 3, 1, 0, 3, 1, 2, 1, 1, 3, 1, 1, 3, 1, 3, 1, 1, 0, 0, 1, 3, 0, 3, 0, 1, 3, 0, 0, 3, 0, 2, 2, 1, 0, 3, 3, 0, 0, 0, 2, 3, 3, 0, 1, 3, 3, 0, 3, 1, 3, 1, 3, 0, 2, 1, 0, 3, 3, 1, 3, 0, 3, 0, 3, 0, 0, 3, 1, 0, 0, 3, 3, 0, 0, 1], "predicted_labels": [0, 1, 0, 0, 3, 0, 0, 0, 0, 1, 0, 1, 1, 0, 1, 0, 1, 3, 1, 0, 1, 1, 0, 0, 1, 1, 0, 1, 0, 3, 0, 0, 0, 1, 3, 1, 3, 1, 1, 1, 1, 0, 1, 3, 0, 0, 1, 1, 1, 0, 0, 3, 1, 1, 1, 3, 1, 1, 1, 1, 1, 0, 1, 1, 3, 0, 1, 1, 1, 0, 3, 1, 3, 1, 0, 3, 3, 1, 1, 1, 3, 0, 3, 0, 1, 0, 3, 0, 1, 1, 0, 0, 0, 0, 3, 0, 0, 0, 1, 3, 1, 0, 1, 1, 0, 1, 3, 1, 1, 0, 3, 0, 0, 0, 0, 1, 2, 0, 1, 1, 1, 1, 0, 1, 3, 1, 1, 1, 1, 1, 0, 0, 3, 3, 3, 0, 0, 0, 0, 0, 1, 3], "confidence_scores": [[0.29257932746480825, 0.2779221805594013, 0.13284044048678473, 0.29665805148900576], [0.19581688866164101, 0.30358727808285846, 0.2623894823036182, 0.2382063509518822], [0.31574617583281755, 0.27191058155277625, 0.13065959897131485, 0.2816836436430918], [0.2950287398975048, 0.2584140747394158, 0.1821568313280697, 0.26440035403500967], [0.2457095498925717, 0.23662241153530128, 0.1942611481137541, 0.32340689045837284], [0.35165651947197835, 0.2394053471577535, 0.15641273403834477, 0.2525253993319234], [0.3312907615186901, 0.23415987814112635, 0.14205193727627083, 0.29249742306391247], [0.28616435975155136, 0.2581744982617897, 0.2596838631724547, 0.195977278814204], [0.2980278539409061, 0.23727503877288156, 0.24940834698663045, 0.21528876029958177], [0.17019682438926362, 0.28601756353734287, 0.36780228860752373, 0.17598332346587006], [0.28610215875445905, 0.2561470407778718, 0.20388800186426045, 0.2538627986034084], [0.24397295830548585, 0.2764449053983394, 0.28556399324743537, 0.19401814304873924], [0.21548086464047422, 0.30725170192188406, 0.23706539006495003, 0.2402020433726915], [0.35503298856229865, 0.24191922127159968, 0.07080850377593423, 0.33223928639016737], [0.18943506713720354, 0.3159163918500595, 0.27523489442878174, 0.21941364658395512], [0.26421926507426197, 0.23177733652366833, 0.26147443051435165, 0.24252896788771824], [0.23251876526433354, 0.3068370875863169, 0.2231190827923104, 0.23752506435703885], [0.2172941695768916, 0.2571867883322081, 0.2540225638799083, 0.2714964782109918], [0.23184998031515802, 0.31705631930028416, 0.24236454486619338, 0.20872915551836446], [0.3247914389458955, 0.24806018725498474, 0.1696656244638255, 0.2574827493352943], [0.2533489426474771, 0.3226540484797018, 0.1763857114097847, 0.24761129746303645], [0.22313415932218042, 0.2694639342101679, 0.2682389927199067, 0.23916291374774526], [0.3043002156777698, 0.25316350330150067, 0.16531613398782716, 0.27722014703290226], [0.3137770616955984, 0.28671285687855985, 0.12406912722130631, 0.2754409542045353], [0.22206193354311762, 0.3018463803561182, 0.21378621690651606, 0.26230546919424835], [0.2445908932666808, 0.3088270584116811, 0.16907787141596964, 0.27750417690566825], [0.27885881200106777, 0.2696529525943642, 0.1703507870838276, 0.28113744832074034], [0.2792986675265433, 0.2816029325174714, 0.17787391910520436, 0.2612244808507811], [0.37445598380153383, 0.2106310272583953, 0.09468716984807829, 0.3202258190919925], [0.29511453608349053, 0.2607088514449515, 0.11257514603478473, 0.3316014664367731], [0.28605038947221073, 0.267447303417188, 0.18914547934362852, 0.25735682776697233], [0.31036855504847255, 0.2549278405670253, 0.12224323559817142, 0.3124603687863308], [0.317161968204159, 0.296402056332449, 0.10185014991107937, 0.284585825552312], [0.1674937865624502, 0.2935578587236865, 0.2935450356527822, 0.2454033190610814], [0.27666395037210234, 0.2311751028634064, 0.13240688272403053, 0.35975406404046073], [0.24571260958613828, 0.27900729305426586, 0.21886912209056675, 0.25641097526902934], [0.24522598589470146, 0.26631305042213166, 0.21208684515457718, 0.27637411852858956], [0.21385375075596666, 0.29324273360056224, 0.25916197451314416, 0.23374154113032714], [0.25066553878052517, 0.31277808862182943, 0.16253163959800543, 0.2740247329996401], [0.20821529692748864, 0.3183046129853257, 0.2588325969214328, 0.21464749316575296], [0.2691910211897894, 0.29440779495817376, 0.19787091051514866, 0.23853027333688803], [0.2684647304737402, 0.26932268567471024, 0.22402098460404732, 0.23819159924750238], [0.13678511667384552, 0.30858134088548783, 0.3440321577248107, 0.21060138471585588], [0.256660315870514, 0.2246356845854552, 0.2558748952626169, 0.26282910428141376], [0.2740381424207474, 0.2689463864079498, 0.22622613793255933, 0.23078933323874345], [0.4084855410228258, 0.21049071986725948, 0.06521693079519049, 0.31580680831472435], [0.16620555253144234, 0.2621069692918053, 0.3386704020168343, 0.233017076159918], [0.24317854854424717, 0.2634979404143455, 0.24188660988158817, 0.25143690115981904], [0.2373247496656176, 0.3186896578792944, 0.19822734472167813, 0.24575824773340976], [0.29303872037041157, 0.2506922404753126, 0.18845560855107407, 0.2678134306032019], [0.28655140197282003, 0.28193733285651257, 0.1713392818522167, 0.26017198331845093], [0.26843088689791106, 0.2529331128355026, 0.1685614924621898, 0.3100745078043963], [0.28298081093382427, 0.3070433754232922, 0.1591540204080629, 0.2508217932348206], [0.17707332883522073, 0.307642495123848, 0.279878114683306, 0.23540606135762554], [0.2117889415354274, 0.32921763831279094, 0.213710038406498, 0.24528338174528344], [0.18176904575025196, 0.2867339333984376, 0.25353645713586115, 0.27796056371544936], [0.21586642109623966, 0.2806062602873203, 0.27617517174727685, 0.22735214686916322], [0.2082092698467077, 0.2935816535072027, 0.2368351685619135, 0.261373908084176], [0.21057287128501376, 0.29192484672450597, 0.2602395428693248, 0.23726273912115547], [0.19961672969605182, 0.3233539664919515, 0.2169579163041856, 0.2600713875078112], [0.23564963990219107, 0.30495689140989807, 0.19176372436939637, 0.26762974431851433], [0.3569025714831104, 0.24119976046582722, 0.07139550662245406, 0.33050216142860833], [0.2564625893444357, 0.29320331625444146, 0.19543542075375997, 0.25489867364736324], [0.24638586846654204, 0.2939672335383546, 0.17966568922964724, 0.2799812087654562], [0.27172328198342216, 0.26045785967998897, 0.1722355725911651, 0.2955832857454237], [0.3728467549669165, 0.23539195103894742, 0.13010655161393594, 0.26165474238020064], [0.22044157842082926, 0.2990662705811618, 0.19894346208032174, 0.2815486889176873], [0.2187639698387541, 0.28256760862043434, 0.2904912245239446, 0.2081771970168668], [0.23288574244729757, 0.2933225244704766, 0.19565852607023232, 0.2781332070119937], [0.33708427646039935, 0.21686313086556477, 0.12141445752984391, 0.3246381351441919], [0.2440875861548387, 0.2587793509033645, 0.22527829588856663, 0.2718547670532302], [0.14278403161895625, 0.30360441466435995, 0.3785186260697339, 0.17509292764694975], [0.21257652931243456, 0.2717093632616573, 0.219553230855351, 0.2961608765705574], [0.16099337796180427, 0.30642239102517327, 0.2888092016351443, 0.24377502937787812], [0.27069561491819777, 0.27107881026753056, 0.18757441953580647, 0.27065115527846517], [0.23411585452053363, 0.26149937291288944, 0.25448639619707325, 0.2498983763695039], [0.3215124635147418, 0.23099046399874376, 0.10097234559218514, 0.34652472689432917], [0.2111774450940041, 0.35184042368194396, 0.21448101053599666, 0.2225011206880552], [0.2227058581123747, 0.3109040238839199, 0.24581588155719447, 0.22057423644651128], [0.2675547957059345, 0.2779530817227027, 0.19825049225056834, 0.2562416303207945], [0.27083602577640664, 0.23985113989175783, 0.2096251213638983, 0.27968771296793726], [0.3360750937359321, 0.26702173363871823, 0.07322500898215376, 0.32367816364319596], [0.21420224855887948, 0.27722158920803697, 0.2474767926923884, 0.2610993695406953], [0.27902794761974103, 0.25357826818355417, 0.2049947435252444, 0.2623990406714604], [0.2973451480740044, 0.3101478507888758, 0.10901318183288866, 0.28349381930423095], [0.26006803608979595, 0.25966789185930167, 0.24724735872202308, 0.23301671332887935], [0.27167143431066515, 0.25663019932757103, 0.17462872358199508, 0.29706964277976894], [0.32364496038214824, 0.23775641928772756, 0.13559562049847806, 0.30300299983164597], [0.27237584290585765, 0.3082801292958102, 0.18554961932139719, 0.2337944084769344], [0.15608323365876026, 0.29620830292729605, 0.29252592377350956, 0.2551825396404341], [0.3358881483919731, 0.25450626468543286, 0.12625508620112108, 0.2833505007214729], [0.34259614686474216, 0.25405625916342817, 0.12885407973308885, 0.2744935142387409], [0.28844424860973417, 0.27837947329854323, 0.17766469672156546, 0.2555115813701568], [0.31852888729358597, 0.262561406898408, 0.12600565390254106, 0.29290405190546503], [0.30758098403901796, 0.2638257865807302, 0.1026116258728443, 0.3259816035074077], [0.3391876507054809, 0.233347274422771, 0.16146190011718456, 0.26600317475456353], [0.36116611603089965, 0.2189528334406543, 0.08993565105495949, 0.3299453994734868], [0.3277313333873031, 0.2617884868037799, 0.1489062233775803, 0.26157395643133674], [0.28609747470703717, 0.29307382958168143, 0.213522564346633, 0.20730613136464807], [0.28216250878476784, 0.2509274177267767, 0.17947261044245025, 0.28743746304600526], [0.24250618922380718, 0.2950081038319534, 0.20566171397830244, 0.2568239929659368], [0.2849226957460786, 0.27756562848418465, 0.15658627641553066, 0.28092539935420624], [0.19600552116264627, 0.3073143094520718, 0.207642408240413, 0.2890377611448689], [0.19933903502378972, 0.34105235653170024, 0.2239202386371922, 0.23568836980731817], [0.3563679598704761, 0.23145098512843842, 0.059199659510998995, 0.35298139549008656], [0.2001577146129154, 0.3233145892899648, 0.21633181295975842, 0.2601958831373611], [0.22469273232680745, 0.2531160378412968, 0.232821441316184, 0.2893697885157117], [0.259159215018809, 0.3253057865350446, 0.1040494311818059, 0.3114855672643403], [0.23777716449125927, 0.30266064825190075, 0.19509864250937412, 0.2644635447474658], [0.3106232375523956, 0.2662348939637391, 0.13799313220869938, 0.28514873627516585], [0.24035688299164415, 0.24591307420946784, 0.23065732998798555, 0.2830727128109024], [0.371774875745484, 0.26032090290542503, 0.07662685652870029, 0.2912773648203909], [0.2983849887113188, 0.2721701716346746, 0.15709647880273606, 0.2723483608512707], [0.39049317342233486, 0.25673329819764407, 0.04610445682364531, 0.3066690715563759], [0.330523030916894, 0.2672635358398844, 0.10637801099349932, 0.29583542224972237], [0.2083032618579757, 0.2948875197968661, 0.2671102371405136, 0.22969898120464452], [0.21623983202379368, 0.23721618562560087, 0.34824789359317604, 0.19829608875742963], [0.34281444761769986, 0.2790136309781235, 0.0717754399341849, 0.3063964814699921], [0.2896875316661542, 0.31085912496614687, 0.1095805833573448, 0.28987276001035406], [0.26674594204433655, 0.2942568840696596, 0.18049287606075015, 0.2585042978252539], [0.2064598474316353, 0.3000524205003548, 0.2417894189490659, 0.2516983131189441], [0.18267508759085138, 0.30528439684612474, 0.3355366618996197, 0.17650385366340401], [0.35517110819612835, 0.23449380846057538, 0.1346816058311252, 0.275653477512171], [0.1999312640212582, 0.30159088124969513, 0.25243639450668587, 0.24604146022236095], [0.26361231062496243, 0.2546115667706706, 0.17225694524037694, 0.30951917736399015], [0.188467704293997, 0.3187378335396273, 0.2857229638563996, 0.20707149830997607], [0.2725302727599947, 0.3041718455429901, 0.18298024053341552, 0.24031764116359972], [0.286353486172929, 0.2893033673144471, 0.1285577452054327, 0.2957854013071911], [0.19061415377278912, 0.29153944373276586, 0.32069312615887746, 0.19715327633556742], [0.20094783395061647, 0.29718141853657326, 0.24867576494858096, 0.2531949825642288], [0.3470774994741155, 0.26139284371029853, 0.1041037148603935, 0.28742594195519244], [0.3319362954272253, 0.20644806319196696, 0.15733637489803534, 0.30427926648277204], [0.17625805818245804, 0.27728128894299925, 0.2934627489348889, 0.252997903939654], [0.17929782540814249, 0.2994921020872583, 0.22453115414713715, 0.29667891835746196], [0.2686777465106916, 0.2752606262807347, 0.14106929278177072, 0.3149923344268031], [0.31490076211319007, 0.3005119031851561, 0.16168843786030057, 0.2228988968413532], [0.32430027108744586, 0.24270094336233455, 0.11703043340033535, 0.31596835214988417], [0.2800474049649435, 0.26003017234546616, 0.20444895408389577, 0.25547346860569464], [0.3057993547967393, 0.2512009946925453, 0.14129430168319587, 0.30170534882751937], [0.36838691521841255, 0.18515756879658046, 0.09574599632324943, 0.35070951966175773], [0.19901526163588176, 0.3047484160726966, 0.22296275503178778, 0.273273567259634], [0.21744227455880744, 0.26606534318359104, 0.2469816977736202, 0.2695106844839814]]}}