{"test": {"ids": ["111118910", "99109740", "102117351", "103120340", "111120531", "111116990", "97113900", "108115880", "102110750", "102109910", "112118421", "106117770", "113122170", "101108950", "103117200", "112116810", "111116110", "108117610", "107116501", "109116750", "109119591", "101114020", "113118490", "112120990", "105116650", "105112100", "113119360", "105118230", "103113101", "110115580", "105115380", "105110091", "99109910", "104114240", "112117030", "100109000", "109117150", "105116980", "105119950", "106114280", "108115570", "112121030", "98107210", "107113260", "103113270", "98121790", "101112201", "113119320", "113119340", "101108580", "97107950", "100115700", "97107920", "99108890", "97112170", "110121170", "113118870", "102111990", "100120010", "98120010", "97108520", "102121700", "97112300", "108114040", "100117420", "111116750", "110120540", "109117600", "99117740", "98120530", "103111480", "105117431", "111121930", "113117630", "105111990", "105116860", "99107950", "108120280", "105112260", "113118690", "108118810", "106113830", "110120700", "106113260", "111116290", "109121410", "105121190", "99109860", "112117571", "103110050", "109119460", "108113620", "113117550", "112119610", "105110251", "112116990", "106117790", "103113640", "107116340", "111119950", "109117730", "101110150", "110115710", "107113130", "107117010", "105113620", "107120260", "102110050", "110114321", "111119430", "107113180", "112118880", "109113881", "109117080", "105113170", "109121351", "111120640", "100120780", "112117580", "97109570", "109116040", "110115140", "110121140", "99107500", "107121640", "110119300", "98116940", "104111531", "101119591", "102112030", "101112160", "108119550", "101108500", "103113260", "103111620", "109119010", "108115070", "110118161", "107113550", "108118301", "102109840", "113117340"], "labels": [0, 3, 1, 1, 0, 0, 2, 3, 1, 2, 3, 0, 1, 2, 0, 3, 3, 3, 1, 0, 0, 3, 1, 2, 1, 1, 0, 1, 3, 1, 1, 0, 2, 0, 2, 1, 2, 0, 3, 3, 3, 0, 1, 0, 2, 2, 0, 1, 0, 0, 2, 1, 0, 0, 0, 2, 0, 2, 0, 2, 2, 1, 2, 0, 2, 3, 1, 1, 2, 1, 0, 1, 1, 0, 2, 2, 1, 3, 3, 3, 1, 1, 2, 3, 2, 0, 2, 2, 3, 3, 1, 3, 3, 0, 0, 0, 1, 1, 3, 0, 3, 1, 2, 1, 1, 0, 1, 3, 1, 3, 3, 1, 0, 1, 0, 0, 0, 1, 0, 0, 0, 0, 3, 0, 1, 1, 2, 0, 0, 2, 3, 1, 3, 3, 0, 3, 1, 0, 0, 1, 2, 2], "predicted_labels": [1, 3, 1, 2, 0, 0, 1, 3, 2, 3, 3, 0, 3, 3, 1, 2, 3, 3, 1, 0, 1, 1, 3, 2, 2, 3, 3, 1, 1, 1, 1, 0, 2, 0, 1, 3, 1, 3, 0, 1, 3, 3, 1, 3, 2, 2, 0, 1, 0, 0, 2, 3, 0, 1, 3, 3, 1, 0, 3, 2, 1, 1, 0, 2, 3, 0, 1, 1, 0, 3, 1, 1, 2, 0, 3, 1, 1, 3, 1, 1, 1, 0, 3, 1, 1, 1, 1, 2, 1, 1, 3, 1, 3, 1, 0, 2, 3, 3, 3, 0, 1, 2, 1, 1, 0, 1, 0, 3, 0, 3, 1, 0, 0, 1, 3, 0, 0, 3, 3, 0, 1, 3, 0, 1, 1, 3, 1, 3, 3, 2, 1, 1, 2, 3, 3, 3, 1, 1, 2, 1, 1, 1], "confidence_scores": [[0.017774986420024973, 0.6566727684653036, 0.18790841341850115, 0.1376438316961703], [0.029143241230347037, 0.42436266345311013, 0.05920743553597485, 0.48728665978056784], [0.022626821760912515, 0.9412369712967826, 0.003226847102332948, 0.03290935983997188], [0.2842306623075911, 0.22805876085921745, 0.3189055237921812, 0.1688050530410102], [0.666164302185253, 0.09405930510873427, 0.0014196096582837247, 0.23835678304772887], [0.6433624442534915, 0.15997238237401312, 0.11108712488807299, 0.0855780484844222], [0.17854336432522963, 0.7439783361532081, 0.07069311515482771, 0.006785184366734693], [0.07736672560801472, 0.0030036113448904246, 0.001239149118486601, 0.9183905139286083], [0.001750681021516864, 0.2104446166333816, 0.7847771191606961, 0.0030275831844052596], [0.30225515172158335, 0.26686136420674833, 0.05712132322486205, 0.37376216084680625], [0.10439801045317244, 0.27553251999958345, 0.0010982847581008871, 0.6189711847891433], [0.4829143281489403, 0.05980105360102538, 0.2267466225360284, 0.2305379957140058], [0.004503428832892525, 0.05340791691078074, 0.32589231459685963, 0.6161963396594671], [0.004920022241154485, 0.06303597415686955, 0.030326629609004844, 0.9017173739929712], [0.16021930370817192, 0.8277019343253329, 0.005437840793165848, 0.0066409211733292305], [0.21203949885799617, 0.005819151998866312, 0.7703115581681839, 0.011829790974953593], [0.03443686355291271, 0.0045975591724836335, 0.020940229435451093, 0.9400253478391525], [0.0027616847099999585, 0.056935253988890586, 0.04619974271102719, 0.8941033185900822], [0.014985563358916208, 0.7473993844038992, 0.01948125970107694, 0.2181337925361078], [0.8565620807104366, 0.05811077211536389, 0.06852490874721777, 0.016802238426981628], [0.013708583501754409, 0.9629012052951589, 0.019435513610534274, 0.003954697592552263], [0.2618641459666972, 0.4554156168724834, 0.053720107315438026, 0.22900012984538137], [0.029347556541963724, 0.012259524240509979, 0.005395799207071089, 0.9529971200104551], [0.058317496764964824, 0.4460485675084315, 0.4916456288255325, 0.003988306901071203], [0.0016463482021880993, 0.29773825072576243, 0.6904805885918499, 0.010134812480199542], [0.03560207747848396, 0.0009711510719469056, 0.033799351514770024, 0.9296274199347991], [0.18852802245041284, 0.029653896090322623, 0.032539792668690934, 0.7492782887905737], [0.00033221883554967975, 0.9405257054266312, 0.04874129330410491, 0.01040078243371414], [0.12217390249184928, 0.4172038063728899, 0.04631860510114906, 0.4143036860341118], [0.016174084550910673, 0.9330937794971959, 0.025671539902265946, 0.02506059604962763], [0.0016604585761594722, 0.5095588408664856, 0.3185898265764087, 0.17019087398094612], [0.7228779510451652, 0.19395780959281625, 0.017122439065692753, 0.0660418002963258], [0.03799226463560744, 0.16334599134223982, 0.7811484617278107, 0.017513282294342104], [0.5477508037687197, 0.005892811956294881, 0.11674933312836146, 0.32960705114662403], [0.0038650269928950146, 0.9081213181276918, 0.05149512757107965, 0.03651852730833362], [0.02778602361794099, 0.013351004538280737, 0.004157368718484234, 0.9547056031252941], [0.01659331088944405, 0.9736958962289696, 0.007288126551413233, 0.0024226663301730733], [0.08893647414588336, 0.16881317111711047, 0.0028822286137586777, 0.7393681261232475], [0.47641455114743453, 0.05082681292653189, 0.21228700376984166, 0.26047163215619185], [0.18467166000217855, 0.3341501524267065, 0.29204437942036704, 0.18913380815074793], [0.008892771980433084, 0.11781752811884572, 0.17344434918754278, 0.6998453507131784], [0.30260336107333, 0.1140758627674973, 0.1270224047524863, 0.45629837140668633], [0.003205488987268379, 0.6873362279781, 0.11713685189396847, 0.1923214311406632], [0.011023329851123474, 0.32292013843191264, 0.12519446037321552, 0.5408620713437484], [0.0016683008978814245, 0.019401240577309284, 0.9402397202933087, 0.03869073823150059], [0.19703824833670988, 0.24171950218278218, 0.3514292679399053, 0.2098129815406027], [0.5073383019402666, 0.17271906827027933, 0.011956538781595687, 0.30798609100785845], [0.06581504722357025, 0.515156272282061, 0.006875166284854237, 0.4121535142095147], [0.8021463993961925, 0.04722172031504076, 0.0007364660794476364, 0.14989541420931907], [0.861423167618279, 0.01875097218134556, 0.08401820404968668, 0.035807656150688684], [0.025789716725525227, 0.009901141019818378, 0.80023089468636, 0.16407824756829645], [0.16524475585093837, 0.28801799691860824, 0.23899100098022275, 0.3077462462502307], [0.7853442835535239, 0.004074546865527255, 0.010947683439225904, 0.19963348614172285], [0.01990559452341965, 0.9440755091600648, 0.02228508908854529, 0.013733807227970057], [0.20204806079948148, 0.1727362261481064, 0.03022175051418105, 0.5949939625382311], [0.1118373131339687, 0.16980189444862803, 0.03229700201727685, 0.6860637904001264], [0.07238129039972253, 0.5520410553204129, 0.0047553723526115935, 0.3708222819272529], [0.47802479464983477, 0.17157350480943614, 0.2390074787336812, 0.11139422180704792], [0.1877971576433175, 0.0714833690777853, 0.3294010010650355, 0.4113184722138617], [0.013753112274207804, 0.07856262196100842, 0.6838038444881379, 0.22388042127664595], [0.0892591583321914, 0.8371905943673075, 0.05010536394887581, 0.023444883351625204], [0.20703732263375846, 0.5275183617738949, 0.09584295600262482, 0.1696013595897219], [0.5520794830949107, 0.09492322921501582, 0.22758857765321208, 0.12540871003686124], [0.022812097517020725, 0.18734517424692174, 0.5786662649873427, 0.21117646324871475], [0.05709027075197045, 0.020420483368345628, 0.15832863073309755, 0.7641606151465865], [0.959841554776109, 0.010668146405677271, 0.017250822861094, 0.012239475957119833], [0.0010076817859127622, 0.9513381643601764, 0.02701862961123553, 0.02063552424267533], [0.259016981913532, 0.40574441136433526, 0.25318968872258424, 0.08204891799954862], [0.7913001293835463, 0.09705749402800258, 0.08123538059010424, 0.030406995998346894], [0.08500582324388004, 0.06786827226405077, 0.06809356024480927, 0.77903234424726], [0.3117660718422855, 0.4754187801039335, 0.033254847959160096, 0.17956030009462087], [0.10498457204160527, 0.5374252118953227, 0.14980882276618812, 0.207781393296884], [0.04084756082713093, 0.004614011835101742, 0.8402969592018126, 0.1142414681359548], [0.5870546177063793, 0.05170558460902993, 0.02563373781048287, 0.3356060598741079], [0.009568718976426038, 0.019974235470309496, 0.07280091345684374, 0.8976561320964207], [0.3944598282368554, 0.5572173334519404, 0.04075678761164903, 0.007566050699555156], [0.000890614202059998, 0.9055881112001068, 0.09015201173881651, 0.0033692628590167506], [0.1961844769611734, 0.0060457428950436015, 0.03247712460383864, 0.7652926555399444], [0.011710265122735361, 0.5464183459295745, 0.005886782980370174, 0.4359846059673201], [0.012489351994460126, 0.7313980727321352, 0.009629169629633118, 0.24648340564377147], [0.0033085371313708884, 0.7297636517413754, 0.03239034954946708, 0.2345374615777866], [0.7010541082394982, 0.07566748691251769, 0.03097164083533712, 0.19230676401264693], [0.03164494286117349, 0.0327459651300257, 0.01143118568171814, 0.9241779063270826], [0.09368913324411991, 0.6642991842196111, 0.08387361426823264, 0.15813806826803647], [0.03967753122567298, 0.4564760448986315, 0.2497957046473198, 0.2540507192283757], [0.0016285776046855009, 0.5551401969629183, 0.0038647354646468204, 0.4393664899677493], [0.005975043804928064, 0.7693782935538662, 0.11333003907407652, 0.11131662356712912], [0.014249117891475814, 0.357028635770964, 0.6137168047480925, 0.015005441589467747], [0.0038862266862109743, 0.5478996495885913, 0.02343993919616774, 0.42477418452903004], [0.08141902673226317, 0.6605368337075964, 0.05920904854670833, 0.19883509101343216], [0.10168386064315463, 0.03728489232799567, 0.018276757823966188, 0.8427544892048836], [0.43497252053988666, 0.5242337012159836, 0.0008932098671523187, 0.03990056837697751], [0.023779818635109445, 0.0013628550138007577, 0.0017044291229289063, 0.9731528972281609], [6.477313927877793e-05, 0.9806185335177316, 0.0038479426759064073, 0.01546875066708336], [0.4915660895785896, 0.40812309391631985, 0.0902055679325559, 0.0101052485725346], [0.010825685681467611, 0.03608072955788476, 0.6614076806598055, 0.2916859041008422], [0.1581179883104924, 0.07962956913733911, 0.12700565179340637, 0.6352467907587621], [0.15970219065104918, 0.007644154575088316, 0.01969226368726769, 0.8129613910865948], [0.08078215850470001, 0.34861548239050355, 0.06009669671930711, 0.5105056623854893], [0.614030527310303, 0.029053537925330285, 0.027422831661603104, 0.32949310310276353], [0.2737330189858081, 0.5529322910633387, 0.040277093080930124, 0.13305759686992305], [0.11765443273834314, 0.2170250213250472, 0.4490272075746425, 0.21629333836196715], [0.029277676873473442, 0.9384112243089064, 0.013282435414648, 0.019028663402972195], [0.03361030171046738, 0.5123996159980698, 0.39100101203855653, 0.06298907025290637], [0.331446047337883, 0.31428948043626964, 0.27022881791492154, 0.08403565431092566], [0.01767151972007205, 0.5910350139202541, 0.1812853331507511, 0.21000813320892278], [0.5137733971195169, 0.085996348544505, 0.133397660991038, 0.26683259334494014], [0.012110316961951776, 0.18491191704012788, 0.38061816512795704, 0.4223596008699632], [0.5080724645345144, 0.043415246508218756, 0.18237998544810052, 0.2661323035091664], [0.003649424693801297, 0.2026958038647772, 0.0018107123471448167, 0.7918440590942767], [0.0003442593078596569, 0.9421247751696341, 0.006321578970242786, 0.05120938655226338], [0.8931506350515244, 0.042660839657729245, 0.023248206194091296, 0.04094031909665523], [0.7986733644494675, 0.12708478524856728, 0.0537536287964771, 0.02048822150548809], [3.1484710825752235e-05, 0.9990797743775311, 0.0005344741570024542, 0.00035426675464055306], [0.0065075784297291125, 0.010217497992800494, 0.011694036057631455, 0.971580887519839], [0.6248377263039955, 0.07213554863663259, 0.038153081656728476, 0.26487364340264347], [0.32301064784114625, 0.3082093354193142, 0.15980134119773018, 0.20897867554180943], [0.22430796986171592, 0.16917849663277582, 0.03046293764699218, 0.576050595858516], [0.44277195181879536, 0.1070278534875981, 0.0012214174558354291, 0.448978777237771], [0.46301079912848864, 0.061525319938507454, 0.11522422661657718, 0.36023965431642674], [0.015197022689056618, 0.5777614457971118, 0.00789484049318663, 0.39914669102064504], [0.3358784228953474, 0.03838056242446252, 0.017581919750934816, 0.6081590949292554], [0.7940376755375025, 0.1334207938330344, 0.006953641045470702, 0.06558788958399235], [0.0951641925340147, 0.7265472215023068, 0.04639360475376439, 0.1318949812099143], [0.04721710389258966, 0.4924194687805874, 0.2464876310293322, 0.21387579629749082], [0.28190544138763446, 0.3313020243621559, 0.030608911638863888, 0.35618362261134584], [0.030036820574846513, 0.48539480637438376, 0.18798243085065525, 0.29658594220011447], [0.09676549208432096, 0.3921151860610352, 0.0884611916073668, 0.422658130247277], [0.015798102077779774, 0.0610057739956257, 0.010241555978075662, 0.9129545679485188], [0.018307660299222664, 0.03852239739839002, 0.7529125959896126, 0.19025734631277474], [0.0017599782537380529, 0.9842527275123416, 0.008271563790842443, 0.005715730443077821], [0.00788126177027553, 0.7411606911946065, 0.21436001334704954, 0.03659803368806849], [0.03372647968731941, 0.011471571633321031, 0.8182609470931832, 0.1365410015861763], [0.029159722533860868, 0.3492191060555504, 0.0055821809001926175, 0.6160389905103961], [0.006767033110804479, 0.06196004373446965, 0.0036885958470840234, 0.927584327307642], [0.01273837949983816, 0.03613258545813499, 0.04829297401101992, 0.902836061031007], [0.053351862528660476, 0.9349812709444884, 0.001862741977586159, 0.00980412454926493], [0.38181819383821225, 0.4223742704177022, 0.004699261836962458, 0.19110827390712307], [0.0338212906376747, 0.11655062478635989, 0.43772516431144554, 0.41190292026451986], [0.007252902941243515, 0.677801597034099, 0.003526671882740247, 0.3114188281419172], [0.08886731679139259, 0.6139416053917671, 0.16592559097551013, 0.1312654868413302], [0.07205152030645709, 0.7573243370196051, 0.004246894315257224, 0.16637724835868048]]}, "rewritten": {"ids": ["97107920", "97107950", "97108520", "97109570", "97112170", "97112300", "97113900", "98107210", "98116940", "98120010", "98120530", "98121790", "99107500", "99107950", "99108890", "99109740", "99109860", "99109910", "99117740", "100109000", "100115700", "100117420", "100120010", "100120780", "101108500", "101108580", "101108950", "101110150", "101112160", "101112201", "101114020", "101119591", "102109840", "102109910", "102110050", "102110750", "102111990", "102112030", "102117351", "102121700", "103110050", "103111480", "103111620", "103113101", "103113260", "103113270", "103113640", "103117200", "103120340", "104111531", "104114240", "105110091", "105110251", "105111990", "105112100", "105112260", "105113170", "105113620", "105115380", "105116650", "105116860", "105116980", "105117431", "105118230", "105119950", "105121190", "106113260", "106113830", "106114280", "106117770", "106117790", "107113130", "107113180", "107113260", "107113550", "107116340", "107116501", "107117010", "107120260", "107121640", "108113620", "108114040", "108115070", "108115570", "108115880", "108117610", "108118301", "108118810", "108119550", "108120280", "109113881", "109116040", "109116750", "109117080", "109117150", "109117600", "109117730", "109119010", "109119460", "109119591", "109121351", "109121410", "110114321", "110115140", "110115580", "110115710", "110118161", "110119300", "110120540", "110120700", "110121140", "110121170", "111116110", "111116290", "111116750", "111116990", "111118910", "111119430", "111119950", "111120531", "111120640", "111121930", "112116810", "112116990", "112117030", "112117571", "112117580", "112118421", "112118880", "112119610", "112120990", "112121030", "113117340", "113117550", "113117630", "113118490", "113118690", "113118870", "113119320", "113119340", "113119360", "113122170"], "labels": [0, 2, 2, 0, 0, 2, 2, 1, 2, 2, 1, 2, 0, 1, 0, 3, 2, 2, 2, 1, 1, 2, 0, 1, 3, 0, 2, 1, 3, 0, 3, 0, 2, 2, 3, 1, 2, 2, 1, 1, 3, 0, 0, 3, 3, 2, 1, 0, 1, 0, 0, 0, 0, 2, 1, 3, 0, 0, 1, 1, 2, 0, 1, 1, 3, 2, 3, 1, 3, 0, 1, 1, 3, 0, 0, 3, 1, 1, 1, 1, 3, 0, 1, 3, 3, 3, 1, 1, 1, 3, 0, 0, 0, 1, 2, 1, 3, 3, 1, 0, 0, 0, 1, 0, 1, 2, 0, 1, 1, 2, 3, 2, 3, 2, 3, 0, 0, 3, 0, 0, 0, 1, 3, 0, 2, 3, 0, 3, 1, 0, 2, 0, 2, 3, 0, 1, 3, 0, 1, 0, 0, 1], "predicted_labels": [0, 2, 0, 0, 0, 2, 1, 1, 3, 3, 0, 0, 1, 2, 1, 0, 2, 2, 3, 3, 2, 0, 0, 0, 2, 0, 3, 0, 1, 0, 0, 0, 0, 0, 1, 2, 2, 0, 1, 1, 1, 0, 2, 0, 1, 3, 0, 1, 0, 3, 3, 3, 0, 0, 0, 1, 3, 1, 1, 2, 0, 3, 0, 3, 0, 1, 0, 3, 1, 2, 3, 2, 1, 3, 3, 3, 1, 0, 2, 2, 1, 3, 3, 1, 0, 1, 0, 1, 3, 0, 0, 3, 0, 1, 1, 2, 0, 3, 3, 0, 0, 3, 0, 0, 1, 3, 0, 1, 2, 1, 0, 3, 0, 2, 0, 0, 3, 1, 0, 0, 0, 0, 0, 3, 1, 3, 0, 3, 0, 1, 1, 0, 1, 2, 3, 3, 0, 0, 3, 0, 3, 1], "confidence_scores": [[0.9516840104956915, 0.0001279350118093852, 0.0041436326873888945, 0.04404442180511025], [0.15434552846636243, 0.017285490746223053, 0.8245426931820727, 0.0038262876053417384], [0.7161011773228191, 0.11315908741438968, 0.04614322458846819, 0.12459651067432313], [0.9856608980267958, 0.009553118502738642, 0.0011974867218077286, 0.003588496748657696], [0.7304688874339037, 0.11759447482207093, 0.004614853031783599, 0.14732178471224172], [0.34675504256594486, 0.08690012953429169, 0.455711229751386, 0.11063359814837738], [0.3207037381808068, 0.5818785205431177, 0.09617245948112338, 0.0012452817949521859], [0.026828900666576862, 0.9526545075132964, 0.012067464822189213, 0.008449126997937562], [0.08734155889959565, 0.014587558791799004, 0.0217938177631257, 0.8762770645454796], [0.047597576998968445, 0.32629472664960296, 0.056088894288301924, 0.5700188020631267], [0.6735600971848021, 0.1764585664225687, 0.051900740444818606, 0.09808059594781046], [0.9419679667301488, 0.03470397819319911, 0.01024608472540508, 0.013081970351246966], [0.003486952437007759, 0.9632058668882778, 0.0006143876952216838, 0.032692792979492846], [0.02562781286372882, 0.07291415440230709, 0.546211357494001, 0.35524667523996306], [0.030621551901929174, 0.923686993824405, 0.0019062808721747363, 0.04378517340149117], [0.9829826850243035, 0.0055731620073563885, 0.0015483277212430388, 0.00989582524709704], [0.16999595692248484, 0.22976498107635795, 0.46635100442287386, 0.13388805757828334], [0.16465004183371562, 0.022998357392104665, 0.7461120018326355, 0.0662395989415444], [0.4030674547209555, 0.01838822749171942, 0.0552332628040847, 0.5233110549832404], [0.2588512322013328, 0.17368218690929443, 0.1654054615833577, 0.4020611193060151], [0.13837828306752534, 0.06794044857378191, 0.4302280445347475, 0.36345322382394524], [0.8915073532727943, 0.0011285906747080668, 0.01002077064467783, 0.0973432854078198], [0.9699276304040887, 0.003956374460323703, 0.024827905074527742, 0.0012880900610597], [0.7667611115942071, 0.04263187515474417, 0.13680888348593356, 0.053798129765115145], [0.20457840834568575, 0.0011045095239047, 0.7351199811581036, 0.05919710097230594], [0.7199806137908934, 0.017469897105691606, 0.04255694674827293, 0.21999254235514204], [0.014854428439243955, 0.012530096441662647, 0.03924693789472768, 0.9333685372243657], [0.43559403254480056, 0.28348240305236294, 0.09788866274848401, 0.1830349016543525], [0.019688845030520867, 0.8447692613036313, 0.00766637300035473, 0.12787552066549332], [0.537252242929029, 0.3601321868263493, 0.01947572157530478, 0.08313984866931697], [0.8598683589688452, 0.04972832593725364, 0.05965430652692591, 0.030749008566975208], [0.6706286797592113, 0.011925510309054388, 0.09202922652736505, 0.22541658340436946], [0.5449862361679922, 0.02860006131847176, 0.057231781397738365, 0.3691819211157976], [0.6746182731425494, 0.16022967543866165, 0.053970894569621876, 0.1111811568491671], [0.16240725918590873, 0.43549072781002135, 0.027938064709436026, 0.3741639482946339], [0.013898749741104374, 0.18235941532161543, 0.7953349442603145, 0.008406890676965742], [0.28766945320902293, 0.006708913850275519, 0.5981506537686222, 0.10747097917207933], [0.5219369631589997, 0.03000246566969269, 0.25851404970918423, 0.18954652146212336], [0.3256693855554665, 0.6160446853901436, 0.007026710635929673, 0.051259218418460185], [0.05175564945471457, 0.847284200024161, 0.01005437806974972, 0.0909057724513747], [0.1428379390864678, 0.7405666167328397, 0.10216375451439753, 0.014431689666294994], [0.7636002817995547, 0.06445016104539639, 0.008311482231903521, 0.16363807492314528], [0.04807712510586809, 0.24367303504373009, 0.5867054395211101, 0.12154440032929174], [0.6130899227236417, 0.108902726889041, 0.10319430700427934, 0.17481304338303816], [0.1353668597676574, 0.7559132561835769, 0.015095047263070253, 0.09362483678569546], [0.11928553472190416, 0.014944167179646896, 0.32369923210611057, 0.5420710659923383], [0.9258108819576574, 0.0009775737402890772, 0.014692256614164971, 0.058519287687888506], [0.003898406695726785, 0.9942872565415352, 0.0006211906703850867, 0.0011931460923531782], [0.5753084335718324, 0.002608605519315049, 0.13851345543126506, 0.28356950547758747], [0.18833412383598422, 0.0086781755606397, 0.008828794975591032, 0.794158905627785], [0.021400472781959636, 0.06463986166930268, 0.002190172938221301, 0.9117694926105164], [0.11360971875340148, 0.008649088959008481, 0.1713234601679435, 0.7064177321196464], [0.9347491366986155, 0.005952095501739402, 0.002596405708490303, 0.056702362091154805], [0.3422312325824476, 0.30045242474170303, 0.06318140252134136, 0.2941349401545081], [0.5979272663454515, 0.0008369422394481018, 0.20924632482717032, 0.19198946658793006], [0.2058770280524023, 0.47659346107155726, 0.013525349415678232, 0.30400416146036224], [0.04348441179812107, 0.03842296453209901, 0.026381178764426732, 0.8917114449053531], [0.11333750502662414, 0.7613356384342566, 0.09728185466868643, 0.028045001870432927], [0.003313822170767246, 0.9217769462517443, 0.05256061947837359, 0.02234861209911457], [0.021755719837656364, 0.04070321986503669, 0.6440134459855641, 0.2935276143117429], [0.6817252089345526, 0.26555250603326697, 0.0511135268385498, 0.001608758193630795], [0.06796979204934626, 0.00957426057181535, 0.001104081505909513, 0.9213518658729288], [0.42451682755119363, 0.3957317752136536, 0.15493207790737096, 0.024819319327781912], [0.034916757090442445, 0.043333414493688174, 0.06001696613712921, 0.8617328622787402], [0.630665507490862, 0.07121950589317794, 0.013815185639125906, 0.2842998009768342], [0.026275442320515433, 0.9125123962095296, 0.0431647509188346, 0.01804741055112029], [0.6005019185970847, 0.16685998882102834, 0.22881670008641725, 0.003821392495469644], [0.28908102681802467, 0.027206960148152545, 0.021643021183703655, 0.6620689918501192], [0.40767563342219243, 0.41566915206895855, 0.1344838980647644, 0.04217131644408468], [0.10357323670020777, 0.0003619115520125655, 0.4990163958051935, 0.3970484559425861], [0.3992457366922415, 0.054616368927290354, 0.01467823056044999, 0.5314596638200182], [0.4090042978034514, 0.07562366294252919, 0.4908843173032026, 0.0244877219508169], [0.05756987664391733, 0.5043083538824674, 0.09831690079577443, 0.33980486867784093], [0.03423999113781706, 0.001568242514186815, 0.0023899939275715733, 0.9618017724204245], [0.17815180624369442, 0.0643707099947127, 0.1919645146915949, 0.5655129690699979], [0.26435986259330335, 0.2220999399080624, 0.10751863083508593, 0.4060215666635482], [0.029900829109342386, 0.6123420518191451, 0.021513141853392124, 0.3362439772181203], [0.5747150089880299, 0.1417651644839728, 0.0476493383863161, 0.23587048814168118], [0.4812177223084959, 0.010000286941899722, 0.4915113204458581, 0.017270670303746363], [0.1148393199785937, 0.02132902658078996, 0.845671299049511, 0.018160354391105422], [0.27118756819742096, 0.43732250490217417, 0.03907167203116636, 0.2524182548692386], [0.31411993198622473, 0.0006769316445190474, 0.19823058295176116, 0.48697255341749507], [0.010870349353592514, 0.3646027117728776, 0.02096790518164956, 0.6035590336918802], [0.01682203988983439, 0.63611290285979, 0.32480080876104656, 0.02226424848932914], [0.7754470054913557, 0.055086359662916, 0.13561756521396004, 0.03384906963176822], [0.23995712669295108, 0.6958655022664039, 0.01772965342797924, 0.046447717612665786], [0.8524646586449967, 0.0069755564737035035, 0.003409204112929917, 0.13715058076836986], [0.3732907417245707, 0.618599123380553, 0.0029220837280369153, 0.0051880511668394086], [0.06903103139027655, 0.00946435425646963, 0.009791965422477861, 0.9117126489307759], [0.724075006281172, 0.011775563388193602, 0.10222566920065318, 0.16192376112998108], [0.9329842443978945, 0.014163239585812644, 0.04795492502121027, 0.004897590995082699], [0.07109820080321336, 0.10228979875727724, 0.14957729845631978, 0.6770347019831896], [0.9644738708841145, 0.022964203160495186, 0.007217319008433654, 0.005344606946956785], [0.02432267928674593, 0.4716373136345414, 0.3463721237990238, 0.15766788327968878], [0.15971542334635172, 0.790892719150984, 0.0340074902515578, 0.015384367251106344], [0.2647517532364669, 0.1129673950283933, 0.3887308859780074, 0.2335499657571324], [0.5414816176683486, 0.2274682521378567, 0.04832786789075032, 0.1827222623030445], [0.06202377848619368, 0.05225915286533737, 0.03589639581071946, 0.8498206728377495], [0.09345732499570933, 0.00311243552358175, 0.02803367266964008, 0.8753965668110687], [0.7756239752133227, 0.04655766753540956, 0.001828777091903625, 0.17598958015936406], [0.7288205565704775, 0.14955750019979624, 0.0035960680718294343, 0.11802587515789675], [0.06414673498983314, 0.15675491134779396, 0.00042358465963278157, 0.7786747690027401], [0.9457097624148308, 0.023041310277947282, 0.029694144674009517, 0.001554782633212421], [0.9877263138366551, 0.006848092594014304, 0.004214814436264769, 0.0012107791330656374], [0.018635833513460386, 0.9388188552468324, 0.02771937145222446, 0.014825939787482789], [0.05108478951176229, 0.33119870077782004, 0.004548778804478158, 0.6131677309059396], [0.9641705024444297, 0.014167647149106522, 0.019207203462473375, 0.0024546469439903486], [0.26352946468579647, 0.6876351013275981, 0.010412294883805882, 0.03842313910279944], [0.10335662227672057, 0.03507203358250968, 0.758966002897734, 0.10260534124303576], [0.06797111403571632, 0.5210907515429813, 0.013830469123210003, 0.3971076652980923], [0.7355859471627195, 0.15672421532690792, 0.033840096499370725, 0.07384974101100175], [0.02895700158872678, 0.0020140510679655557, 0.16992130796160554, 0.7991076393817022], [0.5546905657882514, 0.09240175323270465, 0.013843421451187854, 0.339064259527856], [0.027346101091657526, 0.055252966814797834, 0.720349733497894, 0.19705119859565057], [0.9412309965309982, 2.2694172564480375e-05, 0.005080620198885948, 0.05366568909755127], [0.8656561943065126, 0.0039169355060571925, 0.0044070102665839245, 0.12601985992084624], [0.06972566694406108, 0.047868648660300786, 0.23378036155697576, 0.6486253228386624], [0.05272898904884658, 0.7153488533797068, 0.023371349777111052, 0.20855080779433569], [0.9946362600701941, 0.0008255238194612919, 0.0019045893908084448, 0.0026336267195361395], [0.47778385839256415, 0.42983897431271884, 0.0022301669443211465, 0.09014700035039583], [0.699312952176806, 0.06067506856488736, 0.02763499471035525, 0.2123769845479514], [0.9562452838737105, 0.011592187619727934, 0.018228857039743106, 0.01393367146681843], [0.6855092822247787, 0.0018087522004731395, 0.06022189230289146, 0.25246007327185666], [0.12333158786679536, 0.01545807224118996, 0.3297114399174707, 0.531498899974544], [0.040125120919224516, 0.5641237896880645, 0.3906515978250724, 0.005099491567638555], [0.15833144293200208, 0.0011004412099630998, 0.02229249141617285, 0.818275624441862], [0.9392243937013017, 0.0002614072203758838, 8.073299563360082e-05, 0.060433466082688764], [0.10315999068897416, 0.12288631154250418, 0.002254732096525984, 0.7716989656719957], [0.9935405273878106, 0.0004338329929295653, 0.00338085023321478, 0.002644789386045307], [0.011383016317683438, 0.7883068743990959, 0.1872795850820507, 0.0130305242011699], [0.20367856568036222, 0.5750878658692092, 0.1544916856301825, 0.0667418828202461], [0.8708186526399744, 0.004073200497634907, 0.05988206116558437, 0.06522608569680645], [0.006510219882944624, 0.5081911327688662, 0.016906284485782717, 0.46839236286240654], [0.19539491038402396, 0.1936797010969551, 0.45011027350613336, 0.16081511501288762], [0.13027418601550148, 0.0717863866031708, 0.015469203529516994, 0.7824702238518108], [0.05257029648239584, 0.030468196296582477, 0.020106743680927668, 0.8968547635400941], [0.6267235655882244, 0.05590436229620869, 0.011841461024556972, 0.30553061109101], [0.8635607630113964, 0.031391219120873996, 0.0817327578430538, 0.023315260024675762], [0.007496279881208931, 0.03672106750765623, 0.0004991887252578168, 0.955283463885877], [0.764332945153596, 0.08722167360536182, 0.0025027703112320762, 0.14594261092981012], [0.0034950597541501456, 0.0021309938806727997, 0.018924096452348143, 0.9754498499128289], [0.017480428523391465, 0.5231488605278091, 0.06214929140714966, 0.3972214195416498]]}}