{"test": {"ids": ["112120700", "103113210", "108115570", "112116810", "102109010", "106120640", "108117451", "97107681", "108113740", "109117150", "104114230", "112117461", "106115250", "99111340", "109113881", "102117351", "101108580", "99108460", "108120260", "102121700", "107113200", "97107260", "113119340", "104113550", "113119480", "112120540", "104116441", "104112470", "110114651", "105111990", "98112170", "107114280", "112117571", "107120880", "106113190", "109119460", "98111860", "97112290", "108118301", "109116930", "112117780", "99120010", "105113170", "110115250", "99108890", "110121450", "111115780", "113118231", "98112580", "98110710", "113119120", "98119591", "107116340", "103117461", "100116790", "112119450", "108115970", "112118701", "112119500", "101108370", "113117630", "113117550", "113122230", "113118511", "97116500", "106117650", "100111380", "112121360", "98108370", "99109161", "101114020", "113121220", "107115250", "110116501", "104113210", "97107040", "103111170", "103113270", "108114360", "110113931", "108118291", "109113931", "110117080", "111119150", "113122510", "110118930", "101110740", "97106000", "99116500", "106118520", "110119891", "101110200", "107114950", "104111830", "111118910", "104113190", "112117431", "103110220", "109120621", "104113000", "110114321", "104111780", "99109311", "111117480", "112121410", "97106591", "107114490", "110113591", "98107010", "113121980", "99108000", "98108970", "112118471", "112118820", "112116290", "109118161", "106113830", "101112160", "103120531", "97107920", "98106560", "109116441", "99117740", "109121351", "102107961", "112116880", "112120630", "102118380", "112118930", "112121030", "111119250", "106118301", "105113480", "109113281", "104116980", "109115220", "104119290", "111120591", "97106770", "105115680", "111121190", "107121230"], "labels": [2, 3, 3, 3, 1, 3, 2, 3, 3, 2, 2, 0, 2, 1, 0, 1, 0, 0, 1, 1, 0, 2, 0, 1, 3, 3, 1, 1, 3, 2, 3, 3, 3, 1, 0, 1, 0, 1, 1, 0, 0, 2, 0, 1, 0, 3, 1, 3, 2, 2, 3, 1, 3, 0, 2, 3, 2, 0, 2, 1, 0, 3, 1, 1, 2, 1, 3, 3, 1, 3, 3, 3, 2, 3, 3, 2, 2, 2, 1, 1, 3, 1, 1, 3, 2, 1, 3, 0, 2, 2, 3, 2, 3, 3, 0, 3, 0, 2, 1, 1, 1, 3, 1, 1, 0, 1, 3, 0, 3, 2, 2, 3, 1, 0, 0, 0, 1, 3, 3, 0, 1, 3, 2, 0, 3, 0, 3, 1, 1, 0, 1, 1, 0, 0, 1, 3, 1, 1, 3, 2, 1, 0], "predicted_labels": [1, 1, 0, 1, 1, 1, 0, 2, 0, 0, 1, 3, 1, 3, 1, 0, 0, 3, 1, 0, 0, 2, 0, 0, 0, 0, 1, 1, 1, 3, 0, 1, 3, 3, 0, 3, 2, 3, 3, 2, 0, 2, 3, 3, 1, 0, 0, 1, 3, 3, 0, 1, 3, 1, 0, 3, 3, 3, 1, 0, 1, 3, 1, 3, 2, 1, 0, 0, 2, 0, 3, 3, 2, 3, 3, 2, 1, 3, 1, 1, 0, 0, 3, 3, 1, 3, 1, 3, 1, 3, 3, 1, 0, 3, 3, 3, 0, 1, 0, 0, 1, 1, 2, 1, 3, 1, 3, 0, 1, 1, 1, 1, 1, 0, 0, 0, 3, 3, 3, 0, 3, 0, 2, 3, 0, 1, 3, 1, 0, 0, 1, 0, 3, 3, 2, 1, 1, 3, 0, 1, 3, 3], "confidence_scores": [[0.19496824168825105, 0.30917537085792424, 0.21789241374087867, 0.27796397371294596], [0.27935505898587293, 0.2842556174749465, 0.19568011483203787, 0.2407092087071429], [0.28786052421740377, 0.2505029635314602, 0.21204026172983498, 0.24959625052130116], [0.2368281481475621, 0.29565028239175556, 0.23495411518633674, 0.23256745427434541], [0.21846535607060208, 0.3014979793476181, 0.23733127352054115, 0.2427053910612386], [0.1698527480365075, 0.38143769773573755, 0.24141426457115656, 0.20729528965659838], [0.3920030054303477, 0.16955559290060365, 0.05103535314235189, 0.3874060485266971], [0.13651206901057522, 0.24789686291899654, 0.374059817987382, 0.24153125008304668], [0.3693750378472823, 0.24009394921978455, 0.08179528437426839, 0.30873572855866455], [0.30620297263640617, 0.24421031817273017, 0.1786189267630922, 0.2709677824277714], [0.13817331053349954, 0.3418709423831679, 0.32991755250482724, 0.1900381945785051], [0.35206565653858934, 0.1970155721942537, 0.08117113982172461, 0.369747631445432], [0.19544378713873733, 0.2955241713907309, 0.2509075463959101, 0.2581244950746217], [0.1576108859966396, 0.3147032475335527, 0.21603753791902253, 0.31164832855078506], [0.258960756331538, 0.2862153338991704, 0.19547599946933417, 0.25934791029995763], [0.31335986269495375, 0.2486026544352781, 0.110889343386608, 0.32714813948316035], [0.3386855002381972, 0.18166556283705418, 0.2630402788740116, 0.21660865805073712], [0.2983193947304367, 0.27065682363944543, 0.09126393631765366, 0.33975984531246456], [0.3106408290339263, 0.30925402178884576, 0.155566118953001, 0.22453903022422692], [0.31016417281823744, 0.29878415781794426, 0.1683206254973263, 0.2227310438664916], [0.34073621617853805, 0.22274507205451988, 0.11770058837055085, 0.3188181233963915], [0.07943726365152377, 0.27263952693430965, 0.4814311296304646, 0.1664920797837024], [0.3629269082205246, 0.2779916120162192, 0.0662468352695618, 0.29283464449369445], [0.34937309452862886, 0.19345922447150257, 0.1202433467579623, 0.3369243342419063], [0.3202942697492396, 0.24327685355088446, 0.11961077122210058, 0.3168181054777757], [0.2953761887627834, 0.2882549205072017, 0.11428346198538286, 0.30208542874463207], [0.27743584590725956, 0.3279075291744218, 0.06662007605664533, 0.3280365488616732], [0.21250549898356572, 0.26909185545013725, 0.2623379579104492, 0.25606468765584794], [0.2758192267056173, 0.30819770881877767, 0.12392742737969087, 0.29205563709591387], [0.29549224555231635, 0.28714439008759873, 0.0931288859353712, 0.32423447842471376], [0.2909858638811674, 0.25097676030025107, 0.16033824867624555, 0.2976991271423361], [0.2893093097782584, 0.3098343609313756, 0.14681642960283575, 0.2540398996875303], [0.32776544239895955, 0.23133535456450452, 0.10755837002969894, 0.3333408330068373], [0.23774882512636392, 0.2703129552186636, 0.14623518202512692, 0.3457030376298456], [0.33037630652490024, 0.2687016194638197, 0.09409353891734386, 0.306828535093936], [0.2612802657271315, 0.2715804231756711, 0.1497095337527048, 0.3174297773444928], [0.13196622682371728, 0.3280164906118229, 0.3914066957325775, 0.14861058683188225], [0.2619645715290655, 0.2567202288850315, 0.19964951490727767, 0.2816656846786252], [0.3110904406542665, 0.2404155148314777, 0.09970768232794373, 0.34878636218631187], [0.23874470459797836, 0.23171152854783567, 0.34381403108237396, 0.18572973577181226], [0.3243150874804744, 0.26857843903319234, 0.12701453405868948, 0.2800919394276436], [0.1924032584353441, 0.27466211929002793, 0.3484555180881656, 0.18447910418646213], [0.256924430757391, 0.2577706165854817, 0.11042434644823253, 0.37488060620889485], [0.27570295038069775, 0.2474895453974633, 0.13352950389530677, 0.3432780003265318], [0.2045984063271105, 0.3657994786379699, 0.13332090142466566, 0.29628121361025417], [0.35491287879082034, 0.24110771137283102, 0.08765532505773889, 0.3163240847786097], [0.306042919128028, 0.2819862748958609, 0.11822351294451734, 0.29374729303159397], [0.27814028568169064, 0.3059204192421574, 0.12748549197478629, 0.2884538031013652], [0.21589588380371122, 0.28174471452537736, 0.19265286241041876, 0.3097065392604925], [0.18900574746048693, 0.29918518409466704, 0.22472239077606235, 0.2870866776687835], [0.3063783844084343, 0.26219631217688194, 0.15253614364660048, 0.27888915976808293], [0.19239207139941628, 0.30670067139044566, 0.26088574639488343, 0.24002151081525477], [0.2770068935291587, 0.27928294945117305, 0.1446127975384713, 0.299097359481197], [0.27973426047668865, 0.27721445230462866, 0.15875442544069776, 0.2842968617779846], [0.2650103539531707, 0.2749101996353145, 0.23230576620843368, 0.22777368020308106], [0.2826901725571158, 0.23977200785200203, 0.11448658507941169, 0.3630512345114703], [0.28687756630299327, 0.25221999373009, 0.09835249834158455, 0.3625499416253322], [0.2330232601500238, 0.2790083301633276, 0.15773798775995332, 0.33023042192669544], [0.18456756538297225, 0.3663886121968175, 0.2430972309341401, 0.2059465914860703], [0.40828097457589213, 0.22932185795692375, 0.11561785758683978, 0.24677930988034444], [0.24929816271155758, 0.308278317996072, 0.16711087072160002, 0.2753126485707704], [0.29736578681205683, 0.2456985422412162, 0.16546363584853738, 0.2914720350981896], [0.22024659051183898, 0.3323960873784842, 0.2084426417627467, 0.23891468034693028], [0.25286545381777525, 0.26357250456181547, 0.20247880465001014, 0.28108323697039866], [0.17137363661104602, 0.2821193179082051, 0.3641216767439009, 0.18238536873684794], [0.22747515141523147, 0.2969220722078837, 0.22963386345599426, 0.24596891292089043], [0.3251047070270106, 0.27643097209337464, 0.11853917413417324, 0.27992514674544156], [0.3363544900749135, 0.26729268875684625, 0.13171362297331882, 0.2646391981949212], [0.12409293365541342, 0.30613021183182043, 0.3390664365431795, 0.23071041796958686], [0.332922370793689, 0.2650551260383979, 0.15352536617735513, 0.248497136990558], [0.260925006926709, 0.2602956737375364, 0.17185886200706255, 0.3069204573286922], [0.28649182081632574, 0.23529789585432953, 0.11039730238995347, 0.36781298093939097], [0.17853459537892633, 0.2946231207670896, 0.2992624326297303, 0.2275798512242536], [0.2843548338145644, 0.27160631675523417, 0.07943575269997818, 0.3646030967302234], [0.2861679372426969, 0.25614600726837916, 0.11831510145862142, 0.33937095403030243], [0.18829667834009167, 0.27364313042243965, 0.3296743964684199, 0.20838579476904906], [0.23391840343828038, 0.29308746901789523, 0.23033838571224338, 0.24265574183158084], [0.2236409923071211, 0.25392021533341147, 0.240928584804239, 0.28151020755522843], [0.20804020096625064, 0.3177355038738936, 0.21807477359073427, 0.2561495215691216], [0.2848156139453249, 0.32722686336758317, 0.08208281457057515, 0.30587470811651674], [0.3690556018310338, 0.20837006585878762, 0.11154697053109316, 0.31102736177908546], [0.32105607920465107, 0.26673471043564495, 0.08268803200184967, 0.3295211783578541], [0.18996846316302524, 0.3184587462241024, 0.16631416428683748, 0.3252586263260348], [0.3019299044887266, 0.2663754210211273, 0.12020562278869511, 0.3114890517014509], [0.21420220747537366, 0.318831678392515, 0.23100148464608236, 0.2359646294860291], [0.24610491876903517, 0.29222848205338187, 0.12880398201332174, 0.33286261716426124], [0.15399028769176518, 0.3325659190454783, 0.24576489279590638, 0.26767890046685044], [0.1600036734641832, 0.28302355780414146, 0.21985495326190468, 0.3371178154697707], [0.10549188992454238, 0.3759043158852031, 0.31610087017318017, 0.20250292401707431], [0.27876253808628565, 0.2835295255247616, 0.13136997022593502, 0.3063379661630179], [0.23381906232877886, 0.2991197891491941, 0.1603921951332344, 0.3066689533887928], [0.21770533560624591, 0.3983794842071473, 0.13788456693172974, 0.24603061325487663], [0.33527773587410303, 0.24195545892183368, 0.12287000679854672, 0.2998967984055164], [0.15146106563140968, 0.2937567732023421, 0.22935546712787444, 0.3254266940383738], [0.2641677062510975, 0.27420328974936553, 0.13595385102045413, 0.3256751529790829], [0.27094065686315844, 0.2668450640329292, 0.1704040815532061, 0.29181019755070625], [0.2989016586148061, 0.2720845866249475, 0.14473926201972304, 0.28427449274052297], [0.18716541250626714, 0.303610256661866, 0.22013373893521565, 0.2890905918966514], [0.30030967146523935, 0.27500335761486, 0.13575045351378512, 0.28893651740611576], [0.333572767993647, 0.21147697785712471, 0.12804334007310653, 0.3269069140761215], [0.27877950774518045, 0.30911898316653647, 0.18436891827218985, 0.22773259081609332], [0.2253181116914726, 0.3471803178939733, 0.1282944573524324, 0.2992071130621214], [0.18368641945282582, 0.27043188800825974, 0.28300014377784305, 0.2628815487610712], [0.26117422123662437, 0.304445379227891, 0.14243646598715842, 0.2919439335483261], [0.2635248264205661, 0.27096894138574584, 0.1284071005897886, 0.3370991316038992], [0.1843155586272918, 0.2845370564855193, 0.28667549700409684, 0.24447188788309207], [0.23412376136338672, 0.26050483328449203, 0.22424740517156144, 0.2811240001805596], [0.33343531161909096, 0.2679747404232239, 0.07749547818901478, 0.3210944697686704], [0.26350176142119797, 0.28452951891971806, 0.20163225122715142, 0.25033646843193236], [0.199807514127548, 0.30563976288198796, 0.1855086549303012, 0.30904406806016277], [0.1448711449353308, 0.3284735701649536, 0.278530125967884, 0.24812515893183137], [0.2079311826716336, 0.37143205805915586, 0.12835852385465152, 0.29227823541455883], [0.26554132791239193, 0.2891035720650634, 0.1734597938169939, 0.2718953062055507], [0.30339255634062434, 0.27259011103247627, 0.11087584610700792, 0.3131414865198914], [0.2861510033039514, 0.27285678479624553, 0.14309506454237048, 0.2978971473574325], [0.30763083653024514, 0.2950137461724924, 0.1073148849541589, 0.29004053234310373], [0.25757192277860075, 0.2720510625316505, 0.17825953159716812, 0.29211748309258057], [0.14316118239927172, 0.2789342953641385, 0.2908950984053018, 0.2870094238312881], [0.2641638382946864, 0.29654762377195626, 0.11892960192239216, 0.3203589360109653], [0.38031534077159673, 0.1934056087780357, 0.10338655324559015, 0.3228924972047773], [0.2651395597419262, 0.2703158489303906, 0.1930759713068657, 0.2714686200208173], [0.32589081850587437, 0.2709264080321767, 0.07766152837422466, 0.3255212450877244], [0.23217380273795193, 0.2628506159831394, 0.30109167514581114, 0.20388390613309745], [0.28133237817970014, 0.2856626630604901, 0.10808848612211039, 0.3249164726376991], [0.288773091543689, 0.272227239764746, 0.1978959419215804, 0.24110372676998457], [0.22866185431099456, 0.30541516721327633, 0.19086875414132778, 0.2750542243344015], [0.24477658273322986, 0.27410529331510214, 0.19061647956936192, 0.29050164438230613], [0.1634099265331068, 0.3616120038816967, 0.23297704000333908, 0.24200102958185712], [0.3127926286002777, 0.2568362799777751, 0.11885632344619673, 0.3115147679757504], [0.4236930769160852, 0.21122868461305808, 0.08759822558627119, 0.2774800128845853], [0.17238919977381856, 0.32522237864006004, 0.21853736567916934, 0.2838510559069518], [0.3516067899457829, 0.2734321623033424, 0.08291099737657048, 0.292050050374304], [0.2176463467400838, 0.2914115432022755, 0.16915200257733756, 0.3217901074803032], [0.34539609683782, 0.22521278009756118, 0.05981472626275757, 0.369576396801861], [0.10854258806818468, 0.3446782516640494, 0.34196456145192444, 0.2048145988158411], [0.27854277313843756, 0.2911604474605557, 0.13563764264446163, 0.2946591367565454], [0.125077295875893, 0.3417236870543407, 0.26489683131924147, 0.2683021857505253], [0.31331964219092984, 0.25541143293702245, 0.08318748735040607, 0.34808143752164167], [0.2789316297209102, 0.2433533943721979, 0.2607111317131732, 0.21700384419371885], [0.15128270639127886, 0.3671787055949031, 0.27943441727696827, 0.20210417073684983], [0.30733479167671174, 0.24208931042009937, 0.14706688434447326, 0.3035090135587154], [0.19628811396729187, 0.33080035821316306, 0.15047479726270252, 0.3224367305568428]]}, "rewritten": {"ids": ["97106000", "97106591", "97106770", "97107040", "97107260", "97107681", "97107920", "97112290", "97116500", "98106560", "98107010", "98108370", "98108970", "98110710", "98111860", "98112170", "98112580", "98119591", "99108000", "99108460", "99108890", "99109161", "99109311", "99111340", "99116500", "99117740", "99120010", "100111380", "100116790", "101108370", "101108580", "101110200", "101110740", "101112160", "101114020", "102107961", "102109010", "102117351", "102118380", "102121700", "103110220", "103111170", "103113210", "103113270", "103117461", "103120531", "104111780", "104111830", "104112470", "104113000", "104113190", "104113210", "104113550", "104114230", "104116441", "104116980", "104119290", "105111990", "105113170", "105113480", "105115680", "106113190", "106113830", "106115250", "106117650", "106118301", "106118520", "106120640", "107113200", "107114280", "107114490", "107114950", "107115250", "107116340", "107120880", "107121230", "108113740", "108114360", "108115570", "108115970", "108117451", "108118291", "108118301", "108120260", "109113281", "109113881", "109113931", "109115220", "109116441", "109116930", "109117150", "109118161", "109119460", "109120621", "109121351", "110113591", "110113931", "110114321", "110114651", "110115250", "110116501", "110117080", "110118930", "110119891", "110121450", "111115780", "111117480", "111118910", "111119150", "111119250", "111120591", "111121190", "112116290", "112116810", "112116880", "112117431", "112117461", "112117571", "112117780", "112118471", "112118701", "112118820", "112118930", "112119450", "112119500", "112120540", "112120630", "112120700", "112121030", "112121360", "112121410", "113117550", "113117630", "113118231", "113118511", "113119120", "113119340", "113119480", "113121220", "113121980", "113122230", "113122510"], "labels": [0, 1, 3, 2, 2, 3, 0, 1, 2, 1, 3, 1, 3, 2, 0, 3, 2, 1, 2, 0, 0, 3, 1, 1, 2, 2, 2, 3, 2, 1, 0, 2, 3, 3, 3, 3, 1, 1, 1, 1, 2, 2, 3, 2, 0, 3, 3, 3, 1, 1, 3, 3, 1, 2, 1, 1, 1, 2, 0, 0, 2, 0, 1, 2, 1, 1, 2, 3, 0, 3, 3, 3, 2, 3, 1, 0, 3, 1, 3, 2, 2, 3, 1, 1, 0, 0, 1, 3, 3, 0, 2, 0, 1, 1, 0, 0, 1, 1, 3, 1, 3, 1, 1, 3, 3, 1, 1, 0, 3, 1, 1, 1, 0, 3, 0, 0, 0, 3, 0, 1, 0, 0, 1, 3, 2, 3, 3, 2, 0, 3, 0, 3, 0, 3, 1, 3, 0, 3, 3, 2, 1, 2], "predicted_labels": [3, 3, 0, 1, 2, 2, 0, 3, 2, 0, 0, 2, 1, 1, 2, 3, 1, 1, 1, 3, 1, 0, 2, 1, 1, 2, 2, 0, 1, 0, 0, 1, 1, 2, 0, 0, 1, 0, 1, 0, 3, 3, 0, 3, 1, 3, 1, 3, 1, 0, 0, 3, 3, 1, 1, 2, 1, 3, 3, 3, 1, 0, 1, 1, 1, 0, 3, 1, 0, 1, 3, 0, 1, 1, 3, 1, 0, 1, 0, 3, 0, 0, 3, 1, 3, 3, 0, 1, 0, 2, 0, 0, 3, 0, 3, 0, 1, 0, 1, 3, 3, 3, 3, 3, 0, 0, 1, 3, 3, 1, 3, 0, 0, 1, 1, 0, 3, 0, 0, 1, 3, 3, 0, 3, 1, 0, 3, 1, 0, 0, 3, 3, 1, 1, 0, 0, 0, 0, 3, 1, 1, 1], "confidence_scores": [[0.21386900615098633, 0.2619133355754768, 0.18661447651248758, 0.33760318176104936], [0.24865383116022713, 0.2674341753496371, 0.19423257834536498, 0.28967941514477097], [0.2911045523851339, 0.242866507227689, 0.23452598517588927, 0.23150295521128786], [0.20155593564253035, 0.2874472582996195, 0.2712241493292138, 0.23977265672863626], [0.10525635099034641, 0.28368464607892285, 0.46066937138822395, 0.15038963154250648], [0.15833536398201403, 0.2670329292090607, 0.3125564892599374, 0.2620752175489878], [0.3662423105820687, 0.20932470694187483, 0.11325204751858219, 0.31118093495747434], [0.2607876777772858, 0.26676348369219777, 0.20042951521379054, 0.2720193233167256], [0.20805576841680895, 0.2999722345024156, 0.30904021981972307, 0.18293177726105272], [0.28333776881709277, 0.27871509713313336, 0.17846657471596652, 0.2594805593338069], [0.27738457379693326, 0.28388007230792217, 0.1786430304009741, 0.26009232349417044], [0.12985223571142115, 0.31124219535601966, 0.3408287239565221, 0.21807684497603705], [0.22414008173511296, 0.36030908612645346, 0.12073253428628099, 0.2948182978521529], [0.22295208879573866, 0.3047093090848716, 0.19586599568139187, 0.2764726064379974], [0.18461579411810905, 0.3255776527803941, 0.34310101345945865, 0.14670553964203803], [0.30505301037982147, 0.25422742454381353, 0.12693153624269926, 0.3137880288336658], [0.17067650276515392, 0.30637430295399515, 0.24903679247608063, 0.27391240180477044], [0.2114937302471606, 0.29989985562688676, 0.255508623668111, 0.2330977904578416], [0.15387700756954162, 0.3233060407981309, 0.26142559426448847, 0.2613913573678387], [0.260550145278517, 0.25495594324930415, 0.1528948166931123, 0.33159909477906674], [0.21130642335918579, 0.36077085319203817, 0.1332435487409158, 0.2946791747078602], [0.3290712038431568, 0.2625300458955873, 0.1376485481825423, 0.2707502020787136], [0.19676104879095216, 0.2743527180257833, 0.29056012676245896, 0.2383261064208058], [0.17259151053745123, 0.3239071654982471, 0.2188384389990413, 0.28466288496526065], [0.12047208735465255, 0.38544165725418184, 0.28697423844835546, 0.2071120169428102], [0.21242268213904264, 0.28654070009453386, 0.30288391457557784, 0.19815270319084585], [0.2580069932312867, 0.2555630667983169, 0.2519811335592741, 0.23444880641112223], [0.3298721263210018, 0.2785528296994536, 0.09631260915695909, 0.2952624348225855], [0.24629700429380905, 0.2949054269372875, 0.2499016859895971, 0.2088958827793064], [0.40502814503251283, 0.2290148870079727, 0.09715471830450129, 0.26880224965501337], [0.3592504803486763, 0.18791348781863937, 0.21680270251049696, 0.23603332932218737], [0.23771737977750756, 0.3432012982952449, 0.12821402413081703, 0.29086729779643045], [0.20437247727597369, 0.32709593304927304, 0.2157604886428081, 0.252771101031945], [0.1430206059755, 0.28867938724569603, 0.30517719531022236, 0.26312281146858163], [0.2895830178838441, 0.247241642639771, 0.17834721095916098, 0.2848281285172241], [0.292474271649083, 0.27614246824145544, 0.16877780189376398, 0.26260545821569764], [0.21595037367615944, 0.3270069160503927, 0.2116307221497556, 0.24541198812369241], [0.34184805162269055, 0.22305486198169444, 0.1032745211364007, 0.3318225652592138], [0.17635195593136008, 0.38180451251445685, 0.21550412568592314, 0.22633940586826004], [0.32927814878279865, 0.27249470347058136, 0.1653324247162375, 0.23289472303038258], [0.23264054039486792, 0.29284365375085475, 0.15823906562593368, 0.3162767402283437], [0.24449621495595028, 0.2508313077641613, 0.23465434983460914, 0.2700181274452791], [0.31113389978879064, 0.3018685877512334, 0.13333466577923092, 0.2536628466807451], [0.21686156247589397, 0.2658848527518562, 0.23054559096174265, 0.2867079938105071], [0.29026817523165244, 0.2899460726121359, 0.1356411745547108, 0.284144577601501], [0.25471869225427785, 0.2889350026146831, 0.13735666423495982, 0.3189896408960794], [0.2570601380570584, 0.3196315525993366, 0.11041829329122292, 0.31289001605238226], [0.21076429729989954, 0.2684816848569733, 0.1800147531353185, 0.3407392647078089], [0.22338253053196458, 0.28644254320860507, 0.24860681903730278, 0.24156810722212746], [0.3342442231017874, 0.22530885388873184, 0.1317411465128496, 0.308705776496631], [0.31670165047994575, 0.24687406906508072, 0.1259982800799282, 0.31042600037504525], [0.27501031948122556, 0.26012179828566473, 0.1342721078100417, 0.33059577442306814], [0.34161218770283364, 0.18735129646558513, 0.10959356493974591, 0.361442950891835], [0.18589873961146217, 0.3253512608585808, 0.27681050633659254, 0.21193949319336478], [0.2916352551847384, 0.3142537792913265, 0.08219392385606585, 0.3119170416678695], [0.18203383315830904, 0.2970373161220725, 0.29492427909946334, 0.22600457162015486], [0.14663479457864415, 0.3281712256983803, 0.23450944222191383, 0.2906845375010616], [0.29388351253467027, 0.2943573378849039, 0.09486836030927562, 0.3168907892711502], [0.2601093254421364, 0.2537590550726307, 0.12627348870723865, 0.35985813077799406], [0.27237672791834056, 0.2730158722994927, 0.09081410861356849, 0.3637932911685979], [0.1640032744257052, 0.3575576598054731, 0.2780694893406149, 0.2003695764282069], [0.3307558407490747, 0.2543713649657751, 0.10023805143003328, 0.3146347428551166], [0.2216157595110936, 0.2988661364022104, 0.23004853665390648, 0.24946956743278975], [0.20007116282359916, 0.31841605695067154, 0.24670978579400588, 0.23480299443172317], [0.23287281361561477, 0.3004679142417148, 0.2119396549549237, 0.25471961718774694], [0.33938194145036926, 0.263368262152768, 0.10083481991384861, 0.2964149764830143], [0.2827934962554638, 0.2778186045571017, 0.13636033229507724, 0.30302756689235744], [0.21966984536676998, 0.37997502484558565, 0.17154229075678218, 0.22881283903086205], [0.34255324494469863, 0.22365281488684066, 0.12014377634569141, 0.3136501638227695], [0.29597001672795575, 0.31239789333010753, 0.11189624790895704, 0.27973584203297974], [0.28372547726891795, 0.2443565896540897, 0.18627605820628299, 0.28564187487070924], [0.29898716134234543, 0.27143656256351273, 0.1254940616747188, 0.304082214419423], [0.21572741936639972, 0.30221132685079893, 0.2615941180279048, 0.22046713575489676], [0.20369200940224458, 0.30229161200664545, 0.2296035856894706, 0.26441279290163944], [0.24967175923241647, 0.2564023722586166, 0.1589456523226351, 0.3349802161863319], [0.1958600105139204, 0.34491823379739783, 0.1678397983651765, 0.29138195732350547], [0.3790985313622156, 0.2175866560690856, 0.07249263129250193, 0.33082218127619684], [0.22430845886370163, 0.30767652822879893, 0.215961185042135, 0.2520538278653642], [0.2737478232491355, 0.25842996883944364, 0.20221728909291029, 0.26560491881851067], [0.30429785146078264, 0.2542386437956166, 0.0920336111584261, 0.34942989358517457], [0.3892095941202991, 0.20490473642999493, 0.055294970433808474, 0.35059069901589734], [0.37623380572011644, 0.21957717073077118, 0.08916784891484335, 0.3150211746342691], [0.3308494979317558, 0.2235355620046475, 0.0949772096750722, 0.35063773038852447], [0.29451203253909153, 0.3232798878198866, 0.1480475078915795, 0.2341605717494423], [0.34712065146030485, 0.2274681490568097, 0.060986642496063954, 0.3644245569868218], [0.26419315194132653, 0.27743278111641195, 0.16493837244133872, 0.293435694500923], [0.31871272575701665, 0.2713571340449605, 0.08126446796876399, 0.3286656722292586], [0.24609744891929722, 0.3228583784215267, 0.14491460753340538, 0.2861295651257709], [0.32332682136183705, 0.270933427892509, 0.08243103662717344, 0.3233087141184803], [0.24478151038825846, 0.25023839663292347, 0.3008733551475804, 0.20410673783123745], [0.2854618302232839, 0.26436429074778434, 0.1921693114850534, 0.2580045675438782], [0.3091671489642868, 0.2966445208310207, 0.10401766595244086, 0.2901706642522519], [0.2657933250618944, 0.27737063748481605, 0.14017388798532945, 0.31666214946796], [0.35875145619634924, 0.22683771819965914, 0.09696852565734247, 0.3174422999466493], [0.29959235041399374, 0.2744970172568072, 0.08805439548874995, 0.3378562368404492], [0.32443850882748104, 0.26504611074828466, 0.08936354785518495, 0.3211518325690495], [0.28778290263573014, 0.3115308886569668, 0.07986033749432073, 0.3208258712129821], [0.34108969634792025, 0.27003550399510556, 0.11478219440279655, 0.27409260525417734], [0.2754389252952494, 0.30766266583728097, 0.11869031181511874, 0.2982080970523508], [0.30085358426549996, 0.22603109032695104, 0.12723358777393118, 0.3458817376336176], [0.279890098165221, 0.27672882928496917, 0.08769399469749262, 0.355687077852317], [0.20293694803643617, 0.29788018745414524, 0.1977540421284491, 0.3014288223809696], [0.2526586139816535, 0.2990796079046735, 0.1256744653703352, 0.32258731274333763], [0.23504237483509904, 0.30809677745668873, 0.14327709799808777, 0.3135837497101246], [0.34965592012182917, 0.2387753325115375, 0.0869680140968553, 0.324600733269778], [0.2972592279423754, 0.2846353508796983, 0.12590126355308234, 0.29220415762484386], [0.2731102593318569, 0.30173667582205643, 0.14481290215625747, 0.2803401626898292], [0.27452582744550336, 0.2718844303621499, 0.1319471850227653, 0.3216425571695816], [0.29216630588567394, 0.26506809821623634, 0.1356870027261898, 0.30707859317190006], [0.16963391718339546, 0.31096707138759877, 0.2701098961041991, 0.24928911532480671], [0.31264382897376786, 0.25627965355439897, 0.09057649609991214, 0.34050002137192087], [0.33274865194985875, 0.21924939278465458, 0.11965721192408248, 0.32834474334140423], [0.2941034453840634, 0.26796821182447406, 0.14400644927033535, 0.29392189352112713], [0.21837017705219572, 0.3029973276015919, 0.27099980938599183, 0.20763268596022064], [0.24012384552239516, 0.29445254409567023, 0.20324573349364475, 0.2621778768882898], [0.3126730536570357, 0.2951335102604181, 0.15587776076210375, 0.23631567532044248], [0.35107429879485097, 0.21253922766962802, 0.08500609208584993, 0.3513803814496711], [0.3284170545662335, 0.24488350841946396, 0.11546026863365653, 0.3112391683806462], [0.31894303224040427, 0.25667199673352253, 0.149140579672165, 0.27524439135390844], [0.2568674951426164, 0.31024731566104446, 0.18413170612291163, 0.24875348307342723], [0.26451426900781005, 0.2673159724168649, 0.17327339112460244, 0.2948963674507226], [0.2813367285968331, 0.28390774062447355, 0.11143494770670632, 0.323320583071987], [0.2840146479840834, 0.2684151723771447, 0.17008894099821095, 0.27748123864056085], [0.2902458363581503, 0.24791598421763492, 0.11915365922879921, 0.3426845201954155], [0.17740459580695134, 0.3487739720697765, 0.27382882217638427, 0.19999260994688775], [0.2930032715065692, 0.2850441159458115, 0.12164866608554643, 0.30030394646207265], [0.25974068304319636, 0.25948480007802016, 0.1910139266374058, 0.2897605902413776], [0.2234552410605344, 0.2958446146119099, 0.21643213278684734, 0.2642680115407084], [0.40783070610738015, 0.21847305611607862, 0.08729952277047805, 0.28639671500606323], [0.33337581593634347, 0.2703956063479749, 0.1252643941157536, 0.2709641835999281], [0.27886614646358665, 0.26751915945808474, 0.1299424639166346, 0.32367223016169383], [0.28892169397993495, 0.2492276801695768, 0.1942181096254162, 0.2676325162250722], [0.23257091620685166, 0.3004774880640679, 0.18058499953935198, 0.2863665961897285], [0.292736917708366, 0.31502219615118077, 0.11897059117007482, 0.2732702949703785], [0.29601835038243557, 0.255517774169684, 0.14278068837962976, 0.3056831870682506], [0.29003175599781716, 0.27313540934904157, 0.16307347888041637, 0.27375935577272514], [0.36090289706390505, 0.2548850648285682, 0.09555604326792587, 0.2886559948396009], [0.3406288164671046, 0.23623073045584503, 0.11050336257507012, 0.31263709050198013], [0.25278853528754075, 0.25833304808171303, 0.15305898222414205, 0.3358194344066042], [0.20184895835157665, 0.31092393213433617, 0.19690139689756453, 0.2903257126165228], [0.21628303263724039, 0.3395425864002563, 0.21276487234886973, 0.2314095086136336], [0.2458484437325862, 0.29624538035063375, 0.20105552389044778, 0.2568506520263322]]}}