{"test": {"ids": ["103113270", "98111670", "104114410", "110118450", "112117790", "110115980", "109117730", "111119580", "105115380", "109114220", "106117790", "101114990", "113117630", "110113931", "99109910", "105113480", "103111170", "111121351", "102116340", "109117431", "97107950", "104111620", "107113130", "102117351", "112117030", "104112470", "113120070", "103113170", "108114180", "109116930", "98107010", "100111080", "113118630", "102109850", "107118780", "109114270", "106113360", "107112840", "110116501", "111117120", "99112641", "108118630", "111119610", "111117200", "103118110", "111119930", "106113170", "108116501", "112118701", "97112290", "100109000", "99107300", "99108580", "98119591", "98111620", "97105960", "106114011", "103120290", "110118630", "112118581", "104113380", "108120260", "104113170", "109121640", "109118820", "112119580", "102112030", "105116441", "108118060", "102110850", "98107340", "97112300", "105114220", "106121190", "107113200", "104114230", "107120880", "112121360", "107114950", "99108310", "110121450", "109119340", "109119450", "111116640", "101110200", "111118910", "109121410", "109117630", "98112300", "112117580", "109116170", "105115900", "110116170", "99109780", "98113881", "103111990", "100115700", "110118880", "106116820", "110120540", "105110251", "113122650", "105110091", "102111990", "105111990", "105121370", "101110740", "110117140", "111117000", "99107500", "107113260", "102118380", "113120540", "110121170", "113119300", "113119450", "97116401", "109118701", "108119510", "108115070", "97113260", "104119290", "100113370", "101112690", "106113830", "102113210", "103120531", "110117500", "109117110", "108114200", "97106820", "109115070", "104113550", "100108580", "98107410", "100108260", "112117660", "98108520", "106116441", "108120060", "113122430", "111117571"], "labels": [2, 1, 1, 0, 3, 1, 3, 3, 1, 3, 1, 3, 0, 1, 2, 0, 2, 0, 3, 1, 2, 0, 1, 1, 2, 1, 2, 3, 1, 0, 3, 0, 3, 1, 1, 3, 0, 1, 3, 2, 1, 1, 2, 0, 2, 1, 0, 0, 0, 1, 1, 3, 0, 1, 3, 2, 1, 2, 1, 1, 1, 1, 3, 0, 3, 3, 2, 1, 1, 3, 0, 2, 3, 2, 0, 2, 1, 3, 3, 2, 3, 3, 3, 0, 2, 0, 0, 0, 2, 0, 0, 3, 0, 2, 3, 2, 1, 0, 1, 1, 0, 2, 0, 2, 2, 2, 3, 3, 0, 0, 0, 1, 3, 2, 1, 3, 3, 3, 1, 1, 1, 1, 3, 1, 1, 3, 3, 1, 1, 0, 1, 0, 1, 0, 3, 3, 0, 2, 0, 1, 2, 3], "predicted_labels": [3, 3, 0, 3, 3, 0, 1, 0, 1, 1, 1, 1, 3, 3, 2, 3, 2, 1, 1, 3, 2, 1, 1, 3, 3, 3, 2, 1, 3, 0, 3, 0, 3, 2, 0, 3, 0, 2, 3, 1, 2, 3, 2, 1, 3, 3, 0, 3, 3, 3, 2, 1, 1, 2, 2, 1, 3, 2, 1, 3, 1, 0, 1, 3, 3, 3, 2, 1, 0, 2, 0, 3, 0, 1, 3, 3, 1, 0, 3, 0, 0, 3, 3, 1, 3, 3, 1, 3, 0, 3, 1, 1, 3, 1, 2, 1, 2, 1, 1, 1, 0, 1, 1, 2, 3, 1, 0, 1, 1, 1, 1, 3, 0, 3, 1, 0, 3, 3, 3, 1, 3, 3, 3, 3, 2, 0, 1, 0, 1, 0, 3, 1, 0, 2, 0, 1, 1, 1, 0, 1, 3, 1], "confidence_scores": [[0.15407151094976948, 0.24924627050152123, 0.17119518975640663, 0.4254870287923028], [0.15907290912884725, 0.26948400029974673, 0.20155086365337369, 0.3698922269180322], [0.6681371998231052, 0.12317345506939248, 0.03834197607024746, 0.170347369037255], [0.17162396790683956, 0.3128120544828113, 0.18434212859629537, 0.3312218490140539], [0.2924733956086196, 0.2006948040886615, 0.1266157212452507, 0.3802160790574681], [0.3564385471721342, 0.28008613881951794, 0.1404702999462349, 0.22300501406211298], [0.215143529973232, 0.5152603255247579, 0.09062887296323253, 0.17896727153877773], [0.45517301912252944, 0.26657289127416217, 0.13700858556075773, 0.14124550404255054], [0.19438352939207365, 0.30598202861012946, 0.30341723537629234, 0.19621720662150463], [0.16183017691215837, 0.3415538793127218, 0.1992762852982181, 0.2973396584769018], [0.28618579413919976, 0.3371684509223673, 0.18860816073906228, 0.18803759419937072], [0.10078954601724273, 0.3300569036954344, 0.2589051735410461, 0.31024837674627703], [0.15706891900406172, 0.2552734259841556, 0.1412857227427257, 0.44637193226905714], [0.2614973618212593, 0.2757928967488601, 0.14576603113010383, 0.31694371029977697], [0.09577042312288551, 0.22164055299620375, 0.5600601491691799, 0.12252887471173096], [0.18093966740465253, 0.292994144097152, 0.11043572869786489, 0.4156304598003305], [0.19781983634360722, 0.2500300626822288, 0.33723055159310866, 0.21491954938105523], [0.21410454190094436, 0.390447161198121, 0.13508470637019696, 0.2603635905307377], [0.1663937740635667, 0.3539399678939817, 0.20740777342267178, 0.27225848461977975], [0.1395617271558335, 0.27028533625858797, 0.2600777760440937, 0.3300751605414849], [0.1478203396999662, 0.284382039664204, 0.2942728464980666, 0.2735247741377631], [0.3220716498761741, 0.36131596571405955, 0.12725834401513056, 0.18935404039463594], [0.23380318052207197, 0.3286109205361135, 0.3122371866325604, 0.1253487123092541], [0.20734713334187302, 0.1764352043808565, 0.15039223912593183, 0.4658254231513386], [0.1574912685367697, 0.11781593475913815, 0.16181416337816673, 0.5628786333259256], [0.18209201145200693, 0.23940715839767157, 0.288606897199298, 0.28989393295102367], [0.23860373413133784, 0.1252000691412021, 0.39433701647027175, 0.24185918025718825], [0.17272760965397016, 0.35772771840752077, 0.17233407753467903, 0.29721059440383024], [0.11159435210860891, 0.2070366139410054, 0.20031799256200525, 0.4810510413883807], [0.3446829190515487, 0.14539900202203773, 0.25156423336609207, 0.2583538455603216], [0.29817934729490253, 0.29026498420727703, 0.09821228259423753, 0.3133433859035829], [0.38318079637930635, 0.22516357504365472, 0.22184459614884988, 0.16981103242818915], [0.25440595679712497, 0.21837677913263118, 0.12903477065226585, 0.398182493417978], [0.19964183341466396, 0.18830920832178555, 0.44141388632168505, 0.17063507194186542], [0.3841525208879189, 0.22139231987553898, 0.09363613441058712, 0.30081902482595513], [0.16621091084591033, 0.1925052457447503, 0.255313761429899, 0.3859700819794404], [0.3596673950188614, 0.2529192913387789, 0.13763826377832983, 0.2497750498640299], [0.16216579962986305, 0.22872939695380776, 0.3694753477028644, 0.23962945571346494], [0.15380173341963477, 0.29607622786422494, 0.05645027714323007, 0.4936717615729104], [0.1803667097160468, 0.32853281784392835, 0.21551618105243994, 0.27558429138758495], [0.3036913528627941, 0.15063605642962583, 0.32318304991611635, 0.22248954079146394], [0.13550445126284894, 0.17657679292275363, 0.20842280158832074, 0.47949595422607666], [0.21611632963723737, 0.1863903360450575, 0.3040252920457154, 0.29346804227198975], [0.29420399904361483, 0.3527304900619971, 0.14447195249053082, 0.2085935584038574], [0.1964112210084409, 0.203761339932454, 0.21072983860367445, 0.3890976004554306], [0.2472280840505709, 0.25565073329931365, 0.12373855189216279, 0.37338263075795275], [0.3625969247605961, 0.2748236482961247, 0.1382165544035854, 0.2243628725396938], [0.27508298590614083, 0.20595079749860953, 0.09922322890470879, 0.4197429876905408], [0.18668281474933263, 0.2627116498110395, 0.20480805494380822, 0.34579748049581954], [0.20718176169145336, 0.26134933466412597, 0.10191440535715389, 0.4295544982872669], [0.208752156489283, 0.18846857963400798, 0.4559627290971161, 0.14681653477959303], [0.1694281631136644, 0.5089428289284365, 0.09512354405993195, 0.2265054638979671], [0.2530170355368503, 0.31550223410605055, 0.26797298944312803, 0.16350774091397113], [0.1689776616918408, 0.28608426575178875, 0.32711482353799265, 0.2178232490183776], [0.11301694493979847, 0.28230025523368046, 0.4066374498077672, 0.19804535001875373], [0.1567378175466259, 0.28598287729091837, 0.28559322262739384, 0.27168608253506193], [0.28239368642537727, 0.25209648442456756, 0.12382377667000789, 0.3416860524800473], [0.1504260741295356, 0.18848184581218153, 0.5257125195875951, 0.13537956047068778], [0.16694743740988952, 0.42422371941503895, 0.13202771526836135, 0.2768011279067102], [0.18942284256173075, 0.1917366712089708, 0.1874573944441366, 0.4313830917851618], [0.1600856525550029, 0.5470950740525639, 0.13697950804923278, 0.15583976534320051], [0.3648953316609402, 0.2385661551617434, 0.1039901531995634, 0.292548359977753], [0.18947591282556397, 0.5034827776238671, 0.15379029111545128, 0.15325101843511785], [0.17747716642487657, 0.28834270357028957, 0.158109973768578, 0.3760701562362558], [0.14879772097964716, 0.2111129220423874, 0.3169490024300678, 0.3231403545478977], [0.1812242050500623, 0.29644299849489303, 0.13668256399413956, 0.38565023246090513], [0.17268836006251836, 0.2095684139697912, 0.39049697543685347, 0.22724625053083702], [0.2032290453036193, 0.43305460570992577, 0.10940740769653375, 0.2543089412899213], [0.26467218264256176, 0.24952248157082385, 0.26291557807395755, 0.22288975771265676], [0.17316450537321496, 0.24620112384474563, 0.3711602385162804, 0.2094741322657591], [0.3028196549005597, 0.20560405032915358, 0.2649974734703482, 0.2265788212999385], [0.282396922934008, 0.2507718829343698, 0.14824778602034147, 0.3185834081112808], [0.3989269584038729, 0.29907384122735353, 0.06273741678749348, 0.23926178358128014], [0.16894935051781773, 0.3911456187146143, 0.17502376403326672, 0.26488126673430135], [0.27745227972578795, 0.2013382524211177, 0.12034968388255805, 0.4008597839705364], [0.17837410639914142, 0.2989414516101156, 0.20481890808683928, 0.3178655339039039], [0.0864126428723927, 0.4581507911823629, 0.1255312494707328, 0.32990531647451155], [0.4183438876764276, 0.1961708743492595, 0.1996073830858504, 0.18587785488846245], [0.2446382307353415, 0.2237524747901829, 0.22060211825116102, 0.3110071762233146], [0.3511716208841973, 0.34872303105237745, 0.12493881861169057, 0.1751665294517345], [0.3542213666365528, 0.27115172656069414, 0.19102944099614738, 0.18359746580660566], [0.25223317061650924, 0.2146396442557474, 0.1897754401659678, 0.3433517449617754], [0.20673027101201025, 0.3042404043194493, 0.15745827502436466, 0.33157104964417583], [0.17552694680426495, 0.4834727863202001, 0.11711590074002942, 0.2238843661355057], [0.3127662925105147, 0.22884051744177764, 0.1316383544121188, 0.32675483563558905], [0.25869424044058553, 0.3053221886379001, 0.11040052856451851, 0.32558304235699587], [0.232559764918217, 0.4003650108955422, 0.0993104298953807, 0.26776479429086003], [0.18026612965399746, 0.1588429898944409, 0.174299671467741, 0.4865912089838206], [0.31859641458911514, 0.16837080052591072, 0.2370578292545723, 0.2759749556304018], [0.12576555896889044, 0.26285406808051476, 0.06691855175010264, 0.544461821200492], [0.20260845956110243, 0.5423559539137291, 0.07608026318948916, 0.1789553233356793], [0.19971094459636177, 0.3346502920612008, 0.16208735040794175, 0.3035514129344958], [0.17855319686121895, 0.1618279167813503, 0.18396430881977802, 0.4756545775376528], [0.22847260542332753, 0.2861099115889722, 0.20426022932536658, 0.28115725366233385], [0.16336317038986395, 0.30780502806212784, 0.38920633746221606, 0.13962546408579204], [0.2790014507788795, 0.27915222275358703, 0.2303134782255209, 0.21153284824201266], [0.20433026722339137, 0.15999194015005988, 0.39590164180568727, 0.2397761508208614], [0.22175867075957584, 0.3435394629259355, 0.18338097900915315, 0.2513208873053355], [0.22404816007742906, 0.40400115669049896, 0.14872223641973986, 0.22322844681233214], [0.2082337373691865, 0.2995326703632677, 0.24502552237292582, 0.24720806989461996], [0.36092308276065416, 0.27902130105342077, 0.13942145863383149, 0.22063415755209378], [0.1608526313102326, 0.4349070526964388, 0.1932956819394276, 0.2109446340539009], [0.12215038321028926, 0.4045647576768267, 0.18021239106072154, 0.2930724680521627], [0.24246384294420356, 0.1786791556816554, 0.3715530870732242, 0.20730391430091674], [0.37383409699746273, 0.1615711659174169, 0.05381740872711324, 0.4107773283580072], [0.21390967418129647, 0.2865450090728348, 0.225750401607857, 0.2737949151380115], [0.42171300003013906, 0.198256094613939, 0.19149193927594912, 0.1885389660799728], [0.0800659694481172, 0.3509829959188158, 0.28582339070555796, 0.2831276439275091], [0.2014903411416994, 0.334591489649105, 0.15262062175619975, 0.3112975474529959], [0.19505928407816575, 0.4430034105103733, 0.18668502201169593, 0.1752522833997651], [0.25431811679835553, 0.2942452338517158, 0.18951161385742415, 0.2619250354925044], [0.20196773485722452, 0.31350373728043945, 0.14073117743963365, 0.34379735042270243], [0.6535631927798347, 0.12619758303378648, 0.05978086535423683, 0.16045835883214196], [0.1378546624233111, 0.2700052228515571, 0.284461920471252, 0.3076781942538798], [0.24231767417237102, 0.3878776471314493, 0.16737265933457052, 0.20243201936160918], [0.3142973666666743, 0.3136546342331018, 0.10533824983037693, 0.26670974926984703], [0.15024691467487572, 0.30706551076878474, 0.18821984945739115, 0.35446772509894847], [0.16248793509772402, 0.3184430855621645, 0.19221438085533915, 0.3268545984847725], [0.20938630084411647, 0.28753630541830605, 0.11670704624103007, 0.3863703474965473], [0.10903577523437151, 0.6521274727421058, 0.10694670567488887, 0.13189004634863385], [0.198118800895764, 0.2533182082311322, 0.15466275564904114, 0.3939002352240626], [0.20743679344277688, 0.29600881586564526, 0.17568666579738992, 0.3208677248941879], [0.15673020199158708, 0.22255279734198655, 0.2508410886260253, 0.3698759120404012], [0.17196817971072395, 0.21384467685873526, 0.18468407351937305, 0.4295030699111677], [0.2914843369806172, 0.17479547474864682, 0.3248295858959293, 0.20889060237480672], [0.42839259999245316, 0.21442023558528883, 0.08662292769474302, 0.2705642367275149], [0.11366345339342267, 0.44702167523147945, 0.21413146252858567, 0.2251834088465122], [0.4855884538783532, 0.17692531945608553, 0.10273288949502188, 0.23475333717053942], [0.2664518926121931, 0.2930745432389521, 0.17225117828215686, 0.26822238586669794], [0.4001563375817425, 0.1294602857509864, 0.3314577777367729, 0.1389255989304983], [0.22542385814730198, 0.2740657503142921, 0.1782121524611352, 0.32229823907727073], [0.19365857871755637, 0.48037194323985954, 0.14081516170292496, 0.1851543163396592], [0.30225202327973216, 0.1842890663897428, 0.2573968265530451, 0.25606208377747985], [0.17987270514324216, 0.17635833223426908, 0.46361257000158634, 0.18015639262090244], [0.42010708941393793, 0.2059070166650994, 0.20376565022309964, 0.17022024369786298], [0.18063954014665282, 0.3736991739408575, 0.12388498590639427, 0.3217763000060955], [0.19339012746027867, 0.3907593453640386, 0.21933893921355513, 0.19651158796212742], [0.19145000569712384, 0.40752458368233996, 0.06928066039312024, 0.331744750227416], [0.3325950413003371, 0.22463942505632706, 0.1709364954543562, 0.27182903818897947], [0.27649363884961936, 0.3968917781640905, 0.18699732155018223, 0.1396172614361079], [0.16214074005596904, 0.24803431923498634, 0.16440998977848448, 0.4254149509305602], [0.20757981200785128, 0.49512500739111004, 0.05194179635036139, 0.24535338425067724]]}, "rewritten": {"ids": ["97105960", "97106820", "97107950", "97112290", "97112300", "97113260", "97116401", "98107010", "98107340", "98107410", "98108520", "98111620", "98111670", "98112300", "98113881", "98119591", "99107300", "99107500", "99108310", "99108580", "99109780", "99109910", "99112641", "100108260", "100108580", "100109000", "100111080", "100113370", "100115700", "101110200", "101110740", "101112690", "101114990", "102109850", "102110850", "102111990", "102112030", "102113210", "102116340", "102117351", "102118380", "103111170", "103111990", "103113170", "103113270", "103118110", "103120290", "103120531", "104111620", "104112470", "104113170", "104113380", "104113550", "104114230", "104114410", "104119290", "105110091", "105110251", "105111990", "105113480", "105114220", "105115380", "105115900", "105116441", "105121370", "106113170", "106113360", "106113830", "106114011", "106116441", "106116820", "106117790", "106121190", "107112840", "107113130", "107113200", "107113260", "107114950", "107118780", "107120880", "108114180", "108114200", "108115070", "108116501", "108118060", "108118630", "108119510", "108120060", "108120260", "109114220", "109114270", "109115070", "109116170", "109116930", "109117110", "109117431", "109117630", "109117730", "109118701", "109118820", "109119340", "109119450", "109121410", "109121640", "110113931", "110115980", "110116170", "110116501", "110117140", "110117500", "110118450", "110118630", "110118880", "110120540", "110121170", "110121450", "111116640", "111117000", "111117120", "111117200", "111117571", "111118910", "111119580", "111119610", "111119930", "111121351", "112117030", "112117580", "112117660", "112117790", "112118581", "112118701", "112119580", "112121360", "113117630", "113118630", "113119300", "113119450", "113120070", "113120540", "113122430", "113122650"], "labels": [2, 1, 2, 1, 2, 1, 3, 3, 0, 3, 2, 3, 1, 2, 3, 1, 3, 0, 2, 0, 2, 2, 1, 3, 0, 1, 0, 3, 1, 2, 3, 1, 3, 1, 3, 2, 2, 3, 3, 1, 1, 2, 2, 3, 2, 2, 2, 3, 0, 1, 3, 1, 1, 2, 1, 1, 0, 0, 2, 0, 3, 1, 3, 1, 2, 0, 0, 1, 1, 0, 1, 1, 2, 1, 1, 0, 0, 3, 1, 1, 1, 0, 1, 0, 1, 1, 1, 1, 1, 3, 3, 0, 0, 0, 1, 1, 0, 3, 3, 3, 3, 3, 0, 0, 1, 1, 0, 3, 3, 1, 0, 1, 0, 1, 2, 3, 0, 0, 2, 0, 3, 0, 3, 2, 1, 0, 2, 0, 0, 3, 1, 0, 3, 3, 0, 3, 1, 3, 2, 3, 2, 2], "predicted_labels": [2, 3, 1, 3, 3, 3, 1, 1, 3, 0, 1, 2, 3, 0, 1, 2, 0, 1, 0, 1, 2, 2, 0, 3, 2, 2, 0, 3, 2, 2, 1, 2, 1, 2, 2, 0, 2, 0, 1, 3, 0, 3, 3, 1, 3, 3, 1, 1, 3, 3, 1, 1, 3, 3, 0, 3, 2, 0, 3, 3, 3, 0, 3, 1, 0, 3, 2, 1, 3, 3, 3, 1, 0, 1, 2, 0, 2, 0, 0, 0, 3, 0, 1, 3, 3, 3, 3, 1, 0, 3, 3, 2, 1, 2, 3, 1, 2, 0, 0, 1, 3, 0, 1, 1, 1, 0, 3, 3, 3, 0, 2, 1, 1, 0, 2, 3, 0, 1, 3, 1, 1, 1, 1, 1, 3, 1, 2, 3, 3, 0, 3, 3, 3, 3, 2, 3, 3, 1, 2, 1, 3, 1], "confidence_scores": [[0.2399439722870475, 0.26454663542073775, 0.2851055515267352, 0.21040384076547963], [0.15312544503272948, 0.27211013672486667, 0.21982143557052264, 0.35494298267188107], [0.1613745215725834, 0.3687138735617554, 0.16127097519742906, 0.3086406296682322], [0.22109431918744354, 0.24430066252074303, 0.10919536136977001, 0.42540965692204347], [0.22163824797016074, 0.2641934504768828, 0.09621125565166555, 0.4179570459012909], [0.18684255301110617, 0.2693850471366178, 0.10932117172170078, 0.43445122813057524], [0.1688855152596696, 0.3997643797215458, 0.12425514678414347, 0.3070949582346411], [0.3064018490912339, 0.3721114029341897, 0.10636061674919442, 0.2151261312253821], [0.16931904907476558, 0.19113837102506276, 0.21668989815268982, 0.42285268174748186], [0.4870973415466058, 0.17834405669043438, 0.2001948342625391, 0.13436376750042092], [0.2715668535237731, 0.36774458940509935, 0.1001553361139274, 0.2605332209572002], [0.15143029546569542, 0.23204363495109978, 0.3229136622231681, 0.2936124073600368], [0.08744678591999087, 0.17241264017462415, 0.22621135843051696, 0.513929215474868], [0.47234229960147156, 0.13644230188184553, 0.10764391579972792, 0.28357148271695515], [0.09005562424661556, 0.5514547067059964, 0.17015722221016968, 0.1883324468372183], [0.23444262132015461, 0.2053626994194584, 0.2969011623792621, 0.2632935168811249], [0.37931839088806535, 0.20761370369654558, 0.19712787546229404, 0.2159400299530951], [0.20318729847214212, 0.3965833016067107, 0.16133549218321683, 0.23889390773793043], [0.4687530450194429, 0.2212065842490699, 0.14902166168748163, 0.16101870904400564], [0.25601179928533907, 0.40278358025848715, 0.14734303752489136, 0.19386158293128264], [0.11915585514775923, 0.2992675822937256, 0.32165830108105214, 0.25991826147746305], [0.17714534902972298, 0.2933170512808301, 0.3365007972943271, 0.1930368023951198], [0.41787712348314343, 0.2016906831790268, 0.17072699684045772, 0.209705196497372], [0.1905239152192804, 0.2375152725005744, 0.1788680809315146, 0.39309273134863076], [0.0853196021542145, 0.21061140669411207, 0.4548702474655963, 0.24919874368607722], [0.12095324942118077, 0.1499395173351753, 0.36738400897747986, 0.3617232242661641], [0.31163611780386447, 0.24732172623424573, 0.17937416949693957, 0.2616679864649503], [0.19921975785549492, 0.22395910597963406, 0.1458277357016667, 0.43099340046320417], [0.19207066999443462, 0.18053529489912745, 0.3512024023664061, 0.27619163274003183], [0.2616114775048727, 0.24660195747556649, 0.27252134109680276, 0.21926522392275813], [0.273225963501502, 0.4418906819399712, 0.1170300844804477, 0.1678532700780791], [0.1261524993917923, 0.2539036006413069, 0.5054570209017426, 0.11448687906515805], [0.08945434156462871, 0.6406663837504073, 0.11017219083217593, 0.1597070838527882], [0.1770103801276731, 0.26975570237501717, 0.31362032720196525, 0.2396135902953445], [0.14885947242033795, 0.24417283718940092, 0.37253937095155687, 0.23442831943870435], [0.34259330532333243, 0.18451784921753553, 0.150155916471523, 0.3227329289876091], [0.26712917342899806, 0.17621454987533827, 0.37960002700599793, 0.17705624968966574], [0.361050042385837, 0.20939514804922696, 0.08881255245374305, 0.340742257111193], [0.15214618099410412, 0.449673380876756, 0.13496556831273895, 0.263214869816401], [0.23824731315847536, 0.191407905047038, 0.22931644758816003, 0.3410283342063266], [0.3114151955843357, 0.26337527077476375, 0.23799639540275383, 0.18721313823814684], [0.2622893141568514, 0.22328825484452852, 0.20972877662168776, 0.3046936543769323], [0.17371880868766673, 0.33475031823366774, 0.05428703753378294, 0.43724383554488255], [0.11122989853196016, 0.39083493792811896, 0.3253533151037532, 0.17258184843616775], [0.1834095985269327, 0.30494638913132033, 0.16904594570211814, 0.34259806663962883], [0.30314698731009304, 0.19366595006558457, 0.07636798674179235, 0.42681907588253004], [0.2227648244391029, 0.4122823966663777, 0.22403635943364023, 0.14091641946087924], [0.18649367126735222, 0.3819777755942004, 0.16287565610220534, 0.2686528970362422], [0.2817488591820934, 0.15854871146215913, 0.1813167212413459, 0.37838570811440153], [0.2300104364779626, 0.3335766024309193, 0.09734646861084092, 0.33906649248027715], [0.11725944838637282, 0.5675694474660405, 0.15195635748561595, 0.1632147466619708], [0.11425540492351177, 0.661801815412129, 0.09260997641330626, 0.13133280325105307], [0.26270511894941784, 0.14093993104524502, 0.21024675916567093, 0.3861081908396663], [0.29393207098681434, 0.18206636763673087, 0.17616237899413073, 0.3478391823823241], [0.5060582877497568, 0.24336706852810666, 0.043192293971323854, 0.2073823497508127], [0.0906528715145632, 0.18891911240708742, 0.2612870085368245, 0.4591410075415248], [0.13658379241590973, 0.16175458151579614, 0.5418854485222742, 0.15977617754602014], [0.394712063977082, 0.22250692180949866, 0.14267136378510917, 0.24010965042831006], [0.2529229737413057, 0.2392561326196771, 0.04460331981797875, 0.4632175738210385], [0.18163357831183977, 0.34422383668112355, 0.07460576785285672, 0.39953681715418005], [0.29262321965531596, 0.2583469163091652, 0.08914917455691902, 0.3598806894786], [0.34925791930354355, 0.17803301466843308, 0.18972487735671775, 0.28298418867130565], [0.25236052688892724, 0.20533659293973508, 0.2663431026103804, 0.27595977756095724], [0.14565098519698702, 0.5515796546957324, 0.12897373796380776, 0.17379562214347274], [0.310783558050632, 0.3005582316449362, 0.1393871910073828, 0.24927101929704906], [0.25366849749924464, 0.23139554162066728, 0.11865995529885034, 0.3962760055812378], [0.2308343245377648, 0.1595208820941042, 0.4267852208385345, 0.18285957252959656], [0.2639961253870316, 0.3811608105465278, 0.13783896405003096, 0.21700410001640957], [0.2717574715233906, 0.2602131397544767, 0.1391789426148939, 0.3288504461072388], [0.25400397397270746, 0.22730870196521352, 0.2522915295022795, 0.26639579455979945], [0.25117500444066626, 0.2260319299693206, 0.2108511400074244, 0.3119419255825889], [0.27235459152574387, 0.3985852972680751, 0.13403198167910593, 0.1950281295270751], [0.33742920871501975, 0.27787846124377913, 0.25733226292410116, 0.1273600671171001], [0.09881854624962266, 0.4618089160372584, 0.09363379712333655, 0.34573874058978243], [0.27865909208344003, 0.26617233954513403, 0.30780537677573033, 0.14736319159569553], [0.37499648994883256, 0.3080790930373536, 0.10557955525201017, 0.21134486176180364], [0.17449515083074219, 0.27719503341839224, 0.2781897022469962, 0.27012011350386944], [0.41158889934207543, 0.16958400580056468, 0.14182658871889767, 0.2770005061384622], [0.4438607809175389, 0.20241216464667758, 0.0745764282089698, 0.2791506262268139], [0.3408787403138348, 0.3309498413260424, 0.047858371087091366, 0.28031304727303147], [0.08652108032910799, 0.21443826679204414, 0.10198050977784529, 0.5970601431010026], [0.6936795012914361, 0.05939579493362203, 0.1366665419943596, 0.1102581617805822], [0.31387061107381037, 0.31474824882047836, 0.16813360451179038, 0.20324753559392084], [0.24124156798060925, 0.23421561377478436, 0.12825587059381732, 0.39628694765078903], [0.18536684268440728, 0.2166597101318541, 0.20265399630418496, 0.3953194508795537], [0.2028742583795849, 0.26983305332627955, 0.0984250417773002, 0.4288676465168352], [0.20551829677148345, 0.3327970193036661, 0.11993282920543519, 0.34175185471941527], [0.11329439813146878, 0.3694568849344982, 0.36738491221559716, 0.14986380471843594], [0.3448394657963009, 0.25705407011571957, 0.18773074504289627, 0.21037571904508326], [0.1773552183616499, 0.21408062797714097, 0.27716234097212034, 0.3314018126890887], [0.1727374148009661, 0.26916149853768323, 0.11902244722497973, 0.439078639436371], [0.17425244629329584, 0.3323845602625714, 0.35801863198581396, 0.13534436145831896], [0.08889636440327299, 0.557177813652623, 0.1200756687837947, 0.2338501531603094], [0.34591176348293023, 0.16945945472374285, 0.35679433721762893, 0.12783444457569798], [0.30967352370450096, 0.13141321803296752, 0.24757915310380665, 0.3113341051587249], [0.1860265763070443, 0.5814648941009563, 0.07523126747121402, 0.1572772621207855], [0.2408671185455375, 0.25638090678052994, 0.2622484363734148, 0.24050353830051782], [0.5006811502414293, 0.23812333129246335, 0.11514426100315416, 0.14605125746295314], [0.4169487475422376, 0.15027308183901678, 0.25164441835373863, 0.181133752265007], [0.16149869958771096, 0.42667717696089985, 0.14438647190514145, 0.26743765154624777], [0.1982205909742106, 0.14985378748946718, 0.2642220703339379, 0.3877035512023842], [0.27862950734547753, 0.27580888887151545, 0.1847384543355436, 0.26082314944746343], [0.2110606393607224, 0.3494204143478049, 0.13020849373678783, 0.309310452554685], [0.15066882522450503, 0.3630440542120349, 0.1737313396389505, 0.3125557809245096], [0.2163462806359249, 0.3536751748671725, 0.10496042885326175, 0.3250181156436411], [0.3184192430090921, 0.26971249826468513, 0.1837733850675715, 0.22809487365865128], [0.25093599444930553, 0.2962141853328406, 0.13541748515647561, 0.3174323350613783], [0.19875444534835673, 0.2897473756576944, 0.10712918179632812, 0.4043689971976208], [0.18784947378101519, 0.29902561688719465, 0.17151561774941798, 0.3416092915823721], [0.3573803336791825, 0.27275236598346, 0.11646353526954109, 0.25340376506781637], [0.22528502403323544, 0.2893138489603539, 0.29078873950263007, 0.19461238750378074], [0.19853858120415052, 0.38746743644681103, 0.23944145916837634, 0.17455252318066203], [0.17486360120351657, 0.4015217707534484, 0.20092973578238926, 0.22268489226064578], [0.35767044190509373, 0.23126460181021605, 0.22308838262744424, 0.18797657365724618], [0.12421983475983936, 0.25651133265801795, 0.44195426675373994, 0.1773145658284028], [0.27751143353343466, 0.17126628328331175, 0.09308988657938555, 0.458132396603868], [0.36034481518988126, 0.2884937798294327, 0.1193572649077516, 0.23180414007293468], [0.17145550254651237, 0.37662206826382505, 0.21881443468613065, 0.23310799450353206], [0.11576479415879423, 0.2652585499190337, 0.16156766039150508, 0.4574089955306671], [0.20415106775132938, 0.42360236838400755, 0.14780909867844153, 0.2244374651862216], [0.07097793784518434, 0.8612184482643929, 0.02456200301146578, 0.043241610878957205], [0.20438165879205664, 0.5367902975348611, 0.045805559772264894, 0.21302248390081735], [0.2849015741737923, 0.4963973280071583, 0.06726946554214588, 0.15143163227690346], [0.10305098512616588, 0.5399948772232519, 0.19606484237460436, 0.16088929527597784], [0.2909452503860749, 0.21125060511468988, 0.13724535185223066, 0.36055879264700474], [0.2525355023285766, 0.33708176799785455, 0.12817908774004713, 0.2822036419335217], [0.33633388129562686, 0.08491782144748337, 0.3805736198915805, 0.1981746773653094], [0.1406032158319017, 0.17923705142724916, 0.08998521931304952, 0.5901745134277996], [0.18854986576337252, 0.2756029095861439, 0.24465077088597556, 0.2911964537645082], [0.33622979817352877, 0.22836827147899857, 0.13208636969086657, 0.30331556065660614], [0.19915433280728048, 0.20520611633167182, 0.1078312138959422, 0.4878083369651056], [0.3012575435003768, 0.19523885225218454, 0.16880234982878287, 0.3347012544186558], [0.19349337041012069, 0.265633731800098, 0.23304495085531715, 0.3078279469344642], [0.27634881553566987, 0.2160641207979921, 0.19483205381558696, 0.3127550098507511], [0.15055563665263275, 0.2716876683498949, 0.31028368913065496, 0.2674730058668175], [0.25703595153473124, 0.2505843030802182, 0.08855678825486668, 0.40382295713018385], [0.27466028663060893, 0.23453587464779102, 0.14944434637697845, 0.34135949234462165], [0.25375716540719223, 0.3615359574546091, 0.08949493281967745, 0.29521194431852155], [0.11902951509976556, 0.09621264513658537, 0.5231332572302588, 0.2616245825333902], [0.21470315220221714, 0.43972261339109386, 0.19707683201670542, 0.1484974023899836], [0.1329819724234427, 0.364863857166506, 0.11673788839281923, 0.3854162820172321], [0.19242158750382296, 0.3445791327181885, 0.2610734886208056, 0.2019257911571829]]}}