{"test": {"ids": ["110118810", "108113480", "102113210", "107120130", "104118070", "102112170", "102109850", "103112470", "111115910", "111119950", "103117461", "102111990", "103113260", "108114040", "109114720", "111114121", "104114320", "102107961", "110114561", "107118490", "99105921", "106114321", "100109330", "106117790", "108115870", "104111550", "105120621", "110118701", "113117550", "113120780", "112118620", "112117660", "108118630", "112121430", "108115500", "101108121", "106113830", "100108520", "107120010", "100109910", "98109570", "97118210", "105117351", "112118860", "110119300", "109115070", "98121790", "110115580", "99107640", "97114170", "104109311", "110118740", "113118620", "97106820", "107119130", "106118161", "113119950", "107114490", "113120531", "102110690", "108118520", "107113180", "108119330", "97105960", "98116500", "100110050", "108120621", "101108290", "98112580", "101119591", "103111990", "112121010", "103110760", "113122220", "112119450", "99107560", "109118701", "97106000", "108115570", "104111531", "99108330", "110116300", "111116170", "106119580", "100116500", "99117740", "106116120", "101112690", "112120700", "110114321", "111116040", "108114270", "108121190", "111121190", "104119340", "99109860", "110118630", "104110960", "107121230", "109120560", "109117431", "107113550", "98110230", "109119591", "112116501", "110114950", "106114280", "98109230", "106117770", "100111620", "97113260", "104112470", "113122430", "112118550", "102109010", "108117610", "108121410", "99107660", "107115140", "109118820", "97107681", "99112641", "111116010", "111119290", "98116940", "101111140", "105113260", "102108621", "98107340", "111116750", "111114941", "100111390", "99108080", "99109740", "110114720", "110118121", "110118301", "113121190", "111119250", "97111790", "107118820", "108117360"], "labels": [1, 0, 3, 2, 2, 3, 1, 1, 2, 0, 0, 2, 3, 0, 0, 0, 2, 3, 0, 2, 1, 2, 0, 1, 3, 1, 1, 3, 3, 0, 3, 0, 1, 2, 3, 0, 1, 2, 1, 2, 1, 2, 0, 3, 1, 0, 2, 1, 1, 2, 3, 3, 3, 1, 1, 3, 0, 3, 0, 0, 0, 3, 0, 2, 2, 3, 1, 0, 2, 0, 2, 2, 1, 1, 3, 1, 3, 0, 3, 0, 1, 3, 0, 3, 2, 2, 1, 1, 2, 1, 0, 3, 1, 1, 1, 2, 1, 2, 0, 1, 1, 0, 3, 0, 3, 0, 3, 1, 0, 3, 1, 1, 2, 3, 1, 3, 0, 3, 0, 3, 3, 1, 1, 3, 2, 2, 3, 3, 0, 3, 0, 2, 3, 3, 3, 3, 1, 1, 1, 2, 3, 1], "predicted_labels": [1, 0, 3, 1, 1, 0, 2, 1, 3, 3, 1, 2, 1, 2, 2, 1, 0, 1, 1, 1, 0, 3, 0, 0, 3, 2, 3, 0, 2, 0, 0, 3, 3, 0, 1, 3, 0, 0, 1, 2, 3, 2, 0, 1, 3, 1, 2, 2, 3, 1, 3, 0, 1, 0, 3, 2, 0, 1, 3, 0, 1, 1, 0, 2, 3, 3, 1, 3, 1, 3, 1, 0, 1, 3, 3, 1, 3, 3, 2, 3, 1, 1, 3, 2, 1, 0, 1, 2, 1, 1, 0, 0, 1, 3, 3, 1, 3, 0, 1, 3, 3, 3, 1, 1, 3, 0, 0, 2, 1, 2, 3, 3, 3, 3, 1, 0, 0, 0, 3, 3, 3, 0, 1, 3, 1, 0, 3, 3, 2, 3, 3, 0, 0, 2, 2, 3, 1, 1, 3, 3, 3, 2], "confidence_scores": [[0.0410128788983323, 0.8582187830932774, 0.036664220893946504, 0.06410411711444383], [0.7798701094653899, 0.025096684739677952, 0.005670070853870363, 0.18936313494106177], [0.005108279546443513, 0.03078506229130849, 0.33033248504955504, 0.633774173112693], [0.03699002254503393, 0.8119404866149298, 0.15096104339209668, 0.00010844744793967141], [0.03783804865615778, 0.5956832413970826, 0.36214733439658797, 0.0043313755501717364], [0.39476269832515726, 0.19860717641620268, 0.3859042166611838, 0.020725908597456273], [0.2511256028955517, 0.04765264123804372, 0.6918004067078892, 0.009421349158515268], [0.4029545490328154, 0.5580479445756666, 0.03882569517457021, 0.00017181121694773103], [0.18361956264707424, 0.05446449290931658, 0.04270621087837272, 0.7192097335652364], [0.16200259194579603, 0.00876043882170654, 0.003434591894743288, 0.8258023773377541], [0.07166049785610495, 0.5742239721776453, 0.09291367963971629, 0.26120185032653354], [0.2534960676971272, 0.0006356879270252706, 0.7110739983448667, 0.03479424603098088], [0.00968194420668228, 0.7962932341753033, 0.14719648139868227, 0.046828340219331945], [0.24086400555996565, 0.2390239411682614, 0.3079545337426041, 0.21215751952916886], [0.001689897587681187, 0.0005878033282253328, 0.9907422523871448, 0.006980046696948889], [0.000445553233728314, 0.9880604927206244, 0.005293311293985723, 0.00620064275166145], [0.7652590956891128, 0.1459125758699859, 0.04395263269965989, 0.0448756957412416], [0.3273579795215622, 0.5827193774880055, 0.05975882032264593, 0.030163822667786278], [0.025645049421584326, 0.9596290572671912, 0.00036613670280919374, 0.014359756608415281], [0.011487597492803746, 0.9223961701401008, 0.06594434970155992, 0.0001718826655353412], [0.7146324084268576, 0.0041667011458378315, 0.27908127315098324, 0.0021196172763212773], [0.049218507410628005, 0.018457579120854276, 0.04563404504303131, 0.8866898684254864], [0.938756846296957, 0.004885647839574019, 0.0013287713323748812, 0.05502873453109412], [0.443902003441943, 0.22026019995986043, 0.3270304816902299, 0.008807314907966721], [0.028625042922919102, 0.01027752473121026, 0.2233137625377939, 0.7377836698080767], [0.057677602076471955, 0.30155142247757316, 0.5651205269597713, 0.07565044848618359], [0.23312850616107061, 0.033638749139299234, 0.0008576532414871294, 0.732375091458143], [0.9797855176093906, 0.0021108665836442613, 0.017286087340860984, 0.0008175284661042411], [0.044181802132768386, 0.27083177556763843, 0.44590659812609107, 0.2390798241735021], [0.7678573468565404, 0.015582191185834902, 0.001875670941080831, 0.21468479101654372], [0.9539740420509459, 0.013179548013202043, 0.004216279659291769, 0.028630130276560296], [0.134146458566367, 0.003056127563229457, 0.015869407367018723, 0.8469280065033848], [0.0026654672746707973, 0.02805171890575691, 0.024365498483157368, 0.9449173153364149], [0.7214065913560295, 0.09753247049197655, 0.05963964071677757, 0.12142129743521633], [0.2350413875556246, 0.6641202722480942, 0.0923588229264294, 0.008479517269851836], [0.008414375550613784, 0.1436786423129329, 0.007097337256601693, 0.8408096448798517], [0.5677266013451432, 0.01909781259879485, 0.06322955804195653, 0.3499460280141055], [0.3833717480749563, 0.19970878701706704, 0.21482579095778556, 0.20209367395019104], [0.20202405715218277, 0.5354013517397592, 0.07409655350737945, 0.18847803760067852], [0.023899199708297087, 0.04275726338581302, 0.9124822744174502, 0.020861262488439686], [0.04885992966046931, 0.0030243512443810937, 0.010557340615388487, 0.9375583784797612], [0.1049720172083195, 0.024415597845671703, 0.8465657756935657, 0.024046609252443077], [0.8571139167574235, 0.05332743984327316, 0.013281742841960386, 0.07627690055734286], [0.0487491775488367, 0.6315094636435149, 0.10819137213787931, 0.21154998666976904], [0.20957092622042464, 0.19969878313985556, 0.022142331796057978, 0.5685879588436618], [0.02631877201503605, 0.9407335173335359, 0.027896913888694783, 0.005050796762733214], [0.002268570280707319, 0.01789300118345654, 0.9733502437401234, 0.006488184795712716], [0.30547390518892226, 0.08914451788096374, 0.5393093107768092, 0.06607226615330476], [0.05762356610765565, 0.008160836750253843, 0.0386861368332496, 0.8955294603088408], [6.143594661955803e-05, 0.9304134123192641, 0.007342525981825461, 0.062182625752290804], [0.2107101035585267, 0.1400004428155688, 0.007096849267022817, 0.6421926043588816], [0.49320364836054337, 0.0010656497151977124, 0.3370472681410691, 0.1686834337831897], [0.06295906415554443, 0.9336642546213453, 0.00024009801722788676, 0.003136583205882385], [0.6123590729901162, 0.0069065035956672495, 0.1644028896293117, 0.21633153378490497], [0.046463670340714296, 0.46245767190026515, 0.009399261391721687, 0.48167939636729895], [0.15653299903729523, 0.25275966934539057, 0.2988499872819299, 0.29185734433538435], [0.7726558572740593, 0.18796049418033237, 0.00021480345931105215, 0.03916884508629732], [0.2792825620102488, 0.3479480485905298, 0.24894300005397033, 0.12382638934525123], [0.23418658822242014, 0.14160529980509373, 0.03612883214071702, 0.5880792798317691], [0.5219331974880858, 0.3282528391329399, 0.00011996291312165842, 0.14969400046585282], [0.0065578984597369295, 0.9269322583605663, 0.012635856404685609, 0.05387398677501111], [0.17768474504365558, 0.535660522141827, 0.18520167178749553, 0.10145306102702188], [0.6168605899457474, 0.29022691388055766, 0.0659735635566279, 0.02693893261706696], [0.37153159511759754, 0.01565777546421527, 0.5324409644198971, 0.0803696649982901], [0.4013308131448589, 0.09497982429752425, 0.054348496217311706, 0.4493408663403052], [0.03258117670923315, 0.13916230757752124, 0.10204492489278848, 0.7262115908204572], [0.018724394015635352, 0.904507775283154, 0.041308859703365806, 0.035458970997844855], [0.040294673956560466, 0.26551701793478333, 0.010496307013660219, 0.6836920010949961], [0.018851194937623727, 0.7539465781631927, 0.03432764137655976, 0.19287458552262388], [0.4671220548053361, 0.0020321348446220478, 0.01208747172279266, 0.5187583386272492], [0.06445713507753797, 0.928255156378257, 0.003505577844259306, 0.00378213069994573], [0.5426919243891734, 0.2764082977945563, 0.050636223207114216, 0.13026355460915623], [0.09931844259546285, 0.4532595401503688, 0.02448791659259377, 0.42293410066157466], [0.1311134548384259, 0.2853957724656534, 0.007318402800679504, 0.5761723698952411], [0.13521932424655858, 0.20077712214673527, 0.0041558166262218605, 0.6598477369804843], [0.29371130720441985, 0.5646682127890629, 0.007477109209274948, 0.13414337079724248], [0.013243131465421403, 0.004981500043005678, 0.004050718073570354, 0.9777246504180026], [0.0033010465435540284, 0.11808507334700072, 0.005415776291012399, 0.8731981038184329], [0.00350104177474852, 0.031108315127483688, 0.9430022923516308, 0.02238835074613713], [0.01054091582663061, 0.017110874859175933, 0.018807619270990606, 0.9535405900432028], [0.021872118459508795, 0.7100196189626705, 0.14727117349672508, 0.12083708908109558], [0.3504124246332701, 0.6188289870254963, 0.018149335262269237, 0.0126092530789644], [0.013979608393204484, 0.02343722724097694, 2.5896067199982403e-05, 0.9625572682986187], [0.15117310690446886, 0.12239514060663861, 0.5515342007294474, 0.17489755175944513], [0.0021314697410939015, 0.8674771816973995, 0.07085448622294523, 0.05953686233856121], [0.8175014428622179, 0.02009610444189176, 0.12698067879524508, 0.035421773900645166], [0.010940645046817032, 0.9593454258023354, 0.02507930894109171, 0.00463462020975567], [0.031074087321505118, 0.305331452023102, 0.495702224648312, 0.16789223600708086], [0.32337407014922204, 0.5151967198915935, 0.09421505153395858, 0.06721415842522589], [0.28974235072798504, 0.4911502076935465, 0.0008687062502791931, 0.2182387353281892], [0.765749702961259, 0.18786567031174028, 0.016225300156015632, 0.030159326570985048], [0.4337130903511592, 0.1535627512732471, 0.25234578953488934, 0.16037836884070433], [0.06661842287997713, 0.8837590236739595, 0.006729327379864089, 0.04289322606619928], [0.023686736350064425, 0.020284969886996015, 0.38515056523149727, 0.5708777285314421], [0.26457328567241345, 0.03312149124060645, 0.037135079280226094, 0.665170143806754], [0.00646839159505283, 0.7067211756427354, 0.2549786468185518, 0.03183178594366], [0.07693198306729859, 0.30415251997481085, 0.3042586483716554, 0.3146568485862352], [0.5567173635316007, 0.13941107863974192, 0.03498425741136058, 0.26888730041729675], [0.17544735785163307, 0.7008487054959988, 0.0016555691327856694, 0.1220483675195826], [0.0007862473647175195, 0.02128207213262335, 0.32429748631164906, 0.6536341941910101], [0.2681484778127077, 0.31926724576160254, 0.027337774816558653, 0.38524650160913115], [0.23806910640364518, 0.03999553976819068, 0.032902061140662374, 0.6890332926875018], [0.005642697301653098, 0.9933569843714082, 0.00020656662674723195, 0.0007937517001915008], [0.29885052796490746, 0.532873654508081, 0.1669334216475933, 0.0013423958794182502], [0.0009906135721240788, 0.005075836285534551, 0.0005430438073775403, 0.9933905063349637], [0.9154824353050938, 0.003508026469461474, 0.016754280204864642, 0.0642552580205802], [0.7920996518433366, 0.00592116530990847, 0.002535946275033152, 0.19944323657172167], [0.014984155793619124, 0.0019572097213931836, 0.9646942186259375, 0.01836441585905018], [0.22771681074788627, 0.4416616062682273, 0.2462826858898417, 0.0843388970940446], [0.13348733851885347, 0.2684023114169813, 0.5261257173147174, 0.07198463274944786], [0.0009896883558812714, 0.010810221802716572, 0.12819074128839653, 0.8600093485530056], [0.030177717893921496, 0.043594212177459395, 0.03369741590335153, 0.8925306540252675], [0.00019869000289898643, 0.025802789707467893, 0.012850263200386148, 0.961148257089247], [0.45717085535918983, 0.006601800414497798, 0.015425068106502859, 0.5208022761198094], [0.09077679343157719, 0.7670932787326922, 0.11453830992480242, 0.02759161791092827], [0.37268686884102015, 0.23791349885835067, 0.021996415436665296, 0.36740321686396393], [0.7459707309802516, 0.2463658793232398, 0.0021608995873273326, 0.005502490109181324], [0.8079335604516924, 0.025971555657032307, 0.007051452714647595, 0.15904343117662756], [0.018522032723168668, 0.007934996849803923, 0.024867928272398518, 0.9486750421546288], [0.017850913066139278, 0.04486592066418084, 0.008414151585408518, 0.9288690146842714], [3.3799648472128506e-05, 0.0010804100697602733, 0.3560585231216362, 0.6428272671601315], [0.9583074283541595, 0.006774731884551811, 0.0003194584099504928, 0.03459838135133835], [0.0005332072497266535, 0.9154819344376345, 0.07141000809883112, 0.012574850213807597], [0.0002860848897084406, 0.007504825552430844, 0.05262395048557383, 0.9395851390722868], [0.1480713414519385, 0.843410059468244, 0.007469391424802718, 0.0010492076550148075], [0.5481025530483117, 0.0020612638646937283, 0.03614611482681086, 0.4136900682601836], [0.005487988377160838, 0.08179695809254717, 0.0019588762298416813, 0.9107561773004502], [0.015655983023615216, 0.0059413204263354304, 0.00026639602354547017, 0.9781363005265039], [0.0003278354291890485, 0.005579812212515553, 0.6799684149997645, 0.31412393735853095], [0.22491029124522477, 0.0011859017314027466, 0.25014587346181905, 0.5237579335615534], [0.006268843001439889, 0.3078858459520461, 0.0015657379034832307, 0.6842795731430308], [0.7869337152307821, 0.060999972313385616, 0.11955179929996275, 0.03251451315586947], [0.8689165880175387, 0.01028221927784464, 0.005149261242194299, 0.1156519314624224], [0.18583448040430045, 0.2679710747365099, 0.4388003519372213, 0.1073940929219684], [0.0025368352667121813, 0.002103940874843292, 0.9929249975568365, 0.0024342263016079832], [0.06643070733210853, 0.21338693171713888, 0.0013859450140726749, 0.71879641593668], [0.013585154020851021, 0.9857789345227499, 0.00026368763181666325, 0.0003722238245825665], [0.24176798837612568, 0.512582471356589, 0.008574881596525285, 0.23707465867076002], [0.0005555045218005724, 0.14314509889109295, 0.10597169509996902, 0.7503277014871376], [0.028512035604254242, 0.0013167491050348446, 0.1106983046870622, 0.8594729106036488], [0.4229430850997795, 0.14331696180841536, 0.010717562912838433, 0.4230223901789667], [0.000520494738707264, 0.10603496274235712, 0.7983250371948255, 0.0951195053241101]]}, "rewritten": {"ids": ["97105960", "97106000", "97106820", "97107681", "97111790", "97113260", "97114170", "97118210", "98107340", "98109230", "98109570", "98110230", "98112580", "98116500", "98116940", "98121790", "99105921", "99107560", "99107640", "99107660", "99108080", "99108330", "99109740", "99109860", "99112641", "99117740", "100108520", "100109330", "100109910", "100110050", "100111390", "100111620", "100116500", "101108121", "101108290", "101111140", "101112690", "101119591", "102107961", "102108621", "102109010", "102109850", "102110690", "102111990", "102112170", "102113210", "103110760", "103111990", "103112470", "103113260", "103117461", "104109311", "104110960", "104111531", "104111550", "104112470", "104114320", "104118070", "104119340", "105113260", "105117351", "105120621", "106113830", "106114280", "106114321", "106116120", "106117770", "106117790", "106118161", "106119580", "107113180", "107113550", "107114490", "107115140", "107118490", "107118820", "107119130", "107120010", "107120130", "107121230", "108113480", "108114040", "108114270", "108115500", "108115570", "108115870", "108117360", "108117610", "108118520", "108118630", "108119330", "108120621", "108121190", "108121410", "109114720", "109115070", "109117431", "109118701", "109118820", "109119591", "109120560", "110114321", "110114561", "110114720", "110114950", "110115580", "110116300", "110118121", "110118301", "110118630", "110118701", "110118740", "110118810", "110119300", "111114121", "111114941", "111115910", "111116010", "111116040", "111116170", "111116750", "111119250", "111119290", "111119950", "111121190", "112116501", "112117660", "112118550", "112118620", "112118860", "112119450", "112120700", "112121010", "112121430", "113117550", "113118620", "113119950", "113120531", "113120780", "113121190", "113122220", "113122430"], "labels": [2, 0, 1, 3, 2, 1, 2, 2, 0, 1, 1, 3, 2, 2, 2, 2, 1, 1, 1, 3, 3, 1, 3, 2, 1, 2, 2, 0, 2, 3, 2, 3, 2, 0, 0, 2, 1, 0, 3, 3, 1, 1, 0, 2, 3, 3, 1, 2, 1, 3, 0, 3, 2, 0, 1, 1, 2, 2, 1, 3, 0, 1, 1, 3, 2, 1, 0, 1, 3, 3, 3, 0, 3, 0, 2, 3, 1, 1, 2, 0, 0, 0, 3, 3, 3, 3, 1, 3, 0, 1, 0, 1, 1, 0, 0, 0, 1, 3, 3, 0, 1, 1, 0, 3, 0, 1, 3, 3, 1, 1, 3, 3, 1, 1, 0, 0, 2, 1, 0, 0, 3, 1, 3, 0, 1, 3, 0, 3, 3, 3, 3, 2, 2, 2, 3, 3, 0, 0, 0, 1, 1, 2], "predicted_labels": [0, 3, 2, 2, 3, 3, 1, 2, 2, 2, 3, 0, 3, 3, 0, 2, 0, 0, 0, 0, 0, 2, 3, 1, 0, 1, 0, 0, 2, 3, 3, 0, 3, 3, 3, 0, 2, 0, 2, 3, 1, 0, 0, 0, 2, 2, 3, 0, 0, 3, 3, 0, 0, 3, 2, 3, 1, 2, 0, 3, 0, 3, 0, 0, 2, 1, 1, 0, 3, 2, 2, 3, 1, 3, 1, 0, 3, 2, 2, 3, 0, 0, 0, 2, 2, 3, 2, 0, 1, 2, 0, 1, 0, 0, 2, 1, 3, 3, 3, 1, 2, 0, 3, 2, 0, 0, 0, 3, 1, 2, 0, 0, 3, 1, 1, 3, 3, 1, 0, 3, 3, 2, 2, 3, 3, 3, 3, 0, 0, 0, 0, 0, 1, 0, 2, 1, 0, 0, 3, 0, 1, 2], "confidence_scores": [[0.8057452216701348, 0.006416256402282999, 0.183983468818691, 0.00385505310889119], [0.07572798724647627, 0.21056813161523824, 0.0017546418685066422, 0.7119492392697788], [0.04353565366871021, 0.017718605365085443, 0.9338549495908968, 0.004890791375307382], [3.298317239794415e-05, 0.00013004411284574518, 0.774896997578401, 0.22493997513635533], [0.17393627905240877, 0.179534917381604, 0.034524409997342374, 0.6120043935686449], [0.00011814895336945746, 0.003206845062986773, 0.05000871804623241, 0.9466662879374114], [0.00033362133353705673, 0.7678196946106595, 0.0043002690534200295, 0.22754641500238348], [0.09199854667097894, 0.0036203316605994624, 0.8719844458499679, 0.0323966758184537], [0.0017094941102464695, 0.0046525488745889215, 0.5055737058207829, 0.48806425119438174], [0.09455349708637685, 0.00026583053524856004, 0.88395355222047, 0.02122712015790454], [0.05714601024734005, 0.00034676738277841795, 0.13905408342776635, 0.8034531389421152], [0.5146464750952344, 0.4577664153573674, 0.0026713667961006738, 0.02491574275129745], [0.015956752461994003, 0.14134288553783492, 0.11034416376929247, 0.7323561982308786], [0.3057856980487363, 0.030661863187601935, 0.0182147817852554, 0.6453376569784064], [0.5424737184331289, 0.39975793525087033, 0.05753709911385811, 0.0002312472021427389], [0.02808769552128212, 0.0029801358999035493, 0.9481380279084094, 0.020794140670405033], [0.9952258964649672, 0.0021947653802456, 0.0018215660932159527, 0.0007577720615714319], [0.7631674880059398, 0.03976554899051023, 0.00040101840569573173, 0.19666594459785422], [0.8963953302032392, 0.003109670295174331, 0.05069886835638912, 0.049796131145197264], [0.9311472054810739, 0.04375761579598946, 0.011681553987343387, 0.013413624735593389], [0.9669363836074736, 0.009247415676578632, 0.0011064507231663319, 0.022709749992781258], [0.025575720996124027, 0.3448173961724182, 0.3834646100735121, 0.24614227275794578], [0.010962938708146438, 0.05296674899036721, 0.22158804168600146, 0.7144822706154849], [0.037837426321573275, 0.7625213931033707, 0.1954552152491483, 0.004185965325907688], [0.920212045644133, 0.020567644617493566, 0.0022422255467469264, 0.056978084191626636], [0.18272066495751318, 0.5572293172018985, 0.11205134772985384, 0.14799867011073456], [0.6717082329831273, 0.23837925329542853, 0.026769240572933152, 0.06314327314851095], [0.947544484445773, 0.0023128266887746103, 0.01910082223349807, 0.03104186663195431], [0.29588187276356265, 0.0283998118885026, 0.39166117144020735, 0.28405714390772746], [0.002250351223725123, 0.058985890499057475, 0.004787746565821989, 0.9339760117113954], [0.0771596812990663, 0.010249877421212828, 0.23782099750410107, 0.6747694437756199], [0.8992278077208887, 0.0007932318360487019, 0.08988411826574169, 0.010094842177321057], [0.00017706911903765551, 0.07279576567261403, 0.00237601983077912, 0.9246511453775691], [0.008048224562301604, 0.2089619584284772, 0.23299556756452286, 0.5499942494446983], [0.002398165283036273, 0.004210866575597132, 0.00017150779667281585, 0.9932194603446938], [0.986634102680233, 0.0006256896063173885, 0.003256979685208825, 0.00948322802824055], [0.02114942435041044, 0.2794612954947966, 0.4882321807292153, 0.21115709942557778], [0.8812966454077897, 0.006746814021739533, 0.008917862467385093, 0.10303867810308572], [0.028003244721317107, 0.0018114988626241606, 0.9696871678056398, 0.0004980886104190165], [0.001315852800064195, 0.022057276450350206, 0.0011041058890853945, 0.9755227648605002], [0.16410589533615463, 0.804173539798227, 0.029881514800818267, 0.0018390500648001861], [0.9245551463171624, 0.03295075697667934, 0.029383427259052176, 0.013110669447105922], [0.5466188892677527, 0.21140547299203638, 0.005031890907975044, 0.23694374683223599], [0.9640991074116925, 0.011071317257729444, 0.023304136627590448, 0.001525438702987717], [0.02648466556193947, 0.002763452767115334, 0.956026411176775, 0.0147254704941703], [0.02094259529657647, 0.07200468147128977, 0.49797926243657664, 0.4090734607955571], [0.3329967720453876, 0.19768634465561086, 0.011232410871984455, 0.4580844724270172], [0.8865487403768867, 0.09804572397113416, 0.009367710248368452, 0.006037825403610594], [0.9851799383762172, 0.010329770675318291, 0.004467548618563712, 2.274232990077282e-05], [0.02178691487993581, 0.23970104625722177, 0.08408384183793946, 0.654428197024903], [0.10145695186670253, 0.1012102918542905, 0.10223329805269304, 0.6950994582263139], [0.5170879348694047, 0.17200216407281083, 0.12976922937375798, 0.18114067168402656], [0.982581980084629, 0.0069994548015907335, 0.00686481956411883, 0.003553745549661356], [0.004074849433856711, 0.013130666603830185, 0.08739511977983527, 0.8953993641824779], [0.4269561707525998, 0.07862169381958652, 0.4931843832840104, 0.0012377521438031557], [0.106068768044045, 0.3952620235012839, 0.01526860156022719, 0.483400606894444], [0.06921759222320899, 0.5152291706829, 0.0985108082412559, 0.31704242885263517], [0.11771597628079285, 0.2342091193111773, 0.6470209972086409, 0.001053907199388952], [0.9832843720639843, 0.00028180691226510434, 0.0030876356914549506, 0.013346185332295757], [0.0006749425324403507, 0.006326499290532282, 3.8028761441296853e-06, 0.9929947553008832], [0.995008375507219, 0.0013237063437877776, 0.0013773569565904689, 0.002290561192402728], [0.3193157845926905, 0.00024193532762497007, 5.588321661201838e-05, 0.6803863968630725], [0.6774560939951259, 0.2543104407488741, 0.006784447546447227, 0.06144901770955278], [0.9668495433778, 0.005342048716229817, 0.021990532892945024, 0.005817875013025038], [0.0009118028121258262, 0.05519512368342428, 0.83758292677368, 0.10631014673076992], [0.15181481721663373, 0.741654764614502, 0.07637455935742478, 0.030155858811439507], [0.33048779370207715, 0.4584495466938365, 0.13187572596141167, 0.07918693364267458], [0.5131128220464164, 0.4038376713418464, 0.08128017287610305, 0.0017693337356342303], [0.27392556131165247, 0.0023314980081984545, 0.053445912430409255, 0.6702970282497398], [0.14186449917716498, 0.37308169272459224, 0.38807327796990343, 0.09698053012833932], [0.018440522378772126, 0.056457045811065566, 0.8093850004758295, 0.1157174313343329], [0.03802926276802758, 0.011415935805645613, 0.08912395870522868, 0.8614308427210982], [0.20793796563785105, 0.6404444032507943, 0.125066620687371, 0.026551010423983668], [0.000826183764736492, 0.0001651167869441756, 0.020978294483352904, 0.9780304049649664], [0.12250668909364523, 0.7010952251004515, 0.174180595881239, 0.002217489924664152], [0.6654815380996814, 0.0277896179746733, 0.005430027127224898, 0.30129881679842047], [0.09908229951401598, 0.04632495414018061, 0.0009566116877782576, 0.8536361346580251], [0.002723392761464711, 0.2641277842302129, 0.708396053554486, 0.024752769453836372], [0.0016195294225478305, 0.1922020619559617, 0.804604495482943, 0.001573913138547453], [0.0840957263112739, 0.11580478981263483, 0.31584385777013974, 0.48425562610595163], [0.9387808607641026, 0.004699881224871496, 0.006110857629755434, 0.050408400381270355], [0.8790033336518259, 0.06678054513424417, 0.04524851539501838, 0.008967605818911461], [0.5924051132289214, 0.04115706268823467, 0.3452319582318551, 0.021205865850988798], [0.09822194337850775, 0.4418289209551413, 0.45929019450390224, 0.0006589411624488381], [0.010851666480438085, 0.007345205199166269, 0.9674856380285054, 0.014317490291890252], [0.07886224433955749, 0.027207349712619146, 0.37010164689277886, 0.5238287590550444], [0.011937324121903441, 0.0014883585408506774, 0.9520813575351638, 0.03449295980208219], [0.6503937100995844, 0.017025830318169847, 0.2779206303875813, 0.05465982919466454], [0.03170270328859518, 0.8414384214299747, 0.10430166952016968, 0.02255720576126049], [0.02310831649960988, 0.011863178727617411, 0.8838690632363723, 0.08115944153640042], [0.5695226243376398, 0.005459482627930082, 0.09828267649380674, 0.3267352165406233], [0.3728353811810655, 0.5609857979981043, 0.004699748734303202, 0.0614790720865269], [0.5967958384236643, 0.22866372813032093, 0.11226509312822605, 0.06227534031778849], [0.8493249438152721, 0.1473194343949005, 0.0013390160708348154, 0.0020166057189927476], [0.0039154613633155585, 0.00018260170870917209, 0.9900435389299458, 0.0058583979980294425], [0.14481495036998715, 0.5828252852418854, 0.26849849518018337, 0.00386126920794408], [0.21173601333099548, 0.26095606659927784, 0.016498650476182326, 0.5108092695935444], [0.12410721912037759, 0.002263700964327444, 0.36626182613192027, 0.5073672537833747], [0.41483440362862384, 0.01875734484267867, 0.00623608021276925, 0.5601721713159282], [0.019136180221658635, 0.7531899350993562, 0.21607406039211033, 0.011599824286874765], [0.0016326806790909628, 0.02058438877656418, 0.9516164330299192, 0.026166497514425666], [0.8870644947379244, 0.013709130329183842, 0.0002081264731308438, 0.09901824845976094], [0.05494295750912985, 0.01798082303763765, 0.004622801133036322, 0.9224534183201963], [0.05438574752194538, 0.0006271896199852433, 0.9358783953524928, 0.009108667505576689], [0.9895635601651714, 0.0012817239096329705, 0.0061795807823331605, 0.002975135142862509], [0.6218480809570366, 0.29605295469202764, 0.02817601737757627, 0.05392294697335944], [0.7099051965767192, 0.18679690232614116, 0.08741704017865987, 0.015880860918479685], [0.07477517621965943, 0.27073952240560406, 0.006473409289299507, 0.648011892085437], [0.014150603435967668, 0.9851725941980053, 0.000528554856509636, 0.00014824750951746127], [0.018570913344332207, 0.38006821965103443, 0.412195520266757, 0.18916534673787636], [0.5256645868963931, 0.0025082790455500372, 0.4613336907955554, 0.01049344326250152], [0.48658249233275574, 0.0010742785337302962, 0.44269356652044833, 0.06964966261306557], [0.02649881214733758, 0.06548392989186212, 0.02369375119994898, 0.8843235067608514], [0.08598699829914375, 0.4680806107785848, 0.17151870070643563, 0.2744136902158358], [0.0006498982493452692, 0.986546843747096, 0.0012503321037612045, 0.011552925899797537], [0.001943234737415652, 0.011228593168569282, 0.008767783479240211, 0.9780603886147748], [0.061164331027451085, 0.05512312329267921, 0.10303366911506284, 0.780678876564807], [0.0016819457586101478, 0.9443659007235966, 0.015872284552439688, 0.03807986896535356], [0.40573842458453396, 0.28657763329025504, 0.17552010425260292, 0.13216383787260808], [7.382434527780086e-05, 0.03881575766736679, 0.00022183265670651524, 0.9608885853306489], [0.1701218003546365, 0.001456147227628237, 0.1410561673979984, 0.6873658850197368], [9.22550134076513e-05, 0.05247325426847713, 0.6794670153999078, 0.2679674753182074], [0.0005936995887376753, 0.06515518947023878, 0.8492611413653963, 0.0849899695756271], [0.3305526842511757, 0.05052282634467338, 0.13042802113634147, 0.48849646826780946], [0.04584928161798367, 0.00630622444462538, 0.16199150876905075, 0.7858529851683402], [6.169380106153237e-05, 0.020440778769359583, 0.005811899504893764, 0.9736856279246852], [0.11961707007855511, 0.0179229068918976, 0.001434588403958954, 0.8610254346255883], [0.591531896375673, 0.0025996174167468187, 0.018590308330049165, 0.387278177877531], [0.9127224616240374, 0.015437172855127098, 0.00044695342551678586, 0.07139341209531853], [0.6603151457760693, 0.020269882205275227, 0.18919117980352398, 0.13022379221513158], [0.8336340750566897, 0.02212376724012337, 6.37317753398766e-05, 0.1441784259278471], [0.9298421514013622, 0.0336212419050053, 0.033026057314312074, 0.0035105493793204288], [0.4181619549683057, 0.5275083813997813, 0.011170540064497933, 0.04315912356741507], [0.7616368329891647, 0.10268804093682118, 0.08655627620525408, 0.04911884986875996], [0.01616388542784571, 0.042057981541289174, 0.8384456729850351, 0.10333246004582997], [0.1441060808711754, 0.8534900311487856, 0.00017101020701369344, 0.0022328777730252236], [0.5714305992299189, 0.012591861501085867, 2.296992308247823e-05, 0.41595456934591263], [0.9324123648384061, 0.01751927016409726, 0.00513017816905714, 0.04493818682843973], [0.028291319534063306, 0.002701621990512501, 0.07570776336615243, 0.8932992951092716], [0.7897529504141649, 0.04564683163133737, 0.0016167505768785696, 0.1629834673776191], [0.18642909423934526, 0.487751326533638, 0.009022845510094706, 0.3167967337169221], [0.2733174151012426, 0.28252835104576657, 0.43357361140544376, 0.010580622447546921]]}}