{"test": {"ids": ["113120751", "109114220", "101119591", "99107640", "110121500", "110118880", "107114280", "104111990", "104118340", "112116610", "112120290", "109117110", "104112201", "113118231", "111114321", "102109910", "110118111", "98111670", "112117660", "112118820", "111114941", "103110840", "103111990", "111118910", "110114920", "113117550", "108118301", "109117600", "98119591", "109119010", "101110200", "102109850", "112120270", "102110850", "112118471", "108114270", "113118690", "101112160", "100116500", "101116130", "113122510", "108121190", "108121160", "106113260", "113121410", "105114220", "107116501", "103120340", "111119580", "106117770", "112116290", "113119950", "113121810", "104116800", "107121540", "101108370", "99114890", "97112170", "105118740", "101119030", "112118701", "113122170", "109121410", "113120601", "107118490", "112116640", "103120780", "110115250", "113120540", "102110890", "113119120", "108113480", "101117580", "111115620", "110114321", "109116170", "103117200", "110115120", "110116170", "105113170", "106118520", "111114171", "112117571", "111121190", "98112170", "111116100", "113117340", "104118070", "113118630", "99107560", "105117200", "109116040", "109117080", "109113591", "112121010", "105116090", "102109010", "112120640", "103109641", "98107010", "111119930", "105111990", "110118181", "99105921", "106113360", "104111780", "110113591", "100109360", "111119430", "98113881", "106114280", "107113170", "100117420", "111119290", "106118820", "106115250", "100109890", "112118620", "99108080", "111120540", "113121680", "98106560", "109117630", "110114610", "106115240", "110119300", "106121190", "100111390", "104112470", "102112030", "110118121", "112118421", "105113440", "97108520", "112119500", "101121640", "112117580", "113119700", "113118620", "100109330", "98111231", "110117140"], "labels": [1, 3, 0, 1, 3, 0, 3, 2, 2, 1, 1, 1, 0, 3, 1, 2, 1, 1, 0, 0, 0, 1, 2, 0, 3, 3, 1, 1, 1, 3, 2, 1, 0, 3, 1, 3, 3, 3, 2, 2, 2, 1, 2, 3, 0, 3, 1, 1, 3, 0, 0, 0, 2, 1, 2, 1, 2, 0, 1, 3, 0, 1, 0, 2, 2, 0, 1, 1, 3, 0, 3, 0, 3, 1, 1, 0, 0, 0, 0, 0, 2, 3, 3, 1, 3, 3, 2, 2, 3, 1, 3, 0, 1, 3, 2, 1, 1, 0, 1, 3, 1, 2, 1, 1, 0, 3, 0, 0, 3, 3, 3, 0, 2, 3, 3, 2, 3, 3, 3, 1, 1, 1, 0, 1, 1, 1, 2, 2, 1, 2, 3, 3, 0, 2, 2, 2, 0, 0, 3, 0, 1, 3], "predicted_labels": [3, 3, 0, 3, 1, 3, 1, 2, 1, 0, 2, 0, 0, 0, 1, 0, 3, 2, 3, 3, 0, 1, 1, 3, 1, 3, 3, 0, 0, 3, 1, 2, 1, 2, 1, 3, 1, 2, 3, 3, 1, 3, 1, 1, 3, 0, 0, 3, 0, 1, 0, 0, 2, 3, 1, 0, 2, 1, 1, 0, 1, 1, 3, 3, 1, 3, 1, 3, 0, 0, 3, 3, 0, 1, 0, 3, 1, 1, 1, 3, 0, 0, 3, 3, 3, 0, 1, 1, 3, 1, 3, 3, 1, 1, 0, 3, 1, 0, 3, 1, 0, 3, 1, 0, 0, 1, 3, 3, 1, 1, 3, 3, 2, 3, 3, 3, 0, 3, 3, 1, 1, 0, 0, 2, 0, 1, 2, 3, 3, 2, 3, 3, 1, 0, 1, 1, 3, 1, 1, 0, 0, 3], "confidence_scores": [[0.21983703526275314, 0.2715427929479104, 0.21541377256932454, 0.29320639922001185], [0.25241693788850295, 0.2624100666107386, 0.19483622318332477, 0.29033677231743354], [0.3509117571058849, 0.2382940942950692, 0.11674956424179371, 0.2940445843572518], [0.20740700756654415, 0.26798586785035067, 0.20578848230280142, 0.3188186422803038], [0.28328513509879033, 0.3103097692856049, 0.10845279788641352, 0.2979522977291914], [0.2487212324607951, 0.3100637264945698, 0.10881912875362156, 0.3323959122910136], [0.271177195465281, 0.2940781383943848, 0.17271806026840797, 0.2620266058719261], [0.21030240284233676, 0.26762810332774606, 0.2827570479732241, 0.23931244585669295], [0.214464488625095, 0.3203144656748359, 0.15784271876382017, 0.3073783269362489], [0.30633198714613336, 0.2750209941546722, 0.14941886413466296, 0.2692281545645312], [0.19277915981259086, 0.24510869814104766, 0.37022834345874134, 0.19188379858762047], [0.2785332693107507, 0.29154266794600386, 0.12649202605536186, 0.3034320366878836], [0.3188715290591332, 0.26130945971157316, 0.11853447854057915, 0.30128453268871425], [0.3056068645272995, 0.30209999856115943, 0.07636528209956868, 0.31592785481197244], [0.278636759575656, 0.2913590294126865, 0.22537516200221386, 0.2046290490094438], [0.2846671961401157, 0.25090949217108427, 0.18722994773402035, 0.2771933639547794], [0.29201803646630636, 0.2974512772939469, 0.08758009558639607, 0.3229505906533507], [0.16542124996591262, 0.24199723810535048, 0.33634881117568416, 0.2562327007530528], [0.27353672318369754, 0.29135932868118597, 0.1293171238589952, 0.3057868242761212], [0.272320695846035, 0.297225334582325, 0.11594486398336452, 0.3145091055882755], [0.30964662436104606, 0.2952507956513814, 0.0723720140166187, 0.3227305659709542], [0.24177428116816863, 0.2897848280886123, 0.22184235055158588, 0.24659854019163313], [0.28770124727218366, 0.2962666214699431, 0.10259031946847981, 0.31344181178939345], [0.2268974125768022, 0.2877253960643263, 0.16188010496705063, 0.3234970863918212], [0.2334757603310537, 0.32776186993894363, 0.12834217311350352, 0.3104201966164988], [0.2628997811502096, 0.2748479874204869, 0.14138170542103687, 0.3208705260082668], [0.27862909893544, 0.29908501123945114, 0.0862837833361937, 0.33600210648891493], [0.31356292274592945, 0.27693186336570186, 0.11979878967779757, 0.28970642421057113], [0.28408457198537423, 0.25028135522613004, 0.20153180686496389, 0.2641022659235319], [0.18682305721704906, 0.28172159831531124, 0.2523646934146273, 0.2790906510530125], [0.18990521725647386, 0.33487393995062614, 0.1751461352895996, 0.30007470750330056], [0.1611303418798029, 0.26059199379079073, 0.37930063350758003, 0.19897703082182605], [0.18279407256263658, 0.31472982163479235, 0.22112085330465814, 0.28135525249791304], [0.11206530552599935, 0.2463968135576401, 0.4470727863654393, 0.19446509455092104], [0.23543440525834736, 0.2901008327130128, 0.2041963517482654, 0.2702684102803743], [0.28130765452233086, 0.29913603222015345, 0.08640949772501769, 0.33314681553249825], [0.23588398217544979, 0.2913359482401527, 0.1828985071723736, 0.2898815624120241], [0.14348639880994005, 0.24592296891869675, 0.33646106209806165, 0.27412957017330153], [0.16648399154531007, 0.2778169340805816, 0.26492626676092024, 0.2907728076131879], [0.20703098463577588, 0.264058595304682, 0.2482185778985075, 0.2806918421610348], [0.22099842977604583, 0.29491431974504456, 0.23471624004210068, 0.24937101043680887], [0.19044231812932355, 0.3048767553009628, 0.19751369429486273, 0.30716723227485104], [0.2659398675185475, 0.3295568027868103, 0.09437380949092905, 0.31012952020371326], [0.315148472779602, 0.3057378486857393, 0.15316415991169183, 0.22594951862296672], [0.27672573459798694, 0.3085241921016831, 0.06632443896495321, 0.34842563433537677], [0.3191869353508478, 0.2792379939287589, 0.11099285074839173, 0.2905822199720018], [0.2821075263161464, 0.2831719661659721, 0.13333571619931495, 0.3013847913185664], [0.2342351315625423, 0.2734551980324676, 0.2005692371384047, 0.2917404332665855], [0.30383517575285346, 0.28007734553225566, 0.1245888760854224, 0.2914986026294683], [0.20605724641266995, 0.2831545677517522, 0.2425780217679787, 0.2682101640675994], [0.308952702772947, 0.29274823617395535, 0.09018081473170615, 0.3081182463213918], [0.308598283992381, 0.2997070813700747, 0.07913938555067293, 0.31255524908687127], [0.15098913526197794, 0.27734669705883697, 0.4027212570012002, 0.1689429106779847], [0.23870805381157253, 0.27567956587236137, 0.15929453723050002, 0.3263178430855661], [0.2347852166892867, 0.28877233611004366, 0.1770755360895241, 0.29936691111114533], [0.3836227027310775, 0.2508243814893526, 0.10425216916829518, 0.2613007466112747], [0.1345390075911885, 0.2958632497143766, 0.31591940344192737, 0.2536783392525075], [0.2780055962368736, 0.28362309457667834, 0.13355241737966864, 0.3048188918067795], [0.2360314850622623, 0.3132230357372753, 0.1312136115445812, 0.319531867655881], [0.3231087917468583, 0.27443300869943865, 0.11860182584947467, 0.28385637370422817], [0.25251589834384097, 0.3067834405577286, 0.12893927021385293, 0.3117613908845775], [0.22120873276261396, 0.30898767781715586, 0.15912976889095504, 0.3106738205292753], [0.26232286716304254, 0.28852843653493093, 0.1230685869390326, 0.3260801093629941], [0.20680735617841414, 0.2845488427672168, 0.20286189796035953, 0.3057819030940092], [0.247607322069898, 0.28408198458989325, 0.20836631668223482, 0.25994437665797393], [0.302502880064642, 0.27316826913311537, 0.11172465634472895, 0.3126041944575137], [0.2367496731127827, 0.31766292462265444, 0.13607619861030754, 0.30951120365425516], [0.1921383019571856, 0.2650298725665376, 0.24101301187545124, 0.3018188136008253], [0.3639456820694937, 0.2662618496450727, 0.07674441827615745, 0.2930480500092761], [0.26392085222616607, 0.22544271021229245, 0.24902351732761843, 0.261612920233923], [0.22851631233307007, 0.27565790420075637, 0.18093932065629958, 0.3148864628098738], [0.2814010547720174, 0.24786795823455976, 0.1682067690227077, 0.30252421797071505], [0.30012398139759766, 0.29320663677961606, 0.09518854160919955, 0.31148084021358674], [0.26961695944553693, 0.2869030671065493, 0.16504134809846902, 0.27843862534944497], [0.31625423114809614, 0.2903110955462119, 0.11317161803806448, 0.2802630552676274], [0.20871139575151385, 0.3140226903014579, 0.14211380649094846, 0.3351521074560798], [0.2883266274777204, 0.30228923628427334, 0.08851718110935951, 0.32086695512864666], [0.265454802047206, 0.31022468624856586, 0.14865546231379137, 0.2756650493904366], [0.21673353942263732, 0.2842539874630982, 0.20943649145821372, 0.2895759816560506], [0.2412078917557194, 0.30657460401305203, 0.11938704058921365, 0.3328304636420149], [0.3313047788960551, 0.27628546882095545, 0.08981030629735404, 0.30259944598563554], [0.329041398407364, 0.2982675408619686, 0.043307745264035365, 0.32938331546663197], [0.27706780259729175, 0.28438329902491744, 0.11917352820932492, 0.31937537016846573], [0.2647504660017973, 0.2907231996929655, 0.1297362915815517, 0.31479004272368555], [0.28449501331763355, 0.2826504372910226, 0.10507899866620726, 0.3277755507251365], [0.31124013155077035, 0.2923387652243842, 0.12483833329972432, 0.2715827699251213], [0.2280750961608497, 0.28693996217858203, 0.2184273698371113, 0.26655757182345696], [0.1848397955585438, 0.26711087182134713, 0.27883737856920954, 0.26921195405089976], [0.2491380832401134, 0.28530234976445346, 0.17509659216687679, 0.29046297482855654], [0.20545673155192856, 0.29299906080361626, 0.21776670923271602, 0.2837774984117393], [0.2886088619670823, 0.2562047117649178, 0.14438975982363858, 0.3107966664443615], [0.23705486152531596, 0.262017295061239, 0.21807136775852812, 0.28285647565491695], [0.2091400521185024, 0.35064072202221547, 0.12393248542661923, 0.3162867404326634], [0.28226468447797776, 0.3177398184787915, 0.07830704115839258, 0.32168845588483824], [0.29812955869881, 0.2914582086464586, 0.11190397164826363, 0.2985082610064678], [0.27282988828943894, 0.27924944695458487, 0.1405734728622503, 0.307347191893726], [0.24593276526367022, 0.3160001727448064, 0.14961625985867308, 0.28845080213285024], [0.2588011271668725, 0.24262922601706433, 0.25276986383349126, 0.24579978298257188], [0.13669977275783637, 0.2773655006074278, 0.2849019594099072, 0.30103276722482886], [0.24344570257951145, 0.2834784411925259, 0.19613295231647399, 0.276942903911489], [0.30323078770005096, 0.28132502263004255, 0.14064543413041578, 0.2747987555394903], [0.25238676046553926, 0.31507067131054295, 0.10206220617031721, 0.3304803620536006], [0.2839763022313978, 0.29528376169579623, 0.10848535561568233, 0.3122545804571234], [0.29819743873849014, 0.25789973774157, 0.2330437453099197, 0.21085907821002006], [0.31414007620558543, 0.2888883639057039, 0.11542659609773508, 0.28154496379097577], [0.24528511742040335, 0.3251224862575911, 0.10979240520307074, 0.3197999911189347], [0.2998262500351963, 0.3005896720764477, 0.06606418284680558, 0.3335198950415503], [0.2672737151442754, 0.25679568769328076, 0.19062843588136777, 0.2853021612810763], [0.21622299635825368, 0.3132803394763175, 0.1880958563065397, 0.28240080785888944], [0.2060427993876909, 0.2894348134464329, 0.2398338267764498, 0.2646885603894266], [0.2564452089485305, 0.29177034634702603, 0.13905498113253512, 0.31272946357190845], [0.23080252136478124, 0.28812738061474996, 0.16868354135834132, 0.3123865566621274], [0.1616460579530874, 0.23340253419582319, 0.32605012732927946, 0.2789012805218101], [0.1729058932164412, 0.3244039496907723, 0.168654569976752, 0.33403558711603454], [0.2782244437506086, 0.3037674509729317, 0.06893151101626768, 0.3490765942601921], [0.2236985229723894, 0.28243167602483216, 0.2034328763313416, 0.2904369246714369], [0.25084722696528466, 0.24180114696774935, 0.2530884871689306, 0.2542631388980355], [0.2562808074845517, 0.3028231575579043, 0.10378677865361448, 0.3371092563039294], [0.2529105169725461, 0.2611807704489925, 0.21749362074834871, 0.26841509183011286], [0.210745546151023, 0.27798652847360067, 0.28676960567665155, 0.2244983196987251], [0.21742895717118874, 0.3035418594189668, 0.18036621508831452, 0.29866296832152983], [0.27572943292269864, 0.2749058270743629, 0.1786933969506588, 0.2706713430522798], [0.32876180188755566, 0.28855028045280845, 0.1479503901452222, 0.23473752751441337], [0.18507050253670246, 0.2571588011697299, 0.36193526066998827, 0.19583543562357958], [0.3107561423041913, 0.3008372524924737, 0.07729516983109162, 0.31111143537224345], [0.28575019386873973, 0.30079545691262427, 0.11906145334880164, 0.29439289586983436], [0.131807899704021, 0.2950390500308746, 0.304122715249803, 0.2690303350153014], [0.2470416197405971, 0.28546786765628446, 0.14316403145519366, 0.3243264811479247], [0.18323445996489415, 0.2519592163396153, 0.26839485146816805, 0.29641147222732267], [0.18013261029277472, 0.2703999328834695, 0.3161385909160476, 0.23332886590770824], [0.2974585125226845, 0.295291465076542, 0.08105267806810611, 0.3261973443326673], [0.30404795740559676, 0.29790339525000614, 0.07136242374666653, 0.32668622359773075], [0.24704033673899287, 0.2865750925890955, 0.1868819252903906, 0.2795026453815203], [0.2563150994237638, 0.26986457155446597, 0.22408744010168083, 0.2497328889200893], [0.22745914710012033, 0.324119434169836, 0.184118302991671, 0.26430311573837256], [0.19767831566360172, 0.3183808739330133, 0.18507936110037326, 0.2988614493030117], [0.23119769319480998, 0.2961205537538471, 0.16633049518285192, 0.3063512578684909], [0.2446500820773874, 0.3438672227228217, 0.08185647240811446, 0.3296262227916767], [0.30053012314129346, 0.3124689640484243, 0.07993927641348754, 0.30706163639679496], [0.3011256797524017, 0.2718820506478447, 0.1241788377769895, 0.30281343182276416], [0.3119556078882476, 0.2788620068439608, 0.12144728427595516, 0.28773510099183636], [0.18335974292325052, 0.30000984323207963, 0.193332442312499, 0.32329797153217077]]}, "rewritten": {"ids": ["97108520", "97112170", "98106560", "98107010", "98111231", "98111670", "98112170", "98113881", "98119591", "99105921", "99107560", "99107640", "99108080", "99114890", "100109330", "100109360", "100109890", "100111390", "100116500", "100117420", "101108370", "101110200", "101112160", "101116130", "101117580", "101119030", "101119591", "101121640", "102109010", "102109850", "102109910", "102110850", "102110890", "102112030", "103109641", "103110840", "103111990", "103117200", "103120340", "103120780", "104111780", "104111990", "104112201", "104112470", "104116800", "104118070", "104118340", "105111990", "105113170", "105113440", "105114220", "105116090", "105117200", "105118740", "106113260", "106113360", "106114280", "106115240", "106115250", "106117770", "106118520", "106118820", "106121190", "107113170", "107114280", "107116501", "107118490", "107121540", "108113480", "108114270", "108118301", "108121160", "108121190", "109113591", "109114220", "109116040", "109116170", "109117080", "109117110", "109117600", "109117630", "109119010", "109121410", "110113591", "110114321", "110114610", "110114920", "110115120", "110115250", "110116170", "110117140", "110118111", "110118121", "110118181", "110118880", "110119300", "110121500", "111114171", "111114321", "111114941", "111115620", "111116100", "111118910", "111119290", "111119430", "111119580", "111119930", "111120540", "111121190", "112116290", "112116610", "112116640", "112117571", "112117580", "112117660", "112118421", "112118471", "112118620", "112118701", "112118820", "112119500", "112120270", "112120290", "112120640", "112121010", "113117340", "113117550", "113118231", "113118620", "113118630", "113118690", "113119120", "113119700", "113119950", "113120540", "113120601", "113120751", "113121410", "113121680", "113121810", "113122170", "113122510"], "labels": [2, 0, 1, 3, 1, 1, 3, 3, 1, 1, 1, 1, 3, 2, 0, 0, 3, 2, 2, 2, 1, 2, 3, 2, 3, 3, 0, 2, 1, 1, 2, 3, 0, 2, 1, 1, 2, 0, 1, 1, 3, 2, 0, 1, 1, 2, 2, 2, 0, 0, 3, 1, 3, 1, 3, 0, 3, 1, 2, 0, 2, 3, 2, 0, 3, 1, 2, 2, 0, 3, 1, 2, 1, 3, 3, 0, 0, 1, 1, 1, 0, 3, 0, 0, 1, 1, 3, 0, 1, 0, 3, 1, 3, 1, 0, 1, 3, 3, 1, 0, 1, 3, 0, 3, 3, 3, 1, 1, 1, 0, 1, 0, 3, 0, 0, 3, 1, 3, 0, 0, 2, 0, 1, 0, 2, 2, 3, 3, 3, 3, 3, 3, 0, 0, 3, 2, 1, 0, 1, 2, 1, 2], "predicted_labels": [1, 1, 3, 1, 0, 2, 3, 1, 0, 0, 1, 3, 1, 2, 0, 3, 0, 1, 1, 2, 0, 1, 3, 2, 1, 0, 0, 1, 1, 2, 3, 2, 2, 2, 3, 1, 1, 0, 3, 1, 1, 0, 0, 3, 3, 2, 1, 1, 3, 2, 0, 3, 3, 1, 1, 0, 3, 1, 1, 1, 3, 3, 1, 3, 1, 1, 1, 1, 0, 3, 3, 1, 1, 1, 1, 2, 3, 1, 1, 0, 0, 1, 3, 3, 1, 2, 1, 1, 3, 2, 1, 1, 3, 1, 3, 1, 1, 0, 1, 3, 1, 1, 3, 3, 1, 0, 0, 1, 3, 0, 0, 0, 3, 3, 3, 1, 1, 3, 1, 1, 1, 1, 2, 2, 1, 1, 3, 0, 1, 3, 1, 3, 1, 0, 0, 2, 3, 3, 1, 2, 1, 1], "confidence_scores": [[0.23934702168526595, 0.2748948881995278, 0.25729806783480147, 0.22846002228040452], [0.2639111626505327, 0.2966437720766875, 0.13303542343298488, 0.3064096418397951], [0.29088409906511103, 0.2865870782392859, 0.11793367521044673, 0.30459514748515637], [0.23195947725991856, 0.2898433964556569, 0.19366568887791558, 0.28453143740650916], [0.30463034353997315, 0.28322224173272753, 0.12613794827702948, 0.2860094664502699], [0.18534336869694418, 0.24379995073271407, 0.3132470811054824, 0.25760959946485934], [0.26851374211386203, 0.2891130433789513, 0.12152717289235306, 0.32084604161483343], [0.18736444167589786, 0.2869856237777618, 0.25665140089517546, 0.2689985336511651], [0.24952182062885572, 0.26339737205184993, 0.2338369370814964, 0.2532438702377981], [0.27189961298773735, 0.26136141946191765, 0.25218898342149887, 0.21454998412884602], [0.19603150851346807, 0.3045801868239698, 0.20947221513065478, 0.2899160895319075], [0.1771934847447198, 0.27532760571637493, 0.23621536025111475, 0.3112635492877908], [0.2612613719841637, 0.28507805659260405, 0.1649220488407814, 0.2887385225824511], [0.12752264722138718, 0.29392046164098096, 0.34776044033140713, 0.23079645080622443], [0.3009234308251515, 0.27681869953149685, 0.12476154069803463, 0.2974963289453169], [0.25057957249725366, 0.25447870850349297, 0.21393929251848212, 0.2810024264807714], [0.2585794478152717, 0.2512535100223749, 0.24225965826780085, 0.24790738389455264], [0.24581615689639014, 0.29370716143253095, 0.1604908596373728, 0.29998582203370583], [0.20848501401544087, 0.27843345928908075, 0.2404770622292502, 0.2726044644662283], [0.1364563870351253, 0.23838199743677768, 0.3723507318060718, 0.2528108837220255], [0.36304363956939045, 0.2566177441385442, 0.11360556809051434, 0.2667330482015512], [0.2047887144970198, 0.33814237181983947, 0.1675489513981788, 0.289519962284962], [0.15972688863314144, 0.2610478838348803, 0.29512454095955143, 0.2841006865724269], [0.17471980572950602, 0.27577044277702556, 0.2821697945409526, 0.26733995695251583], [0.2695834311675924, 0.32040240154439686, 0.0802629114110384, 0.32975125587697235], [0.3050883409707401, 0.2779159615469206, 0.11553601831139315, 0.30145967917094596], [0.3488986236475315, 0.24436675150746495, 0.11611718505614153, 0.290617439788862], [0.18473393618919495, 0.3172331598556841, 0.19960858022631706, 0.2984243237288041], [0.19415308718961835, 0.30867262181450406, 0.21223395627878908, 0.2849403347170885], [0.1647170035435929, 0.2619094117641603, 0.3968545904180572, 0.1765189942741896], [0.25933817518539937, 0.2512676879265631, 0.2158357082126648, 0.2735584286753726], [0.1105765550628199, 0.2588195423115418, 0.458376044780752, 0.17222785784488634], [0.2280830781937645, 0.24035424205280154, 0.2686040270368145, 0.26295865271661945], [0.17921054485816854, 0.2773292949901968, 0.31016796309003486, 0.23329219706159934], [0.16355085512366865, 0.28637489237964864, 0.22522049187574442, 0.32485376062093835], [0.23930289348983383, 0.2887565761944638, 0.2195725788584298, 0.2523679514572727], [0.22843577137804474, 0.3176026097946749, 0.16913890334617843, 0.2848227154811018], [0.2963946781518088, 0.29286800733037477, 0.10052154323786007, 0.3102157712799562], [0.2173938027100421, 0.2815702431263572, 0.2187625506212284, 0.2822734035423723], [0.21579559932981277, 0.3214979517758678, 0.1518474235051141, 0.3108590253892055], [0.2463943842489826, 0.32671051094625553, 0.11155124861696114, 0.31534385618780103], [0.2944320844534683, 0.28489963507184896, 0.13870176003044105, 0.2819665204442417], [0.31511748681753793, 0.27117480050246123, 0.11072147068778156, 0.3029862419922192], [0.17983232931150836, 0.25952735506830793, 0.27137618601683766, 0.28926412960334613], [0.2357260519979716, 0.28147135775076076, 0.15613168233914973, 0.32667090791211784], [0.1637686100353764, 0.2770850674702777, 0.3013802449771817, 0.2577660775171642], [0.2009617598045441, 0.3240751861711848, 0.17170459014358846, 0.30325846388068284], [0.25065181811415893, 0.31431372123240375, 0.11268497835461863, 0.3223494822988188], [0.23141413160969382, 0.3073872701193644, 0.13157295699192992, 0.3296256412790117], [0.2158302487166809, 0.27883989552168614, 0.2683901389188725, 0.23693971684276038], [0.3212692720989469, 0.28079188323009174, 0.10971310611256693, 0.2882257385583943], [0.2705197750751571, 0.2787145692420651, 0.1458979708462393, 0.30486768483653853], [0.24895391365646255, 0.2834226482077826, 0.1570055199790889, 0.31061791815666606], [0.22015896083607833, 0.3130869657575153, 0.1508733791606526, 0.3158806942457536], [0.30012000726390303, 0.29822891435072924, 0.1748847301584107, 0.22676634822695668], [0.2972945514035491, 0.28741553656798685, 0.13256391475057128, 0.28272599727789255], [0.24022541184753854, 0.2896684057558416, 0.14715497589811596, 0.3229512064985038], [0.3028616457671065, 0.30649310053871676, 0.08766715097375892, 0.30297810272041786], [0.20567373588962118, 0.2889791523809273, 0.22597437447292512, 0.2793727372565265], [0.21416830458367117, 0.28550416305191534, 0.22894633971709646, 0.2713811926473167], [0.29372029804999367, 0.2940341076981252, 0.0917008596184573, 0.3205447346334237], [0.26571230148204716, 0.3106199679644927, 0.07719196830309903, 0.3464757622503611], [0.16416538227435604, 0.3013991682068703, 0.26075323482951657, 0.27368221468925696], [0.24366512327098463, 0.29926608062720894, 0.1420634386694568, 0.3150053574323498], [0.2581125512911265, 0.31515454591296854, 0.16987897646186834, 0.25685392633403625], [0.2834129917756599, 0.29805165484494334, 0.12002280496232753, 0.29851254841706926], [0.23499369184943827, 0.2938558474890036, 0.2231809087780142, 0.24796955188354414], [0.2455433420119981, 0.29539122700513504, 0.16629441144626497, 0.2927710195366023], [0.27431329495733175, 0.2537203009553177, 0.18007507618032031, 0.29189132790703015], [0.26847112224336434, 0.3009885819095128, 0.0986914929472212, 0.33184880289990165], [0.2660765668092348, 0.30241423291819985, 0.09433374469236931, 0.33717545558019624], [0.26085392012768155, 0.3215129449593453, 0.12769218273226013, 0.28994095218071303], [0.22364402744260867, 0.31168482112627416, 0.15676925801424935, 0.307901893416868], [0.2347691766414348, 0.31695546479839803, 0.14120889909202172, 0.3070664594681454], [0.25045818034258543, 0.27270437185954205, 0.1988211916434725, 0.2780162561543999], [0.1557266975930535, 0.2572710013625955, 0.3412481289736664, 0.24575417207068462], [0.2142788970396588, 0.3137553193474348, 0.14118187401430607, 0.3307839095986003], [0.1856108985270247, 0.35079189115438875, 0.1559515038787108, 0.307645706439876], [0.27748922995165226, 0.2993356439102025, 0.11667325850851315, 0.3065018676296319], [0.3069993685440506, 0.2805846688929863, 0.12442774666857169, 0.28798821589439133], [0.3158729638937335, 0.2931886062497204, 0.1606595693748137, 0.23027886048173263], [0.20013074322283025, 0.2857487721985322, 0.2446037566903438, 0.26951672788829384], [0.22805164191831445, 0.2940177296498384, 0.1669471654436687, 0.3109834629881786], [0.2981262283941849, 0.3017163015878709, 0.07081008655647837, 0.32934738346146564], [0.2837229295757679, 0.2920482117763063, 0.15186123116892122, 0.2723676274790049], [0.16509730553511978, 0.2687956193140611, 0.38138474316253873, 0.18472233198828028], [0.2346366277261896, 0.33322780000245394, 0.12809927407971933, 0.30403629819163736], [0.2545713763743757, 0.31618461703180484, 0.15675252778199517, 0.2724914788118244], [0.18985742311057763, 0.2699923040661726, 0.24164229672099802, 0.2985079761022517], [0.2058264870574836, 0.25994098445688, 0.2805049712445124, 0.2537275572411239], [0.16917754417140898, 0.30366752869801694, 0.20978988050934444, 0.31736504662123], [0.28828416599126655, 0.29770202315731065, 0.1068653521461758, 0.30714845870524704], [0.2732121195472581, 0.30961760206364314, 0.08461848858170924, 0.3325517898073898], [0.2494301075725965, 0.29348651614622306, 0.1720722257869626, 0.28501115049421755], [0.2717270707879837, 0.308518110395867, 0.09142884530562859, 0.3283259735105208], [0.2959235313083596, 0.2999799350349087, 0.11473598783782527, 0.2893605458189065], [0.2784754652649955, 0.3181312609901475, 0.09750912917530186, 0.30588414456955554], [0.30919362139820783, 0.3087470713362554, 0.05075552238807792, 0.3313037848774585], [0.24587798996911645, 0.3113486059571983, 0.22892979370677807, 0.213843610366907], [0.30138831392740895, 0.29871566970610514, 0.07662910839991567, 0.3232669079665704], [0.26178876536321366, 0.29065031611025466, 0.17559509645118287, 0.27196582207534864], [0.29955093765857665, 0.29695445691020056, 0.13061776134755698, 0.2728768440836662], [0.22006150507772426, 0.28654372300184505, 0.17463108546388129, 0.3187636864565497], [0.16569819597065422, 0.329939057174722, 0.16040099541570974, 0.3439617514389141], [0.17841876921623526, 0.3069931202582707, 0.2351289915838498, 0.2794591189416444], [0.31138803086516076, 0.26661709609102, 0.14814523934609003, 0.27384963369772913], [0.3003403560969027, 0.28467855449303725, 0.1522615310571947, 0.2627195583528654], [0.1988210699035082, 0.28970566444443285, 0.3037330033497912, 0.20774026230226786], [0.2472423714591921, 0.2923221023678922, 0.14970612241893064, 0.3107294037539851], [0.3013257316198458, 0.2947318437737017, 0.09324550176298915, 0.31069692284346323], [0.3076704954040582, 0.2806321266744696, 0.15030136834992572, 0.26139600957154646], [0.2965666025841267, 0.28029664488363676, 0.11594988823404645, 0.3071868642981901], [0.276722191974795, 0.2916382780512837, 0.11152036741018047, 0.32011916256374096], [0.220630026168342, 0.2731134329303822, 0.21821634312416482, 0.288040197777111], [0.2594722249994936, 0.30516431940416955, 0.11896050956996122, 0.31640294602637575], [0.2838149142772585, 0.3046740139995851, 0.0888733123953466, 0.3226377593278097], [0.2431462598944556, 0.30088222787444885, 0.1716111603770783, 0.28436035185401726], [0.27753385778890133, 0.30904638592946393, 0.08050073090172177, 0.33291902537991264], [0.2474205387393783, 0.3143652201594444, 0.12283824003138093, 0.31537600106979624], [0.26621211819933294, 0.30116059902687337, 0.11659978823077782, 0.3160274945430162], [0.22728274961752495, 0.32543422000762534, 0.1784452151113225, 0.2688378152635272], [0.18423745036194716, 0.3189121893019912, 0.225948288382239, 0.2709020719538224], [0.19746951493231132, 0.25812134779622925, 0.33141137424117145, 0.212997763030288], [0.23762033334386395, 0.2512957163471037, 0.2664249036027888, 0.24465904670624353], [0.2839641872807022, 0.3020269653598933, 0.12045269299044539, 0.29355615436895904], [0.21721832188292284, 0.29598946119606856, 0.23333785373088195, 0.2534543631901268], [0.26778440190257574, 0.2793482905254996, 0.12931448231662002, 0.32355282525530454], [0.3105531339925396, 0.30197034809070444, 0.06773587530183432, 0.3197406426149217], [0.28574107850928804, 0.3183187479356994, 0.0824038180007107, 0.31353635555430204], [0.22516291038123334, 0.29558438739700627, 0.16933033992731458, 0.3099223622944458], [0.2435410781927362, 0.29949667130210506, 0.17369794892846488, 0.28326430157669397], [0.24805302741968369, 0.27872724486192046, 0.16507287844589022, 0.308146849272506], [0.23104907492469517, 0.32201817220376583, 0.15799930362571704, 0.288933449245822], [0.3018057226680813, 0.29675062245061373, 0.09636864636211945, 0.30507500851918556], [0.3708933846484089, 0.2597527137289352, 0.08498014986721368, 0.2843737517554426], [0.16100772733339122, 0.2725212674043462, 0.33731301529504754, 0.22915798996721531], [0.18698544132928963, 0.28895401845730184, 0.23327700620001268, 0.2907835340133957], [0.2695331243702068, 0.31522358910624687, 0.06545085568651243, 0.3497924308370338], [0.21025164895187406, 0.31332609524294447, 0.16921980971402242, 0.3072024460911588], [0.1339220774819453, 0.2955773469653016, 0.38669167166485274, 0.18380890388790086], [0.2279824467043106, 0.3109038946328873, 0.14024281998434485, 0.3208708386784574], [0.21607244195577682, 0.3050865302117604, 0.22326567583614315, 0.25557535199631976]]}}