{"test": {"ids": ["103110100", "102116500", "112120700", "104111531", "108115880", "112121430", "105113620", "111117120", "104111830", "112118581", "110120700", "102112250", "113118421", "107113260", "101112690", "104110960", "99111930", "97107821", "108117451", "99108000", "104116980", "109121351", "98120530", "112118890", "107118490", "112118820", "99109141", "99107640", "103109791", "103120730", "113117340", "108117610", "111119300", "111117480", "100120010", "98108150", "110116290", "110120190", "103118110", "97107920", "98113881", "102109850", "100111620", "106115250", "113121950", "100111080", "108114220", "107114110", "98116090", "97108520", "102110750", "101108370", "109113881", "109118161", "104111780", "101110200", "111115620", "104117200", "100109311", "99121440", "101119591", "98120010", "104111620", "112118421", "113119450", "106121220", "103120290", "97112170", "111121410", "110120540", "110114950", "97116800", "113120531", "107114780", "108121410", "107121700", "111120320", "112116990", "97112290", "110118810", "103110760", "107120880", "112119120", "99108330", "99117630", "113122160", "110114720", "110117140", "103113270", "112117030", "111114321", "109119450", "98116940", "108119550", "98110680", "105113210", "105114220", "109116170", "106114150", "107119950", "101111210", "100108260", "106116640", "97106000", "112118620", "112120990", "112121010", "110113591", "104114320", "97112830", "112116540", "112119610", "111115910", "109119591", "113118511", "103118291", "109119010", "107112850", "111115770", "106116850", "107118780", "99110730", "99108520", "113122320", "109118820", "104114740", "103111540", "97113260", "105116501", "105116090", "109116930", "104113380", "100109360", "110115250", "103110840", "106117790", "112119500", "108118520", "112117210", "112117780", "99109780", "113120070"], "labels": [1, 1, 2, 0, 3, 2, 0, 2, 3, 1, 2, 0, 3, 0, 1, 2, 1, 2, 2, 2, 1, 0, 1, 3, 2, 0, 3, 1, 3, 1, 2, 3, 1, 1, 0, 0, 2, 3, 2, 0, 3, 1, 3, 2, 3, 0, 3, 1, 0, 2, 1, 1, 0, 0, 3, 2, 1, 3, 1, 2, 0, 2, 0, 3, 3, 1, 2, 0, 0, 1, 0, 0, 0, 2, 0, 3, 1, 0, 1, 1, 1, 1, 1, 1, 3, 3, 3, 3, 2, 2, 1, 3, 2, 1, 2, 3, 3, 0, 1, 3, 2, 3, 3, 0, 3, 2, 2, 0, 2, 2, 1, 0, 2, 0, 1, 0, 3, 1, 3, 3, 1, 3, 2, 1, 3, 2, 1, 1, 1, 1, 0, 1, 0, 1, 1, 1, 2, 0, 1, 0, 2, 2], "predicted_labels": [3, 1, 1, 0, 3, 1, 3, 1, 1, 1, 3, 3, 3, 3, 3, 3, 1, 1, 3, 1, 3, 0, 3, 1, 1, 3, 3, 3, 3, 3, 3, 1, 1, 1, 3, 1, 0, 3, 1, 0, 1, 3, 3, 1, 0, 1, 3, 3, 3, 3, 1, 0, 0, 3, 0, 1, 0, 1, 0, 3, 3, 3, 0, 0, 3, 3, 1, 0, 1, 1, 3, 0, 3, 1, 3, 3, 3, 3, 0, 3, 3, 3, 3, 3, 3, 3, 3, 3, 3, 3, 3, 1, 1, 3, 1, 3, 3, 3, 0, 0, 3, 0, 3, 3, 3, 1, 3, 0, 1, 3, 3, 3, 1, 1, 1, 3, 3, 1, 0, 1, 3, 1, 3, 1, 1, 1, 3, 3, 3, 3, 0, 1, 3, 3, 1, 3, 1, 3, 3, 3, 3, 1], "confidence_scores": [[0.22014642024642023, 0.2719409618159619, 0.2092368603618606, 0.29867575757575765], [0.2277422383172385, 0.29922298812298814, 0.23016412198912212, 0.24287065157065166], [0.2647903762903764, 0.3093049062049061, 0.14927875180375189, 0.27662596570096576], [0.3008236505324741, 0.2632484293484294, 0.18261783575901233, 0.25331008436008445], [0.2640774309024309, 0.25557721722721727, 0.15695070485070495, 0.3233946470196469], [0.2378978909978912, 0.30806032125768945, 0.16901110649756168, 0.28503068124685743], [0.24082824120324137, 0.277345967920968, 0.18397746420246436, 0.2978483266733268], [0.2734627372627374, 0.2880717393717394, 0.1712783993783994, 0.2671871239871241], [0.23231871461871464, 0.3049758630258631, 0.16037163392163395, 0.3023337884337884], [0.2252557636807636, 0.31040051337551333, 0.16702733932733946, 0.29731638361638374], [0.23410958649193953, 0.2790448135198136, 0.17699371298636024, 0.30985188700188687], [0.2879544594294593, 0.22752105949605952, 0.1461866244866246, 0.3383378565878565], [0.2510241369741371, 0.2638761072261073, 0.16076436341436356, 0.32433539238539244], [0.2460673604173604, 0.2745268981018982, 0.17351486291486298, 0.30589087856587854], [0.23430266955266962, 0.2731684593184594, 0.13681274281274283, 0.35571612831612814], [0.22345514763014776, 0.27228110582228227, 0.21327265512265525, 0.2909910914249151], [0.2495484570984572, 0.27832230269730257, 0.1944402902652903, 0.27768894993894994], [0.25547881007881024, 0.2808051115551115, 0.21373116001645434, 0.24998491834962436], [0.26161626429126444, 0.24493467365967375, 0.15086723831723828, 0.34258182373182366], [0.23614618159618173, 0.3158001312413079, 0.19634301254301265, 0.25171067461949825], [0.19101760461760472, 0.3034838966588967, 0.19772091405326703, 0.30777758467023153], [0.2963508713508714, 0.2685246957720643, 0.16361400996664155, 0.27151042291042293], [0.2543210872460874, 0.2523262654012655, 0.20057217782217793, 0.29278046953046966], [0.20965377955377962, 0.33456338106338135, 0.12710241425241428, 0.32868042513042484], [0.22309188866688884, 0.2901326239549925, 0.2019613941613943, 0.2848140932167248], [0.25466537596390554, 0.278884068382598, 0.16861764150881803, 0.2978329141446787], [0.2297078643578643, 0.283696633921634, 0.16902670940170955, 0.3175687923187922], [0.21354154864743113, 0.26786898101898116, 0.20722595607007374, 0.3113635142635143], [0.23251328948828956, 0.25077011877011884, 0.20774858474858476, 0.308968006993007], [0.26152256354756376, 0.26067132312132324, 0.18874971139971153, 0.28905640193140186], [0.2601556277056277, 0.29743556998557014, 0.14094732489732478, 0.3014614774114775], [0.23546491841491857, 0.2926700965700967, 0.19818081363081372, 0.27368417138417145], [0.2653117410367411, 0.29476826506826526, 0.16558460983460993, 0.27433538406038416], [0.26697631257631266, 0.2895876068376068, 0.15448825063825067, 0.28894782994783], [0.23035279165279182, 0.23858504828504848, 0.22311334776334782, 0.30794881229881244], [0.2363613430686961, 0.2856292374292374, 0.24949207459207473, 0.22851734490999198], [0.30621748251748254, 0.24815922770040424, 0.15950778665778675, 0.28611550312432665], [0.24542431457431466, 0.28067732822732827, 0.15337885447885452, 0.32051950271950264], [0.23642380397380408, 0.27615333555333565, 0.2178511710511711, 0.2695716894216897], [0.33889708069708047, 0.2172141802641802, 0.17783989898989916, 0.26604884004884], [0.2477246919746922, 0.30113901653901654, 0.18789471280353642, 0.2632415786827553], [0.2235169497169498, 0.2405133033633035, 0.24689711399711423, 0.28907263292263297], [0.23457372349872344, 0.2385970723720725, 0.23615286657786674, 0.2906763375513376], [0.2213979964479965, 0.32011513764013777, 0.2050961122211123, 0.2533907536907538], [0.31907316572316596, 0.2558913808413809, 0.13463043345543355, 0.29040501998002005], [0.2440497335997338, 0.3050724164724164, 0.16605755910755912, 0.2848202908202908], [0.27953615828615846, 0.26788866133866124, 0.15065628815628826, 0.30191889221889234], [0.28125902708402734, 0.2633345626595627, 0.15993121045621048, 0.29547519980019993], [0.22635098790098798, 0.2770071817071817, 0.1632011266511267, 0.3334407037407036], [0.26484011544011554, 0.2712774891774891, 0.18166544011544022, 0.28221695526695556], [0.2067208586734904, 0.3082352629826315, 0.20786676656676678, 0.27717711177711185], [0.3048447052947054, 0.24877651237651252, 0.14895500055500052, 0.297423781773782], [0.3163584804084804, 0.2779556277056277, 0.14966135531135535, 0.25602453657453667], [0.27358741258741254, 0.27179560717060725, 0.18055345765345773, 0.2740635225885227], [0.29235400155400165, 0.2914601842601842, 0.16222228327228327, 0.2539635309135311], [0.2515611832611833, 0.29703700188700205, 0.17519693084693094, 0.27620488400488424], [0.3038666833166834, 0.27669012654012654, 0.15722981462981467, 0.26221337551337565], [0.2500040570540572, 0.29993059163059177, 0.1611420246420247, 0.2889233266733266], [0.3413235171261489, 0.2527692456666142, 0.14674052614052618, 0.25916671106671113], [0.2380226911976911, 0.2736601565101566, 0.20868147130647133, 0.27963568098568137], [0.261935991785992, 0.2774804584304585, 0.15220417915417925, 0.30837937062937065], [0.24661312021312026, 0.24008908036408041, 0.19810996699379063, 0.3151878324290091], [0.4403138805638805, 0.20057402597402585, 0.1406101232101233, 0.21850197025197038], [0.29519879564879575, 0.2951166555666556, 0.12052570762570768, 0.2891588411588412], [0.2800561910311912, 0.25045386835386846, 0.13273749583749592, 0.3367524447774449], [0.22452119269619275, 0.24066850649350666, 0.2336921911421912, 0.3011181096681097], [0.26400614940614964, 0.30477765371883025, 0.1821804417804418, 0.24903575509457884], [0.33076267621267624, 0.21360750360750372, 0.1778744977244978, 0.2777553224553224], [0.2570425324675327, 0.2863510295260294, 0.172821436896437, 0.2837850011100013], [0.21292206682206694, 0.3188676268176267, 0.1738446275946278, 0.2943656787656789], [0.22814285159285166, 0.2692502164502164, 0.1731957486957487, 0.3294111832611832], [0.30163649128649145, 0.2765772061272061, 0.1724934235698943, 0.24929287901640854], [0.24336824841824856, 0.28131158563658565, 0.14370715673215673, 0.3316130092130093], [0.2723033482857013, 0.29849274614274623, 0.16060675827440543, 0.2685971472971474], [0.2686864801864801, 0.2614952658452659, 0.15914549894549906, 0.3106727550227552], [0.19099335109335125, 0.30687769452769453, 0.19077154512154543, 0.3113574092574091], [0.24553770118770124, 0.26164079254079253, 0.17438408813408815, 0.3184374181374181], [0.24050380452880457, 0.26786716339216343, 0.20552366244866255, 0.2861053696303697], [0.2826216616716616, 0.2762486124986125, 0.20904993339993344, 0.23207979242979257], [0.28706896436896434, 0.2534797757797761, 0.15864581529581537, 0.30080544455544467], [0.2554164293223116, 0.23663170995671007, 0.20249250145279565, 0.305459359268183], [0.18899448606948613, 0.2697854811854814, 0.17368671687789344, 0.3675333158671394], [0.2736182955932957, 0.2708847188758954, 0.1560453157953158, 0.2994516697354933], [0.21019250471750472, 0.28430150127650156, 0.19206469086469108, 0.3134413031413032], [0.23920252525252528, 0.23963944388944403, 0.20168969200733936, 0.31946833885069176], [0.23019870129870146, 0.29630206460206465, 0.15758974554856917, 0.31590948855066503], [0.2386300394050395, 0.2713750166500166, 0.17486668638379171, 0.31512825756115237], [0.27107211399711406, 0.27297290487290504, 0.15020469807969813, 0.30575028305028296], [0.20053197080697088, 0.29201481851481853, 0.21015213675213681, 0.29730107392607374], [0.23693397713397724, 0.27555860609978255, 0.18068069903952266, 0.3068267177267176], [0.250489321789322, 0.2750584138084138, 0.15834425574425573, 0.31610800865800864], [0.22029107004107007, 0.34367576867576843, 0.15686573149073155, 0.27916742979242987], [0.21731238206238218, 0.316526945276945, 0.18336888389388392, 0.2827917887667886], [0.2179868232644549, 0.26828276548013397, 0.21961983294483312, 0.29411057831057824], [0.24801350316350326, 0.2892087773337773, 0.2079447496947498, 0.2548329698079698], [0.2696817922273807, 0.20698028882881828, 0.17075689539218966, 0.3525810235516116], [0.2545404539904541, 0.22799866799866816, 0.20820847485847502, 0.30925240315240315], [0.22163990731490746, 0.30620955988456, 0.15533196803196825, 0.3168185647685647], [0.2876244644244646, 0.26061391108891113, 0.1847769841269842, 0.2669846403596405], [0.3027065018315017, 0.2802441586191588, 0.14167978687978688, 0.27536955266955265], [0.23215505605505604, 0.24398627483627489, 0.20544343989344008, 0.3184152292152291], [0.27067113442113455, 0.26967442002442016, 0.20201884504384507, 0.25763560051060064], [0.254522721722722, 0.2646255577755576, 0.1908178377178379, 0.2900338827838829], [0.2080262071262072, 0.24495232822732843, 0.2422269686196158, 0.30479449602684894], [0.24965286935286943, 0.30473048340548353, 0.1378261849261849, 0.3077904623154624], [0.22432116217116238, 0.306174728049728, 0.19640735682446214, 0.2730967529546478], [0.22940562770562772, 0.2966085553335553, 0.17338549506049514, 0.3006003219003219], [0.3090724969474969, 0.2631092685092685, 0.1402073953823954, 0.2876108391608393], [0.25448533851769156, 0.2658121434121436, 0.22180373237873252, 0.2578987856914329], [0.24290009435009458, 0.2616705627705629, 0.18763324730824732, 0.3077960955710955], [0.24375411255411267, 0.2930678626928629, 0.14352404715167877, 0.319653977601346], [0.21025579975579983, 0.32113529526029505, 0.1405678876678876, 0.3280410173160173], [0.255854811854812, 0.30086866466866474, 0.14860806970806978, 0.2946684537684537], [0.268664602064602, 0.301038344988345, 0.17282424993307352, 0.25747280301397946], [0.25465084719202374, 0.3311792873792873, 0.14477288267288274, 0.2693969827558063], [0.2435247779997781, 0.28759073981573996, 0.15432869352869355, 0.3145557886557884], [0.2231783327783328, 0.27194150571650577, 0.2068763620022909, 0.2980037995028707], [0.23673027805527805, 0.3187566378066377, 0.19037468919968928, 0.2541383949383952], [0.3326987734487734, 0.2743719114219115, 0.14598506689389049, 0.24694424823542477], [0.2211245790157556, 0.3085092593680827, 0.21663708513708513, 0.2537290764790766], [0.2386853368853369, 0.2688427211677211, 0.18111906426906432, 0.3113528776778778], [0.22474594147682384, 0.2730372155622158, 0.2452394481335658, 0.2569773948273949], [0.2043130536130537, 0.26366852036852045, 0.24093583638583643, 0.2910825896325898], [0.2161350843600844, 0.30132248029748043, 0.2054128141466377, 0.2771296211957978], [0.25091795149295165, 0.2894089688089688, 0.17492358670741032, 0.28474949299066965], [0.2206767260517261, 0.302065467865468, 0.18375606615606618, 0.2935017399267401], [0.2291657675657676, 0.2480552614052614, 0.19264046231546242, 0.33013850871350847], [0.22865526695526717, 0.23930701798201814, 0.24722299367299377, 0.28481472138972125], [0.22716913086913104, 0.24550294427794456, 0.18381723831723845, 0.3435106865356865], [0.26415475635475644, 0.26786190476190497, 0.15691621075003442, 0.3110671281333045], [0.3445396603396605, 0.23901686091686092, 0.1202286324786325, 0.2962148462648461], [0.24349682817182836, 0.2914720196470197, 0.17483437395937404, 0.29019677822177825], [0.22464237429237455, 0.29330990120990125, 0.16730255300255312, 0.31474517149517134], [0.25499163891663895, 0.2971671356421355, 0.13902767624532336, 0.30881354919590215], [0.25805613553113543, 0.2836966588966588, 0.18946874791874796, 0.26877845765345787], [0.220721225996226, 0.2624535769785772, 0.21648050005550026, 0.3003446969696968], [0.2273449716949719, 0.3152755558167322, 0.1826490592740594, 0.2747304132142366], [0.2599947441447442, 0.28392894882894876, 0.1562678155178156, 0.29980849150849154], [0.23158878898878912, 0.2869332084582085, 0.16886863136863145, 0.31260937118437127], [0.23164038739038736, 0.27779827394827383, 0.15310916028416036, 0.33745217837717834], [0.2400693001443001, 0.24159694831312495, 0.2547204739704741, 0.2636132775721011], [0.2503917027417027, 0.3010784632034632, 0.17127498612498618, 0.27725484792984795]]}, "rewritten": {"ids": ["97106000", "97107821", "97107920", "97108520", "97112170", "97112290", "97112830", "97113260", "97116800", "98108150", "98110680", "98113881", "98116090", "98116940", "98120010", "98120530", "99107640", "99108000", "99108330", "99108520", "99109141", "99109780", "99110730", "99111930", "99117630", "99121440", "100108260", "100109311", "100109360", "100111080", "100111620", "100120010", "101108370", "101110200", "101111210", "101112690", "101119591", "102109850", "102110750", "102112250", "102116500", "103109791", "103110100", "103110760", "103110840", "103111540", "103113270", "103118110", "103118291", "103120290", "103120730", "104110960", "104111531", "104111620", "104111780", "104111830", "104113380", "104114320", "104114740", "104116980", "104117200", "105113210", "105113620", "105114220", "105116090", "105116501", "106114150", "106115250", "106116640", "106116850", "106117790", "106121220", "107112850", "107113260", "107114110", "107114780", "107118490", "107118780", "107119950", "107120880", "107121700", "108114220", "108115880", "108117451", "108117610", "108118520", "108119550", "108121410", "109113881", "109116170", "109116930", "109118161", "109118820", "109119010", "109119450", "109119591", "109121351", "110113591", "110114720", "110114950", "110115250", "110116290", "110117140", "110118810", "110120190", "110120540", "110120700", "111114321", "111115620", "111115770", "111115910", "111117120", "111117480", "111119300", "111120320", "111121410", "112116540", "112116990", "112117030", "112117210", "112117780", "112118421", "112118581", "112118620", "112118820", "112118890", "112119120", "112119500", "112119610", "112120700", "112120990", "112121010", "112121430", "113117340", "113118421", "113118511", "113119450", "113120070", "113120531", "113121950", "113122160", "113122320"], "labels": [0, 2, 0, 2, 0, 1, 2, 1, 0, 0, 2, 3, 0, 2, 2, 1, 1, 2, 1, 2, 3, 2, 3, 1, 3, 2, 3, 1, 0, 0, 3, 0, 1, 2, 2, 1, 0, 1, 1, 0, 1, 3, 1, 1, 1, 1, 2, 2, 0, 2, 1, 2, 0, 0, 3, 3, 1, 2, 2, 1, 3, 3, 0, 3, 1, 1, 1, 2, 3, 3, 1, 1, 1, 0, 1, 2, 2, 1, 3, 1, 3, 3, 3, 2, 3, 0, 1, 0, 0, 0, 0, 0, 3, 3, 3, 0, 0, 0, 3, 0, 1, 2, 3, 1, 3, 1, 2, 1, 1, 3, 2, 2, 1, 1, 1, 0, 1, 0, 2, 1, 0, 3, 1, 3, 0, 3, 1, 2, 0, 2, 2, 2, 2, 2, 3, 1, 3, 2, 0, 3, 3, 1], "predicted_labels": [3, 1, 0, 1, 3, 0, 3, 1, 1, 1, 3, 1, 3, 1, 3, 3, 3, 1, 1, 1, 0, 1, 3, 1, 3, 0, 0, 3, 0, 3, 0, 3, 3, 0, 3, 3, 3, 2, 1, 3, 1, 3, 3, 3, 1, 3, 3, 0, 1, 1, 3, 1, 0, 3, 0, 1, 3, 0, 3, 1, 0, 0, 1, 3, 3, 3, 0, 1, 0, 1, 1, 3, 1, 3, 0, 1, 1, 3, 0, 3, 1, 3, 3, 0, 1, 3, 3, 3, 0, 3, 0, 0, 1, 3, 1, 1, 0, 0, 3, 3, 3, 0, 3, 0, 3, 1, 3, 3, 0, 3, 1, 0, 1, 1, 1, 1, 1, 3, 1, 3, 3, 0, 1, 3, 0, 1, 3, 1, 3, 1, 1, 1, 1, 3, 0, 0, 3, 1, 0, 0, 1, 0], "confidence_scores": [[0.22480210622710628, 0.22915783383283395, 0.24380860805860813, 0.30223145188145195], [0.2609258380508382, 0.287563628038628, 0.20252207073971792, 0.24898846317081622], [0.3413200965700965, 0.21548313353313361, 0.18187739482739496, 0.26131937506937514], [0.24095764235764255, 0.2956644577644576, 0.18425209235209247, 0.2791258075258077], [0.26030177045177066, 0.24455639915639932, 0.1876032800532801, 0.3075385503385503], [0.2951313048063049, 0.244886002886003, 0.23011388333888344, 0.2298688089688091], [0.24504800199800214, 0.24537191142191153, 0.19967756965256964, 0.3099025169275169], [0.23448956043956062, 0.29605137640137646, 0.20544348429348436, 0.26401557886557897], [0.23276027861027868, 0.29021600980718615, 0.19213143914908642, 0.2848922724334489], [0.24570145295880597, 0.26741450771450775, 0.22570359477124194, 0.26118044455544454], [0.2424754207780524, 0.28259493941730784, 0.19013145743145748, 0.2847981823731824], [0.25632510267510283, 0.29944163059163065, 0.16842129569776634, 0.27581197103550054], [0.23012861027861034, 0.27395155677655686, 0.1794258602508604, 0.3164939726939726], [0.2270567226890758, 0.3288353313353311, 0.2008124331550802, 0.243295512820513], [0.27189521034521047, 0.26574514374514374, 0.18541828449328449, 0.27694136141636155], [0.25648034743034753, 0.25493852813852835, 0.1903304750804752, 0.29825064935064943], [0.2742352536352538, 0.2653424519924521, 0.1847433677433678, 0.2756789266289268], [0.2739052447552449, 0.2932849927849929, 0.19742986066221363, 0.23537990179754908], [0.2589387426299193, 0.30480608084725724, 0.19242213342213352, 0.24383304310069037], [0.21868326118326126, 0.2829026362526364, 0.22939161949161957, 0.26902248307248317], [0.3542567599067599, 0.25882567155067165, 0.15295582195582205, 0.2339617465867468], [0.23696138306138315, 0.26985830558330565, 0.23951182428682413, 0.2536684870684871], [0.21446542199630447, 0.22693480408480413, 0.2737094975286153, 0.28489027639027636], [0.24820319321201684, 0.3018809115720881, 0.2073649461649462, 0.24255094905094907], [0.2353505716505717, 0.23341828171828177, 0.21899718059718082, 0.31223396603396614], [0.2790828865578867, 0.27269226606726604, 0.20990644355644372, 0.2383184038184039], [0.2749089410589412, 0.2678649683649685, 0.19492353479853486, 0.26230255577755585], [0.272878358363343, 0.28066224710961557, 0.16435819572584284, 0.28210119880119877], [0.28766064686947046, 0.284013642729819, 0.1710090270840271, 0.2573166833166834], [0.2235097180597182, 0.26606548451548456, 0.2235684906596673, 0.28685630676513035], [0.2755821567321567, 0.25797967032967056, 0.21595672660672668, 0.25048144633144653], [0.22949090076590084, 0.24624008491508514, 0.24604744503862155, 0.2782215692803928], [0.2819553724053725, 0.2615256521256522, 0.16922506382506372, 0.28729391164391166], [0.28145072705072705, 0.2798727883227885, 0.19260091297591306, 0.24607557165057176], [0.24576032856032873, 0.2609508860420626, 0.17756451501714668, 0.31572427038046214], [0.24024259629259637, 0.2543637140637141, 0.16321137196137198, 0.34218231768231766], [0.26862152847152854, 0.24279785214785213, 0.1540663974913975, 0.3345142218892217], [0.23133065268065278, 0.2491418914418916, 0.2669445831945833, 0.2525828726828727], [0.19549591519591542, 0.32239616217116224, 0.20854065656565657, 0.27356726606726617], [0.287702231102231, 0.20132369297369293, 0.1590706071706073, 0.3519034687534688], [0.24633080253080264, 0.2937648795648796, 0.22312762792762805, 0.23677668997669007], [0.2504984043734045, 0.2599371017871019, 0.20197781940281942, 0.2875866744366745], [0.25442336552336564, 0.26629856809856817, 0.19692340437340444, 0.28235466200466214], [0.2794845654345655, 0.2636219816131582, 0.17532967032967053, 0.2815637826226062], [0.24616577866577874, 0.2863107059607058, 0.19955410259674974, 0.2679694127767659], [0.2076859557109558, 0.2547560752972518, 0.21767301783184145, 0.319884951159951], [0.23919491341991342, 0.2552701021201022, 0.1987756354756355, 0.30675934898434887], [0.26957522477522483, 0.2663945221445223, 0.20676599511599525, 0.25726425796425817], [0.26157083749583765, 0.2963310467310468, 0.1630370213120214, 0.27906109446109423], [0.2844904401154401, 0.29200350205350223, 0.17679786602286612, 0.24670819180819206], [0.25685226717726745, 0.2870157065157064, 0.16847419247419257, 0.2876578338328339], [0.1937387806637808, 0.279754118104118, 0.2599718420468421, 0.2665352591852593], [0.32219363610245966, 0.2588747058497059, 0.17006393965511624, 0.24886771839271854], [0.2510600260850262, 0.23161954156954162, 0.18009954212454218, 0.3372208902208902], [0.297836002886003, 0.2805983460983461, 0.16323000333000334, 0.25833564768564776], [0.24621605616605624, 0.3160186507936509, 0.19617546342546363, 0.24158982961482964], [0.2533710372960374, 0.25788433510933534, 0.19490704850704876, 0.2938375790875789], [0.2738797829621359, 0.26330593850593864, 0.19853778607013925, 0.2642764924617868], [0.2314925740925742, 0.27966631701631706, 0.1968041958041959, 0.29203691308691326], [0.2218197616109383, 0.3250094591682828, 0.17801774891774902, 0.27515303030303034], [0.29259673937173947, 0.29032745310245306, 0.1715020923520924, 0.24557371517371523], [0.28830077667430626, 0.24363833160303744, 0.18175449354567016, 0.28630639817698655], [0.2385586580086582, 0.2726770118770119, 0.22422756132756153, 0.2645367687867688], [0.2569330225330227, 0.2120359640359643, 0.22037045177045184, 0.3106605616605618], [0.261033904983905, 0.26535216450216464, 0.15463273311655676, 0.31898119739737374], [0.24786345321345343, 0.24651410533910548, 0.18155345765345768, 0.3240689837939838], [0.3190803216391453, 0.24161475550593198, 0.19533792318792326, 0.24396699966699964], [0.2492806915306916, 0.284076925851926, 0.20007965367965372, 0.2665627289377289], [0.2959571955821955, 0.25371983571983586, 0.17292544040926383, 0.2773975282887048], [0.22608130252100858, 0.2843195440180734, 0.23005944692562352, 0.2595397065352949], [0.2641261571761572, 0.2843985625485626, 0.17591264013764027, 0.27556264013764015], [0.23006634199134193, 0.25902513042513053, 0.21833908313908332, 0.2925694444444445], [0.2561749361749362, 0.28869538876156514, 0.17472061272061287, 0.280409062342886], [0.2371568292818294, 0.24635436230436245, 0.2084323759573759, 0.30805643245643244], [0.3170976828726828, 0.24987225829725845, 0.14928126318126317, 0.28374879564879574], [0.2680734337557867, 0.2973843323343323, 0.1732107043283514, 0.26133152958152966], [0.2727171939171942, 0.2747501952725639, 0.19965286102786112, 0.2528797497823815], [0.23907289932289935, 0.28239906204906196, 0.17957163947163954, 0.29895639915639916], [0.30179181096681096, 0.2925561244311244, 0.14560935175935175, 0.2600427128427129], [0.2155491064491066, 0.2860072566322566, 0.19038164613164626, 0.3080619907869909], [0.21047665390165404, 0.2943341658341659, 0.22117513320013354, 0.27401404706404714], [0.2797870648958884, 0.23413456347574005, 0.19239796869796877, 0.293680402930403], [0.27742126207126205, 0.2513827977577978, 0.18746807914307917, 0.2837278610278612], [0.2929151570651571, 0.28173034188034185, 0.1632038572538573, 0.26215064380064396], [0.22854401154401174, 0.3085414548299997, 0.19155719847747724, 0.2713573351485119], [0.26079882339882354, 0.2757634476634477, 0.16491906426906436, 0.2985186646686647], [0.23220151515151524, 0.26155264180264176, 0.21123936341436358, 0.2950064796314796], [0.2534000444000445, 0.2878805194805196, 0.16540404040404053, 0.2933153957153959], [0.310052960927961, 0.24656274003774012, 0.20240032190032195, 0.2409839771339771], [0.2814601037851037, 0.26450662393162383, 0.15536785436785439, 0.29866541791541806], [0.3495091000502765, 0.255972873531697, 0.12707997280497282, 0.2674380536130537], [0.4001946914196915, 0.21192495004995002, 0.17069866277513338, 0.2171816957552252], [0.2584024631800948, 0.28692888602625455, 0.18269531857031854, 0.27197333222333225], [0.27790303030303026, 0.23776169467787123, 0.1963996717334954, 0.28793560328560347], [0.2610933705183707, 0.2820402938564705, 0.21479619824619833, 0.24207013737896105], [0.28226243201243195, 0.29730455932955924, 0.1574856579694815, 0.26294735068852726], [0.29751546231546233, 0.2587951919425604, 0.1959858955973506, 0.24770345014462683], [0.28549678654678656, 0.2650237706737707, 0.1680125152625153, 0.2814669275169276], [0.2287412207073972, 0.28506410729793097, 0.19229368964368976, 0.29390098235098244], [0.23993896658896663, 0.26758845598845604, 0.18384893994893994, 0.3086236374736376], [0.22547502497502508, 0.27971233211233226, 0.17533458045222747, 0.3194780624604154], [0.287868031968032, 0.285505130980131, 0.17985319680319686, 0.24677364024864043], [0.2694035298035298, 0.2621324730824733, 0.16211947496947507, 0.3063445221445222], [0.2911362415362417, 0.26742485292485296, 0.18773050838050845, 0.2537083971583973], [0.24548442668442685, 0.2643585137085136, 0.17877672490907795, 0.3113803346979818], [0.23893020868020884, 0.3263922660672662, 0.153605772005772, 0.28107175324675343], [0.24271740481740484, 0.2618651182151184, 0.1706023504273505, 0.3248151265401265], [0.2638943944943947, 0.2912879342879341, 0.15193781218781227, 0.292879859029859], [0.29652851592851603, 0.24667776667776675, 0.16658940679203835, 0.29020431060167906], [0.3017650099900099, 0.26746249861249843, 0.12716875901875907, 0.30360373237873245], [0.24944175269175276, 0.31157147852147865, 0.15310172050172055, 0.28588504828504835], [0.279686898395722, 0.27256579335696995, 0.18115102593484947, 0.2665962823124589], [0.28394690587190585, 0.3002019896769898, 0.14956437451437463, 0.2662867299367301], [0.22705848040848056, 0.2989330003330003, 0.1810695582195583, 0.2929389610389612], [0.2679486568986568, 0.2836507326007325, 0.1659968031968033, 0.28240380730380743], [0.2453804695304697, 0.2971212176712175, 0.165093611943612, 0.29240470085470105], [0.2753517141355378, 0.28668374011609304, 0.18847364579864584, 0.2494908999497236], [0.2462048174048175, 0.24643390220890227, 0.24482311577311583, 0.2625381646131646], [0.24694979464979475, 0.29234435564435574, 0.19679030969030975, 0.26391554001553996], [0.24536211011211015, 0.28083151848151877, 0.18338153790653797, 0.29042483349983345], [0.2239298174048174, 0.2604859168609169, 0.17295967088467107, 0.3426245948495947], [0.3052956571206571, 0.2676097263847264, 0.1413426295926297, 0.28575198690198705], [0.23895263347763354, 0.3391314824064822, 0.16045619380619386, 0.2614596903096904], [0.26225795038295063, 0.2736162698412699, 0.1673098706848707, 0.29681590909090916], [0.2928524753024752, 0.25685244477744495, 0.1856293872793873, 0.26466569264069273], [0.2528973248973249, 0.30363182177299824, 0.19431300284682654, 0.2491578504828505], [0.25617805527805537, 0.281033311133311, 0.15993683146918447, 0.30285180211944923], [0.21891351426351438, 0.314300769698138, 0.20553102628365807, 0.26125468975468985], [0.21958580863580884, 0.2860597374847374, 0.19008811743811757, 0.3042663364413367], [0.2566841991341993, 0.29965626954744584, 0.1956679304355775, 0.24799160088277736], [0.23557133618015988, 0.2897862701024465, 0.20878864354599652, 0.26585375017139745], [0.23734014319014327, 0.32019564602064576, 0.15306519869019877, 0.2893990120990121], [0.2543858252858253, 0.28685295640032493, 0.17713184768447943, 0.2816293706293706], [0.22524225496725506, 0.3033652458652459, 0.13876508214008212, 0.3326274170274172], [0.30728578366078363, 0.2503285298035298, 0.160108664374841, 0.2822770221608458], [0.3219211829020654, 0.2819160228660228, 0.15618040439952208, 0.23998238983238987], [0.29550084915084934, 0.22298099678099684, 0.1545989399489401, 0.32691921411921426], [0.25865600233100233, 0.3058006354756357, 0.15569528804528815, 0.2798480741480743], [0.29209206349206357, 0.27857763347763354, 0.15607811077811073, 0.2732521922521922], [0.3199549672549673, 0.2600191447441447, 0.12785018870018872, 0.29217569930069937], [0.23930854733501805, 0.3097186349598114, 0.1629452436452437, 0.28802757405992707], [0.2946447163947165, 0.2749490120990122, 0.1928460400710401, 0.23756023143523142]]}}