{"test": {"ids": ["109118161", "112116990", "109117730", "100120780", "106114280", "109119450", "98120530", "97113900", "110115140", "108113760", "103120290", "112118471", "99107950", "98109570", "109121351", "104111780", "103117461", "102121700", "112117431", "104112201", "99108010", "104111880", "108120060", "99111000", "98111620", "109117150", "109116441", "113122230", "103113270", "107114321", "104113550", "104111830", "98110710", "98113881", "107113170", "108114200", "108115070", "105117351", "111120190", "112117571", "108117360", "110113931", "108117610", "99111440", "105112240", "106115240", "111115620", "110120540", "112120270", "111115770", "110118810", "110114321", "104113190", "110116290", "101111310", "103111930", "99109370", "109116930", "112116640", "108119550", "113118690", "97111790", "98107010", "109117080", "112117030", "97105451", "113120751", "109113281", "109117110", "112118511", "107117010", "100110050", "110119030", "102112030", "99109780", "101113210", "97107681", "98120010", "111115780", "111114121", "110121450", "111117000", "101110740", "105110091", "104114240", "113117630", "113118810", "109114220", "110115710", "108117720", "102109910", "99109860", "110115580", "112118161", "99111620", "107114200", "108116070", "98116500", "110116170", "109120150", "107120010", "110118111", "106117790", "98116940", "107116980", "101119030", "102112170", "102109840", "113118820", "108116481", "112118581", "108114180", "106117650", "105113210", "111116990", "99113260", "99107630", "103111990", "104114320", "103113260", "105113620", "111118301", "105120280", "107112850", "105119950", "103113210", "97109080", "105111990", "101117580", "100108490", "113121410", "106118520", "106116820", "103112641", "110121170", "108118301", "99117740", "102110500", "101112201", "105116860", "106113190", "107113260"], "labels": [0, 0, 3, 1, 3, 3, 1, 2, 0, 1, 2, 1, 1, 1, 0, 3, 0, 1, 0, 0, 2, 3, 1, 2, 3, 2, 3, 1, 2, 0, 1, 3, 2, 3, 0, 0, 1, 0, 3, 3, 1, 1, 3, 3, 1, 1, 1, 1, 0, 3, 1, 1, 3, 2, 3, 3, 1, 0, 0, 1, 3, 2, 3, 1, 2, 0, 1, 0, 1, 1, 1, 3, 0, 2, 2, 3, 3, 2, 1, 0, 3, 0, 3, 0, 0, 0, 3, 3, 2, 1, 2, 2, 1, 0, 3, 2, 1, 2, 0, 2, 1, 1, 1, 2, 3, 3, 3, 2, 0, 0, 1, 1, 1, 3, 0, 0, 2, 2, 2, 3, 0, 3, 3, 1, 3, 3, 2, 2, 3, 2, 0, 2, 1, 3, 2, 1, 2, 3, 0, 2, 0, 0], "predicted_labels": [0, 3, 0, 3, 3, 3, 3, 1, 3, 3, 2, 1, 1, 3, 3, 1, 1, 0, 0, 0, 1, 2, 1, 2, 2, 3, 3, 0, 3, 3, 0, 2, 1, 1, 3, 0, 0, 3, 3, 3, 3, 1, 3, 1, 1, 0, 3, 1, 1, 0, 1, 0, 1, 3, 0, 1, 3, 2, 3, 1, 1, 3, 3, 1, 3, 0, 3, 3, 3, 3, 3, 3, 3, 1, 1, 0, 2, 3, 0, 1, 1, 1, 2, 1, 1, 1, 3, 0, 3, 3, 0, 1, 0, 3, 3, 3, 1, 3, 1, 2, 1, 3, 1, 1, 0, 0, 0, 1, 0, 0, 1, 3, 1, 3, 1, 0, 0, 1, 0, 1, 1, 3, 1, 1, 1, 1, 3, 3, 0, 1, 3, 0, 0, 2, 3, 3, 2, 0, 1, 1, 0, 1], "confidence_scores": [[0.30228551925413993, 0.2966430734405566, 0.10020289059600823, 0.3008685167092951], [0.2959487854057202, 0.28722401941731257, 0.1043958537519634, 0.31243134142500356], [0.3079376852815152, 0.2876964066831271, 0.08209995458216386, 0.3222659534531939], [0.2625359579302812, 0.2422482848983488, 0.1371207946864374, 0.3580949624849328], [0.27782694928676444, 0.2888551766704196, 0.0963847863320768, 0.33693308771073904], [0.1411792057849924, 0.27759322294336386, 0.2966978047539333, 0.28452976651771067], [0.30194963543993925, 0.287117308376156, 0.08174973208109368, 0.32918332410281104], [0.24422239921210753, 0.308158030594293, 0.20951237085405175, 0.23810719933954752], [0.2794864633987324, 0.2599243653548926, 0.15137225089797293, 0.30921692034840176], [0.2685375098296825, 0.2882821681066992, 0.14019594498649557, 0.3029843770771226], [0.10381770751711608, 0.2888144072282015, 0.4804929384196894, 0.12687494683499323], [0.20686181533043882, 0.2886076203429077, 0.25373832541507163, 0.25079223891158203], [0.10868400374715584, 0.35000606775851245, 0.3579663787246495, 0.18334354976968237], [0.28675674126428247, 0.23547861045591165, 0.08456349321307895, 0.39320115506672687], [0.28518580342898153, 0.303032480374178, 0.08818835975504928, 0.3235933564417912], [0.2569330195141455, 0.31895585338362026, 0.11278182451339344, 0.31132930258884073], [0.23543953505940202, 0.29134421662021986, 0.18562444575786988, 0.2875918025625086], [0.28831765394649567, 0.2964824091214207, 0.11926480142063044, 0.29593513551145295], [0.2957360859674157, 0.28383679174596577, 0.15512105473698945, 0.26530606754962877], [0.3047466777621408, 0.2600694598004267, 0.12157692913074751, 0.31360693330668504], [0.20496245394174514, 0.3088600734787832, 0.24626347699680293, 0.23991399558266882], [0.14122720202569408, 0.2744188052202173, 0.3454626719430942, 0.2388913208109946], [0.22360875888247267, 0.3177262572504834, 0.24299892157125794, 0.21566606229578578], [0.13466749838447462, 0.30178137112315717, 0.3527085452509588, 0.2108425852414094], [0.13100660568499234, 0.27345403997763623, 0.41986687635376235, 0.17567247798360897], [0.26543181408078415, 0.2713040186220564, 0.15484705535293525, 0.308417111944224], [0.29257451162488063, 0.3064284548880628, 0.07321309984051837, 0.327783933646538], [0.26326129428642314, 0.29239798112843834, 0.17159009812986178, 0.27275062645527676], [0.2019075236060619, 0.2674302961682517, 0.23097677285269042, 0.299685407372996], [0.272580969243351, 0.2637876851373867, 0.10014271408738182, 0.3634886315318804], [0.3094517773388672, 0.2394525266632047, 0.14884678283634178, 0.3022489131615867], [0.17595064876383246, 0.2850666523745444, 0.29382462147245686, 0.2451580773891659], [0.21285551453448504, 0.3225315546104624, 0.19084730412939147, 0.27376562672566107], [0.22567862365769917, 0.32914540859622227, 0.2282701670250538, 0.21690580072102472], [0.265903944100001, 0.27304276018432105, 0.16240089264544327, 0.29865240307023466], [0.31391668609810713, 0.31813237417976054, 0.09320795814401119, 0.27474298157812105], [0.31269355102854773, 0.27520567130194534, 0.13808703310807324, 0.2740137445614337], [0.2993948963488143, 0.2848148322141338, 0.09158802844465089, 0.3242022429924012], [0.249499833245642, 0.2810861558586141, 0.1341649232550157, 0.33524908764072797], [0.286052831553672, 0.2941098391417394, 0.07782321460973882, 0.34201411469484994], [0.12008854232393991, 0.2461717524600056, 0.3330447335842394, 0.300694971631815], [0.28401585650328975, 0.37527101222282866, 0.07604074117705291, 0.2646723900968288], [0.28744173933549766, 0.2946493509609588, 0.048712806987388405, 0.36919610271615505], [0.21201961031371544, 0.2718938520945559, 0.2546867374636189, 0.26139980012810976], [0.23355183449152309, 0.3565482295024594, 0.16302795480079935, 0.24687198120521822], [0.3116908106302977, 0.28320666256051963, 0.08438161675656622, 0.32072091005261644], [0.27557862014794104, 0.2661357643280419, 0.14089409735801464, 0.3173915181660022], [0.21006786504989283, 0.3151056622578292, 0.2346778173221953, 0.24014865537008262], [0.13106958539505648, 0.3065817186944861, 0.3302627492809956, 0.2320859466294621], [0.30439362877485954, 0.2742118467667125, 0.08612727833298173, 0.33526724612544606], [0.24686071539272753, 0.29551242314778126, 0.168456232878361, 0.2891706285811301], [0.2954377817043043, 0.31192263346154464, 0.10474768707341649, 0.2878918977607345], [0.27904125647880057, 0.2969130929444358, 0.1394470817719488, 0.2845985688048145], [0.23282566504003366, 0.2304655908776652, 0.22266544361091145, 0.3140433004713898], [0.288179701053767, 0.31929014290421937, 0.1749222563014309, 0.2176078997405826], [0.2629011940875319, 0.33273268745457946, 0.14888007845161427, 0.2554860400062743], [0.19078584500572268, 0.2504504530779757, 0.2693367131557748, 0.28942698876052675], [0.21284952706175078, 0.2751793794449894, 0.2686228420992988, 0.2433482513939612], [0.29841803642476467, 0.2650052904980205, 0.1119067341344758, 0.32466993894273916], [0.2666028398776059, 0.3059950951579189, 0.17009876334851623, 0.2573033016159587], [0.2819437153725367, 0.30799575665170914, 0.12130008653132619, 0.28876044144442803], [0.2740998713418183, 0.2358935086330901, 0.15939397184921852, 0.3306126481758727], [0.28549465166362686, 0.27333974387114496, 0.13406922582928188, 0.30709637863594624], [0.19026318313803112, 0.3892525503326341, 0.14952434625795352, 0.27095992027138116], [0.2389587426532324, 0.2834233950079965, 0.15036134426247966, 0.32725651807629136], [0.310768116808083, 0.29891874842607025, 0.06967104319201321, 0.3206420915738333], [0.22593820577836243, 0.2739090618998387, 0.18896329492415062, 0.3111894373976484], [0.2953892427824354, 0.2856917852617936, 0.06919227438145578, 0.34972669757431507], [0.2667224078678029, 0.3039210983870556, 0.10940630227431117, 0.31995019147083026], [0.24502650365352477, 0.284652738202986, 0.14726151146986752, 0.32305924667362174], [0.2082814934609318, 0.2878342394570444, 0.209249688624325, 0.294634578457699], [0.18310071091072333, 0.2720185855787189, 0.2611227171472484, 0.2837579863633094], [0.2618618944295209, 0.2931243003292075, 0.10220136444304107, 0.3428124407982308], [0.2288008047826748, 0.3426624292709964, 0.18698032199535322, 0.2415564439509756], [0.18460642630980664, 0.3245127641512676, 0.25153884842131896, 0.23934196111760642], [0.287872731797811, 0.29022287507975364, 0.10991193729298394, 0.3119924558294517], [0.1227842734850947, 0.24898760459218428, 0.34912751380648843, 0.2791006081162328], [0.2650917409988612, 0.2774236938335664, 0.16181967157794716, 0.29566489358962533], [0.30541015166754537, 0.29404556778671265, 0.0998329203284571, 0.30071136021728484], [0.27724135630234986, 0.3673137726938841, 0.06426413718918392, 0.2911807338145822], [0.28849705451548757, 0.3132768927910596, 0.10684476883908064, 0.29138128385437206], [0.23955049944049256, 0.31110600978025454, 0.15480137441464822, 0.2945421163646047], [0.12362473915938646, 0.3190210325603656, 0.3711601303544052, 0.186194097925843], [0.21959164524907618, 0.2809590709265515, 0.2336610716214144, 0.26578821220295806], [0.24597811671317396, 0.29516727200646176, 0.20473463176864282, 0.2541199795117214], [0.22239280995636448, 0.3051352751607135, 0.19241056775488186, 0.2800613471280404], [0.2752677080192469, 0.28480898163193163, 0.10292800462223507, 0.33699530572658665], [0.2604295906340184, 0.2819252897859881, 0.1941161011345314, 0.26352901844546234], [0.2142459849156787, 0.28468520467157504, 0.19284711972373864, 0.30822169068900784], [0.2719019258830882, 0.28882274305113814, 0.10213964697580225, 0.33713568408997147], [0.3157065153358378, 0.2573905382500606, 0.13673609534771006, 0.2901668510663915], [0.15478746557675474, 0.3527490620275727, 0.2673837442562002, 0.22507972813947213], [0.246786207934453, 0.2648795502698091, 0.22683772213028885, 0.2614965196654493], [0.29586094772869975, 0.29807481118188967, 0.06657039906068682, 0.33949384202872374], [0.1713058500958095, 0.3044332066504327, 0.230715454171217, 0.29354548908254047], [0.2800239961421377, 0.29335529995292825, 0.0718458287644249, 0.35477487514050937], [0.1956050838144053, 0.2863288997626149, 0.28578848775970217, 0.23227752866327767], [0.25212641584927215, 0.2673227889056593, 0.16517316106203345, 0.315377634183035], [0.27139407994396836, 0.29943173859849304, 0.11929775226800603, 0.3098764291895325], [0.17970321239372247, 0.2656559019633154, 0.3125957349928202, 0.24204515065014212], [0.15435432583843794, 0.30026804449591765, 0.29123114045893167, 0.25414648920671257], [0.2916524483047645, 0.288816227894506, 0.08099874511379584, 0.33853257868693354], [0.18750532354782803, 0.28030895466599975, 0.2777219241439471, 0.2544637976422251], [0.22820481399181525, 0.3473277982911745, 0.17104299961637062, 0.2534243881006395], [0.32650978343843495, 0.33512466081310355, 0.08647605602470282, 0.2518894997237586], [0.2981080818657426, 0.31268672779136686, 0.09776370525889463, 0.29144148508399614], [0.30344899570280254, 0.2635561631636014, 0.09725411096526139, 0.3357407301683347], [0.19708246270981505, 0.32297309360044396, 0.2694011811747783, 0.21054326251496266], [0.28994829149437873, 0.30993288023998816, 0.12472820187813691, 0.2753906263874961], [0.3095898521774518, 0.2527879754805222, 0.08590191865067139, 0.35172025369135446], [0.16585507004681424, 0.30308102233406425, 0.2668921725017062, 0.2641717351174156], [0.26196868021964603, 0.2596414587517622, 0.10490396235721139, 0.37348589867138016], [0.23708887932635267, 0.2851697280092513, 0.21040596705299017, 0.2673354256114058], [0.30119259468699283, 0.30402328185894445, 0.05286185051072901, 0.34192227294333377], [0.28639845278122616, 0.3302387682540213, 0.09321284446983978, 0.2901499344949124], [0.2600393265437079, 0.31337731079468006, 0.22320924079858115, 0.2033741218630308], [0.29476039163692785, 0.24444967479290933, 0.16843973390542877, 0.29235019966473375], [0.28933592519331536, 0.31765585486425263, 0.09001011061883003, 0.3029981093236019], [0.2338470849941762, 0.28583112237472175, 0.27312067940991974, 0.20720111322118245], [0.28129574644828376, 0.34543720647971493, 0.10972252597267795, 0.2635445210993232], [0.24374151186874599, 0.332186314960125, 0.18097824418514316, 0.24309392898598578], [0.2651778562028525, 0.28895347352553713, 0.14133630728160718, 0.30453236299000364], [0.19926626665359642, 0.2923276550876103, 0.24366521461035454, 0.26474086364843896], [0.2581330516679633, 0.32822340578629533, 0.16195366565938182, 0.25168987688635913], [0.2721323008795854, 0.316168261896792, 0.12990926305456318, 0.28179017416905944], [0.2650966664347792, 0.2928851095407049, 0.20014309631369873, 0.24187512771081746], [0.17373698461731885, 0.2728907787335217, 0.23292174975833366, 0.32045048689082584], [0.2952481753394066, 0.28367882107893594, 0.07629757020314651, 0.3447754333785111], [0.3071232132991672, 0.2740901110721644, 0.0807938508744814, 0.3379928247541871], [0.2585733005708594, 0.2950682658816193, 0.23624711481981295, 0.21011131872770833], [0.29357464221681634, 0.2520636265042245, 0.050931572846706366, 0.40343015843225266], [0.30114440981914964, 0.3221504415820797, 0.08876314463840294, 0.2879420039603673], [0.29695410039081155, 0.29138671683973794, 0.08973567880437522, 0.3219235039650754], [0.15035583457345306, 0.2667888384588723, 0.3046691116021459, 0.2781862153655287], [0.24642291758507173, 0.2590010978724616, 0.15308784059395453, 0.3414881439485121], [0.28009108241806463, 0.28691291965641946, 0.08038085722374434, 0.35261514070177147], [0.18454042468471174, 0.2900377517265071, 0.3119687104618611, 0.21345311312692022], [0.3126144286791909, 0.26018044556305375, 0.06490888530874814, 0.3622962404490075], [0.2741918284201357, 0.3101474974248379, 0.10526492664013964, 0.3103957475148867], [0.2753813292805624, 0.3065805829997951, 0.12493300595078095, 0.29310508176886124], [0.2916339649277056, 0.2726767139045395, 0.12561559038924025, 0.31007373077851486], [0.26552782409556097, 0.3422594666662639, 0.12812568955310474, 0.2640870196850705]]}, "rewritten": {"ids": ["97105451", "97107681", "97109080", "97111790", "97113900", "98107010", "98109570", "98110710", "98111620", "98113881", "98116500", "98116940", "98120010", "98120530", "99107630", "99107950", "99108010", "99109370", "99109780", "99109860", "99111000", "99111440", "99111620", "99113260", "99117740", "100108490", "100110050", "100120780", "101110740", "101111310", "101112201", "101113210", "101117580", "101119030", "102109840", "102109910", "102110500", "102112030", "102112170", "102121700", "103111930", "103111990", "103112641", "103113210", "103113260", "103113270", "103117461", "103120290", "104111780", "104111830", "104111880", "104112201", "104113190", "104113550", "104114240", "104114320", "105110091", "105111990", "105112240", "105113210", "105113620", "105116860", "105117351", "105119950", "105120280", "106113190", "106114280", "106115240", "106116820", "106117650", "106117790", "106118520", "107112850", "107113170", "107113260", "107114200", "107114321", "107116980", "107117010", "107120010", "108113760", "108114180", "108114200", "108115070", "108116070", "108116481", "108117360", "108117610", "108117720", "108118301", "108119550", "108120060", "109113281", "109114220", "109116441", "109116930", "109117080", "109117110", "109117150", "109117730", "109118161", "109119450", "109120150", "109121351", "110113931", "110114321", "110115140", "110115580", "110115710", "110116170", "110116290", "110118111", "110118810", "110119030", "110120540", "110121170", "110121450", "111114121", "111115620", "111115770", "111115780", "111116990", "111117000", "111118301", "111120190", "112116640", "112116990", "112117030", "112117431", "112117571", "112118161", "112118471", "112118511", "112118581", "112120270", "113117630", "113118690", "113118810", "113118820", "113120751", "113121410", "113122230"], "labels": [0, 3, 2, 2, 2, 3, 1, 2, 3, 3, 2, 2, 2, 1, 2, 1, 2, 1, 2, 2, 2, 3, 3, 0, 2, 2, 3, 1, 3, 3, 0, 3, 3, 3, 2, 2, 3, 2, 3, 1, 3, 2, 3, 3, 3, 2, 0, 2, 3, 3, 3, 0, 3, 1, 0, 2, 0, 2, 1, 3, 0, 2, 0, 3, 3, 0, 3, 1, 1, 1, 1, 2, 1, 0, 0, 2, 0, 3, 1, 1, 1, 1, 0, 1, 1, 0, 1, 3, 1, 1, 1, 1, 0, 3, 3, 0, 1, 1, 2, 3, 0, 3, 2, 0, 1, 1, 0, 1, 2, 0, 2, 1, 1, 0, 1, 2, 3, 0, 1, 3, 1, 0, 0, 3, 3, 0, 0, 2, 0, 3, 0, 1, 1, 1, 0, 0, 3, 3, 0, 1, 0, 1], "predicted_labels": [0, 2, 3, 3, 1, 3, 3, 1, 2, 1, 3, 1, 1, 3, 0, 2, 1, 3, 1, 1, 2, 3, 3, 0, 2, 0, 3, 3, 1, 1, 1, 3, 0, 0, 1, 0, 0, 1, 0, 1, 1, 1, 2, 1, 1, 3, 1, 2, 1, 1, 2, 0, 1, 0, 1, 0, 1, 3, 1, 3, 1, 1, 3, 1, 3, 0, 3, 0, 0, 3, 1, 3, 1, 3, 1, 3, 3, 0, 3, 1, 3, 3, 0, 0, 1, 3, 2, 3, 3, 3, 1, 1, 3, 0, 3, 2, 1, 3, 3, 0, 0, 2, 2, 3, 1, 1, 0, 0, 3, 0, 3, 1, 0, 3, 1, 3, 0, 1, 3, 3, 0, 1, 3, 3, 3, 3, 0, 3, 1, 3, 3, 3, 3, 1, 2, 1, 1, 3, 0, 3, 3, 1], "confidence_scores": [[0.30575179809859315, 0.2955363748346821, 0.07199384149127663, 0.32671798557544807], [0.1283273695088289, 0.2435132681192946, 0.3533012416536558, 0.27485812071822074], [0.2043876638857796, 0.2775597344646827, 0.20196160330332424, 0.3160909983462134], [0.23748156116299957, 0.2507225480621083, 0.2275381360651475, 0.28425775470974457], [0.23098155191431272, 0.31160589676590444, 0.24775520560289258, 0.2096573457168901], [0.27946634983475244, 0.27714535924446515, 0.13527002116466502, 0.30811826975611717], [0.27324765284644914, 0.23578523390447298, 0.08994982920130663, 0.4010172840477708], [0.16525097692362156, 0.3389231038601264, 0.2520413958305674, 0.2437845233856846], [0.15470106860911212, 0.28707137149111345, 0.3679512952265049, 0.1902762646732697], [0.1854832256125488, 0.31386842097534207, 0.27516832999219204, 0.22548002341991688], [0.2521916085814285, 0.2497833542112563, 0.15678440832265994, 0.3412406288846553], [0.1984889398222251, 0.33638824472345324, 0.22057686445323818, 0.24454595100108367], [0.21404487554486296, 0.2804185892233628, 0.23509090004363484, 0.27044563518813913], [0.2999239626632672, 0.2822375220109366, 0.08333874382155018, 0.33449977150424576], [0.28924673430524894, 0.23269784482724437, 0.1864400504142148, 0.2916153704532919], [0.10190461874563693, 0.34318020031931373, 0.38633318017114326, 0.16858200076390623], [0.14974954200274618, 0.31926622116224035, 0.3234036882035266, 0.20758054863148734], [0.19402392946809136, 0.25360925460066747, 0.27456847714314875, 0.2777983387880923], [0.2229101190543332, 0.31960060801945545, 0.21650885771003467, 0.24098041521617666], [0.14973628175741963, 0.35332678716429144, 0.27712870362659353, 0.21980822745169537], [0.12397909953254954, 0.30578600346720985, 0.3831723275599326, 0.18706256944030808], [0.2216111550134703, 0.27696884749447814, 0.2308908580531947, 0.270529139438857], [0.169666320809049, 0.29498728095268806, 0.24918976982611096, 0.28615662841215195], [0.24528757116678898, 0.31079085002716555, 0.2445875044627167, 0.19933407434332845], [0.21813729358784778, 0.2661705697588422, 0.2831550426504596, 0.23253709400285041], [0.2628004331555352, 0.27921138785949084, 0.22342030502702548, 0.23456787395794856], [0.16152290927905294, 0.28749435429188497, 0.23820498939815046, 0.3127777470309115], [0.2767254270392011, 0.24169647272452163, 0.13015771799540088, 0.3514203822408764], [0.14075268621147524, 0.32362554215119615, 0.3310682066484311, 0.2045535649888975], [0.2772713208640982, 0.3233566603423553, 0.17920674949471335, 0.22016526929883318], [0.25996277980093446, 0.3012882738099881, 0.1582758233720046, 0.28047312301707283], [0.26923530565364506, 0.2870459423652216, 0.12915834076836685, 0.31456041121276646], [0.30393897058611596, 0.2959057824782568, 0.09534778906653335, 0.30480745786909347], [0.29987665619799114, 0.290211505124433, 0.10857285104385278, 0.30133898763372313], [0.18514687624408316, 0.3517315303298355, 0.2811000684356386, 0.18202152499044244], [0.2975070419584013, 0.2548283210772837, 0.18822244145446387, 0.25944219550985126], [0.30688389779003106, 0.252869597002038, 0.09230974984302398, 0.34793675536490726], [0.2291967039568959, 0.33630481445563676, 0.18774127880686806, 0.2467572027805994], [0.30973133428989785, 0.26466173135301363, 0.11016797344334721, 0.31543896091374146], [0.2894820095790294, 0.3323453191320774, 0.10230268484445967, 0.2758699864444337], [0.28826514088154104, 0.3325606679815955, 0.14031049448641336, 0.23886369665045], [0.26784817330311744, 0.3414585871787524, 0.15467272662084514, 0.23602051289728504], [0.15277104166358985, 0.2709494445556744, 0.3096059174178225, 0.26667359636291305], [0.2519818286200489, 0.30761671382683026, 0.21030443556346917, 0.2300970219896515], [0.2579519626917557, 0.35795551519567914, 0.12903511856210084, 0.2550574035504644], [0.1970394106680601, 0.2613958411431525, 0.2728163171365769, 0.2687484310522105], [0.25154828985042926, 0.2879664526411716, 0.18390791084921787, 0.2765773466591812], [0.14067481310848734, 0.2884193943412687, 0.4160408066916267, 0.15486498585861716], [0.24403986156188898, 0.3289462106086239, 0.14116062497502246, 0.28585330285446475], [0.18022235206504947, 0.2838753493707031, 0.26067116500260085, 0.2752311335616466], [0.12824998300451163, 0.2767843666942907, 0.3603792886988752, 0.2345863616023223], [0.3021491647777823, 0.2672558609746859, 0.11427454420938796, 0.31632043003814364], [0.2680505694648394, 0.3019143831087527, 0.12881150329462046, 0.3012235441317876], [0.31157451652200613, 0.24610507249958602, 0.13655285288204913, 0.30576755809635847], [0.24609427255682645, 0.29061353551662494, 0.19731449117398145, 0.26597770075256755], [0.2470188778073334, 0.2857782416025558, 0.25562252761299376, 0.21158035297711703], [0.2141095066252446, 0.2907480365763817, 0.2270744652612455, 0.2680679915371283], [0.29264890005622884, 0.28075977716041334, 0.0907711130441625, 0.33582020973919513], [0.2554165336990657, 0.33838122328220693, 0.14833944398937526, 0.2578627990293521], [0.2997364860035803, 0.3043737901053844, 0.046095288792304095, 0.34979443509873126], [0.23964128880115934, 0.3136878852975186, 0.20200553171900806, 0.24466529418231422], [0.2713519710733133, 0.3139964714540177, 0.1407407219437089, 0.27391083552895984], [0.29601531425809474, 0.27053528677418087, 0.10762724762742924, 0.3258221513402955], [0.26605213474864664, 0.33113785523681516, 0.1374892043887591, 0.26532080562577937], [0.14510906610702434, 0.27357281760507735, 0.2970704506392239, 0.28424766564867426], [0.2894669636587243, 0.2918934516532595, 0.11064540051388735, 0.30799418417412894], [0.2803307555394141, 0.2819670686774918, 0.09010267837754375, 0.3475994974055506], [0.30836826570161446, 0.28732412913753824, 0.10327091173605252, 0.3010366934247948], [0.2921398388031955, 0.2900707644362984, 0.1016190820328634, 0.3161703147276428], [0.23873642601747125, 0.26941174662954054, 0.2096503111352954, 0.28220151621769296], [0.19549056775012164, 0.28334484787469383, 0.2842714852575285, 0.2368930991176562], [0.2843176736536959, 0.30143959733288467, 0.09811724019737827, 0.31612548881604136], [0.26019239562062557, 0.32683562339250966, 0.16627321552635174, 0.246698765460513], [0.2765142484042198, 0.28643017459409453, 0.13671873737315707, 0.3003368396285286], [0.22802362939560109, 0.33085684318442826, 0.19344045301111057, 0.24767907440885986], [0.27768117246081625, 0.2952273300965895, 0.07923615164934344, 0.347855345793251], [0.2615648374295336, 0.2637825367885245, 0.11303247346093617, 0.361620152321006], [0.3133021761513528, 0.3300813578627134, 0.10767726368135748, 0.24893920230457622], [0.16323019538094963, 0.2573648436754995, 0.2962539639520894, 0.2831509969914618], [0.15123041328179404, 0.3014802967915595, 0.26298085593025844, 0.28430843399638794], [0.2596771543296426, 0.2852707702597911, 0.16070542413739466, 0.2943466512731718], [0.21992107369638425, 0.2654566911820629, 0.15304513122363508, 0.3615771038979182], [0.3084582929165886, 0.31378194121483555, 0.09614662244285184, 0.2816131434257236], [0.2848665840298389, 0.2984152301732162, 0.18382617889073938, 0.23289200690620546], [0.17996362865877763, 0.2933585342734647, 0.31379683103660627, 0.21288100603115134], [0.30675864569746975, 0.2615045111114154, 0.08018019912111686, 0.351556644069998], [0.12418116162560773, 0.2636331710337144, 0.33234107946536634, 0.2798445878753115], [0.2923568646418779, 0.2848058789284297, 0.05330627030129674, 0.3695309861283956], [0.26097433414778526, 0.2832213360240701, 0.12505612309069034, 0.3307482067374543], [0.2654813280934703, 0.29372693091760027, 0.09536309159099468, 0.3454286493979345], [0.27605471594804143, 0.3028465618399253, 0.15856992170035497, 0.262528800511678], [0.23299524211104355, 0.329938266784312, 0.2347897056548744, 0.20227678544976996], [0.29612204229369365, 0.28046244681486887, 0.06373730411599032, 0.3596782067754473], [0.25684861740151393, 0.2908130314467551, 0.20680554108011573, 0.24553281007161493], [0.2905215570720306, 0.3006996708751133, 0.07888176832288002, 0.32989700372997627], [0.18918144401310696, 0.25898302856137906, 0.31493420513880194, 0.23690132228671198], [0.1640447100874236, 0.39005295618371405, 0.17934605392717198, 0.2665562798016901], [0.267777706572338, 0.2905198218773598, 0.12647539365042584, 0.3152270778998764], [0.25346073732478386, 0.27078015826845603, 0.16489781092065953, 0.31086129348610053], [0.30614531850275145, 0.28227621468267067, 0.08130102343472902, 0.3302774433798487], [0.2943750481159598, 0.32838321798152664, 0.10085236940130458, 0.2763893645012088], [0.13416725909279914, 0.26578713216894373, 0.3218136138074171, 0.27823199493084], [0.17941857448619672, 0.251740680444063, 0.3350812505771275, 0.23375949449261246], [0.2727697062235454, 0.3030701483784859, 0.10363941593315057, 0.32052072946481797], [0.2845842801415017, 0.35338591784870604, 0.08444116513500796, 0.27758863687478424], [0.2585135672143478, 0.30691128067543416, 0.18964080193511476, 0.24493435017510343], [0.2970462199888169, 0.26279061418039307, 0.12367064084458246, 0.31649252498620756], [0.24409678169552057, 0.2609752760274579, 0.26612251474002085, 0.22880542753700092], [0.2269499086123339, 0.284311617885133, 0.1745295516871976, 0.3142089218153353], [0.268296492206946, 0.2884813845177595, 0.149018336354004, 0.29420378692129034], [0.2533357613062286, 0.2312098607049333, 0.18373526957470615, 0.3317191084141317], [0.28435767948157936, 0.3098043066236654, 0.09929088672935907, 0.30654712716539584], [0.27268782172721706, 0.2705983808088396, 0.16979729476333932, 0.2869165027006043], [0.25373080237792717, 0.29523618218287584, 0.11791511886246779, 0.33311789657672924], [0.19886728720279084, 0.352929178264494, 0.208266400583427, 0.23993713394928814], [0.20418241662162606, 0.2737404705681942, 0.19893595618315107, 0.32314115662702836], [0.2930408771818872, 0.31214562195375356, 0.10966514608513542, 0.28514835477922373], [0.2702511351306633, 0.354900664649488, 0.08700235163649069, 0.28784584858335777], [0.2573112302730979, 0.2691455536566106, 0.1672678983546672, 0.3062753177156245], [0.28728074007351334, 0.2747245453449936, 0.09688629757733126, 0.3411084170041617], [0.3026564463605067, 0.2976701969509917, 0.1025715589962655, 0.2971017976922359], [0.2852568847117705, 0.3203118788972889, 0.1078261702932141, 0.2866050660977264], [0.22991578102793844, 0.2892399289107183, 0.17351996733621539, 0.30732432272512805], [0.26608531231594845, 0.28730905817415014, 0.15155717883226721, 0.2950484506776342], [0.2275861118975153, 0.28458292961876225, 0.15752803257752376, 0.3303029259061989], [0.2945450838516798, 0.27544403690744573, 0.11427477973077832, 0.3157360995100959], [0.31316150289765526, 0.263596652703728, 0.10937767643734393, 0.3138641679612726], [0.21465514988063986, 0.29067529308519313, 0.17511736552830964, 0.31955219150585734], [0.2651168899492681, 0.3039483784853192, 0.17111669783084507, 0.25981803373456747], [0.28596041695050356, 0.2956626835867968, 0.07521968935427617, 0.34315721010842376], [0.2869261575387103, 0.30186220492546534, 0.07549996991577458, 0.3357116676200498], [0.23678054598621853, 0.2929675035777859, 0.1878974447648153, 0.2823545056711804], [0.23716975069843677, 0.27797193057738284, 0.15880480633560176, 0.3260535123885788], [0.13549122292789392, 0.3256397059096285, 0.32297705990752523, 0.21589201125495258], [0.12488927189695698, 0.3052900599503131, 0.3646325825133663, 0.20518808563936378], [0.23111989152318246, 0.31711367810659624, 0.17245195764670834, 0.27931447272351284], [0.2779080793129859, 0.3197257405892161, 0.12846550669781684, 0.273900673399981], [0.273547791461284, 0.29993742222783853, 0.10343420498244367, 0.32308058132843365], [0.2931765852920554, 0.3187240765319715, 0.11486347110168837, 0.27323586707428466], [0.1897269866334472, 0.27739403228882803, 0.2378740380569474, 0.2950049430207775], [0.2954710898376388, 0.2568106879900316, 0.04647437955713669, 0.4012438426151931], [0.2215110475784658, 0.29345846423894956, 0.2294858092307799, 0.2555446789518048]]}}