{"test": {"ids": ["98107010", "109115070", "106119260", "108118520", "111116290", "109120621", "110115580", "99105921", "113119700", "99108890", "106115120", "97107681", "107115140", "105120280", "100108520", "99111000", "97105451", "103111480", "108114220", "103112470", "106117770", "99107300", "112119930", "100109890", "101121640", "98106111", "112121030", "110117110", "108113700", "108120280", "99112531", "99109311", "101112690", "105116980", "110113931", "102117351", "99108710", "100111390", "111117200", "105113330", "108113740", "111115770", "104111620", "105117351", "103113210", "109118231", "108120060", "99107640", "104109311", "104114240", "106116850", "102111990", "108121351", "107114321", "98106680", "102110500", "110120700", "107113840", "104113000", "111120320", "103113610", "111119580", "112121010", "102109010", "102110750", "106114150", "99117630", "112118550", "110118630", "110116290", "112118161", "100116790", "108114670", "106113260", "110121500", "107114140", "106113360", "101119030", "103118291", "111116750", "108113620", "111120540", "111115620", "105116501", "111114941", "101108950", "113117401", "112120700", "112121430", "111119430", "101113210", "105118740", "113122320", "112117660", "110118810", "109119010", "100110050", "103117200", "111116640", "112119320", "99108580", "103113101", "107119390", "108118291", "105115250", "113118690", "106119580", "97107040", "99107950", "106116370", "98108520", "99111440", "108116120", "101112540", "107113260", "105113440", "101109000", "112117210", "109113931", "108115870", "107113360", "102114270", "97107950", "112119450", "113119300", "105121370", "106115250", "109119450", "105110091", "102110240", "108115570", "111116990", "103111990", "104118340", "102121440", "111114171", "106112770", "97112300", "102116500", "102107961", "113118810", "97113900"], "labels": [3, 0, 1, 0, 2, 1, 1, 1, 0, 0, 1, 3, 0, 3, 2, 2, 0, 0, 3, 1, 0, 3, 1, 3, 2, 0, 0, 0, 0, 3, 3, 1, 1, 0, 1, 1, 2, 2, 0, 3, 3, 3, 0, 0, 3, 1, 1, 1, 3, 0, 3, 2, 3, 0, 1, 3, 2, 3, 1, 1, 2, 3, 2, 1, 1, 1, 3, 3, 1, 2, 0, 2, 3, 3, 3, 2, 0, 3, 0, 3, 3, 1, 1, 1, 0, 2, 3, 2, 2, 3, 3, 1, 1, 0, 1, 3, 3, 0, 0, 1, 0, 3, 2, 3, 2, 3, 3, 2, 1, 2, 2, 3, 1, 2, 0, 0, 1, 1, 1, 3, 0, 3, 2, 3, 1, 2, 2, 3, 0, 3, 3, 0, 2, 2, 2, 3, 1, 2, 1, 3, 3, 2], "predicted_labels": [0, 1, 3, 0, 2, 3, 3, 1, 1, 1, 3, 1, 3, 1, 2, 3, 1, 1, 0, 1, 3, 0, 0, 3, 3, 2, 3, 1, 3, 3, 0, 1, 3, 3, 0, 1, 1, 1, 0, 0, 0, 0, 1, 1, 2, 1, 0, 1, 3, 0, 2, 1, 3, 1, 1, 3, 3, 1, 3, 3, 1, 3, 2, 1, 2, 3, 3, 0, 3, 0, 0, 1, 3, 1, 0, 2, 3, 3, 0, 0, 0, 1, 3, 1, 1, 3, 1, 1, 2, 3, 3, 2, 2, 0, 0, 3, 2, 1, 2, 1, 1, 1, 1, 0, 1, 3, 1, 2, 1, 0, 1, 0, 0, 1, 1, 1, 3, 3, 1, 3, 0, 1, 2, 0, 3, 1, 1, 0, 0, 0, 1, 0, 1, 3, 2, 3, 1, 3, 1, 3, 1, 0], "confidence_scores": [[0.6476617968134992, 0.0505862808535197, 0.2721052379805853, 0.02964668435239584], [0.05504452420536328, 0.920000416748223, 0.004171650119597228, 0.02078340892681656], [0.07737788127870221, 0.007989766805102395, 0.2731808521796704, 0.6414514997365249], [0.8060049543243116, 0.13542054710253312, 0.02892248709899554, 0.029652011474159887], [0.07149017126824118, 0.24220171859916312, 0.4297501702427382, 0.25655793988985753], [0.016193085723485327, 0.06129753064704869, 0.005831553377997478, 0.9166778302514685], [0.3064000402036848, 0.259168752636499, 0.08120783073413325, 0.35322337642568286], [0.015639726796777848, 0.958122573533558, 0.017364746955156076, 0.008872952714508081], [0.2754676497866189, 0.4647151695523276, 0.07502807819938398, 0.18478910246166957], [0.018136674596268828, 0.8215718720459032, 0.08662337667805713, 0.07366807667977088], [0.26643293440656307, 0.2392230430883648, 0.012144937435398722, 0.48219908506967346], [0.04510473077336449, 0.9227465918090922, 0.011391104667315065, 0.020757572750228298], [0.0663596315006592, 0.013690307392008579, 0.02142295014729722, 0.898527110960035], [0.379237768618579, 0.5753942801933748, 0.01641502600191591, 0.028952925186130383], [0.025501978867553086, 0.0039636133545101196, 0.9010957784881505, 0.06943862928978621], [0.0018848077592044513, 0.028533299949222355, 0.04581226984543598, 0.9237696224461371], [0.14026992902718716, 0.6865956982249987, 0.00889148214272663, 0.16424289060508757], [0.037868654730325704, 0.9239903926163138, 0.0016829483268933282, 0.03645800432646711], [0.5807342914436464, 0.3458873712020926, 0.010754348819044739, 0.06262398853521622], [0.19467902004441354, 0.3142721348904486, 0.2783415925993565, 0.21270725246578132], [0.3709439158411053, 0.05772896959398452, 0.1900688193403456, 0.3812582952245646], [0.6520929039783163, 0.015693834558013615, 0.009660241328023247, 0.32255302013564685], [0.8267117686019841, 0.012161353074319124, 0.13447174267513537, 0.026655135648561368], [0.06637386924597684, 0.08942344618594716, 0.14423579659605787, 0.6999668879720181], [0.00740993823823422, 0.25068201400438095, 0.007722708314165802, 0.7341853394432191], [0.1449979015957436, 0.3107639502526941, 0.4246400546024402, 0.11959809354912225], [0.32993797241872297, 0.02026113670120125, 0.2647954937428366, 0.3850053971372391], [0.042574309139735554, 0.8587809478912389, 0.07146490579400212, 0.027179837175023414], [0.022115262761499388, 0.43144848486385345, 0.020348034052958017, 0.5260882183216891], [0.20183029141100362, 0.04029996439123769, 0.038636916842223014, 0.7192328273555356], [0.8232866146729632, 0.02078953052319825, 0.03125360114892204, 0.12467025365491659], [0.12933953286091807, 0.7952192673123886, 0.023936750717983905, 0.05150444910870953], [0.35081367546063447, 0.020312828027568366, 0.016169831904149785, 0.6127036646076475], [0.1950050072359395, 0.2382537802510668, 0.0030531816292382716, 0.5636880308837554], [0.42214995462965815, 0.36007799138434055, 0.046768622909083984, 0.17100343107691737], [0.15385752352583695, 0.7318251515664094, 0.01119546024843475, 0.10312186465931898], [0.011463326817130037, 0.982233862512009, 0.002079909493740931, 0.0042229011771200455], [0.3001191106666279, 0.3127777419257478, 0.252668897514216, 0.1344342498934083], [0.8751028923430693, 0.041053611935857874, 0.01370820342091597, 0.07013529230015696], [0.5712504732134942, 0.15601728370830076, 0.00334388404062661, 0.26938835903757846], [0.8105464749803111, 0.05371577243830498, 0.06821351983346825, 0.06752423274791576], [0.42735087150543377, 0.24815541628830137, 0.020200910494484584, 0.30429280171178025], [0.31148226415630464, 0.5410314403335471, 0.016972621737731702, 0.13051367377241657], [0.11334457533704588, 0.5613736457719334, 0.07004544507153129, 0.2552363338194895], [0.011316039394929615, 0.23030091205349168, 0.5803652135910193, 0.17801783496055926], [0.018172436777775237, 0.9112343609815536, 0.06543566761870079, 0.005157534621970354], [0.7995851914596532, 0.1276699918010354, 0.03789675860735233, 0.034848058131959014], [0.2060681283122061, 0.6669313515443233, 0.048654387109364476, 0.07834613303410617], [0.12643338765761047, 0.01398181625217389, 0.08593178861976072, 0.773653007470455], [0.8835916423985747, 0.062002550925311914, 0.03226814919689186, 0.02213765747922158], [0.15183514278692148, 0.01386089574871109, 0.8307874155635814, 0.003516545900786149], [0.11830951759198853, 0.5112151228256829, 0.3285569802886661, 0.04191837929366244], [0.05098603331660713, 0.08860665083915324, 0.0467196536950437, 0.8136876621491959], [0.2009640383099692, 0.48103880506259333, 0.006127257398948435, 0.31186989922848907], [0.07831477720794668, 0.6807674781127935, 0.1403737536544369, 0.10054399102482309], [0.19228924708995743, 0.020405307630558527, 0.22142362464594165, 0.5658818206335423], [0.015999414513324723, 0.03146277679212219, 0.009779797911050525, 0.9427580107835026], [0.12759999161680408, 0.6811906380651771, 0.15465789291596183, 0.0365514774020569], [0.3858932970698278, 0.031240320446823313, 0.003651558756193042, 0.5792148237271558], [0.27763600581083203, 0.163937635835795, 0.12600889189577374, 0.4324174664575994], [0.0332418494633018, 0.4844770858217704, 0.4467192214836473, 0.035561843231280414], [0.15538495260846646, 0.1088960355762008, 0.02141952353731359, 0.7142994882780191], [0.24140108948048913, 0.13852227071912124, 0.5846900385165531, 0.035386601283836486], [0.20642869798903452, 0.3787279641295123, 0.18386790853788057, 0.2309754293435726], [0.017180912700684465, 0.19480065220764964, 0.7838083762109351, 0.00421005888073082], [0.1416926347732617, 0.09639745350538431, 0.17861175819243008, 0.583298153528924], [0.0718926243985494, 0.07611744128129153, 0.24959920943694303, 0.602390724883216], [0.5044870278070741, 0.2575396180126849, 0.01500492805052338, 0.22296842612971768], [0.1502305683087325, 0.06749725979990953, 0.10386682539620784, 0.67840534649515], [0.3588295756935608, 0.09229515966478881, 0.19480653114616098, 0.3540687334954894], [0.5485362592672527, 0.33068085211431314, 0.01362746634500668, 0.1071554222734276], [0.12793152716310047, 0.43883770723740767, 0.2870416333479604, 0.1461891322515314], [0.17352678135954938, 0.31135940781984367, 0.003710778133831872, 0.5114030326867751], [0.20037511536216093, 0.6596013413868894, 0.022217397456891868, 0.11780614579405772], [0.9152232003214799, 0.045211183862169727, 0.011125715536442912, 0.02843990027990735], [0.015629164598317327, 0.14157091710184647, 0.5160041102181696, 0.3267958080816667], [0.2278221999493778, 0.24856406708821774, 0.0021498615410840143, 0.5214638714213204], [0.018460278437556554, 0.007861082759233353, 0.03436549968349985, 0.9393131391197101], [0.6044328730574002, 0.35282946806573096, 0.03321000934898827, 0.009527649527880494], [0.9527534488690834, 0.004689971486161954, 0.010388116969237885, 0.03216846267551686], [0.5990048091734836, 0.367942176346831, 0.0026479414449133813, 0.03040507303477187], [0.3733362986644434, 0.5558929023566334, 0.0683827851816822, 0.0023880137972410245], [0.17020300920968623, 0.05537399241480851, 0.26203565089266345, 0.5123873474828418], [0.3309087044514008, 0.4040280062663184, 0.029532297536286597, 0.2355309917459943], [0.012685002134098972, 0.8738600641254426, 0.004312246766370823, 0.10914268697408765], [0.06900836298562711, 0.22890213403323936, 0.04113663760093533, 0.660952865380198], [0.030065795860267384, 0.8893231660042978, 0.002484199874966401, 0.07812683826046846], [0.04795757813451277, 0.5870399395824303, 0.08390903746252043, 0.28109344482053644], [0.13245590320586026, 0.033823621885188476, 0.6090962801993395, 0.22462419470961184], [0.017069468037138272, 0.15749706852456768, 0.029211739741855477, 0.7962217236964385], [0.035634619076976, 0.17655413322638785, 0.16740950450889686, 0.6204017431877393], [0.014213679131265186, 0.19237317197536766, 0.6888882371574155, 0.1045249117359516], [0.05389397398879768, 0.04909320871245011, 0.47109001369623904, 0.4259228036025133], [0.6105265780830037, 0.0910185014835524, 0.011260586472956972, 0.287194333960487], [0.7624291224698618, 0.2096247591972864, 0.017524031081890976, 0.01042208725096078], [0.04744917466862761, 0.061477726569670765, 0.1743656282095269, 0.7167074705521748], [0.02150681779914484, 0.29569113167210875, 0.4961307797458035, 0.18667127078294293], [0.046163561019533395, 0.9085645559377892, 0.010100513494921515, 0.03517136954775605], [0.16997747890322143, 0.20011521702517923, 0.46471142129406945, 0.16519588277753], [0.006238214773296674, 0.6021889920803153, 0.02921544906207479, 0.36235734408431325], [0.3132115542583605, 0.4949164795066039, 0.1131344701774899, 0.0787374960575456], [0.23095848937425795, 0.48841527580383537, 0.21746314240057368, 0.06316309242133301], [0.07032370403597707, 0.6619479163793104, 0.18302713832869277, 0.08470124125601991], [0.5771988900264304, 0.2614999536551173, 0.006730724069880412, 0.15457043224857198], [0.10248261147636391, 0.5116117080776829, 0.030596007112650116, 0.3553096733333031], [0.06570238160780888, 0.3290255310651874, 0.037745043071429334, 0.5675270442555743], [0.013131483527549472, 0.7878118959363458, 0.183803859302332, 0.015252761233772904], [0.035348192436121834, 0.14683154453867434, 0.6459099444083333, 0.1719103186168706], [0.013643117102364365, 0.8714189027402853, 0.09638319568917181, 0.0185547844681785], [0.5005829953435414, 0.07432340943823239, 0.0349485544018321, 0.39014504081639406], [0.0549147657694524, 0.783476642118148, 0.15544989837677062, 0.006158693735629078], [0.4995682975878265, 0.05215421196619406, 0.006092168248306105, 0.4421853221976734], [0.4982402183434298, 0.16064240344484024, 0.2649595622130014, 0.07615781599872852], [0.044974781951656245, 0.7374092230370509, 0.027608615528887222, 0.1900073794824056], [0.029167832139410592, 0.7029973861646025, 0.03635583521192282, 0.23147894648406403], [0.04024188933621564, 0.6199420211241818, 0.2398865979702784, 0.09992949156932411], [0.09247451004492628, 0.3776397678401377, 0.019150835614845093, 0.5107348865000909], [0.0026708002377488532, 0.11593571859005852, 0.2687016240350804, 0.6126918571371122], [0.23109576302218407, 0.28159880131648835, 0.2467476689786651, 0.24055776668266254], [0.35130957644430716, 0.021372813030571692, 0.017825837038804408, 0.6094917734863167], [0.6663607573719982, 0.13225710454187398, 0.0622767343339035, 0.13910540375222444], [0.012756181245312559, 0.5943870226122799, 0.23543649262427524, 0.1574203035181322], [0.12125034521315213, 0.029755514024644783, 0.5528166655955181, 0.2961774751666849], [0.9437658435192835, 0.02707886271872309, 0.001632941688035507, 0.02752235207395779], [0.18380431722839002, 0.025009676895100696, 0.006482983857254612, 0.7847030220192546], [0.004174760043366121, 0.9462631852170083, 0.014228164103322458, 0.03533389063630313], [0.17089132303694848, 0.7324301431069387, 0.07925788792999686, 0.01742064592611588], [0.6424656971958478, 0.14115564760274102, 0.0595483652695629, 0.15683028993184836], [0.8646123846018712, 0.04772742969395487, 0.016381884560871106, 0.07127830114330282], [0.6206066931044375, 0.3124374960743979, 0.046757265024866324, 0.020198545796298383], [0.046703688753527296, 0.5869843279515009, 0.3149095102434912, 0.05140247305148067], [0.8522059789144821, 0.028111295245955736, 0.04326258752407972, 0.07642013831548233], [0.036113334112584786, 0.7346845136755873, 0.1466450545281576, 0.08255709768367042], [0.3272349592905405, 0.16167891580163976, 0.12477526402405197, 0.3863108608837678], [0.20572873274874875, 0.15087496343481752, 0.39726722800080816, 0.24612907581562557], [0.3282125033259854, 0.1569528854010699, 0.053708973104679314, 0.46112563816826535], [0.14660351735458965, 0.34875383706915924, 0.20191115862164888, 0.3027314869546023], [0.11759737066187272, 0.18388437253943693, 0.16565552237427464, 0.5328627344244157], [0.12230235920672491, 0.6864690512708764, 0.11899184871555665, 0.07223674080684185], [0.11810690844560245, 0.01552273064373197, 0.08114944854300403, 0.7852209123676617], [0.04584065428833009, 0.4857255956729808, 0.3829366072286937, 0.08549714280999542], [0.7135676124863928, 0.11045408297998553, 0.13595364411048075, 0.04002466042314087]]}, "rewritten": {"ids": ["97105451", "97107040", "97107681", "97107950", "97112300", "97113900", "98106111", "98106680", "98107010", "98108520", "99105921", "99107300", "99107640", "99107950", "99108580", "99108710", "99108890", "99109311", "99111000", "99111440", "99112531", "99117630", "100108520", "100109890", "100110050", "100111390", "100116790", "101108950", "101109000", "101112540", "101112690", "101113210", "101119030", "101121640", "102107961", "102109010", "102110240", "102110500", "102110750", "102111990", "102114270", "102116500", "102117351", "102121440", "103111480", "103111990", "103112470", "103113101", "103113210", "103113610", "103117200", "103118291", "104109311", "104111620", "104113000", "104114240", "104118340", "105110091", "105113330", "105113440", "105115250", "105116501", "105116980", "105117351", "105118740", "105120280", "105121370", "106112770", "106113260", "106113360", "106114150", "106115120", "106115250", "106116370", "106116850", "106117770", "106119260", "106119580", "107113260", "107113360", "107113840", "107114140", "107114321", "107115140", "107119390", "108113620", "108113700", "108113740", "108114220", "108114670", "108115570", "108115870", "108116120", "108118291", "108118520", "108120060", "108120280", "108121351", "109113931", "109115070", "109118231", "109119010", "109119450", "109120621", "110113931", "110115580", "110116290", "110117110", "110118630", "110118810", "110120700", "110121500", "111114171", "111114941", "111115620", "111115770", "111116290", "111116640", "111116750", "111116990", "111117200", "111119430", "111119580", "111120320", "111120540", "112117210", "112117660", "112118161", "112118550", "112119320", "112119450", "112119930", "112120700", "112121010", "112121030", "112121430", "113117401", "113118690", "113118810", "113119300", "113119700", "113122320"], "labels": [0, 2, 3, 2, 2, 2, 0, 1, 3, 2, 1, 3, 1, 1, 0, 2, 0, 1, 2, 3, 3, 3, 2, 3, 3, 2, 2, 2, 1, 2, 1, 3, 3, 2, 3, 1, 3, 3, 1, 2, 3, 1, 1, 2, 0, 2, 1, 3, 3, 2, 0, 0, 3, 0, 1, 0, 2, 0, 3, 0, 2, 1, 0, 0, 1, 3, 2, 1, 3, 0, 1, 1, 2, 2, 3, 0, 1, 3, 0, 0, 3, 2, 0, 0, 2, 3, 0, 3, 3, 3, 3, 3, 1, 3, 0, 1, 3, 3, 1, 0, 1, 3, 3, 1, 1, 1, 2, 0, 1, 1, 2, 3, 3, 0, 1, 3, 2, 0, 3, 0, 0, 3, 3, 1, 1, 1, 0, 0, 3, 1, 3, 1, 2, 2, 0, 2, 3, 3, 3, 1, 0, 1], "predicted_labels": [1, 2, 1, 2, 3, 0, 3, 1, 0, 1, 1, 0, 1, 1, 0, 1, 1, 0, 3, 0, 3, 3, 2, 3, 2, 2, 2, 3, 1, 1, 3, 0, 3, 3, 1, 1, 1, 3, 2, 1, 1, 0, 1, 0, 1, 1, 3, 1, 2, 1, 1, 0, 3, 3, 3, 0, 3, 0, 1, 1, 3, 1, 3, 1, 2, 0, 1, 2, 1, 0, 3, 3, 1, 0, 2, 2, 3, 1, 1, 0, 1, 2, 1, 3, 1, 0, 3, 0, 1, 3, 1, 3, 0, 1, 0, 0, 3, 3, 2, 1, 1, 3, 0, 3, 3, 3, 3, 1, 3, 1, 3, 3, 0, 1, 3, 0, 1, 0, 0, 0, 0, 3, 3, 1, 0, 1, 0, 1, 0, 1, 0, 0, 1, 2, 3, 1, 1, 1, 1, 3, 1, 3], "confidence_scores": [[0.02207420298249202, 0.9325700462594495, 0.002800421920714338, 0.04255532883734428], [0.07590818144293252, 0.12320917732379942, 0.5505655088447993, 0.2503171323884688], [0.04996738799269186, 0.8896558054732552, 0.027140523037322263, 0.03323628349673082], [0.08954784606290143, 0.019287540644724772, 0.8189554839302138, 0.07220912936215991], [0.026440398790053287, 0.03183054523818919, 0.07736541838737945, 0.8643636375843782], [0.7567837386114542, 0.11376684818668795, 0.03557400973604921, 0.09387540346580862], [0.02748067304184763, 0.16552166629375928, 0.08345861444424113, 0.7235390462201521], [0.04846323080851533, 0.5117069028615757, 0.39269939035626095, 0.04713047597364788], [0.8286967646466838, 0.03265958753499488, 0.07419626431020261, 0.06444738350811881], [0.03478983197005038, 0.9096303678662148, 0.0495394012944594, 0.0060403988692756694], [0.01897487310928046, 0.9267071924818341, 0.037110924307603196, 0.017207010101282224], [0.6464708549658905, 0.004404023144479717, 0.002738437194476141, 0.3463866846951537], [0.3232564653231855, 0.4834392286718512, 0.03479849743681554, 0.15850580856814797], [0.014243565708926832, 0.5442627042544037, 0.36848698197185853, 0.0730067480648109], [0.42395564635706057, 0.32478335427415345, 0.1400746215642387, 0.11118637780454735], [0.04040789380718253, 0.8724196896168415, 0.02907444284150204, 0.05809797373447386], [0.005144427863941333, 0.6759692443407711, 0.3086778455788249, 0.01020848221646259], [0.5716737850699648, 0.36865841682343614, 0.0022236631934518256, 0.05744413491314729], [0.013233163498933668, 0.037479467455055225, 0.18702622808365577, 0.7622611409623554], [0.7958993264526137, 0.004322913025518887, 0.02050635874767966, 0.17927140177418793], [0.3813811523764789, 0.015432593446115335, 0.023336288143341297, 0.5798499660340646], [0.03213379673215522, 0.08324085867051721, 0.28087705097451626, 0.6037482936228113], [0.07099574232944796, 0.22013973815980922, 0.4528059872351241, 0.2560585322756187], [0.06626995444916679, 0.013784346777654754, 0.45100756614139376, 0.4689381326317847], [0.031162010866593377, 0.1686919052236222, 0.7087860227247323, 0.09136006118505213], [0.2735899334586746, 0.15111043919856654, 0.40575509200727944, 0.16954453533547942], [0.2868055634184677, 0.1675620713072695, 0.3194106439294437, 0.2262217213448192], [0.10020531127785402, 0.11538502105700962, 0.05677666576899162, 0.7276330018961447], [0.08517623262492785, 0.5266673663035252, 0.01638142304678499, 0.37177497802476195], [0.07982312570214124, 0.5213183413561268, 0.08048582606667902, 0.3183727068750529], [0.28564709651572334, 0.033830090640924605, 0.03232849630539198, 0.6481943165379601], [0.4996318302371118, 0.25498405437145805, 0.13659097625975777, 0.10879313913167249], [0.02806947823956526, 0.002960537602131586, 0.054124809621816816, 0.9148451745364864], [0.010661270418307054, 0.37685456070045686, 0.006669547068263781, 0.6058146218129723], [0.1613900605010463, 0.4103036172156958, 0.2360525899150503, 0.1922537323682076], [0.10788038156934832, 0.5970808653613789, 0.10445809188535574, 0.19058066118391698], [0.3641092557754271, 0.44360786443575984, 0.022292582344428578, 0.16999029744438432], [0.09949910419864044, 0.025757735887466354, 0.05833968655657716, 0.816403473357316], [0.014336517928566743, 0.140978259247422, 0.8420654858406914, 0.0026197369833199243], [0.24540567875455568, 0.565637918865025, 0.15075325425749272, 0.038203148122926626], [0.00811101015049814, 0.6854407412244992, 0.17094435500407515, 0.13550389362092743], [0.8320050549846947, 0.037608436552997525, 0.1088000855006083, 0.021586422961699363], [0.09480901342540943, 0.8217324020111736, 0.012287718953159187, 0.07117086561025777], [0.44494781599864486, 0.12648035008821693, 0.2591171551763111, 0.16945467873682715], [0.04919942865865628, 0.9292668168444363, 0.002165717819958748, 0.019368036676948544], [0.0033024848906749046, 0.9276628790741592, 0.05694282163073591, 0.012091814404429971], [0.05528559886878747, 0.31110392746929655, 0.1121377648937274, 0.5214727087681885], [0.044198428877853316, 0.6513481435418467, 0.0922508175109037, 0.21220261006939634], [0.06240411754609111, 0.21329881796176678, 0.7043451127957798, 0.019951951696362373], [0.025020890992553436, 0.6751633176121284, 0.25643871752596886, 0.04337707386934925], [0.012856570255851687, 0.9533405861167243, 0.005424936471484021, 0.028377907155940123], [0.5340512658318565, 0.362293248672949, 0.07000887176088859, 0.033646613734306], [0.11709610025513346, 0.047468044903402236, 0.030808778690021698, 0.8046270761514427], [0.22125364110964085, 0.008437619989675587, 0.0018262199827069922, 0.7684825189179766], [0.2781301713793892, 0.018238188028036072, 0.0035817517876483946, 0.7000498888049264], [0.6522568786876377, 0.23239530195185196, 0.058629390574902046, 0.056718428785608184], [0.22122153979653789, 0.034149076274559945, 0.03608686433424602, 0.7085425195946562], [0.9578576394177247, 0.01418500569702007, 0.010825392631601958, 0.017131962253653373], [0.36451699579159297, 0.4460767395585795, 0.01579850880069167, 0.17360775584913582], [0.010336849372374054, 0.9641068910681893, 0.011057147989917686, 0.0144991115695188], [0.1302788486480679, 0.26806161656338723, 0.026899990798854127, 0.5747595439896906], [0.2147497127629757, 0.6750976875795794, 0.0068821261809857565, 0.10327047347645905], [0.10249909864765645, 0.10749131161156775, 0.001286854608630502, 0.7887227351321453], [0.06422427061518876, 0.5998896594734322, 0.03161368012223662, 0.3042723897891424], [0.040091822876177435, 0.32103273842717794, 0.6191982666069794, 0.019677172089665254], [0.752232488050898, 0.22956651730821864, 0.015069609903538228, 0.0031313847373449894], [0.051332258860250495, 0.922546964709343, 0.009206843601449147, 0.01691393282895715], [0.3005578756402111, 0.10901439699492449, 0.5716996915306154, 0.018728035834249143], [0.29624789793318845, 0.4891906494597802, 0.03864149223811971, 0.1759199603689116], [0.6632885059285862, 0.24605383523776445, 0.02214922850069621, 0.06850843033295306], [0.18376379817018373, 0.1284929321302906, 0.07323858305960765, 0.614504686639918], [0.23848863751535704, 0.2416422851482177, 0.015934870858229675, 0.5039342064781955], [0.0699184085595539, 0.8817074350437706, 0.03200423623308503, 0.01636992016359041], [0.5766778705429252, 0.016917806170903753, 0.010083003956207008, 0.396321319329964], [0.015612562682209575, 0.011273124912989126, 0.9674572620519181, 0.005657050352883399], [0.39103088513442713, 0.0822380122418889, 0.43877901378136414, 0.08795208884231974], [0.12790708428890218, 0.012238670015693351, 0.4285313936373035, 0.431322852058101], [0.0022638126531777498, 0.9944801582469299, 0.0027599192968731775, 0.0004961098030191147], [0.0138440509488375, 0.7316908331199903, 0.008566575232833332, 0.245898540698339], [0.646247728733472, 0.14016568086380565, 0.1348679942404416, 0.07871859616228064], [0.19542610756177947, 0.7623064064778056, 0.012436105917295326, 0.029831380043119703], [0.006392478673200564, 0.3513630175083517, 0.5662098111114436, 0.07603469270700412], [0.19904630735129847, 0.5944123018462606, 0.0017809249478519952, 0.20476046585458887], [0.03140237556976389, 0.003884126869807964, 0.023328766380482455, 0.9413847311799456], [0.04546380781430031, 0.8158702383971517, 0.09691518752181046, 0.04175076626673763], [0.765906484792715, 0.17635864466187243, 0.0030011010785458117, 0.05473376946686678], [0.014689490014910966, 0.21831871885939683, 0.09395356288457082, 0.6730382282411214], [0.7539622709589812, 0.15109820828037301, 0.06131443091133287, 0.03362508984931283], [0.29467986596600015, 0.43776742593038215, 0.01969647690362733, 0.24785623119999034], [0.29567896286914047, 0.32791409937427046, 0.007673578404668587, 0.3687333593519206], [0.014924778847229854, 0.5506163264927066, 0.36928925318850003, 0.06516964147156352], [0.32416715076303976, 0.03182695599386332, 0.03153347641178994, 0.6124724168313072], [0.6050940926266487, 0.049108571471432806, 0.29880550452716426, 0.046991831374754184], [0.09860977571853145, 0.8867680777503588, 0.0003347688341893531, 0.014287377696920227], [0.5869338464089174, 0.25930065556795895, 0.051071822511675566, 0.102693675511448], [0.6550635522829259, 0.30617135128666934, 0.027737167601059102, 0.011027928829345796], [0.1497868568548676, 0.05677986046423107, 0.03755811479536793, 0.7558751678855333], [0.04234824560515081, 0.4333044558521728, 0.02935412981211272, 0.49499316873056365], [0.09011650919130916, 0.2734394254545405, 0.4252865787627478, 0.21115748659140257], [0.058541012214182044, 0.8437974684563316, 0.016161549154143695, 0.08149997017534256], [0.02514400313707847, 0.9230662950010216, 0.04717968996859414, 0.004610011893306001], [0.016092916147005677, 0.010152701179647802, 0.30405566725117494, 0.6696987154221715], [0.39237591752735906, 0.08171078479099768, 0.3849755083572441, 0.14093778932439932], [0.015441844346512117, 0.0069252381671592545, 0.010641785030313291, 0.9669911324560153], [0.3153256696244555, 0.19450502848098494, 0.01242846379282159, 0.4777408381017379], [0.05558068054108975, 0.26371497105198155, 0.11617696674298936, 0.5645273816639393], [0.2241329474376694, 0.31169703011510547, 0.08469653778465183, 0.3794734846625732], [0.027668640192781136, 0.9585979870775639, 0.008535761825530475, 0.005197610904124431], [0.2872513267851079, 0.06841961534754519, 0.032830257853482904, 0.611498800013864], [0.3989782772173164, 0.4810288905902667, 0.08886093877809335, 0.031131893414323722], [0.05614587513253677, 0.12146850076855824, 0.01568624072314187, 0.8066993833757631], [0.1388575019610298, 0.33777447499278457, 0.0250395005274534, 0.4983285225187323], [0.9398500921177385, 0.019885926223167205, 0.0013160066475257084, 0.03894797501156876], [0.04452707335783589, 0.7773661700925674, 0.01935594180015896, 0.1587508147494378], [0.10162757928901753, 0.031137504779422193, 0.4247429520098903, 0.44249196392167006], [0.5899337848150963, 0.10117994416854549, 0.021756142312097264, 0.28713012870426097], [0.11022486779229673, 0.571391524141148, 0.14664192963638975, 0.17174167843016552], [0.4635660320013939, 0.27159215131436865, 0.16980220005056657, 0.09503961663367079], [0.9567489581821563, 0.016581208382965104, 0.009012000430570434, 0.01765783300430807], [0.4441857143976563, 0.23222453253751002, 0.21151658231232826, 0.1120731707525056], [0.8189961122370278, 0.09836259755356268, 0.039242906705212015, 0.043398383504197495], [0.01618678889456788, 0.3259789706263238, 0.03742588786539032, 0.6204083526137181], [0.11882293462016233, 0.018318924017913806, 0.01345797202055618, 0.8494001693413678], [0.05216043478999566, 0.7296870665368361, 0.06258019612562173, 0.1555723025475464], [0.5698358021461151, 0.3687549342959101, 0.05610134928092576, 0.005307914277048985], [0.021428859398958243, 0.3675479924076145, 0.30021683409228184, 0.31080631410114545], [0.9051963192719302, 0.05268928076870377, 0.0017362430337221136, 0.040378156925644136], [0.13516797190711502, 0.8218201041061163, 0.014044062179697118, 0.0289678618070715], [0.4653776591291781, 0.4509282910455437, 0.0377115736153911, 0.045982476209886866], [0.002601605092091243, 0.6332548120155658, 0.04660125459047199, 0.3175423283018711], [0.9823435545022415, 0.004568912223614342, 0.0007685598897345427, 0.012318973384409633], [0.7463028738439694, 0.009041725064123306, 0.14569940492243302, 0.09895599616947412], [0.12035531629889601, 0.648507675835785, 0.08764338343498869, 0.1434936244303304], [0.0651215545236311, 0.16158138222871904, 0.7261809865515614, 0.04711607669608846], [0.17670260630668796, 0.0030611086938294534, 0.18712305388485712, 0.6331132311146255], [0.014466705495519802, 0.415317997505395, 0.38195739823646674, 0.18825789876261848], [0.004278567842335157, 0.8940292899088671, 0.0023352276089985574, 0.09935691463979918], [0.2421432384517086, 0.44833231674339, 0.013201453297701624, 0.2963229915071997], [0.009742664971332724, 0.8182406741774914, 0.0728039397811893, 0.09921272106998681], [0.028132950606733587, 0.002927120537579518, 0.0029692459904013292, 0.9659706828652855], [0.2846314220597557, 0.4819176714684828, 0.01684200457371184, 0.21660890189804957], [0.22994015007788696, 0.06062709084785453, 0.06369553692845649, 0.6457372221458021]]}}