{"test": {"ids": ["104113170", "112118930", "108114200", "99109910", "113118690", "99110050", "98113881", "102110240", "101116130", "102116500", "107113200", "106115250", "113118870", "101114990", "110121170", "108117360", "98109090", "112121430", "112117780", "113120280", "98111620", "98116500", "103110220", "111114171", "105115250", "98116090", "113120751", "112118890", "99108460", "106117650", "108115870", "110120540", "113119450", "109113281", "97107821", "97105451", "111121410", "112117660", "111116750", "97109080", "111121220", "111116040", "109120150", "108116120", "100120010", "105112260", "104114320", "98107380", "110116441", "100113370", "106115120", "97106600", "99107950", "110118181", "108115250", "107114780", "103109791", "111115770", "97106820", "110119891", "100109980", "113120830", "105121190", "106119580", "110121450", "113122220", "106114880", "103111830", "111119250", "102110850", "107113180", "99111620", "105112240", "113121190", "106119260", "99108310", "109117080", "112119120", "101117580", "113117630", "113118511", "100109890", "111116530", "104119290", "111116090", "113119700", "112116800", "105113190", "105120280", "109121640", "97106970", "112118810", "97112300", "113121950", "106113360", "112119580", "112118880", "107114110", "107119390", "112117030", "113121010", "113122230", "104114410", "109121351", "109116040", "98106111", "104110960", "102113210", "112116501", "106113260", "106118820", "97116500", "102112301", "99121440", "104111990", "110116290", "106113830", "102108621", "113119120", "112118581", "104111531", "109121410", "104113380", "102121700", "110115140", "112116451", "102118380", "109119340", "104116980", "103112641", "107116340", "111114121", "109114220", "99109161", "101108580", "99116500", "99109311", "113120780", "107117010", "111120220", "113117340", "106120290"], "labels": [3, 1, 0, 2, 3, 3, 3, 3, 2, 1, 0, 2, 0, 3, 2, 1, 1, 2, 0, 0, 3, 2, 2, 3, 2, 0, 1, 3, 0, 1, 3, 1, 3, 0, 2, 0, 0, 0, 3, 2, 3, 0, 2, 1, 0, 3, 2, 1, 3, 3, 1, 3, 1, 1, 1, 2, 3, 3, 1, 3, 1, 3, 2, 3, 3, 1, 0, 3, 1, 3, 3, 3, 1, 1, 1, 2, 1, 1, 3, 0, 1, 3, 3, 1, 3, 0, 0, 3, 3, 0, 2, 3, 2, 3, 0, 3, 1, 1, 2, 2, 2, 1, 1, 0, 0, 0, 2, 3, 3, 3, 3, 2, 1, 2, 2, 2, 1, 3, 3, 1, 0, 0, 1, 1, 0, 0, 1, 3, 1, 3, 3, 0, 3, 3, 0, 2, 1, 0, 1, 3, 2, 2], "predicted_labels": [1, 3, 1, 2, 3, 1, 1, 1, 1, 1, 3, 1, 1, 2, 0, 0, 3, 3, 3, 0, 1, 3, 1, 3, 1, 3, 0, 1, 3, 0, 3, 1, 1, 0, 0, 1, 1, 0, 0, 3, 3, 3, 2, 2, 3, 3, 1, 0, 3, 1, 0, 0, 1, 1, 3, 1, 3, 3, 0, 1, 0, 0, 3, 1, 1, 0, 1, 2, 0, 1, 1, 1, 1, 0, 3, 1, 1, 0, 3, 0, 1, 3, 1, 3, 0, 1, 3, 3, 1, 0, 2, 0, 3, 1, 3, 0, 0, 1, 1, 1, 1, 2, 2, 0, 1, 3, 3, 1, 3, 1, 1, 3, 3, 2, 1, 0, 0, 0, 1, 1, 1, 1, 3, 3, 0, 3, 1, 3, 3, 3, 3, 3, 0, 0, 0, 2, 1, 1, 3, 0, 3, 1], "confidence_scores": [[0.33725682819057573, 0.5086601743772649, 0.029120656378943243, 0.12496234105321627], [0.22348940262593975, 0.13466606021724348, 0.03950092823397598, 0.6023436089228408], [0.05024762466678806, 0.7473765945692218, 0.05968798881943553, 0.14268779194455453], [0.01802980655095884, 0.28856729328262287, 0.6715689826386875, 0.021833917527730784], [0.237040364773651, 0.16918745587830777, 0.031674145693418074, 0.5620980336546232], [0.25979478141829665, 0.5401321047216979, 0.06204117339615765, 0.1380319404638478], [0.20455493904062666, 0.2923115864189482, 0.23997366126430383, 0.2631598132761213], [0.2887507012140542, 0.6410057455114607, 0.01590245294875937, 0.054341100325725596], [0.1580124371881135, 0.7304375206438014, 0.07208579280924225, 0.039464249358842914], [0.2354142590652366, 0.43579637271990723, 0.15024749455160644, 0.17854187366324983], [0.21622585471734865, 0.0627971951305961, 0.01962319475021711, 0.7013537554018382], [0.1661137859184707, 0.5842275642456837, 0.1652698304730436, 0.08438881936280197], [0.014014434813732329, 0.9513226776595315, 0.0055129590959759524, 0.029149928430760204], [0.025189304892972213, 0.2855903967511163, 0.4463668716859009, 0.2428534266700107], [0.4694197208237771, 0.07014037799675078, 0.15884849333778542, 0.30159140784168675], [0.8321047213224814, 0.027200859916712984, 0.10042005239001425, 0.04027436637079144], [0.19916006613244017, 0.24561681126791465, 0.11887406171692008, 0.43634906088272507], [0.09317444053335117, 0.20831255245472527, 0.32450690178286506, 0.37400610522905847], [0.059769259725656575, 0.2108177332184445, 0.01052304829965335, 0.7188899587562455], [0.9636647796928222, 0.0005150727184869125, 0.0005052277371877524, 0.035314919851503236], [0.011779665080255844, 0.5369499330182017, 0.4410476041257494, 0.010222797775793109], [0.09867759650435155, 0.02282690149494481, 0.02204161291834013, 0.8564538890823635], [0.040658871011166484, 0.7699613350333954, 0.13831753881438721, 0.05106225514105099], [0.24564073158268912, 0.1170624072162839, 0.03987848495991668, 0.5974183762411103], [0.08187719134971667, 0.6313609870095733, 0.04303969998248976, 0.24372212165822035], [0.04602524987043636, 0.12874125181679436, 0.132203277486505, 0.6930302208262643], [0.6465310574479234, 0.0029379014117047147, 0.008193095313832497, 0.3423379458265395], [0.06777228800634942, 0.678461575555864, 0.1003290234947991, 0.15343711294298754], [0.1907381493418201, 0.08353289871846917, 0.18272189523617088, 0.5430070567035399], [0.594149970514916, 0.2830080649436315, 0.08316113268453054, 0.039680831856922026], [0.24679307265585823, 0.0685119833755168, 0.02398484863733725, 0.6607100953312878], [0.03122311249830494, 0.8551902240873851, 0.055175419500264236, 0.05841124391404559], [0.07364895633961749, 0.44020440012622775, 0.1355714380676061, 0.3505752054665486], [0.9546289065386061, 0.016627867667017567, 0.00645267735417643, 0.022290548440199818], [0.6319474934083333, 0.07970014959328081, 0.03937503490741171, 0.24897732209097417], [0.1272440608195546, 0.6970994535029275, 0.00939028839985672, 0.16626619727766118], [0.1135809895127491, 0.8756000947353872, 0.005167208820618013, 0.0056517069312456295], [0.585049745221769, 0.14103500654816203, 0.01975458414368445, 0.25416066408638455], [0.9527343550091785, 0.008943859362889295, 0.010452169113204414, 0.02786961651472781], [0.01812514458634235, 0.2598860942634962, 0.10294196424323213, 0.6190467969069293], [0.08993618439533102, 0.3468153534319592, 0.060921448580771545, 0.5023270135919382], [0.19537526293440205, 0.021044219999099816, 0.023434172620085802, 0.7601463444464123], [0.0732729774950483, 0.17741662976316777, 0.6441788785541158, 0.10513151418766811], [0.38573306381193406, 0.04812182782597371, 0.4218556764807557, 0.14428943188133656], [0.016880061187436755, 0.009436038278257182, 0.4268797925408586, 0.5468041079934475], [0.05032087383821972, 0.09438357922672314, 0.011682555585458906, 0.8436129913495983], [0.33598368859195155, 0.3754009044356628, 0.2820661352636051, 0.006549271708780507], [0.5379907866452381, 0.016448884050891715, 0.21069495255722823, 0.23486537674664174], [0.05497483780606073, 0.25707691778547076, 0.042116619327248965, 0.6458316250812196], [0.0927027018875889, 0.5167065593743901, 0.12145603973359285, 0.2691346990044282], [0.83615759708336, 0.026225157784343, 0.002646274930099489, 0.13497097020219764], [0.4753183478040113, 0.049743573393462956, 0.014656526055125104, 0.4602815527474007], [0.012226011267655696, 0.7225960882131421, 0.26359724476829816, 0.0015806557509039495], [0.29173866800623527, 0.44126096045565133, 0.2596587917561905, 0.00734157978192292], [0.13846959217728863, 0.12917163785256772, 0.10865774913529147, 0.6237010208348522], [0.015808714394196812, 0.6226173007314443, 0.27722639820396505, 0.08434758667039383], [0.20583400010649108, 0.09086527566880305, 0.31907489543971745, 0.38422582878498845], [0.3576420276734504, 0.1825938072872104, 0.009104782420218243, 0.4506593826191211], [0.5266383938304736, 0.2245286131484271, 0.07553645589848337, 0.17329653712261597], [0.22145666653040272, 0.7012081793255664, 0.007728085944266517, 0.06960706819976427], [0.3827436308581807, 0.2995537348230058, 0.10708642465146562, 0.210616209667348], [0.5947157240719496, 0.00576197985371149, 0.10577009872998008, 0.29375219734435887], [0.18491910895557315, 0.17583299701794505, 0.2771628171290417, 0.36208507689743996], [0.014194481552570335, 0.9293116241386004, 0.05259709938198026, 0.003896794926849064], [0.21095277163213036, 0.4270180321241752, 0.0002677016250808742, 0.36176149461861357], [0.5176455494423007, 0.4361990251895193, 0.002487208404795021, 0.043668216963385006], [0.35483077807393876, 0.4779307872311407, 0.14648773359580747, 0.020750701099113106], [0.025767926714770822, 0.1865049749402833, 0.4175267383346884, 0.37020036001025747], [0.7982202582515219, 0.044401706165024, 0.0047016390743405525, 0.15267639650911366], [0.007202095860610886, 0.901391954698363, 0.014894473500271663, 0.07651147594075436], [0.012690503387931257, 0.7080555920645515, 0.09427143112046302, 0.18498247342705432], [0.25580686135166436, 0.7064357170157586, 0.03605176023077297, 0.0017056614018042028], [0.059756801823686916, 0.8201076184284898, 0.07774620714309095, 0.04238937260473223], [0.48321557624029554, 0.18066160229301026, 0.12422893139575082, 0.21189389007094336], [0.015340907380519367, 0.005578886417785035, 0.2960919533018498, 0.6829882528998459], [0.09313115590879686, 0.7284784532019528, 0.16079125192949195, 0.01759913895975833], [0.0021074552592360483, 0.9818615176412798, 0.0025307225298420244, 0.01350030456964215], [0.8571535978291772, 0.06710266127659474, 0.0128371201112603, 0.0629066207829678], [0.09458109750748006, 0.014238277148958091, 0.018283614558257597, 0.8728970107853044], [0.7406525791622867, 0.006088181122841168, 0.030018741486976294, 0.2232404982278959], [0.2351664325974912, 0.6372830520058109, 0.061428460950826706, 0.06612205444587113], [0.035060080306347254, 0.3952825352319385, 0.05820238633950859, 0.5114549981222056], [0.025836191039024455, 0.8551387201115132, 0.005685484107793548, 0.1133396047416689], [0.3858351891754953, 0.09170058938600975, 0.11083621781566648, 0.4116280036228285], [0.7869405731925189, 0.0583919631473169, 0.002711069206347177, 0.15195639445381703], [0.2264237295386495, 0.6767005499462182, 0.05494020356377562, 0.0419355169513568], [0.06954526866785428, 0.15522366208696348, 0.07737921901961829, 0.697851850225564], [0.11771243945703297, 0.022550268790091622, 0.061205187663478586, 0.7985321040893969], [0.1995004206609037, 0.7716010058204207, 0.01643198180233078, 0.012466591716344863], [0.5587701526047193, 0.2988780284430313, 0.12109990582929747, 0.02125191312295202], [0.005704273239192472, 0.2385037527150002, 0.5398298502881771, 0.21596212375763016], [0.6947670282314989, 0.03210322261824356, 0.02109290655846492, 0.25203684259179276], [0.2533617189404619, 0.23603154537567492, 0.18022044559248618, 0.330386290091377], [0.30516997550928626, 0.4704717992454023, 0.09316295303220254, 0.13119527221310898], [0.1913776001266698, 0.12810664057346655, 0.013816978796466662, 0.6666987805033969], [0.9849216223672798, 0.0011314610789562901, 0.0041455930831398894, 0.00980132347062413], [0.6901392407586736, 0.14430289848562755, 0.08691027794105244, 0.07864758281464626], [0.2760789711207214, 0.5144943810707605, 0.041701017296760554, 0.16772563051175765], [0.03774094966245218, 0.65566525489936, 0.15015572318386758, 0.1564380722543202], [0.13078809669071587, 0.4258920001172445, 0.23965911103623358, 0.20366079215580607], [0.040647278817211786, 0.6069092444442205, 0.24349589938163246, 0.1089475773569352], [0.01934089009849138, 0.1962243563847274, 0.7741242678715604, 0.010310485645220746], [0.11427231973419313, 0.22128291784782106, 0.5021753971700321, 0.16226936524795357], [0.4333479371353933, 0.053833507013711826, 0.095239852526248, 0.41757870332464675], [0.16241362671132523, 0.533104551445673, 0.037922725826837554, 0.2665590960161642], [0.1024406357669533, 0.2326122826859136, 0.2589114323337072, 0.4060356492134258], [0.057131531776136904, 0.04790973472183801, 0.2377041677367114, 0.6572545657653137], [0.031340767640592994, 0.5031425626056856, 0.1825246452797345, 0.28299202447398686], [0.17625664451743103, 0.09716458833272372, 0.018333006303534072, 0.7082457608463112], [0.13568375150832754, 0.486083600027759, 0.05447259765035293, 0.3237600508135606], [0.020084530614887075, 0.9166009148060487, 0.007787336749782389, 0.05552721782928189], [0.1943327227828117, 0.2153542285585222, 0.1845016404232672, 0.40581140823539896], [0.15907266915564575, 0.06908091290919242, 0.04539342455744734, 0.7264529933777145], [0.020233771096390237, 0.07288002067483541, 0.8851278243485352, 0.0217583838802392], [0.0713414359970566, 0.7544647502026223, 0.13766012712981932, 0.036533686670501705], [0.5103106504575607, 0.13184958963689541, 0.1502837890677158, 0.20755597083782804], [0.651519027424266, 0.10411889672737011, 0.01807243407473479, 0.2262896417736291], [0.48949590589100733, 0.23749114545630848, 0.004604581870065588, 0.26840836678261865], [0.18621485645602484, 0.4620592935235565, 0.1263936191034522, 0.22533223091696641], [0.1086555194743771, 0.7645133744896239, 0.06584703000204825, 0.06098407603395084], [0.18752147434155894, 0.3410029140567526, 0.2158580796427801, 0.25561753195890835], [0.04579345251768169, 0.8368549918117583, 0.03562361497637433, 0.0817279406941857], [0.08229424375334811, 0.023181723244884413, 0.06242068955474991, 0.8321033434470176], [0.09454578923160573, 0.2188065960873929, 0.3372584148907228, 0.3493891997902786], [0.5430836364667354, 0.03880132183281106, 0.03514337902765101, 0.38297166267280264], [0.4386159570675689, 0.038555688116011275, 0.008461782196289234, 0.5143665726201306], [0.018338482320114462, 0.5832227641939509, 0.21038827383928888, 0.18805047964664579], [0.025484593372303514, 0.07967413069063159, 0.011924753304158157, 0.8829165226329067], [0.0005964725145055993, 0.06022146766352135, 0.03614137445084649, 0.9030406853711266], [0.3629101500302473, 0.14110558880824275, 0.04435379962879654, 0.4516304615327135], [0.04705446648676149, 0.2472809819249735, 0.1909390742009647, 0.5147254773873002], [0.30437440219953965, 0.33616411620197234, 0.008023338133106612, 0.35143814346538144], [0.6430055426540932, 0.10778980586399113, 0.008271422057308124, 0.24093322942460743], [0.6095404643918263, 0.17930135181093043, 0.1050828027868129, 0.1060753810104303], [0.8979422008146196, 0.007785200406434639, 0.07660904375224782, 0.01766355502669804], [0.002494977927075142, 0.26996887246700524, 0.4346496256257602, 0.2928865239801594], [0.2570151968759971, 0.6750502682186716, 0.021491395361569656, 0.04644313954376166], [0.24208962731992237, 0.5379135572512974, 0.025500685461949387, 0.19449612996683088], [0.052220359500905804, 0.19794146378242472, 0.14838774162906412, 0.6014504350876053], [0.7501023686022544, 0.1263754747963785, 0.07367367831868132, 0.049848478282685744], [0.1507456968243148, 0.19442555651302568, 0.01078678575469532, 0.6440419609079643], [0.005214831782682208, 0.951389926620355, 0.018255830704431094, 0.025139410892531584]]}, "rewritten": {"ids": ["97105451", "97106600", "97106820", "97106970", "97107821", "97109080", "97112300", "97116500", "98106111", "98107380", "98109090", "98111620", "98113881", "98116090", "98116500", "99107950", "99108310", "99108460", "99109161", "99109311", "99109910", "99110050", "99111620", "99116500", "99121440", "100109890", "100109980", "100113370", "100120010", "101108580", "101114990", "101116130", "101117580", "102108621", "102110240", "102110850", "102112301", "102113210", "102116500", "102118380", "102121700", "103109791", "103110220", "103111830", "103112641", "104110960", "104111531", "104111990", "104113170", "104113380", "104114320", "104114410", "104116980", "104119290", "105112240", "105112260", "105113190", "105115250", "105120280", "105121190", "106113260", "106113360", "106113830", "106114880", "106115120", "106115250", "106117650", "106118820", "106119260", "106119580", "106120290", "107113180", "107113200", "107114110", "107114780", "107116340", "107117010", "107119390", "108114200", "108115250", "108115870", "108116120", "108117360", "109113281", "109114220", "109116040", "109117080", "109119340", "109120150", "109121351", "109121410", "109121640", "110115140", "110116290", "110116441", "110118181", "110119891", "110120540", "110121170", "110121450", "111114121", "111114171", "111115770", "111116040", "111116090", "111116530", "111116750", "111119250", "111120220", "111121220", "111121410", "112116451", "112116501", "112116800", "112117030", "112117660", "112117780", "112118581", "112118810", "112118880", "112118890", "112118930", "112119120", "112119580", "112121430", "113117340", "113117630", "113118511", "113118690", "113118870", "113119120", "113119450", "113119700", "113120280", "113120751", "113120780", "113120830", "113121010", "113121190", "113121950", "113122220", "113122230"], "labels": [0, 3, 1, 2, 2, 2, 2, 2, 0, 1, 1, 3, 3, 0, 2, 1, 2, 0, 3, 1, 2, 3, 3, 2, 2, 3, 1, 3, 0, 0, 3, 2, 3, 3, 3, 3, 1, 3, 1, 1, 1, 3, 2, 3, 3, 2, 0, 2, 3, 1, 2, 1, 1, 1, 1, 3, 3, 2, 3, 2, 3, 0, 1, 0, 1, 2, 1, 3, 1, 3, 2, 3, 0, 1, 2, 3, 1, 2, 0, 1, 3, 1, 1, 0, 3, 0, 1, 3, 2, 0, 0, 0, 0, 2, 3, 1, 3, 1, 2, 3, 0, 3, 3, 0, 3, 3, 3, 1, 3, 3, 0, 0, 3, 0, 2, 0, 0, 1, 3, 1, 3, 1, 1, 3, 2, 2, 0, 1, 3, 0, 3, 3, 0, 0, 1, 0, 3, 2, 1, 3, 1, 1], "predicted_labels": [1, 0, 0, 2, 0, 3, 3, 3, 3, 3, 0, 1, 2, 3, 3, 1, 0, 3, 0, 0, 2, 0, 1, 2, 2, 3, 0, 1, 2, 0, 2, 1, 3, 1, 1, 1, 0, 1, 0, 1, 3, 2, 2, 2, 0, 2, 1, 1, 0, 0, 0, 2, 1, 0, 1, 3, 3, 1, 0, 0, 1, 0, 0, 1, 0, 1, 1, 1, 3, 1, 1, 1, 0, 0, 2, 3, 3, 1, 1, 3, 3, 2, 0, 0, 3, 1, 1, 3, 3, 0, 0, 0, 0, 0, 3, 1, 1, 1, 3, 3, 1, 0, 0, 0, 3, 1, 0, 0, 0, 3, 1, 0, 3, 1, 1, 0, 3, 1, 3, 0, 0, 3, 0, 0, 1, 1, 0, 3, 0, 1, 1, 1, 1, 0, 0, 1, 3, 1, 0, 1, 0, 1], "confidence_scores": [[0.047488581701337254, 0.8692229964301358, 0.007493516536518609, 0.07579490533200844], [0.6825692451682116, 0.0469433023611475, 0.02028312734458522, 0.2502043251260556], [0.5636463361754676, 0.12408663965468279, 0.10590872080718139, 0.20635830336266842], [0.006872880145071845, 0.21459499900258938, 0.5552893503740468, 0.22324277047829194], [0.613897895845352, 0.13409929665941686, 0.1269666093640718, 0.12503619813115924], [0.007965331368453404, 0.06735855024890695, 0.14952449369365461, 0.7751516246889851], [0.06876199423613293, 0.044547576860265135, 0.06490086057770168, 0.8217895683259002], [0.14853331817813872, 0.22543765691665904, 0.13483861254761717, 0.49119041235758515], [0.042620061473063894, 0.12742750195731484, 0.06463059866985718, 0.7653218378997642], [0.38154085190430037, 0.024168209476727424, 0.19580676390914606, 0.3984841747098262], [0.47013695595125843, 0.16884715872983924, 0.09512304985803448, 0.2658928354608678], [0.053675475489224474, 0.5992892354469804, 0.31511471007576825, 0.031920578988026756], [0.07205187045382562, 0.1485027059517368, 0.6469618079872934, 0.13248361560714408], [0.042362503226363896, 0.21499621783367032, 0.058363031988085574, 0.6842782469518803], [0.029425449463154438, 0.01783839964331667, 0.01112096765353429, 0.9416151832399946], [0.010067150355046494, 0.5109215768337159, 0.4708809092315784, 0.008130363579659293], [0.884632762987615, 0.06499762083116534, 0.008181048941956016, 0.04218856723926355], [0.06338252369339019, 0.20818594813962576, 0.1609567488787865, 0.5674747792881976], [0.5115631022517265, 0.24510113708083367, 0.11897701935659222, 0.12435874131084758], [0.7672690650416002, 0.19458577022950693, 0.00271689766608263, 0.03542826706281029], [0.02457741556376408, 0.09811382654680754, 0.8471857399546038, 0.03012301793482461], [0.7151247865433532, 0.19573365786841593, 0.01157442406206702, 0.07756713152616378], [0.3842685828462512, 0.4978591138180802, 0.11725357495554858, 0.0006187283801199627], [0.07069961139094308, 0.41997168871045315, 0.4899172942529351, 0.019411405645668733], [0.05084554780096612, 0.18853767083971276, 0.7321970094130217, 0.0284197719462995], [0.16989704377029827, 0.09181424870231494, 0.18374600160649204, 0.5545427059208947], [0.41922732324587725, 0.33505758435093735, 0.09787726230027755, 0.1478378301029079], [0.08336553131107238, 0.5790572598642784, 0.13431687641491896, 0.20326033240973035], [0.07250325013108565, 0.008545540768706896, 0.6647408751390539, 0.25421033396115356], [0.8474752908075218, 0.009219408119060541, 0.0669468238080542, 0.07635847726536342], [0.011883309634033909, 0.19402296820542353, 0.7090270753069988, 0.08506664685354372], [0.3521476945434852, 0.4938667932849072, 0.09127794737592963, 0.06270756479567789], [0.0213817401562, 0.03607934642361002, 0.016190693481058706, 0.9263482199391313], [0.014890288242278067, 0.8915556184420003, 0.0038041549626489936, 0.08974993835307252], [0.036270684288918366, 0.8725377757494647, 0.005655547339698319, 0.08553599262191848], [0.05913369608323297, 0.5390032028096883, 0.1628586940502823, 0.23900440705679651], [0.5853363342817693, 0.24167676069850005, 0.09656456151625546, 0.07642234350347517], [0.19181170317083063, 0.34451027021089586, 0.2859812380562279, 0.17769678856204568], [0.6253988952651488, 0.06855269456943418, 0.1933570413198469, 0.11269136884557014], [0.0381556761441098, 0.7107568405943907, 0.16333946729039542, 0.0877480159711042], [0.0946194712027584, 0.1754768721452986, 0.17039093782486014, 0.5595127188270828], [0.14712056061450388, 0.16989857487976015, 0.34440125812779804, 0.338579606377938], [0.2581086805022945, 0.1100619149099461, 0.38232466338191673, 0.24950474120584254], [0.05256768390716608, 0.2454727859905268, 0.5449329165431714, 0.1570266135591356], [0.44516079583949175, 0.25759964807579866, 0.04693860184968559, 0.2503009542350239], [0.011144380349698804, 0.13414211981272145, 0.6019753093439756, 0.2527381904936041], [0.15933250830385146, 0.42670310359905494, 0.16759630373355186, 0.24636808436354174], [0.05007569854563421, 0.7430423885609228, 0.15712233789530333, 0.04975957499813975], [0.4318518441522344, 0.25052169891502174, 0.06146402910949578, 0.2561624278232481], [0.4905485593944127, 0.17890366299961546, 0.08105474119220953, 0.24949303641376222], [0.4604100523259084, 0.42803282929320147, 0.10469209174585052, 0.006865026635039747], [0.1965602422572106, 0.19359875733655676, 0.4108304605880316, 0.19901053981820113], [0.004919279905162973, 0.6171047598622861, 0.09162830874241587, 0.286347651490135], [0.34685417700237525, 0.3135706789514682, 0.04850014303139533, 0.29107500101476125], [0.1589120830456383, 0.7561126777632302, 0.025595036821017478, 0.05938020237011391], [0.05569435175885853, 0.06709729453801315, 0.02774382824410662, 0.8494645254590217], [0.10070294221611918, 0.0946074512022656, 0.06642254038915095, 0.7382670661924644], [0.15110080547513882, 0.45056409263713304, 0.05961336197840448, 0.33872173990932375], [0.5974119487720655, 0.3344300969441497, 0.06387130532880371, 0.004286648954981186], [0.388053320091342, 0.19113133124456086, 0.23374702850541282, 0.18706832015868424], [0.252030500944167, 0.45169158465561826, 0.08894382302338741, 0.2073340913768274], [0.761548140213909, 0.15895760487941965, 0.03564397566719797, 0.043850279239473516], [0.7761791137627632, 0.02102462595040226, 0.08269199774609852, 0.12010426254073613], [0.16113762253924382, 0.590254394292924, 0.20472558758276835, 0.04388239558506391], [0.7958374717354754, 0.03364699057384575, 0.003342202467410198, 0.16717333522326874], [0.10530076911565929, 0.6321327197549633, 0.10628495960361704, 0.1562815515257604], [0.28359242813172925, 0.6183495217624053, 0.07592947569606977, 0.022128574409795716], [0.010885966223482245, 0.9077556239359752, 0.01965912276652371, 0.06169928707401881], [0.03688029403809989, 0.016127928290474883, 0.32836087604013803, 0.6186309016312872], [0.003932418024740851, 0.9919858956149985, 0.0034502457861432974, 0.0006314405741172568], [0.01314613107839545, 0.8937010319278751, 0.0235044899167231, 0.06964834707700639], [0.00708339416528982, 0.7008673687420779, 0.03578009987554202, 0.2562691372170903], [0.5673022825548645, 0.025207584074177464, 0.0028489354414875283, 0.40464119792947056], [0.5179610868322252, 0.3950183105726062, 0.023823235738299607, 0.06319736685686894], [0.015471048371409519, 0.17960777416737456, 0.4290408352803589, 0.37588034218085703], [0.03835966476732165, 0.2699475912049188, 0.15860188947960402, 0.5330908545481555], [0.13180904569800905, 0.31083024787531555, 0.05119461831833112, 0.5061660881083443], [0.038334339109603315, 0.6228731010303358, 0.1478787719519567, 0.19091378790810415], [0.03959757089583368, 0.7729167695255755, 0.03375748063567205, 0.15372817894291876], [0.07340778761783025, 0.02512885181148435, 0.1335976204762619, 0.7678657400944234], [0.209824095682661, 0.039231027677006806, 0.0382962389440441, 0.7126486376962882], [0.42692964784368687, 0.028474938228992365, 0.4549845250655366, 0.08961088886178425], [0.8774982914767001, 0.015728712280368717, 0.09788416269940893, 0.008888833543522144], [0.9193923197341407, 0.011576240070486587, 0.03540034384069528, 0.03363109635467727], [0.39047861087179897, 0.16957804055261938, 0.013883856518543307, 0.4260594920570384], [0.10843894228342497, 0.5237347432005811, 0.07211952281112476, 0.2957067917048691], [0.029599147765738267, 0.9464011446101918, 0.004087653484637797, 0.0199120541394322], [0.07538849035262206, 0.26017841582443174, 0.07169343416176607, 0.59273965966118], [0.21035308439697636, 0.24554143098554856, 0.17999140279642778, 0.3641140818210472], [0.8840953957425652, 0.028914255308335034, 0.006034008231246957, 0.08095634071785278], [0.6065762230079497, 0.024538144203007078, 0.0533919384529414, 0.3154936943361019], [0.7259369449579365, 0.11651349929303874, 0.14228270373977459, 0.01526685200925017], [0.48831694503572876, 0.11543901411998299, 0.07944323232399376, 0.3168008085202944], [0.40037499314806446, 0.21957838835000548, 0.10110121049325009, 0.27894540800868], [0.0006608483568997921, 0.043603614795710934, 0.004229494583544428, 0.9515060422638449], [0.03996417600162818, 0.878600221624293, 0.0645169175651068, 0.016918684808972146], [0.12460011612859938, 0.7930073222854844, 0.00963337255290557, 0.07275918903301071], [0.033138501493264805, 0.8742555691335935, 0.05160547033182297, 0.0410004590413189], [0.350195383733956, 0.023475384367367232, 0.09038771657108932, 0.5359415153275875], [0.36457760098361447, 0.2321415919387097, 0.00024242060005266896, 0.40303838647762324], [0.3258936327639856, 0.34824471429491016, 0.00790724356734865, 0.3179544093737556], [0.9283899108382929, 0.02134754584796321, 0.0011910476338450196, 0.049071495679898915], [0.5664830987502286, 0.2396746837460879, 0.03538336419580168, 0.15845885330788181], [0.5441811265929508, 0.04024725525405698, 0.07354508654791123, 0.34202653160508106], [0.2134314873379026, 0.05451757192025098, 0.0017089442631061614, 0.7303419964787402], [0.02127498258224018, 0.7758854879968694, 0.020414578575084698, 0.18242495084580554], [0.9592259723313, 0.01647345749725625, 0.011503714010602612, 0.01279685616084122], [0.9380058210500252, 0.0268484910009746, 0.005176896301330225, 0.029968791647670027], [0.760776524544346, 0.03425519278288962, 0.2027591231927309, 0.0022091594800335546], [0.11356306061963324, 0.31197104189724684, 0.060639776425393005, 0.513826121057727], [0.17557459453296104, 0.7782069342294822, 0.007782079710625674, 0.03843639152693111], [0.8460485809708657, 0.045780941846569945, 0.007589641127015183, 0.10058083605554913], [0.2874394948410163, 0.09045033024007564, 0.02394476471713935, 0.5981654102017687], [0.3231537108570686, 0.4263035153767978, 0.05546448634133973, 0.19507828742479386], [0.12585390880194405, 0.6291713304143463, 0.07767529611767791, 0.1672994646660317], [0.9231046735779962, 0.05138241651461711, 0.003907087308783509, 0.02160582259860315], [0.03162772531415722, 0.2979247533783629, 0.01998228385350704, 0.6504652374539729], [0.23562812370873262, 0.609963102143156, 0.03425728517405129, 0.12015148897406011], [0.12889319181847725, 0.005084606620439, 0.016960681424841036, 0.8490615201362427], [0.6372751183651604, 0.15834290868072406, 0.0872898482280715, 0.11709212472604419], [0.39522282622649846, 0.11320690863310386, 0.3429055610805396, 0.14866470405985807], [0.3771971611005359, 0.17509429289135212, 0.0054562052820010705, 0.4422523407261109], [0.855597586173544, 0.04535242289243984, 0.012728671396508275, 0.08632131953750784], [0.9799523370669734, 0.006770593902528548, 0.0046724251685372874, 0.008604643861960566], [0.003992778227138905, 0.9195559902540256, 0.045949674657056204, 0.030501556861779355], [0.04757384907846997, 0.4696911376299661, 0.013249944291382936, 0.46948506900018105], [0.7172707773723018, 0.022326535988699922, 0.029288921988616587, 0.23111376465038166], [0.3099568003102494, 0.11367177879905768, 0.11053711907601589, 0.46583430181467717], [0.4054025664222266, 0.30396804664422356, 0.007064462517749914, 0.2835649244158], [0.019543752821204227, 0.9764409637645147, 0.0020464592684722002, 0.0019688241458088716], [0.09007324556080312, 0.7023461559355819, 0.16151380196196483, 0.04606679654165005], [0.1136062440986896, 0.5599098772353748, 0.05469349925648886, 0.2717903794094468], [0.25310183359532, 0.46775222368260516, 0.020186433178897945, 0.2589595095431769], [0.9842848164478791, 0.00022271743016452806, 0.00044214849065299784, 0.015050317631303396], [0.6783506811724492, 0.008388633882093065, 0.04578043801990901, 0.26748024692554856], [0.10223442839932377, 0.5701294757432047, 0.07993664155003334, 0.24769945430743806], [0.3572615307169597, 0.0003328399660917149, 0.0927386590123681, 0.5496669703045804], [0.013703923411608677, 0.9009639435785461, 0.0631758175716872, 0.022156315438157985], [0.6183873065341726, 0.05577256314991457, 0.15878047695227196, 0.16705965336364093], [0.2653038994903815, 0.3713887221460678, 0.19942688120836594, 0.16388049715518466], [0.521042907682374, 0.4729282484783787, 0.0020613234722696022, 0.003967520366977705], [0.023215981363665893, 0.7907286266585348, 0.1257616394844399, 0.06029375249335926]]}}