{"test": {"ids": ["97105960", "112117030", "112118511", "108115570", "108113760", "109116810", "99105921", "102110850", "110117140", "103113210", "97116790", "109113281", "100120780", "113122180", "111116530", "113118870", "100109311", "105113260", "110114561", "112119320", "110114720", "109116040", "107116501", "109114270", "99107560", "111115780", "112121010", "107113170", "99109311", "110114610", "99108010", "104117630", "98121790", "103111830", "107114780", "99111340", "106114880", "98112580", "97105580", "112121351", "106117790", "106113170", "105111990", "99107500", "97116500", "99107660", "98107210", "106113260", "107114950", "101108621", "104114410", "105113170", "113119320", "104114230", "109115211", "111116290", "110113591", "98107340", "106120290", "97106820", "101108290", "112118620", "109117080", "110118880", "111116170", "107115140", "112121410", "103113610", "100109801", "113119950", "113121190", "105113330", "105113620", "110119891", "111120220", "107113840", "113119480", "101114990", "102114270", "112119930", "105119950", "108113740", "112117780", "107113200", "105117200", "103120531", "108113480", "102108621", "111115400", "100108260", "108118291", "100109910", "112116540", "103109641", "102118380", "104113550", "112119500", "111114121", "110115890", "113118620", "103111620", "110116300", "98120010", "108121190", "100116500", "98108520", "99120010", "108120621", "110115710", "109119591", "99114890", "113117630", "113120280", "104109311", "113120751", "97105760", "113120780", "97109080", "101112160", "97107821", "113118511", "107113360", "107121640", "106115120", "102110500", "104113380", "99108520", "106115240", "108114270", "108120260", "99110730", "104114740", "100116790", "106116441", "112116880", "113117550", "111119950", "108115970", "111118301", "102110240", "105116650", "105115900"], "labels": [2, 2, 1, 3, 1, 3, 1, 3, 3, 3, 2, 0, 1, 2, 3, 0, 1, 3, 0, 1, 3, 0, 1, 3, 1, 1, 2, 0, 1, 1, 2, 0, 2, 3, 2, 1, 0, 2, 1, 0, 1, 0, 2, 0, 2, 3, 1, 3, 3, 0, 1, 0, 1, 2, 0, 2, 0, 0, 2, 1, 0, 3, 1, 0, 0, 0, 0, 2, 0, 0, 1, 3, 0, 3, 3, 3, 3, 3, 3, 1, 3, 3, 0, 0, 3, 3, 0, 3, 0, 3, 3, 2, 1, 1, 1, 1, 2, 0, 2, 3, 0, 3, 2, 1, 2, 2, 2, 1, 2, 0, 2, 0, 0, 3, 1, 0, 0, 2, 3, 2, 1, 0, 1, 1, 3, 1, 2, 1, 3, 1, 3, 2, 2, 0, 0, 3, 0, 2, 3, 3, 1, 3], "predicted_labels": [3, 2, 1, 1, 1, 1, 3, 1, 1, 2, 1, 0, 1, 3, 3, 1, 0, 3, 1, 3, 1, 1, 1, 3, 1, 3, 1, 3, 0, 1, 1, 1, 1, 2, 1, 2, 2, 0, 1, 1, 0, 1, 3, 1, 1, 0, 1, 1, 1, 0, 3, 3, 3, 0, 3, 1, 0, 2, 1, 3, 1, 0, 1, 3, 1, 3, 3, 2, 3, 3, 3, 3, 1, 1, 0, 2, 3, 1, 3, 3, 1, 0, 3, 3, 1, 1, 1, 3, 1, 0, 0, 3, 1, 3, 1, 0, 2, 3, 1, 1, 3, 1, 2, 1, 2, 1, 1, 3, 1, 1, 1, 3, 0, 0, 0, 0, 1, 3, 1, 0, 1, 0, 1, 3, 0, 3, 2, 1, 0, 3, 2, 3, 1, 1, 1, 3, 0, 1, 0, 1, 1, 3], "confidence_scores": [[0.25818524559081996, 0.022209273723038058, 0.02993731336219258, 0.6896681673239494], [0.15087208853145365, 0.33746567082526296, 0.351705621960337, 0.15995661868294642], [0.13294521223734415, 0.4280892053576373, 0.2680604592077833, 0.17090512319723514], [0.017425659163987726, 0.6501906759460034, 0.16108949064442327, 0.17129417424558555], [0.02721692557811109, 0.7443064094072042, 0.05401460044514731, 0.17446206456953753], [0.27777296378276745, 0.5286904298246, 0.002548396740159414, 0.19098820965247312], [0.016029855848225243, 0.44664572714581463, 0.00650071314284526, 0.530823703863115], [0.0011090351484524471, 0.8880744350078978, 0.004955197971751454, 0.10586133187189821], [0.311926689164694, 0.3225374451628811, 0.07642955466451434, 0.2891063110079107], [0.011360966964152968, 0.24447229376012447, 0.436317624063774, 0.3078491152119486], [0.3381916188114784, 0.44406241115099554, 0.03756163326158674, 0.18018433677593942], [0.42536497183908634, 0.08717298702447099, 0.25002543234043983, 0.2374366087960029], [0.18153195066698097, 0.47290452337948014, 0.1085039621734837, 0.23705956378005513], [0.01445611002550314, 0.06261668339730234, 0.04159736484873994, 0.8813298417284546], [0.021997548863330996, 0.39086614312606643, 0.0007843199675318259, 0.5863519880430708], [0.018191747435711506, 0.733389203080669, 0.025882450233482106, 0.22253659925013738], [0.5296243871546908, 0.26495511737323973, 0.014466585769918631, 0.19095390970215087], [0.04453449396012766, 0.2830106915793804, 0.021413186108926677, 0.6510416283515652], [0.33831391549710677, 0.3506815703989225, 0.08803136963984687, 0.22297314446412375], [0.021704994575673067, 0.19712126329015936, 0.013170343089034753, 0.7680033990451328], [0.0034947480432880435, 0.6668891664552214, 0.1856193021700481, 0.1439967833314424], [0.11511982148525189, 0.535525705307641, 0.005367133340856314, 0.34398733986625074], [0.0453579133323075, 0.8696900589991587, 0.024826290824694997, 0.060125736843838845], [0.2553655779503358, 0.18194987541497373, 0.002134003778458379, 0.5605505428562321], [0.034623143894009396, 0.9547147159265194, 0.00862381540281262, 0.0020383247766586933], [0.036458619902675286, 0.3547270078326792, 0.08371801353932298, 0.5250963587253225], [0.1413591899777236, 0.5470305323395319, 0.1030953587583547, 0.20851491892438978], [0.0636390584370252, 0.09098421371026966, 0.05895722615952147, 0.7864195016931838], [0.6135387066047984, 0.3450088732446467, 0.014168967259820957, 0.027283452890734052], [0.26062993571619886, 0.4192127405062754, 0.3129289054241515, 0.007228418353374248], [0.09843526388549906, 0.6986136463859636, 0.18797017416774087, 0.01498091556079644], [0.011910509205434128, 0.7976972510704546, 0.025385539363844797, 0.16500670036026638], [0.2239813263381666, 0.5012245323338327, 0.09593275912729712, 0.1788613822007037], [0.038007657280133, 0.11473374095926342, 0.6846984893871292, 0.16256011237347434], [0.0027259095997989547, 0.945123713486003, 0.0373901531074722, 0.014760223806725755], [0.03748440900596703, 0.08943958297600783, 0.624523203306904, 0.24855280471112123], [0.0920364093726008, 0.258893442508323, 0.6414763331227127, 0.007593814996363387], [0.42747214459664407, 0.4183881873981592, 0.09035812327264553, 0.06378154473255117], [0.0007774674309913483, 0.9862582870905019, 0.011761259764142627, 0.0012029857143641576], [0.008312447230389706, 0.7043819215843854, 0.006929889969822441, 0.2803757412154023], [0.528800506283614, 0.17247921344210906, 0.1491728264756276, 0.1495474537986495], [0.28444699997831535, 0.6724591295758988, 0.010865196420342331, 0.03222867402544331], [0.002969170786449899, 0.052907246487907525, 0.029937478500131377, 0.9141861042255112], [0.03630220032297034, 0.8459717649618252, 0.055565211548279037, 0.06216082316692527], [0.3349779939933081, 0.338897072991052, 0.06326333970084363, 0.2628615933147964], [0.5876824704449664, 0.04357050612002693, 0.010574980870001747, 0.358172042565005], [0.002694666805621816, 0.8778462940446953, 0.036237327459912136, 0.083221711689771], [0.12236286316452673, 0.7667489986010265, 0.01709593972917418, 0.09379219850527255], [0.33939282956596956, 0.3585898009513459, 0.03058463306865973, 0.2714327364140249], [0.8170158126044843, 0.1337468608818928, 0.032435892936753905, 0.01680143357686902], [0.040311263049341094, 0.2452098093012098, 0.3134660585855734, 0.40101286906387573], [0.030258474763892144, 0.2044374790493324, 0.0303491530105722, 0.7349548931762033], [0.07624915768091621, 0.45122621933293, 0.006789677320057951, 0.46573494566609597], [0.45078414974655967, 0.05320105534383841, 0.30903785233582837, 0.18697694257377362], [0.04195660579996479, 0.048064315559964044, 0.0055617179638957365, 0.9044173606761754], [0.02897621662314504, 0.4058135476917546, 0.2603221997936438, 0.3048880358914565], [0.77764145629904, 0.17034709975775414, 0.005748388506775863, 0.04626305543642983], [0.17236295705446897, 0.36759217320384613, 0.3801153938997241, 0.07992947584196061], [0.0013557610476416949, 0.9797632570269432, 0.010129860567164672, 0.00875112135825031], [0.2788394955646368, 0.209357449316963, 0.03754243578988145, 0.47426061932851876], [0.010133380780498118, 0.9190472017862472, 0.005577609010587739, 0.06524180842266686], [0.6535609055903797, 0.1957463930492923, 0.051330499590097695, 0.09936220177023031], [2.9757911181285924e-05, 0.9981410451129564, 0.0012954153179774131, 0.0005337816578848418], [0.41802946120542134, 0.12145526163886726, 0.0018525502063345474, 0.4586627269493768], [0.15969201395905272, 0.6812639627149296, 0.03456739456377689, 0.12447662876224087], [0.283316380965394, 0.010595819136458712, 0.03828907809578774, 0.6677987218023594], [0.1984943458698018, 0.036307433822940105, 0.04969809532241896, 0.7155001249848392], [0.19537680277068695, 0.3497912277716938, 0.39929910070336405, 0.05553286875425521], [0.017874236697770093, 0.21328635937147222, 0.004583943503201875, 0.7642554604275559], [0.04501476353317078, 0.025559500695860375, 0.003192945078025114, 0.9262327906929438], [0.0692130905813794, 0.05452712697739321, 0.0344111876117172, 0.8418485948295102], [0.1579975895411595, 0.11430536901972387, 0.0020714347370385713, 0.7256256067020781], [0.021783112581683743, 0.737016672949469, 0.200523458634656, 0.040676755834191204], [0.0329351048280553, 0.9651854499884074, 0.00021648796743354722, 0.0016629572161038543], [0.511732744222976, 0.25501661780657137, 0.18773597152874172, 0.04551466644171101], [0.079544401219625, 0.3391619911834663, 0.41561339629916527, 0.16568021129774332], [0.032465745661320926, 0.01067311085292944, 0.0057715556004869295, 0.9510895878852627], [0.022846653305750714, 0.9236151666749821, 0.04379438523189449, 0.009743794787372804], [0.01040673799071314, 0.32250565616321053, 0.28117387406570293, 0.3859137317803734], [0.05041043515254937, 0.008604150452700347, 0.2725304620559982, 0.6684549523387521], [0.28164028080856135, 0.3456320756767761, 0.223833284716686, 0.14889435879797658], [0.7366588554686883, 0.10900888381903796, 0.006490448099707193, 0.14784181261256663], [0.19477897535608207, 0.15025000282685969, 0.01089498775606904, 0.6440760340609892], [0.25331353219391833, 0.3028625618987416, 0.003412906931577773, 0.4404109989757622], [0.013965819666746905, 0.5782214627249895, 0.2031383831739219, 0.20467433443434155], [0.04702324855331791, 0.6696825754952314, 0.010964684565396243, 0.2723294913860545], [0.35190989946852697, 0.4191016665583652, 0.0239728458558461, 0.2050155881172617], [0.24009182313538158, 0.08233370056862817, 0.00151172446195079, 0.6760627518340394], [0.17041079226370706, 0.7533313565811128, 0.03494912704290178, 0.04130872411227828], [0.48680867614605255, 0.3464822195498566, 0.03754717653199572, 0.1291619277720952], [0.7267322284913716, 0.17105229482184886, 0.003556403989898295, 0.09865907269688136], [0.07412572074428662, 0.07380664329837774, 0.23307248217565638, 0.6189951537816792], [0.027254372515192263, 0.5237582616449443, 0.024617094401221274, 0.4243702714386422], [0.023415937520419233, 0.2253944919105723, 0.3377171879986135, 0.4134723825703949], [0.012283458064138381, 0.6365217219096853, 0.20839939358516776, 0.14279542644100846], [0.9149803689817928, 0.05069766008386264, 0.004731032206512383, 0.029590938727832094], [0.058694126223176074, 0.4470063476488788, 0.4834262456285775, 0.010873280499367715], [0.22663967245768465, 0.313554293268775, 0.11749232129536917, 0.34231371297817115], [0.01646587180800002, 0.9696348708476337, 0.013221023393822726, 0.0006782339505435823], [0.04503996079511851, 0.8094438479941016, 0.009770680197587912, 0.13574551101319202], [0.03376750523072812, 0.23507338562032282, 0.0091847831977341, 0.7219743259512149], [0.06565814639182396, 0.8265978479187419, 0.016351062593151923, 0.0913929430962821], [0.010523078649011251, 0.024272190426270834, 0.5651949244492296, 0.4000098064754884], [0.001735835290977621, 0.7721543048493995, 0.17325405842717845, 0.05285580143244443], [0.055615501474307494, 0.014153522850859709, 0.8793946584536448, 0.050836317221187886], [0.05090026608372317, 0.48460349077459397, 0.46036700563885485, 0.004129237502828055], [0.07355418278569281, 0.8282363774026409, 0.040709539240316436, 0.057499900571349946], [0.17408123805844383, 0.21588957892137042, 0.05297924354847873, 0.557049939471707], [0.07926420104306728, 0.8871619313177366, 0.02220300981016292, 0.011370857829033212], [0.014963458862247495, 0.9593402458481228, 0.02004587952217403, 0.005650415767455642], [0.0010170179992662896, 0.675610456915373, 0.08752907234288643, 0.23584345274247417], [0.180460999014937, 0.0021560190857139636, 0.008938785129547454, 0.8084441967698015], [0.6458312997337868, 0.0002279944421059311, 0.0017481615151813553, 0.3521925443089258], [0.6050681392755954, 0.014085065999762954, 0.03879939014868257, 0.34204740457595917], [0.7272175930808394, 0.0007737252348813322, 0.01111276614400807, 0.26089591554027114], [0.620877722863082, 0.03002924838871213, 0.007706164144637302, 0.34138686460356854], [0.2582673834235453, 0.38843502027657456, 0.12636430331210294, 0.22693329298777729], [0.03493775705896738, 0.2633590274687871, 0.023580019436886434, 0.6781231960353592], [0.03293421418100917, 0.8275971269738739, 0.09833745211770145, 0.04113120672741547], [0.4688046942199911, 0.06833573543325365, 0.013542868269402932, 0.44931670207735225], [0.008454617195901357, 0.9133546754365529, 0.034045110276516834, 0.044145597091028846], [0.919997804477393, 0.0674565395144828, 0.0031760899324083606, 0.009369566075715707], [0.033170010494543274, 0.8326245870325184, 0.1088796486552973, 0.025325753817641152], [0.1836740531648027, 0.3165825476471421, 0.005660261143740282, 0.49408313804431503], [0.4332950135938787, 0.05560307922140615, 0.16470468381961675, 0.3463972233650984], [0.11502292829901688, 0.07308415670652682, 0.040311028711762786, 0.7715818862826935], [0.05480350579821903, 0.07236832208604908, 0.8552611387657981, 0.017567033349933658], [0.4096449344531818, 0.46019821657394705, 0.08884201514106302, 0.04131483383180819], [0.3846677145236261, 0.29366931587602435, 0.03256863271248215, 0.28909433688786745], [0.022122264082287423, 0.03696549619264309, 0.026671264228327923, 0.9142409754967417], [0.006547426225853929, 0.02004345114064712, 0.9641026102722254, 0.009306512361273604], [0.01428686764286652, 0.06174717567431097, 0.24194016644895278, 0.6820257902338698], [0.019042032474478637, 0.8871646383428933, 0.05722837988797959, 0.03656494929464829], [0.030802046764089815, 0.6116414758360688, 0.0013041620764333273, 0.3562523153234081], [0.0016270645900338834, 0.9912170569592845, 0.0038307121960623742, 0.003325166254619033], [0.040756557223690974, 0.0075182163176523, 0.016426322939679296, 0.9352989035189775], [0.7713260280489905, 0.1620492015073065, 0.008803244993331438, 0.057821525450371634], [0.002349427622572492, 0.9866053333130158, 0.002780422853157125, 0.008264816211254723], [0.48610900627067233, 0.12343723110467802, 0.07140297704317355, 0.3190507855814762], [0.32117669249620107, 0.6280928122946627, 0.019101155842808, 0.03162933936632818], [0.006715794932783229, 0.7135667551818569, 0.2523389253805865, 0.02737852450477343], [0.09555877963771756, 0.07421548054299613, 0.007940485567070145, 0.8222852542522162]]}, "rewritten": {"ids": ["97105580", "97105760", "97105960", "97106820", "97107821", "97109080", "97116500", "97116790", "98107210", "98107340", "98108520", "98112580", "98120010", "98121790", "99105921", "99107500", "99107560", "99107660", "99108010", "99108520", "99109311", "99110730", "99111340", "99114890", "99120010", "100108260", "100109311", "100109801", "100109910", "100116500", "100116790", "100120780", "101108290", "101108621", "101112160", "101114990", "102108621", "102110240", "102110500", "102110850", "102114270", "102118380", "103109641", "103111620", "103111830", "103113210", "103113610", "103120531", "104109311", "104113380", "104113550", "104114230", "104114410", "104114740", "104117630", "105111990", "105113170", "105113260", "105113330", "105113620", "105115900", "105116650", "105117200", "105119950", "106113170", "106113260", "106114880", "106115120", "106115240", "106116441", "106117790", "106120290", "107113170", "107113200", "107113360", "107113840", "107114780", "107114950", "107115140", "107116501", "107121640", "108113480", "108113740", "108113760", "108114270", "108115570", "108115970", "108118291", "108120260", "108120621", "108121190", "109113281", "109114270", "109115211", "109116040", "109116810", "109117080", "109119591", "110113591", "110114561", "110114610", "110114720", "110115710", "110115890", "110116300", "110117140", "110118880", "110119891", "111114121", "111115400", "111115780", "111116170", "111116290", "111116530", "111118301", "111119950", "111120220", "112116540", "112116880", "112117030", "112117780", "112118511", "112118620", "112119320", "112119500", "112119930", "112121010", "112121351", "112121410", "113117550", "113117630", "113118511", "113118620", "113118870", "113119320", "113119480", "113119950", "113120280", "113120751", "113120780", "113121190", "113122180"], "labels": [1, 0, 2, 1, 2, 2, 2, 2, 1, 0, 2, 2, 2, 2, 1, 0, 1, 3, 2, 2, 1, 3, 1, 2, 2, 3, 1, 0, 2, 2, 2, 1, 0, 0, 3, 3, 3, 3, 3, 3, 3, 1, 1, 0, 3, 3, 2, 3, 3, 1, 1, 2, 1, 2, 0, 2, 0, 3, 3, 0, 3, 1, 3, 3, 0, 3, 0, 1, 1, 0, 1, 2, 0, 0, 0, 3, 2, 3, 0, 1, 1, 0, 3, 1, 3, 3, 2, 3, 1, 1, 1, 0, 3, 0, 0, 3, 1, 0, 0, 0, 1, 3, 2, 2, 3, 3, 0, 3, 0, 0, 1, 0, 2, 3, 3, 0, 3, 1, 0, 2, 0, 1, 3, 1, 2, 1, 2, 0, 0, 3, 0, 1, 3, 0, 1, 3, 0, 0, 1, 0, 1, 2], "predicted_labels": [2, 0, 3, 3, 0, 3, 1, 1, 1, 1, 2, 2, 0, 0, 1, 1, 0, 0, 1, 2, 0, 2, 2, 0, 0, 1, 0, 3, 2, 0, 1, 0, 0, 0, 1, 1, 0, 0, 0, 2, 1, 3, 0, 2, 2, 3, 0, 0, 0, 2, 0, 0, 0, 3, 0, 1, 1, 0, 3, 1, 0, 2, 1, 0, 0, 0, 0, 0, 3, 3, 0, 3, 3, 1, 0, 0, 1, 0, 0, 1, 2, 0, 0, 3, 0, 2, 0, 0, 1, 3, 1, 2, 0, 0, 1, 1, 1, 1, 0, 1, 1, 0, 3, 1, 3, 0, 0, 0, 0, 1, 3, 1, 2, 3, 0, 0, 0, 3, 1, 2, 0, 0, 1, 3, 1, 3, 3, 0, 0, 2, 3, 0, 1, 0, 3, 3, 0, 0, 0, 3, 1, 0], "confidence_scores": [[0.2507614281109633, 0.038546241811652934, 0.6762042489163199, 0.034488081161063895], [0.7081459104746592, 0.12436030369193272, 0.00925413244216678, 0.15823965339124124], [0.18053574168595787, 0.004916148722472463, 0.18852036500890962, 0.6260277445826601], [0.04615425499628177, 0.08710506928290378, 0.0245532859071522, 0.8421873898136624], [0.7407325811275495, 0.15209637346022922, 0.0018888087747345687, 0.10528223663748679], [0.37255283130152145, 0.023971751169162222, 0.0651242094274625, 0.5383512081018538], [0.3684937133414126, 0.4134282635993621, 0.15479204109424752, 0.06328598196497777], [0.03515484874671965, 0.9208688136393127, 0.01039257724003099, 0.03358376037393669], [0.023366765452529276, 0.9722776066602464, 0.003551589518138284, 0.0008040383690859558], [0.4171386658584639, 0.4675326178053286, 0.09238450570315992, 0.02294421063304761], [0.2742467472104906, 0.11549374271060807, 0.5318771237473926, 0.07838238633150876], [0.012948692129912192, 0.021885741320933016, 0.9626435514777794, 0.0025220150713754093], [0.5855590464398485, 0.06166838278881881, 0.0398522846464776, 0.3129202861248551], [0.844520946296025, 0.11805949430335459, 0.01310365758319342, 0.02431590181742699], [0.22858128411479148, 0.44636018034833913, 0.09213961414926687, 0.2329189213876024], [0.3315287321387925, 0.5643434081699727, 0.011780766706145968, 0.09234709298508875], [0.6895595835207028, 0.15184601128788477, 0.029770432453934664, 0.1288239727374777], [0.5819887077907948, 0.01343549515159823, 0.025466707483520618, 0.3791090895740864], [0.021395453426549103, 0.9395784271413349, 0.02057665560946534, 0.018449463822650822], [0.2349428294172958, 0.013169251382383835, 0.6326638738726683, 0.119224045327652], [0.9143341586470797, 0.0677703665981352, 0.0009092971522405506, 0.016986177602544714], [0.001960688455116669, 0.11607251656632209, 0.594399844276989, 0.2875669507015722], [0.014822278112300977, 0.0075518792186743365, 0.6932744958560199, 0.2843513468130048], [0.5831829162529024, 0.009649628406525192, 0.33205104011602304, 0.07511641522454941], [0.5053710405053252, 0.1903168308409596, 0.29776066204464563, 0.006551466609069542], [0.11855976608286013, 0.8807437715996996, 0.0003337700143210632, 0.0003626923031191894], [0.9661246503692547, 0.02024949797643447, 0.0017549206586622722, 0.011870930995648567], [0.0404894787988336, 0.0020252427800305298, 0.004392940724540842, 0.9530923376965951], [0.4007041717896294, 0.003368462401982719, 0.5370653542704771, 0.05886201153791088], [0.5191170236550752, 0.023376383340938483, 0.450509820663412, 0.006996772340574324], [0.07140931515310875, 0.6253903393280063, 0.009788706870640774, 0.29341163864824427], [0.36615844035883227, 0.2594919001544621, 0.3000057793486193, 0.07434388013808638], [0.9564035851124032, 0.021387475358187396, 0.00789977321591833, 0.014309166313491176], [0.4924948649965082, 0.279260262198846, 0.0015254319469044748, 0.22671944085774126], [0.002664366057845785, 0.967017055875221, 0.0015734896059248415, 0.028745088461008254], [0.03704721767197044, 0.7006985994563654, 0.17541658045065053, 0.08683760242101361], [0.9886775778685808, 0.001809323150200375, 0.008317435410153087, 0.0011956635710659465], [0.9889874698636999, 0.009707279174665892, 0.0007888317852413284, 0.0005164191763927703], [0.46074549813218957, 0.036290570017557484, 0.2774194135620346, 0.22554451828821845], [0.03835583038713122, 0.09394254878269434, 0.4612719116242783, 0.406429709205896], [0.05967222570534158, 0.8212033123648744, 0.04315238724942303, 0.07597207468036096], [0.11246172764431651, 0.09557353472702741, 0.23461467534788394, 0.5573500622807721], [0.5205548788190988, 0.021343278596587016, 0.28736508234549885, 0.17073676023881534], [0.0761719047003641, 0.17466437457294784, 0.6921138307441839, 0.05704988998250414], [0.25308473761694644, 0.002204157855776012, 0.6985354919522343, 0.046175612575043316], [0.02206392954596752, 0.09941565538609376, 0.042908457654341474, 0.8356119574135973], [0.7880543026455125, 0.1498380686148783, 0.05890340016835683, 0.0032042285712524637], [0.9537522087872156, 0.02372130276779481, 0.001057836920969731, 0.021468651524019847], [0.980839759919133, 0.00029328885662294126, 0.006983880751137322, 0.011883070473106631], [0.1005005106238256, 0.31837803182096946, 0.3392020259215163, 0.24191943163368868], [0.8019485200234282, 0.03479859763511389, 0.022357376060235617, 0.14089550628122222], [0.824149115524624, 0.16043784534769082, 0.01442566802544859, 0.0009873711022365974], [0.9532547832144384, 0.03126290245557827, 0.004648685282893225, 0.010833629047090048], [0.21630112068019375, 0.05589691872662474, 0.03822367173666576, 0.6895782888565157], [0.7904393767673584, 0.043519731375573856, 0.00628950355958003, 0.15975138829748767], [0.30749662294928887, 0.5037519599251338, 0.0555551688591462, 0.13319624826643112], [0.07251315629778841, 0.6260506661822725, 0.030057031570483, 0.271379145949456], [0.743066417423812, 0.04486952099462219, 0.017721993764759074, 0.1943420678168066], [0.28371572122846694, 0.23235586891989043, 0.09758694623303218, 0.38634146361861055], [0.1061540389730515, 0.811362997347199, 0.07261790041660815, 0.009865063263141361], [0.9639396146104707, 0.00681947777722246, 0.001607013852446083, 0.027633893759860705], [0.013113805397247316, 0.03997999029062716, 0.5836557797418825, 0.36325042457024304], [0.13131625554552576, 0.5331200206732544, 0.017531245833405287, 0.31803247794781453], [0.8073369272108617, 0.044994386336346504, 0.027597000305717496, 0.12007168614707447], [0.9016673335504165, 0.025004877460143047, 0.0011822585601766209, 0.0721455304292638], [0.8603134006811067, 0.12197590567885469, 0.016718993963737456, 0.0009916996763011708], [0.5966622620087113, 0.0077031956756775525, 0.1016840156861484, 0.29395052662946264], [0.6461143195032468, 0.15241009438259098, 0.01740812832490544, 0.18406745778925682], [0.2383437010893023, 0.058729729897418786, 0.10054556823878459, 0.6023810007744943], [0.0073707430395156355, 0.01840929946989922, 0.0006309391768586852, 0.9735890183137266], [0.7752298635695355, 0.08903115920396923, 0.014050004446933686, 0.1216889727795615], [0.10069186555050483, 0.23087158942849714, 0.24518147004933546, 0.42325507497166254], [0.002102402123868795, 0.0004199472840535952, 0.017421606180742174, 0.9800560444113355], [0.2894562643552813, 0.6110088777049066, 0.006199204800520561, 0.09333565313929136], [0.9806271773753804, 0.0004089096890769228, 9.038183840939867e-05, 0.01887353109713329], [0.8868724056130707, 0.08610077029329846, 0.002545018669807233, 0.024481805423823593], [0.013238036716486046, 0.8361301251389198, 0.1061347165960882, 0.04449712154850597], [0.6565054282513328, 0.03207481515632988, 0.10591982230839442, 0.20549993428394292], [0.9192292883737245, 0.020261021895979826, 0.025509413471651053, 0.03500027625864456], [0.09147278660642626, 0.7604781603572611, 0.024294213957757806, 0.12375483907855475], [0.01106633540322797, 0.0238099230952806, 0.9629331250687665, 0.002190616432725003], [0.6176591385949058, 0.05360145911395722, 0.06855722908027626, 0.2601821732108607], [0.8678995088058947, 0.0006901611435490586, 0.0037745628136139856, 0.1276357672369422], [0.3881682485405364, 0.1090254176474767, 0.006229958863864607, 0.4965763749481224], [0.8318739178530828, 0.035512276421055235, 0.01848259085794991, 0.11413121486791201], [0.004088706631639876, 0.3253989393915234, 0.6595401545494857, 0.01097219942735107], [0.7796535273030513, 0.14217680392242388, 0.009783469934523207, 0.06838619884000169], [0.9368622721568103, 0.05408235759484251, 0.0006292430682805968, 0.008426127180066514], [0.3705241420737548, 0.45509688399700793, 0.06144101764992937, 0.1129379562793079], [0.04881781930810811, 0.000989649468898319, 0.04197429717475083, 0.9082182340482429], [0.1445826849714872, 0.6071083280095256, 0.19928773744536127, 0.04902124957362595], [0.317910601413849, 0.01610718291261421, 0.36715104782385904, 0.2988311678496777], [0.5695076607571532, 0.00821997273782662, 0.0010824348243776891, 0.42118993168064256], [0.89517157178556, 0.00021520138789468178, 0.006807084700696831, 0.09780614212584855], [0.055918566710313804, 0.3437760122737012, 0.29035031497257313, 0.30995510604341187], [0.35026525551722143, 0.5750235391150909, 0.00219290395590627, 0.07251830141178135], [0.0032105104168809336, 0.9028399612305259, 0.05599438934053553, 0.03795513901205758], [0.311160661381055, 0.5118896676712091, 0.003803181215476225, 0.17314648973225963], [0.9106477835149952, 0.03853564904832946, 0.03840275919611168, 0.012413808240563859], [0.17826772680910027, 0.33454539350087775, 0.18914086858718357, 0.2980460111028384], [0.21984356958103046, 0.4087940009400676, 0.07971180895416557, 0.29165062052473634], [0.897502571044155, 0.0704563735412003, 0.013745556939623812, 0.018295498475020898], [0.3199136853609843, 0.14917074937468733, 0.0549367129517253, 0.4759788523126031], [0.25515058472893537, 0.7186509079457828, 0.010952519952092322, 0.015245987373189555], [0.014415132761970406, 0.0033230597035243605, 0.02536371310439869, 0.9568980944301065], [0.7755863771121713, 0.011072844677878675, 0.006940443091508666, 0.2064003351184413], [0.9064255217717491, 0.06157534082877676, 0.0008553983866756308, 0.031143739012798554], [0.5791678196240431, 0.2857406075864404, 0.06292883606912128, 0.07216273672039543], [0.69174330173241, 0.015152786935735102, 0.11768003172144323, 0.17542387961041164], [0.36414976435521934, 0.6086191672416991, 0.012416721607638218, 0.014814346795443226], [0.27834396266459355, 0.15124225657487322, 0.04473785230963987, 0.5256759284508934], [0.3481714216864096, 0.5505710240699138, 0.03827335737440342, 0.06298419686927313], [0.02712441270347548, 0.006550458770606844, 0.7845504857886867, 0.1817746427372309], [0.20948642924734634, 0.3463503885070436, 0.016710315217134467, 0.42745286702847557], [0.7602445606242607, 0.20953432882484452, 0.02590034285932109, 0.004320767691573847], [0.995741892081315, 0.0028106205844821847, 0.0006560082070477005, 0.0007914791271551652], [0.9071223873376043, 0.08323575317660646, 0.007872315751295378, 0.0017695437344940218], [0.03282487919286242, 0.4617169153705494, 0.01946675753725463, 0.4859914478993336], [0.0041345796578312125, 0.9824595074209026, 0.0036726086977199104, 0.009733304223546064], [0.2632273319423361, 0.3272103966986622, 0.39032567320910955, 0.019236598149892103], [0.8505723062377292, 0.08988618728538929, 0.025286257416564442, 0.03425524906031705], [0.42646930435145863, 0.05362934333203084, 0.33745887879165, 0.18244247352486043], [0.23492804674729506, 0.3798092597175927, 0.037554995451606475, 0.3477076980835057], [0.15962836377203024, 0.1285070197915369, 0.01856729907962997, 0.693297317356803], [0.08160555331896324, 0.836028057650406, 0.03812987220475862, 0.04423651682587209], [0.12151592305210182, 0.09062247233401714, 0.22002091120674303, 0.567840693407138], [0.17940395467042353, 0.14841850493997377, 0.20854469179262256, 0.46363284859698], [0.9151483454262936, 0.022228002982598877, 0.017258132202844507, 0.04536551938826279], [0.8727574218729777, 0.03886829141050917, 0.03563692914994761, 0.05273735756656555], [0.1825867167796861, 0.20113856935147484, 0.4240228926529846, 0.19225182121585452], [0.2105464669003206, 0.09532193956965906, 0.004525823082581816, 0.6896057704474385], [0.38570672277995843, 0.1703519928957411, 0.38183013550062944, 0.06211114882367101], [0.462768428370278, 0.5048493869693852, 0.008035028790534303, 0.02434715586980249], [0.4689603082051203, 0.09424785826973843, 0.4270480672997582, 0.009743766225383138], [0.003150442659296662, 0.2346903597299052, 0.00010464361779160948, 0.7620545539930066], [0.0818592952643962, 0.0593587618626274, 0.05836533669321666, 0.8004166061797597], [0.8590877471330476, 0.028967065244044025, 0.028353308937206046, 0.08359187868570227], [0.5753690685256656, 0.00017805322709104715, 0.00530165710634153, 0.4191512211409019], [0.8074280011213086, 0.04134537829722535, 0.06123979622037891, 0.08998682436108706], [0.00033497218649114686, 0.00026761392851577223, 0.0008713698973608952, 0.9985260439876322], [0.2281525489413, 0.37427590377388165, 0.18261945560174467, 0.21495209168307378], [0.8357584651635057, 0.007509161409722135, 0.058573003297122166, 0.09815937012964995]]}}