{"test": {"ids": ["101110740", "103109641", "106113360", "103112470", "101108580", "101109000", "105113440", "108115500", "105113330", "108116501", "112118701", "112116451", "111116100", "113122430", "103113640", "97109570", "110118111", "112118810", "112117431", "112119980", "107112840", "106114321", "107116340", "98116090", "105113190", "113117340", "99111620", "100112060", "101119030", "112120290", "106115240", "113119930", "107121700", "104117630", "106117650", "106112770", "110116501", "104109311", "104112470", "113120780", "107114490", "102113350", "97116401", "101112690", "108115970", "109117600", "108115880", "99112641", "97105760", "110114561", "106117770", "108114200", "106114880", "103112641", "107114780", "108118630", "112118620", "110121450", "109119450", "105113260", "112116900", "97105451", "104118340", "97105580", "112119500", "99108080", "103111480", "110121170", "108119510", "112120990", "98109090", "109116810", "107118820", "112117780", "109117431", "103117200", "108113480", "109117730", "102121440", "107113200", "103111540", "109115070", "99107500", "102109840", "109117271", "98107380", "101112201", "106120290", "112119320", "104116441", "99110050", "108117610", "107118780", "111120280", "110118301", "104112201", "98110710", "98111231", "103111110", "103118291", "97116500", "113122160", "113122180", "103111930", "100110050", "99109370", "97106820", "111116290", "109120621", "97116790", "106121220", "111120591", "99109740", "98112170", "103120531", "102111990", "110120190", "106116120", "113121410", "103110100", "106113190", "101111210", "106118820", "111116990", "98110680", "97106000", "113122120", "98109311", "97106591", "104119290", "99109840", "101111140", "99111930", "103113170", "102113981", "100107920", "98119591", "107113360", "101109120", "113120591", "108118520", "113118490"], "labels": [3, 1, 0, 1, 0, 1, 0, 3, 3, 0, 0, 0, 3, 2, 1, 0, 1, 3, 0, 0, 1, 2, 3, 0, 3, 2, 3, 2, 3, 1, 1, 1, 3, 0, 1, 1, 3, 3, 1, 0, 3, 3, 3, 1, 2, 1, 3, 1, 0, 0, 0, 0, 0, 3, 2, 1, 3, 3, 3, 3, 3, 0, 2, 1, 2, 3, 0, 2, 1, 2, 1, 3, 3, 0, 1, 0, 0, 3, 2, 0, 1, 0, 0, 2, 0, 1, 0, 2, 1, 1, 3, 3, 1, 0, 1, 0, 2, 1, 3, 0, 2, 3, 2, 3, 3, 1, 1, 2, 1, 2, 1, 1, 3, 3, 3, 2, 3, 1, 0, 1, 0, 2, 3, 0, 2, 0, 1, 1, 1, 1, 2, 2, 1, 3, 1, 0, 1, 0, 1, 0, 0, 1], "predicted_labels": [1, 3, 0, 0, 3, 0, 3, 1, 1, 3, 1, 0, 3, 1, 0, 3, 2, 2, 3, 1, 1, 0, 3, 2, 0, 1, 3, 1, 3, 0, 0, 1, 1, 1, 2, 1, 1, 0, 3, 3, 3, 1, 0, 2, 1, 1, 3, 3, 1, 1, 3, 1, 3, 0, 1, 3, 1, 0, 1, 1, 3, 3, 3, 0, 1, 3, 3, 3, 1, 0, 0, 1, 1, 0, 3, 1, 3, 1, 0, 3, 3, 0, 0, 1, 3, 0, 0, 1, 0, 0, 2, 0, 1, 3, 0, 0, 1, 0, 2, 3, 0, 0, 3, 0, 2, 1, 3, 0, 1, 3, 3, 0, 1, 0, 0, 3, 0, 3, 3, 3, 0, 3, 1, 3, 1, 0, 1, 3, 1, 3, 1, 3, 3, 1, 3, 0, 2, 1, 1, 1, 3, 1], "confidence_scores": [[0.2397236024139722, 0.3333175803829385, 0.1935535174947891, 0.2334052997083002], [0.23633348025989437, 0.3241228026185604, 0.07945097438947447, 0.36009274273207104], [0.6289291208709628, 0.13694233912158696, 0.10935468649216334, 0.124773853515287], [0.40181575982432005, 0.26197484285431905, 0.2136716856049859, 0.12253771171637497], [0.23089795470282873, 0.20728887714350885, 0.1236859518369903, 0.438127216316672], [0.41529022995290144, 0.207101046851011, 0.13141303435700843, 0.24619568883907914], [0.2806374914621796, 0.28596659751906595, 0.11083672916392845, 0.32255918185482596], [0.3430487443650104, 0.36042501760719986, 0.13295406272317342, 0.16357217530461635], [0.21957286470118018, 0.3308911088359861, 0.15162448486559452, 0.297911541597239], [0.2116293998842046, 0.1193727442160195, 0.054587614268269795, 0.614410241631506], [0.17984103835492785, 0.43790179453244926, 0.0747220114128563, 0.3075351556997666], [0.6170032763734121, 0.14625488479656681, 0.04498282534795771, 0.19175901348206334], [0.22648419412568918, 0.29884467314136504, 0.12748946353650753, 0.3471816691964383], [0.1911002875930312, 0.37795289554064765, 0.18147285840373126, 0.2494739584625899], [0.39155380938758744, 0.2590503864130949, 0.16546900249883822, 0.18392680170047937], [0.2683599048805941, 0.24214290935910482, 0.14945389255600142, 0.34004329320429977], [0.21564668169100437, 0.20071455981071828, 0.32066445165321666, 0.2629743068450608], [0.11453797240427009, 0.1975638809296991, 0.4891561851898534, 0.19874196147617743], [0.16782229497607826, 0.32627731419961686, 0.05627197220425663, 0.4496284186200482], [0.2929927546452201, 0.32716514105197153, 0.08911793695029534, 0.290724167352513], [0.11634875156921495, 0.5326944290996138, 0.1976699201835353, 0.1532868991476359], [0.3223617829336312, 0.22348544561033146, 0.17551714054908707, 0.2786356309069504], [0.1901898196684607, 0.2779754182676996, 0.11632304789740514, 0.4155117141664346], [0.21444839751870398, 0.27936689445248863, 0.3014729066839421, 0.20471180134486533], [0.27448428185160684, 0.24080323202008747, 0.2107321975887349, 0.27398028853957074], [0.18836030475447518, 0.372572012034079, 0.0824306887487065, 0.35663699446273955], [0.1640718265862756, 0.21276004959565342, 0.20551279307034517, 0.417655330747726], [0.09202810478237851, 0.37589594687797595, 0.23477269184153862, 0.297303256498107], [0.10952805639436833, 0.3010580803410943, 0.20909030006912355, 0.38032356319541394], [0.5332220279977673, 0.15072020644994114, 0.1270810474083202, 0.1889767181439713], [0.3718934532399219, 0.2723089206748576, 0.1253198559171464, 0.23047777016807425], [0.2381382830139656, 0.5075903430122387, 0.06827392044413595, 0.18599745352965982], [0.07153353546655178, 0.44104506985111697, 0.2096141797809203, 0.27780721490141097], [0.08732774969745921, 0.49641379946988723, 0.2127618290764443, 0.20349662175620936], [0.1402113162770027, 0.2588458561079378, 0.34455198544608057, 0.25639084216897895], [0.09012138010269527, 0.513382102153151, 0.3103244467286372, 0.08617207101551647], [0.2437018516802966, 0.3426829852094845, 0.0822695830857571, 0.3313455800244618], [0.6148977668266741, 0.07958914864734971, 0.11635436542370796, 0.1891587191022683], [0.17694712350134661, 0.22600497251097892, 0.1346087828365675, 0.462439121151107], [0.1646407367638427, 0.358394650311389, 0.09526016212678676, 0.3817044507979817], [0.24093957412387376, 0.309785220402325, 0.09632216649504001, 0.35295303897876135], [0.25928881036637796, 0.31152243364496174, 0.1502372421041384, 0.2789515138845219], [0.3119005852876316, 0.2855895907688338, 0.1053616018532988, 0.2971482220902357], [0.07380990167338192, 0.17389118023478775, 0.5797486690311849, 0.1725502490606453], [0.1222764742486234, 0.43426500579736593, 0.1641144708610299, 0.2793440490929808], [0.2320740288783517, 0.3102659473685713, 0.17899984393696888, 0.2786601798161082], [0.17631152460236116, 0.304000971555535, 0.11059308147207013, 0.4090944223700337], [0.2689173240638222, 0.18537829725886878, 0.16601240836773895, 0.37969197030957014], [0.24874404150594492, 0.29095864307181585, 0.19734848945375646, 0.26294882596848285], [0.3327615753302033, 0.34762298278572734, 0.11816154825530367, 0.2014538936287656], [0.1418138432494911, 0.14751519685518205, 0.1524148948190721, 0.5582560650762548], [0.29258997093635103, 0.4028787589371837, 0.1315961860327675, 0.1729350840936978], [0.20880561191062044, 0.2853316051150783, 0.19072000984786952, 0.31514277312643174], [0.43377470200657825, 0.11186877060489965, 0.24677082967035752, 0.20758569771816468], [0.145711603238429, 0.4555602293245238, 0.16780487353828863, 0.2309232938987586], [0.155051907588167, 0.19131965512373975, 0.20850727538272593, 0.4451211619053675], [0.22855189521886224, 0.2913797444023949, 0.2512115174079674, 0.22885684297077552], [0.34509086686313123, 0.2909361691021958, 0.0937829575519948, 0.27019000648267816], [0.1226010203284048, 0.48319371488110463, 0.16267015019450554, 0.23153511459598508], [0.25544941122060083, 0.36733380178922587, 0.09100504916539243, 0.28621173782478077], [0.19013661044787966, 0.29700141201635394, 0.11582948270383335, 0.3970324948319331], [0.3281567180059978, 0.23034847795932922, 0.08101661221660411, 0.3604781918180688], [0.1287697530323753, 0.2897785915564151, 0.13383729181866255, 0.4476143635925471], [0.47826585692661955, 0.17842197870754184, 0.14553195244161476, 0.19778021192422385], [0.1463062438963802, 0.391127723135324, 0.20396017404318936, 0.2586058589251063], [0.17374193142672192, 0.26396741286946296, 0.1552954889830097, 0.4069951667208053], [0.24126707156289218, 0.1843966461736428, 0.11154955494034303, 0.4627867273231222], [0.2009836681402336, 0.18739324769713758, 0.1107008970420442, 0.5009221871205846], [0.15707329858952757, 0.5117783340030503, 0.09264960470719102, 0.23849876270023126], [0.3296946329335977, 0.25173997561416567, 0.16526615866159333, 0.2532992327906435], [0.2856224191676367, 0.2595432969596373, 0.19337262242548856, 0.2614616614472373], [0.23624983282387468, 0.36138258105116, 0.16227207766992277, 0.24009550845504263], [0.2639361619826525, 0.34026220128327217, 0.1481676297603448, 0.24763400697373064], [0.47302002056599746, 0.13917004948754302, 0.07821142187470217, 0.30959850807175743], [0.3307556896518806, 0.17064820416883028, 0.1135836620815462, 0.38501244409774293], [0.2592197347020729, 0.34964067953829436, 0.14851315341309068, 0.24262643234654216], [0.08628176396117211, 0.36319586716233887, 0.13112183898672608, 0.4194005298897628], [0.1825467977428049, 0.4585121291770845, 0.09218765714838963, 0.26675341593172114], [0.5807629611147858, 0.12340741711348985, 0.0457988011112944, 0.25003082066043], [0.2035891906375018, 0.2852096619136132, 0.138086426800587, 0.3731147206482981], [0.18462842303830557, 0.33950832620801324, 0.12028377601435487, 0.3555794747393264], [0.33612718305933553, 0.30489830924557826, 0.11573330459606221, 0.2432412030990241], [0.3408651824317054, 0.3267294574516799, 0.13206036672171348, 0.2003449933949012], [0.33053141957032073, 0.3350572633474863, 0.11429843101863925, 0.2201128860635537], [0.2609892743053165, 0.1497492601441716, 0.0512386341603673, 0.5380228313901445], [0.36508169294142123, 0.2123967501506599, 0.3202902310807973, 0.1022313258271216], [0.6670870349941235, 0.14316805262479315, 0.05673116424467177, 0.13301374813641176], [0.11267670997082169, 0.35612349356872286, 0.345560080666961, 0.18563971579349445], [0.5911838204777033, 0.18977956494271822, 0.09373722946082574, 0.12529938511875266], [0.3382844039500547, 0.3166117607658607, 0.09977671127629156, 0.2453271240077931], [0.10696221491342672, 0.2597627620411881, 0.3850588951057913, 0.248216127939594], [0.4456455422276338, 0.3421319224690189, 0.10524630321090787, 0.10697623209243927], [0.1313582573068822, 0.5155847518525667, 0.09450180766819079, 0.2585551831723603], [0.3250938351827263, 0.07528498992008159, 0.15979646867189815, 0.439824706225294], [0.393174687943506, 0.20097175616775223, 0.06713030511235095, 0.3387232507763907], [0.3649310025392924, 0.31079130529286425, 0.10819476681007832, 0.21608292535776508], [0.11315041729874216, 0.4213560647721453, 0.08885737521276285, 0.37663614271634976], [0.3233521619495668, 0.10328338630164642, 0.3169598848140298, 0.25640456693475683], [0.10170016499293943, 0.24404787286302876, 0.41483258325989547, 0.23941937888413653], [0.22055661032254156, 0.17114875726332285, 0.07459765244676829, 0.5336969799673673], [0.517380770032842, 0.16489470245356402, 0.12373738802695483, 0.19398713948663923], [0.5926455273374303, 0.17002862399200275, 0.13687205787181442, 0.10045379079875248], [0.27374422071830945, 0.27411605228788327, 0.12392047896491808, 0.3282192480288891], [0.3895430713141229, 0.2251488579579603, 0.09468088665539859, 0.2906271840725181], [0.09244899136234676, 0.1961148555228465, 0.460542435677338, 0.25089371743746886], [0.11621876980940021, 0.41310199447379103, 0.09139962251410402, 0.3792796132027048], [0.1296653362523388, 0.2316743524448658, 0.07064852852733988, 0.5680117827754556], [0.3119034418020076, 0.24402557704340325, 0.23386471049893404, 0.2102062706556551], [0.2060086438355522, 0.35974829960459115, 0.07945915826361473, 0.354783898296242], [0.3189744040384973, 0.18940533352974648, 0.09764380131003843, 0.39397646112171775], [0.2701968840140213, 0.12071392728182011, 0.19698590799672744, 0.41210328070743113], [0.5404488962186228, 0.15727992174320737, 0.0989664303963153, 0.2033047516418546], [0.17849180007313173, 0.45942315444105325, 0.17677534993862806, 0.18530969554718693], [0.516302990654884, 0.11700027380014552, 0.15497953685003593, 0.2117171986949345], [0.5416923378017307, 0.16264684243021132, 0.12331362881649122, 0.1723471909515668], [0.2657096496021201, 0.19578028443256917, 0.16809940147511934, 0.37041066449019133], [0.6320523502997654, 0.13373467368878686, 0.05790774788921227, 0.1763052281222355], [0.23801213197087973, 0.2119246363373549, 0.17417644866542592, 0.37588678302633954], [0.12381249156766512, 0.2767641793567915, 0.07034389195693991, 0.5290794371186036], [0.24637776171470643, 0.2710692351640577, 0.13541110322552036, 0.3471418998957155], [0.28788574940984873, 0.258879216949096, 0.2104318301046676, 0.24280320353638757], [0.15447516089436092, 0.2619121672187676, 0.24261176626203743, 0.34100090562483404], [0.14650738418197426, 0.4751973240491059, 0.14352496045473556, 0.23477033131418423], [0.16816487274827496, 0.34040741772454874, 0.10757957339359399, 0.3838481361335824], [0.15896555378644658, 0.38119920439820204, 0.12291243994915034, 0.33692280186620116], [0.35398415495853786, 0.1869532080768549, 0.2728859196532675, 0.18617671731133983], [0.21614051810948268, 0.36063605426211337, 0.12451091465512117, 0.298712512973283], [0.09814448088085254, 0.2708007705827516, 0.09248406609297063, 0.5385706824434252], [0.1431420928957401, 0.3872623789960387, 0.23152587381716025, 0.238069654291061], [0.0943789017462926, 0.29435751424450934, 0.076680058517713, 0.534583525491485], [0.1738316871791322, 0.28548868773700475, 0.27987353887409394, 0.26080608620976914], [0.17048892177605018, 0.18266951156161476, 0.12156136650890008, 0.525280200153435], [0.30456252808070283, 0.25577402531796517, 0.1253089171810637, 0.31435452942026815], [0.17725010735216523, 0.3990821054562702, 0.1781416018731165, 0.24552618531844814], [0.2526243271014458, 0.2952243450318698, 0.11443457694676439, 0.3377167509199202], [0.44400463468658113, 0.2392488269780906, 0.11398842680698468, 0.20275811152834383], [0.2532619532589988, 0.19568240903052128, 0.42298444846319, 0.12807118924728975], [0.16317422442872512, 0.38646264867258967, 0.09773768433879089, 0.3526254425598943], [0.30621127211233334, 0.37148587474773825, 0.10335407276918859, 0.21894878037073995], [0.2145010192413787, 0.36383284692296036, 0.2621598698453576, 0.15950626399030327], [0.18498865616304383, 0.13082844057085533, 0.2992472551803757, 0.38493564808572517], [0.24868433118019131, 0.43078784880353765, 0.06733833428864121, 0.2531894857276299]]}, "rewritten": {"ids": ["97105451", "97105580", "97105760", "97106000", "97106591", "97106820", "97109570", "97116401", "97116500", "97116790", "98107380", "98109090", "98109311", "98110680", "98110710", "98111231", "98112170", "98116090", "98119591", "99107500", "99108080", "99109370", "99109740", "99109840", "99110050", "99111620", "99111930", "99112641", "100107920", "100110050", "100112060", "101108580", "101109000", "101109120", "101110740", "101111140", "101111210", "101112201", "101112690", "101119030", "102109840", "102111990", "102113350", "102113981", "102121440", "103109641", "103110100", "103111110", "103111480", "103111540", "103111930", "103112470", "103112641", "103113170", "103113640", "103117200", "103118291", "103120531", "104109311", "104112201", "104112470", "104116441", "104117630", "104118340", "104119290", "105113190", "105113260", "105113330", "105113440", "106112770", "106113190", "106113360", "106114321", "106114880", "106115240", "106116120", "106117650", "106117770", "106118820", "106120290", "106121220", "107112840", "107113200", "107113360", "107114490", "107114780", "107116340", "107118780", "107118820", "107121700", "108113480", "108114200", "108115500", "108115880", "108115970", "108116501", "108117610", "108118520", "108118630", "108119510", "109115070", "109116810", "109117271", "109117431", "109117600", "109117730", "109119450", "109120621", "110114561", "110116501", "110118111", "110118301", "110120190", "110121170", "110121450", "111116100", "111116290", "111116990", "111120280", "111120591", "112116451", "112116900", "112117431", "112117780", "112118620", "112118701", "112118810", "112119320", "112119500", "112119980", "112120290", "112120990", "113117340", "113118490", "113119930", "113120591", "113120780", "113121410", "113122120", "113122160", "113122180", "113122430"], "labels": [0, 1, 0, 0, 1, 1, 0, 3, 2, 2, 1, 1, 1, 2, 2, 1, 3, 0, 1, 0, 3, 1, 3, 2, 3, 3, 1, 1, 0, 3, 2, 0, 1, 1, 3, 2, 2, 0, 1, 3, 2, 2, 3, 1, 2, 1, 1, 3, 0, 1, 3, 1, 3, 3, 1, 0, 0, 3, 3, 0, 1, 1, 0, 2, 1, 3, 3, 3, 0, 1, 0, 0, 2, 0, 1, 1, 1, 0, 3, 2, 1, 1, 0, 0, 3, 2, 3, 1, 3, 3, 0, 0, 3, 3, 2, 0, 3, 0, 1, 1, 0, 3, 0, 1, 1, 3, 3, 1, 0, 3, 1, 1, 3, 2, 3, 3, 2, 0, 0, 1, 0, 3, 0, 0, 3, 0, 3, 1, 2, 0, 1, 2, 2, 1, 1, 0, 0, 0, 1, 3, 2, 2], "predicted_labels": [3, 0, 0, 3, 3, 3, 0, 2, 0, 2, 0, 0, 3, 1, 3, 2, 0, 1, 0, 1, 3, 1, 1, 1, 1, 1, 1, 0, 0, 1, 1, 3, 3, 1, 1, 3, 1, 0, 2, 3, 3, 0, 0, 1, 3, 3, 0, 1, 3, 0, 0, 3, 0, 1, 0, 1, 0, 0, 2, 2, 0, 3, 1, 0, 0, 0, 1, 1, 3, 2, 0, 0, 0, 3, 2, 0, 2, 3, 1, 1, 2, 2, 1, 0, 3, 3, 3, 1, 1, 1, 1, 2, 1, 3, 1, 3, 1, 3, 3, 1, 2, 0, 0, 1, 1, 1, 1, 0, 1, 1, 2, 1, 0, 2, 1, 0, 1, 1, 3, 0, 0, 0, 1, 3, 0, 0, 2, 1, 3, 0, 0, 0, 3, 1, 0, 2, 1, 3, 1, 0, 1, 3], "confidence_scores": [[0.31555623772998215, 0.26883677916181875, 0.06660556479754223, 0.3490014183106568], [0.3560502799038504, 0.19554384995042493, 0.18615885428007914, 0.2622470158656456], [0.32798367711048776, 0.31005566437279664, 0.18334037848574503, 0.17862028003097077], [0.14797565505984378, 0.17037018968026899, 0.08530769429182895, 0.5963464609680582], [0.25009783333868646, 0.22060898384653913, 0.16244399985886587, 0.36684918295590874], [0.13029877691215763, 0.18767930581697537, 0.08543272957791151, 0.5965891876929555], [0.3276699112908778, 0.2049121352512057, 0.14986091762150605, 0.3175570358364104], [0.1109653841203331, 0.27599281707815243, 0.3761535906865521, 0.23688820811496233], [0.48117092127144323, 0.16980990305676544, 0.09684472038603632, 0.25217445528575505], [0.1794106318187226, 0.23503547110882395, 0.40705084311849365, 0.1785030539539598], [0.3118237097295478, 0.24127895719875198, 0.27157941665970736, 0.17531791641199276], [0.3973928565709049, 0.26643004442689033, 0.14058025146207284, 0.19559684754013174], [0.1414990539089361, 0.3414205924065086, 0.1333381942250402, 0.38374215945951495], [0.14657232519577323, 0.36987654773974904, 0.11416836148600877, 0.36938276557846894], [0.07583672447136965, 0.4064395605868638, 0.08336934295070021, 0.43435437199106625], [0.25882208158041825, 0.18579928691238584, 0.31756445639889774, 0.23781417510829833], [0.5292451700080559, 0.11340058126105994, 0.15215085377148674, 0.20520339495939746], [0.2080324387859395, 0.4168672546904671, 0.09093230359043097, 0.2841680029331625], [0.3115414423994772, 0.281272150226382, 0.24375330198366627, 0.1634331053904745], [0.2617218980025381, 0.3914251169211548, 0.1574826376063653, 0.18937034746994189], [0.14752484959837495, 0.3086427764779919, 0.1905213679072946, 0.3533110060163386], [0.10238350683380137, 0.6068909949606555, 0.07943633853190335, 0.21128915967363976], [0.17202165953610188, 0.4250761228124586, 0.18029162647880947, 0.22261059117263002], [0.14017774290378499, 0.47075209120804296, 0.12198860292676597, 0.26708156296140606], [0.1806675142907426, 0.39517563022212093, 0.08340305299370436, 0.34075380249343207], [0.17296264443033826, 0.43765161830482735, 0.1149149214172731, 0.2744708158475614], [0.1576920269775483, 0.407722522392906, 0.14246998827472038, 0.2921154623548254], [0.3251708662942107, 0.1641566555269649, 0.2850967956392665, 0.22557568253955784], [0.45165768960320535, 0.25258415289008623, 0.10643528187143532, 0.18932287563527309], [0.1905865094207471, 0.38476938987599507, 0.16519418557212498, 0.25944991513113286], [0.12455394124417396, 0.33332841868706903, 0.21935170758073616, 0.32276593248802066], [0.3156518035801834, 0.183298126232695, 0.11791677437320824, 0.3831332958139133], [0.30256903646229094, 0.10010310025148082, 0.21285940868551823, 0.38446845460071016], [0.21294179978010067, 0.2844434746571653, 0.2228068897703536, 0.27980783579238044], [0.23808751861457658, 0.32541086161307614, 0.21919407474638808, 0.21730754502595917], [0.14027174557616048, 0.14290498486882716, 0.12617302360068441, 0.5906502459543279], [0.12082661790854192, 0.4734843416638508, 0.14402695450363773, 0.2616620859239695], [0.5555805132934502, 0.18697454231772842, 0.15544046374714462, 0.10200448064167701], [0.08087452405406079, 0.19266844952507017, 0.6099289880342295, 0.1165280383866396], [0.10697340021809497, 0.2358361189300975, 0.2137828425049192, 0.4434076383468884], [0.19854433953887693, 0.2971876083583517, 0.10107608822237395, 0.4031919638803974], [0.5451852794256521, 0.13325068646652022, 0.16668189603166814, 0.15488213807615953], [0.38802830931324245, 0.2049811675631062, 0.16957701418543086, 0.2374135089382205], [0.19887182431776781, 0.3551540793396801, 0.13150190262274017, 0.31447219371981194], [0.26509232852422476, 0.20900478618103338, 0.18647239657284898, 0.33943048872189274], [0.20764940855320638, 0.22320521901604878, 0.16754557330751096, 0.40159979912323374], [0.37449479497545324, 0.1987297306620577, 0.12219121906789843, 0.30458425529459077], [0.19009864358109957, 0.30655111594311685, 0.23388713338436715, 0.26946310709141646], [0.22638150572227664, 0.2513806067006115, 0.11978032960952387, 0.4024575579675879], [0.38475325087085316, 0.3758599501223512, 0.09652967387656108, 0.14285712513023457], [0.3554156796669215, 0.2251750979865051, 0.10234071883341617, 0.3170685035131574], [0.20964674144198703, 0.28580748674418255, 0.16138619481191877, 0.3431595770019116], [0.2997557722406733, 0.16602408155483164, 0.27069532850607236, 0.26352481769842273], [0.13292718381650198, 0.39549963075112066, 0.16633357308485675, 0.3052396123475207], [0.29155331990371974, 0.24793004264627325, 0.22531641283297485, 0.23520022461703238], [0.24513805339216374, 0.3530852000178619, 0.14988450513489948, 0.2518922414550748], [0.3094797544671762, 0.24594378633039324, 0.1371037182546182, 0.30747274094781246], [0.47896332798561525, 0.1635443967900703, 0.14910216973069707, 0.20839010549361733], [0.21919625341092727, 0.08327043161132354, 0.49740102281498005, 0.20013229216276912], [0.20496421864217615, 0.28978973508097183, 0.311513531030682, 0.19373251524617002], [0.35260568044889495, 0.29358947713949324, 0.14258745161227177, 0.21121739079934018], [0.3234498619135564, 0.21666292172926638, 0.07855832977624987, 0.38132888658092756], [0.10292226242462578, 0.5984172174514907, 0.07941815752082729, 0.21924236260305618], [0.4934564194713822, 0.18192382196438867, 0.07059406594527415, 0.254025692618955], [0.42186956052120855, 0.2564147607594119, 0.08067557247098597, 0.24104010624839367], [0.3106743431618405, 0.24697079104208275, 0.17302401517318486, 0.26933085062289186], [0.1976205674771808, 0.46162487820591125, 0.09579025999695201, 0.2449642943199561], [0.3023519557422872, 0.4888581835185269, 0.07463573174300454, 0.1341541289961814], [0.168430474847738, 0.3578425752634434, 0.11103750887438543, 0.3626894410144333], [0.16984577368177114, 0.22772845002565956, 0.36763999932639346, 0.234785776966176], [0.4038365097518337, 0.1516331874770315, 0.2571738072255466, 0.18735649554558828], [0.3496403569577934, 0.24723451962781934, 0.23454852584881766, 0.1685765975655697], [0.3535594344118317, 0.24319688500633502, 0.19099777048203354, 0.21224591009979968], [0.1908482834520295, 0.2699008959508892, 0.17962114159358308, 0.35962967900349835], [0.14205287435507463, 0.16563384183973984, 0.5390615157540779, 0.1532517680511076], [0.3479121399426605, 0.2842047471428609, 0.13656442104612213, 0.2313186918683566], [0.1290552721953284, 0.3101314524411237, 0.43530594870109846, 0.1255073266624494], [0.13359347481186282, 0.15632319838117195, 0.13957008342951513, 0.57051324337745], [0.12299981769423342, 0.6059556263481592, 0.09857625207550785, 0.17246830388209947], [0.11874392190119304, 0.3496799370828621, 0.32233566880368614, 0.2092404722122586], [0.13206781237825682, 0.17094900798823676, 0.49519970427179194, 0.20178347536171454], [0.13134009959203283, 0.30695973205795357, 0.3982656192426414, 0.16343454910737215], [0.19125092948166691, 0.5342020012492006, 0.1062699827152662, 0.16827708655386622], [0.3629685244177246, 0.23052711913211255, 0.1811654393629508, 0.22533891708721224], [0.2193681736763814, 0.25783609963596493, 0.15311749913670739, 0.3696782275509465], [0.22225576638840835, 0.30377713647406496, 0.16962565545998856, 0.304341441677538], [0.17600514533127085, 0.24772360963372483, 0.178110846209041, 0.39816039882596344], [0.14981130350889224, 0.39861711724717075, 0.13906653501770072, 0.3125050442262363], [0.18769734178022127, 0.3206664660293919, 0.19620762623935817, 0.2954285659510287], [0.16696105989272406, 0.42868513311104256, 0.16707670967780036, 0.23727709731843288], [0.07075761174145483, 0.7058495825761097, 0.09972717208211379, 0.12366563360032166], [0.1298131904477623, 0.2855442205742395, 0.36295261183983696, 0.2216899771381615], [0.14213326821732888, 0.5059043944227025, 0.19720683431840108, 0.15475550304156746], [0.0981126374665271, 0.2598053754957909, 0.2158138005072212, 0.4262681865304607], [0.21495215893335679, 0.35364905445579004, 0.19454580149614498, 0.23685298511470826], [0.32455450792234564, 0.14551672480120925, 0.10801009918685808, 0.4219186680895871], [0.23537210055052357, 0.5140895695757424, 0.11848046089699685, 0.13205786897673716], [0.2859047802152807, 0.1292629869045395, 0.18665691524540906, 0.3981753176347709], [0.0873725164378476, 0.15803058399405692, 0.09711666532135503, 0.6574802342467406], [0.1231651560477811, 0.6104611186358404, 0.059272123371051935, 0.2071016019453265], [0.2289460160003668, 0.24189819536477591, 0.31363495737042496, 0.2155208312644324], [0.3339011066942116, 0.26713667115848594, 0.08865517384141752, 0.31030704830588507], [0.3503382087292034, 0.1575875141034795, 0.15996404124313102, 0.33211023592418615], [0.33060145616313863, 0.33770678197979426, 0.11155019178793898, 0.22014157006912802], [0.3328237731605019, 0.33288162999797566, 0.18237584507042745, 0.15191875177109498], [0.2503485331877533, 0.273269279082049, 0.2418019873400299, 0.2345802003901679], [0.10444811674156235, 0.5904690359578434, 0.1315831060564781, 0.17349974124411616], [0.3386945984691971, 0.27094445824058816, 0.11194900846761027, 0.27841193482260435], [0.13406609449935303, 0.4143187389425999, 0.07365422701763392, 0.3779609395404131], [0.1689528472475761, 0.5919794913526905, 0.060373833386606, 0.17869382801312755], [0.14422434472601542, 0.2893681497558583, 0.34617241370071633, 0.22023509181740997], [0.2492436833851184, 0.4108713202945513, 0.05941502107379115, 0.28046997524653905], [0.4103144228157791, 0.21938275559507156, 0.04705438230558547, 0.32324843928356384], [0.13146562942461087, 0.18460288686567705, 0.34877419930457376, 0.3351572844051385], [0.26174161009311725, 0.3193382233386159, 0.12696781905367574, 0.29195234751459115], [0.4230227120571217, 0.2569890463524121, 0.10204947189694268, 0.21793876969352355], [0.2884767864334786, 0.344257105719014, 0.1595646645965673, 0.20770144325094], [0.11026886972132202, 0.4038974255578561, 0.3329602268807029, 0.15287347784011904], [0.2834711302572582, 0.07450607165033514, 0.08757397896132711, 0.5544488191310795], [0.418117611466761, 0.19933314108839872, 0.1003861802111332, 0.28216306723370704], [0.43380957419918026, 0.2603899900041179, 0.07303867061078743, 0.23276176518591438], [0.44380129802645374, 0.20920061942033416, 0.19406762633476746, 0.15293045621844462], [0.18134130810407714, 0.47118821020345275, 0.17481223404616006, 0.17265824764631008], [0.2587697684523891, 0.2003076163861437, 0.07074085345791926, 0.47018176170354786], [0.3177162015784528, 0.2435938893968708, 0.1467258230743181, 0.2919640859503582], [0.5075827149330773, 0.2818914559812992, 0.06444737224049303, 0.14607845684513052], [0.2655348324814607, 0.2552965870486766, 0.3505234908411585, 0.1286450896287042], [0.2667046433576964, 0.372795899626142, 0.14825445230996878, 0.21224500470619284], [0.14853260316005718, 0.25388907676160316, 0.09072107383806205, 0.5068572462402776], [0.4149580672421302, 0.22043319974439773, 0.09031378597876885, 0.2742949470347032], [0.5758342188723646, 0.08809104127731587, 0.1493700037665819, 0.18670473608373758], [0.6410626627987629, 0.16294458118142305, 0.11622673297043497, 0.07976602304937908], [0.19020583489617351, 0.20383318737570214, 0.10928559187862265, 0.4966753858495017], [0.14750809328171313, 0.5905527068582255, 0.04312444901869296, 0.2188147508413683], [0.3334264255439886, 0.28993085296993554, 0.12869925502361615, 0.24794346646245977], [0.13608888875035371, 0.2312735749545851, 0.4835689494656443, 0.14906858682941693], [0.21749727853181938, 0.5003260764450639, 0.07163131785664764, 0.21054532716646895], [0.22381953142783112, 0.20942207961826323, 0.18910511603347419, 0.37765327292043155], [0.3594135679778686, 0.3870258516657914, 0.08906861983440136, 0.16449196052193865], [0.5385995438297393, 0.3408846958607662, 0.04740882732305318, 0.073106932986441], [0.24481400661688538, 0.48188302587096243, 0.0668535660190137, 0.20644940149313848], [0.20055011421813215, 0.27417650706546604, 0.05819717651993696, 0.4670762021964649]]}}