{"test": {"ids": ["112120990", "111117000", "111120320", "107113180", "113122190", "112117210", "105116090", "103111170", "106119990", "100108990", "108120621", "103110050", "111116640", "111119950", "108114360", "103113170", "103113260", "101121640", "102116340", "112118890", "109115220", "108118301", "109113881", "97106591", "108121190", "110115710", "105115380", "109119010", "105120280", "112119950", "97116800", "112117790", "97107950", "105117200", "112118860", "98106680", "104113190", "111114121", "111119290", "106116441", "110120640", "105113170", "99109370", "107114321", "99120010", "112120640", "105113190", "103118291", "99107640", "113117630", "100117420", "113119480", "100110050", "106116820", "97107260", "98116500", "104114740", "113120830", "100111380", "102113210", "101112201", "111120280", "103110840", "98110680", "109118701", "99109840", "99109780", "106116370", "113118111", "109116040", "111119300", "110117110", "98112300", "107116300", "110121450", "99108000", "101115190", "106118161", "101111140", "103111110", "108115250", "97107040", "113122650", "113119450", "111115770", "100108260", "110118880", "110114720", "104113210", "109115070", "101111620", "101108121", "104114240", "110121170", "102107961", "100109910", "111116040", "106114011", "98121790", "102116500", "109119450", "111119430", "98110710", "99112300", "97109080", "113118690", "103111930", "109117110", "113120780", "97111790", "100108080", "104116980", "97114170", "104114320", "102110890", "112120700", "100109000", "110117500", "107121230", "110120700", "110117140", "105115570", "110119891", "109119460", "98106560", "112118530", "112118820", "103109641", "111120591", "98110810", "97112170", "100107920", "104113000", "110121140", "110118450", "110118630", "105116501", "99109860", "112118880", "101108580", "113119300", "105117351"], "labels": [2, 0, 1, 3, 1, 1, 1, 2, 0, 2, 1, 3, 0, 0, 1, 3, 3, 2, 3, 3, 3, 1, 0, 1, 1, 2, 1, 3, 3, 0, 0, 3, 2, 3, 3, 1, 3, 0, 3, 0, 0, 0, 1, 0, 2, 0, 3, 0, 1, 0, 2, 3, 3, 1, 2, 2, 2, 3, 3, 3, 0, 0, 1, 2, 3, 2, 2, 2, 1, 0, 1, 0, 2, 0, 3, 2, 1, 3, 2, 3, 1, 2, 2, 3, 3, 3, 0, 3, 3, 0, 3, 0, 0, 2, 3, 2, 0, 1, 2, 1, 3, 3, 2, 0, 2, 3, 3, 1, 0, 2, 0, 1, 2, 2, 0, 2, 1, 1, 0, 2, 3, 0, 3, 1, 1, 1, 0, 1, 1, 1, 0, 0, 1, 3, 0, 1, 1, 2, 1, 0, 1, 0], "predicted_labels": [1, 3, 1, 3, 3, 3, 3, 3, 2, 1, 0, 1, 1, 0, 0, 2, 3, 1, 1, 2, 2, 3, 0, 1, 2, 1, 2, 3, 0, 0, 1, 0, 2, 1, 0, 1, 1, 1, 0, 1, 3, 0, 1, 3, 2, 0, 3, 1, 1, 2, 1, 3, 2, 0, 2, 3, 3, 0, 3, 1, 1, 3, 1, 1, 3, 1, 1, 3, 1, 1, 1, 1, 3, 1, 1, 1, 3, 0, 3, 0, 3, 0, 2, 0, 0, 1, 3, 2, 0, 1, 2, 0, 1, 3, 2, 1, 3, 1, 1, 3, 2, 3, 2, 3, 1, 0, 2, 3, 0, 0, 2, 2, 1, 0, 0, 1, 0, 1, 3, 1, 0, 3, 1, 3, 2, 2, 0, 1, 0, 1, 1, 3, 3, 3, 2, 1, 3, 2, 0, 0, 3, 1], "confidence_scores": [[0.022669321084589997, 0.6756669748833505, 0.292200349736461, 0.00946335429559858], [0.13569392919061424, 0.004701492099038965, 0.0006699514275402818, 0.8589346272828065], [0.05236008348441236, 0.8079956207380359, 0.06684233130538558, 0.07280196447216611], [0.0007820583531157521, 0.01802789310716319, 0.0009452324447428209, 0.9802448160949782], [0.019715538820610157, 0.045164460178404454, 0.09626062891622843, 0.8388593720847569], [0.06314060633980018, 0.20048564414934564, 0.22663884748278562, 0.5097349020280686], [0.13883413344345796, 0.03518903611586837, 0.009708476006414935, 0.8162683544342586], [0.27755432631725035, 0.1679303944823426, 0.2415103136643616, 0.31300496553604534], [0.34396052849466324, 0.1383185630862901, 0.38099587251795364, 0.13672503590109314], [0.19824961508212738, 0.38758718606585263, 0.19111857959137812, 0.2230446192606419], [0.939674719589121, 0.030083111115411017, 0.007386606732819469, 0.022855562562648417], [0.06356036695389246, 0.8952822114657039, 0.028391619392755717, 0.012765802187647916], [0.3837006221352588, 0.5167629098428279, 0.04852255211772365, 0.05101391590418972], [0.3230090694388879, 0.31349169144893496, 0.06743601465337458, 0.2960632244588027], [0.3675148255739909, 0.2674825359815753, 0.05135339649178599, 0.313649241952648], [0.23161082298949182, 0.047097304226612874, 0.712857826938358, 0.008434045845537213], [0.010278236709071138, 0.08788418945771255, 0.0021501375317943094, 0.899687436301422], [0.10949854880613365, 0.5386412679725597, 0.0017578162736585365, 0.3501023669476481], [0.0076791566290346155, 0.9199665914174371, 0.01694424507066455, 0.05541000688286389], [0.1202879718774408, 0.13143967563234532, 0.6014912732462402, 0.1467810792439737], [0.040937254817899095, 0.329749941137709, 0.49269510418750506, 0.13661769985688685], [0.0058328028533547365, 0.02700476499529318, 0.07959751558527613, 0.8875649165660761], [0.8977942056589352, 0.010143354320638797, 0.07993135716425846, 0.012131082856167532], [0.007899243725229719, 0.9680829856808677, 0.0010337595537960544, 0.022984011040106608], [0.056661247612204826, 0.26576914035447663, 0.5275455781612295, 0.1500240338720891], [0.24163701949577424, 0.6558191382689627, 0.08786430157502756, 0.014679540660235477], [0.017273036604493395, 0.21066281304906692, 0.6536762964203083, 0.11838785392613134], [0.11016585973681539, 0.01295531739494789, 0.23050095649836166, 0.646377866369875], [0.8616284817041292, 0.12492843524887227, 0.002996256876196744, 0.010446826170801721], [0.9321760686202647, 9.857080775315035e-05, 0.011064441664121537, 0.05666091890786069], [0.2981359856317203, 0.5762912012997888, 0.020302631945974963, 0.105270181122516], [0.8375255618772093, 0.008315203622121655, 0.006791683512048213, 0.14736755098862095], [0.34594398890672484, 0.012725059983995335, 0.44403997195768946, 0.19729097915159044], [0.048204222439786684, 0.8615058507341281, 0.017466236314742496, 0.07282369051134269], [0.40643887597234585, 0.2626359909620234, 0.033344019738266104, 0.2975811133273646], [0.42682491762328323, 0.43717274971135867, 0.11348949817875742, 0.02251283448660082], [0.261288175229673, 0.523474860167407, 0.20502255211413425, 0.0102144124887858], [0.21406236420434965, 0.5986414471789161, 0.008298599787664264, 0.17899758882907005], [0.7448568778203772, 0.035697899029193736, 0.030820285222137162, 0.18862493792829188], [0.025789922976958837, 0.9438472135608565, 0.007757608530531546, 0.02260525493165297], [0.097217139745605, 0.023465175456963874, 0.04555772835980377, 0.8337599564376272], [0.7808620796718785, 0.10377897358415614, 0.05198969777727613, 0.06336924896668925], [0.001833796620980405, 0.9899795000574052, 0.0006577537677970798, 0.0075289495538173315], [0.07440755785588932, 0.2375423989806964, 0.0007862946302837046, 0.6872637485331305], [0.2538348680099122, 0.32076514547738505, 0.3894983493294964, 0.03590163718320629], [0.8991310045851242, 0.046095219968759565, 0.006468040138453198, 0.04830573530766327], [0.28326497883625046, 0.019291632425450924, 0.2951674178324119, 0.4022759709058867], [0.08978664885060031, 0.6529368785872077, 0.21734519922951195, 0.03993127333268002], [0.005737677969573224, 0.8404952895644704, 0.03643343859656321, 0.11733359386939317], [0.33386210879792877, 0.15006879023886968, 0.36722971926781456, 0.1488393816953871], [0.1117207704811591, 0.7001905504408368, 0.09062875200302278, 0.0974599270749813], [0.2445789596013919, 0.094366744773857, 0.0597074589688731, 0.6013468366558781], [0.16542959498897486, 0.20197252559724493, 0.6147592875452051, 0.017838591868575004], [0.6743715288231081, 0.05237039081868532, 0.18366221463413307, 0.08959586572407344], [0.06060152722942875, 0.22943701075453116, 0.6119967227889841, 0.09796473922705609], [0.1540640068739847, 0.04017047972188263, 0.049757042251048156, 0.7560084711530846], [0.049522907522809106, 0.13312059055992345, 0.26952287138722186, 0.5478336305300455], [0.698170556798467, 0.04323365996350893, 0.06915835780952731, 0.18943742542849684], [0.0038583135417696534, 0.17203925161645262, 0.34573474268310644, 0.47836769215867136], [0.08453217082749998, 0.7043230988420309, 0.025384056436987507, 0.18576067389348155], [0.222805500566445, 0.46483391542956154, 0.015490333608287816, 0.29687025039570564], [0.09499865644322618, 0.1178016596942513, 0.00972786989850093, 0.7774718139640217], [0.009668647806224936, 0.7982304526112871, 0.0064242539335997014, 0.18567664564888817], [0.006292198840984061, 0.8359670854152647, 0.1561637006843335, 0.0015770150594177825], [0.049768137893494865, 0.3646865319503543, 0.116980389337467, 0.4685649408186839], [0.07623637805873547, 0.8990962076860618, 0.013748237698581633, 0.010919176556621116], [0.04404079554598995, 0.43150124831981135, 0.2643221568413596, 0.26013579929283925], [0.44114321545215623, 0.01245223654477529, 0.011619866253841215, 0.5347846817492273], [0.32247546774598157, 0.4223524714757606, 0.1026409578468941, 0.15253110293136368], [0.05149259409264847, 0.9076598882525664, 0.018460872391593806, 0.022386645263191417], [0.0047126480094500595, 0.9604878170990018, 0.008275937027439947, 0.02652359786410806], [0.12244101117814234, 0.8209551149068969, 0.017481092175149822, 0.03912278173981105], [0.19476734209866464, 0.23042257679746767, 0.0051178810025317555, 0.5696922001013358], [0.2367799403790184, 0.4121224107897774, 0.0021695556328504245, 0.3489280931983537], [0.2993928995161986, 0.6723964186324637, 0.0002042190173591698, 0.02800646283397863], [0.031110719472398334, 0.7915277220169558, 0.12720615797917262, 0.05015540053147331], [0.27643089307277685, 0.1283681777861112, 0.2524296747321938, 0.34277125440891804], [0.9407157069392752, 0.03327349279479073, 0.0009286897352894855, 0.02508211053064445], [0.38718387835494006, 0.013055146972579998, 0.04880661399655828, 0.5509543606759216], [0.7326938451874482, 0.007296088049662201, 0.018972015664209325, 0.24103805109868018], [0.008990652565985082, 0.0070078408649473746, 0.08534751307981535, 0.8986539934892521], [0.4094475403190102, 0.01963722746329701, 0.3703426840449816, 0.20057254817271122], [0.01560934777562611, 0.030796603242096855, 0.4923527768918301, 0.461241272090447], [0.7936153114162475, 0.050097210459162635, 0.065521795233295, 0.09076568289129486], [0.4792246094408654, 0.41655725563830837, 0.012876520843632047, 0.09134161407719422], [0.21209221104552986, 0.6988934151578693, 0.0776952347052545, 0.011319139091346431], [0.1334911382293995, 0.16629289154074042, 0.004709768913698226, 0.6955062013161618], [0.04223759315600843, 0.030982715726905946, 0.9059195440185077, 0.02086014709857807], [0.5345887257166546, 0.0013827615168525529, 0.4485791688423192, 0.015449343924173674], [0.031452726116841793, 0.8953818459353985, 0.06085065575749477, 0.012314772190264915], [0.050504207997611614, 0.12531629054133328, 0.760137751142616, 0.0640417503184392], [0.7765523063110897, 0.03350073842498145, 0.0021504520455004955, 0.1877965032184282], [0.4243097483416072, 0.44505394366403445, 0.06630129428862849, 0.06433501370572986], [0.2592606931492003, 0.19271394933465955, 0.19629130178946794, 0.3517340557266722], [0.038661661593389914, 0.03726952771368842, 0.8096450584808932, 0.1144237522120283], [0.05133636206722267, 0.6715412147526686, 0.2638019409147993, 0.013320482265309404], [0.302066451094005, 0.04551219501221529, 0.018265712211779177, 0.6341556416820004], [0.003405984532689312, 0.9905033199597063, 0.0057112098646977935, 0.00037948564290667385], [0.050199368103670566, 0.71891958806966, 0.06260280269048976, 0.16827824113617965], [0.11563368522738786, 0.06599619042022337, 0.0034003879101819515, 0.8149697364422068], [0.05820628155058537, 0.03381399895805902, 0.8462366611985711, 0.06174305829278467], [0.006042028962183597, 0.01731328583482823, 0.017905041902185597, 0.9587396433008025], [0.006000895815527863, 0.37132630705051783, 0.5713573334902748, 0.05131546364367939], [0.02737825199001333, 0.07335263812711243, 0.22828755748243748, 0.6709815524004368], [0.0596255917074159, 0.47032110299648616, 0.035532462211619244, 0.43452084308447864], [0.6830871251823941, 0.04030302890575755, 0.013092000416434647, 0.2635178454954137], [0.45174283226741696, 0.06695367090949225, 0.46697986635843897, 0.0143236304646519], [0.021225627935435545, 0.23253855415078284, 0.06778969650591551, 0.6784461214078661], [0.3860256336485792, 0.23683122865405287, 0.23954539680394157, 0.13759774089342636], [0.5032478337007651, 0.454736677490417, 0.018100193415518856, 0.0239152953932991], [0.07643734140452679, 0.018348759076485713, 0.6913497415448755, 0.21386415797411187], [0.002643831443029235, 0.3300988868914309, 0.5952847600534272, 0.07197252161211248], [0.15252061387134955, 0.41296000685154155, 0.02324103247901115, 0.4112783467980979], [0.6823861504342508, 0.06456644858387581, 0.2256196414509632, 0.027427759530910124], [0.7436325898613659, 0.004410231797872018, 0.0008029440486637335, 0.2511542342920985], [0.03184782822706792, 0.9007047344029564, 0.032851513944946835, 0.03459592342502895], [0.6914171329654212, 0.17795819989308956, 0.004458320902929876, 0.12616634623855932], [0.06003454441154643, 0.6296643213304823, 0.0028038211054272543, 0.3074973131525438], [0.006942721992136433, 0.02167642999302966, 0.014167128059207855, 0.9572137199556261], [0.0294922047182445, 0.7711339037814118, 0.010169291966860708, 0.1892045995334831], [0.5576912614119081, 0.056802373774325406, 0.006587772385654637, 0.378918592428112], [0.08203836472104857, 0.20629257478479585, 0.32949157869769313, 0.38217748179646244], [0.12142508074618967, 0.8412604781185725, 0.005389278875258829, 0.0319251622599789], [0.10061259437113874, 0.021590069102363982, 0.04003287676200907, 0.8377644597644882], [0.07522180179215357, 0.029659610389272447, 0.8772326828351044, 0.017885904983469748], [0.017607599364097892, 0.3071409948060459, 0.5022484441741619, 0.17300296165569412], [0.5287161655371969, 0.012266158594989902, 0.016654539340140818, 0.4423631365276723], [0.06471052589234699, 0.42758118466600603, 0.4009913039849732, 0.10671698545667384], [0.7494428390731338, 0.033228320374063695, 0.007408010725238728, 0.2099208298275639], [0.051676484546638125, 0.5144701589813698, 0.4315425162024967, 0.0023108402694953533], [0.15178180953066836, 0.82226009324402, 0.011952751502047358, 0.014005345723264478], [0.0331628684490111, 0.024053758422226307, 0.03863896454922692, 0.9041444085795357], [0.07993398025585705, 0.011644052928765029, 0.007469896620791566, 0.9009520701945863], [0.4216817797987701, 0.009991126294040647, 0.06890432792919332, 0.4994227659779959], [0.020338554450031868, 0.2541567983861897, 0.7210855634183003, 0.004419083745478121], [0.048031073604218766, 0.5820928652999867, 0.02724042210436623, 0.34263563899142835], [0.034580023812962206, 0.18887421448867442, 0.07046055996957383, 0.7060852017287895], [0.018367854346365477, 0.4295381295084283, 0.4431346001408869, 0.10895941600431927], [0.895199930712487, 0.0746872785343104, 0.00883268495846824, 0.021280105794734386], [0.9125028668787036, 0.002755058925791167, 0.010956958759498316, 0.07378511543600677], [0.058950955263231505, 0.004040682066954219, 0.021586952039860878, 0.9154214106299534], [0.07065413630000023, 0.6318007046724092, 0.05498263899280472, 0.24256252003478582]]}, "rewritten": {"ids": ["97106591", "97107040", "97107260", "97107950", "97109080", "97111790", "97112170", "97114170", "97116800", "98106560", "98106680", "98110680", "98110710", "98110810", "98112300", "98116500", "98121790", "99107640", "99108000", "99109370", "99109780", "99109840", "99109860", "99112300", "99120010", "100107920", "100108080", "100108260", "100108990", "100109000", "100109910", "100110050", "100111380", "100117420", "101108121", "101108580", "101111140", "101111620", "101112201", "101115190", "101121640", "102107961", "102110890", "102113210", "102116340", "102116500", "103109641", "103110050", "103110840", "103111110", "103111170", "103111930", "103113170", "103113260", "103118291", "104113000", "104113190", "104113210", "104114240", "104114320", "104114740", "104116980", "105113170", "105113190", "105115380", "105115570", "105116090", "105116501", "105117200", "105117351", "105120280", "106114011", "106116370", "106116441", "106116820", "106118161", "106119990", "107113180", "107114321", "107116300", "107121230", "108114360", "108115250", "108118301", "108120621", "108121190", "109113881", "109115070", "109115220", "109116040", "109117110", "109118701", "109119010", "109119450", "109119460", "110114720", "110115710", "110117110", "110117140", "110117500", "110118450", "110118630", "110118880", "110119891", "110120640", "110120700", "110121140", "110121170", "110121450", "111114121", "111115770", "111116040", "111116640", "111117000", "111119290", "111119300", "111119430", "111119950", "111120280", "111120320", "111120591", "112117210", "112117790", "112118530", "112118820", "112118860", "112118880", "112118890", "112119950", "112120640", "112120700", "112120990", "113117630", "113118111", "113118690", "113119300", "113119450", "113119480", "113120780", "113120830", "113122190", "113122650"], "labels": [1, 2, 2, 2, 2, 2, 0, 2, 0, 1, 1, 2, 2, 1, 2, 2, 2, 1, 2, 1, 2, 2, 2, 0, 2, 0, 0, 3, 2, 1, 2, 3, 3, 2, 0, 0, 2, 3, 0, 1, 2, 3, 0, 3, 3, 1, 1, 3, 1, 3, 2, 3, 3, 3, 0, 1, 3, 3, 0, 2, 2, 1, 0, 3, 1, 0, 1, 1, 3, 0, 3, 1, 2, 0, 1, 3, 0, 3, 0, 0, 0, 1, 1, 1, 1, 1, 0, 0, 3, 0, 1, 3, 3, 3, 1, 3, 2, 0, 3, 1, 0, 1, 0, 3, 0, 2, 3, 2, 3, 0, 3, 0, 0, 0, 3, 1, 3, 0, 0, 1, 1, 1, 3, 1, 0, 3, 1, 3, 0, 0, 2, 2, 0, 1, 3, 1, 3, 3, 0, 3, 1, 2], "predicted_labels": [2, 0, 1, 0, 1, 1, 1, 3, 0, 2, 0, 1, 2, 2, 0, 3, 1, 1, 1, 1, 3, 1, 1, 3, 1, 3, 2, 1, 0, 0, 1, 2, 3, 1, 0, 0, 0, 3, 0, 3, 3, 3, 0, 1, 3, 3, 1, 2, 1, 0, 0, 0, 0, 3, 1, 3, 1, 3, 0, 0, 2, 3, 0, 0, 1, 2, 3, 3, 3, 1, 1, 1, 0, 1, 0, 0, 0, 3, 3, 3, 3, 0, 3, 3, 0, 3, 0, 1, 3, 1, 3, 1, 3, 0, 3, 2, 1, 1, 0, 1, 1, 3, 3, 1, 3, 1, 0, 1, 1, 1, 0, 3, 3, 0, 0, 1, 3, 0, 3, 1, 0, 3, 0, 2, 0, 2, 0, 1, 0, 0, 1, 2, 0, 0, 0, 3, 0, 3, 0, 3, 3, 3], "confidence_scores": [[0.1002670058172973, 0.025550517020115036, 0.8484582131370494, 0.02572426402553829], [0.5076430545001098, 0.02962078737872717, 0.24865868550750622, 0.21407747261365673], [0.14859212422840473, 0.5502405471408462, 0.248673525300265, 0.052493803330483924], [0.5123879822650946, 0.11848448372961233, 0.1400721796037789, 0.2290553544015141], [0.01730141408510613, 0.609927338035019, 0.014073172488947261, 0.3586980753909277], [0.3704854330133233, 0.5647482171862348, 0.026605249406759245, 0.038161100393682715], [0.39249128762814245, 0.4520763404708655, 0.013013993696681629, 0.14241837820431064], [0.06083929086102171, 0.3317237075105859, 0.0219246926634497, 0.5855123089649427], [0.4996898678464852, 0.15422579680787296, 0.022906926675529352, 0.32317740867011235], [0.054418693817950545, 0.02697145341802093, 0.9043324084051404, 0.014277444358888041], [0.5998114180332788, 0.15944158480842124, 0.1894288984892658, 0.05131809866903418], [0.0035286244852867424, 0.9380433044754776, 0.05461121481641956, 0.003816856222816045], [0.004514542404970513, 0.4044324634386352, 0.4873416981971181, 0.10371129595927603], [0.10713318207306859, 0.016622017681319427, 0.8727464571320305, 0.003498343113581435], [0.9549831216144247, 0.006968139206958918, 0.010982424261441777, 0.027066314917174563], [0.07701948389157914, 0.017625075403876436, 0.11862211396841872, 0.7867333267361256], [0.12337209789151024, 0.5030353239514038, 0.021153968391885488, 0.3524386097652004], [0.03009426655511819, 0.46230784135754716, 0.06366203420864139, 0.44393585787869316], [0.029063679247152127, 0.7589173230564109, 0.04097771885706907, 0.1710412788393679], [0.014560478801740473, 0.9657242466067721, 0.0060039809747314925, 0.013711293616755917], [0.150564005362399, 0.255900447211871, 0.18486553585751617, 0.40867001156821386], [0.09130947684404382, 0.8619720132636797, 0.01720185860205829, 0.029516651290218385], [0.01698955089516459, 0.4880753035170028, 0.4579869264597378, 0.036948219128094775], [0.36791977787643226, 0.0024679632475256316, 0.04890879010312186, 0.5807034687729203], [0.05357007092442014, 0.8940667643001764, 0.04328849183802455, 0.009074672937378823], [0.10243069848592207, 0.00815843829268905, 0.04158284980241798, 0.8478280134189708], [0.06185695645453287, 0.003998520350429275, 0.5995499229510706, 0.3345946002439672], [0.06394483962946051, 0.8579207452609098, 0.0668764879735157, 0.011257927136114006], [0.40195507599508357, 0.24926328327177502, 0.21360868985875864, 0.13517295087438264], [0.8288128252120387, 0.06816786280927989, 0.006084471968728525, 0.09693484000995292], [0.06804197505759768, 0.5103659523364481, 0.39622427494229245, 0.02536779766366179], [0.27337179019956015, 0.10861826417832864, 0.585062791680791, 0.03294715394132023], [0.023339131208764227, 0.026829370931932304, 0.2126878210502598, 0.7371436768090436], [0.12157206709887583, 0.500076029671949, 0.2651140081424302, 0.11323789508674498], [0.8217811598783931, 0.039082160634554795, 0.00360906279295972, 0.13552761669409236], [0.8445820970824705, 0.023726895015952768, 0.0411239845214343, 0.09056702338014241], [0.690889314051007, 0.026971856550622945, 0.11230907735387721, 0.16982975204449283], [0.17343064379121634, 0.3202603933731655, 0.1599910886902793, 0.3463178741453389], [0.8223692315718636, 0.07949933069143426, 0.006811759232494578, 0.09131967850420764], [0.22506409567764538, 0.19772491916058751, 0.15185499479585857, 0.42535599036590854], [0.027710683379718635, 0.2657102654530271, 0.000791532830319963, 0.7057875183369343], [0.04057354384475104, 0.0009109059094843734, 0.05113190870178341, 0.9073836415439811], [0.6745443516431213, 0.000416044539351591, 0.0007205346898600417, 0.324319069127667], [0.03205608193866065, 0.7050270178404208, 0.03335719137755409, 0.22955970884336463], [0.0650788834670764, 0.0899236015236456, 0.006473079716075654, 0.8385244352932023], [0.018914521361496402, 0.16926056662431133, 0.002420825517241843, 0.8094040864969505], [0.2707551765762599, 0.4495999241979236, 0.13658138296623848, 0.14306351625957803], [0.24284691846692014, 0.25757816880379214, 0.345892857581921, 0.15368205514736666], [0.0940680452036507, 0.5098293432172992, 0.029980731477899147, 0.366121880101151], [0.6808598851413433, 0.0016614840072500846, 0.03343931298009632, 0.2840393178713102], [0.5953296513969117, 0.04821842027614837, 0.22537898630784842, 0.13107294201909145], [0.6479034059614471, 0.06275572384103646, 0.2838375582413229, 0.005503311956193624], [0.5365382179875781, 0.0599561604467817, 0.39481943193971575, 0.008686189625924564], [0.06594173177956646, 0.10913728250415358, 0.02392303128989672, 0.8009979544263833], [0.27464358658617205, 0.6330526068788899, 0.08244353056345896, 0.009860275971478974], [0.08753656033868623, 0.011539478429266614, 0.004010639830751211, 0.896913321401296], [0.06258915409784045, 0.8029644525293149, 0.05656071228827271, 0.07788568108457189], [0.27489480233154145, 0.008906194917617816, 0.03299860941108381, 0.683200393339757], [0.5672236191166317, 0.11877647604964826, 0.16334931183033766, 0.15065059300338238], [0.8066373026662149, 0.04050946895079057, 0.14860083721270073, 0.00425239117029395], [0.11500718066537699, 0.18597687745153832, 0.37453294726582853, 0.32448299461725605], [0.0015034800046252197, 0.11727171389697714, 0.08091200861773735, 0.8003127974806602], [0.5856375307406313, 0.15840506038657456, 0.0739540959511129, 0.1820033129216813], [0.44984959598163504, 0.009446000499728456, 0.3768812402306676, 0.16382316328796884], [0.03694375291340349, 0.4354775692833875, 0.2887297738311256, 0.2388489039720834], [0.05715442786790291, 0.2265862591278367, 0.545602095425758, 0.17065721757850247], [0.12535352938125438, 0.031976973336866554, 0.011002959209994063, 0.831666538071885], [0.04258007817665037, 0.09409530523475254, 0.1681138875068889, 0.6952107290817083], [0.10271095271844591, 0.21669005693778526, 0.07759385431550127, 0.6030051360282677], [0.07208931528333228, 0.5422563852746302, 0.12505524206913915, 0.26059905737289857], [0.23939279297193444, 0.731068859956022, 0.0032965249150364124, 0.0262418221570071], [0.2315818467753722, 0.545705645893952, 0.19808887511616255, 0.02462363221451324], [0.4563978908798204, 0.16691256298434556, 0.05525367450488963, 0.3214358716309443], [0.03137027676449947, 0.837856987289351, 0.05294353481580705, 0.07782920113034227], [0.7833419170633733, 0.03411273655066811, 0.13354315345593393, 0.0490021929300247], [0.8861278315329185, 0.11181684868737167, 0.00038959333507830964, 0.0016657264446314672], [0.4914919265382218, 0.04865445012306501, 0.1551116017061083, 0.304742021632605], [0.008877623568252632, 0.08015234130951591, 0.005422233343293507, 0.905547801778938], [0.3236697921704004, 0.09942548580650817, 0.034693703315365344, 0.542211018707726], [0.1861207817374309, 0.27753165408090846, 0.004223570156953284, 0.5321239940247073], [0.06386026459544258, 0.08259135427958852, 0.10437323062416472, 0.7491751505008043], [0.9600099194538839, 0.0008150470025426134, 0.012501548015087426, 0.02667348552848604], [0.00666906573974748, 0.0012810911959596296, 0.012037372965200315, 0.9800124700990926], [0.002533070996100287, 0.0401476396599308, 0.07468823140819231, 0.8826310579357767], [0.8516640504883246, 0.03095796596267292, 0.07128670437181035, 0.04609127917719211], [0.061088899412283564, 0.10657779752319838, 0.2481177207125834, 0.5842155823519346], [0.9856430451599051, 0.0012271142744399266, 0.009822125841816133, 0.003307714723838618], [0.02028028043231538, 0.9332552078779451, 0.03140853117073095, 0.015055980519008479], [0.09823941634505232, 0.11484955367075055, 0.17951131323955316, 0.607399716744644], [0.28092113263402657, 0.617297463840769, 0.06790825022736836, 0.03387315329783594], [0.26615336462860245, 0.07701685402736974, 0.17459618540714236, 0.48223359593688553], [0.20852241927312748, 0.5470353097009, 0.052045454187430444, 0.19239681683854215], [0.07201926194491477, 0.05825218444948581, 0.18035844347011826, 0.6893701101354813], [0.4815878536052738, 0.019604461289263398, 0.3609565406764315, 0.13785114442903135], [0.14612224404025007, 0.014750508377363289, 0.022489611818459907, 0.8166376357639268], [0.13009994667709396, 0.05008472331398104, 0.6457111439468975, 0.17410418606202752], [0.173970585325164, 0.6471856782004907, 0.14881575814509018, 0.030027978329254957], [0.1990510741668631, 0.5338142902788598, 0.22870528605986656, 0.038429349494410535], [0.7138272347565795, 0.09670490474571798, 0.019415240638446175, 0.17005261985925627], [0.12623827934546045, 0.7033661558071361, 0.008266411138984017, 0.16212915370841946], [0.03805588662612694, 0.7088078921048804, 0.24740963923560516, 0.005726582033387437], [0.05329315887470898, 0.31326596810978913, 0.12424283798656828, 0.5091980350289336], [0.06443048803941406, 0.133283872605586, 0.001687295611431776, 0.8005983437435681], [0.2144235779176107, 0.7548492562052436, 0.009724521451517015, 0.021002644425628766], [0.3066378304228882, 0.013605185192548464, 0.008144071439926376, 0.6716129129446369], [0.006404131614089909, 0.5820098894432155, 0.016181999780145617, 0.39540397916254894], [0.9781361384911536, 0.0015996519877155605, 0.0070146359352121004, 0.013249573585918861], [0.0829099681409192, 0.7368821671053026, 0.08180645628512671, 0.09840140846865147], [0.10082169561973951, 0.8800715878099992, 0.000241781925932129, 0.018864934644329156], [0.16565465356644654, 0.6975694841605741, 0.005579666998034367, 0.13119619527494503], [0.662836078524321, 0.2520022994797293, 0.010169584931874602, 0.07499203706407499], [0.017606209075526597, 0.013546703304525178, 0.005550616413600128, 0.9632964712063482], [0.4214754896621034, 0.006088712996200824, 0.06247059662891363, 0.5099652007127821], [0.486733596463856, 0.028950542759207817, 0.001617756740857223, 0.4826981040360791], [0.6607827830383828, 0.022912422022245103, 0.046785526431959545, 0.2695192685074125], [0.021252778436408087, 0.7087578625227636, 0.18037077678264354, 0.08961858225818481], [0.005474157776138356, 0.0033842174335692796, 0.034563834877260155, 0.9565777899130322], [0.7603549472424324, 0.08358840374912248, 0.03170896330966515, 0.12434768569877994], [0.2455126803293715, 0.09898405309931733, 0.0033359588920918834, 0.6521673076792193], [0.07575206222107522, 0.5391552955320515, 0.07695062886285199, 0.3081420133840212], [0.48981025315110555, 0.012492784772625222, 0.02100833908365852, 0.4766886229926108], [0.053056452761732535, 0.11611766903319122, 0.3817180772978159, 0.4491078009072603], [0.6258709638506632, 0.00793436159378849, 0.00470262977388375, 0.3614920447816644], [0.015673853751252347, 0.10444671701590115, 0.7565104505227079, 0.12336897871013858], [0.6557515110167149, 0.06740564839268852, 0.029218243628521642, 0.24762459696207492], [0.10087997511670509, 0.05194891158551289, 0.7467747971838514, 0.10039631611393066], [0.9160953622155711, 0.042704035683765865, 0.021124003535887947, 0.02007659856477512], [0.3761424206735318, 0.42871900352072817, 0.07716762826410624, 0.11797094754163386], [0.9755683116360634, 0.0001874684873412017, 0.003426731650783498, 0.020817488225811982], [0.6713583765036263, 0.2740264838091475, 0.004402528775515733, 0.050212610911710434], [0.015078524373117496, 0.4246383009332083, 0.19996355815063574, 0.3603196165430385], [0.13013067421863675, 0.1360916356115088, 0.7233448393216649, 0.01043285084818952], [0.8358237167464565, 0.013989517463440635, 0.14595731021881284, 0.0042294555712899876], [0.5767812177457303, 0.02977213915550407, 0.052732128642170084, 0.3407145144565954], [0.579778713801762, 0.03566421008554857, 0.017678440888918335, 0.3668786352237711], [0.43469765008286326, 0.032556541666932566, 0.028170517320038904, 0.5045752909301652], [0.599556124732098, 0.17504837104398813, 0.13607526103789236, 0.08932024318602146], [0.28757856451768754, 0.018301382016120527, 0.2643460664856487, 0.4297739869805432], [0.7246071194830358, 0.04173383696941378, 0.11338207757771208, 0.12027696596983832], [0.26137104485542995, 0.03459452787647518, 0.27051362610178237, 0.4335208011663126], [0.09049620678785017, 0.06527377115087468, 0.3188229677040042, 0.525407054357271], [0.046227875793925136, 0.017115840417590213, 0.22243309364268413, 0.7142231901458006]]}}