{"test": {"ids": ["109120621", "105112130", "106113360", "105113330", "109117110", "98106680", "106119260", "98106560", "112119950", "100108490", "107114950", "111119300", "111116170", "110121720", "107116980", "110117140", "102121440", "104114410", "103113610", "99108710", "108116070", "99112840", "111118820", "103110840", "108120260", "102109910", "110118111", "108114670", "108116120", "103117200", "110114720", "102109850", "111119290", "105112100", "100117420", "110116501", "108118060", "111114171", "102112250", "104114240", "107113260", "109117600", "112120290", "112118550", "109118701", "105113620", "104117200", "112119500", "102116340", "98110230", "111121220", "112116640", "107114321", "103117461", "109120150", "113120260", "107119390", "104110960", "97107260", "110114321", "106113170", "106111321", "97112830", "99109840", "101119591", "109113591", "106112770", "108114270", "112118860", "97114170", "101108121", "109117080", "109115380", "111120220", "103113640", "109115211", "107120010", "104119340", "101115190", "109116441", "105113260", "112119980", "112121430", "103109641", "109117730", "110115250", "108117360", "112119610", "101108580", "106114150", "98108410", "110115710", "113120640", "99108460", "113121410", "98112580", "108120621", "100108260", "108118291", "98109311", "100109000", "99120010", "108117451", "112116501", "100109980", "99107660", "107114140", "97106820", "113120280", "112118471", "110118301", "113117550", "101111620", "100109890", "97109570", "100120780", "106119580", "101111310", "113117340", "99109311", "112116850", "110117110", "97105960", "110120190", "99117740", "101114020", "106118161", "100115700", "110113931", "111120260", "101112540", "112118810", "106118520", "97112300", "109116040", "108118520", "102112030", "99113260", "98107380", "106120290", "110120531", "110118930"], "labels": [1, 1, 0, 3, 1, 1, 1, 1, 0, 2, 3, 1, 0, 3, 3, 3, 2, 1, 2, 2, 1, 2, 0, 1, 1, 2, 1, 3, 1, 0, 3, 1, 3, 1, 2, 3, 1, 3, 0, 0, 0, 1, 1, 3, 3, 0, 3, 2, 3, 3, 3, 0, 0, 0, 2, 3, 2, 2, 2, 1, 0, 0, 2, 2, 0, 3, 1, 3, 3, 2, 0, 1, 3, 3, 1, 0, 1, 1, 1, 3, 3, 0, 2, 1, 3, 1, 1, 0, 0, 1, 1, 2, 0, 0, 0, 2, 1, 3, 3, 1, 1, 2, 2, 3, 1, 3, 2, 1, 0, 1, 1, 3, 3, 3, 0, 1, 3, 3, 2, 1, 0, 0, 2, 3, 2, 3, 3, 1, 1, 3, 2, 3, 2, 2, 0, 0, 2, 0, 1, 2, 0, 1], "predicted_labels": [0, 1, 1, 3, 1, 2, 0, 3, 0, 3, 0, 1, 3, 1, 0, 3, 1, 0, 0, 3, 2, 1, 0, 0, 3, 1, 0, 1, 0, 0, 2, 2, 1, 3, 2, 3, 3, 1, 3, 3, 2, 0, 2, 3, 0, 1, 1, 1, 3, 3, 3, 0, 3, 1, 3, 2, 3, 0, 3, 1, 1, 2, 0, 3, 0, 3, 3, 1, 0, 2, 0, 1, 1, 1, 0, 3, 0, 3, 1, 0, 3, 3, 0, 3, 0, 3, 2, 1, 3, 0, 1, 3, 0, 1, 3, 1, 0, 1, 0, 2, 1, 3, 3, 3, 0, 3, 1, 0, 0, 1, 0, 1, 3, 0, 3, 3, 1, 3, 0, 0, 3, 1, 3, 0, 3, 2, 3, 0, 3, 0, 3, 3, 3, 0, 3, 1, 0, 3, 3, 2, 3, 1], "confidence_scores": [[0.6115499387393374, 0.08266742008875012, 0.0673195262303437, 0.23846311494156885], [0.22316684930695926, 0.40419435256911446, 0.10117615215756329, 0.27146264596636294], [0.18075152769245809, 0.6186430016793877, 0.07625797513410054, 0.12434749549405379], [0.2746784178626625, 0.1610806856297921, 0.06902268978316384, 0.4952182067243815], [0.25901774049693355, 0.365165090066616, 0.08278356638969311, 0.2930336030467574], [0.18325286382795625, 0.23018597311080044, 0.378882340095597, 0.20767882296564621], [0.5445656113565932, 0.10526091145909827, 0.16826780972292307, 0.1819056674613854], [0.25638877850028624, 0.25064484887914923, 0.12135080314813479, 0.37161556947242985], [0.6152462319913221, 0.0736941645806806, 0.03208690045075914, 0.27897270297723814], [0.2316497533505644, 0.24550774547841372, 0.16408520327635967, 0.35875729789466226], [0.32984511698078883, 0.17425150876640358, 0.17671424229804436, 0.31918913195476334], [0.19176867874771675, 0.4374064934271268, 0.11145202743943232, 0.2593728003857241], [0.22338276415139396, 0.2563584204776175, 0.09587889846888088, 0.42437991690210763], [0.11857827549771652, 0.39890985045294103, 0.36298996641113923, 0.11952190763820325], [0.6396193132309689, 0.1846928989908398, 0.08583002186016872, 0.08985776591802264], [0.14789148293711443, 0.2807081712784987, 0.1823157560775513, 0.3890845897068355], [0.21938895331715216, 0.3226412420246633, 0.18955083354354224, 0.26841897111464236], [0.3572663059132193, 0.23572620284033058, 0.21722014423031383, 0.18978734701613648], [0.4200971429305866, 0.28776478416514617, 0.08990156079652194, 0.20223651210774543], [0.18231043219282267, 0.36618185725499613, 0.07020061073060357, 0.3813070998215777], [0.14919959057088944, 0.23150027568805212, 0.40518730002049547, 0.2141128337205629], [0.14389172647371845, 0.5383441342830785, 0.07862599679303017, 0.2391381424501729], [0.6532216795773443, 0.13473341597252292, 0.04517790074067708, 0.16686700370945548], [0.640177793504898, 0.09167094777495209, 0.12907732782522854, 0.13907393089492126], [0.29799252442514174, 0.19029981350106823, 0.10571787863456227, 0.4059897834392278], [0.1745877297367351, 0.395786111874799, 0.14687391968143143, 0.28275223870703453], [0.42300309534760233, 0.3038952903746713, 0.09141128471337084, 0.18169032956435538], [0.1268735505927307, 0.40611949494745736, 0.17515243840186842, 0.2918545160579435], [0.35271673491558353, 0.2711943535425423, 0.1632316686982155, 0.2128572428436588], [0.6339342423063307, 0.12237456331536865, 0.05208977509620858, 0.1916014192820921], [0.1321743743526217, 0.3035711009691755, 0.3604084271410551, 0.20384609753714797], [0.14413964066852594, 0.17482112965508861, 0.6045764205640195, 0.07646280911236594], [0.09483380017565546, 0.6133352963117717, 0.10770575256991631, 0.1841251509426567], [0.19187248098202186, 0.3154308960832757, 0.1552864850510467, 0.33741013788365587], [0.20121328865155694, 0.20362938143764092, 0.4473147702368918, 0.14784255967391025], [0.2105935918933376, 0.14044964011002836, 0.17869306533522142, 0.4702637026614126], [0.19299920574892113, 0.18229510572539512, 0.14118256649225144, 0.4835231220334324], [0.15208370869970197, 0.4875890658619727, 0.06717860942348593, 0.29314861601483944], [0.19852553148754676, 0.25006340539924465, 0.12240085002279145, 0.4290102130904172], [0.24364291780765057, 0.2239037019476417, 0.08474959265739404, 0.44770378758731366], [0.2751300607794219, 0.15359445912749747, 0.2941232804135483, 0.2771521996795323], [0.47834317846029994, 0.2088137449394514, 0.08978895658998089, 0.223054120010268], [0.21401638279804955, 0.08448239609732727, 0.4548518471323084, 0.24664937397231482], [0.1317225377944097, 0.18666790207143738, 0.07322556884914215, 0.6083839912850109], [0.4439259529625326, 0.11365686290896553, 0.16887956243129557, 0.2735376216972063], [0.2402679630671249, 0.4508484432851497, 0.14501864394778904, 0.16386494969993634], [0.2292117976384329, 0.3408442405100339, 0.22715835418188512, 0.20278560766964798], [0.12756299501305424, 0.4401370377594405, 0.34645302330784405, 0.08584694391966126], [0.1077653986492656, 0.31625374760896957, 0.12787084526267498, 0.4481100084790898], [0.24933777671350169, 0.2895902666437467, 0.07628013617256034, 0.3847918204701915], [0.12298939789086165, 0.09479743666764012, 0.10306773390487879, 0.6791454315366193], [0.5882996034038142, 0.16517875043260863, 0.0986716758098037, 0.14784997035377348], [0.13039172730619683, 0.31803777091600544, 0.20764632556999413, 0.3439241762078036], [0.1790947770321992, 0.43746040911440925, 0.12587134153810567, 0.25757347231528593], [0.2492836934759664, 0.15079862229484747, 0.25291905446548496, 0.34699862976370116], [0.2711816831741286, 0.2294650259328985, 0.29594501060483513, 0.20340828028813787], [0.3033313302527451, 0.19767250944882447, 0.1453468046603246, 0.35364935563810584], [0.2896500487504479, 0.2520690823389192, 0.17037142704079594, 0.28790944186983686], [0.11444797513413321, 0.18872853823900995, 0.2621418230917475, 0.43468166353510934], [0.21356468349521637, 0.5194399260949082, 0.1005649245442299, 0.16643046586564564], [0.13383738054798858, 0.6637431757274905, 0.034257092838213404, 0.16816235088630752], [0.24060500895251155, 0.29278273258010346, 0.3022203141052752, 0.16439194436210966], [0.3657386775207626, 0.20323269068617664, 0.11571383103425611, 0.3153148007588048], [0.2497495718810584, 0.18770017158501365, 0.16488746814140873, 0.3976627883925192], [0.5227313120676181, 0.1229747253645321, 0.1270249386768798, 0.2272690238909699], [0.2617388990992469, 0.3038744452526624, 0.12245355264703774, 0.3119331030010529], [0.29146892909272976, 0.16277591877656722, 0.24342299945624796, 0.3023321526744552], [0.21103905774406645, 0.40632343137347804, 0.13471555453327355, 0.2479219563491819], [0.33565350882727213, 0.2372838680622153, 0.13146738047629375, 0.2955952426342187], [0.11204621660866629, 0.2456226852756593, 0.34490299686613746, 0.29742810124953695], [0.2911288359853628, 0.2843633084083432, 0.18074981490424977, 0.24375804070204418], [0.26412279518913023, 0.45946477984493383, 0.14061339824936034, 0.13579902671657576], [0.13961107343548923, 0.43002524060277647, 0.27983696391302904, 0.1505267220487055], [0.22546694835932965, 0.31784113178252515, 0.21417473823152586, 0.24251718162661937], [0.4345565059426619, 0.15280833383169173, 0.09030209066653647, 0.32233306955911], [0.18193629635047762, 0.14633511694528298, 0.11342764581956667, 0.5583009408846727], [0.29184151984268386, 0.2333585393402005, 0.2777531463753735, 0.1970467944417422], [0.18181876059288457, 0.22708639645767542, 0.10423254966117644, 0.4868622932882636], [0.15534466086159976, 0.5370194620620471, 0.0768934446910532, 0.23074243238530007], [0.487265155662513, 0.1555683280345873, 0.10852351189106313, 0.24864300441183673], [0.1462034538843202, 0.29780037743068977, 0.07458202070319414, 0.48141414798179577], [0.15364619867962737, 0.35787388058293235, 0.07128431232010876, 0.4171956084173315], [0.4082627303370608, 0.1934061063117254, 0.15148570501373163, 0.2468454583374824], [0.13533457492321677, 0.21742980818887322, 0.31542659456518407, 0.33180902232272597], [0.52437791833502, 0.23754871201561223, 0.08188594367092333, 0.1561874259784442], [0.2819870847779748, 0.20081169131868803, 0.13794159215729498, 0.3792596317460424], [0.1914081213577625, 0.1694481940094703, 0.3255929347524878, 0.3135507498802793], [0.15368927762291418, 0.4303669032540292, 0.20802037192276224, 0.20792344720029446], [0.14808549964681703, 0.0848009981195213, 0.08715165905424761, 0.679961843179414], [0.40382737822914816, 0.21725236439742213, 0.1002027262701113, 0.2787175311033186], [0.2921550406937406, 0.29668078597979186, 0.27136108517910446, 0.139803088147363], [0.11769964936514854, 0.19161625647369473, 0.07778880858268221, 0.6128952855784745], [0.7950324745242969, 0.07611031481057193, 0.05636388190279786, 0.07249332876233334], [0.15031112313582212, 0.5734499101786203, 0.05762475164949259, 0.21861421503606504], [0.12618274099009147, 0.09681530642226242, 0.04211311378452262, 0.7348888388031236], [0.23228740472598178, 0.4243562941709796, 0.09543980670390642, 0.24791649439913233], [0.6208258981250356, 0.23984507492194848, 0.07997342568167984, 0.05935560127133605], [0.17867524788706987, 0.3307508745589473, 0.181302490603617, 0.30927138695036593], [0.48938329658270624, 0.12239338028442186, 0.11480935723136561, 0.27341396590150646], [0.19905599649995265, 0.11433395090811085, 0.4823979384937852, 0.20421211409815143], [0.25654302720187533, 0.38685791460663416, 0.15456848944957732, 0.20203056874191325], [0.16304038829281664, 0.18661162834851863, 0.21097259976737603, 0.4393753835912888], [0.19506733302087742, 0.1691777167626786, 0.10105635427694167, 0.5346985959395023], [0.26808549154233563, 0.27452401296721224, 0.11489108276269713, 0.342499412727755], [0.3172740482978738, 0.23764787103690088, 0.19316946455083261, 0.25190861611439264], [0.2438310761786113, 0.13571873578076563, 0.2355645854259674, 0.38488560261465576], [0.32723607156251394, 0.34147516494839036, 0.21303168300718098, 0.11825708048191474], [0.4747204548222485, 0.14364296421174616, 0.10328357976637806, 0.2783530011996273], [0.6532467051811712, 0.07345652357131739, 0.0683809776351395, 0.20491579361237194], [0.22575820480517209, 0.45013514089887274, 0.13848693683174987, 0.18561971746420536], [0.3694259931582067, 0.24666885446526574, 0.2363322240399965, 0.147572928336531], [0.29484425957187643, 0.3381298344202117, 0.13038329321237524, 0.2366426127955367], [0.19216452996588376, 0.2696182639800913, 0.2413067307688563, 0.2969104752851687], [0.31859704913645615, 0.2685657343527977, 0.17740606702321676, 0.2354311494875295], [0.1114895766213162, 0.18171597515341142, 0.1521135155863731, 0.5546809326388994], [0.19954532507697292, 0.21505977074488375, 0.23276169209177333, 0.35263321208637], [0.23303525945888373, 0.30328060107344773, 0.22978067366688856, 0.23390346580078017], [0.17661682273819068, 0.250165171393725, 0.13525811328138287, 0.43795989258670137], [0.41014040420599257, 0.38792877760281913, 0.10992144993665784, 0.09200936825453032], [0.43471181581682267, 0.21043648990252076, 0.1549986917632748, 0.19985300251738175], [0.23174355545800202, 0.15740061582136136, 0.11390335708798267, 0.4969524716326539], [0.10480225877629139, 0.6411542384751401, 0.1125571167909034, 0.14148638595766508], [0.12410053215719521, 0.11191578931831206, 0.16870870675486158, 0.5952749717696312], [0.37808705948025395, 0.14309612819477854, 0.22577499694380812, 0.2530418153811594], [0.21525251377756063, 0.28560205777760916, 0.15854309001308492, 0.3406023384317453], [0.19939519617970752, 0.2385867684442445, 0.2963578578810541, 0.26566017749499377], [0.21698900334782925, 0.21114024871206105, 0.20780149792060457, 0.36406925001950513], [0.6070196174053444, 0.12862274768209014, 0.15920562420006112, 0.10515201071250421], [0.24443974357171705, 0.20933855141475508, 0.16466945482886766, 0.38155225018466016], [0.4847900211278108, 0.31618799650505486, 0.06623538566089812, 0.1327865967062365], [0.1686080828355814, 0.22490427862576953, 0.1546425765853885, 0.4518450619532607], [0.15892724131357083, 0.3408397897553554, 0.11318740699602012, 0.3870455619350537], [0.21397800294615127, 0.29021037011088985, 0.11975154335021658, 0.37606008359274223], [0.3714904242572218, 0.3327149687069516, 0.0857944662852926, 0.210000140750534], [0.2381646867670705, 0.223818022774247, 0.1519974277804918, 0.38601986267819066], [0.28217403369017097, 0.2878204075634339, 0.2008096708449305, 0.22919588790146456], [0.43534182301733654, 0.25793327431647556, 0.14666754448458377, 0.16005735818160424], [0.18586765290026747, 0.14883252380484133, 0.2043000451685061, 0.4609997781263851], [0.2946468550583017, 0.2172406985055768, 0.1924889032839168, 0.2956235431522047], [0.14660942449348038, 0.22172048141794795, 0.48191497296834634, 0.1497551211202255], [0.07331295055518268, 0.10108202369919873, 0.04126706555947086, 0.7843379601861477], [0.14972774553815274, 0.3997544140886527, 0.12725391756880167, 0.323263922804393]]}, "rewritten": {"ids": ["97105960", "97106820", "97107260", "97109570", "97112300", "97112830", "97114170", "98106560", "98106680", "98107380", "98108410", "98109311", "98110230", "98112580", "99107660", "99108460", "99108710", "99109311", "99109840", "99112840", "99113260", "99117740", "99120010", "100108260", "100108490", "100109000", "100109890", "100109980", "100115700", "100117420", "100120780", "101108121", "101108580", "101111310", "101111620", "101112540", "101114020", "101115190", "101119591", "102109850", "102109910", "102112030", "102112250", "102116340", "102121440", "103109641", "103110840", "103113610", "103113640", "103117200", "103117461", "104110960", "104114240", "104114410", "104117200", "104119340", "105112100", "105112130", "105113260", "105113330", "105113620", "106111321", "106112770", "106113170", "106113360", "106114150", "106118161", "106118520", "106119260", "106119580", "106120290", "107113260", "107114140", "107114321", "107114950", "107116980", "107119390", "107120010", "108114270", "108114670", "108116070", "108116120", "108117360", "108117451", "108118060", "108118291", "108118520", "108120260", "108120621", "109113591", "109115211", "109115380", "109116040", "109116441", "109117080", "109117110", "109117600", "109117730", "109118701", "109120150", "109120621", "110113931", "110114321", "110114720", "110115250", "110115710", "110116501", "110117110", "110117140", "110118111", "110118301", "110118930", "110120190", "110120531", "110121720", "111114171", "111116170", "111118820", "111119290", "111119300", "111120220", "111120260", "111121220", "112116501", "112116640", "112116850", "112118471", "112118550", "112118810", "112118860", "112119500", "112119610", "112119950", "112119980", "112120290", "112121430", "113117340", "113117550", "113120260", "113120280", "113120640", "113121410"], "labels": [2, 1, 2, 0, 2, 2, 2, 1, 1, 1, 1, 1, 3, 2, 3, 0, 2, 1, 2, 2, 0, 2, 2, 3, 2, 1, 3, 1, 1, 2, 1, 0, 0, 3, 3, 2, 3, 1, 0, 1, 2, 2, 0, 3, 2, 1, 1, 2, 1, 0, 0, 2, 0, 1, 3, 1, 1, 1, 3, 3, 0, 0, 1, 0, 0, 1, 3, 2, 1, 3, 2, 0, 2, 0, 3, 3, 2, 1, 3, 3, 1, 1, 1, 2, 1, 3, 0, 1, 1, 3, 0, 3, 0, 3, 1, 1, 1, 3, 3, 2, 1, 1, 1, 3, 1, 2, 3, 0, 3, 1, 1, 1, 3, 0, 3, 3, 0, 0, 3, 1, 3, 3, 3, 3, 0, 0, 1, 3, 3, 3, 2, 0, 0, 0, 1, 2, 2, 3, 3, 0, 0, 0], "predicted_labels": [3, 0, 3, 0, 1, 3, 3, 3, 1, 1, 1, 0, 0, 3, 0, 3, 1, 3, 3, 1, 3, 1, 3, 3, 1, 0, 3, 0, 0, 1, 3, 1, 3, 3, 0, 3, 3, 1, 0, 2, 0, 0, 3, 1, 1, 2, 0, 0, 0, 1, 1, 3, 3, 2, 3, 3, 3, 3, 0, 3, 1, 1, 3, 3, 1, 0, 3, 0, 0, 1, 2, 3, 0, 3, 1, 0, 3, 2, 1, 2, 1, 3, 3, 3, 3, 0, 1, 0, 1, 3, 3, 3, 3, 0, 1, 1, 3, 0, 0, 2, 3, 3, 0, 2, 3, 3, 0, 0, 1, 1, 0, 1, 0, 3, 1, 1, 3, 0, 1, 3, 1, 0, 3, 3, 0, 3, 2, 3, 3, 2, 1, 0, 0, 3, 2, 3, 1, 1, 1, 0, 0, 3], "confidence_scores": [[0.16709273717828735, 0.1640532727900639, 0.22282218027295495, 0.4460318097586936], [0.4520445375848444, 0.13153542686876732, 0.14349197509099204, 0.272928060455396], [0.17563415933606932, 0.14045228720227315, 0.2501158840375235, 0.433797669424134], [0.27751537447116836, 0.17713208969916122, 0.2760297156267434, 0.269322820202927], [0.3329908984947148, 0.3592796502134908, 0.06801234618565374, 0.2397171051061408], [0.21874049753074665, 0.14081698626471278, 0.30456460930730306, 0.33587790689723745], [0.10102453383258062, 0.23018762262525772, 0.16819559381654692, 0.5005922497256148], [0.28838142231245895, 0.2536311836915143, 0.13001909600944353, 0.32796829798658317], [0.35359753355922346, 0.4922138211215746, 0.05828992666600655, 0.09589871865319533], [0.2611122710264328, 0.2886248302752731, 0.18104884188029172, 0.26921405681800237], [0.2560138045464924, 0.30837503069523536, 0.15112784343834454, 0.28448332131992776], [0.3408190262882358, 0.13326478491578633, 0.26072016105267626, 0.2651960277433017], [0.545682808012277, 0.24586177213462698, 0.055372195344639885, 0.15308322450845624], [0.1684779304692865, 0.26753455942317644, 0.1995176858598363, 0.36446982424770097], [0.4799713357609889, 0.2161113414841901, 0.06300346140395427, 0.24091386135086687], [0.10856623013459524, 0.3748252273516596, 0.05767548762257379, 0.4589330548911715], [0.17755658140601513, 0.34547363282325755, 0.24419104389033972, 0.23277874188038755], [0.27414142358418253, 0.26272101741669573, 0.13705331013047256, 0.32608424886864923], [0.24000319819448268, 0.2577438801994928, 0.16160386724849138, 0.34064905435753323], [0.17981024511016522, 0.5511816174204032, 0.10015374254358451, 0.16885439492584714], [0.15346728765989032, 0.1402755898504035, 0.21004391175352094, 0.4962132107361852], [0.2130596199079149, 0.36871237650575267, 0.10618071526485771, 0.3120472883214747], [0.17681462378111393, 0.31113334997639563, 0.13698098726262864, 0.3750710389798618], [0.11953211475377465, 0.30126654257818286, 0.09627668032173804, 0.4829246623463046], [0.19111003911860341, 0.3210829807875609, 0.24177783324410151, 0.2460291468497342], [0.32872025923982334, 0.22200920460282098, 0.20842823072368766, 0.24084230543366816], [0.33771033378201637, 0.18725852686993216, 0.10668901302049778, 0.3683421263275537], [0.3406554410535086, 0.22855499931012752, 0.23455504295011836, 0.1962345166862457], [0.4642567994144372, 0.2038627836196656, 0.19476512256724066, 0.13711529439865647], [0.2726434194573749, 0.3048512823845289, 0.2196320675256178, 0.2028732306324784], [0.10935967887408042, 0.1578494021579114, 0.1556169376698181, 0.5771739812981901], [0.21986491528261054, 0.2961219730563535, 0.21235238514418764, 0.2716607265168483], [0.30422876763457096, 0.08621239960295783, 0.0879519952997952, 0.5216068374626761], [0.25014474507357404, 0.2576855565383664, 0.14733551645481868, 0.34483418193324084], [0.388364396667843, 0.26796323374928854, 0.12480702165061584, 0.21886534793225276], [0.13685636335147489, 0.30106143010598196, 0.1937457025341347, 0.36833650400840867], [0.19635360398725288, 0.2006896559165018, 0.17605118186080276, 0.4269055582354427], [0.16812011257678028, 0.4994173286493338, 0.10509578044514209, 0.22736677832874388], [0.3823018595619579, 0.14470590923748314, 0.17898375224143637, 0.2940084789591226], [0.15295642064182347, 0.30364841223311084, 0.48100779258125187, 0.0623873745438139], [0.35917285641157637, 0.2700683996498364, 0.12599627988166653, 0.24476246405692081], [0.3409971332281169, 0.31197763214860735, 0.16817958910432346, 0.17884564551895232], [0.2019718175298061, 0.26391432623813466, 0.12593220439690875, 0.4081816518351504], [0.29777294206736654, 0.39926256726381393, 0.10279982178405012, 0.2001646688847693], [0.2576979361760197, 0.2994751059693379, 0.1467101560381134, 0.29611680181652883], [0.16824036473967, 0.29648733919341425, 0.3351721179741595, 0.20010017809275635], [0.35781662227809596, 0.1835679417374529, 0.2662566122552285, 0.1923588237292227], [0.3997940747764655, 0.18424692497117912, 0.12764011102830727, 0.28831888922404814], [0.6034583456417917, 0.14265736938251145, 0.06512084874055837, 0.18876343623513858], [0.148242779729976, 0.4028058930097346, 0.11820414504953758, 0.3307471822107519], [0.20970212821756834, 0.3600641125354282, 0.09200698338983675, 0.3382267758571669], [0.2356239549355331, 0.2583563967809772, 0.12203605970683526, 0.3839835885766546], [0.2195208058535137, 0.29540588606783186, 0.105292096258313, 0.3797812118203416], [0.20747170434713738, 0.13769285994092811, 0.46080697364888773, 0.19402846206304677], [0.18678228757893284, 0.3047406442654498, 0.13326795978008515, 0.37520910837553234], [0.2232875852525846, 0.151417931562558, 0.07734534351974136, 0.5479491396651159], [0.19008689926148103, 0.19317880626753217, 0.2177751508797651, 0.3989591435912217], [0.1650527021521688, 0.18893156204812314, 0.20094657212921363, 0.44506916367049454], [0.3268159327650715, 0.30320246745775337, 0.05303157194548946, 0.31695002783168574], [0.3393594355092725, 0.12110633416893438, 0.05827747813750447, 0.4812567521842888], [0.24705323248420757, 0.34346343193222967, 0.14877563722798517, 0.26070769835557767], [0.25446970437058547, 0.3733404415455553, 0.23454315638200007, 0.13764669770185928], [0.15040618859474947, 0.31478715809752167, 0.16922696374687973, 0.3655796895608491], [0.12150319839439519, 0.3102420964301701, 0.04664068905036186, 0.5216140161250727], [0.2537662951800063, 0.5605228486190449, 0.08418432136373577, 0.10152653483721305], [0.48604105470825865, 0.20731237458552543, 0.06717651584227315, 0.23947005486394293], [0.18132849495054232, 0.12417540321209859, 0.1897174127119644, 0.5047786891253948], [0.31671360210728994, 0.29124338731732036, 0.15394245443253085, 0.23810055614285883], [0.40079597074978196, 0.11574233302912382, 0.2251886202242287, 0.25827307599686566], [0.2234744549502699, 0.4205122890106894, 0.18021611414842062, 0.17579714189062012], [0.13366300753472446, 0.2787230605224572, 0.4760755995705228, 0.11153833237229549], [0.27948432907046045, 0.20522789514615164, 0.1429336113318987, 0.37235416445148917], [0.30729789415559045, 0.30488205649916117, 0.2677844541398207, 0.12003559520542775], [0.05620908787156958, 0.24924389631056898, 0.14147245456904428, 0.5530745612488172], [0.32680337843413587, 0.4279283678998206, 0.05739572391520604, 0.18787252975083737], [0.7373337859710346, 0.13802913250380242, 0.05402825287047883, 0.07060882865468415], [0.24744740501465623, 0.13764108204021508, 0.12442826649890198, 0.4904832464462267], [0.1959116868337931, 0.24633963356075916, 0.38029923897865975, 0.17744944062678802], [0.10850606648956072, 0.4323552726914365, 0.13387599236641637, 0.32526266845258633], [0.07786994180722336, 0.3292981809605179, 0.35791536582764266, 0.23491651140461614], [0.14995538259343308, 0.3585048999913311, 0.1987781784005523, 0.29276153901468366], [0.255680761611909, 0.20742386688279615, 0.096678211339972, 0.4402171601653229], [0.2544227720530636, 0.13616367128415804, 0.1818086300961755, 0.42760492656660287], [0.2942802251942197, 0.11236128287517544, 0.05236399133958405, 0.5409945005910208], [0.18321503684956095, 0.31245820903229854, 0.11380319099986583, 0.3905235631182748], [0.41448291010603044, 0.1148222381510179, 0.09658511949657089, 0.3741097322463808], [0.2880431042317537, 0.30126279747547635, 0.218361505516223, 0.1923325927765468], [0.32600439851086227, 0.23147825384723236, 0.1594685292803264, 0.2830488183615789], [0.3626135960848322, 0.4099623723762689, 0.09528795634097212, 0.1321360751979268], [0.27893910127740723, 0.2704910194262245, 0.16648846036798337, 0.28408141892838484], [0.24193725081915862, 0.2789937692016508, 0.14119854620201833, 0.33787043377717224], [0.17363235472265898, 0.32530055723482915, 0.1141322590579316, 0.38693482898458015], [0.2815029317207929, 0.14280960463016415, 0.09630296793883922, 0.47938449571020375], [0.5198888484653373, 0.153035208629686, 0.14716868385947013, 0.1799072590455066], [0.11915640605079653, 0.628811282937964, 0.08789977966174793, 0.16413253134949157], [0.23277967461342514, 0.4240608336411068, 0.15673926006845493, 0.18642023167701308], [0.2558571970730942, 0.2509006057848202, 0.14746662928122872, 0.34577556786085684], [0.5648934976333253, 0.12185332777256348, 0.1344817771597116, 0.17877139743439965], [0.488133864529518, 0.14608430967791375, 0.1550649982439538, 0.21071682754861462], [0.2422154567997378, 0.18802940318324204, 0.3424899155881772, 0.2272652244288429], [0.3258834281428245, 0.256405194043176, 0.09113799331241129, 0.32657338450158835], [0.2661559252425043, 0.20701828850064866, 0.1204563421764198, 0.4063694440804274], [0.42883279685927017, 0.3188100754447399, 0.07321728502395887, 0.17913984267203104], [0.10084169648973819, 0.17559521936454592, 0.43251606597372516, 0.29104701817199075], [0.2017427600958874, 0.32818872213538214, 0.13506188672523342, 0.335006631043497], [0.1239621684799799, 0.2126003979879542, 0.10118545053983911, 0.5622519829922269], [0.30590737567468734, 0.19563294024363476, 0.2214493750876085, 0.27701030899406953], [0.30633422809484206, 0.23667964090055074, 0.19563260416262662, 0.2613535268419807], [0.11759554472626613, 0.4280633780101883, 0.07818329271947602, 0.3761577845440697], [0.20278370335975407, 0.5737853048030529, 0.05983862296865445, 0.1635923688685385], [0.26867896062435936, 0.2617872111160813, 0.2540163417749606, 0.21551748648459873], [0.1430189851392165, 0.42043455343921604, 0.16687720761593378, 0.2696692538056335], [0.4009222222596966, 0.167714781002814, 0.15086475129169477, 0.28049824544579466], [0.051941843371457484, 0.12741998496358864, 0.026332764185809925, 0.7943054074791439], [0.25392439755347895, 0.37896398578359486, 0.17922259627695025, 0.18788902038597607], [0.22968218139725596, 0.38406334570551026, 0.13185431068413028, 0.25440016221310346], [0.35013535420915604, 0.11934797436548611, 0.07139425340322425, 0.45912241802213355], [0.5858516745658144, 0.1467652972499606, 0.07674005185226673, 0.19064297633195806], [0.13799553593845978, 0.4398049320170515, 0.10806517372608665, 0.3141343583184021], [0.1961776960231593, 0.2707665668617426, 0.16382484133927236, 0.3692308957758258], [0.2574157188996376, 0.34611878318041234, 0.23640444108915878, 0.1600610568307912], [0.4339828412818654, 0.24237390861546454, 0.058321604250608325, 0.26532164585206175], [0.10509807213831578, 0.15883285141347006, 0.09653495191347836, 0.6395341245347358], [0.11732886694790906, 0.11455992270361183, 0.09702970254628365, 0.6710815078021957], [0.6872496710548388, 0.10254557386129548, 0.04593028824107648, 0.16427446684278924], [0.14168111174193757, 0.24524846322035104, 0.21040306345387305, 0.4026673615838385], [0.13788637568385753, 0.29540632161920993, 0.45493754070792314, 0.11176976198900947], [0.2510090169409638, 0.31055907949005185, 0.08534909568911118, 0.3530828078798732], [0.16281159626884448, 0.3456756802661804, 0.14285828853885607, 0.3486544349261189], [0.19594913741842734, 0.26879449206707473, 0.2759006674819227, 0.2593557030325752], [0.06746279764546537, 0.7503499044080343, 0.11370993581524988, 0.06847736213125055], [0.2697782390828694, 0.26708808970100156, 0.21061625830674796, 0.25251741290938123], [0.702273445351168, 0.07403220177254653, 0.03479490631460016, 0.18889944656168545], [0.17266143581272506, 0.2706141973706128, 0.09642885329756182, 0.46029551351910025], [0.16177283715595117, 0.12087726920204397, 0.5153313548597996, 0.20201853878220516], [0.31466595408455467, 0.10268589264630892, 0.15841241022309185, 0.4242357430460445], [0.12680611417754578, 0.49482366912212905, 0.11077497640136141, 0.26759524029896375], [0.16141916969056375, 0.4203886618396378, 0.21105807123487408, 0.20713409723492432], [0.21605148126975057, 0.3482010429158579, 0.14986422709900563, 0.28588324871538584], [0.47574713218550346, 0.10986824157770354, 0.1552096990062063, 0.25917492723058666], [0.3567444006456956, 0.2961053314304048, 0.14300047090701734, 0.20414979701688243], [0.25652442344926624, 0.13383890019854028, 0.059396806225972536, 0.5502398701262211]]}}