{"test": {"ids": ["109120621", "103113610", "102118380", "101114020", "113120780", "113118231", "98116090", "111117571", "111115910", "99108520", "111119150", "107116501", "107113180", "109117110", "110121170", "97113260", "111115620", "108120060", "112117780", "109114030", "112116850", "111121410", "97105960", "110120540", "105112260", "105120280", "97118210", "111114941", "105115380", "110115980", "109117080", "97111790", "107114780", "104111620", "103113640", "97116401", "99107560", "100109910", "99112641", "112118161", "113120640", "103113270", "99112531", "110113591", "106116820", "111119250", "106114880", "110120190", "104110960", "102110050", "108118301", "106120640", "110117200", "99109740", "103110100", "109121351", "105117200", "101114990", "103111170", "105112240", "112121030", "110115140", "101108290", "110114720", "102116340", "110118740", "113117550", "103113260", "109118820", "108117610", "103111930", "108115880", "98111670", "110114920", "110116290", "102109010", "111121351", "103120340", "104109311", "106114280", "108113760", "105113620", "111120220", "99108890", "110117500", "105117351", "113120830", "100110050", "100109801", "112117210", "110118301", "106118520", "113122190", "98107010", "100113210", "106116640", "103111620", "102108621", "111119950", "112118471", "103120780", "113121980", "101121640", "107114950", "109119591", "108119550", "107114200", "112118860", "98108150", "112117580", "107112840", "99109370", "105119950", "112120270", "107115250", "101112160", "113121410", "111116170", "111116411", "106118301", "109117730", "112117431", "111116990", "101109000", "110121450", "97105760", "99108330", "108113480", "112119450", "109115070", "100111380", "112118421", "112119500", "99110730", "110115120", "109114720", "107120010", "109117271", "111118910", "112120540", "110115250", "110118701"], "labels": [1, 2, 1, 3, 0, 3, 0, 3, 2, 2, 3, 1, 3, 1, 2, 1, 1, 1, 0, 1, 0, 0, 2, 1, 3, 3, 2, 0, 1, 1, 1, 2, 2, 0, 1, 3, 1, 2, 1, 0, 0, 2, 3, 0, 1, 1, 0, 3, 2, 3, 1, 3, 3, 3, 1, 0, 3, 3, 2, 1, 0, 0, 0, 3, 3, 3, 3, 3, 3, 3, 3, 3, 1, 3, 2, 1, 0, 1, 3, 3, 1, 0, 3, 0, 1, 0, 3, 3, 0, 1, 1, 2, 1, 3, 0, 3, 0, 3, 0, 1, 1, 2, 2, 3, 0, 1, 2, 3, 0, 0, 1, 1, 3, 0, 2, 3, 0, 0, 0, 1, 3, 0, 0, 1, 3, 0, 1, 0, 3, 0, 3, 3, 2, 3, 0, 0, 1, 0, 0, 3, 1, 3], "predicted_labels": [1, 2, 2, 3, 1, 0, 1, 3, 3, 3, 1, 3, 3, 1, 3, 3, 0, 2, 3, 0, 1, 1, 3, 3, 1, 1, 3, 1, 1, 3, 3, 3, 3, 0, 0, 3, 1, 2, 3, 0, 0, 3, 0, 3, 1, 0, 1, 3, 3, 1, 1, 3, 3, 1, 3, 0, 2, 1, 3, 3, 3, 1, 3, 1, 0, 1, 1, 3, 0, 3, 1, 3, 1, 1, 3, 3, 3, 2, 3, 3, 1, 1, 1, 2, 3, 1, 1, 2, 3, 1, 0, 2, 1, 0, 1, 1, 1, 0, 3, 1, 1, 1, 2, 3, 1, 3, 3, 3, 3, 3, 0, 1, 2, 3, 1, 1, 3, 3, 0, 0, 3, 1, 3, 3, 1, 1, 2, 1, 1, 1, 2, 3, 3, 3, 3, 3, 3, 1, 3, 1, 0, 1], "confidence_scores": [[0.17156309344144038, 0.4059658066042002, 0.09492304054922694, 0.32754805940513243], [0.24769645590331127, 0.08492132860085927, 0.4452908718748595, 0.22209134362096988], [0.11699060431606308, 0.20411627533476107, 0.4382314026045962, 0.24066171774457976], [0.2242673977665631, 0.21782839647668906, 0.15560441707113878, 0.4022997886856092], [0.12546889819477802, 0.6015063006651781, 0.09620675886198281, 0.17681804227806117], [0.3584999080153691, 0.28336805156921796, 0.09861611089692063, 0.2595159295184925], [0.23472524811310475, 0.3573299364620664, 0.18404425261997143, 0.22390056280485757], [0.295949527303238, 0.28551813768156314, 0.09589332484358956, 0.32263901017160945], [0.1821984798805534, 0.26366572217814943, 0.2036996724098864, 0.3504361255314108], [0.17234320608472325, 0.2408647793648667, 0.23481338564832163, 0.3519786289020884], [0.23515115979500373, 0.34731618561096705, 0.15751120627725768, 0.26002144831677165], [0.20768002128983076, 0.212688035017307, 0.08609222622130001, 0.4935397174715623], [0.23916360555667923, 0.19431592618447585, 0.18717343456030158, 0.37934703369854345], [0.25231776555626595, 0.30983116427126295, 0.20918945914532863, 0.22866161102714255], [0.1632292111118918, 0.25569166447202424, 0.07019843827044353, 0.5108806861456404], [0.216792603182466, 0.16593402513332556, 0.27742427609285175, 0.3398490955913568], [0.33614099340790776, 0.23217862457076538, 0.13068009168883624, 0.3010002903324906], [0.09772029823568097, 0.1740301024454659, 0.5728968805664605, 0.15535271875239265], [0.18820462441418753, 0.2347850958257687, 0.11541494708743803, 0.46159533267260583], [0.4886748310852535, 0.20707951651753823, 0.11987342792679771, 0.18437222447041068], [0.20765393541313265, 0.40259387685331344, 0.09475414373717049, 0.29499804399638335], [0.1758454822344995, 0.37637776161686076, 0.24418600295467105, 0.20359075319396877], [0.2973002180003589, 0.1888166864673515, 0.1321458063685043, 0.3817372891637852], [0.17306948916734433, 0.2357983300370451, 0.2881837678426458, 0.3029484129529648], [0.12862983554691113, 0.40527042133215163, 0.07281114927757737, 0.3932885938433599], [0.08391007139300306, 0.607480077859343, 0.09683444715264578, 0.21177540359500827], [0.16424330595387013, 0.21352827217814815, 0.29517521383524875, 0.327053208032733], [0.20318880777524678, 0.4801644327515027, 0.08113654775768729, 0.23551021171556313], [0.11102775042830952, 0.38414474111460495, 0.16969730527957874, 0.3351302031775068], [0.1499896166022228, 0.19137230268700567, 0.1239379922620676, 0.5347000884487039], [0.20978873570900086, 0.3226795150824329, 0.13601480554948384, 0.33151694365908235], [0.22969003462997795, 0.24275418108958458, 0.211369036802643, 0.3161867474777945], [0.1941329189402063, 0.16271940197706733, 0.2936328681321707, 0.3495148109505557], [0.2977916393149987, 0.2673162849248451, 0.16412539925505173, 0.2707666765051042], [0.41283008882297595, 0.2877087361524262, 0.11310976187314126, 0.18635141315145662], [0.28666958081525307, 0.22454921739639916, 0.09807631130383375, 0.390704890484514], [0.2718828578494942, 0.30984304114057243, 0.13134396881389304, 0.2869301321960403], [0.14297649061806042, 0.12140630868773375, 0.4073741330818644, 0.3282430676123414], [0.2966345689984092, 0.2692682958779763, 0.12533849726571183, 0.30875863785790264], [0.6348710388056258, 0.209522054564907, 0.03986438717216122, 0.11574251945730607], [0.3325854369975652, 0.27522927357445626, 0.11286604392006826, 0.27931924550791043], [0.08554620211035271, 0.07350869245245535, 0.286632215111844, 0.5543128903253479], [0.6994706123232916, 0.13755026962487818, 0.05409994219384417, 0.10887917585798612], [0.2467501044922273, 0.22114018733147967, 0.09028834060952654, 0.44182136756676654], [0.21233638106711836, 0.37351505770201726, 0.24305716016090786, 0.17109140106995668], [0.6030765764766447, 0.13363001296186178, 0.13826767215301736, 0.12502573840847603], [0.08483553609845432, 0.35746923774121153, 0.35327996515040627, 0.20441526100992805], [0.1351667866385119, 0.1961904190389423, 0.09390554089589385, 0.5747372534266519], [0.1679964118131805, 0.1749516249912883, 0.27229708039370304, 0.38475488280182824], [0.19192936954696055, 0.3925282356595293, 0.2618892859728888, 0.1536531088206214], [0.3429779217793375, 0.3880373118351953, 0.08579062120261056, 0.18319414518285673], [0.23482723746907325, 0.3006602583697992, 0.07218034944378943, 0.392332154717338], [0.15596170680273444, 0.21285810871398886, 0.10045461253407756, 0.530725571949199], [0.16667853201897023, 0.46968809914375215, 0.13545648862365606, 0.2281768802136214], [0.21102379920824543, 0.2715563552665717, 0.1593896827055282, 0.3580301628196548], [0.3294723089513785, 0.3120823762698814, 0.09835853366978382, 0.26008678110895644], [0.28098677865876864, 0.18743132838359441, 0.3556584328804196, 0.17592346007721726], [0.2537621985679053, 0.3889902884391065, 0.2287558528629055, 0.12849166013008295], [0.2806575248622876, 0.22363031565784047, 0.12529880836341045, 0.3704133511164615], [0.23008611340724802, 0.19785104989078575, 0.18676702231504924, 0.38529581438691696], [0.16902301886714796, 0.12267728800090996, 0.0805303913739502, 0.627769301757992], [0.19938211809699646, 0.42116123413883866, 0.13566661557881596, 0.24379003218534878], [0.23288043204909367, 0.26433454669298506, 0.15799421453957058, 0.3447908067183505], [0.14174781409341425, 0.3684742817097802, 0.21364749538494526, 0.27613040881186046], [0.5837981403619747, 0.16642166382513046, 0.10545532186514306, 0.1443248739477517], [0.30887806738056905, 0.35496858540803883, 0.10976111849702874, 0.2263922287143632], [0.14844102914656604, 0.5932181483913018, 0.09289005168379286, 0.16545077077833945], [0.20594382525467222, 0.21355173056970114, 0.21492800258103842, 0.3655764415945883], [0.33574752341963154, 0.276812559160021, 0.15821094345547643, 0.22922897396487102], [0.21387212394021723, 0.26849513494816096, 0.12658218936481763, 0.3910505517468041], [0.09218580162184321, 0.40489083233373324, 0.3263827713436447, 0.17654059470077899], [0.1324255414898319, 0.1643753737142607, 0.16284186672535664, 0.5403572180705507], [0.16511273668738516, 0.35858208725434587, 0.2811398510983622, 0.19516532495990707], [0.2550455203740096, 0.4532623254002475, 0.11589196469951357, 0.17580018952622942], [0.17855121078541614, 0.19359686710773116, 0.16282524393566636, 0.4650266781711863], [0.1365639075855076, 0.3197728440154319, 0.11875841006035819, 0.42490483833870224], [0.21279154681738868, 0.20756174654731993, 0.12123167730097009, 0.45841502933432127], [0.17773551694871823, 0.15880971261160454, 0.38055750525714, 0.28289726518253716], [0.32723043766747323, 0.19297560729039773, 0.08542697804065065, 0.3943669770014784], [0.28656416431372794, 0.21441802017088532, 0.1062410319193673, 0.39277678359601936], [0.15246545791000743, 0.5006312120406456, 0.23950610733081878, 0.1073972227185282], [0.154338276440719, 0.33940853215569766, 0.2190363185512309, 0.2872168728523524], [0.1266969352254633, 0.5235332374272913, 0.15708934249276837, 0.19268048485447697], [0.1495103104465448, 0.31069629237791924, 0.3545133509970625, 0.18528004617847352], [0.1872983952852323, 0.3093049537409206, 0.09796054244495501, 0.40543610852889206], [0.1879218525620969, 0.46446092098165154, 0.09887361152251747, 0.24874361493373415], [0.13778822068789306, 0.46424448119716416, 0.17544602777071402, 0.2225212703442288], [0.1793704580585708, 0.23797160173895457, 0.42039350659437885, 0.16226443360809586], [0.26212395161000773, 0.2557403120434541, 0.05704782706387584, 0.42508790928266227], [0.18484213074124833, 0.4054655428293927, 0.12166457250164513, 0.2880277539277139], [0.44162205036205665, 0.1417256901362451, 0.10513856720269232, 0.31151369229900594], [0.053641069502812666, 0.22899638776656603, 0.6684682607258013, 0.048894282004819746], [0.109095927044681, 0.5033650195726872, 0.25719213932320295, 0.1303469140594288], [0.2963674257997751, 0.2411969286992985, 0.27111892664705084, 0.19131671885387558], [0.1724473012883306, 0.5149666512594113, 0.09513229655401663, 0.21745375089824157], [0.1521876324332564, 0.600799364405977, 0.07932152721170815, 0.1676914759490585], [0.26802655259244673, 0.3348811106760179, 0.2060457343573305, 0.1910466023742049], [0.44932559670632716, 0.2117974415386876, 0.08733237992287685, 0.2515445818321083], [0.15064785698167382, 0.22440241816311085, 0.1048426335668876, 0.5201070912883278], [0.12976689306370895, 0.49220675595630986, 0.12346904065065704, 0.25455731032932427], [0.12399701464799966, 0.49965081448393256, 0.12789736510893093, 0.24845480575913673], [0.19948728162586615, 0.4827922283601834, 0.11948302126600643, 0.19823746874794407], [0.14976331458563372, 0.23656398307962398, 0.3133175456060882, 0.3003551567286542], [0.20396390440738962, 0.19898943342504455, 0.20582148775461823, 0.3912251744129475], [0.31487724792755145, 0.33094883276244724, 0.05186836293760806, 0.3023055563723933], [0.12001112475763667, 0.11544699110136003, 0.22101371502876, 0.5435281691122433], [0.2370099903325247, 0.23306505241998235, 0.1737439964841926, 0.35618096076330036], [0.1785291229775715, 0.26770225340422343, 0.22389072016564004, 0.32987790345256496], [0.2191470797259882, 0.22287650813346926, 0.18213214920835652, 0.37584426293218604], [0.13021784967990885, 0.15187541710324454, 0.21389205835092542, 0.5040146748659212], [0.41331579019108616, 0.1964607166871014, 0.17342192369065987, 0.21680156943115259], [0.2326781184634298, 0.385352323920591, 0.185302841732056, 0.19666671588392315], [0.11861725110748074, 0.2569977733971164, 0.46908385016348686, 0.15530112533191587], [0.21865016956314956, 0.2165298768950826, 0.08619668196146833, 0.4786232715802996], [0.2361247447717286, 0.3096218892380267, 0.25932450695369114, 0.19492885903655355], [0.20977911581427874, 0.31510030238105147, 0.17011465070799553, 0.30500593109667434], [0.13185918762181312, 0.26687304183882654, 0.0718946124865744, 0.5293731580527861], [0.21472040065535217, 0.3073655841967844, 0.12082972081314361, 0.35708429433472], [0.6490037978942336, 0.13774937159390419, 0.06077317207071623, 0.1524736584411462], [0.33971911933775895, 0.26417028465313575, 0.10446149159653478, 0.2916491044125705], [0.2577067359110443, 0.31005302037294713, 0.11464843947936698, 0.3175918042366414], [0.2850401827782479, 0.36761164920955713, 0.10329774753487614, 0.2440504204773189], [0.2332722597593509, 0.2899690326156548, 0.09158433330446282, 0.3851743743205316], [0.1609885808621845, 0.15219261877565618, 0.18019986865395946, 0.5066189317081999], [0.2281995709197021, 0.3830993153366999, 0.15560399088497934, 0.23309712285861847], [0.21288885918984857, 0.39707785480382574, 0.17413010617712038, 0.21590317982920534], [0.2464353693773488, 0.21068196545792764, 0.34375267933811415, 0.1991299858266094], [0.12097718027341228, 0.5538495188863429, 0.144744515365478, 0.18042878547476685], [0.24766844343783848, 0.4495862467741726, 0.15061753196315836, 0.1521277778248306], [0.15095035017209843, 0.5596222625088313, 0.10285965205338381, 0.18656773526568662], [0.20001447698310706, 0.16691613706414382, 0.47285113716505855, 0.1602182487876905], [0.17243268706217915, 0.26168855528309404, 0.07712253628261811, 0.4887562213721088], [0.16077079167238345, 0.224825294586284, 0.1320782098487809, 0.4823257038925517], [0.12777352916017168, 0.18391210746029457, 0.1654034108098068, 0.5229109525697269], [0.11984357084690606, 0.18569944384097975, 0.0802742615538487, 0.6141827237582655], [0.20506647088721036, 0.2875942573096278, 0.16326266584041646, 0.3440766059627454], [0.18717318855925616, 0.23666253676786073, 0.22480106458510182, 0.35136321008778143], [0.18895745687899299, 0.4046148634655553, 0.06907667628762161, 0.33735100336783], [0.24597631919193036, 0.3001317663358817, 0.10905722863168095, 0.34483468584050697], [0.2234745324288241, 0.3197165880278182, 0.14732437093399164, 0.3094845086093662], [0.5124836795395191, 0.2564809121342285, 0.05753124843084558, 0.17350415989540685], [0.1703749985383669, 0.36048364066035193, 0.1663367245235826, 0.3028046362776987]]}, "rewritten": {"ids": ["97105760", "97105960", "97111790", "97113260", "97116401", "97118210", "98107010", "98108150", "98111670", "98116090", "99107560", "99108330", "99108520", "99108890", "99109370", "99109740", "99110730", "99112531", "99112641", "100109801", "100109910", "100110050", "100111380", "100113210", "101108290", "101109000", "101112160", "101114020", "101114990", "101121640", "102108621", "102109010", "102110050", "102116340", "102118380", "103110100", "103111170", "103111620", "103111930", "103113260", "103113270", "103113610", "103113640", "103120340", "103120780", "104109311", "104110960", "104111620", "105112240", "105112260", "105113620", "105115380", "105117200", "105117351", "105119950", "105120280", "106114280", "106114880", "106116640", "106116820", "106118301", "106118520", "106120640", "107112840", "107113180", "107114200", "107114780", "107114950", "107115250", "107116501", "107120010", "108113480", "108113760", "108115880", "108117610", "108118301", "108119550", "108120060", "109114030", "109114720", "109115070", "109117080", "109117110", "109117271", "109117730", "109118820", "109119591", "109120621", "109121351", "110113591", "110114720", "110114920", "110115120", "110115140", "110115250", "110115980", "110116290", "110117200", "110117500", "110118301", "110118701", "110118740", "110120190", "110120540", "110121170", "110121450", "111114941", "111115620", "111115910", "111116170", "111116411", "111116990", "111117571", "111118910", "111119150", "111119250", "111119950", "111120220", "111121351", "111121410", "112116850", "112117210", "112117431", "112117580", "112117780", "112118161", "112118421", "112118471", "112118860", "112119450", "112119500", "112120270", "112120540", "112121030", "113117550", "113118231", "113120640", "113120780", "113120830", "113121410", "113121980", "113122190"], "labels": [0, 2, 2, 1, 3, 2, 3, 0, 1, 0, 1, 1, 2, 0, 1, 3, 3, 3, 1, 0, 2, 3, 3, 0, 0, 1, 3, 3, 3, 2, 3, 1, 3, 3, 1, 1, 2, 0, 3, 3, 2, 2, 1, 1, 1, 3, 2, 0, 1, 3, 0, 1, 3, 0, 3, 3, 3, 0, 3, 1, 1, 2, 3, 1, 3, 2, 2, 3, 2, 1, 1, 0, 1, 3, 3, 1, 1, 1, 1, 0, 0, 1, 1, 0, 3, 3, 0, 1, 0, 0, 3, 3, 0, 0, 1, 1, 2, 3, 1, 1, 3, 3, 3, 1, 2, 3, 0, 1, 2, 0, 0, 0, 3, 0, 3, 1, 0, 3, 0, 0, 0, 1, 0, 0, 0, 0, 3, 1, 3, 3, 2, 0, 3, 0, 3, 3, 0, 0, 3, 0, 2, 1], "predicted_labels": [1, 3, 1, 3, 3, 3, 3, 2, 1, 1, 1, 0, 0, 2, 1, 2, 3, 1, 0, 1, 2, 2, 0, 1, 0, 3, 1, 0, 2, 1, 0, 1, 2, 0, 2, 3, 3, 1, 1, 1, 3, 2, 0, 3, 1, 1, 2, 3, 1, 1, 2, 1, 3, 1, 2, 3, 3, 1, 1, 1, 3, 1, 3, 3, 3, 1, 1, 3, 2, 3, 2, 1, 1, 2, 3, 0, 3, 0, 0, 1, 1, 1, 3, 3, 3, 3, 0, 3, 0, 3, 0, 1, 1, 3, 0, 3, 1, 2, 3, 0, 1, 1, 3, 2, 3, 1, 1, 3, 3, 0, 3, 3, 3, 0, 1, 0, 0, 1, 0, 1, 1, 3, 1, 0, 3, 0, 0, 1, 1, 1, 1, 3, 1, 3, 1, 0, 0, 1, 0, 3, 1, 1], "confidence_scores": [[0.3188560669654557, 0.3834210189768159, 0.13840214315803184, 0.15932077089969657], [0.12677517037833486, 0.22706574852653102, 0.17448043770905244, 0.4716786433860818], [0.23849818301940615, 0.3424180569055956, 0.21341983097231387, 0.2056639291026844], [0.18397404140107446, 0.2374211895643879, 0.22194266802013973, 0.35666210101439805], [0.17335431102007332, 0.22533726210035807, 0.08701332332182121, 0.5142951035577475], [0.14053157567096916, 0.17407040946729638, 0.33566506855869443, 0.34973294630304], [0.1872243667149927, 0.2748455744842003, 0.23084336355503665, 0.30708669524577026], [0.18251543301601603, 0.1523696466394011, 0.4111457686611413, 0.2539691516834416], [0.20181890746956005, 0.43365176455850907, 0.1478852014684463, 0.21664412650348458], [0.12409644823365315, 0.5475008169536586, 0.1751940306529975, 0.15320870415969076], [0.22902216922377966, 0.2974693852931831, 0.2178264577112791, 0.2556819877717582], [0.2817753928846191, 0.24932963194042068, 0.27767721939593104, 0.1912177557790292], [0.2770367215056749, 0.2576392508883787, 0.24857826258049778, 0.21674576502544882], [0.10400566676303082, 0.2952966396396801, 0.42079994243487334, 0.17989775116241585], [0.10767584097111771, 0.6440944278922694, 0.16217102003742623, 0.08605871109918657], [0.16907832258333555, 0.17880004378862147, 0.3852328936053554, 0.26688874002268764], [0.18220963326047213, 0.23596346342463403, 0.24314421292655738, 0.3386826903883365], [0.2979517723570519, 0.3406275075344743, 0.0753869449568342, 0.2860337751516397], [0.39408379950468986, 0.2245739038936763, 0.09740966922226058, 0.28393262737937325], [0.30784208996015183, 0.3267150275829533, 0.09820528876909722, 0.26723759368779765], [0.10148517488849126, 0.2632273385416661, 0.4045810134623096, 0.23070647310753298], [0.1442508646337048, 0.13950161596430197, 0.38091057024378844, 0.3353369491582049], [0.3602928346500439, 0.2585868279429621, 0.1475728924331566, 0.23354744497383728], [0.20521557386967357, 0.356254352453776, 0.12503827313071986, 0.31349180054583076], [0.3020646754123958, 0.29527083890771255, 0.19314815611498998, 0.2095163295649018], [0.17177119020302578, 0.2149633485756548, 0.27294575528767634, 0.34031970593364325], [0.13794473375623598, 0.5126540208384011, 0.12853246634834736, 0.22086877905701574], [0.28194381705532645, 0.19870975522849585, 0.2502762163070755, 0.2690702114091022], [0.21465548687705488, 0.285116026014639, 0.29430872328754304, 0.20591976382076296], [0.12771087342880436, 0.35282023407449725, 0.20349882452910847, 0.31597006796759], [0.4787801531726429, 0.20885109782321687, 0.08275274155395611, 0.229616007450184], [0.10372146072652218, 0.46107844631330375, 0.0741061856608541, 0.3610939072993201], [0.19612443765280171, 0.23594065018088245, 0.3843014963267007, 0.1836334158396153], [0.36588940027691697, 0.2059679397351474, 0.21505311928764909, 0.21308954070028652], [0.08673698853610327, 0.1987978815208364, 0.5079934527970291, 0.20647167714603124], [0.20273312250425196, 0.24272502368464924, 0.20901906329335604, 0.3455227905177427], [0.15786824425458743, 0.26449279128238345, 0.12927413060695858, 0.44836483385607045], [0.2844432408428539, 0.29537881043598063, 0.19523548875427313, 0.22494245996689238], [0.07928183506812049, 0.42149114046474206, 0.3338394971216326, 0.16538752734550477], [0.19019023332689713, 0.36014937992302554, 0.17965744514987642, 0.27000294160020094], [0.13549383510319674, 0.193076744335811, 0.3051620068314077, 0.36626741372958455], [0.27082385811161575, 0.11033285294779312, 0.46930802992906595, 0.14953525901152512], [0.4615427299575076, 0.2043598796184242, 0.12951450526700348, 0.20458288515706477], [0.20676261867901016, 0.2894728940452399, 0.2016807818605272, 0.30208370541522256], [0.2703257265301679, 0.34102130040050876, 0.19882374281877416, 0.18982923025054937], [0.22214878000276922, 0.37138330516039225, 0.07608117565325989, 0.3303867391835785], [0.1800269618425368, 0.2574033388942978, 0.3023981535744881, 0.26017154568867745], [0.24761415531656253, 0.14687340564216145, 0.13936759236712412, 0.4661448466741519], [0.0834106480066326, 0.5986325668688834, 0.08793437013212972, 0.2300224149923542], [0.23181118370084397, 0.48203460072486515, 0.12380702255042221, 0.1623471930238686], [0.20656420025804226, 0.24037799571387544, 0.3324425459202654, 0.220615258107817], [0.12536532497732888, 0.4227450692765427, 0.17635650308946138, 0.2755331026566671], [0.15738348078030148, 0.27083978783638407, 0.2731926693583615, 0.2985840620249529], [0.18441555387994982, 0.5033412816311483, 0.08953909400463443, 0.22270407048426755], [0.18220494502065604, 0.23333201129756984, 0.29443743340927536, 0.29002561027249896], [0.15188986052930376, 0.21775325677735974, 0.23822852255394672, 0.3921283601393898], [0.28186601661523897, 0.18553876210332867, 0.12977683249966632, 0.4028183887817662], [0.1444638661164165, 0.3950572292528186, 0.21997920093282877, 0.2404997036979362], [0.16077402291004161, 0.574206464294189, 0.12738082508438084, 0.1376386877113884], [0.18426679520601075, 0.3012801052843547, 0.24607131788329695, 0.26838178162633775], [0.21142710340039295, 0.30101314882132474, 0.07441196090805854, 0.41314778687022397], [0.20092425504689296, 0.3789476307495237, 0.19311593425324722, 0.2270121799503361], [0.11859410162151406, 0.2987026829992794, 0.12184730240587999, 0.46085591297332645], [0.2155941667992143, 0.2211634877551981, 0.21069484519930745, 0.3525475002462802], [0.1900648442585041, 0.209873165891716, 0.10232087437337753, 0.4977411154764025], [0.20378346797727678, 0.3335174438307533, 0.13380470441678968, 0.3288943837751802], [0.16500520120402135, 0.4111214339652306, 0.19782854076834416, 0.22604482406240395], [0.18985094448042786, 0.18584696158749942, 0.14533936949610674, 0.47896272443596605], [0.2085383711940216, 0.2653342069599773, 0.3492633701780244, 0.17686405166797667], [0.24627277806749384, 0.15080836710713422, 0.07219260060202357, 0.5307262542233484], [0.10020702314698116, 0.19474073138898917, 0.4251851731115431, 0.2798670723524864], [0.08434343823821643, 0.7181418609828941, 0.07587363419656702, 0.1216410665823226], [0.1820975839219224, 0.4172626452784712, 0.19247059538459738, 0.20816917541500896], [0.20532454395868774, 0.16016729594142923, 0.3845905860956524, 0.24991757400423067], [0.16417726479670938, 0.23302602797267136, 0.09568805263454692, 0.5071086545960724], [0.4088795464994749, 0.3646329650536582, 0.053126908997189394, 0.1733605794496776], [0.1981046593614286, 0.17035187393801382, 0.2880488567346878, 0.3434946099658697], [0.28720418098053185, 0.2852265179548983, 0.27386524660752487, 0.15370405445704496], [0.4058884079724511, 0.35060656558671377, 0.07930633800848177, 0.16419868843235333], [0.21722628086386148, 0.35928596627029324, 0.12825719100927058, 0.29523056185657476], [0.14514024646862353, 0.42837645687846526, 0.2474632013587324, 0.17902009529417898], [0.2838511426228469, 0.3409345368332058, 0.1322993079912814, 0.24291501255266584], [0.20179817359139132, 0.30067180046664677, 0.12545024866140123, 0.3720797772805606], [0.16915015811825163, 0.3133140963184387, 0.15345876480946558, 0.36407698075384426], [0.24926856353509358, 0.2654205035904013, 0.15571395361811308, 0.32959697925639214], [0.08610349255532994, 0.1275386744934831, 0.10974728550410402, 0.6766105474470829], [0.37938806734455843, 0.1895529827632799, 0.1672255444527744, 0.26383340543938727], [0.33452389145028666, 0.1398036267763872, 0.04034512836635974, 0.48532735340696664], [0.34897803606865746, 0.3199712399596241, 0.10624649760104003, 0.22480422637067818], [0.1863708633791302, 0.20273490410087816, 0.07136715393116351, 0.5395270785888281], [0.3018824408337511, 0.26709212738899113, 0.21474016417081646, 0.2162852676064413], [0.2945210746955824, 0.3744042891220719, 0.1194681208826603, 0.2116065152996853], [0.2029379172142727, 0.362336985945299, 0.14347392963331707, 0.2912511672071114], [0.2525984093936308, 0.12239522103464694, 0.11114293194456243, 0.5138634376271598], [0.4590639003813678, 0.19883872540954273, 0.12845203203511663, 0.21364534217397285], [0.18604856758754024, 0.2769099734188283, 0.1266344731657148, 0.41040698582791674], [0.19916860096189987, 0.3430227785249996, 0.2055054965949288, 0.2523031239181719], [0.29097006154621174, 0.2790644751470854, 0.29920161195420286, 0.1307638513525001], [0.16160214395358405, 0.2606372347601871, 0.13597068787189176, 0.44178993341433714], [0.45038553614783905, 0.10616234180170539, 0.044658767370280704, 0.398793354680175], [0.16729603613084323, 0.3991631941737096, 0.19196304900648392, 0.24157772068896338], [0.1918499666516487, 0.3361421586389647, 0.20790412749353404, 0.2641037472158528], [0.22726688704543152, 0.2504929498749598, 0.11314447178427021, 0.4090956912953385], [0.18728425936193085, 0.28134885727502235, 0.3021712555847396, 0.22919562777830718], [0.21852394035116862, 0.24213924072795506, 0.24582030704238314, 0.2935165118784931], [0.19048191404294992, 0.3034906075255124, 0.2431715604028712, 0.26285591802866665], [0.2070442773506892, 0.560222391777299, 0.0524331080322594, 0.18030022283975244], [0.23808808308930426, 0.21648201238365367, 0.11382141885184956, 0.43160848567519244], [0.2606588061252372, 0.18860985868001812, 0.16473742173065128, 0.3859939134640935], [0.5840224493210084, 0.1883656800478081, 0.11942244730652142, 0.10818942332466208], [0.29680323324792474, 0.29205945112557413, 0.0975798800934222, 0.31355743553307897], [0.2144192733949825, 0.2831312707771867, 0.10343624238312685, 0.3990132134447039], [0.23796074619814397, 0.3355334808452552, 0.06800534531484416, 0.3585004276417566], [0.4462035331453561, 0.2237531834108196, 0.08755674136794249, 0.24248654207588177], [0.25211786361503014, 0.3342666132701017, 0.10708706623999818, 0.30652845687486985], [0.2740298611470808, 0.19428553276950433, 0.26422469059916553, 0.26745991548424936], [0.39940727757851296, 0.14444349744686893, 0.09738177618013133, 0.3587674487944869], [0.12650962040513958, 0.5490571179613823, 0.1282503716581893, 0.1961828899752887], [0.34571279383708725, 0.25040797968956136, 0.09629599425949893, 0.3075832322138524], [0.2247197726674312, 0.41196483499370506, 0.10717739269843396, 0.25613799964042994], [0.27744118084960245, 0.48140814470751964, 0.08875773831471438, 0.15239293612816351], [0.18909786060335904, 0.1702574654954307, 0.1289522618391581, 0.5116924120620522], [0.2213105016432093, 0.5462061083246605, 0.05812831830442719, 0.17435507172770298], [0.4059502748581929, 0.17243024429168136, 0.21641974712475381, 0.20519973372537198], [0.27559748857905564, 0.30186013983162646, 0.11996079653372255, 0.30258157505559546], [0.4290010685094542, 0.406796745655389, 0.05019732868899214, 0.11400485714616479], [0.4239867643912372, 0.10435962461198611, 0.05097570926404869, 0.4206779017327279], [0.13175339042277606, 0.593263021820711, 0.044960027881508824, 0.23002355987500417], [0.13437177726157126, 0.42686465821558567, 0.23502797137811385, 0.20373559314472914], [0.182981557908613, 0.49549193915291, 0.09153707387958564, 0.22998942905889155], [0.1982854911726794, 0.46700640261254206, 0.1723584950834464, 0.1623496111313321], [0.29625573024963586, 0.22532630647673307, 0.13771232978718057, 0.34070563348645055], [0.13244033880695216, 0.5863083627708525, 0.1384261547867095, 0.14282514363548598], [0.2273429035143168, 0.13693398562198786, 0.1239575217189126, 0.511765589144783], [0.16187342374458163, 0.534432937202395, 0.07745633010540409, 0.22623730894761926], [0.4557045832632096, 0.21656920906029037, 0.09808672817176733, 0.22963947950473268], [0.3259890436737929, 0.28158467827298483, 0.13385107577883681, 0.25857520227438546], [0.22787235360442853, 0.46858146254309047, 0.11485118591451562, 0.1886949979379655], [0.3232861945435443, 0.2752421971170848, 0.2744124010595602, 0.12705920727981063], [0.34092821663218026, 0.23629400328732808, 0.044607896353554874, 0.3781698837269367], [0.15626063225505424, 0.5239680996916957, 0.12449286583841693, 0.19527840221483317], [0.17382740272812452, 0.44881734014326663, 0.1765657987594412, 0.2007894583691678]]}}