{"test": {"ids": ["110120190", "107121230", "110118301", "109118820", "105116501", "112116640", "109116930", "113119120", "112118810", "112116810", "112116401", "99111340", "107114110", "111117000", "107119950", "108114670", "110121720", "97107920", "105114220", "97106770", "100108260", "111120531", "110117200", "107120010", "110120640", "112119120", "103111480", "99108310", "105116980", "98112170", "110118450", "110115710", "111119580", "102121700", "103111620", "105115680", "102111990", "102121440", "103113610", "104114240", "110115980", "102118380", "107113170", "102109850", "110118930", "111119430", "99109370", "113120601", "107118780", "109115211", "110120560", "113119300", "99109780", "102110500", "111116110", "113121980", "104119340", "105117431", "102109840", "100120780", "104116800", "113122180", "97118210", "111121930", "111116290", "109115380", "111116010", "113122230", "104118070", "103120290", "112116610", "105113190", "97105960", "112117571", "108117360", "102109010", "106116640", "102117351", "103109641", "100109980", "107113200", "104113210", "102112170", "99112531", "104111620", "111115620", "98108370", "113119450", "107112850", "101121640", "110118111", "106116820", "108118520", "98106111", "97116790", "110114321", "105113480", "113119340", "100116500", "105112260", "100109360", "110113591", "98106560", "111117200", "110121170", "110117870", "106114321", "107116980", "109119450", "109116441", "112118421", "110116290", "99114890", "100108080", "113121220", "99109141", "106121220", "107119390", "111118810", "109116170", "111120591", "113121190", "111121220", "105110091", "109115070", "98112580", "97106591", "112117431", "98106880", "103110050", "113118690", "99107500", "111116640", "109114270", "108119330", "108115070", "105116090", "108114200", "113118421", "110120531", "106120290", "102113210"], "labels": [3, 0, 1, 3, 1, 0, 0, 3, 3, 3, 0, 1, 1, 0, 3, 3, 3, 0, 3, 3, 3, 0, 3, 1, 0, 1, 0, 2, 0, 3, 0, 2, 3, 1, 0, 2, 2, 2, 2, 0, 1, 1, 0, 1, 1, 3, 1, 2, 1, 0, 0, 1, 2, 3, 3, 2, 1, 1, 2, 1, 1, 2, 2, 1, 2, 3, 1, 1, 2, 2, 1, 3, 2, 3, 1, 1, 3, 1, 1, 1, 0, 3, 3, 3, 0, 1, 1, 3, 1, 2, 1, 1, 0, 0, 2, 1, 0, 0, 2, 3, 0, 0, 1, 0, 2, 3, 2, 3, 3, 3, 3, 2, 2, 0, 3, 3, 1, 2, 0, 0, 1, 1, 3, 0, 0, 2, 1, 0, 0, 3, 3, 0, 0, 3, 0, 1, 1, 0, 3, 0, 2, 3], "predicted_labels": [3, 3, 1, 1, 0, 3, 2, 3, 3, 1, 0, 1, 3, 3, 3, 1, 1, 0, 1, 2, 0, 1, 0, 3, 1, 3, 3, 3, 0, 3, 1, 3, 0, 1, 1, 1, 0, 1, 1, 3, 3, 2, 3, 1, 3, 1, 3, 1, 3, 3, 0, 3, 1, 0, 3, 3, 3, 1, 1, 3, 3, 3, 0, 0, 1, 1, 1, 1, 2, 2, 0, 0, 2, 0, 3, 1, 3, 0, 3, 0, 0, 3, 0, 0, 0, 1, 2, 0, 1, 1, 0, 0, 1, 1, 2, 1, 3, 0, 2, 3, 3, 0, 3, 3, 3, 1, 0, 1, 3, 1, 0, 3, 2, 1, 3, 0, 0, 1, 3, 1, 0, 3, 3, 1, 1, 3, 1, 0, 2, 1, 1, 1, 0, 2, 0, 1, 3, 0, 0, 3, 1, 3], "confidence_scores": [[0.3563913539210601, 0.13875816968613167, 0.012454981831357997, 0.49239549456144993], [0.04991940874399614, 0.286707795505187, 0.0258015356629529, 0.637571260087864], [0.09652931899393344, 0.6617897165989729, 0.036182625830356294, 0.20549833857673738], [0.04615835307331799, 0.3063750182173656, 0.4652706665842183, 0.1821959621250981], [0.8117051498351047, 0.13119643778539333, 0.003791426952263875, 0.05330698542723812], [0.29904346106603846, 0.09904602612832207, 0.07148851281667175, 0.5304219999889681], [0.15646870876571523, 0.13238852024779316, 0.6160486037221331, 0.09509416726435867], [0.23481500490671933, 0.023486956882456708, 0.01779409212446009, 0.7239039460863637], [0.20357476650034992, 0.37350579543930024, 0.014699894909792595, 0.4082195431505572], [0.16985567586744654, 0.3761209871276765, 0.12105727452848747, 0.3329660624763893], [0.89114036571927, 0.02327102791389265, 0.007642111673504712, 0.07794649469333273], [0.022970435989942153, 0.4797316789588711, 0.06273040897094556, 0.434567476080241], [0.013765624777363098, 0.00428081873443958, 0.0081361338657718, 0.9738174226224253], [0.12592016564007788, 0.1879330724525279, 0.07438302729806404, 0.6117637346093301], [0.14755030246937811, 0.2753308815211749, 0.10705023500445257, 0.47006858100499443], [0.12990835817437119, 0.5581861740324889, 0.16881423614801463, 0.14309123164512516], [0.1148480368697469, 0.5020204101848282, 0.2635685219869402, 0.11956303095848465], [0.8469742663727334, 0.025564552250770287, 0.03140843231542556, 0.09605274906107093], [0.39139737292365895, 0.36469003218156315, 0.025088959091532352, 0.21882363580324593], [0.2909717072192826, 0.16017114355361153, 0.43690186998317093, 0.11195527924393484], [0.3501566374416487, 0.1615033493353217, 0.3171051048295194, 0.1712349083935104], [0.039144773195235634, 0.5350704648117205, 0.15712916001389768, 0.2686556019791463], [0.44414902183012994, 0.14526375225151955, 0.05367245431816659, 0.35691477160018437], [0.10163114524504943, 0.21135945747392273, 0.25372796840248896, 0.43328142887853865], [0.21080152367946317, 0.38318793528794737, 0.14225775898210277, 0.2637527820504866], [0.20017713014673738, 0.04115058229207781, 0.3205587397370416, 0.43811354782414313], [0.3367587068020263, 0.1862481712887377, 0.07184810581221743, 0.40514501609701875], [0.21251755953765228, 0.26234225858733, 0.1357100173516318, 0.38943016452338564], [0.6529867118208801, 0.2910561596809776, 0.039995725054517456, 0.015961403443624896], [0.3750954191614351, 0.16339376471380707, 0.10239951596743131, 0.3591113001573265], [0.015103621857111468, 0.4207812270990607, 0.4741391370019068, 0.08997601404192071], [0.12360920320360545, 0.2532667218528517, 0.0653570881817356, 0.5577669867618071], [0.7531608945062994, 0.07805461883592993, 0.06836322091645072, 0.10042126574131986], [0.4103863212146502, 0.37803896043492596, 0.0882090418442473, 0.12336567650617666], [0.15146857213235437, 0.6864068634696469, 0.1128930041193343, 0.04923156027866499], [0.004838591060112313, 0.8622510769825397, 0.08993939666731372, 0.04297093529003459], [0.68904262733774, 0.08757501250367321, 0.1258714562039958, 0.0975109039545908], [0.09116047477735471, 0.47537550353010954, 0.2243529623163133, 0.2091110593762223], [0.18049368651106937, 0.3560123680404748, 0.36166585935182755, 0.1018280860966282], [0.15848018842456757, 0.2454075297537567, 0.2753458840812198, 0.32076639774045596], [0.2744666034709832, 0.1484548740285367, 0.057025555169369954, 0.5200529673311103], [0.031041625759675926, 0.1876893394914126, 0.5933358500396819, 0.18793318470922996], [0.3800051819729523, 0.21395832633971343, 0.09436169185473042, 0.31167479983260377], [0.029005262305328017, 0.43779904408834686, 0.465448860289411, 0.06774683331691418], [0.09134676898271592, 0.31868754800614485, 0.0484334694082851, 0.5415322136028545], [0.02937620961291411, 0.6376232188800648, 0.19975126869279589, 0.13324930281422545], [0.136574202643524, 0.13136437961443298, 0.22911325301193022, 0.5029481647301132], [0.03342807331802585, 0.7241014849782986, 0.07955341293246541, 0.16291702877120992], [0.2698316025990777, 0.2015424914582422, 0.021680776926306364, 0.5069451290163735], [0.20407666581869033, 0.14676373166629594, 0.029829565044604715, 0.6193300374704089], [0.4111450194604608, 0.11773651582888076, 0.21402935222449176, 0.2570891124861666], [0.0784014092701803, 0.011227147884166464, 0.008329585056117254, 0.902041857789536], [0.03986398763534973, 0.6950966880751109, 0.1632414740581635, 0.10179785023137587], [0.4893315740705001, 0.03014390241571107, 0.11017842283771791, 0.37034610067607104], [0.18883216191612376, 0.028654337228838627, 0.1590664797906762, 0.6234470210643609], [0.029343786057080972, 0.302828824066394, 0.018383442760004132, 0.6494439471165209], [0.18268330142481629, 0.055671017292651996, 0.03769850939974984, 0.7239471718827817], [0.02435192072687129, 0.7248950817603168, 0.21610738180513456, 0.03464561570767724], [0.025895759856679756, 0.7277556354889921, 0.19050808869725133, 0.05584051595707687], [0.06491808721471821, 0.05796822548758027, 0.2155096716386006, 0.6616040156591007], [0.16131488979613257, 0.2944228120820492, 0.15216065630686426, 0.3921016418149543], [0.06698998933164647, 0.07568786661931003, 0.02120493995133575, 0.836117204097708], [0.31485372671852196, 0.12521743408555622, 0.32725690815050473, 0.23267193104541717], [0.87008956060377, 0.0444478950823363, 0.006764465730511232, 0.0786980785833825], [0.2474238353330031, 0.5252948885745561, 0.1445776525280126, 0.0827036235644285], [0.014162534722664061, 0.7052481625098478, 0.17409133869577745, 0.10649796407171094], [0.031122005629562254, 0.7116046149930583, 0.18405521536138233, 0.07321816401599757], [0.02295051095576346, 0.6006248969382176, 0.13291249097815466, 0.24351210112786428], [0.019875968429425517, 0.17804061204740745, 0.7537963111221099, 0.048287108401056954], [0.012291378618261612, 0.1536387249346165, 0.8197455734269588, 0.014324323020163125], [0.5708036041945957, 0.19752179518019558, 0.18774339276813962, 0.04393120785706898], [0.7879740513203436, 0.039251028034516224, 0.03796197915819032, 0.13481294148694994], [0.10241492092836901, 0.11580552344092167, 0.5226582621940767, 0.25912129343663254], [0.46085000616167077, 0.20948844177056342, 0.018940325003693536, 0.31072122706407224], [0.00728212121242693, 0.05144923784342172, 0.3537531172334301, 0.5875155237107212], [0.12118615953844313, 0.6280731735435678, 0.07450723179130754, 0.1762334351266814], [0.09980321604952423, 0.018886814151417936, 0.11622281288388372, 0.7650871569151739], [0.5780630164134894, 0.10243550272625658, 0.016029146756340457, 0.30347233410391383], [0.06534409902392681, 0.07787000322490706, 0.160673991731113, 0.6961119060200531], [0.7076633987290302, 0.11195899894217377, 0.10615553020775072, 0.07422207212104534], [0.44882241095629527, 0.11005467242277889, 0.1067976418862914, 0.3343252747346346], [0.1368322310836359, 0.3719082284466842, 0.059297868147107566, 0.4319616723225721], [0.41988464420243765, 0.04481146411725392, 0.43427692375383453, 0.10102696792647377], [0.3579179472572844, 0.23125654516894237, 0.05171759962687125, 0.3591079079469019], [0.7905900384909135, 0.08870957047532294, 0.038337272596907, 0.08236311843685681], [0.25704610883747003, 0.3965173163696199, 0.07894931455275551, 0.2674872602401547], [0.016829381995086542, 0.20141875193103875, 0.6700252500059729, 0.11172661606790135], [0.8615028581694336, 0.013494545363727403, 0.024272201271811344, 0.10073039519502752], [0.10825629109209499, 0.6870301936281447, 0.09870758054567032, 0.10600593473409006], [0.020560245616207697, 0.482903237544533, 0.12415598148377728, 0.37238053535548177], [0.5859886522751488, 0.2794816354806045, 0.042355922437093525, 0.09217378980715335], [0.4415139871078682, 0.08661040154814283, 0.07703027009431591, 0.3948453412496732], [0.06799466489295732, 0.7087468848135393, 0.1512967831409629, 0.07196166715254039], [0.08442177376896062, 0.6518655196435333, 0.18482381293067293, 0.07888889365683312], [0.07052084634450086, 0.12961314747510141, 0.7409171325085482, 0.05894887367184983], [0.18663465141610258, 0.5777425191089719, 0.14031487133259524, 0.09530795814233017], [0.03948619548356335, 0.2529718815306568, 0.18362237690709493, 0.5239195460786845], [0.8398064889003896, 0.0852271916217996, 0.007448976896734647, 0.06751734258107596], [0.0636788933455802, 0.1579172151636182, 0.4824239257314395, 0.2959799657593622], [0.11610342588163847, 0.3331613864912341, 0.1336697005210854, 0.41706548710604185], [0.05156057496984101, 0.06374481064433124, 0.40371437574428076, 0.48098023864154715], [0.42361518719051616, 0.24645307674587869, 0.022423782074173296, 0.3075079539894317], [0.29854243967986266, 0.08200588869273741, 0.15430796084872506, 0.46514371077867506], [0.19018310065973454, 0.23938811885883818, 0.021099106992784795, 0.5493296734886421], [0.1421746783995928, 0.12716746631893702, 0.17090791349044, 0.5597499417910303], [0.0474606338954842, 0.2610755352658088, 0.3750082186540903, 0.3164556121846168], [0.27227139177739035, 0.25224049906786367, 0.35760101615347445, 0.11788709300127172], [0.5184139829333188, 0.41379948351393514, 0.05392952039930245, 0.013857013153443733], [0.004941798084350047, 0.1938074026235646, 0.3419703722572095, 0.45928042703487554], [0.3976404759392544, 0.3465353038987063, 0.007458340974437022, 0.24836587918760217], [0.6068472374678545, 0.059755458994526556, 0.020443330510845736, 0.31295397302677325], [0.23566541456371354, 0.05276209336950952, 0.30196772987311865, 0.40960476219365854], [0.02883592954282589, 0.2542442398362604, 0.6233436908470087, 0.09357613977390479], [0.08895554782847999, 0.6197183756417869, 0.04283565141573272, 0.24849042511400027], [0.1275964171496703, 0.07772409960145356, 0.10795061763762562, 0.6867288656112503], [0.5434633701391185, 0.34411835797205564, 0.02787006428109323, 0.08454820760773274], [0.503745918996451, 0.14032744709520845, 0.06939975983276223, 0.2865268740755783], [0.05125625246454638, 0.45402031108459434, 0.3875051902265718, 0.10721824622428698], [0.2141523057924879, 0.10257195485874045, 0.002452287595998915, 0.6808234517527726], [0.05000101262668706, 0.4587623276891618, 0.05888125757637988, 0.4323554021077714], [0.4753295395550507, 0.10821323167519113, 0.02450604694002118, 0.39195118182973726], [0.37173366171528915, 0.09965359328968607, 0.025006813241821118, 0.5036059317532036], [0.2720969066639393, 0.0928353875601053, 0.0141638313493294, 0.6209038744266261], [0.12965418026517506, 0.45931509855969277, 0.23974682404068973, 0.1712838971344425], [0.06941447383679532, 0.7648847731182111, 0.062162231118578326, 0.1035385219264158], [0.0418322143051102, 0.29234012495075923, 0.19180556377347546, 0.4740220969706551], [0.07163721639359909, 0.36654801553470573, 0.2851859942774087, 0.2766287737942863], [0.5222269214400064, 0.23516247028442155, 0.10282388682661718, 0.13978672144895518], [0.02788090629084586, 0.09562061135860797, 0.7712022404365934, 0.10529624191395257], [0.05328641548035715, 0.4737731815014875, 0.1040465978275748, 0.3688938051905809], [0.23997351008856718, 0.4199730015304821, 0.17999333840466508, 0.16006014997628512], [0.03168852996060916, 0.3213760657289163, 0.3691166261760705, 0.27781877813440425], [0.5242736649109061, 0.23575262777177847, 0.1799146086484683, 0.06005909866884704], [0.1872990251002427, 0.08451555660593783, 0.5401670571438272, 0.18801836114999215], [0.6436626987741607, 0.14402442742308968, 0.10013301658704131, 0.11217985721570818], [0.14709335305393245, 0.5458523082818372, 0.24583845840059704, 0.06121588026363379], [0.17704881899916583, 0.16284971077495064, 0.11503018619788705, 0.5450712840279965], [0.5555045496374174, 0.22730600475169757, 0.06967703221462901, 0.14751241339625581], [0.8664202776205119, 0.0171844194063483, 0.003595824784779177, 0.1127994781883607], [0.3575483719965945, 0.13645712024119988, 0.02494846904543535, 0.4810460387167702], [0.04671023564415301, 0.4961995309013024, 0.4187613752875618, 0.03832885816698303], [0.27721133783383817, 0.24310756929753338, 0.24609377688026962, 0.2335873159883585]]}, "rewritten": {"ids": ["97105960", "97106591", "97106770", "97107920", "97116790", "97118210", "98106111", "98106560", "98106880", "98108370", "98112170", "98112580", "99107500", "99108310", "99109141", "99109370", "99109780", "99111340", "99112531", "99114890", "100108080", "100108260", "100109360", "100109980", "100116500", "100120780", "101121640", "102109010", "102109840", "102109850", "102110500", "102111990", "102112170", "102113210", "102117351", "102118380", "102121440", "102121700", "103109641", "103110050", "103111480", "103111620", "103113610", "103120290", "104111620", "104113210", "104114240", "104116800", "104118070", "104119340", "105110091", "105112260", "105113190", "105113480", "105114220", "105115680", "105116090", "105116501", "105116980", "105117431", "106114321", "106116640", "106116820", "106120290", "106121220", "107112850", "107113170", "107113200", "107114110", "107116980", "107118780", "107119390", "107119950", "107120010", "107121230", "108114200", "108114670", "108115070", "108117360", "108118520", "108119330", "109114270", "109115070", "109115211", "109115380", "109116170", "109116441", "109116930", "109118820", "109119450", "110113591", "110114321", "110115710", "110115980", "110116290", "110117200", "110117870", "110118111", "110118301", "110118450", "110118930", "110120190", "110120531", "110120560", "110120640", "110121170", "110121720", "111115620", "111116010", "111116110", "111116290", "111116640", "111117000", "111117200", "111118810", "111119430", "111119580", "111120531", "111120591", "111121220", "111121930", "112116401", "112116610", "112116640", "112116810", "112117431", "112117571", "112118421", "112118810", "112119120", "113118421", "113118690", "113119120", "113119300", "113119340", "113119450", "113120601", "113121190", "113121220", "113121980", "113122180", "113122230"], "labels": [2, 1, 3, 0, 2, 2, 0, 1, 0, 1, 3, 2, 0, 2, 3, 1, 2, 1, 3, 2, 0, 3, 0, 1, 2, 1, 2, 1, 2, 1, 3, 2, 3, 3, 1, 1, 2, 1, 1, 3, 0, 0, 2, 2, 0, 3, 0, 1, 2, 1, 0, 3, 3, 0, 3, 2, 1, 1, 0, 1, 2, 3, 1, 2, 1, 1, 0, 0, 1, 3, 1, 2, 3, 1, 0, 0, 3, 1, 1, 0, 0, 3, 0, 0, 3, 0, 3, 0, 3, 3, 0, 1, 2, 1, 2, 3, 3, 1, 1, 0, 1, 3, 0, 0, 0, 2, 3, 1, 1, 3, 2, 0, 0, 0, 0, 3, 3, 0, 1, 3, 1, 0, 1, 0, 3, 0, 3, 3, 3, 1, 3, 3, 3, 1, 0, 3, 2, 1, 3, 2, 2, 1], "predicted_labels": [2, 3, 0, 0, 2, 3, 1, 0, 1, 2, 3, 1, 3, 3, 0, 3, 1, 1, 0, 1, 1, 0, 3, 3, 3, 3, 1, 1, 1, 1, 0, 0, 0, 1, 0, 2, 1, 1, 3, 1, 3, 1, 1, 2, 0, 1, 3, 1, 2, 3, 1, 3, 0, 3, 1, 1, 3, 0, 0, 1, 2, 3, 0, 1, 0, 1, 3, 0, 3, 1, 3, 1, 3, 1, 3, 0, 1, 1, 3, 1, 0, 0, 1, 3, 1, 3, 1, 2, 3, 3, 3, 1, 3, 3, 3, 3, 3, 0, 1, 2, 3, 3, 3, 3, 1, 3, 1, 1, 1, 3, 0, 0, 3, 3, 3, 1, 0, 1, 3, 3, 0, 0, 0, 3, 1, 0, 3, 0, 1, 3, 0, 1, 3, 3, 0, 0, 1, 3, 3, 3, 3, 1], "confidence_scores": [[0.13831971589113393, 0.12184509211927746, 0.4625837662352794, 0.277251425754309], [0.20736513314938546, 0.34481957411875847, 0.05094032168496874, 0.39687497104688735], [0.3998500159782998, 0.1618180789207147, 0.3475387476914552, 0.09079315740953023], [0.8509235334091587, 0.042383923645453986, 0.032334762946799774, 0.07435777999858754], [0.09792659197942562, 0.1443659007863083, 0.6657341020434652, 0.09197340519080092], [0.24897205025678357, 0.12186048494138899, 0.27422377517456664, 0.35494368962726053], [0.1898867200681126, 0.5288417479845107, 0.08838939098138257, 0.19288214096599424], [0.2516724230726009, 0.1338059322649567, 0.3864795139584102, 0.22804213070403184], [0.04178807774190935, 0.4659619871055508, 0.39392067126367325, 0.09832926388886683], [0.02724073976860942, 0.13703415613733, 0.7819271584623808, 0.053797945631679764], [0.42293008506312696, 0.11427022934130959, 0.08062838783741774, 0.3821712977581459], [0.05098696442530741, 0.38193442762214674, 0.28228626954887664, 0.2847923384036688], [0.028510361094489765, 0.3447448674592692, 0.2627249467231536, 0.36401982472308775], [0.2928765250197012, 0.0985418874336265, 0.13090304298225808, 0.47767854456441433], [0.5030098233931258, 0.3632409651085852, 0.029485086529290095, 0.10426412496899874], [0.09879465888568298, 0.2073697340062757, 0.25244891031274286, 0.4413866967952984], [0.016083351212933906, 0.7016692747729972, 0.17651417788778362, 0.10573319612628536], [0.015093659435686616, 0.5075641650444145, 0.1672470949533606, 0.310095080566538], [0.47909574470339433, 0.1925518826615217, 0.04174603317141636, 0.2866063394636676], [0.04101964386395855, 0.4349617205740836, 0.3880988547809229, 0.13591978078103495], [0.12459388532168557, 0.5625773974399917, 0.029939541716866157, 0.28288917552145676], [0.4765746876296702, 0.13905227876473214, 0.18740719547382123, 0.1969658381317768], [0.039736385041846164, 0.07030186649951589, 0.282381102393387, 0.607580646065251], [0.21087690867982342, 0.160233282386711, 0.14583902987555708, 0.4830507790579087], [0.026211127118512683, 0.0646683558702217, 0.5147247493504674, 0.3943957676607982], [0.03877200141647211, 0.040910183328961146, 0.20891888028486955, 0.7113989349696975], [0.020952971400631504, 0.5145340879026907, 0.11378755599980953, 0.3507253846968683], [0.2185252354758053, 0.6001138244473319, 0.0738748617631518, 0.10748607831371097], [0.02951207724999485, 0.7026128595272589, 0.14889396543685382, 0.11898109778589229], [0.02259714893200802, 0.5792403580581861, 0.30971816703490507, 0.0884443259749007], [0.6216551067521738, 0.024446983289403364, 0.03425791657320514, 0.31963999338521754], [0.6844595497758611, 0.05564706498325288, 0.174989726166322, 0.08490365907456389], [0.43280481999220444, 0.03919794377860396, 0.4304944158182446, 0.09750282041094714], [0.17474056643714353, 0.34796981683366834, 0.23110394225155614, 0.24618567447763215], [0.6095618362891038, 0.10288616260071742, 0.01750447457654383, 0.27004752653363484], [0.04358520604467928, 0.18924083598963518, 0.5573537483481099, 0.2098202096175757], [0.10858034447304481, 0.37363508113094945, 0.24520665366915181, 0.2725779207268538], [0.27619182850033563, 0.4203120271571364, 0.14575604161791902, 0.15774010272460945], [0.07223558012315434, 0.17367188062448408, 0.3374397158560273, 0.4166528233963344], [0.04972334464223069, 0.4732834869124972, 0.10433101933332944, 0.37266214911194245], [0.25996005881952455, 0.14102684537654436, 0.19169983481922398, 0.40731326098470666], [0.19281847485325723, 0.6728764793239088, 0.09305473146136611, 0.041250314361467505], [0.18513523156828196, 0.3757886552132844, 0.3088734747456877, 0.1302026384727463], [0.005204640700396304, 0.2035950289047978, 0.7825120736571267, 0.008688256737679007], [0.6648221050598001, 0.16479466950444227, 0.05208079854752696, 0.11830242688823067], [0.11610259071762564, 0.6044394547075561, 0.0817427607849805, 0.19771519378983743], [0.15018038198461928, 0.2875757960495422, 0.27061070164575746, 0.291633120320081], [0.2111413749499149, 0.30125804154967, 0.18272478752436172, 0.30487579597605347], [0.03863346006647316, 0.22908177805210825, 0.6679658852381122, 0.06431887664330642], [0.22771850626524756, 0.0677014708787947, 0.03191337107761342, 0.6726666517783444], [0.10646277456764552, 0.48932306897556005, 0.2751414001198798, 0.12907275633691453], [0.05682603446871952, 0.34506229245224035, 0.1927980381422899, 0.40531363493675054], [0.7965921801084705, 0.037779219953043654, 0.03619728196865356, 0.129431317969832], [0.045549652142489086, 0.17473725148316616, 0.06868027581789293, 0.7110328205564518], [0.26934395803098565, 0.456914918845462, 0.03540579622618929, 0.23833532689736295], [0.0068768339135802286, 0.8024915565271582, 0.1382877849424503, 0.05234382461681123], [0.18659851462941868, 0.18965758633785826, 0.105602921652842, 0.518140977379881], [0.7776570278953864, 0.14810312001884207, 0.005310558681351624, 0.06892929340441978], [0.7156717932751859, 0.26808721630334, 0.009351033231482108, 0.006889957189991864], [0.015257818559119474, 0.7373657327284066, 0.220493482008546, 0.02688296670392801], [0.14341277517752585, 0.26996852137194266, 0.5188774191675898, 0.06774128428294177], [0.16217232290495429, 0.028884143602970626, 0.1504037879879782, 0.658539745504097], [0.48374916090417663, 0.10609928360343591, 0.06979996963708335, 0.3403515858553041], [0.04839428190657816, 0.48511701560052617, 0.42868414308420427, 0.037804559408691506], [0.3744864801596879, 0.24102758595886736, 0.1169711721079514, 0.2675147617734933], [0.08879494484042975, 0.7250331857299687, 0.08433442847636642, 0.10183744095323492], [0.25696163566193314, 0.1866440947329997, 0.16882948389233854, 0.3875647857127285], [0.45320891003517366, 0.17597831640328607, 0.10713243055487114, 0.2636803430066695], [0.015754991442131633, 0.010404430682664712, 0.013231492926805342, 0.9606090849483984], [0.5113857730773947, 0.46106550823491604, 0.012107191252517519, 0.015441527435171697], [0.291046265366067, 0.22032564962081025, 0.031325214049285725, 0.4573028709638371], [0.06380960356417138, 0.38081566181090176, 0.3835084792466146, 0.17186625537831224], [0.10520430397781527, 0.3120988300529616, 0.08871385985951886, 0.4939830061097042], [0.11737023601256866, 0.38883847935183463, 0.2912354051423058, 0.20255587949329118], [0.043857964367335814, 0.16495418674313644, 0.03052807797467887, 0.7606597709148487], [0.5598904460182225, 0.25101291357461936, 0.07759039940038581, 0.11150624100677205], [0.10568751930723119, 0.5640680966304661, 0.19336336964523246, 0.13688101441706996], [0.26039043777673987, 0.3053983061549236, 0.223395667909041, 0.2108155881592955], [0.005628698793146875, 0.03524795887437714, 0.4053904220005959, 0.5537329203318799], [0.05376225880856125, 0.6351641431508166, 0.1882547831457123, 0.12281881489490996], [0.7214742028461939, 0.10509694550852126, 0.09587176809406742, 0.07755708355121758], [0.37501434945936263, 0.03821033271609071, 0.39560357851815736, 0.19117173930638923], [0.10516155732910712, 0.5532479367795569, 0.09358441666968778, 0.24800608922164796], [0.2540120735960733, 0.13810751041186684, 0.0473994053805599, 0.5604810106115004], [0.008578155207070186, 0.5851328587536534, 0.3057065301720259, 0.10058245586725044], [0.034402871719175346, 0.38891622335960024, 0.06452467164742659, 0.5121562332737978], [0.3407535021513639, 0.3796949707072512, 0.009337877654192908, 0.27021364948719184], [0.23340583946855836, 0.22241616292568994, 0.433033953980835, 0.1111440436249165], [0.1254952508858343, 0.3152236385130866, 0.3009407381633803, 0.25834037243769886], [0.0072841482105636835, 0.17466636683701436, 0.36613139703623154, 0.4519180879161903], [0.3972272501439907, 0.2049194739555639, 0.021389684246889046, 0.37646359165355625], [0.2750501557094989, 0.5970450519901371, 0.04512487453636023, 0.0827799177640034], [0.09153095897571274, 0.2527591271838024, 0.08645730331343937, 0.5692526105270457], [0.24182290674618623, 0.12517397087205015, 0.07587322288781378, 0.55712989949395], [0.16086359928461305, 0.07472380377682102, 0.4252777397036574, 0.3391348572349085], [0.3809164678321311, 0.15893103309576523, 0.08774339399648227, 0.37240910507562125], [0.041203965451717166, 0.29618267994715214, 0.27798665791242977, 0.38462669668870075], [0.5836947721161757, 0.2451190349513485, 0.025818843532154464, 0.14536734940032148], [0.09441763694866508, 0.660214793070431, 0.036542136366481674, 0.20882543361442202], [0.046117856057964465, 0.16593808095628218, 0.4817553341838602, 0.3061887288018934], [0.07882286501900662, 0.24315539884599666, 0.04177026133761412, 0.6362514747973828], [0.2915253299763864, 0.16364461686184725, 0.019804414707725638, 0.5250256384540409], [0.36846845623889624, 0.14354981036654407, 0.022095438907163183, 0.4658862944873965], [0.15488151288339053, 0.1451819062159504, 0.2272637358471717, 0.47267284505348717], [0.10799804421297554, 0.3792405774273894, 0.3129735571977102, 0.1997878211619247], [0.24461009522002483, 0.10881029790416281, 0.22075285515693843, 0.42582675171887413], [0.15211524432221998, 0.43937824129230124, 0.2132574928070845, 0.19524902157839438], [0.30098797603203725, 0.30272745445740945, 0.07335219623952949, 0.3229323732710237], [0.037541187119763446, 0.7136476948084649, 0.16096430848759796, 0.08784680958417396], [0.17714396289948045, 0.02725007499268057, 0.15555127975905453, 0.6400546823487845], [0.6671149699656677, 0.2518526854022912, 0.03521377784495585, 0.04581856678708552], [0.28162947042541925, 0.2897359432856311, 0.35950313649786414, 0.0691314497910854], [0.11782977800228882, 0.3192407224474038, 0.07175979776603528, 0.491169701784272], [0.13948173097070884, 0.19708286537645725, 0.0374234329727388, 0.6260119706800951], [0.258494849867568, 0.12855846135823404, 0.0033099179066918673, 0.6096367708675059], [0.02540865724174273, 0.8208589347735571, 0.07219497708631865, 0.08153743089838154], [0.6745612501001086, 0.08989329276225659, 0.052166595080884844, 0.18337886205675], [0.04617210884820719, 0.5441758508289268, 0.1835338616997466, 0.22611817862311934], [0.4204201011546094, 0.1151039281254419, 0.02315830516577577, 0.4413176655541729], [0.2895633788800529, 0.04522415554776901, 0.006090022274260938, 0.6591224432979171], [0.8672660344179465, 0.03186732567686734, 0.01545280970223416, 0.08541383020295208], [0.8180280724202621, 0.027026185767863208, 0.009549093630397888, 0.14539664818147688], [0.4814081989457036, 0.21766147711146194, 0.2343073939569763, 0.06662292998585818], [0.2610308412676686, 0.07863471413259653, 0.07704896787141712, 0.583285476728318], [0.20222411373019314, 0.38877429355853493, 0.1298116534157573, 0.2791899392955144], [0.6544283281692838, 0.150327007138952, 0.10155234399726071, 0.0936923206945038], [0.33535498782555145, 0.21533965443082623, 0.03104105861962518, 0.4182642991239972], [0.6195941532489622, 0.033340907346827764, 0.010953721686355163, 0.3361112177178548], [0.12071713386437607, 0.48776792073010816, 0.014936290841230673, 0.3765786545642855], [0.16843995182468816, 0.052991615145701436, 0.276432780362865, 0.5021356526667454], [0.8734498503595469, 0.04233651763627494, 0.0018483432155413143, 0.08236528878863668], [0.25776508697541195, 0.32097008473871447, 0.20877595647059788, 0.21248887181527568], [0.1192788390858185, 0.023534503790032597, 0.01960697981793685, 0.8375796773062123], [0.23779333199063596, 0.1550744215408076, 0.07690227840117259, 0.5302299680673839], [0.8274437384077536, 0.05563008052338563, 0.023421714552808157, 0.09350446651605258], [0.7990974305618331, 0.02487408209465777, 0.04315447542880141, 0.13287401191470785], [0.027258437242513256, 0.5483150104195627, 0.019188067773418537, 0.4052384845645057], [0.3662816760293121, 0.12558466434948548, 0.035091864130700014, 0.47304179549050235], [0.14684936235811702, 0.09299749023712522, 0.10413902358279546, 0.6560141238219626], [0.02997698043953611, 0.34851996885779446, 0.014347557960133265, 0.6071554927425364], [0.09665386896922648, 0.15412563290262218, 0.034831712040037356, 0.7143887860881142], [0.04669734720715855, 0.48022902813559026, 0.11685251501699469, 0.35622110964025633]]}}