{"test": {"ids": ["100112060", "113118231", "105115720", "111114941", "111120220", "112116800", "101109370", "101108080", "108114220", "110120640", "108120260", "103120730", "110120190", "98108970", "111116040", "111116090", "105113440", "110114920", "113121810", "102121700", "100111390", "102114270", "106120640", "108113480", "111118810", "103120780", "100109311", "98110680", "112117580", "111116100", "109115380", "99112840", "111115770", "113117630", "109113591", "106116640", "103117461", "110118181", "105118740", "109115220", "103111930", "112120990", "111119430", "102110500", "100110050", "99110730", "112118820", "102112301", "103118291", "113120070", "112117030", "101109000", "106115240", "111116170", "112118511", "105112100", "101108950", "106118161", "113118870", "108114200", "112119580", "99110050", "103113170", "98107410", "103113610", "107114490", "104116980", "112119980", "99107560", "113120830", "105113260", "100120780", "105118171", "105121370", "112118810", "113117550", "103113260", "108117610", "107118520", "101114990", "100117420", "104113170", "104110960", "112116451", "99108580", "112121410", "104113210", "111116530", "99109141", "101110740", "113120531", "104111780", "97109570", "111119340", "101110150", "110118301", "113119360", "113119120", "109119450", "105116090", "112119500", "97106600", "111120190", "97112290", "111120260", "109117080", "108117360", "103113270", "97107950", "98108410", "112119930", "111121410", "104112470", "105116860", "110119891", "111120540", "113118810", "104116800", "103118110", "109116170", "111119610", "109117630", "105120621", "110116300", "101119591", "105116441", "101108460", "97112300", "100109330", "112116810", "110119030", "99108000", "113120640", "106117790", "99112531", "111118910", "98110810", "103110050", "98111620", "113122230", "110113591", "109113881"], "labels": [2, 3, 1, 0, 3, 0, 1, 0, 3, 0, 1, 1, 3, 3, 0, 3, 0, 3, 2, 1, 2, 3, 3, 0, 0, 1, 1, 2, 0, 3, 3, 2, 3, 0, 3, 3, 0, 1, 1, 3, 3, 2, 3, 3, 3, 3, 0, 1, 0, 2, 2, 1, 1, 0, 1, 1, 2, 3, 0, 0, 3, 3, 3, 3, 2, 3, 1, 0, 1, 3, 3, 1, 3, 2, 3, 3, 3, 3, 2, 3, 2, 3, 2, 0, 0, 0, 3, 3, 3, 3, 0, 3, 0, 3, 1, 1, 0, 3, 3, 1, 2, 3, 3, 1, 3, 1, 1, 2, 2, 1, 1, 0, 1, 2, 3, 1, 3, 1, 2, 0, 2, 0, 1, 3, 0, 1, 0, 2, 0, 3, 0, 2, 0, 1, 3, 0, 1, 3, 3, 1, 0, 0], "predicted_labels": [0, 3, 1, 3, 3, 3, 3, 1, 1, 3, 0, 1, 3, 1, 3, 2, 0, 1, 1, 0, 0, 1, 1, 1, 3, 1, 0, 1, 3, 0, 2, 1, 3, 1, 1, 3, 3, 3, 3, 3, 2, 3, 3, 3, 0, 1, 0, 1, 3, 1, 2, 3, 1, 3, 2, 2, 3, 3, 1, 0, 1, 3, 1, 0, 1, 3, 2, 3, 1, 1, 3, 0, 3, 3, 3, 1, 1, 3, 1, 3, 3, 1, 1, 3, 3, 1, 0, 1, 1, 0, 1, 3, 3, 1, 0, 1, 1, 3, 2, 0, 1, 2, 1, 3, 1, 1, 2, 3, 1, 2, 3, 0, 1, 0, 3, 1, 1, 1, 1, 3, 2, 1, 3, 3, 3, 3, 1, 0, 0, 3, 3, 3, 3, 1, 3, 1, 1, 1, 3, 1, 1, 1], "confidence_scores": [[0.28576590014491654, 0.26184577883659155, 0.1900439777525679, 0.2623443432659239], [0.24398021921416507, 0.30262422015465384, 0.09056680094867174, 0.36282875968250944], [0.16992166100723866, 0.4096802242238281, 0.1986336141050568, 0.22176450066387654], [0.25672220327830647, 0.3002477850621615, 0.10235528710420376, 0.3406747245553284], [0.2992897726448, 0.21732149168443973, 0.10007242311455884, 0.3833163125562016], [0.24837055341347275, 0.11750819715493213, 0.13969946999959706, 0.4944217794319981], [0.18534431950645955, 0.2734507803057509, 0.18485544686114436, 0.35634945332664536], [0.14694391352498404, 0.4831305045663135, 0.08477561004979343, 0.285149971858909], [0.08638375887538646, 0.6183591680237127, 0.18089302682478392, 0.11436404627611685], [0.3181263950855287, 0.18525213338066535, 0.1646566467471467, 0.3319648247866593], [0.5192203383800649, 0.16849995970599904, 0.1357412165604496, 0.17653848535348657], [0.21843367802094263, 0.4209224657756918, 0.1357524672614264, 0.22489138894193916], [0.164919370156979, 0.25108967027353585, 0.13044318312635622, 0.4535477764431288], [0.15787462931603885, 0.45245377174342105, 0.1907056567844145, 0.19896594215612562], [0.2129590076501895, 0.2821180182862767, 0.16265411950141392, 0.3422688545621199], [0.2939461767607192, 0.12222001364216592, 0.3906646514740645, 0.19316915812305027], [0.31204836080578474, 0.18124635538807252, 0.2224399265384673, 0.28426535726767554], [0.23703260284452268, 0.3870951399969637, 0.08211204561438103, 0.29376021154413245], [0.2310796278335069, 0.40752491780489736, 0.21646508272779413, 0.1449303716338014], [0.34773998347934715, 0.22150580819759874, 0.10934102177105837, 0.3214131865519958], [0.33324620052014575, 0.1612654560694729, 0.1760963031083022, 0.3293920403020791], [0.14481418029204718, 0.6749003726636155, 0.08987727797558366, 0.09040816906875389], [0.23592061222033142, 0.3485152857885408, 0.21108781150770764, 0.20447629048342023], [0.23254139821980782, 0.377603480084585, 0.1964900664170992, 0.19336505527850786], [0.1362385085365958, 0.1511352889290831, 0.07024140877626876, 0.6423847937580522], [0.1388889020471323, 0.5566301785550059, 0.15524177711866086, 0.14923914227920082], [0.4188913209188476, 0.1709989674404956, 0.0985853608943162, 0.31152435074634044], [0.15198158416512628, 0.3290054919345294, 0.3092762347110948, 0.20973668918924965], [0.21676783887197476, 0.15842953359060657, 0.17145324566955014, 0.4533493818678685], [0.43151903167585265, 0.42535411109783294, 0.049546381442845865, 0.09358047578346854], [0.1950340750310641, 0.23394196264829645, 0.39889592668502516, 0.17212803563561435], [0.11900658291093015, 0.6635147385702753, 0.04801286855056317, 0.16946580996823132], [0.22140408422503438, 0.26314494201125155, 0.20928882399395363, 0.3061621497697605], [0.2140223633127707, 0.30965543649118915, 0.24768009202279395, 0.22864210817324623], [0.1293869916410986, 0.5488080746995138, 0.07736421405060034, 0.24444071960878724], [0.26794589921323114, 0.17649001917044166, 0.08295718861121601, 0.4726068930051112], [0.3037615125936162, 0.20062313284583264, 0.13439421626913292, 0.3612211382914183], [0.14587330956036085, 0.15869806702439507, 0.1169239106776285, 0.5785047127376155], [0.17632884065132456, 0.24372625858554145, 0.23927593280051296, 0.3406689679626212], [0.19494442878472526, 0.12314634395145063, 0.16813998085764342, 0.5137692464061807], [0.2012356476864476, 0.3186753526512465, 0.34736381198771343, 0.13272518767459243], [0.12916038277218495, 0.29484453200753385, 0.1252645784022128, 0.45073050681806826], [0.2832126711638755, 0.2175973301737822, 0.20266414609328537, 0.2965258525690569], [0.27394927282817755, 0.12232165856198893, 0.1306003031737763, 0.4731287654360573], [0.42394301559364994, 0.35116764179582177, 0.09944578025566793, 0.12544356235486043], [0.22864466153819252, 0.35196135230573705, 0.17330221908994134, 0.24609176706612904], [0.372161115441779, 0.29730399502869626, 0.1633240618128644, 0.1672108277166604], [0.15371786628854464, 0.4637469984566815, 0.11367591550314825, 0.26885921975162563], [0.300014890106736, 0.2758877730651886, 0.11003149829149494, 0.31406583853658054], [0.13102517541564795, 0.5475114475144534, 0.15044616552686912, 0.17101721154302948], [0.22821241953184135, 0.21195161434597715, 0.3188651107994872, 0.2409708553226945], [0.2085928489593829, 0.3238987462237048, 0.09307703142419567, 0.3744313733927167], [0.17610924835512634, 0.6431558703137153, 0.04203627735330297, 0.13869860397785527], [0.21562852318193332, 0.2370472264837575, 0.11341553309229602, 0.43390871724201324], [0.20078370878169247, 0.2901953277457317, 0.30019457168556335, 0.20882639178701248], [0.1320825024440486, 0.21832443691782946, 0.35128074405785936, 0.2983123165802625], [0.20272415731594173, 0.2765667211470219, 0.1717591135718246, 0.3489500079652117], [0.12736853769300863, 0.2526631922153821, 0.06690510566230735, 0.5530631644293018], [0.26710496098830455, 0.46582544793125485, 0.08542002911612907, 0.18164956196431162], [0.4206122411310221, 0.2152958229420407, 0.11358472567731132, 0.25050721024962597], [0.14194717740279844, 0.4994656468253036, 0.11981237399030291, 0.23877480178159527], [0.14515766507567995, 0.27190919883430986, 0.27291106323511327, 0.31002207285489697], [0.18059431368293757, 0.4446269061262608, 0.09495188985272926, 0.2798268903380725], [0.6907157638974392, 0.1565373431625326, 0.06335371519861685, 0.08939317774141141], [0.3050541930106048, 0.42991523675021703, 0.11936944761979686, 0.14566112261938127], [0.14067559038423857, 0.16965110647216908, 0.11328426996454366, 0.5763890331790485], [0.0819355549848758, 0.30552237290682044, 0.45869334899621494, 0.15384872311208878], [0.13799988384518613, 0.09952667410952683, 0.059033818990970176, 0.703439623054317], [0.20231242203790534, 0.5649786817045278, 0.1123355776128243, 0.12037331864474268], [0.15101632296515957, 0.3660460265946083, 0.1604965110525713, 0.322441139387661], [0.2748272418469512, 0.2317258236251083, 0.20319622981497143, 0.29025070471296904], [0.33255503599993824, 0.2106766850403657, 0.26760679144230676, 0.1891614875173893], [0.22765175205678148, 0.294452628058052, 0.16891089176974586, 0.3089847281154206], [0.1893502156119462, 0.2969978919852335, 0.14458576805228107, 0.3690661243505393], [0.23164153377419822, 0.21581961447171857, 0.13987890374295087, 0.4126599480111325], [0.18844507800478108, 0.32272658918912367, 0.19885282508123234, 0.28997550772486314], [0.20092777931200792, 0.3325931738421907, 0.1441887078343054, 0.3222903390114961], [0.24740366474295833, 0.21319164650794667, 0.14535175415901247, 0.3940529345900826], [0.20358670102680712, 0.43119633259583307, 0.11188730896252687, 0.25332965741483293], [0.14132833331200162, 0.3341987947447819, 0.1860393928663586, 0.33843347907685795], [0.21895748322054098, 0.1579691864769942, 0.3051905264401135, 0.3178828038623513], [0.22006891590887387, 0.48885627008466365, 0.12373023141966039, 0.16734458258680213], [0.2115832923770485, 0.47924239782414213, 0.12154088631426366, 0.18763342348454584], [0.30840732163691353, 0.22678549478385657, 0.08666116448440427, 0.3781460190948256], [0.1416051444322406, 0.19859692713136987, 0.21454556395472552, 0.44525236448166405], [0.2765483954440458, 0.45578120464168853, 0.06487003304492585, 0.20280036686933992], [0.46905322097962926, 0.15729026918559222, 0.10114990541127865, 0.2725066044234998], [0.28076164202205994, 0.48811218593508104, 0.06207821574094561, 0.16904795630191347], [0.30912145723100515, 0.3225597012729309, 0.20306104840480005, 0.16525779309126393], [0.3231175531138803, 0.29334521733026475, 0.2209815428280512, 0.1625556867278038], [0.16377083533975126, 0.5984064343729267, 0.05749952275209478, 0.1803232075352273], [0.2369830686806899, 0.17142678429992506, 0.24961809356398523, 0.34197205345539966], [0.12562808494680547, 0.37452570931900425, 0.06273843799605548, 0.4371077677381349], [0.2697864680100594, 0.35551593561778444, 0.12776739712928487, 0.24693019924287132], [0.3115362859457595, 0.30391957941299813, 0.2008318990832838, 0.18371223555795876], [0.19169674161917605, 0.4322685485139648, 0.11643502490086442, 0.2595996849659947], [0.289869074783541, 0.43021064569271317, 0.10126693722983382, 0.17865334229391192], [0.08435393204236893, 0.12483961569878532, 0.12157377222875182, 0.6692326800300941], [0.14199121923983665, 0.2351902328237807, 0.33694113389411456, 0.285877414042268], [0.38460700075137877, 0.22361970130468833, 0.2188174945256676, 0.17295580341826544], [0.11207122149812587, 0.7514325116483511, 0.06658304939191065, 0.06991321746161226], [0.14263944780466636, 0.18986555808615946, 0.5395881768456251, 0.12790681726354905], [0.18255015177317427, 0.46658633623084095, 0.15796760806895335, 0.19289590392703151], [0.24713317401306734, 0.1983327854787065, 0.08113882984187694, 0.4733952106663491], [0.17609269401359015, 0.5576320875311046, 0.14277838181744681, 0.12349683663785846], [0.10560235280590133, 0.5917370527275682, 0.1682034102281723, 0.13445718423835826], [0.29896416713228663, 0.17376971209678946, 0.30282553206139656, 0.2244405887095274], [0.2504066111878454, 0.23236351559588592, 0.25768368340797454, 0.2595461898082941], [0.31212091682026155, 0.34263115158187246, 0.14553522165698377, 0.19971270994088203], [0.218450414709746, 0.15576936553822388, 0.4374251278361161, 0.18835509191591393], [0.16942877244311272, 0.27102676779946544, 0.09172787242630603, 0.467816587331116], [0.3823364137182295, 0.20206902111699865, 0.13102697994295143, 0.28456758522182046], [0.14942642758018762, 0.4042807712100329, 0.10562821650853735, 0.3406645847012422], [0.6336752106904475, 0.22412879649579306, 0.042732012365216725, 0.09946398044854277], [0.10150355607309328, 0.19916221680448826, 0.07362037529367485, 0.6257138518287437], [0.1531049628518693, 0.6790073203161004, 0.07507848587153045, 0.0928092309604999], [0.30997561515706124, 0.35618643474363426, 0.1487232170799896, 0.18511473301931491], [0.2236932260112128, 0.36142726186591523, 0.12334936415801588, 0.2915301479648562], [0.1523215028666774, 0.40050604831021147, 0.2522772216422416, 0.1948952271808695], [0.13304285894690593, 0.24377694038886105, 0.1378803275130786, 0.48529987315115447], [0.09965836513487673, 0.23359905217892082, 0.5747843798752094, 0.09195820281099323], [0.22924567481117217, 0.3895315723042161, 0.20702498363060207, 0.17419776925400968], [0.1580426798913075, 0.08266926282899355, 0.03793146225521176, 0.7213565950244873], [0.2198887957882875, 0.30227307431898065, 0.08313516722870867, 0.39470296266402305], [0.3700722705969479, 0.12312516804226208, 0.13651773342730414, 0.370284827933486], [0.2044249933326942, 0.21247533934534552, 0.15272911390062607, 0.430370553421334], [0.2502076888550605, 0.46513038914103905, 0.13310130958982688, 0.15156061241407368], [0.43281113917229586, 0.13023213689780372, 0.2808930307729481, 0.15606369315695237], [0.2760174623225627, 0.2690864680640798, 0.2487502528166811, 0.20614581679667637], [0.26904603899617036, 0.19880834480972165, 0.15281401019076016, 0.37933160600334803], [0.2141584512886008, 0.3134060693507051, 0.13220305213820227, 0.3402324272224919], [0.11788159026697406, 0.30790585617900784, 0.1106069976834622, 0.46360555587055596], [0.1988954214816533, 0.16999263211623183, 0.15355884571331319, 0.4775531006888016], [0.2603354009082423, 0.4436957086304038, 0.1457849546717584, 0.15018393578959552], [0.17960930577344705, 0.18753263074501678, 0.0857006413778318, 0.5471574221037043], [0.1462974924279609, 0.39993510697299195, 0.19545909360086133, 0.2583083069981858], [0.10556565576356036, 0.6184738654070063, 0.17979197977504227, 0.0961684990543911], [0.085742100070783, 0.6341984661523977, 0.05660409983407629, 0.22345533394274306], [0.22119353034913283, 0.19270739666276265, 0.27771676541734236, 0.3083823075707622], [0.10269129180803413, 0.519597318412845, 0.12048606133439534, 0.2572253284447255], [0.30302562602980576, 0.42362842370819265, 0.14623639071032385, 0.1271095595516777], [0.302877806913594, 0.3716501920570136, 0.16369545032970675, 0.16177655069968563]]}, "rewritten": {"ids": ["97106600", "97107950", "97109570", "97112290", "97112300", "98107410", "98108410", "98108970", "98110680", "98110810", "98111620", "99107560", "99108000", "99108580", "99109141", "99110050", "99110730", "99112531", "99112840", "100109311", "100109330", "100110050", "100111390", "100112060", "100117420", "100120780", "101108080", "101108460", "101108950", "101109000", "101109370", "101110150", "101110740", "101114990", "101119591", "102110500", "102112301", "102114270", "102121700", "103110050", "103111930", "103113170", "103113260", "103113270", "103113610", "103117461", "103118110", "103118291", "103120730", "103120780", "104110960", "104111780", "104112470", "104113170", "104113210", "104116800", "104116980", "105112100", "105113260", "105113440", "105115720", "105116090", "105116441", "105116860", "105118171", "105118740", "105120621", "105121370", "106115240", "106116640", "106117790", "106118161", "106120640", "107114490", "107118520", "108113480", "108114200", "108114220", "108117360", "108117610", "108120260", "109113591", "109113881", "109115220", "109115380", "109116170", "109117080", "109117630", "109119450", "110113591", "110114920", "110116300", "110118181", "110118301", "110119030", "110119891", "110120190", "110120640", "111114941", "111115770", "111116040", "111116090", "111116100", "111116170", "111116530", "111118810", "111118910", "111119340", "111119430", "111119610", "111120190", "111120220", "111120260", "111120540", "111121410", "112116451", "112116800", "112116810", "112117030", "112117580", "112118511", "112118810", "112118820", "112119500", "112119580", "112119930", "112119980", "112120990", "112121410", "113117550", "113117630", "113118231", "113118810", "113118870", "113119120", "113119360", "113120070", "113120531", "113120640", "113120830", "113121810", "113122230"], "labels": [3, 2, 0, 1, 2, 3, 1, 3, 2, 1, 3, 1, 2, 0, 3, 3, 3, 3, 2, 1, 0, 3, 2, 2, 2, 1, 0, 0, 2, 1, 1, 1, 3, 3, 0, 3, 1, 3, 1, 3, 3, 3, 3, 2, 2, 0, 2, 0, 1, 1, 2, 3, 1, 3, 3, 1, 1, 1, 3, 0, 1, 1, 1, 2, 3, 1, 1, 2, 1, 3, 1, 3, 3, 3, 2, 0, 0, 3, 1, 3, 1, 3, 0, 3, 3, 0, 1, 0, 3, 0, 3, 3, 1, 1, 0, 3, 3, 0, 0, 3, 0, 3, 3, 0, 3, 0, 0, 3, 3, 2, 3, 3, 3, 1, 0, 0, 0, 3, 2, 0, 1, 3, 0, 2, 3, 1, 0, 2, 0, 3, 0, 3, 3, 0, 3, 0, 2, 0, 0, 3, 2, 1], "predicted_labels": [3, 1, 3, 3, 0, 0, 0, 2, 1, 1, 2, 0, 3, 3, 1, 2, 1, 3, 1, 0, 2, 1, 3, 3, 3, 3, 1, 1, 1, 1, 3, 0, 1, 3, 0, 3, 1, 1, 0, 1, 1, 1, 0, 3, 3, 3, 1, 3, 1, 1, 0, 0, 1, 0, 3, 0, 1, 0, 0, 3, 1, 0, 1, 0, 3, 3, 0, 1, 1, 3, 1, 1, 1, 3, 1, 1, 0, 2, 3, 3, 0, 1, 1, 3, 1, 3, 1, 1, 1, 1, 3, 1, 3, 0, 3, 3, 1, 3, 3, 1, 0, 2, 0, 3, 1, 3, 1, 1, 1, 1, 0, 0, 1, 1, 3, 3, 3, 0, 3, 3, 2, 3, 0, 1, 3, 1, 3, 1, 1, 3, 1, 3, 0, 1, 1, 3, 1, 1, 1, 1, 1, 1], "confidence_scores": [[0.10962220381393162, 0.24223867506240646, 0.31218475062258405, 0.33595437050107796], [0.2664228152706071, 0.3198621375394153, 0.22915183066630504, 0.18456321652367239], [0.12664764582125984, 0.24887965891086425, 0.10156543658683725, 0.5229072586810387], [0.21102310081293055, 0.22451206762514395, 0.07671897529509648, 0.487745856266829], [0.4007873697265311, 0.24040088617332475, 0.23829415986121222, 0.12051758423893177], [0.64227942491616, 0.17387294847943216, 0.0885631216189123, 0.09528450498549564], [0.30376684974137724, 0.22770195748603916, 0.2150262418395332, 0.25350495093305037], [0.12271805851987728, 0.2556037128986062, 0.40067063069322034, 0.22100759788829624], [0.2453556772400629, 0.3117324976876939, 0.20207527912619702, 0.24083654594604628], [0.21559758775727497, 0.3657276852406054, 0.2979086744607589, 0.12076605254136072], [0.07190323230993717, 0.140996465254286, 0.6695630803586522, 0.1175372220771246], [0.6405658453491696, 0.20137986977358616, 0.08483134943316684, 0.07322293544407746], [0.13475287233390645, 0.10343967833512917, 0.3559512300577436, 0.40585621927322074], [0.15236194019598934, 0.2110513387707967, 0.1622345395197546, 0.4743521815134594], [0.233877100877623, 0.31785074350302306, 0.14632354563549238, 0.3019486099838615], [0.18141114622586296, 0.19061887083462123, 0.3878137093666291, 0.24015627357288682], [0.28869573647875335, 0.30440535467891683, 0.18873881164006248, 0.21816009720226726], [0.21293547303845906, 0.21068168057437126, 0.06411098047311993, 0.5122718659140498], [0.19515156453554242, 0.425506126426661, 0.08723635609641398, 0.2921059529413826], [0.35317367714784104, 0.23432033812265726, 0.21978992792869018, 0.19271605680081177], [0.23748770326054228, 0.2648387255306474, 0.32871768823435477, 0.1689558829744555], [0.3878367299856689, 0.39559441665113904, 0.08610521780006224, 0.1304636355631298], [0.27447257197716257, 0.170203652036597, 0.1402300604058897, 0.4150937155803507], [0.23497446327903532, 0.182999774794214, 0.2534005866811919, 0.32862517524555857], [0.2528673824445642, 0.082050443727822, 0.2041791645998558, 0.4609030092277579], [0.12619590177332682, 0.1840730050944783, 0.18487648986687916, 0.5048546032653155], [0.1822809447502676, 0.513021527908366, 0.0650548626437748, 0.23964266469759157], [0.2431197940896399, 0.4832217529334136, 0.12246994672911932, 0.15118850624782737], [0.12718856969338097, 0.48442069892674505, 0.18740736532123076, 0.20098336605864323], [0.12763738040896888, 0.43316341548006343, 0.13335399172607867, 0.3058452123848889], [0.1683218872034123, 0.2785888023506987, 0.2706419365895519, 0.28244737385633695], [0.331090346373009, 0.17380440709466605, 0.22757603200711013, 0.2675292145252149], [0.24805715048063978, 0.3159846759209479, 0.23262993778333504, 0.20332823581507717], [0.10184810866711401, 0.2874408758665939, 0.1927627107872486, 0.4179483046790434], [0.493669056476001, 0.11919884237271826, 0.056250541861636014, 0.3308815592896447], [0.28275530633852936, 0.10511221336301452, 0.05555324137985357, 0.5565792389186026], [0.0852336414338146, 0.6107644350779003, 0.22743735587008967, 0.0765645676181953], [0.23894203856890203, 0.40598147142390323, 0.19677414112825348, 0.15830234887894132], [0.4187538259460461, 0.1934909823398652, 0.0823965605746813, 0.30535863113940725], [0.12622259732536634, 0.6472570684991923, 0.12751396363383619, 0.09900637054160524], [0.1778849726330956, 0.4870404199496027, 0.2228469276402479, 0.11222767977705407], [0.13233928102952594, 0.41927640652686327, 0.23814769635186123, 0.21023661609174965], [0.29520870033270696, 0.2780148620999263, 0.19132075646970895, 0.23545568109765783], [0.14449749706507234, 0.1960275948758188, 0.2213968340393684, 0.4380780740197406], [0.12005725210731404, 0.35015976472158455, 0.16302634177987782, 0.36675664139122366], [0.23614608155041958, 0.23138958200899445, 0.20084112189012596, 0.3316232145504601], [0.13161124719701925, 0.39460624803951017, 0.12880317211632486, 0.3449793326471458], [0.28827226436775166, 0.16943325161963307, 0.14113424968468502, 0.40116023432793035], [0.1983728467628744, 0.4094333406590778, 0.13603976591966632, 0.2561540466583814], [0.10644636809352923, 0.6418579855892861, 0.1458384749121756, 0.10585717140500908], [0.30721324985999954, 0.29925487118136507, 0.12107845674499723, 0.27245342221363816], [0.33882626027971446, 0.2129302199272886, 0.15880528554787723, 0.2894382342451196], [0.16804742991188945, 0.38784685882786024, 0.07127221097866147, 0.37283350028158896], [0.5521900786756896, 0.23240386729201762, 0.10911441949509645, 0.10629163453719641], [0.3682335785536669, 0.18769593129538836, 0.07046834965790139, 0.37360214049304336], [0.39189336432343325, 0.2628263337767379, 0.13710453190325647, 0.20817576999657234], [0.12729495077454692, 0.3275404607058063, 0.3093214166088827, 0.23584317191076434], [0.6484649228693348, 0.09277920484804898, 0.12499017771978026, 0.1337656945628359], [0.3384770029625846, 0.18035178442049848, 0.276733238129441, 0.2044379744874761], [0.21437692913401327, 0.26780689170632366, 0.22063402834163276, 0.29718215081803034], [0.10430683993699198, 0.6193669467197565, 0.12263896555110922, 0.1536872477921423], [0.5620947076393767, 0.13030274240198791, 0.1153931874747077, 0.19220936248392767], [0.1368605799354583, 0.48634885087103685, 0.10749924681660146, 0.2692913223769035], [0.47226697392731454, 0.31088959335866795, 0.0469065138851667, 0.16993691882885098], [0.17250443111697356, 0.2927341583121123, 0.16627061346143854, 0.3684907971094757], [0.13792740187884903, 0.29147230250181266, 0.17273256475923765, 0.3978677308601007], [0.37838520949928894, 0.17037906837721115, 0.0737899541415162, 0.3774457679819837], [0.14500626565777622, 0.38006080772813106, 0.1476640784655512, 0.3272688481485417], [0.2861422496832584, 0.3829812544684236, 0.11370184976371382, 0.2171746460846041], [0.2144201657343409, 0.2772348020358066, 0.08981192469061033, 0.41853310753924217], [0.21243094527882034, 0.5507135349768888, 0.11278608225537101, 0.12406943748892009], [0.34252459601968527, 0.3570913003515656, 0.09104271376748085, 0.2093413898612682], [0.19234215223887188, 0.5077822762915413, 0.09768022491526947, 0.2021953465543173], [0.1260344703566897, 0.3695916444651529, 0.09125400255274681, 0.4131198826254108], [0.21288730980260812, 0.606617512342726, 0.0693355624544894, 0.11115961540017653], [0.1461818695954578, 0.5298965915131176, 0.09865839610453761, 0.2252631427868868], [0.42388983757388293, 0.24420016961201288, 0.12284865517704395, 0.20906133763706036], [0.10032900220250246, 0.3452867145290153, 0.40331775817805965, 0.15106652509042254], [0.2504869005831305, 0.1922327082781127, 0.18092199867635864, 0.37635839246239844], [0.2728554641267207, 0.3033098823613544, 0.11452364001195244, 0.30931101349997253], [0.4429515605575041, 0.1681466875441102, 0.11963401228303996, 0.2692677396153459], [0.15665838649335256, 0.5036405635671972, 0.15500311560727772, 0.18469793433217246], [0.2499211779047555, 0.46736545745767494, 0.14409835341996827, 0.13861501121760145], [0.15176292240078854, 0.12044379076497735, 0.09587043243352929, 0.6319228544007051], [0.27793373260079196, 0.3972368632387926, 0.15904824317916846, 0.16578116098124687], [0.12145024155925652, 0.30444293863900856, 0.11894498763625544, 0.45516183216547956], [0.057762230632896754, 0.7393545770056391, 0.1332912841036557, 0.06959190825780862], [0.25299294948466045, 0.3230789254050563, 0.2080724641755643, 0.2158556609347189], [0.1965767521262604, 0.3017496248814701, 0.22110894335741627, 0.2805646796348531], [0.09479950266688572, 0.6477500673056424, 0.09527764870703323, 0.16217278132043852], [0.19522366035388078, 0.1587436490465369, 0.06875319939349407, 0.5772794912060882], [0.3018785668889853, 0.32245047512330033, 0.08271732450324429, 0.29295363348446996], [0.16394899683253483, 0.22532521973823133, 0.24849916083290732, 0.36222662259632665], [0.4450425933192669, 0.29198902109742053, 0.063619359014511, 0.19934902656880163], [0.22916806734211037, 0.2888811431905093, 0.0752994835483554, 0.4066513059190247], [0.25238297847610697, 0.2559020008885284, 0.16456880058762793, 0.3271462200477367], [0.09641979076557057, 0.5929454560359623, 0.1043992137181573, 0.20623553948030998], [0.1881027986070488, 0.23947759183066597, 0.21603496541741116, 0.35638464414487425], [0.33272971684154395, 0.24276836722395717, 0.06810769941484807, 0.3563942165196509], [0.17810033603242412, 0.34015730332667293, 0.165118349454432, 0.3166240111864709], [0.44121687441217106, 0.15595301084271707, 0.10154678347607693, 0.3012833312690351], [0.14875397788707082, 0.23891809810083406, 0.3078830166706069, 0.3044449073414882], [0.41923283658803273, 0.2949983722460746, 0.06898279841611055, 0.21678599274978222], [0.07123430593571037, 0.11939278381390936, 0.046135498558335375, 0.763237411692045], [0.31643349555978867, 0.40754038426339845, 0.105334410855227, 0.17069170932158587], [0.1903479717922735, 0.15298243813185836, 0.05632006669427299, 0.6003495233815951], [0.2982464621083939, 0.3633863497191445, 0.10536511038531188, 0.23300207778714993], [0.1933677913903652, 0.40601588981730957, 0.18321862179100756, 0.21739769700131775], [0.12094488261608592, 0.42375178854137546, 0.2961003211998608, 0.15920300764267786], [0.12407705076575175, 0.49743160527045455, 0.2530192375637333, 0.12547210640006057], [0.4189436736432021, 0.2215922100186166, 0.13058900241308297, 0.2288751139250984], [0.4766791883865114, 0.2589028673408141, 0.09832371149582174, 0.16609423277685278], [0.16703640869013606, 0.6477719836189054, 0.05058180431461709, 0.13460980337634137], [0.13815362598899192, 0.5225265633054035, 0.17110111429534056, 0.1682186964102641], [0.24297251705701775, 0.2414714359608519, 0.14378393774231016, 0.3717721092398202], [0.2967588466773534, 0.135871574021019, 0.054160355726683526, 0.5132092235749441], [0.21501494775527924, 0.125718699656439, 0.1703857074662949, 0.48888064512198687], [0.37077556905898207, 0.24795594233168217, 0.19182824840717283, 0.1894402402021631], [0.15814177891797865, 0.2022715772995308, 0.19415190571973326, 0.44543473806275713], [0.27381608794700574, 0.249888896524687, 0.11649566704105266, 0.3597993484872548], [0.25075076892049325, 0.18460504668449002, 0.36457043543611417, 0.2000737489589025], [0.18249623464783774, 0.2704663315916342, 0.17191887465304506, 0.375118559107483], [0.6269931288226075, 0.15381105404957493, 0.059335576251457633, 0.15986024087635994], [0.07378546017517248, 0.7132456632360369, 0.15226582396500926, 0.06070305262378152], [0.07581508037697694, 0.2010392158413073, 0.137606859835059, 0.5855388439466568], [0.13152806408585863, 0.4244690706311216, 0.10866734624337523, 0.33533551903964437], [0.14676625809167315, 0.17043454523681603, 0.09256332802978187, 0.590235868641729], [0.21542703841409375, 0.5007245316263497, 0.0675501082177703, 0.21629832174178637], [0.3041757249989337, 0.35181292958891996, 0.14717268775930006, 0.1968386576528464], [0.15978849684785576, 0.24823614163513344, 0.274546849757198, 0.3174285117598128], [0.12288256782134997, 0.423226639569411, 0.2518611177481021, 0.20202967486113696], [0.2883971273209583, 0.12497582059827138, 0.1162814254556582, 0.4703456266251121], [0.3528953743601544, 0.24050274161105928, 0.10556864861046349, 0.301033235418323], [0.2894689390783937, 0.41480672916477285, 0.10595058496168128, 0.18977374679515224], [0.25136774515721266, 0.31827216126580526, 0.14633865783387348, 0.2840214357431086], [0.19745213082888086, 0.2309798759160156, 0.08686028786098002, 0.4847077053941235], [0.173643195377456, 0.45389852371564193, 0.23295156063619943, 0.13950672027070266], [0.1585536946091585, 0.5140417327310736, 0.10416465141603728, 0.2232399212437308], [0.23590993489939854, 0.2984127203857068, 0.1896656772046561, 0.27601166751023865], [0.18765719998267238, 0.41979785044136836, 0.09393304232871179, 0.2986119072472475], [0.0735675804418646, 0.724597452208541, 0.13451273492011218, 0.06732223242948245], [0.2049436336926043, 0.3513444522877497, 0.15630822052010696, 0.2874036934995391]]}}