{"test": {"ids": ["104111620", "100109801", "102118380", "111120280", "99109740", "99110730", "98109230", "109117431", "110114321", "111118301", "104111711", "113121190", "108121190", "100108260", "110117500", "97116410", "108120280", "105113190", "97113900", "108116070", "112120290", "98116090", "101108460", "112118550", "100108520", "112119980", "112120670", "100109330", "99109161", "106117770", "113118620", "108113700", "99119830", "109117110", "105112260", "99109370", "103110220", "113121980", "110114950", "113122120", "110117870", "100108990", "108115570", "101112690", "104119340", "107116300", "113117630", "113120780", "106116120", "99108890", "110114920", "112119320", "97118210", "108113760", "111119300", "107113840", "112117571", "112117030", "110116170", "109116170", "111120190", "105121190", "101110740", "98120530", "99108310", "113119450", "103120340", "109120560", "107115140", "107116340", "113119930", "100109980", "112117580", "103112470", "105110091", "97112290", "98107210", "109119340", "101119591", "109117080", "105115570", "99111000", "106116370", "99112300", "107118490", "100116790", "101114990", "112116610", "106114280", "98107010", "108117451", "97105960", "104114240", "100107920", "98108150", "112116880", "99107300", "110116300", "111119340", "99111440", "100109910", "113119700", "99108520", "106119260", "109114651", "113121810", "111120591", "98112300", "105113210", "111114121", "111117000", "109116040", "108115500", "110116441", "99107660", "103113270", "107114490", "104112201", "100111380", "99108710", "105113440", "108116481", "103120730", "101112201", "112116850", "99109860", "102111990", "100120010", "106118520", "103109021", "100116500", "101110150", "107112840", "97116800", "105112100", "112117461", "108120621", "103120780", "113118511", "101108370", "98108970", "111117480"], "labels": [0, 0, 1, 0, 3, 3, 1, 1, 1, 3, 1, 1, 1, 3, 1, 3, 3, 3, 2, 1, 1, 0, 0, 3, 2, 0, 2, 0, 3, 0, 3, 0, 1, 1, 3, 1, 2, 2, 0, 1, 3, 2, 3, 1, 1, 0, 0, 0, 1, 0, 3, 1, 2, 1, 1, 3, 3, 2, 0, 0, 3, 2, 3, 1, 2, 3, 1, 1, 0, 3, 1, 1, 0, 1, 0, 1, 1, 3, 0, 1, 0, 2, 2, 0, 2, 2, 3, 1, 3, 3, 2, 2, 0, 0, 0, 0, 3, 3, 3, 3, 2, 0, 2, 1, 3, 2, 1, 2, 3, 0, 0, 0, 3, 3, 3, 2, 3, 0, 3, 2, 0, 0, 1, 0, 0, 2, 2, 0, 2, 0, 2, 1, 1, 0, 1, 0, 1, 1, 1, 1, 3, 1], "predicted_labels": [1, 3, 1, 3, 1, 2, 2, 3, 0, 0, 0, 3, 3, 0, 1, 1, 3, 3, 0, 0, 0, 1, 3, 3, 2, 3, 1, 0, 0, 2, 1, 1, 1, 2, 1, 2, 2, 3, 0, 0, 1, 2, 2, 1, 3, 1, 1, 3, 1, 1, 1, 2, 3, 1, 3, 1, 1, 3, 0, 3, 0, 3, 2, 1, 3, 0, 2, 1, 3, 1, 3, 0, 3, 0, 1, 1, 3, 3, 0, 1, 1, 2, 0, 3, 1, 0, 2, 1, 0, 1, 0, 2, 1, 0, 1, 1, 1, 1, 0, 0, 2, 1, 2, 0, 0, 1, 0, 3, 3, 1, 0, 0, 2, 3, 0, 2, 1, 1, 0, 2, 3, 3, 3, 1, 3, 2, 0, 1, 3, 0, 1, 3, 2, 2, 3, 0, 0, 0, 1, 0, 2, 1], "confidence_scores": [[0.02683399131172029, 0.8269910200180657, 0.0014511071015693548, 0.14472388156864466], [4.655077908117278e-05, 0.278654588533062, 0.0016876125280153138, 0.7196112481598416], [0.0004199116059301242, 0.5714507142529401, 0.24077282320578478, 0.187356550935345], [0.15259523969314023, 0.22917356366653904, 0.03616042867407529, 0.5820707679662454], [0.0001873053500481091, 0.5102222032257762, 0.48791774309614366, 0.0016727483280320691], [0.0006321718373862665, 0.003953661810568245, 0.8850657595978261, 0.11034840675421942], [0.06032624158521634, 0.02841895878059309, 0.9027006265329236, 0.008554173101266818], [0.014268220680428162, 0.010275352633538917, 0.0004646235276985113, 0.9749918031583343], [0.9335840363737479, 0.06596353508791963, 7.703630017112756e-05, 0.00037539223816141057], [0.9754755022705582, 0.014805964353993931, 0.0031134407196795944, 0.0066050926557684325], [0.3819911397664887, 0.25110355880063284, 0.2548398901455908, 0.11206541128728763], [0.23109657571269498, 0.11774344423726765, 0.11687681890602206, 0.5342831611440153], [0.00880323841942037, 0.06694524091143818, 0.059328643760706304, 0.8649228769084352], [0.5680062100205928, 0.07974898636386732, 0.0041922459087881695, 0.3480525577067516], [0.011557641988671137, 0.9832721555854057, 0.0016508780401115306, 0.0035193243858116095], [0.20766685124515716, 0.5350953086599113, 0.02168861219829659, 0.2355492278966349], [0.010269842544657116, 0.001951181953907516, 1.8615276830732034e-05, 0.9877603602246047], [0.3390016098624802, 0.03696084249582596, 0.03806211233395941, 0.5859754353077345], [0.6533536198527093, 0.001057629310935402, 0.33790220623195655, 0.0076865446043987064], [0.9478143509883551, 0.03598732117431315, 0.01585637472947361, 0.00034195310785806307], [0.5481105497509955, 0.11824266519251019, 0.2831560685124757, 0.050490716544018564], [0.04556125535778171, 0.4396797094711583, 0.07874493964671803, 0.4360140955243419], [0.06226430300420523, 0.015868251760521125, 0.025733680525703708, 0.8961337647095698], [0.1150561481402451, 0.0013701300290802486, 0.006501345214841989, 0.8770723766158327], [0.09071041285063347, 0.0029704023709376005, 0.7199168997678871, 0.18640228501054187], [0.2626037721043294, 0.11308941204391855, 0.003459556776158092, 0.620847259075594], [0.0025761859151299214, 0.7407274658505193, 0.2524506000831003, 0.004245748151250348], [0.8212542326726466, 0.1458660787516339, 0.009251174572186553, 0.023628514003532962], [0.9890340379607914, 0.00804808668183637, 0.0009479704744332575, 0.001969904882939043], [0.12324181995868509, 0.31654131309873207, 0.4573202866928851, 0.10289658024969778], [0.00018394020347595348, 0.999779483132338, 2.9796660257919353e-05, 6.780003928151348e-06], [0.2772008610840591, 0.7193773520008706, 0.0029887098318821807, 0.000433077083188141], [0.000310391232764528, 0.891122057253235, 0.031004176724114724, 0.07756337478988569], [0.1749300531751602, 0.2852526843375422, 0.40587229945998443, 0.13394496302731304], [0.014810611042795623, 0.9644851813572, 0.004068920787049264, 0.01663528681295518], [0.38748189895540885, 0.01589098276957324, 0.40894361841209986, 0.1876834998629182], [0.0013720897034882702, 0.038375050030073354, 0.6759846690354909, 0.28426819123094743], [1.3502788065153355e-05, 0.030646198542321992, 0.03425415808926014, 0.9350861405803528], [0.3874270666981013, 0.2667508414816233, 0.011575146493824517, 0.33424694532645083], [0.6490951741535745, 0.2533310183747876, 0.08215855488655124, 0.01541525258508654], [0.1520036852905694, 0.5023583892673373, 0.25563221098516015, 0.090005714456933], [0.013384737272917335, 0.39821093554867687, 0.47719487879366157, 0.11120944838474411], [0.006509340984079038, 0.026503399492564927, 0.9032156365173319, 0.06377162300602413], [0.0010044666457692893, 0.9336698026369216, 0.0012711343162166093, 0.06405459640109275], [0.012260989743527441, 0.02296129564167043, 0.2154814239150094, 0.7492962906997926], [0.038210934936044286, 0.5957328502037346, 0.1807779077169003, 0.18527830714332086], [0.06205717097248779, 0.5516453356988247, 0.00687497255715294, 0.37942252077153454], [0.06597393529413012, 0.03648460366236885, 0.01806174980523883, 0.8794797112382623], [0.009808480524422422, 0.9687574364817114, 0.0023681596093364315, 0.01906592338452968], [0.0012983567699495213, 0.9600286379494843, 0.009245657377626419, 0.0294273479029396], [0.026568834514588798, 0.9705615470199086, 0.002565178515933577, 0.0003044399495690653], [0.0030157770402203378, 0.13292197003447753, 0.8635302054995172, 0.0005320474257848628], [0.007380275014507559, 0.001165457189950281, 0.41234495413685934, 0.5791093136586828], [0.18851779473992392, 0.7718219217385713, 0.022515179630562345, 0.017145103890942193], [0.01592320317934125, 0.00036842056893810377, 0.007502496323971964, 0.9762058799277487], [0.029252321070918623, 0.7638980343695075, 0.05319017762018671, 0.15365946693938712], [0.005896483313611168, 0.7573845561590883, 0.0010144222435208336, 0.23570453828377977], [0.02892242605352125, 0.05952268262719412, 0.013051186808961735, 0.8985037045103229], [0.803034572347579, 0.06589760351264574, 0.12744820426337744, 0.003619619876397697], [0.1492218339524874, 0.028993716443150283, 0.0019697091093702672, 0.819814740494992], [0.5710099330106327, 0.17120123088812664, 0.24591566017495464, 0.011873175926286113], [0.000881502317248481, 0.006060275464957121, 0.2084532378651716, 0.7846049843526227], [0.0007591340648200462, 0.16828865300298346, 0.6398229227897313, 0.1911292901424651], [0.18286886354584247, 0.6376483085510715, 0.006541660705038807, 0.1729411671980473], [0.020248528820482458, 0.17377646799622126, 0.01015665848039818, 0.7958183447028981], [0.8880862094947773, 0.022157489592393907, 0.0723127574790635, 0.017443543433765307], [0.00035164852164185675, 0.009946810399120253, 0.9298307268874065, 0.0598708141918313], [0.0021951149463894357, 0.45632847876659866, 0.28287739534226125, 0.25859901094475074], [0.1172025675419537, 0.0038543958664394177, 0.007877073014397605, 0.8710659635772092], [7.460364317826896e-05, 0.7180832288670692, 0.005601690758625641, 0.27624047673112684], [0.09914508899238957, 0.40968742517810264, 0.015187910359889622, 0.4759795754696182], [0.6049612158803596, 0.09393080011091978, 0.262052023224764, 0.03905596078395679], [0.019083930714356233, 0.453646006104839, 0.007948191613493923, 0.5193218715673109], [0.8295632208668646, 0.15927445405341997, 0.008665538491202187, 0.002496786588513451], [0.0002712054877252212, 0.6201504237526702, 2.2116737523919997e-05, 0.37955625402208065], [0.11403909999294982, 0.736264708053992, 0.13783420836289542, 0.011861983590162556], [0.022433033529353743, 0.0017064266657896795, 0.06137179909648836, 0.9144887407083683], [0.007128330830254518, 0.00032067203981618944, 0.005399303381982923, 0.9871516937479464], [0.885556205292435, 0.10136545331210128, 0.008170236152623135, 0.004908105242840494], [0.0005749548521938647, 0.9825285298161259, 0.003182710277704436, 0.013713805053975887], [0.07500389808543895, 0.5219581216919945, 0.12986682668396776, 0.2731711535385988], [0.0011028729225342196, 0.021490650594323528, 0.8077481234210847, 0.16965835306205762], [0.9410354148553314, 0.007758138834708696, 0.012293204940854173, 0.0389132413691057], [0.23941605251647238, 0.006979561654649, 0.22598388881989812, 0.5276204970089805], [0.0014961392815432287, 0.8368644388906389, 0.13172703145795425, 0.029912390369863658], [0.7453905030768088, 0.05745494409035384, 0.1927984414102704, 0.004356111422566864], [0.00013112472731259317, 0.4771337842156405, 0.520276663093398, 0.0024584279636489254], [0.014106553759908234, 0.8249452682236864, 0.0995112252025527, 0.06143695281385244], [0.3303632651566239, 0.2986979798932937, 0.18341735149972896, 0.18752140345035334], [0.0057683545559752076, 0.9277347428202484, 0.007235474978434523, 0.05926142764534212], [0.915062695952881, 0.0004037295831068897, 1.9672744091778035e-05, 0.08451390171992022], [0.07756926918763381, 0.19608880356439104, 0.6803998745949075, 0.04594205265306765], [0.0948728496341442, 0.7675467752823225, 0.03824627763624201, 0.09933409744729117], [0.9985714822850973, 0.0010006821428017144, 4.5967653951935296e-05, 0.0003818679181490745], [0.015283128283594176, 0.614279920444561, 0.17000722908368385, 0.20042972218816096], [0.029355964184347286, 0.9133108505104798, 0.04518918652385852, 0.012143998781314525], [0.06256743461088732, 0.9368281904483174, 1.7436512976960745e-05, 0.0005869384278182139], [0.015328612841976027, 0.8500601822082193, 0.055421524479621245, 0.07918968047018343], [0.6998551888830569, 0.14402989082245746, 0.08297642063477767, 0.07313849965970792], [0.5837207108309306, 0.32536604488768733, 0.07139937191398188, 0.01951387236740018], [0.2572794705822566, 0.006682134668086547, 0.7122307988518778, 0.02380759589777908], [0.002307213842480976, 0.8932211689258059, 0.09373738778339563, 0.01073422944831758], [0.006473204235725939, 0.09328929103220246, 0.8830793145226966, 0.017158190209374882], [0.5215554446241972, 0.115673852323802, 0.0031091017233763514, 0.35966160132862446], [0.9088295001539054, 0.05183039824598002, 6.977407913908177e-09, 0.03934009462270673], [0.015737886413401445, 0.649392617159474, 0.33465497646810716, 0.00021451995901746167], [0.5142582375844882, 0.0010960533585012552, 9.147978842926657e-05, 0.48455422926858127], [0.12381264317947686, 0.0007623173269311142, 0.015342866617791289, 0.8600821728758008], [0.007664092865140474, 0.10848397004566686, 0.00017371645421677243, 0.8836782206349758], [0.24438466109289797, 0.7320383820818543, 0.0033288916139370107, 0.02024806521131052], [0.8274377068646637, 0.03191373426814989, 0.11802014421598, 0.02262841465120643], [0.7629454868422368, 0.024361349473770597, 0.009984210276994315, 0.20270895340699818], [0.00014317165774622634, 0.36944175289754844, 0.6070383284350246, 0.023376747009680718], [0.03313079116913812, 0.3601183898004834, 0.07399460704921768, 0.5327562119811609], [0.9572154698797163, 0.0030777757187979635, 0.017671424564182935, 0.02203532983730272], [0.07022513045688868, 0.33055403418551654, 0.3798846196561826, 0.21933621570141218], [0.0002501455968842266, 0.982371292482113, 0.015545624977166288, 0.001832936943836521], [0.1776820890691632, 0.6456613890545255, 0.0058357985484511965, 0.1708207233278601], [0.9131110061917712, 0.07084357477198078, 0.012248429014411578, 0.0037969900218363466], [0.01687039980788331, 0.32003007486851254, 0.3492072517036606, 0.31389227361994354], [0.013941621967868398, 0.4528070252792924, 0.0050246019782289, 0.5282267507746102], [0.025735365314680944, 0.06885987811119047, 0.00021223287029757231, 0.9051925237038311], [0.17626387856704395, 0.18128690121037438, 0.04367257435821125, 0.5987766458643704], [0.0045590965168355755, 0.9088622932015943, 0.06839873162055943, 0.018179878661010583], [0.3973791702549128, 0.1122867194307073, 0.014091434490503896, 0.4762426758238761], [0.011806271020905852, 0.015128482031609115, 0.9159276178659207, 0.057137629081564265], [0.5951064824382768, 0.03617262951877285, 0.34940250707914466, 0.019318380963805577], [0.02821293861477598, 0.9589332971563297, 0.0040783687369489886, 0.008775395491945283], [0.04068577106923445, 0.07849412721000085, 0.0012933739256501856, 0.8795267277951146], [0.6433790406605351, 0.09325026714780583, 0.00023053183980961643, 0.26314016035184945], [4.062214812532004e-05, 0.8397413042880093, 0.010697700271452877, 0.14952037329241244], [0.2740854211109401, 0.24074400588284425, 0.015120206387183938, 0.4700503666190317], [0.46531316523656874, 0.006024252648262897, 0.5243567096434875, 0.004305872471680985], [0.03935405888728532, 0.25855834157108304, 0.6442859609016909, 0.05780163863994087], [0.02488993576496279, 0.24562343708846926, 0.006666410038725851, 0.7228202171078421], [0.5050567453701957, 0.0006863077823966761, 1.377112507931628e-06, 0.49425556973489976], [0.9493978055869586, 0.03786448667505689, 0.00723019719271741, 0.005507510545266939], [0.5649189711855547, 0.2937446058997654, 0.08697217944819824, 0.05436424346648174], [0.017253369172569224, 0.8966535334421779, 0.06793479137519422, 0.018158306010058474], [0.9672222722442, 0.01944109298949846, 0.0006276509508185533, 0.012708983815483013], [0.0008585213131335086, 0.11092581563775349, 0.8878279080156988, 0.00038775503341433867], [0.17338320763564813, 0.567549442935009, 0.256065206446746, 0.0030021429825969298]]}, "rewritten": {"ids": ["97105960", "97112290", "97113900", "97116410", "97116800", "97118210", "98107010", "98107210", "98108150", "98108970", "98109230", "98112300", "98116090", "98120530", "99107300", "99107660", "99108310", "99108520", "99108710", "99108890", "99109161", "99109370", "99109740", "99109860", "99110730", "99111000", "99111440", "99112300", "99119830", "100107920", "100108260", "100108520", "100108990", "100109330", "100109801", "100109910", "100109980", "100111380", "100116500", "100116790", "100120010", "101108370", "101108460", "101110150", "101110740", "101112201", "101112690", "101114990", "101119591", "102111990", "102118380", "103109021", "103110220", "103112470", "103113270", "103120340", "103120730", "103120780", "104111620", "104111711", "104112201", "104114240", "104119340", "105110091", "105112100", "105112260", "105113190", "105113210", "105113440", "105115570", "105121190", "106114280", "106116120", "106116370", "106117770", "106118520", "106119260", "107112840", "107113840", "107114490", "107115140", "107116300", "107116340", "107118490", "108113700", "108113760", "108115500", "108115570", "108116070", "108116481", "108117451", "108120280", "108120621", "108121190", "109114651", "109116040", "109116170", "109117080", "109117110", "109117431", "109119340", "109120560", "110114321", "110114920", "110114950", "110116170", "110116300", "110116441", "110117500", "110117870", "111114121", "111117000", "111117480", "111118301", "111119300", "111119340", "111120190", "111120280", "111120591", "112116610", "112116850", "112116880", "112117030", "112117461", "112117571", "112117580", "112118550", "112119320", "112119980", "112120290", "112120670", "113117630", "113118511", "113118620", "113119450", "113119700", "113119930", "113120780", "113121190", "113121810", "113121980", "113122120"], "labels": [2, 1, 2, 3, 0, 2, 3, 1, 0, 3, 1, 2, 0, 1, 3, 3, 2, 2, 2, 0, 3, 1, 3, 2, 3, 2, 3, 0, 1, 0, 3, 2, 2, 0, 0, 2, 1, 3, 2, 2, 0, 1, 0, 1, 3, 0, 1, 3, 0, 2, 1, 0, 2, 1, 2, 1, 1, 1, 0, 1, 0, 0, 1, 0, 1, 3, 3, 3, 0, 0, 2, 3, 1, 2, 0, 2, 1, 1, 3, 3, 0, 0, 3, 2, 0, 1, 3, 3, 1, 0, 2, 3, 1, 1, 3, 0, 0, 1, 1, 1, 3, 1, 1, 3, 0, 0, 3, 3, 1, 3, 0, 0, 1, 3, 1, 3, 3, 0, 1, 1, 0, 0, 2, 0, 3, 0, 3, 1, 0, 1, 2, 0, 1, 3, 3, 0, 1, 0, 1, 2, 2, 1], "predicted_labels": [3, 1, 2, 1, 1, 2, 1, 3, 1, 1, 2, 3, 1, 1, 1, 0, 1, 2, 1, 1, 0, 2, 1, 2, 3, 2, 1, 2, 3, 0, 3, 2, 3, 1, 1, 2, 1, 0, 2, 1, 1, 0, 1, 3, 3, 3, 1, 2, 3, 2, 2, 3, 3, 1, 3, 3, 1, 2, 1, 2, 3, 1, 1, 1, 3, 1, 3, 3, 1, 1, 3, 3, 1, 0, 1, 3, 0, 1, 1, 1, 3, 1, 1, 1, 1, 1, 1, 2, 2, 3, 3, 3, 1, 1, 0, 3, 3, 1, 2, 3, 2, 3, 1, 1, 3, 2, 1, 1, 1, 2, 1, 3, 2, 1, 3, 1, 2, 3, 0, 1, 1, 1, 3, 3, 1, 1, 3, 2, 1, 1, 1, 1, 1, 1, 2, 1, 1, 3, 1, 1, 1, 0], "confidence_scores": [[0.001718220842440796, 0.2169572353713049, 0.380042538086087, 0.40128200570016737], [0.07591450835548368, 0.5735321179833595, 0.32945566250995384, 0.021097711151203034], [0.04851883262823561, 0.02130586996542005, 0.927895329815747, 0.0022799675905973145], [0.021522164431289327, 0.7247347429487325, 0.23696736659602366, 0.016775726023954503], [0.0021194455598672795, 0.6360243285233711, 0.003096839706553295, 0.3587593862102083], [0.008092230876720952, 0.011801283458653356, 0.7249585787698789, 0.2551479068947467], [0.007653234568977506, 0.7517225785235006, 0.025302860128269416, 0.2153213267792525], [0.001776849278003502, 0.14673537641324036, 0.20628168440598374, 0.6452060899027723], [0.0003701050356178832, 0.8067725894613926, 0.027212897347955352, 0.16564440815503412], [8.352500763281086e-05, 0.5068208154835568, 0.489693010776236, 0.0034026487325742767], [0.014823762015454659, 0.35395646071413306, 0.6186585741548724, 0.012561203115539933], [0.009997125211990407, 0.026232728062818348, 0.0897479624549523, 0.8740221842702389], [0.005321284667056682, 0.832508667307086, 0.07054881746432742, 0.09162123056152982], [0.009406620928495032, 0.9006593030648358, 0.026109964599495373, 0.0638241114071738], [0.0005464894770759079, 0.9993336797703853, 4.295221171577979e-05, 7.687854082312319e-05], [0.7044660233093446, 0.06043027960821461, 0.12906302204925546, 0.10604067503318522], [0.0030833088065239764, 0.6795560016308706, 0.015804504823956775, 0.30155618473864876], [0.00045234854508543034, 0.2501154319469012, 0.7466318092767896, 0.0028004102312238098], [0.003160001905666303, 0.8488771071785711, 0.12926222302064505, 0.018700667895117613], [0.00037226087928775346, 0.9462885904534003, 0.03167114140509575, 0.021668007262216068], [0.8387912289165602, 0.019219020053636404, 0.13826138176851027, 0.00372836926129323], [0.0007378619743922972, 0.025150002140168312, 0.972027338881695, 0.0020847970037442508], [2.0284037169933307e-05, 0.7618514824199981, 0.23203493965785313, 0.006093293884978961], [0.0022554213096592553, 0.002552059733976893, 0.9648201199171513, 0.03037239903921261], [0.001175177583883836, 0.01587660978997522, 0.15966910806013193, 0.823279104566009], [3.460316546692392e-05, 0.0669923160189844, 0.9249193872907394, 0.00805369352480916], [0.3500360532326649, 0.5336378015258929, 0.10244762988598183, 0.01387851535546049], [0.026452670730918382, 0.019387089639576634, 0.5177769493063581, 0.4363832903231469], [1.2668029234832242e-05, 0.32739961151817965, 0.31240922380379016, 0.3601784966487953], [0.9792021037005494, 0.002112345182862649, 0.005806495359194707, 0.0128790557573933], [0.016118312400259, 0.0100751987317882, 0.012362556410610622, 0.9614439324573422], [0.014198089419071745, 0.002232456429385634, 0.7652253374187213, 0.21834411673282128], [0.0014460300764105923, 0.2680215153495684, 0.10503966744833117, 0.6254927871256899], [0.19189719436053673, 0.7283674884347132, 0.0453714458228407, 0.03436387138190943], [4.53158969043973e-06, 0.9377479479849603, 0.0010756229170682799, 0.061171897508281135], [0.0031003124703596905, 0.0025872593526762976, 0.9922150390425724, 0.0020973891343916643], [0.035981415479501316, 0.7296362026365103, 0.20402392635076202, 0.030358455533226386], [0.668795206469129, 0.28363392640153806, 0.020465876871469734, 0.027104990257863167], [4.0559326996113356e-05, 0.478646519049236, 0.5012494094930365, 0.020063512130731348], [0.019813238919839476, 0.9335869521357685, 0.035012601679327404, 0.011587207265064724], [0.007116932387325572, 0.7060382488377044, 0.1476366634032317, 0.1392081553717382], [0.8090429037363093, 0.07325403190653519, 0.07195349586339614, 0.04574956849375937], [0.01847725239925299, 0.8091990899600667, 0.0884495825365126, 0.0838740751041676], [0.007170043830586427, 0.1556978015810134, 0.0064030241415526535, 0.8307291304468475], [0.00025125919640222303, 0.31265107715468743, 0.2799447943809116, 0.4071528692679988], [0.0016359368461959546, 0.21114185313449974, 0.061728481167619316, 0.725493728851685], [0.0006675748391476876, 0.9919475040860098, 0.00047871029322429476, 0.006906210781618246], [5.240962670112819e-05, 0.16991842498997098, 0.7782438478377649, 0.05178531754556294], [0.12859232725947128, 0.01833097764577826, 0.05586516376621181, 0.7972115313285386], [0.03654627319133454, 0.009781363962523918, 0.8530819220984427, 0.10059044074769892], [3.725338800283002e-05, 0.3107298083909359, 0.6125238526485325, 0.07670908557252888], [0.02468032511829733, 0.06056506707849069, 0.0005128170614512237, 0.9142417907417607], [0.0003857395277146403, 0.05215962706325078, 0.1569109538145444, 0.7905436795944901], [0.03240178286546475, 0.8415598806669375, 0.12404193443433345, 0.0019964020332643904], [0.0068595843573178664, 0.23461374261465062, 0.3647520308579355, 0.39377464217009606], [0.001053977504848918, 0.03640033749754198, 0.22767300335574467, 0.7348726816418646], [0.0005314945414554183, 0.5250532246894057, 0.06433265059260364, 0.4100826301765351], [0.002217197789402236, 0.4826148780950108, 0.4949392734622975, 0.020228650653289548], [0.05173858033105341, 0.665032278805953, 0.003389824895769876, 0.27983931596722367], [0.005148081556901249, 0.303932112675789, 0.6719773950584492, 0.018942410708860533], [0.06835702745284337, 0.15619420394165348, 0.062237319115694356, 0.7132114494898087], [0.011760022738704183, 0.7518159006925803, 0.0734749428646888, 0.16294913370402664], [0.00020974654556061558, 0.4695715469381912, 0.2105749033039699, 0.3196438032122783], [0.000252245391788228, 0.7082594630587115, 0.0014210613370210488, 0.29006723021247915], [0.002369737066772828, 0.3945087175304337, 0.023686883675586173, 0.5794346617272074], [0.0008626458382125846, 0.9857878799221776, 0.0013223953777331892, 0.012027078861876601], [0.3818477517536478, 0.02578907732801808, 0.03042368942455863, 0.5619394814937755], [0.00813103784065462, 0.3087487233784059, 0.0007696271389138394, 0.6823506116420256], [0.0095821974028817, 0.8390803465837525, 0.08562475772466058, 0.06571269828870499], [0.013660050339145583, 0.7219315325049707, 0.11237648904634029, 0.15203192810954358], [1.8965194305491865e-05, 0.0866618502694951, 0.41872455971978106, 0.49459462481641836], [0.333336513329177, 0.2812034801733548, 0.04196396562210059, 0.3434960408753675], [0.002895165713132631, 0.9622810361316747, 0.018013972727811103, 0.016809825427381436], [0.7906722905702402, 0.09196832552885505, 0.10390877669301321, 0.013450607207891662], [0.36496562481361366, 0.38462389267880176, 0.2104636624084478, 0.03994682009913692], [0.0011286973878666168, 0.1661719586895084, 0.00915345927129601, 0.823545884651329], [0.4591638748165097, 0.12833127428210492, 0.13313031632977615, 0.27937453457160916], [0.0028083423881317894, 0.8693513588696296, 0.0781994110959826, 0.04964088764625621], [0.003137734359300192, 0.654860050255154, 0.03509777982050368, 0.30690443556504204], [0.00012801206992708018, 0.8302773617619537, 0.04418740950114775, 0.1254072166669714], [0.014655303817260216, 0.01018961248615614, 0.038650822272504805, 0.9365042614240788], [0.0010076050699850075, 0.5440559396684314, 0.2950986782641595, 0.15983777699742416], [3.5936999275108714e-05, 0.989355933911872, 0.0016847214983978292, 0.008923407590455021], [3.446348291333023e-05, 0.9921994046347568, 0.006444615239378068, 0.00132151664295192], [0.005369689945793241, 0.9900703407458348, 0.0043120952349812725, 0.00024787407339070555], [0.008602414409510064, 0.9377760096312749, 0.04964782545645941, 0.0039737505027555055], [0.0006925407857708445, 0.7626753837840113, 0.1884635656314458, 0.048168509798771915], [0.006382842597796499, 0.08767942332547476, 0.8114502109714319, 0.09448752310529689], [0.007506555212480492, 0.2442200615626411, 0.7477641910930171, 0.0005091921318615145], [0.0033234123637349055, 0.0006694241728938533, 3.2681765167644284e-06, 0.9960038952868545], [0.46769679403860714, 0.004282240018329168, 0.00015910448268304436, 0.5278618614603806], [0.01617898830805854, 0.0123972264442612, 0.0037802106245497596, 0.9676435746231304], [0.027853256627330604, 0.5258181599029431, 0.4419988761753348, 0.004329707294391586], [0.0005280956951197384, 0.6611005837657845, 0.06186381208141397, 0.2765075084576818], [0.5920195668653998, 0.2365095646312657, 7.314340508040841e-06, 0.17146355416282646], [0.000978694388578412, 0.04285251347055677, 0.022929510810729196, 0.9332392813301357], [0.004854780245499386, 0.023431089628340986, 0.04004649327900543, 0.9316676368471543], [1.176806445848345e-05, 0.9985311729544224, 0.00036253990311166243, 0.001094519078007433], [0.13221042091812998, 0.17435097403391492, 0.4537559888539555, 0.23968261619399953], [0.003123664658775182, 0.28076094777989363, 0.002697784457885687, 0.7134176031034455], [0.17329783530639592, 0.005300607300146167, 0.6325982059410199, 0.188803351452438], [5.0097615404742626e-05, 0.2984471748392687, 0.2847671616309614, 0.41673556591436517], [0.05748303408737528, 0.9310942116120042, 0.010529591772567974, 0.0008931625280524165], [0.025617842868990406, 0.9726870463742616, 0.0016261477013489404, 6.89630553988806e-05], [0.3361616854432788, 0.277297958062035, 0.028237564845404805, 0.35830279164928147], [0.11842817049302438, 0.17577794003493621, 0.6689932804874963, 0.036800608984543175], [0.002884742378627104, 0.9632606630982262, 0.018663537429945296, 0.015191057093201196], [0.0048552212083907845, 0.6279317681989443, 0.03871295067987797, 0.3285000599127871], [0.027131283979444764, 0.9724335298025943, 0.0002221491520346423, 0.00021303706592622624], [0.01880969427742378, 0.060170162026618915, 0.4871464734701285, 0.4338736702258287], [0.0016188643039429973, 0.9270583923506176, 0.06700077863057718, 0.004321964714862316], [0.0026420756068723196, 0.012666844568577475, 0.009181621877316736, 0.9755094579472335], [0.08064690151330715, 0.26766026197854137, 0.6421435447407777, 0.00954929176737375], [0.001885833701836435, 0.9752735340590578, 0.010841329453698525, 0.011999302785407201], [0.0028870948262142877, 0.0019460555748351076, 0.47361885425257133, 0.5215479953463792], [0.08329219746715792, 0.5597382837764253, 0.031455474884616, 0.3255140438718007], [0.024189625498363693, 0.4065388641684051, 0.5646110945577713, 0.00466041577545987], [0.01902164021303922, 0.18908049339168634, 0.0221928878167521, 0.7697049785785223], [0.41209324668383085, 0.2538761322812753, 0.00022626818038464516, 0.33380435285450916], [0.024056005732206568, 0.7912010241802938, 0.13311511670866005, 0.05162785337883971], [0.08378450817545134, 0.5269725591698736, 0.01375261191604778, 0.37549032073862726], [0.008504300696770311, 0.9587518694845142, 0.009383940511867877, 0.023359889306847598], [0.0016263707230818854, 0.3095146331844228, 0.01774711442267951, 0.6711118816698157], [0.14697908948800695, 0.03570249255007593, 0.00069442186240215, 0.8166239960995151], [0.0007691600101494093, 0.8614869056485376, 0.0002951218941395851, 0.13744881244717344], [0.06370093210357407, 0.567614980964166, 0.0667128079614982, 0.30197127897076176], [0.054023767487340404, 0.004166902849833029, 0.006561789948314182, 0.9352475397145125], [0.00026194196024185453, 0.4884242511827713, 0.5084034463833882, 0.002910360473598598], [0.01646835448968564, 0.7208094541739443, 0.0015587935540089814, 0.2611633977823612], [0.2638682966546003, 0.41204300931126, 0.2867337675936226, 0.037354926440517036], [0.0005311848334724594, 0.9656739940228465, 0.031034960084974098, 0.0027598610587070698], [0.08298565423773228, 0.550898669292429, 0.005466225248388339, 0.3606494512214504], [0.001120229566347499, 0.8949692442835278, 0.051563116400846265, 0.05234740974927848], [7.406893912317347e-05, 0.9998822539934479, 3.779069967646635e-05, 5.886367752459055e-06], [0.14961255905004292, 0.0782079343576728, 0.5506490000781694, 0.22153050651411477], [2.980204179992733e-05, 0.8891012001826657, 0.10161750719866781, 0.009251490576866564], [0.018319091318487836, 0.9729286996039866, 0.002630088339624738, 0.006122120737900836], [0.003997756344736359, 0.13123469665575266, 0.0008411359468527604, 0.8639264110526583], [0.008398523683073124, 0.47468809591950045, 0.21065720354331935, 0.30625617685410716], [0.0032597558036038194, 0.8492502044703377, 0.14666827438644958, 0.0008217653396088883], [0.0014228347634696748, 0.6522620913381616, 0.03891161952458008, 0.30740345437378863], [0.8037936667608689, 0.18590465056269176, 0.009406237464780573, 0.0008954452116586675]]}}