{"test": {"ids": ["103113170", "110115580", "103113610", "112120700", "105110091", "99108710", "108118291", "106116120", "111120591", "108115880", "111117120", "110115980", "112120990", "105112130", "103113210", "111116110", "105118740", "98108970", "111119580", "108115870", "108120621", "111121351", "111119430", "112121410", "111120320", "113118690", "110117200", "111116411", "105120280", "100108990", "111117200", "112116401", "103110100", "101108500", "99110050", "112119120", "108113620", "111116100", "106120640", "113118870", "103120340", "102112170", "113119340", "113119300", "101111140", "101109120", "109121410", "110118121", "99111440", "111114941", "107114140", "110115140", "109117600", "113122320", "104111780", "104113550", "99117740", "106111321", "108113760", "106119580", "113117550", "113122230", "113118421", "107119390", "100109801", "109117431", "102118380", "105113330", "113117401", "102110850", "105115900", "107114321", "112118471", "107116501", "110121450", "107119130", "99120010", "99108010", "97105960", "111121190", "98109090", "109118231", "109113281", "99107500", "98106880", "109114720", "98110810", "105113260", "110119030", "106114280", "113119360", "113118630", "110120640", "97107950", "105118230", "98107410", "106120290", "99105921", "107113180", "104117200", "112118860", "110118181", "98109311", "98107340", "99109780", "100109980", "109119591", "111117571", "109116441", "109119450", "106116640", "109119460", "107119950", "101111620", "107114280", "99108330", "112118810", "109113931", "105113620", "104111711", "112116900", "106114880", "105115380", "113118231", "105115250", "110120560", "104111550", "101108121", "104116980", "107114950", "100120010", "103118110", "102116500", "113122170", "97113900", "105116980", "103109021", "105110251", "107121540", "110116501", "113119120", "109117080"], "labels": [3, 1, 2, 2, 0, 2, 3, 1, 1, 3, 2, 1, 2, 1, 3, 3, 1, 3, 3, 3, 1, 0, 3, 0, 1, 3, 3, 0, 3, 2, 0, 0, 1, 3, 3, 1, 3, 3, 3, 0, 1, 3, 0, 1, 2, 1, 0, 3, 3, 0, 2, 0, 1, 1, 3, 1, 2, 0, 1, 3, 3, 1, 3, 2, 0, 1, 1, 3, 3, 3, 3, 0, 1, 1, 3, 1, 2, 2, 2, 1, 1, 1, 0, 0, 0, 0, 1, 3, 0, 3, 0, 3, 0, 2, 1, 3, 2, 1, 3, 3, 3, 1, 1, 0, 2, 1, 0, 3, 3, 3, 3, 1, 3, 3, 3, 1, 3, 1, 0, 1, 3, 0, 1, 3, 2, 0, 1, 0, 1, 3, 0, 2, 1, 1, 2, 0, 0, 0, 2, 3, 3, 1], "predicted_labels": [3, 3, 2, 3, 0, 3, 3, 0, 0, 0, 1, 3, 1, 3, 3, 2, 3, 1, 3, 0, 0, 0, 1, 3, 0, 3, 1, 0, 3, 2, 1, 0, 1, 1, 1, 1, 1, 1, 2, 3, 1, 0, 0, 3, 0, 1, 1, 1, 1, 0, 1, 0, 1, 3, 1, 0, 0, 2, 2, 2, 1, 1, 0, 1, 1, 3, 1, 1, 3, 2, 2, 1, 0, 3, 0, 2, 1, 0, 1, 3, 1, 0, 0, 1, 3, 3, 1, 1, 3, 1, 0, 1, 3, 1, 1, 1, 3, 1, 3, 3, 1, 1, 0, 1, 3, 2, 1, 1, 0, 2, 1, 1, 3, 3, 0, 1, 1, 3, 1, 0, 0, 1, 3, 3, 3, 1, 0, 0, 1, 2, 3, 2, 2, 2, 0, 0, 2, 0, 3, 1, 1, 1], "confidence_scores": [[0.23296691680486942, 0.2812540142808531, 0.23649245598806956, 0.24928661292620785], [0.24989117382461704, 0.2705828328898327, 0.22393151735553518, 0.255594475930015], [0.1039287392733836, 0.20893416268082934, 0.5099892491432467, 0.1771478489025404], [0.28158179616238893, 0.278713381005471, 0.16873053049791564, 0.2709742923342246], [0.3057330286735467, 0.25534692107344614, 0.14027956357698165, 0.2986404866760258], [0.2768296607668697, 0.28818861728356515, 0.16489454002546247, 0.27008718192410275], [0.3133726417206708, 0.2902471657917089, 0.10551355752478077, 0.2908666349628396], [0.26004663416503726, 0.25476797806426227, 0.2221484257023677, 0.2630369620683329], [0.3111147764976682, 0.25588428248790357, 0.0775219882302746, 0.35547895278415387], [0.3068998785751482, 0.2369630530902161, 0.18124468054458823, 0.2748923877900474], [0.1883979994763753, 0.3009163364913078, 0.2785312905305383, 0.23215437350177834], [0.2914391946721939, 0.2971595539355949, 0.12268752961049924, 0.2887137217817118], [0.2341775893796323, 0.3402814122549531, 0.16247967371023003, 0.2630613246551844], [0.2422113230620124, 0.3309139315756975, 0.16452794972280108, 0.26234679563948904], [0.23144140864808782, 0.2522103972209951, 0.27060505389356915, 0.24574314023734778], [0.17419107880274315, 0.2500981277378637, 0.3717510410082158, 0.2039597524511772], [0.21470182990739486, 0.26641184498621906, 0.27407142220118924, 0.24481490290519692], [0.24733491094708046, 0.3463873370494455, 0.11779311180205913, 0.288484640201415], [0.24796589560533577, 0.23238256841229007, 0.27290641361199114, 0.24674512237038307], [0.3043603718949846, 0.25244087373294377, 0.1592505860714118, 0.2839481683006598], [0.282065911691077, 0.2596772892771735, 0.18267232315212575, 0.2755844758796236], [0.3025342018818337, 0.2572684067488664, 0.12252050310031994, 0.3176768882689801], [0.23733918776871288, 0.356653316630199, 0.129581279049726, 0.27642621655136207], [0.28098382165887603, 0.2896801814309053, 0.1520852669466947, 0.2772507299635238], [0.31957744497380985, 0.2546803990642026, 0.13578968693318902, 0.2899524690287988], [0.23460025582823452, 0.3468287137173479, 0.14599581222073882, 0.2725752182336785], [0.2574777075242034, 0.2933106916576754, 0.16795008377620765, 0.2812615170419138], [0.35737117810349, 0.19317967255309662, 0.15147334583992697, 0.2979758035034867], [0.2582613358428172, 0.2812687091820983, 0.18492326198149098, 0.2755466929935935], [0.14607077822613526, 0.27601026742697116, 0.36080521700131035, 0.21711373734558265], [0.1762898579536651, 0.29273188812866213, 0.3033091675786985, 0.22766908633897417], [0.33079835994433954, 0.21139035424301908, 0.12865162990992904, 0.32915965590271257], [0.19013018112597488, 0.30234411892944707, 0.2701849627710069, 0.23734073717357113], [0.16509634496788272, 0.2991167900191281, 0.2952693302711917, 0.2405175347417977], [0.25962744005904875, 0.28864382118334697, 0.17657421197066828, 0.2751545267869363], [0.2420736747598364, 0.2862852241490761, 0.22164863102656956, 0.24999247006451786], [0.2904266863518763, 0.3462614947450627, 0.07164943955780693, 0.29166237934525385], [0.2571632718081994, 0.318330837701837, 0.14581989056344097, 0.2786859999265225], [0.10769406323753036, 0.2937916127169818, 0.3916201211201955, 0.20689420292529226], [0.29510872598262683, 0.3229595118603763, 0.11203608305072918, 0.26989567910626777], [0.19199765081642597, 0.28980778672895835, 0.2756213183642886, 0.24257324409032718], [0.33891767771890813, 0.22092657426136186, 0.12668670801357573, 0.3134690400061541], [0.30558056286456603, 0.2450590883469267, 0.13453552235651997, 0.31482482643198717], [0.28867680452970174, 0.30691881703491647, 0.13188672326543904, 0.27251765516994325], [0.3068686933652968, 0.28682281834935924, 0.08467190945007683, 0.3216365788352674], [0.2585462969604014, 0.2949899859638371, 0.1644665763780591, 0.28199714069770265], [0.17565199210755003, 0.29427018225622553, 0.29129365306409977, 0.23878417257212475], [0.24810877873647583, 0.28270027255559244, 0.20293396434900293, 0.2662569843589292], [0.2468766116867096, 0.30374584906220464, 0.17576471376336938, 0.27361282548771654], [0.30467681190770207, 0.2375476118856907, 0.1703565307868115, 0.28741904541979574], [0.17918983716537937, 0.32111363105662677, 0.25022609417995256, 0.24947043759804124], [0.2918505148935296, 0.2711192740407638, 0.12922144972842778, 0.3078087613372785], [0.2380507407605158, 0.3024733981726695, 0.19697784196280158, 0.2624980191040131], [0.3177867144045633, 0.280633420446065, 0.12344861048745902, 0.27813125466191274], [0.241312168092476, 0.2845567221929815, 0.21732229242564322, 0.2568088172888996], [0.30394718377397534, 0.24576274770310372, 0.15967516232063977, 0.29061490620228125], [0.28882343680919204, 0.2694765872395367, 0.1220828979910698, 0.31961707796020133], [0.1879681031320084, 0.26959425448685653, 0.31210643495871776, 0.23033120742241764], [0.14592469037670389, 0.21248916058365572, 0.4454727958887484, 0.19611335315089215], [0.10772433971110504, 0.21845842273143096, 0.512397250296757, 0.1614199872607071], [0.21500626885565097, 0.28586165916090955, 0.25138707897026696, 0.24774499301317265], [0.18777372980883145, 0.3656394981062714, 0.18438118783055665, 0.2622055842543404], [0.32242965477383884, 0.28570985356185824, 0.05483608936514294, 0.33702440229916036], [0.20652445044975834, 0.3131381531076356, 0.23169422545526733, 0.24864317098733857], [0.20222759668567358, 0.34042774440970125, 0.19514662882728928, 0.26219803007733605], [0.2967384782519223, 0.3111023857095846, 0.12443114204338576, 0.2677279939951072], [0.14859984152211358, 0.34103293733021756, 0.2752357350039439, 0.2351314861437249], [0.23376497396298773, 0.30835049332890957, 0.20245241432814473, 0.2554321183799578], [0.26640204291397623, 0.30821636869428276, 0.16629448708099248, 0.2590871013107488], [0.21721043394442074, 0.20009018624602465, 0.3654985901173558, 0.21720078969219894], [0.16121185073076574, 0.27487846105726804, 0.3390105740273682, 0.22489911418459818], [0.2549349020194583, 0.3291915185477528, 0.14354643244054396, 0.27232714699224475], [0.26578321957692436, 0.26510792416359696, 0.19944914872008312, 0.26965970753939555], [0.2767728978191374, 0.3111335855615419, 0.13507792383225428, 0.27701559278706656], [0.3012095458337306, 0.28789543155428693, 0.10352288647117973, 0.3073721361408024], [0.18726671019856636, 0.2618207114129572, 0.32996410671205884, 0.22094847167641754], [0.22860531714793794, 0.29177463460798975, 0.2241177491168474, 0.25550229912722483], [0.2777090944653758, 0.2830270279306646, 0.14136927679952765, 0.2978946008044317], [0.2217536155527412, 0.2756936079896742, 0.2516179575568731, 0.2509348189007112], [0.2376101156945082, 0.23961640887734437, 0.28238306864554225, 0.24039040678260534], [0.2612768126043398, 0.35303644149156155, 0.1073215530601592, 0.2783651928439392], [0.3097088259459858, 0.26804831421466363, 0.08488367003754817, 0.33735918980180224], [0.3447161641768928, 0.21266846163233008, 0.1273263906994516, 0.3152889834913252], [0.21850314153771128, 0.34503144795935287, 0.16676424039666632, 0.26970117010626943], [0.2720806112509312, 0.2535325460653886, 0.21309212800981228, 0.26129471467386806], [0.22238729289393958, 0.24111389180134687, 0.2958449162382601, 0.2406538990664534], [0.15761925768702867, 0.29794262740265237, 0.3169376583402785, 0.22750045657004023], [0.25483393343871924, 0.30912628086224814, 0.15915246804257768, 0.2768873176564554], [0.2592448719577603, 0.3325502736350646, 0.13990665039392777, 0.26829820401324705], [0.24839253457951688, 0.3028805074637421, 0.18762062354342326, 0.2611063344133176], [0.3040794632762363, 0.25479244820312813, 0.14747151704693756, 0.2936565714736979], [0.1457067393699521, 0.378980036268874, 0.2376600153713363, 0.23765320898983777], [0.24005474878860797, 0.26272122949722565, 0.23554823711815723, 0.26167578459600904], [0.1885090976831803, 0.30267292903899673, 0.2711232995058402, 0.23769467377198275], [0.1564261888543162, 0.3476940998680506, 0.2471117168752231, 0.24876799440240988], [0.24257451312257972, 0.31506787418176635, 0.17539634479194627, 0.26696126790370733], [0.19961666617663695, 0.2523797600081846, 0.3087225536483937, 0.2392810201667846], [0.22826841981279072, 0.3199200168003451, 0.1923870436936803, 0.2594245196931841], [0.2585344436970464, 0.28175749701725117, 0.19472621665438922, 0.26498184263131286], [0.2437860506730297, 0.2433841185445963, 0.26822787853935376, 0.24460195224302006], [0.2399550138227744, 0.31161339226433193, 0.18171230796105145, 0.2667192859518423], [0.23338469204702775, 0.2952226949099543, 0.19698818761908715, 0.2744044254239311], [0.31486701462904443, 0.26543991487681734, 0.12822877542322694, 0.29146429507091126], [0.2227855438734048, 0.2782233724300016, 0.25640697462614237, 0.24258410907045097], [0.22600229436188451, 0.2701639597308778, 0.24547641552852137, 0.25835733037871644], [0.2120286845869047, 0.17859763525532557, 0.38831258576772143, 0.22106109439004812], [0.2851104670359945, 0.3259154104189204, 0.09850006172783572, 0.2904740608172493], [0.2139354239761548, 0.2998907373367564, 0.2408324229266477, 0.2453414157604412], [0.3305356053702909, 0.2782719504837316, 0.08189764567610337, 0.3092947984698741], [0.21107315307167393, 0.22437095403515972, 0.33778261902627366, 0.2267732738668929], [0.21606030885815358, 0.30904699153552506, 0.21888564909791156, 0.2560070505084095], [0.23741568108191718, 0.3119677967630646, 0.18931634809337258, 0.2613001740616454], [0.252677147760779, 0.27426748631741577, 0.2088202186440187, 0.26423514727778624], [0.2645547279100825, 0.23595698007347096, 0.2367727029099983, 0.26271558910644843], [0.26920922220780014, 0.2966000146795403, 0.14125922646033745, 0.29293153665232197], [0.14410135268867375, 0.3410215700522404, 0.28035856825641886, 0.23451850900266685], [0.17167046281672113, 0.2962245187746968, 0.3101174815684498, 0.22198753684013228], [0.19372551815745537, 0.27474819100028336, 0.29513556691820336, 0.23639072392405802], [0.2609081282488832, 0.27983684659382546, 0.19894444116383225, 0.26031058399345863], [0.3118370754389022, 0.21710574025916354, 0.1845040070535407, 0.2865531772483936], [0.279222069342356, 0.28391333264373136, 0.15269358044773038, 0.28417101756618196], [0.19701344015656255, 0.27611371674971147, 0.2875152854648917, 0.23935755762883396], [0.17158271928294339, 0.26133841649822903, 0.3367737504350832, 0.23030511378374394], [0.23794911716388573, 0.29913107138413386, 0.20795832606548284, 0.254961485386498], [0.22702203801812704, 0.27318658804174806, 0.2510169304139386, 0.24877444352618647], [0.19718731388182137, 0.29529279297013716, 0.26596728240415074, 0.24155261074389064], [0.2578275007369208, 0.2622631252475731, 0.2262046145481333, 0.2537047594673727], [0.32773639987647796, 0.2609071884942059, 0.06418156453412364, 0.34717484709519275], [0.10406293124739602, 0.3677019832176907, 0.33040250576928876, 0.1978325797656249], [0.22168952957095775, 0.1580261414059853, 0.4043484392220744, 0.21593588980098213], [0.2757462577133046, 0.3030995116447583, 0.15208762533440373, 0.2690666053075335], [0.2000448772709999, 0.2689531207645924, 0.30052954927652403, 0.23047245268788374], [0.22461407095340497, 0.24538854011419467, 0.28875245431688573, 0.24124493461551474], [0.1517880676353281, 0.18116946606916356, 0.4549420268157814, 0.2121004394797265], [0.28496219437904613, 0.26410695255289973, 0.18443542885900577, 0.2664954242090486], [0.3121612106530731, 0.31079551235541236, 0.047929361656529654, 0.329113915334985], [0.2032753524093867, 0.25451758751465975, 0.3096598957058955, 0.23254716437005785], [0.28377909377132365, 0.29460359304691314, 0.10604282614989467, 0.3155744870318689], [0.24319270973253257, 0.2996103410241482, 0.20170844759619172, 0.2554885016471276], [0.23445418549733893, 0.325781785848068, 0.1738424432064124, 0.2659215854481806], [0.2489810023239653, 0.3127009855364867, 0.15525245002372084, 0.283065562115827], [0.2263550797873899, 0.285382159172882, 0.2411880297952953, 0.2470747312444326]]}, "rewritten": {"ids": ["97105960", "97107950", "97113900", "98106880", "98107340", "98107410", "98108970", "98109090", "98109311", "98110810", "99105921", "99107500", "99108010", "99108330", "99108710", "99109780", "99110050", "99111440", "99117740", "99120010", "100108990", "100109801", "100109980", "100120010", "101108121", "101108500", "101109120", "101111140", "101111620", "102110850", "102112170", "102116500", "102118380", "103109021", "103110100", "103113170", "103113210", "103113610", "103118110", "103120340", "104111550", "104111711", "104111780", "104113550", "104116980", "104117200", "105110091", "105110251", "105112130", "105113260", "105113330", "105113620", "105115250", "105115380", "105115900", "105116980", "105118230", "105118740", "105120280", "106111321", "106114280", "106114880", "106116120", "106116640", "106119580", "106120290", "106120640", "107113180", "107114140", "107114280", "107114321", "107114950", "107116501", "107119130", "107119390", "107119950", "107121540", "108113620", "108113760", "108115870", "108115880", "108118291", "108120621", "109113281", "109113931", "109114720", "109116441", "109117080", "109117431", "109117600", "109118231", "109119450", "109119460", "109119591", "109121410", "110115140", "110115580", "110115980", "110116501", "110117200", "110118121", "110118181", "110119030", "110120560", "110120640", "110121450", "111114941", "111116100", "111116110", "111116411", "111117120", "111117200", "111117571", "111119430", "111119580", "111120320", "111120591", "111121190", "111121351", "112116401", "112116900", "112118471", "112118810", "112118860", "112119120", "112120700", "112120990", "112121410", "113117401", "113117550", "113118231", "113118421", "113118630", "113118690", "113118870", "113119120", "113119300", "113119340", "113119360", "113122170", "113122230", "113122320"], "labels": [2, 2, 2, 0, 0, 3, 3, 1, 1, 1, 1, 0, 2, 1, 2, 2, 3, 3, 2, 2, 2, 0, 1, 0, 0, 3, 1, 2, 3, 3, 3, 1, 1, 0, 1, 3, 3, 2, 2, 1, 1, 1, 3, 1, 1, 3, 0, 0, 1, 3, 3, 0, 2, 1, 3, 0, 1, 1, 3, 0, 3, 0, 1, 3, 3, 2, 3, 3, 2, 3, 0, 3, 1, 1, 2, 3, 2, 3, 1, 3, 3, 3, 1, 0, 1, 0, 3, 1, 1, 1, 1, 3, 1, 0, 0, 0, 1, 1, 3, 3, 3, 1, 0, 0, 0, 3, 0, 3, 3, 0, 2, 0, 3, 3, 3, 1, 1, 1, 0, 0, 3, 1, 3, 3, 1, 2, 2, 0, 3, 3, 3, 3, 3, 3, 0, 3, 1, 0, 0, 1, 1, 1], "predicted_labels": [3, 3, 3, 3, 1, 3, 1, 0, 1, 1, 1, 1, 1, 1, 1, 1, 1, 1, 0, 3, 1, 3, 3, 3, 0, 0, 1, 1, 0, 1, 0, 3, 1, 3, 1, 3, 3, 1, 2, 3, 3, 1, 1, 0, 1, 0, 3, 1, 3, 0, 1, 1, 3, 1, 1, 0, 1, 0, 1, 3, 0, 3, 1, 1, 1, 0, 3, 3, 1, 1, 3, 0, 3, 1, 3, 3, 3, 3, 1, 3, 3, 3, 3, 0, 1, 3, 0, 1, 3, 1, 1, 3, 0, 0, 3, 0, 3, 3, 1, 3, 3, 1, 3, 3, 3, 3, 3, 1, 3, 0, 1, 0, 1, 3, 3, 3, 0, 3, 0, 0, 3, 0, 1, 3, 1, 3, 3, 1, 3, 1, 3, 3, 3, 3, 3, 1, 3, 0, 3, 3, 1, 3], "confidence_scores": [[0.29473529117643005, 0.3222408983765072, 0.09075035913687401, 0.2922734513101887], [0.27746475335374843, 0.29311531374898164, 0.16288660622810405, 0.2665333266691658], [0.2758631973507219, 0.2984896578882139, 0.16061532954202543, 0.26503181521903874], [0.3187280451459407, 0.27355277585758003, 0.12469452547451566, 0.28302465352196354], [0.25199239758367126, 0.30322493128953704, 0.1700836947593907, 0.2746989763674012], [0.3212075700452121, 0.29855570635704515, 0.08251901417456046, 0.2977177094231824], [0.23110084703341885, 0.36382459519364097, 0.11085993967534725, 0.294214618097593], [0.2967762169860159, 0.3082435878878231, 0.07564414768419142, 0.3193360474419696], [0.23889824581730545, 0.34268499222980675, 0.1492919792733987, 0.2691247826794887], [0.21645908225541444, 0.3237805037089627, 0.20123536585206828, 0.25852504818355454], [0.2498857311151935, 0.33809948900474074, 0.12897788880499628, 0.28303689107506963], [0.24603410749450183, 0.3294369000640822, 0.15074410883568587, 0.27378488360573], [0.29732961947235825, 0.3136080667809727, 0.09073493127698519, 0.29832738246968377], [0.278085622229023, 0.32482356943949664, 0.09893699404137087, 0.2981538142901099], [0.22197499233182114, 0.3025170295780209, 0.22338147373964043, 0.25212650435051764], [0.2299729570063308, 0.3416651051295316, 0.15378123335226074, 0.2745807045118766], [0.24934212463599112, 0.3461492431257988, 0.12242215687994183, 0.28208647535826825], [0.28799337793146657, 0.31148498149093207, 0.09974375728426149, 0.30077788329333993], [0.2808492835887968, 0.2637355810443912, 0.16206391710780413, 0.2933512182590076], [0.2596991262195323, 0.331184542143768, 0.1304870510075464, 0.27862928062915326], [0.2644243126075878, 0.3316847473217702, 0.09675447506598647, 0.3071364650046555], [0.25061090343911935, 0.36764872372196167, 0.10654757323234312, 0.2751927996065759], [0.2613427586844951, 0.3040469417532107, 0.151008008081391, 0.2836022914809032], [0.31784440925643287, 0.3142477282132477, 0.08108577030014205, 0.2868220922301772], [0.3117453776404008, 0.2554610237108994, 0.09893075677464157, 0.33386284187405824], [0.27856221543419246, 0.3021170863544562, 0.11415612175495997, 0.30516457645639106], [0.2588359709539346, 0.2935105557641213, 0.16790805826808586, 0.27974541501385813], [0.2797323846064919, 0.33321162178763924, 0.10254807436732277, 0.284507919238546], [0.28624457561493033, 0.30000657966647265, 0.12078868682271353, 0.2929601578958835], [0.21609950707298792, 0.36029867554498274, 0.1606353696654397, 0.26296644771658934], [0.3109804476652345, 0.271904605976397, 0.1121974749668462, 0.3049174713915223], [0.26889682629540085, 0.2948471215220498, 0.15637825901412666, 0.2798777931684224], [0.160794306232829, 0.3193173929606159, 0.2878904594341653, 0.23199784137238977], [0.2510558958571017, 0.3553724325839885, 0.11805444771477702, 0.27551722384413274], [0.19393628488932038, 0.3530579331129178, 0.19854971843890762, 0.254456063558854], [0.2575636620638183, 0.30724986543710064, 0.16788364098586245, 0.2673028315132186], [0.23175694739942082, 0.31590043689630987, 0.18821338111120475, 0.26412923459306475], [0.20058218565906813, 0.3132187301975915, 0.23474448279340027, 0.2514546013499401], [0.18624571414879137, 0.2637146298911026, 0.3278522375612318, 0.22218741839887432], [0.24356304304970297, 0.25526078548423886, 0.24307197798863395, 0.2581041934774242], [0.27722286301157734, 0.30549245517988544, 0.13855322523652813, 0.27873145657200893], [0.2364094704106277, 0.27860450826669214, 0.2332469581819747, 0.25173906314070527], [0.2852394953354804, 0.32962486171602307, 0.07226034283990386, 0.31287530010859294], [0.31434171500509334, 0.2679089684945222, 0.08037068758350803, 0.3373786289168764], [0.22525849683904037, 0.3414880024615322, 0.17173297135473928, 0.26152052934468795], [0.28845952439682165, 0.2963007524368342, 0.12011181968124661, 0.29512790348509765], [0.3434032786657602, 0.29314343668766557, 0.07012973701783061, 0.2933235476287434], [0.26848999817577135, 0.30688428092329967, 0.13506246543180722, 0.28956325546912176], [0.29251183847813067, 0.316871131326241, 0.11192695498998659, 0.27869007520564193], [0.3065987117732772, 0.2922849188184748, 0.09548367490561657, 0.3056326945026314], [0.28494691222017493, 0.34573205543212004, 0.07902415677309345, 0.29029687557461176], [0.21261268008794723, 0.30667556760858833, 0.23175023143579, 0.24896152086767456], [0.30801532403075377, 0.30127856692361515, 0.09578135283559527, 0.2949247562100356], [0.19931182027768815, 0.35799498410023506, 0.18935840696669792, 0.2533347886553789], [0.24613513510821505, 0.3507907572361773, 0.12429450771799622, 0.2787795999376113], [0.3064841515686368, 0.30096423085783836, 0.05323801292388118, 0.3393136046496434], [0.25423894393849567, 0.3225976756088314, 0.14530252299927426, 0.2778608574533989], [0.2934219191971039, 0.2907122182199057, 0.10713348977261969, 0.30873237281037075], [0.2394315372188496, 0.3359640088812646, 0.1400364496233295, 0.2845680042765564], [0.30033196812838575, 0.3228810181294637, 0.11285111169679608, 0.26393590204535444], [0.30094195013245356, 0.2714869355189591, 0.13160924210923694, 0.2959618722393504], [0.24240154732573901, 0.2976980524891893, 0.19462954214360548, 0.26527085804146605], [0.23005049618767548, 0.306060940514952, 0.19703297082262147, 0.26685559247475116], [0.28119587265659185, 0.31969069127509037, 0.09665391786581526, 0.3024595182025023], [0.21302296399200932, 0.3366816747308243, 0.18469229895592026, 0.26560306232124603], [0.30077492123989946, 0.2567422335329402, 0.1541576522392288, 0.28832519298793136], [0.22185168485998044, 0.31648666478572895, 0.20643064723437823, 0.2552310031199123], [0.2743719360693529, 0.3209648029773631, 0.12540630585351528, 0.279256955099769], [0.236202440599885, 0.3120054315192489, 0.18083203790384153, 0.2709600899770243], [0.2469682941315578, 0.32209880242940825, 0.14008091178718152, 0.29085199165185227], [0.34666069020140017, 0.2764758607254431, 0.08665256800781859, 0.2902108810653383], [0.28478022964064, 0.25815836409893705, 0.17233829980299958, 0.28472310645742355], [0.2830261590117343, 0.3572660892373944, 0.07484773156798767, 0.28486002018288364], [0.26089949709310906, 0.29825935312942203, 0.17631956636436993, 0.26452158341309856], [0.26504931160029943, 0.33910434625965585, 0.13376794972492154, 0.26207839241512343], [0.3073530356705544, 0.3145315631950418, 0.09021174432314734, 0.2879036568112563], [0.21800113395289067, 0.30260639842222076, 0.2343402699938134, 0.24505219763107527], [0.2981828318521685, 0.32047753826837033, 0.09901147985610136, 0.28232815002335954], [0.20823861888588066, 0.2848241237095856, 0.26123303235139494, 0.24570422505313916], [0.29420965325949794, 0.2863082984310086, 0.13445387538511383, 0.28502817292437976], [0.33985166544074963, 0.2639849324963889, 0.11502135878877708, 0.28114204327408426], [0.30363182293647056, 0.32554176204420765, 0.08050097828349025, 0.29032543673583155], [0.2893443960500671, 0.31719327464723235, 0.11310570924382572, 0.28035662005887485], [0.2848442306524856, 0.2635273092908257, 0.17960115831277887, 0.27202730174390943], [0.20859249217859047, 0.33437433561033014, 0.20271883726826212, 0.25431433494281747], [0.29475520627795965, 0.2827861730265766, 0.15112996590912378, 0.27132865478634005], [0.30560619012013746, 0.3074308385866641, 0.05619006968125053, 0.33077290161194794], [0.23172238546276003, 0.34095861333486566, 0.17018860445882444, 0.25713039674354954], [0.3004960181650564, 0.3452051179227626, 0.06294097663807581, 0.29135788727410533], [0.2308698052113293, 0.3011388884140342, 0.20526261670806595, 0.2627286896665704], [0.2613478216217895, 0.33436130959995386, 0.11266888148510225, 0.2916219872931545], [0.28700443846013957, 0.3081840850469459, 0.12871377776365367, 0.2760976987292609], [0.30290559823094326, 0.3028722096180803, 0.08930657228178623, 0.3049156198691899], [0.3069133172050086, 0.2941836762795487, 0.09205761138289202, 0.3068453951325505], [0.2534648630699842, 0.35718464368809233, 0.11341278317431124, 0.2759377100676122], [0.284977171424723, 0.2873104815134128, 0.12469593017477347, 0.3030164168870904], [0.27186251534637507, 0.30138211163746037, 0.16118070920520297, 0.26557466381096134], [0.30643436396377005, 0.28552468817271215, 0.11857151985590939, 0.2894694280076087], [0.26795267832014175, 0.37996021324037654, 0.06950999553396987, 0.28257711290551196], [0.3186548734970083, 0.3230643660582764, 0.046229456953264005, 0.31205130349145144], [0.2776437869632595, 0.3331775969120519, 0.1059721310784308, 0.2832064850462579], [0.2657074717873566, 0.30145685258748195, 0.1466530174507331, 0.2861826581744285], [0.2747197286323034, 0.3394742896582409, 0.10122841955911667, 0.28457756215033886], [0.2736265909117382, 0.2814315329020506, 0.17374768254414066, 0.2711941936420706], [0.2689325367301425, 0.29815508857839146, 0.15137985810316368, 0.2815325165883024], [0.30522047664883534, 0.3105895756081853, 0.08389347911181949, 0.30029646863116], [0.24963109255981733, 0.3150536955843989, 0.17052058771181564, 0.26479462414396826], [0.2821042606766981, 0.3234366841069743, 0.08938922557563322, 0.3050698296406947], [0.26632465874693007, 0.33409053944130174, 0.13346840190773884, 0.26611639990402924], [0.2905220095726701, 0.254593081541911, 0.17371631307500962, 0.2811685958104093], [0.22985230111797003, 0.32184326488860815, 0.18809806721428216, 0.26020636677913983], [0.2890084877475101, 0.2853264506701617, 0.12659183844496416, 0.29907322313736406], [0.23955365593302053, 0.3135605690995865, 0.1864646673600749, 0.2604211076073178], [0.26623964550461093, 0.3462485889423581, 0.120382224019281, 0.26712954153375007], [0.2738877568203172, 0.2744795211673408, 0.17681412676614275, 0.27481859524619945], [0.2772928283927603, 0.28148195557060596, 0.17331874355537902, 0.26790647248125493], [0.3306354510432173, 0.2576691557987435, 0.09945860019007699, 0.31223679296796236], [0.2605208163138194, 0.2993652006276516, 0.17395240454332056, 0.2661615785152085], [0.29196048072117403, 0.2930722094265632, 0.11717241971560452, 0.2977948901366584], [0.3280138295084453, 0.26583121179487323, 0.09846831645077876, 0.30768664224590264], [0.2860980752130522, 0.30217590272565226, 0.1399896584322303, 0.27173636362906534], [0.26678837352728124, 0.2513226298239137, 0.21748163734980608, 0.2644073592989991], [0.2589875871745468, 0.35015360412224283, 0.09529683373274046, 0.29556197497047015], [0.28730753095980166, 0.33731272724074934, 0.08761206268286796, 0.2877676791165809], [0.22864925202376085, 0.3233403653299515, 0.18933940911466565, 0.25867097353162194], [0.2416168534633574, 0.34014756660503365, 0.1545902329188114, 0.2636453470127974], [0.2739581451394692, 0.3231290458511676, 0.12159787226875286, 0.2813149367406102], [0.27023151114492155, 0.3161072471306345, 0.13462922472301214, 0.27903201700143176], [0.2718172962887745, 0.31501054003936335, 0.14607516197071624, 0.2670970017011458], [0.2681128707083468, 0.31929342778005926, 0.1342526706719759, 0.278341030839618], [0.28044369527021007, 0.3186343691777199, 0.13424446608744248, 0.2666774694646276], [0.26638498783316367, 0.329268853650833, 0.14630408422424612, 0.2580420742917574], [0.258117485486078, 0.3492723817603068, 0.12397837036543814, 0.2686317623881771], [0.23453255248944802, 0.32296845799581386, 0.182455660796198, 0.26004332871854], [0.25985480648622455, 0.3518227393711175, 0.11865658105845804, 0.2696658730841997], [0.23560243719652443, 0.33885882640656484, 0.1466919965622956, 0.2788467398346154], [0.3467884724724887, 0.286462023631926, 0.07815711929133036, 0.2885923846042548], [0.2922068744359398, 0.279390539488163, 0.08720768731587253, 0.34119489876002457], [0.3449680169720382, 0.2885479767599807, 0.060242989743928166, 0.306241016524053], [0.2865450990649276, 0.24876890377903282, 0.20524359763882666, 0.25944239951721326], [0.18727041064401526, 0.35545929593153935, 0.2006133069724187, 0.25665698645202667], [0.27377418456971797, 0.33818211719261115, 0.11535140937468824, 0.2726922888629824]]}}