{"test": {"ids": ["98111620", "98107410", "108121351", "111116040", "106113260", "113117340", "105113210", "101111210", "107119130", "103120780", "106116441", "104114320", "101111310", "110119030", "105116860", "102121440", "107114490", "101110150", "99108520", "99111000", "101112690", "111120280", "102110240", "112116850", "104116441", "104111880", "109115070", "99114890", "110113591", "108118520", "106116640", "103112470", "112120640", "101108370", "105114220", "111121410", "101109120", "104119290", "99109860", "97108520", "107113260", "113122230", "107121230", "102121700", "111116090", "99110730", "107114621", "110118111", "112118701", "97106770", "110120190", "109114720", "108116120", "113120280", "110114920", "112119610", "111116290", "113118870", "97107040", "111119930", "109113931", "104111830", "111116750", "108118630", "104119340", "98116940", "108115500", "101111140", "107113200", "99109141", "105110251", "100108580", "108115250", "107120130", "105113330", "102111990", "111119610", "111117480", "103110840", "107116980", "98106111", "97106970", "104109311", "113121680", "113119300", "108120621", "105112130", "113118690", "103109641", "110118930", "112117210", "109118231", "112116990", "99107660", "105121190", "110117870", "98112580", "113122160", "111121930", "98106880", "102114270", "105115720", "113119700", "100108520", "106120290", "112119320", "98107340", "97112170", "113121950", "109118161", "106113190", "112120540", "109121410", "108114180", "110115120", "99109910", "99111440", "103120730", "111118301", "102113981", "97113900", "106115120", "104117200", "108117451", "97107260", "109117600", "113121810", "103120340", "112117030", "109113881", "106114880", "103111170", "113117401", "99107640", "106113170", "110120540", "104114240", "98108580", "109121351", "112117660", "109113591", "107114110"], "labels": [3, 3, 3, 0, 3, 2, 3, 2, 1, 1, 0, 2, 3, 0, 2, 2, 3, 1, 2, 2, 1, 0, 3, 0, 1, 3, 0, 2, 0, 0, 3, 1, 0, 1, 3, 0, 1, 1, 2, 2, 0, 1, 0, 1, 3, 3, 0, 1, 0, 3, 3, 0, 1, 0, 3, 0, 2, 0, 2, 1, 1, 3, 3, 1, 1, 2, 3, 2, 0, 3, 0, 0, 1, 2, 3, 2, 2, 1, 1, 3, 0, 2, 3, 1, 1, 1, 1, 3, 1, 1, 1, 1, 0, 3, 2, 3, 2, 3, 1, 0, 3, 1, 0, 2, 2, 1, 0, 0, 3, 0, 0, 3, 0, 1, 0, 2, 3, 1, 3, 1, 2, 1, 3, 2, 2, 1, 2, 1, 2, 0, 0, 2, 3, 1, 0, 1, 0, 0, 0, 0, 3, 1], "predicted_labels": [1, 1, 3, 1, 1, 1, 3, 3, 3, 1, 1, 1, 1, 1, 0, 3, 3, 1, 1, 1, 1, 3, 1, 3, 1, 3, 1, 1, 3, 1, 3, 1, 1, 0, 1, 1, 3, 1, 1, 3, 1, 1, 3, 1, 3, 3, 3, 3, 1, 1, 3, 3, 0, 3, 3, 1, 1, 0, 1, 3, 3, 1, 3, 3, 3, 1, 3, 3, 3, 3, 3, 1, 3, 3, 3, 3, 1, 3, 1, 0, 1, 3, 3, 3, 3, 1, 1, 3, 1, 1, 1, 1, 0, 3, 1, 1, 3, 1, 3, 1, 1, 1, 1, 0, 1, 1, 2, 1, 3, 1, 3, 1, 3, 3, 3, 2, 3, 0, 1, 1, 1, 0, 3, 3, 3, 3, 1, 3, 3, 1, 1, 1, 3, 3, 1, 1, 1, 1, 3, 3, 1, 3], "confidence_scores": [[0.18221483618720466, 0.31998118548118537, 0.2070802270828587, 0.29072375124875144], [0.22645344100344125, 0.2865234210234212, 0.20462237762237764, 0.28240076035076045], [0.20948556443556443, 0.2950557331557333, 0.1696875679875681, 0.32577113442113437], [0.2789742535242536, 0.28616394716394733, 0.1673505217005217, 0.26751127761127763], [0.2414618326118327, 0.3432309745809748, 0.14789348429348434, 0.26741370851370844], [0.19917451078333434, 0.33955965145965156, 0.19313660228660234, 0.268129235470412], [0.25331143856143856, 0.2763992396492396, 0.13003746808746813, 0.3402518537018537], [0.2471426184926186, 0.24149831834831834, 0.18969239649239664, 0.32166666666666666], [0.20081016483516498, 0.30746594239094244, 0.17451008991008993, 0.31721380286380296], [0.22884027916527924, 0.30864333330068633, 0.1842949103184398, 0.2782214772155948], [0.20734226884226892, 0.39492770007770034, 0.14434882617382622, 0.253381204906205], [0.1935932456432458, 0.3326983405483405, 0.22971594516594523, 0.24399246864246865], [0.2348687526525763, 0.3123124403374404, 0.185998649389826, 0.26682015762015776], [0.21026998556998572, 0.31192981462981473, 0.1817813131313133, 0.29601888666888654], [0.27928812298812306, 0.27392282162282183, 0.18339085914085926, 0.2633981962481964], [0.19970708180708183, 0.2875281107781109, 0.18015286380286383, 0.3326119436119435], [0.22292855118737478, 0.2707752469752471, 0.14435290624408284, 0.3619432955932956], [0.2153326340326341, 0.2903047377459142, 0.20503112638995002, 0.28933150183150186], [0.20933623598623616, 0.3455687423687422, 0.23044754689754685, 0.21464747474747486], [0.17350059940059948, 0.3490134698634698, 0.24303691308691322, 0.23444901764901765], [0.21532233681351337, 0.29498877429759773, 0.22820476190476205, 0.26148412698412704], [0.2971960983460985, 0.2168782828282829, 0.15391587301587312, 0.33200974580974596], [0.24762179813650412, 0.2866362216215158, 0.20670656565656573, 0.25903541458541457], [0.19355283605283602, 0.2904064491064492, 0.17105754800754808, 0.34498316683316665], [0.2111508269508271, 0.3355446775446774, 0.16006406926406935, 0.29324042624042634], [0.20244912309912313, 0.24616382506382523, 0.22959000999001, 0.3217970418470418], [0.20913677433677436, 0.34930894660894674, 0.16620057720057724, 0.27535370185370184], [0.20411370851370855, 0.3098542069042069, 0.2131729437229438, 0.2728591408591408], [0.2636762348762351, 0.28131034521034526, 0.16259698079698087, 0.292416439116439], [0.23260488792253511, 0.3259855938179469, 0.19079098874981235, 0.2506185295097061], [0.2507461982461982, 0.21975486735486743, 0.16062899877899883, 0.3688699356199357], [0.21963773448773458, 0.32665351315351304, 0.2025697691197691, 0.25113898323898326], [0.23558030303030308, 0.287410866910867, 0.22061642801642808, 0.25639240204240216], [0.3424178210678209, 0.23952524697524705, 0.18007729492729493, 0.23797963702963706], [0.26726338383838383, 0.3284049783549785, 0.17362234432234447, 0.2307092934842936], [0.26180412365412375, 0.31600425130425125, 0.15474659784659792, 0.26744502719502716], [0.2206378732378732, 0.2752496336996338, 0.2162378288378289, 0.2878746642246642], [0.19274039849039842, 0.3583824120324119, 0.18221974136974142, 0.2666574481074481], [0.20573055833055828, 0.3049377566877567, 0.2263811022311023, 0.26295058275058286], [0.20901930014430026, 0.29499093129093124, 0.19479295149295153, 0.30119681707181706], [0.24602070152070152, 0.28501936396936417, 0.19279362304362316, 0.27616631146631154], [0.24481183261183279, 0.28963953823953836, 0.1833237373737375, 0.28222489177489185], [0.17460052725052733, 0.29657077726195374, 0.18640713371595735, 0.342421561771562], [0.27608704628704644, 0.32087945747063407, 0.13269937480819843, 0.27033412143412133], [0.22783372183372197, 0.26552585747585744, 0.168209040959041, 0.3384313797313797], [0.21937232212232222, 0.26475076590076585, 0.20520289710289716, 0.310674014874015], [0.20870716505716522, 0.27373483183483194, 0.2093259240759241, 0.30823207903207905], [0.28445366577866577, 0.2437587884337885, 0.16498477633477648, 0.3068027694527696], [0.21050614940614945, 0.31420435675435665, 0.17056947496947503, 0.3047200188700188], [0.26844222999223005, 0.2690399580811346, 0.2177888575476811, 0.24472895437895453], [0.2450878681775741, 0.2907678316781258, 0.17191312853812854, 0.29223117160617146], [0.18881885336885337, 0.2866391552891554, 0.2144531413031413, 0.3100888500388501], [0.293316896991897, 0.23253999056499064, 0.18349355644355658, 0.29064955599955616], [0.29690296925296933, 0.22797856032856048, 0.16002742812742815, 0.3150910422910423], [0.18959244089244104, 0.32149057054057045, 0.1562256465756466, 0.33269134199134204], [0.19107243279596228, 0.3354390054390052, 0.19603667476314546, 0.277451887001887], [0.21690730380730391, 0.29823865578865577, 0.22564060939060937, 0.25921343101343103], [0.2825038461538461, 0.28132210730446033, 0.16547378177378183, 0.2707002647679119], [0.21672625707625714, 0.2796911255411256, 0.2423635697635699, 0.2612190476190477], [0.2246862193362194, 0.25722171717171727, 0.1952164141414142, 0.3228756493506491], [0.2601961871461872, 0.27847724497724485, 0.1459232323232323, 0.3154033355533357], [0.17827812187812192, 0.337349050949051, 0.1865999167499168, 0.2977729104229106], [0.3177005772005772, 0.2120319097569098, 0.14561513764013773, 0.32465237540237546], [0.1941790764790765, 0.2581212656624424, 0.18015539101421457, 0.3675442668442669], [0.23970189810189815, 0.2421124597624599, 0.1638410145410146, 0.3543446275946276], [0.18787075702075712, 0.36265786435786435, 0.2078095238095239, 0.24166185481185487], [0.21072394272394285, 0.2723051226551227, 0.20237014097014108, 0.3146007936507938], [0.2676195693195693, 0.257475013875014, 0.19624997224997226, 0.2786554445554444], [0.219323570873571, 0.2670545898545902, 0.1819911976911977, 0.33163064158064165], [0.2519165834165836, 0.2660608363858366, 0.20923513431013438, 0.2727874458874459], [0.24460180375180388, 0.27701043401043407, 0.1921654401154402, 0.28622232212232207], [0.2286786879786881, 0.2923391810803575, 0.22304134395016767, 0.25594078699078693], [0.21593820623820634, 0.25506586746586757, 0.2480496225996227, 0.2809463036963038], [0.19510608835608842, 0.26668912198912204, 0.25687906537906546, 0.28132572427572444], [0.2853214507714508, 0.20619706208823863, 0.1599884856973093, 0.3484930014430013], [0.2693480796980798, 0.23137059607059618, 0.22652033522033532, 0.2727609890109891], [0.19741891996892003, 0.32390218670218673, 0.22120475635475634, 0.25747413697413724], [0.20660430680430678, 0.283664097014097, 0.17706070041070057, 0.33267089577089576], [0.24572217227217222, 0.29694287934287944, 0.18091147186147202, 0.2764234765234766], [0.32009136419136425, 0.2600332611832613, 0.1663570041070041, 0.2535183705183705], [0.22557375957375955, 0.30059720279720287, 0.21016014541014552, 0.2636688922188924], [0.20752294372294375, 0.2790523032523034, 0.19028665223665228, 0.3231381007881009], [0.2831164502164502, 0.23010144855144865, 0.16182393162393177, 0.3249581696081697], [0.19849004329004333, 0.2871764124764125, 0.20180331335331342, 0.31253023088023085], [0.2551954101454101, 0.2192210983460984, 0.17530267787767798, 0.3502808136308135], [0.2511131902840881, 0.2838756354756353, 0.18363430111340334, 0.2813768731268732], [0.18728497613497616, 0.36305527805527826, 0.19339698079698087, 0.2562627650127652], [0.21490004440004437, 0.2807187146187147, 0.21347210567210578, 0.2909091353091352], [0.22695708180708196, 0.283877298518475, 0.21259311276958354, 0.27657250690486007], [0.22404430536783482, 0.31809770784770797, 0.1627264905029613, 0.2951314962814964], [0.20341664446664448, 0.34712063492063483, 0.19439973359973362, 0.255062987012987], [0.25183264790764803, 0.3253507770007769, 0.17349087579087577, 0.24932569930069934], [0.3141344544344543, 0.22742174492174494, 0.17510579975579976, 0.28333800088800093], [0.2814669807316866, 0.2228831247184189, 0.20407493062493062, 0.291574963924964], [0.18866348651348663, 0.3108632756132758, 0.2241820901320902, 0.2762911477411479], [0.21025557775557777, 0.3079226218226218, 0.22109308469308472, 0.2607287157287158], [0.20677182262182273, 0.2959879342879344, 0.1937580752580753, 0.30348216783216775], [0.18182849927849937, 0.33956640581640585, 0.20610620490620504, 0.2724988899988902], [0.3182237373737372, 0.22425769230769246, 0.1208243922743923, 0.3366941780441778], [0.20743832833832843, 0.3141976412476414, 0.22461848151848157, 0.25374554889554896], [0.21473767343767353, 0.3580560939060938, 0.16993407703407706, 0.2572721556221558], [0.201608041958042, 0.3363708735708735, 0.13469997779997786, 0.32732110667110687], [0.19621787656787662, 0.3584876345876346, 0.1685715451215452, 0.2767229437229437], [0.2916264985014986, 0.2272106782106782, 0.1951925796425796, 0.2859702436452436], [0.23138698523698534, 0.30909905649905667, 0.19998494838494846, 0.25952900987900995], [0.20589687534687537, 0.29966493506493513, 0.19506751581751597, 0.2993706737706739], [0.21482349872349885, 0.24818454323454328, 0.2772354922854922, 0.2597564657564659], [0.25895594405594413, 0.28730924075924075, 0.18107676212676224, 0.27265805305805313], [0.19820043290043307, 0.28541454101454106, 0.21607291597291595, 0.3003121101121102], [0.27188244533244527, 0.2921850871350871, 0.1625904317904318, 0.2733420357420357], [0.2684499555999556, 0.2617608225108227, 0.15210730380730386, 0.31768191808191815], [0.24667921522921538, 0.3019126151626153, 0.1506355200355202, 0.3007726495726496], [0.21482503607503622, 0.2688468253968255, 0.18720165945165942, 0.32912647907647924], [0.21244671439671453, 0.2409745976245976, 0.1826485014985016, 0.36393018648018644], [0.20774680319680325, 0.28388472638472634, 0.14407460317460322, 0.3642938672438675], [0.183144063452887, 0.25300103230103244, 0.30297899127016786, 0.26087591297591317], [0.2241806526806527, 0.2801080677492443, 0.19383777366424432, 0.30187350590585893], [0.3052877844377846, 0.24428568653568675, 0.1703961593961595, 0.28003036963036965], [0.22790964590964605, 0.29878213453213476, 0.1778729881229882, 0.2954352314352315], [0.27659619824619824, 0.2937205155955153, 0.1936611908559277, 0.23602209530235851], [0.22836799311799313, 0.320192712842713, 0.21114114774114776, 0.2402981462981464], [0.31249270174270183, 0.2608983127983128, 0.16555044955044956, 0.26105853590853606], [0.19379266844266857, 0.24429595404595408, 0.1933130425130427, 0.368598334998335], [0.2667321012321014, 0.2239717893217894, 0.154407104007104, 0.35488900543900537], [0.17850566378066385, 0.26162287712287724, 0.2500733044733045, 0.3097981546231545], [0.2863352258852261, 0.25921704406704416, 0.15648901098901108, 0.29795871905871896], [0.1961384809634809, 0.3506547341547341, 0.22817541902541902, 0.22503136585636593], [0.2428735791985793, 0.271323878898879, 0.1729101398601398, 0.312892402042402], [0.16794134199134206, 0.2903558441558443, 0.19486207681207682, 0.3468407370407369], [0.21522787212787223, 0.3227083416583418, 0.20578583083583107, 0.2562779553779554], [0.2312787434787435, 0.34388116328116325, 0.16965726495726502, 0.2551828282828283], [0.19287890997891008, 0.3188473082473082, 0.1994685148185149, 0.2888052669552669], [0.26036621156621176, 0.28581100925218567, 0.16462126403008767, 0.2892015151515151], [0.2013670884670885, 0.275811310911311, 0.22886126651126665, 0.29396033411033407], [0.21301269286269287, 0.3836256188256187, 0.1299039682539682, 0.2734577200577201], [0.18916991064491076, 0.37047642912642886, 0.21340697913197923, 0.2269466810966812], [0.26265569985569986, 0.2802091630591632, 0.18622893217893222, 0.27090620490620493], [0.22664639135374437, 0.3131660145410145, 0.21690785358432427, 0.2432797405209172], [0.2583793373293374, 0.2821730103230104, 0.14960364080364086, 0.3098440115440116], [0.220060472860473, 0.29149139194139206, 0.17740235320235317, 0.31104578199578203], [0.1999366022866022, 0.35105558330558345, 0.16506799866799873, 0.2839398157398158], [0.23098828393828397, 0.18866842046842058, 0.19858795648795663, 0.38175533910533893]]}, "rewritten": {"ids": ["97106770", "97106970", "97107040", "97107260", "97108520", "97112170", "97113900", "98106111", "98106880", "98107340", "98107410", "98108580", "98111620", "98112580", "98116940", "99107640", "99107660", "99108520", "99109141", "99109860", "99109910", "99110730", "99111000", "99111440", "99114890", "100108520", "100108580", "101108370", "101109120", "101110150", "101111140", "101111210", "101111310", "101112690", "102110240", "102111990", "102113981", "102114270", "102121440", "102121700", "103109641", "103110840", "103111170", "103112470", "103120340", "103120730", "103120780", "104109311", "104111830", "104111880", "104114240", "104114320", "104116441", "104117200", "104119290", "104119340", "105110251", "105112130", "105113210", "105113330", "105114220", "105115720", "105116860", "105121190", "106113170", "106113190", "106113260", "106114880", "106115120", "106116441", "106116640", "106120290", "107113200", "107113260", "107114110", "107114490", "107114621", "107116980", "107119130", "107120130", "107121230", "108114180", "108115250", "108115500", "108116120", "108117451", "108118520", "108118630", "108120621", "108121351", "109113591", "109113881", "109113931", "109114720", "109115070", "109117600", "109118161", "109118231", "109121351", "109121410", "110113591", "110114920", "110115120", "110117870", "110118111", "110118930", "110119030", "110120190", "110120540", "111116040", "111116090", "111116290", "111116750", "111117480", "111118301", "111119610", "111119930", "111120280", "111121410", "111121930", "112116850", "112116990", "112117030", "112117210", "112117660", "112118701", "112119320", "112119610", "112120540", "112120640", "113117340", "113117401", "113118690", "113118870", "113119300", "113119700", "113120280", "113121680", "113121810", "113121950", "113122160", "113122230"], "labels": [3, 2, 2, 2, 2, 0, 2, 0, 0, 0, 3, 0, 3, 2, 2, 1, 3, 2, 3, 2, 2, 3, 2, 3, 2, 2, 0, 1, 1, 1, 2, 2, 3, 1, 3, 2, 1, 3, 2, 1, 1, 1, 2, 1, 1, 1, 1, 3, 3, 3, 0, 2, 1, 3, 1, 1, 0, 1, 3, 3, 3, 1, 2, 2, 0, 0, 3, 0, 1, 0, 3, 2, 0, 0, 1, 3, 0, 3, 1, 2, 0, 1, 1, 3, 1, 2, 0, 1, 1, 3, 3, 0, 1, 0, 0, 1, 0, 1, 0, 0, 0, 3, 0, 3, 1, 1, 0, 3, 1, 0, 3, 2, 3, 1, 3, 2, 1, 0, 0, 1, 0, 0, 2, 1, 0, 0, 1, 0, 3, 0, 2, 3, 3, 0, 1, 0, 0, 1, 2, 3, 3, 1], "predicted_labels": [3, 3, 3, 3, 3, 1, 1, 1, 1, 3, 1, 1, 1, 1, 1, 3, 0, 1, 1, 1, 1, 3, 1, 3, 1, 3, 1, 0, 1, 1, 3, 3, 1, 1, 1, 0, 1, 1, 3, 1, 1, 1, 3, 3, 3, 0, 1, 3, 1, 3, 1, 1, 3, 3, 1, 3, 0, 3, 3, 3, 1, 1, 1, 1, 1, 3, 1, 1, 0, 1, 3, 1, 3, 3, 3, 3, 3, 0, 3, 1, 3, 3, 1, 1, 0, 0, 1, 3, 1, 3, 1, 1, 1, 3, 1, 0, 0, 1, 3, 3, 3, 3, 3, 1, 3, 1, 3, 1, 1, 3, 3, 1, 3, 3, 1, 1, 1, 3, 1, 0, 1, 3, 3, 1, 3, 1, 1, 1, 3, 1, 1, 3, 1, 3, 1, 1, 3, 1, 1, 3, 3, 1], "confidence_scores": [[0.2550402541902543, 0.2551431382343148, 0.22025677296559656, 0.2695598346098347], [0.24397563025210095, 0.23737046287046293, 0.2015761108172872, 0.317077796060149], [0.18469309579309595, 0.27722987567987584, 0.24633826173826176, 0.2917387667887667], [0.1896769341769343, 0.25113290043290054, 0.2662454822954825, 0.292944683094683], [0.2251936971525207, 0.2620684371184372, 0.2016329872741638, 0.31110487845487844], [0.2401928710178711, 0.30356380286380297, 0.19393656898656905, 0.2623067571317572], [0.2688852369852371, 0.27600865800865815, 0.19376055611055618, 0.261345548895549], [0.21506111666111666, 0.3135178246590013, 0.2141836092012563, 0.25723744947862603], [0.20876699966699966, 0.3241030802530801, 0.20220450105450116, 0.2649254190254192], [0.19990911310911316, 0.23059115133232794, 0.2597350668938905, 0.30976466866466884], [0.2617162781662783, 0.2666500444000445, 0.20763435453435464, 0.26399932289932304], [0.22573470140970156, 0.3049740925740927, 0.2232740842490843, 0.24601712176712187], [0.19979314574314588, 0.29706887556887573, 0.2307027972027971, 0.2724351814851816], [0.22064862914862932, 0.3171477744477745, 0.21454484404484403, 0.24765875235875245], [0.18866996891996915, 0.3467496947496948, 0.19136251526251527, 0.27321782106782105], [0.20197349872349885, 0.24966740481740482, 0.22867993117993138, 0.3196791652791652], [0.31814105665576264, 0.23851845050374476, 0.1791203185703187, 0.2642201742701744], [0.18841312576312588, 0.3303673640085405, 0.27984322540204887, 0.20137628482628497], [0.26548624512742186, 0.3024204462204464, 0.18086924023688747, 0.2512240684152449], [0.2098721112221112, 0.3096153679653681, 0.21397232212232223, 0.2665401986901987], [0.19181127124509478, 0.2875089022089023, 0.2835976614888379, 0.23708216505716515], [0.18978982961482974, 0.2820938561438561, 0.2177107725607727, 0.31040554168054174], [0.17487802393684743, 0.33726281300398964, 0.2514075036075035, 0.23645165945165958], [0.24170658785658794, 0.26601480545598205, 0.2026053893818601, 0.2896732173055703], [0.2087075757575758, 0.31139927849927845, 0.20692438672438676, 0.2729687590187591], [0.28548512794395153, 0.2322876567876568, 0.19427081252081266, 0.28795640274757917], [0.20520407370407373, 0.30212239231356897, 0.25439418000300357, 0.23827935397935399], [0.315518376068376, 0.2337466311466312, 0.18631502941502942, 0.2644199633699634], [0.25890607725607717, 0.3126129148629149, 0.18984035409035413, 0.23864065379065388], [0.23020129315129323, 0.2789794796706562, 0.22115645106527465, 0.26966277611277617], [0.259545548895549, 0.23394942279942288, 0.2053510323010323, 0.30115399600399606], [0.24860346320346338, 0.25983598068598074, 0.18970492840492847, 0.3018556277056278], [0.2199718059718061, 0.32041532356532354, 0.17742304917304927, 0.2821898212898213], [0.22385141329258984, 0.3069278796367032, 0.21926870906870904, 0.24995199800199805], [0.23378813408813412, 0.2845714896214897, 0.22920739848386912, 0.25243297780650725], [0.27860197351667926, 0.24877154740684163, 0.19600245310245318, 0.276624025974026], [0.2392087468087469, 0.30041998556998534, 0.21513227565348317, 0.24523899196778476], [0.23738308358308371, 0.32641626151626135, 0.17510732045732047, 0.26109333444333455], [0.21690772005772, 0.2757885336885338, 0.21445002775002778, 0.2928537185037185], [0.25759918414918415, 0.30268865546218504, 0.16964738235620605, 0.2700647780324251], [0.23180041625041634, 0.275750260850261, 0.21865031635031645, 0.2737990065490066], [0.21034900654900668, 0.30566509601509606, 0.20444047064047072, 0.27954542679542677], [0.2089412254412255, 0.3010026196026196, 0.17787763347763347, 0.3121785214785215], [0.23221919191919188, 0.27766381559616865, 0.2041892496392496, 0.28592774284539013], [0.25899821289821306, 0.27845830835830837, 0.15933672993673004, 0.3032067488067487], [0.3028811410811411, 0.22618121323121346, 0.18734809079809095, 0.28358955488955495], [0.2536740731490731, 0.31690921186656473, 0.1546793703028998, 0.2747373446814623], [0.28697486957486973, 0.24508802308802308, 0.14936863691863703, 0.3185684704184705], [0.20404175824175835, 0.3184089799089799, 0.18764120879120888, 0.2899080530580532], [0.21910642135642144, 0.2647089890501656, 0.21348125795772865, 0.3027033316356846], [0.2383822510822512, 0.30008612498612525, 0.186080685980686, 0.2754509379509379], [0.21525412006294367, 0.28094939504939515, 0.22842991812109467, 0.2753665667665667], [0.23572034077034085, 0.2858574481074481, 0.16841454656454677, 0.31000766455766454], [0.18985607725607742, 0.26484306249306255, 0.193325013875014, 0.35197584637584645], [0.1888012487512488, 0.301397389538566, 0.21657033162915537, 0.2932310300810301], [0.24274088134088131, 0.23969907314907327, 0.16493326118326126, 0.35262678432678435], [0.2836370851370852, 0.260906537906538, 0.17212474747474746, 0.28333162948162954], [0.17881264291264298, 0.26667678987679, 0.23540768120768127, 0.3191028860028861], [0.26909600954600954, 0.27499802974802956, 0.14584565434565433, 0.3100603063603066], [0.26271016761016774, 0.1886841824841825, 0.165391008991009, 0.38321464091464086], [0.2545051615051616, 0.29704091464091475, 0.21098616383616395, 0.23746776001776015], [0.2073099678099679, 0.35396461316461303, 0.15716876661350354, 0.2815566524119155], [0.25691414696414705, 0.30064780219780224, 0.1701810689310691, 0.27225698190698194], [0.18391000666000673, 0.2906435342435344, 0.23481154956154976, 0.2906349095349096], [0.21714279609279616, 0.37898368853368847, 0.11604005994005995, 0.28783345543345545], [0.2855011766011766, 0.2524400135811902, 0.16427109752992108, 0.2977877122877124], [0.23467563270063285, 0.3354584562496328, 0.14779279805162165, 0.2820731129981129], [0.21903831364713724, 0.35032787767787776, 0.17621060606060615, 0.25442320261437923], [0.3030400654900656, 0.27243213453213455, 0.16479502164502172, 0.2597327783327784], [0.23398108558108563, 0.353492773892774, 0.1482101454101455, 0.2643159951159952], [0.24367657342657356, 0.21988896103896127, 0.1958405594405596, 0.34059390609390616], [0.24647738927738927, 0.2788873015873015, 0.20013640803640814, 0.27449890109890124], [0.2545213064713067, 0.2537105042016808, 0.1917376115714352, 0.30003057775557784], [0.2552712343212344, 0.26000704850704864, 0.18509963924963937, 0.2996220779220779], [0.20759198579198593, 0.22887936507936527, 0.16712378765025834, 0.3964048614783908], [0.2140078754578756, 0.25473581973581977, 0.16770841935841954, 0.3635478854478855], [0.26576198246198257, 0.21733983238983245, 0.18742561327561336, 0.3294725718725718], [0.3511888333888333, 0.26809333444333455, 0.17286457986457993, 0.2078532523032524], [0.21135631313131323, 0.2741066711066714, 0.18835078810078817, 0.3261862276612279], [0.22292604062604063, 0.30248184593184596, 0.23448005883005896, 0.24011205461205476], [0.16328323343323356, 0.30154417249417254, 0.17465043290043292, 0.3605221611721612], [0.20263690198690204, 0.25728808413808424, 0.17065738150738163, 0.36941763236763225], [0.20384427761780716, 0.30374270957800364, 0.20553444137561785, 0.2868785714285715], [0.18674739149739156, 0.2993430735930736, 0.23781177156177166, 0.2760977633477635], [0.31411083556965913, 0.2060169422081189, 0.18096252473017183, 0.2989096974920506], [0.3575656565656566, 0.2015401154401155, 0.14821221033868096, 0.292682017655547], [0.22584067435832142, 0.3323158468981999, 0.17840474754004168, 0.26343873120343725], [0.20820453435453454, 0.23234090158207826, 0.19313115691498048, 0.36632340714840717], [0.2534430011165305, 0.30238290598290596, 0.16529288521935587, 0.27888120768120767], [0.2498103979353979, 0.28319602619602613, 0.16913034188034198, 0.29786323398823406], [0.2352687229437231, 0.3362837606837609, 0.14725981240981253, 0.281187703962704], [0.25222866577866593, 0.27862219447219455, 0.19812334887334893, 0.27102579087579093], [0.23917372072372078, 0.3093012876012877, 0.16744393939393945, 0.28408105228105224], [0.19919523254523258, 0.2545938727938729, 0.24052877677877674, 0.305682117882118], [0.21360099312452255, 0.3522750360750361, 0.18099727527374598, 0.2531266955266956], [0.294843550893551, 0.25201101121101127, 0.1711611666111667, 0.28198427128427117], [0.30068488733488735, 0.28761964146964153, 0.16852668997668996, 0.24316878121878124], [0.2301073478808773, 0.3282318847818848, 0.176725616377087, 0.264935150960151], [0.26712202046319705, 0.271493933843934, 0.17470598780304672, 0.28667805788982265], [0.25794947274947283, 0.24800057720057733, 0.2050959096459097, 0.28895404040404055], [0.2431709262959265, 0.27847427017427023, 0.16063472638472645, 0.3177200771450772], [0.18060409035409045, 0.33587864357864344, 0.14094073704073712, 0.3425765290265289], [0.2564507215007216, 0.2592488455988457, 0.17099949494949496, 0.3133009379509379], [0.17343701298701306, 0.32922561327561317, 0.2189166666666668, 0.2784207070707071], [0.279894461094461, 0.2544534021534022, 0.16813046953046967, 0.2975216672216671], [0.20767972582972588, 0.3324882395382394, 0.16697460317460328, 0.29285743145743165], [0.2180888167388168, 0.2901979076479076, 0.20033512043512056, 0.2913781551781552], [0.24954260788231378, 0.31580259413788825, 0.15312799422799425, 0.2815268037518037], [0.22315850260850273, 0.3353455988455989, 0.21639213841713853, 0.22510376012876035], [0.25444083694083686, 0.268197589338766, 0.16732982768865132, 0.31003174603174577], [0.24425608835608845, 0.25089278499278495, 0.16687873792873797, 0.3379723887223889], [0.2622254800754802, 0.2995338328338329, 0.1828155622155623, 0.2554251248751249], [0.3013180097680097, 0.20432206127206126, 0.15858602508602515, 0.3357739038739039], [0.2467498057498058, 0.24990706515706526, 0.18380869685869694, 0.3195344322344322], [0.24661134976134982, 0.309918265068265, 0.18403547008547008, 0.25943491508491523], [0.2159759462759464, 0.34027718947718943, 0.2031380508380509, 0.24060881340881365], [0.23425756188256186, 0.29307018537018525, 0.18540497835497838, 0.28726727439227423], [0.2613663780663782, 0.24900844155844165, 0.15828881673881684, 0.33133636363636343], [0.24406605616605617, 0.3233653402153402, 0.1458543290043291, 0.2867142746142747], [0.3333153457653456, 0.2336923667835434, 0.15072565604330315, 0.2822666314078079], [0.1920202963702965, 0.3146165501165502, 0.1801020424020425, 0.313261111111111], [0.2630443445443446, 0.26305212010212, 0.19108477633477627, 0.28281875901875914], [0.20594227994228012, 0.27884884004884003, 0.19370590520590525, 0.3215029748029748], [0.2076732323232323, 0.3416548285048285, 0.19678812853812847, 0.25388381063381066], [0.21908471528471535, 0.2648097180597182, 0.18237879930527, 0.3337267673502967], [0.2408623765123766, 0.3174879398379398, 0.1810970695970697, 0.26055261405261415], [0.2087320845820848, 0.31614851259851257, 0.22078347208347218, 0.25433593073593075], [0.204771916645446, 0.3479056404379934, 0.17361202163849226, 0.2737104212780683], [0.2255242091242092, 0.2968130092130093, 0.1743720057720058, 0.30329077589077597], [0.23654831279831282, 0.29785523169640815, 0.20942090882973238, 0.2561755466755468], [0.2126608585858586, 0.3119205516705516, 0.18997440337440352, 0.28544418636918634], [0.23173590102707758, 0.2861565232153466, 0.18087592962592972, 0.301231646131646], [0.20514855144855149, 0.30096812795048095, 0.19836427461427472, 0.29551904598669304], [0.24228513708513705, 0.2817776462099991, 0.18150974025974034, 0.29442747644512357], [0.2510003385503387, 0.30163190698190717, 0.17006166611166615, 0.2773060883560884], [0.17594413364413355, 0.32512799422799393, 0.17544508824508828, 0.3234827838827839], [0.3025493006993008, 0.21425804750804744, 0.15800484515484528, 0.3251878066378066], [0.21070243612596562, 0.3027467532467532, 0.1877746201510908, 0.2987761904761905], [0.202663875013875, 0.3889336441336439, 0.19932927072927076, 0.20907321012321006], [0.2168846070596072, 0.271742415917416, 0.22986905316905323, 0.28150392385392375], [0.17611168831168836, 0.32217784992785004, 0.17729610389610395, 0.32441435786435785], [0.24429634254634264, 0.2906731879231878, 0.17984331224331226, 0.2851871572871574]]}}