{"test": {"ids": ["111119950", "97107040", "110116501", "102110690", "113122320", "103110220", "107114621", "106113830", "97118210", "108114360", "112119930", "113118870", "111116100", "106116120", "101108080", "106116850", "107119130", "105112130", "100115700", "113120531", "103117461", "112121430", "110120190", "98108410", "99121440", "102110050", "111119150", "101108500", "104114410", "113119360", "109120540", "109117600", "97107920", "109117630", "110115890", "112117660", "99107660", "105115680", "109118701", "109116750", "107119390", "104111711", "110115250", "98111860", "111115780", "99108310", "105117431", "110115580", "101109000", "99112840", "100108260", "111119300", "99111000", "112119610", "110120540", "113120070", "111120531", "113118490", "110120700", "99109780", "98111670", "103111930", "111114321", "101114990", "97106600", "112118880", "109115220", "104113000", "99109161", "108115870", "105118740", "105115250", "104113190", "100109890", "112119980", "109115070", "107115140", "102113210", "113122120", "111116040", "108120621", "103111110", "109117431", "97112290", "102109850", "104116800", "98119591", "111118810", "110118121", "110114950", "113121220", "104113210", "103109021", "111119340", "108117451", "101115190", "110118450", "111116090", "98109570", "100109330", "109120150", "103111990", "105113190", "112118530", "112118860", "110114720", "105116650", "103112470", "112121351", "109116441", "98107380", "107116300", "112118550", "106118301", "107114140", "99112531", "107121540", "105118171", "112120290", "102108621", "100109360", "104111620", "107121640", "111120540", "98108150", "112121030", "107115250", "103113260", "104109311", "112116451", "113118820", "110121720", "100108080", "111117480", "105114220", "106119260", "102107961", "101112201", "107120880", "113122430", "98111620", "111116750"], "labels": [0, 2, 3, 0, 1, 2, 0, 1, 2, 1, 1, 0, 3, 1, 0, 3, 1, 1, 1, 0, 0, 2, 3, 1, 2, 3, 3, 3, 1, 0, 1, 1, 0, 0, 2, 0, 3, 2, 3, 0, 2, 1, 1, 0, 1, 2, 1, 1, 1, 2, 3, 1, 2, 0, 1, 2, 0, 1, 2, 2, 1, 3, 1, 3, 3, 1, 3, 1, 3, 3, 1, 2, 3, 3, 0, 0, 0, 3, 1, 0, 1, 3, 1, 1, 1, 1, 1, 0, 3, 0, 3, 3, 0, 3, 2, 1, 0, 3, 1, 0, 2, 2, 3, 1, 3, 3, 1, 1, 0, 3, 1, 0, 3, 1, 2, 3, 2, 3, 1, 3, 0, 0, 1, 1, 0, 0, 2, 3, 3, 0, 0, 3, 0, 1, 3, 1, 3, 0, 1, 2, 3, 3], "predicted_labels": [0, 2, 1, 3, 1, 3, 3, 1, 0, 2, 3, 1, 1, 3, 3, 0, 3, 2, 2, 0, 0, 1, 3, 1, 2, 2, 1, 0, 1, 1, 3, 3, 3, 0, 1, 3, 2, 1, 0, 0, 3, 1, 3, 2, 3, 1, 0, 0, 0, 3, 3, 3, 2, 3, 3, 2, 3, 3, 3, 1, 3, 0, 1, 2, 3, 2, 2, 3, 2, 3, 2, 2, 3, 0, 3, 1, 3, 1, 0, 3, 1, 3, 3, 1, 1, 2, 2, 3, 1, 0, 2, 1, 1, 1, 0, 2, 1, 3, 3, 3, 2, 1, 3, 1, 1, 2, 3, 0, 0, 0, 2, 1, 0, 0, 1, 0, 0, 3, 0, 3, 3, 0, 0, 2, 3, 0, 1, 3, 3, 1, 3, 0, 1, 1, 1, 0, 1, 1, 3, 3, 2, 3], "confidence_scores": [[0.9632478982957643, 0.036270379352649686, 7.180915958268373e-05, 0.00040991319200326786], [0.009180512064784381, 0.005808981518491778, 0.7187990053977713, 0.2662115010189525], [0.40527257532158223, 0.5923565353446283, 3.1020338358533894e-07, 0.002370579130405908], [0.017865456828250012, 0.2583530389705714, 8.436867342056655e-05, 0.723697135527758], [0.02972527066648426, 0.9680455353456693, 0.002146761698308746, 8.243228953789808e-05], [4.5636480267133535e-09, 2.320266552804295e-06, 1.2532281273985841e-08, 0.9999976626375179], [0.14669361408053444, 0.21905531519179067, 9.814233833332474e-06, 0.6342412564938416], [0.0038476333069466396, 0.9716468511050423, 0.01747497413898323, 0.007030541449027797], [0.9910471373099677, 2.4798359952917247e-08, 0.008887329750280625, 6.550814139164103e-05], [3.1706037499335147e-06, 2.244622721968356e-06, 0.9931063035675042, 0.006888281206023851], [0.0007058941752593039, 0.007891374710781433, 0.19964068761328477, 0.7917620435006746], [9.755934598635758e-05, 0.8822822892842613, 0.0010737479664807447, 0.1165464034032716], [0.0001228734724294847, 0.8723008086981272, 0.00011599689963267656, 0.12746032092981074], [0.001502964247860142, 0.35851894651663, 0.004142616102647285, 0.6358354731328625], [0.021731094677218864, 6.548113158612194e-05, 7.954208579152897e-07, 0.9782026287703371], [0.9999380868920534, 3.662215844405675e-05, 2.52902040152212e-05, 7.454872230716811e-10], [4.031647048186556e-05, 7.553447368787789e-05, 1.581547697348426e-06, 0.9998825675081329], [4.43511723432403e-08, 0.16604979030478512, 0.8337638349001328, 0.00018633044390951474], [0.419977148652511, 9.591232270362748e-05, 0.5798992486068767, 2.7690417908629198e-05], [0.9909461030263828, 0.007241851999544298, 0.0017649226902101034, 4.7122283862718176e-05], [0.8578833550845341, 0.09243299517583332, 0.0009091907038264746, 0.048774459035806066], [0.014732538107785333, 0.9603262613186213, 0.006051639346614731, 0.018889561226978737], [0.00031906158075644596, 6.692905802316381e-05, 2.2097407040957258e-07, 0.99961378838715], [0.0004320398112475344, 0.9988129813532594, 0.0007545983703633524, 3.804651298207661e-07], [0.10448545423029655, 0.0005604365341447404, 0.8949514857245552, 2.623511003562673e-06], [0.009887155934891657, 0.018804990121033933, 0.5808791681536989, 0.3904286857903755], [1.443056753374243e-05, 0.9161594891086619, 6.766739814117068e-07, 0.083825403649823], [0.9924891545229136, 0.0011603831373672626, 0.005398222335385292, 0.0009522400043338382], [1.000237708698604e-06, 0.5476399338558614, 4.377324375157354e-11, 0.4523590658626567], [0.005785688051343301, 0.551740688945564, 4.7741098724446535e-05, 0.44242588190436816], [0.0041545929482361, 0.00031269052958874283, 0.0004483831692291152, 0.9950843333529461], [0.36196866859269144, 0.00013897172756465427, 0.0011008957008415185, 0.6367914639789023], [0.2509761772588132, 0.00020193855858509786, 0.00023359533808202135, 0.7485882888445197], [0.7940101707883325, 0.094479402075003, 0.01525330493711229, 0.09625712219955236], [0.007417766147939328, 0.990992595179926, 4.155296256028136e-05, 0.0015480857095744262], [0.0013167803421035805, 8.04112927764527e-05, 0.013225301813058862, 0.9853775065520611], [0.020952563115502615, 2.7900948042812712e-06, 0.9334433354859899, 0.0456013113037033], [4.0628755943759825e-06, 0.9993494237367029, 0.00014949960440364818, 0.0004970137832991262], [0.9993847785624833, 5.776343463727641e-06, 8.142751434941997e-09, 0.0006094369513015544], [0.8960227363749527, 0.10391948685925537, 5.5797833658253454e-05, 1.9789321337955763e-06], [0.00035843967240003073, 0.06974752777346306, 0.000586845787060552, 0.9293071867670764], [0.003638223907377272, 0.7002517283451284, 0.07120341581062832, 0.22490663193686597], [0.08155336606541111, 0.45004207184317374, 0.0006803883088879229, 0.4677241737825272], [0.00020399759438061242, 0.3937672771286328, 0.5652159109348921, 0.04081281434209451], [0.06887300027082337, 0.2216073630832373, 3.7383842058107044e-06, 0.7095158982617336], [3.149073059942167e-05, 0.7941512473079191, 0.011673546858536419, 0.19414371510294512], [0.9509640508356695, 0.00047815894169555656, 0.04845052693775482, 0.00010726328488024134], [0.8033964213960559, 0.19281906896571144, 0.00024678394321772, 0.0035377256950149118], [0.5495466698957993, 0.00010507175685498347, 0.1236141511814012, 0.3267341071659446], [0.00041966750632287613, 0.0005619340493141375, 0.10484226250120465, 0.8941761359431584], [0.00012779504822836953, 0.3083985847248066, 0.000906396807417562, 0.6905672234195475], [0.013449022916850024, 1.1402090895510487e-06, 9.54826137713543e-08, 0.9865497413914467], [0.000578018230661655, 0.012427214703100322, 0.9858457786125111, 0.0011489884537270111], [0.006979154632565027, 0.02134406370721187, 0.002832119040342142, 0.9688446626198809], [0.0002039332514412689, 3.17466777061144e-05, 0.1264901594850815, 0.8732741605857711], [0.07554595174902844, 0.20370944819048195, 0.6980599825427197, 0.022684617517769914], [0.021207084088643947, 0.0069986322143962025, 0.00012673979288189144, 0.9716675439040778], [0.0005806281642310229, 0.0013719830673720053, 0.001957549323020897, 0.9960898394453761], [0.0028087007942829124, 0.16912781842178426, 0.011558637798527319, 0.8165048429854055], [2.7255125963343728e-05, 0.9987905048573926, 0.001182161948241331, 7.806840297340445e-08], [0.0004968794043817246, 0.02297651786326102, 0.03469709345798702, 0.9418295092743701], [0.9898094851467774, 0.006623298816402777, 0.002770998526804628, 0.0007962175100155112], [3.2954384680251357e-06, 0.9910273140844451, 0.0038863416739817603, 0.0050830488031048705], [0.00410401315308498, 0.01135136288759912, 0.7496216207309903, 0.2349230032283257], [0.16470729236369022, 0.0003453244591630156, 0.01849337850091189, 0.8164540046762349], [0.05013961814655856, 0.05245035886868595, 0.838157715685475, 0.05925230729928045], [5.6622149217246934e-06, 0.0025990997756992246, 0.9967471238633147, 0.000648114146064348], [0.40143353203985244, 1.8147983939735676e-06, 1.265851850592902e-05, 0.5985519946432477], [0.10142450554810689, 0.014651977753057292, 0.8835701687725236, 0.00035334792631240493], [0.10699780350790779, 0.0008293551462957682, 0.30823851714660355, 0.5839343241991929], [0.00026969768647065355, 3.115824258393982e-05, 0.9994338996863296, 0.00026524438461584377], [2.901494450964881e-05, 0.04055326464697825, 0.7616153646487861, 0.19780235575972596], [0.38988151496683404, 0.0952932639054322, 0.015985594902663457, 0.49883962622507044], [0.5604589918453263, 0.438955456195364, 0.00022375673153308238, 0.00036179522777666075], [0.00107148527768852, 7.82217623145911e-08, 0.00017708671041546817, 0.9987513497901338], [3.6349175481717243e-06, 0.9762889459836684, 0.023688771737261333, 1.86473615222883e-05], [0.08939652129636279, 0.004371607776337737, 0.15613359275642738, 0.7500982781708722], [0.021452795057917546, 0.647369633786979, 0.0010920793728021443, 0.3300854917823013], [0.9949618438693801, 0.003555547751384186, 5.4835924208573203e-05, 0.0014277724550269346], [6.335287798581023e-05, 1.153326743409763e-09, 4.067992914817654e-05, 0.9998959660395393], [0.17368686403931188, 0.7830427735246737, 0.04320135505532058, 6.900738069390426e-05], [0.13864296450747463, 0.021099677512229752, 1.5313135004188795e-05, 0.8402420448452913], [0.01144408699168557, 0.1217058041365141, 0.0006639489451377247, 0.8661861599266626], [0.00023134822938191226, 0.9667566354314387, 0.02623163439595496, 0.006780381943224438], [0.00012365906401647913, 0.9955406882434005, 0.0028966136942817342, 0.0014390389983012784], [0.0005019807568191537, 7.376972014118632e-06, 0.9973985138932049, 0.002092128377961855], [0.047666288784380215, 0.21426425734511173, 0.6177031146980174, 0.12036633917249072], [0.1537612697457688, 0.00745138832676509, 1.489430745179186e-06, 0.8387858524967209], [2.6101738567404852e-05, 0.9995969199875245, 1.905213878115043e-05, 0.00035792613512676823], [0.6010847630171583, 0.005372939737033404, 0.3796796090426926, 0.013862688203115807], [0.00023466645274817073, 0.03409205422713732, 0.857411944839433, 0.1082613344806816], [0.0011909770312637093, 0.9980260244011839, 0.000706267172856744, 7.673139469575768e-05], [0.09519697866428177, 0.859395079075148, 4.839692974219709e-07, 0.045407458291272844], [0.0036899143179373426, 0.9878436969838971, 0.0013536345876008643, 0.00711275411056463], [0.9937422395549624, 0.0009186974210406907, 6.719874491639678e-05, 0.005271864279080603], [0.00046390134527909434, 0.0011926693591687637, 0.9680343992906248, 0.03030903000492734], [0.029896358958754633, 0.6058229241783757, 0.23800049905747536, 0.12628021780539442], [0.0009462494834899269, 0.004107833132773373, 4.313759751906559e-07, 0.9949454860077616], [0.1410739515005139, 0.013364308998124888, 1.6091913484623358e-05, 0.8455456475878765], [0.19133151532299253, 0.0006749999873200678, 2.330314865190078e-06, 0.8079911543748222], [7.877720038324347e-06, 0.0004092158981326528, 0.9994546960328989, 0.00012821034893013313], [1.4768519813257545e-06, 0.9995226356416972, 0.0004643111500638233, 1.157635625770495e-05], [7.798794441744874e-05, 1.4331630100338e-06, 0.002107247379125883, 0.9978133315134466], [0.019653326188049186, 0.6812401371324102, 0.299037428785317, 6.910789422371777e-05], [0.020052115524646846, 0.9000216542430536, 7.394471207444911e-05, 0.07985228552022504], [0.006874438700008984, 0.010795673580165602, 0.982240018456102, 8.986926372329815e-05], [0.005065857902965209, 0.002372526105138652, 0.30318418135119235, 0.6893774346407038], [0.6075789320016088, 0.022987812716874407, 0.3562458972153241, 0.01318735806619259], [0.9505151344463771, 0.007698730116272064, 0.0005216787484938336, 0.04126445668885681], [0.9565831730004115, 0.0011467135717011768, 1.5693528479464605e-06, 0.042268544075039285], [1.2433719236993404e-06, 0.05457239917119964, 0.9442234372867465, 0.0012029201701302386], [0.006134500096566948, 0.5349865480519596, 0.00265803771086015, 0.4562209141406134], [0.7971122972817094, 0.20179297902003915, 0.0009249751824703852, 0.0001697485157809179], [0.8246763088531908, 9.872531818938507e-07, 8.558328593060971e-08, 0.17532261831034135], [0.14464694700428168, 0.8395057786344149, 0.0003023453557026186, 0.01554492900560061], [0.937507448730334, 0.057503283950873584, 1.73248593352711e-08, 0.004989249993933282], [0.9695871025885806, 0.0304021238883168, 1.0265470393961957e-05, 5.080527085793833e-07], [0.017633790769523223, 0.0021071476109085167, 5.2824247202367645e-08, 0.9802590087953209], [0.49731436506973103, 0.0038268148221989925, 0.483743918197389, 0.01511490191068102], [0.28172456836511317, 0.1486165372177581, 0.004233173072398628, 0.5654257213447301], [7.823750978797004e-06, 3.8107404149187934e-08, 0.05122955476594021, 0.9487625833756768], [0.8077372744031532, 7.345620289009909e-08, 1.8875024443635517e-06, 0.19226076463819947], [0.9293824821987344, 0.0020098681949081796, 0.0002946305771370322, 0.06831301902922052], [0.02385097425314196, 0.28155650784041464, 0.6478520725242405, 0.04674044538220291], [8.471267278487266e-05, 9.520743013981815e-07, 0.0012526055594166397, 0.9986617296934972], [0.9801385585735445, 5.18335427844742e-07, 6.917020850307172e-05, 0.019791752882524525], [0.0024081969957662017, 0.9974661882303, 1.950190927287254e-05, 0.00010611286466080823], [8.304572104348454e-05, 0.0020047227470522504, 1.3011121902745027e-05, 0.9978992204100016], [1.050066513471245e-06, 2.1035148145651798e-06, 5.141712890381326e-11, 0.9999968463672548], [0.054687806599170184, 0.9451230131416184, 3.42546513788594e-06, 0.00018575479407348077], [0.4351106353135172, 0.023755507039762352, 0.0016705036880174853, 0.539463353958703], [0.8253935745239345, 0.1511339219842517, 0.02347164982700303, 8.536648106002697e-07], [4.229710836301854e-07, 0.9634210871717165, 0.0004020492862171355, 0.03617644057098258], [0.04745699319050019, 0.6627725432463617, 0.0013235238900409629, 0.2884469396730973], [0.014678010636370406, 0.9852989309027346, 6.753995640999437e-10, 2.305778549543429e-05], [0.999816696769422, 0.00012941561082700217, 4.0518122629468185e-05, 1.3369497121653941e-05], [0.011054635834757442, 0.9398035744718896, 0.030165168759577168, 0.018976620933775924], [0.0007431666508533875, 0.9330520805067495, 1.5078970763995624e-05, 0.06618967387163296], [0.2537746262887059, 0.002837604029851768, 0.3274294709955609, 0.4159582986858813], [2.9078420015954774e-05, 0.06130896381621175, 1.506556278109199e-05, 0.9386468922009913], [2.3179601837166667e-05, 0.003161470328243329, 0.9966729883832984, 0.00014236168662126538], [0.03884184046800036, 1.051566535361665e-05, 0.00013976725693502212, 0.961007876609711]]}, "rewritten": {"ids": ["97106600", "97107040", "97107920", "97112290", "97118210", "98107380", "98108150", "98108410", "98109570", "98111620", "98111670", "98111860", "98119591", "99107660", "99108310", "99109161", "99109780", "99111000", "99112531", "99112840", "99121440", "100108080", "100108260", "100109330", "100109360", "100109890", "100115700", "101108080", "101108500", "101109000", "101112201", "101114990", "101115190", "102107961", "102108621", "102109850", "102110050", "102110690", "102113210", "103109021", "103110220", "103111110", "103111930", "103111990", "103112470", "103113260", "103117461", "104109311", "104111620", "104111711", "104113000", "104113190", "104113210", "104114410", "104116800", "105112130", "105113190", "105114220", "105115250", "105115680", "105116650", "105117431", "105118171", "105118740", "106113830", "106116120", "106116850", "106118301", "106119260", "107114140", "107114621", "107115140", "107115250", "107116300", "107119130", "107119390", "107120880", "107121540", "107121640", "108114360", "108115870", "108117451", "108120621", "109115070", "109115220", "109116441", "109116750", "109117431", "109117600", "109117630", "109118701", "109120150", "109120540", "110114720", "110114950", "110115250", "110115580", "110115890", "110116501", "110118121", "110118450", "110120190", "110120540", "110120700", "110121720", "111114321", "111115780", "111116040", "111116090", "111116100", "111116750", "111117480", "111118810", "111119150", "111119300", "111119340", "111119950", "111120531", "111120540", "112116451", "112117660", "112118530", "112118550", "112118860", "112118880", "112119610", "112119930", "112119980", "112120290", "112121030", "112121351", "112121430", "113118490", "113118820", "113118870", "113119360", "113120070", "113120531", "113121220", "113122120", "113122320", "113122430"], "labels": [3, 2, 0, 1, 2, 1, 0, 1, 1, 3, 1, 0, 1, 3, 2, 3, 2, 2, 3, 2, 2, 0, 3, 0, 0, 3, 1, 0, 3, 1, 0, 3, 1, 3, 3, 1, 3, 0, 3, 0, 2, 3, 3, 2, 1, 3, 0, 3, 0, 1, 1, 3, 3, 1, 1, 1, 3, 3, 2, 2, 1, 1, 3, 1, 1, 1, 3, 1, 1, 2, 0, 0, 2, 0, 1, 2, 1, 2, 1, 1, 3, 2, 1, 0, 3, 3, 0, 1, 1, 0, 3, 2, 1, 3, 0, 1, 1, 2, 3, 3, 0, 3, 1, 2, 3, 1, 1, 0, 3, 3, 3, 1, 0, 3, 1, 3, 0, 0, 1, 0, 0, 1, 3, 3, 1, 0, 1, 0, 1, 0, 0, 2, 1, 0, 0, 0, 2, 0, 3, 1, 1, 2], "predicted_labels": [0, 2, 0, 3, 0, 2, 3, 0, 3, 1, 3, 3, 1, 0, 3, 2, 1, 1, 1, 3, 2, 1, 1, 1, 3, 1, 0, 3, 0, 3, 1, 3, 2, 1, 0, 1, 1, 1, 0, 0, 3, 3, 0, 1, 0, 1, 0, 3, 3, 1, 0, 3, 1, 3, 3, 1, 3, 0, 1, 1, 3, 1, 1, 2, 0, 1, 0, 1, 0, 1, 1, 3, 3, 3, 3, 3, 1, 1, 3, 2, 0, 0, 0, 1, 3, 3, 0, 3, 0, 0, 0, 1, 3, 2, 0, 1, 0, 1, 1, 1, 1, 3, 0, 3, 0, 1, 0, 3, 0, 1, 3, 3, 0, 3, 3, 1, 3, 3, 0, 0, 3, 1, 0, 1, 0, 3, 3, 3, 0, 0, 0, 1, 0, 3, 1, 1, 0, 0, 3, 0, 1, 3], "confidence_scores": [[0.6966519476710186, 0.014509829251237267, 0.001033632546761201, 0.28780459053098306], [0.3124266880688461, 0.03461552087558951, 0.4233656631474501, 0.22959212790811423], [0.9500780978754865, 0.0016682430376675406, 1.382472737963998e-06, 0.0482522766141079], [0.0002770124864600737, 0.011229063819744388, 0.0005294164956893159, 0.9879645071981061], [0.9998176114463045, 5.902904349011085e-07, 4.358119508279499e-05, 0.00013821706817768455], [0.000525148765722045, 0.030375954953278606, 0.9668206959428467, 0.0022782003381526627], [0.00016696772723992994, 7.130104132183345e-06, 1.8632921337734215e-07, 0.9998257158394146], [0.7360071235654413, 0.2492742428896518, 6.729896564326615e-06, 0.01471190364834245], [4.6575154491522426e-05, 0.23844966924796926, 1.2749298578934942e-06, 0.7615024806676813], [0.013868141733112233, 0.8447649853432346, 0.043974238967331436, 0.09739263395632165], [0.00143621455269836, 0.11503030355998552, 0.012373917344880575, 0.8711595645424355], [0.03799179754522872, 0.09873335810086596, 0.1370126355994049, 0.7262622087545004], [0.010982721183432713, 0.9060384439429716, 0.004665451728797854, 0.07831338314479777], [0.9737580396961643, 1.3031788450951701e-05, 0.0031235271705730115, 0.02310540134481187], [0.0033023952751819875, 0.37901727021088094, 0.014209275961364029, 0.6034710585525731], [0.47221323282910127, 0.015086423539083245, 0.5125937661779825, 0.00010657745383301761], [8.749435902877492e-05, 0.999912110615067, 5.967383873347022e-08, 3.35352065435719e-07], [7.12838223803327e-05, 0.9972972348525295, 0.0007621324889413043, 0.001869348836149018], [0.006506637567526368, 0.9641251620249007, 1.7544708603335188e-09, 0.029368198653101824], [0.0005095909357144361, 2.5654797304288504e-05, 0.003731713849168723, 0.9957330404178126], [0.07901832645636107, 0.11917516982115293, 0.7286907165356262, 0.07311578718685988], [0.00011938758073282606, 0.8120223283204453, 2.7428648622193003e-05, 0.18783085545019962], [0.0004551162507058922, 0.8688998027113135, 0.0022323525454570553, 0.12841272849252347], [0.00250669792286388, 0.9776041643578931, 2.953103111465661e-07, 0.0198888424089318], [0.007495350459157398, 8.135263659464519e-07, 0.008455021437068333, 0.9840488145774083], [2.5140977471906703e-05, 0.99995777487576, 8.313666260459973e-07, 1.625278014198971e-05], [0.9846970146029539, 0.004000265892513763, 0.0015912646912639619, 0.009711454813268456], [0.02741302173526298, 2.7154546738155425e-05, 1.1444285266320032e-05, 0.9725483794327325], [0.9387604427699455, 0.047806398229144266, 0.01073883119937548, 0.002694327801534812], [0.03529847924452856, 0.049197598678900424, 0.002283652686104038, 0.913220269390467], [0.021249554770706156, 0.8134003211147799, 1.0984247369047545e-06, 0.16534902568977697], [0.00036780514227703517, 0.002405454598738674, 0.059313908149765095, 0.9379128321092192], [0.16937752779724627, 0.019128574795641166, 0.7603534275106374, 0.0511404698964752], [0.4075100653413214, 0.5919307570167471, 0.0002600912611598173, 0.00029908638077164366], [0.7143773398051272, 0.12111056406083656, 3.7943768883537004e-05, 0.1644741523651527], [0.0009777450515803907, 0.9987046729972895, 1.239874839739818e-05, 0.0003051832027328526], [0.000464157156686752, 0.45647087903221867, 0.09691336039277466, 0.44615160341831994], [0.018943247215193297, 0.7056738193019644, 6.689018273342929e-07, 0.27538226458101484], [0.550936735609701, 0.054385581457803554, 4.2374036509830415e-05, 0.3946353088959855], [0.9681569861831295, 0.00016556287987478077, 1.2337905031013583e-09, 0.03167744970320504], [0.0026658215148089364, 0.009412814664937635, 9.862138608052256e-06, 0.9879115016816454], [0.01913086845353578, 0.2248681953870042, 1.5114316493055834e-08, 0.7560009210451435], [0.4900550236001062, 0.030057904165199874, 2.2927308056239384e-06, 0.4798847795038883], [9.054379508497797e-07, 0.999999020610548, 7.35971499244467e-08, 3.54351178074706e-10], [0.9992086923002546, 9.417421054896613e-05, 0.0005372839688590242, 0.00015984952033744682], [0.0027354297915933947, 0.8597961519727602, 1.404068052031186e-06, 0.13746701416759444], [0.7325424880843951, 0.2667865069909016, 2.7507919795749806e-07, 0.000670729845505423], [0.010995924323084227, 3.121409904017648e-05, 2.7281549288531e-10, 0.98897286130506], [0.4448836839370821, 5.042577177332325e-07, 4.662621966615349e-09, 0.5551158071425781], [0.2556617372791624, 0.6946491667303312, 0.004130377638971892, 0.04555871835153451], [0.9994382658602524, 3.1104896421229054e-06, 6.9990802174085316e-09, 0.0005586166510255596], [0.0472711726729873, 0.007887989507376715, 0.0006568137902916727, 0.9441840240293442], [0.005556846434599577, 0.9943906712608791, 4.248926617524818e-07, 5.205741185953034e-05], [0.03170792044318253, 0.04103726158591897, 1.4054877844115454e-09, 0.9272548165654108], [0.03699867408280148, 0.10220449498098194, 7.164166463425688e-06, 0.8607896667697531], [1.839094616507025e-08, 0.999970639457458, 2.8627410561631915e-05, 7.147410342642508e-07], [0.03169353740183538, 4.2174048254157004e-05, 0.00013085460139915318, 0.9681334339485114], [0.5366705014611983, 0.45703198938562845, 8.134541463848263e-11, 0.006297509071827801], [0.05335578160607371, 0.7743377720205005, 9.516304955864921e-05, 0.17221128332386731], [1.7692934675306884e-05, 0.999910575445824, 2.1867449688391328e-07, 7.15129450037386e-05], [0.02079027734882185, 1.9078032761476674e-05, 0.00011976357866371434, 0.9790708810397528], [0.0765066318569976, 0.5769488813130539, 0.3426005772264061, 0.003943909603542493], [6.162770504126253e-05, 0.7526367012335835, 5.014235679085599e-11, 0.24730167101123274], [0.005575703717321911, 7.90548892180553e-06, 0.9907249361883277, 0.0036914546054286307], [0.6340226278015858, 0.3521240331094658, 5.785182210692411e-06, 0.013847553906737645], [0.0454113192134541, 0.6797506798526589, 3.7031914357985124e-05, 0.27480096901952905], [0.9937039604252844, 0.00628117238229425, 3.713721844079388e-07, 1.4495820237180739e-05], [0.14191165797537736, 0.8152057317030368, 2.1241461224880095e-10, 0.042882610109171326], [0.9999897245682099, 1.2568231523579524e-06, 1.2346662082760193e-06, 7.783942429417361e-06], [0.0577381883975728, 0.8936921722339455, 3.1554893030011214e-08, 0.04856960781358871], [0.0048681443294323464, 0.5743404715910625, 3.1165496582600893e-07, 0.4207910724245393], [3.661389294607181e-05, 0.00015931421401314962, 0.00045469764395110967, 0.9993493742490898], [0.008514767603300569, 0.011021665298557614, 1.3477796928502356e-06, 0.9804622193184489], [0.006779378054348092, 0.28319994494327827, 6.621939153288086e-08, 0.7100206107829821], [8.071984781140067e-06, 3.957562728857568e-06, 6.893571562282863e-06, 0.9999810768809277], [0.012095476615669265, 0.09562880270562597, 8.283281393901387e-06, 0.892267437397311], [1.320451057832716e-05, 0.7480824982490876, 0.00041738887302530286, 0.2514869083673089], [7.609657651531641e-05, 0.9999236314745881, 4.094810985585729e-10, 2.715394154741892e-07], [0.04508022023855264, 0.0003357576461434207, 6.303894262940052e-05, 0.9545209831726746], [0.00016792936667656418, 6.635830223119762e-05, 0.6183478095250861, 0.3814179028060061], [0.8662229934655927, 9.188785251328205e-05, 0.017627603607480925, 0.11605751507441316], [0.6778009282676964, 0.0009565796909942603, 2.499355023892451e-09, 0.32124248954195433], [0.79528549711451, 0.20289960526227818, 0.001682791264795442, 0.0001321063584162078], [5.666910169916981e-07, 0.9999957009720172, 2.8560563661385212e-08, 3.703776402156277e-06], [0.009655802353924929, 0.0428099526235752, 0.0005989553962151298, 0.9469352896262847], [0.418172054090705, 0.02004205254861252, 7.949965420628576e-08, 0.5617858138610283], [0.9938245279898124, 0.004269807857662532, 1.0281459722907706e-06, 0.0019046360065528764], [0.05025138500876181, 0.2610371255440103, 2.7885474001613558e-08, 0.6887114615617538], [0.5245462851798363, 0.00045750408167322235, 6.94323169376714e-05, 0.4749267784215529], [0.8099736558513094, 0.0024768239075053243, 8.23465308044161e-05, 0.1874671737103807], [0.9892611183916232, 0.005867134391219901, 3.507489075621181e-10, 0.004871746866408098], [0.03286690399013555, 0.8383302218751887, 0.10255782122861647, 0.026245052906059357], [1.5894599006033733e-05, 0.006883355058537786, 1.301281295956614e-06, 0.9930994490611602], [0.020154096991919817, 0.36459451887111066, 0.6152477564025488, 3.627734420665877e-06], [0.9192362212301084, 0.0027115879442086497, 2.701524220456991e-05, 0.07802517558347832], [3.862238970009127e-05, 0.9998715755381671, 9.901978016772645e-09, 8.979217015483583e-05], [0.7941668267058754, 0.005541140451642331, 0.002074028934204749, 0.1982180039082776], [4.274514325242908e-06, 0.9996304426775254, 7.810054871955474e-05, 0.00028718225942991573], [0.1820520218157197, 0.8051359902587569, 4.177194022330201e-08, 0.01281194615358338], [7.579221700799799e-05, 0.9979177718216887, 2.2903728382442736e-09, 0.002006433670930458], [0.010250549368526594, 0.9779262677643732, 0.0056736602768770366, 0.006149522590223211], [0.00014369735410544064, 0.00021319974100603807, 5.294211252361635e-10, 0.9996431023754673], [0.9669287281047309, 0.02584258447868845, 0.0006277366630954576, 0.006600950753485334], [0.014781405746235711, 0.0010876601388196134, 1.1266850691143549e-07, 0.9841308214464377], [0.9939035044805178, 0.005988395328759585, 1.0898132711012567e-05, 9.720205801147778e-05], [0.0003912885529496275, 0.9203620165060731, 0.0006161682954002324, 0.07863052664557714], [0.8887633689551332, 0.021258323965964252, 2.7187247282000988e-08, 0.0899782798916553], [0.0072153561947190074, 2.044409289580744e-06, 7.11194287045328e-05, 0.9927114799672868], [0.9807944209184013, 0.0006344504997130277, 5.647722032539938e-10, 0.01857112801711349], [0.11791912925591622, 0.6327014861379386, 1.6465957823262813e-08, 0.24937936814018727], [0.0007202275852874747, 9.823651587092911e-07, 6.29077109991018e-08, 0.999278727141843], [0.033252566018606766, 0.002198186756807924, 2.416822167487329e-06, 0.9645468304024178], [0.658897140151412, 0.015368579804506724, 1.2849902502321738e-10, 0.3257342799155824], [0.008283876050892168, 0.146264504437356, 4.397998224666863e-09, 0.8454516151137537], [0.0021664714893790404, 1.073135272483367e-06, 2.2169288757192527e-10, 0.9978324551536555], [1.0883745592503926e-05, 0.9997205366993982, 1.4686746044023544e-07, 0.00026843268754889735], [0.019218399570806385, 0.0050692085271885744, 2.6965443608143292e-05, 0.975685426458397], [0.010319308586927934, 0.4616936586283224, 4.332605532363927e-06, 0.5279827001792173], [0.9055819190302952, 0.06567008114515574, 0.026716287810863642, 0.002031712013685308], [0.8278288519909351, 0.15999704053155492, 3.3825215046979107e-07, 0.012173769225359551], [0.009927288676569695, 4.1317617379091615e-06, 1.973073747686225e-07, 0.9900683822543176], [0.028195288046075864, 0.960596001345452, 0.0033666826611244956, 0.007842027947347603], [0.9843555058787459, 0.015638456646900927, 5.559145295885227e-06, 4.783290574326802e-07], [0.00024640460969065195, 0.8529677029831436, 8.881959218852518e-07, 0.14678500421124382], [0.8691426051566147, 0.0011273011881297308, 0.000603867199343243, 0.12912622645591246], [7.628149527333814e-05, 6.19378439110275e-05, 2.904459644402115e-07, 0.9998614902148512], [0.02991429589272963, 0.20055934289247385, 0.0013910923960893415, 0.7681352688187072], [4.570067565300374e-06, 2.706502220194642e-08, 6.29800517979743e-08, 0.9999953398873608], [0.9817092231347672, 0.002857971688714941, 0.01534912463757407, 8.368053894372482e-05], [0.9880722354244585, 4.548386685639155e-05, 1.820848398826381e-08, 0.011882262500201288], [0.9979389700606129, 1.5769410684108514e-06, 3.4896033205891724e-08, 0.002059418102285477], [0.01611704548884142, 0.8020122559927132, 5.535371513712168e-06, 0.18186516314693166], [0.9152303754630577, 0.02134543140105196, 1.1506906381703739e-05, 0.06341268622950864], [0.007932723046456189, 0.013767265400075572, 2.0875859205730215e-07, 0.9782998027948762], [0.0002523075811870957, 0.8687336288859052, 1.4694367672031976e-06, 0.13101259409614066], [0.26731813008285604, 0.6844399575074998, 9.606290446736901e-08, 0.0482418163467397], [0.5994923288387075, 0.0032306658339104617, 0.21306016052605656, 0.18421684480132552], [0.9994352210195381, 0.0005489736309413445, 1.8291202830832241e-06, 1.3976229237527611e-05], [0.000651499435556124, 0.017158644608606735, 0.02188408707545478, 0.9603057688803824], [0.6630883238483917, 0.3325370382788698, 5.496637951994996e-07, 0.00437408820894331], [0.014376305293698753, 0.9845863186028061, 7.896247954107677e-06, 0.0010294798555410922], [7.247187716971231e-06, 7.811305409407265e-05, 2.036371379983318e-09, 0.9999146377218177]]}}