{"test": {"ids": ["106118301", "107114780", "108116501", "97114170", "106114280", "108115250", "99117630", "101116130", "113119480", "107118490", "105113620", "103117461", "110120700", "100113370", "98107010", "110117080", "102110750", "110114610", "112117431", "107120130", "98107410", "107114140", "108114200", "100116790", "112119950", "113118870", "99109840", "112120640", "98116940", "110115580", "101110200", "109119450", "103120340", "107113200", "102111990", "105114220", "103111170", "97116790", "110121450", "113120531", "107116501", "106116850", "99111440", "106119580", "109114270", "104113190", "107114621", "105112240", "103109791", "106116370", "112116540", "112118471", "110119891", "110121140", "110118930", "109116930", "105110091", "111119950", "97105960", "97107040", "112121030", "98107210", "98119591", "110118121", "99107630", "98106560", "99110730", "100110260", "111114941", "106113170", "112118550", "112120670", "113119950", "104111550", "105113440", "97106970", "102110690", "101119591", "112116501", "111117200", "109119591", "108121351", "105115570", "109121351", "103113260", "106113260", "111116010", "107118820", "111118810", "110115120", "97106000", "107113260", "111121410", "104114740", "105120280", "113118490", "110118740", "103113640", "112116610", "107120260", "111114321", "104113380", "104117200", "102121440", "109114651", "97107260", "110114321", "99111620", "113122150", "101111140", "106119260", "99108890", "99108080", "98116500", "100120010", "106114150", "98116090", "97106770", "105117200", "110118450", "110116290", "105118171", "103109641", "102113210", "112116990", "106117650", "100111080", "105113330", "100112060", "100108260", "107119130", "108116070", "108118291", "100108520", "100109360", "110113931", "105112260", "110114950", "99108000", "111121220", "109114720", "107113170"], "labels": [1, 2, 0, 2, 3, 1, 3, 2, 3, 2, 0, 0, 2, 3, 3, 1, 1, 1, 0, 2, 3, 2, 0, 2, 0, 0, 2, 0, 2, 1, 2, 3, 1, 0, 2, 3, 2, 2, 3, 0, 1, 3, 3, 3, 3, 3, 0, 1, 3, 2, 1, 1, 3, 3, 1, 0, 0, 0, 2, 2, 0, 1, 1, 3, 2, 1, 3, 3, 0, 0, 3, 2, 0, 1, 0, 2, 0, 0, 3, 0, 0, 3, 0, 0, 3, 3, 1, 3, 0, 0, 0, 0, 0, 2, 3, 1, 3, 1, 1, 1, 1, 1, 3, 2, 3, 2, 1, 3, 2, 2, 1, 0, 3, 2, 0, 1, 0, 3, 3, 0, 2, 3, 1, 3, 0, 1, 0, 3, 2, 3, 1, 1, 3, 2, 0, 1, 3, 0, 2, 3, 0, 0], "predicted_labels": [0, 1, 3, 3, 1, 1, 1, 3, 0, 1, 1, 1, 0, 1, 1, 3, 1, 1, 1, 1, 0, 1, 0, 1, 3, 3, 3, 0, 1, 0, 1, 3, 3, 0, 2, 0, 1, 1, 0, 1, 1, 3, 3, 1, 3, 1, 3, 1, 2, 0, 1, 1, 3, 0, 3, 2, 3, 3, 3, 1, 0, 3, 1, 3, 3, 3, 3, 0, 3, 1, 3, 2, 0, 1, 1, 3, 0, 0, 3, 3, 0, 3, 1, 3, 1, 1, 1, 3, 3, 1, 3, 1, 0, 1, 2, 0, 0, 0, 0, 1, 1, 2, 1, 1, 0, 2, 1, 3, 3, 0, 0, 1, 0, 3, 1, 1, 1, 2, 1, 1, 2, 1, 3, 3, 3, 1, 1, 0, 0, 0, 1, 2, 3, 3, 2, 1, 1, 3, 1, 0, 2, 3], "confidence_scores": [[0.7063600475467345, 0.17411092823077684, 0.010883430695680776, 0.10864559352680768], [0.03653835127497862, 0.6437820513203282, 0.07508834916441019, 0.24459124824028297], [0.14739086638879773, 0.2644340045392844, 0.03570528824350319, 0.5524698408284143], [0.0381616919082968, 0.1688394292257514, 0.1917882898203091, 0.6012105890456431], [0.21654005880361843, 0.4145291366851897, 0.013957431223096447, 0.3549733732880954], [0.1648348667158514, 0.2582150568759025, 0.3218233539978588, 0.2551267224103874], [0.36027839392074673, 0.3305317170300544, 0.08335284989938363, 0.225837039149815], [0.035207406051358865, 0.05695992776888588, 0.36153990993332186, 0.5462927562464335], [0.7126564513020998, 0.03851784651044159, 0.008336257647907333, 0.24048944453955146], [0.13088906021851202, 0.7336088027870704, 0.08959960154240178, 0.04590253545201573], [0.09030056169848057, 0.38453119540053887, 0.447063567131597, 0.07810467576938362], [0.22942548917410419, 0.3886745242821184, 0.11258350087765195, 0.2693164856661253], [0.5565672095651556, 0.13202578014830368, 0.08176217883063314, 0.22964483145590744], [0.00941441063437061, 0.5337419808427859, 0.09905439333860247, 0.3577892151842406], [0.1670572206413019, 0.5644223312945974, 0.06745417878119753, 0.20106626928290275], [0.03397485572911835, 0.31993232832064766, 0.05020126974016299, 0.5958915462100707], [0.015077957081200025, 0.6898134061496418, 0.29225566174098955, 0.0028529750281683446], [0.132962730533983, 0.31936705582144453, 0.4707606601719948, 0.0769095534725775], [0.2933570382323805, 0.38787751339168763, 0.07327803109584267, 0.245487417280089], [0.11243774240438492, 0.5700856518524626, 0.30338971418978933, 0.014086891553363037], [0.678630882435428, 0.041621752625461785, 0.09618578688342583, 0.18356157805568457], [0.043925243956995826, 0.8095122446506184, 0.026889156629334315, 0.11967335476305112], [0.8650800290916103, 0.04511747716536392, 0.02120534273314822, 0.06859715100987751], [0.15244554343208996, 0.45161513918903445, 0.11659215014697155, 0.2793471672319042], [0.3718600262643604, 0.11992085042746874, 0.008020983402491017, 0.5001981399056795], [0.04265880208514996, 0.2462932858890889, 0.028668127612841588, 0.6823797844129194], [0.01095656763464039, 0.31288743703413396, 0.35275868642958075, 0.3233973089016452], [0.30752120086579776, 0.21214102179192992, 0.26930716113025627, 0.21103061621201613], [0.13879656902217996, 0.6393025204134736, 0.19769932730661133, 0.024201583257735138], [0.4529521553233139, 0.02397496714710329, 0.39112488662665806, 0.1319479909029249], [0.00919288615044729, 0.9338729448696388, 0.01794648023524454, 0.038987688744669347], [0.014657007943739577, 0.1605538548130796, 0.24974103908598938, 0.5750480981571918], [0.023211815437325336, 0.35031360824013763, 0.053414025844287706, 0.5730605504782492], [0.781360475762571, 0.022447335065376745, 0.00843840932691291, 0.18775377984513913], [0.2490399144062234, 0.17115015731570477, 0.41737918810598634, 0.16243074017208553], [0.37415120952604, 0.328140225111386, 0.06817785374056004, 0.2295307116220139], [0.21977889519985125, 0.2844857674613683, 0.43540787996917946, 0.0603274573696008], [0.2372010735188162, 0.3262034489224205, 0.2720633862391994, 0.164532091319564], [0.4791150594924604, 0.2116360970028853, 0.01869534156630233, 0.2905535019383524], [0.0455602061148174, 0.4668336246407527, 0.23996478014004832, 0.24764138910438196], [0.21060646825653545, 0.48685765020453114, 0.045645396415107765, 0.2568904851238257], [0.15082395062757206, 0.15675590730223457, 0.30420946789945574, 0.3882106741707379], [0.3010110089076408, 0.13156226968039628, 0.13040890743392655, 0.4370178139780365], [0.22736736461073473, 0.5409727167406444, 0.09602655703590199, 0.13563336161271883], [0.2013401298937341, 0.06639576555744407, 0.36447769673908875, 0.36778640780973304], [0.34001153597176575, 0.47309424604712164, 0.055241083937411485, 0.13165313404370138], [0.1137810444152296, 0.10520765330742672, 0.011857187961100498, 0.7691541143162431], [0.3016381056377572, 0.44316855110720327, 0.1353875740602046, 0.11980576919483489], [0.08818232153246285, 0.05378501679139412, 0.681957106428681, 0.17607555524746196], [0.44362988682791804, 0.15236390294374016, 0.041482545579029764, 0.3625236646493121], [0.04887727399229041, 0.6936346288981259, 0.016076636676908486, 0.2414114604326752], [0.09560922318398324, 0.5517818688991174, 0.1076660083344854, 0.24494289958241441], [0.03891347538557752, 0.18885886973931632, 0.01879339310479633, 0.7534342617703103], [0.46506610385586356, 0.1764198340132439, 0.11468600783551039, 0.2438280542953822], [0.025685726584372574, 0.17620086040718747, 0.014806473493194252, 0.7833069395152455], [0.07574363891971078, 0.023223410455570477, 0.8046351760433967, 0.09639777458132205], [0.1283049371955941, 0.22768966644810154, 0.15512444532713493, 0.4888809510291695], [0.07692947871759477, 0.1943611521815138, 0.06494052049257505, 0.6637688486083164], [0.056985792274474964, 0.11004786944430275, 0.4191747205621466, 0.4137916177190756], [0.01564744906264331, 0.4486921377279452, 0.29529857143452365, 0.240361841774888], [0.9559064332076538, 0.0042365205174133376, 0.001892119207794464, 0.03796492706713846], [0.04729774604868905, 0.1642118629322261, 0.5149251689555053, 0.2735652220635795], [0.07787437622063983, 0.3151068789627135, 0.3445957257709651, 0.2624230190456818], [0.20894746546631882, 0.32454989160758474, 0.005902036079290767, 0.46060060684680554], [0.15770895805803517, 0.03714300883687588, 0.08882115500389998, 0.7163268781011888], [0.3697219362715662, 0.06991048086573594, 0.10113626095816777, 0.45923132190453003], [0.09887764246623906, 0.1512663034060073, 0.026719674267839354, 0.7231363798599142], [0.8598594241470039, 0.035554390026226325, 0.04247123207325179, 0.062114953753517804], [0.1717318500799709, 0.3214391683087266, 0.02797712269225194, 0.47885185891905074], [0.07172519964760785, 0.8702816060520249, 0.006982539593417867, 0.051010654706949383], [0.04081342118304771, 0.16336128702666963, 0.03229486862294244, 0.7635304231673404], [0.057710363544406, 0.16356759839915996, 0.6731927742361907, 0.10552926382024316], [0.5467672106865318, 0.23552331684227132, 0.011143704586170679, 0.20656576788502612], [0.07293187639664216, 0.6247305297677965, 0.2345168516712217, 0.06782074216433928], [0.11510812529284818, 0.5489496945135874, 0.1303016395988021, 0.2056405405947622], [0.11948662259137723, 0.20469334516531845, 0.22373076689151453, 0.4520892653517899], [0.4405140048315391, 0.23590995416652302, 0.010507714321414844, 0.3130683266805227], [0.7034218543100809, 0.021798442117600857, 0.0036174091329619308, 0.27116229443935636], [0.058437920186553374, 0.20967866688368197, 0.01789453971966944, 0.7139888732100951], [0.021803033921386637, 0.32116483894418557, 0.011930503870399106, 0.6451016232640286], [0.5693899566204547, 0.2925038407155518, 0.06566146032174852, 0.07244474234224495], [0.05706067253266985, 0.1643014540398928, 0.02365651917229971, 0.7549813542551379], [0.05008507511399441, 0.5231559049052167, 0.21178529649499586, 0.21497372348579283], [0.40296401683035066, 0.11615915464335759, 0.02241014382070122, 0.4584666847055905], [0.03319453145143719, 0.9108278069938383, 0.024898900796445946, 0.03107876075827866], [0.09891862404619982, 0.7219075347369672, 0.1239128195556791, 0.05526102166115363], [0.0038972433867808806, 0.6856513748628861, 0.2291052864499907, 0.08134609530034213], [0.24754368728199108, 0.33146183197667856, 0.022307626891648186, 0.39868685384968233], [0.1727091032456832, 0.2957709656658232, 0.0040771139627271994, 0.5274428171257661], [0.12018852823688457, 0.5196899784882458, 0.010824953191704928, 0.34929654008316485], [0.005599419202129326, 0.0968785891138612, 0.382811971788031, 0.5147100198959785], [0.04649190907449033, 0.4998169031952895, 0.33732510610991706, 0.11636608162030303], [0.6502053349119581, 0.2386821808604383, 0.01307394569033638, 0.09803853853726702], [0.07114826176133796, 0.4084179733314331, 0.450936324310655, 0.06949744059657395], [0.003189855065667339, 0.05898810986628879, 0.7757690422135001, 0.16205299285454364], [0.72722615771811, 0.11507489764522119, 0.03977011626458851, 0.11792882837208009], [0.6636674711619641, 0.015101815411562637, 0.020527249433775485, 0.3007034639926981], [0.9017155836885596, 0.01771066957442711, 0.003548969354303088, 0.07702477738271005], [0.6447319740889096, 0.21611401916204084, 0.05682376726128756, 0.08233023948776212], [0.5226248421771106, 0.4471872423267256, 0.010800259434341049, 0.019387656061822835], [0.0598244375248485, 0.6945863342526553, 0.20653972974126525, 0.03904949848123072], [0.030149210571831165, 0.19481907420196728, 0.6843761830704969, 0.0906555321557048], [0.166450623897203, 0.39965218587376916, 0.07101761240246875, 0.3628795778265595], [0.06157152270736179, 0.32377017356963067, 0.406181866255736, 0.20847643746727154], [0.8754787003044927, 0.01733101044748691, 0.00592183588297033, 0.1012684533650499], [0.0019581912027723603, 0.005264391392116946, 0.9145852234105409, 0.07819219399457006], [0.21469667479944787, 0.4589331124258449, 0.26083713199234776, 0.06553308078235934], [0.03116435069313702, 0.3053181788155532, 0.06965538086700665, 0.5938620896243033], [0.08493185242614229, 0.29637308871808365, 0.05957613289973506, 0.559118925956039], [0.48118976976431316, 0.082771651486364, 0.04925808409726789, 0.3867804946520553], [0.4311823377411025, 0.09745328722734159, 0.3517536341292934, 0.11961074090226244], [0.019094313407520155, 0.8227684619533868, 0.034068133389048134, 0.1240690912500446], [0.5026987535030124, 0.15542733038731063, 0.06029641402401231, 0.28157750208566473], [0.24372896365798463, 0.1682328849066028, 0.11171667697807552, 0.47632147445733697], [0.007539163564835666, 0.5893217758744111, 0.3744969914821364, 0.02864206907861671], [0.3531139207931973, 0.2704283366697893, 0.14301492216144449, 0.2334428203755688], [0.1441705786883014, 0.41321594241076065, 0.10704666997859208, 0.33556680892234564], [0.37830555089950935, 0.03274932766617161, 0.5661821264385444, 0.022762994995774347], [0.07448814810758549, 0.3545084327107184, 0.3721029847535136, 0.1989004344281822], [0.00898868844748807, 0.6759272292410353, 0.2533279779449284, 0.06175610436654825], [0.3145893864929048, 0.05428294479725383, 0.5231245693848217, 0.10800309932501995], [0.056985200085582076, 0.6239801495054305, 0.0045285170217693165, 0.31450613338721833], [0.01478827484329606, 0.11326196990104223, 0.2461261765406334, 0.6258235787150284], [0.13766240009847652, 0.20783359484334255, 0.13284095436175414, 0.5216630506964267], [0.4280158841710249, 0.018810702138740306, 0.03924619826934788, 0.5139272154208866], [0.17752036481326755, 0.4644505256469721, 0.14404256532001786, 0.2139865442197426], [0.038385048055136685, 0.7349593057533456, 0.16168291962647185, 0.06497272656504606], [0.679645875672604, 0.0062040177003094875, 0.008325881354569256, 0.30582422527251707], [0.3056859955400556, 0.23369136672190705, 0.2619918206268863, 0.198630817111151], [0.7736008338113287, 0.1272274379435641, 0.02485288752747142, 0.07431884071763571], [0.13777214612878957, 0.4404392367268333, 0.030540301255370793, 0.39124831588900655], [0.09453222810182113, 0.2884622959778202, 0.5716152493485932, 0.04539022657176534], [0.07115943350926009, 0.0135844232171953, 0.014331195400234888, 0.90092494787331], [0.06420507266165247, 0.05191699934120121, 0.08620167614107116, 0.7976762518560752], [0.057393865383404095, 0.04178164638132569, 0.6313529474006857, 0.26947154083458447], [0.04860902943453749, 0.8745580670176413, 0.01072527742263326, 0.06610762612518796], [0.27911522314551224, 0.5514257251093526, 0.016824459068188927, 0.15263459267694626], [0.4776557144331873, 0.07027974011856798, 0.012985983149099857, 0.4390785622991449], [0.007468532433647669, 0.6329734178358032, 0.1897399493619598, 0.169818100368589], [0.7056528467235755, 0.07414491767527978, 0.006247471280743395, 0.21395476432040136], [0.006752280324936529, 0.10990536408047116, 0.5869737069665355, 0.29636864862805695], [0.022042382497965567, 0.4385043681750517, 0.034149775866529807, 0.5053034734604528]]}, "rewritten": {"ids": ["97105960", "97106000", "97106770", "97106970", "97107040", "97107260", "97114170", "97116790", "98106560", "98107010", "98107210", "98107410", "98116090", "98116500", "98116940", "98119591", "99107630", "99108000", "99108080", "99108890", "99109840", "99110730", "99111440", "99111620", "99117630", "100108260", "100108520", "100109360", "100110260", "100111080", "100112060", "100113370", "100116790", "100120010", "101110200", "101111140", "101116130", "101119591", "102110690", "102110750", "102111990", "102113210", "102121440", "103109641", "103109791", "103111170", "103113260", "103113640", "103117461", "103120340", "104111550", "104113190", "104113380", "104114740", "104117200", "105110091", "105112240", "105112260", "105113330", "105113440", "105113620", "105114220", "105115570", "105117200", "105118171", "105120280", "106113170", "106113260", "106114150", "106114280", "106116370", "106116850", "106117650", "106118301", "106119260", "106119580", "107113170", "107113200", "107113260", "107114140", "107114621", "107114780", "107116501", "107118490", "107118820", "107119130", "107120130", "107120260", "108114200", "108115250", "108116070", "108116501", "108118291", "108121351", "109114270", "109114651", "109114720", "109116930", "109119450", "109119591", "109121351", "110113931", "110114321", "110114610", "110114950", "110115120", "110115580", "110116290", "110117080", "110118121", "110118450", "110118740", "110118930", "110119891", "110120700", "110121140", "110121450", "111114321", "111114941", "111116010", "111117200", "111118810", "111119950", "111121220", "111121410", "112116501", "112116540", "112116610", "112116990", "112117431", "112118471", "112118550", "112119950", "112120640", "112120670", "112121030", "113118490", "113118870", "113119480", "113119950", "113120531", "113122150"], "labels": [2, 0, 3, 2, 2, 2, 2, 2, 1, 3, 1, 3, 0, 2, 2, 1, 2, 2, 3, 0, 2, 3, 3, 3, 3, 3, 2, 0, 3, 0, 2, 3, 2, 0, 2, 2, 2, 0, 0, 1, 2, 3, 2, 1, 3, 2, 3, 1, 0, 1, 1, 3, 1, 2, 3, 0, 1, 3, 3, 0, 0, 3, 0, 3, 3, 3, 0, 3, 1, 3, 2, 3, 1, 1, 1, 3, 0, 0, 0, 2, 0, 2, 1, 2, 3, 1, 2, 1, 0, 1, 1, 0, 3, 3, 3, 3, 0, 0, 3, 0, 0, 1, 1, 1, 0, 0, 1, 2, 1, 3, 0, 3, 1, 3, 2, 3, 3, 1, 0, 1, 0, 0, 0, 3, 0, 3, 1, 1, 0, 0, 1, 3, 0, 0, 2, 0, 1, 0, 3, 0, 0, 2], "predicted_labels": [2, 3, 0, 3, 1, 2, 3, 0, 3, 1, 2, 0, 3, 3, 1, 3, 3, 1, 0, 1, 2, 3, 3, 3, 1, 0, 3, 3, 0, 1, 0, 1, 1, 1, 1, 0, 3, 0, 1, 1, 0, 3, 1, 3, 3, 2, 1, 0, 1, 1, 1, 1, 2, 1, 1, 3, 1, 1, 0, 1, 1, 1, 1, 1, 1, 2, 1, 1, 0, 3, 3, 2, 1, 0, 0, 1, 1, 0, 1, 1, 3, 1, 1, 1, 3, 3, 1, 0, 0, 1, 0, 3, 3, 3, 3, 0, 2, 2, 3, 0, 3, 1, 0, 1, 0, 1, 0, 2, 3, 1, 1, 0, 3, 3, 0, 0, 3, 1, 3, 1, 3, 1, 3, 0, 3, 3, 1, 0, 3, 1, 1, 3, 3, 0, 2, 0, 0, 3, 3, 3, 1, 3], "confidence_scores": [[0.07920243189339146, 0.13141819288476117, 0.6304044690207096, 0.1589749062011379], [0.0050226993002700435, 0.16251919631764175, 0.4786150117884785, 0.35384309259360974], [0.4273237747007758, 0.04054549755123109, 0.5113713170612822, 0.020759410686710552], [0.04167404073548203, 0.2160497375628344, 0.13325557646689332, 0.60902064523479], [0.013174198713642272, 0.401315474631553, 0.43010012196950703, 0.15541020468529784], [0.0021299922681748138, 0.005109084429564643, 0.9634182346166903, 0.02934268868557046], [0.03599768069521671, 0.11118104626852306, 0.13782233268556146, 0.7149989403506988], [0.46735615909317274, 0.1578985516524932, 0.05463307607436071, 0.3201122131799733], [0.29132082993789055, 0.13832828031960986, 0.2558979918295198, 0.31445289791297976], [0.0561119544110281, 0.7831569905263707, 0.049251853215309976, 0.11147920184729121], [0.2219887463012739, 0.05905942093446192, 0.609768414958221, 0.10918341780604314], [0.7078475096510645, 0.054720711824445406, 0.04558375209050105, 0.19184802643398938], [0.17143227430165908, 0.2592923711719103, 0.14727157285982823, 0.4220037816666026], [0.1866003505709392, 0.2959940130354208, 0.028509330474346197, 0.4888963059192939], [0.131854304277434, 0.7037390159460455, 0.09750817693523216, 0.06689850284128863], [0.1515858137360925, 0.15159069181372806, 0.3976441525066682, 0.2991793419435115], [0.11856612938472141, 0.049432845416929085, 0.07501896154027406, 0.7569820636580757], [0.02550729779730847, 0.6892919056726616, 0.11249130781390956, 0.1727094887161203], [0.5192045807357296, 0.14480728346258526, 0.034903420151383514, 0.30108471565030165], [0.027977185710067236, 0.7640191663916374, 0.04537065915828078, 0.1626329887400148], [0.002665563181805065, 0.16040549315157634, 0.6428818224327686, 0.19404712123385015], [0.01699189881711818, 0.2056822123447913, 0.09276874914439817, 0.6845571396936923], [0.4147865574611205, 0.1748574266433568, 0.057192410531118586, 0.3531636053644044], [0.05410129198096507, 0.4037850675395702, 0.028517796565729975, 0.5135958439137345], [0.3355184863578177, 0.26232305828378316, 0.11921710510076464, 0.2829413502576346], [0.7638141459967169, 0.12537043401292333, 0.016360522017089305, 0.09445489797327042], [0.035522239360007625, 0.06485635160770305, 0.06098637268300911, 0.8386350363492806], [0.0868811255142691, 0.07590298645593951, 0.42207501561849464, 0.4151408724112966], [0.8805144159037985, 0.03052983430336161, 0.014860170224052302, 0.07409557956878753], [0.028738539876382717, 0.6702724690033067, 0.16589353036383597, 0.1350954607564747], [0.5223032394982675, 0.181405696315464, 0.06575386641375054, 0.23053719777251822], [0.02035208571275952, 0.6597766802535096, 0.1196606862935935, 0.20021054774013758], [0.21329912428232517, 0.30790346746006836, 0.30852024316695015, 0.17027716509065655], [0.008444090877779002, 0.7855148345719166, 0.17733662013967408, 0.028704454410630364], [0.012701511748805109, 0.8822337287750498, 0.04909977823428043, 0.05596498124186443], [0.5610420332871042, 0.10980940877329183, 0.05965018658701147, 0.2694983713525928], [0.18776575567927906, 0.05590093417448748, 0.21081875812137985, 0.5455145520248535], [0.5144407405118473, 0.14096080556787535, 0.0066047042510005, 0.33799374966927725], [0.3889712542383166, 0.2843209889155437, 0.027842399356276238, 0.2988653574898635], [0.012457040163215244, 0.7340672513201978, 0.24832087885777873, 0.005154829658808257], [0.5381763917115537, 0.29112988070745865, 0.051949011203181274, 0.11874471637780672], [0.14602215060832174, 0.27364344033768667, 0.09996649710682418, 0.4803679119471678], [0.06061583136925225, 0.4201072672334884, 0.358701386271014, 0.16057551512624516], [0.03602759426690826, 0.20316105424226324, 0.22331645408732723, 0.5374948974035009], [0.12107079326941157, 0.057227362712876005, 0.4979534471810114, 0.323748396836701], [0.20012102945345614, 0.2790663253232236, 0.4547304417430969, 0.06608220348022333], [0.19375968529929774, 0.5951066523477336, 0.0176227770915516, 0.19351088526141696], [0.9178164391504852, 0.021972031258683907, 0.001408439533153314, 0.058803090057677705], [0.04314067798853971, 0.4808815988676192, 0.12643026542455757, 0.34954745771928336], [0.012398901167384986, 0.518025102799546, 0.25105194736135095, 0.21852404867171793], [0.05357565857317155, 0.7767772055752811, 0.15008716546695638, 0.019559970384591136], [0.45206444253237127, 0.39615178599837586, 0.08502519760809682, 0.06675857386115581], [0.04047447496847505, 0.17694199259341364, 0.6508405557309868, 0.1317429767071247], [0.05759302650389609, 0.5267084082670632, 0.3778275164217465, 0.0378710488072941], [0.27448234611509786, 0.29541131085648165, 0.10626819086380057, 0.3238381521646198], [0.1454934996037891, 0.21444585198510427, 0.07146515568435417, 0.5685954927267527], [0.02431968293067717, 0.8936527659621362, 0.02828325931846177, 0.053744291788724606], [0.20791497912735607, 0.5922231873978512, 0.05335311316052894, 0.14650872031426362], [0.7639261409745206, 0.00626102404251564, 0.0237385161024851, 0.20607431888047872], [0.16566360343709988, 0.4096560653087422, 0.022822272077720245, 0.40185805917643785], [0.18640744592929817, 0.48240887782634545, 0.17444707870773385, 0.15673659753662228], [0.3213856500262922, 0.2734968174491441, 0.05985306540424073, 0.34526446712032305], [0.0725395790725282, 0.4552271537120351, 0.21001180780055884, 0.2622214594148778], [0.1710266179279368, 0.32203281305130876, 0.2534347872196569, 0.25350578180109756], [0.1282659578631138, 0.6438640147526535, 0.018873628355538147, 0.20899639902869432], [0.0062034485498928555, 0.10863016378926163, 0.6925939411195816, 0.1925724465412637], [0.17837142273095968, 0.7281206925886806, 0.008747746694826294, 0.08476013798553346], [0.203934564547425, 0.662686250263249, 0.05277401437660932, 0.08060517081271674], [0.6533763640345905, 0.12297377104008336, 0.057095795748812905, 0.1665540691765128], [0.07906489973786884, 0.3444932040192415, 0.051340216462940305, 0.5251016797799491], [0.2549007727704768, 0.185923566126788, 0.058543061423543964, 0.5006325996791914], [0.12015731538894689, 0.09768894163056295, 0.4860046136359834, 0.2961491293445067], [0.08506335133780192, 0.568791965587721, 0.12507670128167983, 0.22106798179279746], [0.6563914284146286, 0.11305095420627877, 0.02661458660257978, 0.2039430307765127], [0.48366709090981097, 0.2991547996004077, 0.08412437966294233, 0.13305372982683938], [0.16167041722372563, 0.5298419915607653, 0.10762741986215733, 0.20086017135335169], [0.1011901747732586, 0.4380498882698432, 0.06856868077075796, 0.3921912561861404], [0.7453401692451902, 0.05407341015319566, 0.0183977734093877, 0.18218864719222644], [0.14575755285317452, 0.4761613214119283, 0.1427693801434506, 0.2353117455914466], [0.055631856212053174, 0.7860246914356732, 0.06519467645392633, 0.09314877589834765], [0.21077623318753716, 0.04387564881546582, 0.002913336886464759, 0.7424347811105322], [0.031315251242159545, 0.46225707814877587, 0.12083541895530418, 0.3855922516537604], [0.339489591932719, 0.3335512792640093, 0.018201859995376855, 0.3087572688078949], [0.23347049010307613, 0.6146107617475574, 0.07121025277492764, 0.0807084953744386], [0.19620200524500123, 0.23271430328927792, 0.024296343034667323, 0.5467873484310534], [0.22249045785694932, 0.3129974373566361, 0.024339189478104567, 0.44017291530831004], [0.22369197852062933, 0.32995999474396154, 0.3683060721925248, 0.0780419545428843], [0.6465885944312203, 0.3023605937137499, 0.03900665439345071, 0.012044157461579321], [0.6319612765846784, 0.20856492755746195, 0.06033656118891468, 0.0991372346689449], [0.12326819092967442, 0.2661585204732116, 0.3440648534358939, 0.2665084351612201], [0.4291942532536308, 0.24127591331183404, 0.08643097493001446, 0.24309885850452093], [0.2621478121898355, 0.15796095686963968, 0.05295594924889532, 0.5269352816916295], [0.37815529454040453, 0.10091523456079153, 0.014915590208467526, 0.5060138806903364], [0.21874808911067786, 0.24894714675144397, 0.02778164233673682, 0.5045231218011412], [0.44897195561035463, 0.03763128538022406, 0.02756936036716021, 0.48582739864226115], [0.7580385343007797, 0.023464801809012694, 0.00466689873714582, 0.21382976515306173], [0.00841431562861942, 0.05882177072019365, 0.8738821349379355, 0.05888177871325159], [0.2005472792954239, 0.026849646570462647, 0.5924509421793589, 0.18015213195475444], [0.021318940278641906, 0.21526996462996978, 0.2060019549688138, 0.5574091401225745], [0.5246916053534436, 0.1878416572661829, 0.08746866276520286, 0.1999980746151709], [0.15178328220648343, 0.35059764472120697, 0.08333985475234545, 0.4142792183199644], [0.027302296380386337, 0.8420245256000843, 0.018181123559882474, 0.11249205445964698], [0.502985444121079, 0.33357058041216936, 0.06694373095828397, 0.09650024450846759], [0.0832896857252162, 0.5028045449756006, 0.29879977833609644, 0.11510599096308664], [0.45951941679871944, 0.15238841271941783, 0.025878923675175046, 0.3622132468066874], [0.0844601273348078, 0.45635826252266365, 0.018619682531855235, 0.44056192761067325], [0.5048534719111567, 0.058139742850510504, 0.20866237942373175, 0.22834440581460105], [0.3032681087532713, 0.04641519121080708, 0.5991018085413344, 0.05121489149458716], [0.06950303211539921, 0.13484378971148392, 0.05599820754505491, 0.7396549706280621], [0.15612704217209714, 0.5500000659926939, 0.006879091460137049, 0.28699380037507227], [0.009191648394836464, 0.49806033319747245, 0.43081468757696695, 0.06193333083072414], [0.5846515764680664, 0.03626800703531663, 0.05175488825813634, 0.32732552823848127], [0.06813500723417922, 0.19252621934171604, 0.017121635485107006, 0.722217137938998], [0.08686090183344779, 0.19917823870425963, 0.02210093577219756, 0.6918599236900947], [0.7262811986507939, 0.15981243719969584, 0.07608274637880302, 0.037823617770706856], [0.6554439656614315, 0.07046700975686608, 0.22897582839067537, 0.04511319619102671], [0.2907334748304263, 0.2893352654538967, 0.013567604258305927, 0.40636365545737085], [0.15820065435359318, 0.7227566545033919, 0.045922100345639504, 0.07312059079737535], [0.2156703959716529, 0.19455652307318558, 0.04382217571186263, 0.545950905243299], [0.006672259565497379, 0.6565188479962354, 0.2314175972293475, 0.10539129520891967], [0.026839255340861935, 0.3256434283490705, 0.027674897220400046, 0.6198424190896674], [0.04416192105413122, 0.6841060408405446, 0.005723791166697194, 0.2660082469386272], [0.06796463390461602, 0.1954250365012355, 0.12425999871018754, 0.6123503308839608], [0.6150561012932492, 0.04696790181542224, 0.0031148671281528615, 0.3348611297631758], [0.36341051226191445, 0.08120552510500466, 0.17695944014410936, 0.37842452248897174], [0.02189000387317038, 0.24843922630778018, 0.036552680826572974, 0.6931180889924766], [0.09091816558651594, 0.4814453325491438, 0.03082305842651405, 0.3968134434378262], [0.5827583433188105, 0.26676695614372664, 0.062924768404725, 0.08754993213273796], [0.1750710272882905, 0.057010184877611746, 0.05838020212307052, 0.7095385857110275], [0.41690065509919466, 0.34486480967438726, 0.08774311773515968, 0.1504914174912586], [0.07680674474623561, 0.6412470556713801, 0.07700157980674341, 0.20494461977564016], [0.08430849938544845, 0.26024177172352925, 0.06526091234390943, 0.590188816547113], [0.2896270063212203, 0.04534986199275337, 0.008851784560538364, 0.6561713471254879], [0.4536762484822145, 0.12728165572491715, 0.1652895481560217, 0.25375254763684635], [0.040410046078642584, 0.10750965109755545, 0.8045729829155396, 0.04750731990826243], [0.8824299212961568, 0.0030902840113874058, 0.013389093227982487, 0.10109070146447294], [0.4709108725308141, 0.13399146686379962, 0.0790835745296145, 0.316014086075772], [0.027064937909942275, 0.18299887368727236, 0.047469555234637036, 0.742466633168148], [0.36887712383166604, 0.12127715368854673, 0.008103461174595924, 0.5017422613051916], [0.36149993231397265, 0.172311905584553, 0.0033601545260285473, 0.4628280075754457], [0.168899249981859, 0.4277455354846149, 0.08370992631809866, 0.3196452882154273], [0.14267145246361262, 0.29004896193702434, 0.13442392738628106, 0.4328556582130819]]}}