{"test": {"ids": ["108114200", "111120320", "99108000", "103113640", "112121351", "102113350", "107116501", "101108121", "103110100", "98112300", "100109360", "110114321", "105117200", "105111990", "103111990", "108115570", "107114950", "110114651", "100112060", "112119950", "103117200", "102109840", "107114321", "104113170", "111115780", "105114220", "107117630", "98108970", "102108621", "109117271", "98111670", "113120751", "101112160", "99108520", "106119580", "113122120", "97107920", "97106970", "104113380", "107121230", "97105960", "107113360", "99108460", "109120150", "102112170", "102110050", "105112130", "108115970", "109115380", "112119450", "108120260", "102110750", "109121351", "103113210", "110114950", "110121450", "98108150", "113122650", "111120280", "107121640", "103120290", "108115500", "103110220", "99116500", "112117431", "111115620", "113120531", "113119360", "104113000", "98111860", "97111790", "110114920", "98108520", "109119340", "105121190", "103113270", "113120601", "101110200", "99121440", "111117200", "105112240", "113117630", "106117790", "109118161", "99107560", "113120070", "106116850", "105115570", "104118070", "102112301", "102110500", "113117340", "105118230", "105117351", "103111110", "102118380", "108121410", "97106770", "99112840", "109119460", "112117580", "99109840", "113122510", "112118581", "108116070", "102110890", "101109000", "99109370", "99120010", "102116500", "113118511", "98109570", "106118161", "107119130", "101114020", "106113260", "105118740", "109119010", "103113610", "109116750", "98112170", "97110950", "105113480", "100108520", "103112641", "112118550", "112116810", "106120290", "113119480", "107113840", "111116110", "105116090", "104110960", "112120290", "112121010", "108114360", "109117150", "105110091", "113120540", "102121440", "99112300", "103111540"], "labels": [0, 1, 2, 1, 0, 3, 1, 0, 1, 2, 0, 1, 3, 2, 2, 3, 3, 3, 2, 0, 0, 2, 0, 3, 1, 3, 0, 3, 3, 0, 1, 1, 3, 2, 3, 1, 0, 2, 1, 0, 2, 0, 0, 2, 3, 3, 1, 2, 3, 3, 1, 1, 0, 3, 0, 3, 0, 2, 0, 1, 2, 3, 2, 2, 0, 1, 0, 0, 1, 0, 2, 3, 2, 3, 2, 2, 2, 2, 2, 0, 1, 0, 1, 0, 1, 2, 3, 0, 2, 1, 3, 2, 1, 0, 3, 1, 0, 3, 2, 1, 0, 2, 2, 1, 1, 0, 1, 1, 2, 1, 1, 1, 3, 1, 3, 3, 1, 3, 2, 0, 3, 3, 0, 2, 3, 3, 3, 2, 3, 3, 3, 1, 2, 1, 2, 1, 2, 0, 3, 2, 0, 1], "predicted_labels": [0, 0, 1, 0, 1, 2, 3, 3, 1, 3, 0, 3, 0, 3, 1, 3, 1, 3, 2, 1, 3, 1, 1, 1, 1, 1, 3, 1, 3, 1, 1, 2, 1, 1, 1, 1, 0, 0, 1, 3, 3, 1, 0, 2, 1, 1, 3, 3, 2, 3, 0, 1, 3, 3, 1, 0, 1, 1, 3, 3, 0, 3, 3, 1, 0, 1, 0, 3, 1, 1, 3, 1, 0, 3, 1, 3, 1, 3, 1, 1, 3, 3, 1, 3, 1, 2, 1, 1, 2, 3, 0, 1, 1, 3, 3, 1, 0, 0, 3, 1, 3, 3, 1, 1, 3, 2, 3, 1, 1, 0, 3, 3, 1, 1, 3, 1, 3, 1, 1, 1, 0, 3, 3, 1, 0, 3, 1, 1, 0, 1, 3, 1, 1, 0, 0, 1, 1, 1, 3, 3, 1, 0], "confidence_scores": [[0.41821454153514065, 0.1310573814442581, 0.09851747377507562, 0.3522106032455257], [0.4900558513961729, 0.21688143255511952, 0.09180310319155728, 0.20125961285715027], [0.1358542850101375, 0.366937977379166, 0.21797403924816303, 0.2792336983625336], [0.6633832579381406, 0.11806690191984962, 0.06991427629679382, 0.14863556384521595], [0.170083517676114, 0.3495621788350043, 0.1478669624146294, 0.33248734107425215], [0.27439512107293473, 0.209785693653119, 0.34067748545947185, 0.17514169981447444], [0.18470362967349652, 0.3160567124599094, 0.16160504423831823, 0.3376346136282759], [0.19314162947088717, 0.32506819473141674, 0.15442666931391075, 0.3273635064837852], [0.20874662420121548, 0.3900006207240397, 0.23564805850643092, 0.16560469656831392], [0.2955366972565903, 0.21575791141248987, 0.1629563807398204, 0.32574901059109923], [0.3315629942654339, 0.18868951412036764, 0.26128727965620263, 0.21846021195799567], [0.17215137879140302, 0.2610998715331867, 0.12188808150926683, 0.4448606681661435], [0.3218301120033631, 0.28153184293849737, 0.16507128392761516, 0.23156676113052455], [0.17012910446422536, 0.24103965581041883, 0.06762130843928826, 0.5212099312860675], [0.1825458243621978, 0.3919556721140146, 0.14008098927101176, 0.2854175142527759], [0.23854377262822554, 0.22635652473903145, 0.20468495595973527, 0.3304147466730078], [0.12010443190118002, 0.3506435273256907, 0.22216315402402298, 0.3070888867491064], [0.2944258199595221, 0.19228553508931862, 0.10069463774113714, 0.4125940072100221], [0.21531079112737295, 0.2735611361609732, 0.32961040014331416, 0.1815176725683397], [0.21546752964083324, 0.41570790507081595, 0.08192724270313514, 0.2868973225852156], [0.19350381253239288, 0.24194775910204247, 0.08723452834148727, 0.4773139000240773], [0.1284159352502923, 0.47908137298161024, 0.1323663982174917, 0.26013629355060575], [0.31056600725778305, 0.3470852015679675, 0.13777660382568793, 0.20457218734856156], [0.2327632516900078, 0.356322211251467, 0.09745349908929386, 0.31346103796923136], [0.10935407089405699, 0.7039415546672358, 0.08261298988025036, 0.10409138455845683], [0.3089048041674251, 0.3746701305973043, 0.15527225312437656, 0.16115281211089408], [0.2000897041148199, 0.2812219720885369, 0.17484180367872504, 0.34384652011791816], [0.22429309403666609, 0.3481942629910455, 0.1972587687087352, 0.23025387426355312], [0.2842104879420991, 0.2957850291052419, 0.0797766635614801, 0.3402278193911791], [0.22297564194091382, 0.34597120074175025, 0.16240669544645803, 0.2686464618708778], [0.1574265771798225, 0.339730916349365, 0.20194123083582585, 0.30090127563498664], [0.12602004971947153, 0.2877976333107925, 0.34216353031149416, 0.24401878665824178], [0.16645281707457343, 0.3441229055006903, 0.19191289867005046, 0.29751137875468564], [0.2422351017661647, 0.2699117767702193, 0.24950122552642479, 0.23835189593719108], [0.18490858790653925, 0.3890775891770744, 0.19430379169935227, 0.23171003121703396], [0.18470818341375464, 0.45565623019426493, 0.2407896477710268, 0.11884593862095379], [0.4551290847177972, 0.16828445062376085, 0.07652605836048382, 0.3000604062979581], [0.313477342687636, 0.23570134646353166, 0.2575970317415865, 0.19322427910724577], [0.2447136118306669, 0.4622113620277609, 0.13017188553115214, 0.1629031406104201], [0.17321468773059254, 0.2116872169266721, 0.1822035554010158, 0.43289453994171967], [0.1396450136895925, 0.19799281037075206, 0.3181111545763015, 0.3442510213633539], [0.18199798245094825, 0.29963982992123833, 0.2579942844917429, 0.26036790313607056], [0.4037195555138607, 0.19749962008964164, 0.13865007831667625, 0.26013074607982134], [0.11376105701223345, 0.24459185370153896, 0.43700961898235224, 0.20463747030387533], [0.23168210741345172, 0.3392695450591304, 0.17310094124620892, 0.255947406281209], [0.1784507110322375, 0.5318500624546092, 0.1320088125854216, 0.1576904139277317], [0.1516197045739194, 0.34949805229965886, 0.11012504565428492, 0.3887571974721369], [0.17529164703589015, 0.2905602107012543, 0.15374095251473302, 0.38040718974812254], [0.09485107339333998, 0.13504745708094862, 0.3921022289102908, 0.3779992406154205], [0.27462242663321773, 0.1937059902678129, 0.10799065831732597, 0.4236809247816435], [0.7211542353793164, 0.09150114786307975, 0.050159079480037734, 0.13718553727756616], [0.2121096778829119, 0.4838551866320909, 0.18378092852879385, 0.12025420695620338], [0.24846142568327803, 0.30686493982460167, 0.1283626837306366, 0.31631095076148374], [0.3130294177871643, 0.22022400045823734, 0.12274694517323034, 0.343999636581368], [0.1549297491404586, 0.3855338392750272, 0.21713522943340474, 0.2424011821511095], [0.3554916729905107, 0.18905724440576158, 0.10758287515602402, 0.34786820744770375], [0.18676496446495808, 0.405552558928486, 0.20298994567889997, 0.2046925309276558], [0.22847339477649325, 0.34414521034437134, 0.18886157186904273, 0.2385198230100927], [0.2708715484728563, 0.25940101510924685, 0.13815496409705505, 0.33157247232084186], [0.2939553853822749, 0.25542444905962064, 0.15661199260189973, 0.2940081729562047], [0.4244764815379238, 0.1903775152510354, 0.2538579311600688, 0.13128807205097218], [0.21046355096781075, 0.28827459175496717, 0.15527057725011084, 0.34599128002711127], [0.18978062460809056, 0.26587598477453384, 0.1450375739863898, 0.3993058166309857], [0.1538994969786706, 0.3425365699490347, 0.22779727974526678, 0.2757666533270279], [0.28119628565627336, 0.25733976704621314, 0.19378602293604133, 0.26767792436147214], [0.2729245043032096, 0.30849577336482714, 0.1972334434860358, 0.22134627884592756], [0.32134389260619517, 0.28442847793217696, 0.13618917929561722, 0.2580384501660106], [0.21491191842004154, 0.19837191206199134, 0.11940025909956335, 0.46731591041840387], [0.2529390952474274, 0.29496534156872795, 0.18920994759046547, 0.2628856155933791], [0.1449002344511827, 0.40842995707168356, 0.28516407770742896, 0.16150573076970481], [0.18812343766712708, 0.2326197132593648, 0.24857913041504545, 0.33067771865846257], [0.17841920170245668, 0.5845556039504519, 0.06234244759794757, 0.17468274674914377], [0.41742963890482926, 0.18498584675698926, 0.0974228391465088, 0.30016167519167286], [0.27356085030495264, 0.2695117577206687, 0.17378928307880906, 0.2831381088955696], [0.11207483817264483, 0.5902198179766708, 0.1381662110927697, 0.15953913275791456], [0.21751022530722094, 0.25837828461591855, 0.1602777375439488, 0.3638337525329117], [0.24320256475978258, 0.41073683454037796, 0.11700625323046604, 0.2290543474693736], [0.2077319738881864, 0.31006030482614344, 0.15139927514508944, 0.33080844614058075], [0.33735337777956137, 0.3533853904178643, 0.10601975465592291, 0.20324147714665128], [0.2027716896480441, 0.33283083063263463, 0.14329788437483731, 0.3210995953444841], [0.16171320561240293, 0.3002549795313047, 0.12229175172965641, 0.4157400631266359], [0.12942908548106125, 0.25517117964384833, 0.06837935100013617, 0.5470203838749543], [0.148641129933269, 0.4119072324336942, 0.20948223162232482, 0.22996940601071195], [0.186027214219114, 0.27907386321984323, 0.12543894965407365, 0.40945997290696917], [0.23366709820944573, 0.4439988618521176, 0.1439894958090641, 0.1783445441293725], [0.18693614816668203, 0.2420064075818677, 0.28815362987909254, 0.2829038143723578], [0.25287804800167774, 0.3928777652456522, 0.12352276227441707, 0.23072142447825308], [0.2887069306494763, 0.30681922544235374, 0.22484489120025047, 0.1796289527079196], [0.1861674479938274, 0.23107809358037765, 0.39333149928962774, 0.1894229591361673], [0.21900755450014822, 0.20899022092806405, 0.2053336225973838, 0.366668601974404], [0.34100784146926627, 0.16394792038722403, 0.23540159908463, 0.2596426390588798], [0.21383773300373538, 0.3335008358680775, 0.12528720057473705, 0.32737423055345016], [0.1222898761661292, 0.4690270052723816, 0.1752304302618746, 0.23345268829961474], [0.291549699311393, 0.28910369092764476, 0.10283405221720908, 0.3165125575437531], [0.1768704854100654, 0.22974207160890336, 0.11213709739382464, 0.48125034558720664], [0.2861621125685089, 0.33821883657329105, 0.14123188140105014, 0.23438716945714985], [0.4517809929617582, 0.2601700566834919, 0.13618077699416128, 0.1518681733605885], [0.37744697831008617, 0.2509473855648087, 0.22357193509338902, 0.1480337010317162], [0.20012033295494944, 0.29783040361742175, 0.13280979143199706, 0.3692394719956318], [0.1605941846689795, 0.41225500781662205, 0.22756377408232037, 0.19958703343207815], [0.1714914627866681, 0.22184540986472173, 0.14559531749472665, 0.46106780985388346], [0.20270620593774524, 0.2263141700090041, 0.15361555378471498, 0.4173640702685356], [0.13906633459192064, 0.43843972649759305, 0.12001444809598981, 0.3024794908144966], [0.1653840420415968, 0.3082248870173134, 0.22349781791343834, 0.3028932530276515], [0.2426922013573866, 0.2414594472290289, 0.19247988774870503, 0.3233684636648794], [0.1957948712459999, 0.25514418757863216, 0.28034950639560374, 0.2687114347797642], [0.23487902869894225, 0.2609050356309094, 0.08977973768977787, 0.41443619798037057], [0.1818749754007879, 0.420095800239818, 0.12379771094596115, 0.27423151341343294], [0.16278654848671606, 0.33652842067571714, 0.21190337413989327, 0.2887816566976737], [0.3518070708716679, 0.264498888395392, 0.2112589187667495, 0.17243512196619057], [0.15891978092027684, 0.30584230127321604, 0.1790527945098623, 0.3561851232966448], [0.2716477278482425, 0.13717128251193683, 0.06797602907747047, 0.5232049605623502], [0.10968437921439378, 0.63959772087034, 0.09385151217810715, 0.1568663877371592], [0.11551903558211452, 0.357079284104739, 0.27974905244151604, 0.2476526278716305], [0.2130055443690764, 0.20178238368592316, 0.2699666103411934, 0.3152454616038071], [0.2427759224476898, 0.41324523523801693, 0.07669249511807913, 0.26728634719621425], [0.16000615371975915, 0.20538066046019138, 0.30778891361856314, 0.3268242722014863], [0.22275125561673897, 0.4030389695241212, 0.12807557290483892, 0.246134201954301], [0.08817006244883202, 0.41857658766593026, 0.404352470271739, 0.08890087961349871], [0.11266485471617438, 0.4856008232666282, 0.20064136578395844, 0.201092956233239], [0.49581081903393676, 0.2878099752206466, 0.0854915242493529, 0.1308876814960636], [0.23989373595838664, 0.28180892960962006, 0.10379827497111324, 0.37449905946087986], [0.13977614812723624, 0.3474533125326679, 0.051808550809351976, 0.46096198853074394], [0.26975756870138445, 0.3148132179482256, 0.1169119075625963, 0.2985173057877938], [0.39842436883612675, 0.22477659576205286, 0.10449116473351722, 0.2723078706683033], [0.12547883365203213, 0.2621222918803392, 0.0973553429085988, 0.5150435315590299], [0.23144037586446836, 0.2976302674128957, 0.2396600308747414, 0.2312693258478947], [0.1431695981343744, 0.3850522651953489, 0.15206589480080188, 0.3197122418694748], [0.3024846888864362, 0.2695118993771078, 0.20597821598924926, 0.22202519574720678], [0.12143655181571408, 0.4175058645180704, 0.14058539364283376, 0.3204721900233819], [0.08513599289073125, 0.24079850378471251, 0.12841016739959638, 0.5456553359249599], [0.2607986687164836, 0.32585363790700156, 0.24232109244584227, 0.17102660093067268], [0.24307033899867314, 0.2771862766391881, 0.2114512401013104, 0.2682921442608284], [0.34005033181977723, 0.26565953225867395, 0.16418366788081276, 0.23010646804073615], [0.2955947836150589, 0.24469188533153513, 0.21018928240853965, 0.2495240486448665], [0.14538482677904768, 0.3037756404071395, 0.2987101778911121, 0.2521293549227008], [0.28295876965349326, 0.3137841772360408, 0.190732557338862, 0.21252449577160398], [0.14350134261334402, 0.40366165829657186, 0.16438106528710728, 0.2884559338029768], [0.2501704605036468, 0.18946288468250438, 0.07787952299280146, 0.48248713182104735], [0.29119156924920836, 0.18601271765000724, 0.07927596971402344, 0.4435197433867609], [0.12007395625860613, 0.43320678365179227, 0.30348230692835426, 0.1432369531612474], [0.3274540264463591, 0.32003055457242846, 0.14082208770497318, 0.21169333127623924]]}, "rewritten": {"ids": ["97105960", "97106770", "97106970", "97107920", "97110950", "97111790", "98108150", "98108520", "98108970", "98109570", "98111670", "98111860", "98112170", "98112300", "99107560", "99108000", "99108460", "99108520", "99109370", "99109840", "99112300", "99112840", "99116500", "99120010", "99121440", "100108520", "100109360", "100112060", "101108121", "101109000", "101110200", "101112160", "101114020", "102108621", "102109840", "102110050", "102110500", "102110750", "102110890", "102112170", "102112301", "102113350", "102116500", "102118380", "102121440", "103110100", "103110220", "103111110", "103111540", "103111990", "103112641", "103113210", "103113270", "103113610", "103113640", "103117200", "103120290", "104110960", "104113000", "104113170", "104113380", "104118070", "105110091", "105111990", "105112130", "105112240", "105113480", "105114220", "105115570", "105116090", "105117200", "105117351", "105118230", "105118740", "105121190", "106113260", "106116850", "106117790", "106118161", "106119580", "106120290", "107113360", "107113840", "107114321", "107114950", "107116501", "107117630", "107119130", "107121230", "107121640", "108114200", "108114360", "108115500", "108115570", "108115970", "108116070", "108120260", "108121410", "109115380", "109116750", "109117150", "109117271", "109118161", "109119010", "109119340", "109119460", "109120150", "109121351", "110114321", "110114651", "110114920", "110114950", "110121450", "111115620", "111115780", "111116110", "111117200", "111120280", "111120320", "112116810", "112117431", "112117580", "112118550", "112118581", "112119450", "112119950", "112120290", "112121010", "112121351", "113117340", "113117630", "113118511", "113119360", "113119480", "113120070", "113120531", "113120540", "113120601", "113120751", "113122120", "113122510", "113122650"], "labels": [2, 3, 2, 0, 3, 2, 0, 2, 3, 1, 1, 0, 3, 2, 1, 2, 0, 2, 1, 2, 0, 2, 2, 2, 2, 2, 0, 2, 0, 1, 2, 3, 3, 3, 2, 3, 3, 1, 0, 3, 1, 3, 1, 1, 2, 1, 2, 3, 1, 2, 3, 3, 2, 2, 1, 0, 2, 2, 1, 3, 1, 2, 0, 2, 1, 1, 0, 3, 0, 1, 3, 0, 1, 1, 2, 3, 3, 1, 3, 3, 2, 0, 3, 0, 3, 1, 0, 1, 0, 1, 0, 1, 3, 3, 2, 1, 1, 0, 3, 0, 2, 0, 0, 3, 3, 1, 2, 0, 1, 3, 3, 0, 3, 1, 1, 3, 0, 0, 1, 3, 0, 0, 3, 1, 3, 0, 1, 2, 0, 2, 0, 1, 0, 3, 2, 0, 3, 2, 1, 1, 2, 2], "predicted_labels": [2, 2, 3, 0, 1, 3, 1, 0, 3, 3, 1, 1, 0, 2, 1, 1, 3, 1, 1, 3, 1, 1, 2, 1, 1, 1, 0, 2, 3, 3, 1, 2, 3, 0, 1, 0, 0, 1, 3, 3, 2, 0, 0, 0, 3, 0, 1, 3, 1, 1, 0, 0, 3, 1, 0, 3, 2, 3, 3, 3, 1, 1, 1, 3, 1, 3, 1, 1, 0, 2, 3, 0, 1, 0, 1, 0, 1, 1, 1, 0, 1, 0, 1, 0, 1, 3, 1, 0, 2, 2, 0, 2, 1, 0, 1, 1, 3, 0, 2, 1, 0, 0, 3, 3, 0, 1, 2, 3, 3, 3, 1, 0, 3, 1, 1, 1, 1, 3, 0, 0, 2, 0, 1, 2, 3, 3, 0, 1, 1, 3, 3, 2, 3, 0, 1, 1, 3, 3, 3, 1, 0, 2], "confidence_scores": [[0.07646657019838958, 0.1482328112908177, 0.6368237506069538, 0.1384768679038389], [0.2464375643679662, 0.2645436537968883, 0.2964021782966683, 0.19261660353847707], [0.22967638719907008, 0.28731261376906614, 0.19383654768890157, 0.28917445134296227], [0.48766433683561866, 0.09036608888863504, 0.08530654565623556, 0.33666302861951086], [0.29111570269765086, 0.45454058848955187, 0.10220604674973968, 0.15213766206305745], [0.15719102701359539, 0.1646837005074193, 0.19060306501079197, 0.48752220746819325], [0.12364807222395227, 0.4430385358242766, 0.2608882157823533, 0.17242517616941785], [0.3467991416775295, 0.25983469583328156, 0.17893522718595015, 0.21443093530323892], [0.25856368248582096, 0.2434236364511846, 0.13683282831645685, 0.3611798527465376], [0.2662973720769072, 0.12083526049714004, 0.05266426760475151, 0.5602030998212013], [0.15921728435575902, 0.3376281701639934, 0.2477878182798499, 0.25536672720039777], [0.11240305057167901, 0.5396624010671273, 0.19370316120926206, 0.15423138715193171], [0.43217774747652477, 0.2927539999800202, 0.070451403073129, 0.20461684947032605], [0.13732856215060657, 0.26342986743874414, 0.36764238354370893, 0.2315991868669404], [0.26997210702402413, 0.27731820578980637, 0.1907548584472868, 0.26195482873888276], [0.14456735906783938, 0.34593236227224866, 0.18728980096467, 0.32221047769524186], [0.22637283378297018, 0.210784396441076, 0.1707955651744647, 0.392047204601489], [0.27742366232927496, 0.2913950445537342, 0.14929020802703533, 0.28189108508995553], [0.22598421068142435, 0.3934414492086368, 0.12508101755052697, 0.255493322559412], [0.27484311075339596, 0.18871403806784837, 0.18499732150698958, 0.3514455296717662], [0.1221933999474774, 0.46545856919762024, 0.19491206949914494, 0.2174359613557575], [0.17391870444757376, 0.37735376573628704, 0.14460972174870665, 0.3041178080674325], [0.17707179107109253, 0.20147538736659001, 0.31737958957310175, 0.30407323198921565], [0.18093042679570817, 0.314056356087143, 0.20289907774462645, 0.30211413937252235], [0.29955385425761283, 0.5179711876348422, 0.09456962289915417, 0.08790533520839082], [0.24279984182858447, 0.3035771453363141, 0.18459673120635775, 0.2690262816287434], [0.37855812998391813, 0.22567757375095227, 0.15896915818070748, 0.23679513808442207], [0.19457885360051227, 0.27520363040483675, 0.33217260128940695, 0.1980449147052441], [0.2571459622640123, 0.24897364501839964, 0.207182492360984, 0.28669790035660414], [0.22012271140245607, 0.19408759177865545, 0.1195926589471464, 0.46619703787174205], [0.2059178679995637, 0.36724649476079324, 0.15844357928496683, 0.2683920579546764], [0.20460105350141147, 0.2695848187970413, 0.27863811872309624, 0.24717600897845093], [0.21595896865782727, 0.20756688428286435, 0.2700500714909796, 0.30642407556832874], [0.3310593316243298, 0.24208893642761692, 0.10606891281294069, 0.32078281913511253], [0.14738091711056492, 0.4332882477147725, 0.17630732818240633, 0.2430235069922563], [0.2967919947775173, 0.23666104544947092, 0.25517400333423285, 0.21137295643877904], [0.2592556304688565, 0.2252605091844163, 0.2565311086288708, 0.2589527517178563], [0.22355219917990574, 0.5117494853244325, 0.16188782450739123, 0.10281049098827053], [0.24132521668567594, 0.2238032179367716, 0.11115542607049235, 0.42371613930706015], [0.2502010521988541, 0.2632431435727626, 0.09626157107527211, 0.3902942331531112], [0.20205826753705813, 0.2931492163903732, 0.33202701544043917, 0.17276550063212937], [0.31132739572525053, 0.24388141381100317, 0.26690258030727876, 0.1778886101564676], [0.5144074015345796, 0.17692592812032001, 0.15857392790225547, 0.15009274244284482], [0.35481710325147686, 0.2321524950009294, 0.22418721964973026, 0.1888431820978636], [0.2291162384588543, 0.19802649290177704, 0.08593526984469724, 0.48692199879467135], [0.36022701084471, 0.3067482989189378, 0.1820138152390565, 0.15101087499729576], [0.08897607667023784, 0.44204915637528125, 0.15317891329551, 0.315795853658971], [0.20514012457680939, 0.215804026838292, 0.05905063716994165, 0.5200052114149569], [0.20528887996591852, 0.40731874693404113, 0.174183866809306, 0.21320850629073448], [0.2694988593138011, 0.36692278756886004, 0.14160541066864735, 0.22197294244869165], [0.3689823194425284, 0.24731250191721846, 0.16940093101953482, 0.21430424762071826], [0.3538539232722264, 0.12211346752131612, 0.2675562197232901, 0.25647638948316714], [0.2093959795461861, 0.22582733805865945, 0.2202324956044395, 0.34454418679071497], [0.1661377201426503, 0.3813653263540881, 0.3542079103161238, 0.09828904318713767], [0.7087332874220433, 0.08438401775654436, 0.061240158798921356, 0.14564253602249086], [0.2355425614408474, 0.21629800807299104, 0.10632888417326596, 0.4418305463128957], [0.31106298906704827, 0.12871850364042456, 0.4711176603771271, 0.08910084691540006], [0.24712603098885508, 0.24445542728912556, 0.19011963917784194, 0.31829890254417736], [0.24703818810461936, 0.2615621119162326, 0.2103102173089883, 0.2810894826701598], [0.19356264450557104, 0.3408437711729201, 0.11716973192712103, 0.3484238523943879], [0.31503855985782386, 0.3863343230655729, 0.12440430272504262, 0.17422281435156067], [0.18530433731704415, 0.32703714665086264, 0.2003983379269003, 0.287260178105193], [0.15755785530084096, 0.4513347047554486, 0.1490299151729397, 0.2420775247707707], [0.3398660492341337, 0.16219621456949382, 0.061098981973401106, 0.4368387542229713], [0.2189883786662342, 0.3879504712135999, 0.07425038669080068, 0.31881076342936526], [0.19601090506439864, 0.3489966539395512, 0.09339868523866231, 0.3615937557573878], [0.14719614946541473, 0.5362387364287854, 0.05705189984317679, 0.259513214262623], [0.3311648398713219, 0.3829527004372562, 0.1516847870876229, 0.13419767260379897], [0.34990270134003226, 0.26218127090784366, 0.25466132809988795, 0.13325469965223605], [0.228673232611401, 0.26099941285370387, 0.2898902048847355, 0.22043714965015965], [0.2822641895576854, 0.17154503999572637, 0.10660817294359498, 0.4395825975029931], [0.3205427307353461, 0.3064066780653356, 0.15544778955271374, 0.21760280164660437], [0.10477926555523745, 0.606948915429081, 0.10583520721763265, 0.18243661179804896], [0.30220471733133447, 0.194025751320895, 0.24934639939303802, 0.2544231319547327], [0.12627476220317996, 0.4861925166680857, 0.1736456971453427, 0.2138870239833917], [0.3587275447402893, 0.28066932099074277, 0.09604460879785479, 0.2645585254711131], [0.2646176088298475, 0.2998669323511332, 0.16069796490861568, 0.2748174939104037], [0.14015759991387958, 0.40733689492813985, 0.2815986460813319, 0.17090685907664882], [0.21432234263377656, 0.48785243328965766, 0.09915464057871197, 0.19867058349785388], [0.32348871018132397, 0.23667372100442377, 0.2621799436425829, 0.17765762517166941], [0.17404363673032955, 0.41467187435676595, 0.19526742499271713, 0.21601706392018735], [0.30835495049158446, 0.28617271253784576, 0.19963442908415652, 0.20583790788641332], [0.1647946024200334, 0.35171029913419505, 0.15648294059738402, 0.32701215784838755], [0.3806570794599515, 0.21451388297086715, 0.2097358901364799, 0.1950931474327016], [0.17098281327145504, 0.41327693083804695, 0.22406160906522646, 0.19167864682527155], [0.14943576995074168, 0.3232719652069557, 0.17458055137033415, 0.3527117134719684], [0.1767964222228786, 0.4773027719534402, 0.10737909973777865, 0.23852170608590262], [0.32064756528700666, 0.26424924926159726, 0.11518012287455069, 0.29992306257684537], [0.17063076151150194, 0.15418846601127667, 0.36664142106687564, 0.3085393514103459], [0.268400674120854, 0.1495129897182043, 0.4093039607160139, 0.17278237544492797], [0.5425108218306018, 0.12486827245852782, 0.09386504309567814, 0.2387558626151921], [0.23398572943021598, 0.23597082911050785, 0.3352415068267374, 0.19480193463253867], [0.17455500000138738, 0.35021748428482197, 0.13718417825702944, 0.33804333745676135], [0.281635860835594, 0.2803003162818737, 0.17219687503313938, 0.26586694784939274], [0.13357311476440395, 0.4625068919507205, 0.13580695503626958, 0.268113038248606], [0.28275233588291787, 0.30585207915495555, 0.25151700595917365, 0.15987857900295321], [0.29466078647358307, 0.2352529043946853, 0.17480821378310618, 0.29527809534862554], [0.6688811219835573, 0.13844043889801888, 0.10029946527417356, 0.0923789738442502], [0.10947382816787408, 0.13195752392177124, 0.44225971497978217, 0.3163089329305726], [0.16762874627578306, 0.5083334086592195, 0.17893060388351134, 0.14510724118148613], [0.451133996709773, 0.25612720641770537, 0.12319576765292396, 0.16954302921959777], [0.3745370531598918, 0.20260181549716458, 0.1591634053372073, 0.2636977260057363], [0.16520990300254756, 0.3073184783907731, 0.13599286344208605, 0.39147875516459335], [0.16357047198717742, 0.2957597217639332, 0.13411161506296093, 0.40655819118592845], [0.35811626486896725, 0.15582793477180643, 0.3149726895807715, 0.17108311077845487], [0.1263017574923512, 0.3694695609741969, 0.24436282214506613, 0.2598658593883859], [0.1158622890466806, 0.29630090812620946, 0.42692852017485605, 0.16090828265225396], [0.29081804378647796, 0.2568818896905809, 0.14128632704269747, 0.31101373948024374], [0.3007896715620803, 0.2240529669350567, 0.09710071761189999, 0.378056643890963], [0.251228939326975, 0.2070086758249955, 0.08230318677511908, 0.45945919807291047], [0.22257872198219553, 0.3476430800740815, 0.12387798122148133, 0.30590021672224177], [0.2991499035671955, 0.2840033628551928, 0.175364994692548, 0.24148173888506377], [0.3077378857488331, 0.19804085281617323, 0.14123778335626325, 0.3529834780787306], [0.29954604454225053, 0.45142835263323067, 0.09807429503114377, 0.15095130779337515], [0.09282324037506452, 0.7032506998080691, 0.0911251765364126, 0.112800883280454], [0.10230033814433254, 0.366918658906413, 0.20149878945394123, 0.32928221349531317], [0.19886950386241725, 0.4617769226760386, 0.10960958410763913, 0.22974398935390505], [0.2774194799737994, 0.2655254487817563, 0.13442780230102674, 0.32262726894341764], [0.4889129643489577, 0.19825687886589577, 0.10965108705266612, 0.2031790697324803], [0.37657312732788956, 0.18221873200019148, 0.2715276634743541, 0.169680477197565], [0.2028367336178055, 0.24311590550456494, 0.2917734799778467, 0.262273880899783], [0.396380901987351, 0.27510396419494504, 0.10503209411129256, 0.22348303970641142], [0.24007730431820518, 0.3588356806769316, 0.143963790926851, 0.2571232240780122], [0.167187300985701, 0.23993670440640077, 0.3113525318831151, 0.28152346272478296], [0.17580303447565385, 0.21751411736305054, 0.12518311201946902, 0.4814997361418266], [0.29384915212582696, 0.23003627518160338, 0.1209189709301846, 0.3551956017623852], [0.3334523740696815, 0.1792873365083497, 0.23373346978785667, 0.25352681963411233], [0.2775867822454236, 0.2884262370637071, 0.16420869794234516, 0.2697782827485241], [0.2560486176335345, 0.4330779071793192, 0.10769106142293908, 0.2031824137642072], [0.24106206153856388, 0.2974806733993347, 0.15044479147705608, 0.31101247358504536], [0.12099122275518846, 0.2802056044933885, 0.0853590723495208, 0.5134441004019022], [0.23578701773489202, 0.20479016741443568, 0.3594147044534388, 0.2000081103972335], [0.19136473145061106, 0.24552111487825642, 0.11943748368288543, 0.4436766699882471], [0.3418704165302646, 0.25385705784939083, 0.15670010788702796, 0.24757241773331662], [0.1741847377086749, 0.33171282622969, 0.16520275409266302, 0.32889968196897196], [0.26697013965519806, 0.3319591281289449, 0.16739630428661856, 0.2336744279292386], [0.22315823265045379, 0.22143218836535983, 0.09843869213343916, 0.4569708868507472], [0.19707602813977373, 0.3066063455755622, 0.1172617089788033, 0.3790559173058606], [0.06419383363493916, 0.11591215860066469, 0.2336514242244834, 0.5862425835399128], [0.2002893212441661, 0.38933499327612664, 0.2621204719271872, 0.14825521355252008], [0.41778123703681064, 0.27927674690317983, 0.09575505473069428, 0.20718696132931524], [0.25198350722193497, 0.1849885564265134, 0.34400991090113725, 0.21901802545041418]]}}