{"test": {"ids": ["100111080", "99112641", "103111480", "101113210", "104111550", "110118181", "112117571", "112121410", "112116810", "99112840", "113121980", "101111990", "108117720", "108116070", "101116130", "99110730", "98112580", "101110150", "110115890", "105116501", "112118530", "105118171", "112116501", "108115250", "105116441", "101110200", "110117140", "105119550", "103113270", "113120601", "97105960", "109117110", "100110260", "98107380", "104111830", "104114230", "112119980", "111115770", "105117200", "99117740", "99109740", "107114321", "102110500", "113121220", "104111531", "110116170", "103120290", "102112301", "110115250", "110115980", "107114780", "107118120", "104114740", "106116820", "112116401", "108117451", "103120340", "100109311", "107120260", "99107660", "102109910", "110118701", "108118291", "98108970", "111116750", "100112060", "105116090", "107120130", "104113380", "97112290", "100111390", "112119500", "106117790", "97113900", "113121010", "100116500", "105110091", "104111380", "111116640", "107116980", "110114720", "102121440", "113119450", "112119610", "102111990", "113118620", "102110690", "112118421", "109117600", "99109141", "106116441", "98121790", "107118780", "106116370", "98108150", "107119130", "99107300", "111120320", "103111110", "109116930", "106121190", "111116290", "107114950", "107120880", "113121190", "106115240", "109119460", "113119360", "113118231", "108115880", "113120751", "110116290", "97112830", "104117200", "112117461", "99111000", "98116500", "99114890", "113122190", "106112770", "112118820", "111120591", "102110050", "100120780", "111119150", "111119580", "104113240", "98112300", "111121930", "109121351", "108120060", "107118490", "105116860", "98106560", "102117351", "105115380", "101108290", "108120700", "112120630", "104113170", "111121410", "98111670"], "labels": [0, 1, 0, 3, 1, 1, 3, 0, 3, 2, 2, 2, 1, 1, 2, 3, 2, 1, 2, 1, 1, 3, 3, 1, 1, 2, 3, 1, 2, 2, 2, 1, 3, 1, 3, 2, 0, 3, 3, 2, 3, 0, 3, 3, 0, 0, 2, 1, 1, 1, 2, 3, 2, 1, 0, 2, 1, 1, 1, 3, 2, 3, 3, 3, 3, 2, 1, 2, 1, 1, 2, 2, 1, 2, 2, 2, 0, 3, 0, 3, 3, 2, 3, 0, 2, 3, 0, 3, 1, 3, 0, 2, 1, 2, 0, 1, 3, 1, 3, 0, 2, 2, 3, 1, 1, 1, 1, 0, 3, 3, 1, 2, 2, 3, 0, 2, 2, 2, 1, 1, 0, 1, 3, 1, 3, 3, 2, 2, 1, 0, 1, 2, 2, 1, 1, 1, 0, 2, 3, 3, 0, 1], "predicted_labels": [3, 2, 0, 0, 3, 0, 3, 1, 0, 3, 0, 3, 3, 1, 1, 2, 3, 1, 1, 0, 3, 0, 3, 3, 1, 3, 0, 1, 3, 1, 2, 3, 3, 3, 3, 3, 0, 3, 1, 3, 1, 0, 0, 0, 0, 1, 0, 3, 3, 0, 1, 1, 0, 0, 3, 0, 3, 0, 3, 0, 0, 1, 3, 1, 3, 3, 0, 1, 3, 2, 3, 1, 3, 3, 1, 1, 0, 0, 1, 1, 3, 0, 0, 3, 0, 3, 0, 3, 0, 0, 0, 1, 3, 1, 0, 1, 0, 3, 0, 0, 1, 0, 0, 3, 0, 0, 1, 3, 3, 3, 3, 3, 3, 3, 1, 1, 0, 0, 0, 3, 3, 0, 0, 0, 3, 0, 3, 0, 3, 0, 0, 1, 0, 2, 3, 3, 3, 0, 3, 0, 1, 1], "confidence_scores": [[0.2012539432082976, 0.3038020979868374, 0.14274459171019674, 0.3521993670946683], [0.23166698162218924, 0.22054080145856586, 0.3519814274897335, 0.19581078942951147], [0.3525848326443133, 0.22291928417799245, 0.08824432338619696, 0.3362515597914973], [0.33328686241797395, 0.31534782271949274, 0.10536180391908945, 0.24600351094344394], [0.2604123110969668, 0.24134245613912686, 0.11533628052436337, 0.382908952239543], [0.32636680283987834, 0.2750948120545884, 0.10433263490113087, 0.29420575020440237], [0.38280468789539124, 0.14690253232251826, 0.06189868250123292, 0.40839409728085757], [0.23296126099295653, 0.3773080084985388, 0.17990392587121282, 0.20982680463729192], [0.39383859970174545, 0.2646696672000127, 0.11748119165551038, 0.22401054144273144], [0.2911068754001429, 0.18141551880329476, 0.18305371963801284, 0.34442388615854963], [0.33993143079623583, 0.32555648505279117, 0.0787002805734521, 0.2558118035775209], [0.15673399575207234, 0.26551836935042744, 0.2613352318421255, 0.3164124030553747], [0.3392471279732904, 0.14880495556509454, 0.0885512153315711, 0.42339670113004424], [0.1651124611558612, 0.41573655084751804, 0.1376159674170631, 0.28153502057955765], [0.1623573527873479, 0.31607423925066974, 0.24574899573731027, 0.2758194122246722], [0.08742282885002867, 0.14164981690227638, 0.5665050107841093, 0.20442234346358584], [0.2076974510535072, 0.2620304956653822, 0.16458857644003405, 0.36568347684107644], [0.24946789074557757, 0.30127773692904625, 0.15062641957990539, 0.2986279527454708], [0.16075266216722198, 0.5463688775922887, 0.16277750040862252, 0.13010095983186698], [0.4158474297424319, 0.20304532508398465, 0.16040047692792656, 0.2207067682456568], [0.2070665625987846, 0.316907399203238, 0.1127953989853982, 0.36323063921257925], [0.359614091509288, 0.2667980779495872, 0.07080941187749082, 0.30277841866363414], [0.23729308881373645, 0.24456684811643578, 0.15088005770454008, 0.3672600053652878], [0.27240702892832314, 0.2286894472269929, 0.12313120987854198, 0.37577231396614197], [0.11989063319335759, 0.41295864159488327, 0.24045806367272612, 0.2266926615390331], [0.20517067291015267, 0.24950009833055437, 0.1241841469040611, 0.4211450818552319], [0.375289689668014, 0.19141881046088, 0.10867077193878653, 0.32462072793231955], [0.2861249540825663, 0.31376577995342525, 0.12106375882616381, 0.2790455071378448], [0.14182911822765348, 0.13827694211733482, 0.17686593241943446, 0.5430280072355774], [0.23240931038658158, 0.3390213648472674, 0.23045501718703373, 0.1981143075791173], [0.20228598464364958, 0.17452105237810753, 0.46228109344231877, 0.1609118695359243], [0.20559185156385262, 0.3246801022251135, 0.1033736869781714, 0.3663543592328626], [0.29100262758403844, 0.26315262955579766, 0.1332754414939575, 0.31256930136620636], [0.2913396163592425, 0.17982104800335208, 0.22305906615911916, 0.30578026947828635], [0.16660358920730406, 0.317035844723985, 0.10109338561334245, 0.41526718045536853], [0.2990182081932075, 0.236125893247238, 0.1394467320719644, 0.3254091664875903], [0.37193068005574115, 0.24656191680083664, 0.1238128480607165, 0.2576945550827058], [0.22590092777657672, 0.31482044698288175, 0.13599568868053932, 0.32328293656000223], [0.27466176993606567, 0.31564262043186875, 0.13450198970394373, 0.2751936199281219], [0.3313616986315887, 0.21890110783377636, 0.09444761440363536, 0.3552895791309996], [0.3019261716087339, 0.30971070418773494, 0.1631795293815877, 0.22518359482194353], [0.32979846657573375, 0.20668632271628137, 0.14724058011039529, 0.31627463059758953], [0.5278594907957679, 0.1778563151513024, 0.11078600113907791, 0.18349819291385172], [0.33057336028168266, 0.31570673685003825, 0.10104524526400673, 0.25267465760427243], [0.30499895583167175, 0.2516950674466023, 0.1517329539289398, 0.291573022792786], [0.3025992519058953, 0.38907418165176066, 0.09666625511867191, 0.211660311323672], [0.48226274779993233, 0.1562713578595322, 0.13472756810580305, 0.22673832623473245], [0.2686819745021095, 0.21280681031869975, 0.21309252061543935, 0.3054186945637514], [0.23416945101671646, 0.2551671155862067, 0.21650468998854025, 0.2941587434085367], [0.4121398417007895, 0.20413420479408104, 0.13752503409560443, 0.24620091940952507], [0.2890359474278835, 0.3382674469495641, 0.13179098938535555, 0.2409056162371966], [0.2559749357399645, 0.3636626335752351, 0.11760223768322285, 0.2627601930015777], [0.3600826076398908, 0.3343398230144845, 0.12779403823559343, 0.17778353111003134], [0.42670928780511147, 0.1855465127924229, 0.1265993164064706, 0.2611448829959949], [0.18985035455485455, 0.12849719664272966, 0.08175062219324065, 0.5999018266091752], [0.3464022808904236, 0.25380800235964884, 0.10299168855014328, 0.2967980281997842], [0.23425564357237724, 0.26532097252036185, 0.21277415419686269, 0.2876492297103981], [0.3708057874608599, 0.3446290274375112, 0.10363948136232805, 0.18092570373930084], [0.14146382868340948, 0.322925300191022, 0.07494702620924681, 0.46066384491632173], [0.3918181378378529, 0.1758173926129128, 0.09110660282276523, 0.3412578667264691], [0.3706579214729662, 0.24914783500229035, 0.1978380109892624, 0.18235623253548122], [0.25798994386280966, 0.36611369807273136, 0.1091921667226241, 0.266704191341835], [0.3002964740729865, 0.2754830266234831, 0.10008623996777007, 0.3241342593357603], [0.2251730024163712, 0.35240368352357954, 0.1157589356660038, 0.30666437839404553], [0.2375583320864587, 0.16860590933159858, 0.09513816642362725, 0.49869759215831544], [0.29392752922501925, 0.2592563368762809, 0.14260773644727417, 0.30420839745142564], [0.31802939121456286, 0.2772001545242498, 0.12267576175612321, 0.282094692505064], [0.2789058949449954, 0.35563835352306833, 0.16161472961326667, 0.2038410219186697], [0.23380903935309463, 0.20011687378219903, 0.09765957283535966, 0.46841451402934653], [0.3048993497725532, 0.1565399508208728, 0.39372570076103963, 0.14483499864553434], [0.2019265590826982, 0.2794575188616142, 0.15096098660902255, 0.36765493544666505], [0.17678305886255796, 0.33695401026522553, 0.19269084545648898, 0.2935720854157275], [0.2548821132496325, 0.2139898670821398, 0.10080801567151687, 0.4303200039967108], [0.25511821285935904, 0.2265542356527437, 0.2297085122401081, 0.2886190392477892], [0.16551084746005237, 0.3573399886918719, 0.12925981610605022, 0.34788934774202546], [0.25409111067357926, 0.303868495008185, 0.15709298788206416, 0.28494740643617167], [0.38094620519393463, 0.21709890771367607, 0.08061738948922739, 0.32133749760316194], [0.32273953121865, 0.23902990558016474, 0.1443722822750873, 0.29385828092609784], [0.2552273200036891, 0.37497353841603953, 0.156801344612751, 0.21299779696752058], [0.3041204609907944, 0.3214245133027797, 0.16268357291157884, 0.2117714527948472], [0.18250025492602165, 0.29903241437890016, 0.18717744555882138, 0.3312898851362569], [0.4945463482711638, 0.10868285947002199, 0.16820550244530263, 0.22856528981351174], [0.28928876079729865, 0.2755576098318337, 0.16048797560706698, 0.2746656537638006], [0.15508037610670927, 0.2084699283091124, 0.13130589545768395, 0.5051438001264944], [0.32593161884447025, 0.3086537629551661, 0.11247908352209367, 0.2529355346782701], [0.27365181330664695, 0.18453623379395567, 0.21240110788112254, 0.32941084501827494], [0.34827060887157685, 0.20405259954000077, 0.11384616442808945, 0.333830627160333], [0.24502638803890933, 0.27188522367130563, 0.09807229295774264, 0.38501609533204256], [0.4823493697708066, 0.21146094148531835, 0.13706909934679032, 0.1691205893970849], [0.39832509909184693, 0.2135579181070045, 0.09826146805777003, 0.28985551474337845], [0.32003927725089687, 0.23362804026984843, 0.19193634426030734, 0.2543963382189474], [0.1738166924787944, 0.5471035698212562, 0.14147840275361923, 0.13760133494633028], [0.2448610187699028, 0.29856768827433033, 0.1030647445055004, 0.35350654845026636], [0.3064184498506937, 0.34263899006441306, 0.09076776258434813, 0.26017479750054523], [0.43420645722000106, 0.18863404713632637, 0.14916658756041704, 0.2279929080832557], [0.23250220680784137, 0.4855472012874397, 0.08141986425821726, 0.20053072764650157], [0.3741339564294182, 0.21105403045289725, 0.14076895541871612, 0.2740430576989685], [0.2307141704585373, 0.3132630983043812, 0.12909766446501472, 0.32692506677206673], [0.362553123212613, 0.22778515430571247, 0.13963422618604268, 0.27002749629563194], [0.2954426560148135, 0.24529371189805432, 0.16860808093314927, 0.2906555511539831], [0.2280449104656151, 0.3704041178720859, 0.228638877661867, 0.17291209400043203], [0.36997208421520794, 0.23146977318645848, 0.10474543201361257, 0.29381271058472114], [0.30428473190718286, 0.28833009564574824, 0.11073581041600708, 0.29664936203106185], [0.19013838199910485, 0.22868965210218536, 0.14837745215256062, 0.4327945137461492], [0.3144421087192156, 0.2520287168508544, 0.1373147427339005, 0.29621443169602957], [0.32503484878564265, 0.3108454367215757, 0.1578811457748286, 0.20623856871795307], [0.2783751849810846, 0.36565618754080825, 0.1522229143555157, 0.20374571312259146], [0.3451147554035313, 0.17064616247771647, 0.12484508458099688, 0.35939399753775536], [0.23556332435918853, 0.21353130742996396, 0.12376759274022368, 0.4271377754706239], [0.2773536189136331, 0.231726026885322, 0.11314723192446413, 0.3777731222765808], [0.32123867240239096, 0.23920519065752704, 0.10421819074868294, 0.33533794619139895], [0.20398843364549002, 0.201338978764189, 0.06680345960809735, 0.5278691279822236], [0.27119340845565926, 0.23148353993317308, 0.1681469473118985, 0.32917610429926925], [0.28118915854933046, 0.26151707490354403, 0.1502351407799723, 0.3070586257671533], [0.30923191834949115, 0.32163928641742484, 0.08335004677816588, 0.2857787484549183], [0.3032831065373695, 0.35550267118480383, 0.10325702528871036, 0.23795719698911652], [0.30698187796691606, 0.20380905038118552, 0.19251423489420078, 0.29669483675769753], [0.38190975431999014, 0.19714725520690432, 0.179289194061376, 0.24165379641172963], [0.4995182745919893, 0.3010106367917094, 0.058579118126112606, 0.1408919704901888], [0.16453580429978149, 0.20300062731060878, 0.23789587040973914, 0.39456769797987074], [0.2986110905645334, 0.2543471978827421, 0.12606717986927976, 0.3209745316834446], [0.481913841261099, 0.1658525279908594, 0.12204919139687338, 0.2301844393511684], [0.4393971334584785, 0.2187234036673607, 0.13050700722509198, 0.2113724556490688], [0.33495734274101685, 0.21133459756268996, 0.11994232197174974, 0.3337657377245436], [0.2855132924207489, 0.22005685669712066, 0.12444273140730046, 0.36998711947483004], [0.37177698090888334, 0.26209230947607615, 0.1604210614364135, 0.20570964817862689], [0.23429004735271608, 0.2629349810297953, 0.10087693111463468, 0.40189804050285394], [0.30421846683433706, 0.2616260956170119, 0.13534616815961803, 0.29880926938903307], [0.17628857576487073, 0.20474758638877325, 0.21063284225082152, 0.4083309955955345], [0.5372232573847138, 0.19783742480684766, 0.07305897817932801, 0.19188033962911055], [0.4359302694532062, 0.26923434402096663, 0.08756606385076271, 0.20726932267506434], [0.27017698578384025, 0.28554350705294623, 0.25416749841636965, 0.19011200874684384], [0.48352417471127057, 0.17249694222643053, 0.1048800511870783, 0.23909883187522057], [0.08337055846499578, 0.09877290943584306, 0.6983829451487528, 0.11947358695040836], [0.286744108123492, 0.2642175030317858, 0.11574007235948695, 0.3332983164852353], [0.16501603928688416, 0.18633776559239953, 0.2407713421835445, 0.4078748529371719], [0.3362626267656582, 0.21663665273990187, 0.10230420632243452, 0.3447965141720053], [0.35955868781658096, 0.2780727409086893, 0.13933778138085617, 0.22303078989387376], [0.3476514492399135, 0.1587580328625054, 0.10217794517014397, 0.3914125727274371], [0.4215120494340908, 0.1674780415837721, 0.11011640121601747, 0.3008935077661196], [0.24097035807980588, 0.38177348316256116, 0.08629536214179888, 0.290960796615834], [0.19520926742834288, 0.4176544047135449, 0.11450662400627558, 0.2726297038518366]]}, "rewritten": {"ids": ["97105960", "97112290", "97112830", "97113900", "98106560", "98107380", "98108150", "98108970", "98111670", "98112300", "98112580", "98116500", "98121790", "99107300", "99107660", "99109141", "99109740", "99110730", "99111000", "99112641", "99112840", "99114890", "99117740", "100109311", "100110260", "100111080", "100111390", "100112060", "100116500", "100120780", "101108290", "101110150", "101110200", "101111990", "101113210", "101116130", "102109910", "102110050", "102110500", "102110690", "102111990", "102112301", "102117351", "102121440", "103111110", "103111480", "103113270", "103120290", "103120340", "104111380", "104111531", "104111550", "104111830", "104113170", "104113240", "104113380", "104114230", "104114740", "104117200", "105110091", "105115380", "105116090", "105116441", "105116501", "105116860", "105117200", "105118171", "105119550", "106112770", "106115240", "106116370", "106116441", "106116820", "106117790", "106121190", "107114321", "107114780", "107114950", "107116980", "107118120", "107118490", "107118780", "107119130", "107120130", "107120260", "107120880", "108115250", "108115880", "108116070", "108117451", "108117720", "108118291", "108120060", "108120700", "109116930", "109117110", "109117600", "109119460", "109121351", "110114720", "110115250", "110115890", "110115980", "110116170", "110116290", "110117140", "110118181", "110118701", "111115770", "111116290", "111116640", "111116750", "111119150", "111119580", "111120320", "111120591", "111121410", "111121930", "112116401", "112116501", "112116810", "112117461", "112117571", "112118421", "112118530", "112118820", "112119500", "112119610", "112119980", "112120630", "112121410", "113118231", "113118620", "113119360", "113119450", "113120601", "113120751", "113121010", "113121190", "113121220", "113121980", "113122190"], "labels": [2, 1, 2, 2, 1, 1, 0, 3, 1, 2, 2, 2, 2, 3, 3, 3, 3, 3, 2, 1, 2, 2, 2, 1, 3, 0, 2, 2, 2, 1, 0, 1, 2, 2, 3, 2, 2, 3, 3, 0, 2, 1, 1, 2, 3, 0, 2, 2, 1, 3, 0, 1, 3, 3, 2, 1, 2, 2, 3, 0, 1, 1, 1, 1, 2, 3, 3, 1, 1, 1, 2, 0, 1, 1, 2, 0, 2, 3, 3, 3, 2, 1, 1, 2, 1, 1, 1, 3, 1, 2, 1, 3, 1, 2, 0, 1, 1, 1, 0, 3, 1, 2, 1, 0, 2, 3, 1, 3, 3, 2, 0, 3, 3, 3, 1, 1, 0, 1, 0, 3, 3, 0, 3, 3, 1, 0, 2, 0, 0, 3, 0, 3, 3, 0, 3, 2, 1, 2, 1, 3, 2, 1], "predicted_labels": [0, 0, 3, 2, 2, 2, 0, 1, 1, 0, 1, 0, 1, 3, 0, 0, 0, 2, 1, 2, 0, 2, 0, 0, 0, 3, 3, 0, 3, 0, 3, 1, 1, 3, 1, 1, 0, 0, 0, 3, 3, 2, 3, 0, 0, 0, 3, 0, 3, 0, 0, 3, 1, 0, 0, 2, 0, 0, 0, 0, 3, 0, 0, 2, 0, 0, 0, 0, 1, 1, 0, 0, 0, 3, 1, 0, 1, 0, 0, 3, 1, 3, 1, 0, 0, 3, 3, 3, 2, 0, 0, 0, 0, 0, 0, 1, 0, 0, 0, 1, 2, 1, 0, 1, 3, 0, 3, 0, 3, 0, 1, 3, 3, 0, 1, 0, 0, 3, 3, 0, 0, 2, 0, 0, 3, 1, 1, 1, 0, 0, 1, 1, 3, 0, 2, 1, 0, 0, 3, 1, 0, 0], "confidence_scores": [[0.3560485990715183, 0.290983251603973, 0.1598871094759762, 0.19308103984853253], [0.30011803581054397, 0.2299784234361928, 0.2549999895782702, 0.21490355117499316], [0.2786697700101679, 0.23786516494505425, 0.17278248539355584, 0.31068257965122215], [0.27664391033762553, 0.22069373475349488, 0.2815379089312333, 0.22112444597764627], [0.10526638215057921, 0.09524089309077954, 0.6064451273270104, 0.19304759743163077], [0.24166850836670134, 0.16956965028479085, 0.35571696022446037, 0.2330448811240476], [0.42112297373733293, 0.19344685651633753, 0.1964633990928245, 0.18896677065350498], [0.21075199296961059, 0.3024890733560777, 0.24731013185381048, 0.2394488018205013], [0.2888940652832608, 0.3295353465437037, 0.21030455736197803, 0.17126603081105754], [0.43091914687837835, 0.1650573875988044, 0.16768249466204196, 0.23634097086077535], [0.26021826389011143, 0.32320453613057804, 0.20639686099482488, 0.2101803389844856], [0.3647216455296356, 0.1793247683006749, 0.1432364705496972, 0.31271711561999227], [0.16435020076498355, 0.5018261841974639, 0.1708782727400148, 0.16294534229753774], [0.2614203052705567, 0.26190913952223926, 0.13126624402372528, 0.34540431118347853], [0.3874514131204045, 0.2049151729453685, 0.12194421557817976, 0.28568919835604717], [0.42455484364471574, 0.14815903914371084, 0.27162096934297875, 0.15566514786859473], [0.38360689889953126, 0.3340953516377317, 0.11264807485188352, 0.16964967461085376], [0.15021609014868118, 0.21505456773178974, 0.33191836161410027, 0.3028109805054288], [0.3096990770213541, 0.3655474669236202, 0.13158556544922065, 0.19316789060580514], [0.17311371634456424, 0.23176542909378622, 0.4645934516351621, 0.13052740292648737], [0.38279630151312777, 0.24339808348947717, 0.18250824335377394, 0.19129737164362132], [0.25200155023065773, 0.11583384141143638, 0.5361789218224557, 0.09598568653545018], [0.4109738164619485, 0.18137565749439236, 0.11477660943209393, 0.2928739166115653], [0.5263640503059258, 0.19760531281640872, 0.16912789311490664, 0.10690274376275886], [0.34445765444613013, 0.2578344700493053, 0.1675759210342173, 0.2301319544703471], [0.23584078620639345, 0.289712635998703, 0.1643971208979639, 0.31004945689693963], [0.2592002032056753, 0.25807636147886787, 0.16945473801131047, 0.31326869730414636], [0.3089866665663353, 0.2646944336952995, 0.13763470044020867, 0.2886841992981567], [0.23509521707906117, 0.21242999978473856, 0.20221591342976078, 0.3502588697064394], [0.33546675098847356, 0.21165599844941307, 0.1354049854733571, 0.31747226508875626], [0.33638245335913164, 0.18673010383991234, 0.08818117723035432, 0.3887062655706016], [0.26122951524239796, 0.31548203232121436, 0.12539692186535983, 0.29789153057102796], [0.17595875252837778, 0.31169743949775497, 0.3044590730156657, 0.20788473495820148], [0.16637635763380157, 0.24508403975128612, 0.1807467104906401, 0.4077928921242722], [0.24200282181925842, 0.36631181289795783, 0.16175597454518964, 0.22992939073759425], [0.15700877696042423, 0.4669299976281521, 0.17261822636551769, 0.2034429990459059], [0.29972965385761985, 0.2594390741977719, 0.15654283217742673, 0.2842884397671817], [0.34814753107456303, 0.1824804508496994, 0.2792127564898233, 0.19015926158591426], [0.37128282679827407, 0.28156810042346797, 0.14154836822678965, 0.20560070455146848], [0.23740974648830596, 0.24570428260453045, 0.13144636116980116, 0.3854396097373624], [0.31388385304348415, 0.23202581232071456, 0.09230947344483584, 0.3617808611909656], [0.32405199940793056, 0.15348973416196343, 0.38423011118325107, 0.13822815524685492], [0.30613873315956025, 0.26226209687831126, 0.12356842956532332, 0.3080307403968053], [0.4740460794463408, 0.15402336651005682, 0.13333568473100607, 0.23859486931259635], [0.3111116063690477, 0.29341375347039556, 0.1489071307724581, 0.2465675093880988], [0.43652430885775734, 0.15683140252757677, 0.0778281495538182, 0.3288161390608476], [0.16092480666070183, 0.15020526966905856, 0.13335617856522886, 0.5555137451050107], [0.5555811702083282, 0.15043121855861702, 0.1009472866306434, 0.19304032460241144], [0.32133386065394726, 0.17435804697270008, 0.14009468231132494, 0.36421341006202784], [0.421460054887938, 0.2165582778786011, 0.1562920868352315, 0.2056895803982295], [0.30499895583167175, 0.2516950674466023, 0.1517329539289398, 0.291573022792786], [0.255441301161384, 0.2674922584817195, 0.11043370849437746, 0.366632731862519], [0.21753879636432735, 0.31289272469347246, 0.22490690401219937, 0.24466157493000085], [0.3287496937009115, 0.23831072990817012, 0.19317289618140868, 0.23976668020950967], [0.5319033903998928, 0.1339983356608722, 0.09804108423946079, 0.23605718969977413], [0.2781838960554933, 0.21633099193997105, 0.28817509941792074, 0.2173100125866147], [0.2986098162667013, 0.24287656291943557, 0.16918744380301415, 0.28932617701084884], [0.4870944061981326, 0.2170714289888021, 0.15004954253235145, 0.14578462228071382], [0.45074883375414326, 0.25467750773105685, 0.09843865778943507, 0.19613500072536483], [0.3446875917698327, 0.23095426887509035, 0.11953040487598257, 0.30482773447909445], [0.20306871180304772, 0.1717328129784634, 0.23201832431801336, 0.3931801509004754], [0.31802939121456286, 0.2772001545242498, 0.12267576175612321, 0.282094692505064], [0.3033135770751499, 0.27012271664480325, 0.1369599065915272, 0.2896037996885195], [0.27873605579938343, 0.2199046921543646, 0.2845477558653593, 0.21681149618089282], [0.3940226216019896, 0.1879517850419818, 0.1612467739548394, 0.25677881940118913], [0.2738426811396845, 0.23594605824506934, 0.27173136155146643, 0.21847989906377988], [0.3511620061071783, 0.27930008030566206, 0.10990642872321324, 0.2596314848639463], [0.35281215251898806, 0.26351963156149244, 0.09946042125442735, 0.28420779466509216], [0.14505112680056803, 0.465315066063819, 0.20111861035848363, 0.18851519677712922], [0.30069143814871163, 0.31649191650199243, 0.21809655457350144, 0.1647200907757944], [0.484862415671004, 0.25553380152729094, 0.07152697538526487, 0.18807680741644023], [0.3511883983817973, 0.1824169517627376, 0.23373034651480853, 0.23266430334065666], [0.37275992494324395, 0.2724154029715249, 0.11477841432415117, 0.2400462577610801], [0.24384035121795605, 0.1554289628551606, 0.1012015978168431, 0.4995290881100403], [0.2770335994085625, 0.3332632303238487, 0.1329498860421937, 0.2567532842253953], [0.38022373262056897, 0.19408789463701492, 0.10227886176877293, 0.32340951097364334], [0.254076531140689, 0.2735996704254223, 0.20559146870710507, 0.2667323297267835], [0.34315513160228245, 0.28963992232359503, 0.10944834457370106, 0.25775660150042135], [0.3553662590809106, 0.2547137176456072, 0.13463800652088112, 0.2552820167526012], [0.22351089074006739, 0.3118837960161233, 0.08266446858883504, 0.3819408446549742], [0.2314726569732393, 0.29387651467016995, 0.2888968991743395, 0.1857539291822512], [0.24641501913663, 0.23361178722990486, 0.1517673142175954, 0.3682058794158698], [0.30929157203539404, 0.3443483458699615, 0.18379181081086304, 0.16256827128378143], [0.3122782698870506, 0.30163674357182124, 0.12908794447165198, 0.256997042069476], [0.32457598729748915, 0.2777175493398325, 0.1213024703978427, 0.27640399296483587], [0.2582394665319181, 0.17995631157300773, 0.10995697902254868, 0.4518472428725257], [0.18577253682971412, 0.2848776905487178, 0.1721566503418225, 0.35719312227974565], [0.2003304605352804, 0.19720451705652003, 0.24887511328082662, 0.35358990912737304], [0.20651463624218516, 0.1974205150356137, 0.4029084080056806, 0.19315644071652047], [0.5548334890256116, 0.2015257202125412, 0.08046327886787244, 0.1631775118939748], [0.4387859098493445, 0.20148356609314222, 0.11147225566061045, 0.24825826839690274], [0.453020724938461, 0.18084907501561553, 0.10810360781367905, 0.25802659223224444], [0.5812834411763403, 0.13595648479441977, 0.1210362251677237, 0.16172384886151614], [0.35955868781658096, 0.2780727409086893, 0.13933778138085617, 0.22303078989387376], [0.2934783715298344, 0.24956966316774287, 0.18777066402418707, 0.2691813012782356], [0.23894522525667627, 0.3422574155681204, 0.14699751187449536, 0.2717998473007078], [0.5092357996507019, 0.16675872741208753, 0.11929949998994684, 0.20470597294726375], [0.37597926475811405, 0.27792012893502455, 0.10527812083021738, 0.24082248547664412], [0.5185491423054784, 0.15335079193918597, 0.1254675629055349, 0.20263250284980078], [0.16899740937252458, 0.33842394268884324, 0.23347533580966545, 0.2591033121289667], [0.2130138595653684, 0.28483956788861026, 0.284885546750621, 0.21726102579540044], [0.17522724615358667, 0.5097445992489416, 0.15826736869084299, 0.1567607859066289], [0.47953724841117423, 0.1765086009039769, 0.12733074350134452, 0.21662340718350448], [0.3406994311951541, 0.3935840738795748, 0.08302825948086595, 0.1826882354444053], [0.20418114074726684, 0.3102621624452222, 0.11044396110447524, 0.37511273570303577], [0.48210723051753457, 0.13245206419097455, 0.13623635119646013, 0.2492043540950309], [0.2955261812776559, 0.21656087728349183, 0.15129255465055275, 0.3366203867882995], [0.4136322183739921, 0.21932990864540247, 0.13655402202878258, 0.23048385095182294], [0.2859322022788669, 0.25686586080628493, 0.13373190440334573, 0.32347003251150247], [0.4787011777411809, 0.1708706098865649, 0.1155756520534412, 0.23485256031881305], [0.23372248837047713, 0.35164318205054595, 0.1762294897766867, 0.23840483980229019], [0.3295829952452202, 0.15415847479397038, 0.09386562000996984, 0.42239290995083933], [0.2338951991156753, 0.3085941472092874, 0.09748469104502232, 0.3600259626300152], [0.45733565929473113, 0.21400216597644386, 0.09369276891043135, 0.23496940581839354], [0.2800554823503671, 0.29139532226099857, 0.1530471380540797, 0.2755020573345548], [0.44468224582361665, 0.2250737844751921, 0.10848830583969399, 0.2217556638614973], [0.352279966314918, 0.28769426613235805, 0.10628512860222492, 0.25374063895049903], [0.20065599053830133, 0.1527970308600422, 0.3166286425479027, 0.32991833605375376], [0.16292879850931483, 0.15384200263632852, 0.09530731792470236, 0.5879218809296543], [0.3471162712961688, 0.2307870601079055, 0.20120810532027156, 0.2208885632756542], [0.5103499825788375, 0.2498821328469607, 0.09042550576776552, 0.14934237880643628], [0.22274119945869872, 0.23611785048462114, 0.30292573395029754, 0.23821521610638263], [0.3762215695388104, 0.11809215107741725, 0.3523710455671165, 0.15331523381665596], [0.46541398953618, 0.19255092634049897, 0.10256514246967229, 0.2394699416536487], [0.2290010728673914, 0.22324885949413414, 0.090602335732712, 0.45714773190576247], [0.25106747071946245, 0.3215925914415779, 0.15420593471356503, 0.2731340031253945], [0.1745277675050725, 0.38277648059918007, 0.14533913758783104, 0.2973566143079165], [0.25637371196592046, 0.3336011080347107, 0.23943505019898909, 0.17059012980037985], [0.3299227389580294, 0.2766675022053334, 0.09477474364230112, 0.29863501519433616], [0.3383393326221665, 0.14001521756484808, 0.30606253975474196, 0.2155829100582436], [0.22060330168118733, 0.38598734045596317, 0.17540945019909174, 0.2179999076637579], [0.2885230818425383, 0.31498146497137003, 0.14905054319399402, 0.2474449099920976], [0.2564581978502592, 0.2707254740070547, 0.11001522029414172, 0.3628011078485445], [0.3871209399078618, 0.14344464292261827, 0.16437066368536962, 0.3050637534841505], [0.26497930549357096, 0.19971958548596772, 0.30010174585451266, 0.2351993631659488], [0.23403709309786744, 0.3815956292439722, 0.20191623128437905, 0.18245104637378126], [0.3691338850355069, 0.18920930253966842, 0.23634438530812124, 0.20531242711670342], [0.3232258342640863, 0.30760017009209034, 0.1331790574726342, 0.23599493817118947], [0.26717087977773396, 0.2141403207241033, 0.12280226053257819, 0.39588653896558473], [0.21787539017332574, 0.34030683335251294, 0.2975298374266892, 0.144287939047472], [0.44685982553685766, 0.22734533103812762, 0.09954763171753588, 0.22624721170747888], [0.4419667884169789, 0.24091300462177997, 0.08945734246559349, 0.22766286449564765]]}}