{"test": {"ids": ["108115880", "110116441", "111121410", "102112301", "111120220", "113120280", "104113170", "99109311", "107115250", "110117200", "111114171", "100109311", "99109740", "108113760", "107114140", "97114170", "107118780", "107114200", "111115910", "103120290", "99107630", "111117571", "107113130", "113122190", "113118620", "103113260", "102108621", "109117271", "99109860", "113120070", "107114110", "108117451", "97106820", "110118810", "99107660", "107114950", "100109330", "106116120", "98111620", "98106680", "111116040", "107114321", "106114280", "112119980", "111119340", "98116500", "102112030", "102109840", "104117200", "110120640", "110115890", "112118581", "111120190", "103111480", "109114270", "110116170", "112119500", "98110810", "104114240", "110118880", "113121980", "98111670", "104112470", "99116500", "109113591", "97116500", "101108500", "105113620", "104114740", "109114030", "98109090", "112120540", "108118630", "107118520", "112116810", "109114720", "107121540", "112118890", "110114950", "108116070", "102117351", "99112531", "103110050", "106113170", "98116940", "103109791", "106119580", "113120540", "112116540", "113122320", "97116790", "105112100", "103118110", "112117461", "106116441", "108113700", "111117000", "111116090", "107113360", "112118930", "103111170", "104113190", "100109910", "113119700", "108113740", "106111321", "113122230", "105117431", "100120010", "107120130", "98108410", "105115570", "110121170", "97111790", "110118450", "113120260", "102109910", "98120530", "105118740", "109115220", "105113260", "100111380", "104117630", "113117630", "98109311", "97116800", "97110950", "101112540", "108114040", "110118161", "108115070", "101111140", "108115500", "112117471", "102109850", "110120700", "113119360", "99109910", "108116481", "104118340", "112120270", "99110050"], "labels": [3, 3, 0, 1, 3, 0, 3, 1, 2, 3, 3, 1, 3, 1, 2, 2, 1, 2, 2, 2, 2, 3, 1, 1, 3, 3, 3, 0, 2, 2, 1, 2, 1, 1, 3, 3, 0, 1, 3, 1, 0, 0, 3, 0, 3, 2, 2, 2, 3, 0, 2, 1, 3, 0, 3, 0, 2, 1, 0, 0, 2, 1, 1, 2, 3, 2, 3, 0, 2, 1, 1, 3, 1, 2, 3, 0, 2, 3, 0, 1, 1, 3, 3, 0, 2, 3, 3, 3, 1, 1, 2, 1, 2, 0, 0, 0, 0, 3, 0, 1, 2, 3, 2, 0, 3, 0, 1, 1, 0, 2, 1, 0, 2, 2, 0, 3, 2, 1, 1, 3, 3, 3, 0, 0, 1, 0, 3, 2, 0, 0, 1, 2, 3, 3, 1, 2, 0, 2, 0, 2, 0, 3], "predicted_labels": [1, 0, 0, 3, 0, 0, 2, 2, 0, 1, 0, 3, 1, 1, 1, 2, 1, 1, 1, 2, 3, 1, 2, 1, 1, 1, 3, 3, 3, 2, 3, 0, 3, 1, 0, 3, 0, 1, 2, 2, 0, 1, 3, 3, 1, 3, 1, 2, 3, 3, 1, 2, 1, 0, 1, 0, 1, 1, 1, 3, 3, 3, 3, 2, 3, 3, 2, 0, 3, 1, 2, 1, 1, 1, 1, 2, 1, 0, 0, 2, 3, 0, 1, 1, 0, 3, 1, 3, 0, 1, 3, 3, 1, 3, 1, 1, 3, 0, 1, 3, 2, 3, 2, 1, 0, 1, 2, 2, 2, 1, 1, 0, 1, 3, 2, 3, 3, 1, 2, 3, 1, 0, 0, 2, 0, 3, 0, 2, 1, 3, 0, 0, 0, 1, 1, 3, 3, 2, 0, 1, 1, 2], "confidence_scores": [[1.0331162248087647e-07, 0.9994590098794758, 0.00014948682493973815, 0.00039139998396203746], [0.48319358053000266, 0.010796939326281806, 0.26876431327740097, 0.23724516686631453], [0.47617671959363983, 0.22161926080761887, 0.0006883999068704593, 0.30151561969187085], [0.3734622642170747, 0.00177992531151923, 0.13681230588408314, 0.48794550458732294], [0.7279807957328704, 0.27194528186847655, 6.575351856033388e-05, 8.168880092635514e-06], [0.6384219729585963, 0.003088591426160272, 0.0008873112487604866, 0.357602124366483], [0.00021922820708478933, 0.2802886492600408, 0.7182226763428947, 0.0012694461899797568], [0.0711662181248818, 0.016966603057534006, 0.9032607349462444, 0.008606443871339757], [0.8870423286102307, 0.0017444155981623489, 0.00033003774240340924, 0.11088321804920374], [0.3856934561861949, 0.4410267993508257, 0.0017968891737811178, 0.17148285528919818], [0.9998729160791842, 2.4471225325412396e-07, 1.5432743763909475e-10, 0.00012683905423517718], [0.0005265385383381629, 3.81165008275642e-05, 1.7957652170338136e-09, 0.9994353431650691], [0.00017143397989714948, 0.9115894441871488, 0.08416293240681468, 0.0040761894261394874], [0.03164007546070488, 0.926294960746191, 0.032025866057307194, 0.010039097735797062], [0.029593855060305135, 0.952030479873087, 6.6754583321962295e-06, 0.018368989608275585], [1.0219796012307232e-05, 0.0036504336541920016, 0.9962856889178933, 5.365763190241414e-05], [0.04976014058512253, 0.8094920077268837, 0.0027290869082380233, 0.13801876477975578], [0.025212164729973716, 0.9747555094052563, 4.821657038584143e-06, 2.7504207731211904e-05], [0.09913628801782755, 0.7228505970696067, 0.0071976680502203304, 0.1708154468623454], [0.0009259546993131338, 4.518422150689846e-05, 0.9708066361584792, 0.02822222492070074], [0.08758312922629383, 0.03891655697939864, 0.00793027858576078, 0.8655700352085467], [0.033021755418120344, 0.9565391503362859, 7.416176960609722e-07, 0.010438352627897725], [0.00303976610897022, 0.004803273241200916, 0.9904782510066581, 0.001678709643170595], [0.005958661183298598, 0.7960574136592453, 0.17926634339191239, 0.018717581765543587], [0.00857229962978692, 0.9912683748640498, 4.364477716278472e-06, 0.00015496102844686624], [7.705308495758765e-05, 0.993892078977631, 0.00018309556691741718, 0.005847772370494093], [0.06579214132404224, 0.00032715533932449204, 4.46308557295627e-05, 0.9338360724809037], [0.07621362977661178, 0.0012573866725188259, 0.00024744646771422674, 0.9222815370831551], [0.0018943481520062356, 1.752138596110897e-05, 0.052261183196242664, 0.94582694726579], [4.50273506090881e-05, 0.005252193890800081, 0.9943717525024991, 0.00033102625609183854], [7.939091767255785e-05, 0.000482707440742899, 0.020949640075358534, 0.9784882615662259], [0.6357098972270987, 1.591636723898935e-05, 1.4278394270524635e-07, 0.36427404362171967], [0.021225825693207787, 0.00023359556018820847, 0.017367122682585123, 0.9611734560640188], [0.016804132386320857, 0.8807543716444467, 0.10099231286502201, 0.0014491831042103785], [0.900522612260342, 0.015572660771550855, 0.03674186057803911, 0.047162866390067906], [0.02513045541884896, 0.012065014889856946, 0.00012598036494013636, 0.9626785493263539], [0.9900064017289602, 0.008623792001730288, 6.94315904014828e-07, 0.001369111953405503], [0.008214117745363894, 0.9870940245246865, 0.0015222318102941267, 0.0031696259196554023], [0.16054611069833236, 0.0012414412763634916, 0.7512287604682474, 0.08698368755705674], [0.0011294104350502599, 0.31804031617489803, 0.6765689636415514, 0.0042613097485002666], [0.8465137255014343, 0.002247892219076052, 0.0015021696351842212, 0.1497362126443054], [0.004983318337917236, 0.981718317244351, 0.0013037306781485674, 0.011994633739583071], [0.26509328854449926, 0.006934879194965273, 0.0027585168227665063, 0.725213315437769], [0.00917707193374034, 0.0013251900349635273, 0.000568685804751318, 0.9889290522265448], [1.991367939840645e-06, 0.9675409409467598, 0.00011964147605722763, 0.032337426209243236], [0.0005567772237469353, 0.0017705478659645448, 0.0006247334576521057, 0.9970479414526363], [0.0051536544639697885, 0.9945039009080772, 4.411232173051463e-05, 0.0002983323062224096], [0.0007730032191282608, 0.3280982174291605, 0.6710965647868159, 3.221456489530177e-05], [6.898080211091961e-06, 0.45680223814754883, 0.00023828453830884906, 0.5429525792339313], [0.2457668389147302, 0.025076431456730035, 0.00505079937581778, 0.724105930252722], [2.237099026200392e-08, 0.9743497316750451, 0.019294779692578343, 0.0063554662613861295], [2.7140740029810984e-05, 0.42442132554897755, 0.5636349413349737, 0.011916592376018869], [0.00011960968956550916, 0.9991273818651626, 0.0007487673452876556, 4.2410999842725835e-06], [0.9080464140575707, 0.0232240482052294, 0.056306247849694624, 0.012423289887505153], [0.08464146146656175, 0.5058886611692698, 0.2229132651394211, 0.18655661222474726], [0.9660014352699867, 0.005674818127114141, 4.994907828241705e-05, 0.028273797524616794], [0.0004912115935172515, 0.9947385826450572, 0.003065681511748047, 0.001704524249677758], [0.00016629244418731612, 0.9997740120466005, 8.957346174346125e-06, 5.073816303766826e-05], [0.04340303769355235, 0.8624736329578654, 0.0015917914055453217, 0.09253153794303692], [0.01353971758878823, 0.23056618094520218, 2.233661818626614e-05, 0.7558717648478234], [3.6980942703309865e-07, 0.0018427074713826765, 1.6032941751263393e-05, 0.998140889777439], [9.103584808112308e-06, 3.9060017820544074e-05, 0.0006348920786351445, 0.9993169443187362], [2.9319567006338387e-07, 2.3967312364631078e-05, 4.738565198679546e-05, 0.9999283538399786], [7.653987786618665e-07, 0.03997266449065275, 0.954898726143037, 0.005127843967531603], [8.338554568060272e-06, 0.0001527544221756679, 4.4605729164247086e-08, 0.9998388624175271], [0.07529764259770402, 0.004398090795855815, 0.00036618354784516844, 0.9199380830585949], [0.009123755353747114, 0.003459816535399436, 0.9853998472702638, 0.0020165808405897185], [0.9129113559595442, 0.006665348810427051, 0.0804185741296776, 4.721100351111641e-06], [0.04135689778946252, 0.0008243520358212798, 0.0512563767829988, 0.9065623733917174], [0.038729423959090625, 0.6858807867179978, 0.061563202903798464, 0.21382658641911312], [0.0001450890468048513, 0.003216180481120471, 0.9961071263051243, 0.0005316041669502508], [1.5914496292036367e-06, 0.9999380407218121, 1.4459950332999645e-05, 4.5907878225764084e-05], [9.866254722746454e-06, 0.9103968502061281, 1.221800917238795e-05, 0.08958106552997684], [9.244269484318515e-06, 0.9989294581783773, 0.00021410206192704764, 0.0008471954902111305], [0.006033825404624913, 0.8803844441959768, 0.09539233178989466, 0.018189398609503683], [0.00020124554309994936, 0.1600005722078496, 0.8276414568575804, 0.012156725391470046], [0.03874104752498457, 0.9598655333208138, 2.930613161256325e-05, 0.0013641130225889866], [0.6983084646742395, 0.014807436829706266, 2.98112008512668e-06, 0.2868811173759691], [0.8087280481947352, 0.11227800557966874, 0.0024976496918304217, 0.07649629653376555], [0.02920044944360575, 0.08139421778180898, 0.8894008135939786, 4.519180606763561e-06], [0.010333262537937423, 0.0005231405016172533, 1.55449726783914e-05, 0.989128051987767], [0.7638915591846589, 0.22398805294932578, 4.225006833549953e-05, 0.012078137797679942], [7.913085219577624e-06, 0.7395725784501685, 0.0002090599076708069, 0.26021044855694114], [0.0006631221164986572, 0.7897807599108466, 1.0870421578228235e-09, 0.20955611688561246], [0.6235220741337137, 0.10977948158212898, 0.09463215765423827, 0.172066286629919], [0.0003179016027413691, 1.5521711658372235e-06, 0.0475850090538855, 0.9520955371722072], [0.06107739095425399, 0.6762922413256862, 0.013282447302399329, 0.24934792041766057], [0.13717875116722983, 0.0004322673318171304, 0.002523738293664942, 0.8598652432072881], [0.5699199183947004, 0.2212541185807618, 0.0002394939724746463, 0.2085864690520631], [3.066466226914275e-05, 0.9999680438718875, 7.316312065367089e-08, 1.2183027225591516e-06], [0.15002623213207103, 0.0002795316961711977, 0.09406026730747717, 0.7556339688642807], [0.43184408749731856, 0.004128685167898524, 8.43685117041885e-05, 0.5639428588230787], [0.00035108498129458947, 0.8696637090070467, 0.045665054037413395, 0.08432015197424543], [0.2408526359703741, 0.0003946961010518802, 0.0006714481798367957, 0.7580812197487372], [0.0674040530204783, 0.9325600497885879, 1.901554469228326e-06, 3.39956364644875e-05], [0.002559450347532074, 0.9973975367059199, 3.9119716525310853e-07, 4.262174938273996e-05], [0.004985372255513403, 0.0005677591309996398, 0.000647264021593634, 0.9937996045918932], [0.8586800139679193, 7.730923537440071e-06, 5.753472516950698e-08, 0.141312197573818], [0.2798705633640848, 0.3782081465785438, 0.3043774873830848, 0.037543802674286565], [0.10209387895029681, 0.23309221968285732, 0.0031855761835740816, 0.6616283251832719], [0.2134192033536634, 0.11883584449069994, 0.5892800179442675, 0.07846493421136903], [0.05298459513971343, 0.004147483230029033, 0.0003732408875414477, 0.942494680742716], [0.001972911199484299, 0.0069166725241755125, 0.9909788768298491, 0.00013153944649120324], [0.013922571163522223, 0.5078265976368033, 0.4782239928705986, 2.6838329075835388e-05], [0.99689805403708, 0.0005187938891431796, 0.001485094853586572, 0.0010980572201899949], [0.46970987943545683, 0.4751018398314254, 0.0013334466543169702, 0.05385483407880072], [0.09696444387185174, 0.28745208825681773, 0.5584195886785179, 0.057163879192812656], [0.05555770232125801, 0.3164457478474412, 0.6234754218774455, 0.004521127953855257], [0.0033652389866641284, 0.039005469539013925, 0.9521852445693123, 0.005444046905009867], [0.0525941630582784, 0.9395796173657943, 0.007428393779701933, 0.0003978257962253806], [0.4480520319145774, 0.5512437784488988, 4.248144595454802e-05, 0.0006617081905692042], [0.6187956681037986, 0.26599722152221184, 0.03986473415529915, 0.07534237621869047], [0.00015884727952663783, 0.6428467355434703, 0.009208165713508739, 0.34778625146349446], [0.008972455098764367, 1.5392948529798172e-06, 6.98446807538884e-05, 0.9909561609256288], [4.085694450403149e-05, 0.14883102416953303, 0.7471813064537267, 0.10394681243223627], [0.009271129133377512, 0.40008729568898327, 0.0492686929719469, 0.5413728822056924], [0.15830705786322438, 0.021349091614015617, 0.08763949081260251, 0.7327043597101576], [0.0017609323724150064, 0.9381686761650133, 1.3418544491804081e-06, 0.06006904960812224], [0.2361563208915751, 3.5515822297843804e-05, 0.7635538461545937, 0.000254317131533474], [9.825309267305793e-05, 0.0005500973970437226, 0.0025186555035890614, 0.9968329940066942], [0.07325175942287027, 0.45210515051183126, 0.03676328881052374, 0.43787980125477477], [0.9992470473766725, 0.000704709312872893, 2.2369669009199673e-07, 4.801961376461767e-05], [0.9881898836169828, 0.0006770076027633831, 0.003552570530758319, 0.007580538249495377], [0.44996618738072175, 0.07561502289185325, 0.47386971288808966, 0.0005490768393352679], [0.5114359493678532, 0.19593120974955758, 0.0651167049238674, 0.2275161359587219], [0.2911998938438869, 0.2502017277329887, 2.277207537225394e-05, 0.45857560634775213], [0.6918017241899144, 0.02860530642574337, 0.144990624578554, 0.13460234480578842], [0.002154538180940996, 0.08833234894314217, 0.8791222935629516, 0.03039081931296522], [0.01887286476034327, 0.9540345743740849, 0.004007581291037112, 0.023084979574534686], [0.0025804366127984094, 0.013753743519029317, 0.0006063585604912761, 0.9830594613076811], [0.9922170070888094, 0.007271604468705183, 0.0005080262178273655, 3.362224658109219e-06], [0.5058107939121903, 0.0050914112279286956, 9.170990244753288e-05, 0.4890060849574333], [0.6835819860254366, 0.20763739870474746, 0.10820556602429454, 0.0005750492455215655], [4.995058628424214e-06, 0.9288684017834556, 1.4533894559885532e-05, 0.07111206926335595], [0.010598613564920836, 0.9507861952524942, 0.03370048384042958, 0.004914707342155376], [5.453740590098828e-06, 0.002675834493923143, 0.00019503849103078282, 0.9971236732744561], [0.06715377883340953, 0.004318427988511875, 4.3864315267748355e-05, 0.9284839288628108], [0.00017634713428910055, 2.005018230722873e-05, 0.9993151596202201, 0.0004884430631834414], [0.6301713816967033, 0.000936731827607785, 2.3993755052572827e-06, 0.3688894871001837], [0.03678659160060685, 0.9616748299242733, 0.00017496116520119813, 0.0013636173099188093], [3.383481287290264e-05, 0.9339383804539795, 0.0659710179988312, 5.676673431643386e-05], [0.005458233481070714, 0.032683148453349097, 0.5267059665644198, 0.4351526515011604]]}, "rewritten": {"ids": ["97106820", "97110950", "97111790", "97114170", "97116500", "97116790", "97116800", "98106680", "98108410", "98109090", "98109311", "98110810", "98111620", "98111670", "98116500", "98116940", "98120530", "99107630", "99107660", "99109311", "99109740", "99109860", "99109910", "99110050", "99112531", "99116500", "100109311", "100109330", "100109910", "100111380", "100120010", "101108500", "101111140", "101112540", "102108621", "102109840", "102109850", "102109910", "102112030", "102112301", "102117351", "103109791", "103110050", "103111170", "103111480", "103113260", "103118110", "103120290", "104112470", "104113170", "104113190", "104114240", "104114740", "104117200", "104117630", "104118340", "105112100", "105113260", "105113620", "105115570", "105117431", "105118740", "106111321", "106113170", "106114280", "106116120", "106116441", "106119580", "107113130", "107113360", "107114110", "107114140", "107114200", "107114321", "107114950", "107115250", "107118520", "107118780", "107120130", "107121540", "108113700", "108113740", "108113760", "108114040", "108115070", "108115500", "108115880", "108116070", "108116481", "108117451", "108118630", "109113591", "109114030", "109114270", "109114720", "109115220", "109117271", "110114950", "110115890", "110116170", "110116441", "110117200", "110118161", "110118450", "110118810", "110118880", "110120640", "110120700", "110121170", "111114171", "111115910", "111116040", "111116090", "111117000", "111117571", "111119340", "111120190", "111120220", "111121410", "112116540", "112116810", "112117461", "112117471", "112118581", "112118890", "112118930", "112119500", "112119980", "112120270", "112120540", "113117630", "113118620", "113119360", "113119700", "113120070", "113120260", "113120280", "113120540", "113121980", "113122190", "113122230", "113122320"], "labels": [1, 3, 2, 2, 2, 2, 0, 1, 1, 1, 1, 1, 3, 1, 2, 2, 1, 2, 3, 1, 3, 2, 2, 3, 3, 2, 1, 0, 2, 3, 0, 3, 2, 2, 3, 2, 1, 2, 2, 1, 1, 3, 3, 2, 0, 3, 2, 2, 1, 3, 3, 0, 2, 3, 0, 2, 1, 3, 0, 0, 1, 1, 0, 0, 3, 1, 0, 3, 1, 0, 1, 2, 2, 0, 3, 2, 2, 1, 2, 2, 0, 3, 1, 0, 1, 3, 3, 1, 0, 2, 1, 3, 1, 3, 0, 3, 0, 0, 2, 0, 3, 3, 0, 0, 1, 0, 0, 2, 2, 3, 2, 0, 3, 0, 3, 3, 3, 3, 0, 1, 3, 0, 3, 1, 3, 1, 2, 0, 0, 3, 0, 3, 0, 0, 2, 3, 0, 3, 2, 1, 1, 1], "predicted_labels": [2, 0, 0, 2, 0, 3, 3, 1, 1, 2, 3, 1, 2, 3, 2, 0, 1, 3, 2, 2, 1, 3, 0, 2, 0, 1, 3, 0, 2, 0, 2, 0, 3, 1, 3, 2, 1, 0, 1, 0, 0, 3, 3, 0, 2, 3, 1, 3, 3, 2, 0, 1, 3, 1, 3, 1, 3, 3, 0, 2, 0, 2, 1, 1, 3, 1, 0, 1, 1, 2, 3, 1, 1, 1, 3, 1, 1, 0, 0, 0, 0, 0, 1, 1, 0, 1, 1, 0, 0, 0, 1, 1, 1, 3, 2, 2, 0, 0, 1, 1, 3, 0, 0, 1, 1, 1, 2, 3, 2, 0, 1, 3, 3, 1, 1, 1, 1, 0, 0, 1, 1, 3, 3, 2, 0, 0, 1, 3, 2, 1, 1, 1, 3, 0, 1, 3, 3, 3, 3, 1, 2, 1], "confidence_scores": [[1.2319337537560233e-05, 0.002240735881744029, 0.6136658333597672, 0.3840811114209512], [0.9941432428680395, 0.0011573559652489906, 0.004217844043165762, 0.0004815571235457025], [0.6168322222617731, 0.006474210670615196, 0.0024190840773692214, 0.37427448299024235], [0.0007348156389183248, 0.014310070282384301, 0.9834557695217744, 0.001499344556923086], [0.9989365863152517, 5.995084888186114e-05, 3.215896746445238e-05, 0.0009713038684022745], [0.08083160632770814, 0.012333874111103673, 0.03738604369553103, 0.8694484758656571], [0.0023979996152406783, 0.02293788953310684, 0.08132866326173649, 0.893335447589916], [0.00010850047853167667, 0.7561353600776507, 0.23165419726459383, 0.012101942179223979], [0.0007110620638365596, 0.9992875680818949, 1.300105248017718e-06, 6.974902058201514e-08], [1.8124289755424389e-07, 0.021802685599366198, 0.9703079129934142, 0.007889220164322093], [0.0014522102143468974, 0.2880976476790883, 0.041907159435840544, 0.6685429826707241], [9.91930236658561e-05, 0.9998995948967964, 1.709786627850799e-07, 1.0411008748636255e-06], [0.00013409016781330867, 3.338615133153338e-05, 0.9998294059288121, 3.1177520432279093e-06], [1.9027867927017958e-05, 0.0015336209630933068, 0.0031998346075681897, 0.9952475165614115], [0.012802122659563769, 0.0324257133189759, 0.8398931087070465, 0.1148790553144139], [0.8383693948814291, 0.012670560797790453, 0.0011823127468183357, 0.14777773157396212], [0.25207496084896897, 0.6630331979295968, 0.07300630777910404, 0.011885533442330115], [0.014725740120222758, 0.014675450303249323, 0.009394346436038144, 0.9612044631404899], [0.045002784354806764, 0.15631957854125159, 0.5503691679100604, 0.24830846919388141], [0.03446732720438988, 0.003368504549150607, 0.9178107602852126, 0.04435340796124689], [0.00015837309327852204, 0.580564629654006, 0.22227672633672166, 0.19700027091599384], [0.012507124528816563, 0.06759884425490807, 0.07283483110110872, 0.8470592001151666], [0.8826823735680476, 0.0004765576814846906, 0.11683366189669674, 7.406853771010523e-06], [6.191568911601926e-06, 3.247866213729289e-07, 0.9998377530422741, 0.0001557306021930129], [0.7670438485681588, 0.1292145348532463, 8.872819401087008e-06, 0.1037327437591938], [1.5433186633312706e-05, 0.42470509948565655, 0.19804192938874435, 0.3772375379389659], [0.0077201020905065965, 4.892102672599414e-06, 7.890643288747611e-07, 0.9922742167424919], [0.8163075697068977, 0.0845775387269417, 2.620292429785541e-06, 0.0991122712737306], [0.0009552972549125013, 0.012124873185819741, 0.986879341784773, 4.0487774494645284e-05], [0.9999654268472031, 3.3794598012829965e-05, 7.45477755515992e-08, 7.040070084134822e-07], [0.020610884980118944, 0.076647403036534, 0.8979351397157154, 0.004806572267631766], [0.8749029929614573, 0.012340509916987675, 0.11196528491932559, 0.0007912122022292602], [0.11769050727495584, 0.0547714779732927, 0.0003172620214288662, 0.8272207527303226], [0.0001179321701271928, 0.9996268645429616, 9.223114481449268e-05, 0.00016297214209676634], [0.0043894678953288035, 0.0007603748216494521, 0.0015739826973177342, 0.993276174585704], [0.009260652145340269, 0.1431891738394586, 0.8475042100875637, 4.5963927637373376e-05], [9.647805428844229e-05, 0.997155481459782, 7.605386530009189e-05, 0.002671986620629528], [0.6747559288333257, 0.004409537861602793, 0.011209556621617342, 0.3096249766834543], [0.0007248640428033998, 0.9990745658979082, 5.49933663915388e-06, 0.0001950707226491509], [0.9974791089341226, 0.0015818011055572622, 0.00019739357033894038, 0.0007416963899810838], [0.9990627428251766, 0.00044103888013132046, 1.892590720895704e-09, 0.0004962164021013276], [0.003466404930877126, 0.0023580799060446737, 0.10822321065098758, 0.8859523045120906], [0.001795567257517758, 0.027083359367063086, 2.0000163010081133e-05, 0.971101073212409], [0.8083589887046154, 0.14779091007472064, 0.0007732432337825026, 0.043076857986881475], [0.038698208873618335, 0.1441153125599294, 0.8150687896234116, 0.0021176889430406655], [7.119519822549661e-07, 0.049570757176049425, 3.1757395198230194e-06, 0.9504253551324485], [6.6200321533319075e-06, 0.997115887779529, 0.002736716268122942, 0.00014077592019466495], [1.417502998199122e-07, 0.07968956434847253, 0.0033208337483689224, 0.9169894601528588], [1.5569985103012032e-10, 2.359950972684742e-07, 7.71602861893709e-08, 0.9999996866889167], [0.007016504366110612, 0.002146851545220285, 0.9908169184920466, 1.9725596622597936e-05], [0.8577437640333653, 0.09973700261281787, 7.164036758731827e-06, 0.042512069317058296], [0.014387875653490605, 0.984060645073731, 4.2338181860870244e-07, 0.0015510558909596558], [0.013857119151325759, 0.0007309012803048431, 0.0015419889325860318, 0.9838699906357835], [3.421101712211264e-06, 0.9660126453037006, 1.1888619067815776e-05, 0.03397204497551934], [0.3516802397064563, 0.006697529262871879, 0.0013141794973567079, 0.6403080515333152], [0.08725689012505777, 0.8917134667683755, 6.625434308286935e-07, 0.021028980563135718], [0.0031250760741619033, 2.7838381482918233e-05, 0.00019753030282803924, 0.9966495552415272], [6.1986672991016e-07, 0.002325695366792683, 9.401936767883984e-05, 0.9975796653987986], [0.9772951992619615, 0.0035315509226142992, 0.01915175143683583, 2.1498378588303576e-05], [0.04154324006589721, 0.02695289199512538, 0.9280650113790427, 0.003438856559934695], [0.9996648969027316, 0.0001418961672421609, 0.00019248011648539086, 7.268135407300509e-07], [0.04406224579443847, 0.003038099743971789, 0.9478035751167019, 0.005096079344887797], [0.08756969103055569, 0.4993606764386369, 3.4726217608825855e-05, 0.4130349063131987], [0.004211426047551608, 0.9065025723705118, 8.093564770004397e-10, 0.08928600077257998], [0.018500990760452498, 0.048495510256121685, 0.04880230524165725, 0.8842011937417685], [0.006127009797132218, 0.962427417760413, 0.019196212819467602, 0.012249359622987208], [0.9738922885707383, 0.026068349680333995, 3.7707922937028916e-05, 1.6538259908045276e-06], [0.001004836036874449, 0.7565877715948204, 0.15946835918267277, 0.08293903318563237], [8.418000704007478e-05, 0.5462998311447353, 0.3032102033997281, 0.1504057854484964], [0.005269574940753977, 0.20970546583208607, 0.7404807596139054, 0.0445441996132546], [9.418781463675292e-06, 1.802197770999128e-06, 0.003327847565756525, 0.9966609314550088], [0.061564944773674087, 0.9352490775672526, 0.0016758506783426338, 0.0015101269807307877], [0.0014686558043340975, 0.9984466906610334, 7.0585243982363065e-09, 8.464647610818241e-05], [0.24200267381980145, 0.7505580000873389, 0.0002870496409068602, 0.007152276451952908], [2.74140024153478e-05, 0.0004935152740685658, 8.595221047018303e-08, 0.9994789847713056], [0.17057839444219938, 0.8208126326806414, 0.0009614080808358185, 0.007647564796323476], [0.00011281817611119216, 0.9232429084166153, 0.004488005963918236, 0.07215626744335517], [0.7210140091884686, 0.1117127465303743, 0.004866125235468912, 0.16240711904568836], [0.9880613829111118, 0.01063277748080663, 3.5636285530296344e-07, 0.0013054832452262936], [0.9786951775813767, 0.01702942081968399, 0.002441041332416209, 0.0018343602665231217], [0.9455722903977717, 0.05157726497921278, 9.541863183062847e-06, 0.002840902759832563], [0.9969772689978954, 2.101841190245249e-06, 0.0013854615526282348, 0.001635167608286148], [0.1876277428811009, 0.6641549221446618, 0.09748150407092286, 0.050735830903314474], [0.007484411139789198, 0.8186593404185345, 0.05188057185891257, 0.12197567658276358], [0.8230349708765261, 0.1699518969704265, 0.00687401617157797, 0.000139115981469545], [0.008347873562455404, 0.9820600469662082, 0.00958439426019556, 7.685211140841239e-06], [2.503681364944349e-05, 0.7026070419104875, 0.0011797891561317155, 0.2961881321197314], [0.99683949428728, 1.1605613380712982e-05, 1.3491602823391526e-05, 0.0031354084965157796], [0.8774504165063851, 0.03965035762540411, 1.2392394157283058e-05, 0.08288683347405354], [0.998814804718255, 0.0003563939020653895, 4.409097443195051e-06, 0.0008243922822362857], [1.3507530116534082e-05, 0.9929721893973409, 2.4538723764059186e-06, 0.0070118492001661585], [1.256611079647003e-07, 0.7349430268333782, 1.1872831420422298e-08, 0.26505683563268245], [0.0006735013338595338, 0.9961262188911618, 0.0026341121089426584, 0.0005661676660359192], [0.04541800575874509, 0.010909017433394801, 0.0012088715459840896, 0.942464105261876], [0.0006787900270723607, 0.008298989975680909, 0.985785710902683, 0.005236509094563927], [5.135447816170281e-07, 5.920026667339318e-05, 0.8114331304246027, 0.18850715576394222], [0.7724676450264335, 2.47793760483365e-05, 1.2009600855088233e-05, 0.22749556599666315], [0.8760142923070884, 0.012763178797427829, 0.046903583279737995, 0.06431894561574586], [1.4340067178012158e-07, 0.9978027399734627, 0.00010884216256830916, 0.0020882744632970706], [0.0023762779361308187, 0.9545002001027747, 1.2564975290017532e-08, 0.04312350939611934], [8.684165230225838e-05, 0.0257179652636782, 0.010926654047869255, 0.9632685390361503], [0.7813378786524483, 0.10651306891564491, 7.478323936499232e-05, 0.11207426919254172], [0.47210287697958675, 0.012919288565872336, 0.1037778257886036, 0.4112000086659373], [0.0003222488785429266, 0.8103704117209117, 0.00856100484565902, 0.1807463345548863], [0.015852599280476134, 0.676665532405191, 0.17122904980881892, 0.1362528185055141], [0.0009584488155599481, 0.8989227060661684, 1.3526731185175323e-06, 0.1001174924451532], [0.16435851228135281, 0.0721424512975715, 0.7572794019243458, 0.006219634496729818], [2.794164258383067e-06, 0.022194720783241476, 0.014912456150130522, 0.9628900289023696], [0.04372086479276377, 0.2507867256540884, 0.6561116289484716, 0.04938078060467621], [0.9998245425406674, 3.862928542550346e-06, 4.904842061775774e-09, 0.00017158962594798698], [0.004567319552558492, 0.9787119078197623, 0.007853179414494408, 0.008867593213184788], [0.04537169758575437, 4.322062456495372e-06, 0.0003524924744635514, 0.9542714878773256], [0.019216489435753215, 0.00014381903012354564, 2.6779344775610435e-06, 0.9806370135996456], [0.00982509856144629, 0.9024671382559729, 0.00023821712601665744, 0.08746954605656425], [0.3017197263000617, 0.6870328547510052, 0.0013441237160857703, 0.009903295232847319], [6.58374953775689e-05, 0.5292927711093003, 0.0008840036816531744, 0.46975738771366904], [0.008518280007554365, 0.9914678142290447, 5.861850152609735e-06, 8.04391324835558e-06], [0.5854102628774608, 0.41448525651408846, 7.218086659621689e-06, 9.726252179104928e-05], [0.8825363121047657, 4.104016519706594e-06, 0.001218012957634689, 0.11624157092107998], [0.10503572418034113, 0.8293723951155353, 0.00012037690259953382, 0.06547150380152406], [0.0014094853569511206, 0.8922840339085231, 0.10541268349555052, 0.0008937972389751348], [0.0018182644943745946, 0.0076545175442496675, 0.0014786386482648613, 0.9890485793131109], [6.97730631181923e-08, 0.07228153989398713, 4.04994492924097e-06, 0.9277143403880205], [0.006381179748787483, 0.0003372168709136607, 0.9347401108374304, 0.058541492542868494], [0.4713208545090991, 0.07031651424453982, 0.00016842471750269438, 0.4581942065288584], [0.9986505486179729, 0.0008083459059093367, 0.00015697639706472886, 0.000384129079052929], [0.07937652746251848, 0.581498840661603, 0.3390511112785995, 7.35205972791261e-05], [0.3944733204155631, 0.011022624160149961, 0.036456336404805986, 0.558047719019481], [0.020462265528126213, 0.03365035131251091, 0.9449132298829254, 0.0009741532764375978], [1.6666550156912878e-06, 0.9983851651759764, 2.971061706739251e-06, 0.0016101971073010952], [0.0005103923961756868, 0.8358161424557534, 0.16358857181626438, 8.489333180650434e-05], [0.09255194019416957, 0.8873131548969883, 0.0009435723375086036, 0.01919133257133355], [0.0018993962531509373, 8.568886134334928e-06, 1.8034379616677886e-06, 0.9980902314227531], [0.6124446006916298, 0.3275227044668746, 0.06002650361939035, 6.191222105252472e-06], [9.488247354556751e-05, 0.7928980755119193, 0.20629501453307356, 0.0007120274814616026], [0.00022254606625468602, 0.19130341150336697, 0.02573620150347938, 0.7827378409268989], [0.03229007851655174, 0.012372858732913912, 0.00010077791407515374, 0.9552362848364592], [0.00033507464315285333, 0.028084876968610888, 0.001569814556936556, 0.9700102338312998], [1.1704958677862079e-08, 0.05885265264230362, 1.6260296258553654e-06, 0.941145709623112], [0.21286823935768584, 0.7807479509637026, 0.004437041907908423, 0.0019467677707031216], [0.00020070376238515457, 0.06590097343271718, 0.9313420691082355, 0.002556253696662185], [0.005676481119544188, 0.9943121012961545, 1.0112895695548856e-05, 1.3046886059098432e-06]]}}