{"test": {"ids": ["104113210", "103117461", "99107950", "99116500", "113117340", "110119300", "98107210", "104119290", "113120070", "111121190", "112119320", "111120540", "100109801", "108120280", "98120010", "108113700", "109114030", "110115120", "112121351", "102109010", "107113170", "98121790", "112118581", "99107630", "112118620", "112118511", "105121190", "110118880", "107113360", "102116340", "111120320", "112119610", "101119591", "109117630", "113119930", "105120280", "111119610", "98116090", "112118421", "109119340", "113121680", "97106600", "111118820", "113120531", "106113170", "97118210", "107117010", "102118380", "98109090", "111116640", "104116980", "113120830", "111120280", "111116990", "107114321", "112116451", "105117351", "113118810", "112118530", "107114621", "102109840", "108114180", "105115380", "108120621", "98111620", "111117200", "113122320", "103111540", "99108520", "98110230", "109119010", "105117200", "97105960", "103118110", "113120591", "110115710", "113118511", "113122430", "102109910", "112116990", "104111550", "111116290", "99117630", "103113260", "109118161", "111116170", "110118810", "109113881", "105110251", "109118701", "97113900", "108120700", "102121440", "98108580", "98106880", "103113210", "107120260", "104113170", "109115220", "104113000", "104119340", "109120560", "107118780", "107112840", "105121370", "108117451", "99108330", "109120150", "103120730", "111120220", "105113170", "99121440", "107114950", "110119891", "97109570", "107120130", "100111080", "103120290", "100108080", "110118301", "99108710", "99109370", "111117000", "101113210", "111118301", "111117120", "104109311", "109118231", "107121700", "109118820", "97107040", "111118810", "110114561", "104112201", "108117720", "100108490", "102108621", "104114240", "105111990", "104114230", "105119950", "106114150"], "labels": [3, 0, 1, 2, 2, 1, 1, 1, 2, 1, 1, 1, 0, 3, 2, 0, 1, 0, 0, 1, 0, 2, 1, 2, 3, 1, 2, 0, 0, 3, 1, 0, 0, 0, 1, 3, 2, 0, 3, 3, 1, 3, 0, 0, 0, 2, 1, 1, 1, 0, 1, 3, 0, 0, 0, 0, 0, 3, 1, 0, 2, 1, 1, 1, 3, 0, 1, 1, 2, 3, 3, 3, 2, 2, 0, 2, 1, 2, 2, 0, 1, 2, 3, 3, 0, 0, 1, 0, 0, 3, 2, 2, 2, 0, 0, 3, 1, 3, 3, 1, 1, 1, 1, 1, 2, 2, 1, 2, 1, 3, 0, 2, 3, 3, 0, 2, 0, 2, 0, 1, 2, 1, 0, 3, 3, 2, 3, 1, 3, 3, 2, 0, 0, 0, 1, 2, 3, 0, 2, 2, 3, 1], "predicted_labels": [0, 0, 2, 1, 2, 1, 2, 3, 2, 3, 2, 1, 1, 0, 0, 0, 3, 1, 3, 1, 0, 2, 2, 3, 0, 3, 1, 1, 3, 3, 3, 1, 0, 1, 0, 1, 2, 1, 1, 0, 1, 2, 0, 0, 1, 2, 2, 2, 1, 0, 2, 1, 3, 0, 3, 0, 0, 3, 1, 3, 1, 3, 1, 1, 2, 3, 1, 3, 2, 1, 3, 1, 2, 3, 3, 1, 3, 3, 0, 0, 3, 0, 1, 1, 1, 3, 0, 1, 3, 3, 2, 1, 1, 1, 2, 1, 1, 1, 3, 0, 3, 2, 1, 1, 3, 3, 3, 0, 0, 1, 3, 1, 3, 3, 3, 1, 1, 2, 1, 1, 1, 3, 3, 1, 3, 1, 3, 1, 1, 2, 2, 3, 1, 0, 3, 0, 0, 0, 1, 2, 1, 1], "confidence_scores": [[0.5001205453764509, 0.12749958558480382, 0.03716191125348321, 0.33521795778526237], [0.45059818815800556, 0.24809176242166878, 0.02501254576026663, 0.2762975036600585], [0.003812279456027353, 0.20129529006376662, 0.6220163470801123, 0.17287608340009372], [0.009264018952963832, 0.3294122307481932, 0.6176642843184283, 0.04365946598041422], [0.059754282167878, 0.2575944197395424, 0.5265073688430636, 0.15614392924951606], [0.30200122860190587, 0.4340100283300613, 0.0424154366230766, 0.2215733064449564], [0.08259125289899524, 0.20027433718575485, 0.5108388724483192, 0.20629553746693086], [0.04293385388029608, 0.1998184571526103, 0.18436748359597346, 0.5728802053711197], [0.07334654664824393, 0.0335335549534011, 0.5865112407223134, 0.3066086576760412], [0.1502590043378784, 0.152232859494458, 0.03857244566742096, 0.6589356905002426], [0.003660952124799752, 0.02570298256780907, 0.9268762510584131, 0.043759814248977943], [0.05611709903538752, 0.601769571126943, 0.2329647126293343, 0.10914861720833562], [0.04337419346604665, 0.6787742314516922, 0.0648553322739073, 0.21299624280835394], [0.4944131626568228, 0.04603065320250445, 0.06504902451693807, 0.3945071596237346], [0.3165617739094922, 0.2142883354018276, 0.279969520881852, 0.18918036980682795], [0.8351604865007707, 0.1319297799943454, 0.010846226947693657, 0.022063506557190554], [0.07560694940950691, 0.2171943603862656, 0.18890512511491167, 0.518293565089316], [0.11767802617412045, 0.46368434604507575, 0.02899124494808629, 0.38964638283271763], [0.4286509562798649, 0.11550620583829997, 0.006418280231876477, 0.44942455764995876], [0.17020837082931323, 0.6888887932835176, 0.0362933251476646, 0.1046095107395045], [0.39945469434093445, 0.2842636289077608, 0.07967409255971983, 0.23660758419158462], [0.0774473390003387, 0.11141932896460101, 0.7631652463034613, 0.04796808573159911], [0.04581311648995988, 0.0962883740080694, 0.7954257201862851, 0.06247278931568605], [0.31553528146669824, 0.029243114527459348, 0.17140532437695383, 0.4838162796288884], [0.5315986082843983, 0.11502859126732977, 0.007776492464587237, 0.3455963079836849], [0.10769672275943633, 0.14826918375078013, 0.14741556021481897, 0.5966185332749645], [0.02319985249691465, 0.3251853663084015, 0.4615054411099124, 0.1901093400847714], [0.15170891166538303, 0.6269817079489669, 0.012669407810420192, 0.20863997257523004], [0.37108649393882004, 0.20872802911421895, 0.03529977039832985, 0.3848857065486314], [0.022558218517021073, 0.07931938940983288, 0.33588606035537116, 0.562236331717775], [0.0644445307087546, 0.3073528674887079, 0.02812090489223579, 0.6000816969103014], [0.18247373263014305, 0.3661355608223469, 0.16273176190269478, 0.2886589446448158], [0.8155106972057415, 0.031173204852379205, 0.01652441881018707, 0.13679167913169224], [0.1340118159014634, 0.7478897136685209, 0.09695814458392478, 0.021140325846090782], [0.48482155357315565, 0.2645111960092467, 0.045587480470534215, 0.2050797699470633], [0.05368483697186119, 0.3454529814585499, 0.49940476781432597, 0.10145741375526308], [0.07196978923282936, 0.05080532906914725, 0.8253226882265207, 0.05190219347150311], [0.12474047383432982, 0.49644140832397265, 0.055930503744482635, 0.32288761409721506], [0.17656095308070854, 0.49869602248415684, 0.011933430620081488, 0.3128095938150529], [0.5784649146409377, 0.192439046601024, 0.10958094522044216, 0.11951509353759619], [0.036555732664223343, 0.6810878875206209, 0.08062701378887853, 0.20172936602627725], [0.0648190678892256, 0.07461923291192912, 0.7669704829058825, 0.0935912162929627], [0.7194912226700374, 0.09183525865517363, 0.010485401536649666, 0.17818811713813926], [0.33176374695868577, 0.30842517932331825, 0.03904345759865315, 0.3207676161193429], [0.09083771129250803, 0.8704700903268532, 0.007613537833958317, 0.03107866054668065], [0.10765756078985927, 0.07118630577337366, 0.5877392926157494, 0.2334168408210179], [0.026039970560665263, 0.018040249917718316, 0.8904967527994291, 0.0654230267221874], [0.051688746639492016, 0.14839788450420582, 0.7352170118834367, 0.06469635697286537], [0.05920744864418549, 0.26712127903409527, 0.42185151162718937, 0.2518197606945298], [0.6202660084376906, 0.23728433834753695, 0.07544845878459414, 0.06700119443017839], [0.009705297049863448, 0.04411700706275772, 0.8860645101978024, 0.0601131856895763], [0.13198545629589714, 0.33790399400681587, 0.392552366381086, 0.13755818331620126], [0.2094100495731463, 0.2222202208021574, 0.0020900705810780198, 0.5662796590436179], [0.5233902383781063, 0.2611363905962471, 0.0775624242680721, 0.13791094675757454], [0.1171321844623955, 0.10109740656324565, 0.05644732099183729, 0.7253230879825214], [0.4989239269745068, 0.2775840293869895, 0.008424923163273161, 0.21506712047523024], [0.5407634392752126, 0.06385728476015687, 0.01778483539028014, 0.3775944405743503], [0.12940947230686595, 0.3085017352411931, 0.03558357491170325, 0.5265052175402377], [0.037306704794829955, 0.7843394462821374, 0.1600460284257579, 0.0183078204972749], [0.02880889396256792, 0.12573640347531853, 0.023408890383094367, 0.8220458121790195], [0.0499814371076412, 0.7102839241221551, 0.2096072327786106, 0.030127405991593404], [0.01978292997148109, 0.02047672718762631, 0.042827185713015914, 0.9169131571278765], [0.06286042111890068, 0.3986424160420111, 0.49373747136187146, 0.04475969147721697], [0.4298564712662745, 0.46283605595462723, 0.023159562329171223, 0.08414791044992662], [0.15352909460551092, 0.09188782986753298, 0.6150263715956535, 0.13955670393130248], [0.2634220602370775, 0.3125569958448235, 0.01773747418973023, 0.40628346972836904], [0.178782543124155, 0.6292999573389569, 0.023250480119840405, 0.1686670194170475], [0.20721385541595513, 0.23169514497600424, 0.17360760737941638, 0.38748339222862466], [0.031393110181972744, 0.1667726943321895, 0.7963163697790225, 0.005517825706814948], [0.04583561132825274, 0.8129642962771789, 0.0393408066246192, 0.1018592857699491], [0.18088840304403936, 0.07263920879129393, 0.19391815096662923, 0.5525542371980376], [0.27065491161112365, 0.3041532293926289, 0.2577443328783794, 0.16744752611786787], [0.025958455860514446, 0.05648155676440625, 0.7145998253828832, 0.202960161992196], [0.07981250446266865, 0.04717601352687808, 0.45874221076686766, 0.4142692712435861], [0.3309352247935683, 0.190506076823923, 0.017667214292893096, 0.46089148408961544], [0.1556021240494178, 0.36459928191459273, 0.29485597511521533, 0.18494261892077385], [0.19721873971580278, 0.15654153537305673, 0.17582771799994934, 0.47041200691119106], [0.050673922102482935, 0.3905121512016189, 0.048693600838984975, 0.510120325856913], [0.6444283098393498, 0.07051394489738183, 0.08255804054248701, 0.20249970472078144], [0.8245213629310211, 0.005836154918826157, 0.029469629980262344, 0.14017285216989053], [0.1417426445031982, 0.20519731915041128, 0.38241048303518443, 0.27064955331120616], [0.47357616607385505, 0.20178700150372367, 0.18201834245244042, 0.1426184899699808], [0.3277231757579634, 0.44906119053726656, 0.13419797128644156, 0.08901766241832867], [0.10106292707700723, 0.7086215774993692, 0.07283503268559384, 0.11748046273802987], [0.271791426583361, 0.5109583219775998, 0.013310775766147157, 0.20393947567289206], [0.11809864060698515, 0.2786519606933824, 0.003614978386604949, 0.5996344203130277], [0.3942679651453394, 0.21268852513133749, 0.14577580477656005, 0.2472677049467629], [0.12814709657988033, 0.642200612047203, 0.14427326710022073, 0.08537902427269603], [0.028770887683316794, 0.47208064058417765, 0.03940481812243371, 0.45974365361007163], [0.0728612642435136, 0.20962159058446278, 0.008735363142484213, 0.7087817820295392], [0.20935899831731467, 0.14563063599087914, 0.6274604028576082, 0.017549962834198057], [0.24473921416361039, 0.41324826660997926, 0.055710823196631516, 0.286301696029779], [0.10420903013516215, 0.7524860903478792, 0.043996234513692625, 0.09930864500326568], [0.24104381642385053, 0.35316678855505856, 0.30495212086257706, 0.10083727415851391], [0.07747240917827178, 0.09409645265095687, 0.6885811791319624, 0.1398499590388091], [0.3253331385052744, 0.49577071318868543, 0.13715451513730698, 0.0417416331687331], [0.23616603756988291, 0.6757440832832018, 0.036553069576340316, 0.05153680957057497], [0.04974611560785663, 0.7386519407080061, 0.09169433227944092, 0.11990761140469616], [0.03852407371679436, 0.08798756938496578, 0.018778407111505833, 0.8547099497867338], [0.6023070051154229, 0.0106157381398681, 0.016912533805225786, 0.3701647229394831], [0.15340155355753327, 0.2588045613703993, 0.014757489773671957, 0.5730363952983953], [0.00675758410613522, 0.0392598559805742, 0.926964540703398, 0.027018019209892653], [0.22036368952355073, 0.4818316854346294, 0.006369812924712297, 0.2914348121171077], [0.3881845071410558, 0.38245927123467094, 0.11552200320377608, 0.1138342184204974], [0.03719293921443489, 0.14469967184054514, 0.2029218961066553, 0.6151854928383644], [0.3851233392950439, 0.007102087636334206, 0.0011243298648586993, 0.6066502432037632], [0.2278311635357777, 0.29667109088326205, 0.1657618661511187, 0.30973587942984143], [0.38898800992384086, 0.1863095642289039, 0.3243185574937143, 0.1003838683535409], [0.46749738129293916, 0.3330518633796623, 0.010892570397237086, 0.1885581849301616], [0.23462973294835696, 0.6942316662838187, 0.009545365835774535, 0.061593234932049636], [0.13591837385684621, 0.09147411339530633, 0.018392953624122625, 0.754214559123725], [0.04800145042137478, 0.8638017798706517, 0.046032536231538385, 0.042164233476434713], [0.1872780480279665, 0.04765214521592015, 0.025871718550171532, 0.7391980882059419], [0.023753495864365034, 0.28274362712537543, 0.07615418924245562, 0.6173486877678039], [0.17847091025565953, 0.16168925331838796, 0.3176444549232838, 0.3421953815026683], [0.18364925998181264, 0.31564463497716505, 0.4378935489149295, 0.06281255612609259], [0.09420403859939648, 0.6102090726083956, 0.2142003483958577, 0.08138654039635006], [0.07392550206782597, 0.024172775286309994, 0.8906257516423471, 0.01127597100351695], [0.05080044395900179, 0.8223330649719316, 0.04040924053418802, 0.08645725053487827], [0.10616572106406774, 0.6550150248476229, 0.022606271797878694, 0.2162129822904305], [0.09667244339913454, 0.4720186090988305, 0.04340966612928795, 0.38789928137274715], [0.1129820183597736, 0.2286483795064712, 0.07344791216719651, 0.5849216899665587], [0.0853523497834816, 0.21533707303016375, 0.039180239198328366, 0.6601303379880262], [0.10494982742513873, 0.55712755343303, 0.044121890261389754, 0.2938007288804415], [0.237848616256535, 0.2281939035728107, 0.14954917715146074, 0.38440830301919354], [0.09117464003081575, 0.4872676976121534, 0.06268527383884484, 0.3588723885181859], [0.23105648913909554, 0.2631396963877538, 0.010308239756600099, 0.49549557471655015], [0.17266068567753673, 0.6266372845641834, 0.03941251178392654, 0.16128951797435398], [0.10102531925912184, 0.5800941222586457, 0.14567675838958763, 0.17320380009264483], [0.16859693000364898, 0.20610947496978424, 0.5245580583216096, 0.10073553670495732], [0.0592440367481685, 0.03458403792567666, 0.7967140681586539, 0.10945785716750113], [0.21786571006068278, 0.23322743860173625, 0.0014897044426506589, 0.5474171468949304], [0.2923679396749273, 0.3646235504182132, 0.10521209127778705, 0.23779641862907258], [0.5757938347024592, 0.09456632914466982, 0.010584182295610286, 0.31905565385726103], [0.08163588308612696, 0.4059721244635138, 0.08146801844135142, 0.43092397400900795], [0.37084255589602283, 0.21049360291693014, 0.17235328565459662, 0.2463105555324502], [0.6053997967328009, 0.10577367151239682, 0.032089397957418636, 0.25673713379738383], [0.36759030428755984, 0.26322091084293614, 0.1399462557704096, 0.22924252909909448], [0.2163471539717294, 0.4190941702083516, 0.005953440055974342, 0.35860523576394493], [0.031163232280841006, 0.1441255462074042, 0.753524269517277, 0.07118695199447767], [0.2380352005506333, 0.6112186153031965, 0.04238581600421084, 0.10836036814195923], [0.20447366103545517, 0.4319774375902108, 0.23937551001120647, 0.12417339136312756]]}, "rewritten": {"ids": ["97105960", "97106600", "97107040", "97109570", "97113900", "97118210", "98106880", "98107210", "98108580", "98109090", "98110230", "98111620", "98116090", "98120010", "98121790", "99107630", "99107950", "99108330", "99108520", "99108710", "99109370", "99116500", "99117630", "99121440", "100108080", "100108490", "100109801", "100111080", "101113210", "101119591", "102108621", "102109010", "102109840", "102109910", "102116340", "102118380", "102121440", "103111540", "103113210", "103113260", "103117461", "103118110", "103120290", "103120730", "104109311", "104111550", "104112201", "104113000", "104113170", "104113210", "104114230", "104114240", "104116980", "104119290", "104119340", "105110251", "105111990", "105113170", "105115380", "105117200", "105117351", "105119950", "105120280", "105121190", "105121370", "106113170", "106114150", "107112840", "107113170", "107113360", "107114321", "107114621", "107114950", "107117010", "107118780", "107120130", "107120260", "107121700", "108113700", "108114180", "108117451", "108117720", "108120280", "108120621", "108120700", "109113881", "109114030", "109115220", "109117630", "109118161", "109118231", "109118701", "109118820", "109119010", "109119340", "109120150", "109120560", "110114561", "110115120", "110115710", "110118301", "110118810", "110118880", "110119300", "110119891", "111116170", "111116290", "111116640", "111116990", "111117000", "111117120", "111117200", "111118301", "111118810", "111118820", "111119610", "111120220", "111120280", "111120320", "111120540", "111121190", "112116451", "112116990", "112118421", "112118511", "112118530", "112118581", "112118620", "112119320", "112119610", "112121351", "113117340", "113118511", "113118810", "113119930", "113120070", "113120531", "113120591", "113120830", "113121680", "113122320", "113122430"], "labels": [2, 3, 2, 0, 2, 2, 0, 1, 0, 1, 3, 3, 0, 2, 2, 2, 1, 1, 2, 2, 1, 2, 3, 2, 0, 2, 0, 0, 3, 0, 3, 1, 2, 2, 3, 1, 2, 1, 3, 3, 0, 2, 2, 1, 3, 1, 0, 1, 3, 3, 2, 0, 1, 1, 1, 0, 2, 0, 1, 3, 0, 3, 3, 2, 2, 0, 1, 1, 0, 0, 0, 0, 3, 1, 1, 2, 1, 3, 0, 1, 2, 1, 3, 1, 2, 0, 1, 3, 0, 0, 1, 3, 3, 3, 3, 2, 1, 0, 0, 2, 1, 1, 0, 1, 3, 0, 2, 0, 0, 0, 2, 0, 3, 0, 0, 2, 3, 0, 1, 1, 1, 0, 0, 3, 1, 1, 1, 3, 1, 0, 0, 2, 1, 3, 1, 2, 0, 0, 3, 1, 1, 2], "predicted_labels": [2, 2, 2, 3, 2, 3, 1, 1, 0, 3, 1, 2, 3, 0, 2, 3, 2, 1, 2, 1, 3, 1, 1, 1, 1, 0, 1, 1, 1, 0, 0, 1, 1, 0, 3, 2, 1, 1, 0, 1, 3, 3, 2, 1, 3, 2, 0, 0, 1, 0, 2, 3, 2, 3, 3, 1, 1, 3, 1, 3, 0, 1, 1, 2, 3, 1, 1, 1, 3, 3, 3, 3, 3, 2, 3, 1, 1, 1, 0, 3, 0, 3, 0, 0, 3, 1, 1, 3, 1, 1, 1, 3, 2, 3, 0, 0, 2, 0, 3, 1, 1, 0, 1, 1, 3, 3, 0, 0, 0, 3, 3, 3, 3, 3, 0, 2, 1, 3, 3, 1, 3, 0, 0, 0, 3, 1, 2, 0, 2, 1, 3, 2, 3, 3, 0, 3, 0, 3, 1, 1, 1, 1], "confidence_scores": [[0.03984610916475776, 0.04595298115246158, 0.7370787633519063, 0.1771221463308745], [0.19409861794154448, 0.16245739243111004, 0.5165104533371851, 0.12693353629016024], [0.05948633145065064, 0.07543203105011735, 0.6502468587614806, 0.21483477873775153], [0.21743745345925566, 0.2228155534544426, 0.19155986296610697, 0.3681871301201951], [0.20057711474640158, 0.1780143572315717, 0.5978183246946015, 0.023590203327425133], [0.1788460187552234, 0.059072562446854174, 0.35285709946539673, 0.40922431933252545], [0.1120519211459889, 0.24069192791371757, 0.4222087066323993, 0.22504744430789422], [0.11946297056943529, 0.22101988301072925, 0.3970825946228004, 0.2624345517970349], [0.3307408902086224, 0.2963340066687126, 0.24565503989000054, 0.12727006323266443], [0.05390216391686043, 0.25824464900339744, 0.34860609667773657, 0.3392470904020055], [0.04892640735833821, 0.7861736308339118, 0.05080768109006081, 0.11409228071768901], [0.18312902136993459, 0.10137937982744363, 0.669501570946463, 0.04599002785615863], [0.17890049590192617, 0.3197544326909354, 0.02271813194610852, 0.4786269394610299], [0.3980306772107271, 0.1840606136455471, 0.17811049519439245, 0.2397982139493331], [0.17034892996368686, 0.26132066748810534, 0.5065091356775128, 0.06182126687069491], [0.22741331430796596, 0.050444040788693016, 0.2679149483842125, 0.45422769651912853], [0.004982053544674329, 0.223726110776727, 0.5802194873752895, 0.19107234830330916], [0.19672198494686088, 0.36231496828523185, 0.16383431478259586, 0.27712873198531107], [0.035661930157947046, 0.14082664759143285, 0.8182404899619126, 0.0052709322887076505], [0.10749466558334628, 0.5274629156237675, 0.043091901349494456, 0.32195051744339215], [0.12092236554490796, 0.39879896107747376, 0.10804333373241853, 0.3722353396451995], [0.012310747616501189, 0.4150425349437282, 0.4966176800895858, 0.07602903735018482], [0.33854216345997806, 0.37036875135998093, 0.17951081406529049, 0.11157827111475042], [0.038298719517820885, 0.9049884898516944, 0.04102638704767327, 0.015686403582811325], [0.056383934287063786, 0.8273598295204219, 0.013736821635749609, 0.10251941455676454], [0.4502775839566439, 0.2799405098560107, 0.10081042108320892, 0.16897148510413681], [0.08057883631991804, 0.5373281609502403, 0.11778327723390943, 0.26430972549593235], [0.07737958142059917, 0.5881270212372985, 0.19257431070846015, 0.1419190866336423], [0.11169372846503517, 0.5416545128981138, 0.03940874154675166, 0.30724301709009894], [0.8246630363179834, 0.02092174331036548, 0.010229838897553583, 0.14418538147409757], [0.6584114690483583, 0.09848157900005107, 0.034655522375649936, 0.20845142957594087], [0.14669505251945858, 0.718794261190389, 0.03381216945830846, 0.10069851683184416], [0.08257494933394532, 0.7268851404746874, 0.12042074644795009, 0.0701191637434172], [0.6946849500221113, 0.08049842464899971, 0.10211879839595499, 0.12269782693293395], [0.027271367473289242, 0.14523653415172677, 0.3386881496393428, 0.4888039487356413], [0.035055956986468746, 0.10368165064096492, 0.8159833543244188, 0.04527903804814755], [0.090894042357152, 0.7528133305910037, 0.047198246816359424, 0.10909438023548469], [0.179968644059798, 0.33791440817953694, 0.33278705019523436, 0.14932989756543066], [0.4666537262293695, 0.38113257840617276, 0.10177943317316837, 0.050434262191289075], [0.09388793537726928, 0.674999290445171, 0.09083309706933326, 0.14027967710822653], [0.21242985977892379, 0.21133111799784468, 0.04019040087957706, 0.536048621343654], [0.05515301223975644, 0.09138008035233655, 0.2901403707590561, 0.5633265366488508], [0.027748750178626325, 0.0336485538557705, 0.9300956342787629, 0.008507061686840725], [0.3081555167403659, 0.43282126688609573, 0.01180735927246375, 0.2472158571010746], [0.21274551019067237, 0.2887185205813653, 0.018504160915351432, 0.4800318083126108], [0.26912551524591155, 0.147544725467601, 0.4083165844500494, 0.1750131748364382], [0.6159323856143964, 0.07342949641690989, 0.013956686967844896, 0.29668143100084904], [0.6626509518803932, 0.010488587605037528, 0.02346792140900865, 0.30339253910556047], [0.09208623754480615, 0.7312240704140781, 0.06239970855437719, 0.11428998348673819], [0.4911778606230922, 0.2442179709522255, 0.049557775821529315, 0.21504639260315322], [0.037083762676182984, 0.06354763124060149, 0.8294498631004892, 0.06991874298272625], [0.34928180988519403, 0.2139592061337802, 0.07978360574212563, 0.3569753782389001], [0.0180311692169993, 0.03870746486286971, 0.8326904906964002, 0.11057087522373071], [0.03798771494943684, 0.17542249297354273, 0.18332764466748738, 0.603262147409533], [0.22322176108386205, 0.28741213456195563, 0.008784049389894688, 0.48058205496428774], [0.04150238235769804, 0.5259025328351385, 0.039312448807372585, 0.3932826359997911], [0.20691940316392995, 0.48721361081442305, 0.006727489227060038, 0.299139496794587], [0.15476349450126411, 0.06525123443911487, 0.015473029506108665, 0.7645122415535122], [0.10600405028218533, 0.35299348460824126, 0.48063010052749217, 0.06037236458208139], [0.2371979649297027, 0.248943728202673, 0.1944412930304382, 0.3194170138371862], [0.5940807937570183, 0.042738234699907854, 0.017547741952935816, 0.34563322959013776], [0.2522907467744455, 0.5764611033069765, 0.04488906966276041, 0.12635908025581763], [0.10204740865989852, 0.41602255616640327, 0.3276622727192409, 0.15426776245445697], [0.018566713693131152, 0.2212920237751451, 0.6324182089625844, 0.12772305356913946], [0.031119515526337217, 0.15184378051680714, 0.2784764699042894, 0.5385602340525661], [0.16167575771543896, 0.7639767203771479, 0.013562083344056687, 0.06078543856335632], [0.2893046679377112, 0.38550180508938375, 0.23969701749196576, 0.08549650948093908], [0.26771644604322764, 0.5413420646618731, 0.08254225712535831, 0.1083992321695409], [0.3186421371325832, 0.2472149199714893, 0.07183848626544946, 0.3623044566304781], [0.3225203189218594, 0.24645632160973913, 0.04499432275071404, 0.3860290367176875], [0.1500683849119917, 0.10883906789381688, 0.11101438044142431, 0.630078166752767], [0.06398266766501995, 0.23092021872523377, 0.04466674505549147, 0.6604303685542546], [0.10787602502381317, 0.11273359523829855, 0.04969788609907956, 0.7296924936388086], [0.013641248950900157, 0.020496492833014822, 0.932842970116698, 0.03301928809938696], [0.32789847418048446, 0.27638044034372633, 0.00556490068207472, 0.3901561847937148], [0.2211769116175743, 0.43033933843574024, 0.25384671940045217, 0.09463703054623324], [0.17739795329528085, 0.7355232835346648, 0.04378064651644345, 0.04329811665361062], [0.11573248268439959, 0.49952393536311884, 0.2356807828915977, 0.14906279906088388], [0.8002088686728488, 0.15161705690356933, 0.02131053059160143, 0.02686354383198043], [0.015430769959093565, 0.014978111116456588, 0.0367500261941379, 0.9328410927303118], [0.633604171086369, 0.008958388758448248, 0.002479182487069955, 0.35495825766811295], [0.07724635197743092, 0.4314343238577323, 0.09246934697080883, 0.39884997719402804], [0.5236283285865193, 0.06636990962743994, 0.05658497579307436, 0.3534167859929662], [0.5431079507202771, 0.3543742671474686, 0.01624301878361632, 0.08627476334863783], [0.21376304913575267, 0.3576107041736724, 0.05077898123756014, 0.3778472654530147], [0.09735532043930219, 0.6356496631079376, 0.1668296135115922, 0.10016540294116784], [0.05908728166155317, 0.5481563312200447, 0.1260036710674927, 0.2667527160509091], [0.028427051758478223, 0.09623472977350006, 0.026111285439349582, 0.8492269330286719], [0.12830893309502867, 0.7754048445758669, 0.07210715102078348, 0.024179071308321504], [0.22388365976437297, 0.5565122950292171, 0.01532559668251622, 0.2042784485238938], [0.2307351240392943, 0.4860173697089237, 0.06569318927154545, 0.21755431698023658], [0.09898931557825813, 0.3081028319079655, 0.008639914453890236, 0.584267938059886], [0.26542863947960443, 0.16019500791300006, 0.4483397590131512, 0.1260365935942446], [0.11591090700645036, 0.038352742629615605, 0.432828009985824, 0.41290834037810986], [0.5384503610568773, 0.17023306661185825, 0.02650608489941926, 0.2648104874318448], [0.4588118114418922, 0.19742885451780118, 0.2656977222013313, 0.07806161183897523], [0.006513590848580394, 0.06633216536930951, 0.8930853907287782, 0.0340688530533316], [0.4848299220716326, 0.20278436173167966, 0.08126498925438645, 0.23112072694230185], [0.08357932241014135, 0.36833350086532674, 0.033351397299406886, 0.5147357794251248], [0.13549587535407193, 0.28132925352644955, 0.42122227039327925, 0.161952600726199], [0.1389305503597146, 0.6763476935061191, 0.010501599757426745, 0.17422015637673963], [0.2992441880737397, 0.2762630372128709, 0.15150178861957134, 0.27299098609381844], [0.14929604520984974, 0.6122806152379843, 0.015555917870839434, 0.2228674216813263], [0.17609989210750457, 0.5381067997099136, 0.05387362572738768, 0.23191968245519418], [0.06062468228277118, 0.3151397949849542, 0.10186954408137247, 0.5223659786509025], [0.07426592555290615, 0.29673483385485716, 0.003826056009272328, 0.6251731845829643], [0.597933150206105, 0.16396246940496265, 0.09991127530920335, 0.1381931050797289], [0.5525095902360202, 0.26680240048756615, 0.07408876247925904, 0.10659924679715486], [0.7996885005131203, 0.09319597014689014, 0.015236997220951298, 0.09187853211903853], [0.0487475164868811, 0.3186524858726216, 0.04940011395542271, 0.583199883685074], [0.07771234594432119, 0.4178022630972682, 0.07528098043635342, 0.42920441052205743], [0.21654451076756956, 0.28614094377782445, 0.041412233225103005, 0.45590231222950256], [0.1460208554727323, 0.18613378262223662, 0.243854278978739, 0.4239910829262919], [0.18094079008093392, 0.3864539853833599, 0.0018151874325241866, 0.4307900371031822], [0.6020267346568458, 0.10777710882539997, 0.01868771221953084, 0.27150844429822324], [0.01739097565726804, 0.03198926932077562, 0.9425439060270321, 0.008075848994924025], [0.23072245176594983, 0.6916457749391756, 0.011016416587758683, 0.06661535670711614], [0.18192051946756416, 0.2958296019607806, 0.0021464542601479846, 0.5201034243115077], [0.07204394664640572, 0.2132354888605639, 0.04382217307626761, 0.6708983914167626], [0.05416230508043389, 0.7789057515583394, 0.09941664899154197, 0.0675152943696848], [0.13653828953975627, 0.13402035643741572, 0.02070405328256202, 0.7087373007402661], [0.4701064204947121, 0.28052369068884103, 0.013337002960478109, 0.23603288585596877], [0.8702234387303819, 0.009560040111964893, 0.02487464973704857, 0.09534187142060459], [0.22538215320657592, 0.38634661072038956, 0.012877153071456421, 0.37539408300157784], [0.08775869529402476, 0.07631107110556068, 0.08194738436411775, 0.7539828492362967], [0.02858867098569786, 0.7280429237598144, 0.23199898182781414, 0.011369423426673471], [0.11358910766291938, 0.09020834784367895, 0.6100546317070857, 0.18614791278631548], [0.5396017516092416, 0.10047424011259609, 0.02098739354866657, 0.3389366147294957], [0.00696241231427169, 0.04084585691373258, 0.910032306004324, 0.04215942476767161], [0.22120771024725017, 0.32812413361932713, 0.2572320123257575, 0.19343614380766488], [0.3565294704371315, 0.12556006458599925, 0.0097040864688691, 0.5082063785080002], [0.07520474001959153, 0.20417317778960722, 0.5002469593241623, 0.22037512286663918], [0.20264985341059283, 0.09192672928186912, 0.10001350191936684, 0.605409915388171], [0.11828423415151346, 0.3086706720493867, 0.04295123011748493, 0.5300938636816148], [0.5218560294321655, 0.24391071307395468, 0.04496405691344814, 0.18926920058043176], [0.05639545549309567, 0.06211789847003524, 0.4361094649629091, 0.44537718107395996], [0.2767617020587953, 0.33113464059348696, 0.032638600776552014, 0.3594650565711656], [0.3434671189024562, 0.15491716142372358, 0.017224406908554226, 0.48439131276526604], [0.15067223864552207, 0.34685464589138953, 0.3302445793141313, 0.17222853614895697], [0.04774738128715, 0.5415495850486421, 0.09449463184206483, 0.31620840182214277], [0.23850843123802473, 0.5815179542623737, 0.030598707275337554, 0.1493749072242641], [0.01889849894781972, 0.5668206984312599, 0.10079838997964727, 0.3134824126412727]]}}