{"test": {"ids": ["97108520", "109114270", "99111340", "105116980", "113120780", "104117630", "98111620", "101111210", "110118740", "102107961", "107114140", "113120540", "107118490", "103118110", "104111620", "105117351", "110118450", "111116640", "113119950", "101114020", "100111380", "97112170", "112121360", "111117120", "109117080", "110118121", "101114990", "99112300", "109121351", "104116980", "110118181", "110120540", "99107640", "109117150", "113120280", "107114280", "107115250", "102113350", "97118210", "102118380", "104109311", "113121810", "108118810", "111116010", "105112100", "100109000", "98111860", "100108580", "102110690", "107116501", "112120290", "109119591", "107113130", "107118780", "113117630", "99108330", "112118620", "100108490", "103110100", "112121430", "104114740", "108118291", "108117360", "111115400", "111120640", "101108460", "109113281", "111119430", "104114320", "111114941", "100120780", "107119950", "105115720", "107114490", "98107210", "108113480", "103113101", "105112130", "113119930", "111119930", "97114170", "100109360", "99108310", "103113210", "99119830", "110113931", "107114200", "112120670", "98110680", "108116070", "101108080", "102121440", "111119290", "100109311", "107112840", "112117431", "103120290", "112117030", "111119250", "105113480", "112118890", "110118111", "111119610", "106115240", "111114321", "101110740", "109119010", "101108950", "113119320", "112116800", "101108580", "110118930", "98112580", "108120621", "99109740", "105112240", "110115710", "110120700", "104116441", "104116800", "100116790", "102110050", "98117740", "108114670", "105111990", "109113881", "103110220", "108115970", "105115250", "102112301", "106113830", "97107950", "109117730", "98107010", "98109570", "107116340", "107113360", "112119980", "99109860", "106120290", "105112260", "111119950"], "labels": [2, 3, 1, 0, 0, 0, 3, 2, 3, 3, 2, 3, 2, 2, 0, 0, 0, 0, 0, 3, 3, 0, 3, 2, 1, 3, 3, 0, 0, 1, 1, 1, 1, 2, 0, 3, 2, 3, 2, 1, 3, 2, 1, 1, 1, 1, 0, 0, 0, 1, 1, 0, 1, 1, 0, 1, 3, 2, 1, 2, 2, 3, 1, 0, 0, 0, 0, 3, 2, 0, 1, 3, 1, 3, 1, 0, 3, 1, 1, 1, 2, 0, 2, 3, 1, 1, 2, 2, 2, 1, 0, 2, 3, 1, 1, 0, 2, 2, 1, 0, 3, 1, 2, 1, 1, 3, 3, 2, 1, 0, 0, 1, 2, 1, 3, 1, 2, 2, 1, 1, 2, 3, 2, 3, 2, 0, 2, 2, 2, 1, 1, 2, 3, 3, 1, 3, 0, 0, 2, 2, 3, 0], "predicted_labels": [1, 3, 1, 1, 3, 3, 2, 3, 0, 0, 0, 0, 1, 3, 0, 3, 1, 1, 3, 3, 1, 0, 0, 3, 3, 3, 1, 3, 3, 1, 0, 1, 0, 1, 3, 1, 1, 1, 0, 1, 0, 2, 3, 1, 3, 0, 2, 2, 3, 0, 2, 0, 1, 3, 1, 3, 0, 0, 0, 3, 1, 0, 2, 0, 0, 1, 0, 3, 2, 0, 3, 3, 1, 1, 2, 3, 1, 1, 1, 3, 1, 3, 3, 0, 1, 1, 1, 1, 2, 0, 0, 1, 3, 3, 0, 0, 2, 1, 1, 3, 3, 3, 2, 0, 1, 1, 2, 0, 3, 3, 0, 3, 1, 0, 1, 1, 3, 3, 0, 3, 1, 1, 0, 1, 3, 0, 3, 3, 0, 1, 3, 3, 0, 3, 3, 1, 3, 3, 1, 1, 3, 3], "confidence_scores": [[0.231966101081792, 0.33170786193454294, 0.19490325546437934, 0.2414227815192861], [0.27749387750325627, 0.2716537826671586, 0.11490512506033507, 0.3359472147692503], [0.14352960213817825, 0.3301237348240819, 0.31878542373506275, 0.2075612393026771], [0.2807082734372177, 0.31946246499188635, 0.06432680523032525, 0.33550245634057035], [0.2874317725176263, 0.2751065517018609, 0.10374281393382438, 0.3337188618466885], [0.3251138972367688, 0.23315886642097974, 0.07423000352011394, 0.36749723282213786], [0.1058584137322863, 0.3329478735128219, 0.4074739909958134, 0.15371972175907783], [0.29189276462766217, 0.29423603223755707, 0.06963294077544177, 0.34423826235933913], [0.33779109004496577, 0.1881852132516123, 0.10722999709958805, 0.36679369960383396], [0.25765086371306545, 0.23443348289669472, 0.24128546285823965, 0.266630190532], [0.2960322267355485, 0.26098383489909355, 0.11142400248886575, 0.3315599358764922], [0.28957513989461303, 0.28607489500608974, 0.08408657036080727, 0.34026339473849], [0.18038719891341373, 0.3366529823972756, 0.26232106190317944, 0.22063875678613126], [0.16673682369528753, 0.3174552052822214, 0.18726341183184023, 0.32854455919065084], [0.31996517838176536, 0.23078951713441145, 0.08607754575649414, 0.36316775872732904], [0.326843631491701, 0.24814805756128677, 0.06806880953591936, 0.35693950141109315], [0.15196422940345997, 0.3282389151333443, 0.264498647990326, 0.25529820747286924], [0.22421327621663747, 0.28333646107228666, 0.24068493949381345, 0.2517653232172626], [0.28781242421776987, 0.30524044167927455, 0.06079248317710097, 0.3461546509258544], [0.30243886788075497, 0.19966675594309546, 0.15719926264806147, 0.3406951135280882], [0.28056095723587504, 0.347136978636968, 0.04450612937904635, 0.3277959347481108], [0.28138167697695976, 0.24948176483787943, 0.1542086716488762, 0.3149278865362847], [0.2788864415321892, 0.328396220715448, 0.06866271744931345, 0.32405462030304955], [0.26051581970124904, 0.3245855805545722, 0.09220131040337784, 0.32269728934080083], [0.22006260632444202, 0.34550924406598066, 0.12253642707652901, 0.3118917225330481], [0.2776603512383038, 0.31626614509139706, 0.0644820895508879, 0.3415914141194112], [0.13287281878153262, 0.43227374867027474, 0.19069165455304765, 0.24416177799514488], [0.15559424175303294, 0.30069842496855964, 0.26821967960360416, 0.2754876536748033], [0.31419038045500686, 0.26971534835389666, 0.0491774724042301, 0.3669167987868662], [0.09597057534847321, 0.34318839357846503, 0.3452988148145191, 0.2155422162585427], [0.3004390287352529, 0.30668364222426114, 0.03594459775652195, 0.356932731283964], [0.19858305363141213, 0.3629865381498934, 0.18598774408980123, 0.2524426641288931], [0.28392636942600913, 0.2631417099127476, 0.1203699410531427, 0.3325619796081007], [0.24118888348144893, 0.34046991627933443, 0.15483773240237342, 0.2635034678368434], [0.29823060851801714, 0.2032912613474061, 0.17106019025130592, 0.3274179398832707], [0.2547087522317638, 0.33167687724677875, 0.1474532222001672, 0.26616114832129034], [0.2532443948232571, 0.3190811106271098, 0.1253487732026095, 0.3023257213470234], [0.2690056850445071, 0.30694580445663117, 0.10999679467195374, 0.31405171582690833], [0.3059148075180608, 0.16695664556348117, 0.18779642883470363, 0.33933211808375446], [0.16295011690664687, 0.3188524528237239, 0.2742689685686845, 0.24392846170094473], [0.3324791077734431, 0.23494657663675528, 0.046532841691742544, 0.38604147389805915], [0.09019371295389383, 0.35171239341433497, 0.4034697964663599, 0.15462409716541164], [0.33027393489819873, 0.2641611741822884, 0.04000076174581086, 0.365564129173702], [0.21748569583762062, 0.3627695889159494, 0.14224520796266762, 0.27749950728376244], [0.32329276060144607, 0.19591752368248128, 0.13244643968837963, 0.3483432760276933], [0.2535468343993822, 0.2814559715816139, 0.1950389697205864, 0.26995822429841754], [0.13935761483221518, 0.26454475193232135, 0.4109486355808031, 0.18514899765466056], [0.20055922872386786, 0.27404496831659436, 0.29607668004125076, 0.2293191229182875], [0.2749433681926234, 0.32707479059549593, 0.06712816049918194, 0.33085368071269855], [0.28463416170399625, 0.28865661820901767, 0.10889891608804682, 0.31781030399893945], [0.1211992821114901, 0.2668999215279691, 0.47276042144194447, 0.13914037491859646], [0.28330833346386375, 0.27018033129031555, 0.13234530446484088, 0.31416603078097993], [0.1790644257925179, 0.2975450185063813, 0.26169508696716853, 0.2616954687339321], [0.32871408218790393, 0.23547982014030092, 0.06828312640867013, 0.3675229712631253], [0.2662500346406281, 0.2977795691969276, 0.12916415946767373, 0.3068062366947704], [0.2778239981944907, 0.26678913393669446, 0.14828545022102252, 0.3071014176477923], [0.33861619120377573, 0.22571462209250406, 0.056344790272097954, 0.3793243964316224], [0.2900777342521177, 0.2644904211912972, 0.1663781627495609, 0.27905368180702417], [0.28932694005349985, 0.24396246062268426, 0.1437399770608651, 0.3229706222629509], [0.3076772109192186, 0.2873138421679949, 0.05781184170629845, 0.34719710520648817], [0.136039738448794, 0.3264360412983267, 0.2622299669246678, 0.27529425332821156], [0.3377434028095378, 0.17969885654684933, 0.11562261240986269, 0.36693512823375035], [0.09777304021080728, 0.18316956433616613, 0.5240189950202924, 0.19503840043273415], [0.2730455210051303, 0.27328858968776193, 0.18757951077048157, 0.2660863785366264], [0.27969783033604584, 0.3042704985409496, 0.10018976147278048, 0.315841909650224], [0.1683531954296355, 0.31736967535227917, 0.2835477206969013, 0.23072940852118393], [0.3446298126160127, 0.20694969158036766, 0.04836357826517748, 0.400056917538442], [0.1932466859222964, 0.3403482770921804, 0.1719789606919346, 0.2944260762935887], [0.20650704994978034, 0.27698034171813535, 0.28408924792908674, 0.2324233604029975], [0.3078884074801272, 0.2810399877306789, 0.04923536481012264, 0.3618362399790712], [0.24783272213684857, 0.23794300887401199, 0.18380347101842157, 0.3304207979707179], [0.28432304688693666, 0.2584101986192261, 0.11327741907731745, 0.3439893354165198], [0.19214520954639924, 0.3668897603354755, 0.1712060053935173, 0.2697590247246076], [0.2341424552051928, 0.33368701155687214, 0.12558607525482582, 0.30658445798310924], [0.159369205573864, 0.23637697490118006, 0.37077985524187757, 0.23347396428307862], [0.21739997494736388, 0.23344375729163944, 0.22427645200810373, 0.3248798157528932], [0.26248476543551347, 0.32933254249985944, 0.10622748704441862, 0.30195520502020856], [0.12611607256311494, 0.3622355832112953, 0.29780033410516726, 0.21384801012042212], [0.28097477255250325, 0.3333097588876187, 0.0735949477775536, 0.3121205207823239], [0.2794038869693321, 0.31879142769911534, 0.07259959516325964, 0.3292050901682929], [0.18535258704230909, 0.3413694667759954, 0.1792693005125324, 0.2940086456691632], [0.20413175720331306, 0.23027591057690422, 0.2683314805358382, 0.2972608516839445], [0.2157547673132224, 0.30646370448784915, 0.18547994162590462, 0.29230158657302374], [0.2726369608685888, 0.2501457111086656, 0.18722819777286545, 0.28998913024988004], [0.16520855558981887, 0.3456362445069138, 0.20549213803764801, 0.28366306186561907], [0.22564801494377187, 0.4151671481814292, 0.0749921829862536, 0.2841926538885451], [0.2727448129006885, 0.35220600807375163, 0.04189756899840478, 0.33315161002715504], [0.16828230293322424, 0.3228983175892326, 0.25690422336535185, 0.2519151561121913], [0.13102763073136817, 0.283530291724114, 0.3934769760544607, 0.191965101490057], [0.26118673797882014, 0.2724033878830582, 0.20315688085518638, 0.26325299328293555], [0.29313720754353634, 0.2889988502368004, 0.07922356879742316, 0.33864037342224035], [0.22167653008648305, 0.26872007349828436, 0.2441006028813597, 0.26550279353387296], [0.2204567233670201, 0.2555198484877123, 0.2232613596790937, 0.30076206846617387], [0.30849927253467346, 0.2760913100809392, 0.06287503467320227, 0.3525343827111853], [0.2965329804257273, 0.2690223727594435, 0.08850286587370804, 0.34594178094112116], [0.33576253664053074, 0.21521938425784068, 0.10013470289203383, 0.3488833762095947], [0.19234430789482623, 0.22349806212391116, 0.38475622159102163, 0.19940140839024095], [0.2602449008296136, 0.32402932902615283, 0.12199475261247152, 0.29373101753176184], [0.12406376876946625, 0.3642154962473302, 0.27548676259616783, 0.2362339723870359], [0.23429911442609463, 0.3198516362464673, 0.13904748355043461, 0.3068017657770035], [0.3328171011099132, 0.23803806051521575, 0.07185600341833982, 0.3572888349565311], [0.30031269329264476, 0.286393378970081, 0.07110274624948262, 0.34219118148779143], [0.0845099839052807, 0.3481816325404595, 0.4104829779426442, 0.15682540561161568], [0.3046673770310558, 0.25779304124746155, 0.10295485463079418, 0.33458472709068826], [0.1943704260415112, 0.3269601252380706, 0.26764896019203177, 0.21102048852838642], [0.17492914083045494, 0.35771200599974745, 0.1810166511350571, 0.28634220203474026], [0.14697030437183467, 0.2908187899349829, 0.31305584578286705, 0.2491550599103152], [0.2661702487912344, 0.292549143962243, 0.16049590724215515, 0.28078470000436695], [0.34876377444156664, 0.21743910062314514, 0.047315281091465766, 0.3864818438438225], [0.2970371688272898, 0.2575738378900961, 0.11662648188975738, 0.3287625113928566], [0.26962217577230724, 0.13102216258144006, 0.3324263770613711, 0.26692928458488135], [0.2546406672011674, 0.29245223411377463, 0.12787052673666136, 0.3250365719483968], [0.16218873682522603, 0.3444322383001957, 0.2540158975705874, 0.2393631273039908], [0.274832495588322, 0.28172990990896996, 0.13502119932994372, 0.3084163951727647], [0.1810879528557444, 0.3276171252430484, 0.24018370797219468, 0.2511112139290126], [0.2536444531959179, 0.3159995119286677, 0.15839883772451052, 0.27195719715090344], [0.2718772466316415, 0.21136939734810464, 0.19491308760375073, 0.32184026841650315], [0.20306269276809572, 0.28763694387462596, 0.22255969866407643, 0.28674066469320186], [0.3365339896550979, 0.2520762033098649, 0.03579673328929835, 0.3755930737457387], [0.24216865015374295, 0.2789872426893931, 0.16196506434884766, 0.31687904280801626], [0.21236319002818754, 0.3132513619385865, 0.20361791228198428, 0.27076753575124174], [0.1973017009051825, 0.28196351578896794, 0.2517975954391879, 0.26893718786666176], [0.26680135047150033, 0.23905253991147332, 0.20138182508508368, 0.2927642845319427], [0.21750507624464374, 0.3411729625644915, 0.1704186500724217, 0.27090331111844274], [0.3139839997841277, 0.28425060672645, 0.04509164181785119, 0.3566737516715711], [0.29590660811716063, 0.27114417459170215, 0.07947932660913885, 0.3534698906819986], [0.21045466551958977, 0.27031249766494425, 0.2254625104334304, 0.2937703263820355], [0.2850915556731466, 0.2754662496002783, 0.10403537138486613, 0.3354068233417092], [0.23744752527137378, 0.2664354055551661, 0.2628539345470667, 0.23326313462639328], [0.2426406767989949, 0.27192918834376, 0.22064122518291898, 0.2647889096743263], [0.22428148824650895, 0.299785655943462, 0.16865686598348537, 0.3072759898265439], [0.2426833506137215, 0.31956180633089704, 0.11033367629204842, 0.3274211667633332], [0.32000842717947664, 0.23460662698386894, 0.11505761402075902, 0.3303273318158955], [0.23094806858272204, 0.2947535328238619, 0.15300867006723984, 0.32128972852617615], [0.2985546372788526, 0.2603815099123946, 0.08917024349077222, 0.3518936093179805], [0.25198715053073334, 0.2769590703455942, 0.17634423834678203, 0.29470954077689065], [0.29610029734692733, 0.2501421753016929, 0.11498559764999278, 0.3387719297013872], [0.2845596319445864, 0.29472598438840497, 0.0843939834790246, 0.33632040018798415], [0.13585104709736578, 0.3338248016889371, 0.30712455322587795, 0.22319959798781921], [0.1107320735064445, 0.35199795395185063, 0.33799949907868, 0.19927047346302487], [0.18852629233447346, 0.32517276436866344, 0.17638905971049465, 0.3099118835863686], [0.2119450761856829, 0.2777541004273232, 0.194952861765358, 0.3153479616216359]]}, "rewritten": {"ids": ["97107950", "97108520", "97112170", "97114170", "97118210", "98107010", "98107210", "98109570", "98110680", "98111620", "98111860", "98112580", "98117740", "99107640", "99108310", "99108330", "99109740", "99109860", "99111340", "99112300", "99119830", "100108490", "100108580", "100109000", "100109311", "100109360", "100111380", "100116790", "100120780", "101108080", "101108460", "101108580", "101108950", "101110740", "101111210", "101114020", "101114990", "102107961", "102110050", "102110690", "102112301", "102113350", "102118380", "102121440", "103110100", "103110220", "103113101", "103113210", "103118110", "103120290", "104109311", "104111620", "104114320", "104114740", "104116441", "104116800", "104116980", "104117630", "105111990", "105112100", "105112130", "105112240", "105112260", "105113480", "105115250", "105115720", "105116980", "105117351", "106113830", "106115240", "106120290", "107112840", "107113130", "107113360", "107114140", "107114200", "107114280", "107114490", "107115250", "107116340", "107116501", "107118490", "107118780", "107119950", "108113480", "108114670", "108115970", "108116070", "108117360", "108118291", "108118810", "108120621", "109113281", "109113881", "109114270", "109117080", "109117150", "109117730", "109119010", "109119591", "109121351", "110113931", "110115710", "110118111", "110118121", "110118181", "110118450", "110118740", "110118930", "110120540", "110120700", "111114321", "111114941", "111115400", "111116010", "111116640", "111117120", "111119250", "111119290", "111119430", "111119610", "111119930", "111119950", "111120640", "112116800", "112117030", "112117431", "112118620", "112118890", "112119980", "112120290", "112120670", "112121360", "112121430", "113117630", "113119320", "113119930", "113119950", "113120280", "113120540", "113120780", "113121810"], "labels": [2, 2, 0, 2, 2, 3, 1, 1, 2, 3, 0, 2, 2, 1, 2, 1, 3, 2, 1, 0, 1, 2, 0, 1, 1, 0, 3, 2, 1, 0, 0, 0, 2, 3, 2, 3, 3, 3, 3, 0, 1, 3, 1, 2, 1, 2, 3, 3, 2, 2, 3, 0, 2, 2, 1, 1, 1, 0, 2, 1, 1, 1, 3, 0, 2, 1, 0, 0, 1, 1, 2, 1, 1, 0, 2, 2, 3, 3, 2, 3, 1, 2, 1, 3, 0, 3, 2, 1, 1, 3, 1, 1, 0, 0, 3, 1, 2, 3, 3, 0, 0, 1, 2, 1, 3, 1, 0, 3, 1, 1, 2, 1, 0, 0, 1, 0, 2, 1, 3, 3, 2, 1, 0, 0, 0, 2, 0, 3, 3, 0, 1, 2, 3, 2, 0, 1, 1, 0, 0, 3, 0, 2], "predicted_labels": [3, 1, 0, 1, 0, 3, 2, 3, 2, 2, 2, 1, 3, 3, 3, 3, 1, 1, 1, 3, 1, 0, 2, 0, 3, 3, 1, 1, 3, 0, 1, 2, 1, 1, 1, 3, 1, 2, 1, 3, 1, 1, 2, 2, 3, 3, 1, 0, 3, 2, 0, 0, 0, 1, 3, 3, 2, 0, 3, 3, 1, 0, 1, 1, 0, 1, 1, 0, 1, 0, 1, 0, 1, 0, 0, 1, 1, 1, 3, 1, 1, 1, 3, 3, 3, 1, 3, 2, 2, 0, 3, 0, 3, 1, 1, 1, 1, 0, 3, 0, 3, 1, 0, 0, 3, 1, 1, 0, 3, 1, 3, 1, 3, 0, 1, 1, 1, 1, 3, 1, 1, 3, 3, 1, 3, 1, 0, 0, 0, 3, 2, 2, 0, 3, 1, 0, 1, 1, 3, 0, 1, 1], "confidence_scores": [[0.26461234040713444, 0.30551668294681816, 0.09488325517750619, 0.3349877214685411], [0.23866187064131816, 0.32880021815992766, 0.17941169766463289, 0.2531262135341212], [0.2614745405793032, 0.27784002025568943, 0.1562215329155684, 0.3044639062494387], [0.201765911890682, 0.32881061273261447, 0.16676814742200233, 0.302655327954701], [0.2726751395401466, 0.2003920463168051, 0.21080617590980083, 0.3161266382332473], [0.23353529988546867, 0.29551523774752053, 0.15602460668881646, 0.31492485567819445], [0.1949733877341307, 0.24314305292635843, 0.31607803703891524, 0.24580552230059557], [0.28233435525371736, 0.2718737073514113, 0.09419033090054868, 0.3516016064943228], [0.1532448453853778, 0.27719805009258475, 0.4022815328555752, 0.16727557166646242], [0.15003449065336086, 0.2925776581024361, 0.35725731214089085, 0.2001305391033124], [0.14211216629644577, 0.3157305516459091, 0.3585076969347093, 0.1836495851229359], [0.2259462304969712, 0.3032593791644928, 0.18889427594164826, 0.2819001143968881], [0.21568646199755845, 0.25958386458071764, 0.2592091508047408, 0.2655205226169829], [0.24815883206348088, 0.25838089512524876, 0.1786227295836788, 0.31483754322759167], [0.25201153149128536, 0.2856969118313649, 0.15497476133842217, 0.30731679533892753], [0.2660597220787467, 0.2735755138286432, 0.15435775405704852, 0.3060070100355616], [0.17104178451100452, 0.32611448681694116, 0.278814160171842, 0.2240295685002121], [0.14318483794281445, 0.34802659665970875, 0.27784558288574773, 0.23094298251172926], [0.1610456867402508, 0.33243594176389013, 0.2822419829702798, 0.2242763885255796], [0.1739205949560796, 0.2890149544623521, 0.2666623765675994, 0.27040207401396865], [0.1735575602882444, 0.3478346636023758, 0.1988762238639734, 0.2797315522454065], [0.2670503843366109, 0.2610017919903885, 0.21817147762125377, 0.2537763460517467], [0.17185275644898895, 0.2373418133007027, 0.41528706556341477, 0.1755183646868935], [0.2770317493371302, 0.2619668046837706, 0.1698661527142529, 0.29113529326484605], [0.3165245478776549, 0.2749735771292726, 0.05230797084661739, 0.3561939041464553], [0.2183698109150998, 0.21036858431425615, 0.26655670998135217, 0.3047048947892919], [0.2814353654887435, 0.33581922888379206, 0.05675833831609605, 0.32598706731136845], [0.24403828695939692, 0.2991706438421702, 0.17618618636063232, 0.2806048828378005], [0.29632964986327126, 0.22309332506938392, 0.13970089588242965, 0.34087612918491544], [0.29450486226543915, 0.2822119261318015, 0.08583487112104571, 0.3374483404817136], [0.2029709593018141, 0.31653267187373524, 0.24124981824974698, 0.2392465505747036], [0.22134840415482915, 0.1345357669351666, 0.42007454458995963, 0.22404128432004458], [0.23821944752768393, 0.2698714096049896, 0.2210342779613795, 0.27087486490594714], [0.16511996579108465, 0.3563675506824381, 0.21744469010870068, 0.2610677934177766], [0.2698920910716575, 0.2922115672624472, 0.11767976739192551, 0.32021657427396943], [0.25767244136077955, 0.23254440319403688, 0.2017171476862808, 0.30806600775890264], [0.15008089542106007, 0.38122071605361185, 0.2188663426141871, 0.2498320459111408], [0.23320470001512705, 0.23707798628215984, 0.29756346951665785, 0.23215384418605509], [0.21680593879437318, 0.26451365770140534, 0.23931750382572706, 0.2793628996784943], [0.2926840696088746, 0.30223016611735715, 0.06413863203834248, 0.34094713223542583], [0.2109395336538609, 0.29136059257368757, 0.2770029499609666, 0.22069692381148476], [0.2510841974291034, 0.3278080781989126, 0.12313544701827865, 0.29797227735370513], [0.1890695416037297, 0.29162363002791075, 0.2804422941370373, 0.2388645342313222], [0.19944813286576654, 0.28875733641542795, 0.26668716514754925, 0.24510736557125626], [0.30032429511194775, 0.23776257554677793, 0.12241819441988609, 0.33949493492138827], [0.17429281886558676, 0.26985873756527345, 0.29695104979758824, 0.2588973937715513], [0.24897456381445157, 0.3361160461026215, 0.11826445882355449, 0.2966449312593725], [0.26892485090298546, 0.27699286951461877, 0.1636162670818106, 0.2904660125005849], [0.14731874389825836, 0.30361030285549545, 0.2435526030739845, 0.3055183501722617], [0.22702141677884127, 0.21076273032590662, 0.35610533280010803, 0.2061105200951438], [0.3347851633955473, 0.22974833492907992, 0.04710182238543937, 0.38836467928993285], [0.3309789695433862, 0.2104726170065481, 0.08462943691146754, 0.3739189765385981], [0.2629713829483115, 0.2865119602988092, 0.18943114668718755, 0.2610855100656916], [0.11763101169157267, 0.33928936180689884, 0.28269450606446034, 0.26038512043706785], [0.32059233715090135, 0.2687425635598237, 0.050477320327362164, 0.3601877789619128], [0.2761459722593539, 0.2729611758840942, 0.1265065739631357, 0.3243862778934163], [0.10394836224291708, 0.33035193651260325, 0.34101859283065605, 0.22468110841382338], [0.30970572540600877, 0.2571771849691301, 0.07937947143762265, 0.35373761818723876], [0.31190713504515094, 0.2845779447636348, 0.04843092366425805, 0.35508399652695627], [0.28283096911023176, 0.21676766260395192, 0.17544770300117987, 0.3249536652846363], [0.19065105617857075, 0.3390028954040369, 0.1911991357612978, 0.2791469126560942], [0.27611972299325627, 0.3001687002439667, 0.14784399540365836, 0.2758675813591187], [0.22380722256077987, 0.3523079561719516, 0.11369439350664759, 0.31019042776062083], [0.2135152096024949, 0.35106837595264856, 0.15321453908709975, 0.282201875357757], [0.25611391730166994, 0.2709714027770854, 0.22365634318731992, 0.24925833673392478], [0.19060757530663866, 0.36298985422527896, 0.17070354154035655, 0.275699028927726], [0.26582073938119516, 0.3231843291266084, 0.1082869526125183, 0.30270797887967826], [0.3147722770231048, 0.2564676000677237, 0.08697191062837989, 0.3417882122807916], [0.2566918880645284, 0.311891170137202, 0.12009618505895327, 0.31132075673931653], [0.2906921984730949, 0.2706041398925304, 0.12240145454009602, 0.31630220709427875], [0.11620882919932611, 0.3383398855349829, 0.35472880705341064, 0.19072247821228044], [0.3004923564550638, 0.27267464736474756, 0.07520700980096795, 0.3516259863792206], [0.19061149381639492, 0.3173353572877481, 0.2329195308749193, 0.25913361802093793], [0.3096284155122964, 0.24993680239797852, 0.08923191186007699, 0.3512028702296482], [0.2785997679647349, 0.2998641937941782, 0.1122642347349615, 0.30927180350612554], [0.2834743892585426, 0.32985958435552054, 0.05088995765443865, 0.33577606873149823], [0.24330534271832063, 0.3463755438822453, 0.17085016856656113, 0.2394689448328725], [0.256817676460858, 0.3313797447419469, 0.09739743035902389, 0.31440514843817136], [0.28436657273591603, 0.27790792263535974, 0.11932486859481879, 0.3184006360339055], [0.2663320488136656, 0.2871018604762951, 0.13594810068643137, 0.31061799002360774], [0.24456335188592684, 0.3044052178481636, 0.19071201686329084, 0.2603194134026186], [0.20984558935535313, 0.32121325014873636, 0.22168961823327776, 0.24725154226263282], [0.3136202383879691, 0.27106184508140757, 0.06604378229639986, 0.34927413423422327], [0.26566295646315286, 0.2696257769284223, 0.12981022122306493, 0.3349010453853599], [0.24050178491177496, 0.23574543094769415, 0.20960096333940711, 0.31415182080112364], [0.2139200284705726, 0.3282877791964141, 0.1890260491876286, 0.2687661431453847], [0.27663322961067477, 0.291396603765068, 0.10349354603354942, 0.32847662059070737], [0.2169554980942169, 0.2833419229561935, 0.30102437001198684, 0.19867820893760302], [0.11664239715338798, 0.23726337070090775, 0.4338062443228561, 0.21228798782284825], [0.3355266976533424, 0.17507647276774643, 0.13041651292516668, 0.3589803166537446], [0.30329978566289656, 0.2945446430090744, 0.05017002791737365, 0.35198554341065547], [0.28048999264880564, 0.2674341374963068, 0.1361966058972291, 0.3158792639576586], [0.34734821436432756, 0.21246866241023538, 0.04641355451974263, 0.3937695687056944], [0.2645291769056536, 0.3140714747370417, 0.10133550576162006, 0.3200638425956845], [0.2529382092313672, 0.3144601497737645, 0.12080046299105945, 0.31180117800380897], [0.1653971503493827, 0.38427008075821073, 0.1869066328635855, 0.26342613602882126], [0.20796156278534078, 0.3046399022685667, 0.25688097308363833, 0.2305175618624541], [0.3150593278528327, 0.241152476078408, 0.1124186602471008, 0.3313695358216585], [0.24720015171017348, 0.29482588901871176, 0.14921539379461685, 0.30875856547649794], [0.26446688099742943, 0.2895719719193075, 0.16085553073545167, 0.28510561634781106], [0.3012006500866817, 0.2740986701210173, 0.06863157260897888, 0.35606910718332196], [0.25309962465500024, 0.36429587774163047, 0.08352899982604227, 0.2990754977773271], [0.27450986289148877, 0.26014336218220563, 0.1706286940703625, 0.29471808085594325], [0.2874490172220825, 0.3007177037472937, 0.0791493376416341, 0.3326839413889898], [0.2872003518137125, 0.31085181930127415, 0.05506245075199724, 0.34688537813301634], [0.27472023807133117, 0.3249955818566775, 0.07349029657434272, 0.3267938834976485], [0.1593683823663687, 0.34432556310655377, 0.2562727406614893, 0.2400333138655884], [0.3455367645365421, 0.18547975928607913, 0.09415846237850926, 0.37482501379886957], [0.24644479180836124, 0.3056347368903857, 0.12193126454083712, 0.3259892067604162], [0.19379004914664405, 0.40319477926393354, 0.1443414308454016, 0.2586737407440205], [0.26727484535667867, 0.26816823205603696, 0.1392563343672194, 0.32530058822006497], [0.1958571614731441, 0.34549789111408685, 0.2553283329938225, 0.20331661441894658], [0.30167016061873814, 0.28068568160664537, 0.05786060806145072, 0.35978354971316556], [0.27879662053159626, 0.2757977584261858, 0.15714154990722387, 0.2882640711349938], [0.19015584225699175, 0.3515011600217037, 0.1973123516048781, 0.26103064611642623], [0.2379100648305514, 0.28345642371842295, 0.22471735821005878, 0.253916153240967], [0.2557366765140733, 0.33167083002780806, 0.0948935021189782, 0.31769899133914065], [0.13443926291448413, 0.3517165568787548, 0.256778056306932, 0.25706612389982925], [0.218291050182391, 0.29468944420427384, 0.18378311209939138, 0.30323639351394394], [0.22329737977634434, 0.3403262647408808, 0.15217733576475723, 0.28419901971801814], [0.14938742113241837, 0.3253017927387653, 0.3135284045338711, 0.21178238159494553], [0.279257987158845, 0.31772207011518866, 0.07511442472995905, 0.3279055179960073], [0.2140853938129898, 0.2795538333885386, 0.20481929711723545, 0.3015414756812363], [0.2571839778703642, 0.3559588478727389, 0.09109005943197424, 0.29576711482492296], [0.28402851855401007, 0.28017293699701123, 0.11530548814904336, 0.3204930562999352], [0.2619334847144937, 0.3146104863959269, 0.11571690169124789, 0.3077391271983316], [0.28906181511677476, 0.29278687694642086, 0.11365113917400992, 0.3045001687627947], [0.33740975063588474, 0.23703638834673094, 0.045600233281397826, 0.37995362773598634], [0.3361955651897809, 0.238630976576171, 0.046751326771024566, 0.37842213146302367], [0.2990191027511715, 0.29622294635781354, 0.061282691096427006, 0.34347525979458804], [0.15060066191510083, 0.26660336950301916, 0.41907141819498483, 0.1637245503868954], [0.15589571860838775, 0.3097350039214925, 0.3328220250147483, 0.2015472524553715], [0.2864917650202061, 0.3078807113190859, 0.0809885763263385, 0.32463894733436954], [0.2946436283398199, 0.3088380447722806, 0.06093198568431043, 0.335586341203589], [0.25769105075574866, 0.3041177417102094, 0.1394103140696397, 0.2987808934644023], [0.33142137799859606, 0.24050437037023722, 0.04997336736742424, 0.37810088426374266], [0.28150282491335793, 0.3252884584246775, 0.08613535509910225, 0.3070733615628619], [0.28097053505492653, 0.3055464372067459, 0.08319610016813804, 0.33028692757018946], [0.31477911827944005, 0.2165886212074906, 0.12421891654734238, 0.34441334396572726], [0.291520558036937, 0.26795798674482496, 0.11124102393785641, 0.3292804312803816], [0.27728391879507225, 0.2910513654369459, 0.12204679171631874, 0.30961792405166344], [0.1085924462553978, 0.37124819089775685, 0.3537486996693377, 0.1664106631775077]]}}