{"test": {"ids": ["107113130", "102113210", "111116010", "101121640", "107116980", "112120640", "106114280", "113117340", "99109370", "102109850", "113122160", "112121360", "100109890", "106111321", "99117630", "100109801", "110121450", "99107660", "105118171", "104113210", "102112301", "107113260", "108114670", "112120990", "106115250", "111117120", "110120190", "104112470", "103113101", "99114890", "99108010", "107121540", "109119340", "108120700", "111118810", "102110050", "105114220", "100116790", "102112030", "105113440", "113118231", "110118301", "112118880", "108114220", "112118890", "110118930", "110116300", "97109080", "110117140", "103120290", "106119260", "103113270", "98111620", "98112170", "97106970", "100108080", "101108460", "100112060", "98106880", "98108150", "107119130", "106114321", "112119980", "105110251", "108113620", "112116990", "98108520", "100108260", "109117150", "113121810", "112119500", "109114220", "113120531", "98121790", "97113900", "107112840", "101112201", "113120751", "108121160", "101112540", "97112170", "110115890", "113121750", "101113210", "112120540", "109114030", "110115580", "98113881", "112121410", "111119950", "107114200", "111120320", "104111880", "108116070", "109114651", "113117550", "111119580", "105117431", "101117580", "110116441", "112119610", "98107340", "103109021", "105110091", "111119250", "113122220", "103113210", "109115211", "112117210", "101111620", "102110500", "111119930", "106115120", "113121950", "109115220", "106113190", "99108520", "110120700", "111119150", "106114011", "109117271", "108114040", "110120540", "110116290", "108117610", "100107920", "112118810", "111121190", "112118620", "112119450", "112117580", "109114270", "108118291", "99108890", "99109141", "101112160", "111116090", "108115500", "107114140", "98109090", "113121220", "101115190"], "labels": [1, 3, 1, 2, 3, 0, 3, 2, 1, 1, 3, 3, 3, 0, 3, 0, 3, 3, 3, 3, 1, 0, 3, 2, 2, 2, 3, 1, 3, 2, 2, 2, 3, 2, 0, 3, 3, 2, 2, 0, 3, 1, 1, 3, 3, 1, 3, 2, 3, 2, 1, 2, 3, 3, 2, 0, 0, 2, 0, 0, 1, 2, 0, 0, 3, 0, 2, 3, 2, 2, 2, 3, 0, 2, 2, 1, 0, 1, 2, 2, 0, 2, 0, 3, 3, 1, 1, 3, 0, 0, 2, 1, 3, 1, 3, 3, 3, 1, 3, 3, 0, 0, 0, 0, 1, 1, 3, 0, 1, 3, 3, 1, 1, 3, 3, 0, 2, 2, 3, 1, 0, 0, 1, 2, 3, 0, 3, 1, 3, 3, 0, 3, 3, 0, 3, 3, 3, 3, 2, 1, 3, 1], "predicted_labels": [1, 3, 1, 1, 0, 1, 3, 1, 3, 2, 1, 0, 1, 0, 1, 1, 0, 0, 1, 0, 1, 1, 1, 1, 1, 1, 3, 3, 1, 1, 1, 1, 0, 1, 3, 1, 0, 1, 1, 1, 1, 1, 2, 1, 1, 3, 1, 3, 3, 2, 0, 0, 2, 3, 1, 1, 0, 1, 2, 1, 1, 1, 3, 3, 3, 0, 1, 0, 0, 2, 1, 1, 1, 2, 0, 0, 1, 1, 1, 2, 1, 1, 0, 1, 3, 3, 0, 1, 1, 3, 1, 3, 3, 1, 0, 0, 0, 1, 3, 1, 1, 2, 3, 1, 1, 1, 1, 3, 1, 0, 3, 0, 0, 1, 1, 3, 2, 0, 3, 1, 3, 1, 1, 2, 3, 3, 1, 3, 0, 3, 3, 3, 3, 1, 0, 2, 3, 3, 0, 2, 3, 1], "confidence_scores": [[0.2745490433294848, 0.23834340004988472, 0.3213778209376095, 0.16572973568302105], [0.34776804591135874, 0.1241617426352055, 0.15086084282996598, 0.37720936862346993], [0.03317956947954571, 0.8148117890455325, 0.034459482867686325, 0.11754915860723508], [0.02758250496558366, 0.5356795083907002, 0.1352291220602721, 0.30150886458344395], [0.8993696588100194, 0.08680257208014332, 0.009136838368410286, 0.004690930741426925], [0.20555452217721035, 0.285099085483399, 0.4024684500082682, 0.10687794233112229], [0.19964590800205492, 0.2445566225763308, 0.12583575451308754, 0.42996171490852664], [0.0719644837402481, 0.45018117059598034, 0.4207586368875214, 0.05709570877625], [0.1375172222330336, 0.256203032443017, 0.10344791866207234, 0.5028318266618771], [0.16424221902330066, 0.2785034481900251, 0.48426945128279814, 0.07298488150387591], [0.02265432571278214, 0.4412446216605988, 0.3716062623838431, 0.1644947902427759], [0.8429170488847484, 0.11512463227355721, 0.01390989111829578, 0.028048427723398522], [0.09311545081589614, 0.47813023782984887, 0.2219618743330206, 0.2067924370212344], [0.42439919179818114, 0.20208121209350277, 0.06397000264901014, 0.30954959345930616], [0.25995128709756027, 0.33342849488691073, 0.06538016764243477, 0.3412400503730943], [0.04281261489138493, 0.6151349300239487, 0.012908632741891843, 0.32914382234277484], [0.6086962620650362, 0.27545656524884504, 0.015103016463040915, 0.10074415622307759], [0.33627987647612023, 0.06610114293892988, 0.37684155028109967, 0.22077743030385028], [0.07666802040998552, 0.5866351634702051, 0.0045886111671082155, 0.33210820495270116], [0.4572793455943025, 0.1997214561484479, 0.09428436150409984, 0.2487148367531496], [0.19376101928226241, 0.394156667969492, 0.19534546666741293, 0.21673684608083213], [0.12469729939371077, 0.3628802770680908, 0.309902959693517, 0.20251946384468186], [0.20413581081264737, 0.6171207353054335, 0.07266079815279361, 0.10608265572912533], [0.39274662069155303, 0.4269633452787504, 0.030856338180314687, 0.1494336958493817], [0.053500495008830994, 0.42331991171039324, 0.20419296770352943, 0.3189866255772464], [0.0404001642737261, 0.685032237949111, 0.023563186969700202, 0.2510044108074626], [0.40622185274655803, 0.05904488160097669, 0.006938658588706964, 0.5277946070637585], [0.024015018973145855, 0.09357829378812745, 0.41898787508147095, 0.4634188121572557], [0.135864062569277, 0.41898142926699933, 0.1077821169193422, 0.3373723912443814], [0.02080532507006507, 0.5798400836018307, 0.3617805221660131, 0.037574069162090884], [0.023891647241751846, 0.8103234807338672, 0.12194268760808377, 0.04384218441629704], [0.1629661063352955, 0.3812136791032417, 0.13245563767840832, 0.32336457688305464], [0.46506240010927513, 0.15156857118146866, 0.26182736413806007, 0.12154166457119613], [0.21014032451428433, 0.40263835850127144, 0.04502027106424142, 0.34220104592020306], [0.2211109071807006, 0.15772746537955434, 0.0021416560945784814, 0.6190199713451667], [0.08975794461884092, 0.5393905959248925, 0.14991856466774775, 0.2209328947885189], [0.7114402745186655, 0.17534112614537456, 0.02630792148070454, 0.08691067785525516], [0.22966491980610426, 0.543094518371799, 0.1003483858299915, 0.12689217599210503], [0.07621433721867182, 0.7495291771900271, 0.10780735737445826, 0.06644912821684328], [0.10246823834270129, 0.38966919610214623, 0.41139611271615006, 0.0964664528390025], [0.37754105905300883, 0.4416597556829025, 0.025803607090420982, 0.15499557817366752], [0.15281730772601607, 0.689498752595864, 0.020522523682461692, 0.13716141599565804], [0.187019576354127, 0.19666655486356474, 0.4761499847070152, 0.14016388407529337], [0.1969211084768351, 0.44668510934119277, 0.3124591992686947, 0.04393458291327744], [0.41327764354533414, 0.44371958175298293, 0.002103437580405465, 0.14089933712127747], [0.08953135256378762, 0.1186959631370334, 0.021398795352512393, 0.7703738889466664], [0.24551173018091474, 0.523183160014599, 0.026340513192603353, 0.20496459661188285], [0.044491986573265564, 0.39794813810390317, 0.06594433715160318, 0.49161553817122794], [0.16150979228044884, 0.28807788929483363, 0.07929957459667498, 0.47111274382804247], [0.057473658837765035, 0.02156642535895067, 0.9075271774421734, 0.013432738361110905], [0.5832653934652, 0.08844559572034616, 0.23608539848402368, 0.09220361233043013], [0.3412449610715973, 0.2908419404429524, 0.13551001592780437, 0.23240308255764605], [0.04239511128966204, 0.07489911720311508, 0.8415701914868388, 0.04113558002038371], [0.12764461826678855, 0.11383407520669421, 0.05987770302377989, 0.6986436035027374], [0.22923498465318137, 0.2154410929808289, 0.2787233896649674, 0.2766005327010222], [0.03859101025202548, 0.711417289915077, 0.012470870418923675, 0.2375208294139742], [0.48207702790195905, 0.34193108745357653, 0.12133577244646801, 0.05465611219799647], [0.2258611784347497, 0.3535664985922638, 0.31186466637878446, 0.10870765659420192], [0.06776302091795271, 0.03608035114248362, 0.7941809188136759, 0.10197570912588749], [0.11069905198114369, 0.5516556984813461, 0.05012106492713841, 0.2875241846103718], [0.1635262121853289, 0.377539169792852, 0.025357686244696684, 0.4335769317771222], [0.15965083135985317, 0.3666733040785235, 0.3392657811815245, 0.13441008338009883], [0.061185120610231465, 0.07725265047690955, 0.006582031196183329, 0.8549801977166757], [0.09831831475783792, 0.25516061905508003, 0.031081495572176588, 0.6154395706149054], [0.21043086648979575, 0.18306213183568223, 0.06655798764817292, 0.539949014026349], [0.756298409154891, 0.015574199648756119, 0.06973134971248474, 0.15839604148386838], [0.09617654596553024, 0.4387474102926714, 0.020993594805802072, 0.4440824489359963], [0.6023638511334636, 0.24058806304405359, 0.09560863154056023, 0.0614394542819227], [0.3004089503574359, 0.24227268406200386, 0.27647742609206705, 0.1808409394884933], [0.012838903068180639, 0.23864211968475924, 0.7326642487115066, 0.015854728535553333], [0.03388259961976397, 0.746155577209966, 0.1683301908215021, 0.051631632348768074], [0.2272299184258269, 0.3925669450542799, 0.18562260659246277, 0.1945805299274305], [0.32173778755054, 0.3961646402752448, 0.05531514977477018, 0.22678242239944504], [0.08066550966181539, 0.04247686330530068, 0.8600223934399915, 0.01683523359289242], [0.38477990892352354, 0.16422995823545847, 0.41729416836468236, 0.03369596447633562], [0.6912361067732549, 0.11012869048846607, 0.06787944892144436, 0.13075575381683474], [0.22414005338592846, 0.5328841922932958, 0.054619459082900404, 0.18835629523787556], [0.2147692560493578, 0.30850352406011533, 0.2634636878198596, 0.21326353207066737], [0.3014189969209492, 0.5844655821179315, 0.016735028313501266, 0.09738039264761769], [0.15526746835544464, 0.1999160162586506, 0.5419669634753052, 0.10284955191059962], [0.41739653939352545, 0.2831890247997037, 0.10221860143965913, 0.19719583436711186], [0.0789813924591743, 0.5906187375583387, 0.22052513561055362, 0.10987473437193336], [0.5404639822927687, 0.30419952678055917, 0.014196535379080003, 0.14113995554759204], [0.09379726966714239, 0.37953348384154817, 0.16311109375635605, 0.3635581527349535], [0.133514947263542, 0.16999748094043057, 0.014178260171052991, 0.6823093116249749], [0.16407885978717457, 0.16184215804228708, 0.2625109805866205, 0.411568001583918], [0.5930268021025429, 0.07007817846337955, 0.21918428903826476, 0.11771073039581255], [0.1471830606013101, 0.6855466583981259, 0.08911933991262339, 0.07815094108794063], [0.25266030152775176, 0.5182495367894291, 0.021665900532083414, 0.20742426115073587], [0.13452102405065192, 0.13997242248112238, 0.05578298911533892, 0.6697235643528873], [0.09028785824790368, 0.411813024886154, 0.003970232982321994, 0.49392888388361994], [0.05840148458685225, 0.3233357490605357, 0.018139995415717144, 0.6001227709368948], [0.04424035312837723, 0.16071131552464546, 0.3486309371482203, 0.44641739419875703], [0.25955806809755827, 0.45613985417880054, 0.21334931685429548, 0.07095276086934552], [0.7399547382254587, 0.036030966032377085, 0.1264026424894744, 0.09761165325268997], [0.3514678764439695, 0.3063882064544779, 0.05386614139222711, 0.2882777757093255], [0.8771818174534989, 0.03348282341525694, 0.05217401543605434, 0.03716134369518992], [0.1321636952877221, 0.5021659782979028, 0.10573010490241921, 0.259940221511956], [0.402351048015763, 0.16129416137994798, 0.004652480464920102, 0.4317023101393694], [0.39358833796200937, 0.3818026433468513, 0.09106218697000407, 0.13354683172113563], [0.14596115347232966, 0.3829565016839676, 0.1325152360522522, 0.33856710879145074], [0.11697736839843088, 0.05859832076752765, 0.5076842885384936, 0.31674002229554793], [0.31731673604457705, 0.22278138427239821, 0.010046504833447358, 0.4498553748495772], [0.09278685516247855, 0.6848435580010053, 0.06224259707377203, 0.16012698976274403], [0.029735287118312925, 0.5380436986476805, 0.30374098743623, 0.1284800267977767], [0.06392918014302136, 0.6102542621082562, 0.04456692320305105, 0.28124963454567103], [0.13277927848072107, 0.5153472197642079, 0.24094407350186312, 0.11092942825320767], [0.10532139045945868, 0.30323371984686476, 0.02260769304782293, 0.5688371966458536], [0.09459432445106251, 0.4634168954897484, 0.40090438829472275, 0.04108439176446624], [0.5883558516790742, 0.09219398358339527, 0.11212482046716923, 0.20732534427036126], [0.31892456348486103, 0.02496626191548981, 0.10777685567898741, 0.5483323189206614], [0.4955865642042574, 0.2290931328008394, 0.06182033502679582, 0.21349996796810713], [0.7947113331279422, 0.18609305195180764, 0.0022415384767818366, 0.016954076443468608], [0.1819804165340739, 0.3181115799613352, 0.2503613710592121, 0.24954663244537864], [0.07319418643142706, 0.45111139055763894, 0.028710503751453998, 0.44698391925948017], [0.2760023449738387, 0.31552605615040685, 0.0183319871026446, 0.39013961177310996], [0.048578691026750595, 0.1843875611713796, 0.7496729207056374, 0.017360827096232143], [0.501906094348824, 0.10568682194598837, 0.0986626932151243, 0.2937443904900632], [0.33054414863797893, 0.19548361173232387, 0.028577708983794272, 0.4453945306459028], [0.5293441342180095, 0.41652010397023315, 0.03374710213405389, 0.02038865967770324], [0.009587319713721013, 0.012975046010361226, 0.006815759746659308, 0.9706218745292582], [0.0753240865019906, 0.4961745320693113, 0.04732389192616662, 0.3811774895025317], [0.030757017307389934, 0.8448402206742653, 0.06239619418245441, 0.06200656783589031], [0.17503310362154686, 0.03371085830309363, 0.6868084914421955, 0.104447546633164], [0.13287765157232923, 0.2259850004215718, 0.001444531516981019, 0.6396928164891179], [0.06656047468712596, 0.09714053870691061, 0.013593892000015179, 0.8227050946059482], [0.22250273450789818, 0.4324046679482158, 0.010835770757943923, 0.3342568267859421], [0.31900251719865474, 0.18785608879880175, 0.06628975703746565, 0.4268516369650779], [0.401817993474175, 0.24710872167812378, 0.015649593439513713, 0.3354236914081875], [0.08655269871433478, 0.10401494225410567, 0.01832522938027958, 0.7911071296512798], [0.192380887712867, 0.1736000362660199, 0.058392504050191966, 0.5756265719709212], [0.19792278081721953, 0.21443064827755504, 0.13348673557535917, 0.4541598353298664], [0.2511341686733596, 0.04268890630206347, 0.03341013028758537, 0.6727667947369916], [0.02355622011522891, 0.7733263476632165, 0.015604599151450108, 0.18751283307010458], [0.5842837399919626, 0.2814345471542311, 0.05687488560539058, 0.07740682724841602], [0.08004212077166548, 0.1616841430499501, 0.5031612458227032, 0.25511249035568123], [0.30091349894925595, 0.13555370449315599, 0.030804967299110926, 0.5327278292584768], [0.03296989620551543, 0.30468156770369703, 0.2164884170554753, 0.4458601190353122], [0.3779391337673231, 0.3349499498140572, 0.058816807412159604, 0.22829410900646052], [0.020023555418558044, 0.1459965257583639, 0.7704286976559883, 0.06355122116708992], [0.052027322924301324, 0.07084332996658026, 0.08299094482196251, 0.794138402287156], [0.01675291326534873, 0.4922912416273252, 0.45280001054830266, 0.038155834559023265]]}, "rewritten": {"ids": ["97106970", "97109080", "97112170", "97113900", "98106880", "98107340", "98108150", "98108520", "98109090", "98111620", "98112170", "98113881", "98121790", "99107660", "99108010", "99108520", "99108890", "99109141", "99109370", "99114890", "99117630", "100107920", "100108080", "100108260", "100109801", "100109890", "100112060", "100116790", "101108460", "101111620", "101112160", "101112201", "101112540", "101113210", "101115190", "101117580", "101121640", "102109850", "102110050", "102110500", "102112030", "102112301", "102113210", "103109021", "103113101", "103113210", "103113270", "103120290", "104111880", "104112470", "104113210", "105110091", "105110251", "105113440", "105114220", "105117431", "105118171", "106111321", "106113190", "106114011", "106114280", "106114321", "106115120", "106115250", "106119260", "107112840", "107113130", "107113260", "107114140", "107114200", "107116980", "107119130", "107121540", "108113620", "108114040", "108114220", "108114670", "108115500", "108116070", "108117610", "108118291", "108120700", "108121160", "109114030", "109114220", "109114270", "109114651", "109115211", "109115220", "109117150", "109117271", "109119340", "110115580", "110115890", "110116290", "110116300", "110116441", "110117140", "110118301", "110118930", "110120190", "110120540", "110120700", "110121450", "111116010", "111116090", "111117120", "111118810", "111119150", "111119250", "111119580", "111119930", "111119950", "111120320", "111121190", "112116990", "112117210", "112117580", "112118620", "112118810", "112118880", "112118890", "112119450", "112119500", "112119610", "112119980", "112120540", "112120640", "112120990", "112121360", "112121410", "113117340", "113117550", "113118231", "113120531", "113120751", "113121220", "113121750", "113121810", "113121950", "113122160", "113122220"], "labels": [2, 2, 0, 2, 0, 0, 0, 2, 1, 3, 3, 3, 2, 3, 2, 2, 0, 3, 1, 2, 3, 0, 0, 3, 0, 3, 2, 2, 0, 3, 3, 0, 2, 3, 1, 3, 2, 1, 3, 3, 2, 1, 3, 0, 3, 3, 2, 2, 3, 1, 3, 0, 0, 0, 3, 1, 3, 0, 0, 1, 3, 2, 1, 2, 1, 1, 1, 0, 2, 2, 3, 1, 2, 3, 0, 3, 3, 3, 1, 3, 3, 2, 2, 1, 3, 3, 3, 0, 3, 2, 0, 3, 1, 2, 2, 3, 3, 3, 1, 1, 3, 1, 2, 3, 1, 3, 2, 0, 3, 1, 3, 1, 0, 1, 1, 0, 1, 0, 3, 3, 1, 3, 3, 2, 0, 0, 3, 0, 2, 3, 0, 2, 3, 3, 0, 1, 3, 0, 2, 3, 3, 1], "predicted_labels": [1, 1, 0, 0, 2, 2, 1, 1, 2, 2, 3, 1, 2, 2, 1, 2, 1, 0, 3, 1, 1, 3, 1, 0, 1, 1, 1, 1, 1, 0, 2, 1, 2, 1, 2, 0, 1, 1, 1, 3, 1, 1, 3, 1, 1, 1, 1, 2, 3, 3, 1, 1, 3, 1, 0, 1, 1, 0, 3, 1, 3, 1, 0, 1, 0, 0, 3, 1, 1, 3, 0, 3, 3, 3, 1, 1, 1, 1, 1, 3, 3, 3, 1, 1, 0, 3, 0, 3, 3, 1, 3, 0, 0, 1, 2, 1, 0, 3, 1, 3, 3, 1, 0, 0, 1, 3, 1, 3, 3, 1, 0, 0, 3, 3, 3, 0, 1, 1, 0, 3, 1, 1, 3, 1, 1, 3, 3, 1, 1, 0, 1, 1, 0, 0, 1, 3, 3, 0, 2, 1, 1, 1], "confidence_scores": [[0.2781150643696447, 0.38316101546475606, 0.08931391994036626, 0.24941000022523283], [0.037229376322776904, 0.49448521778172005, 0.20179452233507883, 0.2664908835604238], [0.5685895497235646, 0.1913650266897507, 0.09993013116765707, 0.1401152924190279], [0.4072652764275913, 0.18491834942271132, 0.3534925645373048, 0.05432380961239241], [0.09783823523329371, 0.08391148060711812, 0.6666988314384183, 0.15155145272116977], [0.1628819732643067, 0.07330723102275687, 0.44531978528446414, 0.3184910104284723], [0.09121962483158065, 0.5428835591333868, 0.06330664778245888, 0.3025901682525737], [0.15000740761600023, 0.49691800905080374, 0.027533222938847014, 0.3255413603943491], [0.017304386759076976, 0.16684403963803812, 0.7189039274534849, 0.09694764614940045], [0.043563241639251515, 0.06291007076325297, 0.8827430022341528, 0.010783685363342425], [0.1301401945143876, 0.14092295028475232, 0.062155725996215376, 0.6667811292046447], [0.2805682492261551, 0.5236738509362412, 0.10361841629718706, 0.0921394835404165], [0.29451864793370186, 0.2155815402255643, 0.4606472408534485, 0.029252570987285256], [0.2860630204563738, 0.0686336510245257, 0.4207214542253116, 0.22458187429378879], [0.011963391944111527, 0.8574628964048897, 0.10840528738089206, 0.02216842427010676], [0.06739573183330715, 0.1878772987565813, 0.7263024939745016, 0.01842447543560982], [0.046883766990421474, 0.7135160534373217, 0.017768491316462368, 0.22183168825579444], [0.5592551392915398, 0.36134740706382285, 0.03673723843673861, 0.0426602152078989], [0.10006379748973274, 0.3598868993285459, 0.08663843611384578, 0.45341086706787564], [0.006610714931938842, 0.7131931796133095, 0.22767463502847327, 0.05252147042627809], [0.2757474705155061, 0.2915859316155494, 0.11565985963525377, 0.31700673823369035], [0.06358005477729786, 0.12199754283642573, 0.010697273807194669, 0.8037251285790818], [0.04203919154576812, 0.6763549474594446, 0.007315153041207004, 0.27429070795358046], [0.6568369261049896, 0.16978983101759448, 0.049993694445471186, 0.1233795484319447], [0.07462234133240633, 0.5262673805695222, 0.014865218440750139, 0.38424505965732125], [0.13845833770916363, 0.41058541441060353, 0.19667842099725258, 0.25427782688298006], [0.3324439760721471, 0.3221739842101616, 0.21921653858886614, 0.12616550112882516], [0.3688009480836868, 0.4279813957546974, 0.10989208611235445, 0.09332557004926151], [0.2677017683579436, 0.5593073326550198, 0.11052036630551236, 0.06247053268152393], [0.5580464740483, 0.10195448056787904, 0.07008084451085984, 0.2699182008729609], [0.0307924926560671, 0.09316193203114263, 0.7348858244127698, 0.14115975090001984], [0.2544142061584176, 0.5881579306563675, 0.04893942022147993, 0.10848844296373494], [0.26896246155953013, 0.2387690827032001, 0.41666839413369167, 0.07560006160357809], [0.13166436086313413, 0.38110062947513756, 0.1376799030842546, 0.34955510657747385], [0.014999667641972391, 0.3799808554589658, 0.5697551015391176, 0.03526437535994429], [0.5048353358750827, 0.1464079615434196, 0.0036643065587202944, 0.3450923960227774], [0.022866550570867568, 0.5836986968800174, 0.12849984133189385, 0.26493491121722096], [0.09656611191078934, 0.5621558853746703, 0.29483010400103254, 0.046447898713508], [0.08598525279530826, 0.5619471889722787, 0.11120371337280659, 0.24086384485960652], [0.1991188591757944, 0.027121907802094936, 0.08260760715156518, 0.6911516258705456], [0.05426415225673186, 0.7980500599274148, 0.11568566780852517, 0.03200012000732791], [0.15137374952360472, 0.43786251478882104, 0.248781395845365, 0.1619823398422094], [0.26549445829319346, 0.14670039601008555, 0.05627668165536989, 0.5315284640413507], [0.40392498594581344, 0.29168023432252976, 0.006518259338308156, 0.29787652039334883], [0.20685277668114535, 0.3428862949002402, 0.08158791500961769, 0.36867301340899694], [0.2020543847105642, 0.4881761424985573, 0.16813731970495047, 0.1416321530859281], [0.2265669172034617, 0.3643098271832212, 0.1234103958030538, 0.2857128598102631], [0.031655952695316056, 0.024553721055319597, 0.9322809757097271, 0.011509350539637286], [0.062183054417823395, 0.12590701264364976, 0.3633280666777686, 0.4485818662607583], [0.03518543492289975, 0.15315532200165458, 0.3328228806619084, 0.47883636241353694], [0.3939448260186035, 0.2830194592923202, 0.10445560212755453, 0.21858011256152182], [0.08733074723774249, 0.6192360192837058, 0.11027660516025067, 0.18315662831830115], [0.13282458038456305, 0.2751743219468466, 0.028199891329425048, 0.5638012063391654], [0.13358880313726393, 0.6011841991836305, 0.16409749947632787, 0.10112949820277765], [0.7097188717937408, 0.1666391031140142, 0.024222789740186795, 0.09941923535205809], [0.11239663402394894, 0.5354428914710011, 0.16062095783535685, 0.19153951666969296], [0.03171221075045164, 0.829532319388292, 0.004897941347053603, 0.13385752851420293], [0.38848182846814244, 0.22034005614537425, 0.050274044582975644, 0.3409040708035077], [0.21789342961225805, 0.2607847065671797, 0.031980754123317745, 0.48934110969724454], [0.47054638665285103, 0.4599405435404863, 0.05091541039788466, 0.018597659408778396], [0.223132420279901, 0.2250139651524184, 0.17198871360039697, 0.37986490096728354], [0.13984377664350744, 0.35302886345166834, 0.3807775101766602, 0.12634984972816377], [0.7729677721256821, 0.2080779663925408, 0.0012009641720381308, 0.01775329730973888], [0.10135578239874954, 0.5636616685585304, 0.16352153453632967, 0.17146101450639037], [0.5765002612463089, 0.09818276789575262, 0.19923062108827833, 0.12608634976966024], [0.6154681212675478, 0.1679835155009318, 0.07676917334146674, 0.13977918989005358], [0.06571333359058572, 0.14820197780640157, 0.40756882547673584, 0.3785158631262765], [0.17180696113397517, 0.25710919119962644, 0.226925212179673, 0.3441586354867258], [0.3006854677781985, 0.3932918033166435, 0.0630275085446804, 0.2429952203604774], [0.07248612808631782, 0.384770886948973, 0.003104516702603985, 0.539638468262105], [0.8538626545351818, 0.12006369737922698, 0.019225665196864954, 0.00684798288872574], [0.20231199014890708, 0.3172713475881825, 0.02608136571044546, 0.4543352965524654], [0.17769133126623146, 0.1979353742778172, 0.1527204836452135, 0.47165281081073773], [0.17745827555732147, 0.15193854266940796, 0.2281605547153749, 0.44244262705789555], [0.2336095727722393, 0.38509324060869227, 0.03277063851948345, 0.34852654809958517], [0.2689997271673995, 0.4112249165485066, 0.2768985457104597, 0.04287681057363419], [0.18742173867074796, 0.6449868367879468, 0.08032961064545938, 0.08726181389584615], [0.03234861712022636, 0.3456125333432413, 0.2513429114464784, 0.3706959380900538], [0.2015913451055938, 0.458421394961251, 0.24482903253511157, 0.09515822739804342], [0.27789932961871977, 0.18862568472942576, 0.001741681433458312, 0.5317333042183964], [0.3783868504745636, 0.05318901824519939, 0.03491871827488386, 0.5335054130053531], [0.16399912616032467, 0.33202608459116756, 0.04887627313811759, 0.45509851611039054], [0.3640244673945856, 0.43188278894265597, 0.011996626131710673, 0.19209611753104747], [0.10622160095463778, 0.5157572990453053, 0.09917366409272223, 0.27884743590733474], [0.3055470659508489, 0.18965311109675492, 0.3463490453531935, 0.15845077759920304], [0.1780465945944161, 0.12652343664484042, 0.14442866447010227, 0.5510013042906412], [0.8273689995026543, 0.029521038351600207, 0.05273604857671148, 0.09037391356903388], [0.2357226538024602, 0.30444042741605404, 0.014898073122026503, 0.44493884565945924], [0.0418059333049971, 0.29314191429567776, 0.02511723957331082, 0.6399349128260144], [0.3372149677291519, 0.31721890464214336, 0.14987315379060764, 0.19569297383809697], [0.01771138260346287, 0.016161042866992645, 0.008267985905681232, 0.9578595886238631], [0.5658983052855728, 0.224435555049904, 0.04796926937909658, 0.1616968702854267], [0.6683916690665379, 0.05082487112418103, 0.12557373744428849, 0.15520972236499267], [0.08926818887577495, 0.3995626736244316, 0.17915903290985086, 0.3320101045899426], [0.10424053315328716, 0.022353644804131465, 0.821624801306392, 0.051781020736189294], [0.20527763467902227, 0.5444662679251789, 0.024330301042345025, 0.2259257963534539], [0.4558613115462479, 0.18716471564993212, 0.10810692071392726, 0.24886705208989268], [0.09356152878345819, 0.2811723898085811, 0.049291801968389753, 0.5759742794395709], [0.3283451317970713, 0.5200659709756459, 0.019160925213273127, 0.13242797201400983], [0.14103387643407822, 0.16537115207639497, 0.016067435460319548, 0.6775275360292071], [0.339594370403429, 0.04944274559557486, 0.009318101414567374, 0.6016447825864287], [0.04030642828811613, 0.7419019102950877, 0.14561639890739608, 0.07217526250940032], [0.6216282536630653, 0.12084554620120995, 0.09453311710593898, 0.16299308302978568], [0.6238959089381192, 0.23446691137990996, 0.007848142824242987, 0.1337890368577278], [0.055617729963051615, 0.8023055396824303, 0.02933225976927248, 0.11274447058524567], [0.27590547153149525, 0.23138431099867246, 0.025755243648722306, 0.46695497382110995], [0.033885817563091905, 0.6458977306595308, 0.021703453675303675, 0.29851299810207377], [0.24808065035955362, 0.22727197253570358, 0.0029130784185666756, 0.5217342986861759], [0.27217979744542, 0.23363335590487283, 0.03495144309627189, 0.4592354035534352], [0.022550024785741182, 0.46087982925099813, 0.4482060268937462, 0.0683641190695143], [0.88748245610571, 0.042323210696249336, 0.03374106842864851, 0.036453264769392174], [0.4529289685057686, 0.1759382285364192, 0.059299228596724554, 0.3118335743610876], [0.17419934244685584, 0.16897521126570847, 0.0716665502059224, 0.5851588960815132], [0.0628331807387131, 0.20578889991982965, 0.03081002262903419, 0.7005678967124229], [0.2707018572192568, 0.13207863477544035, 0.042980260851329034, 0.5542392471539739], [0.7669040411945941, 0.022462814197429223, 0.06241080026186544, 0.14822234434611167], [0.15370014895347195, 0.5684483689254196, 0.24858524098761917, 0.029266241133488916], [0.12971913407679622, 0.4097453539922819, 0.046373259404535606, 0.4141622525263864], [0.35809900377107723, 0.27393067791126574, 0.04263142569857627, 0.325338892619081], [0.11667433570787643, 0.3666250799479556, 0.00868323847489595, 0.5080173458692719], [0.1911466278301313, 0.30580915127011904, 0.31742625533158647, 0.1856179655681634], [0.3926551883656251, 0.4160355051154902, 0.005797124638892552, 0.18551218187999233], [0.07436607107482622, 0.06502776431743616, 0.010103070905336653, 0.850503093702401], [0.0555436947315189, 0.6597224660462687, 0.2270330301226297, 0.057700809099583146], [0.1308332129734701, 0.4284338106340137, 0.18014089313271392, 0.26059208325980227], [0.057995397289961344, 0.11773735709243859, 0.006991191021167637, 0.8172760545964324], [0.17298326154947877, 0.24808094802372568, 0.015669453194501713, 0.5632663372322935], [0.20858829433901638, 0.3482590116290161, 0.21334351109791183, 0.2298091829340554], [0.22834655377640184, 0.5590248831194224, 0.03361679521358157, 0.17901176789059434], [0.866763835944607, 0.10265879401445141, 0.010181359971954079, 0.02039601006898716], [0.2707216411636911, 0.5093973149185748, 0.02273602760908524, 0.19714501630864897], [0.07928301073456653, 0.3595490116177339, 0.479695439713647, 0.08147253793405267], [0.403531395934641, 0.33784272827725237, 0.049927808165643704, 0.208698067622463], [0.4867193843293048, 0.31621762560850314, 0.07584241039101178, 0.12122057967118026], [0.28798354404669, 0.41429357306367925, 0.03827213891433606, 0.25945074397529455], [0.09000487973361454, 0.31460715187924454, 0.24569952977291842, 0.34968843861422244], [0.05646128564209757, 0.09542956202692782, 0.13587844136982927, 0.7122307109611453], [0.6078407760880074, 0.2965747959174896, 0.006030898860764202, 0.08955352913373908], [0.015246587740045933, 0.24286551908329396, 0.7241786301824398, 0.01770926299422042], [0.23034882594590983, 0.33025646200589376, 0.22435466753656272, 0.21504004451163405], [0.027740514896155245, 0.3835174425350986, 0.4878307054152326, 0.10091133715351362], [0.07754947680563992, 0.627998963163789, 0.04365932871587895, 0.250792231314692]]}}