{"test": {"ids": ["111115770", "97106820", "100109980", "105113480", "104116441", "99108330", "112118471", "105119950", "100109311", "113117630", "108115250", "110118161", "105113210", "112120540", "108113700", "109114651", "103113210", "111121930", "100120780", "111114121", "110113931", "102110750", "107116501", "101109370", "104114230", "111120540", "102110240", "100108580", "102113210", "106114150", "111116411", "105116650", "104113210", "98116500", "103113170", "106116850", "98111620", "111119930", "108119330", "113121010", "97107920", "112117431", "101108580", "101119591", "113119340", "112117580", "99111930", "108114180", "112120670", "108121160", "107118520", "111116750", "101111140", "109119340", "103120290", "101108370", "108120280", "113118690", "110118630", "108115070", "106118520", "112120270", "103109021", "113118620", "110117870", "99109910", "111114941", "99108520", "98109230", "110115250", "111116100", "108118301", "113117340", "104111550", "100110260", "106115120", "102109850", "108117610", "112118880", "99108890", "106119260", "110118301", "105115900", "112119610", "106118301", "106114880", "113120070", "113119930", "111118301", "98120530", "112117780", "110120190", "113122650", "111120640", "105115250", "109117110", "106117650", "108117451", "109120150", "99109740", "113118490", "104110960", "101110150", "108113620", "109115220", "103113610", "102110500", "101114990", "106114321", "99117740", "109114030", "105113330", "98112170", "103110100", "100111620", "101113210", "101109000", "105114220", "105117351", "103109641", "113121190", "98110710", "109117080", "109115211", "110118450", "111116040", "111115400", "100108490", "110115890", "106116120", "107116980", "109119450", "97116800", "111120280", "100107920", "108118630", "111120591", "111120190", "109116170", "103110220", "104117630", "105113190"], "labels": [3, 1, 1, 0, 1, 1, 1, 3, 1, 0, 1, 0, 3, 3, 0, 3, 3, 1, 1, 0, 1, 1, 1, 1, 2, 1, 3, 0, 3, 1, 0, 1, 3, 2, 3, 3, 3, 1, 0, 2, 0, 0, 0, 0, 0, 0, 1, 1, 2, 2, 2, 3, 2, 3, 2, 1, 3, 3, 1, 1, 2, 0, 0, 3, 3, 2, 0, 2, 1, 1, 3, 1, 2, 1, 3, 1, 1, 3, 1, 0, 1, 1, 3, 0, 1, 0, 2, 1, 3, 1, 0, 3, 2, 0, 2, 1, 1, 2, 2, 3, 1, 2, 1, 3, 3, 2, 3, 3, 2, 2, 1, 3, 3, 1, 3, 3, 1, 3, 0, 1, 1, 2, 1, 0, 0, 0, 0, 2, 2, 1, 3, 3, 0, 0, 0, 1, 1, 3, 0, 2, 0, 3], "predicted_labels": [3, 3, 0, 3, 3, 3, 1, 3, 3, 3, 3, 3, 0, 3, 1, 3, 0, 3, 3, 1, 3, 1, 3, 1, 3, 1, 1, 0, 1, 1, 3, 3, 3, 3, 3, 3, 1, 3, 3, 3, 0, 1, 0, 3, 0, 3, 1, 3, 3, 1, 1, 0, 0, 0, 2, 0, 3, 1, 1, 1, 3, 1, 3, 3, 1, 2, 3, 1, 3, 3, 0, 3, 1, 1, 0, 0, 2, 3, 3, 1, 0, 1, 1, 3, 1, 1, 3, 3, 1, 3, 0, 1, 3, 3, 3, 3, 3, 3, 1, 1, 0, 0, 0, 3, 3, 2, 3, 1, 1, 3, 3, 0, 3, 3, 3, 1, 3, 0, 3, 3, 3, 3, 1, 3, 3, 0, 3, 3, 3, 3, 0, 3, 0, 3, 3, 3, 0, 1, 1, 3, 0, 0], "confidence_scores": [[0.20907921522921524, 0.26768638224520586, 0.1956190012601778, 0.3276154012654014], [0.2533884559884561, 0.2495167388167388, 0.1698472360972361, 0.32724756909756886], [0.27339410034410033, 0.26724628704628706, 0.21513328893328906, 0.24422632367632383], [0.2062565545565547, 0.2922769175269176, 0.20763433788433797, 0.2938321900321902], [0.2661159451659452, 0.27559386724386725, 0.1192696248196249, 0.3390205627705629], [0.18625821678321694, 0.282691292041292, 0.23359324564324574, 0.29745724553224584], [0.21747351259851266, 0.3172777056277057, 0.19180664335664338, 0.2734421384171385], [0.2766915750915751, 0.24992953712953722, 0.1948933621933623, 0.2784855255855256], [0.2664300088800089, 0.24392324342324356, 0.16666963036963045, 0.32297711732711726], [0.22667821622821635, 0.27995178710178714, 0.20150672660672667, 0.2918632700632702], [0.20846612276612292, 0.27189354534354543, 0.23290401265401278, 0.28673631923631937], [0.2477611888111888, 0.2823726051726053, 0.15876762681762677, 0.31109857919857925], [0.3066912198912199, 0.2672173160173161, 0.15988908313908315, 0.26620238095238113], [0.2742883449883449, 0.2576038905538906, 0.15878259518259527, 0.30932516927516923], [0.28143282273282283, 0.28483005883005885, 0.18495368242868238, 0.24878343600843608], [0.29031122766122774, 0.22631261793761806, 0.16543455710955718, 0.3179415972915975], [0.26149559884559903, 0.2598773873185638, 0.2212605727605729, 0.2573664410752646], [0.29844701964701975, 0.23972128982128996, 0.1488453490953491, 0.31298634143634135], [0.24086961649461666, 0.26169588744588745, 0.19693118548118557, 0.3005033105783105], [0.26794774947274946, 0.3080103618603617, 0.14837375957375967, 0.27566812909312904], [0.22164698912198913, 0.2833007159507161, 0.15892462537462548, 0.3361276695526695], [0.1971662337662338, 0.32609350649350644, 0.24472763347763363, 0.2320126262626264], [0.24555252525252536, 0.26060545565545584, 0.18305034965034978, 0.3107916694416694], [0.23274973359973364, 0.29794753742989044, 0.25537343604108326, 0.213929292929293], [0.2156151737151737, 0.24574473304473296, 0.2475941114441116, 0.2910459817959818], [0.2163579864579866, 0.3071373765123764, 0.18492853535353548, 0.2915761016761017], [0.2557297632106456, 0.28663277637395285, 0.21857888647300427, 0.23905857394239768], [0.27778887223887233, 0.23992048507048505, 0.23750706515706524, 0.2447835775335776], [0.2646291486291487, 0.2804979686979688, 0.2004949383949385, 0.25437794427794425], [0.24336850012732367, 0.2805390331890333, 0.220780230880231, 0.25531223580341245], [0.308107858807859, 0.2120675602175603, 0.15608982683982695, 0.32373475413475394], [0.23820054390054396, 0.25723987123987124, 0.23111923631923653, 0.2734403485403486], [0.2670466200466201, 0.26575090465090473, 0.16480906315906327, 0.3023934121434123], [0.2806047619047619, 0.22284544344544346, 0.18203154623154627, 0.31451824841824844], [0.2176947996447997, 0.28412604062604063, 0.20901731601731618, 0.2891618437118438], [0.22284518814518817, 0.2652073509823511, 0.2076620129870132, 0.30428544788544765], [0.2030347707847709, 0.2841150338223867, 0.2566758974685445, 0.25617429792429813], [0.26789852369852385, 0.2775392385392385, 0.17609761904761911, 0.27846461871461864], [0.2666779054279054, 0.22845800865800878, 0.18818197913197932, 0.3166821067821068], [0.22287171162171165, 0.27573609723609716, 0.1894619602619603, 0.3119302308802309], [0.3665729603729604, 0.21091874236874247, 0.17455299145299163, 0.24795530580530586], [0.26628674658674667, 0.29554968919968927, 0.1460461760461761, 0.29211738816738825], [0.3310048701298702, 0.18956327561327568, 0.21013080530580544, 0.26930104895104895], [0.2892861915861916, 0.21380358807858818, 0.18370548063048064, 0.3132047397047396], [0.3027079365079364, 0.2641651515151515, 0.1512490842490843, 0.2818778277278277], [0.2081281385281386, 0.26155974025974027, 0.19648593824476177, 0.33382618296735955], [0.2035249139749141, 0.32457694690929995, 0.21297892499657214, 0.25891921411921415], [0.2002637362637364, 0.2331466477966479, 0.16847967587967583, 0.39810994005994005], [0.2134660894660893, 0.28609870129870113, 0.20037339882339886, 0.30006181041181035], [0.23677770562770567, 0.28433311688311685, 0.203004711954712, 0.2758844655344656], [0.20441663891663903, 0.3123915806415805, 0.21120724275724279, 0.27198453768453784], [0.31990709290709285, 0.19820766455766475, 0.17737155899655913, 0.3045136835386834], [0.2643663003663003, 0.24768997668997678, 0.22794667554667558, 0.2599970473970473], [0.27898898323898313, 0.23554628704628716, 0.22462092907092904, 0.2608438006438007], [0.20160152070152085, 0.27758474303474295, 0.28466178821178834, 0.23615194805194817], [0.32263003663003653, 0.24141033966033976, 0.18243583083583095, 0.25352379287379295], [0.27868093018093015, 0.22269567736185394, 0.2198612776112776, 0.2787621148459384], [0.2572414141414143, 0.2825805916305916, 0.1863132276220512, 0.27386476660594317], [0.2152749666999667, 0.30799535464535477, 0.18748564213564217, 0.2892440365190367], [0.2713089133089132, 0.3043725940725941, 0.19880313020313023, 0.22551536241536244], [0.2533883838383839, 0.24824567099567113, 0.1870253968253969, 0.3113405483405483], [0.20651734931734925, 0.2947687035187036, 0.2656135642135642, 0.233100382950383], [0.23918973803973803, 0.25945000000000024, 0.16853495670995675, 0.33282530525030524], [0.23373246753246754, 0.28860851370851376, 0.14705890220890228, 0.33060011655011645], [0.22588225108225124, 0.2882060828060828, 0.22851594516594526, 0.257395720945721], [0.19938152958152972, 0.2719018037518037, 0.29792669552669565, 0.23078997113997113], [0.2686130248406566, 0.26046558821295673, 0.165606093906094, 0.30531529304029315], [0.23201095848595849, 0.3030799284049285, 0.23872037407037414, 0.22618873903873912], [0.2632038961038961, 0.22909034854034876, 0.24302394827394844, 0.2646818070818071], [0.24769228745111102, 0.26936413945531595, 0.14518785658785666, 0.3377557165057165], [0.30147356809856807, 0.2828501665001665, 0.15631288156288156, 0.2593633838383839], [0.25097684537684545, 0.2540821289821291, 0.1753156565656566, 0.3196253690753692], [0.22576186036186047, 0.3116662615162616, 0.19228696303696316, 0.27028491508491526], [0.19713891663891675, 0.2928786324786325, 0.23512202797202794, 0.27486042291042295], [0.2757711621711624, 0.25236477411477415, 0.2064014152514153, 0.2654626484626485], [0.3481138528138527, 0.24827398157398173, 0.14474360084360083, 0.2588685647685649], [0.224666810966811, 0.2372588966588967, 0.300616910866911, 0.23745738150738163], [0.2198940836940837, 0.22319898434898436, 0.12853902208902207, 0.4283679098679096], [0.24997005347593584, 0.2504023809523811, 0.19867987437399212, 0.3009476911976911], [0.23086127761127762, 0.3029560328560329, 0.17623654123654128, 0.2899461482961482], [0.2692531801531803, 0.24448640803640817, 0.2534697691197691, 0.2327906426906428], [0.2343282828282829, 0.29770423465423473, 0.1914983627483628, 0.27646911976911986], [0.23462210567210573, 0.2768744552832791, 0.24664218918336578, 0.24186124986124988], [0.2259731962481965, 0.27736979131979134, 0.21448827006327012, 0.2821687423687427], [0.2515620934620934, 0.3125304695304694, 0.1468332806082807, 0.2890741563991568], [0.22687917637917634, 0.282392662892663, 0.22730371017871026, 0.26342445054945074], [0.2448147574647575, 0.2649478521478522, 0.2216735930735932, 0.26856379731379737], [0.26055325230325244, 0.28039044844044847, 0.13659343989343994, 0.3224628593628594], [0.23592006327006335, 0.2877341583253348, 0.1936074481074481, 0.28273833029715406], [0.2635582140082141, 0.268547236750178, 0.1645405440964265, 0.30335400514518157], [0.2938455405705406, 0.25239414474414495, 0.2038797202797204, 0.2498805944055945], [0.26354343434343436, 0.3364232989232989, 0.1507036075036076, 0.24932965922965938], [0.21448437118437122, 0.28931346986346973, 0.1719707070707071, 0.32423145188145197], [0.2531209151959151, 0.27257677877677877, 0.1904438616938618, 0.2838584443334443], [0.25011358641358644, 0.24432626262626278, 0.21272595182595186, 0.292834199134199], [0.26296026751026763, 0.2701879509379509, 0.15686132756132767, 0.30999045399045405], [0.2493290043290045, 0.24890626318126327, 0.2174126762126763, 0.2843520562770564], [0.3165923371949689, 0.22111680643917497, 0.13791345598845609, 0.3243774003774003], [0.2320325341325341, 0.28084854100148215, 0.23884887824593729, 0.24827004662004679], [0.20041273726273728, 0.3569604617604616, 0.22437070152070154, 0.21825609945609958], [0.29260932955932956, 0.2732505217005218, 0.17923032523032534, 0.25490982350982366], [0.30451467421467426, 0.2192761627261627, 0.22463564213564224, 0.251573520923521], [0.2754158008658008, 0.2615194361194362, 0.20725714285714303, 0.2558076201576202], [0.23302499999999993, 0.2556334942834943, 0.19239891497391512, 0.3189425907425908], [0.20285288600288606, 0.2578049783549784, 0.13870276390276395, 0.40063937173937175], [0.2485064213564214, 0.24786877011877023, 0.2585026695526695, 0.2451221389721391], [0.2867265900765901, 0.21079908424908425, 0.1873496836496837, 0.31512464202464197], [0.22260319125319147, 0.30267326007326, 0.2353361693861695, 0.23938737928737935], [0.23711433566433568, 0.2851504218004219, 0.19911657231657237, 0.27861867021867026], [0.24674812409812416, 0.26349813519813525, 0.21192734487734494, 0.2778263958263959], [0.222378798978799, 0.2780413253413253, 0.19047938727938737, 0.30910048840048837], [0.3250803585303586, 0.2059915251415252, 0.16386178266178278, 0.30506633366633357], [0.24645590520590527, 0.2707886946386947, 0.21041567876567893, 0.27233972138972146], [0.2617697885447887, 0.2240658175158175, 0.2265931477019712, 0.28757124623742286], [0.26076805416805415, 0.22802664280164295, 0.23855329947829965, 0.2726520035520036], [0.2423573981573981, 0.326037307137307, 0.1797031857031858, 0.2519021090021091], [0.21644543234543234, 0.26120707070707083, 0.22501986346986363, 0.29732763347763363], [0.28833467643467653, 0.2654092352092352, 0.19502689810189816, 0.2512291902541903], [0.27696272779508063, 0.25387777320718496, 0.1472810966810967, 0.32187840231663756], [0.2174063603063604, 0.2145468642468643, 0.24461825396825404, 0.3234285214785214], [0.2651724775224777, 0.2696535742035742, 0.1607898434898436, 0.30438410478410494], [0.20520541125541122, 0.2787445887445887, 0.2272013708513708, 0.2888486291486294], [0.19966507381507387, 0.33825581052933995, 0.16233135785782854, 0.29974775779775803], [0.23889281274281285, 0.2640820068820068, 0.1613043012543013, 0.33572087912087917], [0.20151560106560118, 0.2803899544899546, 0.21574956709956727, 0.30234487734487714], [0.3530485902985902, 0.2626596681096683, 0.142180463980464, 0.24211127761127765], [0.2616272005772008, 0.24621060606060616, 0.2144515151515152, 0.27771067821067824], [0.2446046675546677, 0.2569280608280609, 0.21183698523698527, 0.2866302863802863], [0.20173538128538132, 0.31379120879120875, 0.16847331002330998, 0.3160000999000999], [0.24785505050505055, 0.2608329004329006, 0.19579675324675336, 0.29551529581529584], [0.39226145521145495, 0.24189002664002685, 0.19177209457209468, 0.17407642357642372], [0.17713789543789552, 0.27803141303141327, 0.22404405594405602, 0.3207866355866358], [0.2779088078588079, 0.2381499000999001, 0.21900683205683213, 0.2649344599844601], [0.22988429625929646, 0.30177754745254737, 0.14653100233100239, 0.321807153957154], [0.2464188311688311, 0.21880023865023862, 0.16901029526029535, 0.3657706349206348], [0.22815144300144316, 0.27326080031080036, 0.16306312298812298, 0.33552463369963365], [0.3024476412476413, 0.22561709956709955, 0.17892063492063504, 0.29301462426462427], [0.22655875235875234, 0.30531957454310393, 0.17405619413266477, 0.2940654789654791], [0.2530800588300589, 0.2984634643134644, 0.1644607115107116, 0.2839957653457654], [0.19007852147852153, 0.2719950438450439, 0.25677088662971026, 0.2811555480467246], [0.30955048285048287, 0.23429289044289053, 0.19480677655677678, 0.26134985014985024], [0.3022005383505384, 0.2365838078588079, 0.1632638306138308, 0.2979518231768232]]}, "rewritten": {"ids": ["97106820", "97107920", "97116800", "98109230", "98110710", "98111620", "98112170", "98116500", "98120530", "99108330", "99108520", "99108890", "99109740", "99109910", "99111930", "99117740", "100107920", "100108490", "100108580", "100109311", "100109980", "100110260", "100111620", "100120780", "101108370", "101108580", "101109000", "101109370", "101110150", "101111140", "101113210", "101114990", "101119591", "102109850", "102110240", "102110500", "102110750", "102113210", "103109021", "103109641", "103110100", "103110220", "103113170", "103113210", "103113610", "103120290", "104110960", "104111550", "104113210", "104114230", "104116441", "104117630", "105113190", "105113210", "105113330", "105113480", "105114220", "105115250", "105115900", "105116650", "105117351", "105119950", "106114150", "106114321", "106114880", "106115120", "106116120", "106116850", "106117650", "106118301", "106118520", "106119260", "107116501", "107116980", "107118520", "108113620", "108113700", "108114180", "108115070", "108115250", "108117451", "108117610", "108118301", "108118630", "108119330", "108120280", "108121160", "109114030", "109114651", "109115211", "109115220", "109116170", "109117080", "109117110", "109119340", "109119450", "109120150", "110113931", "110115250", "110115890", "110117870", "110118161", "110118301", "110118450", "110118630", "110120190", "111114121", "111114941", "111115400", "111115770", "111116040", "111116100", "111116411", "111116750", "111118301", "111119930", "111120190", "111120280", "111120540", "111120591", "111120640", "111121930", "112117431", "112117580", "112117780", "112118471", "112118880", "112119610", "112120270", "112120540", "112120670", "113117340", "113117630", "113118490", "113118620", "113118690", "113119340", "113119930", "113120070", "113121010", "113121190", "113122650"], "labels": [1, 0, 0, 1, 2, 3, 3, 2, 1, 1, 2, 0, 3, 2, 1, 2, 0, 2, 0, 1, 1, 3, 3, 1, 1, 0, 1, 1, 1, 2, 3, 3, 0, 1, 3, 3, 1, 3, 0, 1, 1, 2, 3, 3, 2, 2, 2, 1, 3, 2, 1, 0, 3, 3, 3, 0, 3, 2, 3, 1, 0, 3, 1, 2, 0, 1, 1, 3, 1, 1, 2, 1, 1, 3, 2, 3, 0, 1, 1, 1, 2, 3, 1, 1, 0, 3, 2, 1, 3, 0, 3, 0, 1, 1, 3, 3, 2, 1, 1, 2, 3, 0, 1, 0, 1, 3, 0, 0, 0, 3, 0, 3, 0, 3, 3, 1, 3, 0, 1, 1, 0, 1, 0, 0, 0, 1, 1, 0, 0, 3, 2, 2, 0, 1, 3, 3, 0, 1, 2, 2, 1, 2], "predicted_labels": [3, 0, 0, 3, 1, 3, 3, 3, 3, 1, 1, 1, 1, 1, 1, 0, 3, 3, 3, 3, 1, 3, 3, 3, 0, 0, 3, 1, 0, 0, 1, 1, 0, 1, 0, 3, 1, 1, 3, 3, 3, 1, 1, 0, 3, 1, 0, 1, 0, 1, 3, 0, 3, 0, 0, 3, 0, 3, 1, 0, 3, 3, 3, 1, 1, 0, 3, 3, 1, 3, 0, 1, 3, 0, 1, 3, 0, 3, 0, 3, 0, 3, 0, 3, 3, 0, 1, 1, 3, 3, 3, 3, 1, 3, 0, 3, 1, 1, 3, 1, 1, 3, 1, 3, 1, 1, 1, 3, 3, 3, 0, 0, 0, 0, 1, 0, 1, 3, 1, 3, 3, 0, 0, 3, 0, 1, 3, 1, 1, 3, 3, 1, 1, 0, 3, 3, 0, 3, 1, 3, 3, 1], "confidence_scores": [[0.25391147186147195, 0.22780418470418473, 0.1970087801087802, 0.32127556332556323], [0.33324660339660345, 0.23758456265956274, 0.15676648629148632, 0.2724023476523477], [0.30393545898545893, 0.24116401376401383, 0.19824249084249093, 0.2566580364080364], [0.26073598068598086, 0.2273467032967033, 0.2326394938394941, 0.2792778221778223], [0.24287629592629606, 0.3002813353313352, 0.2034661838161838, 0.253376184926185], [0.21554292374292372, 0.2682102358425889, 0.24714490901255615, 0.26910193140193145], [0.2684678266178265, 0.2721707070707072, 0.18064653124653124, 0.27871493506493533], [0.2647024531024531, 0.2315691197691199, 0.21469346209346216, 0.28903496503496495], [0.2608666389166389, 0.2557653235653237, 0.15311514596514597, 0.33025289155289145], [0.19668087468087486, 0.285030907980908, 0.2423552947052947, 0.27593292263292274], [0.22324463869463868, 0.2935276334776334, 0.24177758352758363, 0.24145014430014433], [0.20793987123987132, 0.3171871295371295, 0.21180325785325804, 0.2630697413697414], [0.19524878177378188, 0.3212128898878897, 0.2577990564990566, 0.22573927183927206], [0.20653768453768453, 0.2857126096126095, 0.2662539793539793, 0.2414957264957266], [0.23080217837717837, 0.289520684870685, 0.262716305916306, 0.21696083083583087], [0.26686800976800984, 0.26607061827061834, 0.20365640470640478, 0.26340496725496737], [0.24760365745365745, 0.219881191031191, 0.18128083583083587, 0.3512343156843157], [0.23242800810300812, 0.2556610528360529, 0.23259406704406727, 0.27931687201687205], [0.23774432234432227, 0.25718189033189043, 0.2316958374958375, 0.2733779498279501], [0.2601993082081318, 0.216022521922522, 0.18309530469530483, 0.34068286517404145], [0.23847828282828296, 0.2691993506493507, 0.2333044511044512, 0.25901791541791547], [0.2779854978354981, 0.23856355311355323, 0.1889396714396715, 0.2945112776112777], [0.24885213120213134, 0.25689415029415047, 0.22488601398601415, 0.2693677045177047], [0.22030962370962387, 0.2656208236208237, 0.2066830447330448, 0.30738650793650796], [0.3585393217893218, 0.21704238539238555, 0.1667367188367189, 0.2576815739815741], [0.32332284382284393, 0.21012409812409824, 0.22586418581418588, 0.2406888722388723], [0.2441728993228994, 0.2580826784326785, 0.20356471861471856, 0.2941797036297037], [0.24270117660117668, 0.276691391941392, 0.2520010822510824, 0.22860634920634923], [0.2805421578421578, 0.239850482850483, 0.2090065434565436, 0.27060081585081586], [0.2862579032079033, 0.24676905316905334, 0.2058761571761573, 0.2610968864468865], [0.24216257631257637, 0.3100891885891885, 0.18374551004551012, 0.26400272505272504], [0.19829267954267962, 0.30765092293327573, 0.22771295763060484, 0.26634343989343984], [0.3157624320124318, 0.2218890220890222, 0.15892743367743375, 0.3034211122211122], [0.22975795315795328, 0.26283848373848373, 0.25431646131646135, 0.253087101787102], [0.27249916194916196, 0.2697812382062382, 0.20375374902874924, 0.2539658508158509], [0.27968382173382167, 0.22979365356865367, 0.19777013264513263, 0.2927523920523923], [0.20357484737484735, 0.30939458874458875, 0.24399405594405613, 0.243036507936508], [0.2572230658230658, 0.289474913974914, 0.1847064713064714, 0.2685955488955491], [0.2737472305472304, 0.2575387889887892, 0.16028198190698204, 0.3084319985569986], [0.22256353646353663, 0.24550036907536918, 0.2643710511710513, 0.2675650432900432], [0.2563996725496726, 0.2013167832167834, 0.2350382839382841, 0.30724526029526034], [0.2126936507936509, 0.29714033189033207, 0.21772290128172495, 0.27244311603429266], [0.2070634143634144, 0.2888706293706293, 0.22445729825729843, 0.2796086580086581], [0.2634604673104675, 0.24118196803196806, 0.2368484015984017, 0.25850916305916316], [0.2510787212787214, 0.25598080253080263, 0.22644595959595973, 0.2664945165945168], [0.20465648795648808, 0.2860582306582306, 0.28537396492396505, 0.22391131646131657], [0.3122088966588966, 0.2283185425685427, 0.22281125541125543, 0.23666130536130542], [0.2346037535563852, 0.29672394652131495, 0.2078198856698858, 0.2608524142524143], [0.3083588911088912, 0.25808177933177945, 0.18486645021645032, 0.24869287934287942], [0.2504682983682984, 0.25956154401154413, 0.23071366411366417, 0.25925649350649355], [0.2552526251526253, 0.2463634421134423, 0.15090490620490626, 0.3474790265290265], [0.30334579309579307, 0.24362109002109006, 0.19095178155178175, 0.26208133533133543], [0.2957411921411922, 0.24413483460983468, 0.15390727050727057, 0.3062167027417027], [0.3080784271284271, 0.2450742424242425, 0.16496534576534586, 0.28188198468198455], [0.32659437229437216, 0.2221338827838828, 0.15159516594516598, 0.2996765789765792], [0.23105591630591635, 0.3027860195360195, 0.15258826173826182, 0.3135698024198025], [0.276362456987457, 0.2752422022422023, 0.18732866300366308, 0.2610666777666778], [0.26517965367965374, 0.24211976911976926, 0.22367287157287158, 0.2690277056277058], [0.21407663415016354, 0.34729819200407447, 0.19699079025549626, 0.24163438359026604], [0.27959229659229656, 0.25889664779664795, 0.21917046287046305, 0.24234059274059291], [0.2818710084033613, 0.2482334786128904, 0.1641736763236763, 0.305721836660072], [0.2768023865023865, 0.23288243978243986, 0.2053259462759463, 0.28498922743922733], [0.27987450882450876, 0.2379886724386726, 0.18401026751026767, 0.2981265512265514], [0.2601608558108558, 0.2662199522699523, 0.22905717060717065, 0.2445620213120215], [0.25755369630369623, 0.280888394938395, 0.19491626706626725, 0.26664164169164173], [0.35841957486957476, 0.2420822732822734, 0.13484964479964476, 0.2646485070485072], [0.2329847041847043, 0.27325281385281397, 0.17341801531801546, 0.3203444666444666], [0.2283285492285492, 0.2631499500499501, 0.2401450216450216, 0.26837647907647905], [0.20765648518148527, 0.3343331973581973, 0.17223050283050292, 0.2857798146298145], [0.27785505572858527, 0.2595731670290494, 0.14752191746162338, 0.31504985978074235], [0.2777315906315907, 0.24656228216228226, 0.19887337107337116, 0.2768327561327562], [0.2505975468975469, 0.2563650793650794, 0.239465873015873, 0.2535715007215008], [0.26829347874347875, 0.26506798201798215, 0.16066709956709965, 0.3059714396714397], [0.39690339660339663, 0.2391569153069155, 0.1639390720390721, 0.20000061605061625], [0.21724584304584313, 0.32663823953823945, 0.18639062049062058, 0.26972529692529695], [0.22092831335331345, 0.2681747779997781, 0.1939811188811189, 0.3169157897657897], [0.29538764846264853, 0.289757647907648, 0.16740487012987015, 0.2474498334998336], [0.2206182484182485, 0.2519366078366078, 0.14885444555444557, 0.3785906981906982], [0.3239446941946941, 0.25638504828504843, 0.1784964868464869, 0.24117377067377083], [0.22704086469086465, 0.24871567876567877, 0.24614891774891778, 0.27809453879453894], [0.3270830575856892, 0.21729718161955003, 0.1340141774891775, 0.3216055833055834], [0.23994410589410603, 0.26824134199134203, 0.11823457375957376, 0.37357997835497847], [0.2883058108558108, 0.257685780885781, 0.16949769119769115, 0.2845107170607169], [0.197369574869575, 0.299533660783661, 0.1656669524919526, 0.3374298118548117], [0.28081961649461645, 0.19737455322455336, 0.18566185481185485, 0.33614397546897545], [0.2832036130536131, 0.24356059218559228, 0.2033675269175269, 0.2698682678432679], [0.24938863358863364, 0.29323066378066376, 0.1874731046731048, 0.2699075979575981], [0.23546572871572882, 0.30352942057942045, 0.2085098845598846, 0.25249496614496625], [0.29652277167277175, 0.22831038128538145, 0.17157019924519934, 0.3035966477966477], [0.2621836885336886, 0.29118401043401043, 0.12297284382284387, 0.3236594572094572], [0.2260258297258298, 0.23542560217560227, 0.158141502941503, 0.3804070651570654], [0.25478176823176824, 0.28110648795648785, 0.16093240648240664, 0.30317933732933733], [0.18741808191808193, 0.33972075669428614, 0.13979585447232518, 0.3330653069153068], [0.25123806193806203, 0.2838000333000332, 0.16477788877788885, 0.30018401598401595], [0.293165023865024, 0.2195211122211123, 0.19452643467643474, 0.29278742923742923], [0.19698065823065825, 0.29008339993340004, 0.21758386058386067, 0.29535208125208134], [0.22355105450105447, 0.28718219003219003, 0.23807267177267183, 0.25119408369408386], [0.22859951437451437, 0.3188054057054059, 0.14865839160839164, 0.30393668831168835], [0.24461704406704418, 0.26598528138528144, 0.17110841935841942, 0.3182892551892551], [0.20704241314241317, 0.29788296703296696, 0.19815828615828623, 0.2969163336663335], [0.19897636252636264, 0.321637001887002, 0.18863390498390503, 0.2907527306027306], [0.27000119325119337, 0.2640995670995672, 0.17126060051060063, 0.29463863913863914], [0.2606592352092352, 0.2990995448995448, 0.179775346875347, 0.26046587301587304], [0.20360177600177626, 0.28862773337773334, 0.1789804473304474, 0.32879004329004347], [0.22520395715395738, 0.2954548360136596, 0.1861836274836274, 0.2931575793487558], [0.2506966033966034, 0.34613828393828394, 0.1304918692418693, 0.2726732434232435], [0.27251243201243197, 0.33106591741591723, 0.12107433677433682, 0.2753473137973138], [0.27322515160278316, 0.2437803512277198, 0.1580489787989789, 0.32494551837051844], [0.21594666999667003, 0.2703531765620002, 0.21685123569241227, 0.29684891774891786], [0.21823495393495398, 0.2602991861080096, 0.22507796451914122, 0.29638789543789545], [0.28816515706515716, 0.24978232323232333, 0.1858777722277723, 0.2761747474747475], [0.302707511932512, 0.28074054834054835, 0.1662888444888445, 0.25026309523809537], [0.3465444277944278, 0.2293349650349651, 0.13706834831834838, 0.2870522588522589], [0.3299023310023309, 0.20130083805083815, 0.17261356976356987, 0.2961832611832611], [0.2618675491175491, 0.2929745088245089, 0.1755969141969142, 0.269561027861028], [0.2940133477633477, 0.23647465867465867, 0.1914326229326231, 0.2780793706293705], [0.2336439116439116, 0.31467249384602325, 0.17597949860596918, 0.275704095904096], [0.22401244588744607, 0.3078931096681096, 0.15568217893217903, 0.31241226551226536], [0.2346472138972139, 0.29040898545898564, 0.19402123432123444, 0.2809225663225664], [0.2907239538239538, 0.2431348124098126, 0.1740668192918193, 0.2920744144744145], [0.2516598040848041, 0.2686351370851371, 0.18912459762459766, 0.2905804612054611], [0.320514602064602, 0.23216774891774913, 0.15085555000555004, 0.296462099012099], [0.316384215784216, 0.2799403540903541, 0.13891739094239103, 0.26475803918303914], [0.2218680375180375, 0.2760881562881563, 0.19967177822177834, 0.30237202797202783], [0.31659276834276834, 0.2481242721330957, 0.1875567468479234, 0.24772621267621273], [0.22741605339105342, 0.2825165945165945, 0.23759938672438682, 0.25246796536796556], [0.22177437138025372, 0.2627478354978356, 0.2147494436935614, 0.3007283494283494], [0.20807997557997562, 0.29053589743589747, 0.22939426129426135, 0.2719898656898658], [0.20994949494949494, 0.32075190365190365, 0.21806024531024532, 0.25123835608835615], [0.24380483405483402, 0.26819376734376743, 0.16494626484626487, 0.32305513375513367], [0.2149605339105339, 0.2872039682539682, 0.1867330447330447, 0.31110245310245305], [0.231943558402382, 0.29635752580752583, 0.18466124986124993, 0.2870376659288425], [0.2477012792762793, 0.29128092463092475, 0.20801382506382504, 0.2530039710289711], [0.32431642246642267, 0.24867943167943174, 0.1803575091575092, 0.2466466366966368], [0.24216981906981908, 0.2777212121212122, 0.17409039016539027, 0.3060185786435785], [0.24639454434454444, 0.27636356421356423, 0.17680899296781658, 0.300432898474075], [0.345308757908758, 0.255303246753247, 0.1411786602286603, 0.2582093351093352], [0.26070042180042197, 0.2784559607059608, 0.12479045954045953, 0.336053157953158], [0.2517383172383174, 0.26151757131757136, 0.24792810522810538, 0.2388160062160064], [0.24450192030192028, 0.26803383838383843, 0.1461020257520258, 0.3413622155622155], [0.2648663003663005, 0.2797988122988123, 0.17445823620823628, 0.28087665112665117], [0.2151606060606062, 0.29926593406593394, 0.19653639693639705, 0.2890370629370629]]}}