{"test": {"ids": ["113118511", "99116500", "113122320", "107117010", "100109890", "113119320", "110121450", "104110960", "100109910", "104119290", "108114200", "111116010", "111118820", "113119360", "98108410", "99107640", "99110730", "105115680", "109113591", "112120700", "108118291", "99112300", "109120150", "108117720", "99112531", "99105921", "108114220", "97107821", "102112170", "112116800", "109119340", "111117120", "107112840", "102112301", "112116610", "106116820", "110114321", "109117110", "111116530", "111120220", "111119430", "101119591", "106113260", "99121440", "103112641", "98119591", "103111480", "104111550", "102109840", "111116750", "109117730", "98106111", "111120190", "112117790", "103118110", "100111390", "103120290", "109119010", "108120060", "112118860", "111119930", "113121980", "97109080", "111114941", "105113620", "103110840", "112118421", "97116401", "98110810", "98111860", "100110050", "101111990", "110116300", "106114280", "112121410", "103113210", "112116401", "107121700", "100108490", "98110230", "99107500", "107117630", "113121010", "113121680", "113122190", "98112300", "112121360", "111114121", "109116810", "100109801", "113118810", "111116110", "99107660", "109113931", "103109021", "113117630", "113118690", "105115570", "107113130", "98116940", "113118820", "101119030", "99111620", "113122230", "101108950", "107120010", "101108580", "113121410", "104111531", "111116170", "107114621", "99111930", "99107950", "108114040", "103113260", "104111880", "110119030", "105117200", "98111620", "111117000", "102109010", "107118780", "109116930", "97110950", "99111340", "106114321", "112117780", "112120670", "112120270", "104111830", "106115240", "104114240", "110115890", "100111380", "110117140", "104113190", "97105451", "110113931", "110115140", "113119930", "97112170", "110116170"], "labels": [1, 2, 1, 1, 3, 1, 3, 2, 2, 1, 0, 1, 0, 0, 1, 1, 3, 2, 3, 2, 3, 0, 2, 1, 3, 1, 3, 2, 3, 0, 3, 2, 1, 1, 1, 1, 1, 1, 3, 3, 3, 0, 3, 2, 3, 1, 0, 1, 2, 3, 3, 0, 3, 3, 2, 2, 2, 3, 1, 3, 1, 2, 2, 0, 0, 1, 3, 3, 1, 0, 3, 2, 3, 3, 0, 3, 0, 3, 2, 3, 0, 0, 2, 1, 1, 2, 3, 0, 3, 0, 3, 3, 3, 1, 0, 0, 3, 0, 1, 2, 0, 3, 3, 1, 2, 1, 0, 0, 0, 0, 0, 1, 1, 0, 3, 3, 0, 3, 3, 0, 1, 1, 0, 3, 1, 2, 0, 2, 0, 3, 1, 0, 2, 3, 3, 3, 0, 1, 0, 1, 0, 0], "predicted_labels": [0, 1, 1, 3, 0, 3, 3, 0, 2, 3, 0, 1, 0, 3, 1, 3, 3, 1, 3, 3, 0, 1, 1, 3, 1, 3, 1, 1, 3, 2, 1, 1, 1, 3, 1, 1, 1, 0, 1, 0, 1, 0, 1, 1, 1, 0, 0, 3, 1, 0, 1, 1, 3, 0, 2, 1, 1, 1, 1, 2, 3, 3, 1, 2, 1, 1, 0, 1, 1, 2, 3, 1, 3, 3, 3, 1, 0, 1, 3, 0, 2, 1, 1, 3, 1, 0, 3, 3, 1, 1, 3, 3, 1, 0, 3, 1, 1, 2, 2, 1, 1, 3, 1, 3, 3, 1, 3, 3, 3, 1, 1, 1, 1, 1, 0, 1, 3, 1, 2, 1, 1, 0, 3, 2, 2, 2, 0, 3, 3, 2, 0, 2, 3, 0, 1, 0, 0, 0, 3, 1, 1, 2], "confidence_scores": [[0.4336585064584369, 0.19625855721404975, 0.10904052404783285, 0.26104241227968045], [0.15218120555207978, 0.4876107462109193, 0.21869942087363856, 0.1415086273633625], [0.3021512172107052, 0.3060801354889036, 0.1990957197379294, 0.19267292756246177], [0.23079907433528113, 0.20739105506895653, 0.17373071448974264, 0.3880791561060197], [0.31446782024351755, 0.2288301072911197, 0.1692051103187681, 0.2874969621465945], [0.21471688360375094, 0.3243247671574868, 0.08089544435254237, 0.38006290488621997], [0.26158583283226833, 0.31923814531027417, 0.07590097265909729, 0.34327504919836016], [0.33362355944004246, 0.293374670624155, 0.15321669336169205, 0.2197850765741106], [0.24117636931847553, 0.27195865355015575, 0.2893638728223609, 0.19750110430900772], [0.13529315152999785, 0.22853686415752977, 0.24064544177069344, 0.395524542541779], [0.5832057372392829, 0.17506116730576077, 0.09928221490186133, 0.142450880553095], [0.10738505343157755, 0.5913373868218594, 0.15971709678235563, 0.14156046296420746], [0.699940732987442, 0.14833673338393868, 0.05442537446742759, 0.09729715916119158], [0.23423031482947937, 0.23509604527490977, 0.25185053259733947, 0.2788231072982716], [0.1909255792554532, 0.55831493353214, 0.04952991613701507, 0.20122957107539183], [0.19509431483589493, 0.20784167136260184, 0.22287736136831607, 0.37418665243318716], [0.21173997225396252, 0.31359955454694954, 0.13161803827849228, 0.3430424349205956], [0.09676764026582318, 0.7443446126823254, 0.04655774255168722, 0.1123300045001643], [0.15192924519561304, 0.36401232563431857, 0.08070433408718378, 0.4033540950828846], [0.24490802417041932, 0.2530524599339933, 0.21059952417880287, 0.29143999171678453], [0.5450247627084055, 0.19575368754657707, 0.09042301940700206, 0.1687985303380155], [0.1865789581805075, 0.5108489700552655, 0.1153313829178576, 0.18724068884636935], [0.264104804884853, 0.3132737698836149, 0.2621782141311051, 0.160443211100427], [0.2033049442397073, 0.278347946438616, 0.10598859734455607, 0.41235851197712065], [0.1741326498304275, 0.3434834255899867, 0.1635053295234171, 0.31887859505616856], [0.2668701112756531, 0.19322495327735262, 0.2464159342130927, 0.2934890012339016], [0.14182040380654645, 0.39108951208397486, 0.19741439479822728, 0.26967568931125124], [0.16646599482762606, 0.513784600585109, 0.15544029997259606, 0.164309104614669], [0.25107056845043363, 0.26216206500492256, 0.17361001849296281, 0.31315734805168105], [0.16837999990182967, 0.1686831721828908, 0.3738852510938117, 0.2890515768214679], [0.21799919235604304, 0.3460973546559279, 0.18536716717482857, 0.25053628581320053], [0.15122249906542073, 0.4163212894672211, 0.17127459398100067, 0.2611816174863576], [0.1631594826967516, 0.5282565493219852, 0.17335332942679665, 0.13523063855446663], [0.0749390317133886, 0.3526847696453466, 0.14890297426814822, 0.4234732243731167], [0.18447706979131318, 0.3598829332178989, 0.25182825271013226, 0.20381174428065554], [0.3888056010108917, 0.4374539214260568, 0.04827623856011151, 0.1254642390029401], [0.2917525778246646, 0.3907461459551797, 0.10866239970589973, 0.20883887651425584], [0.3040532722228774, 0.28716943842654896, 0.10948668235379748, 0.2992906069967762], [0.08759009685070515, 0.7218857418993163, 0.06454656576031476, 0.1259775954896638], [0.42635132785015684, 0.23312710285407762, 0.13677315391439632, 0.20374841538136937], [0.16341411338892173, 0.3226489559217805, 0.2986598886312448, 0.21527704205805295], [0.4793430796535049, 0.15384764873576187, 0.06039312546420911, 0.3064161461465242], [0.26604229971893456, 0.37578000868364986, 0.10919822269630466, 0.24897946890111083], [0.11921932519960939, 0.4845174797079382, 0.15126165318356083, 0.24500154190889173], [0.2579919381740235, 0.39147082202549277, 0.24380390787912137, 0.10673333192136247], [0.29168054135271454, 0.254003373793197, 0.24590871229716366, 0.20840737255692487], [0.3719904364395264, 0.32030784687438296, 0.06108813499439912, 0.24661358169169145], [0.2555900445748276, 0.2609842137110906, 0.1372630924234475, 0.3461626492906341], [0.2335430756207945, 0.4732863179657116, 0.15680747576853257, 0.13636313064496147], [0.5045086150009525, 0.21276307173396375, 0.08662798554280052, 0.19610032772228328], [0.2466471688635184, 0.40952983778647595, 0.13255620613189528, 0.2112667872181104], [0.27879382380974577, 0.3814570038067669, 0.17332656169311644, 0.166422610690371], [0.12573309712830183, 0.20602980588670283, 0.10066352112052744, 0.5675735758644679], [0.3001572511579486, 0.27557701306305704, 0.25280208857764086, 0.17146364720135351], [0.15365298876974565, 0.26137295547523504, 0.4186365993627589, 0.16633745639226039], [0.23319157942610838, 0.38416073591236055, 0.08481486183997566, 0.29783282282155543], [0.13903226315151795, 0.34237278175448643, 0.26165771002873317, 0.2569372450652623], [0.1850661582794737, 0.3978320141790267, 0.14325976654688144, 0.27384206099461816], [0.12190232100140708, 0.4926663146194958, 0.2766354676590613, 0.10879589672003585], [0.17456349816951505, 0.20796243576857543, 0.4985437072697322, 0.11893035879217731], [0.2323397622921649, 0.21454602325261138, 0.2490756528194515, 0.3040385616357722], [0.19929118931830112, 0.291708559632853, 0.20723131755448804, 0.3017689334943579], [0.1314503782430646, 0.46901730246831014, 0.11414357477955679, 0.28538874450906854], [0.2385466416448646, 0.20435086591696341, 0.38109533406487334, 0.17600715837329867], [0.09319338809722046, 0.6778658691237098, 0.12387421219133667, 0.1050665305877329], [0.29083016044033894, 0.4202124545065817, 0.17821094049135947, 0.1107464445617201], [0.7190476131306907, 0.18608880617124723, 0.03627866306363817, 0.058584917634424125], [0.16178346348991712, 0.5650355623779753, 0.1268056970569054, 0.14637527707520226], [0.17277575972917153, 0.6097759696931055, 0.1117859936802744, 0.1056622768974486], [0.1373937514786825, 0.2799743184187493, 0.3094149176396333, 0.27321701246293495], [0.1670494055550068, 0.1660536047573615, 0.29862277630224693, 0.3682742133853848], [0.13558041709557553, 0.41770607853153924, 0.22254375898339526, 0.22416974538949017], [0.22258954918146173, 0.1856127596343792, 0.16317315550388606, 0.42862453568027303], [0.16486070650451085, 0.34906454547611415, 0.08224066898392973, 0.4038340790354453], [0.28579495424071694, 0.26520416347210546, 0.10191183731382367, 0.34708904497335397], [0.22366810169782766, 0.39755095118258865, 0.18200321542971398, 0.1967777316898696], [0.44463279675654044, 0.1804871025528437, 0.08391977147441565, 0.2909603292162], [0.14628212682905922, 0.4454828173075508, 0.14120351946999213, 0.2670315363933978], [0.1757648932511281, 0.23000807361897105, 0.16712150189020172, 0.4271055312396991], [0.478726499266621, 0.31264181084056714, 0.05994323056856014, 0.14868845932425198], [0.18711105101695444, 0.23279594160371123, 0.33630027028534526, 0.2437927370939891], [0.31009903774773695, 0.364157492931361, 0.1349146895069427, 0.19082877981395951], [0.23877210283259315, 0.3328832708372959, 0.14801272196209828, 0.2803319043680127], [0.07380725898829135, 0.18040101373888182, 0.13422253357013192, 0.611569193702695], [0.13975432807444968, 0.4218121135618179, 0.27220800985268206, 0.16622554851105031], [0.3564470476498253, 0.12334540673561273, 0.2634383995255475, 0.2567691460890145], [0.10223527735719005, 0.0743547249478155, 0.07062192205928683, 0.7527880756357077], [0.35393532987639115, 0.22600226768076281, 0.04274080406205125, 0.3773215983807949], [0.26692729374061164, 0.28127932261878114, 0.21182806147915165, 0.23996532216145566], [0.140394140944596, 0.579528917146015, 0.17097097359490018, 0.10910596831448872], [0.10922228062221911, 0.15069562501528996, 0.10058209010035647, 0.6395000042621345], [0.2195695243455746, 0.15047744629716195, 0.10983423094170988, 0.5201187984155536], [0.20503631192180896, 0.28439228936412386, 0.26703919154656025, 0.24353220716750693], [0.37356974159183287, 0.2242172991689915, 0.10178198095543062, 0.30043097828374515], [0.1474969440273896, 0.23686921880544062, 0.07996299876199528, 0.5356708384051744], [0.22628185348157184, 0.34060081809950915, 0.15795237449942093, 0.275164953919498], [0.30269235503504005, 0.3225615455951258, 0.20002163870326067, 0.1747244606665736], [0.29645698744706306, 0.2573981798925171, 0.3352096482501849, 0.11093518441023496], [0.1205700702297001, 0.15389853637907727, 0.6507396727778122, 0.07479172061341041], [0.1612290517271174, 0.5657841316309321, 0.07463191048748767, 0.19835490615446277], [0.25676228486726943, 0.4922968073053442, 0.09150582534788432, 0.15943508247950203], [0.25583240251859407, 0.29221988184708597, 0.14809003009759583, 0.30385768553672426], [0.17122266343752926, 0.46094299460450444, 0.12273656655203267, 0.2450977754059338], [0.24375804014532623, 0.26551119202221973, 0.14517208302126786, 0.3455586848111861], [0.15073501197812228, 0.3367415696371198, 0.15732660285527827, 0.3551968155294797], [0.1301124091984667, 0.48687266117912675, 0.22971766011074155, 0.15329726951166506], [0.27340878714467964, 0.22370662653092144, 0.16260252334553396, 0.340282062978865], [0.28002682127128986, 0.27268918180119694, 0.0871732183601954, 0.3601107785673178], [0.369614360587159, 0.08966833910512215, 0.07492729547393298, 0.4657900048337859], [0.15131978953783815, 0.44431437938327173, 0.09503423707968965, 0.3093315939992004], [0.13634159324787232, 0.4417061795559655, 0.1876977266611066, 0.23425450053505584], [0.06901851665634219, 0.7045036951522449, 0.10537351216383091, 0.12110427602758203], [0.13539504208142172, 0.33701666505731204, 0.2166707466573038, 0.31091754620396234], [0.19432316289251456, 0.3693923820087692, 0.23321236869180387, 0.20307208640691246], [0.4632452299047143, 0.20140613195454088, 0.10325761083260285, 0.23209102730814188], [0.11225203802542921, 0.5116781457221041, 0.14474335883299375, 0.231326457419473], [0.2752681532285215, 0.25969390550174337, 0.12830988730867066, 0.3367280539610646], [0.18523799025652574, 0.36459448985664444, 0.09664974374957895, 0.353517776137251], [0.19926711721941073, 0.221579507167985, 0.33924495955067585, 0.2399084160619286], [0.11232147728262072, 0.38122039938691515, 0.12863352203025716, 0.3778246013002071], [0.2375573014825379, 0.3853327858055956, 0.10787898456066607, 0.26923092815120037], [0.3201687997711556, 0.28041145053009564, 0.21678195392310512, 0.18263779577564365], [0.18176367816947234, 0.2713774488289975, 0.2581361779570959, 0.2887226950444344], [0.2647003969880216, 0.2588467182262094, 0.38267670903133577, 0.0937761757544331], [0.10550958086651822, 0.2941636923103299, 0.354100355219682, 0.24622637160347], [0.2087230004245869, 0.2546623688761359, 0.2729791438778257, 0.2636354868214514], [0.5951526646523644, 0.13539990854275646, 0.1624163465309964, 0.10703108027388256], [0.2627680480833925, 0.20826484754545396, 0.22330750630292312, 0.3056595980682303], [0.08408039336624133, 0.2558536829233578, 0.2880490600134255, 0.37201686369697545], [0.26702514676616274, 0.22838008176868183, 0.2914811030887585, 0.21311366837639675], [0.48534118107403057, 0.20890215583649951, 0.10774976333833895, 0.19800689975113098], [0.11581448682615947, 0.2880117439305163, 0.3837374699544312, 0.21243629928889304], [0.1642801668454544, 0.2631543201776699, 0.07992728280106472, 0.49263823017581115], [0.34618926855943116, 0.2961164648421523, 0.10787571375553914, 0.24981855284287743], [0.23901407146730136, 0.4283727571182221, 0.09761163434856232, 0.23500153706591428], [0.3625145636916338, 0.243026563363635, 0.1249314315610651, 0.26952744138366624], [0.5677203561651843, 0.2493358814515777, 0.08149744745576207, 0.10144631492747587], [0.3350134907948313, 0.24977132682425204, 0.11778726713951464, 0.29742791524140205], [0.19642565527845557, 0.21670837978927268, 0.10205818418787085, 0.48480778074440106], [0.2040572615447415, 0.3610617160441779, 0.12424797529700209, 0.31063304711407863], [0.11286629601484126, 0.6164899787291342, 0.08705774468865339, 0.1835859805673712], [0.17894113895349048, 0.17450821696221772, 0.33753684669358774, 0.30901379739070406]]}, "rewritten": {"ids": ["97105451", "97107821", "97109080", "97110950", "97112170", "97116401", "98106111", "98108410", "98110230", "98110810", "98111620", "98111860", "98112300", "98116940", "98119591", "99105921", "99107500", "99107640", "99107660", "99107950", "99110730", "99111340", "99111620", "99111930", "99112300", "99112531", "99116500", "99121440", "100108490", "100109801", "100109890", "100109910", "100110050", "100111380", "100111390", "101108580", "101108950", "101111990", "101119030", "101119591", "102109010", "102109840", "102112170", "102112301", "103109021", "103110840", "103111480", "103112641", "103113210", "103113260", "103118110", "103120290", "104110960", "104111531", "104111550", "104111830", "104111880", "104113190", "104114240", "104119290", "105113620", "105115570", "105115680", "105117200", "106113260", "106114280", "106114321", "106115240", "106116820", "107112840", "107113130", "107114621", "107117010", "107117630", "107118780", "107120010", "107121700", "108114040", "108114200", "108114220", "108117720", "108118291", "108120060", "109113591", "109113931", "109116810", "109116930", "109117110", "109117730", "109119010", "109119340", "109120150", "110113931", "110114321", "110115140", "110115890", "110116170", "110116300", "110117140", "110119030", "110121450", "111114121", "111114941", "111116010", "111116110", "111116170", "111116530", "111116750", "111117000", "111117120", "111118820", "111119430", "111119930", "111120190", "111120220", "112116401", "112116610", "112116800", "112117780", "112117790", "112118421", "112118860", "112120270", "112120670", "112120700", "112121360", "112121410", "113117630", "113118511", "113118690", "113118810", "113118820", "113119320", "113119360", "113119930", "113121010", "113121410", "113121680", "113121980", "113122190", "113122230", "113122320"], "labels": [0, 2, 2, 3, 0, 3, 0, 1, 3, 1, 3, 0, 2, 2, 1, 1, 0, 1, 3, 1, 3, 1, 3, 1, 0, 3, 2, 2, 2, 0, 3, 2, 3, 3, 2, 0, 2, 2, 3, 0, 1, 2, 3, 1, 0, 1, 0, 3, 3, 3, 2, 2, 2, 0, 1, 3, 3, 3, 0, 1, 0, 0, 2, 3, 3, 3, 2, 1, 1, 1, 1, 0, 1, 0, 1, 1, 3, 0, 0, 3, 1, 3, 1, 3, 1, 3, 0, 1, 3, 3, 3, 2, 1, 1, 0, 2, 0, 3, 3, 0, 3, 0, 0, 1, 3, 0, 3, 3, 0, 2, 0, 3, 1, 3, 3, 0, 1, 0, 0, 3, 3, 3, 0, 2, 2, 3, 0, 0, 1, 3, 3, 0, 1, 0, 1, 2, 0, 1, 2, 1, 1, 1], "predicted_labels": [0, 1, 1, 2, 3, 2, 0, 1, 0, 0, 1, 2, 0, 1, 3, 1, 1, 1, 0, 1, 3, 1, 1, 1, 1, 1, 2, 2, 2, 1, 3, 0, 2, 1, 3, 3, 1, 1, 0, 0, 1, 1, 1, 2, 3, 1, 0, 1, 2, 0, 0, 2, 3, 0, 1, 1, 1, 2, 0, 1, 1, 0, 1, 1, 1, 2, 2, 3, 0, 1, 2, 2, 0, 1, 0, 0, 1, 1, 0, 2, 3, 0, 1, 1, 1, 1, 1, 2, 1, 1, 3, 2, 0, 1, 3, 3, 2, 2, 3, 0, 3, 0, 3, 1, 3, 3, 1, 0, 1, 2, 0, 1, 3, 3, 1, 0, 0, 1, 0, 3, 0, 1, 3, 0, 3, 3, 1, 3, 0, 0, 1, 0, 3, 2, 0, 1, 3, 0, 3, 1, 3, 0], "confidence_scores": [[0.41447456945917305, 0.28964214087117307, 0.10858624321987094, 0.18729704644978293], [0.18803470451146295, 0.4069732654621652, 0.15431732735725492, 0.25067470266911707], [0.14181057255556984, 0.5235951459909922, 0.16539931113243966, 0.16919497032099834], [0.3072976090707103, 0.2504027687122799, 0.31480857306432325, 0.12749104915268666], [0.12654061421777163, 0.32497235670625124, 0.12877128847170188, 0.4197157406042752], [0.19128176222082213, 0.19093800895264654, 0.3843474742918028, 0.2334327545347285], [0.32997355764553743, 0.160589277980406, 0.2005412745697741, 0.3088958898042826], [0.2735271067396485, 0.5783785165988641, 0.043167903955104184, 0.1049264727063833], [0.5834985318703896, 0.17019935069707362, 0.10272475929588412, 0.14357735813665262], [0.5923904932694943, 0.22472518226969673, 0.08033961613073726, 0.10254470833007157], [0.14465278801864204, 0.5093205322333896, 0.1920317367956573, 0.15399494295231123], [0.12435263313575125, 0.229034831833726, 0.48152475109734094, 0.16508778393318185], [0.2852138004379202, 0.23438853132738188, 0.2380846916512761, 0.24231297658342182], [0.15559046642507038, 0.6138394937096912, 0.07128729797799023, 0.15928274188724825], [0.2048895192357811, 0.2703420968599663, 0.24761461058763728, 0.27715377331661534], [0.22500202949885842, 0.3934957497144195, 0.2657468720286849, 0.11575534875803722], [0.12055795452753926, 0.4551284732631732, 0.08402581652506849, 0.34028775568421893], [0.1920824191825278, 0.29726958029456746, 0.21760270605399812, 0.29304529446890665], [0.2733502904199327, 0.2291564349111468, 0.24473100954434293, 0.2527622651245776], [0.11447055428174116, 0.39265146775868787, 0.3603313705478562, 0.132546607411715], [0.25159043743814485, 0.20011227638880713, 0.23092568057694662, 0.31737160559610156], [0.15764582435433105, 0.3091163420449685, 0.28174027113995553, 0.25149756246074517], [0.18190572065758714, 0.3411020559006298, 0.2586140477843038, 0.2183781756574793], [0.14790271789055484, 0.6021755108267214, 0.12387991344613718, 0.12604185783658653], [0.22222772928029264, 0.35863478776125646, 0.19265630424747687, 0.2264811787109742], [0.3366677205040541, 0.3439201543171402, 0.12700741819722355, 0.19240470698158202], [0.16682146971789802, 0.2148335180069028, 0.36588909422629234, 0.25245591804890705], [0.08709983416195756, 0.20292442338181835, 0.5910814301280102, 0.11889431232821403], [0.2391044356832845, 0.1946343590904539, 0.3983454045554946, 0.16791580067076692], [0.23872653705845864, 0.37458902063624594, 0.21118224113763884, 0.1755022011676567], [0.27616350705077475, 0.14900298342271298, 0.2218671990378798, 0.35296631048863253], [0.40755589187410796, 0.21697292012618832, 0.1776429979124381, 0.19782819008726563], [0.15546020724993542, 0.2963535223865342, 0.35504361728357775, 0.19314265307995265], [0.2695532405991906, 0.3327243750305392, 0.12945642323981627, 0.2682659611304539], [0.19032169911668023, 0.27414322866390795, 0.11394792445246828, 0.4215871477669436], [0.24069566231906528, 0.14479121788477436, 0.19446070881194213, 0.4200524109842182], [0.18668772124520178, 0.42775457009979473, 0.21653377411131872, 0.1690239345436847], [0.13494928593318994, 0.3547957857823198, 0.17353054549358693, 0.3367243827909033], [0.5734447198222551, 0.13194777596589286, 0.15307965359966408, 0.14152785061218798], [0.4661553101289701, 0.12356227133479981, 0.18125444480370362, 0.22902797373252645], [0.2835948741143997, 0.35209160977047504, 0.09415024190600854, 0.2701632742091167], [0.1511015071267029, 0.5796656377613538, 0.16674766430905313, 0.10248519080289002], [0.2958157988220268, 0.34465108361856106, 0.11017393689421254, 0.24935918066519963], [0.13416185486536794, 0.29254534464026904, 0.38461029124550494, 0.1886825092488581], [0.21202219979999193, 0.2785532961654529, 0.17670495174768872, 0.33271955228686656], [0.16991022971048814, 0.4199944270511973, 0.29344936471351785, 0.1166459785247967], [0.40590443232390655, 0.2366610515425248, 0.13958424188698826, 0.2178502742465805], [0.18760862216919416, 0.38649904943352587, 0.21228582284465855, 0.21360650555262148], [0.26863572261794055, 0.2850847229932421, 0.33949439417209754, 0.10678516021671958], [0.39283786904981555, 0.27395615007456947, 0.10852737852118806, 0.224678602354427], [0.3379329948132608, 0.19419578076611155, 0.23760492881908357, 0.23026629560154405], [0.13254744050313189, 0.31261953489991123, 0.35243084608436276, 0.20240217851259415], [0.2932509970909977, 0.1859321696215164, 0.17120124354160876, 0.3496155897458771], [0.4937039592384854, 0.17055059162484268, 0.09203168986487091, 0.2437137592718011], [0.16267328876803072, 0.3809324474946191, 0.22154382484494625, 0.23485043889240403], [0.2760314876327694, 0.30450806968626953, 0.2517567903934361, 0.16770365228752507], [0.1256313669584149, 0.5837720001658979, 0.09300948128064412, 0.19758715159504292], [0.29957001256900706, 0.18444257460514024, 0.3167113234366487, 0.19927608938920394], [0.5185954612613151, 0.2742838850213817, 0.07249241991928246, 0.1346282337980208], [0.07614180044076445, 0.5224165186572575, 0.14689448231419971, 0.25454719858777813], [0.13166121436518155, 0.6965972646942709, 0.08470840813732997, 0.08703311280321765], [0.3435735503244698, 0.20266921763809675, 0.19927816948510088, 0.2544790625523326], [0.0711956217801063, 0.6205535480050544, 0.05385450201125323, 0.254396328203586], [0.17145981044384215, 0.4247358187642586, 0.18343251055771853, 0.22037186023418062], [0.28875971090472896, 0.46407133589058597, 0.10107640341609858, 0.14609254978858646], [0.10931563250664257, 0.25229299023078394, 0.43881283811119615, 0.1995785391513771], [0.2847322011890622, 0.20334052532963037, 0.42382622342997767, 0.08810105005132983], [0.31881685611044436, 0.17071103787785677, 0.07862728664008334, 0.43184481937161556], [0.4630393835830154, 0.18308471856331715, 0.06337807319641005, 0.29049782465725726], [0.35542430418185283, 0.43977829658693723, 0.14404961007956074, 0.06074778915164907], [0.10689940236920965, 0.29433859173310783, 0.4060638718557413, 0.1926981340419412], [0.08875036967794955, 0.25105400071238476, 0.45667988036223106, 0.20351574924743465], [0.5361257003282145, 0.20358528269145995, 0.14380663218677717, 0.11648238479354849], [0.269918790223384, 0.36593294318392217, 0.22868657467685202, 0.13546169191584184], [0.5642750765308068, 0.20814473187552388, 0.10042657589270902, 0.12715361570096023], [0.33292030657379695, 0.2783104837243222, 0.2264772346305781, 0.1622919750713027], [0.12583139358021977, 0.39402197458490607, 0.193711971755696, 0.28643466007917806], [0.154415668509844, 0.6378986198062256, 0.08930404019351842, 0.11838167149041201], [0.4918877198654173, 0.19224280991541043, 0.1647209406266574, 0.15114852959251507], [0.10768896357780186, 0.23642665050154824, 0.5796149726067509, 0.07626941331389897], [0.2651415071666179, 0.23361107565148762, 0.1362859986637641, 0.36496141851813035], [0.49697093319487856, 0.20045207379704355, 0.11169911809103975, 0.1908778749170383], [0.14618813765205213, 0.5521323802667649, 0.17314684308099845, 0.12853263900018458], [0.21123203254331085, 0.591395776622477, 0.04212582723671117, 0.1552463635975011], [0.32619834097333267, 0.34462649073495216, 0.07804096487260793, 0.2511342034191071], [0.3195820338924544, 0.4042597951720012, 0.08857312348231301, 0.18758504745323135], [0.2120745632159286, 0.34585654108077546, 0.1843128145966353, 0.2577560811066607], [0.19945360365480877, 0.24402396144510216, 0.41661024955649106, 0.13991218534359806], [0.22699580408902684, 0.41539137810885807, 0.19389319864495455, 0.16371961915716057], [0.23042541212238865, 0.3729680079149592, 0.11203258941626948, 0.28457399054638266], [0.17900149647663516, 0.2005885670288362, 0.09351158686155449, 0.5268983496329741], [0.25187007062552635, 0.2645280520627251, 0.34176755923026875, 0.1418343180814798], [0.3807885821360734, 0.2955624769103571, 0.09592524727183831, 0.22772369368173118], [0.32634441629927435, 0.3765734862489143, 0.11366182946304995, 0.18342026798876154], [0.14824254899347888, 0.17994700757455295, 0.27003843519116955, 0.40177200824079856], [0.22504841120913077, 0.3002526023324589, 0.10171601806110757, 0.3729829683973028], [0.20466105957411557, 0.17945659227412336, 0.3368670086295599, 0.27901533952220137], [0.16979459305991765, 0.28988996331864375, 0.29253999504269895, 0.2477754485787395], [0.2646772392306919, 0.3090611131520298, 0.0801820920330721, 0.34607955558420617], [0.30253629907914414, 0.29129865160399004, 0.14807627301702356, 0.2580887762998423], [0.285419427965841, 0.29317923127808393, 0.07978473842467264, 0.3416166023314022], [0.37525336856192804, 0.2650646181435466, 0.06583891645612575, 0.29384309683839965], [0.11580530832845862, 0.2131812728835714, 0.3079584607716478, 0.36305495801632237], [0.15892136901203185, 0.5012345369508091, 0.14755500923752737, 0.19228908479963158], [0.19583040331029386, 0.1659590876578525, 0.12919417590593638, 0.5090163331259172], [0.07655955751155812, 0.31993233620819733, 0.06439164104994781, 0.5391164652302968], [0.2781761353242559, 0.33779741170431254, 0.292909165965464, 0.09111728700596756], [0.5241335497217551, 0.21604204430344615, 0.08238083763697539, 0.1774435683378234], [0.21881871342641684, 0.4097475845953869, 0.10905920919252891, 0.2623744927856674], [0.1601071536150113, 0.2984182862832939, 0.30431802025329874, 0.2371565398483961], [0.4940127628124599, 0.24113583770609107, 0.0761031046552261, 0.188748294826223], [0.14850268236513106, 0.5193623150352449, 0.13521870617490045, 0.1969162964247236], [0.18028485726518706, 0.2082020545514438, 0.19716162314018668, 0.41435146504318254], [0.15121140916555215, 0.2707027488467338, 0.11849846452907038, 0.45958737745864375], [0.16448174177739397, 0.5082220214468225, 0.08706655951716723, 0.2402296772586164], [0.46882701914159475, 0.2206613010266331, 0.12126722738621445, 0.1892444524455576], [0.3146031456022003, 0.26737164592781126, 0.20038581209067202, 0.21763939637931648], [0.06172814321882977, 0.6427536829705509, 0.03668184220942529, 0.258836331601194], [0.6117020107614783, 0.19591580552543342, 0.08082995715081456, 0.11155222656227383], [0.23150925785710216, 0.2690595320149953, 0.17524006593289737, 0.32419114419500533], [0.6681304148465697, 0.19183515350374578, 0.04982126960072406, 0.09021316204896061], [0.1099690123695597, 0.3890506841407518, 0.3442697482006219, 0.15671055528906658], [0.0618028979430959, 0.26411373799054333, 0.2510589650273217, 0.4230243990390392], [0.2926093338917062, 0.24947217218026244, 0.1967098353895884, 0.261208658538443], [0.1836702825109042, 0.22084275196775782, 0.29440101096542, 0.301085954555918], [0.3390249740457056, 0.18688407713599572, 0.1075869368944829, 0.366504011923816], [0.1420083997003246, 0.4932619577107317, 0.08933052738780407, 0.27539911520113974], [0.20945667781301636, 0.3206250303327277, 0.14919274016487466, 0.3207255516893813], [0.5055574364080755, 0.2984990650410195, 0.07400614223119506, 0.12193735631970995], [0.43569988156589046, 0.2604546039895826, 0.16222148131235867, 0.14162403313216831], [0.1389085162603446, 0.3997643602739706, 0.14454196815426032, 0.3167851553114245], [0.3367281379904051, 0.2930533176600245, 0.08938507918406735, 0.2808334651655033], [0.26147053557213124, 0.26975806607525366, 0.09075820293069785, 0.37801319542191736], [0.24025597951242164, 0.28815726925201246, 0.28905189552917687, 0.1825348557063889], [0.39342777394492806, 0.20370920455921918, 0.12289973206580936, 0.27996328943004345], [0.17749375782598345, 0.37948832908161295, 0.12188854815754462, 0.3211293649348591], [0.32629241039132295, 0.17001455796337697, 0.1122615575823762, 0.3914314740629239], [0.3108850213942638, 0.2930264816251258, 0.09780664441389351, 0.29828185256671685], [0.1218648401722123, 0.17563079988950112, 0.10336409868087121, 0.5991402612574154], [0.1202413986620132, 0.3344190600242351, 0.31234902196152553, 0.2329905193522261], [0.15030875688336814, 0.15265196746530565, 0.15940492933469472, 0.5376343463166313], [0.3802597913594541, 0.32555973721324827, 0.1293841127219597, 0.1647963587053381]]}}