{"test": {"ids": ["112117210", "112118880", "110120560", "110118701", "108118520", "98116940", "113118630", "103120730", "105118230", "100111390", "99107630", "101108370", "106112770", "110114321", "103113270", "101111210", "108119550", "105110091", "106119990", "105113170", "111120540", "99109910", "108119510", "104119290", "112121430", "113120280", "102121440", "112121360", "104114320", "106114150", "101111620", "108121351", "109119340", "102109850", "103112470", "109113281", "108116120", "100113210", "99111620", "110120190", "99116500", "101108500", "100108520", "106118161", "111115910", "110118161", "99110050", "102109840", "102107961", "113118231", "108120280", "102116500", "113117630", "112120700", "100109801", "105113260", "97107821", "97108520", "113118690", "111116100", "97113260", "109116170", "103117461", "102109010", "113120531", "106118520", "98111231", "107114780", "113122430", "108113700", "103110220", "107113170", "110115250", "97113900", "104114240", "113119320", "111119300", "105121190", "112118930", "99109740", "104113210", "107114490", "107118490", "100116790", "112117471", "108115250", "113120830", "109117080", "113122510", "111121410", "106121190", "103110840", "97105960", "110118740", "108118630", "97106591", "97114170", "112116990", "103111540", "106119260", "103109641", "104113240", "113118511", "112116800", "100108260", "105113440", "113121750", "105113620", "105112130", "101114990", "100109311", "100111380", "98107010", "113120260", "101121640", "113122190", "113119340", "107115250", "102116340", "101108621", "103110100", "109117110", "107118780", "113119120", "111119150", "109118701", "97116401", "112119120", "111119580", "105118740", "107113550", "101111140", "113120070", "109116930", "112120670", "108118291", "97106600", "110118301", "103110050", "99117630", "106117650", "106116370"], "labels": [1, 1, 0, 3, 0, 2, 3, 1, 1, 2, 2, 1, 1, 1, 2, 2, 1, 0, 0, 0, 1, 2, 1, 1, 2, 0, 2, 3, 2, 1, 3, 3, 3, 1, 1, 0, 1, 0, 3, 3, 2, 3, 2, 3, 2, 0, 3, 2, 3, 3, 3, 1, 0, 2, 0, 3, 2, 2, 3, 3, 1, 0, 0, 1, 0, 2, 1, 2, 2, 0, 2, 0, 1, 2, 0, 1, 1, 2, 1, 3, 3, 3, 2, 2, 3, 1, 3, 1, 2, 0, 2, 1, 2, 3, 1, 1, 2, 0, 1, 1, 1, 2, 1, 0, 3, 0, 0, 0, 1, 3, 1, 3, 3, 3, 2, 1, 0, 2, 3, 0, 1, 1, 1, 3, 3, 3, 3, 1, 3, 1, 0, 2, 2, 0, 2, 3, 3, 1, 3, 3, 1, 2], "predicted_labels": [1, 3, 1, 1, 0, 1, 3, 1, 3, 3, 0, 0, 3, 1, 0, 3, 3, 3, 3, 3, 1, 2, 1, 3, 0, 3, 3, 3, 1, 0, 0, 3, 3, 1, 1, 3, 0, 3, 1, 1, 1, 3, 0, 1, 3, 3, 3, 3, 1, 3, 0, 1, 1, 1, 0, 3, 0, 0, 1, 0, 0, 3, 3, 1, 0, 1, 3, 1, 3, 1, 1, 3, 3, 1, 1, 3, 1, 1, 3, 1, 3, 3, 1, 0, 1, 3, 3, 3, 3, 3, 1, 1, 3, 0, 1, 1, 3, 0, 3, 0, 3, 1, 1, 3, 0, 1, 3, 1, 1, 1, 3, 1, 3, 3, 1, 3, 0, 3, 1, 3, 0, 3, 0, 3, 3, 3, 1, 3, 0, 1, 0, 0, 3, 3, 3, 3, 1, 1, 1, 0, 3, 0], "confidence_scores": [[0.24804302201066922, 0.27984773004773, 0.22524730987966302, 0.24686193806193807], [0.24727425907425912, 0.24991411366411376, 0.21912063492063494, 0.28369099234099243], [0.24465836940836952, 0.30740894660894647, 0.20802171717171716, 0.2399109668109668], [0.22512557442557457, 0.3068155205905208, 0.18172793872793877, 0.28633096625596627], [0.2797996114996115, 0.25852273004773013, 0.20600142080142084, 0.25567623765123776], [0.1841651626151626, 0.3527133644133643, 0.22876827616827625, 0.2343531968031969], [0.2504906926406927, 0.2512087412587414, 0.17787459207459214, 0.320425974025974], [0.3032328948828949, 0.31011120823620836, 0.14824390886890898, 0.23841198801198804], [0.22670103230103245, 0.2566991702741704, 0.17284809912309915, 0.34375169830169827], [0.21914442808653326, 0.2832744058573006, 0.18485985958485973, 0.3127213064713066], [0.326937368187368, 0.20376950826950838, 0.15970255855255852, 0.30959056499056503], [0.344025962925963, 0.2212480713730716, 0.1751820235320236, 0.25954394216894217], [0.263803268953269, 0.24073542568542575, 0.18515084360084355, 0.31031046176046184], [0.23370069930069934, 0.344016810966811, 0.19756502941502949, 0.22471746031746037], [0.27354603174603165, 0.26932928737928746, 0.1875792263292265, 0.26954545454545464], [0.29960012765012783, 0.23401612276612277, 0.15396474081474099, 0.31241900876900874], [0.2708972832722834, 0.25726919191919184, 0.17964813242313246, 0.29218539238539226], [0.2531975080475081, 0.24936467976467988, 0.21152496947496963, 0.28591284271284295], [0.2987629259629259, 0.2554241924741926, 0.13909272949272947, 0.306720152070152], [0.23528062770562783, 0.24476275113775117, 0.16147035464535467, 0.35848626651126647], [0.2492531246531248, 0.3002638750138751, 0.19446770451770454, 0.25601529581529586], [0.1868966810966812, 0.2533570112893643, 0.3065930608607079, 0.2531532467532468], [0.23078138528138548, 0.2822169774669775, 0.20524009324009324, 0.2817615440115441], [0.20670288600288605, 0.2750860028860029, 0.20008764013764022, 0.3181234709734709], [0.3186928404928403, 0.28374140859140873, 0.11813643578643582, 0.2794293151293151], [0.3374138139638142, 0.20235889110889113, 0.1217915528915529, 0.3384357420357419], [0.20564475524475528, 0.28579668109668116, 0.18352268287268295, 0.325035880785881], [0.26215682475419333, 0.2550109890109891, 0.2153247159273475, 0.2675074703074704], [0.24782617382617392, 0.2769935952935953, 0.24577809412809418, 0.2294021367521368], [0.28110130425130414, 0.26639367854367874, 0.19450510045510058, 0.2579999167499169], [0.30690347430347437, 0.22807967587967598, 0.19333413253413256, 0.27168271728271737], [0.2495895604395605, 0.293715145965146, 0.1488318514818515, 0.30786344211344197], [0.27238857808857814, 0.22931634215457755, 0.19721775740599276, 0.30107732235085166], [0.22575018870018876, 0.28794773559773573, 0.23817388722388727, 0.24812818847818852], [0.25453930513930517, 0.28526836496836494, 0.18459582084582093, 0.27559650904650906], [0.27600984848484855, 0.2714813353313354, 0.1488300865800867, 0.3036787296037298], [0.33965914363414357, 0.216937395937396, 0.14967755022755033, 0.2937259102009103], [0.25947437284937297, 0.22107743367743365, 0.17841575924075934, 0.3410324342324341], [0.2169179764679766, 0.30968549228549247, 0.22495505605505609, 0.24844147519147522], [0.2479907564657566, 0.36019012931512934, 0.14194346486846485, 0.24987564935064946], [0.19483422133422135, 0.3452429792429792, 0.23385555555555557, 0.22606724386724394], [0.2305841991341992, 0.2812241203241205, 0.17094446664446672, 0.317247213897214], [0.3344808413808412, 0.19039321234321233, 0.16022861582861586, 0.31489733044733037], [0.2747023310023311, 0.2940681096681096, 0.1695504329004329, 0.2616791264291265], [0.23126486291486298, 0.2874087246087246, 0.1790420079920081, 0.30228440448440436], [0.2794383477633477, 0.2853591075591077, 0.1478893328893329, 0.287313211788212], [0.20685137085137084, 0.27260453406242896, 0.23884383744910073, 0.2817002576370998], [0.22540088800088806, 0.28164839049839063, 0.1995608225108226, 0.29338989898989903], [0.2308097846597847, 0.3041002386502387, 0.21053037518037515, 0.2545596015096015], [0.2739877622377622, 0.2714727605727606, 0.16259862914862921, 0.29194084804084813], [0.3289066045066045, 0.21962904317904314, 0.1539743756243757, 0.2974899766899768], [0.2418379953379955, 0.3007484848484848, 0.2387034965034966, 0.21871002331002343], [0.2265829281829282, 0.34845721500721516, 0.1437836441336442, 0.2811762126762128], [0.22050850260850274, 0.32492409812409817, 0.2001560717060718, 0.25441132756132756], [0.2894063686313687, 0.27919364524364515, 0.1950448690198692, 0.23635511710511717], [0.22731487123987135, 0.3049408785658786, 0.1529264291264292, 0.3148178210678209], [0.2917349705849708, 0.2658082695082697, 0.19504846819846827, 0.2474082917082918], [0.3060696018034253, 0.2694180502504033, 0.1672781321619558, 0.2572342157842158], [0.27215021645021653, 0.28852692470927777, 0.15762675494440206, 0.281696103896104], [0.36207110667110665, 0.27457222777222773, 0.12015440670440673, 0.24320225885225896], [0.2861011044511043, 0.2280773393273394, 0.20740613275613282, 0.27841542346542353], [0.24703277833277842, 0.24292012987013, 0.18885288600288605, 0.32119420579420593], [0.24115362415362418, 0.2659234931734931, 0.1959001831501832, 0.29702269952269955], [0.2789085497835498, 0.2983820623820625, 0.17367751137751136, 0.24903187645687655], [0.2768195526695526, 0.26242287157287175, 0.20815223665223667, 0.25260533910533906], [0.2693583333333334, 0.3093995670995671, 0.16145466755466764, 0.25978743201243215], [0.29118798423798403, 0.24955272782772792, 0.1565813575313576, 0.3026779304029304], [0.25135614940614964, 0.2933203518703519, 0.2025980685980687, 0.2527254301254302], [0.21108934398934404, 0.2919621017871018, 0.198626850926851, 0.2983217032967032], [0.2798125041625044, 0.3028183261183264, 0.18797342657342658, 0.22939574314574318], [0.19030357224474878, 0.30477358752358763, 0.2065756735094971, 0.29834716672216677], [0.27264159451659453, 0.2742415945165946, 0.1429502886002886, 0.3101665223665224], [0.2699120324120326, 0.2673007825507827, 0.16006502941502948, 0.3027221556221556], [0.2534345432345431, 0.26566906981906996, 0.23530894660894666, 0.24558744033744037], [0.23243851703851715, 0.3081543956043958, 0.2017566822066823, 0.25765040515040516], [0.27350979020979027, 0.23851930846930858, 0.13382095127095128, 0.3541499500499499], [0.21925312465312463, 0.32301488511488496, 0.15626703851703871, 0.30146495171495175], [0.2017407592407592, 0.32934209679209675, 0.22868537573537587, 0.24023176823176845], [0.244482634032634, 0.25241848151848156, 0.1383886835386836, 0.36471020091020107], [0.21766635864135878, 0.3951407092907095, 0.18919657009657007, 0.1979963619713622], [0.23943928571428583, 0.2651705627705629, 0.14917189754689753, 0.3462182539682541], [0.2060872056048528, 0.27341721056721063, 0.14341161224396523, 0.3770839715839716], [0.2057218381291911, 0.3389962331785858, 0.1991768310121252, 0.25610509768009776], [0.2871895132645133, 0.26336776556776564, 0.17918278388278397, 0.27025993728493725], [0.256479575979576, 0.3116478465978466, 0.1739115884115885, 0.2579609890109891], [0.2265354478854479, 0.29752917082917096, 0.17539329004329016, 0.3005420912420914], [0.21042136197136202, 0.2846215451215452, 0.19148206238206242, 0.31347503052503056], [0.1912593573093574, 0.29766190476190485, 0.20787281607281616, 0.30320592185592193], [0.23624170274170272, 0.27651789321789316, 0.20229191919191927, 0.28494848484848495], [0.28591230436230436, 0.26446038961038953, 0.1444787601287602, 0.3051485458985459], [0.1628870712620714, 0.32679811022311, 0.23389003496503508, 0.2764247835497835], [0.26046588215705874, 0.3043047452547453, 0.1645191994280231, 0.2707101731601732], [0.2182431235431236, 0.25586857031857047, 0.21197835497835507, 0.3139099511599509], [0.2968776917526918, 0.253948606948607, 0.15336035353535363, 0.2958133477633479], [0.2236373432123433, 0.3133392052392052, 0.16585645465645463, 0.29716699689199694], [0.19692186147186147, 0.31350699855699865, 0.2429800477300477, 0.2465910922410922], [0.23089820179820203, 0.28451939171939183, 0.16362020757020768, 0.3209621989121988], [0.32340971805971813, 0.21455564990565, 0.16453721833721838, 0.29749741369741367], [0.21341196026196033, 0.2894246253746255, 0.16952523587523585, 0.32763817848817844], [0.3110471306471307, 0.22242046025869566, 0.19548254817078356, 0.2710498609233905], [0.27212204184704186, 0.27040204795204814, 0.17872900432900443, 0.278746905871906], [0.24037142857142874, 0.33858711288711274, 0.18101861471861477, 0.2400228438228439], [0.2508490786990788, 0.2991429181929183, 0.18566971361971363, 0.2643382894882895], [0.24594978354978358, 0.26430009435009444, 0.19016615051615066, 0.29958397158397154], [0.2751200327450328, 0.2723454434454434, 0.19918765401265415, 0.2533468697968699], [0.23026918914418912, 0.3159061402649639, 0.1590233988233989, 0.2948012717674482], [0.29184823232323226, 0.2617001526251527, 0.12397410644910642, 0.3224775086025086], [0.20685865800865808, 0.3511611111111111, 0.19900704850704862, 0.24297318237318252], [0.22823659396159401, 0.3146958291708293, 0.19603335553335563, 0.2610342213342214], [0.2289209901209901, 0.3475718004218004, 0.18858988788988781, 0.23491732156732162], [0.26045276390276406, 0.2681552836052836, 0.16250769230769235, 0.3088842601842603], [0.30188966033966036, 0.30272551337551323, 0.15294911199911204, 0.24243571428571437], [0.24674743589743597, 0.2546461926961928, 0.1969044733044734, 0.3017018981018981], [0.23388928293928293, 0.29113506493506514, 0.17736702741702742, 0.29760862470862476], [0.24528124098124102, 0.2968884348108033, 0.17211415806415814, 0.2857161661437977], [0.24567370962370969, 0.2743902097902098, 0.17422508047508048, 0.3057110001110003], [0.3407294816294816, 0.22819261294261303, 0.14168532023532032, 0.28939258519258526], [0.21898795093795106, 0.25808496666731967, 0.24804928241692947, 0.2748777999777999], [0.16837808857808853, 0.3175571817071818, 0.20655477300477307, 0.30750995670995673], [0.2711300144300144, 0.24671551226551236, 0.15166154401154405, 0.3304929292929292], [0.2945131646131647, 0.21931052281052293, 0.20720545565545573, 0.278970856920857], [0.21358264790764797, 0.29288797868797867, 0.17729831279831285, 0.31623106060606054], [0.3129368464868465, 0.24052193362193372, 0.15502567155067154, 0.2915155483405484], [0.23675482850482862, 0.21303144633144633, 0.17101792651792655, 0.37919579864579867], [0.27605033855033867, 0.2571297147297148, 0.18492483072483074, 0.28189511599511596], [0.23409088134088138, 0.2786442373416057, 0.1776243367743369, 0.3096405445431763], [0.21710357697857716, 0.3025622211122211, 0.19624062326562342, 0.2840935786435786], [0.22393093573093575, 0.1888556221556222, 0.21198457930957926, 0.37522886280386275], [0.3041217893217891, 0.26276941391941405, 0.15209305416805424, 0.28101574259074263], [0.20054776138893798, 0.34811287046287054, 0.18444203574203585, 0.266897332406156], [0.27319963369963374, 0.25790423465423473, 0.24062428127428132, 0.2282718503718504], [0.3015031589755274, 0.24215889665889673, 0.1971206838483156, 0.2592172605172606], [0.2279209096459097, 0.23629395020184502, 0.2216686626239259, 0.31411647752831956], [0.2617958391281922, 0.21130681148916453, 0.21301084144613575, 0.3138865079365079], [0.23104403374403373, 0.2545932900432901, 0.18673824508824516, 0.3276244311244311], [0.31873454405072044, 0.17770712620712625, 0.16391296122178484, 0.33964536852036836], [0.2184436122357176, 0.2714558938137886, 0.24210602175602183, 0.26799447219447214], [0.2774558802308803, 0.28527563547563534, 0.161274458874459, 0.2759940254190255], [0.2566445887445889, 0.28786117771117786, 0.18593237873237878, 0.26956185481185474], [0.30983684473421313, 0.2591623210123211, 0.18042655297918467, 0.2505742812742814], [0.2798030969030968, 0.27737437007437016, 0.1621327894327895, 0.2806897435897437], [0.33258569208569205, 0.23023277833277841, 0.14901988566988564, 0.28816164391164417]]}, "rewritten": {"ids": ["97105960", "97106591", "97106600", "97107821", "97108520", "97113260", "97113900", "97114170", "97116401", "98107010", "98111231", "98116940", "99107630", "99109740", "99109910", "99110050", "99111620", "99116500", "99117630", "100108260", "100108520", "100109311", "100109801", "100111380", "100111390", "100113210", "100116790", "101108370", "101108500", "101108621", "101111140", "101111210", "101111620", "101114990", "101121640", "102107961", "102109010", "102109840", "102109850", "102116340", "102116500", "102121440", "103109641", "103110050", "103110100", "103110220", "103110840", "103111540", "103112470", "103113270", "103117461", "103120730", "104113210", "104113240", "104114240", "104114320", "104119290", "105110091", "105112130", "105113170", "105113260", "105113440", "105113620", "105118230", "105118740", "105121190", "106112770", "106114150", "106116370", "106117650", "106118161", "106118520", "106119260", "106119990", "106121190", "107113170", "107113550", "107114490", "107114780", "107115250", "107118490", "107118780", "108113700", "108115250", "108116120", "108118291", "108118520", "108118630", "108119510", "108119550", "108120280", "108121351", "109113281", "109116170", "109116930", "109117080", "109117110", "109118701", "109119340", "110114321", "110115250", "110118161", "110118301", "110118701", "110118740", "110120190", "110120560", "111115910", "111116100", "111119150", "111119300", "111119580", "111120540", "111121410", "112116800", "112116990", "112117210", "112117471", "112118880", "112118930", "112119120", "112120670", "112120700", "112121360", "112121430", "113117630", "113118231", "113118511", "113118630", "113118690", "113119120", "113119320", "113119340", "113120070", "113120260", "113120280", "113120531", "113120830", "113121750", "113122190", "113122430", "113122510"], "labels": [2, 1, 3, 2, 2, 1, 2, 2, 3, 3, 1, 2, 2, 3, 2, 3, 3, 2, 3, 3, 2, 1, 0, 3, 2, 0, 2, 1, 3, 0, 2, 2, 3, 3, 2, 3, 1, 2, 1, 3, 1, 2, 1, 3, 1, 2, 1, 1, 1, 2, 0, 1, 3, 2, 0, 2, 1, 0, 1, 0, 3, 0, 0, 1, 1, 2, 1, 1, 2, 1, 3, 2, 1, 0, 2, 0, 0, 3, 2, 2, 2, 1, 0, 1, 1, 3, 0, 1, 1, 1, 3, 3, 0, 0, 0, 1, 1, 3, 3, 1, 1, 0, 1, 3, 3, 3, 0, 2, 3, 3, 1, 3, 1, 0, 0, 0, 1, 3, 1, 1, 1, 2, 2, 3, 2, 0, 3, 1, 3, 3, 3, 1, 0, 2, 3, 0, 0, 3, 0, 1, 2, 2], "predicted_labels": [3, 1, 1, 0, 3, 3, 0, 3, 1, 1, 0, 1, 3, 1, 2, 3, 1, 1, 0, 1, 0, 1, 0, 0, 3, 3, 1, 0, 3, 3, 0, 3, 0, 1, 1, 1, 1, 3, 1, 1, 1, 3, 1, 1, 0, 3, 0, 0, 3, 3, 3, 0, 3, 1, 1, 1, 3, 3, 1, 3, 0, 3, 1, 3, 1, 1, 3, 0, 0, 1, 1, 1, 0, 3, 1, 3, 0, 3, 1, 3, 1, 3, 1, 1, 3, 0, 0, 3, 1, 3, 0, 3, 3, 3, 3, 3, 3, 3, 3, 1, 3, 1, 1, 3, 0, 1, 1, 3, 0, 3, 3, 0, 1, 1, 3, 0, 1, 1, 1, 3, 3, 3, 1, 0, 0, 1, 3, 1, 3, 1, 3, 3, 0, 1, 1, 3, 1, 1, 3, 1, 1, 1], "confidence_scores": [[0.20817277167277173, 0.2703333610833611, 0.22873939393939385, 0.29275447330447324], [0.2430951881451882, 0.3163476911976913, 0.1907037296037298, 0.249853391053391], [0.24216950826950828, 0.2918050949050951, 0.21693967143967158, 0.24908572538572546], [0.3067373737373737, 0.260241774891775, 0.1991329004329005, 0.233887950937951], [0.2758809166323871, 0.2429163610898905, 0.1530237012987013, 0.328179020979021], [0.26604279609279613, 0.2328793956043957, 0.18650268620268629, 0.314575122100122], [0.2759168331668333, 0.2557610861360862, 0.2218263653013653, 0.24649571539571555], [0.23608891108891125, 0.27074739149739174, 0.17295238095238108, 0.32021131646131645], [0.21729272949272962, 0.3107222885301833, 0.1925305895858528, 0.27945439239123454], [0.23832822177822185, 0.29059982239982246, 0.18341325341325349, 0.2876587024087026], [0.3073386724386725, 0.25260472860472866, 0.16553785103785115, 0.2745187479187482], [0.22008253968253974, 0.3541563492063491, 0.19103591963591973, 0.23472519147519147], [0.29893212898212906, 0.22533071373071387, 0.1625537629037629, 0.3131833943833944], [0.21969068709068737, 0.3356016594516596, 0.21232826617826622, 0.23237938727938745], [0.23245072150072146, 0.27152348309585156, 0.28170465090465097, 0.21432114449877623], [0.24769880119880128, 0.26078589743589753, 0.20265581085581102, 0.2888594905094905], [0.25145609390609386, 0.3090346264846264, 0.2342569208569209, 0.2052523587523588], [0.20509870129870134, 0.3370493506493507, 0.23532349872349867, 0.2225284493284494], [0.30451647621384464, 0.27533352203352207, 0.17876958772221935, 0.2413804140304141], [0.2646575757575757, 0.2695744311244312, 0.19650485625485634, 0.26926313686313685], [0.3484919913419914, 0.18378681041181041, 0.13973546176046184, 0.32798573648573653], [0.26358039738039746, 0.31409946719946724, 0.17881007326007337, 0.24351006216006235], [0.29302581780964143, 0.2775182242594009, 0.18963719336219345, 0.2398187645687647], [0.3177722721722721, 0.29983427128427126, 0.15238343323343326, 0.2300100233100234], [0.2415248202433961, 0.2572338960403204, 0.19805661838161837, 0.30318466533466537], [0.25914388389388393, 0.23333511488511496, 0.14559603174603183, 0.3619249694749696], [0.26797000777000785, 0.2921047785547787, 0.19850466200466202, 0.24142055167055174], [0.35313984903984913, 0.24337868797868797, 0.1390264013764014, 0.26445506160506155], [0.23719705294705307, 0.2637835719835721, 0.18709072039072047, 0.3119286546786547], [0.2612492784992784, 0.25398939393939396, 0.17675274170274172, 0.3080085858585857], [0.3127368187368187, 0.22704494949494958, 0.20704270174270192, 0.25317553002552995], [0.31100227272727266, 0.23233414363414365, 0.14235429292929297, 0.3143092907092907], [0.3027300255300254, 0.23361721056721066, 0.2108722999223, 0.25278046398046405], [0.18358823953823958, 0.3564903318903319, 0.19201790431790433, 0.2679035242535244], [0.2616408277996513, 0.2958667156802605, 0.1540145021645022, 0.288477954355586], [0.2697367105117105, 0.29057965367965377, 0.18163626928626936, 0.25804736652236665], [0.26887390387390386, 0.3194576756576757, 0.16561758241758248, 0.24605083805083805], [0.22418535353535365, 0.26995569985569995, 0.2165477930566165, 0.28931115355232995], [0.23200380567145273, 0.3259774891774891, 0.2043520384843914, 0.2376666666666667], [0.21227534687534702, 0.3418128482628484, 0.20945808913308914, 0.2364537157287157], [0.23206926406926398, 0.28807867851103147, 0.24226588803353508, 0.23758616938616964], [0.25016572871572873, 0.27328991563991567, 0.15702178932178923, 0.3195225663225663], [0.2731939671439672, 0.2975970473970474, 0.1625661560661562, 0.26664282939282946], [0.22888555888555895, 0.3123219946719947, 0.18151868686868686, 0.2772737595737596], [0.30617350982351, 0.22447130647130664, 0.20037348762348775, 0.2689816960816962], [0.2129180652680653, 0.2851115456438984, 0.19625645857410573, 0.3057139305139305], [0.31274891774891767, 0.23741041181041195, 0.15328559773559777, 0.29655507270507275], [0.3167869519369518, 0.2589284271284272, 0.1613448495948496, 0.2629397713397712], [0.26065164835164845, 0.2613451437451438, 0.20208968253968268, 0.27591352536352554], [0.23285139305139307, 0.27356368631368627, 0.20746893939393957, 0.28611598124098114], [0.21450422355422358, 0.28431172161172164, 0.1862405816405817, 0.31494347319347343], [0.30537345432345436, 0.2689166888666889, 0.15796414141414158, 0.26774571539571546], [0.2513589826839828, 0.28921529581529565, 0.1438069985569986, 0.31561872294372284], [0.2302877606054077, 0.3074333277833277, 0.1946151031974562, 0.26766380841380844], [0.2461492156965842, 0.28527992285492276, 0.2020798219324535, 0.26649103951603964], [0.2229558663558665, 0.3394663891663892, 0.21655915195915204, 0.22101859251859257], [0.1829839327339328, 0.27133249528249537, 0.21983889166389176, 0.3258446803196803], [0.2635182317682318, 0.261546558996559, 0.2067391025641028, 0.26819610667110677], [0.20608359973359977, 0.3801233044733046, 0.17731088911088916, 0.23648220668220682], [0.2473983044733046, 0.2503093434343435, 0.1642417388167389, 0.3380506132756132], [0.294255871905872, 0.2549084360084361, 0.16724227994228008, 0.28359341214341205], [0.20910737318237324, 0.30787194472194457, 0.16968506493506494, 0.31333561716061736], [0.23534949494949498, 0.3480900432900433, 0.18076416361416373, 0.2357962981462983], [0.2531117438117439, 0.2386271284271286, 0.16918030303030318, 0.33908082473082457], [0.2476913067324832, 0.3047360858439806, 0.18312440132966462, 0.2644482060938717], [0.20410710955710964, 0.32316516261516254, 0.20783104673104685, 0.26489668109668124], [0.2691078366078367, 0.2509452991452992, 0.16642329892329893, 0.3135235653235655], [0.2768457108680792, 0.2675710900210902, 0.21595249370512537, 0.23963070540570552], [0.3383496891996893, 0.2316669774669775, 0.150392612942613, 0.2795907203907204], [0.2658036630036631, 0.2937179154179154, 0.17934821844821852, 0.26113020313020324], [0.2723783050283051, 0.2752233544233546, 0.1816567377067377, 0.270741602841603], [0.2791774531024532, 0.30897907647907646, 0.15798816738816748, 0.2538553030303032], [0.29939193029193034, 0.2463640500022854, 0.188566003604239, 0.26567801610154573], [0.2965014541014542, 0.2564083416583418, 0.14668739038739037, 0.30040281385281387], [0.19382399267399278, 0.3797106671106672, 0.1986353646353646, 0.22782997557997578], [0.2504417027417028, 0.2924409590409592, 0.15370905205905208, 0.30340828615828597], [0.2790901986901989, 0.2535647907647907, 0.2309058663558664, 0.23643914418914425], [0.22624179154179166, 0.2318079087579088, 0.1580907176157178, 0.3838595820845822], [0.2609006715506717, 0.31266908646908664, 0.16813980463980477, 0.2582904373404375], [0.23774886779886795, 0.24932193362193375, 0.2149599067599068, 0.29796929181929166], [0.21291213231213243, 0.3360899877899879, 0.19659297924297942, 0.2544049006549007], [0.2950191364191364, 0.2694639083139085, 0.13759222999223003, 0.2979247252747254], [0.27984321789321803, 0.28020620490620496, 0.18904269064269072, 0.25090788655788654], [0.24908458763458768, 0.28723746808746814, 0.18238638583638597, 0.2812915584415586], [0.30507636252636244, 0.2086594183594185, 0.17458162948162956, 0.3116825896325895], [0.35529352118469765, 0.18018862803862803, 0.17077013737896102, 0.29374771339771344], [0.308773038073038, 0.2632902652902652, 0.15499778554778562, 0.27293891108891116], [0.19901249469484764, 0.29816751744987025, 0.18502719176248592, 0.31779279609279615], [0.2524826118326119, 0.29599343434343417, 0.1831384559884561, 0.26838549783549787], [0.23827783327783333, 0.26956877011877006, 0.20774528804528816, 0.2844081085581086], [0.31259068154068154, 0.23747379287379297, 0.15082972582972592, 0.29910579975579976], [0.21065316350316363, 0.2855711177711178, 0.16992412032412035, 0.33385159840159845], [0.26108374125874145, 0.26991546231546226, 0.15060049950049956, 0.318400296925297], [0.24943277833277833, 0.26703858363858374, 0.16821740481740488, 0.3153112332112334], [0.25195628260628267, 0.2254826395826397, 0.22210257520257531, 0.30045850260850265], [0.19246887834387835, 0.2975349039849043, 0.18074071206571218, 0.3292555056055056], [0.2797299284049284, 0.2581979464979466, 0.1587006382506383, 0.30337148684648674], [0.2707525641025641, 0.2748889277389277, 0.16023470418470423, 0.29412380397380405], [0.28244479572714887, 0.23734180264180274, 0.16488158704041062, 0.315331814590638], [0.27519613164613155, 0.3014096681096682, 0.19815749805749813, 0.22523670218670236], [0.24927398434898435, 0.2813042501616033, 0.17230720504985217, 0.29711456043956047], [0.25903638583638594, 0.3203189477189479, 0.16597134532134533, 0.25467332112332125], [0.24389161394161396, 0.3203691641691641, 0.1615070263070264, 0.27423219558219564], [0.21770159840159847, 0.29699860139860146, 0.15734658119658124, 0.32795321900321905], [0.32271686369186375, 0.2603501942501941, 0.13965333832833837, 0.27727960372960375], [0.23093522311022333, 0.3874597263847263, 0.14578026695526708, 0.23582478354978365], [0.23105769230769224, 0.30824789099789096, 0.1906976800976801, 0.26999673659673673], [0.24693055278055273, 0.27199380619380625, 0.1867929292929294, 0.2942827117327118], [0.33967037407037404, 0.26032724497724513, 0.14412640692640696, 0.25587597402597406], [0.26638905538905533, 0.25912831890331894, 0.17445361027861034, 0.3000290154290155], [0.21940622155622155, 0.30189023199023207, 0.1509414030414031, 0.32776214341214344], [0.30019776334776327, 0.2610805194805197, 0.15473788156288162, 0.2839838356088356], [0.2474922410922412, 0.32305507825507823, 0.1873193528693531, 0.24213332778332788], [0.2513359584859585, 0.3029293595293596, 0.14957604062604068, 0.2961586413586415], [0.2355521958433723, 0.28162413142413156, 0.18057351733234095, 0.30225015540015543], [0.2914000943500944, 0.23876084471084477, 0.17955197025197037, 0.2902870906870907], [0.2269316000992472, 0.28318353313353306, 0.2494448234771765, 0.24044004329004343], [0.2226545399045399, 0.3168332128655657, 0.17324736211500927, 0.28726488511488524], [0.2384867965367966, 0.2833881229881231, 0.2125325840825842, 0.2655924963924963], [0.24714960954078619, 0.2536209235209236, 0.17652445332445335, 0.32270501361383713], [0.22613559218559223, 0.2310590187590187, 0.20688366078366077, 0.33592172827172834], [0.22135426795426805, 0.24736293151293165, 0.19665591630591633, 0.334626884226884], [0.2274527417027418, 0.3166093989343991, 0.19566148018648022, 0.26027637917637936], [0.2811926478750008, 0.26009544507779825, 0.18074576208105622, 0.2779661449661451], [0.3095639804639802, 0.2677185814185816, 0.14443271173271177, 0.2782847263847264], [0.21648554223554228, 0.3329116439116439, 0.15383888888888908, 0.2967639249639251], [0.2857723637473638, 0.24867156177156174, 0.16205420690420697, 0.3035018675768677], [0.25263196803196813, 0.3118462093462092, 0.1807906537906538, 0.25473116883116903], [0.2523799450549452, 0.25557657620157626, 0.17940212287712295, 0.3126413558663559], [0.2544781107781108, 0.2967769635593166, 0.18009539186303897, 0.2686495337995339], [0.246863197913198, 0.2156900183150184, 0.1789912115662116, 0.35845557220557217], [0.2873906704406704, 0.23866376956376964, 0.1421432345432346, 0.3318023254523255], [0.3353015873015872, 0.25232228882228885, 0.14665345210345213, 0.2657226717726718], [0.2262147047397049, 0.293438511196406, 0.2088257388810022, 0.2715210451828872], [0.23527513042513043, 0.2872274467362704, 0.19774898434898447, 0.2797484384896151], [0.32199466921966935, 0.18957889610389603, 0.13825999278499282, 0.3501664418914419], [0.24048071373071378, 0.3188993506493507, 0.1673803252303253, 0.27323961038961037], [0.23933831168831185, 0.3067984848484849, 0.16558571428571428, 0.28827748917748913], [0.2910617965367965, 0.25590722333222343, 0.1357111249861251, 0.3173198551448551], [0.23834812409812406, 0.2797507603507606, 0.2082494671994673, 0.27365164835164835], [0.2109795260295261, 0.3077984903984905, 0.19426461316461321, 0.2869573704073703], [0.2326520626432391, 0.30580151515151494, 0.17209747670630032, 0.28944894549894573]]}}