{"test": {"ids": ["98117740", "113122650", "101108370", "104111620", "113120601", "112121360", "109116441", "113120540", "106114150", "106118161", "113119360", "97116410", "107112850", "113122120", "107113260", "112116451", "107118520", "100109360", "113119930", "98108410", "108113620", "108118810", "103120531", "104113000", "101110150", "103110840", "109119340", "111118820", "99121440", "107118120", "108114670", "110120531", "110113931", "107119390", "100109801", "107114950", "112116540", "111120320", "112116640", "99111930", "99108330", "98110710", "100109980", "101119591", "100113210", "107113130", "113121680", "105117351", "105120621", "112121030", "103113260", "104117630", "112118620", "107114780", "112118810", "101111990", "108113700", "99109370", "113121010", "99111620", "103113101", "105111990", "108116481", "110119300", "102108621", "111115770", "103118291", "104109311", "107121700", "101108460", "110121170", "105115900", "110120540", "97109080", "108115970", "113120280", "112121430", "111116090", "113121950", "98110680", "102112170", "107121230", "101111140", "111116640", "106119580", "107117630", "105112260", "101108950", "111120190", "105110091", "109121410", "111120591", "106116441", "97113260", "100109330", "109118231", "97105760", "102113350", "100117420", "99108080", "110114920", "111116040", "101115190", "106121220", "112118421", "102110240", "109114651", "113122230", "111121410", "102121440", "110117870", "110117500", "111115620", "104116800", "106114011", "97109570", "109116930", "113118421", "100113370", "111116170", "98111670", "106113360", "110118161", "104110960", "111117571", "107120130", "108114360", "98107410", "110115580", "111116100", "103120780", "100108580", "107114200", "110118630", "100111080", "108118291", "108115870", "111114321", "101108580", "107119130", "109119010", "97106820"], "labels": [2, 2, 1, 0, 2, 3, 3, 3, 1, 3, 0, 3, 1, 1, 0, 0, 2, 0, 1, 1, 3, 1, 3, 1, 1, 1, 3, 0, 2, 3, 3, 0, 1, 2, 0, 3, 1, 1, 0, 1, 1, 2, 1, 0, 0, 1, 1, 0, 1, 0, 3, 0, 3, 2, 3, 2, 0, 1, 2, 3, 3, 2, 0, 1, 3, 3, 0, 3, 3, 0, 2, 3, 1, 2, 2, 0, 2, 3, 3, 2, 3, 0, 2, 0, 3, 0, 3, 2, 3, 0, 0, 1, 0, 1, 0, 1, 0, 3, 2, 3, 3, 0, 1, 1, 3, 3, 3, 1, 0, 2, 3, 1, 1, 1, 1, 0, 0, 3, 3, 0, 1, 0, 0, 2, 3, 2, 1, 3, 1, 3, 1, 0, 2, 1, 0, 3, 3, 1, 0, 1, 3, 1], "predicted_labels": [1, 1, 0, 1, 1, 0, 0, 0, 1, 1, 3, 1, 3, 1, 1, 0, 1, 3, 3, 1, 1, 3, 3, 3, 1, 1, 1, 0, 1, 1, 1, 3, 3, 2, 1, 3, 1, 1, 3, 1, 3, 1, 1, 3, 3, 1, 3, 3, 3, 0, 1, 3, 3, 0, 1, 3, 1, 3, 1, 1, 1, 0, 0, 1, 0, 1, 1, 3, 3, 1, 1, 3, 1, 1, 3, 3, 3, 0, 1, 2, 3, 1, 2, 3, 1, 3, 1, 1, 1, 1, 3, 3, 1, 3, 1, 1, 1, 3, 3, 1, 1, 3, 1, 3, 0, 1, 3, 3, 0, 1, 3, 1, 3, 3, 0, 3, 0, 3, 3, 3, 1, 1, 3, 1, 0, 1, 3, 3, 0, 0, 1, 2, 3, 1, 1, 3, 3, 1, 3, 1, 3, 1], "confidence_scores": [[0.2011818903318903, 0.293664035964036, 0.22940582750582758, 0.27574824619824606], [0.19720595874713528, 0.2842470140970141, 0.23752762237762257, 0.2810194047782285], [0.31117337939837975, 0.2243404373404375, 0.19958101898101901, 0.26490516428016453], [0.25066948051948035, 0.28090165945165946, 0.20592215007215017, 0.2625067099567101], [0.20580526695526702, 0.28730015540015535, 0.22661101121101124, 0.28028356643356644], [0.27798390857508515, 0.2731369935619935, 0.20510932678432678, 0.24376977107859465], [0.29555123210123213, 0.28392249972249967, 0.14659348984348994, 0.27393277833277835], [0.29170593295593283, 0.25207284937284946, 0.16963843933843936, 0.28658277833277845], [0.213265367965368, 0.2975743103301928, 0.20533105097516866, 0.28382927072927083], [0.23229987138465402, 0.2885431457431457, 0.24488097277119036, 0.2342760101010104], [0.24564136419136426, 0.24530411810411823, 0.22029129204129208, 0.28876322566322565], [0.2038336219336221, 0.31901969696969695, 0.2638167887667889, 0.21332989232989244], [0.22997587412587422, 0.2749580808080807, 0.1762677045177046, 0.31879834054834066], [0.2261417027417028, 0.28269871239871247, 0.25131384726384737, 0.2398457375957377], [0.25320666000666003, 0.29824778554778564, 0.20859730269730284, 0.23994825174825185], [0.3254856476856477, 0.26699080919080914, 0.15308744588744597, 0.25443609723609734], [0.1994466033966034, 0.35860089077589075, 0.16689194139194138, 0.2750605644355644], [0.2263944836209543, 0.206366129948483, 0.25969292929292925, 0.3075464571376336], [0.23016531801531806, 0.2944902597402598, 0.16322608225108232, 0.31211833999333977], [0.26034660894660916, 0.2976519077327901, 0.18638208327620095, 0.2556194000444001], [0.2200257020757022, 0.2977837606837607, 0.20207892107892111, 0.28011161616161623], [0.23303535745300455, 0.2569196431019961, 0.14781236541236553, 0.362232634032634], [0.27401392496392496, 0.27074725829725843, 0.16308624708624714, 0.29215256965256986], [0.26514882976500626, 0.2435659673659675, 0.1715742562992563, 0.3197109465697703], [0.2513381174381174, 0.2924340076590075, 0.17618016705516715, 0.2800477078477078], [0.2784026917526919, 0.2795992257742258, 0.20697496392496395, 0.23502311854811858], [0.2515713897213898, 0.268229095904096, 0.21489037074037082, 0.26530914363414365], [0.3251855699855699, 0.21950072150072147, 0.13762076257076253, 0.317692945942946], [0.19510705960705968, 0.36894756909756904, 0.21757742812742825, 0.21836794316794322], [0.22567272172272182, 0.31876763791763785, 0.174777306027306, 0.2807823343323345], [0.22402558552558557, 0.3194736430236429, 0.2082147186147186, 0.24828605283605285], [0.2420903263403264, 0.287639688089688, 0.1611365134865135, 0.3091334720834722], [0.22654346209346216, 0.3086598346098345, 0.15134098124098136, 0.3134557220557221], [0.23554455022102086, 0.22669790013907676, 0.27489632034632033, 0.26286122929358235], [0.26423589188589197, 0.3043260850260851, 0.19331582861582877, 0.23812219447219468], [0.25006777666777685, 0.22869494394494405, 0.18804465534465534, 0.3331926240426241], [0.22172117882117892, 0.3365483849483849, 0.15650992895992907, 0.28522050727050735], [0.2390518120768121, 0.3094852910161734, 0.1649920677361855, 0.2864708291708292], [0.23807005217005217, 0.25792527472527477, 0.19969673855556214, 0.30430793454911115], [0.17422015762015783, 0.3411062049062047, 0.209313333888334, 0.27536030358530367], [0.21657888222888216, 0.2642646797646798, 0.22514166389166404, 0.2940147741147741], [0.18033282828282823, 0.3269191919191919, 0.23987384559884561, 0.25287413419913424], [0.24234611499611505, 0.3081746697746699, 0.18690525030525032, 0.26257396492396495], [0.24831461153225873, 0.23169748747984048, 0.2351968975468976, 0.2847910034410034], [0.27393609723609735, 0.20992616827616833, 0.15597106782106787, 0.3601666666666668], [0.25921060606060625, 0.2696524253524254, 0.22556657982540346, 0.2455703887615654], [0.22322159507159536, 0.27887486402486406, 0.19708317238317247, 0.30082036852036864], [0.27415269175269186, 0.24309487734487745, 0.177621955821956, 0.3051304750804751], [0.2490419413919415, 0.21786217116217127, 0.13820801502419156, 0.39488787242169565], [0.307224544899545, 0.24383108558108557, 0.14398652458652458, 0.30495784493284495], [0.23288370518370516, 0.293701848151848, 0.21057236652236658, 0.2628420801420802], [0.21612062937062937, 0.24686028971028978, 0.23919011544011554, 0.2978289654789656], [0.28091405261405256, 0.26520321900321897, 0.1429580808080808, 0.31092464757464755], [0.31903210678210675, 0.2788314574314576, 0.1706288600288601, 0.231507575757576], [0.28341575287457643, 0.2967191233602999, 0.14340965978465978, 0.2764554639804641], [0.21232099567099583, 0.281578354978355, 0.19828073593073597, 0.3078199134199134], [0.3024237595737595, 0.3051867132867133, 0.18876415251415252, 0.2036253746253747], [0.19651470473970473, 0.27772491397491406, 0.23033911921411934, 0.2954212620712623], [0.22795000000000012, 0.3187004142915907, 0.16219028194028198, 0.2911593037681275], [0.21602132867132884, 0.333961788211788, 0.22974206349206364, 0.22027481962481976], [0.2874174242424244, 0.2938136363636364, 0.1680459956709957, 0.2507229437229439], [0.2898901653901654, 0.2789608225108226, 0.14381358641358644, 0.2873354256854256], [0.3019353535353536, 0.27202149517149526, 0.15830317460317456, 0.2677399766899768], [0.27158571428571426, 0.2855727050727051, 0.18089422799422808, 0.26194735264735275], [0.32420954600954593, 0.20725306915306915, 0.15936404706404705, 0.3091733377733377], [0.2396509712509713, 0.3100719169719169, 0.19161709205826857, 0.25866001971884334], [0.2164188977688978, 0.28493473193473196, 0.2352994560994562, 0.2633469141969142], [0.2682368742368743, 0.26123679653679666, 0.13210817515817525, 0.338418154068154], [0.23463759932877587, 0.277329836829837, 0.18665314130314148, 0.301379422538246], [0.2583304084804086, 0.27163523143523166, 0.2283862415362416, 0.2416481185481186], [0.20671823176823179, 0.28144439449439473, 0.24553468198468206, 0.26630269175269183], [0.2249142191142191, 0.27645903540903555, 0.22047933732933736, 0.2781474081474081], [0.22715617160617183, 0.34548342213342215, 0.1989045898545899, 0.22845581640581647], [0.2082499666999667, 0.2884054445554445, 0.21818384948384967, 0.28516073926073937], [0.21513810633810648, 0.24549317904317924, 0.20247695637695645, 0.3368917582417583], [0.2999628427128427, 0.19943619713619723, 0.1948794372294374, 0.3057215229215229], [0.2889233044733046, 0.24525656565656578, 0.1451981240981242, 0.3206220057720058], [0.3160907536907536, 0.2611935009435011, 0.1745053252303253, 0.24821042013542025], [0.2317756077256077, 0.28370218115218115, 0.20871598401598396, 0.27580622710622715], [0.19475801975801982, 0.2642831224331224, 0.27893969363969356, 0.26201916416916426], [0.22255407925407925, 0.18030461205461218, 0.24784530469530483, 0.349296003996004], [0.18724906204906214, 0.3294682170770407, 0.18344229740847404, 0.29984042346542344], [0.2541080669330671, 0.2265419524919526, 0.267195707070707, 0.25215427350427355], [0.2456396825396826, 0.26988658008658, 0.20579415584415597, 0.27867958152958167], [0.2389273948273948, 0.33316839826839806, 0.17667395382395387, 0.25123025308025315], [0.20077951852069514, 0.28427246087246105, 0.22789648129648132, 0.2870515393103629], [0.21927479645957912, 0.30980675435675453, 0.17303335094856837, 0.29788509823509823], [0.22115688396570765, 0.30007896352014013, 0.2209475108225109, 0.2578166416916417], [0.2268743645243646, 0.3174594017094018, 0.19184427794427797, 0.26382195582195594], [0.19163618048618059, 0.33856346431346407, 0.21923067488067505, 0.25056968031968047], [0.2339373515373517, 0.2810292540792542, 0.191539171939172, 0.29349422244422246], [0.2872893323996267, 0.22018840734428977, 0.17889873933256295, 0.31362352092352075], [0.25358032523032525, 0.32961367521367513, 0.16269878454878461, 0.25410721500721517], [0.23285770144887796, 0.21948268953268968, 0.24044075924075933, 0.30721884977767333], [0.22165721500721514, 0.2916853035853035, 0.21076123321123333, 0.27589624819624836], [0.2506865800865801, 0.31664821844821855, 0.1882275419025419, 0.24443765956265973], [0.21977980907980915, 0.2656730491730492, 0.2516976967476967, 0.262849444999445], [0.2335653349918058, 0.2635131384954914, 0.22321802641802646, 0.27970350009467687], [0.2112317377067379, 0.23864052059052074, 0.272697460872461, 0.2774302808302809], [0.2685208791208792, 0.28074372294372296, 0.19659239649239654, 0.25414300144300156], [0.24771401931401943, 0.32684456099456083, 0.1439645798645799, 0.28147683982683985], [0.26280308025308036, 0.26028527224409587, 0.1881982830894597, 0.2887133644133645], [0.19437924852924854, 0.333365182040182, 0.21337167832167833, 0.2588838911088911], [0.22410291375291386, 0.24783438783438785, 0.17229750249750247, 0.35576519591519595], [0.29842256077256085, 0.27818958818958817, 0.13325937950937958, 0.2901284715284715], [0.23284026724909085, 0.2954324691648222, 0.2155814407814409, 0.2561458228046464], [0.2839828452593159, 0.19924055552290854, 0.18571734931734935, 0.33105924990042646], [0.2317180846930847, 0.28825283050283046, 0.17268049728049736, 0.30734858752358746], [0.3192122655122656, 0.25225652125652126, 0.1293010822510823, 0.29923013098013074], [0.24931435786435804, 0.30398888888888903, 0.15594735264735274, 0.2907494005994005], [0.22195041070041077, 0.27525459540459546, 0.1977813353313354, 0.30501365856365875], [0.2503582362082363, 0.3190755772005772, 0.17109163336663338, 0.2594745532245534], [0.2765101509601511, 0.2733744588744589, 0.15863592518592526, 0.291479464979465], [0.2423914050002286, 0.27355417719535374, 0.1887209512709513, 0.29533346653346665], [0.3057859904801081, 0.2946105632929163, 0.17577805495158438, 0.22382539127539133], [0.22586334221334223, 0.2518589577089578, 0.2257827200577201, 0.2964949800199801], [0.27557427294927295, 0.26627842712842703, 0.19831479076479086, 0.2598325091575093], [0.2791135864135864, 0.25466659451659457, 0.159948434898435, 0.3062713841713841], [0.20838910533910548, 0.2811232267732267, 0.2019028083028083, 0.30858485958485976], [0.27049192474192485, 0.26466284271284285, 0.13922395382395386, 0.3256212787212785], [0.23130356310356326, 0.27334557109557134, 0.2257587523587523, 0.2695921134421136], [0.26592426462426466, 0.30128792318792325, 0.21477272727272745, 0.21801508491508495], [0.24936510156510164, 0.2842388944388946, 0.14444650349650354, 0.3219495004995004], [0.24559394135276497, 0.28682345432345446, 0.2258988380900146, 0.24168376623376642], [0.30985400155400145, 0.3039476856476857, 0.15507459207459215, 0.23112372072372087], [0.22426123321123329, 0.2980450216450215, 0.22625305250305267, 0.2514406926406927], [0.21529776334776338, 0.28889906482406463, 0.20629471639471642, 0.2895084554334555], [0.25340658230658225, 0.24395029415029415, 0.2059751193251194, 0.2966680042180042], [0.29309528249528255, 0.21542611277611287, 0.24727037962037962, 0.2442082251082252], [0.34057432012432, 0.2430228438228439, 0.16040738150738162, 0.2559954545454546], [0.22832424797424808, 0.31547137862137853, 0.1944221500721501, 0.26178222333222345], [0.23909420024420014, 0.24283677988677993, 0.28506118881118886, 0.23300783105783102], [0.2366539460539461, 0.28500209790209796, 0.13997629592629593, 0.3383676601176602], [0.1864276556776557, 0.30011316183816195, 0.2375911088911089, 0.27586807359307364], [0.25511647796647796, 0.2834572649572649, 0.21456727994227992, 0.24685897713397717], [0.2835577886166122, 0.22423601202718862, 0.16521976911976924, 0.32698643023643026], [0.2844964979464982, 0.23758790931290932, 0.1914011397099633, 0.28651445303062945], [0.2229680375180376, 0.3276023809523809, 0.2226018164841696, 0.22682776504541208], [0.26838778443778455, 0.20593125763125772, 0.24949610944610948, 0.27618484848484864], [0.22687711732711754, 0.2962495726495728, 0.18747221667221683, 0.28940109335109343], [0.21990994560994556, 0.2529020923520924, 0.2503175435675436, 0.27687041847041866], [0.23391239708004416, 0.26461944444444435, 0.24849248692483988, 0.2529756715506715]]}, "rewritten": {"ids": ["97105760", "97106820", "97109080", "97109570", "97113260", "97116410", "98107410", "98108410", "98110680", "98110710", "98111670", "98117740", "99108080", "99108330", "99109370", "99111620", "99111930", "99121440", "100108580", "100109330", "100109360", "100109801", "100109980", "100111080", "100113210", "100113370", "100117420", "101108370", "101108460", "101108580", "101108950", "101110150", "101111140", "101111990", "101115190", "101119591", "102108621", "102110240", "102112170", "102113350", "102121440", "103110840", "103113101", "103113260", "103118291", "103120531", "103120780", "104109311", "104110960", "104111620", "104113000", "104116800", "104117630", "105110091", "105111990", "105112260", "105115900", "105117351", "105120621", "106113360", "106114011", "106114150", "106116441", "106118161", "106119580", "106121220", "107112850", "107113130", "107113260", "107114200", "107114780", "107114950", "107117630", "107118120", "107118520", "107119130", "107119390", "107120130", "107121230", "107121700", "108113620", "108113700", "108114360", "108114670", "108115870", "108115970", "108116481", "108118291", "108118810", "109114651", "109116441", "109116930", "109118231", "109119010", "109119340", "109121410", "110113931", "110114920", "110115580", "110117500", "110117870", "110118161", "110118630", "110119300", "110120531", "110120540", "110121170", "111114321", "111115620", "111115770", "111116040", "111116090", "111116100", "111116170", "111116640", "111117571", "111118820", "111120190", "111120320", "111120591", "111121410", "112116451", "112116540", "112116640", "112118421", "112118620", "112118810", "112121030", "112121360", "112121430", "113118421", "113119360", "113119930", "113120280", "113120540", "113120601", "113121010", "113121680", "113121950", "113122120", "113122230", "113122650"], "labels": [0, 1, 2, 0, 1, 3, 3, 1, 2, 2, 1, 2, 3, 1, 1, 3, 1, 2, 0, 0, 0, 0, 1, 0, 0, 3, 2, 1, 0, 0, 2, 1, 2, 2, 1, 0, 3, 3, 3, 3, 2, 1, 3, 3, 0, 3, 1, 3, 2, 0, 1, 1, 0, 0, 2, 3, 3, 0, 1, 0, 1, 1, 0, 3, 3, 1, 1, 1, 0, 2, 2, 3, 0, 3, 2, 1, 2, 2, 0, 3, 3, 0, 1, 3, 3, 2, 0, 3, 1, 3, 3, 0, 1, 3, 3, 0, 1, 3, 1, 1, 3, 0, 1, 1, 0, 1, 2, 1, 1, 3, 0, 3, 3, 0, 0, 3, 0, 3, 1, 1, 0, 0, 1, 0, 3, 3, 3, 0, 3, 2, 3, 0, 1, 0, 3, 2, 2, 1, 3, 1, 1, 2], "predicted_labels": [3, 0, 1, 3, 3, 1, 3, 1, 1, 1, 1, 1, 1, 1, 3, 1, 1, 1, 2, 1, 3, 1, 1, 1, 3, 1, 2, 0, 0, 3, 1, 1, 0, 3, 1, 3, 0, 1, 3, 3, 1, 0, 1, 1, 1, 3, 1, 3, 1, 3, 3, 1, 3, 1, 0, 3, 1, 3, 3, 1, 1, 1, 1, 1, 1, 3, 1, 0, 1, 3, 1, 3, 3, 1, 1, 3, 2, 1, 1, 3, 1, 1, 1, 1, 3, 3, 1, 3, 3, 0, 0, 0, 1, 3, 3, 1, 1, 3, 0, 0, 1, 1, 1, 0, 3, 1, 1, 1, 3, 1, 3, 0, 0, 3, 1, 1, 0, 3, 1, 0, 1, 0, 1, 3, 3, 0, 1, 0, 0, 3, 0, 3, 3, 0, 3, 1, 1, 1, 1, 1, 3, 3], "confidence_scores": [[0.24933029193029205, 0.24898996003996013, 0.24058063407181052, 0.26109911395793767], [0.2653945665445666, 0.2640374320124321, 0.25358754578754583, 0.21698045565545576], [0.20968881673881676, 0.32690157342657333, 0.20889290709290723, 0.25451670274170285], [0.21237733932733946, 0.2542842823842825, 0.21819119769119769, 0.3151471805971807], [0.23964792984792982, 0.21547765567765587, 0.2433062826062827, 0.30156813186813203], [0.22632411199911193, 0.297925468975469, 0.25063401875901886, 0.2251164002664003], [0.2857520518696989, 0.21962267177267183, 0.19964604839604835, 0.2949792279615811], [0.28349146964146965, 0.29779208144796376, 0.1525645785586962, 0.2661518703518704], [0.2018323010323011, 0.2788023809523811, 0.27037561327561344, 0.24898970473970486], [0.20582837717837713, 0.3069156010656011, 0.23904581529581528, 0.24821020646020642], [0.2553495670995672, 0.287707647907648, 0.2167619824619825, 0.24018080253080273], [0.19019666999666998, 0.313362620712621, 0.23755486735486744, 0.258885841935842], [0.25259151959151965, 0.2772691697191698, 0.2000375291375292, 0.27010178155178155], [0.23092929292929296, 0.289006388056388, 0.2329020257520258, 0.24716229326229333], [0.22203994338994335, 0.265429220779221, 0.21173197913197928, 0.3007988566988568], [0.2005712565212566, 0.3153567377067378, 0.23567752525252528, 0.24839448051948057], [0.18327013542013545, 0.33721659451659425, 0.22059287934287944, 0.2589203907203908], [0.22281601731601747, 0.34802162837162826, 0.20786649461649476, 0.22129585969585977], [0.2093973692973693, 0.2652276667776668, 0.2785594960594962, 0.24681546786546804], [0.21175774225774244, 0.3252246364746364, 0.21532465312465326, 0.24769296814296826], [0.23961683316683322, 0.23533771228771236, 0.22867359307359303, 0.29637186147186156], [0.25566170496170504, 0.2857689643689645, 0.21486764901764918, 0.24370168165168174], [0.22924371739371743, 0.32041952491952513, 0.21767864357864367, 0.23265811410811418], [0.2450442779442781, 0.30246673326673323, 0.19854932012432014, 0.25393966866466855], [0.2545326617826619, 0.23651051171051177, 0.16898484848484854, 0.33997197802197804], [0.1937253246753248, 0.3133998001998001, 0.23257356532356535, 0.26030130980130983], [0.22815618270618282, 0.26336453268953286, 0.26881837884337906, 0.23966090576090587], [0.33924147519147535, 0.22578772338772357, 0.16822668442668448, 0.266744116994117], [0.2852040459540459, 0.28205037185037196, 0.19018489288489301, 0.24256068931068936], [0.27903961038961045, 0.19229633699633708, 0.22818009213009216, 0.3004839604839604], [0.2199978077478078, 0.3055183039183038, 0.18085107115107127, 0.29363281718281714], [0.2567720779220779, 0.2862646298146298, 0.19492832722832734, 0.26203496503496515], [0.31708792318792317, 0.23034953934953956, 0.22069277944277943, 0.23186975801975812], [0.22375717060717085, 0.27055059940059945, 0.17720067710067725, 0.328491552891553], [0.18277563547563555, 0.32996665001665004, 0.2250443223443223, 0.26221339216339223], [0.2499540459540461, 0.23259408369408388, 0.21491397491397501, 0.30253789543789544], [0.30653542568542563, 0.238697213897214, 0.17380584970584972, 0.28096151071151076], [0.2781138750138749, 0.2821152292152292, 0.18198068043068047, 0.25779021534021546], [0.27149380619380625, 0.20410421800421816, 0.20978252858252872, 0.31461944721944723], [0.21741405849052925, 0.26986075958784933, 0.23664128999655318, 0.2760838919250683], [0.26392140637140654, 0.29232998667998666, 0.15833622488622487, 0.2854123820623821], [0.28916694416694433, 0.2794672161172161, 0.18985625485625496, 0.24150958485958499], [0.2738814851814852, 0.30551602564102576, 0.15887337384837388, 0.26172911532911536], [0.2188471916971918, 0.31167419247419265, 0.19336924186924195, 0.27610937395937407], [0.2612820457320457, 0.26286652236652236, 0.21682974247974263, 0.2590216894216895], [0.24910057720057738, 0.2640717893217895, 0.19745519480519494, 0.2893724386724387], [0.2327377955377956, 0.32667661782661794, 0.18063376623376634, 0.25995182040182047], [0.2804558588470353, 0.24868393273393283, 0.1551857586857587, 0.3156744497332734], [0.2671915401591873, 0.2834068800480565, 0.194166076407253, 0.25523550338550355], [0.25914164724164734, 0.264245770895771, 0.1799532384282385, 0.2966593434343434], [0.2747494172494174, 0.22435630480630492, 0.17243396048396056, 0.3284603174603175], [0.21714184704184702, 0.2896194083694084, 0.21441796536796537, 0.27882077922077947], [0.23028171273171272, 0.272732056832057, 0.202872521922522, 0.29411370851370844], [0.21858104673104684, 0.3076668831168829, 0.22220930735930733, 0.25154276279276294], [0.28787114552114546, 0.2593189255189256, 0.166172077922078, 0.2866378510378511], [0.22393066378066379, 0.2822930375180375, 0.19544144744144762, 0.2983348512598514], [0.2425919136419137, 0.28028813963813964, 0.21505643245643252, 0.26206351426351426], [0.28486189921189936, 0.2568064213564214, 0.16354538794538792, 0.29478629148629154], [0.2589717671217671, 0.22473359973359983, 0.13688373652491304, 0.37941089661972], [0.23782554112554127, 0.33470996780996787, 0.18934601509601517, 0.2381184759684761], [0.3008664946164946, 0.3129962037962039, 0.17629527417027427, 0.20984202741702748], [0.24851118326118332, 0.2858731254040079, 0.22444107983519757, 0.24117461149961156], [0.24926798201798206, 0.328750283050283, 0.1708105283605285, 0.2511712065712068], [0.24383284396762672, 0.28312597402597395, 0.22565864232385985, 0.24738253968253993], [0.2417495448995449, 0.3114654761904764, 0.212082228882229, 0.23470275002775004], [0.2646302475302477, 0.2603016150516152, 0.13577943722943722, 0.3392887001887004], [0.22330724553224568, 0.29729545454545464, 0.1865451076701078, 0.29285219225219233], [0.2973461038961039, 0.2543817460317461, 0.20133520923520934, 0.2469369408369409], [0.2597536907536908, 0.2966106837606838, 0.20326225996226005, 0.24037336552336555], [0.2567233544233546, 0.28697939837939834, 0.14977612942612947, 0.30652111777111773], [0.29514257131757127, 0.3048650793650794, 0.14289120879120884, 0.25710114052614075], [0.2182823787323788, 0.22574811854811863, 0.2270377733377734, 0.3289317293817294], [0.22288798978798993, 0.28800979020979023, 0.19929713619713627, 0.28980508380508374], [0.25401264291264297, 0.30458223998224015, 0.15750223110223122, 0.2839028860028861], [0.2335832972582973, 0.3545241286491286, 0.18202666500166495, 0.22986590909090912], [0.20639549339549346, 0.31230095737595753, 0.15959159729159736, 0.32171195193695196], [0.2139884301972539, 0.24894422603540262, 0.287123593073593, 0.24994375069375077], [0.20209342879342887, 0.33933151848151855, 0.21153192526427825, 0.24704312746077456], [0.17221864801864809, 0.31026672494172514, 0.2166585581085581, 0.3008560689310688], [0.23089343238460902, 0.2735281940281941, 0.1906899655899657, 0.3048884079972316], [0.22954443889443904, 0.29303024198024213, 0.19692056277056283, 0.28050475635475636], [0.3113326839826841, 0.31987222222222245, 0.17151748251748253, 0.19727761127761143], [0.22526448551448552, 0.307550801975802, 0.2079874042624044, 0.25919730824730824], [0.26035643800643793, 0.2718797757797758, 0.2277910050733581, 0.23997278114042833], [0.2819591880341881, 0.2257520646020646, 0.18560451215451218, 0.3066842352092352], [0.25448268398268414, 0.26973793428793436, 0.20114789099789107, 0.2746314907314908], [0.2728972471972473, 0.2813231546231547, 0.17602396492396505, 0.26975563325563334], [0.2694785622873859, 0.24694042983160627, 0.1562465756465757, 0.32733443223443226], [0.2606881824058296, 0.232065234438764, 0.1460491730491731, 0.3611974101062337], [0.3295370660385368, 0.22142208232943542, 0.17781536796536804, 0.2712254836666602], [0.290105144855145, 0.280407437007437, 0.14084556554556565, 0.2886418525918526], [0.28936388333888347, 0.23118888888888894, 0.218917821067821, 0.26052940670440683], [0.26653312243312244, 0.30159376734376747, 0.19517279942279947, 0.23670031080031104], [0.21531184371184378, 0.2511308802308802, 0.23561523476523474, 0.29794204129204155], [0.2458700244200246, 0.28816141636141657, 0.16883266178266176, 0.2971358974358974], [0.23060468975468976, 0.29709541569541587, 0.20805858030858043, 0.26424131424131414], [0.2539679931179932, 0.3092019119769119, 0.16400493395493407, 0.272825160950161], [0.23421190476190484, 0.30946492951492954, 0.13436923076923085, 0.32195393495393504], [0.3137093040945983, 0.21395557775557777, 0.2109702663349723, 0.26136485181485175], [0.28835263625263624, 0.28537325452325446, 0.1504439338439339, 0.2758301753801755], [0.22516103896103906, 0.29462691752691744, 0.2080049062049062, 0.27220713730713747], [0.23904439449439463, 0.31814314019314, 0.157809817959818, 0.2850026473526473], [0.18456632811632817, 0.32588708513708514, 0.22350786990786992, 0.266038716838717], [0.29260014430014447, 0.26829311799311795, 0.18414552669552678, 0.2549612110112111], [0.25191274281274295, 0.2558425796425797, 0.14335288600288604, 0.3488917915417915], [0.2424431845931847, 0.31233673548673563, 0.2000739982239982, 0.24514608169608174], [0.2515370129870131, 0.2857357864357866, 0.20347176712176718, 0.2592554334554335], [0.24977867132867138, 0.34338805638805653, 0.19994575587810895, 0.20688751640516356], [0.2779582695082696, 0.26995352147852153, 0.16448634698634718, 0.287601862026862], [0.18577419802419812, 0.3216580197580196, 0.21078249609867275, 0.2817852861191098], [0.2716496114996115, 0.2505926704014939, 0.18605944970062632, 0.29169826839826857], [0.30226298701298704, 0.2788469585969588, 0.17610910478410488, 0.2427809496059497], [0.3476025585525586, 0.24798690198690201, 0.157793056943057, 0.2466174825174826], [0.2423738095238096, 0.3029189477189477, 0.1434198690198691, 0.3112873737373739], [0.25226147186147196, 0.2524390553890554, 0.24301269841269857, 0.2522867743367745], [0.2738667998667999, 0.2974978354978354, 0.15610135975135978, 0.27253400488400514], [0.33568190698190703, 0.23933449883449884, 0.12168297258297261, 0.3033006216006216], [0.247758103008103, 0.27023127705627714, 0.1839162615162615, 0.2980943584193584], [0.23248368020868035, 0.306795608476491, 0.20972698837110612, 0.25099372294372296], [0.294497965922966, 0.24344780072868316, 0.18470771875183642, 0.27734651459651455], [0.2765733377733378, 0.3076846653346654, 0.12922273837273837, 0.2865192585192584], [0.3089784326784326, 0.2825906149406149, 0.1373655622155623, 0.2710653901653902], [0.2563670995670998, 0.31942816072816077, 0.15647277722277725, 0.2677319624819626], [0.28463311688311693, 0.26025552584670236, 0.15610180375180388, 0.29900955351837716], [0.29917311577311567, 0.26576161616161625, 0.11938246753246758, 0.31568280053280057], [0.30237188367188367, 0.25575091575091574, 0.14287117604617605, 0.29900602453102454], [0.25674536019536026, 0.3203736374736375, 0.14407226107226112, 0.27880874125874117], [0.3542047064047063, 0.2226896270396271, 0.143617982017982, 0.27948768453768463], [0.28207602397602405, 0.2784920634920635, 0.21293194028194024, 0.22649997224997237], [0.2820676046176045, 0.2739249278499279, 0.13587503607503615, 0.3081324314574316], [0.3121742424242425, 0.23437902652902676, 0.15647971472971475, 0.2969670163170162], [0.2567077811077811, 0.24619314574314582, 0.19865059385059394, 0.2984484792984793], [0.259605971805972, 0.28015849150849165, 0.16295966810966808, 0.2972758685758686], [0.29801450216450237, 0.23791822621822628, 0.1819090021090022, 0.2821582695082696], [0.2695048618048619, 0.26883176823176824, 0.18556250416250417, 0.27610086580086596], [0.22633766233766242, 0.3082660395160396, 0.18852474747474754, 0.2768715506715507], [0.21929419191919197, 0.31085679598179594, 0.1711553890553891, 0.2986936230436232], [0.20239829059829081, 0.3040679653679652, 0.20389860694860695, 0.2896351370851372], [0.2163465312465313, 0.28876466311466314, 0.21232392052392055, 0.28256488511488537], [0.22955418470418476, 0.269076307026307, 0.2512862415362416, 0.25008326673326686], [0.22855628260628255, 0.2747030525030525, 0.15513927183927192, 0.3416013930513929], [0.20815312465312466, 0.2662162837162837, 0.22842647907647914, 0.29720411255411266]]}}