{"test": {"ids": ["109116170", "99108710", "102111990", "97112170", "99109910", "104116980", "113119340", "98116090", "112119320", "104116800", "97114170", "111115780", "104117200", "109114220", "99107300", "99107640", "101116130", "103113610", "113122190", "107112850", "108114180", "111121410", "113121980", "105112260", "108117610", "104119340", "105115900", "102112170", "105113480", "109119450", "103109641", "97106600", "107121540", "105112100", "105116441", "97105960", "105121370", "98116940", "111116530", "105118230", "113119360", "109118701", "100117420", "104111550", "110118111", "112118701", "112118810", "97106970", "111118820", "103120340", "105115680", "109117431", "112120270", "111120591", "105115250", "113120540", "113120780", "113118630", "112120540", "105119950", "110121720", "112116800", "112117431", "100109330", "110115250", "108115880", "99114890", "103117200", "99108080", "101108950", "112117790", "100109000", "112116990", "113122170", "108118520", "103110760", "104114240", "99111000", "108113480", "112118530", "112118550", "99112531", "101121640", "97106770", "109119010", "99109780", "112120290", "98111860", "107120880", "108117360", "105116650", "109116750", "108116120", "110116501", "103111540", "112120670", "111119250", "100108080", "113117340", "100108580", "113117401", "109120150", "101119030", "112121030", "111116170", "100108260", "110114610", "98107380", "98110230", "111120531", "110114950", "106115240", "101111210", "102109850", "108115500", "109117150", "113118620", "105117351", "97105760", "105112130", "112118471", "104109311", "104112470", "103112470", "103112641", "112119610", "112119580", "113122120", "110120560", "111119340", "111119290", "104111830", "101108460", "110118630", "109116040", "113119930", "97108520", "113119300", "107114280", "98108370", "113119950", "110116290"], "labels": [0, 2, 2, 0, 2, 1, 0, 0, 1, 1, 2, 1, 3, 3, 3, 1, 2, 2, 1, 1, 1, 0, 2, 3, 3, 1, 3, 3, 0, 3, 1, 3, 2, 1, 1, 2, 2, 2, 3, 1, 0, 3, 2, 1, 1, 0, 3, 2, 0, 1, 2, 1, 0, 1, 2, 3, 0, 3, 3, 3, 3, 0, 0, 0, 1, 3, 2, 0, 3, 2, 3, 1, 0, 1, 0, 1, 0, 2, 0, 1, 3, 3, 2, 3, 3, 2, 1, 0, 1, 1, 1, 0, 1, 3, 1, 2, 1, 0, 2, 0, 3, 2, 3, 0, 0, 3, 1, 1, 3, 0, 0, 1, 2, 1, 3, 2, 3, 0, 0, 1, 1, 3, 1, 1, 3, 0, 3, 1, 0, 3, 3, 3, 0, 1, 0, 1, 2, 1, 3, 1, 0, 2], "predicted_labels": [1, 2, 1, 3, 2, 3, 0, 3, 1, 2, 1, 1, 2, 0, 3, 3, 1, 2, 1, 1, 3, 0, 3, 2, 0, 1, 0, 2, 1, 1, 3, 3, 0, 3, 1, 0, 1, 3, 1, 1, 3, 0, 2, 3, 3, 1, 1, 1, 3, 1, 3, 1, 1, 0, 0, 3, 3, 2, 3, 1, 0, 1, 2, 3, 3, 1, 3, 3, 0, 1, 1, 3, 3, 3, 0, 0, 1, 1, 3, 0, 3, 1, 3, 1, 1, 1, 2, 1, 1, 3, 1, 1, 0, 0, 1, 0, 1, 3, 2, 2, 3, 1, 0, 0, 3, 2, 0, 3, 3, 3, 2, 3, 2, 1, 3, 0, 0, 3, 1, 2, 2, 1, 1, 3, 3, 1, 1, 1, 3, 3, 3, 3, 0, 0, 3, 1, 1, 0, 1, 2, 3, 2], "confidence_scores": [[0.06764821276686425, 0.6924463262197359, 0.11272993442629707, 0.12717552658710263], [0.13406851188317193, 0.3106837912433346, 0.3108731015610766, 0.24437459531241693], [0.23737283740996923, 0.44071475185460984, 0.08207929415139634, 0.23983311658402479], [0.19283901310907137, 0.15253541128359652, 0.07147609106041479, 0.5831494845469173], [0.1868117952296118, 0.2856393567405547, 0.32183888004621497, 0.20570996798361874], [0.0979253915221112, 0.2506769141802381, 0.3170520746567855, 0.33434561964086523], [0.6880357589747005, 0.1219466084246708, 0.04215172656965596, 0.14786590603097285], [0.17095752728987065, 0.30961574401560416, 0.13277095740568323, 0.386655771288842], [0.2441696573739454, 0.34256013698039833, 0.16391019643431778, 0.24936000921133852], [0.11361781407607338, 0.20209472046890165, 0.4197080276043103, 0.2645794378507146], [0.24286458696837207, 0.3643154913762806, 0.14120535660956188, 0.25161456504578544], [0.20711769485274953, 0.41888970351985316, 0.13135486292801848, 0.2426377386993788], [0.10423854786555092, 0.23770917856333573, 0.4161797654782019, 0.24187250809291144], [0.36887108487745957, 0.27786589150281094, 0.12861086441601288, 0.2246521592037169], [0.23985431968322118, 0.27669706933534477, 0.10866043624043417, 0.37478817474100007], [0.11807039325998776, 0.29444342020598024, 0.16472833549562113, 0.42275785103841096], [0.15521082979022532, 0.48505160022884736, 0.16879015357875185, 0.19094741640217558], [0.14979141753206826, 0.2900645115146133, 0.4528324348683096, 0.10731163608500897], [0.2431867567224043, 0.33209317105041614, 0.2372644220835205, 0.187455650143659], [0.22955414333861118, 0.3788364963955061, 0.14221723037004594, 0.2493921298958368], [0.11714714849588947, 0.24130646071440026, 0.10816688528425222, 0.5333795055054579], [0.4373995673762905, 0.15215632150925534, 0.1359422532053784, 0.27450185790907583], [0.16338171671857527, 0.24854786085390013, 0.13396878186472397, 0.45410164056280045], [0.1268603459363299, 0.2942749119001182, 0.3204623885428599, 0.2584023536206921], [0.4613455848106392, 0.1211267537024137, 0.19375615305556726, 0.22377150843137977], [0.10618735650977824, 0.3927850561730944, 0.11411689415246928, 0.3869106931646581], [0.3455762775864251, 0.319766096372793, 0.1364160076689486, 0.1982416183718332], [0.24134520552776284, 0.15314635692982684, 0.39128407391446335, 0.21422436362794708], [0.12194290580951378, 0.47956508479849924, 0.08631665690826727, 0.31217535248371975], [0.16031499335751487, 0.3971891497902061, 0.20187313199271165, 0.24062272485956732], [0.0825162881517659, 0.06969032144274999, 0.34223712174664955, 0.5055562686588346], [0.18613268715938594, 0.27910109108088166, 0.2548249188262395, 0.27994130293349295], [0.44214133156608165, 0.1039066565530642, 0.20097181169178324, 0.2529802001890709], [0.2033044805649004, 0.24958928782988882, 0.21896267363985897, 0.32814355796535183], [0.24090221335081236, 0.6024211409740388, 0.05091199533578127, 0.10576465033936772], [0.36565629623722584, 0.35435700546812116, 0.14675459196311366, 0.13323210633153923], [0.1369770168411861, 0.4676899710127066, 0.11235929304669873, 0.2829737190994087], [0.3039359671142203, 0.2145195538737761, 0.1331538872988378, 0.3483905917131659], [0.26238273264134926, 0.44446762548303, 0.15508374837735403, 0.1380658934982667], [0.07441081588867927, 0.6729595097643221, 0.13433836262632018, 0.1182913117206786], [0.26588452548434466, 0.18130314271721926, 0.10004828512683137, 0.45276404667160464], [0.6741068674381949, 0.1482860765954114, 0.03631958656258197, 0.1412874694038118], [0.10486051733393353, 0.23007447528215444, 0.5298656284122004, 0.13519937897171158], [0.12677076086273853, 0.2029008788795753, 0.233360171186082, 0.4369681890716041], [0.3546459075385137, 0.17601452597710784, 0.11199000985733203, 0.3573495566270465], [0.1483573293254535, 0.5499581538563774, 0.05681622972488142, 0.2448682870932878], [0.10305904989539327, 0.6174966963156374, 0.11775244264080224, 0.16169181114816716], [0.1249022058879445, 0.4016181196711799, 0.16243151221764532, 0.31104816222323034], [0.295010674394556, 0.13155999609038527, 0.08668103413446518, 0.48674829538059344], [0.1745328181502852, 0.5586766845304769, 0.11488334446268168, 0.15190715285655632], [0.3786696955013862, 0.15917673878279254, 0.06123696294532189, 0.40091660277049956], [0.14677201968870732, 0.5383530205287966, 0.09697915341263313, 0.21789580636986297], [0.21929965788624853, 0.3000003920096522, 0.22234064742011944, 0.25835930268397994], [0.3765106231106759, 0.3585529338023311, 0.09858213472304056, 0.16635430836395249], [0.4589531224057628, 0.1610538118132208, 0.23040856210819613, 0.14958450367282033], [0.2744836483732489, 0.2987456827778966, 0.0934307349084351, 0.33333993394041955], [0.19325467765844356, 0.27481780509424164, 0.21051459592749944, 0.3214129213198153], [0.13065315891101068, 0.1531527719800288, 0.4323774019466942, 0.2838166671622663], [0.055862251482233505, 0.06507319725728031, 0.04790097666624909, 0.8311635745942372], [0.26481705502857544, 0.30259025260851946, 0.21840932465315124, 0.21418336770975385], [0.40089384818831203, 0.14219735264773445, 0.22620894859129384, 0.23069985057265968], [0.15465602642832602, 0.35131251210487696, 0.23518154169068337, 0.25884991977611366], [0.12616345737607088, 0.2550269540323895, 0.3956551883703508, 0.22315440022118885], [0.14912707125905314, 0.18524267158002758, 0.18836823728128824, 0.4772620198796312], [0.07937791697942613, 0.29336153809714116, 0.27022939563598336, 0.35703114928744933], [0.08428665219800421, 0.47155582361849724, 0.10219624097870249, 0.34196128320479596], [0.1561751190422114, 0.32741257575444793, 0.12264151397005027, 0.39377079123329023], [0.13840223526088744, 0.03994043307368462, 0.18259344681197143, 0.6390638848534566], [0.5240679528503167, 0.17418795083900737, 0.14091543208257515, 0.16082866422810072], [0.2282758504641552, 0.432033936401519, 0.08648545424498236, 0.2532047588893433], [0.17218818654678752, 0.3776781612507299, 0.1479736827792055, 0.30215996942327716], [0.19851458902261826, 0.14498503384564682, 0.19603527558273234, 0.4604651015490027], [0.2047162086261372, 0.15402297837714232, 0.31968919468227436, 0.321571618314446], [0.3221824488180134, 0.2566998556670341, 0.05752147465711562, 0.363596220857837], [0.43006023850187425, 0.1391429166434451, 0.2160804637594242, 0.21471638109525656], [0.4881979472228539, 0.21433627460623847, 0.09506977241822222, 0.2023960057526855], [0.09421657799909093, 0.46177193081409834, 0.20482612489955307, 0.23918536628725764], [0.18258352599486077, 0.3579958127378284, 0.2822064013254243, 0.17721425994188683], [0.28861745690315405, 0.20622606722166992, 0.17829873703068425, 0.3268577388444918], [0.44436866641658973, 0.2203607122440291, 0.07504627000231605, 0.26022435133706523], [0.0719888079147861, 0.2853863771667893, 0.1433927584824237, 0.4992320564360009], [0.18957171184064697, 0.40866930920295463, 0.1944148799514905, 0.20734409900490783], [0.07115342873621558, 0.22225202274660447, 0.07352739862568783, 0.6330671498914922], [0.26909299906804596, 0.3358046889657113, 0.20349634101736316, 0.19160597094887963], [0.18286297839785703, 0.4585540210184065, 0.2596538770334021, 0.09892912355033462], [0.24237641944436128, 0.29518694046889365, 0.2598332631945177, 0.20260337689222738], [0.07134870041805404, 0.06764437086252241, 0.7312741430297636, 0.12973278568965999], [0.11183758236516111, 0.380710650499924, 0.19802971373378378, 0.3094220534011312], [0.1489110166894089, 0.4283171344440658, 0.22404356739832756, 0.1987282814681977], [0.13324962025097453, 0.18835784297898667, 0.23147360340277168, 0.4469189333672673], [0.2160615073651958, 0.3984507585086688, 0.1178122003987795, 0.26767553372735586], [0.2119511032202618, 0.3843484083931403, 0.15585087371341436, 0.24784961467318345], [0.33380211530505005, 0.1525676424820086, 0.24681397904379365, 0.2668162631691478], [0.3338589795723087, 0.2709035802757684, 0.11819911521912935, 0.27703832493279357], [0.13769552871073398, 0.43055340704643813, 0.1870793205739149, 0.24467174366891312], [0.36399013986257484, 0.1972856596186414, 0.08345965475790361, 0.3552645457608804], [0.13302872936507373, 0.4138684808491291, 0.22157602681372784, 0.23152676297206923], [0.06135753758167785, 0.243866948496058, 0.04382041899820625, 0.6509550949240579], [0.09121044350381588, 0.2078676420109811, 0.4542122690381681, 0.24670964544703486], [0.09859006427789074, 0.35554137080350456, 0.36232511749153495, 0.18354344742706968], [0.10765672176105562, 0.24655450221789252, 0.32143634518126313, 0.3243524308397889], [0.2116613326485905, 0.35302468396347564, 0.1549726915927969, 0.28034129179513706], [0.3062657375041098, 0.27810387786581525, 0.1351969021763975, 0.2804334824536776], [0.5210913442750637, 0.1310098508150404, 0.07223846822260015, 0.27566033668729567], [0.094156999459097, 0.3668565710228695, 0.09734435330804644, 0.441642076209987], [0.26266274392802175, 0.28053781383492815, 0.29396571355401163, 0.16283372868303847], [0.3394282228980348, 0.31170299667383916, 0.1890024252675066, 0.1598663551606194], [0.1984190136173306, 0.25081978053616266, 0.24816744784193007, 0.3025937580045766], [0.1353842860502486, 0.37780460323172016, 0.08533005569482398, 0.40148105502320725], [0.22518799131223305, 0.3261904081515455, 0.1205920388484894, 0.3280295616877321], [0.13514898894349697, 0.23395350692589809, 0.4845692870613931, 0.14632821706921198], [0.25780425357661946, 0.24347920880968305, 0.16090436195557145, 0.3378121756581261], [0.12376549548706348, 0.16958771727167132, 0.3647260807644641, 0.3419207064768011], [0.09967600642363295, 0.45882637466781834, 0.12827399772723697, 0.31322362118131175], [0.1329910299816747, 0.10913979769085815, 0.07266123400080267, 0.6852079383266644], [0.359228770164123, 0.21344879649662651, 0.14372643454986275, 0.28359599878938785], [0.42234612611402117, 0.3945869074310951, 0.0903449168011982, 0.09272204965368554], [0.2969057366478774, 0.2839245986747543, 0.11229593670693637, 0.306873727970432], [0.19391197153634102, 0.3665628232737144, 0.07646057874967387, 0.3630646264402706], [0.10345953623319498, 0.32131063347881567, 0.3573688048788144, 0.217861025409175], [0.2193521611320004, 0.24670568233848053, 0.3405290246825658, 0.19341313184695327], [0.2263632868910506, 0.5138912916212205, 0.08987224797227104, 0.1698731735154578], [0.12645588274093814, 0.48792086843236204, 0.04853131104744504, 0.33709193777925495], [0.1428033551507509, 0.13414244596803088, 0.33835057301055815, 0.3847036258706602], [0.1728080662361555, 0.24753878184669573, 0.15434736098577298, 0.4253057909313757], [0.3516290132566217, 0.37020117400075003, 0.12516776719958392, 0.15300204554304442], [0.12488644192844267, 0.3988644671677974, 0.24140283095771048, 0.23484625994604974], [0.20535248648326046, 0.31013537770288824, 0.23419956123187763, 0.25031257458197376], [0.23451757209521074, 0.3330913641003717, 0.09020207730820172, 0.34218898649621576], [0.11273909562493684, 0.2948428482275661, 0.0958548996134401, 0.496563156534057], [0.13712898160821893, 0.144990472378865, 0.11474129950106102, 0.6031392465118551], [0.1241838967779481, 0.1377018219981666, 0.3687871967938203, 0.3693270844300649], [0.36458263453108064, 0.3337125097312447, 0.10571626813358483, 0.1959885876040899], [0.3544189100805587, 0.32869560726566827, 0.1310943366013244, 0.18579114605244873], [0.10265958209609868, 0.25597014432342274, 0.1111672876621335, 0.530202985918345], [0.1390514526463736, 0.46384098683020747, 0.1706571699891, 0.22645039053431892], [0.1303619443521676, 0.38842717734791804, 0.2308933171477043, 0.2503175611522101], [0.4002257721247184, 0.13484347829002413, 0.11150335159138602, 0.35342739799387135], [0.11714695950530063, 0.48800797572856747, 0.15702737828204602, 0.23781768648408594], [0.11214679512916803, 0.2759000106743738, 0.4359889989946472, 0.17596419520181095], [0.1483818739308741, 0.2738323537995962, 0.12396239408506232, 0.4538233781844674], [0.13714330762166183, 0.08937432808839438, 0.4462128968625855, 0.32726946742735835]]}, "rewritten": {"ids": ["97105760", "97105960", "97106600", "97106770", "97106970", "97108520", "97112170", "97114170", "98107380", "98108370", "98110230", "98111860", "98116090", "98116940", "99107300", "99107640", "99108080", "99108710", "99109780", "99109910", "99111000", "99112531", "99114890", "100108080", "100108260", "100108580", "100109000", "100109330", "100117420", "101108460", "101108950", "101111210", "101116130", "101119030", "101121640", "102109850", "102111990", "102112170", "103109641", "103110760", "103111540", "103112470", "103112641", "103113610", "103117200", "103120340", "104109311", "104111550", "104111830", "104112470", "104114240", "104116800", "104116980", "104117200", "104119340", "105112100", "105112130", "105112260", "105113480", "105115250", "105115680", "105115900", "105116441", "105116650", "105117351", "105118230", "105119950", "105121370", "106115240", "107112850", "107114280", "107120880", "107121540", "108113480", "108114180", "108115500", "108115880", "108116120", "108117360", "108117610", "108118520", "109114220", "109116040", "109116170", "109116750", "109117150", "109117431", "109118701", "109119010", "109119450", "109120150", "110114610", "110114950", "110115250", "110116290", "110116501", "110118111", "110118630", "110120560", "110121720", "111115780", "111116170", "111116530", "111118820", "111119250", "111119290", "111119340", "111120531", "111120591", "111121410", "112116800", "112116990", "112117431", "112117790", "112118471", "112118530", "112118550", "112118701", "112118810", "112119320", "112119580", "112119610", "112120270", "112120290", "112120540", "112120670", "112121030", "113117340", "113117401", "113118620", "113118630", "113119300", "113119340", "113119360", "113119930", "113119950", "113120540", "113120780", "113121980", "113122120", "113122170", "113122190"], "labels": [0, 2, 3, 3, 2, 2, 0, 2, 1, 1, 3, 0, 0, 2, 3, 1, 3, 2, 2, 2, 2, 3, 2, 0, 3, 0, 1, 0, 2, 0, 2, 2, 2, 3, 2, 1, 2, 3, 1, 1, 1, 1, 3, 2, 0, 1, 3, 1, 3, 1, 0, 1, 1, 3, 1, 1, 1, 3, 0, 2, 2, 3, 1, 1, 0, 1, 3, 2, 1, 1, 3, 1, 2, 0, 1, 3, 3, 1, 1, 3, 0, 3, 0, 0, 0, 2, 1, 3, 3, 3, 2, 1, 0, 1, 2, 3, 1, 1, 0, 3, 1, 0, 3, 0, 1, 3, 3, 0, 1, 0, 0, 0, 0, 3, 1, 1, 3, 0, 3, 1, 3, 0, 0, 1, 3, 2, 0, 2, 3, 3, 3, 1, 0, 0, 1, 0, 3, 0, 2, 1, 1, 1], "predicted_labels": [1, 3, 1, 0, 0, 1, 0, 1, 3, 3, 1, 1, 3, 0, 1, 1, 0, 1, 1, 0, 1, 1, 2, 3, 0, 2, 1, 1, 1, 1, 0, 1, 0, 1, 3, 3, 0, 3, 3, 1, 3, 3, 1, 1, 1, 1, 1, 3, 3, 1, 1, 1, 3, 3, 0, 3, 1, 2, 1, 0, 0, 1, 1, 1, 0, 3, 0, 0, 2, 1, 1, 2, 0, 3, 0, 3, 1, 3, 3, 0, 1, 1, 3, 3, 1, 0, 1, 0, 1, 1, 1, 1, 1, 1, 3, 1, 3, 1, 3, 3, 1, 1, 1, 0, 1, 3, 1, 1, 1, 0, 0, 2, 0, 0, 1, 3, 3, 3, 0, 2, 3, 0, 1, 3, 0, 3, 0, 1, 0, 0, 0, 1, 0, 3, 1, 0, 3, 1, 3, 0, 0, 3], "confidence_scores": [[0.16542275117346283, 0.4358544673390938, 0.09822394106589223, 0.30049884042155117], [0.26313493333911614, 0.22905865999894023, 0.20068697210707423, 0.3071194345548693], [0.07868027085748595, 0.5706113251110256, 0.1612040635170509, 0.1895043405144374], [0.4127535566893163, 0.30536793172904625, 0.12574531050902876, 0.15613320107260883], [0.3375027431029719, 0.2651102711904311, 0.10055457366003781, 0.29683241204655914], [0.20875009604106434, 0.5147194375545243, 0.0866029773948813, 0.1899274890095299], [0.4572791034430173, 0.24604848145607172, 0.09467968321692052, 0.20199273188399053], [0.21655065934494408, 0.30167288540099185, 0.24212232579383366, 0.23965412946023054], [0.15395904592881082, 0.1677937443689244, 0.336529599740078, 0.34171760996218675], [0.1263876832452115, 0.3081743325799177, 0.09092810487379716, 0.47450987930107386], [0.17464021766231633, 0.3656284731109693, 0.12870031057088863, 0.3310309986558258], [0.30705633750950734, 0.38559103791384713, 0.1317650303901869, 0.1755875941864587], [0.31281150892279896, 0.20994073740433175, 0.08905471721914322, 0.3881930364537261], [0.48738919037654715, 0.12703850334847702, 0.24248726226182812, 0.14308504401314795], [0.15427987454998615, 0.5462006663936058, 0.08317932368747814, 0.2163401353689301], [0.1216560298783363, 0.37099554984171085, 0.15384754791765376, 0.35350087236229916], [0.2751144068287849, 0.2624796703821899, 0.22357246809208392, 0.23883345469694126], [0.17976723405690426, 0.4425680713442384, 0.13537189582224252, 0.24229279877661483], [0.29740137902784486, 0.37983474666149053, 0.11286652902563982, 0.20989734528502485], [0.4959355187190064, 0.14736702238706387, 0.16840798550073163, 0.18828947339319813], [0.1865432063450184, 0.35976001224149035, 0.23741350044219045, 0.21628328097130087], [0.36679767213938186, 0.39145231001801073, 0.12260139733300383, 0.1191486205096037], [0.14217579307550932, 0.28163825343652027, 0.33265186537431607, 0.2435340881136546], [0.11454100974682871, 0.2060272537347545, 0.04595186952135906, 0.6334798669970577], [0.49280757116430224, 0.21453009408564813, 0.09066015065724628, 0.20200218409280343], [0.17705639164335593, 0.24363573581260248, 0.3568358939012736, 0.222471978642768], [0.1826914932311748, 0.4761058083421883, 0.11387960503343973, 0.22732309339319715], [0.12525483395818432, 0.5860048274814514, 0.07354394197582274, 0.2151963965845413], [0.1644158555281193, 0.35697129237283187, 0.33363051881860584, 0.14498233328044316], [0.3114234471577104, 0.35204920869270345, 0.1270842139532664, 0.20944313019631977], [0.5474304304385923, 0.10844193488183541, 0.08093281399888438, 0.26319482068068784], [0.14151554798013818, 0.5532111111009466, 0.0913387305193637, 0.21393461039955156], [0.5384032469753718, 0.23002493336435467, 0.08275099563032687, 0.14882082402994665], [0.28993045081669555, 0.3713787995655301, 0.07834656687545519, 0.26034418274231924], [0.16659454390388223, 0.2625011179659641, 0.1756679595410503, 0.39523637858910343], [0.10828440610444953, 0.3660010899424787, 0.10453842212667541, 0.4211760818263963], [0.39630302040002513, 0.2634720829486794, 0.0686169520036149, 0.27160794464768057], [0.14539063724257098, 0.3085892195376062, 0.14536286984038405, 0.40065727337943874], [0.09112939424669193, 0.27152247076959424, 0.2286750915009673, 0.4086730434827467], [0.21154838306118026, 0.4694997477565536, 0.12511089258085709, 0.19384097660140903], [0.26427757700049803, 0.2339346077873091, 0.1660404156832523, 0.33574739952894067], [0.09747275023367635, 0.21328124888725417, 0.09503493216350455, 0.594211068715565], [0.21018383169520494, 0.40293694531944085, 0.15465311164270923, 0.23222611134264504], [0.30783212376026925, 0.42518353552401217, 0.13072374929648248, 0.13626059141923608], [0.10056517951590582, 0.49106295661842236, 0.09953208047883513, 0.3088397833868367], [0.16148054033844408, 0.5653806890737053, 0.10702921219609625, 0.16610955839175437], [0.24252394583619244, 0.3796819043935812, 0.12777743040162998, 0.2500167193685965], [0.12111341689471165, 0.24948895506001884, 0.3063488692116983, 0.3230487588335714], [0.06948664080871358, 0.25877988120669915, 0.0670980555612242, 0.604635422423363], [0.22202845395844006, 0.409886371399463, 0.07452805675110562, 0.29355711789099137], [0.15117111493801982, 0.6069981961197848, 0.09049533242922257, 0.15133535651297284], [0.16708016180543414, 0.379918546629707, 0.1267603963364729, 0.3262408952283861], [0.14914953946921178, 0.267535956151454, 0.24093578587054715, 0.34237871850878704], [0.21096367381306358, 0.261572849532716, 0.16508747578388128, 0.36237600087033917], [0.2961468594563272, 0.2058077265706616, 0.22026892486375815, 0.2777764891092533], [0.2350739766380699, 0.2381485245392814, 0.12886345970938448, 0.3979140391132642], [0.21372356999916692, 0.4667347856253285, 0.13583658479342992, 0.18370505958207456], [0.1788050819671095, 0.1583989407391273, 0.4179046511483369, 0.2448913261454263], [0.13662655716044467, 0.40930717157776586, 0.11147179331074636, 0.3425944779510432], [0.5424515723213107, 0.1391276899326489, 0.1017909819625754, 0.21662975578346494], [0.3977568776690135, 0.1832256589360357, 0.08127883230013909, 0.3377386310948118], [0.2361540307470638, 0.4154851169033202, 0.1133389029544782, 0.23502194939513782], [0.30333545370254983, 0.35183656013250175, 0.11564644364660612, 0.22918154251834233], [0.14789869890895505, 0.5377611518748157, 0.20491900067154353, 0.10942114854468593], [0.5078715075614906, 0.3111305969474085, 0.06766057252917668, 0.11333732296192411], [0.17960575609923923, 0.3169692841632207, 0.1320265064447224, 0.37139845329281773], [0.346460556473983, 0.19262630399489303, 0.12665370210215451, 0.3342594374289694], [0.5184867263652272, 0.2013983373675613, 0.11674328855975068, 0.1633716477074609], [0.304469990297945, 0.18642037592566654, 0.3433146264967742, 0.16579500727961421], [0.29509527191699564, 0.31542318608388337, 0.12134230773997505, 0.26813923425914593], [0.14702287345719794, 0.719879061620395, 0.03791343936240592, 0.09518462556000121], [0.16474074426807359, 0.28266636769375514, 0.2970740558621353, 0.255518832176036], [0.3989568817629913, 0.3005272816903562, 0.1649163408128702, 0.13559949573378213], [0.25420737411365163, 0.24222222297115245, 0.15305411086813478, 0.3505162920470612], [0.31403155594772875, 0.23595524700423662, 0.20797588295274488, 0.24203731409528978], [0.3416993506152108, 0.19625941550441114, 0.11158411966841503, 0.350457114211963], [0.14763463826351178, 0.5692418799678938, 0.12114180566780623, 0.1619816761007883], [0.27145364270910227, 0.281848649720244, 0.10886459107834713, 0.33783311649230663], [0.19353645249273546, 0.1687217062824521, 0.3177955298813136, 0.3199463113434988], [0.43955328722540565, 0.21876361932030428, 0.09704966756507195, 0.24463342588921808], [0.16212103912061024, 0.665684561217509, 0.08548758774816467, 0.08670681191371615], [0.2818366238445381, 0.34155061289923194, 0.10050248457909511, 0.27611027867713495], [0.16468185659795012, 0.354334910401942, 0.09604464577409358, 0.3849385872260143], [0.12333517403872168, 0.1287388579253722, 0.1832100193796795, 0.5647159486562267], [0.15074692848603133, 0.5451504041591007, 0.1284609554674638, 0.17564171188740427], [0.4999662005267433, 0.22832056634961742, 0.18333088549065057, 0.08838234763298868], [0.23958572532641706, 0.5025262754085136, 0.09464092524353505, 0.16324707402153435], [0.38198192519269636, 0.1491156143032125, 0.11541678632965767, 0.35348567417443366], [0.33574661191731436, 0.49964081628644136, 0.05448952863553823, 0.11012304316070619], [0.09955765863517818, 0.44175408171359953, 0.08895547197364868, 0.3697327876775735], [0.15231407830557445, 0.5203143894355376, 0.1024452373572675, 0.22492629490162033], [0.2512928131086029, 0.36586946938177334, 0.226405562280256, 0.15643215522936793], [0.11380920159240879, 0.3832838704731327, 0.35752970017607977, 0.1453772277583788], [0.18547581832645788, 0.3734250864208765, 0.12315713740019675, 0.31794195785246915], [0.20573919208908092, 0.1966182666974468, 0.13348789361118543, 0.46415464760228686], [0.18476122166202125, 0.5129827023251382, 0.13903163239331065, 0.16322444361952987], [0.12934201265401216, 0.18410107457067038, 0.11656414571845383, 0.5699927670568636], [0.22808754091280584, 0.619256322337097, 0.07939944612635683, 0.07325669062374016], [0.20694171623575874, 0.25144821077207175, 0.08212201525029246, 0.4594880577418772], [0.25248025560928616, 0.20028686949837843, 0.21984222747936039, 0.327390647412975], [0.12230761226682978, 0.4568137214721532, 0.13403691600158857, 0.28684175025942854], [0.07985510203870631, 0.4609478827073003, 0.07265509686451958, 0.38654191838947377], [0.2057221580238796, 0.4749140476763295, 0.2051865968986078, 0.11417719740118307], [0.4508016449870149, 0.19982633074515135, 0.16295711963465637, 0.18641490463317734], [0.24097571102175105, 0.39674207725232635, 0.18591998932371884, 0.17636222240220392], [0.07087064704043881, 0.0957428614738682, 0.04383431027788928, 0.7895521812078036], [0.24235742390811293, 0.42432055093538784, 0.15855570052627058, 0.17476632463022873], [0.19912455846690214, 0.41874524384849593, 0.16864197069381187, 0.21348822699079018], [0.25549378690093105, 0.36922266006900495, 0.08925845223570303, 0.28602510079436116], [0.32337423985886715, 0.29364216521456477, 0.10094362398948384, 0.2820399709370843], [0.4383998156152078, 0.2351810857391059, 0.08322738024495255, 0.2431917184007337], [0.27269110356493165, 0.17620379734476216, 0.3947865914755524, 0.1563185076147539], [0.3371748497290726, 0.23034736397210828, 0.1458711352160482, 0.286606651082771], [0.5225913352334219, 0.19164218235008118, 0.11429996331911874, 0.17146651909737806], [0.14780211422801606, 0.35735257011279853, 0.24718077141648834, 0.24766454424269713], [0.26567229973921486, 0.21794776198935675, 0.20047378190752768, 0.31590615636390074], [0.18788907941671848, 0.25187897976119605, 0.1365722960023576, 0.42365964481972784], [0.13931929087816533, 0.28111935236468444, 0.09913171396341908, 0.4804296427937311], [0.3356982659440616, 0.3111302159507555, 0.14464047152351486, 0.20853104658166807], [0.09135141184105607, 0.2303636972565562, 0.42570192300702775, 0.2525829678953601], [0.20549389539035293, 0.23235307935425245, 0.20545819635479007, 0.3566948289006048], [0.5571444711318344, 0.14608064035510837, 0.1865587344368121, 0.11021615407624523], [0.1379257012661658, 0.3791667201082172, 0.26698488062287434, 0.21592269800274277], [0.20386438433270063, 0.2614118163752479, 0.22805169138144407, 0.3066721079106074], [0.3988457244393284, 0.23329353418545898, 0.11530699819518898, 0.25255374318002366], [0.1424328354274292, 0.15137322874121564, 0.3243246138865331, 0.3818693219448222], [0.6428925564006813, 0.08522472827442666, 0.15437463154694983, 0.11750808377794215], [0.24325694446578303, 0.503095951508692, 0.15021790557893633, 0.1034291984465886], [0.3537884332629151, 0.2783966170504312, 0.1706802860692527, 0.19713466361740126], [0.4880620649292778, 0.16205864356390068, 0.09951497785605289, 0.2503643136507686], [0.44932934042116235, 0.14016220187508918, 0.16117313753681342, 0.249335320166935], [0.2401454935070435, 0.3480583779702552, 0.182312016558486, 0.22948411196421536], [0.3422320395729913, 0.3035714705255439, 0.1158120658450441, 0.23838442405642063], [0.13543353310789716, 0.21828846862351822, 0.09071808960999679, 0.5555599086585878], [0.37252672284725546, 0.4250318684072234, 0.05543770057973428, 0.14700370816578687], [0.5765348905236313, 0.16198311321386577, 0.07395835422942612, 0.1875236420330769], [0.10186543415492606, 0.3577916849044965, 0.17765943660178368, 0.36268344433879374], [0.13142392271525324, 0.3087105656894543, 0.25594429506800614, 0.30392121652728643], [0.21035293014069037, 0.22442388232849655, 0.0785254089882996, 0.48669777854251345], [0.46895029493502305, 0.19627838159521552, 0.16014812777088902, 0.1746231956988723], [0.3850590735330508, 0.20031150224937744, 0.22049375842475985, 0.19413566579281222], [0.2857221472200904, 0.2431582057825578, 0.10230505042244079, 0.3688145965749112]]}}