{"test": {"ids": ["102112301", "100109000", "101108950", "106114880", "112119320", "103111930", "98108970", "113120531", "102109850", "102114270", "109114651", "109117110", "112120540", "113122170", "98106560", "102110500", "104116980", "109115380", "99111440", "104116441", "98111860", "109115220", "113120591", "112118820", "101121640", "98116940", "99119830", "112118860", "110114920", "104112201", "105121370", "101114990", "113121220", "97106591", "112116290", "107113200", "99108520", "112118890", "99105921", "113119700", "113118511", "109114220", "99109161", "97113260", "104113550", "107116980", "98109311", "102107961", "106116370", "99114890", "104113380", "97116410", "113121950", "108115870", "102109910", "104114320", "97116800", "112117780", "101108500", "110120531", "106113830", "107113170", "112121010", "101112690", "97107920", "113119950", "98107410", "100110260", "113122160", "104111830", "101108370", "109117080", "108117451", "110114610", "110117110", "110114720", "106121220", "113120780", "102110240", "107118120", "98106111", "105113440", "97107681", "99107950", "98106880", "109113881", "102110890", "113120070", "102118380", "97106000", "100109910", "110115710", "99109740", "97109570", "110117140", "113119120", "111119340", "113117340", "110118301", "99107660", "113120640", "113118421", "106115240", "104111620", "106118820", "112118701", "108120621", "108118630", "102110690", "101111990", "103111480", "110118450", "113119930", "108113620", "112117210", "111115770", "113118111", "110118810", "110120640", "103109021", "105117200", "99112300", "104113000", "112121030", "103111990", "106120640", "111116090", "112116501", "113120280", "111118301", "108118520", "111120540", "105112240", "108119330", "113119450", "111115620", "101119591", "107116300", "113121190", "98109090", "105115720", "111119950"], "labels": [1, 1, 2, 0, 1, 3, 3, 0, 1, 3, 3, 1, 3, 1, 1, 3, 1, 3, 3, 1, 0, 3, 0, 0, 2, 2, 1, 3, 3, 0, 2, 3, 3, 1, 0, 0, 2, 3, 1, 0, 1, 3, 3, 1, 1, 3, 1, 3, 2, 2, 1, 3, 3, 3, 2, 2, 0, 0, 3, 0, 1, 0, 2, 1, 0, 0, 3, 3, 3, 3, 1, 1, 2, 1, 0, 3, 1, 0, 3, 3, 0, 0, 3, 1, 0, 0, 0, 2, 1, 0, 2, 2, 3, 0, 3, 3, 3, 2, 1, 3, 0, 3, 1, 0, 3, 0, 1, 1, 0, 2, 0, 0, 1, 3, 1, 3, 1, 1, 0, 0, 3, 0, 1, 0, 2, 3, 3, 3, 0, 3, 0, 1, 1, 0, 3, 1, 0, 0, 1, 1, 1, 0], "predicted_labels": [1, 2, 2, 0, 2, 1, 1, 1, 2, 1, 0, 0, 3, 1, 3, 3, 2, 1, 0, 1, 2, 3, 0, 0, 3, 1, 1, 3, 1, 0, 3, 1, 3, 2, 0, 0, 2, 3, 0, 1, 1, 1, 0, 2, 0, 0, 2, 0, 3, 2, 2, 3, 1, 3, 0, 0, 0, 3, 1, 3, 3, 1, 1, 1, 0, 0, 3, 0, 1, 3, 0, 1, 0, 1, 2, 2, 0, 1, 1, 1, 1, 2, 2, 2, 2, 1, 2, 2, 1, 3, 2, 1, 2, 1, 1, 0, 3, 1, 1, 2, 1, 0, 0, 0, 3, 3, 1, 3, 3, 3, 0, 2, 0, 1, 1, 3, 3, 0, 1, 3, 3, 2, 3, 0, 1, 1, 0, 3, 0, 3, 1, 1, 0, 1, 0, 1, 0, 1, 1, 2, 1, 3], "confidence_scores": [[0.20425350853043184, 0.2797383468044303, 0.28943429143910526, 0.22657385322603243], [0.2014480184352207, 0.24742798620390055, 0.31962443188167866, 0.2314995634792003], [0.16312144533533998, 0.27747110147037457, 0.35732892830732393, 0.2020785248869612], [0.26268351608555407, 0.24384517333556244, 0.30956335492754083, 0.18390795565134274], [0.07672366201906797, 0.29902575664272163, 0.4675333653251046, 0.15671721601310568], [0.24425919653873018, 0.35463430771685955, 0.2047068906548506, 0.19639960508955973], [0.1554797199558242, 0.381953394413076, 0.24528258336761807, 0.21728430226348155], [0.28543896960921106, 0.3035901490230938, 0.10391013338703768, 0.30706074798065774], [0.09786002751366954, 0.273650582361132, 0.45995236653113414, 0.16853702359406433], [0.24056164676976732, 0.36361368346162015, 0.11337387507865007, 0.2824507946899623], [0.3465353789564038, 0.2339984414942937, 0.05612822019317905, 0.36333795935612356], [0.27567298218147945, 0.2735951560408606, 0.16844209220662765, 0.2822897695710327], [0.27435742409197195, 0.305441884151606, 0.1050851550964987, 0.315115536659923], [0.2156955129824551, 0.32145644563480474, 0.18465370080786023, 0.27819434057487985], [0.279888659510753, 0.2644320868434671, 0.15592894584817568, 0.29975030779760437], [0.29233742180165184, 0.23705783753856366, 0.1643118934933697, 0.3062928471664148], [0.103587597814906, 0.28964998698606353, 0.43455483352794644, 0.17220758167108363], [0.16713401525503285, 0.30941723751185374, 0.2804691704026403, 0.24297957683047303], [0.27006332841658703, 0.2736588007594957, 0.16577051867559053, 0.29050735214832646], [0.28472835801827046, 0.33889478566339104, 0.049924412267179134, 0.3264524440511595], [0.09240539324693751, 0.2717763690734301, 0.498086503489078, 0.13773173419055448], [0.27176020040896215, 0.31304279901675935, 0.0973895197807416, 0.3178074807935369], [0.3166326677988557, 0.2845469960615309, 0.05309513168093505, 0.3457252044586785], [0.3024244611938804, 0.28896692098456156, 0.07931974291608344, 0.3292888749054747], [0.19797402013648382, 0.3167309052816365, 0.19746153285622536, 0.2878335417256542], [0.21081978520929315, 0.3465180488330031, 0.23923690695090805, 0.2034252590067956], [0.13535164270293706, 0.33425854164258895, 0.2885252300617683, 0.24186458559270554], [0.25690439860094605, 0.27569429312143884, 0.17752092320301543, 0.28988038507459973], [0.2674970047243229, 0.33206834062739615, 0.08403751420062307, 0.31639714044765815], [0.31205733362715415, 0.2821946507941206, 0.08757352720595082, 0.3181744883727745], [0.185236109280645, 0.2694284526048629, 0.2450099273956036, 0.3003255107188884], [0.1740253222498004, 0.3440314921254325, 0.20821276156587035, 0.27373042405889697], [0.2703121033078907, 0.27566529474832085, 0.12792224599543026, 0.3261003559483582], [0.11377471097046665, 0.2890720823365037, 0.3986163722537848, 0.1985368344392448], [0.2848509888376351, 0.3137252466286823, 0.11647204229626759, 0.2849517222374148], [0.3259442250032747, 0.23382432355356358, 0.124269731062897, 0.3159617203802649], [0.08924821001328764, 0.2691307281390231, 0.5176363641486748, 0.12398469769901475], [0.301893759543865, 0.30177316631539924, 0.05871761652339857, 0.3376154576173371], [0.27012258126739325, 0.24330479248517822, 0.2557918102456849, 0.23078081600174363], [0.199100016788355, 0.3521965416647051, 0.22139921513780753, 0.22730422640913236], [0.2428964531807486, 0.29591502122926644, 0.18041191376312352, 0.28077661182686153], [0.22224936776841733, 0.2801711112995827, 0.22846761914528196, 0.269111901786718], [0.28826283352658605, 0.2794194802676541, 0.17199452991480743, 0.2603231562909525], [0.1802325117752259, 0.2072452568000933, 0.3553589400409205, 0.2571632913837604], [0.30419619550405247, 0.22134110970663162, 0.18800423376033526, 0.28645846102898054], [0.31670253393159814, 0.28771960020629544, 0.13286029301582933, 0.2627175728462767], [0.19118254605087245, 0.21358663700863426, 0.4163136051025316, 0.178917211837962], [0.2746645706906467, 0.29201424160583306, 0.1913925677929289, 0.2419286199105916], [0.2969970207394039, 0.25566117061823934, 0.12735489542898357, 0.3199869132133729], [0.10363826338971809, 0.3240822015034218, 0.4051228967294242, 0.16715663837743563], [0.15307549123798866, 0.26351568121657915, 0.37339101161245525, 0.21001781593297691], [0.18953198061368634, 0.26485020940294707, 0.2684569944578427, 0.2771608155255239], [0.16766897199218508, 0.2912559591871851, 0.28304194331043314, 0.2580331255101965], [0.2877816552408856, 0.270492486472644, 0.12416763071972, 0.31755822756675045], [0.3073153264758751, 0.25991126503567163, 0.12133875342039938, 0.31143465506805385], [0.27247717624139167, 0.2806608679448366, 0.2169906163882106, 0.2298713394255611], [0.3141059423114806, 0.23548705851168594, 0.1957332245967009, 0.2546737745801325], [0.3030169794506718, 0.28179725952324003, 0.09294728372036978, 0.3222384773057183], [0.21152681869099207, 0.33084025094710395, 0.16930085853575175, 0.2883320718261519], [0.2964485236524734, 0.29273164595084283, 0.08556592010940031, 0.3252539102872837], [0.2775812000814901, 0.26989885322218665, 0.1519227547214531, 0.3005971919748697], [0.2792827317646347, 0.3070794800853038, 0.11201288674957932, 0.30162490140048204], [0.24569818598249868, 0.32309627857468126, 0.16635752830355655, 0.26484800713926376], [0.15615853464130078, 0.3188924702393195, 0.3052622580521511, 0.2196867370672287], [0.336748632820965, 0.22592921569570823, 0.09958845041886313, 0.33773370106446376], [0.31898506156629813, 0.285831469375694, 0.06221145944845787, 0.33297200960954987], [0.25601100419506, 0.22108944786628337, 0.25834149981875254, 0.26455804811990363], [0.32844940220947544, 0.2326288633523139, 0.12542564232302333, 0.31349609211518725], [0.1207541550319369, 0.36193668982561633, 0.3027265979383959, 0.214582557204051], [0.15601410046392547, 0.3413014611631695, 0.18996110036837446, 0.3127233380045306], [0.3295818369560369, 0.2577704589475922, 0.1139127210983044, 0.2987349829980662], [0.1654689062642733, 0.41486340468143723, 0.172714392755792, 0.24695329629849758], [0.37977754231731886, 0.19533548117130475, 0.041771550549299784, 0.38311542596207676], [0.17517449855090286, 0.3123169711024019, 0.3193348494717288, 0.19317368087496659], [0.15203313609898084, 0.2996593235797718, 0.353867825832316, 0.19443971448893127], [0.12585911367246794, 0.20921961659003352, 0.5070706849560969, 0.15785058478140207], [0.2969141511010819, 0.28246028887284497, 0.11062955213655497, 0.30999600788951825], [0.24862459330219955, 0.31942028253136556, 0.1384099450143025, 0.2935451791521324], [0.20938964106915575, 0.27656490896343416, 0.26648178694751834, 0.2475636630198921], [0.24823729827133703, 0.32980005298470866, 0.113725493348729, 0.3082371553952257], [0.17045679781477216, 0.2863353316363746, 0.3105836723320131, 0.23262419821683963], [0.21449234384563673, 0.26266136346928415, 0.2907237554811835, 0.23212253720389556], [0.12207809734067829, 0.1822557935782898, 0.4693093855125774, 0.2263567235684544], [0.06989676025095685, 0.3057771585178315, 0.46482590621435044, 0.15950017501686148], [0.11284502065914424, 0.21130948549957673, 0.47763586781991824, 0.19820962602136058], [0.23213015273099866, 0.31028356021382725, 0.17327410007316038, 0.2843121869820139], [0.24986757375879842, 0.19514508627829272, 0.2889380494584828, 0.266049290504426], [0.1352140066233986, 0.20079675213185053, 0.45874812932723263, 0.20524111191751826], [0.14199957444375316, 0.33282315168859067, 0.29868888157123885, 0.2264883922964175], [0.1551038583335231, 0.28510321599813016, 0.25482835500061174, 0.304964570667735], [0.19319070479040296, 0.20109014217647356, 0.4456087628890987, 0.16011039014402514], [0.18284792098899, 0.3042821803552174, 0.25445870961023487, 0.2584111890455573], [0.12282346536592985, 0.3023035530548601, 0.3985691961709451, 0.17630378540826513], [0.2207799750388724, 0.2923667951871449, 0.22337135882408776, 0.26348187094989495], [0.21820695035783857, 0.3262790694472977, 0.15762979865768248, 0.297884181537181], [0.2926403170349218, 0.26526128016070066, 0.13205231604195725, 0.31004608676242046], [0.28861611128718273, 0.3107470085599845, 0.07689325946492769, 0.32374362068790524], [0.18152956005758497, 0.3105409737420049, 0.28315306416297253, 0.22477640203743746], [0.259384862713303, 0.3403568403307258, 0.10320418859845522, 0.29705410835751606], [0.1963726420408441, 0.25209026964144066, 0.3061003515756917, 0.24543673674202368], [0.2789008186228564, 0.2943958417307344, 0.12388749712499725, 0.3028158425214121], [0.3339561682580851, 0.2791748300162516, 0.03446411075443967, 0.352404890971224], [0.29695259612346847, 0.26906632473288683, 0.14897339410437332, 0.28500768503927143], [0.3062317633906206, 0.26917699032072095, 0.11038269271575915, 0.3142085535728994], [0.255611894235441, 0.3379949720381151, 0.08519072676070881, 0.3212024069657351], [0.25076817030323173, 0.3158262087973532, 0.10766990803152755, 0.32573571286788744], [0.27292343483772685, 0.33750941232167003, 0.09878343859749122, 0.29078371424311183], [0.21050768400866912, 0.3534490521847204, 0.10574727047479075, 0.3302959933318199], [0.3114017732183917, 0.2937235551120362, 0.06296850489819747, 0.3319061667713745], [0.22779379722402435, 0.26847185776121574, 0.21310418126992967, 0.2906301637448301], [0.2982276059545194, 0.2522202557831201, 0.15399649961813303, 0.29555563864422746], [0.10672401607353299, 0.31987511560922005, 0.4004156254354529, 0.17298524288179398], [0.3226910799965835, 0.24763731310706213, 0.10853160560004878, 0.32114000129630565], [0.26255966912717166, 0.29870876636593374, 0.14545933788693424, 0.2932722266199602], [0.14707394658829093, 0.3207200662199412, 0.3427489811537202, 0.18945700603804796], [0.2652911651974621, 0.27019122817153995, 0.175451944529103, 0.28906566210189494], [0.2917717826087978, 0.28935597068407126, 0.0870829681179806, 0.3317892785891506], [0.2978313018255927, 0.2806627049513511, 0.13189397533678124, 0.2896120178862753], [0.1492374107333039, 0.3226893327986992, 0.29678933853722633, 0.23128391793077063], [0.3236241612075084, 0.2664953691032661, 0.06868155034738484, 0.3411989193418409], [0.22916236004476354, 0.27028158605924907, 0.21239188556694893, 0.28816416832903835], [0.14422210346095918, 0.2878906756568488, 0.35494051625073986, 0.2129467046314518], [0.345672221006347, 0.1974516272912779, 0.11319967849569919, 0.34367647320667577], [0.3432277748302794, 0.24463867200662964, 0.07503742077081722, 0.3370961323922733], [0.26300728350232405, 0.33720267527586295, 0.14018321902012118, 0.25960682220169184], [0.14558568696189322, 0.36403251112746265, 0.2690840638028996, 0.22129773810774475], [0.31743054638810847, 0.2769237418192307, 0.07849182443112579, 0.32715388736153495], [0.2987992662064672, 0.2768891770519715, 0.08576265915406481, 0.3385488975874967], [0.3343886882981248, 0.25774543651750964, 0.05552064733020695, 0.3523452278541586], [0.2548690636869827, 0.2720108444212349, 0.20744232239555624, 0.26567776949622623], [0.23064318072739495, 0.3282787642460167, 0.17775942628759023, 0.2633186287389977], [0.15486303224605943, 0.338314741722965, 0.25279202185906297, 0.25403020417191274], [0.2785788583423016, 0.28459202114093857, 0.1882649022198122, 0.24856421829694753], [0.2642115290942875, 0.2889326343443712, 0.16392291692155236, 0.2829329196397889], [0.3308624729722983, 0.2448985920609339, 0.09159259164344793, 0.33264634332331966], [0.22262672347388615, 0.32374884804757653, 0.1986493795988464, 0.25497504887969086], [0.3247504185340743, 0.24620041330318151, 0.0978178754031653, 0.33123129275957885], [0.24198465996933594, 0.27589375020516815, 0.23873362238519036, 0.24338796744030536], [0.27827753766005636, 0.3131635321659448, 0.10100655365072665, 0.30755237652327233], [0.14942222587753287, 0.21523087042665662, 0.4430165852658765, 0.19233031842993414], [0.18280428005611118, 0.35860538341114523, 0.18007776112975019, 0.27851257540299357], [0.23046995332101108, 0.3017397270665424, 0.1584010539932587, 0.3093892656191877]]}, "rewritten": {"ids": ["97106000", "97106591", "97107681", "97107920", "97109570", "97113260", "97116410", "97116800", "98106111", "98106560", "98106880", "98107410", "98108970", "98109090", "98109311", "98111860", "98116940", "99105921", "99107660", "99107950", "99108520", "99109161", "99109740", "99111440", "99112300", "99114890", "99119830", "100109000", "100109910", "100110260", "101108370", "101108500", "101108950", "101111990", "101112690", "101114990", "101119591", "101121640", "102107961", "102109850", "102109910", "102110240", "102110500", "102110690", "102110890", "102112301", "102114270", "102118380", "103109021", "103111480", "103111930", "103111990", "104111620", "104111830", "104112201", "104113000", "104113380", "104113550", "104114320", "104116441", "104116980", "105112240", "105113440", "105115720", "105117200", "105121370", "106113830", "106114880", "106115240", "106116370", "106118820", "106120640", "106121220", "107113170", "107113200", "107116300", "107116980", "107118120", "108113620", "108115870", "108117451", "108118520", "108118630", "108119330", "108120621", "109113881", "109114220", "109114651", "109115220", "109115380", "109117080", "109117110", "110114610", "110114720", "110114920", "110115710", "110117110", "110117140", "110118301", "110118450", "110118810", "110120531", "110120640", "111115620", "111115770", "111116090", "111118301", "111119340", "111119950", "111120540", "112116290", "112116501", "112117210", "112117780", "112118701", "112118820", "112118860", "112118890", "112119320", "112120540", "112121010", "112121030", "113117340", "113118111", "113118421", "113118511", "113119120", "113119450", "113119700", "113119930", "113119950", "113120070", "113120280", "113120531", "113120591", "113120640", "113120780", "113121190", "113121220", "113121950", "113122160", "113122170"], "labels": [0, 1, 3, 0, 0, 1, 3, 0, 0, 1, 0, 3, 3, 1, 1, 0, 2, 1, 3, 1, 2, 3, 3, 3, 0, 2, 1, 1, 2, 3, 1, 3, 2, 2, 1, 3, 0, 2, 3, 1, 2, 3, 3, 0, 0, 1, 3, 1, 0, 0, 3, 2, 0, 3, 0, 1, 1, 1, 2, 1, 1, 1, 0, 1, 3, 2, 1, 0, 1, 2, 3, 3, 1, 0, 0, 0, 3, 3, 3, 3, 2, 0, 1, 0, 1, 0, 3, 3, 3, 3, 1, 1, 1, 3, 3, 2, 0, 3, 1, 0, 1, 0, 0, 1, 3, 3, 3, 3, 0, 1, 0, 3, 1, 0, 0, 0, 3, 3, 1, 3, 2, 0, 2, 1, 3, 1, 3, 3, 0, 1, 0, 2, 0, 0, 0, 0, 0, 1, 3, 3, 3, 1], "predicted_labels": [3, 1, 2, 3, 1, 3, 3, 0, 1, 3, 2, 3, 1, 2, 2, 2, 1, 0, 2, 2, 2, 0, 2, 0, 1, 1, 1, 1, 2, 0, 0, 1, 1, 0, 1, 1, 0, 3, 1, 1, 0, 0, 3, 3, 0, 1, 1, 1, 3, 0, 1, 1, 3, 3, 0, 0, 2, 3, 1, 1, 2, 1, 2, 1, 3, 3, 3, 0, 0, 3, 1, 1, 0, 3, 0, 1, 0, 3, 3, 3, 0, 1, 3, 1, 1, 3, 1, 0, 1, 2, 1, 0, 1, 2, 3, 1, 2, 1, 1, 2, 3, 3, 1, 3, 0, 0, 1, 3, 3, 1, 0, 3, 1, 3, 3, 3, 3, 0, 2, 3, 1, 0, 1, 3, 3, 0, 3, 0, 1, 0, 0, 2, 0, 0, 3, 1, 1, 0, 3, 2, 1, 1], "confidence_scores": [[0.21399675384861458, 0.27346956251064597, 0.20188491220109875, 0.3106487714396406], [0.19119064557456203, 0.2735412101460647, 0.2829091353776075, 0.25235900890176544], [0.1458865126312724, 0.23143618774141594, 0.37686081672802746, 0.24581648289928415], [0.32863748223570743, 0.2355366760199188, 0.09983274506009933, 0.33599309668427463], [0.2533006717727005, 0.30754650358853436, 0.14278701109928696, 0.2963658135394779], [0.2070427220286528, 0.20489451457215846, 0.317761615706156, 0.2703011476930326], [0.22741547602848175, 0.26881652997805766, 0.21549815515246099, 0.2882698388409997], [0.3142485499784537, 0.27411798955911004, 0.10544611009620067, 0.30618735036623557], [0.2237316156066374, 0.29417731747364095, 0.2239498418430124, 0.25814122507670934], [0.2924691593114755, 0.2731978783239179, 0.1326352379768608, 0.30169772438774567], [0.150295384004819, 0.24509924336519368, 0.3873792860697296, 0.2172260865602575], [0.27488455601840495, 0.23224552829798062, 0.220779004548017, 0.27209091113559747], [0.18753085836354327, 0.3643269095335528, 0.22117011663774047, 0.22697211546516388], [0.16276782222578123, 0.2435966263661803, 0.3865587301045049, 0.20707682130353358], [0.2422120682034475, 0.2281165307591486, 0.3116462236074103, 0.21802517742999356], [0.12725772962186038, 0.29092757329009805, 0.42855275324590014, 0.15326194384214145], [0.22704601248509446, 0.34556425428162574, 0.17425870115936673, 0.25313103207391296], [0.28264885546659124, 0.2817801546441874, 0.17397256543679307, 0.2615984244524281], [0.18259953886308636, 0.265828224939089, 0.3026964075607028, 0.24887582863712193], [0.09703719987367082, 0.3232214459073061, 0.3905688528352044, 0.1891725013838189], [0.13196780907707217, 0.26643496026321617, 0.453064041760387, 0.14853318889932435], [0.28583514603829774, 0.2889887829735119, 0.14774429948768145, 0.27743177150050913], [0.1403734689803021, 0.2721579387946561, 0.39816171521330135, 0.18930687701174032], [0.29863364651220803, 0.27254737161037607, 0.15285589651093848, 0.2759630853664774], [0.195541892342027, 0.2933859117578018, 0.25602363584046406, 0.25504856005970716], [0.147531797151782, 0.32729958942523496, 0.30969695361290345, 0.2154716598100796], [0.1611479607277494, 0.3283691574617327, 0.26632835719539694, 0.2441545246151209], [0.22586412720610688, 0.28121660155157646, 0.23381585121627255, 0.2591034200260441], [0.24247449170858199, 0.2206755185213148, 0.34292341439458934, 0.19392657537551367], [0.32416293016982356, 0.23862300800446734, 0.11881956979505447, 0.31839449203065456], [0.3283550965405106, 0.2699202775266482, 0.08657163042963656, 0.31515299550320475], [0.21646173035154553, 0.33330159924098235, 0.16416622861469635, 0.28607044179277563], [0.21454213354468354, 0.2733277657787332, 0.2880049109859584, 0.22412518969062512], [0.2732661542263963, 0.28463035816588755, 0.13892797319609804, 0.3031755144116182], [0.2023705491584505, 0.32520408428277575, 0.22741242826303606, 0.24501293829573756], [0.158190004362052, 0.36283430003628664, 0.20896365554251653, 0.27001204005914486], [0.33328498422119573, 0.24136980105635805, 0.08377863267317419, 0.34156658204927226], [0.21916878135550358, 0.3146122161969414, 0.17168649082824022, 0.2945325116193146], [0.26704327819361967, 0.3098005254200923, 0.17054734681056946, 0.25260884957571894], [0.12822950889053597, 0.3134681165280297, 0.34088342338104316, 0.21741895120039118], [0.28664726380251754, 0.28823337973981294, 0.12457968758779746, 0.3005396688698722], [0.25362554942213944, 0.2628400766077547, 0.21336897221634035, 0.27016540175376547], [0.30168012951165385, 0.26893278025831, 0.10611162815729452, 0.3232754620727417], [0.3048467703446938, 0.2830395475156485, 0.08859231859655856, 0.32352136354309907], [0.3198860404607399, 0.23408715076297684, 0.1463444563566331, 0.29968235241965024], [0.24703464838999858, 0.28600028968895214, 0.22265131874641195, 0.2443137431746369], [0.26487549744273853, 0.3483567925949863, 0.09088384251989351, 0.2958838674423815], [0.17285741204066635, 0.34762477287309823, 0.2515812370970399, 0.22793657798919537], [0.32292938988815195, 0.2620059004650799, 0.07741335108510837, 0.3376513585616598], [0.28836168892260444, 0.2676657093865689, 0.1659318097981, 0.27804079189272674], [0.25482622130127414, 0.322611154289467, 0.19459664149519987, 0.22796598291405898], [0.27355570762458814, 0.32586213626594207, 0.11195995537715386, 0.28862220073231587], [0.2925291214920736, 0.2896561373012309, 0.10866353683323207, 0.3091512043734633], [0.1981303717896816, 0.31538294446304893, 0.1658469685499615, 0.32063971519730805], [0.31413448971924024, 0.28281668310591584, 0.07957993524768779, 0.3234688919271564], [0.334126327652435, 0.21594327405569747, 0.12182316703701235, 0.3281072312548554], [0.17250041943041175, 0.26916589579682293, 0.34302414197908015, 0.2153095427936853], [0.3126052175681093, 0.21713713995614756, 0.1601860161213691, 0.3100716263543741], [0.24968995707710223, 0.2894067177229381, 0.22528565645746942, 0.23561766874249027], [0.28134889396697343, 0.3316488363443185, 0.0710747692921647, 0.3159275003965433], [0.16679863480314341, 0.2637965531929793, 0.3778169152869088, 0.1915878967169681], [0.2671919385907744, 0.3013844336245646, 0.18770259580162513, 0.243721031983036], [0.2119238667763452, 0.26274331170461085, 0.2973431242738452, 0.22798969724519857], [0.19901109895584077, 0.3553154517989025, 0.16953073727764062, 0.2761427119676164], [0.2573925041608526, 0.2785688535412755, 0.15975891717323132, 0.30427972512464047], [0.18969963723652225, 0.274698373688816, 0.24296799507379246, 0.2926339940008693], [0.24252419877175374, 0.28625836335125576, 0.18774742367925906, 0.28347001419773127], [0.2957519451700253, 0.2875970712852614, 0.12927710038042492, 0.28737388316428847], [0.30414341106999726, 0.2678597969597817, 0.14946251425830778, 0.278534277711913], [0.3109895572184213, 0.2563911803243908, 0.10036426744560104, 0.3322549950115868], [0.26555147265800205, 0.3277884871015711, 0.08744572872092714, 0.3192143115194995], [0.19309734955823246, 0.3729517652154401, 0.18590049711338832, 0.248050388112939], [0.2979704574961727, 0.2705879372439866, 0.11056881268974787, 0.32087279257009277], [0.28334386037000114, 0.30087476145966846, 0.1078787282259057, 0.30790264994442457], [0.32454527884781753, 0.2428920672164849, 0.11523216683749728, 0.31733048709820005], [0.24606157839359924, 0.27678919191342377, 0.21952613913876742, 0.2576230905542093], [0.31499398892372266, 0.297065245325151, 0.11268338294205, 0.275257382809076], [0.304192036009414, 0.2861356227006541, 0.07432358477147137, 0.3353487565184607], [0.2331924352459233, 0.2790672790423192, 0.21466811546728468, 0.27307217024447306], [0.29025151879747185, 0.2735958351349963, 0.1167728731789094, 0.3193797728886226], [0.36101398298001314, 0.22875138142472548, 0.044473456593332475, 0.3657611790019287], [0.2820127181034744, 0.3113775731001601, 0.1233945698745223, 0.2832151389218432], [0.2411887745711594, 0.31846858783663046, 0.11086370905271516, 0.329478928539495], [0.26251270702408314, 0.2988249293745312, 0.15492849541487347, 0.28373386818651236], [0.26986091620817226, 0.3469201481439618, 0.090393397830386, 0.29282553781748005], [0.24993077121846788, 0.2993280460430371, 0.14787500395524347, 0.3028661787832512], [0.24455495553992337, 0.3007185355321007, 0.18809600866949758, 0.2666305002584781], [0.34448701919430164, 0.2436428602901052, 0.04998504963869783, 0.3618850708768953], [0.2568393069103676, 0.3287576156518552, 0.10490566684268685, 0.3094974105950903], [0.13557784816069918, 0.27222977381025093, 0.3900913074295758, 0.202101070599474], [0.20149823850309262, 0.39682811212242963, 0.122817130657386, 0.2788565187170918], [0.30348495017468324, 0.2558712019390139, 0.13455608115625728, 0.30608776673004534], [0.18823186719508636, 0.31816055391548026, 0.29518077060592357, 0.19842680828350975], [0.16492224103583117, 0.23864374060801236, 0.40448620197749746, 0.19194781637865904], [0.2802546813805893, 0.2865404910809301, 0.11768254812720456, 0.3155222794112758], [0.17863380984315913, 0.3279668709648338, 0.22694789985994437, 0.26645141933206284], [0.1670266182446648, 0.2742448279290672, 0.37591172165733744, 0.18281683216893035], [0.23735920220906723, 0.33344473086892285, 0.12433813312602449, 0.3048579337959853], [0.26711831352758364, 0.35356343156324416, 0.07187949141823834, 0.3074387634909338], [0.11497625309596458, 0.31049730945550563, 0.3853977233681478, 0.1891287140803819], [0.30000267964374594, 0.29086979770567484, 0.08758089028540772, 0.3215466323651716], [0.29543222803944647, 0.3025390098588072, 0.07687828263162966, 0.3251504794701166], [0.14403121327236282, 0.30278484447624243, 0.325131701258354, 0.22805224099304067], [0.23146046402655743, 0.2806854357280586, 0.19348169532468087, 0.2943724049207031], [0.2719436830506621, 0.2722761955015355, 0.1782862331146707, 0.2774938883331317], [0.3049220658773456, 0.29913610205701563, 0.07167500233985834, 0.3242668297257807], [0.2602979540139519, 0.2922617551221217, 0.17398587038423788, 0.27345442047968865], [0.29910712179789223, 0.2954440281899655, 0.0776989125570466, 0.3277499374550957], [0.2507761145348086, 0.2894999837953635, 0.148633973339716, 0.3110899283301118], [0.1739965883148062, 0.33694546487794247, 0.22403442602640938, 0.265023520780842], [0.3012402130249545, 0.300912335513796, 0.10889146745545986, 0.2889559840057895], [0.28535527981657044, 0.27776645305299663, 0.10927806097417521, 0.3276002061562576], [0.14994393105316303, 0.3300430133492335, 0.31718075523337197, 0.2028323003642313], [0.30128642415507806, 0.2685428494188998, 0.11354295476119403, 0.31662777166482803], [0.2480937837942338, 0.3115832768550825, 0.12056856875131575, 0.319754370599368], [0.28830391584681786, 0.305849145607978, 0.07773936160981659, 0.3281075769353874], [0.250444562975016, 0.28186527827919233, 0.1787911694385186, 0.2888989893072729], [0.3136441846608056, 0.278778635998522, 0.06460781790604699, 0.34296936143462525], [0.13700302306444775, 0.29532459346354334, 0.3425741547581859, 0.22509822871382312], [0.27221634967024017, 0.3204298899716384, 0.09120759740268483, 0.3161461629554365], [0.20871079559729394, 0.31255909521631675, 0.24045039208275806, 0.2382797171036312], [0.34007958727943893, 0.2508395470313411, 0.06894781360001505, 0.340133052089205], [0.19034333104885326, 0.3206021603183298, 0.24526198103144464, 0.2437925276013721], [0.28733836441844635, 0.3005385048705472, 0.07860015147314495, 0.3335229792378613], [0.3310885524626549, 0.28089276946122516, 0.038239859547363454, 0.349778818528757], [0.27148633475644385, 0.29399481954049905, 0.13407760085103576, 0.30044124485202145], [0.28266142929043, 0.28222846335995183, 0.12785442689186965, 0.3072556804577488], [0.3098582764442713, 0.2628796032622216, 0.12354011966649678, 0.30372200062701027], [0.2251420103083537, 0.32899823505344, 0.1980043054843155, 0.24785544915389074], [0.315217802474128, 0.2491536072725298, 0.12643943997999005, 0.30918915027335225], [0.30765930529796776, 0.29791141849749314, 0.07489405150421043, 0.31953522470032886], [0.18201922991814884, 0.2353937616830392, 0.33511941149639973, 0.2474675969024121], [0.3263203730873594, 0.26786175058218575, 0.05390892297018595, 0.351908953360269], [0.2922903706032137, 0.3060947571551345, 0.08479217483007966, 0.3168226974115721], [0.3139478171453853, 0.277525220146248, 0.06309202741464241, 0.34543493529372443], [0.2546338094716797, 0.292927516029641, 0.1630977709039316, 0.2893409035947473], [0.25021654791179826, 0.3196112629128575, 0.13370224577066753, 0.29646994340467675], [0.29396886391652466, 0.3083896758430808, 0.08697229659720608, 0.31066916364318836], [0.21310314247334675, 0.3082473403149182, 0.17609919383010522, 0.3025503233816299], [0.13805413456762683, 0.2832816311234798, 0.32366620741088237, 0.25499802689801115], [0.1470852507947096, 0.32376447311279677, 0.2903954746593787, 0.23875480143311453], [0.18169869054517, 0.35446489921422997, 0.19895902795397122, 0.264877382286629]]}}