{"test": {"ids": ["97106600", "111116750", "98116500", "103112470", "102112170", "110113931", "99109161", "99109141", "103110760", "110118121", "98109570", "98108970", "111119300", "111119340", "110114920", "107121700", "99109740", "102107961", "99116500", "108116501", "108119510", "103111830", "103113270", "113121980", "103111540", "107113260", "106119990", "113119320", "112118890", "112116540", "97106820", "109121640", "102111990", "112117431", "110120700", "107115250", "104118070", "100111380", "110118161", "104117630", "111120591", "97113900", "109121410", "99107500", "111118910", "100109890", "101111620", "99109780", "112120540", "112118860", "105113480", "102117351", "111119950", "109116170", "105118230", "113122120", "99112641", "113122510", "112116850", "112120670", "98116940", "104109311", "107117010", "111120540", "111117120", "97107920", "97116500", "109114651", "108118810", "106116850", "107120010", "110118740", "112117571", "105121370", "106121190", "113122180", "105115720", "100108520", "103112641", "105115380", "100108580", "104110960", "113118490", "113121190", "110118930", "107113550", "105117200", "106117770", "109118820", "100109311", "109116441", "113122220", "113119480", "109117080", "98116090", "104111550", "100115700", "113120751", "113122230", "100109000", "108118520", "113119360", "105113260", "99105921", "112118810", "113120280", "113120830", "112120990", "108115870", "101110740", "110118450", "110117200", "108115880", "113120601", "111120640", "98112170", "105115680", "101112540", "100117420", "108114040", "100120780", "104111380", "113121950", "109115220", "106111321", "110116290", "100107920", "109118701", "106121220", "100111620", "100108260", "99113260", "108119330", "100110260", "108113740", "111121410", "110118181", "112118511", "108116120", "102113350", "108115070", "98111231"], "labels": [3, 3, 2, 1, 3, 1, 3, 3, 1, 3, 1, 3, 1, 3, 3, 3, 3, 3, 2, 0, 1, 3, 2, 2, 1, 0, 0, 1, 3, 1, 1, 0, 2, 0, 2, 2, 2, 3, 0, 0, 1, 2, 0, 0, 0, 3, 3, 2, 3, 3, 0, 1, 0, 0, 1, 1, 1, 2, 0, 2, 2, 3, 1, 1, 2, 0, 2, 3, 1, 3, 1, 3, 3, 2, 2, 2, 1, 2, 3, 1, 0, 2, 1, 1, 1, 0, 3, 0, 3, 1, 3, 1, 3, 1, 0, 1, 1, 1, 1, 1, 0, 0, 3, 1, 3, 0, 3, 2, 3, 3, 0, 3, 3, 2, 0, 3, 2, 2, 2, 0, 1, 3, 3, 3, 0, 2, 0, 3, 1, 3, 3, 0, 0, 3, 3, 0, 1, 1, 1, 3, 1, 1], "predicted_labels": [1, 3, 0, 3, 1, 0, 0, 0, 0, 3, 3, 1, 3, 3, 1, 3, 2, 1, 3, 1, 3, 3, 0, 1, 1, 3, 1, 0, 3, 1, 3, 3, 0, 1, 1, 0, 2, 3, 0, 3, 0, 0, 1, 1, 3, 1, 0, 1, 0, 1, 3, 3, 3, 3, 1, 3, 0, 1, 3, 1, 2, 0, 3, 3, 3, 0, 2, 0, 3, 1, 1, 0, 1, 1, 1, 1, 1, 2, 0, 1, 1, 0, 0, 1, 3, 1, 2, 1, 3, 3, 0, 3, 0, 1, 3, 1, 1, 3, 1, 3, 3, 0, 1, 0, 0, 0, 3, 1, 3, 2, 3, 1, 2, 1, 0, 1, 1, 3, 2, 3, 3, 3, 0, 3, 1, 2, 1, 3, 1, 1, 0, 2, 1, 1, 0, 0, 1, 3, 3, 2, 1, 0], "confidence_scores": [[0.1628688914899289, 0.435034912351267, 0.2091508246603761, 0.19294537149842794], [0.3296668445366528, 0.18131244605760888, 0.09001710721136573, 0.39900360219437253], [0.30016661030921943, 0.28222500141695045, 0.20764481062021334, 0.2099635776536168], [0.19716363050413782, 0.19892602615412777, 0.1745594928578198, 0.4293508504839146], [0.20563410405795382, 0.3761077918003089, 0.264637883676298, 0.15362022046543924], [0.4015204472831963, 0.2517296479247028, 0.0693460287080455, 0.2774038760840554], [0.5495262782793238, 0.15030989953376295, 0.1904373510615674, 0.10972647112534598], [0.42344596604922474, 0.3173577952083786, 0.07192848508474445, 0.18726775365765208], [0.36790658612207155, 0.2674821474228575, 0.1586498164327522, 0.205961450022319], [0.25286403369279675, 0.15830451774188106, 0.09520377264914996, 0.4936276759161723], [0.26262047541975986, 0.22031318776610817, 0.05242187058132897, 0.464644466232803], [0.20921352545751384, 0.2879967821862259, 0.22284819760824345, 0.27994149474801683], [0.13666082032748444, 0.3180487312550968, 0.2051017285472975, 0.3401887198701211], [0.14338449891815924, 0.2231446049544515, 0.08793565784405583, 0.5455352382833334], [0.07835580042152156, 0.693731542929703, 0.06753901552053145, 0.16037364112824393], [0.20739733473380328, 0.258944024772186, 0.21065328110542622, 0.32300535938858455], [0.27344474469906505, 0.2568379578896759, 0.3416638250158782, 0.12805347239538087], [0.10380550408140558, 0.521527085186116, 0.1416350948274973, 0.23303231590498105], [0.10629903502941528, 0.18477450619594427, 0.25832931319361974, 0.4505971455810209], [0.2387174054295247, 0.4072191082730552, 0.13256524108909928, 0.2214982452083209], [0.32916039597753183, 0.21566653806769745, 0.1012968423168108, 0.35387622363795984], [0.12155045371342037, 0.19844834857031432, 0.0852649462752786, 0.5947362514409867], [0.3670227118679176, 0.2636806504740571, 0.14444369123214254, 0.22485294642588288], [0.2393284842712023, 0.3939076270392869, 0.125248071350197, 0.24151581733931382], [0.2149271617259876, 0.2808935555330436, 0.22970099871086358, 0.2744782840301054], [0.13064722199061024, 0.35714762303303166, 0.12710209341072295, 0.3851030615656353], [0.2406589583778631, 0.32702378591543657, 0.14931877952839226, 0.2829984761783082], [0.5893165946929997, 0.1732191244689082, 0.07008496827643886, 0.16737931256165323], [0.123296225631888, 0.17066609294424506, 0.11058767891608051, 0.5954500025077865], [0.12053781613162831, 0.6219848530352052, 0.037020048679815676, 0.22045728215335061], [0.11716492952230143, 0.1618164983878352, 0.19345555530335565, 0.5275630167865076], [0.14716867294659797, 0.35914975199432625, 0.12844700305990434, 0.3652345719991716], [0.5474084286461725, 0.09607483805765889, 0.11990126616248915, 0.2366154671336795], [0.3121357609094443, 0.3596817849880357, 0.13551859300544936, 0.19266386109707076], [0.17197397224284847, 0.4139422131409228, 0.055028308865659105, 0.35905550575056977], [0.34205024492873254, 0.2236735510777856, 0.14844336622136625, 0.2858328377721156], [0.0912448587257139, 0.21567605250672683, 0.5668396289222175, 0.1262394598453417], [0.20584254207070912, 0.2810462855538683, 0.19382371907106055, 0.31928745330436215], [0.7388248957090189, 0.07600891423221677, 0.059666940899650744, 0.12549924915911354], [0.18978483598487822, 0.1510670083144563, 0.15405294849284007, 0.5050952072078255], [0.5566654644337052, 0.14765342510920687, 0.04034429782432121, 0.25533681263276675], [0.27022079989049635, 0.2657861966769262, 0.24927627361371277, 0.21471672981886467], [0.19855211611154058, 0.5734773295091791, 0.051082275790446094, 0.1768882785888341], [0.1496742080730907, 0.3591807295186382, 0.28313143875850516, 0.2080136236497659], [0.2790941875732568, 0.27667169987295126, 0.1550340988529979, 0.2892000137007941], [0.2742172609861995, 0.4439503956673771, 0.15219805030840058, 0.12963429303802276], [0.34235268714688516, 0.2220152994298391, 0.20331439009154828, 0.2323176233317276], [0.16266392343689695, 0.3378032055045387, 0.23341570517628568, 0.26611716588227863], [0.342695159920644, 0.26104914443508265, 0.11806055058380421, 0.2781951450604692], [0.18481029787235664, 0.4174241519305067, 0.08492390976079171, 0.31284164043634477], [0.12792840131846359, 0.33237785608829207, 0.0749883870789242, 0.46470535551432013], [0.2694979422506883, 0.24773176948234363, 0.12421649400193269, 0.3585537942650355], [0.2989936765914119, 0.15638354747132946, 0.16316585519494656, 0.3814569207423121], [0.24656061780256178, 0.2879597792089865, 0.16515573985749096, 0.30032386313096066], [0.14269340549662754, 0.5077129122619229, 0.10628583195139713, 0.24330785029005247], [0.1665854315287985, 0.30055465792433206, 0.13637008271105608, 0.39648982783581316], [0.40411713224930995, 0.2030234746197866, 0.19420557727596002, 0.19865381585494335], [0.1438060121226687, 0.37413540240575616, 0.27495261644750396, 0.20710596902407133], [0.06277918338276266, 0.1935193729230347, 0.05503848809878721, 0.6886629555954153], [0.2150007750905956, 0.3198341264840764, 0.1727646877780334, 0.2924004106472947], [0.11343468354278839, 0.18978761699458377, 0.36954890117638856, 0.32722879828623935], [0.6305739526268428, 0.1513755401104637, 0.07138158668120492, 0.14666892058148856], [0.1045177479243662, 0.1704972835034198, 0.20655893704748993, 0.5184260315247241], [0.2238431670155537, 0.24406104859314462, 0.22840440861264277, 0.3036913757786589], [0.13044629481804834, 0.283909742558926, 0.08702167844739281, 0.49862228417563303], [0.32777384488427075, 0.24330280104249247, 0.13162375255031408, 0.2972996015229227], [0.19761389785091735, 0.21185352326432672, 0.4046914204031664, 0.18584115848158955], [0.4475655635820077, 0.1533104991114786, 0.1256454476636346, 0.27347848964287924], [0.15572830973557703, 0.2032647514332286, 0.11979065525206099, 0.5212162835791333], [0.11168936751882273, 0.44432836756475547, 0.10293906301082466, 0.3410432019055973], [0.15585654258316034, 0.4645722946771999, 0.1342343505163565, 0.24533681222328327], [0.4050830050401543, 0.14774080672839088, 0.0696511120859571, 0.37752507614549774], [0.2971144757653332, 0.41652962632922397, 0.12451033139705622, 0.16184556650838672], [0.15189888533298468, 0.34434664370439655, 0.31789509795019255, 0.18585937301242625], [0.09021035279299566, 0.6619221432064439, 0.08694990015786619, 0.1609176038426942], [0.32715024079570887, 0.4263370980936031, 0.1067825877208033, 0.13973007338988483], [0.15086446252744729, 0.36715964475201707, 0.2540275672225873, 0.22794832549794858], [0.2693604809634567, 0.2060729569862472, 0.315450742337344, 0.20911581971295212], [0.3330659961626808, 0.23700677083095717, 0.11930021530134209, 0.3106270177050199], [0.10441169457764148, 0.3407126712679387, 0.264269201670877, 0.2906064324835428], [0.1834253780181201, 0.347784754549557, 0.22313081731034548, 0.2456590501219775], [0.5037893175952805, 0.19316323517845338, 0.1278801382746734, 0.17516730895159283], [0.3578522167048484, 0.2346298948296558, 0.2620923725774437, 0.14542551588805216], [0.19228064324689906, 0.3789429530038942, 0.23173130026469024, 0.19704510348451645], [0.30955226463977076, 0.2726296097359684, 0.05857506642662732, 0.35924305919763383], [0.22533770748196943, 0.2940545430322408, 0.20293803342130287, 0.27766971606448687], [0.26059204263647845, 0.22261020218423583, 0.2725206314267015, 0.2442771237525842], [0.2419384580242498, 0.34922927064144804, 0.13663268379978064, 0.2721995875345215], [0.1237723879847686, 0.34963568712897336, 0.1459538946685853, 0.38063803021767273], [0.26272132725966335, 0.1781269166370495, 0.07701891217296086, 0.48213284393032624], [0.7451940111997283, 0.09640697639364457, 0.025748552156117113, 0.13265046025051014], [0.16366419644195998, 0.2607145020908546, 0.19747945094955258, 0.3781418505176331], [0.8362967787529756, 0.05841311217624366, 0.03914328526151852, 0.06614682380926225], [0.12081666580494971, 0.6898676023933691, 0.048112388671410024, 0.14120334313027105], [0.3112338068187718, 0.28814689227012646, 0.05040525744376928, 0.3502140434673325], [0.15110881358586015, 0.37282068708360244, 0.3008377716370033, 0.17523272769353407], [0.16937266624563857, 0.336122271215391, 0.2906799141687481, 0.20382514837022245], [0.23490913543322478, 0.1401205074212016, 0.18830525276943635, 0.4366651043761373], [0.14690593263862653, 0.5564876423606849, 0.0840754852684776, 0.21253093973221093], [0.12907027685379907, 0.18077890539713548, 0.09839690240678244, 0.591753915342283], [0.2109870441411981, 0.25150215973443724, 0.11599576526487682, 0.42151503085948794], [0.46989859575483633, 0.26547132259342904, 0.09557658531668489, 0.16905349633504968], [0.1590255555307525, 0.3385358397852631, 0.20020290441219504, 0.30223570027178936], [0.42606712870561875, 0.21671624714656193, 0.1336655309444973, 0.2235510932033219], [0.4080903820790584, 0.29970157064445396, 0.060136839374877175, 0.23207120790161057], [0.49776884486770784, 0.19794260609890083, 0.08973204763545259, 0.2145565013979387], [0.14359629012903002, 0.2755319720541402, 0.1957907430464932, 0.3850809947703365], [0.23760031657844202, 0.48708162865126353, 0.1025099630165011, 0.17280809175379339], [0.2573911763807523, 0.2203615030407974, 0.1994849118144381, 0.32276240876401224], [0.09659905222366699, 0.26026644467033755, 0.32497312118108895, 0.3181613819249065], [0.2180514383350737, 0.30755585476130676, 0.16007305936822752, 0.31431964753539204], [0.23165481624583695, 0.4244781497858132, 0.1522953387862822, 0.19157169518206774], [0.11051921220158248, 0.19521412131591634, 0.39233915711975403, 0.3019275093627471], [0.11043584097222023, 0.4708216993294553, 0.10684448495992975, 0.31189797473839476], [0.3556133967968719, 0.21004560369739866, 0.11752808780688831, 0.3168129116988413], [0.1411430878561939, 0.45802079549178354, 0.09060524134083393, 0.3102308753111887], [0.2802309973419947, 0.32251494156617067, 0.07972365263855553, 0.31753040845327907], [0.15135666805434034, 0.1610431239094362, 0.10402811100315341, 0.5835720970330702], [0.10837039489357216, 0.10039765040311868, 0.6717879276750377, 0.11944402702827152], [0.16280126250932836, 0.2615657137569532, 0.1739184549611983, 0.4017145687725201], [0.10474892319166004, 0.3213478717916191, 0.10537676441865886, 0.46852644059806203], [0.1406368391680806, 0.1670393960568538, 0.0924551802242864, 0.5998685845507793], [0.4036239897165928, 0.33245008200076803, 0.06638172481683907, 0.1975442034658002], [0.16973834314530473, 0.25531595155564646, 0.06793645164517988, 0.507009253653869], [0.31208497924675815, 0.42425915725158386, 0.0874697691776099, 0.17618609432404786], [0.17404735660719084, 0.12531331543822952, 0.5701802536726951, 0.13045907428188447], [0.17223612499280608, 0.30945626569886064, 0.27529265257625474, 0.24301495673207868], [0.205422908735733, 0.296251160957234, 0.12790546898886332, 0.3704204613181698], [0.191634521592561, 0.5394570798070037, 0.05722879301725177, 0.2116796055831835], [0.30565149440546874, 0.34968694847071013, 0.10548020462092503, 0.23918135250289613], [0.3597154870625674, 0.18033935981208718, 0.22204569683918438, 0.23789945628616116], [0.23352482955225096, 0.17694116190677087, 0.37186497974389876, 0.2176690287970795], [0.06578950426255081, 0.7207264392525145, 0.05846614722267723, 0.15501790926225764], [0.25863382623470343, 0.31273769467258156, 0.2832301538662206, 0.1453983252264945], [0.6441911321225368, 0.10153215914938814, 0.047487875300929586, 0.20678883342714566], [0.3192109301248151, 0.3124157240026211, 0.09052879504848566, 0.2778445508240781], [0.24244744843617924, 0.48110137777666834, 0.10384436637143366, 0.17260680741571888], [0.0868786573291137, 0.10859865852536625, 0.04262536821736471, 0.7618973159281553], [0.34859510138198685, 0.19947559605334056, 0.09094336312398585, 0.3609859394406868], [0.16500051785747488, 0.29346056367047296, 0.34940059488022684, 0.1921383235918253], [0.09987796232277875, 0.7286167094560121, 0.05303009624846681, 0.11847523197274261], [0.40610480769489765, 0.19874653873818207, 0.14892999754279992, 0.24621865602412032]]}, "rewritten": {"ids": ["97106600", "97106820", "97107920", "97113900", "97116500", "98108970", "98109570", "98111231", "98112170", "98116090", "98116500", "98116940", "99105921", "99107500", "99109141", "99109161", "99109740", "99109780", "99112641", "99113260", "99116500", "100107920", "100108260", "100108520", "100108580", "100109000", "100109311", "100109890", "100110260", "100111380", "100111620", "100115700", "100117420", "100120780", "101110740", "101111620", "101112540", "102107961", "102111990", "102112170", "102113350", "102117351", "103110760", "103111540", "103111830", "103112470", "103112641", "103113270", "104109311", "104110960", "104111380", "104111550", "104117630", "104118070", "105113260", "105113480", "105115380", "105115680", "105115720", "105117200", "105118230", "105121370", "106111321", "106116850", "106117770", "106119990", "106121190", "106121220", "107113260", "107113550", "107115250", "107117010", "107120010", "107121700", "108113740", "108114040", "108115070", "108115870", "108115880", "108116120", "108116501", "108118520", "108118810", "108119330", "108119510", "109114651", "109115220", "109116170", "109116441", "109117080", "109118701", "109118820", "109121410", "109121640", "110113931", "110114920", "110116290", "110117200", "110118121", "110118161", "110118181", "110118450", "110118740", "110118930", "110120700", "111116750", "111117120", "111118910", "111119300", "111119340", "111119950", "111120540", "111120591", "111120640", "111121410", "112116540", "112116850", "112117431", "112117571", "112118511", "112118810", "112118860", "112118890", "112120540", "112120670", "112120990", "113118490", "113119320", "113119360", "113119480", "113120280", "113120601", "113120751", "113120830", "113121190", "113121950", "113121980", "113122120", "113122180", "113122220", "113122230", "113122510"], "labels": [3, 1, 0, 2, 2, 3, 1, 1, 3, 0, 2, 2, 1, 0, 3, 3, 3, 2, 1, 0, 2, 0, 3, 2, 0, 1, 1, 3, 3, 3, 3, 1, 2, 1, 3, 3, 2, 3, 2, 3, 3, 1, 1, 1, 3, 1, 3, 2, 3, 2, 3, 1, 0, 2, 3, 0, 1, 2, 1, 3, 1, 2, 0, 3, 0, 0, 2, 1, 0, 0, 2, 1, 1, 3, 3, 0, 1, 3, 3, 1, 0, 0, 1, 0, 1, 3, 3, 0, 3, 1, 3, 3, 0, 0, 1, 3, 2, 3, 3, 0, 1, 0, 3, 1, 2, 3, 2, 0, 1, 3, 0, 1, 1, 0, 0, 1, 0, 0, 3, 1, 3, 3, 3, 3, 2, 2, 1, 1, 0, 3, 0, 2, 1, 3, 1, 3, 2, 1, 2, 1, 1, 2], "predicted_labels": [3, 1, 0, 0, 3, 0, 3, 0, 3, 1, 1, 1, 0, 1, 0, 2, 0, 1, 0, 3, 1, 0, 0, 0, 1, 0, 0, 1, 3, 2, 0, 2, 1, 1, 3, 0, 1, 0, 0, 1, 2, 0, 2, 1, 0, 3, 1, 0, 0, 0, 0, 1, 1, 2, 3, 1, 3, 1, 1, 2, 0, 1, 0, 1, 0, 1, 1, 1, 0, 1, 3, 3, 3, 3, 0, 0, 1, 2, 0, 0, 0, 0, 0, 1, 0, 2, 3, 0, 0, 1, 1, 0, 3, 1, 3, 1, 2, 0, 0, 2, 0, 1, 0, 3, 2, 0, 1, 0, 0, 1, 0, 1, 3, 2, 1, 0, 3, 0, 2, 3, 1, 2, 3, 0, 3, 1, 0, 0, 0, 0, 0, 0, 3, 3, 3, 0, 3, 2, 1, 3, 1, 2], "confidence_scores": [[0.25949818750704484, 0.12378775787474852, 0.16967066480117088, 0.44704338981703595], [0.05811404588239754, 0.7539896857224999, 0.09572643539609986, 0.09216983299900265], [0.511023645265475, 0.16991790232998674, 0.17438517744558518, 0.14467327495895319], [0.3512805644413917, 0.2906216250127391, 0.14828793329372716, 0.20980987725214215], [0.1910618748484018, 0.17449065523610616, 0.21288221897292536, 0.42156525094256675], [0.5591574588320807, 0.1512255581515222, 0.14764038252561118, 0.1419766004907859], [0.29507710643498786, 0.17075301646684685, 0.09905238767080775, 0.43511748942735756], [0.4769430422150708, 0.2074289531842885, 0.2360476057911208, 0.07958039880951975], [0.22171811332932345, 0.3034401311247428, 0.09971885125642564, 0.3751229042895082], [0.2893261423203175, 0.38004604547810666, 0.0989758201254641, 0.23165199207611184], [0.2899581889690996, 0.4109003756820163, 0.06053632338148517, 0.23860511196739906], [0.21584764802245962, 0.3207163814192501, 0.27992497446548265, 0.1835109960928077], [0.4497529068195291, 0.26944649958335604, 0.06771608473138911, 0.21308450886572586], [0.09109859857458324, 0.4958528232348363, 0.18576357317360087, 0.2272850050169797], [0.4701641247311965, 0.2743933298970803, 0.15360590236711963, 0.10183664300460353], [0.35056218395565614, 0.13275683709477656, 0.46577670951502814, 0.05090426943453903], [0.4757399914247463, 0.17597486307434396, 0.1963519213937577, 0.151933224107152], [0.19452511455865953, 0.3928247289870635, 0.1823895420180194, 0.23026061443625756], [0.43672235760712563, 0.16978449329328058, 0.15384983202858518, 0.2396433170710086], [0.16239437134514906, 0.24790352734535614, 0.29444898179678014, 0.29525311951271455], [0.07663928537187595, 0.711463169593174, 0.08426959770156069, 0.12762794733338942], [0.5657445974244207, 0.17587304436217627, 0.18426537011312835, 0.07411698810027473], [0.3691789707158734, 0.28601500477323605, 0.0462885887114569, 0.2985174357994338], [0.5104606038613749, 0.2430489814474102, 0.13469198460193244, 0.11179843008928261], [0.10123900547130933, 0.6800363293702203, 0.1091975055775246, 0.10952715958094557], [0.45678145634486916, 0.0489518733876588, 0.11939480783944695, 0.37487186242802517], [0.6006212599837017, 0.09677091065630157, 0.17921578297770688, 0.12339204638228984], [0.2625601790168589, 0.42207353674537507, 0.14055594951784076, 0.1748103347199252], [0.290127583868896, 0.19633884950551841, 0.08100811438349403, 0.43252545224209155], [0.09770412460662616, 0.23634540767064285, 0.4121934014681785, 0.2537570662545525], [0.4800572293530098, 0.2184374112931218, 0.16931280775058613, 0.1321925516032823], [0.2780817982437337, 0.18785308135791778, 0.43544535186226435, 0.09861976853608434], [0.19939138980546758, 0.32830556817721523, 0.23073382331955797, 0.24156921869775927], [0.24615706814478444, 0.33379094120095115, 0.10790991025406646, 0.3121420804001979], [0.16175349252034837, 0.3076899947852634, 0.20774106103935175, 0.3228154516550366], [0.47129492739544776, 0.24789250545254055, 0.1536213816450986, 0.12719118550691308], [0.2771688197473467, 0.3207061505021914, 0.16456160038657777, 0.23756342936388422], [0.3310877779081053, 0.26791340912110995, 0.2297367751705393, 0.17126203780024543], [0.5132140339385992, 0.11457482135297421, 0.08462651977958681, 0.28758462492883985], [0.24977494205822734, 0.3157269731530054, 0.14679102975883984, 0.28770705502992755], [0.14181828555443915, 0.22865568174159365, 0.3984839764914835, 0.2310420562124838], [0.5525339712121734, 0.09289258019959327, 0.13438677147414493, 0.2201866771140884], [0.1670071262762915, 0.18792173464593448, 0.3748691695616014, 0.27020196951617276], [0.14983004691854748, 0.36209020300414724, 0.256519500738843, 0.2315602493384625], [0.3461256415145117, 0.24891192256398365, 0.08231935827049652, 0.32264307765100797], [0.23115218450965969, 0.13382522365121857, 0.11003633977655931, 0.5249862520625622], [0.1595044676099492, 0.4281686957930775, 0.11771791505405058, 0.2946089215429228], [0.3312687355266972, 0.28122737244341633, 0.12249122220176532, 0.2650126698281212], [0.6574214988317851, 0.1302752071483936, 0.0528917756579234, 0.15941151836189799], [0.3686284424863381, 0.24873157523263692, 0.15197111381590153, 0.23066886846512377], [0.39902444200023146, 0.14914515936158013, 0.176761094827105, 0.2750693038110834], [0.1397595872352215, 0.5187654713022402, 0.16707051950805316, 0.17440442195448538], [0.3093940816024935, 0.3569610996372992, 0.17779142859667496, 0.15585339016353264], [0.13629163141334782, 0.22938785596398026, 0.5166868208752019, 0.11763369174747006], [0.0592922906451163, 0.40178456870944956, 0.07834294020666341, 0.4605802004387707], [0.23491428561352035, 0.3416783459249731, 0.1451531942875666, 0.2782541741739398], [0.21739659550764642, 0.22713936009283117, 0.1824518829092216, 0.37301216149030064], [0.3106275472295921, 0.31114136135462717, 0.19658896097180106, 0.18164213044397948], [0.29810507855567847, 0.30226718979696854, 0.22410426123190066, 0.1755234704154523], [0.21236412392650236, 0.19259657104427894, 0.30305278306329203, 0.29198652196592684], [0.34571205293889196, 0.1895470327479794, 0.15229558055196524, 0.31244533376116324], [0.2221102071577216, 0.34055479430869223, 0.12197447929396214, 0.315360519239624], [0.5546494085239951, 0.1992440125810528, 0.05744813746745809, 0.18865844142749408], [0.16365180116272351, 0.4389627130782938, 0.11099070541379094, 0.2863947803451917], [0.31438934022247955, 0.22825141808353375, 0.1629648495750261, 0.2943943921189606], [0.2874895140035488, 0.32054697948530436, 0.14421734679704423, 0.24774615971410266], [0.09209604926618799, 0.6750753419722733, 0.12277470418557711, 0.11005390457596169], [0.24394064715532943, 0.42589958449336585, 0.08576155196063293, 0.24439821639067175], [0.5183759202631096, 0.20838385878239, 0.08554752985230121, 0.18769269110219902], [0.2871785653155668, 0.31590263908893307, 0.18033709721273317, 0.21658169838276706], [0.09870881854536173, 0.3449357324141145, 0.07865577200440195, 0.47769967703612176], [0.20220975479737857, 0.28320723335574816, 0.12913413562223186, 0.3854488762246416], [0.21116198346022902, 0.2991851157679523, 0.15868752236664568, 0.33096537840517304], [0.2328533650781437, 0.2655636647351094, 0.141371873527591, 0.36021109665915585], [0.4845106841353011, 0.2372813694895842, 0.05625458636922899, 0.22195336000588586], [0.47810269087199203, 0.2671130152252723, 0.11338858004203425, 0.14139571386070138], [0.31278916481921654, 0.39359021764438296, 0.07202354055816135, 0.22159707697823908], [0.26259388395565764, 0.16767530337240752, 0.3400006188759252, 0.2297301937960095], [0.3226881910396688, 0.16002490558342167, 0.29391305728372963, 0.22337384609317998], [0.49047039857674507, 0.20933809651388313, 0.13352382188548007, 0.1666676830238918], [0.36385040735045493, 0.12025219624120086, 0.18933492209175576, 0.3265624743165887], [0.2903217649245568, 0.2102073770748026, 0.24767978986792014, 0.25179106813272056], [0.43499229531163536, 0.15987449561724057, 0.08134156972067547, 0.32379163935044875], [0.3286345241966942, 0.49750285275445666, 0.08215459935346907, 0.09170802369538003], [0.44426410275351036, 0.18559619383817927, 0.27134388126755427, 0.09879582214075609], [0.2903995505920223, 0.12204975340353648, 0.41060099381555376, 0.17694970218888761], [0.2855783063906285, 0.15855243654386814, 0.19660032279267392, 0.35926893427282947], [0.415431806068759, 0.1752447751274771, 0.2379519741136301, 0.1713714446901339], [0.5904346314714563, 0.06326022653448425, 0.01389220261310584, 0.3324129393809536], [0.14171360588152326, 0.5772169237136953, 0.09758999003833513, 0.1834794803664464], [0.37478985992952124, 0.452955897051263, 0.07714459152389239, 0.09510965149532338], [0.37043801118965686, 0.1870021858122889, 0.08048075895322196, 0.36207904404483227], [0.3013404888092621, 0.18595598525109244, 0.08650574236687729, 0.4261977835727682], [0.1867627843512501, 0.46942749458552047, 0.07785083981039931, 0.26595888125282996], [0.37225294580188073, 0.13525349366909367, 0.04188804373910998, 0.45060551678991556], [0.11085744575993399, 0.6113728325800817, 0.04767520918422, 0.23009451247576435], [0.10503295553546468, 0.23900889266739653, 0.5509546485486253, 0.1050035032485135], [0.7923516360138743, 0.07780461412584197, 0.06704917239958211, 0.06279457746070159], [0.569153835317879, 0.13421939778813674, 0.08557532788564712, 0.21105143900833725], [0.19267723130467462, 0.2404199009150975, 0.39150435202299183, 0.17539851575723622], [0.44375362842343985, 0.23408930928503044, 0.17633602408776092, 0.14582103820376885], [0.15731795516929242, 0.4256319410051633, 0.15855114263602657, 0.2584989611895177], [0.3114824151070745, 0.2631300197430817, 0.1875912712106337, 0.2377962939392102], [0.23439136823500634, 0.09575326505496477, 0.048817402436697806, 0.6210379642733309], [0.27479013706095984, 0.24912881424646677, 0.2866664766379122, 0.1894145720546614], [0.579726373861401, 0.12690355654877306, 0.08054801639170006, 0.2128220531981259], [0.2631165240236269, 0.41315655855989186, 0.11017002625917739, 0.21355689115730397], [0.4676295295602046, 0.21914268722174365, 0.1184315943704574, 0.19479618884759442], [0.34432640190181235, 0.26447498525813196, 0.17175897847341995, 0.21943963436663572], [0.28600674637682494, 0.3690389398477803, 0.18566366226089331, 0.15929065151450159], [0.5002719465387662, 0.09227166958170036, 0.20366509295825713, 0.20379129092127635], [0.2706956146022875, 0.2937707365199908, 0.17137335585586758, 0.26416029302185406], [0.383307920095059, 0.15553050143487981, 0.06159088787425358, 0.3995706905958078], [0.3483539755342825, 0.16898185099323404, 0.3725579268066561, 0.11010624666582744], [0.2470628121720164, 0.38212016345770244, 0.15368694769469393, 0.21713007667558706], [0.36849327843336804, 0.36192676097458104, 0.03771259941394657, 0.23186736117810436], [0.15953380046316243, 0.20969378724602009, 0.14464906186456394, 0.4861233504262536], [0.49457740029966424, 0.22420140154053486, 0.09515969370028896, 0.18606150445951208], [0.31213543171471864, 0.13486547762974507, 0.39487734658060997, 0.15812174407492632], [0.15057584280559014, 0.1134528654168185, 0.06281870823257897, 0.6731525835450124], [0.33604705494980447, 0.39581282893798186, 0.05750780719935017, 0.21063230891286344], [0.1643404570365491, 0.21981201610391943, 0.46602605242806033, 0.14982147443147104], [0.31020136143248983, 0.23788716254470477, 0.11097955594288109, 0.3409319200799243], [0.30057196705501776, 0.24996363586938333, 0.23305436470964186, 0.21641003236595693], [0.2161646609747925, 0.12612667229785204, 0.18163368489654977, 0.4760749818308057], [0.3596458373484909, 0.433587159420434, 0.08288489323635886, 0.12388210999471612], [0.3621558618959496, 0.2378610728799832, 0.21693035353583048, 0.18305271168823692], [0.3836504511332764, 0.293559407371187, 0.06044633680787275, 0.2623438046876638], [0.3208916487165849, 0.2805937690733841, 0.20068348637741745, 0.19783109583261377], [0.8107934733512524, 0.10502997788245272, 0.0228529844613317, 0.06132356430496319], [0.5145287041206673, 0.21192686053209658, 0.0878731290289469, 0.1856713063182893], [0.5277602979438697, 0.12703467970199972, 0.032288532415443855, 0.3129164899386866], [0.2007798947983856, 0.16946349182399614, 0.2056378128913007, 0.42411880048631756], [0.24473603613676237, 0.2599342322845696, 0.16498850412439894, 0.33034122745426914], [0.22134069923437447, 0.1906979478060932, 0.17687124239331298, 0.41109011056621947], [0.5470083056662381, 0.20057405132088485, 0.11564333234167941, 0.13677431067119772], [0.19932498693334844, 0.2585303034458044, 0.18869068221026195, 0.3534540274105851], [0.1810934184028409, 0.1463598625331465, 0.3797998284345363, 0.2927468906294763], [0.14542073627655375, 0.43070044573309013, 0.17701014697319112, 0.24686867101716503], [0.1488745647277858, 0.2530624433533372, 0.1892902763546486, 0.4087727155642284], [0.11562970435065083, 0.5819570353987592, 0.10433502399609763, 0.19807823625449233], [0.18482886690617287, 0.1698687237900576, 0.46946986813000485, 0.17583254117376462]]}}