{"test": {"ids": ["99108310", "108118060", "105114220", "100108580", "105110251", "113120830", "110116441", "105119550", "110113931", "98109230", "100108080", "107114110", "113118820", "104113550", "99110050", "107114280", "97107920", "111115770", "110119030", "101108121", "109119450", "101110200", "113120070", "103113270", "113121980", "103113170", "113118870", "106114880", "110118630", "105119950", "101119030", "108120621", "104111550", "109118820", "110115710", "104116980", "110117870", "110115580", "111116090", "111116010", "107119950", "111116100", "101112690", "105116980", "113120531", "101109370", "110119300", "98106880", "98110710", "106115250", "98119591", "98107210", "108120280", "100109330", "105112130", "99109740", "112120700", "112118530", "111116530", "98113881", "103113640", "104116800", "110118930", "109119460", "100111080", "109117630", "109118161", "98111670", "97107681", "103111170", "113118231", "112117580", "108120260", "112119950", "99109780", "98116940", "113121950", "112119450", "109115211", "108115070", "107118820", "110118880", "107117630", "105112240", "98111860", "103120730", "111120640", "113121190", "99107950", "101119591", "112118860", "101116130", "98111231", "108116120", "106115240", "113118810", "99108010", "103112470", "113120540", "105113210", "101111990", "101109120", "106113830", "100111620", "111116640", "103109791", "103117461", "112116880", "104114320", "102116340", "99107560", "98109311", "99111440", "103118291", "102112030", "112118620", "107114490", "109115380", "102109850", "105116501", "99109370", "108115500", "112120630", "103112641", "104111990", "102112170", "112118161", "112116850", "102111990", "110118301", "101121640", "107120260", "97106970", "109115070", "108119330", "110120190", "108121160", "101108500", "97113260", "113118490", "112117461", "103110050"], "labels": [2, 1, 3, 0, 0, 3, 3, 1, 1, 1, 0, 1, 0, 1, 3, 3, 0, 3, 0, 0, 3, 2, 2, 2, 2, 3, 0, 0, 1, 3, 3, 1, 1, 3, 2, 1, 3, 1, 3, 1, 3, 3, 1, 0, 0, 1, 1, 0, 2, 2, 1, 1, 3, 0, 1, 3, 2, 1, 3, 3, 1, 1, 1, 1, 0, 0, 0, 1, 3, 2, 3, 0, 1, 0, 2, 2, 3, 3, 0, 1, 3, 0, 0, 1, 0, 1, 0, 1, 1, 0, 3, 2, 1, 1, 1, 3, 2, 1, 3, 3, 2, 1, 1, 3, 0, 3, 0, 0, 2, 3, 1, 1, 3, 0, 2, 3, 3, 3, 1, 1, 1, 3, 3, 3, 2, 3, 0, 0, 2, 1, 2, 1, 2, 0, 0, 3, 2, 3, 1, 1, 0, 3], "predicted_labels": [1, 3, 1, 3, 0, 3, 3, 1, 0, 2, 1, 3, 0, 0, 0, 1, 0, 1, 1, 0, 3, 1, 1, 1, 1, 1, 0, 3, 3, 1, 1, 3, 1, 3, 3, 1, 1, 1, 0, 1, 0, 3, 1, 3, 3, 1, 3, 3, 1, 3, 0, 3, 3, 0, 3, 1, 3, 1, 3, 3, 0, 3, 1, 1, 3, 3, 0, 3, 0, 1, 1, 1, 3, 3, 2, 1, 0, 3, 3, 1, 3, 0, 1, 3, 1, 1, 3, 3, 1, 1, 3, 3, 0, 0, 1, 1, 1, 3, 1, 3, 1, 3, 3, 0, 1, 3, 1, 1, 2, 1, 1, 3, 3, 0, 3, 3, 3, 1, 3, 3, 0, 1, 3, 1, 1, 3, 0, 1, 0, 1, 1, 3, 1, 3, 3, 3, 3, 1, 3, 3, 3, 3], "confidence_scores": [[0.22947132034632042, 0.26515175102675104, 0.2629701825951826, 0.242406746031746], [0.24199775224775227, 0.230392825311943, 0.1762496392496392, 0.3513597831906656], [0.218362123987124, 0.27438709901209907, 0.2459252691752691, 0.2613255078255079], [0.2592840770340769, 0.22775854700854706, 0.2514239510489511, 0.26153342490842496], [0.29855654761904765, 0.2451329365079365, 0.16577299783549784, 0.29053751803751804], [0.23715771687462855, 0.26073906077582565, 0.16877403764536114, 0.3333291847041847], [0.2526994116994117, 0.2526601731601732, 0.16425624375624373, 0.33038417138417137], [0.22617658730158735, 0.340960137085137, 0.17126857864357858, 0.26159469696969706], [0.28215439421689426, 0.26144293206793207, 0.17987570762570762, 0.2765269660894661], [0.18017388167388163, 0.1957006673881674, 0.34968515512265513, 0.2744402958152959], [0.21275302475302474, 0.2897370872591461, 0.21357862970362965, 0.28393125828419946], [0.24190523365523373, 0.28312445887445886, 0.18591756854256858, 0.289052738927739], [0.3096453823953824, 0.270742073286191, 0.1311058524808525, 0.28850669183757416], [0.3825062919107037, 0.2212641329258976, 0.16335970891853244, 0.23286986624486633], [0.2776193598068598, 0.25713419913419916, 0.19879266566766562, 0.26645377539127546], [0.26664592352092353, 0.2907613636363637, 0.1872012987012987, 0.25539141414141425], [0.3359448051948053, 0.21765927128427134, 0.14662896825396823, 0.2997669552669553], [0.30526981351981347, 0.31213600288600296, 0.14756016206016206, 0.23503402153402156], [0.1988092185592186, 0.33429899267399266, 0.18779797979797977, 0.27909380896880903], [0.30846216977466967, 0.2540993867243868, 0.18576854395604403, 0.2516698995448996], [0.20866165778665788, 0.2736679197994988, 0.1700224636474637, 0.3476479587663798], [0.23695905483405488, 0.3474606782106783, 0.18051533189033184, 0.23506493506493506], [0.23441984404484414, 0.28963491114149004, 0.19335187984530083, 0.28259336496836496], [0.2217346681096681, 0.28991287878787886, 0.22134577922077928, 0.2670066738816739], [0.2717740453990455, 0.30612064324564325, 0.14925246975246972, 0.27285284160284157], [0.23696085858585866, 0.30329462694168585, 0.21276466588966592, 0.24697984858278982], [0.2896466866466867, 0.283279637029637, 0.19029470529470532, 0.23677897102897105], [0.21252561327561328, 0.26405426956084854, 0.1933084094268305, 0.3301117077367078], [0.22150720113220113, 0.27348021423021424, 0.195504551004551, 0.3095080336330337], [0.24097792485292482, 0.28389707514707513, 0.22155663780663784, 0.2535683621933622], [0.2718694083694083, 0.2960921717171718, 0.1644978354978355, 0.2675405844155844], [0.2614599428349429, 0.2531012043512044, 0.16816161616161615, 0.3172772366522367], [0.1882082084582085, 0.3001263944388945, 0.2361157453657454, 0.27554965173715174], [0.26979888167388166, 0.26771173271173276, 0.16061861749361742, 0.3018707681207682], [0.2222772366522367, 0.3017974386724387, 0.16929238816738812, 0.3066329365079365], [0.16507184482184478, 0.2907326839826841, 0.2621287323787325, 0.2820667388167389], [0.2189265873015873, 0.28945405982906, 0.2327721306471307, 0.2588472222222223], [0.23154484404484407, 0.2848178765678766, 0.21090119602619606, 0.27273608336108335], [0.32153871128871125, 0.31092182817182834, 0.11589234376734375, 0.25164711677211676], [0.2180683621933622, 0.295557178932179, 0.23629707792207794, 0.25007738095238097], [0.3147005772005772, 0.2928263680763681, 0.15537234987234982, 0.2371007048507049], [0.26759743034743044, 0.2709736652236652, 0.1638183205683206, 0.2976105838605838], [0.23818560606060596, 0.29640897990897996, 0.18427326839826846, 0.28113214563214567], [0.24014785214785228, 0.30471560384060387, 0.1361902958152958, 0.3189462481962483], [0.2572931512931513, 0.2941195887445888, 0.13491468253968253, 0.31367257742257737], [0.24582579920079922, 0.2847055444555445, 0.1975925324675325, 0.27187612387612403], [0.24547709235209236, 0.25863168775668777, 0.20980859418359418, 0.2860826257076257], [0.22224569874569883, 0.24712995337995342, 0.21835304972804984, 0.31227129814629817], [0.18117574092574093, 0.30435664335664325, 0.25346907259407275, 0.26099854312354315], [0.21312644300144298, 0.27065927128427136, 0.24391400266400265, 0.27230028305028303], [0.2995240800865801, 0.2520568944943945, 0.23212537462537455, 0.21629365079365087], [0.2417859848484848, 0.2608429140304141, 0.21891708291708295, 0.27845401820401816], [0.20395207570207569, 0.23189792152292157, 0.22293355255855254, 0.34121645021645036], [0.36990939615939616, 0.26355543068043075, 0.1332036435786436, 0.2333315295815296], [0.2250907099436511, 0.2993696581196581, 0.17076272420390068, 0.30477690773279015], [0.24852031302031302, 0.2638087051837052, 0.247740675990676, 0.23993030580530583], [0.19294588744588745, 0.29562337662337673, 0.19024120324120322, 0.3211895326895327], [0.22066684704184705, 0.3031244588744589, 0.22748028360528366, 0.24872841047841054], [0.17590620490620487, 0.2989858058608059, 0.1806114163614163, 0.34449657287157287], [0.22086760461760463, 0.26409505772005765, 0.17752586302586304, 0.3375114746364748], [0.3103885281385282, 0.2566542207792208, 0.1384772727272727, 0.2944799783549784], [0.254100468975469, 0.2826610195360195, 0.1446111111111111, 0.3186274003774003], [0.19003679653679653, 0.33340490065490075, 0.23766450216450224, 0.23889380064380064], [0.24324374236874238, 0.30388455988456003, 0.19471239177489177, 0.2581593059718059], [0.24923769286269284, 0.26753517316017317, 0.21098382173382174, 0.2722433122433122], [0.23503348040848046, 0.2712226662226663, 0.2188754162504163, 0.2748684371184372], [0.30610934898434905, 0.24209348984348997, 0.2090352841602841, 0.24276187701187701], [0.22596486846486846, 0.27753154892493126, 0.2095073121323122, 0.2869962704778883], [0.34804202741702744, 0.2877786796536796, 0.1455425685425685, 0.21863672438672435], [0.27406998556998563, 0.28830952380952385, 0.15643326118326115, 0.28118722943722946], [0.27965773809523814, 0.3131170634920636, 0.14765178571428572, 0.25957341269841266], [0.20507305194805195, 0.3013644688644689, 0.2145036075036075, 0.27905887168387183], [0.25686706349206345, 0.22434595959595968, 0.19557593795093792, 0.3232110389610389], [0.2967208694083694, 0.17386124292374294, 0.16673398252074723, 0.3626839051471405], [0.2030668498168498, 0.24799267399267402, 0.2868486097236096, 0.2620918664668666], [0.20906793206793203, 0.3283640664890667, 0.19633477633477633, 0.2662332251082251], [0.324391081141081, 0.27369118381618385, 0.14977745865245862, 0.2521402763902765], [0.22342748917748928, 0.2806451277480689, 0.1682142857142857, 0.32771309736015625], [0.22902648740148746, 0.2702890997890997, 0.19597094572094573, 0.30471346708846714], [0.22435834998335008, 0.33458101620601616, 0.18302976190476192, 0.258030871905872], [0.24029953379953375, 0.24926640026640018, 0.18909951159951152, 0.3213345543345544], [0.30954556554556556, 0.26443054606212507, 0.11677894583486687, 0.3092449425574426], [0.26150955988456, 0.2867961205461207, 0.18608663558663555, 0.265607683982684], [0.16795093795093796, 0.2960221098346099, 0.23518226911976914, 0.30084468309468315], [0.23103611666111665, 0.3079287518037518, 0.20867073204573205, 0.2523643994893995], [0.24037194749694762, 0.27041597291597286, 0.24057303807303826, 0.24863904151404154], [0.2381331723831724, 0.2756803751803752, 0.17382065157065157, 0.31236580086580085], [0.21112734487734486, 0.28784126984127, 0.1942525252525252, 0.30677886002886007], [0.16390476190476191, 0.3003335137085139, 0.252333603896104, 0.28342812049062055], [0.2800318986568986, 0.29510310522810523, 0.1323704906204906, 0.29249450549450556], [0.22048075535575534, 0.2964687812187813, 0.16684586247086247, 0.316204600954601], [0.22632320384294075, 0.2489631939697729, 0.2160026464763308, 0.3087109557109558], [0.34676816239316244, 0.22172591297591293, 0.17742668442668438, 0.2540792402042402], [0.3316801948051947, 0.2130732323232324, 0.1616691919191919, 0.293577380952381], [0.24210521423021422, 0.3598017676767676, 0.12414965589965586, 0.27394336219336224], [0.21905795103589223, 0.3211302863802864, 0.21081271995977877, 0.24899904262404265], [0.2791316738816739, 0.34001118326118324, 0.15100090187590184, 0.22985624098124102], [0.27371765734265735, 0.23148803973803975, 0.212754981129981, 0.28203932178932184], [0.2698511904761905, 0.2977242063492064, 0.1848412698412698, 0.24758333333333332], [0.2434376456876457, 0.23913904151404158, 0.24687545787545784, 0.27054785492285494], [0.24553765678765682, 0.2821482545232545, 0.211974580974581, 0.2603395077145078], [0.2706891629612218, 0.22562608225108224, 0.20382443944943948, 0.2998603153382566], [0.2970604256854257, 0.22541558441558437, 0.1719597763347763, 0.30556421356421365], [0.2716027444777445, 0.20398824786324787, 0.26829410866910874, 0.25611489898989903], [0.20901498501498497, 0.28237057387057385, 0.23100174825174832, 0.2776126928626928], [0.2778284999314412, 0.2241714119214119, 0.203193056943057, 0.29480703120409013], [0.27482113719613727, 0.28956709956709953, 0.1612335164835165, 0.2743782467532469], [0.2643413045288046, 0.2923551587301588, 0.22785254329004329, 0.21545099345099344], [0.21861237373737366, 0.22993909307067206, 0.2806193484877695, 0.2708291847041847], [0.21898791486291486, 0.28348616661116666, 0.2320750360750361, 0.2654508824508825], [0.23028378565878568, 0.3114783549783551, 0.17745249195249194, 0.2807853674103674], [0.2829552759332171, 0.2458724053724054, 0.1699777493748082, 0.3011945693195695], [0.26359983072483073, 0.22855357142857147, 0.20424828643578646, 0.3035983114108114], [0.28807095682095685, 0.26093295593295596, 0.18436544011544015, 0.2666306471306473], [0.22280835830835832, 0.26965782828282836, 0.1880151376401377, 0.3195186757686758], [0.20842730880230886, 0.23899792854204618, 0.221810384060384, 0.33076437859526103], [0.2503352966477968, 0.25959862359862357, 0.18388826451326448, 0.30617781524031534], [0.2323791694416695, 0.30980908388996636, 0.21093750000000003, 0.24687424666836436], [0.20793872793872795, 0.2518808275058275, 0.26732924020424015, 0.27285120435120436], [0.22192478354978346, 0.25869372294372295, 0.17833207070707072, 0.3410494227994228], [0.29013690476190473, 0.28517705415499545, 0.22378133753501403, 0.20090470354808596], [0.22972200022200012, 0.314068292818293, 0.19645442057942059, 0.25975528638028644], [0.28530411255411253, 0.25844665057165067, 0.14497503885003885, 0.31127419802419803], [0.2843606948606949, 0.34021770334928236, 0.14956180880522985, 0.22585979298479295], [0.18719913419913417, 0.27838149350649355, 0.256367784992785, 0.27805158730158736], [0.2646791125541126, 0.2148874458874459, 0.25206222943722945, 0.2683712121212122], [0.31794111444111456, 0.2575046758796759, 0.15588586413586408, 0.26866834554334557], [0.25229969336219343, 0.30198247177658943, 0.173707702020202, 0.27201013284101516], [0.3097818362193363, 0.25102323371073376, 0.15866257353757351, 0.28053235653235664], [0.2994454365079366, 0.31208703102453106, 0.11414105339105332, 0.274326479076479], [0.22992471417471413, 0.29034198440448433, 0.20039565295815293, 0.2793376484626485], [0.2645156926406928, 0.26327830940988833, 0.16103464152806254, 0.31117135642135635], [0.20160610223110215, 0.27955032467532476, 0.242439491064491, 0.27640408202908207], [0.245015318015318, 0.2616450216450217, 0.16687402874902868, 0.32646563159063163], [0.2180537795537796, 0.2618429487179488, 0.20279874292374292, 0.3173045288045289], [0.2491745754245754, 0.25787806637806654, 0.15607188644688647, 0.3368754717504717], [0.22595512820512828, 0.2555110583860584, 0.2084640914640915, 0.310069721944722], [0.20125431512931513, 0.2918154761904762, 0.23606408868908876, 0.27086611999112], [0.22401650432900436, 0.2652070707070707, 0.21548241341991348, 0.2952940115440115], [0.23238870851370852, 0.2517867647058824, 0.21694529082029085, 0.29887923596011845], [0.24866601454101453, 0.246575937950938, 0.19000119325119325, 0.31475685425685435], [0.23594268231768237, 0.28416092241092245, 0.17762748362748368, 0.3022689116439117]]}, "rewritten": {"ids": ["97106970", "97107681", "97107920", "97113260", "98106880", "98107210", "98109230", "98109311", "98110710", "98111231", "98111670", "98111860", "98113881", "98116940", "98119591", "99107560", "99107950", "99108010", "99108310", "99109370", "99109740", "99109780", "99110050", "99111440", "100108080", "100108580", "100109330", "100111080", "100111620", "101108121", "101108500", "101109120", "101109370", "101110200", "101111990", "101112690", "101116130", "101119030", "101119591", "101121640", "102109850", "102111990", "102112030", "102112170", "102116340", "103109791", "103110050", "103111170", "103112470", "103112641", "103113170", "103113270", "103113640", "103117461", "103118291", "103120730", "104111550", "104111990", "104113550", "104114320", "104116800", "104116980", "105110251", "105112130", "105112240", "105113210", "105114220", "105116501", "105116980", "105119550", "105119950", "106113830", "106114880", "106115240", "106115250", "107114110", "107114280", "107114490", "107117630", "107118820", "107119950", "107120260", "108115070", "108115500", "108116120", "108118060", "108119330", "108120260", "108120280", "108120621", "108121160", "109115070", "109115211", "109115380", "109117630", "109118161", "109118820", "109119450", "109119460", "110113931", "110115580", "110115710", "110116441", "110117870", "110118301", "110118630", "110118880", "110118930", "110119030", "110119300", "110120190", "111115770", "111116010", "111116090", "111116100", "111116530", "111116640", "111120640", "112116850", "112116880", "112117461", "112117580", "112118161", "112118530", "112118620", "112118860", "112119450", "112119950", "112120630", "112120700", "113118231", "113118490", "113118810", "113118820", "113118870", "113120070", "113120531", "113120540", "113120830", "113121190", "113121950", "113121980"], "labels": [2, 3, 0, 1, 0, 1, 1, 1, 2, 1, 1, 0, 3, 2, 1, 1, 1, 2, 2, 1, 3, 2, 3, 3, 0, 0, 0, 0, 3, 0, 3, 1, 1, 2, 2, 1, 2, 3, 0, 2, 1, 2, 2, 3, 3, 3, 3, 2, 1, 3, 3, 2, 1, 0, 0, 1, 1, 2, 1, 2, 1, 1, 0, 1, 1, 3, 3, 1, 0, 1, 3, 1, 0, 1, 2, 1, 3, 3, 0, 3, 3, 1, 1, 3, 1, 1, 0, 1, 3, 1, 2, 0, 0, 3, 0, 0, 3, 3, 1, 1, 1, 2, 3, 3, 1, 1, 0, 1, 0, 1, 3, 3, 1, 3, 3, 3, 0, 0, 0, 0, 0, 0, 0, 1, 3, 3, 3, 0, 3, 2, 3, 1, 3, 0, 0, 2, 0, 3, 3, 1, 3, 2], "predicted_labels": [3, 0, 0, 1, 1, 1, 2, 3, 1, 3, 0, 3, 1, 3, 0, 3, 1, 1, 0, 1, 1, 3, 0, 3, 1, 0, 0, 3, 3, 0, 1, 0, 1, 1, 3, 3, 3, 1, 3, 1, 3, 3, 3, 0, 3, 3, 1, 3, 1, 0, 3, 3, 0, 0, 3, 0, 1, 1, 0, 3, 3, 1, 0, 3, 3, 0, 3, 3, 3, 1, 0, 0, 1, 0, 3, 3, 1, 1, 3, 3, 0, 0, 3, 1, 0, 3, 3, 1, 3, 0, 3, 1, 3, 1, 0, 0, 3, 1, 1, 1, 3, 3, 3, 3, 0, 3, 3, 1, 3, 3, 1, 0, 1, 0, 3, 1, 0, 1, 3, 1, 3, 1, 0, 3, 3, 1, 3, 0, 3, 1, 1, 3, 1, 0, 1, 1, 3, 3, 3, 3, 0, 0], "confidence_scores": [[0.196351232101232, 0.22618469030969035, 0.2510880855255856, 0.3263759920634921], [0.37779768842268857, 0.2791295093795093, 0.13430927405927398, 0.20876352813852825], [0.3347927142302144, 0.2144945887445887, 0.16245535714285717, 0.28825733988233987], [0.2032953296703297, 0.3261208513708515, 0.18011105561105561, 0.2904727633477634], [0.21938604451104463, 0.27226290376290385, 0.2564768287268288, 0.2518742229992229], [0.25435647685647683, 0.2949092479158269, 0.2185493811743812, 0.2321848940533151], [0.16985449272949263, 0.24746250277500287, 0.30090504634254645, 0.28177795815295825], [0.2858738206238206, 0.26522305472305474, 0.13110033022533024, 0.3178027944277946], [0.17526190476190476, 0.29986218846512963, 0.2665382048507049, 0.25833770192226085], [0.2703666472416472, 0.2537929639804641, 0.1679102286602287, 0.30793016011766017], [0.2602741702741703, 0.25836417748917756, 0.23645021645021638, 0.2449114357864357], [0.25161333111333123, 0.24814525752025762, 0.24637993950493958, 0.2538614718614719], [0.27402958152958157, 0.2818210678210677, 0.16866522366522368, 0.2754841269841271], [0.2123083721833722, 0.28987584637584646, 0.1936739371739371, 0.30414184426684426], [0.3122905844155843, 0.26639320401820404, 0.19207378732378724, 0.22924242424242436], [0.2555196608946609, 0.27306962481962493, 0.18440963203463206, 0.2870010822510823], [0.19199134199134196, 0.28862823725981634, 0.25291549422799425, 0.2664649265208477], [0.2213713924963925, 0.2744978354978355, 0.24307756132756136, 0.2610532106782106], [0.30317628205128205, 0.23892839105339103, 0.1980947606315253, 0.2598005662638016], [0.25721993284493283, 0.26712410302116185, 0.242778422965923, 0.23287754116798232], [0.2578910256410256, 0.290825160950161, 0.20523153235653235, 0.24605228105228114], [0.1979217032967033, 0.2540862283141696, 0.2611830538742304, 0.2868090145148969], [0.30879682817182824, 0.3023148795648795, 0.13619330669330668, 0.2526949855699857], [0.28068756243756243, 0.2587783189033189, 0.1349051226551226, 0.32562899600399603], [0.23869256642050768, 0.29471421144215276, 0.21411159755277404, 0.25248162458456563], [0.29203227328227327, 0.2366422743922744, 0.23557557720057723, 0.23574987512487514], [0.3373910533910534, 0.2563421717171717, 0.15409830447330447, 0.25216847041847046], [0.25333981296481306, 0.26251677489177494, 0.2048298507048507, 0.2793135614385614], [0.2109426406926408, 0.26648096348096356, 0.23948106060606064, 0.2830953352203353], [0.3025821262071263, 0.24259457209457222, 0.17468969918969915, 0.28013360250860253], [0.21013551726051716, 0.3070479520479521, 0.21466797091797093, 0.2681485597735598], [0.290771103896104, 0.2634790764790766, 0.16670454545454544, 0.2790452741702742], [0.26904924242424244, 0.29083730158730153, 0.21088492063492065, 0.22922853535353538], [0.2609875541125541, 0.2964549755799757, 0.1845863303363303, 0.25797113997113996], [0.23385205072705065, 0.265379218004218, 0.17277231795981798, 0.3279964133089133], [0.24730772005771992, 0.2645704156954158, 0.18006936119436123, 0.3080525030525031], [0.24463507252980943, 0.23461362687020582, 0.24345494417862845, 0.27729635642135647], [0.24778697691197693, 0.32779467754467767, 0.1650629509379509, 0.2593553946053946], [0.23863285325785333, 0.2772393439893439, 0.14523115773115772, 0.3388966450216451], [0.24148544511044506, 0.27822777916527913, 0.23413670357420366, 0.24615007215007217], [0.19639558358308357, 0.25238699494949496, 0.2531592019092018, 0.29805821955821954], [0.2715601551226552, 0.2675679667554668, 0.18738299200799197, 0.2734888861138862], [0.2597963425463426, 0.23660804473304478, 0.21306336718836721, 0.29053224553224566], [0.280327380952381, 0.20983712121212125, 0.23980604118104118, 0.2700294566544567], [0.24057413419913423, 0.24980218392718398, 0.2281117771117771, 0.2815119047619048], [0.2691042935822348, 0.2404780497280498, 0.19315391552891556, 0.2972637411608002], [0.23268677849927852, 0.33573142135642137, 0.18421203102453101, 0.24736976911976913], [0.2816326867576868, 0.23557786657786658, 0.16809709734709735, 0.3146923493173493], [0.2730162892662892, 0.2757390664890665, 0.19793872793872785, 0.2533059163059163], [0.34034031246531254, 0.2643874458874459, 0.17885761460761462, 0.21641462703962702], [0.24763619019869026, 0.23337944490150378, 0.2057735736485736, 0.31321079125123247], [0.21513149350649358, 0.2578249111999113, 0.23565182040182045, 0.2913917748917749], [0.2858751248751249, 0.2841435786435787, 0.15070797258297255, 0.27927332389832393], [0.3400444832944834, 0.25996733821733836, 0.16396583971583983, 0.23602233877233883], [0.2646217532467533, 0.27434457209457214, 0.15435095460095463, 0.3066827200577201], [0.2658299478299479, 0.2618622349872351, 0.24202854090354098, 0.23027927627927627], [0.19519792707292707, 0.2976717587967589, 0.2297219863469864, 0.27740832778332786], [0.20792936230436232, 0.291085372960373, 0.2456041597291598, 0.25538110500610506], [0.3040071937866056, 0.25366573826500294, 0.19672487847120196, 0.2456021894771896], [0.22182042059247947, 0.23344137806637805, 0.24228986291486282, 0.30244833842627966], [0.22161606449106455, 0.2556220307470307, 0.15028445165945167, 0.3724774531024532], [0.2229203296703297, 0.3033693736818737, 0.2056564407814408, 0.2680538558663559], [0.3591129148629149, 0.256656295093795, 0.1330759379509379, 0.2511548520923522], [0.2731162864912865, 0.26008982683982684, 0.19083928571428566, 0.275954600954601], [0.18325541125541125, 0.2949723609723611, 0.21369778138528134, 0.30807444638694637], [0.2865540015540017, 0.22740512265512267, 0.2496920301920302, 0.23634884559884559], [0.23116958205193502, 0.27667623471299946, 0.20035998641880995, 0.2917941968162557], [0.22435876623376616, 0.26716894216894216, 0.16341522366522362, 0.345057067932068], [0.23421013708513713, 0.28981872294372296, 0.1277097763347763, 0.34826136363636373], [0.23675216450216457, 0.3173165445665447, 0.19333497058497062, 0.2525963203463203], [0.30394011544011534, 0.23652777777777778, 0.19048640248640245, 0.2690457042957044], [0.3364223137973138, 0.21104455266955263, 0.17800654900654903, 0.2745265845265846], [0.17099206349206356, 0.3311658107973898, 0.21362304617896727, 0.28421907953157943], [0.32516329503829516, 0.3101572871572872, 0.1580183427683427, 0.2066610750360751], [0.21254734848484846, 0.24026190476190476, 0.21608035714285723, 0.3311103896103896], [0.24942904317904324, 0.25267152292152295, 0.18948210123210132, 0.30841733266733273], [0.25386344649502557, 0.27092867753161876, 0.23237879737221845, 0.24282907860113745], [0.2639851398601399, 0.2922895021645022, 0.15727078477078477, 0.28645457320457324], [0.2632868381618382, 0.2380723720723721, 0.20764997502497504, 0.2909908147408148], [0.23739047064047056, 0.2950034230475408, 0.1487461427461427, 0.318859963565846], [0.3300741341991342, 0.2768572122322122, 0.16155957930957926, 0.2315090742590743], [0.2980095598845599, 0.2732680375180375, 0.15387536075036073, 0.2748470418470419], [0.2122987845487846, 0.26038004101161993, 0.23328246753246756, 0.29403870690712797], [0.240482794982795, 0.32878080253080255, 0.22771975246975246, 0.20301665001665012], [0.3268450577200576, 0.20586075036075038, 0.16760882173382177, 0.2996853701853701], [0.20926122488622487, 0.27384989601901366, 0.1614493561993562, 0.35543952289540526], [0.17704842379842375, 0.271344246031746, 0.2356958943833944, 0.31591143578643593], [0.2737694805194805, 0.2796319002634793, 0.18085420135420133, 0.2657444178628389], [0.21980994005993998, 0.22840423465423462, 0.22077337939837938, 0.33101244588744594], [0.28032291319791336, 0.26455988455988455, 0.19898106060606055, 0.2561361416361417], [0.22056028693528687, 0.26540692640692654, 0.2194568070818072, 0.29457597957597964], [0.20808259795759798, 0.31471013708513706, 0.19693553668553668, 0.2802717282717283], [0.22997989510489508, 0.27628952991453004, 0.1946047841047841, 0.2991257908757909], [0.250243346930847, 0.30644776057276074, 0.22031755050505047, 0.22299134199134196], [0.2797094710844711, 0.2637994644244646, 0.2484061077811078, 0.20808495670995672], [0.403210137085137, 0.2772761544011544, 0.10483279220779221, 0.2146809163059163], [0.23517153679653677, 0.27832861582861584, 0.18389765789765786, 0.30260218947718964], [0.18881161893661885, 0.30162409812409824, 0.23840248640248635, 0.27116179653679656], [0.22299525912683812, 0.30702054889554903, 0.20798500366592482, 0.2619991883116883], [0.23473655511155517, 0.3153433302808303, 0.18152554390054387, 0.2683945707070708], [0.1966845238095238, 0.2717684884559885, 0.1875219502719502, 0.34402503746253754], [0.22852705627705633, 0.28614935064935076, 0.16634740259740258, 0.3189761904761904], [0.21437846875346875, 0.30006117493617496, 0.16978499278499282, 0.31577536352536356], [0.22596916971916975, 0.22255038017538023, 0.2638416860916861, 0.2876387640137641], [0.3463809176934177, 0.25694128787878795, 0.14753228715728714, 0.24914550727050727], [0.18775374625374625, 0.27644918969918963, 0.2048036685536686, 0.3309933954933956], [0.30231035631035635, 0.22432863408521306, 0.1270983902793113, 0.3462626193251194], [0.23039538239538243, 0.3468201243201243, 0.17446037296037292, 0.24832412032412027], [0.2043075396825397, 0.27404743867243864, 0.1907938311688312, 0.3308511904761906], [0.26727802752802765, 0.27435317460317465, 0.1698701853701854, 0.28849861249861253], [0.22296299533799527, 0.31412841763499677, 0.17688249250749252, 0.28602609451951566], [0.34438399998694125, 0.3039902597402599, 0.1561893808805573, 0.19543635939224174], [0.23915924353424356, 0.32454993617493627, 0.2024336219336219, 0.23385719835719831], [0.3205927128427129, 0.2999631479631481, 0.154462481962482, 0.22498165723165733], [0.2519162781662782, 0.2658513569763571, 0.20174311799311795, 0.28048924686424676], [0.2752289862914863, 0.3074761835386835, 0.14051111388611384, 0.27678371628371634], [0.2700604950604951, 0.26988984626484624, 0.23288407425907426, 0.22716558441558443], [0.2316460067710068, 0.3097794566544566, 0.16130970418470414, 0.29726483238983237], [0.25948511904761906, 0.24327792346542348, 0.2006184856809857, 0.29661847180597184], [0.21118663281163275, 0.3040829725829726, 0.2163199855699856, 0.26841040903540914], [0.2884189560439561, 0.269516761016761, 0.1363235236985237, 0.30574075924075933], [0.22685616211274107, 0.29590854978354986, 0.1882118393302604, 0.2890234487734488], [0.3085900072150073, 0.28094733044733045, 0.15705321067821068, 0.25340945165945167], [0.25798899711399714, 0.2588071650571651, 0.2092581446331446, 0.2739456931956931], [0.22822118159618168, 0.26564582639582635, 0.22613103563103568, 0.2800019563769564], [0.2276348512598512, 0.34317316017316024, 0.18595479520479524, 0.24323719336219338], [0.27420375457875473, 0.2690815850815851, 0.17516673604173602, 0.28154792429792436], [0.3429125735375736, 0.21018266455766452, 0.1671045482295482, 0.27980021367521374], [0.279025784157363, 0.2587793595293596, 0.16336747536089638, 0.298827380952381], [0.1850486319236319, 0.3531695387945389, 0.19197673160173157, 0.2698050976800977], [0.23137808229352352, 0.32236255411255427, 0.16862617243867242, 0.27763319115524987], [0.2520992063492064, 0.2653255453696631, 0.19533387445887446, 0.28724137382225623], [0.22925306637806642, 0.34137085137085144, 0.2167845071595071, 0.21259157509157517], [0.2925195498945499, 0.27068925518925524, 0.17035704573204571, 0.2664341491841492], [0.2625932400932401, 0.3356073926073925, 0.15036813186813183, 0.2514312354312355], [0.20088098013098007, 0.32264055389055407, 0.20069166944166938, 0.27578679653679655], [0.24328593628593645, 0.2789752886002887, 0.17140413059163057, 0.3063346445221445], [0.23627904040404052, 0.2768315295815296, 0.17403787878787874, 0.3128515512265513], [0.2333717046842046, 0.281534090909091, 0.1782865606615607, 0.3068076437451438], [0.19916508491508494, 0.2999226190476191, 0.1788103701853702, 0.3221019258519259], [0.2957526362526362, 0.26658369408369403, 0.17903866966366958, 0.25862500000000005], [0.32871500721500724, 0.28817306998557013, 0.11491138028638026, 0.26820054251304254]]}}