{"test": {"ids": ["113117550", "111114941", "113120601", "104118340", "112120990", "108114270", "110120560", "112116800", "110115140", "111121410", "102118380", "107114950", "113121680", "105110091", "100108520", "112121010", "107120260", "112118930", "110114561", "99111930", "108115570", "110118810", "104114240", "98111860", "112119580", "102114270", "110118630", "112121410", "100112060", "112121360", "105120621", "110118740", "113122150", "106120640", "110117110", "101108121", "113122230", "103110100", "100113210", "104113550", "113118870", "108117360", "107115250", "106113830", "112119610", "113118111", "107113200", "103111480", "107118490", "108121410", "113122650", "102113210", "104111550", "113122180", "104112201", "98121790", "98108370", "111116040", "103120730", "108114360", "109118701", "97107920", "112118620", "101121640", "108115070", "108120260", "106116370", "108118520", "112121351", "107113360", "111118301", "113119120", "108114670", "97112300", "105112100", "101108950", "108115250", "103110840", "102110850", "111117120", "107113840", "106116441", "98112300", "98119591", "110113931", "100109360", "99114890", "113122120", "109120560", "110115710", "112117580", "99109860", "101111140", "100113370", "105112240", "108114200", "111121190", "101108370", "98116500", "105118230", "105118740", "106114150", "108120280", "105113260", "100120780", "104113190", "103112641", "109120621", "99112641", "111115910", "98120010", "112119950", "99108460", "105115680", "110121450", "109119450", "104114320", "106113170", "108115870", "97105960", "109116040", "99108310", "112120630", "97106820", "101113210", "111119610", "105115570", "113119300", "106115250", "103111930", "101111620", "98106680", "99109370", "112119930", "107113180", "105113330", "106121220", "99116500", "112116451", "113119340", "98116090", "112118860"], "labels": [3, 0, 2, 2, 2, 3, 0, 0, 0, 0, 1, 3, 1, 0, 2, 2, 1, 1, 0, 1, 3, 1, 0, 0, 3, 3, 1, 0, 2, 3, 1, 3, 2, 3, 0, 0, 1, 1, 0, 1, 0, 1, 2, 1, 0, 1, 0, 0, 2, 0, 2, 3, 1, 2, 0, 2, 1, 0, 1, 1, 3, 0, 3, 2, 1, 1, 2, 0, 0, 0, 3, 3, 3, 2, 1, 2, 1, 1, 3, 2, 3, 0, 2, 1, 1, 0, 2, 1, 1, 2, 0, 2, 2, 3, 1, 0, 1, 1, 2, 1, 1, 1, 3, 3, 1, 3, 3, 1, 1, 2, 2, 0, 0, 2, 3, 3, 2, 0, 3, 2, 0, 2, 3, 1, 3, 2, 0, 1, 2, 3, 3, 1, 1, 1, 3, 3, 1, 2, 0, 0, 0, 3], "predicted_labels": [3, 1, 2, 2, 2, 1, 3, 1, 0, 0, 1, 0, 1, 0, 2, 2, 3, 3, 0, 0, 2, 0, 0, 2, 0, 3, 3, 3, 2, 1, 0, 0, 1, 1, 1, 0, 2, 1, 3, 0, 1, 2, 1, 3, 1, 3, 3, 1, 0, 3, 2, 1, 2, 3, 3, 2, 1, 3, 2, 0, 1, 0, 0, 3, 1, 3, 0, 0, 1, 0, 3, 1, 1, 3, 3, 3, 3, 3, 1, 1, 1, 1, 0, 1, 3, 3, 1, 3, 3, 0, 3, 1, 0, 0, 3, 1, 0, 3, 3, 1, 3, 1, 0, 1, 3, 1, 0, 3, 0, 1, 3, 0, 3, 1, 1, 3, 0, 1, 0, 3, 1, 1, 0, 1, 3, 3, 1, 3, 2, 2, 0, 2, 1, 2, 1, 1, 3, 1, 3, 0, 1, 2], "confidence_scores": [[5.160262584342287e-05, 0.00024043052907010787, 0.0009893151001898052, 0.9987186517448966], [0.002590041828286584, 0.919361082402653, 0.02685924319022074, 0.05118963257883967], [0.0011252807311065672, 0.2680816216275575, 0.724756597165744, 0.00603650047559188], [0.013176776980588535, 0.012715347927867635, 0.7784954151900324, 0.19561245990151144], [0.012997954220920942, 0.360854043039651, 0.6257874731204416, 0.0003605296189864045], [0.16686945588145122, 0.6799757640506425, 0.040176206086108064, 0.11297857398179814], [0.06284652626710095, 0.00026522200821078786, 0.09521953955316069, 0.8416687121715276], [0.0198260925478207, 0.5499764421175747, 0.003232236104460507, 0.4269652292301441], [0.9004674349245648, 0.028379980044726246, 0.0042206615335598765, 0.06693192349714891], [0.9437160640422093, 0.04868247212939935, 0.0007264506888929965, 0.006875013139498264], [0.059315545283681353, 0.542680289148134, 0.3757547947238359, 0.0222493708443488], [0.8673709090232381, 0.05115070220786204, 0.050972099233924435, 0.030506289534975597], [0.0001297789850039871, 0.9920363093376577, 0.006437463746890387, 0.0013964479304478907], [0.9975455198109862, 0.001789723413706377, 0.0003225403235484079, 0.0003422164517590847], [0.05110519722032804, 0.0008869553657859285, 0.9174313597670081, 0.03057648764687796], [0.010351627022988396, 0.15282518245366092, 0.8346760714146851, 0.002147119108665676], [0.1899566922197377, 0.09973615884452934, 0.005328969284871163, 0.7049781796508618], [0.0013499918869200223, 0.04678793412612799, 0.0012559306929593418, 0.9506061432939926], [0.5268592752891063, 0.0762110567414277, 0.17672508246901414, 0.22020458550045202], [0.6583709642153563, 0.17118010608022485, 0.12479603861517027, 0.045652891089248596], [0.0007912260530588672, 0.3166603015942287, 0.5305168466459927, 0.15203162570671966], [0.968559372393037, 0.018114734815454326, 0.008663923300950319, 0.004661969490558345], [0.807466158739024, 0.00601550472404895, 0.06493354080872046, 0.12158479572820662], [2.3708083806038912e-05, 0.00013896160608736996, 0.9986660722834269, 0.0011712580266798008], [0.999656891604484, 6.013650547517473e-07, 9.050128294733504e-05, 0.0002520057475141255], [0.0009133391579890928, 0.16649501968548192, 0.0446125553730414, 0.7879790857834875], [0.059970929939778116, 0.08674544843988487, 0.20878784255105184, 0.6444957790692851], [0.16017310294802703, 0.0013658802505490666, 0.021902203256049583, 0.8165588135453744], [0.13354393471736928, 0.008058186920633769, 0.7795846819189981, 0.07881319644299883], [0.13740809040601404, 0.7302882883352967, 0.02403228630113173, 0.10827133495755749], [0.8860017796034106, 0.001626709279730747, 2.1201510518132044e-05, 0.11235030960634054], [0.9188274588310109, 0.001329281390097243, 0.00018022548550585042, 0.07966303429338596], [0.0016660004919091156, 0.9619356893342338, 0.008290389296042587, 0.028107920877814656], [0.009015830852721248, 0.805445418619998, 0.0415638459097614, 0.14397490461751927], [0.05028753544646162, 0.9294940244711787, 0.006393786545667026, 0.01382465353669272], [0.9198811937932835, 0.0016809801567614195, 0.0003127596683541279, 0.07812506638160115], [0.001916172997814044, 0.07013841972506243, 0.9272545760022857, 0.0006908312748377933], [0.011265596235788312, 0.5060208965147022, 0.4793982051346431, 0.003315302114866383], [0.0004411860939073663, 0.026243335759363166, 0.0029710007324412423, 0.9703444774142882], [0.9733145668362, 0.01781696395497871, 0.0015646535741359077, 0.007303815634685425], [0.007649930045865223, 0.7128094541576059, 0.000478847335369917, 0.279061768461159], [0.34110255122334376, 0.013267449595308596, 0.42989780139534184, 0.21573219778600575], [0.007089846413168063, 0.8163701128042355, 0.06279214365633125, 0.11374789712626535], [0.07293687619979725, 0.060150880950547, 0.015542678675103175, 0.8513695641745526], [7.390750204361447e-05, 0.9882221211447558, 0.005532217237642174, 0.006171754115558354], [0.0013090134309853916, 0.0009782997022190717, 0.0017155871321352556, 0.9959970997346602], [0.09672327083341874, 0.008251929345208797, 0.002462671131790209, 0.8925621286895822], [0.43489239473322916, 0.5156443066502179, 0.0021894414981347434, 0.04727385711841808], [0.5469167970026001, 0.020701887517471224, 0.41493373084756047, 0.017447584632368226], [0.0008676847948765146, 0.06595662893306548, 0.0004216945877743704, 0.9327539916842837], [0.003040603625213772, 0.01219415668139888, 0.9808749396955642, 0.0038902999978232063], [0.004341795931028813, 0.6125767241966038, 0.03096204312096567, 0.35211943675140167], [0.011196055686960325, 0.004272567663036781, 0.5797544158267164, 0.40477696082328646], [0.14617936267837345, 0.03921846602497176, 0.013826924426108611, 0.800775246870546], [0.010493535473072154, 0.003785978155820173, 0.0004974404715629949, 0.9852230458995448], [0.13422199254584682, 0.1622881817931561, 0.62558501785706, 0.07790480780393705], [0.24492641361328243, 0.5018316708782598, 0.014595775145948472, 0.2386461403625094], [0.011328950424992126, 0.009345897999253748, 0.0003472482831431178, 0.978977903292611], [0.020751493088139967, 0.0012952561793327846, 0.7829786043450582, 0.1949746463874692], [0.9252407536220265, 0.00013606192691858308, 0.010874995864395583, 0.06374818858665929], [0.11598332191723897, 0.5089415403437201, 0.3110635825740537, 0.06401155516498727], [0.9735023958874748, 2.4895890652313e-05, 0.00022797718447446782, 0.026244731037398498], [0.7413846981173554, 0.06814624327913227, 0.025645056411475072, 0.16482400219203727], [7.233119063658171e-05, 0.059288509528005504, 0.0006817273798004456, 0.9399574319015576], [0.013431829571581804, 0.97088994374028, 0.010480053286633446, 0.005198173401504619], [0.020426817180478386, 0.01133503027384353, 0.22359074445723542, 0.7446474080884425], [0.985597146365971, 0.0011015669829698765, 0.0067962351855112265, 0.006505051465547942], [0.8334284644630529, 0.15360050909810888, 0.010358294889500757, 0.002612731549337364], [0.01426105032422537, 0.9271554338611956, 0.012204324604909729, 0.04637919120966923], [0.9577795277820423, 0.041458124599600535, 0.00019164363730144962, 0.0005707039810554694], [0.08130270843579597, 0.07435112509843853, 0.056448736284192384, 0.7878974301815732], [0.25774461515755676, 0.686235838720532, 0.000862241614862828, 0.05515730450704845], [0.003053728829086161, 0.9922370423259385, 2.225066166054971e-06, 0.004707003778809444], [0.04411459013953998, 0.00037524400308634227, 0.009237610073866347, 0.9462725557835074], [0.011069938672992937, 0.0017982766422506003, 0.013633093782942033, 0.9734986909018145], [0.0027605606512062595, 0.07998341680494346, 0.024329929453265276, 0.8929260930905851], [0.03602348618862227, 0.10861882255068311, 0.008643033297745281, 0.8467146579629494], [0.0026819981101138114, 0.14830552866926666, 0.05385636365505145, 0.795156109565568], [0.001299512842987967, 0.943249647651575, 0.02434197134437071, 0.03110886816106652], [0.015504055125597323, 0.7521768554902585, 0.00010775212474925603, 0.2322113372593951], [0.019995195275564818, 0.8887121517925695, 0.01848136242918796, 0.07281129050267776], [0.006948667582406503, 0.9732888547445171, 0.014937808368690433, 0.004824669304385975], [0.7611272529203859, 0.0004570617531935968, 0.004531953245255541, 0.2338837320811652], [0.03163078084931718, 0.5715989378998916, 0.3959768002801749, 0.0007934809706162786], [0.4835851073271946, 0.009166796374305916, 0.01381978931005277, 0.4934283069884467], [0.11873458375995057, 0.01181448443403683, 0.0004248776504258294, 0.8690260541555869], [0.0014171604653689211, 0.8782467857349322, 0.04471376660851675, 0.07562228719118211], [3.439665694655254e-05, 0.037078251405846356, 0.00024370089552791678, 0.9626436510416791], [0.2862151566285713, 0.010774310516415711, 0.003375823740411223, 0.6996347091146018], [0.48417197802306816, 0.4813455247797779, 0.031099829511082075, 0.0033826676860717886], [0.28580765363309846, 0.046600496344175006, 0.00041570798982387805, 0.6671761420329027], [0.0027982659871535697, 0.8560311756480645, 0.13913638526785507, 0.0020341730969268093], [0.3533398917454577, 0.35086725431222315, 0.17679977662555083, 0.1189930773167684], [0.45112539988172656, 0.32752205274866597, 0.06115294882503144, 0.16019959854457588], [0.018292503874306577, 0.0013666941410386772, 0.00932977633725122, 0.9710110256474035], [0.019866430853239234, 0.7017609772068926, 0.07894315746897518, 0.19942943447089304], [0.915887636285114, 0.029335201868326975, 0.003147174038197977, 0.051629987808361144], [0.003669734221312005, 0.057395247750186756, 0.00024307669763094108, 0.9386919413308703], [0.42332439705092156, 0.00020174726333687347, 0.0007364557979013072, 0.5757373998878403], [0.0005315461799794876, 0.9399467699136994, 0.05624193253698377, 0.0032797513693375636], [0.026312036597091422, 0.14486250560056088, 0.3673936043243314, 0.46143185347801635], [0.021119154792179344, 0.7219956070501529, 0.15162000130853648, 0.10526523684913137], [0.744986075446052, 4.574671715951773e-05, 0.01772750305676578, 0.23724067478002267], [0.30656905079533503, 0.44831341134991676, 0.011618151108037694, 0.23349938674671042], [0.27004355370555855, 0.07473794078810488, 0.005880954678127497, 0.6493375508282091], [0.00024019303172657976, 0.8014256556825837, 0.0037579845641069814, 0.1945761667215826], [0.8745733450940582, 0.014580720933902374, 0.0052879826344356595, 0.10555795133760384], [0.0023396705821047007, 0.03205488161491937, 0.0031549095597143374, 0.9624505382432617], [0.9675204287899642, 0.00978660945740497, 0.004168280734670174, 0.018524681017960662], [0.0018494768449486784, 0.9896620652834808, 0.0021455328324694388, 0.0063429250391009995], [0.003352171193446949, 0.00040139432315267385, 0.4683008324530812, 0.5279456020303191], [0.9774230885019367, 5.759877606491898e-05, 0.00012916818742180378, 0.022390144534576627], [0.030886892212628057, 0.08350110426903684, 0.004680226856430323, 0.8809317766619047], [0.00936600939849491, 0.9519024156646135, 0.006327169446149805, 0.032404405490741896], [0.005617842709713153, 0.7835116547311525, 1.2945307535156255e-05, 0.21085755725159927], [0.10813828111758131, 0.28678685741084264, 0.02875844043319985, 0.5763164210383761], [0.9102867029794215, 0.0031726085043695556, 0.08030347962291813, 0.006237208893290861], [0.2965644466871061, 0.6914180325682394, 0.00016562098479740723, 0.011851899759857152], [0.9031684623308249, 0.0591329973924574, 7.726493382522297e-05, 0.03762127534289232], [0.006293188707354421, 4.7159979348482634e-05, 0.028580164421981597, 0.9650794868913154], [0.0005842254859513462, 0.9268345504078883, 0.0001179970645934384, 0.07246322704156691], [0.07152941684452609, 0.8869378791622502, 0.040763439943444044, 0.0007692640497797095], [0.6607910789893143, 0.014191133057789743, 0.00015096295295816137, 0.32486682499993785], [0.08697680290096775, 0.7756093827197033, 0.022766807240929686, 0.11464700713839933], [0.02538344731415917, 0.0018059897780839382, 0.024736792199163946, 0.9480737707085929], [0.026427370611274533, 0.018194445296337798, 0.02812999847803134, 0.9272481856143563], [0.013172540020059551, 0.48570054778595784, 0.37815743943782, 0.12296947275616264], [0.30302321699106827, 0.12644510419091612, 0.001857497191961085, 0.5686741816260544], [0.31325583408605623, 0.3226711390325266, 0.32543002794068826, 0.038642998940728916], [0.2334255382382651, 0.03837637190822522, 0.6924020240257209, 0.03579606582778861], [0.5924264413474193, 0.0683328476707589, 0.26608007092038743, 0.07316064006143437], [0.010024297390863291, 0.023374834859313184, 0.9593070559423557, 0.0072938118074679335], [0.02175334233081101, 0.9466411598932882, 0.01498706820516751, 0.016618429570733114], [0.09171608151277438, 0.0026929729265614843, 0.7926849020657543, 0.11290604349490997], [5.9415054975395885e-06, 0.9966974055067971, 0.0005164996545165305, 0.0027801533331888407], [0.008498156694504109, 0.5633519306039976, 0.0013427559981101507, 0.42680715670338815], [1.6039965468012663e-05, 0.0008265086632710752, 0.00016625011601097616, 0.9989912012552499], [0.00011725856002869872, 0.7935277911585591, 0.1682778684082152, 0.03807708187319708], [0.2931210036418604, 0.2506006845387535, 0.004789660981995451, 0.4514886508373905], [0.9782116561300517, 0.0160362185827873, 6.397975369020958e-06, 0.005745727311791881], [0.011144569036332024, 0.7042301346526314, 0.03126592800967109, 0.2533593683013655], [0.12692334541569125, 0.07917955741759154, 0.42110758936121145, 0.37278950780550574]]}, "rewritten": {"ids": ["97105960", "97106820", "97107920", "97112300", "98106680", "98108370", "98111860", "98112300", "98116090", "98116500", "98119591", "98120010", "98121790", "99108310", "99108460", "99109370", "99109860", "99111930", "99112641", "99114890", "99116500", "100108520", "100109360", "100112060", "100113210", "100113370", "100120780", "101108121", "101108370", "101108950", "101111140", "101111620", "101113210", "101121640", "102110850", "102113210", "102114270", "102118380", "103110100", "103110840", "103111480", "103111930", "103112641", "103120730", "104111550", "104112201", "104113190", "104113550", "104114240", "104114320", "104118340", "105110091", "105112100", "105112240", "105113260", "105113330", "105115570", "105115680", "105118230", "105118740", "105120621", "106113170", "106113830", "106114150", "106115250", "106116370", "106116441", "106120640", "106121220", "107113180", "107113200", "107113360", "107113840", "107114950", "107115250", "107118490", "107120260", "108114200", "108114270", "108114360", "108114670", "108115070", "108115250", "108115570", "108115870", "108117360", "108118520", "108120260", "108120280", "108121410", "109116040", "109118701", "109119450", "109120560", "109120621", "110113931", "110114561", "110115140", "110115710", "110117110", "110118630", "110118740", "110118810", "110120560", "110121450", "111114941", "111115910", "111116040", "111117120", "111118301", "111119610", "111121190", "111121410", "112116451", "112116800", "112117580", "112118620", "112118860", "112118930", "112119580", "112119610", "112119930", "112119950", "112120630", "112120990", "112121010", "112121351", "112121360", "112121410", "113117550", "113118111", "113118870", "113119120", "113119300", "113119340", "113120601", "113121680", "113122120", "113122150", "113122180", "113122230", "113122650"], "labels": [2, 1, 0, 2, 1, 1, 0, 2, 0, 2, 1, 2, 2, 2, 0, 1, 2, 1, 1, 2, 2, 2, 0, 2, 0, 3, 1, 0, 1, 2, 2, 3, 3, 2, 3, 3, 3, 1, 1, 1, 0, 3, 3, 1, 1, 0, 3, 1, 0, 2, 2, 0, 1, 1, 3, 3, 0, 2, 1, 1, 1, 0, 1, 1, 2, 2, 0, 3, 1, 3, 0, 0, 3, 3, 2, 2, 1, 0, 3, 1, 3, 1, 1, 3, 3, 1, 0, 1, 3, 0, 0, 3, 3, 1, 1, 1, 0, 0, 2, 0, 1, 3, 1, 0, 3, 0, 2, 0, 2, 3, 2, 1, 0, 0, 0, 0, 3, 3, 1, 3, 0, 1, 0, 3, 2, 2, 0, 3, 0, 3, 1, 0, 3, 1, 0, 2, 1, 1, 2, 2, 1, 2], "predicted_labels": [3, 1, 0, 3, 2, 0, 2, 0, 1, 3, 1, 3, 2, 1, 3, 1, 1, 0, 0, 2, 2, 2, 3, 0, 3, 0, 3, 1, 1, 3, 3, 3, 3, 1, 0, 1, 1, 1, 1, 1, 1, 2, 0, 0, 0, 3, 0, 3, 1, 3, 1, 0, 3, 3, 1, 1, 2, 1, 1, 3, 0, 0, 3, 3, 1, 3, 3, 1, 3, 3, 3, 0, 1, 2, 3, 1, 3, 2, 1, 1, 0, 1, 1, 1, 0, 2, 0, 3, 0, 3, 3, 0, 3, 3, 3, 0, 0, 0, 0, 1, 2, 0, 0, 2, 1, 3, 1, 3, 0, 0, 0, 3, 0, 1, 1, 3, 3, 1, 1, 0, 1, 2, 0, 0, 1, 1, 2, 3, 3, 3, 0, 1, 3, 3, 0, 1, 1, 3, 3, 0, 2, 2], "confidence_scores": [[0.010641472834009994, 0.009563797313475739, 0.1367350126849443, 0.8430597171675699], [0.00020061313141635966, 0.8955088359254767, 0.09760847127760415, 0.006682079665502803], [0.9171687296162916, 0.0005086587971800455, 0.006435595403927276, 0.07588701618260096], [0.13514523449195137, 0.00012575832070194187, 0.1959292923079278, 0.6687997148794189], [0.002994306405715719, 0.08964215504018573, 0.9073277777517621, 3.5760802336302225e-05], [0.7889271092233358, 0.16390593792471153, 0.009011951388217903, 0.03815500146373468], [0.0015049018724787797, 0.017543803488862857, 0.9781362338705307, 0.0028150607681276425], [0.9715708137259278, 0.0015977935080751574, 0.0005126758162113412, 0.026318716949785662], [0.006953962844174412, 0.9605773389473383, 0.0008840053609136498, 0.03158469284757358], [0.010853070343661892, 0.011756081592118791, 0.007527492908058766, 0.9698633551561605], [0.0021154760249802802, 0.9467567457716332, 0.04865947054379934, 0.0024683076595873915], [0.004894653285139038, 0.0037302408511135994, 0.22309940684342802, 0.7682756990203193], [0.02072283484307956, 0.0663738828183329, 0.9110624046941199, 0.0018408776444677445], [0.017217667227976966, 0.6572412438873088, 0.28626625026333785, 0.03927483862137647], [2.055949640674892e-05, 0.008355843259590844, 0.11594306502481823, 0.8756805322191841], [0.20708667944538756, 0.5297373170163769, 0.20828808122212353, 0.054887922316112045], [0.0008194968256685968, 0.9986591017070025, 0.0005169677789908008, 4.4336883381728695e-06], [0.49133014562910055, 0.38775617577929583, 0.042286761501224776, 0.07862691709037878], [0.9968596681155503, 0.0011418642566787744, 0.0005113066060848528, 0.0014871610216861196], [0.0008937434956995096, 0.04200977513023356, 0.944463412055142, 0.012633069318925034], [8.2057436124188e-06, 0.0003112432828235099, 0.9993900047686245, 0.0002905462049395964], [0.20387287855854005, 0.12560222057309425, 0.6506928364041297, 0.019832064464236045], [0.2682984184475061, 0.005268917282947233, 0.002362542837779173, 0.7240701214317675], [0.8110337873770971, 0.021439136124814923, 0.0016976904603325804, 0.16582938603775543], [0.06583809857758217, 0.006264595542260355, 0.04444895926287701, 0.8834483466172804], [0.9902941211624369, 0.008067662961248943, 0.0006958148917972155, 0.0009424009845170661], [0.065017874934441, 0.2409995059451385, 0.002844940630050465, 0.6911376784903701], [0.12650988407462532, 0.8710803197130582, 3.072012614285039e-05, 0.002379076086173526], [0.10522910220036832, 0.5679451885181179, 0.0027024958240143733, 0.3241232134574995], [0.02334568711341962, 0.06114352870444412, 0.0004125729614249315, 0.9150982112207113], [0.05292772586013544, 0.00341083447762526, 0.003971467659080507, 0.9396899720031587], [0.005000168263877174, 7.489172066684852e-05, 0.0046898026675519944, 0.990235137347904], [0.41146953772948114, 0.1584129549597103, 0.004783418955999587, 0.4253340883548091], [3.878259722975717e-06, 0.7174694879295174, 3.458122512440514e-05, 0.2824920525856352], [0.7604196459515389, 0.0029512901951322503, 0.16584229966356087, 0.07078676418976783], [0.04313642575994055, 0.5971239928398332, 0.26340561595030326, 0.09633396544992318], [0.0001393713112559317, 0.9977604844458072, 0.0019583910504912434, 0.00014175319244557128], [0.00041523673860903324, 0.7844492640111862, 0.08884390517175651, 0.12629159407844823], [0.018743817583375372, 0.8419930828408569, 0.12104806681357112, 0.018215032762196368], [0.002947438391290009, 0.9617043839715603, 0.0015040134387357745, 0.03384416419841398], [0.2637311649566825, 0.704848960345767, 0.006986720281985094, 0.024433154415565306], [0.007476766715995769, 0.044754547455277675, 0.8417941634844971, 0.1059745223442294], [0.9909837759059035, 0.007007216617255112, 0.0004970628629654271, 0.0015119446138760564], [0.9604658584456565, 1.7084994670034973e-06, 9.098659084162012e-05, 0.039441446464035024], [0.8799514443498284, 0.0015800513431637163, 0.11831977628269985, 0.0001487280243079973], [0.005893026411139062, 0.0036324207500427613, 7.203518277294698e-07, 0.9904738324869904], [0.4896044482727802, 0.0657085498300178, 0.015575442990325613, 0.42911155890687636], [0.2572405854324409, 0.022759772850409036, 0.002547970363659564, 0.7174516713534905], [0.3256772531047755, 0.6683676430480002, 0.004850927707169724, 0.0011041761400544894], [0.0020795410159526995, 0.0036272197588290084, 0.0009446495474665391, 0.9933485896777516], [0.0038561521176644583, 0.3567533525264945, 0.3246182222952768, 0.31477227306056427], [0.9918327372817349, 0.00024501931887628537, 0.003367264270495852, 0.00455497912889293], [0.007190385612746257, 0.001478718661332871, 0.00028068420071078915, 0.99105021152521], [0.1500348634201533, 0.18326281187114496, 0.13329627622495574, 0.5334060484837461], [0.08017203496659073, 0.9180315887679857, 0.000439600937004787, 0.0013567753284186932], [0.0008466644110797495, 0.9670454691767386, 0.0012157411150310639, 0.030892125297150352], [0.00017403968807417044, 0.001890579387350172, 0.9865133497841224, 0.011422031140453285], [3.8005430386191577e-06, 0.9932239284565751, 0.002374446312830166, 0.0043978246875558845], [1.5622541541505856e-05, 0.9907265766216258, 0.0001912065835128111, 0.009066594253319953], [0.0002879571577226778, 0.0057535874489851625, 0.0013397983082160145, 0.9926186570850761], [0.568545052948835, 0.00418040337724224, 5.732813327157515e-05, 0.4272172155406512], [0.9388458937205294, 0.05342589828605942, 2.129132446132259e-05, 0.0077069166689500345], [0.19335161911859394, 0.09174697468955122, 0.10948704539932762, 0.6054143607925272], [0.2647852732332245, 0.002588387229908481, 4.182728504498913e-05, 0.732584512251822], [0.06089730440865602, 0.9239571269274872, 0.014544165555558876, 0.0006014031082978943], [0.06402629321667389, 0.024474013105020197, 0.13050001836016356, 0.7809996753181424], [0.23565549150162354, 0.2914964966326373, 0.15535113971351353, 0.3174968721522256], [5.571196841168198e-06, 0.9700421261845782, 0.02991449130387282, 3.78113147079331e-05], [7.483079808652277e-05, 0.00012639592395791597, 0.0008763817364943032, 0.9989223915414613], [0.05223742555096254, 0.0076703794364536195, 0.0006695865628079148, 0.939422608449776], [0.0040987340635544696, 0.0763557096369685, 0.00020547529376250366, 0.9193400810057145], [0.9908376182266114, 0.006371455092600441, 0.00086929459116242, 0.001921632089625709], [0.07976598504593309, 0.6584543885189104, 0.14233373247430905, 0.11944589396084745], [0.0015621566578940239, 1.5145840808529975e-05, 0.9390929161251054, 0.059329781376192096], [1.0730909942521477e-05, 0.17455109822292045, 0.0034321380904582064, 0.8220060327766788], [0.002261406268391997, 0.9176243747747699, 0.004379857016001034, 0.07573436194083706], [0.00011916951981106356, 0.004088151889938435, 5.531176417051452e-05, 0.99573736682608], [0.375561916696163, 0.06379328739526625, 0.41357836495756967, 0.14706643095100094], [0.036654877241290094, 0.9628895043742418, 0.0001508757838427733, 0.00030474260062544667], [0.3938408440795022, 0.4033543388426073, 0.1978370483795546, 0.004967768698335868], [0.6304757854763648, 0.3695088524622878, 7.387105757655109e-06, 7.974955589535488e-06], [0.4780449182637581, 0.4916834366692996, 0.029845498580807563, 0.0004261464861345253], [0.1198446226464363, 0.492945178517066, 0.0016124239552668348, 0.3855977748812308], [0.00022293210234010504, 0.8165338129740315, 0.1776145152704109, 0.0056287396532175675], [0.9391057263297405, 0.010433440602322552, 0.0002704247146223929, 0.05019040835331462], [0.02683602211027986, 0.3127752436934111, 0.4142578803654808, 0.24613085383082814], [0.8117193501364606, 0.15369936756487715, 0.01867119916916502, 0.015910083129497245], [0.12661345380586037, 0.02164919671600742, 0.0012446411156025888, 0.8504927083625295], [0.931049024125217, 4.264092190622507e-06, 0.0009521717438444355, 0.06799454003874819], [0.02092760769818015, 0.06397274828289964, 0.004852710537996488, 0.9102469334809238], [0.0002127267632365875, 3.640523880173253e-05, 5.7446494389995216e-05, 0.9996934215035717], [0.6318709853665783, 0.3671153376095211, 0.0009604924475447711, 5.318457635575726e-05], [0.02884025519294272, 0.005105174426672886, 0.15260057645808314, 0.8134539939223012], [0.13027183668262377, 0.04204746186449573, 0.06845786344109486, 0.7592228380117856], [0.01473131027909572, 0.003177582458804673, 0.00914163428733034, 0.9729494729747692], [0.5380061249202922, 0.4208711408899066, 0.0009222556058141493, 0.04020047858398695], [0.937076911406396, 0.011009875111181122, 0.0007454188173051267, 0.05116779466511772], [0.9992097185886523, 8.082054844520542e-06, 4.485188317151517e-05, 0.0007373474733317175], [0.9504124054919608, 0.03931938466217627, 0.00373901925731392, 0.006529190588549027], [0.029716260809585827, 0.9700918601818304, 1.063117787252113e-05, 0.00018124783071119056], [0.08634200434021772, 0.16302824959826126, 0.46762458548695346, 0.28300516057456754], [0.700705557193816, 0.03986905121608706, 3.87211083812827e-05, 0.25938667048171565], [0.8412331761604329, 0.06297323739116945, 0.0015049712062420242, 0.09428861524215576], [0.21906463332836573, 0.001081388065766708, 0.6308813132674552, 0.14897266533841236], [0.0729001534672928, 0.9020653447497974, 0.00020661384369896363, 0.02482788793921083], [0.0013014935058843226, 0.014125319273734015, 0.0029180536242358183, 0.981655133596146], [0.006248472407317754, 0.9765283442428144, 0.0012874528561723272, 0.0159357304936954], [0.011542651824145567, 0.004385667352186302, 0.013034926203628628, 0.9710367546200395], [0.7095874173244399, 0.0038291759897465505, 0.016428187042236815, 0.27015521964357675], [0.7541754880384474, 0.24570614374052407, 3.324289621148373e-05, 8.512532481712773e-05], [0.9816817731585968, 0.00560644288328603, 7.633758618929514e-05, 0.01263544637192766], [0.008651518224709996, 4.2410084921516395e-05, 0.01426621564003279, 0.9770398560503356], [0.5367324419243041, 0.051851993832273256, 0.0005394817861393453, 0.4108760824572834], [0.09126982350779005, 0.630549191799006, 0.0003182582464272303, 0.27786272644677673], [0.06141752149106191, 0.9279794107865766, 0.00873647137364094, 0.0018665963487202748], [0.14821859862138692, 0.004404804348929734, 1.0879689373867018e-06, 0.8473755090607459], [0.008471422169944556, 0.4455920510166488, 0.03593016985841867, 0.5100063569549881], [0.0003117147230148759, 0.6951759814285221, 0.1272702721070789, 0.17724203174138412], [0.00029285247607489844, 0.9405284822380146, 0.0005730676937573132, 0.05860559759215327], [0.927997461779842, 0.0016955170122030696, 0.014212002515302502, 0.05609501869265259], [0.003613434901124119, 0.9500074528538446, 0.027205702593846907, 0.019173409651184217], [0.048572389500663865, 0.002451531445264287, 0.9473748824902605, 0.0016011965638113588], [0.599308650859166, 0.0004674265380191283, 0.0023091494007306144, 0.3979147732020842], [0.9837352594070718, 0.00021593513298076399, 4.303603249649254e-06, 0.01604450185669779], [0.17738430156180945, 0.40774374728604895, 0.010566287248668097, 0.4043056639034735], [0.1244900847506942, 0.43159610441975177, 0.3900136036617684, 0.05390020716778561], [0.0035426286537927195, 0.07009640747713676, 0.8370965301266661, 0.08926443374240438], [0.004969381544945132, 0.062176454588887466, 2.45432512853964e-05, 0.932829620614882], [0.07029567437189924, 0.052081894427873726, 0.0031200016064896904, 0.8745024295937373], [0.0002897290221306279, 0.00033866192206757494, 0.002403157450494396, 0.9969684516053074], [0.6874209643358109, 0.0024961117936140895, 0.00026115585483861906, 0.30982176801573647], [0.002963167530139581, 0.9969034411056454, 3.483628506085148e-05, 9.855507915421967e-05], [0.016967806943989038, 0.03728681584553132, 0.0025890508560287074, 0.943156326354451], [0.08923951966464584, 0.051147239140897166, 0.12739651389904488, 0.7322167272954122], [0.8271482304939651, 0.013351986499606646, 2.0741906121061325e-05, 0.1594790411003071], [0.15977580772425437, 0.6637087675203073, 0.09034315364085557, 0.08617227111458277], [0.36535372066814853, 0.6058697090161637, 0.0001284923429174565, 0.02864807797277021], [0.00010378480398966767, 0.0412843915371209, 0.0006958278466876802, 0.9579159958122018], [0.0013746198353924552, 0.1640837284873593, 0.009670472129777823, 0.8248711795474705], [0.9003650174864514, 0.0019342747648926051, 0.0002448083611041155, 0.097455899387552], [0.04341540640762295, 0.2710913869523542, 0.6853961495686633, 9.705707135950931e-05], [0.14039618071286789, 0.1104827638981166, 0.6164124107284609, 0.13270864466055465]]}}