{"test": {"ids": ["107113200", "113117340", "99109370", "107118490", "103120730", "104119290", "109119010", "98110680", "104113550", "99110730", "106115240", "99116500", "104116441", "101111310", "112117790", "105118740", "112119950", "102114270", "109114030", "107114140", "98108970", "111118820", "104111711", "113122120", "106111321", "97116401", "105116860", "113122230", "111120531", "105112240", "108118810", "103113640", "113117630", "112117660", "108113700", "112118550", "111116530", "107113130", "113119340", "112121030", "102112170", "112116900", "102113210", "104114230", "100113370", "101108290", "110117140", "99120010", "105112260", "106115120", "112118581", "105111990", "103110100", "111117480", "105113210", "110114610", "106121220", "97118210", "104112201", "110118181", "97107260", "108119510", "108114180", "108118291", "100112060", "110117200", "101116130", "110118161", "101115190", "113119360", "100117420", "111120260", "101109370", "103111990", "113122510", "104111380", "98112300", "108113760", "110119891", "111114321", "103120340", "108120060", "113121190", "111116090", "111116640", "111119300", "98108150", "110113591", "105113620", "98109230", "104113210", "107114490", "107114780", "108115970", "112116850", "113122170", "99111930", "105121370", "101111140", "103109791", "113118421", "108121190", "109117431", "110116170", "111121220", "109121640", "104114320", "112120990", "107119950", "104112470", "106120290", "99111440", "106117650", "98111620", "113122650", "103117200", "112117210", "107113360", "113121410", "107112850", "113122220", "107114200", "103111170", "107117010", "112121360", "105115900", "110118111", "111119930", "113120540", "103118110", "102121440", "111115400", "111119950", "106121190", "99108710", "107116501", "110120540", "108114360", "111120591", "112119980", "97109080", "113121980"], "labels": [0, 2, 1, 2, 1, 1, 3, 2, 1, 3, 1, 2, 1, 3, 3, 1, 0, 3, 1, 2, 3, 0, 1, 1, 0, 3, 2, 1, 0, 1, 1, 1, 0, 0, 0, 3, 3, 1, 0, 0, 3, 3, 3, 2, 3, 0, 3, 2, 3, 1, 1, 2, 1, 1, 3, 1, 1, 2, 0, 1, 2, 1, 1, 3, 2, 3, 2, 0, 1, 0, 2, 3, 1, 2, 2, 3, 2, 1, 3, 1, 1, 1, 1, 3, 0, 1, 0, 0, 0, 1, 3, 3, 2, 2, 0, 1, 1, 2, 2, 3, 3, 1, 1, 0, 3, 0, 2, 2, 3, 1, 2, 3, 1, 3, 2, 0, 1, 0, 0, 1, 1, 2, 2, 1, 3, 3, 1, 1, 3, 2, 2, 0, 0, 2, 2, 1, 1, 1, 1, 0, 2, 2], "predicted_labels": [3, 0, 0, 1, 3, 3, 3, 2, 0, 0, 1, 2, 1, 0, 3, 3, 3, 1, 3, 0, 3, 1, 3, 3, 1, 2, 0, 0, 1, 1, 0, 0, 1, 0, 0, 1, 1, 0, 3, 3, 0, 1, 1, 3, 3, 3, 3, 3, 3, 1, 1, 1, 3, 3, 0, 0, 3, 0, 0, 3, 3, 0, 3, 0, 1, 3, 3, 1, 3, 3, 2, 0, 2, 0, 1, 0, 3, 1, 0, 1, 3, 2, 1, 1, 2, 3, 0, 3, 1, 3, 3, 3, 1, 3, 3, 1, 1, 0, 0, 2, 0, 0, 1, 0, 3, 3, 1, 1, 0, 3, 0, 0, 1, 3, 3, 3, 2, 0, 3, 0, 2, 1, 1, 2, 1, 3, 3, 3, 0, 3, 3, 3, 3, 1, 1, 3, 1, 1, 0, 3, 1, 3], "confidence_scores": [[0.1828512735015185, 0.3129113443955769, 0.1888397770108692, 0.31539760509203557], [0.5185155959359063, 0.20471432358329192, 0.14647779757217988, 0.13029228290862188], [0.42707412256285593, 0.2360134153347457, 0.08220166962401865, 0.25471079247837963], [0.282835908311969, 0.37786327044150586, 0.1388205640337022, 0.200480257212823], [0.2998669534702946, 0.16364018525076782, 0.08434205775956127, 0.45215080351937637], [0.14429438294335895, 0.2292542823643234, 0.14202728392614344, 0.4844240507661742], [0.178630366694734, 0.20185322332109717, 0.17334430749150115, 0.44617210249266787], [0.2130634107685811, 0.22837456894732527, 0.28715665208796937, 0.27140536819612426], [0.4075423518448925, 0.2575137990823571, 0.17682965842586273, 0.15811419064688775], [0.2931203060532825, 0.28460581409477703, 0.1447362431823953, 0.27753763666954506], [0.12297375153836637, 0.6538117909447869, 0.07045687927591761, 0.15275757824092884], [0.1367669308055599, 0.2512168338624466, 0.34876888781576204, 0.2632473475162313], [0.186855206810632, 0.35502810711327876, 0.12182750462592416, 0.33628918145016495], [0.4476406347691007, 0.26224930786770384, 0.1603920437635606, 0.12971801359963497], [0.2513822740767196, 0.14380090278967675, 0.08015440234653033, 0.5246624207870733], [0.2612008746368243, 0.24364914497894802, 0.12172525971093902, 0.3734247206732888], [0.22682021843045305, 0.2611267974635263, 0.07849029738365598, 0.4335626867223646], [0.3053799628637911, 0.39572819694496836, 0.11610757546863155, 0.18278426472260914], [0.2931496329051743, 0.26810934107425644, 0.12171167632008416, 0.3170293497004852], [0.3450797221476595, 0.24346710867791876, 0.2014561474948901, 0.2099970216795319], [0.2536467419521167, 0.2605512035985744, 0.20704005819607715, 0.27876199625323195], [0.326460567707927, 0.33420421581048687, 0.07518890635590271, 0.2641463101256835], [0.1625161915619232, 0.3013558546597658, 0.16093806104366215, 0.37518989273464887], [0.1931248096083905, 0.22575333190596175, 0.22157716989062917, 0.3595446885950187], [0.27238377798203417, 0.511349995011603, 0.10225073088544558, 0.11401549612091719], [0.18448911960323336, 0.2578455502558741, 0.29537279176783493, 0.2622925383730579], [0.40299825475459816, 0.3375797250893264, 0.1602173843305597, 0.09920463582551585], [0.4218605495975039, 0.19409642327081658, 0.0974398692546885, 0.286603157876991], [0.14911661599177664, 0.3310248212207293, 0.2570522519702795, 0.2628063108172145], [0.15200966991401016, 0.3903895391944648, 0.16428722398339884, 0.2933135669081263], [0.39852087613080345, 0.18784568056210152, 0.09061758710468312, 0.32301585620241197], [0.4748411589025806, 0.226010363701338, 0.11370451285249693, 0.18544396454358436], [0.20206757435781122, 0.3460272289523284, 0.14927428831112577, 0.3026309083787347], [0.41343815385965016, 0.2739349585715361, 0.16718958855200916, 0.14543729901680458], [0.4120503822531455, 0.21062372834819912, 0.23094062654667324, 0.1463852628519823], [0.21051439153556947, 0.39051257189806626, 0.10440785617913262, 0.29456518038723156], [0.23534914916622252, 0.36344580713002483, 0.15952944353565857, 0.24167560016809403], [0.30332884595141973, 0.23177288581114325, 0.28418645917812974, 0.1807118090593075], [0.2719172539001737, 0.2597838946154269, 0.12663427646494915, 0.3416645750194503], [0.36539852496472386, 0.07174634565118099, 0.06551377953995755, 0.4973413498441377], [0.5642547511136978, 0.2034169509335806, 0.05319384814272133, 0.17913444981000026], [0.2702988959758031, 0.495085602468642, 0.05509877216392069, 0.17951672939163424], [0.20306337152283238, 0.3207379037069306, 0.25754078070354136, 0.2186579440666956], [0.16302732118173474, 0.28507393291476074, 0.1310727749256192, 0.42082597097788543], [0.23123156736320588, 0.21726742830841997, 0.11823481860593492, 0.4332661857224392], [0.3730257644321574, 0.12144115297823906, 0.09584948308439215, 0.4096835995052114], [0.24565213875477934, 0.11808023709116523, 0.209830328175422, 0.4264372959786335], [0.2397581583789577, 0.2664538678396509, 0.11087357563335166, 0.38291439814803957], [0.17242065632067033, 0.2124636270474503, 0.12445296595276006, 0.49066275067911935], [0.29812754667947683, 0.3264757582814191, 0.10385969258770845, 0.2715370024513956], [0.1279045579352874, 0.37980080638783575, 0.24593534998845473, 0.24635928568842227], [0.32103427620048436, 0.5354578263758801, 0.045166843494208755, 0.09834105392942685], [0.31333832612048945, 0.2042394659814342, 0.1667228463766706, 0.31569936152140593], [0.19355867392601092, 0.1931231111163181, 0.10397435000211638, 0.5093438649555545], [0.5488632337136301, 0.12630987314110245, 0.16544660953793447, 0.15938028360733278], [0.3346057010415664, 0.2077211832417503, 0.25235279426725116, 0.20532032144943207], [0.3520004562840738, 0.14355500816434244, 0.07020277918966969, 0.4342417563619141], [0.4946617075824936, 0.10176007125384388, 0.23195890700060096, 0.17161931416306164], [0.6509742802994735, 0.08886821519623929, 0.06555457790264631, 0.19460292660164083], [0.1408121378312599, 0.34359621655279193, 0.11723125498570929, 0.39836039063023887], [0.2495935371904464, 0.23737792336121827, 0.1972486278050718, 0.3157799116432636], [0.36379719261681964, 0.15652605220058258, 0.18590790948855032, 0.29376884569404765], [0.0880051535599553, 0.194381057750412, 0.20678474439074604, 0.5108290442988866], [0.47465077466224453, 0.1778505153712794, 0.06338795498106241, 0.28411075498541366], [0.13449880294363206, 0.36675311329161886, 0.15147499932913577, 0.3472730844356135], [0.21524766335123022, 0.2254375243374852, 0.08226945351753977, 0.47704535879374477], [0.1861121717230856, 0.2801446533183995, 0.22616129649411434, 0.30758187846440066], [0.26001306977496264, 0.4478091920643372, 0.06712126017004509, 0.2250564779906552], [0.24658377042984267, 0.14105452535054486, 0.11335934062434054, 0.49900236359527195], [0.3040867206986958, 0.20136012662370667, 0.18693568095029547, 0.3076174717273022], [0.15306069580669818, 0.20758721251480297, 0.39762495787911895, 0.24172713379937988], [0.40377843321009965, 0.20043130290751462, 0.13044752927878667, 0.2653427346035991], [0.266313496323127, 0.2181445175726104, 0.2746395562492469, 0.24090242985501573], [0.3519693448044974, 0.1962678518998084, 0.19674238592819268, 0.2550204173675015], [0.23950839644630753, 0.3264818514982428, 0.16719961546692141, 0.26681013658852826], [0.35913556231964466, 0.28575693822039944, 0.15934458808025395, 0.1957629113797021], [0.13134853372237726, 0.3004772587132215, 0.16775678065567406, 0.4004174269087273], [0.17101613614155048, 0.2929993502183588, 0.26784450692527956, 0.26814000671481114], [0.35852092232928506, 0.1997450355327723, 0.14038962507743943, 0.301344417060503], [0.13180410258605668, 0.39411189307777234, 0.13543857574724116, 0.33864542858892993], [0.21843941668096964, 0.2851991044144924, 0.1611473014939924, 0.3352141774105456], [0.2519494741630956, 0.20247817230864548, 0.3390263609220267, 0.20654599260623227], [0.28553289068278886, 0.3272439901875791, 0.1509751292149728, 0.2362479899146593], [0.19031940070786346, 0.4109074928047014, 0.07440679088753878, 0.3243663155998965], [0.23810948498274817, 0.17094053696688352, 0.3967038389379201, 0.19424613911244837], [0.27676576396027824, 0.20442158046335562, 0.10589126472693373, 0.4129213908494324], [0.5239238913836971, 0.210694427006232, 0.10592165242058628, 0.1594600291894847], [0.17792832244470305, 0.2596015915042657, 0.11970989556325945, 0.4427601904877717], [0.17290565254984885, 0.4428588271341202, 0.18775967375054575, 0.19647584656548525], [0.2973190433226047, 0.12383469326397452, 0.19326714177617282, 0.3855791216372478], [0.3701880749253382, 0.1454108071986056, 0.09976816811934557, 0.3846329497567106], [0.14605086140810516, 0.1584765064604258, 0.3433473406758335, 0.3521252914556357], [0.2386259545600854, 0.4523650170190289, 0.15643132866913795, 0.1525776997517477], [0.1956838462135857, 0.2311429401226858, 0.11302105977736195, 0.4601521538863665], [0.23479682381622938, 0.2773744208998526, 0.1471677394427005, 0.3406610158412176], [0.1187956940270298, 0.3513842515872134, 0.19740678498728698, 0.3324132693984697], [0.1505444557920053, 0.4575491872882554, 0.10167525541315288, 0.2902311015065865], [0.46375024359682226, 0.1759159522433888, 0.08491688598121583, 0.27541691817857294], [0.6004144209009324, 0.11819226102504439, 0.08241062063804208, 0.19898269743598115], [0.254276218525809, 0.20926496973718506, 0.3029910456259429, 0.2334677661110631], [0.41152694405039886, 0.17176215248163834, 0.11264955826115046, 0.30406134520681233], [0.40079723250275573, 0.1774068595813388, 0.15025274208056189, 0.27154316583534366], [0.18171232823869282, 0.3116055481586632, 0.21253868252636016, 0.29414344107628393], [0.45804549304296194, 0.2110449764702241, 0.1881308509303872, 0.14277867955642654], [0.14195215602396605, 0.3297993940522735, 0.13928842899041233, 0.3889600209333481], [0.2573172417098798, 0.17399921192186107, 0.1567027961019384, 0.41198075026632086], [0.19685453851086349, 0.3886958686321075, 0.27597594363883643, 0.13847364921819258], [0.20948716683212862, 0.39239823655830725, 0.1925300628487898, 0.2055845337607744], [0.3645030329264141, 0.11971645772318645, 0.20003579117567621, 0.3157447181747232], [0.16819576673373554, 0.2148939832796943, 0.11149285896253415, 0.505417391024036], [0.35303651093287824, 0.2071610840245474, 0.16301459022601394, 0.2767878148165605], [0.41969709976061126, 0.2824411445440945, 0.12624383559905847, 0.17161792009623572], [0.12416354715099777, 0.5420409019204879, 0.09164140296080181, 0.24215414796771256], [0.1642072793984375, 0.21000094091461055, 0.2516510409115841, 0.3741407387753679], [0.1785500135417061, 0.23754482722534295, 0.15679762105811199, 0.4271075381748389], [0.30188242405093446, 0.2219806530683486, 0.14007754654941534, 0.3360593763313017], [0.23437218946939495, 0.25755788008314917, 0.30629129416351597, 0.20177863628394005], [0.5140272726198498, 0.11833610597484441, 0.06537525375678586, 0.3022613676485201], [0.2780420524035502, 0.2079319726255141, 0.11458651365738187, 0.39943946131355407], [0.33373800964339956, 0.2984835384506061, 0.08118916039714277, 0.2865892915088516], [0.23708622048253622, 0.1756991856439062, 0.29808164100820445, 0.28913295286535295], [0.1977579913391021, 0.49429230042120137, 0.06436890996478721, 0.2435807982749094], [0.14853916724310917, 0.4406211698325492, 0.16325838728715095, 0.2475812756371906], [0.09409717080678418, 0.19889369649784036, 0.5872771425692992, 0.11973199012607638], [0.3528666233631464, 0.36876608576539105, 0.12237049539419885, 0.15599679547726383], [0.1439254504909856, 0.27121821647156996, 0.24914526239869564, 0.33571107063874883], [0.27173414007230584, 0.2419026118868895, 0.1758383438414601, 0.3105249041993446], [0.23040559913577519, 0.22768750703923807, 0.0860482143568277, 0.45585867946815883], [0.5921163555640108, 0.14691258898865223, 0.07153248616605676, 0.1894385692812804], [0.21951495526617612, 0.2835251447327675, 0.2031980671553783, 0.29376183284567803], [0.27078314277083, 0.2627710033565032, 0.14776028757109957, 0.31868556630156714], [0.1904035329036985, 0.18780642723351376, 0.10336650836456887, 0.5184235314982188], [0.29163399114395266, 0.19812471548612104, 0.14289156753311225, 0.3673497258368141], [0.23744474319445064, 0.37869319005604385, 0.19280281455127116, 0.19105925219823425], [0.1294003381618874, 0.4860337536097062, 0.15068770093414416, 0.23387820729426226], [0.17983197316294489, 0.20138747154435196, 0.16192531245903166, 0.45685524283367135], [0.133020700085972, 0.5931929555296962, 0.1723637461209283, 0.10142259826340345], [0.1418468814306995, 0.40470535596966484, 0.18048796076870524, 0.2729598018309304], [0.4210328210292552, 0.23569333863300176, 0.07603480988460833, 0.26723903045313474], [0.09174544028153933, 0.17153831835688424, 0.10749898132536034, 0.6292172600362161], [0.1403386481072956, 0.6671258852903651, 0.04444998985634978, 0.14808547674598974], [0.26674224866423796, 0.26912558930008756, 0.18098126576967885, 0.2831508962659956]]}, "rewritten": {"ids": ["97107260", "97109080", "97116401", "97118210", "98108150", "98108970", "98109230", "98110680", "98111620", "98112300", "99108710", "99109370", "99110730", "99111440", "99111930", "99116500", "99120010", "100112060", "100113370", "100117420", "101108290", "101109370", "101111140", "101111310", "101115190", "101116130", "102112170", "102113210", "102114270", "102121440", "103109791", "103110100", "103111170", "103111990", "103113640", "103117200", "103118110", "103120340", "103120730", "104111380", "104111711", "104112201", "104112470", "104113210", "104113550", "104114230", "104114320", "104116441", "104119290", "105111990", "105112240", "105112260", "105113210", "105113620", "105115900", "105116860", "105118740", "105121370", "106111321", "106115120", "106115240", "106117650", "106120290", "106121190", "106121220", "107112850", "107113130", "107113200", "107113360", "107114140", "107114200", "107114490", "107114780", "107116501", "107117010", "107118490", "107119950", "108113700", "108113760", "108114180", "108114360", "108115970", "108118291", "108118810", "108119510", "108120060", "108121190", "109114030", "109117431", "109119010", "109121640", "110113591", "110114610", "110116170", "110117140", "110117200", "110118111", "110118161", "110118181", "110119891", "110120540", "111114321", "111115400", "111116090", "111116530", "111116640", "111117480", "111118820", "111119300", "111119930", "111119950", "111120260", "111120531", "111120591", "111121220", "112116850", "112116900", "112117210", "112117660", "112117790", "112118550", "112118581", "112119950", "112119980", "112120990", "112121030", "112121360", "113117340", "113117630", "113118421", "113119340", "113119360", "113120540", "113121190", "113121410", "113121980", "113122120", "113122170", "113122220", "113122230", "113122510", "113122650"], "labels": [2, 2, 3, 2, 0, 3, 1, 2, 3, 2, 2, 1, 3, 3, 1, 2, 2, 2, 3, 2, 0, 1, 2, 3, 1, 2, 3, 3, 3, 2, 3, 1, 2, 2, 1, 0, 2, 1, 1, 3, 1, 0, 1, 3, 1, 2, 2, 1, 1, 2, 1, 3, 3, 0, 3, 2, 1, 2, 0, 1, 1, 1, 2, 2, 1, 1, 1, 0, 0, 2, 2, 3, 2, 1, 1, 2, 3, 0, 1, 1, 1, 2, 3, 1, 1, 1, 1, 1, 1, 3, 0, 0, 1, 0, 3, 3, 1, 0, 1, 3, 1, 1, 0, 3, 3, 0, 1, 0, 1, 1, 0, 3, 0, 1, 3, 0, 3, 1, 0, 3, 3, 1, 0, 0, 2, 0, 3, 2, 0, 3, 0, 0, 3, 1, 0, 2, 1, 1, 1, 1, 2, 2], "predicted_labels": [3, 3, 3, 0, 3, 3, 3, 3, 0, 3, 1, 3, 3, 0, 1, 1, 1, 3, 3, 2, 0, 0, 0, 0, 3, 3, 0, 1, 0, 3, 1, 1, 1, 3, 0, 1, 3, 1, 3, 0, 3, 0, 3, 3, 0, 1, 2, 3, 3, 1, 1, 3, 0, 0, 0, 1, 3, 1, 2, 0, 1, 1, 0, 3, 3, 3, 2, 3, 0, 0, 3, 3, 1, 3, 2, 1, 3, 0, 1, 1, 1, 1, 0, 0, 0, 1, 1, 1, 3, 0, 3, 1, 1, 3, 3, 3, 3, 0, 1, 1, 1, 1, 3, 1, 1, 0, 3, 0, 3, 3, 3, 0, 1, 0, 0, 1, 0, 2, 2, 0, 0, 3, 0, 3, 3, 0, 0, 0, 1, 3, 1, 0, 0, 1, 3, 1, 3, 3, 2, 1, 1, 0], "confidence_scores": [[0.1990428515984768, 0.29083930179191203, 0.19756559630932088, 0.3125522503002902], [0.14980618313478503, 0.3668497964108447, 0.053387387934570436, 0.4299566325197999], [0.251175291851375, 0.2187131587172399, 0.14868120700215287, 0.38143034242923235], [0.6302148452127986, 0.10777779087453372, 0.1496090611069092, 0.11239830280575842], [0.2280667564573546, 0.27580780396804727, 0.09846490663265606, 0.3976605329419422], [0.25383340531883836, 0.27929915938348227, 0.17424511137648277, 0.29262232392119664], [0.22117028550697332, 0.20394762964384355, 0.2603743776099514, 0.31450770723923194], [0.21567327952617202, 0.2677436219989658, 0.20902776978282336, 0.3075553286920389], [0.3314995868917981, 0.1647720779955187, 0.215419121321793, 0.2883092137908902], [0.24338126443493238, 0.28057242686034484, 0.18660602095600337, 0.28944028774871944], [0.14087824934418036, 0.45857471148432755, 0.17011204275741826, 0.23043499641407397], [0.29268301747641223, 0.26284186315874386, 0.1171277340180128, 0.327347385346831], [0.20600384294339757, 0.25260943582968853, 0.20585685264061357, 0.33552986858630024], [0.45694027314800245, 0.21690042816049096, 0.13641090652222007, 0.18974839216928652], [0.14357104701689025, 0.528362934555412, 0.14700040445761528, 0.1810656139700825], [0.14213792613168033, 0.31993914825166764, 0.29003924678473886, 0.24788367883191345], [0.21932916133265348, 0.4376125601188924, 0.09643582684092182, 0.24662245170753236], [0.22732584122958288, 0.2546939929228596, 0.1316494017545457, 0.386330764093012], [0.23614625697286887, 0.22218963765428568, 0.21197057975301511, 0.3296935256198302], [0.21125795419197205, 0.14427624848619733, 0.4999942158898034, 0.14447158143202724], [0.40717143744577944, 0.1894812726148457, 0.1119272847790773, 0.29142000516029765], [0.2650115224811426, 0.21602467338623704, 0.25772131247312374, 0.2612424916594964], [0.5746028950457963, 0.1320660810941929, 0.13907753884423876, 0.15425348501577205], [0.3284461800084771, 0.3111732947316767, 0.13632038594982976, 0.22406013931001648], [0.2890426495036015, 0.20362916877792572, 0.13519019964275733, 0.37213798207571547], [0.21514993337482036, 0.3049374688651627, 0.17044359366285597, 0.30946900409716116], [0.4903512006005765, 0.17935154204612536, 0.06965797984973436, 0.26063927750356386], [0.25645562774778935, 0.3133906466962223, 0.12548695657539236, 0.30466676898059586], [0.44254316893433654, 0.2850552323893179, 0.0785639058409888, 0.19383769283535662], [0.16590563319664306, 0.19317457867167387, 0.10446689383791978, 0.5364528942937632], [0.16597725975589994, 0.39337503092206055, 0.17838745570139905, 0.26226025362064054], [0.2133402101310832, 0.3573624824392399, 0.2752220223420473, 0.15407528508762944], [0.11560019846510734, 0.42802740492740027, 0.2861947985661885, 0.17017759804130386], [0.19696305518304022, 0.32870069173556454, 0.113996250020281, 0.3603400030611142], [0.6478936488483913, 0.1329235564147048, 0.14168522891251284, 0.07749756582439112], [0.2600767489426249, 0.30804660397990785, 0.12918193387303809, 0.3026947132044291], [0.22881364519816136, 0.20853851818457847, 0.13582617371534694, 0.42682166290191337], [0.18331778945002733, 0.4277394541090308, 0.08520779965313884, 0.30373495678780316], [0.14412547699050943, 0.1907992826175199, 0.042115816809151045, 0.6229594235828195], [0.44028095973406245, 0.20375914650675328, 0.19751004384675228, 0.158449849912432], [0.2536739948387583, 0.2081210009641506, 0.1683433327538623, 0.3698616714432288], [0.4213610017529298, 0.1626629322838051, 0.0719064871913269, 0.3440695787719383], [0.15999876268551552, 0.3437812864830556, 0.12833330184314826, 0.3678866489882807], [0.32568478155918335, 0.233870617321317, 0.11437295024030984, 0.3260716508791899], [0.39901909426360427, 0.19179187495037572, 0.2702685634578025, 0.1389204673282175], [0.11095241498552513, 0.3620662048743818, 0.171782439137684, 0.3551989410024091], [0.12674478691058777, 0.27947341828381955, 0.3763444718324012, 0.21743732297319168], [0.15428473066769086, 0.285480484458098, 0.15606388641242336, 0.4041708984617877], [0.20742827463186791, 0.183927775611917, 0.19341769711828613, 0.4152262526379289], [0.18469732026506352, 0.6336944894675585, 0.07655264637402308, 0.10505554389335506], [0.21570700792707692, 0.4307266749729922, 0.1363031163271092, 0.21726320077282166], [0.14938118779485635, 0.3068243494136076, 0.17940705597512638, 0.3643874068164099], [0.5370056933536608, 0.13749450813130215, 0.11334335324532241, 0.21215644526971464], [0.29268009933096695, 0.29218580998265414, 0.20272234196641498, 0.212411748719964], [0.28996343997330287, 0.24368687447845452, 0.18693255563344777, 0.2794171299147948], [0.2795419589958296, 0.3976736516354348, 0.170077534823074, 0.15270685454566163], [0.2600056488180193, 0.16376798789236233, 0.0735186640241105, 0.502707699265508], [0.16819079279048074, 0.4199932387641602, 0.12345628390515925, 0.28835968454019995], [0.2871183895285652, 0.27901256194683, 0.31398874300638313, 0.11988030551822164], [0.40078207076953637, 0.37444634010505845, 0.0672734598895979, 0.15749812923580736], [0.20237280793783288, 0.43533478868601283, 0.04355458189908818, 0.31873782147706614], [0.1238919653569555, 0.43633662881860513, 0.23169356319890358, 0.2080778426255358], [0.47095820957328915, 0.2012430030674155, 0.13274339204047794, 0.19505539531881733], [0.08776562296684137, 0.10091176191298488, 0.2878789172200731, 0.5234436979001006], [0.3728815821852615, 0.14245819950261163, 0.09652473314568785, 0.38813548516643914], [0.2142478476816571, 0.1609757977732792, 0.1929156991967079, 0.4318606553483558], [0.263841542273879, 0.27176555166213673, 0.29379397724786194, 0.1705989288161223], [0.093015700669713, 0.3665776870175518, 0.12394334038654137, 0.4164632719261939], [0.4393440355722935, 0.142541703257645, 0.10789513100603758, 0.3102191301640238], [0.4640864486235684, 0.17922546000833608, 0.1395145782441239, 0.21717351312397148], [0.13481185854334907, 0.33800815349044205, 0.1390838790372732, 0.38809610892893576], [0.19366360516394543, 0.23664073347559283, 0.12826737083829337, 0.4414282905221684], [0.16630048796372568, 0.5504888871794712, 0.15767163973742482, 0.1255389851193784], [0.1933139955853865, 0.23059987171069332, 0.1324320571057698, 0.44365407559815034], [0.09045024333619119, 0.33583210034401645, 0.4825296730840395, 0.091187983235753], [0.21378182407817337, 0.4171049125021642, 0.1619049092414319, 0.20720835417823055], [0.22707311760002555, 0.2147690868698014, 0.07219382727095842, 0.48596396825921456], [0.32555032829647157, 0.26926431126535294, 0.22014723087660215, 0.18503812956157334], [0.13423131891060364, 0.37058368503350647, 0.30009981842555783, 0.19508517763033212], [0.1645574545764925, 0.30888898475921145, 0.2343311036678532, 0.2922224569964429], [0.13504889251509772, 0.483691457504301, 0.22778624986141005, 0.15347340011919153], [0.17926069979463902, 0.3941190026394783, 0.06643763707254619, 0.3601826604933366], [0.7706470545531724, 0.060785174232485674, 0.026996089246041553, 0.14157168196830053], [0.3758308643770786, 0.24383620835490102, 0.06485495865328182, 0.3154779686147386], [0.35481675008634833, 0.2411627452976705, 0.15309946889535128, 0.2509210357206299], [0.18810448306909494, 0.30794509967893224, 0.23574812563125966, 0.26820229162071335], [0.2429965852841534, 0.4656802986681404, 0.12901760067067108, 0.1623055153770351], [0.30130708401130096, 0.3344835540375876, 0.07537026777318506, 0.2888390941779263], [0.20878639486431017, 0.3213325539592123, 0.09098206881966901, 0.3788989823568087], [0.332096941223847, 0.19307486178018188, 0.3289120330596902, 0.14591616393628112], [0.1652753637596577, 0.2077927530980445, 0.06946013527402477, 0.557471747868273], [0.29743115767444595, 0.3195714434315371, 0.17000841784490286, 0.21298898104911407], [0.2579109265644864, 0.3425589220750844, 0.1719594209001152, 0.22757073046031392], [0.22339249117321114, 0.21069055127718603, 0.12203968991372093, 0.4438772676358819], [0.24457354464445588, 0.20351151443957455, 0.18517569075900167, 0.366739250156968], [0.14331698669851178, 0.11725204235819396, 0.06021528083138466, 0.6792156901119096], [0.18331349911601827, 0.2852096942368308, 0.10772509602789203, 0.4237517106192589], [0.3152284845988974, 0.30990747123353474, 0.07349840688618056, 0.3013656372813874], [0.15262731724729645, 0.5530484878091463, 0.12420106675802679, 0.17012312818553055], [0.12451723546842665, 0.49961675341183837, 0.12740370514942298, 0.2484623059703119], [0.15443809118545207, 0.45064019121885157, 0.23792426918055934, 0.15699744841513721], [0.21786697630782556, 0.4090297060999563, 0.13846033987092657, 0.23464297772129164], [0.15430870485857998, 0.16114293250180564, 0.09847534026271527, 0.5860730223768992], [0.19773305593456555, 0.6146522159918169, 0.05504026151684995, 0.13257446655676755], [0.21010619019882765, 0.5068303313268488, 0.08840391321396261, 0.19465956526036085], [0.35043499841629233, 0.2625432782425455, 0.25369470449408993, 0.13332701884707204], [0.18636812425218963, 0.12487309819565219, 0.11433559701212129, 0.574423180540037], [0.31171967226064257, 0.30834339744169326, 0.09295605692532327, 0.2869808733723408], [0.27690561133473385, 0.22023616881725017, 0.13378867697011537, 0.3690695428779005], [0.14584726771397888, 0.23034604876806233, 0.08298496294222757, 0.5408217205757312], [0.2334193489529416, 0.2445616369753195, 0.1281459004991063, 0.39387311357263277], [0.38824597750022316, 0.20362839259553522, 0.09912854353006141, 0.3089970863741803], [0.12945783557890858, 0.38722201990480687, 0.27863072786210913, 0.20468941665417548], [0.4079941563147899, 0.18299638330203546, 0.05444759566116896, 0.3545618647220058], [0.3471456488566028, 0.3312106902111162, 0.07952916843603654, 0.24211449249624445], [0.19942333175307922, 0.40557252286412737, 0.11697026707636198, 0.2780338783064315], [0.3802670469481427, 0.33678341038086906, 0.07258393915625073, 0.21036560351473763], [0.21681242784075516, 0.2596885323211079, 0.33818806090323095, 0.18531097893490597], [0.30913726110215783, 0.24750121222271035, 0.31812251351935833, 0.12523901315577346], [0.3975758619442328, 0.20616472209247882, 0.24704794276435896, 0.14921147319892947], [0.4174766713003814, 0.2568857137656786, 0.12913093827369512, 0.19650667666024482], [0.16734530282810295, 0.28375049903266675, 0.21292878727576572, 0.3359754108634646], [0.3624529287617162, 0.21948001629443506, 0.08859623369601725, 0.32947082124783145], [0.10050747055308261, 0.1115337337171367, 0.09771764912853335, 0.6902411466012474], [0.16705506276958088, 0.30703562328577355, 0.15784341852117006, 0.3680658954234756], [0.6171631286942642, 0.12784119002674788, 0.0555197745153471, 0.19947590676364083], [0.43030101118818, 0.272463577443936, 0.09504917730931975, 0.2021862340585642], [0.4593174519761915, 0.184338014098895, 0.25944726211759284, 0.09689727180732055], [0.22476094356119047, 0.4397784523701474, 0.09974840462641121, 0.23571219944225083], [0.28669326096328007, 0.17630192736791733, 0.08971247694503083, 0.4472923347237717], [0.23303178975464248, 0.40384441491194556, 0.08079904346287436, 0.2823247518705377], [0.3791880107593779, 0.2272111593001702, 0.22095762722019877, 0.17264320272025313], [0.4477392141647717, 0.17190165448585934, 0.08833579433582635, 0.2920233370135426], [0.2254812345919388, 0.2837233456936391, 0.23496698483470635, 0.2558284348797158], [0.17791651809932066, 0.27915897897796305, 0.07553679221135483, 0.4673877107113614], [0.24015184261927397, 0.3518145376241043, 0.18799625727225824, 0.2200373624843635], [0.20081600851285375, 0.24456406804997008, 0.12193308127332317, 0.4326868421638529], [0.13741471534529925, 0.11693896603629235, 0.26121953340302234, 0.484426785215386], [0.16615678324550273, 0.1684642468307312, 0.4263318313695755, 0.23904713855419063], [0.20418384498273393, 0.3408285069276131, 0.16927546930276632, 0.2857121787868866], [0.2071913838177974, 0.29048275291560516, 0.24058712732897247, 0.26173873593762514], [0.32598857354033023, 0.19723397375330604, 0.16160912547027995, 0.31516832723608373]]}}