{"test": {"ids": ["113120640", "107114110", "106118161", "97116500", "110114321", "97113900", "98109090", "99113260", "101112160", "102107961", "98112170", "112121030", "110118810", "108115870", "107118780", "109117080", "111117571", "97106770", "104111830", "103118291", "107118120", "111120640", "108115880", "99107660", "98107340", "98109570", "97116401", "97107040", "111121190", "102110050", "112120270", "107116300", "108117610", "110118111", "107115140", "98108370", "113122220", "104116980", "98109311", "110121500", "102112250", "100112060", "98116940", "106116640", "112116451", "103112641", "113119340", "101110740", "110118630", "110120540", "112118620", "108114180", "109117431", "101111310", "98117740", "100108520", "109118161", "109120540", "104116441", "105119550", "102113350", "110117140", "111117120", "111120220", "100109000", "100120010", "99110050", "101108121", "112118511", "109120621", "105110091", "111117000", "113119700", "112119320", "100109980", "109117150", "107114321", "111119290", "97107821", "100109330", "98111620", "98107410", "113122180", "106118301", "110118161", "110119300", "103112470", "113118630", "101108621", "104112201", "107112840", "107121700", "110119891", "103110760", "97112300", "99107560", "103110100", "100108260", "107114280", "108114040", "113118490", "109120150", "106112770", "101111990", "109114270", "105117431", "99110730", "105116860", "113118690", "100109890", "103110840", "111117200", "110121170", "104113550", "112120630", "105113620", "112118471", "99108010", "97118210", "98111231", "101112540", "97112290", "106113360", "100109910", "109116810", "104114740", "109114651", "103111830", "109113931", "108120621", "113118820", "105113210", "99108520", "101108460", "101108500", "107117630", "108114220", "100108990", "105120621", "97107920", "109119450", "112116880"], "labels": [0, 1, 3, 2, 1, 2, 1, 0, 3, 3, 3, 0, 1, 3, 1, 1, 3, 3, 3, 0, 3, 0, 3, 3, 0, 1, 3, 2, 1, 3, 0, 0, 3, 1, 0, 1, 1, 1, 1, 3, 0, 2, 2, 3, 0, 3, 0, 3, 1, 1, 3, 1, 1, 3, 2, 2, 0, 1, 1, 1, 3, 3, 2, 3, 1, 0, 3, 0, 1, 1, 0, 0, 0, 1, 1, 2, 0, 3, 2, 0, 3, 3, 2, 1, 0, 1, 1, 3, 0, 0, 1, 3, 3, 1, 2, 1, 1, 3, 3, 0, 1, 2, 1, 2, 3, 1, 3, 2, 3, 3, 1, 0, 2, 1, 3, 0, 1, 2, 2, 1, 2, 1, 0, 2, 3, 2, 3, 3, 1, 1, 0, 3, 2, 0, 3, 0, 3, 2, 1, 0, 3, 0], "predicted_labels": [1, 3, 1, 2, 0, 2, 2, 1, 2, 1, 0, 0, 3, 3, 3, 1, 0, 0, 3, 3, 1, 1, 3, 0, 3, 3, 2, 2, 3, 1, 1, 3, 3, 1, 3, 2, 3, 2, 0, 0, 2, 1, 1, 3, 0, 2, 0, 1, 1, 1, 3, 3, 0, 0, 1, 3, 0, 1, 3, 1, 3, 1, 3, 0, 0, 1, 1, 1, 3, 0, 1, 3, 1, 2, 0, 1, 3, 3, 0, 0, 2, 3, 3, 0, 3, 0, 1, 0, 1, 3, 1, 1, 3, 0, 1, 1, 3, 0, 1, 3, 0, 2, 1, 1, 3, 1, 1, 1, 0, 1, 0, 3, 3, 0, 0, 1, 3, 1, 2, 0, 3, 1, 1, 2, 3, 3, 0, 3, 0, 0, 0, 3, 2, 0, 1, 2, 1, 1, 3, 0, 3, 1], "confidence_scores": [[0.3456645936262501, 0.392462274607611, 0.029037856600141125, 0.23283527516599772], [0.020631876697860162, 0.17685410112889516, 0.07166955511837576, 0.7308444670548692], [0.22704569875928252, 0.45553474185642534, 0.10224482259324841, 0.21517473679104374], [0.1121966503568971, 0.11074422826309568, 0.7223094919675005, 0.05474962941250673], [0.509996675890303, 0.2832751517745374, 0.14415026144564416, 0.06257791088951556], [0.32953843280171474, 0.16708926845157834, 0.449369074390386, 0.05400322435632087], [0.011443788534038822, 0.10206699966924433, 0.8400458038799413, 0.04644340791677547], [0.258527397866826, 0.32997590038558616, 0.24461313396807863, 0.16688356777950913], [0.02060721943002942, 0.18513941337963882, 0.5272061283495956, 0.26704723884073645], [0.37636748644389567, 0.39514507084883055, 0.07165781292731822, 0.15682962977995576], [0.40497709384730346, 0.12243066184552218, 0.07838205117974638, 0.3942101931274279], [0.943990210678847, 0.009064446299149254, 0.006546737359973425, 0.04039860566203027], [0.1997410185134512, 0.16595013367596964, 0.19436333920208199, 0.43994550860849707], [0.3295385464017239, 0.060947034676125576, 0.03299210401666888, 0.5765223149054817], [0.32771648887293897, 0.17387505914132642, 0.013057511271544784, 0.4853509407141901], [0.002426360524840503, 0.9167112660235327, 0.028455051719728175, 0.05240732173189846], [0.6104631942598809, 0.1780975405473889, 0.007141394190401045, 0.20429787100232902], [0.44764753852788824, 0.06384385575836449, 0.4751475442884066, 0.013361061425340567], [0.042819598812106126, 0.258253500236985, 0.12819934756984266, 0.5707275533810658], [0.1880881481107727, 0.2797860922335042, 0.23738132661360029, 0.294744433042123], [0.05126125414013185, 0.7662574193625251, 0.01021886487335802, 0.17226246162398515], [0.18053104559159813, 0.7163654267766237, 0.030481124571384643, 0.07262240306039333], [0.15049531417366618, 0.37664406491552266, 0.0893373968818458, 0.38352322402896527], [0.44219991557799726, 0.03214738902654156, 0.3586854722145338, 0.16696722318092738], [0.033313599159991304, 0.10099155865184982, 0.32953162299663924, 0.5361632191915197], [0.0656381425292124, 0.009094437451018926, 0.013534586910468657, 0.9117328331092999], [0.06884458212203055, 0.1338755902974484, 0.5577502113663743, 0.23952961621414684], [0.03460933044523007, 0.15662703288724097, 0.6705765859422166, 0.13818705072531234], [0.2263789684779158, 0.11784539748021369, 0.036210998393628915, 0.6195646356482416], [0.08018681407687697, 0.591909716782851, 0.18610545771449044, 0.14179801142578122], [0.011797818497464025, 0.47409947116579787, 0.48916143060723205, 0.02494127972950621], [0.20551567295286832, 0.20056590544964642, 0.11109829622929826, 0.4828201253681871], [0.10867703376643764, 0.03473620636777837, 0.005555538933802293, 0.8510312209319815], [0.3440490766232909, 0.3793722352609826, 0.032948979586880416, 0.24362970852884605], [0.07735526563837956, 0.006193221038133711, 0.08385781457124883, 0.8325936987522378], [0.0044872800895885846, 0.11669841649325371, 0.8481373952209575, 0.030676908196200194], [0.20705103279057174, 0.2614602904695272, 0.028797681662961545, 0.5026909950769395], [0.007047834972296371, 0.17721960824699773, 0.5777691641182864, 0.23796339266241934], [0.482581877376646, 0.07301982096222184, 0.3520729735962984, 0.09232532806483369], [0.5579951851226594, 0.2728711592916837, 0.004962697534338173, 0.16417095805131865], [0.21529267968102264, 0.07475457022847123, 0.5143092990224772, 0.19564345106802922], [0.2189314002744587, 0.40254359057744693, 0.24551988027012747, 0.13300512887796692], [0.06019152827907938, 0.8110056266010811, 0.05454349817271038, 0.0742593469471292], [0.22021419979940832, 0.08485805249634028, 0.04559199629192852, 0.6493357514123227], [0.7585031084008093, 0.10642635268952244, 0.003993487550542156, 0.13107705135912648], [0.07322532827163487, 0.14879107609628625, 0.6343654096954793, 0.14361818593659958], [0.8840513791950697, 0.06398897130138748, 0.0014861484680179112, 0.050473501035524775], [0.009214368113848818, 0.5705775329566918, 0.23371075783168266, 0.18649734109777663], [0.08834578729285927, 0.38686877179672413, 0.17370686861404933, 0.3510785722963673], [0.015209425828616445, 0.8848953179738295, 0.07216743740327712, 0.02772781879427702], [0.45126891197811386, 0.10710271314974354, 0.00982926964211994, 0.4317991052300226], [0.008549050617192461, 0.03668576526691005, 0.08057239894523598, 0.8741927851706619], [0.3183755774589623, 0.2795338657954715, 0.10616537284312712, 0.2959251839024391], [0.6059880618984912, 0.1902161469772926, 0.06096368270006502, 0.14283210842415128], [0.04020760011526739, 0.3598367753240497, 0.34573478799273105, 0.254220836567952], [0.2871979409157392, 0.07378261657410783, 0.24423209662469395, 0.39478734588545883], [0.5303221345788625, 0.34277077567939584, 0.020615599267266634, 0.10629149047447511], [0.12447389723905619, 0.7414555610905803, 0.004760241361399486, 0.12931030030896387], [0.31411937058239353, 0.13141732664475345, 0.007337743317411292, 0.5471255594554418], [0.3552878141748843, 0.3238053656816573, 0.01011304156997323, 0.31079377857348495], [0.13983986914537833, 0.18783335720096578, 0.22004689740255068, 0.45227987625110483], [0.1186029627063411, 0.42335684610216484, 0.09441615457407695, 0.3636240366174172], [0.11036777448066731, 0.40245933617028107, 0.07438591566838597, 0.41278697368066575], [0.7259785685016683, 0.23424729154210266, 0.0060773462271126325, 0.033696793729116346], [0.2840516502559983, 0.18162676097890373, 0.2537025763272152, 0.2806190124378828], [0.04132351001993433, 0.5429413784113677, 0.35008703867386193, 0.06564807289483597], [0.015049362417551714, 0.4128033044000564, 0.3101229088586715, 0.2620244243237204], [0.32894589562835225, 0.3886228562359706, 0.05300226005002004, 0.2294289880856569], [0.13102596643436445, 0.23238065222452584, 0.10177494195508215, 0.5348184393860276], [0.4311450956561459, 0.3422670962201813, 0.060520100421639425, 0.16606770770203316], [0.3007761051534503, 0.296405351899865, 0.1831817140981997, 0.21963682884848498], [0.16083007381069833, 0.3324335241572963, 0.05240042148950932, 0.4543359805424958], [0.06968663302956901, 0.7227480173830569, 0.12883692521859055, 0.07872842436878334], [0.0019378532627122784, 0.2046199320598035, 0.7700049915913855, 0.02343722308609893], [0.46548324645490996, 0.1180954302264811, 0.14403927538828187, 0.27238204793032694], [0.34977535928425746, 0.47107851073249496, 0.055635121728106494, 0.12351100825514102], [0.06954909638839508, 0.0743390863194111, 0.17158081993077298, 0.6845309973614209], [0.0054385182447746405, 0.207791777114204, 0.09241168448056701, 0.6943580201604543], [0.43640859889123884, 0.19963088625429248, 0.09057323024551753, 0.27338728460895145], [0.6947535975475119, 0.08673119526999426, 0.020588230083927343, 0.1979269770985664], [0.020174883854147792, 0.1844776554771934, 0.7630794439132313, 0.03226801675542755], [0.2353235236301187, 0.05499923398473514, 0.3834043752626952, 0.3262728671224513], [0.1306508303844395, 0.24141841294420036, 0.03684223209526799, 0.5910885245760915], [0.5483416117569053, 0.13888585291891992, 0.011121787631916723, 0.3016507476922581], [0.3066832656652421, 0.24161475824392845, 0.00873664510024547, 0.44296533099058377], [0.5732174350740514, 0.19024125126777913, 0.044991040011757716, 0.1915502736464119], [0.41990880942627856, 0.3601157385439304, 0.11775858667252534, 0.10221686535726575], [0.3644603095269915, 0.13649921734128834, 0.1850682987049083, 0.31397217442681197], [0.029352158194730228, 0.4834926418282975, 0.05019520945598877, 0.4369599905209835], [0.29739054172368934, 0.14148988867460258, 0.0604669984205352, 0.5006525711811728], [0.1964690902678175, 0.3282108518419289, 0.3654632459505639, 0.10985681193968967], [0.15756731935473997, 0.5432937338133565, 0.05485864090372761, 0.2442803059281761], [0.1387965814307541, 0.2707874184805163, 0.11299669736321706, 0.4774193027255126], [0.3957543960654709, 0.24065879073859456, 0.046409139376328644, 0.3171776738196058], [0.392232794854909, 0.3219015211018799, 0.2037505459199138, 0.0821151381232974], [0.05471515407365751, 0.6863690549397147, 0.02380665835785666, 0.23510913262877112], [0.3729112697233541, 0.04254146174119065, 0.08814428678641477, 0.4964029817490405], [0.6920196826437096, 0.12030275498646692, 0.10980221571562676, 0.07787534665419676], [0.2477542884531235, 0.5986889524698452, 0.022183802994968534, 0.1313729560820628], [0.046323144567247794, 0.1694061165277509, 0.20649214340100022, 0.5777785955040011], [0.6976619737103775, 0.037912891269151185, 0.04192827227285154, 0.2224968627476197], [0.060334976318639565, 0.05293311741245993, 0.8711622260669404, 0.015569680201960241], [0.03923199838736384, 0.3685714502030937, 0.2905340984773868, 0.30166245293215577], [0.25523755491699035, 0.2642567957584753, 0.26185962165180887, 0.2186460276727255], [0.1312392430646693, 0.26685064089746385, 0.1539681419800877, 0.4479419740577791], [0.12042076587101809, 0.5014230595003628, 0.2475617658891828, 0.1305944087394361], [0.16525651656018392, 0.5996164012009588, 0.08936199962367943, 0.14576508261517798], [0.4165823753878524, 0.44609039789763777, 0.027386422785147333, 0.10994080392936266], [0.5599582340358183, 0.3285031486079828, 0.05333709725202869, 0.058201520104170144], [0.2687579408424371, 0.5088206439394093, 0.17933903082473673, 0.04308238439341688], [0.3463933047897096, 0.23881746822426977, 0.25138042217261714, 0.16340880481340372], [0.21828910066668297, 0.1947782899119034, 0.018169219730972186, 0.5687633896904414], [0.09869273884299946, 0.21936541003660967, 0.24368464337062323, 0.43825720774976773], [0.6076104625538369, 0.025638754991248104, 0.1270828021049708, 0.239667980349944], [0.40426309767130414, 0.22685010544244258, 0.08468776603861386, 0.2841990308476392], [0.1756896277249565, 0.6503527542330538, 0.11962001660960726, 0.05433760143238233], [0.23902869892198655, 0.29712812489626644, 0.10250543824206429, 0.3613377379396827], [0.021244944396597396, 0.7380475943421827, 0.14873612536017275, 0.09197133590104715], [0.09871094759239588, 0.0524868590564858, 0.6014830856292654, 0.24731910772185267], [0.6345150050423607, 0.180512158483126, 0.034950877305570574, 0.15002195916894254], [0.03036538538220996, 0.20594997192897038, 0.4395858584787348, 0.32409878421008453], [0.3316835777290708, 0.307857850405477, 0.0920047184861434, 0.2684538533793088], [0.17556659531538535, 0.6790669095127616, 0.02034237118616079, 0.12502412398569215], [0.04107718743512156, 0.007569306753735508, 0.9481964079550986, 0.003157097856044151], [0.22927142399572228, 0.36401134061541074, 0.030832628372006454, 0.3758846070168606], [0.1765665648864706, 0.21953204273064825, 0.0879624828485064, 0.5159389095343745], [0.7667761117337066, 0.01143600607520226, 0.05981878949797484, 0.16196909269311635], [0.42644397079665686, 0.02106662132176313, 0.030478068102066234, 0.5220113397795135], [0.6004466172627334, 0.13346689092433447, 0.02045993935293805, 0.24562655245999415], [0.4639028434013641, 0.3188561588763367, 0.023843854183093455, 0.19339714353920542], [0.7448008092777759, 0.07518097627464446, 0.005734387230398789, 0.17428382721718066], [0.07612190133097277, 0.025888271945066786, 0.006215714315807328, 0.8917741124081531], [0.06490286738497199, 0.18854133459135924, 0.7429223818603037, 0.003633416163365234], [0.49027644172596363, 0.2294833641249876, 0.09974040735850122, 0.18049978679054754], [0.17679947464506263, 0.39988491942331483, 0.14388099731218246, 0.27943460861944014], [0.23865045529128517, 0.01909375002077408, 0.5479746940842675, 0.19428110060367343], [0.16596646478903443, 0.6091551286399669, 0.19513097727966078, 0.029747429291337838], [0.07187943862283099, 0.5724573264992932, 0.22292510366970733, 0.13273813120816855], [0.04916941910377225, 0.003421811936603092, 0.0007412813115564263, 0.9466674876480684], [0.5300653780644811, 0.042553187914747895, 0.07413089983839838, 0.35325053418237307], [0.0071220339135758745, 0.07623316031576238, 0.3792483869144246, 0.5373964188562369], [0.26508646990397994, 0.434191976466427, 0.16950994941003492, 0.131211604219558]]}, "rewritten": {"ids": ["97106770", "97107040", "97107821", "97107920", "97112290", "97112300", "97113900", "97116401", "97116500", "97118210", "98107340", "98107410", "98108370", "98109090", "98109311", "98109570", "98111231", "98111620", "98112170", "98116940", "98117740", "99107560", "99107660", "99108010", "99108520", "99110050", "99110730", "99113260", "100108260", "100108520", "100108990", "100109000", "100109330", "100109890", "100109910", "100109980", "100112060", "100120010", "101108121", "101108460", "101108500", "101108621", "101110740", "101111310", "101111990", "101112160", "101112540", "102107961", "102110050", "102112250", "102113350", "103110100", "103110760", "103110840", "103111830", "103112470", "103112641", "103118291", "104111830", "104112201", "104113550", "104114740", "104116441", "104116980", "105110091", "105113210", "105113620", "105116860", "105117431", "105119550", "105120621", "106112770", "106113360", "106116640", "106118161", "106118301", "107112840", "107114110", "107114280", "107114321", "107115140", "107116300", "107117630", "107118120", "107118780", "107121700", "108114040", "108114180", "108114220", "108115870", "108115880", "108117610", "108120621", "109113931", "109114270", "109114651", "109116810", "109117080", "109117150", "109117431", "109118161", "109119450", "109120150", "109120540", "109120621", "110114321", "110117140", "110118111", "110118161", "110118630", "110118810", "110119300", "110119891", "110120540", "110121170", "110121500", "111117000", "111117120", "111117200", "111117571", "111119290", "111120220", "111120640", "111121190", "112116451", "112116880", "112118471", "112118511", "112118620", "112119320", "112120270", "112120630", "112121030", "113118490", "113118630", "113118690", "113118820", "113119340", "113119700", "113120640", "113122180", "113122220"], "labels": [3, 2, 2, 0, 1, 2, 2, 3, 2, 2, 0, 3, 1, 1, 1, 1, 1, 3, 3, 2, 2, 1, 3, 2, 2, 3, 3, 0, 3, 2, 2, 1, 0, 3, 2, 1, 2, 0, 0, 0, 3, 0, 3, 3, 2, 3, 2, 3, 3, 0, 3, 1, 1, 1, 3, 1, 3, 0, 3, 0, 1, 2, 1, 1, 0, 3, 0, 2, 1, 1, 1, 1, 0, 3, 3, 1, 1, 1, 3, 0, 0, 0, 0, 3, 1, 3, 0, 1, 3, 3, 3, 3, 1, 1, 3, 3, 3, 1, 2, 1, 0, 3, 2, 1, 1, 1, 3, 1, 0, 1, 1, 1, 3, 1, 2, 3, 0, 2, 0, 3, 3, 3, 0, 1, 0, 0, 1, 1, 3, 1, 0, 3, 0, 1, 3, 3, 0, 0, 0, 0, 2, 1], "predicted_labels": [2, 2, 0, 0, 1, 1, 0, 3, 2, 2, 3, 2, 2, 2, 0, 3, 0, 2, 0, 1, 2, 1, 2, 1, 2, 3, 1, 1, 0, 3, 2, 3, 0, 0, 2, 0, 1, 1, 1, 0, 1, 3, 1, 0, 1, 2, 3, 1, 1, 3, 3, 3, 0, 3, 3, 0, 3, 3, 3, 3, 0, 3, 3, 3, 0, 3, 1, 1, 1, 1, 3, 1, 1, 3, 1, 3, 1, 3, 1, 3, 3, 3, 2, 1, 3, 1, 1, 3, 1, 3, 3, 3, 0, 0, 3, 0, 1, 1, 1, 0, 0, 3, 2, 1, 0, 0, 3, 1, 1, 1, 3, 1, 3, 1, 3, 1, 3, 3, 3, 0, 2, 0, 1, 3, 0, 1, 1, 3, 3, 2, 2, 0, 0, 0, 2, 1, 0, 0, 1, 1, 3, 3], "confidence_scores": [[0.4274093052796404, 0.07657386529428552, 0.48035386695860494, 0.015662962467469285], [0.06446783424581896, 0.2399843816025781, 0.43646498359611374, 0.259082800555489], [0.6058165921564903, 0.12099553999224424, 0.04498728421008788, 0.2282005836411774], [0.558545972671753, 0.06718289135722924, 0.07828689675319149, 0.2959842392178265], [0.3049692272946618, 0.4275209882329606, 0.08502622276471337, 0.18248356170766417], [0.2652916111662434, 0.5012118477675069, 0.1632963001357414, 0.07020024093050808], [0.4275781455988381, 0.13897714730757077, 0.330771354346916, 0.10267335274667533], [0.10365647312895074, 0.1736240473365681, 0.39202900512316247, 0.33069047441131827], [0.2675566048447002, 0.21046294232590496, 0.46274121810008845, 0.05923923472930628], [0.23758187851435264, 0.06460108174882781, 0.44581221541205385, 0.2520048243247655], [0.015748328089482896, 0.07689421021052925, 0.3510105305169971, 0.5563469311829905], [0.26184787038460167, 0.06708669976402847, 0.4201844209114991, 0.25088100893987053], [0.0020274338488211955, 0.1045432106737029, 0.8793353435598154, 0.014094011917660475], [0.00827021253143491, 0.11358591099387422, 0.8267073600133417, 0.05143651646134894], [0.5151074892524486, 0.059789561711496686, 0.3299900312295959, 0.09511291780645864], [0.12591062502715733, 0.006600762935975917, 0.00997620899575224, 0.8575124030411148], [0.6395090907862532, 0.13315392622583158, 0.028446615148972277, 0.19889036783894296], [0.006281360107018123, 0.14909732085772723, 0.8353498388570357, 0.009271480178219025], [0.4692212149007653, 0.11546418534850592, 0.03526235939765433, 0.3800522403530746], [0.03232268932511708, 0.8762053234545081, 0.03900095234106039, 0.052471034879314614], [0.033897949149860156, 0.2971860741283877, 0.3872535183406898, 0.28166245838106224], [0.094234525038078, 0.5594623623870237, 0.02171876451869473, 0.3245843480562035], [0.3158966736972731, 0.03701141366508372, 0.4906928432409702, 0.1563990693966729], [0.07305566117916665, 0.5838453784532132, 0.0610029853481395, 0.28209597501948064], [0.08056759915131127, 0.12447350434887736, 0.7913927991912459, 0.003566097308565423], [0.05199290177239237, 0.36489142638012084, 0.10781056281591554, 0.47530510903157125], [0.11406475574589663, 0.7176009120026657, 0.10578573916564978, 0.06254859308578803], [0.25776762175252627, 0.3477882187395454, 0.24159976240581293, 0.1528443971021152], [0.41386218787631557, 0.2626903845546397, 0.1219214530065558, 0.20152597456248875], [0.1529752260575849, 0.08653565578926584, 0.3251765855143519, 0.4353125326387973], [0.09429138815068172, 0.3542324582167717, 0.3613024275597147, 0.190173726072832], [0.2484330819199115, 0.18147564688805057, 0.1292699771836573, 0.44082129400838055], [0.5873453002870229, 0.12144383885323216, 0.015729973891266076, 0.2754808869684789], [0.5389170282955521, 0.3016579758682133, 0.08391246311208186, 0.07551253272415288], [0.05485418458863398, 0.010466968434285281, 0.9295039293617274, 0.005174917615353265], [0.3843051122367803, 0.03008494722870854, 0.1840002377754747, 0.4016097027590365], [0.21425517307493827, 0.4696251392859209, 0.17808643328720414, 0.13803325435193667], [0.04498084599012209, 0.5745052704930914, 0.13542870286103068, 0.2450851806557557], [0.2644936649817426, 0.44076730769903316, 0.06302887485714291, 0.23171015246208132], [0.4530694538929867, 0.1925286218316585, 0.07766170207933835, 0.2767402221960166], [0.18632076244127269, 0.41218441868667216, 0.12542333304129413, 0.2760714858307611], [0.05676150918144188, 0.37688972773434465, 0.07717454640232896, 0.48917421668188454], [0.021111917174034277, 0.7678535062319674, 0.11761345130112477, 0.09342112529287358], [0.46492161096227064, 0.27515854159752023, 0.1813503289472002, 0.07856951849300871], [0.397608839149204, 0.2990288612469531, 0.0647943779862412, 0.23856792161760174], [0.013060379320884052, 0.16839433548518087, 0.6193922969214999, 0.19915298827243536], [0.03013217768459455, 0.3380894457660338, 0.21261980470127292, 0.41915857184809874], [0.3601478694006129, 0.48558470462377507, 0.029125738910522763, 0.12514168706508938], [0.07124354607008661, 0.5210307583636806, 0.22685979252869837, 0.18086590303753433], [0.1606192106426457, 0.1060753058843447, 0.4463254906697229, 0.2869799928032869], [0.21408249246589742, 0.13167811290903517, 0.18051252583043553, 0.47372686879463216], [0.3929207250275793, 0.05170580083019891, 0.048167319261083634, 0.5072061548811383], [0.49406914613050745, 0.1609427375161102, 0.035025687540458296, 0.30996242881292396], [0.22246452409601133, 0.2101097159033223, 0.14592441425413946, 0.4215013457465273], [0.3846863352307461, 0.03971354784652151, 0.04035377087596571, 0.5352463460467665], [0.4613535696340909, 0.3211445723342606, 0.09814772874455303, 0.11935412928709523], [0.1768463341808156, 0.14673492052027715, 0.3188762868047435, 0.3575424584941639], [0.307599332645116, 0.2251468924515846, 0.1044361129045114, 0.36281766199878795], [0.07875762375069872, 0.19287955632157722, 0.126579925434699, 0.6017828944930252], [0.43897599792404685, 0.06445493907911053, 0.025975972167032135, 0.4705930908298108], [0.5745283411814023, 0.020530162148798374, 0.09990703687525222, 0.3050344597945471], [0.2521277377769209, 0.10028652830681681, 0.19670824518314994, 0.4508774887331128], [0.4216892998196397, 0.14205440398707442, 0.011631686364319887, 0.42462460982896616], [0.017558706214729453, 0.0648680502858722, 0.4818031060090994, 0.43577013749029864], [0.39991841869583344, 0.1126223987445954, 0.23934531419969562, 0.24811386835987534], [0.10370845908716288, 0.02475095009420284, 0.018555816878359967, 0.8529847739402738], [0.08011847805308697, 0.7988567907237843, 0.08492116504274634, 0.03610356618038212], [0.4673629912655955, 0.39119379007380634, 0.01960759188025924, 0.12183562678033878], [0.14165907259686766, 0.5059056455836295, 0.16032927303283195, 0.19210600878667128], [0.36706446973816137, 0.4437129512685624, 0.010752611106309887, 0.17846996788696634], [0.0903997246552317, 0.004848367296102947, 0.0014737449016265878, 0.9032781631470385], [0.022299505991627805, 0.4814833116346997, 0.4227281622456128, 0.07348902012805932], [0.19053425385473677, 0.5756785761776586, 0.033279038395858496, 0.2005081315717461], [0.22142257184791028, 0.15784639927387395, 0.1166868810954092, 0.5040441477828064], [0.22609820069087386, 0.39762617489440905, 0.08980634594258938, 0.286469278472128], [0.43911402028695934, 0.16762598661883926, 0.025647588977967914, 0.3676124041162336], [0.16318900707171285, 0.3758351233855584, 0.3376651532105317, 0.12331071633219656], [0.02939032574323441, 0.11282712285219094, 0.04289534604059277, 0.8148872053639818], [0.257018635505571, 0.6429040681110214, 0.007115818541876156, 0.09296147784153119], [0.11493579730825465, 0.04807661253347697, 0.09901136895932033, 0.7379762211989483], [0.07777815213883668, 0.002648105415016505, 0.03528504853242648, 0.8842886939137203], [0.19309662409292422, 0.20430790713124286, 0.12377367085799133, 0.4788217979178418], [0.19734380388337847, 0.011615584015253573, 0.5627038979788251, 0.22833671412254292], [0.21350505977173287, 0.3505710712669601, 0.012079091392929031, 0.42384477756837796], [0.292010191867674, 0.27775397703862126, 0.025975353221559774, 0.40426047787214503], [0.08945018114989456, 0.6765631315170135, 0.04913685680055062, 0.18484983053254114], [0.14426869534718306, 0.5768819545022619, 0.1110357491638887, 0.1678136009866664], [0.006963624746553725, 0.013491680299158633, 0.04319622594302988, 0.9363484690112581], [0.4789188825080964, 0.42030260953716225, 0.07202000842659624, 0.02875849952814533], [0.2897531692609153, 0.06340204258132041, 0.03399352790050538, 0.6128512602572589], [0.12723669950929029, 0.3646509534573724, 0.10526074088716311, 0.40285160614617377], [0.08747735493164703, 0.04885076823133838, 0.03111602888870688, 0.8325558479483077], [0.46555061845671847, 0.3074161376605975, 0.027712569815848517, 0.19932067406683532], [0.4956952645621776, 0.1996238244444259, 0.018712593904635172, 0.2859683170887613], [0.16849700283608554, 0.16888501736493022, 0.17576062573738407, 0.48685735406160024], [0.8063914388594162, 0.009785840935258687, 0.03932076254648541, 0.1445019576588398], [0.24230332723053724, 0.422698834309103, 0.03126275536935289, 0.30373508309100705], [0.0037461565744964158, 0.87355591213598, 0.015142337707420265, 0.10755559358210313], [0.12592106544683626, 0.7357578284275527, 0.06417260059302617, 0.07414850553258474], [0.3805168075468168, 0.15864997712755052, 0.08120881383442002, 0.3796244014912126], [0.5873494978059473, 0.30577721219335025, 0.017469221546047162, 0.08940406845465558], [0.014660781844599933, 0.15481337013334814, 0.29192677128754346, 0.5385990767345084], [0.13644246380866815, 0.09154323939544926, 0.7374259882083442, 0.03458830858753843], [0.13018487960762182, 0.7594854264990029, 0.0031715977778750837, 0.10715809611550055], [0.6729149225901624, 0.09960320516058528, 0.028023201091475092, 0.19945867115777682], [0.9026034099403819, 0.04361858972618148, 0.020268398424490096, 0.033509601908946376], [0.06293321802996493, 0.3656569816307979, 0.045710084876114776, 0.5256997154631226], [0.2608571504924484, 0.3037980851370725, 0.06842839788400683, 0.36691636648647197], [0.4201623058751379, 0.41265476048519895, 0.012766500336655542, 0.1544164333030074], [0.13466315409725982, 0.4054569124570693, 0.09290675209953812, 0.36697318134613294], [0.14863461859692342, 0.15978930107454017, 0.15130916893240934, 0.5402669113961271], [0.37905213399450327, 0.4523256499325275, 0.04731366406889373, 0.12130855200407517], [0.1019454520772254, 0.4173882072022773, 0.07563534457358745, 0.4050309961469095], [0.02472513435895431, 0.7267531887703848, 0.19015377145283427, 0.0583679054178268], [0.10749998759271077, 0.056622382189613976, 0.30300945653449346, 0.5328681736831818], [0.266528373903842, 0.44901616837753183, 0.008930760507935055, 0.2755246972106911], [0.09666164620771515, 0.34827878238075805, 0.1620647541122677, 0.39299481729925917], [0.11257068825444927, 0.2726611926414064, 0.061254917209848166, 0.5535132018942965], [0.2444470102272194, 0.19591890780990132, 0.04918068541899103, 0.5104533965438885], [0.5000191132127808, 0.21961905053947237, 0.010723940111218832, 0.26963789613652817], [0.01383117235646438, 0.1695592773120632, 0.537695885799731, 0.2789136645317413], [0.7771643064868681, 0.19256276872000544, 0.0034780128268401514, 0.026794911966286365], [0.38182793601116305, 0.4402670589602156, 0.039205486534183036, 0.13869951849443823], [0.3733446122861774, 0.08327281197892658, 0.018604501507359553, 0.5247780742275364], [0.7218975656011908, 0.17027420914814667, 0.0042473921900657696, 0.10358083306059693], [0.2907438659046362, 0.3526350261343772, 0.23369081707126235, 0.12293029088972422], [0.19500752238454852, 0.43037156419911654, 0.13415634221096956, 0.24046457120536546], [0.2166296394400351, 0.0962737845815912, 0.05339581184914959, 0.6337007641292237], [0.2961807337803987, 0.10793372827395206, 0.015261137014270343, 0.5806244009313788], [0.020567298431619915, 0.35565736116119023, 0.5323657216960549, 0.09140961871113482], [0.06856012370269848, 0.4185311291993984, 0.4721702762759529, 0.04073847082195012], [0.4567396820956801, 0.17359004871732767, 0.10480615593678985, 0.2648641132502023], [0.9503595098644755, 0.007886415166282027, 0.004139257925438678, 0.037614817043803796], [0.42787309595709055, 0.1062435089404393, 0.1054156439844848, 0.3604677511179854], [0.2721285008560612, 0.11464307404476883, 0.4704599495008739, 0.1427684755982963], [0.46035394040459326, 0.3099730394569897, 0.16089645723754226, 0.0687765629008748], [0.7313431330226199, 0.08415239964955573, 0.006570279548747146, 0.1779341877790768], [0.8898717791548191, 0.06865215646123478, 0.0036318505650296666, 0.03784421381891628], [0.15482624701286357, 0.6521868217509694, 0.07751799448660933, 0.11546893674955779], [0.2896703850642534, 0.4944735980440035, 0.06499053428562818, 0.150865482606115], [0.13925499085042767, 0.30555263653460807, 0.04001137436924092, 0.5151809982457232], [0.297130052703863, 0.2985046475423504, 0.029876436818650248, 0.3744888629351362]]}}