{"test": {"ids": ["101110740", "98110710", "110120560", "104119290", "111119430", "97107260", "108114360", "108117360", "106121220", "106117650", "113120260", "107118820", "98107410", "109119591", "113118810", "107113200", "110114321", "108116501", "103111620", "112116610", "113118630", "99111340", "102112301", "113122170", "104112201", "101114020", "98108580", "105113480", "110118701", "98113881", "102116500", "107113170", "111114171", "101109000", "113117340", "109113591", "97107950", "111121930", "112118890", "98120530", "104119340", "110114720", "103110220", "113118820", "101111310", "112118860", "112116990", "99112531", "112118930", "113117630", "99109141", "111120591", "109118820", "106121190", "98111670", "100109980", "107113260", "103113270", "108114670", "112117790", "108118520", "111118810", "98109570", "109113931", "102107961", "102121440", "106116370", "97114170", "101112690", "107114490", "112119930", "110115250", "105116860", "113122190", "112117030", "101113210", "106116441", "113121810", "97112300", "105116501", "103111540", "104117630", "110117080", "110121500", "101108580", "112117471", "104116980", "99120010", "113122650", "99105921", "110115140", "113119320", "103113640", "108113700", "99108080", "103111170", "107118120", "104113000", "107119130", "110115580", "110114920", "107114780", "111115400", "112116850", "108115500", "101110200", "97106000", "113121980", "113119950", "107117010", "101119030", "105115720", "112118161", "105118171", "103120531", "98107210", "107121540", "98107010", "105110091", "97106591", "105121370", "112118511", "112121010", "105112260", "109115070", "113122160", "109117600", "110118181", "106113830", "107114140", "113119450", "97110950", "101108290", "98108410", "106120290", "103120340", "111121220", "110116501", "109119450", "110116290", "97105960", "98106111"], "labels": [3, 2, 0, 1, 3, 2, 1, 1, 1, 1, 3, 3, 3, 0, 3, 0, 1, 0, 0, 1, 3, 1, 1, 1, 0, 3, 0, 0, 3, 3, 1, 0, 3, 1, 2, 3, 2, 1, 3, 1, 1, 3, 2, 0, 3, 3, 0, 3, 1, 0, 3, 1, 3, 2, 1, 1, 0, 2, 3, 3, 0, 0, 1, 1, 3, 2, 2, 2, 1, 3, 1, 1, 2, 1, 2, 3, 0, 2, 2, 1, 1, 0, 1, 3, 0, 3, 1, 2, 2, 1, 0, 1, 1, 0, 3, 2, 3, 1, 1, 1, 3, 2, 0, 0, 3, 2, 0, 2, 0, 1, 3, 1, 0, 3, 3, 1, 2, 3, 0, 1, 2, 1, 2, 3, 0, 3, 1, 1, 1, 2, 3, 3, 0, 1, 2, 1, 3, 3, 3, 2, 2, 0], "predicted_labels": [1, 3, 3, 1, 0, 3, 0, 3, 0, 0, 3, 3, 2, 1, 3, 3, 1, 3, 1, 1, 2, 2, 3, 1, 3, 0, 2, 3, 3, 2, 1, 2, 0, 1, 0, 1, 2, 3, 1, 0, 3, 1, 3, 0, 1, 3, 0, 2, 0, 1, 0, 3, 1, 1, 3, 3, 3, 3, 1, 3, 1, 3, 3, 1, 3, 2, 3, 0, 2, 1, 1, 1, 1, 1, 1, 1, 1, 2, 0, 0, 0, 3, 1, 0, 0, 0, 0, 1, 3, 3, 1, 0, 0, 1, 0, 3, 3, 3, 1, 1, 3, 1, 3, 3, 3, 1, 3, 3, 0, 2, 0, 1, 3, 3, 3, 0, 1, 0, 1, 2, 1, 1, 0, 1, 3, 1, 0, 1, 0, 2, 3, 0, 1, 0, 3, 3, 3, 3, 2, 3, 2, 3], "confidence_scores": [[0.3126152331625789, 0.368950720163598, 0.23396087297304585, 0.08447317370077748], [0.21434717103277215, 0.28196367362424857, 0.16616878777141042, 0.3375203675715689], [0.25045153397071246, 0.26048229359485925, 0.120618767015129, 0.36844740541929943], [0.18030352250938575, 0.34500873550546585, 0.1551070913712839, 0.3195806506138645], [0.30603044919249484, 0.2491801169724279, 0.1434214922639622, 0.301367941571115], [0.24362995342940622, 0.25473364204637144, 0.13573446673847908, 0.36590193778574337], [0.3906424717007557, 0.21277565000418155, 0.1257752188525589, 0.2708066594425038], [0.24884728116593466, 0.2030448475300465, 0.19507739093526444, 0.35303048036875445], [0.4846624198801058, 0.19862329756748734, 0.10498110991167312, 0.21173317264073394], [0.3912730980997739, 0.24216767250795196, 0.16439755377963353, 0.20216167561264053], [0.27228111530046123, 0.3027981009984453, 0.12137754952658282, 0.30354323417451057], [0.23823075657328766, 0.2621562379940482, 0.17309307169835617, 0.32651993373430804], [0.24391108730899444, 0.2158623932712372, 0.38737472828099667, 0.15285179113877156], [0.2604831561397098, 0.3097754248752584, 0.2604795206617247, 0.1692618983233073], [0.15488063644265535, 0.35061107129635866, 0.07852907384389597, 0.41597921841709007], [0.2744618817480113, 0.2705876475065567, 0.10485746253432383, 0.3500930082111081], [0.15575347181514287, 0.2976052516374118, 0.2577256848811953, 0.28891559166624997], [0.18168695385695963, 0.1446948355965336, 0.3358186869562464, 0.33779952359026044], [0.12436889625342021, 0.6368713815761825, 0.11223898342232673, 0.1265207387480704], [0.29667326793459825, 0.3080120135752458, 0.15558779627140454, 0.2397269222187515], [0.3035722291908857, 0.18626997705452486, 0.30423703492092297, 0.2059207588336664], [0.10867804895592809, 0.27001826711312854, 0.45030162363864906, 0.17100206029229428], [0.25876682366316006, 0.24285461656796786, 0.12445542547713839, 0.3739231342917338], [0.2700345229697207, 0.3496003914030716, 0.10782459468865514, 0.2725404909385526], [0.3095468727521187, 0.18470168940027681, 0.16711424561582952, 0.3386371922317749], [0.33095173296020003, 0.27567563895599323, 0.18646588908352418, 0.20690673900028267], [0.21732167480274533, 0.16014372707484345, 0.40373728449279894, 0.2187973136296123], [0.21997594756048866, 0.24768413493098232, 0.23767139264217074, 0.29466852486635825], [0.23784758692289268, 0.1620934887542946, 0.2621860977524402, 0.33787282657037243], [0.20989096599029733, 0.26517270166523915, 0.3039023353015043, 0.2210339970429594], [0.11608841608558687, 0.5757105804666487, 0.19502188063976184, 0.1131791228080025], [0.14760602296680816, 0.13984463880027614, 0.5453628684378652, 0.16718646979505064], [0.33760534270685794, 0.25026725221121465, 0.08731024933703202, 0.3248171557448954], [0.15303301915245573, 0.5433203222085728, 0.12313895274039999, 0.18050770589857146], [0.45264226659865264, 0.28797525047084144, 0.07876035379926717, 0.18062212913123873], [0.24187799478553418, 0.36469811493729054, 0.14139103669740336, 0.25203285357977223], [0.18200186207102292, 0.3046350021336475, 0.32985216671462725, 0.1835109690807024], [0.2869755031108657, 0.15544505985541754, 0.12048859523715666, 0.43709084179656005], [0.2681117887465895, 0.3186231462983546, 0.1705246174629436, 0.24274044749211224], [0.3537901146421774, 0.21028826475709556, 0.11459596475218188, 0.3213256558485451], [0.23296065948660727, 0.19357844580381406, 0.08994468302736944, 0.4835162116822093], [0.16688076677196956, 0.5116354369285365, 0.13663988224598436, 0.18484391405350958], [0.17362688145382757, 0.25954654215359435, 0.20459368028768468, 0.3622328961048935], [0.33482390306489457, 0.25904855182375525, 0.19489071742172243, 0.2112368276896278], [0.2036591743068365, 0.42777875790610503, 0.14350947891592805, 0.22505258887113042], [0.27321250475843273, 0.2698917284682263, 0.16714319830091565, 0.28975256847242536], [0.3203004264140093, 0.2058086118976577, 0.18733084276978607, 0.28656011891854694], [0.18209819192429227, 0.2745664558602726, 0.32077148708437714, 0.22256386513105797], [0.36569089050956677, 0.22263282990647978, 0.14980833094253862, 0.26186794864141505], [0.1388100706877771, 0.5311016679943134, 0.07605127231414623, 0.25403698900376326], [0.3923258909048293, 0.2355358462729538, 0.23623072619573673, 0.13590753662648017], [0.2216624742595326, 0.19368867939477308, 0.18130066593086722, 0.4033481804148272], [0.10933191984467372, 0.40825464389826266, 0.30483986839443616, 0.1775735678626275], [0.15854389204494662, 0.4216290578922258, 0.26286558305596885, 0.15696146700685867], [0.28445319050243245, 0.17057362392680864, 0.09074676898190136, 0.4542264165888577], [0.23936533537580781, 0.26347900842479177, 0.18842169248260623, 0.3087339637167942], [0.16752719675677283, 0.1808536274402779, 0.31552852300164136, 0.33609065280130773], [0.22402318889975342, 0.3151409657803704, 0.10252005356707888, 0.35831579175279726], [0.1252882039894023, 0.5840469262106531, 0.14692603612367508, 0.14373883367626947], [0.2839614385606674, 0.18896784145742251, 0.11953242032884388, 0.4075382996530663], [0.22605452194350856, 0.36107406936560166, 0.17151785122353919, 0.2413535574673507], [0.32628040050079726, 0.1732958021315091, 0.13998551590229855, 0.3604382814653951], [0.23894589962571913, 0.19431369257124895, 0.11885306587694158, 0.44788734192609037], [0.2889281971655269, 0.3253760986504639, 0.11074000391098267, 0.27495570027302657], [0.14315420935607248, 0.15699467855803192, 0.18775763734892204, 0.5120934747369736], [0.25937572602107556, 0.2238728825603295, 0.27887159757107977, 0.23787979384751523], [0.21968301431656198, 0.16716423798133584, 0.2471058691643604, 0.366046878537742], [0.417832683816169, 0.26786778221886093, 0.15238483647253018, 0.16191469749243984], [0.24099716166689666, 0.13539225398624724, 0.3176063725375547, 0.30600421180930154], [0.23071442953896962, 0.30172605300921207, 0.24227811178332598, 0.2252814056684925], [0.20947957592666094, 0.43213594417256335, 0.09658102845845722, 0.26180345144231837], [0.22263510796679298, 0.3494245033114899, 0.20833383027423083, 0.21960655844748614], [0.23571880055356656, 0.44771514907968246, 0.10234301233450854, 0.21422303803224246], [0.24973670937806006, 0.27795073965103906, 0.1971119240423249, 0.27520062692857605], [0.23210121095860278, 0.3727817112312024, 0.1411481111627058, 0.25396896664748925], [0.16464726841074423, 0.3999975048812314, 0.2738567357311785, 0.16149849097684588], [0.23674649446943524, 0.3287258648414475, 0.1236716253356518, 0.3108560153534654], [0.12877714480895747, 0.2608274326737447, 0.43359541486904346, 0.1768000076482544], [0.29139551269869296, 0.22288895488124572, 0.25962507211788055, 0.22609046030218097], [0.4128101147884513, 0.2769335605758696, 0.09715413821357274, 0.21310218642210643], [0.27182674592205625, 0.24493565393869854, 0.24849485023982296, 0.23474274989942226], [0.26949864964801934, 0.23002449601250416, 0.15297674787690768, 0.3475001064625687], [0.22892510974205985, 0.38552292325466436, 0.12082487961827197, 0.2647270873850038], [0.48641607402842885, 0.1971661595709949, 0.06948176385958368, 0.2469360025409926], [0.42222833010361666, 0.1857530677413402, 0.12998680009353866, 0.2620318020615046], [0.2784443209895162, 0.25501872913090046, 0.2687078581418595, 0.19782909173772387], [0.3289871583246035, 0.2527729537915695, 0.19227030772791195, 0.22596958015591506], [0.16255639548695597, 0.3540755657697746, 0.18837921021770895, 0.2949888285255605], [0.2050012638137861, 0.31820627719002836, 0.13690310013785215, 0.3398893588583332], [0.29720982618537367, 0.19114790039823812, 0.12934923045604615, 0.3822930429603421], [0.2893215377303631, 0.3026370323631002, 0.11402672761045894, 0.29401470229607785], [0.3742463370477876, 0.229002931788628, 0.1421106441884913, 0.2546400869750932], [0.4569218919918982, 0.17560666803912364, 0.13055080374220515, 0.23692063622677292], [0.2470058488293774, 0.36276461861465853, 0.08906057339506514, 0.3011689591608991], [0.4164587703275756, 0.19799168689097393, 0.12509651388269374, 0.26045302889875677], [0.26505670466458325, 0.19567347911115082, 0.1664265070341002, 0.3728433091901656], [0.24138467573633204, 0.16017018906704428, 0.08908082375731464, 0.509364311439309], [0.23161058730714287, 0.19794709072772773, 0.23157827826500924, 0.3388640437001203], [0.24807461999236144, 0.33549109332814164, 0.22532439905801813, 0.1911098876214788], [0.19706949597835144, 0.3434466603610172, 0.2914982765255025, 0.16798556713512908], [0.1446914157484421, 0.2854963560022682, 0.16776226030318483, 0.4020499679461047], [0.20941977249841573, 0.30031512243234926, 0.2133687766880065, 0.27689632838122863], [0.2566963108159284, 0.2449552693181234, 0.20266652836314383, 0.2956818915028044], [0.24785957646885592, 0.2757175171756036, 0.13585534068045405, 0.3405675656750865], [0.2838356643008109, 0.21086682092550046, 0.1907970229978616, 0.3145004917758271], [0.2903902146030308, 0.34057363402964247, 0.1310121363428642, 0.2380240150244625], [0.1855158603365929, 0.22186786112449997, 0.1678199958115098, 0.4247962827273973], [0.2037769001830151, 0.2752464016884753, 0.08590729489264054, 0.435069403235869], [0.38997472317530235, 0.1761150174052735, 0.16292618068484815, 0.27098407873457603], [0.16886933983462363, 0.18037715752544697, 0.35776027985047326, 0.2929932227894562], [0.31241617556484974, 0.29428133947397206, 0.14175359269495177, 0.25154889226622656], [0.14911028992122732, 0.44937487657304626, 0.08724019825282604, 0.3142746352529004], [0.3276098931623871, 0.15129969943109936, 0.0732396684415431, 0.4478507389649706], [0.25847859302170356, 0.28194083364781464, 0.08536510830460389, 0.374215465025878], [0.21374113255304186, 0.2494896433893868, 0.12480255742251287, 0.41196666663505865], [0.2958849140821981, 0.21877226480265524, 0.21849792276667193, 0.2668448983484748], [0.25630673889592487, 0.3143158996438958, 0.23915438456203722, 0.1902229768981421], [0.4162928000570926, 0.19936511105809213, 0.17435186945849285, 0.2099902194263224], [0.09683684872945422, 0.6569980504454851, 0.0892847046840953, 0.15688039614096538], [0.3174937214127958, 0.216443204787652, 0.33071763771853774, 0.13534543608101435], [0.1975856506606409, 0.3198533916204529, 0.19083787408825784, 0.29172308363064836], [0.25353429347614137, 0.32700979561557497, 0.14700511165955438, 0.27245079924872917], [0.3483451417114874, 0.25170733282993185, 0.09754712363506599, 0.30240040182351474], [0.22708606285912555, 0.4041503085523888, 0.08291701528371176, 0.2858466133047737], [0.16818661755615125, 0.23321144432327634, 0.22343757902184763, 0.37516435909872486], [0.19940973143065133, 0.3840866731626116, 0.23029382588909736, 0.1862097695176399], [0.4722279101938398, 0.20390419318664652, 0.10768792966559863, 0.21617996695391503], [0.24717767719186995, 0.3563744333149531, 0.1652511823547092, 0.23119670713846768], [0.37396165043614343, 0.15053115272674086, 0.18800739256571744, 0.28749980427139826], [0.19322433266212466, 0.2918686430981937, 0.3454293370565843, 0.16947768718309728], [0.29619597139328746, 0.19494992345278328, 0.08627642933939171, 0.4225776758145374], [0.37412255908529374, 0.21992847073006294, 0.12660384896402738, 0.27934512122061605], [0.21396975849826005, 0.34080862721602856, 0.1691139695331878, 0.27610764475252364], [0.4414378524530978, 0.2115904560930189, 0.17452246622790565, 0.17244922522597753], [0.1367871720652836, 0.27871398296120425, 0.07694235082294541, 0.5075564941505668], [0.2417899235094325, 0.21036548338329983, 0.16513368810578546, 0.3827109050014824], [0.11359286122279069, 0.10593246446160709, 0.03278262098973611, 0.7476920533258662], [0.3406841588874225, 0.1553092479696666, 0.08752156695230921, 0.4164850261906017], [0.17352706710238425, 0.2110364308607049, 0.33010861637265865, 0.2853278856642523], [0.2265856175832212, 0.15290642374972685, 0.16766121580530638, 0.4528467428617455], [0.12899129213600952, 0.2868250076338456, 0.4353059702449492, 0.14887772998519577], [0.26418498742138957, 0.20216934951544407, 0.1917350013123168, 0.34191066175084955]]}, "rewritten": {"ids": ["97105960", "97106000", "97106591", "97107260", "97107950", "97110950", "97112300", "97114170", "98106111", "98107010", "98107210", "98107410", "98108410", "98108580", "98109570", "98110710", "98111670", "98113881", "98120530", "99105921", "99108080", "99109141", "99111340", "99112531", "99120010", "100109980", "101108290", "101108580", "101109000", "101110200", "101110740", "101111310", "101112690", "101113210", "101114020", "101119030", "102107961", "102112301", "102116500", "102121440", "103110220", "103111170", "103111540", "103111620", "103113270", "103113640", "103120340", "103120531", "104112201", "104113000", "104116980", "104117630", "104119290", "104119340", "105110091", "105112260", "105113480", "105115720", "105116501", "105116860", "105118171", "105121370", "106113830", "106116370", "106116441", "106117650", "106120290", "106121190", "106121220", "107113170", "107113200", "107113260", "107114140", "107114490", "107114780", "107117010", "107118120", "107118820", "107119130", "107121540", "108113700", "108114360", "108114670", "108115500", "108116501", "108117360", "108118520", "109113591", "109113931", "109115070", "109117600", "109118820", "109119450", "109119591", "110114321", "110114720", "110114920", "110115140", "110115250", "110115580", "110116290", "110116501", "110117080", "110118181", "110118701", "110120560", "110121500", "111114171", "111115400", "111118810", "111119430", "111120591", "111121220", "111121930", "112116610", "112116850", "112116990", "112117030", "112117471", "112117790", "112118161", "112118511", "112118860", "112118890", "112118930", "112119930", "112121010", "113117340", "113117630", "113118630", "113118810", "113118820", "113119320", "113119450", "113119950", "113120260", "113121810", "113121980", "113122160", "113122170", "113122190", "113122650"], "labels": [2, 0, 1, 2, 2, 3, 2, 2, 0, 3, 1, 3, 1, 0, 1, 2, 1, 3, 1, 1, 3, 3, 1, 3, 2, 1, 0, 0, 1, 2, 3, 3, 1, 3, 3, 3, 3, 1, 1, 2, 2, 2, 1, 0, 2, 1, 1, 3, 0, 1, 1, 0, 1, 1, 0, 3, 0, 1, 1, 2, 3, 2, 1, 2, 0, 1, 2, 2, 1, 0, 0, 0, 2, 3, 2, 1, 3, 3, 1, 2, 0, 1, 3, 3, 0, 1, 0, 3, 1, 0, 1, 3, 3, 0, 1, 3, 3, 0, 1, 1, 2, 3, 1, 1, 3, 0, 3, 3, 0, 0, 3, 1, 3, 1, 1, 0, 0, 2, 3, 3, 0, 1, 3, 3, 1, 1, 2, 2, 0, 3, 3, 0, 1, 3, 0, 3, 2, 2, 3, 1, 1, 2], "predicted_labels": [2, 3, 0, 0, 1, 0, 0, 1, 3, 3, 2, 1, 2, 0, 3, 1, 1, 0, 3, 3, 0, 0, 0, 1, 3, 0, 0, 2, 0, 1, 1, 0, 1, 1, 1, 3, 0, 0, 2, 0, 3, 0, 0, 1, 3, 0, 0, 3, 0, 3, 0, 3, 3, 3, 1, 3, 3, 3, 0, 0, 0, 3, 3, 3, 3, 1, 3, 0, 1, 3, 0, 0, 3, 3, 1, 3, 0, 3, 3, 0, 0, 0, 1, 3, 3, 3, 0, 0, 0, 2, 0, 1, 0, 2, 3, 1, 0, 3, 3, 1, 3, 0, 3, 1, 3, 3, 0, 0, 0, 0, 3, 1, 3, 0, 0, 0, 3, 3, 0, 0, 0, 2, 3, 3, 3, 1, 0, 3, 1, 3, 3, 0, 0, 3, 3, 3, 3, 3, 1, 1, 3, 1], "confidence_scores": [[0.18547424893543432, 0.20358578240977232, 0.41746920593342374, 0.1934707627213696], [0.2488533889396878, 0.17475098023839364, 0.2691582825125257, 0.3072373483093928], [0.41134094965169316, 0.30537612998961083, 0.08777265172726612, 0.1955102686314299], [0.4218718565840631, 0.17085321967878506, 0.19349837318156227, 0.21377655055558947], [0.2445282833642614, 0.3014303944000864, 0.15722686839962177, 0.2968144538360304], [0.3740224494561014, 0.26321174611725745, 0.12144375105946748, 0.24132205336717363], [0.4338481103857583, 0.18224016085688088, 0.11077508281807563, 0.27313664593928527], [0.17499965659499098, 0.4435123821649014, 0.15351447549198982, 0.22797348574811763], [0.26554288926697844, 0.22969109872015436, 0.16728044780070045, 0.3374855642121668], [0.19801793849640256, 0.21630085658674703, 0.07814380501203146, 0.5075373999048189], [0.1628642400181608, 0.2255300601255737, 0.4521416965418031, 0.15946400331446245], [0.2603781183117264, 0.28397147679638257, 0.245291597093065, 0.21035880779882596], [0.248458208290884, 0.2529531546745688, 0.2752363326813357, 0.22335230435321168], [0.3866890507260298, 0.2805608433109525, 0.08607713055022846, 0.24667297541278932], [0.25766637433432166, 0.14206635957331248, 0.06611877916722647, 0.5341484869251395], [0.26921449135620107, 0.3658486923535156, 0.08001783734424452, 0.28491897894603874], [0.12493895845455678, 0.45880601988759917, 0.12530692131739773, 0.29094810034044627], [0.34100501514815346, 0.19954339783107874, 0.1557495967354447, 0.30370199028532313], [0.23817150721720506, 0.2837927519434824, 0.10694430219317685, 0.37109143864613586], [0.2298783370831805, 0.1791448059750746, 0.11288140861676993, 0.4780954483249751], [0.34147116665247507, 0.23717338405506405, 0.12248649335528032, 0.29886895593718066], [0.6977664117462675, 0.1187043787127912, 0.062088167828980884, 0.12144104171196035], [0.3565921372458981, 0.26877300269890914, 0.20018709337563678, 0.17444776667955603], [0.21520162989819158, 0.36050038808502655, 0.16078253115059168, 0.26351545086619027], [0.2042180182735504, 0.2465313672827375, 0.24820549920579782, 0.3010451152379143], [0.425033341777255, 0.16202219359512532, 0.10025807233261301, 0.3126863922950067], [0.45300791697307435, 0.16279974678074588, 0.0779017016781675, 0.30629063456801214], [0.2714711532224893, 0.12562066807463707, 0.3053310404515612, 0.29757713825131266], [0.39888617240947477, 0.21547513668120996, 0.08894113650153943, 0.29669755440777584], [0.17888295692948394, 0.49566244078888194, 0.11630143792017106, 0.20915316436146322], [0.3582451614915547, 0.4021908510477153, 0.13441391375980571, 0.10515007370092419], [0.5397787383309972, 0.2319113186562838, 0.08059690412889606, 0.1477130388838228], [0.24619616152637927, 0.4575024045063869, 0.10139522129518258, 0.194906212672051], [0.20456714890074473, 0.5007123841271642, 0.11069693719937547, 0.1840235297727155], [0.14441648527617032, 0.3311749135543901, 0.3147740397177747, 0.2096345614516648], [0.2935453895847872, 0.2160123497409733, 0.12336581811064322, 0.36707644256359634], [0.47950009465788623, 0.18595461253294857, 0.10293383341041765, 0.23161145939874753], [0.4480693087707665, 0.1621431730959819, 0.08362819072965803, 0.3061593274035938], [0.27846100404631063, 0.24646141070709635, 0.3273836799295432, 0.1476939053170498], [0.3747363956695531, 0.19070162355385545, 0.18597281890934786, 0.2485891618672438], [0.17624316962470207, 0.16408849779676282, 0.11289980620010973, 0.5467685263784254], [0.342955415600203, 0.13627714030841157, 0.2877517904756455, 0.23301565361573987], [0.4398267177676863, 0.15533283711045767, 0.20177408613661627, 0.2030663589852398], [0.20882241730179082, 0.4467210311281371, 0.12569597733674695, 0.21876057423332515], [0.14384205720337898, 0.16864234260794286, 0.15170357806343934, 0.5358120221252388], [0.6849261657610489, 0.10716897723782016, 0.05364515249791768, 0.15425970450321322], [0.4879776079802767, 0.19259192595280777, 0.08718284452975032, 0.23224762153716524], [0.19594270884762222, 0.19688003578992433, 0.06265730944284019, 0.5445199459196133], [0.42947666298571696, 0.1274627256643835, 0.08009457806678026, 0.36296603328311944], [0.30936580587925333, 0.15006549095433175, 0.16275080372043976, 0.37781789944597516], [0.31737554671530266, 0.2426989921746359, 0.12482553425457685, 0.31509992685548466], [0.27552169444357205, 0.14914877738375718, 0.08420861163778823, 0.49112091653488243], [0.16132496136363228, 0.3161770871640338, 0.16235279703597139, 0.36014515443636247], [0.2412027048416121, 0.25976158649728576, 0.10228204856223529, 0.3967536600988669], [0.13557290933060132, 0.3416452306303497, 0.21954234600732647, 0.30323951403172245], [0.29904750236520494, 0.16757953578789744, 0.20236907248013927, 0.33100388936675834], [0.2756609934317106, 0.20995204924460634, 0.13474389128120423, 0.3796430660424787], [0.15066746194416483, 0.352157657714827, 0.08330654300187366, 0.41386833733913453], [0.677161264560397, 0.08512058855973448, 0.08933504669586464, 0.1483831001840039], [0.4245718136305758, 0.20936373900707814, 0.0990076583463, 0.2670567890160461], [0.7030165697993587, 0.12049147678242811, 0.04521712635719592, 0.13127482706101734], [0.22243559281981956, 0.21929957913935327, 0.19662611849744993, 0.36163870954337723], [0.1875633954163643, 0.20872488486008786, 0.08207652979887174, 0.5216351899246761], [0.17110836093430404, 0.17097601945833807, 0.14504168729503714, 0.5128739323123208], [0.13420594555604992, 0.1836259280877877, 0.1305352876214345, 0.5516328387347279], [0.3231960475241193, 0.35439189928261117, 0.08371127226779346, 0.23870078092547634], [0.16242582845174608, 0.19568580174549116, 0.11469376113607319, 0.5271946086666894], [0.6276181116599403, 0.11712586715464834, 0.08036345531388492, 0.1748925658715264], [0.27012827444699583, 0.30755912418074777, 0.12589478031038326, 0.29641782106187314], [0.20510669553996605, 0.1814119449575512, 0.10256214068831636, 0.5109192188141665], [0.41656788680786744, 0.17219438918582836, 0.052043252673204754, 0.3591944713330993], [0.3264378232341977, 0.2886659416326248, 0.13414815605105057, 0.2507480790821269], [0.2103496039496471, 0.24550663187071858, 0.26982704355092957, 0.2743167206287049], [0.32671309948594274, 0.16980872921344053, 0.12080643502225778, 0.382671736278359], [0.25238016533382995, 0.32751253615281706, 0.25779360802753204, 0.16231369048582112], [0.21734543742001863, 0.25349024526753317, 0.12269951039902649, 0.40646480691342196], [0.4761316832432207, 0.1371415012741274, 0.07326484275845364, 0.3134619727241984], [0.15500176656319434, 0.30826264163316375, 0.15039792359737017, 0.38633766820627186], [0.19198699161287028, 0.30741109412729967, 0.07272603514507982, 0.4278758791147501], [0.5413255841474288, 0.15723866150469265, 0.10586511177381211, 0.1955706425740664], [0.3321553523932616, 0.2730010888808007, 0.186555556760901, 0.20828800196503658], [0.31098366163249064, 0.19861833595040304, 0.198980302360059, 0.2914177000570473], [0.24153748945268386, 0.5008457955429237, 0.11834197972449371, 0.13927473527989886], [0.2655075431042187, 0.22585936286312794, 0.1801409003369533, 0.32849219369570015], [0.18831493102163005, 0.1686175621872124, 0.1115236238310129, 0.5315438829601447], [0.12532401069891264, 0.1770005522983407, 0.24997712674571326, 0.44769831025703344], [0.49906457757928147, 0.10410048653312992, 0.15457851756527877, 0.24225641832230993], [0.3638952532566397, 0.30291439588974073, 0.11875254297232393, 0.21443780788129566], [0.43793368359405266, 0.20379289320138266, 0.09069120295068114, 0.2675822202538834], [0.13722583050206155, 0.17396019636035465, 0.37844918175156667, 0.3103647913860172], [0.6165847908562085, 0.13099309270732742, 0.09268988583104741, 0.15973223060541653], [0.10932844502229827, 0.6141979075639452, 0.10972801762526305, 0.16674562978849347], [0.338240208384536, 0.1457473493827856, 0.2295393056786987, 0.2864731365539796], [0.2552418789420819, 0.1787769560442499, 0.33170716304025105, 0.23427400197341736], [0.25665731001638686, 0.11458172597603758, 0.2630415682679537, 0.36571939573962187], [0.10044804267361553, 0.589151405783498, 0.1986115336437862, 0.11178901789910033], [0.4216306225251949, 0.16907782617675524, 0.08189438381666568, 0.32739716748138425], [0.28940340016259686, 0.25573098934743915, 0.07084049515791516, 0.38402511533204886], [0.22930843869426046, 0.22328233920053175, 0.26075303294590224, 0.2866561891593056], [0.2371617613820224, 0.28577327471420516, 0.23704001590776624, 0.2400249479960062], [0.2208478080375478, 0.11139579774517477, 0.18837456710829134, 0.47938182710898614], [0.40937785335714366, 0.18163203799551159, 0.11071525506940655, 0.29827485357793826], [0.18427707326540302, 0.2788414848172443, 0.08877951764278243, 0.4481019242745703], [0.22878047180815336, 0.40399673715910284, 0.19482099586287122, 0.17240179516987258], [0.19548079550473663, 0.19543122571710358, 0.08404584749588327, 0.5250421312822764], [0.3112373128403768, 0.21731521974698623, 0.09969850769078471, 0.3717489597218521], [0.3447934151572163, 0.234149811730298, 0.10581136583056115, 0.3152454072819247], [0.43250053309243575, 0.13393155258693315, 0.09927517078594775, 0.3342927435346835], [0.38065286026346334, 0.30223478836226264, 0.13464782781988602, 0.182464523554388], [0.4134080232890168, 0.2066310912510512, 0.0988343030457042, 0.2811265824142277], [0.31307713865933345, 0.21236606503922642, 0.09264346488846022, 0.3819133314129799], [0.10651504895722645, 0.40245479033143755, 0.0915448544374332, 0.39948530627390294], [0.2557280930333446, 0.18006390303258796, 0.07537579809670199, 0.4888322058373654], [0.5829099246079923, 0.1733088752556546, 0.06244514683276991, 0.18133605330358324], [0.6870852920977275, 0.09738023118360827, 0.0990552625164009, 0.11647921420226329], [0.5450448731508307, 0.12768187083785149, 0.12257230210636631, 0.20470095390495135], [0.28887711329424937, 0.14837076324232232, 0.06933907037347323, 0.493413053089955], [0.18533902443383457, 0.21568801082341865, 0.12577555477239413, 0.4731974099703527], [0.38673775877307925, 0.22530315024408593, 0.11321255354287871, 0.27474653743995614], [0.4070250131699292, 0.12882469549260436, 0.06379075945539912, 0.40035953188206735], [0.4636551335559431, 0.09766153716343533, 0.0730398858353648, 0.36564344344525684], [0.1704948003828794, 0.20050278479403805, 0.3243871008875714, 0.3046153139355113], [0.3811377075865839, 0.12862026967989992, 0.09853786057130559, 0.3917041621622106], [0.30350537284230455, 0.17059550365427545, 0.10217064076376296, 0.4237284827396571], [0.22986558748201086, 0.14000599118747745, 0.08602324660731205, 0.5441051747231996], [0.225161358179601, 0.43616543716761214, 0.1118517020848855, 0.22682150256790126], [0.4386377872890516, 0.33623012439836064, 0.09012985833612473, 0.1350022299764629], [0.20625066219256535, 0.26723715987082486, 0.18405142219510784, 0.34246075574150203], [0.28188412417954767, 0.4147812561816553, 0.0725449959091488, 0.23078962372964812], [0.26998554331043617, 0.22233168962311567, 0.18990068706571658, 0.3177820800007316], [0.13175842566002838, 0.23983595090271106, 0.12434450063286163, 0.504061122804399], [0.5627147939131574, 0.09648494948920722, 0.14839031644889786, 0.1924099401487376], [0.513916140167039, 0.16696112943857172, 0.11258473307415988, 0.20653799732022934], [0.343271267499918, 0.18723343272693077, 0.100363566656933, 0.3691317331162182], [0.3288543893393474, 0.16497433438520545, 0.10030350668114302, 0.4058677695943041], [0.1488749163297312, 0.1486615047768697, 0.1591881333495896, 0.5432754455438095], [0.2634363472413985, 0.2849214481481054, 0.12249297100100512, 0.32914923360949083], [0.09622031860513186, 0.17760332544509208, 0.17317632220889184, 0.5530000337408842], [0.23741833389083047, 0.3517385191498849, 0.13030362721143463, 0.2805395197478501], [0.2039366803444175, 0.35292929315776744, 0.20953223776513955, 0.2336017887326757], [0.2329950374016748, 0.1762863620915581, 0.21468471430165573, 0.37603388620511147], [0.16594756760868606, 0.3673362176183351, 0.1910699774479343, 0.2756462373250446]]}}