{"test": {"ids": ["108118291", "98106880", "112116900", "108119550", "113119480", "113121680", "112119120", "111119430", "101121640", "100111380", "112117210", "106116441", "103113170", "109116441", "104113210", "110120540", "110120190", "98106680", "109120560", "98111860", "112118581", "106113260", "111121351", "110121720", "99112300", "99108080", "109114651", "98112300", "110120531", "110121170", "107120130", "98107410", "113119320", "105118740", "106113360", "108120621", "102113350", "102111990", "113121750", "104109311", "105119950", "111114171", "99110050", "99112840", "98108520", "112120270", "103117461", "97105960", "100109311", "104110960", "110116441", "109117431", "112117431", "100108520", "102118380", "106116120", "113119360", "99107500", "111115400", "107117630", "105113440", "111116640", "101108950", "102110240", "109115380", "99109141", "111119250", "109120621", "102112170", "103112641", "100109000", "111114121", "109116170", "103111540", "106118301", "108115970", "109118820", "111115910", "105117351", "99114890", "113118820", "101111140", "99108710", "104111830", "102112301", "110120640", "108118810", "106120640", "113120070", "108117610", "106113830", "105110251", "102113981", "112119450", "108121160", "104118340", "113121410", "98116940", "113121980", "100107920", "103111990", "102121440", "109116810", "106119580", "104113170", "107113360", "105112130", "107112840", "112121410", "112116640", "99117630", "108118060", "101119030", "101108621", "113120640", "113122510", "108114670", "101108370", "107118490", "105119550", "109117080", "112119580", "111120531", "97106820", "110116290", "111117480", "105117200", "103117200", "101115190", "101109120", "111116100", "108118301", "106111321", "100108990", "104111531", "113122220", "110121500", "107121230", "105118230", "113118870", "112118511", "110113931"], "labels": [3, 0, 3, 1, 3, 1, 1, 3, 2, 3, 1, 0, 3, 3, 3, 1, 3, 1, 1, 0, 1, 3, 0, 3, 0, 3, 3, 2, 0, 2, 2, 3, 1, 1, 0, 1, 3, 2, 0, 3, 3, 3, 3, 2, 2, 0, 0, 2, 1, 2, 3, 1, 0, 2, 1, 1, 0, 0, 0, 0, 0, 0, 2, 3, 3, 3, 1, 1, 3, 3, 1, 0, 0, 1, 1, 2, 3, 2, 0, 2, 0, 2, 2, 3, 1, 0, 1, 3, 2, 3, 1, 0, 1, 3, 2, 2, 0, 2, 2, 0, 2, 2, 3, 3, 3, 0, 1, 1, 0, 0, 3, 1, 3, 0, 0, 2, 3, 1, 2, 1, 1, 3, 0, 1, 2, 1, 3, 0, 1, 1, 3, 1, 0, 2, 0, 1, 3, 0, 1, 0, 1, 1], "predicted_labels": [3, 1, 1, 2, 1, 3, 1, 1, 1, 1, 1, 3, 1, 0, 3, 1, 1, 1, 3, 1, 1, 1, 0, 1, 0, 1, 1, 0, 3, 3, 3, 0, 1, 1, 3, 3, 1, 3, 1, 3, 1, 3, 1, 1, 1, 3, 0, 1, 0, 1, 3, 1, 1, 2, 1, 1, 3, 1, 3, 3, 1, 3, 1, 1, 1, 0, 3, 3, 3, 1, 3, 3, 1, 3, 0, 1, 0, 3, 3, 1, 1, 3, 1, 1, 3, 1, 1, 1, 1, 1, 3, 0, 1, 3, 1, 1, 3, 1, 1, 1, 0, 0, 3, 1, 1, 3, 3, 1, 3, 1, 1, 0, 0, 3, 1, 1, 1, 1, 1, 1, 1, 0, 1, 1, 0, 1, 1, 1, 1, 3, 3, 0, 3, 1, 1, 1, 0, 1, 1, 1, 1, 0], "confidence_scores": [[0.2877137289610975, 0.2835156943933259, 0.13083407148407153, 0.29793650516150516], [0.2618295343545343, 0.2744705647293883, 0.2127845820845822, 0.2509153188314955], [0.2584286546786547, 0.2910422965922966, 0.16358278747396407, 0.2869462612550847], [0.23758666333666348, 0.2576871145194677, 0.27464467754467764, 0.23008154459919175], [0.2354352813852815, 0.2934457792207792, 0.18172236476973344, 0.28939657462420615], [0.20067425711543369, 0.2660264235764234, 0.22820326536208907, 0.305096053946054], [0.2271554057054058, 0.31129394494394513, 0.1598254190254191, 0.3017252303252303], [0.22298930742460155, 0.3099755189255188, 0.16853761042878698, 0.2984975632210928], [0.22655927405927423, 0.2941532079032079, 0.2143828282828284, 0.2649046897546897], [0.23715707070707073, 0.33322609612609627, 0.20126041181041193, 0.22835642135642145], [0.20413621182738842, 0.33304143634143607, 0.19046582339229404, 0.2723565284388816], [0.2301854978354979, 0.31209524642024655, 0.1436973720723721, 0.3140218836718835], [0.21969125091454825, 0.3120376984126984, 0.21354031597057924, 0.2547307347021744], [0.3273986957486957, 0.26061283716283723, 0.11796272061272065, 0.29402574647574636], [0.2612762598512601, 0.2436739038739039, 0.20939024031524034, 0.2856595959595958], [0.15953336940836954, 0.3449556332556332, 0.22479372294372305, 0.2707172743922745], [0.21990820290820315, 0.32662603230103227, 0.16790518925518924, 0.2855605755355757], [0.25698361638361655, 0.28350266041148386, 0.19878626373626382, 0.26072745946863607], [0.25356587856587876, 0.257289565989566, 0.20282065157065166, 0.28632390387390394], [0.1831478371301902, 0.3008249813911582, 0.2644414477679183, 0.2515857337107339], [0.21143404928404944, 0.32728291430791434, 0.16386832611832625, 0.2974147102897102], [0.22645767010767018, 0.32624884837384815, 0.2179334138084138, 0.2293600677100678], [0.30843734549763985, 0.2815925829072885, 0.16618565878565877, 0.2437844128094129], [0.2728935675435676, 0.32057820512820523, 0.15124536574536576, 0.25528286158286173], [0.273500333000333, 0.25700396825396826, 0.19627127594627594, 0.2732244227994229], [0.2265768509268511, 0.26129045676545687, 0.25404882339882356, 0.25808386890886903], [0.23962532467532474, 0.2929957320457321, 0.1846424500336266, 0.28273649324531686], [0.3012837717837718, 0.25597844377844386, 0.15436283716283714, 0.28837494727494745], [0.2828098540348541, 0.27142625985126007, 0.15156529581529585, 0.2941985902985903], [0.21080746149275562, 0.2876132339882339, 0.1678365559277326, 0.33374274859127795], [0.24643838465456136, 0.2855279925956398, 0.16201880700998358, 0.30601481573981604], [0.2857590476516947, 0.25214569956187627, 0.19594356754356762, 0.2661516852428618], [0.2145827838827839, 0.3433238261738261, 0.12460765900765901, 0.31748573093573085], [0.19867516372516392, 0.3105934229513178, 0.23864784659784669, 0.25208356672567195], [0.2669323121323123, 0.2703476634476635, 0.16782461982461994, 0.2948954045954047], [0.2625543401043402, 0.2735623598623598, 0.1682073482073482, 0.29567595182595174], [0.22741143105260775, 0.27219840518958166, 0.2400104878781349, 0.260379675879676], [0.25404181929181935, 0.28333508713508726, 0.17416946941946945, 0.28845362415362424], [0.23306338106338115, 0.3703528988555305, 0.11284738223592716, 0.28373633784516145], [0.26262748917748935, 0.27260562770562785, 0.13627222777222783, 0.3284946553446554], [0.2533313547563548, 0.28654545732045733, 0.20470596070596073, 0.25541722721722737], [0.23407294927294942, 0.284440503940504, 0.15095921300921308, 0.3305273337773336], [0.22266074448427386, 0.2964575733520007, 0.19455021167343162, 0.2863314704902941], [0.2160392582907289, 0.30158848651348635, 0.20887439586557247, 0.27349785933021237], [0.2975385947385948, 0.30467419280066343, 0.16895867988220953, 0.22882853257853264], [0.22926283161283173, 0.2822166666666666, 0.13691078921078934, 0.3516097125097126], [0.2970793855267539, 0.2878277854068877, 0.12982819370172305, 0.2852646353646355], [0.2206194855368231, 0.3063789429868375, 0.1964935564435564, 0.2765080150327829], [0.3244610167610167, 0.30759239649239645, 0.13416466866466872, 0.23378191808191817], [0.20424260461760466, 0.3011717171717172, 0.23249452214452224, 0.2620911560661562], [0.2324763403263404, 0.2899092490842489, 0.17298678543678553, 0.304627625152625], [0.25986016010133667, 0.31006767954267955, 0.1621712779051015, 0.26790088245088256], [0.2521214729714729, 0.3264419802419803, 0.11365889110889119, 0.3077776556776557], [0.26064395049395045, 0.22531294261294268, 0.26475512090248926, 0.24928798599061777], [0.22213077718634988, 0.3104617524288576, 0.1941432302131993, 0.2732642401715932], [0.24218403263403268, 0.2791522164110399, 0.21961428375546044, 0.25904946719946725], [0.21478241595006303, 0.2776615345438876, 0.17312250168132529, 0.33443354782472445], [0.20668086080586084, 0.3474627206127205, 0.2072265290265291, 0.23862988955488965], [0.23668770951270965, 0.2708295093795095, 0.19661956654456667, 0.29586321456321457], [0.24051657656069422, 0.26581515673868633, 0.18451082251082265, 0.3091574441897974], [0.24669732767232763, 0.3048967199467199, 0.16492247752247755, 0.28348347485847497], [0.23176957486957503, 0.28288776778776786, 0.18136250971250975, 0.3039801476301476], [0.19194871794871807, 0.3031434232434233, 0.23177352092352105, 0.27313433788433794], [0.24011282051282057, 0.28239233544233533, 0.21248237873237882, 0.26501246531246536], [0.18778088023088021, 0.30726363636363624, 0.2087603396603397, 0.2961951437451437], [0.3001374542124542, 0.28257121489621506, 0.15200541403041407, 0.265285916860917], [0.22805280552780569, 0.2682959676288624, 0.20108579753579772, 0.30256542930753466], [0.29085151515151514, 0.2234954809895987, 0.15529342487577794, 0.33035957898310847], [0.2611736846486847, 0.2495447655285892, 0.18363095597213236, 0.30565059385059384], [0.25756095766978127, 0.324103061970709, 0.1516567873303168, 0.26667919302919313], [0.23160279361161715, 0.24828775668775677, 0.19223409923409934, 0.3278753504665268], [0.30375356865356884, 0.2678248418248419, 0.11279733044733045, 0.3156242590742591], [0.2730035353535354, 0.28132416472416477, 0.16564587079587084, 0.28002642912642917], [0.23046502716409842, 0.26767145077145077, 0.2087621548901735, 0.2931013671742776], [0.3406629953379955, 0.28157039072039075, 0.12840821955821957, 0.2493583943833944], [0.2299346689258454, 0.28710327254444906, 0.2224286724713196, 0.260533386058386], [0.29191945831945826, 0.23703140748140752, 0.18443584748584754, 0.28661328671328673], [0.2537935053508582, 0.2791015456765458, 0.16647680930180941, 0.3006281396707868], [0.2601774836274837, 0.28992374014874034, 0.12240659895659899, 0.32749217726717705], [0.15658497058497067, 0.34838800038970336, 0.244134647224121, 0.25089238180120543], [0.2832840326340328, 0.29258833111333105, 0.14861930846930854, 0.27550832778332796], [0.27456093906093926, 0.2611091075591076, 0.1810717060717061, 0.2832582473082474], [0.21191985791985796, 0.31983283938283924, 0.19867856032856043, 0.2695687423687423], [0.19075338158573463, 0.316574373992021, 0.18379556277056278, 0.30887668165168175], [0.24254498475380842, 0.26216896436896436, 0.17826052085169738, 0.31702553002552974], [0.2195259046509049, 0.3096927097756046, 0.19053388833388854, 0.2802474972396025], [0.20600706793206802, 0.31307345791463426, 0.1779529162014458, 0.30296655795185207], [0.1914811272061272, 0.321034176934177, 0.20986569264069277, 0.27761900321900335], [0.19633511663774825, 0.3268688784641573, 0.1618619068066436, 0.31493409809145095], [0.19444319569319576, 0.3348500971250974, 0.1932668664668665, 0.2774398407148408], [0.27451352536352536, 0.2661953268953269, 0.14381747141747153, 0.3154736763236764], [0.3198281052281051, 0.29258145743145747, 0.14953016428016427, 0.23806027306027322], [0.28202688422688416, 0.30843116883116883, 0.1598399711399712, 0.24970197580197576], [0.24610869130869145, 0.2667109057609058, 0.15746285381285394, 0.329717549117549], [0.2060862193362195, 0.34234255335307956, 0.16505791562238933, 0.2865133116883118], [0.17952085218702882, 0.31303586282138907, 0.19576237701067417, 0.31168090798090803], [0.24905449354567005, 0.2823106782106781, 0.12576276419658777, 0.342872064047064], [0.2245398185148186, 0.30599426406926417, 0.21811378898878894, 0.2513521284271287], [0.23275556388056398, 0.31419991119991125, 0.15025832500832506, 0.30278619991120004], [0.2653265329441801, 0.30411403204638515, 0.1485218836718838, 0.28203755133755143], [0.2738224303474304, 0.2688483016983019, 0.18933803777921424, 0.2679912301750538], [0.28229241314241305, 0.265452258852259, 0.20150439560439568, 0.2507509324009325], [0.2336391941391942, 0.284664602064602, 0.16834581529581547, 0.31335038850038854], [0.19386341991342002, 0.31928107284871987, 0.25453574921810224, 0.23231975801975813], [0.22087841047841053, 0.32501721056721034, 0.17180621600621615, 0.28229816294816296], [0.28072554945054956, 0.2782687978687978, 0.15393226495726506, 0.2870733877233878], [0.1926448568974885, 0.2918732742403797, 0.1998000479053111, 0.315681820956821], [0.20593343980580825, 0.3405655140181454, 0.17595340215340227, 0.27754764402264404], [0.2687888111888111, 0.22870747030747046, 0.194874075924076, 0.30762964257964276], [0.2157027056277058, 0.34927385947385947, 0.17533879833616675, 0.2596846365622682], [0.24071077811077812, 0.27338936063936065, 0.22588658563658573, 0.2600132756132757], [0.26849962814962813, 0.2674827367077367, 0.20082634310134315, 0.2631912920412921], [0.27618884089766454, 0.24007385816797594, 0.2433799679508659, 0.2403573329834941], [0.29021834995070295, 0.2568047064047064, 0.16231860916860927, 0.29065833447598155], [0.26669671439671455, 0.30630467865467903, 0.15593680208680213, 0.2710618048618049], [0.17886054370466148, 0.3305762058117321, 0.20020331352514018, 0.2903599369584665], [0.23546748806748807, 0.29418651903651905, 0.19406213786213802, 0.27628385503385516], [0.2738509379509379, 0.32694086469086464, 0.14881081141081146, 0.25039738594738625], [0.20051782743400412, 0.31432277999777997, 0.23962376430758794, 0.24553562826062839], [0.22941664446664456, 0.31656156898656895, 0.1754335605570901, 0.27858822598969646], [0.19681849261849266, 0.32863443223443217, 0.2053021145521147, 0.26924496059496067], [0.299079032079032, 0.22921102786102798, 0.1902623348873349, 0.2814476051726051], [0.2509452547452549, 0.3073385531135529, 0.13476182151182164, 0.30695437062937064], [0.21769052254934626, 0.3064890883626178, 0.1870410759175466, 0.28877931317048977], [0.28040446220446236, 0.2648287046287048, 0.18073284215784227, 0.2740339910089911], [0.2128504995004996, 0.34428727888898175, 0.17340104749052113, 0.2694611741199976], [0.19455984015984026, 0.3429619713619712, 0.19968758463758482, 0.26279060384060393], [0.20875269730269738, 0.3531605061605061, 0.18850800588300604, 0.24957879065379068], [0.21947942531324888, 0.3069918589580353, 0.21089299691536553, 0.26263571881335046], [0.22798978798978806, 0.26573450993450987, 0.2160981740481742, 0.29017752802752816], [0.26592224997225, 0.26753606948606945, 0.15476462981462982, 0.31177705072705053], [0.28946779886779883, 0.2673509657009658, 0.17696855644355647, 0.266212678987679], [0.2197212279550515, 0.306747322122322, 0.15576598401598402, 0.31776546590664245], [0.21598320568320567, 0.28608525363525367, 0.23528009213009224, 0.26265144855144873], [0.2765305472305474, 0.3197107376283848, 0.13314153232388534, 0.27061718281718283], [0.25529568209568215, 0.288074691974692, 0.18120965423465443, 0.27541997169497184], [0.3033327414415651, 0.27079990646608315, 0.1672263264513266, 0.25864102564102587], [0.23023352839970493, 0.3088982794982794, 0.18373043263925642, 0.2771377594627594], [0.2339057831057832, 0.29628852258852273, 0.23091017871017894, 0.23889551559551578], [0.23902102619602633, 0.3251669302919302, 0.1611006243756244, 0.2747114191364193], [0.2011475214328156, 0.32524712787212795, 0.16846280549515857, 0.3051425451998981], [0.29702747807747804, 0.2890710844710844, 0.13083492063492075, 0.28306651681651696]]}, "rewritten": {"ids": ["97105960", "97106820", "98106680", "98106880", "98107410", "98108520", "98111860", "98112300", "98116940", "99107500", "99108080", "99108710", "99109141", "99110050", "99112300", "99112840", "99114890", "99117630", "100107920", "100108520", "100108990", "100109000", "100109311", "100111380", "101108370", "101108621", "101108950", "101109120", "101111140", "101115190", "101119030", "101121640", "102110240", "102111990", "102112170", "102112301", "102113350", "102113981", "102118380", "102121440", "103111540", "103111990", "103112641", "103113170", "103117200", "103117461", "104109311", "104110960", "104111531", "104111830", "104113170", "104113210", "104118340", "105110251", "105112130", "105113440", "105117200", "105117351", "105118230", "105118740", "105119550", "105119950", "106111321", "106113260", "106113360", "106113830", "106116120", "106116441", "106118301", "106119580", "106120640", "107112840", "107113360", "107117630", "107118490", "107120130", "107121230", "108114670", "108115970", "108117610", "108118060", "108118291", "108118301", "108118810", "108119550", "108120621", "108121160", "109114651", "109115380", "109116170", "109116441", "109116810", "109117080", "109117431", "109118820", "109120560", "109120621", "110113931", "110116290", "110116441", "110120190", "110120531", "110120540", "110120640", "110121170", "110121500", "110121720", "111114121", "111114171", "111115400", "111115910", "111116100", "111116640", "111117480", "111119250", "111119430", "111120531", "111121351", "112116640", "112116900", "112117210", "112117431", "112118511", "112118581", "112119120", "112119450", "112119580", "112120270", "112121410", "113118820", "113118870", "113119320", "113119360", "113119480", "113120070", "113120640", "113121410", "113121680", "113121750", "113121980", "113122220", "113122510"], "labels": [2, 1, 1, 0, 3, 2, 0, 2, 2, 0, 3, 2, 3, 3, 0, 2, 2, 3, 0, 2, 2, 1, 1, 3, 1, 0, 2, 1, 2, 1, 3, 2, 3, 2, 3, 1, 3, 1, 1, 2, 1, 2, 3, 3, 0, 0, 3, 2, 0, 3, 3, 3, 2, 0, 1, 0, 3, 0, 1, 1, 1, 3, 0, 3, 0, 1, 1, 0, 1, 3, 3, 1, 0, 0, 2, 2, 0, 3, 2, 3, 1, 3, 1, 1, 1, 1, 2, 3, 3, 0, 3, 3, 1, 1, 3, 1, 1, 1, 2, 3, 3, 0, 1, 0, 2, 3, 3, 0, 3, 0, 2, 3, 0, 1, 1, 3, 0, 0, 0, 3, 1, 0, 1, 1, 1, 3, 3, 0, 0, 0, 0, 1, 0, 3, 2, 0, 0, 1, 0, 2, 1, 2], "predicted_labels": [1, 1, 1, 0, 0, 1, 3, 0, 1, 1, 3, 1, 0, 1, 3, 1, 1, 1, 0, 0, 1, 3, 0, 0, 0, 0, 1, 1, 0, 1, 1, 1, 1, 3, 0, 3, 0, 0, 1, 0, 3, 3, 1, 1, 1, 0, 3, 3, 1, 3, 1, 0, 1, 0, 1, 3, 1, 1, 1, 1, 1, 0, 3, 1, 0, 0, 1, 3, 0, 3, 1, 1, 0, 0, 1, 3, 3, 1, 1, 3, 3, 0, 0, 3, 3, 3, 3, 3, 1, 3, 0, 3, 1, 1, 3, 1, 0, 3, 3, 3, 0, 3, 1, 1, 3, 0, 1, 0, 3, 3, 3, 1, 3, 3, 3, 1, 1, 0, 1, 1, 1, 3, 1, 1, 3, 0, 0, 3, 0, 1, 3, 3, 3, 1, 1, 0, 1, 3, 3, 3, 3, 1], "confidence_scores": [[0.2411062493062494, 0.30777900987901, 0.19611887001887016, 0.2549958707958708], [0.22997257742257757, 0.3057941225441227, 0.20084366291603145, 0.26338963711726887], [0.22133546176046187, 0.29894235209235204, 0.22306833166833187, 0.2566538544788546], [0.27983006078888417, 0.26666465560583197, 0.20587030192030206, 0.24763498168498174], [0.362546880896881, 0.26028214057184645, 0.1380252164502165, 0.2391457620810563], [0.30909353783471416, 0.31641042405307124, 0.13157745946863603, 0.24291857864357877], [0.23479194694194705, 0.25226546035663683, 0.22788432678432682, 0.28505826591708944], [0.30941969696969707, 0.26991688670806335, 0.14424961149961152, 0.27641380482262845], [0.1816894771894773, 0.3677862748362748, 0.19306205183705188, 0.25746219613719623], [0.1822017260517261, 0.3549921522921524, 0.18801414696414726, 0.2747919746919745], [0.2787896436896438, 0.21670165390165397, 0.1994726856476857, 0.305036016761017], [0.20893043068043077, 0.328529625929626, 0.21498486317603985, 0.24755508021390366], [0.3477736874236874, 0.2636036297036297, 0.1144394605394606, 0.2741832223332224], [0.2333468059718062, 0.3378846941070624, 0.15958488908752072, 0.26918361083361075], [0.2969368853368854, 0.21927848817848833, 0.16017953157953163, 0.3236050949050948], [0.24539255466755477, 0.2827706265956268, 0.18976183261183277, 0.28207498612498627], [0.19642516927516948, 0.3005321484071483, 0.25463753468753497, 0.24840514763014765], [0.24656441695559356, 0.2776396365072837, 0.2062010664172428, 0.26959488011988], [0.3278665362415362, 0.30033582300052886, 0.132548026973027, 0.23924961378490806], [0.295128391053391, 0.24088792155556882, 0.20403979733716568, 0.25994389005387464], [0.2472210345210347, 0.30125103785103796, 0.2279889554889556, 0.2235389721389722], [0.23124023199023208, 0.24062557442557442, 0.22594696137196135, 0.30218723221223237], [0.3495801282051281, 0.23796644466644476, 0.13006148573648577, 0.28239194139194157], [0.28164677267177274, 0.26746110278610263, 0.21501490731490747, 0.2358772172272174], [0.31486397768897756, 0.27238800921300915, 0.12643205683205685, 0.28631595626595646], [0.3032353745669536, 0.27931332074358406, 0.1441065712065713, 0.2733447334828914], [0.18791131417602022, 0.3048796037296036, 0.2128449855699858, 0.2943640965243907], [0.24135465090465114, 0.2951188922188921, 0.17466553446553462, 0.28886092241092237], [0.322842109034756, 0.2796187740364211, 0.16950588349558954, 0.22803323343323353], [0.2335414291590763, 0.2708402336225866, 0.2290819846819848, 0.2665363525363527], [0.2473734229822466, 0.3357987329663799, 0.14866265760383424, 0.2681651864475395], [0.2194183261183262, 0.284793253968254, 0.22949881784881795, 0.26628960206460234], [0.2788994694847637, 0.30917402544136285, 0.15945060319797166, 0.252475901875902], [0.26288571151071155, 0.2770816822066821, 0.17878253135753136, 0.2812500749250752], [0.33960310800310806, 0.18020931013431019, 0.16991691919191923, 0.3102706626706628], [0.2698379703629705, 0.27461044233544235, 0.15035704018204013, 0.30519454711954735], [0.29505832011126126, 0.23716514041514047, 0.2043850792997854, 0.2633914601738133], [0.2809901792651792, 0.266117526917527, 0.18965844988345007, 0.26323384393384414], [0.20253866133866147, 0.32017220002220015, 0.18617194472194476, 0.2911171939171941], [0.2936427627927627, 0.22533982128982125, 0.20646726051726066, 0.2745501554001554], [0.23613473193473203, 0.25728034743034767, 0.18450375735375743, 0.3220811632811633], [0.23595799755799768, 0.23564977244977245, 0.2096461815961817, 0.3187460483960483], [0.2801967754467754, 0.32714318459318464, 0.14941346431346428, 0.24324657564657567], [0.24438891941391963, 0.3211639388389387, 0.1667386502386503, 0.2677084915084916], [0.15857276612276622, 0.3749361249861249, 0.19395290265290274, 0.2725382062382063], [0.31564667934404794, 0.28944057376232296, 0.13761026636761933, 0.25730248052601007], [0.2801305066278751, 0.2545912882439199, 0.1298026418026419, 0.3354755633255633], [0.22318751803751818, 0.266809928959929, 0.24023693251193248, 0.26976562049062075], [0.26535633810633835, 0.31481563828328557, 0.1515765417588948, 0.26825148185148184], [0.24451316738816742, 0.273886075036075, 0.18604879564879584, 0.29555196192696187], [0.22702746142746144, 0.30310637140637153, 0.21391461593961605, 0.25595155122655144], [0.28006047008547036, 0.24774948107448097, 0.1943088078588079, 0.27788124098124095], [0.20903261689291106, 0.32594600677100655, 0.20821880145997787, 0.25680257487610436], [0.27645106837606853, 0.2689266761016761, 0.20600278055278068, 0.24861947496947512], [0.22398178210678227, 0.281868811743812, 0.2580451825951825, 0.2361042235542237], [0.24455049558284847, 0.28307813020313033, 0.15651287013639964, 0.315858504077622], [0.2676075369075371, 0.3019522755022755, 0.1835250111000111, 0.24691517649017658], [0.29554819116212294, 0.3230711361737677, 0.137629866332498, 0.24375080633161142], [0.23300264180264188, 0.2891521367521367, 0.21331350316350328, 0.26453171828171823], [0.23879573613520996, 0.3046063225989696, 0.2069969177021809, 0.24960102356363975], [0.24617882672882696, 0.29341034684269995, 0.18779428349428345, 0.27261654293419013], [0.2971814074814074, 0.23556164391164403, 0.17822914862914874, 0.28902779997780026], [0.25525981240981244, 0.25025425685425684, 0.17555568875568894, 0.31893024198024184], [0.19545347152847165, 0.29786593684093693, 0.2266555583305584, 0.2800250333000333], [0.3072412753912754, 0.26203948828948853, 0.17000279165279164, 0.2607164446664447], [0.3343936285936286, 0.24113124098124103, 0.12128746498599446, 0.303187665439136], [0.24268092083355255, 0.28067449772449765, 0.22045638250638272, 0.25618819893556743], [0.27107696192696173, 0.23902954267954268, 0.1800700355200356, 0.3098234598734599], [0.3075650663062428, 0.2548270784770786, 0.1374320698908934, 0.3001757853257856], [0.2080585803085805, 0.2491333927510399, 0.25089989340724644, 0.2919081335331338], [0.19646976911976918, 0.3741285076035076, 0.20324331881568727, 0.2261584044610363], [0.2120318126318127, 0.3307363358863358, 0.20502292152292154, 0.2522089299589301], [0.32187159229659246, 0.2749704078601137, 0.11398290598290602, 0.28917509386038825], [0.304699436382331, 0.2410276834276836, 0.1615609663728085, 0.29271191381717704], [0.21623356920856943, 0.31638821570586273, 0.2385676073926073, 0.22881060769296077], [0.24785266955266955, 0.28616351703851717, 0.16676478521478535, 0.2992190281940283], [0.2050412401324167, 0.29103968531468527, 0.20047544040926402, 0.3034436341436342], [0.22695914085914096, 0.2914887862137862, 0.19705083805083817, 0.284501234876235], [0.24098503893767054, 0.3020279120002805, 0.20369246864246873, 0.25329458041958064], [0.21010996585114244, 0.26666675105939824, 0.189515052431229, 0.33370823065823063], [0.234235791985792, 0.26326441891441893, 0.1928857864357865, 0.30961400266400274], [0.36353172383172383, 0.2535626318126319, 0.11293217893217897, 0.2699734654234656], [0.3555166583416582, 0.23490583109700766, 0.16061410811410817, 0.248963402447226], [0.22422075702075703, 0.28294013633425386, 0.19040126703362006, 0.30243783961136916], [0.2436561334090746, 0.23432034632034654, 0.2407755665902725, 0.2812479536803068], [0.2502015456765458, 0.25838121323121305, 0.17349823232323236, 0.31791900876900875], [0.2534067932067931, 0.29820937395937386, 0.14401147463647476, 0.30437235819735803], [0.2807331085581085, 0.22763230184847852, 0.13189858474858476, 0.35973600484482837], [0.18068584471084484, 0.33668979631479634, 0.19070161782661782, 0.2919227411477412], [0.27310530025530033, 0.2542167776667778, 0.17841876456876474, 0.29425915750915743], [0.39266030913530886, 0.2037212731712732, 0.1008432595182595, 0.30277515817515815], [0.2392407980907981, 0.2795444111444112, 0.1454455544455545, 0.33576923631923644], [0.2589050815197876, 0.3116592352092353, 0.18214282612812033, 0.24729285714285718], [0.27874189144189143, 0.32163700188700195, 0.11942935397935407, 0.28019175269175284], [0.25527409812409824, 0.2744038850038851, 0.18517682317682319, 0.2851451936951937], [0.2414483904983906, 0.28418868631368643, 0.20913348318348324, 0.26522944000444004], [0.32436040348540346, 0.23078835608835635, 0.13765519480519492, 0.3071960456210455], [0.2605284465534467, 0.2994489843489846, 0.1303660950160951, 0.30965647408147395], [0.25094880119880125, 0.2390095920419451, 0.20876112776112773, 0.3012804789981261], [0.24714730547230557, 0.2839370157620159, 0.1632542513042513, 0.30566142746142727], [0.2824596625596626, 0.26539124486624494, 0.17350353535353544, 0.27864555722055717], [0.2986210678210678, 0.24696504051504053, 0.15276470196470204, 0.3016491896991898], [0.22346850547113717, 0.32216581474081474, 0.20092714230214237, 0.253438537485906], [0.20308436563436566, 0.2982743922743922, 0.22828051948051958, 0.2703607226107229], [0.25356032578532595, 0.26810470640470646, 0.18509983072483074, 0.29323513708513727], [0.2900130536130537, 0.2825790209790211, 0.1699591020091021, 0.2574488233988233], [0.2472835220335222, 0.3578776001775999, 0.18396392496392505, 0.21087495282495286], [0.32495153735153726, 0.26257247752247764, 0.1261578144078144, 0.2863181707181708], [0.24203285048285064, 0.2645013791763793, 0.1563763522425287, 0.3370894180982415], [0.2657959724486043, 0.22698651903651906, 0.2184637862137863, 0.2887537223010907], [0.22553708513708537, 0.2777240537240537, 0.19528082195582194, 0.3014580391830391], [0.25971602841602837, 0.29235821400821405, 0.1709116772116772, 0.27701408036408026], [0.20979995200877558, 0.25418725555490274, 0.21952830502830503, 0.31648448740801677], [0.2212188145188146, 0.29898596991244053, 0.17540831717302308, 0.30438689839572197], [0.22118511488511497, 0.2735432345432346, 0.21363403263403283, 0.2916376179376179], [0.2541400960150962, 0.3046608974358975, 0.1627209606183291, 0.27847804593067776], [0.2816917347358523, 0.2929955874191168, 0.16480906315906332, 0.2605036146859677], [0.3296403452756394, 0.2690021871918933, 0.15840455182072827, 0.24295291571173924], [0.22204997931205367, 0.3119496507963999, 0.19252367599720552, 0.2734766938943412], [0.2530098124098125, 0.32831709401709397, 0.18036055713292565, 0.23831253644016812], [0.23468477078477076, 0.291036643911644, 0.20078068043068062, 0.2734979048729049], [0.25849026806526837, 0.26396197136197136, 0.15231661394161392, 0.3252311466311466], [0.2818242507492507, 0.28294747474747484, 0.1630483247145014, 0.2721799497887733], [0.218830349715644, 0.3030651959151959, 0.18057564739182388, 0.2975288069773366], [0.2604521117771119, 0.24041710234210234, 0.22793218448218466, 0.2711986013986015], [0.3154794778321095, 0.2430647596297753, 0.13523209927327587, 0.30622366326483974], [0.3002023448773447, 0.23998669941169964, 0.20343414085914088, 0.25637681485181485], [0.24850766733266727, 0.28511500999001, 0.1578587384837385, 0.3085185841935841], [0.29174715513244914, 0.28752952374422974, 0.16165805305805322, 0.2590652680652682], [0.278479020979021, 0.292890997890998, 0.148569893994894, 0.28006008713508723], [0.253752664002664, 0.2851371739371739, 0.17572562160062175, 0.2853845404595405], [0.23498543678543696, 0.28733186258186266, 0.17383152125652138, 0.3038511793761795], [0.27633395770895786, 0.22105179265179273, 0.17753455988455993, 0.3250796897546898], [0.23392280497280507, 0.30515210900210904, 0.1607840253313939, 0.30014106069369245], [0.20006874040991698, 0.31803462485227185, 0.18219371820989474, 0.29970291652791664], [0.30574734987235, 0.2660900333326805, 0.16791558604793907, 0.2602470307470308], [0.2576219807969808, 0.3184859612609615, 0.12538249630486478, 0.2985095616371933], [0.24051156425274087, 0.2546549006549007, 0.23736007881007898, 0.26747345628228], [0.25007533300033313, 0.29419743312243307, 0.14882953435453442, 0.3068976995226997], [0.26999496336996337, 0.3018870379620379, 0.11412788322788324, 0.31399011544011546], [0.24637050449550452, 0.2814551726051727, 0.18061207958707967, 0.29156224331224345], [0.18345162892662914, 0.33468935345700046, 0.22827116657851954, 0.2535878510378512]]}}