{"test": {"ids": ["109116170", "108114670", "98106880", "112119580", "103120531", "107118520", "102108621", "99109910", "112119450", "103120780", "111119340", "112119930", "108118301", "107117010", "102110500", "104113380", "109118701", "106115120", "111120280", "98108580", "109117730", "112116540", "100109360", "105113210", "113118810", "99110730", "109114030", "103117461", "107113200", "112117210", "101108460", "112118890", "107116501", "113118231", "100111270", "105120280", "109116441", "110116290", "98107410", "111119150", "101108580", "99108580", "107116300", "113119320", "101108370", "113118620", "104118070", "103111170", "109117110", "103111830", "111120190", "105112260", "110118450", "107115140", "100109311", "110114610", "98106111", "112116451", "99117630", "105113170", "111116750", "107116340", "101112160", "102109850", "108119510", "110118301", "109114270", "113119700", "110121720", "110118161", "105116501", "113120531", "111116640", "108115500", "98117740", "103113640", "112117580", "113118820", "107114621", "97116401", "101111990", "107119130", "112119610", "104112201", "110121450", "107118490", "112120630", "97106770", "105115720", "98120010", "98112300", "102107961", "101116130", "105118171", "99105921", "97105580", "108114040", "97105451", "112118820", "113121980", "113121810", "100108260", "107112850", "110119300", "113120540", "108119330", "107112840", "107121700", "109115380", "103118291", "112118701", "107120130", "108113740", "110118880", "111121930", "105110091", "104114740", "109114651", "108116120", "113121950", "111115770", "100109000", "102121440", "109114220", "105118230", "103112641", "111120640", "111116411", "111116100", "107119950", "101111140", "108117720", "107117630", "100110050", "98108370", "99107950", "99112300", "111119250", "101117580", "103113101", "104118340", "103111990"], "labels": [0, 3, 0, 3, 3, 2, 3, 2, 3, 1, 3, 1, 1, 1, 3, 1, 3, 1, 0, 0, 3, 1, 0, 3, 3, 3, 1, 0, 0, 1, 0, 3, 1, 3, 2, 3, 3, 2, 3, 3, 0, 0, 0, 1, 1, 3, 2, 2, 1, 3, 3, 3, 0, 0, 1, 1, 0, 0, 3, 0, 3, 3, 3, 1, 1, 1, 3, 0, 3, 0, 1, 0, 0, 3, 2, 1, 0, 0, 0, 3, 2, 1, 0, 0, 3, 2, 3, 3, 1, 2, 2, 3, 2, 3, 1, 1, 0, 0, 0, 2, 2, 3, 1, 1, 3, 0, 1, 3, 3, 0, 0, 2, 3, 0, 1, 0, 2, 3, 1, 3, 3, 1, 2, 3, 1, 3, 0, 0, 3, 3, 2, 1, 0, 3, 1, 1, 0, 1, 3, 3, 2, 2], "predicted_labels": [1, 1, 1, 0, 1, 1, 0, 2, 0, 3, 1, 0, 1, 1, 0, 3, 1, 3, 3, 1, 1, 1, 3, 0, 1, 2, 0, 1, 0, 1, 3, 1, 1, 1, 1, 1, 0, 0, 0, 0, 0, 0, 1, 1, 3, 1, 3, 0, 1, 3, 3, 1, 1, 3, 0, 1, 2, 0, 0, 3, 3, 1, 1, 2, 3, 3, 3, 1, 1, 0, 1, 3, 1, 1, 1, 0, 1, 1, 3, 1, 3, 1, 1, 0, 3, 1, 0, 2, 1, 1, 3, 3, 1, 1, 1, 1, 1, 1, 1, 0, 1, 1, 1, 1, 1, 1, 1, 1, 1, 0, 3, 1, 3, 0, 2, 0, 1, 1, 0, 3, 0, 3, 0, 0, 1, 0, 1, 0, 0, 3, 0, 3, 0, 1, 1, 2, 3, 3, 3, 1, 3, 1], "confidence_scores": [[0.18330292538305826, 0.49242511202190875, 0.005549387448954672, 0.3187225751460784], [0.24758883704511722, 0.4147195016137994, 0.0492976342592695, 0.28839402708181416], [0.21355238714382818, 0.16320256072167058, 0.41915490041591635, 0.20409015171858444], [0.6354836767425497, 0.03364855398514639, 0.022827744254656914, 0.3080400250176469], [0.143978438610938, 0.3758088833306877, 0.030711535044731807, 0.44950114301364263], [0.13967924523675232, 0.6441301644521975, 0.019187020594734705, 0.19700356971631536], [0.8514257621435721, 0.05398319484347739, 0.0018962709986697582, 0.09269477201428092], [0.09024865163200796, 0.1957421230791258, 0.7020421211499747, 0.01196710413889152], [0.7399148881396922, 0.10302544125105007, 0.003134199633818397, 0.15392547097543965], [0.29859829232587676, 0.22329951793417127, 0.09350237110946193, 0.3845998186304897], [0.0737229131622622, 0.22062984515761422, 0.39406729999506146, 0.3115799416850625], [0.2577643877363014, 0.08078295034405647, 0.41761365788656435, 0.2438390040330776], [0.1219085783105606, 0.40471446186411225, 0.0209572901661715, 0.452419669659156], [0.3177126956044532, 0.35976245017170155, 0.24573715872264715, 0.0767876955011982], [0.5407719176987479, 0.008759989812739174, 0.05497079681668198, 0.39549729567183073], [0.10313680302038898, 0.2549579791675814, 0.05998374215509076, 0.5819214756569386], [0.06976899226784132, 0.5980282436522891, 0.10813767704595957, 0.22406508703390998], [0.30939068434010775, 0.19027607414081354, 0.008042612971780732, 0.49229062854729794], [0.3817055634685569, 0.1920750357161492, 0.014022318974528174, 0.4121970818407658], [0.19767742403493344, 0.40460571282260926, 0.3117972747582142, 0.0859195883842431], [0.167977090195092, 0.5882325489540947, 0.14217170602732007, 0.10161865482349336], [0.1574698050658433, 0.33095605042940945, 0.04848842797029426, 0.4630857165344531], [0.3363054232083854, 0.11896646619042557, 0.12205874860404471, 0.42266936199714433], [0.5823229612267026, 0.08243001773319254, 0.06044060238840237, 0.2748064186517026], [0.3141528477415862, 0.5356613082839717, 0.07272887227274666, 0.07745697170169549], [0.023778864607497483, 0.11712995308845871, 0.8164662211343964, 0.04262496116964732], [0.8936603572035338, 0.03814447043273096, 0.006570447111950585, 0.061624725251784536], [0.3244513983092265, 0.34824060493916736, 0.009295985014448628, 0.31801201173715754], [0.6643895100547632, 0.08866871578641614, 0.0015333488254465487, 0.24540842533337404], [0.027379001773735673, 0.5168285151882435, 0.33797686343740574, 0.11781561960061537], [0.31765385993225626, 0.023916604974837084, 0.053035296437858176, 0.6053942386550486], [0.08894398222941537, 0.26831469888045345, 0.4190134279267057, 0.22372789096342535], [0.15773856322919136, 0.40126787007168385, 0.017841015585768623, 0.42315255111335576], [0.1604705359307486, 0.4759622707552641, 0.09683545117304691, 0.26673174214094], [0.09079455070783242, 0.42957485192079087, 0.3334188312661088, 0.1462117661052678], [0.18783073818513304, 0.7295010746679619, 0.01222476460097802, 0.07044342254592655], [0.8464396521133858, 0.00926758661218277, 0.00016088800047496591, 0.14413187327395646], [0.5646905096713921, 0.1364397251004677, 0.14886372267443773, 0.1500060425537021], [0.8012784372702335, 0.013984357520340534, 0.012764819583803528, 0.1719723856256223], [0.5492117194805449, 0.12059693687777984, 0.07140211306757559, 0.25878923057409975], [0.9465162514275728, 0.002269097170221832, 0.007268926621530826, 0.043945724780674565], [0.44886182192285257, 0.25980834732029784, 0.2313387218061278, 0.05999110895072163], [0.21200573651519705, 0.6137852028263295, 0.01323343565324117, 0.16097562500523233], [0.3330809653841604, 0.5003566453835839, 0.016443027647548, 0.1501193615847075], [0.42588532404386353, 0.10695147994900711, 0.0010199347576596363, 0.4661432612494697], [0.20277656062351618, 0.43537983721742096, 0.041775275330910536, 0.32006832682815245], [0.05815212680808106, 0.19860169887481596, 0.3393678973874012, 0.40387827692970174], [0.7940440026978711, 0.12955986784342577, 0.012867816996241246, 0.0635283124624619], [0.0661903250070582, 0.4708871190603525, 0.10733159585194371, 0.3555909600806452], [0.08462727157795202, 0.037485469948753736, 0.16669010169886728, 0.7111971567744272], [0.11273726090471194, 0.13728699926900875, 0.05233740184243848, 0.6976383379838407], [0.054722342669721195, 0.7603453035663729, 0.015006507627194578, 0.16992584613671166], [0.06451457327520488, 0.8409944980197398, 0.05463682776372281, 0.039854100941332744], [0.20550927692887835, 0.003474040541636409, 0.015596167603051783, 0.7754205149264335], [0.8294089445388555, 0.065937411456605, 0.0030034652518903457, 0.10165017875264894], [0.2154987890378706, 0.3238472645125974, 0.39994688203758905, 0.06070706441194328], [0.14187404567239434, 0.1202924779620378, 0.6363335192384877, 0.1014999571270803], [0.6922995212490826, 0.1827546836837544, 0.011445962666147797, 0.11349983240101509], [0.3387963827714295, 0.15673223197769187, 0.29112121055124457, 0.21335017469963416], [0.09403449717579755, 0.1172042412415971, 0.11264202665744893, 0.6761192349251565], [0.3456938072793503, 0.019801251881304542, 0.030065725207690075, 0.6044392156316551], [0.18832362796486082, 0.3335721474304098, 0.11476540044440861, 0.3633388241603208], [0.07343698580077407, 0.6181585945599603, 0.15722677308605115, 0.15117764655321506], [0.0714895796505945, 0.04096559042234989, 0.8388166328400913, 0.0487281970869639], [0.13125043687543744, 0.25351612728459627, 0.0669870909131481, 0.5482463449268183], [0.484009643148367, 0.07873244435813267, 0.009385776923611595, 0.4278721355698887], [0.17653792060585247, 0.1025750974794536, 0.0013615863427084924, 0.7195253955719851], [0.11712303864387225, 0.6030882714547862, 0.10537219167311593, 0.17441649822822572], [0.3864125738948856, 0.41951102584508215, 0.0466659712562885, 0.14741042900374385], [0.5339916021439778, 0.25270698930323376, 0.013172815409718675, 0.20012859314307013], [0.2965885344774641, 0.36956067679872406, 0.06244567843046107, 0.27140511029335085], [0.344121609120789, 0.27172605344487777, 0.011027535136520869, 0.37312480229781236], [0.26142080987035715, 0.3331826901262459, 0.16669604676546879, 0.23870045323792827], [0.4106186571072454, 0.3895662941002166, 0.05464556110848458, 0.14516948768405363], [0.125852227219421, 0.5972431958378007, 0.08570016271018484, 0.1912044142325935], [0.6318249550727446, 0.012685350767961411, 0.004424610549313162, 0.35106508360998123], [0.3104817206854561, 0.3984215375127788, 0.02973871079840239, 0.2613580310033625], [0.16166075792917625, 0.428870409941257, 0.0012801809635969398, 0.40818865116596986], [0.40455157469249325, 0.021240730636668686, 0.0002690715719356165, 0.5739386230989025], [0.262953492225238, 0.5714287411351741, 0.11781620357926818, 0.047801563060319345], [0.10242674146188144, 0.1597264120895584, 0.2969498474030473, 0.4408969990455128], [0.28265018269111813, 0.4389447122453504, 0.04174002494002797, 0.23666508012350368], [0.014773035064196237, 0.561126520442851, 0.3345400972018985, 0.08956034729105433], [0.5947155228060056, 0.07717762156154837, 0.010425456637379893, 0.3176813989950662], [0.373783283576458, 0.09663994828679547, 0.004385744575147851, 0.525191023561599], [0.2507601497978946, 0.18008538879524183, 0.4181049593640803, 0.15104950204278322], [0.5586103211281436, 0.059371954990578964, 0.003030028093414005, 0.3789876957878635], [0.09293560471079845, 0.026079226519719237, 0.78220400437206, 0.09878116439742236], [0.16120617370485532, 0.40540661111777365, 0.1665841499980491, 0.2668030651793218], [0.05539376834425204, 0.3040697871137795, 0.47152649442713135, 0.16900995011483735], [0.30985318829328584, 0.11679510303013005, 0.13353735902015137, 0.43981434965643246], [0.1840364858800929, 0.03521519451840107, 0.01905317153760739, 0.7616951480638987], [0.07875386565686328, 0.3363645360206963, 0.20655840894553001, 0.37832318937691034], [0.23464366505127204, 0.4835233284317225, 0.013165322821375258, 0.2686676836956297], [0.1544832404315561, 0.5207570809694355, 0.17493181004566355, 0.14982786855334515], [0.042140049624641025, 0.6198706558849157, 0.27385744792316413, 0.06413184656727906], [0.12222269360562923, 0.3817000090796962, 0.41383083976490187, 0.08224645754977257], [0.23852208989760046, 0.45161091615842947, 0.05771017752607345, 0.25215681641789645], [0.402012934972616, 0.41204672550735105, 0.010067018712782748, 0.17587332080725046], [0.7447400823630259, 0.13514910284337533, 0.0019323053760870906, 0.11817850941751187], [0.0342920558608598, 0.4343207754490208, 0.4896317556133547, 0.04175541307676465], [0.1877261168320715, 0.3470650819929058, 0.3349461860987173, 0.13026261507630582], [0.14680352044963, 0.3556861524327294, 0.17382951023604135, 0.32368081688159894], [0.3590519591914724, 0.35075695508472404, 0.09414946900579554, 0.1960416167180083], [0.3538060389257656, 0.33159527615349077, 0.132258927426971, 0.18233975749377257], [0.32235015824983315, 0.4024025049485259, 0.004995168576532676, 0.2702521682251083], [0.0766216951871111, 0.4648057729204039, 0.21827854186145185, 0.2402939900310329], [0.035529796920469585, 0.5637024855518901, 0.15766726192388458, 0.2431004556037557], [0.06244682727194541, 0.3837218356444774, 0.09835350554963271, 0.45547783153394444], [0.5314740682236185, 0.2356326048870025, 0.08311563562085421, 0.14977769126852475], [0.18084872116835948, 0.2838816384914874, 0.004442218945547992, 0.5308274213946051], [0.0384929960392536, 0.7537824880813137, 0.030542066548338336, 0.17718244933109417], [0.42577090636078235, 0.03401692074184387, 0.009817486703564075, 0.5303946861938098], [0.5639226100623657, 0.023485340715318156, 0.0012755859575518816, 0.4113164632647646], [0.16171714120684638, 0.14249021026983882, 0.5012869884754725, 0.19450566004784245], [0.5687155947966458, 0.14915482882759729, 0.012608122577709078, 0.26952145379804804], [0.10370240658770456, 0.37667672602232666, 0.3789703830105058, 0.14065048437946312], [0.2140082524154037, 0.47835623621798146, 0.013503216939376098, 0.2941322944272388], [0.8523291246327097, 0.018232009599827657, 0.002517777540062634, 0.12692108822739992], [0.21063919571249953, 0.16917294994277493, 0.0020309002790601027, 0.6181569540656653], [0.8192821386046463, 0.036416988568331574, 0.002925354591242439, 0.14137551823577976], [0.07360596386888929, 0.07380333841077263, 0.09904621982297597, 0.7535444778973625], [0.7413909791071919, 0.0432301344698494, 0.12924638102112992, 0.08613250540182878], [0.5443438100822929, 0.08988097619069764, 0.02870748392627512, 0.33706772980073435], [0.043748557849895654, 0.7677667544753902, 0.13404216437407512, 0.054442523300638895], [0.604072746777382, 0.09156015931208562, 0.01709993499011751, 0.28726715892041504], [0.13194079182060345, 0.5417289041873483, 0.11102249963296575, 0.21530780435908267], [0.8204488021759343, 0.030318490038302334, 0.009302810829772952, 0.13992989695599017], [0.6237557176496381, 0.27897614351699007, 0.02015557325413141, 0.07711256557924064], [0.41759321180773545, 0.2067479487326511, 0.0013005258674577203, 0.37435831359215577], [0.410930512720715, 0.20759995622105226, 0.18733669762592192, 0.19413283343231078], [0.47621242952666726, 0.10038035817617531, 0.017191415761289026, 0.4062157965358686], [0.8126147510361171, 0.04592342524161975, 0.07662901167226974, 0.06483281204999371], [0.054675965168002355, 0.3087210150760102, 0.5381126397776811, 0.09849037997830656], [0.3917248226970848, 0.2730142227331208, 0.14588354572387083, 0.1893774088459236], [0.018292337633080212, 0.190006798296092, 0.7607830183212216, 0.030917845749606154], [0.3489843274691866, 0.07583577927373518, 0.1636141025887359, 0.4115657906683425], [0.400850012146632, 0.10886325013132965, 0.1385579152411032, 0.35172882248093523], [0.1547861565662993, 0.18488384253141707, 0.1756858995850128, 0.4846441013172708], [0.06316842646914621, 0.7783569263114613, 0.0908490697630177, 0.06762557745637517], [0.052888730282551644, 0.3294086756673672, 0.04930715235712664, 0.568395441692955], [0.13838909653883977, 0.4622259835296099, 0.058998041313215184, 0.34038687861833467]]}, "rewritten": {"ids": ["97105451", "97105580", "97106770", "97116401", "98106111", "98106880", "98107410", "98108370", "98108580", "98112300", "98117740", "98120010", "99105921", "99107950", "99108580", "99109910", "99110730", "99112300", "99117630", "100108260", "100109000", "100109311", "100109360", "100110050", "100111270", "101108370", "101108460", "101108580", "101111140", "101111990", "101112160", "101116130", "101117580", "102107961", "102108621", "102109850", "102110500", "102121440", "103111170", "103111830", "103111990", "103112641", "103113101", "103113640", "103117461", "103118291", "103120531", "103120780", "104112201", "104113380", "104114740", "104118070", "104118340", "105110091", "105112260", "105113170", "105113210", "105115720", "105116501", "105118171", "105118230", "105120280", "106115120", "107112840", "107112850", "107113200", "107114621", "107115140", "107116300", "107116340", "107116501", "107117010", "107117630", "107118490", "107118520", "107119130", "107119950", "107120130", "107121700", "108113740", "108114040", "108114670", "108115500", "108116120", "108117720", "108118301", "108119330", "108119510", "109114030", "109114220", "109114270", "109114651", "109115380", "109116170", "109116441", "109117110", "109117730", "109118701", "110114610", "110116290", "110118161", "110118301", "110118450", "110118880", "110119300", "110121450", "110121720", "111115770", "111116100", "111116411", "111116640", "111116750", "111119150", "111119250", "111119340", "111120190", "111120280", "111120640", "111121930", "112116451", "112116540", "112117210", "112117580", "112118701", "112118820", "112118890", "112119450", "112119580", "112119610", "112119930", "112120630", "113118231", "113118620", "113118810", "113118820", "113119320", "113119700", "113120531", "113120540", "113121810", "113121950", "113121980"], "labels": [0, 1, 3, 3, 0, 0, 3, 1, 0, 2, 2, 2, 1, 1, 0, 2, 3, 0, 3, 3, 1, 1, 0, 3, 2, 1, 0, 0, 2, 2, 3, 2, 3, 3, 3, 1, 3, 2, 2, 3, 2, 3, 3, 1, 0, 0, 3, 1, 0, 1, 2, 2, 2, 0, 3, 0, 3, 1, 1, 3, 1, 3, 1, 1, 1, 0, 0, 0, 0, 3, 1, 1, 0, 2, 2, 1, 3, 2, 3, 3, 0, 3, 3, 1, 1, 1, 0, 1, 1, 3, 3, 3, 3, 0, 3, 1, 3, 3, 1, 2, 0, 1, 0, 0, 1, 3, 3, 3, 3, 0, 0, 3, 3, 1, 3, 3, 0, 0, 1, 0, 1, 1, 0, 0, 0, 3, 3, 3, 0, 1, 3, 3, 3, 3, 0, 1, 0, 0, 3, 2, 3, 2], "predicted_labels": [3, 1, 2, 1, 3, 0, 0, 1, 0, 3, 1, 2, 1, 2, 1, 2, 2, 3, 0, 1, 3, 0, 3, 1, 1, 0, 3, 0, 0, 1, 0, 3, 3, 0, 1, 0, 3, 0, 0, 3, 3, 1, 1, 0, 1, 1, 3, 3, 3, 3, 1, 3, 1, 0, 1, 2, 2, 1, 3, 0, 1, 1, 0, 1, 1, 1, 1, 3, 1, 3, 3, 1, 0, 1, 1, 3, 3, 1, 3, 0, 2, 0, 0, 0, 3, 0, 0, 3, 1, 0, 3, 3, 1, 3, 3, 3, 0, 1, 1, 1, 1, 1, 1, 3, 1, 3, 1, 0, 1, 0, 3, 0, 3, 0, 2, 3, 3, 3, 1, 1, 3, 1, 1, 3, 1, 1, 0, 3, 1, 3, 0, 1, 1, 1, 1, 1, 1, 1, 1, 1, 0, 3], "confidence_scores": [[0.24339601606947842, 0.27427478148072676, 0.04135971609380497, 0.44096948635598976], [0.07329602104773837, 0.44092384313368094, 0.36728683352646985, 0.1184933022921111], [0.2457521025741014, 0.07782336452293444, 0.5809390435470863, 0.0954854893558778], [0.1361786411956429, 0.2996335866195941, 0.1864421345825681, 0.3777456376021947], [0.12730022857401513, 0.051354600029112615, 0.3862470822776902, 0.43509808911918185], [0.9327914383297748, 0.026265707892168404, 0.014484829356233173, 0.02645802442182363], [0.5976296920319307, 0.11442413605643387, 0.01762124137756602, 0.2703249305340689], [0.22050365120783372, 0.21795324747547126, 0.47451604381678325, 0.08702705749991153], [0.5654792073998623, 0.29400308378021994, 0.08147693997587364, 0.05904076884404397], [0.26018468492927466, 0.19683323287535603, 0.0938056347609598, 0.44917644743440954], [0.16245361117553211, 0.5896416217594218, 0.09643574888036544, 0.15146901818468075], [0.08772520619199549, 0.15111043221849205, 0.6344973305667763, 0.12666703102273652], [0.2914935630115433, 0.6255091825012424, 0.01753617621485571, 0.06546107827235864], [0.011206438240118273, 0.060954679338561905, 0.9150505335885849, 0.012788348832734948], [0.3615930904839941, 0.43304333554996477, 0.17926226324657202, 0.026101310719469174], [0.12918373000670724, 0.05668704087315703, 0.7912874761666662, 0.02284175295346969], [0.009759256895711204, 0.026110104143502993, 0.9454685834286626, 0.01866205553212368], [0.07404668468465524, 0.04879842933843858, 0.163741961204626, 0.71341292477228], [0.565397258178256, 0.09400413894248155, 0.214936505359268, 0.12566209751999446], [0.2009575474678863, 0.5639558431574352, 0.09283773943689985, 0.14224886993777866], [0.06430537461623881, 0.04765655814684182, 0.2079255156927995, 0.6801125515441202], [0.5747411115997529, 0.028328489338969146, 0.002290197698900793, 0.3946402013623772], [0.11220634292132012, 0.25890268582128995, 0.08614445450083985, 0.5427465167565502], [0.04153064412404149, 0.21175774618323934, 0.6168358120094084, 0.12987579768331076], [0.18092583706399096, 0.28446000458896553, 0.4927710667319234, 0.04184309161512001], [0.9571669964932377, 0.013136255716178416, 0.0002604037136222037, 0.029436344076961628], [0.3272087353946227, 0.21785801999683865, 0.03650077780091998, 0.41843246680761875], [0.9203215093574536, 0.01070549828242837, 0.008909254847722104, 0.06006373751239565], [0.8209601203907708, 0.1390187713781253, 0.007456072552841835, 0.03256503567826162], [0.1314388340439413, 0.2647939348466325, 0.34568328795629244, 0.2580839431531336], [0.5561490580533502, 0.2868995874187662, 0.017978029423814296, 0.1389733251040695], [0.30437265097263577, 0.0618858212211637, 0.3474073019267401, 0.28633422587946034], [0.027557925333947936, 0.1329104413880604, 0.12650526481667637, 0.7130263684613154], [0.5587902045525899, 0.02475612355713564, 0.03031632608078483, 0.3861373458094896], [0.4267940620658933, 0.2998352158531977, 0.03851654926097386, 0.2348541728199351], [0.34140003974929434, 0.10974086640658694, 0.3976300596683293, 0.1512290341757894], [0.1687147066420827, 0.0036658994269901787, 0.04011838013944072, 0.7875010137914865], [0.6784144485540046, 0.0932293662271126, 0.09149430317318558, 0.13686188204569744], [0.5989813184781043, 0.22953830141676834, 0.011112682463845253, 0.16036769764128184], [0.32366468874874726, 0.029417301620172354, 0.14438408234194103, 0.5025339272891394], [0.10024547402344748, 0.10094971902962792, 0.030155392283292892, 0.7686494146636317], [0.2780804249535915, 0.5995812872245591, 0.017133562954257286, 0.10520472486759201], [0.07395761804074347, 0.5270152077914168, 0.2467082381209882, 0.15231893604685132], [0.9502875796060133, 0.0030905489416492996, 0.002005114459407814, 0.044616756992929926], [0.36559903947466416, 0.5452801952402044, 0.013875869781859528, 0.07524489550327203], [0.27125807288066106, 0.24283313399514125, 0.1893488000198649, 0.2965599931043328], [0.13471320914312104, 0.08809093079823853, 0.3443211246167318, 0.43287473544190863], [0.22751937497648167, 0.280842340994242, 0.11623141445981361, 0.37540686956946256], [0.4741470652511267, 0.04977562506518131, 0.008456157385852975, 0.46762115229783907], [0.030371128308384412, 0.27727622658785006, 0.31259889469445773, 0.3797537504093081], [0.15298911730162096, 0.5517502420170975, 0.02496638418403446, 0.27029425649724725], [0.3582508393598896, 0.16218526734315913, 0.10784645553818348, 0.37171743775876764], [0.038427832746938895, 0.3396553679908526, 0.2423794572774794, 0.3795373419847291], [0.5555140536484817, 0.26616008802976165, 0.09418417449710692, 0.08414168382464975], [0.03303743637789881, 0.7832071719376351, 0.124841699040378, 0.058913692644087974], [0.08727933372822737, 0.09039767849877413, 0.6150724331058219, 0.20725055466717637], [0.18309457506238144, 0.04873064406656982, 0.6263487177753916, 0.14182606309565726], [0.09268516152799415, 0.2891192023075846, 0.24366081254702496, 0.3745348236173962], [0.132181599540087, 0.2811561390669671, 0.01291375723177966, 0.5737485041611664], [0.5801946991024965, 0.18862144217745508, 0.007111072948054226, 0.22407278577199372], [0.052797942636763476, 0.8889314021774468, 0.010904415148819681, 0.04736624003697033], [0.5200938113594349, 0.4199982852211724, 0.018107399439762258, 0.0418005039796306], [0.627204814826877, 0.013380151787025372, 0.005945176043540585, 0.3534698573425574], [0.06198457467670689, 0.5863034556959574, 0.18001119349532252, 0.1717007761320129], [0.024913573547168746, 0.298520763387409, 0.2601075640865364, 0.41645809897888586], [0.5184257183589177, 0.37613715645987833, 0.0025748863133372105, 0.10286223886786675], [0.16844980065124704, 0.5349348190140722, 0.03595817190309682, 0.2606572084315841], [0.1620579945819286, 0.0023483219022826696, 0.004417880112673696, 0.8311758034031154], [0.29995422808665373, 0.31043478740773306, 0.06409703353778512, 0.32551395096782804], [0.14242331759803994, 0.3037482583498397, 0.13541079151245258, 0.4184176325396677], [0.17279594987613064, 0.004889042078637704, 0.000542445163386422, 0.8217725628818452], [0.19575270953485807, 0.49799341311780687, 0.11077971641311778, 0.19547416093421768], [0.9390234798922344, 0.0063288282835246195, 0.010808810860246066, 0.04383888096399493], [0.27984904987482984, 0.24367636346279403, 0.3330989280609772, 0.14337565860139914], [0.024990901078163923, 0.5924942802382719, 0.011177804629544739, 0.37133701405401937], [0.4167728450395778, 0.10288617169436284, 0.009214320371117047, 0.47112666289494237], [0.11605011900259747, 0.10598983389317342, 0.04065491729149063, 0.7373051298127384], [0.1563453889341582, 0.6532806070701487, 0.03211772750921257, 0.15825627648648027], [0.047646533549855, 0.10396114293658362, 0.08503849388643646, 0.7633538296271251], [0.7367730095408312, 0.0041345257639808985, 0.0017693482026301653, 0.2573231164925577], [0.04166208536109034, 0.13320014509504757, 0.7235604056700542, 0.10157736387380764], [0.33722241500063443, 0.17338969071530352, 0.3669856254806473, 0.12240226880341458], [0.788414904233834, 0.11405538436674105, 0.03290430906264452, 0.0646254023367801], [0.8096480334732424, 0.01976176281398367, 0.0008289935123481385, 0.169761210200426], [0.29215395078996126, 0.06665458466152847, 0.0016804398572371905, 0.639511024691273], [0.5599121656330096, 0.2551665832881831, 0.009122991526675084, 0.1757982595521318], [0.8130556094631157, 0.1236326788540604, 0.010920859765120913, 0.05239085191770306], [0.09042100838780023, 0.2600375523087734, 0.04809989772330756, 0.6014415415801189], [0.25278501930956715, 0.2554668224235118, 0.24866906103749192, 0.24307909722942886], [0.6161733823443174, 0.02059758557767766, 0.044947585256228856, 0.3182814468217762], [0.14721866587581384, 0.13625225233591323, 0.025360942224817423, 0.6911681395634557], [0.20410892916701076, 0.02623728328127857, 0.0065102847848234596, 0.7631435027668871], [0.046669660373532755, 0.6208740363792787, 0.26423897811043107, 0.06821732513675723], [0.11749115247167762, 0.20431174695780174, 0.030505849113768, 0.6476912514567527], [0.39410900059396187, 0.11355133096653386, 0.005200886079334211, 0.48713878236017005], [0.18890903716406687, 0.14835033980946424, 0.08051318330685975, 0.5822274397196093], [0.45503189368847974, 0.22185077745831028, 0.05073826686279318, 0.27237906199041667], [0.07553548787030052, 0.6106379652251934, 0.03787011509696841, 0.2759564318075372], [0.3220706924588431, 0.4423028855197585, 0.031393697817977004, 0.20423272420342126], [0.14095053653215453, 0.22355730534600493, 0.39511389005945, 0.2403782680623905], [0.44636649411219803, 0.29778825684758664, 0.037738881019115655, 0.21810636802109962], [0.2201121757647783, 0.4349120016793309, 0.08229224353725045, 0.26268357901864053], [0.05893837038574831, 0.8601864540233943, 0.026001336445173225, 0.054873839145684174], [0.5195247853062817, 0.031122697889072348, 0.000892582886864555, 0.44845993391778116], [0.3960745665485616, 0.35947058076903754, 0.00827913380499082, 0.23617571887741004], [0.3987002508195035, 0.16553337988881947, 0.039986795190932165, 0.39577957410074477], [0.15155777909257587, 0.36825069117712683, 0.11476422442472357, 0.36542730530557377], [0.9174898989559784, 0.0037206720458272686, 0.018171648485385203, 0.06061778051280908], [0.21078882585987896, 0.6413069574746731, 0.016736373426747986, 0.1311678432387001], [0.5931375139407512, 0.017512435287771466, 0.042220276058085066, 0.34712977471339224], [0.12759167963022824, 0.09347172284670416, 0.13033774133344564, 0.6485988561896218], [0.6855917861770211, 0.027659114811563128, 0.012034585144770585, 0.2747145138666452], [0.316013911246655, 0.16214397042176895, 0.011438535449888342, 0.5104035828816876], [0.3160187555170522, 0.06603537752678908, 0.4383687103118807, 0.1795771566442779], [0.006441201219643261, 0.1177589832584145, 0.8632530946865258, 0.012546720835416516], [0.2559514417959976, 0.062247176128731686, 0.07277449601279842, 0.6090268860624719], [0.3370847998523377, 0.14731706180363147, 0.022546806880198948, 0.4930513314638317], [0.4111512597868269, 0.11144971232340037, 0.02689869306513313, 0.4505003348246394], [0.35905482315456744, 0.21106578700916914, 0.2658649665870514, 0.1640144232492116], [0.29969311449669245, 0.5202047680116076, 0.05850643831125791, 0.12159567918044212], [0.04201890745539832, 0.15187777266490812, 0.03553088177627705, 0.7705724381034164], [0.12229287707901088, 0.3617292876471099, 0.23712801170123662, 0.2788498235726426], [0.06658455288690754, 0.5159938461447594, 0.02711106351868715, 0.39031053744964583], [0.15776897460117698, 0.15737874492388462, 0.13046918458328952, 0.5543830958916488], [0.04853981857871101, 0.6235890713481006, 0.020007493530449127, 0.30786361654273936], [0.19598097609074389, 0.4914647045916167, 0.09071367184324546, 0.22184064747439408], [0.9025245657232267, 0.01702061261566636, 0.0012565569893092736, 0.07919826467179794], [0.12685472519383714, 0.18198845754479342, 0.22735031939999564, 0.4638064978613741], [0.04920560988349006, 0.656263876257451, 0.20934802420925078, 0.08518248964980829], [0.3784313889713092, 0.19466992826249183, 0.13414196663287664, 0.2927567161333224], [0.5463886316117421, 0.03758011405305215, 0.010694821121887833, 0.4053364332133182], [0.44030121474329065, 0.30186193147937407, 0.09247663401327913, 0.16536021976405602], [0.17164800731955684, 0.5680687464337967, 0.0075947123403596545, 0.2526885339062866], [0.2683541898649662, 0.5522705826912769, 0.15616945952736566, 0.02320576791639146], [0.273704520439528, 0.5904707335602005, 0.005082559134048552, 0.1307421868662231], [0.06120382768989944, 0.4464868771119366, 0.1856426871619686, 0.30666660803619555], [0.026309353429124424, 0.6729054281430616, 0.06570397041693038, 0.23508124801088354], [0.2665834212183859, 0.32808124759275986, 0.010547443718457533, 0.3947878874703965], [0.1552646297162833, 0.6696769449639737, 0.028455927597381504, 0.14660249772236159], [0.042018241495498904, 0.5087623501432798, 0.32200659157250694, 0.12721281678871413], [0.49768166811547604, 0.30730447178044296, 0.00916415602674587, 0.18584970407733536], [0.26736204084630544, 0.12856460174104448, 0.0005121242529054595, 0.6035612331597443]]}}