{"test": {"ids": ["97116410", "104113170", "113118111", "101112690", "99112531", "100108990", "99109860", "105113620", "110115580", "111121351", "100111080", "98110680", "113118511", "110118880", "106114011", "112118471", "101119591", "112119930", "110117080", "111120260", "112116290", "99112641", "108119510", "110118630", "109114651", "97113900", "110115140", "107120880", "102118380", "111116640", "107116340", "112120700", "112116800", "104119290", "112121351", "106113170", "101116130", "100111390", "109118701", "105113210", "102112030", "105115720", "113121220", "103111990", "103113640", "101108500", "97107681", "109120150", "99109780", "111115620", "113122230", "105116501", "104113210", "113122150", "103113270", "110117870", "112121030", "100107920", "100109360", "113120070", "107121700", "98109311", "100108080", "111118820", "112116810", "112120540", "104111880", "112116451", "97106591", "103120290", "108120280", "103118110", "113119700", "110115250", "102108621", "98111620", "108117610", "100109980", "99109740", "109117110", "106116850", "104114230", "111119250", "111119340", "111120280", "107118120", "98116090", "106117650", "100109330", "108114180", "108120060", "98108150", "108117451", "111116170", "109113591", "98120010", "111118810", "113119340", "107114780", "99108710", "105110091", "106116820", "105116441", "109121351", "111120591", "108113700", "107114110", "105111990", "107113550", "112120270", "112119320", "111114171", "103120730", "110117110", "107114140", "109115220", "105116860", "107119390", "112118161", "100117420", "109119010", "109113281", "102113210", "111119430", "101108370", "98107410", "111120220", "112118421", "99107300", "100110260", "112117471", "109117271", "110121170", "100108520", "98113881", "101108290", "111116110", "99109840", "108120260", "110120700", "98107340", "98109090"], "labels": [3, 3, 1, 1, 3, 2, 2, 0, 1, 0, 0, 2, 1, 0, 1, 1, 0, 1, 1, 3, 0, 1, 1, 1, 3, 2, 0, 1, 1, 0, 3, 2, 0, 1, 0, 0, 2, 2, 3, 3, 2, 1, 3, 2, 1, 3, 3, 2, 2, 1, 1, 1, 3, 2, 2, 3, 0, 0, 0, 2, 3, 1, 0, 0, 3, 3, 3, 0, 1, 2, 3, 2, 0, 1, 3, 3, 3, 1, 3, 1, 3, 2, 1, 3, 0, 3, 0, 1, 0, 1, 1, 0, 2, 0, 3, 2, 0, 0, 2, 2, 0, 1, 1, 0, 1, 0, 1, 2, 0, 0, 1, 3, 1, 0, 2, 3, 2, 2, 0, 2, 3, 0, 3, 3, 1, 3, 3, 3, 3, 3, 3, 0, 2, 2, 3, 0, 3, 2, 1, 2, 0, 1], "predicted_labels": [3, 1, 3, 3, 3, 1, 1, 1, 3, 1, 1, 1, 1, 0, 1, 1, 0, 3, 3, 3, 1, 0, 3, 3, 3, 1, 3, 3, 1, 3, 1, 3, 1, 1, 1, 0, 3, 3, 1, 0, 3, 1, 3, 1, 0, 2, 0, 1, 3, 3, 1, 1, 3, 1, 2, 3, 3, 3, 3, 1, 1, 1, 1, 3, 1, 1, 3, 3, 1, 1, 3, 3, 1, 1, 0, 1, 3, 3, 1, 1, 2, 1, 3, 3, 3, 3, 1, 3, 0, 1, 1, 1, 0, 1, 1, 1, 3, 3, 1, 1, 0, 1, 1, 3, 3, 3, 3, 1, 3, 3, 1, 3, 1, 1, 1, 3, 1, 1, 0, 3, 1, 0, 1, 3, 3, 3, 1, 3, 3, 0, 0, 3, 3, 3, 1, 1, 3, 1, 3, 3, 2, 3], "confidence_scores": [[0.24427056208164352, 0.17983501983111858, 0.2441172836902492, 0.33177713439698875], [0.19544529737342486, 0.4567520560995223, 0.08800373115786889, 0.2597989153691837], [0.21440026959545375, 0.0711393112342134, 0.022377826160597303, 0.692082593009736], [0.3372305892565434, 0.05115868914842002, 0.10167415841844683, 0.50993656317659], [0.1352324779267182, 0.10078472641082167, 0.43192899070482565, 0.3320538049576346], [0.16182599755100452, 0.6358741211560127, 0.12584321875742002, 0.07645666253556255], [0.017499566132267674, 0.5560110892223846, 0.3825122158523011, 0.043977128793046674], [0.02639920310363227, 0.5785303243098048, 0.22824113865257326, 0.16682933393398963], [0.32651870709750613, 0.25418639966320444, 0.13042648445410893, 0.2888684087851805], [0.27878892409601236, 0.47210945153128153, 0.043682804998028645, 0.20541881937467746], [0.12505204105370177, 0.5493318007524817, 0.2299787240011952, 0.09563743419262144], [0.0823367966104013, 0.2533814875544615, 0.6474809315447899, 0.016800784290347492], [0.15990278107711095, 0.7528249044951322, 0.038124296092915844, 0.049148018334840816], [0.7632603642073421, 0.03168562389796028, 0.001119645799863449, 0.20393436609483434], [0.12135022563849376, 0.4882374849754733, 0.14417491803482477, 0.24623737135120816], [0.17727413103887765, 0.48433450659700356, 0.21372167536705808, 0.12466968699706038], [0.6655704006658442, 0.06754134126703301, 0.026753891010873464, 0.24013436705624974], [0.12467803778148033, 0.1497949114406667, 0.280976412766293, 0.4445506380115603], [0.05708016994301596, 0.23969189435220312, 0.030728228397079067, 0.6724997073077016], [0.2369008882981085, 0.29217144503132675, 0.07570694146439572, 0.395220725206169], [0.15347086278988828, 0.5310860928276709, 0.16557887619782174, 0.14986416818461898], [0.7051003505232174, 0.1382429145588177, 0.07268892374074543, 0.08396781117721941], [0.1589567457453807, 0.21845662963954818, 0.049476572659072224, 0.5731100519559988], [0.09055614353479878, 0.276439343711014, 0.3097510754462785, 0.3232534373079091], [0.27930307791067144, 0.2876431178567116, 0.019616662586652015, 0.41343714164596496], [0.3309063306058172, 0.3473898911795048, 0.156422000080504, 0.16528177813417383], [0.43840031470940344, 0.08392596350596065, 0.13844194663704587, 0.3392317751475899], [0.027278819759146644, 0.1602149045662807, 0.050817882778614334, 0.7616883928959585], [0.02130171554545043, 0.21571909367050446, 0.5997879790518564, 0.16319121173218878], [0.20733296806762452, 0.23881692979311464, 0.11271964404373352, 0.4411304580955271], [0.1293243192319729, 0.39279489381757776, 0.08126988462711128, 0.39661090232333784], [0.13587380335479377, 0.34873850566405673, 0.017620760261054885, 0.49776693072009504], [0.09886540420832046, 0.456323953247888, 0.06937391987452024, 0.3754367226692716], [0.17493340976227562, 0.4499650005602475, 0.2452018695063806, 0.12989972017109633], [0.05610652628585746, 0.6241526717524062, 0.11970888851347337, 0.20003191344826274], [0.7151756339612293, 0.18955260675802432, 0.010186505740350954, 0.08508525354039541], [0.10125707874617074, 0.21153494245765445, 0.21673130987899644, 0.47047666891717826], [0.11456484997164676, 0.19281958018448803, 0.27653626175213764, 0.4160793080917277], [0.09797898868144224, 0.5492502244855351, 0.07322417117168095, 0.2795466156613418], [0.5416579193467104, 0.11975208151869592, 0.03824682099216143, 0.3003431781424324], [0.08319532017277566, 0.24814915760819833, 0.3772233081206964, 0.29143221409832953], [0.08871157617722335, 0.5225826778511318, 0.2667050261533667, 0.12200071981827806], [0.28134173864047146, 0.11840488274815403, 0.11072753781297134, 0.4895258407984029], [0.14476339499404384, 0.37878983656497905, 0.07655316215588882, 0.39989360628508813], [0.8807765868467282, 0.011256080841867973, 0.002294517798256898, 0.10567281451314696], [0.08520433111679936, 0.163937767294404, 0.6477772627646724, 0.10308063882412477], [0.7845214331926473, 0.09383097939931304, 0.02612543299125008, 0.09552215441678949], [0.1939217040340002, 0.4770054861879205, 0.16455229147823577, 0.16452051829984343], [0.06405970671163062, 0.1872915159448664, 0.5566842463426871, 0.1919645310008159], [0.3289694695998203, 0.0879029935170445, 0.0790411218178691, 0.5040864150652661], [0.051268806814718716, 0.4118671177014226, 0.42132004489994407, 0.11554403058391431], [0.24756553441749304, 0.33864339896315465, 0.19838671619826515, 0.21540435042108724], [0.5005556048639526, 0.08639721027508657, 0.02570678327645108, 0.38734040158450983], [0.08463878566613255, 0.5520302246158492, 0.09182984636650435, 0.27150114335151393], [0.07916988255434113, 0.11543820322595734, 0.6922548203153701, 0.11313709390433146], [0.19576427170750998, 0.07342450111576186, 0.437652575927696, 0.29315865124903234], [0.4608073199382972, 0.05987331930224385, 0.07770520843635324, 0.4016141523231057], [0.23113121031929518, 0.0765848553158446, 0.0928904241867318, 0.5993935101781286], [0.40633354466027816, 0.13224998250867456, 0.10950541098829712, 0.3519110618427505], [0.026938274940909942, 0.7395195792529506, 0.15077056573001954, 0.08277158007611955], [0.07818713565036664, 0.5790339869953945, 0.1504628036049272, 0.19231607374931162], [0.2061593305333839, 0.6511455291171562, 0.08618075151268437, 0.05651438883677526], [0.02339518229783799, 0.21045536314232244, 0.6420805172457368, 0.12406893731410264], [0.47861331644142346, 0.07861697970605977, 0.003803612266864201, 0.4389660915856523], [0.269583591582142, 0.31240604340988326, 0.14531783076808383, 0.2726925342398906], [0.21311940837900703, 0.6867362365532879, 0.06095310427139455, 0.03919125079631049], [0.017985309059895163, 0.18878666548085904, 0.4327612827290031, 0.36046674273024254], [0.3665877133656707, 0.20242298825125005, 0.010804398525180411, 0.4201848998578989], [0.08285855419723985, 0.3419599251910039, 0.5451378307899328, 0.030043689821823417], [0.08666946501626431, 0.34247979834316217, 0.36453032023907506, 0.2063204164014985], [0.26365639644015604, 0.007431659497425145, 0.013936739941189933, 0.7149752041212291], [0.17178412271144558, 0.15263228740230733, 0.4379576505707275, 0.2376259393155195], [0.16300929275637333, 0.393620364477736, 0.20846363619544678, 0.23490670657044352], [0.20896998162175975, 0.5544493414297115, 0.05259986890677566, 0.1839808080417533], [0.6545600856583352, 0.15244466659491626, 0.0031547475302627728, 0.18984050021648585], [0.010767891112513731, 0.2625341445535402, 0.6760285039476606, 0.05066946038628553], [0.08772574416475004, 0.18910851890851282, 0.0682800678671974, 0.6548856690595394], [0.3572281539312787, 0.2619370587626772, 0.07236442365368494, 0.3084703636523591], [0.20575444508214963, 0.3880379393660815, 0.14502582472829983, 0.26118179082346943], [0.09212644369305825, 0.6390422923280313, 0.10254251178226642, 0.16628875219664366], [0.0135082711994754, 0.06765274324724571, 0.8998083491251289, 0.019030636428150123], [0.10302033922507996, 0.48204989201381854, 0.26966093573540073, 0.1452688330257006], [0.2608198383503807, 0.178159434764654, 0.133813775694624, 0.4272069511903408], [0.16550109379899997, 0.19906517546867447, 0.21801990757109044, 0.41741382316123526], [0.18449962652701637, 0.20932356491634915, 0.003661031374078034, 0.6025157771825564], [0.2396366187682836, 0.23728438720030956, 0.0059073610813127385, 0.5171716329500939], [0.11372227536450502, 0.26115921856854557, 0.4353615651623912, 0.18975694090455789], [0.1007545879019851, 0.23636293931800176, 0.39388093037793626, 0.2690015424020772], [0.603433008102079, 0.20946187634795094, 0.022444150848498653, 0.1646609647014714], [0.1008182893815488, 0.5315642144284425, 0.17298447812196271, 0.1946330180680461], [0.4210121191034059, 0.34774105103879016, 0.1147955303341074, 0.1164512995236963], [0.15047569193760138, 0.20345467303563006, 0.5165640148312952, 0.12950562019547288], [0.5767136561613319, 0.10954757024111832, 0.03975686319060923, 0.2739819104069404], [0.07945020749749568, 0.6151318934704925, 0.024748173643973886, 0.280669725388038], [0.3193501867546171, 0.3517475893855131, 0.007718974066981914, 0.32118324979288787], [0.0421626708396489, 0.29028644330649117, 0.49998023254415547, 0.16757065330970436], [0.4210465494333229, 0.19974762612281582, 0.0908584731353331, 0.2883473513085283], [0.41962122278503067, 0.2502861858419643, 0.009680620155274263, 0.3204119712177309], [0.006125989264470913, 0.6359253844823892, 0.11298149212086715, 0.24496713413227283], [0.07193196568099049, 0.7773082989466709, 0.09937580452325577, 0.05138393084908301], [0.6490137913429548, 0.11666302977929759, 0.01323732416934522, 0.2210858547084023], [0.10756252424519722, 0.4683473178351257, 0.20276036832861108, 0.2213297895910661], [0.39719033731690734, 0.31029357354322573, 0.03463579432154378, 0.2578802948183231], [0.2814733617829688, 0.26248102063704365, 0.06954938152444612, 0.38649623605554173], [0.3456160932523533, 0.07525689375006764, 0.024311548936440365, 0.5548154640611382], [0.0929713067157086, 0.35542959523745943, 0.0918690260175726, 0.45973007202925936], [0.42899326636390983, 0.22238792298008656, 0.049013594128657946, 0.2996052165273458], [0.059574418546006154, 0.5033386451012946, 0.2282876005865173, 0.2087993357661818], [0.17917576325057866, 0.07472102122772048, 0.24753553630525424, 0.4985676792164467], [0.3457966057023603, 0.23321127470978584, 0.022717065752043304, 0.3982750538358105], [0.03666580409068676, 0.5621943387340077, 0.07236340350368946, 0.328776453671616], [0.10404193580179336, 0.045372509120097056, 0.018666489206224417, 0.831919065871885], [0.024495350184779364, 0.3792439420382004, 0.33558270531527123, 0.26067800246174894], [0.1257011287722533, 0.5867540888093499, 0.13287933107629726, 0.15466545134210005], [0.0812955982589512, 0.4322820674869141, 0.12451906962744841, 0.3619032646266865], [0.12603543253468258, 0.10747855235424839, 0.1051761424301235, 0.6613098726809453], [0.13147751471419147, 0.5659238211416534, 0.2132365759754876, 0.08936208816866797], [0.034100209960105654, 0.4744294169340045, 0.10177121818440965, 0.38969915492148044], [0.6933220306169041, 0.20297800841357932, 0.018987784865353637, 0.08471217610416287], [0.1909395233312456, 0.20281922043366452, 0.21492197560077173, 0.39131928063431837], [0.04263743917817166, 0.2139789532048377, 0.549945430184329, 0.1934381774326616], [0.49471504645707726, 0.16558916992287412, 0.1326941402192735, 0.2070016434007748], [0.06080483897563439, 0.620776037489444, 0.0614903619570751, 0.25692876157784644], [0.08156276629602265, 0.2316751304599205, 0.05338039097602996, 0.633381712268027], [0.4245020147475839, 0.13025054137356665, 0.0021615538568671724, 0.4430858900219824], [0.4895692253512785, 0.06042821542051893, 0.141226014704732, 0.30877654452347003], [0.10141688385963638, 0.569273032619997, 0.1232840420230095, 0.20602604149735704], [0.09755897126676948, 0.270306323886237, 0.010863740656722612, 0.6212709641902708], [0.5065564407212341, 0.07781648341131121, 0.018865831059660852, 0.3967612448077938], [0.7544301924693654, 0.05252464314031619, 0.014125485359651567, 0.17891967903066724], [0.4022904359133967, 0.2703340749373904, 0.05471418109926797, 0.272661308049945], [0.08228608839199172, 0.217577891312162, 0.028051221069100532, 0.6720847992267461], [0.07605379565155732, 0.10208429428703349, 0.15092294632269865, 0.6709389637387103], [0.07370603755542472, 0.03532609867391183, 0.6627069355058973, 0.22826092826476624], [0.21198725402560467, 0.3779538065638886, 0.29376751470114565, 0.11629142470936135], [0.24676203899140847, 0.3855287098716565, 0.09970564083203377, 0.2680036103049011], [0.0665286991789414, 0.1412918960343602, 0.06039977499926276, 0.7317796297874358], [0.0668073478992049, 0.23667336625421187, 0.62646460243453, 0.07005468341205323], [0.15917458523982012, 0.36676040074765115, 0.05690126589527324, 0.417163748117255], [0.3311641642139581, 0.1331704835639052, 0.03574925917941171, 0.49991609304272494], [0.059924053755564456, 0.16568027107762254, 0.7319820513757824, 0.04241362379103005], [0.3012003252520441, 0.14306626390866972, 0.11323937413884617, 0.44249403670043985]]}, "rewritten": {"ids": ["97106591", "97107681", "97113900", "97116410", "98107340", "98107410", "98108150", "98109090", "98109311", "98110680", "98111620", "98113881", "98116090", "98120010", "99107300", "99108710", "99109740", "99109780", "99109840", "99109860", "99112531", "99112641", "100107920", "100108080", "100108520", "100108990", "100109330", "100109360", "100109980", "100110260", "100111080", "100111390", "100117420", "101108290", "101108370", "101108500", "101112690", "101116130", "101119591", "102108621", "102112030", "102113210", "102118380", "103111990", "103113270", "103113640", "103118110", "103120290", "103120730", "104111880", "104113170", "104113210", "104114230", "104119290", "105110091", "105111990", "105113210", "105113620", "105115720", "105116441", "105116501", "105116860", "106113170", "106114011", "106116820", "106116850", "106117650", "107113550", "107114110", "107114140", "107114780", "107116340", "107118120", "107119390", "107120880", "107121700", "108113700", "108114180", "108117451", "108117610", "108119510", "108120060", "108120260", "108120280", "109113281", "109113591", "109114651", "109115220", "109117110", "109117271", "109118701", "109119010", "109120150", "109121351", "110115140", "110115250", "110115580", "110117080", "110117110", "110117870", "110118630", "110118880", "110120700", "110121170", "111114171", "111115620", "111116110", "111116170", "111116640", "111118810", "111118820", "111119250", "111119340", "111119430", "111120220", "111120260", "111120280", "111120591", "111121351", "112116290", "112116451", "112116800", "112116810", "112117471", "112118161", "112118421", "112118471", "112119320", "112119930", "112120270", "112120540", "112120700", "112121030", "112121351", "113118111", "113118511", "113119340", "113119700", "113120070", "113121220", "113122150", "113122230"], "labels": [1, 3, 2, 3, 0, 3, 0, 1, 1, 2, 3, 3, 0, 2, 3, 2, 3, 2, 2, 2, 3, 1, 0, 0, 2, 2, 0, 0, 1, 3, 0, 2, 2, 0, 1, 3, 1, 2, 0, 3, 2, 3, 1, 2, 2, 1, 2, 2, 1, 3, 3, 3, 2, 1, 0, 2, 3, 0, 1, 1, 1, 2, 0, 1, 1, 3, 1, 0, 1, 2, 2, 3, 3, 2, 1, 3, 0, 1, 2, 3, 1, 1, 1, 3, 0, 3, 3, 3, 1, 0, 3, 3, 2, 0, 0, 1, 1, 1, 0, 3, 1, 0, 2, 2, 3, 1, 3, 0, 0, 0, 0, 1, 3, 3, 3, 3, 0, 1, 0, 0, 0, 0, 3, 3, 0, 3, 1, 1, 1, 0, 3, 2, 0, 0, 1, 1, 0, 0, 2, 3, 2, 1], "predicted_labels": [3, 0, 1, 3, 0, 0, 3, 1, 1, 1, 1, 0, 1, 1, 0, 1, 1, 1, 3, 1, 3, 3, 0, 1, 3, 1, 1, 3, 3, 0, 1, 1, 3, 0, 0, 2, 3, 3, 0, 3, 2, 1, 1, 3, 0, 0, 3, 1, 3, 3, 3, 0, 1, 1, 0, 1, 0, 1, 1, 1, 3, 1, 0, 1, 3, 2, 1, 3, 0, 1, 1, 3, 3, 2, 3, 3, 1, 1, 3, 3, 3, 1, 1, 3, 1, 3, 3, 3, 1, 3, 1, 1, 1, 1, 0, 0, 3, 1, 1, 1, 3, 0, 3, 3, 1, 3, 1, 1, 3, 1, 3, 1, 1, 1, 1, 1, 1, 0, 1, 3, 1, 1, 3, 0, 3, 3, 2, 3, 3, 3, 0, 1, 3, 1, 0, 1, 3, 1, 1, 0, 3, 1], "confidence_scores": [[0.20800025811187872, 0.23416801127956846, 0.2497116469198, 0.3081200836887527], [0.4817752978245932, 0.13995144013750221, 0.0696377345748358, 0.30863552746306894], [0.23065730289127828, 0.43493929842653906, 0.07335614244990463, 0.26104725623227787], [0.27987779664177437, 0.154230251850449, 0.3013483412847496, 0.264543610223027], [0.2890788568418626, 0.15236712972604488, 0.5311604756003988, 0.027393537831693737], [0.6504448749539475, 0.1986165685562066, 0.040483035524668004, 0.1104555209651777], [0.08399098137840422, 0.0895005362674747, 0.2847272434151881, 0.5417812389389327], [0.06158268633873672, 0.24309363337466317, 0.4763527916202983, 0.21897088866630185], [0.41249258793672555, 0.5256461680318183, 0.008390774237972961, 0.05347046979348329], [0.17486235601084793, 0.3415433759733072, 0.4430274211626586, 0.04056684685318589], [0.004641121706725893, 0.6599928046138126, 0.2945887974006165, 0.04077727627884479], [0.4037277026982368, 0.0773521732924539, 0.38007079495191776, 0.13884932905739122], [0.01324279822748939, 0.47176257636022634, 0.4619411102107095, 0.053053515201574614], [0.06589067778542426, 0.197836186628713, 0.5504063479301851, 0.18586678765567777], [0.8018718195625076, 0.013486417882933558, 0.040274376745484536, 0.14436738580907435], [0.02469962794999433, 0.6537461106991765, 0.2875478054488403, 0.03400645590198896], [0.08248911349601981, 0.4578141456967034, 0.07656537140999199, 0.38313136939728465], [0.023150699963407757, 0.4918365170062462, 0.45050578802302876, 0.03450699500731754], [0.12280709878130297, 0.0757775325450231, 0.4270176434372288, 0.37439772523644504], [0.02526602863242454, 0.7171315420521759, 0.19137322241172144, 0.06622920690367816], [0.27953725889521513, 0.13685818347513043, 0.12387348610676498, 0.4597310715228891], [0.10982985189533381, 0.3672126117849591, 0.12451549338454501, 0.3984420429351621], [0.609527757904534, 0.08379581800186277, 0.05028246199772817, 0.25639396209587506], [0.1387833270516134, 0.36594398463928207, 0.30359657999756823, 0.1916761083115362], [0.24217372388295688, 0.10421417394283185, 0.26591766029157005, 0.38769444188264124], [0.10673646755229371, 0.49238913374711263, 0.3800650705442941, 0.020809328156299624], [0.43862061378806844, 0.40716481777967817, 0.04035167578827591, 0.11386289264397727], [0.07140294888148749, 0.3117605488901678, 0.1519831965238861, 0.4648533057044586], [0.0326989416172588, 0.2513765767359164, 0.056810608607700576, 0.6591138730391242], [0.7111245009615081, 0.07786041178934393, 0.021545554315144756, 0.18946953293400284], [0.06244861637803602, 0.6651638160475165, 0.11159915509110775, 0.16078841248333983], [0.05689174246022164, 0.46746562300584493, 0.13540241213195137, 0.34024022240198193], [0.1338738090951304, 0.08773001991613334, 0.3199036203242959, 0.4584925506644405], [0.6044023667391568, 0.14737972251473244, 0.06842622350021871, 0.17979168724589192], [0.9027063117305533, 0.033703964829745754, 0.0013539700797371309, 0.062235753359963925], [0.13431597493990463, 0.14247548880492253, 0.6574770013472718, 0.06573153490790105], [0.07942715386137572, 0.23864123383396096, 0.21514479014985047, 0.4667868221548132], [0.282412780199179, 0.0943369171875269, 0.2990179273683754, 0.3242323752449185], [0.4888574916355292, 0.30755739571769697, 0.10908954173961301, 0.09449557090716092], [0.3778891273575286, 0.16746648813899, 0.023747223507252533, 0.4308971609962289], [0.01135053743877097, 0.14863510477297, 0.7650837830945204, 0.07493057469373864], [0.278072411222988, 0.322906116738275, 0.13845641045373427, 0.2605650615850026], [0.004575581816600012, 0.7119327411161908, 0.033112539200914726, 0.25037913786629445], [0.15649774916410286, 0.3268872291219855, 0.05529762394714201, 0.46131739776676944], [0.34580653349267465, 0.1853162091958733, 0.29221711564410496, 0.17666014166734728], [0.9744586380889612, 0.004919787124425892, 0.00495294437839782, 0.015668630408214947], [0.07463373141679552, 0.18399946332432918, 0.43017044723192494, 0.3111963580269502], [0.0541370499961008, 0.36300575602642976, 0.4873964209589675, 0.09546077301850214], [0.03406882872687905, 0.30174902483625704, 0.3647631941414088, 0.2994189522954553], [0.059972891905855336, 0.2908384047052421, 0.24722216063213953, 0.40196654275676336], [0.026872137636846302, 0.18483729385211214, 0.49912352782800723, 0.28916704068303434], [0.6326405365287524, 0.02410631753802106, 0.09965878004141163, 0.24359436589181485], [0.07220311504340098, 0.6782806522136446, 0.05475665292636397, 0.19475957981659045], [0.021837388204642056, 0.2803172787676201, 0.4396504709269134, 0.2581948621008243], [0.4974261725183107, 0.2646546380913527, 0.14707503969052438, 0.0908441496998122], [0.06471325937729723, 0.2968614939026075, 0.5129658612591351, 0.1254593854609601], [0.3591542024572721, 0.19201261375772893, 0.32117283370015065, 0.12766035008484855], [0.012212575220379721, 0.8902237867206196, 0.08399317892625285, 0.013570459132747823], [0.21682749779794958, 0.3004891944668515, 0.27011386091438355, 0.21256944682081513], [0.10956091053459016, 0.38977391075810014, 0.1733612843981874, 0.32730389430912255], [0.2045733585466024, 0.20720482631423112, 0.022979246847543544, 0.5652425682916227], [0.10222158490644878, 0.6900556640615706, 0.09402463835856371, 0.11369811267341706], [0.5913378564915819, 0.14833012920354266, 0.03772881428064249, 0.22260320002423303], [0.24318157519231684, 0.4298171340836358, 0.0515603252624418, 0.27544096546160585], [0.2464583949413826, 0.15746777904770295, 0.3397856803572056, 0.256288145653709], [0.03088895508368127, 0.06324524477356785, 0.8833593884544527, 0.02250641168829816], [0.02030785576093136, 0.2445273227092077, 0.6890224967519502, 0.04614232477791033], [0.4614093570748115, 0.05972430243005666, 0.07345699217305313, 0.40540934832207903], [0.6070468628144018, 0.1521368038137627, 0.0678472804523692, 0.1729690529194663], [0.1262638547966426, 0.5193286520321035, 0.18201200642569695, 0.17239548674555716], [0.010357777788945059, 0.4833449469565532, 0.3184451010218913, 0.1878521742326106], [0.11286187639895195, 0.35304215306870623, 0.16247284385949068, 0.371623126672851], [0.39834143082412937, 0.14460590595959988, 0.021328248149786018, 0.43572441506648507], [0.14993131890348127, 0.16451100967997404, 0.5647994344828685, 0.12075823693367595], [0.24155194925983323, 0.18328804721691763, 0.13996717351857643, 0.43519283000467307], [0.059667181648387316, 0.19673429673963855, 0.26430988504059405, 0.4792886365713796], [0.018756921278318493, 0.38335241552561183, 0.2666272010707108, 0.3312634621253592], [0.13880487768118002, 0.5288643302180004, 0.2362935708242599, 0.09603722127655961], [0.346664133469459, 0.23276452697553449, 0.026361176831007235, 0.3942101627239993], [0.25795459125831577, 0.24773597425331426, 0.09360596723278573, 0.40070346725558437], [0.0477498496862618, 0.08678577940073826, 0.020733868780800455, 0.8447305021321992], [0.14315094762895295, 0.44122128299282215, 0.3469289134659111, 0.06869885591231367], [0.17431503670645032, 0.7003710156474056, 0.006645472454665923, 0.11866847519147816], [0.3711857400503915, 0.00853732624105795, 0.012769003407911978, 0.6075079303006383], [0.31483829053960394, 0.22897468141764343, 0.26508819424967806, 0.1910988337930746], [0.2217128100616069, 0.21617886136954179, 0.017008161015945895, 0.5451001675529051], [0.13453975302156204, 0.007694896023634167, 0.006423500117673358, 0.8513418508371303], [0.08779740534397307, 0.0779860008462776, 0.09821833410332771, 0.7359982597064213], [0.3794094306556756, 0.3754029638519844, 0.06550295821856071, 0.17968464727377936], [0.14198453802032032, 0.17790590518003258, 0.0884309768472421, 0.591678579952405], [0.1160598133898039, 0.5355680607920944, 0.043472373487651886, 0.3048997523304498], [0.015445509775899192, 0.3952111366788391, 0.5229420166180366, 0.06640133692722507], [0.3442907029147762, 0.23650064408406263, 0.20910729861471583, 0.21010135438644542], [0.30930592076892416, 0.5038302546495423, 0.01234527752287332, 0.17451854705866007], [0.7084717122649036, 0.020944062989604145, 0.05116043281761313, 0.21942379192787945], [0.296375897087647, 0.13966134941827346, 0.4350190285510119, 0.12894372494306794], [0.0820413877036104, 0.17710383653235895, 0.05729889389494674, 0.6835558818690838], [0.15350068645823592, 0.2937224613819376, 0.29773248555263665, 0.2550443666071899], [0.06179481629271055, 0.6538251859670132, 0.23184572581460497, 0.05253427192567134], [0.24824165757837807, 0.34987380559545705, 0.27575280183074485, 0.12613173499541971], [0.4025389092346265, 0.19253662046985714, 0.10303018941175111, 0.30189428088376496], [0.8189231558848756, 0.04346529529392877, 0.0022725965336654473, 0.13533895228752993], [0.23322099537282162, 0.159291382965755, 0.2811271393402894, 0.32636048232113396], [0.08301600746412026, 0.07380197999539512, 0.47711519195055657, 0.3660668205899282], [0.34915715463638464, 0.3352410504883509, 0.023438479193067307, 0.29216331568219706], [0.05428941815040939, 0.22722168146853508, 0.1657813256409541, 0.5527075747401011], [0.07197684784763085, 0.6521976145751743, 0.04895453349859441, 0.22687100407860014], [0.10429212242265862, 0.6365348425284139, 0.0908696002916866, 0.1683034347572408], [0.03136763197887325, 0.03618695801865759, 0.08406733267299862, 0.8483780773294705], [0.24115787240811826, 0.6004323781395748, 0.010097673735276329, 0.14831207571703045], [0.4901341820819726, 0.060278073893802124, 0.004811599128747489, 0.4447761448954777], [0.273528970117899, 0.2768967181931341, 0.25397345022184026, 0.19560086146712663], [0.04504406928465964, 0.3232056101552289, 0.5689510892790358, 0.06279923128107544], [0.026960261975085754, 0.5706121487993502, 0.022421363999744634, 0.38000622522581956], [0.10090144435667743, 0.5744299715435763, 0.18524681259719616, 0.13942177150255014], [0.0742556377039822, 0.3945823470900171, 0.15759742873571705, 0.37356458647028346], [0.2411182628144007, 0.3449632873221295, 0.01285792010398553, 0.40106052975948425], [0.7399918289669094, 0.09682951086156863, 0.008217079075397184, 0.15496158109612473], [0.32855928229191184, 0.5313809923018882, 0.07379868358718941, 0.06626104181901084], [0.14687790015051855, 0.36843283623716117, 0.06344904637510296, 0.42124021723721744], [0.16887099012013163, 0.601074490117931, 0.03919458343273991, 0.19085993632919723], [0.09244575225627363, 0.2964937744793368, 0.5481003197453943, 0.06296015351899541], [0.14450606860405843, 0.24233831748800616, 0.12058918603784288, 0.4925664278700926], [0.5313341047036645, 0.12847173169340032, 0.028096888694770984, 0.3120972749081642], [0.3420473421269156, 0.0889584285107013, 0.023850698244631527, 0.545143531117751], [0.07462371738720783, 0.23989893350059735, 0.03626908301521686, 0.6492082660969777], [0.20549156984116562, 0.13794224945991476, 0.5302278891855255, 0.12633829151339385], [0.016363079329875387, 0.12667961852667778, 0.1559540654710596, 0.7010032366723871], [0.10773148320133258, 0.21953402398888772, 0.10477115010223424, 0.5679633427075454], [0.04487799845850001, 0.2631476894951141, 0.12978212822152035, 0.5621921838248658], [0.6216296989947806, 0.28397091966431576, 0.008181011483517589, 0.08621836985738582], [0.06460816549846408, 0.5729990283499451, 0.27135913212173773, 0.0910336740298529], [0.4593221918440954, 0.037280003468138874, 0.01498742708508021, 0.48841037760268546], [0.08902825252258742, 0.3006453406316549, 0.4676677053242699, 0.1426587015214874], [0.5376334811698634, 0.13767229276168366, 0.02187923740307318, 0.3028149886653794], [0.263910734930551, 0.41258985766829415, 0.18997150518589745, 0.13352790221525745], [0.27952334471417356, 0.26768918764188865, 0.01009317958015001, 0.44269428806378786], [0.05284142760590564, 0.5214614683074591, 0.2227762380671915, 0.20292086601944356], [0.028724547801231452, 0.18854897933523634, 0.6227654499136881, 0.15996102294984407], [0.642211787629551, 0.15510182338655387, 0.0480449659236123, 0.15464142306028322], [0.05978969464275611, 0.12985755214698094, 0.2658728984151082, 0.5444798547951547], [0.022079427544239562, 0.6115974645183405, 0.2818077051731846, 0.08451540276423532]]}}