{"test": {"ids": ["100113210", "106114011", "107114780", "110121140", "113120640", "107119390", "111114941", "111120220", "107114200", "105114220", "111119930", "112118550", "103120730", "104111780", "110115120", "99108710", "100109330", "112120640", "109114720", "107119130", "103112641", "113122170", "98116500", "109120540", "108116070", "110118701", "113118870", "100108490", "101109000", "108115870", "108114220", "104113550", "112121410", "109116441", "106118520", "104113380", "111116640", "101111210", "99107630", "97108520", "107113260", "104116441", "102110690", "111116040", "104119290", "105116090", "111114321", "111115400", "106119260", "97106970", "109117630", "104110960", "103111830", "106121220", "110119891", "98108970", "113121220", "102112170", "108114670", "109120621", "110115580", "102118380", "100115700", "110121450", "107121640", "107114950", "111119250", "103120340", "113118690", "112118530", "104114230", "106112770", "109117431", "105111990", "106113190", "105115250", "112117780", "112121360", "111121410", "103112470", "111119150", "105112260", "99112531", "107113360", "101109370", "113119700", "107112850", "112118810", "106119990", "108121410", "109119460", "99111930", "109120150", "113120070", "112118890", "104114240", "104111620", "112116290", "113119340", "101111620", "113118620", "111121930", "101110150", "109113591", "103109021", "108118630", "113117401", "104118340", "98111860", "112117431", "110114920", "112116610", "109114030", "108113480", "99109141", "110113591", "109118820", "111119610", "109114220", "113122190", "104116800", "99112641", "113120601", "111120260", "110121170", "104113190", "102112030", "108118810", "99105921", "102110890", "104114410", "99109161", "105120280", "103110760", "113121680", "113120280", "99109311", "101112201", "103111170", "105116980", "113120540", "98108580"], "labels": [0, 1, 2, 3, 0, 2, 0, 3, 2, 3, 1, 3, 1, 3, 0, 2, 0, 0, 0, 1, 3, 1, 2, 1, 1, 3, 0, 2, 1, 3, 3, 1, 0, 3, 2, 1, 0, 2, 2, 2, 0, 1, 0, 0, 1, 1, 1, 0, 1, 2, 0, 2, 3, 1, 3, 3, 3, 3, 3, 1, 1, 1, 1, 3, 1, 3, 1, 1, 3, 1, 2, 1, 1, 2, 0, 2, 0, 3, 0, 1, 3, 3, 3, 0, 1, 0, 1, 3, 0, 0, 1, 1, 2, 2, 3, 0, 0, 0, 0, 3, 3, 1, 1, 3, 0, 1, 3, 2, 0, 0, 3, 1, 1, 0, 3, 0, 3, 2, 3, 1, 1, 1, 2, 3, 2, 3, 2, 1, 1, 0, 1, 3, 3, 1, 1, 0, 1, 0, 2, 0, 3, 0], "predicted_labels": [3, 1, 1, 3, 1, 1, 1, 0, 1, 3, 3, 3, 0, 0, 3, 3, 1, 3, 3, 1, 0, 2, 3, 1, 1, 1, 1, 2, 3, 0, 2, 0, 1, 1, 0, 1, 0, 3, 3, 0, 3, 3, 3, 2, 1, 2, 0, 3, 0, 2, 2, 3, 3, 1, 3, 0, 3, 3, 1, 1, 2, 2, 3, 0, 3, 3, 3, 3, 3, 1, 1, 3, 2, 0, 3, 1, 0, 3, 0, 0, 3, 1, 3, 0, 1, 2, 3, 3, 0, 1, 3, 1, 3, 1, 3, 1, 3, 1, 0, 3, 3, 1, 1, 3, 1, 3, 1, 1, 3, 0, 3, 1, 3, 1, 1, 1, 1, 2, 1, 2, 1, 2, 1, 0, 1, 1, 3, 3, 0, 3, 3, 3, 0, 3, 3, 0, 0, 1, 3, 3, 3, 1], "confidence_scores": [[0.2022537735076707, 0.16873596463637472, 0.07825584604448801, 0.5507544158114667], [0.2525075298837234, 0.3190248195205438, 0.2206328174679206, 0.20783483312781217], [0.16143859098758062, 0.36573937863789063, 0.15487478690106968, 0.3179472434734592], [0.28412427546149316, 0.17179877752155215, 0.20217030566796526, 0.3419066413489895], [0.2688144195464081, 0.359464777487463, 0.11615059432099756, 0.25557020864513125], [0.24649808892708866, 0.28207017656888556, 0.24632057323238948, 0.2251111612716364], [0.16879243989326478, 0.3799236354873282, 0.13803764334113677, 0.31324628127827014], [0.5531260827055069, 0.15659842003302396, 0.09494675475486042, 0.19532874250660875], [0.13218676534225532, 0.4284901322413796, 0.11577501624822673, 0.32354808616813824], [0.162200733210515, 0.3489878029675926, 0.10754645576839351, 0.38126500805349883], [0.21235599933646815, 0.21079837867284232, 0.16047184819812532, 0.41637377379256435], [0.4015496053678049, 0.1477312096470164, 0.04112467869447406, 0.4095945062907049], [0.46887146552504777, 0.2179360678757219, 0.15160050498694677, 0.1615919616122837], [0.4290702787561881, 0.2421116519858227, 0.08861398645884622, 0.24020408279914296], [0.13143874508261422, 0.3061228266764444, 0.18340023621049045, 0.37903819203045097], [0.2029320360752042, 0.2285783355292315, 0.06780404109693879, 0.5006855872986256], [0.24633319599434286, 0.32882782759440216, 0.17435192830690238, 0.25048704810435274], [0.18456974573927304, 0.22531380560543274, 0.2490663109335204, 0.34105013772177384], [0.11570772215520693, 0.2883618461185539, 0.2534730819259162, 0.3424573498003229], [0.2084038977373122, 0.4522751752270463, 0.07123248219197029, 0.2680884448436714], [0.541597465753606, 0.15415689796460527, 0.14045263033516683, 0.1637930059466219], [0.10731030464661574, 0.2628453090757765, 0.37047530845663756, 0.2593690778209703], [0.12885529996237322, 0.22696521288458643, 0.10407145779596873, 0.5401080293570717], [0.10971603121922915, 0.5166743833783436, 0.1942957773002527, 0.17931380810217473], [0.2500830935499016, 0.3569124935775496, 0.10603905395648812, 0.2869653589160609], [0.12645402649432888, 0.437770503432947, 0.09440857616719554, 0.3413668939055286], [0.17753805954468257, 0.3575846623100896, 0.16093744286312392, 0.30393983528210405], [0.2161936693322879, 0.21385280623976957, 0.4101724930717841, 0.15978103135615843], [0.04755073451943176, 0.20951057753214752, 0.046406874073978824, 0.6965318138744419], [0.3792201086532302, 0.08473099290264446, 0.2801996023353906, 0.25584929610873486], [0.17297224895934155, 0.19208958433209541, 0.5058382417210435, 0.12909992498751946], [0.4697028547972191, 0.16024622302496103, 0.23445957131787737, 0.13559135085994242], [0.10519974535583804, 0.42454741012209635, 0.06308598026894437, 0.4071668642531213], [0.33441576199697964, 0.4038192581876417, 0.11315065360491747, 0.14861432621046133], [0.38787594695528904, 0.2377791361315565, 0.080719649546738, 0.2936252673664165], [0.12677918539415806, 0.47700325492789386, 0.2654154224797856, 0.13080213719816253], [0.3594030343994901, 0.26246882280953504, 0.12819174775930087, 0.2499363950316741], [0.11533930573753778, 0.20495463976777561, 0.06784188735126138, 0.6118641671434253], [0.2145003004289327, 0.14131350885481683, 0.15382577267954076, 0.4903604180367099], [0.33395658953797075, 0.2864307562372628, 0.14499726493217696, 0.2346153892925895], [0.16474599648219254, 0.25643333226014575, 0.1390479617550135, 0.43977270950264813], [0.3188869922030175, 0.2004613251219516, 0.13488745346528477, 0.3457642292097461], [0.16618702594098156, 0.25669116083444155, 0.13039372417886816, 0.4467280890457088], [0.21501556555559384, 0.21354245294787624, 0.38105402350372286, 0.19038795799280694], [0.11743642514175606, 0.48671559750168414, 0.07482158624659474, 0.321026391109965], [0.17181215990192186, 0.16891661487142862, 0.395137754368087, 0.26413347085856265], [0.3286249012557786, 0.28169768779355153, 0.2312669134004081, 0.1584104975502619], [0.14774842859869816, 0.3674811775827751, 0.07026668226601399, 0.4145037115525129], [0.26391361577252886, 0.22614877015699636, 0.26247396714366356, 0.24746364692681122], [0.19395978202822714, 0.13106106182291896, 0.44432997442851174, 0.2306491817203423], [0.2818358768697993, 0.18288681693764364, 0.37744713020594073, 0.15783017598661628], [0.23208149022939792, 0.24393524794783408, 0.1400143890066819, 0.38396887281608627], [0.17673681529432841, 0.3199624083880775, 0.04819314200511882, 0.45510763431247514], [0.16408307560859167, 0.3674973424851696, 0.1520105304368133, 0.31640905146942544], [0.17415538119352203, 0.20364113532057262, 0.08716175421582077, 0.5350417292700846], [0.3890760279480099, 0.2877671334642715, 0.17504759199074477, 0.14810924659697366], [0.15508632755511845, 0.321023867409877, 0.1589497680500151, 0.36494003698498945], [0.3517582379053871, 0.11430184771971272, 0.12846543478548036, 0.40547447958942], [0.20549043961138974, 0.37289273178944166, 0.33513730157814964, 0.08647952702101906], [0.2897900150763893, 0.33596530667550933, 0.20786798637791898, 0.1663766918701825], [0.12369995195987463, 0.17160212693492297, 0.5145190246047631, 0.19017889650043934], [0.1910688413364739, 0.2049901872110633, 0.4049768085542373, 0.19896416289822563], [0.1744314819533314, 0.1758973597060112, 0.16037018109859588, 0.4893009772420615], [0.3467548447801983, 0.21463344025474296, 0.23858256244758094, 0.20002915251747766], [0.27891312643800487, 0.201827813389909, 0.13293904242977414, 0.3863200177423119], [0.17093588971758647, 0.09259902434210718, 0.06558081498421853, 0.6708842709560877], [0.10850214008457525, 0.23487169459240825, 0.3002657791058851, 0.3563603862171316], [0.23778868214883522, 0.22416571303952018, 0.14564408166395676, 0.3924015231476879], [0.1708468990612553, 0.2631045367961019, 0.21533751644653762, 0.350711047696105], [0.1188001556958053, 0.6048711636804033, 0.05712079642791911, 0.21920788419587225], [0.21042731397163408, 0.30459881748221845, 0.2044456680605059, 0.2805282004856417], [0.24500685490517143, 0.20141209873006338, 0.2723175851364197, 0.28126346122834567], [0.14337771031774388, 0.18405483915236884, 0.4569707691514823, 0.2155966813784049], [0.40861613347280473, 0.2864950171038248, 0.14247609354987859, 0.16241275587349188], [0.21461023709689825, 0.24572192879299526, 0.13762173593062285, 0.4020460981794836], [0.3249865597140393, 0.32830144382238347, 0.1188973259575656, 0.22781467050601165], [0.6003586561567538, 0.20287529810291496, 0.05307773473445959, 0.14368831100587154], [0.3094678829100574, 0.19838346153387265, 0.062258080736857194, 0.42989057481921295], [0.33684435528962814, 0.309215563646396, 0.10508885800367312, 0.2488512230603027], [0.31638220808249706, 0.24446065932479952, 0.1680065366856902, 0.2711505959070132], [0.28654104051359985, 0.24144166280511217, 0.08060068543113941, 0.39141661125014854], [0.24785995696628252, 0.42540822248540305, 0.06604729665797912, 0.26068452389033564], [0.11213781244453236, 0.26141215639583715, 0.21494155581451518, 0.4115084753451154], [0.3829120041159796, 0.2556639570494569, 0.11352884688535701, 0.2478951919492066], [0.2568700999984611, 0.41870637312861136, 0.16945847944391168, 0.15496504742901593], [0.27466048397823006, 0.2098977354215512, 0.29950222967337614, 0.21593955092684267], [0.24252812681014244, 0.1943631738694779, 0.2560346484474655, 0.30707405087291423], [0.15961981309791418, 0.32931597586593514, 0.09114035377462122, 0.4199238572615294], [0.41285534186875744, 0.23230095609896173, 0.0864279491182141, 0.2684157529140668], [0.21705582874743146, 0.4968001098888914, 0.13875424452116356, 0.1473898168425136], [0.22274020256191093, 0.26294309433607377, 0.19703410993165918, 0.317282593170356], [0.2062333680378582, 0.374464802985803, 0.15587296562343875, 0.2634288633529003], [0.17133932573260427, 0.25557270959448763, 0.2111369979355613, 0.3619509667373469], [0.2784182257920992, 0.35530585908950985, 0.08022610166621853, 0.28604981345217256], [0.18605629196590334, 0.28599340347707514, 0.20753526705574613, 0.32041503750127537], [0.30705350254316693, 0.35214342606084525, 0.10513917051533157, 0.23566390088065614], [0.21035751403394548, 0.23392252912473716, 0.14914602805841132, 0.4065739287829061], [0.23950685741077668, 0.42096654780684717, 0.0837284065545618, 0.2557981882278143], [0.40955604614549773, 0.15604489967942065, 0.07528785901922448, 0.3591111951558572], [0.20941866630746114, 0.31355660710876965, 0.136376884946579, 0.3406478416371903], [0.18662091547729467, 0.36077707546270243, 0.08856172357527396, 0.364040285484729], [0.21490594355117346, 0.5385031001846351, 0.07186568302822686, 0.17472527323596457], [0.25254453939069993, 0.4747799704361809, 0.09825941669520268, 0.17441607347791652], [0.15783151433636947, 0.2876587497772441, 0.12614375419948154, 0.42836598168690504], [0.3193513874774927, 0.36819876885644703, 0.06369179725923063, 0.24875804640682964], [0.1569413966003799, 0.23793145925926226, 0.24713469247157238, 0.3579924516687855], [0.3443683864939727, 0.35982753364285924, 0.16562609888662785, 0.13017798097654038], [0.2606940404500051, 0.28838369656972185, 0.18337891866349837, 0.26754334431677473], [0.1962743342511472, 0.2174601497187935, 0.27003879009405, 0.31622672593600926], [0.3773597325188728, 0.2906231569721386, 0.07875522797513168, 0.25326188253385706], [0.16659545869374773, 0.28027974405059697, 0.08864763746962934, 0.46447715978602594], [0.15886695183195979, 0.43888894977313464, 0.14220858955144244, 0.26003550884346316], [0.20000922996295376, 0.15526140098356778, 0.09299675030873447, 0.551732618744744], [0.2674269779036013, 0.3743021926229377, 0.09710326821380659, 0.26116756125965457], [0.15131223466875363, 0.5734471982088936, 0.0734582524193099, 0.20178231470304306], [0.29252440211614017, 0.39077059673598125, 0.09123252809530152, 0.22547247305257714], [0.2536354724010671, 0.3797542505522461, 0.19295466190284694, 0.17365561514383995], [0.25660700501034384, 0.19659861884442237, 0.28091391837075347, 0.2658804577744804], [0.13191401431085303, 0.4513438080982624, 0.28735425508312556, 0.12938792250775885], [0.14133410265339394, 0.19229228350060124, 0.37756979453658535, 0.2888038193094194], [0.29713240687675807, 0.39294665696552566, 0.05747060750018805, 0.25245032865752814], [0.3279761284040306, 0.1714037858923152, 0.3279915038801245, 0.1726285818235296], [0.15545062292230832, 0.5971117388277724, 0.07766653650601352, 0.1697711017439058], [0.5420474907165677, 0.09677863927760852, 0.10568928982987993, 0.25548458017594383], [0.10236506235447147, 0.4992177059078404, 0.20054596522314325, 0.19787126651454476], [0.23117091552233393, 0.3623618213024189, 0.15575120390720412, 0.250716059268043], [0.20921788117854115, 0.24496126218840905, 0.2017126709341457, 0.3441081856989042], [0.14179368703466189, 0.14517291427569265, 0.09317789752985683, 0.6198555011597887], [0.3267004924475066, 0.19396738864825208, 0.16142412661490346, 0.31790799228933797], [0.14248464707257757, 0.14946338326489325, 0.33427086259937994, 0.3737811070631492], [0.30190474050865174, 0.19807315851967508, 0.1829041616019049, 0.31711793936976834], [0.21471926582382425, 0.1985663554890633, 0.2734927074162672, 0.3132216712708452], [0.34978104236176766, 0.11112944803382509, 0.30813206366907153, 0.23095744593533551], [0.11959979676987818, 0.22823839280632405, 0.06306536071866048, 0.5890964497051373], [0.14462176423036446, 0.13476938889584958, 0.16052128508553903, 0.5600875617882469], [0.460347504645099, 0.17541127012231347, 0.10769827193834747, 0.2565429532942401], [0.27819284047706544, 0.2587513681027859, 0.2294528088539627, 0.23360298256618597], [0.2159654374992722, 0.3240947214225388, 0.14943397429042501, 0.31050586678776393], [0.22322060852941597, 0.13387082324414945, 0.09999370484648494, 0.5429148633799497], [0.2085545930771242, 0.31049320618142773, 0.11740711481253004, 0.36354508592891815], [0.32591382658671036, 0.2704661602292413, 0.0438015365984103, 0.3598184765856381], [0.20859021479271414, 0.3574120678214831, 0.17510203999451185, 0.2588956773912909]]}, "rewritten": {"ids": ["97106970", "97108520", "98108580", "98108970", "98111860", "98116500", "99105921", "99107630", "99108710", "99109141", "99109161", "99109311", "99111930", "99112531", "99112641", "100108490", "100109330", "100113210", "100115700", "101109000", "101109370", "101110150", "101111210", "101111620", "101112201", "102110690", "102110890", "102112030", "102112170", "102118380", "103109021", "103110760", "103111170", "103111830", "103112470", "103112641", "103120340", "103120730", "104110960", "104111620", "104111780", "104113190", "104113380", "104113550", "104114230", "104114240", "104114410", "104116441", "104116800", "104118340", "104119290", "105111990", "105112260", "105114220", "105115250", "105116090", "105116980", "105120280", "106112770", "106113190", "106114011", "106118520", "106119260", "106119990", "106121220", "107112850", "107113260", "107113360", "107114200", "107114780", "107114950", "107119130", "107119390", "107121640", "108113480", "108114220", "108114670", "108115870", "108116070", "108118630", "108118810", "108121410", "109113591", "109114030", "109114220", "109114720", "109116441", "109117431", "109117630", "109118820", "109119460", "109120150", "109120540", "109120621", "110113591", "110114920", "110115120", "110115580", "110118701", "110119891", "110121140", "110121170", "110121450", "111114321", "111114941", "111115400", "111116040", "111116640", "111119150", "111119250", "111119610", "111119930", "111120220", "111120260", "111121410", "111121930", "112116290", "112116610", "112117431", "112117780", "112118530", "112118550", "112118810", "112118890", "112120640", "112121360", "112121410", "113117401", "113118620", "113118690", "113118870", "113119340", "113119700", "113120070", "113120280", "113120540", "113120601", "113120640", "113121220", "113121680", "113122170", "113122190"], "labels": [2, 2, 0, 3, 0, 2, 1, 2, 2, 3, 3, 1, 1, 3, 1, 2, 0, 0, 1, 1, 1, 1, 2, 3, 0, 0, 0, 2, 3, 1, 0, 1, 2, 3, 1, 3, 1, 1, 2, 0, 3, 3, 1, 1, 2, 0, 1, 1, 1, 2, 1, 2, 3, 3, 2, 1, 0, 3, 1, 0, 1, 2, 1, 0, 1, 1, 0, 0, 2, 2, 3, 1, 2, 1, 0, 3, 3, 3, 1, 1, 1, 0, 3, 1, 3, 0, 3, 1, 0, 3, 1, 2, 1, 1, 0, 3, 0, 1, 3, 3, 3, 2, 3, 1, 0, 0, 0, 0, 3, 1, 2, 1, 3, 3, 0, 1, 0, 1, 0, 0, 1, 3, 3, 3, 0, 3, 0, 3, 3, 3, 0, 0, 0, 2, 0, 3, 2, 0, 3, 1, 1, 1], "predicted_labels": [2, 3, 1, 0, 1, 1, 0, 3, 0, 3, 1, 0, 2, 0, 0, 0, 3, 3, 3, 3, 1, 0, 3, 3, 1, 0, 3, 3, 3, 2, 0, 0, 3, 3, 3, 0, 3, 0, 0, 3, 3, 1, 1, 2, 0, 0, 3, 0, 1, 0, 3, 0, 1, 1, 1, 2, 3, 2, 0, 1, 0, 2, 0, 3, 1, 3, 3, 3, 1, 1, 3, 1, 0, 0, 1, 1, 1, 2, 3, 3, 3, 1, 0, 2, 1, 2, 0, 2, 2, 3, 0, 2, 1, 1, 0, 3, 1, 3, 3, 3, 3, 1, 0, 0, 3, 3, 2, 0, 3, 3, 0, 3, 0, 0, 3, 3, 1, 2, 1, 0, 1, 0, 1, 3, 2, 0, 1, 0, 3, 3, 0, 0, 1, 0, 0, 0, 0, 1, 3, 3, 2, 1], "confidence_scores": [[0.24656483126283166, 0.22618677073111768, 0.3303270023733505, 0.19692139563270017], [0.3417239934259234, 0.1788568610036612, 0.12123426519470488, 0.35818488037571067], [0.11248605022386052, 0.33668293668061205, 0.2723431539466392, 0.27848785914888824], [0.37939864311586546, 0.26463333464899286, 0.14673645316592168, 0.2092315690692202], [0.24607101680477342, 0.2814251812577016, 0.2054613318523731, 0.26704247008515186], [0.20863173056829012, 0.3390272403690234, 0.1548141090899109, 0.29752691997277564], [0.40756228066527117, 0.1314605514800338, 0.14010522260229658, 0.3208719452523983], [0.1960017795240111, 0.13692656027636455, 0.14624238713716822, 0.5208292730624561], [0.3336179087392473, 0.18139824226752005, 0.22993191078480357, 0.25505193820842914], [0.17573879137679294, 0.28719260568225713, 0.14090260892308878, 0.39616599401786107], [0.24564931079056535, 0.3515833677624058, 0.16259260911123113, 0.2401747123357979], [0.3028359230020341, 0.27040345767504204, 0.2404074420535218, 0.1863531772694022], [0.1811556638623706, 0.2500549141110995, 0.29806677209609655, 0.2707226499304333], [0.4407512889537268, 0.2803477271270698, 0.07543386138531054, 0.20346712253389285], [0.5545149585817095, 0.1405645322306948, 0.19162062185455805, 0.1132998873330377], [0.40888969137187986, 0.1377927969186455, 0.29473114504869347, 0.15858636666078124], [0.19212563632191051, 0.3286005833930342, 0.13157049271799612, 0.34770328756705915], [0.2795715564169516, 0.18621220068324562, 0.1452740099825496, 0.38894223291725305], [0.25335907914848405, 0.2254705096114036, 0.16690988825265807, 0.3542605229874542], [0.25589455936875377, 0.2702303430736386, 0.09361766040634305, 0.3802574371512646], [0.16715722819154138, 0.47183608468445865, 0.17696238669831352, 0.18404430042568645], [0.4298225024871948, 0.29784232007434874, 0.11531640236620375, 0.15701877507225276], [0.1362643382100207, 0.34459277514286213, 0.07496981210162938, 0.44417307454548766], [0.14825614708537857, 0.3196711008129972, 0.12446670711307889, 0.40760604498854536], [0.2759328451864089, 0.41303348481406144, 0.053223850124586386, 0.25780981987494334], [0.4108174277108066, 0.15458664398944913, 0.15333524475639795, 0.2812606835433464], [0.22117002177236011, 0.17494960468393317, 0.2558803621606521, 0.3480000113830547], [0.2700090166922068, 0.18746611341569341, 0.1582952792879859, 0.38422959060411405], [0.24860225220116847, 0.1307439342545588, 0.07747532306279956, 0.543178490481473], [0.22460047891988122, 0.20755570185594685, 0.41839875004666566, 0.14944506917750622], [0.3085696912558032, 0.17819823789155084, 0.2576764427452383, 0.2555556281074077], [0.37556435904307994, 0.23662509360647682, 0.05534724382737368, 0.3324633035230697], [0.28020413357456797, 0.16556952258873092, 0.23826298502984558, 0.31596335880685555], [0.12402902370685649, 0.34674160095941176, 0.05393692091913694, 0.47529245441459467], [0.2159566173879926, 0.1501218039134168, 0.08436449259729148, 0.5495570861012989], [0.6127185014721778, 0.19666685089410849, 0.07430712667965766, 0.11630752095405611], [0.27483686092480747, 0.24489901983109358, 0.13969812291738656, 0.34056599632671236], [0.3970639162699935, 0.37370601326217034, 0.09845435085881978, 0.1307757196090165], [0.41034691551852714, 0.24757490951315606, 0.14722182231644307, 0.19485635265187382], [0.2362029104622923, 0.20163313456601695, 0.17000698342547607, 0.39215697154621454], [0.23615625955547925, 0.21100063460713642, 0.07833425935880421, 0.4745088464785801], [0.2422227414091794, 0.43808102651455577, 0.10781479944695178, 0.21188143262931292], [0.12566345950219682, 0.44515412710075647, 0.1514662457455, 0.2777161676515467], [0.23172656570897013, 0.19133589290409908, 0.2928355281843767, 0.284102013202554], [0.3063894304939247, 0.2808020665940949, 0.11195949859521287, 0.3008490043167674], [0.5161007542631593, 0.2495689496761324, 0.0833841813651868, 0.15094611469552172], [0.29810969770423956, 0.25975577739874633, 0.14094108347415954, 0.30119344142285454], [0.4112930489588282, 0.1700958759740027, 0.11359812072331069, 0.3050129543438585], [0.17133861503936074, 0.5196054948596726, 0.07542539598348656, 0.23363049411748013], [0.3910692999616324, 0.26324107743623376, 0.1709289170788972, 0.1747607055232366], [0.15907349254654904, 0.2933185663340188, 0.10381987163826087, 0.4437880694811713], [0.37591749578966505, 0.23015590769056224, 0.11804285256409779, 0.27588374395567494], [0.16731495086945708, 0.5086817861502945, 0.053676646686696076, 0.27032661629355237], [0.15332614987589233, 0.40717404556264036, 0.06788013100491996, 0.37161967355654735], [0.29562413062059706, 0.3664884288303597, 0.1256378829431005, 0.21224955760594294], [0.14551076018415138, 0.14809111947948406, 0.4921145522753479, 0.2142835680610168], [0.22498689604922825, 0.21224892778358664, 0.16956629542617063, 0.3931978807410146], [0.20895752705971618, 0.21523623556332405, 0.385274242176053, 0.19053199520090675], [0.3952265911523603, 0.18187305824306524, 0.13318446643510298, 0.28971588416947147], [0.3033636524357701, 0.32041691402887545, 0.13143462558884045, 0.24478480794651403], [0.3712045833648055, 0.29923200258153876, 0.16380945667481397, 0.16575395737884183], [0.2280856513548482, 0.2924317805179375, 0.29365087336661605, 0.18583169476059813], [0.34326029552176274, 0.18971189778171182, 0.16857488833959347, 0.2984529183569321], [0.37379791329858514, 0.1626881990800218, 0.08431029942976725, 0.3792035881916259], [0.13019598755039932, 0.6178596283839296, 0.06871412568565617, 0.18323025838001505], [0.22256481957803714, 0.2776910658226858, 0.20437512069092983, 0.29536899390834725], [0.16073919028096342, 0.28024062997745086, 0.0902770102855975, 0.4687431694559883], [0.18728912553973773, 0.2506389588432447, 0.0816136176688541, 0.4804582979481636], [0.24320056337760337, 0.33296165579454223, 0.11539025272197974, 0.3084475281058747], [0.20832093042419064, 0.347367614440993, 0.1464058568423665, 0.2979055982924497], [0.2763010152736746, 0.2148572834062754, 0.06377783500438568, 0.4450638663156643], [0.2706050240205964, 0.35519987169206624, 0.11435133733751449, 0.259843766949823], [0.37116328021934514, 0.3667865299146315, 0.0945020939748428, 0.16754809589118058], [0.43660317624956574, 0.15752377922564015, 0.10541056897144403, 0.30046247555335015], [0.2602637867765189, 0.35735476052031756, 0.1162511853124309, 0.2661302673907327], [0.17192900372291403, 0.29992457317545596, 0.29671306046571133, 0.23143336263591852], [0.17700432963582408, 0.4075354996732438, 0.20093855125098442, 0.2145216194399477], [0.27258787144330365, 0.12780394697617548, 0.36803669935921196, 0.231571482221309], [0.23786656818995855, 0.3300126726458628, 0.0806571777149381, 0.35146358144924045], [0.17485930780207318, 0.1350630875470651, 0.1585506375483554, 0.5315269671025062], [0.11569549564062769, 0.10319110170836301, 0.052089449790627344, 0.7290239528603819], [0.2953874352084312, 0.36759262298330375, 0.09118833650942797, 0.2458316052988371], [0.356321560124191, 0.12121217994609028, 0.22578048098690465, 0.29668577894281417], [0.19528956631522484, 0.1869404334318966, 0.3534397527923147, 0.2643302474605639], [0.15355755657239933, 0.5017125712029812, 0.19523864377357117, 0.1494912284510483], [0.136107273089862, 0.22216239728438844, 0.37256822800536843, 0.269162101620381], [0.46815770524614886, 0.20461641171275102, 0.17213166490351978, 0.15509421813758018], [0.2427287313630136, 0.23501061122870018, 0.3237733041081393, 0.19848735330014694], [0.15225457339940862, 0.20535401621790797, 0.531610996915789, 0.1107804134668946], [0.15826699156737437, 0.30511810745761064, 0.1415140872053389, 0.39510081376967615], [0.3106789393733018, 0.19783655582328566, 0.2864517816158285, 0.20503272318758406], [0.13776393290756922, 0.24152527830965714, 0.3524923965505851, 0.26821839223218863], [0.39496148993818825, 0.47058982246950304, 0.04011563006596667, 0.094333057526342], [0.1126638316901314, 0.5108215566395536, 0.20857751096656715, 0.1679371007037478], [0.506347643603006, 0.22619060833142882, 0.1076035864837566, 0.15985816158180857], [0.14857734678599654, 0.2715647539396681, 0.07514380653257753, 0.5047140927417578], [0.2031974715385477, 0.40215609255557294, 0.16885861855372594, 0.2257878173521534], [0.26953380728568654, 0.2775106032850793, 0.1640205075880672, 0.2889350818411671], [0.1310718857307025, 0.36187567220377775, 0.08075666440965974, 0.4262957776558601], [0.21921294676756445, 0.27174707785872343, 0.10651087476492668, 0.40252910060878544], [0.3017018307863972, 0.16179244362348053, 0.2262214240862556, 0.3102843015038667], [0.12279808321758948, 0.3547022095113621, 0.24594461762981754, 0.27655508964123104], [0.36493293947872235, 0.3217664201307935, 0.11425535407667724, 0.19904528631380689], [0.3864392475055215, 0.3128913826718041, 0.14287645067299107, 0.15779291914968332], [0.23397313078491597, 0.23157360026341886, 0.08731535972043368, 0.44713790923123165], [0.18353796543819356, 0.20869148110323216, 0.07906496805356107, 0.5287055854050132], [0.28250967322006953, 0.23599308801463795, 0.29897902700781914, 0.18251821175747338], [0.35995520079507415, 0.2569792106942781, 0.15105990377534798, 0.23200568473529998], [0.15084328766338306, 0.3675766027334255, 0.10643567041203075, 0.3751444391911607], [0.17133117566860553, 0.2467950042192237, 0.24621368516556155, 0.33566013494660923], [0.3219174506267936, 0.21779236826699502, 0.2646392555499394, 0.19565092555627217], [0.2869715808800742, 0.20375314579912124, 0.17274188009450286, 0.33653339322630166], [0.5492227329048114, 0.18463094422627177, 0.10270851259479181, 0.16343781027412518], [0.5199439771676607, 0.13797453577393326, 0.0731381332139614, 0.2689433538444448], [0.220326830918752, 0.32533739426976477, 0.10987597840704877, 0.3444597964044345], [0.3085355783017472, 0.27839080156232765, 0.0659062592954568, 0.34716736084046834], [0.23282349369065566, 0.4205265417761019, 0.1665064956800697, 0.18014346885317278], [0.17465106978331213, 0.27719142379392525, 0.327649864806639, 0.22050764161612374], [0.17467417382603168, 0.3368084584260237, 0.1834593581325109, 0.30505800961543383], [0.36470856688704145, 0.27574887146703914, 0.15994112031471336, 0.19960144133120614], [0.07587160193184955, 0.7782523690739819, 0.0466980221211069, 0.0991780068730614], [0.5343129607861634, 0.1908040483334245, 0.11512777797278358, 0.1597552129076285], [0.2575760190996051, 0.33544174783870584, 0.07355245761095584, 0.3334297754507334], [0.16584820082023966, 0.10569060365366807, 0.16193628113683717, 0.5665249143892551], [0.16266672892332493, 0.2498732614855309, 0.39730711594062457, 0.19015289365051968], [0.4552673704071849, 0.14564312494586323, 0.11913229106080203, 0.2799572135861499], [0.08774704890219608, 0.45822115005994396, 0.04729693891212715, 0.4067348621257329], [0.34976313292553024, 0.3050021242176208, 0.1446503647847837, 0.20058437807206528], [0.21852070297013046, 0.3087932618518026, 0.15400057011574003, 0.31868546506232687], [0.22467745493837524, 0.29822704877588185, 0.10358375254096736, 0.3735117437447757], [0.35196076553088645, 0.23193037793787147, 0.07252963491862274, 0.3435792216126194], [0.37700535688920545, 0.20107319435292612, 0.206118607418629, 0.2158028413392396], [0.11162151601017672, 0.5708693771508473, 0.05453133526537919, 0.2629777715735969], [0.326828383773783, 0.29800981150071565, 0.2187065411274675, 0.1564552635980339], [0.3771426280843001, 0.15954978975300024, 0.15396033644932697, 0.3093472457133727], [0.5271967481837543, 0.27681543843233847, 0.04832638869014124, 0.147661424693766], [0.3143739594699557, 0.30856450734229984, 0.11409193094726615, 0.2629696022404785], [0.23345146169559783, 0.32665420957774477, 0.13172199598380027, 0.30817233274285716], [0.11371829391148242, 0.35883634853226853, 0.1544010171062106, 0.37304434045003865], [0.20748763029029704, 0.20980370232362983, 0.11596555724488937, 0.4667431101411836], [0.1812295832952018, 0.24923845938931824, 0.4120365292686225, 0.15749542804685732], [0.18646683762395097, 0.3818824995501752, 0.2047463469003882, 0.22690431592548568]]}}