{"test": {"ids": ["101110200", "108120280", "101116130", "110120190", "106119260", "105115720", "112118820", "108115250", "112116810", "113121950", "111117480", "105116090", "110118181", "111119580", "111115620", "103109791", "98106111", "104116980", "106117770", "111119290", "105121190", "113122170", "110118301", "101108950", "109118161", "104113190", "103120340", "97106820", "110114920", "110119891", "113120540", "105115250", "106113260", "110117870", "101121640", "102121440", "99110730", "107120260", "110115980", "110118111", "98107210", "110119030", "97112300", "110118630", "97107821", "112118421", "111118910", "99107950", "107121700", "108120260", "108116120", "99107630", "112116990", "98108370", "106114011", "104111711", "104116800", "108114180", "107119130", "109120560", "97106970", "102109850", "97109570", "106116370", "98108150", "111121220", "107113170", "98106680", "106116850", "109121351", "97118210", "109116040", "113121190", "107117010", "105110251", "111121410", "112118890", "97107681", "107115140", "112121360", "99109740", "112117580", "111115770", "109117630", "113120070", "106113830", "98112300", "102109010", "109115220", "107117630", "99108580", "109117600", "111120540", "109113281", "104114740", "113122510", "111118810", "104111620", "111120640", "111117571", "110120531", "97106000", "113120591", "110115580", "106118161", "109117271", "101108080", "111117000", "110121140", "112121430", "110118880", "100109360", "108116501", "108121410", "108113620", "103113610", "107120880", "113118870", "111119340", "99111930", "103113170", "113121750", "97106770", "111116290", "104113550", "104111880", "113118421", "111119930", "109113881", "112119580", "99109840", "98107340", "107113200", "101117580", "110118740", "108120060", "97105580", "108114040", "113118690", "111119300", "109119010", "113120531"], "labels": [2, 3, 2, 3, 1, 1, 0, 1, 3, 3, 1, 1, 1, 3, 1, 3, 0, 1, 0, 3, 2, 1, 1, 2, 0, 3, 1, 1, 3, 3, 3, 2, 3, 3, 2, 2, 3, 1, 1, 1, 1, 0, 2, 1, 2, 3, 0, 1, 3, 1, 1, 2, 0, 1, 1, 1, 1, 1, 1, 1, 2, 1, 0, 2, 0, 3, 0, 1, 3, 0, 2, 0, 1, 1, 0, 0, 3, 3, 0, 3, 3, 0, 3, 0, 2, 1, 2, 1, 3, 0, 0, 1, 1, 0, 2, 2, 0, 0, 0, 3, 0, 0, 0, 1, 3, 0, 0, 0, 3, 2, 0, 0, 0, 0, 3, 2, 1, 0, 3, 1, 3, 0, 3, 2, 1, 3, 3, 1, 0, 3, 2, 0, 0, 3, 3, 1, 1, 0, 3, 1, 3, 0], "predicted_labels": [1, 3, 3, 1, 3, 3, 1, 3, 1, 0, 1, 1, 1, 0, 0, 3, 3, 3, 3, 3, 3, 3, 3, 3, 0, 1, 1, 1, 1, 1, 0, 3, 1, 0, 3, 3, 2, 3, 3, 1, 1, 3, 0, 1, 1, 1, 3, 1, 2, 3, 0, 3, 3, 3, 3, 1, 1, 3, 1, 0, 1, 1, 0, 3, 1, 3, 3, 1, 1, 1, 3, 3, 1, 1, 1, 1, 3, 0, 3, 3, 3, 3, 3, 3, 1, 0, 0, 3, 1, 1, 1, 3, 1, 3, 1, 1, 0, 0, 3, 0, 1, 1, 3, 3, 3, 3, 0, 1, 0, 1, 0, 1, 1, 1, 3, 3, 3, 3, 3, 1, 1, 1, 3, 3, 0, 1, 3, 3, 0, 3, 2, 3, 3, 3, 3, 1, 1, 1, 1, 1, 1, 3], "confidence_scores": [[0.23658753308688085, 0.2846901149059622, 0.213115460555207, 0.26560689145195004], [0.27899851005221293, 0.26906397064529286, 0.16879205491451388, 0.2831454643879803], [0.2355920966189287, 0.25835084928178936, 0.23882547955109096, 0.2672315745481912], [0.24394118272930715, 0.2799964069816051, 0.20811281967533748, 0.26794959061375057], [0.26179320656181504, 0.2218496052425158, 0.22534014979979644, 0.29101703839587295], [0.2061563300096533, 0.26907541203948265, 0.23007479575441755, 0.29469346219644654], [0.24979515574916378, 0.30837678537754776, 0.18103726278656201, 0.2607907960867266], [0.22058421880149479, 0.23983015129563273, 0.21581978550583636, 0.32376584439703626], [0.25589522522987757, 0.26441750646832435, 0.24328147808715372, 0.2364057902146445], [0.3343532164831432, 0.2310413116362615, 0.13388022429886715, 0.3007252475817279], [0.21100308711073373, 0.3373362165685059, 0.20490736710545396, 0.24675332921530657], [0.22364241902917537, 0.3452499971336541, 0.1747384133467186, 0.2563691704904521], [0.27666309481930196, 0.2851980002714941, 0.15942769348555744, 0.2787112114236465], [0.30619076105134924, 0.23782432368435258, 0.21170652899681464, 0.24427838626748355], [0.2899968079078539, 0.2566374053817783, 0.17982405098129053, 0.2735417357290774], [0.20628193821046253, 0.27732640272627995, 0.20526372510388202, 0.3111279339593756], [0.26622002810321577, 0.2541328332510638, 0.20434372026791828, 0.2753034183778022], [0.18800509568258408, 0.2792127579552527, 0.23920376419451614, 0.2935783821676472], [0.19103550420914747, 0.27073067829085723, 0.2540554221959985, 0.28417839530399674], [0.19653277928175608, 0.25755316013971, 0.2149921058633511, 0.3309219547151831], [0.22827453179395477, 0.2844817617621497, 0.1745033305401375, 0.31274037590375814], [0.2123121010745866, 0.24043112548518278, 0.2506038987893405, 0.2966528746508903], [0.275217165086257, 0.2653488463122581, 0.15024750402869091, 0.3091864845727942], [0.20256160742456905, 0.27092756595281825, 0.25142684845108093, 0.27508397817153185], [0.27627727683561154, 0.27548082387961625, 0.19469014580203145, 0.253551753482741], [0.22461909746149125, 0.3090013913376539, 0.18245153943767708, 0.2839279717631779], [0.19679751215110117, 0.28737161340194173, 0.2330203744494627, 0.28281049999749464], [0.25142917889439365, 0.29420102304233464, 0.19075381249724996, 0.26361598556602195], [0.2024989593131852, 0.2937983366728471, 0.21042216111541484, 0.29328054289855304], [0.26909205092470634, 0.2765261429575031, 0.20355759501704895, 0.25082421110074177], [0.282653313224089, 0.2767718954885011, 0.19030653916094917, 0.2502682521264607], [0.203167321836453, 0.2642507618904359, 0.2574291006851937, 0.27515281558791765], [0.20468770249534401, 0.3165273263091671, 0.2072386441237566, 0.2715463270717324], [0.28736319142131866, 0.2579359516040711, 0.18520296275431827, 0.269497894220292], [0.20874972760709012, 0.240852450882476, 0.25028861333898045, 0.3001092081714536], [0.2409521766942045, 0.28617388873163185, 0.14629074134563966, 0.32658319322852414], [0.23491371785603626, 0.27477735918798735, 0.27490540136513286, 0.2154035215908436], [0.2196892358525244, 0.27738960382613237, 0.1783976100567962, 0.32452355026454716], [0.22054076386253105, 0.2505928915958877, 0.21754518408794696, 0.31132116045363434], [0.25838792871224264, 0.26900538607970303, 0.21129339475723394, 0.26131329045082036], [0.20752943509652103, 0.2954351867335233, 0.20736553579108233, 0.28966984237887344], [0.1777183074127587, 0.30805822218225926, 0.1768101885276386, 0.3374132818773434], [0.3088835836158444, 0.23614552519354645, 0.16386310684111294, 0.29110778434949613], [0.22568966640530647, 0.3198426750211508, 0.2122952282816571, 0.24217243029188557], [0.24851075152930224, 0.27421496383890803, 0.22024324328036404, 0.25703104135142574], [0.22467392070320094, 0.299142281580794, 0.18064613595540774, 0.29553766176059737], [0.2637758619617649, 0.2618585540344169, 0.1843221419388078, 0.29004344206501037], [0.19591457798712653, 0.32750158580934374, 0.21381973451655978, 0.26276410168696995], [0.17893409346848343, 0.2854419002972574, 0.2888416571390716, 0.2467823490951876], [0.25253762381662087, 0.27691905451193516, 0.17906804224393727, 0.29147527942750673], [0.3088657009035833, 0.24436133720758804, 0.1733112587374249, 0.27346170315140395], [0.28947929500354197, 0.2157813805201777, 0.19549716167766268, 0.29924216279861776], [0.2708233386747134, 0.22680457307602758, 0.21423088503655324, 0.28814120321270575], [0.20506241183842164, 0.27234109591816713, 0.21274914277882412, 0.3098473494645874], [0.23507225753936775, 0.2664721695760947, 0.18182490082250374, 0.3166306720620339], [0.25604807914652267, 0.28273891116178335, 0.19629276467704174, 0.26492024501465233], [0.20956429589163958, 0.3254148550119736, 0.19848557953103563, 0.2665352695653515], [0.19111339918331524, 0.2849864417615968, 0.1820889376621219, 0.34181122139296605], [0.21758266043785252, 0.30246221117197025, 0.19451979877830738, 0.2854353296118699], [0.2654658470108874, 0.2220914671910954, 0.25054477890345084, 0.2618979068945664], [0.2075293311822064, 0.28234995819865616, 0.24568115391230264, 0.2644395567068352], [0.2012004772068496, 0.2870128563524032, 0.24658096193347542, 0.26520570450727177], [0.3143231493011606, 0.2197628666596296, 0.19108608779593544, 0.27482789624327425], [0.27401608140337114, 0.20986261798237904, 0.1856762340026935, 0.33044506661155654], [0.22375785766882111, 0.2708446440778708, 0.25208801683113974, 0.2533094814221685], [0.193708166197941, 0.3104881400525572, 0.15905019903146622, 0.33675349471803573], [0.26050396963047484, 0.25437888682054743, 0.19629146657838084, 0.28882567697059697], [0.21212215687920433, 0.293713112361285, 0.23973862765884404, 0.25442610310066666], [0.20550152446713812, 0.2838741924995688, 0.2631263573681481, 0.24749792566514514], [0.26665046240030266, 0.2777975307400492, 0.20844947397233635, 0.2471025328873117], [0.27712015179673277, 0.20013488831892146, 0.24113604718535103, 0.28160891269899485], [0.21768285763083084, 0.28230536660233446, 0.16980924563012942, 0.3302025301367055], [0.20524350732079066, 0.3198938727164065, 0.185837009371226, 0.28902561059157683], [0.20714643510634137, 0.28738514198474674, 0.21929627572617885, 0.28617214718273315], [0.2768189994029416, 0.2887798883589539, 0.16606243781706495, 0.2683386744210398], [0.21227585921124398, 0.3446229645434266, 0.15842782249225285, 0.2846733537530765], [0.22856739164239354, 0.28452387456330874, 0.19018806546081893, 0.29672066833347904], [0.3237862717153769, 0.2469460876931355, 0.17729800004700957, 0.251969640544478], [0.26102179716559065, 0.2478136131756174, 0.16609689769505775, 0.3250676919637342], [0.24505083259244453, 0.28679225793809787, 0.1787574704183941, 0.2893994390510633], [0.19975167432355734, 0.28580138430194213, 0.22165258998457416, 0.29279435138992665], [0.24341056594284982, 0.28271406055556986, 0.17291232225803596, 0.3009630512435443], [0.2835692995313725, 0.23253559016829115, 0.19262192647060125, 0.29127318382973516], [0.254829471159862, 0.2536052651682009, 0.20612174747507073, 0.2854435161968665], [0.2331181131601949, 0.30523441470293666, 0.1956127295197453, 0.2660347426171233], [0.31098900220761194, 0.2585391092395087, 0.19054354603836668, 0.23992834251451284], [0.342252517616624, 0.21921405102876762, 0.17316023318617943, 0.2653731981684289], [0.25615365140866736, 0.21575318360959334, 0.23412621940094042, 0.29396694558079867], [0.21710554161697973, 0.2878827140155066, 0.22272980815146856, 0.2722819362160454], [0.2760302295103323, 0.28085503840542747, 0.18475731434001555, 0.2583574177442247], [0.22146289044741624, 0.2920264008323996, 0.20733945437192702, 0.279171254348257], [0.2687739845167899, 0.22716997655256235, 0.2164360063365997, 0.28762003259404806], [0.2559789892879628, 0.2874364460182365, 0.20757856728235438, 0.2490059974114464], [0.24546543926854317, 0.25419188300705137, 0.18267609618109595, 0.3176665815433096], [0.2375045253563607, 0.3013209937342494, 0.18377192422909938, 0.2774025566802906], [0.20673150271435253, 0.3056272276708875, 0.21830271188039038, 0.2693385577343697], [0.324338978700558, 0.2378249452165353, 0.17412355436011556, 0.26371252172279097], [0.3689322054185413, 0.19956708328478487, 0.160359519712385, 0.2711411915842887], [0.2722506925307927, 0.2721228323840794, 0.17008907099597245, 0.2855374040891557], [0.281576515573166, 0.2509211184235672, 0.19201925188491067, 0.27548311411835646], [0.2514637026335315, 0.3052916395301948, 0.15457864256199094, 0.28866601527428287], [0.17382382356427983, 0.2908652995372943, 0.27593845193217464, 0.2593724249662514], [0.2556989100754759, 0.25584455644317666, 0.21088517291546513, 0.2775713605658825], [0.24570407904410096, 0.2783225362962208, 0.1951442126408339, 0.2808291720188443], [0.24241474526104484, 0.2724411937855258, 0.13951400440400674, 0.34563005654942247], [0.251195660914892, 0.25994625878560146, 0.18733719038080882, 0.3015208899186978], [0.31145465874481354, 0.2315037776285471, 0.15277260419559893, 0.30426895943104065], [0.210938027408712, 0.29319564029846296, 0.22990391584194436, 0.2659624164508808], [0.29559834236437416, 0.2920713481743621, 0.14830400408362748, 0.2640263053776362], [0.21095776321151685, 0.3040817699262297, 0.21937328559902458, 0.265587181263229], [0.3054332365766463, 0.26634042479376774, 0.12618776681942856, 0.3020385718101576], [0.2564307412185746, 0.2786538874696257, 0.19039500359657965, 0.27452036771522], [0.26465190956223955, 0.28364343551428894, 0.18744615401548526, 0.2642585009079865], [0.21416168427565827, 0.31220580048354135, 0.16290920578020085, 0.3107233094605996], [0.2639454614211633, 0.27862991845802243, 0.15389868784575542, 0.3035259322750591], [0.22203830621697648, 0.24440129153588291, 0.26030153952369334, 0.2732588627234474], [0.15554684234382798, 0.29789925258501637, 0.23285690921215565, 0.3136969958590001], [0.2009364184587511, 0.29609922948431705, 0.1841517875353683, 0.3188125645215636], [0.19091226001014913, 0.27589043296156013, 0.2244243166601316, 0.30877299036815925], [0.2119031847726686, 0.3083416000548186, 0.2330486152040152, 0.24670659996849767], [0.17555917897416223, 0.3275402206031619, 0.19874006161256394, 0.29816053881011206], [0.28607473796114335, 0.33464639626824505, 0.17436754017883987, 0.20491132559177191], [0.22774197915313202, 0.24014271231301695, 0.228592491682157, 0.3035228168516944], [0.25140821347506953, 0.26686641406903244, 0.2094681969844098, 0.2722571754714887], [0.3206851054514361, 0.2337908499861363, 0.17968822014159883, 0.2658358244208286], [0.22205625798761783, 0.32227808155018267, 0.21761274006998016, 0.2380529203922195], [0.23530908794611474, 0.24597802783449943, 0.1851013956766364, 0.33361148854274963], [0.2428963430671703, 0.2558268441662798, 0.23279335209808744, 0.2684834606684626], [0.29936789133506336, 0.27775649685221226, 0.16152120564790734, 0.26135440616481675], [0.2588680835463598, 0.24613353448075148, 0.1985005724867073, 0.2964978094861817], [0.24016222891720293, 0.239231871409423, 0.2618313379289818, 0.25877456174439223], [0.20423865883579342, 0.2519430935536971, 0.2646859831540695, 0.2791322644564401], [0.24419334286593042, 0.282053293969948, 0.1675635264994925, 0.3061898366646291], [0.23172496358508748, 0.27121056861119686, 0.16208132273293913, 0.33498314507077653], [0.2461805580279186, 0.24200172628326397, 0.24000653034570082, 0.27181118534311677], [0.18818720936997824, 0.2780320666323852, 0.2595832403712304, 0.2741974836264062], [0.2802278436753206, 0.2803711637133053, 0.21432445128178595, 0.22507654132958838], [0.1999731647066121, 0.3037396550308977, 0.21185111685798444, 0.2844360634045057], [0.2350214810984219, 0.2950687398115938, 0.1751079741087289, 0.29480180498125524], [0.2489323659145051, 0.3202169505547653, 0.18274391762529998, 0.24810676590542954], [0.19345503092476712, 0.34548905919018225, 0.2188630483103587, 0.24219286157469191], [0.23483990222965517, 0.2820705778686371, 0.15810711394019406, 0.32498240596151406]]}, "rewritten": {"ids": ["97105580", "97106000", "97106770", "97106820", "97106970", "97107681", "97107821", "97109570", "97112300", "97118210", "98106111", "98106680", "98107210", "98107340", "98108150", "98108370", "98112300", "99107630", "99107950", "99108580", "99109740", "99109840", "99110730", "99111930", "100109360", "101108080", "101108950", "101110200", "101116130", "101117580", "101121640", "102109010", "102109850", "102121440", "103109791", "103113170", "103113610", "103120340", "104111620", "104111711", "104111880", "104113190", "104113550", "104114740", "104116800", "104116980", "105110251", "105115250", "105115720", "105116090", "105121190", "106113260", "106113830", "106114011", "106116370", "106116850", "106117770", "106118161", "106119260", "107113170", "107113200", "107115140", "107117010", "107117630", "107119130", "107120260", "107120880", "107121700", "108113620", "108114040", "108114180", "108115250", "108116120", "108116501", "108120060", "108120260", "108120280", "108121410", "109113281", "109113881", "109115220", "109116040", "109117271", "109117600", "109117630", "109118161", "109119010", "109120560", "109121351", "110114920", "110115580", "110115980", "110117870", "110118111", "110118181", "110118301", "110118630", "110118740", "110118880", "110119030", "110119891", "110120190", "110120531", "110121140", "111115620", "111115770", "111116290", "111117000", "111117480", "111117571", "111118810", "111118910", "111119290", "111119300", "111119340", "111119580", "111119930", "111120540", "111120640", "111121220", "111121410", "112116810", "112116990", "112117580", "112118421", "112118820", "112118890", "112119580", "112121360", "112121430", "113118421", "113118690", "113118870", "113120070", "113120531", "113120540", "113120591", "113121190", "113121750", "113121950", "113122170", "113122510"], "labels": [1, 0, 3, 1, 2, 3, 2, 0, 2, 2, 0, 1, 1, 0, 0, 1, 2, 2, 1, 0, 3, 2, 3, 1, 0, 0, 2, 2, 2, 3, 2, 1, 1, 2, 3, 3, 2, 1, 0, 1, 3, 3, 1, 2, 1, 1, 0, 2, 1, 1, 2, 3, 1, 1, 2, 3, 0, 3, 1, 0, 0, 0, 1, 0, 1, 1, 1, 3, 3, 0, 1, 1, 1, 0, 1, 1, 3, 0, 0, 0, 3, 0, 0, 1, 0, 0, 3, 1, 0, 3, 1, 1, 3, 1, 1, 1, 1, 3, 0, 0, 3, 3, 0, 3, 1, 3, 2, 0, 1, 3, 0, 0, 3, 1, 3, 3, 1, 1, 0, 3, 0, 3, 0, 0, 3, 0, 3, 3, 3, 2, 3, 3, 0, 2, 0, 3, 0, 1, 0, 3, 1, 2], "predicted_labels": [1, 1, 3, 1, 1, 0, 0, 3, 0, 0, 3, 1, 3, 3, 3, 3, 0, 3, 3, 1, 1, 3, 1, 1, 3, 0, 3, 1, 3, 3, 3, 3, 1, 3, 3, 1, 0, 3, 3, 3, 1, 3, 0, 1, 1, 3, 0, 1, 3, 3, 3, 1, 1, 1, 3, 0, 1, 0, 3, 0, 3, 3, 1, 0, 3, 3, 1, 2, 3, 1, 1, 3, 0, 1, 3, 1, 3, 3, 1, 1, 3, 3, 0, 0, 3, 1, 1, 3, 0, 1, 3, 3, 0, 0, 1, 3, 1, 0, 0, 1, 1, 1, 0, 1, 3, 3, 3, 3, 0, 0, 0, 1, 3, 3, 1, 0, 2, 1, 3, 1, 1, 0, 3, 1, 3, 1, 1, 0, 3, 0, 0, 3, 1, 1, 0, 1, 0, 3, 1, 0, 3, 1], "confidence_scores": [[0.2707277121848465, 0.27407250076988865, 0.22175075968265628, 0.23344902736260867], [0.2067747493829776, 0.29483497394295877, 0.26061926608733804, 0.23777101058672576], [0.21891308258546882, 0.27394898958850056, 0.20511994589221152, 0.30201798193381935], [0.19992442037205937, 0.32660118481160844, 0.22298217589040994, 0.25049221892592266], [0.20399000975035647, 0.28451428927033784, 0.275581532622026, 0.23591416835727969], [0.3062970060629034, 0.25702357643772955, 0.17023843473989994, 0.2664409827594671], [0.2781470826294114, 0.2761212820193206, 0.18706343004770504, 0.25866820530356305], [0.27744713824608846, 0.2020619320223196, 0.2314576796783169, 0.289033250053275], [0.29356173485821896, 0.23421942312265132, 0.180223080584508, 0.2919957614346217], [0.26969237656474676, 0.224653350658573, 0.24318327742714882, 0.26247099534953167], [0.2649083294771196, 0.20980470644408797, 0.24834007330351074, 0.27694689077528156], [0.23011312587208552, 0.28910202291508025, 0.2200778531735921, 0.2607069980392422], [0.21513817645534256, 0.2429824075953432, 0.23983943232638744, 0.302039983622927], [0.22277745455334141, 0.23049581388244714, 0.26403664128258475, 0.2826900902816267], [0.2527986037050108, 0.23875412175528532, 0.2366404847087877, 0.27180678983091644], [0.20354613327253346, 0.25941846446604255, 0.22224852525032837, 0.3147868770110959], [0.308261132911327, 0.23977315060929336, 0.19101657038323888, 0.2609491460961408], [0.2717886912818194, 0.23109153660668247, 0.2209022932108207, 0.27621747890067755], [0.18589075907256788, 0.27137035825415645, 0.2588172604394363, 0.28392162223383954], [0.21685761084178798, 0.28914489690069434, 0.2143133846002143, 0.2796841076573036], [0.2074192602782381, 0.2843929796145753, 0.22772277319773757, 0.2804649869094492], [0.22337740798771966, 0.2530956176500867, 0.23599229137834993, 0.2875346829838439], [0.20479607947485, 0.2886565160060853, 0.2730322970547873, 0.23351510746427726], [0.23361362769370916, 0.29388234612978353, 0.2361091624453179, 0.2363948637311892], [0.27435657742722563, 0.25894202304366215, 0.17208906291307685, 0.29461233661603575], [0.3146064608394067, 0.2654459656604074, 0.1515304125998133, 0.26841716090037254], [0.19066178140672527, 0.26898557323262223, 0.2586146020749597, 0.2817380432856929], [0.23635866886498366, 0.29820076987384714, 0.22840132148329573, 0.23703923977787367], [0.22258765049154813, 0.26355440578908795, 0.24174514419030288, 0.2721127995290614], [0.23546454797559188, 0.2519949803698994, 0.20802070440824202, 0.30451976724626667], [0.21659019372295865, 0.23320061206967746, 0.23365637240256773, 0.31655282180479616], [0.22851578457920788, 0.23292737539246178, 0.24620864950011015, 0.29234819052822014], [0.20148958701255537, 0.30667948012340257, 0.23453164189413717, 0.25729929096990495], [0.2098525268243381, 0.2938206259449249, 0.183701104059495, 0.31262574317124225], [0.2679447085189988, 0.23902728354690123, 0.19874780299688777, 0.29428020493721235], [0.16705150237111802, 0.3661667934117541, 0.20092864080257977, 0.26585306341454823], [0.27062597914797787, 0.2294438417793107, 0.2370265383158851, 0.2629036407568266], [0.2377010053536091, 0.2680446401588662, 0.22589505959761122, 0.2683592948899138], [0.30046367337768326, 0.2225598537042423, 0.16171092454342706, 0.3152655483746472], [0.24117119328324066, 0.2620487796266307, 0.2179931911107606, 0.27878683597936804], [0.21205137584544595, 0.32361293995582463, 0.18778280777273124, 0.27655287642599835], [0.24720651874112815, 0.2389150924229448, 0.23492301414676509, 0.27895537468916215], [0.33993794769999325, 0.2179504216310919, 0.15412256068098112, 0.2879890699879337], [0.23274685128345055, 0.2940695237274159, 0.2171109270982986, 0.256072697890835], [0.24425665269308222, 0.31237637828141446, 0.1646635421728205, 0.2787034268526831], [0.18384931777004837, 0.2865150840040875, 0.23218170159208182, 0.29745389663378263], [0.2843320723630666, 0.2505051381463217, 0.21414335566054998, 0.25101943383006203], [0.2332746343245246, 0.296075515949221, 0.20365226476354048, 0.2669975849627141], [0.23926612855749968, 0.24974627688185447, 0.22659089635190177, 0.2843966982087441], [0.22882100436963942, 0.25653003614260467, 0.17244047374993282, 0.34220848573782336], [0.2523791111714228, 0.24811122313306022, 0.21944906643805795, 0.2800605992574592], [0.2446783150724325, 0.2933999585269222, 0.1713948433280227, 0.29052688307262275], [0.24866404229177125, 0.29490187555788233, 0.18504767780640102, 0.2713864043439455], [0.24406665215957057, 0.2917325487039251, 0.17830162027680935, 0.2858991788596952], [0.278452518472272, 0.25096028288383565, 0.16655284195360637, 0.3040343566902861], [0.2710146771628349, 0.26568380873444825, 0.22993032112495154, 0.23337119297776554], [0.24147902591688866, 0.26640965005003325, 0.23714464157933324, 0.25496668245374526], [0.2948824143555258, 0.24721773691627333, 0.19650921122833473, 0.26139063749986624], [0.26637394677344955, 0.21407771375379914, 0.24940074136907472, 0.2701475981036767], [0.28764244988794074, 0.2531781023113755, 0.18488661803324136, 0.27429282976744224], [0.24085610198656898, 0.2944302764166776, 0.16220057552096784, 0.30251304607578566], [0.26279583039489746, 0.24277208344169765, 0.18126912251152055, 0.31316296365188434], [0.21812344810889692, 0.3036494753237934, 0.1923517746408165, 0.2858753019264933], [0.28091463360041663, 0.27635203242940964, 0.1662214262008457, 0.2765119077693281], [0.1901112766888041, 0.29235107748457223, 0.2239191855015294, 0.2936184603250942], [0.2291660508082161, 0.2868699900998856, 0.1618559448854755, 0.3221080142064228], [0.18653526976064494, 0.28656179648151187, 0.25474218751430866, 0.27216074624353465], [0.19607663041242604, 0.2841279228326976, 0.28946042446327425, 0.2303350222916021], [0.27596667289271165, 0.23610043999482944, 0.13313427009126258, 0.35479861702119636], [0.2319636917074127, 0.27094171856501753, 0.22752751105807095, 0.269567078669499], [0.25219780762882005, 0.30950252428223807, 0.21194686202618274, 0.22635280606275932], [0.23391711062395049, 0.24824882829370387, 0.2122785928294867, 0.3055554682528589], [0.27023268827959257, 0.24153260993155315, 0.23388177643157795, 0.2543529253572764], [0.23750467055898272, 0.28694537273418075, 0.2090775475466617, 0.26647240916017506], [0.24005635142597231, 0.250606065823718, 0.24050841306820575, 0.2688291696821039], [0.24993745742305454, 0.2822286333693908, 0.1860781363105139, 0.2817557728970408], [0.27465117944804196, 0.27353239991802747, 0.1652707207373213, 0.2865456998966092], [0.2211079343347114, 0.2847679921783334, 0.1838827613071867, 0.31024131217976875], [0.2690152381165025, 0.2803606176888305, 0.19778617133247228, 0.2528379728621948], [0.23452114593716933, 0.33406188617660854, 0.15555779260553623, 0.27585917528068593], [0.2755326425910235, 0.23372312109690202, 0.1757035750110667, 0.3150406613010078], [0.2302811761923309, 0.2624872644590639, 0.16296735821009148, 0.34426420113851386], [0.2797207893350829, 0.24816776301918198, 0.19769786597812447, 0.2744135816676104], [0.2873408662408552, 0.2259600186405831, 0.21978736294851398, 0.26691175217004776], [0.22617477080008533, 0.26545446829402963, 0.21984856121872834, 0.2885221996871567], [0.2820861945341412, 0.2831897785028832, 0.18612893867037708, 0.2485950882925985], [0.2535193757943969, 0.31718724937562026, 0.20309285901698465, 0.22620051581299844], [0.2712400487037651, 0.21559374247248056, 0.2210324779589074, 0.29213373086484706], [0.27848737449297, 0.2320027978004962, 0.22588609080258204, 0.2636237369039515], [0.23097823545074786, 0.29546111308676315, 0.23405424897566096, 0.23950640248682803], [0.2446150860234483, 0.24052216690975958, 0.22650097409660241, 0.28836177297018983], [0.2634228180655743, 0.2361544923995022, 0.2289287634845687, 0.27149392605035483], [0.28804346823402205, 0.23715508369868427, 0.200661709519635, 0.2741397385476589], [0.2979589615408203, 0.24818532371499988, 0.17299645561664767, 0.2808592591275321], [0.2656309988886336, 0.3051852272185381, 0.22463045911094018, 0.20455331478188798], [0.29337343591375753, 0.24654663183037176, 0.1594778245875947, 0.3006021076682761], [0.27557191741512543, 0.27962744867034955, 0.19181867999991326, 0.25298195391461187], [0.2835223969888682, 0.24142186338670996, 0.22892692197270542, 0.2461288176517164], [0.31646957933051945, 0.23166751373067618, 0.18085763301139618, 0.27100527392740825], [0.20626965473515674, 0.28873923910199084, 0.24308830642617787, 0.26190279973667485], [0.270038035439538, 0.2998050065982671, 0.19075199092850803, 0.2394049670336869], [0.24910465986677024, 0.30080286859766425, 0.20364264803541426, 0.2464498235001513], [0.3075499423476708, 0.2608983254402423, 0.16102720154497338, 0.27052453066711346], [0.24277764430879234, 0.29865441329483633, 0.19818402300407223, 0.26038391939229927], [0.241358875296673, 0.23703322509180794, 0.2169587031655537, 0.3046491964459656], [0.2545014777436674, 0.2405846967102911, 0.21211320848354606, 0.2928006170624956], [0.2104812925348709, 0.2551390263733924, 0.22501020333293117, 0.30936947775880563], [0.20531139250273514, 0.2767239633911329, 0.22946824161127286, 0.2884964024948592], [0.288733611186528, 0.22342075499199981, 0.2545012243229971, 0.23334440949847524], [0.31528056413682476, 0.2764079419096827, 0.18489637696732106, 0.22341511698617172], [0.30014263384890083, 0.24804564894093872, 0.18890563876891672, 0.26290607844124364], [0.22643082940897952, 0.32060360882006356, 0.21332437650409047, 0.23964118526686662], [0.2193459701152915, 0.24846262549520723, 0.24631473248855562, 0.2858766719009457], [0.24821059905044673, 0.2811503362158783, 0.16638180493874594, 0.3042572597949291], [0.23179021896678534, 0.2904028351659671, 0.19441753480567214, 0.2833894110615752], [0.28911427267268597, 0.24243174456356825, 0.20753129083352628, 0.2609226919302196], [0.24316498597923927, 0.21387611367066722, 0.27936097515917957, 0.2635979251909144], [0.25495587618701876, 0.26872351234054676, 0.21736482335395524, 0.2589557881184793], [0.25389192169667935, 0.27171583968360874, 0.18662802641971218, 0.2877642121999999], [0.21522280338374983, 0.28117325690974376, 0.23338550946377892, 0.2702184302427275], [0.24682999144673853, 0.2764301256585104, 0.20464982012964084, 0.27209006276511044], [0.2665576273963499, 0.24948082218562562, 0.21823382782292416, 0.26572772259510025], [0.2562108010254216, 0.25592616400004253, 0.21570589636099854, 0.2721571386135373], [0.26737170236775243, 0.2712770414069868, 0.1914433748514985, 0.26990788137376237], [0.2452875311533858, 0.2885763599477594, 0.14815899620781497, 0.3179771126910399], [0.2429811884172443, 0.2987535773873388, 0.2126583260147881, 0.2456069081806289], [0.2581994794506952, 0.2870934824194509, 0.20352315282931502, 0.25118388530053926], [0.2749773909889481, 0.2287009725964452, 0.2330836025685673, 0.26323803384603917], [0.22898991709066127, 0.28032470139761984, 0.19357575560766832, 0.2971096259040505], [0.271895832232741, 0.2549444909987962, 0.2223790404656291, 0.25078063630283404], [0.3093288986725516, 0.2245790777656097, 0.17939667334165021, 0.2866953502201885], [0.22246487641725893, 0.275306879118674, 0.2104906695630863, 0.2917375749009807], [0.20580321682287722, 0.34479110581299843, 0.15553434593355972, 0.2938713314305648], [0.20673310124716576, 0.2944212677710443, 0.23865191884747616, 0.2601937121343137], [0.32547510790924766, 0.2475986902513632, 0.16558127881811502, 0.26134492302127443], [0.24923604050941756, 0.3142848821206706, 0.1853879493973391, 0.25109112797257277], [0.3075512000664904, 0.24099853975368113, 0.175504111994156, 0.27594614818567265], [0.23905494868673238, 0.2531782007128737, 0.20910323080872467, 0.2986636197916693], [0.2650429048130861, 0.33251230986367, 0.17220139561718661, 0.23024338970605723], [0.3030762063015595, 0.2781714965487943, 0.1387737611519103, 0.279978535997736], [0.22689771653935562, 0.2658604349661005, 0.23947687436280454, 0.26776497413173944], [0.2064727966698331, 0.29346148769939956, 0.2562621853180982, 0.24380353031266958]]}}