{"test": {"ids": ["98106111", "105115380", "110114651", "113120070", "98111231", "107114490", "97105760", "113119700", "112120700", "112121010", "106117790", "108114270", "111115770", "97112300", "111120531", "108119330", "103111830", "102107961", "106115250", "97109570", "102109840", "103118291", "106116820", "106116441", "97107260", "112116640", "104119290", "98119591", "103111170", "102114270", "99107560", "105115680", "98120010", "110115980", "104116980", "111119340", "110117110", "100116790", "111121220", "97116790", "112118880", "99113260", "113119340", "113119120", "101121640", "106120640", "113122510", "101112540", "105118171", "110117870", "111120280", "109117150", "109118820", "110114950", "101111990", "110116300", "100116500", "111118820", "102113981", "106114321", "107113170", "103110840", "106118161", "101119030", "107114110", "101108950", "97116500", "100108580", "109113931", "108120621", "100111390", "108113740", "107113200", "98107210", "107120010", "98113881", "98107410", "105115570", "97109080", "108114360", "108115880", "97105580", "108119510", "104109311", "105112240", "112118511", "107118520", "101108621", "98108370", "109117080", "106119990", "100109801", "102112301", "107114621", "101108460", "107114200", "112121430", "107120260", "105110091", "109119340", "112119980", "100109910", "112120540", "102112250", "111120220", "101111310", "110117140", "99107660", "99109780", "105116860", "108118060", "113118690", "108120700", "113121010", "110115580", "112117210", "98110810", "109114720", "109114220", "100109980", "107112840", "111117571", "102113350", "101110150", "110118111", "110117200", "112119580", "103113270", "99111440", "111116290", "110118450", "108121190", "111121930", "100113370", "101119591", "100120010", "101109120", "105113260", "99108710", "110115890", "112120640", "110117500"], "labels": [0, 1, 3, 2, 1, 3, 0, 0, 2, 2, 1, 3, 3, 2, 0, 0, 3, 3, 2, 0, 2, 0, 1, 0, 2, 0, 1, 1, 2, 3, 1, 2, 2, 1, 1, 3, 0, 2, 3, 2, 1, 0, 0, 3, 2, 3, 2, 2, 3, 3, 0, 2, 3, 0, 2, 3, 2, 0, 1, 2, 0, 1, 3, 3, 1, 2, 2, 0, 1, 1, 2, 3, 0, 1, 1, 3, 3, 0, 2, 1, 3, 1, 1, 3, 1, 1, 2, 0, 1, 1, 0, 0, 1, 0, 0, 2, 2, 1, 0, 3, 0, 2, 3, 0, 3, 3, 3, 3, 2, 2, 1, 3, 2, 2, 1, 1, 1, 0, 3, 1, 1, 3, 3, 1, 1, 3, 3, 2, 3, 2, 0, 1, 1, 3, 0, 0, 1, 3, 2, 2, 0, 1], "predicted_labels": [3, 3, 1, 1, 0, 1, 0, 1, 1, 3, 1, 3, 0, 3, 3, 3, 3, 3, 1, 0, 1, 1, 3, 1, 3, 1, 1, 0, 0, 3, 1, 1, 3, 1, 1, 0, 1, 3, 3, 1, 1, 3, 0, 0, 3, 3, 3, 3, 3, 3, 1, 1, 1, 3, 1, 3, 3, 1, 1, 0, 0, 1, 3, 1, 0, 1, 1, 3, 1, 3, 3, 0, 1, 3, 1, 1, 3, 1, 3, 3, 3, 1, 3, 3, 3, 3, 1, 0, 3, 1, 1, 3, 3, 0, 3, 1, 1, 3, 3, 3, 1, 3, 1, 3, 1, 3, 1, 0, 1, 1, 3, 1, 0, 3, 3, 1, 1, 3, 3, 3, 3, 1, 3, 1, 0, 3, 1, 1, 1, 1, 3, 1, 1, 1, 3, 3, 3, 3, 1, 1, 1, 1], "confidence_scores": [[0.24753153790653798, 0.246480930833872, 0.2101599144319733, 0.2958276168276169], [0.20284559884559886, 0.2721189096850863, 0.21887745098039216, 0.30615804048892287], [0.22847135217723463, 0.3098424047357871, 0.1583550811933164, 0.3033311618936619], [0.22219587357087367, 0.3311023282273282, 0.14251452713952717, 0.304187271062271], [0.3498830744418979, 0.1985047403576816, 0.17081149977473506, 0.2808006854256854], [0.2146527777777777, 0.3345349025974027, 0.15566702741702743, 0.2951452922077922], [0.3495291028416028, 0.24431980519480528, 0.1498731962481962, 0.2562778957153957], [0.211822601010101, 0.34641152597402597, 0.1573187229437229, 0.28444715007215], [0.1903247585747586, 0.3462201340326341, 0.15961062956651192, 0.30384447782609547], [0.2108303779553779, 0.27518836718836726, 0.2071548451548451, 0.3068264097014098], [0.19862215072509187, 0.316072349219408, 0.2357268613739203, 0.24957863868157987], [0.22958351370851385, 0.2977640692640693, 0.17060933510933507, 0.30204308191808193], [0.30342689255189265, 0.2830939754689754, 0.12472209734709738, 0.2887570346320346], [0.21881347125097128, 0.2082247474747474, 0.22390499777999773, 0.34905678349428354], [0.2491401515151515, 0.27488428932178943, 0.13722168109668106, 0.338753878066378], [0.2275510669885669, 0.27932713120213126, 0.15572258297258293, 0.3373992188367188], [0.2736011002886002, 0.23655077561327562, 0.21509000721500712, 0.2747581168831169], [0.25416029803529805, 0.2862774170274171, 0.1450211038961039, 0.314541181041181], [0.23708432539682542, 0.3219192682317683, 0.16787907925407922, 0.2731173271173272], [0.3426205461205462, 0.18592669830169828, 0.19701638639138644, 0.2744363691863691], [0.2462963001051237, 0.3213278894308307, 0.1590881953014305, 0.27328761516261524], [0.2716815476190477, 0.28240130008880016, 0.16515836940836942, 0.2807587828837829], [0.23179439310689318, 0.2813136585636587, 0.185099019036519, 0.30179292929292934], [0.2506952345040581, 0.32184191706985826, 0.1387751056133409, 0.2886877428127428], [0.2297522755022755, 0.23884335364927461, 0.24254852092352114, 0.28885584992492885], [0.21222492784992777, 0.2906049228549228, 0.21007463369963386, 0.2870955155955156], [0.2155556388056388, 0.30747087716205374, 0.22221676444470564, 0.25475671958760193], [0.2805805713893949, 0.2459487546766958, 0.19443182389505917, 0.27903885003885004], [0.31540304834054844, 0.28126821789321793, 0.14056687756687755, 0.2627618561993562], [0.23589770523594056, 0.27213118417530185, 0.20852530720913076, 0.283445803379627], [0.2165959249084249, 0.311822496947497, 0.1728734668109668, 0.2987081113331115], [0.20741329503829498, 0.3083097050008815, 0.1853900217429629, 0.29888697821786053], [0.27523124098124097, 0.2425904104065869, 0.17253865089159207, 0.3096396977205801], [0.21412240537240532, 0.32494900932400933, 0.17958370795870796, 0.2813448773448775], [0.16635732323232325, 0.33892585886335896, 0.19789124070374067, 0.29682557720057723], [0.27460618548118554, 0.2555950152788388, 0.20920212630506754, 0.2605966729349082], [0.24553052503052517, 0.2999874488256841, 0.16351921199715316, 0.2909628141466378], [0.21875027056277058, 0.28752050727050726, 0.14360128066378064, 0.3501279415029417], [0.2593318972693973, 0.29921552752802755, 0.11990824453324452, 0.32154433066933075], [0.17281673881673879, 0.32692092833636965, 0.23469214608920497, 0.2655701867576868], [0.2742248168498169, 0.3001916416916418, 0.13370131257631257, 0.291882228882229], [0.19940797397047402, 0.25813844570462224, 0.20915600575894688, 0.333297574565957], [0.30401162644545004, 0.26204692121603895, 0.1785820437732202, 0.25535940856529094], [0.31673812992563005, 0.30910443722943737, 0.13393979631479627, 0.2402176365301366], [0.22690287490287492, 0.26705315517815525, 0.21540583721833728, 0.2906381327006328], [0.19661489898989895, 0.28305298255665895, 0.2110370830150242, 0.3092950354384179], [0.18073598623598613, 0.3191202200577201, 0.17824366605616604, 0.32190012765012754], [0.2283958333333333, 0.2847847222222223, 0.19118412143412145, 0.2956353230103231], [0.28435472044295584, 0.2553916459357636, 0.1573105219943455, 0.30294311162693516], [0.21108681596181594, 0.27759079115329116, 0.212991563991564, 0.2983308288933289], [0.25466980241980247, 0.3082315323565325, 0.16158932040182042, 0.27550934482184497], [0.23419877344877343, 0.3454711399711401, 0.15159000721500715, 0.2687400793650795], [0.21965202158952157, 0.3019847444222445, 0.18263585434173668, 0.2957273796464974], [0.22891229522111878, 0.2736460391174014, 0.2001584216437158, 0.29728324401776424], [0.2256593031151855, 0.2772032452841277, 0.23223737945061468, 0.26490007215007216], [0.24284357309357318, 0.27994124502948037, 0.1810659083563496, 0.2961492735205972], [0.21944744144744147, 0.23835221722721728, 0.21941042291042293, 0.3227899184149185], [0.2714871031746033, 0.3129337121212122, 0.14126574814074813, 0.2743134365634367], [0.2757205988455989, 0.2965457597957598, 0.1368669149477973, 0.2908667264108441], [0.34010912698412704, 0.29596201714951703, 0.15580557636807632, 0.2081232794982795], [0.35177546758796757, 0.2271853354978354, 0.12789128926628923, 0.2931479076479076], [0.27109222721722714, 0.2947720057720058, 0.16800930034018272, 0.26612646667058437], [0.2889343503718504, 0.2687565143190144, 0.14977683427683425, 0.29253230103230105], [0.2626303765678767, 0.28232003617297735, 0.19563359353065235, 0.2594159937284937], [0.31672245809745825, 0.2804588189588189, 0.13574020424020422, 0.26707851870351873], [0.17938401875901874, 0.30690548340548357, 0.21414793539793542, 0.2995625624375625], [0.24674278499278504, 0.3021047820643408, 0.1839018155047567, 0.26725061743811745], [0.2063843933843935, 0.29938647463647466, 0.18755525030525025, 0.30667388167388177], [0.2328282550782551, 0.3142285353535355, 0.16090331890331885, 0.2920398906648907], [0.2801128246753246, 0.2680535989638157, 0.1260128364282776, 0.32582073993258204], [0.24523710317460332, 0.23623331529581526, 0.14462842712842713, 0.37390115440115435], [0.31441529304029303, 0.24389304241510135, 0.1704220730250141, 0.27126959151959157], [0.21185002497502503, 0.3189908563658565, 0.15074757187257187, 0.3184115467865469], [0.20756962481962474, 0.2803322372072372, 0.21985821817071824, 0.29223991980242], [0.22962885643768, 0.2974828317107729, 0.19725217021540545, 0.27563614163614164], [0.21343926906426916, 0.2933262992167791, 0.20416392839186956, 0.28907050332708234], [0.2853779276279277, 0.22338528138528135, 0.19633841158841153, 0.29489837939837943], [0.19130753968253963, 0.3497221952883717, 0.16151298211592327, 0.29745728291316514], [0.24484258103008114, 0.2803710872460874, 0.19303921772671767, 0.28174711399711405], [0.2256942640692641, 0.26128440921823276, 0.16580385790679913, 0.3472174688057041], [0.19958521339771337, 0.2574724927849928, 0.22607932345432338, 0.3168629703629705], [0.27396112914862913, 0.2934803391053392, 0.19627088189588196, 0.23628764985014997], [0.27963668194550556, 0.24635851158645278, 0.18452140098463624, 0.2894834054834056], [0.29020790320790324, 0.2385452741702743, 0.16065963611551845, 0.31058718650630424], [0.2116405122655123, 0.257017857142857, 0.17689983627483624, 0.35444179431679435], [0.24727199761023297, 0.2862252461590698, 0.1687697621006445, 0.29773299413005305], [0.2645509906759907, 0.3003223937010702, 0.15629507502301623, 0.27883154059992304], [0.30699356199356204, 0.2594857919857921, 0.15819899544899546, 0.27532165057165053], [0.24754131979131977, 0.23322372072372086, 0.20757683982683986, 0.31165811965811974], [0.22103991841491838, 0.3236155303030304, 0.2266005383505383, 0.22874401293151309], [0.23333832833832838, 0.3077123015873018, 0.19575464812964818, 0.2631947219447221], [0.2485925324675325, 0.2571132756132756, 0.17254527417027418, 0.3217489177489178], [0.2581572316572316, 0.24365435871318233, 0.1625332049486461, 0.33565520468094], [0.3864122266622267, 0.23180050505050506, 0.11949825174825172, 0.26228901653901654], [0.23781300643800646, 0.27803006715506706, 0.18503532578532575, 0.2991216006216007], [0.251219807969808, 0.34559720834720836, 0.1501115551115551, 0.2530714285714286], [0.2253418248418248, 0.31127691834309473, 0.2101587668867081, 0.2532224899283723], [0.2024621212121213, 0.3003158785658786, 0.18827138139638153, 0.30895061882561886], [0.25627020202020206, 0.2995321067821068, 0.14386528749028746, 0.3003324037074037], [0.24042465867465876, 0.2657934426684427, 0.14288082750582748, 0.3509010711510712], [0.26515850734233093, 0.29299722010016127, 0.16566010949834478, 0.2761841630591631], [0.20544805888555895, 0.2738038003663005, 0.20742622655122664, 0.3133219141969142], [0.2654468031968032, 0.278711815961816, 0.18792726717726715, 0.26791411366411366], [0.30348685342435344, 0.26709828540053004, 0.1256638867668279, 0.3037509744082887], [0.23778829503829502, 0.3426906010656012, 0.15394558219558216, 0.2655755217005218], [0.2448171191553544, 0.2783101432880845, 0.1891516302325125, 0.28772110732404854], [0.25980014430014436, 0.31113215950715956, 0.1331406926406926, 0.2959270035520035], [0.3289452353202353, 0.2529432511932512, 0.18274884837384836, 0.23536266511266515], [0.22373437673437674, 0.3285425497704911, 0.19528555268261147, 0.25243752081252074], [0.2311750610500611, 0.3054889971139972, 0.19216443278943277, 0.27117150904650905], [0.23647375541125545, 0.24448430735930743, 0.16204761904761905, 0.35699431818181815], [0.22239954489954486, 0.3029016955266956, 0.18250281662781667, 0.292195942945943], [0.47302092352092345, 0.29227435064935053, 0.11190476190476187, 0.12279996392496391], [0.220250444000444, 0.27601366862841326, 0.19514906825200953, 0.3085868191191334], [0.1824351898101898, 0.2595787545787546, 0.20649525964231846, 0.3514907959687373], [0.2362486124986126, 0.30994169025419027, 0.15306265956265952, 0.30074703768453764], [0.24036302586302585, 0.293581043956044, 0.20440476190476192, 0.26165116827616836], [0.20528020590520582, 0.31135897517515176, 0.13454474202268318, 0.3488160768969593], [0.19743759712509712, 0.2725417776667777, 0.14695164557664558, 0.3830689796314797], [0.2631851967476968, 0.2456241883116884, 0.1676577172827172, 0.3235328976578977], [0.2042997557997558, 0.29683064158064165, 0.16519136419136418, 0.33367823842823846], [0.2344261571761571, 0.30819527694527715, 0.17970217282717282, 0.277676393051393], [0.21217687867687865, 0.2747949689199691, 0.2003015081323905, 0.3127266442707619], [0.28861976911976917, 0.2992683982683984, 0.1745688131313132, 0.23754301948051945], [0.31083676046176045, 0.2909267676767677, 0.138258547008547, 0.2599779248529248], [0.26013607226107227, 0.2680902006490241, 0.18320382395382392, 0.2885699031360798], [0.2228852397602398, 0.3154981774761187, 0.19831464858670741, 0.26330193417693426], [0.1923977411477412, 0.3034968642468641, 0.21057178932178944, 0.2935336052836053], [0.22645222832722836, 0.34374463036963043, 0.15120465645465642, 0.2785984848484849], [0.2350482572982572, 0.3266653534374124, 0.16236758584552702, 0.2759188034188034], [0.254933621933622, 0.2849725274725275, 0.1500438311688311, 0.31005001942501953], [0.2378518981018981, 0.3223787462537463, 0.1558748751248751, 0.2838944805194805], [0.23942784992785002, 0.3084862914862916, 0.19576497113997113, 0.2563208874458876], [0.21922134115884118, 0.29337025474525474, 0.2071141844266844, 0.28029421966921975], [0.2841035353535354, 0.24962075424575425, 0.1537132312132312, 0.3125624791874793], [0.22788346375846377, 0.2131695942945943, 0.2710268342768343, 0.2879201076701078], [0.1906489205239206, 0.3190147907647908, 0.1602603687162511, 0.33007591999503766], [0.25645267232767227, 0.2547574508824511, 0.19256421356421363, 0.29622566322566335], [0.2145784285159285, 0.3294477466977467, 0.19475517538017542, 0.2612186494061494], [0.21132034632034635, 0.3498161005661007, 0.17369839882339877, 0.2651651542901543], [0.2968609307359309, 0.29788540626040627, 0.1324861111111111, 0.272767551892552], [0.2637870670995671, 0.32028202608794715, 0.1618436147186147, 0.2540872920938711]]}, "rewritten": {"ids": ["97105580", "97105760", "97107260", "97109080", "97109570", "97112300", "97116500", "97116790", "98106111", "98107210", "98107410", "98108370", "98110810", "98111231", "98113881", "98119591", "98120010", "99107560", "99107660", "99108710", "99109780", "99111440", "99113260", "100108580", "100109801", "100109910", "100109980", "100111390", "100113370", "100116500", "100116790", "100120010", "101108460", "101108621", "101108950", "101109120", "101110150", "101111310", "101111990", "101112540", "101119030", "101119591", "101121640", "102107961", "102109840", "102112250", "102112301", "102113350", "102113981", "102114270", "103110840", "103111170", "103111830", "103113270", "103118291", "104109311", "104116980", "104119290", "105110091", "105112240", "105113260", "105115380", "105115570", "105115680", "105116860", "105118171", "106114321", "106115250", "106116441", "106116820", "106117790", "106118161", "106119990", "106120640", "107112840", "107113170", "107113200", "107114110", "107114200", "107114490", "107114621", "107118520", "107120010", "107120260", "108113740", "108114270", "108114360", "108115880", "108118060", "108119330", "108119510", "108120621", "108120700", "108121190", "109113931", "109114220", "109114720", "109117080", "109117150", "109118820", "109119340", "110114651", "110114950", "110115580", "110115890", "110115980", "110116300", "110117110", "110117140", "110117200", "110117500", "110117870", "110118111", "110118450", "111115770", "111116290", "111117571", "111118820", "111119340", "111120220", "111120280", "111120531", "111121220", "111121930", "112116640", "112117210", "112118511", "112118880", "112119580", "112119980", "112120540", "112120640", "112120700", "112121010", "112121430", "113118690", "113119120", "113119340", "113119700", "113120070", "113121010", "113122510"], "labels": [1, 0, 2, 2, 0, 2, 2, 2, 0, 1, 3, 1, 1, 1, 3, 1, 2, 1, 3, 2, 2, 3, 0, 0, 0, 2, 1, 2, 3, 2, 2, 0, 0, 0, 2, 1, 1, 3, 2, 2, 3, 0, 2, 3, 2, 0, 1, 3, 1, 3, 1, 2, 3, 2, 0, 3, 1, 1, 0, 1, 3, 1, 0, 2, 2, 3, 2, 2, 0, 1, 1, 3, 0, 3, 1, 0, 0, 1, 2, 3, 0, 2, 1, 1, 3, 3, 1, 3, 1, 0, 1, 1, 2, 1, 1, 3, 0, 1, 2, 3, 3, 3, 0, 1, 2, 1, 3, 0, 3, 3, 1, 3, 1, 0, 3, 2, 3, 0, 3, 3, 0, 0, 3, 1, 0, 1, 1, 1, 3, 0, 3, 0, 2, 2, 2, 3, 3, 0, 0, 2, 2, 2], "predicted_labels": [1, 1, 1, 1, 3, 3, 3, 1, 3, 3, 0, 3, 1, 0, 1, 3, 3, 0, 0, 1, 1, 0, 3, 1, 3, 3, 3, 3, 3, 3, 3, 2, 1, 0, 3, 1, 1, 0, 1, 3, 1, 3, 3, 0, 1, 3, 0, 1, 0, 1, 0, 0, 0, 1, 1, 0, 1, 1, 1, 3, 3, 3, 1, 1, 1, 0, 0, 3, 3, 3, 1, 0, 3, 1, 1, 3, 3, 0, 1, 1, 0, 1, 0, 3, 0, 3, 0, 3, 3, 3, 0, 0, 0, 3, 3, 3, 1, 1, 0, 1, 3, 1, 3, 3, 1, 1, 3, 1, 3, 3, 1, 1, 0, 1, 0, 3, 1, 3, 3, 1, 1, 3, 1, 3, 3, 1, 3, 3, 1, 1, 3, 0, 1, 3, 1, 3, 3, 3, 1, 1, 1, 1], "confidence_scores": [[0.262311598124098, 0.28767775974025983, 0.18881861194361207, 0.26119203019203024], [0.2922444083694084, 0.29370701520701525, 0.15957377344877346, 0.2544748029748031], [0.2380380591630592, 0.31947429653679643, 0.20713672438672448, 0.23535091991341994], [0.2572961552336554, 0.2782781940281942, 0.18826187007437006, 0.27616378066378067], [0.27436075036075036, 0.21874175824175823, 0.21250450937950954, 0.29439298201798203], [0.29335588023088033, 0.20790173715173707, 0.19124407536907534, 0.3074983072483073], [0.2697729076479078, 0.27497797831253706, 0.17752197720580074, 0.27772713683375444], [0.2662920274170275, 0.2768794351073763, 0.20917864570070452, 0.24764989177489183], [0.2801924880674881, 0.2107639949919361, 0.1896388799109387, 0.31940463702963706], [0.2530804473304473, 0.26728826035076036, 0.20052528027528024, 0.279106012043512], [0.4067356434415259, 0.2369589895398719, 0.1465906234288587, 0.20971474358974354], [0.2514085150960152, 0.25423371073371087, 0.16333170995670993, 0.3310260642135642], [0.2641903790653792, 0.2749330808080809, 0.19346223221223233, 0.2674143079143079], [0.33245987672458255, 0.2135683197521433, 0.18718789298936359, 0.2667839105339106], [0.22961387223887222, 0.2894259539480128, 0.1953793934823346, 0.2855807803307804], [0.2738605006105006, 0.25239639527139535, 0.1904532828282828, 0.2832898212898213], [0.2695432900432901, 0.24213414363414348, 0.18874967393717396, 0.2995728923853924], [0.2713606254856256, 0.27110048203430553, 0.19814243599537715, 0.25939645648469184], [0.35114683927183926, 0.2254776334776335, 0.156911852036852, 0.2664636752136753], [0.21730479936729935, 0.29375474525474526, 0.21525481462981466, 0.2736856407481407], [0.21508008658008657, 0.33681112819928616, 0.20670923520923515, 0.24139955001139213], [0.2830940725940726, 0.26457069319569326, 0.17111598124098124, 0.281219252969253], [0.2160986223743577, 0.24056347329141456, 0.2472543608352432, 0.2960835434989848], [0.23474696137196152, 0.2747713952713953, 0.22107081807081802, 0.26941082528582533], [0.267182178932179, 0.22059776334776338, 0.1827979797979798, 0.32942207792207795], [0.2409991883116883, 0.2677208694083695, 0.1975898268398269, 0.2936901154401154], [0.25111385836385836, 0.24660077422577426, 0.2327822594072594, 0.269503108003108], [0.2870804514113338, 0.24480721076309306, 0.13949734171057698, 0.3286149961149961], [0.225671737984238, 0.2704382561882561, 0.20538817432567436, 0.2985018315018316], [0.22133560883560885, 0.20469462481962483, 0.20592232767232774, 0.36804743867243883], [0.25009974747474767, 0.24252720808603168, 0.1823318160597573, 0.3250412283794637], [0.21697397047397046, 0.23538930513930523, 0.2838022671772673, 0.2638344572094573], [0.28439309301809296, 0.28709458596958604, 0.16237806637806632, 0.2661342546342547], [0.2861305916305916, 0.24207760295260294, 0.18900178987678987, 0.2827900155400156], [0.19702176173499703, 0.29656540191834335, 0.19895115015703246, 0.30746168618962744], [0.28794544344544354, 0.3407098873348873, 0.16669218689806925, 0.2046524823216], [0.2836284271284272, 0.31534108946608963, 0.14743290043290044, 0.25359758297258295], [0.3262191754324108, 0.2595581452860864, 0.18385718856307098, 0.23036549071843193], [0.2634706543456543, 0.28402331002331005, 0.18986814574314567, 0.26263788988788983], [0.2043452589077589, 0.2807088675213676, 0.19838986013986012, 0.31655601343101347], [0.24854109085359094, 0.28562018047312165, 0.19972752737458616, 0.2661112012987013], [0.2657825230325231, 0.26447241647241637, 0.1679392968142968, 0.30180576368076373], [0.2594666860916861, 0.23873014485514496, 0.18799674630924634, 0.31380642274392284], [0.28924224386724395, 0.2758793290043291, 0.15291143578643573, 0.2819669913419913], [0.23201516457398808, 0.29497492784992785, 0.17888596697420223, 0.29412394060188196], [0.2999543650793651, 0.26153291153291164, 0.130123556998557, 0.30838916638916636], [0.38674725274725275, 0.27054925058601537, 0.15401015651015648, 0.18869334015657555], [0.22162031024531037, 0.3066131646131647, 0.20487283549783564, 0.26689368964368965], [0.3068911088911089, 0.25665001665001663, 0.14538260758848992, 0.29107626687038446], [0.22598809523809524, 0.32953872597990264, 0.22294663179957305, 0.2215265469824293], [0.27963684926184923, 0.2769345238095239, 0.17511980095068322, 0.2683088259779437], [0.34336027861027874, 0.25065945165945164, 0.17798354423354426, 0.22799672549672542], [0.31324888306138304, 0.2208301955397543, 0.19967416815210928, 0.26624675324675334], [0.17900786019536016, 0.31010486123353764, 0.21587095747389873, 0.2950163210972036], [0.2399218420468421, 0.30935535991785984, 0.1687542665667666, 0.28196853146853157], [0.3414166666666667, 0.24311015373515377, 0.12483676046176041, 0.2906364191364192], [0.24303713647463654, 0.317788377472201, 0.16812651441695559, 0.2710479716362071], [0.21945267232767235, 0.34986137473637485, 0.16031481018981023, 0.2703711427461428], [0.2816351565101565, 0.32317593517593524, 0.15536045898545894, 0.2398284493284494], [0.17213041125541126, 0.25662121212121214, 0.21411700799200795, 0.35713136863136874], [0.2433082056832057, 0.23149346405228768, 0.205314416792358, 0.31988391347214884], [0.21941723064517174, 0.2881799638270227, 0.19831376956376953, 0.29408903596403596], [0.24294302225552222, 0.2965666216952982, 0.1776535915065326, 0.2828367645426469], [0.24092243867243865, 0.29724157786657784, 0.18961550949050948, 0.27222047397047405], [0.24943942168942157, 0.3134389083139085, 0.17436700799200794, 0.2627546620046621], [0.3910440115440116, 0.27369696969696966, 0.13942021867021862, 0.1958388000888001], [0.3414653679653681, 0.2644382076257075, 0.15623820623820617, 0.2378582181707182], [0.28633441558441564, 0.2852790265290265, 0.12463268675768675, 0.30375387112887114], [0.27040530303030313, 0.24133071013953372, 0.17681783698327816, 0.3114461498468852], [0.2380010475635477, 0.268059370368194, 0.19343300653594775, 0.3005065755323108], [0.23947564935064936, 0.31578733766233774, 0.1905704018204018, 0.25416661116661116], [0.38439369658119654, 0.20766910173160175, 0.13196421633921634, 0.27597298534798537], [0.25461249861249863, 0.2761248196248196, 0.1843423520923521, 0.2849203296703298], [0.2506033966033966, 0.28006494812377164, 0.18994475867269986, 0.27938689660013183], [0.2216169386169386, 0.3054579725829727, 0.2115699855699856, 0.2613551032301032], [0.3088493520368519, 0.2255391344766344, 0.14842399267399262, 0.3171875208125208], [0.22453330003330002, 0.30039862914862925, 0.16419218281718273, 0.3108758880008881], [0.35681174381174396, 0.2820836385836386, 0.1430042735042735, 0.218100344100344], [0.24184318459318457, 0.290927725052725, 0.1790300255300255, 0.28819906482406477], [0.21428391053391047, 0.3291545815295816, 0.13276984126984126, 0.3237916666666665], [0.4189196775446775, 0.1930617201426025, 0.12013750138750137, 0.2678811009252186], [0.2663486305361306, 0.2989034915248151, 0.1421160873440285, 0.2926317905950259], [0.3582557720057719, 0.26744751082251084, 0.16905645743145736, 0.20524025974025978], [0.283105130980131, 0.2447311667091079, 0.163686582208641, 0.3084771201021201], [0.3257562576312576, 0.25567394207100097, 0.15619724638106988, 0.26237255391667164], [0.25588275613275635, 0.2675838744588745, 0.16377708402708396, 0.3127562853812854], [0.30226424963924964, 0.2490197433285669, 0.1750966206995619, 0.2736193863326216], [0.25671112914862904, 0.28954301948051947, 0.15689087301587296, 0.2968549783549784], [0.243597243034743, 0.2201174658674659, 0.19652848540348533, 0.3397568056943057], [0.23143616106116105, 0.2762923138952551, 0.17058838873544752, 0.32168313630813633], [0.36019259825142164, 0.2129432879212291, 0.16234304176215936, 0.2645210720651898], [0.30604587773337777, 0.2574548425430778, 0.1801316342970755, 0.2563676454264691], [0.49256991619491614, 0.28384145021645013, 0.10061417748917745, 0.12297445609945608], [0.24724819624819627, 0.2907285353535353, 0.12290061327561329, 0.33912265512265505], [0.25852110389610394, 0.2521484487734489, 0.2040975829725829, 0.2852328643578643], [0.2427715062715064, 0.24301698301698313, 0.1627456987456987, 0.35146581196581184], [0.23610948773448778, 0.3409023962148964, 0.19798277417027418, 0.2250053418803419], [0.2409652847152847, 0.29769787157287175, 0.18207503607503603, 0.2792618076368078], [0.31179324841824846, 0.2618378288378289, 0.17644305694305695, 0.24992586580086587], [0.2469972319347319, 0.2832607184482185, 0.2152366077549902, 0.25450544186205953], [0.22197943722943722, 0.30949531024531035, 0.1556363636363636, 0.3128888888888891], [0.25975905058993304, 0.2884600995409819, 0.16693835902659426, 0.2848424908424908], [0.27477579365079374, 0.25470275119617225, 0.17312796027501912, 0.2973934948780151], [0.2145482503607504, 0.27087240047534167, 0.21239210381122145, 0.30218724535268665], [0.24962992562992573, 0.3446505577755578, 0.14519859307359298, 0.26052092352092354], [0.21478156565656564, 0.3416124292374292, 0.1809494394494395, 0.26265656565656575], [0.24641704129204137, 0.2774111223743577, 0.14694613923658037, 0.32922569709702065], [0.24136340048840055, 0.3178096486846488, 0.17314044289044286, 0.26768650793650806], [0.2517063977688978, 0.2682431318681319, 0.11483122433122434, 0.3652192460317461], [0.24448906648906654, 0.27309279527661884, 0.13791008501302615, 0.34450805322128863], [0.2670139790764791, 0.3130053210678212, 0.15965115440115438, 0.26032954545454556], [0.22792599067599062, 0.30730284992784995, 0.21281037018537016, 0.25196078921078935], [0.39772262459762453, 0.2629387597696421, 0.15689376309964542, 0.18244485253308787], [0.2381966228216229, 0.3396230158730158, 0.15950283050283048, 0.26267753080253087], [0.3416710511710512, 0.2415091991341992, 0.13578349428349426, 0.28103625541125543], [0.26558189033189034, 0.2654505853623501, 0.20156080031080023, 0.2674067239949593], [0.19138492063492063, 0.33198369685869705, 0.18724195249195252, 0.28938943001442996], [0.2543620684870686, 0.2686822691197691, 0.18459070790320795, 0.29236495448995453], [0.23925438450438455, 0.28291494534876893, 0.18521926194720315, 0.29261140819964354], [0.2728517316017316, 0.29363257575757584, 0.17916901154401163, 0.254346681096681], [0.26660341047841046, 0.29513299200799215, 0.16985263347763355, 0.2684109640359641], [0.25885155122655124, 0.2615724206349207, 0.15739911477411478, 0.3221769133644134], [0.26012319624819624, 0.31481793206793207, 0.1507450188700189, 0.27431385281385284], [0.2753486097236097, 0.2535440115440116, 0.1902489177489177, 0.2808584609834611], [0.2164819992099404, 0.29234810124516, 0.18679370629370634, 0.3043761932511932], [0.22539305139305144, 0.31534234515484516, 0.15454391441891438, 0.30472068903318905], [0.2418264154146507, 0.23514732408114766, 0.20048657306745546, 0.3225396874367463], [0.27065376290376286, 0.25156171606171623, 0.14455418192918193, 0.3332303391053392], [0.23462351537351547, 0.2652660207439619, 0.23938439828145708, 0.26072606560106576], [0.24683207070707072, 0.33033676046176047, 0.13857864357864355, 0.2842525252525253], [0.28015909090909086, 0.22934800493624022, 0.15105981028775142, 0.3394330938669174], [0.34151295926295944, 0.2574858474858475, 0.133396645021645, 0.2676045482295483], [0.2042398989898989, 0.33969284188034193, 0.22192743367743378, 0.23413982545232553], [0.20204107004107005, 0.30236273448773454, 0.19105158730158728, 0.30454460816960827], [0.24505620768120762, 0.2659566275228039, 0.2405933184462596, 0.24839384634972878], [0.2587652902652902, 0.23625251137751138, 0.2089282661782662, 0.2960539321789323], [0.285507332944833, 0.22763482350982348, 0.1783088994338995, 0.3085489441114443], [0.2569674006549007, 0.28744084570400363, 0.1600106629481629, 0.29558109069293276], [0.2283938492063492, 0.2990780122655123, 0.19317379148629146, 0.279354347041847], [0.26725992063492066, 0.31313193750693746, 0.18427487789987787, 0.235333263958264], [0.24529183316683315, 0.31694431263181255, 0.15483436008436005, 0.28292949411699414], [0.19747967310467301, 0.35144069900687563, 0.17734469207263326, 0.27373493581581815]]}}