{"test": {"ids": ["110118701", "101121640", "111114171", "111120640", "111120280", "110121140", "97112170", "107118820", "107120260", "113121680", "113121980", "99111000", "103111540", "107112840", "100110050", "99121440", "113118111", "110113931", "101116130", "103109791", "112118880", "98108970", "113121810", "106121190", "106121220", "98110710", "99108010", "108117451", "108118291", "105113330", "104117630", "102109910", "101110740", "102113981", "108120621", "107113200", "106116850", "102116340", "98109311", "110114720", "106114321", "98111231", "101110200", "107119390", "104113190", "98112300", "101108950", "109115070", "99108310", "100109980", "99111620", "102113210", "108115570", "113122180", "97106000", "103113101", "104110960", "113120070", "107114321", "104119290", "111121220", "111119340", "99107950", "111116110", "102110750", "98117740", "99109740", "112117580", "113118511", "110115710", "106118520", "104114320", "107119130", "108114220", "100113210", "113122320", "112118421", "113121750", "112121410", "112118581", "108120260", "112116610", "99108080", "107114621", "97107920", "102111990", "106114880", "112117471", "112121351", "113120280", "112118161", "112119930", "112118890", "113122650", "106113260", "112118930", "111116010", "110121720", "110117110", "103111620", "102112250", "112116800", "105110091", "97108520", "97111790", "107121640", "111116640", "100108580", "105120280", "99109141", "106114150", "101113210", "100108260", "111119300", "99109840", "104116800", "109113591", "105119550", "98111860", "110114920", "108121351", "105117431", "109115211", "113118421", "110115580", "104111990", "109118820", "99110050", "113117340", "97105960", "102109840", "103111170", "100120780", "108115500", "112120630", "97107950", "100111080", "110118810", "113119950", "110120190", "110120531", "102107961"], "labels": [3, 2, 3, 0, 0, 3, 0, 3, 1, 1, 2, 2, 1, 1, 3, 2, 1, 1, 2, 3, 1, 3, 2, 2, 1, 2, 2, 2, 3, 3, 0, 2, 3, 1, 1, 0, 3, 3, 1, 3, 2, 1, 2, 2, 3, 2, 2, 0, 2, 1, 3, 3, 3, 2, 0, 3, 2, 2, 0, 1, 3, 3, 1, 3, 1, 2, 3, 0, 1, 2, 2, 2, 1, 3, 0, 1, 3, 0, 0, 1, 1, 1, 3, 0, 0, 2, 0, 3, 0, 0, 0, 1, 3, 2, 3, 1, 1, 3, 0, 0, 0, 0, 0, 2, 2, 1, 0, 0, 3, 3, 1, 3, 3, 1, 2, 1, 3, 1, 0, 3, 3, 1, 0, 3, 1, 2, 3, 3, 2, 2, 2, 2, 1, 3, 3, 2, 0, 1, 0, 3, 0, 3], "predicted_labels": [3, 1, 3, 0, 3, 1, 1, 1, 1, 1, 3, 1, 3, 1, 1, 1, 0, 1, 1, 3, 3, 1, 1, 1, 0, 3, 1, 3, 3, 3, 3, 3, 1, 0, 3, 3, 1, 1, 1, 1, 3, 0, 1, 1, 1, 1, 1, 1, 1, 0, 2, 0, 0, 3, 3, 0, 1, 1, 3, 1, 3, 1, 1, 0, 1, 3, 1, 3, 1, 1, 3, 1, 1, 1, 3, 1, 0, 1, 1, 1, 1, 0, 3, 1, 3, 1, 1, 1, 1, 3, 1, 3, 3, 1, 0, 3, 1, 1, 1, 1, 3, 1, 1, 0, 3, 1, 1, 3, 1, 1, 1, 3, 1, 3, 1, 1, 1, 1, 1, 1, 3, 1, 3, 3, 0, 1, 2, 1, 1, 1, 1, 1, 3, 1, 3, 1, 1, 1, 3, 3, 3, 1], "confidence_scores": [[0.23797635207929319, 0.24600776592688356, 0.16952917915417914, 0.34648670283964406], [0.22852899877899868, 0.29483667027417026, 0.18545916583416577, 0.2911751651126652], [0.26295472582972595, 0.22963517528223418, 0.13524007936507934, 0.3721700195229608], [0.30403413335030993, 0.26308136226518586, 0.18229202741702738, 0.25059247696747694], [0.22461908230658223, 0.292959595959596, 0.13665259740259744, 0.3457687243312244], [0.2898118964368965, 0.2926473526473527, 0.20189935064935066, 0.21564140026640036], [0.24041287878787881, 0.3617943722943721, 0.20214156676656672, 0.19565118215118216], [0.2817657620157621, 0.3076222943722944, 0.16480194805194798, 0.24580999555999544], [0.26410088522588526, 0.3315041486291486, 0.16416053391053395, 0.2402344322344322], [0.24688041125541121, 0.3115687229437232, 0.17431511544011546, 0.26723575036075037], [0.2083434343434344, 0.27780405705405714, 0.16259361471861472, 0.3512588938838938], [0.20765162615162613, 0.3237883782883783, 0.23140591353091358, 0.23715408202908198], [0.2704042624042624, 0.25298795648795663, 0.19129501054501052, 0.2853127705627707], [0.27197961760461764, 0.31849242424242435, 0.23393903318903317, 0.17558892496392497], [0.18873580586080582, 0.37163059163059164, 0.18907839382839378, 0.25055520868020864], [0.1697813852813853, 0.3343254939504938, 0.21661435786435793, 0.2792787629037629], [0.3041744921744922, 0.26331733544233543, 0.1420193556443556, 0.2904888167388168], [0.27257523726273725, 0.31763861138861144, 0.1527373598623598, 0.25704879148629156], [0.27842171717171715, 0.2994626068376068, 0.18792983405483413, 0.23418584193584194], [0.2761164342193754, 0.2497634775355364, 0.15034623709623707, 0.3237738511488512], [0.21687385327091213, 0.27093274780774784, 0.20442646242646248, 0.3077669364948777], [0.20412475024975027, 0.3541512515262516, 0.22160098235098236, 0.2201230158730159], [0.2195851925851925, 0.28989661033411035, 0.252955253080253, 0.23756294400044398], [0.18753030303030294, 0.33950373237873244, 0.23560345210345213, 0.23736251248751242], [0.299242673992674, 0.290343018093018, 0.13250252525252523, 0.2779117826617827], [0.2285705266955267, 0.23912391774891778, 0.21824796037296046, 0.31405759518259524], [0.18526617826617817, 0.32273717948717967, 0.2284841269841271, 0.26351251526251535], [0.2717159090909092, 0.22503391053391056, 0.12640705128205126, 0.3768431290931292], [0.28953896103896115, 0.22542633265427395, 0.1721873037093625, 0.3128474025974027], [0.2943148240648241, 0.25545550283050283, 0.12440945165945165, 0.32582022144522144], [0.29503678266178274, 0.23322664835164836, 0.14921230158730156, 0.3225242673992675], [0.2812048507048507, 0.20950317737817734, 0.1822059884559885, 0.32708598346098355], [0.22805003534047646, 0.3725727099697689, 0.1715225677100677, 0.22785468697968703], [0.3028546731046731, 0.29475710890416784, 0.17224542124542122, 0.23014279674573804], [0.24677447552447557, 0.2750299284049285, 0.19143714618714622, 0.28675844988344984], [0.24040939615939627, 0.2872011183261185, 0.16754695304695302, 0.30484253246753246], [0.2127361111111111, 0.3107261904761905, 0.1723510378510378, 0.30418666056166066], [0.1623967005217005, 0.38655106005106, 0.18854569042069041, 0.262506549006549], [0.2551525072150073, 0.28342147435897447, 0.20703418803418805, 0.2543918303918304], [0.24232375957375962, 0.33838856976356985, 0.20425230325230326, 0.2150353674103674], [0.23858598346098345, 0.25049536084830204, 0.18417632367632364, 0.3267423320143908], [0.3219126984126985, 0.2249978354978355, 0.18601816239316235, 0.2670713036963037], [0.28039765789765786, 0.3486908091908093, 0.14354675879675877, 0.22736477411477415], [0.19377482239982238, 0.2914576118326119, 0.2534789793539794, 0.2612885864135864], [0.21516174103674107, 0.3336077394827395, 0.15812404262404256, 0.2931064768564768], [0.24896067821067824, 0.28664339826839824, 0.1854017302142302, 0.27899419330669334], [0.19108970196470193, 0.29675467587967597, 0.2646957903207903, 0.24745983183483175], [0.24564640914640912, 0.3307047813297813, 0.21747545510045513, 0.20617335442335435], [0.2402984931734933, 0.3245862748362749, 0.186478687978688, 0.24863654401154406], [0.34233567821067823, 0.2719388528138527, 0.17416756854256846, 0.21155790043290046], [0.21119660894660894, 0.2416906565656566, 0.27914646464646464, 0.26796626984126987], [0.29237139249639243, 0.2805946969696971, 0.18685119047619053, 0.24018272005772018], [0.30519005994006, 0.286974594849595, 0.15191394716394713, 0.255921398046398], [0.24863390775890776, 0.3078042582417583, 0.11523051948051942, 0.3283313145188146], [0.18542063492063487, 0.301742118992119, 0.1661702741702741, 0.3466669719169719], [0.3154247835497836, 0.30430283605283615, 0.16334693084693083, 0.2169254495504495], [0.2722857281607281, 0.30008306970806975, 0.15452847152847146, 0.2731027306027306], [0.2397024087024086, 0.32359854034854046, 0.1825045648795649, 0.2541944860694861], [0.23771721334221335, 0.28530008880008884, 0.16152959540459533, 0.31545310245310243], [0.16292875180375177, 0.33628354978354985, 0.19425992063492065, 0.30652777777777773], [0.20963286223580346, 0.2368256514727103, 0.17897799422799426, 0.37456349206349215], [0.2839318606230372, 0.31520075757575766, 0.11724476911976911, 0.2836226126814363], [0.18334723609723608, 0.3475519341769342, 0.2038122294372294, 0.26528860028860035], [0.2961221833721834, 0.23685633810633816, 0.1801965811965812, 0.28682489732489735], [0.2282551198801199, 0.3511028464999053, 0.20481227106227107, 0.21582976255770372], [0.2607868389780155, 0.2782082908921145, 0.175931277056277, 0.28507359307359303], [0.19775234487734483, 0.36587139249639256, 0.2377611832611834, 0.19861507936507933], [0.2196919191919192, 0.26956163281163287, 0.16731837606837607, 0.343428071928072], [0.27933320845820864, 0.35096450200126666, 0.19599335713306296, 0.17370893240746185], [0.2548469030969031, 0.30966464091464085, 0.18937608225108224, 0.24611237373737382], [0.2661714127375892, 0.23226255688755684, 0.19048015873015867, 0.31108587164469526], [0.27293380230880226, 0.2959395743145744, 0.19959018759018757, 0.2315364357864358], [0.2580038433788434, 0.2868191473559121, 0.17094432283402866, 0.2842326864312158], [0.263872113997114, 0.3248637126762127, 0.19631023837273834, 0.2149539349539349], [0.24893420468420477, 0.25938166000666013, 0.14393686868686867, 0.3477472666222667], [0.2850086580086581, 0.3002001470751472, 0.11818958818958818, 0.29660160672660674], [0.32818614718614714, 0.2606766428016428, 0.16324236874236878, 0.2478948412698412], [0.25136649461649463, 0.33168561993562007, 0.1328547424797424, 0.2840931429681429], [0.25540577478077486, 0.3188089965589966, 0.14724711399711402, 0.27853811466311473], [0.17684776334776336, 0.3031435647685649, 0.23887573537573545, 0.2811329365079365], [0.2750144993894994, 0.2906633991008991, 0.17188927045177047, 0.26243283105783105], [0.28189567377067365, 0.24751533189033195, 0.19273619436119432, 0.2778527999778], [0.24867496392496402, 0.28463943001443, 0.15121681096681094, 0.31546879509379505], [0.2641509740259741, 0.3214539488289488, 0.15758508158508155, 0.2568099955599956], [0.27533387445887453, 0.225057178932179, 0.15528553391053385, 0.3443234126984128], [0.26901161338661334, 0.29302068193244674, 0.1794659539806599, 0.2585017507002801], [0.24062108724608716, 0.3059853202353202, 0.1746190753690754, 0.27877451714951723], [0.2756233766233766, 0.31416865079365086, 0.15133134920634916, 0.2588766233766234], [0.2694209817959818, 0.3001614357864358, 0.14193091630591628, 0.28848666611166607], [0.2918549783549784, 0.23283702408702417, 0.14634353146853146, 0.32896446608946617], [0.22866949716949725, 0.3785303724053724, 0.14401665001665004, 0.24878348040848042], [0.1999829337329338, 0.2625162337662338, 0.177640873015873, 0.3598599594849594], [0.29270368601986263, 0.27153278584160934, 0.13524218836718832, 0.30052133977133977], [0.2339523809523809, 0.32169215506715515, 0.1826375152625152, 0.2617179487179487], [0.3202756132756134, 0.2926468253968255, 0.13287644300144297, 0.25420111832611836], [0.22806730646804177, 0.2816766350479585, 0.1316735209235209, 0.3585825375604789], [0.20399062049062044, 0.3093655372405373, 0.17946832334332338, 0.3071755189255188], [0.2512491883116883, 0.28581908369408376, 0.17806649600399602, 0.2848652319902319], [0.2564025974025974, 0.32229130591630584, 0.2296405122655123, 0.19166558441558432], [0.2118507603507603, 0.3786552822177823, 0.2044765512265512, 0.20501740620490622], [0.2468940087690088, 0.24070797258297255, 0.218472243034743, 0.29392577561327565], [0.21822023809523813, 0.32185245310245314, 0.18842893217893228, 0.27149837662337667], [0.2106738955488955, 0.2910926434676436, 0.23312049062049062, 0.2651129703629703], [0.27688546176046186, 0.26213472638472646, 0.21293688256188253, 0.24804292929292934], [0.25624784937284945, 0.257218253968254, 0.19748483460983465, 0.289049062049062], [0.25689153901653905, 0.2953642884892885, 0.19913840326340324, 0.24860576923076927], [0.2838037309912311, 0.3041533556312968, 0.16476641210097084, 0.2472765012765014], [0.24627126345876352, 0.25949497030747043, 0.21084965728715732, 0.283384108946609], [0.22017160617160625, 0.30747168109668116, 0.2580143606393607, 0.21434235209235208], [0.30039586802086804, 0.30698941336441327, 0.16072727272727266, 0.231887445887446], [0.20773225385725386, 0.27755808080808086, 0.2436915584415584, 0.271018106893107], [0.23040380452880452, 0.2801061716061716, 0.20882745032745034, 0.28066257353757357], [0.25226635864135866, 0.30403409090909095, 0.21132926795426799, 0.23237028249528247], [0.2556331307581308, 0.22650613275613268, 0.20352960927960925, 0.3143311272061273], [0.15463827838827832, 0.30326936951936945, 0.2466816378066379, 0.29541071428571436], [0.2324344552506317, 0.3330360056610058, 0.17908820346320342, 0.2554413356251591], [0.2521805555555556, 0.37516804029304035, 0.18043399655899656, 0.1922174075924076], [0.27819769119769117, 0.29257184482184484, 0.14407407869907865, 0.2851563852813853], [0.215349025974026, 0.3243478743478744, 0.23398096348096348, 0.22632213619713626], [0.18848079004329002, 0.3523158022533024, 0.14226888389388387, 0.3169345238095238], [0.22572703685203688, 0.26800102675102694, 0.20378661616161609, 0.30248532023532027], [0.2107183094683095, 0.32439361537155653, 0.1738702824952825, 0.2910177926648516], [0.2173746392496393, 0.32243584193584196, 0.10238210400710399, 0.35780741480741485], [0.3059552322677323, 0.23211136779886787, 0.1209380896880897, 0.3409953102453103], [0.2835977633477633, 0.26115241702741715, 0.18866468253968258, 0.26658513708513704], [0.25611886724386734, 0.335293525918526, 0.13881367243867246, 0.2697739343989343], [0.21595328282828288, 0.2605450937950938, 0.2886554834054834, 0.23484613997114004], [0.2077603923853923, 0.29271418858918863, 0.2353684926184927, 0.26415692640692645], [0.25467092629592636, 0.32600634088134084, 0.2120497696747697, 0.20727296314796317], [0.26563994420612064, 0.3164567181184829, 0.16638728265198854, 0.25151605502340796], [0.2664245337995339, 0.2877698273948274, 0.20058588633588634, 0.24521975246975242], [0.23335351454101455, 0.30755028998779, 0.21273856698856705, 0.2463576284826285], [0.21419007381507388, 0.3024309163059164, 0.167797064047064, 0.3155819458319458], [0.22605470428264549, 0.3404510122230711, 0.1544918831168831, 0.2790024003774003], [0.18821794871794875, 0.3019766573295986, 0.1855213030433618, 0.324284090909091], [0.260787302974803, 0.30759759684759697, 0.17434363553113552, 0.2572714646464647], [0.27362289099789106, 0.3033036963036964, 0.16103427128427128, 0.2620391414141415], [0.20437391774891775, 0.30628529803529814, 0.20390061327561335, 0.285440170940171], [0.298971153846154, 0.26213461538461547, 0.1390178571428571, 0.2998763736263736], [0.26385120924826816, 0.2658999611499612, 0.1347547036297036, 0.3354941259720672], [0.23958574758574763, 0.26648351158645284, 0.15838366290572176, 0.335547077922078], [0.23656204906204908, 0.33444426406926403, 0.19309126984126976, 0.23590241702741704]]}, "rewritten": {"ids": ["97105960", "97106000", "97107920", "97107950", "97108520", "97111790", "97112170", "98108970", "98109311", "98110710", "98111231", "98111860", "98112300", "98117740", "99107950", "99108010", "99108080", "99108310", "99109141", "99109740", "99109840", "99110050", "99111000", "99111620", "99121440", "100108260", "100108580", "100109980", "100110050", "100111080", "100113210", "100120780", "101108950", "101110200", "101110740", "101113210", "101116130", "101121640", "102107961", "102109840", "102109910", "102110750", "102111990", "102112250", "102113210", "102113981", "102116340", "103109791", "103111170", "103111540", "103111620", "103113101", "104110960", "104111990", "104113190", "104114320", "104116800", "104117630", "104119290", "105110091", "105113330", "105117431", "105119550", "105120280", "106113260", "106114150", "106114321", "106114880", "106116850", "106118520", "106121190", "106121220", "107112840", "107113200", "107114321", "107114621", "107118820", "107119130", "107119390", "107120260", "107121640", "108114220", "108115500", "108115570", "108117451", "108118291", "108120260", "108120621", "108121351", "109113591", "109115070", "109115211", "109118820", "110113931", "110114720", "110114920", "110115580", "110115710", "110117110", "110118701", "110118810", "110120190", "110120531", "110121140", "110121720", "111114171", "111116010", "111116110", "111116640", "111119300", "111119340", "111120280", "111120640", "111121220", "112116610", "112116800", "112117471", "112117580", "112118161", "112118421", "112118581", "112118880", "112118890", "112118930", "112119930", "112120630", "112121351", "112121410", "113117340", "113118111", "113118421", "113118511", "113119950", "113120070", "113120280", "113121680", "113121750", "113121810", "113121980", "113122180", "113122320", "113122650"], "labels": [2, 0, 0, 2, 2, 2, 0, 3, 1, 2, 1, 0, 2, 2, 1, 2, 3, 2, 3, 3, 2, 3, 2, 3, 2, 3, 0, 1, 3, 0, 0, 1, 2, 2, 3, 3, 2, 2, 3, 2, 2, 1, 2, 0, 3, 1, 3, 3, 2, 1, 0, 3, 2, 2, 3, 2, 1, 0, 1, 0, 3, 1, 1, 3, 3, 1, 2, 0, 3, 2, 2, 1, 1, 0, 0, 0, 3, 1, 2, 1, 1, 3, 3, 3, 2, 3, 1, 1, 3, 3, 0, 0, 3, 1, 3, 3, 1, 2, 0, 3, 1, 3, 0, 3, 3, 3, 1, 3, 0, 1, 3, 0, 0, 3, 1, 0, 3, 0, 0, 3, 1, 1, 3, 1, 1, 3, 0, 0, 2, 1, 3, 1, 0, 2, 0, 1, 0, 2, 2, 2, 1, 2], "predicted_labels": [1, 3, 3, 3, 1, 3, 1, 1, 0, 3, 0, 1, 0, 3, 1, 1, 3, 1, 0, 1, 1, 3, 0, 3, 1, 1, 0, 0, 1, 0, 3, 3, 3, 0, 1, 1, 0, 3, 1, 1, 0, 1, 0, 1, 0, 1, 1, 3, 1, 1, 1, 0, 0, 1, 1, 1, 1, 0, 1, 3, 3, 1, 0, 3, 0, 3, 3, 0, 0, 3, 3, 3, 1, 0, 3, 1, 1, 3, 1, 1, 1, 1, 1, 0, 0, 0, 0, 0, 3, 1, 1, 1, 0, 3, 1, 3, 0, 3, 1, 1, 3, 3, 3, 1, 0, 3, 1, 3, 1, 3, 0, 1, 0, 3, 1, 3, 0, 3, 1, 3, 1, 1, 1, 1, 1, 0, 1, 3, 1, 3, 3, 1, 0, 1, 0, 1, 1, 1, 3, 1, 0, 3], "confidence_scores": [[0.26973712398712396, 0.2726068596436244, 0.18720399371869956, 0.27045202265055207], [0.21076868964368964, 0.2826703296703297, 0.14386617549117547, 0.3626948051948052], [0.31322546897546905, 0.20713582251082255, 0.1445005411255411, 0.33513816738816743], [0.26728832278832276, 0.26241542485292496, 0.16848636779886783, 0.3018098845598846], [0.2740743145743147, 0.28435245310245316, 0.1807417027417027, 0.2608315295815297], [0.25684325396825397, 0.27452976190476197, 0.18175793650793653, 0.2868690476190476], [0.241349580974581, 0.3348182720057719, 0.1615836940836941, 0.26224845293595295], [0.2411409423909425, 0.3371531107781107, 0.19721840659340673, 0.2244875402375402], [0.32015553890553894, 0.28795493395493404, 0.128151973026973, 0.2637375541125541], [0.22668849206349206, 0.25715097402597403, 0.19586322011322013, 0.3202973137973138], [0.27202344877344875, 0.25895039682539683, 0.20150018037518042, 0.2675259740259741], [0.24244444444444443, 0.3395039682539682, 0.2021984126984127, 0.21585317460317463], [0.2793709762459763, 0.2656702047952048, 0.20150508519258514, 0.2534537337662338], [0.30376713564213575, 0.21722541347541344, 0.14854852092352094, 0.3304589299589299], [0.18163378288378287, 0.3414295704295705, 0.2219142940392941, 0.2550223526473527], [0.2892720335220335, 0.3102063385960445, 0.20056315334991812, 0.19995847453200397], [0.29385814185814185, 0.20983072483072485, 0.14615288877788873, 0.3501582445332446], [0.2680381146631148, 0.2810084776334776, 0.17526431901431902, 0.2756890886890886], [0.32765027333777347, 0.2939310758685758, 0.13699981962481958, 0.24141883116883125], [0.24886004967254974, 0.340456481018981, 0.21396930846930853, 0.19671416083916085], [0.17354310966810962, 0.326077139363904, 0.21269941496412084, 0.28768033600386556], [0.1953563519813519, 0.2677552537331948, 0.24868384883090772, 0.2882045454545455], [0.28159812409812407, 0.2741466956246369, 0.22268309958015828, 0.22157208069708073], [0.23028048340548335, 0.2447599206349207, 0.18753156565656556, 0.33742803030303037], [0.2242126623376623, 0.35691702741702724, 0.18162211399711395, 0.23724819624819626], [0.24546098346098366, 0.28606107291401417, 0.19501981841687716, 0.27345812520812524], [0.2742076465201466, 0.266485028860029, 0.21405772005772014, 0.24524960456210462], [0.3186975801975803, 0.27075703463203477, 0.18523629148629156, 0.2253090936840937], [0.2330169552669554, 0.2851979617604618, 0.2302792207792208, 0.2515058621933621], [0.2996196442446442, 0.28672595460095457, 0.13842893217893212, 0.27522546897546896], [0.24694247419247425, 0.2718079698079698, 0.10786278998778996, 0.373386766011766], [0.2081830253080253, 0.2811199388846448, 0.19628126856803327, 0.3144157672392967], [0.2579924242424244, 0.26961291486291483, 0.1979284465534466, 0.2744662143412144], [0.2945883838383839, 0.2772764874014874, 0.19262960650460648, 0.23550552225552235], [0.26640782828282833, 0.3314310411810412, 0.1757537878787879, 0.22640734265734266], [0.23998845598845603, 0.2939608585858585, 0.19286381673881675, 0.2731868686868687], [0.28502723665223667, 0.2581467005217005, 0.20409777722277725, 0.25272828560328564], [0.24730026917526918, 0.2871503774003774, 0.13889448051948047, 0.326654872904873], [0.2535213189588189, 0.360495670995671, 0.19024067599067596, 0.19574233405483407], [0.2693520368520369, 0.31630266955266956, 0.15775883838383833, 0.2565864552114552], [0.33706127206127223, 0.2159340936840937, 0.14680194805194804, 0.30020268620268625], [0.25108652458652453, 0.31152244079449964, 0.2210829725829726, 0.2163080620360032], [0.3320577200577201, 0.23100944317120795, 0.19226820728291322, 0.24466462948815895], [0.2506811660561661, 0.29256288156288157, 0.1906793831168832, 0.2660765692640693], [0.3233060966810967, 0.23639556277056287, 0.15370292207792205, 0.28659541847041853], [0.21851166888666898, 0.37925477994227996, 0.18594543650793646, 0.21628811466311465], [0.23307105394605399, 0.3566374389499389, 0.16129322066822066, 0.2489982864357864], [0.27855429782635666, 0.24218290043290053, 0.16794282106782105, 0.3113199806729219], [0.24425414862914865, 0.2788274364524364, 0.21220652958152963, 0.2647118853368854], [0.24944462481962482, 0.3073815490065489, 0.17728341103341108, 0.2658904151404152], [0.26318463480963483, 0.31221219058719063, 0.18196837884337877, 0.24263479575979577], [0.3133408397158398, 0.2588064574314575, 0.19999555999556, 0.2278571428571428], [0.31601744089244094, 0.2589486485736486, 0.16007346819846816, 0.2649604423354424], [0.2646742424242425, 0.2833408478776127, 0.18253212392182985, 0.26945278577631515], [0.26554202741702737, 0.32456313131313125, 0.16426785714285713, 0.24562698412698417], [0.2839554473304473, 0.3028307338086751, 0.15277380952380953, 0.2604400093370681], [0.25149386724386735, 0.3234848484848486, 0.15806836219336218, 0.266952922077922], [0.31506023143523154, 0.24191766566766568, 0.16917460317460314, 0.2738474997224997], [0.19960331825037714, 0.3114931457431459, 0.18470177045177036, 0.30420176555470685], [0.21392559523809518, 0.2589931457431458, 0.22511691780441778, 0.30196434121434124], [0.2914802281052282, 0.2277253441003441, 0.14563750138750137, 0.3351569264069265], [0.2692495559995562, 0.2909000999001001, 0.15724356199356204, 0.2826067821067822], [0.3225797258297258, 0.2650021506271506, 0.13240580253080247, 0.28001232101232104], [0.21199074536574533, 0.25025498929175405, 0.2303284525931585, 0.30742581274934216], [0.3242714993339994, 0.2993059163059163, 0.12828288378288374, 0.24813970057720064], [0.23588259657009658, 0.23073286435786444, 0.2111572871572872, 0.32222725191475193], [0.2313321955821955, 0.26347227282521407, 0.20566496003996002, 0.29953057155263035], [0.3176807498057498, 0.3010146103896103, 0.14321625596625598, 0.23808838383838374], [0.2847746212121213, 0.27157251082251077, 0.16684278221778215, 0.2768100857475858], [0.26030834443334433, 0.2739873598623599, 0.1764322344322344, 0.2892720612720613], [0.23529641681847568, 0.27092977855477857, 0.21548726273726274, 0.2782865418894831], [0.2302343073593074, 0.31016107503607493, 0.14775414862914865, 0.311850468975469], [0.25714846264846264, 0.3413780663780665, 0.21402283827283822, 0.1874506327006327], [0.3287257742257743, 0.23669942067736183, 0.15636459373959374, 0.2782102113572702], [0.2594867632367633, 0.26204299866799863, 0.11422222222222221, 0.3642480158730159], [0.2749249777999778, 0.3438359834609834, 0.14508812021312023, 0.2361509185259185], [0.254692390942391, 0.3005162892662893, 0.18131078643578644, 0.2634805333555334], [0.2818339299589299, 0.25856319497495966, 0.1640786329683388, 0.29552424209777156], [0.248664862914863, 0.2934146825396825, 0.23453916916416911, 0.2233812853812854], [0.22520088245088254, 0.3414769119769119, 0.19245346320346324, 0.24086874236874237], [0.2271665695415695, 0.3222121767121768, 0.17894785769785768, 0.2716733960483961], [0.2798644064269064, 0.30038537157287154, 0.18089242701742703, 0.23885779498279494], [0.27198334998334994, 0.27720003607503607, 0.19438185425685428, 0.2564347596847597], [0.3231226134976135, 0.2784778416028416, 0.1334913697413697, 0.26490817515817516], [0.3651953255078256, 0.22188347763347763, 0.12048322510822508, 0.29243797175047176], [0.3237662337662339, 0.23443643366437494, 0.1609957452678041, 0.2808015873015874], [0.31935414585414595, 0.25603309884559894, 0.1760029068154068, 0.24860984848484843], [0.31185672660672664, 0.2530784632034632, 0.14490952103452104, 0.2901552891552891], [0.2504110750360751, 0.2657131479631481, 0.17366558441558447, 0.31021019258519256], [0.27246246808746816, 0.3327885725385725, 0.1873505383505383, 0.2073984210234211], [0.26155765068265063, 0.3437991591741592, 0.16921101121101118, 0.2254321789321789], [0.26505230880230896, 0.3061446608946609, 0.15126828726828725, 0.277534743034743], [0.29126184926184934, 0.26495580808080815, 0.17845075757575757, 0.2653315850815851], [0.21822292984792988, 0.3121513902763903, 0.1566082112332112, 0.3130174686424686], [0.25090813353313357, 0.3041269008769009, 0.2049635642135642, 0.24000140137640152], [0.2725060425685426, 0.23984057609057607, 0.1567651584526584, 0.33088822288822295], [0.31945329670329675, 0.23594895382395387, 0.18248964923964933, 0.2621081002331003], [0.2321162032412032, 0.2782853812853813, 0.16332166444666446, 0.3262767510267511], [0.23837097624597628, 0.29890409590409583, 0.20706782106782118, 0.2556571067821068], [0.27962434991479107, 0.2917872642063819, 0.17291908785658788, 0.25566929802223914], [0.263669191919192, 0.29182593795093803, 0.12322041847041845, 0.32128445165945174], [0.292955577102636, 0.25252991452991447, 0.14935979298479293, 0.3051547153826566], [0.2663356782106784, 0.26715927128427136, 0.13804527417027418, 0.3284597763347763], [0.2939372294372294, 0.2946292645263234, 0.18068177655677659, 0.23075172947967068], [0.3123660506160506, 0.27742676767676777, 0.15438361638361633, 0.25582356532356537], [0.28327774104979997, 0.2841384587634587, 0.1307853535353535, 0.3017984466513878], [0.19197896547896545, 0.35748688811188806, 0.19998840048840047, 0.25054574592074585], [0.28860671273171273, 0.22439733183483185, 0.14024422799422795, 0.34675172743922766], [0.28296408452658467, 0.2953877372627372, 0.15204456654456647, 0.2696036116661118], [0.2587770285270286, 0.2657338960059548, 0.12689559052059052, 0.3485934849464262], [0.3069823232323233, 0.2734298340548341, 0.15791071428571427, 0.26167712842712837], [0.25422550366300367, 0.3055346320346321, 0.1576874098124098, 0.28255245448995464], [0.3069664926576692, 0.27907769926152287, 0.16811453823953826, 0.24584126984126972], [0.22631216006216012, 0.24904822954822958, 0.1417132034632034, 0.38292640692640695], [0.25938780663780675, 0.30927018120768124, 0.17657121350871352, 0.2547707986457986], [0.22505043077837197, 0.2681176788897379, 0.2319958513708514, 0.27483603896103903], [0.33964051226551234, 0.26756623931623946, 0.14754739704739703, 0.24524585137085148], [0.2861978160728161, 0.22611159673659667, 0.16487357087357085, 0.32281701631701654], [0.251892982017982, 0.32281397768897774, 0.15649789099789102, 0.26879514929514936], [0.2996570512820512, 0.243257215007215, 0.15662126762126763, 0.3004644660894662], [0.24098854413560303, 0.2951824703074703, 0.2138382936507937, 0.24999069190613316], [0.2582491585212174, 0.2733379675879676, 0.21907102619602625, 0.24934184769478882], [0.24434980297480308, 0.29994676157176153, 0.1669490231990232, 0.2887544122544123], [0.21065926230632126, 0.31206077256077275, 0.20437248862248855, 0.2729074765104177], [0.19800131812631816, 0.32263454600954605, 0.2045883422133422, 0.27477579365079374], [0.30728228715728717, 0.26340582538376667, 0.16971087735793625, 0.2596010101010101], [0.25981425518925516, 0.32067406204906207, 0.12428619991119992, 0.2952254828504828], [0.28431273587523576, 0.25473924686424687, 0.15371888528138525, 0.307229131979132], [0.26375847763347765, 0.29363296425796437, 0.16910489510489504, 0.27350366300366313], [0.28857756132756135, 0.25423987123987124, 0.13017715617715614, 0.3270054112554114], [0.3060463564213565, 0.2424200313575314, 0.1356380841380841, 0.3158955280830281], [0.280728465978466, 0.36400539166715645, 0.16305858357328945, 0.1922075587810882], [0.35111707736707737, 0.217984903984904, 0.10683802308802309, 0.3240599955599955], [0.24149109224109225, 0.33465187590187584, 0.21503862803862805, 0.2088184038184038], [0.36255865662115666, 0.21632256632256638, 0.13357155344655347, 0.2875472236097236], [0.22396782384282388, 0.34328145465645477, 0.16480050505050503, 0.26795021645021644], [0.30075072150072146, 0.30637343212343215, 0.13880815018315013, 0.2540676961926962], [0.2213092373312961, 0.3159060245310245, 0.16755479242979246, 0.295229945707887], [0.20801796814296813, 0.295963924963925, 0.166438936063936, 0.32957917082917076], [0.2788360528360529, 0.3013140144169556, 0.1280544227014815, 0.2917955100455101], [0.3388114871239873, 0.226334595959596, 0.14161029942279943, 0.29324361749361755], [0.23404881229881228, 0.2963553113553113, 0.15195253357753355, 0.3176433427683428]]}}