{"test": {"ids": ["112119320", "110118301", "107114621", "113121680", "103118291", "108118810", "109117271", "97116410", "97107260", "111119150", "107116980", "111118810", "110118450", "108120060", "112118161", "108118520", "109116930", "99108580", "103112470", "111121220", "107114490", "113118421", "110120531", "109121410", "111119930", "106116370", "107117630", "104117630", "111114941", "113119930", "99108710", "98109230", "111117200", "98111860", "111116530", "113122320", "106113830", "108120260", "98109090", "111120260", "110115140", "111116110", "98121790", "104113190", "105112240", "107115250", "108118301", "108121410", "103111170", "110118701", "112120700", "108120280", "113117550", "113121410", "102108621", "106116640", "99107950", "105115680", "111119580", "105114220", "104113000", "112118530", "99107300", "112120290", "109120621", "113119700", "99109910", "110118121", "112118880", "109117110", "110120700", "103113170", "112117580", "112118581", "108119550", "112116900", "112116501", "99111340", "108116501", "99109740", "110118930", "113119300", "103110840", "107121540", "98116940", "111118301", "107118490", "113120070", "113118810", "104116800", "98120530", "98110230", "102112030", "100120010", "105118740", "97109570", "108115070", "104117200", "98107380", "110115890", "98111620", "106116820", "110118161", "105113260", "98110810", "103110100", "102121440", "98108370", "99111000", "110119030", "106115120", "109116810", "110118740", "109116040", "109115220", "110121450", "111116990", "104114740", "101111210", "105113620", "102110240", "105117431", "101108580", "106114011", "104116441", "108119330", "105119950", "104116980", "107120260", "106119260", "101108121", "102110850", "113117340", "108115250", "100108580", "110119300", "104114230", "112118511", "109121640", "97111790", "101111140", "103113640"], "labels": [1, 1, 0, 1, 0, 1, 0, 3, 2, 3, 3, 0, 0, 1, 0, 0, 0, 0, 1, 3, 3, 3, 0, 0, 1, 2, 0, 0, 0, 1, 2, 1, 0, 0, 3, 1, 1, 1, 1, 3, 0, 3, 2, 3, 1, 2, 1, 0, 2, 3, 2, 3, 3, 0, 3, 3, 1, 2, 3, 3, 1, 1, 3, 1, 1, 0, 2, 3, 1, 1, 2, 3, 0, 1, 1, 3, 3, 1, 0, 3, 1, 1, 1, 2, 2, 3, 2, 2, 3, 1, 1, 3, 2, 0, 1, 0, 1, 3, 1, 2, 3, 1, 0, 3, 1, 1, 2, 1, 2, 0, 1, 3, 3, 0, 3, 3, 0, 2, 2, 0, 3, 1, 0, 1, 1, 0, 3, 1, 1, 1, 0, 3, 2, 1, 0, 1, 2, 1, 0, 2, 2, 1], "predicted_labels": [1, 0, 3, 3, 3, 3, 0, 1, 2, 3, 0, 0, 1, 2, 0, 1, 0, 1, 1, 3, 3, 0, 3, 1, 0, 3, 3, 3, 3, 0, 1, 0, 1, 3, 1, 1, 3, 0, 3, 0, 3, 3, 3, 0, 1, 1, 3, 0, 3, 1, 1, 0, 0, 3, 3, 3, 2, 1, 0, 1, 3, 1, 0, 2, 0, 3, 2, 3, 3, 3, 2, 3, 3, 1, 3, 3, 1, 1, 3, 2, 3, 3, 1, 3, 2, 0, 1, 1, 3, 0, 1, 1, 0, 1, 1, 3, 1, 3, 3, 1, 1, 1, 3, 0, 1, 1, 0, 3, 1, 3, 0, 3, 3, 3, 3, 0, 0, 3, 3, 1, 1, 1, 0, 3, 3, 1, 1, 3, 1, 1, 1, 2, 0, 1, 1, 0, 3, 1, 1, 3, 3, 0], "confidence_scores": [[0.10642409085984832, 0.3220420171947689, 0.2970246278152982, 0.2745092641300846], [0.31241800286505383, 0.18369439818436176, 0.26832976247337703, 0.23555783647720738], [0.22771979834885528, 0.2704195850128358, 0.11835233166873936, 0.38350828496956973], [0.107917686151674, 0.33625274653210807, 0.09809425774471507, 0.4577353095715028], [0.18743751159376223, 0.13977144123863275, 0.11727696623524277, 0.5555140809323624], [0.23575683761110103, 0.2260957141655068, 0.13669816113552366, 0.4014492870878685], [0.7620375925180879, 0.10045857238433582, 0.05631000892198485, 0.08119382617559157], [0.16979675872123634, 0.47394003938622126, 0.2021280419718212, 0.15413515992072102], [0.16108312134816796, 0.227874792253823, 0.3682088264962116, 0.2428332599017975], [0.24224883280026868, 0.2559419618942443, 0.08583836471715925, 0.41597084058832773], [0.5611986132601924, 0.18028523593228857, 0.07501738527929964, 0.18349876552821948], [0.44082333578343363, 0.11915365333934282, 0.06888542280361168, 0.3711375880736119], [0.217295530099528, 0.3405365446530177, 0.18489837802111458, 0.2572695472263395], [0.11509002916487049, 0.2878428769548458, 0.4773257814332513, 0.11974131244703254], [0.5543525739545506, 0.2795117622816059, 0.07596037048004625, 0.0901752932837971], [0.14749394407873484, 0.398994446781368, 0.2190630566375295, 0.2344485525023677], [0.2996903767072216, 0.22992175163472148, 0.2433452465671153, 0.2270426250909417], [0.2124985065358434, 0.33437836200761195, 0.14142928951556613, 0.3116938419409786], [0.2735545865838715, 0.28534631950950884, 0.2341013168060652, 0.20699777710055461], [0.11849741896305174, 0.20980641453539772, 0.04284971242763044, 0.6288464540739201], [0.1284073889772224, 0.24778318596486903, 0.24550471611595512, 0.37830470894195356], [0.46604225225945617, 0.18811618751518278, 0.08852735644200098, 0.25731420378336006], [0.10319476490034243, 0.14822402488263148, 0.11120329623934161, 0.6373779139776845], [0.11794791974555156, 0.417195564150951, 0.2680200070089116, 0.19683650909458597], [0.41722204495984705, 0.22754351902883704, 0.16414589712692704, 0.1910885388843889], [0.1863929829611339, 0.20166074249174137, 0.23777741073234712, 0.3741688638147776], [0.2529817931249329, 0.21293353578811386, 0.22065626895719379, 0.3134284021297596], [0.2076623607449464, 0.20197040935910782, 0.2151632137526368, 0.37520401614330895], [0.19051652668019758, 0.11829114909870395, 0.05630998815132248, 0.634882336069776], [0.48298935388071873, 0.2672999719435937, 0.09149998824009127, 0.15821068593559642], [0.13857057134076461, 0.42430426786576536, 0.05402298410431359, 0.38310217668915664], [0.34365809950597587, 0.15275669963916602, 0.2580978755562119, 0.24548732529864623], [0.17261520909100156, 0.3425221608195512, 0.1834975864954294, 0.3013650435940179], [0.19008695291823308, 0.2663727954003838, 0.13225189583037272, 0.4112883558510105], [0.15286316538266426, 0.5619992657858066, 0.11696030239625589, 0.16817726643527328], [0.2699166242514671, 0.4088397931079194, 0.09392416400088141, 0.22731941863973218], [0.3854236406093733, 0.12446944175080925, 0.0429331457417292, 0.44717377189808827], [0.3603174151000322, 0.22177759179316717, 0.1293500460367097, 0.2885549470700909], [0.19394597681920084, 0.24864338836012587, 0.18285665810211027, 0.3745539767185632], [0.534262493596569, 0.25908274775844786, 0.07510707237428411, 0.13154768627069907], [0.17579184448208368, 0.32570312710202337, 0.1526775867518491, 0.3458274416640438], [0.1432717695828144, 0.3211728011623185, 0.09748426233299097, 0.43807116692187614], [0.1505341140293969, 0.2885473274667292, 0.27090868146049557, 0.2900098770433782], [0.4565765796611786, 0.13860922057391356, 0.15309494984505814, 0.2517192499198496], [0.0752661597198869, 0.5942128006307262, 0.14568458581296292, 0.18483645383642397], [0.10951020944851039, 0.4721971876962425, 0.2272354774974118, 0.1910571253578352], [0.108693262030173, 0.15901670618698682, 0.10575979504687232, 0.6265302367359679], [0.5617577637524215, 0.11631399133849847, 0.16901358765663865, 0.1529146572524414], [0.24579189916550778, 0.2356944885605814, 0.1903244120582964, 0.3281892002156144], [0.22302551321910802, 0.36642932552397883, 0.07887040498132188, 0.33167475627559145], [0.16790764946688064, 0.3857132123354247, 0.1283692151006113, 0.3180099230970832], [0.34316974836169956, 0.2678261661156237, 0.12927833049525647, 0.25972575502742024], [0.38975653350355666, 0.1890457243396038, 0.09697757079846066, 0.324220171358379], [0.13324150500110402, 0.10953762813305291, 0.08363387042134703, 0.6735869964444962], [0.1609772163278628, 0.20080572542782665, 0.11755937384544322, 0.5206576843988675], [0.18962969805640947, 0.18752909743896423, 0.25963487825556775, 0.36320632624905874], [0.0977483261056039, 0.2782785655386589, 0.4675048394566538, 0.15646826889908347], [0.16337785856610998, 0.3445559899533704, 0.1673431783383122, 0.3247229731422074], [0.3796473941253743, 0.18616002758680755, 0.190488339558234, 0.24370423872958416], [0.24753766853586612, 0.33773968528327086, 0.09321747567058385, 0.32150517051027916], [0.1755447873705811, 0.24824637081869128, 0.20254535416873642, 0.37366348764199125], [0.13216422586079826, 0.5386400574664153, 0.11620053568288252, 0.21299518098990392], [0.3069491603415346, 0.18817508665451, 0.21015387033927843, 0.29472188266467697], [0.3114189795573647, 0.13579475033177574, 0.3770045101303417, 0.17578175998051784], [0.5984822288641987, 0.13443219508087836, 0.05678003760544125, 0.2103055384494818], [0.1393820843967501, 0.3535919036231241, 0.1438438362754694, 0.3631821757046567], [0.13995632423621499, 0.25474936401232373, 0.47001134083210233, 0.13528297091935906], [0.24256146000840476, 0.30665823615323545, 0.06508954754959724, 0.3856907562887627], [0.18812310325782855, 0.2738499027086625, 0.13600457301710958, 0.4020224210163995], [0.2203426426190396, 0.2404242426593712, 0.12166924446766073, 0.4175638702539286], [0.18021625159063331, 0.21396257950375594, 0.3901140336936625, 0.21570713521194837], [0.22329731193039665, 0.18768856834296152, 0.2582719382516197, 0.33074218147502216], [0.15934209008782313, 0.22376024634700337, 0.1298176686236176, 0.48707999494155596], [0.08693793528193193, 0.46102866369054657, 0.2521579488404751, 0.1998754521870464], [0.1827614405025204, 0.24033170851752023, 0.22797178806363333, 0.34893506291632614], [0.14580735051641586, 0.29256092578304416, 0.10034115658148511, 0.4612905671190551], [0.31845072821539466, 0.4404607144988094, 0.05885157380976508, 0.18223698347603084], [0.1002880362661735, 0.34303761821156126, 0.28784250680598084, 0.26883183871628424], [0.21465782646309683, 0.33332687429062063, 0.08698552445487394, 0.36502977479140886], [0.1865028265109435, 0.24797946477401553, 0.3941575442121969, 0.17136016450284408], [0.2381697094774078, 0.268465275953066, 0.17511329700092357, 0.3182517175686026], [0.13790019929418013, 0.3151354562970869, 0.13000825902618868, 0.41695608538254436], [0.2495105551784086, 0.43499685100193697, 0.20251618212942707, 0.11297641169022751], [0.1790496140703734, 0.19977737625795253, 0.13249458817114582, 0.48867842150052837], [0.1036688639983122, 0.24340228582898457, 0.35348048347418143, 0.299448366698522], [0.5013146578377888, 0.14130969446698363, 0.15986554820319013, 0.19751009949203754], [0.10951557353298011, 0.5940734625772532, 0.13575473920333714, 0.1606562246864295], [0.3064534501047464, 0.3069188009253995, 0.20489493543215703, 0.18173281353769707], [0.20632571759924345, 0.32120713720218275, 0.12071752992737345, 0.3517496152712006], [0.562539646900889, 0.05272886072010472, 0.04573424654088309, 0.3389972458381232], [0.2142798015282795, 0.30865174998019074, 0.25477312095995475, 0.2222953275315751], [0.28770557270392233, 0.4611694951588655, 0.0954856274061002, 0.15563930473111198], [0.2808453072324464, 0.27053658755155047, 0.18533588289359665, 0.2632822223224066], [0.2702453769874252, 0.2888702801200741, 0.19065698315362367, 0.25022735973887705], [0.10178325014756287, 0.35584818860163236, 0.1940030319643782, 0.3483655292864266], [0.19520053484095615, 0.33006473618810617, 0.09445751448320552, 0.3802772144877322], [0.32825016039083244, 0.4243442343662066, 0.10656091631302102, 0.14084468892994007], [0.18403381648362072, 0.22079931465669903, 0.210862451474688, 0.3843044173849924], [0.22382280326052986, 0.16592060250400534, 0.11564606273751879, 0.4946105314979461], [0.18350710534231676, 0.3110618760527195, 0.2113598432698758, 0.29407117533508803], [0.16749595709685886, 0.3577226363250442, 0.2117367041486514, 0.2630447024294456], [0.3119117354705218, 0.4337375267288367, 0.10725772362819408, 0.1470930141724475], [0.1809214198255001, 0.316128370280065, 0.1802699431867434, 0.32268026670769157], [0.4563463562652041, 0.2841475814007369, 0.07272710299917232, 0.18677895933488695], [0.2013026266544988, 0.31458041494993744, 0.279160099814349, 0.20495685858121485], [0.20294610812940803, 0.34266437300299196, 0.16783752923755735, 0.2865519896300425], [0.3263446249935512, 0.2948658930731055, 0.09631216326355213, 0.28247731866979126], [0.15830219901627735, 0.13243378848577855, 0.1065785955078037, 0.6026854169901404], [0.16980007048202103, 0.4355226248893144, 0.16718316109827389, 0.22749414353039052], [0.2792468737986547, 0.23376753849345047, 0.1585295906259502, 0.32845599708194473], [0.4076253578752077, 0.22088524815677094, 0.10738222957656936, 0.2641071643914521], [0.33451262716657804, 0.21340853096475018, 0.08627140620987149, 0.36580743565880036], [0.21653163130847125, 0.16620375745754146, 0.1549122355419061, 0.4623523756920811], [0.23779669983086982, 0.25536240454814435, 0.2015587798314329, 0.3052821157895531], [0.2409639033126625, 0.18281927358237932, 0.09458979484175101, 0.48162702826320714], [0.4282978657900289, 0.2995407354185988, 0.10481420247775418, 0.16734719631361805], [0.4954613727706354, 0.12322293838936686, 0.1744673739904787, 0.20684831484951896], [0.17015619248362152, 0.2949797400667647, 0.19989796646651473, 0.3349661009830991], [0.1552497055584892, 0.1840982284400007, 0.0749267453101598, 0.5857253206913503], [0.15674410675282188, 0.49543019504706864, 0.1733551733958713, 0.17447052480423816], [0.17112598369567644, 0.3670859950396216, 0.1881486448295475, 0.27363937643515457], [0.2440457602125733, 0.5479309939501446, 0.08561104010304042, 0.12241220573424191], [0.5381104863545548, 0.10757951645140096, 0.10507288401579369, 0.2492371131782505], [0.25619649795556165, 0.14811142369183009, 0.2973005690674656, 0.29839150928514263], [0.27110905535219604, 0.2941124015561599, 0.11998131768368274, 0.31479722540796123], [0.1464044807307655, 0.3975909312705794, 0.22338423991563897, 0.23262034808301615], [0.1732386184957602, 0.4724776178069164, 0.13992605153055912, 0.21435771216676425], [0.3162683287956788, 0.21403399171737017, 0.14213114688165807, 0.3275665326052931], [0.1404157059060337, 0.5333233777383722, 0.20260541822556857, 0.12365549813002541], [0.1855909858889461, 0.3298333929965737, 0.213934365129215, 0.2706412559852653], [0.27763110197697255, 0.364945049323827, 0.1186998233847722, 0.23872402531442832], [0.08626633462219928, 0.1942230245153779, 0.5017569275663071, 0.2177537132961157], [0.5599595713001385, 0.1942669275537244, 0.06251066660533444, 0.18326283454080286], [0.12526067725329368, 0.4203797574148511, 0.2885298254902821, 0.16582973984157312], [0.17952432181143316, 0.4026404817946902, 0.24731226809617765, 0.17052292829769894], [0.38893359918914955, 0.18626738515359964, 0.21829271116603552, 0.2065063044912153], [0.17711523923056138, 0.2667684561981333, 0.08979893953846119, 0.4663173650328441], [0.19903054519033408, 0.3516938732302222, 0.17714795380963724, 0.27212762776980653], [0.14833100181554248, 0.3439613741984567, 0.2243811570509654, 0.28332646693503544], [0.16688293661660084, 0.2785902773397991, 0.2582202374519595, 0.2963065485916405], [0.10197061527660518, 0.1457553166071823, 0.20705875316164968, 0.5452153149545628], [0.7599763326680316, 0.08130310053309084, 0.059321319290051924, 0.09939924750882569]]}, "rewritten": {"ids": ["97107260", "97109570", "97111790", "97116410", "98107380", "98108370", "98109090", "98109230", "98110230", "98110810", "98111620", "98111860", "98116940", "98120530", "98121790", "99107300", "99107950", "99108580", "99108710", "99109740", "99109910", "99111000", "99111340", "100108580", "100120010", "101108121", "101108580", "101111140", "101111210", "102108621", "102110240", "102110850", "102112030", "102121440", "103110100", "103110840", "103111170", "103112470", "103113170", "103113640", "103118291", "104113000", "104113190", "104114230", "104114740", "104116441", "104116800", "104116980", "104117200", "104117630", "105112240", "105113260", "105113620", "105114220", "105115680", "105117431", "105118740", "105119950", "106113830", "106114011", "106115120", "106116370", "106116640", "106116820", "106119260", "107114490", "107114621", "107115250", "107116980", "107117630", "107118490", "107120260", "107121540", "108115070", "108115250", "108116501", "108118301", "108118520", "108118810", "108119330", "108119550", "108120060", "108120260", "108120280", "108121410", "109115220", "109116040", "109116810", "109116930", "109117110", "109117271", "109120621", "109121410", "109121640", "110115140", "110115890", "110118121", "110118161", "110118301", "110118450", "110118701", "110118740", "110118930", "110119030", "110119300", "110120531", "110120700", "110121450", "111114941", "111116110", "111116530", "111116990", "111117200", "111118301", "111118810", "111119150", "111119580", "111119930", "111120260", "111121220", "112116501", "112116900", "112117580", "112118161", "112118511", "112118530", "112118581", "112118880", "112119320", "112120290", "112120700", "113117340", "113117550", "113118421", "113118810", "113119300", "113119700", "113119930", "113120070", "113121410", "113121680", "113122320"], "labels": [2, 0, 2, 3, 1, 1, 1, 1, 3, 1, 3, 0, 2, 1, 2, 3, 1, 0, 2, 3, 2, 2, 1, 0, 0, 0, 0, 2, 2, 3, 3, 3, 2, 2, 1, 1, 2, 1, 3, 1, 0, 1, 3, 2, 2, 1, 1, 1, 3, 0, 1, 3, 0, 3, 2, 1, 1, 3, 1, 1, 1, 2, 3, 1, 1, 3, 0, 2, 3, 0, 2, 1, 2, 1, 1, 0, 1, 0, 1, 0, 1, 1, 1, 3, 0, 3, 0, 3, 0, 1, 0, 1, 0, 0, 0, 2, 3, 0, 1, 0, 3, 3, 1, 0, 1, 0, 2, 3, 0, 3, 3, 0, 0, 3, 0, 3, 3, 1, 3, 3, 3, 3, 0, 0, 1, 1, 1, 1, 1, 1, 2, 2, 3, 3, 3, 1, 0, 1, 2, 0, 1, 1], "predicted_labels": [2, 3, 3, 1, 1, 3, 1, 3, 0, 0, 3, 1, 3, 1, 1, 0, 2, 1, 3, 0, 0, 1, 1, 2, 1, 1, 0, 3, 3, 3, 3, 2, 1, 1, 3, 1, 2, 3, 3, 0, 0, 3, 0, 3, 0, 3, 0, 3, 3, 3, 3, 1, 3, 3, 3, 1, 3, 2, 3, 0, 0, 2, 3, 0, 1, 3, 1, 1, 0, 3, 1, 1, 3, 1, 1, 1, 3, 1, 3, 1, 3, 1, 1, 3, 0, 3, 3, 3, 1, 3, 0, 3, 2, 1, 3, 3, 1, 3, 3, 3, 3, 3, 3, 1, 0, 3, 3, 0, 3, 3, 1, 0, 3, 0, 0, 3, 0, 0, 1, 3, 1, 1, 1, 0, 3, 1, 3, 2, 3, 2, 1, 1, 0, 0, 3, 2, 1, 0, 1, 3, 3, 3], "confidence_scores": [[0.17065717837305674, 0.1873580484516348, 0.3658687212419885, 0.27611605193331995], [0.13851357436182876, 0.29369085828389774, 0.14882263857997008, 0.41897292877430337], [0.17541490391898165, 0.17854286361785782, 0.1810726495389063, 0.46496958292425433], [0.20149897931474894, 0.415626879061307, 0.2257117384512213, 0.15716240317272273], [0.21299190699196532, 0.38534396394533504, 0.1366477148760636, 0.2650164141866361], [0.2055656734511342, 0.17033208100895367, 0.14336275424359074, 0.48073949129632154], [0.1529273495926951, 0.46115180125059174, 0.1146051021395221, 0.27131574701719113], [0.18252090243845517, 0.22338028196996976, 0.29108486421634955, 0.3030139513752256], [0.5618608404910017, 0.2688930619933845, 0.10170309439149504, 0.06754300312411887], [0.4714572147709638, 0.2923020479637062, 0.13495819697578057, 0.10128254028954937], [0.20066216005641832, 0.24756628861200958, 0.20816255951442264, 0.3436089918171493], [0.1943498753778311, 0.3378666213261671, 0.1771865566699646, 0.29059694662603713], [0.23425200180345973, 0.29210576028600427, 0.1337433519706437, 0.3398988859398925], [0.25313513157118683, 0.3217877041711292, 0.3067308228801241, 0.11834634137755976], [0.15006693199494986, 0.32806574316001424, 0.2051577643851242, 0.3167095604599118], [0.5550841606010039, 0.11426261779865175, 0.14234519458687775, 0.18830802701346666], [0.12996126500734148, 0.26503173147232356, 0.3852267308820539, 0.2197802726382809], [0.16982184125937413, 0.32527602916941223, 0.2497776235667559, 0.2551245060044577], [0.21596430479011142, 0.31129696864306583, 0.10076771309275503, 0.3719710134740679], [0.35700628639845317, 0.1554740858419936, 0.3161312019147205, 0.17138842584483285], [0.3627416060790582, 0.19971019262898793, 0.3024267843300175, 0.13512141696193647], [0.21111593111577337, 0.32095497576483384, 0.18146669148487465, 0.28646240163451814], [0.1421330472261986, 0.5106416415292908, 0.10161616509679255, 0.245609146147718], [0.19310366438180276, 0.27086217726136114, 0.33228420741048564, 0.2037499509463506], [0.1880705085351813, 0.48423703537151647, 0.12823670099389242, 0.19945575509940985], [0.2667662206450502, 0.32624989971618484, 0.11098084950881412, 0.2960030301299508], [0.3954922299469587, 0.22591411309272927, 0.23136339781909082, 0.1472302591412213], [0.11349407827555452, 0.25028188350153524, 0.16967804770943767, 0.46654599051347245], [0.17128627565765836, 0.2078390287923154, 0.13169488664581006, 0.48917980890421625], [0.16736234651368312, 0.30603982238414906, 0.16106146498976107, 0.36553636611240675], [0.25244946301235466, 0.2666835865166526, 0.164251850094216, 0.3166151003767768], [0.21544706804384461, 0.21325102333919996, 0.33129388571725465, 0.24000802289970063], [0.2188256820888751, 0.35512072995008254, 0.19470952368019145, 0.23134406428085103], [0.25111261141461705, 0.3286346845336216, 0.16247986092739242, 0.25777284312436904], [0.19754310490397162, 0.20831440841998278, 0.23818569262497735, 0.3559567940510685], [0.12083374559859343, 0.5108283748340761, 0.16303787755797292, 0.2053000020093576], [0.25615599235493414, 0.2265243353186215, 0.3492149182757284, 0.16810475405071593], [0.20835971704752487, 0.2351390060183103, 0.18178373352687618, 0.3747175434072888], [0.14985698378138404, 0.1677213957195065, 0.28620532690022393, 0.3962162935988853], [0.5532808650828974, 0.1533851291399994, 0.10945420614285678, 0.18387979963424655], [0.33691051486021845, 0.22292154986257687, 0.123581433099261, 0.3165865021779439], [0.21760819204194223, 0.2489486388014405, 0.09808697560618532, 0.43535619355043187], [0.37380434837639137, 0.19656605372534103, 0.16602352631860434, 0.26360607157966326], [0.20846501343593046, 0.21449854649684771, 0.1493269357021409, 0.4277095043650809], [0.6062694782068786, 0.155217556068246, 0.1178358324683349, 0.12067713325654052], [0.2839725795792924, 0.1812148838463195, 0.09812993255054511, 0.43668260402384307], [0.38420886987607794, 0.162035441698728, 0.08100902225312961, 0.3727466661720645], [0.2971020913827922, 0.25704356374694487, 0.08250341172240544, 0.3633509331478575], [0.17565620430802092, 0.15234178190419315, 0.13066328809081068, 0.5413387256969754], [0.15267805661063882, 0.1696770646582615, 0.25841114511071384, 0.4192337336203858], [0.12931579176118813, 0.3548396752014692, 0.1162033717884991, 0.3996411612488437], [0.1903194996755309, 0.39723390771322636, 0.17384126466085847, 0.23860532795038428], [0.20904146756742792, 0.2693258888167046, 0.21859676640766154, 0.3030358772082059], [0.18334223379696443, 0.34292655514893927, 0.08628247975837333, 0.38744873129572294], [0.1297441057972214, 0.2752535913996205, 0.11422833825945543, 0.4807739645437027], [0.2464378677147606, 0.47821383802704814, 0.13260027417844528, 0.1427480200797461], [0.11716934809095862, 0.2365874528071782, 0.3122216746874764, 0.33402152441438676], [0.16256520308243338, 0.24382858869706356, 0.42683410698306795, 0.16677210123743505], [0.31636200606959497, 0.1973565036566048, 0.10268259619535322, 0.38359889407844705], [0.33597187304045445, 0.178366592515289, 0.20117256458426794, 0.2844889698599888], [0.30011655959494415, 0.28977362576260113, 0.11678911273210794, 0.2933207019103467], [0.15459351726187598, 0.21033306008160188, 0.3735485496786903, 0.2615248729778319], [0.18145199928222794, 0.14914636303522188, 0.17903779940940445, 0.4903638382731457], [0.47295564201486656, 0.21311087525460073, 0.09962502386761148, 0.2143084588629213], [0.19183339233553948, 0.2962702796195755, 0.23639160727254527, 0.27550472077233995], [0.10292686047961218, 0.09760854026487772, 0.18102855125691023, 0.6184360479986], [0.1531475365619345, 0.36243995199997936, 0.1718917508768813, 0.312520760561205], [0.22073325768075597, 0.3436918454528698, 0.20583525337300457, 0.2297396434933695], [0.4395431639781898, 0.19658340472955763, 0.15953527039726975, 0.20433816089498275], [0.16469914632822938, 0.2434349704568911, 0.21696551013809368, 0.3749003730767859], [0.1819577692811375, 0.32643983669128546, 0.2009659121295952, 0.2906364818979819], [0.17959696293613397, 0.47781874182513284, 0.1649186481120096, 0.17766564712672378], [0.12806400159754594, 0.170824544390108, 0.1515259466058803, 0.5495855074064657], [0.30962938312161253, 0.31100016183305285, 0.14708790370133026, 0.23228255134400433], [0.2342448674045878, 0.34149195218385475, 0.20768152107943696, 0.21658165933212045], [0.1866572844447275, 0.3985560419374852, 0.18126915419803516, 0.23351751941975235], [0.16748120848963532, 0.2289609097440939, 0.09233716366888907, 0.5112207180973818], [0.15665958567518104, 0.542776172928237, 0.09448807536886333, 0.20607616602771855], [0.1722290909625098, 0.11497277309638111, 0.07537225416548624, 0.6374258817756229], [0.21412255601525884, 0.268951482268254, 0.2491473834271961, 0.2677785782892911], [0.17364032304282914, 0.1488561886065233, 0.30701277800703985, 0.37049071034360775], [0.15496076630545416, 0.4020274411892703, 0.26090836846371435, 0.1821034240415612], [0.16186785706893883, 0.37537858424317816, 0.16934413219667976, 0.2934094264912033], [0.29369126295881504, 0.23133514769384528, 0.14013682596469146, 0.33483676338264845], [0.5025579623322302, 0.1731123045044648, 0.12391279802433562, 0.20041693513896947], [0.13683552232662247, 0.19305318308224642, 0.09828960658877152, 0.5718216880023594], [0.21653680726625263, 0.22665255318041302, 0.11026371364854634, 0.4465469259047881], [0.3448748432252372, 0.2151993314622949, 0.09368355823391702, 0.34624226707855094], [0.2534920361872986, 0.31963209635764556, 0.19576988500721665, 0.23110598244783936], [0.2998429544534753, 0.1959430809669834, 0.16527116390212013, 0.33894280067742116], [0.7189065358166684, 0.10378941525532744, 0.10328722164603092, 0.07401682728197337], [0.15427360644318427, 0.19577490802572772, 0.07685688986145818, 0.5730945956696297], [0.09469109028930986, 0.2422648297345634, 0.4243490886007593, 0.23869499137536748], [0.2492707641356281, 0.4482595444404794, 0.09047807931908942, 0.21199161210480325], [0.20818275662140676, 0.18863507957044298, 0.14287038625950438, 0.46031177754864583], [0.23016605572762408, 0.25493380248365144, 0.21745647648976602, 0.2974436652989583], [0.18890327077252259, 0.4800913728955635, 0.09991812294195151, 0.23108723338996265], [0.14709550379388128, 0.2617099835324647, 0.15206626203112636, 0.4391282506425276], [0.23076232620792914, 0.2884831089110795, 0.18566392508536572, 0.29509063979562583], [0.1802306208057325, 0.22382647577929696, 0.18671569764004242, 0.4092272057749282], [0.20582146664352566, 0.16600068158286976, 0.15706725073282085, 0.4711106010407838], [0.2681222456538201, 0.20649669184463607, 0.12486391075578038, 0.40051715174576363], [0.3061057463760601, 0.22070660186257732, 0.08545530173518519, 0.3877323500261773], [0.13358799820649908, 0.5057064517341257, 0.09330605185350176, 0.2673994982058736], [0.34447340520277875, 0.27658531941909287, 0.18278813427952278, 0.19615314109860574], [0.08055005275138148, 0.09308640825678596, 0.04407306059693439, 0.7822904783948983], [0.16009311444055885, 0.2219292084722984, 0.24304639566096814, 0.37493128142617466], [0.40506800744343174, 0.3068854266836109, 0.120864067315589, 0.16718249855736828], [0.3146701589181442, 0.21108607839914262, 0.10561234347510241, 0.3686314192076107], [0.1389293124203453, 0.27606341490313024, 0.06134475171869485, 0.5236625209578296], [0.2360165699900469, 0.36715326071713433, 0.12357867395722602, 0.2732514953355928], [0.7003050398426254, 0.10567354967901675, 0.06541814323255009, 0.12860326724580773], [0.22498293501022668, 0.26175044550828047, 0.12189683913700433, 0.39136978034448844], [0.5304476799563245, 0.12101273045163786, 0.14517920938227152, 0.20336038020976605], [0.45566519184885146, 0.1318087811453632, 0.1991283512458408, 0.21339767575994467], [0.2514159444547425, 0.30966438815035613, 0.08617107931264521, 0.3527485880822562], [0.40504329193408717, 0.16166559054964097, 0.17355099099544388, 0.25974012652082806], [0.4451396435352932, 0.18434812892635014, 0.08251089477080836, 0.28800133276754836], [0.30814365495464907, 0.37591210027371863, 0.08600947425266799, 0.2299347705189645], [0.17894601411125366, 0.19456067945352265, 0.034084276269325156, 0.5924090301658985], [0.13214929011000678, 0.44706166536711683, 0.08443691879116767, 0.3363521257317087], [0.13996171308931374, 0.3839678028515058, 0.23635929135756936, 0.23971119270161131], [0.16196576749799008, 0.4022669946856482, 0.12276891804103965, 0.31299831977532216], [0.3252110641093724, 0.16711948430047546, 0.2713820086821576, 0.2362874429079945], [0.13118708436911777, 0.3126584840663298, 0.09352466920535721, 0.4626297623591953], [0.12882429929656714, 0.5768528543041679, 0.12663999371348364, 0.16768285268578126], [0.14956561237739016, 0.24933420070272524, 0.11104670929927443, 0.49005347762061024], [0.1653901904247452, 0.24467406545409603, 0.32873068096901514, 0.2612050631521437], [0.1315647310288034, 0.21826855305440288, 0.2152935398011807, 0.4348731761156131], [0.2173384411447652, 0.17774239031522943, 0.3285197339247638, 0.2763994346152416], [0.11330785074336135, 0.3457018487327789, 0.20349228661705518, 0.3374980139068047], [0.12947627042580215, 0.5916140855096018, 0.09570055365689627, 0.1832090904076997], [0.3111005270669647, 0.2994663919711436, 0.10557847136305765, 0.283854609598834], [0.43346887038351406, 0.16784819287317668, 0.11200682756855164, 0.2866761091747576], [0.15580059937568436, 0.23518817752514154, 0.2220579199931603, 0.38695330310601384], [0.13651688204514445, 0.1426806554713766, 0.5273877402313599, 0.19341472225211898], [0.1180099874023215, 0.5605523504783154, 0.04712071439072609, 0.274316947728637], [0.5256377217114706, 0.17192865024560974, 0.08265729011829419, 0.21977633792462553], [0.13832106040703174, 0.5202036800848953, 0.205853998719042, 0.13562126078903108], [0.1328111794960418, 0.12311706086987534, 0.12366561549155504, 0.6204061441425279], [0.11399736119097346, 0.36221018179007436, 0.09537707557911342, 0.4284153814398388], [0.2740728290973755, 0.2982259671254792, 0.1073628226855178, 0.3203383810916275]]}}