{"test": {"ids": ["112118880", "107118820", "108117720", "102113350", "104111531", "105115720", "97110950", "101111310", "109119340", "100111080", "109115070", "112116610", "113118620", "108114200", "99119830", "110114651", "102112301", "99110730", "105119550", "112117461", "101112201", "101114990", "106115120", "103111990", "106117650", "108118520", "101108121", "113121680", "111116040", "104111380", "106114011", "105113480", "110119030", "105111990", "101119030", "109117630", "103112470", "97107950", "108116481", "112117210", "104111711", "98112170", "97107260", "107113360", "110116170", "103111110", "100109980", "109114651", "112116501", "97112300", "111117571", "112121430", "113122220", "105112100", "112116850", "113122170", "99108000", "112119120", "100111270", "109114220", "98108970", "106112770", "111116530", "101111210", "110118181", "100109330", "109116441", "108119550", "112117030", "101114020", "112120540", "109117600", "110121450", "112117471", "107113200", "100109801", "107114110", "100108990", "101113210", "99108010", "111116100", "109119460", "101108460", "106113190", "107117010", "110121140", "113120531", "108114040", "98109230", "107113260", "109115220", "97106600", "107120130", "110117870", "104113190", "99108310", "105112240", "100108490", "111116750", "106117790", "105119950", "103110050", "108117451", "104113380", "102110690", "98110230", "113118511", "112116640", "111115770", "110117110", "110117080", "109117730", "98111860", "106114150", "112118161", "99107950", "109116930", "104111830", "113117630", "112118581", "101116130", "100108080", "102110240", "110118701", "106119260", "113122180", "103110840", "107117630", "113118231", "99112300", "107112840", "98107210", "111116170", "108121190", "101108290", "98111231", "97116800", "98109090", "103118291", "99117630", "112116900", "100108520"], "labels": [1, 3, 1, 3, 0, 1, 3, 3, 3, 0, 0, 1, 3, 0, 1, 3, 1, 3, 1, 0, 0, 3, 1, 2, 1, 0, 0, 1, 0, 3, 1, 0, 0, 2, 3, 0, 1, 2, 0, 1, 1, 3, 2, 0, 0, 3, 1, 3, 3, 2, 3, 2, 1, 1, 0, 1, 2, 1, 2, 3, 3, 1, 3, 2, 1, 0, 3, 1, 2, 3, 3, 1, 3, 3, 0, 0, 1, 2, 3, 2, 3, 1, 0, 0, 1, 3, 0, 0, 1, 0, 3, 3, 2, 3, 3, 2, 1, 2, 3, 1, 3, 3, 2, 1, 0, 3, 1, 0, 3, 0, 1, 3, 0, 1, 0, 1, 0, 3, 0, 1, 2, 0, 3, 3, 1, 2, 1, 0, 3, 0, 1, 1, 0, 1, 0, 1, 0, 1, 0, 3, 3, 2], "predicted_labels": [0, 3, 3, 3, 1, 1, 0, 1, 3, 1, 1, 0, 1, 1, 2, 3, 3, 2, 1, 3, 0, 2, 3, 1, 2, 0, 0, 3, 3, 3, 1, 1, 1, 3, 3, 0, 1, 3, 3, 3, 0, 0, 2, 0, 1, 3, 1, 1, 3, 2, 0, 1, 1, 0, 3, 2, 1, 3, 1, 3, 1, 1, 1, 3, 1, 0, 0, 2, 3, 1, 1, 3, 3, 3, 0, 3, 0, 1, 1, 1, 1, 3, 3, 3, 1, 0, 1, 1, 2, 2, 3, 1, 1, 3, 1, 1, 1, 2, 0, 3, 1, 1, 3, 3, 3, 3, 1, 1, 0, 1, 3, 1, 2, 0, 0, 1, 0, 1, 1, 1, 3, 2, 0, 1, 3, 3, 1, 0, 1, 3, 1, 3, 1, 1, 1, 0, 0, 0, 1, 3, 1, 2], "confidence_scores": [[0.652170880637109, 0.24796251221532764, 0.015674699177621623, 0.08419190796994161], [0.04308076556185291, 0.19935807638594816, 0.07642462486505786, 0.6811365331871412], [0.2257871382342871, 0.03630956918811768, 0.027294203913451727, 0.7106090886641437], [0.3075337397852484, 0.07221663773117941, 0.28199136996178753, 0.33825825252178465], [0.1960094509499667, 0.5974999264947919, 0.053997343939336064, 0.15249327861590556], [0.03379489180269913, 0.3840180989877679, 0.4494417307965248, 0.1327452784130082], [0.9678379817410352, 0.0064540526623002616, 0.018835032172011677, 0.006872933424652931], [0.10212728881489046, 0.44491923705309844, 0.36528432975715136, 0.08766914437485959], [0.33277787415947796, 0.24060870201951828, 0.049889952651518646, 0.3767234711694849], [0.2130372487087133, 0.36844392991054764, 0.3271500529752695, 0.09136876840546962], [0.16520595556789278, 0.7432052869505398, 0.012152428741753768, 0.0794363287398134], [0.5499047440441374, 0.23085125102466483, 0.09825434179406689, 0.12098966313713083], [0.27048787839494964, 0.41193134523971175, 0.02443020020526052, 0.2931505761600781], [0.0631789487581044, 0.7935669658345429, 0.10769029063210371, 0.03556379477524914], [0.19047353608718778, 0.13731233880963764, 0.5711771975715935, 0.10103692753158107], [0.15750641616754313, 0.03980592456769657, 0.02059209114992383, 0.7820955681148368], [0.2366658948907065, 0.11825822726804468, 0.06207357995167573, 0.5830022978895731], [0.017715969687497262, 0.08498333638524597, 0.846010239863522, 0.05129045406373481], [0.06185906372228494, 0.5678522529655734, 0.22622146276381544, 0.1440672205483265], [0.1924068137931515, 0.10225525605518847, 0.005575387586580683, 0.6997625425650794], [0.8659361713428962, 0.08687181143732661, 0.002075478346057355, 0.045116538873720004], [0.03125967717523165, 0.17761375926873485, 0.7331514624950718, 0.05797510106096166], [0.4746131171364833, 0.0764734363293004, 0.005574433044987146, 0.44333901348922916], [0.22444905527686354, 0.49015972469382846, 0.10723450696741718, 0.178156713061891], [0.055759785756135355, 0.1254164668944154, 0.7618424989198884, 0.056981248429561135], [0.7155333537396935, 0.21676682019095994, 0.03936900528617368, 0.028330820783172842], [0.7937085768107399, 0.02130542411004047, 0.006133850344944896, 0.17885214873427466], [0.08057845643512443, 0.19109860710686058, 0.20809642490746177, 0.5202265115505531], [0.2237572843522262, 0.024127776186483253, 0.004079001319629451, 0.7480359381416612], [0.27992886938104616, 0.1722043148173113, 0.3315439373976105, 0.21632287840403153], [0.0889767007220885, 0.5512827908468135, 0.1697700713217696, 0.18997043710932857], [0.11212255687049295, 0.3141447454438382, 0.3696988026200955, 0.20403389506557323], [0.08266032217452843, 0.5043752141030624, 0.02126019005335163, 0.3917042736690577], [0.038554812247476415, 0.36816939438322965, 0.09329525361680258, 0.4999805397524916], [0.07756701327205376, 0.20367770055965534, 0.2513558234962698, 0.4673994626720207], [0.49368752343793676, 0.24478619678292868, 0.018768158488946047, 0.24275812129018848], [0.18846076877766146, 0.43291446150236473, 0.09820407454391683, 0.28042069517605694], [0.04240164584528338, 0.07018571526836347, 0.6559293867401408, 0.2314832521462122], [0.22063497219679376, 0.2572188721415714, 0.0034908146315339094, 0.5186553410301014], [0.05127844474956049, 0.17903818924805345, 0.44376924434453113, 0.32591412165785494], [0.32388727708802356, 0.2922707111324324, 0.11475202713230197, 0.2690899846472423], [0.7884558201433978, 0.009034351099304758, 0.03706625475744649, 0.1654435739998509], [0.20864950275791921, 0.09203452609529955, 0.602274274425315, 0.09704169672146622], [0.5881345975193397, 0.23121311347481402, 0.008653934940874027, 0.1719983540649726], [0.4325435393993447, 0.33289017233908835, 0.03600066363875969, 0.1985656246228074], [0.2363407088983898, 0.1426208127823991, 0.04506465491983624, 0.5759738233993749], [0.2644775623653386, 0.229041678943316, 0.28508231017607316, 0.22139844851527252], [0.15806272442793667, 0.5978667047897258, 0.02390315990552214, 0.22016741087681554], [0.3367826381814813, 0.12839391164976202, 0.006173796970314882, 0.5286496531984416], [0.15817765025592775, 0.11380954877033965, 0.5425155695933683, 0.18549723138036422], [0.3916461093857815, 0.2876965281370113, 0.03799902094396681, 0.28265834153324], [0.27003169350805284, 0.22311285245119944, 0.40933504905247, 0.09752040498827791], [0.08333971330842177, 0.7586419120902657, 0.030818152117652625, 0.12720022248366009], [0.5391767536318612, 0.08765187581673148, 0.08354229990239251, 0.2896290706490143], [0.15724469644140252, 0.26850307485817343, 0.008817343652631376, 0.5654348850477924], [0.018199024023751276, 0.07729931190924268, 0.7833689177795382, 0.12113274628746748], [0.06427703571837394, 0.6345473281649866, 0.14981445536146637, 0.1513611807551732], [0.12255663093372693, 0.09841259854594744, 0.03772617163563537, 0.7413045988846899], [0.05330141885189082, 0.3461009700441847, 0.3481361813975024, 0.252461429706422], [0.508363687515067, 0.07109293286036958, 0.011048856125186749, 0.4094945234993764], [0.016236209271150836, 0.3953507075978536, 0.533928960522664, 0.05448412260833162], [0.11622218022147245, 0.41729351163041883, 0.23822693782356844, 0.22825737032454044], [0.07093315173034849, 0.44371312374601896, 0.02853139607945448, 0.4568223284441782], [0.0625242437673133, 0.22688444999282803, 0.07169770030898585, 0.6388936059308731], [0.10144570160559235, 0.7037016706441025, 0.1815968693203088, 0.013255758429996753], [0.613317998670379, 0.22900777997148208, 0.03058271499945772, 0.12709150635868147], [0.7699861537457839, 0.060661364614670026, 0.00026756724770632824, 0.16908491439183962], [0.03158838851755811, 0.12698598043065956, 0.7288221456780806, 0.11260348537370186], [0.07176573235109639, 0.23255215711109828, 0.27871006221418826, 0.41697204832361734], [0.27121955557425786, 0.36227267949821385, 0.09132503669890456, 0.2751827282286237], [0.45185276198445135, 0.4681174769704479, 0.035745724564698045, 0.04428403648040278], [0.047436887528269994, 0.09267850707566912, 0.37291785240399145, 0.4869667529920697], [0.21321642837754182, 0.15927540600602907, 0.003987283721066959, 0.6235208818953619], [0.37837616788814665, 0.23241916185379588, 0.03523773400036897, 0.35396693625768855], [0.5484442354862321, 0.08506936582723297, 0.0025505283359163844, 0.36393587035061853], [0.20821034099423893, 0.2626377561324162, 0.08246767338951407, 0.4466842294838308], [0.6605677031387245, 0.06540070857797083, 0.10835690178839175, 0.1656746864949132], [0.2889042343101677, 0.46760914564994405, 0.12440003938508733, 0.11908658065480082], [0.11651738394490135, 0.24041937238406752, 0.5109332570395354, 0.13212998663149553], [0.09623807411887174, 0.5115848487171979, 0.26977277318027054, 0.12240430398365974], [0.2708746165329541, 0.6314288555205478, 0.026781672960350666, 0.07091485498614764], [0.04888969113767592, 0.27484679905737897, 0.04493932751879591, 0.6313241822861493], [0.2417686065354395, 0.025169149438937888, 0.09214073168468362, 0.6409215123409387], [0.1317279789787686, 0.23046187072309374, 0.2701744569228812, 0.3676356933752561], [0.12793329274868595, 0.2397915386494914, 0.5423621489458893, 0.08991301965593308], [0.6795324881886524, 0.08300835146905683, 0.011537735199285262, 0.22592142514300587], [0.38353307091058253, 0.3985419025105092, 0.017708297184220595, 0.2002167293946873], [0.11196247223691635, 0.2978837443062509, 0.3184066418569234, 0.2717471415999087], [0.09546594349084322, 0.039431263598559765, 0.7616041334421361, 0.10349865946846089], [0.2130147529167305, 0.16390817828221615, 0.4957261232960129, 0.12735094550504042], [0.06798200007001431, 0.098560312915096, 0.08763015255454576, 0.7458275344603444], [0.29463615943748706, 0.36415099311321836, 0.026472019603405318, 0.314740827845889], [0.028693527578585246, 0.8652435094593913, 0.015925273354398164, 0.09013768960762521], [0.2054515497211507, 0.046482904417495384, 0.28394959250318336, 0.4641159533581708], [0.04863622089359656, 0.4982245754628365, 0.0397900541996684, 0.4133491494438985], [0.28537810756707405, 0.36882615595574314, 0.2540721013316159, 0.09172363514556676], [0.10758002419154837, 0.44063442807762404, 0.15044041885605644, 0.30134512887477144], [0.07882283673036448, 0.08848658236917774, 0.7483814559306372, 0.08430912496982058], [0.5852925642474939, 0.05308247981512477, 0.017594466920707676, 0.34403048901667377], [0.2994252966160056, 0.23738107460049485, 0.10922208437129712, 0.3539715444122024], [0.40102204836150485, 0.20505082790525914, 0.26308813184758606, 0.1308389918856498], [0.18248092594432, 0.4337505749131992, 0.09620356258476466, 0.2875649365577166], [0.4785612085834613, 0.07175807397026195, 0.07368556787163125, 0.3759951495746452], [0.14430347232525376, 0.240128555357715, 0.065237445696775, 0.5503305266202563], [0.446848667991903, 0.16493871666665355, 0.01953560952640628, 0.3686770058150372], [0.1222461098542802, 0.27390508664411956, 0.14762759801563766, 0.4562212054859625], [0.07975854861075692, 0.8311895637329532, 0.011871466446570217, 0.07718042120971982], [0.05489476382100303, 0.5521688708841271, 0.03339147311268029, 0.35954489218218916], [0.7578120490291248, 0.02869618408367558, 0.004575443284840571, 0.20891632360235923], [0.11361368276684376, 0.6075842484738313, 0.058384325494205, 0.22041774326512004], [0.05576844057512071, 0.16418341941378112, 0.052003045947062974, 0.7280450940640352], [0.22552008174822866, 0.28138050239740153, 0.31314736111346647, 0.1799520547409034], [0.013609025528960096, 0.0412823073966287, 0.93417856128368, 0.010930105790731153], [0.4373143942135999, 0.1339574410093304, 0.2809258278636295, 0.1478023369134402], [0.5851622821657394, 0.3481262651796554, 0.014073209600436674, 0.052638243054168324], [0.026151758788883536, 0.3869244641054112, 0.5523585587233005, 0.03456521838240462], [0.6085072697488386, 0.07089673059334156, 0.002859599947797918, 0.317736399710022], [0.02031614369212009, 0.5145998178548777, 0.04762985366825839, 0.41745418478474394], [0.33116718385332206, 0.27517510290638364, 0.15108377995626684, 0.24257393328402743], [0.06901682451085894, 0.529037777508582, 0.21195434781152744, 0.18999105016903112], [0.05346864579802743, 0.19175769558301647, 0.22184710815819167, 0.5329265504607648], [0.02664114710954183, 0.15615078193590515, 0.6255723127008637, 0.19163575825368953], [0.4221606756677477, 0.2447553590744167, 0.11675249938687612, 0.21633146587095933], [0.47235022221859585, 0.3120443331808635, 0.02273370617263506, 0.19287173842790523], [0.2245072441885519, 0.023161523156234102, 0.35961577426613944, 0.3927154583890748], [0.02194806880035053, 0.23763419543015374, 0.1084701257807717, 0.6319476099887239], [0.13406826105929834, 0.4323232122001468, 0.10900407880154579, 0.32460444793900883], [0.7908915183936215, 0.03306404965905225, 0.13419754459815728, 0.04184688734916881], [0.14161248145880553, 0.3199383232938849, 0.24708100850341447, 0.2913681867438953], [0.2568231191827576, 0.02079530251428213, 0.11421056072031624, 0.6081710175826444], [0.02565270355779122, 0.8395850211283238, 0.07202881892774878, 0.06273345638613619], [0.03930150388382718, 0.26964749682199013, 0.2582459932921022, 0.4328050060020804], [0.09650688605619122, 0.7754810596372036, 0.015883722046118508, 0.11212833226048674], [0.008962197841887226, 0.284921777631825, 0.6082954381859426, 0.09782058634034507], [0.20890142556883098, 0.5582063649356165, 0.05701104784338851, 0.17588116165216408], [0.6483362991973398, 0.07980025153124941, 0.22539798282929588, 0.046465466442114946], [0.8395676090145052, 0.047079994300782364, 0.014612161326486763, 0.09874023535822561], [0.43613688774382947, 0.17068563044522603, 0.22036420653354008, 0.17281327527740437], [0.408241509863175, 0.2655762278344662, 0.06814894023037413, 0.25803332207198465], [0.24422635016833036, 0.21280958368266065, 0.3107619255905483, 0.23220214055846117], [0.39464183965047234, 0.3245909743132781, 0.050966372734523376, 0.2298008133017262], [0.07755629155540796, 0.008327832338448792, 0.7860111239302922, 0.12810475217585107]]}, "rewritten": {"ids": ["97106600", "97107260", "97107950", "97110950", "97112300", "97116800", "98107210", "98108970", "98109090", "98109230", "98110230", "98111231", "98111860", "98112170", "99107950", "99108000", "99108010", "99108310", "99110730", "99112300", "99117630", "99119830", "100108080", "100108490", "100108520", "100108990", "100109330", "100109801", "100109980", "100111080", "100111270", "101108121", "101108290", "101108460", "101111210", "101111310", "101112201", "101113210", "101114020", "101114990", "101116130", "101119030", "102110240", "102110690", "102112301", "102113350", "103110050", "103110840", "103111110", "103111990", "103112470", "103118291", "104111380", "104111531", "104111711", "104111830", "104113190", "104113380", "105111990", "105112100", "105112240", "105113480", "105115720", "105119550", "105119950", "106112770", "106113190", "106114011", "106114150", "106115120", "106117650", "106117790", "106119260", "107112840", "107113200", "107113260", "107113360", "107114110", "107117010", "107117630", "107118820", "107120130", "108114040", "108114200", "108116481", "108117451", "108117720", "108118520", "108119550", "108121190", "109114220", "109114651", "109115070", "109115220", "109116441", "109116930", "109117600", "109117630", "109117730", "109119340", "109119460", "110114651", "110116170", "110117080", "110117110", "110117870", "110118181", "110118701", "110119030", "110121140", "110121450", "111115770", "111116040", "111116100", "111116170", "111116530", "111116750", "111117571", "112116501", "112116610", "112116640", "112116850", "112116900", "112117030", "112117210", "112117461", "112117471", "112118161", "112118581", "112118880", "112119120", "112120540", "112121430", "113117630", "113118231", "113118511", "113118620", "113120531", "113121680", "113122170", "113122180", "113122220"], "labels": [3, 2, 2, 3, 2, 0, 1, 3, 1, 1, 3, 1, 0, 3, 1, 2, 2, 2, 3, 0, 3, 1, 0, 2, 2, 2, 0, 0, 1, 0, 2, 0, 0, 0, 2, 3, 0, 3, 3, 3, 2, 3, 3, 0, 1, 3, 3, 1, 3, 2, 1, 0, 3, 0, 1, 3, 3, 1, 2, 1, 1, 0, 1, 1, 3, 1, 0, 1, 1, 1, 1, 1, 1, 1, 0, 0, 0, 1, 1, 0, 3, 2, 0, 0, 0, 2, 1, 0, 1, 1, 3, 3, 0, 3, 3, 0, 1, 0, 3, 3, 1, 3, 0, 1, 0, 3, 1, 3, 0, 3, 3, 3, 0, 3, 0, 3, 3, 3, 3, 1, 0, 0, 3, 2, 1, 0, 3, 0, 1, 1, 1, 3, 2, 0, 3, 1, 3, 0, 1, 1, 2, 1], "predicted_labels": [3, 2, 1, 0, 0, 0, 1, 1, 2, 2, 3, 0, 2, 3, 2, 1, 1, 1, 2, 3, 2, 2, 3, 1, 0, 1, 0, 0, 1, 1, 1, 0, 0, 1, 3, 2, 0, 2, 3, 2, 3, 1, 3, 1, 3, 3, 1, 1, 1, 3, 1, 3, 3, 3, 1, 3, 1, 3, 3, 0, 1, 1, 3, 1, 3, 2, 3, 1, 0, 0, 2, 1, 3, 1, 0, 2, 3, 0, 1, 0, 3, 1, 1, 1, 3, 3, 3, 1, 1, 2, 0, 3, 1, 3, 0, 0, 3, 1, 0, 1, 3, 3, 0, 3, 1, 1, 1, 0, 3, 0, 3, 0, 3, 1, 1, 3, 0, 1, 0, 0, 3, 3, 0, 3, 2, 3, 3, 3, 2, 0, 3, 0, 1, 1, 0, 1, 1, 1, 3, 3, 3, 1], "confidence_scores": [[0.1263850356874074, 0.16062388535432215, 0.5352699696177041, 0.1777211093405664], [0.08715364050961785, 0.049084080178965504, 0.8084893991059526, 0.05527288020546374], [0.03317914347305237, 0.2586585812094334, 0.6292204567957564, 0.07894181852175751], [0.9757837540343393, 0.004610470979717252, 0.0033057083032167873, 0.016300066682726606], [0.7132383774675113, 0.050529619324652816, 0.12961165441909506, 0.10662034878874077], [0.5273366160453932, 0.10582346095999974, 0.1538389012467447, 0.21300102174786228], [0.04134266132370028, 0.5607097430895448, 0.03915394162716052, 0.3587936539595944], [0.03631635367561975, 0.27360718765285136, 0.5900424810985933, 0.1000339775729357], [0.08809112445548269, 0.1642328238801459, 0.6441092531282241, 0.10356679853614709], [0.029427904708360254, 0.06734070337951631, 0.8183874927927383, 0.08484389911938502], [0.10353119992129067, 0.2497425613167138, 0.15637643789018754, 0.4903498008718083], [0.5749550333140317, 0.04863651578201139, 0.30624866706261195, 0.07015978384134473], [0.2494955700471831, 0.029813916377097266, 0.6287049011669152, 0.09198561240880483], [0.3480673032419566, 0.023379208212818314, 0.05353084018641591, 0.5750226483588091], [0.004884786931360986, 0.046372828432031825, 0.9413481974669319, 0.007394187169675738], [0.03555050395133982, 0.5820361773159478, 0.2663902841665555, 0.11602303456615706], [0.02344744129639824, 0.8874446554205567, 0.03855472598152877, 0.05055317730151648], [0.2356636291908758, 0.4327672003587041, 0.24849802281029262, 0.08307114764012752], [0.007274778569958493, 0.01843400159446763, 0.9373984742296931, 0.03689274560588084], [0.12091570737301126, 0.029923723276019987, 0.12700628588081112, 0.7221542834701575], [0.1946818696195938, 0.07837609346781785, 0.5687779972214454, 0.15816403969114312], [0.11336179243024679, 0.12339078387360965, 0.7217356357395112, 0.041511787956632365], [0.22705157458788988, 0.2934443081725813, 0.11473468164791446, 0.36476943559161423], [0.26916986462553133, 0.19191054014079179, 0.38544590641178167, 0.1534736888218953], [0.33686838194545915, 0.020205882336165857, 0.40493227887378147, 0.23799345684459342], [0.14602017078141105, 0.6704098964374128, 0.16894653217839292, 0.014623400602783004], [0.5937174012127391, 0.20923388039590118, 0.05928976234533473, 0.1377589560460249], [0.591678827602297, 0.10330807548712087, 0.028242832160551484, 0.27677026475003047], [0.024064054882860005, 0.42209464528418916, 0.21263038597152084, 0.34121091386143004], [0.131601187887854, 0.5370137314244904, 0.24635003031842442, 0.08503505036923115], [0.14868426567831514, 0.27431629268996327, 0.52708736779484, 0.049912073836881655], [0.5953701611525951, 0.14368212121100823, 0.014097719222822169, 0.24684999841357455], [0.5550142837458494, 0.25697500288738573, 0.05725648913533944, 0.13075422423142555], [0.25857934762864204, 0.34094690616603446, 0.09986990144993778, 0.30060384475538554], [0.08056563549093876, 0.28714429243296935, 0.02788044654655574, 0.6044096255295363], [0.0763639652065951, 0.0885805472401447, 0.8058674779928249, 0.029188009560435095], [0.7731594074765015, 0.11831919478967952, 0.014194426502357894, 0.09432697123146103], [0.10118559604465191, 0.0294700123144225, 0.7475366669347487, 0.12180772470617703], [0.07304805311816973, 0.42901437485232635, 0.013095990249833777, 0.48484158177967035], [0.03860079373469227, 0.12776742882626363, 0.6565867329505002, 0.17704504448854377], [0.07597257188380983, 0.05462398985297322, 0.4836359761656824, 0.38576746209753454], [0.28486449591443425, 0.45228825260482053, 0.013163215994471152, 0.24968403548627438], [0.19102298032387488, 0.33393856966360813, 0.08994892590265363, 0.3850895241098632], [0.2559137268304994, 0.339977059666965, 0.12304320645338415, 0.2810660070491515], [0.25094737634052544, 0.25281677018128684, 0.10503655303331168, 0.39119930044487594], [0.12015601454254443, 0.09340949356961475, 0.1712128130357613, 0.6152216788520792], [0.2380624636842235, 0.3584769118233482, 0.09485468839580652, 0.30860593609662157], [0.18632870094396067, 0.605163324515681, 0.04960814107029563, 0.15889983347006306], [0.3031672741746851, 0.5372210081205823, 0.03608125990203033, 0.12353045780270223], [0.4528036447159726, 0.11278126242238085, 0.10094050376103379, 0.3334745891006129], [0.1343143142757401, 0.48951860366626554, 0.09948843660177957, 0.2766786454562148], [0.1411232580122514, 0.15644403026874162, 0.06290891815182496, 0.6395237935671821], [0.36633552507039013, 0.13751308066481963, 0.10604790563625734, 0.39010348862853295], [0.19180973320046169, 0.20263730109150005, 0.014452031596931874, 0.5911009341111063], [0.2318141747363205, 0.35136555844732886, 0.04576812033356155, 0.3710521464827893], [0.06226068398382828, 0.39922524217721017, 0.01656248912966247, 0.521951584709299], [0.05854559668271063, 0.8529506211799671, 0.011683471222175036, 0.0768203109151473], [0.043139178719786606, 0.37888619118244354, 0.10892882867765502, 0.46904580142011465], [0.03419687860161995, 0.33433773056614846, 0.1976158971982669, 0.43384949363396474], [0.6144775466038304, 0.019794921682235025, 0.04493524308374511, 0.32079228863018977], [0.24499241353810597, 0.3948456692659012, 0.04629866317173969, 0.3138632540242532], [0.14632762318036002, 0.652642127408948, 0.06950194015533738, 0.1315283092553544], [0.04568212841776852, 0.17245638438018565, 0.3601152732511445, 0.4217462139509011], [0.03476783773891592, 0.6038039751894491, 0.09378050163431029, 0.26764768543732465], [0.3350349430475488, 0.039708238812484815, 0.09720437772422708, 0.5280524404157396], [0.18179047156305222, 0.130969055047623, 0.5748517265785178, 0.11238874681080692], [0.040412440301052094, 0.27880109088604, 0.10713474693799035, 0.5736517218749176], [0.2154230592771755, 0.48494493689386203, 0.08743971599033577, 0.21219228783862684], [0.5745287315817007, 0.15545073911830623, 0.11677253759539198, 0.15324799170460157], [0.8714996108049072, 0.012577318201819924, 0.0029126581065096885, 0.11301041288676297], [0.02271740676927279, 0.12726411153529135, 0.8332958759815224, 0.016722605713913468], [0.11774982942774899, 0.5288280305631246, 0.08468033790111847, 0.2687418021080081], [0.27748890915212215, 0.04498507009486778, 0.1844630825978096, 0.4930629381552004], [0.0145998653187783, 0.867651925845487, 0.09225425635414639, 0.02549395248158847], [0.5758485413230485, 0.2702003454311258, 0.007571187731321798, 0.14637992551450354], [0.1842880388337061, 0.1462157065165096, 0.5606455989987766, 0.10885065565100785], [0.23480019133688845, 0.33894441079202414, 0.041217939994179116, 0.3850374578769083], [0.5683148336718249, 0.05715172672610176, 0.1179706088500592, 0.2565628307520143], [0.0855957201591504, 0.2856423164567661, 0.37910920962113315, 0.24965275376295037], [0.95850131372023, 0.004347986946904245, 0.01301259867011596, 0.024138100662749736], [0.04108137098825439, 0.3628138947116434, 0.052125339847036815, 0.5439793944530652], [0.12765153748691252, 0.3517740975609579, 0.2025097450629348, 0.3180646198891944], [0.06671863084156147, 0.260540664059641, 0.5696079333198859, 0.10313277177891152], [0.12593607548625316, 0.3757547172952685, 0.1596445606743085, 0.33866464654417], [0.11612809740290685, 0.32333326363592346, 0.010447314650665836, 0.5500913243105037], [0.30436055208198315, 0.2445789033815782, 0.02263771690480567, 0.428422827631633], [0.15919926601374765, 0.08305728240000003, 0.001981170204507653, 0.7557622813817448], [0.4287789894863082, 0.48633894044767717, 0.059140165641790046, 0.025741904424224683], [0.0570144739087525, 0.5332688251452238, 0.10589542451291983, 0.30382127643310375], [0.08335323173921608, 0.15973782362821928, 0.7265822073719367, 0.030326737260628095], [0.7170741349643451, 0.015666176906110045, 0.009622485375225136, 0.2576372027543197], [0.2642185988683052, 0.07556165968319649, 0.015113634572649479, 0.6451061068758489], [0.03247654840963668, 0.8676301583530105, 0.05388529503296723, 0.046007998204385184], [0.10438067651919213, 0.06113194252898737, 0.0823246920948359, 0.7521626888569843], [0.4904973454067324, 0.1348209067835158, 0.0037998221491642877, 0.3708819256605873], [0.7542627527068406, 0.03966088837560917, 0.013467386404076869, 0.1926089725134732], [0.03751583885520774, 0.018319323441033347, 0.47605444827462, 0.4681103894291393], [0.33517832371882506, 0.25721634334586135, 0.25550369633478387, 0.15210163660052944], [0.4162496958828243, 0.13679513143382846, 0.2374639312234435, 0.20949124145990383], [0.3079990921063861, 0.6196578494573037, 0.011741730626860472, 0.06060132780944991], [0.0436967828013538, 0.1392546938173033, 0.1821332305999288, 0.6349152927814139], [0.1297883531733381, 0.019889612805382196, 0.2602996184338871, 0.5900224155873928], [0.6012444458236785, 0.305136403360113, 0.007704741303744928, 0.08591440951246353], [0.06310445314468038, 0.15091624739336687, 0.16423763289328275, 0.6217416665686701], [0.045942683093874656, 0.6474738724051506, 0.2064555746814277, 0.10012786981954692], [0.2524374803980127, 0.26121396227105104, 0.21171017636587341, 0.27463838096506293], [0.3413115979650683, 0.4213311220893042, 0.1430045600490917, 0.09435271989653575], [0.7227763852103298, 0.16831168103248606, 0.07952958860030158, 0.02938234515688258], [0.0197789068877776, 0.15324827866548835, 0.055005862090663965, 0.7719669523560704], [0.47901841901462316, 0.12451304017708692, 0.20158827360407522, 0.19488026720421445], [0.10579799227293187, 0.18455769197255212, 0.02937255434423146, 0.6802717614102847], [0.9244493116375123, 0.003662551728278178, 0.03102038123136033, 0.04086775540284903], [0.4583281644253581, 0.055830059040992884, 0.00489642950598356, 0.4809453470276655], [0.16438050166269985, 0.7536564451793303, 0.0064799887650678935, 0.07548306439290182], [0.36442083759515964, 0.40430929703483626, 0.0458004603624937, 0.18546940500751014], [0.19311522803064107, 0.16133462180665076, 0.39428081634103496, 0.2512693338216735], [0.7273238419479905, 0.04342563448287633, 0.014561868289700115, 0.214688655279433], [0.058648238669815334, 0.462614437700288, 0.24714371085379336, 0.23159361277610313], [0.627180637233732, 0.15703179538383477, 0.004500278000561452, 0.21128728938187205], [0.5099045057078743, 0.1846014285692598, 0.08622174222015108, 0.21927232350271492], [0.15934472136856925, 0.22628037531221137, 0.17201017125073056, 0.4423647320684888], [0.32109881119224337, 0.21401739326633776, 0.028486425199960634, 0.436397370341458], [0.4161874920078302, 0.26188604175091845, 0.10368116950792979, 0.21824529673332163], [0.0814514069313062, 0.2526558290423196, 0.38140672726478014, 0.2844860367615941], [0.05139320818958404, 0.045281020107990316, 0.7890828622378384, 0.11424290946458766], [0.24844805793141278, 0.2329026265844877, 0.004118182760557003, 0.5145311327235428], [0.39774122584685884, 0.07978836879817147, 0.01001510168873006, 0.5124553036662395], [0.39471481604944636, 0.19871563211043902, 0.02036411265129775, 0.38620543918881667], [0.03813026128470017, 0.1784224980005369, 0.7503208017911301, 0.033126438923632824], [0.4403205861564112, 0.3078610169134764, 0.00526162298417709, 0.2465567739459353], [0.126307780486515, 0.07668969103785185, 0.07872394405879306, 0.7182785844168401], [0.8695108321037537, 0.07726692128995631, 0.009142676793482648, 0.044079569812807515], [0.026045737601266123, 0.36398182914798805, 0.31737979049023446, 0.2925926427605114], [0.4847782193858711, 0.3348394631838558, 0.07142678169783145, 0.10895553573244164], [0.5476372940453651, 0.29716369810410753, 0.05370399743328679, 0.10149501041724072], [0.17890088496866566, 0.5483094614342827, 0.12122262605364238, 0.15156702754340928], [0.2596731041788829, 0.45945612262186214, 0.007648313884568665, 0.2732224593146861], [0.3329731525187272, 0.6103475740045664, 0.011544713280443627, 0.04513456019626276], [0.3583832572057391, 0.13216326112995094, 0.21944145826686606, 0.2900120233974436], [0.02176401063058453, 0.09456587943291819, 0.2921112569652966, 0.5915588529712003], [0.021920642017427817, 0.1154411309054208, 0.052331024749610225, 0.8103072023275412], [0.015087773228720274, 0.7018767913278736, 0.16910787800068997, 0.11392755744271615]]}}