{"test": {"ids": ["109117630", "99112641", "109117600", "112118810", "105113170", "107115250", "101117580", "110116290", "102114270", "108121410", "107119950", "109119591", "107114200", "106116640", "107114621", "109120621", "113117401", "107113840", "111115770", "112119320", "98110810", "100108260", "111119150", "102110850", "112120640", "107112850", "113120601", "97111790", "113120260", "98110230", "98120530", "99107630", "112121351", "110116170", "99107660", "105118171", "111116040", "113122650", "100109980", "113117630", "113120591", "101111620", "109113931", "108120621", "103110050", "97109080", "111120531", "111115400", "98107010", "99108520", "107114280", "108115070", "104114240", "111121190", "112118161", "106116370", "113118620", "109116441", "110115980", "111121410", "99120010", "109118701", "103118110", "111114941", "104117200", "112116640", "98107380", "106114280", "113120531", "104111711", "100109801", "97116790", "110120560", "104114320", "102109840", "112118701", "99121440", "99111440", "98106880", "105115250", "102108621", "104113170", "108114180", "100109360", "113122160", "100117420", "109119010", "98119591", "111115780", "113120830", "103110760", "109120150", "104117630", "112120270", "112119610", "97112300", "109114270", "105120280", "110114720", "105113480", "111116100", "110115580", "98108410", "97107821", "107120260", "108120700", "108115250", "98108970", "108114270", "107120130", "99112531", "111121220", "103120340", "111116170", "105115570", "110119300", "110118161", "112117790", "111119290", "112118471", "107114780", "99109740", "101108121", "106120640", "101114990", "113118630", "98107410", "102110690", "102121700", "104112201", "98107340", "109113591", "109121410", "113119300", "106117650", "104113240", "113119120", "112118820", "112117580", "105115380", "112120990", "110114610"], "labels": [0, 1, 1, 3, 0, 2, 3, 2, 3, 0, 3, 0, 2, 3, 0, 1, 3, 3, 3, 1, 1, 3, 3, 3, 0, 1, 2, 2, 3, 3, 1, 2, 0, 0, 3, 3, 0, 2, 1, 0, 0, 3, 1, 1, 3, 2, 0, 0, 3, 2, 3, 1, 0, 1, 0, 2, 3, 3, 1, 0, 2, 3, 2, 0, 3, 0, 1, 3, 0, 1, 0, 2, 0, 2, 2, 0, 2, 3, 0, 2, 3, 3, 1, 0, 3, 2, 3, 1, 1, 3, 1, 2, 0, 0, 0, 2, 3, 3, 3, 0, 3, 1, 1, 2, 1, 2, 1, 3, 3, 2, 3, 3, 1, 0, 0, 1, 0, 3, 3, 1, 2, 3, 0, 3, 3, 3, 3, 0, 1, 0, 0, 3, 0, 1, 1, 2, 3, 0, 0, 1, 2, 1], "predicted_labels": [1, 1, 3, 1, 3, 1, 3, 3, 1, 1, 1, 1, 1, 3, 1, 1, 0, 1, 1, 1, 1, 1, 1, 1, 1, 1, 1, 3, 1, 0, 3, 0, 3, 3, 0, 1, 3, 1, 1, 1, 1, 3, 1, 3, 1, 1, 1, 0, 0, 1, 1, 1, 1, 1, 1, 0, 1, 1, 1, 3, 3, 3, 3, 3, 3, 3, 3, 3, 1, 2, 1, 1, 1, 1, 1, 1, 1, 3, 1, 1, 0, 1, 3, 3, 1, 1, 1, 1, 0, 1, 3, 1, 3, 2, 1, 0, 1, 1, 1, 3, 1, 0, 1, 1, 1, 3, 1, 1, 3, 1, 3, 3, 1, 3, 1, 1, 3, 0, 1, 3, 1, 1, 1, 1, 1, 1, 3, 1, 1, 3, 3, 1, 1, 3, 1, 1, 3, 1, 3, 1, 1, 1], "confidence_scores": [[0.24272408979908985, 0.3117977189477191, 0.23401573704073708, 0.21146245421245455], [0.260325013875014, 0.26314359529359527, 0.21931858141858143, 0.2572128094128094], [0.28675244755244766, 0.24794241869241876, 0.16732338772338778, 0.29798174603174593], [0.25326782106782114, 0.33171529581529596, 0.15972832526950184, 0.25528855784738147], [0.20303867798867808, 0.2763895826395827, 0.1785037795537796, 0.3420679598179598], [0.1986454878454879, 0.35337924297924295, 0.22220399045399047, 0.22577127872127886], [0.2621852480852481, 0.28163376623376635, 0.15952209457209457, 0.29665889110889104], [0.2379004107004107, 0.22746647241647244, 0.22125903818403822, 0.3133740786990788], [0.2601860941346237, 0.3283374850639557, 0.1954601232101233, 0.2160162975912975], [0.25757075979575983, 0.33982721445221453, 0.15923197358197352, 0.24337005217005217], [0.23260454545454545, 0.31248927183927183, 0.1779902229349599, 0.2769159597712231], [0.23243031413031415, 0.29731483157365524, 0.2310094497006265, 0.2392454045954046], [0.2820337062060746, 0.2950959419235735, 0.14804152514152516, 0.2748288267288268], [0.2472447128035364, 0.245849272949273, 0.19952230906348564, 0.30738370518370534], [0.2323452824952826, 0.3208784049284049, 0.17310162615162614, 0.2736746864246865], [0.2861122322122323, 0.2868221278721279, 0.14712067377067375, 0.27994496614496617], [0.28785095460095467, 0.26977367632367644, 0.17883601398601406, 0.26353935508935517], [0.23295699855699875, 0.30621178266178256, 0.20161207126207137, 0.25921914751914765], [0.21554592074592088, 0.2912970418470417, 0.20991254856254865, 0.28324448884448894], [0.16323191808191811, 0.3243041014541014, 0.2606308524808526, 0.2518331279831281], [0.22344893994894, 0.35593877233877225, 0.20912826062826068, 0.21148402708402714], [0.2367369960105255, 0.3361750669265376, 0.20468075813075823, 0.22240717893217912], [0.24603174603174616, 0.28622096237096223, 0.18372671217671224, 0.28402057942057934], [0.1876644466644468, 0.34045725940725924, 0.24837469197469203, 0.22350360195360205], [0.2607028721278722, 0.26329715839715856, 0.21812003356121007, 0.25787993591375946], [0.2269688367188368, 0.3413559829059829, 0.19198290043290056, 0.23969227994228012], [0.20338788988789, 0.31983401598401595, 0.20775976245976255, 0.26901833166833183], [0.23650086580086574, 0.2540695138195139, 0.21546596736596738, 0.293963653013653], [0.1969394050394051, 0.29281620601620606, 0.2409703046953048, 0.2692740842490842], [0.29581489066489075, 0.27933185703185714, 0.17595370185370188, 0.2488995504495505], [0.26666667221667223, 0.25144102564102566, 0.14439334554334562, 0.3374989565989566], [0.31804355840238185, 0.18297799977799986, 0.1877326570488336, 0.3112457847707849], [0.25630053280053294, 0.2706452020202023, 0.18499583749583756, 0.28805842768342765], [0.24549562382062382, 0.2801234598734597, 0.18853015318015331, 0.28585076312576313], [0.25286443001443015, 0.24318628593628608, 0.25180880230880254, 0.2521404817404819], [0.2126003496503498, 0.32546659451659443, 0.17695313020313033, 0.28497992562992575], [0.2747843822843824, 0.242712148962149, 0.18333573093573097, 0.2991677378177378], [0.23434685314685316, 0.30340253080253077, 0.19270444000444004, 0.2695461760461761], [0.26140419025419026, 0.28963385503385514, 0.20494365079365098, 0.24401830391830404], [0.2099333361083362, 0.3050821206571207, 0.2043218448218449, 0.28066269841269825], [0.28644998334998334, 0.28925834720834714, 0.1630879370629371, 0.2612037323787325], [0.2802676388970507, 0.23893144633144653, 0.1822383515177634, 0.2985625632537397], [0.24520141525141542, 0.34456577311577297, 0.181176085026085, 0.22905672660672666], [0.2555601759351761, 0.25393441280941287, 0.18639473859473868, 0.3041106726606726], [0.18822529692529705, 0.363834237984238, 0.21627995337995348, 0.23166051171051172], [0.2132214285714286, 0.33495664335664327, 0.175224741924742, 0.2765971861471862], [0.1926592074592076, 0.379451665001665, 0.18215218670218677, 0.24573694083694095], [0.2760194000443999, 0.2720700382950384, 0.19483187368187377, 0.257078687978688], [0.2918109002109002, 0.27917137307137324, 0.15758554223554228, 0.2714321844821846], [0.21433152958152954, 0.3210528527028527, 0.23128091353091362, 0.2333347041847043], [0.24105239760239763, 0.3799929514929516, 0.1793023143523145, 0.1996523365523366], [0.25674845709845723, 0.3520091991341994, 0.1797692196692197, 0.2114731240981241], [0.2480782495282496, 0.3339350149850151, 0.1791290931290932, 0.23885764235764237], [0.2349651459651459, 0.312405291930292, 0.19779960872460872, 0.2548299533799535], [0.2449142357642358, 0.3278207792207793, 0.16991910311910302, 0.25734588189588187], [0.3157224886224885, 0.23191403596403584, 0.15461262071262077, 0.29775085470085483], [0.2502337535014006, 0.3133225774225775, 0.19200064543299844, 0.24444302364302367], [0.2714691308691311, 0.2764759407259408, 0.18452915972915973, 0.2675257686757689], [0.23293568457686115, 0.3090940059940059, 0.21690459181341543, 0.24106571761571766], [0.26583222610722607, 0.2815954767454767, 0.16459040404040412, 0.2879818931068931], [0.2440506438006439, 0.26560499500499507, 0.21564918969918984, 0.2746951714951716], [0.22264269064269082, 0.28287310467310484, 0.20771947496947504, 0.2867647297147298], [0.24439974747474763, 0.2522033771783772, 0.22208328338328345, 0.28131359196359207], [0.27789195269814476, 0.25633804149067313, 0.17448893688011344, 0.2912810689310692], [0.25621552862342345, 0.2698271009692062, 0.17995235320235334, 0.2940050172050172], [0.24749261849261864, 0.25187342934842943, 0.17415767010767016, 0.32647628205128193], [0.24295095460095462, 0.25262695637695654, 0.21912111777111787, 0.28530097125097137], [0.2297943806193808, 0.27454782717282716, 0.17242000777000777, 0.3232377844377845], [0.23413648296148312, 0.33179478299478304, 0.1781450327450327, 0.25592370129870134], [0.1814281246531247, 0.26226599789099797, 0.2943231934731933, 0.26198268398268415], [0.21529861249861265, 0.33005910755910756, 0.2109440892440893, 0.24369819069819088], [0.22762538017538023, 0.2720427017427017, 0.25024360639360643, 0.25008831168831186], [0.22362055999556002, 0.3028202547452547, 0.2252959151959153, 0.24826327006327017], [0.23927720155661336, 0.28968123543123553, 0.2531712214256334, 0.21787034158651816], [0.18349402819402838, 0.3406135142635143, 0.22819917859917868, 0.24769327894327897], [0.21799037629037643, 0.3451061549561551, 0.15157341547341555, 0.2853300532800535], [0.1854979187479189, 0.35128265068265085, 0.22758290598290615, 0.23563652458652473], [0.25384747474747477, 0.2569860750360753, 0.2232648296148297, 0.2659016206016206], [0.2009959318459319, 0.2916220501720502, 0.22300215340215337, 0.2843798645798647], [0.2810837051837051, 0.30664750804750823, 0.16513200133200143, 0.24713678543678563], [0.30206065601065607, 0.2502461760461762, 0.15327580197580198, 0.29441736596736595], [0.18789682539682553, 0.33188388278388287, 0.20408914418914434, 0.2761301476301475], [0.1838566966057678, 0.2880824567245622, 0.18065878206760566, 0.3474020646020645], [0.2740846070596072, 0.20939686147186176, 0.1932837995337996, 0.32323473193473196], [0.18560276390276403, 0.36831746031746027, 0.2116276168276169, 0.23445215895215896], [0.20295795870795874, 0.27654503552003556, 0.2538971139971141, 0.26659989177489185], [0.23012350982350988, 0.31343337773337765, 0.22507649572649585, 0.23136661671661674], [0.24344529359529368, 0.29921224886224884, 0.2222172308084073, 0.23512522673405026], [0.30270564435564445, 0.26769241314241315, 0.17775333000333007, 0.2518486124986127], [0.23267770007770008, 0.2789699328449328, 0.21967325452325462, 0.2686791125541126], [0.25562203629703645, 0.26233953546453553, 0.19128373848373864, 0.29075468975468977], [0.21602907647907663, 0.298548593073593, 0.21534134199134208, 0.27008098845598866], [0.26983717393717405, 0.2509708125208126, 0.1697227938727939, 0.3094692196692196], [0.20736601176601183, 0.2777673604173605, 0.27810611414729075, 0.2367605136693372], [0.2183026612276614, 0.3312433122433123, 0.22000626040626048, 0.23044776612276613], [0.2796516455766456, 0.26906394993895016, 0.19822866577866582, 0.2530557387057386], [0.22880461956344317, 0.2850415584415584, 0.2113886205297971, 0.2747652014652015], [0.18864796314796323, 0.3206367132867133, 0.22883563658563666, 0.26187968697968683], [0.1931276334776335, 0.33183455988456, 0.27657496392496395, 0.1984628427128428], [0.21995617715617727, 0.2611893883893885, 0.23362618492618506, 0.2852282495282496], [0.2933631091131091, 0.30576012321012336, 0.13419249639249645, 0.26668427128427125], [0.27111757131757147, 0.25677106782106796, 0.23018804528804537, 0.24192331557331562], [0.2375416805416804, 0.3567574092574093, 0.16980226440226448, 0.23589864579864572], [0.27377980352980347, 0.3060091852591853, 0.18879328449328453, 0.23141772671772687], [0.21980775613275633, 0.3685632561882562, 0.16102283272283271, 0.250606154956155], [0.2377505355755357, 0.25933312520812535, 0.16770467865467875, 0.3352116605616603], [0.20827470862470865, 0.26941601176601193, 0.257050432900433, 0.2652588467088468], [0.21087784992785003, 0.3705689033189033, 0.2211316738816737, 0.19742157287157303], [0.22956443001443005, 0.27041813186813196, 0.12657548562548565, 0.3734419524919522], [0.22638301698301716, 0.31290260295260297, 0.2299364968364969, 0.23077788322788328], [0.21880448636330996, 0.27695593295593307, 0.21964797228914895, 0.2845916083916084], [0.2442112276612278, 0.25928750138750145, 0.14465210900210912, 0.35184916194916177], [0.23158170130523076, 0.2967385673150376, 0.19368588633588646, 0.27799384504384494], [0.22083524531024543, 0.30308744033744034, 0.16970054945054946, 0.3063767649017648], [0.23548200606582967, 0.28459862637362643, 0.21125860609978253, 0.26866076146076157], [0.21988500943500944, 0.28781964146964145, 0.21376630036630037, 0.2785290487290488], [0.2626529914529915, 0.2991536075036074, 0.13503878343878348, 0.3031546176046175], [0.30103691586191594, 0.22758121323121328, 0.1706948939948941, 0.300686976911977], [0.1442398767898768, 0.3136974247974248, 0.24864045954045966, 0.29342223887223884], [0.25191123321123343, 0.2665024475524477, 0.19169351204351218, 0.28989280719280713], [0.23820304695304695, 0.315640542790543, 0.19363426377544027, 0.25252214648096993], [0.20922778332778344, 0.35491212676212675, 0.2227125929625931, 0.213147496947497], [0.25002311022311025, 0.31492233877233894, 0.1652947385947386, 0.26975981240981256], [0.21153730158730163, 0.33289736929736946, 0.22101292596292604, 0.2345524031524033], [0.20872002442002444, 0.3303533855033854, 0.2237511100011101, 0.23717548007548014], [0.19641168080285729, 0.2968954545454545, 0.23158213453213464, 0.27511073011955345], [0.24874276834276843, 0.2465448495948496, 0.21049088134088131, 0.2942215007215007], [0.2505814435564437, 0.31781804584304585, 0.1285679098679099, 0.3030326007326009], [0.2734840048840049, 0.32909483294483294, 0.19477275502275507, 0.20264840714840723], [0.2928716894216894, 0.21372605450105447, 0.14661334776334783, 0.34678890831390835], [0.2131796589031884, 0.22637627960275025, 0.2384761571761572, 0.32196790431790434], [0.20039575032810325, 0.3456570834394365, 0.18551104679634098, 0.26843611943611956], [0.225135780885781, 0.33862491397491395, 0.2124367521367523, 0.223802553002553], [0.26751622266622266, 0.2735308802308803, 0.16211677766677762, 0.29683611943611954], [0.26321283716283717, 0.27563644688644695, 0.19055667388167405, 0.2705940420690422], [0.19281959984460006, 0.38502432567432565, 0.2189139832389834, 0.20324209124209125], [0.23276443001442998, 0.2642114857364859, 0.16616486095603739, 0.3368592232930468], [0.24981058941058942, 0.30623468198468196, 0.14435475635475642, 0.2995999722499722], [0.22740244559362224, 0.2639854034854035, 0.23151240981240986, 0.2770997411085648], [0.21100108780108787, 0.36772200022200047, 0.1772624597624598, 0.24401445221445234], [0.2098471722721723, 0.30779791319791316, 0.2180672161172161, 0.2642876984126983], [0.23094396159396172, 0.29214408369408384, 0.23456339771339788, 0.24234855699855698]]}, "rewritten": {"ids": ["97107821", "97109080", "97111790", "97112300", "97116790", "98106880", "98107010", "98107340", "98107380", "98107410", "98108410", "98108970", "98110230", "98110810", "98119591", "98120530", "99107630", "99107660", "99108520", "99109740", "99111440", "99112531", "99112641", "99120010", "99121440", "100108260", "100109360", "100109801", "100109980", "100117420", "101108121", "101111620", "101114990", "101117580", "102108621", "102109840", "102110690", "102110850", "102114270", "102121700", "103110050", "103110760", "103118110", "103120340", "104111711", "104112201", "104113170", "104113240", "104114240", "104114320", "104117200", "104117630", "105113170", "105113480", "105115250", "105115380", "105115570", "105118171", "105120280", "106114280", "106116370", "106116640", "106117650", "106120640", "107112850", "107113840", "107114200", "107114280", "107114621", "107114780", "107115250", "107119950", "107120130", "107120260", "108114180", "108114270", "108115070", "108115250", "108120621", "108120700", "108121410", "109113591", "109113931", "109114270", "109116441", "109117600", "109117630", "109118701", "109119010", "109119591", "109120150", "109120621", "109121410", "110114610", "110114720", "110115580", "110115980", "110116170", "110116290", "110118161", "110119300", "110120560", "111114941", "111115400", "111115770", "111115780", "111116040", "111116100", "111116170", "111119150", "111119290", "111120531", "111121190", "111121220", "111121410", "112116640", "112117580", "112117790", "112118161", "112118471", "112118701", "112118810", "112118820", "112119320", "112119610", "112120270", "112120640", "112120990", "112121351", "113117401", "113117630", "113118620", "113118630", "113119120", "113119300", "113120260", "113120531", "113120591", "113120601", "113120830", "113122160", "113122650"], "labels": [2, 2, 2, 2, 2, 0, 3, 0, 1, 3, 1, 3, 3, 1, 1, 1, 2, 3, 2, 3, 3, 3, 1, 2, 2, 3, 0, 0, 1, 2, 0, 3, 3, 3, 3, 2, 0, 3, 3, 1, 3, 1, 2, 1, 1, 0, 3, 2, 0, 2, 3, 0, 0, 0, 2, 1, 0, 3, 3, 3, 2, 3, 1, 3, 1, 3, 2, 3, 0, 2, 2, 3, 2, 1, 1, 3, 1, 1, 1, 2, 0, 3, 1, 3, 3, 1, 0, 3, 3, 0, 2, 1, 0, 1, 3, 1, 1, 0, 2, 0, 1, 0, 0, 0, 3, 1, 0, 3, 0, 3, 3, 0, 1, 3, 0, 0, 0, 3, 0, 1, 0, 3, 0, 1, 0, 0, 0, 2, 0, 3, 0, 3, 3, 3, 1, 3, 0, 0, 2, 3, 3, 2], "predicted_labels": [1, 1, 3, 3, 1, 1, 0, 3, 1, 0, 1, 1, 0, 1, 1, 0, 3, 1, 1, 1, 3, 1, 0, 3, 1, 1, 3, 1, 3, 1, 3, 3, 1, 0, 1, 1, 1, 1, 1, 1, 1, 0, 1, 1, 3, 3, 1, 1, 1, 1, 1, 3, 3, 3, 1, 1, 1, 1, 1, 3, 3, 3, 0, 1, 1, 1, 3, 1, 1, 1, 1, 3, 1, 1, 3, 3, 1, 1, 3, 3, 1, 1, 1, 1, 1, 3, 1, 1, 1, 1, 1, 3, 1, 1, 1, 1, 1, 1, 3, 1, 1, 1, 3, 1, 1, 0, 3, 1, 1, 1, 3, 1, 3, 3, 1, 1, 1, 3, 1, 3, 3, 1, 1, 1, 1, 1, 0, 1, 3, 0, 1, 1, 1, 3, 3, 3, 0, 0, 1, 1, 1, 3], "confidence_scores": [[0.2570307276057277, 0.2937254329004326, 0.17549814629814645, 0.2737456931956933], [0.1688438616938617, 0.3390868853368852, 0.2177090243090244, 0.27436022866022874], [0.22321841491841493, 0.25489136419136427, 0.22407119547119558, 0.29781902541902555], [0.24266939171939178, 0.2842348429348431, 0.18665428460428476, 0.28644148074148074], [0.25154362859362867, 0.28194194139194134, 0.21272691197691204, 0.2537875180375182], [0.21239278499278513, 0.3279175324675325, 0.24948636363636364, 0.21020331890331895], [0.3098047563547564, 0.2998344433344434, 0.1590665667665668, 0.2312942335442337], [0.20172101509601512, 0.2404138555888556, 0.26836439671439677, 0.2895007326007327], [0.2513393051393052, 0.28165284160284165, 0.20331413031413037, 0.26369372294372323], [0.2744183816183816, 0.25094280164280186, 0.2057735653235654, 0.2688652514152515], [0.25132728937728943, 0.35272500832500814, 0.162228898878899, 0.23371880341880347], [0.19731412476412483, 0.3644944721944721, 0.21824085359085366, 0.21995054945054943], [0.28631554001554005, 0.27579933399933415, 0.16395920745920758, 0.2739259185259186], [0.20759501054501053, 0.39256076423576414, 0.18963354978354985, 0.21021067543567556], [0.2330947052947054, 0.29713237873237863, 0.19860165749283398, 0.2711712584800821], [0.28680155236919935, 0.2725179431679432, 0.1843455413867179, 0.2563349630761396], [0.28719173963291617, 0.24407033244533247, 0.16819978436596095, 0.3005381435557906], [0.24326010101010118, 0.26428708513708515, 0.23219069264069284, 0.26026212121212133], [0.2380249583749584, 0.32087847707847716, 0.1939402652902654, 0.2471562992562993], [0.22089593184593187, 0.34804476634476633, 0.19360409312909327, 0.23745520868020872], [0.2720574037074039, 0.2720285964035965, 0.18182304084804096, 0.2740909590409591], [0.24392423132423136, 0.30652117882117896, 0.1849958430458431, 0.2645587468087469], [0.28261337551337545, 0.2784841963591964, 0.1869488622488624, 0.25195356587856604], [0.2790996725496727, 0.25604716394716404, 0.17976854811854825, 0.2850846153846155], [0.22612218337218348, 0.3219597180597183, 0.22594656454656453, 0.22597153402153428], [0.24339044011544006, 0.3094565212565215, 0.21028465423465442, 0.23686838439338448], [0.2610312853812855, 0.22197011877011888, 0.19868573648573654, 0.3183128593628596], [0.2258465118215119, 0.3584085359085358, 0.1742987151737152, 0.24144623709623722], [0.27621383061383076, 0.2602061327561328, 0.1808339327339328, 0.28274610389610405], [0.2039604395604397, 0.34168272838272834, 0.2089396048396049, 0.24541722721722728], [0.2404417970917972, 0.2696236707736709, 0.185006438006438, 0.30492809412809396], [0.24026115649056837, 0.27007771672771685, 0.19550816503757693, 0.29415296174413813], [0.19841032856032864, 0.3253861610611612, 0.22556386391386393, 0.25063964646464654], [0.2947992729492731, 0.2669749361749363, 0.15938449883449884, 0.2788412920412922], [0.20593594183594185, 0.32050795593295595, 0.18004575979575985, 0.2935103424353426], [0.2235573093573095, 0.31265047370929716, 0.2238805896717663, 0.23991162726162737], [0.2614605894105895, 0.31454786047286054, 0.1363103840603841, 0.28768116605616617], [0.2000349170437407, 0.34221991341991337, 0.21171396740514392, 0.24603120213120216], [0.24870183150183167, 0.3274941391941392, 0.1791136197136197, 0.2446904095904096], [0.2646326340326341, 0.3296779165279165, 0.1797204406704408, 0.22596900876900886], [0.18461026751026763, 0.3817447940947943, 0.19837720057720076, 0.23526773781773794], [0.2865520265682032, 0.2840559884559886, 0.15807846956964622, 0.2713135154061626], [0.2256266761016762, 0.2935784770784772, 0.21549923687423697, 0.26529560994560997], [0.26670045510045526, 0.30588032523032493, 0.1916882284382285, 0.2357309912309914], [0.19714415584415582, 0.25601818181818187, 0.2691767676767677, 0.27766089466089483], [0.29227986457986466, 0.25012241647241656, 0.14058415473415475, 0.31701356421356436], [0.22506266707149064, 0.31734030969030963, 0.1832500590912356, 0.27434696414696413], [0.2189099567099567, 0.37758386058386045, 0.18837396492396505, 0.2151322177822179], [0.26487659007659015, 0.2978773615273616, 0.18137981462981467, 0.2558662337662339], [0.24926900876900876, 0.3018047008547007, 0.24684079809079817, 0.20208549228549233], [0.21583311688311696, 0.30763088023088014, 0.22428470418470434, 0.25225129870129875], [0.28450334110334113, 0.2293366217116218, 0.17473795208059914, 0.31142208510443803], [0.2260553668553669, 0.3047203407703409, 0.1538165279165279, 0.31540776445776436], [0.23308835053835059, 0.2680623765123765, 0.18507142857142872, 0.3137778443778443], [0.2723567266067266, 0.29780004995005, 0.19594895104895121, 0.23389427239427246], [0.22392212428094785, 0.33377031302031296, 0.19051865160982823, 0.25178891108891116], [0.24374150849150863, 0.29673679653679674, 0.20326029526029527, 0.2562613997113999], [0.2405380563880565, 0.33121494061494083, 0.17026191031191037, 0.2579850926850928], [0.2129093517593518, 0.30611570096570095, 0.2128540126540128, 0.2681209346209346], [0.21832334887334898, 0.2902168331668331, 0.15976700521700518, 0.33169281274281265], [0.3133952547452547, 0.22044004884004875, 0.14686286050550765, 0.31930183590918876], [0.24959324564324564, 0.26675836940836956, 0.2034532190032192, 0.2801951659451658], [0.28112448939948953, 0.28023583361083376, 0.19402539682539693, 0.24461428016428033], [0.21408586968586976, 0.39458927738927724, 0.19321078366078379, 0.19811406926406935], [0.216365084915085, 0.3674274114774116, 0.20984956709956715, 0.20635793650793657], [0.2502888167388168, 0.32632238872238845, 0.1931482184482185, 0.23024057609057613], [0.2311991601965287, 0.29752085312348475, 0.16457635697635706, 0.3067036297036299], [0.24768228438228446, 0.3678966977466978, 0.17591998761472452, 0.20850103025629343], [0.25891144411144423, 0.32060764790764773, 0.1586648351648352, 0.2618160728160729], [0.21824748584748585, 0.3059099955599955, 0.20708924213041857, 0.26875327646209984], [0.2148241591741592, 0.336184482184482, 0.20309781329781343, 0.24589354534354538], [0.2288730380730381, 0.3001887889887889, 0.1650562458009827, 0.30588192713719053], [0.20413831168831184, 0.36815569985570007, 0.21029826839826843, 0.21740772005772013], [0.20827344877344892, 0.34599678377178383, 0.20239932567432578, 0.2433304417804418], [0.2096224331224331, 0.27414386724386736, 0.17247367632367638, 0.3437600233100232], [0.29482821067821063, 0.25754730824730826, 0.13131212121212127, 0.31631235986235995], [0.2691175213675213, 0.33209377844377846, 0.18973589743589747, 0.20905280275280283], [0.21107565212565207, 0.2755417249417251, 0.25457739482739505, 0.25880522810522816], [0.22574888167388177, 0.2922682400932402, 0.1693705905205905, 0.31261228771228766], [0.26256690531690546, 0.22698464313464325, 0.17837480852480858, 0.332073643023643], [0.2838447552447553, 0.31646782661782674, 0.16264603174603184, 0.23704138639138644], [0.22197006490241797, 0.3789648617722146, 0.17433923527452944, 0.22472583805083818], [0.26883160173160175, 0.31893724608724616, 0.16223630813630813, 0.24999484404484412], [0.22423627777451324, 0.29832968142968147, 0.2020478289684173, 0.27538621182738826], [0.26275897990898006, 0.2775639194139195, 0.19296083916083923, 0.2667162615162615], [0.2796074814074815, 0.267248606948607, 0.16080357975357987, 0.2923403318903316], [0.263229292929293, 0.3046952602952605, 0.19431704961704963, 0.2377583971583974], [0.20238373848373856, 0.3125118520368522, 0.20251165860283507, 0.28259275087657443], [0.22268127428127443, 0.32005372405372406, 0.22747424797424812, 0.22979075369075377], [0.21419168054168058, 0.2984918248418249, 0.2555768009768012, 0.23173969363969382], [0.20939277944277965, 0.3214374875124876, 0.1715203463203464, 0.29764938672438673], [0.3114065656565657, 0.22971517371517372, 0.12686866466866467, 0.3320095959595959], [0.2466822011322012, 0.3467013375513376, 0.1985385225885227, 0.2080779387279388], [0.2186745254745255, 0.31145607170607176, 0.24052875457875472, 0.2293406482406483], [0.17374739704739708, 0.3136984903984905, 0.3084052780552781, 0.2041488344988347], [0.22840245310245308, 0.28068003108003114, 0.24299709179709178, 0.2479204240204242], [0.24349592988710628, 0.29406560661560666, 0.1975334240922479, 0.26490503940503934], [0.24975289710289708, 0.29763636363636375, 0.18222787767787765, 0.2703828615828616], [0.23955959040959046, 0.2686749417249417, 0.2204996281496282, 0.27126583971583956], [0.2718074061559356, 0.31155081895228953, 0.14063506493506497, 0.2760067099567099], [0.2614832853421089, 0.29920356865356856, 0.18233604532722186, 0.2569771006771006], [0.24563631923631926, 0.3255161505161504, 0.19522366244866246, 0.23362386779886785], [0.24698867243867254, 0.2761149350649352, 0.1729406926406927, 0.3039556998556999], [0.27304232989232996, 0.29415526695526706, 0.19925158730158735, 0.23355081585081588], [0.20414078144078143, 0.3250687312687312, 0.18674752469752476, 0.2840429625929626], [0.3161941391941392, 0.2642676323676324, 0.19479469974469976, 0.22474352869352884], [0.26402089577089577, 0.26255553890553895, 0.1856558663558663, 0.2877676989676988], [0.2813275946275948, 0.31303601121101116, 0.14604195804195808, 0.2595944361194361], [0.2477205794205795, 0.30803294483294497, 0.16120776445776433, 0.2830387112887112], [0.2625267565767566, 0.31178168498168485, 0.18098942723942732, 0.2447021312021314], [0.20237607588489934, 0.2646348096348098, 0.23020011100011117, 0.3027890034801798], [0.19858405483405475, 0.3117120213120212, 0.20542495282495288, 0.28427897102897093], [0.22036349761349763, 0.2754380452880454, 0.20729552669552687, 0.29690293040293037], [0.23662867851103153, 0.280511195993549, 0.13351645250174665, 0.34934367299367275], [0.24490527250527253, 0.33472978687978666, 0.15079819624819624, 0.2695667443667444], [0.26166663891663894, 0.27867944277944284, 0.18158837273837278, 0.27806554556554575], [0.23261861471861475, 0.2949223665223666, 0.21507405372405372, 0.2573849650349652], [0.2913247522085756, 0.23847948162948188, 0.17150389414507072, 0.29869187201687225], [0.28056567876567884, 0.28613196248196243, 0.1800999777999778, 0.2532023809523812], [0.23949234654234666, 0.2619451492951494, 0.20684781884781894, 0.29171468531468536], [0.23852629563419045, 0.2928336111257165, 0.1539777611277612, 0.3146623321123322], [0.2294501110001111, 0.3454895826395827, 0.19035372405372414, 0.23470658230658242], [0.25988333888333903, 0.29965556110556113, 0.15494922299922312, 0.28551187701187714], [0.1840335497835499, 0.2945220057720059, 0.23467662337662337, 0.286767821067821], [0.2103947052947054, 0.32670887445887475, 0.2659498834498835, 0.1969465367965369], [0.19225390720390725, 0.29387974802974814, 0.25891179735297387, 0.2549545474133711], [0.2665783549783549, 0.2618231518481519, 0.21630516509634173, 0.2552933280771518], [0.20957628482628482, 0.32479730824730824, 0.21346709956709972, 0.2521593073593074], [0.2504591131091132, 0.27071673326673334, 0.19108037518037524, 0.2877437784437786], [0.2856276556776557, 0.2827081418581419, 0.16115997335997342, 0.2705042291042292], [0.2029663641913643, 0.3070761627261628, 0.200533646908647, 0.28942382617382617], [0.24583730354612715, 0.31235336330336333, 0.19300683009800665, 0.24880250305250318], [0.231901653901654, 0.3246690337440338, 0.221657153957154, 0.22177215839715841], [0.2142183982683982, 0.24300026085026102, 0.17384846623964273, 0.36893287464169794], [0.24769597069597074, 0.2754142135642136, 0.16210550005550006, 0.3147843156843156], [0.21071706626706632, 0.26994627594627607, 0.21752442557442564, 0.30181223221223236], [0.2884549728049728, 0.2821624153624154, 0.17768994338994337, 0.2516926684426686], [0.29981128871128887, 0.2668793040293041, 0.1632842768342769, 0.2700251304251307], [0.23414415964152818, 0.30857587587850727, 0.2019212343212344, 0.2553587301587303], [0.2425513625263625, 0.33487226662226655, 0.18185893273393275, 0.24071743811743823], [0.24423670773670778, 0.32841642246642233, 0.18697281052281053, 0.24037405927405933], [0.20950976245976252, 0.28448382728382715, 0.2043252025752026, 0.3016812076812077]]}}