{"test": {"ids": ["111116040", "107113180", "109119450", "102113210", "107114280", "97112300", "113121680", "102113981", "110114920", "104109311", "111115620", "109114651", "112117210", "111116990", "108115870", "103110050", "102109840", "97107681", "108113740", "107116501", "113119320", "111116530", "112120630", "113118810", "112120540", "113120751", "106114280", "98108410", "100108580", "111118301", "104114230", "100112060", "112118820", "112117030", "110116501", "98108150", "98117740", "106113170", "109118161", "110120531", "101119030", "109116930", "112119320", "104113380", "97106820", "99108580", "99111340", "107115140", "99109860", "111120540", "112116640", "105116441", "104112201", "106114880", "99111000", "100115700", "112116540", "108115880", "105116650", "113117340", "105113170", "106119990", "103118291", "105115250", "99108520", "105114220", "110113931", "106113830", "98116940", "109116441", "110117200", "111117000", "104114240", "113121190", "102108621", "98112300", "105116501", "110121140", "113118870", "99112300", "101108950", "109119010", "98109311", "112116900", "111116170", "105116090", "104111531", "100111380", "111119340", "104111830", "106116820", "113122180", "105113480", "108121351", "110120560", "111119610", "98110680", "108119330", "111118910", "101108621", "98120530", "109117600", "104118070", "100108520", "97106000", "98111231", "113118820", "104114740", "110115140", "112118880", "111120531", "101112690", "101108080", "110118301", "103111620", "99109740", "109115070", "112118620", "109121351", "105112260", "112117431", "105120280", "112116290", "109121410", "108116481", "98106680", "105112130", "108115500", "109118701", "113118690", "104111880", "97116500", "109117271", "112119610", "113119950", "107118490", "110115120", "107118520", "101117580", "111119300", "105112100", "107114110"], "labels": [0, 3, 3, 3, 3, 2, 1, 1, 3, 3, 1, 3, 1, 0, 3, 3, 2, 3, 3, 1, 1, 3, 3, 3, 3, 1, 3, 1, 0, 3, 2, 2, 0, 2, 3, 0, 2, 0, 0, 0, 3, 0, 1, 1, 1, 0, 1, 0, 2, 1, 0, 1, 0, 0, 2, 1, 1, 3, 1, 2, 0, 0, 0, 2, 2, 3, 1, 1, 2, 3, 3, 0, 0, 1, 3, 2, 1, 3, 0, 0, 2, 3, 1, 3, 0, 1, 0, 3, 3, 3, 1, 2, 0, 3, 0, 2, 2, 0, 0, 0, 1, 1, 2, 2, 0, 1, 0, 2, 0, 1, 0, 1, 0, 1, 0, 3, 0, 3, 0, 3, 0, 3, 0, 0, 0, 1, 1, 3, 3, 3, 3, 2, 0, 0, 0, 2, 0, 2, 3, 1, 1, 1], "predicted_labels": [3, 1, 3, 1, 1, 3, 1, 0, 1, 0, 0, 1, 2, 0, 0, 3, 1, 1, 3, 1, 0, 1, 0, 1, 1, 3, 3, 1, 0, 3, 2, 3, 0, 1, 1, 2, 0, 0, 1, 0, 3, 0, 1, 3, 3, 0, 2, 3, 2, 1, 1, 1, 3, 1, 3, 3, 1, 3, 2, 3, 3, 0, 1, 3, 2, 3, 0, 0, 1, 0, 0, 0, 0, 3, 3, 0, 1, 0, 1, 3, 3, 3, 1, 3, 1, 3, 3, 0, 3, 3, 0, 3, 2, 3, 2, 2, 2, 3, 1, 1, 1, 3, 3, 2, 2, 0, 1, 3, 3, 0, 0, 3, 1, 3, 3, 3, 1, 3, 3, 1, 3, 1, 1, 1, 0, 1, 1, 1, 1, 3, 3, 1, 3, 1, 3, 0, 3, 1, 3, 1, 3, 3], "confidence_scores": [[0.09538762739985022, 0.0007443215073653193, 0.0007809144292876168, 0.9030871366634968], [0.0016001241932324653, 0.9692776196730422, 0.015892484008577828, 0.013229772125147655], [0.310628152426454, 0.19116402560263956, 0.10940673938776337, 0.38880108258314305], [0.0006058713125165579, 0.7045870720543019, 0.12166991035833022, 0.17313714627485136], [0.03967175889389701, 0.5255961845916536, 0.42390792921771553, 0.010824127296733967], [0.03543897681006825, 0.1767703967472315, 0.009143537383123625, 0.7786470890595766], [0.024105304941873847, 0.8719881191796268, 0.09881880163776054, 0.005087774240738708], [0.6615750331425976, 0.04009735373730331, 0.0004319284939517997, 0.29789568462614735], [0.266800697389776, 0.6948631132735992, 0.03546974765984551, 0.0028664416767791917], [0.6647642579218764, 0.000936949668013386, 0.0059818098388582435, 0.32831698257125175], [0.47175215609575616, 0.013047560739496396, 0.2096494775952258, 0.3055508055695216], [0.026780077611750292, 0.5224429891960857, 0.0020840776761089164, 0.44869285551605526], [8.379357407575239e-05, 0.051335547729817514, 0.83509819478353, 0.11348246391257683], [0.9571362631144131, 0.007515732411978995, 0.016034775303950175, 0.01931322916965785], [0.5509495569288893, 0.11382579916448245, 0.03646015958287542, 0.2987644843237529], [0.07638156051105423, 0.31734845211912593, 0.03313226519036501, 0.5731377221794548], [0.02403896061116926, 0.7625713992923431, 0.10514860736874752, 0.10824103272774015], [0.057622244824354095, 0.9285682086082264, 0.010567479094394195, 0.0032420674730254], [0.33148689499928286, 0.17459726127303582, 0.12497391439255875, 0.36894192933512265], [0.0009619494182431887, 0.9973016442651529, 9.942741254815008e-05, 0.0016369789040557694], [0.7047214102945569, 0.17865157383431887, 0.018524157071929583, 0.09810285879919454], [0.0012646270061379375, 0.816041354673683, 6.648178145577833e-06, 0.18268737014203354], [0.8651654571818558, 0.051080108775417445, 0.00038237717585285386, 0.0833720568668739], [0.022551403075304868, 0.7328362915336117, 0.2233798752351372, 0.02123243015594615], [5.72382987997816e-05, 0.9998804814994491, 5.239722113210184e-05, 9.882980619152708e-06], [0.15411664505196293, 0.004557455408783711, 0.00792031689553429, 0.8334055826437191], [0.047756161436122525, 0.007138132096760243, 0.3105663191932797, 0.6345393872738376], [0.002473579891116297, 0.9266909423032652, 0.03430562779398719, 0.03652985001163133], [0.6251107137410131, 0.005394088448485122, 0.05757694024553104, 0.31191825756497077], [0.03496183318507532, 0.06592529805858059, 0.019748363537681484, 0.8793645052186626], [0.03313241512488497, 0.05290129663765223, 0.9012140450110085, 0.01275224322645415], [0.0033469861783574553, 0.04069552090848772, 0.17689269173034525, 0.7790648011828095], [0.7887267438209036, 0.06463710887238891, 0.006762365073909842, 0.13987378223279778], [0.03803660790841773, 0.6963845370775261, 0.14431188899028213, 0.12126696602377411], [0.0006062491043809554, 0.8889514200405775, 0.00021928290183302593, 0.11022304795320843], [0.004549568273773991, 0.006536071272817429, 0.9711445045322955, 0.017769855921113138], [0.7485631528263268, 0.10742729366431523, 0.049778141919747027, 0.09423141158961085], [0.8217232539189027, 0.16773489610877207, 0.0027010348247533227, 0.007840815147571891], [0.0006694828496866209, 0.9970873086584535, 7.509211793593876e-05, 0.0021681163739239785], [0.9844109410048901, 0.012349762972682227, 0.0010934870431411775, 0.00214580897928622], [0.005962304824800926, 0.0006056281615571141, 0.0035033479784644123, 0.9899287190351777], [0.71212951628892, 0.27785860709802845, 0.0003081965152907033, 0.009703680097760728], [0.0013233705371103444, 0.9469755626520986, 0.00962203581896688, 0.04207903099182416], [0.1533841699593668, 0.0029114736863826364, 0.1146197815850372, 0.7290845747692133], [0.29048084818940084, 0.010671753536610384, 0.02805560702698495, 0.6707917912470038], [0.9302816643723549, 0.05148015924413071, 0.010030326101733584, 0.008207850281780659], [0.007578646393900383, 0.03008539885898378, 0.7453120519590047, 0.2170239027881112], [0.049047251443233374, 0.0018208843678520711, 0.006805299868103932, 0.9423265643208105], [0.01779145788948198, 0.4328114283509256, 0.5455302516239434, 0.00386686213564895], [0.2973538555314993, 0.6949064201328373, 0.007725751358958896, 1.3972976704499365e-05], [0.0024646749969963596, 0.9659603026576893, 0.005394722703226873, 0.026180299642087686], [0.0775734328150452, 0.910194770171269, 0.0061147899585720245, 0.006117007055113732], [0.02520874185105338, 0.02225974301471272, 0.0014029291581299818, 0.951128585976104], [0.03728335443138033, 0.488734806388475, 0.4657079079876032, 0.008273931192541514], [0.000944248787878379, 0.0024524010941818037, 0.006631759425817359, 0.9899715906921226], [0.18659283961089979, 0.10186814859229387, 0.13134259000584697, 0.5801964217909594], [0.001447875278776148, 0.9445928080067232, 0.014252452488577075, 0.03970686422592372], [0.003113605566396125, 0.0006837093867979013, 7.524746647025459e-05, 0.9961274375803356], [2.0815422638206834e-05, 0.12255787376810115, 0.8761324246293198, 0.001288886179940873], [0.006846671839230951, 0.44123642545928327, 0.003372244400605358, 0.5485446583008805], [0.004240287708802525, 0.017147014393263993, 0.08375651117729378, 0.8948561867206396], [0.9051100965748714, 0.002048834095129244, 0.0664857014381729, 0.026355367891826263], [0.38280842598289916, 0.5677999830148357, 0.010737510697451456, 0.038654080304813855], [0.005959647396262284, 0.03413167323470512, 0.003801405365188643, 0.9561072740038439], [0.06384093604830121, 0.22720062153552809, 0.7019131014586164, 0.007045340957554375], [0.44167820329054197, 0.0012827652962267321, 0.017767858431823297, 0.539271172981408], [0.7743811683985219, 0.0660032548521167, 0.06916472262200085, 0.09045085412736063], [0.5907803683754363, 0.18784171141832406, 0.0006451918719613831, 0.22073272833427826], [0.0017193607577368343, 0.9762608251763272, 0.008408323938334647, 0.013611490127601397], [0.8892495017565677, 0.04401738188112349, 3.09728220962485e-06, 0.066730019080099], [0.9913745547226593, 0.0045027130885829224, 0.0021769868282371773, 0.0019457453605206147], [0.39385481076682316, 0.3283714702439138, 0.01128285621806188, 0.2664908627712012], [0.9865047441395268, 0.0018884116319695778, 0.010016129843023696, 0.0015907143854797775], [0.17993643905821047, 0.05206009932351914, 0.3579638364616746, 0.4100396251565958], [0.3436330590549756, 0.25008020328003644, 0.00013383232446972216, 0.4061529053405183], [0.5902081864597452, 0.0038122076907210643, 0.003951187689779466, 0.4020284181597543], [0.12551089776256627, 0.8176495399221984, 0.005012992518265691, 0.05182656979696968], [0.9960275903800343, 0.0007658293674686496, 0.000633734858923364, 0.0025728453935735833], [0.0033146885592821723, 0.4981533903689477, 0.0035925822434281626, 0.494939338828342], [0.0012805024107952372, 0.0011371647733396145, 0.0061512404748595905, 0.9914310923410056], [5.0754708392075314e-05, 0.0036382072477290912, 0.00126425097044158, 0.9950467870734372], [0.022940699690767615, 0.09440044213152148, 0.18183820115619517, 0.7008206570215156], [0.1570958590145437, 0.8019479214825537, 0.004337633441953935, 0.036618586060948664], [0.0669327596778624, 0.05391074863761988, 0.03323010082561432, 0.8459263908589033], [0.007325637012456874, 0.953143402837625, 0.0014733634583302634, 0.03805759669158803], [0.2627097785961052, 0.19535724531570256, 0.02072890825417031, 0.5212040678340218], [0.11520773967310415, 0.25312456437225345, 0.07589959786193387, 0.5557680980927086], [0.7003536484879113, 0.012494406335254357, 0.09066295469735582, 0.19648899047947846], [0.0012523526319431098, 0.006268849405464532, 0.061689988298538015, 0.9307888096640543], [0.00016749427552389945, 0.36395624865980514, 0.0005360714637743111, 0.6353401856008966], [0.8257995071799794, 0.002579826878766518, 0.11638861558591415, 0.055232050355340054], [0.0013419755499350834, 0.012950841659002234, 0.011935724140366429, 0.9737714586506961], [0.042099862969698296, 0.05403309096186651, 0.6408463630889758, 0.26302068297945935], [0.006537528290508772, 0.0020355956323885745, 0.006530538809374617, 0.9848963372677281], [0.10873705988141613, 0.020263821998258408, 0.6800866919541149, 0.19091242616621065], [0.07368366660136075, 0.23878255324470926, 0.558424701390115, 0.12910907876381494], [0.02481965912953556, 0.4215592982866138, 0.5533151058804935, 0.00030593670335718004], [0.06947478291475005, 0.15920828115530097, 0.14798233309294, 0.6233346028370089], [0.010537564450671277, 0.49143096883358695, 0.1414504353011938, 0.356581031414548], [0.08765536858687792, 0.8963555324278016, 0.0035520295074471867, 0.012437069477873194], [0.007828720896465743, 0.8575956871381843, 0.07694228281240045, 0.057633309152949466], [0.1811278494953323, 0.005500732024415905, 0.2619181597486951, 0.5514532587315566], [0.04000941186844651, 0.008496684045784129, 0.027428593423938726, 0.9240653106618306], [0.00036266542710602185, 0.00014062989918953007, 0.9109131109008547, 0.08858359377284965], [0.02543144440349192, 0.004111132618173042, 0.9387565031572935, 0.031700919821041514], [0.5017256523748864, 0.3843895039705346, 0.016749676682657616, 0.09713516697192127], [0.3157016714547808, 0.5121461251055358, 0.0010768445896969338, 0.17107535884998643], [0.0027981988303684693, 0.08067157056550062, 0.12784384276490482, 0.788686387839226], [0.15315458912789376, 0.19273889269503022, 0.039286227101573555, 0.6148202910755024], [0.8471900387199757, 0.04340246848560029, 0.03464574940204405, 0.07476174339238008], [0.9152517313540499, 0.01419637486492727, 0.00031390356549541794, 0.07023799021552743], [0.02500459505327515, 0.0032379352948757366, 0.005255163925214217, 0.966502305726635], [0.07878267440515498, 0.7453553987623635, 0.013615199609547653, 0.16224672722293387], [0.06020845340030872, 0.3307912750321013, 0.0006999505170333467, 0.6083003210505566], [0.010563916666427491, 0.014138027935434089, 0.00032979318967190865, 0.9749682622084667], [0.034700918089014654, 0.007720708511170288, 0.06929402532207882, 0.8882843480777363], [0.005139131514745068, 0.9837510010345996, 0.00014321968806446314, 0.010966647762590877], [0.023494486686714174, 0.11338340552770614, 0.02127591939116341, 0.8418461883944163], [0.015137837207694531, 0.024982698300996378, 0.037197544833316734, 0.9226819196579923], [0.01236592436621145, 0.5032246812540248, 0.0027079650527956863, 0.48170142932696813], [0.3424059862401195, 0.12893437567185412, 0.00025564510997441524, 0.528403992978052], [0.36504689430679177, 0.5877484103833985, 0.003929642425052627, 0.0432750528847571], [0.003653002131560489, 0.985950028826818, 0.0005727379947515518, 0.009824231046869915], [0.0038400935645932846, 0.9064690822845416, 0.002132390453501651, 0.08755843369736338], [0.6147929434118626, 0.24058006157558207, 9.902077273069338e-05, 0.14452797423982455], [0.012784152452948866, 0.5413331029324469, 0.2019389091313638, 0.24394383548324045], [0.001327976428577013, 0.6412141761497284, 0.023383011786753886, 0.3340748356349406], [0.10558470766787346, 0.8142104516228511, 0.030541261383853293, 0.04966357932542222], [0.031251624259446185, 0.8719748000183923, 0.0718091509395616, 0.024964424782599758], [0.06425101927485027, 0.21443202736005396, 0.0065426704506451345, 0.7147742829144506], [0.00018620936401741295, 0.09490819523194054, 0.08690644498611688, 0.817999150417925], [0.21841339106134944, 0.409668155467407, 0.19265531018238066, 0.17926314328886295], [0.0046168930486038175, 0.025178792599501752, 0.001264397956140479, 0.9689399163957539], [0.0001119879905314591, 0.9643054444369342, 0.012218628514949906, 0.02336393905758438], [0.005313473330480988, 0.0012581806587708682, 9.695499086466032e-05, 0.9933313910198835], [0.6076331179259828, 0.07562967817425334, 0.3164110766996574, 0.00032612720010639874], [0.24756308740011812, 0.0016393038883593806, 0.013224104028303534, 0.7375735046832189], [0.12021287237454965, 0.8663372587503748, 0.01089647115460491, 0.002553397720470513], [0.002588211267396325, 0.004470426328773471, 0.0002898650672994285, 0.9926514973365308], [0.003580132817329373, 0.9405148124021957, 0.037604796963712196, 0.018300257816762658], [0.23982319807174377, 0.0004905103839254254, 0.06274871396824089, 0.69693757757609], [0.19119936988800565, 0.2901990060285276, 0.006171200166372482, 0.5124304239170944]]}, "rewritten": {"ids": ["97106000", "97106820", "97107681", "97112300", "97116500", "98106680", "98108150", "98108410", "98109311", "98110680", "98111231", "98112300", "98116940", "98117740", "98120530", "99108520", "99108580", "99109740", "99109860", "99111000", "99111340", "99112300", "100108520", "100108580", "100111380", "100112060", "100115700", "101108080", "101108621", "101108950", "101112690", "101117580", "101119030", "102108621", "102109840", "102113210", "102113981", "103110050", "103111620", "103118291", "104109311", "104111531", "104111830", "104111880", "104112201", "104113380", "104114230", "104114240", "104114740", "104118070", "105112100", "105112130", "105112260", "105113170", "105113480", "105114220", "105115250", "105116090", "105116441", "105116501", "105116650", "105120280", "106113170", "106113830", "106114280", "106114880", "106116820", "106119990", "107113180", "107114110", "107114280", "107115140", "107116501", "107118490", "107118520", "108113740", "108115500", "108115870", "108115880", "108116481", "108119330", "108121351", "109114651", "109115070", "109116441", "109116930", "109117271", "109117600", "109118161", "109118701", "109119010", "109119450", "109121351", "109121410", "110113931", "110114920", "110115120", "110115140", "110116501", "110117200", "110118301", "110120531", "110120560", "110121140", "111115620", "111116040", "111116170", "111116530", "111116990", "111117000", "111118301", "111118910", "111119300", "111119340", "111119610", "111120531", "111120540", "112116290", "112116540", "112116640", "112116900", "112117030", "112117210", "112117431", "112118620", "112118820", "112118880", "112119320", "112119610", "112120540", "112120630", "113117340", "113118690", "113118810", "113118820", "113118870", "113119320", "113119950", "113120751", "113121190", "113121680", "113122180"], "labels": [0, 1, 3, 2, 2, 1, 0, 1, 1, 2, 1, 2, 2, 2, 1, 2, 0, 3, 2, 2, 1, 0, 2, 0, 3, 2, 1, 0, 0, 2, 1, 3, 3, 3, 2, 3, 1, 3, 0, 0, 3, 0, 3, 3, 0, 1, 2, 0, 2, 2, 1, 1, 3, 0, 0, 3, 2, 1, 1, 1, 1, 3, 0, 1, 3, 0, 1, 0, 3, 1, 3, 0, 1, 2, 2, 3, 3, 3, 3, 0, 0, 3, 3, 0, 3, 0, 0, 1, 0, 3, 3, 3, 0, 0, 1, 3, 0, 0, 3, 3, 1, 0, 0, 3, 1, 0, 0, 3, 0, 0, 3, 0, 1, 3, 2, 0, 1, 0, 1, 0, 3, 2, 1, 0, 3, 0, 1, 1, 0, 3, 3, 2, 3, 3, 0, 0, 1, 0, 1, 1, 1, 2], "predicted_labels": [2, 0, 1, 3, 1, 1, 2, 1, 0, 2, 3, 3, 1, 0, 2, 2, 0, 3, 1, 3, 3, 3, 3, 3, 3, 3, 0, 1, 1, 3, 3, 3, 3, 1, 3, 1, 0, 1, 3, 1, 3, 3, 1, 1, 3, 0, 2, 0, 3, 3, 0, 1, 1, 2, 2, 0, 3, 3, 1, 1, 1, 0, 0, 0, 3, 2, 3, 0, 1, 0, 1, 3, 1, 0, 0, 1, 2, 0, 3, 0, 1, 3, 1, 1, 0, 0, 1, 3, 1, 1, 3, 2, 0, 0, 3, 1, 0, 1, 3, 0, 3, 0, 0, 0, 2, 0, 1, 3, 1, 3, 3, 3, 1, 3, 0, 3, 0, 1, 1, 1, 1, 1, 2, 1, 3, 1, 0, 1, 1, 1, 0, 1, 1, 1, 0, 1, 0, 3, 0, 2, 1, 3], "confidence_scores": [[0.008611828936962935, 0.005792908083352463, 0.691473890925255, 0.2941213720544297], [0.5647329124840693, 0.006656616403559467, 0.025827625348227173, 0.402782845764144], [0.040349092349476666, 0.9356981261192989, 0.017519677215057042, 0.006433104316167316], [0.018300339135100832, 0.04524936869083655, 0.003967211837436116, 0.9324830803366265], [0.1024565062804767, 0.46985389051266135, 0.0856179547284293, 0.34207164847843263], [0.06161759684050832, 0.5677532757783336, 0.2824753879021418, 0.08815373947901625], [0.015048353256629704, 0.008946195863902946, 0.95280091046482, 0.023204540414647565], [0.0010683434894167617, 0.6539892125859439, 0.0009723195119928176, 0.34397012441264646], [0.4612582208633153, 0.4533219913026829, 0.0045657960763191225, 0.08085399175768282], [0.023420523848594624, 0.3639095456658776, 0.6126318803314122, 3.8050154115495766e-05], [0.13990577514243693, 0.04833136580247173, 0.008854846758138243, 0.8029080122969531], [0.358799079721032, 0.140653735547124, 0.010513813322057553, 0.4900333714097866], [0.0004871132423827915, 0.9744024577074346, 0.020484249940237294, 0.004626179109945154], [0.7298547793747149, 0.04838617524150932, 0.08934748484238461, 0.13241156054139122], [0.059183682248456396, 0.007647484684466954, 0.46897525088786335, 0.4641935821792134], [0.055456591909727654, 0.1290905478520867, 0.46615164599443903, 0.3493012142437467], [0.8758935031668538, 0.08015540890299187, 0.011323045946287476, 0.03262804198386686], [0.07338907991573994, 0.18845577660855536, 0.3615361099177389, 0.37661903355796583], [0.017476691928982546, 0.5455778650840615, 0.4081011845841104, 0.028844258402845428], [0.07802038185210305, 0.004123397776893026, 0.15162272859943624, 0.7662334917715677], [0.26703451907749626, 0.022051715464720265, 0.08621810519322558, 0.6246956602645578], [4.4503854107043436e-05, 0.018710524641633, 0.0008771345781136157, 0.9803678369261465], [0.004098447570138888, 0.005380515091076041, 0.431186789321733, 0.5593342480170521], [0.36615634115357665, 0.009301724160906685, 0.054326759225357124, 0.5702151754601595], [0.27304806334868986, 0.05318942900114145, 0.23998126302295159, 0.4337812446272172], [0.0020087951809046483, 0.08015472596349107, 0.11628920671969699, 0.8015472721359073], [0.7847410791922581, 0.0703244351937382, 0.03599047937003573, 0.10894400624396784], [0.06763592706646225, 0.9131193937171276, 0.006389127912538501, 0.012855551303871712], [0.05897495457172998, 0.9384979472058826, 0.00038517712297304717, 0.0021419210994145063], [3.695239909851743e-05, 0.00038984926183532886, 0.0017576008121831087, 0.9978155975268831], [0.016126205223048404, 0.0023050227973174385, 0.011566201113356404, 0.9700025708662778], [0.0008284161461898245, 0.005737580991323652, 0.00022142027196124511, 0.9932125825905253], [0.005571684482498089, 3.446386574059901e-05, 0.005895235182836886, 0.9884986164689243], [0.003608774136438342, 0.8158943930957926, 3.2376789338121785e-05, 0.18046445597843105], [0.002239448134383557, 0.011805721610583315, 0.3132166123286114, 0.6727382179264217], [0.007840152685383262, 0.7937612482183852, 0.14128150843008716, 0.05711709066614443], [0.6814222773863448, 0.021658957316625732, 0.00034337036172733885, 0.2965753949353023], [0.08224888840796049, 0.7643592331730151, 0.002272921130235722, 0.15111895728878874], [0.01621529843309624, 0.03091480134421752, 0.0008933951319711022, 0.9519765050907151], [0.20752635364765193, 0.6277911770761412, 0.020243321292766302, 0.14443914798344062], [0.024897951907637304, 0.000613783558185283, 0.00028218625387167983, 0.9742060782803057], [0.1466233175789165, 0.23694258592997297, 0.054975886710161195, 0.5614582097809494], [4.375764390687867e-05, 0.9788750066435968, 2.057090415179388e-05, 0.02106066480834461], [9.416090051376106e-05, 0.6315473275524363, 0.009469124362350471, 0.35888938718469965], [0.43188400220737516, 0.0008192043450278727, 0.0006488125858277138, 0.5666479808617693], [0.41348804378201554, 0.1151378278657047, 0.11851168024500554, 0.3528624481072742], [0.04032124107937424, 0.253614461568017, 0.38016100877564907, 0.32590328857695977], [0.8523594239220649, 0.06985533285929833, 0.029094019114904793, 0.048691224103731855], [0.021514824042502583, 0.053024256336405104, 0.16504916324690902, 0.7604117563741832], [0.23099089510525853, 0.12634977540547873, 0.24692957301117907, 0.3957297564780836], [0.5236838848599037, 0.0030645524053840175, 0.011469619336849826, 0.4617819433978624], [0.006118351098878648, 0.9067945625212332, 0.07526781199191754, 0.011819274387970414], [0.009223838114611678, 0.6176840077421539, 0.005731032932692498, 0.36736112121054204], [0.004200738124178221, 0.0016372517371923507, 0.9880548700216774, 0.006107140116952066], [0.013652467001205123, 0.2942621174582806, 0.6223568240699829, 0.06972859147053126], [0.8349994215716189, 0.0005723404070372788, 0.006470221568637965, 0.15795801645270593], [0.0001912957513552352, 0.008112332439438649, 0.0003845981122652481, 0.9913117736969409], [0.3277517661873393, 0.2018909322398098, 0.020454547170912735, 0.4499027544019382], [0.06607535275545447, 0.9265063188413794, 0.00589399292222593, 0.001524335480940266], [0.014612004148201543, 0.9822688529142832, 0.00017038645685199795, 0.0029487564806631728], [0.0030892401385123574, 0.9129677625596259, 0.058515783048291636, 0.025427214253570033], [0.9818727070789746, 0.016774530843101453, 0.0012406578927848836, 0.00011210418513930094], [0.8814193455906839, 0.10180347058122478, 0.0007123434864639623, 0.016064840341627487], [0.6734529947137787, 0.2125196952244286, 0.021657442433109495, 0.09236986762868311], [0.05303556057103023, 0.00029587416995601455, 0.00325737807364202, 0.9434111871853716], [0.03866353309468652, 0.41951468707617723, 0.5239987758840553, 0.017823003945080945], [0.4820990496726745, 0.0035655859067619407, 0.02866742706436177, 0.48566793735620184], [0.828900248681661, 0.006160210009394354, 0.11658829654831934, 0.04835124476062513], [0.002149792078666691, 0.9456466542433803, 0.004607339116926344, 0.04759621456102668], [0.4565493121625173, 0.34425052874780376, 0.0029502824653924935, 0.19624987662428645], [0.005293752124353021, 0.5886404582259283, 0.36744308009053867, 0.03862270955918011], [0.0038909768948247312, 7.642877594512037e-05, 0.0035270004749676665, 0.9925055938542625], [0.002559557955762936, 0.9955873331632468, 0.00011543953004584862, 0.0017376693509444825], [0.921115238034468, 0.029190420535178237, 0.04939296618450303, 0.0003013752458506426], [0.7143967032950189, 0.28005925696313555, 0.0012616572887114846, 0.004282382453133986], [0.13445685071580604, 0.4508751477655868, 0.12617485991880212, 0.288493141599805], [0.11557201106812899, 0.26058395648702465, 0.5748328352713958, 0.04901119717345061], [0.454568299968076, 0.1517852369213264, 0.12325040776860773, 0.27039605534198985], [0.14839729435941404, 0.37691608875833604, 0.013308763202563129, 0.4613778536796867], [0.7757947974882499, 0.06514289790310476, 0.0006526769960021001, 0.15840962761264313], [0.014654381500169488, 0.8133625021110484, 0.03269455764717336, 0.1392885587416088], [0.003973176841491703, 0.06559763096762133, 0.004715476016368182, 0.9257137161745187], [0.018454010225125307, 0.6884527431097011, 0.0020358098945837083, 0.2910574367705898], [0.0022432844982979545, 0.985282466892122, 0.0005396040046288245, 0.011934644604951104], [0.9361351731123513, 0.006995428985500159, 4.397523906782771e-06, 0.05686500037824166], [0.5844108640001042, 0.3988623483099398, 0.0010734730705153316, 0.015653314619440792], [0.05049091527902283, 0.7472845892521122, 0.0014250436223400011, 0.20079945184652526], [0.1229549196012985, 0.01356681947361981, 0.39398583563658757, 0.46949242528849416], [0.0892428203024098, 0.9076116814974905, 0.0029410891433265507, 0.00020440905677317984], [0.001376955931359471, 0.6153506292198, 0.051336689906668974, 0.3319357249421716], [0.006502173568567402, 0.0009026310951097144, 0.06889251673637052, 0.9237026785999524], [0.253622681355148, 0.10201401920034339, 0.37671287887268706, 0.26765042057182153], [0.5108308992903858, 0.02332787100491559, 0.01649608128925566, 0.44934514841544293], [0.7252751998161014, 0.07259978622256281, 0.004593496626257912, 0.19753151733507776], [0.3353048445845724, 0.036810241407710435, 0.012004719929587442, 0.6158801940781297], [0.13775201317586408, 0.7925425799666832, 0.06334324733598752, 0.006362159521465209], [0.7104858851479156, 0.07367167022614145, 0.050181018786269065, 0.165661425839674], [0.08418277857630269, 0.4500595898383909, 0.05843269985285495, 0.40732493173245143], [0.00010251787294720524, 0.02382794717322171, 0.0001932956138659052, 0.975876239339965], [0.8229829964072666, 0.03238512864766379, 0.008961218062021622, 0.13567065688304808], [0.01913865987349422, 0.00947371015778793, 0.0003207391293751707, 0.9710668908393427], [0.9890387517670931, 0.010113808569531837, 0.0004005819495892661, 0.000446857713785953], [0.6540153715875864, 0.0023749084237729046, 0.2958243788576179, 0.047785341131022764], [0.7379482791338926, 0.00703464330427812, 0.019371130142049733, 0.23564594741977946], [0.16921196922257625, 0.007439947350831336, 0.628706125267836, 0.19464195815875643], [0.705950265864722, 0.0004798102961559412, 0.004500189545607759, 0.2890697342935144], [0.14270150152801417, 0.7856208266884829, 0.0485332762989007, 0.023144395484602467], [0.008530360134387701, 0.24918103799726415, 0.0003014036236894673, 0.7419871982446588], [0.08868830802720998, 0.7464473692598768, 0.1386416410369139, 0.02622268167599926], [0.06921833467735863, 0.03569396110933656, 0.003193227641372614, 0.8918944765719322], [0.3547441130567648, 0.11495054461739669, 0.06404496049771725, 0.46626038182812124], [0.024528696537467327, 0.471703602907326, 0.014818908590114541, 0.488948791965092], [0.003131687319639759, 0.8907857709741669, 0.018998771701527167, 0.08708377000466624], [0.0006057861728558814, 0.0156321683908043, 0.02364332922690766, 0.9601187162094322], [0.36242362626462554, 0.10281743518492774, 0.17635578036598773, 0.35840315818445895], [0.2645749815584003, 0.015057762013823944, 0.00016130794201664144, 0.7202059484857591], [0.6536294667449748, 0.3246477761320739, 0.02171446465401955, 8.292468931760707e-06], [0.33234936099264967, 0.6651639507998542, 0.000596137638248044, 0.0018905505692480829], [6.56330789707315e-05, 0.9977886305988777, 0.0020341481247029055, 0.00011158819744861242], [0.001166995564406389, 0.974613693501156, 0.005026787165837458, 0.019192523768600055], [0.0008700594954933324, 0.9279967277832871, 0.006551906051249329, 0.06458130666997002], [0.042994234816101505, 0.9095522497778128, 0.012830498778380755, 0.03462301662770504], [0.00011602616354766532, 0.0772979140403457, 0.7230521848062078, 0.19953387498989889], [0.1553102103889725, 0.5025523399047708, 0.0044707548164155805, 0.337666694889841], [0.39005250689905946, 0.057880522198806544, 0.0119026014823424, 0.5401643694197916], [0.25600715533063323, 0.4156368723259978, 0.0010589752225923336, 0.3272969971207766], [0.5815434348884394, 0.12528242892499372, 0.0208395697047312, 0.2723345664818358], [0.001216988843440576, 0.9600229064279313, 0.014780011736306203, 0.023980092992322073], [0.00011222922225562563, 0.9554713011187409, 0.0431722066106392, 0.001244263048364319], [0.0014236651535621237, 0.9977624514563947, 0.0006764154586585617, 0.00013746793138450197], [0.48725391624041686, 0.3338556620781038, 0.012848520407909979, 0.16604190127356933], [0.004214903879365493, 0.6234995779455044, 0.007613767170773771, 0.36467175100435645], [0.22515043693709436, 0.39865682009560405, 0.0003673382475099907, 0.3758254047197916], [0.0004911159424941118, 0.9718839271621957, 0.0021126192123577378, 0.025512337682952416], [0.893163183952845, 0.07325948272327036, 0.0011473087266261912, 0.0324300245972584], [0.0016259496384559808, 0.9910999439764878, 0.00017734728357485447, 0.0070967591014813106], [0.9101994844103426, 0.020880774237821434, 0.03156758034487631, 0.037352161006959914], [0.012019064310221745, 0.00040377340886054683, 0.00012521446863106054, 0.9874519478122866], [0.5605745372555067, 0.06221808795398114, 0.318854853626016, 0.058352521164496234], [0.20790888395800253, 0.0031378684528277556, 0.5896761272411263, 0.1992771203480434], [0.007173349998279906, 0.8060811089090444, 0.1505651976818155, 0.03618034341086029], [0.01871219019191615, 0.06192937144261521, 0.013482431422583159, 0.9058760069428854]]}}