{"test": {"ids": ["112119500", "98109570", "107112850", "97112170", "105116501", "99108000", "103109021", "99120010", "108117360", "112120290", "112119580", "104119290", "99111620", "100109000", "103109791", "108119330", "109118701", "113118630", "111120531", "102109850", "111116090", "104113190", "104111780", "113122190", "101119591", "112118421", "112119320", "97105580", "110116300", "106114011", "100109360", "105113210", "111117480", "108117720", "99107640", "110113931", "113118820", "101117580", "110117870", "106116850", "111114941", "113121190", "107114280", "109119010", "106118520", "101108370", "97114170", "99112641", "112116540", "104114410", "112120700", "103111930", "109116750", "100109330", "101110200", "113118231", "112118880", "99121440", "110118301", "104111531", "113119320", "101108950", "112120540", "108116501", "107114950", "106114280", "102116500", "113118620", "99116500", "98109090", "101112540", "105121190", "109117110", "112117030", "101108621", "103120780", "101111140", "112118471", "102114270", "110119891", "97112290", "113117340", "103117461", "107115140", "111117000", "104111550", "102110890", "108118060", "113120751", "113120280", "102121700", "104116980", "107120260", "108120621", "108114220", "104116441", "109114220", "112117790", "106115120", "100108990", "113122430", "109120560", "112119610", "110115140", "107117010", "109114651", "107121540", "111120540", "108113480", "108114180", "104113210", "107120010", "106112770", "107118780", "112118701", "110117140", "102112250", "105116090", "98116940", "112118550", "105115720", "99109840", "113122650", "108121160", "100116500", "101121640", "110120640", "102110750", "106113260", "106113360", "106115250", "106120290", "104111620", "98111620", "104111830", "113122180", "111114321", "113122220", "111115620", "105115570", "107115250", "113118810"], "labels": [2, 1, 1, 0, 1, 2, 0, 2, 1, 1, 3, 1, 3, 1, 3, 0, 3, 3, 0, 1, 3, 3, 3, 1, 0, 3, 1, 1, 3, 1, 0, 3, 1, 1, 1, 1, 0, 3, 3, 3, 0, 1, 3, 3, 2, 1, 2, 1, 1, 1, 2, 3, 0, 0, 2, 3, 1, 2, 1, 0, 1, 2, 3, 0, 3, 3, 1, 3, 2, 1, 2, 2, 1, 2, 0, 1, 2, 1, 3, 3, 1, 2, 0, 0, 0, 1, 0, 1, 1, 0, 1, 1, 1, 1, 3, 1, 3, 3, 1, 2, 2, 1, 0, 0, 1, 3, 2, 1, 0, 1, 3, 1, 1, 1, 0, 3, 0, 1, 2, 3, 1, 2, 2, 2, 2, 2, 0, 1, 3, 0, 2, 2, 0, 3, 3, 2, 1, 1, 1, 0, 2, 3], "predicted_labels": [1, 3, 1, 3, 0, 1, 0, 2, 2, 2, 3, 1, 1, 1, 2, 0, 3, 3, 1, 2, 0, 0, 1, 2, 0, 1, 2, 0, 1, 0, 3, 3, 3, 3, 3, 1, 1, 3, 3, 3, 3, 0, 1, 3, 1, 0, 3, 0, 0, 3, 3, 1, 0, 0, 1, 0, 2, 1, 1, 3, 0, 2, 3, 3, 3, 3, 2, 1, 1, 2, 2, 3, 0, 3, 3, 1, 0, 0, 1, 3, 3, 2, 1, 3, 3, 1, 2, 1, 3, 0, 1, 2, 1, 1, 2, 3, 1, 0, 0, 1, 3, 2, 3, 3, 3, 0, 1, 1, 3, 3, 3, 3, 3, 3, 3, 1, 3, 3, 1, 0, 1, 2, 3, 1, 1, 3, 1, 1, 1, 1, 2, 2, 3, 2, 3, 3, 1, 1, 0, 1, 3, 3], "confidence_scores": [[0.07961009135275654, 0.7654729810025677, 0.07927210896922968, 0.07564481867544588], [0.017292642702998212, 0.007383178055817871, 0.008205039392008328, 0.9671191398491756], [0.15052288608441464, 0.6186808823861716, 0.07806384197425835, 0.15273238955515497], [0.3010594733397922, 0.17704511372776055, 0.14274675854019844, 0.3791486543922488], [0.48854375835211644, 0.1284952106057446, 0.0027703426565310564, 0.38019068838560777], [0.01273269476578187, 0.5091548131896972, 0.19383658006923907, 0.2842759119752817], [0.4774842975731577, 0.14670501681068182, 0.008464419679299904, 0.36734626593686026], [0.09992692564477339, 0.23426894097929116, 0.5731242343365174, 0.09267989903941799], [0.0015173105733521754, 0.01860664768289668, 0.8685816090799636, 0.11129443266378741], [0.12269087839507192, 0.06099723836108553, 0.8120687315161722, 0.004243151727670211], [0.07590005533563617, 0.05774047403728272, 0.18717705510815086, 0.6791824155189301], [0.0533279496635069, 0.30620722943836953, 0.42981174156255236, 0.21065307933557137], [0.06700093088248503, 0.7122821785754281, 0.0692626823716807, 0.15145420817040614], [0.1666324666144309, 0.3351918567257631, 0.21211454338717772, 0.28606113327262866], [0.043922797012785085, 0.015032849446504964, 0.9020331207246682, 0.039011232816041845], [0.5034845621165867, 0.2182308327542375, 0.07182399413771594, 0.20646061099145988], [0.06511052711451215, 0.09116838815752026, 0.0067296766503482635, 0.8369914080776195], [0.23547295374386545, 0.09009289584223681, 0.09219409848124382, 0.5822400519326539], [0.18552581416887845, 0.4247677693061219, 0.07390089399842065, 0.31580552252657895], [0.02689258651139804, 0.3690989843424695, 0.5735959801201268, 0.030412449026005543], [0.631818458781249, 0.08584586784708426, 0.04107629869937334, 0.24125937467229336], [0.44534710573812214, 0.2654478908182021, 0.08115783131886467, 0.20804717212481105], [0.09234636821711409, 0.7416443391658858, 0.07896874061133834, 0.08704055200566188], [0.07795769083289789, 0.0613812243061597, 0.6435738143233145, 0.21708727053762789], [0.4504521905052072, 0.11380924830383843, 0.03433116621394, 0.40140739497701433], [0.33577731891954776, 0.3964378733539725, 0.02510084748769241, 0.24268396023878738], [0.00558141702304826, 0.0703856752160323, 0.8869191881744459, 0.037113719586473234], [0.6305151912472146, 0.1181311814726222, 0.11609504746775673, 0.1352585798124064], [0.11683817774507392, 0.7806188372318911, 0.018179389551134115, 0.08436359547190068], [0.5703776912733473, 0.3688222833727031, 0.05208172610608377, 0.008718299247866153], [0.2013793033058104, 0.04779735505276144, 0.30723246502856905, 0.44359087661285934], [0.02139404556568355, 0.06269210304182544, 0.003335305498591363, 0.9125785458938993], [0.18781750623180196, 0.1788072539837595, 0.04169456477250667, 0.5916806750119322], [0.1510638939667421, 0.19324745676103228, 0.07646915286220257, 0.5792194964100231], [0.013678657190997902, 0.13204923633229956, 0.050883865383431606, 0.8033882410932709], [0.1524842628889548, 0.7983753657921249, 0.0045676018220881945, 0.04457276949683233], [0.24630239875489096, 0.43235034159263075, 0.05657481761990127, 0.2647724420325771], [0.10672946318981615, 0.07927141666542947, 0.0037905328267732728, 0.8102085873179807], [0.07669650291084136, 0.2518752860335726, 0.19610819037796867, 0.475320020677617], [0.28525809885243486, 0.26906753736974537, 0.04921510800242887, 0.39645925577539076], [0.2738912514190146, 0.2807028563567189, 0.00745320099077168, 0.437952691233495], [0.499589658206971, 0.21066558988154943, 0.02345291375590053, 0.26629183815557905], [0.24358054157499365, 0.5536440637390528, 0.1283958944251733, 0.07437950026078037], [0.1912114592188479, 0.18946495210732722, 0.14992272792867797, 0.4694008607451469], [0.33057963374442173, 0.4176904313083266, 0.01464934262090296, 0.2370805923263488], [0.9483171878586599, 0.012626952081267287, 0.010119969374936802, 0.028935890685135832], [0.030655800957998143, 0.43147618101808694, 0.043445028857747876, 0.494422989166167], [0.7614380887753218, 0.10459773902338947, 0.033843321787487286, 0.10012085041380171], [0.4265552678471529, 0.23319500375504823, 0.012493847860304936, 0.3277558805374937], [0.18348570814254359, 0.16957553951221363, 0.006320937888295966, 0.6406178144569468], [0.03699505896013133, 0.3104805428977005, 0.04476211106379057, 0.6077622870783778], [0.14014330162675348, 0.7481499228334724, 0.07280509179597425, 0.03890168374379991], [0.4568606814253771, 0.398312355962358, 0.09877076844267575, 0.04605619416958916], [0.3320301104659524, 0.3468674708550046, 0.06442615797327512, 0.256676260705768], [0.032416659346812066, 0.9112532582120427, 0.029321562727469695, 0.027008519713675728], [0.728702451490044, 0.1970418132494943, 0.024172283532624957, 0.05008345172783687], [0.19941564851260138, 0.2832753549803737, 0.3647898157174717, 0.1525191807895532], [0.08254159613545313, 0.39047166696814695, 0.4299515132720787, 0.09703522362432135], [0.09539341453793147, 0.740494634417766, 0.03187089135558848, 0.1322410596887139], [0.21564572610888785, 0.3170565751980264, 0.030896009662070373, 0.4364016890310153], [0.60649550334746, 0.08991041574856526, 0.002516624129651973, 0.3010774567743228], [0.08423893996179754, 0.14367195665730367, 0.6623602983873443, 0.10972880499355445], [0.16097428665754018, 0.3085005448837974, 0.02601937551219489, 0.5045057929464676], [0.260092679002818, 0.19798706511595116, 0.014952605334766708, 0.5269676505464641], [0.22963846692029302, 0.05221124112120602, 0.0373653161037641, 0.6807849758547367], [0.09593103644975927, 0.06791710618491208, 0.015785377443731614, 0.8203664799215971], [0.11101140422515329, 0.22433933072709644, 0.50240117448499, 0.16224809056276038], [0.3525860869713784, 0.5157429789762559, 0.009882428123381342, 0.12178850592898442], [0.005862180654933166, 0.6564443216791163, 0.24869772752390432, 0.08899577014204632], [0.017307351754489993, 0.1458792864966286, 0.7551291173470138, 0.08168424440186732], [0.11117583614732358, 0.11145359374292195, 0.6468633559381503, 0.13050721417160394], [0.01784974226652683, 0.2915035309308214, 0.2763298022642106, 0.41431692453844127], [0.2895930582915639, 0.31321884790241583, 0.10560566577279824, 0.29158242803322204], [0.14809519818507552, 0.08134453993194797, 0.01859797279055647, 0.7519622890924201], [0.10533169120613706, 0.42488999684405665, 0.07822219709743193, 0.39155611485237424], [0.15872803380813008, 0.5518329084147318, 0.056286109350965424, 0.23315294842617287], [0.46394202884618235, 0.05499493051997015, 0.20600089467474555, 0.27506214595910167], [0.3827462563866587, 0.26617293909810197, 0.205022385706386, 0.1460584188088533], [0.1349909971897782, 0.7600755947025849, 0.005587486562899889, 0.09934592154473737], [0.05797433838216437, 0.23525264167247414, 0.04060362506178123, 0.6661693948835802], [0.24570560613339765, 0.16442067523916318, 0.05376385187414692, 0.5361098667532922], [0.10247976173772468, 0.226854555709375, 0.6164462312760497, 0.054219451276850496], [0.3607252370076908, 0.34769545500749954, 0.17575903014163877, 0.11582027784317075], [0.013361459278294867, 0.00707703884403528, 0.030477118909474365, 0.9490843829681957], [0.20709748920669632, 0.36936193425602987, 0.040107299846602655, 0.3834332766906711], [0.19620489004611635, 0.3778313825231001, 0.2621717730496826, 0.16379195438110086], [0.20652270903286388, 0.024534548011747072, 0.6529293673263644, 0.11601337562902493], [0.399329719948557, 0.43762601967747045, 0.04460086557655628, 0.1184433947974164], [0.11801745281214703, 0.08240332687527582, 0.046554503937065436, 0.7530247163755118], [0.8089986441618396, 0.017817188554562786, 0.005219016098254891, 0.16796515118534266], [0.34352959942781314, 0.45142539827210154, 0.1295225731863892, 0.07552242911369575], [0.0030897408078239897, 0.03385598645442144, 0.9563187902370441, 0.006735482500710483], [0.17818712648778745, 0.7929684672773493, 0.02373811817070884, 0.005106288064154078], [0.2317568000122546, 0.5604478900830806, 0.04508962761372441, 0.16270568229094073], [0.10307447794323148, 0.3331768608680373, 0.5391578433562257, 0.02459081783250552], [0.18711590525335312, 0.3461089103564391, 0.007102247520231635, 0.4596729368699762], [0.20428915678313064, 0.3652049156099546, 0.18564610517422878, 0.2448598224326861], [0.5454016284229509, 0.10388413679937102, 0.03248618321421859, 0.31822805156345924], [0.8486846457180681, 0.06732147242883381, 0.005135697744449936, 0.07885818410864832], [0.04469113833377394, 0.4856726015653905, 0.12162226773273221, 0.3480139923681035], [0.008510149185640742, 0.11029812903651369, 0.04375266753327347, 0.8374390542445718], [0.004980530799700595, 0.10456952652539972, 0.7458797962613646, 0.1445701464135353], [0.14597819239386584, 0.29843225976365173, 0.11790621737210434, 0.4376833304703781], [0.19847596285855548, 0.0633933075992764, 0.16480822192413544, 0.5733225076180326], [0.022135653964383203, 0.05323195811536361, 0.2667934794201938, 0.6578389085000593], [0.6966822472833137, 0.0378025731025702, 0.1954246978252989, 0.07009048178881738], [0.1373386252644971, 0.5582430092382672, 0.0628052479065414, 0.2416131175906941], [0.0881888810686223, 0.673037765113669, 0.16611417539394865, 0.07265917842376007], [0.26600258645993213, 0.04726669558247343, 0.17092138837464138, 0.5158093295829531], [0.015334243090774729, 0.022466650974149797, 0.05517219052050998, 0.9070269154145658], [0.29202577237188704, 0.2213323294690441, 0.051016019319390676, 0.4356258788396779], [0.05437141794453781, 0.07665728081676705, 0.1630436273574211, 0.7059276738812739], [0.034163821857580025, 0.27700913473206795, 0.17065655862892182, 0.5181704847814304], [0.09555952649312942, 0.14425622281546202, 0.0014528954807012675, 0.7587313552107073], [0.1954464911792366, 0.2728947499149947, 0.03641122551801059, 0.4952475333877579], [0.16509234238702564, 0.421559615709751, 0.236317389790917, 0.17703065211230598], [0.21655172849246715, 0.07128479752628823, 0.3899300048680125, 0.3222334691132321], [0.20647633046551703, 0.20706706356023555, 0.07697526059226038, 0.509481345381987], [0.06912224439308412, 0.8402494144317337, 0.057604934720403976, 0.033023406454778005], [0.6428278693265738, 0.07788198646854766, 0.008807940731227136, 0.27048220347365143], [0.04452647534175002, 0.8499328898128604, 0.014909011939693264, 0.0906316229056961], [0.026279138303783877, 0.20644558742996255, 0.6932946351694275, 0.07398063909682599], [0.08565692987650031, 0.26847838036251664, 0.12385966596623268, 0.5220050237947503], [0.24624104838671237, 0.5275237224122793, 0.06105096159506528, 0.16518426760594315], [0.1544626947201545, 0.45602562169821453, 0.23224824880416176, 0.157263434777469], [0.03699357422187568, 0.433469684545585, 0.09630235251440324, 0.43323438871813613], [0.30933226295066846, 0.3370477842392824, 0.13121421786429308, 0.2224057349457558], [0.05612609177927765, 0.46058005800525065, 0.4809675314528087, 0.0023263187626630356], [0.2885686354611917, 0.5441708873960944, 0.08173989109090456, 0.08552058605180947], [0.4278028353738249, 0.4675723594643189, 0.03002310894837365, 0.07460169621348246], [0.11081760516098413, 0.22897231871222548, 0.472715379763544, 0.18749469636324656], [0.07031085732909921, 0.22233711339682233, 0.6576156818095888, 0.04973634746448945], [0.36218354460606417, 0.13794977278448428, 0.01998823124586612, 0.47987845136358503], [0.011395533058434673, 0.10059650606009399, 0.8557357149048707, 0.03227224597660073], [0.04960362151354864, 0.11891621994120531, 0.06567498511587255, 0.7658051734293735], [0.09796385169520602, 0.19254423793324937, 0.025728793033380565, 0.6837631173381643], [0.06376288225056014, 0.6580438408741123, 0.2648208388818256, 0.013372437993501983], [0.06641534479867366, 0.570738259132677, 0.008837962789069866, 0.3540084332795795], [0.5192873306775951, 0.29027442347355786, 0.07939492373100236, 0.11104332211784461], [0.25840882966074347, 0.5119329347241217, 0.16027283855694205, 0.06938539705819298], [0.057563907936963685, 0.09271185567468095, 0.388392693177472, 0.4613315432108835], [0.16882937473889678, 0.25927726058403333, 0.01663202577376624, 0.5552613389033036]]}, "rewritten": {"ids": ["97105580", "97112170", "97112290", "97114170", "98109090", "98109570", "98111620", "98116940", "99107640", "99108000", "99109840", "99111620", "99112641", "99116500", "99120010", "99121440", "100108990", "100109000", "100109330", "100109360", "100116500", "101108370", "101108621", "101108950", "101110200", "101111140", "101112540", "101117580", "101119591", "101121640", "102109850", "102110750", "102110890", "102112250", "102114270", "102116500", "102121700", "103109021", "103109791", "103111930", "103117461", "103120780", "104111531", "104111550", "104111620", "104111780", "104111830", "104113190", "104113210", "104114410", "104116441", "104116980", "104119290", "105113210", "105115570", "105115720", "105116090", "105116501", "105121190", "106112770", "106113260", "106113360", "106114011", "106114280", "106115120", "106115250", "106116850", "106118520", "106120290", "107112850", "107114280", "107114950", "107115140", "107115250", "107117010", "107118780", "107120010", "107120260", "107121540", "108113480", "108114180", "108114220", "108116501", "108117360", "108117720", "108118060", "108119330", "108120621", "108121160", "109114220", "109114651", "109116750", "109117110", "109118701", "109119010", "109120560", "110113931", "110115140", "110116300", "110117140", "110117870", "110118301", "110119891", "110120640", "111114321", "111114941", "111115620", "111116090", "111117000", "111117480", "111120531", "111120540", "112116540", "112117030", "112117790", "112118421", "112118471", "112118550", "112118701", "112118880", "112119320", "112119500", "112119580", "112119610", "112120290", "112120540", "112120700", "113117340", "113118231", "113118620", "113118630", "113118810", "113118820", "113119320", "113120280", "113120751", "113121190", "113122180", "113122190", "113122220", "113122430", "113122650"], "labels": [1, 0, 1, 2, 1, 1, 3, 2, 1, 2, 2, 3, 1, 2, 2, 2, 2, 1, 0, 0, 2, 1, 0, 2, 2, 2, 2, 3, 0, 2, 1, 1, 0, 0, 3, 1, 1, 0, 3, 3, 0, 1, 0, 1, 0, 3, 3, 3, 3, 1, 1, 1, 1, 3, 0, 1, 1, 1, 2, 1, 3, 0, 1, 3, 1, 2, 3, 2, 2, 1, 3, 3, 0, 2, 1, 1, 1, 1, 2, 0, 1, 3, 0, 1, 1, 1, 0, 1, 2, 3, 3, 0, 1, 3, 3, 1, 1, 0, 3, 3, 3, 1, 3, 0, 1, 0, 1, 3, 0, 1, 0, 1, 1, 2, 3, 3, 1, 3, 0, 1, 1, 2, 3, 0, 1, 3, 2, 2, 3, 3, 3, 3, 0, 1, 0, 1, 1, 2, 1, 1, 2, 2], "predicted_labels": [0, 0, 3, 3, 2, 3, 2, 1, 3, 1, 2, 1, 0, 1, 0, 1, 3, 1, 3, 3, 3, 0, 3, 3, 1, 0, 0, 3, 3, 1, 1, 2, 3, 3, 1, 1, 1, 3, 2, 1, 0, 1, 3, 2, 3, 1, 3, 0, 3, 3, 3, 2, 1, 3, 1, 3, 3, 0, 2, 1, 1, 1, 0, 3, 0, 2, 1, 1, 2, 1, 1, 3, 3, 3, 3, 3, 3, 1, 0, 3, 3, 0, 3, 2, 3, 0, 1, 1, 1, 0, 0, 1, 1, 3, 3, 2, 1, 3, 1, 1, 3, 1, 1, 2, 1, 3, 3, 0, 1, 3, 1, 1, 0, 3, 3, 3, 1, 0, 1, 2, 2, 1, 3, 1, 2, 3, 1, 2, 0, 0, 0, 3, 0, 0, 3, 3, 0, 3, 1, 1, 3, 1], "confidence_scores": [[0.5359694910355995, 0.28572423424779075, 0.10837867560609002, 0.06992759911051935], [0.48841371887362983, 0.17293990789076466, 0.027033067234708608, 0.3116133060008969], [0.18961733772974315, 0.25183047838466, 0.024186312911961955, 0.534365870973635], [0.055197271341233214, 0.473154956648369, 0.020668193065423814, 0.4509795789449738], [0.02369066525194081, 0.2381756682736121, 0.4725218200126361, 0.2656118464618113], [0.10326942793832695, 0.03119802837132682, 0.01662300051835965, 0.8489095431719863], [0.003595398908670039, 0.037283774272573754, 0.9563189784778243, 0.0028018483409318743], [0.12877281788780395, 0.6900065780787298, 0.035577762799166586, 0.14564284123429935], [0.018052138828437266, 0.17337075362208967, 0.07027756220405383, 0.7382995453454195], [0.008793059779814589, 0.5596051498800578, 0.1138375982324392, 0.3177641921076882], [0.0044795490551390454, 0.06182289542141088, 0.9259928691661105, 0.007704686357339677], [0.03805609351486399, 0.5784776590495275, 0.07051553189006039, 0.31295071554554754], [0.8567640447263377, 0.05576485786278433, 0.01194493355748185, 0.07552616385339643], [0.010083231214188172, 0.6661830708761912, 0.23749835818072712, 0.08623533972889351], [0.39474423155801425, 0.11012708678927524, 0.3655920440102786, 0.12953663764243215], [0.17701772500876756, 0.46481296083523654, 0.26632192209020594, 0.09184739206578996], [0.06064079961205286, 0.3137991740849937, 0.06355249124046246, 0.5620075350624909], [0.17243309491163997, 0.503127568843502, 0.1330848474548901, 0.19135448878996764], [0.2486947015133146, 0.18914724013818937, 0.07068597152288082, 0.4914720868256153], [0.29675837930971005, 0.04484662490638611, 0.3283938497704025, 0.33000114601350106], [0.08165932893402271, 0.17976425010671715, 0.13082364092112786, 0.6077527800381317], [0.779735887636456, 0.06483110870573752, 0.05582306552460186, 0.09960993813320501], [0.15850607393918298, 0.2469442698565281, 0.07347482182611006, 0.5210748343781786], [0.18339779971521689, 0.08050081200746272, 0.29834022400465193, 0.4377611642726685], [0.014170188071169551, 0.9589508799140314, 0.016993547575368213, 0.00988538443943058], [0.6366950213701162, 0.05851032540435151, 0.09183650811675566, 0.21295814510877656], [0.4310749954455114, 0.3390749839031421, 0.08083790657687315, 0.14901211407447318], [0.21243352680821015, 0.38481562845744083, 0.03293703334882409, 0.36981381138552505], [0.43513135246867174, 0.039038181655749356, 0.019593928296109224, 0.5062365375794697], [0.059687415189119984, 0.5298141490645851, 0.1875972749677387, 0.22290116077855635], [0.036977321313528905, 0.4753079055698157, 0.42391564873628035, 0.0637991243803751], [0.00558633377469052, 0.23839517585796177, 0.7549091801614413, 0.0011093102059066666], [0.22875102951540904, 0.05578289547319259, 0.3819238946946086, 0.3335421803167895], [0.2497948708339434, 0.040570947438996724, 0.2833151763871978, 0.42631900533986244], [0.33830023310057866, 0.41757746458864137, 0.006878937377192563, 0.23724336493358736], [0.06568252971541456, 0.40103604146161964, 0.45594145696854205, 0.07733997185442365], [0.17780952672003117, 0.48514575611184724, 0.17107286932835944, 0.1659718478397622], [0.11596720138866405, 0.23142422066360852, 0.006999148798986323, 0.645609429148741], [0.07341544086271576, 0.03443654936746674, 0.6307781829477608, 0.2613698268220567], [0.20115894181586064, 0.5422083385203968, 0.053462284136367166, 0.20317043552737557], [0.5175197868885966, 0.34119639343754266, 0.05242721390362264, 0.08885660577023842], [0.16867201218525163, 0.6107460725674045, 0.0727232520247513, 0.1478586632225926], [0.10725941187554042, 0.4433267866079426, 0.037434491113585745, 0.4119793104029314], [0.045176716641727704, 0.2977844860312004, 0.5350658594064237, 0.12197293792064826], [0.25341460803191457, 0.2898362544576477, 0.05427445140370306, 0.40247468610673465], [0.0871505062104017, 0.7076717059331608, 0.029137014422532206, 0.17604077343390526], [0.057897554698362635, 0.06398545690577574, 0.07538165517217656, 0.8027353332236851], [0.370469649698052, 0.2650514458555971, 0.10659095910112741, 0.2578879453452235], [0.09899025265852546, 0.33513334549341844, 0.1403078811082365, 0.4255685207398201], [0.0933461295947276, 0.08025343513966791, 0.003685616019085777, 0.8227148192465189], [0.24891013588848243, 0.21719562770665593, 0.01481073060377413, 0.5190835058010876], [0.004949005745805275, 0.013738271303158911, 0.9693344304361746, 0.011978292514861117], [0.03679493326151381, 0.29705349635438894, 0.4463735540082373, 0.21977801637585984], [0.06535785689933296, 0.12254786331441529, 0.009859432333527901, 0.802234847452724], [0.10463345083435492, 0.441274696772392, 0.27511204008675383, 0.17897981230649976], [0.029490783725938788, 0.48275466638640935, 0.052981186385149794, 0.4347733635025024], [0.3080745739393953, 0.05273755469869153, 0.02300749380514521, 0.6161803775567681], [0.554327689216466, 0.1606359329705238, 0.005378294634133688, 0.27965808317887647], [0.008445370653845702, 0.27476477509876135, 0.5354922181282737, 0.18129763611911912], [0.03835512230892164, 0.41082135452680624, 0.3534834072333164, 0.19734011593095582], [0.31038879850154966, 0.6487957117889354, 0.00578611301435953, 0.03502937669515547], [0.27250243157745885, 0.49884087842536695, 0.11220618110009732, 0.11645050889707688], [0.6187688545976535, 0.2915404245504793, 0.06871327080004527, 0.020977450051821892], [0.04419299611060725, 0.061064837316826444, 0.05355415391799978, 0.8411880126545663], [0.7943587775631341, 0.16317569504826215, 0.007364550832968688, 0.035100976555635], [0.24677873580043652, 0.1258354457328874, 0.519693844835214, 0.10769197363146236], [0.25137057832149035, 0.4239792801335385, 0.03794499305150388, 0.2867051484934674], [0.34652244331812154, 0.3619891648104929, 0.010552547997462315, 0.2809358438739231], [0.020614236205686483, 0.14133399656385906, 0.7908615360768235, 0.04719023115363082], [0.07763853894824017, 0.7635655326342948, 0.10684587821458025, 0.05195005020288493], [0.1921210916870047, 0.5561294110006344, 0.21685241309942166, 0.03489708421293924], [0.03530720100392515, 0.019772086045385526, 0.006393402346613277, 0.9385273106040761], [0.02173585881591522, 0.003495347817147525, 0.04240691417176222, 0.9323618791951751], [0.058657585921131544, 0.09789310611974754, 0.06136513331214839, 0.782084174646973], [0.013662920870184456, 0.025523105713041408, 0.3839957624073912, 0.5768182110093832], [0.07824492105600699, 0.0935411654539521, 0.005001265872953945, 0.8232126476170869], [0.04767178966942335, 0.06904905982660506, 0.034353583763861356, 0.8489255667401102], [0.08892426058899322, 0.4076542060042084, 0.4724191343471606, 0.031002399059637666], [0.3226152167993885, 0.325767480342298, 0.0889075698245005, 0.26270973303381345], [0.18884038919011034, 0.08641519888071575, 0.41387719446953564, 0.3108672174596381], [0.021317108378483645, 0.017601790551622566, 0.017408258179917955, 0.9436728428899759], [0.44744050272974784, 0.2433917752213711, 0.25146911671168704, 0.05769860533719398], [0.2127366288947318, 0.13636065052679341, 0.02606568301647519, 0.6248370375619997], [0.002565937850083, 0.0061854211489323204, 0.9125802374421257, 0.07866840355885885], [0.18815308610287867, 0.19557868137329826, 0.03977546835457589, 0.5764927641692474], [0.6249621054372136, 0.17400185597747234, 0.03899934498760816, 0.16203669359770614], [0.20994939042145297, 0.2988556852437787, 0.2440811120147048, 0.24711381232006369], [0.18354670347183966, 0.6240459353338421, 0.019886425026865665, 0.17252093616745287], [0.15758518387897277, 0.5959980535584221, 0.11007912471762099, 0.1363376378449843], [0.24889388649224162, 0.2808399298694292, 0.31804495113662634, 0.1522212325017026], [0.4638920624759549, 0.15013600371468291, 0.14209651380609442, 0.2438754200032677], [0.43004961013916276, 0.4884236615194085, 0.06695049386623703, 0.014576234475191912], [0.33360690539233195, 0.5125127814247584, 0.026812066359180518, 0.12706824682372872], [0.171360010902274, 0.0801807467568503, 0.006349408838791754, 0.7421098335020841], [0.13847587781491838, 0.10782658159122438, 0.4127260097038582, 0.34097153088999915], [0.007276910532816627, 0.08129946638261831, 0.7538127403555399, 0.15761088272902513], [0.39970476793434245, 0.5192570526919679, 0.02336876849293386, 0.05766941088075547], [0.22942441378879003, 0.08354914727788532, 0.2344191094724232, 0.452607329460902], [0.05687752446916439, 0.853130999935062, 0.01686621248242225, 0.0731252631133515], [0.13942375638224325, 0.40478108130680784, 0.20553692042073635, 0.25025824189021245], [0.12439734077228459, 0.39171867019823225, 0.06628192420415659, 0.4176020648253267], [0.3556208343865882, 0.4746962572980329, 0.049577912725842506, 0.12010499558953615], [0.064392948582049, 0.5731421574831452, 0.013688240245449356, 0.34877665368935684], [0.08866599131536002, 0.27236779899803804, 0.5836986622619784, 0.05526754742462366], [0.0983230139551394, 0.6968576941457003, 0.17850921349015467, 0.02631007840900557], [0.2704730105702877, 0.3114813300891889, 0.03671128364365859, 0.3813343756968649], [0.35750869482606024, 0.1773147177744125, 0.0762353120890989, 0.38894127531042855], [0.5662903917628187, 0.12428444915126163, 0.05302823377537308, 0.25639692531054664], [0.08357279900439525, 0.6445283221728216, 0.041782433473467724, 0.2301164453493154], [0.09788528163149497, 0.11914859620087832, 0.1560953518292218, 0.6268707703384048], [0.30690689065933796, 0.4912257761052755, 0.022819519243748643, 0.17904781399163802], [0.061046676259528594, 0.6601028839143439, 0.2097305083363448, 0.06911993148978286], [0.41445420943118694, 0.29395163441330746, 0.01608390445254303, 0.2755102517029623], [0.10603513152667784, 0.08889238890339782, 0.03417031379981707, 0.7709021657701071], [0.3174929047155731, 0.10696297064319196, 0.11417266656569702, 0.4613714580755378], [0.22777505418015986, 0.26231241938029254, 0.05512926698709171, 0.45478325945245607], [0.22185879335439587, 0.6104673546439536, 0.07655035020846836, 0.09112350179318217], [0.6597803546216814, 0.14598976815989503, 0.027799100228183847, 0.1664307769902393], [0.13769622097758089, 0.49428871621474174, 0.019363079501770505, 0.3486519833059067], [0.20837753908773668, 0.23677396789109612, 0.38847493324893956, 0.16637355977222765], [0.06272018014631771, 0.24893549952657634, 0.6175928564600232, 0.07075146386708256], [0.1986022455100519, 0.44362407343868054, 0.22012723742613652, 0.13764644362513084], [0.1103132042110962, 0.15666312326221504, 0.3718350999619377, 0.3611885725647511], [0.06442799201330929, 0.32163389994015357, 0.42008023678496215, 0.19385787126157483], [0.04594537118072664, 0.013734018662463694, 0.9387029830609617, 0.0016176270958481519], [0.07386459091850461, 0.14214719945857857, 0.02163952156239088, 0.7623486880605257], [0.09964621473944726, 0.41460745505565283, 0.1124296856182386, 0.37331664458666114], [0.010370929007571682, 0.1188398420149995, 0.8031620043088253, 0.06762722466860348], [0.6280588460503519, 0.1995149752811779, 0.1288068687777545, 0.043619309890716176], [0.5542227836362043, 0.3205363414105053, 0.023867753872768384, 0.10137312108052217], [0.4666798142513036, 0.13859112663350776, 0.06215817769986055, 0.332570881415328], [0.10422195248437423, 0.2552294260210718, 0.03448807820156597, 0.6060605432929884], [0.3636994881274602, 0.30294950115004254, 0.10215988217291669, 0.2311911285495806], [0.5602964111259353, 0.124160118815064, 0.004928628072564337, 0.31061484198643663], [0.2152960247638789, 0.10676710483000679, 0.024133497674370494, 0.653803372731744], [0.07872395535364905, 0.1473116046528041, 0.04898269919079743, 0.7249817408027497], [0.6304587225448498, 0.12146831866726493, 0.07902543008898884, 0.16904752869889625], [0.092414703678635, 0.33145223194041673, 0.018104590341024147, 0.5580284740399243], [0.14823816532320688, 0.35987922240675846, 0.32876756690385117, 0.16311504536618338], [0.0692340425358208, 0.7544193128470477, 0.0026016733463477236, 0.17374497127078387], [0.0032419400077054426, 0.20767292213713356, 0.04853200897509206, 0.7405531288800689], [0.08990350276415408, 0.3467895166998623, 0.4126749933784091, 0.15063198715757417]]}}