{"test": {"ids": ["111114321", "108120060", "107121540", "110116290", "108118630", "107113130", "102112030", "100111080", "113119450", "102109850", "110114720", "111116640", "105116090", "113118820", "113121950", "113121190", "100111620", "103111990", "103120290", "106117650", "106116850", "109116040", "113117340", "111120320", "113122220", "113118870", "97108520", "105113330", "110116300", "98109090", "109117110", "97106000", "111120640", "101108121", "98120010", "100109311", "103117461", "108116120", "107114950", "106118520", "112117571", "111121410", "112120990", "104114410", "105114220", "100120780", "112119610", "108115500", "109119010", "111118910", "106116120", "109115070", "101119030", "110117870", "107118520", "113118620", "109113591", "109114270", "99110050", "108121190", "99108080", "108117610", "101110150", "106112770", "111120591", "109117150", "111116110", "103111110", "99121440", "108120280", "112117790", "97114170", "108121160", "110117500", "98110810", "104111830", "107118490", "103111620", "108118291", "108121351", "107115250", "113119120", "99109780", "98111231", "113121980", "107114110", "98109570", "99117740", "113118111", "99111620", "107112850", "102112301", "106114321", "104111531", "109120540", "97116500", "106113170", "111118810", "109119460", "111116010", "109114220", "98113881", "103120780", "104118070", "110120560", "105112260", "100115700", "107119950", "107113260", "100109980", "98110710", "104116980", "108117360", "109117600", "109117630", "103110050", "107117010", "101108290", "110113931", "112118890", "113122320", "101116130", "98110230", "101114020", "105115680", "113118490", "106113190", "99111930", "112116850", "113122180", "102118380", "103112470", "109116810", "98112580", "102112250", "112117030", "111116100", "111115400", "107120010", "99111340", "99108010", "103113170"], "labels": [1, 1, 2, 2, 1, 1, 2, 0, 3, 1, 3, 0, 1, 0, 3, 1, 3, 2, 2, 1, 3, 0, 2, 1, 1, 0, 2, 3, 3, 1, 1, 0, 0, 0, 2, 1, 0, 1, 3, 2, 3, 0, 2, 1, 3, 1, 0, 3, 3, 0, 1, 0, 3, 3, 2, 3, 3, 3, 3, 1, 3, 3, 1, 1, 1, 2, 3, 3, 2, 3, 3, 2, 2, 1, 1, 3, 2, 0, 3, 3, 2, 3, 2, 1, 2, 1, 1, 2, 1, 3, 1, 1, 2, 0, 1, 2, 0, 0, 1, 1, 3, 3, 1, 2, 0, 3, 1, 3, 0, 1, 2, 1, 1, 1, 0, 3, 1, 0, 1, 3, 1, 2, 3, 3, 2, 1, 0, 1, 0, 2, 1, 1, 3, 2, 0, 2, 3, 0, 1, 1, 2, 3], "predicted_labels": [1, 0, 1, 2, 3, 2, 1, 1, 3, 1, 2, 3, 3, 3, 2, 3, 2, 1, 1, 1, 0, 3, 1, 3, 1, 1, 1, 0, 1, 3, 1, 3, 3, 3, 0, 3, 0, 0, 0, 3, 3, 3, 1, 3, 0, 3, 1, 1, 2, 3, 1, 1, 3, 1, 1, 0, 1, 0, 3, 1, 0, 3, 3, 3, 0, 1, 3, 3, 0, 0, 0, 3, 1, 1, 1, 3, 1, 1, 0, 3, 3, 3, 1, 3, 1, 3, 3, 3, 3, 1, 1, 1, 2, 1, 3, 2, 1, 3, 0, 1, 1, 1, 1, 1, 2, 3, 0, 3, 1, 0, 3, 2, 2, 0, 1, 1, 2, 3, 0, 0, 1, 0, 3, 3, 3, 3, 3, 2, 0, 3, 2, 1, 3, 1, 0, 3, 0, 0, 3, 1, 3, 1], "confidence_scores": [[0.24316157055380874, 0.32221301974541294, 0.17768923304020728, 0.25693617666057034], [0.2663675678167984, 0.2769456619360442, 0.18208990581617399, 0.2745968644309836], [0.26269206160235364, 0.2642495163143057, 0.2029379016780031, 0.27012052040533746], [0.17265067553122082, 0.22957937800965014, 0.3872109424215259, 0.21055900403760314], [0.2647528298355609, 0.28947174949422794, 0.14658298360349917, 0.29919243706671206], [0.17466108061165153, 0.27690656450227624, 0.34045871765597646, 0.20797363723009563], [0.17579467697273557, 0.3041131501764039, 0.2983831211664134, 0.22170905168444696], [0.23293140154281783, 0.29403618447566693, 0.21265197288915821, 0.2603804410923571], [0.2886247332753897, 0.24891264019515225, 0.16704484554273855, 0.2954177809867195], [0.2233526726866741, 0.30318412829024777, 0.23359541344020432, 0.23986778558287408], [0.1575609980627594, 0.2593674876970609, 0.3891566716314566, 0.19391484260872333], [0.2425873876466257, 0.24114724099428814, 0.24215724814995743, 0.27410812320912853], [0.3233571427711063, 0.2566229518565552, 0.10042913606732506, 0.3195907693050131], [0.2926538066142246, 0.28512083090361806, 0.12031997045921686, 0.30190539202294064], [0.20718642854800973, 0.2563180916174723, 0.28183039648218167, 0.2546650833523365], [0.2674304891297039, 0.26681908737177595, 0.18312314049192988, 0.28262728300659], [0.2027515967109915, 0.2613583153743391, 0.29070988888446636, 0.2451801990302033], [0.23095005062281174, 0.28957699786458385, 0.21287776668198324, 0.2665951848306214], [0.24594966319537334, 0.2709935723133182, 0.21343764120965808, 0.2696191232816504], [0.23528217352545622, 0.26716965474590265, 0.24267658783544582, 0.2548715838931951], [0.27288757340418357, 0.2722615049388796, 0.17116956283950818, 0.28368135881742873], [0.26938111381964974, 0.2565892661005092, 0.18734372801496812, 0.2866858920648731], [0.1675942133859826, 0.2914866907976671, 0.2836986289676198, 0.25722046684873034], [0.2741915859585858, 0.27054531619978317, 0.15846957941418696, 0.29679351842744445], [0.27816735310811186, 0.31919159971490196, 0.10026595980062154, 0.30237508737636465], [0.21289219956796326, 0.2967299895527602, 0.23665086298153118, 0.25372694789774525], [0.26045566164431255, 0.28750803260940244, 0.17844133969647974, 0.2735949660498053], [0.3140489214543487, 0.22122657749504923, 0.1482811728861058, 0.3164433281644967], [0.23953270066481383, 0.3205840801275555, 0.16596585033130382, 0.2739173688763267], [0.22683394617230213, 0.24803912598277167, 0.25466006871972413, 0.27046685912520196], [0.2620870519559006, 0.2931594712888696, 0.15424886932284343, 0.2905046074323859], [0.20006206149734634, 0.2704686127858206, 0.2586914586730888, 0.2707778670437442], [0.28454607281317573, 0.2667958088042447, 0.15614677757523365, 0.292511340807346], [0.24793641084775433, 0.2818617845440832, 0.18645452618297767, 0.2837472784251846], [0.2517741858850181, 0.25866739968142916, 0.21540141602875126, 0.27415699840480173], [0.31285494100543976, 0.256488829586903, 0.11994689562327339, 0.3107093337843839], [0.2762314440476357, 0.27044931551005386, 0.16693721793279928, 0.2863820225095112], [0.3275056506153527, 0.252236979450049, 0.09528400289405473, 0.32497336704054325], [0.31630632037624945, 0.2227183623684955, 0.13368020497435446, 0.32729511228090036], [0.299975825883263, 0.2891280493857658, 0.10271923004524956, 0.3081768946857216], [0.3186668399717652, 0.2719766209897868, 0.09281700088308038, 0.31653953815536734], [0.2861529692374093, 0.27958043363630825, 0.12947390629565803, 0.30479269083062466], [0.27727956333090487, 0.314566986838457, 0.11824106382892112, 0.28991238600171687], [0.29065300691265966, 0.29135799090659315, 0.11315107348059873, 0.3048379287001485], [0.29777353897878045, 0.3069601043489227, 0.07609489733403059, 0.31917145933826624], [0.26665819129761376, 0.24647279076549947, 0.201152549592157, 0.2857164683447296], [0.22083193079348898, 0.271111896219362, 0.2616384897285564, 0.24641768325859267], [0.2413442588003354, 0.2710974271177768, 0.21755639166433266, 0.27000192241755533], [0.19243002022493844, 0.2370213818196252, 0.3243200675800929, 0.24622853037534342], [0.2751264318531439, 0.2759002555900052, 0.15597078910550746, 0.2930025234513432], [0.25438322368494826, 0.3099090465980545, 0.1652690316125218, 0.27043869810447546], [0.220337406557467, 0.29774611679631036, 0.22957722247856213, 0.2523392541676604], [0.2756193611858561, 0.24143452518160247, 0.20323921499972047, 0.2797068986328207], [0.2240621880097773, 0.2939313958521616, 0.21724789884034643, 0.2647585172977149], [0.21538615163212957, 0.3098115932983038, 0.20863308138431633, 0.26616917368525006], [0.29418471346069025, 0.2819008704843828, 0.11909312271530256, 0.30482129333962443], [0.2826793793251091, 0.32139702167618434, 0.09382725932307144, 0.3020963396756352], [0.28791340268133975, 0.24501116267303108, 0.1609986364427207, 0.3060767982029085], [0.23209238302217727, 0.25153160343190645, 0.2228619819133488, 0.29351403163256756], [0.2379388401918637, 0.3153336471542392, 0.168089927229461, 0.27863758542443606], [0.31331584174107724, 0.23011116396567002, 0.15628397766937752, 0.3002890166238752], [0.31043831565109103, 0.2783566471908403, 0.09056360928453118, 0.32064142787353755], [0.2676954767278996, 0.25690413764997433, 0.20233258826276362, 0.2730677973593625], [0.21518612723674554, 0.27923698504006084, 0.23459667304089304, 0.27098021468230044], [0.312372660640559, 0.27179206803728484, 0.09454886636721727, 0.32128640495493893], [0.2107877457514995, 0.29598853680865184, 0.2378144844115102, 0.2554092330283384], [0.2389112150564609, 0.2427734655282546, 0.23370673369300338, 0.28460858572228126], [0.31529141420606144, 0.29240860234379024, 0.07752557217181359, 0.3147744112783349], [0.2808780884686969, 0.2741140772632406, 0.15201127597071595, 0.2929965582973462], [0.29191126896937003, 0.25392910128179635, 0.14959341304630416, 0.3045662167025295], [0.3069953118919044, 0.22485785289061433, 0.1587670555550164, 0.3093797796624651], [0.2624426792928211, 0.2735186270645762, 0.17768320712574343, 0.2863554865168591], [0.2621618407316575, 0.30024392609896466, 0.1575062101091555, 0.2800880230602224], [0.2742716345085453, 0.2886747619933604, 0.14483016994361403, 0.29222343355448016], [0.25185122580974756, 0.32942373865781654, 0.1613574997661799, 0.2573675357662561], [0.2599387925379489, 0.22930658447945637, 0.23511617500706483, 0.2756384479755301], [0.2839605013429892, 0.2993868660385941, 0.12488457463672308, 0.2917680579816935], [0.25597161002478536, 0.28113687647623914, 0.21106335680338786, 0.25182815669558734], [0.29564094206932484, 0.3031465492370108, 0.08224459036621318, 0.3189679183274512], [0.2915385388959819, 0.2526825056328604, 0.1572472208672334, 0.29853173460392424], [0.26209089322762485, 0.2620135742336328, 0.17962760266363587, 0.2962679298751066], [0.3041477299457744, 0.24557780402617804, 0.1331716872329047, 0.317102778795143], [0.2232803503437299, 0.2847662954982019, 0.23245091950113103, 0.2595024346569372], [0.28882872952013167, 0.2747372822841736, 0.1323513117363013, 0.30408267645939346], [0.23600616542426284, 0.3030286777882103, 0.17360222728174113, 0.28736292950578596], [0.26367378835811134, 0.26769734010457724, 0.16928444640744036, 0.2993444251298711], [0.2896943050987723, 0.28451199690921003, 0.11892217205312784, 0.3068715259388897], [0.2580012172481503, 0.2381426222231544, 0.22431709522752902, 0.2795390653011663], [0.2803078630690359, 0.2724859184424517, 0.15373200235421142, 0.2934742161343008], [0.1999168069910151, 0.29935501939177894, 0.23638801521761882, 0.26434015839958697], [0.2673832839197756, 0.2798892142589418, 0.17338336373552804, 0.27934413808575453], [0.2534030892684781, 0.2751561119149315, 0.1934052715085537, 0.27803552730803677], [0.22342208792210172, 0.2386104029425875, 0.2783332950876647, 0.259634214047646], [0.2522506752428319, 0.3129575522928862, 0.141345745674269, 0.2934460267900131], [0.30096146264746965, 0.28045608809182543, 0.11510345968596725, 0.3034789895747378], [0.23435592163986785, 0.2354667474264405, 0.30959638820612073, 0.2205809427275708], [0.29287526482606396, 0.30593477655170276, 0.09093610353723278, 0.3102538550850007], [0.3050388710165044, 0.2950474297880244, 0.09593955066530346, 0.3039741485301678], [0.31313020909999817, 0.27025935305281534, 0.0953068695174378, 0.32130356832974905], [0.25140765730288206, 0.3336488917746006, 0.1398713993895002, 0.27507205153301756], [0.269491527467197, 0.2798857945221296, 0.18065747428177184, 0.2699652037289016], [0.26668884414859056, 0.3113473272222652, 0.1345874956378083, 0.287376332991336], [0.27865940544333134, 0.304475797712199, 0.11516380214842804, 0.3017009946960415], [0.19481551238429684, 0.2906024636565405, 0.24174417439959386, 0.27283784955956875], [0.23819710749886455, 0.2589374595866307, 0.25411435914614067, 0.24875107376836395], [0.1568408225879432, 0.26213685750335114, 0.3159690475701486, 0.26505327233855713], [0.289185042014997, 0.2590042445536403, 0.16381513154783284, 0.28799558188352986], [0.2945552637748918, 0.28933223425099197, 0.11399816893553835, 0.3021143330385779], [0.27700239452593106, 0.29553850734225307, 0.13905191658290594, 0.2884071815489097], [0.2508541396646755, 0.22022691587702603, 0.2584261798813223, 0.27049276457697613], [0.23962121841346218, 0.273303419656946, 0.20769089971117752, 0.27938446221841434], [0.1488516604250391, 0.24215938568655213, 0.3832790409517079, 0.22570991293670095], [0.14253609549440902, 0.19959138854907713, 0.43164614098225057, 0.22622637497426334], [0.31276817252823497, 0.2450687036678453, 0.13843240569689727, 0.30373071810702257], [0.25615367752978313, 0.3159076648504367, 0.1630059487933445, 0.26493270882643555], [0.264761312016, 0.2999504126538167, 0.15086129156709238, 0.2844269837630909], [0.1897252743327754, 0.23042665285938063, 0.3166673612983024, 0.26318071150954153], [0.28897973512637787, 0.27722885059411073, 0.13329015508839487, 0.3005012591911163], [0.28686757438343136, 0.2830786997839627, 0.13584771697496126, 0.29420600885764475], [0.29848563698643876, 0.28827507831585575, 0.1042537303245944, 0.3089855543731108], [0.26884018207105137, 0.30225265362449, 0.1465320396578109, 0.2823751246466476], [0.25623536008379905, 0.2556709116473762, 0.2237339719714167, 0.26435975629740843], [0.28296873211179313, 0.2774670870179889, 0.13675006912899276, 0.30281411174122524], [0.2567712169884023, 0.22955091565380228, 0.2505493414122184, 0.263128525945577], [0.23618534356745408, 0.28760945495174317, 0.19754619933083123, 0.2786590021499717], [0.3024162220433503, 0.25507299768803865, 0.1322559314222421, 0.31025484884636917], [0.26590432724367913, 0.2597214744562462, 0.18373755835629094, 0.29063663994378375], [0.17152730320968718, 0.2822026466338844, 0.2895106093354506, 0.25675944082097746], [0.2668562986116823, 0.2540121313181158, 0.20627000514531932, 0.2728615649248826], [0.2510241215924672, 0.2847138122472432, 0.17656195372205527, 0.28770011243823446], [0.2153828622698645, 0.26240038170947494, 0.27958280971682875, 0.24263394630383173], [0.2641410181031581, 0.27196527518471103, 0.1938543044855528, 0.2700394022265781], [0.267507737164429, 0.2995642865979757, 0.13486207724882193, 0.29806589898877345], [0.24994355013127467, 0.2866879303518506, 0.18287748037154547, 0.2804910391453293], [0.304695699376713, 0.22864400238846064, 0.15375070017381393, 0.3129095980610125], [0.2974122975953913, 0.2614709102180156, 0.14430228670959727, 0.296814505476996], [0.292432017116237, 0.28838846041450106, 0.12323880667572651, 0.2959407157935354], [0.2737021036464847, 0.27282211774077303, 0.20009184917636985, 0.25338392943637256], [0.273330222005803, 0.2674963033169251, 0.15621385760310746, 0.3029596170741646], [0.19424808470064525, 0.30713067215716877, 0.23756262820758328, 0.26105861493460264], [0.2475101219747611, 0.2920095647977366, 0.16664831635514646, 0.2938319968723558], [0.1855814951347145, 0.3028550486208753, 0.26241683843465297, 0.24914661780975741]]}, "rewritten": {"ids": ["97106000", "97108520", "97114170", "97116500", "98109090", "98109570", "98110230", "98110710", "98110810", "98111231", "98112580", "98113881", "98120010", "99108010", "99108080", "99109780", "99110050", "99111340", "99111620", "99111930", "99117740", "99121440", "100109311", "100109980", "100111080", "100111620", "100115700", "100120780", "101108121", "101108290", "101110150", "101114020", "101116130", "101119030", "102109850", "102112030", "102112250", "102112301", "102118380", "103110050", "103111110", "103111620", "103111990", "103112470", "103113170", "103117461", "103120290", "103120780", "104111531", "104111830", "104114410", "104116980", "104118070", "105112260", "105113330", "105114220", "105115680", "105116090", "106112770", "106113170", "106113190", "106114321", "106116120", "106116850", "106117650", "106118520", "107112850", "107113130", "107113260", "107114110", "107114950", "107115250", "107117010", "107118490", "107118520", "107119950", "107120010", "107121540", "108115500", "108116120", "108117360", "108117610", "108118291", "108118630", "108120060", "108120280", "108121160", "108121190", "108121351", "109113591", "109114220", "109114270", "109115070", "109116040", "109116810", "109117110", "109117150", "109117600", "109117630", "109119010", "109119460", "109120540", "110113931", "110114720", "110116290", "110116300", "110117500", "110117870", "110120560", "111114321", "111115400", "111116010", "111116100", "111116110", "111116640", "111118810", "111118910", "111120320", "111120591", "111120640", "111121410", "112116850", "112117030", "112117571", "112117790", "112118890", "112119610", "112120990", "113117340", "113118111", "113118490", "113118620", "113118820", "113118870", "113119120", "113119450", "113121190", "113121950", "113121980", "113122180", "113122220", "113122320"], "labels": [0, 2, 2, 2, 1, 1, 3, 2, 1, 1, 2, 3, 2, 2, 3, 2, 3, 1, 3, 1, 2, 2, 1, 1, 0, 3, 1, 1, 0, 0, 1, 3, 2, 3, 1, 2, 0, 1, 1, 3, 3, 0, 2, 1, 3, 0, 2, 1, 0, 3, 1, 1, 2, 3, 3, 3, 2, 1, 1, 0, 0, 2, 1, 3, 1, 2, 1, 1, 0, 1, 3, 2, 1, 2, 2, 3, 1, 2, 3, 1, 1, 3, 3, 1, 1, 3, 2, 1, 3, 3, 3, 3, 0, 0, 3, 1, 2, 1, 0, 3, 1, 1, 1, 3, 2, 3, 1, 3, 0, 1, 0, 1, 3, 3, 0, 0, 0, 1, 1, 0, 0, 0, 2, 3, 3, 3, 0, 2, 2, 1, 1, 3, 0, 0, 3, 3, 1, 3, 2, 2, 1, 1], "predicted_labels": [3, 1, 3, 2, 0, 3, 1, 1, 1, 0, 1, 1, 0, 1, 0, 1, 3, 1, 1, 1, 3, 0, 3, 0, 1, 2, 0, 3, 3, 3, 1, 0, 1, 0, 1, 1, 0, 1, 3, 1, 1, 0, 1, 1, 1, 1, 0, 1, 3, 3, 1, 2, 1, 3, 0, 0, 1, 3, 3, 1, 3, 0, 1, 0, 3, 3, 0, 0, 1, 3, 0, 3, 3, 1, 1, 3, 3, 1, 0, 0, 2, 3, 0, 3, 0, 0, 1, 1, 3, 3, 0, 0, 1, 3, 3, 3, 1, 0, 1, 3, 0, 3, 1, 2, 2, 1, 1, 1, 0, 1, 0, 1, 1, 3, 1, 3, 3, 3, 0, 3, 1, 3, 3, 3, 0, 0, 3, 1, 1, 3, 0, 1, 3, 1, 0, 0, 3, 1, 3, 3, 1, 1], "confidence_scores": [[0.21550001018559328, 0.27389902413474526, 0.2352971001212453, 0.27530386555841624], [0.2736232923906783, 0.2889067339820296, 0.1585930055794656, 0.27887696804782647], [0.25927811730943057, 0.2716083727415235, 0.18389317286039678, 0.2852203370886491], [0.20833984570740252, 0.23177047857386596, 0.33580673315765486, 0.22408294256107666], [0.24726145721214762, 0.23483388108548023, 0.2578215751308234, 0.26008308657154877], [0.28005044324270617, 0.28407282228942865, 0.1318311700819466, 0.30404556438591857], [0.276457889197142, 0.2917254560281028, 0.13085455752368316, 0.3009620972510719], [0.22614397568533823, 0.28637198758492355, 0.21802424574200238, 0.26945979098773615], [0.2509331062517863, 0.3191160983564903, 0.1670399113304155, 0.26291088406130775], [0.29136442516530375, 0.27916089713642683, 0.12499529797545415, 0.30447937972281547], [0.2837626392357653, 0.292642648955252, 0.12753570783192025, 0.29605900397706236], [0.24960202455182776, 0.28354894876299763, 0.2068597146494206, 0.259989312035754], [0.2786329994973504, 0.2455111282125101, 0.1989265697703776, 0.27692930251976194], [0.26164339916682505, 0.2903655126984778, 0.15657263417570952, 0.2914184539589875], [0.30987294855024, 0.24774004235820962, 0.14081587636761217, 0.30157113272393804], [0.2604540917748297, 0.2973526734470016, 0.16622655888316315, 0.2759666758950058], [0.23695250040026802, 0.2961691624821301, 0.17877589537438046, 0.28810244174322136], [0.20229083776340284, 0.2999794238493738, 0.23044011099012227, 0.267289627397101], [0.2227914546769931, 0.3061579516382335, 0.20064546519170806, 0.27040512849306536], [0.1746315344829051, 0.2905230994393153, 0.2701258838070887, 0.2647194822706911], [0.24492053567856337, 0.2491311170883108, 0.23437387604916682, 0.27157447118395883], [0.27780692444758087, 0.27547486915551656, 0.16104763173096798, 0.28567057466593476], [0.318572204995426, 0.2807577940195329, 0.08200244228105708, 0.3186675587039843], [0.29764278629033253, 0.260364318032865, 0.1390004657840076, 0.302992429892795], [0.25745868410374106, 0.28241684706904885, 0.18421191854823907, 0.27591255027897105], [0.2158261062225946, 0.26311271649946677, 0.283712378587508, 0.23734879869043074], [0.3027821953189141, 0.2759285454189488, 0.11791072327507846, 0.30337853598705844], [0.30074479800355786, 0.2558732883486498, 0.1412957284726212, 0.30208618517517116], [0.2640914954580392, 0.2690930753581679, 0.17497461263488878, 0.29184081654890437], [0.29161144769254016, 0.2683864393727608, 0.14094302613866846, 0.2990590867960308], [0.2872989079470601, 0.2937376852189736, 0.12837119116716614, 0.2905922156668003], [0.2923853387364995, 0.2805649059735734, 0.1253751682057546, 0.30167458708417205], [0.2662874882648056, 0.2681243946881984, 0.18679752371377814, 0.2787905933332177], [0.3187946041639722, 0.26421601293461117, 0.09892019042220233, 0.31806919247921434], [0.2562149019218096, 0.2935275028749489, 0.20072426997310677, 0.2495333252301347], [0.2520821996909415, 0.2921352547554596, 0.1879483482589773, 0.26783419729462193], [0.3004492746738341, 0.25855364227624433, 0.13692155726660094, 0.30407552578332026], [0.23980190506033833, 0.27988618463878706, 0.20885484428873335, 0.27145706601214126], [0.23147613195595537, 0.2488821803527359, 0.25401332251049646, 0.2656283651808122], [0.27318754977815, 0.3123303960848424, 0.12089060388864961, 0.2935914502483579], [0.30952073005662484, 0.3171944034317822, 0.05924397330499421, 0.3140408932065987], [0.2625420729069874, 0.2805382434880916, 0.19507528083451114, 0.26184440277040993], [0.24548175471895034, 0.2950858804098247, 0.19035180488362535, 0.26908055998759967], [0.2643694747954532, 0.2642453326773727, 0.19489703224385208, 0.2764881602833222], [0.2229055025576884, 0.2944783058425607, 0.2244100923584747, 0.2582060992412761], [0.278381125737288, 0.27453068105389056, 0.15713073447788303, 0.2899574587309381], [0.27297997081019326, 0.2426296115713426, 0.22132259098541748, 0.2630678266330465], [0.28942399836025495, 0.2957631909311755, 0.10790097045823613, 0.30691184025033347], [0.28493062375278033, 0.3026534498090801, 0.10529502160689648, 0.3071209048312433], [0.27930800448823506, 0.25876821745170636, 0.17522251334766736, 0.2867012647123913], [0.29866781235727563, 0.29177614430566345, 0.10190461028205056, 0.3076514330550103], [0.18201447164651258, 0.2667975860628183, 0.31624433247884187, 0.23494360981182716], [0.21066592787007296, 0.2892897320923896, 0.23965913566659708, 0.26038520437094065], [0.2544612385339069, 0.2456408991025303, 0.21571076965134883, 0.28418709271221393], [0.3272623146847358, 0.2280628522393088, 0.11912501775265787, 0.3255498153232975], [0.30079217467772557, 0.3059950398697861, 0.062423082613872784, 0.33078970283861553], [0.26222236778742103, 0.30078721253451907, 0.15921064274320995, 0.27777977693484973], [0.31407236451166004, 0.28174552863985175, 0.0924910741716769, 0.3116910326768113], [0.24627201214837058, 0.27564678459059605, 0.19133889501847812, 0.28674230824255514], [0.28573113234408715, 0.31014600041434653, 0.09810465065363388, 0.30601821658793255], [0.2914694228525672, 0.25538099993285396, 0.15471393680884724, 0.2984356404057316], [0.24492704128796505, 0.25574569199666214, 0.23256907648083525, 0.26675819023453734], [0.2773120711295922, 0.31360640283436464, 0.12152483229977074, 0.2875566937362724], [0.27539281568449725, 0.25367721819102534, 0.18676923567873932, 0.2841607304457381], [0.2486366135953335, 0.253856218359031, 0.230625966800055, 0.2668812012455804], [0.30819561904359705, 0.2827791293154525, 0.09568466816748797, 0.3133405834734629], [0.28583084671075054, 0.27855391851617706, 0.14364536280657053, 0.2919698719665021], [0.25182372127360375, 0.25972590741530166, 0.2432432504002233, 0.24520712091087132], [0.24994811814446086, 0.2994047883652633, 0.1911354092301322, 0.25951168426014354], [0.24648822403529982, 0.26496918696313504, 0.1917521223988886, 0.29679046660267633], [0.31857704317168895, 0.23066770257640132, 0.1283629076226342, 0.3223923466292756], [0.29809073687876336, 0.2689342247295116, 0.12655621056573682, 0.3064188278259884], [0.22364982092213637, 0.2524505734319233, 0.2514822145806329, 0.2724173910653073], [0.2798969838356465, 0.29569152663578396, 0.1346554457765299, 0.2897560437520393], [0.23072401126656147, 0.31421249615678826, 0.18698767721488505, 0.26807581536176545], [0.26530593184833945, 0.27868444388809827, 0.16601250473773912, 0.28999711952582335], [0.22512219887975324, 0.26591577663390514, 0.24079820105962502, 0.26816382342671663], [0.2720061780624344, 0.2925468487076251, 0.1492548800409946, 0.2861920931889458], [0.26920383121543207, 0.2694495917382272, 0.16930099768518084, 0.29204557936115993], [0.31814212595614144, 0.2539137762783027, 0.11157119368262833, 0.31637290408292734], [0.1411554006057969, 0.22668127914476985, 0.3959767535009812, 0.23618656674845204], [0.3189393381549735, 0.28358694240527094, 0.07381441367347455, 0.32365930576628127], [0.3051820572177359, 0.27576920940294203, 0.09874143234465718, 0.32030730103466487], [0.2836429030098964, 0.29722357771048263, 0.12206631072524439, 0.2970672085543767], [0.289596420598088, 0.28385894693754915, 0.13204158631471713, 0.2945030461496458], [0.2898704636128464, 0.2506745036811639, 0.15983359939717992, 0.2996214333088096], [0.28486122239403217, 0.30315240341625754, 0.11928314086555726, 0.29270323332415293], [0.27710945765237044, 0.31479161713661763, 0.11567185003884782, 0.2924270751721644], [0.3003870414973243, 0.25716568881933183, 0.1422339675486323, 0.3002133021347113], [0.2946340853984784, 0.303626471109392, 0.09270612664236738, 0.30903331684976215], [0.28293140749429724, 0.288079958949519, 0.1415110004630583, 0.28747763309312574], [0.2784316336707649, 0.2503919063159717, 0.18327968396976732, 0.28789677604349617], [0.25954010178453824, 0.32326394811633236, 0.13838215696114373, 0.2788137931379858], [0.2954347990607196, 0.27671297486659513, 0.12180707647241634, 0.3060451496002688], [0.28430025488831906, 0.2869934991208475, 0.12291194977518871, 0.3057942962156446], [0.2861512189863289, 0.2838929544606046, 0.1331122575113844, 0.29684356904168185], [0.24118454387989885, 0.2722407863381102, 0.2350805537133595, 0.2514941160686315], [0.3112423051195517, 0.2413503477251338, 0.14533113206251247, 0.3020762150928019], [0.27825624849555597, 0.28895740169672296, 0.15259397109206438, 0.2801923787156567], [0.27207472306944813, 0.27270443686991996, 0.16724053542654382, 0.2879803046340883], [0.30928262746301594, 0.2700905659893528, 0.10803248501914754, 0.3125943215284837], [0.3015854208328662, 0.2843732317708897, 0.10899165340857382, 0.3050496939876701], [0.2921815744830184, 0.30254703546293976, 0.10123409457582101, 0.30403729547822067], [0.18678098783910949, 0.2517546817890251, 0.35665039503508994, 0.20481393533677586], [0.22974918492190027, 0.22842338897412218, 0.2813841675859931, 0.2604432585179844], [0.27993578209323744, 0.3086271224074972, 0.11714367720210186, 0.2942934182971637], [0.28786116036965687, 0.28910676671726937, 0.12385532515219039, 0.2991767477608832], [0.23946927510989052, 0.2763053742776848, 0.22215850391871045, 0.2620668466937141], [0.2838032261510634, 0.2787466820576756, 0.14733670262924972, 0.29011338916201096], [0.24235301376010018, 0.3241635755572011, 0.18207676471511006, 0.2514066459675889], [0.27832066419545237, 0.27940405502687077, 0.17178371503297715, 0.27049156574469985], [0.2511508226485166, 0.32210146226361025, 0.15548574513395674, 0.27126196995391616], [0.29960899757914305, 0.3012558772340175, 0.08684866969840754, 0.3122864554884317], [0.263985926899328, 0.2637112449422259, 0.1865518454069325, 0.2857509827515138], [0.26627216524669567, 0.25953167082771206, 0.19719958386308417, 0.2769965800625079], [0.3210101609301483, 0.28813624132168153, 0.073542678822882, 0.31731091892528795], [0.2621227953187975, 0.2759382955895417, 0.17493397964550028, 0.2870049294461604], [0.31183724333755664, 0.2659582893771775, 0.10948675446876906, 0.3127177128164967], [0.3136770046881741, 0.2720240601950525, 0.09356569158489571, 0.3207332435318776], [0.28719930817175265, 0.2720715510712874, 0.14728038387820055, 0.29344875687875943], [0.2996168115504022, 0.3060676078909677, 0.07495782953239123, 0.3193577510262388], [0.2817969291439946, 0.26102166311621067, 0.16382964068111822, 0.29335176705867655], [0.30405827760886495, 0.2811529393892064, 0.10834528610256816, 0.30644349689936046], [0.31794514060298895, 0.2873290101624145, 0.07429119502430667, 0.3204346542102899], [0.32011985894419437, 0.254856564607993, 0.09527639766989995, 0.3297471787779127], [0.31108219304021795, 0.291257291701524, 0.06807923504302943, 0.3295812802152283], [0.28179402216913424, 0.2529143994947174, 0.17462497657921763, 0.29066660175693093], [0.29204640828921047, 0.30607278423325546, 0.10438158709784556, 0.2974992203796888], [0.23845144605321203, 0.28923419688199975, 0.2077780590129783, 0.2645362980518096], [0.2825500601186107, 0.265094866201617, 0.15934655361183814, 0.293008520067934], [0.31620934838636555, 0.25671211654193554, 0.10444678662628576, 0.32263174844541304], [0.2940280959278654, 0.29657434163895907, 0.09853943503132696, 0.31085812740184887], [0.29943571564155513, 0.2876535542628901, 0.10857177535655779, 0.304338954738997], [0.25952556490860323, 0.3033013189723994, 0.1641735307761483, 0.2729995853428492], [0.31683230546537283, 0.2373574669530623, 0.12142978619716502, 0.3243804413844001], [0.31708574277631124, 0.2499870018040728, 0.11414504102281003, 0.3187822143968059], [0.2872018205328724, 0.2790341850816886, 0.13623337725176873, 0.2975306171336702], [0.25608437215185126, 0.2723014893415048, 0.19753397629658118, 0.2740801622100628], [0.2669863765927551, 0.2778992286865005, 0.16228162855933106, 0.2928327661614133], [0.2823422912697174, 0.27045530706395177, 0.15056997388337875, 0.2966324277829524], [0.28598558872361846, 0.3132190109917657, 0.0952613259248329, 0.305534074359783], [0.27511772664081313, 0.30352990406289065, 0.12789903485103796, 0.2934533344452586]]}}