{"test": {"ids": ["111116990", "99108330", "113122150", "105115570", "113120751", "107114780", "106116820", "108121190", "104110960", "112121410", "107114321", "112118860", "105117200", "99107660", "113119450", "106121220", "97105580", "113122650", "110114920", "99108520", "109119010", "104113000", "98106111", "113118620", "113122160", "112116990", "108116070", "97106591", "103118291", "111117120", "111118810", "112121360", "106118161", "99107560", "99114890", "113121010", "99119830", "107116340", "109118161", "108115250", "100113210", "107113260", "106116850", "109120540", "112119450", "98106880", "109115220", "108121160", "101114990", "110116300", "112118930", "101108290", "111115400", "109118701", "113120830", "111115770", "104117630", "104114740", "107121700", "99111930", "107114490", "102112301", "109121351", "111114321", "101112201", "113118870", "113122170", "97105451", "99109780", "113120601", "111119950", "103117200", "99108080", "110114651", "104111780", "109118820", "107117010", "113121220", "100113370", "98111231", "113122180", "112120670", "106113260", "108117610", "108115880", "99108310", "105113260", "98116500", "113120260", "97107950", "102109850", "109120621", "109120560", "112117580", "108118291", "111121351", "103111480", "108116481", "111121930", "113117340", "111116640", "108120260", "105113170", "107116980", "101109120", "105110251", "108115570", "108114670", "105118230", "113122230", "100108260", "111120220", "112118620", "108114270", "104111880", "97118210", "105121370", "108115070", "106115250", "106119260", "112120540", "104111531", "113122510", "99109740", "112118550", "112116640", "108113740", "109117110", "108113760", "104113190", "112119930", "109113881", "102111990", "102108621", "112118701", "105117351", "100109330", "113122430", "112117210", "111117200", "102121440", "113119480"], "labels": [0, 1, 2, 0, 1, 2, 1, 1, 2, 0, 0, 3, 3, 3, 3, 1, 1, 2, 3, 2, 3, 1, 0, 3, 3, 0, 1, 1, 0, 2, 0, 3, 3, 1, 2, 2, 1, 3, 0, 1, 0, 0, 3, 1, 3, 0, 3, 2, 3, 3, 1, 0, 0, 3, 3, 3, 0, 2, 3, 1, 3, 1, 0, 1, 0, 0, 1, 0, 2, 2, 0, 0, 3, 3, 3, 3, 1, 3, 3, 1, 2, 2, 3, 3, 3, 2, 3, 2, 3, 2, 1, 1, 1, 0, 3, 0, 0, 0, 1, 2, 0, 1, 0, 3, 1, 0, 3, 3, 1, 1, 3, 3, 3, 3, 3, 2, 2, 1, 2, 1, 3, 0, 2, 3, 3, 0, 3, 1, 1, 3, 1, 0, 2, 3, 0, 0, 0, 2, 1, 0, 2, 3], "predicted_labels": [0, 3, 1, 1, 3, 1, 3, 1, 0, 2, 0, 1, 0, 0, 1, 3, 1, 3, 1, 0, 2, 1, 0, 3, 1, 3, 3, 1, 0, 3, 0, 1, 3, 3, 2, 1, 3, 0, 3, 0, 3, 0, 0, 1, 1, 1, 0, 1, 1, 1, 0, 1, 3, 3, 1, 1, 1, 3, 1, 2, 1, 2, 0, 3, 0, 1, 0, 3, 1, 3, 1, 1, 1, 3, 3, 3, 1, 3, 2, 1, 0, 1, 0, 3, 1, 1, 1, 0, 3, 2, 3, 0, 0, 1, 1, 0, 1, 0, 0, 3, 1, 3, 3, 0, 0, 1, 1, 1, 2, 3, 1, 3, 3, 1, 3, 0, 1, 0, 0, 3, 0, 3, 3, 2, 0, 3, 1, 1, 2, 1, 1, 0, 1, 3, 0, 0, 1, 1, 0, 0, 3, 3], "confidence_scores": [[0.418534922695122, 0.22990621414273255, 0.12479005841156715, 0.22676880475057834], [0.27424078275180513, 0.1689611674154288, 0.15393543414428473, 0.4028626156884815], [0.2571926292173575, 0.3478718559621282, 0.10893378502490031, 0.2860017297956138], [0.19656306207339572, 0.3884064911793214, 0.24608789042307905, 0.16894255632420366], [0.1462981181496052, 0.16789929619224456, 0.1142774210460257, 0.5715251646121247], [0.11330861186588873, 0.5492798687468996, 0.20448346791512995, 0.13292805147208167], [0.15509994358417226, 0.2218169345369996, 0.18173941857280224, 0.44134370330602585], [0.24874416868257115, 0.41104979282992565, 0.18007119060604057, 0.16013484788146257], [0.310986520636751, 0.18497498504439627, 0.20332711618993163, 0.3007113781289211], [0.19045932127364687, 0.13143694157678557, 0.39553411976739605, 0.28256961738217146], [0.32388007736318136, 0.25051524726203983, 0.11861845702020274, 0.306986218354576], [0.2829121464394393, 0.45077253536237843, 0.10666679259534885, 0.15964852560283355], [0.30300786552278747, 0.2888125699690914, 0.1441549340149644, 0.2640246304931567], [0.4593731618486149, 0.2618229774051496, 0.1156805792480757, 0.16312328149815966], [0.17239301621707437, 0.6180795356618268, 0.07756083625666901, 0.13196661186442993], [0.12167928355649253, 0.2548399506991766, 0.26552119018118103, 0.3579595755631498], [0.2642840114561808, 0.3531417815722295, 0.1553576124479382, 0.22721659452365175], [0.23722374900836635, 0.22759369280685468, 0.17738483900771065, 0.3577977191770684], [0.2930380509112882, 0.3136961140228526, 0.24338387637512446, 0.14988195869073473], [0.4139489967351763, 0.2272135284848609, 0.19537902211070887, 0.16345845266925405], [0.24769799048485214, 0.24757335037183453, 0.3014093252957522, 0.2033193338475612], [0.188753786067567, 0.38545624957441643, 0.17583433768620158, 0.2499556266718151], [0.3456606443809588, 0.2172415231697271, 0.1331872698895141, 0.3039105625598], [0.31714361364966187, 0.18995138381014154, 0.16495041163096788, 0.3279545909092287], [0.2552101615026093, 0.31036176374757707, 0.16515012688988248, 0.2692779478599313], [0.14549712807601287, 0.24219851233663053, 0.17377535164918212, 0.4385290079381745], [0.21547974768095143, 0.2560863091591378, 0.2516787340309897, 0.2767552091289212], [0.20952206496812079, 0.3768954297775278, 0.09491860526968852, 0.3186638999846628], [0.36159853107074513, 0.1669802488293055, 0.2131303492362138, 0.2582908708637355], [0.09733372351938628, 0.16530208197811255, 0.13686618177912446, 0.6004980127233768], [0.4119367917353543, 0.24218788044578396, 0.08229378043604729, 0.2635815473828145], [0.25841280311573367, 0.4333817211233772, 0.09520989481967561, 0.21299558094121349], [0.12599371146228494, 0.17423264159245228, 0.0594457260140851, 0.6403279209311777], [0.28687416989982967, 0.27554608525733176, 0.13913137714735285, 0.2984483676954858], [0.09937126264568914, 0.2782631278478966, 0.5393528189839191, 0.0830127905224952], [0.2347267818385063, 0.4369707475917686, 0.0932474658029862, 0.2350550047667389], [0.2284335685024478, 0.2359056122372229, 0.26773125259834124, 0.26792956666198803], [0.43071350848729856, 0.3087527485438858, 0.11324855031113115, 0.14728519265768453], [0.23561005090310153, 0.2490041081565976, 0.07737935760924955, 0.43800648333105147], [0.4168060172378916, 0.2819951701308533, 0.16542040760753135, 0.13577840502372368], [0.2555966982149619, 0.29088328608779757, 0.12513789732212355, 0.32838211837511705], [0.40540836617515713, 0.38449349160461394, 0.09853346220893665, 0.11156468001129238], [0.48258802240192256, 0.26497721419227716, 0.10829331951078819, 0.14414144389501204], [0.1153508075626019, 0.3997155177808126, 0.19694220152447164, 0.2879914731321137], [0.2684962670452689, 0.44951531500983594, 0.06285590716799948, 0.21913251077689572], [0.1947242731652573, 0.3865688720118838, 0.15326208000024794, 0.265444774822611], [0.393378599481512, 0.28281532778826585, 0.09625576961912455, 0.2275503031110975], [0.23564053683924274, 0.3824010755841868, 0.13354919623782333, 0.2484091913387472], [0.14004145536060716, 0.39394247420717027, 0.22043156776470524, 0.24558450266751736], [0.20155202242820164, 0.564974742577667, 0.09557540294572545, 0.13789783204840594], [0.3413865193025266, 0.2490992462041739, 0.10408338987730974, 0.30543084461598996], [0.2441612148746611, 0.42066372549683245, 0.14617430526196462, 0.18900075436654187], [0.22592844395499526, 0.21745286708870454, 0.16434292757756655, 0.3922757613787337], [0.2506715112237678, 0.25921710123589875, 0.14614387532632073, 0.34396751221401267], [0.1659573360283566, 0.3992552756013481, 0.09708228456197882, 0.3377051038083165], [0.2931774581280055, 0.3172105326835701, 0.1606700804176579, 0.22894192877076644], [0.19884104363318464, 0.2936661714403464, 0.28498314335646696, 0.2225096415700019], [0.20689154059549875, 0.17143788493887566, 0.29584898010399835, 0.3258215943616272], [0.17304200116839943, 0.36533407072766627, 0.15468695723180584, 0.30693697087212857], [0.29080438019640165, 0.15233719273815569, 0.36395485785974896, 0.19290356920569368], [0.2691983353000688, 0.4023866645087887, 0.15799654144346784, 0.17041845874767453], [0.25755385670123887, 0.2571056808438757, 0.2603292382938309, 0.2250112241610544], [0.5025091609299533, 0.24335520661808174, 0.10613937808952177, 0.14799625436244312], [0.28882576181423947, 0.2970586706768299, 0.06010420340941955, 0.3540113640995112], [0.3599065447192861, 0.31446270610762694, 0.11562113597356409, 0.21000961319952294], [0.18470033291730922, 0.498149986914386, 0.15276339916482193, 0.16438628100348307], [0.49260756628505464, 0.15976476926429417, 0.101367488818332, 0.24626017563231928], [0.2543117214800976, 0.24488255219976388, 0.09169522133481042, 0.4091105049853283], [0.1550274328107602, 0.38776559168007174, 0.2397295821316341, 0.21747739337753386], [0.14144331549071645, 0.23642706908264385, 0.08169522613432677, 0.540434389292313], [0.2241203847001122, 0.3657919485197618, 0.14782793826541174, 0.2622597285147143], [0.2824097368690063, 0.29628806096010524, 0.1660798587780723, 0.25522234339281635], [0.22864346702772426, 0.4105796721758957, 0.150106282462718, 0.21067057833366212], [0.15835905863623298, 0.11118100964105791, 0.046065066603568516, 0.6843948651191405], [0.255155824235628, 0.28079681828300396, 0.1608034178420236, 0.30324393963934465], [0.23014014709095576, 0.2098549351362694, 0.22091766245352693, 0.3390872553192478], [0.20685104137583452, 0.3230987274984553, 0.1919761688233702, 0.27807406230234005], [0.2536441452048206, 0.22855726566693946, 0.09561920656193079, 0.4221793825663091], [0.09366239728239459, 0.12245580425052774, 0.7182640211482088, 0.06561777731886902], [0.2817359293566834, 0.425712036614588, 0.09882582162550899, 0.19372621240321966], [0.4338812451908901, 0.2530932136470433, 0.08498707746438817, 0.22803846369767836], [0.24368263193319492, 0.368467227153813, 0.10608457344524348, 0.28176556746774883], [0.4132664580257258, 0.188317526592719, 0.1415008571047669, 0.2569151582767883], [0.13890235067925133, 0.1776995231151978, 0.27584170648436884, 0.40755641972118223], [0.1507562253834746, 0.3918814595859914, 0.2102129484484166, 0.24714936658211745], [0.2562733057624665, 0.31079883356134846, 0.2360259480151397, 0.19690191266104531], [0.176044501533661, 0.4944397730759926, 0.17101820703817583, 0.15849751835217063], [0.3763492798940176, 0.14785338217613064, 0.16303523053877964, 0.31276210739107213], [0.15066036744836925, 0.343102650552542, 0.12188079729542445, 0.38435618470366445], [0.10788196161753373, 0.3097434101993847, 0.39213269969141606, 0.19024192849166538], [0.08417920585739799, 0.17735604285072995, 0.2932585055673009, 0.4452062457245712], [0.34076098359007795, 0.2936051615505415, 0.06922918596651956, 0.2964046688928609], [0.5144305689337365, 0.18504312099983822, 0.11692500465761758, 0.1836013054088078], [0.12546968409082465, 0.3877557570284413, 0.17347307186041686, 0.3133014870203172], [0.2231382019032828, 0.3776740865398461, 0.1100902936740196, 0.2890974178828515], [0.4853219541527841, 0.23223423590207307, 0.147139373702984, 0.13530443624215877], [0.1455953402385062, 0.4321845827400497, 0.14353010849743156, 0.27868996852401245], [0.6191398096488271, 0.1869404332233173, 0.04519655783391335, 0.14872319929394248], [0.5384431290685008, 0.1432111165422088, 0.10831062427735823, 0.21003513011193223], [0.17643990032053883, 0.2792187501019981, 0.09477519672721811, 0.4495661528502451], [0.19823501905541197, 0.45484495048128015, 0.1762670071726098, 0.17065302329069826], [0.17297998351248714, 0.3138555490755543, 0.15847535409937735, 0.3546891133125812], [0.120068895088389, 0.2012743826561201, 0.33850039740006516, 0.34015632485542563], [0.5446543753910119, 0.21195649985124856, 0.10497878842452987, 0.13841033633320976], [0.30899454694646566, 0.2431286752414633, 0.14432617328208608, 0.3035506045299849], [0.3310088541749893, 0.35045501754063024, 0.10355469959587406, 0.21498142868850648], [0.1325030709158486, 0.5628097172787988, 0.18630537518925155, 0.11838183661610094], [0.23363619655745044, 0.3965737780303115, 0.1920255876178509, 0.17776443779438716], [0.1887008087334075, 0.25364643778526846, 0.3481902378396498, 0.20946251564167437], [0.2065816464041432, 0.2939676726035628, 0.07663279718211757, 0.42281788381017626], [0.22659045374940642, 0.4986706565354989, 0.10795312601000538, 0.16678576370508957], [0.31631791070706305, 0.26259479433551436, 0.09529768499023686, 0.3257896099671858], [0.32660569759037544, 0.26477712551299476, 0.0807989150594048, 0.327818261837225], [0.20592878630709008, 0.3853507597105937, 0.14627319752139797, 0.26244725646091827], [0.20295565635580026, 0.235682432458121, 0.15956522847319324, 0.4017966827128856], [0.37155386941176916, 0.2896642397192377, 0.19242183981050387, 0.1463600510584893], [0.10526540513346647, 0.46682255566954795, 0.12967073197898282, 0.29824130721800285], [0.32057745376393193, 0.2585419424020415, 0.1961165292071299, 0.22476407462689696], [0.26318822421399707, 0.2462452316186155, 0.23603735532082357, 0.25452918884656384], [0.12997653657144712, 0.14558681562666373, 0.13583526168651594, 0.5886013861153733], [0.381221152776883, 0.2687983594558633, 0.12994762988581618, 0.2200328578814376], [0.2606278044174751, 0.19326599236195266, 0.10268930785058396, 0.4434168953699883], [0.2563374931294234, 0.23875698797682046, 0.144853755482539, 0.36005176341121725], [0.23516001697637032, 0.22463544329014473, 0.37609823860109665, 0.16410630113238833], [0.3218289752500639, 0.2545492148441214, 0.15613648003531455, 0.2674853298705003], [0.1737131835852414, 0.17773393320112574, 0.10063953562444695, 0.5479133475891859], [0.2312512721566808, 0.3332697978168581, 0.11253184294484421, 0.32294708708161707], [0.20497393512051673, 0.5259630856393082, 0.12116609544068191, 0.14789688379949323], [0.15541905127981456, 0.3576600765745313, 0.3891975780286874, 0.09772329411696672], [0.12030459241371128, 0.4799440757834884, 0.09874127753936511, 0.3010100542634353], [0.24748380948893903, 0.3307500541118586, 0.16421188663006403, 0.2575542497691383], [0.5089819911151447, 0.2115642127441045, 0.09754761899613397, 0.18190617714461674], [0.2698613664795127, 0.2719120898525688, 0.27015696046497223, 0.18806958320294628], [0.2959914075937528, 0.13678270113179272, 0.038371583228427264, 0.5288543080460272], [0.3408121972694985, 0.23971292691073906, 0.09745503141677601, 0.32201984440298653], [0.3792359544620044, 0.25981396228851655, 0.10145656019546848, 0.2594935230540108], [0.181657497891893, 0.6468367279612838, 0.07939787680763863, 0.0921078973391847], [0.2441713936605099, 0.354294502436177, 0.15034783661015905, 0.25118626729315424], [0.3219966440021787, 0.27972440539299637, 0.12300457783887889, 0.27527437276594635], [0.26123280948543126, 0.24742128164016297, 0.2532277155724682, 0.2381181933019376], [0.3384674698818917, 0.1450437620677411, 0.14477859795440534, 0.3717101700959619], [0.3551787223733211, 0.17044718218893612, 0.09733455157680511, 0.37703954386093774]]}, "rewritten": {"ids": ["97105451", "97105580", "97106591", "97107950", "97118210", "98106111", "98106880", "98111231", "98116500", "99107560", "99107660", "99108080", "99108310", "99108330", "99108520", "99109740", "99109780", "99111930", "99114890", "99119830", "100108260", "100109330", "100113210", "100113370", "101108290", "101109120", "101112201", "101114990", "102108621", "102109850", "102111990", "102112301", "102121440", "103111480", "103117200", "103118291", "104110960", "104111531", "104111780", "104111880", "104113000", "104113190", "104114740", "104117630", "105110251", "105113170", "105113260", "105115570", "105117200", "105117351", "105118230", "105121370", "106113260", "106115250", "106116820", "106116850", "106118161", "106119260", "106121220", "107113260", "107114321", "107114490", "107114780", "107116340", "107116980", "107117010", "107121700", "108113740", "108113760", "108114270", "108114670", "108115070", "108115250", "108115570", "108115880", "108116070", "108116481", "108117610", "108118291", "108120260", "108121160", "108121190", "109113881", "109115220", "109117110", "109118161", "109118701", "109118820", "109119010", "109120540", "109120560", "109120621", "109121351", "110114651", "110114920", "110116300", "111114321", "111115400", "111115770", "111116640", "111116990", "111117120", "111117200", "111118810", "111119950", "111120220", "111121351", "111121930", "112116640", "112116990", "112117210", "112117580", "112118550", "112118620", "112118701", "112118860", "112118930", "112119450", "112119930", "112120540", "112120670", "112121360", "112121410", "113117340", "113118620", "113118870", "113119450", "113119480", "113120260", "113120601", "113120751", "113120830", "113121010", "113121220", "113122150", "113122160", "113122170", "113122180", "113122230", "113122430", "113122510", "113122650"], "labels": [0, 1, 1, 2, 2, 0, 0, 1, 2, 1, 3, 3, 2, 1, 2, 3, 2, 1, 2, 1, 3, 0, 0, 3, 0, 1, 0, 3, 3, 1, 2, 1, 2, 0, 0, 0, 2, 0, 3, 3, 1, 3, 2, 0, 0, 0, 3, 0, 3, 0, 1, 2, 3, 2, 1, 3, 3, 1, 1, 0, 0, 3, 2, 3, 3, 1, 3, 3, 1, 3, 3, 1, 1, 3, 3, 1, 0, 3, 3, 1, 2, 1, 0, 3, 1, 0, 3, 3, 3, 1, 1, 1, 0, 3, 3, 3, 1, 0, 3, 0, 0, 2, 0, 0, 0, 3, 0, 1, 0, 0, 1, 0, 3, 3, 0, 3, 1, 3, 1, 3, 2, 3, 0, 2, 3, 0, 3, 3, 3, 2, 1, 3, 2, 3, 2, 3, 1, 2, 1, 2, 2, 2], "predicted_labels": [1, 1, 1, 2, 0, 3, 1, 1, 3, 3, 3, 3, 0, 1, 0, 0, 1, 2, 2, 2, 1, 1, 3, 2, 1, 1, 1, 2, 0, 3, 1, 3, 1, 1, 0, 0, 2, 3, 3, 2, 1, 1, 3, 3, 0, 3, 1, 1, 0, 0, 3, 1, 0, 2, 1, 1, 3, 3, 3, 0, 0, 1, 1, 0, 0, 1, 2, 1, 3, 1, 3, 3, 0, 1, 1, 3, 0, 3, 1, 1, 1, 1, 0, 0, 1, 3, 3, 3, 3, 1, 0, 0, 0, 3, 1, 1, 3, 3, 1, 1, 3, 3, 3, 3, 0, 0, 0, 0, 1, 3, 3, 1, 0, 0, 0, 1, 0, 0, 0, 1, 3, 1, 2, 3, 3, 1, 1, 0, 1, 3, 0, 3, 1, 3, 0, 3, 1, 3, 1, 1, 1, 0], "confidence_scores": [[0.2812048237255918, 0.3234353917573607, 0.13258921022389353, 0.26277057429315415], [0.2921012785295558, 0.302874568395047, 0.12143417174687729, 0.2835899813285201], [0.19991010168753082, 0.5308135453304521, 0.08854758573438787, 0.1807287672476292], [0.08918038374900507, 0.19623020571714242, 0.4661949185021225, 0.24839449203173003], [0.46129824359500377, 0.19926319920960364, 0.14851021016915167, 0.19092834702624098], [0.27540935150782925, 0.2660327153822655, 0.08116557997320502, 0.3773923531367002], [0.24476257309385344, 0.3036110233671771, 0.22088719521598868, 0.23073920832298064], [0.32431720599695374, 0.3625133231658251, 0.10579051472421161, 0.20737895611300972], [0.2263481955894228, 0.18892680322301275, 0.1232131033861258, 0.46151189780143853], [0.08408165265427607, 0.20880265635471237, 0.0668310585866883, 0.6402846324043233], [0.2905871004562302, 0.2288377612688663, 0.09100050119471768, 0.38957463708018597], [0.19696906713514198, 0.2500294747309483, 0.22591172550427746, 0.32708973262963237], [0.4438669403080751, 0.2546169132769252, 0.09224604125929321, 0.2092701051557066], [0.20778737507916306, 0.3992465028050433, 0.09897512753170157, 0.29399099458409195], [0.45362034741764273, 0.19375614247878065, 0.19060216213519873, 0.16202134796837792], [0.30806068224108396, 0.209680409760723, 0.2575599814775785, 0.22469892652061446], [0.14755435526093372, 0.4690967678186097, 0.19710639213335296, 0.18624248478710376], [0.22185325131372308, 0.20012878635928882, 0.4005310245992055, 0.17748693772778285], [0.2287821447320194, 0.29595915030006575, 0.36246156150894737, 0.11279714345896763], [0.17820126308273207, 0.2291468634222992, 0.3316047810126968, 0.26104709248227204], [0.29350003566562527, 0.3411511700920245, 0.12312865882376788, 0.24222013541858234], [0.24108740256297795, 0.335933409701778, 0.21504314016174955, 0.2079360475734946], [0.15531334830638202, 0.25856959437402566, 0.1026203342130191, 0.4834967231065733], [0.1505860011105601, 0.17753329450659125, 0.4967191042890468, 0.17516160009380197], [0.2808016813301779, 0.3945909458513144, 0.15986065965093063, 0.16474671316757716], [0.2948419733785585, 0.3016090451974384, 0.14375970993070095, 0.2597892714933022], [0.277297867438239, 0.31166983538610515, 0.09986188175526917, 0.31117041542038665], [0.18005284686341852, 0.1743363288113676, 0.369231259335495, 0.27637956498971894], [0.31826613402545506, 0.26502542019530223, 0.11749793805405087, 0.2992105077251919], [0.055701813598833846, 0.1807522881204628, 0.26232607667780006, 0.5012198216029033], [0.1920121576308946, 0.4208259350988271, 0.16176712948508667, 0.22539477778519168], [0.24192721563221667, 0.15320951228391724, 0.24617360922446888, 0.35868966285939735], [0.28762617562641707, 0.30506410081677915, 0.2221881738892422, 0.18512154966756164], [0.2572369106436781, 0.3191650264526411, 0.17014432695495021, 0.25345373594873083], [0.31833892468915087, 0.27029203092824194, 0.1850098312942114, 0.22635921308839577], [0.3803553683466697, 0.21213628215337924, 0.2049859764058711, 0.20252237309407992], [0.2520561369900752, 0.2232724015205796, 0.3285667353637746, 0.19610472612557056], [0.25476676995073855, 0.21140793939950372, 0.10038001635337475, 0.43344527429638297], [0.26564363462680135, 0.24993042061436074, 0.1538017314859352, 0.3306242132729028], [0.20782523662852137, 0.18521921884165643, 0.3094652970641488, 0.29749024746567343], [0.2016912316428921, 0.38316057202698284, 0.1769303096774396, 0.23821788665268556], [0.13995051126084493, 0.4382123384964024, 0.15909888588800203, 0.2627382643547506], [0.29391426430245576, 0.22092505979461258, 0.10974229469596258, 0.3754183812069692], [0.2428782296165585, 0.2519989913459796, 0.2035986927382373, 0.3015240862992248], [0.36479922102178214, 0.346011372496433, 0.13705436688304073, 0.15213503959874408], [0.20735694234019392, 0.21213951404075068, 0.17855998101054507, 0.4019435626085104], [0.2617428132385697, 0.4677474249258795, 0.08633407829209397, 0.18417568354345673], [0.22070956757353016, 0.3718350647192081, 0.14871180323950056, 0.2587435644677612], [0.3517964383037574, 0.2269612699376509, 0.1276432435333701, 0.2935990482252215], [0.31321986863788925, 0.26033686729141203, 0.18690746286444646, 0.23953580120625234], [0.15901439004357387, 0.3150424284824058, 0.146802734180313, 0.3791404472937074], [0.10971487192290401, 0.5972161439747705, 0.09794944383180099, 0.19511954027052453], [0.3592711070779749, 0.24213692257558542, 0.2208477533792422, 0.1777442169671976], [0.20387322396549443, 0.2413382560377591, 0.33321301446817947, 0.2215755055285669], [0.19297587606692032, 0.3559246703740498, 0.11426550360555124, 0.33683394995347876], [0.30843812465103254, 0.32648640335622114, 0.1381400000540813, 0.22693547193866512], [0.21187104025364162, 0.2101426771454442, 0.09832624699140881, 0.47966003560950543], [0.14091579448582672, 0.1622448030191247, 0.13213852658738362, 0.564700875907665], [0.11407692440784965, 0.1832515126889304, 0.15453084850560195, 0.5481407143976181], [0.4729291970174307, 0.29938152670678825, 0.09530023671545275, 0.13238903956032846], [0.3326221415933337, 0.2507642393676911, 0.12192264404279625, 0.29469097499617897], [0.20040932150107357, 0.38303040541703953, 0.2241801375719238, 0.19238013550996316], [0.19461405795114922, 0.5554845171034187, 0.10842950225076428, 0.1414719226946677], [0.3633155445708071, 0.35647471382172197, 0.129718811300332, 0.15049093030713903], [0.5892814376115194, 0.16265315936972552, 0.09244844797074656, 0.15561695504800852], [0.19905220286559516, 0.4019204780357458, 0.1840050189785925, 0.21502230012006662], [0.0940084848647925, 0.20360703022952886, 0.4391625786071462, 0.2632219062985325], [0.20333286598711708, 0.40762163831346454, 0.1262789328593397, 0.26276656284007877], [0.28174783117011404, 0.18264725846372462, 0.24968186344969273, 0.2859230469164686], [0.19980561994684026, 0.31678897551337853, 0.22584562836802224, 0.257559776171759], [0.19918809471572765, 0.25380388913372737, 0.14309841075495414, 0.4039096053955909], [0.26450558703279003, 0.23317096796470568, 0.15149074881332636, 0.350832696189178], [0.5342357055289457, 0.18064813088752216, 0.13397834162724537, 0.15113782195628694], [0.19625625660113064, 0.5107169152399514, 0.1447395205218097, 0.14828730763710823], [0.14393306820276747, 0.45859480753208215, 0.12813812807671074, 0.2693339961884397], [0.1752047386517466, 0.2559471901136972, 0.1948542439915316, 0.3739938272430247], [0.4680395967168782, 0.3309466065179619, 0.07584254357938448, 0.12517125318577535], [0.1349747569416041, 0.32140936308737295, 0.13469304259881443, 0.4089228373722084], [0.28814721774090174, 0.3148053087612175, 0.1301388990641778, 0.2669085744337031], [0.27377188178310286, 0.33477416051736675, 0.16872906466145413, 0.22272489303807616], [0.1451803057554764, 0.5602789882568736, 0.09752598099265257, 0.19701472499499748], [0.21791534766059115, 0.45779359503561945, 0.19509716252004736, 0.1291938947837422], [0.564073863411325, 0.20725694573359638, 0.08759412521162208, 0.14107506564345662], [0.4136655997613689, 0.31636390271609055, 0.10197233134202265, 0.16799816618051783], [0.14821870592442288, 0.5100098363333375, 0.12988122615622294, 0.21189023158601666], [0.3119318309507209, 0.23040441780430163, 0.0781557503784698, 0.3795080008665078], [0.3554381688697932, 0.198007353526925, 0.08797281935612226, 0.3585816582471595], [0.281076582801912, 0.2704723782365296, 0.15017183011614596, 0.2982792088454123], [0.34163636627899485, 0.12946128085332614, 0.15020169448186027, 0.3787006583858188], [0.05137076387224721, 0.7028470867583578, 0.10335121111373952, 0.14243093825565525], [0.46864551919797454, 0.29388168524858443, 0.09269449376298977, 0.14477830179045126], [0.5257400927763559, 0.21690232233393422, 0.08699629165266974, 0.17036129323703994], [0.4321339594314045, 0.2960800952002965, 0.10848885831105988, 0.16329708705723908], [0.15465745420718383, 0.0870285843951096, 0.05426900009680906, 0.7040449613008976], [0.19079524708264992, 0.4565055258016933, 0.16791934177259754, 0.18477988534305934], [0.17275185229767306, 0.5573698758792665, 0.11047829348162064, 0.15939997834143985], [0.27706777237126695, 0.21296419434121192, 0.07403265740887113, 0.43593537587865017], [0.18149465829519962, 0.1502161417794269, 0.3192239897122484, 0.3490652102131251], [0.32243797150207226, 0.3283070906955099, 0.1589484262529388, 0.19030651154947895], [0.1373283690523509, 0.3764362826400847, 0.2147976072134867, 0.2714377410940777], [0.27246525290427553, 0.2807272312779813, 0.15543342317967385, 0.29137409263806935], [0.09679214715841111, 0.23037120450565338, 0.17340152129772865, 0.4994351270382069], [0.2567545927979453, 0.22464428682659068, 0.1050473248310214, 0.41355379554444277], [0.24611369475090536, 0.22087744570765605, 0.09829221882199803, 0.4347166407194407], [0.36693540827907184, 0.22156630783488013, 0.08044033377155213, 0.33105795011449607], [0.32899960156383296, 0.27606266744545055, 0.14839586731593896, 0.24654186367477754], [0.4441388598793408, 0.20016821890109962, 0.12601239857151758, 0.2296805226480421], [0.5104698184348375, 0.13375679348064912, 0.07903557591084916, 0.27673781217366417], [0.28437452875344565, 0.3681069069158789, 0.13854338884476555, 0.20897517548591008], [0.09944288084513349, 0.2252426624294578, 0.12935741500945167, 0.545957041715957], [0.3224922414707039, 0.1955089718059325, 0.11769830485940717, 0.36430048186395647], [0.22824991713799775, 0.3405047988185987, 0.14735185390253788, 0.2838934301408658], [0.3223825850393833, 0.31598093434776703, 0.17303326811610598, 0.18860321249674372], [0.4585730872669875, 0.16547459516693824, 0.06747529038412259, 0.3084770271819517], [0.33610100889053723, 0.22612592555180785, 0.12556587664285093, 0.31220718891480403], [0.16984660870811058, 0.4593976343652947, 0.1292996035525252, 0.24145615337406953], [0.39629811593146563, 0.3318095341823188, 0.11476761983112561, 0.15712473005508992], [0.3979383231681845, 0.3622668058809595, 0.07879789508858794, 0.16099697586226802], [0.4538259168022618, 0.22098949017195338, 0.08661149244958706, 0.2385731005761976], [0.2645729788318881, 0.5209386465784073, 0.07996601236397177, 0.13452236222573286], [0.2975136325816442, 0.294194862140842, 0.07878345460656923, 0.3295080506709446], [0.12032105496169104, 0.6506961103716417, 0.055682392147681045, 0.1733004425189861], [0.14967469362439442, 0.1428682740833052, 0.42993450969196856, 0.27752252260033183], [0.11622000295500338, 0.2796550700659655, 0.07866130261615253, 0.5254636243628785], [0.15355112043874453, 0.2630307273525889, 0.098944676157444, 0.4844734760512225], [0.14459829907548657, 0.5132480214141977, 0.14581941433626283, 0.19633426517405286], [0.16341571467111488, 0.5739010181891575, 0.08050622716297322, 0.18217703997675447], [0.3443906899449161, 0.18752832281415513, 0.13367383034537147, 0.3344071568955573], [0.18029536143738512, 0.39852491884009367, 0.19756153008284766, 0.22361818963967348], [0.2380641523158327, 0.2282255423036937, 0.139221100962027, 0.3944892044184468], [0.4759547464768106, 0.19779598433389103, 0.10040230195174592, 0.2258469672375525], [0.15267513400208557, 0.280607718266269, 0.12897791522747942, 0.4377392325041662], [0.20669408903399203, 0.28868728307808605, 0.25858291732731703, 0.24603571056060497], [0.15190207287788193, 0.27115235985372577, 0.11898981760859138, 0.45795574965980096], [0.311998820352652, 0.3008555274606801, 0.10898247478564933, 0.2781631774010186], [0.19032856262560027, 0.24138042598124396, 0.18930656631691603, 0.3789844450762397], [0.20538174948904905, 0.35779722083127224, 0.2038760878378142, 0.2329449418418646], [0.22265987895316464, 0.23494091637788111, 0.16892269784023042, 0.3734765068287239], [0.23869491203879276, 0.4934511611418599, 0.08032819893304176, 0.18752572788630562], [0.20016117466399083, 0.42387377131874865, 0.1390142552810325, 0.23695079873622815], [0.2243134915147964, 0.3933154160872564, 0.1611463318520924, 0.22122476054585488], [0.3488724042082245, 0.18248610096449572, 0.20603466142459587, 0.2626068334026838]]}}