{"test": {"ids": ["107119390", "103110760", "100111270", "113122220", "99107630", "112121430", "105117200", "107115140", "110120560", "98107410", "98107380", "97105760", "104112470", "109118161", "111121410", "102109910", "103111830", "111120190", "107116501", "113119320", "111115770", "112119320", "109114030", "102109850", "111121930", "104113170", "112118581", "100113210", "103112641", "113120830", "105120280", "101111310", "109117271", "99111440", "102110750", "102117351", "101112690", "108117451", "109119450", "97106820", "103109021", "108113480", "111116750", "105113210", "102110500", "104113210", "103113260", "100109910", "111120591", "110118701", "106117790", "105116980", "109115380", "109120560", "100109330", "105116441", "102110850", "105116650", "113117340", "105113260", "113119450", "99117630", "109117730", "107114780", "104111711", "110120700", "99109370", "98108370", "105111990", "110117870", "106116640", "106119990", "104113240", "113122160", "104114230", "113122150", "101119591", "110114321", "101109370", "112117790", "113122190", "104111780", "101108950", "100109890", "111120280", "105112130", "112120290", "105110251", "109114720", "104116800", "110115140", "109115220", "108120621", "105116860", "105118171", "108118810", "107113360", "101113210", "103111170", "98110680", "112117660", "109113591", "111120260", "99108310", "107117630", "101117580", "97114170", "97107681", "99107660", "107112840", "112119980", "101111990", "113120780", "109116930", "112118530", "107113550", "98107210", "99112641", "113120280", "106116120", "110117140", "104111531", "108113740", "112119610", "103118291", "110116170", "100108490", "110116290", "107116980", "107113840", "108116501", "97105580", "107119130", "98109570", "102110690", "108118630", "110115580", "99109141", "108118060", "108121351", "99110050", "110120190"], "labels": [2, 1, 2, 1, 2, 2, 3, 0, 0, 3, 1, 0, 1, 0, 0, 2, 3, 3, 1, 1, 3, 1, 1, 1, 1, 3, 1, 0, 3, 3, 3, 3, 0, 3, 1, 1, 1, 2, 3, 1, 0, 0, 3, 3, 3, 3, 3, 2, 1, 3, 1, 0, 3, 1, 0, 1, 3, 1, 2, 3, 3, 3, 3, 2, 1, 2, 1, 1, 2, 3, 3, 0, 2, 3, 2, 2, 0, 1, 1, 3, 1, 3, 2, 3, 0, 1, 1, 0, 0, 1, 0, 3, 1, 2, 3, 1, 0, 3, 2, 2, 0, 3, 3, 2, 0, 3, 2, 3, 3, 1, 0, 2, 0, 0, 1, 0, 1, 1, 0, 1, 3, 0, 3, 0, 0, 0, 2, 2, 3, 3, 0, 1, 1, 1, 0, 1, 1, 3, 1, 3, 3, 3], "predicted_labels": [1, 3, 0, 2, 0, 3, 0, 3, 0, 2, 3, 2, 3, 0, 3, 2, 2, 1, 1, 3, 3, 2, 3, 1, 0, 1, 2, 3, 3, 1, 2, 1, 3, 3, 1, 3, 3, 3, 1, 0, 0, 2, 0, 1, 0, 0, 1, 3, 3, 3, 0, 0, 3, 1, 1, 1, 2, 1, 1, 1, 3, 0, 3, 3, 1, 0, 3, 2, 3, 3, 0, 1, 2, 1, 1, 1, 3, 0, 2, 0, 3, 0, 0, 0, 0, 3, 0, 0, 1, 3, 0, 2, 1, 1, 0, 3, 1, 1, 2, 1, 0, 1, 0, 0, 0, 0, 3, 3, 3, 1, 3, 3, 1, 0, 1, 0, 2, 0, 0, 1, 3, 3, 0, 0, 3, 3, 1, 0, 1, 0, 1, 0, 3, 3, 1, 3, 0, 1, 0, 1, 1, 1], "confidence_scores": [[0.20440792670956137, 0.40217004324902156, 0.18820558158149137, 0.20521644845992565], [0.19753297176085233, 0.3480045474544005, 0.08559342509888654, 0.3688690556858606], [0.43229523879129006, 0.27518533927510536, 0.1901211974613432, 0.10239822447226152], [0.1431810595742388, 0.28163266290346317, 0.33009882297606735, 0.24508745454623077], [0.33000006766220324, 0.12256726099383551, 0.22598527642003607, 0.3214473949239251], [0.2869898066951281, 0.2652772211471022, 0.07215459187772974, 0.37557838028004004], [0.3687365720171151, 0.3170400723082534, 0.0959498197930712, 0.2182735358815604], [0.2372318289931012, 0.24199613307639498, 0.16715910244138538, 0.3536129354891186], [0.3702154125187116, 0.27939400311623586, 0.13172141844697619, 0.2186691659180766], [0.2864721565262206, 0.17284777710978572, 0.29858304852468304, 0.2420970178393109], [0.18976403227670371, 0.23642592084935482, 0.16461010435757445, 0.4091999425163669], [0.18114782186357065, 0.13403075045117924, 0.37064085712720213, 0.314180570558048], [0.16932738834239025, 0.19145649202571502, 0.2649440174301418, 0.37427210220175283], [0.4418595554704762, 0.14773123957500683, 0.10045779101038546, 0.30995141394413167], [0.21905128653505876, 0.2872380489044764, 0.1189734796982519, 0.37473718486221297], [0.261964321655811, 0.20170061282146776, 0.27956288073812385, 0.2567721847845973], [0.18648543174792423, 0.1760047840695679, 0.39242867336409537, 0.24508111081841238], [0.18895788705544728, 0.3754131849961827, 0.19517849867322248, 0.24045042927514762], [0.1502869686567136, 0.47484628484777214, 0.18715277948898248, 0.18771396700653178], [0.29087495431481414, 0.27580136829533847, 0.11658616504610392, 0.3167375123437435], [0.08563305819273645, 0.25918575755698015, 0.1009335661834541, 0.5542476180668293], [0.17018989704343507, 0.1587735540565178, 0.3991149572624898, 0.2719215916375576], [0.24857676657654443, 0.20843402389637603, 0.24154501575080192, 0.3014441937762776], [0.25376461111590304, 0.43230923896019835, 0.16895922512650466, 0.144966924797394], [0.40723008675165756, 0.21445051974311996, 0.07949730452031802, 0.2988220889849043], [0.36780441368989986, 0.37558306993545537, 0.11040405888259909, 0.14620845749204578], [0.1831239285175619, 0.21468390331654083, 0.37583105187401133, 0.22636111629188602], [0.23053742943340846, 0.15312385616073623, 0.07337513821787812, 0.5429635761879772], [0.20189846750989832, 0.30158099331827026, 0.12287162755004237, 0.3736489116217892], [0.2600367322855305, 0.45077300538225223, 0.07055943702496693, 0.21863082530725048], [0.10698694770770135, 0.179297571812653, 0.5145932417001837, 0.19912223877946197], [0.2710948528995013, 0.28703862407157, 0.26484024174142157, 0.17702628128750722], [0.18589230809849297, 0.2774252895620047, 0.24389998406740157, 0.29278241827210083], [0.2956167052372628, 0.1949608898727367, 0.1487822835405836, 0.36064012134941703], [0.17070312231798923, 0.3950137257498522, 0.2775250261231385, 0.15675812580902013], [0.2949196709246386, 0.2798214826977008, 0.11427649298343598, 0.3109823533942246], [0.1552855998488263, 0.2083340697251162, 0.09934217172804265, 0.5370381586980149], [0.3007393739882201, 0.24893915173550082, 0.08834497615203869, 0.3619764981242405], [0.1315023506627285, 0.4607004274295641, 0.16129642109576584, 0.24650080081194167], [0.3971172028115219, 0.1438530441866258, 0.11043314514873828, 0.3485966078531141], [0.44887192737500353, 0.3498402352654659, 0.04379724217561132, 0.15749059518391909], [0.2407195170142816, 0.14342919282626285, 0.32763821931338444, 0.28821307084607106], [0.6235028733020584, 0.10246066098792814, 0.08649316324552626, 0.18754330246448717], [0.12684267363611682, 0.4757178421776827, 0.1016154270873569, 0.29582405709884363], [0.3985458003151391, 0.2270639798373627, 0.16631827253802892, 0.20807194730946932], [0.4646183831034894, 0.2592522176111531, 0.07479669404071809, 0.2013327052446395], [0.22934844626422562, 0.40446714412388596, 0.1279657198491845, 0.23821868976270405], [0.20056969279651374, 0.2857893079208186, 0.19235145725480188, 0.3212895420278657], [0.22552162448609628, 0.2924015488404855, 0.07061615302314755, 0.4114606736502708], [0.236533195917436, 0.19111398022371862, 0.15321991983532418, 0.41913290402352116], [0.33773226141309665, 0.28026630373223455, 0.12723916137956146, 0.2547622734751074], [0.353720986602461, 0.3241566102416375, 0.13746331456421493, 0.18465908859168664], [0.16211260602453012, 0.1844264157899732, 0.12176480892215055, 0.5316961692633462], [0.21372182988837024, 0.3984666762462517, 0.17532957918457778, 0.21248191468080022], [0.1555365317620841, 0.5019656457163255, 0.08932931110547193, 0.25316851141611857], [0.13061042326279584, 0.6537984935828725, 0.0869112355257962, 0.12867984762853538], [0.09869826915920434, 0.15683190635617011, 0.6694962464538105, 0.07497357803081503], [0.1641542727235547, 0.32255387483425146, 0.21000415825522115, 0.3032876941869728], [0.1741503693908673, 0.4832866092185343, 0.1501698859041707, 0.1923931354864278], [0.2013440199086687, 0.38261213222540663, 0.12399195770799692, 0.29205189015792776], [0.25502848296746244, 0.23299113496682114, 0.1647745788959491, 0.3472058031697673], [0.43771100276853697, 0.2948426646982438, 0.0694214132628698, 0.19802491927034938], [0.23354795607522447, 0.2669523177850622, 0.22165785506124489, 0.2778418710784686], [0.24904945785208893, 0.17130238500414152, 0.16322631057503453, 0.41642184656873504], [0.21072473612632397, 0.29980973267549516, 0.2306894918418121, 0.25877603935636884], [0.452007139253356, 0.19810336568725162, 0.10068500478447574, 0.24920449027491653], [0.2181146611474209, 0.3356081062821329, 0.10001639503220162, 0.34626083753824455], [0.057770001685776076, 0.07965278545286666, 0.5246578048024716, 0.33791940805888565], [0.25179916878834224, 0.09283855786612248, 0.031168809753408244, 0.6241934635921271], [0.21147185860288445, 0.2702443494633172, 0.2140980894171342, 0.3041857025166643], [0.40441324409212287, 0.17749455808072828, 0.08367968424447421, 0.33441251358267476], [0.13967644349992195, 0.43063598672775866, 0.16001374579798885, 0.2696738239743306], [0.15402659474269007, 0.2778133908055704, 0.459502947946309, 0.10865706650543054], [0.14865729900952962, 0.40857546402185174, 0.2574239122115231, 0.18534332475709547], [0.19564623886840674, 0.31858709961511333, 0.2734842509540591, 0.21228241056242073], [0.21140264797727312, 0.3585801116236205, 0.19823225643652775, 0.23178498396257866], [0.2101477550814738, 0.1518262837491711, 0.18288975134880203, 0.455136209820553], [0.37068324222456117, 0.2972555473864912, 0.07704398116909493, 0.25501722921985276], [0.14928012385152015, 0.29274396290001753, 0.39466427543309524, 0.16331163781536712], [0.35259350852571225, 0.21804463176243374, 0.2928271461206244, 0.1365347135912297], [0.15821730363001021, 0.2634584124316667, 0.2754569386751938, 0.3028673452631293], [0.33640622528624936, 0.2652908650171193, 0.10148894348989757, 0.2968139662067336], [0.35090313747491747, 0.23693039884521058, 0.20107135111705343, 0.21109511256281843], [0.46480581690446604, 0.17893482524438017, 0.18278862607873772, 0.17347073177241604], [0.3683106358344233, 0.24187599048891617, 0.10597846615984075, 0.28383490751682006], [0.2154215800273476, 0.25497529270478786, 0.17409744562938415, 0.3555056816384804], [0.28243642873809416, 0.24411584753704535, 0.26137637389043467, 0.21207134983442588], [0.26443994424346423, 0.21349526983795028, 0.2578979223035448, 0.2641668636150406], [0.20033402959028432, 0.3630538612895568, 0.1708413342230206, 0.26577077489713835], [0.24675991218964102, 0.21133002006847437, 0.1710982541540066, 0.37081181358787796], [0.3033294753060595, 0.24251669508164034, 0.1757748802816399, 0.27837894933066015], [0.12150771102763072, 0.27418000923236263, 0.32083450037904965, 0.2834777793609571], [0.2217209411152309, 0.2979825743230916, 0.21425744004760092, 0.2660390445140766], [0.23609324931090828, 0.3535902867533425, 0.07732568884271566, 0.33299077509303365], [0.3865139148830105, 0.17350183509082331, 0.11093459690411683, 0.3290496531220494], [0.14818668042200442, 0.33610371833218566, 0.1221577401706983, 0.39355186107511186], [0.19531637411951763, 0.4976007839937068, 0.09469096388056421, 0.21239187800621132], [0.2012104918201937, 0.3340318509180771, 0.18492547320519884, 0.27983218405653043], [0.25581567111819675, 0.2549790029743551, 0.27870857840019875, 0.21049674750724942], [0.21692142638859516, 0.3868877366070113, 0.20525185242096605, 0.1909389845834273], [0.3129208272954994, 0.22250863386055875, 0.1659745988838254, 0.2985959399601167], [0.20909471855670633, 0.39092067844602124, 0.1307041514985128, 0.2692804514987597], [0.4952175640201011, 0.1924994195653144, 0.054970620868851676, 0.25731239554573293], [0.3563136671752435, 0.22388308785712624, 0.14370320284370597, 0.2761000421239244], [0.40828059937802774, 0.25912126344850706, 0.15102667864156666, 0.18157145853189866], [0.3526524362848543, 0.2391965947743191, 0.15437475689358596, 0.2537762120472407], [0.13765971537311486, 0.27067888937693774, 0.149791425296659, 0.44186996995328853], [0.25406053289575836, 0.2259252167838809, 0.211387441854688, 0.3086268084656728], [0.25501030006485137, 0.1906505512490847, 0.24219565497989382, 0.31214349370617017], [0.22449740383694192, 0.36866394671667924, 0.29139535136089667, 0.11544329808548225], [0.14074776845145096, 0.14285541578764988, 0.14810846500537492, 0.5682883507555242], [0.16982932434463657, 0.242586980027763, 0.10926151422618136, 0.4783221814014192], [0.22850989316460615, 0.3995815384399715, 0.16189660508691167, 0.21001196330851063], [0.34623892485098867, 0.3079833830229062, 0.14795274205184442, 0.19782495007426082], [0.1703084735936245, 0.4164489355819848, 0.1441503859746875, 0.2690922048497032], [0.39887691007061654, 0.27107663224180134, 0.08901931794222553, 0.2410271397453566], [0.2281616147905809, 0.25773326518296946, 0.3628974559108737, 0.15120766411557593], [0.5386719429966064, 0.17216899177080913, 0.14032075148832165, 0.14883831374426276], [0.3877637325071999, 0.2644655361612195, 0.12819595018937513, 0.21957478114220544], [0.24859327767789152, 0.29405252163547263, 0.17785931831722857, 0.2794948823694073], [0.10944433631283843, 0.16479985963237098, 0.2605817165430577, 0.4651740875117329], [0.26413795428419884, 0.2454127971696287, 0.055399372602557034, 0.4350498759436153], [0.36277833801132503, 0.18951576356454253, 0.1014226231743364, 0.3462832752497962], [0.3889149437039609, 0.31747924465864585, 0.13798805176684092, 0.15561775987055226], [0.15920091941043424, 0.160581531518471, 0.2707945772965318, 0.40942297177456316], [0.12932973627237418, 0.21664687236605032, 0.17087065222618195, 0.4831527391353935], [0.22656172908363198, 0.3638156361127882, 0.17774717912318774, 0.23187545568039214], [0.46500875497336264, 0.08224875923844582, 0.35396499793647646, 0.09877748785171522], [0.2564686787473133, 0.4030742948483176, 0.18212139213121037, 0.15833563427315883], [0.42390387650748784, 0.22672248930923075, 0.09167373870009808, 0.2576998954831834], [0.28244081236442087, 0.3289126458590714, 0.1851969953065348, 0.203449546469973], [0.4113863459337737, 0.24765288934692242, 0.12815053061057075, 0.21281023410873318], [0.21137985999429182, 0.1759122048728845, 0.19856330483765616, 0.41414463029516735], [0.1760823154514008, 0.0892673072616565, 0.04303650198869649, 0.6916138752982461], [0.25641115847201473, 0.37158105236607647, 0.11098765986652487, 0.261020129295384], [0.09614575260224797, 0.287854176037611, 0.07792997258458695, 0.5380700987755541], [0.3449224429853278, 0.20566581147135565, 0.15166557243584822, 0.2977461731074685], [0.15041249309582452, 0.4400039302476232, 0.14319167538028593, 0.2663919012762664], [0.40199249533511633, 0.23808308820559426, 0.1030117327629297, 0.2569126836963598], [0.1385871860781246, 0.5148282141364808, 0.10447754795376883, 0.2421070518316257], [0.19456214322084014, 0.3801204297238046, 0.2511702306784567, 0.17414719637689874], [0.17990741137570948, 0.5597406622813768, 0.12200348058586452, 0.1383484457570495]]}, "rewritten": {"ids": ["97105580", "97105760", "97106820", "97107681", "97114170", "98107210", "98107380", "98107410", "98108370", "98109570", "98110680", "99107630", "99107660", "99108310", "99109141", "99109370", "99110050", "99111440", "99112641", "99117630", "100108490", "100109330", "100109890", "100109910", "100111270", "100113210", "101108950", "101109370", "101111310", "101111990", "101112690", "101113210", "101117580", "101119591", "102109850", "102109910", "102110500", "102110690", "102110750", "102110850", "102117351", "103109021", "103110760", "103111170", "103111830", "103112641", "103113260", "103118291", "104111531", "104111711", "104111780", "104112470", "104113170", "104113210", "104113240", "104114230", "104116800", "105110251", "105111990", "105112130", "105113210", "105113260", "105116441", "105116650", "105116860", "105116980", "105117200", "105118171", "105120280", "106116120", "106116640", "106117790", "106119990", "107112840", "107113360", "107113550", "107113840", "107114780", "107115140", "107116501", "107116980", "107117630", "107119130", "107119390", "108113480", "108113740", "108116501", "108117451", "108118060", "108118630", "108118810", "108120621", "108121351", "109113591", "109114030", "109114720", "109115220", "109115380", "109116930", "109117271", "109117730", "109118161", "109119450", "109120560", "110114321", "110115140", "110115580", "110116170", "110116290", "110117140", "110117870", "110118701", "110120190", "110120560", "110120700", "111115770", "111116750", "111120190", "111120260", "111120280", "111120591", "111121410", "111121930", "112117660", "112117790", "112118530", "112118581", "112119320", "112119610", "112119980", "112120290", "112121430", "113117340", "113119320", "113119450", "113120280", "113120780", "113120830", "113122150", "113122160", "113122190", "113122220"], "labels": [1, 0, 1, 3, 2, 1, 1, 3, 1, 1, 2, 2, 3, 2, 3, 1, 3, 3, 1, 3, 2, 0, 3, 2, 2, 0, 2, 1, 3, 2, 1, 3, 3, 0, 1, 2, 3, 0, 1, 3, 1, 0, 1, 2, 3, 3, 3, 0, 0, 1, 3, 1, 3, 3, 2, 2, 1, 0, 2, 1, 3, 3, 1, 1, 2, 0, 3, 3, 3, 1, 3, 1, 0, 1, 0, 0, 3, 2, 0, 1, 3, 0, 1, 2, 0, 3, 0, 2, 1, 1, 1, 1, 3, 3, 1, 0, 3, 3, 0, 0, 3, 0, 3, 1, 1, 0, 1, 0, 2, 3, 3, 3, 3, 0, 2, 3, 3, 3, 3, 0, 1, 0, 1, 0, 3, 1, 1, 1, 0, 0, 1, 2, 2, 1, 3, 0, 0, 3, 2, 3, 1, 1], "predicted_labels": [3, 2, 0, 2, 0, 1, 3, 0, 2, 0, 1, 0, 2, 0, 1, 1, 1, 0, 0, 1, 0, 3, 3, 2, 1, 0, 0, 2, 0, 1, 1, 3, 0, 3, 1, 0, 0, 1, 1, 2, 0, 3, 0, 3, 2, 1, 3, 0, 1, 2, 0, 3, 1, 3, 1, 1, 1, 2, 3, 1, 1, 3, 1, 3, 3, 0, 3, 0, 1, 3, 3, 0, 3, 1, 3, 1, 0, 1, 0, 1, 1, 0, 1, 2, 3, 0, 3, 3, 0, 3, 3, 3, 1, 1, 2, 1, 3, 2, 0, 3, 3, 3, 1, 1, 1, 2, 0, 3, 0, 3, 0, 1, 1, 0, 1, 0, 0, 1, 0, 3, 1, 1, 0, 0, 2, 1, 3, 0, 2, 3, 2, 3, 1, 3, 1, 3, 2, 1, 3, 1, 3, 1], "confidence_scores": [[0.21956927466561293, 0.317496568829374, 0.1359490107358127, 0.32698514576920024], [0.1827190642630105, 0.24449065267674358, 0.3243818630943395, 0.24840841996590673], [0.3538530631217613, 0.3095381472615829, 0.13009370187624006, 0.20651508774041588], [0.17504532495392464, 0.1833984814221956, 0.41841311909330525, 0.2231430745305747], [0.31581311773691123, 0.2568974010383507, 0.14843463407865698, 0.27885484714608116], [0.13360535007260588, 0.5600708518994814, 0.1693288074368812, 0.13699499059103162], [0.1657497278495039, 0.16740976594097773, 0.24233811177568337, 0.42450239443383503], [0.4129752237963851, 0.2129197441759185, 0.17175093180606155, 0.20235410022163497], [0.0838439578196965, 0.3016672338164914, 0.5068044628669044, 0.10768434549690782], [0.49182969810383603, 0.17539739577301777, 0.0908883022206669, 0.2418846039024794], [0.1630189021453636, 0.3550195389952476, 0.291667774067091, 0.1902937847922977], [0.3605661569065567, 0.238586320555066, 0.14695196598208352, 0.2538955565562938], [0.18775865176173448, 0.15085410868625718, 0.34357848544077374, 0.31780875411123455], [0.40728746882019723, 0.2322897147667067, 0.10611450338380563, 0.2543083130292907], [0.25967492842425227, 0.3600659134712323, 0.17099111516467186, 0.2092680429398437], [0.16734666050720828, 0.3932761871239096, 0.11656964576991938, 0.3228075065989628], [0.21482735481731435, 0.3349623190261047, 0.27223190823060756, 0.17797841792597352], [0.4628907454709592, 0.1358609174688103, 0.12583047945441622, 0.27541785760581444], [0.405091737628035, 0.18913876881060343, 0.27786922493697574, 0.1279002686243858], [0.2886677858741501, 0.32339641353358345, 0.2456964014248088, 0.14223939916745781], [0.32495322157638995, 0.16480745813223485, 0.25960314025146775, 0.2506361800399075], [0.2810700726540837, 0.18851463771007718, 0.2020601265665471, 0.32835516306929224], [0.387741103834498, 0.1519438586358941, 0.06612689306761464, 0.3941881444619932], [0.20589294750512846, 0.2294142223100304, 0.3483854499242519, 0.21630738026058918], [0.21286331035592, 0.4165833629259704, 0.1926017178878203, 0.17795160883028935], [0.40447360711189007, 0.18416247318857829, 0.0785723619691078, 0.33279155773042385], [0.2929614391390631, 0.2368060930022031, 0.2395178061860334, 0.2307146616727006], [0.27510021939696566, 0.20063684763204592, 0.30043401597567154, 0.223828916995317], [0.32518777369717033, 0.2694239156941862, 0.11539576838581272, 0.2899925422228309], [0.2202108261105885, 0.31768080529631065, 0.17908483495818567, 0.28302353363491517], [0.15777827550622842, 0.41165343691721074, 0.24549193486517368, 0.18507635271138717], [0.15334359671031583, 0.3044202527696916, 0.11189468202949272, 0.43034146849049987], [0.5356565279954977, 0.22720763302502694, 0.08688595799245577, 0.15024988098701955], [0.2961453843064531, 0.264974484723373, 0.11453731390649169, 0.3243428170636823], [0.25670106050753155, 0.3302661255200025, 0.19488033359485815, 0.21815248037760784], [0.4717261438590692, 0.19016006158499324, 0.06449222318399025, 0.2736215713719473], [0.6125324409301389, 0.10338833039304018, 0.06470457437161542, 0.21937465430520556], [0.21692208579585723, 0.37344463049304716, 0.07040445803687043, 0.33922882567422524], [0.2552027627834937, 0.4462840231367402, 0.15826334840254627, 0.14024986567721992], [0.25603918603783327, 0.20270414033305462, 0.4114139276797463, 0.12984274594936585], [0.31838816592829394, 0.25132014607482805, 0.14647034679777282, 0.2838213411991052], [0.21305869831365462, 0.2924957524866221, 0.1424758412860058, 0.3519697079137176], [0.4524708933767759, 0.2947867537683778, 0.11141605586060183, 0.1413262969942445], [0.19924563211914487, 0.219134561740233, 0.2339154565852619, 0.3477043495553603], [0.17277947806288646, 0.20846872393281976, 0.35996914595059787, 0.258782652053696], [0.22827172955249297, 0.37318946013257565, 0.17761953116025406, 0.22091927915467738], [0.21336454206415184, 0.27346925421028767, 0.219716170277591, 0.2934500334479696], [0.34171780120458384, 0.2642830933119086, 0.2262470807706623, 0.16775202471284534], [0.20451081956628195, 0.36931235344617686, 0.1045997434130653, 0.321577083574476], [0.21100679964902366, 0.2370204795008143, 0.33150056541219514, 0.22047215543796686], [0.4371922014947716, 0.21346580371309076, 0.08488697411133797, 0.2644550206807997], [0.24369333927895195, 0.24938904293990521, 0.1491056120102237, 0.3578120057709194], [0.1835214281038293, 0.41765744335778643, 0.2322711606610863, 0.16654996787729812], [0.2815590041581294, 0.20585885310601554, 0.10703869458163463, 0.40554344815422044], [0.1909396889627426, 0.4304621628055925, 0.14808258266429639, 0.23051556556736855], [0.30949241877563044, 0.4233155042393309, 0.09165828994541149, 0.1755337870396272], [0.19428147210431584, 0.3532452256261732, 0.24130137556244075, 0.21117192670707036], [0.11076628198935883, 0.2204902776449939, 0.5377105087442778, 0.13103293162136942], [0.22564222203780146, 0.16550262520218306, 0.06500987103577244, 0.5438452817242431], [0.16936094334575624, 0.33792441698062253, 0.21368767976655081, 0.2790269599070703], [0.23732791750944832, 0.44041628308178155, 0.0860431890987812, 0.23621261030998908], [0.21427950777479846, 0.2965962484954673, 0.16870382349825816, 0.3204204202314761], [0.15521289420286227, 0.6816995584503683, 0.06398251934368532, 0.09910502800308389], [0.16743942651756208, 0.20379656971202104, 0.19571934828800003, 0.43304465548241694], [0.2738175864870522, 0.3020050578048, 0.10760359037160633, 0.3165737653365415], [0.449833965006749, 0.38528939466507056, 0.06363165554350626, 0.10124498478467431], [0.1685918121676893, 0.2573894176415181, 0.2482226819593924, 0.32579608823140016], [0.32881994100784145, 0.2438477572185335, 0.1560834018139044, 0.27124889995972057], [0.14161270377564547, 0.35208386756387516, 0.2170800696456357, 0.28922335901484353], [0.17215229567080104, 0.24679823844642823, 0.13149962771925852, 0.4495498381635122], [0.19434936075479625, 0.2293205794899261, 0.1686462157955517, 0.4076838439597261], [0.3847684403518814, 0.3817033944888588, 0.09760537213061828, 0.1359227930286417], [0.14051882792703987, 0.2658632973845184, 0.09745781136433948, 0.49616006332410223], [0.1476314129189735, 0.5276215124908674, 0.11567703058279281, 0.20907004400736606], [0.1860998479405935, 0.2954378246009592, 0.20690312314331824, 0.31155920431512923], [0.2630339152236907, 0.29269821613427827, 0.21515818452698188, 0.22910968411504917], [0.4431473154279671, 0.35885624199807625, 0.08037555962625004, 0.11762088294770678], [0.29991055569569564, 0.3018474061603073, 0.19096497399276502, 0.2072770641512321], [0.37591810869087966, 0.253618401785257, 0.10151437247459061, 0.26894911704927277], [0.19146283911895473, 0.39022024176976855, 0.15026414967027954, 0.2680527694409971], [0.2427277754934851, 0.36677119821749016, 0.11524370359578104, 0.2752573226932438], [0.36564118843660454, 0.2557657400945457, 0.16321000095034424, 0.21538307051850578], [0.2807276257021932, 0.34080800764585706, 0.10286687009579516, 0.2755974965561545], [0.21312944401808415, 0.19270351540780073, 0.31984340855496557, 0.2743236320191496], [0.18879466340698708, 0.1891005507674312, 0.2404602367689114, 0.3816445490566704], [0.4553959395981744, 0.21530300989604736, 0.10620690424328032, 0.22309414626249788], [0.1597749039960857, 0.3296621800283104, 0.11136840191217383, 0.39919451406343026], [0.2529887774576951, 0.2345174815017491, 0.07337556386979492, 0.4391181771707609], [0.3584803813186102, 0.28777788327627896, 0.1139986370830621, 0.23974309832204876], [0.039799062814366924, 0.11569698681104522, 0.05979770296480582, 0.7847062474097821], [0.11309717769800527, 0.22768211925519524, 0.09390852706727838, 0.5653121759795211], [0.24216095643258095, 0.28042662358237164, 0.18255367147235832, 0.2948587485126892], [0.1770673597085176, 0.45764498520527863, 0.10954734706927985, 0.25574030801692393], [0.27191144928195093, 0.4082240583065696, 0.14184798295723056, 0.17801650945424904], [0.22126927717957792, 0.2297130547234041, 0.3301797488453074, 0.2188379192517107], [0.16848170248362138, 0.35632297557854414, 0.19513641709046628, 0.2800589048473683], [0.08901569318671451, 0.1614696702986438, 0.08927476168030593, 0.6602398748343358], [0.21858982765339516, 0.2831051487192813, 0.2932073610421777, 0.20509766258514606], [0.3176451255410606, 0.3119860065768711, 0.14299525555024717, 0.22737361233182102], [0.2746507160849656, 0.20533021955466688, 0.09884575102774877, 0.42117331333261876], [0.17841245769366018, 0.2612266367645202, 0.21265716091440887, 0.34770374462741077], [0.25022725913901783, 0.22444543609762746, 0.061907312315928796, 0.4634199924474259], [0.16454019122033642, 0.36563060714938117, 0.17717033024940737, 0.29265887138087504], [0.19910444105020964, 0.36432542212962493, 0.17960257658014697, 0.25696756024001854], [0.3502207511004403, 0.3575718936211293, 0.09353987175799475, 0.19866748352043595], [0.2994192926692464, 0.21555501703922456, 0.30414224871404894, 0.1808834415774803], [0.637758500779091, 0.16310000108077444, 0.08877247909158834, 0.11036901904854637], [0.12111230089369567, 0.3544310013679415, 0.11422628954998948, 0.41023040818837336], [0.46015319363521007, 0.07374931334444552, 0.3744020697461489, 0.0916954232741955], [0.10740587910853433, 0.23498258723797108, 0.12560218175733576, 0.5320093518961587], [0.2942801585504775, 0.2663722344456242, 0.17048101785634548, 0.2688665891475529], [0.36302707336991735, 0.37972866688790946, 0.09668183525475374, 0.16056242448741948], [0.2645610773372583, 0.3453858146736321, 0.1371846411155019, 0.25286846687360753], [0.3307358343896472, 0.3280664783162434, 0.1296432805413559, 0.21155440675275347], [0.20645686098790136, 0.356892835994382, 0.1791313826044906, 0.2575189204132262], [0.3076186991412994, 0.2913469745052819, 0.12202826569271234, 0.27900606066070627], [0.44092104418712974, 0.17242293076404192, 0.10289369048865675, 0.2837623345601717], [0.16878128911718787, 0.3725138385679406, 0.15464615646944674, 0.3040587158454249], [0.45551810624345024, 0.2183897278904548, 0.048981971656254536, 0.2771101942098405], [0.24120595645644172, 0.3280392381190785, 0.09747197081083066, 0.3332828346136492], [0.2195348291361423, 0.368568637578892, 0.18006831674234183, 0.23182821654262387], [0.19981872815986212, 0.40135839318783506, 0.0650174438368333, 0.33380543481546965], [0.5369385815937231, 0.237956997950326, 0.07414206616097815, 0.15096235429497284], [0.3191772454473243, 0.19158050814467703, 0.2665243800352054, 0.22271786637279328], [0.2343672428767525, 0.13603484549053851, 0.5196431016716854, 0.10995480996102365], [0.16864079995360315, 0.5618704340073344, 0.14474664089625755, 0.12474212514280499], [0.15815202733210265, 0.30541300064275756, 0.17336601553830272, 0.3630689564868373], [0.3613721962642123, 0.24428311183849086, 0.17231855669675797, 0.222026135200539], [0.10351317973460757, 0.21020403816326183, 0.4891883101405436, 0.19709447196158705], [0.17650893001135742, 0.21840357746417785, 0.2095820467488214, 0.39550544577564334], [0.2156994531824964, 0.21183648467168129, 0.35545276871228404, 0.21701129343353842], [0.2479957720793953, 0.22241872386077638, 0.12522490021272384, 0.4043606038471046], [0.1654926289998401, 0.3439521924293415, 0.32222336461857193, 0.1683318139522465], [0.10715065971611741, 0.12830136894501176, 0.0600438682926213, 0.7045041030462494], [0.28434090382317273, 0.32678461516327995, 0.09499917057964427, 0.29387531043390297], [0.19344476265645025, 0.31709737329547166, 0.171620576020348, 0.31783728802773004], [0.1204325550714282, 0.21923337975607707, 0.43922917266972133, 0.22110489250277332], [0.30135175511747675, 0.40752196868805, 0.14892991505417671, 0.14219636114029646], [0.11823892514238409, 0.22539888104886624, 0.12472327382771174, 0.5316389199810378], [0.18516431694637794, 0.3407046579701133, 0.2193866369303635, 0.2547443881531453], [0.16569616093256265, 0.27987927364400006, 0.1570580216572853, 0.397366543766152], [0.165664713613475, 0.4976342786995699, 0.12416664023767485, 0.2125343674492804]]}}