{"test": {"ids": ["110120640", "110115580", "107116980", "111116990", "113118620", "112121360", "105113480", "109118820", "101112201", "110114321", "104116441", "100116500", "107114140", "101108500", "99112840", "98106560", "103111620", "110120560", "111119250", "105113190", "97116800", "97105960", "111116110", "100115700", "102110750", "111116411", "107112840", "112116850", "101109370", "110116290", "97105451", "104111880", "110115890", "113122170", "101110200", "107114490", "106116120", "107113840", "113120260", "105119550", "104113550", "112118880", "103113640", "97105760", "108113480", "109117600", "112116640", "97107040", "108115250", "98109090", "97112290", "111116530", "104117630", "102116340", "104114320", "108121351", "99109910", "101109000", "112120270", "101117580", "98108410", "103111110", "109117730", "105120621", "102121700", "113119480", "112120540", "112120990", "113117340", "108114670", "110116501", "98109230", "107119130", "110117110", "105113170", "107114950", "107115250", "107119390", "108115870", "100111380", "112118860", "100113210", "110114920", "112120670", "109114651", "107118120", "104114240", "111120540", "107113170", "97107260", "97107681", "103113610", "111114321", "105112260", "112117431", "107113130", "106111321", "99111620", "109116441", "108120280", "111117571", "104109311", "107113200", "97114170", "106115120", "108113700", "109119450", "97109080", "108117451", "111119430", "113120531", "98110710", "100109311", "99112300", "103111480", "111115910", "110114651", "97111790", "111117000", "109117150", "111119150", "107113180", "105116980", "107114321", "110117200", "107113360", "97106970", "111114941", "109120621", "110115710", "110120700", "106114150", "111120640", "101108370", "106112770", "98111620", "109114030", "110113931", "107120260", "102110690", "97118210", "104117200"], "labels": [0, 1, 3, 0, 3, 3, 0, 3, 0, 1, 1, 2, 2, 3, 2, 1, 0, 0, 1, 3, 0, 2, 3, 1, 1, 0, 1, 0, 1, 2, 0, 3, 2, 1, 2, 3, 1, 3, 3, 1, 1, 1, 1, 0, 0, 1, 0, 2, 1, 1, 1, 3, 0, 3, 2, 3, 2, 1, 0, 3, 1, 3, 3, 1, 1, 3, 3, 2, 2, 3, 3, 1, 1, 0, 0, 3, 2, 2, 3, 3, 3, 0, 3, 2, 3, 3, 0, 1, 0, 2, 3, 2, 1, 3, 0, 1, 0, 3, 3, 3, 3, 3, 0, 2, 1, 0, 3, 2, 2, 3, 0, 2, 1, 0, 0, 2, 3, 2, 0, 2, 3, 3, 0, 0, 3, 0, 2, 0, 1, 2, 2, 1, 0, 1, 1, 3, 1, 1, 1, 0, 2, 3], "predicted_labels": [3, 1, 0, 0, 1, 1, 1, 0, 0, 1, 1, 0, 1, 1, 3, 3, 1, 3, 3, 3, 0, 3, 3, 3, 2, 0, 1, 3, 1, 0, 1, 1, 1, 2, 1, 3, 1, 1, 1, 1, 0, 0, 0, 0, 1, 1, 1, 2, 3, 3, 1, 1, 1, 3, 1, 3, 2, 3, 0, 3, 1, 3, 1, 0, 2, 3, 1, 1, 1, 3, 1, 2, 1, 1, 3, 1, 1, 1, 3, 3, 3, 3, 1, 1, 1, 1, 1, 1, 3, 2, 0, 1, 3, 1, 0, 1, 3, 1, 3, 3, 3, 3, 3, 3, 3, 1, 1, 1, 3, 1, 3, 2, 0, 3, 0, 1, 3, 3, 1, 1, 1, 1, 0, 1, 1, 0, 2, 1, 3, 1, 3, 0, 1, 3, 1, 1, 0, 3, 1, 3, 0, 1], "confidence_scores": [[0.4166818118079726, 0.1150772214253668, 0.017015017856522142, 0.4512259489101383], [0.4053455866632355, 0.3593674390059191, 0.10045670419818038, 0.13483027013266488], [0.5575259710103563, 0.19644344067436112, 0.006235784474756722, 0.23979480384052587], [0.7583775443882028, 0.05684732064627448, 0.015361900464946928, 0.16941323450057597], [0.08713999233580354, 0.6348177472624783, 0.07251800181931264, 0.20552425858240556], [0.3401427503543819, 0.318995363491878, 0.11783838699126957, 0.2230234991624709], [0.11601817350254433, 0.33539173305402026, 0.4321117044521707, 0.1164783889912649], [0.5843940671254143, 0.22420631790930104, 0.02180848101659712, 0.16959113394868758], [0.76617243310642, 0.15848612161364206, 0.027611680999124283, 0.047729764280813644], [0.29606725380830407, 0.4548152542364232, 0.05390460090700013, 0.19521289104827247], [0.07676243109120154, 0.6678564024927233, 0.029687478885080186, 0.22569368753099525], [0.23703046703479694, 0.07442578102554212, 0.562204329522154, 0.12633942241750712], [0.056862128302422196, 0.7165740156843331, 0.10573799165868256, 0.12082586435456204], [0.036115916982409194, 0.25384419243720374, 0.5367253873754797, 0.1733145032049072], [0.05041297176002351, 0.16022049017873433, 0.5528537346595837, 0.23651280340165817], [0.026057621931729214, 0.14775837408978232, 0.6267818008967209, 0.19940220308176745], [0.21126206771089498, 0.3009389496153153, 0.23958936192529626, 0.24820962074849345], [0.11675857904090423, 0.09418836549415766, 0.33580037518237943, 0.4532526802825584], [0.20874881607896653, 0.17851234198888882, 0.07306286353685192, 0.5396759783952927], [0.2238029310006067, 0.05624426990144877, 0.05801133061270814, 0.6619414684852367], [0.9290401069909721, 0.025522059204999066, 0.023419568552823435, 0.02201826525120554], [0.32637085339215777, 0.12294135463216158, 0.20454168873328563, 0.34614610324239486], [0.1350413724477622, 0.12861169719506216, 0.1372711657394176, 0.5990757646177576], [0.0910977887645462, 0.10417192535612955, 0.2423143441275079, 0.5624159417518162], [0.007547129906049903, 0.10116335051093864, 0.8778738929319879, 0.013415626651023645], [0.8424814428872031, 0.01733374356708534, 0.03485850900268105, 0.10532630454303009], [0.04818771881117444, 0.852991443326068, 0.06078107555193087, 0.03803976231082708], [0.08804842681325482, 0.24860595205231598, 0.03755824740980511, 0.6257873737246242], [0.12223838281868948, 0.18284376250432824, 0.6741892594746006, 0.020728595202381562], [0.6794093165377395, 0.16253632428724846, 0.027738566032300998, 0.13031579314271097], [0.23386124023065544, 0.40418711737640683, 0.09476325584785757, 0.2671883865450804], [0.016945341818959844, 0.34166208878920784, 0.3881194343357937, 0.2532731350560387], [0.27901721438989513, 0.6566209490867612, 0.03717680710434443, 0.027185029418999404], [0.026878198492069166, 0.1496206499685342, 0.7229895537802703, 0.10051159775912623], [0.08061406105890533, 0.5552779726987631, 0.05195470932850307, 0.3121532569138287], [0.0852956694806584, 0.12483071976050364, 0.09738615072209862, 0.6924874600367394], [0.3715797312359819, 0.386601485017835, 0.17972358042776898, 0.062095203318414095], [0.15111655380175795, 0.7432692479535358, 0.027146429601744744, 0.07846776864296147], [0.22430455146573278, 0.36284249885329617, 0.18824185115985642, 0.22461109852111483], [0.06280348739158012, 0.7362296623854292, 0.1313954747568067, 0.06957137546618382], [0.9257960786667807, 0.026038068771579676, 0.002611687598618911, 0.045554164963020616], [0.6922798463650481, 0.1468934367112491, 0.05628108874430265, 0.10454562817940018], [0.9286440965575705, 0.015903460905237646, 0.002040013123767825, 0.053412429413424306], [0.646714147850156, 0.08928172912888666, 0.05492443960395624, 0.20907968341700092], [0.06799316389875808, 0.4599993816714043, 0.2083060283742629, 0.2637014260555744], [0.19266860824295012, 0.22922871643502515, 0.36191870071294974, 0.21618397460907512], [0.07797374421507296, 0.5704541857413125, 0.1689473215562123, 0.18262474848740237], [0.0310319841082269, 0.1379661986341517, 0.7260787862094885, 0.10492303104813265], [0.09048655398156721, 0.2970312743188693, 0.12084850727166557, 0.49163366442789797], [0.4934984358863261, 0.020281071988301733, 0.12089114148378893, 0.3653293506415833], [0.10883409401068316, 0.21919042578691902, 0.5253180514191205, 0.14665742878327712], [0.12199997285535269, 0.6093236346075237, 0.03743446526842473, 0.231241927268699], [0.15483344294928447, 0.44041229404768273, 0.1181032845176033, 0.28665097848542953], [0.05357894829251253, 0.16144763800106618, 0.2540667834779073, 0.5309066302285137], [0.208844894880777, 0.22358542799152847, 0.4135293773427442, 0.15404029978495], [0.3410020939839999, 0.22066177921924718, 0.056669182072361414, 0.38166694472439144], [0.10104479422654292, 0.08949184456006376, 0.7618414770389363, 0.04762188417445682], [0.1352870260847594, 0.20463673131262686, 0.041177477836426286, 0.6188987647661872], [0.565969315669626, 0.12709904946693376, 0.023333706372512558, 0.2835979284909275], [0.1520689624568565, 0.19335598668245446, 0.07805078758808544, 0.5765242632726039], [0.062266243087954386, 0.24730118750723307, 0.575568073986139, 0.11486449541867323], [0.264864687362716, 0.16417650989626004, 0.21143258461318046, 0.35952621812784336], [0.16241798575443456, 0.22133439046960723, 0.43355146542457235, 0.18269615835138597], [0.8024304250654305, 0.10761290221606686, 0.0020826530974724917, 0.08787401962103013], [0.057494108105563185, 0.13004481002279902, 0.694656695520098, 0.11780438635153978], [0.21834861432254002, 0.06921214971629557, 0.06965200489264582, 0.6427872310685186], [0.17242291324360495, 0.7765523262900998, 0.018409273788345455, 0.03261548667794988], [0.10424894921784068, 0.4373238541006297, 0.38437877123766634, 0.07404842544386311], [0.2315250966379768, 0.45138494452214967, 0.05842412963061798, 0.2586658292092556], [0.18892780504557113, 0.2058775938616731, 0.047891542474693016, 0.5573030586180626], [0.15469794338819873, 0.4889197647758051, 0.02502302638444585, 0.33135926545155014], [0.06566797056735808, 0.0677506212892164, 0.7945382165897856, 0.07204319155363996], [0.09502873584768073, 0.399702077273502, 0.31045825321844045, 0.1948109336603768], [0.30352489373268376, 0.46292358341054124, 0.03931795247678428, 0.1942335703799907], [0.055540076199400226, 0.25336241686222283, 0.15322240214755153, 0.5378751047908253], [0.26340043560153187, 0.33081689580496887, 0.15816974924724203, 0.2476129193462574], [0.17565484406215942, 0.6980122554928678, 0.063907336628104, 0.06242556381686914], [0.045140968551920235, 0.5148927340914312, 0.19104666851951738, 0.24891962883713095], [0.24392561787782416, 0.053953172077139636, 0.04703737214170779, 0.6550838379033284], [0.23543891885593204, 0.1196030083070759, 0.2955230208861121, 0.3494350519508797], [0.12028089710641432, 0.1897533038829457, 0.39264232668325766, 0.29732347232738215], [0.17624891251449332, 0.141854004267766, 0.11893052776830948, 0.5629665554494311], [0.17222904334156136, 0.5862574819794432, 0.18044034177972407, 0.06107313289927166], [0.10194804761422954, 0.5134046767142242, 0.052865362816994214, 0.331781912854552], [0.35832784412014473, 0.3818679991413156, 0.00733906686609565, 0.25246508987244415], [0.19644070120029414, 0.3887063867347581, 0.025408320438275272, 0.3894445916266726], [0.19876085230259927, 0.37285063800707685, 0.16472277065506064, 0.2636657390352634], [0.536734812425514, 0.36332440891616197, 0.07984160246331969, 0.020099176195004596], [0.30024088682746286, 0.09751011661588468, 0.09406441870683138, 0.5081845778498211], [0.21635390659304646, 0.11508650854196517, 0.6168907867946812, 0.05166879807030711], [0.6209942694879862, 0.1553403519030946, 0.09214811469354327, 0.13151726391537585], [0.0687151287471292, 0.2069622877888088, 0.6479873610459245, 0.07633522241813749], [0.1933693536856578, 0.2892625524206886, 0.10407482505168596, 0.41329326884196743], [0.018518439551367404, 0.5571869929452444, 0.03856060343749985, 0.38573396406588834], [0.4964827766131984, 0.2971943994689667, 0.011797697376260277, 0.19452512654157442], [0.10465220368549101, 0.2771559931612257, 0.41119111700300054, 0.20700068615028303], [0.13233615390041734, 0.35805270306392867, 0.1284716725807179, 0.38113947045493585], [0.10174700996503738, 0.4645431430979152, 0.35407132189269014, 0.07963852504435678], [0.48441399070815055, 0.06921800870147402, 0.0009581764816852775, 0.4454098241086904], [0.5511307950586103, 0.010599885458020963, 0.02443782823454296, 0.4138314912488257], [0.22689031800840584, 0.136937375291042, 0.02912559507067823, 0.6070467116298741], [0.2258324200331862, 0.06132880589025851, 0.106855993008635, 0.6059827810679199], [0.21101037469121678, 0.35383662751027906, 0.014966405925556437, 0.4201865918729478], [0.026064776550717, 0.2928479498033287, 0.3360128776360865, 0.3450743960098676], [0.3863377037707001, 0.24895142467169026, 0.06099492816292325, 0.30371594339468655], [0.032599351936391054, 0.5367290427937866, 0.11989576677279777, 0.3107758384970244], [0.0662476417839629, 0.4551162691957988, 0.2388864264839942, 0.23974966253624397], [0.0569834383757033, 0.5102730374590242, 0.26250956013122567, 0.17023396403404653], [0.4000050246737278, 0.20910796024667008, 0.034642706198129265, 0.3562443088814729], [0.10590120240364176, 0.4810825326664561, 0.054487770346251164, 0.35852849458365105], [0.444657343759669, 0.1844102496823889, 0.03349295773578594, 0.33743944882215615], [0.007317961338675603, 0.10821879702362087, 0.8353078949040105, 0.04915534673369298], [0.7366340687155476, 0.18701494865574225, 0.012484191098452386, 0.0638667915302574], [0.35979603473369487, 0.04153206448422025, 0.2837489360062495, 0.31492296477583526], [0.8025024493027498, 0.13115447380735007, 0.005308614793896649, 0.06103446209600364], [0.03852590855325654, 0.8473681000859549, 0.030081986486386634, 0.08402400487440213], [0.1465196021659861, 0.047981060938190115, 0.03729579401610436, 0.7682035428797194], [0.2532479825809137, 0.15558124664487588, 0.2810741980475108, 0.3100965727266997], [0.112494121723232, 0.6117292034919721, 0.15582851638269976, 0.119948158402096], [0.047880162885090144, 0.8491373652035298, 0.06446053990802575, 0.0385219320033546], [0.18306895402466036, 0.6483678427812589, 0.016644528796478087, 0.1519186743976027], [0.045587324597149176, 0.6158268308383712, 0.05755184005741138, 0.28103400450706806], [0.7802356764283316, 0.1285418337432258, 0.010350611582940969, 0.08087187824550178], [0.5001060989205283, 0.38492400064698395, 0.012565702412056127, 0.10240419802043155], [0.45539197240672036, 0.42668886869800515, 0.012871248174214927, 0.1050479107210595], [0.9688437415418738, 0.01699477472062756, 0.001162753991515742, 0.01299872974598301], [0.015378627734241498, 0.137429038012576, 0.766619062081836, 0.08057327217134662], [0.11731743665999803, 0.7010748327457201, 0.07151334301489003, 0.11009438757939202], [0.13604750450466882, 0.3285335273978398, 0.05524034650876234, 0.4801786215887291], [0.3533320738420509, 0.4941314783070038, 0.023853338282037624, 0.12868310956890774], [0.14068332471757058, 0.23781877957502623, 0.03159356409805222, 0.5899043316093509], [0.5684237260576249, 0.1666214871753447, 0.13318046051970128, 0.13177432624732932], [0.16348145613331655, 0.44922562617169587, 0.09407727407678206, 0.2932156436182057], [0.31957998345723954, 0.09155767547200311, 0.017187787128716436, 0.5716745539420409], [0.07656511374223048, 0.4029401990913792, 0.2142314526718508, 0.3062632344945395], [0.008956919637514769, 0.2276783909723736, 0.6654813368912349, 0.09788335249887703], [0.6766925741350055, 0.09614435872757232, 0.06630789995242319, 0.16085516718499884], [0.14772958222034668, 0.22192644618309187, 0.13795607707380358, 0.49238789452275794], [0.20083707518915633, 0.38394508080428014, 0.15473332384615113, 0.2604845201604125], [0.19250723609112574, 0.13600090309213356, 0.14810431805961527, 0.5233875427571252], [0.4310831307095036, 0.07161418721661356, 0.4164809259695641, 0.08082175610431898], [0.19832543285428125, 0.5125902826872463, 0.12110833452998065, 0.16797594992849169]]}, "rewritten": {"ids": ["97105451", "97105760", "97105960", "97106970", "97107040", "97107260", "97107681", "97109080", "97111790", "97112290", "97114170", "97116800", "97118210", "98106560", "98108410", "98109090", "98109230", "98110710", "98111620", "99109910", "99111620", "99112300", "99112840", "100109311", "100111380", "100113210", "100115700", "100116500", "101108370", "101108500", "101109000", "101109370", "101110200", "101112201", "101117580", "102110690", "102110750", "102116340", "102121700", "103111110", "103111480", "103111620", "103113610", "103113640", "104109311", "104111880", "104113550", "104114240", "104114320", "104116441", "104117200", "104117630", "105112260", "105113170", "105113190", "105113480", "105116980", "105119550", "105120621", "106111321", "106112770", "106114150", "106115120", "106116120", "107112840", "107113130", "107113170", "107113180", "107113200", "107113360", "107113840", "107114140", "107114321", "107114490", "107114950", "107115250", "107116980", "107118120", "107119130", "107119390", "107120260", "108113480", "108113700", "108114670", "108115250", "108115870", "108117451", "108120280", "108121351", "109114030", "109114651", "109116441", "109117150", "109117600", "109117730", "109118820", "109119450", "109120621", "110113931", "110114321", "110114651", "110114920", "110115580", "110115710", "110115890", "110116290", "110116501", "110117110", "110117200", "110120560", "110120640", "110120700", "111114321", "111114941", "111115910", "111116110", "111116411", "111116530", "111116990", "111117000", "111117571", "111119150", "111119250", "111119430", "111120540", "111120640", "112116640", "112116850", "112117431", "112118860", "112118880", "112120270", "112120540", "112120670", "112120990", "112121360", "113117340", "113118620", "113119480", "113120260", "113120531", "113122170"], "labels": [0, 0, 2, 2, 2, 2, 3, 2, 2, 1, 2, 0, 2, 1, 1, 1, 1, 2, 3, 2, 3, 0, 2, 1, 3, 0, 1, 2, 1, 3, 1, 1, 2, 0, 3, 0, 1, 3, 1, 3, 0, 0, 2, 1, 3, 3, 1, 0, 2, 1, 3, 0, 3, 0, 3, 0, 0, 1, 1, 0, 1, 1, 1, 1, 1, 1, 0, 3, 0, 0, 3, 2, 0, 3, 3, 2, 3, 3, 1, 2, 1, 0, 0, 3, 1, 3, 2, 3, 3, 1, 3, 3, 2, 1, 3, 3, 3, 1, 1, 1, 3, 3, 1, 2, 2, 2, 3, 0, 3, 0, 0, 2, 1, 0, 2, 3, 0, 3, 0, 0, 3, 3, 1, 3, 1, 0, 0, 0, 0, 3, 1, 0, 3, 2, 2, 3, 2, 3, 3, 3, 0, 1], "predicted_labels": [3, 0, 3, 2, 3, 2, 1, 1, 3, 2, 3, 0, 1, 3, 1, 3, 2, 2, 1, 0, 1, 0, 1, 0, 3, 3, 3, 2, 3, 2, 3, 1, 3, 0, 3, 3, 2, 1, 1, 1, 1, 1, 1, 0, 3, 1, 0, 1, 1, 1, 1, 3, 1, 3, 3, 1, 0, 1, 0, 1, 1, 1, 0, 0, 1, 3, 3, 1, 3, 0, 1, 1, 1, 3, 1, 1, 0, 1, 1, 1, 1, 1, 1, 3, 3, 3, 1, 3, 3, 1, 0, 0, 1, 1, 3, 0, 3, 3, 3, 1, 3, 1, 1, 1, 1, 0, 1, 1, 0, 3, 3, 3, 3, 1, 1, 3, 0, 1, 0, 1, 3, 1, 3, 1, 1, 3, 1, 3, 1, 3, 0, 0, 1, 1, 1, 3, 3, 1, 3, 1, 0, 1], "confidence_scores": [[0.3422771487482662, 0.2128793618807675, 0.031400170456854816, 0.4134433189141115], [0.508584777021779, 0.1356945314283653, 0.07781035649705943, 0.2779103350527961], [0.4666220462834327, 0.06257538150030606, 0.08558405975364307, 0.385218512462618], [0.011621823220016137, 0.18162857280786068, 0.7896946908764436, 0.017054913095679365], [0.057306916410292265, 0.11011992941126544, 0.6441102226926451, 0.1884629314857974], [0.10198000190514937, 0.0983653913964242, 0.7426233048524815, 0.05703130184594512], [0.34420920247813064, 0.5226658149387667, 0.060209929622459926, 0.07291505296064289], [0.06106100866586485, 0.5452055678121305, 0.3102972328869334, 0.08343619063507131], [0.30747314456053393, 0.12189009965865659, 0.20424884163971405, 0.36638791414109534], [0.07794286478042434, 0.16421522060364904, 0.6783738505513034, 0.07946806406462316], [0.10165191123146293, 0.1355040646401167, 0.3170317732170728, 0.4458122509113477], [0.8129502439463935, 0.03642531025058095, 0.03317865964551347, 0.11744578615751203], [0.23366519789593967, 0.17807617583062507, 0.41631752087753904, 0.1719411053958962], [0.037049601378858016, 0.13887565170715874, 0.4975778190320913, 0.3264969278818919], [0.09641775327504663, 0.5470736266076595, 0.18276415302313542, 0.17374446709415856], [0.5626568287734036, 0.024746798417492184, 0.10200726288584211, 0.3105891099232622], [0.009961667041397266, 0.06823692404132485, 0.8762813653674411, 0.0455200435498368], [0.009167312894993923, 0.10184344080662386, 0.8327707263602917, 0.056218519938090135], [0.0035507297966113557, 0.2410444489903922, 0.7201698517063324, 0.03523496950666435], [0.35222603848148815, 0.11048730786051755, 0.46211714530285997, 0.07516950835513443], [0.08072376962489555, 0.4057428899750076, 0.42963070299248646, 0.08390263740761036], [0.29629527963709223, 0.04805581966626437, 0.4871501678287907, 0.168498732867853], [0.04925655054635726, 0.30352699227123464, 0.45486178034801644, 0.19235467683439156], [0.6062491225838497, 0.1185225123816639, 0.03152290016733709, 0.24370546486714978], [0.18142911011003865, 0.15175278060027914, 0.3802330870786219, 0.2865850222110604], [0.09080702997433615, 0.20373188180145976, 0.16425344411121287, 0.541207644112991], [0.14581905177562157, 0.0485502880444878, 0.151424748044936, 0.6542059121349548], [0.2284485904156722, 0.09579707165259307, 0.5926355068262954, 0.08311883110543924], [0.4312908366338884, 0.1579258022640075, 0.019699086997619464, 0.3910842741044847], [0.03760027544724578, 0.1275572763465977, 0.7391665961215489, 0.09567585208460765], [0.17523665344308084, 0.17287534034793164, 0.11638834129249727, 0.5354996649164901], [0.19663767439077498, 0.2709469028340076, 0.48202195228932493, 0.05039347048589268], [0.11504952798506837, 0.3618939643811703, 0.06262822425471312, 0.460428283379048], [0.7820796270604572, 0.1398263127290401, 0.01414675932818928, 0.06394730088231343], [0.11579361756874673, 0.17771758886561476, 0.1647805299660643, 0.5417082635995744], [0.3301255368558132, 0.09425331745386502, 0.09717555177846338, 0.47844559391185826], [0.007256803066499168, 0.1033163047434806, 0.8837991578827276, 0.005627734307292788], [0.05132731175493727, 0.2983076380653654, 0.4818522563645246, 0.16851279381517245], [0.22148065876009843, 0.4287194769836416, 0.15965091642788992, 0.19014894782836975], [0.3276602227556274, 0.2456120467282754, 0.2634016335006213, 0.16332609701547576], [0.37062183358061646, 0.40970495822139913, 0.0145721258245331, 0.20510108237345143], [0.1835443130922078, 0.2093293321082079, 0.5155746370228453, 0.09155171777673893], [0.064612378104101, 0.19182054568378848, 0.6828216026944216, 0.06074547351768916], [0.9158767093850899, 0.03253589253037966, 0.006586990614474449, 0.04500040747005591], [0.5878111648392192, 0.0327678021358469, 0.03333817758525142, 0.34608285543968215], [0.07536607758810122, 0.39472097245540255, 0.15412039630323834, 0.37579255365325764], [0.9025957308220481, 0.01831824928133165, 0.003155388226959265, 0.07593063166966114], [0.1877005229124392, 0.5592019448466401, 0.18048638571366654, 0.07261114652725391], [0.16502755219701887, 0.30842710704132564, 0.24697731393583472, 0.27956802682582066], [0.04629073564727135, 0.6422578782181189, 0.16213770144354475, 0.14931368469106487], [0.27557737427806084, 0.2931379804824273, 0.18926898728644057, 0.24201565795307167], [0.3338099454369642, 0.3058311436453375, 0.06722061938183835, 0.29313829153586013], [0.022187519440886205, 0.6249649878854485, 0.03727127612679924, 0.31557621654686574], [0.0554809482572655, 0.2854750986969986, 0.25351925482095466, 0.40552469822478127], [0.12196672862351701, 0.024028309509546753, 0.03600046520694921, 0.8180044966599872], [0.3000892422915667, 0.377344799945582, 0.2729016257952951, 0.049664331967556125], [0.7744943536082263, 0.1306952576445371, 0.013106793787006236, 0.0817035949602304], [0.04785725917184088, 0.8370921644964877, 0.06574546010710094, 0.04930511622457027], [0.5626369735143395, 0.2073411814535092, 0.004485553042359775, 0.2255362919897916], [0.055713505915601105, 0.6697937226718789, 0.18766256311114796, 0.08683020830137211], [0.04359283204882767, 0.5439215202954301, 0.22185313001380794, 0.19063251764193426], [0.08207140298144068, 0.2569225342235838, 0.5462040585621479, 0.11480200423282719], [0.46008350143101767, 0.21380830168321074, 0.06831768842851435, 0.2577905084572571], [0.571313773778186, 0.22030710946903095, 0.1494671773599958, 0.058911939392787195], [0.05357457270207518, 0.811714932668379, 0.055715705312564624, 0.07899478931698152], [0.09084324016782533, 0.19891906701837306, 0.5289415215492735, 0.1812961712645286], [0.4081873855731933, 0.13648236250496823, 0.16379359861812148, 0.291536653303717], [0.04696952816863961, 0.5892629907516003, 0.0586367430525451, 0.3051307380272153], [0.2905991608904247, 0.2924659905593543, 0.010020526339960954, 0.40691432221025997], [0.9123326196609279, 0.03380836106729146, 0.002304027133739147, 0.051554992138041454], [0.13238410845230228, 0.7307034102636395, 0.013763569592283576, 0.12314891169177443], [0.24156252129838943, 0.6448605680529766, 0.09317684870469634, 0.020400061943937828], [0.19247690930676972, 0.6995706989342372, 0.016210278469346997, 0.09174211328964614], [0.05661102486428423, 0.16472584601320087, 0.06131428896766301, 0.7173488401548521], [0.21186544414273722, 0.278206130584705, 0.3331809127926626, 0.1767475124798951], [0.20414775541605165, 0.6493191991112509, 0.05819647289058049, 0.08833657258211715], [0.5851516605552483, 0.24261393599015063, 0.005726452109537663, 0.16650795134506358], [0.2600691257486799, 0.5334951788856214, 0.02505329843512, 0.18138239693057867], [0.12471779756690496, 0.4585755812417791, 0.19922054542383666, 0.2174860757674794], [0.016042615498620384, 0.622279327351566, 0.2567909726879596, 0.1048870844618538], [0.20704266242172703, 0.4152757251723908, 0.09166966018148316, 0.2860119522243987], [0.04544164254122501, 0.3971308244848756, 0.3691294159036717, 0.1882981170702275], [0.015153430979852577, 0.5049213034566452, 0.27806780865397906, 0.20185745690952306], [0.18174411128654563, 0.16784932876145953, 0.1471437767408618, 0.5032627832111328], [0.17510478046027622, 0.19939106534507675, 0.14711294655831114, 0.478391207636336], [0.3730436261672033, 0.03908806700489245, 0.059992766045567754, 0.5278755407823362], [0.09892139421568634, 0.4388921462680234, 0.09565148547025162, 0.3665349740460387], [0.5863592301888271, 0.010886596379456527, 0.018535738807920688, 0.38421843462379546], [0.3838096554590305, 0.23572372078874393, 0.034564686019178684, 0.3459019377330471], [0.3953846879110638, 0.41699257338545764, 0.04409318102621562, 0.14352955767726278], [0.5878000016210344, 0.20194063010072283, 0.004915665433237525, 0.20534370284500553], [0.6760650307935977, 0.058365202635005595, 0.000635419424504733, 0.26493434714689196], [0.03864708596518164, 0.5496338554061646, 0.35853589556735466, 0.05318316306129889], [0.21228384929019878, 0.25399035469220216, 0.3218078782722372, 0.2119179177453617], [0.32878076088156455, 0.18573101175790693, 0.2394050150807774, 0.24608321227975108], [0.6138410687386046, 0.21225643944224806, 0.04065624668981268, 0.13324624512933445], [0.023350276265741265, 0.19861872844852513, 0.40927436013809093, 0.36875663514764273], [0.19786443421836927, 0.20244314991014462, 0.21667251014766264, 0.3830199057238232], [0.23113874135674686, 0.2197360064887549, 0.055489474677174175, 0.4936357774773243], [0.2794598299042309, 0.5266893973523392, 0.02805134749346683, 0.16579942524996322], [0.21901139210801923, 0.06464779787063081, 0.033062636173565384, 0.6832781738477844], [0.02550857305264672, 0.8330077928092262, 0.09656889375957893, 0.044914740378548146], [0.3339297812456157, 0.3552464783612831, 0.1715033936261741, 0.1393203467669273], [0.3145745093497919, 0.3677984428234349, 0.07581823745456778, 0.2418088103722055], [0.3569053007718008, 0.5702571483055032, 0.03238989891528499, 0.04044765200741117], [0.744708934198645, 0.12549758923343637, 0.0379359786384061, 0.09185749792951231], [0.18103367720569777, 0.5791250574141144, 0.02934275136753044, 0.21049851401265715], [0.1584530204305675, 0.7067875265808176, 0.02565310467705161, 0.10910634831156307], [0.795342583858825, 0.13206327411215307, 0.007784789424828514, 0.06480935260419343], [0.16836505318296635, 0.11089449676324595, 0.40915498505286524, 0.3115854650009223], [0.3013247124840059, 0.13758169003600146, 0.027664288257015144, 0.5334293092229775], [0.21577884371441564, 0.16549587286614692, 0.02709903135278302, 0.5916262520666543], [0.3193059436266795, 0.22446474279246476, 0.11145197289207652, 0.3447773406887794], [0.16839028702283484, 0.6420930226363731, 0.05908557998749442, 0.13043111035329738], [0.06276260169338921, 0.7412520145943331, 0.05445198589155598, 0.14153339782072175], [0.21018693886548973, 0.10083121696043322, 0.10822395737649766, 0.5807578867975793], [0.8509079857440589, 0.029651818535123595, 0.012603419784407963, 0.10683677593640983], [0.18466063699278384, 0.4594581007246081, 0.06335487000437308, 0.2925263922782349], [0.6973013876726538, 0.07578848916302955, 0.0367075979174055, 0.1902025252469111], [0.062409330984405695, 0.3621824989591711, 0.3033085710329278, 0.2720995990234956], [0.1889563942873373, 0.1638422700531421, 0.28468422255003184, 0.3625171131094888], [0.16841419367546814, 0.6592297437411918, 0.0206710798868718, 0.1516849826964681], [0.1559537078529013, 0.3014558403976168, 0.17098406985583675, 0.37160638189364503], [0.15383521139913628, 0.5976430523425484, 0.022600102432773293, 0.2259216338255421], [0.47941218810904807, 0.4578955286714426, 0.03832477321173627, 0.02436751000777312], [0.13011327802625616, 0.23394252411279892, 0.06141660394668654, 0.5745275939142584], [0.11742108920107014, 0.3937437051260621, 0.2534524642253682, 0.23538274144749935], [0.06499116767495697, 0.25019826860501154, 0.02459690466113172, 0.6602136590588998], [0.03547890430940814, 0.8494195252644088, 0.039374079453657645, 0.07572749097252558], [0.056685948284668324, 0.18085225687554327, 0.3082952846746791, 0.4541665101651093], [0.5753466824910448, 0.21374456291618585, 0.12465418191627656, 0.08625457267649249], [0.5996753976866485, 0.08060003750827123, 0.016992650092075297, 0.30273191471300526], [0.3792925313975172, 0.5226141872568753, 0.010887669966326608, 0.08720561137928123], [0.13180824438223548, 0.47284788156723434, 0.060180128686808075, 0.3351637453637218], [0.07405267446367177, 0.5372639919632066, 0.3197858723119162, 0.06889746126120529], [0.4201081473054341, 0.18745864557153472, 0.08386993477789838, 0.30856327234513276], [0.08459809080085182, 0.2615401290472487, 0.25820517463839054, 0.395656605513509], [0.11787110519191442, 0.4926299522675015, 0.06456459517933216, 0.32493434736125176], [0.299669312331823, 0.07463629165609596, 0.07052234826098575, 0.5551720477510954], [0.1580048541640348, 0.48304657495698594, 0.2588526749239579, 0.10009589595502105], [0.7396833251786392, 0.09957378047438808, 0.025929547868264558, 0.13481334647870796], [0.06260326771219361, 0.28143318386549, 0.5474634939886337, 0.10850005443368271]]}}