{"test": {"ids": ["104111550", "111118910", "102107961", "105115720", "108118520", "110114720", "113120280", "103110050", "113117550", "103112470", "111121930", "108117720", "113118620", "105113480", "99108080", "113121010", "100117420", "109113281", "107118120", "107119390", "106111321", "111116640", "108113480", "110114920", "101109000", "105116860", "98107380", "109120560", "105118230", "109114651", "105116441", "108114270", "110118301", "107120880", "97116800", "108114360", "107119130", "101114020", "99108010", "110113591", "111117000", "103113260", "99107560", "107120260", "104111620", "108120260", "108120280", "111121410", "107116501", "107114780", "113120531", "111121190", "110118161", "98112300", "101114990", "103118110", "113121220", "102112030", "99107300", "98116500", "112117790", "109117600", "111119150", "101119591", "103110840", "112118880", "111121220", "109120540", "113118111", "106115250", "110114561", "110117110", "103120340", "105112100", "112117471", "107121540", "112118550", "109113881", "108114670", "99109161", "112116540", "112116880", "98106680", "110113931", "99116500", "112116900", "101109370", "110118450", "108119550", "99108000", "103113270", "105115570", "105115250", "109121351", "109118231", "108118060", "98109570", "113118820", "108113700", "110114610", "112118581", "110121140", "105113170", "105113330", "106118161", "97111790", "113122320", "104110960", "101116130", "97105760", "107114140", "112116501", "110114651", "104111780", "103120780", "107112850", "112117210", "102110050", "110117500", "110118701", "113118690", "113122650", "99110050", "108115970", "104109311", "107117010", "103110220", "110120700", "111118820", "97116790", "102109850", "99107500", "107113170", "111119580", "108120700", "112119450", "107114950", "113118511", "104114230", "109114270", "110117140", "99108890"], "labels": [1, 0, 3, 1, 0, 3, 0, 3, 3, 1, 1, 1, 3, 0, 3, 2, 2, 0, 3, 2, 0, 0, 0, 3, 1, 2, 1, 1, 1, 3, 1, 3, 1, 1, 0, 1, 1, 3, 2, 0, 0, 3, 1, 1, 0, 1, 3, 0, 1, 2, 0, 1, 0, 2, 3, 2, 3, 2, 3, 2, 3, 1, 3, 0, 1, 1, 3, 1, 1, 2, 0, 0, 1, 1, 3, 2, 3, 0, 3, 3, 1, 0, 1, 1, 2, 3, 1, 0, 1, 2, 2, 0, 2, 0, 1, 1, 1, 0, 0, 1, 1, 3, 0, 3, 3, 2, 1, 2, 2, 0, 2, 3, 3, 3, 1, 1, 1, 3, 1, 3, 3, 2, 3, 2, 3, 1, 2, 2, 0, 2, 1, 0, 0, 3, 2, 3, 3, 1, 2, 3, 3, 0], "predicted_labels": [1, 3, 0, 1, 1, 1, 0, 3, 3, 3, 3, 3, 3, 1, 3, 1, 1, 0, 3, 3, 1, 1, 3, 3, 1, 1, 0, 3, 1, 3, 1, 1, 0, 1, 1, 3, 3, 3, 1, 3, 3, 3, 1, 3, 3, 1, 0, 1, 1, 3, 1, 0, 1, 0, 3, 3, 1, 1, 0, 0, 3, 3, 3, 0, 1, 1, 1, 1, 1, 0, 3, 1, 3, 0, 1, 1, 0, 1, 0, 0, 1, 3, 1, 3, 2, 0, 1, 1, 3, 1, 3, 1, 3, 1, 1, 0, 0, 0, 3, 1, 3, 0, 1, 3, 0, 0, 3, 3, 3, 0, 1, 0, 0, 0, 1, 1, 3, 1, 3, 1, 3, 3, 0, 3, 3, 1, 3, 3, 1, 1, 3, 1, 1, 0, 0, 0, 0, 1, 1, 0, 3, 3], "confidence_scores": [[0.24050440115440122, 0.29600916305916314, 0.20369888167388173, 0.2597875541125541], [0.23846317571317577, 0.2658925962925965, 0.19132034632034645, 0.3043238816738817], [0.32054713619713604, 0.20967604895104916, 0.16403294760794757, 0.3057438672438671], [0.21699264428382073, 0.30585979575979577, 0.20578287268287282, 0.27136468727351104], [0.2733335664335663, 0.3014285714285715, 0.172260101010101, 0.25297776112776116], [0.24044730269730274, 0.3183714230214232, 0.21088567266067268, 0.23029560162060184], [0.31778722111222113, 0.20908212620712638, 0.17411109168609173, 0.299019560994561], [0.24102047119547124, 0.27897438117438117, 0.19128169885669888, 0.288723448773449], [0.18843797313797325, 0.2545284354534356, 0.1949855061605062, 0.3620480852480853], [0.23058133533133546, 0.28172317404817415, 0.19649717782217777, 0.2911983127983128], [0.23347432926550585, 0.25309480519480526, 0.21093911088911085, 0.30249175465057837], [0.2354884199134199, 0.2475686052509584, 0.17382300607888848, 0.3431199687567332], [0.22822210763093131, 0.26268788433788454, 0.21920538905538905, 0.2898846189757955], [0.21224950327450334, 0.29562163228927923, 0.19790189810189826, 0.29422696633431916], [0.23187771950271954, 0.27581683871683865, 0.19758703241203254, 0.2947184093684095], [0.24859109954373135, 0.29200306360306355, 0.18966981518653356, 0.2697360216666717], [0.23235412920412934, 0.2993752136752137, 0.1896565062388593, 0.27861415088179803], [0.30261652791652793, 0.23946021005138657, 0.17772160617160634, 0.2802016558604793], [0.22417256909756925, 0.28227741702741715, 0.1777534854034854, 0.31579652847152834], [0.24639612054612067, 0.258802838827839, 0.2091581945831947, 0.28564284604284607], [0.24518893328893338, 0.28068207903207903, 0.20188042513042512, 0.2722485625485626], [0.26238651152768794, 0.29052381344146067, 0.1923665964754201, 0.2547230785554318], [0.19341903272166444, 0.2988245032745033, 0.20387981433770913, 0.3038766496661237], [0.24615738705738702, 0.27131304806304807, 0.20183674658674675, 0.2806928182928184], [0.2594190143190144, 0.2756487373737374, 0.21917471972471966, 0.24575752858252858], [0.21979660894660893, 0.2903477289050819, 0.2076750848824379, 0.28218057726587137], [0.2859822455322455, 0.26096795981796, 0.19484758019758025, 0.25820221445221453], [0.24590601898101908, 0.2768809634809635, 0.1855504986843223, 0.29166251885369526], [0.22470945165945191, 0.2857994449994451, 0.22643978243978244, 0.26305132090132105], [0.23716530691530696, 0.28006672216672224, 0.18484119491619494, 0.29792677600177625], [0.2714471805971808, 0.3327208180708182, 0.12849472749472757, 0.2673372738372738], [0.26592412864912884, 0.3168271796830619, 0.15668525396172456, 0.26056343770608487], [0.30343746808746813, 0.26420152902652916, 0.1707045343545344, 0.26165646853146873], [0.24981375291375305, 0.29479258519258517, 0.18250955155955162, 0.27288411033411053], [0.27254352869352855, 0.31094770229770236, 0.1867625188536955, 0.22974625015507377], [0.2543036158286161, 0.2736597624597624, 0.18471004273504277, 0.28732657897657865], [0.26546371406371394, 0.24901378066378074, 0.19965954045954046, 0.2858629648129647], [0.2199649905649906, 0.26063776223776236, 0.2042676295926296, 0.3151296176046177], [0.21558229270729273, 0.30186687756687786, 0.25587027694527714, 0.2266805527805527], [0.27130240870240874, 0.2659624736374738, 0.177992490842491, 0.28474262681762696], [0.22798761238761253, 0.2845896964146968, 0.18302437644055305, 0.30439831475713836], [0.2525983738483739, 0.2946353230103231, 0.1550579476079477, 0.2977083555333558], [0.250580821955822, 0.27415656288156287, 0.20149472749472763, 0.2737678876678876], [0.24738325285825294, 0.2486415584415586, 0.1922094072594072, 0.31176578144078143], [0.2793109057609059, 0.2686328005328005, 0.17132859917859933, 0.2807276945276943], [0.22776611721611725, 0.2886097125097126, 0.2183145410145412, 0.2653096292596293], [0.29149633422133436, 0.2503518287268289, 0.19943409368409376, 0.25871774336774345], [0.22390463980463987, 0.2972704684204685, 0.2015874153624155, 0.2772374764124767], [0.2636567071817072, 0.28353759018759034, 0.1986821872571872, 0.2541235153735154], [0.2699434565434566, 0.27279829892329893, 0.1749955211455213, 0.28226272338772346], [0.23604385059385072, 0.30589672272172275, 0.15956729936729944, 0.29849212731712754], [0.29907113997114, 0.2635313908313909, 0.16787768538650896, 0.2695197838109604], [0.2672214590964592, 0.3350179301091067, 0.15115416250416258, 0.2466064482902719], [0.33372502334267035, 0.2446592685092686, 0.13572993672993672, 0.28588577141812455], [0.25649826284826305, 0.2708710178710179, 0.20087440892440897, 0.2717563103563104], [0.22114766899766908, 0.24597635697635717, 0.23856479517214824, 0.29431117885382596], [0.25378704236939553, 0.29446351867087156, 0.1879074548001019, 0.2638419841596313], [0.2475048840048841, 0.2754067155067156, 0.20417324897324912, 0.27291515151515167], [0.29359638899112606, 0.23370235042735055, 0.19914540737040745, 0.2735558532111165], [0.2827574814074814, 0.25850249195249214, 0.17667757797757813, 0.2820624486624486], [0.25331289996553175, 0.25425195360195374, 0.1741313885804598, 0.31830375785205495], [0.24019990009990017, 0.23555258075258093, 0.21313626373626374, 0.3111112554112554], [0.2493249361749362, 0.2714587801087802, 0.18256081696081697, 0.296655466755467], [0.33105024624498297, 0.223852084027084, 0.16656541236541247, 0.27853225736252063], [0.2714018584356819, 0.31871126928626925, 0.1643402042402043, 0.24554666803784456], [0.2716792957042957, 0.2788854034854036, 0.17456638916638928, 0.27486891164391164], [0.23525134310134332, 0.3163542152292153, 0.17535972524207818, 0.2730347164273636], [0.22327188016661706, 0.3054669968919968, 0.17839253246753264, 0.2928685904738536], [0.2538842796092799, 0.2874192945942944, 0.19651273726273735, 0.2621836885336886], [0.26931799115916777, 0.2689156981906984, 0.20505496725496727, 0.25671134339516694], [0.2646452186702187, 0.265304908979909, 0.17116406926406932, 0.29888580308580304], [0.24079437784437804, 0.3197746031746031, 0.18959619824619836, 0.24983482073482083], [0.20708000888000905, 0.27416467976467973, 0.20976217279452586, 0.30899313856078553], [0.3151827283827283, 0.23868822011322027, 0.1652598623598624, 0.28086918914418907], [0.2877141913641916, 0.30794203378321017, 0.15480293040293044, 0.24954084444966804], [0.2345850899100902, 0.2893591852591852, 0.19966653624153627, 0.27638918858918876], [0.2926886446886448, 0.25886658064158075, 0.1838446303696304, 0.26460014430014445], [0.2542220751470753, 0.2943775510437275, 0.1773781468531468, 0.2740222269560507], [0.2922075702075703, 0.2847222249972251, 0.17513250997368654, 0.24793769482151845], [0.3340065656565658, 0.27461116106116135, 0.17350615495615504, 0.2178761183261185], [0.20751465005582662, 0.2956850760350762, 0.22167506382506388, 0.2751252100840337], [0.22659895659895665, 0.2746690448440448, 0.20632363192363207, 0.29240836663336667], [0.2742282911532912, 0.28352190064837124, 0.17350451770451772, 0.26874529049382], [0.23655594960594964, 0.2762114663114663, 0.190969796869797, 0.2962627872127873], [0.2168682893130262, 0.2600646936396937, 0.26746858419358416, 0.25559843285369616], [0.3239901312739548, 0.27500320790320787, 0.1465402597402599, 0.25446640108257773], [0.2527105838605839, 0.28966751581751604, 0.2050004995004996, 0.25262140082140105], [0.24292362914862925, 0.3007886696636698, 0.1926219946719947, 0.26366570651570653], [0.20891259655377306, 0.24031975246975262, 0.19765995311877682, 0.3531076978576978], [0.215809620934621, 0.3234205322455322, 0.19047107614607622, 0.27029877067377084], [0.19504950768186086, 0.2620691364191365, 0.22275263462028178, 0.3201287212787212], [0.21158091630591638, 0.278011038961039, 0.24148906926406935, 0.26891897546897564], [0.22628734023114824, 0.2710940892440892, 0.19462173557436727, 0.3079968349503956], [0.2571786138697905, 0.2974721037132803, 0.17729089521589533, 0.2680583872010343], [0.28155801143301146, 0.2878712565212565, 0.1801400072150073, 0.25043072483072487], [0.2694060966810968, 0.24550126817626838, 0.22420927960927967, 0.2608833555333557], [0.2777541494453259, 0.27774013209013204, 0.17569178599178606, 0.2688139324727561], [0.296213394938395, 0.2550051531801533, 0.190377503052503, 0.258403948828949], [0.22857012987012984, 0.25439254079254087, 0.2044453241203242, 0.3125920052170054], [0.23973084620058313, 0.30970739260739266, 0.22097098179598193, 0.22959077939604255], [0.20859879646497315, 0.27162407429172153, 0.16852664084281735, 0.35125048840048856], [0.2980620546120547, 0.2460204546915074, 0.2022556081345556, 0.2536618825618827], [0.2207605644355645, 0.29992434232434234, 0.2032952527864294, 0.27601984045366396], [0.22867444426918127, 0.26491973581973594, 0.19704572649572663, 0.3093600934153566], [0.3395522144522143, 0.26793157757275415, 0.15777140278022633, 0.2347448051948054], [0.2841262404262404, 0.2773310744810744, 0.18414520479520483, 0.25439748029748044], [0.23018497221732526, 0.290172409453292, 0.18816179637356106, 0.2914808219558221], [0.21856179376179397, 0.25822211252799493, 0.22787129406541198, 0.29534479964479965], [0.19732578287725352, 0.2824896924970454, 0.21098935231435245, 0.30919517231134863], [0.28280396608895064, 0.28027267177267184, 0.1725433880189299, 0.26437997411944786], [0.19884766549240246, 0.2799162670662671, 0.24230243090243103, 0.2789336365388997], [0.2939827866577867, 0.2685948995448997, 0.1825993672993673, 0.2548229464979467], [0.3027285178873414, 0.2394614699026464, 0.1787511266511267, 0.27905888555888547], [0.28223585858585876, 0.2794439782439783, 0.17620927569162867, 0.2621108874785346], [0.19317584245819547, 0.28157607245695493, 0.2503340879708527, 0.274913997113997], [0.2187688894438896, 0.308538961038961, 0.20803022255522272, 0.26466192696192703], [0.19760147352647356, 0.2578711288711289, 0.22174527972027971, 0.3227821178821179], [0.25872203548085926, 0.3056785444947208, 0.19354790487290494, 0.24205151515151527], [0.22795627150627162, 0.28041409146409146, 0.18041127483627492, 0.3112183621933622], [0.22902068209568216, 0.31136162024250263, 0.19461851351263124, 0.2649991841491843], [0.21304128453246118, 0.25032411477411487, 0.20997284578166944, 0.3266617549117548], [0.21949496234759408, 0.26652867965367993, 0.20899219566982724, 0.3049841623288991], [0.32580237540237533, 0.30713196835843914, 0.13048643023643036, 0.2365792260027554], [0.2382781107781108, 0.2699536075036076, 0.18721259851259858, 0.3045556832056832], [0.2643529165279167, 0.255739339255516, 0.17533047508047508, 0.304577269136093], [0.22589232258969108, 0.2800229244611599, 0.2354516248457425, 0.25863312810340683], [0.20633048422166075, 0.25870560273060267, 0.21403010600510625, 0.3209338070426306], [0.22683633033633052, 0.25153898356545434, 0.20483677988677995, 0.31678790621143577], [0.2589679950768188, 0.32162440696558353, 0.16954229104229102, 0.24986530691530706], [0.26218338883338893, 0.2684689282939283, 0.23321694694194714, 0.23613073593073608], [0.20770843857724677, 0.28718531191031194, 0.20496627910273435, 0.30013997040970725], [0.23666962481962495, 0.3095042651792653, 0.16358860747096052, 0.29023750253014957], [0.27426708487590856, 0.27608188478188517, 0.17729370596723543, 0.27235732437497134], [0.3790957153957152, 0.22112590742590746, 0.13749971139971146, 0.2622786657786658], [0.3676475690975691, 0.2868379187805659, 0.11650090742590746, 0.2290136046959578], [0.32970377955377955, 0.2789703907203907, 0.15341082251082255, 0.2379150072150073], [0.3091739371739372, 0.21650482850482858, 0.17848392326627624, 0.29583731105495825], [0.2741412476412478, 0.30051027306027317, 0.15346205461205478, 0.2718864246864246], [0.22828355533355552, 0.30925491534609173, 0.18789245395127757, 0.27456907536907543], [0.29976762404262414, 0.2778071650571651, 0.15232749472749485, 0.2700977161727161], [0.2826861749361747, 0.24574610781375497, 0.17518823953823962, 0.29637947771183065], [0.22348613608613618, 0.2762179606341371, 0.22014865412365414, 0.28014724915607275]]}, "rewritten": {"ids": ["97105760", "97111790", "97116790", "97116800", "98106680", "98107380", "98109570", "98112300", "98116500", "99107300", "99107500", "99107560", "99108000", "99108010", "99108080", "99108890", "99109161", "99110050", "99116500", "100117420", "101109000", "101109370", "101114020", "101114990", "101116130", "101119591", "102107961", "102109850", "102110050", "102112030", "103110050", "103110220", "103110840", "103112470", "103113260", "103113270", "103118110", "103120340", "103120780", "104109311", "104110960", "104111550", "104111620", "104111780", "104114230", "105112100", "105113170", "105113330", "105113480", "105115250", "105115570", "105115720", "105116441", "105116860", "105118230", "106111321", "106115250", "106118161", "107112850", "107113170", "107114140", "107114780", "107114950", "107116501", "107117010", "107118120", "107119130", "107119390", "107120260", "107120880", "107121540", "108113480", "108113700", "108114270", "108114360", "108114670", "108115970", "108117720", "108118060", "108118520", "108119550", "108120260", "108120280", "108120700", "109113281", "109113881", "109114270", "109114651", "109117600", "109118231", "109120540", "109120560", "109121351", "110113591", "110113931", "110114561", "110114610", "110114651", "110114720", "110114920", "110117110", "110117140", "110117500", "110118161", "110118301", "110118450", "110118701", "110120700", "110121140", "111116640", "111117000", "111118820", "111118910", "111119150", "111119580", "111121190", "111121220", "111121410", "111121930", "112116501", "112116540", "112116880", "112116900", "112117210", "112117471", "112117790", "112118550", "112118581", "112118880", "112119450", "113117550", "113118111", "113118511", "113118620", "113118690", "113118820", "113120280", "113120531", "113121010", "113121220", "113122320", "113122650"], "labels": [0, 2, 2, 0, 1, 1, 1, 2, 2, 3, 0, 1, 2, 2, 3, 0, 3, 3, 2, 2, 1, 1, 3, 3, 2, 0, 3, 1, 3, 2, 3, 2, 1, 1, 3, 2, 2, 1, 1, 3, 2, 1, 0, 3, 2, 1, 0, 3, 0, 2, 0, 1, 1, 2, 1, 0, 2, 3, 1, 0, 2, 2, 3, 1, 1, 3, 1, 2, 1, 1, 2, 0, 0, 3, 1, 3, 2, 1, 1, 0, 1, 1, 3, 2, 0, 0, 3, 3, 1, 1, 1, 1, 0, 0, 1, 0, 1, 3, 3, 3, 0, 3, 1, 0, 1, 0, 3, 2, 3, 0, 0, 0, 0, 3, 3, 1, 3, 0, 1, 3, 1, 0, 3, 1, 3, 3, 3, 1, 1, 3, 3, 1, 1, 3, 3, 0, 0, 0, 2, 3, 1, 2], "predicted_labels": [1, 0, 0, 0, 1, 0, 1, 0, 0, 0, 1, 1, 1, 1, 0, 0, 0, 0, 3, 3, 3, 3, 3, 3, 3, 1, 0, 3, 3, 1, 3, 3, 1, 3, 1, 3, 3, 3, 3, 3, 3, 1, 0, 1, 3, 3, 3, 3, 3, 3, 1, 3, 1, 3, 1, 1, 1, 0, 1, 0, 3, 1, 3, 0, 3, 1, 1, 1, 3, 1, 3, 3, 3, 1, 3, 1, 3, 3, 3, 1, 3, 1, 0, 0, 0, 1, 3, 3, 3, 1, 3, 3, 3, 0, 3, 0, 3, 3, 1, 1, 1, 3, 3, 1, 0, 3, 1, 3, 0, 1, 3, 0, 3, 3, 0, 3, 1, 1, 3, 1, 3, 3, 1, 3, 3, 3, 1, 3, 1, 0, 3, 1, 1, 3, 3, 0, 3, 3, 3, 3, 3, 3], "confidence_scores": [[0.30109453879453885, 0.31346854811854813, 0.1380206848706849, 0.24741622821622825], [0.26783857808857814, 0.2676827616827618, 0.2109438561438562, 0.2535348040848041], [0.2698762154512155, 0.23726165223665244, 0.2409543900543901, 0.2519077422577425], [0.3185163225663227, 0.2888058497058498, 0.16605132922632937, 0.22662649850149857], [0.22048948273948274, 0.2988283830548536, 0.20486954516072167, 0.275812589044942], [0.2870113200524966, 0.2629391089131028, 0.18899677611690005, 0.26105279491750094], [0.25671475109857483, 0.3238101073762837, 0.1755499888999889, 0.24392515262515282], [0.32766158008657986, 0.2409174603174604, 0.16340722969840607, 0.26801372989755345], [0.3147883172383173, 0.24389274059274074, 0.17956449106449116, 0.2617544511044512], [0.2684368374315745, 0.256473953823954, 0.22170464812964832, 0.25338456061482395], [0.23775010267510283, 0.3228052031302031, 0.1645884643134644, 0.27485622988123], [0.24247495004995015, 0.3002178182928183, 0.19574164724164728, 0.2615655844155844], [0.21837820512820527, 0.32441404983904976, 0.1809468586968588, 0.2762608863358863], [0.2447906898656898, 0.3284737984237985, 0.17409569042069048, 0.2526398212898213], [0.2798312163326868, 0.26174042509777806, 0.2160669802419804, 0.24236137832755486], [0.3090237817737819, 0.254853046953047, 0.18873098568098587, 0.24739218559218581], [0.3027192307692308, 0.27944373959373975, 0.18101877566877578, 0.23681825396825407], [0.2838820643408878, 0.2515735026411498, 0.19136348096348108, 0.27318095205448134], [0.23864873664347339, 0.2666785797535796, 0.2084105755355757, 0.2862621080673713], [0.25775185370185394, 0.2672263958263958, 0.1872693029193031, 0.28775244755244755], [0.2516401154401155, 0.2504305555555556, 0.21886312298812288, 0.2790662060162062], [0.23436480741480745, 0.25795130147630163, 0.2378387307137307, 0.26984516039516043], [0.23265178155178165, 0.27804218363336014, 0.17250522728905093, 0.3168008075258076], [0.27244015984015985, 0.24150154012654024, 0.19725468975468988, 0.2888036102786103], [0.23401715784215785, 0.26201381118881134, 0.19127271780507077, 0.3126963131639602], [0.2704649794649796, 0.2799850982350984, 0.18050313575313584, 0.2690467865467866], [0.2975156704406705, 0.2602980685980688, 0.16324148237383537, 0.2789447785874257], [0.22383848651348665, 0.2568088106338109, 0.2359509740259742, 0.2834017288267288], [0.2730089577089579, 0.23992400377400386, 0.2115261682761683, 0.2755408702408704], [0.26462158397158414, 0.26878212898212905, 0.20674973914973915, 0.2598465478965481], [0.24534867909867925, 0.2574608169608171, 0.23706614496614517, 0.26012435897435915], [0.2269783771783773, 0.24904279331779355, 0.18715891885891897, 0.3368199106449107], [0.23697845210345211, 0.3024951381951383, 0.17203325563325575, 0.28849315406815407], [0.23363007548007558, 0.2588750399926871, 0.21953183842301502, 0.28796304610422285], [0.22943097735597742, 0.28939198579198583, 0.19233453768453776, 0.28884249916749927], [0.16541677766677776, 0.29462726717726717, 0.21626321178821187, 0.3236927433677433], [0.2551295454545455, 0.25052818292818313, 0.21199404370139666, 0.282348227915875], [0.23511900321900336, 0.23784883449883454, 0.20956391941391952, 0.31746824286824266], [0.2253352941176471, 0.2525556776556778, 0.20848827675592385, 0.31362075147075147], [0.25274057054057064, 0.27223817848817855, 0.16759870684870695, 0.30742254412254405], [0.21850988660462353, 0.24532464757464792, 0.23131657786657783, 0.30484888795415094], [0.23204305416805426, 0.31700449272949255, 0.19816641414141414, 0.252786038961039], [0.44306042291042286, 0.30328257298257316, 0.0661428626928627, 0.18751414141414138], [0.2565486291486293, 0.29339664779664787, 0.18082744477744483, 0.2692272782772782], [0.23654040681540692, 0.2707327505827505, 0.20598467920967928, 0.28674216339216335], [0.26503244647509366, 0.2401526212349743, 0.2118580808080809, 0.2829568514818514], [0.20721502109002118, 0.28736732989233016, 0.20695628815628825, 0.2984613608613608], [0.23818611111111102, 0.2767546897546898, 0.17967716450216456, 0.30538203463203467], [0.22502839937839944, 0.27542592407592414, 0.21487673160173174, 0.284668944943945], [0.2225787601287603, 0.2649416389166391, 0.1834586274836275, 0.3290209734709736], [0.20332839660339658, 0.27750324120324127, 0.24862098179598183, 0.27054738039738063], [0.23572526525761828, 0.2782799839049841, 0.19821746031746051, 0.28777729051993756], [0.24787165644812717, 0.3133099833173363, 0.15610067155067162, 0.28271768868386515], [0.2221208291708292, 0.2576400060723591, 0.2283166072489601, 0.29192255750785173], [0.2138806118717885, 0.3231947758124231, 0.20934152318269986, 0.2535830891330893], [0.23233321123321124, 0.2976013902763903, 0.20534232156732168, 0.264723076923077], [0.2092003330003331, 0.35739172771672767, 0.19811037296037287, 0.2352975663225664], [0.32825783660783664, 0.2886835228496993, 0.1570897732985968, 0.22596886724386742], [0.21257772782772794, 0.29714536852036866, 0.2237605180766947, 0.2665163855752092], [0.2889065121153355, 0.25687421467421484, 0.16849722858840513, 0.2857220446220446], [0.2168339521589524, 0.24258092740592757, 0.24321719391719396, 0.29736792651792643], [0.23702469752469768, 0.30107700355200356, 0.1837264374514376, 0.2781718614718615], [0.2566987401487403, 0.22606220054455362, 0.20683460983460986, 0.31040444947209667], [0.28364698912198927, 0.26954447219447225, 0.1919471944721945, 0.2548613442113443], [0.242747632922633, 0.28040062160062157, 0.1953903596403597, 0.28146138583638575], [0.24146945276945284, 0.28117131479631474, 0.21212427572427575, 0.2652349567099569], [0.25604526584526605, 0.2778637973137974, 0.195293095793096, 0.27079784104784105], [0.23265804750804758, 0.291467318792319, 0.21882130924630935, 0.25705332445332446], [0.21557528027528028, 0.2388773254523257, 0.19243120294737948, 0.35311619132501476], [0.19925264620999927, 0.3310731934731934, 0.1877294550221021, 0.2819447052947054], [0.1745369630369632, 0.28907767232767223, 0.21134702242202244, 0.3250383422133423], [0.2336417693417695, 0.2621942723942723, 0.1991151475975007, 0.3050488106664578], [0.22831818181818195, 0.2789095904095905, 0.18169735264735265, 0.3110748751248751], [0.24875173437673448, 0.32201284271284264, 0.1667509229332759, 0.2624844999771472], [0.23530587468087474, 0.2855231601731604, 0.17447854090354095, 0.30469242424242404], [0.27394567099567113, 0.30372348484848494, 0.1784827783327784, 0.2438480658230659], [0.2344288322788324, 0.2753994338994341, 0.19039379509379514, 0.29977793872793856], [0.27993556998557, 0.2598108130431661, 0.16734019999608246, 0.2929134169751816], [0.24772121489621504, 0.2530571928071929, 0.20631160783660804, 0.2929099844599846], [0.2634110631198866, 0.2968461677211678, 0.19531224608724615, 0.24443052307169963], [0.21965088604206248, 0.23549706404706422, 0.20159276475158844, 0.3432592851592851], [0.24165106960463004, 0.2871254911754913, 0.20098668553668572, 0.2702367536831933], [0.29995854423354434, 0.2527397796647798, 0.19422347097347112, 0.2530782051282053], [0.3258242582580819, 0.2766436463862936, 0.15185404595404603, 0.24567804940157892], [0.2936215895215895, 0.24525511155511165, 0.17944045007280313, 0.28168284885049605], [0.27476494338994334, 0.30522579087579105, 0.1782619491619493, 0.2417473165723167], [0.27039454711954686, 0.28098404928404924, 0.15523938283938285, 0.2933820207570207], [0.2554742174492175, 0.26853724886224895, 0.18635952103452114, 0.28962901265401275], [0.2235522588522589, 0.2622975135975137, 0.22602820512820523, 0.2881220224220226], [0.273999322899323, 0.28529238816738817, 0.1851994588744589, 0.25550883005882996], [0.22470870240870247, 0.25374201354201364, 0.18021115551115563, 0.3413381285381287], [0.26403492618492636, 0.26380657675657687, 0.1764979686979687, 0.29566052836052836], [0.2627883172383173, 0.24577286047286073, 0.220492873792874, 0.27094594849594833], [0.30914732489732505, 0.2541296703296705, 0.1686238816738818, 0.26809912309912315], [0.2634281884781885, 0.2658933899433901, 0.1767023088023089, 0.29397611277611274], [0.27628953546453544, 0.25663026973026987, 0.20103330280830298, 0.26604689199689213], [0.22040204240204261, 0.2787758411523118, 0.20619226606726607, 0.29462985037838], [0.29320398131280495, 0.23548125012242674, 0.17593457098457096, 0.2953801975801975], [0.21587678432678445, 0.31877686480186507, 0.2154246087246087, 0.24992174214674204], [0.23066038406038408, 0.2980126762126765, 0.21362879342879357, 0.25769814629814647], [0.2550405594405596, 0.330098706848707, 0.1764648962148964, 0.23839583749583768], [0.2629225524475526, 0.28423581696081707, 0.1660084582084582, 0.28683317238317246], [0.22118669108669126, 0.28508363858363855, 0.2041151653901655, 0.289614504939505], [0.27803438505938505, 0.30057829556064874, 0.152760434010434, 0.2686268853695324], [0.29053608613608606, 0.24862559662559672, 0.2158616383616384, 0.24497667887667898], [0.25797417141681844, 0.2756783633033635, 0.16951842601842612, 0.2968290392613922], [0.2394419830169831, 0.32222686757686747, 0.16298450520068178, 0.27534664420546784], [0.24983434539316887, 0.23277949550449575, 0.21980585248085263, 0.29758030662148327], [0.28064486624486634, 0.2780555917766446, 0.18586086953981704, 0.2554386724386725], [0.23020164280164299, 0.28379602064602055, 0.2225764624264626, 0.2634258741258742], [0.2184064269064272, 0.27553449605949615, 0.2166872136033902, 0.28937186343068705], [0.2828418026418028, 0.2807344322344324, 0.1925492840492841, 0.24387448107448115], [0.21701916416916425, 0.28727733100233116, 0.19591756854256864, 0.2997859362859363], [0.23372086802086808, 0.2747238261738263, 0.18727873041990697, 0.30427657538539904], [0.3051606421356423, 0.2693434593184593, 0.16660432345432347, 0.2588915750915752], [0.24122293817293838, 0.26032622377622383, 0.2085282126370363, 0.28992262541380187], [0.23877130092130117, 0.3220813714063716, 0.17784575587810886, 0.261301571794219], [0.23871865911865928, 0.3032898545898544, 0.20148830336330337, 0.2565031829281831], [0.24102433131024467, 0.2622258519258521, 0.18775042735042738, 0.3089993894134762], [0.2717171487009722, 0.28818343878343883, 0.1896349483849485, 0.2504644641306407], [0.2534395104895105, 0.27045811688311705, 0.20324453601953607, 0.27285783660783675], [0.22642736152736165, 0.26927985625485634, 0.20162086802086818, 0.3026719141969142], [0.2657936860525096, 0.30001359196359184, 0.17810276390276392, 0.25608995808113455], [0.21299347319347325, 0.2624968031968032, 0.21527241647241654, 0.30923730713730707], [0.2497739260739261, 0.25112007992008, 0.16726204351204363, 0.3318439504939505], [0.2951481518481518, 0.24665838328338338, 0.14971756021756025, 0.30847590465090463], [0.24072692862692874, 0.2730429070929073, 0.21923288378288366, 0.26699728049728055], [0.23788811188811193, 0.2634913808413809, 0.16804380064380078, 0.3305767066267067], [0.24854432234432247, 0.3009224275724277, 0.18913799811299828, 0.26139525197025204], [0.30181386668886667, 0.274841738816739, 0.1726257298257298, 0.25071866466866466], [0.19456867021867036, 0.2605279109779112, 0.18723399933399934, 0.3576694194694196], [0.22576148769531132, 0.3173172466422467, 0.17484743867243877, 0.28207382699000355], [0.25454219391719407, 0.2893690254190252, 0.1768164724164726, 0.2792723082473082], [0.22761419332301705, 0.281210411810412, 0.20468737928737937, 0.28648801557919223], [0.1939809662559663, 0.27104482739482744, 0.20327304639804653, 0.33170115995116], [0.31181153764536124, 0.2750779581529584, 0.18724664502164515, 0.22586385918003568], [0.29821984959484954, 0.21126442446442462, 0.19009063436563436, 0.30042509157509156], [0.2578862359862361, 0.27854860139860144, 0.16658417138417145, 0.2969809912309913], [0.2295795870795873, 0.2774610972360973, 0.21306901154401148, 0.27989030414030425], [0.2684319125319126, 0.27596820956820955, 0.1607795815295816, 0.2948202963702964], [0.21913759018759033, 0.2585653266667974, 0.21326022115139762, 0.30903686199421515], [0.2345622322122323, 0.25198654401154424, 0.24012928182928192, 0.27332194194694226]]}}