{"test": {"ids": ["101108460", "107114280", "97106600", "113120601", "98111860", "98110230", "109116930", "98120010", "102107961", "112118860", "110115890", "112118471", "109121410", "112118880", "109119450", "107113200", "112116501", "103109021", "103118110", "106113190", "102109850", "105119550", "99114890", "108113620", "107120260", "105115720", "106118520", "110114950", "107117010", "103117200", "112118161", "112121030", "97116410", "113118630", "110118810", "98112170", "110115980", "108118810", "98107380", "108120280", "113119950", "111114941", "97108520", "107119130", "101110740", "111117120", "107113840", "106116441", "97106970", "106114321", "99109780", "113119320", "105113480", "99107300", "99111340", "109121351", "113122150", "113122650", "101111620", "113120591", "112118930", "110115250", "109116750", "113118620", "105113440", "111116990", "108115870", "113121980", "101109000", "107113180", "105110091", "106114011", "97109080", "100108580", "105113260", "113119930", "107120880", "99110050", "107119390", "102110500", "109113931", "111117000", "110121450", "105117200", "107116340", "100109980", "102108621", "97116790", "113121950", "113122510", "113117401", "100108080", "112116640", "112116880", "107114950", "98108520", "108120260", "103110050", "103113610", "101108290", "98107410", "108120621", "101112160", "104111780", "97105580", "98119591", "103111620", "105113210", "106112770", "111116170", "99110730", "113119120", "102112301", "108114360", "104114240", "104111990", "99107500", "99107560", "97106000", "97106820", "100107920", "108118060", "107120010", "111116750", "108113760", "107114490", "109115220", "98108150", "113117340", "107114110", "107114621", "112118701", "111119930", "98113881", "100109910", "111119340", "109118701", "105110251", "109118231", "108118301", "111115400", "113119360"], "labels": [0, 3, 3, 2, 0, 3, 0, 2, 3, 3, 2, 1, 0, 1, 3, 0, 3, 0, 2, 0, 1, 1, 2, 3, 1, 1, 2, 0, 1, 0, 0, 0, 3, 3, 1, 3, 1, 1, 1, 3, 0, 0, 2, 1, 3, 2, 3, 0, 2, 2, 2, 1, 0, 3, 1, 0, 2, 2, 3, 0, 1, 1, 0, 3, 0, 0, 3, 2, 1, 3, 0, 1, 2, 0, 3, 1, 1, 3, 2, 3, 1, 0, 3, 3, 3, 1, 3, 2, 3, 2, 3, 0, 0, 0, 3, 2, 1, 3, 2, 0, 3, 1, 3, 3, 1, 1, 0, 3, 1, 0, 3, 3, 1, 1, 0, 2, 0, 1, 0, 1, 0, 1, 1, 3, 1, 3, 3, 0, 2, 1, 0, 0, 1, 3, 2, 3, 3, 0, 1, 1, 0, 0], "predicted_labels": [1, 1, 2, 1, 1, 3, 0, 1, 3, 1, 1, 3, 1, 3, 3, 3, 3, 0, 3, 3, 1, 1, 1, 1, 1, 1, 1, 3, 3, 3, 1, 0, 3, 3, 3, 3, 1, 3, 3, 0, 0, 3, 1, 1, 1, 1, 1, 1, 1, 0, 1, 3, 1, 1, 1, 3, 1, 3, 3, 3, 3, 1, 1, 3, 3, 3, 3, 3, 1, 2, 1, 1, 1, 2, 1, 3, 3, 3, 1, 0, 3, 1, 3, 3, 1, 1, 0, 3, 3, 1, 1, 1, 1, 1, 3, 1, 1, 1, 3, 3, 3, 3, 3, 1, 1, 1, 1, 3, 3, 1, 1, 3, 1, 1, 0, 1, 1, 1, 1, 3, 3, 1, 1, 3, 0, 3, 3, 1, 1, 3, 1, 3, 3, 1, 2, 3, 1, 3, 1, 1, 1, 1], "confidence_scores": [[0.22901824841824847, 0.28026459651459673, 0.216444721944722, 0.2742724331224333], [0.23060367965367976, 0.3697637640137642, 0.15971731046731052, 0.239915245865246], [0.17073694083694088, 0.24998294320059047, 0.2942690531690532, 0.2850110627934159], [0.22161934176934175, 0.29013369408369416, 0.22947647352647366, 0.25877049062049085], [0.19538906926406938, 0.2952867521367522, 0.26778514541014564, 0.24153903318903316], [0.2712538128538128, 0.26836996891996906, 0.18318008658008658, 0.2771961316461318], [0.29067929847929846, 0.2380587662337663, 0.20786786546786562, 0.2633940698190699], [0.2389968253968256, 0.2705691031191033, 0.2562288100788101, 0.23420526140526135], [0.25570727050727066, 0.24419617604617608, 0.2332146242646244, 0.2668819291819292], [0.2269536685536686, 0.29120000832500836, 0.21337071817071823, 0.2684756049506051], [0.1689093323343325, 0.35038025863025873, 0.20352878787878792, 0.2771816211566213], [0.2524491674991675, 0.27302252016988854, 0.1531275502275503, 0.3214007621033936], [0.23391979131979132, 0.3096458652458653, 0.18612106782106796, 0.2703132756132756], [0.23799696414696422, 0.25618925518925534, 0.2058770149784856, 0.2999367656852952], [0.14192662337662337, 0.31260827505827493, 0.19536834831834832, 0.3500967532467531], [0.2526385947385947, 0.23712728937728952, 0.19826143856143866, 0.31197267732267747], [0.22183943833943834, 0.29897481962481987, 0.17074175269175285, 0.3084439893439894], [0.29492171162171166, 0.2702447552447553, 0.15763359973359983, 0.27719993339993343], [0.23106715506715508, 0.2584325507825509, 0.2318035131535133, 0.27869678099678113], [0.24352032412032426, 0.27628589743589743, 0.18501752136752145, 0.2951762570762571], [0.18126394161394171, 0.31729163059163074, 0.2664076701076702, 0.23503675768675777], [0.2596202630702631, 0.3248718448218449, 0.16999817404817408, 0.24550971805971808], [0.14919271284271293, 0.36376395826395835, 0.25066537906537917, 0.23637794982794988], [0.17272334332334338, 0.34269524642024624, 0.1810290931290932, 0.30355231712731723], [0.22660952380952396, 0.33281926406926426, 0.18771724386724403, 0.2528539682539682], [0.1913017815517816, 0.33141913641913645, 0.18263305028305038, 0.2946460317460317], [0.22620582195582203, 0.3188695249195247, 0.1842025252525253, 0.2707221278721279], [0.2959606338106339, 0.25680670995670996, 0.15109090909090914, 0.29614174714174707], [0.17072462537462557, 0.26624141969141973, 0.23277696747696755, 0.33025698745698745], [0.2839178765678766, 0.2869134421134422, 0.13581736041736045, 0.2933513209013208], [0.2742974580974581, 0.30120894105894114, 0.17114819624819635, 0.2533454045954046], [0.3354686369186369, 0.2376746975246977, 0.1753770895770897, 0.2514795759795761], [0.24564898989898995, 0.25776961371961377, 0.22886482439129507, 0.26771657199010146], [0.25018474858474865, 0.24565679043179045, 0.19615323010323024, 0.308005230880231], [0.21860018870018877, 0.28299444444444455, 0.1973415140415141, 0.30106385281385273], [0.22879800199800207, 0.2877767010767012, 0.19241617826617846, 0.29100911865911866], [0.1911736652236653, 0.3128073593073593, 0.19324920634920636, 0.30276976911976927], [0.23054725829725828, 0.2708130480630481, 0.16424920634920637, 0.33439048729048726], [0.2209233044733045, 0.2596619491619492, 0.23047623487623486, 0.2889385114885116], [0.2961322677322679, 0.22837507770007776, 0.1820875152625154, 0.29340513930513945], [0.28484700577200583, 0.25169938754056403, 0.18741813105195457, 0.27603547563547565], [0.2443444555444557, 0.230755033855034, 0.1855105172605174, 0.33938999333999326], [0.24438858363858385, 0.2766529748029749, 0.2024885614385615, 0.2764698801198802], [0.1900962981462981, 0.3329333916083916, 0.20927770562770565, 0.26769260461760463], [0.21959876234876236, 0.30487637917637933, 0.23773061938061946, 0.23779423909423916], [0.2523676712176713, 0.33655506715506706, 0.14545589410589416, 0.26562136752136756], [0.22820206737706744, 0.326673729048729, 0.19340682095682107, 0.25171738261738263], [0.26527926517926526, 0.3253027278277279, 0.1672264152514153, 0.2421915917415918], [0.20335715395715404, 0.27427507215007224, 0.2611686757686758, 0.26119909812409814], [0.2882175324675324, 0.24666098346098358, 0.17967215562215566, 0.28544932844932863], [0.2457763847263848, 0.32133573648573655, 0.21240678210678232, 0.2204810966810967], [0.2707364635364635, 0.24595116909234566, 0.16018221451750866, 0.3231301528536822], [0.1919681041181041, 0.3076830835830835, 0.21335996780996794, 0.2869888444888446], [0.23311196026196038, 0.34297472527472517, 0.17122664002664004, 0.2526866744366745], [0.20764531024531038, 0.2995530525030524, 0.2642789821289822, 0.22852265512265507], [0.2770392274392275, 0.2725821428571427, 0.16971280663780677, 0.2806658230658232], [0.25139744699744704, 0.2893124098124098, 0.17642626262626265, 0.2828638805638806], [0.1942913419913421, 0.3073559385059386, 0.1720863414363415, 0.3262663780663781], [0.2468948773448775, 0.26779782994782986, 0.18321353646353652, 0.3020937562437562], [0.2648748751248751, 0.27938940781440774, 0.1529405483405485, 0.3027951687201688], [0.24931617826617833, 0.25125358530358544, 0.1484153402153403, 0.35101489621489634], [0.1821193251193251, 0.32141953046953053, 0.21690955155955163, 0.27955159285159287], [0.2344470418470419, 0.3172443306693308, 0.20882768065268079, 0.23948094683094695], [0.25485276390276396, 0.27925116272616285, 0.15509901209901217, 0.3107970612720613], [0.21154082192317494, 0.28737366244866247, 0.21071752691752693, 0.29036798871063585], [0.28396616161616156, 0.2626643154231391, 0.16781555470673123, 0.28555396825396845], [0.20101832611832612, 0.30496535131535124, 0.184860816960817, 0.30915550560550575], [0.20812227217227222, 0.28849849039849035, 0.19194215784215798, 0.31143707958707945], [0.18507628482628496, 0.2885919691419693, 0.24929535464535463, 0.2770363913863916], [0.2105425740925742, 0.2606775058275059, 0.2693320790320792, 0.259447841047841], [0.2060325563325564, 0.2924200521700523, 0.22217682317682333, 0.2793705683205684], [0.25702338217338216, 0.2871065878565878, 0.2098985514485515, 0.24597147852147844], [0.20462248862248872, 0.2910279220779223, 0.23209908979908989, 0.27225049950049945], [0.2563971361971363, 0.2645602991779462, 0.28369333444333455, 0.1953492301815832], [0.25109205516705524, 0.3132594516594515, 0.17422736152736168, 0.2614211316461317], [0.26567521922521936, 0.24543026973026982, 0.19464688644688646, 0.2942476245976245], [0.20603156843156845, 0.2897892496392496, 0.17344826839826855, 0.33073091353091366], [0.19098292263292269, 0.2580349650349652, 0.24980791708291722, 0.3011741952491953], [0.2171155586243822, 0.2845294594294594, 0.27138917553035213, 0.22696580641580658], [0.3233848040848041, 0.20573640803640814, 0.21042549117549117, 0.26045329670329687], [0.22487147297147306, 0.3031860694860697, 0.14371832611832608, 0.32822413142413165], [0.2111051353874884, 0.31151592296592306, 0.19650947940947938, 0.2808694622371094], [0.19299267954267965, 0.29981580086580106, 0.19282191142191157, 0.31436960816960813], [0.21845553335553347, 0.2601626484626486, 0.21002258297258297, 0.31135923520923503], [0.2041477633477635, 0.30635692640692647, 0.19509011544011548, 0.29440519480519467], [0.2627479797979798, 0.2719621434121434, 0.21483973248973262, 0.2504501443001444], [0.33775215340215337, 0.19696955266955268, 0.18578131313131324, 0.27949698079698093], [0.20375059385059394, 0.2585919616331382, 0.26859129400011755, 0.26906615051615057], [0.21380862470862488, 0.2784184315684316, 0.22531639471639486, 0.28245654900654915], [0.19938220113220115, 0.3240678654678653, 0.20496014541014548, 0.27158978798978783], [0.27573325563325574, 0.3044905039405038, 0.16988413253413254, 0.24989210789210797], [0.21341384726384735, 0.33863187923187915, 0.1776351315351316, 0.27031914196914214], [0.23566855366855372, 0.2966013875013875, 0.17950321900321906, 0.2882268398268399], [0.23203501498501516, 0.3234968142968143, 0.18855330780330798, 0.2559148629148631], [0.2882622655122655, 0.22485137085137094, 0.1832741702741704, 0.30361219336219325], [0.2655711843711844, 0.2968932123432124, 0.1882225885225887, 0.24931301476301482], [0.2438597402597404, 0.2892347985347986, 0.18328855588855586, 0.2836169053169053], [0.23865827505827522, 0.3186232323232323, 0.19104668109668108, 0.25167181152181173], [0.23514108669108683, 0.2452033966033966, 0.25416921411921417, 0.26548630258630257], [0.2624331141081141, 0.23732297702297717, 0.2102560855810857, 0.28998782328782335], [0.2531453102453104, 0.25333332778332784, 0.20089786879786886, 0.2926234931734932], [0.2490502164502166, 0.22802113997114012, 0.19004170274170282, 0.33288694083694065], [0.2214518426018427, 0.2570010878010879, 0.250798223998224, 0.27074884559884566], [0.24684450549450557, 0.2892436285936285, 0.18330425685425691, 0.2806076090576092], [0.25902915417915423, 0.2844703463203464, 0.19050723165723163, 0.26599326784326793], [0.25856748251748257, 0.3034790931290933, 0.21162914862914875, 0.22632427572427577], [0.2163928848928849, 0.3266051226551226, 0.2297584970584972, 0.22724349539349553], [0.27588337773337757, 0.24116158286158296, 0.1663522366522368, 0.3166028027528029], [0.2118648351648352, 0.2626386557886559, 0.2547491397491399, 0.27074736929736953], [0.21218780663780662, 0.3115131701631702, 0.16964898989899002, 0.30665003330003315], [0.23352342657342667, 0.29858668831168855, 0.22212757797757804, 0.24576230713730715], [0.26510440115440115, 0.23601810966810968, 0.1792659451659453, 0.3196115440115439], [0.22129307359307362, 0.2649860528360529, 0.25986788766788776, 0.253852985902986], [0.19902536907536925, 0.30321157731157733, 0.24311759906759906, 0.2546454545454547], [0.2755687534687536, 0.272987950937951, 0.21114448884448891, 0.24029880674880696], [0.2840621073371074, 0.30236845099345094, 0.17843065268065272, 0.23513878898878898], [0.15204142132377435, 0.3306954822954823, 0.2194478299478299, 0.29781526643291356], [0.21473591408591403, 0.2922698412698414, 0.23320612720612727, 0.2597881174381174], [0.1901791097791099, 0.28350400155400163, 0.25185983460983463, 0.27445705405705406], [0.2474575813075815, 0.2447742868242868, 0.2053351925851925, 0.3024329392829395], [0.20219702797202807, 0.2823427322677322, 0.181144782994783, 0.3343154567654569], [0.25172499225920286, 0.3011680097680099, 0.16924941140730623, 0.27785758656548143], [0.2143902930402931, 0.2946481851481851, 0.24548158508158524, 0.2454799367299367], [0.3124358585858587, 0.2016879231879234, 0.1641607392607393, 0.32171547896547886], [0.2880548451548453, 0.24761240981241, 0.20252659007659013, 0.2618061549561551], [0.20059172494172503, 0.2815474775224776, 0.19020461760461774, 0.3276561799311801], [0.2269176934176934, 0.25525387390387394, 0.16938687423687443, 0.3484415584415585], [0.20341666666666666, 0.33702900987900997, 0.1965680375180376, 0.26298628593628587], [0.20792948162948177, 0.3068046897546899, 0.21334190254190258, 0.2719239260739261], [0.22376335886335896, 0.23051666111666128, 0.2022826173826175, 0.34343736263736274], [0.2515103230103231, 0.26917808857808867, 0.21471243756243763, 0.2645991508491509], [0.2080776334776336, 0.30081034521034516, 0.17099580974580983, 0.3201162115662115], [0.2548164835164837, 0.25520146520146525, 0.20151644466644472, 0.2884656066156066], [0.24736257631257633, 0.29655636585636586, 0.2334329725829727, 0.22264808524808524], [0.23434264127685175, 0.24640636389754061, 0.2917740664907849, 0.22747692833482325], [0.2585389221889224, 0.26892903762903797, 0.17489713342213345, 0.29763490675990695], [0.2025794372294373, 0.29842352647352666, 0.2078071872571873, 0.29118984903984896], [0.23015246142746149, 0.2666278416028416, 0.1805255411255412, 0.3226941558441559], [0.24258179043179054, 0.3152836247086247, 0.17419195804195817, 0.26794262681762676], [0.2588329725829726, 0.2905477633477633, 0.1700940836940837, 0.2805251803751806], [0.2677240703740704, 0.27224782439782447, 0.2027981573981574, 0.257229947829948], [0.261207353757354, 0.2918513764013764, 0.1698091186591188, 0.27713215118215134]]}, "rewritten": {"ids": ["97105580", "97106000", "97106600", "97106820", "97106970", "97108520", "97109080", "97116410", "97116790", "98107380", "98107410", "98108150", "98108520", "98110230", "98111860", "98112170", "98113881", "98119591", "98120010", "99107300", "99107500", "99107560", "99109780", "99110050", "99110730", "99111340", "99114890", "100107920", "100108080", "100108580", "100109910", "100109980", "101108290", "101108460", "101109000", "101110740", "101111620", "101112160", "102107961", "102108621", "102109850", "102110500", "102112301", "103109021", "103110050", "103111620", "103113610", "103117200", "103118110", "104111780", "104111990", "104114240", "105110091", "105110251", "105113210", "105113260", "105113440", "105113480", "105115720", "105117200", "105119550", "106112770", "106113190", "106114011", "106114321", "106116441", "106118520", "107113180", "107113200", "107113840", "107114110", "107114280", "107114490", "107114621", "107114950", "107116340", "107117010", "107119130", "107119390", "107120010", "107120260", "107120880", "108113620", "108113760", "108114360", "108115870", "108118060", "108118301", "108118810", "108120260", "108120280", "108120621", "109113931", "109115220", "109116750", "109116930", "109118231", "109118701", "109119450", "109121351", "109121410", "110114950", "110115250", "110115890", "110115980", "110118810", "110121450", "111114941", "111115400", "111116170", "111116750", "111116990", "111117000", "111117120", "111119340", "111119930", "112116501", "112116640", "112116880", "112118161", "112118471", "112118701", "112118860", "112118880", "112118930", "112121030", "113117340", "113117401", "113118620", "113118630", "113119120", "113119320", "113119360", "113119930", "113119950", "113120591", "113120601", "113121950", "113121980", "113122150", "113122510", "113122650"], "labels": [1, 0, 3, 1, 2, 2, 2, 3, 2, 1, 3, 0, 2, 3, 0, 3, 3, 1, 2, 3, 0, 1, 2, 3, 3, 1, 2, 0, 0, 0, 2, 1, 0, 0, 1, 3, 3, 3, 3, 3, 1, 3, 1, 0, 3, 0, 2, 0, 2, 3, 2, 0, 0, 0, 3, 3, 0, 0, 1, 3, 1, 1, 0, 1, 2, 0, 2, 3, 0, 3, 1, 3, 3, 0, 3, 3, 1, 1, 2, 1, 1, 1, 3, 1, 1, 3, 1, 1, 1, 1, 3, 1, 1, 3, 0, 0, 1, 3, 3, 0, 0, 0, 1, 2, 1, 1, 3, 0, 0, 0, 3, 0, 0, 2, 3, 1, 3, 0, 0, 0, 1, 0, 3, 1, 1, 0, 2, 3, 3, 3, 3, 1, 0, 1, 0, 0, 2, 3, 2, 2, 2, 2], "predicted_labels": [1, 3, 2, 1, 1, 3, 1, 1, 1, 3, 3, 1, 1, 3, 1, 1, 1, 1, 2, 1, 3, 1, 1, 3, 1, 1, 1, 3, 1, 1, 1, 0, 3, 1, 1, 1, 0, 3, 3, 3, 1, 0, 1, 1, 1, 1, 1, 3, 1, 3, 0, 1, 3, 3, 1, 1, 3, 3, 1, 3, 1, 1, 1, 1, 3, 1, 1, 2, 3, 1, 3, 1, 3, 3, 3, 1, 3, 1, 1, 1, 1, 3, 1, 3, 1, 3, 1, 1, 3, 1, 0, 3, 1, 3, 1, 0, 1, 3, 1, 0, 1, 3, 3, 1, 1, 3, 1, 3, 1, 1, 0, 1, 3, 1, 1, 3, 3, 1, 1, 1, 3, 3, 3, 3, 0, 0, 1, 0, 1, 1, 3, 3, 0, 3, 0, 3, 1, 1, 1, 3, 1, 1], "confidence_scores": [[0.28780234765234775, 0.29606092796092803, 0.18711112221112217, 0.22902560217560225], [0.20737569293451663, 0.26713811188811193, 0.24337371876489527, 0.28211247641247655], [0.21767835497835508, 0.24410262711145075, 0.2860252461590697, 0.25219377175112484], [0.18416870351870374, 0.2896541736041736, 0.25533720168720175, 0.2708399211899212], [0.20545821955821955, 0.28970086025086017, 0.25184128094128105, 0.2529996392496392], [0.25901562881562895, 0.2745694361194362, 0.18537912087912092, 0.2810358141858142], [0.20835072345954708, 0.2951533411033411, 0.2271658211069976, 0.2693301143301145], [0.23629486069486083, 0.2660128538128539, 0.2343744425509132, 0.26331784294137245], [0.2457487956487958, 0.2839668312080078, 0.22522638668521022, 0.2450579864579866], [0.22456887556887561, 0.24601758600876256, 0.24984285355167712, 0.27957068487068487], [0.2522082195582197, 0.27053151293151306, 0.19961439116439117, 0.27764587634587645], [0.2126609668109668, 0.34312367632367624, 0.1963882839382841, 0.2478270729270729], [0.2489850871350872, 0.3064864024864024, 0.18217451437451443, 0.26235399600399595], [0.27486106948606953, 0.26167326839826854, 0.1588969280719281, 0.3045687340437341], [0.21085216450216449, 0.30510476190476193, 0.22313842823842828, 0.2609046453546454], [0.23611526251526255, 0.2899892163392165, 0.1866620934620937, 0.2872334276834276], [0.2658691253191254, 0.2832851204351204, 0.1970886724386725, 0.2537570818070819], [0.23522311022311035, 0.2816410755910756, 0.22878207903207914, 0.2543537351537353], [0.22602652347652355, 0.25158680208680223, 0.2675719558219559, 0.25481471861471866], [0.21376913641913656, 0.31414610193727827, 0.17201122407004768, 0.30007353757353755], [0.2089685814185816, 0.28542364302364304, 0.21119254634254642, 0.2944152292152293], [0.24878531468531478, 0.30465067987567984, 0.1821928987678988, 0.26437110667110675], [0.23022026307026316, 0.3018080308580309, 0.21925076590076611, 0.24872094017094035], [0.23527975357975361, 0.24861324786324798, 0.22066255411255423, 0.2954444444444444], [0.19680199049316713, 0.3166247799586035, 0.22701123321123343, 0.25956199633699634], [0.19993311688311707, 0.2978272227772228, 0.26728623321123335, 0.23495342712842718], [0.17171608946608957, 0.3473604118104119, 0.20029389776889786, 0.2806296009546009], [0.2105294657956423, 0.2840823584911821, 0.19743497890997885, 0.3079531968031969], [0.20753576423576434, 0.3476810467310468, 0.16000887445887457, 0.28477431457431474], [0.2527510434010435, 0.2879750527250529, 0.23281820956820953, 0.22645569430569432], [0.23626517429938484, 0.27658315377433035, 0.25677230158901987, 0.23037937033726516], [0.29898986568986574, 0.23958873903873903, 0.2209564657564659, 0.24046492951492954], [0.2790886363636365, 0.24952615717615723, 0.17811019813519813, 0.29327500832500836], [0.23403282828282831, 0.30134440004440005, 0.21805983460983466, 0.24656293706293714], [0.1740247197247199, 0.305300666000666, 0.22602384837384842, 0.2946507659007656], [0.21046565656565652, 0.33936909201909216, 0.20722050727050748, 0.2429447441447442], [0.2808702242202244, 0.26418477633477633, 0.19732417027417032, 0.25762082917082935], [0.2260929514929515, 0.255676628926629, 0.24217029637029636, 0.2760601232101233], [0.2611722222222223, 0.25662583527583543, 0.21422263292263305, 0.26797930957930965], [0.2107669552669552, 0.274135014985015, 0.18861857864357875, 0.3264794511044513], [0.18844099789099797, 0.3134787545787546, 0.2672078865578867, 0.2308723609723612], [0.34117322677322653, 0.21809338994339011, 0.15167448107448125, 0.28905890220890224], [0.2503829698079698, 0.26164400876900884, 0.24329775779775786, 0.24467526362526357], [0.27672792207792213, 0.2885364246864247, 0.16388859473859482, 0.27084705849705865], [0.18751972471972483, 0.36774073704073706, 0.19419809079809086, 0.25054144744144763], [0.22501029526029542, 0.31093364135864143, 0.21151932234432244, 0.2525367410367413], [0.22782000835421898, 0.27891541236541234, 0.24292105642895123, 0.2503435228514176], [0.26941188256188264, 0.28966842601842596, 0.14778666888666894, 0.2931330225330226], [0.22556428571428583, 0.28249494949494963, 0.2364127705627706, 0.2555279942279944], [0.25066725496725506, 0.284076812076812, 0.16255922410922413, 0.3026967088467089], [0.2948009240759242, 0.2895905011655012, 0.1853038406038406, 0.23030473415473424], [0.26386420246420256, 0.2728692418692418, 0.21179627039627053, 0.25147028527028537], [0.24576036186036204, 0.25487923187923206, 0.23249614274614283, 0.2668642635142637], [0.21914387279387282, 0.2607683483183484, 0.24120324675324678, 0.2788845321345322], [0.26559927294927305, 0.2929797868797869, 0.16556362526362534, 0.275857314907315], [0.24788017538017548, 0.2904261579923345, 0.18145560468942815, 0.28023806193806206], [0.2622512154512156, 0.2546080530580531, 0.19812879518142687, 0.2850119363093048], [0.21666964701964705, 0.28670610500610505, 0.16207576312576316, 0.33454848484848476], [0.19423484293484305, 0.3703560439560438, 0.18527987567987567, 0.2501292374292374], [0.21979402819402827, 0.2639126262626262, 0.20772059052059047, 0.30857275502275494], [0.22311790986790997, 0.3476743534243536, 0.16774484404484405, 0.2614628926628927], [0.19595883005883008, 0.3093653846153845, 0.2290436285936287, 0.2656321567321569], [0.2779062770562771, 0.2965287434787435, 0.16012015762015772, 0.26544482184482193], [0.2541088023088023, 0.28856002331002345, 0.19987419247419255, 0.25745698190698185], [0.2580160145410146, 0.2658827727827726, 0.19210372405372414, 0.28399748862248875], [0.2651414585414585, 0.27426476301476316, 0.1975485125985128, 0.2630452658452659], [0.22769241314241329, 0.3120282717282716, 0.19723987678987676, 0.26303943833943844], [0.20605596070596077, 0.26780450105450104, 0.30051500721500723, 0.22562453102453098], [0.24889805472305473, 0.24723661893661908, 0.18389933122433125, 0.31996599511599527], [0.2565688117438118, 0.30950380452880455, 0.19590024975024986, 0.23802713397713407], [0.2226142635142637, 0.23479897324897345, 0.16754131065013408, 0.37504545258662914], [0.2357871073371074, 0.3435989454989457, 0.16190928515928518, 0.25870466200466213], [0.2304654456654456, 0.24675144300144308, 0.1791457431457432, 0.3436373681873683], [0.2645329448329449, 0.26487138417138417, 0.19515987900987922, 0.27543579198579216], [0.2607774170274172, 0.24087107337107352, 0.17016625041625053, 0.32818525918525904], [0.1897570596070597, 0.34102900432900446, 0.21091227661227663, 0.25830165945165945], [0.18219491064491072, 0.272469622044622, 0.24517301587301585, 0.3001624514374513], [0.20289416139416136, 0.3134413503163503, 0.2085367687867688, 0.2751277195027195], [0.21705530776413132, 0.2838841380841382, 0.24057621071738722, 0.2584843434343436], [0.19999907314907328, 0.2995297591297591, 0.2478408591408593, 0.2526303085803086], [0.18445212565212568, 0.3521155955155958, 0.23615232545232565, 0.22727995337995338], [0.20659699189699193, 0.2873849650349652, 0.17744330669330685, 0.3285747363747364], [0.16146834831834841, 0.31376106116106117, 0.21556982461982474, 0.30920076590076584], [0.26730218670218675, 0.24503251193251213, 0.21688428793428793, 0.2707810134310136], [0.19146645021645034, 0.32435851370851376, 0.23414927849927852, 0.2500257575757576], [0.2457650793650795, 0.2836355144855145, 0.17406886446886458, 0.2965305416805419], [0.24887570265991335, 0.2824836052836052, 0.21400450353739833, 0.2546361885190834], [0.25938646353646366, 0.2981327727827728, 0.17218841713841712, 0.2702923465423467], [0.235567132867133, 0.26499874569874576, 0.15846404151404156, 0.3409700799200798], [0.23682176157176166, 0.3027920135420134, 0.1824257853257853, 0.2779604395604396], [0.274209090909091, 0.25740052170052186, 0.20296506826506844, 0.2654253191253192], [0.24126188256188266, 0.23277822732822748, 0.19346930846930857, 0.3324905816405818], [0.2083522366522368, 0.3504997946497947, 0.15761219336219348, 0.2835357753357753], [0.24791534576534574, 0.25462342657342674, 0.1665849206349207, 0.33087630702630705], [0.2401527639027641, 0.30234494394494377, 0.22386076146076161, 0.23364153069153068], [0.27973400488400485, 0.2441696414696416, 0.20794208569208578, 0.26815426795426806], [0.2483247474747475, 0.3234875457875459, 0.1364943001443002, 0.29169340659340665], [0.21509489432136503, 0.27931267621267636, 0.18808206205559144, 0.31751036741036737], [0.21057454212454213, 0.2948415140415141, 0.2097947552447554, 0.28478918858918856], [0.30990332445332464, 0.28536893661893653, 0.13592386502386505, 0.268803873903874], [0.21760228660228653, 0.32725402930402947, 0.18597343212343223, 0.269170251970252], [0.27596076701076694, 0.25662314352314364, 0.17197351537351543, 0.2954425740925741], [0.224635294444118, 0.2878859668109669, 0.18377269756387418, 0.3037060411810412], [0.22647907647907659, 0.33058311688311665, 0.1988332611832613, 0.2441045454545456], [0.2047526917526919, 0.3286130092130093, 0.1882381895881896, 0.27839610944610954], [0.23636907732790102, 0.26763895548895555, 0.2127200280112045, 0.2832719391719394], [0.23562123987123995, 0.3276441447441449, 0.16455936285936293, 0.2721752525252527], [0.23072127872127873, 0.2889823232323233, 0.17999819624819635, 0.3002982017982017], [0.25294349889876216, 0.3032796662401926, 0.21470103288524356, 0.22907580197580202], [0.23926392496392485, 0.3151981351981353, 0.1780636974136975, 0.26747424242424256], [0.33087861582861594, 0.21749119769119787, 0.15012309357309359, 0.30150709290709293], [0.2737276556776557, 0.27721447441447444, 0.19707165057165063, 0.25198621933621934], [0.20472272172272193, 0.28144376734376714, 0.2181645188145189, 0.29566899211899217], [0.2416211566211567, 0.31858387723387716, 0.1579502553002554, 0.2818447108447108], [0.27750849150849155, 0.2955219669219671, 0.1522866688866689, 0.2746828726828726], [0.25804778554778574, 0.2655535575535576, 0.20855610500610508, 0.26784255189255207], [0.21696169941169946, 0.28058484848484866, 0.18157178932178936, 0.3208816627816631], [0.19281295371295368, 0.32957284937284925, 0.17931731601731607, 0.29829688089688083], [0.22780362970362986, 0.3167417748917748, 0.22052886002886016, 0.23492573537573555], [0.22491456043956054, 0.3009141830391831, 0.19276959151959164, 0.28140166500166486], [0.2264089466089467, 0.2928111149084834, 0.16993387168387178, 0.3108460667986984], [0.2470727716727718, 0.2614482517482518, 0.17565092685092684, 0.3158280497280498], [0.22791514596514617, 0.26161727994227996, 0.2365629148629149, 0.27390465922965923], [0.22800301920301919, 0.2543628815628817, 0.22743071650571653, 0.29020338272838286], [0.29017010767010765, 0.2664620934620935, 0.1546746753246754, 0.28869312354312354], [0.330709163059163, 0.2364818181818183, 0.1955682761682762, 0.23724074259074265], [0.2125107226107227, 0.32061305361305387, 0.20358298368298372, 0.2632932400932402], [0.3153895410145411, 0.30981454933954927, 0.16953401043401048, 0.20526189921189944], [0.2473403615991852, 0.30008943001443006, 0.1791272152683917, 0.27344299311799314], [0.24260956820956833, 0.28080362970362993, 0.20225472860472868, 0.27433207348207345], [0.2464527417027419, 0.264594178044178, 0.18416002886002888, 0.30479305139305146], [0.2907105117105119, 0.23058448022565683, 0.17858900739783096, 0.3001160006660008], [0.29130591630591646, 0.270735692085692, 0.14839274059274069, 0.28956565101565124], [0.24763442146089215, 0.27496209623709633, 0.19174779077132026, 0.2856556915306916], [0.31383028083028097, 0.24781461675579328, 0.1530380527968764, 0.2853170496170497], [0.2630298701298702, 0.2712295676545676, 0.17978511488511498, 0.2859554473304473], [0.2022142135642136, 0.30481938616938625, 0.2442083472083473, 0.2487580530580531], [0.1911967532467535, 0.31846887001887003, 0.19024454989454997, 0.3000898268398267], [0.2093750083250085, 0.3179681041181042, 0.20234592074592095, 0.2703109668109669], [0.23144806859806863, 0.2677818237318237, 0.1644689255189256, 0.3363011821511824], [0.20916714396714411, 0.31106317016317003, 0.22884122544122568, 0.25092846042846045], [0.21391040071040085, 0.3067128538128541, 0.17742483627483635, 0.3019519092019092]]}}