{"test": {"ids": ["109121410", "104111550", "109115211", "103113260", "104117630", "109114720", "97114170", "109120560", "104111711", "111119580", "108118291", "109116040", "106119990", "102110890", "108113700", "113121190", "102108621", "102109910", "99107560", "112119120", "104111620", "102112250", "100108080", "103111170", "106116441", "105112260", "110119300", "99107300", "113119700", "105115570", "110115710", "110115120", "101108080", "111116040", "107114280", "101112160", "108121160", "111119150", "112117580", "99107660", "104113000", "99107630", "98107340", "111116170", "104118070", "109117730", "111120260", "98108520", "110120640", "102117351", "105113210", "111117120", "97116790", "103111110", "113122220", "112116401", "98109230", "106113360", "97107681", "111115770", "103113270", "111114321", "103120780", "98116500", "110118121", "109118820", "111119430", "106115120", "104109311", "97111790", "106119260", "98107410", "105110251", "97116500", "107117010", "113119450", "112119930", "112118890", "109120150", "100109910", "98117740", "109118161", "98111860", "99108710", "112118511", "98108580", "99111000", "99108010", "111119930", "100109360", "112117431", "99107500", "99108520", "105116650", "112117780", "100108490", "109119340", "108113620", "108113740", "113118490", "109114030", "99109161", "97112830", "103111830", "108113760", "112116290", "113118111", "105116860", "106114880", "110118740", "99114890", "98110710", "112120630", "105118740", "110115250", "113118620", "111118820", "113119340", "101113210", "107118120", "103113170", "110118181", "112119450", "111119610", "109113281", "111120540", "110114720", "102110750", "109115070", "99112300", "105116980", "110117140", "97105580", "100117420", "113120591", "100113370", "111117480", "112118161", "106117770", "112117210", "102110240", "111116100"], "labels": [0, 1, 0, 3, 0, 0, 2, 1, 1, 3, 3, 0, 0, 0, 0, 1, 3, 2, 1, 1, 0, 0, 0, 2, 0, 3, 1, 3, 0, 0, 2, 0, 0, 0, 3, 3, 2, 3, 0, 3, 1, 2, 0, 0, 2, 3, 3, 2, 0, 1, 3, 2, 2, 3, 1, 0, 1, 0, 3, 3, 2, 1, 1, 2, 3, 3, 3, 1, 3, 2, 1, 3, 0, 2, 1, 3, 1, 3, 2, 2, 2, 0, 0, 2, 1, 0, 2, 2, 1, 0, 0, 0, 2, 1, 0, 2, 3, 3, 3, 1, 1, 3, 2, 3, 1, 0, 1, 2, 0, 3, 2, 2, 3, 1, 1, 3, 0, 0, 3, 3, 3, 1, 3, 2, 0, 1, 3, 1, 0, 0, 0, 3, 1, 2, 0, 3, 1, 0, 0, 1, 3, 3], "predicted_labels": [3, 1, 3, 3, 0, 2, 1, 2, 0, 0, 3, 3, 1, 3, 1, 1, 0, 3, 1, 3, 3, 3, 1, 1, 1, 3, 1, 1, 1, 2, 1, 3, 1, 3, 2, 3, 1, 1, 3, 2, 3, 3, 3, 1, 1, 0, 0, 0, 2, 3, 0, 1, 2, 3, 3, 0, 2, 1, 3, 0, 0, 0, 3, 0, 3, 1, 3, 3, 3, 3, 0, 0, 1, 2, 3, 0, 2, 3, 2, 2, 3, 0, 1, 1, 3, 1, 2, 2, 3, 3, 3, 1, 1, 1, 1, 3, 0, 1, 0, 0, 3, 2, 3, 0, 0, 1, 1, 1, 3, 0, 3, 3, 3, 2, 3, 1, 0, 1, 1, 1, 1, 1, 3, 1, 0, 1, 1, 1, 0, 1, 3, 3, 1, 0, 3, 2, 3, 1, 1, 1, 3, 0], "confidence_scores": [[0.14869510554461343, 0.3006729913600778, 0.23407163819690047, 0.3165602648984082], [0.12078208720303826, 0.5916533134111692, 0.10346531377985957, 0.1840992856059332], [0.14548070387555223, 0.19895403620157542, 0.14986753005487033, 0.5056977298680021], [0.20761093301186495, 0.2945203183277149, 0.12406332278969683, 0.3738054258707234], [0.48963967764541677, 0.19694751547806857, 0.14749816108813238, 0.16591464578838247], [0.07704025487535804, 0.24151703391604953, 0.5570850235150316, 0.1243576876935608], [0.08299069360119618, 0.38030555069511973, 0.30239748022876906, 0.234306275474915], [0.1360881403857777, 0.22167891434006373, 0.36553458156877777, 0.276698363705381], [0.3395604355058, 0.18943063923341405, 0.17105570040413087, 0.2999532248566548], [0.32421395313208456, 0.2875017746940133, 0.1512771776644412, 0.23700709450946084], [0.3148970380390044, 0.15687582767251324, 0.16034244266136635, 0.3678846916271162], [0.165018164375915, 0.28240710359878046, 0.18465035878394762, 0.367924373241357], [0.28518736259658006, 0.3564863599679542, 0.12514666303369668, 0.23317961440176918], [0.31000137770421454, 0.14519995740815025, 0.2185152726443453, 0.32628339224329], [0.3026425071732299, 0.3261614239743156, 0.13169188347618954, 0.23950418537626492], [0.28761366614860534, 0.46967062193430037, 0.10440892632002936, 0.13830678559706497], [0.38896323574250996, 0.166696072808432, 0.21756996679092874, 0.2267707246581293], [0.3147960490077035, 0.1979752905680326, 0.1419215500828511, 0.3453071103414127], [0.06721605220888197, 0.6470186634768423, 0.15825956566367966, 0.12750571865059612], [0.28017096778477296, 0.22120582202368483, 0.14524226676770466, 0.35338094342383763], [0.20197946322652888, 0.17837154744214972, 0.15458611593178503, 0.4650628733995364], [0.322508331181514, 0.15473111170707163, 0.18570549095382954, 0.33705506615758496], [0.10009466580391309, 0.5651467686148715, 0.059055194855948956, 0.27570337072526657], [0.12458144000810678, 0.40590587456989924, 0.16489641153485202, 0.3046162738871418], [0.22346420434979697, 0.4314505872625579, 0.0759289843537629, 0.2691562240338823], [0.08556323250717178, 0.3183324753165818, 0.15658945055832524, 0.4395148416179212], [0.23721543454766478, 0.31188840872320067, 0.18669431426016433, 0.2642018424689702], [0.19511833065873124, 0.42315082691511047, 0.13761101767857672, 0.24411982474758162], [0.17291571585219348, 0.5311240897016173, 0.14848650745437234, 0.14747368699181682], [0.22898579924297263, 0.16215390063220256, 0.43764314949499106, 0.1712171506298339], [0.10629267463577471, 0.3143739517833922, 0.30776264461979164, 0.2715707289610415], [0.18349269129397497, 0.2750023883418801, 0.26042282445901754, 0.2810820959051274], [0.12764985936467504, 0.5270065219089723, 0.1375019911923639, 0.20784162753398883], [0.19459030244830172, 0.1710122201021953, 0.1224681495421103, 0.5119293279073928], [0.27774810394560034, 0.1635654486437595, 0.3231879959664469, 0.23549845144419343], [0.12516663351267823, 0.20953443011302259, 0.247503612519587, 0.4177953238547123], [0.18413873623569638, 0.3476415669817308, 0.14813505180647363, 0.3200846449760991], [0.17122354846903903, 0.44545604604938466, 0.1615229332587486, 0.22179747222282775], [0.21343983036886646, 0.26491233055906244, 0.16148930889591076, 0.36015853017616045], [0.08026690216057188, 0.11191522641733226, 0.6686065778160915, 0.13921129360600473], [0.19872155624098486, 0.3052924460201933, 0.15685109044189785, 0.33913490729692375], [0.2560984422031886, 0.2170813425578305, 0.1636224784817708, 0.3631977367572102], [0.1166218997448184, 0.2962719269972269, 0.17949385461962603, 0.4076123186383288], [0.301724468279811, 0.44350143111225976, 0.13112484589712706, 0.1236492547108023], [0.1058842594055158, 0.4082855551270214, 0.26896821895677014, 0.21686196651069264], [0.5948636413189973, 0.23379537710470522, 0.042785957987549444, 0.1285550235887481], [0.3875052013791494, 0.1947724806444026, 0.14385117488396126, 0.27387114309248667], [0.4350928386642658, 0.3219147472427202, 0.08740565872171943, 0.15558675537129452], [0.16623620885216528, 0.2368125329787075, 0.34256000513222695, 0.2543912530369003], [0.15568835263591935, 0.1538989244257169, 0.07970018083534669, 0.6107125421030171], [0.5730382242817662, 0.17703046003207273, 0.07657878516263733, 0.17335253052352373], [0.15620824113779455, 0.5000992377885523, 0.0902533072691299, 0.25343921380452333], [0.1092834402031388, 0.1470399795875256, 0.5406134994825181, 0.20306308072681728], [0.1405909488531313, 0.25307818195277976, 0.24584302381911777, 0.36048784537497136], [0.11774024846998654, 0.32830607031952225, 0.11926478507389002, 0.43468889613660117], [0.552307616350591, 0.17546760845171672, 0.0889355075698141, 0.18328926762787814], [0.15919703017188666, 0.1699698922185345, 0.48943105657601693, 0.18140202103356204], [0.12437672751192358, 0.5117778649088945, 0.1475421176422379, 0.21630328993694412], [0.10569064842825114, 0.23309882169466808, 0.1709993858656129, 0.49021114401146815], [0.38779478165354775, 0.14423407962768228, 0.22271763832305286, 0.24525350039571714], [0.32845892886856143, 0.2571492756558256, 0.2456364184395244, 0.16875537703608845], [0.2798910592410328, 0.18661222079081027, 0.27083568529174606, 0.26266103467641083], [0.15105042821057987, 0.1286468345947686, 0.1746733701288885, 0.5456293670657629], [0.3944483010633837, 0.25186205624969493, 0.1355980370327505, 0.21809160565417102], [0.3124259997615005, 0.2240137355594927, 0.10499261374132778, 0.35856765093767906], [0.14057070652151568, 0.32586554825306624, 0.21625931236589727, 0.3173044328595209], [0.16993112363776355, 0.2866064229505805, 0.23089571762571226, 0.3125667357859436], [0.2604311707781563, 0.16074657679414905, 0.12231898193459598, 0.4565032704930987], [0.18342562842113877, 0.1455890847096357, 0.07957368210398655, 0.5914116047652389], [0.1657950001550245, 0.2886782085452155, 0.14693141935144488, 0.398595371948315], [0.2814764041705317, 0.2253135947758552, 0.2118135764640656, 0.2813964245895476], [0.40536123378015043, 0.2871037915897795, 0.08155125454472735, 0.2259837200853425], [0.21340236169375787, 0.38038313608403895, 0.12215073540417673, 0.2840637668180264], [0.2308160057941736, 0.25048605959700354, 0.2669096884395043, 0.2517882461693185], [0.1098948270919395, 0.2255020723834685, 0.3031481741250115, 0.3614549263995806], [0.4251018786247735, 0.2731793225030839, 0.10642871636799948, 0.19529008250414312], [0.2106753327732471, 0.22924325102584178, 0.30993137062519943, 0.25015004557571174], [0.13242398376994033, 0.2927088916597993, 0.10860402014267996, 0.46626310442758034], [0.14349119306181968, 0.21797644827480542, 0.35933238188544747, 0.27919997677792774], [0.13732590309493625, 0.2492968537083836, 0.39263735008515077, 0.22073989311152944], [0.2031242204378987, 0.30211821214655654, 0.13590164697755228, 0.3588559204379926], [0.29111528696330596, 0.2641941214543844, 0.22458022636173058, 0.22011036522057895], [0.16947905736296315, 0.3105290688826015, 0.28597829575796385, 0.23401357799647154], [0.3031172090797681, 0.3700045615639029, 0.06919938154203446, 0.25767884781429473], [0.08854428247903112, 0.37958799475754845, 0.1484983964107339, 0.38336932635268656], [0.2315945262467534, 0.5095302317866338, 0.11375274421691658, 0.14512249774969604], [0.10579254628702144, 0.30843684105131286, 0.3923447830252306, 0.19342582963643504], [0.10468762290515302, 0.29482484652701935, 0.3293111896282365, 0.2711763409395911], [0.17480106416148974, 0.22112103365430083, 0.13080132180647602, 0.47327658037773335], [0.16497548672712517, 0.24591644922297273, 0.25968508418074965, 0.3294229798691525], [0.223618967008656, 0.21803447457774477, 0.10219298735787764, 0.4561535710557216], [0.11595883072637624, 0.5241232289151437, 0.1849859337277733, 0.17493200663070665], [0.20953058142371936, 0.41769949080931357, 0.1738739022846908, 0.19889602548227636], [0.14823907506966455, 0.48525516477278524, 0.18011544887962283, 0.18639031127792727], [0.36299693991325693, 0.37300595260442143, 0.09417259888686473, 0.16982450859545697], [0.17984218791658593, 0.28209599023702836, 0.16579339340988894, 0.3722684284364969], [0.31049913802054063, 0.18964111100997835, 0.24533296316131267, 0.25452678780816845], [0.09295284469016991, 0.5348983267926408, 0.15365182243249248, 0.21849700608469666], [0.5623661303054057, 0.09369190522931259, 0.0978934687216659, 0.24604849574361584], [0.42890474711780324, 0.16730853108375576, 0.102763685546678, 0.30102303625176274], [0.1746855543662465, 0.28696008514590304, 0.09640890276716267, 0.44194545772068766], [0.24907170426981515, 0.26110860122762286, 0.37743879975746575, 0.11238089474509617], [0.19112422992652978, 0.2574895332608321, 0.15650738058879904, 0.3948788562238391], [0.5485241596961841, 0.14035721772293264, 0.07566634852770811, 0.23545227405317531], [0.30806660137239045, 0.2382526073259839, 0.15962426675864336, 0.2940565245429823], [0.11180349002370982, 0.3509240001465661, 0.21306798244288616, 0.32420452738683775], [0.1603884517263897, 0.46337786078731275, 0.0930098095819845, 0.2832238779043131], [0.1393585101223361, 0.663771158093842, 0.07091835334182282, 0.12595197844199904], [0.2535176665253448, 0.29604715816350613, 0.1505333712189508, 0.2999018040921981], [0.5588814456941884, 0.15584364897991806, 0.0654739780402532, 0.2198009272856405], [0.10500190471295054, 0.28155960125582846, 0.1699287715355627, 0.44350972249565834], [0.14037031719678555, 0.31247809490332273, 0.21842667176485822, 0.3287249161350335], [0.18849086980071278, 0.1809957305260006, 0.14734836566784804, 0.48316503400543853], [0.22103446986792655, 0.2587536194483559, 0.28533649190051796, 0.23487541878319967], [0.32022310710374874, 0.1719870496327337, 0.11009704753076142, 0.39769279573275607], [0.21498122688752658, 0.3438653072895646, 0.19854825835215478, 0.24260520747075412], [0.5920130615369634, 0.11006906851839857, 0.06142518386831602, 0.236492686076322], [0.22998414369113399, 0.35203958236296734, 0.11435382350986492, 0.30362245043603386], [0.15037896369832515, 0.39178456042924625, 0.16244158742096007, 0.2953948884514685], [0.16509855761933723, 0.4765125425277803, 0.12283464831434797, 0.23555425153853451], [0.19944340785465853, 0.4190230985104538, 0.19527387689728462, 0.18625961673760308], [0.1601908003193306, 0.591021125196549, 0.08879434689389999, 0.1599937275902203], [0.21035504885170314, 0.17342993850297897, 0.10139423741879583, 0.514820775226522], [0.10770643550965713, 0.3336639210004194, 0.30278294103502973, 0.2558467024548938], [0.45280366840850333, 0.24164646194265804, 0.11575080924203608, 0.1897990604068026], [0.27953456780791414, 0.3472174515907497, 0.1448631839935796, 0.22838479660775643], [0.2413057440899461, 0.2749724562620507, 0.273613974766559, 0.2101078248814443], [0.15983839226429977, 0.51160301197937, 0.16595580476852184, 0.16260279098780842], [0.3695361690966328, 0.3612120699384217, 0.08432152562931462, 0.1849302353356309], [0.16334704060038827, 0.35684160716525687, 0.18457975368166368, 0.2952315985526912], [0.3100972557020635, 0.14833089520943496, 0.09390405387977901, 0.4476677952087226], [0.11502069183323914, 0.19783268975976162, 0.2546569063752049, 0.4324897120317945], [0.16277606240688877, 0.4148406793104077, 0.1656920255862575, 0.25669123269644606], [0.5951805355581159, 0.13995665625208842, 0.11762017258291856, 0.14724263560687711], [0.23982422894105684, 0.13787759814744566, 0.19073537825052359, 0.43156279466097397], [0.10499532587204174, 0.19783687058883423, 0.5267667548992363, 0.1704010486398877], [0.12875501840328654, 0.3644252344165608, 0.13231613338707016, 0.3745036137930826], [0.2140981317963269, 0.5723295950448594, 0.11555650769622597, 0.09801576546258776], [0.19602761419525672, 0.37528734588729545, 0.2015629951141505, 0.22712204480329737], [0.233390540107149, 0.3459316167018721, 0.20473380742400352, 0.2159440357669754], [0.13905723906610074, 0.3508774585675357, 0.10334990089119878, 0.4067154014751648], [0.46308103059337113, 0.16530211260264607, 0.08972379039049803, 0.2818930664134847]]}, "rewritten": {"ids": ["97105580", "97107681", "97111790", "97112830", "97114170", "97116500", "97116790", "98107340", "98107410", "98108520", "98108580", "98109230", "98110710", "98111860", "98116500", "98117740", "99107300", "99107500", "99107560", "99107630", "99107660", "99108010", "99108520", "99108710", "99109161", "99111000", "99112300", "99114890", "100108080", "100108490", "100109360", "100109910", "100113370", "100117420", "101108080", "101112160", "101113210", "102108621", "102109910", "102110240", "102110750", "102110890", "102112250", "102117351", "103111110", "103111170", "103111830", "103113170", "103113260", "103113270", "103120780", "104109311", "104111550", "104111620", "104111711", "104113000", "104117630", "104118070", "105110251", "105112260", "105113210", "105115570", "105116650", "105116860", "105116980", "105118740", "106113360", "106114880", "106115120", "106116441", "106117770", "106119260", "106119990", "107114280", "107117010", "107118120", "108113620", "108113700", "108113740", "108113760", "108118291", "108121160", "109113281", "109114030", "109114720", "109115070", "109115211", "109116040", "109117730", "109118161", "109118820", "109119340", "109120150", "109120560", "109121410", "110114720", "110115120", "110115250", "110115710", "110117140", "110118121", "110118181", "110118740", "110119300", "110120640", "111114321", "111115770", "111116040", "111116100", "111116170", "111117120", "111117480", "111118820", "111119150", "111119430", "111119580", "111119610", "111119930", "111120260", "111120540", "112116290", "112116401", "112117210", "112117431", "112117580", "112117780", "112118161", "112118511", "112118890", "112119120", "112119450", "112119930", "112120630", "113118111", "113118490", "113118620", "113119340", "113119450", "113119700", "113120591", "113121190", "113122220"], "labels": [1, 3, 2, 2, 2, 2, 2, 0, 3, 2, 0, 1, 2, 0, 2, 2, 3, 0, 1, 2, 3, 2, 2, 2, 3, 2, 0, 2, 0, 2, 0, 2, 3, 2, 0, 3, 3, 3, 2, 3, 1, 0, 0, 1, 3, 2, 3, 3, 3, 2, 1, 3, 1, 0, 1, 1, 0, 2, 0, 3, 3, 0, 1, 2, 0, 1, 0, 0, 1, 0, 0, 1, 0, 3, 1, 3, 3, 0, 3, 1, 3, 2, 0, 1, 0, 0, 0, 0, 3, 0, 3, 3, 2, 1, 0, 3, 0, 1, 2, 3, 3, 1, 3, 1, 0, 1, 3, 0, 3, 0, 2, 1, 0, 3, 3, 3, 2, 1, 3, 1, 0, 0, 1, 0, 0, 0, 0, 1, 3, 1, 3, 1, 3, 1, 1, 3, 0, 3, 0, 0, 1, 1], "predicted_labels": [1, 3, 1, 3, 1, 1, 3, 3, 3, 0, 0, 1, 1, 2, 0, 1, 3, 1, 1, 3, 2, 3, 0, 3, 2, 1, 1, 1, 1, 0, 2, 2, 1, 0, 1, 2, 1, 3, 0, 1, 1, 3, 0, 2, 3, 3, 0, 1, 1, 2, 1, 3, 1, 2, 3, 3, 1, 1, 3, 3, 0, 2, 2, 1, 3, 2, 1, 1, 3, 1, 1, 3, 1, 2, 1, 0, 1, 1, 0, 1, 0, 1, 1, 1, 2, 1, 3, 3, 0, 3, 1, 1, 1, 3, 1, 2, 1, 1, 1, 1, 3, 1, 0, 3, 1, 1, 3, 0, 3, 0, 1, 1, 0, 1, 2, 0, 2, 3, 0, 3, 1, 0, 1, 1, 3, 0, 1, 3, 3, 0, 3, 1, 3, 1, 3, 0, 0, 1, 2, 3, 1, 3], "confidence_scores": [[0.25692124698431634, 0.4610776720416628, 0.08242591226971194, 0.19957516870430891], [0.09399727159211746, 0.18396759412772623, 0.33054741787564146, 0.3914877164045149], [0.16473519885321727, 0.37896636391184757, 0.18231812975677034, 0.2739803074781649], [0.18336079020652316, 0.24988378613297008, 0.2696409257293005, 0.2971144979312065], [0.0719793882876217, 0.38206374125030174, 0.23417073638714583, 0.31178613407493067], [0.1828223384916974, 0.3369544380241951, 0.2136874427747597, 0.26653578070934797], [0.1620911310437187, 0.2283476699054145, 0.2779304100341573, 0.3316307890167096], [0.10304579411450494, 0.16723046563654148, 0.13376536373201714, 0.5959583765169364], [0.29770725812545396, 0.2660419194238202, 0.1296810508862226, 0.30656977156450327], [0.3351854908355207, 0.2378096764997759, 0.14437326000217188, 0.28263157266253147], [0.44587241382235226, 0.22812060702902892, 0.14170475439040156, 0.1843022247582172], [0.21936880840833098, 0.3022321215445407, 0.25891526081321814, 0.21948380923391028], [0.07801953948637645, 0.6852355637238337, 0.07418471305381046, 0.16256018373597933], [0.1294087994420317, 0.25627566289853354, 0.32553668583494355, 0.2887788518244912], [0.46455075498582493, 0.21565974486598893, 0.10059209850430104, 0.21919740164388501], [0.05949861161364187, 0.7743984227437924, 0.05929477836139697, 0.1068081872811686], [0.11407571352558434, 0.3304439762074996, 0.14141651742828068, 0.41406379283863537], [0.15240023276113945, 0.44122412963601537, 0.20666696817042496, 0.1997086694324202], [0.0824077476822333, 0.7239261802695031, 0.06721805824486568, 0.12644801380339782], [0.30303059665678667, 0.2189032064443866, 0.1189139636517513, 0.3591522332470753], [0.0907193047259537, 0.24823642906178292, 0.4912611189295403, 0.16978314728272306], [0.21034212656491796, 0.131458792733814, 0.14847005408603287, 0.5097290266152352], [0.2981011639884181, 0.26532592601869603, 0.21378550985934003, 0.22278740013354573], [0.23942094092368252, 0.2874109530902776, 0.16970807190339746, 0.3034600340826425], [0.272377846919887, 0.10953924578241278, 0.4559697085874161, 0.1621131987102841], [0.1744428137668193, 0.30111554027036064, 0.22509625231797445, 0.2993453936448455], [0.2524558674903407, 0.2833015356182557, 0.20784067120124075, 0.256401925690163], [0.08173883341671417, 0.4842412692549515, 0.1474876414551217, 0.28653225587321257], [0.07299052594156306, 0.5880246347572791, 0.12045617282614669, 0.21852866647501112], [0.2782681831789285, 0.20558643433645502, 0.2617956889336247, 0.25434969355099196], [0.13012184304197486, 0.1948141481299035, 0.35233156026560075, 0.322732448562521], [0.17968020330528736, 0.2257172443821169, 0.3272432249782183, 0.26735932733437756], [0.1754079018973836, 0.49197509809244294, 0.2362053909206336, 0.09641160908953979], [0.663581574840052, 0.14461460615546737, 0.058929736180966245, 0.13287408282351434], [0.12791938658092883, 0.6585519998201121, 0.0738571557563556, 0.13967145784260335], [0.10466120165890662, 0.13805502925319366, 0.4276404077575192, 0.3296433613303804], [0.15371037573534427, 0.3985692417673142, 0.11523296965477185, 0.33248741284256983], [0.08424994209875475, 0.16486025883524516, 0.06088655822865366, 0.6900032408373463], [0.5157114140675724, 0.17399440327159432, 0.0945067598621624, 0.21578742279867086], [0.11401686453821977, 0.5383638332966312, 0.14194992836890574, 0.2056693737962434], [0.18445554391392846, 0.3285887580197399, 0.20555626479400949, 0.2813994332723223], [0.2603399260671443, 0.29020112502687745, 0.1402711422177635, 0.30918780668821483], [0.5402908035541513, 0.113425492507751, 0.16253985240924995, 0.18374385152884776], [0.31952205747223994, 0.15672083675641085, 0.32570200497678364, 0.19805510079456556], [0.055421341061338225, 0.2491939800944809, 0.34680181539683697, 0.3485828634473438], [0.1944675005313494, 0.2337329751627831, 0.14197957151552892, 0.4298199527903386], [0.5298283141039947, 0.14509131703778352, 0.07492967378561803, 0.2501506950726037], [0.21195581612089567, 0.3960796198517956, 0.23359224980074417, 0.15837231422656442], [0.15993548075852618, 0.48231230919746926, 0.17791451132807204, 0.1798376987159326], [0.2773341740223908, 0.20797858944559264, 0.3421893755597249, 0.17249786097229178], [0.09581870349679068, 0.44776609580628046, 0.12005072190201742, 0.3363644787949115], [0.27818144032205333, 0.2497617349714834, 0.08931339788587377, 0.3827434268205896], [0.06905581169374604, 0.6658523116875484, 0.0983360777889811, 0.16675579882972444], [0.17819690904268895, 0.3029612452025536, 0.30360896431418605, 0.21523288144057146], [0.25439484536095347, 0.23560366622559314, 0.232464358836405, 0.2775371295770484], [0.16801127596003293, 0.22599428597978632, 0.27503612594126076, 0.3309583121189201], [0.14844621201791341, 0.3843825421306061, 0.23058859585908256, 0.23658264999239792], [0.13114725754822446, 0.320234578649037, 0.3116102878506935, 0.237007875952045], [0.2257835902676427, 0.3040111063000042, 0.09716394100698704, 0.373041362425366], [0.12929782520084154, 0.17433778517919726, 0.15245192995416884, 0.5439124596657925], [0.355013772089696, 0.2685059087337099, 0.09571698595140453, 0.2807633332251897], [0.08439421849415182, 0.3201455070917601, 0.436026507620985, 0.15943376679310312], [0.15895495851498265, 0.19596197314059727, 0.38527948721186134, 0.2598035811325588], [0.12430378998400567, 0.6137131392034945, 0.06502408175081302, 0.19695898906168688], [0.1481080177461256, 0.09930786703485364, 0.06024551177520477, 0.6923386034438159], [0.17779518690086588, 0.28894278185217137, 0.32297124177504977, 0.21029078947191318], [0.15838640813882096, 0.577979320044856, 0.11196331580104532, 0.15167095601527764], [0.23034329141913587, 0.4727426345489329, 0.08664815647498131, 0.21026591755694976], [0.22895842722590473, 0.14791832824472648, 0.07017587723065336, 0.5529473672987154], [0.29100441258963494, 0.3659299782979895, 0.1255204802939422, 0.21754512881843363], [0.17080536120072842, 0.417910796442139, 0.1897336269732279, 0.22155021538390476], [0.22512489872580715, 0.3000599514321573, 0.1719444707136223, 0.30287067912841314], [0.31054677480483234, 0.3979790175993268, 0.10768521303039096, 0.18378899456545], [0.17417297846204818, 0.193157590252174, 0.4797757339499565, 0.1528936973358214], [0.13184349268848092, 0.3516369468290815, 0.22360811792889626, 0.2929114425535413], [0.46105489671245703, 0.30171938682622945, 0.0661951277177168, 0.17103058874359678], [0.0927205584322437, 0.4245041777796814, 0.15163848662785548, 0.3311367771602194], [0.29604411597570235, 0.38227881642055433, 0.09805749686020607, 0.22361957074353736], [0.6627076608296312, 0.0825574928722192, 0.07556127957978256, 0.17917356671836715], [0.24070993466863017, 0.33201050454863973, 0.17954684650073616, 0.24773271428199406], [0.303676014091766, 0.23195284637370145, 0.26992205106067046, 0.1944490884738621], [0.13252386797042234, 0.6234966950100711, 0.08075620422136316, 0.1632232327981435], [0.2564220933781243, 0.34217954269709755, 0.06794131377763274, 0.3334570501471452], [0.13207365738413618, 0.4161778489604772, 0.12325578926875234, 0.32849270438663414], [0.10660684634338685, 0.24424294011215567, 0.4178717155796821, 0.23127849796477534], [0.29764400438667454, 0.4949612594739002, 0.07815629535228763, 0.12923844078713764], [0.13466753892719618, 0.30460985618278474, 0.17074340118027564, 0.3899792037097434], [0.27933900664058126, 0.22315303203210263, 0.16143627447594538, 0.33607168685137073], [0.6427089815025617, 0.17453470370612628, 0.045532279225862206, 0.13722403556544982], [0.1189912799279178, 0.3307196569669795, 0.21446002228700617, 0.33582904081809645], [0.1464879067813416, 0.37252266633441533, 0.19678030582862827, 0.28420912105561486], [0.27228649635943947, 0.3435054943166263, 0.15405722910315447, 0.23015078022077973], [0.28214370580960263, 0.29578342052359013, 0.14474164170284654, 0.2773312319639605], [0.1641291156632434, 0.30590298661039905, 0.20887511345184176, 0.32109278427451593], [0.11117085287136896, 0.36718698495483826, 0.28693156462856684, 0.23471059754522625], [0.19242472985611161, 0.2709558170920447, 0.388183727700038, 0.1484357253518056], [0.150995165146049, 0.40812908668630815, 0.24536557666115308, 0.1955101715064899], [0.14974543684306107, 0.3763430200039092, 0.2734590584275617, 0.2004524847254681], [0.08587501526403474, 0.49149929012956217, 0.19303640465070995, 0.22958928995569305], [0.11498341852798884, 0.37066562062942005, 0.3016479886292707, 0.2127029722133204], [0.33717450203793514, 0.14805634257050435, 0.08087295547242755, 0.43389619991913286], [0.1964872491019499, 0.49084728129924426, 0.15678934199355365, 0.15587612760525235], [0.545027599076012, 0.17642883958015732, 0.07612891276534345, 0.20241464857848718], [0.17276255188365747, 0.22558004261903405, 0.2664852804759047, 0.33517212502140387], [0.23288069863394234, 0.337136893320845, 0.23165872459143547, 0.19832368345377735], [0.18886305718930974, 0.3321434999941097, 0.2651506184833052, 0.2138428243332753], [0.257199540772396, 0.17992839369832472, 0.24008340191117486, 0.3227886636181044], [0.5147335765407415, 0.18336041423743854, 0.1311552355998629, 0.17075077362195717], [0.20270220739165679, 0.17591890941267102, 0.08306984196183306, 0.538309041233839], [0.400682214835316, 0.34194546788290375, 0.09285769898142605, 0.16451461830035405], [0.15045008315311822, 0.4565151222851799, 0.08765399924475947, 0.3053807953169424], [0.14574413312587792, 0.4657873182191521, 0.16478022266316128, 0.22368832599180877], [0.4842434151871792, 0.13800095453091618, 0.17725530930083405, 0.2005003209810707], [0.1541221896850341, 0.4567709267926035, 0.12111700043674667, 0.2679898830856157], [0.17900165931028772, 0.2437732996196384, 0.29943135679754124, 0.2777936842725328], [0.3183562592620455, 0.22737826249764675, 0.278939177720801, 0.1753263005195067], [0.1423047876526746, 0.14434451523095954, 0.47137765125186065, 0.24197304586450527], [0.2303553493988943, 0.25262122781621216, 0.1496125573584569, 0.3674108654264368], [0.5812384074968084, 0.12396854208958807, 0.12848591491317904, 0.1663071355004245], [0.3009552130426292, 0.23556739917992264, 0.13211463319361771, 0.33136275458383047], [0.12731253972272985, 0.32578590434523136, 0.25755922558254046, 0.2893423303494985], [0.43396196522536845, 0.22216061585785968, 0.10419713619876178, 0.2396802827180101], [0.281430974951595, 0.33901668436289595, 0.20341686535382994, 0.1761354753316791], [0.25604397211547625, 0.5451150579524237, 0.05162305992992637, 0.14721791000217366], [0.1200364723734634, 0.288101048614923, 0.14149848819493438, 0.4503639908166792], [0.513389824058769, 0.2051088510496011, 0.10772417524670225, 0.17377714964492755], [0.20785755177996304, 0.4943242243098772, 0.08134863611244429, 0.21646958779771563], [0.12070870865823886, 0.33613944530382717, 0.19667715345579814, 0.346474692582136], [0.14528749986012626, 0.22427137555834115, 0.09027491163785382, 0.5401662129436787], [0.4549030786685353, 0.13586040998918364, 0.09671411544568838, 0.3125223958965928], [0.16322347647573435, 0.15394031505038497, 0.08248746866146142, 0.6003487398124192], [0.1366480159250692, 0.4247384395915869, 0.11713825757943258, 0.3214752869039114], [0.1922964511854837, 0.1857854167682532, 0.11782393689254611, 0.504094195153717], [0.2506857609539506, 0.43703336148521754, 0.06824514393472607, 0.24403573362610592], [0.21778113266611554, 0.2832329923046932, 0.1524000288018316, 0.34658584622735966], [0.32460423370986097, 0.26296878732483664, 0.14170116198618482, 0.27072581697911774], [0.43439776504363403, 0.2906251040308657, 0.09848830018069742, 0.17648883074480284], [0.3444152366793598, 0.4332610864871711, 0.08756702251146739, 0.13475665432200176], [0.05722233934740418, 0.2359622052849178, 0.4519155413769134, 0.2548999139907648], [0.20054384499070246, 0.19034335000869704, 0.1832073373424971, 0.42590546765810344], [0.2536815281501579, 0.2915126538414727, 0.22953823223734632, 0.22526758577102315], [0.1634774742501852, 0.25096670823163214, 0.0794330969283261, 0.5061227205898565]]}}