{"test": {"ids": ["112121410", "98111231", "109117630", "97109570", "106116120", "108114220", "97107260", "107113360", "112116800", "98107010", "106114880", "110120700", "103109021", "99111930", "107120880", "113119300", "113119450", "101111620", "103117200", "109116040", "111119580", "107113130", "106113260", "111116411", "109115211", "108115250", "112117461", "97110950", "100113210", "108114180", "97112830", "109121640", "101108121", "100109890", "105120280", "111121190", "107117630", "110119030", "103110760", "99108080", "105116501", "104111620", "111120640", "102116340", "112119980", "108117451", "104117630", "113121980", "111117480", "99107640", "106114321", "99107660", "113122170", "111114121", "111120540", "109117431", "100108580", "103117461", "112121430", "112116451", "107121540", "111116100", "106117770", "112116640", "109116170", "105114220", "107116980", "100111380", "109120621", "110115250", "107114621", "97105580", "109116441", "108113480", "111119930", "112121010", "103110840", "103113610", "103110100", "104111830", "107112850", "107112840", "98110680", "111119250", "98117740", "99108310", "104119290", "110121500", "106120640", "102110500", "111121930", "112118471", "108118301", "111115400", "98106680", "99110730", "113121680", "112118161", "109117110", "110114321", "106121220", "112118890", "105115250", "108118060", "109113591", "101119030", "107116340", "104111990", "111120260", "111120591", "98107340", "98108580", "110115580", "107118490", "105111990", "113122150", "105117431", "102110690", "99108710", "104111550", "110113591", "106119260", "104111880", "107118780", "110115140", "105113260", "112116900", "111116990", "110118740", "99109860", "103120730", "111116530", "111118910", "110113931", "111118810", "113120280", "101116130", "109114720", "111116010", "102117351", "100120780", "108115870"], "labels": [0, 1, 0, 0, 1, 3, 2, 0, 0, 3, 0, 2, 0, 1, 1, 1, 3, 3, 0, 0, 3, 1, 3, 0, 0, 1, 0, 3, 0, 1, 2, 0, 0, 3, 3, 1, 0, 0, 1, 3, 1, 0, 0, 3, 0, 2, 0, 2, 1, 1, 2, 3, 1, 0, 1, 1, 0, 0, 2, 0, 2, 3, 0, 0, 0, 3, 3, 3, 1, 1, 0, 1, 3, 0, 1, 2, 1, 2, 1, 3, 1, 1, 2, 1, 2, 2, 1, 3, 3, 3, 1, 1, 1, 0, 1, 3, 1, 0, 1, 1, 1, 3, 2, 1, 3, 3, 3, 2, 3, 1, 0, 0, 1, 2, 2, 2, 1, 0, 2, 1, 0, 1, 3, 1, 0, 3, 3, 0, 3, 2, 1, 3, 0, 1, 0, 0, 2, 0, 1, 1, 1, 3], "predicted_labels": [3, 0, 3, 0, 1, 3, 3, 0, 3, 0, 1, 1, 3, 3, 3, 3, 3, 1, 1, 3, 0, 3, 1, 0, 3, 3, 3, 0, 3, 3, 3, 3, 0, 0, 1, 3, 3, 1, 3, 3, 3, 0, 3, 1, 1, 3, 3, 1, 1, 3, 0, 0, 3, 0, 3, 1, 3, 1, 1, 0, 3, 3, 3, 1, 1, 3, 0, 1, 3, 1, 0, 1, 0, 3, 3, 1, 1, 3, 3, 3, 1, 1, 1, 0, 1, 1, 3, 0, 1, 0, 3, 3, 0, 3, 1, 3, 1, 0, 1, 3, 3, 3, 3, 3, 3, 3, 3, 1, 0, 3, 1, 3, 3, 3, 1, 3, 1, 0, 1, 3, 0, 3, 1, 3, 3, 3, 0, 3, 0, 1, 1, 3, 3, 3, 3, 3, 3, 3, 1, 1, 3, 3], "confidence_scores": [[0.24526027061174133, 0.25285054749172403, 0.2038862839774606, 0.29800289791907436], [0.3638781829281829, 0.24628936618936623, 0.16533210678210689, 0.2245003441003442], [0.23758883012412435, 0.2731275702625548, 0.1753533744033746, 0.31393022520994657], [0.35462151737151715, 0.22157474747474754, 0.18844997224997234, 0.235353762903763], [0.22655846294228651, 0.27384714533832166, 0.24737255603873262, 0.25222183568065915], [0.27882005217005223, 0.241477997002997, 0.18924309301809317, 0.2904588578088577], [0.20795479128714434, 0.27345725744843397, 0.23634763569763584, 0.2822403155667861], [0.40075720668220677, 0.21492977022977022, 0.16140562770562783, 0.2229073953823954], [0.2152713397713399, 0.269800765900766, 0.17142698967698972, 0.3435009046509042], [0.28449129204129187, 0.2623413899825665, 0.22311418026418023, 0.2300531377119614], [0.20230443478090557, 0.3172471081206376, 0.2181203169379641, 0.2623281401604934], [0.22123382254999904, 0.30831593684093694, 0.2046851592851594, 0.2657650813239049], [0.22178455596690894, 0.27796588966588975, 0.18690928515928532, 0.3133402692079162], [0.19645171495171504, 0.27008342768342763, 0.20139303474303494, 0.3320718226218227], [0.2198530691530692, 0.27070210345210327, 0.1908195193695195, 0.3186253080253082], [0.211074888999889, 0.279938802863803, 0.2018865301365302, 0.30709977799977806], [0.24761045066045065, 0.27911759074259074, 0.17345223665223666, 0.29981972194472206], [0.24318682951035908, 0.28100047730047734, 0.20523592551239622, 0.2705767676767679], [0.25197935397935395, 0.31872996447996443, 0.18141016206016203, 0.24788051948051956], [0.18450045787545782, 0.28652146464646466, 0.21595072150072167, 0.3130273559773558], [0.30296736596736606, 0.2723562770562771, 0.16759814629814634, 0.25707821067821074], [0.1894892782054547, 0.2721768878180643, 0.22447016594516606, 0.31386366803131527], [0.19404975098001417, 0.28487483349983356, 0.24992930884904593, 0.2711461066711066], [0.3556126318126319, 0.2060391706332884, 0.17250534975860057, 0.2658428477954794], [0.21417501191618846, 0.25453321123321127, 0.17649745450627813, 0.3547943223443224], [0.24103926694220817, 0.24675099704217368, 0.1907381853440678, 0.3214715506715509], [0.2442565196241669, 0.2695278765352295, 0.1573438422688424, 0.3288717615717617], [0.30603107448107475, 0.21150831945831958, 0.18692054889554904, 0.29554005716505705], [0.2024815101565101, 0.2504072982572983, 0.22703427683427702, 0.32007691475191474], [0.1887316294816295, 0.2825855755355755, 0.21067051282051288, 0.31801228216228244], [0.20597900432900443, 0.2846158005393301, 0.20617595296860006, 0.3032292421630656], [0.2603714927229634, 0.23431505585917356, 0.20732990277696162, 0.2979835486409018], [0.30206293983793986, 0.2286756243756245, 0.1893570374070376, 0.2799043983793984], [0.30605755355755354, 0.2464710900210901, 0.18918362193362204, 0.25828773448773457], [0.21171630591630597, 0.2988979722891487, 0.22224995200877565, 0.2671357697857698], [0.2694392274392276, 0.25156470473970477, 0.19280262515262517, 0.2861934426684427], [0.25973860583860603, 0.22140800865800866, 0.20902262737262742, 0.3098307581307581], [0.20993652181152192, 0.30018489843489854, 0.19540438450438474, 0.29447419524919527], [0.2256129573041338, 0.2374588855588856, 0.24133821097203467, 0.29558994616494616], [0.21074900573282931, 0.2508088661338661, 0.25663188837306505, 0.28181023976023983], [0.22875556665556673, 0.24965145410145417, 0.2068354534354535, 0.3147575258075258], [0.46234165279165257, 0.24058966588966582, 0.12378271173271177, 0.17328596958596967], [0.2827011322011323, 0.2612312187812189, 0.16600303585303597, 0.290064613164613], [0.21102390942390944, 0.28024540459540453, 0.23462347097347114, 0.2741072150072152], [0.2555066766566768, 0.29082165334665344, 0.17394517704517704, 0.27972649295149293], [0.2354098119974282, 0.24124399571017222, 0.12429638213523667, 0.3990498101571632], [0.2097088467088467, 0.2756144244644244, 0.2266630036630038, 0.2880137251637251], [0.30195342712842704, 0.3037141303141303, 0.1323525308025308, 0.26197991175491175], [0.20127315739815757, 0.31208434065934065, 0.18745238095238106, 0.29919012099012104], [0.25389589854589867, 0.24299504662004662, 0.23864752192252195, 0.2644615329115331], [0.3072832167832167, 0.2783896686646687, 0.18310525030525043, 0.23122186424686436], [0.3066019869019868, 0.26064261098378755, 0.1711914363414364, 0.2615639657727894], [0.19671976079476092, 0.27926140803640787, 0.20765983460983473, 0.31635899655899674], [0.31225098235098236, 0.28522229992229997, 0.14123953823953828, 0.2612871794871795], [0.24307722277722288, 0.27619145670291184, 0.1945832445332447, 0.2861480759866211], [0.29797992007992014, 0.3030353202353203, 0.14849858474858485, 0.2504861749361751], [0.20488232323232325, 0.2712655408317173, 0.21386686369186383, 0.3099852722440959], [0.26283088023088025, 0.30296067821067807, 0.14895721500721518, 0.2852512265512266], [0.22416901431901437, 0.29093055555555547, 0.1959407592407593, 0.2889596708846709], [0.30591268453768444, 0.2262194333444335, 0.1972843045843049, 0.2705835775335776], [0.20058027332144981, 0.2769012227538544, 0.22993593073593066, 0.2925825731887652], [0.2700673243423244, 0.27979548229548235, 0.16363220113220123, 0.28650499222999243], [0.21199516790399148, 0.25107448282711453, 0.21828325367443016, 0.3186470955944641], [0.24224474136974145, 0.2942964563214564, 0.17728022255522277, 0.28617857975357974], [0.25320871628371644, 0.3055293841779136, 0.15815196502843568, 0.2831099345099345], [0.2211572871572874, 0.23604686979686973, 0.20924452915505554, 0.33355131389078746], [0.3060986124986126, 0.2943413697413697, 0.14268302808302813, 0.2568769896769897], [0.23510573038073043, 0.28985450485187336, 0.22946553899317085, 0.24557422577422588], [0.23350380175380187, 0.25715616050616064, 0.17089290709290722, 0.33844713064713056], [0.24740859418359423, 0.28796469396616475, 0.18558741781094729, 0.279039294039294], [0.35525154845154844, 0.23409160284160288, 0.13495057165057167, 0.2757062770562772], [0.2562273670773673, 0.29973862167244547, 0.2255041902541904, 0.2185298209959976], [0.3190162559662558, 0.2646260156510157, 0.13888440170940178, 0.27747332667332675], [0.20472633477633484, 0.2828310966810965, 0.21942766955266985, 0.2930148989898991], [0.2126016761016763, 0.26731394993895, 0.22843056388056382, 0.29165381007881025], [0.2080292485292487, 0.2887319125319127, 0.22142443112443128, 0.281814407814408], [0.23705634920634922, 0.28383614718614736, 0.19989437229437254, 0.27921313131313147], [0.21398412143412154, 0.2559288406038407, 0.2565070512820514, 0.2735799866799867], [0.19659374514374534, 0.27022178181295836, 0.24162420912420926, 0.2915602639190874], [0.20050758685758702, 0.3048267970591501, 0.18579298316063028, 0.3088726329226328], [0.21755743978243985, 0.29204556277056265, 0.21311889776889778, 0.2772780996780997], [0.2186328005328004, 0.32855944610944615, 0.19252391138273506, 0.26028384197501864], [0.22469317349317355, 0.3023263264513264, 0.20645787268287277, 0.2665226273726275], [0.2847974563448249, 0.23686696799932094, 0.22320667926844406, 0.2551288963874104], [0.2021524975024976, 0.2930669941169942, 0.22975889665889682, 0.27502161172161177], [0.24958387723387737, 0.29764897704634546, 0.23489450920596444, 0.21787263651381306], [0.22132892189509845, 0.2885966977466976, 0.17775571650571656, 0.31231866385248747], [0.29256767676767675, 0.24910574980574993, 0.19496295844678205, 0.2633636149797916], [0.20798463089198402, 0.2903600466526937, 0.2171494931968617, 0.28450582925846085], [0.30501834831834834, 0.24011796536796545, 0.16655815850815855, 0.28830552780552804], [0.22001757964257979, 0.27100411532911545, 0.23210888000888005, 0.276869425019425], [0.22431398046398063, 0.2434417332667334, 0.2008950355200356, 0.3313492507492507], [0.29634008214008206, 0.27971329944565243, 0.14890167120461245, 0.27504494720965306], [0.20837675657675675, 0.25925759240759244, 0.23846855512908158, 0.29389709588656976], [0.22577345073227434, 0.2917890109890113, 0.24463585107702762, 0.23780168720168726], [0.21201368631368644, 0.2485911727161727, 0.252130586080586, 0.28726455488955505], [0.2189565656565658, 0.3114269702519702, 0.19229832667332683, 0.2773181374181374], [0.3378049922299924, 0.22773300865800875, 0.17361072816072826, 0.2608512709512711], [0.2322651626151628, 0.2861460178710177, 0.19776939645322003, 0.2838194230605997], [0.24492360972360985, 0.26875511710511724, 0.14947293262293268, 0.33684834054834056], [0.18205218670218687, 0.28509501250383606, 0.19011709956709968, 0.34273570122687774], [0.21945052170052173, 0.2538394269129563, 0.21928754056401126, 0.3074225108225111], [0.1955335941835943, 0.2783844960594962, 0.22725934898434896, 0.2988225607725609], [0.21227805527805543, 0.26586285936285947, 0.20638583083583092, 0.31547325452325453], [0.2728077561327562, 0.2817473748473749, 0.1622964341214343, 0.28314843489843483], [0.2080723665223666, 0.27500794205794216, 0.2366342990342991, 0.2802853923853924], [0.2428354376016142, 0.2687772108610345, 0.20554347596847614, 0.28284387556887564], [0.21317960372960376, 0.3182717476967476, 0.20506240148740154, 0.2634862470862471], [0.27355361305361325, 0.25410406897024573, 0.2090797757797759, 0.26326254219636575], [0.27223046953046964, 0.23283716663453502, 0.18262607158922953, 0.3123062922457661], [0.18478560883560885, 0.27348376786612094, 0.2691964930494342, 0.27253413024883605], [0.2441729020979022, 0.24666576479076482, 0.23098007825507846, 0.27818125485625483], [0.21586139971139992, 0.26920200322553267, 0.2090927001103471, 0.30584389695272063], [0.23958737373737382, 0.24666653624153628, 0.2497553446553448, 0.2639907453657454], [0.21647089299589306, 0.28789938117438124, 0.2364571428571429, 0.2591725829725831], [0.22589344576991652, 0.23854504939504945, 0.20225599759717405, 0.3333055072378601], [0.2500474025974027, 0.29611882561882563, 0.17342053502053528, 0.2804132367632366], [0.31375417637917646, 0.26084164169164176, 0.19269922320541522, 0.2327049587237669], [0.21340177241059602, 0.3371588098176335, 0.21837952407070066, 0.2310598937010703], [0.17809612609612618, 0.28908738206238205, 0.22442983960483975, 0.3083866522366523], [0.36300919080919086, 0.23989380896880905, 0.12258874458874458, 0.2745082556332557], [0.1976647983595353, 0.20934417804417796, 0.22362082157608487, 0.369370202020202], [0.18414490509490508, 0.3022142135642135, 0.2177954545454547, 0.29584542679542675], [0.24827660085013054, 0.24424619167382328, 0.1804475194739901, 0.3270296880020566], [0.19887941502941514, 0.25620744810744805, 0.2363342601842602, 0.3085788766788767], [0.2971409451659452, 0.22955618156353455, 0.1634259018759019, 0.30987697139461856], [0.27989062326562325, 0.2632384559884562, 0.19331217393717404, 0.2635587468087469], [0.23420034410034404, 0.23403456820956833, 0.17870582195582202, 0.3530592657342656], [0.289750870328502, 0.22757317784554634, 0.19816714951714967, 0.2845088023088022], [0.2598593184593184, 0.28725003525885884, 0.18156223221223225, 0.27132841406959074], [0.24978885003885012, 0.2900670246420248, 0.20534391164391164, 0.2548002136752139], [0.20684514374514382, 0.2874347097347096, 0.19614394135276494, 0.3095762051673816], [0.23866251526251533, 0.2869959817959818, 0.16760826950826957, 0.30673323343323355], [0.2725962568477276, 0.22467468919968928, 0.2105555535967303, 0.29217350035585343], [0.23205586080586083, 0.23061789321789344, 0.2323888389388391, 0.30493740703740696], [0.2873371359033124, 0.17331656121656122, 0.1876753024753026, 0.35167100040482396], [0.20069391915274276, 0.269300891592068, 0.22841453350571014, 0.30159065574947924], [0.18189733044733056, 0.26103046120546114, 0.17261777111777118, 0.3844544372294372], [0.2377988254435623, 0.2993252802752803, 0.18786679782206112, 0.27500909645909655], [0.2610666222666223, 0.3101860136595432, 0.15992528206227907, 0.2688220820115557], [0.23986122211122227, 0.2625600677100678, 0.21519118659118674, 0.2823875235875235], [0.2528572268374902, 0.25127410542673706, 0.22055559922533616, 0.27531306851043696]]}, "rewritten": {"ids": ["97105580", "97107260", "97109570", "97110950", "97112830", "98106680", "98107010", "98107340", "98108580", "98110680", "98111231", "98117740", "99107640", "99107660", "99108080", "99108310", "99108710", "99109860", "99110730", "99111930", "100108580", "100109890", "100111380", "100113210", "100120780", "101108121", "101111620", "101116130", "101119030", "102110500", "102110690", "102116340", "102117351", "103109021", "103110100", "103110760", "103110840", "103113610", "103117200", "103117461", "103120730", "104111550", "104111620", "104111830", "104111880", "104111990", "104117630", "104119290", "105111990", "105113260", "105114220", "105115250", "105116501", "105117431", "105120280", "106113260", "106114321", "106114880", "106116120", "106117770", "106119260", "106120640", "106121220", "107112840", "107112850", "107113130", "107113360", "107114621", "107116340", "107116980", "107117630", "107118490", "107118780", "107120880", "107121540", "108113480", "108114180", "108114220", "108115250", "108115870", "108117451", "108118060", "108118301", "109113591", "109114720", "109115211", "109116040", "109116170", "109116441", "109117110", "109117431", "109117630", "109120621", "109121640", "110113591", "110113931", "110114321", "110115140", "110115250", "110115580", "110118740", "110119030", "110120700", "110121500", "111114121", "111115400", "111116010", "111116100", "111116411", "111116530", "111116990", "111117480", "111118810", "111118910", "111119250", "111119580", "111119930", "111120260", "111120540", "111120591", "111120640", "111121190", "111121930", "112116451", "112116640", "112116800", "112116900", "112117461", "112118161", "112118471", "112118890", "112119980", "112121010", "112121410", "112121430", "113119300", "113119450", "113120280", "113121680", "113121980", "113122150", "113122170"], "labels": [1, 2, 0, 3, 2, 1, 3, 0, 0, 2, 1, 2, 1, 3, 3, 2, 2, 2, 3, 1, 0, 3, 3, 0, 1, 0, 3, 2, 3, 3, 0, 3, 1, 0, 1, 1, 1, 2, 0, 0, 1, 1, 0, 3, 3, 2, 0, 1, 2, 3, 3, 2, 1, 1, 3, 3, 2, 0, 1, 0, 1, 3, 1, 1, 1, 1, 0, 0, 3, 3, 0, 2, 1, 1, 2, 0, 1, 3, 1, 3, 2, 1, 1, 3, 0, 0, 0, 0, 3, 1, 1, 0, 1, 0, 0, 1, 1, 0, 1, 1, 3, 0, 2, 3, 0, 0, 1, 3, 0, 3, 0, 1, 0, 0, 1, 3, 1, 3, 1, 1, 0, 1, 1, 0, 0, 0, 3, 0, 0, 1, 3, 0, 2, 0, 2, 1, 3, 0, 1, 2, 2, 1], "predicted_labels": [1, 1, 0, 0, 1, 0, 0, 1, 0, 0, 0, 1, 0, 0, 0, 1, 0, 0, 1, 1, 1, 0, 0, 0, 0, 0, 0, 3, 0, 0, 0, 0, 0, 0, 0, 0, 0, 0, 1, 0, 0, 0, 0, 0, 0, 0, 0, 0, 0, 0, 0, 0, 0, 0, 0, 0, 0, 0, 0, 0, 3, 0, 0, 0, 1, 0, 0, 0, 0, 0, 0, 1, 1, 0, 0, 1, 0, 0, 3, 0, 0, 1, 0, 0, 0, 0, 0, 0, 0, 0, 0, 0, 0, 0, 0, 0, 0, 0, 0, 0, 0, 1, 0, 0, 0, 0, 0, 0, 0, 0, 0, 0, 0, 0, 0, 0, 0, 0, 0, 0, 0, 0, 1, 0, 0, 1, 0, 0, 0, 1, 1, 1, 0, 0, 3, 0, 0, 0, 0, 0, 0, 0], "confidence_scores": [[0.2738180874680878, 0.3239831668331668, 0.20167727272727276, 0.20052147297147296], [0.25146887556887565, 0.28688396048396053, 0.23144209124209145, 0.23020507270507293], [0.3673009518259517, 0.24595806693306696, 0.18189981684981688, 0.20484116439116448], [0.3490541514041513, 0.2124382978132979, 0.19356119158619164, 0.24494635919635924], [0.24761916971916983, 0.29922197051314703, 0.19375751470751484, 0.25940134506016865], [0.32861308332190686, 0.27753173493173494, 0.20026695330812977, 0.19358822843822837], [0.3530888444888446, 0.23524983904983904, 0.1989689255189256, 0.2126923909423911], [0.2506965700965701, 0.2708662781662783, 0.24970992063492076, 0.2287272311022312], [0.3202625013875015, 0.2567377466101152, 0.21739744320007498, 0.20560230880230887], [0.3195089049839051, 0.2879051975801975, 0.191747224997225, 0.2008386724386725], [0.3979094516594515, 0.24951758241758248, 0.1709416305916306, 0.1816313353313354], [0.2630667332667333, 0.27688365523365527, 0.22353149073149078, 0.23651812076812082], [0.3266000447265154, 0.2798191566603333, 0.20382258101375758, 0.18975821759939418], [0.3139872849372849, 0.22761100174335483, 0.19907682709447413, 0.2593248862248863], [0.3610027583527583, 0.22507548921666573, 0.19421230436230438, 0.21970944806827167], [0.27205802726685097, 0.28777343489843493, 0.22319134835752485, 0.2169771894771897], [0.2964495837495839, 0.27093328060828076, 0.20498827108563958, 0.22762886455649636], [0.3154938755688758, 0.28378246671629026, 0.17378735708735726, 0.2269363006274771], [0.26796120154355463, 0.2820999325837562, 0.22106373071373084, 0.2288751351589588], [0.2828029120002804, 0.2987445701357467, 0.18738010109945108, 0.23107241676452214], [0.2645219724719726, 0.2976952325452325, 0.2382274336774337, 0.1995553613053613], [0.41001261516261495, 0.2521918617330382, 0.16555439560439564, 0.17224112749995107], [0.30373253135753153, 0.23138164417282073, 0.2317799644799646, 0.23310585998968364], [0.29542676767676773, 0.2938556055056056, 0.1876579365079365, 0.2230596903096905], [0.29206157453657466, 0.2791481435231436, 0.19404858474858477, 0.2347416971916974], [0.4063716894216895, 0.2270578588078588, 0.16461789321789336, 0.2019525585525588], [0.33790546283781614, 0.22812066658831384, 0.2305211566211568, 0.20345271395271392], [0.2529324580648111, 0.24812396133278497, 0.21578655233655256, 0.28315702826585193], [0.342420512820513, 0.24373949383949386, 0.2009504606504606, 0.2128895326895328], [0.32179049284049277, 0.2531023754023756, 0.17051181318681327, 0.2545953185703187], [0.3439212787212787, 0.2595660728160727, 0.16512997937734789, 0.231382669085301], [0.29710381448616746, 0.2699016352928118, 0.23116157045568816, 0.20183297976533285], [0.4215720501720502, 0.2682447108447107, 0.15396912531912543, 0.15621411366411375], [0.43248422688422683, 0.24769313464313478, 0.15599708624708628, 0.16382555222555226], [0.33345467310467325, 0.2435022652184418, 0.20765578865578874, 0.21538727302109661], [0.33502455322455327, 0.22709495329232174, 0.1865358936385253, 0.2513445998445999], [0.3577703272217978, 0.25894365356865356, 0.1800227308639074, 0.20326328834564128], [0.28197324897324905, 0.25771065682683336, 0.20350791576844232, 0.2568081784314757], [0.2204825424575425, 0.317501320901321, 0.2064624986124987, 0.25555363802863806], [0.38503310403047236, 0.22826067821067828, 0.17312267177267177, 0.21358354598617768], [0.3825555555555557, 0.2508309301809302, 0.17807517482517496, 0.18853833943833948], [0.3129936452436454, 0.26627202242202236, 0.24484595404595416, 0.17588837828837842], [0.3182011766011767, 0.23544984541602196, 0.1773247113997115, 0.2690242665830902], [0.28961636141636155, 0.2807102342102342, 0.18782737817737813, 0.24184602619602635], [0.27783735627117984, 0.25205117660117665, 0.19979251663369318, 0.27031895049395055], [0.3117504329004328, 0.2857953046953046, 0.20492828282828288, 0.19752597957597967], [0.2719741425241425, 0.27026915131651974, 0.21690348715611885, 0.24085321900321918], [0.3515352813852814, 0.24111549006549013, 0.19697953157953169, 0.21036969696969718], [0.3114059440559443, 0.2351193972693974, 0.197703823953824, 0.25577083472083484], [0.4033065906315907, 0.24780073341690992, 0.17246776556776572, 0.17642491038373392], [0.33747020202020206, 0.24487050449550454, 0.21302157287157292, 0.20463772061272067], [0.3354869963369964, 0.23749842102342103, 0.19821777666777676, 0.22879680597180604], [0.3376279498279499, 0.27098335275835267, 0.13955263347763353, 0.25183606393606406], [0.37004450190332544, 0.292627195027195, 0.14533144992262648, 0.19199685314685327], [0.3106548423798424, 0.2477619120645437, 0.202120202020202, 0.23946304353541203], [0.34701527361527373, 0.27033620268620256, 0.17990146520146538, 0.20274705849705857], [0.4106916139416139, 0.21884272949272948, 0.183922410922411, 0.1865432456432458], [0.33483997113997094, 0.2538216810966811, 0.2114803529803532, 0.19985799478299485], [0.29193660783660796, 0.26135129315129324, 0.22883981573981588, 0.2178722832722833], [0.30936095293595295, 0.21412223609723616, 0.22205411255411273, 0.2544626984126985], [0.2524106975583757, 0.24373267435179202, 0.2075398670730716, 0.2963167610167612], [0.29097754467754494, 0.26565203305466467, 0.18096148675885518, 0.2624089355089357], [0.34869873737373724, 0.26631809220191577, 0.18154562937062946, 0.2034375410537176], [0.35278640526140537, 0.23016207403707412, 0.21944786879786882, 0.19760365190365195], [0.2913921966921967, 0.3056263625263626, 0.17523936618936636, 0.2277420745920747], [0.30338698801198816, 0.2004744735656502, 0.22089292488557205, 0.27524561353679], [0.44948595848595846, 0.22307752802752806, 0.20075852480852485, 0.1266779886779887], [0.4612120768120767, 0.20931877566877563, 0.1538828282828284, 0.17558631923631937], [0.30113876009611323, 0.2646396805808571, 0.19242503754415538, 0.2417965217788748], [0.3432099736864444, 0.29246813741813754, 0.16578269867387518, 0.19853919022154312], [0.3560208014208011, 0.20600564990564987, 0.18816090021090032, 0.24981264846264864], [0.2854001942501944, 0.28900386557886587, 0.18599632589632592, 0.23959961427461438], [0.2741944266517798, 0.2745029329717411, 0.19472948178412589, 0.2565731585923537], [0.3152603618603617, 0.2518529415029416, 0.1997354700854701, 0.23315122655122675], [0.3771316572316572, 0.23728050838050851, 0.17828957153957153, 0.20729826284826294], [0.24096333111333118, 0.2882321168597484, 0.21698066246618875, 0.2538238895607317], [0.3031704573204572, 0.29091446494681794, 0.20151136682375084, 0.20440371090897402], [0.34648171273171247, 0.234387087912088, 0.19324543234543246, 0.22588576701076699], [0.26729628982129, 0.2579555444555445, 0.1888158646908648, 0.2859323010323012], [0.35832136197136194, 0.25431435231435234, 0.15688615273615275, 0.23047813297813308], [0.31418050838050837, 0.24579596514596508, 0.18254787989788, 0.2574756465756466], [0.24887348207348223, 0.2713489565989565, 0.21554627594627598, 0.26423128538128543], [0.39922180597180584, 0.23375556110556112, 0.19263333888333894, 0.1743892940392942], [0.3562010156510156, 0.3010212842712845, 0.16521394716394724, 0.17756375291375304], [0.3358254245754247, 0.229008535908536, 0.2088646742146743, 0.22630136530136535], [0.3714134643134644, 0.2409968420468422, 0.1803576146076147, 0.20723207903207924], [0.3544417876241404, 0.2401153327065092, 0.18967459631871406, 0.21576828335063641], [0.33280430843666137, 0.29574532771150414, 0.19222264549176316, 0.17922771836007134], [0.4482659895659894, 0.20672471417471414, 0.16108758463758474, 0.18392171162171164], [0.2952483904983905, 0.2684468975468976, 0.1892791042291043, 0.24702560772560786], [0.3482709346209347, 0.26867186979686974, 0.18263472915972923, 0.2004224664224666], [0.2712734876234879, 0.26108223340986514, 0.23088482905982927, 0.23675944990681844], [0.3764123876123877, 0.20933807303807303, 0.17567748917748927, 0.23857205017205013], [0.37278466810966826, 0.22759411568823332, 0.16869985700573945, 0.2309213591963593], [0.3696752247752248, 0.2510292077203843, 0.19092111972994336, 0.18837444777444798], [0.3061104509869215, 0.2682492340992342, 0.17827760376878019, 0.24736271114506417], [0.36841902819402783, 0.2521271867021867, 0.16290068820068832, 0.21655309690309701], [0.3537513209013207, 0.22449388944388945, 0.1814149628149629, 0.24033982683982705], [0.3374495976245976, 0.22167482794982807, 0.20350948495948493, 0.23736608946608972], [0.2797718662916033, 0.2511259341535657, 0.20063465773992098, 0.26846754181491034], [0.29148624594359906, 0.2764516214177979, 0.22331796406208176, 0.2087441685765216], [0.30463175990675967, 0.31163254719137073, 0.17456543602596247, 0.20917025687590704], [0.2869504662004665, 0.2495397491397493, 0.2095463924963926, 0.2539633921633921], [0.3419301337551337, 0.24312758352758365, 0.19527388999889006, 0.21966839271839292], [0.35458992118992105, 0.23045134310134313, 0.18758857808857815, 0.22737015762015772], [0.29274302568776234, 0.2478169275169276, 0.17529489195015513, 0.28414515484515507], [0.2937366827616827, 0.2682222444222446, 0.17736927239427266, 0.2606718004218006], [0.2876731879231881, 0.27104558774558785, 0.1967936545910231, 0.24448756974020136], [0.39105038017538013, 0.22878959651459663, 0.18520110824847666, 0.19495891506154667], [0.3392474525474525, 0.24923744588744612, 0.20210052725052727, 0.20941457431457441], [0.3804536435786434, 0.24852747530247532, 0.16728612498612502, 0.20373275613275627], [0.39838922466422466, 0.2509694305694306, 0.1876533175888441, 0.16298802717750088], [0.321393759834936, 0.24183070818070834, 0.18401696081696092, 0.25275857116739475], [0.33334801032301037, 0.24596638639138638, 0.1541707237207237, 0.2665148795648798], [0.3396999115263823, 0.2566275252525253, 0.20510711037328694, 0.19856545284780588], [0.3330050366300366, 0.24949786602286608, 0.18288349428349435, 0.23461360306360302], [0.3027716977466978, 0.27871503496503497, 0.17890381840381847, 0.23960944888444902], [0.30863208735708736, 0.2561876229979172, 0.18490450236038483, 0.2502757872846108], [0.3515288322788324, 0.24962544852808013, 0.20068449328449345, 0.19816122590859442], [0.42150652125652127, 0.23104578199578196, 0.17395193695193714, 0.17349575979575985], [0.35114299034299024, 0.2505798693136929, 0.16510677655677664, 0.2331703637865403], [0.3818792318792319, 0.22538147963147967, 0.17137113442113447, 0.22136815406815422], [0.2305550421800423, 0.2889219613719614, 0.2230573398823401, 0.2574656565656566], [0.3967280358530359, 0.26482662615162605, 0.157378293928294, 0.18106704406704408], [0.37780622988122997, 0.24640545565545569, 0.17159881784881795, 0.20418949661449676], [0.2610715673215672, 0.2899846597846598, 0.2173823232323234, 0.23156144966144976], [0.3842755411255414, 0.24483679653679657, 0.18256909756909764, 0.18831856476856484], [0.4092027972027972, 0.2525309745809746, 0.17309288489288502, 0.16517334332334346], [0.4245337551337551, 0.25522647907647905, 0.17699847929847928, 0.14324128649128656], [0.2712380674880675, 0.2768352702852705, 0.21048094128094133, 0.24144572094572114], [0.25819007104007097, 0.2679627483627484, 0.20783418949471585, 0.26601299110246485], [0.25694134558252224, 0.3171365431953669, 0.17881037851037862, 0.24711173271173287], [0.3125050005550009, 0.27719006549006553, 0.18358071373071383, 0.2267242202242203], [0.2715999880838116, 0.2678977408212703, 0.20085549442817244, 0.25964677666674585], [0.25296565934065945, 0.27180647963147964, 0.19594937284937294, 0.27927848817848816], [0.3313426850926852, 0.2549175876411171, 0.1950676992941699, 0.2186720279720282], [0.2996013034351269, 0.2712980796980796, 0.1840267046678813, 0.24507391219891225], [0.3282907037407038, 0.1873194527694527, 0.18003054869107507, 0.30435929479876855], [0.28415776478423543, 0.266113086913087, 0.2151943758855524, 0.23453477241712536], [0.3455212898212899, 0.23946487678987688, 0.18454280996781, 0.23047102342102352], [0.2949913756178464, 0.23664701964701965, 0.18135359444477098, 0.28700801029036305], [0.2842870049884757, 0.22718690476190495, 0.24241718085835753, 0.24610890939126248]]}}