{"test": {"ids": ["111116640", "111118910", "109114220", "113118490", "110118701", "103113270", "113120640", "113122120", "110121140", "113122430", "112118421", "103118110", "107116980", "104112201", "107115250", "101109370", "100108580", "110114651", "106113830", "101111620", "104111550", "110118450", "112120270", "98116940", "101109120", "107114780", "100109801", "107118120", "113119320", "101111990", "104110960", "113122230", "110119300", "108114360", "112118930", "110115140", "105118740", "108113760", "111120531", "108118520", "112116610", "101114020", "110114720", "113119930", "113118820", "100113370", "98120530", "102109010", "97107920", "107113840", "98116500", "99113260", "108116481", "102118380", "107113170", "105117431", "97109570", "112121410", "105115680", "103113610", "111117571", "100111270", "113121220", "113118511", "104114320", "109115070", "113117340", "104113380", "111119340", "100111080", "110115890", "109117080", "101109000", "107114200", "109118231", "107121540", "110118121", "108113700", "105114220", "111117120", "107116300", "112118810", "112121360", "112119930", "113118870", "98111670", "111119610", "110121170", "113122190", "107115140", "112116810", "112117790", "111119300", "109116930", "105113210", "109116040", "112118550", "105111990", "97116401", "113122170", "112116880", "102110850", "99109840", "113121190", "100108490", "106111321", "113121410", "113122180", "112118530", "110118930", "105116980", "97106770", "101110200", "104114230", "108120060", "111114321", "107121640", "109114651", "99108580", "98108410", "104113550", "104114410", "108116070", "100110050", "104116800", "113121980", "112119950", "97118210", "112117780", "112120640", "104113190", "106116640", "97106000", "110117500", "108114040", "111121930", "99107630", "100109910", "99107300", "101108370", "98107010", "103113260"], "labels": [0, 0, 3, 1, 3, 2, 0, 1, 3, 2, 3, 2, 3, 0, 2, 1, 0, 3, 1, 3, 1, 0, 0, 2, 1, 2, 0, 3, 1, 2, 2, 1, 1, 1, 1, 0, 1, 1, 0, 0, 1, 3, 3, 1, 0, 3, 1, 1, 0, 3, 2, 0, 0, 1, 0, 1, 0, 0, 2, 2, 3, 2, 3, 1, 2, 0, 2, 1, 3, 0, 2, 1, 1, 2, 1, 2, 3, 0, 3, 2, 0, 3, 3, 1, 0, 1, 2, 2, 1, 0, 3, 3, 1, 0, 3, 0, 3, 2, 3, 1, 0, 3, 2, 1, 2, 0, 0, 2, 1, 1, 0, 3, 2, 2, 1, 1, 1, 3, 0, 1, 1, 1, 1, 3, 1, 2, 0, 2, 0, 0, 3, 3, 0, 1, 0, 1, 2, 2, 3, 1, 3, 3], "predicted_labels": [0, 3, 1, 0, 1, 2, 0, 1, 3, 3, 3, 2, 0, 0, 2, 1, 2, 3, 3, 3, 1, 1, 1, 1, 1, 0, 1, 1, 0, 3, 0, 1, 0, 1, 3, 0, 3, 3, 1, 1, 1, 3, 2, 0, 0, 3, 3, 3, 0, 1, 3, 1, 0, 1, 3, 1, 1, 3, 1, 1, 0, 2, 3, 0, 1, 1, 1, 2, 3, 2, 1, 1, 3, 3, 1, 1, 3, 0, 0, 1, 1, 0, 0, 3, 3, 2, 1, 3, 3, 3, 1, 0, 3, 0, 3, 3, 3, 0, 3, 1, 1, 2, 2, 3, 1, 0, 3, 3, 2, 3, 0, 2, 1, 2, 2, 1, 0, 0, 2, 0, 3, 3, 1, 3, 3, 3, 0, 2, 0, 2, 3, 3, 3, 0, 3, 0, 3, 2, 0, 0, 1, 1], "confidence_scores": [[0.27605612121984924, 0.2705929767088218, 0.21254936806870922, 0.24080153400261975], [0.2080745991139862, 0.28553126015013913, 0.14306797154219664, 0.36332616919367783], [0.24553174935419841, 0.28328520116222894, 0.18213133855275337, 0.2890517109308192], [0.37616312262701707, 0.21891214619230395, 0.1075742400800244, 0.2973504911006547], [0.2018389045633488, 0.29621438536954364, 0.1977995097495153, 0.30414720031759224], [0.1623091826323477, 0.2549959132479572, 0.31978701173613255, 0.26290789238356216], [0.278879558328584, 0.2752814134041223, 0.15087166676300207, 0.2949673615042916], [0.21724030332685554, 0.29974807685394733, 0.25743456107987983, 0.22557705873931738], [0.2707918328600211, 0.27886749217584916, 0.15222595838892736, 0.2981147165752024], [0.16500022414449642, 0.3227301907854975, 0.15927173087525268, 0.3529978541947534], [0.293892108253769, 0.2670545439806573, 0.1016953780572441, 0.3373579697083294], [0.1254506381979472, 0.24412579070252016, 0.34100386255423504, 0.2894197085452979], [0.37630072711872425, 0.27646771511637797, 0.124421989887904, 0.22280956787699363], [0.32999760168260833, 0.2686974590257276, 0.09820455886544155, 0.30310038042622245], [0.13726634609390845, 0.31711144831660404, 0.35520591851974065, 0.19041628706974678], [0.16335180452827597, 0.3065793879778742, 0.2452351269471968, 0.2848336805466528], [0.17361800878672823, 0.23991459001564008, 0.4201617928221628, 0.1663056083754689], [0.24262187301151342, 0.3230969390495857, 0.07027053735128387, 0.3640106505876171], [0.2667342775701977, 0.2810766523927504, 0.12554122068849177, 0.3266478493485602], [0.2630764834889474, 0.2333736048740627, 0.19090710893072788, 0.31264280270626216], [0.21769471622309264, 0.2946705611260318, 0.22941197433805663, 0.2582227483128192], [0.1397725335519293, 0.3581682584445172, 0.3147734746476001, 0.18728573335595317], [0.14840379152429534, 0.31740209869964364, 0.2873237223709935, 0.24687038740506756], [0.2467021748870096, 0.3053932287945526, 0.2252922291190198, 0.2226123671994179], [0.18637670848409155, 0.29230323731465685, 0.27755222605880575, 0.2437678281424459], [0.2552871686825299, 0.2743965244404896, 0.18543369982788943, 0.28488260704909074], [0.2190747816510751, 0.32406986406639876, 0.14304662260069317, 0.31380873168183293], [0.1905685509123722, 0.34801601329471676, 0.0974132065417487, 0.3640022292511623], [0.36582453881537275, 0.2358738553680076, 0.0588360809981382, 0.33946552481848147], [0.2594812124872995, 0.2461930509409205, 0.16971138412922954, 0.32461435244255044], [0.36196360416136386, 0.24358965018315165, 0.14967530088094297, 0.24477144477454138], [0.2302711167651958, 0.2874619084670359, 0.22285813297472323, 0.2594088417930449], [0.3107398994672418, 0.25663564699129027, 0.12587715023239396, 0.3067473033090739], [0.20238755552480642, 0.2856844038880829, 0.247889430770865, 0.2640386098162457], [0.30291406090281997, 0.2589814629639641, 0.07536347179427352, 0.36274100433894246], [0.2996251058754396, 0.25169438483615014, 0.1578388455092518, 0.2908416637791583], [0.2456580826043754, 0.27687893098383354, 0.16241650117951206, 0.31504648523227885], [0.2802421453834815, 0.24935498269470696, 0.16558813355537474, 0.3048147383664368], [0.23639558573644093, 0.3229418185036077, 0.15718745342769436, 0.2834751423322567], [0.25165114478314743, 0.31828402190669275, 0.15553038155086832, 0.2745344517592916], [0.26467977670504517, 0.2904068351649334, 0.19649003083998917, 0.24842335729003273], [0.24485800474578312, 0.28086960632306185, 0.1805050116877167, 0.2937673772434384], [0.12283069913421356, 0.2671349931537276, 0.45250422869529083, 0.1575300790167683], [0.3206048961850208, 0.271495011695153, 0.09226687278093375, 0.3156332193388926], [0.3225228308548758, 0.2504412551148098, 0.10815198309210117, 0.3188839309382134], [0.16487281182425206, 0.2947799607053277, 0.2006135781428657, 0.33973364932755423], [0.2817778137608334, 0.2653595503078961, 0.11162354629902836, 0.3412390896322422], [0.2251898871250173, 0.25535744770293006, 0.24958672067858115, 0.2698659444934716], [0.3652237339665193, 0.21193342512720253, 0.0969771563404817, 0.3258656845657964], [0.23856767020015626, 0.29479312812539354, 0.16762850171797336, 0.29901069995647694], [0.260388615658091, 0.26424502653175896, 0.1497159927036959, 0.32565036510645423], [0.2191416910867832, 0.29669990487221237, 0.26970787767116067, 0.2144505263698437], [0.3469811963489453, 0.24370461508120198, 0.06371643669881834, 0.3455977518710344], [0.15096240424129356, 0.32228760840590576, 0.2479175549179702, 0.2788324324348307], [0.29647401709436116, 0.25868728785971123, 0.12552121158305538, 0.3193174834628724], [0.19029521857871357, 0.2951292693656428, 0.23841132796670014, 0.27616418408894355], [0.23953265322703793, 0.2787981954266543, 0.17217401559624104, 0.30949513575006665], [0.24640510389487072, 0.29955587473291445, 0.10326388210242023, 0.3507751392697943], [0.1612957104593473, 0.33420090676390657, 0.23154051969628794, 0.2729628630804579], [0.22893360495316906, 0.28638556408197546, 0.2506739672066995, 0.2340068637581563], [0.3674407916020975, 0.2690183132134338, 0.06984801585142095, 0.2936928793330475], [0.11839757021015089, 0.319464458552819, 0.3717609833161676, 0.19037698792086247], [0.23193860987842932, 0.245504278821345, 0.14237053816535128, 0.38018657313487403], [0.2790918187518757, 0.2637887395550378, 0.19544547436895915, 0.26167396732412757], [0.28615765925611664, 0.2848981796513462, 0.22727529214516637, 0.20166886894737082], [0.2299872484226385, 0.35284573897355953, 0.14756686544023834, 0.2696001471635638], [0.1680876411553918, 0.3056564403942199, 0.28322090736492644, 0.24303501108546172], [0.14706686918387532, 0.27867866231010324, 0.37072127482389333, 0.2035331936821282], [0.2749623353536453, 0.3052410087289779, 0.06773212352571256, 0.3520645323916643], [0.2142520017873301, 0.2630208660477714, 0.2793560821609407, 0.24337105000395773], [0.1429622099339827, 0.3274498782690349, 0.22272091105329747, 0.3068670007436847], [0.15488767883133578, 0.36400528437454893, 0.1730913837794368, 0.30801565301467837], [0.10782906272751756, 0.30446405230871426, 0.2713171230137712, 0.3163897619499971], [0.2711309347642204, 0.31001930090148533, 0.07279492227916136, 0.34605484205513315], [0.22623045413590864, 0.3323730280330225, 0.16563206020265558, 0.27576445762841356], [0.18178650780401134, 0.3182092019091345, 0.22854919724000303, 0.2714550930468511], [0.28804617993791753, 0.28082026561611184, 0.06514885299584387, 0.3659847014501268], [0.41921489380850446, 0.2518773063425331, 0.09039152081390121, 0.2385162790350611], [0.32749342309541685, 0.2896510161004604, 0.08166592171548506, 0.3011896390886378], [0.24565581273085998, 0.31706884255167184, 0.10063595627055381, 0.3366393884469142], [0.25351128135107304, 0.312025812202485, 0.14248045654457983, 0.2919824499018619], [0.33749843840019356, 0.2859155982143306, 0.061807503319920874, 0.31477846006555477], [0.33349115724395006, 0.2936831088085927, 0.09346734543843069, 0.2793583885090265], [0.15505680821339496, 0.303494933617479, 0.21539941111037464, 0.3260488470587513], [0.2335435319421302, 0.31305864651538207, 0.10143638813121177, 0.35196143341127617], [0.1836129004827889, 0.24743873829416152, 0.3418526422624273, 0.22709571896062206], [0.10249876868393137, 0.3243113568586041, 0.3422651093122001, 0.23092476514526408], [0.13968082297027012, 0.30446128139987344, 0.24969621064309425, 0.30616168498676244], [0.14867260333101093, 0.2703208669651021, 0.28588344665672705, 0.29512308304715995], [0.26491707650583474, 0.1990019121446945, 0.1294816914354502, 0.40659931991402015], [0.2355218739494931, 0.2738423121924452, 0.2099544056645359, 0.28068140819352577], [0.34672525605211096, 0.21828572325814416, 0.11350331091018277, 0.321485709779562], [0.22148714513286988, 0.295092239279136, 0.11604023715901697, 0.367380378428977], [0.25730308116744915, 0.2381344200814995, 0.2768170665714856, 0.22774543217956603], [0.24545615536929308, 0.27045132385248205, 0.0818719532100799, 0.40222056756814517], [0.16983335599929936, 0.2740555797414892, 0.23475287920946292, 0.32135818504974895], [0.27426148662242444, 0.26223554728658266, 0.09399099793594061, 0.3695119681550522], [0.32698429948885915, 0.2744918598507034, 0.05520150239835633, 0.3433223382620809], [0.15970589641781344, 0.2966032429275906, 0.23150003263794053, 0.31219082801665526], [0.178013022035092, 0.31824195907057756, 0.1708667363018757, 0.33287828259245483], [0.2314595636100199, 0.29163686690115787, 0.20763821134654845, 0.2692653581422735], [0.09570932119843006, 0.33444474425220017, 0.38479871763454715, 0.18504721691482257], [0.10882146122162735, 0.31052663693196575, 0.3604837791290744, 0.2201681227173327], [0.30029198269874874, 0.2727314935588777, 0.08838442976081592, 0.3385920939815578], [0.21491095082616815, 0.29229794081553334, 0.227516487270031, 0.2652746210882677], [0.30005522144521446, 0.26658470934218237, 0.14687650395564153, 0.28648356525696184], [0.29269659147129523, 0.23937978914917837, 0.04959994240918054, 0.41832367697034584], [0.2570022948720516, 0.2750410995757151, 0.1162810229955418, 0.3516755825566914], [0.17514990253908652, 0.2978603324520946, 0.33190727240864104, 0.19508249260017763], [0.2554939692334766, 0.27206795304273934, 0.12289030166251921, 0.34954777606126464], [0.3597704248737394, 0.2597595028632095, 0.14912638897133462, 0.23134368329171648], [0.17880087230937367, 0.24131906281587234, 0.38922730574567577, 0.19065275912907817], [0.18339660805789385, 0.3657670703011674, 0.178012819846397, 0.2728235017945417], [0.12965650567218215, 0.30614442890813076, 0.33128428623224193, 0.23291477918744502], [0.20985083302256538, 0.2828338591945318, 0.3519016712291045, 0.1554136365537985], [0.22329327911311364, 0.3361256983363736, 0.21183622650974782, 0.2287447960407653], [0.2490884387570714, 0.24833309126058112, 0.24679369169577556, 0.25578477828657176], [0.34966456147226355, 0.23115951734435958, 0.10819303167464511, 0.31098288950873193], [0.15277131859079318, 0.2854994673282238, 0.4119442601354188, 0.14978495394556463], [0.3259643755953777, 0.27190407366201186, 0.14148096249862713, 0.2606505882439833], [0.3074382824509398, 0.21802427486280132, 0.18081734402649294, 0.2937200986597657], [0.28087645098971603, 0.28602880649509776, 0.0809992654688067, 0.35209547704637983], [0.2744072043734705, 0.29350222809462484, 0.20446200211138826, 0.22762856542051638], [0.12447772960118285, 0.3275138241555293, 0.1847740011416452, 0.36323444510164277], [0.18566844530730223, 0.296047714240302, 0.1841376065057367, 0.334146233946659], [0.1916914664997206, 0.3101393646946622, 0.12982416020017137, 0.36834500860544617], [0.3707677899453813, 0.23449028435859373, 0.05755414724320666, 0.3371877784528184], [0.2253864797489232, 0.25120721862399803, 0.311369392110527, 0.212036909516552], [0.3238023412786469, 0.26912215427721237, 0.08826237344776193, 0.31881313099637865], [0.17279731878199311, 0.2672737551893431, 0.34137818657964736, 0.2185507394490163], [0.24976789008425096, 0.26714782265923553, 0.16752728897885039, 0.31555699827766337], [0.2645763503745258, 0.23977720109536096, 0.10496420270723132, 0.39068224582288236], [0.12470113457607529, 0.28286986981648315, 0.21302467780326917, 0.3794043178041724], [0.281786455410409, 0.2722006843866689, 0.15162620929871365, 0.2943866509042083], [0.1861484800439867, 0.3123715715303984, 0.15170896288314784, 0.34977098554246727], [0.4212802145232926, 0.2302225237156394, 0.05683542303788289, 0.2916618387231852], [0.25433964908080436, 0.21438373991327553, 0.21962101308882215, 0.3116555979170982], [0.16641801910178805, 0.232989668581804, 0.47772312960141144, 0.12286918271499676], [0.322079006604505, 0.2760995982780562, 0.07843397623574892, 0.32338741888168987], [0.4293924002441657, 0.23585271248963113, 0.09911001402227697, 0.2356448732439265], [0.24638044153405447, 0.30561253641222863, 0.1380810929502043, 0.3099259291035128], [0.19136035814008664, 0.30800818498274524, 0.19916818081955728, 0.301463276057611]]}, "rewritten": {"ids": ["97106000", "97106770", "97107920", "97109570", "97116401", "97118210", "98107010", "98108410", "98111670", "98116500", "98116940", "98120530", "99107300", "99107630", "99108580", "99109840", "99113260", "100108490", "100108580", "100109801", "100109910", "100110050", "100111080", "100111270", "100113370", "101108370", "101109000", "101109120", "101109370", "101110200", "101111620", "101111990", "101114020", "102109010", "102110850", "102118380", "103113260", "103113270", "103113610", "103118110", "104110960", "104111550", "104112201", "104113190", "104113380", "104113550", "104114230", "104114320", "104114410", "104116800", "105111990", "105113210", "105114220", "105115680", "105116980", "105117431", "105118740", "106111321", "106113830", "106116640", "107113170", "107113840", "107114200", "107114780", "107115140", "107115250", "107116300", "107116980", "107118120", "107121540", "107121640", "108113700", "108113760", "108114040", "108114360", "108116070", "108116481", "108118520", "108120060", "109114220", "109114651", "109115070", "109116040", "109116930", "109117080", "109118231", "110114651", "110114720", "110115140", "110115890", "110117500", "110118121", "110118450", "110118701", "110118930", "110119300", "110121140", "110121170", "111114321", "111116640", "111117120", "111117571", "111118910", "111119300", "111119340", "111119610", "111120531", "111121930", "112116610", "112116810", "112116880", "112117780", "112117790", "112118421", "112118530", "112118550", "112118810", "112118930", "112119930", "112119950", "112120270", "112120640", "112121360", "112121410", "113117340", "113118490", "113118511", "113118820", "113118870", "113119320", "113119930", "113120640", "113121190", "113121220", "113121410", "113121980", "113122120", "113122170", "113122180", "113122190", "113122230", "113122430"], "labels": [0, 3, 0, 0, 3, 2, 3, 1, 1, 2, 2, 1, 3, 2, 0, 2, 0, 2, 0, 0, 2, 3, 0, 2, 3, 1, 1, 1, 1, 2, 3, 2, 3, 1, 3, 1, 3, 2, 2, 2, 2, 1, 0, 3, 1, 1, 2, 2, 1, 1, 2, 3, 3, 2, 0, 1, 1, 0, 1, 3, 0, 3, 2, 2, 0, 2, 0, 3, 3, 2, 1, 0, 1, 0, 1, 1, 0, 0, 1, 3, 3, 0, 0, 0, 1, 1, 3, 3, 0, 2, 1, 3, 0, 3, 1, 1, 3, 2, 1, 0, 2, 3, 0, 1, 3, 2, 0, 1, 1, 3, 0, 0, 3, 3, 1, 3, 3, 1, 1, 0, 0, 0, 3, 0, 2, 1, 1, 0, 0, 1, 1, 0, 1, 3, 0, 2, 1, 1, 2, 1, 1, 2], "predicted_labels": [3, 0, 0, 3, 3, 0, 1, 0, 2, 0, 0, 0, 0, 3, 2, 2, 0, 0, 2, 3, 0, 3, 0, 1, 1, 0, 3, 0, 3, 1, 0, 0, 0, 0, 0, 1, 3, 3, 1, 3, 0, 1, 0, 3, 2, 3, 3, 0, 3, 0, 0, 3, 0, 1, 0, 0, 0, 0, 0, 3, 0, 1, 0, 3, 3, 3, 0, 0, 3, 3, 0, 0, 0, 3, 1, 0, 0, 0, 0, 0, 0, 1, 3, 3, 1, 1, 3, 2, 3, 1, 0, 0, 1, 0, 3, 0, 3, 0, 1, 0, 3, 0, 3, 3, 3, 1, 1, 0, 0, 1, 0, 0, 0, 3, 1, 3, 0, 0, 1, 0, 1, 3, 0, 3, 1, 0, 0, 0, 3, 0, 0, 3, 0, 3, 3, 1, 0, 1, 3, 3, 1, 1], "confidence_scores": [[0.2007890290066574, 0.2690660277867902, 0.17480711663859927, 0.35533782656795315], [0.241166044562244, 0.2519832538825968, 0.24901505262837498, 0.25783564892678423], [0.34331740244093334, 0.2251041487875207, 0.09037525659523925, 0.34120319217630657], [0.27800304072402054, 0.27689044523961664, 0.12158443677930338, 0.32352207725705945], [0.2756232101705799, 0.274630230019969, 0.11316208989193191, 0.3365844699175194], [0.31891254285947657, 0.2291042208286633, 0.2020890844021626, 0.24989415190969747], [0.27934046096182, 0.2948994763994012, 0.10970234377307983, 0.3160577188656989], [0.3343602154433161, 0.28060434561650477, 0.0912188962740654, 0.2938165426661137], [0.2021794725939855, 0.26265047033570715, 0.2754639362594552, 0.25970612081085215], [0.295785228190358, 0.2619148376362426, 0.12438276163122886, 0.31791717254217056], [0.3077828205386358, 0.27803439158386906, 0.11474701846327251, 0.2994357694142224], [0.3409033864940077, 0.2451342865978107, 0.10101435712671251, 0.312947969781469], [0.32051880968409746, 0.27434249517929965, 0.07322517141501893, 0.3319135237215838], [0.2927441490260249, 0.21839128615717462, 0.16489589521213194, 0.3239686696046683], [0.22569497035339084, 0.26536315283434525, 0.31759162761913906, 0.19135024919312485], [0.14794220958056464, 0.298494833346447, 0.3155912212874715, 0.23797173578551703], [0.2915128235795869, 0.27516796241757446, 0.14595796410871661, 0.2873612498941218], [0.26269900032356497, 0.26869711413075836, 0.17913150051901192, 0.2894723850266651], [0.23070916049401446, 0.24758823394101806, 0.28676654431584203, 0.2349360612491253], [0.2524636327104978, 0.2961985429567433, 0.11140976360947842, 0.3399280607232804], [0.27446241361772994, 0.24038137788210515, 0.29002845827997475, 0.19512775022018997], [0.21582085342208, 0.2905591951644366, 0.1559316635235053, 0.3376882878899782], [0.2432696040977552, 0.2598113108192834, 0.221195765032596, 0.2757233200503653], [0.20474728829602226, 0.31260343892363834, 0.2374951374994107, 0.2451541352809285], [0.18084808776420014, 0.30833377721087973, 0.17327653218206257, 0.33754160284285745], [0.3550692713843411, 0.2674713371803478, 0.10537655725302919, 0.2720828341822821], [0.21661176402620705, 0.2878391722162595, 0.1517997597801341, 0.34374930397739945], [0.29301856251428937, 0.2755077381585916, 0.13581898568967768, 0.29565471363744156], [0.27496366797440364, 0.27791459801859375, 0.12979827337156988, 0.3173234606354327], [0.1948932470281252, 0.36817543477181713, 0.14763709067673256, 0.28929422752332473], [0.31678335849549966, 0.23719988626082125, 0.12039647552207723, 0.325620279721602], [0.3265910013939765, 0.24352097436143152, 0.10470653712444591, 0.32518148712014605], [0.26642198469324657, 0.2520064929890565, 0.19732215486544108, 0.28424936745225593], [0.2593798876358267, 0.2612801824774461, 0.22461019849026825, 0.25472973139645905], [0.2657597720681926, 0.26326893251966615, 0.1910373106376459, 0.2799339847744951], [0.21251785562261274, 0.2917701291662215, 0.21780930786267708, 0.2779027073484883], [0.2433005019116891, 0.27588732675944605, 0.13432878073555354, 0.34648339059331157], [0.16992290437665983, 0.2647737818494818, 0.2592740729739604, 0.3060292407998983], [0.23527435854766798, 0.2869227732274077, 0.22711172989890996, 0.2506911383260142], [0.2355758263503867, 0.2643499957691853, 0.16297074852065688, 0.3371034293597709], [0.3576762700767582, 0.2456517579796407, 0.13763870034606598, 0.25903327159753525], [0.18866586043640077, 0.30293978178931075, 0.24733748457730023, 0.261056873196988], [0.35816965031757, 0.254227591349577, 0.08097725310866159, 0.3066255052241916], [0.30911802956358975, 0.2536409504293154, 0.0986547163923334, 0.3385863036147616], [0.19564602744608886, 0.23446394944754223, 0.30970899925075746, 0.2601810238556112], [0.3045779579066086, 0.22091774030572459, 0.17711440106979393, 0.297389900717873], [0.2654923069660758, 0.2747564577657871, 0.13296522533164945, 0.3267860099364874], [0.26445156004291903, 0.2735027444240092, 0.2212566849194398, 0.24078901061363203], [0.3263505593909797, 0.2542376871535889, 0.06294604320077395, 0.3564657102546577], [0.2349152818879981, 0.24913227621682155, 0.2505296170950529, 0.2654228248001273], [0.33511894144659365, 0.2708295649949756, 0.05345971922650811, 0.3405917743319225], [0.2903291108238904, 0.26967490126909593, 0.059590708228035964, 0.38040527967897736], [0.3490340577687448, 0.26444974034178503, 0.08418543464820996, 0.3023307672412603], [0.23493262914154484, 0.32549946756041587, 0.14348428603243787, 0.29608361726560134], [0.41204689495431457, 0.24334352499344092, 0.11667016554533632, 0.22793941450690824], [0.27558432217532913, 0.26664769369113933, 0.18575366187666675, 0.27201432225686495], [0.2885921064932477, 0.2836520041573254, 0.11261518437002607, 0.31514070497940105], [0.3466032283167855, 0.2568964401356274, 0.09554630184145999, 0.3009540297061271], [0.2989792443427843, 0.28101751495390753, 0.098121045510002, 0.32188219519330624], [0.2802272474510284, 0.24789611119527225, 0.1125098927401844, 0.3593667486135149], [0.3571248492838314, 0.21493976927897088, 0.10357255964594805, 0.3243628217912497], [0.26100860508397267, 0.30090834420830376, 0.1351308384251935, 0.30295221228253016], [0.3363071035785989, 0.27290694654100256, 0.05392691695169325, 0.33685903292870517], [0.2689278316661632, 0.27164434073721405, 0.13898117203967514, 0.3204466555569481], [0.30569619473344645, 0.19653963099581748, 0.0943645870104442, 0.4033995872602919], [0.27247724165903764, 0.2731677786449697, 0.1443717379221165, 0.30998324177387626], [0.2744856586129987, 0.281205918085265, 0.14563927861475523, 0.29866914468698114], [0.35309512818577926, 0.2852597255710503, 0.11068149403904544, 0.2509636522041248], [0.2788030837580039, 0.2875242873400874, 0.07230361935594803, 0.3613690095459607], [0.27829696968965106, 0.27570730194835247, 0.1366378476052318, 0.30935788075676474], [0.3553392100541005, 0.2353551148400541, 0.10587096712875341, 0.30343470797709204], [0.43170549732083147, 0.23071620432401113, 0.06653088744797267, 0.2710474109071848], [0.32650467072139244, 0.23414646733769306, 0.12672365628607357, 0.3126252056548413], [0.2737578813996785, 0.28093874359815535, 0.13019561390910456, 0.31510776109306166], [0.2380809105832112, 0.28448211806993445, 0.1944201169286937, 0.28301685441816027], [0.3568811240580314, 0.25229269064049076, 0.08040130637463062, 0.3104248789268472], [0.3359082504046726, 0.24721147916594613, 0.07900236876208871, 0.3378779016672926], [0.3316583694579, 0.2586900417173556, 0.14362935723421125, 0.2660222315905334], [0.3042274716997229, 0.2569304345208085, 0.15297249562257748, 0.28586959815689106], [0.2984717091532521, 0.26586672513176796, 0.16801383972677644, 0.26764772598820336], [0.3542466182864833, 0.2355440804047364, 0.09567608999920846, 0.3145332113095718], [0.2415888915889457, 0.2946672282899619, 0.20020271547711635, 0.2635411646439756], [0.2624312707639455, 0.2533865330688133, 0.16005844323688825, 0.3241237529303527], [0.24264597500413984, 0.2564305916476907, 0.23433092817400164, 0.26659250517416766], [0.22289996214421942, 0.31603010437512624, 0.15917834782156762, 0.301891585659087], [0.2858903004727955, 0.29245765718830546, 0.12182646978313037, 0.29982557255576836], [0.2638811543153472, 0.2987247808705318, 0.06527412208384023, 0.37211994273028054], [0.20059160204084914, 0.274815161077077, 0.3071472061436537, 0.21744603073842053], [0.3051694359843428, 0.23715092587643374, 0.140439642269164, 0.3172399958700596], [0.25195188826788284, 0.28179415347025744, 0.17560107156323598, 0.2906528866986238], [0.30405651609393447, 0.2525331650651742, 0.13606665481118194, 0.30734366402970914], [0.3373534009652163, 0.2639564743236157, 0.07287482065108304, 0.3258153040600848], [0.2256174394896207, 0.29735556768665117, 0.2638115336947373, 0.2132154591289906], [0.2930093352529948, 0.26515670355402926, 0.1482431951563603, 0.2935907660366156], [0.2881760158797903, 0.2751102320203136, 0.11460070125043981, 0.322113050849456], [0.28551856023208466, 0.2633549862142906, 0.16934100336701585, 0.2817854501866087], [0.250031932687279, 0.2649908381786808, 0.19694777081335788, 0.2880294583206824], [0.26664797938368967, 0.23424225313876124, 0.2357685742868815, 0.2633411931906675], [0.28396564125964796, 0.29387499304414977, 0.14944991707163083, 0.2727094486245715], [0.30344271136896783, 0.2617322189565749, 0.14249052851648936, 0.2923345411579678], [0.266459175765874, 0.29840273827233377, 0.07618357611066942, 0.3589545098511225], [0.38387643275830863, 0.24697376115421615, 0.0850434108085487, 0.2841063952789266], [0.25266041405661166, 0.27258067585747886, 0.1241259177920369, 0.35063299229387246], [0.25497494662016035, 0.2760409481910479, 0.11052418868983739, 0.3584599164989545], [0.3107692607080836, 0.26887020523563726, 0.06955520287604332, 0.35080533118023566], [0.1203225158136964, 0.33602085378929547, 0.31179452602528457, 0.2318621043717231], [0.2850016040579355, 0.31116460995184936, 0.11450712173777566, 0.28932666425243936], [0.397603496111279, 0.22900623374278242, 0.07888538604918394, 0.2945048840967547], [0.2917149766862143, 0.25538563425830574, 0.1918713511365686, 0.2610280379189113], [0.24136477468511447, 0.2814555553161414, 0.21152565260032777, 0.2656540173984166], [0.2888098532282418, 0.273210280113332, 0.1452525897711718, 0.29272727688725436], [0.32407079881032974, 0.2685916448706591, 0.09297470057964406, 0.31436285573936706], [0.32918089029140146, 0.21938944075385466, 0.13752683318634984, 0.3139028357683942], [0.2989300026647165, 0.24373847795242454, 0.10033616315953851, 0.3569953562233202], [0.26285364988732185, 0.29070403077378537, 0.19217579637768975, 0.25426652296120333], [0.30369032534556045, 0.24775884118786087, 0.12249283226117177, 0.32605800120540673], [0.3216764118022963, 0.2865646597146968, 0.10977952705853901, 0.2819794014244682], [0.38166413696654666, 0.2143953642568706, 0.08367088007020522, 0.3202696187063776], [0.15652766710327423, 0.3082900820304569, 0.22324310900946182, 0.31193914185680705], [0.3591348678059995, 0.2334815944211189, 0.06832543402086033, 0.33905810375202095], [0.24975715777867086, 0.2827808501825925, 0.21430295064398802, 0.25315904139474876], [0.21615215736605656, 0.25995952627997143, 0.24539600349111826, 0.2784923128628537], [0.31767458986586045, 0.30364558603093, 0.11732466824316026, 0.26135515586004887], [0.2890270569931026, 0.25276994389205015, 0.13588633458622484, 0.32231666452862245], [0.19779206423016527, 0.30639928085360035, 0.2369599017196191, 0.2588487531966152], [0.35127754277420864, 0.23548366084805153, 0.08759430369901276, 0.32564449267872714], [0.2657913026848131, 0.27153410103610887, 0.19759041348256937, 0.26508418279650864], [0.3533492829387677, 0.2327416380052952, 0.10020070984953837, 0.3137083692063987], [0.25099585540543334, 0.2858301541022265, 0.12778993876948774, 0.3353840517228525], [0.3715913544039565, 0.227290571145611, 0.06647662732329017, 0.3346414471271425], [0.3389857470883029, 0.25353304984507957, 0.08469969775481889, 0.32278150531179867], [0.26715031636882475, 0.27386027957397985, 0.15913028120603237, 0.2998591228511632], [0.3521845769204779, 0.23756263069908437, 0.09049715533120237, 0.3197556370492351], [0.27460050102128347, 0.2452302879748253, 0.12068724018825562, 0.3594819708156355], [0.3333716511767473, 0.22518390724566748, 0.048953705032770786, 0.39249073654481426], [0.19854897098243957, 0.3081125716726737, 0.15417106510720394, 0.33916739223768255], [0.25936390036454826, 0.27265902884905285, 0.1981224491478149, 0.26985462163858404], [0.20180608268756242, 0.3226438264555025, 0.13874586986932003, 0.33680422098761525], [0.2712917789042872, 0.2886703318918976, 0.09541590005096151, 0.344621989152854], [0.23327745527236574, 0.27779603393185315, 0.1678079997938449, 0.3211185110019361], [0.23289162907171748, 0.27524865030342527, 0.22106994381706635, 0.2707897768077909], [0.17091562840976843, 0.3316093752417723, 0.15257216894553946, 0.34490282740291983]]}}