{"test": {"ids": ["110116300", "109115380", "108114270", "112117790", "109117150", "111121410", "112118550", "107113200", "99105921", "106113830", "100109360", "102109840", "107120010", "111116640", "98110810", "107114110", "109119010", "108116481", "109114270", "110115580", "107114621", "110118630", "111116290", "99109860", "97106770", "97105760", "98106880", "109120560", "105115380", "109121640", "107114950", "111114121", "107116980", "111116100", "111121190", "107117010", "104111380", "98108410", "111115780", "105121190", "112116640", "101121640", "110117500", "105115570", "110115250", "108114360", "110119891", "112118620", "103117200", "101111210", "106119260", "113118820", "104113210", "105111990", "105112130", "105117351", "99108080", "107120130", "101115190", "113117550", "103111620", "111119430", "103111540", "106116120", "103112470", "100115700", "108115070", "110113931", "98108520", "106112770", "102112301", "111119610", "112118890", "109113881", "109119591", "107116501", "106118520", "108117720", "98107380", "107116340", "111119930", "110118740", "111119150", "104111780", "97109080", "104117630", "102111990", "113122150", "101112160", "111120280", "113122220", "98109090", "109116750", "112121410", "113118630", "106117770", "98110710", "110117110", "105112240", "112120630", "104113170", "112119580", "108118810", "103120340", "113117630", "105113210", "104116800", "111120220", "104118340", "113120540", "99108310", "111115620", "105118171", "108118630", "110121720", "107121640", "103117461", "109117600", "108121160", "112117580", "110114920", "112116800", "110119030", "99109840", "104111990", "110118450", "97112290", "110114950", "105121370", "100113210", "112118530", "101108290", "106119990", "110117140", "99121440", "97114170", "113119930", "111116990", "113120070", "109115211", "111115770", "97116500"], "labels": [3, 3, 3, 3, 2, 0, 3, 0, 1, 1, 0, 2, 1, 0, 1, 1, 3, 0, 3, 1, 0, 1, 2, 2, 3, 0, 0, 1, 1, 0, 3, 0, 3, 3, 1, 1, 3, 1, 1, 2, 0, 2, 1, 0, 1, 1, 3, 3, 0, 2, 1, 0, 3, 2, 1, 0, 3, 2, 1, 3, 0, 3, 1, 1, 1, 1, 1, 1, 2, 1, 1, 2, 3, 0, 0, 1, 2, 1, 1, 3, 1, 3, 3, 3, 2, 0, 2, 2, 3, 0, 1, 1, 0, 0, 3, 0, 2, 0, 1, 3, 3, 3, 1, 1, 0, 3, 1, 3, 2, 3, 2, 1, 3, 1, 3, 1, 0, 1, 2, 0, 3, 0, 0, 2, 2, 0, 1, 0, 2, 0, 1, 0, 0, 3, 2, 2, 1, 0, 2, 0, 3, 2], "predicted_labels": [0, 3, 1, 0, 3, 0, 3, 3, 3, 3, 0, 1, 2, 1, 1, 3, 3, 0, 3, 2, 1, 1, 3, 1, 3, 2, 3, 2, 2, 3, 3, 1, 0, 1, 0, 2, 3, 3, 1, 3, 1, 3, 1, 0, 3, 1, 3, 3, 3, 3, 1, 0, 0, 0, 1, 3, 0, 1, 1, 1, 1, 0, 3, 1, 3, 2, 0, 3, 0, 1, 0, 1, 1, 1, 3, 3, 0, 3, 3, 1, 0, 3, 3, 1, 0, 3, 3, 3, 3, 3, 3, 2, 1, 3, 0, 3, 1, 1, 1, 0, 3, 1, 3, 3, 1, 3, 3, 0, 3, 0, 1, 0, 3, 3, 3, 3, 1, 1, 0, 2, 1, 3, 1, 2, 1, 3, 3, 1, 1, 2, 1, 0, 1, 1, 1, 1, 0, 3, 0, 0, 3, 3], "confidence_scores": [[0.35758081514493884, 0.23147755070799958, 0.1655420445805543, 0.2453995895665074], [0.15871248553965642, 0.2998080078566017, 0.20525510499354083, 0.33622440161020095], [0.21478273346229296, 0.545552427123768, 0.08032407814777064, 0.15934076126616856], [0.35219990002955176, 0.2363205179399444, 0.15462492241069187, 0.2568546596198119], [0.24717631971803347, 0.23039027089366151, 0.11961957875376188, 0.40281383063454324], [0.35098845972027, 0.2843904098339519, 0.13123468848135647, 0.2333864419644214], [0.26150504050578144, 0.20968856860649326, 0.16424164564281604, 0.36456474524490934], [0.2759809369925094, 0.21861456853801617, 0.22008612847929834, 0.28531836599017607], [0.19457502201226873, 0.29568263913603277, 0.14408994115666407, 0.3656523976950343], [0.30822236163488786, 0.2202686477866712, 0.13750302286344307, 0.33400596771499796], [0.4358069404447455, 0.246998108808921, 0.12698895416424638, 0.19020599658208714], [0.12835644015740102, 0.4846270643903395, 0.1695211708296596, 0.2174953246225999], [0.1359242135925397, 0.2821110016402258, 0.34051150774001565, 0.24145327702721883], [0.28625248462884306, 0.3080343919954173, 0.18333673825367672, 0.2223763851220631], [0.07556306643013364, 0.4092174924354029, 0.33632000135496115, 0.17889943977950232], [0.15241939497368345, 0.29099392148164493, 0.16397254675055573, 0.3926141367941158], [0.1765130836338822, 0.22824511467356987, 0.278580190175213, 0.3166616115173349], [0.3760372643065547, 0.3380426685973379, 0.11163401079148454, 0.17428605630462288], [0.1841505997884887, 0.2680733017247458, 0.2570922825135249, 0.2906838159732407], [0.29056569463394183, 0.18548331005584262, 0.3407880162463884, 0.1831629790638273], [0.14449959010832927, 0.3662218469276579, 0.25550330445995373, 0.2337752585040592], [0.14450871132912244, 0.39394878678662654, 0.12721606466152122, 0.3343264372227298], [0.15607764991331421, 0.2863158759192971, 0.11935533658283123, 0.43825113758455736], [0.1964838648072259, 0.3330973500708226, 0.3009375684265702, 0.16948121669538135], [0.22867858044748543, 0.26473379725486834, 0.23543114023104028, 0.271156482066606], [0.20887310671238568, 0.24854686374096596, 0.30397874041368445, 0.23860128913296413], [0.2486169268413155, 0.2859604228484113, 0.17186513525030633, 0.29355751505996686], [0.14576036841027384, 0.20401986643636902, 0.4520658881917302, 0.19815387696162687], [0.16888609980191827, 0.2379983983629907, 0.307896752103451, 0.28521874973164], [0.1691125173667349, 0.2841583140900468, 0.16531397409338078, 0.3814151944498377], [0.17399714637488767, 0.2067951731726656, 0.10752214992423276, 0.5116855305282141], [0.26922283259248475, 0.41466417592202703, 0.11974789255817365, 0.19636509892731463], [0.4098369233004771, 0.3226173125410976, 0.11824384944193907, 0.14930191471648635], [0.22081550000684255, 0.3366968444920288, 0.18331478169576385, 0.2591728738053649], [0.530785789563271, 0.11206181625785137, 0.08428213733606794, 0.2728702568428097], [0.11669054030076377, 0.14457088017931274, 0.5513846253993592, 0.18735395412056446], [0.17430922249618558, 0.24609706059131592, 0.08828739443003811, 0.49130632248246053], [0.2720908513712914, 0.22032288755126875, 0.12697055288604034, 0.3806157081913998], [0.16520776596739462, 0.4846710763275777, 0.12188010439247607, 0.22824105331255162], [0.2739152283427795, 0.23787753017311025, 0.1524712516004096, 0.33573598988370085], [0.257179958028053, 0.41426442937147284, 0.1521478780007009, 0.17640773459977338], [0.19110768906409237, 0.23638190237077122, 0.23151887131072346, 0.34099153725441295], [0.26539508847065546, 0.37407943258454684, 0.12229127778173651, 0.23823420116306118], [0.4529426039586461, 0.2875498322706502, 0.1480894057594595, 0.11141815801124405], [0.18013246249615666, 0.2665828284623043, 0.16656907984968117, 0.3867156291918578], [0.22458138299244865, 0.3576649577253962, 0.18794434823012843, 0.22980931105202676], [0.16501005091422516, 0.1773886857223509, 0.2132568650919693, 0.4443443982714546], [0.2920044207842628, 0.2630041855793632, 0.12144330760224853, 0.32354808603412555], [0.19263544667176435, 0.1992297928429317, 0.17753596057938004, 0.43059879990592376], [0.20280765887503258, 0.29169135715961, 0.0841320928439659, 0.4213688911213916], [0.15414313139976007, 0.4048509696411576, 0.28221319664185923, 0.15879270231722312], [0.3509371289923932, 0.29137260637544304, 0.14204897769961464, 0.21564128693254925], [0.3948400487141485, 0.1693624274977729, 0.27320777443778477, 0.1625897493502939], [0.3684348128831629, 0.22564840206451772, 0.06165218313215883, 0.3442646019201606], [0.19404482769537856, 0.39831391213398276, 0.12918199503225697, 0.27845926513838165], [0.2480627370864466, 0.26597662522665944, 0.1529423429644045, 0.33301829472248956], [0.47164461255387, 0.171283007509501, 0.15796906764025193, 0.1991033122963771], [0.146061258202838, 0.47358424641114005, 0.18750170805599595, 0.1928527873300259], [0.13706385267203453, 0.5658481600618451, 0.09733430745825034, 0.19975367980786998], [0.1978776201448788, 0.31954549594181053, 0.19261734089920496, 0.28995954301410565], [0.08904750239952156, 0.5853564683095437, 0.21924297373342788, 0.10635305555750695], [0.4283038597355816, 0.1971778310984557, 0.18349613660681047, 0.19102217255915233], [0.21936372055779368, 0.27475768431151854, 0.16277464490035318, 0.34310395023033463], [0.21525037057184002, 0.30876559498980366, 0.1686449335344047, 0.3073391009039518], [0.21347740755405487, 0.2998758162931815, 0.18211283308088766, 0.304533943071876], [0.18325642289918012, 0.28204781011380187, 0.3384999382736446, 0.1961958287133735], [0.3785030561076312, 0.3024672669782486, 0.16793801549405285, 0.15109166142006736], [0.17284835589568595, 0.2668570487675153, 0.12747502102328814, 0.4328195743135105], [0.32929125856614294, 0.295331502669071, 0.1106974927144111, 0.26467974605037503], [0.24640389973737872, 0.29502839256581326, 0.22011773999461812, 0.23844996770218999], [0.3606254950493287, 0.22914522905998028, 0.2241613090596065, 0.1860679668310846], [0.1576113720420064, 0.44216715960337927, 0.1346383933044225, 0.2655830750501918], [0.2350166366491864, 0.4287399381277964, 0.13631854382777156, 0.19992488139524564], [0.19810445197506799, 0.48868655742562656, 0.13806248747413008, 0.1751465031251755], [0.16439220098571272, 0.229364154587296, 0.27258665754908695, 0.33365698687790424], [0.22038268874453332, 0.22645627854848757, 0.1603256527720688, 0.39283537993491024], [0.3727584159421337, 0.26031343398695855, 0.14322934884397806, 0.2236988012269297], [0.2593925500020756, 0.14480801300083498, 0.27523457159027354, 0.32056486540681584], [0.15150418833378582, 0.2548271289783293, 0.12265943352140286, 0.4710092491664821], [0.17827643668277854, 0.4602004385088011, 0.11982425709802107, 0.24169886771039936], [0.44906331190391335, 0.23078131255683706, 0.1677040911781622, 0.15245128436108749], [0.26967584890533247, 0.28269706677428386, 0.0929888019798786, 0.35463828234050526], [0.2959986995646003, 0.25001817166622375, 0.1534817287193961, 0.3005014000497798], [0.21829691910327517, 0.4053377160535525, 0.09506764565143623, 0.28129771919173596], [0.3269395397505919, 0.25577629760961246, 0.16562577284998078, 0.25165838978981486], [0.24447929734072257, 0.26390226723445276, 0.14712652334285484, 0.34449191208196983], [0.26861931998161687, 0.2268132263589118, 0.21452811321231108, 0.2900393404471602], [0.11981043158438162, 0.2174904106701282, 0.3103379465920255, 0.3523612111534648], [0.21846225348917175, 0.15981786983087887, 0.19988327428479175, 0.4218366023951575], [0.3036029623281062, 0.29456207339676055, 0.08123962956743912, 0.320595334707694], [0.24980735998764647, 0.2336404573104945, 0.17347405225908988, 0.3430781304427691], [0.21735515545172165, 0.258876864996338, 0.2665406711328711, 0.2572273084190693], [0.13850045790847437, 0.4796260427687422, 0.1325892733260169, 0.24928422599676658], [0.22740694994665936, 0.17942659209018422, 0.21448825147786424, 0.3786782064852922], [0.2856108208020685, 0.265183400625182, 0.1661989429369596, 0.28300683563578993], [0.24219207530322956, 0.1509601765975716, 0.27592553063265474, 0.3309222174665442], [0.1630888905696926, 0.44506453236476023, 0.15855225941268844, 0.23329431765285874], [0.29265568280541715, 0.3197450082620444, 0.09952441744803481, 0.28807489148450366], [0.27903715520779804, 0.32371503796626694, 0.17924790872980267, 0.21799989809613254], [0.4430693635346459, 0.17480469852516076, 0.17822388839276124, 0.2039020495474321], [0.2789372585940107, 0.2653866885228449, 0.17099241296285908, 0.28468363992028534], [0.28612546268520656, 0.30362579472601714, 0.1340451647457479, 0.2762035778430284], [0.20073691065164678, 0.29259965412465677, 0.17181893936364023, 0.3348444958600562], [0.17545084304050101, 0.23336664780613353, 0.2246772204478443, 0.36650528870552124], [0.27619160457087294, 0.37775658505973325, 0.13506045924858334, 0.21099135112081058], [0.24119716566314225, 0.19441757690118275, 0.21730877356702827, 0.34707648386864687], [0.2680558107340631, 0.14659811728159497, 0.15801902418642416, 0.4273270477979177], [0.7588174356200388, 0.08605347480713066, 0.042121192536166426, 0.11300789703666395], [0.2082449431474649, 0.2963443549779747, 0.18795467042649427, 0.30745603144806627], [0.5314310583794951, 0.2130886180187574, 0.07926124916184078, 0.17621907443990673], [0.18880581292495197, 0.3303761842030736, 0.31143726337123434, 0.16938073950074012], [0.29449783318144096, 0.29444644834704436, 0.17109275031785412, 0.23996296815366072], [0.311168985426098, 0.24318015612665708, 0.10924180754451783, 0.33640905090272716], [0.16572424279914283, 0.28596553153769216, 0.2120140382869555, 0.33629618737620953], [0.2207531142702253, 0.2728440716611524, 0.16897830967005883, 0.3374245043985636], [0.1540633820641931, 0.1467878402175449, 0.24601270259911265, 0.4531360751191493], [0.21611403924382802, 0.3369102150763441, 0.1384661258644563, 0.30850961981537156], [0.16666958703087725, 0.5436080776666777, 0.08606873080720337, 0.20365360449524159], [0.31533884954079644, 0.28206751903268495, 0.1427330947078173, 0.2598605367187014], [0.2331600247430864, 0.23723060876328325, 0.33746711451968403, 0.19214225197394624], [0.19601288272568862, 0.4196396996697335, 0.10611446949482738, 0.27823294810975047], [0.1962713418191925, 0.2542864555969117, 0.2181544726209583, 0.33128772996293754], [0.2895561610867952, 0.3265936945876972, 0.11385310175199848, 0.2699970425735091], [0.23349653916451968, 0.1905937323170736, 0.33473625519328826, 0.24117347332511865], [0.31336972628507, 0.3337432978230372, 0.14875629560053344, 0.20413068029135933], [0.2616297594238849, 0.22342029883086834, 0.15368866847453838, 0.3612612732707086], [0.21415432882342916, 0.2713338001414596, 0.1827984164733892, 0.331713454561722], [0.28712982768015083, 0.3374062685813854, 0.13647193557604728, 0.23899196816241644], [0.15627521522094637, 0.30919376267172227, 0.2347596574102653, 0.299771364697066], [0.22933871583982687, 0.202326500564148, 0.3171237742361301, 0.2512110093598952], [0.1828338352445088, 0.33172651401126085, 0.19918171643249744, 0.2862579343117331], [0.35934881929417295, 0.18677220866030572, 0.1348364899661946, 0.3190424820793267], [0.1580216633288815, 0.40323243972452266, 0.14516571984545912, 0.29358017710113665], [0.22304291639675308, 0.3283181435782143, 0.19989384296825924, 0.24874509705677345], [0.1273110782307568, 0.41290292174324955, 0.30357855239348897, 0.15620744763250471], [0.1752738786465884, 0.37325309174092175, 0.1554701596417874, 0.2960028699707026], [0.5107093435465799, 0.2910510822180372, 0.06198799526257978, 0.1362515789728031], [0.16806393133678316, 0.2168550698219293, 0.17210533309535966, 0.4429756657459277], [0.3992416377820517, 0.1681147297214402, 0.18511506902937455, 0.24752856346713353], [0.371814054238674, 0.1660828845606763, 0.09685431450776685, 0.3652487466928828], [0.10273042639781656, 0.34797538254045773, 0.11692940365474527, 0.4323647874069805], [0.20212463425327798, 0.27733187773093276, 0.1459480324880346, 0.37459545552775464]]}, "rewritten": {"ids": ["97105760", "97106770", "97109080", "97112290", "97114170", "97116500", "98106880", "98107380", "98108410", "98108520", "98109090", "98110710", "98110810", "99105921", "99108080", "99108310", "99109840", "99109860", "99121440", "100109360", "100113210", "100115700", "101108290", "101111210", "101112160", "101115190", "101121640", "102109840", "102111990", "102112301", "103111540", "103111620", "103112470", "103117200", "103117461", "103120340", "104111380", "104111780", "104111990", "104113170", "104113210", "104116800", "104117630", "104118340", "105111990", "105112130", "105112240", "105113210", "105115380", "105115570", "105117351", "105118171", "105121190", "105121370", "106112770", "106113830", "106116120", "106117770", "106118520", "106119260", "106119990", "107113200", "107114110", "107114621", "107114950", "107116340", "107116501", "107116980", "107117010", "107120010", "107120130", "107121640", "108114270", "108114360", "108115070", "108116481", "108117720", "108118630", "108118810", "108121160", "109113881", "109114270", "109115211", "109115380", "109116750", "109117150", "109117600", "109119010", "109119591", "109120560", "109121640", "110113931", "110114920", "110114950", "110115250", "110115580", "110116300", "110117110", "110117140", "110117500", "110118450", "110118630", "110118740", "110119030", "110119891", "110121720", "111114121", "111115620", "111115770", "111115780", "111116100", "111116290", "111116640", "111116990", "111119150", "111119430", "111119610", "111119930", "111120220", "111120280", "111121190", "111121410", "112116640", "112116800", "112117580", "112117790", "112118530", "112118550", "112118620", "112118890", "112119580", "112120630", "112121410", "113117550", "113117630", "113118630", "113118820", "113119930", "113120070", "113120540", "113122150", "113122220"], "labels": [0, 3, 2, 1, 2, 2, 0, 1, 1, 2, 1, 2, 1, 1, 3, 2, 2, 2, 2, 0, 0, 1, 0, 2, 3, 1, 2, 2, 2, 1, 1, 0, 1, 0, 0, 1, 3, 3, 2, 3, 3, 1, 0, 2, 2, 1, 1, 3, 1, 0, 0, 3, 2, 2, 1, 1, 1, 0, 2, 1, 0, 0, 1, 0, 3, 3, 1, 3, 1, 1, 2, 1, 3, 1, 1, 0, 1, 1, 1, 2, 0, 3, 0, 3, 0, 2, 1, 3, 0, 1, 0, 1, 3, 0, 1, 1, 3, 0, 3, 1, 0, 1, 3, 0, 3, 3, 0, 1, 3, 1, 3, 2, 0, 0, 3, 3, 2, 1, 3, 0, 1, 0, 0, 0, 0, 3, 1, 3, 3, 3, 3, 3, 0, 3, 0, 3, 0, 1, 2, 3, 2, 1], "predicted_labels": [1, 2, 0, 3, 3, 1, 1, 3, 1, 0, 0, 3, 1, 1, 3, 3, 3, 2, 0, 0, 1, 3, 0, 3, 3, 1, 3, 3, 1, 3, 0, 1, 3, 1, 3, 2, 3, 3, 1, 3, 3, 1, 0, 2, 3, 1, 3, 3, 0, 1, 0, 3, 0, 3, 0, 0, 0, 3, 3, 3, 1, 3, 3, 3, 3, 1, 3, 1, 3, 3, 3, 3, 1, 3, 3, 1, 3, 3, 3, 0, 0, 1, 1, 0, 1, 3, 1, 3, 0, 3, 0, 3, 3, 0, 0, 0, 3, 1, 3, 0, 3, 1, 3, 3, 3, 3, 1, 1, 3, 1, 1, 3, 1, 3, 0, 0, 3, 1, 0, 3, 3, 0, 1, 3, 1, 0, 3, 3, 1, 3, 3, 0, 1, 2, 1, 0, 0, 3, 3, 0, 0, 3], "confidence_scores": [[0.1912444853660726, 0.4158957180266426, 0.16212217316306676, 0.23073762344421808], [0.22201597031837178, 0.2950116453124236, 0.32820238409031727, 0.1547700002788876], [0.32055736938204304, 0.3177630683995201, 0.14149364173406492, 0.22018592048437194], [0.3193411837095826, 0.18311290632814864, 0.07078249460181066, 0.42676341536045803], [0.15215193825578882, 0.3464892603451682, 0.08874939042809721, 0.4126094109709457], [0.1924834665529009, 0.32712923752262063, 0.2160372632699902, 0.26435003265448836], [0.23579742227780695, 0.3378598012827763, 0.20214177840282044, 0.22420099803659624], [0.20110321842055198, 0.29204291367851115, 0.12708992783746104, 0.3797639400634758], [0.193944621677413, 0.3429552635889796, 0.1461390314828049, 0.31696108325080236], [0.5026124282717945, 0.1854856986075714, 0.10809896518002134, 0.20380290794061268], [0.3101021718767907, 0.28993677403413703, 0.15291833351622974, 0.2470427205728426], [0.24004369224555408, 0.22765031959192153, 0.1805080189662483, 0.35179796919627626], [0.15877441543122728, 0.34981290854930397, 0.19066456216474031, 0.30074811385472844], [0.1384274794364928, 0.3350458374505534, 0.2548519752684957, 0.2716747078444581], [0.3182136917554985, 0.13838130144062674, 0.1656535570551159, 0.3777514497487591], [0.2411707389369748, 0.23086292450610568, 0.22191135345051988, 0.3060549831063998], [0.23863030215523615, 0.2249166282729954, 0.18156328207645372, 0.35488978749531486], [0.1810392151498848, 0.25618757109548346, 0.3737369021330497, 0.18903631162158213], [0.35431558918703965, 0.2705178844668083, 0.17679814670057445, 0.1983683796455778], [0.34370302918927415, 0.20612623301644767, 0.27370406394616575, 0.17646667384811232], [0.13729660374695088, 0.35192170493812636, 0.2352112623867302, 0.27557042892819267], [0.28275564874470493, 0.19000400105020931, 0.15030545793455924, 0.3769348922705266], [0.4137795063073466, 0.19071265220667827, 0.11176055419663204, 0.28374728728934323], [0.26567073537697117, 0.1529693393188281, 0.1799144979913194, 0.4014454273128814], [0.2049292681399048, 0.18193324477006526, 0.26670547031731623, 0.34643201677271357], [0.18940429596042893, 0.3538557077029723, 0.13907505293415637, 0.31766494340244245], [0.19091855869583058, 0.1480295183802125, 0.32147827618784774, 0.3395736467361092], [0.09098252110338376, 0.18024987227804126, 0.29032350341500784, 0.4384441032035672], [0.3167352914222845, 0.4109285922427278, 0.12390937489573456, 0.14842674143925297], [0.24675900248327126, 0.2527300723071465, 0.09213586821272672, 0.4083750569968556], [0.574371803868868, 0.14881324039480312, 0.10577885993175228, 0.17103609580457646], [0.1630956237620661, 0.5802014818156007, 0.14443779514727767, 0.11226509927505542], [0.25352228326201864, 0.3046521370626152, 0.08703817172749696, 0.3547874079478694], [0.17329686233611155, 0.3999664765571427, 0.22708266033735544, 0.19965400076939022], [0.284429941467046, 0.1817556223145871, 0.1279789513969678, 0.4058354848213992], [0.27245173128151123, 0.22180679201950126, 0.3074461209408708, 0.1982953557581165], [0.26457657267950957, 0.23239188856715745, 0.11093814110840954, 0.39209339764492357], [0.28647169510453896, 0.1592661165617635, 0.08584541506033275, 0.46841677327336484], [0.23015559392647328, 0.30043939662900065, 0.21430430859520472, 0.25510070084932135], [0.25638217987696665, 0.28251749025782463, 0.15008110782851414, 0.31101922203669463], [0.20348412380168743, 0.24959670222374544, 0.19814481171061582, 0.3487743622639511], [0.1561322215805611, 0.4466229707540764, 0.07905795060219926, 0.3181868570631632], [0.39727846307178205, 0.2611238217551645, 0.1391068878005335, 0.20249082737251997], [0.147227858729621, 0.3520533176266915, 0.3653819628957227, 0.13533686074796486], [0.30601688039370184, 0.25096689573444264, 0.07805680636151155, 0.36495941751034416], [0.15835178678645193, 0.35655338992100727, 0.13401883039744003, 0.35107599289510083], [0.35454699224325087, 0.18488301116345232, 0.08504432953044716, 0.37552566706284973], [0.17044671000459075, 0.16357172290821131, 0.3056069715397685, 0.36037459554742957], [0.4027167928536196, 0.2157558382035847, 0.16581255215823987, 0.2157148167845558], [0.1980256944514271, 0.476821215912909, 0.22496212512799876, 0.10019096450766503], [0.33258224479910564, 0.19270485785574717, 0.16859879255420382, 0.3061141047909433], [0.2908190077834907, 0.2522827302456999, 0.08203663730496773, 0.3748616246658417], [0.28728865237521, 0.25781545592302824, 0.23040151358615263, 0.2244943781156093], [0.15877974276102438, 0.26273165524252357, 0.17978525683140423, 0.3987033451650479], [0.3586231611616283, 0.23610536893296036, 0.24129941522796808, 0.16397205467744322], [0.4347448113429431, 0.12598903204721465, 0.0660771732073401, 0.37318898340250223], [0.28558418730564983, 0.23611643120388934, 0.27600147716053036, 0.2022979043299304], [0.23754107427748444, 0.18020364473643954, 0.10012856743116615, 0.48212671355491], [0.18270977293728405, 0.3063617813301282, 0.19238222593962329, 0.3185462197929646], [0.19483617683533272, 0.30121476093954586, 0.1083556585229334, 0.39559340370218804], [0.2339152274993908, 0.42712484241739807, 0.12845434083879942, 0.21050558924441165], [0.20791508466637604, 0.21809187613804687, 0.14118657162234285, 0.4328064675732344], [0.16132928493764706, 0.2625575531737944, 0.1855866163291926, 0.390526545559366], [0.2340703311996717, 0.26142510697741156, 0.13605014403767085, 0.36845441778524596], [0.20850223367247236, 0.27584958250997316, 0.1429621929410189, 0.3726859908765356], [0.12153491535545019, 0.3825959605566082, 0.1321827595500405, 0.36368636453790115], [0.23693547130383866, 0.23473756470130536, 0.25457392675842, 0.27375303723643607], [0.24910630231847794, 0.2947166443777905, 0.2734580132956805, 0.18271904000805106], [0.19904734128988388, 0.22011298504605556, 0.1700962691416701, 0.41074340452239055], [0.14144262473450533, 0.26690563933571015, 0.2957719607454183, 0.2958797751843662], [0.23264693297664815, 0.2565083371004525, 0.19898329351395957, 0.3118614364089397], [0.16797765433580292, 0.19332299918631735, 0.10071327605658775, 0.5379860704212919], [0.16874978986279413, 0.38986687248762797, 0.11859211362213137, 0.3227912240274464], [0.20019192831065205, 0.19886290006564514, 0.09346413329486404, 0.5074810383288387], [0.23792590236731928, 0.30540230013775366, 0.12454179931178372, 0.3321299981831434], [0.3363394304969017, 0.3391881461473397, 0.13955791595982783, 0.18491450739593074], [0.1363820995743228, 0.28245042665219017, 0.15748166173921982, 0.42368581203426725], [0.08502214073760334, 0.2301426488224907, 0.08575502765756747, 0.5990801827823384], [0.30379646040902747, 0.1459870433199794, 0.07519229303467043, 0.47502420323632266], [0.4450100407370023, 0.21410752887741347, 0.1301173649898443, 0.21076506539574008], [0.4191810230068915, 0.2161231909648564, 0.18605795063366246, 0.17863783539458974], [0.1576177516459942, 0.38217653140631397, 0.13589939926029238, 0.3243063176873994], [0.10579190335082644, 0.4137147836384293, 0.11904486938107951, 0.3614484436296648], [0.40099368129920043, 0.18923226382524838, 0.1799460716122199, 0.2298279832633314], [0.20819069124585687, 0.48530439324655167, 0.11376471428771512, 0.1927402012198765], [0.24360714472873504, 0.16414980326060014, 0.29312637944481174, 0.299116672565853], [0.2283627812666896, 0.42175212105020193, 0.12298368337054362, 0.22690141431256494], [0.18803311614494184, 0.2722824459916578, 0.2623286058069748, 0.2773558320564256], [0.35058448614917054, 0.27081147653115467, 0.1774515066242326, 0.2011525306954424], [0.30728037959863597, 0.1839383107066718, 0.14698090432509325, 0.361800405369599], [0.3024566633158471, 0.19419661126559953, 0.21909878907786268, 0.28424793634069084], [0.29531112976988366, 0.1535257353198323, 0.10756052503166626, 0.44360260987861777], [0.1614252787673257, 0.2548853498039683, 0.1553112331533651, 0.42837813827534105], [0.6229511738938902, 0.12988223245315333, 0.1018348095013563, 0.14533178415160025], [0.4729141819257262, 0.12873384900989737, 0.08941685827109845, 0.30893511079327796], [0.37392599730835385, 0.22458448521845165, 0.23728192217419658, 0.16420759529899778], [0.27443479858903896, 0.2375295365239969, 0.17245971950654101, 0.31557594538042316], [0.21253904030787232, 0.30278922841673617, 0.18444047240897243, 0.30023125886641905], [0.2012563629428838, 0.2815345309579324, 0.13916064535639114, 0.37804846074279264], [0.42879828472114717, 0.31943246834830835, 0.09480077294148939, 0.15696847398905503], [0.19975030652060105, 0.23640008916443103, 0.17993391190546948, 0.3839156924094986], [0.22939571466368533, 0.41989815705563954, 0.10100951130403801, 0.24969661697663711], [0.1654954030760777, 0.28535767891554736, 0.07662292633734448, 0.47252399167103054], [0.34193203450493775, 0.22357454036352092, 0.08704040962362937, 0.34745301550791197], [0.196732305090218, 0.2079500511272746, 0.14830414176211723, 0.44701350202039025], [0.277491397278354, 0.20981896286538979, 0.08188503154815935, 0.4308046083080969], [0.21480635440891316, 0.38687392182498503, 0.11563762544320953, 0.2826820983228923], [0.30489545768375975, 0.3320610628113715, 0.12131941329716836, 0.2417240662077004], [0.3418530498814155, 0.1687130581821143, 0.11385311497806798, 0.37558077695840236], [0.20391345288771218, 0.4800705738402087, 0.0860264868497459, 0.22998948642233327], [0.24477902117239403, 0.3508438164684325, 0.15820529828028498, 0.2461718640788884], [0.17708436398286273, 0.16102352391330277, 0.2970853694445795, 0.3648067426592552], [0.2522687255441002, 0.2555756200701448, 0.2555325888869187, 0.2366230654988363], [0.3104033255699247, 0.22031003359759346, 0.12140055036536777, 0.347886090467114], [0.46403996318841184, 0.17061374166713245, 0.16313178736925507, 0.20221450777520053], [0.36044171649654244, 0.22801315159391203, 0.15175564786136866, 0.2597894840481771], [0.15138810524942356, 0.21447881162576396, 0.15682873708869885, 0.47730434603611366], [0.1959061038108459, 0.4061437135105729, 0.19671684603576525, 0.20123333664281606], [0.7026177596013727, 0.09475747559576668, 0.044237145008697784, 0.15838761979416283], [0.21974864962121618, 0.2386078827178244, 0.09862779512180204, 0.44301567253915747], [0.17798403447424604, 0.1383485269566749, 0.125006996243961, 0.5586604423251181], [0.34534227952653734, 0.17532477983602374, 0.16936353679404068, 0.30996940384339833], [0.16850703711822518, 0.4501132730683076, 0.17449991454553587, 0.20687977526793125], [0.23473030242985687, 0.23233106983836513, 0.11180395592773214, 0.4211346718040458], [0.24558896190012602, 0.30042666818429503, 0.19234096250327343, 0.2616434074123056], [0.406454264917542, 0.15905502376332858, 0.09537377046449881, 0.3391169408546307], [0.2175866245185771, 0.24209865291138416, 0.09454070249669333, 0.4457740200733455], [0.19438582139031738, 0.23576211258799343, 0.1209811597956489, 0.4488709062260403], [0.3327170291845366, 0.34653137134475526, 0.1010643731239052, 0.21968722634680282], [0.2464291193905461, 0.32553424065077874, 0.0998818769792568, 0.32815476297941837], [0.2600958095325059, 0.2349856065404361, 0.13345492698000974, 0.3714636569470483], [0.46425240594141376, 0.14826164145474544, 0.25923492197269027, 0.1282510306311505], [0.26019762282137127, 0.4134084672829269, 0.07125650501467463, 0.2551374048810274], [0.2277544227883576, 0.23307487834150287, 0.40420615936732435, 0.1349645395028151], [0.2192629670635624, 0.32699114534389245, 0.1295841411085802, 0.324161746483965], [0.39225364997486056, 0.16725036209401076, 0.0961264852313877, 0.34436950269974087], [0.4379291937531966, 0.17879817994930178, 0.19227819900044374, 0.19099442729705793], [0.2229346270901943, 0.2990112719689222, 0.057178860179773305, 0.4208752407611102], [0.3918071928937879, 0.14818006774893508, 0.06661427135334393, 0.393398468003933], [0.4483851020124264, 0.21530263443126, 0.1713173599759451, 0.16499490358036856], [0.43298639178130877, 0.14352485932949888, 0.09780799829115622, 0.32568075059803614], [0.25281380770768536, 0.2481565742691025, 0.13585181227765417, 0.3631778057455581]]}}