{"test": {"ids": ["106116441", "110115890", "111117571", "105117351", "104111620", "113117340", "111117120", "108114670", "98110710", "99119830", "112117471", "106116850", "104111990", "109120560", "97116500", "100117420", "110114321", "103109791", "99111000", "111119290", "98108410", "108115970", "99109370", "111119930", "100108490", "108118291", "101108080", "113120540", "103112641", "106114280", "98109230", "106120640", "100111080", "106121190", "103110100", "113119320", "107114110", "100108580", "98112300", "106117770", "97105760", "112117431", "111121220", "105120621", "113120751", "112121030", "109119010", "110117080", "105116501", "113119950", "113121010", "97116401", "108120060", "99114890", "112118161", "98121790", "100109330", "109115211", "98107380", "110121450", "110118181", "110119891", "109117431", "103111990", "113119300", "103109641", "97113260", "98107340", "113120260", "106116120", "100108520", "113122150", "106119990", "106118161", "99109860", "102110240", "97118210", "104116800", "113121220", "102110850", "106112770", "101111140", "110114610", "112116290", "111119580", "112118890", "111120280", "101109370", "99109780", "108115500", "99108460", "101112690", "112117580", "102114270", "99112840", "105116090", "106118820", "102109910", "109117080", "110120190", "113118620", "101115190", "102121700", "105115720", "103113170", "107119950", "105110251", "113118870", "102109850", "105115900", "113119700", "112116990", "102113981", "112117571", "113120280", "113119930", "110117140", "113120640", "103111540", "98106111", "107120880", "112119950", "111116411", "107113360", "109115070", "108115570", "104113240", "101111620", "101112540", "113119340", "97112300", "110120531", "113121680", "98106880", "112118581", "112118511", "110120640", "108114040", "105115680", "107113260", "112116640", "110116170"], "labels": [0, 2, 3, 0, 0, 2, 2, 3, 2, 1, 3, 3, 2, 1, 2, 2, 1, 3, 2, 3, 1, 2, 1, 1, 2, 3, 0, 3, 3, 3, 1, 3, 0, 2, 1, 1, 1, 0, 2, 0, 0, 0, 3, 1, 1, 0, 3, 1, 1, 0, 2, 3, 1, 2, 0, 2, 0, 0, 1, 3, 1, 3, 1, 2, 1, 1, 1, 0, 3, 1, 2, 2, 0, 3, 2, 3, 2, 1, 3, 3, 1, 2, 1, 0, 3, 3, 0, 1, 2, 3, 0, 1, 0, 3, 2, 1, 3, 2, 1, 3, 3, 1, 1, 1, 3, 3, 0, 0, 1, 3, 0, 0, 1, 3, 0, 1, 3, 0, 1, 0, 1, 0, 0, 0, 0, 3, 2, 3, 2, 0, 2, 0, 1, 0, 1, 1, 0, 0, 2, 0, 0, 0], "predicted_labels": [1, 3, 3, 0, 3, 1, 1, 1, 3, 1, 1, 3, 0, 1, 2, 1, 1, 3, 1, 3, 1, 1, 3, 1, 3, 0, 3, 3, 3, 1, 1, 1, 1, 3, 3, 3, 3, 1, 0, 3, 0, 3, 3, 3, 1, 0, 3, 3, 3, 3, 3, 1, 1, 1, 3, 1, 3, 3, 3, 1, 1, 3, 1, 1, 3, 3, 3, 3, 3, 3, 3, 3, 3, 3, 1, 1, 3, 3, 3, 2, 3, 3, 1, 1, 0, 3, 1, 3, 1, 1, 3, 1, 3, 3, 3, 3, 3, 0, 3, 1, 1, 1, 0, 1, 1, 1, 3, 1, 1, 3, 1, 3, 0, 3, 3, 3, 3, 1, 3, 3, 3, 3, 3, 1, 1, 1, 1, 1, 3, 1, 0, 3, 1, 3, 3, 3, 1, 3, 1, 3, 3, 3], "confidence_scores": [[0.2341732979813978, 0.33246869418648833, 0.17513687635898795, 0.2582211314731261], [0.20232761919577288, 0.28511773747406116, 0.17100430987787063, 0.3415503334522954], [0.26355032700185416, 0.2793338070642242, 0.14192894137560866, 0.31518692455831304], [0.30853817576539905, 0.23939880841353742, 0.16331606564088855, 0.288746950180175], [0.2867138879922476, 0.2323697650882522, 0.13803838740363603, 0.3428779595158642], [0.2162364989491164, 0.3151012385824346, 0.21847769866781558, 0.2501845638006337], [0.22952205550326554, 0.29076115728504137, 0.18924072204218348, 0.2904760651695098], [0.23684027919755038, 0.3400049418583929, 0.20617764604007516, 0.21697713290398163], [0.21171769089644052, 0.2470339911164668, 0.2217824028025133, 0.3194659151845796], [0.15421863171942718, 0.3264691086962411, 0.25371398606281664, 0.2655982735215154], [0.27826084872894, 0.3140666375522205, 0.15843183874423952, 0.24924067497459995], [0.17462881778525788, 0.27001854926552243, 0.21994657913101118, 0.33540605381820887], [0.3127607366778892, 0.2789333527377188, 0.13191360626263315, 0.276392304321759], [0.16853763278587092, 0.30604067972121707, 0.26624083128700915, 0.25918085620590303], [0.24597330483734528, 0.2141945592361083, 0.2726708620372726, 0.26716127388927413], [0.1930951989876677, 0.30468483838675364, 0.2528804885983751, 0.2493394740272036], [0.25856370842974574, 0.287130924334673, 0.22941875973920747, 0.22488660749637396], [0.22821571759143444, 0.24250971451777376, 0.2527974672812643, 0.2764771006095278], [0.19052416940665876, 0.30808818842359087, 0.25797815559910725, 0.24340948657064335], [0.18474084178986835, 0.301743390269075, 0.19101915149595858, 0.32249661644509814], [0.2258912990067688, 0.30284985863485425, 0.2214179435771511, 0.2498408987812257], [0.24353620486743732, 0.29670942877460077, 0.17671253146476257, 0.28304183489319934], [0.24057244925466692, 0.2444996576072208, 0.18876028845012968, 0.32616760468798284], [0.2755236873550754, 0.2764915851064519, 0.181495602946807, 0.2664891245916659], [0.2597019381680541, 0.24162072425444278, 0.19362001602096568, 0.3050573215565376], [0.31480667401851437, 0.2432756981431601, 0.1568536066128088, 0.28506402122551683], [0.21021076977603467, 0.2856083503704119, 0.19089324937834326, 0.3132876304752103], [0.28796722506300065, 0.23631681137603752, 0.161188473295054, 0.3145274902659078], [0.24600524877534855, 0.276518862221226, 0.17964383205253376, 0.2978320569508918], [0.2531616562667222, 0.29217425707017675, 0.1773058592101252, 0.27735822745297595], [0.23474324944073605, 0.28729345933923733, 0.22453962056004115, 0.2534236706599856], [0.24340193311225364, 0.33391726028083185, 0.18599888814931892, 0.23668191845759565], [0.23380116683804344, 0.3306142744635828, 0.18468826863953694, 0.2508962900588366], [0.18082638093896036, 0.24791817528468196, 0.27412740472335, 0.2971280390530077], [0.24384798921801118, 0.22964434396977612, 0.2101716648652185, 0.31633600194699435], [0.24620909569585017, 0.26691223821948673, 0.1905565742603307, 0.29632209182433233], [0.17809345472909108, 0.27263861942782236, 0.181730899857793, 0.3675370259852937], [0.24063988397547129, 0.2810085044360675, 0.20548851578747585, 0.27286309580098556], [0.3182537463216739, 0.24663176046234553, 0.19503856866745536, 0.24007592454852544], [0.23771365798692423, 0.22651503641900722, 0.17607988711904327, 0.3596914184750255], [0.28836093473855146, 0.2557406782822266, 0.18043781837147246, 0.2754605686077497], [0.22264233988511883, 0.2831360934667023, 0.16189858550177041, 0.3323229811464084], [0.22091719195409998, 0.2943640224358443, 0.1395460243824199, 0.34517276122763596], [0.23292293752621374, 0.23949533955815686, 0.13124225330081507, 0.39633946961481425], [0.23399151662385556, 0.2910492835621589, 0.2096926452247916, 0.265266554589194], [0.31835217454665676, 0.26236497526941294, 0.16080804358635922, 0.25847480659757127], [0.22183924704900948, 0.2552391852491759, 0.17345649378839303, 0.34946507391342174], [0.1774169645277253, 0.28774706113447207, 0.17965251201817914, 0.3551834623196235], [0.24912738337298176, 0.28693853436348477, 0.15408105714897022, 0.3098530251145632], [0.2240847487931821, 0.2537215449485658, 0.19562291214564578, 0.3265707941126065], [0.209536849616429, 0.301270399415084, 0.16924145406694704, 0.31995129690154], [0.22554846369580195, 0.28005189773602646, 0.23820716472738743, 0.2561924738407844], [0.24688036290900936, 0.32373993068614, 0.2522346451779081, 0.17714506122694273], [0.19711994996583507, 0.30284456665840453, 0.23461834664550518, 0.2654171367302554], [0.21722089302043412, 0.2913934196013123, 0.15403379104673354, 0.33735189633152024], [0.2220740420009789, 0.3012278400607132, 0.22256481609706763, 0.2541333018412402], [0.20948992011037876, 0.22984300615263809, 0.22558045240149305, 0.33508662133549], [0.20931612908613162, 0.2900252163725757, 0.19697961199073405, 0.3036790425505588], [0.22772180081420895, 0.26695315826804317, 0.19631704783174514, 0.3090079930860029], [0.24000533087526305, 0.31507135658942526, 0.16773861952283092, 0.27718469301248094], [0.23511030848986286, 0.3145472193350302, 0.19638291895079094, 0.25395955322431596], [0.215198548414333, 0.2518321837910499, 0.20694499181348974, 0.3260242759811276], [0.2058249811691963, 0.33066568024824167, 0.19347916645891633, 0.27003017212364594], [0.2661843170650441, 0.3151442437882318, 0.18520295902721406, 0.23346848011951], [0.22960796829716362, 0.2624730195215732, 0.17443083676921708, 0.3334881754120462], [0.20402312978444934, 0.2886852996669772, 0.1889900864188287, 0.3183014841297446], [0.26334202157573694, 0.20546336309777563, 0.26396786342971174, 0.26722675189677597], [0.22317199016816527, 0.21007990301874524, 0.2129805910674115, 0.35376751574567833], [0.1814511381376872, 0.28501645766684264, 0.19237495377410188, 0.3411574504213684], [0.27736490019088467, 0.22983779774676816, 0.1846420056406497, 0.3081552964216977], [0.29199046544496154, 0.2158495905608144, 0.17319450101721387, 0.3189654429770103], [0.23201974476997356, 0.2769853977362894, 0.17444043903743123, 0.3165544184563061], [0.22099453767090826, 0.2592019295730624, 0.20844824111590005, 0.31135529164012943], [0.2393688523094142, 0.2809968020869127, 0.18065736660602041, 0.2989769789976527], [0.2238470500248458, 0.31311961754660717, 0.2214611572391062, 0.24157217518944088], [0.2317670916261575, 0.2948556277407867, 0.21949148194937898, 0.2538857986836771], [0.2402140677449559, 0.257273312936053, 0.22913172662379885, 0.2733808926951925], [0.27119578321692045, 0.25969063162774797, 0.1833296317051323, 0.28578395345019947], [0.24177071271892522, 0.25540205619344236, 0.18993422441697352, 0.312893006670659], [0.1875573221271966, 0.26159622122147447, 0.30421483789028575, 0.24663161876104323], [0.22823926315572726, 0.24981864992819308, 0.2331656382303046, 0.28877644868577523], [0.27421719197718186, 0.25725770583232377, 0.1911981414933771, 0.27732696069711726], [0.25217376104233796, 0.31578071691684334, 0.18889976792523883, 0.24314575411558004], [0.25751111101510765, 0.31174123083282784, 0.17766766173860887, 0.2530799964134557], [0.28394693885341654, 0.26921782054779914, 0.2167560327238869, 0.23007920787489725], [0.2654685859620269, 0.256220461837365, 0.1679660286168492, 0.3103449235837591], [0.2442704414533704, 0.32157638574000735, 0.12920365318156915, 0.30494951962505334], [0.20192780137233676, 0.2797096326366936, 0.19657254980250602, 0.32179001618846387], [0.2378622637232372, 0.31954405860249685, 0.15040977225675856, 0.29218390541750733], [0.1832357549976406, 0.33879566441198217, 0.21536150294982015, 0.2626070776405572], [0.2861322035428852, 0.2463733047926583, 0.1679534808320639, 0.29954101083239254], [0.2495471541066932, 0.268440867590564, 0.2314854553085, 0.250526522994243], [0.2540453753647801, 0.22270399757808396, 0.1808689606696681, 0.34238166638746814], [0.23896978710491903, 0.2783414219039208, 0.17139091813025747, 0.3112978728609027], [0.20715405856715882, 0.2746577910844784, 0.2129855293065828, 0.30520262104178003], [0.22610643806263458, 0.2674051564091587, 0.17308490381182648, 0.3334035017163802], [0.21879286627551106, 0.2626710611758102, 0.224524874281636, 0.29401119826704286], [0.281261296611045, 0.26583955447756313, 0.18329258232568332, 0.2696065665857088], [0.20261453901205467, 0.25318175304295265, 0.17934337103051565, 0.36486033691447695], [0.16263817090048177, 0.3534234583297561, 0.1757347434780688, 0.3082036272916934], [0.2387400754567567, 0.3055765934544475, 0.1832645345163099, 0.2724187965724859], [0.17811840087676697, 0.31782900924661506, 0.22591042391060479, 0.2781421659660134], [0.3155082531111962, 0.2578218690045995, 0.166183876131796, 0.26048600175240827], [0.20898844672269207, 0.33713885663602644, 0.17075897253225708, 0.2831137241090244], [0.20144156123144277, 0.3319639405155154, 0.23046785281668924, 0.2361266454363526], [0.2308689526162417, 0.3092592420418235, 0.1740883811685214, 0.28578342417341335], [0.26195438866012316, 0.2522553189559959, 0.1540414818953183, 0.33174881048856286], [0.25432160474180676, 0.31447953790573824, 0.1685859697329531, 0.26261288761950197], [0.2349838814008186, 0.29645582019883643, 0.22796549153498627, 0.24059480686535892], [0.25299079815153536, 0.26325972259253727, 0.20247707603348758, 0.28127240322243974], [0.22459506408976643, 0.36616532416755937, 0.18900795240832544, 0.2202316593343493], [0.24209367367302495, 0.21332194514168162, 0.18317659450481183, 0.3614077866804817], [0.2868142789626195, 0.2690269441544714, 0.1701749001347523, 0.2739838767481569], [0.2676722645468032, 0.239433111859881, 0.18236744896007573, 0.3105271746332401], [0.2697729638970964, 0.2705639620623639, 0.1600712493608495, 0.2995918246796904], [0.2172196905195526, 0.3034135505906981, 0.13990506852599466, 0.3394616903637547], [0.20814961440091131, 0.25723419636005124, 0.25021954710860556, 0.2843966421304319], [0.2682056791498413, 0.31470744472724793, 0.15961058670775619, 0.2574762894151546], [0.19019312861001153, 0.2834775826979742, 0.18813510690914448, 0.33819418178286975], [0.2514205539496176, 0.27317265849093747, 0.1810901858178054, 0.2943166017416397], [0.23025895822691866, 0.23834120865211925, 0.18204392410527837, 0.34935590901568375], [0.29387401973626653, 0.23411578549226253, 0.17498930297396711, 0.29702089179750407], [0.3116605095161077, 0.21107636575617705, 0.1416346723896142, 0.3356284523381012], [0.22802611446574284, 0.2877947592912764, 0.23457847680761126, 0.24960064943536966], [0.23768865646351467, 0.3617054142248925, 0.14626459819367055, 0.25434133111792206], [0.22954081190384237, 0.3209882382163694, 0.18880584119393892, 0.26066510868584936], [0.16572001818043952, 0.35508973139420585, 0.24030621848161984, 0.23888403194373484], [0.21407152072169186, 0.29407665966671626, 0.24162384063933248, 0.2502279789722595], [0.21958271752090552, 0.21371924838243397, 0.21558684770195666, 0.3511111863947041], [0.26529137539879083, 0.3005936260150708, 0.14266501836312384, 0.29144998022301444], [0.3135618205060726, 0.23671961905968467, 0.18797200730578767, 0.2617465531284553], [0.27565215000707616, 0.28243793982748455, 0.15013907403888938, 0.2917708361265499], [0.19152763915205484, 0.32230067649651334, 0.19296732605918127, 0.2932043582922509], [0.21485940251270225, 0.2692132154276308, 0.23477029860253906, 0.2811570834571278], [0.17377170861662988, 0.29982035610611646, 0.2251260878575593, 0.30128184741969466], [0.21341614527500238, 0.245507303681655, 0.2004296364806826, 0.34064691456266], [0.22165064288293937, 0.2765439716404396, 0.22965257024337782, 0.27215281523324336], [0.1578922161212875, 0.31261246428428807, 0.17414570495710588, 0.35534961463731873], [0.2110901272407445, 0.3399212780955174, 0.1797794013648633, 0.26920919329887466], [0.22996319092792625, 0.2887910025580574, 0.17286030542194947, 0.30838550109206714], [0.213754596699222, 0.28234659001964135, 0.18240509198871308, 0.3214937212924239], [0.22715739682847047, 0.22867155970861364, 0.2696472101443934, 0.2745238333185226]]}, "rewritten": {"ids": ["97105760", "97112300", "97113260", "97116401", "97116500", "97118210", "98106111", "98106880", "98107340", "98107380", "98108410", "98109230", "98110710", "98112300", "98121790", "99108460", "99109370", "99109780", "99109860", "99111000", "99112840", "99114890", "99119830", "100108490", "100108520", "100108580", "100109330", "100111080", "100117420", "101108080", "101109370", "101111140", "101111620", "101112540", "101112690", "101115190", "102109850", "102109910", "102110240", "102110850", "102113981", "102114270", "102121700", "103109641", "103109791", "103110100", "103111540", "103111990", "103112641", "103113170", "104111620", "104111990", "104113240", "104116800", "105110251", "105115680", "105115720", "105115900", "105116090", "105116501", "105117351", "105120621", "106112770", "106114280", "106116120", "106116441", "106116850", "106117770", "106118161", "106118820", "106119990", "106120640", "106121190", "107113260", "107113360", "107114110", "107119950", "107120880", "108114040", "108114670", "108115500", "108115570", "108115970", "108118291", "108120060", "109115070", "109115211", "109117080", "109117431", "109119010", "109120560", "110114321", "110114610", "110115890", "110116170", "110117080", "110117140", "110118181", "110119891", "110120190", "110120531", "110120640", "110121450", "111116411", "111117120", "111117571", "111119290", "111119580", "111119930", "111120280", "111121220", "112116290", "112116640", "112116990", "112117431", "112117471", "112117571", "112117580", "112118161", "112118511", "112118581", "112118890", "112119950", "112121030", "113117340", "113118620", "113118870", "113119300", "113119320", "113119340", "113119700", "113119930", "113119950", "113120260", "113120280", "113120540", "113120640", "113120751", "113121010", "113121220", "113121680", "113122150"], "labels": [0, 2, 1, 3, 2, 2, 0, 0, 0, 1, 1, 1, 2, 2, 2, 0, 1, 2, 2, 2, 2, 2, 1, 2, 2, 0, 0, 0, 2, 0, 1, 2, 3, 2, 1, 1, 1, 2, 3, 3, 1, 3, 1, 1, 3, 1, 1, 2, 3, 3, 0, 2, 2, 1, 0, 2, 1, 3, 1, 1, 0, 1, 1, 3, 1, 0, 3, 0, 3, 3, 0, 3, 2, 0, 0, 1, 3, 1, 0, 3, 3, 3, 2, 3, 1, 0, 0, 1, 1, 3, 1, 1, 1, 2, 0, 1, 3, 1, 3, 3, 0, 0, 3, 0, 2, 3, 3, 3, 1, 0, 3, 0, 0, 0, 0, 3, 3, 0, 0, 1, 1, 3, 0, 0, 2, 3, 0, 1, 1, 0, 0, 1, 0, 3, 0, 3, 0, 1, 2, 3, 1, 2], "predicted_labels": [3, 1, 3, 3, 1, 3, 3, 1, 3, 3, 1, 1, 3, 0, 3, 3, 3, 3, 1, 3, 1, 1, 3, 3, 3, 1, 3, 1, 1, 1, 1, 3, 1, 3, 3, 1, 1, 3, 3, 3, 1, 1, 1, 3, 0, 0, 3, 3, 1, 1, 3, 1, 1, 3, 3, 1, 3, 3, 3, 1, 3, 3, 3, 3, 3, 1, 3, 1, 3, 3, 3, 1, 3, 3, 1, 3, 1, 3, 3, 1, 1, 1, 1, 0, 1, 1, 3, 3, 1, 3, 1, 1, 1, 3, 3, 3, 3, 1, 1, 1, 3, 1, 1, 0, 0, 3, 1, 0, 0, 1, 3, 0, 3, 3, 0, 0, 3, 3, 1, 3, 1, 1, 3, 0, 1, 1, 3, 3, 3, 1, 1, 3, 3, 3, 0, 0, 1, 3, 1, 3, 1, 1], "confidence_scores": [[0.27153208130346546, 0.21541909516802485, 0.1723558078498986, 0.340693015678611], [0.25937659275131086, 0.2851886865359305, 0.18244308951189175, 0.2729916312008671], [0.22920402813248714, 0.2832822379028564, 0.17819902773084492, 0.3093147062338118], [0.22879032805978994, 0.24496737297576385, 0.2402350763098883, 0.28600722265455797], [0.2359007164299267, 0.2920339745692608, 0.19597701423624275, 0.2760882947645699], [0.26191985161283404, 0.2637944100148523, 0.20945299043545618, 0.26483274793685746], [0.26460532509487183, 0.24142328870618307, 0.1940613528343361, 0.299910033364609], [0.19003803500579136, 0.29841627168141727, 0.22537038773536264, 0.28617530557742876], [0.23012047621782739, 0.24273189055259858, 0.2025627733955667, 0.32458485983400753], [0.25272060877491287, 0.2834199037120607, 0.12893446013956106, 0.3349250273734657], [0.22101708516680166, 0.29461499177363754, 0.20872877275843213, 0.2756391503011287], [0.23831676792585985, 0.2713146216443344, 0.2254867414532807, 0.2648818689765251], [0.22544079648631193, 0.2343660272780901, 0.20511068864186086, 0.33508248759373727], [0.33797035474079834, 0.22732870860256782, 0.1598567693710546, 0.2748441672855795], [0.2648305863109759, 0.2763000711684209, 0.17900354144656574, 0.2798658010740376], [0.2676699084136223, 0.2328429232768557, 0.18447373656654012, 0.3150134317429821], [0.28914029833922816, 0.2310826356148465, 0.13945048830171744, 0.3403265777442078], [0.23255075042291268, 0.28525323180152046, 0.19424696929688745, 0.2879490484786795], [0.22056925534058194, 0.2948740866455819, 0.20400058763070747, 0.2805560703831289], [0.2448888533064256, 0.25323875024766535, 0.19798361146277926, 0.30388878498312993], [0.1812426914719034, 0.3407146066006711, 0.18142177390887135, 0.2966209280185541], [0.20404959314933951, 0.30103624081074243, 0.2324172576601778, 0.26249690837974027], [0.2317179072218215, 0.2737065958554954, 0.21603394384010005, 0.2785415530825832], [0.24496339346602092, 0.2514613878115838, 0.19708093956181968, 0.30649427916057587], [0.26822891522981296, 0.2429996724999237, 0.12286196721172285, 0.3659094450585404], [0.22326042212159744, 0.2935845118518058, 0.19536472421282836, 0.28779034181376845], [0.24180505945607605, 0.2574338718920919, 0.16680101810447673, 0.33396005054735534], [0.16219568127462594, 0.33835789836094277, 0.20349438190853572, 0.2959520384558956], [0.217135451284508, 0.3008192241374201, 0.23926629584951153, 0.24277902872856047], [0.2575596484916881, 0.28730794665226883, 0.1706814132900496, 0.2844509915659936], [0.28695957158756924, 0.29933289760842746, 0.1606399155492939, 0.2530676152547096], [0.29420773956176327, 0.2735129360265199, 0.1322322691116177, 0.30004705530009923], [0.24820627179116614, 0.2900639774050444, 0.23972754910689673, 0.22200220169689275], [0.2277296716670012, 0.25178082207120855, 0.2012731248593132, 0.31921638140247727], [0.25153882350887313, 0.2744314002789748, 0.19536931393971868, 0.2786604622724336], [0.21405585557512385, 0.2885610394594002, 0.21916264888293782, 0.2782204560825382], [0.2546168548229704, 0.283417584980832, 0.24763958146427406, 0.21432597873192386], [0.27115499541118165, 0.2884180310706232, 0.12819785028543926, 0.3122291232327558], [0.25204874669729543, 0.2527787064760038, 0.21398681650685553, 0.2811857303198453], [0.22371864263586333, 0.23811631433052483, 0.26832567556136466, 0.2698393674722471], [0.25802665019381943, 0.2766176987478339, 0.2059361146904537, 0.25941953636789333], [0.250508278891427, 0.32501686093989124, 0.1869803410311582, 0.23749451913752348], [0.2549419386025459, 0.2982049455976848, 0.21395837049890026, 0.2328947453008692], [0.24478675741817413, 0.282902932375381, 0.1696714778530409, 0.3026388323534042], [0.30866472321377514, 0.25679273902361727, 0.18716809009874658, 0.24737444766386096], [0.3114242944090104, 0.23665522903821262, 0.1716361201628393, 0.2802843563899379], [0.2311717322824018, 0.2747728983331023, 0.198439298614648, 0.2956160707698477], [0.2461456653773817, 0.29689354182411837, 0.13881541908203845, 0.3181453737164614], [0.24419650711664165, 0.31530657451549404, 0.15920800266615479, 0.28128891570170955], [0.20998853372799464, 0.35653606690980477, 0.20272211478903013, 0.23075328457317046], [0.2596225740716893, 0.2654855016107034, 0.14724710187102918, 0.3276448224465782], [0.24426229781122125, 0.3051855239250656, 0.1651816791383391, 0.28537049912537404], [0.2056371098667952, 0.3233731202094593, 0.22269014934015935, 0.24829962058358632], [0.24225952950757945, 0.2637198053681618, 0.1674750765821476, 0.32654558854211113], [0.25850847153171125, 0.24657347141912833, 0.19422153981923057, 0.30069651722992996], [0.2330372382945899, 0.34811229656268977, 0.21631897045022247, 0.20253149469249795], [0.22317615627110537, 0.26794903263941416, 0.21528018799068918, 0.2935946230987915], [0.24645574777504678, 0.2843158841541297, 0.18264257716870191, 0.28658579090212166], [0.26380244857797236, 0.2500890919130296, 0.17337344508376573, 0.3127350144252323], [0.293013453438107, 0.30537051582293195, 0.12302725079183886, 0.2785887799471222], [0.31480864234612715, 0.19409756336550926, 0.1408262523972994, 0.35026754189106435], [0.25578305619085834, 0.22212799707305897, 0.11817993646795383, 0.4039090102681289], [0.1992735551999506, 0.29692258428376767, 0.2011965814548506, 0.30260727906143137], [0.26523457849530624, 0.2751763203110436, 0.16789267383348733, 0.2916964273601629], [0.27684266770765215, 0.24804196640211146, 0.15742436309642843, 0.317691002793808], [0.23378425069092734, 0.35032227501912033, 0.12440043632623628, 0.2914930379637163], [0.19068383671910435, 0.30387463749309346, 0.17680903149815094, 0.32863249428965136], [0.2310358501852024, 0.3022935490877095, 0.17174504391874332, 0.29492555680834465], [0.22217305126176756, 0.29432903379677766, 0.1592118468957288, 0.32428606804572596], [0.23164678403503175, 0.2246941987262436, 0.19527213840303248, 0.34838687883569214], [0.16250838555082833, 0.2671183369509361, 0.21597157091703875, 0.3544017065811969], [0.26026803324596537, 0.3225609265588767, 0.1342527424167783, 0.28291829777837973], [0.1958103424497078, 0.27629511363602893, 0.1953720778098785, 0.33252246610438485], [0.24924549126546, 0.25433553243246243, 0.19043327478477948, 0.30598570151729815], [0.22265126485472259, 0.3039459761634719, 0.18537936765612095, 0.28802339132568466], [0.18072190095006266, 0.2811240858248349, 0.18668817011649647, 0.3514658431086061], [0.21314988372972649, 0.35736739764704284, 0.18404173425891915, 0.24544098436431142], [0.23540973909995855, 0.29000329370059297, 0.18104744086953548, 0.29353952632991315], [0.23731517714069333, 0.2895834574954018, 0.1321398411442916, 0.3409615242196133], [0.254900627375548, 0.29887905692956424, 0.20228751086470698, 0.24393280483018104], [0.17785966281233123, 0.2906533285422144, 0.24668818012620852, 0.284798828519246], [0.19788598735347843, 0.3287482650035628, 0.16981209841994524, 0.3035536492230136], [0.23766604093444982, 0.29627344595549854, 0.17624588805450653, 0.2898146250555452], [0.30865885142647853, 0.2438585528039725, 0.15534366311249262, 0.29213893265705637], [0.2717510041664895, 0.2944534459757879, 0.22604480281523462, 0.20775074704248808], [0.21058176105929935, 0.36081110811914546, 0.16630649292289604, 0.262300637898659], [0.21643557619851347, 0.27945087013803, 0.17706647923987837, 0.3270470744235782], [0.1867226636585299, 0.3086612686297739, 0.15686974317476315, 0.34774632453693316], [0.22897215431309387, 0.2978059747238834, 0.1871320050849748, 0.28608986587804797], [0.1948910143127398, 0.29124824900430646, 0.18436045921858188, 0.3295002774643719], [0.24006990052367225, 0.3189523893013974, 0.1790043675706078, 0.26197334260432276], [0.298226736113892, 0.31229985727661264, 0.17190249756034096, 0.2175709090491544], [0.2515887659844106, 0.3079068341826217, 0.20573416069652517, 0.2347702391364425], [0.17995243495587548, 0.2880524874637425, 0.1952604805550342, 0.33673459702534786], [0.2647733428730268, 0.23185301884515325, 0.20096869538487028, 0.3024049428969498], [0.24242147787605955, 0.23812616950153084, 0.17676815913695695, 0.3426841934854526], [0.23421938278223162, 0.26655719855711907, 0.1969933279279003, 0.30223009073274903], [0.2382472689487615, 0.27764928897123275, 0.21263119374934203, 0.2714722483306638], [0.2154050107739798, 0.3002883434900545, 0.1905175670129544, 0.29378907872301124], [0.226395738567411, 0.3327223242312565, 0.1656240061265927, 0.2752579310747399], [0.25950272954800374, 0.23746188389591033, 0.17302535172178427, 0.3300100348343019], [0.20673040181916774, 0.3015428802425419, 0.22252517264587668, 0.26920154529241364], [0.2523237157552122, 0.31667837322878234, 0.15845926039176708, 0.27253865062423843], [0.32577888154653434, 0.24329935010569317, 0.14272753354390846, 0.288194234803864], [0.29388332315263743, 0.27746044778792206, 0.16737814014774258, 0.2612780889116979], [0.2892778260856355, 0.2439270271672062, 0.13620096053080297, 0.3305941862163554], [0.209983882337039, 0.3234534112833562, 0.2061738675662692, 0.26038883881333574], [0.2807300439582965, 0.26659309383600704, 0.20472998219922744, 0.24794688000646903], [0.2898329520437753, 0.2610139085136077, 0.21439568035517428, 0.23475745908744286], [0.22346370591232376, 0.34121064939799584, 0.11773636497582707, 0.3175892797138535], [0.25958613608238157, 0.2803668921938533, 0.10720943520148887, 0.3528375365222762], [0.284035321789973, 0.28249938126469193, 0.17729618129605484, 0.2561691156492803], [0.17830017500459672, 0.295281118737227, 0.1625438283901554, 0.3638748778680208], [0.25376070270567036, 0.22580279502838277, 0.16954079593556806, 0.35089570633037886], [0.2858626535583952, 0.2536780637818207, 0.17473058325699448, 0.2857286994027897], [0.3011260489482107, 0.28770990956261594, 0.17759475238046496, 0.23356928910870853], [0.2905170964692474, 0.2405312710968072, 0.15097366415100041, 0.31797796828294506], [0.22663541918017988, 0.3078891649000847, 0.15712936773876543, 0.30834604818097006], [0.25604992222576384, 0.314704744308325, 0.13626448532619637, 0.292980848139715], [0.2518447797681161, 0.2774286003876525, 0.14711738242390265, 0.32360923742032865], [0.21687864450744815, 0.3260011675662178, 0.17791823961252518, 0.27920194831380907], [0.27279193448613676, 0.2801425571295538, 0.17128291273803026, 0.27578259564627916], [0.2580229698424977, 0.2145032663318984, 0.14883489412143222, 0.3786388697041718], [0.3132515319010318, 0.23627209983864708, 0.15615926358366283, 0.29431710467665817], [0.22992363005932873, 0.3359206654592227, 0.16266902401530653, 0.2714866804661419], [0.2602190087343911, 0.30997303086621747, 0.19184420498507554, 0.2379637554143158], [0.21316509276553333, 0.29354729012920733, 0.17646987227120345, 0.3168177448340561], [0.21906873295339696, 0.26945377913950636, 0.16223788361117197, 0.3492396042959247], [0.24866529914297913, 0.25992833896692075, 0.21097878903431533, 0.28042757285578473], [0.2869286068182015, 0.29352509782808023, 0.1329983166031548, 0.2865479787505635], [0.2588262459231404, 0.27702623088924605, 0.19665355922740893, 0.2674939639602047], [0.2086564567573456, 0.28758055626590096, 0.1793852646646826, 0.32437772231207085], [0.2702726269809444, 0.2566894942727508, 0.174651277269647, 0.2983866014766582], [0.24340252292166986, 0.29758996891839373, 0.14624267228824736, 0.31276483587168924], [0.3016053553858192, 0.2521021517505392, 0.16262654603187773, 0.2836659468317638], [0.28549520155570013, 0.25347581528803803, 0.18512243490633562, 0.27590654824992616], [0.28648866015483576, 0.3164190817934512, 0.20239974734256408, 0.19469251070914895], [0.25790265234810605, 0.26953015555700366, 0.19438629769236956, 0.27818089440252075], [0.23527459677245005, 0.32848658057254, 0.14190703234319302, 0.2943317903118169], [0.2481118006849873, 0.24769943362275945, 0.20313511736110612, 0.3010536483311471], [0.219790302779311, 0.3208223189179675, 0.20173336192251196, 0.25765401638020946], [0.23956660631361737, 0.27769165446456806, 0.21357833050146777, 0.269163408720347]]}}