{"test": {"ids": ["111119610", "110114610", "104116800", "97106770", "110115980", "113118810", "111116090", "99109161", "98111231", "107120130", "109113281", "110120700", "98112300", "112116610", "107120880", "103111170", "107114621", "113122320", "113121190", "113120260", "100113210", "105120621", "103109021", "99111000", "105119550", "106116820", "109121351", "102113350", "100109980", "98116090", "112118161", "112120700", "97107821", "113118690", "107118120", "111119250", "103111930", "101109000", "110114920", "111121351", "113121810", "106117790", "97106970", "100108080", "111121930", "107116340", "111117571", "106119990", "99109141", "107121230", "107121700", "97109570", "105113480", "112117030", "105115380", "106116640", "109120540", "112118581", "103120730", "110118701", "112119580", "112118701", "110113931", "113122170", "112119320", "108118630", "100111620", "105113620", "108114220", "98106560", "113121680", "113119700", "104112201", "109121410", "105116860", "102114270", "107112840", "103118110", "102113981", "106114321", "111119300", "100109360", "107118520", "110120531", "99114890", "107114280", "106114880", "113119360", "109115380", "103111110", "110117140", "98107410", "98108580", "112119980", "109114030", "112116850", "110121720", "97116500", "112117660", "102111990", "103111480", "102109010", "112118860", "101108290", "112116640", "106114150", "109117271", "97107040", "107121640", "104118340", "101111310", "97105580", "111115780", "101115190", "113121220", "107116501", "104119290", "103110050", "99112531", "101119591", "110114950", "104113170", "107113170", "111117120", "107121540", "110118740", "105115900", "108115500", "113120280", "109117080", "113122650", "100111270", "103120340", "103110760", "103112470", "98108520", "110117200", "106116370", "108116120", "113122510", "112117780", "111114171"], "labels": [2, 1, 1, 3, 1, 3, 3, 3, 1, 2, 0, 2, 2, 1, 1, 2, 0, 1, 1, 3, 0, 1, 0, 2, 1, 1, 0, 3, 1, 0, 0, 2, 2, 3, 3, 1, 3, 1, 3, 0, 2, 1, 2, 0, 1, 3, 3, 0, 3, 0, 3, 0, 0, 2, 1, 3, 1, 1, 1, 3, 3, 0, 1, 1, 1, 1, 3, 0, 3, 1, 1, 0, 0, 0, 2, 3, 1, 2, 1, 2, 1, 0, 2, 0, 2, 3, 0, 0, 3, 3, 3, 3, 0, 0, 1, 0, 3, 2, 0, 2, 0, 1, 3, 0, 0, 1, 0, 2, 1, 2, 3, 1, 1, 1, 3, 1, 1, 3, 3, 0, 0, 3, 0, 2, 2, 3, 3, 3, 0, 1, 2, 2, 1, 1, 1, 2, 3, 2, 1, 2, 0, 3], "predicted_labels": [3, 2, 3, 2, 1, 1, 0, 0, 0, 1, 1, 3, 0, 0, 1, 0, 3, 2, 1, 0, 3, 3, 0, 3, 3, 0, 0, 3, 0, 3, 0, 1, 3, 3, 0, 3, 3, 3, 1, 0, 2, 3, 2, 2, 2, 3, 1, 0, 3, 3, 1, 0, 1, 1, 2, 3, 1, 1, 1, 1, 0, 3, 0, 2, 1, 3, 2, 2, 0, 2, 1, 1, 3, 1, 0, 2, 1, 2, 3, 1, 1, 0, 1, 0, 3, 2, 2, 3, 1, 0, 3, 0, 1, 3, 0, 1, 0, 1, 3, 2, 0, 2, 3, 1, 1, 0, 3, 2, 1, 3, 2, 1, 3, 0, 3, 1, 1, 3, 3, 3, 3, 0, 0, 1, 2, 3, 3, 1, 3, 1, 2, 1, 2, 3, 1, 1, 0, 0, 0, 3, 3, 3], "confidence_scores": [[0.22555260193030785, 0.10125752414042388, 0.2369881781279787, 0.4362016958012895], [0.2802380921428593, 0.1049729404973258, 0.6123517352436202, 0.002437232116194798], [0.362937617851917, 0.10808981726377319, 0.018429824149397252, 0.5105427407349127], [0.01889486908814084, 0.0007329517054445698, 0.9441399887105193, 0.03623219049589538], [0.29479179122379173, 0.6026474024413486, 0.02979224616113028, 0.07276856017372935], [0.02736172494334901, 0.8484841510982535, 0.07094034893825636, 0.05321377502014105], [0.7868519446258632, 0.07872986897659592, 0.004992467983472901, 0.12942571841406797], [0.9016012437862649, 0.0488193390561231, 0.014143458432878375, 0.0354359587247336], [0.7616286971514454, 0.13741739574044085, 0.009759462471132227, 0.09119444463698151], [0.00725945709840964, 0.9814339008889955, 0.0013373740275416286, 0.00996926798505311], [0.13265713763730586, 0.642816584295433, 0.16334546877238082, 0.061180809294880394], [0.013705479200022835, 0.0011319004731230777, 0.0035245857361736284, 0.9816380345906804], [0.5579601834681485, 0.018288412070585302, 0.15294059827205878, 0.2708108061892074], [0.7172419455854355, 0.1264288891789224, 0.14778827449561238, 0.008540890740029684], [0.0021238220246317134, 0.7017698138816719, 0.04869315493518597, 0.24741320915851056], [0.7418012928147913, 0.1124391630793395, 0.018362533785098282, 0.12739701032077091], [0.1617501647237921, 0.001539817445539413, 0.00021796644036214973, 0.8364920513903062], [0.004569401228062701, 0.24060723142522747, 0.6305818139645051, 0.12424155338220474], [0.25422089750952587, 0.4893608237370376, 0.013309910074805016, 0.2431083686786314], [0.5255171949860857, 0.18295600112441932, 0.09987421828246384, 0.19165258560703094], [0.06371496097945735, 0.16013943315969242, 0.00869131982202895, 0.7674542860388213], [0.412036753420014, 0.0454496757034379, 5.365828001379038e-05, 0.5424599125965343], [0.7510946038005827, 0.034733920585780995, 0.03498211881430239, 0.1791893567993339], [0.012702250210545654, 0.052893044706413435, 0.11249272994861605, 0.8219119751344248], [0.06940797490207026, 0.35806925995532124, 0.1632518405513597, 0.40927092459124886], [0.8253651497722162, 0.05615055132126632, 0.0913866891478061, 0.02709760975871131], [0.529099820807596, 0.17849622829605463, 0.10856652395207826, 0.18383742694427105], [0.028756104159531986, 0.41552854209676104, 0.0240365897707194, 0.5316787639729875], [0.4970709196259026, 0.02136144361234262, 0.13181562330617855, 0.34975201345557627], [0.04003507722141655, 0.14872017744944271, 0.1417000180925377, 0.6695447272366031], [0.86907871845446, 0.12306508563598734, 0.004427574782808798, 0.0034286211267438795], [0.0426204814612495, 0.5929266498006807, 0.026117103528640766, 0.33833576520942915], [0.40646314314741394, 0.06842680331737319, 0.03393851717746329, 0.49117153635774974], [0.028666501404446373, 0.4093285690545947, 0.006505144663949306, 0.5554997848770096], [0.5923962255591957, 0.14535004644316718, 0.0003208584348826156, 0.2619328695627545], [0.33024757898892954, 0.0015606018406532694, 0.004477398220737558, 0.6637144209496797], [0.34166130004964684, 0.1777885142672264, 0.12979682102774892, 0.3507533646553778], [0.0026991661398138803, 0.07593390949459702, 0.0007249276178443336, 0.9206419967477447], [0.17831607584987846, 0.6806276534656308, 0.13729312280798572, 0.0037631478765049117], [0.9850394385056737, 0.010043393528257137, 8.995618589225147e-05, 0.004827211780177065], [0.02540261299935692, 0.0314822636007517, 0.8966504549286705, 0.04646466847122092], [0.20605536017207862, 0.1762960316635991, 0.14716145846621295, 0.4704871496981093], [0.0014766905210713468, 0.07697622989431492, 0.8770328670590606, 0.04451421252555315], [0.00225625560379906, 0.0012919474602770356, 0.8275511078399292, 0.16890068909599462], [0.0050168057410107875, 0.010315684290397639, 0.9538391841911652, 0.03082832577742639], [0.04456999491115357, 0.013093285526328376, 0.17094959617376518, 0.7713871233887529], [0.016138600217183885, 0.8422001938592472, 0.002528369812196856, 0.13913283611137214], [0.6507894538364088, 0.00821882416483191, 0.3016270126514032, 0.03936470934735617], [0.25276196853191235, 0.17382904564868026, 0.007963997328575476, 0.5654449884908318], [0.08278755442405657, 0.12107549545566569, 0.11890855760445347, 0.6772283925158243], [0.16903536988123227, 0.45902159982917196, 0.1739981355782261, 0.19794489471136983], [0.38146935085168904, 0.04436837606095423, 0.3366255861553685, 0.23753668693198815], [0.3112045954598754, 0.5422793915768704, 0.09916676902295608, 0.047349243940298096], [0.002263827513425745, 0.7403659614868846, 0.04802980901121178, 0.20934040198847803], [0.0005890685066811984, 0.2676518043231955, 0.5676975491376457, 0.16406157803247762], [0.23832028246416678, 0.009684957887374453, 0.0428303232465663, 0.7091644364018925], [0.04669253552082214, 0.6748343494193416, 0.049889223574307445, 0.22858389148552877], [0.0022746869045514448, 0.9893358284265027, 0.007772088156808557, 0.0006173965121373548], [0.028503194202108856, 0.5919814097508235, 0.124413263059098, 0.2551021329879695], [0.16192133220677446, 0.7159345747876034, 0.000931400122178763, 0.12121269288344332], [0.9738755810825754, 0.00013104514363528917, 0.002516474611795868, 0.023476899161993515], [0.19904633103081926, 0.24327087309095427, 0.0005994264719814428, 0.557083369406245], [0.5034088643537604, 0.008192172957616787, 0.43183076518168695, 0.05656819750693587], [0.01192049735321667, 0.010155712223948071, 0.8670113245147867, 0.11091246590804857], [0.0004393550583105043, 0.9584910139303563, 0.0030635919646789535, 0.03800603904665448], [0.0007897539587915456, 0.007183972586914171, 0.1880684104286921, 0.8039578630256021], [0.007049013743849651, 0.001492401844779344, 0.8872654858579877, 0.10419309855338323], [0.006594525189239763, 0.13318959661067187, 0.8383111347848151, 0.02190474341527332], [0.8759913657545135, 0.117140601363948, 0.003227209080589987, 0.0036408238009484222], [0.00229003756076367, 0.0014692575445999446, 0.9904412046165999, 0.005799500278036571], [0.1772855508299306, 0.3880861763104389, 0.3569505292155893, 0.07767774364404116], [0.20634040537800558, 0.7552211675494057, 0.031915036184998066, 0.0065233908875907826], [0.37937072026590196, 0.14381697107044963, 0.053148462450477746, 0.42366384621317066], [0.0005054143596254353, 0.7440096034345008, 0.0030750951893875355, 0.25240988701648615], [0.6003139841857283, 0.2587404212324447, 0.1397805766045695, 0.001165017977257485], [0.0003160176461888619, 0.07021875517555386, 0.7130247494038048, 0.2164404777744524], [0.00045700713708359876, 0.978495395726158, 0.020539149240093042, 0.0005084478966652646], [0.28942440723057433, 0.043471844538261216, 0.5340829680353334, 0.13302078019583102], [0.36688207848460935, 0.019270832017117975, 0.00574059716803389, 0.608106492330239], [0.29466232791192476, 0.6913829164074737, 0.0024072835073677933, 0.011547472173233729], [0.045441135976893296, 0.8243827181614255, 0.1198872641720512, 0.010288881689629928], [0.8166309532669913, 0.006505120388383017, 0.007881010820869656, 0.16898291552375594], [0.35146898818376276, 0.6298663500842058, 0.0018024205926892775, 0.01686224113934217], [0.6444100998007283, 0.3414604818141558, 0.0019013600562013866, 0.012228058328914656], [0.0013742355956864937, 0.3047160849800209, 0.143473037160226, 0.5504366422640666], [0.02697887256471192, 0.2319317521201346, 0.4152342253055501, 0.32585515000960336], [0.06819565528388871, 0.10601560185921086, 0.8231553724544328, 0.0026333704024675514], [0.007259374057368016, 0.0025006242513251216, 0.0012946317506541188, 0.9889453699406527], [0.008948973911373708, 0.9687141656979762, 0.0008543898237539953, 0.021482470566896235], [0.9532910438951759, 0.00038855320292463833, 0.006635068643453552, 0.0396853342584458], [0.01482226689401354, 0.3518831860703382, 0.0004629856971430513, 0.6328315613385052], [0.8079215720963957, 0.006348977708203562, 0.006793633333593479, 0.17893581686180743], [0.1755919986457139, 0.5624041909136935, 0.10649982289464784, 0.1555039875459447], [0.11610694081052439, 0.3356448507553725, 0.08357020957300197, 0.46467799886110106], [0.9275234242524019, 0.04233465664423896, 0.013928126942712588, 0.016213792160646584], [0.019407703288756954, 0.8907832066013213, 0.0013775488565375995, 0.08843154125338418], [0.39482144120980633, 0.3710264632425375, 0.005805600012248599, 0.22834649553540745], [0.03387246047411256, 0.8711552501906105, 0.013159356156981612, 0.0818129331782954], [0.3539887251755715, 0.07475239346511518, 0.005569133563739608, 0.5656897477955737], [0.1552128568155256, 0.08696689254477076, 0.7050537616567223, 0.05276648898298122], [0.9013552400825212, 0.08618599559903924, 0.0002208521226326737, 0.012237912195806758], [0.08912428257515605, 0.2359413463829086, 0.4691810503678113, 0.20575332067412413], [0.17273072517650176, 0.009495445580723308, 0.3631944280132194, 0.45457940122955554], [0.0427637603526167, 0.8969736807061208, 0.006605814450373109, 0.05365674449088935], [0.0508218233364785, 0.803733744244092, 0.009640287489108241, 0.13580414493032125], [0.3167632945083876, 0.22573380439577978, 0.26577613429873514, 0.1917267667970976], [0.0026182686682365273, 0.018057815800450315, 0.004119084083776101, 0.9752048314475371], [0.007128057859270775, 0.050007329375403656, 0.8770046211321788, 0.06585999163314661], [0.0019214295435543668, 0.9108841190830586, 0.007229865650480707, 0.07996458572290646], [0.08226004954202928, 0.29621383798387374, 0.19582933641187175, 0.42569677606222517], [0.3087835499662838, 0.042450497061982874, 0.6472263331980185, 0.0015396197737147868], [0.0002614696914274336, 0.9725446940476903, 0.024493488242135767, 0.0027003480187464497], [0.15908019716342514, 0.33567721989937627, 0.10814484931653758, 0.397097733620661], [0.5358424138814134, 0.1296186196338451, 0.2579063617706761, 0.07663260471406541], [0.045162831118881544, 0.002061260040784155, 0.01985913264329706, 0.9329167761970373], [0.20448654651911674, 0.5604956129169063, 0.004603870423904404, 0.2304139701400726], [0.3871432135977565, 0.5293193939050796, 0.04699161835882679, 0.03654577413833717], [0.19766200714294788, 0.3085230397800247, 0.06997089297432366, 0.42384406010270365], [0.1940424990826519, 0.004243261281507955, 0.16465397888515065, 0.6370602607506894], [0.16411587445965617, 0.1521148788665421, 0.004352569026013796, 0.679416677647788], [0.3373571642544084, 0.0831778649372192, 0.002092022232443595, 0.5773729485759288], [0.4631912809187903, 0.2617463956253319, 0.009065523687135488, 0.26599679976874224], [0.46903146291967457, 0.03513874117191602, 0.0479307494404849, 0.4478990464679245], [0.1355698197624482, 0.8637844935199368, 0.0003871400893126506, 0.0002585466283023103], [0.0009066330180584231, 0.325343119020315, 0.611911751729554, 0.06183849623207268], [0.3061546827540493, 0.005383159088046041, 0.0006826931486684465, 0.6877794650092364], [0.10342409926108644, 0.08257886634879763, 0.011573982565106593, 0.8024230518250094], [0.18769720348444752, 0.5493492738534199, 0.17720381695470164, 0.0857497057074309], [0.47235573481530974, 0.00011120582452548252, 1.031392974143419e-05, 0.5275227454304232], [1.9537006536904633e-06, 0.99989771392766, 9.186742212960034e-05, 8.464949556663182e-06], [0.008363504787061216, 0.04494997398895829, 0.9159196228103467, 0.030766898413633625], [0.0494021447791969, 0.8454633604343867, 0.038549041484811065, 0.06658545330160524], [0.012711049013792048, 0.025874973487941703, 0.9300655069025543, 0.03134847059571196], [0.020047630358734043, 0.0041613294103475485, 0.007949808317739306, 0.9678412319131792], [0.1590165884582637, 0.34537433748410434, 0.28115526503796073, 0.21445380901967126], [0.005962590916067563, 0.8789787455851972, 0.113509281428782, 0.0015493820699531652], [0.9453101932178211, 0.010151620287686243, 0.01508471286078513, 0.02945347363370748], [0.7660360995183553, 0.003604244222267638, 0.0350852788348205, 0.19527437742455653], [0.8383106007011083, 0.02101666161020742, 0.0336558952732676, 0.10701684241541679], [0.004587840389212308, 0.3348516429828974, 0.12995032680024804, 0.5306101898276423], [0.12496371481853309, 0.05585346231173434, 0.002689851104770135, 0.8164929717649624], [0.07364760331039308, 0.1308466688113245, 0.014172007687621023, 0.7813337201906614]]}, "rewritten": {"ids": ["97105580", "97106770", "97106970", "97107040", "97107821", "97109570", "97116500", "98106560", "98107410", "98108520", "98108580", "98111231", "98112300", "98116090", "99109141", "99109161", "99111000", "99112531", "99114890", "100108080", "100109360", "100109980", "100111270", "100111620", "100113210", "101108290", "101109000", "101111310", "101115190", "101119591", "102109010", "102111990", "102113350", "102113981", "102114270", "103109021", "103110050", "103110760", "103111110", "103111170", "103111480", "103111930", "103112470", "103118110", "103120340", "103120730", "104112201", "104113170", "104116800", "104118340", "104119290", "105113480", "105113620", "105115380", "105115900", "105116860", "105119550", "105120621", "106114150", "106114321", "106114880", "106116370", "106116640", "106116820", "106117790", "106119990", "107112840", "107113170", "107114280", "107114621", "107116340", "107116501", "107118120", "107118520", "107120130", "107120880", "107121230", "107121540", "107121640", "107121700", "108114220", "108115500", "108116120", "108118630", "109113281", "109114030", "109115380", "109117080", "109117271", "109120540", "109121351", "109121410", "110113931", "110114610", "110114920", "110114950", "110115980", "110117140", "110117200", "110118701", "110118740", "110120531", "110120700", "110121720", "111114171", "111115780", "111116090", "111117120", "111117571", "111119250", "111119300", "111119610", "111121351", "111121930", "112116610", "112116640", "112116850", "112117030", "112117660", "112117780", "112118161", "112118581", "112118701", "112118860", "112119320", "112119580", "112119980", "112120700", "113118690", "113118810", "113119360", "113119700", "113120260", "113120280", "113121190", "113121220", "113121680", "113121810", "113122170", "113122320", "113122510", "113122650"], "labels": [1, 3, 2, 2, 2, 0, 2, 1, 3, 2, 0, 1, 2, 0, 3, 3, 2, 3, 2, 0, 0, 1, 2, 3, 0, 0, 1, 3, 1, 0, 1, 2, 3, 1, 3, 0, 3, 1, 3, 2, 0, 3, 1, 2, 1, 1, 0, 3, 1, 2, 1, 0, 0, 1, 3, 2, 1, 1, 1, 2, 0, 2, 3, 1, 1, 0, 1, 0, 3, 0, 3, 1, 3, 2, 2, 1, 0, 2, 1, 3, 3, 3, 1, 1, 0, 1, 3, 1, 0, 1, 0, 0, 1, 1, 3, 0, 1, 3, 3, 3, 3, 0, 2, 3, 3, 1, 3, 2, 3, 1, 1, 2, 0, 1, 1, 0, 0, 2, 0, 0, 0, 1, 0, 3, 1, 3, 0, 2, 3, 3, 0, 0, 3, 0, 1, 3, 1, 2, 1, 1, 2, 2], "predicted_labels": [1, 0, 2, 1, 0, 0, 1, 2, 0, 1, 0, 0, 0, 0, 0, 0, 0, 0, 2, 3, 0, 0, 0, 3, 3, 0, 3, 2, 2, 0, 3, 0, 3, 0, 2, 0, 0, 3, 0, 0, 0, 2, 3, 0, 0, 0, 0, 0, 3, 3, 1, 0, 2, 2, 0, 0, 1, 0, 0, 1, 0, 0, 3, 0, 3, 0, 1, 0, 0, 0, 0, 3, 0, 1, 0, 1, 0, 3, 1, 0, 0, 0, 0, 3, 0, 0, 0, 1, 0, 3, 0, 0, 0, 0, 1, 0, 0, 3, 0, 1, 0, 1, 3, 0, 0, 2, 0, 1, 0, 0, 1, 0, 0, 0, 0, 3, 3, 2, 0, 0, 0, 0, 0, 0, 2, 0, 1, 0, 0, 0, 3, 1, 3, 0, 0, 3, 0, 2, 2, 3, 2, 2], "confidence_scores": [[0.017719302072875, 0.9658769942595299, 0.01158265624368548, 0.004821047423909693], [0.756841615189875, 0.005961574465308452, 0.2311038732121051, 0.006092937132711415], [0.0034025195900478167, 0.1821596541044035, 0.6999751251478525, 0.11446270115769622], [0.05746599520754107, 0.7649864047898413, 0.15290510248380212, 0.02464249751881562], [0.7594578062510033, 0.01720825381541806, 0.006919889756393997, 0.21641405017718468], [0.9753711511077205, 0.006551164051061557, 0.016552769530640686, 0.0015249153105771694], [0.11918116334864153, 0.8686146351151703, 0.004942365613974848, 0.007261835922213345], [0.2742195481145045, 0.011560349430045302, 0.4624816630293547, 0.25173843942609553], [0.9887632342606635, 0.0030595595476777234, 0.0002449749204629353, 0.007932231271195911], [0.03957668786250384, 0.7059172956568125, 0.10336465805762744, 0.15114135842305626], [0.88271588958562, 0.013770266007017033, 0.013320036890332633, 0.09019380751703049], [0.6093006253884548, 0.33923539724577556, 0.002361509383910276, 0.04910246798185935], [0.990285445762621, 0.0013073511948812212, 0.003918432071108018, 0.004488770971389767], [0.5993113978745574, 0.31210610255191273, 0.07746664452679458, 0.011115855046735236], [0.9188793850356568, 0.0011469054097344733, 0.00036087613340266, 0.07961283342120613], [0.754782946698341, 0.011677690324023823, 0.0019363947348126694, 0.2316029682428226], [0.949750737309056, 0.001549978213174766, 0.029822414430593993, 0.018876870047175198], [0.9926258063439088, 0.0001429054501050627, 4.492462103038654e-05, 0.007186363584955647], [0.05649184104857192, 0.016056550526019817, 0.5964139806609462, 0.33103762776446194], [0.011240721395367713, 0.08778628991009273, 0.2481041496102522, 0.6528688390842874], [0.9976651097554208, 0.00012389778987733068, 0.0014833855327024978, 0.0007276069219993591], [0.6260739331131128, 0.020205596659462276, 0.30598224611120706, 0.04773822411621781], [0.9778223514910327, 0.007197981649758162, 0.014594402071005597, 0.0003852647882035525], [0.021492933363770155, 0.0004812575633279749, 0.05010296450796533, 0.9279228445649366], [0.05682416621803599, 0.10616326845511713, 0.00950949737879238, 0.8275030679480544], [0.9659703342813837, 0.029366511239881942, 0.0005478040821777795, 0.004115350396556424], [0.4635985433287591, 0.022123133904112424, 0.0019545406035871007, 0.5123237821635414], [0.08771044124964823, 0.05931468980488957, 0.8487577766247336, 0.004217092320728599], [0.09474765113204005, 0.08433413099768514, 0.6853152035991936, 0.1356030142710811], [0.890218238048658, 0.0049082392076411204, 0.02637797295532003, 0.07849554978838086], [0.30414466746922975, 0.19389647721566117, 0.14998578647836272, 0.35197306883674634], [0.37382600063134275, 0.05337068755510462, 0.20852733140528076, 0.36427598040827175], [0.06996638265557861, 0.002975913573964796, 0.001147222575215333, 0.9259104811952412], [0.996029127482064, 0.0008525586375767014, 0.00019953641672478749, 0.0029187774636345596], [0.015156248179850527, 0.1598992849938071, 0.7016936416111464, 0.12325082521519584], [0.4142446441458813, 0.2553207601497111, 0.0031074763909215665, 0.3273271193134862], [0.8646865674450236, 0.12776384913523225, 0.005339518363866924, 0.0022100650558771542], [0.028798119798253582, 0.0021658831634914374, 0.12199122185220308, 0.8470447751860519], [0.6610537524490394, 0.0012851276460267382, 0.015271842532236532, 0.32238927737269735], [0.6241330556930396, 0.12962715101151429, 0.03643337145441862, 0.20980642184102746], [0.7849598505877587, 0.16895994698858832, 0.0012418048524014496, 0.04483839757125142], [0.1604655904231348, 0.0034022757029901715, 0.5656281975971156, 0.27050393627675956], [0.37580880522438403, 0.04321953790433009, 0.0838079281669806, 0.4971637287043052], [0.9329041212378041, 0.051623274967798886, 0.010706866965223228, 0.004765736829173766], [0.5453498412465194, 0.00437586593870523, 0.44488952561113615, 0.005384767203639304], [0.6377772316956848, 0.14988481287524535, 0.13537635672986958, 0.07696159869920034], [0.8385618016404929, 0.0010414290076590244, 0.0019062559891942805, 0.15849051336265374], [0.9228800596176083, 0.016788143888644518, 0.04536007555870382, 0.014971720935043264], [0.2074656642711662, 0.010615913590977962, 0.11255591343403858, 0.6693625087038173], [0.06469534845727203, 0.0005983119070605143, 0.0017604965590336356, 0.9329458430766338], [0.07453650721021828, 0.8636672302182437, 0.038292506282602404, 0.023503756288935626], [0.6618569038945528, 0.21055554470156243, 0.018314548165728296, 0.1092730032381564], [0.0109749474754689, 0.018221720434402625, 0.9649763636243227, 0.005826968465805567], [0.10073489091811719, 0.005700412210474377, 0.8921818668545407, 0.0013828300168677887], [0.9856005315304592, 0.001451244582623332, 0.010009451122695448, 0.0029387727642219163], [0.517675131081153, 0.46627773885448753, 0.01575405715516443, 0.0002930729091950591], [0.012202867286227518, 0.8872741058138834, 0.01237692689580649, 0.08814610000408257], [0.8001901942462103, 0.0374487287457032, 8.659954828248505e-05, 0.1622744774598039], [0.9960447331750949, 0.002214326362154261, 0.0006998113110176799, 0.0010411291517332347], [0.35290035594652647, 0.6359570050660331, 0.0023768607182286677, 0.008765778269211733], [0.7432170344118308, 0.03593169506358084, 0.1523857851396555, 0.06846548538493283], [0.988390529237568, 1.8900623150236045e-05, 0.00045902285373044805, 0.01113154728555155], [0.028457880377034138, 0.004499415402837937, 0.05143319204368175, 0.915609512176446], [0.8853973729014907, 0.012063201896771495, 0.017958173570583477, 0.08458125163115429], [0.10508208893518955, 0.41806527837509216, 0.04096952962393853, 0.43588310306577976], [0.9717075377095918, 6.407083463400651e-05, 0.015559763992066628, 0.012668627463707584], [0.003494507408256716, 0.9000347983836982, 0.09609305833734225, 0.0003776358707029989], [0.6273520662480635, 0.00037112473357490115, 0.04313780742640518, 0.32913900159195647], [0.7968659115416945, 0.04865745612530747, 0.07390081559731948, 0.08057581673567832], [0.7545492379175447, 0.0007067960663854934, 0.0006876344185444004, 0.24405633159752535], [0.5084619878191775, 4.23028570712055e-05, 0.12444536572580749, 0.3670503435979438], [0.019842286023063604, 5.206917182778715e-05, 9.294623305425383e-06, 0.9800963501818031], [0.9687435574318363, 0.015474113288823824, 0.0062910082318382325, 0.009491321047501527], [0.3494553285267679, 0.548501339888464, 0.0019103429850748238, 0.10013298859969341], [0.40803212255587307, 0.3409997392427712, 0.008501841879921082, 0.24246629632143465], [0.12383213227257082, 0.7499019737688328, 0.10129742457847886, 0.024968469380117486], [0.8658896414948353, 0.048444266332288335, 0.015168616042698993, 0.07049747613017747], [0.00018713978715638704, 3.92081769389908e-06, 0.00011192001031310471, 0.9996970193848367], [0.03209572599143428, 0.5185774480030796, 0.39662506545935444, 0.052701760546131744], [0.8526449997439822, 0.0009287250424232289, 0.08377250605444539, 0.06265376915914937], [0.9802987144023884, 0.008768692253415747, 0.004592791372671654, 0.006339801971524272], [0.6943976780110042, 0.012121176459543989, 0.2611999572592477, 0.03228118827020396], [0.9714016886082852, 0.0006992746531432755, 0.001604462432248373, 0.02629457430632325], [0.044814106128619365, 0.038020012464577244, 0.012455426160674245, 0.9047104552461291], [0.6697329060263602, 0.007333898833640459, 0.04172150872775152, 0.2812116864122477], [0.8490356672248986, 0.03431468508530247, 0.06838874738305638, 0.0482609003067426], [0.7216118350059787, 0.027053276579951373, 0.13030194741749454, 0.12103294099657542], [0.057956001175048136, 0.940459805846329, 0.0010454326317947448, 0.0005387603468280379], [0.5910533460746626, 0.28378718810895015, 0.00020764289553281583, 0.12495182292085426], [0.40675064730844473, 0.020584153616497798, 0.0010905725239092605, 0.5715746265511483], [0.9423629392669732, 0.010570727197523408, 0.014951502254999041, 0.032114831280504165], [0.8682040372562023, 0.0005822116012024324, 0.01615400743280561, 0.11505974370978955], [0.9780407718621772, 0.001527558535733409, 0.007668658977673056, 0.012763010624416378], [0.5082963615893437, 0.2319891222784498, 0.07752563449394226, 0.18218888163826422], [0.325123215466423, 0.32905664518911926, 0.07897185226068629, 0.2668482870837715], [0.6559367852565606, 0.0357525308860927, 0.0026898974704528556, 0.3056207863868939], [0.8811624709318912, 0.002510769971310882, 0.10374463581262715, 0.012582123284170937], [0.06758161280129059, 0.0013568683307871832, 1.0961165796509248e-05, 0.9310505577021257], [0.9237699314249592, 0.008421921701185798, 0.06641817098831199, 0.00138997588554299], [0.10432818491457829, 0.6717623713776082, 0.03958830088177678, 0.18432114282603684], [0.9641440858089201, 0.01946732372555773, 0.0025931912076989504, 0.01379539925782315], [0.35621542514102833, 0.46015106219860336, 0.016650277530843013, 0.16698323512952543], [0.25160201381386965, 1.5446302937234503e-05, 0.2860588666013885, 0.4623236732818046], [0.6174609456363017, 0.29875211219597675, 0.013897121914425324, 0.06988982025329621], [0.7463128109943016, 0.21438575922105985, 0.00019646939146426135, 0.03910496039317434], [0.26835185855920834, 0.18699329817193255, 0.45351881005162414, 0.09113603321723487], [0.9774961320196561, 0.0036436785071398805, 0.0058002361159914095, 0.013059953357212745], [0.0566116380262722, 0.6577846089815444, 0.03639580350584118, 0.24920794948634217], [0.5894755786978763, 0.395016184533934, 0.0009154578762108391, 0.01459277889197896], [0.953871392620496, 0.004069119052535981, 0.0399752773545457, 0.0020842109724222503], [0.0952098222994148, 0.4563623633602996, 0.05204390629379541, 0.3963839080464901], [0.901744403928977, 0.011775127332231678, 0.05292271384779909, 0.03355775489099234], [0.995776048160155, 0.00030184488211172324, 0.003562542574598071, 0.0003595643831353991], [0.7575844128064597, 0.01617666791477928, 0.2004367814586532, 0.025802137820107644], [0.8454329151622538, 0.0007624750584235069, 0.14752774225237295, 0.0062768675269496725], [0.2987143831431255, 0.036544411798620675, 0.1197827459256375, 0.5449584591326163], [0.1584774917114457, 0.16482158564119895, 0.0031578257320879505, 0.6735430969152674], [0.10778099395416223, 0.1502316252008141, 0.7072013162126795, 0.03478606463234423], [0.679548957565041, 0.00013377436941593683, 0.004883508823545031, 0.315433759241998], [0.9107914106192792, 0.05115264583838757, 0.003576240071018516, 0.03447970347131481], [0.8189361465677119, 0.04451193543851156, 0.03710290084661069, 0.09944901714716596], [0.9237072924763303, 0.02674826081362339, 0.02741998609033047, 0.022124460619715895], [0.9183420579694975, 0.0042354964300178, 0.0011700869888905743, 0.07625235861159411], [0.4045867630189319, 0.013701462286242212, 0.32288453433926007, 0.25882724035556587], [0.00656509433271172, 0.08046234475444732, 0.7599969978421993, 0.15297556307064164], [0.5757967713908635, 0.03424810671264497, 0.02472338607371215, 0.3652317358227793], [0.025409595647621193, 0.7316615556824666, 0.05957009021536994, 0.1833587584545422], [0.8494351152007084, 0.0033213558794570907, 0.012009559825696462, 0.1352339690941383], [0.8423520896564104, 0.0004541752271458075, 0.00039883245745694803, 0.15679490265898682], [0.5462417615523945, 0.06976532892686486, 0.25397423921511453, 0.1300186703056262], [0.1089428149465662, 0.0021933084268234786, 0.0773726224583574, 0.8114912541682529], [0.06625469567771078, 0.9264579121500314, 0.006219059755410772, 0.0010683324168471347], [0.4863452942818206, 0.0003998322086975965, 0.013113706759159374, 0.5001411667503225], [0.9932738312418314, 1.5651493634582426e-07, 3.6455332677021526e-05, 0.006689556910555214], [0.9658872292590607, 0.000873578059066202, 0.02830949775364742, 0.004929694928225764], [0.18114103848731156, 0.0012715271204633823, 0.33698920049523495, 0.4805982338969901], [0.9631172759939759, 0.007118764475414872, 0.027360643832241967, 0.0024033156983671437], [0.16837522126552995, 0.06447695386786503, 0.7593741587270867, 0.007773666139518416], [0.029926297771602575, 0.0010639656768996202, 0.8235033029194999, 0.1455064336319978], [0.09190448220916522, 0.32853624798869374, 0.0414049259636682, 0.5381543438384728], [0.020299315479749797, 0.07193367504255901, 0.7941495180485054, 0.11361749142918567], [0.05985047947476397, 0.042690193508599206, 0.7439784328094289, 0.1534808942072079]]}}