{"test": {"ids": ["110118810", "113119120", "98108150", "103120730", "100109801", "108113740", "103120340", "107116300", "101108950", "98107410", "97106000", "99108010", "107114140", "100116790", "101109120", "110114610", "104119340", "113120751", "109119591", "108115250", "106113360", "102112301", "102111990", "112118581", "112120540", "99108000", "109113881", "100109910", "100111390", "101112690", "102110690", "101108121", "105116501", "108113700", "111115780", "97106591", "107113550", "111119610", "105110251", "104111380", "109114270", "110116290", "108120060", "110118740", "97112290", "102110050", "103111620", "106119580", "99108310", "110117500", "97118210", "97105960", "98113881", "98112580", "102110850", "108114040", "105115380", "111119300", "100109890", "112117790", "110115580", "107114110", "111116411", "105117200", "102121700", "99109311", "112119450", "113122510", "110114321", "104114740", "112120990", "111118910", "109117600", "108118520", "101111140", "97105451", "112116880", "103110100", "107119950", "106119990", "97113900", "107118520", "109120621", "108116481", "104113190", "110119300", "105120280", "113121010", "110116300", "112120670", "105116650", "113121190", "105116860", "104116441", "102109850", "112119580", "110121500", "98107210", "107113200", "108119330", "113121680", "99117740", "112118471", "113122120", "98111231", "112118511", "99107300", "105115720", "97116790", "98109311", "112119500", "106114321", "113121220", "99107500", "113119950", "107120260", "98111620", "105113440", "109115211", "104119290", "107114950", "98110230", "107112850", "112117471", "107113840", "103112470", "108118810", "105120621", "107116501", "99109910", "99109780", "113120280", "99107950", "100111080", "108117451", "99109141", "99110730", "113119360", "105113260", "98119591", "105110091", "112121351"], "labels": [1, 3, 0, 1, 0, 3, 1, 0, 2, 3, 0, 2, 2, 2, 1, 1, 1, 1, 0, 1, 0, 1, 2, 1, 3, 2, 0, 2, 2, 1, 0, 0, 1, 0, 1, 1, 0, 2, 0, 3, 3, 2, 1, 3, 1, 3, 0, 3, 2, 1, 2, 2, 3, 2, 3, 0, 1, 1, 3, 3, 1, 1, 0, 3, 1, 1, 3, 2, 1, 2, 2, 0, 1, 0, 2, 0, 0, 1, 3, 0, 2, 2, 1, 0, 3, 1, 3, 2, 3, 2, 1, 1, 2, 1, 1, 3, 3, 1, 0, 0, 1, 2, 1, 1, 1, 1, 3, 1, 2, 1, 2, 2, 3, 0, 0, 1, 3, 0, 0, 1, 3, 3, 1, 3, 3, 1, 1, 1, 1, 2, 2, 0, 1, 0, 2, 3, 3, 0, 3, 1, 0, 0], "predicted_labels": [3, 3, 1, 1, 3, 0, 3, 0, 2, 3, 3, 1, 1, 1, 2, 1, 3, 3, 1, 3, 0, 2, 0, 1, 0, 3, 1, 2, 0, 1, 0, 3, 0, 0, 3, 2, 3, 1, 3, 0, 3, 0, 1, 0, 3, 1, 1, 0, 3, 1, 0, 2, 1, 1, 2, 3, 1, 3, 1, 0, 2, 3, 0, 0, 0, 3, 3, 1, 1, 1, 1, 3, 0, 1, 0, 0, 1, 3, 3, 3, 0, 1, 1, 0, 3, 0, 2, 1, 1, 2, 1, 0, 0, 3, 1, 3, 0, 2, 3, 0, 1, 0, 1, 1, 3, 3, 0, 1, 2, 2, 1, 3, 3, 3, 0, 1, 2, 0, 3, 1, 3, 3, 1, 1, 1, 0, 3, 3, 0, 2, 1, 0, 2, 1, 0, 0, 3, 3, 3, 0, 3, 0], "confidence_scores": [[0.27811168176938955, 0.2647954126846959, 0.1431824319990594, 0.3139104735468554], [0.3113797259646034, 0.24070653244687873, 0.1076850517284178, 0.3402286898601001], [0.24358176727784445, 0.28625936156771903, 0.159426888894877, 0.3107319822595593], [0.25711284117894395, 0.2920279380845199, 0.12942041934215487, 0.32143880139438114], [0.259608519636869, 0.2942064069826001, 0.12091793782616675, 0.32526713555436426], [0.3281052930388587, 0.21879034860673024, 0.11176068154094893, 0.34134367681346206], [0.21294799545467752, 0.26454206440962275, 0.2337060029154495, 0.28880393722025016], [0.26269201295993316, 0.2586128270656354, 0.17521956051862148, 0.3034755994558102], [0.16235025869976627, 0.281730987728741, 0.31246117422992215, 0.2434575793415706], [0.29181041611961006, 0.22632784489866004, 0.18276387126449076, 0.29909786771723923], [0.1734185849565701, 0.2880474004430615, 0.23129534063044488, 0.3072386739699234], [0.17758456655185256, 0.30803884391780223, 0.27053154174254973, 0.2438450477877953], [0.2074363130035875, 0.32991220853539827, 0.18170523829981947, 0.2809462401611946], [0.2460496548401405, 0.2749809794459044, 0.20152128709687292, 0.27744807861708226], [0.16873483265867198, 0.2716716795928023, 0.3491468314361192, 0.21044665631240683], [0.17191576178198054, 0.29438353490053876, 0.3143101512966398, 0.21939055202084118], [0.2521117956847975, 0.2847985487566008, 0.13452566161652094, 0.3285639939420807], [0.22032584330757765, 0.2725847629943667, 0.2101291471217196, 0.29696024657633596], [0.22780855607251874, 0.28208681196203095, 0.21595431211319382, 0.2741503198522562], [0.20092361655424315, 0.25720639309508897, 0.26069893182369125, 0.28117105852697655], [0.26374340053333384, 0.29050325456844744, 0.13824351333635815, 0.30750983156186057], [0.21141950412206525, 0.2691277530028007, 0.3054420523287097, 0.2140106905464246], [0.2989593847515391, 0.2330402791624463, 0.1809555379994655, 0.287044798086549], [0.15863592394820367, 0.32261934357209937, 0.27218258124748385, 0.2465621512322132], [0.28291940800231347, 0.2675622288680129, 0.13097863895366524, 0.3185397241760082], [0.16211259016287277, 0.30108887285061364, 0.24367856277752803, 0.29311997420898533], [0.2587239211016902, 0.2793193742156646, 0.14826923714605633, 0.3136874675365887], [0.15535828747774985, 0.2605512054226181, 0.4395880611071958, 0.1445024459924365], [0.26915467199895726, 0.28082346110185136, 0.1606682333323136, 0.289353633566878], [0.21762482440217087, 0.28862970431702417, 0.22029378810386926, 0.2734516831769354], [0.31448026959429237, 0.27389317705722316, 0.05356523897185834, 0.3580613143766263], [0.26577916756637016, 0.26427085873985257, 0.15347392206474175, 0.3164760516290356], [0.3271702969266733, 0.2577871202074403, 0.05060082661203029, 0.36444175625385616], [0.2796724701424874, 0.28314129920108594, 0.1393008869087472, 0.29788534374767955], [0.2961728375948693, 0.2538377378624454, 0.12731285779071672, 0.32267656675196893], [0.15962685374340954, 0.27176444901525454, 0.31394434411199296, 0.25466435312934266], [0.2578039366371336, 0.24583377910192558, 0.22440724504200182, 0.271955039218939], [0.16525365566449793, 0.3205388553358737, 0.28440230657371807, 0.22980518242591016], [0.2895733310168676, 0.2645948786744918, 0.10809378257694244, 0.3377380077316981], [0.2629806020993973, 0.2560086361029201, 0.23035941241656646, 0.2506513493811161], [0.1923790588811179, 0.27894038687322736, 0.237908395598797, 0.29077215864685785], [0.2582783140586781, 0.21755097079420047, 0.2682800836645043, 0.25589063148261704], [0.22594010109673618, 0.3006953366293415, 0.28413370305957464, 0.18923085921434782], [0.3264941287637577, 0.2109403842815527, 0.11792884322455513, 0.3446366437301343], [0.2320859129208211, 0.24386476509733118, 0.24544615395498096, 0.278603168026867], [0.18227842267540165, 0.2931584091399019, 0.23117107119709643, 0.2933920969876002], [0.22815681502716217, 0.28276605561892654, 0.22714124197612423, 0.2619358873777872], [0.256822055696408, 0.2694739048572361, 0.18770631997275927, 0.28599771947359665], [0.27301871971586106, 0.267982984354766, 0.14291863360835683, 0.31607966232101653], [0.2669178959973599, 0.2915497092489371, 0.12585488524797556, 0.31567750950572776], [0.25255181147399375, 0.236805732300745, 0.23217820563968677, 0.2784642505855747], [0.19720368047049566, 0.24793328253968835, 0.29940875238390696, 0.25545428460590874], [0.22412073174024827, 0.28582253932277046, 0.2067053202992637, 0.28335140863771774], [0.2250491640253811, 0.27663392949087817, 0.207198426265614, 0.2911184802181266], [0.1277210064199523, 0.27870301647789003, 0.4190325421692349, 0.1745434349329229], [0.19762385709275265, 0.2796664087489879, 0.22819359469390482, 0.2945161394643544], [0.2121151414979196, 0.30598484163813316, 0.2111553286223188, 0.27074468824162834], [0.26971754663594805, 0.2870253852850987, 0.11594678659940949, 0.3273102814795436], [0.23891474716803665, 0.27784611797298114, 0.19765442961367224, 0.28558470524530966], [0.3228681548310666, 0.22728796018268066, 0.10307606458640771, 0.3467678203998448], [0.22943299689912847, 0.25920022012978, 0.2719635007057, 0.23940328226539162], [0.26839567230547395, 0.26400150637548747, 0.14467722232977467, 0.32292559898926376], [0.3511393132935037, 0.2047308563867886, 0.0676525153898741, 0.3764773149298337], [0.23857403380305373, 0.26488543301257755, 0.2001630081386674, 0.29637752504570153], [0.27960328443652893, 0.28104125041640254, 0.1313515991548487, 0.3080038659922197], [0.18057717140058857, 0.26154686645460934, 0.27720387135969915, 0.2806720907851031], [0.2826526844211933, 0.26973018797278997, 0.111133168973561, 0.3364839586324555], [0.2275892797180343, 0.29878944270750146, 0.22190949331798387, 0.25171178425648044], [0.2493010200045629, 0.2820919906904244, 0.17929259272267242, 0.2893143965823403], [0.1927056037215348, 0.28716788168103274, 0.2455121646702223, 0.2746143499272102], [0.26412703892531797, 0.2991870308005511, 0.11384028789726967, 0.32284564237686153], [0.29447286495964314, 0.26248330309768064, 0.11535056187079402, 0.32769327007188215], [0.30738957833257946, 0.23734506531153704, 0.14058581594778918, 0.31467954040809426], [0.21558208403564855, 0.3032027285905725, 0.22976093233831632, 0.2514542550354627], [0.2754718597385566, 0.23021737707948506, 0.2001817611038287, 0.2941290020781297], [0.31275841561990814, 0.2551821271871549, 0.06284646228899489, 0.3692129949039422], [0.21610897303031718, 0.28269352244789836, 0.21972761340923536, 0.28146989111254883], [0.2741034927113609, 0.23804418514683226, 0.19298006511698798, 0.2948722570248189], [0.2524158743432983, 0.27949083943627945, 0.14552257424372186, 0.32257071197670034], [0.25744687131248284, 0.29449943674622114, 0.1188031428798467, 0.3292505490614495], [0.2511390915477568, 0.2652518536572978, 0.2800259039128474, 0.20358315088209816], [0.15816156607461418, 0.3389207263085902, 0.24545414059890272, 0.2574635670178929], [0.2585427614445901, 0.27993250755581633, 0.1522460224948275, 0.30927870850476635], [0.32974686717247503, 0.25192393461494894, 0.0555702597544059, 0.3627589384581701], [0.24652915730925815, 0.2729290585221796, 0.16524969364537728, 0.315292090523185], [0.2923560305465357, 0.25635596842480785, 0.12530900899450276, 0.3259789920341537], [0.152223660977872, 0.2793358640268842, 0.3165278313813447, 0.25191264361389937], [0.2308709745425689, 0.3148559054835382, 0.1436013521404853, 0.3106717678334075], [0.2559946976823809, 0.29611787226199215, 0.1533741300360538, 0.294513300019573], [0.20623882513258518, 0.2736316033342493, 0.2896457842859122, 0.2304837872472531], [0.18059184156690422, 0.2820756082934366, 0.2819706704873973, 0.2553618796522621], [0.28359979816018677, 0.28336159587521664, 0.09133507270731762, 0.34170353325727887], [0.2906055634735524, 0.2633782995693046, 0.12471295319404192, 0.321303183763101], [0.2959247668531137, 0.2943060154825819, 0.07089464553817373, 0.33887457212613076], [0.18919633060945018, 0.294081140185197, 0.29501211286454376, 0.2217104163408093], [0.22819457851246938, 0.29090362745733517, 0.1594505512318766, 0.32145124279831877], [0.2864807449584384, 0.2920030977827206, 0.08185375717522089, 0.3396624000836202], [0.19254399109555725, 0.2651806794597399, 0.29724841869134505, 0.24502691075335803], [0.30091406987214747, 0.24080890552909398, 0.12182631037120216, 0.33645071422755635], [0.28968562810491777, 0.24722770217349938, 0.14272227721004127, 0.3203643925115418], [0.21843178395619203, 0.30710420437021163, 0.1643803302171123, 0.3100836814564841], [0.24454778711158598, 0.2545070127966389, 0.2362126637076584, 0.2647325363841166], [0.26709206267024854, 0.28383059273786687, 0.13362552108723594, 0.31545182350464834], [0.22891390698463968, 0.27297183643955925, 0.24828786549879533, 0.2498263910770059], [0.2747079088987431, 0.2725242163561465, 0.12886478442465132, 0.3239030903204593], [0.2646910822280053, 0.2566326131952776, 0.188527797157907, 0.2901485074188101], [0.2966756109797244, 0.2700209399467986, 0.089900721014357, 0.3434027280591202], [0.20574233939547842, 0.29305214888897835, 0.22275369388173547, 0.27845181783380785], [0.16965002098689533, 0.2862706643705722, 0.35739780586311615, 0.1866815087794164], [0.2210263149829327, 0.24039015341032907, 0.3114145294456261, 0.2271690021611123], [0.16254934499238066, 0.33079253770176414, 0.3036259542992413, 0.20303216300661386], [0.23052683689454043, 0.2538245258579869, 0.25093399431755914, 0.2647146429299137], [0.3064032353128545, 0.2671752314014585, 0.09425074930139668, 0.3321707839842904], [0.21498329824260476, 0.28607918271608795, 0.19253708016343613, 0.30640043887787144], [0.29466981446888135, 0.2804674180024407, 0.08125387991346196, 0.343608887615216], [0.23504897267394698, 0.32929756519076225, 0.18222699887821983, 0.25342646325707047], [0.15233980471261477, 0.28843458890688534, 0.3743971100420363, 0.1848284963384632], [0.23667510376717993, 0.2666286217587409, 0.2673235425286165, 0.22937273194546248], [0.26938386717775853, 0.2742652060747661, 0.1282937733986651, 0.32805715334880986], [0.16410936218529118, 0.32694733944178533, 0.2200537944183369, 0.28888950395458685], [0.30685600610568753, 0.23843229203707303, 0.1324291741260917, 0.32228252773114807], [0.27100493783116, 0.2671833053819606, 0.135264019251179, 0.3265477375357004], [0.21929089960893655, 0.309790563714635, 0.19657327793669696, 0.2743452587397316], [0.285097676832935, 0.286326281655614, 0.09403799641015738, 0.3345380451012937], [0.26042034757777205, 0.2855445344394861, 0.16348675005325436, 0.29054836792948796], [0.253177086712293, 0.2753948597772676, 0.18721994873878897, 0.28420810477165076], [0.29970376104346913, 0.28091004360342064, 0.0797924186377014, 0.3395937767154088], [0.3417054147224147, 0.25783465517953186, 0.04768250653545294, 0.3527774235626004], [0.2866360431626246, 0.24376294314661126, 0.1498441389630646, 0.3197568747276995], [0.124604819425023, 0.2595560299562686, 0.46857598461592337, 0.1472631660027852], [0.19126126389499637, 0.2914156195196872, 0.26644779138798486, 0.25087532519733163], [0.3330533467918719, 0.21112485651661303, 0.0954713869084083, 0.3603504097831068], [0.08940166412041796, 0.32232674082521157, 0.38552992703096267, 0.2027416680234078], [0.23094410589689768, 0.2973788945243099, 0.1832927103570042, 0.28838428922178816], [0.37161337789513765, 0.19878677780082948, 0.04357584737729623, 0.38602399692673656], [0.27206851013566674, 0.25254047388333045, 0.16337074208241306, 0.3120202738985895], [0.22530820390604112, 0.28174055583075674, 0.16907986209480225, 0.32387137816840006], [0.2975864579636462, 0.2563906660658689, 0.11441237644835607, 0.33161049952212907], [0.30235478647843245, 0.25607270906157775, 0.10240563178725341, 0.33916687267273643], [0.247085452737089, 0.2529144276910027, 0.23046553642938208, 0.2695345831425265], [0.23653423766429893, 0.2849919858947612, 0.16275134950763134, 0.31572242693330826], [0.3323001773282216, 0.24081408847944974, 0.05852118322257342, 0.368364550969755]]}, "rewritten": {"ids": ["97105451", "97105960", "97106000", "97106591", "97112290", "97113900", "97116790", "97118210", "98107210", "98107410", "98108150", "98109311", "98110230", "98111231", "98111620", "98112580", "98113881", "98119591", "99107300", "99107500", "99107950", "99108000", "99108010", "99108310", "99109141", "99109311", "99109780", "99109910", "99110730", "99117740", "100109801", "100109890", "100109910", "100111080", "100111390", "100116790", "101108121", "101108950", "101109120", "101111140", "101112690", "102109850", "102110050", "102110690", "102110850", "102111990", "102112301", "102121700", "103110100", "103111620", "103112470", "103120340", "103120730", "104111380", "104113190", "104114740", "104116441", "104119290", "104119340", "105110091", "105110251", "105113260", "105113440", "105115380", "105115720", "105116501", "105116650", "105116860", "105117200", "105120280", "105120621", "106113360", "106114321", "106119580", "106119990", "107112850", "107113200", "107113550", "107113840", "107114110", "107114140", "107114950", "107116300", "107116501", "107118520", "107119950", "107120260", "108113700", "108113740", "108114040", "108115250", "108116481", "108117451", "108118520", "108118810", "108119330", "108120060", "109113881", "109114270", "109115211", "109117600", "109119591", "109120621", "110114321", "110114610", "110115580", "110116290", "110116300", "110117500", "110118740", "110118810", "110119300", "110121500", "111115780", "111116411", "111118910", "111119300", "111119610", "112116880", "112117471", "112117790", "112118471", "112118511", "112118581", "112119450", "112119500", "112119580", "112120540", "112120670", "112120990", "112121351", "113119120", "113119360", "113119950", "113120280", "113120751", "113121010", "113121190", "113121220", "113121680", "113122120", "113122510"], "labels": [0, 2, 0, 1, 1, 2, 2, 2, 1, 3, 0, 1, 3, 1, 3, 2, 3, 1, 3, 0, 1, 2, 2, 2, 3, 1, 2, 2, 3, 2, 0, 3, 2, 0, 2, 2, 0, 2, 1, 2, 1, 1, 3, 0, 3, 2, 1, 1, 1, 0, 1, 1, 1, 3, 3, 2, 1, 1, 1, 0, 0, 3, 0, 1, 1, 1, 1, 2, 3, 3, 1, 0, 2, 3, 0, 1, 0, 0, 3, 1, 2, 3, 0, 1, 2, 3, 1, 0, 3, 0, 1, 0, 2, 0, 1, 0, 1, 0, 3, 0, 1, 0, 1, 1, 1, 1, 2, 3, 1, 3, 1, 1, 3, 1, 0, 0, 1, 2, 0, 3, 3, 1, 1, 1, 3, 2, 3, 3, 2, 2, 0, 3, 0, 0, 0, 1, 2, 1, 3, 1, 1, 2], "predicted_labels": [0, 3, 3, 3, 3, 0, 1, 0, 0, 0, 1, 0, 0, 0, 2, 1, 1, 0, 0, 1, 1, 3, 0, 3, 0, 3, 1, 2, 3, 1, 3, 3, 2, 1, 0, 1, 3, 3, 2, 0, 1, 1, 3, 0, 2, 0, 0, 0, 0, 1, 0, 3, 1, 0, 0, 3, 3, 1, 3, 1, 3, 0, 0, 1, 1, 3, 1, 0, 0, 3, 3, 0, 3, 1, 3, 1, 3, 0, 1, 3, 1, 3, 0, 0, 1, 3, 1, 0, 0, 1, 3, 3, 0, 1, 3, 0, 1, 0, 3, 3, 0, 1, 0, 0, 1, 1, 2, 1, 0, 0, 3, 0, 0, 3, 0, 3, 3, 1, 1, 3, 0, 1, 0, 1, 3, 1, 3, 0, 1, 1, 0, 3, 3, 0, 0, 1, 3, 0, 3, 1, 0, 1], "confidence_scores": [[0.30716629784430016, 0.26139804230531233, 0.06600413347385045, 0.36543152637653703], [0.22399351399799303, 0.24850506055531082, 0.25789217968716577, 0.26960924575953044], [0.23130717145269014, 0.27147335921515797, 0.174937683548043, 0.32228178578410915], [0.2368240991573146, 0.2614504352148757, 0.20162548908970432, 0.30009997653810555], [0.23990051787718936, 0.25055022186361503, 0.23350205101155255, 0.27604720924764325], [0.28283371264258694, 0.25931490987010203, 0.19395888669649317, 0.26389249079081767], [0.2346255881083212, 0.28068524229376707, 0.23493344743063815, 0.2497557221672736], [0.29753900513036646, 0.24522694388770927, 0.13249851364250853, 0.3247355373394155], [0.23486320311151387, 0.2596719581644582, 0.23769825751916304, 0.26776658120486463], [0.29892683267560743, 0.23307852061213383, 0.16374264972900782, 0.3042519969832507], [0.25576572542220205, 0.2873581331822986, 0.13918651752940744, 0.317689623866092], [0.2589844494277957, 0.23362218044776217, 0.25078951187505594, 0.25660385824938614], [0.2938876530261692, 0.26321710718068964, 0.1018871057913594, 0.3410081340017816], [0.29012156353028545, 0.26831790286532115, 0.104965612063559, 0.3365949215408344], [0.15565930261432342, 0.2890901122795321, 0.3828336003644404, 0.17241698474170414], [0.19435698993458167, 0.30702062859376006, 0.2230507570276597, 0.2755716244439989], [0.2501746202836141, 0.298116757348297, 0.13160343222787207, 0.320105190140217], [0.26014410581439573, 0.25323051044348543, 0.2181801318729058, 0.268445251869213], [0.31244150491166894, 0.25408879428090714, 0.08399111367874229, 0.34947858712868174], [0.26715402993406595, 0.28455522329462707, 0.12553814004236769, 0.32275260672893946], [0.12329263531172666, 0.3203950859347738, 0.2982284427974349, 0.2580838359560647], [0.16291132361047456, 0.29753320336849076, 0.2485828191275827, 0.29097265389345206], [0.2565052407125638, 0.2784309414355706, 0.15510347212309905, 0.3099603457287664], [0.2849111885167866, 0.26107424735704343, 0.1338325447041769, 0.32018201942199315], [0.2820817266727989, 0.2517660196052977, 0.1417465263209395, 0.32440572740096413], [0.1945715172635167, 0.2565435093375516, 0.2713227920385708, 0.27756218136036087], [0.20206373236528766, 0.28842331001525967, 0.23453815097236907, 0.2749748066470836], [0.1984729494007851, 0.28187701059119274, 0.341085343921665, 0.1785646960863569], [0.2180858322481729, 0.28353529120025556, 0.18258189544689804, 0.3157969811046737], [0.2297566914779781, 0.27203549040269637, 0.23173553426007293, 0.2664722838592526], [0.28346713655095906, 0.28454496876463387, 0.09699030222417569, 0.3349975924602314], [0.28382622978378663, 0.266566536118283, 0.1354864413787873, 0.314120792719143], [0.18555007868380308, 0.2648442712789273, 0.3821401339586878, 0.16746551607858212], [0.22543976278184555, 0.28641421540871836, 0.20543198973177257, 0.28271403207766377], [0.2821029805469988, 0.273052057459629, 0.13032467411720652, 0.31452028787616565], [0.24125763125297195, 0.2915583767520796, 0.19871318324259452, 0.2684708087523538], [0.2669148798646241, 0.2550331494727773, 0.16611843504101717, 0.3119335356215813], [0.20425332442446753, 0.2728622677039301, 0.2535388922709911, 0.26934551560061154], [0.21962709734361233, 0.2683990525515279, 0.28082973533738864, 0.23114411476747082], [0.29188767062490834, 0.2356699895201239, 0.16262308202026746, 0.30981925783470027], [0.2416723372571759, 0.2929193886963474, 0.17176418401326687, 0.2936440900332098], [0.2000697025652454, 0.3049250737072299, 0.2445027252820114, 0.2505024984455137], [0.19965924448261743, 0.286861303009489, 0.20860183346653471, 0.30487761904135907], [0.30130441829983656, 0.2816235577247577, 0.06759756741941163, 0.34947445655599396], [0.18799151996593988, 0.26446878273866564, 0.33325045907174644, 0.21428923822364823], [0.30334520848635016, 0.2398056733787477, 0.15448771069298967, 0.3023614074419124], [0.24411894919161564, 0.268809278687611, 0.2482751751348537, 0.23879659698591935], [0.2922623616424484, 0.26730409452490556, 0.11455886270621346, 0.32587468112643253], [0.29354244591836137, 0.24204000705016263, 0.13925228147361082, 0.3251652655578654], [0.23785071323940896, 0.2870725198952754, 0.18365572164746485, 0.291421045217851], [0.2615887239576591, 0.2537478809989721, 0.19803866455979555, 0.28662473048357306], [0.2524713165066842, 0.2731088351829758, 0.16479783595387418, 0.30962201235646575], [0.25979958682601395, 0.29034511226566573, 0.12697750113459877, 0.3228777997737219], [0.2698412540120855, 0.25503729966506455, 0.2206700939844647, 0.2544513523383853], [0.28240024418480425, 0.25682397815919933, 0.12560618520014025, 0.3351695924558561], [0.23055087783480746, 0.2567931122543962, 0.24076318621817314, 0.27189282369262324], [0.29558790888438424, 0.2844597976355558, 0.08007717342203886, 0.3398751200580213], [0.18961266081056172, 0.32368785352049767, 0.18676113210416756, 0.29993835356477305], [0.29440018069401586, 0.26549065280610445, 0.1003044306496032, 0.33980473585027643], [0.2602941297554902, 0.26837453097508257, 0.16301490913721306, 0.30831643013221427], [0.28548339708175846, 0.2578554607042852, 0.12139730915331616, 0.33526383306064006], [0.31442488175133676, 0.2545215727395945, 0.08021875724197793, 0.35083478826709097], [0.24105198849730805, 0.2607636506455569, 0.27132947599927243, 0.2268548848578623], [0.2692483638803955, 0.28477754036833575, 0.1439617629037133, 0.30201233284755563], [0.22108913776215425, 0.2924475574768917, 0.18885464004984429, 0.2976086647111099], [0.3260111767214058, 0.2650009429846712, 0.04796314300643543, 0.36102473728748763], [0.1943362220522639, 0.2730403219685603, 0.2635308935501113, 0.2690925624290645], [0.3010860954270847, 0.2564479312254181, 0.1093362576762104, 0.33312971567128685], [0.2643485667889606, 0.26455657667185883, 0.15659838424953032, 0.3144964722896501], [0.19114988558967902, 0.27635006330101103, 0.2570418475646608, 0.27545820354464906], [0.336266527779809, 0.2543752260739511, 0.05223535721423989, 0.35712288893200006], [0.2704644049357061, 0.2797899804493116, 0.14451408407461958, 0.30523153054036306], [0.24040727436707554, 0.2612191289613774, 0.2182435640258582, 0.28013003264568864], [0.24824709747004808, 0.2732187975375188, 0.20345417362634644, 0.27507993136608666], [0.2778387534048842, 0.2866337326036576, 0.10160101823654429, 0.33392649575491395], [0.21688902055360182, 0.31592834020139937, 0.20721683437208363, 0.2599658048729152], [0.3005807263862207, 0.24741653701527408, 0.11191261400731305, 0.3400901225911919], [0.26351367569560297, 0.25699135679807156, 0.20328412721787872, 0.27621084028844695], [0.27267249149398, 0.27995667608290886, 0.13627692751394663, 0.3110939049091644], [0.2871543855143771, 0.25943696521123644, 0.1255760518649573, 0.3278325974094289], [0.2295210565493944, 0.30900073586089, 0.16825261084827461, 0.29322559674144105], [0.294430479885371, 0.25713497616061376, 0.1256598660869692, 0.3227746778670459], [0.2681092460797821, 0.2562538823042955, 0.16444754626154953, 0.3111893253543729], [0.29609869186950427, 0.2414353623221331, 0.13847824654010366, 0.3239876992682587], [0.2059214608561279, 0.31870712652604144, 0.18793309980068562, 0.28743831281714477], [0.25822309491133627, 0.2852011674876391, 0.1307421515388614, 0.325833586062163], [0.23059079443630104, 0.29459041200328134, 0.213866559795974, 0.26095223376444354], [0.2892292398470845, 0.26662370355979564, 0.12659785136389423, 0.3175492052292257], [0.34235878255726493, 0.20994388025088243, 0.08707836595830853, 0.360618971233544], [0.2524848968727922, 0.2969431531629856, 0.14508857707060932, 0.305483372893613], [0.21442499391563816, 0.25860287117238207, 0.2437749675910586, 0.28319716732092104], [0.3274774641850895, 0.25848088644283024, 0.05352017105755022, 0.36052147831453024], [0.3566755846810747, 0.21274367611491732, 0.04693841120522236, 0.3836423279987857], [0.2697461390118782, 0.2797311814735214, 0.16812819141906765, 0.28239448809553297], [0.2938596142976451, 0.27621900165292884, 0.0931438464161809, 0.33677753763324497], [0.2909102575336701, 0.24733132404911073, 0.13606544552885075, 0.32569297288836824], [0.2433547231362657, 0.28877016863748556, 0.2611253753628341, 0.2067497328634148], [0.2752132924500417, 0.2710379419993744, 0.12458418539958839, 0.3291645801509956], [0.2208108126472852, 0.26910805623614564, 0.20172647393197915, 0.3083546571845899], [0.278444878212086, 0.28011281553835915, 0.11206942083003148, 0.3293728854195233], [0.3117560127166235, 0.23396819459153764, 0.1333385517278618, 0.3209372409639768], [0.23179123899934279, 0.2763750969712424, 0.2260674935936359, 0.26576617043577894], [0.30817317181594367, 0.2512463509537405, 0.10011846022543774, 0.34046201700487805], [0.29809566245059377, 0.26056096027898024, 0.10089440484398128, 0.34044897242644473], [0.1993196867147398, 0.2950429161788513, 0.2781792016696055, 0.22745819543680335], [0.24410330452803053, 0.2739574221817429, 0.22642387442086637, 0.25551539886936003], [0.2339103204993853, 0.23332336576310703, 0.2952471472625889, 0.2375191664749189], [0.25850135026457516, 0.2929651224418095, 0.16051189522153575, 0.28802163207207965], [0.27702271861254424, 0.28133059479242556, 0.11757061613493182, 0.3240760704600985], [0.32263900504105203, 0.21356307497450114, 0.12214881992450476, 0.34164910005994226], [0.29487205911867914, 0.26414329024007466, 0.11179402645223063, 0.3291906241890154], [0.2740372339564846, 0.2750967089949513, 0.13678863997614868, 0.3140774170724154], [0.28554574400519006, 0.28494776459792565, 0.0972163067181725, 0.3322901846787119], [0.28784482157572816, 0.2575512179458862, 0.13971771082263673, 0.3148862496557491], [0.3359220684364388, 0.22633972780414843, 0.07414714761789934, 0.3635910561415136], [0.2976374492052378, 0.2636643794263937, 0.10667312932080429, 0.33202504204756417], [0.2634269641094904, 0.28557463797818394, 0.12842524779173295, 0.3225731501205924], [0.1574276952986669, 0.3125937671102778, 0.32209834588617814, 0.2078801917048773], [0.23301144387477551, 0.27703934136126435, 0.2113094093427414, 0.27863980542121874], [0.2862053764327092, 0.27791477114380164, 0.10407054069869837, 0.3318093117247909], [0.3106886469109587, 0.22894723548214668, 0.12684237128139667, 0.33352174632549786], [0.2536313556174088, 0.2917753861456946, 0.14718060973523625, 0.30741264850166017], [0.28915809343219784, 0.2525309147788282, 0.13539250433816946, 0.3229184874508048], [0.2306917914872579, 0.28423861438891196, 0.19640500641035502, 0.2886645877134752], [0.28605422190901547, 0.27364005807846864, 0.1053095201561485, 0.33499619985636697], [0.1625407524127437, 0.3214898900900072, 0.3214071836061743, 0.19456217389107472], [0.2293289399178749, 0.2859084395076539, 0.16703287131732655, 0.31772974925714464], [0.28846613540496296, 0.2721097371797543, 0.11715663703191118, 0.32226749038337177], [0.2298925025355156, 0.2748397771512507, 0.21758111825012957, 0.277686602063104], [0.2519740215512618, 0.30437615826437053, 0.1299965095325768, 0.313653310651791], [0.3263986199041385, 0.2488405338218699, 0.061084022003319846, 0.36367682427067194], [0.3004692400037567, 0.25102479700769476, 0.1134972825627693, 0.33500868042577925], [0.30922939699421287, 0.2524644124111723, 0.09967423077364854, 0.3386319598209661], [0.28562865864522735, 0.2910050503528435, 0.08737087179232877, 0.33599541920960024], [0.3323178055979353, 0.21710053390627654, 0.09403943214586963, 0.35654222834991833], [0.2319103737145894, 0.2872853594711272, 0.17155225557456075, 0.3092520112397225], [0.2692853624242475, 0.2901037080146644, 0.11797826643000396, 0.32263266313108424], [0.2881989299046123, 0.27242390189710824, 0.08834937035123086, 0.3510277978470485], [0.2651817942881423, 0.28038445585814437, 0.13071785710359055, 0.3237158927501226], [0.2387326751419216, 0.29571879965627695, 0.15778760285327456, 0.3077609223485271], [0.2538895100016365, 0.26106663315740847, 0.21423246277065228, 0.2708113940703027], [0.25373485543679875, 0.28598640644626716, 0.1754901979881031, 0.2847885401288309]]}}