{"test": {"ids": ["101108080", "109120560", "103111990", "104111990", "106115240", "110114561", "102110050", "112117030", "100113370", "108119510", "97113900", "112118581", "108120621", "106119580", "102110240", "97112290", "113119480", "107113550", "105111990", "98121790", "105117200", "105115380", "108115250", "107112850", "111120280", "110117140", "102112030", "101111620", "108121190", "111120640", "112117471", "110114321", "106114150", "113119120", "113120070", "108114270", "107120130", "113122170", "102113350", "106118820", "107121230", "110114651", "100108490", "101115190", "108117720", "106111321", "101119591", "108114220", "111116640", "108118520", "113122160", "98116500", "110116300", "98109230", "104111880", "110120560", "101110740", "104119340", "98107380", "108116501", "99107630", "104119290", "97106970", "98110710", "109118161", "113120830", "108117610", "112116640", "98119591", "107114780", "112117660", "111120220", "100109910", "110121170", "105119550", "111115400", "109120621", "105116501", "101108290", "101110200", "112119950", "102110500", "107113170", "112118421", "112117580", "98107010", "106116120", "98106880", "106117770", "106114880", "112117790", "97105760", "106118161", "109118820", "97110950", "100108080", "108119330", "103120730", "105113440", "100109360", "109115070", "105110091", "111114121", "101112540", "113117630", "113121220", "111119930", "112118820", "99107560", "99114890", "109116170", "112118701", "104117630", "105113620", "111119580", "99112531", "101112201", "110120531", "100109000", "102118380", "105110251", "98120010", "108113700", "111121410", "111121190", "108117451", "102107961", "109119460", "103120780", "97105451", "102110850", "106117650", "102112301", "112119980", "97107260", "97107950", "97106770", "111116530", "112118620", "105116650", "107120010", "113121950"], "labels": [0, 1, 2, 2, 1, 0, 3, 2, 3, 1, 2, 1, 1, 3, 3, 1, 3, 0, 2, 2, 3, 1, 1, 1, 0, 3, 2, 3, 1, 0, 3, 1, 1, 3, 2, 3, 2, 1, 3, 3, 0, 3, 2, 1, 1, 0, 0, 3, 0, 0, 3, 2, 3, 1, 3, 0, 3, 1, 1, 0, 2, 1, 2, 2, 0, 3, 3, 0, 1, 2, 0, 3, 2, 2, 1, 0, 1, 1, 0, 2, 0, 3, 0, 3, 0, 3, 1, 0, 0, 0, 3, 0, 3, 3, 3, 0, 0, 1, 0, 0, 0, 0, 0, 2, 0, 3, 1, 0, 1, 2, 0, 0, 0, 0, 3, 3, 0, 0, 1, 1, 0, 2, 0, 0, 1, 2, 3, 1, 1, 0, 3, 1, 1, 0, 2, 2, 3, 3, 3, 1, 1, 3], "predicted_labels": [0, 1, 3, 1, 1, 0, 1, 3, 1, 0, 3, 3, 3, 3, 1, 1, 3, 3, 0, 0, 1, 1, 2, 1, 3, 3, 1, 3, 3, 0, 1, 3, 1, 3, 1, 3, 1, 3, 1, 3, 3, 1, 3, 1, 3, 0, 0, 1, 1, 3, 1, 1, 1, 2, 3, 1, 1, 3, 3, 3, 3, 1, 3, 3, 0, 3, 3, 3, 1, 1, 1, 1, 2, 1, 1, 3, 3, 3, 0, 1, 3, 1, 3, 0, 1, 1, 1, 3, 3, 1, 1, 1, 1, 3, 0, 1, 1, 1, 3, 3, 1, 1, 0, 3, 3, 1, 3, 1, 1, 1, 1, 1, 1, 1, 1, 1, 3, 1, 1, 0, 1, 1, 0, 3, 3, 0, 1, 3, 1, 1, 1, 3, 3, 3, 3, 1, 1, 1, 0, 1, 1, 1], "confidence_scores": [[0.2930416103504339, 0.26211123598623604, 0.19858130839748495, 0.24626584526584522], [0.1783264790764791, 0.3347765151515152, 0.19351821789321788, 0.2933787878787879], [0.24138943001443003, 0.27773773448773453, 0.1466691919191919, 0.33420364357864357], [0.19926542411836537, 0.319098442407266, 0.2347239010989011, 0.24691223237546786], [0.24470017686561815, 0.31197263847263845, 0.1567255591630591, 0.2866016254986843], [0.30606278443778456, 0.27417783605283597, 0.2241084124209124, 0.19565096708846708], [0.23139430014430024, 0.26185137085137083, 0.2515654761904762, 0.2551888528138529], [0.2122208910370675, 0.31634436805025046, 0.13839945675239793, 0.3330352841602842], [0.19011324786324788, 0.27641337828837836, 0.2683968253968254, 0.2650765484515484], [0.2813136724386725, 0.26444173881673877, 0.18168299062049062, 0.27256159812409814], [0.24623801198801204, 0.255089812964813, 0.20988458763458756, 0.2887875874125875], [0.27393964368964374, 0.23667254967254966, 0.17706782106782107, 0.3123199855699855], [0.2551257353757353, 0.24583982683982694, 0.19485660173160174, 0.30417783605283627], [0.20610227272727272, 0.3011453823953825, 0.1870705266955267, 0.3056818181818182], [0.2119599567099568, 0.30594538794538806, 0.20790262515262514, 0.2741920301920302], [0.26023609805227454, 0.2793312630996454, 0.1863570755225167, 0.27407556332556327], [0.26516435647685643, 0.27148088023088024, 0.16259938672438667, 0.30075537656787665], [0.22841702741702744, 0.24950162337662335, 0.23938293650793643, 0.2826984126984127], [0.295468253968254, 0.2843185425685426, 0.13594516594516592, 0.2842680375180375], [0.26987519425019424, 0.26501226551226553, 0.2113791486291487, 0.2537333916083916], [0.220585179526356, 0.28727804548392794, 0.23946926194720317, 0.25266751304251306], [0.21731392912642913, 0.2879857642357643, 0.2084401986901987, 0.28626010794760803], [0.20877312271062273, 0.2640491452991453, 0.2656307234432234, 0.2615470085470085], [0.18361101398601398, 0.3393692834942836, 0.17894246031746028, 0.29807724220224213], [0.23168795093795097, 0.2359621212121213, 0.13945923520923517, 0.39289069264069276], [0.24924142524142526, 0.2864920634920636, 0.17659740259740264, 0.2876691086691087], [0.22286910311910307, 0.2661100011100011, 0.24544658119658114, 0.26557431457431463], [0.23086075036075038, 0.2835713730713731, 0.19215133477633484, 0.2934165417915419], [0.22861137473637475, 0.28053205128205133, 0.19222588522588524, 0.29863068875568866], [0.2765889388389388, 0.26817879342879347, 0.23360399322899325, 0.22162827450327452], [0.21380248917748917, 0.3144440836940838, 0.19653411376205504, 0.27521931336637223], [0.20866035353535353, 0.28706354756354757, 0.19202182539682544, 0.3122542735042735], [0.26012536768786776, 0.3163113136863137, 0.1854732212232211, 0.23809009740259743], [0.2217848124098125, 0.2265382950382951, 0.2409521867021867, 0.3107247058497058], [0.2520883838383839, 0.33343777056277063, 0.19584623015873015, 0.21862761544011547], [0.26274503968253965, 0.24429004329004333, 0.13152552308802304, 0.3614393939393939], [0.20821663059163062, 0.2985477994227994, 0.22699007936507937, 0.26624549062049063], [0.20035672660672665, 0.2687176850926852, 0.20959884559884567, 0.3213267427017427], [0.20636284548784542, 0.3094818931068931, 0.22977453102453094, 0.25438073038073045], [0.2477851731601732, 0.24964051226551226, 0.14582088744588742, 0.35675342712842734], [0.17921167721167716, 0.3083248320307143, 0.14421117363029126, 0.3682523171273172], [0.23842796092796095, 0.2921985930735931, 0.17874177211677214, 0.290631673881674], [0.2535740370740371, 0.24280337717837722, 0.21166697191697192, 0.2919556138306139], [0.15870795870795867, 0.3381414737223561, 0.20759652439064208, 0.2955540431790432], [0.21517288267288262, 0.23988610001110003, 0.18885680985680992, 0.35608420745920755], [0.2987315323565323, 0.2388075396825397, 0.1825462454212454, 0.27991468253968266], [0.3284337051837053, 0.2563577811077812, 0.15358315295815295, 0.26162536075036075], [0.24884332334332335, 0.2984128787878789, 0.2263200826950827, 0.22642371517371523], [0.18597853535353537, 0.3396037157287159, 0.20579834054834067, 0.26861940836940845], [0.2182795815295815, 0.2573708513708515, 0.24979193722943713, 0.2745576298701299], [0.2142979797979798, 0.3028068181818182, 0.2020636724386724, 0.28083152958152957], [0.24491081141081147, 0.3024559745809747, 0.1907031995781996, 0.2619300144300145], [0.2811159794153215, 0.29268719657535447, 0.18952056277056278, 0.23667626123876123], [0.212545399045399, 0.26591666666666675, 0.27067341482047363, 0.2508645194674607], [0.20633387445887444, 0.27754326229326226, 0.23630470917970917, 0.27981815406815413], [0.19024728049728054, 0.31289586802086805, 0.18443818681318683, 0.3124186646686647], [0.2146103896103896, 0.3082453102453103, 0.21510975829725829, 0.26203454184704184], [0.27086381673881665, 0.21436587024087025, 0.19377333777333783, 0.3209969752469754], [0.26657134532134535, 0.24247888222888225, 0.15092451992451994, 0.3400252525252525], [0.22568711843711842, 0.28330294705294706, 0.1816954156954156, 0.3093145188145189], [0.2625524891774892, 0.266462481962482, 0.1701590909090909, 0.300825937950938], [0.17088997113997112, 0.31194516594516597, 0.24770418470418476, 0.26946067821067815], [0.21889213564213555, 0.27287500000000003, 0.2239175061050062, 0.28431535825285825], [0.22334607059607056, 0.22219486069486077, 0.2240351454101454, 0.3304239232989233], [0.28135173160173155, 0.24904906204906205, 0.19787283549783552, 0.27172637085137086], [0.19120290820290822, 0.26093666056166054, 0.2544407120657121, 0.2934197191697192], [0.23705994005994005, 0.26843957431457427, 0.15249862637362635, 0.3420018592518593], [0.2635153318903319, 0.2447944000444, 0.19409316378066382, 0.2975971042846043], [0.21968861693861685, 0.313679292929293, 0.22140084915084915, 0.245231240981241], [0.27191888666888675, 0.31639374514374524, 0.177688394938395, 0.23399897324897323], [0.19614772727272722, 0.30562536075036073, 0.19266233766233762, 0.3055645743145744], [0.2515451423576423, 0.30760149572649576, 0.14181718975468974, 0.2990361721611721], [0.2165890498390498, 0.2329069264069265, 0.291361235986236, 0.2591427877677879], [0.22095877039627038, 0.2769792568542569, 0.23007707570207575, 0.2719848970473971], [0.2319826276664512, 0.3431952075702076, 0.14864908784026437, 0.27617307692307697], [0.22470620351870352, 0.26872144522144525, 0.2261537698412699, 0.28041858141858145], [0.2500661976911977, 0.2581898448773449, 0.11781520562770559, 0.37392875180375185], [0.18522805054422697, 0.28358930367018603, 0.1810971479500892, 0.35008549783549797], [0.3179408369408369, 0.22572555916305925, 0.1818685064935065, 0.27446509740259734], [0.22555609668109675, 0.3248095793095793, 0.17210984848484853, 0.2775244755244755], [0.27572756410256416, 0.2718255772005772, 0.17421850371850375, 0.27822835497835496], [0.25537103174603176, 0.31349585137085134, 0.17489454989454983, 0.256238566988567], [0.20825162337662337, 0.26674981962481975, 0.1923798701298702, 0.33261868686868673], [0.32115115440115444, 0.2334478715728716, 0.15084559884559887, 0.29455537518037533], [0.201187862790804, 0.30937433399933406, 0.23745096570096572, 0.25198683750889633], [0.24043470418470414, 0.32000222979634757, 0.18734756909756908, 0.2522154969213793], [0.23918625818625824, 0.30260775335775336, 0.20154310966810968, 0.25666287878787886], [0.23526931401931406, 0.24982521645021646, 0.24693199855699863, 0.267973470973471], [0.24416161616161614, 0.24766086691086694, 0.21968800643800648, 0.2884895104895106], [0.22884987234987247, 0.29089772727272734, 0.19412319624819624, 0.2861292041292041], [0.2496110347985348, 0.282880994005994, 0.20863156288156287, 0.2588764083139083], [0.21200414862914865, 0.28848730436230446, 0.21146119852369868, 0.28804734848484853], [0.26191378066378074, 0.2674868326118326, 0.20869246031746044, 0.2619069264069265], [0.22033882783882786, 0.26009307359307354, 0.2262045454545455, 0.2933635531135531], [0.2863265186610775, 0.22961159183953325, 0.2174200382950383, 0.2666418512043513], [0.22015388084138082, 0.3449689754689755, 0.16440575396825394, 0.2704713897213898], [0.25889338439338444, 0.2811285242535243, 0.21469967532467543, 0.24527841602841602], [0.25874954906204906, 0.29924152236652246, 0.180765873015873, 0.2612430555555555], [0.21379694814988923, 0.2567645271395272, 0.2182971195471195, 0.31114140516346406], [0.22544282106782113, 0.22757828282828296, 0.24460732323232318, 0.30237157287157285], [0.2072288961038961, 0.3527085414585416, 0.18019358419358414, 0.2598689782439782], [0.22915637140637146, 0.2944791181041182, 0.21297537185037183, 0.2633891386391387], [0.30236793843411497, 0.29115793928293937, 0.11817551402845519, 0.2882986082544906], [0.23598629148629136, 0.2610934065934066, 0.23365959734709738, 0.26926070457320467], [0.18622283272283277, 0.30265685703185696, 0.1902231240981241, 0.32089718614718615], [0.23553416028416038, 0.2961334776334777, 0.1828451687201688, 0.28548719336219347], [0.26106403318903315, 0.26738006438006445, 0.16746807359307359, 0.3040878288378288], [0.2833348644819233, 0.298614269717211, 0.17375595238095237, 0.24429491341991344], [0.2319597832722834, 0.31467561605061617, 0.20622832722832726, 0.24713627344877342], [0.1708333333333333, 0.2929778138528138, 0.2674637445887446, 0.2687251082251083], [0.2228110223110223, 0.3290774225774226, 0.1783254800754801, 0.26978607503607505], [0.2496288433788434, 0.33505531968031976, 0.19141765873015879, 0.22389817821067823], [0.28658272283272285, 0.2940216450216451, 0.1886397560772561, 0.23075587606837597], [0.21356782106782105, 0.33712788600288607, 0.18790540913335024, 0.26139888379594267], [0.24913503163503165, 0.33109490917579154, 0.1414586622527799, 0.278311396936397], [0.23988952224246338, 0.2951509870848107, 0.1793577811077812, 0.285601709564945], [0.22738474025974031, 0.26509529359529366, 0.18191300366300364, 0.3256069624819625], [0.22891450216450224, 0.3213309884559884, 0.1298477633477633, 0.319906746031746], [0.23340488677988686, 0.291472014097014, 0.2278232878232879, 0.2472998112998114], [0.2888238983238984, 0.2483153513153513, 0.18745887445887446, 0.275401875901876], [0.22695472582972584, 0.3089489538239539, 0.18044255050505056, 0.28365376984126983], [0.22116673604173603, 0.29577662615162625, 0.22992911255411255, 0.25312752525252535], [0.27489574314574317, 0.24616197691197703, 0.2314683600713012, 0.24747391987097875], [0.22365724471606818, 0.2640324675324676, 0.15540534547152196, 0.3569049422799425], [0.21469660894660902, 0.2987227633477633, 0.17732900432900428, 0.30925162337662343], [0.3834024170274171, 0.22616919191919202, 0.1339558080808081, 0.256472582972583], [0.2083041264291264, 0.335270437895438, 0.20495995181289303, 0.25146548386254275], [0.18823069291819286, 0.2876104173604173, 0.21626884920634923, 0.3078900405150406], [0.1845899517149517, 0.3414454018204019, 0.16142604617604614, 0.3125386002886003], [0.24307924020424024, 0.273225468975469, 0.22363354700854698, 0.26006174381174374], [0.22091841491841488, 0.31256049506049516, 0.23825964313464315, 0.22826144688644687], [0.1860494366744367, 0.27152191558441563, 0.19365674603174607, 0.3487719017094017], [0.2257970371132137, 0.26472269805358045, 0.1998723033502445, 0.3096079614829615], [0.20587536075036073, 0.32305400155400155, 0.1272630286380286, 0.34380760905760915], [0.17524227161727166, 0.20167277167277167, 0.28762423687423694, 0.33546071983572], [0.1765284715284715, 0.3146847458097459, 0.24216712454212444, 0.2666196581196582], [0.2336935425685427, 0.28984505772005775, 0.25536408730158733, 0.22109731240981248], [0.21459523809523812, 0.3387553557553558, 0.2035912469883058, 0.24305815916110038], [0.307996558996559, 0.2397414946164947, 0.14860990398490398, 0.3036520424020426], [0.24040259740259745, 0.25687265512265517, 0.2547546897546898, 0.24797005772005767], [0.18074862637362635, 0.29673897630147633, 0.26499244505494507, 0.2575199522699523], [0.2521880203130203, 0.30370924908424907, 0.24030995393495405, 0.20379277666777668]]}, "rewritten": {"ids": ["97105451", "97105760", "97106770", "97106970", "97107260", "97107950", "97110950", "97112290", "97113900", "98106880", "98107010", "98107380", "98109230", "98110710", "98116500", "98119591", "98120010", "98121790", "99107560", "99107630", "99112531", "99114890", "100108080", "100108490", "100109000", "100109360", "100109910", "100113370", "101108080", "101108290", "101110200", "101110740", "101111620", "101112201", "101112540", "101115190", "101119591", "102107961", "102110050", "102110240", "102110500", "102110850", "102112030", "102112301", "102113350", "102118380", "103111990", "103120730", "103120780", "104111880", "104111990", "104117630", "104119290", "104119340", "105110091", "105110251", "105111990", "105113440", "105113620", "105115380", "105116501", "105116650", "105117200", "105119550", "106111321", "106114150", "106114880", "106115240", "106116120", "106117650", "106117770", "106118161", "106118820", "106119580", "107112850", "107113170", "107113550", "107114780", "107120010", "107120130", "107121230", "108113700", "108114220", "108114270", "108115250", "108116501", "108117451", "108117610", "108117720", "108118520", "108119330", "108119510", "108120621", "108121190", "109115070", "109116170", "109118161", "109118820", "109119460", "109120560", "109120621", "110114321", "110114561", "110114651", "110116300", "110117140", "110120531", "110120560", "110121170", "111114121", "111115400", "111116530", "111116640", "111119580", "111119930", "111120220", "111120280", "111120640", "111121190", "111121410", "112116640", "112117030", "112117471", "112117580", "112117660", "112117790", "112118421", "112118581", "112118620", "112118701", "112118820", "112119950", "112119980", "113117630", "113119120", "113119480", "113120070", "113120830", "113121220", "113121950", "113122160", "113122170"], "labels": [0, 0, 3, 2, 2, 2, 3, 1, 2, 0, 3, 1, 1, 2, 2, 1, 2, 2, 1, 2, 3, 2, 0, 2, 1, 0, 2, 3, 0, 0, 2, 3, 3, 0, 2, 1, 0, 3, 3, 3, 3, 3, 2, 1, 3, 1, 2, 1, 1, 3, 2, 0, 1, 1, 0, 0, 2, 0, 0, 1, 1, 1, 3, 1, 0, 1, 0, 1, 1, 1, 0, 3, 3, 3, 1, 0, 0, 2, 1, 2, 0, 0, 3, 3, 1, 0, 2, 3, 1, 0, 0, 1, 1, 1, 0, 0, 0, 3, 1, 1, 1, 1, 0, 3, 3, 3, 0, 0, 2, 0, 0, 3, 0, 3, 1, 3, 0, 0, 1, 0, 0, 2, 3, 0, 0, 3, 3, 1, 3, 0, 0, 0, 0, 0, 3, 3, 2, 3, 3, 3, 3, 1], "predicted_labels": [3, 1, 1, 3, 3, 1, 0, 1, 3, 2, 1, 3, 2, 3, 1, 1, 1, 1, 3, 3, 3, 1, 1, 3, 2, 3, 2, 3, 0, 3, 1, 1, 1, 1, 3, 1, 0, 1, 1, 3, 3, 1, 3, 1, 1, 1, 1, 1, 1, 3, 1, 0, 3, 3, 1, 1, 3, 3, 1, 3, 3, 2, 3, 3, 3, 1, 1, 1, 1, 3, 3, 1, 3, 1, 1, 3, 3, 1, 1, 1, 1, 0, 2, 3, 3, 3, 0, 3, 3, 1, 1, 1, 3, 1, 1, 1, 1, 1, 3, 1, 1, 1, 1, 1, 1, 3, 3, 3, 1, 3, 1, 1, 1, 1, 1, 1, 3, 1, 3, 3, 3, 3, 1, 3, 1, 3, 3, 3, 3, 1, 1, 0, 3, 1, 3, 3, 1, 3, 3, 1, 1, 3], "confidence_scores": [[0.24564682539682545, 0.26102380952380955, 0.18997420634920636, 0.3033551587301588], [0.18752949827949825, 0.31230133755133765, 0.22555634643134648, 0.27461281773781787], [0.21936704961704961, 0.2751106254856255, 0.26070897158397166, 0.24481335331335338], [0.20586507936507936, 0.28127380952380954, 0.2056962759462759, 0.30716483516483517], [0.167847582972583, 0.25415662115662124, 0.250849802974803, 0.327145992895993], [0.2213880335350924, 0.28693214628508745, 0.20955609668109662, 0.28212372349872356], [0.2955896117771118, 0.22302562715062724, 0.21418987956487956, 0.26719488150738163], [0.2266380294542059, 0.32789361047449284, 0.1803164098972923, 0.265151950174009], [0.22172936785436786, 0.27645067432567433, 0.19288328338328334, 0.30893667443667444], [0.1437900294150294, 0.2863920107670108, 0.29889421689421686, 0.270923742923743], [0.24936901986901985, 0.31249874716786485, 0.1732315878565879, 0.26490064510652755], [0.22347763347763358, 0.22385245310245305, 0.18624062049062043, 0.36642929292929305], [0.21092743367743363, 0.24667859224109226, 0.29965879953379954, 0.24273517454767451], [0.18825996225996228, 0.22843961593961598, 0.24497294372294365, 0.338327478077478], [0.2235999417249418, 0.32413300180211946, 0.17287365412365413, 0.2793934023492847], [0.23822750860250863, 0.3433166278166279, 0.20924693362193378, 0.20920892995892995], [0.20984065934065932, 0.2983638861138861, 0.22447691197691197, 0.26731854256854265], [0.15789448051948052, 0.32278740703740705, 0.2717224025974026, 0.2475957098457099], [0.2375458014208015, 0.2774773282273283, 0.2039616772116772, 0.2810151931401932], [0.27524801587301595, 0.23055724830724827, 0.15235490897990894, 0.3418398268398268], [0.20669489742283859, 0.30703613053613055, 0.17243666056166063, 0.3138323114793704], [0.19756111453905567, 0.31174231324231316, 0.26512103174603185, 0.2255755404725993], [0.236108787046287, 0.33828213453213457, 0.19872110528360534, 0.22688797313797315], [0.26434854034854033, 0.24016486291486294, 0.20512079587079593, 0.290365800865801], [0.2301946248196249, 0.25553679653679656, 0.2640813492063492, 0.25018722943722954], [0.23692711455211463, 0.22255783105783108, 0.21284768009768004, 0.3276673742923743], [0.2116773088023088, 0.2534363275613276, 0.29235822510822507, 0.24252813852813862], [0.2050079087579088, 0.25168069430569434, 0.24093127705627715, 0.30238011988011976], [0.28770669608169613, 0.2593999472749473, 0.1895693611943612, 0.26332399544899543], [0.2700478687978688, 0.24142992424242427, 0.1953627344877345, 0.2931594724719725], [0.20333891108891106, 0.3415759934509935, 0.2323088994338994, 0.22277619602619603], [0.2247146325896326, 0.27491058941058943, 0.22631764763014764, 0.27405713036963036], [0.23150413475413475, 0.30580741480741486, 0.1658873626373626, 0.2968010878010879], [0.21502447552447554, 0.3096107503607504, 0.17209108946608948, 0.3032736846486847], [0.2245914640914641, 0.28135948773448777, 0.1974190115440115, 0.29663003663003673], [0.17151492951492953, 0.32056952769452773, 0.20251626151626156, 0.3053992812742814], [0.32843266455766473, 0.22251773226773225, 0.15583513708513708, 0.2932144660894661], [0.18603612563906688, 0.3455767973856209, 0.21676244588744586, 0.2516246310878665], [0.20461909618159624, 0.30693059718059734, 0.22724341630591627, 0.26120689033189043], [0.22978481240981247, 0.2510104617604618, 0.21127489177489178, 0.307929834054834], [0.27485912698412696, 0.2692326839826841, 0.16879563492063487, 0.28711255411255415], [0.2319624542124542, 0.3059642857142858, 0.23376578976578974, 0.22830747030747023], [0.22420586358086353, 0.25551862026862027, 0.2359818653568653, 0.2842936507936509], [0.2202065295815296, 0.32838231213231234, 0.17865204240204235, 0.27275911588411583], [0.24764008214008207, 0.2776509046509047, 0.22320093795093787, 0.2515080752580755], [0.23906426906426909, 0.27060610223110226, 0.23362327949827955, 0.25670634920634927], [0.2020999278499279, 0.3515970418470418, 0.16483170995670995, 0.2814713203463205], [0.289270652958153, 0.3141866883116884, 0.1640319264069264, 0.23251073232323224], [0.22138399998694122, 0.31345290820290833, 0.1692679403929404, 0.2958951514172103], [0.18253787878787878, 0.271288961038961, 0.237562049062049, 0.3086111111111111], [0.25091341991342, 0.324549963924964, 0.14039561337355452, 0.28414100278806154], [0.29634126984126985, 0.2733254107004108, 0.1905529054279055, 0.23978041403041395], [0.18615276390276392, 0.3032480713730714, 0.18797195859695864, 0.3226272061272062], [0.24613614857364854, 0.21876010101010102, 0.1957056623931624, 0.33939808802308813], [0.23074691974691983, 0.34071685259185264, 0.1924748307248307, 0.23606139693639694], [0.2629067460317461, 0.29652597402597414, 0.19757124819624827, 0.2429960317460317], [0.2985669697949111, 0.25507377344877347, 0.13590584415584414, 0.3104534126004714], [0.19287717266393734, 0.30101813464313465, 0.19726126732744384, 0.3088434253654842], [0.17358243145743152, 0.31159397546897555, 0.2759480519480519, 0.2388755411255411], [0.19620332445332445, 0.29908988233988243, 0.20039085914085916, 0.3043159340659341], [0.20640247334364972, 0.26297278130366375, 0.18117218402512525, 0.3494525613275613], [0.21524866310160437, 0.26125992063492065, 0.2844873737373737, 0.23900404252610133], [0.23854315210932855, 0.22062689108277345, 0.25688827349121474, 0.28394168331668335], [0.2407195663813311, 0.2872117882117883, 0.16555781799899452, 0.3065108274078863], [0.23370339382839384, 0.23533847402597405, 0.2051920787545787, 0.32576605339105347], [0.2440791708291709, 0.3105990814740814, 0.21715034965034963, 0.22817139804639805], [0.19944769119769123, 0.2988988095238095, 0.26177002164502167, 0.23988347763347775], [0.2273111353515766, 0.3098072066822067, 0.17359692390942386, 0.2892847340567929], [0.24801651126651122, 0.26759325396825395, 0.2598428932178933, 0.22454734154734163], [0.2377550643800644, 0.2810839646464646, 0.1944641053391054, 0.28669686563436564], [0.19197408147408151, 0.24782753357753365, 0.20391931679431682, 0.3562790681540682], [0.23825378787878787, 0.2843113275613276, 0.2207166305916306, 0.25671825396825404], [0.25375883838383834, 0.2899538557847382, 0.13904560308972072, 0.31724170274170277], [0.21258170995671002, 0.2978742784992786, 0.23053151015651013, 0.2590125013875015], [0.18511810411810412, 0.34144570707070726, 0.20344101731601733, 0.2699951714951715], [0.20596867021867019, 0.27493230380730393, 0.19669300144300142, 0.3224060245310245], [0.26121411921411913, 0.24566396103896115, 0.2261792929292929, 0.26694262681762687], [0.2640617438117439, 0.3300362415362416, 0.20661895049395057, 0.1992830641580642], [0.20202669552669547, 0.3160060743994567, 0.23607617668279424, 0.24589105339105338], [0.20417415223665222, 0.3237341269841271, 0.1901954365079365, 0.2818962842712844], [0.20283856421356422, 0.3128104673104673, 0.1741432456432457, 0.3102077228327229], [0.2767342518592519, 0.26417529692529707, 0.22858522033522036, 0.23050523088023095], [0.17878922466422473, 0.25496096958596953, 0.3129197191697191, 0.2533300865800865], [0.24432830364080366, 0.2510710678210678, 0.16140250721500718, 0.3431981213231214], [0.19512234497528613, 0.2589984321234321, 0.23776254301254302, 0.3081166798887388], [0.23044933538683535, 0.2553497127872129, 0.18676125263625262, 0.32743969918969923], [0.31869011544011533, 0.23619162781662786, 0.15358272283272278, 0.29153553391053394], [0.21307215007215008, 0.2760344655344656, 0.18705543068043073, 0.3238379537129537], [0.24413450438450435, 0.24080463980463981, 0.17617220279720275, 0.3388886530136531], [0.2240908813408814, 0.31918624431124437, 0.2535572691197691, 0.20316560522810526], [0.25666898379398384, 0.28060471472971477, 0.20786760461760462, 0.2548586968586968], [0.19194560994560997, 0.3505006382506384, 0.17334665334665328, 0.28420709845709846], [0.23275511988011982, 0.25786915861915866, 0.21337283549783545, 0.29600288600288605], [0.20877326839826832, 0.30182052669552684, 0.1921393051393051, 0.29726689976689985], [0.21053810772560774, 0.3444219946719948, 0.17993822150072147, 0.2651016761016762], [0.19788063325563324, 0.3053436187995011, 0.1934310648501825, 0.3033446830946832], [0.26901659451659454, 0.29308739177489174, 0.17316192141192144, 0.26473409229659234], [0.210021645021645, 0.31410497835497847, 0.23468632756132757, 0.24118704906204907], [0.19843045149295144, 0.28823160173160167, 0.20982024225774226, 0.30351770451770466], [0.16038906926406926, 0.33746356421356416, 0.2417956349206349, 0.26035173160173164], [0.2728723082473082, 0.27863715451215454, 0.17340790459540453, 0.2750826326451328], [0.1709902597402597, 0.3153413253413254, 0.24025919913419916, 0.27340921578421573], [0.23540016927516935, 0.30036614774114767, 0.23768092324342316, 0.22655275974025976], [0.28412624875124876, 0.30350342712842715, 0.1729068709068709, 0.2394634532134532], [0.28261730630480636, 0.3080429709179709, 0.19027634865134868, 0.21906337412587412], [0.19622932622932626, 0.3003812258003435, 0.19338979076479074, 0.3099996572055397], [0.22781425600543254, 0.28283238003826233, 0.1360851391255803, 0.3532682248307247], [0.22458964646464652, 0.27310551948051953, 0.20773430735930737, 0.2945705266955267], [0.22488624569874574, 0.3039525613275613, 0.18909126984126984, 0.28206992313242313], [0.29354838298955954, 0.2519731559290383, 0.150586505814447, 0.3038919552669552], [0.2567938311688312, 0.27371868409368416, 0.21839453601953604, 0.25109294871794874], [0.19081426906426904, 0.36933773171273176, 0.1991761016761016, 0.2406718975468976], [0.18281150793650788, 0.34506697469197467, 0.18249271072065196, 0.2896288066508655], [0.26354943667443675, 0.3402823051131875, 0.16284755114166882, 0.2333207070707071], [0.24053225246975246, 0.3154018342768343, 0.16442478354978352, 0.2796411297036297], [0.2592586700580121, 0.3005585364283121, 0.16027561327561324, 0.2799071802380626], [0.2421817071817073, 0.23970220057720065, 0.1565603563103563, 0.361555735930736], [0.2034377566877567, 0.2968905538905539, 0.2193515651015651, 0.28032012432012443], [0.21684989316239328, 0.2706324300699301, 0.212620670995671, 0.2998970057720058], [0.22869806582306584, 0.29339901764901777, 0.14540857753357753, 0.33249433899433906], [0.25246942640692643, 0.2542879689754689, 0.18814258658008662, 0.305100018037518], [0.183675547491724, 0.2589197648756472, 0.21166947839741954, 0.3457352092352093], [0.2060217005217006, 0.31685077422577423, 0.1858316267066267, 0.29129589854589855], [0.207761906802348, 0.24690905622155626, 0.22823552836052843, 0.31709350861556745], [0.23980230880230874, 0.28628805916305905, 0.19103030303030302, 0.2828793290043291], [0.2468456474081474, 0.2844729853479853, 0.16869246031746032, 0.29998890692640684], [0.2759828643578644, 0.2714915223665224, 0.16203382034632038, 0.29049179292929295], [0.18300024975024975, 0.26041876179376183, 0.25747691197691197, 0.29910407647907655], [0.26474230018347655, 0.2801203282012106, 0.1578489517018929, 0.29728841991342], [0.21594462481962493, 0.3872066544566545, 0.17877115939615937, 0.21807756132756126], [0.24184574249280139, 0.32869180329474446, 0.1596178266178266, 0.26984462759462763], [0.30953540903540905, 0.26987722000222, 0.14883719058719055, 0.2717501803751803], [0.17463418525918523, 0.30729265179265186, 0.15218466255966256, 0.36588850038850046], [0.2177491674991675, 0.3101601939726939, 0.1997281746031746, 0.272362463924964], [0.22588798701298698, 0.25068481518481517, 0.1780060078810079, 0.34542118992118986], [0.2485413406038406, 0.28581078643578645, 0.14740836940836932, 0.31823950355200353], [0.2286733405483407, 0.3467678571428572, 0.2093069083694084, 0.21525189393939392], [0.1732834387834388, 0.27732106782106786, 0.20577842990342998, 0.3436170634920635], [0.23419623432123438, 0.2680169275169276, 0.1914351204351205, 0.30635171772671776], [0.2281134421134422, 0.29624692382780604, 0.250308673352791, 0.22533096070596076], [0.1812451298701299, 0.33397213203463216, 0.2640377886002887, 0.22074494949494963], [0.1974905511155512, 0.2532061688311689, 0.22544144744144748, 0.3238618326118326]]}}