{"test": {"ids": ["107116340", "112121410", "98106680", "112119980", "113118231", "104110960", "112117580", "111120190", "108120621", "110116441", "112120670", "98109090", "108121410", "103113260", "104112470", "109117110", "107113170", "102121440", "107119390", "98111860", "110118181", "113117550", "101114990", "112118581", "108115870", "111120280", "98107010", "102111990", "112118880", "113119320", "98110680", "113122430", "111114171", "101116130", "99111440", "110119030", "110114610", "105116090", "104119340", "98116940", "113119700", "109119010", "107118120", "111119300", "108114200", "107116501", "105116441", "113121750", "107120130", "100111380", "99109370", "99107660", "99111000", "112120540", "99110730", "107114950", "101115190", "108117720", "102113981", "112116501", "111115780", "99117740", "111120531", "111116110", "105119550", "108114220", "111120640", "107113550", "111117120", "110114321", "100111390", "105119950", "99107950", "110114561", "103120531", "113122150", "111120591", "99113260", "113120260", "107121640", "103111480", "98112300", "108118060", "111116100", "101119030", "111121220", "98121790", "108115970", "111116990", "97112290", "109121640", "112117780", "110120560", "103118110", "113120531", "107113130", "99112641", "100113370", "98113881", "109114651", "104116980", "99112531", "113119300", "113119450", "111119610", "104111830", "97106770", "112121430", "98110810", "107114280", "111118820", "108114040", "109117271", "103120290", "111116090", "110121170", "109117150", "111114121", "103111110", "100110050", "97109080", "113122320", "111116170", "101111140", "98120010", "112119320", "108118520", "100112060", "102118380", "111116411", "100117420", "106116120", "112121351", "109115220", "112116451", "98108580", "109120560", "98108410", "100120010", "112121010", "108114180", "111118301"], "labels": [3, 0, 1, 0, 3, 2, 0, 3, 1, 3, 2, 1, 0, 3, 1, 1, 0, 2, 2, 0, 1, 3, 3, 1, 3, 0, 3, 2, 1, 1, 2, 2, 3, 2, 3, 0, 1, 1, 1, 2, 0, 3, 3, 1, 0, 1, 1, 0, 2, 3, 1, 3, 2, 3, 3, 3, 1, 1, 1, 3, 1, 2, 0, 3, 1, 3, 0, 0, 2, 1, 2, 3, 1, 0, 3, 2, 1, 0, 3, 1, 0, 2, 1, 3, 3, 3, 2, 2, 0, 1, 0, 0, 0, 2, 0, 1, 1, 3, 3, 3, 1, 3, 1, 3, 2, 3, 3, 2, 1, 3, 0, 0, 0, 2, 3, 2, 2, 0, 3, 3, 2, 1, 0, 2, 2, 1, 0, 2, 1, 0, 2, 1, 0, 3, 0, 0, 1, 1, 0, 2, 1, 3], "predicted_labels": [1, 1, 3, 1, 1, 2, 0, 3, 0, 3, 1, 3, 1, 1, 1, 1, 0, 1, 2, 3, 1, 3, 1, 0, 0, 0, 3, 2, 1, 3, 2, 1, 3, 1, 0, 1, 1, 3, 1, 1, 1, 1, 0, 3, 0, 3, 0, 3, 1, 0, 1, 3, 3, 3, 2, 2, 3, 3, 0, 3, 3, 0, 1, 3, 1, 0, 3, 3, 1, 1, 1, 1, 2, 0, 3, 1, 0, 2, 0, 2, 1, 0, 3, 1, 1, 3, 1, 3, 3, 0, 0, 3, 2, 2, 0, 3, 1, 2, 0, 0, 2, 0, 0, 3, 2, 1, 1, 3, 1, 2, 0, 1, 1, 1, 3, 3, 2, 3, 3, 1, 0, 3, 3, 0, 3, 2, 0, 3, 1, 0, 1, 0, 0, 3, 1, 3, 3, 0, 0, 2, 1, 0], "confidence_scores": [[0.010067505173379006, 0.7991508013138536, 0.09946078029293531, 0.09132091321983214], [0.41079592388355357, 0.5425977496676369, 0.0008090990112615644, 0.04579722743754802], [0.04900737898337611, 0.036785385055325616, 0.06615312099684974, 0.8480541149644486], [0.01582184299244688, 0.8356168953460595, 0.14577387136080142, 0.0027873903006921676], [0.10684453639645293, 0.7406239877248302, 0.14941212936621223, 0.003119346512504727], [0.11626868696755334, 0.11059948750217169, 0.6541700239781476, 0.11896180155212736], [0.9159122018809279, 0.00513265566317195, 0.028578225814895518, 0.050376916641004646], [0.05533651130251655, 0.08338665043057564, 0.08023069429433237, 0.7810461439725753], [0.8177905624726062, 0.15072755603337978, 0.013580321155928388, 0.017901560338085667], [0.1408062952861055, 0.0274592090707079, 0.01137131502248942, 0.820363180620697], [0.10448438147728738, 0.8037846361505309, 0.03578031116563574, 0.055950671206545906], [0.08172712826339146, 0.17625405023827648, 0.36084316191712734, 0.38117565958120464], [0.1636773099575904, 0.7589216623584663, 0.00036573163618946526, 0.0770352960477538], [0.05593677665580947, 0.6261310544324837, 0.27840085946061865, 0.03953130945108818], [0.06627374424538074, 0.4953745488777953, 0.2228055518662374, 0.21554615501058647], [0.31286881778483444, 0.3789733262327543, 0.2866652195284106, 0.021492636454000475], [0.47264930609605593, 0.03166009437608063, 0.08576116614401584, 0.4099294333838476], [0.0652140043630802, 0.6430573978027885, 0.23379019978802562, 0.057938398046105795], [0.006617684011993339, 0.07032983301123447, 0.8804708881656393, 0.04258159481113279], [0.15461760487426743, 0.1667745724610558, 0.08602452021755728, 0.5925833024471195], [0.11364747405452598, 0.5678204128067071, 0.2679055546312961, 0.0506265585074706], [0.2145381493749005, 0.2743700163195596, 0.06092075944350817, 0.45017107486203184], [0.04734340256644322, 0.45460401139068624, 0.08250133144831147, 0.4155512545945591], [0.44598405844360134, 0.40910372042222215, 0.11714656481835997, 0.02776565631581652], [0.8076481618475834, 0.14534444056896031, 0.017645712697500128, 0.029361684885956297], [0.4839868930033401, 0.1783667850413891, 0.007280162413087823, 0.33036615954218296], [0.04413295590906832, 0.17547260825808705, 0.09141226735633587, 0.6889821684765086], [0.09789047973026055, 0.04996919695342789, 0.6209114911482554, 0.2312288321680561], [0.013769509313188646, 0.6416649699531736, 0.007456352197634079, 0.33710916853600376], [0.062375053882794254, 0.17087045555387975, 0.018819750260688755, 0.7479347403026372], [0.014128566894352558, 0.12949826177474558, 0.8553783487760923, 0.0009948225548095044], [0.0028428787972652, 0.5248952170322434, 0.41457617925065077, 0.05768572491984065], [0.08482160862594164, 0.38146125815593324, 0.05578944319505198, 0.47792769002307317], [0.13616387881104244, 0.46784894532419763, 0.10090013715813928, 0.2950870387066206], [0.5840429055532709, 0.316505773884352, 0.014426706303851268, 0.08502461425852574], [0.008258506060072189, 0.6697193491203921, 0.02458570291678489, 0.2974364419027508], [0.04365255103404452, 0.8864768792396858, 0.03786499174748137, 0.03200557797878834], [0.34419133524979095, 0.121286132531143, 0.017218638712265623, 0.5173038935068005], [0.12504341796379917, 0.6019378413749957, 0.04038240120066073, 0.2326363394605444], [0.017218442266793053, 0.5747127034014037, 0.25844418301449645, 0.1496246713173068], [0.06899132557326335, 0.7702258322804274, 0.13608486329313918, 0.0246979788531701], [0.07226155777548147, 0.5735980337141275, 0.0976250790954107, 0.25651532941498023], [0.5973313087253123, 0.30869774890013374, 0.048521350564409746, 0.04544959181014428], [0.009720352730676141, 0.3151434933905158, 0.02820937260663965, 0.6469267812721685], [0.40378453194323455, 0.2615049242697752, 0.009700072933619436, 0.3250104708533709], [0.06218528088143936, 0.0017479531875955292, 0.0013783620432815215, 0.9346884038876836], [0.5017403075390744, 0.44317357499270565, 0.022604115997315637, 0.032482001470904354], [0.19057902736205343, 0.23625248702426851, 0.011510719359453584, 0.5616577662542245], [0.13931433815187547, 0.3170628778497006, 0.2691725470849893, 0.2744502369134347], [0.3915531371751637, 0.17563945649289284, 0.05682805709696429, 0.3759793492349792], [0.004751144423779549, 0.8831405619239769, 0.09189606355490397, 0.02021223009733948], [0.15140028316428825, 0.16699154279421466, 0.04845921163740607, 0.633148962404091], [0.016806136211477245, 0.25229334828697586, 0.2799370696360188, 0.4509634458655281], [0.362706263568785, 0.16825492331592062, 0.026108077427890487, 0.4429307356874038], [0.0018368877482701268, 0.10150115192903784, 0.8350721732503575, 0.061589787072334486], [0.1330670380516159, 0.059091455984638865, 0.7177335369342286, 0.09010796902951658], [0.15099535158650576, 0.40131635122998655, 0.043056578710522, 0.40463171847298574], [0.2904911175380562, 0.040492651246000565, 0.12274916673928883, 0.5462670644766543], [0.8713647471229338, 0.06766263042500968, 0.024989842332612422, 0.035982780119444044], [0.32317841040441914, 0.18356411454064508, 0.019488042131927157, 0.4737694329230086], [0.10605104774013142, 0.2894783530631939, 0.11813650065800059, 0.486334098538674], [0.6538250530645843, 0.22680862108014962, 0.00840483614292844, 0.11096148971233774], [0.15230059233566337, 0.7273062070516437, 0.1099414487770165, 0.010451751835676402], [0.013320059143080772, 0.3378646268838164, 0.05762688160161649, 0.5911884323714863], [0.027683258196915236, 0.8622297874482361, 0.017569238750617056, 0.09251771560423165], [0.7741216265523163, 0.015181382891694304, 0.11916588506913779, 0.09153110548685163], [0.004385761575511864, 0.00408193120414595, 0.027269772383357618, 0.9642625348369844], [0.12592920099673846, 0.0600292172447191, 0.12401267581711495, 0.6900289059414275], [0.005683058188223648, 0.6734432933329895, 0.03401660249863648, 0.2868570459801505], [0.1777485179452027, 0.6754104584911303, 0.01698662359112897, 0.12985439997253784], [0.0807541454229766, 0.7877931890617653, 0.014254676965299319, 0.11719798854995875], [0.23960890021644032, 0.3757634515708704, 0.10575709096233629, 0.2788705572503531], [0.007682164600481282, 0.023889818832578586, 0.9614919547967601, 0.006936061770180181], [0.8322415839455911, 0.12188414254840337, 0.015994412612543446, 0.029879860893462135], [0.03127084475307197, 0.15558964814195192, 0.06886804393032094, 0.7442714631746551], [0.1536526234676567, 0.7202099157996665, 0.07545734930583213, 0.05068011142684459], [0.8829001234901186, 0.04341925075903744, 0.012720996044188181, 0.0609596297066558], [0.04480729501088944, 0.1655445964443147, 0.6987727667976547, 0.09087534174714122], [0.40199458234248686, 0.3446458778917817, 0.038820428376261505, 0.21453911138947007], [0.015527729613944151, 0.20928581990316306, 0.7264812067624968, 0.048705243720395974], [0.37527739651977693, 0.5096756198763704, 0.003698469006248441, 0.11134851459760414], [0.6087824362253107, 0.2568502217328563, 0.028310981993087594, 0.10605636004874534], [0.19081295898799963, 0.171599011651138, 0.19697278229735757, 0.4406152470635048], [0.22732689719442992, 0.7194650225339349, 0.00858454075001944, 0.0446235395216156], [0.08955101208093802, 0.6263287001093997, 0.02506072637909712, 0.2590595614305653], [0.04308983389102589, 0.1978935294559451, 0.008421319427226957, 0.7505953172258021], [0.05272707186777016, 0.8592126108561009, 0.06139047010234379, 0.026669847173785066], [0.10053189361666831, 0.017158171454452677, 0.008276078554522929, 0.874033856374356], [0.36152752334009725, 0.11029884184668716, 0.15284455839517494, 0.3753290764180407], [0.3868146560843191, 0.36695641673255436, 0.21007081264257751, 0.036158114540549006], [0.9242797110077614, 0.03644777716688303, 0.015075954589801509, 0.02419655723555405], [0.16603867149303536, 0.23989953381137039, 0.007823205461057891, 0.5862385892345363], [0.007321038603116897, 0.06807604092440812, 0.9143119105974855, 0.010291009874989323], [0.06476154353540829, 0.18913226215568937, 0.6903699980277215, 0.05573619628118095], [0.8819860742468574, 0.030032121853178776, 0.00030887420391766037, 0.08767292969604622], [0.06477503003081078, 0.062076142381421916, 0.39757379720808506, 0.4755750303796823], [0.04583341049412797, 0.6838370055903793, 0.04856897049109598, 0.22176061342439662], [0.20099457411233304, 0.06636196425106003, 0.6018838794777542, 0.1307595821588527], [0.6642560418893861, 0.2365631856801375, 0.052013139677616636, 0.04716763275285971], [0.48823487698618273, 0.14887924060444588, 0.005083383172868132, 0.3578024992365032], [0.011598092299292071, 0.2391941758760104, 0.43108483868372693, 0.31812289314097075], [0.42889893300573434, 0.17918258862569417, 0.12119233936828208, 0.27072613900028936], [0.6653280666906211, 0.1534523891350976, 0.06512159759607009, 0.11609794657821126], [0.12757760807428764, 0.408867162001408, 0.01800024290899587, 0.4455549870153085], [0.15630272989370525, 0.01978547558253329, 0.795416444175341, 0.02849535034842044], [0.0022218783922769254, 0.9932979590142618, 0.001027947001804134, 0.0034522155916573327], [0.16483817015283792, 0.678463873328432, 0.13092396034874074, 0.02577399616998951], [0.016137087904654426, 0.29741114614073605, 0.27290904912291575, 0.41354271683169375], [0.06854783424682553, 0.8419798943682392, 0.06406385342357941, 0.025408417961355803], [0.21084132578511522, 0.2016231181766037, 0.4780200460243351, 0.10951551001394591], [0.4842119385848017, 0.17639331866755514, 0.03354143799411218, 0.30585330475353084], [0.010350146995996226, 0.6480283291905632, 0.29081831723130375, 0.050803206582136884], [0.016469077254073643, 0.6746302124170777, 0.004059090573300356, 0.3048416197555484], [0.3784948583241678, 0.40940302217699015, 0.15423938687728653, 0.05786273262155538], [0.03867555348101872, 0.16060229785491173, 0.016025312444763042, 0.7846968362193065], [0.16193387609911936, 0.04755049537074917, 0.19797100013356494, 0.5925446283965665], [0.11336931204919283, 0.27263668507880906, 0.307064846992779, 0.3069291558792191], [0.16262289199552143, 0.12849073115612936, 0.0016063376093752623, 0.707280039238974], [0.05918329802968536, 0.036967918848900085, 0.25527693872590196, 0.6485718443955126], [0.0018763587920419527, 0.790386938295975, 0.19745909128844388, 0.010277611623539157], [0.8053435910048983, 0.03854305247267262, 0.09343338079686288, 0.06267997572556616], [0.21506775015195362, 0.22181330866432863, 0.04198971975309951, 0.5211292214306181], [0.4098846403826369, 0.08678238069922951, 0.0559580807930675, 0.447374898125066], [0.5188394467741376, 0.0434334191001203, 0.01837451421815806, 0.41935261990758416], [0.03803076987040951, 0.09161247820363477, 0.3690524955165568, 0.5013042564093989], [0.0019043965325965108, 0.021182655257287287, 0.5207569743618111, 0.4561559738483051], [0.6227357174377012, 0.2037880580931524, 0.0868001573613959, 0.0866760671077503], [0.06166553802922454, 0.32398604965355715, 0.24866885369799233, 0.3656795586192261], [0.07700868891029729, 0.5887977518397063, 0.22769758769868606, 0.10649597155131031], [0.9719615793009428, 0.00435440811091098, 0.0011644136457428734, 0.022519598942403293], [0.05671695489620685, 0.8652318584647913, 0.009153180635414126, 0.06889800600358777], [0.6725033743917651, 0.28433632613406007, 0.016431352563770023, 0.02672894691040471], [0.8811300965473797, 0.028717377318870963, 0.08261882062829062, 0.007533705505458714], [0.3132762955284213, 0.023530409776772232, 0.019357317777699414, 0.6438359769171071], [0.32577499855601344, 0.6378089631659694, 0.00365968909298547, 0.03275634918503192], [0.24402842013021847, 0.2518776652123091, 0.10278704336333888, 0.4013068712941335], [0.016498624589784527, 0.04145581917253832, 0.10178616724634594, 0.8402593889913311], [0.4859802268258007, 0.16612072842995507, 0.0859962676720834, 0.2619027770721607], [0.3406776741436233, 0.22160481081969569, 0.2050647476098371, 0.23265276742684393], [0.026472613625559156, 0.15472349680215502, 0.4827337961342892, 0.33607009343799654], [0.28483807267113775, 0.5307185465731888, 0.13295180943872797, 0.051491571316945345], [0.6875306178888115, 0.03573325700505687, 0.06786106470534946, 0.2088750604007822]]}, "rewritten": {"ids": ["97106770", "97109080", "97112290", "98106680", "98107010", "98108410", "98108580", "98109090", "98110680", "98110810", "98111860", "98112300", "98113881", "98116940", "98120010", "98121790", "99107660", "99107950", "99109370", "99110730", "99111000", "99111440", "99112531", "99112641", "99113260", "99117740", "100110050", "100111380", "100111390", "100112060", "100113370", "100117420", "100120010", "101111140", "101114990", "101115190", "101116130", "101119030", "102111990", "102113981", "102118380", "102121440", "103111110", "103111480", "103113260", "103118110", "103120290", "103120531", "104110960", "104111830", "104112470", "104116980", "104119340", "105116090", "105116441", "105119550", "105119950", "106116120", "107113130", "107113170", "107113550", "107114280", "107114950", "107116340", "107116501", "107118120", "107119390", "107120130", "107121640", "108114040", "108114180", "108114200", "108114220", "108115870", "108115970", "108117720", "108118060", "108118520", "108120621", "108121410", "109114651", "109115220", "109117110", "109117150", "109117271", "109119010", "109120560", "109121640", "110114321", "110114561", "110114610", "110116441", "110118181", "110119030", "110120560", "110121170", "111114121", "111114171", "111115780", "111116090", "111116100", "111116110", "111116170", "111116411", "111116990", "111117120", "111118301", "111118820", "111119300", "111119610", "111120190", "111120280", "111120531", "111120591", "111120640", "111121220", "112116451", "112116501", "112117580", "112117780", "112118581", "112118880", "112119320", "112119980", "112120540", "112120670", "112121010", "112121351", "112121410", "112121430", "113117550", "113118231", "113119300", "113119320", "113119450", "113119700", "113120260", "113120531", "113121750", "113122150", "113122320", "113122430"], "labels": [3, 2, 1, 1, 3, 1, 0, 1, 2, 1, 0, 2, 3, 2, 2, 2, 3, 1, 1, 3, 2, 3, 3, 1, 0, 2, 3, 3, 2, 2, 3, 2, 0, 2, 3, 1, 2, 3, 2, 1, 1, 2, 3, 0, 3, 2, 2, 3, 2, 3, 1, 1, 1, 1, 1, 1, 3, 1, 1, 0, 0, 3, 3, 3, 1, 3, 2, 2, 1, 0, 1, 0, 3, 3, 2, 1, 1, 0, 1, 0, 3, 3, 1, 2, 0, 3, 1, 0, 1, 0, 1, 3, 1, 0, 0, 2, 0, 3, 1, 3, 3, 3, 0, 0, 0, 2, 3, 0, 1, 2, 3, 0, 0, 1, 0, 3, 0, 3, 0, 0, 1, 1, 1, 0, 3, 2, 2, 0, 0, 2, 3, 3, 1, 1, 3, 0, 3, 0, 0, 2, 1, 2], "predicted_labels": [2, 2, 3, 3, 3, 2, 3, 3, 2, 2, 3, 3, 3, 1, 3, 2, 3, 2, 1, 2, 2, 3, 3, 3, 2, 3, 2, 3, 1, 1, 3, 1, 3, 3, 2, 3, 3, 3, 2, 1, 1, 2, 3, 1, 3, 2, 1, 3, 3, 3, 3, 2, 1, 3, 3, 1, 3, 1, 3, 3, 3, 1, 3, 2, 3, 1, 3, 2, 3, 1, 2, 1, 3, 3, 3, 3, 2, 1, 0, 3, 3, 2, 1, 2, 3, 3, 3, 0, 3, 2, 1, 3, 1, 3, 2, 3, 1, 3, 3, 3, 1, 1, 3, 3, 3, 1, 3, 3, 2, 3, 3, 3, 3, 3, 2, 3, 0, 3, 3, 3, 3, 3, 3, 1, 1, 1, 2, 3, 3, 3, 3, 3, 3, 3, 3, 3, 2, 3, 3, 2, 3, 2], "confidence_scores": [[0.10995227940400114, 0.23306943981592532, 0.5874483516652232, 0.06952992911485041], [0.2032214464942615, 0.3090625495158026, 0.3414802164231139, 0.14623578756682204], [0.020323454360987103, 0.3212580932867764, 0.28113690789176393, 0.3772815444604725], [0.048436877293463555, 0.12665193269074573, 0.16941050360758345, 0.6555006864082072], [0.06942122313864262, 0.07563139352760127, 0.043463284063686734, 0.8114840992700694], [0.04084102002370751, 0.04384013625684082, 0.542027558138181, 0.3732912855812706], [0.017150423872879874, 0.2685066879249361, 0.3073847636553212, 0.40695812454686286], [0.05156508395926503, 0.172275103609247, 0.23631685467991156, 0.5398429577515764], [0.0022125706223535286, 0.20142303161741548, 0.7799082203880687, 0.016456177372162248], [0.02132589539392367, 0.10987394921145693, 0.8061315801751971, 0.06266857521942223], [0.0032044188028842752, 0.0445700857450509, 0.29216234539535885, 0.660063150056706], [0.08240349073290242, 0.08483656629990276, 0.13706082651975815, 0.6956991164474366], [0.00900556276031852, 0.23122019485606254, 0.19921366359421547, 0.5605605787894035], [0.01512622762384, 0.6052853708723624, 0.026969537101749153, 0.3526188644020484], [0.010997399987964765, 0.060003646455440235, 0.34977902340263767, 0.5792199301539573], [0.02125858406728341, 0.13053008728028115, 0.6716959194621864, 0.17651540919024888], [0.19400486632110492, 0.1143974352156763, 0.01622656285924023, 0.6753711356039785], [0.0012683476969388013, 0.19180926579693863, 0.7580867024479718, 0.04883568405815078], [0.00439869485596123, 0.6444412904585343, 0.27280476653235863, 0.07835524815314596], [0.00121874516821458, 0.008652797957346275, 0.9401994226763595, 0.04992903419807969], [0.0030938303546263262, 0.12612379224879017, 0.45550620062008323, 0.41527617677650025], [0.022833595440477698, 0.02307451238021991, 0.0027407005882362253, 0.9513511915910662], [0.006558547211364339, 0.015684299393834734, 0.012679189362442346, 0.9650779640323586], [0.015158955182197927, 0.14082930492970164, 0.2207827774189716, 0.6232289624691288], [0.05329944088786641, 0.09898349115353769, 0.790406796912958, 0.05731027104563776], [0.16420563735036497, 0.17643249710610567, 0.024775253127309358, 0.6345866124162199], [0.006001871605003294, 0.02937291867183302, 0.6490701438437897, 0.31555506587937415], [0.0182260880896216, 0.09897461415566583, 0.05248215838680477, 0.8303171393679077], [0.04742319330024903, 0.615861973768228, 0.06250084163884723, 0.27421399129267565], [0.013347791585911165, 0.5043287445795435, 0.09113122979338786, 0.3911922340411576], [0.13576400314978324, 0.23618402868293273, 0.2845725359251028, 0.3434794322421813], [0.020220461878994903, 0.707535466497955, 0.09046625663855085, 0.1817778149844993], [0.00284116153323277, 0.03838595383983315, 0.01221083788087633, 0.9465620467460577], [0.20075302791134095, 0.013121917259925411, 0.01399580270905063, 0.7721292521196831], [0.006939807778935499, 0.11830189283269738, 0.717338421154779, 0.15741987823358827], [0.22701457602226816, 0.14883800152028745, 0.11059954674134703, 0.5135478757160975], [0.01582259855254412, 0.38985146166947254, 0.18880234812679067, 0.4055235916511926], [0.021606444610367804, 0.12857737323957674, 0.10325024733594798, 0.7465659348141075], [0.07677993382228128, 0.12599175774272503, 0.43082183443546784, 0.3664064739995258], [0.23578116710718738, 0.5545736510719175, 0.16522490706952997, 0.044420274751365216], [0.007687106878031619, 0.7094827962461072, 0.2674371843669689, 0.015392912508892237], [0.08088233003313121, 0.21296093231587057, 0.4823649697306193, 0.22379176792037883], [0.007441744793641293, 0.017674241233795587, 0.06358838616634313, 0.91129562780622], [0.23730334575429612, 0.46071394005175914, 0.011844009321143566, 0.290138704872801], [0.01828336965106128, 0.14770152618703675, 0.14219471301931164, 0.6918203911425904], [0.008704767409846216, 0.18015986306039888, 0.6431682777494098, 0.16796709178034513], [0.011984536028766936, 0.7966618552108256, 0.012136944920414987, 0.17921666383999255], [0.006994223785825227, 0.014873598755888198, 0.07388608482237247, 0.904246092635914], [0.0015149186835917454, 0.10335765188709271, 0.31112061094474114, 0.5840068184845744], [0.0026936253475621967, 0.3436991678928532, 0.005791094311230227, 0.6478161124483544], [0.015659447680857096, 0.2953666283705297, 0.0667050124084538, 0.6222689115401594], [0.0006392685718197538, 0.028980913272135703, 0.7098236105428315, 0.2605562076132131], [0.001098942873756649, 0.4494082649596402, 0.19415330670415515, 0.3553394854624479], [0.18770091869690145, 0.08483873288946676, 0.06359350632965668, 0.6638668420839752], [0.009212571227842008, 0.13247929809099096, 0.24443508539241326, 0.6138730452887539], [0.009628041307059434, 0.509815439372361, 0.42539152163962385, 0.05516499768095568], [0.08430542823361908, 0.23616633074275786, 0.27476172496971146, 0.40476651605391156], [0.09796768495118462, 0.7917657108633139, 0.09207593865349074, 0.01819066553201072], [0.022477177510476343, 0.008957075287806211, 0.20672132931663567, 0.7618444178850816], [0.03043536436627454, 0.24700155110294564, 0.025409508025948286, 0.6971535765048316], [0.012893814194516984, 0.1418091012584246, 0.3750432673104792, 0.4702538172365792], [0.3544500625283423, 0.41470889103072345, 0.12586624219387973, 0.10497480424705458], [0.010397896329475229, 0.1140138156407103, 0.16366906249510285, 0.7119192255347117], [0.016117129102419473, 0.24617050719692637, 0.4526856006264926, 0.2850267630741616], [0.03635279289485475, 0.08169792278161316, 0.031979714249025765, 0.8499695700745065], [0.18297234211317145, 0.5585926557666945, 0.03577894760784022, 0.22265605451229378], [0.0016905548504393376, 0.02041229678086505, 0.13484837280633116, 0.8430487755623645], [0.030115078719669078, 0.34630832871250905, 0.6038177095147214, 0.019758883053100564], [0.00836740315990462, 0.20232788703731805, 0.1382236760551133, 0.651081033747664], [0.000905223933790428, 0.7367164632418454, 0.04054268483273545, 0.22183562799162862], [0.013734705367452993, 0.2260951562755523, 0.43058695207402403, 0.32958318628297056], [0.015369110656924154, 0.796527586861756, 0.1248536499550393, 0.06324965252628069], [0.13105746557606213, 0.03487231013889554, 0.0383220588544517, 0.7957481654305907], [0.028761212030875477, 0.024193111347865164, 0.006885767519303334, 0.940159909101956], [0.043179675995092474, 0.08266430157664562, 0.05215698646619883, 0.8219990359620631], [0.19733023129020796, 0.09125385863619942, 0.06286470702959267, 0.6485512030439999], [0.04232088123222477, 0.23419172511597305, 0.5282655905189573, 0.19522180313284493], [0.11955210778650215, 0.3743961462714475, 0.18011289872587755, 0.3259388472161726], [0.4115284980014342, 0.36523265515258474, 0.09194379513803497, 0.1312950517079461], [0.03849651139897779, 0.41630815912514285, 0.10022977006662868, 0.44496555940925075], [0.1539101078914602, 0.40741151988615304, 0.02665641697831996, 0.41202195524406676], [0.020372475916133472, 0.0747490783508415, 0.5535572266890078, 0.3513212190440172], [0.008154449553068368, 0.4863116639413346, 0.062385932216659654, 0.44314795428893733], [0.03264792715319176, 0.2893604097522241, 0.3619930030960104, 0.31599865999857374], [0.0014338499637895534, 0.06552979089781502, 0.05581880198963512, 0.8772175571487604], [0.0001375133666827906, 0.019459667375853296, 0.021055199272425, 0.959347619985039], [0.01058757785109469, 0.3770705796419341, 0.08084699717297199, 0.5314948453339993], [0.6738142483415939, 0.19658120845607643, 0.10115451714328799, 0.028450026059041806], [0.06874288527457906, 0.06587737838707144, 0.19988717877963738, 0.6654925575587122], [0.3067599129876981, 0.26227460678278197, 0.33920788044938555, 0.09175759978013427], [0.06608183496951596, 0.5573004505473397, 0.2615777677812402, 0.11503994670190415], [0.002156992286566898, 0.021177990817578943, 0.2231092206398895, 0.7535557962559647], [0.19344074833095423, 0.41555767692627693, 0.35878292048467686, 0.032218654258091894], [0.0030832236479220957, 0.06761755169075043, 0.0263918661253108, 0.9029073585360166], [0.022268942970021938, 0.06992618836850018, 0.7469123977454458, 0.16089247091603215], [0.0014981066280656003, 0.030420093292905324, 0.13508678531600152, 0.8329950147630275], [0.2367558331850947, 0.41106739582411694, 0.04872216430197516, 0.3034546066888132], [0.02310433110354288, 0.3951033914473038, 0.08404137017193325, 0.4977509072772201], [0.04303358344578425, 0.05145696279654768, 0.07014172465045022, 0.8353677291072179], [0.013166887661348, 0.04966902789437384, 0.015954432438392556, 0.9212096520058857], [0.06861704440585319, 0.7864385860270019, 0.024298171229945317, 0.12064619833719947], [0.006446116749607014, 0.51640323647986, 0.07653074069525137, 0.4006199060752816], [0.012167735870397491, 0.20065881852653264, 0.018398105884994152, 0.7687753397180758], [0.10573481571750697, 0.03468240884835645, 0.03257663608137125, 0.8270061393527653], [0.01138997137882476, 0.0035686298946226193, 0.07177147951555195, 0.9132699192110008], [0.04367836039592295, 0.5303989697545028, 0.07036287813793773, 0.35555979171163643], [0.042340604537213465, 0.15149348597178358, 0.13551977973650908, 0.6706461297544939], [0.2927964638970431, 0.2876794449127441, 0.043635799525630396, 0.37588829166458226], [0.008617997263341413, 0.03823267431872691, 0.6040409583008303, 0.34910837011710144], [0.008948722191641063, 0.0050901045933265925, 0.18694062890424287, 0.7990205443107894], [0.0007352790699834909, 0.0010870297447177655, 0.019549668965769852, 0.9786280222195289], [0.0977007258747442, 0.2973857119969585, 0.018409883454262903, 0.5865036786740345], [0.02425701835004329, 0.014960059887210287, 0.028516237722565063, 0.9322666840401813], [0.29917403796865333, 0.157110716439023, 0.03010677359129396, 0.5136084720010297], [0.024980509769128398, 0.19507024582594687, 0.43253349330056745, 0.3474157511043572], [0.011745834972626946, 0.26285563999894834, 0.13309964668186003, 0.5922988783465647], [0.5105190895205491, 0.1292051615962615, 0.03548477143960646, 0.3247909774435828], [0.017348467629254103, 0.14435101441587972, 0.010800241112006167, 0.82750027684286], [0.37988482631909887, 0.011921710905123058, 0.06595886792495238, 0.5422345948508258], [0.021645138397140946, 0.0059697280616351055, 0.012228894781730322, 0.9601562387594936], [0.005485111411151115, 0.26817194109719644, 0.1538518640422051, 0.5724910834494473], [0.020324029517605733, 0.09887059461489384, 0.037400654460663714, 0.8434047214068368], [0.004264493337577484, 0.07102179218641286, 0.23002616882805402, 0.6946875456479557], [0.03205385981208917, 0.8858744116408319, 0.0497556525201548, 0.03231607602692421], [0.05820782786074148, 0.7655080073337814, 0.06012438806416476, 0.1161597767413123], [0.08229308963083563, 0.6494066021590624, 0.09637357399405273, 0.17192673421604918], [0.015124018892861697, 0.04683899096491337, 0.7035076679267166, 0.23452932221550846], [0.21361492373706703, 0.20923481303240796, 0.19248070015059696, 0.38466956307992806], [0.11706936834451101, 0.0238391568356695, 0.025878173318482415, 0.833213301501337], [0.008865183700336886, 0.2868409469671104, 0.0947112884958676, 0.6095825808366852], [0.014675925424196552, 0.017056521903127675, 0.021137018047500362, 0.9471305346251754], [0.0009786846130399344, 0.08681644490318331, 0.331784472868142, 0.5804203976156348], [0.06191006589158012, 0.1084112377727964, 0.08661921272446904, 0.7430594836111544], [0.04100208551479588, 0.14542045803992318, 0.36673521624916144, 0.4468422401961196], [0.036738476883864495, 0.1874015624093538, 0.06286411486476289, 0.7129958458420189], [0.025472807761026697, 0.03584956698356449, 0.18637833959999112, 0.7522992856554177], [0.021647281014940574, 0.0913780677417145, 0.5858711569153049, 0.30110349432804], [0.010951608745445523, 0.3089582442981344, 0.1616819994798794, 0.5184081474765406], [0.08460892322687044, 0.2842880232514051, 0.09586425503693481, 0.5352387984847896], [0.1095432431347859, 0.20800683558593033, 0.40485457888876164, 0.2775953423905222], [0.034212555384130636, 0.02607822428975891, 0.013717639822275201, 0.9259915805038352], [0.0008837877619384816, 0.17223853993677457, 0.6124766826019034, 0.2144009896993836]]}}