{"test": {"ids": ["105118740", "108121160", "102110050", "112118701", "113122230", "112116880", "97113900", "107120260", "107113260", "109117431", "110114610", "112118530", "113122510", "97116401", "111121410", "99107950", "104113190", "105120280", "97107040", "101109000", "106119990", "105119950", "105116650", "111114171", "112120990", "98108150", "108116120", "104118070", "108121190", "110113591", "112121430", "109121640", "102108621", "108113620", "112117471", "110114651", "101111620", "105117351", "98106560", "102113350", "99108520", "111120260", "103113170", "110115710", "108113480", "99119830", "108115880", "99110050", "98109311", "107114950", "109118161", "112119930", "113118231", "113122430", "98113881", "113120070", "103111930", "110115120", "106115250", "110120560", "98110680", "97106970", "110118111", "102116500", "98108580", "111114941", "101113210", "111115400", "109115211", "97105960", "111116290", "98120530", "97116410", "104109311", "103118110", "108117610", "98109090", "111120640", "102113981", "110118161", "104114740", "99108580", "107113130", "97114170", "106120290", "109113881", "111116750", "108117451", "112119980", "98108970", "112118880", "103113270", "110120190", "103111830", "113120260", "97110950", "104117630", "109121351", "113119700", "101119030", "112120540", "113122320", "112118581", "105115250", "99107630", "101108290", "104114410", "107117630", "99109141", "108119330", "107114110", "104114240", "111119150", "104117200", "103112641", "107114280", "112116540", "107117010", "111120320", "113118820", "113118630", "113117550", "100109311", "109121410", "102117351", "108113740", "108117360", "112117660", "107121640", "99111620", "103120340", "110118880", "100111390", "100109330", "110116501", "99111340", "109120621", "104116980", "105115380", "101111990", "112116451", "101108950"], "labels": [1, 2, 3, 0, 1, 0, 2, 1, 0, 1, 1, 1, 2, 3, 0, 1, 3, 3, 2, 1, 0, 3, 1, 3, 2, 0, 1, 2, 1, 0, 2, 0, 3, 3, 3, 3, 3, 0, 1, 3, 2, 3, 3, 2, 0, 1, 3, 3, 1, 3, 0, 1, 3, 2, 3, 2, 3, 0, 2, 0, 2, 2, 1, 1, 0, 0, 3, 0, 0, 2, 2, 1, 3, 3, 2, 3, 1, 0, 1, 0, 2, 0, 1, 2, 2, 0, 3, 2, 0, 3, 1, 2, 3, 3, 3, 3, 0, 0, 0, 3, 3, 1, 1, 2, 2, 0, 1, 0, 3, 0, 1, 0, 3, 3, 3, 3, 1, 1, 1, 0, 3, 3, 1, 0, 1, 3, 1, 0, 1, 3, 1, 0, 2, 0, 3, 1, 1, 1, 1, 2, 0, 2], "predicted_labels": [2, 3, 2, 3, 2, 1, 1, 1, 3, 0, 0, 3, 3, 1, 1, 2, 1, 1, 2, 3, 0, 2, 2, 3, 2, 0, 0, 3, 3, 0, 2, 1, 3, 1, 0, 3, 0, 0, 2, 1, 2, 0, 0, 1, 1, 2, 3, 1, 1, 0, 1, 3, 1, 1, 1, 1, 2, 0, 1, 2, 1, 3, 3, 1, 3, 1, 3, 1, 3, 2, 1, 1, 3, 0, 1, 3, 3, 1, 1, 0, 3, 0, 2, 3, 1, 0, 0, 3, 1, 2, 0, 2, 3, 3, 0, 0, 1, 3, 1, 3, 1, 3, 1, 1, 3, 1, 2, 0, 0, 3, 3, 0, 1, 1, 0, 1, 1, 3, 3, 1, 1, 3, 0, 1, 1, 3, 2, 0, 1, 1, 1, 3, 3, 1, 1, 2, 3, 3, 3, 0, 0, 3], "confidence_scores": [[0.012152989363458926, 0.27823014353375874, 0.6299103870749708, 0.07970648002781153], [0.009078849373318008, 0.06395724385391334, 0.0064245726622232215, 0.9205393341105453], [0.14258027819023938, 0.019800571800815576, 0.8122654654758084, 0.02535368453313671], [0.2127899232763236, 0.10769642291247539, 0.003913563851028164, 0.6756000899601728], [0.0031317917160312157, 0.06056375451669854, 0.9288679688175696, 0.007436484949700671], [0.20767244102855423, 0.6790490328656885, 0.08470534271882636, 0.02857318338693075], [0.37758380561530636, 0.556322204866581, 0.06204357055032833, 0.004050418967784269], [0.2370611614374744, 0.35757309717370495, 0.0639379619559847, 0.341427779432836], [0.06474180577702096, 0.17137071562703524, 0.21269098699048858, 0.5511964916054554], [0.7945393947632633, 0.1461724076005231, 0.0028691961640814954, 0.05641900147213195], [0.5803486980427336, 0.10214113447585148, 0.23272026606761512, 0.08478990141379987], [0.01048424900446594, 0.25581261101466357, 0.2656966066019959, 0.4680065333788747], [0.005508879942327621, 0.38169264721314117, 0.08198557737197605, 0.5308128954725552], [0.017150984972098885, 0.8262718829692264, 0.11358097221161392, 0.04299615984706069], [0.07812818651584759, 0.9061314763709134, 0.003569351302582473, 0.012170985810656523], [0.030550615385718384, 0.4717038631368984, 0.4866057568002549, 0.011139764677128506], [0.0025132555666278647, 0.8853221614279315, 0.021421247343311876, 0.09074333566212874], [0.028020043845299845, 0.8146514812523047, 0.013349948941733237, 0.14397852596066216], [0.0193153458159098, 0.12606286840243713, 0.8421804617802041, 0.012441324001448963], [0.0057307514551608344, 0.03823258613381524, 0.003948807799264296, 0.9520878546117596], [0.5692003664362851, 0.02748235292970741, 0.33456544702391566, 0.06875183361009184], [0.1595224450854801, 0.15627895213216458, 0.5875938265563055, 0.09660477622604972], [0.003163809050357005, 0.24104732697380724, 0.7536867348565569, 0.002102129119278914], [0.3462220965065388, 0.17549289121068493, 0.06808281596938087, 0.41020219631339533], [0.022954563213916982, 0.2021850660073023, 0.7346882021183019, 0.04017216866047867], [0.48484402319079045, 0.02976115730676149, 0.467883734983988, 0.017511084518460042], [0.6072043500997424, 0.029353303155250976, 0.3290593639687708, 0.03438298277623586], [0.01487101949093593, 0.034660037252611534, 0.07336790796456948, 0.877101035291883], [0.0039721035589450416, 0.296902916750137, 0.11895637257531425, 0.5801686071156037], [0.9399527312582897, 0.03203144110334219, 0.009993372240200422, 0.01802245539816764], [0.022819695962634994, 0.06327459947259503, 0.7445589536516874, 0.16934675091308243], [0.3912511618309993, 0.526716138382224, 0.040745739998695234, 0.04128695978808149], [0.15052869436742453, 0.16319132759888325, 0.00028954091542048743, 0.6859904371182718], [0.33307458803018364, 0.520601648983264, 0.0013128480169886747, 0.1450109149695636], [0.5295162123700465, 0.1482465061857138, 0.16602429666468188, 0.15621298477955778], [0.1076357939026358, 0.20768148422189994, 0.14260170822027096, 0.5420810136551932], [0.9593627316042957, 0.030454914981286323, 0.008647939150112456, 0.00153441426430533], [0.4918089872726853, 0.3709914211138561, 0.017894963357159056, 0.11930462825629953], [0.01254756135344777, 0.1991500931500012, 0.6622349839206814, 0.12606736157586965], [0.050704377779491876, 0.6603745215831285, 0.25164383443814786, 0.03727726619923184], [0.004765711292585978, 0.06716855798961441, 0.9260221420988037, 0.002043588618995957], [0.7495550821849992, 0.08286142195829722, 0.002009931309223136, 0.16557356454748035], [0.5713831286683405, 0.12208334631771103, 0.29766273471856136, 0.008870790295387065], [0.0658507219467084, 0.5062307309310077, 0.072651360411618, 0.3552671867106659], [0.031399378976683816, 0.6809408062034444, 0.010486261583678769, 0.27717355323619297], [0.18216536850645387, 0.056163183549373254, 0.7142593168500382, 0.04741213109413484], [0.008465976266605774, 0.0009073985849916378, 0.00036261339655164175, 0.9902640117518511], [0.20271438285876286, 0.7167565036454582, 0.007604231529002692, 0.07292488196677623], [0.14411326095019997, 0.6901313154824406, 0.0066183015604590785, 0.1591371220069004], [0.4104280441205249, 0.18179165978798867, 0.020588066940346227, 0.3871922291511402], [0.07884256276275839, 0.8362991041801994, 0.013357456856743137, 0.07150087620029902], [0.12113240029943458, 0.019987744284919638, 0.42094081228094216, 0.43793904313470366], [0.015254646137633892, 0.844351442507551, 0.0827463299124967, 0.05764758144231831], [0.008789380262169823, 0.5556011554219202, 0.020333440460585644, 0.41527602385532425], [0.14650448745222985, 0.7101332341273106, 0.12930585648974469, 0.014056421930714696], [0.002298803304762609, 0.9857350517094412, 0.005292771509081875, 0.006673373476714335], [0.09136763052023615, 0.4219182086292887, 0.47500058538931944, 0.011713575461155628], [0.47194756482831096, 0.2003850682063206, 0.04448552708962007, 0.28318183987574835], [0.08186346490381326, 0.8542267639857745, 0.0378241032537257, 0.02608566785668658], [0.035167381494548774, 0.08290816582843792, 0.7205427825684838, 0.16138167010852952], [0.007206688639423307, 0.8661579557392376, 0.12528462141448557, 0.0013507342068535461], [0.0016068559875806042, 0.07119047286283102, 0.33506449254442383, 0.5921381786051645], [0.23114720678690015, 0.04728745255780767, 0.25816625782667996, 0.4633990828286123], [0.2204156801665066, 0.5709412426703145, 0.20490319366939147, 0.003739883493787371], [0.30413231153481274, 0.12301036014952209, 0.21646531781127848, 0.3563920105043866], [0.009316702726880526, 0.8299498306292304, 0.008586696409591128, 0.15214677023429782], [0.06398788673735446, 0.13154203441735654, 0.20275262237148006, 0.6017174564738089], [0.18548916495078657, 0.6633620129829199, 0.01584681852280996, 0.13530200354348348], [0.06970515391972076, 0.07107713248316835, 0.006701489826859292, 0.8525162237702516], [0.3845077559346049, 0.06727485548714719, 0.4343040586077284, 0.11391332997051967], [0.04820129105228056, 0.5238689011724071, 0.2794505090426521, 0.14847929873266016], [0.051818635390603406, 0.7249769167021939, 0.00801299353525451, 0.2151914543719482], [0.14140686358810922, 0.19480827961747796, 0.26620541005745624, 0.39757944673695667], [0.7056168407114697, 0.008944318774989668, 0.020999458631090373, 0.2644393818824502], [0.043939885436793384, 0.6401904637947397, 0.2424653395247857, 0.07340431124368124], [0.0003683326880190863, 0.00880741703050516, 0.0024630203953002455, 0.9883612298861756], [0.31614033906920996, 0.013362105489202754, 0.05127535416723861, 0.6192222012743487], [0.10648622542216302, 0.6075080099915733, 0.19909852375348142, 0.08690724083278235], [0.3264581463076758, 0.4830210061319248, 0.0052169437586808, 0.18530390380171868], [0.37457622492246095, 0.3419809888397046, 0.00547961899597613, 0.2779631672418582], [0.001687702376463044, 0.03415131765395658, 0.1931906986928169, 0.7709702812767635], [0.8209311836838143, 0.1170071667595439, 0.060512624882903675, 0.0015490246737380746], [0.023579592097365355, 0.0861138314006373, 0.8415380701957569, 0.04876850630624036], [0.0067421335713136405, 0.045409343633947635, 0.26852036366778675, 0.679328159126952], [0.00017683373370412647, 0.9925825340457921, 0.004399092869014505, 0.0028415393514890958], [0.7996892404049816, 0.016838392623205512, 0.1799872298249725, 0.003485137146840357], [0.8870416343069698, 0.0003411058555279508, 0.020025035016424237, 0.09259222482107814], [0.06779654784094692, 0.07430147045437516, 0.0187773632280461, 0.8391246184766319], [0.18637945562394717, 0.5649801435140299, 0.023922512160994083, 0.224717888701029], [0.015457511178506186, 0.37884727679769264, 0.5658477439024441, 0.03984746812135711], [0.44423064324889877, 0.057773424959704375, 0.1436581251854675, 0.35433780660592934], [0.03826758965648269, 0.0677770187579006, 0.5213781750551677, 0.372577216530449], [0.0006277426703041935, 0.135470702307336, 0.003988784446806762, 0.8599127705755532], [0.00983907945979761, 0.038576476406743686, 0.30227543569785637, 0.6493090084356024], [0.5425476818723884, 0.05490296072187404, 0.018729761020065697, 0.38381959638567187], [0.9459849073875608, 0.005909399054030809, 0.01975751826942566, 0.028348175288982726], [0.004232013923192168, 0.7727303855585175, 0.12654491641824217, 0.09649268410004827], [0.40747809221436243, 0.09144490905979027, 0.09146851174090351, 0.4096084869849438], [0.32335566069264987, 0.5889350135180434, 0.04855742504116092, 0.039151900748145806], [0.03551256360498686, 0.012551231353322667, 0.03845123610689698, 0.9134849689347935], [0.00679438001205658, 0.9854595989091982, 0.00624012761809775, 0.0015058934606472945], [0.005829214933187995, 0.10828280963379386, 0.3636775982841954, 0.5222103771488228], [0.049850011968734995, 0.6778822807010684, 0.019301909153560393, 0.2529657981766364], [0.2525027797565399, 0.5004186828450169, 0.023361294464492744, 0.22371724293395043], [0.021519312892873312, 0.05840785450332976, 0.026252757643998183, 0.8938200749597988], [0.01781631574028639, 0.9706553375870002, 0.0011721701185038683, 0.010356176554209506], [0.017024099320378048, 0.1539353206945, 0.4631334336451185, 0.36590714634000343], [0.9289823411232171, 0.011556294925616202, 0.04704837946540681, 0.012412984485760009], [0.9505358189716376, 0.02684710049713658, 0.0031900707939270133, 0.01942700973729852], [0.03279000950723016, 0.013460160343723682, 0.05462878700600048, 0.8991210431430458], [0.21222389795605323, 0.22605727802270864, 0.06050612611841204, 0.5012126979028261], [0.9309576005623879, 0.008571125155400193, 0.027205590150341803, 0.03326568413186996], [0.08824888101761284, 0.8454289621356057, 0.01603733061381955, 0.050284826232961995], [0.023803350322893168, 0.693366973800076, 0.20840058027917352, 0.07442909559785728], [0.8120234182881194, 0.014892217752860861, 0.018275740306005126, 0.1548086236530145], [0.09931107897899889, 0.44522010057722883, 0.3169214747110242, 0.13854734573274818], [0.001203134608354885, 0.9460225278244015, 0.02533728167860987, 0.027437055888633773], [0.028265354510323346, 0.1372410854470411, 0.21239728840642547, 0.6220962716362102], [0.09762321447734636, 0.05735716840993781, 0.01719283634370398, 0.8278267807690118], [0.2401656217755369, 0.7452555899844082, 0.0019108309831489664, 0.012667957256905987], [0.0008521370744457646, 0.9869432785573767, 0.005609258490081037, 0.0065953258780964644], [0.22986318043108628, 0.03264097761779797, 0.008916652329386723, 0.728579189621729], [0.5283115308835695, 0.28448058881239513, 0.15870072686806308, 0.028507153435972345], [0.004592953820635353, 0.8963068053936514, 0.0034700170401150408, 0.09563022374559836], [0.042174180331048874, 0.8516674963060376, 0.0038191294316933235, 0.10233919393122037], [0.3587724135014783, 0.02578628547245372, 0.05304498696909831, 0.5623963140569697], [0.36029804000362164, 0.08706068622498239, 0.3701392478824747, 0.1825020258889213], [0.48922030393754923, 0.09848437197244381, 0.01663953298918848, 0.39565579110081844], [0.01853908093825459, 0.4952204014607253, 0.18458230546922627, 0.30165821213179383], [0.2097786746917297, 0.7519733339059163, 0.03744430281671757, 0.0008036885856362541], [0.05874185415847551, 0.5870127709984929, 0.17962218327376805, 0.17462319156926354], [0.028146492743132155, 0.00496182383551484, 0.0003990400655952547, 0.9664926433557577], [0.30494249328311407, 0.08200090500929161, 0.30616296294325196, 0.30689363876434234], [0.33148782021229034, 0.48350512150531266, 0.12268180879679424, 0.0623252494856029], [0.0013822637374790818, 0.9623546319254319, 0.004908673466583644, 0.03135443087050545], [0.007932663670427637, 0.20878719564996256, 0.773132269425455, 0.010147871254154832], [0.0022564361031487323, 0.0691063172137736, 0.0006449339987587067, 0.927992312684319], [6.337136357625361e-06, 0.014992680770076455, 0.016240609196387167, 0.9687603728971788], [0.0020289333426202903, 0.20217549554809058, 0.38048002478420667, 0.4153155463250824], [0.470616474380438, 0.013893320801086398, 0.24520713216741843, 0.2702830726510572], [0.92015859437386, 0.005079590146001737, 0.001372500108217201, 0.07338931537192099], [0.022702405000256717, 0.016057513965217343, 0.04904711371867404, 0.912192967315852]]}, "rewritten": {"ids": ["97105960", "97106970", "97107040", "97110950", "97113900", "97114170", "97116401", "97116410", "98106560", "98108150", "98108580", "98108970", "98109090", "98109311", "98110680", "98113881", "98120530", "99107630", "99107950", "99108520", "99108580", "99109141", "99110050", "99111340", "99111620", "99119830", "100109311", "100109330", "100111390", "101108290", "101108950", "101109000", "101111620", "101111990", "101113210", "101119030", "102108621", "102110050", "102113350", "102113981", "102116500", "102117351", "103111830", "103111930", "103112641", "103113170", "103113270", "103118110", "103120340", "104109311", "104113190", "104114240", "104114410", "104114740", "104116980", "104117200", "104117630", "104118070", "105115250", "105115380", "105116650", "105117351", "105118740", "105119950", "105120280", "106115250", "106119990", "106120290", "107113130", "107113260", "107114110", "107114280", "107114950", "107117010", "107117630", "107120260", "107121640", "108113480", "108113620", "108113740", "108115880", "108116120", "108117360", "108117451", "108117610", "108119330", "108121160", "108121190", "109113881", "109115211", "109117431", "109118161", "109120621", "109121351", "109121410", "109121640", "110113591", "110114610", "110114651", "110115120", "110115710", "110116501", "110118111", "110118161", "110118880", "110120190", "110120560", "111114171", "111114941", "111115400", "111116290", "111116750", "111119150", "111120260", "111120320", "111120640", "111121410", "112116451", "112116540", "112116880", "112117471", "112117660", "112118530", "112118581", "112118701", "112118880", "112119930", "112119980", "112120540", "112120990", "112121430", "113117550", "113118231", "113118630", "113118820", "113119700", "113120070", "113120260", "113122230", "113122320", "113122430", "113122510"], "labels": [2, 2, 2, 3, 2, 2, 3, 3, 1, 0, 0, 3, 1, 1, 2, 3, 1, 2, 1, 2, 0, 3, 3, 1, 3, 1, 1, 0, 2, 0, 2, 1, 3, 2, 3, 3, 3, 3, 3, 1, 1, 1, 3, 3, 3, 3, 2, 2, 1, 3, 3, 0, 1, 2, 1, 3, 0, 2, 2, 1, 1, 0, 1, 3, 3, 2, 0, 2, 1, 0, 1, 3, 3, 1, 0, 1, 1, 0, 3, 3, 3, 1, 1, 2, 3, 0, 2, 1, 0, 0, 1, 0, 1, 0, 0, 0, 0, 1, 3, 0, 2, 3, 1, 0, 0, 3, 0, 3, 0, 0, 2, 3, 3, 3, 1, 0, 0, 0, 1, 0, 3, 0, 1, 1, 0, 1, 1, 0, 3, 2, 2, 3, 3, 3, 0, 0, 2, 3, 1, 1, 2, 2], "predicted_labels": [3, 2, 2, 3, 1, 3, 1, 1, 2, 0, 0, 1, 0, 1, 1, 1, 3, 3, 2, 2, 0, 0, 1, 0, 1, 2, 0, 0, 0, 1, 3, 3, 0, 0, 0, 3, 1, 2, 1, 1, 0, 1, 2, 2, 0, 2, 3, 2, 1, 3, 1, 0, 2, 3, 3, 1, 1, 1, 1, 1, 1, 1, 1, 1, 0, 1, 2, 1, 2, 1, 0, 1, 0, 3, 0, 0, 2, 1, 0, 0, 3, 0, 2, 3, 3, 3, 3, 1, 0, 3, 0, 0, 3, 0, 0, 0, 0, 1, 3, 1, 1, 1, 3, 0, 3, 3, 2, 0, 1, 1, 1, 0, 1, 0, 3, 1, 1, 0, 1, 1, 0, 0, 3, 1, 3, 3, 3, 1, 1, 1, 1, 3, 2, 1, 0, 1, 1, 3, 1, 3, 1, 1], "confidence_scores": [[0.061419107973097, 0.004513794523418462, 0.1911355826894151, 0.7429315148140695], [0.0011885680094475264, 0.050005227363949786, 0.4754924986256728, 0.47331370600092987], [0.02851961652643888, 0.06060325959407501, 0.8805088315385494, 0.030368292340936593], [0.3343922663737988, 0.005001385750164199, 0.04656561598882961, 0.6140407318872074], [0.3548834959931191, 0.6144655201983089, 0.016306127496166764, 0.014344856312405351], [0.01245480409070893, 0.03269799689469352, 0.0972695141296414, 0.8575776848849561], [0.017344048026782424, 0.7294631088812181, 0.2014757620276033, 0.05171708106439606], [0.08308476281124447, 0.5180342479842072, 0.12927523322735635, 0.2696057559771921], [0.020391220742854925, 0.15912188284311315, 0.562834723201634, 0.2576521732123979], [0.7447735422068593, 0.03628235955947394, 0.20757024965884488, 0.011373848574822076], [0.6566857629574745, 0.04155346628944227, 0.1827177597446107, 0.11904301100847264], [0.020349379329033544, 0.7258343472910166, 0.12840621206025452, 0.12541006131969543], [0.7480003192088891, 0.0036058195436317855, 0.027082239380426257, 0.221311621867053], [0.2637508527789503, 0.40620933758825867, 0.004214573220998645, 0.3258252364117925], [0.009005406882774568, 0.9325573033080762, 0.057408593384019074, 0.001028696425130088], [0.36952441795585517, 0.4138982697881395, 0.1698172280166571, 0.04676008423934828], [0.1606008258468553, 0.02940155141200933, 0.009686305700906027, 0.8003113170402293], [0.00581454956539692, 0.08603977240747608, 0.04202127089787785, 0.8661244071292491], [0.02016937230116012, 0.23703936458699493, 0.7139700147736299, 0.028821248338214978], [0.009451966561637057, 0.027181058549996712, 0.9074501536427556, 0.05591682124561065], [0.7916202335202648, 0.1438584940960945, 0.06072934843573849, 0.0037919239479021756], [0.9901057769161677, 0.002277145033381185, 5.318195808694501e-05, 0.007563896092364241], [0.44461869731296905, 0.5406766434923461, 0.001821358295237702, 0.012883300899447161], [0.6854709758156093, 0.0972661707723179, 0.19621704351454824, 0.02104580989752445], [0.2630852736938835, 0.5974823106309177, 0.13903709206176812, 0.00039532361343057104], [0.018033841077909875, 0.026758094385476945, 0.876147173092636, 0.07906089144397702], [0.4720472748367504, 0.1083537127003611, 0.2901163398873543, 0.12948267257553417], [0.3041572450140949, 0.2984085471375324, 0.11644740137117046, 0.28098680647720214], [0.852385712799586, 0.03070621596548215, 0.07553470526225965, 0.04137336597267222], [0.01761819202670698, 0.9420758127456608, 0.0020828478265780175, 0.03822314740105405], [0.034532985400535385, 0.005248097460883028, 0.03697075511073878, 0.9232481620278428], [0.013287507618023345, 0.2159623363495173, 0.011897918102687617, 0.7588522379297717], [0.5754762183961486, 0.10447988311104213, 0.2998293415798681, 0.02021455691294114], [0.8003016324795006, 0.007471638702201573, 0.059263219532994627, 0.1329635092853032], [0.8665489846675352, 0.050652135472989766, 0.06107996112593661, 0.021718918733538598], [0.065688987806585, 0.0019535018400917556, 0.06948710511253324, 0.8628704052407902], [0.006169802349742162, 0.6971943652833911, 0.0001006546937927362, 0.2965351776730741], [0.1646319843204884, 0.18175794082016627, 0.6441838831315849, 0.009426191727760371], [0.08126289234957643, 0.9019248152186133, 0.012696409804703308, 0.004115882627107114], [0.3090955084798678, 0.3996996173463773, 0.004758611719717962, 0.2864462624540369], [0.8223094103284573, 0.019166225767854136, 0.15815781621432043, 0.00036654768936822965], [0.029290483238873774, 0.9078180334537773, 0.004674047615462518, 0.05821743569188628], [0.03990185599246515, 0.0729497983627124, 0.7277488893085359, 0.15939945633628652], [0.08785179205757025, 0.021641919463752515, 0.8874131908051119, 0.0030930976735654755], [0.6168306620242922, 0.10907573192432257, 0.0357409371792104, 0.23835266887217485], [0.21342712835508196, 0.15341812661001322, 0.6173200349615461, 0.015834710073358797], [0.15537568746362687, 0.03382647490048612, 0.3484493668143368, 0.4623484708215502], [0.1315473288730199, 0.18066878171752782, 0.6629617020246711, 0.024822187384781223], [0.06434597361560651, 0.7197017030058487, 0.039625107574670825, 0.17632721580387403], [0.15851869991274647, 0.008535425790041327, 0.017675226479800302, 0.8152706478174119], [0.005730720177745768, 0.9331822916523894, 0.036875688236424294, 0.024211299933440584], [0.8895549947196275, 0.06762822742594601, 0.012724384821726161, 0.030092393032700414], [0.0657698620969792, 0.24472805350219792, 0.4077479148420008, 0.2817541695588222], [0.008368595349877316, 0.02955059873018732, 0.138294010751437, 0.8237867951684984], [0.00013223792506985302, 0.3718947990040908, 0.05104576375620232, 0.5769271993146371], [0.03884807022980551, 0.7374180400573048, 0.01784409060555248, 0.2058897991073372], [0.008428712595740295, 0.8597980649375762, 0.051664904062756506, 0.08010831840392706], [0.02898262574301237, 0.4724338286657914, 0.1988478986341821, 0.29973564695701416], [0.1125408852306126, 0.7416820076100541, 0.010189290161977334, 0.1355878169973558], [0.004302101893505086, 0.4666417008436265, 0.42604543775505993, 0.10301075950780854], [0.07339887535383961, 0.5050965176688463, 0.3171259288393275, 0.1043786781379865], [0.236612259176681, 0.5150793440564362, 0.011691402872185999, 0.2366169938946968], [0.02017861513724632, 0.6218034049498332, 0.30129595282151445, 0.05672202709140597], [0.18304275698888783, 0.49025695856699014, 0.2405414389689464, 0.08615884547517563], [0.7832994179760329, 0.17987615611034455, 0.02454326887323121, 0.012281157040391288], [0.030837635501916056, 0.9247321379171843, 0.026359565875992176, 0.01807066070490743], [0.31469380759506616, 0.08696652206722527, 0.45804938843635806, 0.14029028190135048], [0.0012939955813268105, 0.9682733103806412, 0.004631703463500059, 0.025800990574532015], [0.06322074058582339, 0.04011896258372521, 0.8137159531630949, 0.08294434366735655], [0.07598791131956567, 0.40490544477060586, 0.12731274528545394, 0.3917938986243745], [0.4352067739012217, 0.2544022324168812, 0.03726160658649966, 0.27312938709539736], [0.015344841400901931, 0.5534575047184055, 0.25970872699430203, 0.1714889268863905], [0.8883481886810508, 0.008246874310992795, 0.0014608682199192871, 0.10194406878803698], [0.08568983027268023, 0.1614143634085687, 0.1552216824807299, 0.5976741238380211], [0.950146905262826, 0.009525188838238484, 0.033236291307579345, 0.0070916145913560566], [0.7994968280341277, 0.012648400780152514, 0.016196923731774386, 0.17165784745394544], [0.06858153861473554, 0.047352688661205726, 0.7869198094671631, 0.09714596325689577], [0.002275592676346486, 0.9303859401439561, 0.0041379701180753806, 0.063200497061622], [0.6295989879641397, 0.28547337036155296, 0.0010849819076856808, 0.08384265976662168], [0.4386317615862113, 0.13908042219965605, 0.05775168255018261, 0.36453613366395016], [0.2655330720724256, 0.08263211877529408, 0.0062982082809114985, 0.6455366008713689], [0.5367486432544708, 0.01984064255516078, 0.39346697451259943, 0.04994373967776898], [0.42084458307681016, 0.09199373347638443, 0.446888494189951, 0.04027318925685432], [0.0014495823191644237, 0.014322107633986648, 0.002162523340611209, 0.9820657867062378], [9.881064031939225e-05, 0.04074662132237205, 0.0014786200394775275, 0.9576759479978311], [0.05641675053770318, 0.09808368034354903, 0.057824224195971205, 0.7876753449227766], [0.015077316751769959, 0.3097564721285752, 0.03614374543531625, 0.6390224656843386], [0.012971879512517387, 0.4576431477271092, 0.19796680798903107, 0.33141816477134245], [0.6241793681097297, 0.15019609369648357, 0.21197101187258763, 0.013653526321199108], [0.1823793156563504, 0.10096549706678759, 0.002212364256184364, 0.7144428230206777], [0.603220025314457, 0.26843636210559785, 0.022846015114142602, 0.10549759746580264], [0.945327490496981, 0.04345528605794338, 0.007912935390373852, 0.0033042880547019086], [0.0030347679063685126, 0.012042468603776954, 0.023337848167070914, 0.9615849153227837], [0.9763631974445677, 0.005638090059012258, 0.003655967893282763, 0.014342744603137073], [0.6812111708691556, 0.11887960755526393, 0.010557143485563626, 0.1893520780900168], [0.7054160648265441, 0.1997380224511783, 0.07597538181056744, 0.01887053091171019], [0.9841027494532729, 0.00522035682559939, 0.008583928943950124, 0.0020929647771777064], [0.17002712216989144, 0.4413432439093148, 0.35815579601710695, 0.030473837903686775], [0.014350883485849486, 0.07551212821214442, 0.045900699838819524, 0.8642362884631866], [0.3936888065368054, 0.5810542484873146, 0.00938700637231449, 0.0158699386035657], [0.07505297820140475, 0.4525370089350648, 0.09968066535835038, 0.37272934750518], [0.004533164692550017, 0.8841607990509304, 0.04161369110175853, 0.06969234515476105], [0.30786280328460525, 0.0713228043609903, 0.01405218317049924, 0.6067622091839052], [0.8361862675623599, 0.15953820600427188, 8.999978353658241e-05, 0.004185526649831694], [0.05828285622898414, 0.00399251022642148, 0.0009990904361739136, 0.9367255431084204], [0.0020696296521483843, 0.3641136448636551, 0.02026016658842304, 0.6135565588957733], [0.2387751120364221, 0.040961030680422617, 0.49761335048936883, 0.22265050679378634], [0.9562643371902162, 0.006309580680339855, 0.00013466966812171116, 0.037291412461322136], [0.07598401044687689, 0.7868006074020784, 0.03348989468952363, 0.10372548746152103], [0.16966732176949292, 0.6327602302281127, 0.014127471946362003, 0.1834449760560324], [0.006882212540797974, 0.9491645763079596, 0.025391955723208903, 0.018561255428033538], [0.9265500837431864, 0.0019007584374533045, 0.017831166091835406, 0.053717991727524936], [0.07615204216555109, 0.8567706002488992, 0.018659265407447514, 0.048418092178102355], [0.5925539145719544, 0.16932904470615887, 0.0068228389443195075, 0.2312942017775672], [0.11737980303188279, 0.34454175798130987, 0.018948962595087687, 0.5191294763917197], [0.0320866360754802, 0.5873538390819911, 0.29210148479740117, 0.0884580400451275], [0.06513110165908445, 0.603186459996216, 0.006213900460093437, 0.32546853788460606], [0.9657027494169446, 0.01730180069912042, 0.008578389699635747, 0.008417060184299162], [0.00019810241730539225, 0.9935612811675066, 0.005539279520894652, 0.0007013368942933606], [0.032159113436075665, 0.9142783305347981, 0.038565861864054696, 0.014996694165071338], [0.9887870162420739, 0.006316947640576866, 0.00027159507000835335, 0.004624441047340843], [0.8784873483295872, 0.09232369271719171, 0.006851838729065683, 0.022337120224155273], [0.013941244922969232, 0.22869394377107682, 0.11787266803879988, 0.639492143267154], [0.15692936434205967, 0.7327028615472557, 0.006279587062858885, 0.10408818704782569], [0.25031940895441596, 0.0591653760360368, 0.0017253683931747613, 0.6887898466163724], [0.13706497411503094, 0.03585728678404432, 0.01700109909805716, 0.8100766400028676], [0.09355059272177949, 0.006153304337143888, 0.43604772238654016, 0.4642483805545365], [0.24648199463867332, 0.4608995049006381, 0.06072313886295586, 0.2318953615977326], [0.0932537906196542, 0.852934709402439, 0.029974251210969628, 0.02383724876693715], [0.006436682826834607, 0.5536682076844218, 0.40881424772502517, 0.031080861763718284], [0.0012801578779536226, 0.7946806212619301, 0.16149441607798762, 0.042544804782128826], [0.011058372548681163, 0.0007036815472822136, 0.0012225649844456823, 0.987015380919591], [0.029149557977292358, 0.2580704327330938, 0.5010076494898614, 0.2117723597997524], [0.0029952620280744575, 0.7723905000562599, 0.15076542936053874, 0.073848808555127], [0.8316992713193204, 0.16241921398220946, 0.0022004536152833995, 0.0036810610831866145], [0.20595829693381573, 0.7562580429917178, 0.013597864089547062, 0.024185795984919423], [0.02233111827593685, 0.765458265626604, 0.1186732363777179, 0.09353737971974116], [0.2224498628291903, 0.10247044002016051, 0.007859772488397934, 0.6672199246622511], [0.010073596013306645, 0.653608559115542, 0.20900075044074232, 0.1273170944304088], [0.022515693248816034, 0.10021477839478149, 0.05283792515989036, 0.8244316031965122], [0.0021890763398323522, 0.7852894890556615, 0.008353840797081902, 0.20416759380742416], [2.2659834003346016e-06, 0.9931885399468093, 0.002484070955795449, 0.004325123113994945]]}}