{"test": {"ids": ["112119580", "112117571", "100113210", "111119250", "105110091", "110117200", "111119580", "104119340", "108113760", "109117600", "105121190", "109113881", "100109801", "109116750", "107114621", "112120700", "105115680", "110120640", "99107560", "113122170", "97106820", "108115250", "103113610", "113122180", "110121140", "99112641", "106121220", "112120630", "113121680", "101115190", "113117550", "113118690", "108114670", "105115900", "98110710", "108113480", "99112531", "101113210", "104113000", "110116300", "109119591", "107121640", "103113101", "108120060", "112117210", "112117580", "102107961", "101112540", "98106880", "106111321", "112117030", "105113480", "98108580", "101108080", "109115380", "105119950", "113121980", "106114011", "103111110", "100111620", "109117110", "111120531", "109117271", "109118820", "102112250", "109117630", "109120150", "106114321", "110118740", "112119450", "101114020", "112116900", "113122320", "105118171", "106112770", "111116170", "106113190", "113122150", "103110220", "99111620", "97105960", "102110050", "109114220", "98109230", "108121160", "110115120", "108117720", "113118630", "112118820", "103117200", "102116500", "98116940", "103118110", "105111990", "97105760", "111115780", "103120290", "112121010", "105116441", "104111780", "100115700", "110115140", "109113931", "112118860", "110114321", "104117200", "97105451", "112118890", "110117110", "98113881", "111116040", "110121450", "100112060", "110117500", "106117650", "105113210", "110115580", "113121410", "109115070", "112118421", "100108080", "101114990", "102113210", "110121500", "98111860", "100109890", "98108370", "109115211", "102113981", "111118820", "112118471", "99117740", "111121190", "109114030", "109117431", "112120640", "101111210", "107119130", "100117420", "100111270", "102110500", "98116090"], "labels": [3, 3, 0, 1, 0, 3, 3, 1, 1, 1, 2, 0, 0, 0, 0, 2, 2, 0, 1, 1, 1, 1, 2, 2, 3, 1, 1, 3, 1, 1, 3, 3, 3, 3, 2, 0, 3, 3, 1, 3, 0, 1, 3, 1, 1, 0, 3, 2, 0, 0, 2, 0, 0, 0, 3, 3, 2, 1, 3, 3, 1, 0, 0, 3, 0, 0, 2, 2, 3, 3, 3, 3, 1, 3, 1, 0, 0, 2, 2, 3, 2, 3, 3, 1, 2, 0, 1, 3, 0, 0, 1, 2, 2, 2, 0, 1, 2, 2, 1, 3, 1, 0, 1, 3, 1, 3, 0, 3, 0, 3, 0, 3, 2, 1, 1, 3, 1, 0, 0, 3, 0, 3, 3, 3, 0, 3, 1, 0, 1, 0, 1, 2, 1, 1, 1, 0, 2, 1, 2, 2, 3, 0], "predicted_labels": [2, 3, 3, 2, 3, 0, 0, 3, 0, 0, 3, 3, 3, 0, 1, 2, 1, 0, 2, 3, 2, 3, 0, 3, 2, 0, 0, 0, 3, 3, 2, 1, 1, 3, 0, 0, 1, 3, 3, 1, 2, 0, 3, 1, 2, 1, 1, 1, 1, 1, 3, 1, 0, 3, 2, 1, 3, 1, 0, 1, 1, 3, 3, 3, 0, 1, 2, 2, 3, 3, 3, 0, 2, 1, 1, 3, 3, 2, 3, 3, 2, 3, 0, 1, 1, 0, 3, 1, 3, 3, 2, 1, 1, 3, 3, 3, 2, 3, 0, 1, 2, 3, 0, 1, 0, 1, 0, 0, 2, 1, 3, 3, 2, 0, 2, 3, 1, 3, 2, 1, 1, 1, 1, 1, 1, 1, 2, 1, 1, 0, 1, 3, 0, 1, 3, 2, 0, 3, 2, 2, 3, 1], "confidence_scores": [[0.17651231778078558, 0.1504415176415218, 0.6272937990156036, 0.04575236556208899], [0.17422565448630373, 0.004085425054576265, 4.875802353181897e-06, 0.8216840446567667], [0.017804972724695237, 0.00019799537688275666, 0.000246223299811367, 0.9817508085986106], [0.0015188391792928305, 0.04533765864871469, 0.8398548894544818, 0.11328861271751058], [0.0008512618849535492, 0.003922300071731482, 0.0008746818391999613, 0.994351756204115], [0.9999793144977993, 1.6068745790193526e-06, 1.1597251770551961e-07, 1.896265510373652e-05], [0.9986581083145049, 0.0008013661205400463, 0.00043190319814663243, 0.00010862236680858948], [0.0006563291712345028, 0.0004199927643959521, 1.6185694406390032e-08, 0.9989236618786751], [0.8237920764263127, 0.16730198092224385, 0.0005098243015987192, 0.008396118349844765], [0.941719789090669, 0.00018370385039842248, 0.0018977911767136175, 0.05619871588221913], [4.6627815240979733e-07, 0.10317336496982435, 0.0049923480586615675, 0.8918338206933616], [0.0001957464011717777, 0.11406156418372891, 0.0033569553359275098, 0.8823857340791718], [0.0001312920327788395, 0.23876746993572187, 3.271986882005179e-06, 0.7610979660446173], [0.9846533186257798, 0.010638402962023712, 0.004622864513425167, 8.541389877120033e-05], [0.0026862059224574647, 0.9542355910475712, 0.0001876068950267763, 0.0428905961349446], [0.006298447208906704, 0.20820535196679574, 0.751790679990326, 0.03370552083397165], [0.00293254512225497, 0.8658821267634771, 0.018397541413742575, 0.11278778670052522], [0.491343153118797, 0.15704907299275372, 0.34417245911404154, 0.007435314774407618], [0.0025185161468186915, 0.046201741462170424, 0.6352614885546181, 0.31601825383639287], [0.005804241371650508, 0.009424742753171105, 0.28264327105204345, 0.7021277448231349], [0.00023639869958641123, 0.004310311183803569, 0.9264670373461291, 0.06898625277048097], [0.031187281955076192, 0.0012321425952872003, 0.11607776189898103, 0.8515028135506555], [0.6007147562567421, 0.3353850188672164, 0.06332031426051832, 0.0005799106155232474], [2.333650998538381e-05, 0.015370169509655621, 0.002351184499842887, 0.9822553094805161], [0.0003910762379670923, 1.2559291964646066e-05, 0.9994136914985449, 0.00018267297152357555], [0.958740391295418, 0.00046052947029927895, 0.00736790962032012, 0.033431169613962634], [0.4767997099098604, 0.005118694067551257, 0.04176688358827467, 0.47631471243431367], [0.6564474965374295, 0.013529423800611921, 0.049068857802393624, 0.28095422185956487], [0.000679059438251692, 0.4620721220219689, 0.022808786838901977, 0.5144400317008774], [0.0017137233911634698, 0.027169780576308086, 0.06115282959292467, 0.9099636664396039], [1.3150266929507895e-05, 2.7202396413455936e-06, 0.9601363908242038, 0.03984773866922536], [0.000289507011786324, 0.9929152200053114, 0.003720838658639886, 0.003074434324262294], [0.0691092754918531, 0.8470695329108845, 0.08082851647575406, 0.002992675121508395], [0.0581479022040739, 0.003174955471799997, 0.0001291196500674367, 0.9385480226740587], [0.8995126412589517, 0.028432219406712964, 0.00036512419136136754, 0.07169001514297378], [0.9033561146435397, 6.258385758780933e-05, 0.07749829614537823, 0.019083005353494206], [0.3584686265238728, 0.6398044449447403, 1.8741586025257436e-07, 0.0017267411155266362], [0.002045860412859282, 0.001262328393482743, 0.37827516445008424, 0.6184166467435738], [0.0003223299298129962, 2.879636528363768e-09, 1.5742886084478823e-07, 0.9996775097616897], [5.044926620614485e-07, 0.9999811180761432, 1.1604932613470103e-06, 1.7216937933331624e-05], [0.0009145322098215093, 0.05160456374905918, 0.9419700242531338, 0.0055108797879855394], [0.9854456883613942, 0.0018345780128037083, 0.011578860658392023, 0.0011408729674099824], [4.1584396660843513e-07, 0.005874528643712658, 6.842987526605146e-07, 0.994124371213568], [0.3027001785207044, 0.6971931160574559, 8.583874290893031e-05, 2.086667893048209e-05], [0.011058201100019947, 0.004368791767214083, 0.9789405205542978, 0.00563248657846817], [0.019735779660118493, 0.9295069733105985, 4.453827464539815e-06, 0.05075279320181847], [0.008728097440169844, 0.9909897906090748, 1.7102821695075808e-05, 0.00026500912906008567], [0.0016441072804080608, 0.932798351900614, 0.0011918892252091866, 0.06436565159376874], [0.00045890072141051107, 0.9986231448032036, 0.0007953991667010425, 0.0001225553086848935], [0.17866106443400168, 0.8047922832045465, 0.0002523467624429458, 0.01629430559900876], [0.013415719699961304, 0.00270629726408217, 0.2385807445273668, 0.7452972385085896], [0.2662559184401916, 0.688559785764358, 0.04449812071061594, 0.000686175084834597], [0.9921659472325365, 7.167479012977298e-05, 0.007732104498087426, 3.02734792464559e-05], [0.32453414599906527, 0.004639471562416005, 0.00012036938045464405, 0.670706013058064], [0.0007296665291368603, 5.1240837368753077e-05, 0.9985253904077721, 0.0006937022257224402], [0.035078495487477164, 0.8820478862739759, 3.2335283137112495e-06, 0.08287038471023332], [6.801199323072553e-06, 0.04080642292422455, 0.005399108942223709, 0.9537876669342287], [0.06699328679027128, 0.6495518603551508, 0.2784348971470049, 0.005019955707572937], [0.7487881686608869, 4.064856257047894e-06, 0.0006058407354819066, 0.25060192574737417], [0.177263557227771, 0.8216820005632632, 0.0010531409927259673, 1.3012162396820246e-06], [0.00017879387899504383, 0.9997906580645565, 6.791596549445837e-07, 2.9868896793545097e-05], [0.028013565942981714, 0.00015936768191491925, 5.150207717661775e-05, 0.9717755642979267], [7.610847559484945e-11, 2.3201864337129764e-07, 4.833169839977129e-07, 0.9999992845882641], [0.00015455071798103196, 0.11703133117011438, 0.06215442757560604, 0.8206596905362984], [0.9305844264841366, 0.0020738099620189747, 0.06604426691584077, 0.00129749663800348], [0.009691231003439191, 0.9885431370947652, 0.0004838687433092844, 0.0012817631584864902], [1.314375893771949e-06, 7.669111512612437e-05, 0.9998705176167912, 5.1476892188932765e-05], [0.03618621055490941, 0.001591785971181057, 0.9372890784092268, 0.02493292506468269], [6.404075157850424e-06, 1.288121974412814e-08, 0.004944145974280553, 0.9950494370693418], [0.07355740946997154, 0.009449593343273287, 1.6058127183364278e-05, 0.9169769390595719], [0.0034174473482080875, 0.1906299260768424, 0.15958098497142248, 0.646371641603527], [0.9972309306459849, 0.0026044468542780652, 2.4512513352697276e-08, 0.00016459798722370358], [0.04323092412298993, 5.920546450824064e-05, 0.9559641768827694, 0.0007456935297325605], [0.11067039362398982, 0.8863489890055706, 9.155367003138132e-09, 0.0029806082150726854], [1.3684771653979357e-07, 0.8861429661446285, 0.010578682673074116, 0.10327821433458087], [3.036688884529913e-05, 0.012105906475015613, 4.911013098948196e-05, 0.9878146165051496], [0.00017035219479186162, 1.7806869237444122e-06, 9.444086097487846e-06, 0.999818423032187], [1.539147031696985e-08, 4.6430173162973017e-07, 0.990938744371091, 0.009060775935707038], [3.31695106650856e-07, 0.0002448975839644316, 8.3953618603493e-06, 0.9997463753590686], [1.1515888504720344e-06, 8.495156274792861e-06, 0.07268712076935566, 0.927303232485519], [2.6199416695086432e-06, 1.7207571639067347e-10, 0.9708882742058664, 0.029109105680388207], [0.0020045370129445263, 2.6816402673161754e-05, 0.02948686912876443, 0.9684817774556179], [0.9923183518144352, 0.0002385732065507994, 0.006728307996296017, 0.0007147669827179847], [0.00021590287110868236, 0.9922267026909332, 0.00755622973682251, 1.1647011356121173e-06], [0.1378402671698251, 0.8540775941352602, 2.8133476071680605e-06, 0.008079325347307736], [0.9885852610827336, 0.0028913552154053294, 0.008374371048085229, 0.00014901265377569942], [0.00018476746002414173, 2.5548250587122308e-05, 1.055951273030424e-05, 0.9997791247766585], [0.040938015958386635, 0.7708461577484825, 0.18799199965096197, 0.00022382664216862944], [0.003384248096383802, 0.009810019137670975, 7.662756454661269e-07, 0.9868049664902997], [0.0036688913243963354, 0.002996602875602646, 1.8327642686346283e-05, 0.9933161781573145], [8.184626202425453e-07, 0.026270920574747895, 0.9737280536244592, 2.0733817271971623e-07], [0.04959395188902641, 0.6303570113973923, 0.00867178975831288, 0.31137724695526836], [2.6246434088752144e-07, 0.9965257031053358, 1.3496708815185924e-05, 0.003460537721508045], [0.024783645083384417, 1.274350749634387e-05, 5.843562056651545e-07, 0.9752030270529136], [0.1357083047911764, 0.3265609091760584, 0.09485371163901261, 0.44287707439375257], [0.00013378950410153752, 0.007884313554912717, 0.00018629012429671892, 0.9917956068166891], [7.802493071272892e-07, 0.24117202426267853, 0.6926903042492204, 0.06613689123879402], [0.058099019588730066, 0.007445831114424055, 0.013783592593185734, 0.9206715567036601], [0.9916291005005516, 0.003047321407431519, 7.290274278954448e-07, 0.005322849064588953], [0.0008360360343530575, 0.9133318257866915, 0.0004461022958248403, 0.0853860358831305], [0.002471810760690867, 2.966580786378446e-06, 0.9974084721541083, 0.0001167505044145361], [0.01887122061934993, 0.15306428194310356, 0.022184759765948543, 0.8058797376715979], [0.9161095800192316, 0.014324278553564804, 0.06942569827639777, 0.00014044315080591308], [0.001438663459777072, 0.9131679282074762, 0.07545512105193249, 0.009938287280814088], [0.73751196191545, 0.26061143173238666, 7.735077935811077e-06, 0.0018688712742277237], [2.3144849321313066e-06, 0.859899585523263, 0.0031235619617742487, 0.13697453803003054], [0.9981100419379353, 9.631038144689748e-05, 0.0005357578600104129, 0.0012578898206072337], [0.6773904075821882, 0.3186169909106073, 1.5639696081233562e-06, 0.003991037537596331], [0.005275848207044642, 0.00014408406090100532, 0.9945772318007448, 2.8359313095568693e-06], [0.00035694296737815557, 0.9996409004473114, 3.236718743040595e-08, 2.124218123030864e-06], [0.1786505629390999, 6.134035367599836e-07, 0.0016898735483613693, 0.819658950109002], [2.359500115044252e-05, 0.006722515876756936, 0.0014139552083895276, 0.9918399339137032], [7.847874234689507e-07, 3.3309527418229034e-05, 0.9999658845390834, 2.1146074966833724e-08], [0.6318344129934214, 0.19768765939743266, 0.1618565378304023, 0.008621389778743611], [0.000375931660267811, 0.0946116830044574, 0.9025726955111895, 0.002439689824085387], [0.00022008698855456688, 0.05558713450892547, 0.000252055314270746, 0.9439407231882492], [0.008417785036962685, 0.9439369824522622, 0.04108745355011534, 0.0065577789606596736], [0.0027406343845796507, 0.3260820281481795, 4.1603798719259326e-05, 0.6711357336685216], [3.3334063782429554e-07, 0.07766821959996857, 0.9223200792629005, 1.1367796492965197e-05], [0.007472168577077433, 0.9453201244168089, 2.089359510033224e-06, 0.04720561764660363], [2.495246369712838e-05, 0.8503937045225026, 0.0029782132244375163, 0.14660312978936288], [0.007529448939326176, 0.6226401875404678, 0.27652181631182515, 0.09330854720838078], [0.018784606238238244, 0.9747780331009664, 0.0004954125713435442, 0.005941948089451841], [0.004018213671830389, 0.9955847766225948, 4.27391555841224e-09, 0.0003970054316591219], [0.00010831333519715275, 0.99098496842643, 0.008528823704363371, 0.0003778945340093931], [0.0004902524933240626, 0.8918725455923731, 0.1030364727631811, 0.0046007291511215515], [8.394356004621646e-06, 0.34108804315830793, 0.6585065233203283, 0.0003970391653589974], [0.0007226356604705128, 0.9961694197224932, 0.0026958329307188995, 0.0004121116863174455], [5.05616848435017e-05, 0.9997698897193686, 1.059771680732641e-05, 0.00016895087898040754], [0.5242207266251548, 0.015120305459536427, 0.00011933096198086705, 0.4605396369533279], [2.393492760040493e-06, 0.9978666836238892, 0.001703555682141395, 0.00042736720120936184], [0.4888544258745643, 0.0003833741072700605, 0.01361705633786808, 0.4971451436802976], [0.9721794654227329, 0.009366771464494095, 0.01117316720832653, 0.007280595904446342], [0.001532070085456728, 0.6699901793761662, 0.003288857382409033, 0.3251888931559681], [0.0008945450004098227, 0.24460429307610537, 0.04049011122346637, 0.7140110507000185], [0.008590030941670768, 0.307267514922488, 0.6838047193630588, 0.0003377347727824539], [0.894982604224673, 0.10279957096451096, 2.414557873478297e-07, 0.002217583355028584], [0.012730667681267311, 0.0038638565384477032, 0.001441611735477109, 0.9819638640448077], [7.054441423589816e-10, 0.05490711531401891, 0.945082437088144, 1.0446892392991491e-05], [5.39661094358601e-06, 0.06189321265283796, 0.9380961545846542, 5.236151564164829e-06], [4.254080753055314e-05, 1.6811283289287392e-06, 0.0016899213783710214, 0.9982658566857696], [0.01741833204861552, 0.9805427178973745, 0.0008172396695791128, 0.001221710384430909]]}, "rewritten": {"ids": ["97105451", "97105760", "97105960", "97106820", "98106880", "98108370", "98108580", "98109230", "98110710", "98111860", "98113881", "98116090", "98116940", "99107560", "99111620", "99112531", "99112641", "99117740", "100108080", "100109801", "100109890", "100111270", "100111620", "100112060", "100113210", "100115700", "100117420", "101108080", "101111210", "101112540", "101113210", "101114020", "101114990", "101115190", "102107961", "102110050", "102110500", "102112250", "102113210", "102113981", "102116500", "103110220", "103111110", "103113101", "103113610", "103117200", "103118110", "103120290", "104111780", "104113000", "104117200", "104119340", "105110091", "105111990", "105113210", "105113480", "105115680", "105115900", "105116441", "105118171", "105119950", "105121190", "106111321", "106112770", "106113190", "106114011", "106114321", "106117650", "106121220", "107114621", "107119130", "107121640", "108113480", "108113760", "108114670", "108115250", "108117720", "108120060", "108121160", "109113881", "109113931", "109114030", "109114220", "109115070", "109115211", "109115380", "109116750", "109117110", "109117271", "109117431", "109117600", "109117630", "109118820", "109119591", "109120150", "110114321", "110115120", "110115140", "110115580", "110116300", "110117110", "110117200", "110117500", "110118740", "110120640", "110121140", "110121450", "110121500", "111115780", "111116040", "111116170", "111118820", "111119250", "111119580", "111120531", "111121190", "112116900", "112117030", "112117210", "112117571", "112117580", "112118421", "112118471", "112118820", "112118860", "112118890", "112119450", "112119580", "112120630", "112120640", "112120700", "112121010", "113117550", "113118630", "113118690", "113121410", "113121680", "113121980", "113122150", "113122170", "113122180", "113122320"], "labels": [0, 0, 2, 1, 0, 1, 0, 1, 2, 0, 3, 0, 2, 1, 3, 3, 1, 2, 0, 0, 3, 2, 3, 2, 0, 1, 2, 0, 2, 2, 3, 3, 3, 1, 3, 3, 3, 0, 3, 1, 1, 2, 3, 3, 2, 0, 2, 2, 3, 1, 3, 1, 0, 2, 3, 0, 2, 3, 1, 3, 3, 2, 0, 1, 0, 1, 2, 1, 1, 0, 1, 1, 0, 1, 3, 1, 1, 1, 2, 0, 1, 1, 3, 0, 0, 3, 0, 1, 0, 1, 1, 0, 3, 0, 2, 1, 0, 0, 1, 3, 0, 3, 1, 3, 0, 3, 3, 3, 1, 0, 0, 0, 1, 3, 0, 1, 3, 2, 1, 3, 0, 3, 1, 0, 3, 3, 3, 3, 3, 0, 2, 2, 3, 3, 3, 0, 1, 2, 2, 1, 2, 1], "predicted_labels": [0, 0, 3, 0, 0, 3, 0, 1, 0, 0, 3, 1, 3, 1, 3, 1, 0, 0, 1, 3, 1, 2, 0, 2, 3, 0, 2, 0, 3, 3, 3, 3, 3, 3, 0, 3, 3, 1, 0, 1, 1, 3, 0, 3, 0, 1, 1, 0, 1, 3, 1, 3, 0, 3, 3, 0, 1, 0, 0, 0, 1, 3, 0, 3, 0, 2, 1, 2, 0, 1, 3, 3, 0, 0, 1, 0, 3, 0, 1, 1, 0, 3, 0, 1, 3, 3, 0, 1, 3, 3, 0, 0, 1, 1, 2, 0, 0, 3, 3, 1, 0, 0, 0, 3, 0, 0, 0, 0, 3, 0, 3, 0, 3, 0, 3, 0, 0, 0, 2, 3, 1, 1, 0, 3, 1, 0, 3, 0, 3, 2, 3, 0, 3, 3, 1, 1, 3, 3, 2, 2, 3, 0], "confidence_scores": [[0.8582580869542882, 0.001393558307104443, 1.6260437816464262e-05, 0.14033209430079086], [0.9776860969372725, 0.0003821957723339827, 0.00017295961058340408, 0.021758747679810134], [0.0007873602843820762, 9.203750114978699e-07, 0.03361695892670645, 0.9655947604139], [0.9832634068143654, 0.002922323395843666, 1.7078431399582953e-06, 0.013812561946651026], [0.7151861025207688, 0.0018629542859936858, 0.004791259314113524, 0.2781596838791241], [0.0016382144905572682, 0.012357263675970676, 0.15356781213506643, 0.8324367096984057], [0.9921997936067389, 2.250987362635206e-05, 3.863557133993701e-05, 0.007739060948294971], [0.3400837178153329, 0.6164462046055902, 0.04346229027523511, 7.787303841796185e-06], [0.6841006899314314, 0.21310749704834014, 0.00014389967044427888, 0.10264791334978439], [0.5453139743463472, 0.3815902342294313, 0.020815098248087558, 0.052280693176134076], [0.06086804506066923, 0.09435865920936687, 0.004116608333614441, 0.8406566873963495], [0.011738724478547187, 0.9878964005927346, 0.0003222480054096759, 4.262692330836145e-05], [0.023460901961921552, 0.009685806169873424, 0.035706071382240856, 0.9311472204859642], [0.11955751796305603, 0.8633574213648664, 0.0042694627473565516, 0.012815597924721124], [0.0018476124483216417, 0.06958587620096077, 0.1777014827426249, 0.7508650286080927], [0.007228719122736017, 0.9889379919273517, 1.5962949535892339e-09, 0.0038332873536175227], [0.9778467568314734, 0.00041773602222652264, 0.0005549233758877099, 0.021180583770412268], [0.8651580098970073, 0.00027419898079579285, 0.0058381058246513694, 0.1287296852975456], [0.008670130747209506, 0.8831253726878188, 0.0005264762469603771, 0.10767802031801112], [0.0022876919776304155, 0.07195916368556314, 5.689912141914198e-06, 0.9257474544246644], [4.1386884786827086e-07, 0.9978991793374345, 0.0019008810718423935, 0.0001995257218752956], [0.0469924204367096, 0.052352118994664285, 0.8600905140431282, 0.04056494652549787], [0.9962077210167083, 0.003775311699267861, 1.696273666915737e-05, 4.547354862962269e-09], [0.00029833925615047605, 0.0002644029290664863, 0.9994343863254493, 2.8714893335479733e-06], [0.018712890352329467, 1.9035461389247104e-05, 5.206138141217812e-06, 0.9812628680481401], [0.8434145748004178, 0.0005281024259013851, 0.005773024995451339, 0.15028429777822952], [4.253651020616104e-06, 0.0019455781162538792, 0.998044383412432, 5.784820293500842e-06], [0.9953663640346525, 6.85090063631296e-05, 1.6580817456441927e-05, 0.004548546141527793], [0.055073525250550114, 3.468660563509119e-05, 1.8896163738289497e-06, 0.944889898527441], [0.10970248873293975, 0.03133188647612231, 0.009437734668690682, 0.8495278901222473], [0.09205017521028702, 0.000374508438920095, 0.007866576810543383, 0.8997087395402495], [0.34009503602542956, 0.0004158598083381471, 6.316133077050769e-05, 0.6594259428354617], [0.00012547699857565445, 0.004884333818724225, 0.12877917047225132, 0.8662110187104487], [0.17041363532620174, 0.02287952336613225, 0.30657285918090643, 0.5001339821267595], [0.9013978336411818, 0.09850661575892695, 7.72216098176366e-05, 1.8328990073788943e-05], [0.009168746689960353, 0.0003058562681512316, 0.01275956021434512, 0.9777658368275433], [0.4238271191340497, 0.00022678875091128924, 0.00014946659543143174, 0.5757966255196075], [0.34327719692485653, 0.649574711757271, 0.0045239100469024246, 0.0026241812709698873], [0.9740171723094424, 0.02575062170406043, 5.572281610633609e-07, 0.00023164875833595752], [0.0012521549443186, 0.9985489539979596, 5.097282897306985e-07, 0.00019838132943188056], [0.001621048143084766, 0.8420909581973324, 0.15202792715785982, 0.004260066501723087], [0.00035428173900307837, 0.0009924263305641724, 0.0005407845196862714, 0.9981125074107464], [0.5734309195550801, 0.0064917058204881336, 7.096580379988596e-07, 0.4200766649663938], [0.002374596966365004, 0.4857409278844848, 0.00018237900009577886, 0.5117020961490544], [0.9995618276899758, 0.0004060435678422421, 9.811384380564116e-06, 2.231735780141506e-05], [0.1019891079870535, 0.509407794173235, 7.779803352426382e-06, 0.38859531803635894], [0.0002582401231999048, 0.7961401334851369, 0.00012516899103822646, 0.203476457400625], [0.9469416874132618, 0.0031903078431205645, 0.0013064063349750594, 0.04856159840864255], [0.038346137794273635, 0.9516395551355391, 9.250225616396304e-06, 0.010005056844570794], [0.2877489923409771, 3.550335157433042e-07, 4.39870262495412e-09, 0.7122506482268045], [0.06400534684291535, 0.8364595079612214, 0.0012110108970897707, 0.0983241342987737], [0.013415241007675199, 0.0013044143973499566, 5.042568561453265e-05, 0.9852299189093603], [0.8084071596488197, 0.0015468139202178478, 3.7134822188808654e-05, 0.1900088916087736], [0.4915809283192353, 0.00029959755096017475, 2.5266873690851316e-06, 0.5081169474424354], [0.0002708046191319999, 0.06727564391401682, 2.33589295502673e-05, 0.932430192537301], [0.6158498425775513, 0.27633909024427294, 0.10310433069270987, 0.004706736485465956], [0.008953548920320688, 0.904578180124214, 5.591606865623924e-05, 0.08641235488680901], [0.8209397752931284, 0.00027149451210446013, 1.4445768282067787e-06, 0.17878728561793883], [0.9593553502248656, 6.333281401135316e-05, 0.0012122078720815765, 0.03936910908904159], [0.6907962345843462, 0.08343715352298951, 1.3901412922369486e-10, 0.22576661175365018], [0.001315745530122724, 0.9983344609048067, 5.83091344162111e-10, 0.00034979298197932015], [3.504553416871689e-08, 0.037554404703143994, 0.0007043452835975761, 0.9617412149677244], [0.6167422908948598, 0.3831853313017096, 9.192931148900685e-06, 6.318487228167622e-05], [2.1267811472644916e-05, 0.004021226084530014, 0.024451391429240264, 0.971506114674757], [0.9757775407708368, 1.100354024694196e-06, 1.8065889025712756e-08, 0.024221340809249498], [0.08196067751306226, 0.009020411437543556, 0.8965669658693706, 0.01245194518002354], [0.4793359388060273, 0.4976922724270684, 0.00025708842511198136, 0.0227147003417924], [0.00016114311517606382, 0.003583049598011942, 0.9921761990475292, 0.004079608239282908], [0.9402259737138512, 2.1935205787467253e-05, 0.000726926561934164, 0.05902516451842718], [0.0015192416651924315, 0.9530192350714077, 0.0001568812962759115, 0.04530464196712391], [0.0030920034780145475, 5.29621566704588e-06, 0.0013764956039598593, 0.9955262047023585], [0.30058225886794754, 0.0007922303364501032, 0.0015254045517339569, 0.6971001062438684], [0.9976482584336452, 2.1622894512237437e-06, 8.721151227686823e-06, 0.002340858125675679], [0.9979868895937751, 0.00015810421620947215, 1.4054147111319777e-06, 0.0018536007753043012], [0.4133496455091661, 0.5860957908609881, 0.0002743655291401874, 0.00028019810070557073], [0.976490016085888, 8.10060588495865e-05, 0.00019226764101087235, 0.023236710214251503], [0.01294348040415476, 0.003062885432846299, 0.00036527486382744616, 0.9836283592991716], [0.9960396028656023, 0.003025525216797698, 0.0007551889067558085, 0.00017968301084390732], [0.21011491629366458, 0.7880202668835735, 3.259312279680789e-08, 0.0018647842296391226], [0.002200365535445228, 0.995304644365776, 0.00018955746423042214, 0.002305432634548241], [0.9995894081937791, 3.1245815906245916e-05, 6.011743385365774e-11, 0.0003793459301970845], [0.04107992698459574, 0.0007730914619968167, 5.383208206992132e-05, 0.9580931494713376], [0.9989580197420312, 0.0008401891189630819, 6.812468059138063e-05, 0.0001336664584142213], [1.039414435809431e-05, 0.9869000064649328, 5.782481339073645e-06, 0.013083816909370077], [0.10874696472425398, 0.008684898544169138, 4.3255445590974685e-07, 0.882567704177121], [0.3293417549329034, 0.00010380446471690132, 0.0010007468952470348, 0.6695536937071328], [0.9987757979085518, 0.00030360752078614924, 2.4776671925113742e-05, 0.0008958178987369273], [0.3287574164680501, 0.5475951943450927, 1.3356281477708335e-05, 0.12363403290537935], [9.806701135345014e-07, 6.8151552254233675e-06, 6.35944871534846e-07, 0.9999915682297895], [0.0035218282061922237, 0.002683892157930505, 7.201885305735114e-07, 0.9937935594473467], [0.9290034853753804, 0.0015159628143741344, 0.0026190717481788775, 0.06686148006206658], [0.9882575610029294, 0.011553783784807004, 2.5123767046140996e-05, 0.000163531445217449], [0.032591221529369135, 0.8268856801855726, 1.880318508587337e-05, 0.14050429509997248], [0.0001397478516996041, 0.9959570225883113, 1.7393143706950487e-07, 0.0039030556285521347], [0.053815796031258065, 0.10437074966236756, 0.8355452104988835, 0.006268243807490813], [0.582084595184264, 0.4101033157757663, 1.7722109085866578e-05, 0.007794366930883773], [0.999867459970705, 2.8872486774058653e-05, 2.1333036678676888e-05, 8.23345058424728e-05], [0.008232640629756673, 0.00020890404705613329, 0.0004716383002648114, 0.9910868170229225], [0.09077706620026454, 0.0047734079301918995, 0.17709355463205237, 0.7273559712374912], [0.003486496949423408, 0.9961666491952765, 4.287382522355891e-05, 0.00030398003007664704], [0.7122438803163399, 0.010574409903827285, 0.27704036706882623, 0.00014134271100653224], [0.9999820924170544, 4.419011079936451e-08, 9.684580281768657e-09, 1.785370825473531e-05], [0.996485932777268, 0.0034869831029603346, 4.830474731730952e-06, 2.225364503976284e-05], [0.0006562871914154352, 2.420982305800014e-09, 0.00011549461980177317, 0.9992282157678005], [0.9971734240608243, 0.0002834599260391234, 2.123884453363014e-06, 0.002540992128683302], [0.9879766296180785, 0.0003017833954182072, 0.0017267583732631989, 0.00999482861324018], [0.5148269746564137, 0.00023104346107675653, 4.601503588552557e-06, 0.4849373803789209], [0.8076730963554515, 0.1918475239805903, 2.757777917331489e-10, 0.00047937938818037656], [0.07915917098422241, 0.011346375301019371, 5.172683149895762e-05, 0.9094427268832593], [0.5910217868119592, 2.0018175153250052e-05, 8.842443476529427e-05, 0.4088697705781223], [0.0016033265718944272, 0.03393356608091109, 2.1063155751807125e-07, 0.9644628967156369], [0.9999124390161493, 1.582246230739419e-06, 7.659629575237921e-10, 8.597797165690453e-05], [0.005789557224593798, 0.0033688214108595154, 0.04845990187542788, 0.9423817194891188], [0.9999870701931961, 2.827188602503384e-06, 5.23119107201545e-07, 9.57949909423495e-06], [0.04709837831877792, 0.00400076734332237, 3.433368233457274e-05, 0.9488665206555652], [0.9959167339684594, 0.0023824406831205324, 0.00012639968665056583, 0.0015744256617695603], [0.7222288301223522, 0.2777583641888172, 1.2999528084727245e-07, 1.2675693549648277e-05], [0.9917998655636888, 0.00019353137087649045, 4.569498626775548e-05, 0.00796090807916699], [0.13582147509446646, 0.10925159425791733, 0.42199145656809217, 0.332935474079524], [5.030845890784808e-05, 4.327173227052414e-06, 4.215624684402528e-10, 0.9999453639463026], [0.1844766824548305, 0.7328113814891026, 7.488047956861819e-06, 0.08270444800811015], [0.011497713822463186, 0.9836592644914457, 8.03147536282417e-08, 0.00484294137133757], [0.7846285005008248, 0.04878997559509208, 0.16349181174047583, 0.003089712163607141], [0.44712809594003317, 0.0006173594580618112, 4.3419018334108034e-07, 0.5522541104117217], [4.3244410784445726e-05, 0.9996325614236836, 1.3390417153661915e-05, 0.0003108037483783918], [0.9929495144776354, 0.00704808198445298, 5.114193445147203e-11, 2.4034867698036493e-06], [0.06279317683589554, 0.023545250891860426, 4.94597211921539e-07, 0.913661077675032], [0.6106608947064887, 0.004846655984853586, 0.023802658572428716, 0.36068979073622914], [0.22381447385749353, 0.26315851215993896, 0.0050925522042355904, 0.507934461778332], [0.25140790024568493, 0.2557847745680779, 0.4771032190856087, 0.01570410610062838], [0.014347285817708486, 0.19398593696381053, 0.010078950718148582, 0.7815878265003324], [0.8797124216035429, 0.001289072552955835, 2.305037548369212e-05, 0.11897545546801738], [0.00011913964571555916, 0.05578852079018357, 0.008472918947772103, 0.9356194206163289], [0.15647364484187706, 0.2932423054868879, 0.00788653516589684, 0.5423975145053382], [0.32322395002227083, 0.6672087482441622, 0.0020948454052277595, 0.007472456328339126], [2.7815734308089015e-05, 0.9399131951679223, 8.470250663601389e-10, 0.06005898825074456], [0.0017757711076826672, 0.06682904171134552, 0.0172464267038584, 0.9141487604771135], [0.018034454633197684, 0.022142669069727807, 0.0015943875598206805, 0.9582284887372539], [0.27325836019645916, 0.14714338270387606, 0.3579310421903268, 0.22166721490933788], [0.10067252439623528, 5.424515974267235e-06, 0.8831723829327977, 0.01614966815499296], [0.0019285344475303207, 0.0001831012396389923, 5.9385675347396436e-05, 0.9978289786374832], [0.8102305228291528, 0.0024169910487489774, 0.024049792559079384, 0.1633026935630189]]}}