{"test": {"ids": ["99111440", "110115980", "111116010", "112120640", "110114561", "110118181", "97105580", "109117630", "104111550", "111115620", "102112170", "111114941", "99108330", "111114321", "105113190", "106120290", "99109370", "98121790", "109115070", "112118421", "97111790", "109114720", "113121220", "112118471", "113119320", "112117580", "110116501", "111120190", "104114240", "107118490", "97116790", "97116800", "109116930", "112117571", "107121700", "107119130", "104118070", "100109360", "105113260", "105118230", "108118810", "111119250", "99119830", "112118880", "102107961", "104112201", "97106000", "111120220", "101116130", "101110150", "110113931", "99108000", "100110260", "104116800", "110116441", "113119360", "104114320", "102109850", "111114171", "98107010", "109113881", "107120260", "109113931", "103111540", "105116441", "100110050", "105117200", "101108121", "112116501", "112116290", "111120640", "111121220", "109114030", "107113200", "100109980", "99111000", "111117200", "112119580", "104117630", "110120640", "112116540", "107113170", "111121351", "111115910", "98106111", "97116500", "97107260", "108117360", "102109840", "113121950", "102114270", "113122180", "99107500", "113119120", "101112540", "99112840", "105113480", "108114220", "106119990", "107114490", "103110100", "99107300", "112117210", "106121220", "111120320", "97106820", "104113000", "108116120", "105116090", "113120591", "102116500", "111119300", "113122510", "111116411", "108118291", "111119150", "110114651", "111114121", "99107950", "104111880", "107118780", "98108520", "111115770", "97109570", "108120280", "97109080", "107116980", "98113881", "103110220", "111120540", "102121440", "108117720", "108114670", "113120531", "100109910", "110118930", "111119950", "110117870", "101111990", "98119591", "109119460", "101108950"], "labels": [3, 1, 1, 0, 0, 1, 1, 0, 1, 1, 3, 0, 1, 1, 3, 2, 1, 2, 0, 3, 2, 0, 3, 1, 1, 0, 3, 3, 0, 2, 2, 0, 0, 3, 3, 1, 2, 0, 3, 1, 1, 1, 1, 1, 3, 0, 0, 3, 2, 1, 1, 2, 3, 1, 3, 0, 2, 1, 3, 3, 0, 1, 1, 1, 1, 3, 3, 0, 3, 0, 0, 3, 1, 0, 1, 2, 0, 3, 0, 0, 1, 0, 0, 2, 0, 2, 2, 1, 2, 3, 3, 2, 0, 3, 2, 2, 0, 3, 0, 3, 1, 3, 1, 1, 1, 1, 1, 1, 1, 0, 1, 1, 2, 0, 3, 3, 3, 0, 1, 3, 1, 2, 3, 0, 3, 2, 3, 3, 2, 1, 2, 1, 3, 0, 2, 1, 0, 3, 2, 1, 1, 2], "predicted_labels": [0, 3, 0, 3, 0, 1, 3, 1, 3, 3, 3, 1, 3, 3, 3, 3, 1, 0, 1, 3, 0, 3, 1, 3, 1, 3, 3, 3, 3, 1, 3, 1, 0, 1, 3, 1, 3, 3, 3, 1, 3, 3, 3, 3, 3, 0, 3, 0, 1, 0, 1, 1, 0, 3, 3, 3, 3, 3, 3, 1, 1, 3, 1, 3, 3, 3, 0, 3, 1, 0, 3, 3, 0, 3, 1, 3, 0, 0, 3, 3, 1, 3, 0, 1, 3, 3, 1, 3, 3, 1, 3, 3, 3, 3, 3, 3, 1, 0, 1, 3, 3, 3, 3, 3, 3, 3, 1, 0, 3, 3, 0, 1, 1, 3, 3, 1, 1, 3, 3, 3, 3, 3, 3, 0, 0, 3, 0, 3, 3, 3, 3, 0, 3, 0, 3, 1, 3, 3, 1, 3, 1, 3], "confidence_scores": [[0.2916834998334997, 0.2513685203685205, 0.20413031968031975, 0.2528176601176604], [0.23807713397713412, 0.2670017038517039, 0.1887608649804302, 0.30616029719073184], [0.2884322011322011, 0.273904079254079, 0.1811457320457321, 0.2565179875679876], [0.2854369963369965, 0.2711660173160175, 0.14491540681540693, 0.29848157953157944], [0.3160439338439339, 0.2487553474303474, 0.20385419857919868, 0.23134652014652027], [0.20764234654234676, 0.29816409423909424, 0.21599219669219666, 0.27820136252636257], [0.21039750527250545, 0.2973986235986235, 0.19003709623709633, 0.3021667748917748], [0.25677576312576317, 0.29596713841713834, 0.18721564546564556, 0.26004145299145304], [0.2528656121656123, 0.2664721223221224, 0.1794426462426463, 0.3012196192696193], [0.26577630702630706, 0.27167612037085737, 0.18580224015750335, 0.27674533244533245], [0.2864086802086804, 0.2234235209235211, 0.16649800199800202, 0.32366979686979686], [0.27102910227027893, 0.3067032312458784, 0.17832965922965927, 0.24393800725418385], [0.23620311355311369, 0.2510710927960929, 0.23476807081807108, 0.27795772283272274], [0.2570697913197914, 0.2832105561105559, 0.16680966810966819, 0.29290998445998434], [0.27996728826728845, 0.25129122544122545, 0.1799456709956711, 0.288795815295815], [0.22948675213675224, 0.28867082084582063, 0.192206870906871, 0.2896355561105561], [0.2602074536574536, 0.27809199966699955, 0.2041342990342992, 0.25756624764124775], [0.2749069819069821, 0.26353900543900555, 0.19254166389166402, 0.26901234876234875], [0.24483974913974924, 0.31239411699411695, 0.21302442557442566, 0.22974170829170837], [0.2458398490398492, 0.2513945051680346, 0.18846040103687167, 0.3143052447552449], [0.28492018537018543, 0.2284030913530914, 0.20339358244095102, 0.28328314083577255], [0.25002876567876586, 0.24123819513819522, 0.2024572871572872, 0.30627575202575213], [0.26402117604617625, 0.27922956692430384, 0.1776479583282215, 0.27910129870129874], [0.2522503163503165, 0.276357525807526, 0.17850712065712074, 0.29288503718503717], [0.21180074925074957, 0.3265135031635032, 0.18182948162948176, 0.2798562659562661], [0.2009642857142859, 0.27646171051171065, 0.19731344211344223, 0.32526056166056166], [0.2309288433788434, 0.25769017094017105, 0.20814996392496407, 0.30323102175602157], [0.2395262737262738, 0.24976541236541255, 0.20114637584637587, 0.309561938061938], [0.2050813075813076, 0.2673588411588413, 0.23647294927294923, 0.2910869019869019], [0.229315492840493, 0.2921245226995228, 0.19432805250305263, 0.28423193195693186], [0.21985162790425955, 0.27194751082251095, 0.18812661680424853, 0.32007424446898114], [0.23127090964590985, 0.28908591963591984, 0.1961365773115774, 0.28350659340659357], [0.3594084915084915, 0.24786510156510155, 0.1397546231546232, 0.25297178377178375], [0.20002302697302712, 0.32708273670773674, 0.2062107281607283, 0.2666835081585083], [0.2052360112110115, 0.2874964646464649, 0.21401610889110903, 0.293251415251415], [0.2632800136138371, 0.274527908202908, 0.20494227798345457, 0.25724980019980037], [0.2201032967032968, 0.26805144300144307, 0.21656468727351091, 0.29528057302174954], [0.24295444914562572, 0.24307049535431907, 0.20429844702081557, 0.3096766084792401], [0.21655718725718737, 0.25633751248751274, 0.1906551709728181, 0.33645012928248225], [0.204476617826618, 0.32619559329559344, 0.1829177988677989, 0.2864099900099901], [0.22652849731967378, 0.27127789987789996, 0.19731995586113246, 0.30487364694129393], [0.24569656454656463, 0.2597630591630593, 0.21503538210155876, 0.27950499418881786], [0.23218354978355002, 0.28154078421578427, 0.18223728493728503, 0.3040383810633809], [0.21250732045732074, 0.2805161838161839, 0.1871466533466534, 0.3198298423798423], [0.279511421911422, 0.23605747422512127, 0.19857515066632717, 0.28585595319712975], [0.309488727938728, 0.2762567071817072, 0.16964289795172147, 0.24461166692784345], [0.2162834240922478, 0.2714927330839096, 0.21279635919635936, 0.2994274836274836], [0.3058056859806862, 0.2578495670995673, 0.14887878787878794, 0.2874659590409592], [0.2328533022533024, 0.2967277306027306, 0.1993982850482851, 0.2710206820956821], [0.29127111222111224, 0.25925488482106135, 0.18581866026130736, 0.26365534269651913], [0.25687081807081824, 0.2962209623709623, 0.16997112332112344, 0.27693709623709634], [0.22167920033183203, 0.30094576257076266, 0.20660177775440933, 0.27077325934299623], [0.3243905427905428, 0.23217414252414265, 0.14613461538461545, 0.2973006993006993], [0.25220406619524266, 0.253320362970363, 0.20334616886381607, 0.2911294019705787], [0.25004814433932093, 0.24933010992275706, 0.2157810717060719, 0.2848406740318507], [0.24851113331113345, 0.2668834443334443, 0.18213550893550906, 0.30246991341991325], [0.25475181485181503, 0.2562816683316685, 0.17620854145854162, 0.3127579753579754], [0.2784086802086803, 0.23844244366744372, 0.19562028249528257, 0.2875285936285939], [0.23495273974391645, 0.24474170665935377, 0.2087940614940616, 0.3115114921026687], [0.26322671495171496, 0.2783735708735709, 0.18719228549228542, 0.2712074286824286], [0.2499268277044592, 0.3418838744588746, 0.17703256363519526, 0.23115673420147112], [0.21895860250860275, 0.24784853479853491, 0.1999104118104119, 0.33328245088245095], [0.2661716685705077, 0.30805724993960304, 0.18255160117660124, 0.24321948031328847], [0.2533021034521036, 0.25971360306360325, 0.16417853257853263, 0.32280576090576085], [0.2525813131313132, 0.2931665168165167, 0.14971137751137756, 0.30454079254079247], [0.17449136974136994, 0.29296272061272083, 0.2293824175824177, 0.30316349206349197], [0.28247945387945395, 0.27731176046176037, 0.18019120879120887, 0.2600175768675771], [0.27363551611786896, 0.22176945391210104, 0.21024397938662642, 0.29435105058340366], [0.259086207420031, 0.32418608891108874, 0.1363187626099391, 0.28040894105894115], [0.29862704795204775, 0.24641134421134434, 0.1827698967698968, 0.2721917110667111], [0.21871805416805437, 0.267285830835831, 0.1820659340659341, 0.33193018093018084], [0.2572193861693864, 0.26710117660117677, 0.17447073677956026, 0.3012087004498769], [0.3104607281607282, 0.30478075813075817, 0.158208707958708, 0.22654980574980593], [0.25729752469752487, 0.25908295593295594, 0.17513460428460434, 0.30848491508491527], [0.26758460232577885, 0.26982181152181156, 0.21200487845487856, 0.2505887076975313], [0.23088599456099473, 0.266268994893995, 0.23174401154401167, 0.27110099900099904], [0.30690935175935197, 0.2595455988455989, 0.1362867077367078, 0.2972583416583417], [0.27413933011433006, 0.2378883263795029, 0.22367101901366615, 0.26430132449250104], [0.282612914862915, 0.24939363691863695, 0.16811933899433906, 0.2998741092241092], [0.22115863025863042, 0.2737727133977135, 0.2000412790108443, 0.30502737733281193], [0.22724339190221565, 0.29235226440226436, 0.21703327587445234, 0.26337106782106795], [0.28193903873903886, 0.21438895198368887, 0.19412508953035273, 0.3095469197469199], [0.2813041073305781, 0.2737620257193788, 0.19218057775557779, 0.25275328919446577], [0.27420434369552027, 0.2866516095016096, 0.18610430484548135, 0.2530397419573892], [0.26970081585081596, 0.2554939893439896, 0.17867484182484197, 0.2961303529803531], [0.28981912152175304, 0.24954871794871797, 0.16023365143628307, 0.30039850909324606], [0.22789490509490531, 0.2794773976023976, 0.22385047175047187, 0.26877722555222566], [0.2342156593406596, 0.2633493672993675, 0.2202990537240538, 0.28213591963591966], [0.24011376123876135, 0.26606461120578784, 0.2044461177711178, 0.2893755097843332], [0.2547468930192615, 0.3016259629259628, 0.17457902652902663, 0.2690481175257491], [0.23190151515151525, 0.25292587967587976, 0.22952390109890108, 0.2856487040737038], [0.19470285270285287, 0.28190268897768894, 0.23061596181596197, 0.2927784965034965], [0.20935729825729843, 0.3068170468420469, 0.16391133588633588, 0.31991431901431905], [0.23584769315651682, 0.23131254023754033, 0.17697659562659568, 0.3558631709793474], [0.24226639749139764, 0.24144285714285713, 0.1952696303696304, 0.32102111499611496], [0.21937268287268302, 0.2734189421689423, 0.18890545565545563, 0.31830291930291926], [0.21384851814851824, 0.29106439116439126, 0.20761462981462994, 0.28747246087246076], [0.3040835386835387, 0.27865568320568324, 0.17973159063159064, 0.23752918747918753], [0.276784892884893, 0.28867636807636804, 0.19046713009213023, 0.24407160894660898], [0.2434204489954491, 0.24432187534687547, 0.19802756965256976, 0.31423010600510587], [0.2389803973803975, 0.2683379370629372, 0.22030833888333895, 0.27237332667332675], [0.2866423132423134, 0.20682132312132326, 0.16152458652458654, 0.345011777111777], [0.20883321955821976, 0.28693181263181256, 0.21370455932955937, 0.2905304084804085], [0.23055849705849726, 0.2983704711954714, 0.16184832944832953, 0.3092227022977023], [0.20505793650793666, 0.2317365689865691, 0.23274390609390616, 0.3304615884115884], [0.26304379231879244, 0.24674585414585418, 0.18708263680763684, 0.30312771672771666], [0.23204908424908444, 0.28733903318903303, 0.2101825063825065, 0.2704293761793762], [0.32171683871683876, 0.24521181041181037, 0.16926843711843723, 0.26380291375291387], [0.27403774003774023, 0.2646556443556445, 0.16066435231435233, 0.30064226329226323], [0.28604598261215924, 0.24767614885114894, 0.16104521981286699, 0.30523264872382516], [0.2740151062989299, 0.24167155981273636, 0.21060296092796096, 0.27371037296037304], [0.19146739649239658, 0.31449595404595415, 0.185155850550416, 0.3088807989112339], [0.20239209956709958, 0.29259630647130647, 0.22616030913530913, 0.2788512848262848], [0.2783199483523014, 0.23830932237696947, 0.14991012157776873, 0.33346060769296076], [0.2850662115662117, 0.2728140276390278, 0.12317130369630377, 0.3189484570984571], [0.22628673826173837, 0.30781425241425253, 0.18906295371295384, 0.27683605561105584], [0.2634148426736663, 0.29552531357531375, 0.17639934869052534, 0.2646604950604951], [0.27248861314124473, 0.2646406593406594, 0.17313538026301192, 0.28973534725508415], [0.19394053724053742, 0.28113539793539793, 0.22630696525696534, 0.29861709956709986], [0.2448868603618605, 0.26795866078366093, 0.1737947441447442, 0.3133597347097346], [0.2697532179808497, 0.2528549062049062, 0.18477565472285146, 0.29261622109139274], [0.2673369130869131, 0.264863098013098, 0.1749352036852038, 0.2928647852147854], [0.2687893653731891, 0.2259915556665559, 0.2122074156235922, 0.29301166333666334], [0.30036295371295396, 0.2486292207792209, 0.16077750027750026, 0.29023032523032516], [0.36438124849007214, 0.21378088031679374, 0.12067233117759442, 0.30116554001554013], [0.2240888472638473, 0.28174654430536805, 0.1916888666888668, 0.30247574174191827], [0.31362471972471984, 0.3105418470418468, 0.12779255189255193, 0.24804088134088145], [0.2701497946497948, 0.25399921744921755, 0.16260601620601625, 0.31324497169497156], [0.23034558219558227, 0.26220672105672105, 0.21312374292374292, 0.2943239538239538], [0.19958468753468775, 0.2592004190254191, 0.24333066100566092, 0.2978842324342325], [0.24537897657897684, 0.26463051393051407, 0.20965968198468207, 0.2803308275058277], [0.30593970751470745, 0.24065335579453226, 0.16164863861628567, 0.2917582980744745], [0.26721288156288164, 0.26123748473748476, 0.16580560550560555, 0.3057440281940284], [0.31580563325563316, 0.265278182928183, 0.1547551726051727, 0.2641610112110114], [0.2566136660724896, 0.24694965671583327, 0.22772107614607623, 0.26871560106560094], [0.2153946972961681, 0.34210782436517745, 0.19367569097569112, 0.24882178736296384], [0.2928739851651616, 0.23157899322899334, 0.1701401720828192, 0.30540684952302616], [0.2384742443830682, 0.2560679542679545, 0.2188401856313622, 0.2866176157176156], [0.19968854478854473, 0.2855721334221333, 0.2680931152181154, 0.24664620657120678], [0.2608013875013876, 0.2642286768786769, 0.17873801753801755, 0.29623191808191796], [0.24372078983108403, 0.305313412078118, 0.17273330003330015, 0.2782324980574983], [0.20822607588489953, 0.2963601315351317, 0.19615508935508935, 0.2992587032248795]]}, "rewritten": {"ids": ["97105580", "97106000", "97106820", "97107260", "97109080", "97109570", "97111790", "97116500", "97116790", "97116800", "98106111", "98107010", "98108520", "98113881", "98119591", "98121790", "99107300", "99107500", "99107950", "99108000", "99108330", "99109370", "99111000", "99111440", "99112840", "99119830", "100109360", "100109910", "100109980", "100110050", "100110260", "101108121", "101108950", "101110150", "101111990", "101112540", "101116130", "102107961", "102109840", "102109850", "102112170", "102114270", "102116500", "102121440", "103110100", "103110220", "103111540", "104111550", "104111880", "104112201", "104113000", "104114240", "104114320", "104116800", "104117630", "104118070", "105113190", "105113260", "105113480", "105116090", "105116441", "105117200", "105118230", "106119990", "106120290", "106121220", "107113170", "107113200", "107114490", "107116980", "107118490", "107118780", "107119130", "107120260", "107121700", "108114220", "108114670", "108116120", "108117360", "108117720", "108118291", "108118810", "108120280", "109113881", "109113931", "109114030", "109114720", "109115070", "109116930", "109117630", "109119460", "110113931", "110114561", "110114651", "110115980", "110116441", "110116501", "110117870", "110118181", "110118930", "110120640", "111114121", "111114171", "111114321", "111114941", "111115620", "111115770", "111115910", "111116010", "111116411", "111117200", "111119150", "111119250", "111119300", "111119950", "111120190", "111120220", "111120320", "111120540", "111120640", "111121220", "111121351", "112116290", "112116501", "112116540", "112117210", "112117571", "112117580", "112118421", "112118471", "112118880", "112119580", "112120640", "113119120", "113119320", "113119360", "113120531", "113120591", "113121220", "113121950", "113122180", "113122510"], "labels": [1, 0, 1, 2, 2, 0, 2, 2, 2, 0, 0, 3, 2, 3, 1, 2, 3, 0, 1, 2, 1, 1, 2, 3, 2, 1, 0, 2, 1, 3, 3, 0, 2, 1, 2, 2, 2, 3, 2, 1, 3, 3, 1, 2, 1, 2, 1, 1, 3, 0, 1, 0, 2, 1, 0, 2, 3, 3, 0, 1, 1, 3, 1, 0, 2, 1, 0, 0, 3, 3, 2, 1, 1, 1, 3, 3, 3, 1, 1, 1, 3, 1, 3, 0, 1, 1, 0, 0, 0, 0, 1, 1, 0, 3, 1, 3, 3, 3, 1, 1, 0, 0, 3, 1, 0, 1, 3, 2, 1, 0, 0, 3, 1, 1, 0, 3, 3, 1, 1, 0, 3, 0, 0, 3, 1, 1, 3, 0, 3, 1, 1, 3, 0, 3, 1, 0, 0, 0, 3, 3, 2, 2], "predicted_labels": [1, 3, 3, 1, 1, 3, 3, 3, 1, 1, 3, 1, 1, 1, 1, 3, 3, 1, 1, 1, 3, 1, 1, 1, 3, 3, 3, 2, 1, 3, 1, 3, 1, 0, 1, 3, 1, 3, 1, 3, 0, 1, 1, 1, 1, 1, 1, 3, 3, 1, 1, 1, 3, 1, 1, 1, 3, 1, 1, 3, 1, 1, 1, 3, 1, 1, 1, 1, 1, 0, 1, 1, 1, 3, 1, 1, 1, 1, 1, 3, 1, 3, 3, 1, 1, 0, 3, 1, 0, 1, 3, 1, 3, 1, 1, 1, 1, 1, 1, 1, 1, 1, 3, 1, 1, 1, 3, 3, 1, 3, 1, 1, 1, 1, 3, 1, 3, 3, 1, 1, 1, 1, 3, 1, 1, 1, 3, 1, 1, 1, 3, 3, 3, 3, 1, 3, 1, 3, 3, 3, 1, 1], "confidence_scores": [[0.22139657842157848, 0.33507969179942865, 0.2034653603706236, 0.24005836940836958], [0.1991672910422911, 0.2853173076923075, 0.22163692696192713, 0.2938784743034744], [0.22095525585525597, 0.2704221484397957, 0.22928584748584765, 0.2793367482191012], [0.21420316546198911, 0.290823484848485, 0.2173312604062605, 0.2776420892832658], [0.23688982683982693, 0.274139260739261, 0.24193066378066372, 0.24704024864024884], [0.2767138999889001, 0.2469832750582752, 0.17894761349761348, 0.2973552114552114], [0.2381589874178111, 0.27419529082029076, 0.20614757742257744, 0.28149814433932074], [0.23449625097125093, 0.25787920412920423, 0.21118949383949398, 0.2964350510600511], [0.20028232323232326, 0.2922694444444445, 0.2296958985458985, 0.27775233377733394], [0.23427818663964184, 0.3028899517149518, 0.17632924195687366, 0.28650261968853313], [0.22344117724380885, 0.26790723165723185, 0.22459580039843202, 0.28405579070052756], [0.2763702020202021, 0.2778257076257076, 0.18953903318903323, 0.2562650571650573], [0.2451451714951715, 0.3053544511044511, 0.18222436452436463, 0.26727601287601294], [0.217810101010101, 0.31550637695637684, 0.20570658785658788, 0.2609769341769343], [0.21900516325779487, 0.28433619158619167, 0.2261333017859335, 0.2705253433700802], [0.22873468753468756, 0.2561838383838385, 0.2233989974078211, 0.29168247667365305], [0.2738104229104229, 0.26337700355200366, 0.15871793206793214, 0.3040946414696415], [0.21827783882783897, 0.30535086580086584, 0.2092387112887114, 0.2671325840825843], [0.21199049839049852, 0.2930368048618049, 0.2710600427350427, 0.2239126540126541], [0.2088333943833945, 0.3032218004218006, 0.22773191808191814, 0.2602128871128872], [0.25211811244311255, 0.2707717460643933, 0.2059088522588523, 0.27120128923364223], [0.23970961260961268, 0.3063450573935869, 0.2048041295306002, 0.24914120046620056], [0.21388011433011453, 0.2719551698301698, 0.25153964646464644, 0.26262506937506946], [0.24871461593961605, 0.3068211122211121, 0.19274595682095697, 0.25171831501831515], [0.23725460095460107, 0.2857578810078812, 0.18291219336219347, 0.29407532467532466], [0.22328196248196264, 0.28538212343212355, 0.19608142413142432, 0.2952544899544899], [0.2629226015814252, 0.2646818661730426, 0.18366228216228223, 0.28873325008325007], [0.20705967365967373, 0.2665955100455101, 0.27104085359085367, 0.2553039627039628], [0.22182065712065718, 0.2824017593517594, 0.2312964313464314, 0.26448115218115237], [0.21058236485736495, 0.2649948856698857, 0.2408163253413253, 0.28360642413142395], [0.25737571513453883, 0.28604193388311044, 0.20320397380397387, 0.25337837717837736], [0.2645116308528074, 0.24873216619981328, 0.19186083001965357, 0.29489537292772594], [0.21256374736374747, 0.30479484959484954, 0.23721124431124432, 0.24543015873015883], [0.29048741454623817, 0.2708196747696748, 0.1875847430347431, 0.2511081676493442], [0.1972048340548341, 0.2999489538239541, 0.228774297924298, 0.2740719141969142], [0.21008808968808984, 0.27482339531813227, 0.23399775575301898, 0.28109075924075927], [0.22186730214230233, 0.2901142718392719, 0.23400997613497615, 0.25400844988345], [0.27525629925629935, 0.2531663170163172, 0.16958772338772343, 0.30198966033966046], [0.20906096958596976, 0.3135431651681653, 0.22291137196137195, 0.2544844932844934], [0.20379517427017435, 0.24304045954045958, 0.26171609224109227, 0.29144827394827405], [0.2950583361083361, 0.22204826007326015, 0.20667477244977253, 0.27621863136863145], [0.2288490564990566, 0.3017464868464869, 0.2223124153624154, 0.24709204129204132], [0.2538579698079699, 0.29574592352092366, 0.20426811521811541, 0.24612799145299155], [0.23168455433455462, 0.30769368686868687, 0.22199561272061274, 0.2386261460761461], [0.2154938339438341, 0.27724879564879545, 0.23666054501054504, 0.2705968253968254], [0.24262300477300494, 0.30253318903318904, 0.2269753174929646, 0.22786848870084175], [0.19484117189999545, 0.29848407148407147, 0.24338902208902213, 0.263285734526911], [0.217173631923632, 0.27071835386835386, 0.23316283716283726, 0.27894517704517724], [0.2295819033907271, 0.25364819069819083, 0.22916119436119456, 0.28760871154988815], [0.27809205341442184, 0.2948358863358866, 0.15491917804417812, 0.2721528822055138], [0.21235014903397254, 0.30555433732933746, 0.237918675768676, 0.24417683786801445], [0.23629003116766295, 0.2840618492618493, 0.2303284677310993, 0.24931965183938887], [0.20962486402486424, 0.27853185703185723, 0.21889479964479974, 0.2929484792984792], [0.21934366189366208, 0.30566263181263176, 0.19075373515373523, 0.2842399711399712], [0.2120593850593851, 0.29043329170829163, 0.2119922383172385, 0.28551508491508504], [0.20852591852591867, 0.2921749833499834, 0.2284689171939172, 0.270830180930181], [0.2405651848151849, 0.26877132312132324, 0.21710365745365742, 0.27355983460983463], [0.22987367077367088, 0.2969951492951495, 0.1989533855033855, 0.2741777944277944], [0.19890839160839177, 0.3196178432678432, 0.20011411921411945, 0.28135964590964607], [0.25292379842379853, 0.26313750693750687, 0.20038292818292824, 0.2835557664557665], [0.213328695487519, 0.2997823953823955, 0.19165156510156525, 0.29523734402852064], [0.21223554223554233, 0.29580868575868585, 0.2239355977355979, 0.2680201742701744], [0.20282880452880458, 0.31047593517593525, 0.20556919746919752, 0.2811260628260629], [0.24988542013542017, 0.2465636974136975, 0.21452769452769463, 0.28902318792318804], [0.23895249750249756, 0.29664653329127016, 0.20419989250515577, 0.2602010767010767], [0.1874148296148297, 0.31119335501100215, 0.2620423798423799, 0.2393494355317886], [0.23968232323232325, 0.2758252192252192, 0.22359019869019892, 0.26090225885225893], [0.25557746697746714, 0.28934564879564867, 0.16980710955710962, 0.28526977466977466], [0.1944290209790212, 0.3347322724660958, 0.2007530247530249, 0.27008568180185843], [0.2800220446220446, 0.2761154512154514, 0.18167687867687865, 0.26218562548562563], [0.2346153457653459, 0.31987470862470874, 0.1944220890220891, 0.2510878565878567], [0.22262388167388178, 0.28938519813519836, 0.20694241591741597, 0.28104850427350453], [0.2209776723276725, 0.3099549228549229, 0.2024914030414031, 0.2665760017760018], [0.20376471306471325, 0.25717099567099583, 0.225048901098901, 0.3140153901653902], [0.18143193750693773, 0.30957397324897334, 0.2483387834387836, 0.2606553058053059], [0.25827317404817424, 0.2932016677766679, 0.19847607392607403, 0.25004908424908423], [0.22250340492840492, 0.3099046009546009, 0.19294064546564552, 0.27465134865134877], [0.2665022200022198, 0.2716839355089356, 0.19708266733266736, 0.26473117715617717], [0.25725159007659015, 0.27049243534243533, 0.22771009268509276, 0.24454588189588186], [0.26497107614607623, 0.24862120657120645, 0.1818368464868464, 0.3045708707958708], [0.2692210103621868, 0.27327925799690517, 0.191564043472867, 0.26593568816804114], [0.19970999360117012, 0.26433765042147406, 0.232453164319341, 0.3034991916580152], [0.2734616125704361, 0.2103381377652276, 0.21007754263280576, 0.3061227070315305], [0.24915461658224808, 0.33949124764124766, 0.1805459446985762, 0.23080819107792813], [0.2258607228169148, 0.32123776223776235, 0.2082933233433234, 0.24460819160199984], [0.3389015512265512, 0.2540454156954158, 0.15252327394827395, 0.254529759129759], [0.20601096681096692, 0.28801896991897014, 0.20929148629148647, 0.29667857697857714], [0.24154128094128097, 0.3077007234595472, 0.21098594183594202, 0.23977205376323033], [0.29082877122877127, 0.28572193362193365, 0.16490935175935179, 0.25853994338994346], [0.26946617549117546, 0.27993106338106344, 0.1955073149073149, 0.2550954462204465], [0.22131821234321236, 0.29040866355866346, 0.1790612332112333, 0.30921189088689083], [0.2520347541347543, 0.28767236652236655, 0.2137757076257077, 0.24651717171717183], [0.2602277861027862, 0.2453033494283494, 0.22276377152259524, 0.27170509294626966], [0.2678857475857476, 0.3132790320790322, 0.1886375846375848, 0.2301976356976357], [0.25509215229215243, 0.2750760350760352, 0.2040868187368188, 0.26574499389499395], [0.2059893550893552, 0.28291406371406375, 0.2357817682317682, 0.2753148129648132], [0.26257168387168395, 0.30284902874902886, 0.15514940059940072, 0.2794298867798867], [0.21360990120990136, 0.3106502386502386, 0.2195467365967367, 0.2561931235431236], [0.2223117327117328, 0.31692639027639014, 0.20966635978400688, 0.2510955172278702], [0.19336681047710474, 0.31946454150424736, 0.22242257742257762, 0.2647460705960707], [0.24315155575418737, 0.30083476800976816, 0.18077584812847977, 0.275237828107565], [0.2715182928182928, 0.27731732548497273, 0.17686525696525696, 0.2742991247314778], [0.21568281718281737, 0.27130422077922095, 0.17320785325785326, 0.33980510878010856], [0.22369715839715856, 0.3287401265401262, 0.20722106227106238, 0.2403416527916528], [0.2330082306582308, 0.3278435834633203, 0.1660689012741645, 0.27307928460428454], [0.2328427405927407, 0.2853013708513708, 0.2116296037296038, 0.2702262848262849], [0.19754935064935075, 0.29207240259740275, 0.20496215728715736, 0.30541608946608945], [0.2519451029362795, 0.2585488677988677, 0.19874500858618516, 0.29076102067866794], [0.23120120712620734, 0.2857378621378622, 0.2153789349539351, 0.26768199578199586], [0.270086840936841, 0.23977354312354338, 0.18805956820956826, 0.30208004773004776], [0.24362721167721174, 0.3131004190254192, 0.17459593184593195, 0.26867643745143743], [0.21717438949938972, 0.3211620657120659, 0.21023764013764015, 0.25142590465090486], [0.2381049783549784, 0.29912486320868675, 0.19968984903984913, 0.26308030939648586], [0.22098381814264179, 0.2872427738927739, 0.2098303252303253, 0.2819430827342593], [0.24073593906093926, 0.24353252858252855, 0.20628051670551678, 0.3094510156510158], [0.21084071206571214, 0.2712639332889332, 0.24792079587079602, 0.26997455877455895], [0.27169404761904764, 0.278706945831946, 0.15339559329559335, 0.29620341325341315], [0.21012721445221452, 0.26749425851925857, 0.24393744866244876, 0.2784410783660785], [0.22912345052608216, 0.316838517038517, 0.2176766417792735, 0.2363613906561277], [0.2273533355533357, 0.2861794753492121, 0.21002303047829363, 0.2764441586191587], [0.2319587523587524, 0.2923211149961151, 0.20981080308580316, 0.2659093295593296], [0.2589545638571955, 0.31157640415140425, 0.19608871581634746, 0.23338031617505317], [0.2571441530691532, 0.26475122377622395, 0.19915628260628276, 0.27894834054834056], [0.2487595043845045, 0.32239706682206704, 0.1671235153735154, 0.26171991341991363], [0.2260024253524256, 0.3021303030303029, 0.2071683927183929, 0.26469887889887894], [0.21687352924852954, 0.3244323620823618, 0.19425384892884895, 0.26444025974025975], [0.25425300255300265, 0.2517433677433678, 0.2195896325896326, 0.2744139971139969], [0.22488502608502622, 0.28262002997003, 0.2247238483738485, 0.26777109557109585], [0.2595582195582197, 0.2756034937284937, 0.20190101010101025, 0.26293727661227656], [0.24396969141969158, 0.28369813519813514, 0.20393997113997125, 0.26839220224220234], [0.22973611388611392, 0.28688877233877236, 0.19303347208347216, 0.2903416416916417], [0.25316255329637705, 0.2504776037687804, 0.231341688866689, 0.2650181540681542], [0.2720476911976912, 0.26644158064158074, 0.18439839604839617, 0.2771123321123321], [0.22661698497580865, 0.27289453046953055, 0.20676163558663563, 0.2937268489680253], [0.2181706043956044, 0.27928520205284924, 0.2296666472416474, 0.27287754630989935], [0.2471901237651238, 0.2469714452214452, 0.21965626318126327, 0.2861821678321678], [0.23098659118659126, 0.3267598052274522, 0.19329573482073487, 0.24895786876522188], [0.20772556332556338, 0.2547056888416022, 0.2193295905848538, 0.31823915724798063], [0.23803279498279517, 0.27066177156177174, 0.2052513486513487, 0.28605408480408473], [0.22169097291597295, 0.28917559107559104, 0.18392757797757806, 0.30520585803085803], [0.22904013486513497, 0.2799488650238649, 0.22922919302919323, 0.2617818070818074], [0.2142631832220069, 0.29645419025419006, 0.2238012931512933, 0.26548133337250995]]}}