{"test": {"ids": ["107113130", "113119320", "103109791", "110117110", "112119930", "109118231", "113122430", "97106000", "108115070", "105110251", "113117340", "99108890", "97107821", "112119500", "105113210", "108116501", "102116500", "113121190", "110117140", "108115570", "112116401", "110114651", "106114280", "111117480", "104111550", "105116441", "112118930", "98108580", "101111310", "103113640", "108113480", "105120280", "104111620", "106118161", "107113170", "104113210", "110118181", "98109311", "108118520", "103112641", "111116100", "110118450", "100107920", "111121930", "108118291", "103110840", "98106111", "103113260", "103120780", "111119250", "104114230", "112116501", "104109311", "99109161", "112120700", "101108500", "111120320", "101119030", "111118820", "111116530", "109118161", "107114621", "97108520", "105112130", "103112470", "107114140", "99119830", "98107340", "112116610", "113120070", "105117351", "112117030", "104110960", "105113620", "105112240", "113118231", "113119300", "100112060", "99111000", "104118340", "105117431", "100108580", "102113350", "108114040", "98108370", "108113700", "113121010", "112117210", "102110850", "111115400", "109121640", "100108260", "97116790", "107114280", "113119930", "100111390", "112118810", "102112301", "112120540", "99111440", "100111620", "100111270", "106119580", "102110890", "106115250", "98121790", "112118161", "105113170", "108115250", "108117451", "104113380", "99111340", "110120640", "104113170", "108120621", "98120530", "100109801", "110115250", "112120640", "108121351", "99112641", "98109230", "109114030", "110117870", "107118120", "107120880", "111120591", "99108520", "99108310", "101108950", "101113210", "110117080", "108120060", "107119390", "113122220", "108118301", "107118520", "99107630", "108118060", "99109910", "109117271", "110118701"], "labels": [1, 1, 3, 0, 1, 1, 2, 0, 1, 0, 2, 0, 2, 2, 3, 0, 1, 1, 3, 3, 0, 3, 3, 1, 1, 1, 1, 0, 3, 1, 0, 3, 0, 3, 0, 3, 1, 1, 0, 3, 3, 0, 0, 1, 3, 1, 0, 3, 1, 1, 2, 3, 3, 3, 2, 3, 1, 3, 0, 3, 0, 0, 2, 1, 1, 2, 1, 0, 1, 2, 0, 2, 2, 0, 1, 3, 1, 2, 2, 2, 1, 0, 3, 0, 1, 0, 2, 1, 3, 0, 0, 3, 2, 3, 1, 2, 3, 1, 3, 3, 3, 2, 3, 0, 2, 2, 0, 0, 1, 2, 1, 1, 0, 3, 1, 1, 0, 1, 0, 3, 1, 1, 1, 3, 3, 1, 1, 2, 2, 2, 3, 1, 1, 2, 1, 1, 2, 2, 1, 2, 0, 3], "predicted_labels": [3, 0, 0, 1, 3, 1, 1, 3, 1, 0, 3, 1, 1, 1, 0, 3, 1, 3, 0, 3, 0, 3, 0, 3, 3, 1, 3, 3, 0, 0, 3, 1, 0, 0, 3, 0, 1, 1, 0, 0, 0, 1, 3, 3, 3, 1, 2, 1, 0, 3, 3, 1, 0, 0, 1, 3, 3, 3, 0, 1, 1, 0, 1, 3, 3, 1, 0, 1, 0, 1, 3, 3, 1, 1, 3, 3, 3, 3, 3, 3, 1, 3, 3, 3, 3, 3, 1, 1, 1, 0, 3, 1, 1, 1, 1, 3, 0, 3, 1, 3, 3, 3, 1, 3, 1, 0, 1, 3, 3, 3, 3, 1, 3, 3, 3, 3, 3, 3, 0, 1, 0, 2, 0, 3, 3, 3, 0, 2, 1, 3, 0, 3, 1, 3, 1, 1, 1, 3, 3, 2, 3, 0], "confidence_scores": [[0.1421434582608523, 0.2807814566809522, 0.35321123645318125, 0.2238638486050139], [0.38409559481397154, 0.3376268443629271, 0.01235557191119461, 0.2659219889119069], [0.351245174025099, 0.06622778235255534, 0.3777944372779542, 0.20473260634439183], [0.22664909426139443, 0.4801272102522649, 0.09776023545339747, 0.1954634600329431], [0.2148366565956037, 0.12730383654512212, 0.24117856808241725, 0.4166809387768572], [0.08726691699470161, 0.7545134957531245, 0.12975239451518533, 0.028467192736988254], [0.03323565979710761, 0.7390110727309595, 0.13618279322068774, 0.09157047425124507], [0.06964360819453627, 0.054144928211914266, 0.5295389623690699, 0.34667250122447946], [0.2752397019146029, 0.5963044519854597, 0.06974662600612007, 0.05870922009381727], [0.6308749008337607, 0.2892495862483048, 0.025489965971013953, 0.05438554694692039], [0.28427224007759316, 0.2933861271924271, 0.009663557682411486, 0.412678075047568], [0.0637881389273693, 0.5620397979226897, 0.36060859808433315, 0.013563465065607787], [0.27726521947313043, 0.3286804353402911, 0.17231657283472698, 0.22173777235185155], [0.2398722440953342, 0.26898736125272593, 0.39222613713241994, 0.0989142575195199], [0.6270302041195887, 0.09692120267408393, 0.03067946459793303, 0.2453691286083941], [0.3195676363394161, 0.2902960049483206, 0.12490902620259255, 0.26522733250967095], [0.20715593559180467, 0.3069819752444959, 0.2867717324809702, 0.199090356682729], [0.42077782032897465, 0.12115476819756725, 0.06832583118371671, 0.3897415802897415], [0.5240474380426726, 0.20318140117389877, 0.028264124292972752, 0.24450703649045608], [0.04094563826131152, 0.24890469038268465, 0.2082948842776604, 0.5018547870783434], [0.5736029067409092, 0.017955625614379328, 0.0008732209173194461, 0.407568246727392], [0.18722294071579254, 0.03046196038893208, 0.035312095659286606, 0.7470030032359887], [0.447189412145114, 0.3182365412218439, 0.06945848287674367, 0.16511556375629804], [0.27259969595824574, 0.34324347237901226, 0.04564119436507294, 0.33851563729766915], [0.06868112866129975, 0.12134925867674089, 0.33165323987497575, 0.4783163727869835], [0.3392904073785166, 0.5207192112368048, 0.017726010877448, 0.12226437050723067], [0.43654907195774273, 0.20890105253805163, 0.02006783301992286, 0.33448204248428265], [0.16076306112761912, 0.23205382288601334, 0.30163169301289133, 0.3055514229734765], [0.37399776730716, 0.2889361211970687, 0.1868830833509948, 0.15018302814477674], [0.8953015053360754, 0.021749931329851247, 0.0008682472707783654, 0.08208031606329519], [0.07554683688412675, 0.3321395319978712, 0.12269598338547227, 0.46961764773253], [0.22061403746103306, 0.725508490996396, 0.011099332936024685, 0.04277813860654585], [0.9659928074655165, 0.02602709536520266, 0.0002013514522436935, 0.007778745717037183], [0.3688548792567999, 0.3143759319108841, 0.09146722586059756, 0.22530196297171842], [0.23341595961468511, 0.07579848472137586, 0.03362598676902087, 0.6571595688949182], [0.7680274539827279, 0.09121488239485016, 0.04925745664120613, 0.09150020698121622], [0.09031109175664871, 0.7012130926339419, 0.17654580032886708, 0.0319300152805422], [0.39136859960850934, 0.3723792469283557, 0.15419482126285314, 0.08205733220028194], [0.8984355343100592, 0.060431278644995354, 0.017220109977638242, 0.023913077067307307], [0.6929683867880474, 0.0302162541220743, 0.030653548231586072, 0.2461618108582923], [0.48198743800717553, 0.2784232849257875, 0.044575300963675644, 0.19501397610336138], [0.11083411736975253, 0.704435299635047, 0.13058887354157553, 0.05414170945362511], [0.22689218536977987, 0.05848755216957224, 0.07631612466954449, 0.6383041377911035], [0.16084791879097782, 0.15487817584309482, 0.46794684751241544, 0.21632705785351242], [0.34226968066608204, 0.29928410836829517, 0.0017589834712838613, 0.35668722749433884], [0.18146899990501378, 0.5623786415587884, 0.1694964141613499, 0.08665594437484819], [0.22165625349726711, 0.1503194175568087, 0.5065638817040589, 0.12146044724186544], [0.1546581835365562, 0.5858379114867532, 0.02743753594317398, 0.2320663690335168], [0.431965051844353, 0.11137361358735884, 0.1833145568972321, 0.27334677767105575], [0.09278655313323209, 0.20595659347529402, 0.2387183020231119, 0.4625385513683619], [0.3885004593292092, 0.2285164330288001, 0.09594201079850934, 0.2870410968434817], [0.28790169018275863, 0.41613718957132356, 0.028756155836018756, 0.2672049644098992], [0.48561731124842844, 0.14540877305725752, 0.06595709037411658, 0.3030168253201972], [0.5984646997719089, 0.2467412379105413, 0.11699106179561881, 0.03780300052193087], [0.2693870321225654, 0.4889642142873763, 0.007689881763873898, 0.23395887182618447], [0.06521412820523383, 0.1336128878547464, 0.6166579345199082, 0.1845150494201121], [0.21784049720722248, 0.13738906533374284, 0.1288849322156414, 0.5158855052433932], [0.16083040826163444, 0.19450865259342817, 0.11563488654667023, 0.5290260525982674], [0.8763023551268401, 0.018653029274189704, 0.008061982704365018, 0.09698263289460518], [0.13272111823967125, 0.5397029230803978, 0.012621359480639138, 0.3149545991992921], [0.18577737892356375, 0.6071380225841744, 0.05165896815971211, 0.15542563033254964], [0.9170478145764687, 0.007529740465708276, 0.0002755016880854211, 0.0751469432697374], [0.4399318434251118, 0.407939849877754, 0.09399814870094893, 0.05813015799618545], [0.0809951402298525, 0.3454403208783689, 0.1626238646149845, 0.410940674276794], [0.15587524066596914, 0.215385445000023, 0.4346747228437743, 0.1940645914902339], [0.0424204765369326, 0.591129134979378, 0.18044157867439173, 0.1860088098092979], [0.40005626148989976, 0.27839037877552114, 0.22759914471991327, 0.09395421501466582], [0.130195286204888, 0.2624781955997793, 0.4978918653495131, 0.10943465284581946], [0.7305048056858939, 0.12895215445617264, 0.06481426911809308, 0.07572877073984056], [0.10921743780914306, 0.6630950224158118, 0.08594117712805603, 0.14174636264698895], [0.26478055723368804, 0.262553767296616, 0.045687647255623305, 0.4269780282140726], [0.14091876914462437, 0.12921947567901912, 0.1857577599596268, 0.5441039952167294], [0.07355265690349413, 0.5481670341710475, 0.17052439903257455, 0.20775590989288353], [0.03508204998255277, 0.5410892593305157, 0.3541525922891082, 0.0696760983978232], [0.12910374114817336, 0.23964940162963702, 0.12912615615701642, 0.5021207010651729], [0.11679477857049039, 0.1605826084820176, 0.1332171380580816, 0.58940547488941], [0.1929056109834647, 0.12261357556847605, 0.012265435857581261, 0.6722153775904779], [0.3773991999227035, 0.1278156710886917, 0.20181033876426793, 0.2929747902243367], [0.11387897882512567, 0.20509418749286867, 0.26036179388270275, 0.4206650397993032], [0.14885852747099693, 0.1835661323311544, 0.06939439450794614, 0.5981809456899028], [0.08856715382816499, 0.6009933042614947, 0.21243223621622406, 0.09800730569411616], [0.24148921927612332, 0.2592867024472986, 0.1233424023751396, 0.37588167590143806], [0.1831934487930982, 0.2742330199429015, 0.1514919910902073, 0.39108154017379276], [0.09719546286096031, 0.16049709409998308, 0.4384393069989418, 0.30386813604011503], [0.18406416575220338, 0.2565409131223351, 0.32787790218475227, 0.2315170189407091], [0.09148440912498342, 0.4173924709765992, 0.04563872467578817, 0.4454843952226295], [0.15489398032603321, 0.4322030657970633, 0.17598495334684486, 0.23691800053005863], [0.06336110306425081, 0.5947605691869152, 0.11047301281638296, 0.23140531493245103], [0.05363928134059084, 0.6751841578008198, 0.11505604678579835, 0.1561205140727912], [0.4976358457732792, 0.18262431283872774, 0.08970577370805041, 0.2300340676799427], [0.3302449872860245, 0.3234488708229739, 0.07092121980374438, 0.27538492208725723], [0.29442666032216236, 0.3687978635569529, 0.06670233420074446, 0.27007314192014054], [0.1157906242768291, 0.4209150440791105, 0.41317328184254126, 0.050121049801519255], [0.11003586712610135, 0.7433291712290978, 0.101827938390925, 0.04480702325387591], [0.1801097527494762, 0.618478329706925, 0.009439440545195554, 0.19197247699840345], [0.30144945277735147, 0.1632682123681578, 0.2653698873519775, 0.26991244750251325], [0.48951704407563806, 0.13298292331586622, 0.03375516390832378, 0.3437448687001719], [0.09400667182750155, 0.09923148166297299, 0.05661187962704963, 0.7501499668824759], [0.27582158778425003, 0.6911344766882004, 0.015118069443695342, 0.01792586608385422], [0.1778250380996259, 0.17793310257479136, 0.03163591166222147, 0.6126059476633613], [0.1419450723304246, 0.11742576955554282, 0.5484111131183125, 0.1922180449957199], [0.1621833444366161, 0.2257720761771376, 0.24383200786273257, 0.36821257152351355], [0.023531280816323365, 0.7634381372420945, 0.1785000043754464, 0.03453057756613539], [0.4576352584516709, 0.035597592617756024, 0.024825345737558204, 0.48194180319301494], [0.24943227463009507, 0.484930654399024, 0.09081676926955991, 0.1748203017013208], [0.6545511856813523, 0.10380869806899654, 0.08325411048187979, 0.15838600576777112], [0.5003891333493344, 0.4006773894090454, 0.03676339700009527, 0.062170080241524865], [0.10439879266590979, 0.12088332710980057, 0.2101249298266845, 0.5645929503976053], [0.0722763382396864, 0.06303855867108982, 0.17514516435793712, 0.6895399387312865], [0.35724919530974125, 0.15437612774966536, 0.07286266824405942, 0.415512008696534], [0.22378408878060616, 0.08783424352551349, 0.08221832261938138, 0.606163345074499], [0.022000277875996916, 0.2614225372669926, 0.5964756927226778, 0.1201014921343327], [0.2945949414090176, 0.04931369267387531, 0.07195770686804505, 0.5841336590490621], [0.2669589565177071, 0.2709229691658648, 0.043757026300131514, 0.41836104801629664], [0.43140339326668664, 0.1964731607247212, 0.03842134992091033, 0.33370209608768175], [0.30421930988912455, 0.15944957404121138, 0.18564588798121584, 0.3506852280884481], [0.18686208142129937, 0.12366363312257186, 0.08219105007866613, 0.6072832353774625], [0.14630855046742935, 0.4162539525792987, 0.025137657246976117, 0.412299839706296], [0.9413110825088525, 0.025058791411763648, 0.003197877797389305, 0.030432248281994593], [0.23051975443576744, 0.44024122836117174, 0.06920049484930418, 0.2600385223537567], [0.5479891773477671, 0.31651682034434636, 0.04790121882072053, 0.08759278348716645], [0.09729017426599798, 0.027055624445721623, 0.7483910016223567, 0.12726319966592378], [0.6935298547407632, 0.08559384109017289, 0.10953521772104316, 0.11134108644802049], [0.23448976776457825, 0.07097314505798485, 0.09542184809133196, 0.5991152390861052], [0.29921209565833295, 0.23863707321925273, 0.00816626656396164, 0.4539845645584528], [0.02364568395034058, 0.22742483720045048, 0.07581126684034259, 0.6731182120088666], [0.9137165497167454, 0.016911138637861135, 0.002556106039039899, 0.06681620560635365], [0.05394938342782392, 0.09589073072300329, 0.8190130252904378, 0.031146860558735084], [0.2731097371252639, 0.37206313158490223, 0.2700834926153474, 0.0847436386744862], [0.0794216446880646, 0.28624760658803644, 0.22139558516907626, 0.4129351635548226], [0.44602902419724133, 0.20898746391179984, 0.31449398541662993, 0.030489526474328826], [0.07654450398220304, 0.24404350742312678, 0.013673173968809743, 0.6657388146258605], [0.4095562964877423, 0.34214769369920806, 0.08363749361507622, 0.16465851619797323], [0.04985664552058795, 0.5153217084173967, 0.05271707645626347, 0.3821045696057519], [0.1461314958389717, 0.796641101834343, 0.007898846764292679, 0.04932855556239278], [0.13863871282010684, 0.517845981048382, 0.046793185317515466, 0.2967221208139955], [0.39193014868029435, 0.3277800570643079, 0.030144287177241394, 0.2501455070781565], [0.3965200523836307, 0.08337238006737872, 0.08248923251684742, 0.4376183350321431], [0.3555202483847829, 0.16635786029014, 0.017421340913384906, 0.46070055041169217], [0.143837933330803, 0.1143540324713416, 0.6989197703059619, 0.042888263891893534], [0.044065606896497245, 0.12900854765290673, 0.017085461943646723, 0.8098403835069492], [0.4806707057776366, 0.19841891652236304, 0.014601070051413869, 0.30630930764858666]]}, "rewritten": {"ids": ["97106000", "97107821", "97108520", "97116790", "98106111", "98107340", "98108370", "98108580", "98109230", "98109311", "98120530", "98121790", "99107630", "99108310", "99108520", "99108890", "99109161", "99109910", "99111000", "99111340", "99111440", "99112641", "99119830", "100107920", "100108260", "100108580", "100109801", "100111270", "100111390", "100111620", "100112060", "101108500", "101108950", "101111310", "101113210", "101119030", "102110850", "102110890", "102112301", "102113350", "102116500", "103109791", "103110840", "103112470", "103112641", "103113260", "103113640", "103120780", "104109311", "104110960", "104111550", "104111620", "104113170", "104113210", "104113380", "104114230", "104118340", "105110251", "105112130", "105112240", "105113170", "105113210", "105113620", "105116441", "105117351", "105117431", "105120280", "106114280", "106115250", "106118161", "106119580", "107113130", "107113170", "107114140", "107114280", "107114621", "107118120", "107118520", "107119390", "107120880", "108113480", "108113700", "108114040", "108115070", "108115250", "108115570", "108116501", "108117451", "108118060", "108118291", "108118301", "108118520", "108120060", "108120621", "108121351", "109114030", "109117271", "109118161", "109118231", "109121640", "110114651", "110115250", "110117080", "110117110", "110117140", "110117870", "110118181", "110118450", "110118701", "110120640", "111115400", "111116100", "111116530", "111117480", "111118820", "111119250", "111120320", "111120591", "111121930", "112116401", "112116501", "112116610", "112117030", "112117210", "112118161", "112118810", "112118930", "112119500", "112119930", "112120540", "112120640", "112120700", "113117340", "113118231", "113119300", "113119320", "113119930", "113120070", "113121010", "113121190", "113122220", "113122430"], "labels": [0, 2, 2, 2, 0, 0, 1, 0, 1, 1, 1, 2, 2, 2, 2, 0, 3, 2, 2, 1, 3, 1, 1, 0, 3, 0, 0, 2, 2, 3, 2, 3, 2, 3, 3, 3, 3, 0, 1, 3, 1, 3, 1, 1, 3, 3, 1, 1, 3, 2, 1, 0, 3, 3, 1, 2, 2, 0, 1, 1, 0, 3, 0, 1, 0, 1, 3, 3, 2, 3, 3, 1, 0, 2, 3, 0, 3, 2, 2, 1, 0, 0, 0, 1, 1, 3, 0, 2, 1, 3, 1, 0, 1, 1, 3, 1, 0, 0, 1, 0, 3, 1, 1, 0, 3, 3, 1, 0, 3, 0, 0, 3, 3, 1, 0, 1, 1, 1, 1, 0, 3, 1, 2, 1, 0, 3, 1, 2, 1, 3, 0, 2, 2, 3, 1, 1, 1, 2, 2, 1, 1, 2], "predicted_labels": [3, 1, 0, 1, 2, 1, 3, 3, 2, 1, 3, 0, 0, 1, 2, 1, 0, 2, 3, 1, 3, 1, 1, 3, 1, 3, 3, 1, 0, 3, 1, 2, 3, 1, 0, 1, 1, 3, 3, 1, 1, 0, 1, 3, 0, 1, 0, 1, 0, 1, 3, 3, 0, 1, 3, 1, 3, 0, 1, 3, 3, 0, 1, 1, 3, 1, 1, 1, 1, 0, 1, 1, 3, 1, 1, 0, 1, 3, 1, 3, 1, 3, 2, 1, 3, 3, 3, 1, 3, 3, 3, 0, 0, 3, 1, 1, 1, 1, 1, 3, 3, 3, 1, 1, 0, 3, 1, 1, 1, 3, 3, 1, 3, 3, 0, 3, 3, 0, 1, 3, 0, 0, 3, 1, 0, 3, 1, 3, 2, 1, 0, 1, 3, 3, 3, 3, 1, 1, 1, 1, 1, 1], "confidence_scores": [[0.11578515487763436, 0.09478021704282333, 0.4910006165034938, 0.2984340115760484], [0.14911707570018165, 0.5714551602629659, 0.07394915954110967, 0.20547860449574268], [0.6453777291535551, 0.1627833101833006, 0.13934927488396284, 0.0524896857791813], [0.15792002955161513, 0.3325420078713271, 0.4124685625526214, 0.09706940002443665], [0.13694680539084403, 0.08987675775222381, 0.6717456389925365, 0.1014307978643957], [0.17094408042295914, 0.31248856627484634, 0.4606907111498801, 0.05587664215231475], [0.08833495884432578, 0.1883255051432552, 0.492252113598559, 0.23108742241385982], [0.17567803941875865, 0.17973334089991344, 0.21089696318956733, 0.4336916564917607], [0.02306783909596119, 0.03563129799882574, 0.8546892738692499, 0.08661158903596265], [0.3893496123832226, 0.31235476507807314, 0.20053698669534162, 0.09775863584336247], [0.3202680805213997, 0.18295465488886922, 0.2087848640416527, 0.28799240054807845], [0.7032537808796313, 0.10758447936775557, 0.07277354624240058, 0.11638819351021255], [0.47744519365280935, 0.09500988931265526, 0.10769649636405948, 0.31984842067047586], [0.2734747169353715, 0.40667250657512055, 0.18394804028926887, 0.13590473620023924], [0.06331100396332039, 0.0613292434644611, 0.8413243226123578, 0.03403542995986091], [0.05215036952240039, 0.6164247834805255, 0.3145592364175102, 0.016865610579563924], [0.6697297432369598, 0.15093759100571283, 0.07538607039916499, 0.10394659535816234], [0.2175136902047624, 0.08164493797474864, 0.6443615916993914, 0.05647978012109729], [0.32764011243885643, 0.22277193273951068, 0.1560134132551904, 0.29357454156644236], [0.07286603565721297, 0.45757308645195516, 0.3201477713989978, 0.14941310649183367], [0.19638032317083623, 0.28429391686127925, 0.04618746193714494, 0.4731382980307393], [0.35444494412452415, 0.49631943402352746, 0.036117922875347014, 0.11311769897660137], [0.2397685902853764, 0.4620765729666506, 0.28231728326946304, 0.015837553478510295], [0.05812827617754268, 0.12995379990842995, 0.21776356036538558, 0.5941543635486417], [0.330708081772122, 0.5212195522886782, 0.022578620009688015, 0.12549374592951162], [0.28831199074155456, 0.20469443982407853, 0.04421051479345098, 0.4627830546409161], [0.2207252147183298, 0.13719085044001633, 0.16885468331142187, 0.4732292515302322], [0.1773867933253109, 0.2784793517717403, 0.36660579688669387, 0.17752805801625537], [0.3206607163047974, 0.27748507245176707, 0.13845435246336, 0.26339985878007555], [0.1247924027824293, 0.17988629863280717, 0.5050272420235311, 0.19029405656123252], [0.18738347529330396, 0.32025500790763645, 0.2824122934195625, 0.20994922337949706], [0.07440507685679, 0.08802916101539247, 0.7529649629480414, 0.08460079917977592], [0.11466414222440163, 0.34630050045963556, 0.23052926057820805, 0.30850609673775475], [0.13346685004532258, 0.6330096906699092, 0.16383707609905857, 0.06968638318571002], [0.3903694873502618, 0.1718074303201038, 0.34431952990954007, 0.09350355242009412], [0.37430413388143774, 0.2795456822493198, 0.2908517420653514, 0.055298441803890874], [0.1370276790609171, 0.5638257474361411, 0.17229821392586658, 0.1268483595770751], [0.5232764771162279, 0.04320266848575947, 0.03430652248321693, 0.39921433191479583], [0.07750270586553258, 0.1405480829759411, 0.1371549117145222, 0.6447942994440041], [0.12096634108758035, 0.6189228601426776, 0.051946651582819116, 0.20816414718692275], [0.2373220777747649, 0.34673119818146947, 0.23407833661611482, 0.18186838742765074], [0.5497082670604011, 0.06336452075017625, 0.2980548560932703, 0.08887235609615264], [0.21752236260953262, 0.4130783339755806, 0.17176288482262128, 0.19763641859226522], [0.2090648365550259, 0.1650341009658147, 0.3630177080059963, 0.26288335447316313], [0.6424572534228713, 0.2118463873917657, 0.03752414685585703, 0.10817221232950586], [0.17500018622777105, 0.6007073993971298, 0.02132346519941491, 0.2029689491756841], [0.8378086115466357, 0.01598930771461243, 0.0028508772064882153, 0.14335120353226374], [0.10301413570230979, 0.17315837847421064, 0.5828173569697117, 0.14101012885376799], [0.5771417495471958, 0.03791435250877175, 0.02234755471686262, 0.36259634322716977], [0.04309905455368736, 0.3945361994650874, 0.29950736144006623, 0.26285738454115903], [0.2035405011399992, 0.15322124783636887, 0.20136193613544703, 0.4418763148881847], [0.2755045264883134, 0.037975859033561855, 0.03078800496141234, 0.6557316095167124], [0.41633252589013775, 0.29657294202193735, 0.04220184971403829, 0.2448926823738867], [0.3274848799544949, 0.2563801515406311, 0.2015049751818308, 0.21462999332304353], [0.1656137686395015, 0.13871075349403614, 0.07175324501162032, 0.6239222328548422], [0.2942208410749617, 0.3350225610197667, 0.15099763285262147, 0.21975896505265038], [0.14661183043036058, 0.27679641313304354, 0.15207316567672918, 0.42451859075986653], [0.7230644443810583, 0.19955271248039044, 0.019666210801084435, 0.05771663233746678], [0.07990007763790867, 0.43162561562469615, 0.2787633540472851, 0.20971095269011017], [0.16810316516235313, 0.29425846741367534, 0.0871450175922492, 0.4504933498317223], [0.09012431475308402, 0.17117267294518518, 0.2865207077150189, 0.4521823045867117], [0.5812774658927327, 0.17571735805768363, 0.021199616494497368, 0.22180555955508613], [0.0442889648032369, 0.5730980910258959, 0.35710378916470886, 0.025509155006158156], [0.2159627208787398, 0.3500684075356837, 0.28590089186311163, 0.14806797972246533], [0.24127213356978378, 0.29640574016203647, 0.16311732988561214, 0.2992047963825677], [0.18011579797222674, 0.42791361189849153, 0.3062950118360243, 0.08567557829325753], [0.2134997372268695, 0.7418747946311408, 0.022009643533733393, 0.022615824608256375], [0.2591323932723115, 0.5665351858823745, 0.059292941827478636, 0.11503947901783546], [0.3161377830778012, 0.4807870656784132, 0.08003559368481454, 0.12303955755897077], [0.4320868393485943, 0.22919502730797686, 0.08109486360904018, 0.2576232697343887], [0.018545815221393157, 0.9044328016212622, 0.05509002895713906, 0.021931354200205935], [0.11169346019290116, 0.18947344633059612, 0.5595227857408864, 0.13931030773561598], [0.3834196900996242, 0.10009692939255949, 0.0959387866429058, 0.4205445938649105], [0.3628284174570548, 0.6202331666499462, 0.012538212590769034, 0.004400203302229666], [0.11018211997046853, 0.729264270294139, 0.11309371579288098, 0.04745989394251139], [0.567397643072015, 0.04851266480141105, 0.007924656658816627, 0.37616503546775754], [0.3618698550844145, 0.3448836834453076, 0.008867950575187578, 0.28437851089509025], [0.27403923343369907, 0.14560953330199453, 0.12889059838009706, 0.45146063488420907], [0.03256086939604929, 0.6883841586828536, 0.07994034083869994, 0.19911463108239727], [0.04981102909987101, 0.3929018718708, 0.14965388757601372, 0.4076332114533153], [0.07566657696703519, 0.49284029965618775, 0.29299066243609184, 0.13850246094068502], [0.0474123156009132, 0.21179373674218896, 0.21664470192931035, 0.5241492457275875], [0.15256072643038748, 0.053871470066892385, 0.6807602357622897, 0.1128075677404304], [0.246206530360025, 0.6438551045010547, 0.06281909744449551, 0.04711926769442479], [0.1642285397401651, 0.0550685222245752, 0.0774993763396954, 0.703203561695564], [0.06951342480508435, 0.19638845726665252, 0.39053395121731427, 0.3435641667109491], [0.22351397202019366, 0.25530628691366125, 0.20239874580887304, 0.31878099525727205], [0.12625494750082547, 0.4392565679089337, 0.15679100045193994, 0.2776974841383008], [0.37595392938568595, 0.12513566813386298, 0.03502796521533678, 0.4638824372651143], [0.33378996760575275, 0.3485309497467976, 0.008877379955816953, 0.3088017026916329], [0.19470057750753136, 0.17839134363585532, 0.018190743118657104, 0.608717335737956], [0.7580836654856464, 0.08719181711272657, 0.023909706033731166, 0.13081481136789558], [0.4345396373966341, 0.257117009035276, 0.08605299093304017, 0.22229036263505003], [0.41164546818969894, 0.18695641730413187, 0.07597710850055349, 0.3254210060056158], [0.251071993790215, 0.39971105603281054, 0.05422291573164429, 0.2949940344453304], [0.4895158189472277, 0.352626647902198, 0.09866384634411722, 0.05919368680645686], [0.15115963287804027, 0.5425026000803999, 0.01878807552599794, 0.28754969151556165], [0.1739110433553848, 0.5363097822639713, 0.0626808633173482, 0.22709831106329575], [0.05768503401106682, 0.8430308694436143, 0.08909276626712644, 0.01019133027819242], [0.3723753035352969, 0.3102660962199616, 0.034827478236457605, 0.28253112200828384], [0.34240692453752763, 0.04963636662365273, 0.06988321930457335, 0.5380734895342463], [0.0936867829216294, 0.2475909995457905, 0.055097574256100346, 0.60362464327648], [0.07992423998787022, 0.5976154195629236, 0.067447089879086, 0.25501325057012014], [0.13180267833140907, 0.6453843606449363, 0.1099165728626304, 0.11289638816102424], [0.5412320501231049, 0.1672548933927277, 0.05952411991451096, 0.23198893656965647], [0.22631550730833114, 0.17566206636472834, 0.07240253573343722, 0.5256198905935034], [0.048949583699966166, 0.6144926802460497, 0.20507946042829964, 0.13147827562568454], [0.08148194404883413, 0.7522533295464409, 0.11590435505565036, 0.05036037134907477], [0.16842564631080462, 0.7672668519783601, 0.038631943778869034, 0.025675557931966225], [0.14709120647362006, 0.06501835166641869, 0.12418102406450422, 0.6637094177954572], [0.36175383555291557, 0.20863369416113015, 0.08936812375872567, 0.3402443465272288], [0.2582438283506383, 0.3267644640279665, 0.13854498437062743, 0.2764467232507678], [0.23836548868908258, 0.37043935611407863, 0.0187732980159858, 0.37242185718085274], [0.05546863761348498, 0.2661431755440227, 0.16550321218452418, 0.5128849746579685], [0.8865601480146986, 0.025407819839026454, 0.007457648835171892, 0.08057438331110325], [0.09694942547029226, 0.32301175291730244, 0.250773436299804, 0.3292653853126011], [0.0674191677612114, 0.03169445064020842, 0.490334959820799, 0.4105514217777815], [0.9591764567149305, 0.009190828558459655, 0.0021016263594165756, 0.02953108836719342], [0.25387715515107656, 0.2960462544803944, 0.2332977236162329, 0.21677886675229602], [0.4037029347682706, 0.10088764543129189, 0.010034113633318005, 0.4853753061671193], [0.6807803307392197, 0.17615638430306152, 0.026677340805423954, 0.11638594415229507], [0.8147907501368978, 0.06687315788310051, 0.062180121357370687, 0.05615597062263111], [0.19068879415588685, 0.12334032212846971, 0.121185180408348, 0.5647857033072954], [0.10943120484518312, 0.5593139414830274, 0.07564122041611998, 0.25561363325566955], [0.44904729672744115, 0.3090499496062759, 0.07427704768065421, 0.1676257059856289], [0.16901094414167303, 0.13972654465968512, 0.048323168129875256, 0.6429393430687665], [0.1426797376182304, 0.6227387045322127, 0.03958553769413125, 0.19499602015542553], [0.21287954015194524, 0.18759997348776888, 0.27515232283762586, 0.32436816352265996], [0.07398687839308066, 0.12869306860137794, 0.7130677916560934, 0.08425226134944816], [0.48352431185212486, 0.4475696978099876, 0.006204168113937648, 0.0627018222239501], [0.7796736980849787, 0.10563915166388481, 0.029102503730999603, 0.08558464652013678], [0.05558389647411731, 0.823096785410144, 0.012065442110789668, 0.10925387600494899], [0.1429337830030364, 0.173845078350971, 0.030169015321430258, 0.6530521233245623], [0.15656034794014143, 0.12159356626204172, 0.47338817724976284, 0.24845790854805405], [0.26739506611488806, 0.12991467112593671, 0.05458906616809985, 0.5481011965910755], [0.16656236688855972, 0.19220132913563323, 0.04501403186841154, 0.5962222721073954], [0.3248176843923223, 0.5070804878737616, 0.020337249008650866, 0.14776457872526533], [0.0620390679652783, 0.8000861888218127, 0.07725976570253287, 0.06061497751037617], [0.023154394692967765, 0.771984180830528, 0.11885111554716536, 0.08601030892933861], [0.38843456234932144, 0.39534980663779284, 0.146998565095082, 0.06921706591780377], [0.04240913767889429, 0.8810374245285222, 0.007224102424824951, 0.0693293353677587], [0.03346749601639294, 0.6318507394899923, 0.2805803068298178, 0.05410145766379697]]}}