{"test": {"ids": ["112121010", "107119390", "100111620", "102111990", "109114651", "97107681", "112116810", "109121640", "112116990", "111119950", "108113740", "97112300", "112118511", "98108970", "106117770", "102116500", "110115580", "113118421", "109114720", "110116290", "107114321", "108118520", "105115680", "97110950", "108121190", "107121540", "107115140", "98113881", "113122120", "113120751", "106115120", "112118620", "102113981", "113122510", "107113200", "102121700", "111119340", "110121140", "103111990", "98110230", "110117500", "101110150", "97107920", "111119290", "110120640", "106116120", "111115770", "100110260", "112116880", "107114110", "104116800", "111116010", "111119300", "106113190", "97105960", "110116170", "113121190", "102110850", "100117420", "113118870", "103120340", "98116090", "112119500", "107120880", "113119450", "112120290", "98111670", "112116501", "103113260", "104114240", "99114890", "112117790", "109114030", "103110760", "110119891", "100108260", "107119950", "100111270", "104113380", "108118810", "97106770", "107113550", "99109740", "113119300", "111117000", "113119480", "102112301", "106121220", "101114990", "106121190", "107114950", "103110100", "98106111", "109113591", "107116300", "98111231", "105112240", "105115900", "110121170", "109119340", "113118630", "103113640", "113120070", "110119300", "101112690", "111116290", "110117110", "107121640", "107114280", "113122170", "101108370", "111116100", "108120621", "99107640", "112118530", "113118820", "102110240", "113119950", "105118740", "97109080", "104113190", "102121440", "107121700", "101111990", "109115220", "112119450", "111117571", "100111080", "113118810", "110114321", "110117200", "100109360", "106118161", "104111990", "112119320", "99110050", "103113210", "100115700", "107113360", "98110680", "99108080", "112117571"], "labels": [2, 2, 3, 2, 3, 3, 3, 0, 0, 0, 3, 2, 1, 3, 0, 1, 1, 3, 0, 2, 0, 0, 2, 3, 1, 2, 0, 3, 1, 1, 1, 3, 1, 2, 0, 1, 3, 3, 2, 3, 1, 1, 0, 3, 0, 1, 3, 3, 0, 1, 1, 1, 1, 0, 2, 0, 1, 3, 2, 0, 1, 0, 2, 1, 3, 1, 1, 3, 3, 0, 2, 3, 1, 1, 3, 3, 3, 2, 1, 1, 3, 0, 3, 1, 0, 3, 1, 1, 3, 2, 3, 1, 0, 3, 0, 1, 1, 3, 2, 3, 3, 1, 2, 1, 1, 2, 0, 1, 3, 1, 1, 3, 1, 1, 1, 0, 3, 0, 1, 2, 3, 2, 3, 2, 3, 3, 3, 0, 3, 1, 3, 0, 3, 2, 1, 3, 3, 1, 0, 2, 3, 3], "predicted_labels": [3, 0, 1, 3, 3, 2, 0, 2, 0, 3, 3, 1, 1, 1, 1, 0, 2, 0, 2, 2, 1, 2, 3, 1, 3, 3, 3, 2, 1, 1, 3, 0, 2, 1, 1, 0, 0, 1, 2, 3, 3, 0, 3, 2, 2, 0, 2, 3, 1, 3, 0, 1, 1, 1, 1, 3, 1, 2, 2, 2, 2, 3, 1, 3, 1, 2, 3, 1, 1, 0, 3, 3, 0, 3, 0, 0, 1, 1, 3, 3, 2, 2, 0, 1, 1, 3, 2, 1, 2, 2, 3, 0, 0, 1, 0, 0, 1, 2, 1, 3, 1, 0, 2, 1, 2, 1, 1, 3, 1, 3, 0, 0, 0, 2, 1, 3, 1, 0, 0, 1, 3, 1, 1, 3, 3, 3, 0, 0, 3, 3, 1, 0, 3, 0, 1, 1, 0, 2, 1, 2, 0, 1], "confidence_scores": [[0.25405672182208994, 0.20594559773127175, 0.15792967394540589, 0.38206800650123257], [0.2892124061447031, 0.25382108605197334, 0.2020459771905447, 0.254920530612779], [0.2597245305381153, 0.36847123135692045, 0.13609211392745035, 0.23571212417751405], [0.2751107097886564, 0.17480263858558204, 0.19488829425666412, 0.35519835736909755], [0.3197682352695646, 0.21676945703118589, 0.12901693921417345, 0.3344453684850761], [0.2492297951508584, 0.2680453604676772, 0.33200964238836544, 0.15071520199309893], [0.5289294143688927, 0.14037515963531647, 0.06561611475014263, 0.2650793112456481], [0.12477056982352171, 0.30333007545946683, 0.3434061350800803, 0.22849321963693123], [0.4772745712943908, 0.137848667445899, 0.19652071725798434, 0.1883560440017259], [0.290118298552032, 0.1258068037001088, 0.14442410693189564, 0.43965079081596353], [0.24495588490120415, 0.17940966823757173, 0.11698374192385792, 0.45865070493736626], [0.26383572412530143, 0.3067112845133168, 0.21662877810095957, 0.21282421326042233], [0.21742053000158104, 0.31652713084570994, 0.15395676832220442, 0.3120955708305046], [0.20279675753288606, 0.2855884546488412, 0.2284416377867663, 0.28317315003150645], [0.19304312958326972, 0.3823795455624804, 0.18775160679078853, 0.23682571806346148], [0.33513847314063194, 0.2515131438767281, 0.22366858685496097, 0.18967979612767907], [0.2402416309383913, 0.16988581376888637, 0.43632472800794986, 0.15354782728477243], [0.4722312401159522, 0.1553239361229979, 0.105823520926996, 0.266621302834054], [0.17844584898760324, 0.2759278095349999, 0.2982808231499019, 0.24734551832749496], [0.18725415701217202, 0.08723214334541964, 0.5986331017745662, 0.12688059786784237], [0.3432396820199988, 0.34560471932897285, 0.12164712560659979, 0.18950847304442844], [0.23801722560405625, 0.19524983756713482, 0.3673129906171428, 0.19941994621166628], [0.2144957794257782, 0.3161565910089251, 0.11655510122387598, 0.35279252834142094], [0.2378674398241187, 0.3547208341170238, 0.21304513238928732, 0.1943665936695704], [0.21315794175891895, 0.2505139471013955, 0.15029731774136074, 0.3860307933983248], [0.1685847893598307, 0.21067565616440506, 0.12247983260963737, 0.4982597218661271], [0.14293814171021155, 0.1825686129099262, 0.11293467614871948, 0.5615585692311427], [0.14461005751435663, 0.30576192688961645, 0.33605666648150473, 0.21357134911452214], [0.2368172726290379, 0.3685109097831208, 0.1896363513003118, 0.2050354662875295], [0.13396367549060118, 0.3993986040721212, 0.2550441920916024, 0.2115935283456752], [0.21096624601904213, 0.2630224607948125, 0.20684840472323282, 0.31916288846291246], [0.5273759416960079, 0.1644565937139969, 0.10574951856201673, 0.20241794602797858], [0.2507942792968478, 0.1839865132360747, 0.4785004810415757, 0.08671872642550177], [0.16246162160104194, 0.3051303701247449, 0.29008722702517237, 0.24232078124904077], [0.21989008675452723, 0.3549796512162447, 0.22625900557714204, 0.19887125645208614], [0.5513811729939855, 0.14365658735340295, 0.1306172516850678, 0.17434498796754366], [0.3379607798358388, 0.18311933551446308, 0.17787131435115877, 0.3010485702985393], [0.2186231440455982, 0.34476037033138, 0.16399056902453385, 0.2726259165984879], [0.22099056901438327, 0.20238758760988843, 0.32858716073643646, 0.24803468263929176], [0.28937255962759156, 0.23518529500871177, 0.17188946345997413, 0.3035526819037224], [0.3396941846325118, 0.2242876152448651, 0.09257002549375344, 0.34344817462886973], [0.3728104876382237, 0.206198004391374, 0.140902891243332, 0.2800886167270704], [0.264479772048727, 0.17745742178506882, 0.17982651220835233, 0.3782362939578519], [0.19011891254229504, 0.20118186173090585, 0.40501147976932345, 0.20368774595747569], [0.2321897825977033, 0.2622783776549835, 0.28974237615486775, 0.2157894635924453], [0.425235347327244, 0.2285341789792588, 0.15786746517381445, 0.18836300851968293], [0.26999059963211025, 0.20818876773630923, 0.4179815251153028, 0.1038391075162778], [0.26323781569104454, 0.22573903240414028, 0.18152764552094283, 0.3294955063838724], [0.12648752129182939, 0.5661702799270548, 0.18967926990364573, 0.1176629288774701], [0.20305462499432128, 0.24731786589392077, 0.16237126678828395, 0.38725624232347394], [0.3248292510217928, 0.18384701473070245, 0.18340992820706267, 0.30791380604044216], [0.10420737230670672, 0.34030443275052347, 0.26477010413485197, 0.29071809080791766], [0.1260534992075575, 0.4514934970899073, 0.09990057787174417, 0.3225524258307911], [0.2858129170342143, 0.3891577193485364, 0.1628989767819676, 0.1621303868352816], [0.2164965234817392, 0.27974129805456865, 0.2793452762984188, 0.22441690216527332], [0.19498025604508373, 0.2040172061884747, 0.184070606062738, 0.41693193170370363], [0.24068720537289007, 0.4344128551683122, 0.10047419265604493, 0.22442574680275276], [0.10744754902665492, 0.21306816754285415, 0.4345444967021884, 0.2449397867283025], [0.10201872992668154, 0.16614413515573348, 0.589259322982819, 0.14257781193476596], [0.33306639770258056, 0.13384215825762935, 0.41728195443377103, 0.11580948960601914], [0.11979607979207699, 0.19348497198224235, 0.5198214439627775, 0.1668975042629033], [0.16218280819938208, 0.23506361941239096, 0.2872174078034977, 0.31553616458472916], [0.2665522943523009, 0.28879860476890706, 0.21945762428688825, 0.2251914765919039], [0.22128990209981794, 0.23616952350896483, 0.20759919640982877, 0.3349413779813884], [0.22579603655908034, 0.3875479688420536, 0.19015009328759874, 0.19650590131126733], [0.2206209707672686, 0.14030029949877232, 0.5055229376035524, 0.13355579213040664], [0.12190583066660737, 0.14444368249266543, 0.17306249930771125, 0.5605879875330161], [0.256222367152304, 0.2927862747468592, 0.16226945839245188, 0.28872189970838485], [0.24377576254864539, 0.33398616502914413, 0.15499335685936663, 0.26724471556284374], [0.3249528625198771, 0.26854778573085075, 0.15847740797846768, 0.2480219437708046], [0.167673360108872, 0.32264017440709764, 0.15587964516766228, 0.35380682031636834], [0.2652546168703467, 0.18434765720384697, 0.21706358895534666, 0.33333413697045977], [0.29502676500168046, 0.2516652219566299, 0.23798161631525894, 0.21532639672643084], [0.2937269330326811, 0.26921993727617927, 0.09761899978327426, 0.3394341299078653], [0.3326207595936603, 0.2472888928430607, 0.13460404436554324, 0.2854863031977357], [0.33059695993787785, 0.1721880596771766, 0.2647122595247606, 0.23250272086018495], [0.29346846857153935, 0.3792789729270863, 0.10307828571761689, 0.22417427278375762], [0.14930703397793005, 0.4416179312849539, 0.2571691998633108, 0.15190583487380518], [0.21728018579148484, 0.20299249345564763, 0.22942005973092136, 0.3503072610219462], [0.1612257634608771, 0.22570367289141766, 0.08498459159700289, 0.5280859720507024], [0.20850173801564797, 0.21703982752662773, 0.4290395665480692, 0.1454188679096551], [0.13262083517855364, 0.23093875165432112, 0.4039721316415285, 0.2324682815255967], [0.3617507953114578, 0.1698365085691469, 0.3020436064934725, 0.1663690896259229], [0.15748688187269808, 0.38382479653396107, 0.16305064333186936, 0.2956376782614714], [0.13129335242398057, 0.37209010908306256, 0.18718689844136452, 0.30942964005159246], [0.25889680330773407, 0.32121334157644255, 0.09476916390962495, 0.32512069120619846], [0.2050057743885075, 0.19243358904264155, 0.36568637123812997, 0.23687426533072106], [0.3176133559286857, 0.32775097195254643, 0.13614480750673572, 0.21849086461203227], [0.11784852594077952, 0.26432521736240705, 0.3205237407523043, 0.297302515944509], [0.11489089373502931, 0.32478596054407627, 0.3715870351587125, 0.18873611056218206], [0.2836821356080596, 0.2608738959445762, 0.12636616251612792, 0.3290778059312362], [0.28812722322973605, 0.26264532043675753, 0.2225226655576393, 0.22670479077586728], [0.375708469188, 0.14921419473132583, 0.11596139619281998, 0.3591159398878542], [0.2258294659290458, 0.4172970565699586, 0.09937268844825388, 0.2575007890527416], [0.3711253364553119, 0.20823700468619052, 0.1922748022033904, 0.2283628566551072], [0.5388485894129524, 0.16062210473564142, 0.18049207053077593, 0.12003723532063021], [0.20318877430406942, 0.4085965602832865, 0.07366747949811278, 0.31454718591453135], [0.1595166548341747, 0.21666378972303357, 0.34813419671704676, 0.2756853587257448], [0.19485963975514686, 0.34470163248000174, 0.1652165631966789, 0.29522216456817246], [0.25155774242824286, 0.2794833166770198, 0.1894532353720134, 0.27950570552272413], [0.2852608269190619, 0.3209506823326233, 0.13747160033090677, 0.2563168904174082], [0.3148045606942389, 0.19041463815907875, 0.1810128038028323, 0.31376799734385025], [0.27285407462583666, 0.22378096911059367, 0.39546909531500823, 0.10789586094856153], [0.2534658942289786, 0.3682635634431174, 0.14299641435113555, 0.2352741279767686], [0.2962524448969119, 0.13060058212776254, 0.3368472085834308, 0.23629976439189482], [0.23598820823178138, 0.3805493699287434, 0.1624505979480778, 0.22101182389139762], [0.23320433169211197, 0.32358389458759707, 0.17696624421603924, 0.2662455295042519], [0.17437287462663573, 0.24665885949783214, 0.2602076974111856, 0.31876056846434664], [0.15241843239117422, 0.4947971325810442, 0.21970765546388596, 0.13307677956389571], [0.09264772907259507, 0.32818864197147496, 0.15296255594173197, 0.4262010730141979], [0.380172981592397, 0.09787871677613838, 0.17017148724060865, 0.35177681439085595], [0.4209111511427557, 0.20513778924047155, 0.10417258597935686, 0.2697784736374159], [0.5583122869543431, 0.18744003819072028, 0.11115868105315771, 0.14308899380177897], [0.16937677036411275, 0.2130058340157906, 0.3642451523308309, 0.2533722432892657], [0.175635564008898, 0.3847346929484121, 0.21641248152782633, 0.22321726151486362], [0.26879472847638985, 0.2692041202732087, 0.17829528455539667, 0.2837058666950048], [0.16408943297850873, 0.4982720526296348, 0.15965506438731797, 0.1779834500045387], [0.43395273959318154, 0.16724063865500768, 0.11614394672548833, 0.28266267502632253], [0.2865618791361272, 0.23365632252939933, 0.27039717348222375, 0.20938462485224985], [0.17526836695476777, 0.43135745405640064, 0.15140868378364403, 0.24196549520518748], [0.2330945022968513, 0.2466278279121187, 0.10934556324084332, 0.4109321065501868], [0.18959918618252794, 0.3140194692999171, 0.2002295794335233, 0.29615176508403185], [0.2502135768551988, 0.3669109329060157, 0.16829958150513827, 0.21457590873364743], [0.1577955950628284, 0.27927701032131547, 0.13481508954548785, 0.4281123050703683], [0.26333010094916154, 0.16847307468749215, 0.12459953301585279, 0.44359729134749354], [0.2637993814998782, 0.31457766417292854, 0.10259524352423656, 0.3190277108029569], [0.35798090571961627, 0.2615899002746522, 0.14786732606374112, 0.23256186794199044], [0.28884352118110984, 0.27536386774133226, 0.21489508728703427, 0.2208975237905235], [0.14498251479405502, 0.2932961818681415, 0.12694467582041177, 0.43477662751739166], [0.23723674391260297, 0.25803897827807676, 0.24452232846490096, 0.26020194934441954], [0.1928231375907793, 0.3709729582165656, 0.19090396162495574, 0.24529994256769938], [0.48483290012212016, 0.13248519890544203, 0.16706613805385143, 0.21561576291858647], [0.2188590329586818, 0.25073057275358324, 0.22808772436420782, 0.3023226699235272], [0.4774872570369277, 0.2240566435294972, 0.14109980848564024, 0.15735629094793488], [0.153197922559587, 0.34012414524156026, 0.25089946662127316, 0.25577846557757977], [0.11759952478295946, 0.35487904165787076, 0.20558229892443303, 0.321939134634737], [0.3251099749227607, 0.23014740955694052, 0.13536909352300522, 0.30937352199729345], [0.21587063083716457, 0.1871561581558249, 0.45681421025611396, 0.14015900075089655], [0.24670282467819293, 0.32985225765833076, 0.11698907731377561, 0.3064558403497008], [0.2063591325403242, 0.15029044032389796, 0.5089279371982321, 0.1344224899375456], [0.34368687797641895, 0.2143427111642852, 0.20158605361857776, 0.2403843572407181], [0.17576513133431956, 0.419099558401344, 0.2620972183223541, 0.14303809194198228]]}, "rewritten": {"ids": ["97105960", "97106770", "97107681", "97107920", "97109080", "97110950", "97112300", "98106111", "98108970", "98110230", "98110680", "98111231", "98111670", "98113881", "98116090", "99107640", "99108080", "99109740", "99110050", "99114890", "100108260", "100109360", "100110260", "100111080", "100111270", "100111620", "100115700", "100117420", "101108370", "101110150", "101111990", "101112690", "101114990", "102110240", "102110850", "102111990", "102112301", "102113981", "102116500", "102121440", "102121700", "103110100", "103110760", "103111990", "103113210", "103113260", "103113640", "103120340", "104111990", "104113190", "104113380", "104114240", "104116800", "105112240", "105115680", "105115900", "105118740", "106113190", "106115120", "106116120", "106117770", "106118161", "106121190", "106121220", "107113200", "107113360", "107113550", "107114110", "107114280", "107114321", "107114950", "107115140", "107116300", "107119390", "107119950", "107120880", "107121540", "107121640", "107121700", "108113740", "108118520", "108118810", "108120621", "108121190", "109113591", "109114030", "109114651", "109114720", "109115220", "109119340", "109121640", "110114321", "110115580", "110116170", "110116290", "110117110", "110117200", "110117500", "110119300", "110119891", "110120640", "110121140", "110121170", "111115770", "111116010", "111116100", "111116290", "111117000", "111117571", "111119290", "111119300", "111119340", "111119950", "112116501", "112116810", "112116880", "112116990", "112117571", "112117790", "112118511", "112118530", "112118620", "112119320", "112119450", "112119500", "112120290", "112121010", "113118421", "113118630", "113118810", "113118820", "113118870", "113119300", "113119450", "113119480", "113119950", "113120070", "113120751", "113121190", "113122120", "113122170", "113122510"], "labels": [2, 3, 3, 0, 2, 3, 2, 0, 3, 3, 2, 1, 1, 3, 0, 1, 3, 3, 3, 2, 3, 0, 3, 0, 2, 3, 1, 2, 1, 1, 2, 1, 3, 3, 3, 2, 1, 1, 1, 2, 1, 1, 1, 2, 3, 3, 1, 1, 2, 3, 1, 0, 1, 1, 2, 3, 1, 0, 1, 1, 0, 3, 2, 1, 0, 0, 0, 1, 3, 0, 3, 0, 0, 2, 3, 1, 2, 1, 3, 3, 0, 1, 1, 1, 3, 1, 3, 0, 3, 3, 0, 1, 1, 0, 2, 0, 3, 1, 1, 3, 0, 3, 2, 3, 1, 3, 2, 0, 3, 3, 1, 3, 0, 3, 3, 0, 0, 3, 3, 1, 1, 3, 1, 3, 2, 1, 2, 3, 3, 3, 0, 0, 1, 3, 3, 0, 2, 1, 1, 1, 1, 2], "predicted_labels": [1, 2, 2, 0, 1, 1, 1, 3, 2, 3, 0, 0, 3, 3, 2, 3, 0, 0, 3, 2, 0, 0, 3, 0, 1, 0, 0, 2, 0, 0, 3, 3, 3, 1, 1, 0, 3, 2, 2, 3, 0, 0, 0, 1, 1, 0, 0, 3, 2, 0, 0, 0, 3, 3, 1, 3, 0, 0, 1, 0, 1, 1, 0, 3, 3, 3, 3, 1, 1, 3, 3, 3, 0, 2, 0, 2, 3, 3, 3, 3, 2, 3, 0, 2, 0, 0, 3, 1, 0, 0, 3, 0, 0, 0, 2, 3, 3, 3, 1, 3, 1, 3, 3, 3, 1, 0, 0, 1, 3, 3, 1, 0, 0, 3, 0, 2, 0, 1, 0, 0, 1, 0, 1, 0, 1, 3, 3, 0, 1, 3, 3, 0, 0, 0, 0, 0, 0, 1, 0, 1, 1, 2], "confidence_scores": [[0.1782994268909345, 0.3373728885001707, 0.24833001588721945, 0.23599766872167532], [0.21516762513710372, 0.14192258430719865, 0.5570590001020959, 0.0858507904536018], [0.16178567824888412, 0.1506410888668928, 0.4896578750339563, 0.1979153578502669], [0.3580958517355495, 0.1329670409558221, 0.16997803707558376, 0.3389590702330448], [0.17045293504651862, 0.2837800257898175, 0.26958867444653356, 0.2761783647171304], [0.2357976967628923, 0.38805408126040386, 0.11761373332305235, 0.2585344886536515], [0.27811029663397074, 0.3517793862209508, 0.14775364016318648, 0.2223566769818921], [0.3077387508447204, 0.11661492950802507, 0.15247605845800594, 0.42317026118924844], [0.28573923415360575, 0.17688798455230137, 0.3568238058785517, 0.18054897541554119], [0.2217654360043274, 0.2876563813746055, 0.1340249881804069, 0.3565531944406603], [0.3731499114680099, 0.1694969232328807, 0.27570837961740646, 0.18164478568170278], [0.4378306450847649, 0.2136498868271681, 0.1463549046483443, 0.2021645634397226], [0.09541932527836723, 0.11330293968349575, 0.32637886104601993, 0.46489887399211727], [0.24836004434496423, 0.1793666764243018, 0.27954709361889135, 0.2927261856118426], [0.14787547815582294, 0.1473764643541435, 0.5255972494934023, 0.17915080799663127], [0.11715376046767605, 0.18393137236030066, 0.30324236977980534, 0.395672497392218], [0.3965882934865506, 0.1672749195617132, 0.15144730404370982, 0.2846894829080262], [0.36601745602741675, 0.18233489213274334, 0.20448678971106443, 0.24716086212877564], [0.1760391033868446, 0.2636209314542423, 0.13092015364772952, 0.4294198115111835], [0.21201617122251235, 0.21706309863145087, 0.2978415140573128, 0.2730792160887241], [0.48893352804809315, 0.19015817819037725, 0.09527863046848503, 0.2256296632930447], [0.5168482626249453, 0.15691128794151815, 0.10425944162638906, 0.2219810078071476], [0.22681623503993759, 0.21267316899636535, 0.211291598971798, 0.34921899699189907], [0.32076075394042675, 0.23978048871513405, 0.13265943308042075, 0.30679932426401857], [0.2721973492626763, 0.2748061502933256, 0.25493828370271604, 0.198058216741282], [0.4138709084612245, 0.14870482410487637, 0.1842847005813547, 0.25313956685254435], [0.5613639664284756, 0.10909833435467241, 0.1435794623003689, 0.18595823691648325], [0.1681893745070002, 0.2386226300719605, 0.41326537223722165, 0.1799226231838178], [0.3323881875696492, 0.19118417366122528, 0.19829181375463079, 0.27813582501449496], [0.5420420888840827, 0.20240949075582412, 0.11469244108007565, 0.14085597928001756], [0.21843746829306468, 0.2715335049748472, 0.14833031293715943, 0.3616987137949287], [0.2704387250669689, 0.1364706904767844, 0.2751012598292609, 0.31798932462698587], [0.1837314087001598, 0.2293022637656593, 0.19169988139295888, 0.3952664461412219], [0.27261642533475516, 0.33112033494407583, 0.13863502312309203, 0.257628216598077], [0.14613952663443147, 0.34539667671676727, 0.23158101249920016, 0.27688278414960105], [0.38592498664864616, 0.2858403443862021, 0.18859941761090887, 0.1396352513542427], [0.1755688978517882, 0.23753423572813726, 0.1791821560860039, 0.40771471033407064], [0.28285695882544487, 0.08838607265473211, 0.5484692794278156, 0.08028768909200747], [0.2301505918234548, 0.24449571560963626, 0.3205668807470044, 0.20478681181990463], [0.2621788002794065, 0.2802348631619457, 0.12883821536373008, 0.3287481211949178], [0.37711153358746313, 0.2087215500772176, 0.22380806706982134, 0.19035884926549795], [0.47262980371432817, 0.09857616274083317, 0.2637123477950535, 0.16508168574978502], [0.37572523008534503, 0.24353861713138453, 0.11852033415690484, 0.26221581862636556], [0.3175976985729683, 0.35137484948608605, 0.0965602480818519, 0.23446720385909386], [0.27928967023810974, 0.3095292495028675, 0.18432491477853585, 0.22685616548048707], [0.40791283717344246, 0.19787925839596965, 0.09514458179083296, 0.2990633226397551], [0.34062034956465204, 0.20270221684770992, 0.1266604787966911, 0.33001695479094695], [0.19747220026766082, 0.2666172804711911, 0.2247262383829454, 0.3111842808782027], [0.18379106244361254, 0.17091635510450115, 0.5439341587533431, 0.10135842369854331], [0.5072893242525921, 0.16701230649397197, 0.083720733467434, 0.24197763578600204], [0.3356432419754775, 0.3169653040195841, 0.12776132607784235, 0.21963012792709607], [0.6231044994876384, 0.16191126571379552, 0.10003387892839291, 0.11495035587017328], [0.24829908709490728, 0.20368717415642504, 0.11967526216303095, 0.4283384765856367], [0.29022768946441846, 0.2751636896733119, 0.11889033830761513, 0.31571828255465456], [0.14740232212769094, 0.3096793233196045, 0.2932387031291479, 0.2496796514235568], [0.20977973302355515, 0.24086879896067317, 0.1777495651898343, 0.3716019028259376], [0.29302380179676507, 0.2875727522725782, 0.1667907966776042, 0.25261264925305243], [0.31374418462957065, 0.29470573727934857, 0.11762171038883394, 0.273928367702247], [0.21553867441601635, 0.3544110028374539, 0.17849544143938093, 0.2515548813071489], [0.5092422262980935, 0.16031800302383364, 0.10816296460694048, 0.22227680607113248], [0.21952801334229913, 0.2858149476394568, 0.23871597270078643, 0.2559410663174574], [0.22942500633318444, 0.3468401653586522, 0.17441159555483457, 0.24932323275332863], [0.3178337769586337, 0.30015705247610125, 0.11570852545247032, 0.26630064511279466], [0.34259283116804734, 0.19793466733537132, 0.06856195085316828, 0.39091055064341307], [0.21349205255010476, 0.25244855836468544, 0.24318120048791197, 0.2908781885972978], [0.2979352164251865, 0.16276688348485277, 0.09280911466779693, 0.4464887854221638], [0.19741503465762386, 0.24537419833888174, 0.24707993438076595, 0.31013083262272867], [0.27240438711536313, 0.2785761708115107, 0.19369402408381167, 0.25532541798931446], [0.2779256115379622, 0.32895361608485457, 0.16560053624614876, 0.22752023613103461], [0.18915016124918677, 0.3103941517472898, 0.09378483612492346, 0.40667085087859983], [0.292739558490652, 0.22257265142406515, 0.12194006764591978, 0.36274772243936326], [0.3461399479599778, 0.12096991693321632, 0.10133155786343333, 0.43155857724337265], [0.4213332996474101, 0.2829346608999505, 0.12184206188357583, 0.17388997756906346], [0.18321537972846816, 0.10417734018980115, 0.5337146227459535, 0.17889265733577722], [0.3271423231089147, 0.28692917553399694, 0.2575806850932965, 0.12834781626379177], [0.19658497262682995, 0.20997890911781544, 0.29693724111941133, 0.2964988771359433], [0.30190034834957585, 0.23478807396044568, 0.12679577530011005, 0.3365158023898684], [0.2462964469992093, 0.2532763579898421, 0.12964861600850988, 0.3707785790024389], [0.13273996649115882, 0.16035934687182452, 0.1799955043535885, 0.5269051822834281], [0.29293226139562956, 0.13078923850091362, 0.06345740867532336, 0.5128210914281336], [0.28500306755874427, 0.178110025439802, 0.3032472186162512, 0.23363968838520252], [0.24756336914760194, 0.25369514879164856, 0.06217907161160169, 0.4365624104491478], [0.6137802275530184, 0.1053810127226024, 0.08320617412550238, 0.19763258559887678], [0.26937642508658854, 0.18800302466018373, 0.32647765840733056, 0.2161428918458971], [0.39471409924289497, 0.184198175295077, 0.24630926998230132, 0.1747784554797269], [0.41936829616037363, 0.18764075299500912, 0.1822218505257158, 0.2107691003189015], [0.17595595255013916, 0.15181006514486325, 0.23293454120134777, 0.43929944110364993], [0.17670430453999256, 0.37573630032691174, 0.2247535941764693, 0.22280580095662636], [0.592609338956668, 0.10020649249611124, 0.07794829232087465, 0.2292358762263462], [0.6205618940164115, 0.12013714081164448, 0.06067834892770786, 0.19862261624423624], [0.2165660548431576, 0.1547797029788357, 0.2961209849801949, 0.33253325719781185], [0.38297047380807814, 0.2940159862485193, 0.1539056993139172, 0.16910784062948542], [0.41382391864065193, 0.1477896812910755, 0.2958351970280206, 0.14255120304025204], [0.30599814545395837, 0.2713435990966242, 0.14090514496479253, 0.2817531104846249], [0.19896379301273234, 0.16794578789599032, 0.46782263904319277, 0.16526778004808448], [0.16033493409918598, 0.31084302873977177, 0.16866489852493097, 0.36015713863611143], [0.19294839314474202, 0.30418104029780274, 0.12914697038126494, 0.3737235961761904], [0.2332421940471502, 0.275352477640526, 0.1589373480605226, 0.33246798025180135], [0.22819614127798662, 0.36654998230442015, 0.11822861128551757, 0.2870252651320757], [0.2955974790427288, 0.23773681873838537, 0.14060938734204215, 0.3260563148768436], [0.16225608595361737, 0.43008659127774534, 0.18969347121699068, 0.21796385155164658], [0.23630452634177743, 0.2794259600866444, 0.17405424071791487, 0.3102152728536633], [0.18544142284576562, 0.24373490037783416, 0.2275456393385428, 0.34327803743785745], [0.2745948696995165, 0.1989772695008003, 0.1634873169503883, 0.36294054384929497], [0.14589787089140727, 0.3772054558215558, 0.10520386647303523, 0.3716928068140017], [0.34188801034526534, 0.12184329121677104, 0.2004921544072205, 0.3357765440307429], [0.47323144607527484, 0.27083574052235365, 0.08936492032743068, 0.16656789307494071], [0.15152572946013015, 0.333715929609725, 0.26077512440524947, 0.25398321652489536], [0.1901305462604916, 0.10002814690618496, 0.09154073828111453, 0.6183005685522089], [0.1727942069377393, 0.18540366750701, 0.24878655076795464, 0.39301557478729615], [0.19848613330355713, 0.4293390160400143, 0.16770651865743486, 0.2044683319989938], [0.5632817812797498, 0.13282984193243103, 0.11664733645465292, 0.18724104033316633], [0.47599721312292664, 0.13887616697485536, 0.1214361343860495, 0.2636904855161683], [0.2360975833137646, 0.21992103087641512, 0.24830750084241834, 0.2956738849674019], [0.6707551955184791, 0.12785645821203043, 0.07055078293523537, 0.13083756333425506], [0.2253747348755534, 0.22331893269660077, 0.3791799128751378, 0.17212641955270822], [0.5068341720913558, 0.12464809638221165, 0.17932659253551023, 0.18919113899092235], [0.16060958901549682, 0.36522355122119826, 0.284573272027602, 0.1895935877357033], [0.38194449993153884, 0.21825207240754463, 0.17321611045660318, 0.22658731720431344], [0.32963721879443, 0.26229343045966924, 0.10353386100958772, 0.3045354897363129], [0.19231629511971346, 0.2861355907680865, 0.2554207988947715, 0.26612731521742855], [0.5310929262227493, 0.1763878130265919, 0.17024257228790252, 0.12227668846275633], [0.228184023599731, 0.2853266522215325, 0.25164937809252974, 0.2348399460862069], [0.5643214752529679, 0.13660142036836811, 0.08040490989353033, 0.21867219448513361], [0.12632867599360853, 0.47091778806587914, 0.161545465344154, 0.2412080705963583], [0.1794311856956378, 0.1497218838416222, 0.3161156003080709, 0.35473133015466907], [0.2960960520704437, 0.22696196154197043, 0.1061681296774797, 0.3707738567101062], [0.3841143695153675, 0.19287507994434205, 0.22580675435883243, 0.1972037961814583], [0.29041139959453904, 0.3345319310959922, 0.0989574888681971, 0.2760991804412718], [0.17256282269763104, 0.1698217206865179, 0.214774219073714, 0.44284123754213717], [0.1943044537469838, 0.1636862957249494, 0.28245775677294294, 0.3595514937551239], [0.3213439597720285, 0.19383146298868867, 0.17298815137139456, 0.3118364258678884], [0.44106400318440936, 0.24232016217995708, 0.10766579617228554, 0.20895003846334795], [0.3892815632439079, 0.18276798576115638, 0.21371402727081096, 0.21423642372412485], [0.37585677687890645, 0.23754962315279968, 0.06381302510926135, 0.3227805748590326], [0.5094084422327094, 0.16369475819166843, 0.08188281655037255, 0.2450139830252495], [0.39662775118576427, 0.13978577871125014, 0.14646997423389493, 0.3171164958690907], [0.13700288050492634, 0.3954152815503429, 0.22183785582717963, 0.2457439821175512], [0.6395761969262836, 0.2046570433297627, 0.060449099410817164, 0.09531766033313646], [0.28750277934367263, 0.3338088154809991, 0.16027192494007167, 0.21841648023525648], [0.1406649368857555, 0.3698979640218704, 0.17486882029339035, 0.3145682787989837], [0.23314726647758033, 0.22239204392009182, 0.3712797318152613, 0.17318095778706669]]}}