{"test": {"ids": ["103120780", "109118161", "111121190", "113118421", "98106111", "105113620", "97107260", "107114950", "108113760", "99113260", "106117650", "110119300", "97106591", "98120530", "111114941", "107120010", "110116501", "98109090", "109115211", "111114321", "108115070", "107113200", "105115900", "113120751", "98110230", "105119550", "112120290", "105116501", "112119450", "113122150", "106118520", "100111270", "107115140", "97116401", "108121410", "111120531", "97107681", "100109360", "103113170", "111115620", "104114740", "105118230", "101111310", "112117571", "111120190", "112118930", "107119950", "112119120", "101112540", "97114170", "110120531", "105120280", "111116990", "99107640", "103113270", "99108460", "104113380", "113120780", "112117790", "105115720", "99107560", "108114270", "109115070", "104111780", "103109021", "100120010", "110120190", "98108410", "108116120", "104111550", "107118520", "99107300", "99108520", "98116940", "113120070", "106116820", "111119950", "103113101", "109116441", "109120621", "111116750", "101111990", "105113440", "100109890", "103120531", "112118890", "106119580", "111121220", "97116790", "99114890", "101110200", "102109840", "112120670", "111116010", "106118301", "104118340", "113119360", "99109860", "100109000", "105115380", "111118820", "108114200", "101112201", "111118301", "111115770", "113120640", "99107950", "111116170", "111121351", "108117610", "109121410", "113117340", "107114321", "112121010", "107121640", "111116090", "101108950", "107113130", "97109080", "97106770", "106116640", "98108970", "106113360", "108114180", "102110500", "112119980", "107113260", "111120591", "112117210", "109119010", "106113170", "104119340", "108120621", "110120700", "113118511", "110117140", "113120601", "111114121", "112118880", "99109141", "108114220", "113117630"], "labels": [1, 0, 1, 3, 0, 0, 2, 3, 1, 0, 1, 1, 1, 1, 0, 1, 3, 1, 0, 1, 1, 0, 3, 1, 3, 1, 1, 1, 3, 2, 2, 2, 0, 3, 0, 0, 3, 0, 3, 1, 2, 1, 3, 3, 3, 1, 3, 1, 2, 2, 0, 3, 0, 1, 2, 0, 1, 0, 3, 1, 1, 3, 0, 3, 0, 0, 3, 1, 1, 1, 2, 3, 2, 2, 2, 1, 0, 3, 3, 1, 3, 2, 0, 3, 3, 3, 3, 3, 2, 2, 2, 2, 2, 1, 1, 2, 0, 2, 1, 1, 0, 0, 0, 3, 3, 0, 1, 0, 0, 3, 0, 2, 0, 2, 1, 3, 2, 1, 2, 3, 3, 3, 0, 1, 3, 0, 0, 1, 1, 3, 0, 1, 1, 2, 1, 3, 2, 0, 1, 3, 3, 0], "predicted_labels": [1, 1, 3, 0, 1, 1, 1, 2, 2, 3, 1, 3, 2, 1, 3, 3, 3, 2, 3, 2, 0, 1, 3, 1, 1, 1, 1, 0, 3, 1, 1, 3, 3, 1, 3, 1, 3, 2, 3, 3, 3, 1, 1, 1, 0, 1, 1, 3, 3, 1, 0, 0, 1, 1, 3, 1, 1, 1, 3, 3, 0, 1, 3, 0, 1, 3, 0, 0, 3, 0, 3, 0, 1, 0, 1, 3, 2, 3, 3, 0, 0, 1, 1, 2, 3, 1, 1, 1, 1, 2, 1, 2, 1, 1, 1, 2, 0, 1, 1, 2, 3, 2, 0, 0, 2, 3, 3, 1, 1, 3, 0, 1, 1, 1, 3, 1, 1, 1, 3, 1, 0, 1, 3, 1, 0, 1, 0, 3, 1, 3, 3, 1, 0, 1, 1, 1, 1, 0, 3, 3, 1, 3], "confidence_scores": [[0.14113290440863743, 0.471596092547263, 0.0848745826548915, 0.3023964203892081], [0.2723330884403218, 0.37731926300541446, 0.1212139196034499, 0.22913372895081385], [0.19404090038596652, 0.1335622674861055, 0.22655800844296514, 0.4458388236849629], [0.45509464467914884, 0.20862996055819677, 0.21359222552032409, 0.12268316924233018], [0.17077831518228193, 0.3955944488898015, 0.2388326615552466, 0.1947945743726701], [0.2693123389991794, 0.3417329897251624, 0.20060387664554008, 0.18835079463011806], [0.23590036469495831, 0.3248879574779481, 0.2386142660828745, 0.2005974117442191], [0.2612061034123738, 0.3005333742877454, 0.3077051151039013, 0.13055540719597952], [0.2672653287478464, 0.2909999768383945, 0.32248790675141165, 0.11924678766234735], [0.1516719637747876, 0.12673049221629742, 0.10345951921769363, 0.6181380247912214], [0.24751792110270177, 0.3855409911712771, 0.13420717344049823, 0.23273391428552298], [0.23716897249623434, 0.1703705240736037, 0.09282352358881665, 0.49963697984134553], [0.21658671104446933, 0.2862151865777828, 0.32883377047296397, 0.16836433190478395], [0.2634235797559267, 0.3314815247087035, 0.1916592553208028, 0.21343564021456726], [0.2704538620517977, 0.278796551448443, 0.09033737730560448, 0.3604122091941548], [0.15081918282197584, 0.1726662467423227, 0.20862008480055302, 0.4678944856351485], [0.23338897296694602, 0.265575000493121, 0.10884263051139632, 0.39219339602853676], [0.22327323924095843, 0.1895258260128904, 0.416730732001039, 0.1704702027451122], [0.11439480170353374, 0.11715213142189732, 0.06761582621576023, 0.7008372406588087], [0.10705293134700146, 0.25152072143886567, 0.3342601244852055, 0.3071662227289273], [0.34096953897363014, 0.2886582011697168, 0.1470346099176696, 0.22333764993898336], [0.28610343328269966, 0.3607434074350817, 0.08164017376349961, 0.27151298551871905], [0.1582144658456319, 0.0616951709011601, 0.048688076742746056, 0.731402286510462], [0.14182887834000146, 0.6787694624366675, 0.0664772840602236, 0.11292437516310734], [0.2799285955912824, 0.29656715642018594, 0.151032006334827, 0.2724722416537048], [0.263405521449678, 0.3248503692434696, 0.09707183579410925, 0.3146722735127431], [0.20902090422427624, 0.4221586614266781, 0.06067487938633354, 0.3081455549627123], [0.5664499743682577, 0.23067243033061402, 0.06074075292345615, 0.14213684237767227], [0.1196894675775202, 0.34991789762272335, 0.09167585143370433, 0.43871678336605235], [0.2729426118713509, 0.36243608979720354, 0.12492534752427809, 0.23969595080716752], [0.25778065568237496, 0.3448055690191225, 0.1954427738184914, 0.20197100148001132], [0.2170213645124308, 0.22931457567572996, 0.14613120463919974, 0.40753285517263943], [0.2750332115425533, 0.15287718814370452, 0.09854135628476474, 0.47354824402897744], [0.13746291549169923, 0.5295342676319126, 0.08944558951151257, 0.24355722736487562], [0.21160320460751827, 0.16858738714564192, 0.06776349208333814, 0.5520459161635015], [0.27160680864701103, 0.3944527285873623, 0.052433237288597855, 0.2815072254770288], [0.16582237678821327, 0.27306405421171664, 0.10261742187997037, 0.4584961471200999], [0.2534690146388694, 0.16703567939351105, 0.30485132530465514, 0.2746439806629644], [0.20206899315372367, 0.28934664162256774, 0.1635188528033684, 0.3450655124203403], [0.14268177720106692, 0.2389484462327972, 0.0972344818803166, 0.5211352946858192], [0.11200872715045292, 0.18634247408096669, 0.12743845427488373, 0.5742103444936967], [0.19263798063839724, 0.3110850069310191, 0.28608816605172277, 0.2101888463788609], [0.15432439675081966, 0.5145471039549047, 0.0982626974784157, 0.23286580181586009], [0.1517220539469468, 0.5561908556057761, 0.10824260067578234, 0.18384448977149476], [0.3441275862298528, 0.2910129786181909, 0.22988562699321038, 0.13497380815874596], [0.27593241490396153, 0.42229199190610645, 0.11911238109373253, 0.1826632120961995], [0.20843832501221304, 0.4281998790479537, 0.1116563991470612, 0.251705396792772], [0.1324205059204572, 0.12832329375781334, 0.07651892713762859, 0.6627372731841009], [0.1592560713485348, 0.15566921232137257, 0.22078575450243973, 0.46428896182765295], [0.24174169246545743, 0.3399317430298658, 0.1432100013629164, 0.27511656314176053], [0.49233128157150563, 0.2797430079832379, 0.09889945405343684, 0.12902625639181967], [0.4842381175161663, 0.20683562275742604, 0.115290420680614, 0.19363583904579376], [0.286655635053914, 0.38694398604457875, 0.11571758936895137, 0.2106827895325558], [0.3317819131533028, 0.33225081828789726, 0.13855081387916998, 0.19741645467963007], [0.10387976320446012, 0.32484530070014467, 0.10847480721864426, 0.46280012887675104], [0.16739023067746445, 0.39459054313053993, 0.2617295820394786, 0.17628964415251702], [0.1755557238521143, 0.3597798814494232, 0.21078387952566238, 0.2538805151728001], [0.26225363059032336, 0.29162849186690704, 0.1654728439169411, 0.28064503362582854], [0.1539973776259354, 0.0879486676006742, 0.08470078896555673, 0.6733531658078337], [0.17430425989665638, 0.207349781987655, 0.20743630720647543, 0.41090965090921316], [0.3722764804746415, 0.17930153505356292, 0.11981226972182975, 0.328609714749966], [0.2665604351319908, 0.43872427579085277, 0.12247863238516161, 0.17223665669199487], [0.20366522929144507, 0.33314285583447567, 0.10794730947599206, 0.35524460539808717], [0.3535181484184688, 0.22375899986858866, 0.1852719668455267, 0.23745088486741597], [0.26083481330654845, 0.397365800583463, 0.11414322789199806, 0.22765615821799062], [0.1460810771789699, 0.2037468576771141, 0.10903949924564181, 0.5411325658982742], [0.35825150806214645, 0.1980749356935577, 0.12565757187757823, 0.3180159843667178], [0.646332936277705, 0.08504448456373606, 0.040460509950358825, 0.22816206920820023], [0.18388670276193453, 0.21048170025580362, 0.13539762419058976, 0.470233972791672], [0.34336221703070074, 0.21833520552211869, 0.29194676855986623, 0.14635580888731448], [0.21733553660139598, 0.23352591966642733, 0.08565095493417953, 0.4634875887979971], [0.5024229133043225, 0.23208016452071964, 0.11157866834055406, 0.1539182538344037], [0.24325482713620813, 0.4340724631339266, 0.15098531825741812, 0.17168739147244708], [0.28162372620557197, 0.24326595754466257, 0.21593599999156707, 0.2591743162581985], [0.1320667923468452, 0.3308227485963658, 0.25272865462451527, 0.28438180443227395], [0.17514797029085374, 0.20121783452268854, 0.2827406012825784, 0.3408935939038793], [0.19003128288014456, 0.2821611642927331, 0.28324612349193845, 0.2445614293351839], [0.21302025154748414, 0.30861106972228197, 0.16280236720425525, 0.3155663115259786], [0.25804340216577026, 0.2610722343184711, 0.10076378916647655, 0.38012057434928226], [0.6501388175070532, 0.15579055907662925, 0.030038924432376046, 0.16403169898394152], [0.3739348367231945, 0.2174659177438062, 0.05195827878364559, 0.3566409667493538], [0.15189333807296948, 0.34821966202318794, 0.17055286896409239, 0.32933413093975034], [0.34461154510193653, 0.3627857390144035, 0.13615878390656866, 0.15644393197709136], [0.17704121947107274, 0.20943754551964744, 0.40578620557771156, 0.20773502943156827], [0.25194110299061306, 0.2966104247592483, 0.08989325115906271, 0.361555221091076], [0.15007471581584794, 0.5555609733820942, 0.1290631699199605, 0.16530114088209735], [0.11166953139987569, 0.5429797194565027, 0.05893470902515499, 0.2864160401184665], [0.23207096361740495, 0.45987071714758343, 0.09866953118134557, 0.2093887880536659], [0.23537082062941192, 0.4232635706535709, 0.16490753799404728, 0.1764580707229699], [0.10936431576581503, 0.356604914850983, 0.4504434130344895, 0.08358735634871249], [0.1447786087673215, 0.3689984949737068, 0.3128628465117279, 0.17336004974724398], [0.2601529287616268, 0.19315340421160954, 0.4256450756187781, 0.12104859140798549], [0.15307346218794216, 0.40833188189912273, 0.10902581860227238, 0.3295688373106628], [0.2608753711549495, 0.2611480987882337, 0.23150808600970962, 0.2464684440471073], [0.20657065488439333, 0.30580691241091995, 0.22121242180995795, 0.2664100108947289], [0.22396011122950157, 0.25820642332953037, 0.2885341530218675, 0.22929931241910056], [0.3888104740074311, 0.1797665092481212, 0.14788358459661258, 0.28353943214783517], [0.15048728575264425, 0.4649998912435136, 0.15981808691212493, 0.22469473609171708], [0.08304676548030872, 0.44725644741987247, 0.048916206761746836, 0.42078058033807214], [0.175302399782131, 0.24453689583936078, 0.45386364855389044, 0.12629705582461795], [0.2793859680709706, 0.24535929557490524, 0.12809233460305502, 0.34716240175106905], [0.1430442582886842, 0.17603621802248015, 0.3829655834970475, 0.2979539401917882], [0.3925963347980569, 0.31073957099606436, 0.11307924794600165, 0.18358484625987717], [0.5799794526443968, 0.15447447998281924, 0.06657971684045494, 0.19896635053232892], [0.1839629660204196, 0.27740936980071024, 0.4433689760461201, 0.09525868813275012], [0.19956441945096354, 0.31929082214428123, 0.09900569007319765, 0.38213906833155753], [0.2684634658105547, 0.1545796084704198, 0.1622759745751137, 0.4146809511439119], [0.18913868569027142, 0.39924783087310256, 0.13593615918191065, 0.27567732425471536], [0.21011936387709595, 0.33580446859888446, 0.11944140565679284, 0.3346347618672268], [0.102680417307452, 0.2771117318299497, 0.10938018508452566, 0.5108276657780727], [0.34102756476045054, 0.2640776086439624, 0.13286650457165988, 0.262028322023927], [0.11484055955585491, 0.5248879592726567, 0.0613391014622461, 0.29893237970924236], [0.27013087320619666, 0.4391494693854389, 0.06654140018951119, 0.2241782572188532], [0.24729882343230436, 0.3318834155155383, 0.15949354250751974, 0.26132421854463755], [0.06864613370498328, 0.13618409027177528, 0.2765315185425196, 0.5186382574807219], [0.19018365406821106, 0.41781466359674324, 0.1431401632686401, 0.24886151906640572], [0.18143597161682695, 0.4458000198456878, 0.16665241394957345, 0.2061115945879119], [0.14637053472434852, 0.5632577537594354, 0.11307446478083795, 0.17729724673537817], [0.2895641108027642, 0.23987484095622486, 0.13962990047653287, 0.3309311477644782], [0.1600767246961029, 0.32200584901761975, 0.23090561760715356, 0.28701180867912396], [0.49184834787545445, 0.24352403777163467, 0.08543935238534817, 0.17918826196756282], [0.17412371826207734, 0.3682147708953475, 0.21780552894212707, 0.23985598190044824], [0.20213138815846607, 0.1567619920418568, 0.08991439508696521, 0.5511922247127119], [0.21369081047677618, 0.41038470570050206, 0.14653337343602502, 0.22939111038669685], [0.5242721724666961, 0.170438589166625, 0.1357057028945846, 0.1695835354720944], [0.1762011183250996, 0.42092415834189795, 0.18452467901414754, 0.21835004431885488], [0.37682893291642, 0.277904131062564, 0.13755448283849075, 0.20771245318252507], [0.21937034517785872, 0.12763278872801037, 0.0649568896260425, 0.5880399764680885], [0.2803188246648194, 0.37324576331312526, 0.10009467121021803, 0.2463407408118375], [0.06874496061602188, 0.1542116029384375, 0.13246372528643058, 0.64457971115911], [0.1889173808925201, 0.33134111992402104, 0.0849777620598015, 0.39476373712365725], [0.14407580031124748, 0.4797005093371279, 0.17508338966827575, 0.20114030068334884], [0.3853621077009579, 0.266456281399117, 0.07752800315156588, 0.2706536077483592], [0.26625527295258555, 0.3441006364376913, 0.18570193463289297, 0.20394215597683024], [0.20301029767557507, 0.2818743035337774, 0.25618685236212463, 0.258928546428523], [0.1096325679490784, 0.40405869446951886, 0.14750704077303578, 0.3388016968083669], [0.11204437676539403, 0.7322419010256526, 0.04575545341019241, 0.10995826879876114], [0.40636147613827145, 0.1621868213774311, 0.06561974897457284, 0.3658319535097247], [0.0772864414965582, 0.22726703229781578, 0.06160714211293856, 0.6338393840926873], [0.1252527431104934, 0.3230646807114786, 0.07522142920696462, 0.47646114697106345], [0.22005331556800467, 0.42927382151001287, 0.15135298509085696, 0.19931987783112554], [0.3176426933976067, 0.1626990437090648, 0.04030279307132941, 0.47935546982199906]]}, "rewritten": {"ids": ["97106591", "97106770", "97107260", "97107681", "97109080", "97114170", "97116401", "97116790", "98106111", "98108410", "98108970", "98109090", "98110230", "98116940", "98120530", "99107300", "99107560", "99107640", "99107950", "99108460", "99108520", "99109141", "99109860", "99113260", "99114890", "100109000", "100109360", "100109890", "100111270", "100120010", "101108950", "101110200", "101111310", "101111990", "101112201", "101112540", "102109840", "102110500", "103109021", "103113101", "103113170", "103113270", "103120531", "103120780", "104111550", "104111780", "104113380", "104114740", "104118340", "104119340", "105113440", "105113620", "105115380", "105115720", "105115900", "105116501", "105118230", "105119550", "105120280", "106113170", "106113360", "106116640", "106116820", "106117650", "106118301", "106118520", "106119580", "107113130", "107113200", "107113260", "107114321", "107114950", "107115140", "107118520", "107119950", "107120010", "107121640", "108113760", "108114180", "108114200", "108114220", "108114270", "108115070", "108116120", "108117610", "108120621", "108121410", "109115070", "109115211", "109116441", "109118161", "109119010", "109120621", "109121410", "110116501", "110117140", "110119300", "110120190", "110120531", "110120700", "111114121", "111114321", "111114941", "111115620", "111115770", "111116010", "111116090", "111116170", "111116750", "111116990", "111118301", "111118820", "111119950", "111120190", "111120531", "111120591", "111121190", "111121220", "111121351", "112117210", "112117571", "112117790", "112118880", "112118890", "112118930", "112119120", "112119450", "112119980", "112120290", "112120670", "112121010", "113117340", "113117630", "113118421", "113118511", "113119360", "113120070", "113120601", "113120640", "113120751", "113120780", "113122150"], "labels": [1, 3, 2, 3, 2, 2, 3, 2, 0, 1, 3, 1, 3, 2, 1, 3, 1, 1, 1, 0, 2, 3, 2, 0, 2, 1, 0, 3, 2, 0, 2, 2, 3, 2, 0, 2, 2, 3, 0, 3, 3, 2, 3, 1, 1, 3, 1, 2, 2, 1, 0, 0, 1, 1, 3, 1, 1, 1, 3, 0, 0, 3, 1, 1, 1, 2, 3, 1, 0, 0, 0, 3, 0, 2, 3, 1, 1, 1, 1, 0, 3, 3, 1, 1, 3, 1, 0, 0, 0, 3, 0, 3, 1, 0, 3, 3, 1, 3, 0, 2, 0, 1, 0, 1, 3, 1, 3, 0, 3, 0, 3, 0, 0, 3, 0, 1, 1, 3, 0, 1, 3, 3, 1, 3, 1, 1, 3, 0, 1, 2, 2, 2, 0, 3, 1, 0, 2, 2, 0, 1, 0, 2], "predicted_labels": [2, 2, 2, 1, 1, 1, 3, 1, 0, 1, 1, 2, 0, 1, 2, 0, 3, 2, 1, 2, 1, 3, 1, 3, 1, 0, 0, 1, 3, 2, 1, 1, 1, 2, 0, 3, 1, 3, 1, 3, 1, 1, 3, 1, 0, 0, 1, 1, 1, 1, 1, 0, 2, 3, 1, 3, 2, 3, 0, 1, 0, 0, 3, 3, 3, 1, 1, 1, 1, 3, 1, 3, 0, 3, 1, 1, 1, 0, 3, 2, 1, 1, 1, 3, 3, 1, 1, 1, 3, 1, 3, 1, 0, 1, 3, 3, 3, 3, 1, 1, 0, 3, 0, 3, 2, 1, 1, 0, 0, 1, 0, 3, 3, 0, 3, 3, 0, 1, 3, 1, 1, 3, 1, 1, 3, 0, 3, 1, 1, 1, 1, 1, 1, 3, 0, 1, 3, 3, 3, 1, 0, 1], "confidence_scores": [[0.2876474962508338, 0.17766608351164673, 0.38602711411597257, 0.14865930612154693], [0.1966442960374411, 0.2804276443939295, 0.29440557237815734, 0.22852248719047194], [0.30238538089558814, 0.1998765854681072, 0.3194955973047528, 0.17824243633155193], [0.3444627139238772, 0.364458401379101, 0.11147014718804503, 0.17960873750897693], [0.12009397368798373, 0.6990756020185463, 0.09457509820861602, 0.0862553260848539], [0.3390466706336379, 0.35694021130002757, 0.08886293037250624, 0.2151501876938284], [0.15383354587030443, 0.2555832335160615, 0.10807600418869466, 0.4825072164249395], [0.26524616600882994, 0.38012573065575794, 0.11534450016562543, 0.2392836031697867], [0.3716642641000072, 0.24882230682387474, 0.16326801719884063, 0.21624541187727778], [0.19522750098700584, 0.5559121783207961, 0.11074816611079369, 0.13811215458140436], [0.16778951551128313, 0.3514650109151255, 0.25540391303676724, 0.22534156053682414], [0.2350247928038652, 0.19062296645880103, 0.4386645451846889, 0.13568769555264493], [0.32346425429244274, 0.25500220973726573, 0.23762151357372197, 0.18391202239656956], [0.16834187126009104, 0.594215756774092, 0.08846788464101907, 0.14897448732479793], [0.21420625757386366, 0.26071121043399614, 0.35418951730834347, 0.1708930146837965], [0.3658314866924856, 0.2684235258379083, 0.1673350962961589, 0.19840989117344743], [0.24130485470343102, 0.2830485555914077, 0.16652607895806268, 0.30912051074709873], [0.2761297178642916, 0.2624270500538956, 0.3089242287471736, 0.15251900333463914], [0.09743613360569847, 0.43195500932245817, 0.20485207884758685, 0.2657567782242566], [0.2622184739988976, 0.2499301676085688, 0.2675780544803148, 0.22027330391221892], [0.23314339236137765, 0.34875288065484517, 0.2064667003869967, 0.21163702659678055], [0.1283725271979423, 0.22657328266132548, 0.08248133206776931, 0.5625728580729631], [0.19993366389524758, 0.39542818624932596, 0.13259664003861651, 0.27204150981680997], [0.21242564683889054, 0.20693951117111706, 0.09047026695385571, 0.4901645750361367], [0.162653669548345, 0.42546913654766694, 0.279137740493827, 0.13273945341016094], [0.3674292704366777, 0.31850697491906005, 0.09825873172076686, 0.21580502292349546], [0.2925315510612021, 0.26637535485964337, 0.22483297913013064, 0.21626011494902395], [0.25120580872668385, 0.381768448301113, 0.18121210129128787, 0.18581364168091546], [0.30958085585012407, 0.26569808371111775, 0.09013672363376622, 0.33458433680499217], [0.14544186060064032, 0.21722862628187473, 0.390256368743624, 0.24707314437386105], [0.12783956703722418, 0.3542553203428622, 0.3274181318382911, 0.19048698078162257], [0.15336372714950275, 0.4421519792370433, 0.16740407764228665, 0.23708021597116738], [0.16198340192000188, 0.41687449107991437, 0.14826832238746204, 0.27287378461262163], [0.17934056486895783, 0.2586145428319854, 0.2909714362330769, 0.2710734560659799], [0.4662188689936142, 0.17122199675668123, 0.18398037087320784, 0.17857876337649686], [0.18644265703253138, 0.20000565924148783, 0.2205072231580219, 0.3930444605679589], [0.2622977595009417, 0.27262595842075565, 0.2126620363187187, 0.2524142457595838], [0.2601256512357326, 0.11185710266961386, 0.09673628817343524, 0.5312809579212182], [0.1587822872808743, 0.3290105037991092, 0.2548848030097252, 0.2573224059102913], [0.22124897743784586, 0.27866085845615585, 0.1761860199462144, 0.3239041441597841], [0.2400972378935383, 0.39987786108726225, 0.166017377892456, 0.19400752312674344], [0.10691933333331172, 0.6400032603013919, 0.15442678874267488, 0.09865061762262146], [0.2946975543821527, 0.2691338063222237, 0.09021083951829029, 0.3459577997773332], [0.2832995228345838, 0.45473946344230404, 0.09304792670265218, 0.16891308702046004], [0.3196779439561114, 0.21304686859940156, 0.2519037815124386, 0.2153714059320486], [0.35722930716414714, 0.29940040431226, 0.15184985747605206, 0.19152043104754102], [0.170997430030281, 0.5418627201630071, 0.11076161698399202, 0.1763782328227198], [0.1312707197514094, 0.4124146632753838, 0.30096758483551644, 0.15534703213769024], [0.1170927219292487, 0.4212905626562501, 0.18519587017061415, 0.276420845243887], [0.06044048957428521, 0.5882803358939538, 0.05767025627075994, 0.2936089182610011], [0.24122952094754221, 0.36351455804438904, 0.14141095452373792, 0.2538449664843311], [0.3145962832926598, 0.24405259923620748, 0.1824368398897098, 0.2589142775814231], [0.15714603407460245, 0.24791111176177308, 0.31169982041632954, 0.28324303374729504], [0.1594211734815877, 0.34039864286927873, 0.112612630530175, 0.3875675531189585], [0.26268041147313714, 0.33371007513313805, 0.14053250262790168, 0.2630770107658233], [0.3268280075181248, 0.19214012304603778, 0.061444653248466354, 0.4195872161873712], [0.1938727518894237, 0.24108664448167208, 0.4377246536344431, 0.1273159499944612], [0.2918628109316892, 0.2949600717071015, 0.11289431584188406, 0.3002828015193254], [0.42277614687850457, 0.24997801302772216, 0.1760921189713924, 0.1511537211223808], [0.19506366787046653, 0.5594396913090393, 0.1171154005611609, 0.1283812402593334], [0.37790215665304133, 0.16858493579533723, 0.10528800229163555, 0.34822490525998584], [0.5841779332314789, 0.13321931269004664, 0.09490251861838477, 0.1877002354600898], [0.206517105244807, 0.2699803900622963, 0.21216608385719543, 0.3113364208357014], [0.1582473580888453, 0.24159785348229798, 0.1479316333114711, 0.4522231551173857], [0.23719519085713336, 0.1717636245448984, 0.1721163419082937, 0.41892484268967467], [0.21333220566256458, 0.4495875549004249, 0.1545093596191365, 0.18257087981787398], [0.08893870499089856, 0.480603066914849, 0.15434042636974513, 0.27611780172450756], [0.11160300456854297, 0.43794329792598896, 0.29044769262224207, 0.1600060048832259], [0.2534134632320571, 0.37303591474159203, 0.08571412470385188, 0.28783649732249916], [0.3199088183021698, 0.1585956407913814, 0.1629937868617674, 0.35850175404468154], [0.23087935097505907, 0.4139396923288351, 0.09820780864820622, 0.2569731480478997], [0.1625435754618284, 0.13732298196118137, 0.31899334159602033, 0.38114010098097006], [0.34156350565466675, 0.2682129120299082, 0.09036428510723836, 0.29985929720818655], [0.22623652686043602, 0.21051481647180023, 0.09378610432668474, 0.46946255234107903], [0.2609327592194864, 0.3650226455972248, 0.10709533485408386, 0.26694926032920524], [0.17219859909235502, 0.4282672025419846, 0.18278417315412326, 0.21675002521153722], [0.21883558090426303, 0.3471783610173276, 0.18070289444148416, 0.2532831636369253], [0.3770162543708299, 0.1509992797060097, 0.3171415526898366, 0.1548429132333238], [0.22074591817687386, 0.2821581722564599, 0.12710847866287237, 0.36998743090379405], [0.16937524754502942, 0.20942318440956853, 0.39664046577473694, 0.22456110227066525], [0.12683150458730788, 0.4869652978619838, 0.22660067539753004, 0.15960252215317838], [0.16730407728320115, 0.5947892038417153, 0.10897492608465487, 0.12893179279042855], [0.3155053777201159, 0.3925041278224883, 0.11895576840250499, 0.1730347260548908], [0.27271638740809334, 0.24230738339413554, 0.18876486522215813, 0.29621136397561304], [0.15676363443001023, 0.28191016829800614, 0.10948569873023761, 0.451840498541746], [0.28422232728525587, 0.3831462609130814, 0.08364197369379563, 0.24898943810786703], [0.2794855677914972, 0.3425446865726105, 0.06920222562603184, 0.3087675200098605], [0.2930339404792638, 0.2963304459573792, 0.14017661874648316, 0.2704589948168739], [0.10879492521001384, 0.30160574282441105, 0.0631698255800429, 0.5264295063855321], [0.21665397115258236, 0.36218668530360715, 0.08193830289604787, 0.33922104064776276], [0.2283459475739538, 0.3284003744771514, 0.08055211331004639, 0.36270156463884834], [0.1501442431171692, 0.49583584784476464, 0.11038427360415316, 0.24363563543391292], [0.457728122516397, 0.13011573167333312, 0.06592758954687544, 0.34622855626339444], [0.26936615756128923, 0.3351762537202426, 0.14243408246566944, 0.2530235062527986], [0.2748739803281634, 0.30844591054263365, 0.10679661724060996, 0.30988349188859304], [0.22855199304675705, 0.2243043631103838, 0.11095094591900094, 0.4361926979238583], [0.20221874870837675, 0.1494879222638695, 0.2537293211305642, 0.3945640078971896], [0.1931867078916112, 0.26708320749729914, 0.10255847309054808, 0.4371716115205417], [0.17945787879382785, 0.37793007991899924, 0.19480449393655835, 0.24780754735061467], [0.2527595593813046, 0.37570672889635465, 0.14782861948135415, 0.22370509224098684], [0.41877799594607756, 0.19248640986995333, 0.07709474922975741, 0.31164084495421174], [0.3079637277897949, 0.219812072258557, 0.15951320945108527, 0.3127109905005627], [0.3006744775838785, 0.30024802086013463, 0.17107605246242846, 0.22800144909355852], [0.14894014842142295, 0.30652519955804386, 0.10109668654091045, 0.4434379654796227], [0.155738029141174, 0.27739922531327893, 0.4403165295043539, 0.12654621604119326], [0.27460884268786917, 0.3505869417764463, 0.1183639913805624, 0.256440224155122], [0.23178242844351715, 0.38436361795025853, 0.15548240618407558, 0.22837154742214896], [0.3770304111638026, 0.23965587150981457, 0.14371089237370785, 0.23960282495267507], [0.3603287248610185, 0.21191963713410505, 0.08696408048398789, 0.34078755752088863], [0.30173641539245305, 0.30953479075298185, 0.11852045757196404, 0.27020833628260105], [0.5240509628291682, 0.18182008171405245, 0.049029940163589254, 0.24509901529319003], [0.2636922246660635, 0.25822640638511424, 0.1719840367686732, 0.3060973321801492], [0.24123085035348402, 0.19687990472853464, 0.2564275349135503, 0.30546171000443123], [0.3088453304151614, 0.2786191458448172, 0.18351256122380494, 0.2290229625162164], [0.2768381515978897, 0.22901779194269836, 0.08402174004118647, 0.4101223164182256], [0.26167853589009754, 0.2269882472116502, 0.09269878920129013, 0.41863442769696224], [0.4501351054917519, 0.1828444771298969, 0.13838900213583563, 0.2286314152425156], [0.25921574913519513, 0.4005080757741019, 0.13080686577168055, 0.20946930931902252], [0.23040954692539758, 0.29690992774344344, 0.16827248309150003, 0.304408042239659], [0.19076739350293936, 0.39847289881830494, 0.09381329329582945, 0.3169464143829264], [0.19406434456530708, 0.6279972780095694, 0.05890717284254612, 0.1190312045825773], [0.11193354316648485, 0.10304520814379438, 0.0877139664004823, 0.6973072822892386], [0.16678112485045754, 0.451087752224009, 0.07714452030574852, 0.30498660261978505], [0.18854485937564044, 0.42755756857709715, 0.24910103910391612, 0.13479653294334645], [0.18655702345732544, 0.32185520970186926, 0.1460700718532273, 0.3455176949875779], [0.32345399233682476, 0.2827405657076712, 0.14824972668560207, 0.24555571526990197], [0.17195850984078792, 0.3611666498340561, 0.10225823331158793, 0.36461660701356824], [0.1712528545047752, 0.4046104070279173, 0.18479922774021296, 0.2393375107270946], [0.16031695531779044, 0.5257422655954769, 0.10168191713803493, 0.21225886194869775], [0.09227482380562843, 0.6882837163746931, 0.061895637330146185, 0.1575458224895323], [0.1578537181976833, 0.40036523588558415, 0.11268042141079951, 0.32910062450593314], [0.2944834908129519, 0.3863731111856082, 0.10416789568512201, 0.21497550231631787], [0.26373275292498066, 0.43988776035104943, 0.11700026226709571, 0.17937922445687435], [0.21778933509861492, 0.17604849051829718, 0.1676220587458241, 0.4385401156372637], [0.5434297805755857, 0.1870300031560961, 0.0681134520043329, 0.20142676426398534], [0.18007549112236285, 0.6342894760307266, 0.06627802664079464, 0.11935700620611601], [0.16112668980460143, 0.27862002353024257, 0.2055290546080501, 0.354724232057106], [0.11317841759620446, 0.386710648385646, 0.057930348642216606, 0.44218058537593297], [0.22069667503223328, 0.2287729542097759, 0.09030863821118311, 0.46022173254680776], [0.2821437737456821, 0.534633389372646, 0.06491776294244962, 0.11830507393922224], [0.2927229309926962, 0.2821788088898876, 0.16336066364681132, 0.26173759647060485], [0.13129956324832473, 0.5952043200382618, 0.10450902961115088, 0.16898708710226262]]}}