{"test": {"ids": ["101111310", "109118701", "99105921", "110121170", "100109910", "98120010", "113121810", "112117431", "112116810", "103113260", "104113210", "110116300", "111120531", "112118890", "104109311", "99116500", "106113190", "106119990", "106113830", "109115220", "108114200", "97105760", "111117480", "113121750", "111114171", "113122150", "101112160", "101110740", "102112030", "107118520", "108114180", "109117431", "111118810", "108115500", "99108310", "112119610", "101108290", "98110710", "97107920", "98116940", "113118810", "106115240", "107114321", "104110960", "110115890", "105120280", "97116790", "107117630", "108121190", "112117471", "110118161", "100109000", "99109780", "99110730", "103109641", "109116040", "98107410", "98109570", "113118820", "105118740", "112119450", "113119120", "110118301", "98117740", "111118301", "113119930", "106113260", "107114200", "110121140", "108115880", "110118740", "107113260", "108113740", "111121220", "98109090", "113117630", "113119340", "113120540", "108115570", "102113210", "99120010", "98108370", "110121500", "104119340", "100107920", "103117461", "108117720", "112119580", "102112301", "98107010", "108114220", "111114321", "108116120", "97107040", "98106680", "112119500", "102116340", "97110950", "108116481", "106116370", "110118450", "110120560", "111120591", "105116090", "108118291", "99109161", "106114150", "97112300", "100111620", "100116500", "112121360", "105119950", "111116090", "100109980", "106121190", "103111170", "106116640", "110116290", "98110680", "102110500", "112120630", "111121351", "109120621", "104114240", "97113900", "106114011", "102113981", "101116130", "108119510", "112119320", "105117200", "103113170", "112116451", "109114220", "105113210", "110118121", "106120640", "110116441", "106114280", "100109801", "103113101", "112121030"], "labels": [3, 3, 1, 2, 2, 2, 2, 0, 3, 3, 3, 3, 0, 3, 3, 2, 0, 0, 1, 3, 0, 0, 1, 0, 3, 2, 3, 3, 2, 2, 1, 1, 0, 3, 2, 0, 0, 2, 0, 2, 3, 1, 0, 2, 2, 3, 2, 0, 1, 3, 0, 1, 2, 3, 1, 0, 3, 1, 0, 1, 3, 3, 1, 2, 3, 1, 3, 2, 3, 3, 3, 0, 3, 3, 1, 0, 0, 3, 3, 3, 2, 1, 3, 1, 0, 0, 1, 3, 1, 3, 3, 1, 1, 2, 1, 2, 3, 3, 0, 2, 0, 0, 1, 1, 3, 3, 1, 2, 3, 2, 3, 3, 3, 1, 2, 2, 3, 2, 2, 3, 3, 0, 1, 0, 2, 1, 1, 2, 1, 1, 3, 3, 0, 3, 3, 3, 3, 3, 3, 0, 3, 0], "predicted_labels": [1, 3, 1, 3, 2, 2, 2, 3, 2, 1, 0, 3, 0, 1, 3, 2, 1, 0, 0, 3, 1, 0, 3, 1, 0, 1, 1, 1, 1, 0, 0, 3, 0, 2, 0, 1, 0, 2, 0, 1, 1, 0, 3, 2, 1, 0, 0, 0, 1, 1, 1, 0, 3, 2, 2, 1, 0, 3, 1, 1, 0, 1, 0, 2, 3, 1, 1, 1, 0, 0, 0, 1, 0, 0, 1, 3, 0, 1, 1, 3, 2, 3, 3, 1, 3, 1, 3, 0, 0, 3, 1, 1, 2, 2, 0, 2, 1, 0, 0, 0, 1, 0, 0, 3, 0, 1, 0, 0, 1, 2, 0, 0, 0, 0, 3, 3, 0, 3, 1, 3, 0, 0, 0, 0, 1, 1, 3, 1, 1, 1, 1, 2, 0, 3, 1, 1, 1, 3, 1, 3, 1, 2], "confidence_scores": [[0.015688723688814857, 0.8981605531969643, 0.07514156483137618, 0.011009158282844734], [0.048915125016318776, 0.12170619627418064, 0.018697408210720926, 0.8106812704987796], [0.0008389901705107204, 0.9613131516469291, 0.018929734370457994, 0.018918123812102054], [0.049968346934164146, 0.1047943200991081, 0.16608702125284933, 0.6791503117138784], [0.16894164846469042, 0.10073996752070116, 0.6362298954879425, 0.09408848852666586], [0.03664278521355883, 0.1545267443638333, 0.6960725090249251, 0.11275796139768267], [0.1630981143107497, 0.2606942777414785, 0.35637579545997367, 0.2198318124877981], [0.16276879527053478, 0.16496549277738864, 0.0004147081366623922, 0.6718510038154141], [0.13302852982205396, 0.017836105038869204, 0.8375366805419103, 0.011598684597166538], [0.0045772847430535215, 0.8821710764819516, 0.055529257454852377, 0.057722381320142645], [0.9564703302086263, 0.0007066308630049203, 0.03792519401206755, 0.004897844916301517], [0.1272665055809404, 0.16468195127765778, 0.0536632256290676, 0.6543883175123342], [0.5355373015142691, 0.1485607311929609, 0.01857230744094913, 0.2973296598518208], [0.1445965358304088, 0.29962907780614983, 0.2861462868263609, 0.2696280995370805], [0.2832793951015, 0.26683562734631405, 0.03417925491786854, 0.41570572263431743], [0.026510873714683778, 0.4560016460972847, 0.5167970798417274, 0.0006904003463041209], [0.21780635276345106, 0.713392202562325, 0.02812818483407061, 0.04067325984015319], [0.4775790976548285, 0.009095628092560969, 0.398587763229847, 0.11473751102276357], [0.7942022131611136, 0.14032635249392494, 0.029065215282505347, 0.036406219062456176], [0.03892118162967452, 0.40003823274947, 0.15185937050947176, 0.4091812151113838], [0.2532326669390339, 0.6933171912581948, 0.050000537434888734, 0.003449604367882562], [0.634567999361479, 0.07830066852511436, 0.0037514339320816174, 0.28337989818132486], [0.3576711972897553, 0.17482594185641168, 0.010896649326565127, 0.456606211527268], [0.3190436753075389, 0.5687660284170921, 0.009067000127055377, 0.10312329614831348], [0.6181654303037682, 0.35712169303606056, 0.0020390187224475134, 0.02267385793772364], [0.0010711333256608767, 0.9206221810386261, 0.005808907430252538, 0.07249777820546036], [0.005002377093949634, 0.9039216129612019, 0.053160118522526716, 0.03791589142232186], [0.016523117058956, 0.6266038696746666, 0.017296502585224943, 0.33957651068115235], [0.10302057896621931, 0.5522918727562178, 0.10145411352758142, 0.2432334347499814], [0.42550927253903237, 0.12589130335832427, 0.042377105102718866, 0.40622231899992456], [0.907802852616727, 0.08829493359768552, 0.0011621667403245905, 0.002740047045263165], [0.20767090149110112, 0.2864510680758918, 0.021635356754360187, 0.484242673678647], [0.5378193106490582, 0.003603971070379581, 0.4431022756522641, 0.015474442628298214], [0.31890034442232557, 0.18180321163707758, 0.42950669827374405, 0.06978974566685285], [0.8279147715782037, 0.06038886288532765, 0.07649700352329473, 0.0351993620131738], [0.005458116811608571, 0.8811231744962312, 0.10971771505716482, 0.0037009936349955354], [0.6849798820707385, 0.29982763724261713, 0.00802388827160396, 0.007168592415040488], [0.0040566712696632505, 0.26129329067609813, 0.593826125081565, 0.1408239129726738], [0.6597051748013831, 0.01682991361037105, 0.011068661744261134, 0.31239624984398473], [0.011874326908341082, 0.7074412753624661, 0.20818790301588672, 0.07249649471330623], [0.03744383883095753, 0.8195997675669643, 0.05069840240335766, 0.0922579911987204], [0.73218870683404, 0.1297701097028789, 0.01604033947890315, 0.12200084398417795], [0.2660592726747373, 0.17398843300928118, 0.0004923651121422702, 0.5594599292038394], [0.0005544078866699853, 0.041026026199462676, 0.9282928781886428, 0.030126687725224626], [0.17599138476881301, 0.6992963328137485, 0.06111128040945859, 0.06360100200797988], [0.6465801925690394, 0.31605959373207304, 0.015813648049200803, 0.021546565649686603], [0.3725445624825744, 0.35067572018125714, 0.23436444962381622, 0.042415267712352274], [0.8908490098915778, 0.03246208424051131, 0.0717482537216128, 0.004940652146298035], [0.030374168759666923, 0.5489863590011118, 0.30203406624779444, 0.11860540599142677], [0.18929523557236738, 0.7523091206020791, 0.003543690825894164, 0.05485195299965949], [0.22840390149036338, 0.7503374850625921, 0.0078055821806630845, 0.013453031266381178], [0.7934121609139381, 0.04925956292968036, 0.004732303503913838, 0.15259597265246777], [0.008458415612592354, 0.3148648993590556, 0.2651857521545013, 0.41149093287385075], [0.08516943647412842, 0.04908827907239826, 0.7645945213618572, 0.10114776309161605], [0.042111930903658404, 0.1436399853454788, 0.7405757001700132, 0.07367238358084956], [0.08527274526931782, 0.8286587778757777, 0.02871280685541637, 0.057355669999488074], [0.8826157976915627, 0.0012065158004001967, 0.07834430011074543, 0.03783338639729143], [0.3665871542016415, 0.023512699729457888, 0.006203994793718298, 0.6036961512751823], [0.3673238821255027, 0.6232213015266006, 0.008075198736353506, 0.0013796176115431448], [0.035503219278926634, 0.4486948166526867, 0.4130039041008895, 0.10279805996749719], [0.9194959333996893, 0.05966006143011365, 0.00023342906371990054, 0.020610576106477208], [0.009993702616629683, 0.8952113396032869, 0.029051155702077135, 0.06574380207800651], [0.46484322773773445, 0.07763888776190532, 0.0752196633287043, 0.3822982211716559], [0.10014455152284754, 0.4198842170363855, 0.43708264528835483, 0.04288858615241214], [0.4016120715450622, 0.07206481858742043, 0.05706554455877404, 0.4692575653087434], [0.026435930906025452, 0.9538094411509064, 0.002073966948383618, 0.01768066099468468], [0.03418196073138353, 0.8102386943514942, 0.14593542689633013, 0.009643918020792142], [0.011555429219596377, 0.974997298146707, 0.012427590515138658, 0.0010196821185577882], [0.722353578507273, 0.005397317664448487, 0.19342230834949597, 0.07882679547878252], [0.5562320362563276, 0.045673249419621594, 0.016514299753999425, 0.3815804145700515], [0.9497325343613087, 0.013610134525487197, 0.00894402762691692, 0.027713303486287196], [0.0819919645005343, 0.4536725707607037, 0.047819163711673704, 0.4165163010270883], [0.5841583239354032, 0.04245478370179622, 0.22487518960360095, 0.1485117027591997], [0.526322932977962, 0.22043542278705106, 0.013943034753671823, 0.23929860948131512], [0.2366793949699097, 0.3066040689893344, 0.15651944000538434, 0.30019709603537154], [0.18651120547801897, 0.2887922346951475, 0.23171833779074003, 0.2929782220360935], [0.587149870450295, 0.13876455335307933, 0.007764592979672572, 0.26632098321695313], [0.0036065001289421602, 0.948487782124621, 0.002330613813891018, 0.04557510393254591], [0.0015909567448382698, 0.7494924576686348, 0.14773074495360466, 0.10118584063292217], [0.09057806493620561, 0.42196523262831365, 0.04346110261243891, 0.44399559982304193], [0.18863703232051043, 0.3635478136429764, 0.38448512031680604, 0.0633300337197072], [0.020295771158664783, 0.005784801358386793, 0.02585017592395295, 0.9480692515589955], [0.329270011207951, 0.22703056985280645, 0.06239623499796721, 0.38130318394127527], [5.544702059266909e-05, 0.9501732152671294, 0.04197626629815464, 0.007795071414123236], [0.033666235811635706, 0.004726481776785048, 0.04488556679279855, 0.9167217156187807], [0.04224020750661638, 0.8820454152139445, 0.004260666343782057, 0.07145371093565704], [0.007733273116501152, 0.04610720179039199, 0.05091492275505767, 0.8952446023380491], [0.9941258430315569, 0.001115715872633739, 0.0002700003813135633, 0.004488440714495795], [0.9256003536222861, 0.037749671780801165, 0.02584781061927459, 0.010802163977638123], [0.03961295204868322, 0.030768328421476115, 0.026723428278975263, 0.9028952912508654], [0.23568967764725074, 0.7080787957380855, 0.03956162910197597, 0.01666989751268795], [0.0780611630353095, 0.6573605801133979, 0.019148442357635114, 0.24542981449365747], [0.34510564839961483, 0.05717125027779814, 0.49403365926249626, 0.10368944206009072], [0.11404792243721704, 0.11774489524356248, 0.622542060442821, 0.14566512187639946], [0.7267086720488302, 0.1185409491926052, 0.14267496696734291, 0.012075411791221595], [0.15225196919628295, 0.32544824488795693, 0.4684003658710517, 0.05389942004470838], [0.032390785260907676, 0.9474780195943131, 0.004122588557951703, 0.016008606586827547], [0.5305421785792902, 0.0012592807008074264, 0.042921530659158276, 0.4252770100607442], [0.5112415891903533, 0.4297370013718735, 0.02384076981457807, 0.03518063962319521], [0.8759610871749188, 0.010972817529787501, 0.025037755709872336, 0.08802833958542124], [0.12267478262972448, 0.6110116666504202, 0.2620535317028269, 0.004260019017028295], [0.740581364029392, 0.08307871211204838, 0.09889514453049447, 0.07744477932806501], [0.7852835775196465, 0.01864498388292678, 0.041244196850460796, 0.15482724174696594], [0.06034977590437328, 0.08090260572280172, 0.005668904468408635, 0.8530787139044163], [0.7219824137186649, 0.26761765582724867, 0.00017520793677120721, 0.01022472251731516], [0.30537648099123865, 0.3883420612492186, 0.24404901141534427, 0.06223244634419838], [0.8300263284537948, 0.011870423074496051, 0.06035840201529283, 0.09774484645641643], [0.6802405979292482, 0.037754452324780065, 0.04518320913533411, 0.23682174061063763], [0.04253315472808583, 0.500421393648847, 0.42896620515622874, 0.028079246466838296], [0.2145845624116554, 0.04788129800816527, 0.5923721234742417, 0.14516201610593754], [0.5174036290047448, 0.33523329237043337, 0.02163123737618235, 0.12573184124863948], [0.5328026978146206, 0.2720788840378088, 0.17001605849326687, 0.025102359654303876], [0.47505101057911014, 0.05705490949840376, 0.00028267974164531063, 0.4676114001808407], [0.5707732500148519, 0.19618703859785205, 0.13998619039058702, 0.09305352099670895], [0.0766877696674088, 0.009662151526266363, 0.19675679538718868, 0.7168932834191362], [0.33385498514089823, 0.15884397327235264, 0.1354324083207266, 0.3718686332660226], [0.6676667314462869, 0.05406723731075029, 0.25840074490431314, 0.01986528633864973], [0.2512083425383104, 0.037032084136123446, 0.18186550736078344, 0.5298940659647827], [0.01219454742006854, 0.9050064571098628, 0.0820193316330845, 0.0007796638369841317], [0.022373958267248677, 0.001173280579223434, 0.029048311731046335, 0.9474044494224815], [0.5686746083405623, 0.11487717293704149, 0.007016800430626252, 0.30943141829177], [0.5594911632339429, 0.40726842600679125, 0.016894216458342274, 0.016346194300923624], [0.6499063781765391, 0.027467107211017472, 0.020899753171295044, 0.3017267614411484], [0.3889379729751161, 0.17423297106447497, 0.10862139355969555, 0.3282076624007133], [0.21907475626139664, 0.7602587187100299, 0.01659380370913928, 0.004072721319434057], [0.017065689816636677, 0.9419961113796723, 0.03971279191852443, 0.0012254068851666475], [0.2629884991976567, 0.06581704749952182, 0.1584541485393182, 0.5127403047635033], [0.3653978624582742, 0.6145308895911514, 0.019365835574314202, 0.000705412376260148], [0.2211430101492043, 0.6318400393454949, 0.00922575090188769, 0.13779119960341313], [0.0010496808149010875, 0.7058500167146917, 0.17879867439163324, 0.11430162807877396], [0.28552354155315685, 0.5592613351030207, 0.027836568864183363, 0.12737855447963908], [0.24020945547857928, 0.06757303923440257, 0.6235332004838787, 0.06868430480313943], [0.9839629621980328, 0.004827567878943133, 0.0013297188084540946, 0.009879751114569959], [0.10969643619123967, 0.12804213519785737, 0.0010100918100768718, 0.761251336800826], [0.2280443631734681, 0.657931265513365, 0.052822366496437075, 0.061202004816729896], [0.1649473784403761, 0.7125369435557629, 0.007780588820369032, 0.11473508918349197], [0.06457905210704008, 0.8733744547075557, 0.011458366779305342, 0.05058812640609879], [0.001234194521426343, 0.03798449463844075, 0.02328370288677014, 0.9374976079533627], [0.3698788345001899, 0.42946991398077716, 0.009680968492530372, 0.19097028302650268], [0.03308857645902853, 0.020773645790072678, 0.017739287648853946, 0.9283984901020448], [0.08154967415441423, 0.6719991421662692, 0.06355365198126016, 0.18289753169805642], [0.28470889234906704, 0.025929431901962625, 0.6775503322893466, 0.01181134345962371]]}, "rewritten": {"ids": ["97105760", "97107040", "97107920", "97110950", "97112300", "97113900", "97116790", "98106680", "98107010", "98107410", "98108370", "98109090", "98109570", "98110680", "98110710", "98116940", "98117740", "98120010", "99105921", "99108310", "99109161", "99109780", "99110730", "99116500", "99120010", "100107920", "100109000", "100109801", "100109910", "100109980", "100111620", "100116500", "101108290", "101110740", "101111310", "101112160", "101116130", "102110500", "102112030", "102112301", "102113210", "102113981", "102116340", "103109641", "103111170", "103113101", "103113170", "103113260", "103117461", "104109311", "104110960", "104113210", "104114240", "104119340", "105113210", "105116090", "105117200", "105118740", "105119950", "105120280", "106113190", "106113260", "106113830", "106114011", "106114150", "106114280", "106115240", "106116370", "106116640", "106119990", "106120640", "106121190", "107113260", "107114200", "107114321", "107117630", "107118520", "108113740", "108114180", "108114200", "108114220", "108115500", "108115570", "108115880", "108116120", "108116481", "108117720", "108118291", "108119510", "108121190", "109114220", "109115220", "109116040", "109117431", "109118701", "109120621", "110115890", "110116290", "110116300", "110116441", "110118121", "110118161", "110118301", "110118450", "110118740", "110120560", "110121140", "110121170", "110121500", "111114171", "111114321", "111116090", "111117480", "111118301", "111118810", "111120531", "111120591", "111121220", "111121351", "112116451", "112116810", "112117431", "112117471", "112118890", "112119320", "112119450", "112119500", "112119580", "112119610", "112120630", "112121030", "112121360", "113117630", "113118810", "113118820", "113119120", "113119340", "113119930", "113120540", "113121750", "113121810", "113122150"], "labels": [0, 2, 0, 3, 2, 2, 2, 1, 3, 3, 1, 1, 1, 2, 2, 2, 2, 2, 1, 2, 3, 2, 3, 2, 2, 0, 1, 0, 2, 1, 3, 2, 0, 3, 3, 3, 2, 3, 2, 1, 3, 1, 3, 1, 2, 3, 3, 3, 0, 3, 2, 3, 0, 1, 3, 1, 3, 1, 3, 3, 0, 3, 1, 1, 1, 3, 1, 2, 3, 0, 3, 2, 0, 2, 0, 0, 2, 3, 1, 0, 3, 3, 3, 3, 1, 0, 1, 3, 1, 1, 3, 3, 0, 1, 3, 1, 2, 2, 3, 3, 3, 0, 1, 0, 3, 0, 3, 2, 3, 3, 1, 3, 1, 3, 0, 0, 1, 3, 0, 0, 3, 0, 3, 3, 1, 3, 2, 3, 0, 3, 0, 3, 0, 3, 0, 3, 0, 1, 3, 0, 2, 2], "predicted_labels": [3, 2, 0, 0, 0, 1, 1, 0, 3, 3, 3, 3, 3, 1, 1, 1, 1, 2, 1, 2, 2, 1, 2, 2, 1, 3, 0, 3, 2, 3, 2, 2, 1, 1, 1, 1, 1, 3, 1, 3, 3, 3, 1, 2, 0, 1, 2, 1, 1, 0, 2, 0, 0, 1, 0, 3, 3, 3, 2, 1, 0, 1, 0, 0, 3, 2, 0, 0, 0, 0, 1, 2, 3, 1, 0, 0, 3, 0, 3, 2, 1, 0, 1, 3, 0, 0, 3, 0, 0, 2, 3, 3, 1, 0, 1, 3, 1, 3, 1, 3, 1, 1, 3, 1, 0, 3, 0, 1, 0, 3, 1, 3, 2, 3, 0, 0, 3, 1, 0, 3, 2, 1, 3, 3, 1, 0, 2, 0, 2, 0, 0, 0, 0, 1, 1, 1, 0, 1, 1, 0, 2, 1], "confidence_scores": [[0.30143537850705465, 0.014525551668215704, 0.0006366998922459975, 0.6834023699324836], [0.07506938216956818, 0.2115613657403172, 0.5400690520515152, 0.17330020003859936], [0.7973939336162795, 0.0037545540469133016, 0.00804158277409735, 0.19080992956270992], [0.9025858560971617, 0.0009142520782016271, 0.05704318984682247, 0.03945670197781432], [0.44092351452403267, 0.0886327265317229, 0.0332542145345876, 0.4371895444096568], [0.05041533716030485, 0.8338786370558907, 0.10129943344490434, 0.01440659233890012], [0.16181122175147972, 0.5197712187575873, 0.28739967552193707, 0.031017883968996116], [0.4384090634474371, 0.11609890595914164, 0.2065262436238608, 0.23896578696956053], [0.015259448852301512, 0.01280244599636059, 0.02927477630863838, 0.9426633288426995], [0.2901597745832603, 3.23377880621496e-05, 0.00043137412816849306, 0.709376513500509], [0.004998871216401752, 0.0009291978366451307, 0.0390839862170028, 0.9549879447299503], [0.21583830021911046, 0.1761619843564453, 0.13570501918780825, 0.47229469623663595], [0.10543339809799505, 0.2148802988777459, 0.027709327510199507, 0.6519769755140596], [0.010932198885158308, 0.9002739713159191, 0.08629658864490869, 0.002497241154014016], [0.0030836222661970096, 0.49423147676121776, 0.2882309724537534, 0.21445392851883183], [0.056653776850829, 0.4966680198536779, 0.2702038411044022, 0.1764743621910908], [0.16246867082772454, 0.44561241133333057, 0.3505075822008725, 0.04141133563807232], [0.041041178686007485, 0.11284243418035295, 0.6912492328926334, 0.1548671542410063], [0.0038141368600304007, 0.9160423135506851, 0.009799905743317544, 0.07034364384596685], [0.08457432608556562, 0.43114377006809745, 0.4744007650535872, 0.00988113879274961], [0.17826147919264054, 0.36726696617901405, 0.3743664852453677, 0.08010506938297778], [0.034781468966302735, 0.5875847476425894, 0.15469107863471832, 0.2229427047563895], [0.15447804224347922, 0.006002647672758447, 0.7731616619542547, 0.06635764812950759], [0.004707210330520136, 0.14008776405661344, 0.7858211553615098, 0.06938387025135673], [0.01942496099219055, 0.8256233452345568, 0.05455037612665628, 0.10040131764659624], [0.07477519036734921, 0.0022935359368445067, 0.040891038791848876, 0.8820402349039573], [0.7911241894673736, 0.030378248595447754, 0.00859284130020607, 0.16990472063697265], [0.1393652617960676, 0.01884680188882322, 0.012762403627809813, 0.8290255326872994], [0.11873910784635121, 0.11817076937678261, 0.6534444432906716, 0.10964567948619447], [0.28013762249701113, 0.25539610867630586, 0.11288406771544375, 0.35158220111123933], [0.04800223075551387, 0.12742500932269324, 0.6267460571916428, 0.19782670273015007], [0.11068535527699792, 0.023001259840590187, 0.5987367933190015, 0.2675765915634103], [0.45613376089448826, 0.5132660453829136, 0.005319857771357054, 0.02528033595124096], [0.03770291325305685, 0.6039800287625245, 0.026021511723397756, 0.33229554626102076], [0.09269784937101998, 0.4202639628567156, 0.24325552014682428, 0.24378266762544018], [0.10050128753316714, 0.8227791717620603, 0.04751206599631495, 0.029207474708457498], [0.08208043829256884, 0.8820868623113624, 0.024535996527958064, 0.011296702868110749], [0.02547784818693827, 0.0019312449347149644, 0.17664609596601308, 0.7959448109123336], [0.25689003013192213, 0.2837420615667122, 0.2312224721533469, 0.2281454361480187], [0.09070627289909583, 0.26307390945377335, 0.024514316476333866, 0.621705501170797], [0.029258759782489045, 0.17488294634542448, 0.04946977603773354, 0.7463885178343528], [0.08230727757722969, 0.023524958465273502, 0.04197946428182649, 0.8521882996756703], [0.09018965146523178, 0.6888084752504445, 0.04225026999810702, 0.17875160328621664], [0.2198142450008226, 0.1648526873917522, 0.5856467784892768, 0.02968628911814825], [0.7244727764303495, 0.0502787248768654, 0.10308281145172278, 0.12216568724106223], [0.07178864774005803, 0.8439748464439076, 0.01676874000532733, 0.06746776581070696], [0.3632611688706848, 0.03451813583116575, 0.5607410514366632, 0.04147964386148604], [0.19698962429158512, 0.5764023121755929, 0.04395418536407065, 0.18265387816875128], [0.031617023055954874, 0.6081260108740533, 0.00968506491020204, 0.3505719011597899], [0.8379851478402902, 0.008472874039142571, 0.09403592830419392, 0.059506049816373294], [0.04416682510638234, 0.0124936455415709, 0.8194757479642834, 0.12386378138776337], [0.913434666255047, 0.013814166414165425, 0.018202514378772777, 0.05454865295201479], [0.447416809928581, 0.011175568318833594, 0.20600859074962574, 0.33539903100295965], [0.00019807776521716227, 0.9841357444963644, 0.01427504902195432, 0.001391128716463992], [0.7498021644228493, 0.04334073228883084, 0.01752276197870598, 0.1893343413096138], [0.0444877023113485, 0.07249564571226329, 0.005623494195356728, 0.8773931577810316], [0.14195051348718118, 0.14444521308571498, 0.11096215427257317, 0.6026421191545307], [0.007360947220883647, 0.05193785293788456, 0.2660247116012743, 0.6746764882399576], [0.3437485951208553, 0.14453114054893929, 0.41573929715104524, 0.09598096717916008], [0.09732379940722924, 0.866338115010832, 0.002911864072357661, 0.03342622150958107], [0.5153212060077017, 0.25820638591595857, 0.07599543650526193, 0.1504769715710778], [0.03753617652243758, 0.8304861292134542, 0.1244337709518617, 0.007543923312246557], [0.49094642380264647, 0.4288364265185344, 0.005745465698085492, 0.07447168398073371], [0.6600117874547845, 0.17141093609326394, 0.16421842756120505, 0.004358848890746617], [0.19014435650397918, 0.04297645819432852, 0.2545973570134047, 0.5122818282882876], [0.20663327135416107, 0.19610748528877198, 0.31371109986458723, 0.2835481434924797], [0.6707907216731109, 0.036102932243051084, 0.011466256864369213, 0.28164008921946876], [0.8779947180709103, 0.03495309286772485, 0.04206287440706703, 0.044989314654297986], [0.5892619881092025, 0.09525142496529948, 0.20719897196352, 0.10828761496197782], [0.4787258381527806, 0.005790724704694978, 0.17280801780190236, 0.34267541934062196], [0.0017936487608318284, 0.9791557699534899, 0.007072580003792077, 0.011978001281886114], [0.037782255142539384, 0.03931770289225805, 0.5677558345785934, 0.3551442073866093], [0.05625667450263383, 0.33523728075800974, 0.23446498740704744, 0.374041057332309], [0.026449652779924164, 0.8727012583322272, 0.08209477274775105, 0.018754316140097656], [0.5276664403301409, 0.06954986210602213, 0.015503742870538335, 0.3872799546932987], [0.9536449189854014, 0.0046159664457595005, 0.03984108956024736, 0.001898025008591936], [0.25538376970976706, 0.06556316815552614, 0.09885886307481706, 0.5801941990598898], [0.4412953818620904, 0.018028370834272958, 0.18194760882441002, 0.3587286384792266], [0.3146857470997223, 0.08260143675222825, 0.0018214759268141774, 0.6008913402212352], [0.11555619585201489, 0.17982830367139116, 0.4602853916811808, 0.24433010879541311], [0.33936656878537036, 0.496997885237039, 0.14843729630077881, 0.015198249676811753], [0.7156627694075616, 0.07396255780640101, 0.19211817715629803, 0.01825649562973938], [0.0115480344069522, 0.3888729745321589, 0.27829141083563275, 0.3212875802252561], [0.1250953892586561, 0.0019040360898929963, 0.006131479502730166, 0.8668690951487208], [0.5992236207993072, 0.02481004530149371, 0.23342734960893108, 0.14253898429026798], [0.6459815399613144, 0.2741676969036238, 0.0056046441744038175, 0.07424611896065793], [0.0023854319085398314, 0.05840065264936351, 0.025754467248411603, 0.9134594481936852], [0.9474296939929048, 0.02201996884158691, 0.0019682830723926794, 0.028582054093115677], [0.4983675966981889, 0.3759537691895368, 0.0450371468884072, 0.08064148722386709], [0.02659436452293713, 0.10581214258009211, 0.46995819259250976, 0.39763530030446087], [0.19338193729782166, 0.03714422236264542, 0.002671875841970384, 0.7668019644975625], [0.05901888627393961, 0.10778790505150608, 0.05927941708560493, 0.7739137915889495], [0.19033094110108845, 0.4324731564218165, 0.2493749105098164, 0.12782099196727878], [0.5961689186362419, 0.05003657545096778, 0.003668889354178539, 0.35012561655861185], [0.14465298687151681, 0.6746439505046606, 0.07966671024780711, 0.10103635237601528], [0.026797079784788423, 0.005460764026989706, 0.0002747474513515678, 0.9674674087368703], [0.20693238225731228, 0.6413070510655138, 0.09869277127442863, 0.05306779540274522], [0.1894796079648374, 0.044190078776433286, 0.2516308828020928, 0.5146994304566365], [0.04169307924794598, 0.6142070116603704, 0.03298799733383519, 0.3111119117578483], [0.008847172683252993, 0.05145551389447256, 0.015311763491364795, 0.9243855499309097], [0.004706945008639744, 0.9007459210095841, 0.012500087484619914, 0.08204704649715622], [0.09297894221708455, 0.5225681516067165, 0.02944373175210012, 0.3550091744240988], [0.242677478310745, 0.2217118295126272, 0.1391601128781497, 0.3964505792984781], [0.1850684161889377, 0.7095288888470452, 0.09638841551654026, 0.00901427944747695], [0.9064073109781445, 0.002669979309497257, 0.012128318308557652, 0.07879439140380055], [0.3422616135142574, 0.010107243577042464, 0.2515248669235232, 0.396106275985177], [0.9471444081879404, 0.0009595451123127593, 0.04221606634358329, 0.009679980356163633], [0.05909019284790392, 0.5277137326495255, 0.19838648628505437, 0.21480958821751608], [0.9602713478601536, 0.0049496795566231115, 0.011011536497164798, 0.023767436086058455], [0.0928331220663302, 0.17108748398918763, 0.21548650332052488, 0.5205928906239572], [0.01769256426926562, 0.7335003715992127, 0.013130198653321068, 0.2356768654782006], [0.2600707031694051, 0.01500602629369103, 0.00036426612884131297, 0.7245590044080626], [0.055430071154458, 0.2808713840251765, 0.5917576676310735, 0.07194087718929193], [0.0816667500760564, 0.06871670446481869, 0.03809755057415719, 0.8115189948849677], [0.5368579065658614, 0.0046359768960038345, 0.35043345895651484, 0.10807265758161995], [0.7892219606732117, 0.05583235373303265, 0.04072716091948213, 0.11421852467427346], [0.2088129865234201, 0.016354173051948688, 0.18199204247984604, 0.5928407979447852], [0.18341957516966967, 0.5836032032373776, 0.018073409951259382, 0.21490381164169334], [0.6229361638751707, 0.3498789602585954, 0.008649285518969456, 0.018535590347264375], [0.1749136548685723, 0.0029715823718504814, 0.003398777886308689, 0.8187159848732685], [0.1251149418171381, 0.02421698975997157, 0.7845752273056384, 0.06609284111725183], [0.18994213019255, 0.4245430420211194, 0.0033319189605044044, 0.3821829088258261], [0.16884977878558746, 0.1558520981846719, 0.02702481530904445, 0.6482733077206962], [0.35751000471142735, 0.061517567373904083, 0.05763279406368894, 0.5233396338509796], [0.0013265161322505027, 0.7782528724925918, 0.10626862921311796, 0.11415198216203978], [0.7907256192393328, 0.13314024736810423, 0.0016764223747870305, 0.07445771101777579], [0.11368180886967788, 0.3519451527477733, 0.5211360946058179, 0.01323694377673089], [0.9730156537511752, 0.00013528686566915198, 0.0003280968314420885, 0.026520962551713545], [0.011444489955179783, 0.22591720771018795, 0.7013511987762223, 0.061287103558409925], [0.6900685758080988, 0.06764233057356868, 0.0008552631464743389, 0.24143383047185824], [0.5686944641326118, 0.08361657880386447, 0.3003850990739673, 0.04730385798955639], [0.583945136785597, 0.27045844323021934, 0.04637918337703028, 0.09921723660715336], [0.6983156356241558, 0.03223045691131361, 0.2416027706198124, 0.027851136844718277], [0.12061456257620946, 0.46235490793632317, 0.21994120524343175, 0.19708932424403558], [0.4167374503563133, 0.5466971025160771, 0.006106500236955249, 0.030458946890654346], [0.018265843887287515, 0.7078049783596747, 0.03461704930838341, 0.2393121284446544], [0.49218649656207236, 0.18706182486819667, 0.012687695251909365, 0.30806398331782164], [0.11597316965269468, 0.7760861214107374, 0.009126578697786726, 0.0988141302387811], [0.1399756324857241, 0.7533814380686746, 0.03154105031752027, 0.075101879128081], [0.5625587898655543, 0.10635608305759645, 0.03690797336521253, 0.2941771537116368], [0.07611719704229362, 0.20485325322104855, 0.5607157320912807, 0.15831381764537722], [0.007860921862722596, 0.7792585342834464, 0.016580181815026195, 0.19630036203880483]]}}