{"test": {"ids": ["97113260", "112116610", "104112470", "97112300", "111121220", "108121160", "107120880", "99112840", "108120700", "103120290", "107116300", "108113480", "99108080", "103111990", "99111340", "104111990", "109117630", "113118421", "111117480", "100109000", "100107920", "105113440", "107121540", "105120621", "101108950", "113121220", "105112260", "112119500", "109113281", "97107920", "111116530", "101108500", "107114140", "99112641", "111115770", "111116040", "98106880", "110118880", "107120260", "104116800", "111116411", "104113240", "97107260", "101110740", "113122650", "108120260", "103113170", "99108460", "97116790", "112119950", "103109021", "106112770", "98108520", "111116010", "111116640", "106118820", "111120260", "110120540", "103117461", "113119450", "108117360", "104113190", "105118230", "106115120", "112119320", "98107010", "111121930", "107121700", "109116040", "112116850", "98111620", "107114321", "111120531", "102110690", "111116100", "97116800", "105110091", "103113101", "101108460", "106117790", "105117351", "109121410", "107113170", "113122220", "108115880", "111120280", "111117200", "113121950", "109119340", "97112830", "108113760", "109120150", "111120320", "98112170", "106113170", "111121351", "109115380", "106120640", "102109850", "111116170", "100108990", "105113260", "105115380", "112116810", "97105960", "112118471", "112120270", "109114720", "99113260", "99114890", "99109311", "98111860", "112116800", "98110230", "107112850", "111121410", "103111830", "107119950", "104111550", "106121190", "108114670", "112120990", "109117271", "105116980", "104118340", "97106820", "99107640", "101117580", "106116850", "113120591", "108114200", "109116170", "105117431", "111117571", "106114321", "104109311", "97106000", "103113640", "98120010", "106116370", "113119340", "98121790"], "labels": [1, 1, 1, 2, 3, 2, 1, 2, 2, 2, 0, 0, 3, 2, 1, 2, 0, 3, 1, 1, 0, 0, 2, 1, 2, 3, 3, 2, 0, 0, 3, 3, 2, 1, 3, 0, 0, 0, 1, 1, 0, 2, 2, 3, 2, 1, 3, 0, 2, 0, 0, 1, 2, 1, 0, 3, 3, 1, 0, 3, 1, 3, 1, 1, 1, 3, 1, 3, 0, 0, 3, 0, 0, 0, 3, 0, 0, 3, 0, 1, 0, 0, 0, 1, 3, 0, 0, 3, 3, 2, 1, 2, 1, 3, 0, 0, 3, 3, 1, 0, 2, 3, 1, 3, 2, 1, 0, 0, 0, 2, 1, 0, 0, 3, 1, 0, 3, 3, 1, 2, 3, 2, 0, 0, 2, 1, 1, 3, 3, 0, 0, 0, 1, 3, 2, 3, 0, 1, 2, 2, 0, 2], "predicted_labels": [1, 1, 3, 0, 0, 0, 1, 1, 3, 0, 3, 3, 1, 3, 2, 1, 0, 0, 3, 1, 0, 1, 3, 0, 3, 0, 1, 2, 0, 0, 3, 1, 3, 3, 3, 1, 1, 3, 1, 1, 0, 1, 2, 1, 3, 3, 0, 0, 0, 0, 0, 0, 3, 3, 3, 2, 3, 2, 1, 3, 1, 0, 2, 3, 3, 3, 3, 1, 0, 3, 1, 1, 0, 3, 1, 1, 0, 0, 3, 0, 2, 1, 1, 0, 1, 3, 1, 3, 3, 0, 1, 1, 0, 0, 1, 1, 3, 2, 0, 1, 1, 3, 3, 0, 0, 1, 3, 3, 3, 2, 1, 1, 1, 0, 1, 3, 3, 3, 1, 3, 1, 2, 3, 3, 3, 1, 3, 1, 2, 3, 1, 3, 3, 3, 3, 3, 2, 3, 2, 1, 1, 2], "confidence_scores": [[0.15126130603598703, 0.5120598981625519, 0.16697758182165226, 0.16970121397980878], [0.1130803537696787, 0.772628882195995, 0.030631579168679084, 0.08365918486564715], [0.17104607077456913, 0.2672416272650106, 0.18722477657361727, 0.3744875253868031], [0.3882365017043364, 0.20754260084160933, 0.1546829523027446, 0.24953794515130978], [0.46359918665767397, 0.22975769271109572, 0.11878276865423032, 0.18786035197700002], [0.2663441165432288, 0.2660734302521349, 0.2353197513784689, 0.2322627018261673], [0.19818666780297498, 0.42729347059671413, 0.12453336208608073, 0.24998649951423005], [0.1966898050250395, 0.32671394221867234, 0.22987750983848507, 0.24671874291780332], [0.1927758905090701, 0.19036743854039023, 0.1260512568763054, 0.4908054140742345], [0.41669336427122644, 0.23151554792164522, 0.0723533927175489, 0.27943769508957955], [0.1144634462653123, 0.19407435079986549, 0.15025303976983714, 0.541209163164985], [0.1010425970710935, 0.11705405567556594, 0.38472357816743297, 0.3971797690859075], [0.1884070551855248, 0.3578332415483946, 0.1270062503091593, 0.32675345295692126], [0.06405267557120646, 0.1448835089152957, 0.3864038878745756, 0.4046599276389224], [0.17721424249068835, 0.25519238635415503, 0.45397145153302587, 0.11362191962213075], [0.16549654223462712, 0.6608669429008203, 0.08272715523106568, 0.09090935963348717], [0.38248870193359435, 0.3072326241982018, 0.14068459526126711, 0.16959407860693673], [0.42812245079390376, 0.21626430648292927, 0.09818131515713655, 0.25743192756603045], [0.30101981560218644, 0.24282620885531836, 0.1183300153756956, 0.3378239601667995], [0.2512873067289428, 0.3112984969540911, 0.15004843144942506, 0.28736576486754073], [0.6318887342172873, 0.1430226386217311, 0.07801479485554719, 0.14707383230543428], [0.1853103308237288, 0.36596012486997553, 0.2089627464936424, 0.23976679781265345], [0.08235214518671449, 0.29763171828116275, 0.28726847470086336, 0.33274766183125953], [0.7108036296720359, 0.10053908735975653, 0.056121125968734, 0.13253615699947358], [0.13630590228499803, 0.30045935533908635, 0.08254238795777964, 0.48069235441813607], [0.6605281435386501, 0.08974755892513492, 0.09322476910605941, 0.15649952843015572], [0.1587731729485919, 0.5499469906246724, 0.13192600016770908, 0.15935383625902638], [0.09346487071025204, 0.1743686667151109, 0.5045335087881352, 0.2276329537865019], [0.42370115851257245, 0.1738076013025297, 0.06710990853130586, 0.33538133165359213], [0.5889276714295172, 0.12559601100499473, 0.07713993138191721, 0.2083363861835708], [0.292351996763616, 0.18941739933029006, 0.10001884752305681, 0.4182117563830372], [0.07279507989395058, 0.6013373820419727, 0.08634214530705395, 0.2395253927570227], [0.2824670530450064, 0.2837498035571499, 0.12198717413985095, 0.31179596925799297], [0.2153335392346096, 0.3092399845167838, 0.15129113937537733, 0.3241353368732292], [0.28232820314549034, 0.2795001656125719, 0.09230881570729181, 0.34586281553464593], [0.13025103827476278, 0.404092863765417, 0.17702955473026935, 0.28862654322955084], [0.13877712182220656, 0.5189480987365833, 0.061761908093314125, 0.280512871347896], [0.17873251321737424, 0.23269529924858467, 0.10047288256731125, 0.48809930496672993], [0.20686315499153216, 0.44691712114672977, 0.1204457544241369, 0.22577396943760109], [0.22918634359520496, 0.46849052487284154, 0.10068979081787591, 0.20163334071407754], [0.3883841809457888, 0.14681108953193445, 0.0942120941460017, 0.370592635376275], [0.2294962751266458, 0.30598284134607656, 0.2930065573757337, 0.17151432615154405], [0.0863871845303702, 0.2555076877659999, 0.5288765344683356, 0.1292285932352943], [0.14155992819608745, 0.32390671772533164, 0.23951850189943968, 0.2950148521791412], [0.1754513011467707, 0.2222052837717898, 0.21736206224043364, 0.38498135284100604], [0.15610832343564968, 0.21996432917195613, 0.09097212976885652, 0.5329552176235376], [0.28642010212597624, 0.21635111592031558, 0.22289142631739625, 0.27433735563631184], [0.4959976028073599, 0.0828249082693998, 0.19454527950083678, 0.22663220942240342], [0.3394364998156326, 0.2891091947688696, 0.14782689534484328, 0.2236274100706544], [0.37581092591167437, 0.16633283573507032, 0.1067161400813316, 0.35114009827192394], [0.35458034982191716, 0.26805871574363865, 0.13911565724546082, 0.23824527718898353], [0.44461197862147467, 0.1657732459314347, 0.206299459364288, 0.18331531608280258], [0.1291084757960228, 0.31134063537314893, 0.22785205090417956, 0.33169883792664884], [0.22987977696267803, 0.22258829975356856, 0.2366555633500829, 0.31087635993367047], [0.0827628616294355, 0.2500598465149659, 0.30910755095934067, 0.3580697408962579], [0.09693229076629399, 0.1129812423888919, 0.5038201059092847, 0.28626636093552943], [0.11221110974478612, 0.33507648161569853, 0.1488131941191658, 0.40389921452034966], [0.19604612723327045, 0.18654754227546452, 0.3490823594745321, 0.268323971016733], [0.14045382361520686, 0.45477877667182187, 0.10969118595761872, 0.2950762137553525], [0.10858131767344589, 0.08723886440771218, 0.08148397730854968, 0.7226958406102925], [0.1417163532063767, 0.48663159477645124, 0.19717923344048668, 0.1744728185766855], [0.3158927482467831, 0.30744903416648345, 0.1334216597633182, 0.24323655782341527], [0.11627982308067991, 0.21878196020794602, 0.4323724981112204, 0.23256571860015385], [0.21177523406727833, 0.3019379999772746, 0.10312272146263479, 0.38316404449281216], [0.07043884523994468, 0.1980415036811236, 0.13325174335203255, 0.5982679077268991], [0.18124260086301522, 0.26933181312768495, 0.1508063325423382, 0.3986192534669617], [0.0908932743545573, 0.2669926859358806, 0.1974822006992579, 0.4446318390103043], [0.1172396731463351, 0.43683989281892555, 0.07088845607728815, 0.3750319779574513], [0.352513561807893, 0.1636798986534228, 0.2585781500112557, 0.2252283895274285], [0.1933120643254839, 0.26508219481857936, 0.1536966715832357, 0.38790906927270097], [0.18028966746940012, 0.5064873266824248, 0.13500187314251896, 0.17822113270565618], [0.1900319455646221, 0.48521696061941977, 0.09537404589595537, 0.22937704792000302], [0.32388545080634856, 0.2924003551043552, 0.11827329482194197, 0.26544089926735426], [0.27696555208406176, 0.30023218130609763, 0.10336917026005323, 0.3194330963497875], [0.17757831834046386, 0.36423030659715083, 0.20350798227824834, 0.2546833927841369], [0.15927543675393022, 0.34375922337381754, 0.26196666684824665, 0.23499867302400543], [0.42841189481550523, 0.2519146939823291, 0.08901884964463323, 0.23065456155753247], [0.40492815077972205, 0.1612114571088019, 0.26140026353559803, 0.1724601285758782], [0.30181893302808005, 0.25036529971016, 0.11386054058621443, 0.33395522667554556], [0.4413610421024798, 0.107879899463717, 0.04433299111868003, 0.40642606731512326], [0.17224989535955612, 0.32264130049178324, 0.3378476169008993, 0.16726118724776123], [0.13469304888310962, 0.45086311560313996, 0.13011352772935697, 0.2843303077843934], [0.17309979284296872, 0.4486025720823784, 0.15667009077977118, 0.2216275442948817], [0.38747455375982753, 0.17965806838083037, 0.18437375886781082, 0.2484936189915315], [0.11073527713952028, 0.4729320504911476, 0.09523182531893656, 0.3211008470503955], [0.21876196251015548, 0.24970709424148102, 0.07707089452790136, 0.45446004872046214], [0.17069946230882724, 0.37987393652848667, 0.22999416197242595, 0.21943243919026015], [0.21782458515672554, 0.12432916789013218, 0.08233093253846377, 0.5755153144146785], [0.13976319027434259, 0.26276237391707025, 0.1992016467670132, 0.39827278904157387], [0.29756860379818395, 0.1794454168455317, 0.23668473194351886, 0.28630124741276525], [0.06571397193281074, 0.40592641200504054, 0.20198579085818683, 0.3263738252039618], [0.2340727480295695, 0.34135733658888145, 0.17605750529028386, 0.24851241009126518], [0.34032939428070125, 0.24138968517182385, 0.07888212061557058, 0.3393987999319042], [0.6051366122844793, 0.13544428611293835, 0.061821321838759734, 0.1975977797638226], [0.2308781758034268, 0.45531017976662835, 0.11750709484307151, 0.1963045495868735], [0.16862898402803622, 0.5179938562243133, 0.1652378778487572, 0.14813928189889344], [0.20219453940573037, 0.26355994499004576, 0.14995447096661882, 0.38429104463760516], [0.14994139971266235, 0.2803330330881117, 0.30736443809772784, 0.262361129101498], [0.3925517954719484, 0.260771289177334, 0.14645639259452178, 0.20022052275619578], [0.17311238621349306, 0.5547862265455488, 0.06331732594896365, 0.2087840612919946], [0.06990203543833985, 0.6027808531032952, 0.05823936008651457, 0.26907775137185047], [0.2817095654258647, 0.25879247825454454, 0.07034622687296004, 0.3891517294466308], [0.08022293987672097, 0.32975711164440336, 0.12995833690916783, 0.460061611569708], [0.45224317608427406, 0.3653742059302021, 0.07912080931744887, 0.10326180866807497], [0.451944852688204, 0.1215540418174446, 0.04629498028570812, 0.38020612520864316], [0.23986088323152865, 0.3548059085858053, 0.14057920141279406, 0.26475400676987204], [0.34621638940730365, 0.1960750022221103, 0.09285743390711153, 0.36485117446347465], [0.30733677989582237, 0.051510180531760125, 0.28204662176837303, 0.3591064178040447], [0.23130527388721578, 0.13434254445731023, 0.27700849830895996, 0.35734368334651423], [0.25255060369487115, 0.10331412979474833, 0.47771836222991526, 0.16641690428046543], [0.16008335578753402, 0.5744104258177457, 0.09178982169515205, 0.17371639669956826], [0.20142578293582494, 0.43873587579075424, 0.2121557243107573, 0.14768261696266352], [0.304279559934787, 0.3500150703690069, 0.13163983388448183, 0.21406553581172397], [0.5956963322600304, 0.14283284091380402, 0.05817584486411452, 0.20329498196205134], [0.16936712549365895, 0.38671020600445866, 0.18533600844252687, 0.25858666005935577], [0.29197484373171473, 0.14733099480180176, 0.03185676903082523, 0.5288373924356582], [0.25428232142569585, 0.16319759581947432, 0.1317598223084205, 0.4507602604464094], [0.11032322878121265, 0.2644274651828825, 0.17461769023920182, 0.45063161579670313], [0.1617050744521561, 0.5145943871801539, 0.08014001963183022, 0.2435605187358599], [0.18750130941555962, 0.26199322288080606, 0.13488485342808554, 0.41562061427554886], [0.192492009917514, 0.41421919726239204, 0.18194607240800773, 0.21134272041208635], [0.16491424544632377, 0.18889330503842477, 0.4288537721532839, 0.2173386773619675], [0.14802283824550774, 0.11472797365356731, 0.12164287436637107, 0.6156063137345539], [0.2471052690837788, 0.12182874712672488, 0.14479414879243752, 0.48627183499705906], [0.20027824889884785, 0.17684398427310777, 0.1412790187230057, 0.4815987481050388], [0.14630181202060558, 0.44338603481944266, 0.15220524623509182, 0.2581069069248601], [0.29828107079565314, 0.17362880918599072, 0.11534877042972114, 0.41274134958863484], [0.19784635503100445, 0.5064484897612225, 0.11151189908563115, 0.18419325612214188], [0.1904397796151689, 0.26316692433585687, 0.31561749788600485, 0.23077579816296953], [0.18778637754740266, 0.2512608858981434, 0.10873271904164036, 0.45222001751281343], [0.20588586722369648, 0.3421082720673119, 0.1397875689367974, 0.3122182917721944], [0.14460809765558583, 0.14723841109635555, 0.089094017218006, 0.6190594740300528], [0.26988417953464106, 0.17695058788327672, 0.1295839850457973, 0.423581247536285], [0.24183129854725777, 0.11587478096130371, 0.13508428299608885, 0.5072096374953496], [0.18054330275760733, 0.15128699101690202, 0.0807080027864172, 0.5874617034390733], [0.1292855531047053, 0.22697181274780992, 0.12039967440496491, 0.5233429597425199], [0.06357403136625692, 0.0816841482341072, 0.7504305230477999, 0.104311297351836], [0.23218901346223536, 0.2326900256588362, 0.11554474554504718, 0.41957621533388123], [0.22589042888667124, 0.15059880847751686, 0.38788013593818305, 0.23563062669762883], [0.19650684310400726, 0.4200368900930838, 0.10662455014168672, 0.27683171666122225], [0.20916911809184105, 0.39902666134804876, 0.08427902720663319, 0.307525193353477], [0.15411239208513014, 0.17945870186350207, 0.36049147898783535, 0.3059374270635328]]}, "rewritten": {"ids": ["97105960", "97106000", "97106820", "97107260", "97107920", "97112300", "97112830", "97113260", "97116790", "97116800", "98106880", "98107010", "98108520", "98110230", "98111620", "98111860", "98112170", "98120010", "98121790", "99107640", "99108080", "99108460", "99109311", "99111340", "99112641", "99112840", "99113260", "99114890", "100107920", "100108990", "100109000", "101108460", "101108500", "101108950", "101110740", "101117580", "102109850", "102110690", "103109021", "103111830", "103111990", "103113101", "103113170", "103113640", "103117461", "103120290", "104109311", "104111550", "104111990", "104112470", "104113190", "104113240", "104116800", "104118340", "105110091", "105112260", "105113260", "105113440", "105115380", "105116980", "105117351", "105117431", "105118230", "105120621", "106112770", "106113170", "106114321", "106115120", "106116370", "106116850", "106117790", "106118820", "106120640", "106121190", "107112850", "107113170", "107114140", "107114321", "107116300", "107119950", "107120260", "107120880", "107121540", "107121700", "108113480", "108113760", "108114200", "108114670", "108115880", "108117360", "108120260", "108120700", "108121160", "109113281", "109114720", "109115380", "109116040", "109116170", "109117271", "109117630", "109119340", "109120150", "109121410", "110118880", "110120540", "111115770", "111116010", "111116040", "111116100", "111116170", "111116411", "111116530", "111116640", "111117200", "111117480", "111117571", "111120260", "111120280", "111120320", "111120531", "111121220", "111121351", "111121410", "111121930", "112116610", "112116800", "112116810", "112116850", "112118471", "112119320", "112119500", "112119950", "112120270", "112120990", "113118421", "113119340", "113119450", "113120591", "113121220", "113121950", "113122220", "113122650"], "labels": [2, 0, 1, 2, 0, 2, 2, 1, 2, 0, 0, 3, 2, 3, 3, 0, 3, 2, 2, 1, 3, 0, 1, 1, 1, 2, 0, 2, 0, 2, 1, 0, 3, 2, 3, 3, 1, 0, 0, 3, 2, 3, 3, 1, 0, 2, 3, 1, 2, 1, 3, 2, 1, 2, 0, 3, 3, 0, 1, 0, 0, 1, 1, 1, 1, 0, 2, 1, 2, 3, 1, 3, 3, 2, 1, 0, 2, 0, 0, 3, 1, 1, 2, 3, 0, 1, 0, 3, 3, 1, 1, 2, 2, 0, 0, 3, 0, 0, 0, 0, 3, 2, 0, 0, 1, 3, 1, 0, 3, 0, 0, 3, 0, 0, 1, 3, 3, 0, 1, 0, 3, 0, 0, 1, 1, 0, 3, 0, 1, 1, 2, 0, 0, 2, 3, 0, 3, 0, 3, 3, 1, 2], "predicted_labels": [3, 0, 3, 3, 0, 3, 1, 3, 1, 0, 1, 0, 0, 1, 3, 3, 0, 2, 2, 0, 0, 1, 1, 3, 3, 3, 0, 1, 0, 3, 3, 0, 1, 3, 0, 0, 3, 0, 1, 0, 3, 3, 0, 0, 3, 0, 3, 3, 1, 0, 0, 0, 3, 3, 3, 0, 3, 3, 0, 3, 1, 1, 3, 3, 3, 3, 0, 3, 3, 3, 1, 3, 2, 3, 0, 1, 3, 3, 1, 0, 3, 1, 3, 3, 3, 0, 3, 1, 3, 0, 3, 1, 3, 1, 3, 3, 3, 1, 3, 0, 3, 1, 0, 0, 3, 3, 3, 1, 1, 1, 0, 3, 3, 3, 0, 1, 3, 3, 1, 0, 0, 0, 3, 0, 1, 1, 0, 0, 1, 0, 3, 1, 3, 1, 3, 0, 3, 0, 3, 3, 1, 1], "confidence_scores": [[0.18078806378273513, 0.24914368683807456, 0.07239386658334517, 0.4976743827958452], [0.37769386186908377, 0.1743023409013106, 0.13858063623858066, 0.309423160991025], [0.11251103361385888, 0.1810815163918124, 0.05947302089352006, 0.6469344291008088], [0.12925225340943847, 0.3080988809131863, 0.11089623100645243, 0.4517526346709229], [0.6161366599199983, 0.1497333776853227, 0.053754179865108734, 0.18037578252957032], [0.2452425427357428, 0.3210236868386357, 0.08251150203875861, 0.35122226838686293], [0.14318778878859434, 0.5174052879256494, 0.130996258929603, 0.20841066435615327], [0.144811881877239, 0.23114491677832116, 0.22353341608879765, 0.40050978525564207], [0.18777443349960357, 0.345781303527044, 0.30163396255288705, 0.1648103004204653], [0.6259422558491006, 0.15681289973906512, 0.0586351561306733, 0.1586096882811611], [0.32115219565744874, 0.3667307497205199, 0.13833764382943045, 0.17377941079260104], [0.39450226065283867, 0.20979758345132046, 0.08709567621862165, 0.3086044796772194], [0.36985221630107723, 0.24278996372416953, 0.16987375256378842, 0.21748406741096496], [0.33591166249780446, 0.3469548297149239, 0.11443267941732538, 0.20270082836994627], [0.21783280329897595, 0.23612747516815336, 0.08687858507476375, 0.4591611364581069], [0.1852553985639117, 0.19476865436959367, 0.10026657068963479, 0.5197093763768597], [0.3684521633120039, 0.19412460134656223, 0.1457364514417407, 0.29168678389969327], [0.2535964430879736, 0.12775744520565144, 0.32654130925253966, 0.29210480245383535], [0.26919675109278846, 0.1640889648781294, 0.2900577163675295, 0.2766565676615527], [0.4847398252607919, 0.21717660796172308, 0.0871349290681427, 0.2109486377093423], [0.5453862453403234, 0.17498729843281302, 0.060597846596487565, 0.219028609630376], [0.18041910767347705, 0.41262135310428405, 0.09644709983696248, 0.3105124393852764], [0.10815033147538373, 0.6679600403201793, 0.0838002245447126, 0.14008940365972433], [0.1617682612845479, 0.1317406270049446, 0.320403212171753, 0.3860878995387545], [0.17885664860343112, 0.3310187051651983, 0.08851206050122436, 0.401612585730146], [0.22002284073240774, 0.2936498851886811, 0.12371538872534986, 0.36261188535356137], [0.432350299506834, 0.211375986240515, 0.11401221552895958, 0.2422614987236914], [0.1142979231659179, 0.4448345887928218, 0.11160543948990176, 0.3292620485513585], [0.5992167148235917, 0.18768350124441868, 0.06494831539439493, 0.14815146853759464], [0.22780488663772308, 0.2891740980618956, 0.09202810306464103, 0.39099291223574034], [0.11467645001072642, 0.13721553267301148, 0.044048557454351565, 0.7040594598619105], [0.3387154376957036, 0.2977622962534944, 0.09970165065715388, 0.263820615393648], [0.2785810184546777, 0.35513642425633485, 0.13110673421434577, 0.23517582307464194], [0.30029219017334374, 0.32031846343412046, 0.058891458819479714, 0.32049788757305614], [0.37510234051453534, 0.2643858175124148, 0.11811724853369494, 0.24239459343935488], [0.35419381951421963, 0.19084976512034016, 0.10690184506509286, 0.3480545703003472], [0.17647588873388642, 0.2474148239951747, 0.20886295839369504, 0.3672463288772438], [0.44565716338995504, 0.3236049823086315, 0.0700161123351472, 0.16072174196626604], [0.21978451925922446, 0.4282242588513835, 0.058785276258754675, 0.29320594563063734], [0.622488492343881, 0.18374343999796822, 0.08338683366170103, 0.11038123399644983], [0.2217617148765871, 0.210885197390705, 0.25653685451968283, 0.310816233213025], [0.3241954741375693, 0.21065213241007005, 0.12721052315461975, 0.3379418702977408], [0.43197702563325086, 0.24280244708055224, 0.07632881289137675, 0.24889171439482022], [0.3756057468282517, 0.20443548720908283, 0.17347278053081916, 0.24648598543184638], [0.29847982128349637, 0.20127939341241313, 0.06363263459110252, 0.43660815071298786], [0.5045671635550125, 0.1879205704741434, 0.07567880671136172, 0.23183345925948232], [0.23758283677793618, 0.26013442724900115, 0.10877319645902918, 0.3935095395140333], [0.37065372386980183, 0.14401672853651962, 0.062287755499284725, 0.4230417920943937], [0.24781544214424409, 0.49438921900598726, 0.14275785478051783, 0.11503748406925081], [0.44634319377306547, 0.24522327970179325, 0.08000674240463558, 0.2284267841205056], [0.6655232859614009, 0.1029537602807681, 0.07938358934941252, 0.15213936440841844], [0.32426786088816106, 0.2984278950602924, 0.09155945195745016, 0.28574479209409653], [0.19920199076764042, 0.2285083301678576, 0.10368261761729285, 0.46860706144720915], [0.22002982439144347, 0.15641869421869659, 0.05152356452192974, 0.5720279168679302], [0.1683777799802054, 0.2267954158285323, 0.09271254315267631, 0.5121142610385859], [0.4215552634584921, 0.22624521709673526, 0.11047804661491625, 0.24172147282985645], [0.21668233974343504, 0.25624743851694715, 0.08656442454445183, 0.4405057971951659], [0.2531141450151495, 0.2234665904105314, 0.10047760770859918, 0.42294165686571983], [0.3936493681036257, 0.2655451845289303, 0.10611932134513807, 0.23468612602230599], [0.1723701221550208, 0.3365066875026777, 0.09320026651553484, 0.39792292382676675], [0.13595414259661123, 0.5058920139348353, 0.06704707609065748, 0.2911067673778959], [0.14119510229349272, 0.5715073014841743, 0.06591255003903182, 0.22138504618330113], [0.21365138109792073, 0.2501610255925956, 0.19631694834734498, 0.33987064496213865], [0.31861549043784776, 0.19418832429516747, 0.10129650858007028, 0.38589967668691444], [0.2690865676259177, 0.16551603800314085, 0.08664466863726457, 0.47875272573367683], [0.2844158545127513, 0.25547502282663304, 0.14489822024619253, 0.3152109024144231], [0.43969262238830936, 0.2175163798826713, 0.053643714172183436, 0.289147283556836], [0.33023051296819117, 0.23483976281119712, 0.10438996429462995, 0.3305397599259819], [0.29439233225104916, 0.2544750875572098, 0.1499890197184797, 0.30114356047326135], [0.2501923819517448, 0.16897691326445008, 0.12029640466732684, 0.46053430011647833], [0.15797309979760313, 0.5052326644974737, 0.07129025885618283, 0.26550397684874033], [0.30007673433648846, 0.25314094611990007, 0.09251769083575179, 0.35426462870785974], [0.20642869426466184, 0.18379245134897104, 0.3146878482516827, 0.2950910061346843], [0.17687589219518995, 0.3183528290283044, 0.1615324168704577, 0.343238861906048], [0.3972840722371648, 0.26742442548624656, 0.11358660989617944, 0.22170489238040916], [0.22669167391796347, 0.31287965823318276, 0.15759584356358314, 0.3028328242852707], [0.3694098739316659, 0.14712109803449866, 0.06833489580102606, 0.41513413223280937], [0.18785539912219315, 0.2097934293657337, 0.14339786608723454, 0.45895330542483853], [0.3232779397952781, 0.49943930897338906, 0.06468725104397402, 0.11259550018735871], [0.36187166205477833, 0.2637810533445346, 0.1598689749782929, 0.21447830962239442], [0.18479939550462965, 0.3213386735221956, 0.05904393798420288, 0.43481799298897184], [0.1352899049312753, 0.4857676192623668, 0.08183298078263025, 0.2971094950237278], [0.14761533877719638, 0.29867245618771193, 0.07289265579609425, 0.48081954923899756], [0.148725534311032, 0.34633921871765777, 0.148681636289976, 0.35625361068133415], [0.1926901309278645, 0.1183726963026757, 0.1973525562898237, 0.4915846164796362], [0.40067354630719915, 0.20680885081556372, 0.10116613378227159, 0.29135146909496556], [0.12437591313933173, 0.3125774285060639, 0.16259306854131628, 0.40045358981328816], [0.2912114196362185, 0.3479430105742586, 0.08872731158324716, 0.2721182582062758], [0.18491496614482944, 0.34622030460638753, 0.06500382256802555, 0.4038609066807575], [0.3210232618542678, 0.30121271237132746, 0.09084167206540233, 0.28692235370900226], [0.14793209911903696, 0.17275704980506576, 0.06375062793860366, 0.6155602231372936], [0.21957046087944934, 0.33077176806215336, 0.22921632710349052, 0.22044144395490678], [0.12575432851006157, 0.24502923311500296, 0.10896873385943838, 0.5202477045154971], [0.2910426382312586, 0.3437959523800912, 0.12668178028391747, 0.23847962910473283], [0.19409997613282118, 0.1712484967110089, 0.1918749158077754, 0.44277661134839463], [0.14738510240493305, 0.23989762450889646, 0.08688258580706912, 0.5258346872791014], [0.2604947143904724, 0.1946115738211705, 0.19882924084660913, 0.346064470941748], [0.24791388451735574, 0.3603076001634301, 0.16527824870826305, 0.22650026661095127], [0.07428373038840642, 0.14578775042100717, 0.04126750387498903, 0.7386610153155974], [0.3508859995974059, 0.19546424598623838, 0.11252150346565046, 0.3411282509507053], [0.20662504302329315, 0.21942126525886252, 0.08824353898141392, 0.4857101527364304], [0.20907806713846153, 0.3607670951956614, 0.17285437259384948, 0.2573004650720276], [0.3457812792279678, 0.24214803402064808, 0.0756813733373087, 0.3363893134140754], [0.4808143965355994, 0.19482725678289906, 0.062313432369447454, 0.2620449143120543], [0.18934682712099962, 0.23143141216019975, 0.20498304740820947, 0.3742387133105913], [0.22887779302641933, 0.2244944999675849, 0.11359095900001116, 0.4330367480059845], [0.3074344456872785, 0.17608921334979952, 0.06482242505870767, 0.45165391590421444], [0.0865717065634514, 0.6122608635094973, 0.05680939362294098, 0.24435803630411038], [0.20872274073947267, 0.44019983674530705, 0.059014301873742195, 0.2920631206414781], [0.2209007406019452, 0.36777232449907044, 0.10976293887448725, 0.30156399602449724], [0.5997518964404509, 0.1428820086896457, 0.06603845091826963, 0.19132764395163368], [0.26495548234433547, 0.2965246209775209, 0.1247954757996754, 0.3137244208784683], [0.23857661542232886, 0.22571206064751972, 0.12564704838302324, 0.4100642755471283], [0.2979901032345698, 0.21518948318954842, 0.18861827089616612, 0.29820214267971573], [0.39026563659694513, 0.341622526687603, 0.08023782562487514, 0.18787401109057678], [0.315630460329161, 0.40771192308513765, 0.07029709567428953, 0.20636052091141177], [0.2917590384561133, 0.19107960738984667, 0.10740317275956403, 0.40975818139447606], [0.11081099878472392, 0.2435593181976258, 0.06370213103101993, 0.5819275519866305], [0.24855695621363108, 0.4250003217121824, 0.08856833400570523, 0.23787438806848146], [0.43305534066940654, 0.25635338771250094, 0.06966200591549535, 0.2409292657025971], [0.4099582581650199, 0.3678056383642058, 0.05896612365106478, 0.16326997981970984], [0.4217707433830529, 0.14878382741715382, 0.07324048071627634, 0.356204948483517], [0.23221153302035064, 0.13862195974111544, 0.05096727917474372, 0.5781992280637902], [0.30862456826072054, 0.25238761948218297, 0.15924799609713744, 0.2797398161599593], [0.12612788229086666, 0.5704122829177362, 0.07607524858458323, 0.22738458620681393], [0.16794418240724068, 0.4053601222350373, 0.06720295957113256, 0.35949273578658947], [0.3698866126027263, 0.35186420277051256, 0.09243485081727285, 0.18581433380948842], [0.327181219791065, 0.2660724517007717, 0.08815043628279476, 0.31859589222536855], [0.29277498349515035, 0.3355582567004063, 0.10061629749175734, 0.271050462312686], [0.30174073159804654, 0.27122977931134273, 0.15327852876278122, 0.2737509603278297], [0.3161906381414227, 0.18008977114968505, 0.05162779934359933, 0.45209179136529304], [0.1541143791033663, 0.5958810092621564, 0.0594654496185186, 0.19053916201595864], [0.19134053131158768, 0.15506262541195814, 0.06387539821854649, 0.5897214450579077], [0.09570880084226488, 0.49240656307671155, 0.04109967933635523, 0.37078495674466844], [0.11862871848089426, 0.1366129370219156, 0.056136560798424086, 0.6886217836987659], [0.37640803609580303, 0.282616296564341, 0.10661016646569185, 0.2343655008741641], [0.23430260252987503, 0.2095733381887908, 0.04472110869297133, 0.5114029505883629], [0.4445840470359839, 0.15213426215182208, 0.09053402616304004, 0.31274766464915393], [0.22455649626441737, 0.2816237962648793, 0.08777164848580946, 0.40604805898489377], [0.18698190607590864, 0.2034920793432608, 0.10849250397485363, 0.5010335106059769], [0.12578187100644833, 0.41658032088939917, 0.07552493544295158, 0.382112872661201], [0.19424137214513706, 0.3496119232900534, 0.14618855268199996, 0.3099581518828097]]}}