{"test": {"ids": ["102113350", "98108150", "108120621", "107120880", "97110950", "105113260", "105115380", "99108080", "105115570", "100112060", "113121810", "102110850", "108121410", "109117150", "113120601", "109121640", "102112250", "102109910", "102110690", "110121170", "101111620", "110119300", "99111620", "113118690", "99112300", "109120621", "112118810", "105113170", "112117580", "111116040", "111120531", "110120540", "104111780", "110114610", "98108580", "111116750", "108115500", "108119510", "107116501", "102121700", "111116110", "108117610", "104119290", "101108370", "107113360", "101111210", "113121410", "109117271", "110118810", "113120280", "100109980", "109120150", "112116401", "105115680", "102108621", "104118070", "106114280", "107118490", "103120780", "108120060", "98109090", "109117730", "111117200", "107121540", "98111231", "105116090", "98108410", "102112030", "112116540", "101111140", "109113881", "110115710", "103113260", "103109791", "106120640", "112119120", "101114020", "110117080", "102110750", "113117340", "99111930", "104114410", "110116300", "108113480", "110118121", "105116860", "101110740", "113120540", "110115580", "103120531", "99117630", "99107560", "99109910", "107121700", "108117451", "109117080", "113120830", "98106560", "104111711", "105117200", "110117870", "113118810", "111115620", "100108990", "110115980", "107113840", "106117770", "97106600", "111114321", "113117630", "97108520", "100109000", "101117580", "97107681", "108118301", "111121220", "105119950", "110117500", "113119120", "112118701", "97106820", "108118291", "99114890", "99117740", "98111860", "106111321", "103112641", "108120700", "109119010", "107118520", "105113620", "107113130", "97106970", "107113180", "112121360", "109114651", "97114170", "103110840", "97105760", "105115900", "107117630", "100110260"], "labels": [3, 0, 1, 1, 3, 3, 1, 3, 0, 2, 2, 3, 0, 2, 2, 0, 0, 2, 0, 2, 3, 1, 3, 3, 0, 1, 3, 0, 0, 0, 0, 1, 3, 1, 0, 3, 3, 1, 1, 1, 3, 3, 1, 1, 0, 2, 0, 0, 1, 0, 1, 2, 0, 2, 3, 2, 3, 2, 1, 1, 1, 3, 0, 2, 1, 1, 1, 2, 1, 2, 0, 2, 3, 3, 3, 1, 3, 1, 1, 2, 1, 1, 3, 0, 3, 2, 3, 3, 1, 3, 3, 1, 2, 3, 2, 1, 3, 1, 1, 3, 3, 3, 1, 2, 1, 3, 0, 3, 1, 0, 2, 1, 3, 3, 1, 3, 3, 1, 3, 0, 1, 3, 2, 2, 0, 0, 3, 2, 3, 2, 0, 1, 2, 3, 3, 3, 2, 1, 0, 3, 0, 3], "predicted_labels": [3, 1, 0, 1, 3, 0, 1, 0, 1, 1, 3, 1, 1, 1, 3, 0, 3, 3, 0, 1, 0, 3, 1, 1, 0, 3, 1, 3, 3, 0, 1, 1, 0, 1, 1, 0, 1, 3, 1, 0, 3, 3, 3, 3, 0, 1, 3, 3, 0, 3, 3, 1, 0, 1, 0, 1, 0, 1, 1, 1, 0, 1, 0, 1, 0, 1, 1, 1, 3, 0, 0, 3, 3, 3, 1, 1, 3, 1, 1, 3, 3, 3, 0, 1, 3, 1, 1, 3, 1, 3, 0, 0, 1, 1, 0, 1, 1, 1, 0, 0, 3, 1, 1, 1, 1, 1, 3, 1, 1, 1, 1, 1, 1, 0, 1, 3, 3, 1, 1, 3, 1, 0, 1, 0, 3, 3, 3, 0, 1, 0, 1, 1, 3, 3, 1, 3, 3, 1, 0, 3, 1, 0], "confidence_scores": [[0.26740478151158475, 0.2512102771972403, 0.2071504222412703, 0.2742345190499045], [0.1950268142870752, 0.3209215485916901, 0.22370106489050293, 0.26035057223073194], [0.3016274023956617, 0.2626917388124522, 0.13443840179042754, 0.3012424570014584], [0.21493396594111286, 0.31689269090524624, 0.2018471032159968, 0.2663262399376444], [0.286050568615672, 0.1918523288447949, 0.23301551300479548, 0.28908158953473767], [0.3121924567274598, 0.28360586058056186, 0.18300139562375922, 0.22120028706821915], [0.18412357655291545, 0.34097098890223476, 0.2016717770084577, 0.2732336575363924], [0.2651114584374387, 0.2609781896642965, 0.21508327463195218, 0.2588270772663126], [0.25983645547561307, 0.29772547537139604, 0.21634066286056972, 0.22609740629242134], [0.26331371210505106, 0.28813604613821064, 0.19761949519976107, 0.2509307465569774], [0.22292221716784316, 0.25826034629921163, 0.21888665631967769, 0.29993078021326736], [0.21362339470072642, 0.3619923587883701, 0.16017091347188955, 0.2642133330390144], [0.2372548593303888, 0.30926296004195486, 0.1569886705670596, 0.29649351006059677], [0.2071254816270055, 0.2944782074627359, 0.23859682043487138, 0.25979949047538736], [0.24668411132941967, 0.25449384272926495, 0.22085074102536523, 0.27797130491595], [0.2944522564173482, 0.23040558710657433, 0.1843631135156549, 0.29077904296042273], [0.28410850965911205, 0.21834145291494586, 0.18023798621131706, 0.31731205121462475], [0.26980448884066155, 0.2553008279739544, 0.18179265567916475, 0.2931020275062192], [0.32484806963879587, 0.2830696625516384, 0.17597138867326728, 0.21611087913629848], [0.25164312536090716, 0.297378578782103, 0.1758982748510314, 0.2750800210059586], [0.2767316659405499, 0.25070819455441024, 0.19942169550703892, 0.27313844399800097], [0.2483414811717562, 0.2797483317437307, 0.17662505880236903, 0.2952851282821443], [0.23241320433365664, 0.34158320095171874, 0.1952465861343676, 0.23075700858025716], [0.21591395765778285, 0.296772486506972, 0.19996261935178897, 0.28735093648345655], [0.3241844131836904, 0.2600891335914853, 0.17281912121051024, 0.2429073320143143], [0.25843818283328757, 0.270371755757245, 0.1803066189214968, 0.29088344248797054], [0.23353578795312033, 0.31393867332038455, 0.15650603339696018, 0.2960195053295352], [0.26227594370262186, 0.22901427017032322, 0.22215650387913313, 0.2865532822479219], [0.2671302988523547, 0.27492515361443803, 0.15293304769938781, 0.3050114998338197], [0.29060359930006424, 0.2581634446775858, 0.16960172237839066, 0.28163123364395937], [0.28127926134861286, 0.2900414393349769, 0.1542266855227584, 0.27445261379365166], [0.22599089802883665, 0.3076357204119647, 0.19808895324935322, 0.2682844283098457], [0.3353198263025912, 0.25811822935757545, 0.14491294891416806, 0.2616489954256653], [0.23132327450636822, 0.263266702716367, 0.25357948254195445, 0.2518305402353103], [0.23226344815255526, 0.30568463869756796, 0.24477000336632862, 0.21728190978354814], [0.2991214593606848, 0.2738029487224422, 0.15271209191295534, 0.2743635000039178], [0.25422944107679, 0.31887817367673993, 0.17080924411676926, 0.2560831411297007], [0.24107402452751972, 0.27622026575379877, 0.18350733409627643, 0.2991983756224052], [0.30808652166201017, 0.31514040802891785, 0.14801106602512448, 0.22876200428394788], [0.3212402689935713, 0.27153695691156343, 0.1718465773703586, 0.23537619672450674], [0.2602501432316976, 0.2674572779704042, 0.19795167670473734, 0.2743409020931608], [0.2576744737422371, 0.2723929411008125, 0.1581211606131929, 0.3118114245437576], [0.2634905600011367, 0.23155544490549165, 0.21144297371453152, 0.2935110213788401], [0.28048999440818934, 0.27827186928837866, 0.1586753679835146, 0.2825627683199176], [0.3962493852238774, 0.26471189418895763, 0.13111813555181967, 0.20792058503534538], [0.23248062192935431, 0.2843894656557946, 0.21304950992494434, 0.2700804024899067], [0.28122964846438503, 0.26687638252640306, 0.16305484750184088, 0.2888391215073711], [0.22371620514041965, 0.29577985197834833, 0.15969649029987718, 0.3208074525813547], [0.30499602490707894, 0.2611827110530645, 0.17256493126976158, 0.2612563327700952], [0.2690636911983476, 0.26476732081002885, 0.19173584641352256, 0.2744331415781009], [0.2719749290292508, 0.23486889024598462, 0.2129816448210004, 0.28017453590376407], [0.26205127705106745, 0.2675549896537366, 0.21212302174450115, 0.25827071155069486], [0.33480851311552534, 0.230103095962265, 0.11332273223972324, 0.32176565868248647], [0.1828623195870004, 0.32289815314989495, 0.21781640870162824, 0.2764231185614764], [0.31146080932174913, 0.27195090037977154, 0.15131049875444147, 0.2652777915440381], [0.18909323770222522, 0.3160762039552977, 0.21953321476989424, 0.2752973435725829], [0.27879640782101395, 0.25849607364876115, 0.23320170918506897, 0.22950580934515594], [0.22360716758610993, 0.2891418102409647, 0.23275856718928498, 0.25449245498364037], [0.21297676138014313, 0.2952502135831208, 0.2061281436529155, 0.2856448813838207], [0.23000947254186857, 0.3044033030257844, 0.1921364214411498, 0.2734508029911973], [0.2837983114329362, 0.23596955928639524, 0.21874322401431265, 0.26148890526635593], [0.24328818434815275, 0.2781551657810303, 0.21006654617199544, 0.2684901036988216], [0.3216582304401499, 0.20221094970236259, 0.15513699644672774, 0.32099382341075994], [0.18568993631772604, 0.29758356195789587, 0.25810275310850567, 0.2586237486158725], [0.39249206283959504, 0.21072858214888016, 0.19751045873719053, 0.19926889627433408], [0.2543787474909615, 0.3104308519956681, 0.14411769116371867, 0.2910727093496518], [0.23690290617908452, 0.2963086638300704, 0.2341520813747765, 0.23263634861606872], [0.22391554737177496, 0.3202989117362806, 0.24073429235178032, 0.21505124854016422], [0.25082273569911573, 0.2565524049922503, 0.19759617454238787, 0.2950286847662465], [0.28624603656390624, 0.28579704696651187, 0.19389993306712505, 0.23405698340245698], [0.3550283966464975, 0.2990069219238377, 0.11833831014761968, 0.22762637128204516], [0.22568831617321852, 0.3025587146931308, 0.1624504182160905, 0.3093025509175603], [0.26912160879913605, 0.2523874965779158, 0.18202036291645896, 0.29647053170648924], [0.269823390316254, 0.21672951043683725, 0.1982260429816666, 0.3152210562652422], [0.20307609419678144, 0.3219060875948794, 0.21837069969289746, 0.25664711851544175], [0.28158006654941875, 0.29436827217257305, 0.1475554697160342, 0.2764961915619739], [0.2462865698675223, 0.23810105304233434, 0.16862008398979436, 0.346992293100349], [0.2574224968523515, 0.2900123491449796, 0.16879337940849065, 0.2837717745941786], [0.21546676725578795, 0.3275786834154976, 0.20149112684432105, 0.25546342248439324], [0.2547271981298305, 0.28538980813825654, 0.15209370548627482, 0.30778928824563834], [0.27288640389395186, 0.2538735816779402, 0.19494227795487315, 0.27829773647323486], [0.21166894545929218, 0.26401371333578477, 0.22871600466185857, 0.2956013365430646], [0.2898917180383133, 0.2552498274355304, 0.19951508492075498, 0.2553433696054015], [0.23091223115796639, 0.28192393247885095, 0.22497301008427478, 0.26219082627890794], [0.25756657195331834, 0.2843672730049826, 0.15274774493332977, 0.3053184101083694], [0.24905169895837342, 0.29979324323993295, 0.17967388860532832, 0.27148116919636545], [0.2509879884803536, 0.27599954032403223, 0.23216673075650152, 0.24084574043911275], [0.24477218538637216, 0.2950188210438442, 0.13823097596091322, 0.3219780176088703], [0.23757496027376887, 0.2964818009496408, 0.17069051609868108, 0.29525272267790964], [0.2677761950620704, 0.24072486694186124, 0.18190460155917193, 0.3095943364368964], [0.2980001819195769, 0.26526697989402936, 0.18024680356896647, 0.25648603461742725], [0.28699478867629474, 0.27041036623892767, 0.16132729877551713, 0.28126754630926065], [0.2978010366786941, 0.3071215969598001, 0.15640305906332533, 0.2386743072981804], [0.17340356314439279, 0.3413026123505078, 0.20962553203892714, 0.2756682924661724], [0.2940110122539701, 0.25240525627405197, 0.16671575182755607, 0.2868679796444219], [0.2283373888174038, 0.3309208901739025, 0.1529567968108008, 0.28778492419789287], [0.27721530158740565, 0.2894777090006556, 0.16754885034340186, 0.2657581390685372], [0.2243663908208148, 0.2877984811656258, 0.22966568579488683, 0.25816944221867255], [0.2950941113081578, 0.2522942511972727, 0.1875566772076468, 0.26505496028692255], [0.2833442281239618, 0.25488571592139136, 0.1797888958609499, 0.28198116009369695], [0.23620799580882554, 0.2671014929850706, 0.18393689617007408, 0.3127536150360301], [0.273247545472633, 0.33230409776425235, 0.13194087172140592, 0.26250748504170895], [0.27015154707208006, 0.2868832514937676, 0.17452996516392263, 0.2684352362702297], [0.22384270253998562, 0.26914304118649957, 0.24413150342787426, 0.2628827528456408], [0.24117793507054397, 0.28220840907554456, 0.19876156859971647, 0.2778520872541949], [0.2510171205946866, 0.3147713162855622, 0.165551300266862, 0.2686602628528892], [0.2516734603116984, 0.2576270384537872, 0.18952748747575165, 0.3011720137587625], [0.26514843794631315, 0.2999880532034646, 0.19661954832570047, 0.23824396052452218], [0.27354634543473194, 0.34395144683232326, 0.15369957474698295, 0.2288026329859619], [0.1952682394707927, 0.30186941740558415, 0.24811095352232865, 0.2547513896012946], [0.22880110170039397, 0.29809542625735147, 0.1965398334159455, 0.2765636386263092], [0.2730056468903761, 0.3324480860693341, 0.14882303745847142, 0.24572322958181853], [0.26438660305538325, 0.28574689468684406, 0.17010576663975083, 0.27976073561802217], [0.3627718649110199, 0.24627968498070854, 0.1630274695324937, 0.2279209805757778], [0.3045765714630646, 0.3104772241596455, 0.17896997953310223, 0.20597622484418754], [0.28363615164519407, 0.24386957110648072, 0.1769893076285389, 0.29550496961978623], [0.2421508234810619, 0.24499123711291046, 0.2408275120950868, 0.2720304273109409], [0.2578359800609167, 0.32166321969035233, 0.1529441175389006, 0.2675566827098306], [0.26270778898815905, 0.3277460048889227, 0.15169780386785972, 0.25784840225505856], [0.23821309155901255, 0.29395410680199985, 0.14352808814967122, 0.32430471348931644], [0.257002640358399, 0.3222542607548522, 0.18261570305783612, 0.2381273958289129], [0.31204523085750574, 0.3067459373314033, 0.14878858077168242, 0.23242025103940878], [0.1707147449400618, 0.30815520309003047, 0.22428707136218543, 0.2968429806077225], [0.36217759916261444, 0.26614053210917704, 0.1546406994234292, 0.21704116930477946], [0.2389376840068163, 0.2752819841526169, 0.2101078169905063, 0.27567251485006045], [0.262656974200851, 0.27795575917677234, 0.16392785160286652, 0.2954594150195103], [0.28354491628226536, 0.2709797826859225, 0.1307406180291312, 0.31473468300268115], [0.3627089782385122, 0.29012322734585544, 0.12254422955134155, 0.2246235648642908], [0.19697355052058907, 0.32240863460261165, 0.1854744089170223, 0.2951434059597772], [0.3122333248477658, 0.2944758655811012, 0.1750289315609378, 0.21826187801019536], [0.2188754714601091, 0.3023537348065742, 0.20394539916202983, 0.2748253945712869], [0.25003569771200196, 0.27199941072408435, 0.24029914013420822, 0.23766575142970542], [0.17521960324866367, 0.27158707576344426, 0.21086384089286767, 0.3423294800950243], [0.22759845724224603, 0.2713139806444647, 0.18219812040858355, 0.31888944170470557], [0.2665919875966377, 0.30721654483705874, 0.15728982994116092, 0.2689016376251427], [0.23573724980818245, 0.2801759415917353, 0.16559739893768596, 0.31848940966239636], [0.24833132907429561, 0.25470351051559775, 0.21961064089039298, 0.27735451951971357], [0.2643461839645477, 0.3083174512552088, 0.1785932201347833, 0.24874314464546024], [0.36434800312970206, 0.26650489460597215, 0.16318255423228417, 0.20596454803204156], [0.231763534394258, 0.24398520043946342, 0.1689904586229575, 0.3552608065433212], [0.2709404349142328, 0.2921409557800965, 0.1634179887390418, 0.27350062056662905], [0.33859969456989264, 0.25063176857987185, 0.17033899267400301, 0.24042954417623272]]}, "rewritten": {"ids": ["97105760", "97106600", "97106820", "97106970", "97107681", "97108520", "97110950", "97114170", "98106560", "98108150", "98108410", "98108580", "98109090", "98111231", "98111860", "99107560", "99108080", "99109910", "99111620", "99111930", "99112300", "99114890", "99117630", "99117740", "100108990", "100109000", "100109980", "100110260", "100112060", "101108370", "101110740", "101111140", "101111210", "101111620", "101114020", "101117580", "102108621", "102109910", "102110690", "102110750", "102110850", "102112030", "102112250", "102113350", "102121700", "103109791", "103110840", "103112641", "103113260", "103120531", "103120780", "104111711", "104111780", "104114410", "104118070", "104119290", "105113170", "105113260", "105113620", "105115380", "105115570", "105115680", "105115900", "105116090", "105116860", "105117200", "105119950", "106111321", "106114280", "106117770", "106120640", "107113130", "107113180", "107113360", "107113840", "107116501", "107117630", "107118490", "107118520", "107120880", "107121540", "107121700", "108113480", "108115500", "108117451", "108117610", "108118291", "108118301", "108119510", "108120060", "108120621", "108120700", "108121410", "109113881", "109114651", "109117080", "109117150", "109117271", "109117730", "109119010", "109120150", "109120621", "109121640", "110114610", "110115580", "110115710", "110115980", "110116300", "110117080", "110117500", "110117870", "110118121", "110118810", "110119300", "110120540", "110121170", "111114321", "111115620", "111116040", "111116110", "111116750", "111117200", "111120531", "111121220", "112116401", "112116540", "112117580", "112118701", "112118810", "112119120", "112121360", "113117340", "113117630", "113118690", "113118810", "113119120", "113120280", "113120540", "113120601", "113120830", "113121410", "113121810"], "labels": [0, 3, 1, 2, 3, 2, 3, 2, 1, 0, 1, 0, 1, 1, 0, 1, 3, 2, 3, 1, 0, 2, 3, 2, 2, 1, 1, 3, 2, 1, 3, 2, 2, 3, 3, 3, 3, 2, 0, 1, 3, 2, 0, 3, 1, 3, 1, 3, 3, 3, 1, 1, 3, 1, 2, 1, 0, 3, 0, 1, 0, 2, 3, 1, 2, 3, 3, 0, 3, 0, 3, 1, 3, 0, 3, 1, 0, 2, 2, 1, 2, 3, 0, 3, 2, 3, 3, 1, 1, 1, 1, 2, 0, 0, 3, 1, 2, 0, 3, 3, 2, 1, 0, 1, 1, 2, 1, 3, 1, 1, 3, 3, 1, 1, 1, 2, 1, 1, 0, 3, 3, 0, 0, 3, 0, 1, 0, 0, 3, 1, 3, 2, 0, 3, 3, 3, 0, 3, 2, 3, 0, 2], "predicted_labels": [0, 0, 0, 1, 0, 0, 0, 3, 1, 0, 1, 0, 0, 0, 0, 0, 0, 1, 0, 1, 1, 1, 0, 0, 1, 1, 1, 0, 0, 0, 1, 1, 0, 0, 0, 0, 0, 0, 0, 1, 1, 1, 0, 0, 0, 0, 1, 0, 1, 0, 1, 0, 0, 0, 1, 0, 3, 0, 1, 1, 0, 1, 0, 0, 1, 1, 0, 1, 0, 0, 0, 1, 0, 0, 1, 0, 0, 0, 0, 0, 0, 1, 1, 1, 0, 1, 0, 0, 0, 0, 0, 0, 0, 0, 0, 0, 1, 0, 0, 1, 1, 0, 0, 1, 3, 0, 0, 0, 1, 1, 0, 0, 0, 1, 1, 0, 0, 1, 0, 1, 0, 0, 0, 0, 0, 0, 1, 0, 0, 0, 0, 1, 0, 1, 1, 0, 0, 1, 0, 0, 0, 0], "confidence_scores": [[0.33350628773805474, 0.29377828463531686, 0.1438252186988866, 0.22889020892774192], [0.3425401733919724, 0.2746341338113375, 0.15530567626627736, 0.22752001653041284], [0.29509951484739, 0.2856603493500814, 0.1480237726955909, 0.27121636310693786], [0.2203498983724434, 0.332504488953498, 0.19664797161352154, 0.25049764106053724], [0.351117988682401, 0.2758084796484183, 0.14080649483850732, 0.23226703683067332], [0.3329560555313589, 0.2643467236460689, 0.1850059074163532, 0.21769131340621894], [0.33414970451546994, 0.25411468552582434, 0.1859315053576853, 0.22580410460102068], [0.2710537543929593, 0.2736693429724722, 0.18098786773397066, 0.2742890349005977], [0.2659981914169076, 0.2852239284897645, 0.18187171078841058, 0.2669061693049172], [0.3017990343206701, 0.29868394145121113, 0.16748441985281481, 0.23203260437530393], [0.28782420075257736, 0.3068058788360355, 0.19029371558586633, 0.21507620482552056], [0.3087718131664888, 0.3061425541120913, 0.1745329056345789, 0.21055272708684092], [0.34759852095288457, 0.2927569119498026, 0.13067187489566437, 0.22897269220164837], [0.34698227534090514, 0.2504380168394384, 0.1700568547113142, 0.23252285310834214], [0.3016507285409119, 0.279711756327718, 0.2038716320743622, 0.21476588305700797], [0.3073114285432225, 0.28501096203457194, 0.15086348344097197, 0.2568141259812335], [0.3591068846457044, 0.23394838283119598, 0.1649338225315119, 0.2420109099915877], [0.29697001345095675, 0.3185189057293568, 0.20005319714815994, 0.18445788367152666], [0.2906826871228176, 0.24439303509373084, 0.19772174713211269, 0.267202530651339], [0.269941665160244, 0.3250013027256425, 0.1680179584335471, 0.2370390736805664], [0.27280163659062656, 0.3252138820647978, 0.17857406620097965, 0.22341041514359627], [0.285637187264254, 0.2872517893373907, 0.1545474181917697, 0.27256360520658574], [0.32235131404434436, 0.2244185951082484, 0.2203973902859423, 0.2328327005614651], [0.32124851525079207, 0.25900919003763545, 0.19791293362551377, 0.22182936108605916], [0.2822280527919774, 0.30750632777057374, 0.1702472709046946, 0.2400183485327543], [0.25968344852406317, 0.32638965717710344, 0.1743414559298852, 0.2395854383689483], [0.2711775004635371, 0.3213493088146545, 0.175038113698772, 0.23243507702303645], [0.3985915977787753, 0.2351270085053794, 0.12012046527745525, 0.24616092843839021], [0.33792899810266974, 0.24305043040707924, 0.16696266152203867, 0.2520579099682125], [0.31853267962050924, 0.2778087140164182, 0.17192735655978694, 0.23173124980328566], [0.28270771913482445, 0.28639770107899704, 0.14831227272572833, 0.28258230706045034], [0.30444598346198853, 0.3064843723170742, 0.17565973767630644, 0.213409906544631], [0.3251806993851335, 0.28298951329427796, 0.18515899007927084, 0.20667079724131787], [0.330301535901985, 0.26157279740164907, 0.18240767270142438, 0.22571799399494163], [0.29980258540969396, 0.26861568132512975, 0.20977190577744184, 0.22180982748773434], [0.31912740226929565, 0.28508295976862325, 0.133351640255063, 0.26243799770701837], [0.35642147200957586, 0.27128427080112566, 0.15802517517592307, 0.21426908201337547], [0.3513474370744534, 0.22084968968666577, 0.1636297834914646, 0.2641730897474162], [0.34700210789920427, 0.269789851666479, 0.16623863974530131, 0.2169694006890154], [0.22172083820560784, 0.36946722011313327, 0.21352890165629768, 0.19528304002496133], [0.28230171298566475, 0.30086743160482904, 0.17766544536472828, 0.23916541004477807], [0.2646863688105185, 0.2845063265154978, 0.2256935075303961, 0.22511379714358767], [0.3184666719007199, 0.2691440999267569, 0.16781453478523292, 0.24457469338729035], [0.29393248936596394, 0.2538022889209396, 0.1928145418077267, 0.2594506799053699], [0.35830230458258994, 0.2706308278652956, 0.14402844450122634, 0.22703842305088828], [0.35882126872763315, 0.25294066694438005, 0.1427651791208816, 0.2454728852071052], [0.30769292418171085, 0.3243763900294234, 0.1591770896412484, 0.2087535961476174], [0.3943481973171451, 0.24823256025627938, 0.15090576833614802, 0.2065134740904275], [0.28662924549878277, 0.3485271128852724, 0.16372675815335658, 0.2011168834625885], [0.3438379127299743, 0.2792961549632832, 0.10617394214516893, 0.27069199016157364], [0.2819471300896301, 0.2825708209097142, 0.172679902602566, 0.2628021463980897], [0.3225721751431028, 0.26863216700997455, 0.1452192347361559, 0.2635764231107669], [0.3571245564496387, 0.23861182833284836, 0.1619983279704313, 0.2422652872470816], [0.35768235221911643, 0.24262939326407743, 0.14222925325511607, 0.25745900126169013], [0.2387452138949471, 0.3663170598110746, 0.18133286506129917, 0.2136048612326791], [0.2840292066697527, 0.2461932203862369, 0.2165307310050698, 0.2532468419389408], [0.27181569556673174, 0.2432236989487251, 0.21129977897481655, 0.27366082650972673], [0.3283019017456059, 0.2766489164303042, 0.15541469230328506, 0.23963448952080477], [0.2736469137351951, 0.31120514241713776, 0.19636863807284957, 0.2187793057748177], [0.24230717884916086, 0.2954523648690703, 0.19800823429226672, 0.26423222198950236], [0.31075612295615773, 0.30502792620570457, 0.15757697491326225, 0.2266389759248755], [0.22987502577038119, 0.3472480286157932, 0.19103563926714773, 0.2318413063466782], [0.30392523732910837, 0.28156804344689573, 0.19787337043542066, 0.21663334878857532], [0.3257180426178787, 0.31973190335763624, 0.15618764115652586, 0.19836241286795928], [0.28990138285946027, 0.3185066950068604, 0.17235687214314496, 0.21923504999053453], [0.2515142263276364, 0.3138344489690326, 0.191728699803767, 0.24292262489956407], [0.2875526951536365, 0.2599715253429051, 0.20267580911322905, 0.2497999703902295], [0.2696546732496769, 0.30811050089455033, 0.1784527123755172, 0.24378211348025602], [0.2761476067526593, 0.2668994236454899, 0.20482037487502944, 0.2521325947268213], [0.28403499451360636, 0.2747180586765189, 0.19390294294864055, 0.24734400386123392], [0.3350208658802866, 0.2842204449327231, 0.1879806402514915, 0.192778048935499], [0.2741556728249856, 0.30805579445385567, 0.16981443367951485, 0.24797409904164397], [0.32012621286291787, 0.29809701810844985, 0.17072346247250114, 0.21105330655613122], [0.44023175126058584, 0.21958625952170585, 0.1448074357145729, 0.19537455350313526], [0.26295383533176336, 0.3228878693136611, 0.1722810644026852, 0.24187723095189045], [0.3188965806185377, 0.3045068877218631, 0.15274358347379433, 0.22385294818580512], [0.2888072191960206, 0.24549971521141384, 0.21950098610349106, 0.24619207948907446], [0.2900697574822383, 0.2849587452669971, 0.19562167883603807, 0.2293498184147266], [0.2886562076839711, 0.2793469690760706, 0.17857070540721515, 0.2534261178327434], [0.33869310882561565, 0.3110898328954385, 0.1603897802792192, 0.18982727799972665], [0.3148127594491152, 0.2948753157326426, 0.15929532541503252, 0.23101659940320984], [0.2437152358703828, 0.32893221947993134, 0.15318864425567652, 0.2741639003940096], [0.26938134978508854, 0.2979626216030829, 0.1719460195278637, 0.26071000908396474], [0.2712413759942835, 0.2719149851168488, 0.23252181910428438, 0.2243218197845835], [0.3394573693488676, 0.24499194207841998, 0.14507068503192025, 0.27048000354079216], [0.2777716043071058, 0.2897854154099889, 0.1818448338315463, 0.25059814645135925], [0.3770520082438076, 0.2800071468691311, 0.14943710144336525, 0.19350374344369636], [0.40628679044274074, 0.24528773395497327, 0.15807971611335653, 0.1903457594889294], [0.3076995563768194, 0.2838244834460454, 0.16694429791477752, 0.24153166226235767], [0.36463098212119904, 0.2783893358660608, 0.15893142972701158, 0.19804825228572873], [0.3650344216277617, 0.2587524928803393, 0.1710586002982497, 0.20515448519364932], [0.4260714383120275, 0.254154577576489, 0.11158004210927991, 0.20819394200220362], [0.30843191319287233, 0.30621286425980054, 0.16869417634865586, 0.2166610461986713], [0.3339433719987218, 0.24606840157710905, 0.15299544116189992, 0.26699278526226927], [0.36664281005604643, 0.28115818476063126, 0.13210770554181436, 0.22009129964150795], [0.29980797731200265, 0.2771839065700545, 0.1708483063505162, 0.2521598097674267], [0.25206304143775315, 0.3240801417161023, 0.21798500824629208, 0.2058718085998527], [0.35893475127873836, 0.2797743102302004, 0.14616490490198009, 0.21512603358908108], [0.31878577724730467, 0.2508483174988339, 0.2036416335679214, 0.22672427168593998], [0.2822263421472955, 0.306025961593619, 0.1805007901248352, 0.23124690613425042], [0.25050057154404287, 0.2761268218178328, 0.22628013708241212, 0.24709246955571235], [0.41045155852055837, 0.27778479414989343, 0.11759734978252144, 0.1941662975470268], [0.3363564769265293, 0.23056328002317386, 0.19514454926866673, 0.2379356937816305], [0.29724909882976575, 0.3040918862454903, 0.16809226844290873, 0.23056674648183542], [0.2816611752821711, 0.2524671222243813, 0.1741321215219314, 0.29173958097151653], [0.3756398061593451, 0.2987954684518198, 0.11618284146281477, 0.20938188392602022], [0.31590690859428183, 0.28364780541846524, 0.19837440228724382, 0.202070883700009], [0.29714314943443887, 0.2674358973217485, 0.20853083477173748, 0.2268901184720756], [0.2776105174847891, 0.3061277263827847, 0.16757871548914735, 0.24868304064327876], [0.2618512566144965, 0.32554061901827835, 0.18515266352978507, 0.2274554608374402], [0.3377659970598282, 0.2475241545856327, 0.160592464345872, 0.25411738400866724], [0.36533866936426507, 0.26207404268056506, 0.13911855515427624, 0.23346873280089386], [0.33097420631824315, 0.2655296375117986, 0.14376507063451374, 0.25973108553544483], [0.29751269560679655, 0.32125398119869986, 0.1507974035146563, 0.23043591967984742], [0.29642823497174936, 0.29810702533583794, 0.18330614145875837, 0.22215859823365458], [0.3114619608705984, 0.2939764087960303, 0.1621702244038311, 0.23239140592954033], [0.343372514313085, 0.31538136943276346, 0.12757096900650766, 0.2136751472476438], [0.2787625826730629, 0.29608130292425644, 0.18850530919136038, 0.23665080521132062], [0.3266032341828939, 0.26605725380510564, 0.15811274402478395, 0.2492267679872167], [0.25833892379450263, 0.28748302945765547, 0.2124991803291358, 0.2416788664187061], [0.3503843089666281, 0.2399110037098994, 0.16516983839929686, 0.24453484892417574], [0.28672103457504333, 0.2577881326351062, 0.18256081000074723, 0.2729300227891034], [0.30617645713594066, 0.29668005255999697, 0.17424456681487843, 0.22289892348918425], [0.3173191635236977, 0.24653818548464876, 0.15273192160982632, 0.2834107293818271], [0.4006040636759207, 0.2315994282359504, 0.14582897464900216, 0.22196753343912687], [0.2883573072796958, 0.2737843823789749, 0.1781427470288781, 0.2597155633124516], [0.28268763161897636, 0.2958516609787465, 0.1600034539460984, 0.261457253456179], [0.4315681047571626, 0.2636661537514799, 0.11703993296252735, 0.18772580852883], [0.3554533665400977, 0.22174461177991295, 0.20209997387116463, 0.22070204780882488], [0.3332115822852807, 0.29052782488345147, 0.17446994965640947, 0.20179064317485845], [0.3024379735798064, 0.2926457835344073, 0.16080036817944657, 0.2441158747063397], [0.23279712707352562, 0.3157446319244457, 0.19233289181272625, 0.25912534918930274], [0.3509192777840597, 0.2950853929348208, 0.1462952255576137, 0.20770010372350572], [0.2579625213459717, 0.28662364548433233, 0.18979863304984762, 0.2656152001198486], [0.2981476440840513, 0.32743998562288346, 0.16563714536290736, 0.20877522493015793], [0.33709703372592115, 0.27141955265671663, 0.17366033657562557, 0.21782307704173665], [0.32233233939911693, 0.23420587611649604, 0.18089144985920871, 0.26257033462517826], [0.2979666119125193, 0.3217950697408554, 0.13308868504125834, 0.247149633305367], [0.37232555393251354, 0.27805502696684103, 0.13275887192600033, 0.21686054717464512], [0.31791293517773983, 0.2595306203447993, 0.2388809628967023, 0.18367548158075844], [0.3307627326992779, 0.3023109423576228, 0.13288588463114373, 0.23404044031195562], [0.3111120359428876, 0.29411014816541015, 0.14995349938980504, 0.24482431650189734]]}}