{"test": {"ids": ["103110840", "112120540", "111116530", "108118630", "111118910", "106115250", "108115880", "106114880", "112117471", "113118630", "101112540", "101110740", "112119930", "106113830", "108117360", "100111620", "110115140", "102110850", "105116980", "104117200", "104111550", "110116300", "111117480", "102113981", "109114220", "108117451", "108113740", "106114150", "111119250", "111116040", "99109860", "113118820", "101110200", "98109090", "113120780", "99114890", "101121640", "109116040", "108116120", "112118530", "98111670", "105112260", "101116130", "110118930", "110118880", "110115890", "100109801", "106113360", "99108080", "106116820", "110115120", "112120670", "99111930", "104116800", "101109000", "110118121", "111116170", "100109910", "97110950", "111116290", "109117730", "100109000", "107119390", "98108410", "99109370", "105114220", "108116481", "103110100", "101109370", "112121030", "112116640", "113119340", "100108260", "111120260", "111120280", "98111231", "98110680", "106118161", "105113440", "101108121", "110118630", "105116650", "111115400", "100108520", "101119591", "103109641", "97116410", "112116401", "105111990", "105113260", "101112160", "112116800", "113120640", "105115570", "107113170", "111118820", "107113130", "103113640", "102109910", "112119980", "106117770", "106112770", "105113620", "107118520", "102112170", "108118301", "106113260", "99108310", "103110760", "104118070", "97109570", "112118890", "109115211", "104109311", "113122650", "108118520", "108114670", "112121430", "113122180", "105115380", "105115250", "110117110", "105115720", "107114780", "106113170", "113119360", "99107300", "99109740", "112118620", "97106000", "107114950", "99108460", "103110220", "101108950", "107117630", "107113200", "99109161", "97107821", "100111270", "108113700", "111120190", "110114920"], "labels": [1, 3, 3, 1, 0, 2, 3, 0, 3, 3, 2, 3, 1, 1, 1, 3, 0, 3, 0, 3, 1, 3, 1, 1, 3, 2, 3, 1, 1, 0, 2, 0, 2, 1, 0, 2, 2, 0, 1, 1, 1, 3, 2, 1, 0, 2, 0, 0, 3, 1, 0, 2, 1, 1, 1, 3, 0, 2, 3, 2, 3, 1, 2, 1, 1, 3, 0, 1, 1, 0, 0, 0, 3, 3, 0, 1, 2, 3, 0, 0, 1, 1, 0, 2, 0, 1, 3, 0, 2, 3, 3, 0, 0, 0, 0, 0, 1, 1, 2, 0, 0, 1, 0, 2, 3, 1, 3, 2, 1, 2, 0, 3, 0, 3, 2, 0, 3, 2, 2, 1, 2, 0, 1, 2, 0, 0, 3, 3, 3, 0, 3, 0, 2, 2, 0, 0, 3, 2, 2, 0, 3, 3], "predicted_labels": [0, 1, 1, 3, 0, 3, 1, 1, 3, 1, 3, 2, 3, 3, 3, 0, 3, 3, 0, 1, 2, 1, 2, 1, 1, 3, 3, 1, 1, 1, 3, 1, 0, 0, 1, 3, 3, 3, 3, 1, 2, 3, 1, 1, 1, 2, 1, 1, 1, 1, 1, 1, 1, 3, 2, 0, 1, 3, 1, 0, 0, 2, 1, 2, 1, 3, 3, 2, 2, 3, 1, 3, 0, 3, 1, 0, 1, 3, 1, 0, 3, 2, 0, 3, 0, 0, 3, 1, 3, 1, 3, 3, 0, 2, 3, 3, 2, 0, 1, 1, 3, 3, 2, 1, 0, 2, 1, 0, 1, 1, 0, 1, 3, 3, 3, 1, 3, 0, 3, 1, 1, 1, 1, 1, 3, 1, 0, 1, 0, 3, 3, 1, 2, 1, 0, 1, 0, 0, 1, 0, 3, 1], "confidence_scores": [[0.33584898920487705, 0.3060367608780104, 0.23148492329820156, 0.12662932661891085], [0.26607199320528857, 0.4611136154709304, 0.0929805689135495, 0.17983382241023155], [0.16717581593676545, 0.4474970750428677, 0.06943523605258249, 0.31589187296778426], [0.12096863182148511, 0.24090230508098423, 0.0907324246823867, 0.547396638415144], [0.39663022758278554, 0.21044200004096597, 0.17757145113412362, 0.21535632124212503], [0.17369627297138218, 0.2694517540782557, 0.2152288767007491, 0.34162309624961307], [0.13077848735136077, 0.39181103773992804, 0.08937255502318885, 0.3880379198855223], [0.1710251507244778, 0.36632685833186734, 0.11330442379203681, 0.349343567151618], [0.1259340580625406, 0.2963557661145623, 0.09059160750031113, 0.48711856832258593], [0.23138815473275698, 0.3529557962979196, 0.18835323775373344, 0.22730281121558998], [0.21607740509215986, 0.25498443106114715, 0.2396820702218891, 0.289256093624804], [0.20671580005276544, 0.274494618294162, 0.29917625963301026, 0.2196133220200622], [0.24067626883688104, 0.26625829126529005, 0.0966824099141656, 0.3963830299836633], [0.2147875643011739, 0.1209379228445076, 0.3052558605974386, 0.35901865225688007], [0.11341221908986103, 0.3065761404729382, 0.10844598303644061, 0.47156565740076023], [0.38660415088878924, 0.19832044125321435, 0.1954289407695606, 0.21964646708843577], [0.1702154663233594, 0.2577166017296625, 0.26992134127714135, 0.30214659066983696], [0.08283534515106353, 0.2738936689968602, 0.13725656263606004, 0.5060144232160164], [0.6189482539087937, 0.1305189321896191, 0.06580438480461126, 0.18472842909697593], [0.1494659283071189, 0.42175658141544775, 0.20880003087535887, 0.21997745940207453], [0.1875965984863572, 0.27352592161157946, 0.34675896397668465, 0.1921185159253787], [0.3272295376757334, 0.370728087187413, 0.09421665179904253, 0.20782572333781105], [0.20850570008355385, 0.2638343734825577, 0.28780415063980597, 0.23985577579408246], [0.26895021815294495, 0.5235703586449945, 0.09305339672980384, 0.11442602647225676], [0.23992052979987585, 0.2986605162171414, 0.16867277087070118, 0.29274618311228173], [0.16426739648362348, 0.18087204776646598, 0.13996674664738282, 0.5148938091025278], [0.27745760066060626, 0.14302986001812626, 0.16587531440994582, 0.4136372249113217], [0.25883649809680204, 0.3074872685495723, 0.22422338729269167, 0.2094528460609339], [0.08420629875327586, 0.4392117931699562, 0.3352672599236941, 0.14131464815307382], [0.20130327021924999, 0.3568986697792136, 0.26696895893823447, 0.17482910106330216], [0.2036339647220313, 0.21760759322970538, 0.2655616205099154, 0.313196821538348], [0.20362586816066888, 0.36133891695514453, 0.11126345908316765, 0.3237717558010191], [0.34253708035453007, 0.33776033501068264, 0.09007244083304848, 0.2296301438017388], [0.3445478749758889, 0.3120811885904777, 0.20353014740776224, 0.1398407890258713], [0.1126240708648298, 0.4247308386522192, 0.042113482262812155, 0.4205316082201388], [0.1472383448637863, 0.3412061598288511, 0.13583927012946975, 0.37571622517789277], [0.20412442084359553, 0.2751769835919405, 0.09397841472513915, 0.42672018083932484], [0.20290302210633188, 0.12200204718051837, 0.09481167340320995, 0.5802832573099399], [0.22252631166486225, 0.18906344091550484, 0.11006418117643249, 0.4783460662432006], [0.1453651947628631, 0.4020609512427319, 0.13947484861478027, 0.3130990053796249], [0.3138546173525215, 0.1300708304905454, 0.33258464839525564, 0.22348990376167768], [0.1710475756998958, 0.328721326165355, 0.16215150911026993, 0.3380795890244793], [0.2097026437723138, 0.31233758588332483, 0.180012210849558, 0.2979475594948035], [0.1642533310731814, 0.37004485564666484, 0.12300839666214722, 0.3426934166180066], [0.3390918434280555, 0.34124731180162265, 0.12217877444620225, 0.1974820703241196], [0.12162705366210509, 0.293168405573012, 0.3292420794350006, 0.25596246132988243], [0.2819059312879128, 0.34581888124327886, 0.19976231676686831, 0.17251287070194002], [0.26325582576440637, 0.35852846492139334, 0.13422178117215602, 0.24399392814204432], [0.24922443822847942, 0.5200630785843497, 0.12019273956023283, 0.11051974362693813], [0.16403086449918539, 0.3089660286826221, 0.281407741536712, 0.24559536528148074], [0.17705902502935517, 0.3883131021010875, 0.13071255447200472, 0.3039153183975528], [0.24720471782541764, 0.37588949811990274, 0.16430151880508978, 0.21260426524958997], [0.20851578101981363, 0.4323262902656843, 0.161130224312438, 0.19802770440206394], [0.1852348772427374, 0.269039082893067, 0.1777820739318222, 0.36794396593237355], [0.10237867162005371, 0.18129699114655765, 0.4562345853679679, 0.2600897518654209], [0.49679257927606574, 0.2700886084780638, 0.10660509849865563, 0.12651371374721465], [0.30319302589554387, 0.4240076594950827, 0.06145621980029387, 0.21134309480907945], [0.2231518796441072, 0.27769430188658145, 0.2106861968144917, 0.2884676216548198], [0.17481231387026935, 0.3565778298482869, 0.19020612211149693, 0.2784037341699469], [0.35856535038539156, 0.23539317622558248, 0.15018732347711075, 0.2558541499119153], [0.5038355258888154, 0.28799410862180636, 0.11235614987598369, 0.09581421561339465], [0.1198374353412803, 0.18850881795204755, 0.5139229512664767, 0.1777307954401956], [0.1443828155527559, 0.37137679004636265, 0.2450099186678495, 0.23923047573303202], [0.24208006223863845, 0.20573793916076497, 0.31187656225461496, 0.24030543634598175], [0.14634844238124678, 0.4188464822474367, 0.19099419052003488, 0.24381088485128175], [0.26790158317398943, 0.22141029060117273, 0.13778226141778926, 0.3729058648070485], [0.24568444752074242, 0.14756961118999917, 0.08679260473243873, 0.5199533365568197], [0.26201520381271765, 0.2194172384401903, 0.36597291768818724, 0.15259464005890477], [0.18016692665995795, 0.2675718208090582, 0.3635471874869253, 0.18871406504405866], [0.22585245548201438, 0.218785702612792, 0.09912915020726375, 0.45623269169792985], [0.1753433167388885, 0.3836937890765658, 0.10246847803976915, 0.33849441614477654], [0.3252898023164745, 0.22646566218163144, 0.05808407267317494, 0.3901604628287191], [0.31026322625676256, 0.2556156337897379, 0.19203165885461046, 0.24208948109888928], [0.2082542254692819, 0.22453183165495, 0.12203816732868222, 0.44517577554708576], [0.27149178461339735, 0.3957167963512551, 0.09126630831594912, 0.24152511071939847], [0.4801622317813927, 0.1720142802259132, 0.20234202315012817, 0.14548146484256597], [0.2790278683687132, 0.33113675583454627, 0.18820542769980705, 0.20162994809693363], [0.23992866890550463, 0.21193601105951393, 0.12069517400793749, 0.427440146027044], [0.1355340228055029, 0.5203440634783726, 0.12417129188715714, 0.2199506218289676], [0.382002984041681, 0.1870465494046667, 0.20613383289377096, 0.2248166336598813], [0.192159556171343, 0.3032745738588816, 0.06250965427618964, 0.44205621569358555], [0.10187290101369068, 0.26343435540771537, 0.46366990231316946, 0.17102284126542444], [0.35853416078361705, 0.27400939457224244, 0.10796769419002489, 0.25948875045411574], [0.2681634506375999, 0.14449386741894274, 0.2478334865783408, 0.3395091953651167], [0.3553378084089556, 0.08200261918702813, 0.3362664748696228, 0.22639309753439354], [0.30343101651849363, 0.16740534395974002, 0.26153888223927696, 0.26762475728248936], [0.22540091291749656, 0.2986816574959034, 0.15828721389102615, 0.31763021569557387], [0.33526600138302015, 0.33942562389042646, 0.07588239569439764, 0.24942597903215558], [0.21242480159776977, 0.27893275254513833, 0.12459810316059783, 0.38404434269649423], [0.2209690275015429, 0.3868335685676755, 0.12610872450751878, 0.2660886794232629], [0.265951119423453, 0.2397444822008423, 0.15620227951686594, 0.33810211885883884], [0.11507951120488384, 0.19885593414734629, 0.20259009705430295, 0.483474457593467], [0.5340616418251195, 0.2196664678842432, 0.08215646099434108, 0.16411542929629622], [0.15660833981388636, 0.29336425104908587, 0.29380696012071983, 0.25622044901630814], [0.22448156365341074, 0.22064004624807787, 0.1599638792061321, 0.39491451089237933], [0.3559895232586444, 0.18056473024787625, 0.06708909647537689, 0.3963566500181026], [0.22458197682423403, 0.20877571733699765, 0.4242538502225915, 0.14238845561617686], [0.39104997193977603, 0.2435063411720951, 0.08649626154260441, 0.27894742534552447], [0.24640729451750426, 0.2756030852465118, 0.24069748753051332, 0.23729213270547075], [0.0897822496005782, 0.43932729083601957, 0.10048675470051475, 0.3704037048628876], [0.2650445330529527, 0.20317266697952377, 0.21546177146316847, 0.3163210285043551], [0.14510343353451105, 0.20708537446654496, 0.18597467561803419, 0.4618365163809099], [0.1461967557346181, 0.31167262390596345, 0.43130458939027844, 0.11082603096913984], [0.08946056476833562, 0.6581475176259968, 0.07470981057890226, 0.17768210702676535], [0.3387041142384486, 0.18957684812561573, 0.1483594407729966, 0.323359596862939], [0.2853922324448191, 0.15828955519317847, 0.3393612832020472, 0.21695692915995513], [0.2455450790673935, 0.38215525471688855, 0.18776656393844005, 0.18453310227727798], [0.370845148222878, 0.34688223997393264, 0.11199054784418021, 0.17028206395900913], [0.3387416257213387, 0.40219720969500644, 0.10311672382600647, 0.1559444407576484], [0.17798874269926485, 0.42077467432973975, 0.1787175322631829, 0.22251905070781255], [0.37643898796141767, 0.3491243791012593, 0.126396423720198, 0.14804020921712502], [0.20187430522616837, 0.322273990561759, 0.1644749166842818, 0.311376787527791], [0.10393130193748061, 0.22132763967983426, 0.10686653445040774, 0.5678745239322776], [0.25968626811803536, 0.24100312170908916, 0.07466975195682317, 0.4246408582160523], [0.10376997263229093, 0.2409106971842591, 0.2403719681041455, 0.41494736207930466], [0.19504010004493028, 0.3843365681635172, 0.25325181198570973, 0.16737151980584292], [0.09229104111786643, 0.29733533058681605, 0.2195353526083652, 0.3908382756869523], [0.4271651496946961, 0.2835547940029262, 0.15493356413409637, 0.1343464921682814], [0.16085039823311356, 0.31388583958443045, 0.05809994044117689, 0.4671638217412792], [0.2179412336999474, 0.3361747232866377, 0.19379466944988685, 0.252089373563528], [0.131095029589804, 0.3327765787291606, 0.26280583846677474, 0.2733225532142607], [0.23326548135754802, 0.43991505778830525, 0.16512485548491732, 0.16169460536922947], [0.22470521066913068, 0.46917488871791957, 0.09254314801098955, 0.2135767526019603], [0.13636070197841935, 0.4118644652453901, 0.13823507845837502, 0.31353975431781556], [0.18768747880197467, 0.3225668025225414, 0.06900780718103602, 0.42073791149444784], [0.20217163942746114, 0.3663813859574635, 0.18966361699882528, 0.24178335761625014], [0.3457892102328135, 0.22123468681471417, 0.14497940894187777, 0.28799669401059463], [0.15614903870670802, 0.3358913347675197, 0.2486189773788397, 0.25934064914693256], [0.456544936185087, 0.2633601766614954, 0.08489586283381481, 0.19519902431960282], [0.13973827036824626, 0.22562609532985753, 0.2523824065046071, 0.38225322779728926], [0.12873178394399148, 0.2564536402494074, 0.0616247931323661, 0.5531897826742351], [0.13927180814690568, 0.41663352740886395, 0.2939624020431544, 0.1501322624010759], [0.17817425225908162, 0.17975328715917385, 0.36310034775840877, 0.27897211282333595], [0.1393535065984269, 0.42655798931233124, 0.24320800123757008, 0.19088050285167188], [0.3271969727544636, 0.18759729183459115, 0.21551205830753895, 0.26969367710340647], [0.18495847416497085, 0.44075179315696894, 0.13966665118207466, 0.23462308149598565], [0.8114290043548879, 0.05509907255820687, 0.0336445404024573, 0.0998273826844478], [0.38791883471444, 0.22735831215912874, 0.1667116023315887, 0.21801125079484263], [0.20143595215541868, 0.48148076954505054, 0.08914671543724828, 0.2279365628622827], [0.4626129067128322, 0.2563485182461917, 0.11422798943624314, 0.166810585604733], [0.2612167639575648, 0.2707900472410779, 0.18818810004585598, 0.2798050887555014], [0.17716208114901977, 0.5307150867532748, 0.13809329117899521, 0.1540295409187102]]}, "rewritten": {"ids": ["97106000", "97107821", "97109570", "97110950", "97116410", "98108410", "98109090", "98110680", "98111231", "98111670", "99107300", "99108080", "99108310", "99108460", "99109161", "99109370", "99109740", "99109860", "99111930", "99114890", "100108260", "100108520", "100109000", "100109801", "100109910", "100111270", "100111620", "101108121", "101108950", "101109000", "101109370", "101110200", "101110740", "101112160", "101112540", "101116130", "101119591", "101121640", "102109910", "102110850", "102112170", "102113981", "103109641", "103110100", "103110220", "103110760", "103110840", "103113640", "104109311", "104111550", "104116800", "104117200", "104118070", "105111990", "105112260", "105113260", "105113440", "105113620", "105114220", "105115250", "105115380", "105115570", "105115720", "105116650", "105116980", "106112770", "106113170", "106113260", "106113360", "106113830", "106114150", "106114880", "106115250", "106116820", "106117770", "106118161", "107113130", "107113170", "107113200", "107114780", "107114950", "107117630", "107118520", "107119390", "108113700", "108113740", "108114670", "108115880", "108116120", "108116481", "108117360", "108117451", "108118301", "108118520", "108118630", "109114220", "109115211", "109116040", "109117730", "110114920", "110115120", "110115140", "110115890", "110116300", "110117110", "110118121", "110118630", "110118880", "110118930", "111115400", "111116040", "111116170", "111116290", "111116530", "111117480", "111118820", "111118910", "111119250", "111120190", "111120260", "111120280", "112116401", "112116640", "112116800", "112117471", "112118530", "112118620", "112118890", "112119930", "112119980", "112120540", "112120670", "112121030", "112121430", "113118630", "113118820", "113119340", "113119360", "113120640", "113120780", "113122180", "113122650"], "labels": [0, 2, 0, 3, 3, 1, 1, 2, 1, 1, 3, 3, 2, 0, 3, 1, 3, 2, 1, 2, 3, 2, 1, 0, 2, 2, 3, 0, 2, 1, 1, 2, 3, 3, 2, 2, 0, 2, 2, 3, 3, 1, 1, 1, 2, 1, 1, 1, 3, 1, 1, 3, 2, 2, 3, 3, 0, 0, 3, 2, 1, 0, 1, 1, 0, 1, 0, 3, 0, 1, 1, 0, 2, 1, 0, 3, 1, 0, 0, 2, 3, 0, 2, 2, 0, 3, 3, 3, 1, 0, 1, 2, 1, 0, 1, 3, 0, 0, 3, 3, 0, 0, 2, 3, 0, 3, 1, 0, 1, 0, 0, 0, 2, 3, 1, 0, 0, 1, 3, 3, 0, 0, 0, 0, 3, 1, 3, 3, 1, 0, 3, 2, 0, 2, 3, 0, 0, 0, 0, 0, 2, 2], "predicted_labels": [3, 0, 0, 0, 1, 3, 1, 1, 0, 2, 0, 2, 0, 1, 0, 1, 1, 1, 1, 1, 3, 3, 0, 1, 2, 1, 0, 0, 3, 2, 1, 1, 1, 1, 1, 3, 3, 3, 1, 1, 0, 1, 0, 2, 2, 1, 0, 0, 3, 1, 3, 1, 1, 3, 3, 3, 1, 2, 0, 1, 1, 1, 1, 2, 0, 3, 1, 3, 1, 3, 1, 2, 2, 0, 3, 0, 2, 0, 1, 1, 1, 0, 1, 1, 0, 0, 3, 3, 3, 3, 1, 3, 3, 1, 3, 0, 3, 3, 0, 1, 3, 1, 3, 0, 1, 1, 3, 1, 1, 1, 1, 3, 3, 1, 0, 3, 3, 1, 1, 1, 3, 3, 1, 3, 1, 1, 0, 1, 1, 1, 1, 3, 3, 0, 1, 3, 3, 1, 0, 3, 1, 2], "confidence_scores": [[0.11310758989361677, 0.19642124294041097, 0.29631970541632996, 0.3941514617496423], [0.38409569409058203, 0.16994740431204838, 0.1465003594017329, 0.29945654219563694], [0.42967788352463904, 0.27917899586019085, 0.1542245209583396, 0.13691859965683043], [0.37848870604135665, 0.28059132870672765, 0.06480642100552497, 0.2761135442463908], [0.2578107276200171, 0.3912660485224684, 0.1071428296316703, 0.2437803942258443], [0.16467181260771424, 0.35970366516457825, 0.0997584795486064, 0.3758660426791012], [0.28795860779754107, 0.4410274952773192, 0.14357587823657839, 0.12743801868856125], [0.19413893998475576, 0.4326522627239937, 0.20017922553894318, 0.17302957175230738], [0.6047398167229862, 0.1444704046043591, 0.12283343614168193, 0.12795634253097285], [0.2523251233598379, 0.18946934673681814, 0.35673414367928724, 0.2014713862240567], [0.3075253951271479, 0.25299806896597204, 0.19380001340154135, 0.24567652250533872], [0.274190496343299, 0.28358554427725335, 0.2946479333209629, 0.1475760260584846], [0.4671191934607596, 0.24448531928914397, 0.10368160767500903, 0.18471387957508745], [0.14275414075540938, 0.5041008728069596, 0.0880030485642214, 0.2651419378734098], [0.5880194893855184, 0.12482658982313205, 0.060188452510308015, 0.22696546828104172], [0.2179064608417175, 0.4126972737700866, 0.13865013172403876, 0.23074613366415728], [0.2015590074867923, 0.37921133055990114, 0.18231077190420522, 0.23691889004910155], [0.14557189936728793, 0.36257647355635425, 0.24640956683335452, 0.2454420602430033], [0.16745503780269247, 0.4034870485753985, 0.1984925795366207, 0.23056533408528831], [0.10839788416121827, 0.5635982627047197, 0.12555118835580079, 0.2024526647782613], [0.27064322967305127, 0.2613910168854148, 0.12357500381145203, 0.34439074963008204], [0.26760006196742114, 0.207998786834757, 0.23721958074068122, 0.28718157045714066], [0.3648744025448359, 0.2282051201078741, 0.24101947408579294, 0.16590100326149707], [0.15352055191378344, 0.4413918683568022, 0.16551308447407687, 0.23957449525533744], [0.19089071316123588, 0.19883546832708235, 0.3699976418590463, 0.24027617665263545], [0.2561259290144997, 0.40907770072768385, 0.18473578763846443, 0.15006058261935196], [0.31813711812955814, 0.23032649271307737, 0.21442587861329507, 0.23711051054406926], [0.5341039601559806, 0.10529113178411494, 0.18279740286634993, 0.1778075051935544], [0.06794295391745367, 0.18334271668050972, 0.1458420307059174, 0.6028722986961194], [0.16938454849062004, 0.2451697327528865, 0.38469065314732936, 0.20075506560916423], [0.2118328263301007, 0.3136939031861567, 0.24141034033145162, 0.23306293015229096], [0.2328187110397914, 0.3995944134128032, 0.15327253959497977, 0.21431433595242555], [0.2743313758791704, 0.28705646254263767, 0.19677966916455458, 0.2418324924136373], [0.24578417851605708, 0.4185209242984218, 0.1363662028797162, 0.19932869430580502], [0.19835897746355396, 0.3680760392483149, 0.17334068761528998, 0.2602242956728413], [0.19382814060630205, 0.30333489313984874, 0.09554823151169216, 0.407288734742157], [0.1989920903231971, 0.09371114410247927, 0.24306249890186205, 0.4642342666724616], [0.3201684909846228, 0.18470788956935666, 0.06555562855580427, 0.42956799089021624], [0.28423297433804917, 0.3172261105764474, 0.1553639189518858, 0.24317699613361748], [0.11845102518231986, 0.5337214437131433, 0.1706334788500898, 0.17719405225444687], [0.3693003074120748, 0.196867704577504, 0.07660219789977045, 0.35722979011065087], [0.2434861313814361, 0.3720439663256572, 0.18512825763123003, 0.1993416446616768], [0.40502476201664805, 0.1350093535727038, 0.29219765566214667, 0.16776822874850147], [0.19435047844975595, 0.2057307812814932, 0.38183426825615807, 0.21808447201259282], [0.16742068526010745, 0.262622584633657, 0.4102373546898917, 0.15971937541634393], [0.3922877294571378, 0.4080884911951841, 0.07219237551856841, 0.12743140382910972], [0.34070016169106965, 0.2826243673833732, 0.1387439630251895, 0.2379315079003676], [0.441059084172552, 0.2250149264303348, 0.07532966733400184, 0.25859632206311134], [0.30226377050231845, 0.18547706805037806, 0.06673785060557275, 0.44552131084173086], [0.25631235613056186, 0.36318540792717524, 0.21518085188581282, 0.16532138405645022], [0.25325365946245265, 0.25319755455774234, 0.18840798779085255, 0.30514079818895246], [0.1379835534816659, 0.5408949618317086, 0.16436078964994671, 0.15676069503667864], [0.1831933870688556, 0.36610171905919975, 0.20255112338978176, 0.248153770482163], [0.1727338882654532, 0.30019164201752896, 0.1276952454188564, 0.3993792242981614], [0.07921484578530096, 0.22393250635990886, 0.06983114113013171, 0.6270215067246585], [0.2603012005587064, 0.18092737839393536, 0.13895524896946923, 0.41981617207788885], [0.16024372367160877, 0.47011780803630615, 0.11302302438249472, 0.25661544390959035], [0.17185140499687768, 0.2464083047348731, 0.4500618619112583, 0.131678428356991], [0.3198173232382694, 0.21372736983760457, 0.14737558517162966, 0.3190797217524964], [0.2574256283926791, 0.43997525185625797, 0.11292900742822988, 0.18967011232283296], [0.22117848370458879, 0.3419002971969581, 0.11104376749703873, 0.3258774516014143], [0.15185368418949702, 0.5418599342438531, 0.08472296235809347, 0.22156341920855646], [0.16533480342661283, 0.5011533363305213, 0.11859130237172165, 0.21492055787114428], [0.13925783646241457, 0.29261839987810434, 0.32504332605085223, 0.243080437608629], [0.5514741520947374, 0.21223904496710705, 0.05237994659966326, 0.1839068563384923], [0.24013583983662545, 0.22052182169645304, 0.21236730163304396, 0.32697503683387763], [0.11135637165476364, 0.41647722806371545, 0.07185109975740148, 0.40031530052411946], [0.2976581132353592, 0.2653082494995027, 0.12192367229762041, 0.3151099649675178], [0.21138912932725495, 0.29682940376790307, 0.27759272569976806, 0.2141887412050739], [0.2431604307551018, 0.1841740724281392, 0.13944965711567459, 0.43321583970108446], [0.17293530637112775, 0.3660685091868922, 0.24163606203823423, 0.21936012240374583], [0.1451719450834158, 0.2892373109719598, 0.42566613757331795, 0.13992460637130646], [0.18775727415107976, 0.18616622214041828, 0.4590576483719021, 0.1670188553365999], [0.41686050282347425, 0.23370118661298223, 0.18771275262394452, 0.16172555793959908], [0.24266247601182395, 0.1733469380000955, 0.12919251395555487, 0.4547980720325257], [0.4179992830730722, 0.12505117193493406, 0.0811017404425081, 0.3758478045494858], [0.1529090217863441, 0.2554980696417513, 0.42429571878780653, 0.16729718978409808], [0.31650728922950505, 0.26607695132282394, 0.1289695451045686, 0.28844621434310247], [0.13238635657665612, 0.5817035015378726, 0.13129624544690607, 0.15461389643856516], [0.10399339059254553, 0.5626063402279238, 0.056044867493102064, 0.2773554016864286], [0.15830539583236977, 0.48753748871143554, 0.11448391288695417, 0.2396732025692407], [0.31414376528953486, 0.19561235423908063, 0.23528292797168038, 0.25496095249970424], [0.10845569489901265, 0.6310016424232602, 0.04769533327989085, 0.21284732939783632], [0.2815838948603715, 0.3037575898951818, 0.20938050203680642, 0.2052780132076403], [0.2695452342873328, 0.2189292452278347, 0.25911448924247354, 0.252411031242359], [0.4613065728129121, 0.172437450329017, 0.10360113969695968, 0.26265483716111093], [0.08011571132033884, 0.20885768347473696, 0.12175918634074968, 0.5892674188641746], [0.12639619501929514, 0.3378297962548257, 0.06663039185545055, 0.4691436168704286], [0.3109405387105225, 0.22882039406695057, 0.11997489395644795, 0.3402641732660791], [0.1489655735088093, 0.23317890525535806, 0.13008881354174093, 0.4877667076940916], [0.17299051969521964, 0.39220628548016045, 0.20502531445840996, 0.22977788036621008], [0.24194899088517194, 0.2500443372892456, 0.07635900426978244, 0.4316476675557999], [0.14673108325509623, 0.23346521020710198, 0.2615851124043743, 0.3582185941334274], [0.22519267010459415, 0.3797702889249228, 0.17783830259739783, 0.2171987383730853], [0.1096707026436963, 0.2614820432275995, 0.12070233835283416, 0.5081449157758702], [0.5247552232792211, 0.2367554118428023, 0.07905194500593313, 0.1594374198720435], [0.11302203869655665, 0.19441700384616692, 0.07915542606538488, 0.6134055313918915], [0.20727260381466855, 0.2058243170339604, 0.19357190259717624, 0.3933311765541949], [0.44161710800208964, 0.37383749938523403, 0.1032889077025807, 0.08125648491009568], [0.22044951255768705, 0.3621958062701155, 0.20924881850606963, 0.20810586266612802], [0.19360239038614463, 0.30216899336583775, 0.09996562089731022, 0.40426299535070737], [0.15245761640024416, 0.43304821959589446, 0.2519606753858499, 0.1625334886180115], [0.13000167003183635, 0.3093506221577454, 0.21737436587919434, 0.3432733419312239], [0.3133028071496781, 0.2900195159744747, 0.10090261468771618, 0.29577506218813104], [0.34732023457945554, 0.37606060724252655, 0.1269261221564832, 0.14969303602153466], [0.19498786058324186, 0.3977104941435026, 0.15416455948504712, 0.25313708578820837], [0.12361031334236283, 0.17993675761910383, 0.16942511743046645, 0.5270278116080669], [0.14995959790153748, 0.5366300209473742, 0.054755274728151414, 0.2586551064229369], [0.14705189944051897, 0.4506892573106936, 0.1275240402395563, 0.2747348030092311], [0.2219086446205086, 0.3491879913824701, 0.12943498588521768, 0.2994683781118035], [0.27867952028020143, 0.2980878523869302, 0.2258985163858417, 0.19733411094702655], [0.1988055135045674, 0.26949398985074, 0.09089953346798124, 0.44080096317671136], [0.2773195153098738, 0.20928802163521631, 0.20310454743178194, 0.3102879156231279], [0.17132522361199767, 0.4591962297931091, 0.1421525902194075, 0.22732595637548572], [0.28854813824259556, 0.26804380881715223, 0.17702774886800782, 0.2663803040722444], [0.30102089082823336, 0.2608644808153221, 0.09146278295906085, 0.3466518453973837], [0.19837156235324527, 0.2579990575666954, 0.10315296613338207, 0.4404764139466772], [0.059367675989393874, 0.5703753281803227, 0.31048585858022604, 0.05977113725005733], [0.26513544261593197, 0.3955636703178844, 0.14634906217420404, 0.1929518248919795], [0.21196421882940641, 0.38792960160733614, 0.10489221871774544, 0.29521396084551205], [0.15327757750612728, 0.27666571172680504, 0.11613640181383601, 0.4539203089532317], [0.223449323596883, 0.3077956647697499, 0.15317939978147474, 0.3155756118518924], [0.2594912090547535, 0.4699466853342258, 0.09248386531956877, 0.17807824029145192], [0.25980255133656155, 0.2497190083951836, 0.11070788500300517, 0.37977055526524967], [0.1834666186658315, 0.32650384177336617, 0.20939155877539542, 0.28063798078540697], [0.19555716211664728, 0.39084573632632597, 0.20909638017675503, 0.20450072138027178], [0.35596875151455326, 0.23813152092019296, 0.07790399340434709, 0.3279957341609068], [0.1436482198522115, 0.5284874935676809, 0.1126325684321891, 0.21523171814791853], [0.20655701286991177, 0.3157442495577752, 0.20829831691256864, 0.26940042065974434], [0.14722065171834273, 0.3724143131138637, 0.15907215109990275, 0.32129288406789086], [0.14157241258659303, 0.48261135413804096, 0.08523735663750329, 0.29057887663786286], [0.2558037870319451, 0.2597138351397856, 0.2215315255745223, 0.26295085225374704], [0.20861919567751977, 0.15405341891539936, 0.10693556694434421, 0.5303918184627366], [0.353236308056768, 0.2802873629305555, 0.10693635274491957, 0.25953997626775704], [0.24985745597638337, 0.329952303680608, 0.13522597456981084, 0.2849642657731977], [0.1755010130457247, 0.35103001456409505, 0.11799937811667309, 0.3554695942735072], [0.2641034093231764, 0.3209891567304374, 0.07283221929587444, 0.3420752146505116], [0.21534791207730536, 0.3879338906390508, 0.11367281971778184, 0.2830453775658622], [0.3511101608649438, 0.29201082406553786, 0.19217355044837256, 0.16470546462114574], [0.09809370035809492, 0.2555538219171812, 0.04643457537224911, 0.5999179023524748], [0.15102794543197987, 0.6647918086437806, 0.044633873537234935, 0.1395463723870046], [0.1022934464717706, 0.3520402159875162, 0.3699192925424244, 0.17574704499828883]]}}