{"test": {"ids": ["113117401", "99109141", "112117580", "106117770", "103117461", "109119340", "97105960", "104111780", "100120010", "104119340", "97116500", "113120070", "111116090", "111121410", "111119150", "105113620", "101111140", "111116290", "112121360", "101114990", "98108970", "109120621", "98112170", "107113360", "110115980", "98107340", "105117200", "101110150", "107118120", "111118301", "97106770", "106111321", "102110690", "109121410", "99120010", "111121351", "103113610", "101117580", "102108621", "104114230", "105114220", "109116441", "110114651", "101112540", "98109230", "102112170", "109119591", "111119580", "104113550", "113122120", "102110240", "113118810", "110114610", "97109080", "101115190", "112117660", "104114320", "98106111", "113119120", "98120530", "105112240", "108114180", "113120780", "106118161", "113122160", "111120531", "107121540", "106118301", "98111620", "112116880", "107118820", "107116501", "99117740", "100111270", "97112170", "101112160", "111119290", "102109910", "102113350", "112116800", "110114720", "109118701", "110118301", "112116401", "99117630", "106116370", "103112641", "105121370", "103120340", "103109791", "102113210", "110120190", "99108330", "105116860", "109115211", "106119990", "111114121", "108121190", "99119830", "100108080", "110120540", "97113260", "101109370", "112119610", "112121430", "101108370", "101110200", "101112201", "109114220", "99109840", "103110840", "113121010", "111120220", "98121790", "111116530", "99108710", "112119980", "109118231", "103111620", "100120780", "98112580", "112116501", "108121351", "108114040", "103113270", "112117471", "105115250", "109118820", "113120540", "110118630", "112118860", "112119120", "113119340", "108116120", "100109910", "112121351", "97110950", "105112100", "99111930", "107120130", "106121220", "103110760"], "labels": [3, 3, 0, 0, 0, 3, 2, 3, 0, 1, 2, 2, 3, 0, 3, 0, 2, 2, 3, 3, 3, 1, 3, 0, 1, 0, 3, 1, 3, 3, 3, 0, 0, 0, 2, 0, 2, 3, 3, 2, 3, 3, 3, 2, 1, 3, 0, 3, 1, 1, 3, 3, 1, 2, 1, 0, 2, 0, 3, 1, 1, 1, 0, 3, 3, 0, 2, 1, 3, 0, 3, 1, 2, 2, 0, 3, 3, 2, 3, 0, 3, 3, 1, 0, 3, 2, 3, 2, 1, 3, 3, 3, 1, 2, 0, 0, 0, 1, 1, 0, 1, 1, 1, 0, 2, 1, 2, 0, 3, 2, 1, 2, 3, 2, 3, 2, 0, 1, 0, 1, 2, 3, 3, 0, 2, 3, 2, 3, 3, 1, 3, 1, 0, 1, 2, 0, 3, 1, 1, 2, 1, 1], "predicted_labels": [0, 0, 0, 3, 1, 0, 2, 1, 2, 3, 1, 2, 0, 1, 1, 0, 1, 0, 0, 1, 2, 0, 0, 3, 3, 2, 0, 1, 1, 1, 0, 0, 3, 3, 2, 3, 0, 0, 3, 1, 0, 1, 0, 2, 2, 0, 1, 0, 0, 0, 2, 3, 1, 1, 1, 3, 0, 1, 0, 3, 2, 3, 0, 0, 2, 3, 1, 0, 2, 1, 3, 0, 0, 2, 3, 2, 3, 0, 3, 3, 2, 3, 1, 0, 1, 1, 2, 1, 1, 2, 0, 3, 1, 1, 3, 3, 1, 1, 2, 1, 3, 2, 2, 3, 1, 0, 1, 1, 0, 2, 1, 1, 0, 2, 1, 1, 3, 1, 0, 3, 0, 3, 1, 2, 2, 1, 0, 3, 0, 3, 1, 0, 0, 0, 2, 0, 2, 3, 1, 2, 3, 1], "confidence_scores": [[0.6612320265780397, 1.5230800134951e-05, 0.3386271331486265, 0.00012560947319869878], [0.9427438001498254, 0.03392107111907403, 3.4743176170776205e-05, 0.023300385554929696], [0.5574135374749989, 0.0026502930152199136, 2.333682316475583e-06, 0.43993383582746476], [0.025990642288357273, 0.3248148900999463, 6.774221969231761e-06, 0.6491876933897273], [0.048467100902657746, 0.8939401475947705, 0.011779698640032863, 0.045813052862538756], [0.6657569322356093, 9.428718006358028e-06, 6.168930144870535e-06, 0.3342274701162395], [0.00022964195865940744, 1.7184644684740443e-06, 0.9807655564606067, 0.019003083116265595], [8.36936050649791e-06, 0.9981797600195058, 6.244171762131803e-06, 0.0018056264482255726], [0.0538790951851972, 0.10510377239294304, 0.6038581435448376, 0.2371589888770222], [6.591934925547887e-05, 4.95783178820048e-05, 4.785243700333653e-05, 0.9998366498958591], [0.03411854172818193, 0.6562131487724788, 0.00029865571468180955, 0.3093696537846574], [1.455463498532342e-06, 6.482153541405071e-05, 0.9998892417404821, 4.448126060521329e-05], [0.9416601198033947, 0.015047714863056175, 2.099815693527486e-08, 0.043292144335392066], [0.1017693856875114, 0.8581655392137048, 0.00010197851162637743, 0.039963096587157375], [0.0942094700263035, 0.9038561836294813, 5.118555697236115e-07, 0.0019338344886456083], [0.656435731147721, 0.05219061370226051, 0.29133394683178837, 3.970831823020472e-05], [0.05002237826816945, 0.6060255490224536, 0.00031472531130786373, 0.34363734739806895], [0.4289397432858603, 0.11049842775648552, 0.40474913040364113, 0.055812698554012934], [0.9999751824737704, 2.4784055364887623e-05, 1.595083544972056e-08, 1.7520029336063442e-08], [9.291649342603064e-11, 0.9932482606636829, 0.0034264298653996954, 0.003325309378000926], [0.041374580922893534, 0.019316284542701987, 0.9342009925305804, 0.005108142003824006], [0.4348036078180323, 0.13960352555758396, 7.937798219581885e-05, 0.42551348864218785], [0.7638724085359256, 0.00042689007722330596, 0.0001431711677212174, 0.23555753021912995], [0.0044741241971453065, 0.00949494231643283, 8.459321534952765e-06, 0.9860224741648869], [0.06478770238105633, 5.3934557330459184e-05, 5.3409511100313395e-05, 0.9351049535505129], [4.1256416242972284e-07, 0.02908857878713677, 0.5898434873868801, 0.38106752126182075], [0.9306196736478646, 0.0635281077740174, 0.005655666924411684, 0.0001965516537064585], [6.340742235314822e-05, 0.5175318921053599, 6.253906388121184e-07, 0.4824040750816481], [8.642148783426649e-08, 0.9933523969962359, 0.0002232879803145201, 0.006424228601961746], [2.26813617996717e-06, 0.9991646355639474, 2.7394231246466995e-08, 0.0008330689056412898], [0.6791828649748178, 0.06453009406566164, 0.25620468237236943, 8.235858715119384e-05], [0.6870172705555351, 0.047548912300117256, 0.0009290765007281845, 0.2645047406436195], [0.23149029957981135, 0.034020177974897016, 2.397764898340503e-07, 0.7344892826688019], [0.002347237646731702, 0.00032676840127555685, 0.00019145614109276394, 0.9971345378109], [1.0905627695219952e-05, 3.119995752609413e-05, 0.9999566943413861, 1.200073392521752e-06], [0.0010900970465730208, 0.04149732069399834, 2.0391414847648403e-07, 0.9574123783452801], [0.9999100293789771, 5.563299814420755e-07, 9.653279551483254e-07, 8.844896308616205e-05], [0.9983072961612832, 5.1925554247623486e-05, 5.408304556807995e-07, 0.0016402374540135383], [0.2728706087009783, 0.09700910825476934, 0.006503132014028294, 0.6236171510302241], [0.0002208090557220838, 0.5948248057774714, 0.40082070408081777, 0.004133681085988781], [0.9996974903523177, 0.00030250018852704167, 2.6519958874261556e-12, 9.456503190759778e-09], [0.0028889626174197964, 0.9971024703053709, 8.013345304855639e-07, 7.765742678715968e-06], [0.9764616970308968, 0.021024787929388975, 3.650558350874564e-05, 0.002477009456205493], [0.0017995656889402767, 0.022980227856856196, 0.9687096788418034, 0.006510527612399983], [9.234084187014886e-06, 2.7478851014012136e-07, 0.9999904901222315, 1.0050713264999315e-09], [0.9830597617309488, 0.01686205090300466, 1.1291754647361127e-05, 6.68956113991105e-05], [1.7642595308553803e-09, 0.9999999982273082, 2.2110584944769038e-12, 6.220928303109531e-12], [0.7773723539792557, 0.014699439763514722, 0.20789282861627814, 3.537764095144323e-05], [0.9359284331274835, 0.010255293396729802, 0.05259922004723012, 0.0012170534285566334], [0.9606244401151933, 0.03935298606375408, 9.835190010283593e-07, 2.159030205154864e-05], [1.777237298144657e-05, 2.9810618429340453e-05, 0.9992897700785864, 0.0006626469300027784], [6.9957844378404585e-06, 0.00018492566546222494, 1.5332988953343457e-05, 0.9997927455611467], [0.01711352750017298, 0.6259520748685324, 0.3567349206223017, 0.0001994770089929071], [1.7240360298604985e-08, 0.9644585297996829, 0.002814322117445104, 0.03272713084251167], [5.4775421672967815e-06, 0.841878741902709, 0.15810760013919514, 8.180415928611654e-06], [0.09286774262582681, 0.031211334789879797, 7.2574797989201e-05, 0.8758483477863042], [0.9996320014913165, 0.00029569697379503633, 6.288634720082567e-05, 9.41518768746524e-06], [1.325969165274753e-07, 0.9999987781643259, 1.0684325770526741e-06, 2.0806180370722173e-08], [0.8669204957622126, 1.1019878099615731e-07, 0.0003398343657078109, 0.13273955967329848], [1.7928384007254765e-08, 5.469836814579583e-05, 7.166273040994744e-08, 0.9999452120407397], [0.010276972869374831, 0.18176761705954939, 0.8076122928667915, 0.0003431172042843663], [2.8364874539161526e-10, 0.00015973609324831394, 0.000685080403300442, 0.9991551832198023], [0.8218368780658186, 0.11731988001948451, 0.042963100122672064, 0.017880141792024882], [0.7758440666017151, 0.22011501488708426, 0.0007550616161932966, 0.0032858568950074165], [6.949418319701858e-06, 0.002685750885693545, 0.9856302891864624, 0.011677010509524308], [0.006633578241770063, 0.3384027276108856, 0.00155611749137068, 0.6534075766559736], [7.481773798547647e-09, 0.9999999868145519, 2.2003049087974263e-09, 3.5033694617069022e-09], [0.8933822993082614, 0.10660493597240657, 8.119672578396279e-08, 1.2683522606342447e-05], [0.0008213593307258369, 0.004063788783781699, 0.9827199263623763, 0.012394925523116166], [0.004226877598545224, 0.9950378169575376, 0.0006754897387887665, 5.9815705128392046e-05], [0.02527849660040092, 0.0007777144659570691, 0.0036887279731220783, 0.9702550609605199], [0.75880436103498, 0.23727519458375748, 0.00043835789181749155, 0.0034820864894449352], [0.5347810366119635, 0.35872964105923905, 0.10640068538340802, 8.863694538937011e-05], [1.8950690318814825e-09, 3.54260591983909e-07, 0.9999989643816045, 6.794627345900635e-07], [0.001081854487397376, 0.0009639833343986232, 0.02021660505000941, 0.9777375571281945], [0.00021413045870183372, 0.001527460054581315, 0.9846302651904494, 0.013628144296267497], [5.92446317553114e-07, 0.002130015416659088, 3.0563618208037933e-06, 0.9978663357752025], [0.46757339183028584, 0.46294801316308576, 0.06259477941431288, 0.006883815592315603], [0.00019039988054851586, 7.327357486925001e-08, 0.1069030463541462, 0.8929064804917304], [0.0011575601693349187, 0.011443534029549698, 0.005188874422491699, 0.9822100313786237], [5.757051851338881e-06, 0.032023354338892626, 0.9679706320400733, 2.56569182758794e-07], [0.43984999358558896, 0.012978240650107454, 3.3089503956225664e-06, 0.5471684568139079], [0.00044060929216305006, 0.9957306777894045, 7.097788885784202e-05, 0.0037577350295747254], [0.9999971072792823, 1.3610457292309324e-08, 5.62794278574023e-07, 2.3163159818127163e-06], [0.0002798975004451318, 0.9976402187013331, 0.001872747335011313, 0.00020713646321042034], [0.0332716942253149, 0.8547565053729687, 0.00040420033932986495, 0.11156760006238658], [8.054694759107544e-06, 0.0002565509619802915, 0.9996939108239873, 4.148351927316561e-05], [0.0004308108863318466, 0.9834930295557579, 0.01606942653033965, 6.7330275706794056e-06], [0.0015993470797208795, 0.962003986252385, 0.03392095435896399, 0.0024757123089301347], [7.369096706464274e-05, 3.843856202056032e-07, 0.9460472641247185, 0.05387866052259664], [0.6140663659907206, 0.04727030354879126, 0.023442719774780626, 0.31522061068570756], [0.0001742386088799677, 0.00037806105674522295, 4.368059481637135e-10, 0.9994476998975689], [2.937779749118875e-06, 0.9950636437396073, 4.3173052041690025e-06, 0.004929101175439297], [0.38023572858269117, 0.492530080609065, 6.022874033282208e-07, 0.12723358852084063], [0.00022988450104029093, 6.498275060889178e-05, 2.890932708731579e-07, 0.9997048436550798], [6.70673433562113e-07, 0.19263025507668763, 0.013298006248161331, 0.7940710680017175], [9.857567135603177e-05, 0.9984344464426665, 4.920604185877963e-05, 0.0014177718441184808], [2.6859988066437782e-05, 0.7580465138236435, 8.081469149758856e-06, 0.24191854471914032], [1.0700429679746192e-07, 0.03567207883274475, 0.8644087276606779, 0.09991908650228058], [3.308859017848431e-08, 0.9999979085741149, 7.659737215619996e-07, 1.2923635733577795e-06], [0.005048011598767233, 0.4336090409322631, 0.007158257378777783, 0.554184690090192], [1.5620940944904998e-06, 4.3308038480034725e-06, 0.9896487782503522, 0.010345328851705159], [8.127767091688246e-08, 0.016020589660617673, 0.9839793284269784, 6.34732942507004e-10], [0.379214329029431, 0.21324506169708124, 0.02596692421352074, 0.38157368505996697], [0.04630135920200198, 0.8567766482919935, 0.054362417475121064, 0.042559575030883465], [0.9999996895520953, 2.505846219771207e-07, 2.075332897819587e-08, 3.9109953588536e-08], [1.227099888998839e-06, 0.9999473987587926, 5.135751941783119e-05, 1.6621900624716226e-08], [2.210516400005838e-05, 0.9999538243390749, 2.4056071473937894e-05, 1.4425451050064733e-08], [0.998237935100864, 0.0009540866584559078, 8.762070032959567e-05, 0.0007203575403506447], [4.4452852420252755e-06, 0.07273650967782604, 0.9265217921638148, 0.000737252873117162], [0.27798531648090397, 0.6743012217155475, 0.04330632419815549, 0.004407137605392975], [5.06239602466881e-05, 0.9794469385843945, 0.004845503785993384, 0.015656933669365374], [0.6466617074477027, 0.3533382901920865, 2.1624839154648064e-09, 1.9772684279612437e-10], [4.044231993618963e-06, 0.02745042186685994, 0.9724760219309856, 6.951197016093351e-05], [0.00015337609505343807, 0.7279592898473954, 0.2718872849930684, 4.906448267300855e-08], [4.7015413009602157e-07, 0.9999928422226085, 2.928776206571628e-06, 3.7588470546343185e-06], [1.1894003590097172e-10, 1.0116111222391324e-10, 4.4119869961746495e-08, 0.999999955660029], [1.3348631561901844e-05, 0.9158411491357635, 2.4704650167420166e-06, 0.0841430317676579], [0.5111935972040006, 0.1981194051467274, 0.2904263757282072, 0.00026062192106479155], [0.000878354381438675, 9.771253454773579e-09, 0.0010541890881463542, 0.9980674467591616], [0.9150961772405737, 0.0032881401792609305, 0.003465893693114124, 0.07814978888705122], [0.0031305790710479784, 0.24521673873556804, 0.0014786642489380798, 0.7501740179444459], [3.4921243243160197e-06, 0.6265854093987026, 0.00018675591289550982, 0.3732243425640774], [0.4288753052238152, 0.004056966193944582, 0.4797924718123502, 0.0872752567698901], [3.250531473142546e-06, 0.10771912066549592, 0.62247382696918, 0.269803801833851], [1.3512847524889464e-06, 0.9993882716657966, 1.1446275133716056e-08, 0.0006103656031759814], [0.9998446414444521, 4.743228121978257e-05, 7.754844911587808e-05, 3.037782521233016e-05], [6.418806485436654e-05, 0.000322422663506916, 0.0008491524853196114, 0.998764236786319], [0.8803890737139819, 0.06524670981675793, 0.0011296078944993463, 0.05323460857476087], [1.442420074207262e-07, 0.0002683650474912006, 0.00024496177825011103, 0.9994865289322513], [8.319613884663185e-06, 0.9892345250489946, 1.310185790881707e-05, 0.010744053479211797], [0.9997936054337134, 2.1957795356860706e-06, 5.52879077778044e-05, 0.000148910878973032], [0.9978362097423299, 0.000888346204619343, 3.2566030142310795e-11, 0.0012754440204848947], [0.8361916099431664, 1.1619965018520592e-05, 0.15937269664762999, 0.004424073444185064], [7.631814844591277e-07, 5.7758666938481863e-05, 0.9999367059875323, 4.772164044682912e-06], [0.8212624489319701, 7.694723839961004e-06, 7.002560372184998e-07, 0.1787291560881527], [9.741136450940066e-06, 0.0001942331459923254, 0.990680587811793, 0.00911543790576356], [0.011971837394129969, 0.033153206700791235, 0.00019971771971571414, 0.9546752381853632], [4.524451285533438e-11, 0.9999210260750532, 7.890440724185748e-05, 6.947246053748664e-08], [0.1869500460627816, 0.006018056001064229, 0.8070240331058537, 7.86483030040664e-06], [0.44780224491745324, 1.0025817240164273e-07, 0.007880201881658446, 0.5443174529427159], [0.00033387563389197393, 0.742741280860254, 0.002299414594147952, 0.2546254289117059]]}, "rewritten": {"ids": ["97105960", "97106770", "97109080", "97110950", "97112170", "97113260", "97116500", "98106111", "98107340", "98108970", "98109230", "98111620", "98112170", "98112580", "98120530", "98121790", "99108330", "99108710", "99109141", "99109840", "99111930", "99117630", "99117740", "99119830", "99120010", "100108080", "100109910", "100111270", "100120010", "100120780", "101108370", "101109370", "101110150", "101110200", "101111140", "101112160", "101112201", "101112540", "101114990", "101115190", "101117580", "102108621", "102109910", "102110240", "102110690", "102112170", "102113210", "102113350", "103109791", "103110760", "103110840", "103111620", "103112641", "103113270", "103113610", "103117461", "103120340", "104111780", "104113550", "104114230", "104114320", "104119340", "105112100", "105112240", "105113620", "105114220", "105115250", "105116860", "105117200", "105121370", "106111321", "106116370", "106117770", "106118161", "106118301", "106119990", "106121220", "107113360", "107116501", "107118120", "107118820", "107120130", "107121540", "108114040", "108114180", "108116120", "108121190", "108121351", "109114220", "109115211", "109116441", "109118231", "109118701", "109118820", "109119340", "109119591", "109120621", "109121410", "110114610", "110114651", "110114720", "110115980", "110118301", "110118630", "110120190", "110120540", "111114121", "111116090", "111116290", "111116530", "111118301", "111119150", "111119290", "111119580", "111120220", "111120531", "111121351", "111121410", "112116401", "112116501", "112116800", "112116880", "112117471", "112117580", "112117660", "112118860", "112119120", "112119610", "112119980", "112121351", "112121360", "112121430", "113117401", "113118810", "113119120", "113119340", "113120070", "113120540", "113120780", "113121010", "113122120", "113122160"], "labels": [2, 3, 2, 3, 0, 1, 2, 0, 0, 3, 1, 3, 3, 2, 1, 2, 1, 2, 3, 2, 1, 3, 2, 1, 2, 0, 2, 2, 0, 1, 1, 1, 1, 2, 2, 3, 0, 2, 3, 1, 3, 3, 2, 3, 0, 3, 3, 3, 3, 1, 1, 0, 3, 2, 2, 0, 1, 3, 1, 2, 2, 1, 1, 1, 0, 3, 2, 2, 3, 2, 0, 2, 0, 3, 1, 0, 1, 0, 1, 3, 3, 2, 2, 0, 1, 1, 1, 3, 3, 0, 3, 1, 3, 3, 3, 0, 1, 0, 1, 3, 3, 1, 1, 1, 3, 1, 0, 3, 2, 3, 3, 3, 3, 3, 3, 0, 0, 0, 0, 3, 0, 0, 3, 0, 0, 3, 1, 0, 0, 0, 3, 2, 3, 3, 3, 0, 2, 3, 0, 2, 1, 3], "predicted_labels": [2, 0, 1, 0, 2, 2, 0, 1, 2, 2, 2, 2, 3, 3, 3, 2, 3, 1, 0, 2, 1, 1, 2, 2, 2, 1, 2, 2, 2, 2, 0, 2, 3, 1, 3, 3, 1, 1, 1, 2, 0, 2, 0, 2, 3, 0, 3, 2, 3, 1, 0, 0, 2, 2, 0, 3, 1, 3, 0, 2, 2, 3, 3, 2, 0, 0, 2, 0, 0, 2, 0, 0, 3, 0, 0, 1, 0, 3, 1, 1, 1, 0, 1, 2, 3, 0, 1, 1, 0, 1, 1, 1, 3, 3, 3, 1, 0, 3, 1, 1, 2, 3, 1, 3, 3, 2, 1, 3, 1, 0, 2, 1, 1, 0, 1, 1, 3, 0, 0, 3, 3, 1, 1, 1, 3, 1, 3, 1, 3, 3, 0, 1, 2, 3, 2, 0, 2, 1, 1, 1, 0, 2], "confidence_scores": [[6.96033894148897e-05, 5.513652573575515e-08, 0.98208764833003, 0.017842693144029285], [0.7698423745506087, 0.0166350573523104, 0.2134665852502978, 5.598284678321482e-05], [1.4345575204737593e-10, 0.9697589392917685, 1.2371303700537926e-05, 0.03022868926107538], [0.9950360728650284, 1.0609212697066714e-05, 0.0019650676407099677, 0.002988250281564638], [0.042303538374201845, 3.625358131595292e-05, 0.7143802085993581, 0.24327999944512407], [8.652666894071043e-07, 1.3036343168136377e-07, 0.9998837702897763, 0.00011523408010264784], [0.9999646617707962, 1.2142580170808619e-05, 1.8859784862601712e-05, 4.3358641704850506e-06], [4.867598799859474e-06, 0.9999894305177353, 5.516769260429927e-06, 1.8511420426091942e-07], [3.315284709306827e-07, 0.0008462892871561786, 0.9643184215796374, 0.03483495760473546], [8.463335154135823e-05, 0.044101282824235845, 0.9558008779840838, 1.3205840139022871e-05], [4.5970149034311395e-06, 0.00014929237532427614, 0.9998461042223935, 6.387378880947367e-09], [1.7090420036590986e-05, 2.344861566797405e-05, 0.9999592686562591, 1.9230803647537784e-07], [0.008410707220828179, 4.4513116061783323e-07, 1.1799536309029814e-08, 0.9915888358484748], [0.0006565232268481846, 0.1467852241948964, 0.3988561494828057, 0.45370210309544967], [0.02756289056185257, 0.036320243009629403, 0.006140045652388723, 0.9299768207761293], [0.0002003010231535952, 0.30639144514134226, 0.6928727418094144, 0.0005355120260897329], [4.13299327994017e-08, 0.00011048603659568915, 0.0007270578643486646, 0.9991624147691229], [1.4867434046416327e-12, 0.9999999998830902, 1.0890931221288847e-11, 1.0453211941615799e-10], [0.9946271454911964, 0.005350960240172639, 2.039889501254557e-08, 2.1873869735963512e-05], [4.092947882963917e-06, 0.04460321508739291, 0.9553848861660632, 7.80579866088504e-06], [4.4038618395418523e-08, 0.9993982488405828, 0.00042786065769627414, 0.00017384646310243977], [4.337502605323358e-05, 0.9924676225340168, 0.007198466044316368, 0.0002905363956136212], [0.3597097608306668, 0.030668283425658124, 0.6096080834648216, 1.3872278853412428e-05], [1.2585530309457704e-08, 0.025247749232706652, 0.6510621763359815, 0.32369006184578164], [0.2194771073926614, 4.496909156922651e-07, 0.7805215257039809, 9.17212441907146e-07], [2.5323540243324377e-10, 0.999998184167083, 3.8305197234868703e-07, 1.4325277092545659e-06], [3.891610754050275e-06, 3.1990126846229345e-05, 0.999961581423723, 2.536838676694777e-06], [6.311281802551762e-11, 0.021101004409073615, 0.9788989882299001, 7.297913722594348e-09], [0.03154682207175609, 0.06379568852506522, 0.9024007606556605, 0.002256728747518192], [2.489114395734397e-05, 5.978970226491603e-06, 0.9760800308496623, 0.02388909903615375], [0.996672091424492, 9.884912811622378e-05, 0.0010114540829170749, 0.0022176053644749408], [2.4953656703954325e-05, 0.03765492316332088, 0.9623201188273708, 4.352604523137631e-09], [0.0017478163210829822, 0.48322535791816684, 0.0003041687256809726, 0.5147226570350691], [6.231725606154704e-10, 0.9999999892788897, 9.808280854385311e-09, 2.8965701198646817e-10], [0.00015015770942379455, 0.02798094246924817, 2.3574795589391755e-05, 0.9718453250257386], [1.0739787165960725e-05, 0.0011259464736873748, 0.0625412366040646, 0.9363220771350821], [2.6938798157825834e-06, 0.9999919325396017, 5.3185446477161704e-06, 5.50359347475399e-08], [0.0011238173873152548, 0.9927383169854419, 3.992091047351304e-05, 0.0060979447167693514], [3.4630696031680405e-08, 0.9979829897594985, 2.7953235039354463e-05, 0.001989022374766036], [1.0411540629128763e-05, 0.4736026047604814, 0.5263739776698946, 1.3006028994855467e-05], [0.9899012875379729, 0.006007453552435297, 0.00024183981458763713, 0.003849419095004382], [0.0018287112180450334, 0.015848228898721582, 0.7434890895578605, 0.2388339703253729], [0.786350633561037, 0.20460869677513369, 0.005319811325061317, 0.0037208583387679695], [0.28877360032906874, 8.555291735401484e-06, 0.6682151681019343, 0.043002676277261724], [0.009084136472682839, 9.207525904430936e-05, 4.363518409247942e-05, 0.9907801530841804], [0.9931764665824261, 0.0068205545678362, 2.914016608728505e-06, 6.483312897170136e-08], [0.2167143716483161, 0.0009559462211914692, 0.025900737010389942, 0.7564289451201025], [0.04142591566710769, 2.714634296009591e-08, 0.5886603840515242, 0.3699136731350252], [0.0004792523478712726, 0.0010627051510618806, 0.043416670399761007, 0.9550413721013059], [0.0067959203824913975, 0.9929391318801973, 0.00015380063669563035, 0.00011114710061546381], [0.9912264674177815, 0.00863883151153079, 2.704576365427557e-05, 0.00010765530703348433], [0.5358852496462428, 0.06444300742124466, 0.39966687664338824, 4.866289124293195e-06], [8.324621526437284e-05, 0.030472924586345086, 0.9645433300633154, 0.004900499135075217], [1.469677580497933e-11, 3.4875023631828014e-06, 0.7024973573864393, 0.29749915509650066], [0.999927518200726, 2.440945563887872e-06, 4.656238034534897e-05, 2.3478473364742736e-05], [0.03267917314454144, 0.03329350979260845, 0.0008018770525806369, 0.9332254400102696], [0.006583810265043572, 0.9929282133038778, 9.547008896326215e-05, 0.0003925063421154095], [6.876297209972066e-06, 0.00031275199793309727, 1.7089201385480356e-05, 0.9996632825034715], [0.7740972467103179, 0.0042099255949517135, 0.10801223444578623, 0.11368059324894417], [0.00444164979910728, 0.17487196108841455, 0.8206857199965911, 6.69115887119985e-07], [0.027256514366035704, 0.36475085488417686, 0.5478049548982451, 0.0601876758515424], [7.865858964169104e-06, 1.6040736612100276e-06, 4.823038849932734e-12, 0.9999905300625517], [0.00036710393055650373, 7.682196050049595e-05, 0.003961326111355321, 0.9955947479975877], [0.006113624517120372, 0.00084281611604694, 0.9930405511269284, 3.0082399043672254e-06], [0.9982052591267899, 0.001322582840834725, 0.00047160576348707976, 5.522688881666585e-07], [0.9999167008914771, 8.327256991465273e-05, 5.621960223922013e-10, 2.597641217525722e-08], [0.011315642168670809, 1.2380743513082872e-05, 0.9886342380215112, 3.773906630506229e-05], [0.9214624778119738, 0.04515580797655472, 1.1251363789924069e-07, 0.03338160169783354], [0.9998246888648497, 2.3722397775543004e-05, 7.407848187499323e-05, 7.751025549967253e-05], [6.333601848645505e-07, 0.0005801400067013262, 0.9994191653890919, 6.124402178722419e-08], [0.9363984620252692, 0.0006163893487665787, 1.7537223446040111e-06, 0.06298339490361947], [0.5107726908489811, 0.3848389519003371, 0.012732420834581301, 0.09165593641610043], [0.037117871455252215, 0.000726573380961258, 0.0022212956662204736, 0.959934259497566], [0.9379163728063182, 0.03333267496935451, 0.0013148116568693583, 0.027436140567457877], [0.9999881741001125, 2.473647911031809e-07, 1.0256479970142215e-05, 1.322055126106294e-06], [5.001178671596627e-07, 0.9888931285271855, 0.0021644413566990124, 0.008941929998248405], [0.9853280618574353, 2.5748991531487676e-08, 1.7514678588447327e-05, 0.014654397714984774], [9.127634605861354e-08, 0.0034523297292231546, 0.015884255111949245, 0.9806633238824815], [0.4091231155094383, 0.5904195771481578, 7.291272091094381e-05, 0.0003843946214929255], [9.281233266650727e-09, 0.9924569437049415, 7.796961206949874e-07, 0.007542267317704402], [4.4703917863277986e-05, 0.8439971877690536, 0.15249892931713402, 0.003459178995948984], [0.9986847827007699, 0.0010022954704705235, 1.2784155937880257e-06, 0.000311643413165691], [0.0015857418691383888, 0.9980925700876485, 6.597550724670905e-05, 0.0002557125359665445], [0.00011861499011151236, 0.00014906665489387575, 0.9997134112452154, 1.890710977934393e-05], [1.787425839406463e-08, 1.5322952838357078e-07, 3.779432054856982e-07, 0.9999994509530078], [0.9979367663064642, 1.3212419893301798e-09, 0.0007575086746366652, 0.001305723697657301], [8.135159585433725e-05, 0.7018085131910171, 0.00013326118748176066, 0.29797687402564677], [7.760789606632513e-06, 0.9836776529846508, 0.0015910520761370805, 0.014723534149605522], [0.9999451394782486, 6.22722826860507e-07, 5.1518691525558974e-05, 2.719107398887715e-06], [0.0007449386181914018, 0.9898599828724701, 1.2328181003708508e-05, 0.009382750328334863], [0.39191653703569945, 0.599008766650906, 0.0008429965294501051, 0.008231699783944463], [5.551961081995088e-06, 0.9875510160666139, 9.15331648227056e-05, 0.012351898807481424], [0.01687684356958937, 5.491792423850797e-07, 4.5000096647959495e-09, 0.9831226027511586], [0.0009603718787228648, 0.0022973253427950647, 0.0031679588731386038, 0.9935743439053435], [0.006169110721815041, 0.00048787311299480123, 3.4247081502263517e-07, 0.9933426736943751], [5.5961387393512785e-05, 0.9950174653049836, 0.004925761117253784, 8.121903693761242e-07], [0.5646803664793841, 0.35001425118258356, 0.001411573676529543, 0.08389380866150266], [0.309801824235002, 0.0077168713213475555, 0.03129631027238998, 0.6511849941712605], [0.0003163954262327386, 0.6996287030242937, 0.2925322802790994, 0.00752262127037411], [0.010717458437380001, 0.7751679764554916, 1.5064461799005686e-05, 0.2140995006453293], [0.00025202125449389217, 0.1618153939633151, 0.837901787853006, 3.079692918521525e-05], [0.35208688330575316, 0.012917207561453549, 0.000171936456151371, 0.6348239726766419], [0.013164348229614266, 0.9767778292514863, 0.007383337372488086, 0.0026744851464113387], [0.006959219844117199, 0.16322028508843797, 0.11373019807379924, 0.7160902969936456], [0.0002156882812829783, 2.20481960257323e-06, 7.050109411322715e-11, 0.9997821068286133], [1.0066397143921941e-06, 0.0018002738724243392, 0.7723182566766201, 0.22588046281124108], [2.0323747228753735e-05, 0.9995849827573283, 0.0003857814275758667, 8.912067867018951e-06], [0.1842119249411535, 0.017293550725623448, 3.873475353726842e-07, 0.7984941369856877], [0.2873749119726573, 0.669866200147311, 0.02609711362024318, 0.016661774259788455], [0.691228185114537, 0.3086764414251155, 9.537220754538598e-05, 1.2528020849898173e-09], [1.20592573247297e-05, 0.00040071716234600847, 0.8949374153946282, 0.1046498081857012], [1.515029349312458e-06, 0.9993875976980167, 2.3324270499930075e-05, 0.0005875630021341783], [1.7515978666284193e-07, 0.9971928959105393, 2.9184799377158793e-06, 0.0028040104497363983], [0.9706712044558004, 0.0018022687539809104, 0.02752633865814743, 1.881320712478903e-07], [0.13621313080693043, 0.8637868684603016, 4.016610652667865e-10, 3.3110677211458714e-10], [0.10273490269747476, 0.7860191987500231, 0.0009469943613198984, 0.11029890419118211], [0.0002957788420003824, 0.23932814319255347, 9.635646289307657e-07, 0.7603751144008172], [0.5429676607806889, 9.020453400106226e-05, 0.0038473986060309005, 0.45309473607927914], [0.6251103990622939, 5.7811387597347164e-08, 0.00017442529022262818, 0.3747151178360958], [2.0004677850975356e-05, 0.026145995998821895, 0.13930947916998002, 0.834524520153347], [0.4178561886654124, 0.014255157005966126, 0.06747043515283088, 0.5004182191757905], [0.06631424609688033, 0.8753705138232837, 0.0567247238488698, 0.0015905162309662638], [5.495396447798084e-10, 0.9992689394788005, 2.480343835797731e-10, 0.0007310597236254751], [0.00016066678230980516, 0.9989717327334204, 5.556310586720225e-07, 0.0008670448532113466], [0.03777253249535528, 0.3866802267104968, 0.06531971319321025, 0.5102275276009376], [0.0005754300159497777, 0.9993219958443824, 1.4626362358787636e-05, 8.79477773091345e-05], [9.196969853584364e-05, 0.003472928373115797, 1.2770071010247908e-06, 0.9964338249212474], [0.0023878793041955293, 0.9943730015336211, 0.0003195241960339551, 0.0029195949661493564], [2.7809002535886712e-09, 9.125155345377084e-11, 1.1964983632646792e-07, 0.9999998774780118], [0.17622664656770973, 0.001679124818503371, 0.0007616117448520937, 0.8213326168689348], [0.9669483951048948, 0.032668865244342205, 0.00038080199868411707, 1.9376520790788507e-06], [0.43027510213502623, 0.561049419153108, 0.00790764821547351, 0.0007678304963922846], [0.15887121936261264, 0.00035827641125928193, 0.8406729488912079, 9.75553349201197e-05], [2.806744671537145e-06, 2.9689896724898183e-05, 2.8784014282206385e-07, 0.9999672155184608], [0.044152954953077896, 0.0027602061241819207, 0.6286784619614008, 0.32440837696133934], [0.9028773328240034, 0.00021774926477044018, 1.2334670100254191e-08, 0.09690490557655619], [1.6588594116510797e-05, 0.15565722616811128, 0.8443244467843447, 1.7384534275134302e-06], [2.1792168419733076e-05, 0.899469723614294, 0.009163737798226762, 0.09134474641905946], [0.02637051085377962, 0.9616646941363749, 0.006808763022373139, 0.00515603198747232], [0.00011809896817973124, 0.5163608127046716, 0.46976262345963754, 0.01375846486751115], [0.6212227857157085, 0.37448396382906973, 0.0005811761532876232, 0.0037120743019341696], [0.38079493508490814, 4.889286665523543e-05, 0.6133704680545942, 0.0057857039938424585]]}}