{"test": {"ids": ["111119950", "113118111", "112120630", "112117660", "103110760", "104111620", "101113210", "101108580", "105116441", "112120990", "109117110", "98108970", "112116900", "101110150", "98107340", "110118630", "103112470", "107113200", "101111990", "101115190", "108121410", "103110840", "100108520", "110120190", "105117351", "110113591", "113119360", "109119591", "111116100", "104118340", "98108370", "106113170", "104114240", "112118421", "97116800", "97116790", "105113620", "100109801", "107113180", "101114020", "98121790", "113122170", "109119340", "103109791", "108116501", "101119030", "105115900", "103111110", "106113260", "103109021", "106120290", "99108520", "98112300", "113122320", "112116880", "109113881", "99107660", "104109311", "106114321", "101109000", "108116481", "108114200", "106121220", "98107010", "98109570", "108118291", "105112260", "112118581", "112119120", "110117080", "103110050", "103113210", "108115250", "104111830", "102118380", "99105921", "106120640", "111116750", "102110750", "99109370", "102109840", "105113170", "107118520", "113121980", "102116500", "112120670", "112121351", "109118231", "106119260", "112118550", "112117461", "105116980", "102121700", "97111790", "112117580", "99111340", "110117140", "111114121", "107121540", "110114561", "98110810", "104118070", "111120320", "98116500", "105118740", "111115620", "102110050", "99111620", "98108580", "101108621", "112120270", "108113740", "108116120", "112118620", "111116990", "97112170", "103117200", "107113130", "108114180", "109118820", "98113881", "105113480", "98110680", "101117580", "100108580", "109114270", "112118530", "100109910", "101108500", "111118810", "107114280", "106121190", "100109000", "106115240", "109113281", "107120880", "110116441", "100111380", "111116110", "99110730", "112117571", "110118701"], "labels": [0, 1, 3, 0, 1, 0, 3, 0, 1, 2, 1, 3, 3, 1, 0, 1, 1, 0, 2, 1, 0, 1, 2, 3, 0, 0, 0, 0, 3, 2, 1, 0, 0, 3, 0, 2, 0, 0, 3, 3, 2, 1, 3, 3, 0, 3, 3, 3, 3, 0, 2, 2, 2, 1, 0, 0, 3, 3, 2, 1, 0, 0, 1, 3, 1, 3, 3, 1, 1, 1, 3, 3, 1, 3, 1, 1, 3, 3, 1, 1, 2, 0, 2, 2, 1, 2, 0, 1, 1, 3, 0, 0, 1, 2, 0, 1, 3, 0, 2, 0, 1, 2, 1, 2, 1, 1, 3, 3, 0, 0, 0, 3, 1, 3, 0, 0, 0, 1, 1, 3, 3, 0, 2, 3, 0, 3, 1, 2, 3, 0, 3, 2, 1, 1, 0, 1, 3, 3, 3, 3, 3, 3], "predicted_labels": [0, 1, 0, 1, 3, 3, 0, 0, 1, 1, 1, 1, 1, 1, 1, 3, 1, 1, 1, 3, 1, 1, 3, 3, 1, 0, 3, 3, 1, 3, 2, 1, 1, 0, 1, 2, 1, 1, 1, 3, 1, 1, 3, 1, 1, 1, 0, 3, 1, 3, 3, 1, 0, 1, 2, 1, 3, 3, 1, 1, 3, 0, 1, 1, 3, 1, 1, 1, 3, 1, 1, 3, 3, 1, 1, 1, 1, 3, 1, 1, 3, 3, 1, 1, 1, 0, 1, 1, 3, 3, 3, 1, 1, 3, 3, 1, 0, 1, 3, 0, 1, 3, 3, 3, 1, 3, 3, 1, 3, 1, 1, 0, 0, 1, 3, 0, 1, 2, 1, 1, 1, 1, 2, 3, 1, 3, 1, 2, 2, 3, 3, 1, 3, 1, 0, 3, 3, 1, 3, 2, 1, 1], "confidence_scores": [[0.36251904274965807, 0.21442865900807898, 0.11189794454709073, 0.31115435369517186], [0.2741056162721939, 0.29073417307154825, 0.14079443111039106, 0.29436577954586673], [0.34146089731108564, 0.2790539137395116, 0.0811182337341672, 0.29836695521523543], [0.22016995097253622, 0.30685682482704607, 0.18059228438598302, 0.29238093981443436], [0.24905797748221367, 0.27110905073835223, 0.18599087481592952, 0.29384209696350466], [0.3463707368417768, 0.21678091071943467, 0.04848529554730241, 0.38836305689148554], [0.31417818439838857, 0.26698084255198673, 0.10844364103649, 0.3103973320131349], [0.3860986525442345, 0.2044530227143004, 0.08119811122123766, 0.3282502135202271], [0.21281372316362465, 0.30252782644507414, 0.22093089892105722, 0.26372755147024407], [0.18981980226275022, 0.28588397251166214, 0.25924583822688024, 0.26505038699870764], [0.19493440123405695, 0.3024100306702818, 0.25143061484872203, 0.2512249532469388], [0.19945966999833833, 0.29762686876497946, 0.24570493295091056, 0.25720852828577173], [0.2121376634859377, 0.2938561711669648, 0.24910621352813872, 0.24489995181895885], [0.255410323231967, 0.3437381063997115, 0.0787205332976642, 0.3221310370706572], [0.21243731616348355, 0.27845252072947674, 0.29551181645510927, 0.2135983466519306], [0.25304962023566957, 0.2914081875057656, 0.14579983304755162, 0.3097423592110131], [0.23324702756274224, 0.2940982306577795, 0.2328204653287449, 0.23983427645073319], [0.2594899214205064, 0.3235843603072945, 0.08156553916262788, 0.3353601791095711], [0.14116175244776247, 0.3192259733914686, 0.31089960167653563, 0.22871267248423346], [0.22898735422528924, 0.2718960943251773, 0.2074337465421183, 0.2916828049074152], [0.2864732676579269, 0.3361428848937504, 0.05927475294789749, 0.3181090945004255], [0.21494634568995963, 0.31428012658881527, 0.23042376197381645, 0.24034976574740907], [0.2612653265782395, 0.20865062558994635, 0.2470025275991557, 0.2830815202326584], [0.21180369016196915, 0.2484344365358416, 0.2493846819953104, 0.29037719130687883], [0.18029118576896047, 0.33727140927635296, 0.2496698464584327, 0.23276755849625383], [0.3047310734899764, 0.27651437395704354, 0.1240754638909002, 0.2946790886620798], [0.22015371963713604, 0.27884550585640816, 0.1996630326113292, 0.3013377418951266], [0.22066192957370892, 0.2758536725278809, 0.19212286529052278, 0.31136153260788746], [0.30260237314668637, 0.3085870630318158, 0.08732774577389953, 0.30148281804759813], [0.17825258652528567, 0.28049244889128094, 0.23392517878673247, 0.3073297857967009], [0.1490186801683754, 0.26209659311573863, 0.33871516052749123, 0.2501695661883948], [0.2837356146684096, 0.32046218582897, 0.08010709742703409, 0.3156951020755863], [0.19901218322084163, 0.2930296969951809, 0.24201486574722308, 0.2659432540367546], [0.3146190613652434, 0.2712743308909936, 0.11376557021522617, 0.30034103752853675], [0.27029635870125207, 0.2849425190033646, 0.1739057919667824, 0.270855330328601], [0.1364484199701333, 0.2901253514877592, 0.3664273269264246, 0.20699890161568288], [0.15892576770921069, 0.3103003406880919, 0.29967367018544927, 0.23110022141724795], [0.21962883126109334, 0.3189563519344318, 0.1417770429925195, 0.3196377738119555], [0.2030951427450697, 0.2899968176235759, 0.22784546463209834, 0.2790625749992562], [0.24031618609633715, 0.29366290485496366, 0.15352759407940925, 0.3124933149692899], [0.2792361459635666, 0.3172503299825113, 0.13095047160728399, 0.2725630524466383], [0.15285565684007982, 0.2912691956638993, 0.326630726387686, 0.22924442110833493], [0.22582188883065651, 0.2994232714288345, 0.15117591769446273, 0.3235789220460466], [0.23664629158534928, 0.26717564454281606, 0.26490162953834084, 0.23127643433349374], [0.22318768582366094, 0.33997039595629325, 0.12597170889038128, 0.3108702093296644], [0.22994088628471757, 0.2900327065545297, 0.19358658835657958, 0.28643981880417296], [0.27631893602220675, 0.237402132728108, 0.21974176727388814, 0.26653716397579685], [0.16838233462987962, 0.27427498784640697, 0.26262666620915537, 0.2947160113145582], [0.15274147000810742, 0.34938828808484396, 0.24717563450008906, 0.25069460740695965], [0.24231742105432483, 0.28471417480584144, 0.16347040213264627, 0.3094980020071877], [0.22076261594355234, 0.3145780907828322, 0.13433074224408434, 0.33032855102953107], [0.15503132787206078, 0.2881394918011557, 0.31217691647254664, 0.2446522638542367], [0.3295448878374521, 0.26743867911339475, 0.1567630285434066, 0.24625340450574637], [0.21243269475981696, 0.30529629482806997, 0.23135089116065966, 0.25092011925145385], [0.16688770945614478, 0.27782896159792797, 0.3549754316693918, 0.20030789727653514], [0.23853328569560614, 0.3157245869630266, 0.22710115870932376, 0.2186409686320434], [0.2840945858905465, 0.29566261885664763, 0.09465904275839945, 0.3255837524944063], [0.26159803592236863, 0.30152116980385296, 0.09441081960357656, 0.34246997467020196], [0.2554328307304806, 0.32111903010809767, 0.15673836330598037, 0.2667097758554416], [0.22914134398314823, 0.3287331071564555, 0.12197397255199098, 0.32015157630840546], [0.322665094851533, 0.25842336776155067, 0.07802831756853218, 0.34088321981838404], [0.2721648003073384, 0.2773886602440465, 0.16549092356585002, 0.2849556158827653], [0.17606099973298006, 0.3371990652730265, 0.2174982464693576, 0.2692416885246361], [0.21816927021625404, 0.30159541739442086, 0.19564979394005874, 0.28458551844926633], [0.29014501284486277, 0.2595881712763489, 0.10885740018356124, 0.34140941569522687], [0.29318906796635075, 0.3246429125139596, 0.058548851704847124, 0.3236191678148428], [0.15332534873723905, 0.34371057565664026, 0.24128593928190012, 0.2616781363242204], [0.16459818167990356, 0.297581265192991, 0.27280408478449664, 0.26501646834260867], [0.2521956422443666, 0.2683768573322645, 0.14845331771786688, 0.3309741827055018], [0.194202127528049, 0.3135107864251122, 0.20486386545323335, 0.28742322059360537], [0.2276553496703673, 0.2966868296782026, 0.2453425109978697, 0.2303153096535604], [0.17417212755768685, 0.28257276132121983, 0.24945299841834506, 0.293802112702748], [0.3089149592199956, 0.2557197820939711, 0.12072920001924387, 0.31463605866678923], [0.1829455021771503, 0.38253603558250127, 0.1626244922507979, 0.2718939699895505], [0.19826082086167154, 0.30116510814969133, 0.2327450551149207, 0.26782901587371644], [0.17318646762573936, 0.3417438444356419, 0.243640255708853, 0.24142943222976565], [0.1286675641203419, 0.31601464399662726, 0.26750776813487065, 0.28781002374816045], [0.3214965639290206, 0.26653936456007044, 0.08259533248535535, 0.3293687390255535], [0.11199329344904783, 0.330477325594974, 0.3810333363785676, 0.17649604457741072], [0.11740441421283601, 0.38516881421072663, 0.27558942122182883, 0.22183735035460822], [0.21280473202230812, 0.27343622952974295, 0.17693510475312388, 0.33682393369482533], [0.2462764616053959, 0.25673066504863085, 0.19437877734306053, 0.3026140960029126], [0.18960507355618658, 0.33434721870000456, 0.2147999026020876, 0.2612478051417212], [0.224391713395937, 0.36009314455604496, 0.11138972036569392, 0.30412542168232387], [0.2004443265782469, 0.2938861454256077, 0.2458625955105026, 0.2598069324856426], [0.25165879701350213, 0.265297010147826, 0.2280654391358243, 0.25497875370284767], [0.24428963761681705, 0.2951272788321667, 0.2429363163227474, 0.21764676722826873], [0.25569257213527935, 0.31769477219025305, 0.2312885383159093, 0.19532411735855829], [0.2900092217921389, 0.23442017781805416, 0.15953846369158212, 0.3160321366982248], [0.2745605854433296, 0.2651982947393726, 0.16806278180309056, 0.2921783380142074], [0.3062934996377683, 0.2775664194089299, 0.0826686901168944, 0.3334713908364073], [0.2264256542882408, 0.3501319572841326, 0.08176770903011697, 0.3416746793975096], [0.19950260878113935, 0.3055018646413089, 0.19828521256035064, 0.2967103140172012], [0.2768408876024977, 0.25559277346281234, 0.18243808455414845, 0.28512825438054146], [0.2713832489971795, 0.23310313446735179, 0.22394752885198113, 0.27156608768348767], [0.1721258467048069, 0.3235624992710244, 0.28719630806407465, 0.21711534596009377], [0.31862430408794246, 0.2560929362196794, 0.11689941120790966, 0.3083833484844687], [0.2929660446945315, 0.316938133574801, 0.07139902070657868, 0.31869680102408876], [0.1959348870083364, 0.26471855776022035, 0.2581321403951209, 0.2812144148363223], [0.37019424655794697, 0.2502867764893842, 0.11270304831462061, 0.26681592863804854], [0.16274063296689226, 0.3102445583264704, 0.3437749848318884, 0.18323982387474905], [0.18857514743245313, 0.25451207070351856, 0.2777318312589497, 0.2791809506050785], [0.22742980447263442, 0.2358885588074902, 0.2858914328549191, 0.2507902038649564], [0.3201874533830135, 0.24455083396464153, 0.11785609723150495, 0.31740561542084017], [0.22903218205158635, 0.30250000719207826, 0.27364994060450665, 0.1948178701518287], [0.23822313494089498, 0.278018980071002, 0.1396433756967137, 0.3441145092913893], [0.19705153432962524, 0.3012537683075534, 0.1946660471579757, 0.3070286502048455], [0.21016463712803796, 0.28834658685378023, 0.2497515400134861, 0.2517372360046957], [0.28636940875615974, 0.2631550128762885, 0.14722288264880148, 0.30325269571875035], [0.27687543415098875, 0.3126276704055345, 0.11507500680673136, 0.2954218886367454], [0.22393241385875715, 0.2852293611208224, 0.22893093020584607, 0.26190729481457425], [0.336830245912341, 0.22066858810973697, 0.1360389023765777, 0.30646226360134426], [0.3942868000094968, 0.25977932452372704, 0.05233446704632008, 0.293599408420456], [0.23922234281330448, 0.30531973161331877, 0.18230020621065898, 0.2731577193627178], [0.31395588609798525, 0.23939368435592948, 0.11879479878671313, 0.327855630759372], [0.32147444136558967, 0.2741949887024835, 0.10689264909735668, 0.29743792083457005], [0.18091899421796007, 0.3607869854976664, 0.1658722818835408, 0.29242173840083285], [0.15410226100795457, 0.2769190422553859, 0.3445748901321803, 0.22440380660447892], [0.1984691687002747, 0.2903927969930416, 0.24208194707243919, 0.2690560872342448], [0.2344467058752338, 0.30163230628926985, 0.21093189582854727, 0.25298909200694875], [0.265175453848994, 0.28211068886749346, 0.19968403317679878, 0.2530298241067137], [0.22363768799373346, 0.3090977286320081, 0.18636383369483323, 0.2809007496794254], [0.1279276626793042, 0.3132719010470148, 0.38798175318861644, 0.17081868308506468], [0.19311748652861638, 0.26987832458892713, 0.24706841132439641, 0.28993577755806016], [0.28018548775481594, 0.28233238043071696, 0.14578035884142934, 0.29170177297303773], [0.30876861229762714, 0.2690514233007332, 0.06516606548433218, 0.3570138989173075], [0.1281488860482246, 0.31853450340588707, 0.3081848600815596, 0.24513175046432845], [0.21458870378517217, 0.22029967712729184, 0.3613321375487057, 0.20377948153883038], [0.17207562098395765, 0.28403856436180314, 0.34500287293027443, 0.1988829417239645], [0.34039352519605975, 0.2643895357144245, 0.045159768502391694, 0.3500571705871242], [0.2129676425957028, 0.2879988880030166, 0.22190578311758138, 0.2771276862836992], [0.19761156674887748, 0.27405512379610214, 0.27148213515644903, 0.25685117429857107], [0.2098888414201615, 0.25561785863260633, 0.21470553972881656, 0.3197877602184155], [0.25009533664718553, 0.2967805411585395, 0.1458737954119504, 0.3072503267823244], [0.30998166728848214, 0.26383494529543394, 0.13111464120616778, 0.2950687462099162], [0.19744194821616273, 0.3093523693691785, 0.1678246687067018, 0.3253810137079571], [0.2298705782097863, 0.27295904254245934, 0.17041856753100265, 0.3267518117167517], [0.2646977933907847, 0.276627462885392, 0.18616329534566092, 0.2725114483781623], [0.1471403018092184, 0.29054399115787, 0.2692091147819628, 0.29310659225094876], [0.13195098394268978, 0.27379245926744744, 0.3405039990724412, 0.25375255771742167], [0.14883153175991717, 0.3306693465419965, 0.24184009275026896, 0.27865902894781774], [0.197410342144586, 0.31174448307523595, 0.21281871961613097, 0.27802645516404706]]}, "rewritten": {"ids": ["97111790", "97112170", "97116790", "97116800", "98107010", "98107340", "98108370", "98108580", "98108970", "98109570", "98110680", "98110810", "98112300", "98113881", "98116500", "98121790", "99105921", "99107660", "99108520", "99109370", "99110730", "99111340", "99111620", "100108520", "100108580", "100109000", "100109801", "100109910", "100111380", "101108500", "101108580", "101108621", "101109000", "101110150", "101111990", "101113210", "101114020", "101115190", "101117580", "101119030", "102109840", "102110050", "102110750", "102116500", "102118380", "102121700", "103109021", "103109791", "103110050", "103110760", "103110840", "103111110", "103112470", "103113210", "103117200", "104109311", "104111620", "104111830", "104114240", "104118070", "104118340", "105112260", "105113170", "105113480", "105113620", "105115900", "105116441", "105116980", "105117351", "105118740", "106113170", "106113260", "106114321", "106115240", "106119260", "106120290", "106120640", "106121190", "106121220", "107113130", "107113180", "107113200", "107114280", "107118520", "107120880", "107121540", "108113740", "108114180", "108114200", "108115250", "108116120", "108116481", "108116501", "108118291", "108121410", "109113281", "109113881", "109114270", "109117110", "109118231", "109118820", "109119340", "109119591", "110113591", "110114561", "110116441", "110117080", "110117140", "110118630", "110118701", "110120190", "111114121", "111115620", "111116100", "111116110", "111116750", "111116990", "111118810", "111119950", "111120320", "112116880", "112116900", "112117461", "112117571", "112117580", "112117660", "112118421", "112118530", "112118550", "112118581", "112118620", "112119120", "112120270", "112120630", "112120670", "112120990", "112121351", "113118111", "113119360", "113121980", "113122170", "113122320"], "labels": [2, 0, 2, 0, 3, 0, 1, 0, 3, 1, 2, 1, 2, 3, 2, 2, 1, 3, 2, 1, 3, 1, 3, 2, 0, 1, 0, 2, 3, 3, 0, 0, 1, 1, 2, 3, 3, 1, 3, 3, 2, 3, 1, 1, 1, 1, 0, 3, 3, 1, 1, 3, 1, 3, 0, 3, 0, 3, 0, 2, 2, 3, 0, 0, 0, 3, 1, 0, 0, 1, 0, 3, 2, 1, 1, 2, 3, 2, 1, 1, 3, 0, 3, 2, 1, 2, 3, 1, 0, 1, 1, 0, 0, 3, 0, 0, 0, 3, 1, 1, 3, 3, 0, 0, 0, 3, 1, 3, 1, 3, 3, 0, 1, 3, 3, 3, 0, 0, 0, 1, 0, 3, 0, 3, 0, 0, 3, 1, 3, 1, 3, 1, 0, 3, 2, 2, 0, 1, 0, 2, 1, 1], "predicted_labels": [3, 1, 2, 1, 3, 2, 1, 3, 1, 3, 2, 2, 3, 2, 3, 2, 1, 3, 2, 1, 2, 2, 1, 2, 1, 3, 3, 2, 3, 3, 0, 1, 3, 1, 1, 1, 1, 3, 3, 3, 3, 3, 2, 3, 2, 1, 3, 3, 3, 3, 1, 3, 1, 3, 1, 3, 0, 1, 3, 2, 3, 1, 3, 1, 2, 2, 1, 1, 3, 1, 1, 1, 1, 1, 3, 3, 2, 2, 2, 2, 2, 3, 1, 1, 2, 2, 3, 3, 2, 3, 0, 3, 1, 3, 1, 3, 1, 3, 1, 1, 1, 3, 3, 3, 0, 3, 3, 3, 3, 3, 3, 1, 3, 1, 3, 3, 3, 3, 3, 2, 2, 3, 3, 2, 3, 3, 3, 1, 3, 3, 3, 3, 1, 0, 3, 1, 1, 3, 3, 1, 2, 3], "confidence_scores": [[0.18565646927257076, 0.2564880222092823, 0.2876318888450173, 0.2702236196731295], [0.24719140777134768, 0.3007701020571358, 0.14968049608955442, 0.30235799408196223], [0.1190035058584904, 0.3035243044390427, 0.3753281682192074, 0.20214402148325958], [0.290714476208701, 0.28733052571150397, 0.12733344805202934, 0.29462155002776563], [0.2144047365230965, 0.2906009437185569, 0.19317516384199285, 0.301819155916354], [0.12378813500050637, 0.2867565517230438, 0.39459254501282853, 0.19486276826362114], [0.16999642025988285, 0.27900607237626257, 0.33762465951884657, 0.2133728478450078], [0.1479512430263163, 0.2955113267355978, 0.29387333098808543, 0.2626640992500005], [0.146914695615893, 0.32618414163004145, 0.27883908405598856, 0.248062078698077], [0.16007773992481636, 0.2735685776711835, 0.29503710907960573, 0.2713165733243947], [0.09468975724742285, 0.30808307553590125, 0.4241474892483423, 0.1730796779683335], [0.118965847769665, 0.29343348705049627, 0.4103915306747819, 0.17720913450505696], [0.2551755460092948, 0.24988937190099672, 0.22534550273570605, 0.2695895793540026], [0.10279599431106556, 0.3056311818605789, 0.3635138120186247, 0.22805901180973068], [0.2578446526276527, 0.2634287119782333, 0.14736283503366157, 0.3313638003604523], [0.17136009754228743, 0.2645622390519767, 0.3257702979030796, 0.23830736550265624], [0.13885135005665217, 0.3245752533656024, 0.2999644975324237, 0.2366088990453214], [0.274588991027252, 0.3059597003858183, 0.08043291654964238, 0.3390183920372877], [0.10741269621630715, 0.28121102784811386, 0.38455550433110364, 0.2268207716044754], [0.10004062700244751, 0.3355963422883599, 0.3487214014207064, 0.21564162928848624], [0.10872369529780783, 0.26398705610839857, 0.43999544666507234, 0.18729380192872097], [0.13153354707312342, 0.2735269531746266, 0.38315941809660775, 0.21178008165564213], [0.13826769347209933, 0.3104239289808128, 0.28388026651712356, 0.2674281110299641], [0.1587246005751299, 0.22752884286047156, 0.3565009436155836, 0.2572456129488149], [0.19711880043175364, 0.28629613380131846, 0.2588746425680246, 0.25771042319890347], [0.15179163789103023, 0.27096877905574357, 0.2730777693943778, 0.3041618136588487], [0.13477115534432382, 0.3055570566165502, 0.28144473352203747, 0.2782270545170883], [0.08584086900207678, 0.27334074329494923, 0.4507604399631746, 0.1900579477397994], [0.20785622406329615, 0.30241672709153683, 0.1845540247229058, 0.3051730241222614], [0.13578681493261063, 0.3091960299752716, 0.27031095536901073, 0.2847061997231067], [0.3496389484173546, 0.2197855048041372, 0.11366087252713335, 0.31691467425137465], [0.20497476982955343, 0.33794088142818896, 0.15476040164441465, 0.302323947097843], [0.13426567397177355, 0.300633641430769, 0.2956354362192697, 0.2694652483781879], [0.1785397759084478, 0.30177670674441254, 0.2413859044038973, 0.2782976129432424], [0.12571827395472823, 0.3380999897979725, 0.28550831654334924, 0.2506734197039503], [0.20164615192634777, 0.29186858918943037, 0.2361640588016999, 0.27032120008252186], [0.21878839664864597, 0.2889779414837595, 0.22612644288437367, 0.2661072189832208], [0.2147743920069521, 0.2640176223486607, 0.24288876861828704, 0.2783192170261], [0.1410605453847498, 0.2847030893034073, 0.2957438076986085, 0.27849255761323416], [0.1282926020622387, 0.29142084157084847, 0.3073779850965002, 0.27290857127041257], [0.18400298056240194, 0.2646677499801927, 0.2669641919833031, 0.2843650774741023], [0.145318518090739, 0.2899202249359834, 0.3004154414400634, 0.26434581553321385], [0.0851334338872481, 0.3100366138673648, 0.42200581941248966, 0.1828241328328972], [0.15273212545701537, 0.2957592452749173, 0.2803794753186129, 0.27112915394945425], [0.11289130964087854, 0.31269363551102536, 0.40705397348514366, 0.1673610813629524], [0.14473239321745374, 0.3154621081363148, 0.26648939361319773, 0.2733161050330337], [0.15131614182404268, 0.28995653314228464, 0.253862864032937, 0.30486446100073616], [0.1471211668032973, 0.28090264763195555, 0.26558755219171576, 0.30638863337303146], [0.14110693916591474, 0.2884219962264342, 0.29585941861857606, 0.2746116459890749], [0.2625090830483009, 0.27075717426047663, 0.15666455764353462, 0.31006918504768755], [0.15121445580633677, 0.3080394469585676, 0.27482819311406825, 0.2659179041210274], [0.15441759004616432, 0.29016208973099933, 0.27113682982055964, 0.28428349040227663], [0.18680236387655963, 0.2849184837699452, 0.3364217691007254, 0.19185738325276971], [0.14979750716047077, 0.27922303573005564, 0.3132529566429489, 0.25772650046652495], [0.24709693739830402, 0.36320710544351853, 0.10757337172823744, 0.2821225854299399], [0.17278302806986728, 0.2558875954836318, 0.26473259149447154, 0.3065967849520293], [0.33314388490986996, 0.2849096252048729, 0.04636003779607812, 0.3355864520891792], [0.13601826670417183, 0.3254222469645418, 0.25887476865621606, 0.2796847176750706], [0.14363852969507032, 0.2875295134603409, 0.31558995352983404, 0.2532420033147551], [0.10319753117132993, 0.27239613766209886, 0.4124074385093263, 0.21199889265724498], [0.15781989388253642, 0.29283313876380823, 0.23654266112921457, 0.31280430622444066], [0.12825729693508353, 0.3368616243742233, 0.2593586287367087, 0.2755224499539842], [0.1664327909251308, 0.29107323984928435, 0.2172544264507292, 0.3252395427748555], [0.16359048836448223, 0.3186732472290211, 0.22433152847903762, 0.2934047359274591], [0.1099292778023217, 0.320370849653363, 0.3869028837620176, 0.18279698878229744], [0.16049636847038357, 0.2651686592871736, 0.3244596940815469, 0.2498752781608958], [0.13427938884714147, 0.3061921928421479, 0.2935085133084373, 0.2660199050022732], [0.220133586804762, 0.34958921370841944, 0.10316077795952805, 0.3271164215272905], [0.12855183845859935, 0.28680971964364654, 0.3043437368359669, 0.28029470506178705], [0.17017053327272683, 0.3018429119457019, 0.31939429746115594, 0.2085922573204153], [0.21916050901890632, 0.30819734581757025, 0.18209776769276095, 0.2905443774707623], [0.12893153571609503, 0.29324623050266563, 0.32415255088228595, 0.2536696828989529], [0.2368242590971126, 0.3207004302383607, 0.1639510067408903, 0.2785243039236361], [0.20355723750660068, 0.3199302811474559, 0.18011804754151223, 0.2963944338044313], [0.19399165236182372, 0.2448499506310234, 0.26166181904978963, 0.29949657795736345], [0.17797989787348, 0.30969280612866684, 0.19336527787421953, 0.3189620181236336], [0.10621319421114717, 0.3011568123492634, 0.3494907791465455, 0.24313921429304433], [0.12543178625720133, 0.27301504062815324, 0.35769220459443535, 0.2438609685202102], [0.10089382664373919, 0.2914775253793996, 0.3673215745974701, 0.24030707337939117], [0.12277389461800052, 0.2683829620632815, 0.37647981990570517, 0.2323633234130129], [0.1254965365044032, 0.2673371648823075, 0.37773342203805493, 0.22943287657523487], [0.269888398215008, 0.2863552989797467, 0.09763354040193131, 0.34612276240331363], [0.20011535878822742, 0.3126701591382293, 0.2322057702590995, 0.255008711814444], [0.1785809599133763, 0.2972752103501684, 0.2961333180492831, 0.22801051168717204], [0.09017387308117451, 0.28895936919432713, 0.3813488140204685, 0.23951794370402987], [0.08674752299792028, 0.266176081696035, 0.4417144686232347, 0.20536192668280978], [0.21926225582497455, 0.25836886945346005, 0.2216433731655223, 0.300725501556043], [0.1292691367631546, 0.306248604995591, 0.2930564337362085, 0.2714258245050457], [0.1566391215185194, 0.28489775499115544, 0.34505973440898147, 0.21340338908134376], [0.1803638733490965, 0.3154358470416683, 0.18515192101929615, 0.31904835858993896], [0.3438136080360767, 0.26226058696842947, 0.11391527525657634, 0.2800105297389172], [0.3116822767222348, 0.2638134406609007, 0.07721235423366785, 0.34729192838319684], [0.19969354756451968, 0.3447827125917156, 0.13100467953245576, 0.3245190603113093], [0.22164046951494007, 0.2863232476500115, 0.19888858156122594, 0.29314770127382245], [0.16511091730620367, 0.33099076903858754, 0.2397673180907463, 0.2641309955644622], [0.2069896029671554, 0.2756101204796082, 0.23038333099811634, 0.2870169455551198], [0.24653449658085086, 0.3075650405740208, 0.23159764300231214, 0.21430281984281627], [0.26897987497896003, 0.27223377468880533, 0.11811358003232365, 0.3406727702999114], [0.14060934536934472, 0.32791120526311657, 0.25025383014922037, 0.2812256192183184], [0.12379583763308565, 0.32733118206547923, 0.322239948798052, 0.22663303150338326], [0.18379609315977827, 0.29517657862303975, 0.2768952962235018, 0.24413203199368028], [0.13712812751550968, 0.3097036343030199, 0.2600233668511901, 0.29314487133028044], [0.13789706932109744, 0.27666328758263214, 0.3030231101130742, 0.2824165329831966], [0.27265174806838943, 0.2831770655961793, 0.14742458159646116, 0.29674660473897047], [0.25623316768832827, 0.24306005984585866, 0.25097131411892093, 0.24973545834689223], [0.10027977655325317, 0.29423742123422153, 0.3359744307306933, 0.26950837148183193], [0.14937975194159483, 0.3014693216427344, 0.25671044381121483, 0.2924404826044559], [0.25868515583708285, 0.24599426170167316, 0.22189708936774677, 0.2734234930934973], [0.1451060228567717, 0.29205351261858054, 0.3001763372525178, 0.26266412727213], [0.14350693172951615, 0.3060727493611113, 0.24693871448411805, 0.30348160442525446], [0.10426641736119142, 0.28226575425687334, 0.3342311811165557, 0.2792366472653794], [0.2897613726272356, 0.30185140139124234, 0.11584648641878785, 0.2925407395627344], [0.21646528008586383, 0.2927743023230362, 0.17583368609081565, 0.3149267315002844], [0.212576430141108, 0.3301736706237282, 0.1740307650673071, 0.2832191341678567], [0.14222611402552687, 0.28279127273743027, 0.3085419794075695, 0.2664406338294733], [0.24694882533122553, 0.24482860750036517, 0.22510731301006753, 0.28311525415834177], [0.18858443436019054, 0.23586888024253377, 0.2701171716966233, 0.30542951370065224], [0.2558392227859694, 0.28552446425084904, 0.16659253614413422, 0.2920437768190474], [0.22348185479855806, 0.2640151506040569, 0.2289437400714929, 0.2835592545258922], [0.1374397180693032, 0.2601403354456381, 0.3645023473050792, 0.23791759917997926], [0.11498762469806321, 0.2923756906518748, 0.39459149385263226, 0.1980451907974296], [0.23126552887117346, 0.2779247095597068, 0.18128954563902364, 0.3095202159300961], [0.18867238249865725, 0.28362753234564675, 0.20749230609792965, 0.3202077790577666], [0.15494406716682735, 0.27337001384950277, 0.3206751931188411, 0.2510107258648285], [0.15572686143546677, 0.27671718170372356, 0.28810385785830744, 0.279452099002502], [0.21543326017577344, 0.2709627320016938, 0.21563345022621408, 0.2979705575963186], [0.19367654817497895, 0.27823179104455076, 0.22628753245489572, 0.3018041283255744], [0.12219467199653206, 0.31643874045099185, 0.3470836452546006, 0.21428294229787545], [0.247847872459762, 0.25494012006924976, 0.2414137207294494, 0.2557982867415388], [0.10062314347083653, 0.3097365244172131, 0.3218019059967871, 0.2678384261151634], [0.18109152597334333, 0.2846036314278029, 0.2566803618375943, 0.27762448076125923], [0.12763291631112597, 0.28264778278613656, 0.28495239695675123, 0.30476690394598654], [0.21648093877884747, 0.30651194408098864, 0.1804791849808624, 0.2965279321593015], [0.337995962268932, 0.2534082355407495, 0.09033433553596705, 0.3182614666543513], [0.1914181620300984, 0.27484618195019017, 0.2871471408280674, 0.24658851519164401], [0.12799749835045732, 0.30443122481626106, 0.31182133855646554, 0.2557499382768164], [0.1935280643365982, 0.30088302664773514, 0.2883330467997137, 0.21725586221595322], [0.14970880382015955, 0.30287775268614, 0.21783837131801764, 0.3295750721756828], [0.16356244380219828, 0.2663072228056986, 0.2418632465723749, 0.32826708681972844], [0.2231792779416245, 0.3458115157583372, 0.1322030863930263, 0.2988061199070117], [0.12491165512381167, 0.2935110919838345, 0.35171915067470316, 0.22985810221765068], [0.17619911858621484, 0.2855572867250304, 0.26712490515673587, 0.27111868953201873]]}}