{"test": {"ids": ["108120060", "100111080", "109114220", "103113270", "99108000", "108117451", "113119300", "100109311", "105117200", "97106600", "110117140", "103110050", "110115140", "99110050", "107114780", "105113620", "109117630", "101109370", "113118690", "106114011", "101112201", "97116790", "112117571", "110113931", "106116120", "102121700", "113119700", "113120591", "107114110", "111121190", "99111000", "113121220", "97116500", "103111170", "107113260", "110117500", "97105760", "102113210", "106113260", "111119950", "111119340", "113122120", "99121440", "104114230", "97106000", "97106591", "99110730", "101108580", "108118301", "113117550", "109118231", "112118511", "113119930", "107116300", "110119030", "103120730", "112116290", "100117420", "108118291", "112118810", "106115250", "100108490", "108114200", "110120531", "98106880", "98117740", "104113000", "111116750", "101110200", "113118630", "98116500", "108116070", "105119550", "106116850", "106118161", "107117630", "107121700", "113121410", "109116040", "102113981", "113118421", "110118740", "102110500", "103111990", "112121010", "110116501", "110119300", "106113360", "113119480", "108115250", "102109850", "111119290", "103113610", "108116501", "104119290", "100108580", "113118820", "104114410", "112118820", "110121140", "97112290", "100110050", "105121370", "107121230", "109113281", "113120531", "108113620", "109120150", "105113440", "104111880", "99107560", "100110260", "99109780", "105112240", "98111231", "105110251", "110115980", "98107010", "106118820", "101112540", "97107260", "103111930", "113118231", "105113480", "99117630", "110118111", "105113170", "107115250", "111118810", "99109370", "97107040", "100111390", "112121351", "100109000", "111117571", "108120700", "111119610", "113122230", "108121410", "101115190", "108119510", "105112130"], "labels": [1, 0, 3, 2, 2, 2, 1, 1, 3, 3, 3, 3, 0, 3, 2, 0, 0, 1, 3, 1, 0, 2, 3, 1, 1, 1, 0, 0, 1, 1, 2, 3, 2, 2, 0, 1, 0, 3, 3, 0, 3, 1, 2, 2, 0, 1, 3, 0, 1, 3, 1, 1, 1, 0, 0, 1, 0, 2, 3, 3, 2, 2, 0, 0, 0, 2, 1, 3, 2, 3, 2, 1, 1, 3, 3, 0, 3, 0, 0, 1, 3, 3, 3, 2, 2, 3, 1, 0, 3, 1, 1, 3, 2, 0, 1, 0, 0, 1, 0, 3, 1, 3, 2, 0, 0, 0, 3, 2, 0, 3, 1, 3, 2, 1, 1, 0, 1, 3, 3, 2, 2, 3, 3, 0, 3, 1, 0, 2, 0, 1, 2, 2, 0, 1, 3, 2, 2, 1, 0, 1, 1, 1], "predicted_labels": [1, 1, 3, 3, 3, 0, 3, 3, 1, 1, 3, 1, 0, 3, 1, 1, 3, 1, 3, 1, 1, 0, 1, 3, 1, 1, 1, 3, 3, 3, 1, 1, 1, 3, 1, 3, 3, 1, 1, 1, 0, 1, 1, 1, 3, 0, 3, 0, 1, 3, 1, 3, 1, 3, 3, 0, 1, 1, 3, 1, 1, 1, 0, 3, 1, 1, 3, 3, 3, 1, 1, 1, 1, 1, 3, 0, 3, 3, 3, 1, 0, 0, 0, 1, 1, 3, 1, 1, 3, 3, 1, 3, 1, 0, 1, 0, 3, 3, 1, 0, 1, 1, 3, 3, 3, 3, 1, 1, 3, 3, 3, 0, 1, 3, 0, 1, 3, 1, 3, 1, 1, 1, 1, 3, 0, 0, 3, 1, 1, 1, 1, 3, 3, 3, 3, 3, 1, 1, 1, 1, 1, 1], "confidence_scores": [[0.2029103535353536, 0.2866771284271284, 0.23485876623376625, 0.27555375180375186], [0.29260671273171274, 0.30937856587856577, 0.13554711260961264, 0.26246760878010883], [0.24997682872682872, 0.26829424741924757, 0.13817447829947832, 0.3435544455544454], [0.20348815073815074, 0.28444767038517044, 0.2178686383061383, 0.2941955405705405], [0.19816522366522363, 0.28610313297813306, 0.22040456765456767, 0.2953270757020757], [0.3331051587301588, 0.22913762626262624, 0.14303427128427124, 0.2947229437229437], [0.22066969141969142, 0.2731916139416139, 0.197768093018093, 0.3083706016206016], [0.22798827561327567, 0.2589016955266956, 0.18564664502164505, 0.3274633838383838], [0.18335271672771672, 0.30806264568764574, 0.2128999472749472, 0.29568469030969036], [0.2470131673881674, 0.29335214785214797, 0.2075502136752137, 0.252084471084471], [0.22131661394161398, 0.22517857142857145, 0.21598196248196244, 0.3375228521478523], [0.2372877249384603, 0.3267732843137256, 0.19879919998302353, 0.23713979076479075], [0.28140950715950724, 0.2538968392718393, 0.1847348484848485, 0.2799588050838051], [0.22523509007332532, 0.2689221840251252, 0.21534133840016195, 0.29050138750138754], [0.21903150577492678, 0.31293470418470426, 0.1785207614023404, 0.2895130286380286], [0.2105656565656566, 0.35469053169053166, 0.19746688034188037, 0.23727693140193146], [0.2669444444444444, 0.24211201298701301, 0.20731114718614713, 0.2836323953823955], [0.23678986291486281, 0.3227668442668443, 0.17888737651237652, 0.26155591630591635], [0.23104125041625043, 0.27231210456210464, 0.19816035353535358, 0.2984862914862915], [0.27727038239538243, 0.29390800865800865, 0.17295400432900432, 0.2558676046176047], [0.2644323593073593, 0.30112975912975914, 0.21041010378510383, 0.22402777777777783], [0.33731630869130874, 0.24751029526029528, 0.18369444444444444, 0.23147895160395163], [0.2603198051948052, 0.29654045954045954, 0.1602325036075036, 0.2829072316572317], [0.22235683760683764, 0.26773283660783664, 0.1513724747474747, 0.3585378510378513], [0.24242748917748916, 0.29118362193362196, 0.20216269841269852, 0.2642261904761905], [0.27516403041403054, 0.3256218642468643, 0.16938492063492064, 0.22982918470418476], [0.20364345376845377, 0.3255279581529582, 0.19973807442557448, 0.2710905136530137], [0.28355609668109666, 0.2796378621378621, 0.14502700077700081, 0.29177904040404035], [0.231325382950383, 0.2570110028860029, 0.16517420079920078, 0.34648941336441325], [0.2627146395271397, 0.28348629842379847, 0.16995616883116882, 0.2838428932178933], [0.20977804140304143, 0.3106498778998779, 0.2148366910866911, 0.26473538961038967], [0.20314538239538243, 0.2904253246753248, 0.21996446608946615, 0.28646482683982677], [0.22037734487734487, 0.3171558996558997, 0.2215862887112887, 0.2408804667554668], [0.2069004329004329, 0.2801502525252525, 0.17340981240981243, 0.3395395021645022], [0.25706772394272387, 0.27772705766455763, 0.209756777944278, 0.2554484404484405], [0.214209151959152, 0.2864213217338218, 0.18418144355644356, 0.3151880827505829], [0.23931428293928295, 0.24730973193473196, 0.21210353535353527, 0.3012724497724498], [0.23827579365079365, 0.31179148629148645, 0.15336670274170272, 0.29656601731601734], [0.23945238095238097, 0.35593482905982926, 0.15163492063492062, 0.2529778693528694], [0.25675432900432915, 0.2743295454545456, 0.21235551948051956, 0.2565606060606062], [0.2968358585858588, 0.23748079004329015, 0.20258847402597405, 0.26309487734487735], [0.2681341991341992, 0.28307749195249204, 0.22315735653235652, 0.22563095238095243], [0.17928282828282835, 0.3319713758463759, 0.24964905927405925, 0.23909673659673672], [0.24332521645021646, 0.30897005772005776, 0.1669251443001443, 0.28077958152958155], [0.21766413325236855, 0.26120116892911016, 0.18620594601476964, 0.33492875180375187], [0.28481168831168835, 0.25467153679653676, 0.20035984848484856, 0.26015692640692645], [0.22305384199134204, 0.2758075396825397, 0.19642812049062036, 0.304710497835498], [0.3188498931623932, 0.24264767177267174, 0.2272684884559885, 0.21123394660894676], [0.23891404428904434, 0.3190035936285937, 0.17342309079809073, 0.26865927128427136], [0.2566758658008658, 0.25334163059163073, 0.20111417748917743, 0.2888683261183261], [0.2502702713952714, 0.29731883394383396, 0.20569554057054057, 0.24671535409035422], [0.2180218253968254, 0.2863419566544567, 0.18647766816516814, 0.3091585497835498], [0.25136062548562554, 0.2945448440448441, 0.1915130702630703, 0.2625814602064603], [0.2578984487734488, 0.24453889166389167, 0.16964123376623377, 0.32792142579642575], [0.21748316267066262, 0.295818833943834, 0.18947263153513152, 0.297225371850372], [0.28672935397935395, 0.27731769619269625, 0.17878876678876682, 0.257164183039183], [0.26855212842712844, 0.34010461760461763, 0.18375, 0.20759325396825395], [0.20306727994227988, 0.29797835497835495, 0.2502189754689754, 0.24873538961038955], [0.2947244977244978, 0.18825271950271952, 0.1972529415029415, 0.31976984126984126], [0.2517799284049284, 0.33991576479076485, 0.16411756299256294, 0.24418674381174388], [0.13197802197802194, 0.3774098262848262, 0.18426907814407817, 0.30634307359307367], [0.2742172410922411, 0.2839948801198802, 0.20105158730158731, 0.24073629148629153], [0.3041631493506494, 0.27528986291486296, 0.18732097763347763, 0.23322601010101018], [0.2506594516594516, 0.2502604617604618, 0.15776443001443, 0.3413156565656565], [0.22424422799422797, 0.30036056998557004, 0.2359790764790765, 0.23941612554112562], [0.1984678932178933, 0.35254653679653686, 0.21835023310023302, 0.23063533688533686], [0.20628427128427138, 0.23667851592851594, 0.17897817460317458, 0.3780590381840383], [0.31485443722943723, 0.197899531024531, 0.16594642857142858, 0.32129960317460315], [0.2709826146076147, 0.27550217837717844, 0.17050745088245084, 0.28300775613275614], [0.21956367243867247, 0.2995250721500722, 0.2128832972582973, 0.26802795815295816], [0.2203371905871906, 0.3048681457431459, 0.20815535853035846, 0.2666393051393052], [0.2531591464091465, 0.3046943195693196, 0.17878663003662998, 0.26335990398490405], [0.2797728937728938, 0.35530970418470426, 0.13529162504162504, 0.229625777000777], [0.19563311688311688, 0.3438511904761905, 0.2107748917748918, 0.2497408008658009], [0.2033105158730159, 0.2596852453102454, 0.2261452020202019, 0.3108590367965369], [0.2850777972027973, 0.21789253801753808, 0.21930445942945945, 0.2777252053502055], [0.1758282828282828, 0.2870871350871352, 0.19856739094239095, 0.33851719114219114], [0.23399905649905647, 0.29678389665889676, 0.163260101010101, 0.30595694583194605], [0.23429797979797978, 0.2352967865467866, 0.19068692418692412, 0.33971830946830955], [0.22078733766233763, 0.3462224025974026, 0.16545183982683975, 0.26753841991342], [0.3486701631701632, 0.2715564574314574, 0.11671385558885557, 0.26305952380952385], [0.3305417776667777, 0.2488417554667555, 0.14367063492063487, 0.27694583194583183], [0.28489774114774125, 0.24266468253968262, 0.19636971361971362, 0.27606786269286265], [0.2716343795093794, 0.3064522005772006, 0.15627651515151514, 0.26563690476190494], [0.19689718614718615, 0.29525099206349215, 0.21629410173160177, 0.29155772005772], [0.21381385281385282, 0.2825328282828283, 0.17788059163059156, 0.3257727272727272], [0.22230537518037516, 0.32146067821067814, 0.15864682539682534, 0.2975871212121213], [0.2530196747696748, 0.2994140165390166, 0.1877004523254523, 0.25986585636585646], [0.24031408868908868, 0.2524457070707071, 0.1798647186147187, 0.32737548562548563], [0.21374857087357094, 0.2824828782328783, 0.20158272283272288, 0.3021858280608281], [0.1914028194028193, 0.30968108280608286, 0.24141119991119994, 0.2575048978798979], [0.19872927072927074, 0.3093694361194361, 0.16760395160395156, 0.3242973415473416], [0.23812572150072145, 0.2594618714618715, 0.25292932067932067, 0.24948308635808644], [0.3030697219447219, 0.21370171495171497, 0.18262805250305245, 0.3006005106005106], [0.1840241702741703, 0.3231222180597181, 0.20788921495171497, 0.28496439671439683], [0.27501348651348656, 0.2729325258075259, 0.23293073593073588, 0.21912325174825167], [0.2217512626262627, 0.2876898656898657, 0.17342402042402041, 0.31713485125985125], [0.2758765678765679, 0.2675200493950495, 0.1625906593406593, 0.29401272338772355], [0.25288437950937953, 0.2997465728715729, 0.158783189033189, 0.28858585858585856], [0.27476087801087806, 0.2655053973803974, 0.2238295732045732, 0.23590415140415144], [0.2504034992784993, 0.2685350066600067, 0.23076574814074813, 0.25029574592074594], [0.2522919164169164, 0.27539682539682536, 0.235193833943834, 0.23711742424242435], [0.2227298187923188, 0.2689079392829393, 0.227842803030303, 0.2805194388944389], [0.16369642857142852, 0.29297835497835506, 0.23248575036075037, 0.31083946608946605], [0.2707371794871795, 0.2575667526917528, 0.1635557359307359, 0.30814033189033185], [0.20451121794871796, 0.3042322330447332, 0.17093939393939397, 0.3203171550671552], [0.16812302974802973, 0.3181696914196915, 0.22026218226218233, 0.29344509657009676], [0.23800267787767793, 0.29058986846486845, 0.22424554612054604, 0.24716190753690762], [0.2550527736152737, 0.2619849733599734, 0.21040166083916087, 0.2725605921855923], [0.17568362193362194, 0.2854390886890888, 0.21248040848040842, 0.326396880896881], [0.21581313131313123, 0.2869677683427683, 0.1794481768231768, 0.3177709235209236], [0.3357904595404596, 0.18028275890775888, 0.15729920079920082, 0.3266275807525808], [0.23515007215007222, 0.2966718975468976, 0.19925333694083694, 0.26892469336219343], [0.2418558802308802, 0.27897696747696754, 0.19084043734043732, 0.288326714951715], [0.308689615939616, 0.2511967754467755, 0.19548568098568098, 0.24462792762792773], [0.2634482045732046, 0.28052375402375396, 0.18464493839493848, 0.2713831030081031], [0.23446302308802303, 0.22723845598845618, 0.19617604617604611, 0.34212247474747476], [0.2360856782106783, 0.300546842046842, 0.1883293650793651, 0.27503811466311473], [0.20889825452325458, 0.2298331668331668, 0.19686038961038954, 0.36440818903318906], [0.2677028527028527, 0.3079507020757022, 0.17804462204462204, 0.24630182317682323], [0.20783878621378618, 0.31007670107670104, 0.20184114496614503, 0.28024336774336783], [0.26025763125763124, 0.3648703518703519, 0.16355939893439886, 0.21131261793761807], [0.2850741896991898, 0.29130543761793765, 0.16575496031746023, 0.2578654123654123], [0.24145308857808875, 0.28533026695526686, 0.18276222388722385, 0.29045442057942067], [0.2784431956931957, 0.23458551864801871, 0.22743353174603168, 0.259537753912754], [0.3070343961593962, 0.2498709623709624, 0.20289774114774112, 0.24019690032190044], [0.2679691558441559, 0.24694931457431457, 0.15647276334776333, 0.3286087662337663], [0.21920598845598843, 0.31762722000222005, 0.2045589965589965, 0.2586077949827951], [0.2754417388167389, 0.2939116161616162, 0.13782371794871795, 0.29282292707292706], [0.19843613331113336, 0.3015207986457987, 0.20423394660894661, 0.29580912143412147], [0.2661393953268954, 0.2963292818292819, 0.1932482725607726, 0.24428305028305025], [0.24503409090909106, 0.2690694444444446, 0.1958840187590187, 0.29001244588744596], [0.25876411782661785, 0.2893101343101343, 0.15982830364080364, 0.2920974442224443], [0.2085299977799978, 0.27921872571872564, 0.20471164946164952, 0.307539627039627], [0.2728129093129093, 0.2611421217671218, 0.1812417027417028, 0.2848032661782663], [0.23272456709956713, 0.2831906565656565, 0.15748268398268392, 0.32660209235209237], [0.19392123154623156, 0.3318745143745145, 0.2338573926073926, 0.24034686147186143], [0.2504469558219559, 0.298394660894661, 0.15991373903873904, 0.29124464424464425], [0.256264985014985, 0.32351467976467985, 0.16857781107781103, 0.2516425241425242], [0.20345845004668528, 0.33869582704876827, 0.21035180016062374, 0.2474939227439229], [0.2510463564213565, 0.3527207792207794, 0.19023629148629148, 0.20599657287157289], [0.20132252469752468, 0.32307942057942063, 0.18354642579642585, 0.292051628926629]]}, "rewritten": {"ids": ["97105760", "97106000", "97106591", "97106600", "97107040", "97107260", "97112290", "97116500", "97116790", "98106880", "98107010", "98111231", "98116500", "98117740", "99107560", "99108000", "99109370", "99109780", "99110050", "99110730", "99111000", "99117630", "99121440", "100108490", "100108580", "100109000", "100109311", "100110050", "100110260", "100111080", "100111390", "100117420", "101108580", "101109370", "101110200", "101112201", "101112540", "101115190", "102109850", "102110500", "102113210", "102113981", "102121700", "103110050", "103111170", "103111930", "103111990", "103113270", "103113610", "103120730", "104111880", "104113000", "104114230", "104114410", "104119290", "105110251", "105112130", "105112240", "105113170", "105113440", "105113480", "105113620", "105117200", "105119550", "105121370", "106113260", "106113360", "106114011", "106115250", "106116120", "106116850", "106118161", "106118820", "107113260", "107114110", "107114780", "107115250", "107116300", "107117630", "107121230", "107121700", "108113620", "108114200", "108115250", "108116070", "108116501", "108117451", "108118291", "108118301", "108119510", "108120060", "108120700", "108121410", "109113281", "109114220", "109116040", "109117630", "109118231", "109120150", "110113931", "110115140", "110115980", "110116501", "110117140", "110117500", "110118111", "110118740", "110119030", "110119300", "110120531", "110121140", "111116750", "111117571", "111118810", "111119290", "111119340", "111119610", "111119950", "111121190", "112116290", "112117571", "112118511", "112118810", "112118820", "112121010", "112121351", "113117550", "113118231", "113118421", "113118630", "113118690", "113118820", "113119300", "113119480", "113119700", "113119930", "113120531", "113120591", "113121220", "113121410", "113122120", "113122230"], "labels": [0, 0, 1, 3, 2, 2, 1, 2, 2, 0, 3, 1, 2, 2, 1, 2, 1, 2, 3, 3, 2, 3, 2, 2, 0, 1, 1, 3, 3, 0, 2, 2, 0, 1, 2, 0, 2, 1, 1, 3, 3, 1, 1, 3, 2, 3, 2, 2, 2, 1, 3, 1, 2, 1, 1, 0, 1, 1, 0, 0, 0, 0, 3, 1, 2, 3, 0, 1, 2, 1, 3, 3, 3, 0, 1, 2, 2, 0, 0, 0, 3, 3, 0, 1, 1, 0, 2, 3, 1, 1, 1, 2, 0, 0, 3, 0, 0, 1, 2, 1, 0, 1, 3, 3, 1, 1, 3, 0, 1, 0, 3, 3, 3, 0, 3, 3, 2, 0, 1, 0, 3, 1, 3, 0, 2, 0, 3, 3, 3, 3, 3, 0, 1, 3, 0, 1, 0, 0, 3, 0, 1, 1], "predicted_labels": [3, 3, 0, 1, 3, 3, 3, 2, 0, 3, 3, 0, 3, 1, 3, 3, 1, 1, 3, 3, 1, 0, 3, 0, 1, 3, 3, 3, 0, 0, 1, 3, 0, 3, 1, 1, 3, 1, 1, 3, 1, 1, 1, 1, 3, 1, 1, 3, 1, 1, 3, 3, 1, 3, 1, 3, 1, 1, 3, 0, 3, 1, 1, 1, 3, 1, 1, 0, 1, 3, 1, 0, 3, 1, 3, 1, 1, 3, 3, 3, 3, 1, 0, 3, 3, 3, 3, 3, 3, 1, 1, 1, 1, 1, 3, 3, 1, 3, 1, 1, 3, 3, 3, 3, 1, 3, 0, 1, 3, 3, 0, 3, 3, 0, 3, 1, 1, 1, 1, 1, 0, 3, 1, 3, 1, 1, 3, 1, 3, 0, 3, 3, 3, 3, 3, 3, 3, 1, 3, 0, 1, 1], "confidence_scores": [[0.23485163447663454, 0.2571841491841492, 0.21747882672882665, 0.29048538961038967], [0.17795590520590523, 0.2450767149517149, 0.22530391830391835, 0.35166346153846156], [0.2821513347763348, 0.2129018759018759, 0.24363365800865797, 0.26131313131313133], [0.2311301892551893, 0.2913757770007771, 0.239672854922855, 0.23782117882117876], [0.2608603965478966, 0.2586209623709623, 0.21818027111777116, 0.26233836996336996], [0.14525559163059165, 0.29732954545454543, 0.21487885725385725, 0.34253600566100567], [0.22561796536796538, 0.27598502886002885, 0.18004123654123652, 0.3183557692307692], [0.21564610389610386, 0.2512491536241537, 0.2672111083361083, 0.2658936341436342], [0.29544022644022644, 0.26515085608835615, 0.1672494588744589, 0.27215945859695867], [0.2133424214674215, 0.24818703518703525, 0.2611329156954157, 0.2773376276501278], [0.24075835275835275, 0.26211174936174936, 0.19794046231546236, 0.29918943556443556], [0.2918347624597626, 0.25710288322788327, 0.1759095487845488, 0.2751528055278056], [0.2033360389610389, 0.27073556998556997, 0.18587175324675329, 0.3400566378066378], [0.19679545454545458, 0.3590846653346654, 0.2022709651459651, 0.24184891497391503], [0.20262842712842705, 0.2915313714063714, 0.1894203019203019, 0.3164198995448997], [0.20339574314574313, 0.27476666389166404, 0.21395664058164057, 0.30788095238095237], [0.21330716505716502, 0.33328468753468754, 0.1874045815295815, 0.26600356587856594], [0.2479908702408703, 0.29284884559884566, 0.21240135558885556, 0.24675892857142856], [0.2215878484260837, 0.2398253641783053, 0.2668108827447063, 0.27177590465090473], [0.1918713023088023, 0.28516522366522373, 0.17053454184704178, 0.3524289321789322], [0.23060282772782778, 0.32435832223332234, 0.21704602342102344, 0.22799282661782663], [0.2765454129204129, 0.261958714896215, 0.22346816378066378, 0.23802770840270843], [0.1770820707070708, 0.26624891774891785, 0.23807097763347762, 0.31859803391053393], [0.3020955988455988, 0.27791107503607515, 0.16843632756132754, 0.2515569985569987], [0.2475579004329005, 0.27657918470418486, 0.2285642135642137, 0.24729870129870135], [0.19627078477078475, 0.2685210206460207, 0.24355357142857148, 0.2916546231546232], [0.2584143079143079, 0.24956327006327, 0.1671365995115995, 0.32488582251082254], [0.22148275335775336, 0.27490295815295823, 0.2226685814185814, 0.28094570707070704], [0.3107851384726386, 0.23510256410256417, 0.15300690281940285, 0.30110539460539465], [0.2818619019869021, 0.27437475024975017, 0.1664178391053391, 0.2773455086580087], [0.17896284271284274, 0.30490205627705635, 0.21657900432900423, 0.29955609668109673], [0.22129316516816513, 0.2146536519036519, 0.24981986069486065, 0.3142333222333223], [0.3193149905649906, 0.23533436008436012, 0.2349509379509379, 0.2103997113997114], [0.21980039405039406, 0.23914411976911987, 0.2291002192252193, 0.31195526695526693], [0.22103481240981246, 0.3575467171717173, 0.14886616161616154, 0.27255230880230885], [0.2345248917748918, 0.3025061327561328, 0.21683567821067817, 0.24613329725829733], [0.2663254662004662, 0.2684978354978355, 0.1910957237207237, 0.2740809745809747], [0.2020330433455434, 0.3211712454212455, 0.20688530219780216, 0.269910409035409], [0.21055423742923737, 0.2892925685425686, 0.2353472222222222, 0.2648059718059719], [0.29760871073371076, 0.2158571428571429, 0.1882224025974026, 0.2983117438117438], [0.2408827561327562, 0.3054960317460319, 0.16216089466089464, 0.2914603174603175], [0.2221066017316017, 0.3764323593073594, 0.18632088744588743, 0.21514015151515153], [0.250506549006549, 0.3135246281496282, 0.1754285575535576, 0.2605402652902653], [0.2077933165690519, 0.30848333121127247, 0.21698338385470742, 0.2667399683649684], [0.2308795093795094, 0.29924404761904766, 0.15572005772005773, 0.31415638528138534], [0.28988221500721506, 0.3087300338550339, 0.17924249361749356, 0.22214525752025746], [0.2488630952380952, 0.3178661061161061, 0.17865331890331884, 0.2546174797424799], [0.22532803307803306, 0.278795634920635, 0.18359439171939174, 0.3122819402819403], [0.26921590909090903, 0.2941495310245311, 0.2121345598845599, 0.22450000000000003], [0.26072421206244745, 0.31472016382310497, 0.16359386365268713, 0.2609617604617604], [0.22641563991563982, 0.26743084693084695, 0.20219770507270504, 0.30395580808080813], [0.2149449300699301, 0.27751221001220994, 0.168336815961816, 0.339206043956044], [0.2709128787878788, 0.30411598124098127, 0.18702795815295814, 0.2379431818181819], [0.23210782273282277, 0.2534500222000223, 0.22986679292929288, 0.28457536213786233], [0.1933989482739483, 0.33120672383172384, 0.18151495726495728, 0.29387937062937075], [0.22254404623154625, 0.2773741674991675, 0.16458587939837932, 0.33549590687090686], [0.1788313492063492, 0.3164058441558442, 0.2550802114552115, 0.24968259518259525], [0.2151141774891775, 0.3146547619047618, 0.21187572150072156, 0.25835533910533914], [0.22700162337662344, 0.2477570346320346, 0.1767619047619048, 0.3484794372294373], [0.2769741647241647, 0.25092766955266954, 0.20249193861693862, 0.26960622710622706], [0.20379125735375733, 0.2710722055722055, 0.18210233516483515, 0.3430342019092019], [0.2323027389277389, 0.30722587135087137, 0.25171225996226, 0.20875912975912977], [0.20831547619047616, 0.3092546481296482, 0.19477723665223665, 0.2876526390276391], [0.3126881868131869, 0.3231599095349096, 0.13802109002109, 0.22613081363081364], [0.23466771423021424, 0.2815954184704185, 0.178337919025419, 0.30539894827394826], [0.2643916847041847, 0.2903511904761906, 0.16339079670329668, 0.28186632811632817], [0.2592632367632369, 0.2926570374070375, 0.19231926406926403, 0.25576046176046174], [0.28596851759351766, 0.274055957930958, 0.18559752747252745, 0.2543779970029971], [0.19336745199245203, 0.33159969197469197, 0.1943291916416916, 0.2807036643911644], [0.23500441919191925, 0.2634795274170274, 0.2133015873015874, 0.2882144660894661], [0.1963497474747475, 0.27483189033189037, 0.261652978965479, 0.2671653832278833], [0.2900979437229438, 0.23139736652236656, 0.2023694083694083, 0.27613528138528154], [0.17910101010101012, 0.26057979520479524, 0.17748604173604168, 0.38283315295815307], [0.24803751803751808, 0.31299711399711405, 0.19890331890331883, 0.24006204906204912], [0.2089001276501278, 0.23616229603729605, 0.22029563492063498, 0.3346419413919415], [0.26885576484918594, 0.30346005383505387, 0.1916484254050044, 0.23603575591075587], [0.23169101731601738, 0.30167038517038525, 0.20363976301476303, 0.2629988344988346], [0.2406510156510156, 0.2514752747252748, 0.18591806804306807, 0.32195564158064166], [0.2620768120768122, 0.24676845376845388, 0.2079640914640915, 0.28319064269064276], [0.194955932955933, 0.2897289516039517, 0.21064658952158954, 0.3046685259185259], [0.20668885281385274, 0.2794824481074481, 0.19327236652236648, 0.32055633255633253], [0.23104259629259633, 0.3087733793983794, 0.20393231768231762, 0.25625170662670677], [0.3231607697857698, 0.29684226884226894, 0.12252668165168162, 0.2574702797202797], [0.20577208902208904, 0.27708784271284276, 0.21874224386724392, 0.2983978243978244], [0.25369716394716396, 0.25129897879897894, 0.22952564102564105, 0.26547821622821627], [0.2774758297258298, 0.2309327616827617, 0.16509389221889217, 0.3264975163725164], [0.29068790931290933, 0.2331718836718837, 0.1371794178044178, 0.33896078921078926], [0.2943432123432124, 0.22565673215673218, 0.17141684704184704, 0.3085832084582085], [0.267319597069597, 0.26835381285381293, 0.1861480186480186, 0.27817857142857144], [0.21329797979797976, 0.3209380064380066, 0.20868881118881114, 0.2570752025752026], [0.17199549062049055, 0.3126255411255411, 0.21756709956709966, 0.2978118686868687], [0.26304123654123657, 0.281874875124875, 0.18905402930402926, 0.26602985902985915], [0.27641090853590855, 0.31401305638805643, 0.16130146242646234, 0.24827457264957262], [0.2824583333333334, 0.2894680735930737, 0.16018831168831163, 0.26788528138528134], [0.242104575979576, 0.24319699744699752, 0.17934042346542345, 0.3353580031080031], [0.17322132034632035, 0.2817738095238096, 0.18053066378066376, 0.36447420634920635], [0.24669769119769114, 0.2860304834054834, 0.2247761544011545, 0.242495670995671], [0.25785825285825287, 0.265546411921412, 0.18438911088911084, 0.29220622433122445], [0.24816512654012654, 0.29328305028305035, 0.18569601232101227, 0.2728558108558109], [0.2714487734487735, 0.302910409035409, 0.13777256077256073, 0.28786825674325683], [0.2913928571428572, 0.2307765151515152, 0.1795126262626263, 0.29831800144300147], [0.24289862098685616, 0.22741850714644826, 0.17378604646987006, 0.35589682539682543], [0.23002525252525252, 0.2698627344877345, 0.16702849927849925, 0.33308351370851375], [0.21700727050727053, 0.26184686147186154, 0.18704329004329, 0.3341025779775779], [0.2485648379398379, 0.2914970931845932, 0.1938540626040626, 0.2660840062715064], [0.253031426906427, 0.27472098040848036, 0.17411814574314569, 0.29812944694194704], [0.3074155844155845, 0.22709770784770786, 0.19319390331890332, 0.27229280441780435], [0.22315021090021087, 0.2928721001221002, 0.22247438672438669, 0.26150330225330226], [0.2357967171717172, 0.2949439033189033, 0.15158658008658002, 0.3176727994227995], [0.264844696969697, 0.27195544733044746, 0.1533556998556998, 0.30984415584415576], [0.3171132617382619, 0.2714576257076257, 0.16033964646464643, 0.2510894660894661], [0.30853797591297605, 0.15341452991452992, 0.20783913308913313, 0.33020836108336105], [0.23705334942834952, 0.23614825452325455, 0.17880573593073593, 0.34799266011766006], [0.2894528110778112, 0.282558621933622, 0.17072251359751356, 0.25726605339105346], [0.1941772671772672, 0.2945875374625376, 0.18664760239760245, 0.32458759296259293], [0.2580588023088024, 0.2934532828282828, 0.181259108946609, 0.267228805916306], [0.19286868686868683, 0.3321547619047621, 0.19381709956709958, 0.2811594516594516], [0.2622469336219337, 0.31029491341991355, 0.18077218614718615, 0.24668596681096694], [0.241053293928294, 0.30632076257076263, 0.16556943056943058, 0.28705651293151296], [0.25303995310245303, 0.29717611555111556, 0.19559363553113548, 0.2541902958152959], [0.29747950660450656, 0.21403986291486293, 0.20405110167610163, 0.28442952880452876], [0.19689628427128436, 0.2516727994227994, 0.18675108225108225, 0.3646798340548344], [0.2198919552669553, 0.3126020923520924, 0.18990800865800866, 0.2775979437229438], [0.2515087481962482, 0.2697101370851371, 0.15803778860028858, 0.3207433261183261], [0.22062931512931513, 0.32180042873792886, 0.19026134282384283, 0.26730891330891327], [0.2856697816072816, 0.2961349206349206, 0.1556544913419913, 0.2625408064158064], [0.2345319264069264, 0.24311093073593085, 0.18447456709956708, 0.3378825757575757], [0.28316053391053386, 0.2907470238095239, 0.1876775793650793, 0.23841486291486294], [0.3080606060606061, 0.20119830169830163, 0.1453780525030525, 0.34536303973803967], [0.2759488983238984, 0.2588869602619603, 0.19191053391053386, 0.27325360750360755], [0.21140584415584412, 0.25516552891552896, 0.18826803751803745, 0.3451605894105895], [0.253178391053391, 0.2991734654234655, 0.14397835497835496, 0.3036697885447886], [0.26265598290598285, 0.25944035131535126, 0.19034872072372075, 0.287554945054945], [0.24227777777777773, 0.29185028860028867, 0.16894462481962477, 0.29692730880230883], [0.17633836996336996, 0.31366908091908097, 0.18522184065934066, 0.32477070845820855], [0.28564321789321795, 0.2364333166833167, 0.14803230103230103, 0.3298911643911644], [0.24977972027972034, 0.28668979631479635, 0.1663999611499611, 0.2971305222555223], [0.2535762293262295, 0.297340256965257, 0.1740846514596514, 0.27499886224886216], [0.212876665001665, 0.21452783327783329, 0.19370354645354637, 0.37889195526695524], [0.2980051892551895, 0.27742765567765565, 0.13276190476190475, 0.29180525030525034], [0.25205418886668896, 0.2621538184038186, 0.24063109806859806, 0.24516089466089475], [0.21423402292152288, 0.28936231823731823, 0.21760538766788773, 0.2787982711732712]]}}