{"test": {"ids": ["107112850", "112117571", "108118810", "98106111", "106121190", "104119340", "99108520", "113121190", "111119930", "100109890", "99112531", "102110750", "103111620", "105113210", "97113900", "102112030", "111117200", "97105451", "104111780", "99108580", "104113240", "113122150", "113117630", "101112160", "104114240", "107114780", "107114621", "108117451", "98109230", "99108310", "113122320", "112118620", "106119260", "113119120", "101109370", "108119550", "107113170", "98119591", "113119450", "110117110", "110115980", "107113130", "105118230", "99105921", "111121930", "112116501", "100110260", "98106680", "101110150", "109116441", "113121010", "112116880", "108113760", "112116900", "108118060", "100108580", "113122120", "101111310", "108116120", "101114020", "113119360", "112120670", "109115211", "104109311", "108120060", "102107961", "97107040", "111120280", "97113260", "97114170", "100113210", "104113190", "105115680", "111120540", "99121440", "99109370", "97107681", "109119340", "113120540", "101112690", "106112770", "106114150", "98110680", "107115140", "112120640", "103111480", "111116530", "101108460", "111116990", "98110230", "113118231", "104114410", "98112170", "104110960", "106115250", "98116500", "113118511", "102109840", "98110710", "107121640", "112120270", "112116610", "101110200", "112117780", "103117200", "109113591", "110114561", "106117790", "110120640", "108118301", "104113210", "103111540", "103112470", "108114270", "112118810", "111121220", "97105580", "103110100", "111116040", "110121720", "105116860", "110117870", "113117401", "97106591", "104114740", "107113200", "101121640", "110118181", "113120280", "106114011", "112118890", "113120640", "112116540", "97105960", "104114230", "110113591", "109115070", "113119930", "105118171", "101113210", "111116100", "103120340"], "labels": [1, 3, 1, 0, 2, 1, 2, 1, 1, 3, 3, 1, 0, 3, 2, 2, 0, 0, 3, 0, 2, 2, 0, 3, 0, 2, 0, 2, 1, 2, 1, 3, 1, 3, 1, 1, 0, 1, 3, 0, 1, 1, 1, 1, 1, 3, 3, 1, 1, 3, 2, 0, 1, 3, 1, 0, 1, 3, 1, 3, 0, 2, 0, 3, 1, 3, 2, 0, 1, 2, 0, 3, 2, 1, 2, 1, 3, 3, 3, 1, 1, 1, 2, 0, 0, 0, 3, 0, 0, 3, 3, 1, 3, 2, 2, 2, 1, 2, 2, 1, 0, 1, 2, 0, 0, 3, 0, 1, 0, 1, 3, 1, 1, 3, 3, 3, 1, 1, 0, 3, 2, 3, 3, 1, 2, 0, 2, 1, 0, 1, 3, 0, 1, 2, 2, 0, 0, 1, 3, 3, 3, 1], "predicted_labels": [1, 0, 3, 1, 3, 3, 1, 0, 3, 3, 3, 1, 3, 0, 3, 1, 3, 0, 1, 3, 1, 3, 1, 3, 3, 1, 3, 3, 3, 3, 1, 3, 0, 3, 3, 3, 3, 1, 0, 1, 3, 1, 3, 0, 0, 3, 0, 1, 1, 0, 1, 1, 3, 0, 3, 1, 3, 1, 3, 3, 3, 3, 3, 0, 1, 1, 3, 3, 3, 3, 3, 3, 1, 3, 1, 0, 0, 3, 0, 3, 3, 3, 3, 3, 3, 3, 1, 1, 0, 1, 0, 0, 3, 0, 3, 3, 1, 1, 1, 3, 1, 3, 1, 3, 0, 1, 3, 1, 3, 3, 3, 3, 3, 3, 1, 3, 0, 0, 3, 1, 1, 1, 1, 1, 3, 3, 3, 1, 3, 1, 3, 3, 1, 3, 1, 3, 1, 0, 1, 1, 0, 3], "confidence_scores": [[0.23082488818371186, 0.30393342572460225, 0.21696128871128872, 0.2482803973803974], [0.2983117937617937, 0.2640878732378734, 0.18376341991342, 0.2538369130869132], [0.2617936043488675, 0.24405254190254186, 0.15124893994894, 0.3429049137996506], [0.24540633533133557, 0.2838412309912309, 0.1876736235986237, 0.2830788100788101], [0.17645754245754255, 0.2724351093351094, 0.25935749250749257, 0.2917498556998556], [0.19751608391608394, 0.27514338439338454, 0.15755882450882455, 0.3697817071817072], [0.21896760461760473, 0.2757023809523811, 0.2700908369408371, 0.23523917748917764], [0.29108516206016194, 0.2613364357864357, 0.15928943001443013, 0.2882889721389721], [0.27486119786646107, 0.2619633477633478, 0.17584692529692536, 0.28732852907326595], [0.2805717782217783, 0.19975516705516708, 0.23269797979797993, 0.28697507492507485], [0.2591247229378809, 0.2649183927183927, 0.20368831431726178, 0.2722685700264648], [0.19934333672863083, 0.3727266191325013, 0.18143728134610482, 0.2464927627927629], [0.2504901570651573, 0.24474931457431462, 0.24463076368076375, 0.26012976467976484], [0.3260881562881563, 0.23856217948717956, 0.17532619880119882, 0.26002346542346555], [0.25183055000555016, 0.25604777999778006, 0.221650468975469, 0.27047120102120115], [0.22317856587856594, 0.2780153457653457, 0.22578058053058053, 0.27302550782550783], [0.24706417748917747, 0.2535237373737374, 0.19395948773448776, 0.3054525974025974], [0.34490329115329127, 0.2549117188367189, 0.1581875541125542, 0.24199743589743572], [0.23916101676101678, 0.3270871739371741, 0.16554704184704191, 0.26820476745476746], [0.2119684620934621, 0.2700696026196027, 0.244473248973249, 0.27348868631368634], [0.20347944277944283, 0.36248515928515934, 0.2135961704961707, 0.22043922743922753], [0.25330754800754807, 0.25907310467310474, 0.1993200022200024, 0.28829934509934513], [0.24773284770784776, 0.30780423465423457, 0.18848987123987138, 0.25597304639804647], [0.214908152958153, 0.22872183372183377, 0.2219535631035632, 0.3344164502164501], [0.24869001554001569, 0.24001198246198255, 0.21245328837828856, 0.29884471361971354], [0.254431684981685, 0.29585517260517263, 0.1671245199245199, 0.28258862248862254], [0.2470530636030636, 0.2641189255189257, 0.1902217504717505, 0.29860626040626054], [0.2923876345876345, 0.22340696525696527, 0.18709090354090352, 0.29711449661449674], [0.25939242424242426, 0.24331611721611732, 0.22693262848262852, 0.2703588300588301], [0.2504336663336665, 0.2709659174159174, 0.19570386280386282, 0.28289655344655346], [0.28888150738150736, 0.29250712065712065, 0.15886505161505166, 0.25974632034632034], [0.28594777167277163, 0.28113525363525366, 0.1436705821955822, 0.2892463924963925], [0.2984977966477967, 0.22172204266321913, 0.2135965165553402, 0.2661836441336443], [0.23658470418470415, 0.22611797646797643, 0.19921153291153296, 0.3380857864357864], [0.23812171717171726, 0.2725254634254634, 0.2162493728493729, 0.27310344655344665], [0.24720714840714855, 0.21288597513597526, 0.22130562215562227, 0.31860125430125424], [0.23600202020202027, 0.2817871997283763, 0.1749039258127494, 0.30730685425685417], [0.2667561327561328, 0.27931561771561775, 0.22012514707514716, 0.23380310245310243], [0.35398779276279263, 0.21421244866244865, 0.17350365467865464, 0.258296103896104], [0.20611594239094247, 0.3108620601620603, 0.24310329115329127, 0.23991870629370643], [0.2122257298257299, 0.2996562160062161, 0.184662864912865, 0.30345518925518916], [0.23387710345210364, 0.27703763148616106, 0.22808534276181341, 0.26099992229992225], [0.25812417027417034, 0.29082390942390957, 0.1410037018537018, 0.3100482184482184], [0.31383045843045854, 0.21781492592374951, 0.22326696636696636, 0.24508764927882593], [0.31578131868131865, 0.22305779220779226, 0.1534342435342436, 0.30772664557664564], [0.2691213786213785, 0.28425396270396264, 0.15472271062271073, 0.29190194805194825], [0.27735901875901886, 0.23470615495615502, 0.21101751026751042, 0.2769173160173161], [0.22544579309579324, 0.2672690198690198, 0.2589054390054391, 0.24837974802974813], [0.2518071925150874, 0.31128544788544815, 0.19175610763505513, 0.24515125196440987], [0.31340927405927393, 0.3012014642362468, 0.13806222111222116, 0.24732704059225805], [0.2009938505938507, 0.30801891082773425, 0.20070302279419935, 0.29028421578421565], [0.2033053058053059, 0.3562459540459541, 0.17100839160839174, 0.2694403485403485], [0.26316183261183257, 0.23978302253302256, 0.2187225330225332, 0.27833261183261193], [0.3163446200857965, 0.23289092019092034, 0.16604516039516043, 0.2847192993281228], [0.29697094572094584, 0.226404428904429, 0.1677552170052171, 0.30886940836940835], [0.2471482794982797, 0.2666376309964545, 0.25085551115551136, 0.2353585783497549], [0.27047413697413714, 0.274810051060051, 0.17015824730824738, 0.2845575646575647], [0.2464013653013654, 0.28246346431346425, 0.18875984015984032, 0.2823753302253302], [0.31298893328893346, 0.18425207015207026, 0.1696177128427129, 0.3331412837162835], [0.21316770729270748, 0.2675627150627152, 0.20710773948273953, 0.3121618381618382], [0.2336453823953824, 0.26900421245421247, 0.21194235209235215, 0.2854080530580531], [0.217038230723525, 0.284707014064367, 0.21112661668396965, 0.28712813852813845], [0.17577640692640695, 0.2864587856587857, 0.22398051948051959, 0.3137842879342879], [0.2995607947607947, 0.2704820901320904, 0.1402302586302587, 0.2897268564768562], [0.25243328893328904, 0.31496056721056714, 0.22991114996115014, 0.20269499389499399], [0.2555834645746411, 0.27196456876456887, 0.2230435029023266, 0.24940846375846398], [0.23682224997225007, 0.2616052836052837, 0.20998314463314469, 0.29158932178932173], [0.23588927738927754, 0.27616839826839834, 0.16365718725718742, 0.32428513708513707], [0.26435186202686206, 0.20881607281607284, 0.22618060828060826, 0.30065145687645684], [0.2386269563769565, 0.2650794871794872, 0.17909689754689764, 0.3171966588966587], [0.27260290820290833, 0.23675377955377958, 0.15839565989566007, 0.33224765234765213], [0.281101035076035, 0.2808323343323344, 0.15646061716061718, 0.2816060134310137], [0.20968290598290615, 0.3525043391391216, 0.16928679098679097, 0.2685259638911814], [0.2231048229548231, 0.2921096348096348, 0.17997825507825524, 0.3048072871572871], [0.2438139471639474, 0.2702021450771451, 0.25377528027528046, 0.23220862748362753], [0.27009450826950837, 0.2215660922410923, 0.2609367687867688, 0.2474026307026307], [0.2749082306582307, 0.21219794094794103, 0.2488029415029416, 0.26409088689088694], [0.27729906204906213, 0.21827723387723397, 0.20286771561771574, 0.3015559884559884], [0.3356920634920636, 0.26529043179043177, 0.13726163281163292, 0.261755871905872], [0.25118775113775127, 0.27043151848151853, 0.19321969141969142, 0.285161038961039], [0.20872871017871017, 0.2880812576312578, 0.20504374514374532, 0.2981462870462871], [0.24748263403263424, 0.23010344100344107, 0.19589372294372298, 0.3265202020202019], [0.2207251803751805, 0.26422984237984243, 0.24387379287379282, 0.2711711843711845], [0.30428186649951366, 0.17670401265401273, 0.21361925851925853, 0.30539486232721513], [0.24529868464868473, 0.22124599844599857, 0.2376492562992564, 0.2958060606060605], [0.28164509379509367, 0.24171029526029533, 0.1861491341991342, 0.2904954767454767], [0.242029933954934, 0.30601906981907, 0.20119440559440566, 0.2507565906315907], [0.2552261849261849, 0.2746609149020912, 0.21474618910501264, 0.25536671106671127], [0.29881077256077243, 0.28915791430791427, 0.15751046176046185, 0.25452085137085156], [0.2925872821622822, 0.3207362526362527, 0.15568555333555334, 0.2309909118659119], [0.2956780353633294, 0.2738808485632015, 0.1823661743485273, 0.2480749417249419], [0.34867899877899877, 0.23153167388167398, 0.15492797757797763, 0.26486134976134973], [0.287375721011015, 0.24928766952002257, 0.17162002050237352, 0.291716588966589], [0.3125387501387502, 0.24934163059163067, 0.21448772893772886, 0.2236318903318905], [0.20817010767010774, 0.24699069264069265, 0.2293406926406925, 0.315498507048507], [0.24602739482739494, 0.2500764069264069, 0.1529089466089467, 0.35098725163725153], [0.21407224719724724, 0.29659635364635384, 0.21331320068820078, 0.27601819846819853], [0.22134948107448116, 0.2953706904206905, 0.23745004440004447, 0.24582978410478426], [0.20041139971139985, 0.31607520812520806, 0.18043552003552005, 0.30307787212787207], [0.2587295782648725, 0.2473658135981666, 0.21842555385790682, 0.2754790542790544], [0.20025357975357985, 0.3177528138528138, 0.21682424242424247, 0.2651693639693639], [0.22774602978720626, 0.26545473415473414, 0.18377763543645909, 0.32302160062160057], [0.2261519036519037, 0.31313775668775673, 0.1903720557220557, 0.270338283938284], [0.267293608352432, 0.2603032725444491, 0.19651660561660578, 0.2758865134865134], [0.30162131202131215, 0.2623553835053835, 0.16811596736596737, 0.26790733710733705], [0.2580942377883557, 0.34053881200498837, 0.1731742202242203, 0.22819272998243598], [0.2718834776334776, 0.2728552114552115, 0.16961277611277617, 0.2856485347985348], [0.232534636278754, 0.2906503754415518, 0.2454205627705629, 0.2313944255091314], [0.21236187701187706, 0.2797521367521368, 0.2045810744810746, 0.30330491175491164], [0.28000980685980686, 0.25495034965034974, 0.16794435009435013, 0.2970954933954935], [0.2762199855699856, 0.2322771478521479, 0.17758397990897995, 0.3139188866688868], [0.23765987345987355, 0.24471689144189163, 0.23323787323787323, 0.28438536186036184], [0.25172497306614966, 0.2766275946275948, 0.17838561993562, 0.29326181237063603], [0.2585631757131758, 0.26157878787878786, 0.15442118437118443, 0.32543685203685185], [0.2612679015429016, 0.3302459595959595, 0.1399388167388168, 0.26854732212232224], [0.24320263070263073, 0.2782021145521145, 0.12634670329670336, 0.3522485514485515], [0.2722219336219336, 0.2391013431013432, 0.24039963924963945, 0.24827708402708418], [0.3166717338217337, 0.18269095904095914, 0.20566906426906426, 0.2949682428682428], [0.2635702860864627, 0.23610882450882456, 0.20410415058797415, 0.2962167388167389], [0.2359138195138196, 0.3158496947496949, 0.18497126207126208, 0.26326522366522387], [0.24842377593167067, 0.3609174381174378, 0.17491731353441883, 0.21574147241647257], [0.25120446775446786, 0.2730534354534357, 0.21388249528249537, 0.2618596015096015], [0.2711064569417511, 0.2992334098907629, 0.14877991893727194, 0.2808802142302142], [0.22238441003441017, 0.2662926406926407, 0.2642782828282829, 0.24704466644466663], [0.26021489621489624, 0.26101266788766786, 0.1884784077034077, 0.29029402819402816], [0.3085896936396937, 0.22367693417693413, 0.15313534798534803, 0.31459802419802435], [0.2250912476412478, 0.27409683094683107, 0.1918205683205684, 0.3089913530913529], [0.2268109224109226, 0.3280937451437449, 0.17388852258852283, 0.27120680985680984], [0.2980304917304917, 0.20539541928659585, 0.1421552891552892, 0.3544187998276231], [0.27701086691086685, 0.29377979242979246, 0.1855028638028639, 0.24370647685647695], [0.25588376068376073, 0.26603297813297827, 0.17291375291375305, 0.30516950826950817], [0.2770694384047324, 0.23713766952002244, 0.16363928457163754, 0.3221536075036076], [0.25418540348540364, 0.3198874458874458, 0.14117693417693425, 0.28475021645021653], [0.21758782883782904, 0.23547059607059614, 0.25060118215118216, 0.2963403929403929], [0.24197102342102345, 0.3027122322122323, 0.17921656676656694, 0.2761001776001778], [0.2514669698722332, 0.2739124264624264, 0.16996638916638926, 0.3046542144989514], [0.23821440650852424, 0.37749046868164493, 0.15279509379509396, 0.2315000310147369], [0.29371941261353024, 0.276431286687169, 0.16542993672993675, 0.26441936396936416], [0.2793167665667664, 0.30752943722943715, 0.14918871683871682, 0.2639650793650794], [0.19851527557409918, 0.32931993366110995, 0.23050389610389613, 0.24166089466089477], [0.30558667443667453, 0.3006621878121879, 0.17536111111111127, 0.21839002664002669], [0.26429514374514385, 0.2608640914640916, 0.18349033189033184, 0.29135043290043294]]}, "rewritten": {"ids": ["97105451", "97105580", "97105960", "97106591", "97107040", "97107681", "97113260", "97113900", "97114170", "98106111", "98106680", "98109230", "98110230", "98110680", "98110710", "98112170", "98116500", "98119591", "99105921", "99108310", "99108520", "99108580", "99109370", "99112531", "99121440", "100108580", "100109890", "100110260", "100113210", "101108460", "101109370", "101110150", "101110200", "101111310", "101112160", "101112690", "101113210", "101114020", "101121640", "102107961", "102109840", "102110750", "102112030", "103110100", "103111480", "103111540", "103111620", "103112470", "103117200", "103120340", "104109311", "104110960", "104111780", "104113190", "104113210", "104113240", "104114230", "104114240", "104114410", "104114740", "104119340", "105113210", "105115680", "105116860", "105118171", "105118230", "106112770", "106114011", "106114150", "106115250", "106117790", "106119260", "106121190", "107112850", "107113130", "107113170", "107113200", "107114621", "107114780", "107115140", "107121640", "108113760", "108114270", "108116120", "108117451", "108118060", "108118301", "108118810", "108119550", "108120060", "109113591", "109115070", "109115211", "109116441", "109119340", "110113591", "110114561", "110115980", "110117110", "110117870", "110118181", "110120640", "110121720", "111116040", "111116100", "111116530", "111116990", "111117200", "111119930", "111120280", "111120540", "111121220", "111121930", "112116501", "112116540", "112116610", "112116880", "112116900", "112117571", "112117780", "112118620", "112118810", "112118890", "112120270", "112120640", "112120670", "113117401", "113117630", "113118231", "113118511", "113119120", "113119360", "113119450", "113119930", "113120280", "113120540", "113120640", "113121010", "113121190", "113122120", "113122150", "113122320"], "labels": [0, 1, 2, 1, 2, 3, 1, 2, 2, 0, 1, 1, 3, 2, 2, 3, 2, 1, 1, 2, 2, 0, 1, 3, 2, 0, 3, 3, 0, 0, 1, 1, 2, 3, 3, 1, 3, 3, 2, 3, 2, 1, 2, 1, 0, 1, 0, 1, 0, 1, 3, 2, 3, 3, 3, 2, 2, 0, 1, 2, 1, 3, 2, 2, 3, 1, 1, 1, 1, 2, 1, 1, 2, 1, 1, 0, 0, 0, 2, 0, 1, 1, 3, 1, 2, 1, 1, 1, 1, 1, 3, 0, 0, 3, 3, 0, 0, 1, 0, 3, 1, 0, 3, 0, 3, 3, 0, 0, 1, 0, 1, 3, 1, 3, 1, 1, 0, 3, 3, 0, 3, 3, 3, 0, 0, 2, 3, 0, 3, 1, 3, 0, 3, 1, 0, 3, 0, 2, 1, 1, 2, 1], "predicted_labels": [0, 0, 3, 3, 3, 3, 3, 3, 3, 1, 1, 3, 1, 3, 3, 3, 3, 0, 0, 3, 1, 3, 3, 3, 1, 1, 3, 0, 3, 1, 0, 1, 1, 3, 3, 3, 1, 3, 3, 1, 1, 1, 1, 0, 3, 0, 0, 3, 0, 3, 3, 0, 3, 0, 3, 1, 1, 3, 0, 3, 3, 0, 1, 1, 0, 1, 3, 0, 3, 3, 0, 0, 1, 1, 3, 3, 0, 3, 1, 0, 3, 3, 3, 3, 0, 3, 3, 3, 3, 1, 1, 1, 3, 1, 3, 3, 0, 3, 1, 3, 1, 3, 3, 3, 0, 1, 0, 3, 3, 3, 3, 3, 0, 1, 1, 3, 1, 0, 0, 0, 0, 1, 0, 1, 3, 3, 1, 1, 1, 1, 3, 3, 0, 3, 3, 0, 3, 1, 1, 1, 3, 0], "confidence_scores": [[0.34963913863913865, 0.2669185148185148, 0.13942279942279948, 0.24401954711954724], [0.2844805416805419, 0.27805001110001115, 0.18859876789876817, 0.24887067932067944], [0.22005631590631608, 0.22520240315240309, 0.23258017538017545, 0.32216110556110567], [0.24265053280053292, 0.27494437229437246, 0.19803921078921086, 0.28436588411588426], [0.2388741258741259, 0.2522842213342214, 0.21174554889554897, 0.29709610389610375], [0.25907252192252206, 0.21788065823065839, 0.23827233877233883, 0.28477448107448095], [0.23111538184038186, 0.22214981684981694, 0.25337823287823297, 0.29335656843156854], [0.25567335442335465, 0.2588353979353981, 0.2203661061161061, 0.2651251415251416], [0.2631737873237874, 0.26115026085026083, 0.17846605339105348, 0.29720989843489837], [0.2606108391608393, 0.2808465367965367, 0.19327821622821628, 0.26526440781440797], [0.24802628596893328, 0.2792014291264291, 0.19963655788655785, 0.27313572701808003], [0.25460142635142635, 0.2156354256854258, 0.22527476412476424, 0.3044883838383838], [0.2830012709512712, 0.3140072538572539, 0.15255439005439012, 0.25043708513708524], [0.23604908424908436, 0.2621596514596515, 0.23409134003251658, 0.267699924258748], [0.2543125541125542, 0.26945274725274726, 0.17342156177156173, 0.3028131368631369], [0.29294911199911206, 0.2572846542346542, 0.14545230880230892, 0.304313924963925], [0.2613918220668222, 0.2511833999334001, 0.16405126262626266, 0.32337351537351533], [0.29190098235098255, 0.26236928071928084, 0.17845715395715409, 0.26727258297258305], [0.3203693639693639, 0.2209166963755201, 0.19373821733821736, 0.264975722316899], [0.27062595737595757, 0.2630307137307137, 0.18572486402486407, 0.28061846486846487], [0.22463809523809536, 0.2909082251082253, 0.26838766233766237, 0.2160660173160174], [0.24536336163836162, 0.24848888333888333, 0.24887504717504713, 0.25727270784770784], [0.25815437617937625, 0.22747803030303032, 0.22685366855366854, 0.287513924963925], [0.28522642430668765, 0.2398091353091354, 0.1662570651570652, 0.3087073752271121], [0.2253061161061163, 0.289809925368749, 0.24192676212676217, 0.24295719639837302], [0.24573944914734408, 0.2924012931512931, 0.240629015721121, 0.22123024198024208], [0.2647599456099456, 0.2025843711843712, 0.2494968253968256, 0.28315885780885774], [0.2854433621933623, 0.25363347763347766, 0.20801890331890335, 0.252904256854257], [0.30041161616161627, 0.24222628482628492, 0.13255827505827505, 0.32480382395382384], [0.200054895835159, 0.3128220945720947, 0.1929322150072152, 0.29419079458553143], [0.2662188533688535, 0.26413585858585864, 0.20813533133533146, 0.2615099567099569], [0.26292091242091253, 0.2841904262404263, 0.1780012856424622, 0.2748873756961993], [0.23632366522366532, 0.3324895437895439, 0.19467821067821076, 0.23650858030858032], [0.26778463203463204, 0.2663814796314798, 0.1876228049728051, 0.2782110833610833], [0.20694129204129205, 0.23486394716394726, 0.2205622211122211, 0.3376325396825396], [0.23935345181134662, 0.2556272671772675, 0.2022616053537107, 0.3027576756576758], [0.24082217227217234, 0.3474353313353312, 0.17787407592407598, 0.23386842046842063], [0.2433294538794541, 0.23992974802974806, 0.1968523421023421, 0.31988845598845617], [0.237179725829726, 0.26130786990787, 0.1762241314241315, 0.3252882728382725], [0.25914337688455336, 0.2717241425241426, 0.20089612805495163, 0.2682363525363527], [0.23131913641913657, 0.316115850815851, 0.2140998556998558, 0.23846515706515728], [0.23457790771320192, 0.33688708089296315, 0.18578563854446217, 0.2427493728493728], [0.21824359529359533, 0.2813670773670772, 0.22794675324675331, 0.2724425740925741], [0.31999091104973454, 0.1847565934065934, 0.19281116465234113, 0.3024413308913308], [0.2491853590853592, 0.24343152403152418, 0.21621753246753248, 0.29116558441558443], [0.27340284992784997, 0.27133121878121885, 0.18996878121878122, 0.26529715007215027], [0.2663334554334556, 0.2501966422466422, 0.22046586191586195, 0.2630040404040405], [0.24172067377067388, 0.276557536907537, 0.19521130536130532, 0.2865104839604841], [0.2875087551337551, 0.26985376845376846, 0.15671660561660566, 0.285920870795871], [0.21686893384393385, 0.2692413086913088, 0.1993140942390942, 0.3145756632256632], [0.28908016428016436, 0.2379718392718394, 0.1624878787878789, 0.31046011766011755], [0.3377755966255967, 0.2289304861804862, 0.180119413919414, 0.2531745032745034], [0.2508782689532691, 0.2702079503829505, 0.17658106533988904, 0.30233271532389183], [0.3040580086580085, 0.24689724164724178, 0.17482066822066822, 0.2742240814740816], [0.26232117882117895, 0.27277177267177266, 0.1895622155622157, 0.2753448329448331], [0.23559261849261862, 0.3152833000333002, 0.23098484293484295, 0.21813923853923864], [0.2580333000333, 0.3029953990453992, 0.16367111222111227, 0.27530018870018874], [0.2675325008325009, 0.2627058996558996, 0.19714723609723617, 0.27261436341436346], [0.32340523920523934, 0.2138619602619603, 0.19550455100455114, 0.26722824952824953], [0.23834190809190808, 0.26998506493506497, 0.1896925574425575, 0.3019804695304695], [0.19497727272727275, 0.27962984792984813, 0.14898927183927188, 0.3764036075036075], [0.32853872597990236, 0.2213670412920414, 0.16644664306281953, 0.28364758966523684], [0.2157498889998891, 0.3155378611726437, 0.16916416361416364, 0.29954808621330353], [0.25368099123099125, 0.32278374958374967, 0.1712602508602509, 0.2522750083250084], [0.3119139360639362, 0.26163499278499275, 0.1322392385392386, 0.29421183261183276], [0.25787604617604626, 0.2926569763569766, 0.15766159951159958, 0.29180537795537803], [0.23795718170718183, 0.2433684260184262, 0.19160686535686547, 0.32706752691752694], [0.3087264013764012, 0.28290790875790867, 0.17938743478743488, 0.22897825507825512], [0.2774963092463093, 0.23717527472527475, 0.19543373097490752, 0.28989468505350857], [0.23931621156621155, 0.2211520202020203, 0.2170255411255411, 0.3225062271062272], [0.27204322344322346, 0.26458857253857265, 0.21453174603174607, 0.24883645798645818], [0.2973907259407259, 0.2070291114114644, 0.2119022683199155, 0.2836778943278945], [0.16889881229881232, 0.30607096792096805, 0.23059214674214665, 0.2944380730380731], [0.23666122766122777, 0.29780543345543353, 0.21154298479298486, 0.2539903540903542], [0.2119404269706901, 0.2692665445665444, 0.22435858585858587, 0.29443444260417934], [0.21438415473415487, 0.2770727050727052, 0.17251546786546795, 0.3360276723276723], [0.3377347763347761, 0.22690803085803088, 0.16239531024531034, 0.2729618825618826], [0.29874165001665015, 0.21976640026640035, 0.17447943445443453, 0.30701251526251544], [0.2561972693972694, 0.3159787656787657, 0.1475383283383284, 0.28028563658563665], [0.3102163986340457, 0.19469903429903435, 0.18632364302364313, 0.3087609240432769], [0.2544703208556151, 0.22856379339614644, 0.20732935561170862, 0.3096365301365301], [0.26834737484737486, 0.22444670329670335, 0.23077489732489742, 0.27643102453102447], [0.2694651903651905, 0.26039669219669215, 0.13630552780552777, 0.3338325896325896], [0.2913838494838495, 0.1871146631146631, 0.18085857753357756, 0.3406429098679098], [0.3511059385059384, 0.2187436507936508, 0.15829285714285718, 0.2718575535575537], [0.27484811299811307, 0.24073839952318224, 0.18448388278388297, 0.299929604694822], [0.28301551226551236, 0.23293690198690217, 0.17365026640026654, 0.3103973193473194], [0.2589365280917912, 0.22714621489621498, 0.1611534077034078, 0.3527638493085861], [0.24812586302586306, 0.21163210678210687, 0.22149746919746935, 0.3187445609945608], [0.24448855588855595, 0.2823548118548119, 0.25579612609612623, 0.21736050616050628], [0.2711709790209791, 0.32018135753135757, 0.17979145854145842, 0.22885620490620492], [0.22843524122935902, 0.35182793676911317, 0.16403734043734045, 0.2556994815641876], [0.18830565741448102, 0.2765862914862916, 0.1722980943892709, 0.36280995670995664], [0.28930893550893555, 0.3121713092463092, 0.12742822455322456, 0.2710915306915307], [0.2704935064935067, 0.2261155455655456, 0.18157094572094584, 0.3218200022200023], [0.2351629017181649, 0.27910720945720946, 0.1786164391164392, 0.3071134497081867], [0.29471577866577886, 0.2579638694638694, 0.15762229437229444, 0.28969805749805755], [0.23237115498880212, 0.2749861915861918, 0.1883022533022534, 0.30434040012275304], [0.20719256495138844, 0.29298018843901186, 0.21104569482804786, 0.2887815517815517], [0.19679056499056494, 0.29095493754611407, 0.20505611251493616, 0.3071983849483849], [0.26400966533466547, 0.2954658674658674, 0.15143044733044753, 0.28909401986901984], [0.2075128427128428, 0.28082127039627053, 0.21648482628482635, 0.29518106060606064], [0.24406777666777668, 0.2855581085581086, 0.17410271395271415, 0.29627140082140074], [0.24893733015350675, 0.2252873931623932, 0.18311762877645238, 0.3426576479076481], [0.3012629537129539, 0.2712656510156511, 0.17186457431457433, 0.2556068209568211], [0.24892973137973146, 0.2690346819846821, 0.2177188977688979, 0.2643166888666889], [0.3145561466311466, 0.26024251026751033, 0.1708575757575758, 0.2543437673437675], [0.24208636363636382, 0.2661454248366014, 0.1884932476020712, 0.3032749639249637], [0.2482536848772144, 0.24437520583991199, 0.18463741944330186, 0.322733689839572], [0.25155063270063277, 0.24775396270396274, 0.1346355921855922, 0.36605981240981217], [0.264373903873904, 0.27301680541680534, 0.17212902097902102, 0.2904802697302698], [0.2702204295704296, 0.2736001304251304, 0.11506543456543462, 0.3411140054390054], [0.3434945443445443, 0.23033059718059726, 0.15506491286491295, 0.27110994560994567], [0.24394768434180203, 0.3279825076883898, 0.14627242202242216, 0.28179738594738596], [0.23004528804528815, 0.32404705017205, 0.1471931318681319, 0.2987145299145301], [0.23682804417804426, 0.2767979242979243, 0.17344191919191923, 0.31293211233211227], [0.20497660117660124, 0.3387891552891552, 0.1813876789876791, 0.2748465645465645], [0.2849434176934178, 0.2500622877122878, 0.18931282051282053, 0.2756814740814742], [0.2856453157953157, 0.24222489177489176, 0.18761183261183267, 0.28451795981795996], [0.2773917824006058, 0.2487562140473906, 0.2020879009879011, 0.27176410256410266], [0.32441583139083113, 0.26090455100455107, 0.12525751193251194, 0.2894221056721057], [0.2575838522588523, 0.33471839826839833, 0.1588274891774892, 0.24887026029526038], [0.30653904983904984, 0.2371174603174604, 0.16158881673881684, 0.2947546731046732], [0.1711709235209236, 0.3662668109668108, 0.2053344877344878, 0.2572277777777779], [0.22387728382728386, 0.23479464979464992, 0.21887537462537474, 0.3224526917526917], [0.22632075930605353, 0.26644366907602185, 0.22217917801153098, 0.28505639360639357], [0.23899374514374513, 0.32414899544899545, 0.15526702741702744, 0.28159023199023214], [0.23135882450882458, 0.31085346320346313, 0.17382438117438131, 0.2839633311133312], [0.26876287274816685, 0.30033004936240215, 0.16995575698811, 0.26095132090132095], [0.2687357776210719, 0.29009590017825315, 0.18010210508445812, 0.2610662171162172], [0.22147873792873796, 0.25507158397158414, 0.19991540681540687, 0.3235342712842714], [0.253493672993673, 0.23816031746031754, 0.22103354978354983, 0.2873124597624597], [0.3618715465906641, 0.21978592094180324, 0.15210551948051956, 0.26623701298701297], [0.2833066198507375, 0.2383607683166507, 0.18666191586191588, 0.2916706959706962], [0.2939383838383837, 0.23207130647130653, 0.1571115218115219, 0.3168787878787879], [0.3085467032967032, 0.25874466089466097, 0.14920598290598297, 0.2835026529026529], [0.23681311139840555, 0.23978254686489978, 0.17126732319967622, 0.3521370185370185], [0.25543836163836187, 0.30820769785769775, 0.16000053835053846, 0.2763534021534022], [0.265978896103896, 0.27442806637806644, 0.19054498556998567, 0.2690480519480518], [0.2427665723165726, 0.290883189033189, 0.18490511710511723, 0.2814451215451215], [0.2371435092685094, 0.2458319236319236, 0.1913907453657455, 0.3256338217338218], [0.3168394438894439, 0.26084242424242426, 0.1626582473082474, 0.2596598845598846]]}}