{"test": {"ids": ["98108410", "113119700", "106113260", "111118910", "105121190", "101109370", "99108080", "100112060", "104117630", "110121140", "104110960", "105118171", "107113260", "99117630", "99110730", "108120260", "113119340", "101110150", "111115910", "107118520", "102118380", "100120010", "105118230", "98106560", "101111310", "112120290", "109121351", "108114670", "97114170", "112116610", "110114920", "101108950", "102110050", "110121500", "99107300", "104111550", "102110750", "112118930", "113117550", "98109230", "104119340", "110120640", "108116120", "112117210", "100117420", "97109570", "113122160", "110116501", "97110950", "97111790", "99108460", "99110050", "105113480", "106115120", "98108370", "106114011", "112117461", "109120540", "104113170", "109117431", "102117351", "112118860", "102121440", "105118740", "100109311", "110114950", "108115570", "97106820", "106117770", "109114220", "105113620", "107113170", "109120621", "103118291", "112118620", "102107961", "98117740", "104116800", "113119120", "113122170", "113121810", "110121720", "106114321", "107113360", "99109860", "110114610", "99114890", "104111880", "111114321", "103112470", "105112260", "111116110", "106116120", "109121410", "98112580", "110119300", "107121640", "110120700", "106120640", "98121790", "104113240", "100109360", "102109910", "100109330", "111119950", "111119300", "102112030", "97116800", "109117150", "107115250", "107120880", "99109840", "106118820", "109118701", "113118810", "106116850", "99108520", "105116441", "102110500", "101108121", "113121980", "109115211", "113118690", "108115250", "111116170", "99117740", "98108970", "105113440", "99112641", "101112540", "103111170", "109117630", "110113591", "104114410", "113117340", "107118820", "100108990", "106119260", "98119591", "98111231", "104111531", "113117630"], "labels": [1, 0, 3, 0, 2, 1, 3, 2, 0, 3, 2, 3, 0, 3, 3, 1, 0, 1, 2, 2, 1, 0, 1, 1, 3, 1, 0, 3, 2, 1, 3, 2, 3, 3, 3, 1, 1, 1, 3, 1, 1, 0, 1, 1, 2, 0, 3, 3, 3, 2, 0, 3, 0, 1, 1, 1, 0, 1, 3, 1, 1, 3, 2, 1, 1, 0, 3, 1, 0, 3, 0, 0, 1, 0, 3, 3, 2, 1, 3, 1, 2, 3, 2, 0, 2, 1, 2, 3, 1, 1, 3, 3, 1, 0, 2, 1, 1, 2, 3, 2, 2, 0, 2, 0, 0, 1, 2, 0, 2, 2, 1, 2, 3, 3, 3, 3, 2, 1, 3, 0, 2, 0, 3, 1, 0, 2, 3, 0, 1, 2, 2, 0, 0, 1, 2, 3, 2, 1, 1, 1, 0, 0], "predicted_labels": [0, 1, 3, 3, 1, 1, 3, 1, 0, 1, 0, 1, 1, 0, 1, 3, 0, 3, 3, 1, 3, 1, 1, 3, 0, 0, 0, 3, 3, 0, 3, 1, 1, 1, 1, 1, 1, 1, 3, 0, 3, 1, 0, 1, 1, 3, 1, 3, 0, 0, 3, 1, 3, 3, 1, 1, 3, 1, 1, 1, 3, 1, 1, 1, 3, 3, 3, 0, 1, 3, 1, 3, 3, 3, 3, 1, 3, 3, 3, 3, 1, 3, 0, 3, 3, 1, 1, 3, 1, 1, 3, 3, 0, 3, 1, 1, 0, 1, 1, 1, 1, 3, 3, 1, 3, 3, 3, 0, 0, 1, 3, 3, 1, 1, 3, 1, 1, 1, 0, 3, 3, 3, 0, 1, 3, 3, 1, 3, 0, 1, 3, 0, 0, 3, 1, 1, 0, 0, 0, 0, 3, 1], "confidence_scores": [[0.29685996225996225, 0.2846115995115994, 0.15663454878454885, 0.26189388944388947], [0.25466110360228017, 0.37344368409368406, 0.1904331585081585, 0.18146205379587735], [0.2776829004329004, 0.25764920634920657, 0.1746388333888334, 0.29002905982905985], [0.22336356421356426, 0.29708634143634144, 0.15888257853257856, 0.32066751581751546], [0.24225471195471188, 0.30306021201021205, 0.21612519147519157, 0.23855988455988456], [0.20863470418470426, 0.34931719946719963, 0.2105092685092685, 0.23153882783882793], [0.23320810300810313, 0.27194691974691987, 0.21505637695637694, 0.27978860028860025], [0.2562036391712864, 0.2880720498455794, 0.21840351609175132, 0.23732079489138322], [0.276517562992563, 0.25862121212121225, 0.23905068542568556, 0.22581053946053964], [0.2273637251637252, 0.3482319652569653, 0.1747144910644912, 0.24968981851481853], [0.3022971694971695, 0.2302155733155735, 0.1829850954600956, 0.2845021617271618], [0.22470108225108232, 0.3069772280007575, 0.16712463712757836, 0.30119705262058205], [0.23099215784215799, 0.32121258770469296, 0.17865028305028308, 0.26914497140286614], [0.3034450588627061, 0.24153032523032517, 0.19268041958041968, 0.26234419632654943], [0.22938726632844295, 0.3015870704458939, 0.17591772671772676, 0.29310793650793643], [0.26199025974025986, 0.2755753968253969, 0.15925050505050511, 0.3031838383838384], [0.307496536796537, 0.27316428016428024, 0.13951655011655012, 0.279822632922633], [0.2768095404595404, 0.2554057220557221, 0.16067544122544125, 0.3071092962592964], [0.22878552281052303, 0.2491547563547565, 0.23962441169941182, 0.2824353091353092], [0.2024552170052171, 0.36184095904095886, 0.178679242979243, 0.2570245809745809], [0.23476573426573433, 0.2854181041181041, 0.19407500277500284, 0.28574115884115897], [0.20025297202797215, 0.336542390942391, 0.20242440614940618, 0.26078023088023095], [0.22749146409146417, 0.3459226187211481, 0.1357417366946779, 0.2908441804927099], [0.2999761183261185, 0.21178401875901887, 0.17722116217116224, 0.31101870074370075], [0.28514487734487737, 0.27186131091131094, 0.16901767121767128, 0.2739761405261405], [0.30142562715062715, 0.2543898268398269, 0.1982823093573094, 0.24590223665223684], [0.2991048063048062, 0.27279469974469983, 0.15963117160617166, 0.2684693223443226], [0.22969070096570107, 0.2698821040071041, 0.21305737040737047, 0.28736982461982474], [0.25371595626595644, 0.26771329226329227, 0.203594821844822, 0.2749759296259297], [0.30670734832762714, 0.2624749284599131, 0.18809269823743507, 0.242725024975025], [0.2694491341991343, 0.28202987845487854, 0.16632971750471764, 0.2821912698412698], [0.22989330114330128, 0.29136972406678296, 0.21757196137196144, 0.26116501341795473], [0.23569029859029872, 0.30522799945152895, 0.20146279341573456, 0.2576189085424379], [0.29093314740814735, 0.3003643939393939, 0.16198668831168844, 0.24671577034077033], [0.23352614607614616, 0.30559668109668103, 0.16638207903207916, 0.2944950937950939], [0.2203493145743147, 0.30677808302808296, 0.22174244366744375, 0.2511301587301588], [0.2555472943722944, 0.3321566294816295, 0.2114822011322013, 0.20081387501387513], [0.26654371184371206, 0.2945962315462316, 0.14544065379065385, 0.29341940281940293], [0.26896577486840656, 0.19736861092124255, 0.18411621916095597, 0.34954939504939503], [0.26489412613530255, 0.23509052254934612, 0.24192195582195597, 0.25809339549339555], [0.226906062358694, 0.2928473203696888, 0.1607957292707294, 0.31945088800088794], [0.2638946664446666, 0.2938902874902876, 0.20161016761016756, 0.24060487845487863], [0.3165736152736153, 0.226718661893662, 0.15553309745809754, 0.30117462537462547], [0.24485705960705975, 0.3043802031302031, 0.21352551060051062, 0.23723722666222677], [0.24185935730935748, 0.2626033133533135, 0.23758666333666337, 0.25795066600066613], [0.2504221306471308, 0.2809187451437453, 0.17703864746364756, 0.29162047674547675], [0.2145832334332335, 0.3263976356976357, 0.2127919302919304, 0.24622720057720068], [0.2660398767898769, 0.27016587856587876, 0.14798066933066936, 0.31581357531357535], [0.30307480852480834, 0.25607705627705646, 0.15062783882783892, 0.29022029637029645], [0.2858895715395718, 0.2338346764346765, 0.21654345931845942, 0.26373229270729276], [0.25952268740031903, 0.2557184242657929, 0.15513364968364973, 0.3296252386502387], [0.22263455433455442, 0.2922813131313132, 0.22648144078144092, 0.25860269175269174], [0.22093616938616945, 0.24881125541125554, 0.19993280608280614, 0.3303197691197692], [0.2868706316559259, 0.25026124431124436, 0.1674846519493579, 0.295383472083472], [0.20963027148290317, 0.30605678940942105, 0.21969774874248568, 0.2646151903651904], [0.2470795093795095, 0.2842719835719836, 0.21895276390276397, 0.2496957431457434], [0.294393650793651, 0.19955159285159296, 0.15592631812631816, 0.3501284382284381], [0.24596262626262624, 0.3112498723498721, 0.17726179376179385, 0.2655257076257077], [0.20869961149961158, 0.3905494921744921, 0.164515034965035, 0.2362358613608614], [0.2038534632034632, 0.33242365347071245, 0.20062857142857146, 0.2630943118972532], [0.2805211843711844, 0.25524814629814635, 0.13647332112332117, 0.3277573482073482], [0.26321328948828954, 0.29842791652791645, 0.1961703157953158, 0.2421884781884783], [0.2403191863691865, 0.3277373903873903, 0.17363880286380298, 0.25830462037962065], [0.21232673057936224, 0.32436801356538203, 0.18903248418248428, 0.27427277167277164], [0.23497235542235562, 0.26218647186147187, 0.1677131673881674, 0.3351280053280054], [0.2679987096237096, 0.22487374847374852, 0.1696574120324121, 0.3374701298701299], [0.23526806526806546, 0.2652132811632813, 0.2145296703296703, 0.28498898323898336], [0.29496268731268743, 0.24188316128316142, 0.18451848706848703, 0.2786356643356644], [0.20332002997003, 0.29889925629925634, 0.20336751026751046, 0.29441320346320354], [0.2289625263625265, 0.280044574869575, 0.1959830808080809, 0.29500981795981807], [0.26638383838383856, 0.28129309579309597, 0.21617070152070172, 0.23615236430236436], [0.20962975749740462, 0.27657195582195593, 0.17530159285159289, 0.33849669382904685], [0.25714482739482747, 0.25882905427905417, 0.17687249694749702, 0.3071536213786213], [0.26773981296481303, 0.25916626984127006, 0.19177775557775578, 0.2813161616161617], [0.2759075868575869, 0.2438155011655013, 0.15832541902541902, 0.321951492951493], [0.24996989676989684, 0.30152243867243883, 0.18733416860916877, 0.261173495948496], [0.23575222000222013, 0.23406809024309033, 0.2311268176268176, 0.29905287212787224], [0.22143795371295383, 0.27131483516483507, 0.18493780386280384, 0.32230940725940743], [0.2623181984681986, 0.2150427291662587, 0.17614985912780046, 0.3464892132377427], [0.19948299478299486, 0.2595130980130981, 0.24738287823287827, 0.293621028971029], [0.2010870573870576, 0.30057422022422026, 0.26779311521811533, 0.2305456071706074], [0.23322253857253866, 0.25732549424259965, 0.22202381784881794, 0.287428149336044], [0.26786002886002896, 0.24102647907647917, 0.24359877344877345, 0.24751471861471872], [0.24793652458652474, 0.27663219003219, 0.18883904983904995, 0.28659223554223556], [0.2332382950382953, 0.2522777000777001, 0.22756113331113328, 0.2869228715728718], [0.25559105339105365, 0.2821963591963593, 0.22561999666999671, 0.23659259074259067], [0.19879292374292384, 0.31982978769596404, 0.2572169711007948, 0.22416031746031753], [0.22029279609279617, 0.2558678987678989, 0.20620511155511165, 0.31763419358419354], [0.23438727383727387, 0.313019696969697, 0.18410784215784223, 0.26848518703518703], [0.23233614338877498, 0.30224437054173914, 0.1946364746364746, 0.2707830114330116], [0.19821893939393953, 0.2604004551004552, 0.1884423160173161, 0.35293828948828937], [0.25598554778554794, 0.20949444444444454, 0.18232757797757804, 0.35219242979242976], [0.28674198383316024, 0.2595547694135929, 0.1891698412698413, 0.2645334054834055], [0.2580977799977801, 0.2502338605838607, 0.18316025086025095, 0.3085081085581086], [0.22385699692464414, 0.3217695598519125, 0.16591333111333118, 0.28846011211011224], [0.2084179653679654, 0.310158041958042, 0.20008560883560894, 0.2813383838383839], [0.2928328060828062, 0.23505096015096028, 0.21409004329004336, 0.2580261904761905], [0.2579900432900433, 0.28169877067377075, 0.19250070762570767, 0.26781047841047834], [0.23197380952380953, 0.28966562604062607, 0.19116682761682774, 0.2871937368187366], [0.23978919968919982, 0.2656794760794761, 0.23302798312798334, 0.26150334110334117], [0.2491873459873461, 0.3704102397602395, 0.1876303363303364, 0.19277207792207793], [0.2885766455766454, 0.21134845709845712, 0.2094616883116885, 0.29061320901320903], [0.2765623154623156, 0.226107364857365, 0.17252985347985347, 0.32480046620046626], [0.2225273226773228, 0.29518054723054726, 0.19145352425352435, 0.29083860583860593], [0.24066639471639487, 0.2530827422577423, 0.17397311022311032, 0.3322777528027529], [0.23658580308580326, 0.25109905649905656, 0.15873215118215125, 0.3535829892329891], [0.226972446997447, 0.278040195915196, 0.20497267732267732, 0.2900146797646798], [0.341345238095238, 0.2374534992784994, 0.18348118270618274, 0.23772007992007999], [0.28360466200466217, 0.2742078088578089, 0.24819497724497724, 0.1939925518925519], [0.23426917526917548, 0.2878423243423246, 0.2142760184260184, 0.2636124819624821], [0.22094786324786347, 0.2684427956030899, 0.1899384315031375, 0.32067090964590955], [0.20884701964701974, 0.27687617937617953, 0.22634417804417803, 0.28793262293262295], [0.1991578810078811, 0.32291824841824857, 0.16468046953046955, 0.313243401043401], [0.2426373015873016, 0.2947927627927629, 0.1918519591519592, 0.2707179764679764], [0.2378241147741149, 0.27748101898101907, 0.1670026695526696, 0.3176921966921967], [0.22462349872349874, 0.29355449550449525, 0.20139776334776355, 0.28042424242424235], [0.2673258630258632, 0.2817666611166611, 0.22232618492618503, 0.22858129093129098], [0.20896002886002896, 0.33987527472527473, 0.21127098734598743, 0.23989370906870905], [0.3454162171162171, 0.19814823232323237, 0.15841961371961383, 0.29801593684093686], [0.28649074259074253, 0.23388751607869263, 0.16833044194367733, 0.3112912993868876], [0.18443059542796392, 0.28671760461760487, 0.1666981369507686, 0.36215366300366286], [0.17605072705072708, 0.2797398712398714, 0.18020858585858587, 0.3640008158508159], [0.29710239564357216, 0.24568108003108002, 0.16337507215007213, 0.29384145217527585], [0.21679250749250767, 0.2835340714840716, 0.22252899877899873, 0.2771444222444223], [0.20805638805638804, 0.29703528971028975, 0.17620885503385506, 0.3186994671994672], [0.2583859085359086, 0.2753210900210901, 0.1720701298701299, 0.2942228715728718], [0.1777672272172273, 0.3203197413697415, 0.2195123015873017, 0.28240072982572983], [0.23621151626151643, 0.2253145965145965, 0.24452115662115687, 0.2939527306027304], [0.3046655733155733, 0.2253778166278167, 0.20103142968142973, 0.2689251803751805], [0.23689525474525489, 0.29272408147408147, 0.19560997890997897, 0.274770684870685], [0.2634086302586305, 0.24018072483072497, 0.22044215784215784, 0.2759684870684871], [0.29264548682311864, 0.22363044353307523, 0.22547500759474437, 0.25824906204906223], [0.2855426573426571, 0.27522116217116227, 0.173504256854257, 0.26573192363192377], [0.2864521228771229, 0.23953416305916303, 0.15807756132756146, 0.31593615273615283], [0.2454765234765236, 0.3083018648018649, 0.2005291597291598, 0.2456924519924521], [0.25115754421017583, 0.3038189293162977, 0.15736283716283725, 0.2876606893106894], [0.3059365467865469, 0.23551295926295945, 0.17614723054723055, 0.2824032634032634], [0.32074410981175705, 0.25329133056486003, 0.17826125737008092, 0.24770330225330237], [0.28368061187178834, 0.2407126409538176, 0.20324357799063686, 0.2723631691837574], [0.30860396825396824, 0.23661320346320358, 0.1833121933621935, 0.27147063492063495], [0.22861191586191595, 0.2670702908202909, 0.17832580197580206, 0.32599199134199136], [0.19262102342102352, 0.3233644161394162, 0.20833149350649358, 0.2756830669330671]]}, "rewritten": {"ids": ["97106820", "97109570", "97110950", "97111790", "97114170", "97116800", "98106560", "98108370", "98108410", "98108970", "98109230", "98111231", "98112580", "98117740", "98119591", "98121790", "99107300", "99108080", "99108460", "99108520", "99109840", "99109860", "99110050", "99110730", "99112641", "99114890", "99117630", "99117740", "100108990", "100109311", "100109330", "100109360", "100112060", "100117420", "100120010", "101108121", "101108950", "101109370", "101110150", "101111310", "101112540", "102107961", "102109910", "102110050", "102110500", "102110750", "102112030", "102117351", "102118380", "102121440", "103111170", "103112470", "103118291", "104110960", "104111531", "104111550", "104111880", "104113170", "104113240", "104114410", "104116800", "104117630", "104119340", "105112260", "105113440", "105113480", "105113620", "105116441", "105118171", "105118230", "105118740", "105121190", "106113260", "106114011", "106114321", "106115120", "106116120", "106116850", "106117770", "106118820", "106119260", "106120640", "107113170", "107113260", "107113360", "107115250", "107118520", "107118820", "107120880", "107121640", "108114670", "108115250", "108115570", "108116120", "108120260", "109114220", "109115211", "109117150", "109117431", "109117630", "109118701", "109120540", "109120621", "109121351", "109121410", "110113591", "110114610", "110114920", "110114950", "110116501", "110119300", "110120640", "110120700", "110121140", "110121500", "110121720", "111114321", "111115910", "111116110", "111116170", "111118910", "111119300", "111119950", "112116610", "112117210", "112117461", "112118620", "112118860", "112118930", "112120290", "113117340", "113117550", "113117630", "113118690", "113118810", "113119120", "113119340", "113119700", "113121810", "113121980", "113122160", "113122170"], "labels": [1, 0, 3, 2, 2, 0, 1, 1, 1, 3, 1, 1, 2, 2, 1, 2, 3, 3, 0, 2, 2, 2, 3, 3, 1, 2, 3, 2, 2, 1, 0, 0, 2, 2, 0, 0, 2, 1, 1, 3, 2, 3, 2, 3, 3, 1, 2, 1, 1, 2, 2, 1, 0, 2, 0, 1, 3, 3, 2, 1, 1, 0, 1, 3, 0, 0, 0, 1, 3, 1, 1, 2, 3, 1, 2, 1, 1, 3, 0, 3, 1, 3, 0, 0, 0, 2, 2, 3, 1, 1, 3, 1, 3, 1, 1, 3, 0, 2, 1, 0, 3, 1, 1, 0, 0, 0, 1, 3, 0, 3, 1, 0, 2, 3, 3, 3, 1, 2, 3, 0, 0, 1, 0, 1, 1, 0, 3, 3, 1, 1, 2, 3, 0, 3, 3, 3, 0, 0, 2, 2, 3, 1], "predicted_labels": [3, 3, 0, 0, 1, 0, 1, 1, 1, 1, 3, 0, 1, 3, 0, 3, 1, 0, 3, 0, 1, 3, 3, 1, 0, 1, 0, 0, 1, 3, 3, 0, 0, 1, 1, 3, 3, 1, 3, 1, 3, 1, 3, 1, 0, 1, 1, 0, 1, 1, 1, 3, 1, 0, 1, 1, 3, 1, 1, 0, 1, 3, 3, 1, 3, 3, 1, 1, 3, 1, 1, 1, 1, 0, 3, 1, 3, 1, 1, 3, 3, 1, 3, 1, 1, 1, 1, 1, 3, 0, 0, 1, 1, 0, 1, 3, 3, 1, 1, 1, 0, 0, 3, 1, 3, 1, 1, 3, 1, 3, 1, 1, 1, 1, 0, 1, 1, 1, 3, 3, 3, 3, 3, 0, 1, 3, 3, 0, 3, 0, 1, 3, 1, 3, 3, 3, 3, 1, 1, 3, 1, 3], "confidence_scores": [[0.27344271284271304, 0.2566189255189258, 0.18236777111777117, 0.2875705905205906], [0.2550901875901878, 0.2754964646464647, 0.17307792207792214, 0.29633542568542576], [0.3067589743589742, 0.24063977688977686, 0.17567147852147866, 0.2769297702297703], [0.313463924637454, 0.2648743783993784, 0.1751193760487878, 0.24654232091437994], [0.24653479853479854, 0.29508550240609066, 0.17009358484652615, 0.28828611421258465], [0.3193846042846042, 0.25259967777320724, 0.18117572770366894, 0.2468399902385197], [0.23223115218115223, 0.28201112776112774, 0.23097236652236666, 0.25478535353535375], [0.21626672771672772, 0.2749029526029527, 0.2411132756132756, 0.2677170440670443], [0.2827323593073594, 0.2906512432012432, 0.17248052780552786, 0.25413586968586976], [0.21661561216561231, 0.34448982683982676, 0.17156911976911982, 0.2673254412254413], [0.2534110833610835, 0.23393239538239555, 0.24475290820290826, 0.26790361305361315], [0.3310004329004329, 0.2158627483627485, 0.16424627594627603, 0.2888905427905428], [0.20375750638250648, 0.3321945526695527, 0.18581028138528144, 0.2782376595626597], [0.2104119991119992, 0.23583379675879684, 0.23294893162393168, 0.3208052725052726], [0.29663958623076286, 0.20836922799422813, 0.20359139390021747, 0.2913997918747918], [0.3036462204462204, 0.22428712398712397, 0.16314636474636485, 0.308920290820291], [0.2664231546231547, 0.2846104617604619, 0.17061358641358645, 0.27835279720279726], [0.29176889776889775, 0.2457990323402089, 0.18914827688651223, 0.2732837930043814], [0.24269977244977245, 0.2775072233322234, 0.1630543179043179, 0.3167386863136864], [0.2921673770673772, 0.28525764790764796, 0.20750172605172615, 0.21507324897324911], [0.2007357059607061, 0.3099684482184482, 0.21487231934731946, 0.2744235264735264], [0.23337637917637924, 0.2616121878121879, 0.1919856365856367, 0.31302579642579653], [0.2579024975024976, 0.25206700521700526, 0.2116276334776334, 0.27840286380286383], [0.19614492349755516, 0.3324053373527057, 0.1719419802419803, 0.299507758907759], [0.3454850371850372, 0.21090234210234218, 0.18895545565545568, 0.25465716505716524], [0.20836687756687766, 0.3340632034632035, 0.1754204545454547, 0.28214946442446454], [0.27383310023310037, 0.2612365461336049, 0.23066492951492956, 0.2342654241183653], [0.2862925590749121, 0.2805554695304695, 0.17566774173538882, 0.25748422965922974], [0.26400033300033315, 0.283397324897325, 0.17235472860472867, 0.2802476134976136], [0.2714850593850594, 0.2521318015318016, 0.19302787767787766, 0.2833552614052616], [0.2333481240981243, 0.2930436646686647, 0.17489665334665344, 0.298711557886558], [0.29434415698680416, 0.20168820787056085, 0.2115980463980464, 0.2923695887445886], [0.2645784548784551, 0.2466232323232324, 0.2246562992562992, 0.2641420135420137], [0.23926731601731613, 0.2624842712842715, 0.23692691197691193, 0.26132150072150084], [0.18341452828217536, 0.3243236652236652, 0.22446488674723958, 0.26779691974691977], [0.26507063492063504, 0.24842193362193374, 0.18874236874236883, 0.2977650627150627], [0.2478585137085138, 0.23463338605838627, 0.20396968864468876, 0.31353841158841156], [0.251752308802309, 0.3110057276057275, 0.19344567099567112, 0.24379629259629265], [0.2881278688631629, 0.23327573537573562, 0.18533360299830903, 0.2932627927627928], [0.27592186702186705, 0.28102165057165057, 0.16772793872793887, 0.27532854367854354], [0.2539069580746052, 0.2694127705627706, 0.203573137973138, 0.2731071333894865], [0.22420567210567222, 0.2978597458097458, 0.19436214341214358, 0.2835724386724387], [0.2875578865578866, 0.21038300588300604, 0.16576424686424687, 0.3362948606948607], [0.21028787878787877, 0.29179688612041565, 0.2439967511246923, 0.25391848396701344], [0.3433321345321344, 0.21222145077145083, 0.1547670718170719, 0.289679342879343], [0.23122337662337678, 0.3242197136197136, 0.23645444555444564, 0.20810246420246434], [0.2119222666222668, 0.3213490786990787, 0.18756063381063376, 0.279168020868021], [0.30133217893217923, 0.2390860195360196, 0.18502065434565426, 0.2745611471861472], [0.2071752136752137, 0.30235769230769216, 0.20321936674436678, 0.2872477272727273], [0.25487547452547465, 0.3019581751581753, 0.20419802419802444, 0.23896832611832614], [0.2373840770340771, 0.3056407314907315, 0.20129303751803762, 0.2556821539571541], [0.26766225996226006, 0.25188020868020883, 0.19253913308913312, 0.2879183982683983], [0.28584558774558777, 0.2883965978465979, 0.20242344877344876, 0.22333436563436573], [0.3071235875235877, 0.21551347345465005, 0.2103512960895315, 0.26701164293223134], [0.22860760350760354, 0.3051648851148851, 0.1807541902541903, 0.2854733211233212], [0.22165043290043307, 0.32692015762015736, 0.2124612914862915, 0.23896811799311796], [0.18855389610389617, 0.272331340881341, 0.1842178155178155, 0.35489694749694745], [0.24167191697191712, 0.33275048840048843, 0.17004395604395614, 0.2555336385836387], [0.21772094572094577, 0.3926222610722607, 0.16012345987345997, 0.22953333333333345], [0.3116488547400313, 0.2224750657838893, 0.1658438672438673, 0.30003221223221216], [0.2192742146742147, 0.3080519092019094, 0.19485874680874685, 0.27781512931512925], [0.268838467088467, 0.26076057276057285, 0.17361259851259866, 0.29678836163836164], [0.2804892773892775, 0.26516282883782893, 0.1640895021645022, 0.2902583916083916], [0.17062346542346554, 0.31628576978576967, 0.1987050505050506, 0.3143857142857143], [0.26189355644355655, 0.22870977355977368, 0.2060675990675991, 0.30332907092907097], [0.2292465145965147, 0.2491276196026199, 0.1771340548340549, 0.3444918109668108], [0.24783602508602523, 0.33493525918525935, 0.1986240981240983, 0.21860461760461766], [0.19334393384393384, 0.3217168831168833, 0.18689264069264075, 0.29804654234654265], [0.276103441003441, 0.2755198912198913, 0.13296567876567883, 0.31541098901098896], [0.2316766677766679, 0.2987707126207126, 0.1736832334332334, 0.2958693861693861], [0.1799853163176693, 0.32498662448662446, 0.21850700247464963, 0.27652105672105676], [0.213449888999889, 0.3396401265401265, 0.22595717060717063, 0.22095281385281404], [0.26341471306471315, 0.33254307914307907, 0.16111414696414703, 0.24292806082806084], [0.3023758352758353, 0.285838283938284, 0.18133131313131323, 0.23045456765456773], [0.2616983405483405, 0.22607614607614618, 0.2246183261183262, 0.2876071872571873], [0.2698773670773672, 0.27988870018870027, 0.17646594794094808, 0.2737679847929848], [0.24040894105894123, 0.2719698634698634, 0.19293805083805085, 0.29468314463314466], [0.2670500499500501, 0.2811266233766235, 0.20425702075702076, 0.24756630591630596], [0.24185981240981252, 0.30347866022866005, 0.18249446109446127, 0.27216706626706644], [0.1860474081474081, 0.27215047730047737, 0.18439723609723616, 0.35740487845487845], [0.26673031249795964, 0.26189117157352454, 0.19028566433566452, 0.2810928515928515], [0.24408984903984907, 0.33008725163725183, 0.17164019314019316, 0.2541827061827063], [0.23438130758130776, 0.24036746586746593, 0.16419473304473312, 0.3610564935064935], [0.24982664002664, 0.31259173049173045, 0.16088096348096345, 0.27670066600066606], [0.2687149822399823, 0.28278001720501733, 0.17721415806415816, 0.27129084249084257], [0.23758251748251763, 0.2892748746351687, 0.20071280157750745, 0.27242980630480634], [0.21344288489288496, 0.37253228993228976, 0.16138934121434118, 0.252635483960484], [0.22685829170829183, 0.3429266955266956, 0.18308142968142982, 0.24713358308358316], [0.2673242757242758, 0.2538038406038407, 0.1794063880563881, 0.29946549561549574], [0.3237380508380509, 0.24512840492840512, 0.17245752580752596, 0.2586760184260184], [0.27108242590742604, 0.24270147907647913, 0.22243675213675204, 0.26377934287934296], [0.21635421245421263, 0.291039738039738, 0.20927019647019654, 0.28333585303585307], [0.2338725108225109, 0.2873796037296038, 0.20368691308691306, 0.27506097236097227], [0.374382273282273, 0.1951071095571097, 0.15649296259296266, 0.2740176545676547], [0.2566645521145522, 0.3103709235209233, 0.15275355755355766, 0.2802109668109668], [0.24858746808746826, 0.25706517371517384, 0.19215572205572218, 0.3021916361416361], [0.20956655011655026, 0.28153202353202356, 0.1803316960816962, 0.3285697302697304], [0.2735813131313132, 0.32213804528804557, 0.1923097680097681, 0.21197087357087374], [0.22402501387501395, 0.33037007992007994, 0.18660194805194807, 0.25900295815295815], [0.26352524872788047, 0.2832230045668127, 0.22504566765363984, 0.22820607905166734], [0.2922975524475526, 0.2532669774669777, 0.19951601731601737, 0.2549194527694529], [0.29633302808302825, 0.2540699134199134, 0.16794804639804653, 0.2816490120990121], [0.2317409463085934, 0.2413217865467867, 0.22091124871860174, 0.3060260184260185], [0.2637662876339348, 0.2854775779775779, 0.16788886832122135, 0.2828672660672662], [0.2352239038739038, 0.2799283771783773, 0.17768672438672442, 0.3071609945609944], [0.22517079032079032, 0.29736945276945287, 0.20246007326007337, 0.2749996836496837], [0.2608372611049084, 0.2688944294267823, 0.209009484959485, 0.2612588245088246], [0.2511320207570209, 0.2621937506937508, 0.15531879509379506, 0.33135543345543345], [0.24040929070929068, 0.31254956709956705, 0.16845229770229767, 0.2785888444888445], [0.2668957986457987, 0.2614140331890333, 0.1553805056055057, 0.3163096625596627], [0.22645481185481195, 0.3013239815739817, 0.19925920745920755, 0.2729619991119991], [0.23998773448773458, 0.30616688311688317, 0.195825419025419, 0.25801996336996347], [0.26928097458097466, 0.3047214119214121, 0.1789306526806527, 0.24706696081696106], [0.2517877741539507, 0.311387628221452, 0.2047618048618049, 0.23206279276279274], [0.28495406815406826, 0.2783856393606395, 0.1519855006105006, 0.2846747918747919], [0.2469169663669666, 0.27775053280053286, 0.20712941502941512, 0.2682030858030858], [0.25943384393384405, 0.26687450634161164, 0.2096011072261074, 0.2640905424984373], [0.22548071928071944, 0.31121273171273156, 0.19953862803862807, 0.263767920967921], [0.23996782106782114, 0.18354453879453891, 0.16887123987123998, 0.4076164002664004], [0.21974879009879023, 0.2805652236652237, 0.19668195138195144, 0.3030040348540348], [0.2279270562770565, 0.26217883782883783, 0.18766531246531265, 0.3222287934287934], [0.24433411588411594, 0.25572397047397055, 0.15957013542013557, 0.3403717782217781], [0.2265774503274505, 0.23458514541014544, 0.19411547064047074, 0.34472193362193376], [0.31642145077145073, 0.23712024642024648, 0.18848660228660238, 0.25797170052170054], [0.2252625152625154, 0.3159907314907314, 0.22880855810855805, 0.22993819513819516], [0.3053677933177934, 0.1935315462315463, 0.15495420967920975, 0.346146450771451], [0.2877858974358976, 0.2359164224664225, 0.16538014763014774, 0.31091753246753245], [0.26148184038184047, 0.24736173826173843, 0.24029449439449446, 0.25086192696192705], [0.2537064102564105, 0.2607226995226996, 0.1764775696525697, 0.30909332056832056], [0.300108485958486, 0.2506990231990232, 0.1990951270951271, 0.25009736374736385], [0.238113136863137, 0.2939804639804639, 0.1982036574536575, 0.2697027417027419], [0.2653405261405261, 0.24418347763347778, 0.19345675990675995, 0.2970192363192363], [0.21112029637029642, 0.31054219946719946, 0.2178154262404263, 0.2605220779220779], [0.2570668831168831, 0.25886406926406924, 0.20167481962481965, 0.28239422799422803], [0.2163517038517039, 0.2619800865800867, 0.1899657564657565, 0.3317024531024531], [0.24569564879564895, 0.20456777111777127, 0.19332922077922085, 0.3564073593073594], [0.29241651126651136, 0.26450889110889103, 0.14288787323787328, 0.30018672438672445], [0.23748497058497067, 0.3537640470640471, 0.18690692085692093, 0.22184406149406155], [0.2508882672882675, 0.279405772005772, 0.22360140137640144, 0.24610455932955938], [0.20226855366855379, 0.3062792457542461, 0.18109983072483088, 0.31035236985236997], [0.2131840576090576, 0.31491635031635046, 0.22376139138639153, 0.24813820068820075], [0.16892185869685877, 0.2999439116439118, 0.2186588106338107, 0.312475419025419]]}}