{"test": {"ids": ["101121640", "112117780", "101111140", "112118820", "98106680", "112120990", "99107950", "111115620", "105117431", "101116130", "106112770", "102113350", "111117480", "101112540", "113120601", "107121700", "103111990", "108120700", "100109801", "108120621", "108117360", "113121810", "98111231", "110121140", "108121160", "104111880", "106120290", "105120280", "102110890", "111120320", "97116401", "112121030", "112117580", "102113981", "109117600", "103120531", "105116980", "111119150", "107114950", "103118110", "109113591", "113118630", "97106970", "100109910", "108117720", "103111620", "99107300", "98116940", "107113840", "111119950", "99108890", "99109141", "99110730", "106113260", "109113881", "99107560", "100108520", "101113210", "110119030", "103113210", "113119450", "103111170", "105115900", "98109090", "113120640", "109117110", "101117580", "112118880", "111116010", "105112100", "113122180", "104111620", "112120290", "99111340", "111117200", "97112290", "98106111", "97105960", "98108370", "104113190", "98119591", "109116040", "110114651", "99112531", "108118630", "103109641", "101110740", "113119360", "111121410", "101108460", "112120270", "108116070", "104114740", "99108330", "111119300", "102109010", "97116410", "101112160", "108114200", "113117340", "108115070", "105116090", "113120540", "111118820", "108115870", "99111620", "103117200", "108114040", "108115500", "99108520", "98112300", "110115140", "98121790", "99119830", "110116300", "104118070", "112121430", "105116650", "105118740", "111119580", "104114320", "112117790", "112120640", "110115710", "113119930", "106119580", "104113380", "106113360", "109117080", "99109740", "109120150", "97113900", "100117420", "111114941", "98109230", "98112170", "113122170", "104118340", "101119030", "106118161", "102109850", "107115140"], "labels": [2, 0, 2, 0, 1, 2, 1, 1, 1, 2, 1, 3, 1, 2, 2, 3, 2, 2, 0, 1, 1, 2, 1, 3, 2, 3, 2, 3, 0, 1, 3, 0, 0, 1, 1, 3, 0, 3, 3, 2, 3, 3, 2, 2, 1, 0, 3, 2, 3, 0, 0, 3, 3, 3, 0, 1, 2, 3, 0, 3, 3, 2, 3, 1, 0, 1, 3, 1, 1, 1, 2, 0, 1, 1, 0, 1, 0, 2, 1, 3, 1, 0, 3, 3, 1, 1, 3, 0, 0, 0, 0, 1, 2, 1, 1, 1, 3, 3, 0, 2, 1, 1, 3, 0, 3, 3, 0, 0, 3, 2, 2, 0, 2, 1, 3, 2, 2, 1, 1, 3, 2, 3, 0, 2, 1, 3, 1, 0, 1, 3, 2, 2, 2, 0, 1, 3, 1, 2, 3, 3, 1, 0], "predicted_labels": [3, 3, 0, 1, 1, 1, 1, 3, 3, 1, 3, 3, 1, 3, 1, 3, 3, 1, 3, 3, 0, 1, 0, 0, 3, 3, 1, 1, 0, 3, 1, 3, 3, 3, 3, 3, 3, 1, 3, 1, 0, 1, 3, 3, 3, 3, 3, 1, 1, 0, 1, 0, 2, 1, 0, 1, 2, 3, 1, 1, 3, 0, 3, 3, 0, 1, 3, 0, 3, 3, 1, 0, 1, 1, 0, 3, 2, 3, 3, 1, 0, 3, 3, 3, 3, 1, 1, 3, 1, 3, 0, 1, 3, 3, 1, 1, 0, 1, 1, 3, 1, 3, 1, 0, 3, 1, 1, 3, 1, 2, 0, 3, 0, 0, 1, 3, 3, 1, 1, 3, 1, 3, 0, 1, 1, 1, 3, 3, 1, 3, 1, 0, 3, 1, 2, 0, 3, 3, 3, 1, 2, 3], "confidence_scores": [[0.10621413154775529, 0.30355136998457144, 0.13861627518590608, 0.45161822328176726], [0.1901540708882163, 0.22726397238145202, 0.02115867224657386, 0.5614232844837578], [0.5156845661710379, 0.20673932745717913, 0.06325253046207548, 0.2143235759097075], [0.30124820204991976, 0.46317960158667776, 0.013266490155887531, 0.22230570620751516], [0.11632625429821274, 0.3350096198563133, 0.48708962067301703, 0.061574505172457335], [0.07804041304527137, 0.3352423790294325, 0.3034046192573284, 0.28331258866796744], [0.05777763423550173, 0.40223422447233836, 0.47491376732614415, 0.06507437396601544], [0.14776264683840615, 0.21805667624531677, 0.1415049270518134, 0.49267574986446383], [0.08945507729060058, 0.3323636925281832, 0.13105886009224973, 0.4471223700889665], [0.10402893699220571, 0.44512852741702486, 0.15367373536129975, 0.29716880022946957], [0.08381286894095372, 0.29647704973050815, 0.21870489955374767, 0.40100518177479016], [0.15657718084059313, 0.26551255215660047, 0.2426632835436382, 0.33524698345916837], [0.17749222391706487, 0.42358104261142715, 0.05906764583597331, 0.3398590876355346], [0.14406444141170185, 0.21561734541277466, 0.06682712565968194, 0.5734910875158413], [0.0697942826015797, 0.4034914040983215, 0.3012716757460985, 0.22544263755400037], [0.04805453396352479, 0.36834001560104057, 0.05949093025700601, 0.5241145201784286], [0.2682492588763107, 0.3045385754043385, 0.05839671348072689, 0.36881545223862383], [0.2692068867088627, 0.3903345133836347, 0.08512933450294667, 0.25532926540455586], [0.1973997584848329, 0.2150813098685115, 0.03696369072354747, 0.5505552409231083], [0.272374729859741, 0.27744567553412564, 0.027874283567659728, 0.4223053110384739], [0.37809341915762973, 0.30207529111872394, 0.13068490981641892, 0.18914637990722735], [0.06950200696808152, 0.3291002905025914, 0.30698517310073986, 0.2944125294285871], [0.9129554959584288, 0.026462226621859954, 0.013287824734090212, 0.047294452685621116], [0.7872596645627443, 0.08955446215754773, 0.0045863426728593865, 0.11859953060684886], [0.03268674425040014, 0.08789525260474622, 0.01998534731660257, 0.859432655828251], [0.031021367620536224, 0.2874360035535746, 0.0463900428121769, 0.6351525860137124], [0.058571164785714204, 0.663746380189435, 0.045810275654530816, 0.23187217937032037], [0.13834285178646444, 0.6722929728024749, 0.05124110958544218, 0.13812306582561842], [0.6891651001415571, 0.04044944585214831, 0.01987740069209013, 0.2505080533142043], [0.10424550395570181, 0.12300968442937193, 0.06216419586485402, 0.7105806157500721], [0.1684194335618993, 0.27634905460026, 0.46940417254942557, 0.08582733928841518], [0.475710174557526, 0.10758285805634991, 0.03249822051093175, 0.3842087468751923], [0.2055418191235667, 0.2562697412264636, 0.012634661534233487, 0.5255537781157363], [0.370492015322445, 0.23671124002763524, 0.017858040884452912, 0.3749387037654668], [0.2661238275916086, 0.24089684453505167, 0.1314738040659774, 0.3615055238073625], [0.22430804376084212, 0.18937207013689222, 0.03623198347993514, 0.5500879026223305], [0.09862602988779073, 0.31347409820672184, 0.0024604544756956304, 0.5854394174297918], [0.26954325906571336, 0.3819704435328468, 0.026995221749846688, 0.3214910756515932], [0.25307099661814847, 0.22729206548127387, 0.06230895531534228, 0.45732798258523555], [0.09874131579377368, 0.28454550963965003, 0.3329358990004369, 0.2837772755661394], [0.5108292418197358, 0.20822641121549681, 0.009042418290603838, 0.2719019286741636], [0.03454420814785305, 0.4137905253700757, 0.26654899372684515, 0.2851162727552261], [0.03557566851743739, 0.19488184882725523, 0.20789888112728358, 0.5616436015280235], [0.13608300277191215, 0.10934238220938419, 0.409149820438172, 0.3454247945805317], [0.10276919049655987, 0.11307427344006835, 0.021173048656115134, 0.7629834874072569], [0.21764066954155434, 0.3159365011883958, 0.06135625268394455, 0.40506657658610506], [0.3510240719193154, 0.058779732475392366, 0.009927577609745499, 0.5802686179955469], [0.15064321413014634, 0.5256260068124172, 0.17821921438708424, 0.14551156467035217], [0.08663279266318015, 0.8121159237524764, 0.04506093378483629, 0.05619034979950733], [0.6660941929027163, 0.0939338093269991, 0.07833346911613716, 0.1616385286541473], [0.10563193303568454, 0.5655334574416236, 0.2830930866551163, 0.04574152286757522], [0.5703908701109901, 0.2952296866018745, 0.006856768866850305, 0.12752267442028548], [0.021130045577399663, 0.10477579989273401, 0.7729824033851898, 0.10111175114467667], [0.12980941534464244, 0.5925147820682588, 0.065271715896691, 0.21240408669040817], [0.5975687162574502, 0.26449291539287173, 0.06987405004753512, 0.06806431830214274], [0.14243527466128472, 0.6937531142390356, 0.08695545129069361, 0.07685615980898604], [0.07366286153524035, 0.0366969910854698, 0.6800232215611521, 0.20961692581813762], [0.16613013240087465, 0.2590938074671594, 0.233985541067361, 0.340790519064605], [0.07874572195181884, 0.42453417943202454, 0.03310573214421875, 0.4636143664719378], [0.07176308795448731, 0.3325510201577819, 0.2998075151977977, 0.2958783766899334], [0.29588599339301863, 0.14339119797161384, 0.06536826030117915, 0.49535454833418824], [0.6959023850299526, 0.08263749085907095, 0.010297844105958456, 0.21116228000501808], [0.15946605142248885, 0.1842044199727499, 0.030217479686866906, 0.6261120489178944], [0.18512924385062168, 0.07185482950794195, 0.11244892403977579, 0.6305670026016608], [0.6448247626827144, 0.13663484613029805, 0.0038462008602351046, 0.21469419032675233], [0.07744664667099788, 0.5795122502383349, 0.07154608788839972, 0.2714950152022673], [0.09977610500873814, 0.19603140163446442, 0.057964483191248695, 0.6462280101655485], [0.5050804352683398, 0.2725118411501742, 0.025253894189884996, 0.19715382939160117], [0.04853227770857387, 0.31784848713782526, 0.29969760499674614, 0.3339216301568546], [0.482669505694716, 0.04824736203822503, 0.0668682196451808, 0.402214912621878], [0.06162514837907951, 0.41507435214874217, 0.07224403973321442, 0.45105645973896347], [0.8419576323632111, 0.10539998869092884, 0.001010925925824142, 0.051631453020035634], [0.31241784549856355, 0.4527741680999521, 0.007958562717813861, 0.22684942368367075], [0.06275547203789024, 0.30028140486999966, 0.5208990533275512, 0.11606406976455898], [0.5264891692365448, 0.18413027391923734, 0.023303009060674937, 0.2660775477835429], [0.29540783931820247, 0.20699821677891483, 0.26627193302480573, 0.23132201087807677], [0.14435493912887026, 0.0760220040526534, 0.6137794200492659, 0.1658436367692104], [0.296004180808349, 0.12847126864148645, 0.2834317792323024, 0.29209277131786193], [0.19677773846106456, 0.08664730405274919, 0.3702794082892062, 0.34629554919697997], [0.0891816081760677, 0.602980750177649, 0.015710529875434438, 0.29212711177084877], [0.624142805094425, 0.1606156792228046, 0.13229610155842633, 0.08294541412434388], [0.21866223425945086, 0.3057442303129878, 0.07621658566645165, 0.39937694976110943], [0.23530080939762163, 0.12578584605408946, 0.050325185347217354, 0.5885881592010713], [0.25628224368808217, 0.12471006733251795, 0.18004164996053254, 0.438966039018867], [0.05544683841812601, 0.0828451249982444, 0.1782726493693675, 0.6834353872142626], [0.0802915631117291, 0.4582207549601139, 0.17162581311057054, 0.28986186881758624], [0.1602363500245877, 0.4470807432832929, 0.23007610527143252, 0.1626068014206871], [0.10236914474757236, 0.1487925197968964, 0.03657086685214263, 0.7122674686033887], [0.222107008590934, 0.5611931618814482, 0.01137508667030989, 0.205324742857308], [0.3870950571911557, 0.05491492642010453, 0.13200095976315285, 0.4259890566255868], [0.728606174079918, 0.08026371614072114, 0.008004554619500531, 0.18312555515986031], [0.2195943900646528, 0.38365547754778373, 0.1794150572863701, 0.21733507510119326], [0.1041191192342613, 0.29315600129158037, 0.13229132677311717, 0.47043355270104154], [0.06288037958588097, 0.11598448366985938, 0.08093651160256359, 0.740198625141696], [0.02423267014024952, 0.6716836585097326, 0.07787579566103398, 0.22620787568898404], [0.1168157618711299, 0.48717254321127085, 0.2920466546671777, 0.10396504025042129], [0.4797999788225078, 0.14347095071829374, 0.17344112484943708, 0.2032879456097613], [0.06393118513648732, 0.8070297446781505, 0.07110553469082773, 0.057933535494534456], [0.11069334587923269, 0.6213413470861983, 0.08212660364319434, 0.18583870339137457], [0.18462475072646933, 0.1984170491076064, 0.016138715364557157, 0.6008194848013674], [0.16108137541274115, 0.7316332262956324, 0.04865677466374066, 0.05862862362788593], [0.31289234699992263, 0.17703340591698874, 0.012609613660996302, 0.4974646334220927], [0.13974046917555705, 0.4623163395416599, 0.03790992713531295, 0.36003326414747017], [0.5003108887158813, 0.23856713329404877, 0.008226403194587948, 0.2528955747954821], [0.3441481972973191, 0.11724091674221365, 0.041122006641703186, 0.4974888793187637], [0.11854251535758592, 0.5599630674822934, 0.19640713097734733, 0.12508728618277312], [0.20922779395843127, 0.7273362590766718, 0.019355346638348925, 0.044080600326548], [0.09228327138308277, 0.28597669745712256, 0.23861916621652685, 0.38312086494326786], [0.31557093832286437, 0.46807953347705344, 0.073887669381538, 0.14246185881854415], [0.10808145470393889, 0.15454955614384414, 0.6380209155317811, 0.0993480736204356], [0.7806867704344111, 0.02370047772009059, 0.0337384364490094, 0.16187431539648883], [0.29593240681553784, 0.09937116683693259, 0.03164336411495222, 0.5730530622325773], [0.36739926402571416, 0.28453848690190203, 0.0972732588422587, 0.250788990230125], [0.29152463660126077, 0.11661548124642641, 0.45268118076908886, 0.13917870138322433], [0.10359382544551377, 0.462736104977251, 0.02789464463943498, 0.4057754249378005], [0.04593114524038696, 0.26408701398203976, 0.22798940966392878, 0.4619924311136444], [0.12351444869911034, 0.14652600281365696, 0.4831165625586795, 0.2468429859285531], [0.03295617414733008, 0.33222593796896926, 0.5592381046999586, 0.07557978318374188], [0.0789568741079844, 0.43709577088632917, 0.27183648117266296, 0.2121108738330235], [0.5151895248925918, 0.08021328576965685, 0.007662184846769768, 0.39693500449098157], [0.17275344638425694, 0.4747790927240484, 0.1599255856943115, 0.1925418751973832], [0.2305241715012978, 0.11586186803910695, 0.010459244554010295, 0.6431547159055849], [0.7107408711289893, 0.08896822472938858, 0.01866116792089913, 0.1816297362207229], [0.21317028528740453, 0.5314151420310663, 0.0791569077511178, 0.17625766493041142], [0.13796223337023242, 0.690406610398441, 0.022788824872578422, 0.1488423313587485], [0.04554200892634212, 0.731169361119863, 0.16716790335877355, 0.05612072659502122], [0.22137916232082203, 0.11332893885802045, 0.07855493429545103, 0.5867369645257065], [0.2325728380109099, 0.29938337083523553, 0.029496063671636277, 0.43854772748221815], [0.010767356015516276, 0.8531391612842906, 0.012920927335903868, 0.12317255536428973], [0.17886525323717573, 0.1715988932082826, 0.4270031953457078, 0.22253265820883433], [0.20751800840671664, 0.4131790709246719, 0.26429714847280394, 0.11500577219580772], [0.43212927363756304, 0.19041861403118868, 0.26164984708020567, 0.11580226525104241], [0.1391092694822595, 0.15839464679078144, 0.18326263613857682, 0.5192334475883822], [0.06384390468508581, 0.6946043408982702, 0.03921464752806033, 0.20233710688858345], [0.056882669476896325, 0.020477546038369224, 0.8682787244439689, 0.05436106004076559], [0.5966850665676547, 0.02163647901266647, 0.050148904213744426, 0.3315295502059348], [0.05546153640246661, 0.2640799612921889, 0.41587069642446306, 0.2645878058808811], [0.20761603685532237, 0.18590521304456065, 0.08643163266445773, 0.5200471174356588], [0.09861461878004732, 0.1517327060150828, 0.08206127469287273, 0.6675914005119968], [0.4131979831840211, 0.501908439390905, 0.028248383927194635, 0.05664519349787935], [0.11280601136974071, 0.13613538326404206, 0.635044441394467, 0.11601416397174986], [0.2681807477527091, 0.059138410585372954, 0.03933807116179394, 0.6333427705001239]]}, "rewritten": {"ids": ["97105960", "97106970", "97112290", "97113900", "97116401", "97116410", "98106111", "98106680", "98108370", "98109090", "98109230", "98111231", "98112170", "98112300", "98116940", "98119591", "98121790", "99107300", "99107560", "99107950", "99108330", "99108520", "99108890", "99109141", "99109740", "99110730", "99111340", "99111620", "99112531", "99119830", "100108520", "100109801", "100109910", "100117420", "101108460", "101110740", "101111140", "101112160", "101112540", "101113210", "101116130", "101117580", "101119030", "101121640", "102109010", "102109850", "102110890", "102113350", "102113981", "103109641", "103111170", "103111620", "103111990", "103113210", "103117200", "103118110", "103120531", "104111620", "104111880", "104113190", "104113380", "104114320", "104114740", "104118070", "104118340", "105112100", "105115900", "105116090", "105116650", "105116980", "105117431", "105118740", "105120280", "106112770", "106113260", "106113360", "106118161", "106119580", "106120290", "107113840", "107114950", "107115140", "107121700", "108114040", "108114200", "108115070", "108115500", "108115870", "108116070", "108117360", "108117720", "108118630", "108120621", "108120700", "108121160", "109113591", "109113881", "109116040", "109117080", "109117110", "109117600", "109120150", "110114651", "110115140", "110115710", "110116300", "110119030", "110121140", "111114941", "111115620", "111116010", "111117200", "111117480", "111118820", "111119150", "111119300", "111119580", "111119950", "111120320", "111121410", "112117580", "112117780", "112117790", "112118820", "112118880", "112120270", "112120290", "112120640", "112120990", "112121030", "112121430", "113117340", "113118630", "113119360", "113119450", "113119930", "113120540", "113120601", "113120640", "113121810", "113122170", "113122180"], "labels": [2, 2, 1, 2, 3, 3, 0, 1, 1, 1, 1, 1, 3, 2, 2, 1, 2, 3, 1, 1, 1, 2, 0, 3, 3, 3, 1, 3, 3, 1, 2, 0, 2, 2, 0, 3, 2, 3, 2, 3, 2, 3, 3, 2, 1, 1, 0, 3, 1, 1, 2, 0, 2, 3, 0, 2, 3, 0, 3, 3, 1, 2, 2, 2, 2, 1, 3, 1, 1, 0, 1, 1, 3, 1, 3, 0, 3, 3, 2, 3, 3, 0, 3, 0, 0, 1, 3, 3, 1, 1, 1, 1, 1, 2, 2, 3, 0, 0, 1, 1, 1, 2, 3, 0, 2, 3, 0, 3, 0, 1, 1, 0, 1, 0, 3, 1, 3, 0, 1, 0, 0, 0, 3, 0, 1, 0, 1, 0, 2, 0, 2, 2, 3, 0, 3, 1, 3, 2, 0, 2, 1, 2], "predicted_labels": [3, 3, 1, 0, 1, 0, 3, 1, 3, 3, 2, 0, 0, 3, 1, 0, 1, 3, 1, 1, 1, 3, 1, 0, 0, 2, 1, 1, 3, 1, 3, 3, 3, 3, 3, 1, 0, 1, 3, 1, 1, 3, 3, 3, 1, 2, 0, 1, 0, 1, 0, 3, 1, 1, 1, 1, 3, 3, 1, 1, 3, 1, 3, 1, 3, 0, 0, 3, 1, 3, 3, 1, 1, 1, 1, 1, 0, 1, 1, 1, 0, 3, 3, 2, 1, 1, 1, 3, 1, 0, 3, 3, 0, 1, 3, 3, 1, 1, 1, 1, 3, 1, 3, 3, 1, 3, 1, 0, 1, 3, 1, 0, 3, 1, 1, 1, 0, 0, 3, 1, 1, 3, 3, 1, 1, 3, 1, 0, 1, 3, 1, 3, 1, 3, 3, 1, 1, 1, 0, 1, 1, 1], "confidence_scores": [[0.24071956376866352, 0.06554919525513148, 0.16035352963040658, 0.5333777113457984], [0.04465348971460082, 0.27084107717104705, 0.2907337140740594, 0.3937717190402932], [0.3283012391839161, 0.3885488974635294, 0.0757892355544698, 0.20736062779808456], [0.5428540902627504, 0.21418570411498214, 0.09325625681657913, 0.1497039488056883], [0.2158997870984794, 0.30726219767617585, 0.36706156400212914, 0.10977645122321535], [0.4404680931739415, 0.2247602037479988, 0.19665597836527865, 0.13811572471278113], [0.1665995882022142, 0.1439278001237231, 0.3166952053287075, 0.37277740634535467], [0.14025661566842162, 0.4457730791797885, 0.31491696628463167, 0.0990533388671583], [0.1404361205202686, 0.13032171713253607, 0.3755808552648099, 0.3536613070823852], [0.35040235545205034, 0.0809337529300194, 0.07499890737819605, 0.4936649842397339], [0.08596342212749983, 0.038567233045870467, 0.820177969855337, 0.05529137497129258], [0.8583201592500328, 0.03621310723604512, 0.01362560975807198, 0.09184112375585027], [0.7340054244376453, 0.03206440941661279, 0.042693918823512415, 0.19123624732222966], [0.3832155508765221, 0.2284887411849853, 0.05788472984967697, 0.3304109780888155], [0.09759442730898595, 0.6275026156415706, 0.12235730700108541, 0.15254565004835802], [0.6320028525996618, 0.15281564353963437, 0.12841626617181767, 0.0867652376888861], [0.32605962950419676, 0.30126526168852713, 0.08485154186089652, 0.2878235669463799], [0.4737997834249666, 0.036307503387086694, 0.004112559568596497, 0.4857801536193502], [0.13981154604739235, 0.6582842383296179, 0.11255590903266902, 0.08934830659032102], [0.0548234005218378, 0.311407990429973, 0.522724932240173, 0.11104367680801623], [0.030563514934754073, 0.5164202866447752, 0.06892749753149183, 0.38408870088897834], [0.2058928465602363, 0.1558458506264408, 0.4094823713316244, 0.22877893148169814], [0.04290791790058783, 0.27913277728218977, 0.6518310241104758, 0.02612828070674657], [0.7464715340145403, 0.14733192992503302, 0.004340517627894731, 0.10185601843253182], [0.2545061188924203, 0.23235039173148286, 0.3452436509011172, 0.16789983847497966], [0.0129008436004106, 0.09848972703199406, 0.7973288254984973, 0.09128060386909793], [0.11346166451962515, 0.35179093381058874, 0.30742574791407895, 0.22732165375570698], [0.14895145216961714, 0.567500285629673, 0.216790099642994, 0.06675816255771543], [0.24486848321692334, 0.0973916095824802, 0.09468723220097296, 0.5630526749996234], [0.1041845714544773, 0.22575397631824054, 0.519034190476985, 0.1510272617502972], [0.14721791891170877, 0.1823927352316699, 0.36211725244441784, 0.3082720934122034], [0.22318859522082832, 0.20659136261449002, 0.038405645488654654, 0.5318143966760271], [0.2515178946647184, 0.12935180110734146, 0.26723311118195486, 0.3518971930459854], [0.11076426436151644, 0.24273068199602002, 0.06057372925297001, 0.5859313243894936], [0.1474299731332724, 0.17344913383723662, 0.050169900178725926, 0.6289509928507647], [0.16291521337667486, 0.3951381075623034, 0.2544712235666865, 0.1874754554943355], [0.48261774196176094, 0.1995513827143592, 0.06598243341817389, 0.25184844190570604], [0.06509026468830488, 0.8103856872144156, 0.05899071225905403, 0.06553333583822576], [0.21231515608910614, 0.1906773779271456, 0.09001150318811767, 0.5069959627956305], [0.1225703045441226, 0.5119856265172134, 0.16180309292541836, 0.20364097601324566], [0.18242038945942127, 0.44149473217046464, 0.17002049129420474, 0.20606438707590918], [0.1116764333227449, 0.31895755457771285, 0.05389587286778541, 0.5154701392317568], [0.13142358819093283, 0.11266187265538666, 0.11127046220163483, 0.6446440769520454], [0.11294890776062626, 0.3679944732910927, 0.10654092175291105, 0.41251569719537035], [0.1473634905538816, 0.5674209585101403, 0.13518953273001388, 0.15002601820596437], [0.16276391602437415, 0.1294731014427388, 0.6063372637909993, 0.10142571874188765], [0.5749959783863462, 0.09081819663106655, 0.044986205664287904, 0.2891996193182995], [0.2024819157944384, 0.43672771577821196, 0.15153035946438692, 0.2092600089629628], [0.44362004801011407, 0.23215152581849158, 0.018310808962920838, 0.3059176172084731], [0.08893313005699743, 0.5047303097304638, 0.19663322843392295, 0.2097033317786159], [0.5373644300283964, 0.22141165995034068, 0.009427470571203472, 0.23179643945005934], [0.17331069083008085, 0.3307267294207979, 0.10286300736954071, 0.3930995723795805], [0.07795665187962814, 0.4968118482442937, 0.10685939831729753, 0.31837210155878076], [0.07751303210647759, 0.40423850088669805, 0.3808281497474614, 0.13742031725936263], [0.1101985285914429, 0.7709563367390095, 0.04093365878832359, 0.07791147588122427], [0.08902900336363313, 0.2108288441619225, 0.4507804797543124, 0.2493616727201319], [0.22810110266534397, 0.14471491919013485, 0.04137628430413725, 0.5858076938403836], [0.2726598820620711, 0.040892889663735624, 0.011763914799769007, 0.6746833134744239], [0.04105562009633403, 0.4200434446236939, 0.059485773223063046, 0.4794151620569092], [0.10154691043562675, 0.7408534182978078, 0.022661213333917414, 0.13493845793264805], [0.33955763949851664, 0.2422700492098826, 0.12187519705109834, 0.2962971142405028], [0.225568512518894, 0.4560788008409037, 0.08880057093489162, 0.22955211570531042], [0.21927740994006858, 0.2586664623468514, 0.09886250185726565, 0.42319362585581444], [0.07381932140949155, 0.31713014925124905, 0.3607264189989822, 0.2483241103402775], [0.19273231084677384, 0.07525283105409702, 0.09115682686689865, 0.6408580312322304], [0.7605810140174689, 0.0380872244928394, 0.02043064217259808, 0.18090111931709366], [0.5236713923945686, 0.157835341686371, 0.08304995926188959, 0.2354433066571711], [0.3073157946496071, 0.16741851215760636, 0.011519752973504098, 0.5137459402192823], [0.10567494354437887, 0.525606127812927, 0.13928987861873837, 0.22942905002395558], [0.04354275491046125, 0.25755015218628774, 0.00740232659732887, 0.6915047663059222], [0.2602817125594725, 0.21404491665031553, 0.21425115325869293, 0.31142221753151883], [0.1111725832928909, 0.6612916261067404, 0.15526980005294508, 0.07226599054742355], [0.24323962656801107, 0.5815968163332146, 0.07024692892821159, 0.10491662817056278], [0.16094456044333139, 0.37625178397641407, 0.3048789440632729, 0.15792471151698192], [0.13073243518911257, 0.6195538967716981, 0.07657056105540372, 0.17314310698378538], [0.33002743714637084, 0.44059265046180557, 0.08913097834954703, 0.1402489340422766], [0.6649193057510503, 0.22708039977014885, 0.017482493080327937, 0.090517801398473], [0.03189207862227584, 0.9030984504574038, 0.04879069424156005, 0.01621877667876063], [0.09252742608908758, 0.5220038774691842, 0.038676321600572015, 0.346792374841156], [0.12710237175461517, 0.7926234986999685, 0.007198252950149739, 0.07307587659526618], [0.5276534592992701, 0.10563270525456699, 0.03363644390888694, 0.33307739153727606], [0.2967234106197865, 0.03764965960638626, 0.06954549631120595, 0.5960814334626211], [0.07118765790518707, 0.39396254053422236, 0.055253169752888145, 0.4795966318077026], [0.19517991549227515, 0.13227870506123232, 0.5421702112611156, 0.13037116818537742], [0.09346938224291693, 0.7022777207161788, 0.051368541654665464, 0.15288435538623896], [0.1881489866108125, 0.644261638139605, 0.04011393168600699, 0.12747544356357587], [0.1702233803733097, 0.48224771044217357, 0.24701947339188518, 0.10050943579263175], [0.3174700198646179, 0.14788644492574543, 0.04067010463831699, 0.4939734305713197], [0.14904118960863885, 0.46290442295413664, 0.06342272591720133, 0.32463166152002304], [0.40737559851522354, 0.3584723956689894, 0.15706091790797239, 0.07709108790781448], [0.15330251321288674, 0.09185425440658766, 0.039917701362683904, 0.7149255310178416], [0.18514481330197374, 0.22284992016745472, 0.07678686982471358, 0.5152183967058585], [0.5647050442381182, 0.1653731899810146, 0.012522554244527102, 0.2573992115363399], [0.3436232267933434, 0.41789262815469413, 0.053753447742330374, 0.184730697309632], [0.050756234370551975, 0.15949369306854533, 0.025619778744265853, 0.7641302938166368], [0.4658154252629236, 0.165891804021679, 0.0030138298843391175, 0.36527894083105855], [0.42252743132214565, 0.4066603159066742, 0.04200665686431611, 0.128805595906864], [0.12734820805649458, 0.4142500326215537, 0.09365904098892758, 0.3647427183330242], [0.04174769238765632, 0.8058483935649832, 0.009517096317510689, 0.14288681772984982], [0.05074606501107342, 0.4597604075585725, 0.07509664110259384, 0.4143968863277603], [0.27103679552394994, 0.24296601951648872, 0.11958661249758482, 0.36641057246197684], [0.29799366893573587, 0.3719057096447772, 0.1580292265465279, 0.17207139487295908], [0.1432943455877908, 0.1450012699309261, 0.059086870082120914, 0.652617514399162], [0.26034177216293874, 0.1330958323494965, 0.04407934598312231, 0.5624830495044422], [0.1936873244619907, 0.5540895735105569, 0.0839700397123518, 0.16825306231510034], [0.19431174815818544, 0.3217661271388461, 0.033555290932749476, 0.45036683377021874], [0.06444440720893374, 0.6416132837882157, 0.05557192494246137, 0.23837038406038955], [0.5962332646469463, 0.16194771717920903, 0.015244660132160208, 0.2265743580416844], [0.08925406912560106, 0.688189996073924, 0.06326929064786702, 0.15928664415260796], [0.1603713741068675, 0.2780762880746617, 0.1793444645238223, 0.3822078732946485], [0.14955138941426152, 0.3762400241201914, 0.2543542245606532, 0.21985436190489355], [0.329025646973992, 0.3222095885549987, 0.047750037130210934, 0.3010147273407985], [0.19025665226983696, 0.20793435829260282, 0.057103518702185205, 0.5447054707353751], [0.1770667518353598, 0.39481875071138445, 0.024962716286504597, 0.40315178116675116], [0.2598563358428476, 0.4103934177936525, 0.03892978840257519, 0.29082045796092443], [0.03230127838656398, 0.6850848571806367, 0.050215393354461915, 0.2323984710783376], [0.6189636857281179, 0.048064537946067055, 0.007164174830102491, 0.32580760149571286], [0.7129953093249499, 0.11070272465574181, 0.04223018414381744, 0.13407178187549118], [0.09002515469157257, 0.24750192887441835, 0.07139848122430367, 0.5910744352097053], [0.11963018860637001, 0.43282215347699493, 0.020087379359083692, 0.4274602785575516], [0.35743530126314543, 0.34859201292589576, 0.014429776423415063, 0.27954290938754356], [0.12756465717756393, 0.3129676920043271, 0.03191992446138362, 0.5275477263567253], [0.13475743001437224, 0.2382543714305565, 0.03370183860508272, 0.5932863599499886], [0.40085522985244265, 0.3339585754326081, 0.011919314458922426, 0.2532668802560267], [0.42597993762183944, 0.31925791190920005, 0.018351864249375693, 0.23641028621958485], [0.4396715969357059, 0.2031545900464499, 0.0156908368903256, 0.34148297612751866], [0.2635481419780183, 0.4956249098482388, 0.008462454263370415, 0.23236449391037212], [0.6881815101991665, 0.09446228989328664, 0.010089619469763354, 0.20726658043778332], [0.18036859866425947, 0.47276708903461073, 0.21203570979672945, 0.1348286025044003], [0.4177545914385683, 0.06965796901597082, 0.04442339355582273, 0.46816404598963823], [0.05664307872805832, 0.5105561367426222, 0.24312151081891611, 0.1896792737104031], [0.09343953714400585, 0.3522386975625693, 0.027551398957045836, 0.5267703663363786], [0.0398429239376334, 0.3692102566383921, 0.24504784727440407, 0.3458989721495703], [0.05047545742115158, 0.19877568394889747, 0.03674611468397481, 0.7140027439459762], [0.2591511394854773, 0.14664133262418147, 0.06055789854670776, 0.5336496293436331], [0.24316005077175806, 0.6653278452734606, 0.0229796774851407, 0.06853242646964074], [0.07231350037023976, 0.5427176983066075, 0.019242212467276247, 0.3657265888558765], [0.09896312373393572, 0.49180366834695216, 0.07288040127780142, 0.3363528066413108], [0.5403927451233204, 0.20986978015465768, 0.005300698351715349, 0.24443677637030647], [0.17105772748097137, 0.33555909818881724, 0.14691449717601499, 0.34646867715419627], [0.03150692790875855, 0.38664965039033816, 0.28593218338021803, 0.2959112383206853], [0.06987004808889595, 0.4169155860332053, 0.0535633494973, 0.45965101638059885]]}}