{"test": {"ids": ["110117140", "107119130", "110113931", "109119010", "112116501", "104117200", "107118780", "103117461", "101108370", "104114240", "105119550", "101112160", "105116650", "101111210", "112121430", "104112201", "113120531", "105113330", "108115880", "101109000", "112118620", "100111390", "98120530", "113118111", "98121790", "111116640", "105113440", "99109780", "102116500", "103111170", "99109311", "98111231", "105113170", "112121351", "97111790", "105113260", "109120621", "100109330", "113122650", "108113480", "106114880", "104113190", "107116340", "106114321", "110120531", "97107920", "111119580", "111119430", "111121930", "107113200", "110118161", "100113370", "98112300", "113119450", "100111620", "105115380", "113121190", "101116130", "104117630", "104113170", "108120280", "98109230", "108120260", "112116640", "111117120", "105112240", "97105760", "98108970", "107113260", "102112170", "112118880", "109113931", "100120010", "105118230", "101117580", "97113900", "110116501", "107116300", "102109850", "101108580", "112116610", "103110760", "101114020", "97106820", "97116410", "104113240", "101113210", "104116441", "105113480", "107114110", "99120010", "106121190", "113122150", "105110251", "111116090", "97109080", "110118181", "109114651", "113120260", "98107410", "112116850", "99113260", "102113981", "110121450", "99112300", "99108520", "112117461", "108120621", "105110091", "109120540", "111119150", "107113130", "98120010", "104111880", "107119950", "107120010", "97109570", "105112260", "109117730", "107115250", "104111550", "102116340", "101109120", "102110050", "101108621", "107117010", "108119550", "113122320", "111119340", "112118161", "97110950", "106113170", "99108580", "112119500", "107120260", "110115120", "112117431", "112116800", "106118820", "106116370", "110116300", "109115211"], "labels": [3, 1, 1, 3, 3, 3, 1, 0, 1, 0, 1, 3, 1, 2, 2, 0, 0, 3, 3, 1, 3, 2, 1, 1, 2, 0, 0, 2, 1, 2, 1, 1, 0, 0, 2, 3, 1, 0, 2, 0, 0, 3, 3, 2, 0, 0, 3, 3, 1, 0, 0, 3, 2, 3, 3, 1, 1, 2, 0, 3, 3, 1, 1, 0, 2, 1, 0, 3, 0, 3, 1, 1, 0, 1, 3, 2, 3, 0, 1, 0, 1, 1, 3, 1, 3, 2, 3, 1, 0, 1, 2, 2, 2, 0, 3, 2, 1, 3, 3, 3, 0, 0, 1, 3, 0, 2, 0, 1, 0, 1, 3, 1, 2, 3, 3, 1, 0, 3, 3, 2, 1, 3, 1, 3, 0, 1, 1, 1, 3, 0, 3, 0, 0, 2, 1, 0, 0, 0, 3, 2, 3, 0], "predicted_labels": [3, 1, 1, 3, 3, 3, 3, 3, 0, 1, 3, 1, 1, 3, 1, 3, 1, 0, 1, 1, 3, 1, 3, 3, 1, 3, 1, 1, 0, 3, 1, 0, 3, 3, 3, 3, 3, 1, 1, 3, 1, 3, 1, 3, 3, 0, 0, 1, 3, 3, 3, 3, 3, 0, 0, 3, 3, 1, 0, 1, 3, 3, 0, 3, 1, 1, 3, 1, 1, 3, 1, 3, 1, 1, 0, 1, 3, 3, 1, 0, 1, 3, 1, 3, 1, 1, 1, 3, 3, 3, 1, 1, 3, 3, 3, 1, 1, 3, 1, 3, 3, 1, 1, 3, 3, 1, 3, 1, 1, 1, 3, 1, 1, 3, 1, 1, 3, 3, 0, 3, 1, 1, 1, 1, 1, 1, 0, 3, 3, 0, 0, 1, 1, 1, 1, 1, 3, 1, 3, 0, 1, 3], "confidence_scores": [[0.19338271369153723, 0.28760226244343906, 0.2181597846597847, 0.3008552392052392], [0.21550286021168388, 0.3152631257631258, 0.1947553280053281, 0.27447868601986253], [0.22049624819624822, 0.3361367465867467, 0.17332782772782776, 0.27003917748917755], [0.17917893217893233, 0.2825848484848484, 0.2398608225108225, 0.2983753968253967], [0.22478361083361095, 0.2659907425907427, 0.1738521565036271, 0.3353734900720194], [0.1930356643356644, 0.29894455903573547, 0.20621350593850604, 0.30180627069009425], [0.2932022533022533, 0.23332938172938197, 0.14611158841158844, 0.3273567765567766], [0.21636499056499073, 0.2856319402819404, 0.2056820068820069, 0.29232106227106225], [0.3298987012987013, 0.23744303751803758, 0.15282297979797987, 0.27983528138528146], [0.25325165390165405, 0.2831246364746366, 0.22294191919191922, 0.24068179043179058], [0.2710986235986236, 0.2697163780663781, 0.18415558330558343, 0.27502941502941486], [0.20429112554112566, 0.3022181429681429, 0.23803121323121332, 0.2554595182595184], [0.2558081252081252, 0.29341989706200233, 0.19734309301809314, 0.2534288847117796], [0.2385131535131537, 0.2506266955266957, 0.20177215007215005, 0.30908800088800087], [0.27653559773559777, 0.27845502275502293, 0.1762919191919192, 0.2687174603174605], [0.26461370296370307, 0.2774367243867245, 0.16690885780885778, 0.2910407148407149], [0.21712683982683997, 0.32929514374514374, 0.20522712842712848, 0.24835088800088803], [0.3193462981462981, 0.20760483405483418, 0.16536503496503507, 0.307683832833833], [0.22285640470640472, 0.2983851426351427, 0.18479279609279606, 0.29396565656565654], [0.20722924297924317, 0.29672022422022426, 0.22750210900210907, 0.2685484237984237], [0.25872042402042417, 0.23619468309468322, 0.15685379065379074, 0.34823110223110243], [0.2017164613164614, 0.322674605949606, 0.19277750305250313, 0.2828314296814297], [0.23311675269175283, 0.2989927766677766, 0.1635563492063493, 0.30433412143412153], [0.2400987734487736, 0.23988295593295605, 0.19000664335664347, 0.33001162726162714], [0.21093106893106897, 0.2925082806082807, 0.21009808590102727, 0.28646256455962343], [0.2558129537129537, 0.26582496976707526, 0.17700961815961827, 0.3013524583603533], [0.2315419730596201, 0.2639066489066489, 0.25096133474368776, 0.2535900432900433], [0.2562215451215453, 0.31456780996780986, 0.20607907092907105, 0.2231315739815741], [0.2652722055722056, 0.26254114774114795, 0.2215763961528669, 0.25061025053378005], [0.24183832278832287, 0.27661183261183264, 0.20266603396603414, 0.27888381063381057], [0.2188485902985904, 0.2837021922521924, 0.22461250971250993, 0.2728367077367077], [0.28112984792984796, 0.26098332778332783, 0.19208220668220666, 0.26580461760461754], [0.21082554112554117, 0.2787963927884981, 0.17389961704961712, 0.336478449036344], [0.26907475857475854, 0.26079294594294605, 0.19404186924186936, 0.27609042624042635], [0.2616313741813743, 0.2503385003885004, 0.210898162948163, 0.2771319624819625], [0.23096410533910533, 0.2813325702075703, 0.18969040404040405, 0.2980129204129204], [0.27430110445110445, 0.27421485736485746, 0.14745268065268066, 0.3040313575313577], [0.23898471528471532, 0.298846329487506, 0.18587373737373747, 0.2762952178540414], [0.18500069375069383, 0.2984945887445888, 0.23146414696414713, 0.28504057054057047], [0.2299667277167278, 0.25615885780885794, 0.23964913419913425, 0.2742252802752803], [0.2476199245199246, 0.28908206793206803, 0.23980803085803104, 0.22348997668997675], [0.23552748917748928, 0.28971724386724396, 0.17799420579420588, 0.29676106116106116], [0.2491676101676102, 0.33209967059084705, 0.1801888908477144, 0.2385438283938284], [0.2501422077922078, 0.26325129870129876, 0.21321428571428586, 0.27339220779220785], [0.24244936729936742, 0.27730936840936843, 0.1543664002664003, 0.32587486402486404], [0.3644578532578532, 0.22611340881340894, 0.1585533910533911, 0.25087534687534707], [0.3012916971916972, 0.2538471805971807, 0.21460803640803652, 0.23025308580308593], [0.22722237370472664, 0.30577193753958454, 0.189049087024087, 0.2779566017316018], [0.2895446184534421, 0.23412575757575757, 0.16964066293183946, 0.30668896103896104], [0.2635201409701411, 0.2342922133422135, 0.1949033466533467, 0.3072842990342987], [0.2500986513486515, 0.28400711510711524, 0.16358726828726833, 0.3023069652569654], [0.19176878676878686, 0.2784202797202799, 0.24176591741591746, 0.28804501609501587], [0.27759906204906226, 0.20301293706293722, 0.23923166833166848, 0.28015633255633254], [0.32441815129315155, 0.25571554001554003, 0.15341607004107008, 0.26645023865023887], [0.2825327700077701, 0.26713519813519815, 0.22573058330558343, 0.22460144855144865], [0.2381371073371074, 0.2505444943944944, 0.21572979797979808, 0.2955886002886003], [0.2780225957049488, 0.2606753579753582, 0.16851475028239735, 0.2927872960372962], [0.20418621553884717, 0.28433759018759036, 0.24460880610617472, 0.26686738816738814], [0.2727059551559553, 0.24465581085581092, 0.2138847985347985, 0.2687534354534355], [0.2319824397824398, 0.3267177489177489, 0.18764554889554894, 0.2536542624042625], [0.2518983266733268, 0.25986753246753264, 0.1995084471084473, 0.28872569375069373], [0.2295290043290044, 0.25122881007881015, 0.23722458652458658, 0.2820175990675991], [0.3058284992784995, 0.2849788205258795, 0.17527794427794424, 0.23391473591767706], [0.2277019702519704, 0.2937868298368299, 0.17628885558885563, 0.3022223443223442], [0.24062009657009661, 0.3057207230677818, 0.1665729048729049, 0.28708627548921684], [0.2483098124098125, 0.2754782106782108, 0.2037170995670996, 0.2724948773448773], [0.2190670274170275, 0.26716544011544036, 0.23569199134199142, 0.2780755411255411], [0.1975282412032413, 0.33631399711399695, 0.19983589466089471, 0.26632186702186705], [0.2008203629703631, 0.2875544622044621, 0.24343294483294484, 0.2681922299922301], [0.29658823953823943, 0.21312954153689453, 0.1893804476569184, 0.30090177126794787], [0.23263540801303972, 0.3051174325674325, 0.20040474660358568, 0.2618424128159422], [0.23269557109557115, 0.2879704295704296, 0.16839045464339591, 0.3109435446906036], [0.19725193695193696, 0.32224361749361735, 0.2493748140748141, 0.23112963147963148], [0.2329072372072371, 0.32018311688311696, 0.16599196914196923, 0.2809176767676769], [0.32103559218559236, 0.22384842934842927, 0.18206447996447994, 0.2730514985014984], [0.2377795815295815, 0.3057882339882339, 0.2075991425241427, 0.24883304195804196], [0.2755299783549786, 0.2776732073482074, 0.1421912864912865, 0.3046055278055278], [0.22649042624042628, 0.2695122599622601, 0.22606970251970263, 0.2779276112776112], [0.22690497835497847, 0.3028807303807304, 0.25050120990120994, 0.21971308136308143], [0.3268995670995671, 0.1967507936507937, 0.21241209901209912, 0.26393754023754024], [0.23535880589998245, 0.2862039627039626, 0.21095130066012435, 0.26748593073593074], [0.253948434898435, 0.27722733932733945, 0.17466671106671106, 0.2941575147075148], [0.22994112276612289, 0.2845974469974469, 0.21102875180375189, 0.27443267843267866], [0.24506490176490184, 0.26567085137085134, 0.18399136419136425, 0.30527288267288266], [0.2611903207903208, 0.2767115107115107, 0.205994338994339, 0.25610382950382965], [0.19902456987456996, 0.374351909201909, 0.21923994893994894, 0.207383571983572], [0.23539321789321804, 0.3007454323454325, 0.229763870429088, 0.2340974793322621], [0.23913792318792323, 0.2903988511488511, 0.1643219336219336, 0.3061412920412921], [0.1922495670995671, 0.2990798534798535, 0.20866809024309024, 0.30000248917748934], [0.19351794871794872, 0.23449588744588748, 0.20195197580197585, 0.37003418803418786], [0.2192088911088912, 0.2774686369186369, 0.26010969585969607, 0.24321277611277622], [0.20031859251859263, 0.29624088689088696, 0.2207379953379953, 0.28270252525252526], [0.237727284969932, 0.24897487675722996, 0.1950936507936508, 0.3182041874791876], [0.24784128094128102, 0.25835135975136003, 0.18186057831057836, 0.3119467809967808], [0.25988753468753467, 0.25937798867798867, 0.18158127983127986, 0.2991531968031968], [0.20656472416472427, 0.3310111943611943, 0.18509893439893443, 0.277325147075147], [0.21770959595959605, 0.3180861083361084, 0.17685573315573325, 0.2873485625485625], [0.25827250527250534, 0.2558648129648131, 0.21131485181485185, 0.27454782994782995], [0.24468646353646353, 0.2794341325341325, 0.19901858141858153, 0.2768608225108226], [0.24448455988456014, 0.2565262348762349, 0.20933935508935514, 0.2896498501498502], [0.21457554112554122, 0.26598823953823963, 0.1664551226551227, 0.35298109668109673], [0.19459573759573764, 0.33158313353313357, 0.22617936507936523, 0.24764176379176386], [0.24705160950160962, 0.3181734820734819, 0.21868474858474876, 0.21609015984015992], [0.24355863580863582, 0.24950779775779786, 0.21353388278388288, 0.2933996836496837], [0.23136433566433576, 0.23533110223110218, 0.2401147463647465, 0.2931898157398158], [0.228057181707182, 0.3009333888333888, 0.2262267121767124, 0.24478271728271736], [0.28142955573837947, 0.19707732626850286, 0.16477836607836624, 0.356714751914752], [0.24348114108114105, 0.2877895326895327, 0.19263790653790663, 0.2760914196914198], [0.21089178321678329, 0.3243414280164279, 0.1763572483072483, 0.2884095404595404], [0.2538394105894107, 0.28457857142857146, 0.18479019314019324, 0.2767918248418251], [0.21258542568542574, 0.2793472804972805, 0.1944867021867023, 0.3135805916305917], [0.20602099567099572, 0.27795076590076595, 0.25646683871683884, 0.2595613997113998], [0.2560159673659676, 0.27377549117549116, 0.22059666444666454, 0.24961187701187726], [0.167773964923965, 0.2701652847152847, 0.2379029581529582, 0.32415779220779256], [0.236590729531906, 0.2888336219336219, 0.20854065574947928, 0.26603499278499276], [0.20658650793650793, 0.31771611166611163, 0.21179764679764693, 0.2638997335997337], [0.23374472194472204, 0.26640798090798107, 0.19976175491175496, 0.3000855422355423], [0.21493830058830074, 0.2854641136641138, 0.20913878343878353, 0.29045880230880233], [0.290318315018315, 0.24672812772023317, 0.20083361638361638, 0.2621199408778356], [0.2066594683094685, 0.2764663447663447, 0.23418619158619167, 0.2826879953379954], [0.20223729603729604, 0.3189881673881673, 0.23243519258519263, 0.2463393439893441], [0.1734628593628594, 0.34204569874569873, 0.25066628371628374, 0.23382515817515817], [0.24332817460317463, 0.2962831890331892, 0.20936651404151416, 0.2510221223221225], [0.2100202158952161, 0.3255819100490153, 0.22875354090354097, 0.23564433315222807], [0.1857563436563437, 0.3237295759795761, 0.19001041736041738, 0.300503663003663], [0.17636978299478298, 0.315306376956377, 0.2236050005550005, 0.28471883949383975], [0.30281710511710525, 0.2187809967809969, 0.22639287934287938, 0.2520090187590189], [0.2712313575313576, 0.27230170940170945, 0.17453588356088376, 0.2819310495060496], [0.27202728382728386, 0.2626762681762683, 0.17067256632256644, 0.29462388167388176], [0.28427806287279983, 0.2716198357198357, 0.16701278516804846, 0.27708931623931643], [0.28393524808524795, 0.27669705849705867, 0.18210448995449, 0.25726320346320347], [0.2343151036098406, 0.345332126207126, 0.15897611905638218, 0.2613766511266511], [0.2358859196359197, 0.318133966033966, 0.2227914141414143, 0.22318870018870024], [0.2050707903207904, 0.3245536241536243, 0.22069098124098122, 0.2496846042846044], [0.17687417582417578, 0.34921603951603936, 0.2250597846597848, 0.2488500000000002], [0.2491731268731269, 0.28906791541791554, 0.17824800754800765, 0.28351095016095024], [0.2554444444444446, 0.2815287434787435, 0.17124153069153072, 0.2917852813852814], [0.2079914252414254, 0.31544393384393377, 0.20969587079587088, 0.26686877011877025], [0.20764164724164735, 0.2949431013431012, 0.18967970917970928, 0.30773554223554256], [0.34283347208347226, 0.18826925851925863, 0.18432554667554676, 0.28457172272172265], [0.23718080808080805, 0.30901470751470755, 0.16982486402486405, 0.28397962037962027], [0.2134383394383395, 0.27426132201132186, 0.18290793650793666, 0.329392402042402]]}, "rewritten": {"ids": ["97105760", "97106820", "97107920", "97109080", "97109570", "97110950", "97111790", "97113900", "97116410", "98107410", "98108970", "98109230", "98111231", "98112300", "98120010", "98120530", "98121790", "99108520", "99108580", "99109311", "99109780", "99112300", "99113260", "99120010", "100109330", "100111390", "100111620", "100113370", "100120010", "101108370", "101108580", "101108621", "101109000", "101109120", "101111210", "101112160", "101113210", "101114020", "101116130", "101117580", "102109850", "102110050", "102112170", "102113981", "102116340", "102116500", "103110760", "103111170", "103117461", "104111550", "104111880", "104112201", "104113170", "104113190", "104113240", "104114240", "104116441", "104117200", "104117630", "105110091", "105110251", "105112240", "105112260", "105113170", "105113260", "105113330", "105113440", "105113480", "105115380", "105116650", "105118230", "105119550", "106113170", "106114321", "106114880", "106116370", "106118820", "106121190", "107113130", "107113200", "107113260", "107114110", "107115250", "107116300", "107116340", "107117010", "107118780", "107119130", "107119950", "107120010", "107120260", "108113480", "108115880", "108119550", "108120260", "108120280", "108120621", "109113931", "109114651", "109115211", "109117730", "109119010", "109120540", "109120621", "110113931", "110115120", "110116300", "110116501", "110117140", "110118161", "110118181", "110120531", "110121450", "111116090", "111116640", "111117120", "111119150", "111119340", "111119430", "111119580", "111121930", "112116501", "112116610", "112116640", "112116800", "112116850", "112117431", "112117461", "112118161", "112118620", "112118880", "112119500", "112121351", "112121430", "113118111", "113119450", "113120260", "113120531", "113121190", "113122150", "113122320", "113122650"], "labels": [0, 1, 0, 2, 0, 3, 2, 2, 3, 3, 3, 1, 1, 2, 2, 1, 2, 2, 0, 1, 2, 0, 0, 2, 0, 2, 3, 3, 0, 1, 0, 0, 1, 1, 2, 3, 3, 3, 2, 3, 1, 3, 3, 1, 3, 1, 1, 2, 0, 1, 3, 0, 3, 3, 2, 0, 1, 3, 0, 0, 0, 1, 3, 0, 3, 3, 0, 0, 1, 1, 1, 1, 0, 2, 0, 2, 3, 2, 1, 0, 0, 1, 2, 0, 3, 1, 1, 1, 3, 1, 1, 0, 3, 1, 1, 3, 1, 1, 3, 0, 3, 3, 1, 1, 1, 0, 3, 3, 3, 0, 1, 0, 3, 3, 0, 2, 3, 3, 3, 3, 1, 3, 1, 0, 0, 0, 0, 0, 0, 3, 1, 2, 0, 2, 1, 3, 3, 0, 1, 2, 1, 2], "predicted_labels": [3, 3, 0, 1, 3, 3, 3, 1, 3, 0, 1, 3, 0, 0, 1, 0, 3, 1, 1, 1, 3, 3, 1, 1, 3, 3, 0, 1, 1, 0, 0, 3, 1, 1, 0, 3, 1, 0, 3, 0, 1, 1, 0, 1, 1, 1, 0, 1, 3, 1, 1, 0, 1, 3, 1, 3, 1, 3, 3, 3, 1, 1, 1, 3, 3, 3, 0, 3, 3, 1, 1, 0, 1, 3, 3, 3, 3, 1, 1, 3, 1, 3, 3, 3, 1, 3, 3, 1, 1, 3, 1, 1, 3, 0, 1, 0, 3, 1, 3, 3, 0, 1, 0, 3, 3, 3, 3, 3, 3, 0, 1, 3, 3, 3, 0, 3, 1, 3, 3, 0, 0, 3, 0, 3, 1, 3, 0, 3, 3, 3, 1, 3, 3, 1, 3, 0, 1, 1, 0, 2, 3, 1], "confidence_scores": [[0.23854451659451667, 0.23706766011766015, 0.23201827616827625, 0.29236954711954705], [0.2531948051948052, 0.2680853590853592, 0.18056520146520147, 0.2981546342546342], [0.3379067543567544, 0.19481676101676115, 0.18215252525252537, 0.2851239593739594], [0.21187614052614062, 0.3338416583416582, 0.22184352869352872, 0.2324386724386726], [0.20709202464202464, 0.2917633255633255, 0.19361592019092033, 0.3075287296037295], [0.2611863247863248, 0.26995270644388303, 0.19035461205461207, 0.27850635671518037], [0.23299534909534922, 0.24268486893223748, 0.1811557858807859, 0.34316399609162773], [0.253373448773449, 0.2867196362117415, 0.21657398989899, 0.24333292511581994], [0.2575222444222443, 0.22695708180708205, 0.24629341214341222, 0.26922726162726185], [0.26667406482406486, 0.2618513486513487, 0.22611356421356427, 0.24536102231102233], [0.2033650294150295, 0.3546136030636029, 0.20586991341991356, 0.2361514541014542], [0.24842709512709513, 0.2346146686646688, 0.21972529692529705, 0.29723293928293926], [0.2988220057720056, 0.23991276501276498, 0.16878867798867808, 0.2924765512265514], [0.3125106449106449, 0.2125818403818403, 0.19117929292929306, 0.283728221778222], [0.2647754689754691, 0.3133085858585859, 0.18082924297924302, 0.2410867021867023], [0.29121375013875017, 0.26515613553113565, 0.17938237873237886, 0.26424773559773573], [0.27287233322233334, 0.2162372238872241, 0.18507765012765018, 0.3258127927627927], [0.26349239649239664, 0.2786517260517262, 0.22139372849372857, 0.23646214896214907], [0.24166223221223226, 0.2624058830058829, 0.24674718614718621, 0.24918469863469872], [0.23118558108558115, 0.30467212509712505, 0.20002079309579318, 0.26412150072150076], [0.22825740370740388, 0.26361207126207137, 0.23566940836940847, 0.2724611166611167], [0.2228832536744302, 0.25304259629259646, 0.2451174012262249, 0.278956748806749], [0.2217333166833166, 0.3259039960039961, 0.19485264180264172, 0.2575100455100456], [0.24054855699855712, 0.25979654234654254, 0.2500637307137308, 0.24959116994116987], [0.23937651237651247, 0.2854329170829171, 0.1858135808635809, 0.28937698967698977], [0.2390715062715063, 0.27179171384171386, 0.19572500832500847, 0.2934117715617717], [0.28226859251859265, 0.2596818348318349, 0.18854588744588746, 0.2695036852036852], [0.1968933177933178, 0.30889792429792434, 0.2392405594405595, 0.2549681984681986], [0.21681809856809858, 0.3041005106005105, 0.20410744255744256, 0.2749739482739484], [0.3053989732489732, 0.25789413364413366, 0.16906056721056728, 0.2676463258963261], [0.3218410034410035, 0.20324425574425575, 0.2135533189033189, 0.26136142191142203], [0.23355619380619383, 0.27739003774003795, 0.20178497613497615, 0.2872687923187923], [0.25928329448329446, 0.2624452658452659, 0.22446946941946952, 0.2538019702519704], [0.2636752913752914, 0.2680535742035743, 0.20352717282717292, 0.2647439615939618], [0.2792190708414393, 0.2586243690520008, 0.20135050505050514, 0.2608060550560551], [0.20680228235816478, 0.2806629031099619, 0.21806720926132692, 0.2944676052705464], [0.2215375679875681, 0.33613065268065256, 0.21196331542853286, 0.23036846390324667], [0.2713141174614859, 0.24431531421794586, 0.218361877011877, 0.2660086913086915], [0.22182586302586316, 0.27651428571428577, 0.20918972138972144, 0.2924701298701297], [0.306382905982906, 0.2664324120324121, 0.17370887445887456, 0.25347580752580773], [0.2171188977688978, 0.3207558663558664, 0.24362358752358745, 0.21850164835164848], [0.23587956487956502, 0.2994104118104119, 0.21369586524586534, 0.2510141580641582], [0.29513282828282833, 0.22809384390119686, 0.19680845853492918, 0.2799648692810458], [0.24866031746031766, 0.2736975191475191, 0.21864411144411172, 0.258998051948052], [0.227871153846154, 0.32312575202575206, 0.18594002941502952, 0.26306306471306484], [0.22943599178599186, 0.3105612776112777, 0.23528645276292348, 0.2247162778398073], [0.29505142635142634, 0.24441461871461878, 0.189962481962482, 0.270571472971473], [0.20018279498279506, 0.2953346986346987, 0.22034995004995003, 0.28413255633255635], [0.2515250194250195, 0.24695396825396831, 0.19763826728826742, 0.3038827450327451], [0.2091980963480964, 0.30329704184704176, 0.24511202686202693, 0.24239283494283503], [0.20691702741702747, 0.313425135975136, 0.17126293706293708, 0.30839489954489974], [0.3124632367632367, 0.2357695637695639, 0.17132298257298262, 0.2804442168942171], [0.23108239538239553, 0.33607869352869346, 0.17840781995782, 0.25443109113109114], [0.2433732683982684, 0.2688915306915308, 0.20388719058719065, 0.28384801032301027], [0.2069320346320347, 0.3518951492951491, 0.2215780275280274, 0.21959478854478856], [0.2640436008436009, 0.27461995716701615, 0.17946256358021068, 0.2818738784091725], [0.24398321123321126, 0.29950883560883557, 0.16773059718059716, 0.288777355977356], [0.18069459254196102, 0.2637263420789738, 0.2020739482739484, 0.35350511710511706], [0.24718770396270404, 0.25990409312909324, 0.20414165279165286, 0.2887665501165502], [0.24742391774891784, 0.27571407481407495, 0.19885573593073605, 0.2780062715062715], [0.2318918858918859, 0.305191441891442, 0.19148653013653022, 0.27143014208014216], [0.2395173160173161, 0.29424882894882903, 0.19286539016539023, 0.27336846486846494], [0.19973477633477643, 0.2958999444999446, 0.22955134865134882, 0.27481393051393066], [0.2356177267177268, 0.2660836996336996, 0.2074512321012322, 0.2908473415473415], [0.26137340714840723, 0.23892341824841845, 0.17561514596514596, 0.32408802863802855], [0.28086813186813175, 0.22070057720057734, 0.1754857864357865, 0.3229455044955045], [0.25434357864357876, 0.25138272838272857, 0.2443361582861583, 0.2499375346875349], [0.2185791708291709, 0.28136748251748256, 0.18605337717837722, 0.3139999694749694], [0.2454288267288268, 0.2267773115773117, 0.22815843600843605, 0.29963542568542584], [0.2197154456654458, 0.29112889887889887, 0.20680788655788687, 0.28234776889776897], [0.218278712953713, 0.3135595682095683, 0.19441686091686106, 0.2737448579198581], [0.28885740370740376, 0.2653072594072596, 0.19074519369519372, 0.2550901431901432], [0.21569231324231314, 0.3147148240648241, 0.1756760350760351, 0.2939168276168276], [0.2476896048396049, 0.22359623432123446, 0.2195784770784771, 0.30913568376068373], [0.20909242065124434, 0.27800313379431013, 0.20405460454578123, 0.3088498410086644], [0.29912308802308807, 0.19610945165945176, 0.1943775613275614, 0.310389898989899], [0.2087129648129649, 0.3036975468975467, 0.15977737817737822, 0.32781211011211026], [0.1640282467532467, 0.3234094516594517, 0.24464260461760465, 0.26791969696969703], [0.21569384504384512, 0.31255584415584414, 0.2216083916083916, 0.25014191919191914], [0.25027413697413703, 0.2298483330395097, 0.20466227106227106, 0.3152152589240823], [0.2668886724386723, 0.30981369741369746, 0.19102543567543576, 0.23227219447219472], [0.23826909756909756, 0.22773463203463215, 0.17940771450771453, 0.3545885558885558], [0.21637255522255533, 0.2789785492285491, 0.21603039738039728, 0.28861849816849816], [0.22657731712731707, 0.23774095904095918, 0.22899932844932855, 0.30668239538239545], [0.19641096126096133, 0.3211155788655788, 0.2272658230658231, 0.25520763680763675], [0.1614265401265402, 0.28632594072594075, 0.23605281940281955, 0.31619469974469994], [0.2773805694305695, 0.20204380064380087, 0.15971267621267635, 0.36086295371295374], [0.24438726930963778, 0.3153682900432901, 0.1834003569529886, 0.2568440836940836], [0.21680000832500837, 0.32898066378066365, 0.20761629204129217, 0.24660303585303583], [0.2208351648351648, 0.2720996392496393, 0.20846887556887564, 0.2985963203463205], [0.2143898989898991, 0.3393307026307029, 0.20340924075924088, 0.24287015762015773], [0.22517708957708968, 0.2893485791985791, 0.2244760572760574, 0.26099827394827396], [0.22900532800532808, 0.2776279720279719, 0.20412725607725607, 0.2892394438894438], [0.30670584415584434, 0.22085334665334672, 0.2274688866688867, 0.24497192252192257], [0.22044329004329, 0.29460166500166524, 0.23000404040404054, 0.25495100455100467], [0.28275459540459547, 0.24952629315129335, 0.1865348124098125, 0.28118429903429903], [0.25205447607947606, 0.2858179487179488, 0.16730205627705638, 0.29482551892551884], [0.22978168498168508, 0.30675506715506723, 0.19064412254412266, 0.27281912531912533], [0.2835224830724829, 0.2189803585303587, 0.19510194805194808, 0.30239521034521033], [0.1985495781995783, 0.26795706515706535, 0.20652390387390387, 0.3269694527694528], [0.30210622988122987, 0.25102935952935973, 0.19717998667998674, 0.2496844239094239], [0.17245310245310247, 0.3034843378843379, 0.25277941502941514, 0.27128314463314485], [0.30890132090132105, 0.25231334776334785, 0.16071053946053945, 0.27807479187479195], [0.26579473304473306, 0.2685172716172717, 0.17631488511488524, 0.2893731102231103], [0.2738909368409368, 0.261886507936508, 0.17219080919080934, 0.2920317460317461], [0.247064858997212, 0.28054738039738036, 0.17810071431836144, 0.2942870462870464], [0.2420190753690754, 0.28368902208902214, 0.1836674492174492, 0.2906244533244533], [0.29021758241758255, 0.23866263181263198, 0.15915095460095463, 0.31196883116883123], [0.2140689754689755, 0.258527566877567, 0.21050684315684332, 0.31689661449661444], [0.28967229714729703, 0.23769262681762698, 0.19384069819069827, 0.2787943778443779], [0.24397443112443135, 0.3068043068043069, 0.18872261072261068, 0.2604986513486515], [0.28561714951714956, 0.252796941946942, 0.14656446919093985, 0.3150214393449689], [0.23009958929958932, 0.2735551004551004, 0.2015914862914864, 0.294753823953824], [0.27122142857142856, 0.24677799422799432, 0.1698767232767233, 0.3121238539238538], [0.28264509379509384, 0.26215434565434576, 0.18536441891441893, 0.2698361416361418], [0.26724885669885673, 0.23947884337884334, 0.1502193695193696, 0.34305293040293044], [0.20164940337440343, 0.3288151903651903, 0.19562286602286605, 0.27391254023754025], [0.28097089022089017, 0.22462705072705086, 0.2116429681429682, 0.28275909090909107], [0.19303693136928438, 0.28514934624199334, 0.21263212898212902, 0.30918159340659346], [0.3137042124542125, 0.2553344821844823, 0.20307178932178932, 0.2278895160395161], [0.31587138613020954, 0.2450987734487734, 0.1576469399881166, 0.2813829004329005], [0.2422522366522367, 0.22610086580086589, 0.192326948051948, 0.3393199494949495], [0.28634296814296817, 0.25921351426351436, 0.2013903152403154, 0.2530532023532025], [0.22370314685314688, 0.2764027639027639, 0.20730562770562763, 0.2925884615384616], [0.1859665945165946, 0.31323571428571434, 0.24455382395382402, 0.2562438672438674], [0.22349218559218573, 0.2707484792984794, 0.20080000555000557, 0.30495932955932964], [0.2875456432456434, 0.24822113442113447, 0.20379664224664235, 0.26043658008658016], [0.27878137973137973, 0.2227122571872574, 0.16792028249528249, 0.3305860805860806], [0.27563497058497055, 0.24328571428571447, 0.18021012321012328, 0.30086919191919204], [0.27500673215673216, 0.24835317460317474, 0.12867568542568553, 0.3479644078144076], [0.24398166278166297, 0.29980455655455657, 0.20481146631146643, 0.25140231435231436], [0.22227498808381177, 0.28125122100122113, 0.21194522503640154, 0.28452856587856595], [0.23999551282051285, 0.2838141885891885, 0.1880435730935731, 0.2881467254967256], [0.23052667332667343, 0.2933785436785436, 0.19629579309579326, 0.27979898989898994], [0.2471815712065712, 0.2413341139252905, 0.19555741480741493, 0.3159269000607235], [0.3242923520923522, 0.23715790320790325, 0.16056665556665561, 0.27798308913308933], [0.23359980019980017, 0.30544188589188564, 0.18636519036519042, 0.27459312354312343], [0.24503311688311702, 0.29692383727383725, 0.2004582695082696, 0.2575847763347764], [0.30435411810411805, 0.24647225552225563, 0.17298766233766244, 0.27618596403596424], [0.1995644855144856, 0.25185164835164847, 0.27602258852258854, 0.2725612776112777], [0.2632436658113129, 0.26202136197136205, 0.160958642990996, 0.31377632922632925], [0.2107329281829283, 0.3052722499722501, 0.20283886113886115, 0.28115596070596083]]}}