{"test": {"ids": ["113119450", "109116170", "104111380", "107113840", "103110840", "110115890", "100111080", "102109850", "104116800", "106120290", "108121351", "97107950", "112120630", "109118701", "97106820", "104117630", "103120340", "113118111", "112118620", "112118421", "101111310", "109118161", "105113440", "99111000", "109119591", "109117271", "103111990", "108113480", "107112840", "111116640", "102110690", "110114561", "97113260", "103113101", "104113170", "104113210", "105115380", "106116850", "113118690", "101121640", "97105760", "105113260", "97116790", "103111540", "112119980", "110115710", "111120540", "97107920", "113122120", "99108710", "101110200", "109115070", "99120010", "111119430", "98107010", "108118060", "107118490", "112116850", "106119260", "107112850", "113118630", "105115720", "109115211", "101108290", "97118210", "98112170", "103113170", "105113210", "109119010", "97116800", "97109570", "111116040", "109114220", "99112531", "108118520", "98113881", "111119150", "113117550", "113121810", "107113200", "111119930", "112119610", "106114150", "107118120", "99119830", "110118701", "99112840", "108120621", "110120190", "108118291", "110116501", "105119550", "111117200", "107121540", "106114880", "103111930", "113120280", "108115570", "103113640", "106116640", "99107660", "100108260", "104109311", "100109980", "102116500", "110117870", "105115570", "104114410", "112121030", "104111620", "103117200", "108115500", "101113210", "99107950", "112117210", "98109230", "106117650", "101108370", "109114270", "98112300", "112118550", "111115400", "110116441", "103111830", "105120621", "113117401", "110121140", "113117340", "106114011", "97107821", "98110230", "100112060", "109116040", "112119120", "100111390", "98107210", "110115250", "109113931", "111118910", "109121640", "108116070", "113122180"], "labels": [3, 0, 3, 3, 1, 2, 0, 1, 1, 2, 3, 2, 3, 3, 1, 0, 1, 1, 3, 3, 3, 0, 0, 2, 0, 0, 2, 0, 1, 0, 0, 0, 1, 3, 3, 3, 1, 3, 3, 2, 0, 3, 2, 1, 0, 2, 1, 0, 1, 2, 2, 0, 2, 3, 3, 1, 2, 0, 1, 1, 3, 1, 0, 0, 2, 3, 3, 3, 3, 0, 0, 0, 3, 3, 0, 3, 3, 3, 2, 0, 1, 0, 1, 3, 1, 3, 2, 1, 3, 3, 3, 1, 0, 2, 0, 3, 0, 3, 1, 3, 3, 3, 3, 1, 1, 3, 0, 1, 0, 0, 0, 3, 3, 1, 1, 1, 1, 1, 3, 2, 3, 0, 3, 3, 1, 3, 3, 2, 1, 2, 3, 2, 0, 1, 2, 1, 1, 1, 0, 0, 1, 2], "predicted_labels": [3, 1, 1, 1, 1, 1, 0, 2, 3, 3, 3, 3, 1, 3, 3, 1, 0, 3, 3, 0, 0, 1, 0, 0, 1, 3, 2, 2, 1, 1, 0, 1, 3, 0, 1, 3, 1, 1, 1, 2, 0, 1, 1, 1, 1, 3, 1, 3, 1, 1, 1, 1, 2, 1, 1, 1, 1, 3, 0, 1, 3, 1, 3, 3, 2, 1, 1, 0, 1, 0, 3, 1, 2, 3, 1, 1, 3, 1, 1, 3, 1, 1, 0, 3, 3, 1, 1, 1, 1, 0, 3, 1, 0, 2, 1, 1, 3, 0, 0, 3, 0, 0, 0, 1, 0, 1, 2, 0, 1, 3, 0, 1, 0, 1, 1, 0, 1, 0, 3, 2, 3, 0, 0, 3, 3, 1, 1, 0, 1, 0, 0, 2, 3, 3, 1, 1, 3, 1, 1, 3, 1, 1], "confidence_scores": [[0.2656167747496828, 0.21253982313178688, 0.05835872570722296, 0.46348467641130725], [0.261619883275652, 0.37135733926111575, 0.12740178314080974, 0.2396209943224226], [0.11562212167340019, 0.3959349080924695, 0.13600083332659657, 0.3524421369075336], [0.30276494124614606, 0.38151678238876924, 0.1801424630273856, 0.1355758133376991], [0.27468527809163995, 0.3578332766778031, 0.2111635460610012, 0.15631789916955588], [0.14203908898787596, 0.5288082558463955, 0.17691996291584436, 0.15223269224988425], [0.38841184538309764, 0.17679692947710285, 0.2780794520536014, 0.15671177308619816], [0.2590751642216194, 0.2102995028943252, 0.3175442464025264, 0.213081086481529], [0.3322679925533086, 0.125107067124516, 0.15270966884361858, 0.3899152714785569], [0.2451978402516333, 0.20042427476664898, 0.20270652075885315, 0.35167136422286455], [0.17075606449006123, 0.1687605380626582, 0.09094157790722027, 0.5695418195400603], [0.17352614143922362, 0.20179573576719326, 0.22425247824189048, 0.4004256445516927], [0.27817518891946663, 0.530746676928505, 0.0617908071311441, 0.1292873270208843], [0.059321109307589784, 0.3082788216844389, 0.090405746171435, 0.5419943228365364], [0.3092403390426448, 0.14155513869385125, 0.14980071940823408, 0.3994038028552699], [0.22449595267578581, 0.3844064477964748, 0.17684869566135242, 0.214248903866387], [0.34376819900930056, 0.24820597441260653, 0.20773734229805765, 0.2002884842800353], [0.15483724245949643, 0.2526054899593496, 0.09951383699745055, 0.4930434305837035], [0.1999032925051299, 0.2667160929742395, 0.06434274491881467, 0.4690378696018161], [0.40291461777089393, 0.2655091628257229, 0.10066594725292259, 0.23091027215046053], [0.3174147914996701, 0.3058106283418559, 0.1454207180462642, 0.23135386211220998], [0.2957227029561242, 0.46827186453564007, 0.10859979070476532, 0.12740564180347028], [0.4119328376317879, 0.2777505293522753, 0.09584739936926308, 0.21446923364667383], [0.3011660007490914, 0.2973010306844884, 0.19535908741025568, 0.20617388115616456], [0.16158681193394345, 0.5508056471693397, 0.1608763526757719, 0.12673118822094492], [0.2962025582130647, 0.2938264231840423, 0.08863350146294147, 0.3213375171399517], [0.15769554916246165, 0.3234027227343552, 0.3777772675868931, 0.14112446051629018], [0.15882744006052127, 0.2463153512139424, 0.32794791596273765, 0.26690929276279857], [0.20235617574983333, 0.45661389033284877, 0.20217291664876536, 0.1388570172685526], [0.25644741294216283, 0.33568481687820423, 0.15424724687184618, 0.25362052330778695], [0.3392612733477996, 0.16464815499629265, 0.16732709977489993, 0.32876347188100774], [0.12271643516723181, 0.5128882742097006, 0.22954647799404648, 0.13484881262902113], [0.21635776508629304, 0.14115982588384254, 0.2500952806219656, 0.39238712840789886], [0.33418605761755593, 0.29809206317793197, 0.27007409635588325, 0.09764778284862867], [0.11943444896092119, 0.6476505521673919, 0.1410602132778389, 0.091854785593848], [0.14507093444872926, 0.1884541650760264, 0.06682127730156663, 0.5996536231736778], [0.22574495752856258, 0.4678071082099904, 0.14314209549812343, 0.16330583876332372], [0.10586616511900586, 0.36063320461143383, 0.1789465310231412, 0.35455409924641923], [0.19245197441751527, 0.4433156324833433, 0.16814612030333845, 0.19608627279580285], [0.2013851628377962, 0.18023923763416505, 0.39641652358501867, 0.22195907594302014], [0.4157435467585283, 0.1316781674033149, 0.11289752896082292, 0.33968075687733373], [0.08184438795400402, 0.6856782450832728, 0.07117369423474107, 0.16130367272798216], [0.13210895747188206, 0.3552801978056944, 0.2210902989790478, 0.29152054574337577], [0.2361025200814605, 0.42207419040350996, 0.16666246457156347, 0.175160824943466], [0.17106091083987618, 0.3741471839117257, 0.12895940548546497, 0.3258324997629333], [0.23570278270011275, 0.19665420224090424, 0.11051256437865632, 0.45713045068032654], [0.2670321986297176, 0.31106067176390295, 0.16379837151583904, 0.2581087580905404], [0.32474931085390124, 0.14782522637512982, 0.06827369501114315, 0.4591517677598256], [0.192050604614429, 0.3636789181894944, 0.19130551946253263, 0.25296495773354394], [0.20153026782203323, 0.42437015832865577, 0.16978059342059632, 0.20431898042871455], [0.1956654953636222, 0.5325205159689087, 0.08961984511500734, 0.18219414355246172], [0.28740574013759446, 0.46760391565094045, 0.12702963682655974, 0.11796070738490537], [0.16465852524764424, 0.1023984837976588, 0.622689287049764, 0.11025370390493286], [0.15661057747212426, 0.44821009921520566, 0.14387114896616413, 0.251308174346506], [0.14657340960504342, 0.37312771026886893, 0.1761417903272483, 0.3041570897988393], [0.22947109501392826, 0.284606526751025, 0.21178908579561456, 0.2741332924394322], [0.11035547818036405, 0.6980470700405863, 0.08891910814128846, 0.10267834363776097], [0.13796665300426744, 0.1377213276002779, 0.28147632804793676, 0.44283569134751805], [0.40589073985904117, 0.1207876468558878, 0.30673371937158345, 0.16658789391348777], [0.1708653544563034, 0.44844126157943176, 0.22126176293326905, 0.15943162103099573], [0.14946824755393878, 0.34947197160198334, 0.1290677400357204, 0.3719920408083575], [0.23495876354969594, 0.42219406531287385, 0.12450088896815169, 0.2183462821692786], [0.20570407969751248, 0.2636730096900225, 0.12323743503060604, 0.4073854755818591], [0.25018336036093275, 0.261690061596087, 0.1229896964081255, 0.36513688163485497], [0.3134108695672223, 0.13805656911029837, 0.3721410673382326, 0.17639149398424667], [0.21491410815027007, 0.2955481300553937, 0.2109398001091115, 0.27859796168522455], [0.14489183467470604, 0.4942906628497175, 0.15299809767489286, 0.20781940480068378], [0.4355998520453591, 0.222626906313482, 0.11701853428616847, 0.22475470735499042], [0.26013501940981393, 0.3596003120049078, 0.10141648311300654, 0.27884818547227197], [0.39006692535550613, 0.26876429886542375, 0.1583456196611682, 0.1828231561179019], [0.2103245421166469, 0.19114874550042169, 0.14375329973076947, 0.45477341265216187], [0.27988236544119166, 0.30600937364461617, 0.2291243747430072, 0.18498388617118502], [0.2299519777631342, 0.19299411412677314, 0.4655763855604064, 0.11147752254968629], [0.18681789343231492, 0.12049543568917748, 0.08193733732789718, 0.6107493335506105], [0.22273390051966202, 0.39264229136243534, 0.2686644904903782, 0.11595931762752461], [0.25995917500985893, 0.33623311106906095, 0.19804538308815, 0.20576233083293016], [0.23285085724489163, 0.18542251372266624, 0.1720542684118071, 0.409672360620635], [0.22062235789632703, 0.4740987436450983, 0.11712905490698534, 0.18814984355158942], [0.17411519344380233, 0.45634138174599703, 0.20507988829549953, 0.16446353651470105], [0.3335263701231831, 0.24664409077502497, 0.08538502706457607, 0.3344445120372158], [0.32287566627970277, 0.3448813772007474, 0.1579259892501573, 0.17431696726939244], [0.20723572207388513, 0.5098610756379965, 0.12249121977301367, 0.16041198251510466], [0.48712246354281646, 0.1721386572458906, 0.17543116971901632, 0.16530770949227674], [0.20548451227583825, 0.18113712682712774, 0.29207874377627, 0.321299617120764], [0.19224180359139348, 0.2889726467998945, 0.1931913028414427, 0.3255942467672692], [0.2637238060498935, 0.2849480529534647, 0.27506313406132543, 0.17626500693531633], [0.20414824505149848, 0.334409867386793, 0.15997051610532317, 0.3014713714563853], [0.3292319733584832, 0.3445925026611471, 0.09948694879109354, 0.22668857518927615], [0.16732160930838416, 0.4990331512723204, 0.11737023899190738, 0.21627500042738823], [0.457807535118223, 0.13791158297781786, 0.1530022484296443, 0.2512786334743149], [0.3157224543696251, 0.17156842528512706, 0.10159827902740005, 0.4111108413178477], [0.2821131688032967, 0.42148141234020675, 0.1257701939179013, 0.17063522493859523], [0.42386565974975193, 0.2257056755784802, 0.11573238423860975, 0.23469628043315813], [0.17164026743202412, 0.1725309994235827, 0.3658206954972071, 0.2900080376471861], [0.19439027876096407, 0.5528707005750502, 0.12751363624901563, 0.1252253844149703], [0.2920273794029769, 0.38425178235294366, 0.18184114218927164, 0.1418796960548078], [0.1963544232531283, 0.10069016257855086, 0.06695511080277798, 0.6360003033655429], [0.27217276790880857, 0.24883784588975738, 0.25364282711149233, 0.2253465590899418], [0.6092813539451316, 0.10258657050184788, 0.08941892812908192, 0.19871314742393859], [0.29516929139524845, 0.25303872796648913, 0.15461292832038923, 0.2971790523178733], [0.4515260003992579, 0.10637858950340127, 0.2501613572087255, 0.19193405288861537], [0.39283187408617776, 0.20172119518581672, 0.20910249319886523, 0.19634443752914016], [0.5444889420977368, 0.2765240595792245, 0.04851005738238061, 0.13047694094065806], [0.2441464544370325, 0.3319663517704897, 0.1916444635795094, 0.23224273021296843], [0.31834215286185163, 0.26698484990639654, 0.23036275234830916, 0.18431024488344275], [0.18150476279013203, 0.5275905314033453, 0.1229967814117528, 0.16790792439476981], [0.044128586060172934, 0.13441834450638482, 0.7133009463301716, 0.10815212310327078], [0.46246124484285855, 0.29251930782465385, 0.07794389131976633, 0.16707555601272112], [0.22606589532264776, 0.36378258369947886, 0.1083227265987784, 0.3018287943790951], [0.292552531191673, 0.2117504916490927, 0.20018882107888908, 0.2955081560803451], [0.6509053081367623, 0.14385689892790915, 0.07836949231017824, 0.1268683006251504], [0.29521668093460657, 0.479479100662242, 0.08358715244095521, 0.14171706596219616], [0.3717153544615449, 0.29208538097883585, 0.18665301101708268, 0.14954625354253664], [0.1695373927259088, 0.3915302762439531, 0.29451950248619596, 0.14441282854394202], [0.18931432733544276, 0.34957771278037325, 0.2510113099031742, 0.21009664998100977], [0.40895567371865466, 0.23854507127952806, 0.17733451908091352, 0.17516473592090379], [0.18389453060431524, 0.5078222094552957, 0.10534818155626224, 0.20293507838412686], [0.27917878008068453, 0.2420676361843784, 0.23083736168648875, 0.24791622204844846], [0.19835286500917096, 0.25384696799410483, 0.18865392093017747, 0.3591462460665469], [0.17450838091124046, 0.34070186737963165, 0.35544976967079916, 0.1293399820383288], [0.19599598741612717, 0.1775410961918589, 0.13241316064548794, 0.494049755746526], [0.3111533386656575, 0.28634503499408087, 0.19671043774110553, 0.20579118859915624], [0.4907338851983131, 0.21097033212816135, 0.11362160324498702, 0.1846741794285385], [0.2596099652049178, 0.14438599674183716, 0.20940545209608208, 0.3865985859571628], [0.15646020105888428, 0.3375442862329092, 0.06554139511469864, 0.4404541175935078], [0.18567819754499398, 0.28453625790009, 0.26078268987994446, 0.26900285467497165], [0.2596960900567145, 0.28325524500462096, 0.18715061828890334, 0.2698980466497613], [0.5187166515175262, 0.22596582200190468, 0.0970760561868956, 0.15824147029367355], [0.2555911680051173, 0.43475493351593764, 0.19325423490793384, 0.11639966357101121], [0.38900977456227404, 0.3519179670255621, 0.10046207858336484, 0.15861017982879888], [0.360265604338029, 0.35958591427113146, 0.1054596300557899, 0.17468885133504974], [0.16358336409221605, 0.21275710909474388, 0.34388947484111626, 0.2797700519719238], [0.22189682227775728, 0.2141745680022879, 0.23856981200093072, 0.3253587977190242], [0.2151245892331087, 0.13465567381372395, 0.18024211473453686, 0.4699776222186305], [0.21704941909878545, 0.4323480160850217, 0.21066378053023288, 0.13993878428596007], [0.17799607429422795, 0.32916838953027, 0.2413819046651101, 0.2514536315103921], [0.19670553577799463, 0.23383758349417003, 0.18869544723434356, 0.3807614334934918], [0.18305167646741813, 0.4878661549823452, 0.10457894121289457, 0.22450322733734207], [0.20413148718457608, 0.4951044347566346, 0.15808675370895822, 0.14267732434983116], [0.21767086507905026, 0.2790931235945182, 0.14644512773187265, 0.356790883594559], [0.15441798462985917, 0.42420272237102713, 0.2826649854587157, 0.13871430754039815], [0.17645063630099073, 0.5519061193497918, 0.06497203643166687, 0.20667120791755067]]}, "rewritten": {"ids": ["97105760", "97106820", "97107821", "97107920", "97107950", "97109570", "97113260", "97116790", "97116800", "97118210", "98107010", "98107210", "98109230", "98110230", "98112170", "98112300", "98113881", "99107660", "99107950", "99108710", "99111000", "99112531", "99112840", "99119830", "99120010", "100108260", "100109980", "100111080", "100111390", "100112060", "101108290", "101108370", "101110200", "101111310", "101113210", "101121640", "102109850", "102110690", "102116500", "103110840", "103111540", "103111830", "103111930", "103111990", "103113101", "103113170", "103113640", "103117200", "103120340", "104109311", "104111380", "104111620", "104113170", "104113210", "104114410", "104116800", "104117630", "105113210", "105113260", "105113440", "105115380", "105115570", "105115720", "105119550", "105120621", "106114011", "106114150", "106114880", "106116640", "106116850", "106117650", "106119260", "106120290", "107112840", "107112850", "107113200", "107113840", "107118120", "107118490", "107121540", "108113480", "108115500", "108115570", "108116070", "108118060", "108118291", "108118520", "108120621", "108121351", "109113931", "109114220", "109114270", "109115070", "109115211", "109116040", "109116170", "109117271", "109118161", "109118701", "109119010", "109119591", "109121640", "110114561", "110115250", "110115710", "110115890", "110116441", "110116501", "110117870", "110118701", "110120190", "110121140", "111115400", "111116040", "111116640", "111117200", "111118910", "111119150", "111119430", "111119930", "111120540", "112116850", "112117210", "112118421", "112118550", "112118620", "112119120", "112119610", "112119980", "112120630", "112121030", "113117340", "113117401", "113117550", "113118111", "113118630", "113118690", "113119450", "113120280", "113121810", "113122120", "113122180"], "labels": [0, 1, 2, 0, 2, 0, 1, 2, 0, 2, 3, 1, 1, 3, 3, 2, 3, 3, 1, 2, 2, 3, 2, 1, 2, 3, 1, 0, 2, 2, 0, 1, 2, 3, 3, 2, 1, 0, 1, 1, 1, 3, 3, 2, 3, 3, 1, 0, 1, 3, 3, 0, 3, 3, 1, 1, 0, 3, 3, 0, 1, 0, 1, 1, 1, 1, 1, 0, 3, 3, 1, 1, 2, 1, 1, 0, 3, 3, 2, 2, 0, 3, 3, 1, 1, 3, 0, 1, 3, 1, 3, 3, 0, 0, 0, 0, 0, 0, 3, 3, 0, 0, 0, 1, 2, 2, 3, 3, 3, 3, 3, 3, 0, 0, 0, 0, 0, 3, 3, 1, 1, 0, 1, 3, 3, 3, 1, 0, 0, 3, 0, 2, 3, 3, 1, 3, 3, 3, 0, 2, 1, 2], "predicted_labels": [3, 0, 0, 3, 2, 3, 3, 3, 1, 2, 3, 0, 2, 0, 1, 0, 1, 0, 2, 0, 1, 0, 3, 1, 2, 0, 3, 2, 2, 2, 3, 0, 0, 3, 1, 3, 2, 0, 3, 3, 1, 3, 1, 1, 1, 1, 0, 0, 1, 1, 0, 2, 1, 0, 0, 3, 0, 0, 1, 0, 2, 2, 1, 1, 3, 2, 1, 1, 0, 1, 3, 2, 3, 1, 1, 0, 0, 0, 1, 3, 2, 0, 1, 1, 0, 0, 1, 3, 0, 3, 0, 0, 1, 3, 3, 1, 0, 0, 3, 1, 1, 1, 1, 3, 3, 1, 0, 3, 3, 1, 1, 1, 2, 3, 2, 3, 1, 0, 1, 0, 0, 3, 2, 0, 3, 3, 3, 1, 1, 0, 3, 2, 1, 1, 3, 3, 1, 0, 3, 1, 1, 3], "confidence_scores": [[0.19450668436459242, 0.16288204832155037, 0.15965593042495907, 0.4829553368888981], [0.42449494993773446, 0.14760205657214798, 0.11409533928032065, 0.31380765420979684], [0.5065495339292488, 0.24110885916274824, 0.09937121448726721, 0.1529703924207357], [0.15851200656541614, 0.14735771442926007, 0.08141931358019322, 0.6127109654251305], [0.19818498187214614, 0.22369015608796103, 0.4022264303510408, 0.17589843168885225], [0.16116953901468054, 0.13862975936043115, 0.21513982674121726, 0.48506087488367117], [0.1571383103326349, 0.15061053953752307, 0.25749392039822444, 0.43475722973161757], [0.13805854034171752, 0.1610036441743704, 0.2775807816841804, 0.4233570337997318], [0.29453463503597477, 0.30883791267512256, 0.1605282358109494, 0.2360992164779532], [0.12856821724592804, 0.1325455035675125, 0.5468701345928992, 0.1920161445936605], [0.18744660938017282, 0.25801811672672037, 0.10285772811799805, 0.45167754577510894], [0.2891770349000347, 0.2569690936166937, 0.2203302149463875, 0.2335236565368842], [0.26315584395084995, 0.2141208270313384, 0.33842830951526204, 0.1842950195025495], [0.6902221061201265, 0.15866993778328164, 0.05070793699019498, 0.10040001910639683], [0.14943882128858887, 0.3890119493221255, 0.0934249252185687, 0.36812430417071695], [0.40021182074672684, 0.12332333824364128, 0.16946765201195887, 0.30699718899767287], [0.24410609276967402, 0.37943859093406856, 0.10984280933975497, 0.2666125069565025], [0.43671132270137347, 0.1225994724062723, 0.11080219130930136, 0.32988701358305295], [0.17893904470170643, 0.2576726353443382, 0.28476821132644037, 0.278620108627515], [0.32985826817367014, 0.24083246157057503, 0.2097958215690141, 0.21951344868674091], [0.11198782831872965, 0.42468516915057136, 0.156732568951211, 0.306594433579488], [0.47327018958879136, 0.07559535067486525, 0.07454397842140469, 0.37659048131493894], [0.23046241177817267, 0.2341042480596746, 0.1379305008597768, 0.39750283930237584], [0.23141893074405223, 0.3222538621750006, 0.17028193633142052, 0.2760452707495266], [0.17830052546905645, 0.14618267224062573, 0.5509183843493335, 0.12459841794098447], [0.4293995060272906, 0.125063019852678, 0.14156181569507748, 0.303975658424954], [0.2607193793452227, 0.2751972443367751, 0.17687464050741725, 0.28720873581058504], [0.2038403861129422, 0.2946881360077173, 0.2962128154835594, 0.20525866239578106], [0.23997708449261299, 0.22851060792027236, 0.2922370331385094, 0.2392752744486054], [0.200973958671808, 0.2513542474257767, 0.29690267855539504, 0.25076911534702023], [0.2234791511394307, 0.2491319979446308, 0.1004803466190451, 0.4269085042968933], [0.3590090548853527, 0.16288629138176544, 0.29794043472575876, 0.1801642190071231], [0.4177530036054202, 0.16785640954253683, 0.10793316279384017, 0.3064574240582026], [0.2446733645531252, 0.2904949267015187, 0.16136776740419437, 0.30346394134116184], [0.3664617169554549, 0.395673463811299, 0.12923883519673834, 0.10862598403650786], [0.1909838365025696, 0.24176274638179351, 0.27908208637321186, 0.2881713307424251], [0.23040995292249164, 0.17268298758024567, 0.43792206382608784, 0.15898499567117488], [0.45863631127518617, 0.24263182173445005, 0.1314337832223226, 0.16729808376804123], [0.24393371931685218, 0.27699914782710394, 0.15494896985916998, 0.32411816299687396], [0.15689308433488167, 0.18956080257647806, 0.15511809322608613, 0.49842801986255414], [0.18221257648892794, 0.31542149782374185, 0.2928850157806936, 0.2094809099066366], [0.21111278020079455, 0.13026461251630572, 0.07547191358372858, 0.583150693699171], [0.19760008244517863, 0.444767614684555, 0.11374162243845196, 0.24389068043181436], [0.3056671998384058, 0.4015744298719513, 0.06601570038486027, 0.2267426699047826], [0.3864703196551301, 0.4210237950129102, 0.08481673415055625, 0.10768915118140342], [0.12264410736484786, 0.4594060350021238, 0.21036615329122788, 0.20758370434180037], [0.5544674804155729, 0.15403052762425398, 0.11118800112178487, 0.18031399083838837], [0.7295172666024436, 0.08684672905312633, 0.08304599273153496, 0.10059001161289502], [0.21350291487198783, 0.33353703302832166, 0.2458943732253713, 0.20706567887431926], [0.2576019602323017, 0.3394595491485163, 0.14660273724657372, 0.2563357533726084], [0.39567046776841686, 0.333856352890801, 0.12382565146835459, 0.14664752787242757], [0.1739543620571812, 0.2009457974528309, 0.438045649406651, 0.18705419108333685], [0.12259144584880576, 0.4804048064386733, 0.2614116011563238, 0.13559214655619728], [0.35441347136901513, 0.14307055942545124, 0.28064509260448434, 0.2218708766010493], [0.5415473315755769, 0.18356767785300615, 0.09848601920439432, 0.17639897136702268], [0.26818971162376737, 0.23305471585361276, 0.18873440090470958, 0.31002117161791026], [0.4051623295674703, 0.17716973891042995, 0.11708760125765996, 0.3005803302644398], [0.4508876350792891, 0.2269523431433468, 0.12951938379211603, 0.19264063798524816], [0.19390048752749825, 0.45947727133611277, 0.11225251882579433, 0.23436972231059464], [0.3618001913313461, 0.3378013431031854, 0.1554507887994595, 0.14494767676600903], [0.17570255092430329, 0.22418246050934193, 0.3952890236013892, 0.20482596496496558], [0.2526244924380529, 0.3129098171687789, 0.3509472772352718, 0.08351841315789615], [0.14014937897372332, 0.4380124527339201, 0.13982767384838238, 0.28201049444397414], [0.2863675126439139, 0.4331586580809195, 0.11866767528188112, 0.16180615399328532], [0.21315689922514258, 0.23712092027475792, 0.05918098483158741, 0.4905411956685122], [0.27204299680102656, 0.23601987772165423, 0.3667713826953519, 0.1251657427819675], [0.21474907850885946, 0.4499423811454133, 0.11288439276886907, 0.22242414757685805], [0.24545750054730617, 0.5426060109505656, 0.11120643783743253, 0.10073005066469574], [0.41959624864895556, 0.268698335151062, 0.11125622240529782, 0.2004491937946847], [0.14550384223849422, 0.5111594441828332, 0.14647653033225908, 0.19686018324641372], [0.15390940406591158, 0.3396714051119332, 0.08685877202037284, 0.4195604188017824], [0.20550579044369607, 0.15190574048274968, 0.32931440078987967, 0.31327406828367454], [0.21691460916290672, 0.24264714141707397, 0.20578414353136, 0.33465410588865935], [0.19702747185794028, 0.5595047655059602, 0.15240484603159746, 0.09106291660450226], [0.19753801056495357, 0.48485808335803543, 0.20913865716523625, 0.10846524891177485], [0.8453963825730755, 0.05382889086746422, 0.040020643290030425, 0.060754083269429854], [0.6636206013292016, 0.1952653220503095, 0.06391203764078113, 0.07720203897970777], [0.3246470920244383, 0.2776926289393995, 0.14511347997436275, 0.2525467990617995], [0.152899452514246, 0.6311806436812392, 0.10018469667819406, 0.1157352071263207], [0.24137077673494045, 0.2967484563287043, 0.13779826867248293, 0.32408249826387237], [0.20478014633079175, 0.23834602317456033, 0.299346861974547, 0.2575269685201009], [0.37125699833909326, 0.3579315317734159, 0.1450436750696517, 0.1257677948178391], [0.2277000193990164, 0.38447040105080404, 0.17776386626179172, 0.21006571328838788], [0.20261239102483608, 0.4296794848201844, 0.23291607617249718, 0.13479204798248245], [0.40866330185487887, 0.20591636421366538, 0.1121968239181232, 0.2732235100133327], [0.35070340792360793, 0.12692302520619703, 0.3434699315152868, 0.1789036353549082], [0.25695850091905553, 0.4006277111176407, 0.13678005520915967, 0.20563373275414418], [0.20612742629936925, 0.33924836424877275, 0.07012367940809239, 0.3845005300437657], [0.30930754327030663, 0.2877791027306702, 0.09443332437026215, 0.30848002962876103], [0.23962383685823022, 0.2295770435615562, 0.08146608126548974, 0.449333038314724], [0.3107723974217327, 0.27261607346821964, 0.2088334641169628, 0.20777806499308488], [0.4264002426616334, 0.1885376845993023, 0.11740338571897586, 0.26765868702008855], [0.2694331792548845, 0.3992409504266886, 0.18350616447595394, 0.14781970584247295], [0.2303988659605285, 0.21677274375641592, 0.13143486805351678, 0.4213935222295389], [0.23105701706484164, 0.15126870414381516, 0.09369002330282519, 0.5239842554885179], [0.19571153499886387, 0.48455932887042164, 0.09360632308727357, 0.22612281304344092], [0.4175703554226891, 0.1566671491754388, 0.13066714934075313, 0.29509534606111903], [0.4627436989183272, 0.1951819088527167, 0.13120177115892448, 0.2108726210700317], [0.08730355444908712, 0.1520747565828707, 0.18005542829762544, 0.5805662606704168], [0.2144684759918673, 0.3956323137847546, 0.1341849027636805, 0.25571430745969764], [0.3144826722580394, 0.39018660325971966, 0.1325047287458616, 0.16282599573637932], [0.08753150078770597, 0.5653822403351884, 0.06780384535169307, 0.27928241352541255], [0.10529246842856033, 0.44363255759788356, 0.23007167137407022, 0.2210033025994859], [0.19124294030670402, 0.2716550325020192, 0.192991169496525, 0.3441108576947518], [0.1975050861867161, 0.14353596325744936, 0.09942584673274378, 0.5595331038230907], [0.19655320272568003, 0.41248731081032824, 0.13666546332911855, 0.2542940231348731], [0.4570359344715419, 0.14279082218095324, 0.15772728551784154, 0.24244595782966355], [0.11026289984335756, 0.12946398154712438, 0.05592332721455289, 0.7043497913949652], [0.242400413620577, 0.27887218314870504, 0.19250872728551038, 0.2862186759452076], [0.2560508455937932, 0.2810191397432563, 0.27495445405944885, 0.18797556060350185], [0.14834808351972614, 0.5381962788511604, 0.10690844610741682, 0.20654719152169665], [0.19679699035294212, 0.3901104945581209, 0.1468374198376711, 0.2662550952512658], [0.11797372467534611, 0.13696559697624086, 0.6085017644880742, 0.13655891386033886], [0.1965248414902527, 0.2848666901201494, 0.160760860809836, 0.357847607579762], [0.2464110730528623, 0.24691368820268955, 0.2737366132479593, 0.23293862549648905], [0.22862981186897527, 0.21374699381728832, 0.16146186941224058, 0.3961613249014959], [0.20858355789452265, 0.43859137269068815, 0.22630082374673854, 0.12652424566805082], [0.31038383286225596, 0.24452730226843009, 0.1575712849106389, 0.28751757995867516], [0.31830881616523077, 0.4309406945266383, 0.11042428129690117, 0.1403262080112296], [0.34045524833749385, 0.25713024835291554, 0.1246427878607049, 0.27777171544888557], [0.3623611495386767, 0.19006722331800094, 0.15585786615519806, 0.2917137609881245], [0.11905388045552737, 0.09250638634505798, 0.09965602457080817, 0.6887837086286065], [0.24638648117363796, 0.24169597334135823, 0.34149022195456086, 0.1704273235304429], [0.47466573746568447, 0.23996477523149837, 0.09937073089808374, 0.18599875640473346], [0.21289994717998373, 0.2970347607931078, 0.16402676021463677, 0.3260385318122717], [0.20359045970478998, 0.09596317692987548, 0.05889810506216443, 0.6415482583031702], [0.22349396361250523, 0.15881346210798966, 0.17296441204853316, 0.444728162230972], [0.1771463636961807, 0.4246975863536834, 0.22202750528627158, 0.17612854466386435], [0.1869816089555498, 0.4257161467838214, 0.1266446640548325, 0.2606575802057963], [0.5656912415431551, 0.24962787934922964, 0.03039964066771201, 0.15428123843990338], [0.23438511603114673, 0.2516839182253336, 0.2364745211781224, 0.27745644456539725], [0.16947994983091869, 0.22658568307966617, 0.37283761507323726, 0.231096752016178], [0.18227954342021005, 0.32586720193367025, 0.31702791683521997, 0.17482533781089965], [0.21774829781909996, 0.4773909729212908, 0.15139695661033228, 0.15346377264927707], [0.12925452507085863, 0.35134712682838753, 0.10650961783182884, 0.412888730268925], [0.19555864024960168, 0.32227933042862783, 0.11622601545272394, 0.36593601386904656], [0.2073901685565941, 0.4598737620963848, 0.11429470247098811, 0.21844136687603297], [0.3983074837938042, 0.2276410088010761, 0.060511353870830016, 0.3135401535342897], [0.1930381133859115, 0.13939641118268103, 0.0834518323263942, 0.5841136431050132], [0.16228064391552388, 0.5456718245028437, 0.16416025505643606, 0.12788727652519635], [0.1646276810162395, 0.45261214738717365, 0.1849337903611654, 0.19782638123542165], [0.27448049613979186, 0.3070429004637431, 0.05745356502928161, 0.3610230383671834]]}}