{"test": {"ids": ["103120730", "110115580", "109120560", "101110740", "113120280", "106120640", "97116401", "108115250", "97106591", "108120280", "112118550", "107113840", "99109740", "108121351", "102109010", "100113370", "113120070", "97107260", "108118630", "112119500", "108121410", "107113360", "108117360", "98120530", "98109230", "107116300", "102116340", "105120280", "99105921", "112118890", "111116170", "101121640", "100111620", "111120220", "112118880", "100107920", "107114200", "111117571", "108118301", "108114670", "109120621", "112116540", "111120531", "102113350", "110117110", "109113591", "101119591", "103111170", "108118060", "110121140", "99108890", "112116810", "103111480", "113119480", "97116790", "109116930", "101109120", "106116820", "104113210", "112116800", "110118301", "97113260", "106111321", "112121010", "104113000", "107119390", "105118230", "111119610", "101111990", "104119290", "110113931", "98108970", "108117720", "97114170", "109115070", "111116750", "97105451", "106115120", "109117150", "109118701", "108118810", "104114410", "101112540", "110118930", "109114030", "112116640", "99108710", "112117580", "107114140", "110121450", "110120531", "109121351", "102109840", "106113170", "111116040", "101109370", "98112170", "101111210", "107115250", "111114941", "102117351", "109119340", "104109311", "106116640", "112117790", "108119550", "111120320", "105112240", "97113900", "102116500", "113122430", "112119120", "103113210", "102113981", "109116750", "113117340", "112119580", "112120640", "112117431", "111116090", "107114950", "113122650", "109117630", "108116070", "103109021", "113122180", "110115120", "108114040", "99107950", "100109801", "106121190", "103112641", "112118471", "97116410", "101108121", "102112170", "110118810", "102110750", "110118740", "103120290", "99108000", "112118161"], "labels": [1, 1, 1, 3, 0, 3, 3, 1, 1, 3, 3, 3, 3, 3, 1, 3, 2, 2, 1, 2, 0, 0, 1, 1, 1, 0, 3, 3, 1, 3, 0, 2, 3, 3, 1, 0, 2, 3, 1, 3, 1, 1, 0, 3, 0, 3, 0, 2, 1, 3, 0, 3, 0, 3, 2, 0, 1, 1, 3, 0, 1, 1, 0, 2, 1, 2, 1, 2, 2, 1, 1, 3, 1, 2, 0, 3, 0, 1, 2, 3, 1, 1, 2, 1, 1, 0, 2, 0, 2, 3, 0, 0, 2, 0, 0, 1, 3, 2, 2, 0, 1, 3, 3, 3, 3, 1, 1, 1, 2, 1, 2, 1, 3, 1, 0, 2, 3, 0, 0, 3, 3, 2, 0, 1, 0, 2, 0, 0, 1, 0, 2, 3, 1, 3, 0, 3, 1, 1, 3, 2, 2, 0], "predicted_labels": [0, 2, 2, 1, 0, 1, 2, 3, 2, 0, 0, 1, 1, 3, 1, 2, 2, 2, 1, 1, 1, 3, 2, 3, 2, 1, 1, 2, 0, 0, 1, 1, 2, 1, 0, 3, 1, 0, 3, 1, 1, 3, 3, 3, 1, 3, 0, 1, 1, 3, 1, 0, 3, 0, 2, 0, 3, 0, 0, 1, 1, 3, 0, 1, 3, 0, 1, 1, 0, 1, 1, 1, 3, 1, 1, 0, 0, 0, 0, 3, 3, 3, 3, 3, 0, 3, 1, 3, 1, 3, 3, 3, 1, 1, 0, 2, 0, 0, 3, 3, 3, 0, 0, 3, 0, 0, 3, 3, 0, 2, 3, 3, 0, 1, 1, 1, 3, 2, 1, 0, 0, 3, 1, 1, 3, 3, 3, 3, 1, 3, 1, 0, 1, 2, 3, 0, 0, 1, 3, 2, 2, 0], "confidence_scores": [[0.5122067259871055, 0.3873912266067722, 0.006928169836354937, 0.09347387756976706], [0.2331894661923205, 0.13990209037191909, 0.42215260664767595, 0.2047558367880845], [0.001001441560907184, 0.0533074555389429, 0.9250771039566585, 0.02061399894349155], [0.013592381090077385, 0.7172204491229411, 0.0711874570600262, 0.19799971272695524], [0.7771731193731505, 0.007852226371563685, 0.0035262241844828896, 0.2114484300708031], [0.005934482225555285, 0.9246347408254194, 0.018104265845722594, 0.05132651110330271], [0.022399503516209694, 0.25736608569883856, 0.6816404938870637, 0.03859391689788823], [0.11549326972624302, 0.3242069096794754, 0.14722869049176573, 0.41307113010251584], [0.010012336977785351, 0.22980720673585173, 0.6606759158355154, 0.09950454045084754], [0.4884409069683061, 0.028737788512720838, 0.38470160836458617, 0.09811969615438688], [0.5562567205067928, 0.11107787157590705, 0.010289441899954427, 0.322375966017346], [0.10598646892254576, 0.5813565105813838, 0.1287012745941625, 0.18395574590190755], [0.05511157466312904, 0.5757866265568371, 0.3452488904661642, 0.02385290831386968], [0.06136781754745434, 0.3841778517444481, 0.05302483613728673, 0.5014294945708109], [0.15402454262550094, 0.5943661270786744, 0.10695935731091102, 0.14464997298491353], [0.183805452384299, 0.1436160330465833, 0.5032068678418834, 0.16937164672723423], [0.07455359104105234, 0.05023651919946466, 0.8157131365495304, 0.05949675320995244], [0.010981196121016671, 0.030481965409827574, 0.8632097390009652, 0.09532709946819036], [0.013732084843325734, 0.6372223148340658, 0.00914562399172715, 0.3398999763308814], [0.18806343848847024, 0.6619710375139863, 0.08723531391339838, 0.06273021008414456], [0.2101223115586668, 0.5383669964587221, 0.018407412418728522, 0.23310327956388213], [0.37797935773354363, 0.2171870613402388, 0.030216292555635706, 0.3746172883705815], [0.004327171197074868, 0.03116712590320246, 0.6461606417083141, 0.31834506119140843], [0.1461569384815276, 0.22380275304432287, 0.029026064883054623, 0.6010142435910953], [0.15588386002860113, 0.018735583054581312, 0.7917261943905757, 0.033654362526241856], [0.10100169716179806, 0.6256057892653969, 0.04022992986896321, 0.23316258370384157], [0.11910491003233889, 0.3178477028923187, 0.2649680626527383, 0.29807932442260426], [0.039299611547644574, 0.17208049150741822, 0.6220159657422846, 0.16660393120265277], [0.506565884736045, 0.04164738770705699, 0.43605940123098264, 0.015727326325915544], [0.517968362088773, 0.19744585634677703, 0.001194005198979554, 0.2833917763654708], [0.13541248383557866, 0.4684608632352066, 0.0034093815346259494, 0.39271727139458895], [0.02816681873442227, 0.6051436315416648, 0.09874718860785994, 0.26794236111605285], [0.16871297497269655, 0.15672720863191797, 0.5637686616671361, 0.11079115472824917], [0.400702980114101, 0.5651602278329001, 0.005656147261110973, 0.028480644791888096], [0.4368432551559629, 0.1436806663332576, 0.04434485135925207, 0.3751312271515276], [0.05633168335960077, 0.05894531475527929, 0.01845644528270777, 0.866266556602412], [0.22410336770302508, 0.4266229262775317, 0.008910259070151024, 0.3403634469492924], [0.6613078315685587, 0.20053620628692542, 0.004836264403503307, 0.13331969774101265], [0.15376992614314974, 0.40968730797132435, 0.017435513254753295, 0.4191072526307727], [0.1810375299206008, 0.29314253602372403, 0.37481398889397577, 0.15100594516169913], [0.21046068864223022, 0.5116268209286515, 0.012551095802716841, 0.2653613946264013], [0.12568718110766963, 0.1697028882096949, 0.00674168647902566, 0.6978682442036098], [0.1542969492000652, 0.350706659981351, 0.12556101738385161, 0.3694353734347323], [0.07081376155950686, 0.2246017555510505, 0.2232107909884355, 0.4813736919010074], [0.07527119211997134, 0.3612759168236027, 0.5219177433409211, 0.041535147715504976], [0.03737692458268761, 0.2831694770498035, 0.007466689210602499, 0.6719869091569065], [0.8775786277301585, 0.025097955408077587, 0.010844741788659717, 0.08647867507310408], [0.22438998407430766, 0.27387261170491795, 0.3042930816793413, 0.1974443225414329], [0.41150736166854374, 0.4872366587427329, 0.02368579830576909, 0.07757018128295452], [0.2400276768527018, 0.14344394002964322, 0.28109547559390513, 0.33543290752374977], [0.005036777654763875, 0.8594326245264571, 0.013052350051781084, 0.12247824776699773], [0.5483542055486872, 0.15645559645704338, 0.17921423131667835, 0.11597596667759119], [0.2308671540691892, 0.08985172211469629, 0.04611521396147396, 0.6331659098546407], [0.7288814340040383, 0.04130718472603945, 0.0027839065427058907, 0.22702747472721665], [0.07535408949069647, 0.027273912159751303, 0.8297452832782634, 0.06762671507128869], [0.42125061370738226, 0.028541402342343387, 0.4411733369197642, 0.10903464703051022], [0.14305002354262114, 0.29526971279100694, 0.2897615703144128, 0.2719186933519594], [0.27318912789802063, 0.3778670975243066, 0.044670814275496566, 0.3042729603021764], [0.68794611122251, 0.041689927209502264, 0.03020387598487415, 0.24016008558311328], [0.18202747181284554, 0.43708920317264577, 0.03328252461936141, 0.3476008003951472], [0.10527132583742554, 0.7284345118555541, 0.029348232250651543, 0.13694593005636854], [0.08102458746746725, 0.036781393652678566, 0.4030992771919111, 0.47909474168794275], [0.5255713929661129, 0.13346929729944412, 0.08527721509242422, 0.25568209464201913], [0.2035933324158567, 0.4615978549899783, 0.016294325976617747, 0.31851448661754755], [0.44532162194596897, 0.019844837817125857, 0.02189349029709192, 0.5129400499398133], [0.6312266674607881, 0.017651881356653777, 0.24576615378699648, 0.10535529739556125], [0.06956938866266714, 0.48011518016753446, 0.07555780619056501, 0.37475762497923315], [0.030650077993770456, 0.39268195108543885, 0.5030661035433069, 0.07360186737748402], [0.29050898168063277, 0.20218787659100304, 0.2167549251125978, 0.29054821661576635], [0.025537066373726495, 0.5843418595234179, 0.08360089070938038, 0.30652018339347514], [0.039090024993077656, 0.8717889834900893, 0.0034536865796821596, 0.08566730493715091], [0.050565014299906126, 0.8014127390674245, 0.0934129440180706, 0.05460930261459857], [0.10795082501987305, 0.32633573087357887, 0.08441057636731741, 0.481302867739231], [0.002574272635811419, 0.5867552921596768, 0.05551620324715368, 0.35515423195735807], [0.009389048816275367, 0.9692172727123505, 0.006572604806236711, 0.01482107366513749], [0.9124647758973408, 0.004137113101550553, 0.0008619276389841186, 0.0825361833621244], [0.7293302842215877, 0.05493760382343408, 0.008168639681030437, 0.20756347227394772], [0.8892146386547303, 0.053839575851257135, 0.002759138834842224, 0.05418664665917043], [0.2987185597589949, 0.2730959053298235, 0.17395492401943718, 0.25423061089174437], [0.07876563642830495, 0.20341091799083041, 0.009311423850163486, 0.708512021730701], [0.20264235214895365, 0.12244031416742755, 0.0007732818801920058, 0.6741440518034266], [0.1738322996238043, 0.10883182309100285, 0.012924051332407906, 0.7044118259527848], [0.17637531184445346, 0.13707139430959445, 0.2761594912469609, 0.4103938025989914], [0.11698621770204046, 0.3560929984483498, 0.02347330960249717, 0.5034474742471124], [0.3622213678518749, 0.19767662934895044, 0.14725280850351674, 0.2928491942956585], [0.1521917368592968, 0.3235088662262877, 0.028057484943911568, 0.4962419119705039], [0.09181357511835085, 0.8206772408550569, 0.02747444635169225, 0.06003473767489985], [0.04603855474406674, 0.17469971262444484, 0.030441052282101092, 0.7488206803493872], [0.0469832413390805, 0.8267841272411026, 0.007804217323068191, 0.11842841409674855], [0.16187627329458776, 0.04088711058764997, 0.04340155191533716, 0.7538350642024254], [0.13439217915004542, 0.09085941676638148, 0.024120229002087205, 0.7506281750814858], [0.09117305805971157, 0.19856969805275884, 0.052608956461053624, 0.6576482874264762], [0.040066957738876634, 0.8245462732814883, 0.08638619441024092, 0.04900057456939405], [0.3602659681146785, 0.40860166041280827, 0.007751786386502134, 0.22338058508601108], [0.49676488585423323, 0.08336421415358371, 0.011936802235814802, 0.4079340977563683], [0.04678199855714674, 0.12381060946675622, 0.7019468631504725, 0.12746052882562436], [0.5001281345738919, 0.1337847580427903, 0.19490171316509974, 0.1711853942182181], [0.4752038170815265, 0.1939748050400732, 0.1743790712546151, 0.1564423066237853], [0.051557096481999826, 0.14346884455265682, 0.418689117810308, 0.38628494115503537], [0.1567462157755392, 0.24117801402821165, 0.009621792522003679, 0.5924539776742452], [0.40467519801566665, 0.10535563662506661, 0.01213086760046928, 0.4778382977587975], [0.5193839756141936, 0.2730663000345447, 0.08793917328463957, 0.11961055106662222], [0.6659618627149707, 0.04288355605956195, 0.008305976457936402, 0.2828486047675311], [0.0455465859036065, 0.017954349589591925, 0.02271379556029096, 0.9137852689465104], [0.8789828514183561, 0.017503046492164064, 0.004708143685741182, 0.0988059584037387], [0.5264461764104711, 0.12251807234999858, 0.0765253757016834, 0.27451037553784663], [0.1867351762910007, 0.13686636120132664, 0.01698368590653746, 0.659414776601135], [0.30696147197229057, 0.219456978787953, 0.17053484553381815, 0.3030467037059381], [0.6595798893373593, 0.0737301557506043, 0.23204881816899722, 0.034641136743039314], [0.2899685288957377, 0.05984376772093635, 0.58284852847131, 0.06733917491201565], [0.006344345846466494, 0.3012704467559287, 0.03756417514808254, 0.654821032249522], [0.41352658529750674, 0.015578434538102913, 0.08488592602546405, 0.48600905413892603], [0.6301464654484161, 0.21707013777036127, 0.10568516373074702, 0.04709823305047562], [0.04543633030071588, 0.8878329946683178, 0.029310330889674215, 0.03742034414129216], [0.16861891097536535, 0.7225047152998127, 0.016927466158806866, 0.09194890756601518], [0.0727952052217735, 0.43034039294336446, 0.3457508255728059, 0.15111357626205596], [0.10187192373996784, 0.10143402788045022, 0.07149112593025943, 0.7252029224493227], [0.0596948735582976, 0.1031000072451717, 0.6308071795097924, 0.2063979396867386], [0.29169103061210966, 0.36380635924536503, 0.14977326092093055, 0.1947293492215946], [0.6720910810882419, 0.07130703071205081, 0.012599485894488404, 0.24400240230521883], [0.6408055344399991, 0.04986372805792019, 0.0446034575341405, 0.26472727996793977], [0.10248045781475051, 0.07454059922711714, 0.03089040513315962, 0.7920885378249727], [0.16452990617734087, 0.5615390939408818, 0.15470766154135054, 0.11922333834042652], [0.2114490966280208, 0.30471005189997374, 0.4567150975651939, 0.027125753906811653], [0.374244681552527, 0.20830584850968406, 0.023565791246073702, 0.3938836786917152], [0.14578343373726166, 0.10003652661247431, 0.01886569334793999, 0.7353143463023241], [0.13216578667725387, 0.16556172996146196, 0.015329631908476709, 0.6869428514528073], [0.03729968290120407, 0.16575341778754288, 0.03981900653320325, 0.7571278927780499], [0.0007788426046105943, 0.5727986809620156, 0.3764162349643285, 0.05000624146904544], [0.029764664609420458, 0.4774085707713306, 0.018100535621332584, 0.47472622899791644], [0.2849060456945462, 0.26615913400133734, 0.3104938563185783, 0.13844096398553815], [0.29273579779598297, 0.20447528816976918, 0.33100331889982676, 0.1717855951344208], [0.21532519486583374, 0.4524243687926274, 0.0626603688876325, 0.2695900674539062], [0.12684716513522207, 0.2359370228755027, 0.5440808019760972, 0.09313501001317796], [0.13151966907251297, 0.1382621121420903, 0.040167533811036896, 0.6900506849743597], [0.7367172271358678, 0.013746444470358431, 0.22646031303895583, 0.02307601535481768], [0.5989633812289302, 0.05616529263168942, 0.27305380415991476, 0.0718175219794658], [0.0594151629992952, 0.5087782294427798, 0.40230460219607356, 0.0295020053618515], [0.23977779024918708, 0.0656244932930228, 0.05353714552377404, 0.6410605709340164], [0.08631167072042045, 0.08515476874600586, 0.7684814278922688, 0.0600521326413049], [0.015847974280410584, 0.26412027755857875, 0.5319486802207447, 0.18808306794026605], [0.4636566868521626, 0.27822525251636326, 0.017268337151335033, 0.2408497234801393]]}, "rewritten": {"ids": ["97105451", "97106591", "97107260", "97113260", "97113900", "97114170", "97116401", "97116410", "97116790", "98108970", "98109230", "98112170", "98120530", "99105921", "99107950", "99108000", "99108710", "99108890", "99109740", "100107920", "100109801", "100111620", "100113370", "101108121", "101109120", "101109370", "101110740", "101111210", "101111990", "101112540", "101119591", "101121640", "102109010", "102109840", "102110750", "102112170", "102113350", "102113981", "102116340", "102116500", "102117351", "103109021", "103111170", "103111480", "103112641", "103113210", "103120290", "103120730", "104109311", "104113000", "104113210", "104114410", "104119290", "105112240", "105118230", "105120280", "106111321", "106113170", "106115120", "106116640", "106116820", "106120640", "106121190", "107113360", "107113840", "107114140", "107114200", "107114950", "107115250", "107116300", "107119390", "108114040", "108114670", "108115250", "108116070", "108117360", "108117720", "108118060", "108118301", "108118630", "108118810", "108119550", "108120280", "108121351", "108121410", "109113591", "109114030", "109115070", "109116750", "109116930", "109117150", "109117630", "109118701", "109119340", "109120560", "109120621", "109121351", "110113931", "110115120", "110115580", "110117110", "110118301", "110118740", "110118810", "110118930", "110120531", "110121140", "110121450", "111114941", "111116040", "111116090", "111116170", "111116750", "111117571", "111119610", "111120220", "111120320", "111120531", "112116540", "112116640", "112116800", "112116810", "112117431", "112117580", "112117790", "112118161", "112118471", "112118550", "112118880", "112118890", "112119120", "112119500", "112119580", "112120640", "112121010", "113117340", "113119480", "113120070", "113120280", "113122180", "113122430", "113122650"], "labels": [0, 1, 2, 1, 2, 2, 3, 3, 2, 3, 1, 3, 1, 1, 1, 2, 2, 0, 3, 0, 0, 3, 3, 0, 1, 1, 3, 2, 2, 2, 0, 2, 1, 2, 1, 3, 3, 1, 3, 1, 1, 0, 2, 0, 3, 3, 2, 1, 3, 1, 3, 1, 1, 1, 1, 3, 0, 0, 1, 3, 1, 3, 2, 0, 3, 2, 2, 3, 2, 0, 2, 0, 3, 1, 1, 1, 1, 1, 1, 1, 1, 1, 3, 3, 0, 3, 1, 0, 0, 0, 2, 0, 3, 3, 1, 1, 0, 1, 0, 1, 0, 1, 3, 1, 1, 0, 3, 3, 0, 0, 3, 0, 3, 3, 2, 3, 1, 0, 1, 0, 0, 3, 0, 0, 3, 0, 1, 3, 1, 3, 1, 2, 3, 0, 2, 2, 3, 2, 0, 2, 2, 2], "predicted_labels": [0, 3, 2, 3, 0, 3, 1, 2, 2, 1, 2, 0, 0, 0, 1, 1, 1, 1, 1, 3, 3, 2, 1, 3, 1, 3, 1, 0, 0, 0, 0, 1, 1, 1, 1, 0, 2, 1, 0, 1, 0, 1, 1, 3, 3, 1, 1, 1, 3, 3, 3, 3, 1, 1, 1, 2, 0, 1, 0, 3, 3, 1, 3, 3, 1, 1, 1, 0, 3, 1, 2, 3, 1, 3, 0, 3, 3, 0, 3, 1, 3, 0, 0, 3, 1, 1, 1, 1, 1, 2, 1, 1, 3, 1, 2, 0, 3, 1, 3, 0, 2, 1, 3, 0, 1, 3, 2, 3, 3, 3, 0, 1, 0, 0, 2, 1, 3, 3, 3, 3, 3, 1, 0, 3, 0, 0, 1, 0, 0, 0, 1, 0, 3, 2, 3, 1, 0, 2, 3, 3, 1, 3], "confidence_scores": [[0.765863176640047, 0.08451804147866339, 0.013112087935839538, 0.13650669394544987], [0.02354468984440938, 0.2346604072817738, 0.2259844807019577, 0.5158104221718589], [0.011632342583682466, 0.03650732306217149, 0.606045457858145, 0.3458148764960012], [0.13000871992357296, 0.04919654984471798, 0.36152835902629443, 0.4592663712054148], [0.3965922012563378, 0.1057185588787686, 0.43581645402949687, 0.061872785835396765], [0.0072102147325144505, 0.5147356984951666, 0.032511106290453, 0.44554298048186586], [0.1832914623597387, 0.32353187997120963, 0.2982783935741246, 0.19489826409492722], [0.037518181067226986, 0.06703774742444506, 0.8503376472759795, 0.04510642423234846], [0.04671174988152869, 0.0584039447843771, 0.6956970994710822, 0.19918720586301206], [0.06131498669496234, 0.8241518995396404, 0.06768203442466293, 0.046851079340734396], [0.07558845286065455, 0.031239686569899738, 0.8801345387097542, 0.0130373218596915], [0.4982454065054517, 0.0480033149710945, 0.1063725287493848, 0.34737874977406924], [0.5296901511920503, 0.17318431388148955, 0.04944892311526712, 0.2476766118111932], [0.6351845417259259, 0.1470656656974782, 0.14335161997152768, 0.07439817260506805], [0.0011195856798047609, 0.6232369746365231, 0.3061390602155956, 0.06950437946807636], [0.006974818954933108, 0.3660634390734241, 0.28566072588208297, 0.34130101608955987], [0.0034693982835699547, 0.982354545956965, 0.0033927091375235818, 0.010783346621941225], [0.012113991481550788, 0.742989853880583, 0.010203557729928332, 0.23469259690793776], [0.03288657718368641, 0.559613906447325, 0.39104416748435544, 0.016455348884633316], [0.09751219382121594, 0.12097137627734322, 0.019596039210625412, 0.7619203906908152], [0.05349229764308172, 0.30862745518447754, 0.011853785726450752, 0.6260264614459903], [0.20245482408278365, 0.17450461936231365, 0.38867748934422647, 0.2343630672106764], [0.08280297228290838, 0.5377319677782366, 0.220799446131098, 0.15866561380775693], [0.08593214936078433, 0.26324350988586975, 0.041015920205321965, 0.6098084205480241], [0.20831791691377963, 0.5517346647867329, 0.017835679742619764, 0.22211173855686764], [0.1353646320398089, 0.15277583843517833, 0.3702196305796902, 0.34163989894532276], [0.02709449686115653, 0.7488585221334638, 0.06628477456782574, 0.15776220643755368], [0.606378874576897, 0.26886368307755926, 0.02892204807547245, 0.09583539427007107], [0.4913672609262592, 0.13382013758507216, 0.062003371251813155, 0.31280923023685564], [0.5517393936457061, 0.30049240188373433, 0.03558299956051863, 0.11218520491004104], [0.9293937418952761, 0.006220141614278961, 0.0034228227382643536, 0.060963293752180445], [0.05310785042075395, 0.6113758225116535, 0.17327303739129435, 0.16224328967629845], [0.0598706002103725, 0.8426962302498753, 0.062136594662073746, 0.03529657487767859], [0.05826347516287865, 0.7918265751753055, 0.06205925081930612, 0.08785069884250997], [0.006061458482212281, 0.6390185331073178, 0.3325224188241267, 0.02239758958634334], [0.8198667700176416, 0.006150102477440385, 0.15942958464003482, 0.014553542864883307], [0.13511593401555527, 0.12565162974259972, 0.4292231825751927, 0.31000925366665244], [0.03142636519018208, 0.8626210869137051, 0.023188433562744828, 0.08276411433336825], [0.44274605419599894, 0.35222429699451774, 0.08772339337675877, 0.11730625543272477], [0.05516581530071648, 0.3225694478596596, 0.5635998577825022, 0.05866487905712168], [0.7136073653355592, 0.13944809382260256, 0.00692314874312192, 0.14002139209871628], [0.08243730730643854, 0.5957465820155997, 0.027176535857119627, 0.29463957482084213], [0.21181356479530788, 0.656023200184626, 0.04993755558758688, 0.0822256794324791], [0.1807444218155239, 0.14103617064762122, 0.08084060274825335, 0.5973788047886014], [0.1705221199287007, 0.1441069733055215, 0.2631163279257815, 0.42225457883999623], [0.4456514617507508, 0.4104776784721361, 0.0621497536082992, 0.08172110616881367], [0.03273356395908315, 0.6870688940813375, 0.07462193778229706, 0.20557560417728218], [0.4614185131452261, 0.4070595244718097, 0.008929299656998735, 0.12259266272596524], [0.4362903325287535, 0.08146718980205238, 0.017299773195210318, 0.4649427044739836], [0.2748443853588578, 0.027070748822651047, 0.02941190778832522, 0.6686729580301658], [0.12307557073813828, 0.24928948436355408, 0.1358008674208837, 0.4918340774774242], [0.1351877928114797, 0.0951065142178628, 0.0063907785867678086, 0.76331491438389], [0.023193862033709118, 0.4954942656613278, 0.09711393076153053, 0.3841979415434324], [0.14022008385716905, 0.37616110429134314, 0.24514564513209644, 0.23847316671939128], [0.05999874893549209, 0.6624231943020901, 0.14259840044087083, 0.13497965632154693], [0.09615319520819442, 0.240870869412949, 0.5471053815679747, 0.11587055381088189], [0.49363968563984023, 0.11211706070688578, 0.02997011187803521, 0.36427314177523873], [0.3498933439902687, 0.3821252047291108, 0.0038702353357187966, 0.26411121594490145], [0.7799843841083536, 0.16470945047462493, 0.005577776645006045, 0.04972838877201518], [0.08296933283012486, 0.05521713530832419, 0.1048265810929723, 0.7569869507685787], [0.2219505563824564, 0.2529705302164789, 0.04414549072568949, 0.4809334226753751], [0.0392809115311706, 0.8992777913624854, 0.006591176542716005, 0.05485012056362805], [0.12233025372837104, 0.26170091494405184, 0.23545943041485612, 0.38050940091272073], [0.16699141610444432, 0.29799277955753517, 0.04268403540419936, 0.4923317689338214], [0.14617852966378214, 0.595244799637914, 0.11424428049034258, 0.14433239020796157], [0.42075744899288103, 0.41741600666705575, 0.02511920224045649, 0.1367073420996067], [0.27145837234230563, 0.3828038037268465, 0.0018950375371377046, 0.34384278639371046], [0.5947481696832739, 0.030060350674647254, 0.030194934028431163, 0.3449965456136477], [0.03737078890390239, 0.14622715697173563, 0.06933789232365953, 0.7470641618007026], [0.15640978399985692, 0.45081067675370196, 0.11726962196415663, 0.27550991728228447], [0.253493617274551, 0.041122942124534684, 0.45403214653274976, 0.25135129406816464], [0.21257699243619713, 0.20168613144723924, 0.04945957640692259, 0.5362772997096413], [0.20646637696921072, 0.2255719112666598, 0.36141005794363207, 0.2065516538204976], [0.1472844560243936, 0.21517526984005195, 0.19317303116304457, 0.44436724297250985], [0.8620575596444789, 0.0434698806618185, 0.03142584225000104, 0.06304671744370165], [0.008681899890776248, 0.019444383346772863, 0.46154513009256737, 0.5103285866698838], [0.22676530064793982, 0.2546473088292466, 0.06569471245315982, 0.45289267806965383], [0.7044724298712356, 0.14881723916604303, 0.020661657104610657, 0.12604867385811094], [0.3824323652465129, 0.22013852020651664, 0.007920717905120035, 0.3895083966418504], [0.07312501792945265, 0.5829436732763255, 0.006351504316846253, 0.3375798044773756], [0.22542475829222913, 0.06288845155315465, 0.0017082408109830598, 0.7099785493436332], [0.543055946903241, 0.12759242814300722, 0.13718845858349185, 0.19216316637025993], [0.6895102421574992, 0.03329935057898976, 0.16384332274341246, 0.11334708452009844], [0.09050901297851226, 0.3960453431314564, 0.047633950767398854, 0.4658116931226325], [0.2053317483764407, 0.6327127733990582, 0.005929119342778341, 0.1560263588817228], [0.032172088613434374, 0.5327819938814222, 0.0029267998160743634, 0.43211911768906885], [0.16753851444858303, 0.5784491336529889, 0.091983745930646, 0.16202860596778185], [0.013361353697161939, 0.7675183527468755, 0.17296733560066863, 0.04615295795529401], [0.48402706028906023, 0.4292590907576026, 0.018257475083226473, 0.06845637387011104], [0.2812017996078621, 0.10785831697912102, 0.4000219696023958, 0.21091791381062114], [0.07818484441750488, 0.4882632419634754, 0.06719830117951484, 0.3663536124395049], [0.14548685025945252, 0.7123449017253415, 0.06481981752111006, 0.07734843049409593], [0.2122850566104542, 0.08284052206214783, 0.018635270457141532, 0.6862391508702566], [0.20785015624336697, 0.5644491960719128, 0.020284186127159976, 0.2074164615575602], [0.0013831898085160533, 0.025513456666256824, 0.9608500373310773, 0.012253316194149695], [0.4869587292155693, 0.34405308856427436, 0.09999899525687697, 0.06898918696327948], [0.10108398077978985, 0.2751261571512955, 0.03363066550510727, 0.5901591965638076], [0.2993404766895799, 0.5491255655836071, 0.022422274980662116, 0.12911168274615092], [0.16046311326704304, 0.19156050167487518, 0.043383827370253925, 0.6045925576878276], [0.5274996797793836, 0.22303470612705453, 0.10489692454212414, 0.1445686895514378], [0.022989993989992494, 0.04120857235214225, 0.9254542029991513, 0.010347230658713841], [0.3759781474864506, 0.40478900004160245, 0.029979968436851575, 0.1892528840350956], [0.1702445420277639, 0.04851517049339648, 0.04459391659326369, 0.7366463708855759], [0.4052730375621636, 0.11349914557361034, 0.42461472262035216, 0.05661309424387377], [0.10822133023875795, 0.5056985242656392, 0.05763260730193426, 0.32844753819366895], [0.19956157605294342, 0.05380470647887066, 0.0034689307769145993, 0.7431647866912714], [0.03862872982777112, 0.10031090927692096, 0.6508974261357449, 0.21016293475956332], [0.024041629922030294, 0.1026060069555777, 0.028922438415778524, 0.8444299247066136], [0.21473981066138434, 0.30000935649586874, 0.03440303380820532, 0.45084779903454125], [0.23123619273953544, 0.029255214633560938, 0.020021304911710065, 0.7194872877151937], [0.6105148642717494, 0.12977746765987394, 0.021263556205164014, 0.23844411186321246], [0.08993979594570287, 0.5192981329997978, 0.006678361576267268, 0.38408370947823217], [0.8246352493733388, 0.04887638652065504, 0.0059600678787360166, 0.12052829622727014], [0.5199662156508545, 0.3324823601018773, 0.021105143869559587, 0.12644628037770855], [0.008241745972314493, 0.16274564939848774, 0.807466490822799, 0.02154611380639866], [0.38330719796702584, 0.5755732201233084, 0.0035542287774631143, 0.037565353132202765], [0.09572207427953316, 0.07025285915541918, 0.024464649522259102, 0.8095604170427884], [0.21710178079068546, 0.37143063202216076, 0.04518084750349455, 0.3662867396836595], [0.1518406866482131, 0.14179509967422352, 0.006930939263048899, 0.6994332744145144], [0.03093079328983809, 0.4021333576430817, 0.043817251489443355, 0.5231185975776369], [0.3389134409363793, 0.12475968100984476, 0.17568061282728709, 0.3606462652264889], [0.3788400455175717, 0.3053381475752379, 0.2247448353721438, 0.09107697153504646], [0.30859117268815606, 0.2415764917611366, 0.35274106551702367, 0.09709127003368362], [0.04043061867321731, 0.18980630778864546, 0.010222489822468636, 0.7595405837156687], [0.8429774558818123, 0.01309261530121936, 0.020444230718108195, 0.1234856980988602], [0.4739810716737628, 0.14234556230040962, 0.021818892857123445, 0.3618544731687042], [0.05545796398387334, 0.7803275569803576, 0.023514028303847398, 0.14070045073192167], [0.613738021520738, 0.17335474736939, 0.028601104989913983, 0.1843061261199578], [0.29953130605574135, 0.2879682426999831, 0.11446746708815747, 0.2980329841561179], [0.6107432067072193, 0.10305618880644553, 0.005098642523173059, 0.28110196196316234], [0.09054570998131897, 0.5787231218397765, 0.015447037717108519, 0.3152841304617961], [0.40579842215407963, 0.23296131172380682, 0.1620625047647031, 0.19917776135741017], [0.19690242143700912, 0.22440016091564716, 0.13483142774624976, 0.44386598990109394], [0.09429203715649459, 0.18937858608205013, 0.49421592548926613, 0.22211345127218912], [0.17214408226600528, 0.275119146051327, 0.018781771918325526, 0.5339549997643425], [0.01176797840479305, 0.371249813825804, 0.3677314177627345, 0.24925079000666853], [0.6679618567019212, 0.1044943198638836, 0.002613194764571645, 0.22493062866962335], [0.11638519390554435, 0.11376420427856813, 0.7127403053300412, 0.05711029648584616], [0.13307144598834025, 0.044672881489020766, 0.010551217891520233, 0.8117044546311187], [0.13080084469240613, 0.197657644647759, 0.01736211278765167, 0.6541793978721829], [0.0023242207031842345, 0.5068296986041453, 0.07732444453939873, 0.4135216361532715], [0.15385965304052837, 0.2910441811080416, 0.1251912466770079, 0.42990491917442214]]}}