{"test": {"ids": ["105115250", "107120010", "113117401", "101112201", "98111231", "97106000", "100109360", "110114920", "110115980", "113117340", "98113881", "106119990", "104111830", "107113840", "98108370", "99109780", "107114950", "98120530", "105111990", "98107010", "112116900", "99111620", "100112060", "99117740", "113118630", "111116090", "111120540", "106119580", "103110050", "99111340", "106121220", "111115780", "105116090", "108117360", "108121160", "108114200", "105115380", "107114110", "102109010", "108119550", "101110200", "111116040", "102117351", "108120700", "111116110", "111114121", "98110710", "108118520", "108118301", "105115720", "108116070", "101121640", "110116170", "108113740", "99107560", "112121010", "98109090", "101111990", "103110840", "111116411", "99109910", "113119360", "108121410", "110115120", "109117080", "98109311", "101116130", "109116040", "98109570", "99108310", "112116501", "104111620", "111121351", "111120591", "107113550", "112118880", "104113240", "106111321", "97105960", "101111310", "104119340", "108114670", "97112290", "109114720", "111115620", "112121351", "106116820", "109113931", "100108990", "111115910", "100111620", "113120780", "110118161", "104111880", "101108460", "103113640", "104118070", "104112201", "109118231", "113120591", "110118450", "103109021", "101109000", "110115580", "107113360", "98107410", "103117200", "99111440", "103117461", "105114220", "108119510", "100111270", "112121030", "109121351", "109113881", "100109000", "100107920", "110117140", "109117630", "98108150", "112119580", "110120560", "103110220", "107118490", "101110740", "105113260", "110120640", "104111990", "102111990", "106118301", "109116810", "101119030", "100109890", "110119030", "110119891", "107116340", "107121230", "102108621", "103113260", "106120290", "105116441", "97107040"], "labels": [2, 1, 3, 0, 1, 0, 0, 3, 1, 2, 3, 0, 3, 3, 1, 2, 3, 1, 2, 3, 3, 3, 2, 2, 3, 3, 1, 3, 3, 1, 1, 1, 1, 1, 2, 0, 1, 1, 1, 1, 2, 0, 1, 2, 3, 0, 2, 0, 1, 1, 1, 2, 0, 3, 1, 2, 1, 2, 1, 0, 2, 0, 0, 0, 1, 1, 2, 0, 1, 2, 3, 0, 0, 1, 0, 1, 2, 0, 2, 3, 1, 3, 1, 0, 1, 0, 1, 1, 2, 2, 3, 0, 0, 3, 0, 1, 2, 0, 1, 0, 0, 0, 1, 1, 0, 3, 0, 3, 0, 3, 1, 2, 0, 0, 0, 1, 0, 3, 0, 0, 3, 0, 2, 2, 3, 3, 0, 2, 2, 1, 3, 3, 3, 0, 3, 3, 0, 3, 3, 2, 1, 2], "predicted_labels": [1, 3, 3, 0, 0, 3, 3, 1, 1, 1, 1, 2, 1, 3, 3, 3, 3, 3, 3, 2, 1, 1, 3, 0, 3, 3, 3, 1, 1, 2, 3, 3, 1, 1, 3, 1, 3, 3, 1, 3, 1, 3, 3, 0, 2, 1, 1, 3, 1, 2, 1, 1, 3, 0, 1, 2, 0, 3, 1, 0, 1, 0, 1, 3, 1, 3, 1, 3, 3, 3, 0, 0, 1, 0, 3, 0, 3, 3, 0, 1, 3, 0, 2, 2, 3, 1, 3, 1, 2, 2, 0, 3, 3, 3, 3, 1, 3, 0, 0, 2, 1, 1, 0, 0, 0, 0, 0, 1, 3, 3, 3, 1, 0, 0, 0, 0, 0, 0, 3, 3, 1, 3, 1, 2, 1, 0, 1, 1, 1, 3, 3, 3, 0, 3, 3, 3, 1, 3, 1, 1, 3, 0], "confidence_scores": [[0.08035105878521619, 0.39016645492443947, 0.2013409140375784, 0.32814157225276586], [0.20440445780395414, 0.31984373222076307, 0.07685390169582271, 0.39889790827946003], [0.19878669722629008, 0.2604392328237561, 0.09620505531585563, 0.4445690146340983], [0.34720229761067917, 0.2830084844083875, 0.13011161128056659, 0.23967760670036684], [0.37673069253289115, 0.17019393737464622, 0.22544206356904156, 0.22763330652342115], [0.29202026608420806, 0.15052013915871998, 0.21152396771886178, 0.34593562703821024], [0.20243522767906394, 0.19422670067561051, 0.22238930153357753, 0.3809487701117481], [0.15967071767281749, 0.43785130679655565, 0.1372157381748058, 0.265262237355821], [0.15772716850670898, 0.4116450336523398, 0.16002831652009164, 0.27059948132085954], [0.09370009350409514, 0.7383584150710545, 0.0368755771074399, 0.13106591431741055], [0.13349442140630768, 0.5243163940214634, 0.18958243001617053, 0.1526067545560584], [0.06988677837772923, 0.08361253733655523, 0.7680753058473198, 0.07842537843839578], [0.09892955730305165, 0.5185502795657674, 0.10809873039574219, 0.27442143273543895], [0.26636991026497725, 0.18876211863374837, 0.16809747123696941, 0.376770499864305], [0.16214333059729744, 0.2790807860102744, 0.26676057308916923, 0.2920153103032589], [0.24695737350816283, 0.25447720939964363, 0.18021001473190326, 0.3183554023602904], [0.17821584504807053, 0.1937913652634834, 0.154686489034331, 0.4733063006541152], [0.34620662484001546, 0.14152141571004756, 0.11205527350090957, 0.40021668594902754], [0.15939704637869362, 0.1811691643390191, 0.13153932336611254, 0.5278944659161746], [0.13764527583584898, 0.12998110710949753, 0.5471498846749396, 0.185223732379714], [0.20515596586785298, 0.3678165528735887, 0.12391012647570365, 0.30311735478285473], [0.1748008888986268, 0.41411997307254106, 0.24033988724077243, 0.17073925078805977], [0.16213470868319133, 0.29242477791809884, 0.17484943477775183, 0.37059107862095797], [0.5154018971602378, 0.17603461666100223, 0.0774414832179543, 0.2311220029608058], [0.16030360893133472, 0.3433873950551536, 0.09555978787702725, 0.4007492081364845], [0.35007427494535254, 0.18387021067413817, 0.0814655271165413, 0.38458998726396804], [0.10668746754283094, 0.3807214263053937, 0.10525921838636346, 0.40733188776541196], [0.1415911058609294, 0.44071720474334636, 0.17930019392521912, 0.2383914954705052], [0.20176072303646078, 0.6564884360915032, 0.05447182098298702, 0.087279019889049], [0.1411717880091711, 0.259241804432684, 0.42715549908633244, 0.17243090847181242], [0.0619460751604708, 0.114233805567394, 0.3323976157595999, 0.4914225035125354], [0.12364070338798244, 0.17760055461338975, 0.0677602232064059, 0.630998518792222], [0.26084543440753255, 0.3838154406656593, 0.11603067833669645, 0.23930844659011177], [0.21985956736171777, 0.3586375478748011, 0.10466334142725348, 0.31683954333622777], [0.20271200692980984, 0.32432197672555807, 0.09547531432427363, 0.37749070202035845], [0.15330989809562057, 0.5167341128214207, 0.11821780299462928, 0.21173818608832945], [0.07661284634934974, 0.17757814670474342, 0.11087338148650577, 0.6349356254594011], [0.27463542783183487, 0.2195295295256403, 0.10552941872793624, 0.40030562391458857], [0.09185166795107849, 0.39816540545356066, 0.37896800439120154, 0.1310149222041594], [0.21713970860923357, 0.21952736749299823, 0.2464763684739318, 0.31685655542383634], [0.3181150641602266, 0.4263639760002408, 0.07495950980866783, 0.18056145003086485], [0.3511639450492463, 0.09852897004599645, 0.06141345802182305, 0.4888936268829342], [0.24245486570631672, 0.210096733048264, 0.15509136833330509, 0.39235703291211427], [0.3619527733109556, 0.2682082197076942, 0.13238554282090945, 0.2374534641604409], [0.35275206816780164, 0.11268789131437759, 0.3997531757276385, 0.13480686479018217], [0.22116215198632902, 0.4011948493619465, 0.09004202735511957, 0.28760097129660495], [0.148972871076462, 0.6013808200140199, 0.12576824141527526, 0.12387806749424282], [0.2344886620369382, 0.2113454886336317, 0.12421894933484412, 0.4299468999945859], [0.3572723246678507, 0.3745392605917437, 0.06655299739808192, 0.2016354173423237], [0.17133714326022642, 0.2363403258840971, 0.29773509909691653, 0.29458743175876], [0.2403522799586855, 0.36477955158571673, 0.12024480853265261, 0.27462335992294534], [0.12063067101362665, 0.5308925493146747, 0.21795980870494752, 0.13051697096675127], [0.11687620636553461, 0.38955307993667626, 0.07524860877755221, 0.41832210492023697], [0.3435894223188857, 0.31482831457271754, 0.15510081785460658, 0.1864814452537902], [0.09943239482845466, 0.5685857483131805, 0.11587986575474715, 0.21610199110361764], [0.20201302565049004, 0.2156352336024641, 0.36644787578994137, 0.2159038649571047], [0.3140900225917066, 0.2888345509169264, 0.1144794546869806, 0.2825959718043866], [0.24885758479341838, 0.25381728424007527, 0.1694968318825088, 0.3278282990839975], [0.15841759862934124, 0.5436984436041138, 0.08958020173744939, 0.20830375602909565], [0.5643484757071555, 0.1504196545774853, 0.07150451324058882, 0.21372735647477048], [0.21792421673341303, 0.34667423482309406, 0.17372054235030773, 0.26168100609318523], [0.3667170443202114, 0.2109188538722981, 0.05851145225155571, 0.36385264955593477], [0.3011980254435954, 0.4012420088162104, 0.0694963621218235, 0.22806360361837064], [0.08543177619832364, 0.0979199847562325, 0.06778296805799673, 0.7488652709874472], [0.17942002020391146, 0.5563884799678992, 0.07541870615265071, 0.18877279367553867], [0.22100074064034034, 0.15081638074782686, 0.21404402309036014, 0.4141388555214729], [0.16228061335597466, 0.41380192103804037, 0.1350547468311962, 0.28886271877478886], [0.10599367828213181, 0.15516718422817963, 0.21085542401217955, 0.5279837134775089], [0.31987556789683536, 0.1466798809172688, 0.0789010614811432, 0.4545434897047526], [0.19361669849709928, 0.22385158661784038, 0.1459209884854058, 0.43661072639965454], [0.35693270730858556, 0.20879075302792421, 0.1312437183218212, 0.30303282134166926], [0.4290168361289553, 0.20222140477529396, 0.11406107130489754, 0.2547006877908532], [0.19702672925485445, 0.510849574496587, 0.13756231348594725, 0.1545613827626114], [0.519845709656562, 0.14548215597546446, 0.12094171293429286, 0.21373042143368093], [0.21899426630520233, 0.20867306169405708, 0.23307582499515178, 0.33925684700558895], [0.37084828253431523, 0.23921468351794178, 0.07451295451120583, 0.315424079436537], [0.19170931123814824, 0.2499922039345055, 0.07964901214004534, 0.47864947268730107], [0.3523298786850871, 0.20077571464370858, 0.07638743769101186, 0.3705069689801924], [0.5308413051036723, 0.17166286330367886, 0.09724607334594751, 0.20024975824670108], [0.10750817140937437, 0.4671253040345007, 0.302903190224333, 0.12246333433179202], [0.12213549125489671, 0.17040258756596224, 0.19417448712971033, 0.5132874340494308], [0.4368913121831689, 0.18916980678202444, 0.147938812643843, 0.2260000683909638], [0.1605093339680287, 0.2957758695347337, 0.35632836148665564, 0.18738643501058225], [0.058285417452509126, 0.178381160456945, 0.70332430744481, 0.06000911464573602], [0.1037416918636977, 0.17677154699320302, 0.11607580307932223, 0.603410958063777], [0.2875046917952333, 0.43220383891712577, 0.08539389899093501, 0.1948975702967058], [0.11584656733687977, 0.16130693097505536, 0.24093838559625383, 0.4819081160918111], [0.07842265944135472, 0.7223546243894718, 0.05606407672560427, 0.14315863944356952], [0.2078971181674874, 0.289749698430444, 0.3272337860848211, 0.17511939731724746], [0.28260069556282336, 0.21555453161883228, 0.359232367412482, 0.14261240540586262], [0.3320377464499288, 0.32908605794237494, 0.09035908521899055, 0.248517110388706], [0.3198254288638121, 0.2346998837180591, 0.09422315534418134, 0.3512515320739472], [0.13546934861028626, 0.26654168605690803, 0.06431188283910223, 0.5336770824937034], [0.13484659562073348, 0.24854274722457156, 0.10885361462831147, 0.5077570425263835], [0.24257350172803308, 0.23739686225708356, 0.09059626865927112, 0.42943336735561227], [0.23555936194715174, 0.316807370774216, 0.2916846275662058, 0.15594863971242642], [0.14724230385374817, 0.31898736221207374, 0.19385225785090823, 0.3399180760832699], [0.41981681622868244, 0.18347507138161165, 0.07033962638358149, 0.32636848600612445], [0.3173883269498714, 0.16617680394088916, 0.22918826836820488, 0.28724660074103464], [0.11849384998477629, 0.04830926659619905, 0.73032512670958, 0.10287175670944466], [0.11553000033418656, 0.5808170921535594, 0.13460180542293995, 0.1690511020893141], [0.3188242187182258, 0.3977753086557636, 0.1366602508872223, 0.14674022173878823], [0.40811670880273954, 0.18207186216825325, 0.09653324740367306, 0.3132781816253342], [0.3279445558989885, 0.2315381148640328, 0.19873562379303028, 0.24178170544394853], [0.45788924132055997, 0.36223943766510236, 0.06851526632160285, 0.11135605469273485], [0.46303020897970226, 0.18974987371218224, 0.1144359806681235, 0.232783936639992], [0.34547878178663033, 0.2780163223622522, 0.12991643304553446, 0.24658846280558291], [0.17534093101047948, 0.41641217412309167, 0.24557277659729695, 0.16267411826913208], [0.17083427801239087, 0.16266066048309638, 0.12423767047297953, 0.5422673910315331], [0.15072886867341803, 0.20030220042649044, 0.2976313065949826, 0.351337624305109], [0.18107447301913324, 0.22575689926601206, 0.18410996002519278, 0.4090586676896619], [0.13902566226235152, 0.3723674032989132, 0.2147032956218952, 0.27390363881684], [0.38367432929421946, 0.174184910516368, 0.08799487490876633, 0.35414588528064633], [0.4670085249049659, 0.20033248577763524, 0.10959463816008093, 0.22306435115731804], [0.365656972652297, 0.23110070221233356, 0.22911147172948398, 0.17413085340588558], [0.40263618918602617, 0.2893145073526615, 0.07414335390293388, 0.23390594955837854], [0.4114741813356515, 0.2786937673104119, 0.13207933071340427, 0.17775272064053232], [0.5146884658476243, 0.250058455999101, 0.08111657489165497, 0.1541365032616198], [0.29629097276809474, 0.18936722928190675, 0.07511220709832432, 0.439229590851674], [0.27659412211652606, 0.22134433307603024, 0.22235190117009343, 0.27970964363735035], [0.21391512960725106, 0.49798547084115075, 0.11358010701125616, 0.1745192925403421], [0.23779267413871816, 0.21215343700068237, 0.17352600710961608, 0.37652788175098356], [0.21159563699017844, 0.3830851320529575, 0.16552658746499696, 0.23979264349186713], [0.13406624304760165, 0.22188721635346043, 0.4054150229566156, 0.2386315176423224], [0.27085114530347504, 0.4325060320862909, 0.11616545980640816, 0.18047736280382584], [0.5271110018501072, 0.26010284123603583, 0.05470069189147491, 0.15808546502238185], [0.1418133984618898, 0.44054277256611973, 0.08331350664459716, 0.3343303223273934], [0.23915441910870044, 0.42530617383397656, 0.10264369946535833, 0.23289570759196454], [0.27542291899985205, 0.42173471141540625, 0.1345988023602615, 0.16824356722448025], [0.2795403832597776, 0.23097181430217437, 0.09212422338916733, 0.3973635790488808], [0.19833417666150144, 0.15319323337873536, 0.14907965296841524, 0.49939293699134796], [0.18101493134657565, 0.32890709654432115, 0.11612414297077622, 0.37395382913832703], [0.3835978356360995, 0.2854836737603039, 0.1052199218475214, 0.2256985687560752], [0.16211525225310464, 0.2916614163255627, 0.18076821143889898, 0.3654551199824339], [0.150736873250065, 0.2989909807437934, 0.17645729962453247, 0.3738148463816094], [0.18215778340437433, 0.27088196441195295, 0.21629128005402637, 0.3306689721296464], [0.19623392299402093, 0.5215069614425655, 0.11025622740974177, 0.17200288815367193], [0.1453469296668694, 0.1109208524759668, 0.05347599434371519, 0.6902562235134486], [0.21401436952276298, 0.39710834858270355, 0.11061469249691146, 0.2782625893976223], [0.1705449659345708, 0.469449871461469, 0.15595923883322368, 0.20404592377073644], [0.2229577813813412, 0.2274456602559179, 0.08684439207633363, 0.4627521662864072], [0.3246330227090365, 0.3148780956401371, 0.15299632167470936, 0.207492559976117]]}, "rewritten": {"ids": ["97105960", "97106000", "97107040", "97112290", "98107010", "98107410", "98108150", "98108370", "98109090", "98109311", "98109570", "98110710", "98111231", "98113881", "98120530", "99107560", "99108310", "99109780", "99109910", "99111340", "99111440", "99111620", "99117740", "100107920", "100108990", "100109000", "100109360", "100109890", "100111270", "100111620", "100112060", "101108460", "101109000", "101110200", "101110740", "101111310", "101111990", "101112201", "101116130", "101119030", "101121640", "102108621", "102109010", "102111990", "102117351", "103109021", "103110050", "103110220", "103110840", "103113260", "103113640", "103117200", "103117461", "104111620", "104111830", "104111880", "104111990", "104112201", "104113240", "104118070", "104119340", "105111990", "105113260", "105114220", "105115250", "105115380", "105115720", "105116090", "105116441", "106111321", "106116820", "106118301", "106119580", "106119990", "106120290", "106121220", "107113360", "107113550", "107113840", "107114110", "107114950", "107116340", "107118490", "107120010", "107121230", "108113740", "108114200", "108114670", "108116070", "108117360", "108118301", "108118520", "108119510", "108119550", "108120700", "108121160", "108121410", "109113881", "109113931", "109114720", "109116040", "109116810", "109117080", "109117630", "109118231", "109121351", "110114920", "110115120", "110115580", "110115980", "110116170", "110117140", "110118161", "110118450", "110119030", "110119891", "110120560", "110120640", "111114121", "111115620", "111115780", "111115910", "111116040", "111116090", "111116110", "111116411", "111120540", "111120591", "111121351", "112116501", "112116900", "112118880", "112119580", "112121010", "112121030", "112121351", "113117340", "113117401", "113118630", "113119360", "113120591", "113120780"], "labels": [2, 0, 2, 1, 3, 3, 0, 1, 1, 1, 1, 2, 1, 3, 1, 1, 2, 2, 2, 1, 3, 3, 2, 0, 2, 1, 0, 3, 2, 3, 2, 0, 1, 2, 3, 3, 2, 0, 2, 3, 2, 3, 1, 2, 1, 0, 3, 2, 1, 3, 1, 0, 0, 0, 3, 3, 2, 0, 2, 2, 1, 2, 3, 3, 2, 1, 1, 1, 1, 0, 1, 1, 3, 0, 2, 1, 0, 0, 3, 1, 3, 3, 2, 1, 0, 3, 0, 3, 1, 1, 1, 0, 1, 1, 2, 2, 0, 0, 1, 0, 0, 3, 1, 0, 1, 0, 3, 0, 1, 1, 0, 3, 0, 0, 0, 3, 0, 0, 0, 1, 1, 2, 0, 3, 3, 0, 1, 1, 0, 3, 3, 1, 3, 2, 0, 0, 2, 3, 3, 0, 0, 0], "predicted_labels": [1, 2, 3, 1, 2, 0, 3, 1, 1, 3, 2, 2, 3, 0, 0, 1, 0, 3, 3, 1, 3, 2, 3, 0, 1, 1, 3, 1, 2, 0, 2, 0, 0, 1, 0, 1, 2, 1, 1, 0, 1, 3, 3, 0, 0, 2, 1, 0, 1, 3, 0, 1, 1, 0, 2, 3, 0, 2, 1, 2, 2, 3, 0, 2, 1, 1, 0, 2, 2, 0, 3, 1, 1, 0, 3, 3, 0, 2, 1, 1, 3, 3, 3, 0, 1, 1, 1, 0, 0, 0, 0, 0, 0, 0, 0, 0, 3, 0, 1, 2, 1, 3, 1, 0, 1, 0, 3, 3, 3, 1, 3, 0, 0, 0, 2, 0, 0, 1, 3, 3, 0, 1, 1, 0, 1, 0, 3, 0, 1, 3, 1, 0, 0, 2, 0, 0, 3, 1, 1, 0, 0, 1], "confidence_scores": [[0.17698789308044136, 0.39993631992353823, 0.24102389056665707, 0.1820518964293633], [0.17467108163317843, 0.2100677782690575, 0.35751400350576973, 0.2577471365919945], [0.23676192549354133, 0.30428712518139855, 0.12891475505020653, 0.3300361942748535], [0.06355972934019338, 0.5778814449334615, 0.16253170495303418, 0.19602712077331078], [0.17087362205630066, 0.06867702855784433, 0.6496017544161091, 0.11084759496974579], [0.4066653796829686, 0.29530427967565603, 0.0529002285429342, 0.24513011209844124], [0.2834321177412012, 0.12023146085257456, 0.12954638024368786, 0.46679004116253636], [0.33134142358688146, 0.3326820236805842, 0.1354620368622842, 0.20051451587025013], [0.3157018870320025, 0.4187664358422107, 0.09930025472539733, 0.1662314224003895], [0.20184542033488034, 0.09019096067311276, 0.11137646163379392, 0.5965871573582129], [0.21517265605477678, 0.09311178646396576, 0.5894261221429689, 0.10228943533828863], [0.34946131496719324, 0.08436837235682935, 0.3938311486085775, 0.17233916406739996], [0.2686460410783408, 0.15449806024914037, 0.059662282882745166, 0.5171936157897736], [0.4916850444115402, 0.2578814291480684, 0.118935617991185, 0.13149790844920647], [0.6068918114199874, 0.11589193430184472, 0.048462336775261815, 0.22875391750290608], [0.13249204929660865, 0.6274801282936682, 0.07610408052994203, 0.16392374187978132], [0.3095459610115926, 0.20808335759817298, 0.20031865225644502, 0.2820520291337896], [0.24952762463033876, 0.2703628624277539, 0.08643141092738085, 0.3936781020145266], [0.24224343958293504, 0.23170319288628677, 0.20064249595676495, 0.32541087157401327], [0.31114528976792005, 0.32493370156155305, 0.15890856286804528, 0.20501244580248168], [0.35522429787585236, 0.10003797859844239, 0.15019184189396792, 0.39454588163173726], [0.15100572349174277, 0.23769802264497594, 0.5208898827702529, 0.09040637109302845], [0.26114564045595035, 0.17091880096090212, 0.0652185973413943, 0.5027169612417531], [0.32561121298132994, 0.17850265173693047, 0.24866877595792478, 0.24721735932381503], [0.19406378438253133, 0.37723371446726844, 0.16994435789676784, 0.2587581432534325], [0.2569521039321469, 0.2860213366323637, 0.26839173726914456, 0.18863482216634508], [0.2907204020207409, 0.2855897089724975, 0.12112760383785572, 0.3025622851689059], [0.19551463646652092, 0.39048655030830015, 0.04325336091565282, 0.370745452309526], [0.32568700048359955, 0.2096877825923384, 0.36108157935772867, 0.10354363756633354], [0.5242200135871696, 0.15133525558459235, 0.073658020191654, 0.2507867106365839], [0.2676763431987035, 0.21948945916902962, 0.3085361566975163, 0.2042980409347505], [0.3913362315554002, 0.201304866712086, 0.0773468774181993, 0.3300120243143145], [0.2899456111565092, 0.28577681554266304, 0.18441788091669667, 0.2398596923841311], [0.21204340501066227, 0.39782693292790455, 0.2681442945462882, 0.12198536751514505], [0.42984961960560836, 0.1783843390755854, 0.18397475810206726, 0.2077912832167391], [0.09004934392140986, 0.4012914653049236, 0.1911374954204597, 0.31752169535320696], [0.13276912971257937, 0.25599643592532706, 0.4867120656210591, 0.12452236874103453], [0.2738222081354024, 0.3174194193728764, 0.11262275577730996, 0.2961356167144116], [0.23503322112437303, 0.4920703299367322, 0.10366913199194139, 0.16922731694695334], [0.34176697553291946, 0.21133977405675392, 0.10582432553039811, 0.3410689248799284], [0.2253079197832898, 0.37258768419591914, 0.08686734172931249, 0.3152370542914786], [0.18185251836213365, 0.25813055033045085, 0.133336038484936, 0.4266808928224797], [0.1615209158226319, 0.2682297916697232, 0.23850431603681163, 0.3317449764708333], [0.31409898055437097, 0.2712747839050244, 0.2868246813785545, 0.12780155416205033], [0.36200181389285263, 0.3475007336787128, 0.10023299144014221, 0.19026446098829233], [0.2243402447830832, 0.291931818921829, 0.29401265695199014, 0.1897152793430976], [0.15277204422189286, 0.6080877903821612, 0.096437103430861, 0.14270306196508492], [0.3809947487712858, 0.25750460941851333, 0.24527227481074665, 0.11622836699945423], [0.07760618715108134, 0.48936878092621927, 0.08455045119614867, 0.3484745807265507], [0.23320950975133745, 0.2755338415332851, 0.10353853977657261, 0.3877181089388047], [0.3467595425898131, 0.26182195680234355, 0.16017634715874926, 0.23124215344909418], [0.2622403349159421, 0.3167623523715141, 0.1143718688266949, 0.3066254438858488], [0.352813817142813, 0.376715160388156, 0.1043868909255144, 0.16608413154351648], [0.39781790710888243, 0.24896688322182708, 0.11666364990065987, 0.23655155976863054], [0.18971168727466795, 0.27421297791756827, 0.4044884047230747, 0.13158693008468922], [0.16533832274117713, 0.16649875908436368, 0.09912746365994692, 0.5690354545145124], [0.32672804644647924, 0.24648567798629242, 0.10673423666756054, 0.3200520388996678], [0.2518717725126573, 0.12564449867928626, 0.398581502260031, 0.2239022265480256], [0.20552045019204335, 0.6279804647984822, 0.05295279082524946, 0.11354629418422495], [0.20807898631473717, 0.24408131633761887, 0.36997014911162324, 0.1778695482360207], [0.27296987358058394, 0.22491212772784372, 0.28614731482945194, 0.21597068386212032], [0.09806806610439633, 0.1774405646005131, 0.062442728905772495, 0.662048640389318], [0.649434355659951, 0.1284060236971085, 0.05054665850376999, 0.1716129621391706], [0.35051073289873436, 0.17281617305430805, 0.384959987351442, 0.0917131066955156], [0.1849032007640941, 0.43950658373899426, 0.0944349948109696, 0.28115522068594195], [0.2382187338710803, 0.3829503382853024, 0.20503573248923299, 0.17379519535438426], [0.3817523546609265, 0.28339952245266636, 0.07475899862809118, 0.260089124258316], [0.15673955281428809, 0.1432381661635223, 0.5525086531249549, 0.14751362789723452], [0.23608741461934882, 0.24714368880687446, 0.30362886709999176, 0.21314002947378513], [0.3991641063832176, 0.29838835231629446, 0.1286777466033617, 0.17376979469712628], [0.2522591154117183, 0.1964824364064539, 0.05517920821536574, 0.49607923996646186], [0.14917105541185652, 0.5539211434082505, 0.09416265150125226, 0.2027451496786407], [0.18336011317552536, 0.41054328691168984, 0.21428850796959958, 0.1918080919431853], [0.5403975079991059, 0.16555587517516546, 0.06891824768527663, 0.22512836914045203], [0.31405147909068326, 0.24259333215889578, 0.12165568888146228, 0.3216994998689587], [0.18247437577279388, 0.31537304443185066, 0.15203206327246874, 0.3501205165228868], [0.5786645798667727, 0.22050214437765825, 0.07000635835090788, 0.1308269174046611], [0.15579854422897144, 0.17881371634470378, 0.4459685778951679, 0.21941916153115695], [0.2812661483199096, 0.5049991951661845, 0.07953781660212508, 0.13419683991178075], [0.29831147471363134, 0.3540381993692849, 0.099283910583839, 0.24836641533324466], [0.25434857379593473, 0.2104094891961023, 0.16351054786178645, 0.3717313891461765], [0.324980309130681, 0.2080864040123409, 0.13739583477399123, 0.32953745208298685], [0.21089010624670643, 0.31555681855378614, 0.12242762098584738, 0.35112545421366015], [0.3883294710139335, 0.26092835495113686, 0.14999640050138835, 0.20074577353354134], [0.2558225445946517, 0.38004118885203697, 0.11440745807367149, 0.2497288084796398], [0.260957017582391, 0.3407647983646657, 0.2380950078726674, 0.16018317618027575], [0.30611569439332736, 0.3831681728128518, 0.13574705573812923, 0.17496907705569165], [0.3002451711020161, 0.21223874072834506, 0.19171446347812077, 0.2958016246915181], [0.3502101594300308, 0.2366502742307838, 0.18425206260898894, 0.22888750373019667], [0.40679351817196363, 0.38619642117601366, 0.08642480376976212, 0.12058525688226057], [0.33438167513641315, 0.1916100765435276, 0.16172088265455747, 0.31228736566550197], [0.4299548672001111, 0.16386588500475702, 0.19979443394667196, 0.20638481384846005], [0.5046250078742311, 0.134336003396236, 0.07009018574106017, 0.29094880298847275], [0.3370947936480826, 0.25026812724801584, 0.16140137218054942, 0.25123570692335206], [0.35256938372473595, 0.25673779005531006, 0.12230409563131314, 0.2683887305886408], [0.3794835577204546, 0.23557079320049282, 0.15603181190523263, 0.22891383717381997], [0.28169306082178797, 0.3000248172283957, 0.07929319633491622, 0.3389889256149001], [0.48857395408078047, 0.20935834451662275, 0.14337368839375692, 0.15869401300884], [0.13110907840114314, 0.6445333971457616, 0.06127005664110186, 0.1630874678119933], [0.07315816772655082, 0.19536874555214875, 0.6613456783926346, 0.07012740832866589], [0.1657345038529084, 0.3385052811280958, 0.19627567719206107, 0.2994845378269348], [0.1744147244628956, 0.31005831748489343, 0.12676512720493885, 0.38876183084727206], [0.2271158391296814, 0.4677552069766579, 0.10034244444037406, 0.20478650945328672], [0.39543931909366453, 0.1755493800415054, 0.08382889523901824, 0.34518240562581176], [0.2500301934330206, 0.47381106997617495, 0.11043353708894596, 0.16572519950185874], [0.40034511651858434, 0.3664830894563713, 0.1178532880944854, 0.11531850593055909], [0.15357425438946692, 0.1621195009267422, 0.12913136020996663, 0.5551748844738243], [0.17850052171855313, 0.11580281128626094, 0.07195785001648371, 0.6337388169787022], [0.28055204708021747, 0.1768815206747312, 0.15716070312445726, 0.3854057291205941], [0.22332565214019387, 0.38790208267092546, 0.2077237336460088, 0.18104853154287182], [0.20890065124105447, 0.18920774403186555, 0.10240856189124839, 0.4994830428358318], [0.5506276722458597, 0.1776136030180308, 0.08613242222175944, 0.1856263025143501], [0.537508572012608, 0.17364000708051072, 0.08976258580139529, 0.19908883510548597], [0.28425898043173103, 0.2747405911280278, 0.17758607761438272, 0.2634143508258585], [0.11155452702765685, 0.16157273170022107, 0.5132452217108636, 0.21362751956125847], [0.41155853360154915, 0.1359190775618315, 0.0844452353413008, 0.36807715349531867], [0.297084910118552, 0.19298965551164143, 0.23851883926282091, 0.2714065951069858], [0.17293090839994502, 0.5387790410387149, 0.07109500664011756, 0.21719504392122246], [0.2624601318665635, 0.2793497590813738, 0.1370127800072322, 0.3211773290448306], [0.09204898353792777, 0.19953032584157532, 0.053451800569478354, 0.6549688900510185], [0.33007161935512314, 0.15270016853708737, 0.22163323182295686, 0.29559498028483266], [0.2900098308958982, 0.29529949229778335, 0.13702655992067703, 0.27766411688564124], [0.21028947951881352, 0.36464356250206287, 0.08161246427408692, 0.34345449370503667], [0.4113915585478506, 0.21280803719968097, 0.1531021228798246, 0.22269828137264389], [0.2572015162447273, 0.42728380047811765, 0.07468271057736645, 0.24083197269978876], [0.46911051191289255, 0.1208073983222206, 0.11368811330282763, 0.2963939764620593], [0.24943799548780235, 0.26070448612079145, 0.08546675810151291, 0.40439076028989357], [0.5680567113819806, 0.13800672365211408, 0.1819735918074146, 0.11196297315849073], [0.18749097163293704, 0.5871756511467204, 0.06932005164037167, 0.15601332557997083], [0.21749892709240232, 0.34347610759803643, 0.061911860635277434, 0.37711310467428405], [0.20911433434430032, 0.3433752072010478, 0.18824344171613286, 0.25926701673851904], [0.3684522912700811, 0.2757390363600831, 0.1069820007369749, 0.24882667163286085], [0.35879923491842686, 0.22842737179847702, 0.06783428951771284, 0.3449391037653833], [0.08394412505914038, 0.15543809467572345, 0.43443025008694625, 0.32618753017818974], [0.5602053114771678, 0.24386985027623015, 0.06151397722308168, 0.1344108610235204], [0.354727766259676, 0.22884038852740243, 0.16787179176471775, 0.24856005344820403], [0.23884896731475055, 0.31450188885554436, 0.10203750748845272, 0.34461163634125236], [0.2239674945511742, 0.38977381858255133, 0.10732027949039379, 0.2789384073758807], [0.22153220203890733, 0.3610683420910433, 0.26176107740849613, 0.15563837846155332], [0.4729586710563183, 0.22751915020505245, 0.1196325464223819, 0.1798896323162473], [0.33083557725411805, 0.23594600392727613, 0.1326178287695004, 0.30060059004910533], [0.2794729834768717, 0.3252823221740183, 0.1644792868685766, 0.2307654074805334]]}}