{"test": {"ids": ["110120640", "113118820", "102109010", "113120601", "112116900", "102112030", "108114220", "100111620", "101112201", "99111620", "110115580", "101108370", "106116120", "103113640", "98110710", "112116800", "110117140", "100113210", "106113260", "104117630", "108121160", "113117550", "110114950", "106117770", "102109840", "97116500", "112116810", "113119930", "111120280", "97106770", "104109311", "99107500", "111115770", "113122150", "105121370", "103120730", "101119591", "109115220", "100117420", "101112690", "99107660", "109113591", "109116170", "102121700", "110116501", "110121170", "99107950", "113119360", "113119320", "111116750", "100107920", "110117870", "113119120", "107112850", "97105580", "112118421", "99108330", "102116340", "103111540", "112118810", "99109311", "100109311", "107116340", "107113170", "102110500", "99109840", "112116451", "103113170", "109117431", "97112830", "102109850", "97106970", "109119591", "104113000", "110118111", "103113101", "111114121", "100111080", "106111321", "97113900", "112118701", "99107630", "105120280", "107118120", "105119950", "110118121", "101114020", "100109910", "105121190", "108114180", "101109000", "112117780", "113119700", "110116441", "106114880", "97111790", "97107920", "97116401", "111116530", "109117730", "113122190", "113120830", "113122230", "101111310", "109118820", "100111270", "113118231", "102110690", "99111930", "107113180", "105110251", "109117080", "98120530", "97116800", "111120640", "107114140", "110115710", "105118171", "112119320", "99107640", "109113281", "107121540", "108120280", "98113881", "104111380", "97118210", "102113350", "111119300", "107119130", "107113260", "98111231", "110118810", "105113620", "112118511", "110119030", "109116810", "111116290", "107121230", "108118630", "112119450", "99109910", "101111620"], "labels": [0, 0, 1, 2, 3, 2, 3, 3, 0, 3, 1, 1, 1, 1, 2, 0, 3, 0, 3, 0, 2, 3, 0, 0, 2, 2, 3, 1, 0, 3, 3, 0, 3, 2, 2, 1, 0, 3, 2, 1, 3, 3, 0, 1, 3, 2, 1, 0, 1, 3, 0, 3, 3, 1, 1, 3, 1, 3, 1, 3, 1, 1, 3, 0, 3, 2, 0, 3, 1, 2, 1, 2, 0, 1, 1, 3, 0, 0, 0, 2, 0, 2, 3, 3, 3, 3, 3, 2, 2, 1, 1, 0, 0, 3, 0, 2, 0, 3, 3, 3, 1, 3, 1, 3, 3, 2, 3, 0, 1, 3, 0, 1, 1, 0, 0, 2, 2, 3, 1, 1, 0, 2, 3, 3, 3, 2, 3, 1, 1, 0, 1, 1, 0, 1, 0, 3, 2, 0, 1, 3, 2, 3], "predicted_labels": [1, 3, 2, 3, 3, 2, 1, 1, 0, 1, 1, 1, 1, 0, 1, 3, 0, 1, 1, 1, 1, 3, 3, 2, 1, 0, 0, 1, 3, 1, 3, 2, 3, 3, 3, 1, 3, 3, 1, 0, 0, 3, 3, 1, 1, 2, 2, 3, 0, 0, 2, 2, 0, 1, 2, 0, 1, 2, 0, 0, 0, 0, 3, 1, 3, 2, 0, 0, 1, 3, 2, 2, 3, 1, 3, 1, 0, 3, 1, 1, 0, 3, 2, 0, 3, 1, 1, 0, 1, 1, 3, 3, 3, 1, 1, 1, 3, 1, 0, 3, 0, 1, 2, 2, 1, 1, 1, 0, 3, 3, 3, 1, 1, 0, 1, 1, 3, 0, 1, 1, 1, 1, 0, 1, 0, 3, 1, 2, 1, 1, 2, 3, 1, 0, 1, 0, 3, 3, 1, 0, 3, 1], "confidence_scores": [[0.2136071873381163, 0.3487222313115784, 0.10816371267016955, 0.3295068686801357], [0.17183267584285697, 0.33950599923555425, 0.06949481221069392, 0.41916651271089483], [0.15023659231021155, 0.13787427157027013, 0.5142036005700859, 0.19768553554943247], [0.14325183338770578, 0.2079154283133677, 0.16455123696946009, 0.4842815013294665], [0.20429237064784525, 0.2630237055948308, 0.06312816417754022, 0.4695557595797838], [0.2631783791977557, 0.22888971623296683, 0.3611417287418797, 0.1467901758273979], [0.3099351050974738, 0.486558583178709, 0.07173528757407262, 0.13177102414974456], [0.2763082209355783, 0.4137164704914405, 0.12134353025098395, 0.1886317783219973], [0.416978979347862, 0.23793615567864235, 0.096887370362173, 0.2481974946113229], [0.19084495762673054, 0.6082540092932165, 0.15461953163505188, 0.04628150144500109], [0.2495643464872697, 0.4399865733020572, 0.11891509735067342, 0.19153398285999967], [0.2804987640128413, 0.3374306333519685, 0.1025766128178963, 0.2794939898172939], [0.24757117997026618, 0.2672021875811448, 0.24050662066224449, 0.24472001178634475], [0.4622523433577595, 0.14911230020708457, 0.2660647379100695, 0.12257061852508658], [0.1366618205839535, 0.42233199964324164, 0.18577422335776364, 0.25523195641504104], [0.08053124990921047, 0.14005381265589636, 0.05688982027638425, 0.7225251171585092], [0.3155924917395326, 0.3052370704763623, 0.09354713201558428, 0.2856233057685208], [0.19861628282502108, 0.4053760110605896, 0.1634570274240609, 0.2325506786903284], [0.27593150907402114, 0.4509246567583517, 0.11793838079039086, 0.1552054533772364], [0.11566598301410161, 0.40990684806625477, 0.3273932210257143, 0.14703394789392935], [0.24470798254891432, 0.41015176848382556, 0.16891648012595262, 0.17622376884130767], [0.16695409806059475, 0.3439488600558065, 0.1348822075826579, 0.354214834300941], [0.2664460968131778, 0.3178181276643975, 0.09331475186724981, 0.32242102365517483], [0.09504729012899192, 0.1617626410686799, 0.5650757941182731, 0.1781142746840551], [0.24247577507475632, 0.36587856545141445, 0.24083086380947685, 0.15081479566435244], [0.4980049311932947, 0.1631117887966739, 0.147552954902302, 0.1913303251077294], [0.4012416466190496, 0.3084035860173576, 0.1516619647901785, 0.1386928025734142], [0.2990755964122531, 0.43020010209808707, 0.09451419136893574, 0.17621011012072407], [0.290767235036665, 0.13170922079655545, 0.2466933939923237, 0.33083015017445583], [0.24678064596146018, 0.3166305367399412, 0.22422404828822895, 0.2123647690103696], [0.2754020883634402, 0.2458645832346467, 0.08234163984632283, 0.39639168855559037], [0.2612397848092031, 0.26458820291089585, 0.30900040694509057, 0.16517160533481043], [0.21874442084588688, 0.2707954189786686, 0.10488265596506602, 0.4055775042103786], [0.2645409326812923, 0.27005650814758875, 0.08672827743156879, 0.37867428173955026], [0.17693085720074628, 0.30739757531346223, 0.17889234758962327, 0.33677921989616827], [0.1554908576796612, 0.5492040809864568, 0.12021635609076631, 0.1750887052431158], [0.2755468617389728, 0.21510000887979308, 0.10300707540214063, 0.40634605397909346], [0.1864737054142805, 0.15937032110640786, 0.07084163544493699, 0.5833143380343747], [0.20156717690887044, 0.3395911084951733, 0.1918338151672436, 0.2670078994287127], [0.3222475634815444, 0.1881928192254281, 0.27617761741392705, 0.21338199987910036], [0.5486709577569315, 0.1638127851802549, 0.10246250397864219, 0.18505375308417144], [0.28802743024762084, 0.2403103471645771, 0.15816790445160037, 0.31349431813620166], [0.19206895424074527, 0.23263321159632158, 0.19007680266527457, 0.3852210314976585], [0.17041563003583185, 0.342537465160072, 0.33218380124391367, 0.1548631035601824], [0.3068564878050912, 0.3591123127179928, 0.08902042793984072, 0.24501077153707532], [0.1262465515455082, 0.2801757358163864, 0.40161930992704215, 0.19195840271106338], [0.11293398317716828, 0.2695621255401771, 0.3723527079209635, 0.24515118336169103], [0.30182480014344487, 0.27713767344769763, 0.047596218638222505, 0.37344130777063506], [0.5672710580380069, 0.16807491138732122, 0.12030159701662232, 0.14435243355804972], [0.42838857800955044, 0.2319754047059825, 0.1383847798105739, 0.2012512374738931], [0.15385774948121056, 0.12841240678627577, 0.5500974582115128, 0.1676323855210008], [0.2873726728805495, 0.24351574350399313, 0.29939354194659723, 0.16971804166886015], [0.35988875183123153, 0.2937473869741488, 0.11153137858554368, 0.23483248260907608], [0.25492262081776806, 0.4851330214750225, 0.11995854367854095, 0.13998581402866866], [0.1035644834917836, 0.24828382937162483, 0.4711833701709847, 0.17696831696560694], [0.3967182339168162, 0.36245268224914073, 0.05186244588877167, 0.18896663794527135], [0.2816273635108991, 0.34827748406066894, 0.13368503414341648, 0.23641011828501554], [0.114599214473486, 0.20389717022631607, 0.4815484527578345, 0.19995516254236345], [0.3691447032578223, 0.23592411788111936, 0.12865328726103342, 0.2662778916000251], [0.37557154898910156, 0.2878643943546531, 0.07818516647275835, 0.25837889018348714], [0.30923068079368604, 0.2262209434630075, 0.25958710693859505, 0.20496126880471133], [0.3433732185841182, 0.2569135004272687, 0.17641703402951625, 0.2232962469590968], [0.2700737338845705, 0.3114109016517453, 0.09965992431394814, 0.3188554401497361], [0.209996585805432, 0.4271514499228853, 0.14821655311818588, 0.21463541115349677], [0.23809774630214875, 0.18549807877498223, 0.15527287605876305, 0.42113129886410594], [0.15014893378027883, 0.3036976370511192, 0.40812657302247174, 0.13802685614613033], [0.5876648994755984, 0.09508077156095986, 0.04076566760108608, 0.2764886613623557], [0.49918894859691343, 0.22875556838616312, 0.1273995780333725, 0.14465590498355116], [0.26107614810046026, 0.33613394947548064, 0.23394601998901693, 0.16884388243504217], [0.2535350419748207, 0.24088839950401728, 0.19874227213071124, 0.30683428639045096], [0.08944388756416928, 0.1785808273117842, 0.5835572462607659, 0.14841803886328075], [0.17037936558161723, 0.27965802525189865, 0.3227282194516196, 0.22723438971486462], [0.1803403067297988, 0.26364953544935493, 0.06514468812393602, 0.4908654696969101], [0.21200095540989947, 0.4358645602190797, 0.11240054984355245, 0.23973393452746825], [0.20138710356392972, 0.29289043103213086, 0.20837808822390297, 0.2973443771800366], [0.1087457838436354, 0.5560700615929584, 0.14991876624898218, 0.18526538831442418], [0.5404234498401671, 0.15281072514766117, 0.11084636609241053, 0.1959194589197612], [0.23463757926021386, 0.25796412970401894, 0.18971338422812112, 0.3176849068076463], [0.07939724403311414, 0.4546637045786864, 0.04188179532632343, 0.42405725606187605], [0.19149790280093745, 0.3742491224754456, 0.12586982971880928, 0.3083831450048077], [0.677417917825798, 0.13704690325596103, 0.043242730347999574, 0.14229244857024134], [0.13693998839841723, 0.08008766648268299, 0.05517930267029722, 0.7277930424486028], [0.15485954487078712, 0.3100415066558255, 0.443895195453428, 0.09120375301995948], [0.4824392041712616, 0.2544570766732453, 0.08725921860879873, 0.17584450054669432], [0.29214772221551494, 0.25527412915144754, 0.15557812026816997, 0.2970000283648676], [0.22862111637500454, 0.44178167137547797, 0.08394274485423475, 0.24565446739528268], [0.21722459842167144, 0.3607959612419202, 0.15952022561919196, 0.26245921471721656], [0.36879688346377426, 0.262106578836177, 0.1749136949077512, 0.1941828427922976], [0.1624411164308889, 0.33578606467236, 0.20612324088426748, 0.2956495780124837], [0.08430169688638785, 0.5761967199901403, 0.07454657083354152, 0.26495501228993024], [0.12308302427141717, 0.21638489479446887, 0.05798227756591994, 0.602549803368194], [0.14711567684080454, 0.10895482109451066, 0.0761851481676194, 0.6677443538970654], [0.312737773455864, 0.21288538973574614, 0.08560157464955813, 0.38877526215883174], [0.07626856471280204, 0.5563472602687078, 0.2146679959406846, 0.1527161790778055], [0.2284395695180315, 0.3002010447545307, 0.250643653201489, 0.2207157325259489], [0.24680602198375345, 0.302562969363776, 0.15217003220232536, 0.2984609764501452], [0.2793966329973921, 0.17394175261532976, 0.08453938954333644, 0.46212222484394166], [0.2520903670683809, 0.547154086509282, 0.08027207957195594, 0.12048346685038111], [0.33051110172148424, 0.3081943454046342, 0.09192455435324866, 0.2693699985206327], [0.1920715202743713, 0.28241376950255814, 0.07977207124752624, 0.4457426389755444], [0.42601145152836306, 0.17118776691834423, 0.1532019165418987, 0.24959886501139406], [0.23979063565197017, 0.3322800833884353, 0.23395682443535828, 0.19397245652423636], [0.1807011059275159, 0.22652794194763354, 0.4109450502440706, 0.1818259018807801], [0.07521004675167672, 0.0884481892151822, 0.461084329573258, 0.375257434459883], [0.35581616195508964, 0.37212205787795494, 0.10869452087850398, 0.16336725928845147], [0.17760559807332466, 0.4054232600876224, 0.11229829820025493, 0.30467284363879804], [0.11149522665191772, 0.44108980579959894, 0.1886349166717934, 0.2587800508766901], [0.5092004880479046, 0.15803717828032893, 0.10536958821748249, 0.22739274545428395], [0.21155810987275322, 0.11964148465390512, 0.08958521553642201, 0.5792151899369196], [0.08326532972054171, 0.32154895818812235, 0.10406857225390388, 0.4911171398374321], [0.19706693980060636, 0.16015267618299645, 0.0781343698364976, 0.5646460141798997], [0.17013175867018593, 0.5302881848045238, 0.09886559654999981, 0.20071445997529025], [0.14724977245310747, 0.4396627711529926, 0.24497293895159264, 0.16811451744230735], [0.3069352346883486, 0.2380534135106836, 0.1704662733677218, 0.284545078433246], [0.2371047751771407, 0.46322042884369313, 0.12024015653157603, 0.1794346394475901], [0.12662713947049672, 0.3517291618405275, 0.2292330885248035, 0.29241061016417247], [0.20338850678403592, 0.1869146356534393, 0.16909982633111395, 0.440597031231411], [0.6415271859241202, 0.20868785170797746, 0.04676721977882718, 0.10301774258907508], [0.23043221086511853, 0.3932775621444571, 0.17479233411768677, 0.2014978928727378], [0.16861019849821643, 0.43440742621368256, 0.13439197925731336, 0.26259039603078754], [0.32539115924057566, 0.42855907552062905, 0.07345628680140043, 0.17259347843739506], [0.12634128313312182, 0.4552162554080132, 0.1951524423576532, 0.2232900191012119], [0.3058422727878219, 0.24341188807793, 0.21778592050193132, 0.23295991863231694], [0.15538265468637807, 0.380258894793691, 0.3157360864540632, 0.14862236406586773], [0.2909613833675169, 0.23526755817750858, 0.2510732587252666, 0.2226977997297079], [0.14126598006227675, 0.22378337754263003, 0.12738683021315153, 0.5075638121819417], [0.14196606597079492, 0.5811478260489675, 0.07932320054835502, 0.1975629074318825], [0.2346389795214775, 0.26854752947048877, 0.285556650676665, 0.21125684033136877], [0.13354285751649977, 0.5289602004230585, 0.08926868144117786, 0.24822826061926387], [0.17023759937886193, 0.3250006200631871, 0.20191703421873103, 0.30284474633921993], [0.17744088216818285, 0.12058534598899343, 0.4870228427772291, 0.21495092906559457], [0.31166010381802006, 0.29008624372148006, 0.08503801700913495, 0.31321563545136477], [0.20485145318941697, 0.5231045288070519, 0.0877711954036582, 0.18427282259987282], [0.3557857929866943, 0.2965947588118636, 0.12624665928309495, 0.22137278891834733], [0.17793865827451602, 0.4152157349657355, 0.12828364297249845, 0.27856196378724996], [0.4463972257311437, 0.24549406247535138, 0.14132078254003394, 0.1667879292534711], [0.12887847582199358, 0.24029589526638287, 0.3023303548063146, 0.32849527410530904], [0.17657800233027832, 0.21230679317221676, 0.18504812228042328, 0.4260670822170817], [0.23224526499918474, 0.3527030928668078, 0.13714602421301414, 0.2779056179209935], [0.34282067385604836, 0.3236589287806583, 0.1447163396429348, 0.18880405772035877], [0.21931690631745795, 0.25693369853314907, 0.2428786744772159, 0.2808707206721771], [0.3333928308789625, 0.42840308174256, 0.1248335086829534, 0.1133705786955244]]}, "rewritten": {"ids": ["97105580", "97106770", "97106970", "97107920", "97111790", "97112830", "97113900", "97116401", "97116500", "97116800", "97118210", "98110710", "98111231", "98113881", "98120530", "99107500", "99107630", "99107640", "99107660", "99107950", "99108330", "99109311", "99109840", "99109910", "99111620", "99111930", "100107920", "100109311", "100109910", "100111080", "100111270", "100111620", "100113210", "100117420", "101108370", "101109000", "101111310", "101111620", "101112201", "101112690", "101114020", "101119591", "102109010", "102109840", "102109850", "102110500", "102110690", "102112030", "102113350", "102116340", "102121700", "103111540", "103113101", "103113170", "103113640", "103120730", "104109311", "104111380", "104113000", "104117630", "105110251", "105113620", "105118171", "105119950", "105120280", "105121190", "105121370", "106111321", "106113260", "106114880", "106116120", "106117770", "107112850", "107113170", "107113180", "107113260", "107114140", "107116340", "107118120", "107119130", "107121230", "107121540", "108114180", "108114220", "108118630", "108120280", "108121160", "109113281", "109113591", "109115220", "109116170", "109116810", "109117080", "109117431", "109117730", "109118820", "109119591", "110114950", "110115580", "110115710", "110116441", "110116501", "110117140", "110117870", "110118111", "110118121", "110118810", "110119030", "110120640", "110121170", "111114121", "111115770", "111116290", "111116530", "111116750", "111119300", "111120280", "111120640", "112116451", "112116800", "112116810", "112116900", "112117780", "112118421", "112118511", "112118701", "112118810", "112119320", "112119450", "113117550", "113118231", "113118820", "113119120", "113119320", "113119360", "113119700", "113119930", "113120601", "113120830", "113122150", "113122190", "113122230"], "labels": [1, 3, 2, 0, 2, 2, 2, 3, 2, 0, 2, 2, 1, 3, 1, 0, 2, 1, 3, 1, 1, 1, 2, 2, 3, 1, 0, 1, 2, 0, 2, 3, 0, 2, 1, 1, 3, 3, 0, 1, 3, 0, 1, 2, 1, 3, 0, 2, 3, 3, 1, 1, 3, 3, 1, 1, 3, 3, 1, 0, 0, 0, 3, 3, 3, 2, 2, 0, 3, 0, 1, 0, 1, 0, 3, 0, 2, 3, 3, 1, 0, 2, 1, 3, 1, 3, 2, 0, 3, 3, 0, 3, 1, 1, 3, 3, 0, 0, 1, 2, 3, 3, 3, 3, 1, 3, 1, 0, 0, 2, 0, 3, 2, 3, 3, 1, 0, 0, 0, 0, 3, 3, 0, 3, 1, 0, 3, 1, 3, 3, 3, 0, 3, 1, 0, 0, 1, 2, 3, 2, 1, 1], "predicted_labels": [2, 1, 1, 3, 1, 2, 0, 0, 0, 2, 1, 3, 3, 2, 3, 0, 3, 0, 0, 2, 3, 0, 1, 0, 1, 3, 3, 0, 3, 1, 3, 1, 1, 1, 1, 3, 3, 0, 0, 3, 0, 3, 1, 1, 1, 3, 0, 2, 1, 0, 0, 1, 1, 0, 0, 1, 0, 0, 3, 1, 0, 3, 0, 0, 3, 1, 1, 1, 1, 2, 2, 2, 1, 1, 1, 3, 1, 0, 0, 1, 1, 2, 1, 0, 0, 0, 1, 0, 1, 1, 1, 0, 2, 3, 0, 0, 3, 1, 1, 3, 1, 3, 1, 2, 2, 0, 1, 1, 3, 3, 0, 3, 2, 1, 0, 3, 0, 1, 0, 3, 3, 0, 3, 0, 0, 0, 0, 1, 0, 3, 1, 2, 3, 0, 3, 1, 1, 1, 0, 0, 3, 1], "confidence_scores": [[0.2075756608691438, 0.19032792256743986, 0.37930594504817394, 0.2227904715152425], [0.26626116881027145, 0.30980918035218924, 0.16434501839587856, 0.2595846324416608], [0.17058707825294392, 0.4086313133194767, 0.1479145690977531, 0.27286703932982626], [0.3487307933164299, 0.1307865890883611, 0.09731290551877565, 0.4231697120764332], [0.2768937969603469, 0.28567941027425503, 0.1594270323031458, 0.27799976046225217], [0.22081742908048302, 0.20980278173567854, 0.3021411552390567, 0.2672386339447819], [0.31567706982465155, 0.19572465810469133, 0.26781924287535197, 0.22077902919530537], [0.421955584945831, 0.24706457249260047, 0.11639987128721249, 0.21457997127435602], [0.3113431002324932, 0.30039992206946486, 0.20111503254171484, 0.1871419451563272], [0.2717827586835239, 0.10742263849360455, 0.3585174486810765, 0.2622771541417951], [0.2469322743221306, 0.4452069878677946, 0.15484368426994316, 0.1530170535401316], [0.17319062444473593, 0.28300331359218156, 0.15542898695243879, 0.3883770750106437], [0.1845586667863746, 0.16690730454072084, 0.26700123163604794, 0.3815327970368567], [0.24854995920334205, 0.3249266169772417, 0.3398067940446976, 0.08671662977471865], [0.12181998453460278, 0.3032704747114352, 0.15774252842043646, 0.41716701233352566], [0.31161913379193384, 0.2971896551644131, 0.19891793870801758, 0.19227327233563557], [0.26768015845303467, 0.1792763815206172, 0.18407082206831185, 0.36897263795803614], [0.3262745300694401, 0.22680751187672601, 0.14103131373392205, 0.3058866443199119], [0.38789054413137386, 0.2601064392500637, 0.14784524047115835, 0.2041577761474041], [0.08350887722106348, 0.27883161641111825, 0.48785477672938105, 0.14980472963843725], [0.1906944504302605, 0.2956830079402165, 0.15887619731543567, 0.35474634431408725], [0.3283906435096352, 0.2779180489345611, 0.28770970679109176, 0.10598160076471196], [0.15802348022920548, 0.34505508012363945, 0.3287990018133237, 0.1681224378338314], [0.29981451604267173, 0.24658137106249398, 0.1834208659530849, 0.2701832469417495], [0.2578116880323728, 0.5450076697636274, 0.082656037767477, 0.11452460443652276], [0.08343993309666702, 0.20486926001748734, 0.09324022467584707, 0.6184505822099987], [0.26976187705562854, 0.22514804752247525, 0.19019902316229556, 0.3148910522596007], [0.3617755169560091, 0.18828088631660722, 0.14815684939862886, 0.3017867473287548], [0.2113001444128291, 0.16153268431512452, 0.2841433254474637, 0.3430238458245826], [0.21047069628985948, 0.32864733027638754, 0.22356224529708071, 0.23731972813667218], [0.1684506865655262, 0.26416156416887154, 0.16735615874579915, 0.40003159051980314], [0.0968053364459071, 0.6422432559546458, 0.07437544451411005, 0.186575963085337], [0.275723719150482, 0.42342140830124486, 0.1268841431810192, 0.17397072936725394], [0.2814008156437703, 0.4643187206521465, 0.09004777346811615, 0.16423269023596704], [0.27215585015021243, 0.42898228513780706, 0.09361877942147981, 0.2052430852905007], [0.07895327450450791, 0.10977255063907893, 0.05140189226554831, 0.7598722825908649], [0.10291608949009991, 0.193934651213358, 0.20263051017523323, 0.5005187491213089], [0.4498523665846776, 0.31077244121712316, 0.0985436473571247, 0.14083154484107469], [0.5151086438597444, 0.19303094293307077, 0.10300602644578784, 0.188854386761397], [0.1675077212501525, 0.15000140220884875, 0.3123456408199989, 0.37014523572099983], [0.27474412453556046, 0.26684883234921336, 0.18860627410132036, 0.2698007690139058], [0.2800877742395593, 0.13458508399617497, 0.22611655019943205, 0.35921059156483387], [0.24257029074801464, 0.40867586447053517, 0.15098686226889127, 0.19776698251255886], [0.3082006932643111, 0.44443413781572977, 0.10493480778084807, 0.14243036113911106], [0.10475283875234528, 0.42811139758072103, 0.33307468963286985, 0.13406107403406367], [0.1700841156666696, 0.30216106870842324, 0.08938102129291936, 0.4383737943319879], [0.382822004610279, 0.23048773046943508, 0.12244593170376857, 0.2642443332165176], [0.11462555315547264, 0.06835363141788439, 0.7462191679440406, 0.07080164748260226], [0.15793536947582393, 0.6824147913551104, 0.07308169168758089, 0.08656814748148474], [0.36588276584483953, 0.14958492522382044, 0.13734965931872734, 0.34718264961261286], [0.2733113396379015, 0.24532965372829812, 0.21177180549801708, 0.2695872011357833], [0.238908707819911, 0.3267199900265356, 0.11881366320187527, 0.3155576389516782], [0.11158689345485011, 0.6817782935370533, 0.09680106893649046, 0.10983374407160608], [0.4101406601049608, 0.20200037120517475, 0.1808330060941313, 0.20702596259573305], [0.4135532060124024, 0.11769367257995614, 0.33721267139937294, 0.1315404500082687], [0.27393096910987796, 0.39927063606888347, 0.13809605555381416, 0.18870233926742455], [0.332129340898616, 0.18821650792294442, 0.20619603773542416, 0.27345811344301546], [0.380350901024842, 0.29448984277881024, 0.12914113645996944, 0.19601811973637834], [0.15071875243025581, 0.2431191641302069, 0.16976421684933962, 0.4363978665901976], [0.1781838320476119, 0.49198681452964105, 0.16117376886476115, 0.16865558455798588], [0.3709105480236074, 0.2574609517318491, 0.12639956988221357, 0.24522893036233012], [0.20325566968743247, 0.23206765590986497, 0.24362368410919058, 0.32105299029351203], [0.4765669690393625, 0.209283399891814, 0.09186317753749074, 0.22228645353133292], [0.46527605242914694, 0.1747575952229761, 0.1386083646882819, 0.221357987659595], [0.31385924466649423, 0.20832559403867146, 0.15119377636465836, 0.3266213849301758], [0.21626972586114038, 0.343546569875569, 0.1679037731640468, 0.27227993109924403], [0.22265730693329477, 0.5495362667535867, 0.1059417351407947, 0.12186469117232392], [0.23685305494360434, 0.5798063401685828, 0.08452353513123434, 0.09881706975657847], [0.30814724607278354, 0.5043775681300631, 0.09109374726384056, 0.09638143853331278], [0.1669302848435886, 0.25391226256901, 0.40297843672848455, 0.17617901585891685], [0.14906433115111525, 0.13291376958779738, 0.5681101512142755, 0.14991174804681184], [0.2180989335064351, 0.26061724205045983, 0.31279792959962566, 0.20848589484347949], [0.13321266779724159, 0.6345657318805464, 0.08908034570817343, 0.1431412546140387], [0.19782013511443866, 0.3380262884083818, 0.17394499066159427, 0.2902085858155854], [0.09090130866440825, 0.4880792753175353, 0.07734255605076562, 0.34367685996729075], [0.19131672900949903, 0.25862154825839656, 0.22640355044504382, 0.32365817228706073], [0.17443341488513595, 0.4335865533919055, 0.1292560021687801, 0.2627240295541785], [0.32069588728843673, 0.2816757672708628, 0.12611794192151146, 0.27151040351918904], [0.4448123735430351, 0.22567654462842396, 0.11345199440645927, 0.2160590874220817], [0.2070894851956786, 0.40343273218940584, 0.1532810242264966, 0.2361967583884191], [0.21197193640620277, 0.4156203020573518, 0.12229855191620373, 0.25010920962024186], [0.11853830296159514, 0.2105410813414445, 0.5203595782680522, 0.15056103742890806], [0.11016240989767379, 0.5832530221406114, 0.1104678896398002, 0.19611667832191468], [0.37211407246848144, 0.321600721409494, 0.06483958261426359, 0.24144562350776114], [0.34924236667026304, 0.2904173160877997, 0.1320779276036784, 0.2282623896382589], [0.3067102133441859, 0.20304961549383738, 0.2788166785060145, 0.21142349265596225], [0.15615577655209764, 0.5129709501000095, 0.09713066994225758, 0.2337426034056353], [0.46043279281207333, 0.23615740860831363, 0.11404215364956179, 0.18936764493005118], [0.16273876841070475, 0.6061223301773035, 0.06554453706966583, 0.1655943643423259], [0.22428661407247386, 0.33976009649618294, 0.25061207417641235, 0.18534121525493097], [0.22059727761411646, 0.3485746131550407, 0.14236043594614187, 0.2884676732847009], [0.3604343941478922, 0.2832789149750198, 0.17622131545007905, 0.18006537542700898], [0.2373679583931289, 0.28536691858976165, 0.3089684622749536, 0.16829666074215596], [0.17669011508091614, 0.151895437596656, 0.08205274940534014, 0.5893616979170878], [0.3745325069148478, 0.3239245510513047, 0.1099781113372824, 0.1915648306965652], [0.48303089493898554, 0.23469100019187708, 0.14106191025168555, 0.141216194617452], [0.16014036280729424, 0.1575089450604659, 0.06450970228996002, 0.6178409898422799], [0.23703336406571576, 0.4524129993948433, 0.10574855292284986, 0.2048050836165911], [0.2721335849400743, 0.5418903079900741, 0.10006494819863497, 0.08591115887121666], [0.23834665050331322, 0.24238364359267242, 0.20557382720521697, 0.31369587869879745], [0.09679172174864689, 0.7598715695144141, 0.04751743279450645, 0.09581927594243267], [0.20664936541921808, 0.3278359466826028, 0.10257395017874703, 0.3629407377194323], [0.40582396001122056, 0.42431012100998344, 0.07163058653694215, 0.0982353324418538], [0.09143379521548872, 0.11257774130823092, 0.7042961263218039, 0.09169233715447649], [0.12244523563368843, 0.14154709635813562, 0.6758547072423405, 0.06015296076583538], [0.3644188446783538, 0.31078071199101026, 0.19008715262200285, 0.13471329070863322], [0.1908972362093223, 0.35344326698696876, 0.12006677855702191, 0.335592718246687], [0.3241266900243088, 0.35388338906829303, 0.17221795196526402, 0.1497719689421341], [0.19181506751154107, 0.26288848120659597, 0.23415182919365643, 0.31114462208820653], [0.15259154106515696, 0.20983953226477878, 0.0678873927937154, 0.5696815338763488], [0.5776326695845846, 0.1404385363374496, 0.10187178548692005, 0.1800570085910457], [0.20844263367206323, 0.2728612217713561, 0.10475578711792209, 0.41394035743865865], [0.1958267671398245, 0.18694915431667655, 0.3572948086591949, 0.25992926988430415], [0.3435989839596376, 0.35279959472898537, 0.09219064950945782, 0.21141077180191933], [0.5464985350039611, 0.18219286913550264, 0.1573664289248405, 0.113942166935696], [0.12686340189152986, 0.22660589378537885, 0.2085088739669456, 0.43802183035614584], [0.32379487713699684, 0.12281227802164417, 0.28738898519104056, 0.2660038596503184], [0.2347989789351585, 0.4570729476360424, 0.06961309875872719, 0.23851497467007207], [0.621794263919394, 0.11835409630904682, 0.11029197280931315, 0.14955966696224607], [0.1663546015344682, 0.10259758661112364, 0.2123178479148068, 0.5187299639396012], [0.26632869272476933, 0.2580524406223981, 0.13597956475048414, 0.3396393019023483], [0.37079024128222493, 0.26438016739712633, 0.10395199136229794, 0.2608775999583507], [0.12698785200729854, 0.15443562608672856, 0.0642738799476488, 0.6543026419583241], [0.6776490337082578, 0.15177634466092185, 0.05501560649705632, 0.11555901513376386], [0.4040398667206924, 0.2525729885509199, 0.07957502676616253, 0.26381211796222503], [0.4426201305905977, 0.23875348832439597, 0.05950549328088749, 0.25912088780411907], [0.3838824465995907, 0.22179373238638547, 0.0567759762522651, 0.33754784476175864], [0.19988275784182377, 0.410007417447834, 0.21024207720220608, 0.17986774750813614], [0.37619948411115717, 0.2836727783827477, 0.10286072182453171, 0.2372670156815636], [0.2029928581834554, 0.26153516374233404, 0.12873382809267056, 0.40673814998154006], [0.2777621160932876, 0.30897314122479697, 0.2234163199787983, 0.1898484227031172], [0.17885017986139218, 0.19793926904725212, 0.37043464647424185, 0.25277590461711413], [0.2528328624446014, 0.21383884336969974, 0.08872185044014945, 0.44460644374554936], [0.3526477362782745, 0.19979871074803657, 0.1537242824053015, 0.2938292705683873], [0.22932343696203206, 0.13489583277310513, 0.034490479934218464, 0.6012902503306441], [0.190958318139835, 0.33740043153053534, 0.27617439727490717, 0.1954668530547226], [0.21662605118874484, 0.43980853882724186, 0.12405483497601186, 0.21951057500800128], [0.20730021251937625, 0.27730414581974944, 0.2646995652693599, 0.2506960763915145], [0.36085518443657244, 0.21614682225614554, 0.1831566985518236, 0.2398412947554588], [0.284948931003659, 0.2814144652704904, 0.16120447604185978, 0.2724321276839908], [0.22679015817382406, 0.261550850212561, 0.1628055082712582, 0.3488534833423566], [0.32670777205539026, 0.48786956100521756, 0.10507719218109612, 0.08034547475829619]]}}