{"test": {"ids": ["110118121", "97105960", "109119340", "101108460", "98109090", "107112850", "100115700", "103110840", "112118620", "104114320", "104111711", "110118450", "103113101", "111120531", "98108410", "113118620", "104109311", "110115140", "112117780", "107121230", "111116530", "111117480", "100107920", "101112690", "106116850", "106118301", "98111231", "97112290", "98113881", "111114941", "100120010", "104111550", "108115870", "100109330", "98110810", "113121220", "110117500", "104113550", "107113130", "103109641", "108118630", "103118291", "102112301", "111118301", "98111670", "99108010", "106118820", "99109780", "111117000", "106116370", "103113170", "101114020", "113118630", "103120730", "102111990", "104113240", "112116810", "97107681", "112117471", "109117730", "108120700", "105114220", "99108310", "101119030", "99108520", "97107821", "98110680", "113118111", "108114040", "111116100", "102109910", "112121430", "113122430", "113119300", "108115500", "107119950", "112118820", "110118880", "109119460", "112121410", "102107961", "113120540", "102117351", "97116410", "100108520", "111119150", "100109801", "111120260", "108117720", "105116501", "97109570", "106117650", "112119500", "102116500", "102110750", "97107260", "111115400", "99109311", "105115250", "104114240", "112117431", "99108460", "99111340", "112116900", "103117200", "113122190", "100109890", "112116640", "101108370", "100113370", "111115910", "113117401", "107114140", "106118520", "110115980", "106116120", "112121351", "111115620", "112120270", "106121220", "112118550", "101121640", "110120540", "98106111", "110116170", "111121351", "107120260", "111116640", "99114890", "105113190", "108115970", "112117790", "110118701", "110115890", "113122220", "112118471", "110118181", "109118820", "105117200", "99109161", "105118230", "111119290"], "labels": [3, 2, 3, 0, 1, 1, 1, 1, 3, 2, 1, 0, 3, 0, 1, 3, 3, 0, 0, 0, 3, 1, 0, 1, 3, 1, 1, 1, 3, 0, 0, 1, 3, 0, 1, 3, 1, 1, 1, 1, 1, 0, 1, 3, 1, 2, 3, 2, 0, 2, 3, 3, 3, 1, 2, 2, 3, 3, 3, 3, 2, 3, 2, 3, 2, 2, 2, 1, 0, 3, 2, 2, 2, 1, 3, 3, 0, 0, 1, 0, 3, 3, 1, 3, 2, 3, 0, 3, 1, 1, 0, 1, 2, 1, 1, 2, 0, 1, 2, 0, 0, 0, 1, 3, 0, 1, 3, 0, 1, 3, 2, 3, 2, 2, 1, 1, 0, 1, 0, 1, 3, 2, 1, 0, 0, 0, 1, 0, 2, 3, 2, 3, 3, 2, 1, 1, 1, 3, 3, 3, 1, 3], "predicted_labels": [3, 3, 0, 0, 3, 1, 0, 1, 3, 1, 3, 3, 3, 1, 0, 3, 3, 3, 0, 3, 3, 1, 3, 3, 1, 3, 0, 0, 3, 3, 3, 1, 3, 0, 1, 1, 1, 0, 1, 3, 3, 0, 3, 1, 3, 1, 3, 1, 3, 0, 1, 3, 1, 1, 0, 1, 0, 3, 1, 0, 3, 0, 0, 0, 1, 0, 1, 3, 3, 0, 0, 0, 1, 3, 1, 1, 1, 3, 3, 1, 3, 0, 0, 3, 0, 3, 1, 0, 3, 0, 0, 3, 1, 3, 1, 3, 1, 1, 3, 0, 1, 3, 1, 0, 0, 3, 0, 3, 0, 3, 3, 3, 1, 1, 3, 0, 3, 1, 1, 1, 3, 3, 1, 1, 3, 1, 1, 0, 1, 0, 3, 3, 3, 3, 1, 3, 0, 1, 3, 0, 1, 3], "confidence_scores": [[0.2427314213564214, 0.25983189033189036, 0.16467352092352092, 0.33276316738816747], [0.2718878066378066, 0.25646085858585865, 0.1804632034632035, 0.29118813131313137], [0.30473726273726276, 0.2770205627705629, 0.19717851592851587, 0.22106365856365873], [0.3124011544011545, 0.2519695165945166, 0.20624289109583227, 0.22938643790849675], [0.2122389971139971, 0.257327380952381, 0.23700577200577197, 0.29342784992785004], [0.21115891053391053, 0.34017963980463983, 0.18405934343434344, 0.2646021062271063], [0.30449808524808525, 0.22471005383505382, 0.23638898601398609, 0.2344028749028749], [0.2536157314907316, 0.30030021367521376, 0.2153760267510267, 0.23070802808302812], [0.259770979020979, 0.26424791874791875, 0.15498114385614384, 0.3209999583749585], [0.28158616383616397, 0.28285683760683766, 0.2098673924115101, 0.22568960614548852], [0.24673611111111104, 0.2570611471861472, 0.204203823953824, 0.2919989177489178], [0.17258791208791205, 0.3245611471861472, 0.1740646853146853, 0.3287862554112554], [0.2713131868131867, 0.2625334942834943, 0.1816899211899212, 0.28446339771339774], [0.26023699992817645, 0.3115109604447841, 0.19125414862914863, 0.23699789099789112], [0.2939112831612832, 0.2719601232101233, 0.1890917554667555, 0.24503683816183813], [0.26383032245532245, 0.2584028332778334, 0.17334062750974513, 0.30442621675709913], [0.29029234572616935, 0.2201690539852305, 0.17608821733821733, 0.3134503829503829], [0.22412806637806637, 0.23817514430014433, 0.24141224747474752, 0.29628454184704195], [0.31725663144045496, 0.2197675388337153, 0.1813446414696414, 0.28163118825618827], [0.17711387223887218, 0.24064070651570657, 0.2028430735930736, 0.37940234765234776], [0.22402507215007217, 0.3009538239538239, 0.1720407647907648, 0.30298033910533917], [0.2230237817737818, 0.31416767954267955, 0.1684707514707514, 0.2943377872127873], [0.26396614496614507, 0.23337330724830718, 0.1403484987234987, 0.36231204906204906], [0.24336946386946384, 0.25004332677126806, 0.24374052826258708, 0.2628466810966811], [0.22228625541125538, 0.3110452741702743, 0.21908098845598845, 0.24758748196248195], [0.26379544067044064, 0.2793515928515929, 0.15462287712287714, 0.3022300893550895], [0.30413682151182164, 0.2663179736929737, 0.16790613553113556, 0.2616390692640692], [0.2834211760461761, 0.27406024531024537, 0.19774278499278491, 0.24477579365079374], [0.2666475468975471, 0.27057234432234445, 0.1903533411033411, 0.2724267676767678], [0.23016928904428902, 0.29121319396977297, 0.14975295099637204, 0.32886456598956587], [0.23052940115440104, 0.2525003607503609, 0.25091937229437233, 0.26605086580086584], [0.22119567932067938, 0.3217091242091242, 0.15776343101343104, 0.29933176545676554], [0.22713816738816742, 0.25983122433122435, 0.14918506493506498, 0.36384554334554337], [0.28199478299478303, 0.2569518259518259, 0.18013398692810456, 0.2809194041252865], [0.23539457764457772, 0.3090893412143412, 0.2614911893661894, 0.19402489177489177], [0.20545590520590526, 0.28758609446109445, 0.24898920523920523, 0.25796879509379517], [0.2844300838050839, 0.2959725274725275, 0.16073135198135197, 0.25886603674103686], [0.3859054834054835, 0.20404924242424244, 0.1590376984126984, 0.25100757575757565], [0.2725579281829281, 0.32454839604839614, 0.21800892163392166, 0.18488475413475414], [0.2152772089022089, 0.2690104756354757, 0.23056661394161396, 0.2851457015207015], [0.18335278610278613, 0.2836188672438673, 0.17403629703629697, 0.3589920496170496], [0.2787628066378067, 0.24272485847485867, 0.2109190066469478, 0.26759332824038706], [0.24657803307803305, 0.2910538766788768, 0.15659841547341544, 0.30576967476967487], [0.2673711566211565, 0.2933696442446443, 0.19715911865911867, 0.24210008047508055], [0.27289657564657577, 0.17455645743145745, 0.24662019924519932, 0.3059267676767677], [0.25547494090876455, 0.26608547090164747, 0.23399099511599514, 0.2444485930735931], [0.222486235986236, 0.294809829059829, 0.18282509157509153, 0.29987884337884346], [0.28100432900432903, 0.31801726051726037, 0.18113984626484625, 0.2198385642135643], [0.2406913225663227, 0.27080062992563003, 0.18032066544566544, 0.30818738206238205], [0.3005387806637807, 0.2063833666333667, 0.19676412476412478, 0.2963137279387279], [0.1431834415584415, 0.34826388888888893, 0.25523160173160175, 0.25332106782106784], [0.24583827283827286, 0.2532753635253636, 0.23220598845598847, 0.26868037518037524], [0.2390965423465423, 0.3093852536352537, 0.18917001054501054, 0.2623481934731935], [0.24987873237873234, 0.33235743423243425, 0.15674099511599507, 0.2610228382728383], [0.29414051226551224, 0.2786765873015874, 0.16402725052725053, 0.2631556499056499], [0.20059996539408304, 0.33238131313131325, 0.24275811688311685, 0.2242606045914869], [0.31897907647907653, 0.23097564935064938, 0.1918809523809524, 0.25816432178932186], [0.19858570596070593, 0.21963512876012875, 0.28705891330891337, 0.29472025197025187], [0.2836329920079921, 0.2980746753246754, 0.17094047619047617, 0.24735185647685662], [0.27569756632256626, 0.25325763125763134, 0.21322703685203692, 0.2578177655677655], [0.2717402597402598, 0.25102831890331895, 0.15794850288600285, 0.31928291847041845], [0.3233846292596293, 0.2554686008436009, 0.1813412698412699, 0.23980550005550005], [0.28843722943722944, 0.2693598484848485, 0.18758225108225107, 0.2546206709956709], [0.3077420634920635, 0.2563457792207792, 0.14979229797979793, 0.2861198593073593], [0.21216648629148627, 0.35139929514929513, 0.21646289821289824, 0.21997132034632036], [0.3345166916416916, 0.2559762459762461, 0.17745763958263955, 0.2320494227994228], [0.26157278138528134, 0.2954606039385452, 0.23343171207877092, 0.2095349025974026], [0.27527658452658454, 0.2116747835497836, 0.17992514430014428, 0.3331234876234877], [0.18661165223665216, 0.23355543068043066, 0.2004469835719836, 0.3793859335109335], [0.3330579004329005, 0.26952795815295816, 0.13955957930957927, 0.2578545621045621], [0.2976541514041515, 0.23120347707847702, 0.2144540043290043, 0.2566883671883672], [0.33815315934065937, 0.21935935592185593, 0.15318993506493503, 0.2892975496725498], [0.2159397546897547, 0.2967018953268953, 0.19763475413475412, 0.2897235958485958], [0.24179305416805424, 0.20737234987234987, 0.20864790764790764, 0.3421866883116884], [0.21417932067932072, 0.290400668775669, 0.2281763236763236, 0.2672436868686869], [0.1792015623265623, 0.31886032023532035, 0.22641540404040406, 0.27552271339771345], [0.2914355505605506, 0.29230266955266954, 0.16545695970695973, 0.2508048201798202], [0.2835815295815296, 0.18194209956709959, 0.17376731601731601, 0.3607090548340549], [0.21940373515373515, 0.2919544344544344, 0.1848425324675325, 0.303799297924298], [0.28341131091131094, 0.29314640914640916, 0.17961742424242427, 0.24382485569985574], [0.26047064128681774, 0.2263897483235718, 0.2167715201465202, 0.29636809024309035], [0.3580795454545454, 0.2461401515151515, 0.16105952380952382, 0.23472077922077925], [0.32304978354978353, 0.2562025613275614, 0.15517045454545456, 0.26557720057720063], [0.23950135975135967, 0.24787067099567092, 0.21496890609390604, 0.2976590631590633], [0.33330695693195705, 0.17779065379065379, 0.20435274447774443, 0.2845496447996449], [0.2136639055389056, 0.2411391247641248, 0.2155600649350649, 0.3296369047619049], [0.2798800643800644, 0.29402651515151523, 0.20289989177489176, 0.22319352869352868], [0.28878681041181037, 0.27259571678321676, 0.15590990259740256, 0.2827075702075703], [0.22778571428571429, 0.23444839392633512, 0.20666114930820814, 0.3311047424797426], [0.3691726190476193, 0.28085839160839166, 0.13615356865356865, 0.2138154206904208], [0.32709457209457216, 0.22259541847041842, 0.203388260432378, 0.24692174900263136], [0.2521961233211234, 0.2750299422799422, 0.1847098318348318, 0.28806410256410264], [0.19851984126984124, 0.3622344877344878, 0.19213095238095232, 0.2471147186147186], [0.2282302558552558, 0.2484490093240092, 0.19193116605616606, 0.3313895687645687], [0.22127021589521587, 0.3201065046065047, 0.23380937118437117, 0.22481390831390832], [0.192905747030747, 0.222329822954823, 0.2740420967920968, 0.3107223332223332], [0.26216612554112556, 0.3119715562215562, 0.12689267676767674, 0.29896964146964156], [0.22277826340326345, 0.2935976384726384, 0.19045670995671, 0.29316738816738824], [0.25916011766011765, 0.2829874986124986, 0.1682157842157842, 0.28963659951159954], [0.28249468586968596, 0.2580628260628261, 0.19555620768120766, 0.26388628038628037], [0.2768261183261184, 0.294652417027417, 0.1682360556110556, 0.260285409035409], [0.26585167610167604, 0.23602731990231987, 0.22446780996781, 0.2736531940281941], [0.20764052614052617, 0.3035203823953824, 0.2398309190809191, 0.24900817238317244], [0.3128160311910313, 0.25010712898212906, 0.16775974025974022, 0.2693170995670996], [0.3050446906035142, 0.2388243570155335, 0.18287687312687312, 0.27325407925407935], [0.24357045732045735, 0.2399851026166816, 0.20518980580822685, 0.31125463425463434], [0.29496374458874475, 0.2568382034632035, 0.18226226551226546, 0.2659357864357865], [0.21437752525252532, 0.2385277777777778, 0.17902200577200578, 0.3680726911976913], [0.36044742757242765, 0.19781204906204913, 0.15556199356199352, 0.28617852980352987], [0.1915225468975469, 0.2531096681096682, 0.21972041847041857, 0.3356473665223666], [0.2779982933732935, 0.26354316027110153, 0.16429174093879975, 0.29416680541680534], [0.21181270118770115, 0.3076147324897326, 0.15155645743145743, 0.32901610889110894], [0.2577543983793983, 0.30903307803307806, 0.1607831846516057, 0.272429338935918], [0.22466468253968255, 0.3399064407814408, 0.17565110787904903, 0.2597777687998276], [0.26396062271062276, 0.25849901487401483, 0.17321844821844823, 0.30432191419691423], [0.2958327922077922, 0.2905312049062049, 0.1656911976911977, 0.24794480519480516], [0.28003638028638034, 0.25209916472416477, 0.17745350482850483, 0.29041095016095025], [0.28111663336663345, 0.28968141580641577, 0.1705813492063492, 0.25862060162060163], [0.16838637751137747, 0.3446740620490622, 0.23398712398712396, 0.2529524364524364], [0.23718709068709073, 0.3278075396825397, 0.16582557720057717, 0.26917979242979245], [0.2399701270951271, 0.2856145382395383, 0.11729816017316015, 0.35711717449217445], [0.2329542957042958, 0.2520748556998559, 0.1624847374847375, 0.3524861111111111], [0.2156311327561327, 0.34680790043290044, 0.16092400654900652, 0.2766369602619603], [0.2909295288045288, 0.29467418692418695, 0.17283580308580304, 0.2415604811854813], [0.23805808080808077, 0.23399512987012983, 0.23099256299256307, 0.2969542263292263], [0.2710951556613322, 0.29480064298446657, 0.1536274697524697, 0.2804767316017316], [0.21032527195027184, 0.29682324619824624, 0.21797258297258304, 0.27487889887889905], [0.28103878066378074, 0.24622137584637588, 0.2096266233766233, 0.2631132201132202], [0.21896488233988232, 0.30691240703740713, 0.22310155122655126, 0.25102115939615943], [0.36267575480075487, 0.2128875013875014, 0.136192155067155, 0.2882445887445889], [0.23407142857142868, 0.29817436729936747, 0.16357713120213116, 0.30417707292707297], [0.2728454184704185, 0.1787757936507936, 0.17799711399711401, 0.3703816738816739], [0.1937218614718615, 0.23457233044733045, 0.24212914862914872, 0.3295766594516596], [0.17727541902541902, 0.29501874024668145, 0.17985180587386473, 0.3478540348540349], [0.22634854034854038, 0.3240478965478966, 0.21502117327117332, 0.23458238983238983], [0.23287968975468976, 0.24501863414363417, 0.1897242063492064, 0.3323774697524698], [0.28570532245532243, 0.2833668137418138, 0.1589430153180153, 0.27198484848484855], [0.23461657786657786, 0.27400090187590204, 0.22679139610389612, 0.26459112415362424], [0.263573051948052, 0.266818722943723, 0.19307855339105334, 0.27652967171717174], [0.30070580808080805, 0.299847582972583, 0.18881418173329934, 0.21063242721330963], [0.2706008297258298, 0.2737449494949495, 0.18739844877344874, 0.26825577200577205], [0.15113297894915542, 0.2942512201850438, 0.2139338023088022, 0.3406819985569986]]}, "rewritten": {"ids": ["97105960", "97107260", "97107681", "97107821", "97109570", "97112290", "97116410", "98106111", "98108410", "98109090", "98110680", "98110810", "98111231", "98111670", "98113881", "99108010", "99108310", "99108460", "99108520", "99109161", "99109311", "99109780", "99111340", "99114890", "100107920", "100108520", "100109330", "100109801", "100109890", "100113370", "100115700", "100120010", "101108370", "101108460", "101112690", "101114020", "101119030", "101121640", "102107961", "102109910", "102110750", "102111990", "102112301", "102116500", "102117351", "103109641", "103110840", "103113101", "103113170", "103117200", "103118291", "103120730", "104109311", "104111550", "104111711", "104113240", "104113550", "104114240", "104114320", "105113190", "105114220", "105115250", "105116501", "105117200", "105118230", "106116120", "106116370", "106116850", "106117650", "106118301", "106118520", "106118820", "106121220", "107112850", "107113130", "107114140", "107119950", "107120260", "107121230", "108114040", "108115500", "108115870", "108115970", "108117720", "108118630", "108120700", "109117730", "109118820", "109119340", "109119460", "110115140", "110115890", "110115980", "110116170", "110117500", "110118121", "110118181", "110118450", "110118701", "110118880", "110120540", "111114941", "111115400", "111115620", "111115910", "111116100", "111116530", "111116640", "111117000", "111117480", "111118301", "111119150", "111119290", "111120260", "111120531", "111121351", "112116640", "112116810", "112116900", "112117431", "112117471", "112117780", "112117790", "112118471", "112118550", "112118620", "112118820", "112119500", "112120270", "112121351", "112121410", "112121430", "113117401", "113118111", "113118620", "113118630", "113119300", "113120540", "113121220", "113122190", "113122220", "113122430"], "labels": [2, 2, 3, 2, 0, 1, 3, 0, 1, 1, 2, 1, 1, 1, 3, 2, 2, 0, 2, 3, 1, 2, 1, 2, 0, 2, 0, 0, 3, 3, 1, 0, 1, 0, 1, 3, 3, 2, 3, 2, 1, 2, 1, 1, 1, 1, 1, 3, 3, 0, 0, 1, 3, 1, 1, 2, 1, 0, 2, 3, 3, 2, 1, 3, 1, 1, 2, 3, 1, 1, 2, 3, 1, 1, 1, 2, 3, 1, 0, 0, 3, 3, 2, 1, 1, 2, 3, 3, 3, 1, 0, 2, 1, 0, 1, 3, 1, 0, 3, 0, 1, 0, 0, 1, 2, 3, 3, 0, 0, 1, 3, 3, 3, 3, 0, 0, 0, 3, 3, 0, 3, 0, 3, 1, 3, 3, 0, 2, 0, 0, 0, 2, 3, 1, 3, 3, 1, 3, 3, 1, 1, 2], "predicted_labels": [0, 1, 3, 0, 0, 0, 0, 0, 0, 1, 1, 1, 0, 3, 0, 1, 0, 3, 0, 0, 0, 0, 1, 1, 3, 3, 0, 1, 0, 1, 0, 0, 0, 0, 3, 1, 0, 3, 1, 0, 1, 0, 1, 0, 0, 0, 0, 1, 3, 0, 1, 1, 0, 3, 0, 1, 0, 0, 3, 0, 0, 1, 0, 1, 0, 1, 0, 1, 0, 3, 1, 3, 1, 1, 1, 1, 3, 1, 3, 3, 1, 3, 3, 3, 3, 3, 0, 3, 0, 3, 0, 3, 3, 3, 0, 0, 0, 3, 1, 0, 1, 1, 1, 0, 3, 0, 3, 3, 1, 1, 0, 3, 3, 1, 1, 1, 3, 0, 0, 0, 0, 0, 3, 0, 1, 3, 0, 1, 1, 0, 1, 0, 3, 3, 0, 1, 3, 0, 3, 3, 1, 3], "confidence_scores": [[0.28605808080808076, 0.25463178488178495, 0.1853188825063825, 0.2739912518037518], [0.2443617354867356, 0.2859717782217783, 0.22559554334554333, 0.24407094294594298], [0.2385439421689422, 0.21479011266511264, 0.22586696636696638, 0.3207989787989789], [0.33118628512010867, 0.2546658072319837, 0.17536562049062046, 0.23878228715728714], [0.29689171939171943, 0.23398755411255412, 0.2027598888040065, 0.2663608376917201], [0.2818665917415918, 0.23846750471750483, 0.23494108669108665, 0.24472481684981687], [0.276994227994228, 0.2692216810966811, 0.18963290875790872, 0.26415118215118233], [0.28267728105228107, 0.27339334276834276, 0.21348759573759576, 0.2304417804417806], [0.3376624209124208, 0.25359466921966933, 0.15945414307914305, 0.24928876678876677], [0.26089069264069265, 0.2732979797979797, 0.2007949134199134, 0.2650164141414142], [0.27298223304473307, 0.30335551948051953, 0.1729475108225108, 0.25071473665223665], [0.24724357586857593, 0.3078491508491508, 0.22899621212121207, 0.21591106116106118], [0.3128250777000778, 0.2525982628482628, 0.18178739316239315, 0.25278926628926635], [0.27425777000777, 0.20146670690420698, 0.20747438672438673, 0.3168011363636364], [0.28234156121656123, 0.2747213342213343, 0.20589898989898983, 0.23703811466311464], [0.2744924242424243, 0.2756877150627151, 0.21566185203685204, 0.23415800865800862], [0.3041847041847043, 0.27308369408369415, 0.18323520923520925, 0.23949639249639257], [0.25881598956598956, 0.26160292485292486, 0.14917475579975575, 0.3304063297813298], [0.28967465867465875, 0.2605027056277056, 0.2071888528138529, 0.2426337828837829], [0.35077199189699193, 0.22093935231435222, 0.19174131016042778, 0.2365473456282281], [0.28433567821067834, 0.2503422827172827, 0.2005659161100338, 0.2647561229620053], [0.2941269841269842, 0.28335708735708726, 0.18741383616383614, 0.23510209235209234], [0.22357431457431465, 0.3121653485403486, 0.23899843212343216, 0.22526190476190472], [0.24220725108225102, 0.28763515651015664, 0.19873613886113886, 0.2714214535464536], [0.22619796869796865, 0.272620670995671, 0.20213816738816742, 0.2990431929181929], [0.28259340659340665, 0.230094474969475, 0.20111419136419137, 0.28619792707292707], [0.28659773559773566, 0.25296794871794875, 0.20280333147244914, 0.2576309842118666], [0.2592330961522139, 0.2847721722721723, 0.21251515151515157, 0.2434795800604624], [0.31480609668109677, 0.23424675324675331, 0.179491341991342, 0.2714558080808081], [0.20572144522144523, 0.28723430735930744, 0.26071731740481746, 0.2463269300144301], [0.3025038433788434, 0.28040134865134864, 0.18814697394109156, 0.22894783402871638], [0.3112104978354978, 0.2255289987789989, 0.22626014263514269, 0.23700036075036082], [0.34205024142524154, 0.19080869130869132, 0.13741816516816519, 0.329722902097902], [0.322644660894661, 0.2610099206349206, 0.17869002525252525, 0.23765539321789333], [0.2747673715173716, 0.2711111478390891, 0.17056484283690165, 0.28355663780663776], [0.2895878427128427, 0.29836861749361754, 0.16664400876900878, 0.2453995310245311], [0.3341688311688311, 0.22819047619047617, 0.18503418109668104, 0.2526065115440116], [0.23133073870573884, 0.23990369352869367, 0.1883780663780664, 0.34038750138750146], [0.2922311585473349, 0.29320451688834037, 0.19997498334998337, 0.21458934121434126], [0.3405870518370518, 0.21967317404817396, 0.1800140692640692, 0.2597257048507049], [0.2537824675324675, 0.34052218614718627, 0.18320508658008655, 0.2224902597402598], [0.3403774975024976, 0.26307875457875457, 0.15064189976689976, 0.24590184815184807], [0.2687686618936619, 0.30766569541569555, 0.15070677933177937, 0.2728588633588634], [0.2835019841269841, 0.26315548340548334, 0.20575337162837162, 0.24758916083916094], [0.348250235875236, 0.23824483849483852, 0.16650595238095234, 0.24699897324897332], [0.3118611666111667, 0.1954551559551559, 0.20677146464646456, 0.28591221278721285], [0.291861568986569, 0.2624557387057387, 0.19878744866244877, 0.24689524364524376], [0.2670402791652791, 0.2737881285381286, 0.19309276834276837, 0.26607882395382404], [0.22138082750582766, 0.2715005411255411, 0.20622330447330448, 0.30089532689532694], [0.2835697627535863, 0.2540826542738307, 0.18611767399267395, 0.27622990897990907], [0.25209271284271284, 0.31162029637029653, 0.17825009712509712, 0.25803689366189364], [0.24527422577422578, 0.336875111000111, 0.16997548285048286, 0.24787518037518036], [0.30276873126873133, 0.2483459595959597, 0.148539738039738, 0.30034557109557114], [0.248148088023088, 0.270462481962482, 0.1967341547341547, 0.28465527528027534], [0.2690081168831168, 0.24854599567099567, 0.22972294372294372, 0.25272294372294374], [0.22751262626262633, 0.32963202075702086, 0.23789040126540117, 0.2049649517149517], [0.3853801615051615, 0.18996357808857806, 0.15930690836940836, 0.265349352036852], [0.30622691197691204, 0.23204563492063496, 0.17043181818181816, 0.2912956349206349], [0.24383405483405485, 0.2778239538239538, 0.19543093997505764, 0.28291105136693384], [0.3446519183430947, 0.1865390989729225, 0.13384781884781882, 0.33496116383616387], [0.30604088966588966, 0.2817421744921746, 0.16040476190476188, 0.251812173937174], [0.2951173548673549, 0.3256702880452881, 0.17515656565656568, 0.20405579143079142], [0.32614586802086815, 0.31215072427572427, 0.13016666666666665, 0.23153674103674116], [0.2671862581862582, 0.30286724386724395, 0.17520496170496166, 0.25474153624153617], [0.32624381174381184, 0.22546386946386948, 0.16499554612054618, 0.2832967726717726], [0.25448971861471853, 0.27699166111666124, 0.19451916139416137, 0.2739994588744589], [0.36543861693861684, 0.1999159035409036, 0.1668918165168165, 0.267753663003663], [0.2005616883116883, 0.2841688311688313, 0.2327489177489177, 0.2825205627705627], [0.3136259998171762, 0.2751830383668619, 0.18248809523809523, 0.22870286657786662], [0.2933837828837829, 0.24282418969918979, 0.17010966810966813, 0.29368235930735936], [0.3016356421356421, 0.31522420634920645, 0.14185057507851628, 0.2412895764366353], [0.2646738955488956, 0.25615469252969253, 0.1769768564768565, 0.3021945554445555], [0.25182756132756134, 0.3013374403374403, 0.14554748029748021, 0.3012875180375179], [0.23196825396825393, 0.2930321067821068, 0.22397958577370347, 0.25102005347593576], [0.27020328282828276, 0.27294552669552674, 0.21402589975384084, 0.24282529072234948], [0.22412415362415367, 0.31788583638583645, 0.207922619047619, 0.2500673909423909], [0.22903002553002558, 0.265820054945055, 0.21610521423021434, 0.2890447052947053], [0.22680988455988463, 0.32835588023088036, 0.2155021645021645, 0.2293320707070707], [0.1683853238265003, 0.2632373312961549, 0.23413254392666158, 0.33424480095068326], [0.23806998556998557, 0.23258080808080808, 0.18126172438672442, 0.3480874819624821], [0.23569430651048295, 0.2905300802139038, 0.19725955988455982, 0.27651605339105345], [0.23547745310245308, 0.2348383838383838, 0.16241197691197695, 0.3672721861471862], [0.2426067821067822, 0.25483356920856925, 0.18801434268346034, 0.31454530600118835], [0.2075401542901543, 0.23652892940392942, 0.20265295815295814, 0.3532779581529582], [0.21972800810300808, 0.2651987734487735, 0.1740133338883339, 0.3410598845598846], [0.2726579392829394, 0.23720564158064153, 0.16913492063492072, 0.32100149850149856], [0.2985985958485958, 0.2714142524142525, 0.18344764957264956, 0.24653950216450213], [0.2478543956043956, 0.2425001803751805, 0.20364323870573867, 0.30600218531468526], [0.3596071428571429, 0.23401587301587307, 0.14433015595515597, 0.2620468281718282], [0.24508170995670997, 0.2626158702408703, 0.17771536796536797, 0.31458705183705205], [0.2750410006660007, 0.23281626706626707, 0.22121049783549787, 0.27093223443223446], [0.22991053391053393, 0.2569687395937396, 0.22516360028860027, 0.28795712620712627], [0.28605212842712846, 0.25955705405705404, 0.15598647186147185, 0.2984043456543457], [0.2617512626262626, 0.2461935425685426, 0.18641902541902552, 0.30563616938616944], [0.3223812715062715, 0.25799049561549564, 0.15186272061272058, 0.2677655122655123], [0.3222446442446444, 0.22811767399267396, 0.14287162837162834, 0.3067660533910534], [0.30597738372738376, 0.27156456043956057, 0.18662676212676213, 0.2358312937062938], [0.2278728354978355, 0.27799152236652247, 0.17215746753246752, 0.3219781746031747], [0.16747299922299913, 0.31530465367965377, 0.21102218614718612, 0.30620016095016095], [0.3270654761904763, 0.1934231601731602, 0.2100011724386725, 0.26951019119769115], [0.23896626984126992, 0.33674476911976925, 0.16406105699855694, 0.260227904040404], [0.2536835525585527, 0.2811939033189033, 0.18953270340770345, 0.2755898407148408], [0.2792562576312576, 0.3063389804639806, 0.15769859307359307, 0.2567061688311689], [0.29259806859806864, 0.27674965312465316, 0.15266701354201356, 0.27798526473526486], [0.2675935453435454, 0.2519772866022867, 0.1803210678210678, 0.3001081002331003], [0.3374478021978021, 0.23680665168165171, 0.17245784770784772, 0.25328769841269844], [0.2627234293484294, 0.2923371767121767, 0.1439467893217893, 0.30099260461760474], [0.27717020479520477, 0.22666144966144966, 0.20566672216672222, 0.2905016233766234], [0.25673160173160176, 0.3143039321789322, 0.1657135642135642, 0.2632509018759019], [0.25234709734709737, 0.32510059385059376, 0.14414910089910085, 0.27840320790320794], [0.30340535853035866, 0.253731684981685, 0.15341670829170828, 0.2894462481962482], [0.23305290542790552, 0.22456469918969912, 0.20901747762041878, 0.3333649177619767], [0.17343994975612617, 0.25585481103863467, 0.20872147297147303, 0.36198376623376627], [0.28967748917748926, 0.31151962620712614, 0.17642157148407148, 0.22238131313131312], [0.24099381174381182, 0.30757124819624826, 0.17903805916305918, 0.2723968808968809], [0.2676427192088957, 0.31144079449961815, 0.19229794796706565, 0.22861853832442067], [0.2566340187590188, 0.23619769119769118, 0.15348737373737376, 0.3536809163059163], [0.27992579642579657, 0.23911888111888113, 0.2122795815295815, 0.268675740925741], [0.347145215895216, 0.22736519036519034, 0.18292664280164275, 0.24256295093795097], [0.3382725607725608, 0.2728012820512821, 0.14211248473748475, 0.2468136724386724], [0.30714357864357866, 0.26248914280164287, 0.1715692640692641, 0.2587980144855145], [0.3297435619935621, 0.2313779553779554, 0.18596085858585862, 0.252917624042624], [0.2238590576090576, 0.23799657287157303, 0.22760665723165727, 0.3105377122877123], [0.28070165945165937, 0.2590504356754358, 0.21963747363747368, 0.24061043123543116], [0.3018847957597959, 0.32004575979575983, 0.09016504329004325, 0.2879044011544012], [0.2613875430125431, 0.244050518925519, 0.17439875402375404, 0.3201631840381841], [0.30163654401154405, 0.2367949134199135, 0.17641181041181045, 0.28515673215673226], [0.1969071067821067, 0.31841360028860044, 0.20961670274170277, 0.27506259018759016], [0.1996946248196248, 0.3041153846153847, 0.239515873015873, 0.25667411754911745], [0.33866951104451104, 0.23106419968919972, 0.177495670995671, 0.2527706182706183], [0.26255038017538024, 0.3006960123210123, 0.16190120990120987, 0.27485239760239755], [0.33362727550227544, 0.20539788683538682, 0.1649784035409035, 0.2959964341214342], [0.22804759211376863, 0.27994910563292924, 0.17925234487734484, 0.31275095737595743], [0.24983470695970703, 0.2417199467199468, 0.15525396825396823, 0.35319137806637796], [0.3035650460650461, 0.28696266233766243, 0.15909365226276986, 0.2503786393345216], [0.2657097069597069, 0.30829668942168964, 0.18707702020202022, 0.23891658341658345], [0.27891768035885695, 0.22569698275580635, 0.18648099123099127, 0.3089043456543459], [0.36847438672438687, 0.20933477633477637, 0.15019877344877344, 0.2719920634920635], [0.22923501498501497, 0.25710304972804976, 0.21840442890442888, 0.29525750638250636], [0.26838827838827845, 0.20377218614718606, 0.21459493284493278, 0.31324460261960274], [0.24088578088578091, 0.29441305916305915, 0.23289722777222774, 0.23180393217893222], [0.24028701853701848, 0.23217784992784998, 0.19490549728049725, 0.33262963425463427]]}}