{"test": {"ids": ["97118210", "97110950", "109115380", "105115900", "111119580", "105113260", "111121351", "108115970", "113118111", "107114200", "103113210", "102110750", "102109850", "104114740", "112121010", "107120010", "103120340", "109114220", "111120540", "105116441", "112116640", "113119700", "112116810", "107112840", "102114270", "99107300", "100115700", "97116401", "101113210", "113117630", "113122180", "108120260", "110118121", "112119320", "97113900", "100111080", "101108950", "107114950", "105115720", "108114180", "112118810", "106113260", "98111860", "101114990", "105116980", "111119950", "110120540", "111115910", "112116880", "98107410", "98108520", "106118161", "110121170", "98109570", "107121540", "103111830", "103113640", "100120780", "97106000", "109120150", "102107961", "113118231", "107121700", "112119120", "112116401", "111120591", "103117200", "112116800", "109117431", "110114610", "113118620", "106115120", "113117401", "110116441", "101108370", "113118690", "110117110", "107121640", "109116810", "99107950", "110114561", "109119340", "110115710", "107117630", "111115770", "107118490", "99105921", "108113620", "98109230", "105116501", "113122320", "99108010", "101109000", "110121720", "113119360", "99111340", "97109080", "109118231", "99112531", "110115140", "102108621", "103113101", "104112470", "108119330", "113121810", "108118810", "105119550", "107113180", "98121790", "106119580", "105115380", "100107920", "101119030", "112119580", "110119300", "111119300", "99109860", "98107010", "112117461", "107115140", "113120280", "99112840", "97112830", "111120220", "100117420", "113122120", "110115580", "112116850", "109116441", "100108260", "107113360", "110116300", "102118380", "110117200", "113122220", "103110050", "105113440", "106121220", "98120530", "99111440", "101108621", "100109000"], "labels": [2, 3, 3, 3, 3, 3, 0, 2, 1, 2, 3, 1, 1, 2, 2, 1, 1, 3, 1, 1, 0, 0, 3, 1, 3, 3, 1, 3, 3, 0, 2, 1, 3, 1, 2, 0, 2, 3, 1, 1, 3, 3, 0, 3, 0, 0, 1, 2, 0, 3, 2, 3, 2, 1, 2, 3, 1, 1, 0, 2, 3, 3, 3, 1, 0, 1, 0, 0, 1, 1, 3, 1, 3, 3, 1, 3, 0, 1, 3, 1, 0, 3, 2, 0, 3, 2, 1, 3, 1, 1, 1, 2, 1, 3, 0, 1, 2, 1, 3, 0, 3, 3, 1, 0, 2, 1, 1, 3, 2, 3, 1, 0, 3, 3, 1, 1, 2, 3, 0, 0, 0, 2, 2, 3, 2, 1, 1, 0, 3, 3, 0, 3, 1, 3, 1, 3, 0, 1, 1, 3, 0, 1], "predicted_labels": [0, 3, 1, 0, 0, 3, 1, 3, 3, 0, 2, 1, 2, 3, 1, 1, 2, 2, 1, 0, 0, 1, 1, 1, 1, 0, 1, 1, 3, 1, 3, 3, 3, 3, 0, 2, 2, 3, 1, 3, 3, 2, 2, 1, 3, 3, 1, 0, 2, 0, 1, 1, 3, 3, 1, 3, 0, 3, 3, 2, 1, 0, 2, 0, 0, 0, 3, 3, 3, 2, 1, 0, 0, 2, 0, 1, 2, 0, 0, 3, 1, 3, 0, 3, 1, 1, 0, 0, 0, 3, 1, 1, 2, 1, 1, 2, 1, 0, 3, 3, 0, 3, 1, 0, 1, 3, 1, 0, 2, 2, 1, 0, 0, 3, 0, 3, 1, 1, 0, 3, 3, 3, 3, 0, 2, 0, 2, 3, 3, 0, 2, 1, 1, 3, 3, 1, 0, 0, 1, 0, 1, 0], "confidence_scores": [[0.5198850803835413, 0.2754478445475131, 0.06418616698264032, 0.1404809080863054], [0.0014114169115770996, 0.06866351994957967, 0.07114738387186131, 0.8587776792669819], [0.0009855907814041072, 0.7238229816999162, 0.23638874532680923, 0.0388026821918703], [0.9500036291288649, 2.3203738819997452e-06, 0.04994265119636893, 5.1399300884198355e-05], [0.9936903817782733, 9.019314884737821e-05, 0.0017983270888143176, 0.00442109798406509], [4.0269880162852713e-05, 0.1431248558985946, 0.04289364513346917, 0.8139412290877733], [0.20042679822581022, 0.7981222273369497, 0.0011425602089631594, 0.0003084142282769238], [4.887470734524065e-07, 1.1553952030206876e-08, 4.659090121813279e-09, 0.9999994950398844], [0.00045361523838384786, 0.0002980987558926846, 0.00011981560308600765, 0.9991284704026374], [0.9106458526591773, 0.08908105284152615, 1.923871179357241e-06, 0.0002711706281171447], [5.7802169833555625e-05, 0.01196202102415973, 0.9879237010005965, 5.647580541016683e-05], [0.23330687597479136, 0.6341106964725396, 0.13257244987714698, 9.977675522067996e-06], [0.05504540402409125, 0.000473867708825186, 0.9444679769328344, 1.2751334249324122e-05], [0.24013867537680642, 0.06702209927691073, 0.27900989905801277, 0.41382932628827007], [0.06477607629230242, 0.9236331762110287, 0.009258585489174409, 0.0023321620074945103], [0.002094140601625403, 0.9949059017184317, 5.537015095413819e-06, 0.002994420664847486], [0.008984306451277898, 0.19178035128758553, 0.6863679201874874, 0.11286742207364918], [0.3780482544238034, 2.1005344694935656e-05, 0.6187079469258409, 0.003222793305660823], [0.0001234594094487842, 0.9801272610658988, 0.010322931867431885, 0.009426347657220453], [0.9837214057290763, 0.01627681747910681, 1.5323084178532374e-09, 1.7752595082292825e-06], [0.9127280298214023, 0.009778147621698607, 0.0060308312895769765, 0.07146299126732204], [1.7656667478700026e-06, 0.6924636697705695, 0.30752714191530994, 7.4226473726511026e-06], [0.014067966598217348, 0.9652773225013469, 0.019496821362904888, 0.0011578895375307311], [0.0006730267459807063, 0.9989098360334595, 0.0003559229958742608, 6.121422468575106e-05], [0.0013755608551095407, 0.5567570093667831, 0.009207080400923587, 0.43266034937718373], [0.9999948106877568, 4.8348639623790765e-06, 1.2005227979107474e-10, 3.543282285030976e-07], [0.04365326886714899, 0.8242189293288382, 0.13205157834080794, 7.622346320486485e-05], [4.568520908860298e-05, 0.9998194047471032, 6.341490334737362e-05, 7.149514046068556e-05], [0.03816496368179252, 0.013302805748814475, 0.36320625923532407, 0.5853259713340689], [4.132100687006898e-06, 0.9810855654256156, 0.0005491064549116663, 0.018361196018785744], [7.599559391288489e-06, 4.8170654548215326e-05, 9.497098058747607e-09, 0.9999442202889623], [0.001383686437924564, 0.06787055532238108, 0.009066530186537957, 0.9216792280531564], [0.0018183783630069845, 0.0009569785646872012, 0.002434729224278939, 0.994789913848027], [1.6337986362153914e-05, 0.21451784148811925, 0.038446162190048004, 0.7470196583354706], [0.6305206463626799, 0.0012287492456842229, 0.36821748588465614, 3.3118506979784695e-05], [5.823690729995308e-08, 1.782801288557926e-05, 0.9999546365630009, 2.7477187206194104e-05], [0.021607753772859693, 1.5692229297332994e-05, 0.9708614746807359, 0.007515079317107094], [2.4609974988555912e-05, 0.010852196317673039, 0.0038025069879228045, 0.9853206867194156], [8.587881979798986e-06, 0.9729516356154252, 0.00015294730366835623, 0.026886829198926543], [2.857437885996311e-09, 0.00013129885853971446, 0.00851872662296422, 0.9913499716610581], [0.024083157843610092, 0.08912376524252325, 2.1267490838898292e-05, 0.8867718094230278], [0.009792477998747464, 0.0001227138315773864, 0.9899791529983498, 0.00010565517132524261], [1.3380253470372583e-06, 0.00011744052318073151, 0.9998775035668986, 3.71788457346955e-06], [0.00012671468549076812, 0.8852252046504843, 0.002281161562629652, 0.11236691910139524], [0.20035362910676455, 0.0036491368373691834, 0.0002363016176313485, 0.7957609324382349], [0.009712848513975018, 0.003629992587754765, 0.038323438987574454, 0.9483337199106957], [0.1303920843063021, 0.7997946815560226, 0.006813317766112166, 0.06299991637156324], [0.4729240024093477, 0.02430353364643813, 0.06375795382660072, 0.43901451011761344], [0.0009967891270943983, 0.029407865638161088, 0.9694921359944465, 0.00010320924029814983], [0.9997382706307366, 3.079995133732673e-08, 0.00025982314898039216, 1.8754203316934545e-06], [0.003115751000941416, 0.9442133745428758, 1.5794273294044741e-06, 0.052669295028853355], [0.030160712402861032, 0.7350179802697657, 0.17807832575235197, 0.056742981575021445], [0.01607436221123806, 0.0001160369032179841, 0.00044847106860903564, 0.983361129816935], [0.021775956476339942, 0.0008960116612478805, 3.740602552391269e-07, 0.977327657802157], [0.21712586890779886, 0.43287003819730596, 0.0014437866178301467, 0.3485603062770651], [0.21990325283352108, 0.003782497698959228, 0.1302837227243222, 0.6460305267431976], [0.9999993649024056, 9.366476668264722e-08, 5.057795853800977e-07, 3.565324225493544e-08], [0.0019141382641384192, 0.00022355422919149946, 0.0004648461218838959, 0.9973974613847861], [1.255104277942747e-07, 0.0024699681288625104, 0.0004718750566735526, 0.9970580313040361], [5.077067141679969e-07, 0.0004010623113051318, 0.9995809979093557, 1.743207262475696e-05], [0.0005296238680677067, 0.9953022653659425, 0.004102453731410536, 6.565703457925644e-05], [0.6690775688894082, 0.33080031228453893, 4.996273138824717e-05, 7.215609466460305e-05], [1.4466522166689613e-07, 0.05095313439760739, 0.8554793010446635, 0.09356741989250743], [0.9908189050460127, 1.2821149893465548e-05, 9.615328858656948e-05, 0.00907212051550753], [0.9908502713739722, 0.0004276870845087685, 0.005221295220795848, 0.0035007463207231263], [0.8541581554103514, 0.09151308979501696, 1.962848824165169e-05, 0.054309126306390045], [0.004289112404415946, 0.04916395190335699, 4.170395691209674e-06, 0.9465427652965359], [3.6173078388289725e-09, 0.003834303997185717, 8.40531202538559e-11, 0.9961656923014534], [0.024944045830643188, 0.0006584846542445258, 5.853623713956828e-06, 0.9743916158913982], [0.00027167652274461966, 0.034170146395158196, 0.9647173856475254, 0.0008407914345717394], [2.5961530806747974e-08, 0.9999999712451239, 2.7686932224279134e-09, 2.4651980452176368e-11], [0.9640100380743581, 0.00398192898419906, 5.833838654491371e-10, 0.032008032358059005], [0.9927109854956494, 0.0001860041879631039, 0.0004505049750615174, 0.006652505341325917], [0.0009144388014396653, 8.120327970579622e-09, 0.9990813531466698, 4.199931562612463e-06], [0.9998741530316776, 2.393601434358547e-06, 6.317318732272016e-05, 6.028017956527994e-05], [0.3079514406028121, 0.6673677515753375, 0.019435765028871906, 0.0052450427929784825], [0.00037424459257118237, 8.212311563243172e-05, 0.9995300911992463, 1.354109254991556e-05], [0.9912756662371579, 3.0809706246208104e-05, 0.008437323799294433, 0.0002562002573014395], [0.952709680814118, 0.01462843481851749, 0.000184674391803379, 0.032477209975561], [6.343459570673166e-10, 4.6006779016652794e-05, 0.0961817584649383, 0.9037722341216992], [0.0008316915160234974, 0.9354371191048803, 0.0032852729449611403, 0.06044591643413511], [0.1456080875891702, 0.013372807393520236, 0.0005031470237943621, 0.8405159579935151], [0.9978224652082731, 0.00021132252818017988, 0.0017814314610059407, 0.0001847808025407529], [9.318177962898178e-05, 0.15168843053363928, 0.3167903995709909, 0.5314279881157408], [0.05532999678189874, 0.8838785385917131, 0.0004418419889563631, 0.06034962263743198], [9.826703911365691e-06, 0.9997404123452599, 0.00024919550548702373, 5.654453418041294e-07], [0.6391875529155534, 0.055369098838429845, 0.22632842339693365, 0.07911492484908311], [0.6155552652818076, 0.05948172288200433, 0.2608585676302596, 0.06410444420592852], [0.697640847972121, 5.883437646140709e-05, 0.30230031297152826, 4.679889417235623e-09], [0.15123621102111023, 0.0661690106411816, 1.8074373647173813e-07, 0.7825945975939718], [0.30056946954179603, 0.6992717442422142, 0.00015792015372289979, 8.66062267059167e-07], [0.0001768774020489692, 0.45870974472403997, 0.28987467972476766, 0.25123869814914346], [0.008958427934514748, 0.0014447339717269295, 0.9561180398379178, 0.0334787982558405], [0.1005028189030854, 0.8341033152849519, 0.0639096227695417, 0.0014842430424209525], [0.2975472573469244, 0.4897406062356512, 1.993240086671313e-06, 0.21271014317733783], [2.0326621508153208e-07, 0.002017231636982872, 0.9882832412075102, 0.009699323889291815], [0.002261323165106757, 0.5311148059351293, 0.001591461233075246, 0.4650324096666887], [0.5629091780136736, 0.3510055514274575, 0.022060916463869176, 0.06402435409499971], [5.540451407236361e-05, 5.219397544772578e-06, 9.365502737243234e-10, 0.9999393751518325], [0.04137858156184868, 0.00106947576302565, 0.08102252229194136, 0.8765294203831843], [0.8797857571537765, 0.0008921058669147281, 5.206555440643503e-05, 0.11927007142490247], [0.30482288325431395, 0.04461442527513905, 0.0005430616511576034, 0.6500196298193893], [0.0003658810379746247, 0.48742863074290765, 0.17079707748905912, 0.34140841073005856], [0.9291104459837242, 0.012756299437034477, 0.0002759265327607383, 0.057857328046480486], [3.885909473135888e-06, 0.999682199380382, 0.00031370854743629806, 2.0616270842040108e-07], [0.01178765415406701, 2.9156910364664713e-08, 1.4154225538058765e-11, 0.9882123166748685], [0.0010561349942580503, 0.9985958742114563, 1.645943192152109e-07, 0.00034782619996629913], [0.8419957907468596, 0.04542726896601739, 0.0927547141971711, 0.01982222608995188], [0.2897992349096175, 0.0011749911362772772, 0.7090058351770674, 1.9938777037805496e-05], [0.0920252129415013, 0.1263259204290635, 0.7721503898859825, 0.009498476743452793], [0.0004471237035791666, 0.9755828045881341, 0.009203197892968624, 0.014766873815318281], [0.5393484667363496, 1.2004258799639006e-06, 0.0006463448710842095, 0.4600039879666863], [0.817738949800912, 0.1822301798320865, 8.956352036940418e-08, 3.0780803481217297e-05], [7.197263955864634e-07, 0.011493016621829033, 0.011871654244901638, 0.9766346094068739], [0.5996794837658278, 0.39946774999121176, 0.00017621206429309561, 0.0006765541786672912], [6.266089675794924e-05, 0.02170948386302834, 0.08440976447539339, 0.8938180907648202], [0.25845183516315995, 0.3934786409004928, 0.3227311037469045, 0.02533842018944281], [0.36737894859516534, 0.44214687959214427, 0.02298146128023812, 0.1674927105324523], [0.9969437541648041, 5.60522667590055e-07, 0.0012600395679187805, 0.001795645744609513], [0.002139100333832828, 6.767475025983073e-06, 0.004053742365163427, 0.9938003898259778], [0.030604683196990626, 0.00024021161076275048, 9.773563519501938e-05, 0.9690573695570516], [0.004642339942777722, 0.0124757372393749, 0.006929278742006231, 0.9759526440758411], [0.019056875224888324, 0.011642135778839496, 0.015431851502082015, 0.9538691374941902], [0.7581946916401456, 0.24179466025215904, 9.047161983309277e-11, 1.064801722384299e-05], [1.2126659747333139e-05, 2.5889723065975816e-08, 0.9999217852841358, 6.606216639387969e-05], [0.9213423477441502, 0.06853461374142215, 0.006540658365308498, 0.0035823801491191025], [0.015854795082388976, 0.020561235733640323, 0.8719642776035635, 0.09161969158040717], [8.590010342901474e-07, 0.001116027368338198, 3.681306925761244e-06, 0.9988794323237018], [0.19801307762406345, 0.009184159862895166, 1.7405487968757582e-06, 0.7928010219642445], [0.9997462716737762, 0.00010168738287925198, 8.329696015073593e-05, 6.874398319386484e-05], [0.006506710285317858, 3.974908487421931e-07, 0.992524128623589, 0.0009687636002446069], [6.13233544176556e-05, 0.9440535829097207, 0.045156551650001715, 0.010728542085859945], [2.37039763796435e-07, 0.9878883382945816, 0.012110988818245896, 4.3584740904250485e-07], [0.0005989782385344242, 0.04132650527229929, 0.09472277536799244, 0.8633517411211739], [0.0018410442801940527, 0.05279801024041581, 5.51499006946138e-09, 0.9453609399644001], [0.1711798317964195, 0.7734144139326191, 0.016274519069051096, 0.03913123520191029], [0.6108745177565174, 0.006305845117631634, 0.1999896828302353, 0.18282995429561574], [0.9970363334708562, 5.390170224886018e-07, 0.0029055955096811605, 5.753200244022973e-05], [0.0023706708112819393, 0.9972762152334396, 1.0818297129343438e-07, 0.0003530057723072442], [0.9845247965557526, 1.1045082488567736e-06, 0.015079157486091975, 0.0003949414499064806], [0.00648864650255595, 0.8592976446728062, 7.415064912930308e-06, 0.13420629375972468], [0.8626065347809881, 0.01896244848191857, 0.11787253106037271, 0.0005584856767204128]]}, "rewritten": {"ids": ["97106000", "97109080", "97110950", "97112830", "97113900", "97116401", "97118210", "98107010", "98107410", "98108520", "98109230", "98109570", "98111860", "98120530", "98121790", "99105921", "99107300", "99107950", "99108010", "99109860", "99111340", "99111440", "99112531", "99112840", "100107920", "100108260", "100109000", "100111080", "100115700", "100117420", "100120780", "101108370", "101108621", "101108950", "101109000", "101113210", "101114990", "101119030", "102107961", "102108621", "102109850", "102110750", "102114270", "102118380", "103110050", "103111830", "103113101", "103113210", "103113640", "103117200", "103120340", "104112470", "104114740", "105113260", "105113440", "105115380", "105115720", "105115900", "105116441", "105116501", "105116980", "105119550", "106113260", "106115120", "106118161", "106119580", "106121220", "107112840", "107113180", "107113360", "107114200", "107114950", "107115140", "107117630", "107118490", "107120010", "107121540", "107121640", "107121700", "108113620", "108114180", "108115970", "108118810", "108119330", "108120260", "109114220", "109115380", "109116441", "109116810", "109117431", "109118231", "109119340", "109120150", "110114561", "110114610", "110115140", "110115580", "110115710", "110116300", "110116441", "110117110", "110117200", "110118121", "110119300", "110120540", "110121170", "110121720", "111115770", "111115910", "111119300", "111119580", "111119950", "111120220", "111120540", "111120591", "111121351", "112116401", "112116640", "112116800", "112116810", "112116850", "112116880", "112117461", "112118810", "112119120", "112119320", "112119580", "112121010", "113117401", "113117630", "113118111", "113118231", "113118620", "113118690", "113119360", "113119700", "113120280", "113121810", "113122120", "113122180", "113122220", "113122320"], "labels": [0, 2, 3, 2, 2, 3, 2, 3, 3, 2, 1, 1, 0, 1, 2, 1, 3, 1, 2, 2, 1, 3, 3, 2, 0, 3, 1, 0, 1, 2, 1, 1, 0, 2, 1, 3, 3, 3, 3, 3, 1, 1, 3, 1, 3, 3, 3, 3, 1, 0, 1, 1, 2, 3, 0, 1, 1, 3, 1, 1, 0, 1, 3, 1, 3, 3, 1, 1, 3, 0, 2, 3, 0, 0, 2, 1, 2, 1, 3, 3, 1, 2, 1, 0, 1, 3, 3, 3, 3, 1, 1, 3, 2, 0, 1, 0, 1, 2, 3, 3, 0, 3, 3, 1, 1, 2, 3, 3, 2, 1, 3, 0, 3, 1, 1, 0, 0, 0, 0, 3, 0, 0, 0, 3, 1, 1, 3, 2, 3, 0, 1, 3, 3, 3, 0, 0, 0, 2, 1, 2, 1, 1], "predicted_labels": [3, 1, 2, 2, 2, 1, 2, 1, 2, 1, 2, 3, 2, 1, 2, 2, 0, 2, 2, 2, 2, 2, 3, 3, 3, 2, 2, 2, 2, 2, 3, 0, 1, 2, 2, 2, 2, 1, 1, 3, 2, 1, 1, 1, 1, 3, 1, 2, 0, 3, 2, 2, 1, 3, 2, 1, 3, 2, 1, 3, 0, 1, 2, 0, 2, 2, 2, 1, 1, 2, 0, 3, 3, 2, 1, 1, 1, 0, 3, 3, 3, 3, 3, 0, 3, 2, 2, 3, 3, 3, 1, 3, 2, 1, 2, 3, 2, 0, 1, 2, 2, 3, 3, 0, 1, 3, 2, 1, 3, 3, 0, 3, 1, 2, 3, 1, 0, 2, 3, 1, 3, 2, 0, 3, 3, 2, 3, 1, 0, 1, 3, 1, 1, 1, 3, 2, 0, 1, 1, 3, 1, 1], "confidence_scores": [[2.0072740327978253e-07, 0.014107711901068208, 0.030353201350574045, 0.9555388860209544], [1.9456380939053977e-05, 0.8979405273674694, 0.00010168654837662329, 0.10193832970321494], [1.8643587124406927e-05, 0.13491316669014866, 0.6046363309385457, 0.26043185878418107], [0.01287146739445505, 0.020396234651074874, 0.7492927610838099, 0.21743953687066012], [0.24967013090825926, 0.03022450206753447, 0.7200836603498418, 2.170667436442004e-05], [2.095084531113079e-09, 0.9998768027225362, 0.00011360183391069374, 9.593348468822999e-06], [0.01633788091615408, 0.31513663002849956, 0.6429703451562786, 0.025555143899067836], [0.062292120612386495, 0.643040605436269, 0.11439203583907474, 0.18027523811226984], [0.3360362757202055, 0.00017099748208573097, 0.6636404905250115, 0.00015223627269723611], [0.0038319847189491455, 0.5654756028995706, 0.00010750300211824905, 0.43058490937936217], [0.0016986221657627428, 6.724103583381013e-06, 0.9982946527711498, 9.595040337682401e-10], [9.144011948540277e-06, 0.00037632400804729594, 4.62357977368881e-07, 0.9996140696220269], [6.258791366180223e-10, 5.542616695498085e-07, 0.9999993867675657, 5.834488561241074e-08], [1.0281875763780455e-05, 0.99992566424366, 3.924810728205079e-06, 6.0129069848001704e-05], [1.2291860541979967e-06, 4.1835246296590164e-08, 0.9999986851340616, 4.38446378725238e-08], [0.002477880958437872, 0.004295722626397126, 0.9917108191594073, 0.0015155772557575756], [0.9998768141006608, 0.00012109013660795392, 4.679373880907424e-08, 2.0489689923949354e-06], [1.52884023508299e-11, 0.00010090874562283022, 0.9550849353317814, 0.044814155907307335], [1.671769345609814e-06, 0.05598739665545844, 0.9373662172960099, 0.0066447142791860045], [0.01090778707309692, 0.024445799397115796, 0.9617332275841248, 0.0029131859456625947], [1.7511328277096254e-07, 0.007899303715983155, 0.9480561010519679, 0.04404442011876627], [0.00010431354423120261, 0.00020419355624131308, 0.992842040654074, 0.0068494522454535965], [0.0018291170909923399, 0.015543402643730284, 2.5937270533673872e-05, 0.9826015429947437], [0.007488232714008741, 0.0614103684476223, 0.027395109604338167, 0.9037062892340307], [0.3514742375452258, 3.479533301297265e-06, 0.26851576248648806, 0.3800065204349849], [0.03362221956099291, 0.01620445487857117, 0.9495184919335824, 0.0006548336268534164], [0.000842243572383239, 0.004556373075387873, 0.9943314908903013, 0.00026989246192753256], [2.27139950917263e-09, 7.332592140537544e-07, 0.9999992339825455, 3.0486840721149024e-08], [0.00595646654675218, 0.36233631217600365, 0.6316354500464229, 7.177123082135734e-05], [7.426371668589682e-11, 2.2619332548271303e-10, 0.9999986175611895, 1.382138353526751e-06], [0.00227920516761692, 9.518837404172593e-05, 0.005049098175209828, 0.9925765082831316], [0.890558058305906, 0.00010423647796836551, 0.10888729156004516, 0.0004504136560802246], [9.164416017392697e-05, 0.9834351104031255, 1.245459386492441e-05, 0.016460790842835714], [1.7682025913167101e-09, 1.226770300020628e-05, 0.999745784984187, 0.00024194554461012572], [5.616951441981561e-06, 0.0002798540808375057, 0.992764687225, 0.006949841742720518], [2.774422033659427e-05, 0.0008804999058836174, 0.8737447188159099, 0.12534703705786987], [1.6184761302414195e-07, 0.0029524483700114007, 0.9803785666686757, 0.016668823113699775], [0.028510596106796626, 0.9488910654911877, 5.323296157351299e-07, 0.02259780607239989], [0.00012838576215285904, 0.9867515760575163, 0.013116997346436182, 3.040833894529435e-06], [0.10169328333669561, 0.00515452585932018, 0.0001719260208622036, 0.8929802647831221], [0.0007795228113801921, 0.00010087141831951812, 0.9991164619465528, 3.143823747326668e-06], [0.000254704503266484, 0.9960086643776777, 0.003736188365497497, 4.427535584919108e-07], [1.3145371555167261e-05, 0.9808690112294979, 0.015874729181942545, 0.0032431142170045953], [1.5032460194575656e-05, 0.7158842275159082, 0.28402217805853336, 7.856196536391607e-05], [0.0001460861898750655, 0.713313930270018, 0.2693640031934996, 0.017175980346607264], [0.350803230692041, 0.00028892497848749803, 0.10895109805097558, 0.5399567462784959], [0.0007819820153933376, 0.8765126839606853, 0.010681042370685321, 0.11202429165323613], [5.415836078819827e-07, 0.005604449434771191, 0.9943927526569848, 2.2563246360957667e-06], [0.997385223271081, 9.099284727946752e-05, 0.002523205498799665, 5.783828400023774e-07], [0.06406962895969766, 0.16755937076450803, 0.0038060329400432225, 0.7645649673357512], [1.0234400014438747e-06, 0.022697892498222894, 0.9737429078816298, 0.0035581761801460354], [0.001075382567196442, 0.29185861951574366, 0.6259395445099946, 0.08112645340706523], [0.05216199453413817, 0.5638498774317722, 0.17631634508261013, 0.20767178295147953], [4.305799724768031e-05, 0.08583794758178806, 0.022542584826599567, 0.8915764095943647], [0.001512599162279918, 0.0016273730269691956, 0.9955951754113711, 0.0012648523993798067], [8.995440157329637e-07, 0.8415104776590132, 0.15743504685864365, 0.001053575938327348], [5.709573412835296e-06, 0.1659657878578382, 0.0025883107375860117, 0.831440191831163], [0.0003272496924200096, 5.745864212522423e-06, 0.9995266758981352, 0.0001403285452323384], [0.005998886067271538, 0.9672726137504493, 0.017117395484888723, 0.009611104697390245], [0.0571440934869496, 0.3498597538177291, 0.0005379049368394114, 0.592458247758482], [0.5547650120242463, 0.022698414404211834, 0.001690593693492263, 0.42084597987804956], [3.0546350584977866e-05, 0.9995088408627462, 6.327619445525367e-06, 0.00045428516722315076], [0.00015842529496846764, 3.600626708185459e-05, 0.9997490816686088, 5.648676934084944e-05], [0.6158617423467793, 0.29686274311414174, 1.2114770661395363e-08, 0.0872755024243083], [0.0035238876388638527, 0.4053062576233985, 0.5738270905373996, 0.01734276420033792], [0.028719102811400336, 0.0865502508550364, 0.8839677594328195, 0.0007628869007438219], [0.05891978055211105, 0.0014331299880571045, 0.9393398374009415, 0.00030725205889028424], [8.042804444552783e-05, 0.9990913814154135, 0.0007354882882662802, 9.270225187469998e-05], [0.045442434372413715, 0.8274418511398407, 0.11703984983626856, 0.010075864651477074], [0.007888871361793925, 4.653232615683811e-08, 0.9612517053534485, 0.030859376752431455], [0.9399121159920296, 0.05974516823665399, 0.00024320180620904407, 9.95139651073128e-05], [8.020061389150405e-06, 1.5352418823701382e-05, 8.059018482715687e-05, 0.99989603733496], [2.8215124164370985e-05, 4.529102607260563e-06, 0.0028220822807622286, 0.9971451734924661], [5.220545318655522e-06, 0.29942125454481044, 0.690334506443842, 0.010239018466028772], [3.528256103156258e-07, 0.9985464761281099, 0.001452541459013005, 6.295872667572134e-07], [0.00010560095603651684, 0.9997655205418967, 1.0734271892571694e-05, 0.00011814423017421588], [0.00030247824198476064, 0.9799639173741477, 0.0010337093608926231, 0.018699895022975033], [0.6887232080184799, 0.00010088737857557283, 0.28687033721357663, 0.02430556738936789], [1.95583272877073e-08, 0.15131325547604882, 0.11236505294453641, 0.7363216720210874], [0.01142926453922881, 0.05935124405478276, 0.0022843542989240545, 0.9269351371070643], [1.1501761151439674e-10, 8.23192932809219e-06, 0.12770885420133066, 0.8722829137543237], [3.490434935829967e-07, 2.8104829936084624e-06, 1.7733154223424993e-06, 0.9999950671580905], [0.0010267074518962077, 5.172629903719594e-06, 5.2147652310284905e-09, 0.9989681147034348], [0.6396538275146401, 0.31720952420791365, 0.03092151409680448, 0.012215134180641754], [0.0011611544798402196, 0.30894213225241324, 0.2728179280866036, 0.4170787851811429], [0.2405593063303554, 4.789513364427734e-05, 0.7513665497634298, 0.008026248772570613], [2.174656242147935e-05, 0.33651410838310136, 0.5779664883929931, 0.08549765666148398], [0.2985407579957575, 0.08049219138683662, 2.296180204961266e-05, 0.6209440888153563], [0.016772587673354843, 0.0011854252812865302, 5.529168663630644e-06, 0.982036457876695], [0.00161850740195039, 0.0013608989434739, 0.016148014572889353, 0.9808725790816862], [0.0005498442610429365, 0.9986562709044237, 0.0003064745667736485, 0.0004874102677597269], [0.0024906642529408988, 0.018025576669685815, 0.4374557547519724, 0.5420280043254009], [1.450030630749627e-07, 0.0005402926617951498, 0.9994047444924843, 5.4817842657429905e-05], [1.5112921904794563e-06, 0.8861706013000384, 0.1003367800558157, 0.01349110735195524], [2.4910855858204046e-06, 0.006623746419056161, 0.9926889714981114, 0.0006847909972466944], [0.0002998113084936183, 0.00012789118834309924, 0.1420438798088782, 0.8575284176942851], [0.0009020637326124103, 0.0009727060302679771, 0.9971706148878232, 0.0009546153492964508], [0.9867198827612417, 0.001703919527371871, 0.011400214590662051, 0.00017598312072448488], [1.821846490821402e-05, 0.8763078183312946, 0.11802568536435443, 0.005648277839442768], [0.000229837569291411, 1.862214272425048e-07, 0.9997692008287359, 7.753805453192376e-07], [1.702468398131398e-07, 0.0012514365490784102, 0.9987474552527105, 9.379513713382764e-07], [7.184313434960765e-06, 0.0002927085910898339, 0.013386536557842872, 0.9863135705376324], [1.3254067638127686e-05, 0.002168836446833093, 0.0015737356325189944, 0.9962441738530099], [0.9312414165152417, 0.06764481099376343, 0.0003651301097749889, 0.0007486423812199352], [0.0016741030276121386, 0.9415563921863788, 0.008379770302863746, 0.048389734483145444], [0.0006581856446775523, 0.07863428865500567, 0.041650715934639856, 0.8790568097656769], [7.552587832111458e-05, 0.42683253070160276, 0.5657444424464996, 0.007347500973576552], [0.0029667696439015386, 0.824531776902424, 0.007399380743409154, 0.1651020727102653], [0.132368601762703, 0.08913016309276672, 0.14816395854884953, 0.6303372765956807], [3.9730918313487385e-07, 0.0002202744013806582, 0.018052656552943042, 0.9817266717364932], [0.904646992138245, 0.00010167485228533083, 0.09266251247562451, 0.002588820533844958], [0.007135258771202116, 0.01170779657506076, 0.09132931991963292, 0.8898276247341043], [0.48229183582342605, 0.5176735722149793, 5.005916434587964e-10, 3.459146100292183e-05], [6.6430423289658615e-06, 0.33014578393985566, 0.6666824689194656, 0.003165104098349873], [0.09345026843645264, 0.07114819269190184, 0.000471572077497785, 0.8349299667941477], [0.013237870298433388, 0.9852390291645079, 0.001451611492719405, 7.148904433938231e-05], [0.9978146031259876, 2.629288912912696e-05, 0.00214632927751235, 1.2774707370932284e-05], [0.0024608228021039914, 0.025180355921680136, 0.5117864540489278, 0.4605723672272881], [9.97057474961289e-12, 0.0027403517293335933, 7.753582495580464e-09, 0.9972596405071134], [0.01407441606567845, 0.9396427336196828, 0.023542645914722625, 0.022740204399916104], [2.3642030312012662e-07, 0.0017973165670505237, 9.867783766912557e-07, 0.9982014602342696], [1.107425444678672e-06, 0.01951604901005857, 0.9804763935827737, 6.449981723079551e-06], [0.9907836678627824, 4.1463626988387685e-07, 0.004464216930323835, 0.004751700570624056], [0.08915536142952954, 0.26484672143604265, 0.030416210881586803, 0.615581706252841], [0.05916901822899527, 0.0008739841720884665, 0.17739913861787623, 0.7625578589810401], [1.239311325845991e-07, 0.008394094355542182, 0.9882214003856307, 0.0033843813276943475], [2.540421837835544e-07, 0.3227500990779784, 0.07079154732251126, 0.6064580995573265], [0.014939503882753377, 0.6215353267360911, 0.3213556304513265, 0.042169538929828915], [0.9902415455610638, 2.7678720520524126e-05, 0.00804260271360995, 0.0016881730048056258], [2.1704341530103424e-06, 0.9535845313580247, 0.0006978413330078809, 0.04571545687481453], [0.0007363166950666195, 0.003305034730430658, 0.2795536618470082, 0.7164049867274946], [0.0031984677195882535, 0.9940678650100823, 0.002388602575118559, 0.0003450646952110171], [7.491893162019248e-11, 0.9999999992899957, 6.247690849058259e-10, 1.0316135733598967e-11], [0.0641229861856283, 0.9276542825411414, 0.008144901757470223, 7.782951576029248e-05], [0.01505573837528897, 0.14162378857278635, 0.0003649061356891744, 0.8429555669162355], [4.2535516941655084e-07, 0.11584746713366567, 0.8841493483393583, 2.7591718065487844e-06], [0.5615687690583343, 0.15387875314676785, 0.001144999908565706, 0.2834074778863323], [1.680749429974583e-07, 0.9401262474137747, 0.059873522005265675, 6.25060166839216e-08], [0.21340245803297106, 0.7744441161322029, 0.012101231784722897, 5.219405010325592e-05], [1.413665024899562e-05, 0.0001500372795301985, 4.6463851441030426e-07, 0.9998353614317064], [0.0006427716037339237, 0.5246314177951839, 1.370256376889667e-07, 0.4747256735754445], [0.024347351676542027, 0.9742319374298063, 0.001386263081985802, 3.4447811666029836e-05]]}}