{"test": {"ids": ["107114280", "108119330", "105112240", "109113281", "110113591", "100111380", "103109791", "110114950", "100108260", "113122180", "101112201", "105116980", "108118060", "98110680", "111117200", "102110240", "112120670", "108114360", "104117630", "105114220", "99111440", "98106880", "106113830", "113119120", "108114270", "101112540", "106119580", "109113591", "98109230", "102112170", "112116610", "100120780", "98119591", "103117461", "109116040", "101121640", "108114040", "101119030", "106120640", "111114121", "110118121", "99109860", "113117630", "112118810", "106121220", "112118930", "106115250", "112116451", "110116300", "107113180", "99109840", "106115240", "108114180", "103111830", "105119950", "106114321", "111120320", "112121360", "105115250", "98106111", "108115970", "113120591", "104110960", "99113260", "103113210", "107120880", "104118070", "104113240", "110114651", "113119930", "105110251", "109117110", "107115140", "98111231", "113118870", "113121680", "104114410", "105113210", "113122650", "110118701", "102109010", "99109780", "105112100", "103109641", "98110230", "112118421", "98113881", "107113840", "113119360", "111116100", "106118520", "101108370", "112116990", "108119550", "102114270", "98117740", "111118810", "110115980", "109118820", "112117471", "111116010", "109120150", "100109330", "98112170", "103118291", "113120640", "111121930", "102121440", "111120540", "113120070", "107118120", "107120010", "108118810", "108117610", "110117870", "104119340", "108113620", "98107340", "107114490", "105111990", "97112830", "102118380", "106113260", "97113900", "113121810", "103113270", "106118161", "112121010", "105112130", "109114720", "104111880", "98111620", "109121640", "100117420", "106114011", "104114230", "113119300", "113122320", "110121140", "109121351", "107118820", "97106591"], "labels": [3, 0, 1, 0, 0, 3, 3, 0, 3, 2, 0, 0, 1, 2, 0, 3, 2, 1, 0, 3, 3, 0, 1, 3, 3, 2, 3, 3, 1, 3, 1, 1, 1, 0, 0, 2, 0, 3, 3, 0, 3, 2, 0, 3, 1, 1, 2, 0, 3, 3, 2, 1, 1, 3, 3, 2, 1, 3, 2, 0, 2, 0, 2, 0, 3, 1, 2, 2, 3, 1, 0, 1, 0, 1, 0, 1, 1, 3, 2, 3, 1, 2, 1, 1, 3, 3, 3, 3, 0, 3, 2, 1, 0, 1, 3, 2, 0, 1, 3, 3, 1, 2, 0, 3, 0, 0, 1, 2, 1, 2, 3, 1, 1, 3, 3, 1, 3, 0, 3, 2, 2, 1, 3, 2, 2, 2, 3, 2, 1, 0, 3, 3, 0, 2, 1, 2, 1, 1, 3, 0, 3, 1], "predicted_labels": [3, 1, 3, 1, 1, 3, 0, 2, 0, 3, 0, 1, 3, 1, 0, 0, 0, 3, 0, 1, 1, 3, 2, 3, 0, 3, 1, 1, 2, 0, 1, 3, 3, 1, 3, 1, 3, 0, 0, 0, 1, 1, 1, 1, 1, 3, 3, 3, 3, 1, 0, 0, 1, 3, 0, 0, 0, 3, 1, 1, 2, 3, 1, 2, 3, 3, 1, 1, 1, 1, 0, 3, 0, 0, 3, 1, 2, 2, 1, 1, 0, 3, 0, 1, 1, 3, 1, 1, 3, 0, 3, 1, 1, 3, 3, 1, 3, 1, 1, 3, 1, 1, 0, 0, 1, 0, 0, 3, 2, 1, 2, 1, 0, 1, 3, 3, 3, 1, 3, 1, 3, 3, 1, 1, 1, 1, 1, 3, 1, 1, 0, 2, 1, 1, 0, 1, 1, 0, 2, 3, 0, 3], "confidence_scores": [[0.09344028712600852, 0.09085510605741312, 0.12156969199842961, 0.6941349148181488], [0.1874051074770479, 0.306236068262616, 0.24442755524739154, 0.26193126901294456], [0.24656001789648974, 0.14831565910161623, 0.23126961836679505, 0.3738547046350992], [0.22839584060093635, 0.5254902975083876, 0.08467594954485974, 0.16143791234581623], [0.2799963784077187, 0.38518936276948834, 0.11678173712601682, 0.21803252169677623], [0.21303720904944012, 0.14563144048424925, 0.141337399858669, 0.49999395060764185], [0.5038005453753285, 0.20341543150373723, 0.1538081527087044, 0.1389758704122297], [0.12316806564669709, 0.26655601044197513, 0.32675823949399996, 0.2835176844173278], [0.3773481544980485, 0.23490310471712067, 0.15018251143764202, 0.23756622934718888], [0.2497059558783266, 0.1252024079949891, 0.17827998337956877, 0.4468116527471156], [0.3668988462157864, 0.2646518185055706, 0.07475094710030995, 0.293698388178333], [0.27699319516984533, 0.3775691457565717, 0.15958053815334056, 0.18585712092024245], [0.30145045047119406, 0.262194724631171, 0.1190115689838683, 0.3173432559137667], [0.321908495214642, 0.3407126310281076, 0.09336367482536286, 0.24401519893188767], [0.4879838663110808, 0.1210108755435727, 0.1505132462703047, 0.24049201187504168], [0.5412147640563713, 0.2127431656345095, 0.06672514157450252, 0.17931692873461677], [0.40925954931809316, 0.22338346566014708, 0.06745080130270761, 0.299906183719052], [0.1813411683373517, 0.31746193627958613, 0.10016352436991904, 0.40103337101314307], [0.30348330401567103, 0.2883906274635756, 0.20107221160462835, 0.207053856916125], [0.22394035367555137, 0.37455493258811323, 0.14420342307392423, 0.2573012906624113], [0.18892224054690904, 0.3944504759948215, 0.12245012788815583, 0.2941771555701136], [0.1697172921810605, 0.2660840497652228, 0.15015356372918806, 0.4140450943245286], [0.127824123240532, 0.2926236324772958, 0.41761096975877743, 0.16194127452339502], [0.13733365428038175, 0.15679583794787438, 0.08692569943369853, 0.6189448083380453], [0.2974780006098517, 0.2966281559085772, 0.14850702788232234, 0.2573868155992488], [0.2486726069671354, 0.2619141978076184, 0.1721228491425771, 0.3172903460826691], [0.0842058611865328, 0.6849526508806247, 0.1655850459958841, 0.06525644193695826], [0.17040134452158207, 0.4518179677733809, 0.24247170548475877, 0.1353089822202783], [0.10395483523089223, 0.19278758218637027, 0.4002920774132933, 0.3029655051694443], [0.4857423085127318, 0.13534055835725287, 0.10058454341443249, 0.2783325897155829], [0.2021007131546602, 0.3937537811402046, 0.15816851992853262, 0.24597698577660268], [0.2258173000877518, 0.22950861705887504, 0.10433272588029575, 0.44034135697307747], [0.13470622703318028, 0.1741956379830647, 0.22389970140635573, 0.4671984335773993], [0.18673383365895457, 0.3428283163979849, 0.21736296033087862, 0.25307488961218183], [0.17705361888172533, 0.264250049898737, 0.11930038909674517, 0.4393959421227924], [0.2108772116453817, 0.3608533592521958, 0.09935626419272046, 0.3289131649097022], [0.13846210643849252, 0.30137281262572924, 0.1972641937753208, 0.3629008871604576], [0.3717613982529122, 0.365240147413983, 0.08954370435888548, 0.17345474997421922], [0.4464601257078322, 0.20472948718843662, 0.11360170974539992, 0.23520867735833115], [0.6029917698279249, 0.12089176288175588, 0.059766849931252274, 0.21634961735906696], [0.2058075944026932, 0.49117563877459436, 0.12403274291398603, 0.1789840239087265], [0.25897421197080367, 0.35663547838224485, 0.1135963908059977, 0.2707939188409537], [0.25838680678305237, 0.32360045499748114, 0.14066509967773083, 0.27734763854173594], [0.11697353891638378, 0.4753718852747382, 0.19356744129479014, 0.21408713451408776], [0.12161151130368313, 0.38242001464750613, 0.12420684069714542, 0.37176163335166534], [0.17480053492967573, 0.20149202189971516, 0.25379005144761896, 0.3699173917229902], [0.14468420322244332, 0.19137832801761548, 0.22762438726151996, 0.43631308149842113], [0.22938806983550866, 0.26672965683565597, 0.12239175988289093, 0.3814905134459445], [0.21754875194839265, 0.16631690276193623, 0.2813562136454228, 0.3347781316442482], [0.1643651654156412, 0.5496496758383155, 0.09379019252629853, 0.19219496621974477], [0.4174398360135421, 0.19913408074121994, 0.10583673237414803, 0.2775893508710898], [0.35015887296562476, 0.3467175662141023, 0.11427053042078125, 0.1888530303994917], [0.11988163844144777, 0.361742805837231, 0.25852608248897563, 0.25984947323234553], [0.1635282590191916, 0.25375323416505163, 0.2393758272946955, 0.3433426795210612], [0.3419142871650122, 0.23871720857920556, 0.17208089004862234, 0.24728761420715986], [0.346011794428001, 0.21152477325929234, 0.1258662294575433, 0.31659720285516324], [0.4362856934925, 0.18489189572140857, 0.2248025391889729, 0.15401987159711839], [0.13507678290979952, 0.3643266864792023, 0.11096142553559496, 0.38963510507540333], [0.28671356159010275, 0.3681481772658588, 0.08966509512848142, 0.25547316601555703], [0.1868584582017562, 0.34054503232343186, 0.18889001258884736, 0.2837064968859646], [0.17258977236808362, 0.1205247860753236, 0.47466505897241007, 0.23222038258418273], [0.261763361303852, 0.23546068897197084, 0.0740035236813899, 0.4287724260427874], [0.22851321007132971, 0.36334935013622627, 0.21277161583158516, 0.19536582396085897], [0.12616090247166303, 0.3357722155030886, 0.34543579538023306, 0.19263108664501535], [0.30065451855236364, 0.15006482731275675, 0.15023884385470462, 0.39904181028017494], [0.21595262840600224, 0.22198774326566978, 0.10417473575595525, 0.45788489257237286], [0.18213761332470604, 0.48142779417282017, 0.22393968306136158, 0.11249490944111235], [0.15684374356639857, 0.5435420028218503, 0.16964242235669919, 0.1299718312550519], [0.163315921214779, 0.3448098429886313, 0.17585128458258992, 0.31602295121399976], [0.12592722768506837, 0.46560803936359235, 0.16624256217809763, 0.2422221707732417], [0.39017572287126323, 0.31576800088323087, 0.09236276484466299, 0.20169351140084277], [0.17707058771830742, 0.34680080074407926, 0.1128442171552087, 0.36328439438240456], [0.36153248683911066, 0.24186090466573457, 0.18042589077865012, 0.21618071771650482], [0.5113108147344025, 0.1508858803762978, 0.15725680385380053, 0.18054650103549916], [0.1800604085621703, 0.21980606541753034, 0.22001558881779845, 0.380117937202501], [0.13559060221646776, 0.6370318409136037, 0.061062542982342836, 0.16631501388758574], [0.2783012107426456, 0.22801702499945956, 0.3343164260494053, 0.1593653382084897], [0.26852718174571155, 0.2113822390120383, 0.2702145764350218, 0.24987600280722838], [0.1532659541116672, 0.5375793305259619, 0.1333648583821303, 0.17578985698024058], [0.32936154818514685, 0.38446427697824426, 0.07209785023970577, 0.2140763245969033], [0.33375243622306877, 0.1683957052016786, 0.2340574543801312, 0.26379440419512135], [0.17876307083619905, 0.17230058084498553, 0.11499612121426298, 0.5339402271045526], [0.4758605935124322, 0.24749421351077758, 0.09038822853432177, 0.18625696444246836], [0.13185935216065064, 0.7363640730949018, 0.047226793252641175, 0.0845497814918066], [0.3499650998149365, 0.35590069046402434, 0.10596463205223307, 0.18816957766880615], [0.2146872473812505, 0.23448863558303104, 0.2503695299872666, 0.3004545870484518], [0.2736028612784988, 0.34313610671731276, 0.11752256096811861, 0.26573847103606985], [0.1988700917927737, 0.434365152940173, 0.15442371139982125, 0.212341043867232], [0.2874119617748248, 0.2816893474178112, 0.13706327980485286, 0.29383541100251104], [0.4654663690389963, 0.16924123355228646, 0.09796987118155884, 0.26732252622715835], [0.304656424476456, 0.1990525654715823, 0.07884129587884696, 0.41744971417311466], [0.24983545405064628, 0.4471722967579987, 0.11774492859439527, 0.1852473205969598], [0.21907294417044493, 0.36001357941327344, 0.2724140521578506, 0.1484994242584309], [0.11930992134093682, 0.2950611847531044, 0.27508135901737096, 0.3105475348885878], [0.15757896759443785, 0.24044066593698568, 0.07577847762957954, 0.526201888838997], [0.23110047951278714, 0.3399509160217458, 0.14250101214068603, 0.28644759232478095], [0.11132955211551315, 0.15906560185921434, 0.3269669619845222, 0.4026378840407503], [0.2195549022606157, 0.4217005493405448, 0.18432208895915161, 0.17442245943968795], [0.10897719480848378, 0.589198328191553, 0.13268949123912255, 0.16913498576084054], [0.1677266988654458, 0.31850963444079994, 0.08777233884542429, 0.42599132784833], [0.268204712533561, 0.3298445838362531, 0.17717289531904087, 0.22477780831114522], [0.15535672938915857, 0.4244022146428392, 0.19802745937356403, 0.2222135965944383], [0.350918809652654, 0.21271213046279958, 0.10979825467677352, 0.32657080520777293], [0.5304563746820231, 0.11190133878937689, 0.1957814415540597, 0.16186084497454026], [0.2049152289873559, 0.5745986593462997, 0.09519621080815505, 0.1252899008581893], [0.3947248914348615, 0.2818498970037748, 0.1271276939897244, 0.19629751757163932], [0.5364993739766813, 0.15196550850115925, 0.1293649308031511, 0.1821701867190084], [0.1839096807003429, 0.17121397953208845, 0.08467715178061921, 0.5601991879869495], [0.1614047050296147, 0.35601178130888306, 0.38228430811712355, 0.1002992055443787], [0.12693746616298934, 0.651280087755712, 0.10449948079355058, 0.11728296528774812], [0.1712533362904416, 0.20953376050590836, 0.3205926758288895, 0.2986202273747607], [0.20695232084343818, 0.34753210749669994, 0.14776867621640996, 0.2977468954434519], [0.481491878872575, 0.2005249752062515, 0.10728017428810506, 0.21070297163306845], [0.07722696649353267, 0.5887904922011415, 0.07438300842529216, 0.25959953288003346], [0.29728201732280535, 0.24246411499719425, 0.14556684288926378, 0.3146870247907367], [0.27019366361130426, 0.23293748752137616, 0.20175458636044338, 0.29511426250687617], [0.2140810242472971, 0.2568879167938855, 0.19323589863427143, 0.3357951603245461], [0.2972071727095102, 0.3636938226657478, 0.0742984556052827, 0.2648005490194592], [0.2759436942072655, 0.24462686601932765, 0.14068981439239775, 0.338739625381009], [0.24608695841641717, 0.3681475124981577, 0.12871071836517425, 0.257054810720251], [0.1936115907973221, 0.3305929166730298, 0.09493448647700231, 0.3808610060526458], [0.23732193471303942, 0.23513653022922462, 0.21233761085818592, 0.3152039241995501], [0.27738900156386226, 0.41685896541449907, 0.10695862470451348, 0.19879340831712516], [0.2659194459720462, 0.34459240517485923, 0.09386110131852742, 0.2956270475345672], [0.10582166970163835, 0.41004371748089435, 0.3237188614524359, 0.16041575136503156], [0.09516149958847622, 0.3320903906563251, 0.32484653925827667, 0.247901570496922], [0.2875294385614223, 0.4061511218992967, 0.11932550385362437, 0.18699393568565664], [0.2075524513129355, 0.23103415986699785, 0.11606723701268702, 0.44534615180737974], [0.12148100203576306, 0.47528988001518235, 0.12771175781756627, 0.27551736013148853], [0.2191451979562881, 0.4238991460666449, 0.13702280554068627, 0.21993285043638078], [0.5465058380199399, 0.3040702264059761, 0.08133549235593505, 0.06808844321814883], [0.0817251754495959, 0.3506220725638153, 0.37642317090223937, 0.19122958108434943], [0.2733513469090438, 0.3283402909775458, 0.11922283562666168, 0.2790855264867487], [0.20164927254358636, 0.3653616942701538, 0.20117026524467913, 0.23181876794158068], [0.29162681179708355, 0.29050855006718246, 0.15890075793613362, 0.2589638801996006], [0.18498719764781646, 0.43250898281994343, 0.16967802644418145, 0.2128257930880586], [0.32341639005897554, 0.40903310988492003, 0.030967166810333725, 0.23658333324577063], [0.5541253542124528, 0.13705827716760266, 0.09272219020008844, 0.21609417841985615], [0.13820711874129057, 0.2370634002317309, 0.32814921592169244, 0.2965802651052862], [0.15431282489133274, 0.2699328909284975, 0.18060000450128308, 0.3951542796788868], [0.3207342715370613, 0.21088299572898542, 0.15629981419826494, 0.31208291853568837], [0.2344022066388207, 0.28909096501065634, 0.13884587386178074, 0.3376609544887423]]}, "rewritten": {"ids": ["97106591", "97112830", "97113900", "98106111", "98106880", "98107340", "98109230", "98110230", "98110680", "98111231", "98111620", "98112170", "98113881", "98117740", "98119591", "99109780", "99109840", "99109860", "99111440", "99113260", "100108260", "100109330", "100111380", "100117420", "100120780", "101108370", "101112201", "101112540", "101119030", "101121640", "102109010", "102110240", "102112170", "102114270", "102118380", "102121440", "103109641", "103109791", "103111830", "103113210", "103113270", "103117461", "103118291", "104110960", "104111880", "104113240", "104114230", "104114410", "104117630", "104118070", "104119340", "105110251", "105111990", "105112100", "105112130", "105112240", "105113210", "105114220", "105115250", "105116980", "105119950", "106113260", "106113830", "106114011", "106114321", "106115240", "106115250", "106118161", "106118520", "106119580", "106120640", "106121220", "107113180", "107113840", "107114280", "107114490", "107115140", "107118120", "107118820", "107120010", "107120880", "108113620", "108114040", "108114180", "108114270", "108114360", "108115970", "108117610", "108118060", "108118810", "108119330", "108119550", "109113281", "109113591", "109114720", "109116040", "109117110", "109118820", "109120150", "109121351", "109121640", "110113591", "110114651", "110114950", "110115980", "110116300", "110117870", "110118121", "110118701", "110121140", "111114121", "111116010", "111116100", "111117200", "111118810", "111120320", "111120540", "111121930", "112116451", "112116610", "112116990", "112117471", "112118421", "112118810", "112118930", "112120670", "112121010", "112121360", "113117630", "113118870", "113119120", "113119300", "113119360", "113119930", "113120070", "113120591", "113120640", "113121680", "113121810", "113122180", "113122320", "113122650"], "labels": [1, 2, 2, 0, 0, 0, 1, 3, 2, 1, 3, 3, 3, 2, 1, 2, 2, 2, 3, 0, 3, 0, 3, 2, 1, 1, 0, 2, 3, 2, 1, 3, 3, 3, 1, 2, 1, 3, 3, 3, 2, 0, 0, 2, 3, 2, 2, 1, 0, 2, 1, 0, 2, 1, 1, 1, 3, 3, 2, 0, 3, 3, 1, 1, 2, 1, 2, 3, 2, 3, 3, 1, 3, 3, 3, 3, 0, 3, 3, 1, 1, 3, 0, 1, 3, 1, 2, 3, 1, 1, 0, 1, 0, 3, 0, 0, 1, 3, 2, 0, 0, 0, 3, 0, 1, 3, 3, 3, 3, 3, 0, 1, 3, 0, 0, 1, 1, 1, 0, 1, 0, 3, 3, 3, 1, 2, 2, 3, 0, 0, 3, 1, 0, 1, 2, 0, 0, 1, 2, 2, 1, 2], "predicted_labels": [1, 3, 0, 2, 3, 1, 3, 1, 1, 0, 1, 0, 1, 0, 1, 0, 1, 0, 1, 1, 0, 1, 0, 0, 0, 1, 3, 0, 0, 1, 0, 0, 0, 1, 2, 3, 1, 0, 0, 0, 1, 1, 1, 1, 1, 1, 1, 0, 0, 3, 0, 1, 0, 1, 0, 0, 0, 0, 0, 1, 0, 0, 1, 1, 0, 1, 1, 0, 1, 1, 1, 1, 0, 0, 0, 0, 1, 0, 0, 0, 1, 0, 0, 1, 0, 1, 0, 1, 3, 1, 1, 0, 0, 0, 1, 1, 1, 1, 1, 0, 3, 1, 1, 1, 0, 2, 1, 0, 1, 0, 1, 1, 3, 0, 0, 0, 1, 0, 3, 3, 0, 1, 3, 1, 1, 1, 0, 1, 0, 1, 0, 0, 0, 1, 0, 0, 0, 1, 1, 0, 0, 1], "confidence_scores": [[0.3260339037059176, 0.34693675210148633, 0.1359568943868698, 0.19107244980572616], [0.2495214698636933, 0.26415859872867703, 0.1422236703462023, 0.3440962610614275], [0.41275782562997126, 0.2753525869747911, 0.07324833600773421, 0.2386412513875035], [0.13413824422926662, 0.17559134863294182, 0.3723811303568895, 0.3178892767809021], [0.2924978878238266, 0.18970801060391648, 0.1302951028192091, 0.3874989987530478], [0.295394298512291, 0.4357887800444521, 0.11767799746510593, 0.1511389239781512], [0.2328899375139109, 0.23348243074657646, 0.1119525996960951, 0.4216750320434174], [0.2904847182537358, 0.3378387290081238, 0.16463218845767424, 0.20704436428046624], [0.1902390459195457, 0.4095505109389477, 0.12255193875588183, 0.2776585043856247], [0.3827883473822751, 0.21541933402103927, 0.15878062152822647, 0.24301169706845924], [0.29392116861667067, 0.3057208904591585, 0.222269588981108, 0.17808835194306286], [0.39519858135465835, 0.15663409570483575, 0.16920945801673085, 0.2789578649237752], [0.0770018417497457, 0.7795926578222235, 0.06671552725926964, 0.07668997316876112], [0.49697975608097006, 0.25387780863895637, 0.07888994332184084, 0.17025249195823258], [0.2543818969087626, 0.37337112424598795, 0.13545478204177638, 0.2367921968034729], [0.30301396960033705, 0.2823250625008693, 0.2265231074904436, 0.18813786040835015], [0.17399261526308404, 0.3744396264197787, 0.1685554197093113, 0.283012338607826], [0.3393190888322392, 0.2769582116540009, 0.2164957109361071, 0.16722698857765284], [0.3048072686274367, 0.35363604338632676, 0.1060493052290363, 0.23550738275720048], [0.16888762303321317, 0.4506504424496925, 0.12142483998395762, 0.25903709453313684], [0.44631049266707973, 0.2480676592941365, 0.09927898541988517, 0.2063428626188986], [0.30811399505450243, 0.35900987685479596, 0.09504102380875468, 0.237835104281947], [0.3302531715686928, 0.31727207838730404, 0.13405741622782028, 0.2184173338161829], [0.41182167877573883, 0.21719380180011308, 0.18844384434682335, 0.18254067507732472], [0.3987880309833185, 0.16881504334066658, 0.12602564091325036, 0.30637128476276465], [0.23775626780481476, 0.46427595248665526, 0.10948499010770033, 0.1884827896008298], [0.23813845163993197, 0.2858717368499621, 0.09161481390293434, 0.38437499760717164], [0.41175580576692566, 0.289220666081689, 0.11699910777468317, 0.18202442037670222], [0.55482045857023, 0.25936061512189507, 0.06928422674748018, 0.11653469956039493], [0.2321115567390389, 0.4204833794093651, 0.12889617929030964, 0.21850888456128623], [0.3176713211834436, 0.26229318691011944, 0.22871276892615044, 0.1913227229802865], [0.6018522492049283, 0.25961667167672986, 0.05164897563491324, 0.08688210348342869], [0.3576767825459903, 0.17228663757151194, 0.15993375916342084, 0.31010282071907724], [0.22626369681401728, 0.45561680929655646, 0.14665504913434832, 0.17146444475507808], [0.1829852331784326, 0.2633592670587894, 0.4100053896901143, 0.1436501100726635], [0.2971975908702195, 0.2291317015785671, 0.11191194004882382, 0.3617587675023895], [0.2706304394066529, 0.3565434882545719, 0.1534029617639384, 0.21942311057483704], [0.6424211241207114, 0.13819338211586107, 0.10199822834575957, 0.11738726541766806], [0.36678242984404835, 0.307553298278221, 0.11403370700575345, 0.21163056487197743], [0.3816311312804663, 0.14584491599754015, 0.24244821116226678, 0.23007574155972685], [0.2864883838640057, 0.41732462676853643, 0.13102228798175233, 0.16516470138570555], [0.3081906431157848, 0.5005873105652182, 0.05987872943483987, 0.13134331688415732], [0.33842038877652236, 0.3933269622271687, 0.1100109944825703, 0.15824165451373864], [0.22050387977122796, 0.5504044301300591, 0.08328686501126473, 0.14580482508744824], [0.12682412789856426, 0.7451602146327589, 0.03252071946599798, 0.09549493800267889], [0.08691485464523925, 0.7104027821058742, 0.06864960417819198, 0.13403275907069487], [0.13402757337364224, 0.4890847312884195, 0.09094986052491802, 0.2859378348130203], [0.36571419295445057, 0.3488471491052676, 0.08824879167480855, 0.19718986626547336], [0.3772975321995045, 0.3151589510417795, 0.10345611669923102, 0.2040874000594849], [0.23533113895940516, 0.1734129360967747, 0.13104264642015268, 0.4602132785236675], [0.5983601226820108, 0.20888740603707692, 0.07333036322997093, 0.11942210805094132], [0.23525066466923336, 0.3076125803598928, 0.1816525350429645, 0.2754842199279094], [0.4163777069804054, 0.3816826032345386, 0.08725675787959769, 0.11468293190545824], [0.35868787622509724, 0.3780168858978685, 0.06512766870813129, 0.19816756916890307], [0.4480837343358358, 0.24787090662681235, 0.11882812269633304, 0.18521723634101883], [0.5491156576640345, 0.272756687941878, 0.06711956564395401, 0.1110080887501335], [0.3757760997924228, 0.3415526323541521, 0.09199494630440744, 0.1906763215490175], [0.39495278349054097, 0.19508501337501852, 0.07875853481896285, 0.33120366831547765], [0.4683945221349529, 0.25120501361487063, 0.08408534062632858, 0.19631512362384793], [0.24121117777627152, 0.4199528265327461, 0.13187835451146543, 0.20695764117951704], [0.47605475233036226, 0.1494906242463488, 0.1607602133834349, 0.21369441003985415], [0.3555894995789839, 0.20693728936240807, 0.10052857590096118, 0.3369446351576471], [0.28269900542126253, 0.33087057331711334, 0.1420813078918595, 0.24434911336976456], [0.32400322428807027, 0.49324312673848614, 0.08105361228271728, 0.10170003669072644], [0.5862138988481926, 0.1193903943095679, 0.06626471394503058, 0.22813099289720898], [0.2112446842190605, 0.4355983146923472, 0.12268258232497337, 0.23047441876361893], [0.2836846244603762, 0.37869957730067255, 0.12303935859772079, 0.21457643964123063], [0.4191132596956596, 0.2519973642992915, 0.1500471724996891, 0.17884220350535984], [0.27386526803858424, 0.3676752859313587, 0.1061752994097004, 0.25228414662035664], [0.2811593709173019, 0.39432877260010574, 0.15866597586627643, 0.16584588061631597], [0.2677629855454281, 0.3367162293193112, 0.1465663213422217, 0.248954463793039], [0.2583552098063579, 0.3887664273156103, 0.1603728204936088, 0.19250554238442302], [0.415412620894325, 0.19886717414282432, 0.1636739789297674, 0.22204622603308322], [0.47462723774422055, 0.33079947792939307, 0.0723189714544081, 0.12225431287197831], [0.3565278829665272, 0.2450867196752332, 0.1019895463740741, 0.29639585098416565], [0.4863886620191658, 0.23576626140536075, 0.11177410150187077, 0.16607097507360255], [0.2784843633184694, 0.4570574613804994, 0.10185938347714824, 0.16259879182388276], [0.3705333008612279, 0.3489760437873571, 0.120132101941745, 0.16035855340967015], [0.4377880594585486, 0.4023038592279736, 0.0605340110931873, 0.09937407022029031], [0.387059786604292, 0.25431119776390476, 0.12405288408610318, 0.23457613154570012], [0.3553094135320975, 0.44008224643147975, 0.08485731227415466, 0.11975102776226801], [0.3405156313254737, 0.3262249582876452, 0.09886488165116947, 0.23439452873571168], [0.5835041477669339, 0.1897124193722944, 0.06594492036899888, 0.16083851249177258], [0.34118907249535196, 0.391468741531667, 0.08618851133309202, 0.18115367463988916], [0.3073118437269689, 0.30448182999673407, 0.14138292797229826, 0.24682339830399877], [0.2167551793975405, 0.46604143812359705, 0.09202093829607672, 0.2251824441827858], [0.37308869602572303, 0.24677130046992818, 0.22407271230366163, 0.15606729120068727], [0.24185420566146512, 0.402251945804566, 0.08096406498747397, 0.2749297835464949], [0.28345141729424095, 0.26903704962413755, 0.10064706533377575, 0.34686446774784574], [0.30894191927548004, 0.41768692618647807, 0.0908290687271707, 0.18254208581087114], [0.28274449136389623, 0.3181256243474524, 0.12001947092313058, 0.27911041336552106], [0.47050045196703255, 0.1501904753138476, 0.12410398483427375, 0.2552050878848462], [0.46865043486342445, 0.24976508123666957, 0.11380483293130836, 0.16777965096859757], [0.34858124401362317, 0.20207974805341747, 0.11255754601679266, 0.33678146191616676], [0.26416060587848483, 0.4397964738957306, 0.13805681499295805, 0.15798610523282638], [0.29267759099730073, 0.3770161215333422, 0.1284492434309248, 0.2018570440384324], [0.26330251956439443, 0.44021737374231096, 0.12668348956436543, 0.16979661712892918], [0.16738352392161812, 0.6120635540097308, 0.07461644029508704, 0.14593648177356405], [0.16624300350097757, 0.3719355553677712, 0.16412694942460151, 0.29769449170664986], [0.5841739224362599, 0.13648032268559646, 0.08864409664872883, 0.1907016582294148], [0.3425351561153599, 0.22861193895344045, 0.06817056854677668, 0.36068233638442304], [0.29892841129218406, 0.31860903358954706, 0.1186383764330682, 0.2638241786852005], [0.2808167207079341, 0.40554966756196786, 0.09802004901800508, 0.2156135627120929], [0.13159577293044653, 0.6899366304871838, 0.05902654282458349, 0.11944105375778605], [0.47390501014640757, 0.19165771376686475, 0.0846095107256738, 0.24982776536105392], [0.1504229715897148, 0.2965062970206807, 0.33928782910799915, 0.21378290228160557], [0.2577519172276291, 0.3841673852599309, 0.14807519954446005, 0.21000549796798013], [0.4124079978495823, 0.3364064461663718, 0.10172589531909103, 0.14945966066495475], [0.19610779975104897, 0.6314896625756764, 0.07340805940758044, 0.09899447826569413], [0.32395615568115477, 0.2773323697987161, 0.09626753661610596, 0.3024439379040232], [0.12404680494958716, 0.6621382393335783, 0.07860691250765382, 0.13520804320918056], [0.263468857650836, 0.4579193630129524, 0.11633354391594747, 0.1622782354202641], [0.3288975632759847, 0.1742867575099552, 0.12761885327864608, 0.36919682593541414], [0.7103197994088868, 0.09799778273188622, 0.05652893892304886, 0.13515347893617816], [0.4465795734845434, 0.1761660052460447, 0.10922602858318857, 0.26802839268622336], [0.31971112176248956, 0.23703692050720132, 0.17360172049831699, 0.2696502372319921], [0.37903787670241157, 0.44907461889799943, 0.05625748732727792, 0.11563001707231123], [0.3898182113889689, 0.3121710769539318, 0.14323085563062446, 0.15477985602647498], [0.19828842941397468, 0.23094369591044603, 0.10366221510239133, 0.46710565957318806], [0.2649047602608723, 0.20817659754604242, 0.12690578017783968, 0.4000128620152455], [0.4951137655558365, 0.22574120004670709, 0.11432775991146112, 0.16481727448599545], [0.2619278049195648, 0.3441468334200132, 0.14039494318645748, 0.25353041847396457], [0.2785669597811248, 0.29542201924502615, 0.09763771515350268, 0.32837330582034635], [0.2607190198726036, 0.4324516932622221, 0.12206401720628295, 0.1847652696588914], [0.2929392729890477, 0.29753636984807386, 0.11554404830917171, 0.29398030885370685], [0.34776682908515, 0.42378727079971834, 0.12567289143404395, 0.10277300868108753], [0.45547315647518927, 0.17808522376252606, 0.11597654198498603, 0.2504650777772987], [0.15381272647959268, 0.4945794653819296, 0.11924726461191036, 0.23236054352656743], [0.500334340243438, 0.23814458414992412, 0.10057785837159489, 0.16094321723504293], [0.22990453326127797, 0.4530277620443985, 0.1143019027361795, 0.20276580195814403], [0.4464637177193368, 0.2875329439467651, 0.10152977615302487, 0.16447356218087336], [0.4378444598543213, 0.36445051009885465, 0.07479245839200588, 0.1229125716548182], [0.4777447841625299, 0.3419178076124908, 0.07468580312618993, 0.10565160509878956], [0.21728032743756195, 0.34941711174533546, 0.12783294358329073, 0.30546961723381194], [0.3819813683236249, 0.3697901613717573, 0.06887882388375928, 0.17934964642085854], [0.3588162618077348, 0.2874500907143487, 0.17467893962760225, 0.1790547078503142], [0.42834878196417403, 0.23460608664174423, 0.1079891965811125, 0.2290559348129694], [0.17526538720375545, 0.5901120108395314, 0.06878488937427421, 0.165837712582439], [0.12346820795090839, 0.7247044688860722, 0.10050835139277338, 0.051318971770246254], [0.5610018743819873, 0.21017288593037634, 0.07335970323898362, 0.15546553644865255], [0.4602064471489174, 0.18865923362036968, 0.17607949757723884, 0.17505482165347402], [0.33376488042120245, 0.3668068358419645, 0.10574774338660518, 0.19368054035022791]]}}