{"test": {"ids": ["104114740", "110115140", "111116530", "110115890", "105121190", "110118930", "103110220", "97113900", "98116940", "112118550", "111116990", "100108490", "113119450", "113118630", "102111990", "105119950", "103111930", "107121700", "99108460", "100108080", "100110260", "111116040", "98108520", "106120290", "101109120", "100113370", "100111270", "105118740", "112118530", "100109360", "106114880", "113122190", "98107340", "113119360", "112118930", "104110960", "99109311", "111114941", "106114280", "104112201", "109117271", "97112300", "106120640", "106118161", "100108520", "113121950", "109113881", "110121170", "100111620", "106118301", "109118701", "109116170", "108120621", "98110230", "106116850", "112117210", "111115770", "101112201", "101109370", "110115580", "99108580", "99112300", "102109910", "106117770", "101112160", "99111440", "107113840", "111116010", "112116401", "105112100", "112119320", "99107500", "111117571", "101111620", "113120751", "112119950", "107120880", "110117080", "111119300", "109115380", "99110730", "98106111", "100116500", "97106970", "110117200", "109120621", "107119950", "108119510", "105113620", "98116500", "112117571", "98117740", "105110251", "108114200", "106119990", "108118060", "101108121", "108116501", "99107560", "99117740", "111121190", "109118231", "113119950", "104117630", "105119550", "112118421", "112119500", "110119030", "107115140", "103113210", "112117471", "106116820", "101119030", "112116501", "112120670", "108113620", "111116090", "113122220", "104112470", "97112830", "105120621", "107120260", "110116441", "111119150", "102121700", "112121360", "98108970", "108113760", "108113740", "107121540", "111118910", "104118340", "111121930", "101108950", "101112540", "107117010", "102109850", "99119830", "107114621", "100111390", "99120010", "110114561"], "labels": [2, 0, 3, 2, 2, 1, 2, 2, 2, 3, 0, 2, 3, 3, 2, 3, 3, 3, 0, 0, 3, 0, 2, 2, 1, 3, 2, 1, 1, 0, 0, 1, 0, 0, 1, 2, 1, 0, 3, 0, 0, 2, 3, 3, 2, 3, 0, 2, 3, 1, 3, 0, 1, 3, 3, 1, 3, 0, 1, 1, 0, 0, 2, 0, 3, 3, 3, 1, 0, 1, 1, 0, 3, 3, 1, 0, 1, 1, 1, 3, 3, 0, 2, 2, 3, 1, 3, 1, 0, 2, 3, 2, 0, 0, 0, 1, 0, 0, 1, 2, 1, 1, 0, 0, 1, 3, 2, 0, 0, 3, 3, 1, 3, 3, 2, 3, 3, 1, 1, 2, 1, 1, 3, 3, 1, 3, 3, 1, 3, 2, 0, 2, 1, 2, 2, 1, 1, 1, 0, 2, 2, 0], "predicted_labels": [3, 3, 1, 1, 1, 3, 3, 1, 1, 3, 0, 1, 0, 3, 0, 1, 1, 1, 3, 1, 3, 3, 3, 1, 3, 1, 2, 3, 1, 3, 1, 2, 3, 0, 0, 0, 3, 3, 1, 3, 3, 1, 1, 1, 3, 2, 1, 3, 1, 0, 3, 1, 1, 1, 3, 2, 3, 1, 1, 0, 1, 1, 3, 0, 3, 3, 1, 1, 0, 3, 2, 1, 0, 0, 1, 3, 3, 1, 3, 1, 3, 1, 1, 2, 3, 0, 3, 1, 1, 3, 3, 3, 3, 0, 3, 0, 3, 3, 1, 1, 3, 1, 0, 0, 0, 0, 1, 3, 3, 0, 1, 0, 3, 3, 0, 3, 0, 1, 3, 0, 3, 1, 0, 3, 1, 0, 1, 0, 0, 1, 3, 1, 0, 3, 3, 3, 2, 1, 3, 1, 2, 1], "confidence_scores": [[0.20593614194413182, 0.2913538137875543, 0.2015495106878286, 0.3011605335804853], [0.27010466464328586, 0.2561693859108624, 0.16740442131556446, 0.30632152813028746], [0.2002203230271556, 0.3600321449020136, 0.2422985904665877, 0.19744894160424323], [0.21398949029587788, 0.2970875222324481, 0.22863612957296, 0.2602868578987137], [0.11167652251860594, 0.3476712674692381, 0.30077140430333976, 0.23988080570881623], [0.21630762717973243, 0.3015309621318254, 0.1661798398791552, 0.3159815708092867], [0.20065565744135871, 0.31775960322289937, 0.16184439003475307, 0.3197403493009889], [0.21274194068697314, 0.3230281464458704, 0.2780298913752231, 0.18620002149193335], [0.21458650394237563, 0.3409340758724763, 0.20678461134221618, 0.23769480884293193], [0.3025832287896328, 0.2685995366582117, 0.08801512136909859, 0.34080211318305687], [0.3311617856625527, 0.2662021704514238, 0.09095513644491132, 0.311680907441112], [0.24163460455078964, 0.3057748035564635, 0.15528344659466875, 0.29730714529807806], [0.3921655521163405, 0.20427056432821336, 0.08306252637908411, 0.3205013571763619], [0.28095089653939337, 0.2445717059560384, 0.19463864124008792, 0.27983875626448035], [0.35913085852793225, 0.201475698073037, 0.1653791690365881, 0.2740142743624426], [0.24479253291314762, 0.3084261802895423, 0.14043126304569378, 0.3063500237516166], [0.21886904097838403, 0.3379032874569247, 0.2464754898414519, 0.19675218172323933], [0.25626937511756015, 0.3047261307428497, 0.1643023247901395, 0.2747021693494507], [0.2795763878415933, 0.30324792775267545, 0.08329856608785077, 0.3338771183178806], [0.19618996314233367, 0.37975704990004133, 0.11561020550471478, 0.3084427814529104], [0.32042301219727837, 0.2394855130867523, 0.1167503815355126, 0.32334109318045634], [0.31042268544478424, 0.2593061343745304, 0.11553290096957079, 0.3147382792111148], [0.2265152691352426, 0.3404793018199012, 0.10429281151604301, 0.3287126175288131], [0.14995514068840574, 0.34784949657623937, 0.2978874452661815, 0.20430791746917365], [0.19135969210148635, 0.315434787933083, 0.2222846085520252, 0.27092091141340546], [0.16241172057176764, 0.32167295997669404, 0.25910935962388254, 0.25680595982765564], [0.11985943906222349, 0.34768496069587285, 0.36021147439786794, 0.1722441258440359], [0.20096834423614784, 0.32309901545580727, 0.16768696687910556, 0.3082456734289393], [0.16057790972129538, 0.3660865157953545, 0.3042214261322455, 0.16911414835110444], [0.1836620852300033, 0.2690865176461625, 0.23739315457968166, 0.3098582425441526], [0.2648385714138096, 0.3136666394755316, 0.21742893722038467, 0.20406585189027437], [0.20279840322496, 0.25808661351282614, 0.30120223864292167, 0.23791274461929185], [0.2061303563043398, 0.2800845144408875, 0.19484086995486294, 0.31894425929990966], [0.30588871867576645, 0.27098972561759016, 0.11888745554611346, 0.30423410016053], [0.34822326807365256, 0.22597599792491616, 0.10232733050742143, 0.3234734034940096], [0.33840026268808954, 0.2561146114169131, 0.11133325662993429, 0.2941518692650631], [0.1721317636823091, 0.3113871738346302, 0.23097637491401773, 0.2855046875690431], [0.3067858448673413, 0.26484558298388233, 0.07778216788186058, 0.35058640426691584], [0.26125511060211526, 0.30134923206085834, 0.13701897698638238, 0.3003766803506438], [0.2995251819544575, 0.28237274968130144, 0.08873818120592455, 0.3293638871583166], [0.276926415256945, 0.2505132673547478, 0.11508070344054815, 0.35747961394775885], [0.27274179741016197, 0.28378442927019637, 0.15216559768866425, 0.29130817563097744], [0.15678752848077981, 0.3785468170143497, 0.27889217351077755, 0.18577348099409313], [0.1903191550309519, 0.3197863255283901, 0.2655689171176672, 0.22432560232299095], [0.2582166439895859, 0.27045511877791745, 0.15802993351685737, 0.31329830371563905], [0.2100204350769201, 0.25195473595271006, 0.35045981765278006, 0.18756501131759004], [0.21971215010734083, 0.32952230856107356, 0.14624667114800755, 0.30451887018357804], [0.21677772284430952, 0.27896303603285216, 0.17568850217236706, 0.3285707389504714], [0.23260935629866827, 0.2953708489413666, 0.22958586132982006, 0.24243393343014502], [0.347836525686046, 0.2613658125115139, 0.05473319962318601, 0.33606446217925384], [0.23065302444893165, 0.30898180229046923, 0.12361708754596866, 0.33674808571463033], [0.22553767240642159, 0.32662114493800765, 0.1276177648210952, 0.32022341783447555], [0.2577212522744359, 0.3211929126523406, 0.1303449132681283, 0.29074092180509475], [0.26161578167583394, 0.3254908732079587, 0.09377671844291074, 0.31911662667329665], [0.25023096816454454, 0.28966045953887054, 0.14791431899398005, 0.3121942533026046], [0.1948696538866421, 0.29500989395638855, 0.3167389640952036, 0.1933814880617658], [0.29050769904390794, 0.26558936213105233, 0.11910094316537656, 0.324801995659663], [0.2739820839441071, 0.3053022520094219, 0.1434321164067056, 0.27728354763976537], [0.17477964500590545, 0.3459905879241159, 0.2603240683326657, 0.21890569873731294], [0.2967402838117635, 0.2702533785506793, 0.21147368492577653, 0.22153265271178071], [0.16374152605161352, 0.3386762440012891, 0.31179832320279804, 0.1857839067442992], [0.14587830037210892, 0.3262148006423022, 0.2658807118509331, 0.2620261871346559], [0.262543378473482, 0.24515956006025735, 0.17347914334887973, 0.3188179181173806], [0.255802911302899, 0.26894133309599244, 0.21612028762706595, 0.2591354679740427], [0.14182896928460678, 0.30170827071706036, 0.2560121750421196, 0.3004505849562128], [0.2203234658232107, 0.3134828703279956, 0.13876153050667753, 0.327432133342116], [0.19174971490217693, 0.3015622579625924, 0.26425582088910976, 0.2424322062461209], [0.15674672103453907, 0.34336717988248444, 0.2282656583791171, 0.2716204407038595], [0.39182708894745005, 0.2015461562190048, 0.08673530513112084, 0.31989144970242434], [0.23981889927548367, 0.2773846424955246, 0.1616959142526541, 0.3211005439763377], [0.11612423944367668, 0.3212905282924864, 0.38794246839451557, 0.17464276386932154], [0.17806362515049268, 0.3147582974728079, 0.25155639966757903, 0.25562167770912037], [0.3538871634118716, 0.2508066137276104, 0.08406035613071454, 0.31124586672980353], [0.325092376323854, 0.2396187376784952, 0.14878876124911833, 0.2865001247485326], [0.24087342124186856, 0.300325136263173, 0.1744692028188021, 0.28433223967615623], [0.36401839593012236, 0.22377425162808526, 0.05851124324412679, 0.35369610919766564], [0.2308183961647412, 0.24916819603646176, 0.2569333610757115, 0.2630800467230854], [0.19998955653536277, 0.3387504760292422, 0.15311768692666844, 0.30814228050872633], [0.22787501133339888, 0.2931913954682188, 0.16637873379709742, 0.3125548594012848], [0.19316337042234083, 0.3286026199014959, 0.1956770579589996, 0.28255695171716344], [0.19504806079979567, 0.2950011684690276, 0.19375315032063894, 0.31619762041053756], [0.16816225457049386, 0.33871921561545404, 0.23719200533932805, 0.2559265244747241], [0.16654936101274534, 0.3273157845827786, 0.2523886000116163, 0.25374625439286014], [0.2523679896526668, 0.26891853237309526, 0.22943768239465342, 0.24927579557958426], [0.28607441493247376, 0.27909091832837896, 0.111243171405836, 0.32359149533331083], [0.2952604586992626, 0.2432420145866445, 0.18561180283950995, 0.2758857238745829], [0.27274199833192764, 0.27797006804697705, 0.10624084105406893, 0.3430470925670262], [0.181161379691917, 0.31769855690855087, 0.26996319369461574, 0.23117686970491677], [0.1775532975202177, 0.32930853882948946, 0.2686901035893312, 0.22444806006096163], [0.24491740785003527, 0.3004609156643422, 0.13621810126396464, 0.3184035752216575], [0.31384981341030044, 0.2712934473773096, 0.08252098202992825, 0.3323357571824621], [0.206842971958386, 0.284790869318706, 0.1970793041003367, 0.31128685462257133], [0.2064719560546517, 0.3182134115222466, 0.15823169746784713, 0.3170829349552543], [0.33877195418548317, 0.2548626414402308, 0.10622679368342385, 0.30013861069086223], [0.23813118937957398, 0.2912643161916942, 0.12422273302034718, 0.34638176140838467], [0.31446679785350873, 0.2614350018860723, 0.10918469385133117, 0.3149135064090875], [0.26128987869877646, 0.3107491194951595, 0.10302887289390716, 0.3249321289121572], [0.27060523108456386, 0.2880025950151046, 0.12495368888617507, 0.3164384850141564], [0.21103434859176676, 0.35070675256314043, 0.13794321280407035, 0.30031568604102254], [0.2259470215055751, 0.2950611968647647, 0.256410014951302, 0.22258176667835822], [0.26988132363780104, 0.2652312566955956, 0.16584781948365204, 0.29903960018295117], [0.22982621523240307, 0.31255681384915784, 0.19160404903110845, 0.2660129218873308], [0.35254955319204423, 0.24736662749563423, 0.062311337868194885, 0.3377724814441263], [0.3338997765308135, 0.24749670410861066, 0.11015768719119284, 0.3084458321693829], [0.3388097675020437, 0.2503519289030931, 0.10875278131103625, 0.3020855222838268], [0.3042907352496909, 0.2635405974194531, 0.12888510059180824, 0.30328356673904755], [0.1576529099055353, 0.3668554098202495, 0.28461993028364435, 0.1908717499905711], [0.2630092074638115, 0.3106695662807485, 0.11292141638461747, 0.31339980987082255], [0.33523498422606685, 0.19493917397882668, 0.07645497714431683, 0.39337086465079], [0.2693851464667075, 0.29420322039974206, 0.24367334791420026, 0.1927382852193503], [0.27636448246574363, 0.30466984121124147, 0.11024186722672458, 0.30872380909629], [0.2928270362281727, 0.2661358972376284, 0.13431195538314505, 0.3067251111510537], [0.31614017323159055, 0.2760673476119964, 0.06720387571109226, 0.3405886034453206], [0.2616462922014072, 0.29926718820935955, 0.09666001125257563, 0.3424265083366578], [0.2495285414195046, 0.26741918664685504, 0.23956078224732516, 0.24349148968631507], [0.28941618531822216, 0.2696968140732928, 0.11699306149960516, 0.3238939391088801], [0.3427234810895713, 0.2391154376755125, 0.091429992235862, 0.326731088999054], [0.2399167159062605, 0.2985016647477021, 0.17927249484127322, 0.2823091245047643], [0.20010501516730214, 0.290383384330134, 0.18339869014369325, 0.3261129103588706], [0.2887198146317317, 0.2803907314800258, 0.16351130724142654, 0.26737814664681603], [0.32873183177101767, 0.2554478051619383, 0.03794947615621749, 0.37787088691082676], [0.2829708613332094, 0.32940108644210403, 0.14394163348420366, 0.24368641874048333], [0.2563899730126876, 0.2773848478366562, 0.25868075112544137, 0.20754442802521528], [0.3226815852063976, 0.25529158469570373, 0.08426012421973074, 0.33776670587816776], [0.2782123610547645, 0.3183583781024843, 0.11327181452173557, 0.2901574463210154], [0.3284255817988768, 0.2764268714918044, 0.08308343759097515, 0.3120641091183437], [0.12931167067887092, 0.38956144117589564, 0.23356024773046088, 0.24756664041477283], [0.2866166884137371, 0.2763650509624317, 0.12834999106749226, 0.30866826955633875], [0.3593673860691585, 0.21058894138045461, 0.10424658051490801, 0.3257970920354788], [0.2126918549336395, 0.30490395317559643, 0.20533188614152603, 0.2770723057492379], [0.2735839492532566, 0.27291607276355956, 0.1350335330227783, 0.31846644496040566], [0.1909277990301782, 0.343162597107304, 0.17383187588917656, 0.2920777279733413], [0.4117980624195782, 0.18232734249395935, 0.07308177183889318, 0.33279282324756926], [0.20434620650625254, 0.2977286604668201, 0.2105724159640873, 0.2873527170628401], [0.1899890891290612, 0.3070864364217509, 0.2103937240239609, 0.2925307504252269], [0.2026213967509898, 0.2720810973911596, 0.22774189529924996, 0.29755561055860064], [0.18556105184628796, 0.3250918114830837, 0.33783826137236866, 0.15150887529825932], [0.14440100846163245, 0.34140053755442373, 0.27341845764443384, 0.24077999633950997], [0.22902251506958804, 0.32188998010515946, 0.1295453848775578, 0.31954211994769444], [0.25912671084821715, 0.3150632908536083, 0.1336479262828403, 0.29216207201533423], [0.199114446760034, 0.2848862824357293, 0.29296333731183166, 0.22303593349240536], [0.2868787742582073, 0.30043056202322704, 0.10161092774183665, 0.3110797359767289]]}, "rewritten": {"ids": ["97106970", "97112300", "97112830", "97113900", "98106111", "98107340", "98108520", "98108970", "98110230", "98116500", "98116940", "98117740", "99107500", "99107560", "99108460", "99108580", "99109311", "99110730", "99111440", "99112300", "99117740", "99119830", "99120010", "100108080", "100108490", "100108520", "100109360", "100110260", "100111270", "100111390", "100111620", "100113370", "100116500", "101108121", "101108950", "101109120", "101109370", "101111620", "101112160", "101112201", "101112540", "101119030", "102109850", "102109910", "102111990", "102121700", "103110220", "103111930", "103113210", "104110960", "104112201", "104112470", "104114740", "104117630", "104118340", "105110251", "105112100", "105113620", "105118740", "105119550", "105119950", "105120621", "105121190", "106114280", "106114880", "106116820", "106116850", "106117770", "106118161", "106118301", "106119990", "106120290", "106120640", "107113840", "107114621", "107115140", "107117010", "107119950", "107120260", "107120880", "107121540", "107121700", "108113620", "108113740", "108113760", "108114200", "108116501", "108118060", "108119510", "108120621", "109113881", "109115380", "109116170", "109117271", "109118231", "109118701", "109120621", "110114561", "110115140", "110115580", "110115890", "110116441", "110117080", "110117200", "110118930", "110119030", "110121170", "111114941", "111115770", "111116010", "111116040", "111116090", "111116530", "111116990", "111117571", "111118910", "111119150", "111119300", "111121190", "111121930", "112116401", "112116501", "112117210", "112117471", "112117571", "112118421", "112118530", "112118550", "112118930", "112119320", "112119500", "112119950", "112120670", "112121360", "113118630", "113119360", "113119450", "113119950", "113120751", "113121950", "113122190", "113122220"], "labels": [2, 2, 2, 2, 0, 0, 2, 3, 3, 2, 2, 2, 0, 1, 0, 0, 1, 3, 3, 0, 2, 1, 2, 0, 2, 2, 0, 3, 2, 2, 3, 3, 2, 0, 2, 1, 1, 3, 3, 0, 2, 3, 1, 2, 2, 1, 2, 3, 3, 2, 0, 1, 2, 0, 2, 0, 1, 0, 1, 1, 3, 1, 2, 3, 0, 1, 3, 0, 3, 1, 0, 2, 3, 3, 0, 0, 1, 3, 1, 1, 2, 3, 3, 3, 1, 0, 0, 1, 1, 1, 0, 3, 0, 0, 1, 3, 1, 0, 0, 1, 2, 3, 1, 3, 1, 0, 2, 0, 3, 1, 0, 3, 3, 0, 3, 0, 3, 1, 1, 1, 0, 3, 1, 3, 3, 3, 1, 3, 1, 1, 2, 0, 2, 3, 3, 0, 3, 0, 1, 3, 1, 1], "predicted_labels": [0, 3, 0, 1, 1, 3, 3, 1, 0, 1, 1, 3, 1, 1, 3, 1, 3, 3, 3, 3, 1, 1, 0, 1, 0, 3, 3, 3, 1, 1, 1, 1, 3, 3, 3, 1, 1, 0, 3, 0, 1, 3, 1, 3, 0, 0, 3, 1, 0, 0, 0, 3, 3, 0, 3, 3, 3, 1, 1, 0, 3, 3, 2, 1, 0, 0, 3, 2, 1, 3, 3, 1, 1, 3, 3, 3, 2, 3, 1, 2, 3, 1, 3, 0, 3, 0, 3, 0, 2, 1, 3, 3, 1, 3, 1, 3, 3, 0, 3, 0, 3, 0, 1, 0, 3, 0, 3, 3, 3, 1, 3, 0, 1, 0, 0, 3, 3, 3, 3, 0, 0, 3, 2, 3, 3, 3, 1, 3, 0, 2, 1, 0, 3, 0, 0, 0, 0, 0, 1, 2, 2, 1], "confidence_scores": [[0.28396962620712674, 0.2630289134266028, 0.21548537608908036, 0.2375160842771902], [0.25999794672979304, 0.29025161999818455, 0.13890418438978092, 0.3108462488822415], [0.28061184281727364, 0.2771274962700757, 0.16969044692145013, 0.27257021399120074], [0.2631113953671314, 0.2858800751426425, 0.23490075119570689, 0.21610777829451888], [0.22263336235504017, 0.3169044468883396, 0.19316820192391115, 0.26729398883270944], [0.20260091638481972, 0.2750369841972014, 0.1931952055126716, 0.3291668939053075], [0.214483767616618, 0.34051489152731307, 0.11839244648100133, 0.3266088943750676], [0.15916559183736473, 0.37254907428579837, 0.21734729571432942, 0.25093803816250754], [0.3084346086388794, 0.28131833092121017, 0.08340066191265523, 0.326846398527255], [0.22433499068201748, 0.33186295073027117, 0.14173212137511734, 0.30206993721259384], [0.21575785107074738, 0.3173066206934503, 0.2269010513747908, 0.24003447686101137], [0.22063875883765438, 0.27597419289169506, 0.21688063681635536, 0.28650641145429506], [0.24473770722065985, 0.3031229543724152, 0.18029298469048305, 0.2718463537164418], [0.24167760948270928, 0.33896430753188195, 0.1151458630929842, 0.3042122198924247], [0.26291575043947024, 0.28393528445639155, 0.11345353359435799, 0.3396954315097801], [0.18825467256599937, 0.32945014765102537, 0.2706684890545126, 0.21162669072846288], [0.18435060362294203, 0.28611966133218686, 0.260496654289139, 0.2690330807557322], [0.19726538489545817, 0.290445913264179, 0.2153063338322705, 0.2969823680080921], [0.2753220021575876, 0.2733171221406353, 0.1554380727904777, 0.2959228029112992], [0.19273332513827143, 0.3132453068120661, 0.19523746473256756, 0.29878390331709476], [0.20316297813156406, 0.3094952819858415, 0.25034360104067077, 0.23699813884192386], [0.16856738339769664, 0.3276972326233822, 0.2543598048228216, 0.24937557915609976], [0.2672220097225656, 0.2513364885261495, 0.228286680455404, 0.25315482129588107], [0.22278649996242092, 0.3542745585131525, 0.10387895872474646, 0.31905998279968023], [0.2650478243968308, 0.27978369458637864, 0.1808625056585503, 0.27430597535824014], [0.22028600338341806, 0.29404533104200453, 0.16139972060854715, 0.32426894496603037], [0.23084627429901822, 0.2551857797501636, 0.19830103395843596, 0.3156669119923821], [0.3255952331258261, 0.23321180731863372, 0.11461280955143596, 0.3265801500041041], [0.1494273055493481, 0.33842460331116203, 0.3167819246241736, 0.19536616651531663], [0.274963690273095, 0.2941704204453075, 0.11845255672076219, 0.3124133325608355], [0.250248310119709, 0.28072112187447634, 0.2090642666852637, 0.2599663013205511], [0.16134380366178105, 0.33414910098926986, 0.2593106237456245, 0.24519647160332478], [0.18882023062148373, 0.32044496013501067, 0.18954274768858823, 0.30119206155491723], [0.28156896520133523, 0.2869809877585416, 0.11120043411331733, 0.32024961292680604], [0.25147462787704516, 0.26407586109367137, 0.19935765116585066, 0.285091859863433], [0.22960300560315924, 0.2918979732248362, 0.22772730434797697, 0.25077171682402766], [0.22089274963217417, 0.30558171470837253, 0.21455494685066664, 0.25897058880878676], [0.30985082899354366, 0.24926909841985354, 0.15303335885399677, 0.2878467137326059], [0.14007319757602515, 0.3034210857646593, 0.274688917891223, 0.28181679876809224], [0.28945616784544376, 0.2938409762159027, 0.13785681049911827, 0.2788460454395353], [0.20578614663176303, 0.31427406513713196, 0.1823399049837236, 0.2975998832473812], [0.2930594338813422, 0.2729064213509898, 0.11909914153551598, 0.31493500323215257], [0.19409783318880547, 0.3330626788418086, 0.28854589127002706, 0.18429359669935888], [0.25730711340598683, 0.25959631589540977, 0.16890472804336468, 0.31419184265523864], [0.37490089937574916, 0.19561159723670896, 0.14540735003186664, 0.2840801533556751], [0.3124988667051194, 0.27981020877388457, 0.10361213859532233, 0.3040787859256737], [0.23786948877431144, 0.28862878867115627, 0.1578023079412151, 0.3156994146133174], [0.24966290233287608, 0.2898095114607616, 0.23816122187086952, 0.2223663643354928], [0.3057410654079862, 0.28864113638241234, 0.18657671413473437, 0.21904108407486717], [0.3336909917790821, 0.25705659867587094, 0.1276917534742726, 0.28156065607077463], [0.3231523349895947, 0.26079765920471754, 0.08936926498994212, 0.32668074081574566], [0.20419026845518515, 0.284710573848409, 0.20082115202391118, 0.3102780056724944], [0.2342133470572608, 0.24853861337464184, 0.2507291760867518, 0.26651886348134546], [0.3268953898619141, 0.2433698182842956, 0.11213164742856094, 0.31760314442522936], [0.2782244652774817, 0.2678007380270941, 0.16030730666651113, 0.2936674900289134], [0.2150456757796932, 0.2910597378337968, 0.19509169342250923, 0.2988028929640007], [0.2805975480961193, 0.23844606557935535, 0.16565945457647996, 0.31529693174804535], [0.18117601044729992, 0.3275093098561394, 0.25757677589997185, 0.2337379037965889], [0.21821258044272376, 0.314390734858065, 0.17054162015929913, 0.2968550645399122], [0.3219939750296584, 0.26995930638711196, 0.1184986864104807, 0.2895480321727494], [0.2748882792852608, 0.29836323245770763, 0.09227083478328758, 0.3344776534737438], [0.3472633289113284, 0.2367835957430684, 0.04824211311770134, 0.367710962227902], [0.13738000692212823, 0.31995178503134064, 0.29624714593261525, 0.24642106211391615], [0.2541746424056693, 0.3057101672561963, 0.15375976643517272, 0.28635542390296187], [0.29430555709304457, 0.28677186726578185, 0.13281240560327048, 0.2861101700379029], [0.2966974525722303, 0.26594918990689165, 0.1304951735038733, 0.30685818401700476], [0.25359601073028654, 0.27927370250227584, 0.15047914559197784, 0.3166511411754595], [0.22414757767277996, 0.27299522546822536, 0.2873145343210315, 0.21554266253796323], [0.21875862769853574, 0.296818637278513, 0.22388080962947057, 0.2605419253934807], [0.3366498316883211, 0.2584313755528616, 0.06431887117977993, 0.3405999215790372], [0.25857404506168424, 0.28647591724505694, 0.11466687453106005, 0.3402831631621989], [0.15949578291646607, 0.34031086554532586, 0.2934081904057324, 0.2067851611324755], [0.2046274486879194, 0.362283389882575, 0.22356593641708764, 0.20952322501241805], [0.21572745932727913, 0.2841354294597195, 0.23699136936000414, 0.26314574185299755], [0.26531837909693395, 0.30512731569824114, 0.09232458183889364, 0.3372297233659312], [0.3520406378674322, 0.17717307453550762, 0.07885869832167068, 0.3919275892753893], [0.17143165462423943, 0.27565313005958236, 0.30012023337842064, 0.25279498193775757], [0.2693579685537883, 0.2840858174994915, 0.1059108273435455, 0.3406453866031745], [0.24695282501981067, 0.2986104041084258, 0.2119144651606312, 0.24252230571113234], [0.24576739145480114, 0.23522948979161917, 0.27842248691083743, 0.24058063184274214], [0.24347353386083992, 0.28847222003987266, 0.17537734943023664, 0.2926768966690507], [0.2551793197026764, 0.30702219424837546, 0.17528459696808923, 0.2625138890808588], [0.2561871764768818, 0.2624583970822327, 0.17952743740111868, 0.301826989039767], [0.37391985649845183, 0.18944275045584133, 0.09347969892385004, 0.3431576941218569], [0.27600692156486173, 0.27508904817839336, 0.13472325474504074, 0.31418077551170415], [0.3352960120231038, 0.26386000661467507, 0.11954081815232041, 0.28130316320990034], [0.2866583235885951, 0.26592624471844023, 0.13883209899924442, 0.3085833326937203], [0.31781178542020927, 0.25785976989111403, 0.10570314228494282, 0.3186253024037337], [0.20494800525418966, 0.29188233875551084, 0.26193976271240416, 0.2412298932778952], [0.25555435953446365, 0.32540086728285533, 0.12797954743505624, 0.29106522574762483], [0.2353857271202827, 0.30915610538408494, 0.14059973213448637, 0.3148584353611458], [0.2109472104639047, 0.290122076223975, 0.2258798461706837, 0.27305086714143634], [0.22097914468511728, 0.32337674421210705, 0.1490444479246225, 0.30659966317815324], [0.3145090961215852, 0.21814937393432016, 0.09825449372212275, 0.3690870362219717], [0.2599090243990118, 0.3013960779050162, 0.15732297889789204, 0.28137191879808005], [0.2582320511192862, 0.29462048137436675, 0.10829161409548892, 0.3388558534108583], [0.33817365905014035, 0.21901070025803668, 0.12076482187358073, 0.3220508188182425], [0.3303762341490026, 0.2608222775852758, 0.094534873302943, 0.3142666149627783], [0.2831679391168354, 0.24181905757279676, 0.15830144910464153, 0.31671155420572655], [0.26066845048383963, 0.266185752569512, 0.24626924637212935, 0.22687655057451916], [0.26778687367535325, 0.270255148622319, 0.15163857014458845, 0.31031940755773957], [0.23694279749532818, 0.28122421059315117, 0.25644546342652214, 0.2253875284849984], [0.20693139456512047, 0.30439208307595944, 0.20619004388949871, 0.28248647846942143], [0.2960513780589295, 0.2676646064373881, 0.12297517673972416, 0.31330883876395826], [0.23145861406680326, 0.2978785785693997, 0.15571579451228107, 0.3149470128515161], [0.30346602160797664, 0.2846541491425005, 0.097578724839444, 0.3143011044100789], [0.29551213198596565, 0.19907050569655022, 0.191097755477457, 0.314319606840027], [0.3204344167953361, 0.2536790700972968, 0.07002967671577166, 0.3558568363915954], [0.2863787210918834, 0.2547842905994627, 0.16412192897773303, 0.29471505933092074], [0.19586894272915814, 0.31017253409604256, 0.21631147468837775, 0.27764704848642124], [0.2924811174308517, 0.26854811226523795, 0.13394890957954736, 0.30502186072436277], [0.3423132463787968, 0.24750044593734563, 0.08288716098875548, 0.32729914669510235], [0.2697512384226566, 0.3013954759825248, 0.16718490028894334, 0.26166838530587555], [0.3818125140379734, 0.21177746427633462, 0.10704413340010546, 0.2993658882855867], [0.349604575211876, 0.25031335233812396, 0.08878834137872135, 0.3112937310712789], [0.2817008511900464, 0.26802679762517295, 0.13405438522204113, 0.3162179659627394], [0.3079869353963029, 0.2543293931628494, 0.10763915826163113, 0.3300445131792164], [0.21965340826949437, 0.2933975021141322, 0.18289554893173593, 0.30405354068463764], [0.3200130620160404, 0.23578033302775359, 0.11521533332390121, 0.32899127163230485], [0.3854935244925854, 0.19120141307746402, 0.10977010365342946, 0.3135349587765213], [0.3817617696111451, 0.20544240576850967, 0.07622437694676341, 0.33657144767358205], [0.2541956763442125, 0.2982381224883661, 0.11580847802393261, 0.33175772314348895], [0.18795202706991765, 0.2951075893565805, 0.3307569920213555, 0.18618339155214642], [0.2740598405134594, 0.29360594880015645, 0.1182672835798834, 0.31406692710650097], [0.32718526875848597, 0.24870140194101048, 0.09738952720522015, 0.32672380209528346], [0.2766818257348423, 0.24830353684255965, 0.16757969293386624, 0.30743494448873193], [0.1722161477790758, 0.3531579916050381, 0.3066129837387852, 0.16801287687710076], [0.32644114140930974, 0.2404751643631238, 0.0976995272377451, 0.3353841669898213], [0.3399988672094426, 0.2054252544638916, 0.18352864461371518, 0.27104723371295053], [0.18656241558084685, 0.29239366747619694, 0.31320448581641147, 0.20783943112654482], [0.15350151211713886, 0.35187649935962056, 0.31774873443562446, 0.17687325408761648], [0.38080103989034764, 0.19923409209744852, 0.06818903838956618, 0.35177582962263776], [0.23863208420428336, 0.2684873965419044, 0.21376582840303823, 0.27911469085077417], [0.3347048592598437, 0.26409484110696485, 0.08414526677322007, 0.3170550328599714], [0.285428404401731, 0.25140736019016047, 0.2530501299559988, 0.21011410545210982], [0.32423995905263114, 0.2506459213893433, 0.11232245981037416, 0.3127916597476515], [0.3614093774390578, 0.21891111166463673, 0.14429889383387967, 0.2753806170624258], [0.3276706616308996, 0.26278007096706657, 0.08589586009163948, 0.32365340731039416], [0.22603739673996978, 0.3154545787916541, 0.17119167475729014, 0.28731634971108616], [0.16682406965757343, 0.25594448703492456, 0.394406429512742, 0.1828250137947601], [0.1972902090056962, 0.2624731432112738, 0.2914562241492118, 0.24878042363381783], [0.23999250557672377, 0.2986280499830139, 0.17952725078034024, 0.28185219365992203]]}}