{"test": {"ids": ["111115400", "107116501", "112117030", "112116451", "100111390", "113122170", "101109000", "99108080", "110118181", "103120730", "110115140", "102121700", "103113260", "109117730", "113118620", "112121410", "99107630", "106117770", "102117351", "101108460", "99109141", "112118511", "99108710", "100109801", "102112250", "103110100", "99108330", "105113330", "102113350", "112116610", "100109890", "98120530", "100108490", "106121220", "110116501", "111120531", "97113260", "98108970", "111120220", "110116290", "112121430", "112120640", "101116130", "110118701", "109117600", "111120540", "103120531", "104111531", "113119360", "113119480", "112117790", "104116980", "108118520", "103120780", "98110230", "111116990", "108113740", "107121540", "107114780", "111118301", "113121810", "112120290", "107118490", "113121980", "109121410", "111121930", "102116340", "112121010", "102110240", "107120130", "97116800", "108121351", "98108150", "105117351", "108118060", "109119450", "106116370", "97107950", "111116640", "110117140", "100109910", "99111000", "111121351", "98107010", "107120260", "108119330", "106118301", "112120990", "106117650", "112118421", "99109740", "105115570", "112121351", "111118820", "103109641", "97106591", "107115250", "100109330", "99110050", "98111620", "107113260", "102113210", "109117110", "111115620", "101111140", "97106000", "111117200", "99109910", "111119150", "97116410", "110115120", "103111170", "104114320", "107114490", "97109080", "110117080", "113118421", "113120780", "111116750", "99112840", "100108080", "105116090", "109116930", "106115240", "105115250", "106113360", "109115380", "109115211", "103118291", "106119260", "107120880", "113117550", "98109570", "112118930", "97110950", "109113931", "107116300", "104113000", "111117000", "113120601", "99108010", "113119930"], "labels": [0, 1, 2, 0, 2, 1, 1, 3, 1, 1, 0, 1, 3, 3, 3, 0, 2, 0, 1, 0, 3, 1, 2, 0, 0, 1, 1, 3, 3, 1, 3, 1, 2, 1, 3, 0, 1, 3, 3, 2, 2, 0, 2, 3, 1, 1, 3, 0, 0, 3, 3, 1, 0, 1, 3, 0, 3, 2, 2, 3, 2, 1, 2, 2, 0, 1, 3, 2, 3, 2, 0, 3, 0, 0, 1, 3, 2, 2, 0, 3, 2, 2, 0, 3, 1, 0, 1, 2, 1, 3, 3, 0, 0, 0, 1, 1, 2, 0, 3, 3, 0, 3, 1, 1, 2, 0, 0, 2, 3, 3, 0, 2, 2, 3, 2, 1, 3, 0, 3, 2, 0, 1, 0, 1, 2, 0, 3, 0, 0, 1, 1, 3, 1, 1, 3, 1, 0, 1, 0, 2, 2, 1], "predicted_labels": [0, 0, 3, 0, 1, 3, 3, 0, 0, 1, 3, 1, 1, 0, 1, 1, 3, 1, 3, 1, 0, 1, 1, 3, 1, 0, 1, 0, 3, 1, 1, 3, 3, 0, 3, 3, 3, 1, 0, 2, 0, 2, 3, 2, 1, 1, 1, 3, 0, 0, 0, 2, 1, 1, 1, 3, 0, 3, 0, 3, 2, 1, 1, 1, 3, 0, 3, 0, 2, 0, 0, 3, 1, 0, 1, 3, 3, 3, 0, 1, 2, 3, 1, 1, 1, 0, 0, 0, 3, 3, 1, 0, 0, 3, 3, 1, 1, 0, 2, 1, 2, 3, 3, 0, 3, 3, 3, 2, 3, 2, 3, 0, 0, 0, 1, 3, 0, 0, 0, 3, 1, 0, 2, 0, 0, 0, 3, 3, 1, 0, 2, 2, 3, 0, 3, 0, 1, 3, 3, 2, 1, 1], "confidence_scores": [[0.9740811962198396, 0.0072989017744051555, 0.01859097006504561, 2.8931940709668367e-05], [0.9986602396918847, 0.00013122281171765933, 1.1935472582302985e-06, 0.0012073439491397241], [0.15375352450174384, 0.0002432652692171567, 0.003698360052734736, 0.8423048501763043], [0.9969918289688086, 0.002610097936337235, 2.5299068166237726e-05, 0.000372774026687818], [0.22962050501100223, 0.6023588339646047, 0.13080246154641442, 0.037218199477978796], [4.243089755153182e-06, 6.405107775919118e-05, 4.382668602023618e-05, 0.9998878791464654], [3.8175753454609135e-08, 0.0013489664094459692, 0.002194549880863369, 0.9964564455339372], [0.9063502652055844, 0.003377976623602493, 0.0007742357062246975, 0.08949752246458823], [0.519974559950903, 0.48002256368388585, 1.7552930967438518e-07, 2.700835901391879e-06], [8.32114834852759e-06, 0.9999705981622055, 1.5168780567144701e-09, 2.10791725680224e-05], [0.0005178467319395403, 0.0030455789424300786, 5.888763089650054e-05, 0.9963776866947339], [0.02767458961945973, 0.9723070463552498, 1.8354580495842473e-05, 9.44479476867916e-09], [0.014754187819573193, 0.9279964227084323, 0.04845191151963772, 0.008797477952356823], [0.9911374315647996, 0.008799244817638168, 3.738552387264948e-05, 2.5938093689509413e-05], [0.00023508302250319858, 0.9997500162929995, 8.217857030045659e-11, 1.4900602318698398e-05], [0.017089998871378465, 0.943607784983067, 1.8637693531837396e-06, 0.03930035237620126], [0.005930659503533902, 0.18132960040804463, 0.00917545676439351, 0.803564283324028], [0.3540053172603801, 0.5805254457202691, 0.0010955380216691513, 0.06437369899768175], [0.07431512652605926, 1.5313961849493232e-05, 3.9188790907297204e-08, 0.9256695203233003], [0.01324641575463244, 0.9782386948600708, 0.0020339179496341097, 0.006480971435662636], [0.996898502232628, 0.0015592401368050555, 0.0002893330374453234, 0.0012529245931217521], [6.0464936939936364e-05, 0.995869157001506, 3.060897548565393e-05, 0.004039769086068542], [1.1748652596478324e-06, 0.999887346696628, 9.565157700932112e-06, 0.00010191328041142269], [1.169152012543468e-05, 0.011276614300325265, 3.479687028197822e-05, 0.9886768973092673], [0.00661452836524723, 0.8536217159312238, 0.12922085520909224, 0.010542900494436723], [0.8755655972491481, 1.0220877197822717e-06, 0.003374304385828506, 0.12105907627730365], [0.05161822591204179, 0.8638000887063921, 0.002941931400602717, 0.08163975398096315], [0.9990889540894176, 0.00022640363699684356, 0.0004972408296334533, 0.00018740144395227028], [1.5891136304933605e-05, 5.6064927950051735e-06, 0.0002773633431052721, 0.9997011390277947], [0.3229589533946259, 0.40999754885452083, 0.018199924597099414, 0.2488435731537539], [0.023109263275440464, 0.9163694399849297, 0.058165348492320586, 0.0023559482473091923], [1.0932318808031014e-06, 0.0012963233505524398, 4.1830458145583376e-08, 0.9987025415871087], [0.0010896224300976922, 0.15116220866369254, 0.010365156626713496, 0.8373830122794962], [0.9911964993112963, 2.332484657567629e-07, 0.002713000788423727, 0.006090266651814131], [0.12640073749968622, 0.002256892268549765, 7.509915851378345e-08, 0.8713422951326054], [1.2129815958885635e-07, 0.0002695280178492343, 1.4110354990959696e-08, 0.9997303365736363], [1.072378230077313e-10, 1.4636587239630067e-05, 3.6664344671897884e-07, 0.9999849966620757], [1.245142937824231e-08, 0.9997336088027585, 0.0002662740282327025, 1.047175792993221e-07], [0.9703406958437353, 0.02965929053775617, 2.1012372553973845e-09, 1.1517271365763625e-08], [0.006791316715847681, 5.604397434915544e-07, 0.9932078198494265, 3.0299498237637365e-07], [0.930526959689601, 0.029997998697214767, 0.0007579671460300461, 0.03871707446715419], [0.016718268280732435, 0.010162319947446753, 0.8059163391996039, 0.16720307257221684], [5.8660459458326354e-06, 0.0006842522824328678, 0.2736538225158562, 0.7256560591557653], [0.34221256618037477, 0.12473542166130809, 0.5266033654313345, 0.006448646726982605], [0.43791292672151977, 0.5577490018260538, 0.0028387650498972396, 0.0014993064025291913], [0.0032488673482628906, 0.943150017106406, 0.0395853713301254, 0.014015744215205732], [2.7286330178285716e-05, 0.999851626032369, 0.00010530041702189248, 1.578722043109013e-05], [0.0003212006931535134, 1.869865137400743e-06, 1.661706405886848e-05, 0.9996603123776502], [0.5085457273339298, 0.3677864715829396, 3.177552702991016e-05, 0.1236360255561007], [0.9999792422098598, 4.30160017572797e-06, 2.0225255235926012e-07, 1.625393741220721e-05], [0.6244670919516447, 0.1370723665585364, 0.03302389308918981, 0.20543664840062908], [5.752966953603604e-07, 0.0021897712824417797, 0.9814617750060385, 0.01634787841482449], [0.0001053854471596522, 0.9998389208155061, 5.4993137807745135e-05, 7.005995264813988e-07], [0.202695865110242, 0.7814529854332936, 0.001996819299266931, 0.013854330157197422], [0.0004065208713810933, 0.9988423993633145, 0.000748045837081036, 3.033928223443081e-06], [0.0038109975745586337, 0.0002049807555631828, 0.016987994582437976, 0.9789960270874403], [0.9996441343637551, 2.996968626162823e-05, 0.0003179441812360146, 7.951768747248902e-06], [0.11466632952575828, 0.1053602176036768, 0.016696739130686485, 0.7632767137398785], [0.9262926460695214, 0.05853564230068794, 0.012513423487918658, 0.0026582881418717934], [0.18018383717104083, 0.17664876604389956, 0.0004348527784663793, 0.6427325440065932], [0.0004465348826539252, 0.02332455903947361, 0.9762277136427434, 1.192435129012875e-06], [0.08752815019389823, 0.8232591324792133, 0.08920339361795797, 9.323708930359851e-06], [2.550812917827807e-06, 0.9999899678297874, 7.448962747042119e-06, 3.2394547860040215e-08], [8.531237303683428e-06, 0.948278565610701, 7.4928869780294326e-06, 0.051705410265017314], [0.002762695347274078, 0.00012778788964559713, 3.0985205704027267e-05, 0.9970785315573762], [0.9588035126359151, 0.0009174172323761842, 0.0004771410163382119, 0.03980192911537054], [0.0019698347850087383, 0.001988824307117192, 0.27190994766742554, 0.7241313932404486], [0.7957080772554295, 0.00048589643854337136, 1.670342662311327e-05, 0.20378932287940404], [0.0046886086124316865, 0.011366813300686125, 0.9786767281772969, 0.005267849909585191], [0.8491324036010512, 0.15049533400030962, 0.00037193461533410624, 3.2778330496938893e-07], [0.9999157498469751, 6.0324011971068465e-05, 1.0512065974563222e-05, 1.341407507919574e-05], [3.195072282337211e-07, 1.1730910242322196e-05, 1.3225867659405984e-07, 0.9999878173238529], [3.620918636639358e-05, 0.9998851990411939, 2.1306257799123515e-07, 7.837870986163626e-05], [0.9989318066174893, 1.0744730479247628e-07, 2.529935151961326e-05, 0.0010427865836864193], [0.010060770075994522, 0.9892751709450043, 0.0006588606032983059, 5.198375702934292e-06], [9.352801703445884e-06, 0.00046292193913536885, 0.27183700571680597, 0.7276907195423551], [0.286635028593279, 0.2145615202944059, 0.08049694325792228, 0.4183065078543929], [0.0022523817201068864, 0.002166029778166289, 0.00036285981326981726, 0.995218728688457], [0.9749047625564664, 6.530253902209919e-05, 0.02502993416414223, 7.403691558254402e-10], [0.03740276425258692, 0.856306325133573, 0.00030507125386474316, 0.10598583935997534], [5.4139290618622894e-05, 0.00043503610173773073, 0.9995107207144037, 1.0389323986781128e-07], [3.058557097162423e-06, 0.010863918084515634, 0.028606274140804064, 0.9605267492175831], [0.00021231693057885518, 0.9504202996957087, 9.782487434223237e-08, 0.049367285548837986], [0.07359610526483304, 0.5653580660268741, 7.978261698128424e-05, 0.36096604609131167], [0.17649760601031161, 0.8233263008746271, 1.8875878470157865e-05, 0.0001572172365909622], [0.8945153974805412, 0.0659349227282774, 0.03493513703898071, 0.0046145427522006855], [0.999911246937858, 8.77575994960342e-05, 1.0949935292491067e-09, 9.94367652476992e-07], [0.9965447925322924, 0.0002913385561962304, 1.1535649897119973e-05, 0.003152333261614426], [0.0007141758171137168, 0.029701467671145777, 0.035469556549308036, 0.9341147999624325], [0.07622046340541422, 0.3533435598007151, 0.00027511283209938163, 0.5701608639617713], [7.394384822112523e-06, 0.7947623271010303, 0.2043253419548096, 0.0009049365593377463], [0.7434555377862012, 0.004633173817299512, 0.06079856153147653, 0.19111272686502256], [0.9999998259561161, 1.1260942528078115e-08, 1.4818202656742063e-08, 1.4796473859039138e-07], [0.016495833202075774, 1.8268434491823156e-06, 4.539530390389338e-09, 0.9835023354149447], [4.242005860435088e-10, 4.12924640422183e-08, 0.0003761469140590307, 0.9996238113692765], [6.90234517917113e-06, 0.7728834581986258, 0.20281488015840543, 0.02429475929778966], [0.009708355104022402, 0.9574111217737065, 0.031830222940460055, 0.0010503001818109616], [0.999579623131788, 0.0003525777694545121, 2.8155654114492308e-05, 3.9643444642763675e-05], [8.537092194690824e-06, 0.006551945891452958, 0.8239191519452496, 0.1695203650711028], [0.0006215305095840901, 0.8098697513266775, 0.16055693451189512, 0.028951783651843255], [0.0005102687707799182, 0.2986967277864818, 0.6612522429944998, 0.03954076044823848], [3.0245269456525868e-05, 0.0005963058501786498, 0.0031630577748463524, 0.9962103911055185], [0.07536475803029066, 0.005307647747550156, 0.0008188886172040003, 0.9185087056049551], [0.5087222534238097, 0.0006408010959656538, 0.011785461849269381, 0.47885148363095514], [0.000531601340121945, 1.6763381599002457e-05, 0.00024569375931051286, 0.9992059415189686], [0.0035114463456432667, 0.0280147920781878, 0.20011868923409562, 0.7683550723420733], [1.8654689850304667e-06, 0.08740584378954813, 2.2415744802151247e-09, 0.9125922884998924], [1.200494107385819e-06, 5.8669115535816566e-08, 0.9999987220277521, 1.880902497475481e-08], [0.0016777840040838308, 0.0012847234864460987, 8.130091373189086e-07, 0.9970366795003327], [0.004841755993697424, 0.14198119544777899, 0.8349610463901314, 0.01821600216839209], [0.10952408584095309, 3.849214873445271e-05, 0.017222447965958804, 0.8732149740443536], [0.8767630692564253, 0.012841205973965552, 0.11023399583755895, 0.00016172893205021246], [0.556610476386706, 0.4312062085664562, 0.011793555585452037, 0.00038975946138564474], [0.7801356415568194, 0.11075450665287218, 0.04020255070958284, 0.06890730108072565], [7.201913483548455e-07, 0.9987392328198691, 4.7782522477587464e-06, 0.0012552687365346203], [0.0015149742707039127, 0.3917974491889981, 0.17818416271444273, 0.42850341382585533], [0.9937381793573444, 0.001040911029975204, 1.6983325053636146e-08, 0.005220892629355306], [0.9736615903595269, 0.02469769765355641, 3.493305390671687e-06, 0.001637218681525913], [0.6693088814504293, 1.7592361589408674e-05, 0.04921849109812439, 0.28145503508985686], [0.0002758594162807354, 0.0013326610224211049, 2.541772889329191e-05, 0.9983660618324047], [2.461858547471729e-06, 0.9999252114229954, 8.337187207320872e-06, 6.398953124974629e-05], [0.5474679832743796, 0.1264743629703385, 0.0001752600014069299, 0.3258823937538749], [0.0010589189959439894, 7.713491113033654e-09, 0.9989393338754629, 1.7394151020160745e-06], [0.9999759355181508, 1.5097857809059418e-06, 2.0687546049846914e-05, 1.867150018470383e-06], [0.568220856505225, 0.4240732181271597, 0.0007222437843056928, 0.006983681583309535], [0.9983066983320759, 0.001693301233092075, 1.0806200935410922e-11, 4.240258114785049e-10], [7.012500792585734e-06, 0.00011829320290075146, 0.007631480505309112, 0.9922432137909977], [1.1583001172414729e-05, 3.2655157317994027e-09, 1.772936258061286e-10, 0.9999884135560182], [1.611446480932382e-05, 0.7640989900861734, 0.23338694960706755, 0.002497945841949587], [0.9975192335451379, 0.0002051500813303468, 0.0019990113391058295, 0.0002766050344258735], [0.0018949356815605388, 0.0005194973258976784, 0.929369490227034, 0.06821607676550777], [0.03685225213600537, 0.0014444117673726357, 0.8804490479848766, 0.08125428811174543], [4.755484850129381e-05, 3.751853678847477e-05, 1.1529287536452952e-07, 0.9999148113218349], [0.9812336430764612, 0.007386949699042061, 0.0006217207586782456, 0.010757686465818558], [0.3577825470965583, 0.014034362080920099, 0.2554123332084039, 0.3727707576141177], [0.965099920082803, 0.0347877339578609, 7.135617584972067e-07, 0.00011163239757760179], [0.01739306387451218, 0.9810598683955473, 0.00019648369464734158, 0.001350584035293166], [0.16911857008307402, 6.830341938698669e-09, 0.1880693634282549, 0.6428120596583291], [0.013914340873982729, 3.956334323356725e-06, 0.0006830175430982422, 0.9853986852485956], [0.028800129933896138, 0.24351502537709513, 0.7270567410959959, 0.0006281035930127683], [4.754669621689312e-06, 0.9841461263749776, 0.015826864413070546, 2.225454233032023e-05], [0.2716072629959665, 0.7178299181234616, 3.9854502982891436e-05, 0.010522964377588961]]}, "rewritten": {"ids": ["97106000", "97106591", "97107950", "97109080", "97110950", "97113260", "97116410", "97116800", "98107010", "98108150", "98108970", "98109570", "98110230", "98111620", "98120530", "99107630", "99108010", "99108080", "99108330", "99108710", "99109141", "99109740", "99109910", "99110050", "99111000", "99112840", "100108080", "100108490", "100109330", "100109801", "100109890", "100109910", "100111390", "101108460", "101109000", "101111140", "101116130", "102110240", "102112250", "102113210", "102113350", "102116340", "102117351", "102121700", "103109641", "103110100", "103111170", "103113260", "103118291", "103120531", "103120730", "103120780", "104111531", "104113000", "104114320", "104116980", "105113330", "105115250", "105115570", "105116090", "105117351", "106113360", "106115240", "106116370", "106117650", "106117770", "106118301", "106119260", "106121220", "107113260", "107114490", "107114780", "107115250", "107116300", "107116501", "107118490", "107120130", "107120260", "107120880", "107121540", "108113740", "108118060", "108118520", "108119330", "108121351", "109113931", "109115211", "109115380", "109116930", "109117110", "109117600", "109117730", "109119450", "109121410", "110115120", "110115140", "110116290", "110116501", "110117080", "110117140", "110118181", "110118701", "111115400", "111115620", "111116640", "111116750", "111116990", "111117000", "111117200", "111118301", "111118820", "111119150", "111120220", "111120531", "111120540", "111121351", "111121930", "112116451", "112116610", "112117030", "112117790", "112118421", "112118511", "112118930", "112120290", "112120640", "112120990", "112121010", "112121351", "112121410", "112121430", "113117550", "113118421", "113118620", "113119360", "113119480", "113119930", "113120601", "113120780", "113121810", "113121980", "113122170"], "labels": [0, 1, 2, 2, 3, 1, 3, 0, 3, 0, 3, 1, 3, 3, 1, 2, 2, 3, 1, 2, 3, 3, 2, 3, 2, 2, 0, 2, 0, 0, 3, 2, 2, 0, 1, 2, 2, 3, 0, 3, 3, 3, 1, 1, 1, 1, 2, 3, 0, 3, 1, 1, 0, 1, 2, 1, 3, 2, 0, 1, 0, 0, 1, 2, 1, 0, 1, 1, 1, 0, 3, 2, 2, 0, 1, 2, 2, 1, 1, 2, 3, 1, 0, 0, 3, 1, 0, 3, 0, 1, 1, 3, 3, 0, 0, 0, 2, 3, 1, 3, 1, 3, 0, 1, 0, 3, 0, 0, 0, 3, 0, 3, 3, 0, 1, 0, 1, 0, 1, 2, 3, 3, 1, 1, 1, 0, 2, 2, 0, 0, 2, 3, 3, 3, 0, 3, 1, 2, 0, 2, 2, 1], "predicted_labels": [3, 2, 3, 1, 3, 3, 3, 0, 1, 1, 1, 3, 1, 1, 3, 1, 1, 0, 1, 1, 0, 2, 2, 3, 3, 3, 1, 0, 0, 3, 0, 2, 3, 3, 3, 0, 3, 0, 2, 3, 3, 3, 3, 1, 3, 0, 2, 3, 1, 0, 1, 0, 3, 0, 1, 2, 0, 0, 0, 0, 0, 0, 0, 3, 3, 1, 0, 0, 0, 0, 1, 2, 1, 0, 0, 1, 2, 1, 2, 0, 0, 0, 1, 0, 3, 1, 3, 2, 2, 0, 0, 0, 2, 0, 3, 3, 2, 3, 2, 1, 0, 0, 0, 0, 0, 0, 0, 0, 3, 0, 3, 3, 0, 3, 0, 1, 3, 0, 1, 0, 2, 0, 1, 0, 1, 2, 0, 0, 0, 2, 0, 2, 3, 1, 0, 0, 3, 1, 3, 1, 1, 3], "confidence_scores": [[0.08588033897965724, 0.1558640182626772, 0.0011599834372504887, 0.757095659320415], [0.00010765922846218115, 0.0001922648880114634, 0.9996996342890371, 4.415944893540313e-07], [0.02505822756787952, 0.3893085961117349, 0.0017610935132288173, 0.5838720828071567], [2.2201327305941847e-05, 0.9998899375798592, 5.3268402127422065e-05, 3.4592690707419194e-05], [0.0021517446755389626, 0.0002944876031226254, 0.007144354063235945, 0.9904094136581024], [1.5627215672143672e-11, 3.981706129830729e-05, 6.068689088025136e-07, 0.9999595760541657], [4.7033653502583955e-06, 0.00019823226215529688, 0.009478726289939841, 0.9903183380825547], [0.5098282804246306, 0.001657447354627815, 0.4885092907016398, 4.9815191018499936e-06], [0.07376639736334224, 0.7553154263957944, 5.126849591934057e-06, 0.17091304939127144], [5.386617992007428e-08, 0.9999998920313079, 1.1185680153919899e-09, 5.2983944203933236e-08], [3.347361093283126e-09, 0.9995124738945008, 0.00048752275172389504, 6.4144340527035656e-12], [0.0018860310920857004, 3.098414697632637e-06, 1.3400156632404623e-05, 0.9980974703365844], [0.24246574118470507, 0.754395584299515, 0.002534423487443714, 0.0006042510283362616], [0.0005277017390296097, 0.5798206360563105, 0.33178064891736475, 0.087871013287295], [0.00018639180508305282, 0.011774925538664948, 5.024363978733554e-09, 0.988038677631888], [0.08454955614846134, 0.7187794082672977, 0.007583345753920108, 0.18908768983032082], [1.79820748396303e-07, 0.7102221838826132, 0.28977738314456325, 2.531520752833003e-07], [0.9123545862748448, 0.05932550601789762, 0.00031682770955567577, 0.02800307999770191], [0.08744635388679914, 0.8475784917265603, 0.009942649777875618, 0.05503250460876497], [6.224524227515152e-05, 0.9997044578362332, 4.588674549422759e-06, 0.00022870824694210345], [0.912542405691946, 0.0010825733536217585, 0.0863212726725577, 5.37482818746611e-05], [1.972195896031856e-06, 0.21062406978746095, 0.4231045930233867, 0.3662693649932563], [0.11201941734651412, 1.2369679678479063e-05, 0.8879681938729147, 1.910089267333326e-08], [0.16571693687569566, 0.0015662315344583074, 0.040222990396476165, 0.79249384119337], [1.0180356242358221e-06, 2.0813897500025825e-05, 0.0021138399499004376, 0.9978643281169752], [2.3938456359595574e-06, 0.0008191454344879569, 1.1559231458605546e-05, 0.9991669014884175], [0.11759560438403817, 0.8809073822338072, 5.188387204807685e-06, 0.0014918249949498873], [0.5567367940161724, 0.24042626936497755, 0.0729504545024608, 0.1298864821163893], [0.9908153774593851, 0.0001477861300432348, 0.008955338714128902, 8.149769644277934e-05], [0.008912447666171653, 0.03461032990821406, 0.0005272915278924561, 0.9559499308977218], [0.6048108267101168, 0.19363590170689587, 0.19455108198383733, 0.007002189599150118], [0.04673638290246034, 0.006855519860833699, 0.9463286887648218, 7.940847188414467e-05], [7.76305467833571e-05, 0.08820590196796727, 0.00059039643693707, 0.9111260710483123], [1.0512489974732103e-05, 0.00428026749531664, 0.00046768925675518924, 0.9952415307579533], [1.117078105680464e-05, 0.0004550893703915799, 0.11097121484846086, 0.8885625250000908], [0.9939945293690211, 0.0006948648165012079, 0.001405183761558997, 0.0039054220529186395], [0.0014527070080944918, 0.0006749084239096514, 0.13831896971057434, 0.8595534148574215], [0.6583419775570932, 0.0011239151575482321, 0.34034549063379316, 0.0001886166515654433], [0.000193471018828712, 0.4679559364562471, 0.4792572649784847, 0.052593327546439556], [0.00021489489644788105, 0.012099995151754805, 0.009612157637375529, 0.9780729523144217], [0.0003350245302681274, 1.6718591609449225e-07, 5.655190458437185e-05, 0.9996082563792315], [0.0003380841471238466, 0.00023147203779318347, 0.043411320544415245, 0.9560191232706677], [0.015369387622950061, 1.1435138371053244e-05, 7.415344760874838e-09, 0.9846191698233341], [0.008356365418593255, 0.9849213159433314, 0.00669306729711902, 2.925134095630565e-05], [8.055837038725604e-06, 5.379081358407462e-05, 0.0940010997180978, 0.9059370536312794], [0.9999525595856568, 1.9411657851255375e-08, 3.592466134713624e-07, 4.7061756071872863e-05], [0.008046655331941667, 0.0024228686000874852, 0.9894740263111336, 5.644975683726769e-05], [7.672393124357043e-05, 0.2838948303863914, 0.054010882338165554, 0.6620175633441995], [0.0007738547815202595, 0.8659893181331955, 0.1332132370923443, 2.3589992939985653e-05], [0.7526733579175602, 0.17532449776821457, 0.030229219591648468, 0.04177292472257673], [1.3078592336720156e-09, 0.9983930573876083, 7.364444711547368e-10, 0.001606940568087917], [0.975565227247528, 0.00408060419330145, 0.0005259689043627247, 0.019828199654807893], [6.17010721905727e-07, 7.572277156720041e-05, 6.315590780570914e-07, 0.9999230286586328], [0.9825837168672343, 1.2668619234701927e-11, 0.017402905544780578, 1.3377575316388241e-05], [0.016115766938127784, 0.8969463568866879, 0.02047247858936276, 0.06646539758582158], [7.022586930657793e-05, 0.014720766554537126, 0.49985395738558575, 0.4853550501905707], [0.985991730140815, 6.960312847168903e-07, 0.01400660109717919, 9.727307209682047e-07], [0.9547326613138432, 0.0012035748322565371, 0.042651701946432544, 0.0014120619074678507], [0.9953377745731925, 5.966335407150512e-05, 0.0036829590773104406, 0.0009196029954254238], [0.9983292056322972, 0.0006071528487741843, 6.221389223775487e-05, 0.001001427626691044], [0.999997369683708, 2.2377382541455555e-10, 8.25423544525347e-08, 2.547550163728312e-06], [0.9923769404734079, 0.007614659392759818, 8.388308928317858e-06, 1.1824903946686485e-08], [0.9999888639619173, 8.094800742352328e-08, 7.481086825856737e-06, 3.574003249184071e-06], [0.007641045889342005, 0.052887313622791525, 0.019508788720589604, 0.9199628517672769], [0.0002417008859283826, 0.002599367525519441, 0.0015129434507518884, 0.9956459881378004], [0.25579362794090404, 0.7207762359913008, 0.002996333845440103, 0.02043380222235507], [0.9878072023651792, 0.012018863425374846, 7.939816002457937e-06, 0.00016599439344353796], [0.9992957569931367, 0.0006955047242705912, 8.488023516876376e-06, 2.502590758436202e-07], [0.9932877926118969, 1.3448395996489317e-09, 7.524721978193007e-06, 0.006704681321285288], [0.8781808403455958, 0.03235488197874203, 0.0893002673812916, 0.00016401029437041246], [0.001751466680648736, 0.997780555207986, 0.0003364835632887097, 0.00013149454807666452], [0.04264160751840729, 0.222444567039411, 0.6960047686365166, 0.038909056805665095], [0.03758956987158062, 0.9595575862277619, 0.0023110605451727756, 0.0005417833554847351], [0.9423787775229229, 0.026789269235144044, 0.026997291291468, 0.0038346619504651667], [0.9998964962308836, 8.762194017606223e-05, 3.1401492626320016e-07, 1.5567814013998136e-05], [1.9535288795870914e-07, 0.9999993764848432, 3.148617438495825e-07, 1.1330052526058086e-07], [0.02030011559678031, 0.28611988629341345, 0.6583798661629976, 0.03520013194680862], [0.2444549573894831, 0.7551148018860732, 0.00042985346142079774, 3.872630228244089e-07], [0.12367260654664793, 4.13239009750127e-05, 0.8762251404324223, 6.092911995486014e-05], [0.9926522617148721, 6.623430263932442e-05, 0.0001413499447343607, 0.007140154037754119], [0.9999041200684675, 5.324051693151544e-08, 9.565732501043726e-05, 1.6936600514585645e-07], [0.9639312410613506, 0.030967104051309858, 0.005101206306516163, 4.485808233897999e-07], [0.0005518830981422593, 0.9883142627028456, 0.011133499605093114, 3.5459391885227076e-07], [0.9810409251886737, 9.088311631266786e-08, 0.00042152411034425505, 0.01853745981786582], [2.5438909801887757e-05, 0.0022966378918271232, 5.305969245343516e-05, 0.9976248635059175], [0.47346372063248116, 0.525523910673963, 7.19145292238643e-05, 0.0009404541643320001], [7.478608355844129e-06, 2.9612219096388334e-06, 4.046196701116445e-11, 0.9999895601292726], [0.0004503739883754476, 0.008751188874295417, 0.9749120554594, 0.01588638167792937], [0.000260734782412363, 4.649720578411453e-08, 0.9997370661680622, 2.1525523197223093e-06], [0.8130610879098834, 0.029308808871484664, 0.13730799142769845, 0.020322111790933385], [0.6685479625367051, 0.011322866524803524, 0.06389942371304533, 0.25622974722544595], [0.9997870580616515, 0.00021066096236285395, 2.2695760561182918e-06, 1.139992944527023e-08], [0.00013350387291411373, 0.0001778994889064263, 0.9566093242360131, 0.043079272402166344], [0.9841987252591147, 1.2173144967125832e-07, 0.00011188279647760862, 0.015689270212958007], [0.23664424140885032, 0.00013404737470775323, 0.14420842036612472, 0.6190132908503172], [0.3891171601128935, 0.06376938403761373, 0.011989431980641745, 0.5351240238688512], [0.04099963831445202, 5.329453502490967e-07, 0.9589998234500454, 5.290152344114791e-09], [0.002503719907391324, 0.0229808098550487, 4.219605299709534e-06, 0.9745112506322603], [0.30147517876283014, 0.005841411901145364, 0.45254210380712906, 0.24014130552889537], [0.003703039655573304, 0.9871867826305452, 0.0004921912051533747, 0.008617986508728073], [0.9567650856507948, 0.04323487630369519, 1.7445812627109117e-08, 2.059969711396539e-08], [0.9893450518055525, 0.002027597935240446, 0.008557165898651183, 7.018436055584135e-05], [0.7424314484710735, 0.00018060104008147646, 0.2573669989831821, 2.095150566307978e-05], [0.9623181362448104, 1.2853112987735225e-06, 0.003136933105336571, 0.03454364533855417], [0.8910273858564689, 0.0005004081454503379, 0.1084721903997134, 1.5598367556336398e-08], [0.674867025691283, 4.622280883527378e-06, 0.00810642016483185, 0.31702193186300165], [0.9982007985349017, 6.26651923874942e-05, 0.0003349126604733378, 0.001401623612237529], [0.5181464491043204, 0.00018987926712948656, 0.12888516955099105, 0.3527785020775592], [7.750382170409556e-05, 0.15435541437831332, 4.937495044729003e-05, 0.8455177068495353], [0.9927134186528535, 0.005470455043698104, 0.0012388044416665658, 0.0005773218617816422], [0.0001760430529816388, 3.288491113415167e-05, 9.79980117687697e-09, 0.999791062236083], [0.00015972227825890886, 3.587731498729573e-05, 4.5917227471926365e-06, 0.9997998086840066], [0.6192837844271599, 0.38071620750519686, 6.25596642786168e-09, 1.8116767567173242e-09], [4.8601297544434806e-08, 0.027042828767422922, 5.9099527175285135e-06, 0.972951212678562], [0.9070427734844528, 0.0012969885371129843, 0.09154066090408051, 0.00011957707435368774], [1.6124861497629167e-06, 0.9985261188825174, 3.511102356927066e-07, 0.001471917521097025], [0.4025961470063238, 0.00010178992692728511, 0.07343035663916005, 0.523871706427589], [0.9998243765171491, 0.000175037946387149, 5.823905597863567e-07, 3.1459040398656132e-09], [0.0032976757408105027, 0.9543031107273516, 0.015792914355975345, 0.02660629917586252], [0.9988497530192728, 4.653392474484022e-06, 0.0001680221055374692, 0.0009775714827151537], [0.37749111235553, 0.023455427653429173, 0.44921609456794087, 0.14983736542309986], [0.9468073513935309, 0.023128649658333902, 9.394360558335501e-07, 0.03006305951207946], [4.9843987990886074e-05, 0.9999487305361104, 3.199336315275831e-08, 1.3934825354818552e-06], [0.9927287216910742, 6.724526408379265e-06, 0.0015511418904086297, 0.005713411892108931], [0.18954294093338875, 0.7749602046416046, 0.035492711187905895, 4.143237100596919e-06], [0.05857365260812897, 0.0009286006673118311, 0.8072088346070299, 0.13328891211752938], [0.761040105089336, 0.23884526583862262, 2.3708740330923255e-05, 9.0920331710382e-05], [0.9999559024892708, 3.372995138003706e-05, 6.790427405795758e-07, 9.68851660849077e-06], [0.9999958130079522, 2.697971356034024e-06, 1.320626251095221e-06, 1.6839444074242877e-07], [0.20030256692042045, 0.3903631747786911, 0.40923000603740545, 0.0001042522634831155], [0.974862745384965, 0.02463039908727816, 0.00012784043401974923, 0.0003790150937371096], [0.01831112070229774, 0.00044249609649909345, 0.8828547040745802, 0.09839167912662289], [0.07779729873689699, 0.015360757698426653, 8.636358955275851e-05, 0.9067555799751237], [0.00882903011264856, 0.9911702416202288, 9.521484725543022e-11, 7.281719077491953e-07], [0.9862454456318952, 0.008229439296344641, 0.0042041111814068504, 0.0013210038903533033], [0.9999517576381216, 4.6908520071962254e-05, 1.366202411421929e-07, 1.19722156549585e-06], [0.04501852504343156, 0.05002784002792833, 7.272700807156362e-05, 0.9048809079205686], [9.149663366809857e-08, 0.9885286009609902, 0.0009045216265519632, 0.010566785915824238], [0.0020355400127073293, 0.00017416561549443788, 0.004914389780587461, 0.9928759045912107], [0.020906501369516335, 0.8651378646740219, 0.1139556303264665, 3.6299952768447176e-09], [5.261394213422826e-09, 0.9507401775163695, 0.000291542371232003, 0.048968274851004384], [0.019674536655754603, 9.01809606103168e-05, 0.0012992771101258665, 0.9789360052735092]]}}