{"test": {"ids": ["99113260", "103109021", "113119950", "102118380", "102112250", "107113840", "97118210", "112117461", "113120531", "109120540", "112119580", "106115240", "107115140", "103111930", "108114270", "100109311", "98106111", "97112290", "109115211", "111116990", "104113210", "103113610", "111116290", "112116290", "105115900", "112116990", "111120591", "103120531", "112118421", "105115250", "112118701", "97110950", "111116010", "103111830", "108115870", "107120880", "112121360", "104111880", "106116640", "106113170", "99110730", "101111990", "97106820", "101108580", "105113170", "105115680", "98109311", "104111711", "106118161", "107114950", "113117401", "100113370", "101110150", "108118630", "104111380", "103110220", "106114880", "108119550", "107119390", "102109910", "105113620", "107120130", "108115250", "100111080", "109117080", "110114720", "100110050", "99108520", "113118630", "101111620", "97105451", "113121680", "108121410", "113118111", "102113981", "111117571", "99107950", "109119010", "98111620", "111116110", "108118301", "99109910", "98108580", "99109860", "112120290", "97107950", "102110850", "106116820", "113122170", "105121370", "110114651", "101113210", "109113281", "109117431", "111116750", "111120540", "105116090", "113121750", "103117200", "100117420", "110116441", "100109000", "109117630", "109119591", "110118181", "98113881", "100109980", "107113260", "108117610", "110117080", "112118161", "100108080", "107117630", "99108010", "99109311", "103120340", "110114321", "100109890", "102110240", "99111440", "105117431", "111115910", "102110750", "113122320", "98108520", "112121430", "99107500", "97105760", "101109120", "103118110", "111119300", "97107821", "100110260", "105118740", "113122150", "113120070", "112120640", "104113190", "110116501", "113120780", "110121170", "97111790"], "labels": [0, 0, 0, 1, 0, 3, 2, 0, 0, 1, 3, 1, 0, 3, 3, 1, 0, 1, 0, 0, 3, 2, 2, 0, 3, 0, 1, 3, 3, 2, 0, 3, 1, 3, 3, 1, 3, 3, 3, 0, 3, 2, 1, 0, 0, 2, 1, 1, 3, 3, 3, 3, 1, 1, 3, 2, 0, 1, 2, 2, 0, 2, 1, 0, 1, 3, 3, 2, 3, 3, 0, 1, 0, 1, 1, 3, 1, 3, 3, 3, 1, 2, 0, 2, 1, 2, 3, 1, 1, 2, 3, 3, 0, 1, 3, 1, 1, 0, 0, 2, 3, 1, 0, 0, 1, 3, 1, 0, 3, 1, 0, 0, 0, 2, 1, 1, 1, 3, 3, 3, 1, 2, 1, 1, 2, 2, 0, 0, 1, 2, 1, 2, 3, 1, 2, 2, 0, 3, 3, 0, 2, 2], "predicted_labels": [2, 0, 0, 1, 3, 0, 1, 3, 0, 0, 0, 3, 3, 3, 1, 3, 3, 1, 1, 0, 0, 1, 3, 1, 3, 0, 0, 3, 3, 2, 3, 0, 2, 0, 3, 3, 1, 3, 3, 0, 2, 1, 1, 0, 1, 2, 3, 0, 0, 0, 1, 3, 1, 3, 1, 1, 2, 1, 1, 0, 1, 3, 2, 1, 1, 2, 2, 1, 3, 0, 3, 3, 3, 0, 0, 3, 1, 1, 1, 3, 0, 2, 0, 1, 1, 2, 1, 0, 2, 1, 3, 2, 3, 1, 0, 1, 3, 1, 1, 3, 0, 3, 1, 1, 1, 0, 1, 0, 3, 1, 1, 0, 0, 1, 1, 2, 0, 1, 3, 2, 1, 1, 1, 0, 0, 1, 3, 1, 0, 3, 2, 0, 1, 2, 2, 1, 0, 1, 3, 2, 0, 2], "confidence_scores": [[0.14268281008391007, 0.18226936235009128, 0.6622670928115726, 0.012780734754426159], [0.9753806235672242, 0.008668636288336003, 0.006877696825855973, 0.009073043318584008], [0.7265624639273068, 0.0002881367843310802, 0.042615153259096795, 0.23053424602926523], [0.011227650995603881, 0.6698744528560063, 0.02319809182844144, 0.2956998043199484], [0.17552859576406132, 0.017672845557209813, 0.006939220825738804, 0.7998593378529901], [0.6588217305954459, 0.3194429808100544, 0.020146064028334004, 0.0015892245661655782], [0.013822291591997965, 0.8013191285173246, 0.12227520910697533, 0.06258337078370209], [0.03593711279281315, 0.00895183358997828, 0.00024393457462759292, 0.954867119042581], [0.9112849259868477, 0.08485698549304403, 0.0008113196217162842, 0.003046768898392107], [0.8411121711184286, 0.07752023849643942, 0.0548644587400596, 0.026503131645072193], [0.43049131711183247, 0.02633566979901335, 0.23217604785803417, 0.31099696523111997], [0.3592851401936712, 0.0482182637938881, 0.18738792705008123, 0.4051086689623595], [0.2672496885257019, 0.01227485724873608, 0.24931673332945367, 0.47115872089610833], [0.28673269510237553, 0.15789765368353398, 0.05306382268948385, 0.5023058285246067], [0.2669567351202723, 0.6460602038416627, 0.06995976590359278, 0.017023295134472215], [0.20488672690932044, 0.030733740876029716, 0.004139816607259434, 0.7602397156073903], [0.12793097952094387, 0.04289495975482137, 0.06695893667679739, 0.7622151240474374], [0.33795917348571597, 0.5877368776458718, 0.06986577347193233, 0.00443817539648001], [0.060693576279334686, 0.48978366046316374, 0.2533543477991326, 0.19616841545836908], [0.4876280890485877, 0.006005471499146138, 0.020502134081214526, 0.4858643053710517], [0.526646573119988, 0.10350589840204745, 0.3372082864224185, 0.032639242055546074], [0.014123427899316317, 0.7641924524005359, 0.031377566047607934, 0.19030655365254004], [0.015215580008987154, 0.02045053489706024, 0.03079430048140306, 0.9335395846125495], [0.06329256236946963, 0.9169569238181208, 0.0008107032472082573, 0.018939810565201422], [0.18255731591333013, 0.011302887940261751, 0.08660359645923629, 0.7195361996871718], [0.6135644438627154, 0.0005801064065576074, 0.04575663027126236, 0.34009881945946485], [0.7609502191263562, 0.08639131479552928, 0.008799248170432783, 0.14385921790768164], [0.30191967958084687, 0.0548567973133576, 0.18552815133676961, 0.4576953717690259], [0.03274074071487414, 0.0887042280551382, 0.2513214406121307, 0.6272335906178569], [0.09341526322223678, 0.11846450710732986, 0.7306133892077163, 0.05750684046271693], [0.010712050648500662, 0.001099622583668132, 0.0002655620075489927, 0.9879227647602822], [0.9152303697718954, 0.012101380669486843, 0.028158409161801064, 0.04450984039681673], [0.15466227843231498, 0.11341472523959299, 0.6216652048984506, 0.11025779142964137], [0.5578101411386018, 0.1878140235722223, 0.06351983834046297, 0.19085599694871297], [0.2039435379489505, 0.10330569341321098, 0.0879540962813549, 0.6047966723564836], [0.13230864602617504, 0.0369171432595768, 0.008415480381913693, 0.8223587303323345], [0.35911733850881467, 0.5076309897929872, 0.02349662660268558, 0.10975504509551266], [0.002060532301130861, 0.01765356345195032, 0.0010332645397650338, 0.9792526397071538], [0.025722083663962343, 0.22878662369306857, 0.02296815189569117, 0.7225231407472779], [0.8508037160446758, 0.027415275374330167, 0.04191086330757126, 0.07987014527342289], [0.08029619836615369, 0.09236468159148045, 0.7725424042141675, 0.054796715828198186], [0.005886531385850919, 0.6494226211976541, 0.12737182884727413, 0.21731901856922078], [0.11384140930530091, 0.8150563030098816, 0.02883801761620333, 0.04226427006861411], [0.7180862228769727, 0.067295140008536, 0.03311558669972458, 0.18150305041476686], [0.011922040442642393, 0.47739243955952004, 0.08097964375160493, 0.42970587624623274], [0.00031309275377583044, 0.28944103513039987, 0.4989744453888611, 0.21127142672696314], [0.10572478216352378, 0.41281813497878406, 0.04684870247490759, 0.43460838038278454], [0.5932430994674096, 0.3223587814725756, 0.034364176734470564, 0.0500339423255443], [0.8783625672840405, 0.007605764160019774, 0.050118925275042005, 0.06391274328089765], [0.29533546415328227, 0.1780696452181108, 0.26635118219134496, 0.260243708437262], [0.022995413382081737, 0.49927306401547, 0.010385879292977367, 0.46734564330947104], [0.08693612689738534, 0.009753450080794656, 0.008149511256382266, 0.8951609117654379], [0.07796200588782658, 0.5378768729807477, 0.05031845118610446, 0.33384266994532125], [0.23399870044518425, 0.0035531273102706747, 0.18268821704248062, 0.5797599552020645], [0.07442461531442833, 0.9137805191437094, 0.0034863815846486717, 0.00830848395721372], [0.01275553945571092, 0.8890021909885379, 0.08146161973800953, 0.016780649817741633], [0.02970700142553343, 0.36637151763075193, 0.4662731035622742, 0.13764837738144053], [0.004042546748061033, 0.557340940892536, 0.10932476221778009, 0.3292917501416228], [0.027240410373180833, 0.6820701458954552, 0.21058585365069732, 0.08010359008066659], [0.625739850894309, 0.08731328355587487, 0.2679965617189597, 0.01895030383085659], [0.03181123919825207, 0.853147105125607, 0.09927161907466517, 0.01577003660147589], [0.15764088863124645, 0.36615156452016623, 0.004594284909596582, 0.4716132619389907], [0.14293818203570569, 0.11648361856163596, 0.5458203594339239, 0.19475783996873441], [0.09662806820259259, 0.7024916054291684, 0.08205797408315353, 0.11882235228508554], [0.23655712833696466, 0.6203800469498865, 0.051597624014902185, 0.0914652006982466], [0.12244505312762363, 0.017741586456150586, 0.8339567802558941, 0.025856580160331537], [0.20032379872256417, 0.30970624546235836, 0.4651305773793759, 0.024839378435701498], [0.024700147568086715, 0.6229011907035152, 0.19832676162151255, 0.15407190010688548], [0.014870673593320794, 0.31127062127641447, 0.21931499270632837, 0.4545437124239364], [0.7938466435622998, 0.031853126526122544, 0.1259739464268201, 0.048326283484757426], [0.4821260215866602, 0.01233895582540415, 0.0012415825110313327, 0.5042934400769044], [0.11915579182673271, 0.007425919972906543, 0.00493419065634411, 0.8684840975440167], [0.04438757464781752, 0.2559209822084677, 0.0028161730210749547, 0.69687527012264], [0.7031193796670652, 0.22012068914038185, 0.009048701780853527, 0.06771122941169959], [0.6689081884331738, 0.07948932459080472, 0.23837685048245047, 0.013225636493571013], [0.00298293158133291, 0.15558755974469987, 0.06674222374389707, 0.7746872849300701], [0.00011447453336426482, 0.846317875154044, 0.14895927807367026, 0.004608372238921527], [0.028194105755391972, 0.5125443258217932, 0.17475385345995334, 0.2845077149628614], [0.0005009919622293557, 0.7113660319192083, 0.05496442608261581, 0.23316855003594641], [0.12991855741700198, 0.3681988778927072, 0.12514228523947968, 0.37674027945081107], [0.7737759663318914, 0.004728154703879013, 0.1566364881230222, 0.06485939084120732], [0.070162934389679, 0.2623124268523572, 0.6555949131663505, 0.011929725591613151], [0.6018582231024902, 0.34789722190070743, 0.02349421065470645, 0.026750344342095854], [0.008490090771665227, 0.9248945806707841, 0.03502993629396281, 0.03158539226358784], [0.00357864238603473, 0.9356172303937659, 0.04811466617292854, 0.012689461047270811], [0.002331811889241106, 0.035511552221653114, 0.812143220770702, 0.15001341511840377], [0.10371547058422018, 0.6953983927238154, 0.024936353200484863, 0.17594978349147958], [0.5665585291171636, 0.006724975781250763, 0.3578971235150241, 0.06881937158656144], [0.06678321043000979, 0.22278922822574637, 0.658355005449261, 0.05207255589498296], [0.07798175306518443, 0.5483665881653558, 0.3025889095201382, 0.07106274924932164], [0.24409551361988432, 0.041090427632396224, 0.07719641157385955, 0.6376176471738599], [0.034936311908897545, 0.27369903210224417, 0.5140099119320352, 0.17735474405682308], [0.28953210362995574, 0.032234382944868634, 0.15335536159383367, 0.524878151831342], [0.17646747916608904, 0.7585083140085979, 0.014872807762781555, 0.05015139906253154], [0.4998348943736383, 0.2076105239696592, 0.056989769522261945, 0.2355648121344405], [0.3714467842110704, 0.5909541555785683, 0.036042124163309965, 0.0015569360470512248], [0.009260428280284486, 0.016462082182244264, 0.012037236567390622, 0.9622402529700808], [0.18600974062203773, 0.7460009631437996, 0.035866405581031754, 0.03212289065313085], [0.004646922690593335, 0.9867553906970105, 0.0027952063842655714, 0.005802480228130521], [0.028706721419154587, 0.02183164497768664, 0.046613136710395894, 0.9028484968927629], [0.3485185520680425, 0.18787018586861065, 0.28330171300394663, 0.18030954905940022], [0.03487214896035945, 0.15206511842954942, 0.21876676863188965, 0.5942959639782014], [0.3051110706315403, 0.6283270995208897, 0.038521595967880996, 0.028040233879688837], [0.006051428903085999, 0.6596659031973092, 0.01601994937686175, 0.31826271852274296], [0.0857355907185363, 0.8503001727875074, 0.05885455359817871, 0.005109682895777613], [0.9729691510753902, 0.002348496182875724, 0.0022309339892248835, 0.02245141875250921], [0.05203898978004247, 0.48335572377544433, 0.07983086969466235, 0.3847744167498509], [0.6728060515213218, 0.056560533878503225, 0.07811733366105394, 0.19251608093912115], [0.02066424339891172, 0.3059832124690585, 0.24104732640014268, 0.43230521773188707], [0.2706011878662009, 0.4697377404836096, 0.11602866535863819, 0.14363240629155125], [0.16884565439633872, 0.48579068472715514, 0.003548308355331693, 0.34181535252117434], [0.44460341535929015, 0.14784027134388808, 0.21091493178444112, 0.1966413815123806], [0.5391432721168549, 0.02238317382170854, 0.30272300667106117, 0.13575054739037537], [0.01801813664811332, 0.6788256594666728, 0.0097375764446881, 0.2934186274405258], [0.1866938640267058, 0.7570873366185991, 0.010360498076143117, 0.045858301278551956], [0.009915524876461463, 0.019466560699837335, 0.9661924244100444, 0.00442549001365691], [0.5832891592944357, 0.32125119569822247, 0.02841491399967599, 0.06704473100766575], [0.24253369388407484, 0.7444294558674467, 0.0036735968183314424, 0.009363253430147255], [0.24421015696323697, 0.07509567156861181, 0.08093631344775941, 0.5997578580203918], [0.15049620277732423, 0.012339553870939095, 0.6912059711167462, 0.14595827223499055], [0.03582080662680231, 0.5014888485696056, 0.33668369947970467, 0.12600664532388722], [0.05491185479610105, 0.9132517400286155, 0.009459530348148415, 0.022376874827135126], [0.04575701575800288, 0.4056115383494277, 0.35868636325412195, 0.18994508263844742], [0.8451769266175913, 0.06460281482897995, 0.03769017415126176, 0.052530084402167096], [0.6649013900922911, 0.12014085362958057, 0.1520330960537923, 0.062924660224336], [0.008560317408176, 0.9429655359385904, 0.01633293446462381, 0.03214121218860979], [0.0032514242992759063, 0.43960660161803405, 0.11141541040124733, 0.4457265636814428], [0.2783737806786978, 0.6487265244337652, 0.03973717132412873, 0.03316252356340823], [0.8921437760439745, 0.027434430365565456, 0.0014430205016796596, 0.0789787730887803], [0.020814450398823035, 0.01097509683960208, 0.032775737244251764, 0.9354347155173232], [0.09377729826573969, 0.34409167707389116, 0.4307622445287844, 0.13136878013158476], [0.7363218984053669, 0.20480041134250912, 0.03555330982606219, 0.023324380426061827], [0.2550151502775889, 0.5517811785001411, 0.04909981252034119, 0.14410385870192885], [0.0401293341225946, 0.04634935764207967, 0.5467419703676548, 0.3667793378676709], [0.21063356475426642, 0.06067130145549155, 0.677247297889774, 0.0514478359004681], [0.00629842770736211, 0.841501722521875, 0.10430286531796756, 0.04789698445279534], [0.830324749413523, 0.12422828178283811, 0.010387480525791087, 0.03505948827784778], [0.12805397767653634, 0.8404205281090245, 0.010032508224711129, 0.021492985989728125], [0.05230702157193961, 0.4530460736965253, 0.014309063899200962, 0.48033784083233416], [0.13204285239320365, 0.04417066105398296, 0.4844570887537902, 0.33932939779902316], [0.33623202266499347, 0.3346977539626134, 0.11859984411817412, 0.21047037925421913], [0.07784301023704014, 0.05194725930611977, 0.5190057712205199, 0.3512039592363201]]}, "rewritten": {"ids": ["97105451", "97105760", "97106820", "97107821", "97107950", "97110950", "97111790", "97112290", "97118210", "98106111", "98108520", "98108580", "98109311", "98111620", "98113881", "99107500", "99107950", "99108010", "99108520", "99109311", "99109860", "99109910", "99110730", "99111440", "99113260", "100108080", "100109000", "100109311", "100109890", "100109980", "100110050", "100110260", "100111080", "100113370", "100117420", "101108580", "101109120", "101110150", "101111620", "101111990", "101113210", "102109910", "102110240", "102110750", "102110850", "102112250", "102113981", "102118380", "103109021", "103110220", "103111830", "103111930", "103113610", "103117200", "103118110", "103120340", "103120531", "104111380", "104111711", "104111880", "104113190", "104113210", "105113170", "105113620", "105115250", "105115680", "105115900", "105116090", "105117431", "105118740", "105121370", "106113170", "106114880", "106115240", "106116640", "106116820", "106118161", "107113260", "107113840", "107114950", "107115140", "107117630", "107119390", "107120130", "107120880", "108114270", "108115250", "108115870", "108117610", "108118301", "108118630", "108119550", "108121410", "109113281", "109115211", "109117080", "109117431", "109117630", "109119010", "109119591", "109120540", "110114321", "110114651", "110114720", "110116441", "110116501", "110117080", "110118181", "110121170", "111115910", "111116010", "111116110", "111116290", "111116750", "111116990", "111117571", "111119300", "111120540", "111120591", "112116290", "112116990", "112117461", "112118161", "112118421", "112118701", "112119580", "112120290", "112120640", "112121360", "112121430", "113117401", "113118111", "113118630", "113119950", "113120070", "113120531", "113120780", "113121680", "113121750", "113122150", "113122170", "113122320"], "labels": [0, 0, 1, 2, 2, 3, 2, 1, 2, 0, 2, 0, 1, 3, 3, 0, 1, 2, 2, 1, 2, 2, 3, 3, 0, 0, 1, 1, 3, 1, 3, 3, 0, 3, 2, 0, 1, 1, 3, 2, 3, 2, 3, 1, 3, 0, 1, 1, 0, 2, 3, 3, 2, 0, 2, 1, 3, 3, 1, 3, 3, 3, 0, 0, 2, 2, 3, 1, 1, 1, 2, 0, 0, 1, 3, 1, 3, 0, 3, 3, 0, 0, 2, 2, 1, 3, 1, 3, 3, 1, 1, 1, 0, 0, 0, 1, 1, 0, 3, 0, 1, 1, 3, 3, 3, 3, 1, 1, 2, 2, 1, 3, 2, 3, 0, 3, 1, 1, 1, 0, 0, 0, 0, 3, 0, 3, 1, 0, 3, 2, 3, 1, 3, 0, 2, 0, 0, 1, 0, 2, 1, 1], "predicted_labels": [1, 0, 2, 0, 2, 0, 2, 2, 1, 1, 0, 1, 1, 1, 2, 3, 3, 3, 1, 1, 1, 2, 2, 3, 2, 3, 3, 3, 2, 1, 2, 0, 3, 0, 2, 0, 0, 3, 2, 3, 3, 2, 3, 2, 2, 0, 2, 2, 3, 2, 3, 3, 1, 1, 1, 2, 3, 1, 1, 2, 3, 0, 3, 2, 2, 2, 2, 2, 2, 3, 2, 3, 2, 3, 3, 2, 0, 2, 1, 2, 2, 2, 2, 1, 3, 2, 3, 3, 2, 3, 3, 2, 1, 0, 2, 3, 3, 0, 2, 1, 3, 2, 3, 2, 2, 1, 3, 1, 3, 1, 3, 3, 3, 3, 3, 3, 2, 1, 3, 1, 0, 3, 3, 3, 3, 0, 1, 0, 2, 1, 3, 3, 3, 3, 3, 1, 3, 3, 1, 0, 2, 1], "confidence_scores": [[0.027633617040020795, 0.5489642778171456, 0.0015915206917327903, 0.4218105844511008], [0.6281152650661227, 0.31661003872541804, 0.00983118708881777, 0.04544350911964141], [0.1392544914232343, 0.010169202587488496, 0.6808393919659638, 0.16973691402331342], [0.908763735063201, 0.07109009156784646, 0.013450213028095964, 0.006695960340856366], [0.032283606416409594, 0.026960331714581016, 0.7237852287902103, 0.2169708330787991], [0.6146262198626576, 0.013074429646139522, 0.3104829445012168, 0.06181640598998614], [0.06302927779307047, 0.32141950725044854, 0.3913425104483823, 0.22420870450809868], [0.19594604671912563, 0.23084677495287143, 0.43599707287549627, 0.1372101054525067], [0.258179009040143, 0.6940384344304946, 0.018046629799992792, 0.029735926729369526], [0.12580510596810682, 0.48899969702005625, 0.3094511905282437, 0.07574400648359315], [0.6758027411363517, 0.11704442639368261, 0.1953523893289467, 0.011800443141018966], [0.07913469250415885, 0.5659852010042947, 0.13336114594654366, 0.2215189605450027], [0.004881153017668072, 0.926653362615108, 0.0170972722242885, 0.05136821214293551], [0.0004338644017119284, 0.5757428064652574, 0.3006065106473351, 0.1232168184856956], [0.031155214712264685, 0.09388715029871406, 0.5737393060560979, 0.30121832893292333], [0.017614564961212283, 0.008533327182464119, 0.41461930952489306, 0.5592327983314306], [0.0027170833523844826, 0.20215428587851647, 0.20959762372866012, 0.5855310070404389], [0.004741294978014708, 0.05026910832196333, 0.02222939815143273, 0.9227601985485894], [0.009110956674066258, 0.6172503715507095, 0.2284096261289095, 0.14522904564631464], [0.07024573342985418, 0.5892153941569109, 0.20938443103408158, 0.13115444137915325], [0.03291439685332162, 0.7470848509002942, 0.13138302585819064, 0.08861772638819361], [0.0062981942266269846, 0.05535309542686398, 0.8651500931198227, 0.0731986172266865], [0.007863091439024349, 0.4039591938003643, 0.5295730361333786, 0.05860467862723271], [0.02798700977329541, 0.002234930197934903, 0.4085438150251307, 0.5612342450036389], [0.0013584572490312622, 0.029794253104742294, 0.9552802960290815, 0.013566993617145117], [0.051819508875848234, 0.18833487567835647, 0.2359072630261896, 0.5239383524196056], [0.05095115365992122, 0.303912255066015, 0.2861044162358418, 0.359032175038222], [0.27541021415158834, 0.09286173195690642, 0.03478207700399374, 0.5969459768875115], [0.10919018301919473, 0.18904088780746078, 0.6341717787815744, 0.06759715039176999], [0.3251931219880476, 0.5432771794405225, 0.09957214220880435, 0.03195755636262551], [0.09400255371889606, 0.13131444895379396, 0.44788469044186796, 0.3267983068854421], [0.7449579707272163, 0.09650237529846219, 0.08254690210965034, 0.07599275186467114], [0.182015652901701, 0.3166613010268522, 0.08149470183392932, 0.4198283442375175], [0.6165774645134767, 0.07208195282290293, 0.09959159027397327, 0.211748992389647], [0.00953414413443654, 0.11311939248331768, 0.640920651380741, 0.23642581200150478], [0.663964719969023, 0.07810859544977336, 0.20055185386834676, 0.05737483071285697], [0.44063740297419074, 0.16484611987768022, 0.05604131359331978, 0.3384751635548094], [0.06306179558061195, 0.06451285104560964, 0.2963941568384336, 0.5760311965353448], [0.42810203668694896, 0.03592005551032331, 0.5114615397632729, 0.024516368039454742], [0.03155450278468136, 0.12845112096497815, 0.4195621707758685, 0.42043220547447197], [0.1257421511056819, 0.3536357723608178, 0.10544658497258981, 0.41517549156091044], [0.09595536089688861, 0.09316758998096229, 0.6203053751586438, 0.19057167396350527], [0.2764502313179008, 0.028073246012010344, 0.22868806888413679, 0.4667884537859522], [0.00046324225472063276, 0.04778953617740823, 0.9480253808621211, 0.0037218407057500315], [0.04619679249056959, 0.03797237052933253, 0.8169287651769594, 0.0989020718031384], [0.9069082087327393, 0.0040241562492528745, 0.028385456486868278, 0.060682178531139566], [0.09889917984491522, 0.019271828101301087, 0.7587971484310337, 0.12303184362275005], [0.0031282456903620436, 0.0036576952478264376, 0.9597120200625615, 0.033502038999249924], [0.033032533686411736, 0.06162451009145678, 0.08543040876814112, 0.8199125474539904], [0.03288417552891221, 0.08873633129329095, 0.705144995664953, 0.17323449751284384], [0.059328382877832174, 0.11288592986872258, 0.15878469324786873, 0.6690009940055766], [0.023700275592101448, 0.15040711498801204, 0.26038718639735176, 0.5655054230225348], [0.004919420798298261, 0.6382966258521131, 0.08228196079770618, 0.27450199255188257], [0.01705342902517979, 0.8741901415365189, 0.018421677547748174, 0.09033475189055319], [0.07923194359251258, 0.546603217579007, 0.18091341953161746, 0.19325141929686288], [0.22809095102664811, 0.0728719030465179, 0.6015054950827016, 0.09753165084413236], [0.04896750117065224, 0.17246284443218263, 0.18025530966900252, 0.5983143447281627], [0.06479828716322433, 0.8323754771550881, 0.08333459245287922, 0.01949164322880826], [0.1219062101834732, 0.6749219177605527, 0.08028717776463236, 0.12288469429134191], [0.003360511372859964, 0.032489838843112094, 0.5253121165868972, 0.43883753319713065], [0.010156238747717716, 0.21992812273038628, 0.38493907730500476, 0.3849765612168913], [0.4345420835109655, 0.11577538514345438, 0.049637389768093634, 0.40004514157748655], [0.008251083049466234, 0.01897104050796208, 0.16841857892266113, 0.8043592975199105], [0.05930949785847259, 0.3157520969368967, 0.5669348528378998, 0.05800355236673077], [0.022099417115494964, 0.009592254863307306, 0.8225078853848014, 0.14580044263639644], [0.00044512647396377844, 0.0028314397230469607, 0.9329626212641461, 0.06376081253884311], [0.01053872363694801, 0.018398054895131154, 0.6953838932773255, 0.2756793281905953], [0.0367323066950465, 0.02565659763399793, 0.5019710178363452, 0.43564007783461034], [0.010021693594561992, 0.017427419319486014, 0.9054658177499529, 0.06708506933599892], [0.1727094491489047, 0.29111274271953524, 0.20949020270657012, 0.32668760542498987], [0.021446075974975106, 0.30826700476850094, 0.40474467039441475, 0.26554224886210925], [0.3140488415459687, 0.1482553317532792, 0.07019752348781859, 0.46749830321293356], [0.007328500863363706, 0.0123933710454107, 0.7851829303471148, 0.1950951977441108], [0.17323250647457375, 0.09166091014099768, 0.19466810327774894, 0.5404384801066796], [0.03664262357431642, 0.30798594335057544, 0.04995001734994776, 0.6054214157251603], [0.05923707432594387, 0.08582965799506648, 0.5733456531789533, 0.28158761450003644], [0.5354796951745535, 0.1250240865152984, 0.0959939436556368, 0.2435022746545113], [0.04727944658360063, 0.002606276837793944, 0.6413830891544932, 0.3087311874241123], [0.053148575718198705, 0.8923139054385494, 0.005187651527442698, 0.04934986731580907], [0.28649312452901177, 0.05330160374270011, 0.439561401219124, 0.220643870509164], [0.01184615680999101, 0.0412107869579785, 0.9052539778362803, 0.04168907839575033], [0.019523233160032252, 0.0732532708629913, 0.79940794859985, 0.1078155473771264], [0.000794893579623222, 0.017962317471257913, 0.7966443968259539, 0.184598392123165], [0.016066897279998885, 0.8471989488361824, 0.02018949144375158, 0.11654466244006728], [0.0026786367347907043, 0.021314523154039425, 0.1637773831534467, 0.8122294569577232], [0.1037617306726156, 0.18610595500748545, 0.5737168938131534, 0.13641542050674552], [0.020332289129767433, 0.19470415256542414, 0.30610608679339535, 0.478857471511413], [0.05646992217030638, 0.29695617230437316, 0.11025198079894333, 0.5363219247263772], [0.04287165714485085, 0.2967084854914865, 0.4196846391361797, 0.24073521822748287], [0.030254352509590552, 0.07211808240446252, 0.35348610852395707, 0.5441414565619899], [0.0010791877218460958, 0.0038818712750373413, 0.07265405658991259, 0.9223848844132039], [0.0033476232538120136, 0.0898679541589739, 0.8491272662395022, 0.05765715634771178], [0.05285509691632287, 0.7714894296492313, 0.036594822045553976, 0.1390606513888919], [0.5159271300761422, 0.05236648315027618, 0.05928132244845915, 0.3724250643251225], [0.009405708150722504, 0.04554630541722136, 0.5089634835128333, 0.4360845029192229], [0.0172389077148175, 0.031741514807299975, 0.17399570053533586, 0.7770238769425467], [0.019698157028940066, 0.03813256224304625, 0.017345162732250192, 0.9248241179957634], [0.5185280448323839, 0.2901226876373802, 0.045463400843033415, 0.14588586668720252], [0.002856779661111563, 0.29622965590663, 0.4766426733413326, 0.22427089109092585], [0.009729817372825134, 0.4879859300607108, 0.3537413487420936, 0.1485429038243705], [0.0327506470015249, 0.030476822937828628, 0.22630710559994732, 0.710465424460699], [0.028374532095455332, 0.08318972348491714, 0.5988136810312489, 0.28962206338837865], [0.0564441026240648, 0.02608493230853263, 0.040514281131947334, 0.8769566839354552], [0.0023647126236942123, 0.011482073477384221, 0.9298304935323954, 0.056322720366526226], [0.004515154229717427, 0.09048938246433799, 0.7217833369812188, 0.18321212632472586], [0.007336755207168671, 0.9168914915359423, 0.002903334994010971, 0.07286841826287804], [0.02947742571736014, 0.044026529841050335, 0.33549346941118985, 0.5910025750303997], [0.02294568615321786, 0.6570924378428193, 0.24226567735407203, 0.07769619864989076], [0.009154522324046807, 0.015132117152842559, 0.3649347654016418, 0.6107785951214689], [0.023873971073279945, 0.8901886351018811, 0.029774032550203382, 0.056163361274635656], [0.03432660746918684, 0.05819112262874986, 0.2719626776912334, 0.63551959221083], [0.008538767027036752, 0.12941407697729365, 0.0922615342165906, 0.7697856217790789], [0.007268996432771731, 0.1647575363808499, 0.14301461806442722, 0.6849588491219513], [0.012500506926781665, 0.004807514730358047, 0.003052926006726076, 0.9796390523361342], [0.015617541073680628, 0.03256664913791873, 0.04816445593421831, 0.9036513538541824], [0.019896131953006352, 0.03471897559694454, 0.24960804383637686, 0.6957768486136723], [0.0003558607207454724, 0.10408269846272737, 0.682518352540593, 0.21304308827593424], [0.17611300670210459, 0.6792673947881901, 0.11892756298097175, 0.025692035528733507], [0.08413192194458445, 0.07766723543659973, 0.05126650713621768, 0.7869343354825981], [0.08046581222190606, 0.8845921152586614, 0.02285397715580482, 0.01208809536362771], [0.3719139023612415, 0.0494036138099646, 0.2845069689956848, 0.29417551483310905], [0.018386993390632496, 0.021905217333016886, 0.04843616124867409, 0.9112716280276766], [0.23550387088413072, 0.14471752282991804, 0.15220451323554313, 0.4675740930504081], [0.0015487782314037796, 0.06926668364911918, 0.11463564314044049, 0.8145488949790365], [0.003324136198862641, 0.05394047087665551, 0.33390856807134334, 0.6088268248531385], [0.43268965359490463, 0.163022192795078, 0.06621076164280973, 0.33807739196720754], [0.0013274741350227676, 0.9716945250335395, 0.018572741119626104, 0.008405259711811578], [0.7702534931800431, 0.04083550624909849, 0.01825351015747441, 0.17065749041338404], [0.08481247796605686, 0.11215573989122439, 0.4429500679754683, 0.3600817141672504], [0.1081554627803865, 0.7536959827640997, 0.09711001779248855, 0.04103853666302535], [0.04707849884307135, 0.23648160617076014, 0.16356055841615996, 0.5528793365700087], [0.003994781526580221, 0.10852041965193795, 0.19900819153868274, 0.688476607282799], [0.0009583697839791083, 0.23542287825260264, 0.3701998414815678, 0.3934189104818505], [0.01935765816702348, 0.01825668376053397, 0.04424239414966046, 0.9181432639227821], [0.01572963128427855, 0.05018080888428794, 0.2151404815705354, 0.7189490782608982], [0.0572175996589503, 0.5822834210486763, 0.06029774127234796, 0.3002012380200256], [0.0006422398243054371, 0.09078181515632958, 0.09290501430455535, 0.8156709307148097], [0.0008659348649093235, 0.06674179034243435, 0.043213378958311545, 0.8891788958343448], [0.11695454621639115, 0.5319711185503683, 0.03272006042400068, 0.31835427480923995], [0.4524396664341099, 0.16053118644717126, 0.24358499312466117, 0.14344415399405758], [0.0019155921618411213, 0.0007520116088301373, 0.9855595072529733, 0.01177288897635563], [0.37096501392991915, 0.4045618182216264, 0.12212539323677422, 0.10234777461168028]]}}