{"test": {"ids": ["105112260", "103113170", "109114651", "104114240", "107114490", "113122160", "108118301", "102117351", "97112830", "112116810", "99108330", "99107950", "100111380", "108118810", "99109840", "99117630", "104111830", "107116340", "112121030", "107114621", "112117780", "107117010", "100109330", "113120540", "97107260", "113119700", "97109080", "106116441", "111116411", "113119480", "103111110", "111121410", "106121220", "110114610", "98111231", "99108460", "103110220", "99108710", "106116120", "110114920", "109120560", "105118740", "104110960", "105115570", "100109980", "112116540", "101114020", "98108410", "101110150", "109117080", "110120540", "107113130", "97113900", "99113260", "111114171", "107116300", "104114230", "101112540", "106119260", "100109311", "109113591", "106113170", "100113210", "100109360", "99108520", "112118530", "107119390", "112119320", "109115070", "112119930", "107116980", "113119300", "98112170", "111118301", "109121410", "106114150", "102113350", "100113370", "99111930", "112119120", "105112100", "99110730", "101116130", "110117080", "111119250", "108114270", "109117271", "98110810", "103117461", "108121190", "107118780", "113118810", "103113210", "105113480", "102110890", "110118810", "110113591", "97106591", "97114170", "98106680", "113120780", "112116900", "100120780", "100120010", "109119450", "112118880", "99107630", "104112470", "103112641", "110113931", "109117730", "98111620", "102112170", "110121450", "107112840", "103120531", "104109311", "106117650", "110118161", "97116790", "109115380", "98108520", "109116441", "105117351", "111114941", "113118421", "104112201", "105115380", "108120280", "106115250", "102113210", "113121980", "106113360", "111116040", "109116930", "111116640", "107119950", "105119550", "102114270", "113121220", "111120260", "113117401"], "labels": [3, 3, 3, 0, 3, 3, 1, 1, 2, 3, 1, 1, 3, 1, 2, 3, 3, 3, 0, 0, 0, 1, 0, 3, 2, 0, 2, 0, 0, 3, 3, 0, 1, 1, 1, 0, 2, 2, 1, 3, 1, 1, 2, 0, 1, 1, 3, 1, 1, 1, 1, 1, 2, 0, 3, 0, 2, 2, 1, 1, 3, 0, 0, 0, 2, 1, 2, 1, 0, 1, 3, 1, 3, 3, 0, 1, 3, 3, 1, 1, 1, 3, 2, 1, 1, 3, 0, 1, 0, 1, 1, 3, 3, 0, 0, 1, 0, 1, 2, 1, 0, 3, 1, 0, 3, 1, 2, 1, 3, 1, 3, 3, 3, 3, 1, 3, 3, 1, 0, 2, 3, 2, 3, 0, 0, 3, 0, 1, 3, 2, 3, 2, 0, 0, 0, 0, 3, 1, 3, 3, 3, 3], "predicted_labels": [1, 1, 3, 3, 1, 3, 3, 1, 3, 1, 3, 1, 0, 1, 2, 0, 3, 3, 0, 0, 3, 3, 1, 1, 1, 1, 3, 1, 0, 3, 3, 1, 3, 0, 0, 3, 1, 1, 0, 1, 3, 1, 3, 1, 3, 1, 1, 1, 1, 1, 1, 3, 0, 2, 3, 1, 1, 1, 3, 0, 3, 1, 3, 3, 2, 1, 1, 1, 1, 2, 1, 1, 0, 3, 3, 0, 3, 3, 1, 3, 3, 2, 3, 3, 0, 1, 3, 2, 3, 1, 1, 1, 3, 1, 3, 0, 0, 2, 3, 1, 1, 3, 0, 3, 3, 0, 3, 1, 0, 3, 3, 2, 0, 3, 1, 1, 3, 1, 1, 2, 3, 1, 0, 3, 1, 3, 3, 1, 3, 1, 1, 1, 3, 3, 0, 1, 0, 1, 1, 3, 3, 1], "confidence_scores": [[0.05248486310370888, 0.6149407566573007, 0.029644348664226175, 0.302930031574764], [0.23337367500075035, 0.3911874332791665, 0.305393353763422, 0.0700455379566616], [0.06260556164819847, 0.3205126241110561, 0.02135998573839471, 0.5955218285023506], [0.20981849852760606, 0.2052259498181363, 0.09266801662434916, 0.4922875350299083], [0.12106142950527381, 0.5103796488179737, 0.07535734946062891, 0.29320157221612364], [0.13366985580224694, 0.28462698775774153, 0.10878225019690806, 0.4729209062431036], [0.052687182606097706, 0.3961854487828344, 0.044251372084783365, 0.5068759965262843], [0.22283403772844593, 0.6650903816613819, 0.009274812311426042, 0.10280076829874615], [0.12247234823734694, 0.09370447926839956, 0.10721689140882291, 0.6766062810854305], [0.14956375104099712, 0.2807055314269301, 0.4194254021094817, 0.15030531542259082], [0.02017946690810223, 0.09836737231210994, 0.14530547256681386, 0.7361476882129738], [0.07919546910074013, 0.3983810174360873, 0.460909333459776, 0.0615141800033967], [0.32006573283164425, 0.1864521106349224, 0.26975883067753814, 0.22372332585589527], [0.08250022735820257, 0.6081466607229874, 0.07648023230174009, 0.23287287961706976], [0.07009292174122124, 0.18119078173536848, 0.6693908828806475, 0.07932541364276256], [0.23326783708637444, 0.17048480071400332, 0.3784573103861662, 0.2177900518134564], [0.035605644533278906, 0.3320635044174293, 0.01748640829424435, 0.6148444427550475], [0.07485486205354906, 0.22232318745430416, 0.18793914710470805, 0.5148828033874385], [0.5306664312682271, 0.11346124599380564, 0.06561824369953648, 0.2902540790384305], [0.8047206850706444, 0.013213133258174675, 0.0009743333806082762, 0.18109184829057245], [0.17979162113596522, 0.2558898024005283, 0.03255610844751697, 0.5317624680159896], [0.17034713409352228, 0.28779553393189544, 0.1648002536083186, 0.3770570783662634], [0.4082410960629955, 0.3349681814747745, 0.043173292274759384, 0.21361743018747056], [0.1908214655575142, 0.3228031188920212, 0.10296229291194718, 0.3834131226385174], [0.2472448793057614, 0.34824376799054363, 0.3181874508717035, 0.08632390183199175], [0.15560520743328554, 0.570503498632525, 0.13193679042822293, 0.1419545035059664], [0.07813090405434009, 0.26518011247006507, 0.2653406594252654, 0.3913483240503291], [0.07510896756569747, 0.7522535541564979, 0.01570660169201883, 0.1569308765857859], [0.8417898597123299, 0.04600809619351984, 0.012007857774783746, 0.1001941863193662], [0.3791303082377746, 0.16915895680998394, 0.04192810360341834, 0.40978263134882337], [0.21217615459468225, 0.18050050097230774, 0.08756714412723504, 0.519756200305775], [0.3491102123721334, 0.42475304885066023, 0.028697761475616403, 0.1974389773015899], [0.012523959302190945, 0.14844497921646016, 0.04168157339454798, 0.7973494880868014], [0.24879494403779792, 0.1405826517353258, 0.41312567139379924, 0.1974967328330768], [0.7840322655937055, 0.06045707674540062, 0.0413801499341456, 0.11413050772674838], [0.3359380183806544, 0.15463413367322543, 0.08781461981242382, 0.4216132281336961], [0.0511903439064249, 0.5050760251572579, 0.288440005031393, 0.15529362590492451], [0.12615959586847944, 0.6604102669434214, 0.10604819174216644, 0.10738194544593242], [0.4529690958988491, 0.1158165793687149, 0.24036635668291337, 0.19084796804952275], [0.1565046362604125, 0.5158681904711927, 0.25307163746639816, 0.07455553580199636], [0.3006675040287049, 0.0987838488840001, 0.06767440385762678, 0.5328742432296683], [0.08854527921343305, 0.31445202366266384, 0.4332078045860321, 0.16379489253787083], [0.05378305480729911, 0.22360217711868424, 0.12687237779953126, 0.5957423902744855], [0.08445459387938789, 0.38321903494304516, 0.4220210404658537, 0.11030533071171358], [0.17212341452434476, 0.19120645470706132, 0.16590194950407933, 0.47076818126451453], [0.1695638483963644, 0.4944114855717856, 0.04048883978031039, 0.29553582625153924], [0.2831546068757566, 0.4131287302360323, 0.025829044880836427, 0.2778876180073747], [0.16798769579212489, 0.36640778572992516, 0.1551442531537479, 0.31046026532420223], [0.09768541001354286, 0.8018256596790984, 0.015616345023214443, 0.08487258528414458], [0.027803767946746723, 0.8346409906195231, 0.04087599661598262, 0.09667924481774728], [0.03748875889748309, 0.6367156331596665, 0.2606723521145227, 0.06512325582832743], [0.06585938419524749, 0.20119301479718962, 0.3858038193887646, 0.34714378161879805], [0.4327832004601741, 0.3354681534934578, 0.0889561483856271, 0.1427924976607414], [0.10444813216190159, 0.12315763419178793, 0.5253057697657562, 0.24708846388055403], [0.1707466563549413, 0.2151386225340584, 0.028130875088692563, 0.5859838460223075], [0.17033443570634763, 0.38994783090842466, 0.05626739350758919, 0.3834503398776385], [0.24565240733791316, 0.2919070505840897, 0.15302558911346034, 0.3094149529645363], [0.06672499128803214, 0.46202588159699687, 0.06111332535258599, 0.4101358017623851], [0.31569196127106774, 0.02650220255104016, 0.1762872705726362, 0.4815185656052558], [0.7571396753914781, 0.09958607067507418, 0.024401846829551217, 0.11887240710389628], [0.3360098496032843, 0.3002538334279718, 0.010656052080604233, 0.3530802648881396], [0.31140273325620804, 0.4236936676419147, 0.018608846289716954, 0.24629475281216034], [0.13983455376226223, 0.2829310060138458, 0.07114988606447725, 0.5060845541594153], [0.2509055244210311, 0.09153562468904952, 0.04497468288668339, 0.6125841680032359], [0.06978604966474365, 0.11450207671916822, 0.7148896924458937, 0.10082218117019442], [0.051483194636336514, 0.40289037338894623, 0.25432277834788475, 0.29130365362683275], [0.062205622924656236, 0.4325479926272093, 0.12005681820838156, 0.3851895662397529], [0.041551708450683796, 0.5854106093643978, 0.14211563282883583, 0.23092204935608285], [0.37616886598734617, 0.5465889181881248, 0.016856985046874662, 0.060385230777654175], [0.1934536628251433, 0.08180289041314857, 0.5134759719190419, 0.21126747484266628], [0.414135733320471, 0.4834783670278557, 0.001768972122888596, 0.10061692752878447], [0.268071877795431, 0.4257158168999802, 0.058881581032606975, 0.24733072427198213], [0.8509654160523926, 0.015379034118297646, 0.021090470519955606, 0.1125650793093542], [0.34636620508084304, 0.21543495035952126, 0.10797175770922969, 0.33022708685040586], [0.06366070471960386, 0.37126629814000395, 0.059080543415463885, 0.5059924537249283], [0.5310189649693904, 0.07688970515942804, 0.05342207722707587, 0.3386692526441058], [0.15328959091448816, 0.3061749453754932, 0.15915550324300665, 0.3813799604670121], [0.24353291128401208, 0.208013149498515, 0.12321405892870398, 0.4252398802887693], [0.15850014488871345, 0.6308533699381373, 0.16560543780897344, 0.045041047364175746], [0.1633758971567904, 0.16456675007415483, 0.03753219517127805, 0.6345251575977766], [0.24373878234719504, 0.04020553812144511, 0.02209834307234152, 0.6939573364590181], [0.013568660431083039, 0.04438517843720279, 0.85382792940822, 0.08821823172349398], [0.12329001148229181, 0.2932557321950587, 0.226244923883891, 0.35720933243875885], [0.07160357238311957, 0.138948299824195, 0.08174163818718193, 0.7077064896055032], [0.4659106057346538, 0.11375671818965225, 0.05968100904257139, 0.3606516670331227], [0.08528955899856312, 0.7046554243827692, 0.02171029029935746, 0.18834472631931015], [0.07726968683019331, 0.16315161799329214, 0.01943512511773151, 0.7401435700587831], [0.11238778764058142, 0.14802138991699007, 0.5438086321638959, 0.19578219027853266], [0.19466255424763051, 0.19168963003529477, 0.009881148983100942, 0.6037666667339737], [0.034420163629761295, 0.4020017152973782, 0.2926622140578619, 0.2709159070149988], [0.12863073753583623, 0.38519443022213956, 0.09458138754872211, 0.39159344469330215], [0.24026751974553387, 0.27672380886319814, 0.3981622036754512, 0.08484646771581657], [0.07784703808140576, 0.1904709243154331, 0.42926042337108455, 0.302421614232077], [0.15681414584873307, 0.398369381852711, 0.12856083901358534, 0.3162556332849705], [0.43520462070903637, 0.05438145675091358, 0.010724326371340439, 0.49968959616870984], [0.7993054547135376, 0.10546731682911804, 0.010794573642133197, 0.08443265481521113], [0.9255668648386048, 0.04794491850829958, 0.0035075736316416747, 0.022980643021453976], [0.0509684567169883, 0.15541588545274196, 0.6653043281877841, 0.12831132964248557], [0.05831486535016314, 0.1992787183988274, 0.2195439129348887, 0.5228625033161207], [0.13946154719088724, 0.23542878672159273, 0.3581170408790036, 0.2669926252085164], [0.14833207094942666, 0.44524308617101876, 0.06429450667110392, 0.34213033620845057], [0.39018542519165633, 0.16912958821143387, 0.06696386296616255, 0.37372112363074744], [0.533213861647599, 0.2165199952673286, 0.05762031526846824, 0.19264582781660405], [0.17337427157808977, 0.08373494974764599, 0.41547175922007135, 0.3274190194541931], [0.07693238757117674, 0.18038598494214345, 0.19278630066802308, 0.5498953268186567], [0.4975523529066058, 0.20453764751857642, 0.10208907345635242, 0.19582092611846522], [0.22065322332100293, 0.1310406039317533, 0.08307441631319616, 0.5652317564340477], [0.17462710541519946, 0.48840103555887804, 0.07574702810137014, 0.2612248309245522], [0.6729551950891216, 0.15854199889611562, 0.025119479711887185, 0.1433833263028753], [0.23940861951151315, 0.24108124569325234, 0.1389690442203232, 0.38054109057491103], [0.18725532651662394, 0.2649936304821732, 0.23186824041542778, 0.3158828025857753], [0.016335571940749236, 0.20622954408350797, 0.6892901490485268, 0.08814473492721552], [0.644799590386852, 0.08155121171769916, 0.06600121814490685, 0.20764797975054186], [0.1920701964357562, 0.21643793637252715, 0.004464292581354751, 0.587027574610362], [0.029917294831677047, 0.7016816758878087, 0.18954393561047136, 0.07885709367004279], [0.15628649641904957, 0.4273200047033803, 0.033547619051103976, 0.38284587982646595], [0.2733351813241137, 0.0852838423703965, 0.032610609935541206, 0.6087703663699489], [0.16795297814722607, 0.3728834961828269, 0.2717618462204013, 0.18740167944954564], [0.24373541362838153, 0.40853240349737935, 0.015152229998654268, 0.3325799528755847], [0.1554352620044161, 0.1622839661489582, 0.5632838129764964, 0.11899695887012933], [0.06775758848732709, 0.33001622589796115, 0.16188837102208672, 0.4403378145926252], [0.20940953878405322, 0.39365775125877156, 0.3598203819251678, 0.03711232803200763], [0.7737079353533813, 0.10850932589669603, 0.000629527267296006, 0.11715321148262639], [0.13298623767933093, 0.328517803436229, 0.020309644680971885, 0.5181863142034684], [0.06429248461809273, 0.7630782249781798, 0.018018311342929843, 0.15461097906079777], [0.06327071262469049, 0.05409886017138291, 0.022307969764283682, 0.8603224574396428], [0.14474744694075714, 0.10926736837984541, 0.011299987941888785, 0.7346851967375084], [0.029694745275860437, 0.32550512161062906, 0.30441492668874937, 0.3403852064247618], [0.3977000943806147, 0.06825389866485716, 0.031526372613678105, 0.5025196343408502], [0.11322068715556945, 0.6146412898510214, 0.14377219095311694, 0.12836583204029256], [0.11763408338700866, 0.4171655527672875, 0.10200205669575745, 0.3631983071499462], [0.4549400089495616, 0.423044114095935, 0.012269391248264868, 0.10974648570623852], [0.08557858554098398, 0.1937014889565749, 0.01914307858175278, 0.7015768469206888], [0.13100518657461674, 0.05008257108798802, 0.009191649890976776, 0.8097205924464187], [0.8111026611682098, 0.06967679514641252, 0.0020105801881090497, 0.11720996349726841], [0.2632005660609237, 0.23809169785681011, 0.2740037187316111, 0.22470401735065543], [0.3889754187113535, 0.3073445193405916, 0.01531554812625825, 0.28836451382179684], [0.11776930863126359, 0.5269852419910092, 0.11152831487577414, 0.24371713450195323], [0.025310595546499847, 0.29364363459371595, 0.3542652717068674, 0.326780498152917], [0.2353425654879808, 0.2772247890994852, 0.0784682811155799, 0.40896436429695426], [0.24573029989710837, 0.2631005234215951, 0.03787277814719571, 0.4532963985341004], [0.2956483040177183, 0.4286392698543004, 0.008723398584909177, 0.26698902754307235]]}, "rewritten": {"ids": ["97106591", "97107260", "97109080", "97112830", "97113900", "97114170", "97116790", "98106680", "98108410", "98108520", "98110810", "98111231", "98111620", "98112170", "99107630", "99107950", "99108330", "99108460", "99108520", "99108710", "99109840", "99110730", "99111930", "99113260", "99117630", "100109311", "100109330", "100109360", "100109980", "100111380", "100113210", "100113370", "100120010", "100120780", "101110150", "101112540", "101114020", "101116130", "102110890", "102112170", "102113210", "102113350", "102114270", "102117351", "103110220", "103111110", "103112641", "103113170", "103113210", "103117461", "103120531", "104109311", "104110960", "104111830", "104112201", "104112470", "104114230", "104114240", "105112100", "105112260", "105113480", "105115380", "105115570", "105117351", "105118740", "105119550", "106113170", "106113360", "106114150", "106115250", "106116120", "106116441", "106117650", "106119260", "106121220", "107112840", "107113130", "107114490", "107114621", "107116300", "107116340", "107116980", "107117010", "107118780", "107119390", "107119950", "108114270", "108118301", "108118810", "108120280", "108121190", "109113591", "109114651", "109115070", "109115380", "109116441", "109116930", "109117080", "109117271", "109117730", "109119450", "109120560", "109121410", "110113591", "110113931", "110114610", "110114920", "110117080", "110118161", "110118810", "110120540", "110121450", "111114171", "111114941", "111116040", "111116411", "111116640", "111118301", "111119250", "111120260", "111121410", "112116540", "112116810", "112116900", "112117780", "112118530", "112118880", "112119120", "112119320", "112119930", "112121030", "113117401", "113118421", "113118810", "113119300", "113119480", "113119700", "113120540", "113120780", "113121220", "113121980", "113122160"], "labels": [1, 2, 2, 2, 2, 2, 2, 1, 1, 2, 1, 1, 3, 3, 2, 1, 1, 0, 2, 2, 2, 3, 1, 0, 3, 1, 0, 0, 1, 3, 0, 3, 0, 1, 1, 2, 3, 2, 0, 3, 3, 3, 3, 1, 2, 3, 3, 3, 3, 0, 3, 3, 2, 3, 0, 1, 2, 0, 1, 3, 0, 1, 0, 0, 1, 1, 0, 0, 1, 2, 1, 0, 1, 1, 1, 1, 1, 3, 0, 0, 3, 3, 1, 1, 2, 3, 3, 1, 1, 3, 1, 3, 3, 0, 3, 3, 0, 1, 0, 3, 3, 1, 0, 0, 1, 1, 3, 1, 0, 1, 1, 3, 3, 0, 0, 0, 0, 3, 1, 3, 0, 1, 3, 3, 0, 1, 1, 1, 1, 1, 0, 3, 3, 3, 1, 3, 0, 3, 0, 3, 2, 3], "predicted_labels": [1, 1, 3, 3, 1, 3, 2, 1, 1, 1, 3, 0, 1, 0, 3, 1, 1, 1, 2, 1, 2, 2, 1, 3, 2, 0, 0, 3, 1, 0, 3, 3, 2, 0, 1, 3, 1, 1, 3, 0, 1, 1, 1, 1, 1, 3, 0, 1, 1, 3, 3, 3, 1, 3, 3, 1, 3, 1, 3, 1, 1, 1, 1, 3, 1, 1, 1, 1, 3, 1, 0, 1, 1, 0, 3, 1, 2, 1, 0, 3, 3, 0, 1, 3, 1, 0, 1, 3, 1, 3, 1, 3, 3, 1, 1, 0, 0, 1, 3, 3, 3, 3, 3, 0, 3, 1, 1, 3, 1, 0, 1, 3, 0, 1, 3, 0, 0, 0, 0, 1, 1, 1, 2, 3, 3, 1, 0, 3, 1, 2, 3, 1, 3, 1, 3, 3, 1, 1, 1, 1, 0, 1], "confidence_scores": [[0.11956299817565341, 0.6072596387440411, 0.06946435901131885, 0.2037130040689866], [0.24885736106807754, 0.4154368732830464, 0.2815043505733951, 0.05420141507548119], [0.06641124868899585, 0.195259429441447, 0.350096985131003, 0.38823233673855406], [0.1284074004964178, 0.09303341167920325, 0.1662321314073912, 0.6123270564169878], [0.3942740055586316, 0.43747402251341044, 0.05583588285391403, 0.11241608907404377], [0.09012895794335068, 0.15435456703781983, 0.22991785525014838, 0.5255986197686812], [0.24741882998387074, 0.10620716865908274, 0.5397161830862965, 0.10665781827074969], [0.1576831855178692, 0.3878441574563783, 0.26762187008866445, 0.18685078693708784], [0.26359213319869157, 0.45076160723159947, 0.03570672872463067, 0.24993953084507833], [0.10785516999653214, 0.43492324743818017, 0.2478211727428007, 0.20940040982248678], [0.20032829774626082, 0.16403310321097161, 0.3749180230863956, 0.26072057595637244], [0.6914504901215223, 0.07995779697124855, 0.037041770802775036, 0.1915499421044543], [0.03070206160298164, 0.32845335087562755, 0.5335638346807307, 0.10728075284066013], [0.9134384758903216, 0.014796423287532133, 0.012456234714718425, 0.05930886610742799], [0.15476367727875157, 0.23823235214329994, 0.15933540248451314, 0.44766856809343547], [0.060576649528407814, 0.3172873443739269, 0.5443456461027616, 0.07779035999490373], [0.023701060334984772, 0.42628042704869273, 0.15167387602753946, 0.398344636588783], [0.17662478524556308, 0.38235081799005355, 0.049392188605632326, 0.3916322081587509], [0.14432079308488022, 0.09962610962718657, 0.4685243560397448, 0.28752874124818856], [0.08939616790680438, 0.42416815115738804, 0.15415683658196316, 0.33227884435384414], [0.0699078803820563, 0.20974892556500324, 0.6399065634577039, 0.08043663059523654], [0.006667389072951226, 0.042856172272966175, 0.8926704392774795, 0.057805999376603016], [0.16385620596382447, 0.7312635795558936, 0.05863617687521533, 0.046244037605066554], [0.12357691924816634, 0.23118513243152708, 0.22416390928964297, 0.4210740390306635], [0.1593190326262089, 0.21463073422964682, 0.4477370128184887, 0.17831322032565555], [0.5232746303281369, 0.08377403042691435, 0.06395137787810601, 0.32899996136684256], [0.4617491690564901, 0.16386475970392056, 0.07037139244888886, 0.30401467879070077], [0.2978678575586597, 0.161715558865661, 0.042005265077104365, 0.49841131849857523], [0.19673341807363776, 0.2845781570289944, 0.21119739199230048, 0.3074910329050674], [0.2566252937565569, 0.19254610971613098, 0.4101734644492701, 0.14065513207804198], [0.149086275058827, 0.24694528009738861, 0.11196534477061448, 0.4920031000731699], [0.18881960328135844, 0.23953597307706664, 0.0954333185400939, 0.4762111051014813], [0.1714569193558951, 0.09687409202093206, 0.5546152090490337, 0.17705377957413915], [0.5468942495647237, 0.12632590176239378, 0.04056651533558974, 0.28621333333729265], [0.11636954514308137, 0.7424581367176123, 0.02089668926779133, 0.1202756288715148], [0.11577619782624896, 0.3276642430887323, 0.07218947059073033, 0.4843700884942883], [0.2530824897073495, 0.4290393105817442, 0.018637590526157145, 0.29924060918474915], [0.17699418278017165, 0.2748842419247929, 0.2836741850849085, 0.264447390210127], [0.37204280201199896, 0.1145849141119129, 0.022944355392766912, 0.4904279284833212], [0.6405196031879061, 0.08576665095058396, 0.08288105966325969, 0.19083268619825028], [0.23519034298135238, 0.3084583067857957, 0.22849737925062014, 0.2278539709822317], [0.2432216352536112, 0.3747506354046294, 0.16863035823460162, 0.21339737110715798], [0.03248135819172081, 0.2809738109153987, 0.3667978492005754, 0.31974698169230537], [0.21444730833791836, 0.7065172603743134, 0.00967351106608344, 0.06936192022168473], [0.11573877750414721, 0.29834392079164335, 0.2409596680845498, 0.34495763361965975], [0.311720491768529, 0.275593638006149, 0.05901703294758118, 0.35366883727774096], [0.6565812974922298, 0.188543185894006, 0.00816889968737909, 0.14670661692638537], [0.15766673884109395, 0.4333159295592866, 0.3226565646059789, 0.08636076699364022], [0.08023960122232178, 0.2511024226117913, 0.4071622857808739, 0.2614956903850128], [0.25563012064276386, 0.21729665143743723, 0.028925785662402316, 0.49814744225739654], [0.15371903581037258, 0.37856551040175573, 0.03132304216875199, 0.43639241161911974], [0.20853133717163796, 0.12548236445599442, 0.0303419020458324, 0.6356443963265352], [0.038467855033825, 0.30656934020773546, 0.337086981146375, 0.3178758236120645], [0.03774438213977018, 0.3671904600184534, 0.014078715806073186, 0.580986442035703], [0.3344288193489648, 0.06746745175345631, 0.012224960229429772, 0.5858787686681491], [0.34080807375562255, 0.3842620314289299, 0.057578927195572706, 0.21735096761987466], [0.12435876039726457, 0.24233313631044912, 0.08078644900573297, 0.5525216542865533], [0.25477195732146013, 0.29845236921359775, 0.08166114976407982, 0.3651145237008622], [0.48814733066060917, 0.035697515777484846, 0.02294744584944945, 0.4532077077124567], [0.0631026142233831, 0.6275506207245911, 0.03151718328391227, 0.27782958176811384], [0.20213988050862441, 0.40448893551497433, 0.13791577322235124, 0.25545541075405015], [0.04225975115418046, 0.36586231702136285, 0.4736034514942024, 0.11827448033025431], [0.07957180966784963, 0.39970643233606684, 0.33344201222354236, 0.18727974577254122], [0.12326829184374809, 0.39406253629882876, 0.031580069932727786, 0.45108910192469553], [0.21078928819046094, 0.4905142448307806, 0.24910145793627317, 0.049595009042485635], [0.11842870342025656, 0.585177609506225, 0.05837412913446253, 0.23801955793905583], [0.34596201268254567, 0.3609718052883371, 0.01657591057829084, 0.27649027145082633], [0.17231759070399436, 0.3860471210711705, 0.156640394205297, 0.28499489401953826], [0.2635083981876049, 0.15467806590832506, 0.08699570399646483, 0.4948178319076052], [0.16520679536344413, 0.6612933107145524, 0.06479673868472112, 0.10870315523728238], [0.47291830189028805, 0.10385153105291996, 0.21678861578643166, 0.20644155127036], [0.1613563360014356, 0.6480359361267868, 0.017005707394884263, 0.17360202047689313], [0.07340460549509675, 0.4386500054822512, 0.38476415434421984, 0.10318123467843225], [0.40339364221150353, 0.03511132331008553, 0.23548413295961065, 0.32601090151879986], [0.024303672127201366, 0.1584108478879627, 0.1491714751052467, 0.668114004879589], [0.2613554634294057, 0.587843627648363, 0.11567207086494719, 0.03512883805728426], [0.09871697120268533, 0.11746596146742158, 0.5063798035022672, 0.27743726382762574], [0.09223329586813979, 0.6463378876603103, 0.033343837860924284, 0.2280849786106257], [0.829331976007942, 0.012035641400576646, 0.0006914702705370005, 0.15794091232094445], [0.2587847298687552, 0.3190325533649061, 0.023070617795082946, 0.3991120989712555], [0.06148350254442497, 0.22098242977258653, 0.17188733579511195, 0.5456467318878767], [0.6765724759352658, 0.3101151306681603, 0.002396543492052249, 0.010915849904521546], [0.1574104172010078, 0.35880164349569854, 0.16409272546797019, 0.31969521383532346], [0.10532509723067357, 0.33406739685126485, 0.0685970672286293, 0.49201043868943234], [0.09768737886391701, 0.4922880066243806, 0.08337813367078893, 0.32664648084091347], [0.38273834815280233, 0.3102546032360548, 0.013743388622309977, 0.29326365998883286], [0.1673196216881069, 0.6296110880445459, 0.022142665400735152, 0.18092662486661207], [0.1103559266551088, 0.327318457801397, 0.03816859184105973, 0.5241570237024344], [0.26191178102414997, 0.3502986544029882, 0.14007672741908317, 0.24771283715377923], [0.3754685556984402, 0.07299874486162734, 0.027181162942172453, 0.5243515364977602], [0.13086125470435533, 0.5358036995219366, 0.24822192473055982, 0.08511312104314811], [0.3950450133712669, 0.20672955273795512, 0.0072570181768046305, 0.39096841571397345], [0.05828022848245307, 0.3168748313870388, 0.0209624517951253, 0.6038824883353828], [0.42697609215653864, 0.4726074536450391, 0.036299633257968915, 0.06411682094045335], [0.1404178110066521, 0.3226121267922338, 0.20149833331257877, 0.33547172888853516], [0.5982200011057911, 0.18987230171343125, 0.004285631942690602, 0.20762206523808693], [0.8357099392567591, 0.09854292716055083, 0.0034544561908146144, 0.06229267739187549], [0.11810369894376316, 0.765352406280223, 0.026230065505051456, 0.09031382927096218], [0.18202788228011008, 0.34579723458594913, 0.05261586090867768, 0.4195590222252632], [0.2037167268043881, 0.19350573248277603, 0.22824032323290774, 0.37453721747992813], [0.10175777161220523, 0.14339471600010534, 0.3098048597365639, 0.445042652651126], [0.4558984034100921, 0.07205472056764783, 0.07821274166322963, 0.39383413435903036], [0.18897262180090243, 0.26677725535229935, 0.08065134454923156, 0.4635987782975664], [0.7420123947723074, 0.1560296936658777, 0.034590464514087926, 0.06736744704772697], [0.24335337000079255, 0.23653059434669663, 0.07697338161714969, 0.44314265403536096], [0.14344145090391294, 0.28653254095744496, 0.24814237856306545, 0.3218836295755768], [0.14542035016830027, 0.44200582608834876, 0.2913410462632503, 0.12123277748010024], [0.06880938977786255, 0.12690673956391818, 0.05956768347028384, 0.7447161871879358], [0.24725502917160783, 0.5929527158377413, 0.02708338405965868, 0.13270887093099204], [0.5173696343694831, 0.33474886363335205, 0.04183527059192996, 0.10604623140523527], [0.07449598831963888, 0.6315812513153262, 0.18365659731859846, 0.11026616304643622], [0.2498486427237818, 0.22017557310648023, 0.005563768434826146, 0.524412015734912], [0.6314814371520802, 0.1451843822219614, 0.008898361442939796, 0.21443581918301843], [0.10762760753009495, 0.7136868163419235, 0.026047459526274366, 0.1526381166017071], [0.32348610247257564, 0.07697750805657708, 0.031847575316902035, 0.5676888141539451], [0.8383745256783638, 0.04618559930957232, 0.014479973002650373, 0.10095990200941343], [0.46233026491903495, 0.3207790364170952, 0.11503248115858826, 0.10185821750528164], [0.39558757243071696, 0.24802251220532706, 0.14806759846602394, 0.20832231689793182], [0.5976390968605679, 0.08801938233039672, 0.08462163025261842, 0.22971989055641695], [0.253200674949237, 0.31788488330061027, 0.06809413251447813, 0.36082030923567493], [0.2438995986975153, 0.36097683348194587, 0.048073065823662484, 0.34705050199687654], [0.04958562901388963, 0.8142726763311451, 0.0580760946457994, 0.07806560000916608], [0.1477797672955504, 0.1435177499362823, 0.5409566269492172, 0.1677458558189501], [0.20487615584241867, 0.3360130494656999, 0.052546524813853086, 0.40656426987802835], [0.13659309491733942, 0.2535980569702492, 0.05778747344388951, 0.5520213746685215], [0.0448910623284354, 0.3717681769201072, 0.17682093909288943, 0.4065198216585678], [0.4745556358884468, 0.23535243039702045, 0.06437561372532362, 0.22571631998920907], [0.10175804346569155, 0.1292122042182109, 0.020516184719080087, 0.7485135675970173], [0.020833913277623066, 0.5407483381500606, 0.24304909885950016, 0.1953686497128165], [0.1716313417204623, 0.0856138663648416, 0.5317219869351546, 0.21103280497954127], [0.4150234532391461, 0.06460385367522443, 0.062263404507975774, 0.4581092885776539], [0.1303188939166852, 0.6229354970850833, 0.025275488737134647, 0.22147012026109678], [0.11385476932713347, 0.06412916783971645, 0.05046818859198607, 0.7715478742411641], [0.1658194496290767, 0.5798575563193711, 0.13387916354458235, 0.1204438305069701], [0.17165228273335265, 0.3320073165023461, 0.10814080010972525, 0.3881996006545761], [0.3669357252467836, 0.23911925849790946, 0.034478371512931816, 0.35946664474237494], [0.1269903269010057, 0.46840736751400686, 0.06990611408436828, 0.3346961915006195], [0.11142338759718792, 0.39934711447954596, 0.036917871923012026, 0.4523116260002539], [0.10266449137151405, 0.3670076685573147, 0.18278760476133885, 0.3475402353098328], [0.1535262702034439, 0.39502296452012986, 0.12075251173072597, 0.33069825354570004], [0.521581862618881, 0.4065236151163735, 0.00774360868526749, 0.064150913579478], [0.07879937875286837, 0.4075709569469739, 0.17041853989671876, 0.3432111244034391]]}}