{"test": {"ids": ["105116650", "109116750", "112117580", "111119340", "112120630", "100109910", "101108080", "111114121", "106114321", "111120320", "113122430", "105112100", "111116090", "112118930", "106113260", "106116640", "112116990", "112119930", "111118301", "107119390", "104116980", "102112030", "111120190", "109116810", "111115770", "106113830", "108113620", "111115910", "105116980", "112116880", "105115570", "102111990", "100116790", "97110950", "99107660", "107118520", "110115890", "98107210", "105118171", "103111990", "97112300", "104116441", "109120150", "106114011", "108119510", "107113130", "102114270", "101119030", "106119990", "108115870", "106116850", "104116800", "113118620", "111118820", "104110960", "99110730", "110119300", "108114360", "97107950", "105113210", "103118110", "111115780", "111117000", "105115720", "101112540", "102118380", "100116500", "99111930", "99109840", "104113240", "99108330", "99109860", "101119591", "109117730", "110121170", "99113260", "112117660", "112116640", "101114990", "98112580", "100111620", "113118111", "108116501", "113121750", "113122150", "107118120", "112117780", "101108121", "106116441", "112116451", "107119950", "101108500", "111117200", "107117630", "109114220", "112120270", "99116500", "102113350", "100120010", "112117210", "110114561", "113119300", "103113260", "98116090", "113120751", "113119480", "109116040", "101108950", "99112840", "113120540", "108120060", "111119150", "107114200", "97106770", "106119580", "113120260", "105118230", "101115190", "111114171", "113117401", "98109311", "108116070", "98112300", "108113700", "101117580", "110121140", "103118291", "112121430", "110118810", "98109570", "110117110", "110114651", "101121640", "103109791", "105120280", "100113210", "108117720", "112116540", "105113440", "100108580", "107113170", "112117571"], "labels": [1, 0, 0, 3, 3, 2, 0, 0, 2, 1, 2, 1, 3, 1, 3, 3, 0, 1, 3, 2, 1, 2, 3, 3, 3, 1, 3, 2, 0, 0, 0, 2, 2, 3, 3, 2, 2, 1, 3, 2, 2, 1, 2, 1, 1, 1, 3, 3, 0, 3, 3, 1, 3, 0, 2, 3, 1, 1, 2, 3, 2, 1, 0, 1, 2, 1, 2, 1, 2, 2, 1, 2, 0, 3, 2, 0, 0, 0, 3, 2, 3, 1, 0, 0, 2, 3, 0, 0, 0, 0, 3, 3, 0, 0, 3, 0, 2, 3, 0, 1, 0, 1, 3, 0, 1, 3, 0, 2, 2, 3, 1, 3, 2, 3, 3, 3, 1, 1, 3, 3, 1, 1, 2, 0, 3, 3, 0, 2, 1, 1, 0, 3, 2, 3, 3, 0, 1, 1, 0, 0, 0, 3], "predicted_labels": [2, 1, 3, 3, 1, 2, 0, 0, 2, 3, 3, 0, 0, 3, 1, 1, 3, 3, 3, 1, 3, 3, 2, 1, 3, 3, 2, 3, 0, 2, 1, 1, 0, 0, 0, 0, 1, 2, 1, 1, 3, 1, 3, 1, 3, 2, 1, 0, 3, 2, 1, 1, 0, 1, 1, 3, 2, 3, 2, 3, 1, 1, 1, 3, 2, 1, 1, 1, 2, 1, 3, 1, 0, 1, 3, 3, 3, 3, 1, 3, 3, 1, 1, 0, 2, 2, 0, 3, 1, 0, 1, 1, 3, 3, 0, 3, 1, 1, 2, 3, 1, 3, 1, 1, 2, 1, 3, 3, 1, 1, 3, 3, 3, 0, 1, 3, 3, 3, 2, 1, 3, 3, 0, 3, 1, 1, 3, 2, 0, 1, 3, 3, 1, 3, 1, 3, 3, 3, 3, 3, 1, 3], "confidence_scores": [[0.11606852278173654, 0.3106565845772133, 0.3699112128266516, 0.20336367981439848], [0.21959360598429337, 0.3896613235184576, 0.1394734768931507, 0.25127159360409834], [0.12007060307014823, 0.2898218910067762, 0.08904366242824041, 0.5010638434948352], [0.22433242459014935, 0.23204579505322648, 0.17968641658471599, 0.36393536377190827], [0.2541858114153764, 0.34662643315489655, 0.13301204839714684, 0.2661757070325802], [0.1399736787226518, 0.30228886579056297, 0.3906473127233399, 0.16709014276344508], [0.5065930710925749, 0.19516511355977467, 0.12446339934480027, 0.1737784160028502], [0.3542244235013678, 0.30563517310972854, 0.10038708341935904, 0.23975331996954474], [0.3039190791857614, 0.17938917816149483, 0.30672749507636093, 0.20996424757638285], [0.24205964160059623, 0.14066434887236123, 0.18837814582863627, 0.4288978636984063], [0.18971488804463832, 0.3015604487587773, 0.16347835408308234, 0.345246309113502], [0.4465654869590934, 0.12736479285908517, 0.12988601417873064, 0.29618370600309085], [0.40701502931105005, 0.24318365641870873, 0.1337057522386012, 0.21609556203164013], [0.28353679596888975, 0.22058050468131024, 0.1484374209192786, 0.3474452784305217], [0.15778613282889503, 0.3893200089648704, 0.294889904935059, 0.1580039532711756], [0.2341212231255175, 0.2881941990075112, 0.286824777602843, 0.1908598002641282], [0.262396532928984, 0.29204137527531226, 0.14928907547942802, 0.2962730163162755], [0.20742575640559924, 0.14307653764876616, 0.24260313975107375, 0.40689456619456105], [0.2576640087996787, 0.2570860040478667, 0.10994580975470851, 0.37530417739774624], [0.222070058748428, 0.45191941406650915, 0.10047869859504037, 0.22553182859002233], [0.09960204709193395, 0.2525175148422336, 0.13635732768982026, 0.5115231103760123], [0.20580706048127756, 0.2200719246730492, 0.2330683553316805, 0.34105265951399266], [0.28295039686911266, 0.1628859759520026, 0.336328274892716, 0.21783535228616888], [0.24355389045635162, 0.3948452321151369, 0.10078208769353582, 0.2608187897349757], [0.2546742920210038, 0.18041365423462694, 0.17183847065668775, 0.3930735830876816], [0.2566448125599522, 0.29756174925595663, 0.12176749678248541, 0.3240259414016057], [0.27725519168650115, 0.25839925748456566, 0.288882153611025, 0.17546339721790824], [0.16345012534330322, 0.29080960714159526, 0.2107974090274015, 0.33494285848770006], [0.39570412644034547, 0.28884196618643126, 0.09003893334407208, 0.2254149740291511], [0.17928748543433776, 0.24541870817201292, 0.38405942010076377, 0.1912343862928857], [0.1580791752641634, 0.34138411810831426, 0.23292712189781264, 0.26760958472970964], [0.21843101404992973, 0.276878962605558, 0.245008430572941, 0.25968159277157127], [0.3007664705985878, 0.2670697222192612, 0.15635345168314302, 0.2758103554990082], [0.3839441971716574, 0.24444099892557866, 0.11081919810450969, 0.26079560579825445], [0.3393119722250207, 0.25274205910238384, 0.14130264220387506, 0.26664332646872035], [0.32661849422970546, 0.27979312261009737, 0.10184644353780076, 0.29174193962239653], [0.24045969069295814, 0.3435744871129232, 0.1992445827718939, 0.21672123942222463], [0.13737260187110809, 0.317445481269806, 0.32301626391116267, 0.22216565294792304], [0.21806782291307564, 0.36237497836047805, 0.14431489257534616, 0.2752423061511004], [0.2300310389023497, 0.3220129814893528, 0.1750475679328272, 0.27290841167547036], [0.1631116492787065, 0.19988084506476253, 0.1396832265405805, 0.4973242791159505], [0.30781902750997925, 0.35263591636560293, 0.11129937252763851, 0.22824568359677935], [0.1468126711976305, 0.3093157902085816, 0.12219915903689385, 0.4216723795568942], [0.11495184776707146, 0.6029556233163186, 0.11760838127449569, 0.16448414764211436], [0.19919488510053715, 0.2413826892196873, 0.14781695257375635, 0.4116054731060193], [0.17103693350825122, 0.3004601260940203, 0.3611404749894262, 0.16736246540830227], [0.11334569599028306, 0.4362055999071994, 0.210670537269186, 0.23977816683333147], [0.3443677260043028, 0.2809521857587484, 0.16416489701432244, 0.21051519122262644], [0.22328121476416565, 0.14596767336233385, 0.25225998872987054, 0.3784911231436302], [0.14838030918635453, 0.22983510678386007, 0.4931284464096648, 0.12865613762012051], [0.1256682839776974, 0.36991114309998285, 0.27102102060476474, 0.2333995523175552], [0.11068838451909664, 0.42720426427501923, 0.12307383208360437, 0.3390335191222798], [0.28887674305732064, 0.2628167002806116, 0.16498853921084844, 0.2833180174512193], [0.33624997988484157, 0.3458602901606054, 0.10535292332205655, 0.21253680663249652], [0.2380060116905362, 0.3155180954131027, 0.18282956149163043, 0.26364633140473054], [0.2596959439932545, 0.19956337303238358, 0.26315958808222367, 0.2775810948921382], [0.24574133626286784, 0.24392116193023383, 0.33502843131866566, 0.1753090704882329], [0.19762112424330544, 0.2538444458702086, 0.12999207065793963, 0.4185423592285463], [0.07494553830823046, 0.13804371920358297, 0.7074499680268594, 0.07956077446132724], [0.22280162658947042, 0.1729405956277813, 0.11559894809714821, 0.48865882968560004], [0.15247806952416926, 0.46183963099668895, 0.18819139717421857, 0.1974909023049233], [0.21536034649219452, 0.40703501968064915, 0.1630445849378852, 0.21456004888927122], [0.3151135665771431, 0.35126259486236033, 0.1903650010820014, 0.14325883747849522], [0.21201616285761168, 0.1847773375105967, 0.197619164475277, 0.40558733515651463], [0.22466768532158773, 0.21068275767550937, 0.33284151038422904, 0.2318080466186738], [0.17276912354340335, 0.36265763987411453, 0.1975221370219987, 0.2670510995604837], [0.16198583585778914, 0.37595285698288894, 0.12890310203634248, 0.33315820512297933], [0.16705940802615854, 0.3731516486472312, 0.13924848590272013, 0.32054045742389026], [0.17998382151773112, 0.23898234748193378, 0.37392368354230693, 0.2071101474580284], [0.20485459437730416, 0.3406842361105772, 0.2047027245073412, 0.24975844500477754], [0.19765014132350525, 0.21062791186940358, 0.23489547348122541, 0.3568264733258659], [0.2524029229186733, 0.2765047162501191, 0.2230034381466056, 0.24808892268460223], [0.5544030684179652, 0.1488094128932624, 0.10853256391257284, 0.18825495477619955], [0.16846743486336624, 0.4082244859977935, 0.21370910528391915, 0.20959897385492104], [0.1105477394780063, 0.287354463157782, 0.17665412650949738, 0.4254436708547142], [0.2637090497548574, 0.2858329702530449, 0.14369344871519157, 0.30676453127690606], [0.21182085090318908, 0.25669203931816226, 0.23068924125886345, 0.30079786851978535], [0.22758875485987778, 0.18466168894071955, 0.1556404829246804, 0.4321090732747221], [0.3273384104630035, 0.34402378348343204, 0.1612763932821872, 0.1673614127713773], [0.13935050188682488, 0.3387175621340076, 0.12042047972804934, 0.40151145625111806], [0.2669111406344737, 0.2628819576206201, 0.11410952265786502, 0.35609737908704114], [0.210719004770267, 0.3632551245597744, 0.1490831590170444, 0.2769427116529143], [0.1362080716157322, 0.6364274987901568, 0.0828166581296641, 0.1445477714644468], [0.34793053865217716, 0.2199957758210624, 0.266273814273439, 0.16579987125332132], [0.22842251700115893, 0.2683363223782445, 0.2909760061652887, 0.21226515445530786], [0.26073578426021604, 0.20646589422927333, 0.312850970202375, 0.21994735130813564], [0.3564445318419461, 0.20444583378064526, 0.1335409242708994, 0.3055687101065094], [0.2760173392273857, 0.2770229329674585, 0.14615576221849216, 0.3008039655866636], [0.16748355807030071, 0.5973386496502434, 0.07934744576012137, 0.15583034651933458], [0.4157946008222347, 0.26767198459917796, 0.10918415847117904, 0.20734925610740823], [0.1264166773710688, 0.4188838079011821, 0.1931173832997343, 0.2615821314280149], [0.13346933649832132, 0.34652571083086525, 0.21718785361727944, 0.302817099053534], [0.3020232275344553, 0.22739843122354658, 0.13910365814370673, 0.3314746830982914], [0.22686296571463133, 0.27374653367483737, 0.1745371762212299, 0.32485332438930153], [0.3136051656283583, 0.27035325555460793, 0.1542257341798168, 0.2618158446372169], [0.24922864898988775, 0.2322506978606076, 0.2535896740238053, 0.2649309791256994], [0.08516333737844557, 0.3872050789632143, 0.36857908205147155, 0.1590525016068687], [0.17797176592616393, 0.6063087889708723, 0.09160493474129701, 0.1241145103616668], [0.16278957115034268, 0.23012319000217718, 0.4048249861149017, 0.20226225273257842], [0.20706416697425561, 0.24248954678417023, 0.14281731723460392, 0.4076289690069704], [0.3500354358659481, 0.43399409737325284, 0.07562742148297891, 0.14034304527782013], [0.09221656142129186, 0.25518212367400855, 0.08447875093291135, 0.5681225639717883], [0.16842239133476125, 0.34694865104193556, 0.16071035718682244, 0.3239186004364807], [0.22590967824240868, 0.38110497222171524, 0.2280472162487993, 0.16493813328707685], [0.1729090930452095, 0.24163047994155015, 0.37116146081606427, 0.21429896619717623], [0.1633184894552289, 0.5630109936519648, 0.11317303068511239, 0.16049748620769397], [0.1650089238988311, 0.2572033742600271, 0.14669412541403778, 0.4310935764271039], [0.12489532417456987, 0.19750514244050973, 0.2631114404052001, 0.41448809297972034], [0.2340077638731937, 0.3291023094447236, 0.21240751171567443, 0.2244824149664085], [0.21220782713144692, 0.42017602033185353, 0.14069070392316924, 0.2269254486135303], [0.17104513514175448, 0.2866668079232951, 0.19226913158835757, 0.3500189253465928], [0.20792230294965242, 0.3165728684148588, 0.13036270175132195, 0.3451421268841669], [0.192165308010112, 0.25766171853052544, 0.10427028169880533, 0.4459026917605572], [0.4745206002976706, 0.2023342633237275, 0.12583414745168617, 0.19731098892691568], [0.16866232393052832, 0.3130159157086423, 0.243469231492837, 0.2748525288679924], [0.22829248649449493, 0.2242148292255726, 0.23661868402010364, 0.31087400025982886], [0.17350801036205024, 0.2560969950256427, 0.24343521265850696, 0.32695978195380027], [0.23989522064990962, 0.20802581355166713, 0.1264815901237559, 0.4255973756746673], [0.2302122870176205, 0.23007279020108123, 0.32474326071107573, 0.21497166207022267], [0.2752668394326718, 0.3254516838343149, 0.16090174066832208, 0.2383797360646913], [0.2456550225470774, 0.300239525784535, 0.1022922334701035, 0.3518132181982842], [0.16304219735531786, 0.23963501561794817, 0.1614172034527567, 0.43590558357397713], [0.5356038744697353, 0.2231211324111807, 0.09964351612669439, 0.14163147699238957], [0.11664173179572213, 0.22609959189282572, 0.1070977312764359, 0.5501609450350162], [0.2318641625060732, 0.36360846990638407, 0.1084270012321182, 0.2961003663554246], [0.3070967761242869, 0.3934372229666232, 0.08885629249505286, 0.2106097084140371], [0.15805621922873564, 0.28084268750923297, 0.13133088335751347, 0.42977020990451786], [0.09141668215768356, 0.13070981523744335, 0.6599669049792607, 0.11790659762561247], [0.34114499570657897, 0.31604200041809716, 0.1317835404552806, 0.21102946342004322], [0.22106999213033696, 0.30255202819632887, 0.1781950345205511, 0.29818294515278304], [0.233693607347811, 0.2950227297524019, 0.11965619388481928, 0.3516274690149678], [0.3101087730043781, 0.15972508636136065, 0.12943873788776736, 0.400727402746494], [0.2737555891604075, 0.3878454426092002, 0.1584131732688982, 0.17998579496149425], [0.22405874346254942, 0.16121816301484385, 0.17301593490469527, 0.44170715861791143], [0.30149167365198115, 0.3315505337679645, 0.22299854193406046, 0.14395925064599382], [0.20444634470766554, 0.279661479017802, 0.16859771356827666, 0.3472944627062561], [0.2513439153492515, 0.23370802803416757, 0.12084738467964024, 0.39410067193694076], [0.22913681845204217, 0.21919266701964737, 0.1572112309632183, 0.3944592835650922], [0.2826060920912926, 0.2448221567972828, 0.18499168423968165, 0.28758006687174303], [0.24763206670416485, 0.10540058498718499, 0.21160222014194002, 0.43536512816671], [0.2094382700120492, 0.3204771930955791, 0.25577577819760355, 0.21430875869476818], [0.14008815589695617, 0.2960344925467147, 0.1391889742315926, 0.42468837732473647]]}, "rewritten": {"ids": ["97106770", "97107950", "97110950", "97112300", "98107210", "98109311", "98109570", "98112300", "98112580", "98116090", "99107660", "99108330", "99109840", "99109860", "99110730", "99111930", "99112840", "99113260", "99116500", "100108580", "100109910", "100111620", "100113210", "100116500", "100116790", "100120010", "101108080", "101108121", "101108500", "101108950", "101112540", "101114990", "101115190", "101117580", "101119030", "101119591", "101121640", "102111990", "102112030", "102113350", "102114270", "102118380", "103109791", "103111990", "103113260", "103118110", "103118291", "104110960", "104113240", "104116441", "104116800", "104116980", "105112100", "105113210", "105113440", "105115570", "105115720", "105116650", "105116980", "105118171", "105118230", "105120280", "106113260", "106113830", "106114011", "106114321", "106116441", "106116640", "106116850", "106119580", "106119990", "107113130", "107113170", "107114200", "107117630", "107118120", "107118520", "107119390", "107119950", "108113620", "108113700", "108114360", "108115870", "108116070", "108116501", "108117720", "108119510", "108120060", "109114220", "109116040", "109116750", "109116810", "109117730", "109120150", "110114561", "110114651", "110115890", "110117110", "110118810", "110119300", "110121140", "110121170", "111114121", "111114171", "111115770", "111115780", "111115910", "111116090", "111117000", "111117200", "111118301", "111118820", "111119150", "111119340", "111120190", "111120320", "112116451", "112116540", "112116640", "112116880", "112116990", "112117210", "112117571", "112117580", "112117660", "112117780", "112118930", "112119930", "112120270", "112120630", "112121430", "113117401", "113118111", "113118620", "113119300", "113119480", "113120260", "113120540", "113120751", "113121750", "113122150", "113122430"], "labels": [3, 2, 3, 2, 1, 1, 1, 2, 2, 0, 3, 1, 2, 2, 3, 1, 2, 0, 2, 0, 2, 3, 0, 2, 2, 0, 0, 0, 3, 2, 2, 3, 1, 3, 3, 0, 2, 2, 2, 3, 3, 1, 3, 2, 3, 2, 0, 2, 2, 1, 1, 1, 1, 3, 0, 0, 1, 1, 0, 3, 1, 3, 3, 1, 1, 2, 0, 3, 3, 3, 0, 1, 0, 2, 0, 3, 2, 2, 3, 3, 0, 1, 3, 1, 0, 1, 1, 1, 3, 0, 0, 3, 3, 2, 0, 3, 2, 0, 1, 1, 3, 2, 0, 3, 3, 1, 2, 3, 0, 0, 3, 0, 3, 3, 3, 1, 0, 1, 0, 0, 0, 1, 3, 0, 0, 0, 1, 1, 0, 3, 2, 3, 1, 3, 1, 3, 3, 3, 1, 0, 2, 2], "predicted_labels": [3, 2, 3, 3, 1, 1, 3, 0, 3, 3, 3, 1, 0, 1, 2, 1, 0, 0, 2, 0, 3, 3, 1, 1, 1, 3, 0, 0, 3, 3, 3, 1, 3, 1, 1, 0, 1, 1, 1, 2, 1, 2, 1, 3, 1, 3, 1, 3, 1, 1, 3, 3, 0, 1, 3, 1, 3, 2, 0, 3, 3, 3, 2, 3, 1, 2, 3, 1, 1, 1, 3, 2, 1, 1, 3, 1, 1, 1, 3, 2, 3, 3, 3, 1, 1, 0, 3, 3, 3, 3, 3, 1, 1, 1, 1, 3, 0, 3, 1, 1, 0, 3, 0, 3, 3, 1, 1, 1, 1, 0, 0, 0, 1, 3, 1, 1, 0, 3, 1, 2, 3, 0, 1, 3, 0, 0, 2, 1, 2, 0, 2, 1, 0, 3, 3, 1, 1, 1, 3, 0, 0, 1], "confidence_scores": [[0.18827364318789308, 0.17515932835696027, 0.08895712397071073, 0.547609904484436], [0.16807048192214583, 0.2649439661007342, 0.41252034175437297, 0.1544652102227471], [0.2584803559430916, 0.18313548381882003, 0.13996667231110982, 0.41841748792697847], [0.1889887570047226, 0.22154971627183687, 0.13742401527574108, 0.4520375114476993], [0.16702135409696864, 0.3893558112517261, 0.2695445924503246, 0.17407824220098084], [0.16779176569730198, 0.4001941231550578, 0.14261503186146465, 0.2893990792861756], [0.2932679623024922, 0.24471838531236126, 0.07168436220471781, 0.39032929018042867], [0.42058775124804, 0.2853053154784687, 0.11240843443068968, 0.18169849884280168], [0.17242176095701695, 0.32855025647643193, 0.1076108250375251, 0.39141715752902595], [0.16189226772793605, 0.20988734887520477, 0.2311955881102533, 0.39702479528660595], [0.2566893979498718, 0.22555820732600226, 0.22082041681968, 0.29693197790444587], [0.2031837388097142, 0.35849867301288174, 0.14712797642653658, 0.29118961175086744], [0.3859987094564248, 0.19488164753460754, 0.1812391558656421, 0.23788048714332566], [0.194128625522744, 0.28511525558864514, 0.2565834441991297, 0.26417267468948114], [0.15303647509023013, 0.19064052858294922, 0.5108960560574974, 0.14542694026932315], [0.16898337476837025, 0.34833782404953, 0.2064709649926505, 0.2762078361894492], [0.4078101126799049, 0.24093685228837447, 0.15545011079882437, 0.1958029242328963], [0.3139987088013702, 0.24797420144910726, 0.2537505588454992, 0.18427653090402357], [0.10335614965422363, 0.34768923878609403, 0.3757388942594542, 0.1732157173002282], [0.4108520618645336, 0.10115599463034708, 0.2545110978657734, 0.23348084563934607], [0.18689594714152857, 0.2350485372729564, 0.27270514991745676, 0.3053503656680583], [0.3211482573996809, 0.21077772409391884, 0.14611895166579297, 0.3219550668406074], [0.19035016376764347, 0.399308173941798, 0.2005178048203812, 0.2098238574701775], [0.21026758894493155, 0.5883213570401861, 0.07424822368964093, 0.12716283032524142], [0.2228134611039366, 0.32865631123493294, 0.2478727287926423, 0.20065749886848822], [0.13529113452032665, 0.2543678441027217, 0.24617653591102667, 0.36416448546592506], [0.3997389536082362, 0.3549011173720793, 0.08643487675573525, 0.15892505226394923], [0.44428080990641816, 0.2620059110086531, 0.1202508042905238, 0.17346247479440494], [0.18537315274964408, 0.2801784335062425, 0.1448719583162191, 0.3895764554278944], [0.2483852997849965, 0.2543874424076726, 0.11322380269245703, 0.38400345511487394], [0.2641212877605063, 0.18752093499202663, 0.15715405292200052, 0.39120372432546635], [0.13772442464548068, 0.5639179837969945, 0.11618239406257401, 0.18217519749495095], [0.12411691915484649, 0.21525989929762224, 0.14327115628251477, 0.5173520252650166], [0.26793252451084243, 0.37481875446507873, 0.15354951786831197, 0.20369920315576687], [0.2500694427601501, 0.4124440837274004, 0.0870974098626138, 0.2503890636498359], [0.35630218624967935, 0.28259285502127124, 0.1206912058000104, 0.24041375292903924], [0.16594665831677924, 0.4434551061982571, 0.11924308077364372, 0.27135515471132], [0.23354542337321424, 0.3946956054912876, 0.1553758222017549, 0.21638314893374327], [0.13620797572364224, 0.5172342538140243, 0.172427868661107, 0.17412990180122653], [0.15784678948573622, 0.15407546974572195, 0.48007081247364786, 0.20800692829489384], [0.2949888194870645, 0.32870424113095964, 0.15084800892634498, 0.22545893045563095], [0.19215084637075816, 0.28486997569481043, 0.3195029130219548, 0.2034762649124766], [0.2995194846508056, 0.3413095727870761, 0.14440237354195953, 0.21476856902015873], [0.2844750614579792, 0.2015080862311243, 0.12785589647739162, 0.38616095583350496], [0.19477633578637585, 0.4888719235413868, 0.14850971584724598, 0.16784202482499147], [0.09467661253241369, 0.31193887508553847, 0.14440622286867905, 0.44897828951336893], [0.16489563145118924, 0.38006661816223636, 0.14526356477842597, 0.30977418560814846], [0.23127086536629632, 0.19453142288599376, 0.1628259671482746, 0.4113717445994352], [0.15876309565417915, 0.4251877136547392, 0.15045828757601934, 0.26559090311506217], [0.2769966070708333, 0.3323236168797533, 0.1522746912780168, 0.23840508477139674], [0.20540471054309511, 0.28221780165152244, 0.11211146174185803, 0.40026602606352446], [0.10105305389890365, 0.296710746553528, 0.1577465470031764, 0.44448965254439193], [0.31157521462195964, 0.2700920768093813, 0.21355987220399494, 0.20477283636466415], [0.23817261968594133, 0.5280090893741904, 0.11198213716379683, 0.1218361537760714], [0.28594468182975397, 0.24443749554874866, 0.15635018629654046, 0.31326763632495697], [0.23689187303410758, 0.3357685079647691, 0.1823364149184485, 0.24500320408267476], [0.10710352939198468, 0.19655551005696623, 0.25855669239962564, 0.4377842681514234], [0.17412400385460974, 0.2628708588030127, 0.37037588027936824, 0.19262925706300937], [0.3527680537646565, 0.2597235900614459, 0.12097760572849355, 0.2665307504454042], [0.1841303179925764, 0.2303108142256778, 0.09983108866079178, 0.48572777912095405], [0.18948725351284107, 0.327901117062756, 0.1324899665920189, 0.350121662832384], [0.21145401637129985, 0.24864497201502211, 0.10920320704331538, 0.43069780457036266], [0.17049740437025793, 0.22498836067131028, 0.42826241936170784, 0.17625181559672384], [0.28021261095238464, 0.25669791540275966, 0.12293435126280801, 0.3401551223820478], [0.16410478359081113, 0.5615768525916991, 0.07822316104696633, 0.19609520277052347], [0.19333739099315245, 0.17174683206694275, 0.3355452973040323, 0.2993704796358725], [0.21890778634178656, 0.2521406644129525, 0.12689001010143122, 0.4020615391438298], [0.2408871070125181, 0.33495535450861885, 0.15621427706675522, 0.267943261412108], [0.18388667574942816, 0.39143160053898934, 0.18946110130579977, 0.23522062240578273], [0.11900389250336996, 0.37099647969775, 0.2355596977319832, 0.274439930066897], [0.3037984498812354, 0.21543900589335535, 0.1307233329516511, 0.35003921127375826], [0.19507518008179406, 0.2348386905222498, 0.4521487210427666, 0.11793740835318954], [0.1648653777143632, 0.34945874907376917, 0.2745734749106865, 0.21110239830118116], [0.13062153959208264, 0.42576149718716894, 0.10890678691289722, 0.3347101763078512], [0.29048760406522994, 0.21104891158597888, 0.1882717717150701, 0.31019171263372103], [0.2379874219490765, 0.36692567651708535, 0.19430039020709755, 0.2007865113267406], [0.2254888984295056, 0.39086089012293385, 0.18916758637559403, 0.19448262507196665], [0.20903001414700262, 0.33070892926479345, 0.1749759699006086, 0.2852850866875955], [0.21968235781440262, 0.25881186707144244, 0.13924960486435958, 0.3822561702497955], [0.1564860174676483, 0.18618955243465266, 0.4277682982744972, 0.22955613182320184], [0.11725521607129623, 0.34327904167300205, 0.10397493123604588, 0.43549081101965587], [0.2946960336007833, 0.24457244900279662, 0.1384113813543774, 0.3223201360420428], [0.23989289935847638, 0.24943579288172923, 0.20300718417989497, 0.3076641235798995], [0.23654475008202577, 0.3926467933886572, 0.13239025980662328, 0.23841819672269388], [0.19567455586386295, 0.57355421204035, 0.08404131521373688, 0.1467299168820501], [0.32675022893735467, 0.2673637948547755, 0.10149174407976458, 0.3043942321281051], [0.1382516549114145, 0.2793244411714147, 0.1948898929170071, 0.3875340110001638], [0.18611441054427963, 0.32776303131510603, 0.10900617177210692, 0.3771163863685075], [0.38050990272439505, 0.13428551466399707, 0.10210681173852572, 0.38309777087308217], [0.1779647082759743, 0.29422747205096966, 0.14490545234043897, 0.382902367332617], [0.3036222469557929, 0.23432975016574528, 0.13920635085510139, 0.3228416520233604], [0.22787401712146563, 0.2988610328065955, 0.23837871969079807, 0.23488623038114084], [0.216597393587901, 0.32303466837668043, 0.14150575634543003, 0.3188621816899887], [0.23216905966196563, 0.32950323152303274, 0.1731782875245577, 0.26514942129044416], [0.19413519447982452, 0.3055426636081985, 0.22360363456726906, 0.2767185073447081], [0.2087989038968116, 0.25760701673056746, 0.16738451285655861, 0.36620956651606246], [0.3242096010151564, 0.27761387291326634, 0.192734301890195, 0.20544222418138244], [0.16205264104771866, 0.3012101793367069, 0.16460769514828716, 0.37212948446728733], [0.2800252216135605, 0.3642317158024294, 0.1381827695980711, 0.21756029298593899], [0.2201336174222709, 0.3923983286595815, 0.15750929813802278, 0.2299587557801248], [0.36734074918075305, 0.31172325968437603, 0.13398655964120482, 0.18694943149366616], [0.2627517479654401, 0.22957212151085307, 0.1216957880077957, 0.3859803425159113], [0.4790495377876399, 0.2062258711151033, 0.1127609047249854, 0.2019636863722714], [0.1744517932483098, 0.22919916127931664, 0.06741370159368676, 0.5289353438786868], [0.14327421954385208, 0.2186709543699337, 0.2112545044864539, 0.4268003215997602], [0.18997782087947426, 0.3704879783738864, 0.16784387739242393, 0.2716903233542156], [0.16719786597088845, 0.46211293033856127, 0.18769297942953553, 0.1829962242610147], [0.186678042018829, 0.4760956601893476, 0.08137042067969678, 0.2558558771121266], [0.20811058654398262, 0.4529287027969229, 0.12813660274491523, 0.21082410791417927], [0.41836729067841466, 0.25811055193168, 0.12950829855521645, 0.19401385883468894], [0.3795680723076309, 0.20894324354859553, 0.12543636853323326, 0.2860523156105402], [0.42343025962928627, 0.2289211550550204, 0.12392237494054997, 0.2237262103751433], [0.34972269567919184, 0.35996249559395693, 0.09090178269801537, 0.19941302602883595], [0.24265144174566147, 0.2753820615121595, 0.153814633390032, 0.3281518633521472], [0.12133536766525885, 0.3921831922301974, 0.1993613842663933, 0.2871200558381504], [0.1322006267126473, 0.42226755267397503, 0.14405114501124622, 0.30148067560213143], [0.35837270862096793, 0.288918318181839, 0.12035774135368987, 0.23235123184350323], [0.1326723357151556, 0.3050945666466028, 0.24712698878945483, 0.3151061088487868], [0.21787852422518486, 0.39078132702364055, 0.15999391147096725, 0.23134623728020748], [0.2731381804301866, 0.2749695918843839, 0.28029348410449323, 0.17159874358093616], [0.1238448695787541, 0.28288981462021734, 0.20260685332876457, 0.390658462472264], [0.29599599563607526, 0.23324971762725435, 0.23799380277368937, 0.2327604839629811], [0.2745062049824712, 0.29885354537036696, 0.13850946926493093, 0.288130780382231], [0.21234669043011528, 0.1606389681029638, 0.0786126490581457, 0.5484016924087751], [0.47880290120627766, 0.16884113955326266, 0.11719927516095566, 0.2351566840795041], [0.3664070157864065, 0.2665940035453358, 0.1264626867001304, 0.24053629396812728], [0.13949310268648465, 0.18932579658895446, 0.5069857434402347, 0.16419535728432616], [0.16210794910559892, 0.33185622865972, 0.20994826920231988, 0.2960875530323612], [0.2111251221339959, 0.14430073959310066, 0.39504960207851536, 0.24952453619438814], [0.42791923276412, 0.21983467765046816, 0.09239267950452591, 0.2598534100808859], [0.07800718171384569, 0.10184961734931412, 0.7329404044932574, 0.08720279644358304], [0.29651214897284417, 0.3924529890134047, 0.11388086871105021, 0.19715399330270114], [0.48137846329015616, 0.20882538230345987, 0.11968021091678191, 0.19011594348960223], [0.2559186277741243, 0.2617963305215619, 0.16679709843828283, 0.31548794326603113], [0.22293888209761875, 0.2489321070414732, 0.20032807163730165, 0.3278009392236065], [0.30058757727833474, 0.3280435569273885, 0.16266116561947233, 0.2087077001748045], [0.21536147382401372, 0.33070183684423426, 0.18859753447941063, 0.2653391548523412], [0.25396566294273387, 0.4232135683096248, 0.108100160015555, 0.21472060873208645], [0.2434814870554444, 0.28548645467755657, 0.11605117087915519, 0.35498088738784406], [0.40982213519596217, 0.2620651347685949, 0.11629008218023706, 0.21182264785520583], [0.4203328351696279, 0.2627079890962828, 0.155758407043536, 0.16120076869055336], [0.15156892940822175, 0.40633452855703006, 0.07237456894973286, 0.36972197308501537]]}}