{"test": {"ids": ["99121440", "101111620", "112116610", "105112260", "109115220", "102117351", "107114140", "109117730", "110118181", "102110050", "112116900", "111114321", "99108460", "109119340", "99108310", "98107010", "110115710", "97106820", "112120670", "110118161", "98111620", "113120601", "109118820", "105114220", "111120220", "98108150", "101108460", "102112030", "99109780", "99109840", "104111780", "110118880", "102112250", "99109370", "99109910", "99117740", "109120621", "102110750", "110119891", "99111340", "102111990", "106115250", "105120621", "104111711", "100109910", "112116800", "110120640", "108118301", "105115570", "111117480", "109121351", "99109740", "112119120", "113120640", "113119450", "109120560", "111116411", "100108520", "103111110", "110118450", "111115770", "112118550", "101110200", "113117401", "105115900", "112119610", "110116441", "105117200", "97116500", "110118121", "102113981", "109116040", "100109980", "98111231", "107114321", "105116090", "97112300", "98112170", "100113210", "112117030", "109118161", "102110500", "107117010", "104118340", "103110760", "97116800", "112118511", "112117461", "113122510", "98110230", "98106880", "97106970", "111116010", "112116501", "108121190", "110116290", "99107660", "110117080", "97109080", "99109311", "103113640", "99107950", "97109570", "106114150", "110117500", "108114200", "101114020", "104111531", "102113210", "110113931", "98111670", "101108121", "105113440", "108114270", "109117110", "107120130", "98112580", "112119580", "106114880", "108118520", "99116500", "105119550", "110120531", "111119150", "106113170", "109114720", "107113170", "111116170", "99105921", "97116401", "100108580", "112118701", "100109890", "106117650", "105118740", "109114651", "109117600", "108113760", "109117150", "108113700", "113117340", "108118060"], "labels": [2, 3, 1, 3, 3, 1, 2, 3, 1, 3, 3, 1, 0, 3, 2, 3, 2, 1, 2, 0, 3, 2, 3, 3, 3, 0, 0, 2, 2, 2, 3, 0, 0, 1, 2, 2, 1, 1, 3, 1, 2, 2, 1, 1, 2, 0, 0, 1, 0, 1, 0, 3, 1, 0, 3, 1, 0, 2, 3, 0, 3, 3, 2, 3, 3, 0, 3, 3, 2, 3, 1, 0, 1, 1, 0, 1, 2, 3, 0, 2, 0, 3, 1, 2, 1, 0, 1, 0, 2, 3, 0, 2, 1, 3, 1, 2, 3, 1, 2, 1, 1, 1, 0, 1, 1, 0, 3, 0, 3, 1, 1, 0, 0, 3, 1, 2, 2, 3, 0, 0, 2, 1, 0, 3, 0, 0, 0, 0, 1, 3, 0, 0, 3, 1, 1, 3, 1, 1, 2, 0, 2, 1], "predicted_labels": [2, 0, 0, 3, 0, 1, 1, 2, 1, 3, 0, 1, 2, 3, 1, 0, 1, 3, 1, 3, 1, 3, 0, 0, 0, 2, 0, 2, 2, 2, 1, 3, 0, 1, 2, 0, 3, 2, 1, 2, 2, 1, 0, 1, 1, 3, 3, 1, 1, 1, 0, 3, 3, 0, 0, 3, 3, 2, 3, 1, 0, 0, 1, 3, 3, 1, 1, 1, 3, 3, 3, 1, 3, 0, 1, 1, 2, 0, 0, 1, 1, 0, 1, 1, 3, 0, 1, 3, 1, 1, 1, 2, 2, 3, 1, 0, 3, 3, 1, 0, 3, 1, 3, 1, 0, 1, 0, 3, 1, 0, 0, 3, 1, 3, 1, 1, 0, 0, 2, 0, 2, 1, 0, 1, 1, 1, 3, 1, 1, 1, 3, 3, 3, 1, 1, 3, 2, 0, 1, 3, 3, 1], "confidence_scores": [[0.07514043754074781, 0.029234004347249227, 0.8942137760192346, 0.0014117820927682706], [0.3718977625777111, 0.2213163764083929, 0.3160888442635655, 0.09069701675033055], [0.7854641788085576, 0.0878631062080713, 0.09612196644735047, 0.030550748536020574], [0.007346351926522166, 0.20698516758936078, 0.011885943901886228, 0.773782536582231], [0.69480371785509, 0.20777408726547594, 0.027235009368260978, 0.07018718551117326], [0.029099926407003027, 0.7155624063907603, 0.01292277671993696, 0.24241489048229978], [0.005623082178970839, 0.6719738828231137, 0.16019815341452623, 0.1622048815833893], [0.26862157714408524, 0.19066272379104993, 0.320215781844254, 0.22049991722061094], [0.19164821783671282, 0.7292881126591766, 0.07573371364060696, 0.0033299558635034874], [0.02662492669006352, 0.14961173008095077, 0.12438259602505294, 0.6993807472039326], [0.5409088395625627, 0.052419607210472785, 0.07543948044815033, 0.3312320727788141], [0.13968086437705818, 0.41207508711045593, 0.04363981349527834, 0.4046042350172076], [0.05964521896117086, 0.22375833866968003, 0.4738511728136505, 0.2427452695554986], [0.028410568798040964, 0.41463649026877025, 0.02136259635328372, 0.5355903445799051], [0.3871760667054166, 0.398028506023431, 0.19516964560345063, 0.01962578166770168], [0.5310433098840633, 0.2175275509527433, 0.07445061982276834, 0.17697851934042513], [0.1748949105170494, 0.7525607185828561, 0.03502366364405693, 0.03752070725603743], [0.3187941848709817, 0.2866767315537401, 0.06480629705688362, 0.3297227865183945], [0.13663628852090615, 0.644806810060499, 0.027121107107190196, 0.19143579431140456], [0.1288286628098643, 0.3249291189195223, 0.04508522481653961, 0.5011569934540738], [0.003438229392021359, 0.475111265820859, 0.4063027803792671, 0.11514772440785254], [0.05473455461355735, 0.3531546776712055, 0.23267476381311283, 0.3594360039021244], [0.6672039573923862, 0.22408703003773842, 0.011532106215378726, 0.09717690635449652], [0.7152278549843386, 0.026300983526913648, 0.013624174655572526, 0.24484698683317518], [0.4204069167525254, 0.34861289952625835, 0.08471230778989686, 0.1462678759313195], [0.13161294332956214, 0.04366345621884797, 0.706446677702709, 0.11827692274888095], [0.606660417329462, 0.0027508611309187392, 0.027170223578248838, 0.3634184979613705], [0.14774034526140006, 0.038857362834098984, 0.7135864235728199, 0.09981586833168098], [0.10884820890099914, 0.023172685051551675, 0.8298317657862486, 0.03814734026120065], [0.06616193360163702, 0.20187472565622264, 0.71275475929766, 0.019208581444480326], [0.08321384242751502, 0.5807892947628344, 0.04204815470634268, 0.29394870810330803], [0.17758264855712336, 0.010023010281098194, 0.0009023755131182611, 0.8114919656486602], [0.7689707361774237, 0.0021220177580592095, 0.014821456489364561, 0.21408578957515254], [0.027103698955923978, 0.8297665327685871, 0.04015156749777706, 0.10297820077771168], [0.14780741720432608, 0.3505704820046887, 0.4612954578029073, 0.04032664298807781], [0.644952731118218, 0.12506764900512507, 0.154949974046714, 0.0750296458299428], [0.02486339819044157, 0.13052269847370646, 0.0018767873295826138, 0.8427371160062694], [0.0025421875822184137, 0.03511443192959532, 0.9608569014215839, 0.0014864790666024052], [0.17006817499761373, 0.7937159160697482, 0.007681824316822521, 0.028534084615815265], [0.020743457722632565, 0.3346821623560707, 0.5070288393599421, 0.13754554056135465], [0.2664701879188426, 0.1484678465009157, 0.3247467446377055, 0.26031522094253634], [0.12908243274465017, 0.7340716866981465, 0.10151362872854269, 0.03533225182866064], [0.948332878107827, 0.02639697656692931, 0.0003975973274777493, 0.024872547997766063], [0.08696266084259349, 0.5425905067022349, 0.07407065821602608, 0.2963761742391456], [0.23172359990899366, 0.3602490179274283, 0.2427024775874261, 0.16532490457615184], [0.005551193762984998, 0.4441108211724951, 0.0024257661231221867, 0.5479122189413977], [0.3838493181330412, 0.007827536041038754, 0.012780844679740512, 0.5955423011461796], [0.013030532944687225, 0.8103296808692084, 0.008888175425426527, 0.16775161076067793], [0.06991181890389879, 0.6393620593182242, 0.22653540104272554, 0.06419072073515149], [0.31224826738176753, 0.5262066103364088, 0.08477180829180869, 0.07677331399001497], [0.3781684523575486, 0.20955974133234748, 0.04634805813029864, 0.36592374817980533], [0.04370007527777348, 0.14926683548452202, 0.06651202718250228, 0.7405210620552022], [0.3006449498932548, 0.04746380134532444, 0.004848216486490952, 0.6470430322749298], [0.5772331461561908, 0.12112132231034595, 0.013698351171898928, 0.28794718036156425], [0.5503339129157118, 0.28904673710953616, 0.029728967751143226, 0.1308903822236088], [0.20632815397208865, 0.14299732981777322, 0.1933277394804693, 0.4573467767296689], [0.33127496465531653, 0.011098117273364983, 0.001887577549099806, 0.6557393405222187], [0.013150810232172646, 0.01107371346444428, 0.8498062880489613, 0.12596918825442163], [0.47509885656130063, 0.01338783761532038, 0.02563995401751397, 0.48587335180586516], [0.006653404696891025, 0.9507495124554914, 0.03615443224695204, 0.006442650600665491], [0.705887642801441, 0.04863546796808924, 0.00897290113199384, 0.23650398809847586], [0.6897329859091073, 0.033949446426543635, 0.006196459481408589, 0.2701211081829404], [0.07224643841732856, 0.5501831338989134, 0.12215281808887833, 0.2554176095948798], [0.10700867100551908, 0.37697189219127347, 0.0023839695667674052, 0.51363546723644], [0.28306849622225616, 0.1392823157021417, 0.012996426265644253, 0.5646527618099578], [0.0011048526531648262, 0.9323725101591543, 0.02804786471852733, 0.038474772469153484], [0.01348596914653287, 0.5444578906578115, 0.029410883291574128, 0.41264525690408155], [0.029466203987730605, 0.42564296246641903, 0.21815540718220772, 0.32673542636364267], [0.07386397705996313, 0.35509895181914797, 0.19977520415851258, 0.3712618669623763], [0.009027960944068863, 0.12913721762054428, 0.004167389848976277, 0.8576674315864107], [0.35864962709001946, 0.0589110497534545, 0.005249270849675926, 0.5771900523068502], [0.017897668892971574, 0.6096025334897571, 0.012125075867853729, 0.3603747217494175], [0.053595659080571734, 0.12886139193247206, 0.10552747285242364, 0.7120154761345325], [0.7019948736801933, 0.14222425606235944, 0.11707460607634271, 0.038706264181104656], [0.22802981993504448, 0.7033265745567652, 0.003957748811828485, 0.0646858566963618], [0.24805323793771789, 0.6950802263128241, 0.004211056172422304, 0.052655479577035716], [0.049488165211035634, 0.006789972146806281, 0.7961263876875665, 0.14759547495459163], [0.5011017604178223, 0.01644190588396643, 0.07213501492996073, 0.4103213187682505], [0.5452813280419507, 0.14283359500831802, 0.03468157048580501, 0.27720350646392633], [0.1400613814057963, 0.391249250784587, 0.1222393087859804, 0.3464500590236363], [0.3793614554839751, 0.4465144648692915, 0.018614087772070676, 0.15550999187466272], [0.5240378056304643, 0.020948643942140927, 0.1001795624149816, 0.3548339880124131], [0.059674912195620454, 0.737067293246925, 0.03892067014197862, 0.164337124415476], [0.1085864337156318, 0.48158215700532453, 0.33233144893109334, 0.07749996034795026], [0.019260142962512262, 0.1921410799093012, 0.10634830733075684, 0.6822504697974298], [0.8878369985722622, 0.030344331719199306, 0.037058231804812526, 0.044760437903725823], [0.3413872743248522, 0.452072675795119, 0.14214334696523306, 0.06439670291479568], [0.16203761786932605, 0.3001994415327017, 0.04785325057526133, 0.48990969002271084], [0.04402392725406776, 0.3822014568021524, 0.26821051851592614, 0.30556409742785373], [0.24864455880443045, 0.5597404970321784, 0.13483017319764737, 0.056784770965743706], [0.07698782237121561, 0.6521105961944511, 0.2391715430455041, 0.03173003838882908], [0.010800247443799423, 0.3861321803168482, 0.4850896811200279, 0.11797789111932437], [0.012669427974691666, 0.2438293574773907, 0.5774139701848601, 0.1660872443630576], [0.1803120312490866, 0.0955958469507808, 0.021471291156114142, 0.7026208306440185], [0.008001939872447088, 0.624722052458469, 0.15658036514075438, 0.2106956425283295], [0.9024228919319968, 0.05496258796463614, 0.010410848446981098, 0.03220367165638602], [0.4234015903241007, 0.008230140816989605, 0.005495420850605987, 0.5628728480083037], [0.008584066612976329, 0.03510351196967021, 0.029227305494508922, 0.9270851159228445], [0.011572523520016037, 0.5126491611032438, 0.08638659865482684, 0.3893917167219132], [0.7128952397392383, 0.25025494571279167, 0.011072359400704815, 0.02577745514726526], [0.4267956376759403, 0.017270084080226518, 0.009625717322752334, 0.5463085609210809], [0.0018076416868662596, 0.9694499583604422, 0.026615396601309693, 0.0021270033513819705], [0.21699320679205278, 0.04951299723876902, 0.2680383318525256, 0.46545546411665256], [0.18088848149226933, 0.4391643538602601, 0.2225036288306343, 0.15744353581683634], [0.6465137277027355, 0.25931579559396295, 0.007041946466364027, 0.08712853023693744], [0.030908779071189975, 0.9190013389234045, 0.030910704212213893, 0.019179177793191542], [0.577516876629882, 0.0386956067696815, 0.05062371594458692, 0.3331638006558496], [0.1328296410996429, 0.24600522150737492, 0.0895541695312402, 0.531610967861742], [0.03216759281961509, 0.7111392607167939, 0.07361687613325324, 0.18307627033033774], [0.4684308618871063, 0.04535174731861327, 0.11915998644951033, 0.3670574043447699], [0.597979913128694, 0.14090919876305033, 0.06490339499312249, 0.19620749311513294], [0.289700561105388, 0.023086051824564774, 0.004711359088943143, 0.682502027981104], [0.004685069710567886, 0.7461124163141936, 0.23949145643166875, 0.009711057543569825], [0.0814976328419766, 0.19310937601451642, 0.02608746069377057, 0.6993055304497364], [0.06401529328454608, 0.5440311129563482, 0.07984579195203975, 0.312107801807066], [0.0019433408600926687, 0.9781524553466974, 0.015796563050618603, 0.004107640742591145], [0.6303462152747875, 0.043155586217342695, 0.2870300900887364, 0.03946810841913342], [0.8937647265832345, 0.0010845206984028202, 0.0033636186601133113, 0.10178713405824932], [0.029246377705943957, 0.27860541895482727, 0.6510760886498211, 0.041072114689407614], [0.9633815712022459, 0.014563341421056432, 0.015030179399150478, 0.007024907977547401], [0.019286679672947945, 0.13356254692955385, 0.5798410658938083, 0.2673097075036899], [0.049370742133759034, 0.5191401946349858, 0.2787694619934427, 0.15271960123781253], [0.6824086598461625, 0.06453113254594871, 0.009973681143388174, 0.24308652646450069], [0.2254929678186355, 0.6885294040430431, 0.010926030605739896, 0.07505159753258152], [0.19444753287135555, 0.6310198456592221, 0.004708324881772365, 0.16982429658765008], [0.009203633125957336, 0.7107505350001759, 0.05744607094215156, 0.2225997609317152], [0.42162349491780027, 0.039555259601915076, 0.06659144399084756, 0.47222980148943716], [0.09199858495788936, 0.790666252865712, 0.023931350622690348, 0.09340381155370835], [0.07569288939726557, 0.7319701477439637, 0.0430006582122273, 0.1493363046465434], [0.0869622568700998, 0.7677527293647233, 0.07835949092921758, 0.06692552283595936], [0.2120374362866031, 0.03407139208453254, 0.21718756009319648, 0.5367036115356679], [0.05878788377234581, 0.23930637362669588, 0.0014822576223994558, 0.7004234849785588], [0.022000403598896674, 0.03895444711411397, 0.13148449227011602, 0.8075606570168733], [0.16005297843369057, 0.5862604809092665, 0.14421197700271418, 0.10947456365432873], [0.05875327787616494, 0.5343492802183939, 0.27177450000816133, 0.13512294189727986], [0.15670627472185492, 0.3693435190150162, 0.012269990052504991, 0.46168021621062405], [0.4009178246261606, 0.08077608009377808, 0.41775728216865055, 0.10054881311141073], [0.5528070713265635, 0.15740605423663437, 0.2499831552400109, 0.039803719196791286], [0.0030740221319216035, 0.9655595656208719, 0.011022826385190974, 0.0203435858620158], [0.007012057282394215, 0.16752761239498065, 0.1548831801063046, 0.6705771502163206], [0.09727222846486443, 0.1866275674510453, 0.03949565682518722, 0.6766045472589032], [0.19024667877035273, 0.38264646520424134, 0.12933965090634356, 0.2977672051190624]]}, "rewritten": {"ids": ["97106820", "97106970", "97109080", "97109570", "97112300", "97116401", "97116500", "97116800", "98106880", "98107010", "98108150", "98110230", "98111231", "98111620", "98111670", "98112170", "98112580", "99105921", "99107660", "99107950", "99108310", "99108460", "99109311", "99109370", "99109740", "99109780", "99109840", "99109910", "99111340", "99116500", "99117740", "99121440", "100108520", "100108580", "100109890", "100109910", "100109980", "100113210", "101108121", "101108460", "101110200", "101111620", "101114020", "102110050", "102110500", "102110750", "102111990", "102112030", "102112250", "102113210", "102113981", "102117351", "103110760", "103111110", "103113640", "104111531", "104111711", "104111780", "104118340", "105112260", "105113440", "105114220", "105115570", "105115900", "105116090", "105117200", "105118740", "105119550", "105120621", "106113170", "106114150", "106114880", "106115250", "106117650", "107113170", "107114140", "107114321", "107117010", "107120130", "108113700", "108113760", "108114200", "108114270", "108118060", "108118301", "108118520", "108121190", "109114651", "109114720", "109115220", "109116040", "109117110", "109117150", "109117600", "109117730", "109118161", "109118820", "109119340", "109120560", "109120621", "109121351", "110113931", "110115710", "110116290", "110116441", "110117080", "110117500", "110118121", "110118161", "110118181", "110118450", "110118880", "110119891", "110120531", "110120640", "111114321", "111115770", "111116010", "111116170", "111116411", "111117480", "111119150", "111120220", "112116501", "112116610", "112116800", "112116900", "112117030", "112117461", "112118511", "112118550", "112118701", "112119120", "112119580", "112119610", "112120670", "113117340", "113117401", "113119450", "113120601", "113120640", "113122510"], "labels": [1, 2, 2, 0, 2, 3, 2, 0, 0, 3, 0, 3, 1, 3, 1, 3, 2, 1, 3, 1, 2, 0, 1, 1, 3, 2, 2, 2, 1, 2, 2, 2, 2, 0, 3, 2, 1, 0, 0, 0, 2, 3, 3, 3, 3, 1, 2, 2, 0, 3, 1, 1, 1, 3, 1, 0, 1, 3, 2, 3, 0, 3, 0, 3, 1, 3, 1, 1, 1, 0, 1, 0, 2, 1, 0, 2, 0, 1, 2, 0, 1, 0, 3, 1, 1, 0, 1, 3, 0, 3, 0, 1, 2, 1, 3, 0, 3, 3, 1, 1, 0, 1, 2, 2, 3, 1, 1, 3, 0, 1, 0, 0, 3, 0, 0, 1, 3, 1, 0, 0, 1, 3, 3, 3, 1, 0, 3, 2, 0, 1, 3, 0, 1, 3, 0, 2, 2, 3, 3, 2, 0, 2], "predicted_labels": [1, 2, 1, 0, 2, 1, 1, 0, 0, 2, 3, 1, 0, 2, 1, 0, 3, 3, 3, 1, 1, 1, 0, 1, 3, 2, 2, 2, 1, 2, 0, 2, 2, 0, 3, 0, 3, 3, 3, 3, 3, 2, 0, 1, 3, 2, 3, 2, 0, 1, 3, 3, 2, 0, 0, 3, 1, 3, 1, 3, 2, 0, 1, 0, 0, 3, 3, 1, 0, 3, 1, 2, 1, 1, 0, 1, 1, 1, 1, 3, 0, 1, 1, 3, 3, 0, 2, 3, 1, 0, 1, 3, 1, 0, 3, 1, 0, 1, 3, 3, 1, 0, 0, 0, 3, 3, 0, 3, 3, 1, 1, 3, 1, 0, 3, 3, 0, 1, 0, 3, 3, 1, 0, 0, 0, 1, 3, 3, 3, 0, 0, 1, 3, 0, 1, 3, 3, 3, 1, 3, 3, 2], "confidence_scores": [[0.062116356317191396, 0.5897863265750247, 0.02495114316337016, 0.32314617394441375], [0.01017534144979588, 0.23515419068695265, 0.753106722050659, 0.0015637458125925374], [0.010356242076223437, 0.5514838212759658, 0.28151358878496996, 0.15664634786284073], [0.5054552711728865, 0.01762279041050703, 0.16847548261067097, 0.30844645580593555], [0.3655120451344677, 0.010202907899091363, 0.4450550342287066, 0.17923001273773434], [0.10104082727030367, 0.8159382783373624, 0.03186369116530409, 0.05115720322702964], [0.027458033798607926, 0.617136309927559, 0.0981700055723721, 0.25723565070146076], [0.5133451697885727, 0.1967171371606329, 0.0403026868496687, 0.24963500620112566], [0.6086796866419664, 0.22751316846340347, 0.14815630729322074, 0.015650837601409368], [0.1128847338681137, 0.02024576074688933, 0.7553824282617521, 0.11148707712324493], [0.07584124969167207, 0.026210632834227796, 0.16984723903623403, 0.7281008784378662], [0.05258244434447151, 0.5292775839717471, 0.005582830274185891, 0.4125571414095956], [0.45166175276828185, 0.33448982453988435, 0.0676857868154779, 0.14616263587635606], [0.0012784358233133301, 0.1551069608265174, 0.8281642808545292, 0.015450322495639985], [0.1385597621856997, 0.5356273867463665, 0.17612660187344262, 0.14968624919449128], [0.5058092568486513, 0.027246858129763282, 0.07001091605586603, 0.3969329689657194], [0.012722246114815242, 0.24197687129277287, 0.33903882790674467, 0.4062620546856672], [0.008147432888850684, 0.11151196178676158, 0.06655548925579842, 0.8137851160685893], [0.19838948583713928, 0.006187113621250088, 0.004723338830333761, 0.7907000617112768], [0.0013653512697259689, 0.9793152141319457, 0.011040980797714947, 0.008278453800613214], [0.4148928523006833, 0.4165474627191789, 0.1293821380271207, 0.039177546953017166], [0.02561933405061106, 0.8910048667877289, 0.06050500317826433, 0.022870795983395517], [0.42045303832567676, 0.30491657841840836, 0.1149994169807565, 0.15963096627515844], [0.014853696134496327, 0.9370573598016982, 0.016403444873316776, 0.031685499190488804], [0.11447871082175055, 0.08406910134927449, 0.33503940345606015, 0.4664127843729147], [0.17624437224384873, 0.1864410814021984, 0.6262271948058349, 0.011087351548117989], [0.21974586928238726, 0.02596992617203163, 0.7243487973658027, 0.02993540717977839], [0.2225589125252491, 0.3223909477556139, 0.39442316697194507, 0.060626972747191914], [0.0730560865068164, 0.4428288322373536, 0.39854864704040766, 0.08556643421542236], [0.029219907556741646, 0.11007481867679157, 0.8242452559728783, 0.036460017793588484], [0.6066419442547132, 0.11441971793975604, 0.19125799093392098, 0.08768034687160982], [0.038424936053757346, 0.06863306581553669, 0.8828130626605579, 0.010128935470148037], [0.022624384621407683, 0.015302747459782325, 0.5585830529547435, 0.4034898149640664], [0.43216651350585683, 0.09374167552158465, 0.14136590215390019, 0.3327259088186583], [0.055202715511434186, 0.08498189256977487, 0.18763230317202922, 0.6721830887467618], [0.7274849483246708, 0.11666868075341427, 0.1348013169263484, 0.021045053995566443], [0.03444838855511874, 0.07126524638593489, 0.057728712115087, 0.8365576529438594], [0.06676263621508186, 0.1868110173800321, 0.07571789660474312, 0.6707084498001429], [0.0673478862184106, 0.09402098354546341, 0.0005401916485212975, 0.8380909385876048], [0.2983508924064534, 0.0021936524659867123, 0.032375584111938444, 0.6670798710156214], [0.10200273078411486, 0.2518982960472913, 0.05913440605662898, 0.5869645671119649], [0.30458208895371336, 0.10128069024604583, 0.5298888120379674, 0.0642484087622734], [0.43581406030505426, 0.03215060079941938, 0.10800425810210665, 0.42403108079341983], [0.06743426560727835, 0.6042389568662625, 0.152472082681992, 0.17585469484446728], [0.18256417505777278, 0.10568072944810401, 0.062285179693843645, 0.6494699158002796], [0.0020764036552114984, 0.03406938480895707, 0.9635126374529206, 0.0003415740829109164], [0.28633763079975943, 0.14579228647464487, 0.22347420627129916, 0.34439587645429653], [0.12158914270888307, 0.06286443640648967, 0.7097928629730207, 0.10575355791160641], [0.7223714888025571, 0.007492005010984228, 0.0022798599792914777, 0.26785664620716715], [0.04631602751665582, 0.7077203922447988, 0.036549820529827866, 0.2094137597087176], [0.3940623462881696, 0.05702704446412746, 0.005717788458539183, 0.5431928207891638], [0.10037270146388191, 0.24842497115253218, 0.03297006919537395, 0.618232258188212], [0.026583904344485185, 0.122384830304429, 0.673107802690856, 0.17792346266022985], [0.8850337425621772, 0.030376698218284183, 0.020822366121824438, 0.06376719309771403], [0.74366005042889, 0.003213740064770223, 0.012725458894655262, 0.2404007506116844], [0.1012456892228421, 0.263518535506917, 0.16107041116610651, 0.47416536410413435], [0.12847794219582778, 0.6377725325408735, 0.10709818423955748, 0.12665134102374132], [0.041480754140215015, 0.35270688387691584, 0.0966303694678107, 0.5091819925150585], [0.029217135608430377, 0.6745727224017298, 0.102698994873913, 0.19351114711592665], [0.008220797087546229, 0.24065386843515216, 0.010831469312725463, 0.7402938651645762], [0.10920810068511026, 0.3432333260540901, 0.38002406018993107, 0.16753451307086842], [0.8325483886791775, 0.01769895629040441, 0.008836650451621578, 0.14091600457879658], [0.007621024800353171, 0.7756208861960794, 0.14354710895139303, 0.07321098005217437], [0.43967158032775233, 0.0491805604453647, 0.11385523453407725, 0.3972926246928058], [0.5699874951490317, 0.16210184764100746, 0.00926875590643872, 0.2586419013035221], [0.06270106414823165, 0.3765296507156374, 0.15239246269413753, 0.4083768224419934], [0.07631638218909981, 0.25065153936145607, 0.13111161221382217, 0.541920466235622], [0.05348523927701385, 0.7547120756990126, 0.13487688880825918, 0.05692579621571451], [0.7476326258936483, 0.19377936959385428, 0.00046307275194447693, 0.058124931760553], [0.0857566455921948, 0.3066413499803333, 0.0006405935171379304, 0.606961410910334], [0.09977591415399355, 0.45743043438725295, 0.3590067399510205, 0.08378691150773304], [0.11905553472347181, 0.37577194770883054, 0.47907265396260407, 0.026099863605093726], [0.19602102932170962, 0.5827656301095715, 0.14180558651654482, 0.07940775405217412], [0.17322594575670808, 0.44315536408900236, 0.16549864969325123, 0.21812004046103842], [0.3526585302495513, 0.1345211097011573, 0.26935186718613396, 0.2434684928631575], [0.03959371115472626, 0.6415664189679966, 0.27365622584936217, 0.045183644027914846], [0.23132021203330666, 0.647717997391342, 0.0032992616557818585, 0.11766252891956963], [0.09318281880086347, 0.7279991710242071, 0.046781360920748895, 0.13203664925418063], [0.007152521051769565, 0.9378238915399512, 0.0412814504360981, 0.01374213697218124], [0.005510723513851291, 0.06875125645841976, 0.4023360237273419, 0.523401996300387], [0.6804299260467154, 0.1404316608732536, 0.13416582886905978, 0.044972584210971216], [0.10546622272343052, 0.7389068020582269, 0.1297760032519814, 0.025850971966361207], [0.1803931737084392, 0.5606609675079496, 0.020013097322559334, 0.23893276146105205], [0.24157157783809605, 0.21214330801364906, 0.17397187608563952, 0.3723132380626153], [0.033965335285455873, 0.1202160961243947, 0.0017350363772034275, 0.844083532212946], [0.9733429040796251, 0.006290580505392696, 0.005185536061081664, 0.01518097935390063], [0.029941853384932913, 0.16429971917917555, 0.5141450914273128, 0.2916133360085787], [0.15262121057320974, 0.12422451508809307, 0.004822331647716105, 0.7183319426909811], [0.021252337526432612, 0.7742234798964491, 0.013106968703899304, 0.19141721387321908], [0.4440418234861203, 0.29434806756252024, 0.08473123961510491, 0.17687886933625466], [0.032671525449723196, 0.4811908871270323, 0.026373558734174622, 0.45976402868906996], [0.0011329576936963024, 0.002805084340425813, 0.002447835230123754, 0.9936141227357542], [0.007047512633399907, 0.6028755771172588, 0.35251619518335076, 0.03756071506599059], [0.47910769686973587, 0.14553298537986784, 0.301286739695101, 0.07407257805529521], [0.19490108115745536, 0.10992743126940603, 0.14580390918323316, 0.5493675783899055], [0.1775213062819763, 0.6748384209462323, 0.020764455071497503, 0.12687581770029385], [0.8689601548396556, 0.018646485020412565, 0.024128984979360103, 0.08826437516057158], [0.04604556367432694, 0.535175299618044, 0.021153357215979093, 0.39762577949164996], [0.1789885939796938, 0.17364469866505722, 0.32142880892941006, 0.325937898425839], [0.15460262487889487, 0.022840940391270714, 0.019562761762195624, 0.8029936729676388], [0.23320829145476596, 0.47588983156637077, 0.03792687378183796, 0.25297500319702537], [0.628474518217928, 0.08968536766312636, 0.050492175784694816, 0.23134793833425082], [0.43271393406448444, 0.40083770988431294, 0.12027657230848622, 0.04617178374271623], [0.8590100343666753, 0.04700200178189212, 0.0585282580815768, 0.03545970576985568], [0.001989405747965626, 0.06896141020748296, 0.0028955074648436305, 0.9261536765797077], [0.020724684618139776, 0.062044405792897835, 0.14369088755687284, 0.7735400220320896], [0.5368048106631654, 0.4222236559765964, 0.0068282395431499025, 0.03414329381708829], [0.14373295908975955, 0.19058726560711575, 0.007968135435053888, 0.6577116398680708], [0.19383334450684206, 0.10409040624440834, 0.07681516266651364, 0.625261086582236], [0.0394476439386685, 0.49586539095742016, 0.4071770787235404, 0.05750988638037098], [0.003369146112676956, 0.9707710091591574, 0.01860983594040167, 0.007250008787764054], [0.46923237025358794, 0.021210395127299206, 0.0005786478084663739, 0.5089785868106466], [0.07761813855803973, 0.8976701814952821, 0.002416103520575089, 0.02229557642610305], [0.9892656777033833, 0.0069154615936412945, 0.001092384699228705, 0.0027264760037465983], [0.1907933664347048, 0.013968520326355406, 0.025860778004954173, 0.7693773352339857], [0.28751304616870926, 0.18693785019925296, 0.06932568556476666, 0.456223418067271], [0.40649369269325064, 0.1398792622234363, 0.28588829136900873, 0.1677387537143041], [0.021525501531559896, 0.5003432458373456, 0.4043589317031221, 0.07377232092797228], [0.46374783750061066, 0.2394813946091737, 0.03183620781056418, 0.26493456007965155], [0.4431985351112968, 0.02504987836294924, 0.0016861007542696965, 0.5300654857714842], [0.050136066767679795, 0.11106158795599058, 0.0948496955509274, 0.7439526497254022], [0.09514914414254692, 0.823544595258649, 0.012452942540817155, 0.0688533180579869], [0.7952596369903348, 0.14679489312520994, 0.05223724024579525, 0.0057082296386599864], [0.5130961195418883, 0.11236615663985709, 0.013923648808572959, 0.36061407500968157], [0.8495922298946612, 0.05716506404929163, 0.06161383200924108, 0.03162887404680619], [0.0029322964691817855, 0.8354819642588646, 0.017041122017883093, 0.14454461725407056], [0.24195676502280405, 0.0760528080969153, 0.01526485997071503, 0.6667255669095655], [0.1477737225327519, 0.29737022394084883, 0.01141897242064346, 0.5434370811057557], [0.416557202320172, 0.12146429638050774, 0.02260091825435748, 0.43937758304496277], [0.6088715317440565, 0.04267373852524168, 0.27217743058738497, 0.07627729914331692], [0.8840401868830692, 0.008075281644581237, 0.005895141527495321, 0.10198938994485417], [0.15269771211810337, 0.46672675865442725, 0.005031608950782779, 0.3755439202766867], [0.022581384234898375, 0.06701867598914793, 0.01733640356491669, 0.893063536211037], [0.9532429662091771, 0.003242126443472142, 0.010801622342979735, 0.032713285004371144], [0.00044920964505203354, 0.8418633470323473, 0.1465599442664955, 0.011127499056105125], [0.029637073369199324, 0.16536241750124903, 0.017102666846444393, 0.7878978422831072], [0.025537612939807147, 0.11468341889608256, 0.032605142284031885, 0.8271738258800785], [0.12545483812631125, 0.15091911692735133, 0.002379266962901918, 0.7212467779834355], [0.19944529206365924, 0.7235687088232162, 0.017536727398412628, 0.05944927171471192], [0.03971415321977595, 0.174937707726873, 0.12939713925206447, 0.6559509998012866], [0.2396634839960961, 0.1999862256832277, 0.01728637289617235, 0.5430639174245038], [0.025219094252162257, 0.02103776051193604, 0.8693559742845863, 0.08438717095131545]]}}