{"test": {"ids": ["107114280", "100113210", "110118701", "108115570", "107118120", "101108460", "112120640", "108121190", "104116800", "113122150", "101108121", "109121351", "112118581", "111119300", "99119830", "103117461", "113118870", "112120700", "98110680", "104113190", "105119550", "110115710", "99108310", "108120700", "99108010", "112120270", "101111140", "107114200", "107113550", "101108370", "101114990", "103112470", "111119610", "105113210", "110121720", "111116090", "112118810", "98110810", "110120540", "97105760", "106113260", "104117630", "113122180", "111118810", "99108330", "111119950", "112121410", "99109141", "99107560", "110118161", "104114410", "108113700", "109115211", "112116640", "108117720", "102113981", "97107821", "107118820", "98109230", "112118161", "112119930", "97112830", "100111380", "98106680", "109114651", "106112770", "102110750", "102112301", "104111990", "97114170", "110121500", "109120540", "112121351", "109117271", "113121190", "98107010", "100115700", "99108890", "109116040", "106115120", "110120531", "111116170", "108113760", "98107380", "106120640", "107113840", "109117431", "97110950", "100111270", "113120640", "106119990", "107116980", "112117431", "112116401", "112118550", "98108150", "113117550", "102121440", "107118520", "104113210", "105121370", "108113740", "109114270", "102116340", "113120591", "99107640", "113118111", "103110050", "97109080", "106111321", "97111790", "110114561", "108113620", "102107961", "111115910", "99107630", "112121010", "102117351", "110117500", "98109311", "108119510", "97116790", "109116810", "106118520", "108114270", "106121220", "103113210", "98109090", "109113281", "113120531", "106114880", "104114740", "113120780", "113120601", "112117660", "111121351", "103111990", "97106591", "103118110", "111114321", "100117420", "111118910"], "labels": [3, 0, 3, 3, 3, 0, 0, 1, 1, 2, 0, 0, 1, 1, 1, 0, 0, 2, 2, 3, 1, 2, 2, 2, 2, 0, 2, 2, 0, 1, 3, 1, 2, 3, 3, 3, 3, 1, 1, 0, 3, 0, 2, 0, 1, 0, 0, 3, 1, 0, 1, 0, 0, 0, 1, 1, 2, 3, 1, 0, 1, 2, 3, 1, 3, 1, 1, 1, 2, 2, 3, 1, 0, 0, 1, 3, 1, 0, 0, 1, 0, 0, 1, 1, 3, 3, 1, 3, 2, 0, 0, 3, 0, 0, 3, 0, 3, 2, 2, 3, 2, 3, 3, 3, 0, 1, 1, 3, 2, 0, 2, 0, 3, 3, 2, 2, 2, 1, 1, 1, 1, 2, 3, 2, 3, 1, 3, 1, 0, 0, 0, 2, 0, 2, 0, 0, 2, 1, 2, 1, 2, 0], "predicted_labels": [1, 3, 0, 2, 1, 0, 1, 1, 1, 3, 3, 3, 2, 3, 1, 1, 3, 1, 1, 3, 1, 0, 3, 0, 2, 1, 3, 0, 2, 0, 1, 1, 2, 3, 0, 0, 1, 1, 1, 3, 2, 0, 3, 3, 3, 3, 3, 0, 0, 0, 3, 1, 3, 0, 1, 1, 3, 3, 2, 3, 1, 2, 0, 1, 1, 3, 1, 2, 0, 1, 1, 1, 3, 3, 1, 0, 3, 1, 3, 1, 3, 0, 1, 3, 1, 1, 3, 1, 2, 3, 3, 0, 0, 0, 0, 1, 2, 1, 1, 0, 2, 0, 1, 2, 0, 3, 3, 1, 1, 3, 3, 1, 1, 1, 3, 0, 0, 3, 0, 3, 2, 2, 1, 1, 0, 0, 1, 2, 3, 3, 2, 0, 0, 2, 3, 3, 0, 2, 3, 1, 2, 3], "confidence_scores": [[0.07011690534305222, 0.6850211408607966, 0.23878792515645533, 0.006074028639695864], [0.09719895066301686, 0.09419829295788565, 0.0007774385718662977, 0.8078253178072312], [0.7587584866539947, 0.010489251128331371, 0.016536153053129027, 0.2142161091645449], [0.05411546971684065, 0.08360796769360797, 0.7310449614163089, 0.13123160117324242], [0.013471224776807943, 0.5415970949949354, 0.008744033484876975, 0.4361876467433798], [0.7673532674949268, 0.19436646933073587, 0.004480063280974921, 0.03380019989336238], [0.011004052910861855, 0.5554390825251152, 0.34254348357763786, 0.091013380986385], [0.019486992769937116, 0.7786236137390068, 0.004634334224936621, 0.19725505926611953], [0.05330368499306439, 0.5957896967074447, 0.0015421042253683296, 0.34936451407412256], [0.10354632325384533, 0.08841146893061773, 0.036005124503451655, 0.7720370833120852], [0.001198498289957994, 0.0016208336307003254, 0.0023105602859980956, 0.9948701077933436], [0.22030578740956142, 0.08538106990111183, 0.00019230245656368835, 0.6941208402327631], [0.0006519267937317809, 0.05592334251537217, 0.7017128991066539, 0.24171183158424214], [0.007767407825317776, 0.013514746484543113, 0.004858733947256468, 0.9738591117428826], [0.0009767635808656109, 0.8087712631599143, 0.10061957505260001, 0.08963239820662014], [0.02231221828457952, 0.6795997235912354, 0.13760635512093877, 0.16048170300324635], [0.0734936047521363, 0.030563146258831893, 0.0019764890793684997, 0.8939667599096633], [0.0006339680756003929, 0.9260322268507007, 0.05195884397625063, 0.021374961097448145], [0.004785840863290818, 0.562162217416733, 0.4146992807171801, 0.01835266100279621], [0.3982883367716472, 0.11307773612620745, 0.005064764218957329, 0.4835691628831881], [0.057912497622389224, 0.8621569463777999, 0.0007668560266297055, 0.07916369997318126], [0.7154329729922949, 0.0736235618923199, 0.19384389070110308, 0.017099574414282132], [0.03844945835289362, 0.010926632417834306, 0.010174167954496315, 0.9404497412747758], [0.691687042469641, 0.2334864444027766, 0.005348602569424723, 0.06947791055815779], [0.011895441319027502, 0.11199688746103907, 0.8665083633225293, 0.009599307897404059], [0.00037498311508632785, 0.822542339748579, 0.09670288128047903, 0.08037979585585561], [0.3110392666438501, 0.02513530566730358, 0.015406228217235552, 0.6484191994716108], [0.994374167411324, 0.00500961890680304, 0.0001267924975028963, 0.0004894211843700046], [0.2642049605861692, 0.02178054493463572, 0.5747669186538245, 0.13924757582537053], [0.9888924314373524, 0.0036384509736500543, 0.004972956703444678, 0.0024961608855528956], [0.00010911898717434742, 0.762265242940172, 0.1685909623565816, 0.0690346757160721], [0.2135459737861768, 0.7117106146248701, 0.07281479179906711, 0.0019286197898859259], [0.006723466593156336, 0.05429346133129967, 0.8983837471384818, 0.04059932493706218], [0.039438293074592644, 0.10653055783561484, 0.0010874190970208046, 0.8529437299927718], [0.5159182905244006, 0.46735852695792324, 0.005806333484931427, 0.01091684903274459], [0.9310662301018082, 0.0011974178107867267, 0.0005652608806262486, 0.0671710912067788], [0.385447904041033, 0.5317469577447275, 0.003888282282295952, 0.0789168559319435], [0.05976607182221372, 0.9165704906045875, 0.023075152345458115, 0.000588285227740674], [0.1281111392464757, 0.7330422005399936, 0.11934976832101936, 0.019496891892511328], [0.3222068702771303, 0.0016290581720091474, 0.061205929807191216, 0.6149581417436694], [0.23380684287547948, 0.3317493983862216, 0.3352034464160588, 0.09924031232224], [0.9817145922079765, 0.0014807758630556926, 0.0018192823678319715, 0.0149853495611357], [0.001316936354161351, 0.002167840349268046, 0.0006061778563628168, 0.9959090454402078], [0.4689707627376299, 0.0368455051481477, 0.005684773722352263, 0.4884989583918701], [0.06606812557616888, 0.022250189592709215, 0.09902155765916536, 0.8126601271719565], [0.014710934368595727, 0.002034512750701302, 0.013581269180729933, 0.9696732836999732], [0.009394889222239328, 0.3961545010739414, 0.00015639632363439034, 0.5942942133801847], [0.7433151307408501, 0.22474747396446662, 0.008697481442135571, 0.023239913852547738], [0.5204161008068715, 0.40579298418030346, 0.004042343331408072, 0.06974857168141682], [0.9213492769943774, 0.07128336034814353, 0.0025776799752113577, 0.0047896826822678654], [0.2103133082730153, 0.009165030507146595, 0.026200795900624612, 0.7543208653192134], [0.04799113232454148, 0.8597387418218619, 0.09196407597045968, 0.00030604988313700116], [0.12807662537841188, 0.04071422833678448, 0.0014805699777155918, 0.829728576307088], [0.8688411046999599, 0.0030110897939228396, 0.029165880994465928, 0.0989819245116514], [0.0999474944294656, 0.4847198223775122, 0.0232157845360919, 0.3921168986569302], [0.04259241321681427, 0.7299233502164103, 0.16108378366123435, 0.06640045290554122], [0.34413891552668524, 0.009315178782517256, 0.005309190984076562, 0.6412367147067211], [0.2680699487783967, 0.3145546942077125, 0.05536830933414475, 0.3620070476797462], [0.006577935749527128, 0.01357599302316641, 0.9750661989770117, 0.0047798722502946965], [0.003248296438808045, 0.03763883954944039, 6.768777854694723e-05, 0.9590451762332046], [7.179500367373743e-05, 0.9213964737531575, 0.07540076508846431, 0.0031309661547044157], [0.018640544524380152, 0.054176982050494794, 0.8801176778902863, 0.0470647955348388], [0.9789642852666759, 0.019822512527475675, 3.68899084907322e-05, 0.0011763122973576935], [0.00028907968500697267, 0.7455207515481708, 0.23124975716785975, 0.022940411598962405], [0.2048460837192282, 0.6536185539595442, 0.005128381281068459, 0.13640698104015922], [1.7610212292542628e-05, 0.01305850647535725, 0.30110625632927296, 0.6858176269830772], [0.04128744943808783, 0.9392282611821576, 0.01868548562826747, 0.000798803751487055], [0.21018021218008776, 0.0225878775283604, 0.7504791224301574, 0.016752787861394492], [0.992926362714705, 0.005486809143286585, 0.0006613752001317348, 0.0009254529418767806], [6.161547856942921e-06, 0.8349645161679241, 0.006343254877921852, 0.15868606740629698], [0.3066073066122185, 0.6566586159446332, 0.002135861908332091, 0.034598215534816186], [0.19155289103205558, 0.5124643279045894, 0.11157373211009564, 0.1844090489532594], [0.23720582158214182, 0.01122557700720371, 0.005567743281979484, 0.746000858128675], [0.10862688928045744, 0.0121602310812635, 0.01860205087907175, 0.8606108287592072], [0.026326611914180818, 0.8797963320405675, 0.01877406821688973, 0.07510298782836186], [0.781133860950534, 0.009085488069047305, 0.05364998564952109, 0.15613066533089764], [0.15459479309670576, 0.04797072301124094, 0.36690629129148455, 0.43052819260056874], [0.002059021347221311, 0.9371188889177946, 0.002700392299900795, 0.058121697435083254], [0.04570868318976652, 0.029501516961228748, 0.23040237171766015, 0.6943874281313446], [0.2259349319540703, 0.7738724085148505, 5.544123284186246e-05, 0.00013721829823729316], [0.0010382373334889166, 0.007053717074405507, 5.145707620017234e-05, 0.9918565885159055], [0.9312766258493231, 0.044954753438202155, 1.691024306066915e-06, 0.023766929688168632], [0.04470173907186152, 0.911068268988172, 0.012106644668119454, 0.03212334727184703], [0.007438188146602797, 0.007558735033963899, 0.002667651338251259, 0.982335425481182], [0.00012385962066582715, 0.9920086246397327, 0.004441377196179229, 0.0034261385434220296], [0.01744633884732529, 0.9577999453652237, 0.00836027677236748, 0.0163934390150834], [0.15037427754249635, 0.09832035678746476, 0.00910759208599214, 0.7421977735840467], [0.010423612244202816, 0.5427731573530555, 0.003348981789276406, 0.4434542486134652], [0.00030217228629321214, 0.2916171084289913, 0.7039434709649466, 0.004137248319769007], [0.00997421552589682, 0.12224157416418314, 0.11377125815841202, 0.754012952151508], [5.857089750147527e-05, 0.0013399699452582114, 0.004074701822946602, 0.9945267573342939], [0.9853179340667133, 0.011956095574329254, 0.0007353857429421831, 0.001990584616015371], [0.871170485435315, 0.07082010488687668, 0.011681906818346546, 0.0463275028594618], [0.9625733881266797, 0.0013729942227144922, 0.0006631915816930659, 0.03539042606891291], [0.6238197971408577, 0.007783870076860857, 0.0018463463431707076, 0.36654998643911074], [0.34161396954137924, 0.4682801802438622, 0.043211040140698515, 0.14689481007406005], [0.020195979737978244, 0.16195467453713927, 0.7146586852919847, 0.10319066043289764], [0.008261835192542795, 0.6404386967757181, 0.16612719891990665, 0.1851722691118326], [0.07327835006442751, 0.8598463154873299, 0.03796617264146243, 0.028909161806780215], [0.6229068305459532, 0.014244774621845173, 0.051242557860400696, 0.31160583697180094], [0.0024197606370591532, 0.1645967709570179, 0.8314173258968872, 0.0015661425090356328], [0.8880912929760185, 0.026006357168856624, 0.031231995732510724, 0.05467035412261399], [0.06197416654365942, 0.8814638146056726, 0.05269443231187889, 0.0038675865387892455], [0.007733937421917474, 0.057517460397018716, 0.6973964921160317, 0.23735211006503212], [0.8189816787299454, 0.05290848081228861, 0.0003199246657992906, 0.12778991579196675], [0.2579073442014794, 0.18616263493943255, 0.030483302227603135, 0.5254467186314847], [0.2661513979817163, 0.13837114874113307, 0.008705709321188321, 0.5867717439559623], [0.0016642633050086618, 0.9894964538631658, 4.147418726205761e-05, 0.008797808644563457], [0.00015677857650086305, 0.8816933681113682, 0.001663260893579217, 0.11648659241855161], [0.31907207174804464, 0.19014073407415064, 0.1530102036851585, 0.3377769904926462], [0.008784724606007781, 0.0016481496755860175, 0.04124728730813857, 0.9483198384102677], [0.30874411491102727, 0.5364141778375472, 0.06909134297475715, 0.0857503642766684], [0.2550845096882442, 0.453807495504383, 0.04084648303537509, 0.2502615117719979], [0.014397782602310994, 0.9235549473426589, 0.04652118898086898, 0.015526081074161311], [0.08847441266241576, 0.27521020208912433, 0.0979602683680047, 0.5383551168804552], [0.7211295317943931, 0.04788182081647835, 0.012508373006334766, 0.2184802743827939], [0.5178423510449944, 0.4358656779842955, 0.0093835680257561, 0.036908402944953976], [0.00709638826003396, 0.0028289386755962153, 0.00010132615376593678, 0.9899733469106039], [0.8080378704464994, 0.15726441280055195, 0.01386415084214483, 0.02083356591080386], [0.03870247533943707, 0.014287079953885114, 0.2450269524746937, 0.7019834922319841], [0.04096392584507874, 0.023196207884906707, 0.9145719870146922, 0.021267879255322336], [0.03409920097658384, 0.004208177912855947, 0.7942135418285585, 0.16747907928200165], [0.17193083480604027, 0.6479434266091345, 0.00888000338887419, 0.171245735195951], [0.010823579008409346, 0.9579809597635016, 0.0021719972052428255, 0.02902346402284638], [0.8341885463749584, 0.08915127313108415, 0.006299532708470151, 0.07036064778548715], [0.7487788333311246, 0.009535211848569864, 0.23512441939048342, 0.006561535429822176], [0.23441484170159405, 0.3422138617696605, 0.31195552781716124, 0.11141576871158418], [0.01288683001140328, 0.019676040206538643, 0.7158266204372402, 0.25161050934481793], [0.022850306580900266, 0.0014349467269990984, 1.2074518885036067e-05, 0.9757026721732157], [0.40327081477822974, 0.06850463692241578, 0.08873746773439267, 0.4394870805649619], [0.002869745561648454, 0.06396513504847262, 0.9331498685312275, 1.525085865146705e-05], [0.6278167726362534, 0.055416641977209226, 0.03461678157856863, 0.2821498038079689], [0.9010579189330999, 0.06770475668806335, 0.0005678672697929018, 0.030669457109043764], [0.024830076492595592, 0.15830788105179164, 0.8054043489965885, 0.011457693459024256], [0.34363481959076664, 0.007795829822346377, 0.05987057775983278, 0.5886987728270543], [0.10600938791598052, 0.19945951234694842, 0.0659995972413517, 0.6285315024957193], [0.5191163423616749, 0.46323337017256866, 0.010670174495311519, 0.006980112970444964], [0.0004230903771787991, 0.04588348827621585, 0.48332053967931254, 0.4703728816672929], [0.014013816298872491, 0.04092316128129788, 0.16141080588227227, 0.7836522165375572], [0.025833080057921995, 0.7605749821902814, 0.20946874395856574, 0.004123193793230976], [0.00018948079968326913, 0.0014337847483250825, 0.9949030217066464, 0.0034737127453452823], [0.06947880827193403, 0.05194466712268686, 0.03547783250545346, 0.8430986920999257]]}, "rewritten": {"ids": ["97105760", "97106591", "97107821", "97109080", "97110950", "97111790", "97112830", "97114170", "97116790", "98106680", "98107010", "98107380", "98108150", "98109090", "98109230", "98109311", "98110680", "98110810", "99107560", "99107630", "99107640", "99108010", "99108310", "99108330", "99108890", "99109141", "99119830", "100111270", "100111380", "100113210", "100115700", "100117420", "101108121", "101108370", "101108460", "101111140", "101114990", "102107961", "102110750", "102112301", "102113981", "102116340", "102117351", "102121440", "103110050", "103111990", "103112470", "103113210", "103117461", "103118110", "104111990", "104113190", "104113210", "104114410", "104114740", "104116800", "104117630", "105113210", "105119550", "105121370", "106111321", "106112770", "106113260", "106114880", "106115120", "106118520", "106119990", "106120640", "106121220", "107113550", "107113840", "107114200", "107114280", "107116980", "107118120", "107118520", "107118820", "108113620", "108113700", "108113740", "108113760", "108114270", "108115570", "108117720", "108119510", "108120700", "108121190", "109113281", "109114270", "109114651", "109115211", "109116040", "109116810", "109117271", "109117431", "109120540", "109121351", "110114561", "110115710", "110117500", "110118161", "110118701", "110120531", "110120540", "110121500", "110121720", "111114321", "111115910", "111116090", "111116170", "111118810", "111118910", "111119300", "111119610", "111119950", "111121351", "112116401", "112116640", "112117431", "112117660", "112118161", "112118550", "112118581", "112118810", "112119930", "112120270", "112120640", "112120700", "112121010", "112121351", "112121410", "113117550", "113118111", "113118870", "113120531", "113120591", "113120601", "113120640", "113120780", "113121190", "113122150", "113122180"], "labels": [0, 1, 2, 2, 3, 2, 2, 2, 2, 1, 3, 1, 0, 1, 1, 1, 2, 1, 1, 2, 1, 2, 2, 1, 0, 3, 1, 2, 3, 0, 1, 2, 0, 1, 0, 2, 3, 3, 1, 1, 1, 3, 1, 2, 3, 2, 1, 3, 0, 2, 2, 3, 3, 1, 2, 1, 0, 3, 1, 2, 0, 1, 3, 0, 1, 2, 0, 3, 1, 0, 3, 2, 3, 3, 3, 2, 3, 3, 0, 3, 1, 3, 3, 1, 1, 2, 1, 0, 3, 3, 0, 0, 3, 0, 1, 1, 0, 0, 2, 1, 0, 3, 0, 1, 3, 3, 1, 2, 3, 0, 0, 0, 1, 2, 0, 0, 0, 0, 0, 0, 0, 3, 1, 3, 1, 0, 0, 2, 2, 0, 0, 3, 1, 0, 0, 0, 2, 0, 0, 1, 2, 2], "predicted_labels": [3, 3, 3, 1, 1, 3, 2, 1, 2, 1, 0, 3, 1, 2, 2, 3, 1, 1, 0, 0, 0, 2, 3, 3, 1, 0, 1, 1, 0, 3, 0, 2, 3, 0, 0, 0, 1, 1, 1, 2, 1, 2, 3, 1, 1, 0, 0, 0, 3, 3, 0, 0, 0, 3, 0, 0, 0, 1, 1, 2, 0, 2, 0, 2, 1, 1, 3, 1, 0, 0, 1, 0, 2, 0, 3, 0, 1, 0, 0, 0, 1, 0, 2, 1, 2, 0, 1, 3, 0, 0, 3, 2, 1, 3, 0, 1, 0, 0, 0, 0, 0, 3, 3, 1, 1, 0, 1, 3, 0, 0, 0, 3, 3, 2, 3, 0, 0, 0, 0, 3, 3, 0, 2, 1, 1, 2, 1, 1, 0, 3, 1, 2, 1, 3, 2, 0, 2, 1, 0, 1, 3, 3], "confidence_scores": [[0.11046901095786629, 0.0009330666268301175, 0.015486153047482451, 0.8731117693678211], [0.025850350736653153, 0.08670304442675565, 0.2989290490667881, 0.5885175557698031], [0.29726086289645043, 0.07852804755378445, 0.005703981440560672, 0.6185071081092045], [0.0010226559384308661, 0.8953317154580751, 0.013644972020965363, 0.09000065658252873], [0.011143681819807254, 0.5479784727931769, 0.001424505994078243, 0.4394533393929376], [0.08353641446688324, 0.03174213927082805, 0.11256488571831225, 0.7721565605439764], [0.06371918618082976, 0.021351231740938257, 0.770499003150925, 0.14443057892730704], [9.005488484447906e-05, 0.5764154774840902, 0.007453420216231063, 0.41604104741483416], [0.06184046534883597, 0.12672694060107437, 0.534101158479525, 0.2773314355705647], [0.0010674957787860104, 0.49147321270622696, 0.46802951252331143, 0.03942977899167556], [0.7170326195182198, 0.013652998798395948, 0.024491162686844332, 0.2448232189965398], [0.012601073334182415, 0.02829931940783993, 0.001888004815515041, 0.9572116024424626], [0.20644834007194499, 0.652215245345202, 0.05339222304616453, 0.08794419153668846], [0.007444474813523031, 0.008830210968817514, 0.945436362731075, 0.038288951486584434], [0.17357197864066237, 0.03186935776472175, 0.7753382871618912, 0.019220376432724662], [0.06578610437137099, 0.05534346142032628, 0.3121021709386779, 0.5667682632696249], [0.009636858437859079, 0.674007894617675, 0.2958012964810448, 0.020553950463421174], [0.028178595373190576, 0.9660523008891799, 0.005614041050671729, 0.0001550626869578834], [0.7595570955207002, 0.22532606354605017, 0.0010174933589222877, 0.014099347574327311], [0.6688959059821797, 0.09584862074365184, 0.008597704390496798, 0.22665776888367167], [0.5500372881195954, 0.048460596889759254, 0.002990123195904964, 0.3985119917947403], [0.01435614230305604, 0.03941669391527071, 0.9400599161282841, 0.006167247653389154], [0.21161714138889506, 0.14909902883951415, 0.09431213238031134, 0.5449716973912795], [0.037833371938116624, 0.003990396995801622, 0.1774933501438176, 0.780682880922264], [0.03039714391782309, 0.7475581926644839, 0.005750453327560049, 0.21629421009013292], [0.9081907466948387, 0.08895176915351682, 0.0016143680777768535, 0.0012431160738675614], [0.0013352485517501417, 0.8253509152991861, 0.03049374153332403, 0.14282009461573958], [0.02234361574395939, 0.540814331366112, 0.43270444265396407, 0.004137610235964584], [0.9486211945340945, 0.05025566031070102, 3.462200352651686e-05, 0.0010885231516780188], [0.32586719523214436, 0.043083091541764366, 0.0007163403009613078, 0.63033337292513], [0.35821541718288147, 0.172320075994266, 0.17000785728328954, 0.2994566495395631], [0.0013412140470459354, 0.0028701594520092245, 0.992839799933439, 0.0029488265675058772], [0.0072364393531206255, 0.0009181994797799137, 0.0023866811508047947, 0.9894586800162948], [0.9966361893628533, 0.0011348279753948885, 0.0005523044965150217, 0.001676678165236787], [0.771024839059931, 0.17847523617018704, 0.007731396491150159, 0.04276852827873186], [0.672595114851373, 0.0675892002975057, 0.007746826959996676, 0.25206885789112454], [6.893348055850449e-05, 0.9920929999218759, 0.006913536131758398, 0.0009245304658073426], [0.08487830623367418, 0.5299352432535466, 0.3224547021262381, 0.0627317483865412], [0.09662505123599499, 0.8102520783288089, 0.09268556089388418, 0.0004373095413119089], [0.030511511031836844, 0.020077301840728968, 0.9442358365040552, 0.005175350623378992], [0.03315193487464317, 0.7879187020579409, 0.1703913269655224, 0.00853803610189363], [0.006250161924199138, 0.021930843585950172, 0.8615039659096316, 0.11031502858021917], [0.008774505571132928, 0.002726485231399401, 1.4006693704918744e-05, 0.9884850025037628], [0.01879453592670795, 0.5231163182102673, 0.3878858858852699, 0.07020325997775487], [0.04009716680719067, 0.945196832846693, 9.429965789048192e-05, 0.014611700688225756], [0.5672300824651693, 0.4231331594285941, 0.005672827381564935, 0.003963930724671727], [0.4796315187160311, 0.2697981072055206, 0.24868131174764646, 0.0018890623308018746], [0.7106303642975365, 0.2396219080867597, 0.035227866378415004, 0.014519861237288843], [0.040851810163978076, 0.1274853185056793, 0.4064431399532902, 0.42521973137705243], [0.0013571152021237922, 0.10686982283955809, 0.018882223197608745, 0.8728908387607093], [0.9965962246816127, 0.0026481685384690304, 0.0005243759694899464, 0.0002312308104284351], [0.9609771836292738, 0.012984643389496286, 0.0013766842128266387, 0.024661488768403354], [0.7928592920204751, 0.04045934537392828, 0.057668340150836904, 0.10901302245475962], [0.43425371453539885, 0.01527013160751623, 0.020151724027732344, 0.5303244298293525], [0.4927747142298723, 0.008823080595937787, 0.10608923305563808, 0.3923129721185518], [0.5586827681761761, 0.22340125928793786, 0.019408515551966807, 0.19850745698391914], [0.9798112538839796, 0.0033943522133033878, 0.0013144673309155176, 0.015479926571801444], [0.017370699408726546, 0.769368755196747, 0.0004642814539339651, 0.2127962639405925], [0.17149484564521336, 0.7168778198908609, 0.0007834439766689754, 0.11084389048725672], [0.00422598608738594, 0.06655772997824737, 0.9291033324523826, 0.00011295148198402487], [0.5762025152045046, 0.19322903252000206, 0.11249810144908873, 0.11807035082640473], [0.0002748215105046034, 0.05788252169794581, 0.7818035674512931, 0.16003908934025668], [0.6898515518545207, 0.11794253004308759, 0.18382799064338903, 0.008377927459002463], [0.018042823920983535, 0.01140636795020773, 0.9705345380300364, 1.6270098772261957e-05], [0.12820209055502155, 0.87172838083535, 1.1985371327378904e-05, 5.754323830118984e-05], [0.021038560904733924, 0.9539136579606063, 0.0003899103527489458, 0.024657870781910885], [7.60452294690408e-05, 0.0010898041663896594, 0.0003746568275854654, 0.998459493776556], [0.0024437392922561614, 0.9792550361184984, 0.01653502134430419, 0.0017662032449413956], [0.8279805460800023, 0.0022233495979716612, 0.16812522143829708, 0.0016708828837289152], [0.4981469444635422, 0.00849587229356382, 0.39849968203739583, 0.09485750120549812], [0.07067321830660118, 0.862876618661665, 0.03152807743885955, 0.0349220855928743], [0.9975468031148405, 0.0020681674361906215, 4.1384323271611305e-05, 0.0003436451256970882], [0.11627811482904676, 0.2555119944195385, 0.6205705942431985, 0.007639296508216269], [0.978258156311434, 0.012866044837597871, 0.0032977953482226227, 0.005578003502745472], [0.08713018475045127, 0.15615422929413644, 0.03957462456910385, 0.7171409613863083], [0.46312200672581577, 0.4230268694992228, 0.10048969091782964, 0.013361432857132014], [0.33584951101980415, 0.4606452230260147, 0.1254706511445177, 0.07803461480966334], [0.7347229757269343, 0.0378119662272786, 0.21694490017782805, 0.010520157867958912], [0.5944111285309646, 0.16549029655263245, 0.23974584327593615, 0.0003527316404668786], [0.8855868555790793, 0.004392223146566241, 0.05773360460690281, 0.052287316667451705], [0.23079544315641362, 0.6987522567714577, 0.022721915995952593, 0.04773038407617613], [0.9735981296186831, 0.007873472293905818, 0.0008567946032212929, 0.017671603484189828], [0.081190251246133, 0.04163623279805554, 0.7929866424738131, 0.08418687348199838], [0.09965085706346187, 0.6768305832877706, 0.02221883552637517, 0.20129972412239228], [0.2945939816879754, 0.007032945960723017, 0.6559230187521601, 0.042450053599141516], [0.5363747867753788, 0.12333401858139746, 0.0035201189527877875, 0.33677107569043596], [0.09814924517162273, 0.7190400773112718, 0.004800507571421925, 0.17801016994568336], [0.038308818867062853, 0.0017229703041790017, 5.755371180468027e-06, 0.9599624554575777], [0.5417095293348836, 0.32077953257819825, 0.10072187012459526, 0.03678906796232286], [0.7894275912711249, 0.19038959177930842, 0.0013281310852930508, 0.018854685864273465], [0.17478850618646333, 0.13357700224302546, 0.004734923763333025, 0.6868995678071781], [0.010425278926641196, 0.011495164443866664, 0.8134075946258114, 0.16467196200368076], [0.10751149803918073, 0.8804100645188093, 0.0036022348899238887, 0.008476202552086066], [0.40206851932681986, 0.0009666229156287846, 0.08174415076408248, 0.5152207069934689], [0.6993549450784018, 0.11733149955316724, 0.0022939779089697766, 0.18101957745946118], [0.19170147052596848, 0.6101054764181545, 0.1733396206577223, 0.02485343239815458], [0.48359658581100584, 0.09448944755674836, 0.00024692568318968353, 0.421667040949056], [0.8401548455216666, 0.08505459686460216, 0.04555407169113546, 0.029236485922595718], [0.4786244304101524, 0.11756028705590411, 0.353422014719675, 0.05039326781426848], [0.9770371598885507, 0.01948894024047411, 0.0007745964345071179, 0.0026993034364681916], [0.9711908719238463, 0.02732360180893483, 0.001281361652951732, 0.00020416461426707376], [0.22127107735807355, 0.0313326961285223, 0.28639756930124544, 0.4609986572121586], [0.0010265816690563936, 0.0028350545543390205, 9.704784947067159e-06, 0.9961286589916574], [0.3026833015969293, 0.4794375971448194, 0.21387870971508857, 0.004000391543162677], [0.30907401132666046, 0.6424898865757966, 0.007161742029287542, 0.04127436006825548], [0.6077668651625167, 0.37776677438142153, 0.0038694458750072568, 0.01059691458105446], [0.013414141179297508, 0.9184518442176131, 0.06787153097137617, 0.00026248363171314234], [0.11227051288331362, 0.2261905885327329, 0.21512948037429167, 0.44640941820966185], [0.9205500642623099, 0.0015118229162977164, 0.0005405704353032436, 0.0773975423860891], [0.9026719454548137, 0.08824260636626326, 3.8794155388462766e-05, 0.009046654023534636], [0.6329851645152614, 0.13292926257057902, 0.00551416561171034, 0.22857140730244918], [0.2042896964057228, 0.12113810509567959, 0.24135428897680888, 0.4332179095217887], [0.006817606271536262, 0.06827927072756197, 0.17278975894139073, 0.752113364059511], [0.0005946782688277063, 0.032096621770638246, 0.963266880640267, 0.004041819320267038], [0.013481185504312957, 0.005418208694266291, 0.03797524612070914, 0.9431253596807115], [0.43141758514490686, 0.17241168551941644, 0.19078419019071108, 0.20538653914496577], [0.8859648817361044, 0.0038819044269876373, 0.0009020837998013716, 0.10925113003710633], [0.9657741906161554, 0.000739405681301919, 0.008909737527184936, 0.024576666175357507], [0.7539739541412104, 0.2250630344951584, 0.0077292695314324965, 0.013233741832198614], [0.2874412200595167, 0.0008694083773991198, 0.10651488723413681, 0.6051744843289473], [0.011773684551484212, 0.09934695750618167, 0.0001295565422571075, 0.8887498014000771], [0.7953199327092308, 0.017444741603760493, 0.006539620804193062, 0.18069570488281558], [0.009825166841670356, 0.047388953580681376, 0.7847794426142644, 0.15800643696338385], [0.2782749952380076, 0.4701433373141556, 0.005648770387430834, 0.24593289706040594], [3.4946649367626444e-05, 0.9635162325769427, 0.032673122689715145, 0.0037756980839743558], [0.004185158735900906, 0.31766113596800316, 0.4636526043612819, 0.21450110093481406], [0.05832020602044407, 0.7106950052082034, 0.028563136835350455, 0.2024216519360022], [0.002585931383728546, 0.9751679544769356, 0.01971512375158123, 0.002530990387754687], [0.5460541404272019, 0.4315298332997334, 0.017536823545526343, 0.004879202727538239], [0.2532291842833207, 0.015868866993852006, 0.013059469764789411, 0.7178424789580379], [0.2561199869481683, 0.4221623549100776, 0.000528706028746073, 0.321188952113008], [0.1476148763964576, 0.10249510214998539, 0.7333120834377691, 0.01657793801578783], [0.1617850600867371, 0.4615197406852714, 0.009590482622360024, 0.3671047166056315], [0.37484074465988604, 0.0866377170762807, 0.03574986811359579, 0.5027716701502375], [0.2270729835286799, 0.15561139243251385, 0.5107183202930509, 0.10659730374575545], [0.8832390294892014, 0.02220809252175757, 0.0001911382169883516, 0.09436173977205278], [0.09994294475193138, 0.42122420111044584, 0.474344599145005, 0.0044882549926178236], [0.006106846614624671, 0.37215921346185765, 0.3032464517867703, 0.3184874881367475], [0.7705553127019055, 0.2173825427939289, 0.002832148590329391, 0.009229995913836282], [0.4437105752691184, 0.5039163384460362, 0.027603817529505244, 0.02476926875534023], [0.23230509805942123, 0.023440286653896292, 0.033290079084454395, 0.710964536202228], [0.00812957782430812, 0.012565587265726015, 0.0014524308512609402, 0.977852404058705]]}}