{"test": {"ids": ["111120320", "98109311", "97107681", "110121450", "108118520", "106119990", "98111620", "113121810", "109120150", "110117200", "104111830", "112117431", "111120540", "99109860", "99116500", "105115250", "109114270", "112118930", "99108710", "99108460", "102110690", "113117550", "97106591", "112121351", "99112840", "113122120", "103111480", "98109230", "104119340", "99109161", "98109570", "109117600", "110118450", "100113210", "107114621", "113122220", "103120531", "103111170", "105116501", "105115570", "112118581", "97106600", "104111990", "111120280", "105113210", "108116120", "105116650", "112120540", "101108500", "110116501", "100109890", "98119591", "103113610", "102116340", "111119290", "112118161", "110114950", "104111531", "108118630", "111116090", "108114270", "113121950", "100120010", "98109090", "109116040", "109116441", "99109141", "107119950", "102110850", "110118930", "113119950", "97112300", "104113190", "101108460", "106115250", "109113591", "100109311", "110114610", "108114220", "103111110", "97107040", "101111310", "105120621", "110120640", "111119580", "109114030", "99109370", "106121220", "99108000", "98121790", "97116790", "112119450", "106112770", "110117080", "105115900", "102117351", "105115720", "109115380", "99111340", "100108520", "100108080", "110115890", "99107500", "108120700", "106116120", "103117200", "104117630", "110119300", "100120780", "113120280", "103111990", "106118161", "100115700", "108114180", "101110200", "103113210", "102109840", "99112531", "100109980", "112116451", "112116810", "110118880", "105118230", "105113190", "105114220", "112116880", "111116640", "105115380", "109114651", "102112301", "102112250", "105116980", "108113700", "97106770", "111116170", "97116500", "97112170", "109117630", "97107920", "101112201", "113121980", "110114920"], "labels": [1, 1, 3, 3, 0, 0, 3, 2, 2, 3, 3, 0, 1, 2, 2, 2, 3, 1, 2, 0, 0, 3, 1, 0, 2, 1, 0, 1, 1, 3, 1, 1, 0, 0, 0, 1, 3, 2, 1, 0, 1, 3, 2, 0, 3, 1, 1, 3, 3, 3, 3, 1, 2, 3, 3, 0, 0, 0, 1, 3, 3, 3, 0, 1, 0, 3, 3, 3, 3, 1, 0, 2, 3, 0, 2, 3, 1, 1, 3, 3, 2, 3, 1, 0, 3, 1, 1, 1, 2, 2, 2, 3, 1, 1, 3, 1, 1, 3, 1, 2, 0, 2, 0, 2, 1, 0, 0, 1, 1, 0, 2, 3, 1, 1, 2, 3, 2, 3, 1, 0, 3, 0, 1, 3, 3, 0, 0, 1, 3, 1, 0, 0, 0, 3, 0, 2, 0, 0, 0, 0, 2, 3], "predicted_labels": [3, 1, 0, 3, 0, 0, 1, 1, 3, 0, 1, 1, 1, 1, 2, 3, 3, 3, 1, 3, 3, 3, 1, 1, 3, 1, 1, 2, 1, 1, 0, 3, 1, 3, 3, 1, 3, 0, 0, 1, 1, 1, 1, 3, 3, 0, 2, 1, 2, 1, 3, 0, 1, 3, 3, 0, 3, 1, 3, 0, 1, 3, 3, 3, 3, 0, 0, 3, 1, 1, 0, 2, 1, 3, 1, 1, 0, 0, 0, 0, 1, 1, 0, 3, 0, 0, 1, 3, 1, 1, 1, 0, 1, 1, 3, 1, 1, 3, 2, 3, 3, 1, 1, 3, 1, 1, 1, 1, 0, 0, 1, 0, 3, 1, 1, 3, 3, 3, 3, 0, 3, 1, 1, 0, 0, 1, 0, 1, 1, 3, 3, 1, 3, 2, 1, 1, 3, 0, 0, 0, 0, 1], "confidence_scores": [[0.31092922453560673, 0.20027031601856604, 0.18621138380294755, 0.3025890756428797], [0.22253611600040835, 0.5743455708176187, 0.09136037482722906, 0.1117579383547439], [0.5763893632550222, 0.1552594706729566, 0.014842533795410551, 0.2535086322766105], [0.04257732750651684, 0.20590058426687213, 0.0036708059881097625, 0.7478512822385012], [0.8606331825905839, 0.10189555405925955, 0.011424970164525693, 0.026046293185630863], [0.5590566563410245, 0.20799103397426563, 0.1239176703698036, 0.10903463931490594], [0.01695085167180557, 0.2692913063356293, 0.6801880219178636, 0.033569820074701495], [0.06052508855883338, 0.3350256500097854, 0.5707868096169628, 0.033662451814418466], [0.18685023034277812, 0.15750376979675695, 0.4689781251737035, 0.18666787468676144], [0.6224972981054777, 0.17827135537337402, 0.012454663783663443, 0.18677668273748477], [0.03157563120828137, 0.6120032649940743, 0.052512015299318156, 0.30390908849832626], [0.4215681500819963, 0.32447847339487224, 0.0047391668852739275, 0.24921420963785776], [0.5612951757659298, 0.39441939648505153, 0.029043605529088183, 0.015241822219930408], [0.11503039549663537, 0.5583581152251872, 0.2400730597554745, 0.08653842952270273], [0.01626562782274519, 0.04684689124197191, 0.8968747632657034, 0.04001271766957981], [0.11793374982947448, 0.20448564434764693, 0.24497194185944612, 0.43260866396343256], [0.20470137285229703, 0.1736109389901139, 0.001815025887412506, 0.6198726622701766], [0.2492612023630139, 0.2724769533303263, 0.07136066092713729, 0.4069011833795224], [0.15482187896039293, 0.7108183977179333, 0.0733336148511641, 0.06102610847050953], [0.19731560759436736, 0.31715591888926115, 0.08328589048728578, 0.40224258302908583], [0.4266045853184355, 0.12816762268615814, 0.025214372801152244, 0.42001341919425417], [0.2491887426537933, 0.13065601332311022, 0.20091186357292465, 0.4192433804501718], [0.11743637983246814, 0.324849989256898, 0.5255822146496036, 0.03213141626103016], [0.18824375359842113, 0.6527085507439581, 0.08539567602021403, 0.07365201963740657], [0.10610705540122621, 0.14413785839984303, 0.27819632235399894, 0.47155876384493195], [0.05487738414462808, 0.8025346267331779, 0.03764976572378488, 0.10493822339840934], [0.30545712998006147, 0.5576468482271136, 0.0019197989968019627, 0.134976222796023], [0.13519603571180322, 0.02426925149806581, 0.7703155026085204, 0.07021921018161026], [0.01611502065252193, 0.6185325530207314, 0.036465215017395705, 0.3288872113093509], [0.48456930754206967, 0.42783066776607837, 0.031150931594212693, 0.05644909309763953], [0.4881550533839463, 0.20705194439617322, 0.05657792617620501, 0.24821507604367557], [0.05213856973385022, 0.22687557256800933, 0.4136678558494372, 0.30731800184870317], [0.04964488791480302, 0.8437467866534708, 0.04894291145470704, 0.05766541397701903], [0.11516672039281875, 0.1775627891962956, 0.1529264532134869, 0.5543440371973989], [0.5377709533117022, 0.041433254172087916, 0.0010313069874459855, 0.4197644855287638], [0.17450418663056128, 0.6520391706383535, 0.030032455551821966, 0.14342418717926317], [0.19726047160441873, 0.3186042942528115, 0.03071022062921875, 0.453425013513551], [0.643509096473148, 0.2822939738844981, 0.020111927492707207, 0.054085002149646726], [0.4184141275790181, 0.3209251777942646, 0.05269614243473804, 0.20796455219197937], [0.0783732706596174, 0.37937332641617116, 0.46838535509319223, 0.07386804783101886], [0.08861616330615696, 0.4469901699660715, 0.30991793687615604, 0.15447572985161548], [0.20120976352007663, 0.4903333523986181, 0.03373974930056549, 0.27471713478073995], [0.1222391816329085, 0.6503109576322722, 0.1614727344836208, 0.06597712625119857], [0.22537699087287097, 0.07640003258951111, 0.006646867604749079, 0.6915761089328689], [0.3048137021827972, 0.1219773117769501, 0.07128554931516982, 0.5019234367250828], [0.8694667103705419, 0.07304416666324294, 0.012531462307773831, 0.04495766065844145], [0.029670389422795956, 0.1768347383308726, 0.7571445195957452, 0.036350352650585976], [0.2443989981675965, 0.6792982385844819, 0.03911030118861601, 0.037192462059305396], [0.05431638087649561, 0.05702351129460416, 0.7648493441364159, 0.12381076369248392], [0.07837502436088066, 0.8324754262894598, 0.0018624170867508688, 0.08728713226290868], [0.3479432583143283, 0.04532563616084532, 0.16924322425205243, 0.43748788127277405], [0.3574788227350902, 0.16721558575828152, 0.4331765116642456, 0.04212907984238305], [0.04515672532076344, 0.22444166234575993, 0.6477831241617847, 0.08261848817169204], [0.046651861371826336, 0.15134286885332376, 0.280251931578234, 0.5217533381966158], [0.11092332173745241, 0.08115408507532312, 0.04241079617495744, 0.7655117970122669], [0.7637656662406307, 0.192121608140475, 0.012796434517209344, 0.03131629110168487], [0.19083497988544623, 0.24642476282260786, 0.0630755715408687, 0.4996646857510771], [0.16582972284774977, 0.5594173181419012, 0.02204928411777703, 0.2527036748925722], [0.04500083568578519, 0.2227839055046459, 0.1843642727351379, 0.5478509860744312], [0.7412512157764023, 0.10645563504537804, 0.005724512200578484, 0.1465686369776408], [0.35025958175825495, 0.46208816510669637, 0.03327737302003246, 0.15437488011501613], [0.07003741238972096, 0.41580296652486914, 0.004138626588319535, 0.5100209944970902], [0.1898417363058026, 0.09218513375985438, 0.16694553525651473, 0.5510275946778281], [0.3905210400872052, 0.1715505721708211, 0.07831976444478699, 0.35960862329718674], [0.14181058059090326, 0.19415453664742355, 0.032930884723252896, 0.6311039980384201], [0.7862318728049686, 0.057197766597418494, 0.0003699011054321564, 0.1562004594921807], [0.6608332742133612, 0.20146703472894184, 0.010902106583319443, 0.1267975844743778], [0.27399066122895327, 0.19374898381991046, 0.004778798415286063, 0.5274815565358502], [0.04464523389633947, 0.7938692684483523, 0.102212928388001, 0.05927256926730724], [0.08955650686944465, 0.4039114046164517, 0.2887408393824583, 0.21779124913164533], [0.6007398455658226, 0.05999771667962627, 0.009435282245096002, 0.32982715550945524], [0.2389060632396649, 0.11012158121726492, 0.5478374567677156, 0.10313489877535408], [0.1151183568146482, 0.5830309896263055, 0.0685767594103561, 0.23327389414869018], [0.11034556726559278, 0.05724444990481042, 0.14707672104417707, 0.6853332617854198], [0.3524152394787601, 0.49411226294635785, 0.08641595383904242, 0.06705654373583958], [0.3267249179856519, 0.5286690503296881, 0.011683780626122646, 0.13292225105853717], [0.8898928297322352, 0.07862326949333386, 0.002897584580909204, 0.028586316193521855], [0.4065424441111831, 0.20407316419171803, 0.35791631505914706, 0.031468076637951724], [0.49612902134322634, 0.14792211573159778, 0.010705232482252209, 0.34524363044292344], [0.4328509245089563, 0.15955360886625247, 0.1640478899764727, 0.24354757664831855], [0.03951196254689659, 0.28247317325107235, 0.6210821663223471, 0.05693269787968396], [0.24709233653447127, 0.43539618516373807, 0.2759794145076912, 0.041532063794099516], [0.7769472806139582, 0.08308965783812253, 0.0003322840396428765, 0.13963077750827646], [0.22950075989816965, 0.07374690263657538, 0.13802885838398274, 0.5587234790812725], [0.6417321384834784, 0.22946693911975888, 0.0074857465315768396, 0.12131517586518584], [0.6984042442512238, 0.15149268522794865, 0.01477283311327637, 0.13533023740755115], [0.04770530599291067, 0.7945502251898686, 0.03725060808260247, 0.12049386073461794], [0.026250028357831065, 0.18578616897678052, 0.19985850155690843, 0.5881053011084798], [0.057549413144560885, 0.6827282613928136, 0.16952469155922265, 0.09019763390340281], [0.33399326068401647, 0.29191075224832486, 0.1464638198465685, 0.22763216722109034], [0.24154525533779708, 0.2599591811566639, 0.42333018388886356, 0.0751653796166756], [0.6091781626594402, 0.2319278642175005, 0.00606499959697502, 0.15282897352608424], [0.07291096089405391, 0.2529390013530792, 0.4774076351978103, 0.19674240255505668], [0.05560837137684526, 0.5891016162022004, 0.03350057668416387, 0.3217894357367907], [0.19451859336544997, 0.11659704569820034, 0.33323777139194727, 0.35564658954440276], [0.5188692501448013, 0.39019010223560513, 0.024137660029689152, 0.06680298758990434], [0.041562499352909496, 0.5931955671517255, 0.20639494583687162, 0.15884698765849348], [0.13621968710667215, 0.26783107455281013, 0.2601016856382573, 0.3358475527022602], [0.04108107183647953, 0.10772283350110701, 0.8163107986916524, 0.03488529597076116], [0.055129931308647476, 0.01159721330595164, 0.5732862456433313, 0.3599866097420695], [0.05593699559233933, 0.21842150818897338, 0.48470808980585256, 0.24093340641283484], [0.1424582427524517, 0.7588064246322727, 0.06672705855579154, 0.03200827405948409], [0.15557131530494342, 0.6093470365001871, 0.07469080356171755, 0.16039084463315195], [0.17650564815608083, 0.2847624158436137, 0.1376748746858055, 0.40105706131450003], [0.3495453618783365, 0.33302240536978484, 0.14052077360567566, 0.17691145914620274], [0.17514795477680917, 0.771212897903253, 0.005523891955829823, 0.04811525536410813], [0.08063616966128882, 0.6834271846046095, 0.13561762857961798, 0.1003190171544838], [0.0385570526838336, 0.5810997604499648, 0.025984787059628766, 0.35435839980657247], [0.596711986703487, 0.15415088121395534, 0.0413984915601456, 0.2077386405224123], [0.6284319616069426, 0.012958367706673036, 0.0020947429688416524, 0.35651492771754295], [0.16631302039309245, 0.5023183003863231, 0.061576679874805, 0.26979199934577947], [0.7564312847348367, 0.11575740008639332, 0.012541168937293581, 0.11527014624147643], [0.22778411138131213, 0.29185448146076104, 0.1555127462158167, 0.3248486609421101], [0.15861227904230155, 0.5909799847383073, 0.07880090519187857, 0.17160683102751256], [0.0297310223419515, 0.5944151838684142, 0.03237207892521104, 0.3434817148644231], [0.0382709723918786, 0.053309560280650904, 0.6826813849375384, 0.22573808238993212], [0.14595670402781075, 0.20550258849119477, 0.36209471610442556, 0.28644599137656857], [0.23841378878660863, 0.11761497280239053, 0.4767242727461931, 0.16724696566480796], [0.25670318099698897, 0.24625519646229288, 0.10253071736944484, 0.3945109051712732], [0.8312167146285134, 0.10755266337326347, 0.004661823261472946, 0.05656879873675004], [0.24634904426928925, 0.21976084146406216, 0.30580807147492556, 0.22808204279172317], [0.14286711943085081, 0.44855110244042007, 0.0010273954746909553, 0.40755438265403815], [0.019200105605061305, 0.8074118784479727, 0.11205360433958209, 0.061334411607383975], [0.3971674916453145, 0.27779167172614333, 0.02359449358000802, 0.30144634304853424], [0.601209738910863, 0.12899112503616803, 0.08287486159366808, 0.18692427445930063], [0.09064972728235647, 0.6401857050814792, 0.15786140605457674, 0.11130316158158785], [0.362240441921755, 0.15696974999946683, 0.20377547781896968, 0.27701433025980843], [0.04493622752696114, 0.3120705797707299, 0.4970832978855137, 0.1459098948167955], [0.16000643214362778, 0.6643793387227244, 0.02793803349079349, 0.14767619564285442], [0.24955633155882864, 0.1755387637283147, 0.13811147978433144, 0.436793424928525], [0.3618025758440415, 0.010417865880224073, 0.021779517504217506, 0.6060000407715167], [0.034976247292586415, 0.8276026591949756, 0.0008331996938698904, 0.13658789381856784], [0.05485986857348297, 0.4019006512751878, 0.09010614562982729, 0.4531333345215023], [0.10969992053758112, 0.04089132879381248, 0.7097449166069479, 0.13966383406165822], [0.21331650713784403, 0.5757423507844622, 0.007762595236934964, 0.20317854684075892], [0.2621208404164698, 0.4299897047652827, 0.04539265946559101, 0.26249679535265646], [0.39096286008507486, 0.21093373312808852, 0.06502714617201841, 0.33307626061481804], [0.6238057056820954, 0.2194995142608002, 0.022770312291794582, 0.1339244677653098], [0.9452438847770582, 0.011255093246969751, 0.0043157452695101305, 0.03918527670646205], [0.8811689871168186, 0.09635033324810867, 0.0017155598668438315, 0.02076511976822895], [0.487219084208111, 0.33747988836904036, 0.007314146805468785, 0.1679868806173797], [0.16349977428882362, 0.6024342701193731, 0.14178082988500482, 0.09228512570679823]]}, "rewritten": {"ids": ["97106591", "97106600", "97106770", "97107040", "97107681", "97107920", "97112170", "97112300", "97116500", "97116790", "98109090", "98109230", "98109311", "98109570", "98111620", "98119591", "98121790", "99107500", "99108000", "99108460", "99108710", "99109141", "99109161", "99109370", "99109860", "99111340", "99112531", "99112840", "99116500", "100108080", "100108520", "100109311", "100109890", "100109980", "100113210", "100115700", "100120010", "100120780", "101108460", "101108500", "101110200", "101111310", "101112201", "102109840", "102110690", "102110850", "102112250", "102112301", "102116340", "102117351", "103111110", "103111170", "103111480", "103111990", "103113210", "103113610", "103117200", "103120531", "104111531", "104111830", "104111990", "104113190", "104117630", "104119340", "105113190", "105113210", "105114220", "105115250", "105115380", "105115570", "105115720", "105115900", "105116501", "105116650", "105116980", "105118230", "105120621", "106112770", "106115250", "106116120", "106118161", "106119990", "106121220", "107114621", "107119950", "108113700", "108114180", "108114220", "108114270", "108116120", "108118520", "108118630", "108120700", "109113591", "109114030", "109114270", "109114651", "109115380", "109116040", "109116441", "109117600", "109117630", "109120150", "110114610", "110114920", "110114950", "110115890", "110116501", "110117080", "110117200", "110118450", "110118880", "110118930", "110119300", "110120640", "110121450", "111116090", "111116170", "111116640", "111119290", "111119580", "111120280", "111120320", "111120540", "112116451", "112116810", "112116880", "112117431", "112118161", "112118581", "112118930", "112119450", "112120540", "112121351", "113117550", "113119950", "113120280", "113121810", "113121950", "113121980", "113122120", "113122220"], "labels": [1, 3, 3, 2, 3, 0, 0, 2, 2, 2, 1, 1, 1, 1, 3, 1, 2, 0, 2, 0, 2, 3, 3, 1, 2, 1, 3, 2, 2, 0, 2, 1, 3, 1, 0, 1, 0, 1, 0, 3, 2, 3, 0, 2, 0, 3, 0, 1, 3, 1, 3, 2, 0, 2, 3, 2, 0, 3, 0, 3, 2, 3, 0, 1, 3, 3, 3, 2, 1, 0, 1, 3, 1, 1, 0, 1, 1, 1, 2, 1, 3, 0, 1, 0, 3, 0, 1, 3, 3, 1, 0, 1, 2, 3, 1, 3, 3, 3, 0, 3, 1, 0, 2, 1, 3, 0, 2, 3, 1, 3, 0, 0, 1, 1, 0, 3, 3, 0, 0, 3, 3, 0, 1, 1, 0, 3, 0, 0, 0, 1, 1, 3, 3, 0, 3, 0, 0, 2, 3, 2, 1, 1], "predicted_labels": [1, 1, 0, 1, 0, 0, 1, 0, 1, 1, 3, 2, 0, 3, 1, 0, 0, 1, 1, 3, 1, 0, 0, 1, 1, 0, 3, 3, 3, 1, 3, 0, 1, 1, 1, 3, 3, 0, 1, 0, 3, 2, 0, 1, 3, 1, 3, 1, 2, 1, 1, 1, 1, 3, 1, 1, 1, 3, 3, 3, 1, 1, 1, 3, 3, 3, 0, 1, 3, 3, 1, 3, 3, 3, 3, 1, 0, 2, 1, 0, 0, 1, 3, 1, 3, 3, 1, 1, 0, 0, 0, 3, 1, 1, 3, 3, 3, 1, 3, 0, 3, 0, 2, 0, 1, 3, 1, 0, 1, 1, 1, 1, 3, 1, 3, 3, 3, 3, 3, 0, 0, 3, 3, 0, 1, 3, 1, 1, 0, 2, 2, 0, 0, 1, 1, 0, 0, 1, 1, 1, 1, 3], "confidence_scores": [[0.366974622704552, 0.3402591214879686, 0.12161257266703725, 0.17115368314044177], [0.1514161657619618, 0.27619073085799384, 0.39386679633992006, 0.17852630704012443], [0.36563245378248377, 0.08406952701052865, 0.4833933403762268, 0.06690467883076096], [0.06531590707240659, 0.2142817994314907, 0.6166703801288514, 0.10373191336725146], [0.4993057777120515, 0.12487036750929024, 0.05132796006316171, 0.3244958947154968], [0.6812395069821433, 0.011479914355897104, 0.0029437088640853993, 0.3043368697978736], [0.40222251596002934, 0.3750160632495163, 0.05414718235918563, 0.16861423843126871], [0.8138719664563538, 0.018195954775627125, 0.02153409081769832, 0.14639798795032088], [0.33620376601686036, 0.2713854205599564, 0.3605619726432951, 0.03184884077988827], [0.2508783015779779, 0.380488169673807, 0.33106334774244117, 0.03757018100577379], [0.10051883515795486, 0.3484016530378555, 0.13026843747006125, 0.420811074334128], [0.031225829195686592, 0.02755640225908601, 0.9298843476367284, 0.011333420908499214], [0.4724871035517288, 0.336826102125065, 0.008227993782518381, 0.18245880054068775], [0.04084615173962382, 0.1396288745701272, 0.012641569954689283, 0.8068834037355599], [0.006633097910361017, 0.48637562929281325, 0.4668944289545779, 0.04009684384224736], [0.5751272283956441, 0.2918606699459992, 0.11327054696537571, 0.019741554692981042], [0.5281151605847225, 0.3389707241750847, 0.04747713426057593, 0.08543698097961687], [0.045311075965394666, 0.5021438158327486, 0.29725096513249544, 0.15529414306936115], [0.05498243347736229, 0.4344099135259253, 0.370021459549412, 0.1405861934473003], [0.16493675488248039, 0.3157635339577675, 0.02894289165976037, 0.4903568194999918], [0.0389450720542234, 0.6368039234614036, 0.2634144210186819, 0.06083658346569107], [0.7099465655422498, 0.09475707885738192, 0.024561591970104407, 0.17073476363026413], [0.6450186107083935, 0.309492854888809, 0.0023551341707990525, 0.04313340023199808], [0.21110397540659748, 0.5056697107741246, 0.07128301079847661, 0.21194330302080144], [0.10583727613861486, 0.6910283730640652, 0.06053913224982323, 0.14259521854749682], [0.43226360198952485, 0.11727492205161785, 0.2155648545102526, 0.23489662144860482], [0.4511720131545596, 0.14823062809973775, 0.06040419681698837, 0.3401931619287142], [0.19117853270787827, 0.1384300441662082, 0.1455243183831023, 0.5248671047428107], [0.04831964458783732, 0.12130631202677893, 0.621201949212441, 0.20917209417294247], [0.19423670189462336, 0.42959551231817517, 0.049294714699967275, 0.3268730710872345], [0.11819869095553247, 0.06617555847189337, 0.2728259198391041, 0.5427998307334699], [0.7018997929536093, 0.09398807591198038, 0.002824674455001468, 0.20128745667940903], [0.3211561753929404, 0.41434015495298554, 0.021538297960927343, 0.2429653716931465], [0.01434057958124203, 0.5601992010816157, 0.022741822734952507, 0.4027183966021896], [0.23034884334650457, 0.3433659339910807, 0.16239637667857884, 0.26388884598383633], [0.24977961540908358, 0.15414123315767686, 0.24211528503312715, 0.3539638664001125], [0.07564322008279951, 0.2968949465605383, 0.2409813823803784, 0.38648045097628353], [0.663277071672887, 0.18983790381362445, 0.04892821225485538, 0.09795681225863329], [0.09013011886571289, 0.4861062751756905, 0.05724245606797704, 0.3665211498906199], [0.27158453919028197, 0.05121882241480137, 0.5399246432827921, 0.1372719951121249], [0.0671063681889022, 0.19818837516256238, 0.08271449491707857, 0.6519907617314565], [0.07118905075969552, 0.07804819546970913, 0.7855445843574063, 0.06521816941318946], [0.8160872997710219, 0.1182430980158319, 0.006685702286146979, 0.058983899926999143], [0.10951070463193996, 0.3865901739680572, 0.19185946725981984, 0.31203965414018286], [0.20121806202604722, 0.3007028448468136, 0.08690102582787554, 0.4111780672992635], [0.09350360016608229, 0.5636791458318333, 0.1906449161641065, 0.1521723378379781], [0.3731637283148065, 0.046269788497845146, 0.006828677123672262, 0.5737378060636762], [0.19561905134838412, 0.39216011100580533, 0.12865709548571896, 0.28356374216009184], [0.0367488318391472, 0.165814198205664, 0.6551765211907743, 0.14226044876441438], [0.20644156298324548, 0.6602932480755863, 0.002098043948070681, 0.13116714499309762], [0.23652894298235244, 0.5360966681919462, 0.1612743731673807, 0.06610001565832065], [0.4675656820991104, 0.38655088442974506, 0.022860407660892743, 0.12302302581025165], [0.18207440396349525, 0.7343084265112411, 0.0033208134010818077, 0.08029635612418175], [0.3045317807987028, 0.1746589825583256, 0.04781933595744153, 0.4729899006855301], [0.13655388090551138, 0.18650737487363236, 0.5353782169676568, 0.1415605272531995], [0.12305617888804751, 0.35495452339205474, 0.18563208383672095, 0.33635721388317663], [0.008687270009058301, 0.853469374793123, 0.05314488223639302, 0.0846984729614257], [0.0842706030202, 0.10835584715130664, 0.14016149111088264, 0.6672120587176102], [0.12889559360125893, 0.3895011428669088, 0.021954719841189196, 0.4596485436906431], [0.09218472356853953, 0.3137869315849405, 0.03796344710729816, 0.5560648977392219], [0.07696736650338212, 0.3339449631880152, 0.4287687908508767, 0.160318879457726], [0.14773117325987287, 0.7435711430996624, 0.02272851167160087, 0.08596917196886418], [0.3194952554708226, 0.6095434810590604, 0.01571929233751969, 0.05524197113259767], [0.03604890997885782, 0.2705094578590011, 0.23225223293690458, 0.46118939922523644], [0.15105487200165454, 0.0716762933839252, 0.0032231273184854473, 0.7740457072959347], [0.14505562850583975, 0.108371756247494, 0.5151022435776256, 0.23147037166904058], [0.6328412018186766, 0.25700932445864705, 0.02069788929770068, 0.08945158442497536], [0.11019417882032426, 0.31691189190129726, 0.2847507084218963, 0.2881432208564821], [0.04661435547700459, 0.055993887322194, 0.6269356807785523, 0.2704560764222489], [0.07048589926241335, 0.1325694293270886, 0.10042688513139122, 0.696517786279107], [0.17432120545527258, 0.4481405438124048, 0.17050158139763824, 0.20703666933468456], [0.10031413091651711, 0.06934240937294948, 0.6382884199834794, 0.19205503972705362], [0.21595334592070814, 0.314741985777794, 0.012311571274784914, 0.4569930970267132], [0.03423604083849756, 0.24343504367740335, 0.46939652239257823, 0.25293239309152127], [0.038822369986405945, 0.35066940215890613, 0.0006945965911489309, 0.609813631263539], [0.024738913905295826, 0.8813743446423523, 0.016595851357460445, 0.07729089009489164], [0.751699645978445, 0.02542849413275813, 0.0010694023820827661, 0.22180245750671418], [0.060902210587457824, 0.05384847196709974, 0.8033644157031758, 0.08188490174226656], [0.09011474011246623, 0.43729302657593994, 0.21454341051733947, 0.2580488227942545], [0.6590070154922087, 0.10196744140136994, 0.127532110492389, 0.11149343261403238], [0.6741946660468054, 0.11342626694801038, 0.03185122137941227, 0.18052784562577195], [0.34384698593603535, 0.46514398954712327, 0.07430524668125545, 0.11670377783558593], [0.014898967318277077, 0.15492100074451334, 0.14811253533200483, 0.6820674966052047], [0.21232240036056566, 0.5130929474811295, 0.032761296701461884, 0.2418233554568432], [0.13769391823770377, 0.10103388215079548, 0.20853008569592957, 0.5527421139155712], [0.008633850627137675, 0.2828315475046894, 0.19781559112307093, 0.5107190107451022], [0.09587334589034742, 0.6536965358047585, 0.1630744220461633, 0.0873556962587307], [0.48508865829404424, 0.4128460528995737, 0.03534657612074569, 0.06671871268563653], [0.6186905298604981, 0.2763134317277377, 0.0021185072637066225, 0.10287753114805755], [0.946335331201573, 0.013928692946807888, 0.0018549219849934757, 0.03788105386662567], [0.5661333798598973, 0.2735713019615919, 0.0252624053462327, 0.13503291283227792], [0.19900532644615257, 0.1372984165821578, 0.16275243697876352, 0.500943819992926], [0.0913552993157502, 0.7405391422640368, 0.056442120450389, 0.11166343796982436], [0.1866664518583922, 0.5379546932463528, 0.036064421923862354, 0.23931443297139263], [0.18008104683524456, 0.30112055002884675, 0.1977045326848637, 0.3210938704510448], [0.30471836073519765, 0.1224587028790976, 0.0194380541016006, 0.5533848822841041], [0.3833736911873218, 0.05187263375585666, 0.012695847506551776, 0.5520578275502699], [0.0619965551694438, 0.6617631371167187, 0.18384824679886044, 0.0923920609149771], [0.35072730997224927, 0.06393165425758879, 0.11135300848665262, 0.4739880272835094], [0.504541386728957, 0.134892800392663, 0.004887515327224745, 0.3556782975511551], [0.04222220155240526, 0.06771464003194382, 0.4795973102480034, 0.4104658481676475], [0.37988508445018243, 0.2094465098795408, 0.2754280334512403, 0.13524037221903681], [0.11126562275351455, 0.02602110643016443, 0.7013554405261487, 0.16135783029017198], [0.48560829210782686, 0.2079327559724636, 0.1354590676979319, 0.17099988422177756], [0.10216510535320372, 0.6215596376572503, 0.007084722765653279, 0.26919053422389305], [0.2842411560694411, 0.14937112949398207, 0.015602423253702574, 0.5507852911828742], [0.1786348367487075, 0.33353008908418075, 0.28103659494378364, 0.20679847922332803], [0.4752187075235225, 0.13279531555674848, 0.0632782142200286, 0.32870776269970065], [0.12406931717136009, 0.5051682808074635, 0.15675698137099756, 0.21400542065017886], [0.06421814708110939, 0.73417355394044, 0.07534828127877595, 0.12626001769967468], [0.01945550371606641, 0.8960447178891595, 0.01635334832023847, 0.06814643007453564], [0.07430701273698283, 0.5633032140342012, 0.0002502870295444004, 0.36213948619927155], [0.032038924885735724, 0.2817864189555257, 0.11302669625661445, 0.5731479599021242], [0.0846238653584589, 0.4581388173315, 0.0033666683116125927, 0.45387064899842866], [0.10846851441854109, 0.08159292625513495, 0.2858674738755356, 0.5240710854507886], [0.023060570634084728, 0.10476067660460295, 0.028478554565046603, 0.8437001981962658], [0.3044097934835713, 0.21405325701826503, 0.008732256496990203, 0.4728046930011735], [0.32533216805775844, 0.17093359928869023, 0.053231161543885325, 0.45050307110966636], [0.07321422792907573, 0.060834196991091695, 0.42883162499611466, 0.4371199500837182], [0.44576424774363343, 0.05427921843586236, 0.3349160183200276, 0.16504051550047666], [0.718637727416572, 0.02759057643370259, 0.13687624222880695, 0.11689545392091892], [0.30465886026343814, 0.09917786076037179, 0.01403809145405367, 0.5821251875221362], [0.4537491776896443, 0.04673168661843934, 0.05429406156481228, 0.4452250741271043], [0.5517072136097163, 0.2703811528942443, 0.1527330642326584, 0.025178569263381086], [0.4087395227552591, 0.4641854871404199, 0.026033385142441735, 0.10104160496187906], [0.14907247965602408, 0.1807319279591452, 0.23144811555306874, 0.4387474768317618], [0.13957020886084195, 0.2831505388702266, 0.3886614140037285, 0.1886178382652028], [0.20136836744757403, 0.42960662484524115, 0.17873113446866834, 0.1902938732385165], [0.5523583486123257, 0.15649710515538304, 0.03923718496208681, 0.2519073612702045], [0.008721222742059423, 0.058980555599897164, 0.9208993729806748, 0.011398848677368413], [0.022104400661102457, 0.06348080073809817, 0.7643963683156012, 0.15001843028519798], [0.7220530609472322, 0.10381998487759013, 0.0039468838902160614, 0.17018007028496115], [0.7612203735334533, 0.18644296139160726, 0.002687152386127286, 0.04964951268881221], [0.22905619149322998, 0.2031923293620263, 0.5084190846103647, 0.059332394534378885], [0.08632217405394771, 0.4616119926075221, 0.10455961453755037, 0.3475062188009798], [0.6350951928686452, 0.03629044744880308, 0.027021318872398982, 0.30159304081015276], [0.6131437225274049, 0.007626262271936953, 0.13459019443015005, 0.24463982077050792], [0.08396273006552706, 0.4857973082684676, 0.29591371341658806, 0.13432624824941705], [0.0613589733911964, 0.5511632713241388, 0.015666077849905563, 0.3718116774347592], [0.25661612676352613, 0.5329308661916701, 0.0022479185995752577, 0.20820508844522867], [0.13251638236380692, 0.5132893837607119, 0.2610566726111408, 0.09313756126434033], [0.06138360911644896, 0.3200741251409388, 0.3273049053533502, 0.29123736038926196]]}}