{"test": {"ids": ["109116170", "107121640", "107114110", "99107660", "111121190", "111116090", "113119120", "98111860", "107113550", "102113210", "104119290", "106116370", "108113620", "99110730", "113122190", "113122180", "113121950", "112119450", "101112201", "110115120", "113119950", "108116501", "104111620", "102110240", "111121410", "113119700", "99107560", "113118490", "99110050", "111114321", "106120640", "111115910", "108117720", "111114171", "109119340", "111117571", "110119300", "109113931", "102116340", "109120560", "113120280", "113122220", "108119510", "112118860", "108121160", "110113591", "101108500", "112118701", "107114140", "109118820", "113119360", "107120130", "97114170", "112118880", "97107950", "112121410", "108116070", "111117120", "109117080", "110120700", "113122320", "99108330", "106113830", "100112060", "100109890", "97107260", "99119830", "112118550", "113121190", "103113210", "104111711", "113122230", "106114880", "99108580", "111119610", "112120670", "99112840", "110114321", "100110050", "107112840", "108117451", "110115980", "106116120", "99105921", "107121540", "100111620", "97105580", "113119930", "112120990", "104111550", "105113260", "98113881", "113120591", "110118121", "107120880", "98108520", "97116790", "112116401", "110121140", "105120280", "113118231", "113117340", "112121351", "106114321", "106114280", "100113370", "109118701", "111116040", "100113210", "106117790", "98110230", "98109570", "107113360", "108115880", "112116290", "111119150", "98109090", "98112170", "105115900", "109119460", "104114320", "98116500", "108117610", "97107681", "102112301", "103112470", "106114011", "111117480", "112120290", "104118340", "110116501", "101108370", "111119580", "103111990", "108115570", "108120621", "101108290", "100108580", "112118471", "106112770", "110118111", "107119390"], "labels": [0, 1, 1, 3, 1, 3, 3, 0, 0, 3, 1, 2, 3, 3, 1, 2, 3, 3, 0, 0, 0, 0, 0, 3, 0, 0, 1, 1, 3, 1, 3, 2, 1, 3, 3, 3, 1, 1, 3, 1, 0, 1, 1, 3, 2, 0, 3, 0, 2, 3, 0, 2, 2, 1, 2, 0, 1, 2, 1, 2, 1, 1, 1, 2, 3, 2, 1, 3, 1, 3, 1, 1, 0, 0, 2, 2, 2, 1, 3, 1, 2, 1, 1, 1, 2, 3, 1, 1, 2, 1, 3, 3, 0, 3, 1, 2, 2, 0, 3, 3, 3, 2, 0, 2, 3, 3, 3, 0, 0, 1, 3, 1, 0, 3, 0, 3, 1, 3, 3, 1, 2, 2, 3, 3, 1, 1, 1, 1, 1, 2, 3, 1, 3, 2, 3, 1, 0, 0, 1, 1, 1, 2], "predicted_labels": [0, 3, 0, 1, 0, 1, 0, 0, 3, 1, 0, 3, 1, 2, 1, 3, 3, 0, 3, 0, 0, 1, 0, 0, 1, 3, 1, 3, 1, 3, 3, 3, 0, 1, 0, 1, 1, 3, 0, 3, 3, 3, 3, 1, 3, 0, 2, 3, 3, 1, 1, 1, 3, 3, 2, 3, 3, 2, 1, 3, 1, 1, 3, 3, 3, 2, 1, 3, 0, 3, 0, 0, 1, 0, 3, 3, 0, 0, 0, 1, 0, 3, 1, 1, 2, 2, 1, 1, 1, 3, 0, 1, 1, 1, 1, 0, 1, 3, 1, 3, 1, 1, 1, 0, 0, 3, 1, 3, 0, 1, 0, 0, 0, 3, 0, 3, 0, 0, 1, 3, 2, 0, 0, 0, 3, 2, 1, 0, 0, 3, 3, 1, 1, 0, 1, 3, 0, 0, 0, 3, 3, 3], "confidence_scores": [[0.49071139797702074, 0.1948542938845241, 0.07894741290392235, 0.23548689523453284], [0.18672122940750885, 0.0960846646178163, 0.10321287929242405, 0.6139812266822507], [0.4321664882139528, 0.18151685119470737, 0.14539850987939337, 0.24091815071194647], [0.24806989545257102, 0.3517684122451274, 0.15410290287206596, 0.24605878943023596], [0.2914825850492999, 0.2548614679846456, 0.16826776872913293, 0.28538817823692153], [0.15465026703306287, 0.517636222179075, 0.12081827928772479, 0.20689523150013733], [0.34165170943496753, 0.2336911567010488, 0.12039278431660454, 0.30426434954737924], [0.2756148490234745, 0.23789719095033543, 0.2227949950021715, 0.2636929650240186], [0.28530517742676675, 0.2695141612899261, 0.13499188231374257, 0.31018877896956465], [0.2804145582711656, 0.34366749359271787, 0.11842137310811537, 0.25749657502800116], [0.4163775538849248, 0.2148652219677591, 0.15100802878436181, 0.2177491953629544], [0.26004989119655675, 0.26626175952177517, 0.1437902971518487, 0.32989805212981943], [0.2992406235755372, 0.32887266460111514, 0.11315201606587136, 0.2587346957574765], [0.19280402953277911, 0.2581605421028773, 0.3428687034776686, 0.20616672488667476], [0.20583687629757166, 0.4628643591268587, 0.12088344358570499, 0.21041532098986476], [0.1324142889326277, 0.32499504830263737, 0.18952222663495694, 0.35306843612977795], [0.22234083804979207, 0.19854514279362545, 0.285245533407528, 0.29386848574905455], [0.3373931436721886, 0.28656366796464505, 0.10627626225987982, 0.2697669261032866], [0.22193073978030345, 0.3039460186068564, 0.1126312602078391, 0.36149198140500116], [0.339711364630125, 0.2655108895012781, 0.1203859215873137, 0.27439182428128306], [0.35481773337040956, 0.23741977448945994, 0.07594996483682064, 0.33181252730331], [0.12329322356754108, 0.5197385726920694, 0.05973078449512684, 0.29723741924526287], [0.4631769987502984, 0.20236634424315114, 0.13295955822846828, 0.20149709877808222], [0.5081223211608992, 0.18965090992323766, 0.15057224902752792, 0.1516545198883353], [0.11679632368872424, 0.5522326505464829, 0.05823783242747234, 0.27273319333732066], [0.28798850843402424, 0.2863714956804155, 0.08612741442713281, 0.3395125814584274], [0.258020703002467, 0.2598271719155105, 0.23807834477132073, 0.24407378031070182], [0.17842546861199826, 0.3338071079859563, 0.1492990273275644, 0.33846839607448104], [0.29499188008626737, 0.38518196509747626, 0.13180575913617557, 0.1880203956800809], [0.2552858461895938, 0.23400407134587917, 0.11816954246410488, 0.39254054000042227], [0.21503195990344878, 0.2637730491257155, 0.24077648866359816, 0.2804185023072378], [0.281514009943049, 0.2552892889290069, 0.0915931694874477, 0.37160353164049653], [0.39291276551252624, 0.1426771817403995, 0.08377998887708606, 0.3806300638699882], [0.2590066136593201, 0.3531030655100039, 0.12071542883144105, 0.2671748919992351], [0.44996215510280463, 0.23670429881795257, 0.10426245749154889, 0.20907108858769397], [0.21713257871578678, 0.33742314999868095, 0.1181598761467558, 0.32728439513877655], [0.21962917775523796, 0.33476538436135145, 0.11801787027948239, 0.3275875676039282], [0.26634209595183156, 0.2421085084104975, 0.11603465190539167, 0.37551474373227933], [0.4694067326527096, 0.23283173533552584, 0.13961398193045316, 0.1581475500813115], [0.24575067250375268, 0.17881258570658778, 0.12976650807211487, 0.4456702337175446], [0.3468227934448058, 0.12046943996930509, 0.0859383403065487, 0.4467694262793406], [0.13449557521054117, 0.17642205082575088, 0.08837033939847001, 0.6007120345652379], [0.2434667904099942, 0.16739049117474997, 0.1883328830602536, 0.4008098353550023], [0.19192855883835222, 0.32883087490491586, 0.2534990017574177, 0.22574156449931423], [0.18268583139171052, 0.3405795740615706, 0.11779322675889205, 0.35894136778782687], [0.37219284257046115, 0.25780595763864733, 0.1087846727498943, 0.26121652704099735], [0.1811209002019871, 0.16449396051042256, 0.5029087422153988, 0.15147639707219154], [0.19249483737024176, 0.1619360665675703, 0.05664531863387653, 0.5889237774283114], [0.1670442351049591, 0.280195222519551, 0.20323309480134222, 0.3495274475741476], [0.25160295056400156, 0.272186147776308, 0.2242343822848888, 0.25197651937480164], [0.2902474405331147, 0.29572921889553516, 0.12181186464542032, 0.29221147592592994], [0.2879065734249377, 0.32087011910177055, 0.1400154926454277, 0.2512078148278641], [0.15089657637755355, 0.286803569931683, 0.2718342828561005, 0.2904655708346629], [0.17014782457456934, 0.17815524289924184, 0.09865990725134398, 0.5530370252748449], [0.10902623946514006, 0.3363898852592349, 0.3536736683667548, 0.20091020690887043], [0.13080716013434737, 0.24681165158687948, 0.12763475293330206, 0.4947464353454711], [0.22252293611838508, 0.20160550697827187, 0.23236653848688005, 0.34350501841646286], [0.17756388810968593, 0.25509621832203566, 0.3513729898771116, 0.2159669036911667], [0.1848669762250022, 0.3986628774875359, 0.10216966739870308, 0.3143004788887587], [0.32383266533403376, 0.11724103598316923, 0.08274613107321398, 0.4761801676095831], [0.24075478245072496, 0.4555621097173439, 0.1306946967081343, 0.17298841112379687], [0.1553848068521709, 0.3757848932895553, 0.16032793434656736, 0.3085023655117065], [0.2834841774122481, 0.2155706090184924, 0.21646742666521804, 0.2844777869040416], [0.22344965598389294, 0.2496173062689759, 0.2015954263636338, 0.3253376113834975], [0.21540934755921468, 0.19003760081908821, 0.20719695355591225, 0.38735609806578486], [0.18271342649988187, 0.11942903021911809, 0.439952334545608, 0.257905208735392], [0.18293433289327526, 0.3844285179522683, 0.13474247118366312, 0.29789467797079333], [0.23621671822691387, 0.11062604688342502, 0.045428369251734636, 0.6077288656379265], [0.39656979023044153, 0.19052702845414127, 0.11132421764480971, 0.30157896367060755], [0.25186830249653047, 0.25041581630035314, 0.18909741512903025, 0.30861846607408616], [0.5164586040530139, 0.2802138250514479, 0.0657737224774174, 0.13755384841812088], [0.4340567628056922, 0.27460129653192, 0.10495309729623209, 0.18638884336615577], [0.22344028420281642, 0.43687655805694403, 0.134083785823388, 0.20559937191685146], [0.37665338714710367, 0.2776472140620706, 0.18885541216284393, 0.15684398662798174], [0.2239568754091109, 0.2628315000400218, 0.11121894116015055, 0.4019926833907167], [0.19404520479966364, 0.21911734347735176, 0.15839478215836678, 0.4284426695646181], [0.3647999781805637, 0.22043158855144687, 0.21336607768416263, 0.20140235558382677], [0.5281224356751737, 0.1296346249948507, 0.1795304581895342, 0.16271248114044135], [0.3272928152752166, 0.24580131928170135, 0.12197896641118615, 0.30492689903189585], [0.15209124564362025, 0.3761080433769715, 0.1461418521259577, 0.32565885885345053], [0.33525754985576656, 0.28843793493855524, 0.10040413583151857, 0.2759003793741596], [0.15915445852736101, 0.19253546155469867, 0.10370183025771675, 0.5446082496602236], [0.20242977750625415, 0.3416080875036669, 0.1840217156133539, 0.2719404193767252], [0.23197425343606812, 0.4162307474040992, 0.1274097826736148, 0.22438521648621787], [0.18545017589425622, 0.1602891035967287, 0.37318267485719364, 0.28107804565182154], [0.22803588677989073, 0.101590801802444, 0.41104837917435005, 0.2593249322433152], [0.12374579054428522, 0.5301163088110188, 0.0725644316948811, 0.27357346894981494], [0.30922323581435646, 0.3145186115583711, 0.06589687031308168, 0.31036128231419086], [0.24439788409266652, 0.2975816044076329, 0.1965782355282179, 0.26144227597148273], [0.21055286918338403, 0.2826198548503725, 0.17125656853561347, 0.33557070743063017], [0.30277987958254565, 0.23502990536873605, 0.1840475199685306, 0.278142695080188], [0.20314463301343336, 0.3090584192818878, 0.2119766080561247, 0.2758203396485544], [0.23157518726542206, 0.30988863998194205, 0.18163381184301755, 0.2769023609096185], [0.20210941193034687, 0.5057499516546118, 0.1407454313944365, 0.15139520502060508], [0.26736225675411257, 0.3066092713611469, 0.18480195261497462, 0.24122651926976582], [0.28578259567609643, 0.2590980713065773, 0.2758114482081487, 0.17930788480917778], [0.1930431841155955, 0.41056097865794344, 0.19486546673411306, 0.20153037049234812], [0.18162169517393564, 0.22412685026466744, 0.08688005975890511, 0.5073713948024917], [0.39038297612307715, 0.44532636278061044, 0.03869371765740696, 0.1255969434389054], [0.27828938620726196, 0.29395904210440704, 0.10775696118786583, 0.3199946105004652], [0.12268759672062172, 0.49130561736435163, 0.08263847234675537, 0.3033683135682713], [0.1662294068958737, 0.4000822714829479, 0.07253928102961989, 0.3611490405915586], [0.31246841781897255, 0.3213569260607733, 0.1767969032573902, 0.18937775286286423], [0.32968386081260664, 0.21444451345316876, 0.28187745181753693, 0.1739941739166878], [0.4509026430385038, 0.16573445975485765, 0.14259102242003965, 0.24077187478659892], [0.13499152621173088, 0.18697771858102516, 0.31780600485975474, 0.36022475034748924], [0.15598498543293995, 0.3940428425706918, 0.13806112831295683, 0.3119110436834114], [0.33602642781682823, 0.1654661080495248, 0.08738280263397605, 0.4111246614996709], [0.3173889435427477, 0.21507215053806047, 0.17372757264612856, 0.29381133327306336], [0.18412113306920513, 0.3910524782039206, 0.13829355490947007, 0.2865328338174043], [0.3873365296661228, 0.23222826373389702, 0.12411819954072889, 0.2563170070592514], [0.3070735832650626, 0.2697758062581942, 0.19113851605099366, 0.23201209442574972], [0.5434951612533852, 0.14013913984073156, 0.08970590002174439, 0.22665979888413879], [0.17247669407586058, 0.25274930855623073, 0.10948576709608783, 0.465288230271821], [0.4375865322904577, 0.1863036807558549, 0.20460499560930256, 0.1715047913443849], [0.3364819067296031, 0.21631976952202756, 0.09739278377229513, 0.3498055399760743], [0.3624070689541109, 0.21237272837543825, 0.22568287197261314, 0.19953733069783772], [0.39237806726558083, 0.2232652731357502, 0.10525578073750752, 0.2791008788611614], [0.20595452983682933, 0.5264943143153945, 0.11387563801261319, 0.15367551783516303], [0.22886653375901572, 0.2848768377120525, 0.09223504471876878, 0.39402158381016295], [0.10389570933516572, 0.14040834615994965, 0.4695370976408675, 0.2861588468640171], [0.4569026515783479, 0.16748761648946894, 0.1180156146409534, 0.2575941172912299], [0.39271677732743426, 0.16968544916878883, 0.08891846070453113, 0.3486793127992458], [0.6466660141307846, 0.14392595397207278, 0.05304873899847815, 0.15635929289866451], [0.18427071920016938, 0.309279336373682, 0.0985337765899538, 0.4079161678361949], [0.17489080041918922, 0.2943620197353056, 0.29524200227349495, 0.23550517757201028], [0.2211414390124173, 0.34532408957066746, 0.1916529689238213, 0.24188150249309387], [0.38291029846768876, 0.2051968025460567, 0.08916252840871636, 0.32273037057753823], [0.4745041466823268, 0.14165760530341848, 0.14528536639737244, 0.23855288161688246], [0.29392173313033104, 0.25337489484587083, 0.10915694308607013, 0.34354642893772797], [0.23657915683599198, 0.26547569873603627, 0.0848824906430165, 0.4130626537849552], [0.2657788223829048, 0.30968600493692977, 0.1520986934554803, 0.2724364792246852], [0.27683565414909994, 0.30333928746634475, 0.11721580296015276, 0.30260925542440265], [0.32795545236438056, 0.21714247147045448, 0.15297494620244154, 0.3019271299627234], [0.16850864920087333, 0.3291291964896733, 0.19516454873196712, 0.3071976055774865], [0.32678865006116437, 0.21319496397614962, 0.13176277386746849, 0.32825361209521753], [0.3599719853921065, 0.1872325333361161, 0.16147741388121598, 0.29131806739056154], [0.37982762279185306, 0.12186654140284761, 0.35503432930008, 0.1432715065052194], [0.30009646421752584, 0.19086135922637218, 0.24136142908164004, 0.2676807474744622], [0.12108397656620422, 0.13420559944946786, 0.24776734586414806, 0.49694307812017996], [0.08484858898363966, 0.19274176783571412, 0.1388659820113397, 0.5835436611693064], [0.12147850945213455, 0.30620418598286575, 0.1322409298636404, 0.44007637470135913]]}, "rewritten": {"ids": ["97105580", "97107260", "97107681", "97107950", "97114170", "97116790", "98108520", "98109090", "98109570", "98110230", "98111860", "98112170", "98113881", "98116500", "99105921", "99107560", "99107660", "99108330", "99108580", "99110050", "99110730", "99112840", "99119830", "100108580", "100109890", "100110050", "100111620", "100112060", "100113210", "100113370", "101108290", "101108370", "101108500", "101112201", "102110240", "102112301", "102113210", "102116340", "103111990", "103112470", "103113210", "104111550", "104111620", "104111711", "104114320", "104118340", "104119290", "105113260", "105115900", "105120280", "106112770", "106113830", "106114011", "106114280", "106114321", "106114880", "106116120", "106116370", "106117790", "106120640", "107112840", "107113360", "107113550", "107114110", "107114140", "107119390", "107120130", "107120880", "107121540", "107121640", "108113620", "108115570", "108115880", "108116070", "108116501", "108117451", "108117610", "108117720", "108119510", "108120621", "108121160", "109113931", "109116170", "109117080", "109118701", "109118820", "109119340", "109119460", "109120560", "110113591", "110114321", "110115120", "110115980", "110116501", "110118111", "110118121", "110119300", "110120700", "110121140", "111114171", "111114321", "111115910", "111116040", "111116090", "111117120", "111117480", "111117571", "111119150", "111119580", "111119610", "111121190", "111121410", "112116290", "112116401", "112118471", "112118550", "112118701", "112118860", "112118880", "112119450", "112120290", "112120670", "112120990", "112121351", "112121410", "113117340", "113118231", "113118490", "113119120", "113119360", "113119700", "113119930", "113119950", "113120280", "113120591", "113121190", "113121950", "113122180", "113122190", "113122220", "113122230", "113122320"], "labels": [1, 2, 3, 2, 2, 2, 2, 1, 1, 3, 0, 3, 3, 2, 1, 1, 3, 1, 0, 3, 3, 2, 1, 0, 3, 3, 3, 2, 0, 3, 0, 1, 3, 0, 3, 1, 3, 3, 2, 1, 3, 1, 0, 1, 2, 2, 1, 3, 3, 3, 1, 1, 1, 3, 2, 0, 1, 2, 1, 3, 1, 0, 0, 1, 2, 2, 2, 1, 2, 1, 3, 3, 3, 1, 0, 2, 3, 1, 1, 1, 2, 1, 0, 1, 3, 3, 3, 1, 1, 0, 1, 0, 1, 3, 1, 3, 1, 2, 3, 3, 1, 2, 0, 3, 2, 1, 3, 3, 3, 2, 1, 0, 0, 0, 1, 3, 0, 3, 1, 3, 1, 2, 2, 0, 0, 2, 3, 1, 3, 0, 0, 1, 0, 0, 0, 1, 3, 2, 1, 1, 1, 1], "predicted_labels": [3, 2, 3, 3, 0, 1, 1, 0, 0, 0, 1, 3, 0, 0, 1, 0, 3, 1, 0, 1, 3, 0, 2, 0, 0, 2, 0, 0, 0, 3, 0, 1, 2, 1, 0, 0, 3, 1, 3, 2, 3, 1, 0, 3, 2, 3, 1, 3, 1, 1, 0, 0, 0, 0, 2, 1, 0, 3, 1, 1, 1, 0, 3, 0, 0, 3, 0, 2, 3, 3, 0, 1, 1, 3, 1, 1, 1, 0, 2, 1, 0, 2, 0, 3, 3, 0, 0, 3, 3, 1, 2, 0, 3, 3, 2, 0, 3, 0, 1, 0, 0, 3, 1, 1, 0, 0, 1, 3, 0, 3, 0, 1, 0, 3, 1, 3, 1, 0, 3, 1, 0, 1, 2, 1, 1, 3, 0, 1, 0, 3, 0, 1, 2, 3, 2, 3, 3, 3, 1, 3, 1, 3], "confidence_scores": [[0.2019130064135831, 0.3152069418572502, 0.11780592648026708, 0.3650741252488997], [0.11181772523031967, 0.15701675519004116, 0.4437849470738296, 0.28738057250580956], [0.2182068119398128, 0.27221310027113516, 0.20689723933936782, 0.30268284844968424], [0.12368196300504328, 0.2591033149795409, 0.2811013133209003, 0.3361134086945154], [0.3828820308499422, 0.2060522399832842, 0.21402821786683632, 0.19703751129993724], [0.11856701223123972, 0.6907975846468182, 0.0828885101864746, 0.10774689293546746], [0.1971049112278683, 0.38328894697309274, 0.26589662364186234, 0.15370951815717682], [0.32995741649440097, 0.22689934711074572, 0.11387373120495728, 0.32926950518989606], [0.35581941916477067, 0.24049039949319959, 0.1960792398856337, 0.20761094145639616], [0.39041132770128384, 0.1445209554731892, 0.13275402998223398, 0.33231368684329304], [0.16489633268618759, 0.33102324951547146, 0.2801134513965869, 0.22396696640175434], [0.30896255530029065, 0.198151720479394, 0.12126465017154507, 0.3716210740487706], [0.42561629573709253, 0.3039953788675136, 0.13502138591490784, 0.135366939480486], [0.3034371322932261, 0.2774175878449922, 0.1294293870024311, 0.28971589285935073], [0.10028759765772896, 0.5718873546854943, 0.05253066784401244, 0.2752943798127642], [0.3244401602946122, 0.24647842093035655, 0.1833110458539501, 0.24577037292108136], [0.29447547170446225, 0.23913817281773736, 0.13553367042455652, 0.3308526850532439], [0.1804775731012319, 0.29281766923270736, 0.24794787990074144, 0.2787568777653194], [0.27440274402046794, 0.26549189788248956, 0.2297037669536455, 0.2304015911433971], [0.24477828111321298, 0.33597238526050904, 0.1819085844564204, 0.2373407491698575], [0.20120692853404448, 0.24948536184798947, 0.23083106042912116, 0.3184766491888449], [0.5718144147777642, 0.1673254749376998, 0.06754486594641122, 0.19331524433812464], [0.1890817165750183, 0.22462394988971016, 0.3203613078500412, 0.2659330256852306], [0.48743880729962874, 0.05759361946966309, 0.26370249275344254, 0.19126508047726576], [0.3832745910110593, 0.24647732195433814, 0.1216548989194986, 0.24859318811510403], [0.2238421611459895, 0.2660789528154706, 0.2821661626151264, 0.22791272342341354], [0.3456097296928356, 0.15417830410487515, 0.2554703609143605, 0.24474160528792885], [0.4742941745969483, 0.1897834110208103, 0.12523508353856733, 0.21068733084367414], [0.38480155182609366, 0.1791946204069589, 0.1263544804478054, 0.3096493473191422], [0.17161426762814191, 0.22636932914367602, 0.13582226669919348, 0.46619413652898845], [0.2968982740532282, 0.23525693459619446, 0.2549123381582115, 0.21293245319236598], [0.20140112462345458, 0.38671687970479796, 0.12688277374366227, 0.2849992219280852], [0.1906862279082837, 0.2501108768357093, 0.3711590272823952, 0.18804386797361183], [0.17673136089345745, 0.4394558345498465, 0.11342034253164855, 0.2703924620250476], [0.4686053556871984, 0.19476661046089028, 0.12190855728290202, 0.21471947656900936], [0.511249882013609, 0.125799703483697, 0.23918334168975153, 0.12376707281294246], [0.24590755456250055, 0.2993779572498252, 0.13089285590872418, 0.3238216322789501], [0.27114991595508314, 0.3800415992784882, 0.1666037677111776, 0.18220471705525107], [0.2606072699108589, 0.1717407715916318, 0.14341089406595553, 0.4242410644315538], [0.19488034316747108, 0.17334843902969999, 0.3344883687412578, 0.29728284906157126], [0.21945453043558916, 0.22050755503334774, 0.22812873691697036, 0.3319091776140928], [0.2604023415693422, 0.35804665500148786, 0.12403957939216681, 0.25751142403700317], [0.3441459920269482, 0.1927907156602137, 0.14247038681315466, 0.32059290549968317], [0.30963345328787795, 0.231205651212159, 0.10453151383552031, 0.35462938166444274], [0.12153089605759308, 0.3290890296540379, 0.35594402829193067, 0.1934360459964385], [0.27504019180089534, 0.20974731926372603, 0.1354737977906804, 0.37973869114469827], [0.23352394177521316, 0.32574328208792974, 0.15797515384815994, 0.2827576222886971], [0.2926561381445139, 0.2254516619017975, 0.17874004476788913, 0.30315215518579947], [0.3072722604195306, 0.41495404931612073, 0.12683130796980036, 0.1509423822945483], [0.2716152925773794, 0.2820764813187136, 0.18980173982397006, 0.25650648627993694], [0.2870889591647336, 0.24511478653013574, 0.20632112617695533, 0.26147512812817547], [0.34170337136841655, 0.15747723177551198, 0.20263163631134773, 0.29818776054472373], [0.5410558961185875, 0.22235336109488527, 0.06765320874481705, 0.1689375340417102], [0.44340275641235083, 0.1492631433003113, 0.2268596171774689, 0.180474483109869], [0.2161918560394231, 0.14166933926454553, 0.33626270788223617, 0.3058760968137952], [0.1927379258628007, 0.3925642332449741, 0.1846796310874262, 0.23001820980479903], [0.2769964959691999, 0.26693431706928283, 0.24189428501172738, 0.2141749019497898], [0.24593082330926416, 0.2763538739981855, 0.15039715220763403, 0.32731815048491625], [0.25734768359921295, 0.3513605622578797, 0.07983700206652417, 0.3114547520763832], [0.23622867957412064, 0.3940795576493265, 0.17464253739295896, 0.19504922538359398], [0.11472485824869276, 0.37934804926343274, 0.1867936936520604, 0.31913339883581426], [0.5857877926830589, 0.09209501437459797, 0.07916034883291387, 0.24295684410942942], [0.22150895130577994, 0.19347315674191953, 0.11334789409598323, 0.47166999785631725], [0.3953945366472397, 0.19119671887209314, 0.15120631416063116, 0.2622024303200361], [0.3303745590786626, 0.2930165623476553, 0.13672769241511498, 0.23988118615856718], [0.21663131255488896, 0.23798813288509232, 0.1301139161390548, 0.41526663842096395], [0.4075468560136523, 0.2686800055704193, 0.07380007656717597, 0.24997306184875243], [0.1921082082919967, 0.11561423376570697, 0.4687891181060024, 0.223488439836294], [0.27518935496362806, 0.2499624220439407, 0.1352274079645091, 0.339620815027922], [0.11718951673936512, 0.12505312059377718, 0.19720602920877167, 0.5605513334580862], [0.3548635707686772, 0.20581079991852078, 0.3065908498600907, 0.13273477945271112], [0.11889387826294168, 0.5130487673392825, 0.09266376609158761, 0.27539358830618826], [0.20476839206426206, 0.2906214827081902, 0.23527443808962423, 0.2693356871379234], [0.2973076337707437, 0.2716957810208416, 0.12324347110877121, 0.3077531140996436], [0.23109818632374732, 0.5553818996732053, 0.07523742365915348, 0.138282490343894], [0.16954759859366725, 0.40829818968368065, 0.09750556066498745, 0.3246486510576647], [0.21656046596611583, 0.4448915990507999, 0.08843853193545682, 0.2501094030476276], [0.4025001289658926, 0.1502063731564889, 0.08376458428620152, 0.36352891359141704], [0.18086380287562856, 0.15116419305780912, 0.37476867309796985, 0.29320333096859263], [0.22604394168187994, 0.37822566590779355, 0.16456976226936815, 0.23116063014095842], [0.33244780198334645, 0.30265078472801066, 0.11913692160700845, 0.24576449168163442], [0.2289457780966567, 0.20412126656394586, 0.3789179810789172, 0.1880149742604802], [0.40289134459648496, 0.2301023015092738, 0.1347313602580539, 0.23227499363618742], [0.12948821989459378, 0.3004227448725845, 0.13302969305584125, 0.4370593421769804], [0.21694169417374468, 0.2532202728102254, 0.22537959298986526, 0.30445844002616473], [0.5254010793770834, 0.18012315409514543, 0.1018885395976026, 0.19258722693016875], [0.4126633632482679, 0.25388714841712, 0.08980554003877499, 0.24364394829583727], [0.21135780463721648, 0.24829951838587985, 0.13806172699867517, 0.40228094997822855], [0.29269306701250225, 0.1842551245435476, 0.10914023939502855, 0.41391156904892157], [0.2664590051305086, 0.31193572718434714, 0.16361390379353477, 0.2579913638916094], [0.22338258259110216, 0.23524532103176055, 0.4081759430550669, 0.13319615332207047], [0.2838337868151017, 0.26510660683144177, 0.1799892243473109, 0.2710703820061457], [0.18890694277839284, 0.15663809406718557, 0.11276905795157731, 0.5416859052028444], [0.23612649228931565, 0.22944025017230685, 0.1866378339022004, 0.3477954236361772], [0.18253354114483383, 0.18035828022859515, 0.33460815234302627, 0.3025000262835448], [0.3633584958846758, 0.3176072897893605, 0.11508306756232976, 0.20395114676363427], [0.27535230369826974, 0.19174244565888449, 0.15605683482320887, 0.3768484158196369], [0.45229102613957234, 0.19455627931357272, 0.16489200107947147, 0.18826069346738353], [0.29975304515771534, 0.3626027901994143, 0.14996998088422422, 0.18767418375864633], [0.36076499834681003, 0.28843932934317584, 0.14302589007844377, 0.20776978223157047], [0.3922525838699426, 0.24334322781257328, 0.14608425095548813, 0.218319937361996], [0.17323428074823274, 0.2597988521639499, 0.23566185408969575, 0.3313050129981217], [0.12261566126256332, 0.5231256692510367, 0.12055093062550773, 0.23370773886089236], [0.32950018239891365, 0.37963652387853236, 0.1051639290765651, 0.18569936464598902], [0.3448809203478158, 0.22537459760568293, 0.13182927933456706, 0.2979152027119343], [0.488091848409157, 0.17875842792986138, 0.058679497607287225, 0.2744702260536945], [0.13747244845875026, 0.39750825522218874, 0.2707117220870867, 0.1943075742319743], [0.300475213107118, 0.2549424271110217, 0.11310502751639201, 0.3314773322654684], [0.3449327547011873, 0.1903462184837638, 0.14133703511230877, 0.3233839917027402], [0.25487926965353397, 0.2749435547868387, 0.12684415985756448, 0.34333301570206287], [0.4206173693538304, 0.20384039684254485, 0.11076800279314904, 0.2647742310104756], [0.20471504312911853, 0.40963440771587156, 0.08259813691755788, 0.30305241223745216], [0.342088827504935, 0.26589685548287795, 0.160548424814035, 0.23146589219815203], [0.3001788915838379, 0.2574487351856693, 0.13222624207221317, 0.3101461311582797], [0.2618593627524999, 0.3759753161672187, 0.13202217803814298, 0.23014314304213868], [0.1346519163304251, 0.17308689564308413, 0.04066885280196684, 0.6515923352245239], [0.31365809877403233, 0.327321968281043, 0.13510614209386684, 0.223913790851058], [0.31815019063783645, 0.30172852979112225, 0.14388286382873156, 0.23623841574230986], [0.29797343739711957, 0.22825627518933406, 0.16111665662671146, 0.31265363078683484], [0.22562882844866278, 0.35324886978787673, 0.13437063426899254, 0.2867516674944679], [0.3644379604036468, 0.2158209185349281, 0.264385235371668, 0.15535588568975697], [0.25868160834466203, 0.3020705703778614, 0.13762378704304065, 0.30162403423443596], [0.2332361934023621, 0.23770699719777205, 0.29821169394540087, 0.23084511545446504], [0.27282057516692226, 0.307030980172597, 0.16577095153414803, 0.2543774931263329], [0.13827103289906487, 0.4424459398930618, 0.13626210426350943, 0.28302092294436393], [0.19301422995936093, 0.3086144620124141, 0.13256611843361474, 0.36580518959461045], [0.3325758987966008, 0.2095038430734591, 0.21327899314005924, 0.24464126498988079], [0.21267490740317338, 0.322861366951447, 0.18084038741672318, 0.2836233382286566], [0.3273790255753463, 0.27308597537225376, 0.1543526720952383, 0.2451823269571617], [0.15497401802303318, 0.19687508889751212, 0.10082714727520724, 0.5473237458042475], [0.4087763183891047, 0.2837561517049758, 0.08936034736129171, 0.21810718254462783], [0.2676108372339524, 0.49425144544857375, 0.07376270541900533, 0.16437501189846848], [0.2454125390138569, 0.26315286481012024, 0.26316594514546565, 0.22826865103055713], [0.3720247429813532, 0.1283882573217264, 0.10169699251120291, 0.3978900071857177], [0.2512551577128846, 0.14257650302606117, 0.5166538338729957, 0.08951450538805847], [0.2421926314887058, 0.28448337361399534, 0.15825708601007546, 0.31506690888722344], [0.25907888151261704, 0.11695921846477006, 0.2531021954151905, 0.3708597046074224], [0.19948017797470788, 0.2026870267388486, 0.20641134640311976, 0.3914214488833238], [0.19062003834971092, 0.38014699721615175, 0.10534391282628848, 0.323889051607849], [0.23077081365592614, 0.18521568997027416, 0.2518616103182227, 0.33215188605557683], [0.27816004522225984, 0.31763264549043857, 0.17013468024874215, 0.23407262903855938], [0.24633150422594713, 0.25728469533190224, 0.08599568080596946, 0.4103881196361812]]}}